[{"mapping": [0, 1, 2, 3, 4, 5, 6, 7, 8, 9, 10, 11, 12, 13], "R": [[1.0, 0.0, 0.0], [0.0, 1.0, 0.0], [0.0, 0.0, 1.0]], "T": [0.0, 0.0, 0.0], "aligned_model": [[0.15164914756259437, 0.26986027113159194, -0.5073996498006874, -0.4005647643980244, -0.7145878762551843, -0.07524390045287893, -0.7301547243361582, -0.09461207791262866, -0.31916355951102415, 0.252210040688287, 0.7301547243361582, 0.23950708843138266, 0.5579800095007341, 0.011857372144140831], [-0.6982449661616926, -0.3844465613785993, -0.4481205856240849, -0.27006259080022493, 0.2767109994171303, 0.31351987682445426, 0.19184703561072608, 0.4263159555928321, 0.6982449661616926, -0.06847163221382517, 0.5491342770405888, 0.6507887168260759, -0.11611010461691867, 0.11416794513188022], [0.29132273830585526, -0.335291498448628, 0.3646803827076123, -0.1995353912737231, 0.5711387016493967, -0.684430349065713, -0.12089283537339485, 0.6170070852068832, 0.14549130947520422, 0.684430349065713, 0.42515238321138904, -0.07856361426431555, 0.1014719694152758, 0.11560685656827867]], "inverted": false, "swapped": false, "error_lsq": 0.0, "error_max": 0.0, "target": "0.xyz", "model": "0.xyz", "model_rescale": 3.8414455957264533, "target_rescale": 3.8414455957264533},
{"mapping": [13, 12, 9, 8, 2, 10, 6, 4, 5, 0, 1, 3, 11, 14], "R": [[-0.6736468185214971, 0.5376801976658327, -0.5070502627293436], [-0.14535826340358, -0.7690724706631537, -0.6224134559345325], [-0.7246177883244109, -0.34558289874660136, 0.5962394828738999]], "T": [-0.10886297323527441, 0.05665713809021326, 0.2149333162134719], "aligned_model": [[0.10858323953349694, 0.2757324365714333, -0.5559618668282719, -0.27897586775161165, -0.6697937587292772, -0.10858199841959118, -0.7942577693894586, -0.06563015829438601, -0.3429321056151867, 0.3127589414168116, 0.6585601760087927, 0.19791045661401788, 0.6747907776311207, -0.040710401619586306], [-0.6668338072557319, -0.21953362173238494, -0.42588741426331433, -0.49212509922659614, 0.45522464522989076, 0.2797158297786578, 0.21655068367598934, 0.4240452473584368, 0.6186140730970986, -0.06694732309932112, 0.45607941030945165, 0.7772385650205675, -0.22373792381383667, 0.10287006673112693], [0.2791594572642811, -0.3834767261582276, 0.3959388805900747, -0.3274706445255714, 0.4815891313684664, -0.4320798533014789, -0.12373348355942637, 0.6136489237946117, -0.0375321852853977, 0.7915391328389383, 0.21956469055386407, 0.20951557299589357, 0.0318191164832827, 0.17910607412052273]], "inverted": false, "swapped": false, "error_lsq": 0.04946419755392663, "error_max": 0.31734754137926136, "target": "0.xyz", "model": "1.xyz", "model_rescale": 4.316132596720782, "target_rescale": 3.8414455957264533},
{"mapping": [3, 0, 1, 8, 5, 6, 11, 4, 12, 2, 9, 13], "R": [[0.5530854968260214, -0.6288211736943017, 0.5465165731379371], [0.07804560129989024, 0.6922060238083293, 0.7174675635324577], [-0.8294608594252364, -0.3541676892619986, 0.43192583919506905]], "T": [-0.0005989227185803289, -0.05684694905261612, -0.1563902306521575], "aligned_model": [[-0.16137380738739107, 0.6815599451683294, 0.2071626566282421, -0.5366814658716904, -0.6134156986279303, -0.591144327395617, -0.3202970677028012, -0.2576920826987545, 0.43648033331249436, 0.1998572755387678, 0.5560037339964696, -0.0026509403283380625], [-0.41820839012246214, -0.31932615656153857, -0.5424625420089486, 0.5059584060276209, -0.3367556321379241, -0.06777132789975165, 0.3559585507845776, 0.48869712382548114, -0.020868330875441286, -0.14499268293285744, 0.4064970339002194, 0.10605037574200543], [0.18532551549570014, 0.09094836150313956, -0.3888912746239113, -0.07611090054656783, -0.5006401235194111, 0.3290817738437688, -0.6194739771182729, 0.5850199110710768, -0.5342619958781256, 0.5807026316037648, -0.045714995105187894, -0.15672646551655234]], "inverted": false, "swapped": true, "error_lsq": 0.050924162054794934, "error_max": 0.2585591297929612, "target": "0.xyz", "model": "2.xyz", "model_rescale": 3.795458400668931, "target_rescale": 3.8414455957264533},
{"mapping": [5, 11, 8, 9, 3, 2, 7, 1, 12, 0, 6, 13], "R": [[-0.4932874852715238, 0.8564283213555904, 0.15230885481330989], [0.8554721091192227, 0.5093516932146743, -0.09342549512019396], [-0.15759101304834996, 0.08421034971658814, -0.9839073582441616]], "T": [0.11657826120215767, -0.028406681863752645, -0.005170237527490344], "aligned_model": [[-0.08480111238897003, -0.3106638436307434, -0.6610175074556505, 0.19538656030520243, 0.1806649341234806, 0.19452347337216794, -0.38917739356270875, 0.6300157430931042, 0.4758077194527536, 0.7450106194592871, -0.3894881119790331, 0.0070427449546750925], [-0.18767274799871478, -0.5721184953545944, -0.09743081662453308, -0.1453459512703708, 0.43318044714895687, 0.667980991084656, -0.10696924942120417, -0.09477088443958695, -0.4371220700683058, 0.22473092888381888, 0.4872082347196824, -0.08590134137009486], [-0.7168456751474327, -0.09952853642977755, 0.028882970965958592, 0.7137578750313093, -0.2418779190281379, 0.31141624082396446, 0.5510973447812499, -0.2601640771176448, 0.19237908730909503, 0.3641623438961103, -0.2553389164614175, 0.10083069201582298]], "inverted": true, "swapped": true, "error_lsq": 0.05319861543624988, "error_max": 0.3489994090423048, "target": "0.xyz", "model": "3.xyz", "model_rescale": 3.7530521520055578, "target_rescale": 3.8414455957264533},
{"mapping": [1, 6, 2, 4, 0, 8, 12, 11, 10, 7, 13], "R": [[0.39840728153478616, 0.38243375113393296, -0.8336762345261444], [0.30715555989584176, -0.9120761436404361, -0.27161106425744613], [-0.8642494431847403, -0.14785646484215575, -0.48084442989312753]], "T": [-0.1899513328734654, -0.21602245834140466, -0.06835985742842463], "aligned_model": [[-0.4299648432059645, -0.07320663929873154, 0.487602187037118, 0.46506681701918606, 0.25953182762132665, -0.20853404134374837, -0.28325543938412623, -0.5997528891657983, -0.336418335205381, 0.1990893412936747, -0.14195838292235025], [-0.7406249588825972, 0.15039189755447446, -0.3698407035768023, 0.41097627272941273, -0.8203284342281771, 0.5583800289384269, -0.46574946742179446, 0.282641724097624, 0.17603482351412275, 0.3694567312396818, -0.08413455565002526], [-0.05319922727096876, -0.7291604934020917, -0.39778271713792535, -0.3703996580472718, 0.09954371763707329, -0.17099806797117925, 0.4454986567733116, 0.19708045310499414, 0.8483011647676669, 0.2095896971431205, 0.01435725164858688]], "inverted": true, "swapped": true, "error_lsq": 0.04896331468121613, "error_max": 0.22540742233444513, "target": "0.xyz", "model": "4.xyz", "model_rescale": 3.7855080009869324, "target_rescale": 3.8414455957264533},
{"mapping": [2, 1, 14, 12, 15, 6, 13, 10, 8, 3, 5, 7, 0, 16], "R": [[-0.6594950501699917, -0.09045622760811409, -0.7462465743225825], [-0.18660142320727102, 0.9813603798546028, 0.04595338625880784], [0.7281800516756153, 0.16955670360837788, -0.6640815737566881]], "T": [-0.06603586325790697, 0.08967098090720049, 0.08654194402254026], "aligned_model": [[0.11274400714285299, 0.2980803058126458, -0.4773964470795691, -0.38105423741476707, -0.7134738987430841, -0.08967883269346735, -0.7025734614490635, -0.013352253772000056, -0.4936660432776723, 0.3244499017152592, 0.6513634432627344, 0.28390716381477177, 0.6599553023245535, -0.08781284851489074], [-0.5499303408425364, -0.40498157446049166, -0.37025106356652365, -0.42163981596113653, 0.2889746735773142, 0.4494687164463041, 0.16037592825916386, 0.5844059611428031, 0.6467612910064735, -0.10516961926497082, 0.34891085905296515, 0.7442511662197607, -0.18940473385383805, 0.05350188405474717], [0.4101676456195683, -0.35599867996464474, 0.3639434249448318, -0.23344236177945962, 0.5560311717807578, -0.45757538483601123, -0.25211471896283244, 0.6189196395518507, 0.13228786726581246, 0.6268886968369803, 0.35716375615522, -0.015605648583910378, 0.027149551855281923, 0.11977312729638895]], "inverted": false, "swapped": false, "error_lsq": 0.04137463882473065, "error_max": 0.2648653036148319, "target": "0.xyz", "model": "5.xyz", "model_rescale": 4.2253639853439635, "target_rescale": 3.8414455957264533},
{"mapping": [8, 9, 10, 1, 2, 0, 4, 6, 3, 11, 12, 7, 9, 13], "R": [[-0.6936896430480217, -0.6335416986176615, -0.3426654275536948], [-0.5431650011548766, 0.7725699604120286, -0.32879695526172315], [0.4730395973365562, -0.04195917517784217, -0.880041457529169]], "T": [-0.08942882004710159, 0.038576130592873195, 0.18764725696538687], "aligned_model": [[0.1245115646863573, 0.3210388395381847, -0.6208027137661131, -0.3687581556030496, -0.6528016034139987, 0.10283201241757553, -0.6987495296483144, -0.06278443243388812, -0.359631566746886, 0.41845717611759103, 0.7527118747694808, 0.2112276408592392, 0.3210388395381847, -0.11679784518605991], [-0.65640801722181, -0.23909597572168806, -0.4918895926823524, -0.3866862965110663, 0.1800454373092158, 0.33486642763559354, 0.16312472102189873, 0.5285090072913484, 0.6908796191382268, 0.06506664924645329, 0.4318236469704088, 0.761107274090412, -0.23909597572168806, 0.09302640696508213], [0.31838142107366096, -0.1687386704992026, 0.3992137379899756, -0.34134496637046297, 0.5234584453672405, -0.5322905747290765, -0.15017996763284353, 0.6035484724742896, 0.12056441858032851, 0.776632703419245, 0.2742452099768489, 0.05747177840538767, -0.1687386704992026, 0.18536474962364502]], "inverted": true, "swapped": false, "error_lsq": 0.04955933265340906, "error_max": 0.3798426416789097, "target": "0.xyz", "model": "6.xyz", "model_rescale": 3.89814844738969, "target_rescale": 3.8414455957264533},
{"mapping": [12, 10, 11, 0, 5, 7, 9, 1, 2, 4, 8, 6, 13], "R": [[-0.24629234186011228, -0.33541842554792145, 0.9093044386474834], [0.3290531712901815, -0.911416487087877, -0.2470708350418316], [0.9116271676540447, 0.23835785463740658, 0.3348453976504932]], "T": [0.04667528704397585, -0.07702693640629868, 0.03503820483514197], "aligned_model": [[0.05288710962661608, 0.02410360948463154, 0.3953888186747234, -0.41507997547891307, 0.7556591884036831, -0.3946799978380365, -0.5365295128166286, 0.2890713926511616, -0.5602067529337743, -0.5558472232006292, 0.06997608024187517, 0.04112119250329191, -0.01723212841377887], [-0.3413859274976274, 0.2882461240783174, 0.41789128494473726, -0.6913421913012059, 0.06437671455389388, 0.49510131427792714, -0.05332084675186491, -0.5990569993762036, -0.22838807579017614, 0.551421153409546, 0.7003334785203181, 0.308216248637294, 0.05168898776552955], [-0.4799331973446124, -0.9038414654623802, -0.3121169015303257, -0.0343251840414813, 0.25808101585915655, -0.18692859392357847, -0.4077409212503981, -0.007067077079112236, 0.48229902409674746, 0.42927652066255617, 0.11084710908897474, 0.6954192498379149, -0.04169454807716602]], "inverted": true, "swapped": true, "error_lsq": 0.042376048682041624, "error_max": 0.2480687285698697, "target": "0.xyz", "model": "7.xyz", "model_rescale": 3.7474275329858107, "target_rescale": 3.8414455957264533},
{"mapping": [10, 1, 6, 0, 5, 2, 3, 9, 8, 11, 13, 4, 12, 14], "R": [[-0.535423277231588, -0.8354699626657894, -0.12374108324162442], [-0.7817530500826443, 0.5456961482889232, -0.30179112384083845], [0.3196624514782254, -0.06485102332159547, -0.9453096116559238]], "T": [-7.852665914439422e-05, 0.042379280105281615, 0.16408031785943267], "aligned_model": [[0.028673841261803973, 0.17580858351280945, -0.6625604012364508, -0.25212784046568926, -0.6396691958603843, -0.07577872350801801, -0.6484136602263808, -0.14835655746153018, -0.29912095825716406, 0.26992621825803625, 0.8041200519025858, 0.21668667747394235, 0.5704684627859615, 0.03183560294878142], [-0.6304753500008186, -0.17184304694275765, -0.42030120217624817, -0.46627456202412204, 0.2049837240604938, 0.46231121866306063, 0.0706149666967717, 0.4273671719774052, 0.6539350447198858, 0.01234950238428454, 0.44270851575825887, 0.762080462659137, -0.18678414025215614, 0.07460102628683993], [0.512940329571844, -0.5344712830401248, 0.28232851264486564, -0.1705174255932198, 0.44247757843973, -0.5615340032685298, -0.14087678989454833, 0.8045007959686383, 0.12184897017652008, 0.723254356743663, 0.13071899274540177, -0.05333380300958776, 0.21509873026673917, 0.12515312542844245]], "inverted": true, "swapped": false, "error_lsq": 0.05192006469717763, "error_max": 0.3216960269692943, "target": "0.xyz", "model": "8.xyz", "model_rescale": 4.019505241142653, "target_rescale": 3.8414455957264533},
{"mapping": [7, 9, 12, 11, 8, 5, 1, 4, 6, 2, 0, 3, 13], "R": [[-0.10489347744591265, 0.30800282231903336, -0.9455853318621296], [0.4068173379633259, -0.8543446278954205, -0.32341136392939007], [-0.9074673613534191, -0.41860425013339897, -0.03568570930383541]], "T": [0.10447436637903577, 0.05219287649446398, -0.05511329650758914], "aligned_model": [[-0.33772777566473283, -0.5902575765639982, -0.08576674295881621, 0.35408499778274705, 0.21543951410485512, 0.8561192664269953, 0.2748038810111868, -0.2754026362911225, 0.3544667547661663, -0.3251615457161941, -0.4019645684882988, 0.2519886964655911, 0.02907850686679679], [-0.5500648066088246, -0.008057887706003228, 0.34556967469094796, -0.38096096583740124, -0.721243771793221, -0.024919116583149367, 0.5988636488721527, -0.6596331633894271, -0.3696520922356024, 0.1106815366865504, 0.6162111306664066, 0.18449472204986356, -0.07791068069823352], [-0.16973193020399244, -0.2797475428550309, -0.5164788593441415, -0.5420774865736173, -0.06296305436365754, -0.0936482831702104, -0.12710660519755576, 0.4571379879189449, 0.5314844466633853, 0.579906628437084, 0.0891623036190439, 0.4285560635716724, -0.11779017445804571]], "inverted": false, "swapped": true, "error_lsq": 0.04981071123838062, "error_max": 0.3159605546042041, "target": "0.xyz", "model": "9.xyz", "model_rescale": 3.877068213659057, "target_rescale": 3.8414455957264533},
{"mapping": [7, 8, 2, 9, 13, 11, 14, 3, 6, 4, 5, 12, 1, 15], "R": [[0.14529055927392379, -0.36418812647782517, -0.9199226390944197], [0.9892048534869363, 0.03553101183792315, 0.14216646944924125], [-0.01908955797704881, -0.9306473852809907, 0.36541898287567925]], "T": [-0.08642301123631527, 0.14534868450509308, 0.10778705148731432], "aligned_model": [[0.23255737642189442, 0.14210946348101752, -0.4298087055603276, -0.45560193339323085, -0.7036298733954117, 0.05018545621661841, -0.8513599446030771, 0.06648795095236607, -0.3322856552634669, 0.08930855654436212, 0.6108103311908235, 0.24621808056029112, 0.7201387807329725, -0.013637782756527758], [-0.5771944183154556, -0.41732547431932054, -0.38952673848101194, -0.24522848055460944, 0.22012199033877233, 0.28527076434341314, 0.07937383700243116, 0.500116965775804, 0.7067606602226758, -0.12007143133929088, 0.40794486442501393, 0.7716219078359569, -0.14949100645750474, 0.16289989133316046], [0.3138684583941003, -0.36812642258009215, 0.2984435613907429, -0.27536005533803654, 0.5672466666898872, -0.6038415134660493, -0.033776906168015014, 0.6112938011689668, 0.17614441332717978, 0.7050820020230355, 0.34422806895652247, -0.1274298048403339, 0.23202167859185985, 0.0577941390300654]], "inverted": false, "swapped": false, "error_lsq": 0.03883104689659772, "error_max": 0.21083874943029554, "target": "0.xyz", "model": "10.xyz", "model_rescale": 4.260839863003843, "target_rescale": 3.8414455957264533},
{"mapping": [1, 0, 9, 12, 7, 11, 5, 3, 2, 4, 6, 13], "R": [[0.44780158226149525, 0.6516939541537834, 0.6121835778943336], [0.31616762052707603, -0.7558446443287591, 0.5733558313733089], [0.8363682075822514, -0.06319702333921934, -0.5445129544709786]], "T": [0.024821128452933328, 0.05119867123376297, -0.1729166038659552], "aligned_model": [[0.35977872095416835, 0.23361142693363163, -0.46249339799524225, -0.2114944227693983, -0.5883605691839888, -0.4584502424238968, 0.2731934778082391, 0.5023451111626791, 0.3208216293818577, -0.1851579091127605, 0.30076862457721065, -0.1256638002383694], [-0.1324629471679103, -0.6915441878281954, -0.472718025506654, -0.2711572867840918, 0.049575968305245785, 0.5124143575598281, 0.7043828077931978, 0.08812369692271994, -0.3361791575027732, 0.15881304154949538, 0.4963711195730347, 0.06745911861903692], [-0.605485597871335, -0.18524912807777452, -0.01550307537038148, -0.5916783554079059, 0.26912418044447095, -0.37488371411137716, -0.46285266623907384, 0.03638627287639773, 0.42170963728296706, 0.7532217106938158, 0.3840580408083005, -0.11266922763259976]], "inverted": true, "swapped": true, "error_lsq": 0.04747664434841817, "error_max": 0.25108927630106903, "target": "0.xyz", "model": "11.xyz", "model_rescale": 3.890672605050136, "target_rescale": 3.8414455957264533},
{"mapping": [2, 1, 10, 11, 12, 6, 9, 7, 5, 4, 3, 8, 0, 13], "R": [[-0.6968768305500962, 0.44676483885919355, 0.5610381999486055], [0.3153814492439956, 0.8934740360122398, -0.319747851352837], [-0.6441251621503462, -0.04588382864493454, -0.7635426967456848]], "T": [-0.05299035838341622, 0.0802167452365058, 0.0062106698948668215], "aligned_model": [[-0.038494515012612286, 0.4702849726286413, -0.5412401447225085, -0.33301703504949287, -0.5123660764192067, -0.0359249334307976, -0.7710579091797122, -0.06908468689988835, -0.48242374836434015, 0.23338899527172757, 0.665006232777855, 0.30322519519819685, 0.5357944666799015, -0.052598712349459925], [-0.5939585372037361, -0.32773304518604396, -0.44623736757584254, -0.36638754498798065, 0.19837181581432975, 0.1617201309811835, 0.25075522911470227, 0.634121851325509, 0.7126677440775817, -0.23495655269557209, 0.39798512345982023, 0.693534930696177, 0.03684460667004606, 0.11854494731986093], [0.23169169512376991, -0.40006286707087957, 0.5391259705622017, -0.15156078571002826, 0.580793540959541, -0.5639860622291416, -0.2410059032375517, 0.6542031670077079, 0.14961527048172604, 0.5627263497241249, 0.4925925249060855, -0.1208417941077419, -0.00586522007423354, 0.1701622008442533]], "inverted": true, "swapped": false, "error_lsq": 0.04783760635319917, "error_max": 0.2249136122899205, "target": "0.xyz", "model": "12.xyz", "model_rescale": 4.124412569039231, "target_rescale": 3.8414455957264533},
{"mapping": [1, 5, 6, 12, 3, 0, 11, 9, 8, 7, 2, 4, 13], "R": [[-0.878905183329348, -0.4474793335677836, 0.16519057099767503], [-0.47639656107640505, 0.8408443394377869, -0.25695741559645097], [-0.023916423465491013, -0.3045374244081743, -0.9522000639694661]], "T": [0.018227941372590345, 0.03858771600021524, 0.11770862479688383], "aligned_model": [[-0.10230875270090234, -0.16899491021742044, 0.5541467730771494, -0.40346449636933135, 0.45817245199523593, 0.24551668114279326, -0.49646854969260124, -0.059739690154406805, 0.010326048518988957, 0.012539160072502636, 0.724950585266102, 0.6168072043918643, -0.02418419782021683], [-0.32707686717671736, 0.513924518798719, 0.578808720200525, -0.35093654091041104, 0.05360688994126449, -0.695630281666315, 0.4918868747125439, -0.31500771806338823, 0.7403663946356681, 0.28358139660686826, -0.1901958222101957, 0.46492747563220205, 0.09923033600771422], [0.5475974841720078, 0.6757442761574387, 0.19186087785019915, 0.04310199504385233, 0.3995304794938924, 0.04932591311585534, -0.011400769280988002, -0.5191857849820598, -0.22583668214924263, -0.5973719417867663, -0.08093538508459734, -0.4933081522651893, -0.027424229316563756]], "inverted": false, "swapped": true, "error_lsq": 0.052896946915223626, "error_max": 0.32865333346637415, "target": "0.xyz", "model": "13.xyz", "model_rescale": 3.9028299243045295, "target_rescale": 3.8414455957264533},
{"mapping": [0, 4, 8, 5, 12, 10, 13, 1, 11, 2, 6, 9, 3, 15], "R": [[-0.926169278231187, -0.35550441288493306, -0.12580572514818705], [-0.37710742468497305, 0.8725109522339867, 0.3106680358183139], [-0.0006769846301731691, 0.33517346352460675, -0.9421561924865376]], "T": [-0.022845499589855798, 0.0991611785018426, 0.12089116307372903], "aligned_model": [[0.23872668185348686, 0.16903956395317568, -0.42848539128963936, -0.3796247440994687, -0.6589658307779376, -0.09331779970235679, -0.7308083768506074, 0.04278009792802466, -0.2673618036090355, 0.10636964622283604, 0.5109317535758248, 0.2696936678557833, 0.5567042353751012, 0.03581040069311622], [-0.6795004818837619, -0.34693935013869937, -0.47390025804379543, -0.20921627259188968, 0.22385039106080679, 0.20451000594747187, 0.1626646673677306, 0.4937206708079663, 0.7727185763743007, -0.17725037688711542, 0.43882970899306784, 0.7755653368503757, -0.13062020878878372, 0.18084092274236035], [0.232615922125755, -0.3519065892669777, 0.442704816860608, -0.07839193204282936, 0.37395995506807345, -0.6134710646597369, -0.2360503210910736, 0.6329603417247792, 0.30086031925891854, 0.7910029953046233, 0.3309278161752043, -0.11940803905288437, 0.1243644892885133, 0.06741937748686064]], "inverted": false, "swapped": false, "error_lsq": 0.04084465578091239, "error_max": 0.26287654454951415, "target": "0.xyz", "model": "14.xyz", "model_rescale": 3.942246331269136, "target_rescale": 3.8414455957264533},
{"mapping": [1, 5, 12, 3, 13, 10, 4, 8, 11, 0, 7, 6, 2, 14], "R": [[0.23844187468626477, -0.634521957880164, 0.7352056565098116], [-0.10038064271158254, -0.7690890787733166, -0.6312097238481209], [0.9659550708831696, 0.07670641354889957, -0.24707676369006454]], "T": [-0.05553795412578061, 0.1363146404320241, 0.04198854202604746], "aligned_model": [[-0.02730077767530975, 0.26606073525755186, -0.5009599178007407, -0.3692011410098894, -0.7982576238249222, -0.17197170701673486, -0.5496627625384451, 0.06536587042781192, -0.4203676814812937, 0.39191351896685805, 0.7021737421578509, 0.155187197386368, 0.640987278475635, -0.012474630196436395], [-0.6498269788072831, -0.3484164867494204, -0.36150743887701187, -0.4638502581345064, 0.1867280102487847, 0.4806251900449898, 0.15915110998133802, 0.5382991299591717, 0.7452892974084393, -0.06738660901460716, 0.447853776322756, 0.6527628281267889, -0.1619462934708881, 0.07749805477148324], [0.23647620782139717, -0.21176246884374855, 0.512996726446572, -0.19877156725906106, 0.3687236501657037, -0.5719283437623364, -0.27262732898537406, 0.6920898123491441, 0.14278617024571078, 0.5888070339128584, 0.28652046274904175, 0.08279992873853181, 0.1344057173583041, 0.10707208624309007]], "inverted": true, "swapped": false, "error_lsq": 0.047653886238146655, "error_max": 0.23805404507807332, "target": "0.xyz", "model": "15.xyz", "model_rescale": 4.355366556412066, "target_rescale": 3.8414455957264533},
{"mapping": [3, 0, 1, 8, 5, 6, 11, 4, 12, 2, 9, 13], "R": [[0.5530854968260214, -0.6288211736943017, 0.5465165731379371], [0.07804560129989024, 0.6922060238083293, 0.7174675635324577], [-0.8294608594252364, -0.3541676892619986, 0.43192583919506905]], "T": [-0.0005989227185803289, -0.05684694905261612, -0.1563902306521575], "aligned_model": [[-0.16137380738739107, 0.6815599451683294, 0.2071626566282421, -0.5366814658716904, -0.6134156986279303, -0.591144327395617, -0.3202970677028012, -0.2576920826987545, 0.43648033331249436, 0.1998572755387678, 0.5560037339964696, -0.0026509403283380625], [-0.41820839012246214, -0.31932615656153857, -0.5424625420089486, 0.5059584060276209, -0.3367556321379241, -0.06777132789975165, 0.3559585507845776, 0.48869712382548114, -0.020868330875441286, -0.14499268293285744, 0.4064970339002194, 0.10605037574200543], [0.18532551549570014, 0.09094836150313956, -0.3888912746239113, -0.07611090054656783, -0.5006401235194111, 0.3290817738437688, -0.6194739771182729, 0.5850199110710768, -0.5342619958781256, 0.5807026316037648, -0.045714995105187894, -0.15672646551655234]], "inverted": false, "swapped": true, "error_lsq": 0.050924162054794934, "error_max": 0.2585591297929612, "target": "0.xyz", "model": "16.xyz", "model_rescale": 3.795458400668931, "target_rescale": 3.8414455957264533},
{"mapping": [12, 10, 11, 0, 5, 7, 9, 1, 2, 4, 8, 6, 13], "R": [[-0.24629234186011228, -0.33541842554792145, 0.9093044386474834], [0.3290531712901815, -0.911416487087877, -0.2470708350418316], [0.9116271676540447, 0.23835785463740658, 0.3348453976504932]], "T": [0.04667528704397585, -0.07702693640629868, 0.03503820483514197], "aligned_model": [[0.05288710962661608, 0.02410360948463154, 0.3953888186747234, -0.41507997547891307, 0.7556591884036831, -0.3946799978380365, -0.5365295128166286, 0.2890713926511616, -0.5602067529337743, -0.5558472232006292, 0.06997608024187517, 0.04112119250329191, -0.01723212841377887], [-0.3413859274976274, 0.2882461240783174, 0.41789128494473726, -0.6913421913012059, 0.06437671455389388, 0.49510131427792714, -0.05332084675186491, -0.5990569993762036, -0.22838807579017614, 0.551421153409546, 0.7003334785203181, 0.308216248637294, 0.05168898776552955], [-0.4799331973446124, -0.9038414654623802, -0.3121169015303257, -0.0343251840414813, 0.25808101585915655, -0.18692859392357847, -0.4077409212503981, -0.007067077079112236, 0.48229902409674746, 0.42927652066255617, 0.11084710908897474, 0.6954192498379149, -0.04169454807716602]], "inverted": true, "swapped": true, "error_lsq": 0.042376048682041624, "error_max": 0.2480687285698697, "target": "0.xyz", "model": "17.xyz", "model_rescale": 3.7474275329858107, "target_rescale": 3.8414455957264533},
{"mapping": [5, 4, 10, 8, 11, 0, 3, 11, 1, 12, 7, 2, 9, 13], "R": [[0.6775711921138987, 0.19150819197301916, 0.7100858342655312], [0.45200975357603146, 0.6531918669920258, -0.6074763926010682], [-0.5801589974218151, 0.73257422647995, 0.35602042133537437]], "T": [-0.0020365783881023045, 0.09742272267476638, 0.10477607646042128], "aligned_model": [[0.09775997659429533, 0.24407477699497934, -0.4202423187033652, -0.4373237658222129, -0.3770712592836174, -0.08413381486331209, -0.6733899711557852, -0.3770712592836174, -0.28863709607447124, 0.3185818682004095, 0.31801789239894557, 0.3741990843210929, 0.6381903943499903, 0.038537593454972395], [-0.60587238908776, -0.45152841464009386, -0.338213340276355, -0.31473337083150665, 0.35900458525484924, 0.2988789407084309, 0.19128233390743377, 0.35900458525484924, 0.7193532949786392, -0.1814733455756466, 0.5473082401461723, 0.6000390019200335, -0.09357452661001596, 0.14579773666100454], [0.24129189992010108, -0.467332017882623, 0.43908813111485057, -0.292095275818941, 0.6639366787034514, -0.7025762795524755, 0.07215435504955814, 0.6639366787034514, 0.006893885509466083, 0.7201277792573912, 0.6172089393166253, -0.22636788883730088, 0.1415679233879599, 0.019753278308319494]], "inverted": false, "swapped": false, "error_lsq": 0.05707095231475346, "error_max": 0.4546931090229825, "target": "0.xyz", "model": "18.xyz", "model_rescale": 3.922800546911778, "target_rescale": 3.8414455957264533},
{"mapping": [7, 13, 3, 12, 0, 8, 5, 2, 1, 9, 10, 6, 11, 14], "R": [[0.7601761389569477, -0.5734981053563825, 0.3053394191930458], [-0.1630125374836131, -0.623277448045749, -0.7648216363183848], [0.6289349333465748, 0.5316250049708138, -0.5672880253505457]], "T": [-0.027225020718567063, 0.14051354346351327, 0.03691206574741164], "aligned_model": [[0.10044025605110607, 0.2945264041812838, -0.3869117003538763, -0.435014729857871, -0.7315586855506945, -0.11538048049349153, -0.7534008539331013, 0.014661894623952225, -0.31562853364823, 0.2397368018309051, 0.6281149332242589, 0.2504676235198343, 0.5945316747832056, -0.01309250324897758], [-0.6115144113504586, -0.2815914970608554, -0.23589445082311258, -0.48161762970275757, 0.20769513681151971, 0.315883000621396, 0.1598340261690815, 0.38268613052884926, 0.8120448095236209, -0.07226787216636901, 0.43847283473887644, 0.7398084660077956, -0.19388847122815858, 0.05562325974060697], [0.27432847491976087, -0.3991121333046843, 0.4085190596470837, -0.2185764879323066, 0.48170792653778055, -0.5426263906380467, -0.19724407529722437, 0.709761890882974, 0.1546074198162285, 0.7759645945832114, 0.400712083301292, -0.16183441362175516, 0.13092013421853488, 0.08046000406698467]], "inverted": false, "swapped": false, "error_lsq": 0.03721566124794847, "error_max": 0.24794980913535936, "target": "0.xyz", "model": "19.xyz", "model_rescale": 3.9282355846067225, "target_rescale": 3.8414455957264533},
{"mapping": [11, 8, 0, 4, 1, 6, 3, 2, 5, 10, 12, 7, 9, 13], "R": [[-0.5137069597173685, -0.47386549779888487, -0.7152318851489725], [-0.8366041713057307, 0.091798474164692, 0.5400615712072891], [-0.19025934955157808, 0.8757993663715733, -0.4435953671662509]], "T": [0.0011990757743990318, 0.12238384316746483, 0.03643060862030732], "aligned_model": [[0.07975630488445484, 0.3023049892237207, -0.49291677010604934, -0.25210008908501214, -0.5853795365644716, -0.17600071204345216, -0.7341090361284152, -0.14801473043174262, -0.4561757801848826, 0.19580185792135313, 0.7829626180277123, 0.33401582729463614, 0.6089117075326319, -0.08756454921217954], [-0.5392711881737257, -0.2676217402045041, -0.38837132474415653, -0.3948989452346526, 0.22216740516770606, 0.43475234257203926, 0.03983715816568224, 0.670892605222937, 0.6464881365063394, 0.028568123215299848, 0.23542477859901317, 0.6489878256815321, -0.20791609609897033, 0.10623425113549477], [0.29987804660631767, -0.5430971758324533, 0.40409305910751575, -0.22361918438916073, 0.49191888356024627, -0.509344262397136, -0.10091237265901358, 0.6327439392995124, -0.025319558088594693, 0.8704346355062614, 0.35085366150905145, 0.04079316377335091, 0.039913791052552924, 0.16925146013138342]], "inverted": true, "swapped": false, "error_lsq": 0.05322224479170519, "error_max": 0.32668428657528786, "target": "0.xyz", "model": "20.xyz", "model_rescale": 4.067790424073018, "target_rescale": 3.8414455957264533},
{"mapping": [1, 5, 10, 13, 12, 6, 11, 12, 3, 7, 0, 2, 8, 14], "R": [[0.40143506846378163, -0.3410844033465919, 0.8500066562099254], [-0.14987591115400933, 0.8910947453831054, 0.4283542529336836], [-0.903541419672189, -0.29935194093962064, 0.3065963443885909]], "T": [0.03408745980146224, 0.07649524204750399, 0.04906716077393336], "aligned_model": [[0.15153496712948472, 0.24709593942565108, -0.5569571047695714, -0.39065142283609117, -0.44010339995782866, -0.10940395698926486, -0.5936861383611469, -0.44010339995782866, -0.2900725673043253, 0.4463050449520892, 0.44117840319260404, 0.3713631372944913, 0.5593306699688203, -0.024338070658780082], [-0.6740900586463788, -0.3466913779601619, -0.4169849209103379, -0.4214130639053777, 0.3335624589934181, 0.3848232346518179, 0.21206687929444695, 0.3335624589934181, 0.8624466084920177, -0.14197776189800906, 0.5071548164112835, 0.7031793850068442, -0.14198200959346635, 0.04161668288052022], [0.35912020572515857, -0.30307853792557493, 0.32912157157977595, -0.19954439470193733, 0.5931933790267523, -0.6081245654212126, -0.025450586127742425, 0.5931933790267523, 0.07982009659471112, 0.6313129561631277, 0.4405608699681902, -0.16826676173672206, 0.08850264496710798, 0.08722783004144696]], "inverted": true, "swapped": false, "error_lsq": 0.049671789708065135, "error_max": 0.3585171646406783, "target": "0.xyz", "model": "21.xyz", "model_rescale": 4.186013935880536, "target_rescale": 3.8414455957264533},
{"mapping": [8, 6, 4, 10, 12, 7, 11, 5, 2, 3, 1, 9, 13], "R": [[0.05562946682632969, 0.1247433288196001, 0.9906283179556417], [-0.5518465623823452, -0.8230075343162297, 0.13462529496906855], [0.8320881768222688, -0.5541639652428922, 0.023055706861162817]], "T": [-0.133110130277761, 0.03565275814855671, 0.13742243073743998], "aligned_model": [[0.08036418366937101, -0.26955647660588733, 0.42744174968820614, 0.3971768156803035, -0.016032954427490267, 0.526031412687395, -0.11643226880325055, -0.7762024807084545, 0.14402615828568502, -0.3867472501468122, -0.49820434422970794, 0.5503948859346713, -0.003685395600803859], [-0.3432919861934901, 0.2644193434150426, 0.2791501000094096, -0.7619859988426458, -0.16304640724889818, -0.17993237450365077, -0.6426990722085275, -0.27299501245945895, 0.73356133298734, 0.45210408245165307, 0.15799499487830662, 0.04496582102407625, -0.04928816376306363], [-0.5117375877811394, -0.5792326663817182, -0.5973529505760602, 0.450467304411525, 0.6683945435069202, -0.1633265665880918, -0.025741548225784422, -0.11470857282583746, -0.028038574147338374, -0.050824247077766865, 0.5672860201163774, 0.40100796037923564, 0.0866864465250243]], "inverted": false, "swapped": true, "error_lsq": 0.05239319770118338, "error_max": 0.27221438159310357, "target": "0.xyz", "model": "22.xyz", "model_rescale": 4.166573947596378, "target_rescale": 3.8414455957264533},
{"mapping": [13, 10, 5, 7, 1, 8, 0, 2, 4, 6, 11, 3, 12, 15], "R": [[0.8889539586688789, -0.041426451350147546, 0.4561191823366599], [0.25371515985312076, -0.7845827391775415, -0.5657371678132624], [0.38129972072850343, 0.61863864615234, -0.6869474131686977]], "T": [0.11129914615700512, 0.11541195470140733, 0.08010366691861909], "aligned_model": [[0.05763726079492573, 0.11346193258159423, -0.4109854801792293, -0.3729139405550147, -0.45480497219577665, -0.16345516975672084, -0.6969335990285433, -0.025683243604014833, -0.36453965202500804, 0.02679510476441993, 0.7626918799445148, 0.22735855176190667, 0.6160900882137852, 0.05677334041146495], [-0.7294950149383412, -0.48538166192780985, -0.48077043182771784, -0.30436754207755223, 0.164180811242808, 0.4225729704712696, 0.1507148196859678, 0.5585799671758993, 0.6651223788428514, -0.009272938746217901, 0.5205954325264709, 0.7018143798062233, -0.04013830170196642, 0.10111846327814938], [0.07199480699206795, -0.3670915764332589, 0.33079732915722176, -0.237248674164659, 0.5105067183515817, -0.6157708307454304, -0.03066320616051435, 0.5675943609876035, -0.02595952697787296, 0.8260395732142864, 0.2634262871617976, 0.01615789131231271, 0.4678814096779092, 0.1199235248067878]], "inverted": false, "swapped": false, "error_lsq": 0.05271089884705097, "error_max": 0.37868769982633665, "target": "0.xyz", "model": "23.xyz", "model_rescale": 4.274766983524099, "target_rescale": 3.8414455957264533},
{"mapping": [7, 11, 10, 9, 12, 0, 2, 3, 6, 5, 13], "R": [[-0.7750894208697472, 0.5715567041282408, -0.26936837903113814], [0.589334662961519, 0.5002072030186773, -0.6344110726337182], [-0.22786189828014944, -0.6504734337498301, -0.7245434888934359]], "T": [-0.04320551039099763, 0.13411003982262143, 0.17530960769529794], "aligned_model": [[0.10758885438860022, 0.16428028664068786, -0.4098019436197343, -0.4621901588875795, -0.569386761441139, -0.6383068856765525, -0.004285098203193997, 0.16666044146773024, 0.6649458585114746, 0.3786735219990295, -0.018283411221248047], [-0.09983795222548411, 0.6506306996553166, 0.5693750695332694, -0.18571403638248613, 0.3404929490293659, -0.31060339334699616, -0.620428579291586, -0.11045645217595532, -0.12353642610055643, 0.6808012936802836, 0.1248633588683115], [-0.5274875743158753, -0.24566294822658666, -0.6563034836498195, -0.3335200262372904, 0.05017290722627196, 0.38386835259073504, 0.3181903943324821, 0.5868236646115503, 0.3044847659359785, 0.48441802787629085, 0.014582353877839876]], "inverted": false, "swapped": true, "error_lsq": 0.04642510432289862, "error_max": 0.2656619961501176, "target": "0.xyz", "model": "24.xyz", "model_rescale": 3.7841303162186577, "target_rescale": 3.8414455957264533},
{"mapping": [2, 9, 5, 12, 3, 14, 13, 6, 11, 4, 0, 7, 8, 15], "R": [[-0.22190561659458014, -0.013893955100543587, -0.9749691560944087], [0.8722061691117884, 0.44417832534047885, -0.20484631766538064], [0.43590629255278884, -0.8958306610679228, -0.08644727181057069]], "T": [0.10252182822345773, 0.15842269524456043, 0.08938680666672319], "aligned_model": [[0.17047189788059286, 0.15676104752799963, -0.4096991012126778, -0.4117467447122208, -0.5876370571714047, -0.1913829728759407, -0.6273951975163745, -0.126790201179422, -0.33838443741712915, 0.002208053385468506, 0.7558027918983894, 0.3151552422109378, 0.5961132701941569, 0.06801551011592766], [-0.5871697748119283, -0.21224129196721048, -0.490199569995334, -0.3300247294060644, 0.1402531681953995, 0.040226682184544005, 0.2661127824916675, 0.5032482236043331, 0.7854286164993718, -0.14806697696596727, 0.4625131374343867, 0.7719147429665534, -0.1531929110604609, 0.18647123264074322], [0.18031361545201036, -0.35984256036044426, 0.3830832859209572, -0.1791627319123044, 0.5045403551647241, -0.6379017417774283, -0.17065930061978915, 0.6814491348092636, 0.045880384233208824, 0.762220790844389, 0.23799008664513324, 0.1243167184639779, 0.18277302598896988, 0.14258702432716566]], "inverted": false, "swapped": false, "error_lsq": 0.04839790078748863, "error_max": 0.3005700678310541, "target": "0.xyz", "model": "25.xyz", "model_rescale": 4.19342608120988, "target_rescale": 3.8414455957264533},
{"mapping": [3, 0, 1, 8, 5, 6, 11, 4, 12, 2, 9, 13], "R": [[0.5530854968260214, -0.6288211736943017, 0.5465165731379371], [0.07804560129989024, 0.6922060238083293, 0.7174675635324577], [-0.8294608594252364, -0.3541676892619986, 0.43192583919506905]], "T": [-0.0005989227185803289, -0.05684694905261612, -0.1563902306521575], "aligned_model": [[-0.16137380738739107, 0.6815599451683294, 0.2071626566282421, -0.5366814658716904, -0.6134156986279303, -0.591144327395617, -0.3202970677028012, -0.2576920826987545, 0.43648033331249436, 0.1998572755387678, 0.5560037339964696, -0.0026509403283380625], [-0.41820839012246214, -0.31932615656153857, -0.5424625420089486, 0.5059584060276209, -0.3367556321379241, -0.06777132789975165, 0.3559585507845776, 0.48869712382548114, -0.020868330875441286, -0.14499268293285744, 0.4064970339002194, 0.10605037574200543], [0.18532551549570014, 0.09094836150313956, -0.3888912746239113, -0.07611090054656783, -0.5006401235194111, 0.3290817738437688, -0.6194739771182729, 0.5850199110710768, -0.5342619958781256, 0.5807026316037648, -0.045714995105187894, -0.15672646551655234]], "inverted": false, "swapped": true, "error_lsq": 0.050924162054794934, "error_max": 0.2585591297929612, "target": "0.xyz", "model": "26.xyz", "model_rescale": 3.795458400668931, "target_rescale": 3.8414455957264533},
{"mapping": [11, 7, 10, 12, 0, 6, 8, 5, 4, 9, 3, 2, 13], "R": [[-0.48589229405194134, -0.18906393178231806, -0.8533249722584901], [0.1455947595502981, 0.9451734304579992, -0.2923172118568267], [0.8618067327263306, -0.26627432481422053, -0.4317257687146997]], "T": [-0.23657045907752583, -0.01005454780762529, -0.22133573475201646], "aligned_model": [[-0.06419543083781643, 0.32456678595385835, 0.5848207260462569, 0.09918406036168353, -0.0463052779439454, -0.6582365336359908, -0.1354852669145994, -0.79789709850702, -0.04410021531492325, 0.457072448802909, -0.6525294188345039, -0.25664460129382904, -0.11057379506082277], [-0.6829992254193858, -0.21886024843645563, -0.5111090184697507, 0.048112675947947076, 0.7129873715961312, -0.12041562362459315, -0.5810189821352866, -0.49550085905758445, -0.0006005095015643933, 0.2180133308198761, 0.2451939388903546, 0.5939742060661449, -0.08589555341891844], [-0.2883741666895531, 0.24009644238668348, -0.5208183938027042, -0.6893157393786251, -0.4121811649141355, 0.40680791020400003, 0.3024586240196088, -0.36849395980993166, 0.7147572376800773, -0.1614380649329627, -0.03418162810720818, 0.2540636118164068, -0.15124404637223016]], "inverted": true, "swapped": true, "error_lsq": 0.04849882326588636, "error_max": 0.2537948717400157, "target": "0.xyz", "model": "27.xyz", "model_rescale": 3.6321398670334006, "target_rescale": 3.8414455957264533},
