[{"mapping": [13, 12, 9, 8, 2, 10, 6, 4, 5, 0, 1, 3, 11, 14], "R": [[-0.6736468185214971, 0.5376801976658327, -0.5070502627293436], [-0.14535826340358, -0.7690724706631537, -0.6224134559345325], [-0.7246177883244109, -0.34558289874660136, 0.5962394828738999]], "T": [-0.10886297323527441, 0.05665713809021326, 0.2149333162134719], "aligned_model": [[0.10858323953349694, 0.2757324365714333, -0.5559618668282719, -0.27897586775161165, -0.6697937587292772, -0.10858199841959118, -0.7942577693894586, -0.06563015829438601, -0.3429321056151867, 0.3127589414168116, 0.6585601760087927, 0.19791045661401788, 0.6747907776311207, -0.040710401619586306], [-0.6668338072557319, -0.21953362173238494, -0.42588741426331433, -0.49212509922659614, 0.45522464522989076, 0.2797158297786578, 0.21655068367598934, 0.4240452473584368, 0.6186140730970986, -0.06694732309932112, 0.45607941030945165, 0.7772385650205675, -0.22373792381383667, 0.10287006673112693], [0.2791594572642811, -0.3834767261582276, 0.3959388805900747, -0.3274706445255714, 0.4815891313684664, -0.4320798533014789, -0.12373348355942637, 0.6136489237946117, -0.0375321852853977, 0.7915391328389383, 0.21956469055386407, 0.20951557299589357, 0.0318191164832827, 0.17910607412052273]], "inverted": false, "swapped": true, "error_lsq": 0.04946419755392663, "error_max": 0.31734754137926136, "target": "1.xyz", "model": "0.xyz", "model_rescale": 3.8414455957264533, "target_rescale": 4.316132596720782},
{"mapping": [0, 1, 2, 3, 4, 5, 6, 7, 8, 9, 10, 11, 12, 13, 14], "R": [[1.0, 0.0, 0.0], [0.0, 1.0, 0.0], [0.0, 0.0, 1.0]], "T": [0.0, 0.0, 0.0], "aligned_model": [[-0.6838761631750101, -0.5783874670339516, 0.1267106113504267, -0.3074736167763422, -0.37144296753488104, 0.2589358354859398, 0.6838761631750101, -0.2657934097927387, 0.5874016015926424, 0.24016873364538505, 0.4362245500591142, -0.35446031040898873, 0.21468369639616602, -0.08785596630837933, -0.026667137169847487], [0.12249343321882354, 0.10384303307561205, -0.7002803626321331, -0.38736106051751995, -0.3970919478475128, -0.4707921859360461, -0.3744554792473062, -0.17860915593411059, 0.518032509404077, 0.06816308197378401, 0.05219946212291589, 0.7002803626321331, 0.6260003230792303, 0.6511380355031797, 0.013484479147888124], [0.20694473118796564, -0.6349664980362733, 0.19533704794902518, -0.6072793968358166, -0.012858525255263561, -0.3816146429911347, 0.04608319961048388, 0.557142382934897, 0.10442257968219568, 0.6349664980362733, -0.5247519971283497, -0.33201009651296026, -0.3799000524788736, 0.37834850144332605, -0.08468194426596008]], "inverted": false, "swapped": false, "error_lsq": 0.0, "error_max": 0.0, "target": "1.xyz", "model": "1.xyz", "model_rescale": 4.316132596720782, "target_rescale": 4.316132596720782},
{"mapping": [10, 8, 12, 4, 1, 5, 0, 2, 13, 6, 9, 14], "R": [[0.5281627780570557, 0.5543523359833901, 0.6432243523567901], [-0.4291113536760157, -0.4794121237802998, 0.765524305113038], [0.7327397396220506, -0.6803363162159, -0.015328757822742178]], "T": [-0.054280141879051766, 0.06704046895461055, -0.08324782104123607], "aligned_model": [[-0.13247894139904087, 0.6103031977442753, 0.16177157182239893, -0.4788622569710748, -0.7106231597676622, -0.423968451294487, -0.21446166452905602, -0.249912822089022, 0.5036404677214963, 0.12897935889192003, 0.5187803218731752, -0.11535906737114186], [-0.5468839011828621, -0.35343327022759086, -0.6160176106789831, 0.40695804400975777, -0.22063279832305296, -0.11050364060397, 0.46019587965229425, 0.4979256607780326, 0.08221196676896339, -0.011622251245855683, 0.41738541783619976, 0.007192930958047475], [0.20892184869765024, -0.006872321999890421, -0.346007903095201, -0.08506566614001797, -0.5679702419497461, 0.43263145555853355, -0.6708599995636255, 0.48302996725668645, -0.596415843891795, 0.6719046838287933, 0.03662628654952163, -0.1106638040414881]], "inverted": false, "swapped": true, "error_lsq": 0.042966151514831796, "error_max": 0.21324000566885212, "target": "1.xyz", "model": "2.xyz", "model_rescale": 3.795458400668931, "target_rescale": 4.316132596720782},
{"mapping": [0, 13, 11, 10, 4, 5, 12, 7, 8, 6, 1, 14], "R": [[0.5111360437065542, -0.6338771752316232, 0.5804650476509245], [-0.22535556725979694, -0.750561822427755, -0.6211858168204927], [0.8294304148806138, 0.18669943072839168, -0.5264869508702641]], "T": [0.18077660441425314, 0.03434077457158651, 0.002675464829697792], "aligned_model": [[-0.1262987601992805, -0.057253204332296, -0.6370128309276113, 0.06605845448203104, 0.23516231325963927, 0.3900385019525101, -0.32681683891379565, 0.481537959582191, 0.21326340907106253, 0.7944388289378385, -0.5492576642277549, 0.1094436570590308], [-0.032033951092502046, -0.6696044677950078, -0.20514336329760124, 0.22282471818399963, 0.42407710478668603, 0.5664003872597769, -0.24790281053267488, -0.11779293343919578, -0.5517146963541716, 0.13265123081400498, 0.4811751768856329, 0.08283264987076219], [-0.650636471191411, -0.14782339409238202, 0.014216230933400624, 0.6505140631602011, -0.3727776246928718, 0.3304632189744711, 0.4976269764194105, -0.5444560954549904, 0.5316234679658752, 0.4757303265210401, -0.12336768129780665, 0.027658413394163504]], "inverted": false, "swapped": true, "error_lsq": 0.053013904779979415, "error_max": 0.30238365801506406, "target": "1.xyz", "model": "3.xyz", "model_rescale": 3.7530521520055578, "target_rescale": 4.316132596720782},
{"mapping": [1, 10, 5, 6, 4, 8, 0, 12, 13, 9, 14], "R": [[0.23690366170610466, -0.8382495212156994, 0.4911358215930603], [0.8154530552834253, 0.4463675708395731, 0.36850007643378585], [-0.5281221162753618, 0.31319918883105285, 0.7892992451639643]], "T": [0.023849382118953703, -0.11367230115724859, 0.061255089050703766], "aligned_model": [[-0.5120738921606395, -0.17428810202042674, 0.2924089329280922, 0.5223823856266168, 0.2624000357910267, -0.2199478610887717, -0.1392054762621173, -0.6366182595956892, -0.35695966240322996, 0.335463356414866, -0.03536185478452248], [-0.7729531689244115, 0.0719773370344532, -0.25329367250488316, 0.2938334854589082, -0.5985539395971486, 0.6350387709727773, -0.5404049623637965, 0.20082522017054405, 0.24475363758098584, 0.34658501885826853, -0.1606043683713511], [-0.10194072171157809, -0.5669622695351578, -0.5241545327652459, -0.3808207552018615, 0.1229042349057406, -0.004296662831236801, 0.6241313796555518, -0.1559161502827901, 0.6102198590396775, 0.45694386876157933, 0.012722527210637595]], "inverted": false, "swapped": true, "error_lsq": 0.04275846456539452, "error_max": 0.2619818758016248, "target": "1.xyz", "model": "4.xyz", "model_rescale": 3.7855080009869324, "target_rescale": 4.316132596720782},
{"mapping": [2, 1, 15, 12, 14, 13, 8, 9, 7, 10, 6, 0, 4, 5, 16], "R": [[0.22699503369470786, -0.9000331194419058, -0.37203983467581897], [0.7746403516053548, -0.06467071336568399, 0.629086658972757], [-0.5902589095834732, -0.4309966156948867, 0.6825220413414379]], "T": [-0.006883514184669596, -0.0006618197159892064, -0.08465754424972663], "aligned_model": [[-0.7313315655451889, -0.43447321775626296, 0.19458965293562344, -0.3398379118358138, -0.4263962156876118, 0.28099328944424923, 0.5959312619827857, -0.3303717723385351, 0.5634705560667814, 0.3101936571052665, 0.47858652106788235, -0.40652656910684437, 0.14524349557717925, 0.017026433362394063, -0.04505346176736043], [0.015196668892298607, 0.3254621148643337, -0.6594219972145848, -0.3559090407833646, -0.5214427746422282, -0.5624520684198536, -0.3237904950695637, -0.19744274780731347, 0.4714134378139669, 0.06723091050074527, 0.11438536756549332, 0.6648532754476093, 0.6335911929531712, 0.7082294830645124, -0.03285879912220748], [0.05924942847118986, -0.6174935074530149, 0.367848475774751, -0.5600584740119894, 0.0177811632620683, -0.4401660550747776, 0.0812101101077318, 0.5182907391255042, 0.030280080797674136, 0.5678889435231942, -0.5055614022000523, -0.1611361038750966, -0.43334260657153, 0.30522023130277043, -0.06482923583888767]], "inverted": true, "swapped": false, "error_lsq": 0.03542662703248533, "error_max": 0.26482377906441756, "target": "1.xyz", "model": "5.xyz", "model_rescale": 4.2253639853439635, "target_rescale": 4.316132596720782},
{"mapping": [13, 8, 2, 7, 9, 5, 4, 0, 10, 12, 6, 3, 1, 14], "R": [[-0.7675071587917166, 0.6400653188405117, -0.03534329952142057], [0.33202243837065337, 0.34975768674843094, -0.8760311986332405], [-0.5483555977847517, -0.6840949847630668, -0.4809575762997678]], "T": [0.054016361396505466, -0.06764529043314985, 0.008020497419607212], "aligned_model": [[0.5248452343742855, -0.06893456812060379, -0.49836396928899984, 0.12400192971514554, -0.10912784732373008, -0.43256897597644867, 0.0853911765638483, 0.6499859011306569, -0.22883157123858194, 0.3033531052655156, -0.7121681876100694, 0.06353144032093971, 0.5868410181015422, 0.0861074668442834], [-0.20052000076124535, 0.21709363613675217, -0.4416243122469755, -0.7064387011988272, -0.5203137823616903, 0.18797036426972544, -0.31859418204326284, -0.4331545427430217, 0.5551473325057769, 0.5553872371605909, -0.011922061995656132, 0.22677975904245015, 0.33288745383934615, 0.002400947031027792], [-0.5712130343834367, -0.7186907314239204, 0.32364747524846194, 0.007993579190796365, -0.47569934253905144, 0.37163860960182826, 0.48953634307898075, 0.19969904001660455, -0.014511618044745309, -0.35523038225451986, -0.13298777347163182, 0.7336927619815155, 0.5595359524536839, 0.054147329476882666]], "inverted": false, "swapped": true, "error_lsq": 0.03444676874202991, "error_max": 0.20756596961095725, "target": "1.xyz", "model": "6.xyz", "model_rescale": 3.89814844738969, "target_rescale": 4.316132596720782},
{"mapping": [12, 11, 1, 8, 3, 0, 13, 10, 9, 7, 4, 2, 14], "R": [[0.02321247969899487, 0.3977559527564767, 0.917197570228471], [0.9267803802888361, 0.3354681612104049, -0.16893560763139862], [-0.37488572591911773, 0.8539621272989202, -0.3608453652760401]], "T": [-0.06614820540873947, 0.03505677062870373, 0.09246371585279659], "aligned_model": [[0.0283165037780094, -0.031942131671659185, 0.4883631465451779, -0.3816099038592117, 0.6520593745931857, -0.2888054407079642, -0.6701232064853202, 0.3842645510273941, -0.6812251180514676, -0.4999452661893845, 0.11221340110336014, 0.030288544178588367, 0.0067773466435142316], [-0.4380896906643756, 0.07255353892871173, 0.42899044474900017, -0.6654782305055446, 0.34737347490330295, 0.6627274683135969, -0.03803958898202295, -0.475388138831623, -0.10312499227349474, 0.4354277601495553, 0.5103422681349161, 0.18554501052687383, 0.04094194102158927], [-0.498720171572404, -0.758235607654941, -0.44216822494111496, -0.09202754816030842, 0.08885396532309447, -0.1938414017120694, -0.35999415061162154, 0.022067383163992538, 0.3534155733448857, 0.34638926191559216, 0.28767659460541856, 0.8084650919686615, 0.04039426516710952]], "inverted": true, "swapped": true, "error_lsq": 0.052298964705108204, "error_max": 0.27938598946236615, "target": "1.xyz", "model": "7.xyz", "model_rescale": 3.7474275329858107, "target_rescale": 4.316132596720782},
{"mapping": [8, 4, 11, 13, 9, 12, 10, 5, 0, 6, 12, 2, 1, 3, 14], "R": [[-0.6532888826070835, 0.6908172579772289, -0.30981470582077153], [0.05695592689907031, -0.36320551500843773, -0.9299665457738377], [-0.7549633489468587, -0.6251825892875444, 0.19793198781062527]], "T": [0.018276746888474617, 0.001313306938765045, -0.04485186285524412], "aligned_model": [[-0.6366454833939401, -0.6383770583076468, 0.07684042313564501, -0.22119070423247844, -0.412626944060202, 0.34897972816857487, 0.6702188106785079, -0.2730969382993014, 0.4828441275423056, 0.34238083467295305, 0.34897972816857487, -0.37959245690378896, 0.2891276673226088, -0.12001910796136309, -0.005778473025904646], [0.1330427488449756, 0.09011362822710384, -0.6172417917519016, -0.2952005919855156, -0.5454957899143695, -0.2583631770750956, -0.3055755403706205, -0.013042904408171026, 0.4265287111585808, 0.1670327878414493, -0.2583631770750956, 0.6829533117638314, 0.5844631923294231, 0.5326387576564454, 0.023554362801974905], [0.09275097967902388, -0.4609601767664995, -0.06582425656848287, -0.8590058263602585, 0.2644413003635139, -0.4963452521999924, 0.19190569361671136, 0.6093015891709181, 0.14900954762548757, 0.6861964887115183, -0.4963452521999924, -0.3375231739631831, -0.43392487672114743, 0.4163444716224041, -0.0948394686704862]], "inverted": false, "swapped": false, "error_lsq": 0.05194229949877529, "error_max": 0.3238329121163736, "target": "1.xyz", "model": "8.xyz", "model_rescale": 4.019505241142653, "target_rescale": 4.316132596720782},
{"mapping": [8, 11, 10, 6, 9, 2, 3, 13, 7, 0, 1, 4, 14], "R": [[-0.22308981684704482, 0.9284744598370863, -0.29692778760059346], [0.5159925625572551, 0.37090782970882946, 0.7721263220783782], [0.8270324110968985, 0.019040989756761162, -0.561831675597179]], "T": [0.05029131948643373, -0.09480585758939808, -0.021229372995989655], "aligned_model": [[-0.2686393535850225, -0.7775606210902958, -0.05667074248136861, 0.5642128588082839, 0.2291220350337364, 0.7867525954785013, 0.16103381030254452, -0.46153130426385225, 0.32226061109788295, -0.15455887155653425, -0.3636958361059275, 0.33229785421747843, 0.006677735885749263], [-0.6706704514190566, 0.08470729152521889, 0.06591915931323136, -0.3443744537925438, -0.7342877054821079, -0.05127299755023321, 0.6764198992728531, -0.58311786487065, -0.3215951995754708, 0.052847908684659134, 0.6553959264197285, 0.2540688694564678, -0.020662153868037825], [-0.45822547463553687, 0.0720529721089144, -0.6778174376542163, -0.5537961209195659, 0.1355896991413189, -0.0029425832455483372, -0.10075178945919633, 0.2516002185106091, 0.5150115252176884, 0.6582940879984872, 0.09839424274443126, 0.28630269695095345, -0.047008542714460436]], "inverted": true, "swapped": true, "error_lsq": 0.049953523139172736, "error_max": 0.29763035660420384, "target": "1.xyz", "model": "9.xyz", "model_rescale": 3.877068213659057, "target_rescale": 4.316132596720782},
{"mapping": [10, 13, 8, 2, 9, 7, 1, 11, 5, 0, 4, 6, 3, 12, 15], "R": [[0.06294044711150534, 0.7057779047572571, 0.7056316668587518], [-0.9323371414021856, 0.29383466151587334, -0.21073359118530083], [-0.35607015443505674, -0.6446229447113319, 0.6765170391588717]], "T": [-0.09620075181926513, 0.049136137869936744, -0.11846731073929206], "aligned_model": [[-0.7287248646579543, -0.4800110533551489, 0.02393429327545432, -0.22755465845450276, -0.5073950671245642, 0.4079890782249409, 0.7323440378348725, -0.2846976114342796, 0.5745715787804755, 0.29385857467767507, 0.3502669397962096, -0.39474048690171437, 0.17588267166573013, -0.009468403061314967, -0.05421087576133424], [0.1158700572250053, 0.24239911876455927, -0.6279956506177279, -0.40787304070200137, -0.46411220155294186, -0.5472864122406036, -0.1480040872154334, -0.04917923627855138, 0.4089966306191309, 0.04152853900966376, 0.006407350262985126, 0.5886572589490042, 0.5581860927266916, 0.5768770119421573, 0.052573097151076234], [0.195651472756727, -0.7611006187885482, 0.23136557474702735, -0.5813324313329361, -0.06242553132502725, -0.3558685036942628, 0.04753230791600871, 0.5882563250512655, 0.059185014048844325, 0.5754792879886826, -0.6253514501618632, -0.12824287268401682, -0.38228561346532675, 0.4032244423352108, -0.0389056160522505]], "inverted": true, "swapped": false, "error_lsq": 0.037512491554552795, "error_max": 0.23580350167267322, "target": "1.xyz", "model": "10.xyz", "model_rescale": 4.260839863003843, "target_rescale": 4.316132596720782},
{"mapping": [2, 4, 0, 7, 13, 9, 6, 5, 1, 11, 12, 14], "R": [[-0.2826378138263806, 0.5905670557895738, 0.7558746052166844], [-0.9205038247980183, -0.3886222150367765, -0.04056454747841676], [0.2697935779955919, -0.7072505401878062, 0.6534585669163675]], "T": [0.036679720514773674, 0.07320512674282008, -0.05847401267596959], "aligned_model": [[0.33840512867971445, 0.17592474742857533, -0.3853743963709581, -0.3540926431518348, -0.658676394436749, -0.41564943532203397, 0.41627693379319103, 0.6763519517306452, 0.29183432800898496, -0.22610867806466992, 0.01481908559339571, 0.08518802120586944], [-0.07437801758365166, -0.42354989817135213, -0.5003072084293293, -0.21826998073766513, 0.26072761512675763, 0.34652818121747525, 0.5590633769944215, 0.11311622626035296, -0.44460416800398495, 0.005599721621796144, 0.49868944885022337, 0.050463208387890396], [-0.7155780540551427, -0.23070206657685266, 0.07743512363340462, -0.4771555427782337, 0.17851162062096804, -0.48998591594869145, -0.5379267111951818, -0.2119319082991779, 0.5859385506070821, 0.7493856093503124, 0.5745937152558137, 0.013593656781203875]], "inverted": true, "swapped": true, "error_lsq": 0.044879549540497214, "error_max": 0.2806250170800723, "target": "1.xyz", "model": "11.xyz", "model_rescale": 3.890672605050136, "target_rescale": 4.316132596720782},
{"mapping": [11, 1, 0, 12, 13, 6, 3, 8, 10, 2, 7, 4, 9, 14], "R": [[-0.2428638509193098, 0.9579709415217167, 0.1526722801186887], [-0.7476459220572568, -0.28512851807197986, 0.5997727097936613], [0.6180960484809768, 0.0315183023348774, 0.7854704777839391]], "T": [0.028688689032631477, 0.010564445347638868, 0.13743770391210863], "aligned_model": [[0.7349337848794265, 0.17169492171170045, 0.34371736109311646, 0.5182396914602166, 0.7315603726629452, -0.4890819503607841, -0.3604324543778233, 0.39823259814230966, -0.10736400108187205, -0.6431104238101156, 0.007198116762701469, -0.26346692899481017, 0.1326004203787238, 0.035154326327958604], [-0.12322524634057327, 0.03254928915624286, 0.611055101052493, -0.5562871731533024, 0.1175146831202112, -0.366325397854261, -0.013336083227260015, -0.5136799948328601, -0.6451925431718868, 0.23265750609380034, 0.5943691649882143, 0.3937823113937162, 0.19240360963701447, -0.024132707033783687], [-0.3203652942435372, -0.7155357864299965, -0.1188536882533886, -0.008536959958313689, 0.4008386219636756, 0.5845336498309055, -0.5418195246286238, 0.5988566715330166, -0.0034655889195338574, 0.34711686828122407, 0.40514128394797927, -0.11476538260010105, 0.7867808723620743, 0.05486469247148065]], "inverted": false, "swapped": true, "error_lsq": 0.04825742024125842, "error_max": 0.3361615156916142, "target": "1.xyz", "model": "12.xyz", "model_rescale": 4.124412569039231, "target_rescale": 4.316132596720782},
{"mapping": [9, 7, 0, 6, 13, 8, 2, 10, 4, 5, 11, 1, 14], "R": [[-0.5468313700379868, 0.7978104897571191, -0.25391706357762617], [-0.8307485150096366, -0.5547357810039191, 0.0460990030614053], [-0.10407861236422154, 0.23614960450417405, 0.9661268067603033]], "T": [0.10002067198629935, 0.10549107031584747, -0.01728939041823995], "aligned_model": [[-0.13815873251197464, -0.0385993696300381, 0.5191653587138431, -0.5843900872748989, 0.5714786849175173, 0.16558814465855926, -0.5775590939187789, 0.03636816829193679, -0.010401783601703518, -0.3202780405533364, 0.9368447370148669, 0.6603769727247338, 0.14686334867903106], [-0.1025699264892984, 0.451063148828627, 0.6152086327760553, -0.2527897944009058, -0.16529079407862973, -0.6650493297907638, 0.39770183515836927, -0.3100492801673471, 0.6337551106306725, 0.13395372586337279, -0.003817461524042734, 0.4991088310626085, 0.11626067863975953], [0.5872690210481278, 0.5064657286495968, 0.2827491198014652, -0.1323715713541608, 0.5111531557467413, 0.14479329166558716, -0.007127827320056422, -0.5573411252586467, -0.08482619416525769, -0.5241045978254378, -0.13579057685130974, -0.5460272893967267, -0.09314305377208329]], "inverted": false, "swapped": true, "error_lsq": 0.0448282913640662, "error_max": 0.2856452945325278, "target": "1.xyz", "model": "13.xyz", "model_rescale": 3.9028299243045295, "target_rescale": 4.316132596720782},
{"mapping": [3, 2, 9, 1, 6, 11, 14, 7, 5, 10, 12, 0, 8, 4, 15], "R": [[-0.7467552146252991, -0.40055900581211135, -0.5309511581047138], [-0.5590894740225926, 0.8104466210016272, 0.17491493516617193], [0.3602438194710142, 0.4274678436676357, -0.8291535642829244]], "T": [0.0016692884670743684, 0.07491485792742406, -0.10296797982073547], "aligned_model": [[-0.5751741026806297, -0.42467612599382254, -0.016298441022232768, -0.15324739894145906, -0.4770565842521743, 0.3128052783201581, 0.6706867102442844, -0.20426230169575332, 0.3242966081697524, 0.35881567092566535, 0.5109839001249091, -0.45620511811525954, 0.11570802153100038, -0.10177754061751318, -0.012554422492380946], [0.1775930602740476, 0.244983096478384, -0.6177453417256831, -0.3772501949182451, -0.38872516134093993, -0.5484988105963662, -0.4415106479387507, -0.2526354425200368, 0.4702170103806189, 0.06585984120475241, 0.058660112996583906, 0.7657033109755625, 0.6818445003876047, 0.5195004698167217, -0.010951275431239638], [0.110100868419062, -0.6786902664834323, 0.24451506289815672, -0.5431342446460242, -0.0866054136631336, -0.34874528156721085, 0.1592743490134807, 0.716135760060214, -0.061139108182956245, 0.5510328383881323, -0.5768611097350111, -0.12242948482328553, -0.5667984833691286, 0.3980366719900752, -0.029510370959403537]], "inverted": true, "swapped": false, "error_lsq": 0.04534472786166622, "error_max": 0.31451745897434585, "target": "1.xyz", "model": "14.xyz", "model_rescale": 3.942246331269136, "target_rescale": 4.316132596720782},
{"mapping": [11, 10, 7, 9, 6, 2, 0, 8, 1, 8, 5, 4, 3, 13, 14], "R": [[-0.5479704560333636, -0.4603955076433175, -0.698401285692144], [0.26437321929696167, -0.887434668952056, 0.37757980515450684], [-0.7936215598338723, 0.022263981759934492, 0.6080042227509979]], "T": [-0.037474657527265254, 0.12218455377274401, -0.107124908827331], "aligned_model": [[-0.6439585172344964, -0.6117975348230549, 0.06032529071952469, -0.24618588223207788, -0.3862431549956245, 0.4974344591663971, 0.507550130317868, -0.08168886569620012, 0.7168819250075662, -0.08168886569620012, 0.3882252634592248, -0.3541661701567477, 0.26781903963008663, -0.21365373758376005, 0.053190773622038445], [0.18808134685048145, 0.1413236091447358, -0.7156861924980766, -0.48241909252088716, -0.2877841107045239, -0.3914089653075879, -0.24852328555363162, -0.21608330284014676, 0.40671113522880215, -0.21608330284014676, 0.057846309215388775, 0.5887808881454877, 0.6789428023786983, 0.7416338356247927, 0.10171285371962864], [0.2696322612879033, -0.5299575532829301, 0.03211334308478647, -0.5960588120320736, 0.04478170280892815, -0.28807200793691334, 0.21882165330302056, 0.5874691361128097, -0.1885632696403876, 0.5874691361128097, -0.5734077905080638, -0.2673070660764265, -0.44382053039950414, 0.3890337003580226, -0.07695211585244613]], "inverted": false, "swapped": false, "error_lsq": 0.05329306630291105, "error_max": 0.4320235189470662, "target": "1.xyz", "model": "15.xyz", "model_rescale": 4.355366556412066, "target_rescale": 4.316132596720782},
{"mapping": [10, 8, 12, 4, 1, 5, 0, 2, 13, 6, 9, 14], "R": [[0.5281627780570557, 0.5543523359833901, 0.6432243523567901], [-0.4291113536760157, -0.4794121237802998, 0.765524305113038], [0.7327397396220506, -0.6803363162159, -0.015328757822742178]], "T": [-0.054280141879051766, 0.06704046895461055, -0.08324782104123607], "aligned_model": [[-0.13247894139904087, 0.6103031977442753, 0.16177157182239893, -0.4788622569710748, -0.7106231597676622, -0.423968451294487, -0.21446166452905602, -0.249912822089022, 0.5036404677214963, 0.12897935889192003, 0.5187803218731752, -0.11535906737114186], [-0.5468839011828621, -0.35343327022759086, -0.6160176106789831, 0.40695804400975777, -0.22063279832305296, -0.11050364060397, 0.46019587965229425, 0.4979256607780326, 0.08221196676896339, -0.011622251245855683, 0.41738541783619976, 0.007192930958047475], [0.20892184869765024, -0.006872321999890421, -0.346007903095201, -0.08506566614001797, -0.5679702419497461, 0.43263145555853355, -0.6708599995636255, 0.48302996725668645, -0.596415843891795, 0.6719046838287933, 0.03662628654952163, -0.1106638040414881]], "inverted": false, "swapped": true, "error_lsq": 0.042966151514831796, "error_max": 0.21324000566885212, "target": "1.xyz", "model": "16.xyz", "model_rescale": 3.795458400668931, "target_rescale": 4.316132596720782},
{"mapping": [12, 11, 1, 8, 3, 0, 13, 10, 9, 7, 4, 2, 14], "R": [[0.02321247969899487, 0.3977559527564767, 0.917197570228471], [0.9267803802888361, 0.3354681612104049, -0.16893560763139862], [-0.37488572591911773, 0.8539621272989202, -0.3608453652760401]], "T": [-0.06614820540873947, 0.03505677062870373, 0.09246371585279659], "aligned_model": [[0.0283165037780094, -0.031942131671659185, 0.4883631465451779, -0.3816099038592117, 0.6520593745931857, -0.2888054407079642, -0.6701232064853202, 0.3842645510273941, -0.6812251180514676, -0.4999452661893845, 0.11221340110336014, 0.030288544178588367, 0.0067773466435142316], [-0.4380896906643756, 0.07255353892871173, 0.42899044474900017, -0.6654782305055446, 0.34737347490330295, 0.6627274683135969, -0.03803958898202295, -0.475388138831623, -0.10312499227349474, 0.4354277601495553, 0.5103422681349161, 0.18554501052687383, 0.04094194102158927], [-0.498720171572404, -0.758235607654941, -0.44216822494111496, -0.09202754816030842, 0.08885396532309447, -0.1938414017120694, -0.35999415061162154, 0.022067383163992538, 0.3534155733448857, 0.34638926191559216, 0.28767659460541856, 0.8084650919686615, 0.04039426516710952]], "inverted": true, "swapped": true, "error_lsq": 0.052298964705108204, "error_max": 0.27938598946236615, "target": "1.xyz", "model": "17.xyz", "model_rescale": 3.7474275329858107, "target_rescale": 4.316132596720782},
{"mapping": [13, 0, 11, 7, 8, 6, 12, 3, 9, 10, 2, 4, 5, 14], "R": [[0.11670135452361965, -0.8810738934323186, 0.4583553077737487], [0.645446282910326, 0.4180436813316094, 0.6392484465182213], [-0.7548376578639914, 0.2212425700689885, 0.617472133346658]], "T": [0.011538003278201096, -0.026782028082350934, -0.006057455114591773], "aligned_model": [[0.42207359382723597, 0.10441882801732559, 0.8220813371974721, -0.3701805786009862, 0.35154971705939886, -0.41931669744888983, 0.7121658725371551, -0.015523392076629502, -0.24747356586288505, 0.24714445388621034, -0.70978181502969, -0.28908767452194384, -0.2585677665787266, 0.06534533547782972], [-0.48413855440403725, 0.23112659572115227, 0.1214922193756744, -0.13671263342393256, -0.6892303975298949, -0.3411072222968917, -0.1841937831182128, 0.7218119297320118, -0.6161945376650768, 0.005283701230002418, 0.05931195512632287, 0.3871860266254752, 0.24684706564251827, 0.03892587649612203], [-0.45005355573130396, -0.6771563030280195, -0.2235422902405452, -0.5111922771101629, 0.25824651725138364, 0.564548427195609, 0.25207365897524575, 0.2225287414182121, -0.23192374430336582, 0.6356922545432722, 0.12390512946253218, -0.190643170642128, 0.5291927453896179, 0.023118585481307467]], "inverted": true, "swapped": true, "error_lsq": 0.03322562310841491, "error_max": 0.21289334316437755, "target": "1.xyz", "model": "18.xyz", "model_rescale": 3.922800546911778, "target_rescale": 4.316132596720782},
{"mapping": [12, 5, 9, 0, 3, 2, 10, 7, 4, 11, 6, 8, 8, 13, 14], "R": [[-0.5938721214415151, 0.7512038467441762, 0.28811227674520723], [0.5204819212109011, 0.6317801424469981, -0.5744148512201444], [-0.613526261106372, -0.1911717349568272, -0.7661846348540494]], "T": [-0.0017222661333036442, 0.04701734474467104, -0.13876352250259902], "aligned_model": [[-0.7289269822514514, -0.5993007629168636, 0.18609519124891208, -0.46021218006381354, -0.4590289154719473, 0.267432697762715, 0.7451815285793061, -0.312668566047288, 0.5662399394473874, 0.3071832750123019, 0.546135714969599, -0.0477067474802471, -0.0477067474802471, -0.05593393852381867, -0.03473935327999981], [0.2173392375066419, 0.17621594686020575, -0.6544002904166664, -0.49033703693130654, -0.386418204487043, -0.6030172180313628, -0.20800464677858685, -0.19922065827983984, 0.4198699738821561, 0.029221555287059837, 0.30659064961622606, 0.6145939517432925, 0.6145939517432925, 0.5074003606380229, 0.0026169556909233158], [0.10776801354911425, -0.5956457628873701, 0.22931403685431226, -0.5853952533441277, -0.028520623783586246, -0.2734469862035662, 0.027667101322228854, 0.55469899522634, 0.11077002047178156, 0.5027224783547274, -0.4677636803339018, -0.36266724441182496, -0.36266724441182496, 0.36811153120763307, -0.05976359427040098]], "inverted": true, "swapped": false, "error_lsq": 0.04466694028264107, "error_max": 0.3199683892164686, "target": "1.xyz", "model": "19.xyz", "model_rescale": 3.9282355846067225, "target_rescale": 4.316132596720782},
{"mapping": [7, 9, 6, 13, 0, 8, 12, 10, 1, 3, 2, 4, 5, 14], "R": [[-0.8385289829415402, 0.20583388122715907, 0.5044814744923644], [0.4074998066477793, -0.3777010234395897, 0.8314360134578662], [0.36168087086414835, 0.9027592980588184, 0.2328359882391487]], "T": [-0.07026950152251943, -0.11924661619354526, 0.004153337878984611], "aligned_model": [[-0.5374491741651501, -0.20324016446615809, 0.5570079861940107, -0.4688353545387837, -0.7733325670000246, 0.26297586705833437, 0.17254946255610334, 0.5495006701400735, -0.2563097353543939, 0.05799819538781342, 0.08157852155647916, -0.29351333070025193, 0.4362782019213032, -0.05268575950467893], [-0.5416249558825519, -0.7193040767011679, -0.5776734699741805, -0.1520823942378287, 0.033637380857643284, -0.24977193965619532, 0.3455733668805944, 0.1590054628156214, 0.6836017984665999, 0.3646561149542643, -0.5977880319072353, -0.10717467286684604, -0.0852934520979573, -0.03287904322592439], [0.13180400872016854, -0.29208900696542406, 0.08412174989566215, -0.6399849028185958, 0.09273199735287985, -0.7002705840280958, -0.5501668564904916, -0.07856313723200227, 0.26744280907412205, 0.6064509609500588, 0.5450276476332637, 0.4999695293921008, 0.42436684523706647, 0.021342096522969818]], "inverted": true, "swapped": true, "error_lsq": 0.041008303135606945, "error_max": 0.29780009889591275, "target": "1.xyz", "model": "20.xyz", "model_rescale": 4.067790424073018, "target_rescale": 4.316132596720782},
{"mapping": [4, 0, 1, 7, 8, 9, 10, 5, 11, 13, 12, 2, 3, 6, 14], "R": [[-0.6017470863141632, 0.12308574241798467, -0.7891453250991407], [0.23662314012385507, 0.9711699478351843, -0.02895551725892563], [0.7628302128720004, -0.2041539429822971, -0.6135236213011195]], "T": [-0.04285522799155419, 0.06354293587380445, -0.028107682477764642], "aligned_model": [[-0.7464885398327886, -0.38714404319619977, 0.030902321463200495, -0.2518170908573321, -0.5034745516890631, 0.38357674263352953, 0.6635632602690518, -0.2809509285787545, 0.5177723778603334, 0.3654175581167301, 0.5183022193195993, -0.508885015467091, 0.16605389766002396, -0.1226137879813276, 0.027829733784633083], [0.26428481769296835, 0.10843136642460972, -0.7399080942936648, -0.5215277688419945, -0.27233897489957837, -0.49005260761674196, -0.3294863626173549, -0.15720538330160772, 0.37640515779645894, -0.10507535371261019, 0.11805586681744884, 0.5994726793631252, 0.774863924295122, 0.6904467257948813, 0.030678535141952963], [0.2991160240095794, -0.6477109991640343, 0.12132915133532395, -0.4412555586187515, -0.014651183054652253, -0.3683100459691205, 0.10526289720462172, 0.46489002319743056, 0.04835257928969307, 0.5150356776192994, -0.5468990919911169, -0.25018307230722964, -0.4453898954962837, 0.35684311046377426, -0.03124782917899832]], "inverted": true, "swapped": false, "error_lsq": 0.04093014315134378, "error_max": 0.24511675853847933, "target": "1.xyz", "model": "21.xyz", "model_rescale": 4.186013935880536, "target_rescale": 4.316132596720782},
{"mapping": [5, 3, 2, 8, 12, 6, 10, 1, 7, 0, 11, 13, 14], "R": [[-0.6604472922169061, 0.17299454359795147, -0.730672472513296], [0.750867562468585, 0.15565655482259838, -0.6418480665805932], [0.0026977464377920812, -0.9725450759867618, -0.23269894142015662]], "T": [0.09521984480039818, 0.04321486722500401, -0.016576992397625674], "aligned_model": [[0.06884248079888648, -0.484561261348238, 0.4427776104844526, 0.46984954896547954, -0.1488700400675687, 0.6453344851118765, -0.009128893638595384, -0.7686914108503854, 0.357664318907913, -0.2264261925429505, -0.5026178272502391, 0.20100111749708544, 0.013400099355508413], [-0.3228683834845882, -0.05539898620345662, 0.18245191455628504, -0.41145766637657494, -0.4592633243755083, -0.3824206980426669, -0.6292682405956204, 0.05379138688025543, 0.6281929641256355, 0.6704754646973944, -0.012735650695658011, 0.2506714133199828, 0.006786465740613333], [-0.5639434813250382, -0.5337868713685421, -0.6525183197082551, 0.5099473369985342, 0.5032550371447011, -0.3718732376323393, -0.08909672000670582, -0.06178065110585904, -0.059918961573785574, 0.15255413728306916, 0.588175072130854, 0.7049624067125969, -0.023096186213884456]], "inverted": true, "swapped": true, "error_lsq": 0.054707665882516854, "error_max": 0.31326191953634547, "target": "1.xyz", "model": "22.xyz", "model_rescale": 4.166573947596378, "target_rescale": 4.316132596720782},
{"mapping": [2, 4, 5, 0, 1, 7, 13, 6, 14, 12, 10, 3, 9, 11, 15], "R": [[0.003803409027803184, 0.38094984833570056, 0.9245878796159802], [0.7259738548537542, -0.6369110619077893, 0.25943450288709213], [0.6877117827611708, 0.6702398915854675, -0.2789820631849893]], "T": [-0.01908218398603887, 0.13279164990425674, -0.09563101027567839], "aligned_model": [[-0.6330233578475597, -0.6229476167159042, 0.15681650609921874, -0.334805324283892, -0.46215020918474903, 0.2536692695432018, 0.6558450939217148, -0.24820524864043064, 0.7125428292592624, 0.16090151337070333, 0.6530457652155665, -0.42755835980446144, 0.21150160595896988, -0.15807320482045747, -0.045515108566638325], [0.11858781226983942, 0.08344155074211076, -0.6741393961805315, -0.4540879788189973, -0.41542867195676714, -0.381495731206806, -0.3610331553145505, -0.22131058913899565, 0.28540784262169755, 0.3335060044934206, -0.05609148773620684, 0.5583516289661841, 0.6501466986391607, 0.810918947225157, 0.07027105343830012], [0.17947574213706158, -0.5112806466658151, -0.0008474732444750804, -0.567485821534536, 0.010407966578363653, -0.5109679600861028, 0.036366604029965194, 0.5377897483948901, 0.16400508300584477, 0.5016134721407515, -0.36675536056759994, -0.21170241082565705, -0.2946888803667534, 0.2824142147729411, -0.08316249042934393]], "inverted": false, "swapped": false, "error_lsq": 0.04461609619845823, "error_max": 0.3073649105815895, "target": "1.xyz", "model": "23.xyz", "model_rescale": 4.274766983524099, "target_rescale": 4.316132596720782},
{"mapping": [6, 4, 3, 10, 1, 12, 8, 13, 9, 0, 14], "R": [[-0.08697328042446695, 0.3543849613810626, -0.9310461576308393], [0.9131058778307659, 0.4020562955985453, 0.0677376633822116], [0.398338178390063, -0.8442523522718299, -0.3585591461953918]], "T": [0.04883401008742172, 0.12312885001265017, -0.009630780903215695], "aligned_model": [[0.2839199398835103, 0.14527993078127385, -0.40603819356792414, -0.4202931447962511, -0.6294537727640946, -0.5080438290465287, 0.01356156504822928, 0.16269927944138, 0.6367494197560394, 0.1386203229858088, -0.037106813763368246], [-0.3538918797008439, 0.622819930966567, 0.6007614571816278, -0.2606319989331609, 0.6525182475258647, -0.29885392410815403, -0.6285825783314339, -0.08407194065832163, -0.16658717548804491, 0.6843129857810633, 0.14779340700832028], [-0.5816561324560615, -0.2015272187148965, -0.43192836904545295, -0.32748078291285987, 0.08075970866129406, 0.2971381133704464, 0.23117657076700476, 0.7107507384458056, 0.17992073092326216, 0.44040049943753934, -0.017987424454504117]], "inverted": true, "swapped": true, "error_lsq": 0.0508839463523395, "error_max": 0.24760468243950357, "target": "1.xyz", "model": "24.xyz", "model_rescale": 3.7841303162186577, "target_rescale": 4.316132596720782},
{"mapping": [3, 5, 1, 2, 4, 8, 0, 6, 10, 7, 9, 13, 14, 11, 15], "R": [[-0.19555176310407374, 0.6275559274303446, -0.7536133397797101], [0.16596938686806553, 0.7785424898692052, 0.6052485060625076], [0.96654729349863, -0.006719331462203604, -0.2564004290463931]], "T": [0.06683547858376337, 0.030287059595246, -0.06555548956055751], "aligned_model": [[-0.7106952039072082, -0.6685953578060878, 0.1466658996275692, -0.12958968483377503, -0.48259700177328235, 0.3104222345987503, 0.5627994864420507, -0.3638103952228934, 0.7111543502276022, 0.3711805189973392, 0.2728233517877067, -0.31508628137151495, 0.23314865265240303, -0.08244898488636421, 0.01667256897224899], [0.18253967838788895, -0.07977888325732144, -0.6929689545005044, -0.34796862885061774, -0.47388316239821626, -0.46199457901968044, -0.37553016187102484, -0.09813450588770156, 0.45888235653097365, 0.09591800075936571, 0.16413088579109714, 0.7114257735285593, 0.6670719437667861, 0.5707979445813408, 0.0265368204820701], [0.08027683020792759, -0.5307067752242465, 0.08795097855561074, -0.6877554712882661, -0.04024383923658778, -0.28414657861855475, 0.29591654949935914, 0.500199302849758, 0.01453426237678207, 0.5052967120098928, -0.5963996614305089, -0.11230823199322734, -0.5084368526053511, 0.4588391150461936, -0.01783455280924654]], "inverted": false, "swapped": false, "error_lsq": 0.04454006951844143, "error_max": 0.2776282033730299, "target": "1.xyz", "model": "25.xyz", "model_rescale": 4.19342608120988, "target_rescale": 4.316132596720782},
{"mapping": [10, 8, 12, 4, 1, 5, 0, 2, 13, 6, 9, 14], "R": [[0.5281627780570557, 0.5543523359833901, 0.6432243523567901], [-0.4291113536760157, -0.4794121237802998, 0.765524305113038], [0.7327397396220506, -0.6803363162159, -0.015328757822742178]], "T": [-0.054280141879051766, 0.06704046895461055, -0.08324782104123607], "aligned_model": [[-0.13247894139904087, 0.6103031977442753, 0.16177157182239893, -0.4788622569710748, -0.7106231597676622, -0.423968451294487, -0.21446166452905602, -0.249912822089022, 0.5036404677214963, 0.12897935889192003, 0.5187803218731752, -0.11535906737114186], [-0.5468839011828621, -0.35343327022759086, -0.6160176106789831, 0.40695804400975777, -0.22063279832305296, -0.11050364060397, 0.46019587965229425, 0.4979256607780326, 0.08221196676896339, -0.011622251245855683, 0.41738541783619976, 0.007192930958047475], [0.20892184869765024, -0.006872321999890421, -0.346007903095201, -0.08506566614001797, -0.5679702419497461, 0.43263145555853355, -0.6708599995636255, 0.48302996725668645, -0.596415843891795, 0.6719046838287933, 0.03662628654952163, -0.1106638040414881]], "inverted": false, "swapped": true, "error_lsq": 0.042966151514831796, "error_max": 0.21324000566885212, "target": "1.xyz", "model": "26.xyz", "model_rescale": 3.795458400668931, "target_rescale": 4.316132596720782},
{"mapping": [9, 2, 7, 13, 11, 10, 6, 8, 5, 0, 12, 1, 14], "R": [[-0.6949627027107379, -0.5625645224697566, 0.4478258588998202], [-0.6874591065865343, 0.3372720247260623, -0.6431543812401707], [0.21077670320087827, -0.7548302719125389, -0.6211315818666863]], "T": [-0.014211284383122899, -0.07838850420634663, -0.007942241631708646], "aligned_model": [[0.06488868907112134, 0.3791594357624762, 0.5204871627332535, -0.15002757997061245, -0.3105101834910276, -0.5817341559867361, -0.25818709474731605, -0.6670970688445619, -0.10020795644374304, 0.4848218845210463, -0.6857030863749528, 0.04497360925111206, -0.04118727265880306], [-0.6288866717521129, -0.5273137218681221, -0.31423484038932026, -0.041716972828311605, 0.6150071880769254, -0.023173079363663418, -0.7044573697450209, -0.37464505074709303, -0.16974420652345584, 0.2999645896450226, 0.22949201329970975, 0.7626340623135268, -0.0010444368611699506], [-0.40316957080029314, 0.4260282102401797, -0.27520443217785606, -0.7529631361565612, -0.40502507737309346, 0.3705420347611438, 0.39022952198783195, -0.3400184506267123, 0.6390365007015611, -0.3730890644492254, -0.1992479934141392, 0.18616103535910192, 0.028857084047488296]], "inverted": false, "swapped": true, "error_lsq": 0.046370277118526634, "error_max": 0.2673023633984005, "target": "1.xyz", "model": "27.xyz", "model_rescale": 3.6321398670334006, "target_rescale": 4.316132596720782},
