[{"mapping": [7, 8, 2, 9, 13, 11, 14, 3, 6, 4, 5, 12, 1, 15], "R": [[0.14529055927392379, -0.36418812647782517, -0.9199226390944197], [0.9892048534869363, 0.03553101183792315, 0.14216646944924125], [-0.01908955797704881, -0.9306473852809907, 0.36541898287567925]], "T": [-0.08642301123631527, 0.14534868450509308, 0.10778705148731432], "aligned_model": [[0.23255737642189442, 0.14210946348101752, -0.4298087055603276, -0.45560193339323085, -0.7036298733954117, 0.05018545621661841, -0.8513599446030771, 0.06648795095236607, -0.3322856552634669, 0.08930855654436212, 0.6108103311908235, 0.24621808056029112, 0.7201387807329725, -0.013637782756527758], [-0.5771944183154556, -0.41732547431932054, -0.38952673848101194, -0.24522848055460944, 0.22012199033877233, 0.28527076434341314, 0.07937383700243116, 0.500116965775804, 0.7067606602226758, -0.12007143133929088, 0.40794486442501393, 0.7716219078359569, -0.14949100645750474, 0.16289989133316046], [0.3138684583941003, -0.36812642258009215, 0.2984435613907429, -0.27536005533803654, 0.5672466666898872, -0.6038415134660493, -0.033776906168015014, 0.6112938011689668, 0.17614441332717978, 0.7050820020230355, 0.34422806895652247, -0.1274298048403339, 0.23202167859185985, 0.0577941390300654]], "inverted": false, "swapped": true, "error_lsq": 0.03883104689659772, "error_max": 0.21083874943029554, "target": "10.xyz", "model": "0.xyz", "model_rescale": 3.8414455957264533, "target_rescale": 4.260839863003843},
{"mapping": [10, 13, 8, 2, 9, 7, 1, 11, 5, 0, 4, 6, 3, 12, 15], "R": [[0.06294044711150534, 0.7057779047572571, 0.7056316668587518], [-0.9323371414021856, 0.29383466151587334, -0.21073359118530083], [-0.35607015443505674, -0.6446229447113319, 0.6765170391588717]], "T": [-0.09620075181926513, 0.049136137869936744, -0.11846731073929206], "aligned_model": [[-0.7287248646579543, -0.4800110533551489, 0.02393429327545432, -0.22755465845450276, -0.5073950671245642, 0.4079890782249409, 0.7323440378348725, -0.2846976114342796, 0.5745715787804755, 0.29385857467767507, 0.3502669397962096, -0.39474048690171437, 0.17588267166573013, -0.009468403061314967, -0.05421087576133424], [0.1158700572250053, 0.24239911876455927, -0.6279956506177279, -0.40787304070200137, -0.46411220155294186, -0.5472864122406036, -0.1480040872154334, -0.04917923627855138, 0.4089966306191309, 0.04152853900966376, 0.006407350262985126, 0.5886572589490042, 0.5581860927266916, 0.5768770119421573, 0.052573097151076234], [0.195651472756727, -0.7611006187885482, 0.23136557474702735, -0.5813324313329361, -0.06242553132502725, -0.3558685036942628, 0.04753230791600871, 0.5882563250512655, 0.059185014048844325, 0.5754792879886826, -0.6253514501618632, -0.12824287268401682, -0.38228561346532675, 0.4032244423352108, -0.0389056160522505]], "inverted": true, "swapped": true, "error_lsq": 0.037512491554552795, "error_max": 0.23580350167267322, "target": "10.xyz", "model": "1.xyz", "model_rescale": 4.316132596720782, "target_rescale": 4.260839863003843},
{"mapping": [11, 12, 0, 2, 8, 10, 7, 13, 5, 6, 3, 15], "R": [[-0.7869502950403293, 0.5677949143814558, 0.24149154920720134], [0.35505586092917635, 0.7368105001693068, -0.5753656424049819], [-0.5046231948253868, -0.3670411721357857, -0.7814321526539643]], "T": [-0.08677217984941388, 0.0970284689214551, -0.018691539677186477], "aligned_model": [[-0.21380789434041553, 0.4473306830789343, 0.1640517037120222, -0.5794897612388658, -0.5722976362889506, -0.3356368067395139, -0.34894728767959754, -0.1726140102499335, 0.5826454426865502, 0.21515252699042436, 0.46719968996675265, -0.05577809526562625], [-0.6294431198155566, -0.40440401212739685, -0.5372753905405321, 0.534575110934929, -0.23769319823855084, -0.2999610540622275, 0.3969590074368332, 0.682598984460051, 0.014934414498000412, 0.06962317166021977, 0.39890110918909466, 0.023961404346116114], [0.008808174237456199, 0.12791955974732805, -0.42919370646876015, -0.09703488018527781, -0.516234876976465, 0.5139213550070463, -0.7311467693701935, 0.47867839050458766, -0.413832090758882, 0.5183326648113532, 0.0502244906673537, -0.061183850006125806]], "inverted": true, "swapped": true, "error_lsq": 0.04346952089046461, "error_max": 0.24035418655261426, "target": "10.xyz", "model": "2.xyz", "model_rescale": 3.795458400668931, "target_rescale": 4.260839863003843},
{"mapping": [13, 9, 7, 0, 3, 5, 8, 6, 11, 12, 4, 15], "R": [[0.9395740841917083, 0.3297880881002117, 0.09187141700507281], [0.3423289961485349, -0.9024190765235963, -0.26163078703057163], [-0.003376197750333834, 0.2772717570786951, -0.960785602522875]], "T": [0.03609404232461458, -0.0631153956988847, -0.0519372323833882], "aligned_model": [[0.01564854395392705, -0.19985101439438302, -0.735116579660806, 0.22743469177470818, 0.21754107164297465, 0.1703078342499394, -0.3777556937084514, 0.5686330360062852, 0.3675887433973134, 0.6795487806205864, -0.4031218734523444, 0.06244628531381533], [-0.08612543574192756, -0.6795190222862407, 0.09174537462414879, 0.04862846545872296, 0.4985463591787783, 0.6136770375375039, -0.4242870358357168, -0.013664076851445661, -0.46581833825897156, 0.13799585467861109, 0.4147979172380573, -0.05020805445181038], [-0.8243950083279786, -0.05660662629239415, 0.16609691120111114, 0.7126986947057042, -0.2851204037048011, 0.3153965431035983, 0.489917340499715, -0.35895736592125627, 0.4701708785264822, 0.2701116465924477, -0.24371555334489536, 0.033174373601367595]], "inverted": false, "swapped": true, "error_lsq": 0.046523046213447244, "error_max": 0.2526772102771367, "target": "10.xyz", "model": "3.xyz", "model_rescale": 3.7530521520055578, "target_rescale": 4.260839863003843},
{"mapping": [8, 4, 2, 13, 9, 3, 11, 5, 12, 6, 15], "R": [[-0.1078817809349974, 0.3331729731312854, 0.9366735244027946], [0.6938324306162398, -0.6495418668386982, 0.3109532464034739], [0.7120098872680448, 0.6834406581397967, -0.16109248037691715]], "T": [-0.04172674541391617, -0.08051976621851627, 0.0030502765151258163], "aligned_model": [[-0.3078090544618173, -0.20691763312226796, 0.2872619992793038, 0.5932736579286965, 0.2988806139021505, -0.16359788649153062, -0.19718625568185547, -0.7198826293698791, -0.35801310880293297, 0.2276471034220379, -0.11545720415670055], [-0.8023300611355569, 0.16173993745031312, -0.3421579615780825, 0.2645742276485742, -0.64585600055633, 0.5332248953448234, -0.47613075637136576, 0.30769623421560305, 0.21381879248308694, 0.3522311466704552, -0.09960709585717463], [-0.05622061660797375, -0.6069602859683353, -0.5104350869994282, -0.2714003003019957, -0.002133623959358488, -0.10290376117653957, 0.6063574631134941, 0.02275754180922488, 0.6125771134215441, 0.35013665204996886, 0.0510556818647152]], "inverted": false, "swapped": true, "error_lsq": 0.046388466039612726, "error_max": 0.24987090303418472, "target": "10.xyz", "model": "4.xyz", "model_rescale": 3.7855080009869324, "target_rescale": 4.260839863003843},
{"mapping": [0, 5, 8, 9, 10, 3, 14, 7, 4, 6, 12, 1, 2, 15, 13, 16], "R": [[-0.5302381339868671, 0.7985319959486501, 0.2849459119067863], [0.4993785417800502, 0.5657410239840126, -0.656169311832816], [-0.6851777822403143, -0.2056301175114816, -0.6987472085786521]], "T": [-0.04155217220592007, 0.06823628483357953, -0.018307165443445406], "aligned_model": [[0.13522590752784708, -0.20119208478658057, -0.49268636148670564, 0.41834245478934595, -0.2538796362997434, 0.34537339817530077, 0.5190963604430857, -0.6954710317669235, -0.4218385340992748, -0.6016639818369675, 0.2960661264962649, 0.18320851469949728, 0.6621169550195144, 0.028446637027380692, -0.2126113898410832, 0.006875191256136143], [0.16268897319670783, -0.3643149243780166, -0.16662792740255744, -0.4651575338781662, -0.6278138873409131, -0.3740216927184818, 0.06339687142523777, -0.16119214591532016, 0.34945275669699394, 0.40259058076423687, 0.6099206368442659, 0.6383242233823982, 0.03519286439723292, -0.36750530349878424, 0.41038449589195375, 0.05648088966676072], [-0.7721652976587401, -0.6835272751365666, 0.4681356565164301, 0.08610540788960092, 0.019048956968143904, -0.38859501249755474, 0.36030503912641376, -0.30312674368630865, -0.5869022434875291, 0.00533672534276225, 0.21761063841704692, -0.4628139875871928, -0.24089103578079366, 0.6777873264104728, 0.5969496789776454, 0.0017764932962113789]], "inverted": true, "swapped": false, "error_lsq": 0.03262727887861918, "error_max": 0.23100293686049544, "target": "10.xyz", "model": "5.xyz", "model_rescale": 4.2253639853439635, "target_rescale": 4.260839863003843},
{"mapping": [12, 10, 13, 3, 6, 2, 4, 5, 9, 11, 14, 7, 1, 15], "R": [[-0.4025559295458532, 0.2139764018297629, 0.89003529314711], [0.5860483425387337, -0.6866718289135152, 0.4301501360968881], [0.7032041409114975, 0.6947631962305979, 0.1510233007464965]], "T": [0.03460023978151017, -0.01741429596821852, 0.021124709415950505], "aligned_model": [[0.549182855654079, -0.23458415401088706, -0.5966652622512151, 0.20698168537064981, -0.061133191141121784, -0.4601481288643938, 0.05245628034069972, 0.7382957063942854, -0.3699141683930667, 0.29723997879461295, -0.6945346397339681, 0.12090813404671791, 0.7105308395049574, 0.11544621704643386], [-0.19872275670046705, 0.1827380581462763, -0.4615362346934148, -0.6221490720981733, -0.43204513812947254, 0.14188168826397762, -0.3120653650305266, -0.3227474569909341, 0.5018279991150562, 0.4632509105110294, 0.08812875609960148, 0.28552494964606706, 0.1155981912116399, 0.015414617284330735], [-0.4892939317230434, -0.6039269498418454, 0.06469150238967812, 0.10680919158090905, -0.42521703191828625, 0.4336828254180691, 0.6301834824920457, 0.1713904516562716, -0.027873621938070182, -0.4734828148243257, -0.23722493403792372, 0.7741621123853925, 0.5486966123971114, -0.0010386851045345001]], "inverted": true, "swapped": true, "error_lsq": 0.03495019324287631, "error_max": 0.2093014425763083, "target": "10.xyz", "model": "6.xyz", "model_rescale": 3.89814844738969, "target_rescale": 4.260839863003843},
{"mapping": [1, 5, 12, 7, 11, 3, 4, 8, 2, 13, 6, 14, 15], "R": [[-0.37430964144129575, -0.7762526717194058, 0.507271211456528], [-0.8520944590888124, 0.07211545378237305, -0.5183959819635053], [0.36582417240285425, -0.6262836026707448, -0.6884341100726488]], "T": [-0.018355680345046928, 0.11253025141463391, 0.04792429178220352], "aligned_model": [[-0.03583119445413558, 0.01702667276027691, 0.4801279964112056, -0.3662385529025956, 0.7108696522147145, -0.3270255363602092, -0.6094120720207458, 0.28825661755752247, -0.4488592857380916, -0.5614727805270163, 0.04337564613035252, -0.09263372065431613, 0.05044835848726028], [-0.39071163524571983, 0.18149424764795086, 0.5197327524211269, -0.6026291662315122, 0.024787358708845506, 0.5078080570861097, -0.04398690255697285, -0.5908131977510196, -0.2183271223749219, 0.4929894009330897, 0.722456404884699, 0.2682083495762331, 0.0927727183725772], [-0.6587218856790388, -0.7298851312481368, -0.33141113089165525, -0.13595361268144335, 0.11994425704483073, -0.34097121996786445, -0.24232629325924376, 0.1292866116776315, 0.4294415284860947, 0.4453071638354582, 0.1148862643460863, 0.8093496979246487, -0.006671218751072253]], "inverted": true, "swapped": true, "error_lsq": 0.03611607366015613, "error_max": 0.23185341801260514, "target": "10.xyz", "model": "7.xyz", "model_rescale": 3.7474275329858107, "target_rescale": 4.260839863003843},
{"mapping": [12, 6, 10, 11, 14, 8, 0, 1, 9, 7, 5, 4, 3, 13, 15], "R": [[0.27178606711012615, -0.19073570761303896, -0.943266782817122], [-0.5182467251634473, 0.7968903385472255, -0.3104611411875101], [0.8108962113502398, 0.573223933704309, 0.11773553518961707]], "T": [0.07139726019696148, -0.03596998817700765, 0.0293537759538501], "aligned_model": [[-0.37417869214734145, 0.2514638050939467, 0.3671203931010901, -0.20259458585300616, 0.8025409530744888, -0.16183136105999735, -0.6578864841083437, -0.6572128593239734, 0.4159098575071588, -0.11215709204723083, -0.6024300752477385, 0.03668458924667703, -0.0365610758671875, 0.7438405530359876, -0.010554203065783141], [0.1227820921844693, 0.29884853989455984, -0.34965340126006034, -0.55256138194642, -0.25161222465245553, -0.7172984240787567, -0.29489051181614484, -0.022329197874811788, -0.5957108399135265, -0.2181492115189243, 0.35835935560949533, 0.3426268155099143, 0.5892893655704552, 0.34254800225051685, -0.06313101597871762], [-0.5489671240548741, -0.4562151355239122, -0.5339945394619432, -0.4208873554915244, -0.1393141606905061, 0.30633555959016157, -0.15738512830624088, 0.5003610293747027, 0.08974047226612986, 0.8035663435162474, 0.0675183259830526, 0.5893092835243308, 0.016820581876098847, 0.07607256020801817, 0.0038339428865202356]], "inverted": true, "swapped": true, "error_lsq": 0.03994994203107576, "error_max": 0.27885504739741546, "target": "10.xyz", "model": "8.xyz", "model_rescale": 4.019505241142653, "target_rescale": 4.260839863003843},
{"mapping": [9, 11, 8, 7, 2, 4, 5, 14, 13, 6, 12, 3, 15], "R": [[-0.31549843340744255, -0.9476904540610822, 0.048410141488638425], [0.724542064202542, -0.2735256658915274, -0.6326314150433223], [0.6127801691622938, -0.16451903652798655, 0.772938516895965]], "T": [-0.0025691595420655813, -0.034654872936225364, 0.022815221927158368], "aligned_model": [[-0.3112712609599774, -0.6596898489775058, -0.18469106760901702, 0.5101967199331211, 0.2638816484944234, 0.6731044961383226, 0.3002117633796362, -0.30330205880028166, 0.2309713328490275, -0.19354939013354622, -0.34308779014093, 0.37217755111351725, -0.035251323545613535], [-0.5698149205686112, 0.15238152405046274, -0.20658271074091383, -0.2275499080333947, -0.6330810875838894, -0.05445665689226767, 0.678263476016025, -0.6786124566668482, -0.469780404107525, 0.11896592585002129, 0.6112895634903973, 0.3093864661380782, 0.03296941716252387], [-0.20946056221299056, -0.2562278965721767, -0.7069760941337796, -0.5822874368818315, -0.0832290634854711, -0.011297533995365011, -0.08238260449720189, 0.3459249560704539, 0.6175951026395876, 0.5887054735028048, 0.18092297941583146, 0.40223820830121315, -0.02682203410719579]], "inverted": false, "swapped": true, "error_lsq": 0.046335531249262436, "error_max": 0.3311294646830184, "target": "10.xyz", "model": "9.xyz", "model_rescale": 3.877068213659057, "target_rescale": 4.260839863003843},
{"mapping": [0, 1, 2, 3, 4, 5, 6, 7, 8, 9, 10, 11, 12, 13, 14, 15], "R": [[1.0, 0.0, 0.0], [0.0, 1.0, 0.0], [0.0, 0.0, 1.0]], "T": [0.0, 0.0, 0.0], "aligned_model": [[0.21545031719470079, -0.17684262357346345, -0.5826316125032368, 0.36354330362182996, -0.24842482562904167, 0.3565492834384499, 0.5183250183082522, -0.672332308208462, -0.5143114199215857, -0.43268493050106765, 0.21387818582732349, 0.17184419587264446, 0.672332308208462, -0.02447909411138223, -0.17369836083870882, 0.02889108813238015], [0.1742740219944596, -0.4198348113319783, -0.07138165473920939, -0.5116703208984285, -0.6293009796687534, -0.4646370113999792, 0.045871191193328706, -0.3336306797969688, 0.3396864342560944, 0.47714783126506055, 0.6293009796687534, 0.6174956545175428, 0.12001213761633917, -0.2001587075367689, 0.407982922590873, 0.020641869403183816], [-0.7463080876637794, -0.7384930791042872, 0.30951643159624875, 0.09376082247746227, 0.01886962490613709, -0.5176683285264351, 0.3309676484780694, -0.32085262388533214, -0.46413341350167864, 0.1440798456967128, 0.24788541319536758, -0.36581958020387534, -0.30292172235970216, 0.7463080876637794, 0.6425732339233722, -0.08272994558201746]], "inverted": false, "swapped": false, "error_lsq": 0.0, "error_max": 0.0, "target": "10.xyz", "model": "10.xyz", "model_rescale": 4.260839863003843, "target_rescale": 4.260839863003843},
{"mapping": [1, 3, 6, 12, 10, 11, 8, 7, 13, 14, 9, 15], "R": [[0.7314698669892682, 0.6717017961885436, 0.11733938249277825], [0.6065061088841677, -0.719555831331622, 0.3382155311082629], [0.3116122166618127, -0.17622741725889984, -0.9337246509723138]], "T": [0.06110968073983834, -0.06034920273632694, -0.05310110774888427], "aligned_model": [[0.5591228498346086, 0.1278767453870617, -0.3876767524746795, -0.4757488638739784, -0.5471250870992034, -0.4364370669911665, 0.26360612676479434, 0.814649480438791, 0.12589103367289983, -0.1612772107547144, 0.04019837386979868, 0.035819020319918175], [-0.0054178289488214584, -0.6807271667200475, -0.4536480086241556, -0.27931459020042587, 0.17891086390782976, 0.40347470532911683, 0.6529842988607848, 0.2158758888281136, -0.4419408340573031, 0.12123815766214949, 0.49668131369439306, -0.03503829419869996], [-0.7615303828253988, -0.1690091903403581, 0.10249889795370895, -0.5243041190734741, 0.22260864391234864, -0.33940495402570714, -0.26634613267224144, -0.20197702412452603, 0.61609968362963, 0.6729096688057681, 0.3003462361505508, -0.13571324999479623]], "inverted": true, "swapped": true, "error_lsq": 0.04235372363708695, "error_max": 0.27749008263303165, "target": "10.xyz", "model": "11.xyz", "model_rescale": 3.890672605050136, "target_rescale": 4.260839863003843},
{"mapping": [10, 11, 8, 14, 9, 3, 12, 13, 6, 5, 7, 0, 4, 15], "R": [[-0.6679106290057394, 0.5823538989687695, 0.46342132883266146], [-0.5801134774631946, -0.01730206527091832, -0.8143518845087302], [-0.4662228489968257, -0.8127512380139651, 0.3493875787432203]], "T": [0.09931432078823325, -0.017816338689070906, 0.1671917227447525], "aligned_model": [[0.4378140738778948, 0.17461016186542683, 0.4255567809481427, 0.7507018898538195, 0.732947758352982, -0.3980225572215002, -0.42023442493192137, 0.34495604989078127, -0.06678973371933787, -0.6493104552789652, 0.2053911391488752, -0.2889531655950338, -0.0924913901516214, 0.053699707754150915], [-0.3546441168260333, 0.16971644167163047, 0.6526332907120908, -0.4473912496897253, 0.10760268420655383, -0.29621405794982225, -0.16323695439082464, -0.6079099248697298, -0.5888214621096657, 0.20494797539295342, 0.6392721333454153, 0.46194012569209475, 0.12181994281777622, 0.03243769182505137], [-0.357380240377023, -0.5426091429002303, -0.03126756132317049, 0.1410923483424542, 0.03145654161826861, 0.4463190815080389, -0.3496420620091729, 0.6020344488373375, 0.00389087391528406, 0.19772772235884253, 0.6397052336020354, -0.3356483408300316, 0.8010710155779923, 0.10804051703623616]], "inverted": false, "swapped": true, "error_lsq": 0.04189788152272491, "error_max": 0.2708934911005042, "target": "10.xyz", "model": "12.xyz", "model_rescale": 4.124412569039231, "target_rescale": 4.260839863003843},
{"mapping": [5, 4, 13, 1, 3, 12, 7, 11, 2, 8, 10, 14, 15], "R": [[0.5321314885435596, 0.349161406297271, 0.7713121231077129], [-0.7465418983787213, -0.23624085443842813, 0.6219850903834406], [0.39938862385590146, -0.9067946686249945, 0.13495242157062556]], "T": [0.18599085698156811, 0.0961189976055233, -0.01266795624335454], "aligned_model": [[-0.1857952119427135, -0.1513770598683816, 0.6787135399761048, -0.6243114494200303, 0.2731070265318413, 0.3520164588786199, -0.5357468108568282, 0.21087913876122513, 0.08976428678634352, -0.32707677996450335, 0.7107268137574018, 0.7316369059776148, 0.14476144889306358], [-0.3822757188485005, 0.4419817650236624, 0.6258718344452523, -0.13201012447983235, 0.0039139570197100765, -0.6225698049002425, 0.4772948839118432, -0.40558192029898604, 0.7404557764475178, 0.11114214477502045, -0.05803559926863265, 0.5290808384019786, 0.018217344279686423], [0.481203541684227, 0.4613072694163444, 0.2597743045874427, 0.19774565096931995, 0.6091602726283183, 0.10614753256631287, -0.02195514842358471, -0.5533453449582271, -0.1388658982610093, -0.5887398621507646, -0.4644414784743447, -0.3652810306857726, -0.031011727930423477]], "inverted": false, "swapped": true, "error_lsq": 0.04203487209979326, "error_max": 0.28888539162033255, "target": "10.xyz", "model": "13.xyz", "model_rescale": 3.9028299243045295, "target_rescale": 4.260839863003843},
{"mapping": [11, 14, 5, 7, 10, 9, 3, 13, 12, 8, 2, 1, 6, 4, 0, 15], "R": [[-0.9827334267785226, 0.05502404725839828, -0.1766560673043758], [0.182523244414153, 0.13175709518219975, -0.9743332762036204], [-0.03033606996092228, -0.9897537178977681, -0.1395252692771876]], "T": [-0.017902140166225614, 0.07711658559424572, -0.025671508926417154], "aligned_model": [[0.03727475805810224, -0.21779910968418315, -0.4927249950247217, 0.48319095936297796, -0.18017185174568562, 0.4505773064535292, 0.4282018747832542, -0.7072905302232689, -0.5062703745717059, -0.536911671877504, 0.12384947270689721, 0.28052636372924844, 0.6318682597699413, -0.09272453066492987, -0.04161616502197593, 0.05542875926711896], [0.10025349358590094, -0.47192419963553034, -0.0021857080577083327, -0.6712817351335565, -0.6498017684605456, -0.3548932645476184, 0.08533362522057067, -0.216497544831605, 0.34793784331632066, 0.5715836717063676, 0.7806327405245543, 0.46237933743033816, 0.14221986641289389, -0.2811714892143565, 0.3599673725435186, -0.0007533637259952985], [-0.7620660239310131, -0.6902360810447031, 0.14855890282973844, 0.07145528950322269, -0.000956143439209016, -0.4669650098290644, 0.40977439281556144, -0.292478071559467, -0.4408733910878468, 0.2617977351715399, 0.1390138564092036, -0.45545261117871105, -0.15971721919973778, 0.5447621324489085, 0.7532055587755706, -0.0647889895739509]], "inverted": false, "swapped": false, "error_lsq": 0.04015880529993766, "error_max": 0.22768680785016845, "target": "10.xyz", "model": "14.xyz", "model_rescale": 3.942246331269136, "target_rescale": 4.260839863003843},
{"mapping": [4, 7, 2, 8, 11, 9, 6, 13, 3, 14, 10, 12, 1, 0, 15], "R": [[0.012077029047136922, 0.9991450731390102, 0.039538186496563044], [0.46108350655455344, -0.040650914388266735, 0.886425125514138], [0.8872745602984187, 0.007525023683696952, -0.46118025615350017]], "T": [-0.11097081128128157, 0.0568538637814318, -0.016767766355288906], "aligned_model": [[-0.7419879477253619, -0.4651219689450937, -0.17709018043825114, 0.2038628684978705, 0.49360845417361027, 0.3662402008218003, -0.045793149689628276, -0.28174636413920323, -0.6141060355554847, 0.3199717359615162, 0.5301761148357874, 0.00508152599800879, -0.5617811051455887, 0.03624855055563368, -0.09326866267340575], [-0.015382556060016067, -0.5239969096546129, 0.06547690812099487, -0.6055147326533952, -0.2132850420892306, -0.03433052154085055, 0.5873583142351577, 0.715249831995002, 0.32838950024256414, 0.529772595157576, 0.3496197659340813, 0.09345917312465372, -0.6622375045677973, -0.5124361871059224, -0.003997945256553961], [-0.250626597506422, -0.46785080299149284, -0.6770019900048262, -0.256497890331759, 0.30906065410666067, -0.46353432922744814, 0.29083827325232686, -0.3841761978723922, 0.25870398710488035, -0.46415791055613387, 0.06341655335409824, 0.720380198474996, 0.16374343306193617, 0.5198897902809662, 0.04717530921512624]], "inverted": false, "swapped": true, "error_lsq": 0.042591795657914336, "error_max": 0.30659589518150854, "target": "10.xyz", "model": "15.xyz", "model_rescale": 4.355366556412066, "target_rescale": 4.260839863003843},
{"mapping": [11, 12, 0, 2, 8, 10, 7, 13, 5, 6, 3, 15], "R": [[-0.7869502950403293, 0.5677949143814558, 0.24149154920720134], [0.35505586092917635, 0.7368105001693068, -0.5753656424049819], [-0.5046231948253868, -0.3670411721357857, -0.7814321526539643]], "T": [-0.08677217984941388, 0.0970284689214551, -0.018691539677186477], "aligned_model": [[-0.21380789434041553, 0.4473306830789343, 0.1640517037120222, -0.5794897612388658, -0.5722976362889506, -0.3356368067395139, -0.34894728767959754, -0.1726140102499335, 0.5826454426865502, 0.21515252699042436, 0.46719968996675265, -0.05577809526562625], [-0.6294431198155566, -0.40440401212739685, -0.5372753905405321, 0.534575110934929, -0.23769319823855084, -0.2999610540622275, 0.3969590074368332, 0.682598984460051, 0.014934414498000412, 0.06962317166021977, 0.39890110918909466, 0.023961404346116114], [0.008808174237456199, 0.12791955974732805, -0.42919370646876015, -0.09703488018527781, -0.516234876976465, 0.5139213550070463, -0.7311467693701935, 0.47867839050458766, -0.413832090758882, 0.5183326648113532, 0.0502244906673537, -0.061183850006125806]], "inverted": true, "swapped": true, "error_lsq": 0.04346952089046461, "error_max": 0.24035418655261426, "target": "10.xyz", "model": "16.xyz", "model_rescale": 3.795458400668931, "target_rescale": 4.260839863003843},
{"mapping": [1, 5, 12, 7, 11, 3, 4, 8, 2, 13, 6, 14, 15], "R": [[-0.37430964144129575, -0.7762526717194058, 0.507271211456528], [-0.8520944590888124, 0.07211545378237305, -0.5183959819635053], [0.36582417240285425, -0.6262836026707448, -0.6884341100726488]], "T": [-0.018355680345046928, 0.11253025141463391, 0.04792429178220352], "aligned_model": [[-0.03583119445413558, 0.01702667276027691, 0.4801279964112056, -0.3662385529025956, 0.7108696522147145, -0.3270255363602092, -0.6094120720207458, 0.28825661755752247, -0.4488592857380916, -0.5614727805270163, 0.04337564613035252, -0.09263372065431613, 0.05044835848726028], [-0.39071163524571983, 0.18149424764795086, 0.5197327524211269, -0.6026291662315122, 0.024787358708845506, 0.5078080570861097, -0.04398690255697285, -0.5908131977510196, -0.2183271223749219, 0.4929894009330897, 0.722456404884699, 0.2682083495762331, 0.0927727183725772], [-0.6587218856790388, -0.7298851312481368, -0.33141113089165525, -0.13595361268144335, 0.11994425704483073, -0.34097121996786445, -0.24232629325924376, 0.1292866116776315, 0.4294415284860947, 0.4453071638354582, 0.1148862643460863, 0.8093496979246487, -0.006671218751072253]], "inverted": true, "swapped": true, "error_lsq": 0.03611607366015613, "error_max": 0.23185341801260514, "target": "10.xyz", "model": "17.xyz", "model_rescale": 3.7474275329858107, "target_rescale": 4.260839863003843},
{"mapping": [13, 3, 6, 4, 9, 8, 10, 12, 2, 11, 7, 5, 0, 15], "R": [[0.5674861929948289, 0.5190722567117471, 0.6391583630622466], [0.8164766612586888, -0.25442099401098434, -0.5183008966096121], [-0.10642030999814278, 0.8159864889314268, -0.5681907844212738]], "T": [0.06053901926236188, -0.07930285866713943, -0.025645322449513404], "aligned_model": [[0.41975969496681115, 0.061178970276371016, 0.590032513794668, -0.3950306403802351, 0.15476033517172177, -0.3516585592552519, 0.6670026512946832, 0.31075834018089826, -0.10931859728891238, 0.2447664466072777, -0.6992543504875466, -0.3091764087934325, -0.20374414622168918, 0.034771398017513146], [-0.43517704134952123, 0.2991051173889402, 0.1606859987131982, -0.13180869359863873, -0.6286531448282218, -0.3450887255430138, -0.19326292428179462, 0.5961117725510829, -0.6972696248463932, 0.09350467483284533, -0.3770656451037127, 0.5983326789651904, 0.43908047806013467, -0.018086679448862046], [-0.6104124284073104, -0.5351238174304758, -0.23142812713954283, -0.5234305193530028, 0.3278824849754453, 0.5699837274140354, 0.3242485842238483, 0.1728504787376895, -0.19775233551691007, 0.6677903902472223, -0.04402813274650489, -0.14859255762702445, 0.5176770130742692, 0.035129958209915844]], "inverted": false, "swapped": true, "error_lsq": 0.041249287169409864, "error_max": 0.28971461807985155, "target": "10.xyz", "model": "18.xyz", "model_rescale": 3.922800546911778, "target_rescale": 4.260839863003843},
{"mapping": [1, 8, 11, 5, 14, 7, 9, 3, 2, 12, 10, 6, 4, 13, 15], "R": [[-0.8860350402623722, -0.4402510001408276, -0.14533053465207432], [-0.4320275855221419, 0.6703139354169552, 0.6033501415709974], [-0.16820842064285937, 0.5973761669675441, -0.7841222113701408]], "T": [0.10430522574905207, 0.053068837089670945, 0.016402150493668284], "aligned_model": [[-0.34454182495488694, -0.2692981786271421, 0.4752535290646621, 0.14043046052748054, 0.2234027929600244, -0.6849156818561822, -0.04806477313122173, 0.2147802713528925, -0.3983704548965433, 0.7088268972685996, 0.6068844980607122, 0.6318538973211708, -0.3901159276418269, 0.10295717282787342, 0.12696815861200567], [0.7036589738455733, -0.11678947367540352, -0.06588837665854808, 0.8308958860883732, -0.6831469364348296, 0.1798265033010219, -0.5406324245761083, 0.4965387137080449, -0.3375427566263074, 0.4458569966807484, -0.4259208020798121, 0.046562067009378094, 0.356186684874395, -0.27362272622561756, 0.10162917580367072], [-0.34161378383572244, -0.6369672598024146, -0.6104166541287159, -0.05197541527686499, 0.24732129421444105, -0.1489744575022347, -0.22843963359830496, 0.4567327939414512, 0.2037390152364514, -0.17972593536298975, -0.1291786864006453, 0.33570551125027365, 0.3653405020386951, 0.7170513502902612, -0.055939473900351915]], "inverted": true, "swapped": true, "error_lsq": 0.04021091685354472, "error_max": 0.2618210171789156, "target": "10.xyz", "model": "19.xyz", "model_rescale": 3.9282355846067225, "target_rescale": 4.260839863003843},
{"mapping": [13, 14, 10, 2, 4, 9, 8, 11, 1, 5, 6, 3, 12, 15], "R": [[-0.41994163408805596, -0.8219871950765958, 0.3846895827671495], [0.2542886875087085, 0.30032671943453104, 0.9193155742174669], [-0.8711981906343422, 0.48388109357961373, 0.08290235166535007]], "T": [-0.058054898825548526, -0.09054748990112903, 0.03157117295119543], "aligned_model": [[-0.5199595310451115, -0.04283256339026913, 0.45367986698725066, -0.48046872334086344, -0.6869151213172355, 0.09702607614678045, 0.18372951155042355, 0.6624101363033019, -0.19332672363063663, -0.09110907052231969, 0.0699970815329138, -0.3620431933988276, 0.43946470069376864, 0.002870372515500985], [-0.710302373341137, -0.7596337159491083, -0.5618151127945894, -0.20549631970361015, 0.14427289165765933, -0.2562756957481902, 0.3649042491517336, 0.016607668323212935, 0.7594173894070948, 0.4342295268362336, -0.5403917366853295, -0.11551995487923548, -0.019076184573746227, -0.028038544276152447], [0.0452273492111677, -0.370440579682174, -0.1071556684701564, -0.4671358405696591, 0.11808642430759922, -0.5882105280435976, -0.5423860973233124, -0.08718564363801878, 0.14187913984340328, 0.609941250566042, 0.43350079251944673, 0.5881040430348694, 0.5843471821289348, 0.05361133335913787]], "inverted": true, "swapped": true, "error_lsq": 0.038734401062824296, "error_max": 0.22442025551139855, "target": "10.xyz", "model": "20.xyz", "model_rescale": 4.067790424073018, "target_rescale": 4.260839863003843},
{"mapping": [5, 13, 1, 0, 7, 2, 8, 3, 4, 6, 10, 11, 12, 9, 15], "R": [[-0.9892053208885045, -0.1291618356003975, -0.06921021131456442], [0.024632578830433474, 0.3190186413046088, -0.9474282783199602], [0.14445092310550756, -0.9389059200604165, -0.31239334834383004]], "T": [0.06791984252295932, 0.12888746349774316, 0.05516657183255597], "aligned_model": [[0.32477898717078135, 0.06950426675357602, -0.2123517186155295, 0.2519018548043632, -0.6624534830772225, -0.4962205366012956, -0.42908799890672567, 0.3679397413062657, -0.2577990157820519, 0.6094808567282727, 0.37792715347352224, 0.29234745720782485, 0.7275302507805871, -0.2884933066911862, 0.09343944535633356], [-0.22212100999340556, 0.9004181922283624, -0.4324905420399794, -0.6390896817275157, -0.0521017007958246, 0.4592558810297807, -0.4065431454982943, 0.37199647959559756, 0.3536431673414371, 0.4150541259121427, 0.15771399896397562, -0.4189259419676171, -0.21295653004784498, 0.12383187647447313, 0.043209970452559615], [-0.5943038844552819, 0.10391408651718656, -0.5441740634650332, -0.04547019680762431, -0.26119445148867276, 0.1689984623045327, 0.3034007441691531, -0.4484676300979848, -0.4939079027873963, 0.12675486934243724, 0.692563840002175, 0.49583424119690855, -0.02390307536875414, 0.6106748184020901, 0.04452971615740506]], "inverted": true, "swapped": true, "error_lsq": 0.03488525633076065, "error_max": 0.19292102082671259, "target": "10.xyz", "model": "21.xyz", "model_rescale": 4.186013935880536, "target_rescale": 4.260839863003843},
{"mapping": [9, 8, 10, 13, 4, 14, 2, 7, 12, 0, 1, 3, 15], "R": [[-0.6181310743424151, -0.21747076123320508, -0.7553942301480349], [-0.7228224987338733, -0.22042378348993025, 0.6549358678497493], [-0.3089362559759078, 0.9508521565841006, -0.020941968936892263]], "T": [0.09404656353613577, 0.01417371086951897, 0.04050482949888182], "aligned_model": [[0.03919334879963923, -0.5005971421463811, 0.5503570902789936, 0.5991434316326951, -0.18211309813748283, 0.560798679238652, -0.04781263727675014, -0.6364680671689125, 0.3069098651917736, -0.298634219536615, -0.6644205643350596, 0.278317026501078, 0.05390032238159521], [-0.28776902028933016, 0.02127043420315223, 0.1451335302479971, -0.5364240037938851, -0.31646463939559816, -0.44229449155775863, -0.6254131542720516, -0.33520545318219025, 0.7249984604305721, 0.6971041218665885, 0.27747191192511855, 0.10275935631989588, 0.0937896070435825], [-0.5438469616621106, -0.45109606108024236, -0.4866014295721808, 0.23889284932405883, 0.5625247547347345, -0.3876315848582953, -0.06513591563580877, 0.14331116913415978, 0.12775507839971342, -0.07427274659738882, 0.3696070681165179, 0.6413029009230925, 0.028070440109095235]], "inverted": true, "swapped": true, "error_lsq": 0.04683389404798362, "error_max": 0.2803792749599462, "target": "10.xyz", "model": "22.xyz", "model_rescale": 4.166573947596378, "target_rescale": 4.260839863003843},
{"mapping": [3, 4, 7, 6, 1, 2, 12, 0, 8, 10, 14, 9, 11, 13, 10, 15], "R": [[-0.9658631849133621, -0.1969815872264772, 0.16824554176189643], [-0.23848011979776215, 0.4224667797217061, -0.8744421378758096], [0.10117084802580878, -0.8847146852659953, -0.4550213019018225]], "T": [0.04324979025860179, 0.013551607953302515, -0.10419939137623936], "aligned_model": [[0.203200834702836, -0.28707995524416485, -0.6015643526507783, 0.4065438303091512, -0.12498989576594294, 0.3148393689500265, 0.6398110856061583, -0.6426243867986174, -0.5337982821143474, -0.3375122671227323, 0.28715780242129096, 0.13296141676790918, 0.7335173568725448, -0.16007005345141131, -0.3375122671227323, 0.02252828995790437], [0.07554117139710873, -0.260130304400035, -0.002859790604929994, -0.6019408462565305, -0.6790611484349695, -0.4939641170486007, 0.0476951855503192, -0.41251327740438676, 0.3459539268521654, 0.4214752193499802, 0.4958219298132271, 0.5814998550232028, 0.2398624183306951, 0.07289036845203767, 0.4214752193499802, -0.0499469328357154], [-0.6803934640820501, -0.7007176085760926, 0.20456432856446227, 0.1571320289340058, -0.11325690768834269, -0.4527336491058038, 0.16474333901694083, -0.22585911991956548, -0.5631148092720734, 0.395360230718966, 0.4736431317009533, -0.2769297564003894, -0.4114573139976051, 0.715528058177546, 0.395360230718966, -0.0868343916798758]], "inverted": true, "swapped": false, "error_lsq": 0.04723785912072654, "error_max": 0.30641167792410245, "target": "10.xyz", "model": "23.xyz", "model_rescale": 4.274766983524099, "target_rescale": 4.260839863003843},
{"mapping": [10, 6, 13, 2, 4, 7, 8, 1, 0, 5, 15], "R": [[0.7231994689707685, 0.5136989948485294, -0.4616230830147135], [0.6771914175327672, -0.6587016248090312, 0.327908452916212], [-0.13562563216575158, -0.5497504089726108, -0.824245215778707]], "T": [-0.006726506673460447, 0.11960036457042843, -0.11301932782375057], "aligned_model": [[0.356791735780703, 0.2389075498612727, -0.4717641417136854, -0.6076339931287135, -0.5183691437850748, -0.5162296423727383, 0.010075024665471388, -0.009382266755696228, 0.5831244785442641, 0.2514138298389871, 0.06296127302328507], [-0.06880101905016377, 0.5489172798680804, 0.47958892842805545, -0.12644049680489344, 0.37207829206417076, -0.22114452092227888, -0.6046321906776919, 0.03423180694985174, -0.09401384159504984, 0.49736181286715864, 0.09844048011624429], [-0.6923035288104169, -0.4813336930533029, -0.6148028746361076, -0.2498748911203313, 0.2510787190851944, 0.42604100937420475, 0.15255147304024297, 0.7504688113603394, 0.37709374259547657, 0.5207434804006882, -0.06009581421440992]], "inverted": false, "swapped": true, "error_lsq": 0.04415842663742917, "error_max": 0.24099483953758088, "target": "10.xyz", "model": "24.xyz", "model_rescale": 3.7841303162186577, "target_rescale": 4.260839863003843},
{"mapping": [5, 12, 10, 8, 9, 2, 1, 14, 13, 11, 6, 3, 4, 0, 7, 15], "R": [[0.07613336096036648, 0.9531080960443806, 0.2928970273040242], [-0.9027910818301897, 0.19059379222384987, -0.38554152686008747], [-0.423287105776628, -0.23507225191499678, 0.8749680351092022]], "T": [-0.038494837094753404, -0.024942279523578158, 0.02569302093159173], "aligned_model": [[0.32699894984203903, -0.21811917161749117, -0.6708603776772383, 0.3302522540143058, -0.24210520199882002, 0.38029944072589417, 0.6078170086930563, -0.6957405041068595, -0.5351994949252755, -0.4839535331127195, 0.24177931026756663, 0.1026306543859391, 0.6307396956050757, 0.16277506596896593, -0.20546807903388623, -0.016437491713458076], [0.020190980104747826, -0.17724040856902223, -0.2402594568711375, -0.4528537283541029, -0.5257827283756547, -0.4807297604849682, -0.12262812206014617, -0.31624290135548594, 0.3228274798861885, 0.5959693980484064, 0.6360344902430672, 0.5800062726464973, 0.19864814086449922, -0.13106237415126346, 0.25432927155449886, 0.040592324007424206], [-0.7703698070095248, -0.6952177119366716, 0.4244503926504104, 0.1999777259324361, -0.19756103305938746, -0.4051922921051543, 0.38034054730880884, -0.30967400670338174, -0.4686152579800379, 0.09960383177414037, 0.10682602526524368, -0.48726188207140475, -0.2168699750325068, 0.7253778792703479, 0.5886609572610422, 0.02055893354568168]], "inverted": true, "swapped": false, "error_lsq": 0.041117909313474504, "error_max": 0.24985706928930032, "target": "10.xyz", "model": "25.xyz", "model_rescale": 4.19342608120988, "target_rescale": 4.260839863003843},
{"mapping": [11, 12, 0, 2, 8, 10, 7, 13, 5, 6, 3, 15], "R": [[-0.7869502950403293, 0.5677949143814558, 0.24149154920720134], [0.35505586092917635, 0.7368105001693068, -0.5753656424049819], [-0.5046231948253868, -0.3670411721357857, -0.7814321526539643]], "T": [-0.08677217984941388, 0.0970284689214551, -0.018691539677186477], "aligned_model": [[-0.21380789434041553, 0.4473306830789343, 0.1640517037120222, -0.5794897612388658, -0.5722976362889506, -0.3356368067395139, -0.34894728767959754, -0.1726140102499335, 0.5826454426865502, 0.21515252699042436, 0.46719968996675265, -0.05577809526562625], [-0.6294431198155566, -0.40440401212739685, -0.5372753905405321, 0.534575110934929, -0.23769319823855084, -0.2999610540622275, 0.3969590074368332, 0.682598984460051, 0.014934414498000412, 0.06962317166021977, 0.39890110918909466, 0.023961404346116114], [0.008808174237456199, 0.12791955974732805, -0.42919370646876015, -0.09703488018527781, -0.516234876976465, 0.5139213550070463, -0.7311467693701935, 0.47867839050458766, -0.413832090758882, 0.5183326648113532, 0.0502244906673537, -0.061183850006125806]], "inverted": true, "swapped": true, "error_lsq": 0.04346952089046461, "error_max": 0.24035418655261426, "target": "10.xyz", "model": "26.xyz", "model_rescale": 3.795458400668931, "target_rescale": 4.260839863003843},
