[{"mapping": [1, 5, 3, 6, 11, 8, 0, 12, 9, 4, 2, 7, 13], "R": [[0.44089532852445673, 0.8965902447949209, -0.04168023780997396], [-0.8420298726450198, 0.42925255682610947, 0.32669241808107485], [0.3108005837490071, -0.10894115566135812, 0.9442112167012446]], "T": [-0.03352833111488484, -0.1808252620002165, -0.02121573276272004], "aligned_model": [[-0.24526420540462524, 0.24292306749901488, -0.44395426634520263, -0.17840311542547352, 0.6588345903776173, 0.4457294592209894, -0.6048489565295951, 0.10414988554609872, -0.01224831956997964, -0.12429560177838272, -0.6742189770451804, 0.28127137065454144, 0.06924287347133903], [-0.6826175315580802, -0.2064866470862123, -0.024649521520111545, 0.47684288538232045, -0.12881080163569522, 0.4351743340858856, -0.5130688816058006, -0.6673515345630207, -0.19898706789425966, 0.7262446639398497, 0.17320180940951366, 0.2834096845086166, -0.1040347576821665], [-0.21204694397749863, -0.725003611289684, -0.30469411919375355, -0.383196656261508, -0.09185511058158291, -0.059105040579498114, 0.3770547215616642, 0.260664920593982, 0.7108774864925483, 0.26582029048603995, 0.21423824222214713, 0.4855204359496488, 0.07918924823859927]], "inverted": false, "swapped": false, "error_lsq": 0.04842932078864959, "error_max": 0.26507905155709777, "target": "1000.xyz", "model": "0.xyz", "model_rescale": 3.8414455957264533, "target_rescale": 3.885655649181201},
{"mapping": [3, 2, 4, 7, 6, 9, 1, 10, 11, 13, 0, 8, 14], "R": [[-0.9914974819238838, 0.050141566660507904, -0.12007733604401497], [0.09199359565650278, -0.38254257787260343, -0.9193466998215477], [-0.09203217750757245, -0.9225762837876404, 0.37467729968040725]], "T": [0.01029225736684787, -0.03788220686344405, 0.03602917593681058], "aligned_model": [[-0.3480646611937615, 0.1944942162862165, -0.33962571470708136, -0.1773853231161313, 0.7126630833223202, 0.32124623385591383, -0.6446293977002315, 0.3771796155952111, -0.41613429025857895, -0.0640347130627149, -0.6490618769867621, 0.5792632898124965, -0.026992657175735013], [-0.7160790112951444, -0.13784335637944148, -0.16743785283862822, 0.4304504887444184, -0.20167316094835613, 0.5498534433251341, -0.5287042369883722, -0.540472571717673, -0.04261945977316687, 0.5671214482137794, 0.2621429297499062, 0.20225065329858874, -0.10812267961020475], [-0.12210461367954772, -0.6715597828069915, -0.35968534523193846, -0.3619615452412713, -0.26376228489925824, -0.116889462549438, 0.3165095703264774, 0.32094651822803627, 0.7738661227245832, 0.48690951421881273, 0.008562606837107488, 0.5288887616290289, 0.0777438041055036]], "inverted": true, "swapped": false, "error_lsq": 0.046008709227979123, "error_max": 0.23903571890155983, "target": "1000.xyz", "model": "1.xyz", "model_rescale": 4.316132596720782, "target_rescale": 3.885655649181201},
{"mapping": [9, 3, 10, 7, 8, 11, 0, 4, 2, 5, 1, 12], "R": [[0.27306667159701714, -0.3468417112501479, 0.8972933857997597], [-0.48311491979261006, 0.7571466328967642, 0.4396918813975], [-0.8318861503455309, -0.553561020692536, 0.039187105444661134]], "T": [-0.005982194262641294, 0.014634588664654646, -0.06351064651244187], "aligned_model": [[-0.1813145923347706, 0.3946833866722194, 0.08377514588367366, -0.6308724742904026, -0.5812181325698391, -0.5257010051031408, -0.05327197680490561, -0.1699234639211573, 0.5590733191423412, 0.32518110982198395, 0.4524410820942124, -0.07504384395843391], [-0.7634223969803777, -0.3279049552633569, -0.5207253586404019, 0.47452860942713815, -0.295306716693283, -0.2282129775885712, 0.48323510441960854, 0.5643528473889424, 0.02906683394445459, -0.06009925759828224, 0.5898334583914477, 0.06743123693366183], [0.21666532078525086, 0.020062742267284744, -0.4998326097992012, -0.126886624236405, -0.3328836990068699, 0.3672587605383106, -0.6274661073921222, 0.36700538534761185, -0.39395701940506983, 0.6083893589070728, -0.09567475662473364, -0.05342229017170816]], "inverted": true, "swapped": true, "error_lsq": 0.04027459019800924, "error_max": 0.222535110365335, "target": "1000.xyz", "model": "2.xyz", "model_rescale": 3.795458400668931, "target_rescale": 3.885655649181201},
{"mapping": [5, 4, 1, 6, 3, 10, 0, 11, 7, 8, 2, 12], "R": [[0.01957191717494193, 0.27975703822521314, 0.9598713140945272], [-0.8433106730305141, 0.5203347321676781, -0.1344577080453636], [-0.5370698733041344, -0.8068381287863432, 0.24610604447195908]], "T": [0.06573497543842695, 0.029783322457732016, -0.03746678317571355], "aligned_model": [[-0.052744985223601146, -0.09385847004051752, -0.650521565313852, 0.1442087459816791, -0.01757256045927426, 0.27267958833276806, -0.26577409482799297, 0.6748669006894742, 0.25102539569840876, 0.6659970320350984, -0.4222673070556595, 0.08726514592703463], [-0.013054893753773524, -0.6411229839488902, -0.14042966151441116, 0.2691316948577193, 0.46283573417430873, 0.6529806397583214, -0.112947731632139, -0.24199283611558126, -0.617775947578559, 0.06412750263354687, 0.45424122880010503, -0.05022370039093771], [-0.7796468726321625, -0.23450895567850233, -0.03081261629126316, 0.8342543505401928, -0.3380931648881583, 0.1945731699323361, 0.60253174126337, -0.3015517734695972, 0.35284250304313985, 0.33405411744186425, 0.06441592544105529, -0.009286994063174403]], "inverted": false, "swapped": true, "error_lsq": 0.05055228824309207, "error_max": 0.24149238245466367, "target": "1000.xyz", "model": "3.xyz", "model_rescale": 3.7530521520055578, "target_rescale": 3.885655649181201},
{"mapping": [1, 5, 3, 9, 2, 11, 0, 4, 7, 8, 12], "R": [[0.8417688348720778, -0.4305395764825205, -0.3256699275652528], [-0.45614657124934166, -0.2446217005159897, -0.8556228895805297], [0.28871358502082023, 0.8687899036699941, -0.4023040754274163]], "T": [0.0007700640397839756, -0.09607109091882148, 0.017978336609382584], "aligned_model": [[-0.44788075466200206, -0.22391720817258817, 0.2959555804577888, 0.5339847880601684, 0.19412951304300313, -0.036211846571150556, -0.14606209728843403, -0.6993172771953903, -0.42628756371618515, 0.35007307558321654, -0.05626660709322127], [-0.6778844834357016, -0.014567194567276273, -0.262539715510016, 0.44572320582269953, -0.7163108866622739, 0.613753166744127, -0.4891620373978077, 0.05604819754293845, 0.22114735564802745, 0.34445295403708065, -0.053457203907451956], [-0.029411421632922596, -0.6958680359509337, -0.3943376419024361, -0.3518238990276961, -0.06329618306542219, -0.0791129933240537, 0.6211270354811076, -0.015909629998081834, 0.5863102173726256, 0.44628641596312235, 0.06886691333000715]], "inverted": true, "swapped": true, "error_lsq": 0.04314958043941491, "error_max": 0.23444990480908523, "target": "1000.xyz", "model": "4.xyz", "model_rescale": 3.7855080009869324, "target_rescale": 3.885655649181201},
{"mapping": [1, 0, 2, 9, 7, 10, 12, 6, 13, 15, 14, 8, 16], "R": [[0.4855079189857906, -0.8538367068557964, 0.18773635403867847], [-0.8487782481621537, -0.4089330964998595, 0.3351853338584822], [-0.2094219330654564, -0.3220816676134885, -0.9232582809476674]], "T": [0.010812872004957667, -0.0917060036614905, 0.01289763364786372], "aligned_model": [[-0.26752399568213797, 0.03718102172841304, -0.5362824742194492, -0.2325993578251251, 0.7555915837942705, 0.44132739122125664, -0.5532980772939026, 0.37848648887556074, -0.13949578126071888, -0.09333236408690926, -0.593165071969765, 0.3556233767469066, -0.033594935357237996], [-0.7331713346445876, -0.4608956109125645, -0.0047040402595802805, 0.5208670516170261, -0.15702520120713803, 0.487055925555296, -0.3900315292668922, -0.4967898763134265, -0.16315380258312318, 0.6052895381116061, 0.19867103856583762, 0.22490131522696055, -0.06214684010857441], [-0.27719675827009793, -0.673744658887684, -0.47587944036696833, -0.256209701006792, -0.03616910430518256, -0.09033100630979035, 0.2492151756618928, 0.36898784081672364, 0.7180005762442699, 0.4402956814132373, 0.10557565192752225, 0.5384215583263594, 0.006498048417613594]], "inverted": true, "swapped": false, "error_lsq": 0.037142646729527065, "error_max": 0.20825039629476394, "target": "1000.xyz", "model": "5.xyz", "model_rescale": 4.2253639853439635, "target_rescale": 3.885655649181201},
{"mapping": [7, 11, 6, 5, 9, 8, 3, 0, 4, 10, 2, 1, 13], "R": [[-0.3114656158579712, -0.832916236128491, 0.4574272769870227], [0.9313463757102869, -0.3631284236061694, -0.02704951793677146], [0.18863482867574596, 0.4175982418100513, 0.8888355358825534]], "T": [0.021875433927840346, -0.038520391880282244, 0.01508231529980758], "aligned_model": [[-0.18597755166154867, 0.00016384299835574268, -0.48271499644461163, -0.24890595765408624, 0.6198037494562686, 0.5143018146428664, -0.5096908588925686, 0.32036403820538295, -0.23964297285038022, -0.06760018493906769, -0.5701266806729212, 0.3959740798150371, -0.02703051733156519], [-0.7850266602782211, 0.016785726211114946, -0.23082353303385061, 0.4463711796550782, -0.16050176021402832, 0.4775285870349486, -0.4679725613417617, -0.6923787586635266, -0.04954867257253864, 0.6915279825693748, 0.24168658633283877, 0.15203789686938343, -0.070819378787972], [-0.1549669236019684, -0.7608195012557146, -0.33438294420694725, -0.2887249727589363, 0.0009861188572805324, -0.17746530617378728, 0.20486530500209352, 0.3706613341276799, 0.6726519406229969, 0.274959130312106, 0.1606472757337355, 0.6171151413918996, 0.03193726561066604]], "inverted": true, "swapped": false, "error_lsq": 0.04834241615944002, "error_max": 0.34953694221432463, "target": "1000.xyz", "model": "6.xyz", "model_rescale": 3.89814844738969, "target_rescale": 3.885655649181201},
{"mapping": [0, 7, 3, 8, 4, 11, 1, 2, 5, 9, 6, 10, 12], "R": [[-0.7842140455804011, -0.3081490759353632, -0.5385652028441892], [0.6016496364160507, -0.1653674660637815, -0.7814546155523547], [0.15174335476341255, -0.9368552439773319, 0.31508126906771106]], "T": [0.007983478976758912, -0.060917906653732826, -0.04153575566428644], "aligned_model": [[-0.2993016895102474, 0.13690738760031887, -0.5789517252682075, -0.1944011344835428, 0.6020841806941343, 0.5057497726025136, -0.40956857591193563, 0.29895207697638937, -0.33949707873557755, -0.1213621291943775, -0.6421511823432244, 0.42510054087632343, 0.13535736136859458], [-0.5514590151451675, -0.1732995704361598, -0.07418702522065318, 0.5283995359992025, -0.3009391586467436, 0.5513104562575243, -0.599746336179322, -0.5291355059740236, -0.0012224110093788793, 0.6248207809154639, 0.10018929453872456, 0.06813126458323178, -0.07399567590185904], [-0.16785136664018946, -0.6755891185421072, -0.5962545431415882, -0.3050356462416117, -0.11174930987502035, -0.22249298210216936, 0.4585750490850776, 0.40305101785224495, 0.6500351473070044, 0.5161182993306794, 0.05198024779000025, 0.5486026443127475, 0.06807442452603639]], "inverted": true, "swapped": false, "error_lsq": 0.04392390185194084, "error_max": 0.33051104254972113, "target": "1000.xyz", "model": "7.xyz", "model_rescale": 3.7474275329858107, "target_rescale": 3.885655649181201},
{"mapping": [0, 1, 3, 8, 12, 4, 6, 10, 7, 9, 5, 11, 14], "R": [[-0.5083145264887441, -0.8503369050480512, -0.13617448393082154], [-0.6925501792730056, 0.4976263761485362, -0.5222472967380525], [0.5118501649403384, -0.17115822409273024, -0.8418516917937335]], "T": [0.08793710346283648, -0.0208966595688162, -0.03300650978429867], "aligned_model": [[-0.15812945363530645, 0.25426328416053434, -0.5672805041524672, -0.2274693444666455, 0.6651140217181145, 0.2815424928066885, -0.5598255790987561, 0.14132663136425305, -0.19341538200853944, -0.05640191119123458, -0.5495004227341338, 0.37051620586387457, 0.11817776604477942], [-0.5998526810176457, -0.39302659675847085, -0.07945000667375218, 0.5566366108774077, -0.21984094865235135, 0.6297000474800278, -0.45461213940457096, -0.5896430058341653, -0.0669175811768628, 0.5035624806800407, 0.19115920760157218, 0.08949030117784743, 0.0016609454817626476], [-0.2291554642372105, -0.664399201784763, -0.31830622797255603, -0.21240664910620732, 0.05604737094945933, -0.42219377041822737, 0.2103707447593318, 0.4659328769236877, 0.5855405665303846, 0.5003313748128114, 0.2154430291896932, 0.5096201808356939, -0.07936096682099333]], "inverted": true, "swapped": false, "error_lsq": 0.04692779332214328, "error_max": 0.24670491089789562, "target": "1000.xyz", "model": "8.xyz", "model_rescale": 4.019505241142653, "target_rescale": 3.885655649181201},
{"mapping": [6, 5, 11, 8, 3, 4, 10, 2, 1, 7, 9, 0, 12], "R": [[0.2949582770669047, -0.5811966315774497, -0.7584260611508217], [-0.07838662248751227, -0.8057822022218831, 0.587001345822523], [-0.9522894267000575, -0.1136904482596453, -0.28323017100901793]], "T": [-0.07582503600319233, -0.09727011117924875, 0.06657494923373522], "aligned_model": [[-0.22041059978487565, 0.215287731974232, -0.44499151155296873, -0.29152675198289846, 0.7563624961322771, 0.5059004169445788, -0.7447162990144016, 0.3408811647356747, -0.28256505310466584, 0.06597275564217782, -0.6701416891718137, 0.360396038090382, -0.07153089423653708], [-0.7586758647837836, -0.19441990610487778, -0.03503907140242263, 0.4871315324265654, -0.18305185312160824, 0.46100786002313143, -0.6505162618370368, -0.4813875655669997, -0.1793555030293234, 0.7585803969438386, 0.23372107167244274, 0.20531516918904172, -0.09444337062812841], [-0.19743126624546123, -0.5303672530006086, -0.43050948525545807, -0.19435496484346523, -0.12980787040530217, -0.12711520411946475, 0.35757827098006545, 0.2362271986061247, 0.7044039670310277, 0.3254132850838285, 0.1341960559337123, 0.4418074114384084, 0.027423718457697262]], "inverted": false, "swapped": false, "error_lsq": 0.03985280328832845, "error_max": 0.24109770675510267, "target": "1000.xyz", "model": "9.xyz", "model_rescale": 3.877068213659057, "target_rescale": 3.885655649181201},
{"mapping": [2, 7, 4, 5, 8, 0, 13, 9, 6, 12, 3, 11, 15], "R": [[0.3460431481888661, -0.7352696206916493, 0.5827801682276925], [-0.7318722461741464, 0.17711014333294534, 0.65802356523805], [-0.587041016345152, -0.6542251768439844, -0.476835677264096]], "T": [-0.06929950063681356, -0.08905941250664245, 0.11753069157335616], "aligned_model": [[-0.10054862349117566, 0.10503453066350574, -0.4570365276869895, -0.2326275807089191, 0.6289233067325166, 0.4192173402495017, -0.642932847692775, 0.3472935830824105, -0.407816010265833, -0.03717743797818751, -0.6259587605878366, 0.5384531849934862, -0.01590635263854287], [-0.7064980101579696, -0.3109028040864995, -0.17183571879193502, 0.5948189992698669, -0.22022085619854131, 0.5288453066734391, -0.5626131533275851, -0.5850451590088213, 0.06437951761377736, 0.581076208917592, 0.2059330148838991, 0.1680617456392277, -0.017132457645611], [-0.12360916079597081, -0.6484195186620967, -0.43101170488932905, -0.2239802136822875, -0.1834751601406036, 0.002156995181025856, 0.3280779158807263, 0.2443914253077843, 0.6096360081031973, 0.4462884104218128, 0.040906421128276166, 0.44795565946559796, 0.10854678634297123]], "inverted": true, "swapped": false, "error_lsq": 0.04537720391045204, "error_max": 0.2934350147744328, "target": "1000.xyz", "model": "10.xyz", "model_rescale": 4.260839863003843, "target_rescale": 3.885655649181201},
{"mapping": [6, 2, 1, 0, 4, 7, 8, 10, 3, 5, 11, 12], "R": [[-0.7815231996639184, 0.5212610513772431, 0.34279498932184327], [0.409120488056792, 0.013385056628153702, 0.9123821932234506], [0.4710009709536105, 0.8532923042991496, -0.22371930802817164]], "T": [0.016154065360005063, 0.01902217824627138, 0.05649372517837115], "aligned_model": [[0.33666034365879904, 0.17570069399556415, -0.4629631850022873, -0.20894631606799174, -0.6668669758842386, -0.4386677785488813, 0.3534141994708335, 0.6816748328639685, 0.33566656952002666, -0.13816276907705333, 0.03372935277433066, -0.04234031860893944], [-0.02682070751831915, -0.6102593805055888, -0.5382887418115103, -0.21326819974089217, 0.18766368723419896, 0.4794846697446378, 0.5337213965767513, -0.08582269772144528, -0.25263563965803465, -0.06195402739345181, 0.6864346264831833, 0.07482351984340488], [-0.7911604887535678, -0.02859694056666994, 0.013003854982274306, -0.6032331329457066, 0.19596865563019042, -0.3760779696713533, -0.2911586234212743, -0.11995221254555563, 0.3865915104924655, 0.7888413665084711, 0.3189753398452842, 0.02297671784094677]], "inverted": false, "swapped": true, "error_lsq": 0.04927034625735263, "error_max": 0.24052696095753665, "target": "1000.xyz", "model": "11.xyz", "model_rescale": 3.890672605050136, "target_rescale": 3.885655649181201},
{"mapping": [0, 6, 8, 5, 11, 9, 3, 2, 4, 12, 7, 10, 13], "R": [[-0.4197411914181179, 0.8731207043334381, -0.24794670373122568], [-0.5737488793651753, -0.04356489863328519, 0.8178718255535384], [0.7032990513672721, 0.4855536378932331, 0.5192380081181872]], "T": [0.04650642325518509, -0.12201922112292463, -0.0821441823302329], "aligned_model": [[-0.23688694306643618, 0.21724461090621403, -0.539665631687363, -0.24008059881561736, 0.5895865399809397, 0.41651556407323037, -0.77882828193888, 0.4341453769203487, -0.1135261061364623, -0.030839696075965088, -0.619354251079901, 0.4709763427076395, -0.05036912111658615], [-0.6400759153676037, -0.24131766874929916, -0.15785502069063412, 0.57909523322227, -0.14190555262336102, 0.5001721579595314, -0.44859816219457094, -0.4016959305447109, -0.37332534695391106, 0.46569991880032713, 0.32201712096369045, 0.16908720837144003, -0.06243140841232871], [-0.08210924824469032, -0.6194287397233675, -0.4996476713119494, -0.2590017027354711, 0.004057236056286259, -0.368136384195887, 0.17326132985144138, 0.4442407656641669, 0.5521206397129523, 0.36922699213415144, 0.21183789119936935, 0.64903489192561, 0.04200786332849146]], "inverted": false, "swapped": false, "error_lsq": 0.04916849978970655, "error_max": 0.30036212359311715, "target": "1000.xyz", "model": "12.xyz", "model_rescale": 4.124412569039231, "target_rescale": 3.885655649181201},
{"mapping": [0, 3, 6, 9, 5, 7, 1, 4, 2, 11, 8, 10, 12], "R": [[0.4322439405090068, -0.8920082814483782, -0.1322361589004946], [0.1634521555302159, 0.22171515626857158, -0.961314611525971], [0.8868193551934758, 0.39390813054354895, 0.24163570916963856]], "T": [0.009499403932127712, -0.07690865332207683, -0.08570743976134337], "aligned_model": [[0.14079560384929152, -0.11083554435066048, -0.6066930316773489, -0.1395614567252056, 0.7318417014394549, 0.49654726295068413, -0.6174372324285802, 0.25693288497080674, -0.2531723781052155, -0.20581609284490954, -0.5541381809520737, 0.34212368717385105, 0.03833058137106675], [-0.6145694568500677, -0.21420892805528224, -0.03771463177786116, 0.4748013947090216, -0.30459911696388353, 0.29245127118660774, -0.5300375519115362, -0.5529952443895694, -0.08130615895252824, 0.6185002942147229, 0.26413376663702715, 0.29688433178327756, -0.04247333584908869], [-0.2602054673461058, -0.775215605446052, -0.34335744608180124, -0.3721304743134024, -0.07454782190823799, -0.22511799785657205, 0.16823931481637783, 0.48909207834592, 0.7348897272545301, 0.5929666306656269, 0.19871981208486278, 0.45674031143822497, 0.027390802007732737]], "inverted": false, "swapped": false, "error_lsq": 0.05466354618949033, "error_max": 0.39522113537184433, "target": "1000.xyz", "model": "13.xyz", "model_rescale": 3.9028299243045295, "target_rescale": 3.885655649181201},
{"mapping": [12, 8, 5, 4, 2, 0, 14, 1, 9, 7, 10, 6, 15], "R": [[-0.3810320251588673, -0.11815284579218355, -0.9169811889207657], [-0.45176882368049165, -0.8415442420408914, 0.29615573375872173], [-0.8066718823373462, 0.527108332052369, 0.2672775346475876]], "T": [0.0036384863793980857, -0.06510630166126138, 0.015064872001647536], "aligned_model": [[-0.14273094873942357, 0.20200599931272434, -0.2674123166008451, -0.17934438088468704, 0.6896647096723263, 0.41944616847329314, -0.7165248943309924, 0.3629934691154475, -0.2104681397778568, -0.3108570144710176, -0.6636073074072477, 0.36622893262131684, -0.030476472311876265], [-0.6986329234238602, -0.2511231898130425, -0.050560401174570425, 0.5410835189337365, -0.222549935631235, 0.4176343735826864, -0.4047387024802731, -0.49380542888843404, -0.05051287599065919, 0.5468078922069773, 0.24905423380283823, 0.019968478458962158, -0.03375840580228625], [-0.23284700133634417, -0.7078149289975215, -0.4190108272006337, -0.22662593373478745, -0.20110472029235388, -0.5152952143750034, 0.4011544861855155, 0.34563984147187243, 0.7599077017492503, 0.6043708664770137, 0.12201724775793182, 0.5679651454061909, 0.1191072005499738]], "inverted": false, "swapped": false, "error_lsq": 0.0464253604100227, "error_max": 0.28055557031884215, "target": "1000.xyz", "model": "14.xyz", "model_rescale": 3.942246331269136, "target_rescale": 3.885655649181201},
{"mapping": [12, 0, 8, 6, 5, 9, 13, 3, 4, 10, 11, 10, 14], "R": [[0.3542064039106869, -0.04422366177199469, -0.9341210259747585], [0.39572755744909804, 0.9121282970341238, 0.10687221353092613], [0.847311940022109, -0.40751225440360106, 0.3405822056521224]], "T": [0.01982067226889435, -0.061068934410800926, -0.015340277784905668], "aligned_model": [[-0.2114684349796902, 0.08512089121296144, -0.5174184618265266, -0.18612846424240714, 0.6340866620586444, 0.46843504999853236, -0.6224287765786073, 0.32977149504882525, -0.09817049705137403, 0.10013453105754085, -0.6052209883238118, 0.10013453105754085, 0.042070267239533624], [-0.8449828278699879, -0.27705271763541817, 0.036255668535641855, 0.42471897667440844, -0.2144992795122, 0.6010159939249647, -0.46085017181380333, -0.5711922469363715, -0.10916582016757731, 0.43153409373539003, 0.24042119976274345, 0.43153409373539003, -0.11887032865234057], [-0.02312582031959535, -0.7152005278763762, -0.5637406431617995, -0.20077071744392933, -0.05911220005019378, -0.10781186205399389, 0.28235160013741983, 0.38497537763794853, 0.5568736249346455, 0.4944562078746584, 0.16504166747592247, 0.4944562078746584, -0.09092905136826078]], "inverted": false, "swapped": false, "error_lsq": 0.04785094947606823, "error_max": 0.3459717356876246, "target": "1000.xyz", "model": "15.xyz", "model_rescale": 4.355366556412066, "target_rescale": 3.885655649181201},
{"mapping": [9, 3, 10, 7, 8, 11, 0, 4, 2, 5, 1, 12], "R": [[0.27306667159701714, -0.3468417112501479, 0.8972933857997597], [-0.48311491979261006, 0.7571466328967642, 0.4396918813975], [-0.8318861503455309, -0.553561020692536, 0.039187105444661134]], "T": [-0.005982194262641294, 0.014634588664654646, -0.06351064651244187], "aligned_model": [[-0.1813145923347706, 0.3946833866722194, 0.08377514588367366, -0.6308724742904026, -0.5812181325698391, -0.5257010051031408, -0.05327197680490561, -0.1699234639211573, 0.5590733191423412, 0.32518110982198395, 0.4524410820942124, -0.07504384395843391], [-0.7634223969803777, -0.3279049552633569, -0.5207253586404019, 0.47452860942713815, -0.295306716693283, -0.2282129775885712, 0.48323510441960854, 0.5643528473889424, 0.02906683394445459, -0.06009925759828224, 0.5898334583914477, 0.06743123693366183], [0.21666532078525086, 0.020062742267284744, -0.4998326097992012, -0.126886624236405, -0.3328836990068699, 0.3672587605383106, -0.6274661073921222, 0.36700538534761185, -0.39395701940506983, 0.6083893589070728, -0.09567475662473364, -0.05342229017170816]], "inverted": true, "swapped": true, "error_lsq": 0.04027459019800924, "error_max": 0.222535110365335, "target": "1000.xyz", "model": "16.xyz", "model_rescale": 3.795458400668931, "target_rescale": 3.885655649181201},
{"mapping": [0, 7, 3, 8, 4, 11, 1, 2, 5, 9, 6, 10, 12], "R": [[-0.7842140455804011, -0.3081490759353632, -0.5385652028441892], [0.6016496364160507, -0.1653674660637815, -0.7814546155523547], [0.15174335476341255, -0.9368552439773319, 0.31508126906771106]], "T": [0.007983478976758912, -0.060917906653732826, -0.04153575566428644], "aligned_model": [[-0.2993016895102474, 0.13690738760031887, -0.5789517252682075, -0.1944011344835428, 0.6020841806941343, 0.5057497726025136, -0.40956857591193563, 0.29895207697638937, -0.33949707873557755, -0.1213621291943775, -0.6421511823432244, 0.42510054087632343, 0.13535736136859458], [-0.5514590151451675, -0.1732995704361598, -0.07418702522065318, 0.5283995359992025, -0.3009391586467436, 0.5513104562575243, -0.599746336179322, -0.5291355059740236, -0.0012224110093788793, 0.6248207809154639, 0.10018929453872456, 0.06813126458323178, -0.07399567590185904], [-0.16785136664018946, -0.6755891185421072, -0.5962545431415882, -0.3050356462416117, -0.11174930987502035, -0.22249298210216936, 0.4585750490850776, 0.40305101785224495, 0.6500351473070044, 0.5161182993306794, 0.05198024779000025, 0.5486026443127475, 0.06807442452603639]], "inverted": true, "swapped": false, "error_lsq": 0.04392390185194084, "error_max": 0.33051104254972113, "target": "1000.xyz", "model": "17.xyz", "model_rescale": 3.7474275329858107, "target_rescale": 3.885655649181201},
{"mapping": [4, 0, 8, 3, 2, 1, 5, 9, 12, 11, 10, 7, 13], "R": [[0.8294530840065165, 0.5209120497161155, -0.20163883031954521], [-0.49940594360616436, 0.5298872550428685, -0.6854292089150936], [-0.2502024878431784, 0.6692310015261468, 0.6996631915953526]], "T": [-0.004580984763639349, -0.025287092866371978, 0.061086184053111885], "aligned_model": [[-0.23873135449745822, 0.25997388849438824, -0.5075449481416073, -0.26852485427264905, 0.6683134159730928, 0.3845378272208051, -0.5653527934487426, 0.16113722935445546, -0.17740155355227175, -0.0757898460728087, -0.643676577703826, 0.45042224667582664, 0.07155512464195657], [-0.7462668609301177, -0.20804753918520008, -0.10373393939767137, 0.49674311685539485, -0.17143212006140396, 0.4734621615667788, -0.4157722651687731, -0.5751242247447079, -0.13999913257706909, 0.6291168358053097, 0.1885554296168137, 0.20693707361691216, -0.06557190161542677], [-0.27742171898146867, -0.7107633667517332, -0.4465827976969265, -0.28301739802021286, -0.11121436816016544, -0.21883192570734583, 0.2983123324143244, 0.40451123813826445, 0.7795645221138254, 0.3584436423691502, 0.21030940317773816, 0.6146774393282335, -0.0005231385625795379]], "inverted": false, "swapped": false, "error_lsq": 0.03567180485198556, "error_max": 0.18585347990036014, "target": "1000.xyz", "model": "18.xyz", "model_rescale": 3.922800546911778, "target_rescale": 3.885655649181201},
{"mapping": [10, 2, 9, 3, 1, 0, 11, 6, 13, 12, 7, 8, 14], "R": [[0.7033069904411279, 0.3302479285368412, 0.6295201211190704], [0.5515412406234236, -0.8121952242588129, -0.1901083311766003], [0.4485103533790702, 0.4809108268570199, -0.7533679310426475]], "T": [0.061529120980853065, -0.032312801245545454, 0.1495699939091007], "aligned_model": [[-0.14661165030466708, 0.05776016721511102, -0.4453251128261211, -0.14392537009690082, 0.7243784676431061, 0.3779601531839403, -0.5653298910286995, 0.44471803199766746, -0.33620002484998374, -0.1515948750230842, -0.6720920401820336, 0.4006811803648648, -0.02550123142203812], [-0.7500034495755067, -0.21842503224379703, -0.15053016168617356, 0.46805938706630823, -0.1737083124213849, 0.5022372287384188, -0.36083281241058285, -0.5940400241840665, -0.051298095181972266, 0.6602569459094912, 0.27908292501120946, -0.04461615653583995, 0.0026841912947354607], [-0.15407157091971996, -0.5421503218603232, -0.4764225198459597, -0.191846714594003, -0.1481229300655768, -0.4095098778265129, 0.22935717392779992, 0.26531349220009204, 0.7092706567557743, 0.45541203192780677, 0.09440014143783221, 0.6587017667202302, 0.12713253580366404]], "inverted": true, "swapped": false, "error_lsq": 0.042990845802933136, "error_max": 0.3049612219828275, "target": "1000.xyz", "model": "19.xyz", "model_rescale": 3.9282355846067225, "target_rescale": 3.885655649181201},
{"mapping": [9, 12, 7, 5, 10, 2, 8, 11, 4, 3, 6, 0, 13], "R": [[0.0717065276607586, 0.8797007027473684, -0.4700902546071586], [-0.1284034744430793, 0.47552339278326217, 0.8702815927427405], [0.9891262415090314, -0.0020436491092653553, 0.14705475802073145]], "T": [-0.11711127377289854, -0.013018580120274584, 0.0297669276939641], "aligned_model": [[-0.1081412915841426, 0.06822330607762095, -0.27475472315947147, -0.2451667822137697, 0.6869856052777014, 0.34819115237604037, -0.6210023380485958, 0.28221374165824453, -0.2178039708162929, -0.14407126398434728, -0.6959641323659459, 0.4149120943319641, 0.025296407122156], [-0.6930957696550456, -0.5367706919245314, 0.05407968331085421, 0.6666935020919008, -0.17769422903719362, 0.4770107895659225, -0.5224372639246815, -0.47093039360361044, -0.1505184368412794, 0.503063986198515, 0.2895964439683222, 0.07623621185558808, 0.0536328017760791], [-0.09608767465257467, -0.6137617539976745, -0.5691856098995023, -0.06658360059379886, -0.23204309645778953, -0.4414878647747571, 0.2851254581218249, 0.40952931978838225, 0.6383083109240961, 0.5768382327458447, 0.043822864218426676, 0.6206829167283969, 0.06230636151022948]], "inverted": true, "swapped": false, "error_lsq": 0.047471473223077286, "error_max": 0.26854117888842, "target": "1000.xyz", "model": "20.xyz", "model_rescale": 4.067790424073018, "target_rescale": 3.885655649181201},
{"mapping": [2, 4, 6, 13, 8, 1, 3, 0, 12, 10, 11, 9, 14], "R": [[0.03981669606038324, 0.8257341890530246, -0.5626523613598181], [0.061765735264211086, 0.5599880913108455, 0.8261950929031885], [0.9972961569474271, -0.06764899569824015, -0.028705203690499143]], "T": [0.006460295726394859, -0.04907174196825798, -0.023265027268577307], "aligned_model": [[-0.14800500435133976, 0.1396627927631838, -0.5504657414703474, -0.17940546903867688, 0.5219656647376099, 0.6020182222042315, -0.6048684403754201, 0.27717716749757165, -0.22401940378936816, -0.06439176051297443, -0.5607789408463764, 0.31259418241163717, -0.002565464558569489], [-0.7520833870967538, -0.40493090887525796, -0.21264370262392723, 0.6061004155877657, -0.1474948319742965, 0.511939504627606, -0.5392874477230664, -0.6423165945288064, -0.028001554908134184, 0.6757252952513597, 0.17530517666080322, 0.3160211099837669, 0.01053355939978045], [-0.21204275218482244, -0.7290226647389055, -0.4822143768431953, -0.18552058658436088, -0.24627849457341933, 0.039042586079980436, 0.30796111134112386, 0.2582149005589688, 0.7071109185470437, 0.35214949365194625, 0.19104059761797437, 0.5907701120723359, 0.026253018716434325]], "inverted": false, "swapped": false, "error_lsq": 0.04797635997052198, "error_max": 0.37206667401292165, "target": "1000.xyz", "model": "21.xyz", "model_rescale": 4.186013935880536, "target_rescale": 3.885655649181201},
{"mapping": [9, 1, 7, 6, 2, 0, 11, 8, 11, 3, 4, 5, 12], "R": [[-0.5068599076745185, -0.141964403577548, 0.8502582796474553], [-0.13421033593311318, 0.9873142435509558, 0.08484203091702461], [-0.8515166585105073, -0.0711104253838741, -0.5194830966266611]], "T": [-0.06556921151331495, -0.08098724879699884, -0.02030708845767945], "aligned_model": [[-0.1674385840447114, 0.21140273766743123, -0.4591518561597795, -0.1986081638142373, 0.6514698009168439, 0.3940953337205742, -0.29449639495749613, 0.22594811843751295, -0.29449639495749613, -0.18571941288271593, -0.7419035288384241, 0.4652965934470211, -0.08748044386336162], [-0.6729328460186735, -0.17008669214577915, 0.06377569042153303, 0.45323853450044926, -0.24275456879315144, 0.3501829603024207, -0.25851767941771475, -0.6914111248882964, -0.25851767941771475, 0.6222561240888113, 0.16081818016916988, 0.2664102784463528, -0.05359454346656724], [-0.17738605302094188, -0.6914785006128022, -0.6223537088640729, -0.10250379549692538, 0.07657217505849592, -0.37327903868383605, 0.5409782842323603, 0.3403429753710028, 0.5409782842323603, 0.5656548064976754, 0.08794342885901343, 0.4224515718798406, 0.009543434208933995]], "inverted": true, "swapped": false, "error_lsq": 0.0593977313828061, "error_max": 0.55598904497997, "target": "1000.xyz", "model": "22.xyz", "model_rescale": 4.166573947596378, "target_rescale": 3.885655649181201},
{"mapping": [7, 0, 8, 3, 1, 2, 10, 5, 14, 11, 9, 12, 15], "R": [[-0.039970268453777796, -0.5765672470897063, 0.8160714351226436], [-0.7838667890157476, 0.5245742061023941, 0.33222696966108106], [-0.6196412145087468, -0.626412094292121, -0.4729192884696971]], "T": [-0.02611296302060157, 0.024659084428215704, 0.07312144976993068], "aligned_model": [[-0.15562314913537983, 0.1627129772754517, -0.5699862099107974, -0.11618225634697552, 0.5803232513759173, 0.48650088679955844, -0.4556042488480778, 0.38438959528016997, -0.3346836901048006, -0.08215444616520781, -0.5616335547957293, 0.15045582886515382, 0.030402820381878314], [-0.6493438842450004, -0.4278773180200006, -0.02686926369302177, 0.5456981019043672, -0.17019986692632302, 0.39957486207287396, -0.5443872777996597, -0.6966921336850995, -0.14667365600651192, 0.7546494273741933, 0.27533863868238734, 0.2652519366742633, -0.009602932551628161], [-0.12771867959276134, -0.5798037615433957, -0.523222294121291, -0.2129423834618131, -0.24682255753848947, -0.14930705522605092, 0.30260937132041527, 0.12004746554267409, 0.7812224041981117, 0.36649285055564257, 0.1771725100520879, 0.6564908836703822, 0.05324510980559233]], "inverted": true, "swapped": false, "error_lsq": 0.04837392941022219, "error_max": 0.263353766771643, "target": "1000.xyz", "model": "23.xyz", "model_rescale": 4.274766983524099, "target_rescale": 3.885655649181201},
{"mapping": [9, 2, 6, 8, 0, 7, 11, 4, 5, 1, 12], "R": [[-0.16596651135325072, -0.8364991423865762, 0.5222301235047191], [0.5315228441655568, 0.37018248189853153, 0.7618716402554967], [-0.8306254169235305, 0.4040224187863418, 0.38318050821857486]], "T": [0.05068117711848122, 0.11065462561246137, -0.00987846912055372], "aligned_model": [[0.35149191381177725, 0.24372595606070138, -0.6606308987330617, -0.42685175953334475, -0.4852172186631435, -0.5833123533256204, 0.026243080439234928, 0.023463923684117143, 0.7287572514644454, 0.17162433097108018, -0.009399522218111245], [-0.4639970353680756, 0.7155368959773112, 0.4757850182118652, -0.23706686932393944, 0.5936103643591257, -0.12301661021191915, -0.6062809416763477, -0.07282642441918474, -0.09891638110931328, 0.6577725634869689, 0.07498595131699246], [-0.5520048977313546, -0.16969705568823784, -0.43889879282179395, -0.397916992039591, 0.12953169035522022, 0.37671801801048116, -0.0027344776309288638, 0.6829453778675608, 0.24111302390944983, 0.46769339522258485, 0.042817144568186895]], "inverted": true, "swapped": true, "error_lsq": 0.045753790241024106, "error_max": 0.2994931593141815, "target": "1000.xyz", "model": "24.xyz", "model_rescale": 3.7841303162186577, "target_rescale": 3.885655649181201},
{"mapping": [4, 3, 6, 11, 12, 13, 1, 2, 8, 10, 7, 9, 15], "R": [[-0.663589282748646, 0.19566932338223336, 0.7220545545236015], [0.3439151798743049, 0.9369405660336227, 0.062166910592527366], [-0.6643580456900946, 0.2895788176088399, -0.6890373687392465]], "T": [-0.0651048012680495, 0.009402738950221111, 0.14527303573753703], "aligned_model": [[-0.1674599208092976, 0.11385292868518655, -0.4694298627110464, -0.19666417036933453, 0.6766188779324511, 0.4113816329448891, -0.5620629356362683, 0.32598397850405125, -0.1910869471963818, -0.11389047831829642, -0.5949714493877667, 0.3784264451057799, -0.09178029407280502], [-0.6586248836055608, -0.18834003798508447, -0.12502765228542514, 0.5467781371592529, -0.07047042716078933, 0.3752793861821938, -0.5012276164151065, -0.5884109303816778, -0.3486837888771694, 0.6928026028661178, 0.3847797402874416, 0.052669473361683115, -0.0026573693650359317], [-0.17090233943346156, -0.614907082848216, -0.4382303205890369, -0.3870308088512864, 0.008751361719044948, -0.3558207222483015, 0.3581712430290557, 0.3870609821358677, 0.5984400260784917, 0.5138373978124418, 0.11152392941290304, 0.5241512902066593, 0.08241890723694224]], "inverted": false, "swapped": false, "error_lsq": 0.045416312002745506, "error_max": 0.24478720137470691, "target": "1000.xyz", "model": "25.xyz", "model_rescale": 4.19342608120988, "target_rescale": 3.885655649181201},
{"mapping": [9, 3, 10, 7, 8, 11, 0, 4, 2, 5, 1, 12], "R": [[0.27306667159701714, -0.3468417112501479, 0.8972933857997597], [-0.48311491979261006, 0.7571466328967642, 0.4396918813975], [-0.8318861503455309, -0.553561020692536, 0.039187105444661134]], "T": [-0.005982194262641294, 0.014634588664654646, -0.06351064651244187], "aligned_model": [[-0.1813145923347706, 0.3946833866722194, 0.08377514588367366, -0.6308724742904026, -0.5812181325698391, -0.5257010051031408, -0.05327197680490561, -0.1699234639211573, 0.5590733191423412, 0.32518110982198395, 0.4524410820942124, -0.07504384395843391], [-0.7634223969803777, -0.3279049552633569, -0.5207253586404019, 0.47452860942713815, -0.295306716693283, -0.2282129775885712, 0.48323510441960854, 0.5643528473889424, 0.02906683394445459, -0.06009925759828224, 0.5898334583914477, 0.06743123693366183], [0.21666532078525086, 0.020062742267284744, -0.4998326097992012, -0.126886624236405, -0.3328836990068699, 0.3672587605383106, -0.6274661073921222, 0.36700538534761185, -0.39395701940506983, 0.6083893589070728, -0.09567475662473364, -0.05342229017170816]], "inverted": true, "swapped": true, "error_lsq": 0.04027459019800924, "error_max": 0.222535110365335, "target": "1000.xyz", "model": "26.xyz", "model_rescale": 3.795458400668931, "target_rescale": 3.885655649181201},
{"mapping": [5, 10, 7, 3, 11, 4, 6, 8, 1, 2, 0, 9, 12], "R": [[-0.23795944034145605, -0.9460918334246793, -0.21973972667569824], [-0.45253562334045494, -0.09218670858425582, 0.886968500211968], [-0.8594107367029153, 0.31050258209478865, -0.4062035599945205]], "T": [0.0626668092168925, -0.02996863359891325, 0.13460419143644486], "aligned_model": [[-0.20581464679021128, 0.18173210178294175, -0.4579464038300072, -0.2098279097107194, 0.7336169726612621, 0.5767492531936835, -0.4743962281555383, 0.2069325767473739, -0.12981692484270613, -0.20387931633310225, -0.6802207675661093, 0.2427239160669044, -0.06093481855260993], [-0.6347702476757394, -0.15306040662055098, -0.05566411749115327, 0.5544824753377589, -0.22187065470965503, 0.3269379805771565, -0.6239645998494744, -0.7074614701422262, -0.15289164771931796, 0.6435771147918499, 0.3364071794888317, 0.31856484216020814, -0.06141981436684818], [-0.2245520186875153, -0.5570303218939578, -0.48870128995926965, -0.22489558362205697, -0.022157041656819365, -0.4196521501500171, 0.33440170303813527, 0.36030876573105136, 0.6806748052523302, 0.6347283776924346, 0.20643735883624487, 0.3091841005424977, 0.02871715853804724]], "inverted": true, "swapped": false, "error_lsq": 0.0487339038165103, "error_max": 0.29419277813529404, "target": "1000.xyz", "model": "27.xyz", "model_rescale": 3.6321398670334006, "target_rescale": 3.885655649181201},
{"mapping": [1, 4, 3, 8, 6, 12, 5, 13, 11, 10, 0, 9, 14], "R": [[-0.886125356658534, 0.03639869383468222, 0.4620140553856725], [-0.12295398530302934, -0.9796505312793113, -0.15864158995126645], [0.4468379681549998, -0.1973828048521258, 0.8725685408974009]], "T": [-0.05871308308197945, 0.027255586144508674, 0.01513733215338317], "aligned_model": [[-0.20939646561943878, 0.2228866365641677, -0.5932393714351457, -0.12424340070898292, 0.6744190316121764, 0.5066693801398212, -0.788261083636483, 0.409323690031819, -0.10946334392882492, -0.22013145859988892, -0.6245204888530832, 0.42014475780873506, -0.04527007870371059], [-0.5971392391404855, -0.4724877611187741, 0.0008241981948540686, 0.5097685947033384, -0.1972822365719466, 0.5062280419528423, -0.4608426520155673, -0.48932455077726095, -0.11649881627127934, 0.5702524724639167, 0.12482658106904593, 0.22434208464253064, -0.033800083350374835], [-0.17112274550872905, -0.5827133491378005, -0.41514525958452986, -0.1578267966068136, -0.1113834397166748, -0.35152025704685763, 0.0537267913457338, 0.4400654120270936, 0.6390643464978255, 0.5478381135393253, 0.25958277544054265, 0.4375402695810263, 0.029358002830962154]], "inverted": true, "swapped": false, "error_lsq": 0.04145008172783646, "error_max": 0.25526215589672063, "target": "1000.xyz", "model": "28.xyz", "model_rescale": 4.156811204709835, "target_rescale": 3.885655649181201},
