[{"mapping": [3, 6, 0, 9, 1, 12, 2, 7, 4, 5, 8, 11, 13], "R": [[-0.45680842886225304, 0.8161377124319328, -0.35390011820677814], [-0.6832430250437697, -0.06713450474345473, 0.7270982925312711], [0.5696534280151738, 0.5739444159665835, 0.588288007128599]], "T": [-0.007520179231827795, -0.1724362426054371, -0.1151698886684111], "aligned_model": [[0.0256685149394819, 0.5253782427277067, -0.7497579889912771, -0.42083411438206325, -0.32589626192094734, -0.39308292785142823, -0.2705242825939342, 0.16527306381246498, 0.34261781384718026, 0.5249472452276333, 0.6566510827174697, 0.442007851002299, 0.039326758596531466], [-0.025704485263761817, 0.22565635009851387, -0.01735286934081587, 0.15748795352819833, -0.5747966371162901, -0.4720971021398701, 0.4694838661981091, 0.312211087303928, 0.7124980584916258, -0.6397225122640202, 0.10454018598329645, -0.4368916382081369, -0.10414476985657331], [-0.6157381734851375, -0.4921153007573996, -0.2581545580598819, 0.3918456806984751, -0.37934198470350206, 0.19573933299217178, -0.44687105076773415, 0.43859354750756824, -0.027426540455926157, -0.3807320179708991, 0.1893620873695867, 0.34856466321846963, 0.025120885872526755]], "inverted": false, "swapped": false, "error_lsq": 0.054846150317787785, "error_max": 0.342948838883079, "target": "1001.xyz", "model": "0.xyz", "model_rescale": 3.8414455957264533, "target_rescale": 4.058576853088144},
{"mapping": [4, 2, 11, 12, 0, 13, 10, 8, 5, 7, 6, 9, 14], "R": [[0.4247892505622825, -0.7517467809634226, 0.5044114093851035], [0.5557050804603461, -0.22332832547098627, -0.8008222790313003], [0.714664925792007, 0.6204846785807504, 0.3228820333949351]], "T": [0.03910286148076206, -0.01868497375683461, -0.15966209244489682], "aligned_model": [[0.17334448836923128, 0.717891911156296, -0.8053712572247371, -0.5319214606723873, -0.23909914193982515, -0.29686502990539165, -0.07952531089084078, -0.04813258318940912, 0.31052175134755733, 0.3414945107589391, 0.6343466971160613, 0.41016692658693976, -0.02507650438131606], [-0.12611844464653646, 0.051690937547898504, -0.10617172766859942, 0.2650446689551826, -0.5918006366243348, -0.5159144568964683, 0.6323026967326981, 0.10842181941057191, 0.5359537241777453, -0.5726712710698407, 0.40807054673186166, -0.40894005332444533, 0.031299684088469636], [-0.6756606096822231, -0.44054887527214953, -0.08566930322509131, 0.2595255233348638, -0.505580365705915, 0.30373343806177955, 0.015048267868322474, 0.6152806395195154, -0.3899455828635625, -0.2805482991492656, 0.1116157644735063, 0.25929149979653227, -0.1976955256979947]], "inverted": false, "swapped": false, "error_lsq": 0.04831356757171465, "error_max": 0.3076515311308643, "target": "1001.xyz", "model": "1.xyz", "model_rescale": 4.316132596720782, "target_rescale": 4.058576853088144},
{"mapping": [2, 5, 3, 1, 8, 0, 10, 9, 7, 4, 11, 12], "R": [[0.28057536642629183, 0.5396726653317271, -0.793744844423258], [-0.9241371731517966, 0.375312957211106, -0.07148894563819624], [0.2593220949972419, 0.7535871538469885, 0.6040351418609989]], "T": [0.00156226148433887, -0.09197384249346989, -0.12821091987708436], "aligned_model": [[-0.06711176098896736, 0.6056653778911815, 0.20627265373297266, -0.6681803000373226, -0.5573786087880578, -0.5168554602943306, -0.1677318799941781, -0.04460898628763922, 0.4334482538869907, 0.036020924673587765, 0.36623577333885643, -0.02796743250131262], [-0.7428564815057804, -0.13121105099936542, -0.6051256452166601, 0.37625168700742756, -0.0906221473145564, 0.010294683148856745, 0.43564623838967215, 0.5153704513602133, -0.16426834600747742, -0.21047059263251292, 0.6052722533987726, 0.014495378112390725], [0.1712228968210174, 0.068960810173953, -0.3835902853167742, -0.04628491627895284, -0.46346118416717863, 0.2991771037193268, -0.6094399176872144, 0.46147528924349956, -0.6657602540021231, 0.7548629144755296, -0.09279006539989396, -0.04511393037176821]], "inverted": true, "swapped": true, "error_lsq": 0.05496290834564929, "error_max": 0.27732864100771504, "target": "1001.xyz", "model": "2.xyz", "model_rescale": 3.795458400668931, "target_rescale": 4.058576853088144},
{"mapping": [4, 0, 6, 10, 5, 7, 8, 9, 1, 11, 3, 12], "R": [[-0.660103521144463, 0.7220430269317666, -0.20716468963579063], [0.365563865527902, 0.0678589467708659, -0.9283093361393318], [-0.6562213053482638, -0.6885121862409995, -0.30874676970724696]], "T": [-0.025900867888845915, 0.0988291023087162, 0.029121298265081218], "aligned_model": [[0.09949089501907818, -0.01961677382233374, -0.7456563144372254, 0.2650520573132471, 0.21066011220011716, -0.0645532935232149, -0.3139576696588083, 0.6472720962295551, 0.1667867271807653, 0.7420153587939393, -0.47336542741763515, 0.07917605786608051], [-0.2081286271591102, -0.5577570619054317, 0.02753504895168224, 0.020339668824737173, 0.5559083641641319, 0.7179316124570286, -0.25209256221747833, -0.3356233040403769, -0.6370513582094168, 0.23208004271007804, 0.5103265713477665, 0.012300650366098467], [-0.7985876688817849, -0.14618251638024513, 0.20758500076149744, 0.6983078257528458, -0.3456776825181792, 0.3388459569716025, 0.49676082564436963, -0.24803924658570334, 0.3387235492088744, 0.14288588456767856, -0.0007958968773542699, 0.0049453989754989665]], "inverted": true, "swapped": true, "error_lsq": 0.05011563116017392, "error_max": 0.24505237503846933, "target": "1001.xyz", "model": "3.xyz", "model_rescale": 3.7530521520055578, "target_rescale": 4.058576853088144},
{"mapping": [3, 10, 8, 1, 6, 9, 2, 5, 4, 0, 12], "R": [[0.29576141560365277, 0.5711721044087098, -0.7656942027895007], [0.6020818117420225, -0.7337614568947404, -0.31478820871365504], [-0.7416351373887075, -0.36790834663137745, -0.5609106626454867]], "T": [-0.20072109115144643, -0.10985347704472068, -0.0879732956593314], "aligned_model": [[-0.39599499525282544, -0.007899941782570974, 0.37262244293855307, 0.46666759511819966, 0.19354201666447052, -0.17834631345432284, -0.1482214527082129, -0.8131803028439739, -0.27504691757879357, 0.29853726687724663, -0.1744797955325652], [-0.6797090386063984, 0.038541643258614394, -0.2927953754825917, 0.3324355030568261, -0.7343238225553722, 0.7288425179596242, -0.4592855103072836, -0.03964875467427857, 0.3117942124813542, 0.23559256989477287, 0.025759413289078686], [-0.0008958648333225738, -0.7803775829436086, -0.3382110165577523, -0.27093480739216214, 0.009870597262016348, 0.03375220664454584, 0.5390561963153341, 0.071155067258692, 0.6941629927353107, 0.21745170151224588, -0.08219871275598295]], "inverted": false, "swapped": true, "error_lsq": 0.05239143253358359, "error_max": 0.2724537757540687, "target": "1001.xyz", "model": "4.xyz", "model_rescale": 3.7855080009869324, "target_rescale": 4.058576853088144},
{"mapping": [3, 2, 10, 8, 5, 6, 15, 13, 14, 0, 12, 1, 16], "R": [[-0.0729665546566962, -0.994919597810952, 0.06936047716982081], [0.9354313091612918, -0.044151984127812086, 0.3507404569455445], [-0.3458961516731912, 0.09047428468504903, 0.9339005600535881]], "T": [0.01001128535339043, -0.06304082271339173, -0.017634967209946444], "aligned_model": [[0.08594327007575225, 0.5524978188407214, -0.6027909222592442, -0.5737407981102267, -0.24929160656464375, -0.19151908227376677, -0.3629172166261438, -0.02208269900581227, 0.341502446505206, 0.3564099609249894, 0.559166668084264, 0.6346619144462115, 0.03393524309381097], [-0.12710922276210687, 0.052276569763154285, 0.025707907010230235, 0.2187510160296149, -0.6235465551498284, -0.35477850714273684, 0.6699634260028452, 0.3301808367995892, 0.5118208354306727, -0.6679044223873161, 0.17462152063604902, -0.4767669595928919, -0.02204895722307284], [-0.7050549110656371, -0.5056881892626246, -0.4017721710731098, 0.25647584730371253, -0.5407970632835642, 0.5304085552176335, -0.07192318380527549, 0.5899951353468698, -0.14933569844158073, -0.36780901917876124, 0.3064178667253755, 0.09074498585369925, -0.04281558287841915]], "inverted": false, "swapped": false, "error_lsq": 0.039250821747173155, "error_max": 0.24907817487211387, "target": "1001.xyz", "model": "5.xyz", "model_rescale": 4.2253639853439635, "target_rescale": 4.058576853088144},
{"mapping": [6, 11, 3, 4, 7, 0, 2, 1, 5, 12, 8, 9, 13], "R": [[0.07729550075069065, -0.940979819741334, -0.3295184128440573], [0.9905749274505152, 0.10996639875588125, -0.08166213474474573], [0.11307837401601806, -0.3201005622991455, 0.940610924530257]], "T": [0.07977218015433796, 0.05453303760846849, -0.00581820320091897], "aligned_model": [[-0.07418456536387899, 0.6107539067259764, -0.5528054482271768, -0.5255396997254626, -0.2481258456149371, -0.2534678270687314, -0.26002517218496846, -0.016009793206264278, 0.3237271746639817, 0.40366331126125254, 0.7269669731985956, 0.401794708314009, 0.025027274358721666], [0.04913894978326033, -0.011326474546861823, -0.06251533755280368, 0.2645221222490313, -0.5423195601122932, -0.5976506983578272, 0.5847790860164406, 0.15593033144763657, 0.5533795573979972, -0.6804655565073436, 0.2648861431521031, -0.317239818959963, 0.05004874340482675], [-0.6303069480547251, -0.5708622010620167, -0.3044060372492376, 0.2948700483399858, -0.4128084700593565, 0.320785718168089, -0.237223690448219, 0.714771960719953, -0.3097579617030931, -0.4814392354388707, 0.28185408681541213, 0.35568264321854026, -0.03231334178814391]], "inverted": true, "swapped": false, "error_lsq": 0.041512027508902566, "error_max": 0.24334689203504148, "target": "1001.xyz", "model": "6.xyz", "model_rescale": 3.89814844738969, "target_rescale": 4.058576853088144},
{"mapping": [0, 1, 7, 8, 4, 11, 3, 9, 6, 2, 5, 10, 12], "R": [[-0.14960298962301533, 0.7407130646276341, -0.654952747445031], [-0.8529593243291937, -0.4317093281470984, -0.293406624040199], [-0.5000793302424544, 0.5147535447966527, 0.6963831212655424]], "T": [-0.04153605129093651, -0.05504897956489885, -0.12738814882409977], "aligned_model": [[0.06300467886900676, 0.6823160928599563, -0.6243075237010712, -0.4122031736534833, -0.17815781198492942, -0.5121738016529385, -0.4076487285584769, 0.2992046619598638, 0.15376366726565577, 0.43860787833476705, 0.6629425112764243, 0.3636770943417876, 0.03274945177455533], [0.1587477486483253, 0.13996974604986132, -0.08693181242245193, 0.3125727650626947, -0.6635446651452215, -0.36973974377784297, 0.6068366486508764, 0.1130299572633432, 0.586212395800728, -0.5150336870439398, 0.16494048372407258, -0.5357797377040455, -0.20011261169219682], [-0.6699492810582984, -0.5182876014990692, -0.4284455776642747, 0.3028988595681676, -0.29037061266386516, 0.45123971092366344, -0.4106739751114623, 0.6810616742092397, -0.03784642992347276, -0.37115795878828495, 0.11321774252040454, 0.2515629137651486, -0.08440289281957851]], "inverted": false, "swapped": false, "error_lsq": 0.06025601580921033, "error_max": 0.3587847179099237, "target": "1001.xyz", "model": "7.xyz", "model_rescale": 3.7474275329858107, "target_rescale": 4.058576853088144},
{"mapping": [14, 12, 8, 5, 2, 3, 9, 6, 11, 1, 10, 0, 14], "R": [[0.34241966490139336, -0.9206720069169368, 0.18738150594004122], [0.19155783121014455, -0.12683788770769738, -0.973251122549528], [0.9198121386407574, 0.3691547181350792, 0.13293014589522928]], "T": [0.08471171705059079, 0.010029640670207729, -0.1964562270345124], "aligned_model": [[0.07634300535574108, 0.5947702313859013, -0.5887526750481916, -0.41179968547244195, -0.2992349887841056, -0.3009963222897484, -0.322070849808313, 0.09348486363998111, 0.25700291824461585, 0.36632974726482925, 0.6543217398934326, 0.366034007393676, 0.07634300535574108], [-0.022127380473274685, 0.11403509809990686, -0.023074307280730774, 0.21844986276932574, -0.6859367935872039, -0.3698967025349403, 0.6541315900360635, 0.010408596981169221, 0.5945143425242657, -0.6754078907794989, 0.308483594976689, -0.39028514284429355, -0.022127380473274685], [-0.24613489007938216, -0.5276144906763103, -0.2992188518628208, 0.27583489315160026, -0.4735936393691801, 0.2736712228252123, -0.19748686333554047, 0.6201593414484674, -0.3196363020448818, -0.3216300884762593, 0.20570421199954345, 0.24492691795725166, -0.24613489007938216]], "inverted": true, "swapped": false, "error_lsq": 0.04706226190111292, "error_max": 0.423603850260637, "target": "1001.xyz", "model": "8.xyz", "model_rescale": 4.019505241142653, "target_rescale": 4.058576853088144},
{"mapping": [8, 11, 4, 3, 7, 0, 5, 2, 11, 9, 6, 1, 12], "R": [[-0.2776693561664359, 0.891749203465938, 0.3573277022062275], [0.9018613700448364, 0.3701143622124855, -0.22284844200688542], [-0.3309770352561761, 0.2603818676519364, -0.9070035750376741]], "T": [0.15632645431525172, -0.04690119062052928, 0.018124629083041438], "aligned_model": [[0.04348362482288751, 0.4168955431165643, -0.6343454603845822, -0.5390300958832973, -0.36803360761998116, -0.3478737490078284, -0.0868824391748981, -0.009133602177154976, 0.4168955431165643, 0.5170644781150016, 0.5880936220750106, 0.4158532345158596, 0.14878790561697156], [-0.16777954571064535, 0.25726828779994915, -0.035690386094321534, 0.3435071764520813, -0.6602715984120554, -0.41654989698099215, 0.5657833425927208, 0.0945636477392422, 0.25726828779994915, -0.399662482712508, 0.4730143720866566, -0.585714920011743, -0.014568797134130944], [-0.6366973700044716, -0.45814651464882195, -0.2314888970125906, 0.3383142334699386, -0.3922499051763738, 0.19641671226704285, -0.10833412320606003, 0.5681999252289706, -0.45814651464882195, -0.44314276670501085, 0.2851953284614718, 0.3321802253535012, -0.003253761920456153]], "inverted": false, "swapped": false, "error_lsq": 0.058789651313987897, "error_max": 0.4056968535840032, "target": "1001.xyz", "model": "9.xyz", "model_rescale": 3.877068213659057, "target_rescale": 4.058576853088144},
{"mapping": [8, 9, 1, 5, 7, 3, 0, 12, 11, 2, 10, 13, 15], "R": [[0.08286993935003145, -0.6776900212790624, -0.7306632659514958], [-0.47011152972825504, -0.6730633847165981, 0.570947309101634], [-0.8787079849237074, 0.29617885679538447, -0.374366614455265]], "T": [0.13338249280446984, -0.11570184928915174, 0.014071989367546459], "aligned_model": [[0.06708032009326909, 0.597871241290591, -0.6760701969916711, -0.5892858224328406, -0.27143477813934774, -0.17499060060562094, -0.3116680009790192, -0.062336391691861615, 0.27032148874380235, 0.3594427908526424, 0.7232501804063804, 0.5450654198174736, 0.08452934676731996], [0.1361406470204592, -0.08022328973224334, -0.05977240841061339, 0.03474725939344532, -0.47313767155067865, -0.34271499803661704, 0.5289838864318739, 0.4540974384092886, 0.5895615087189195, -0.6143656397991504, 0.2668746895775158, -0.6880318452558342, -0.040992089352162295], [-0.7122215564900604, -0.4535141291616684, -0.2934419954010183, 0.271192611043851, -0.5980139355863232, 0.5201672455048449, -0.1276192092818494, 0.455906919746972, -0.15476693832986188, -0.360876705296239, 0.10842283722729947, 0.3312376232033301, 0.0023738042790406658]], "inverted": true, "swapped": false, "error_lsq": 0.053038273387317196, "error_max": 0.32833333916674534, "target": "1001.xyz", "model": "10.xyz", "model_rescale": 4.260839863003843, "target_rescale": 4.058576853088144},
{"mapping": [4, 9, 11, 5, 7, 3, 2, 0, 1, 10, 8, 12], "R": [[0.02405062869465316, -0.010333809961672547, -0.999657331104548], [-0.6212336915715205, 0.7832864783787773, -0.02304329068067451], [0.7832561954531945, 0.6215750197366761, 0.012418821342541977]], "T": [-0.07691181028180696, 0.1201681897935824, -0.04927649630901474], "aligned_model": [[0.43567493916042244, 0.2892122693543805, -0.3768814458821589, -0.4358153536978471, -0.7422490742891804, -0.3709083850725974, 0.1884544589444653, 0.589138438575088, 0.4836526626441946, -0.25764185847998056, 0.1642325038076993, -0.007970505970355438], [-0.15266370575027394, -0.6406140144515948, -0.5982170039291927, -0.088700664085332, 0.29107895163939745, 0.6179220859644622, 0.580234446935155, -0.007988204586663744, -0.14245758441264716, -0.09373384863242568, 0.407280121050769, 0.0009379257912802696], [-0.7259343546471321, -0.1260377927992346, 0.07045009461738763, -0.5318931902990098, 0.04467630513244555, -0.23968870832027275, -0.5350179130209936, -0.006506028904380283, 0.4904431435701785, 0.6291093614879383, 0.48385165147476983, -0.03727449089619207]], "inverted": false, "swapped": true, "error_lsq": 0.05340184611588972, "error_max": 0.3056579137942751, "target": "1001.xyz", "model": "11.xyz", "model_rescale": 3.890672605050136, "target_rescale": 4.058576853088144},
{"mapping": [4, 2, 7, 5, 3, 8, 12, 9, 10, 0, 11, 6, 13], "R": [[0.029552030322649803, -0.7180533609849487, 0.695360372959251], [0.24897549406135483, -0.6684502717319551, -0.7008462296241452], [0.9680588209714913, 0.1938391214375849, 0.15902362761423766]], "T": [0.16711490219899933, -0.10685274558158071, 0.01793666172282972], "aligned_model": [[0.16267835370181993, 0.6273797891434194, -0.6420552535309125, -0.46843577629195304, -0.3209290343713795, -0.27396843811788035, -0.2533170170200263, 0.11420264550325626, 0.3176904995703551, 0.2391141556868313, 0.6167013809143187, 0.39310141431931145, 0.04961227762395665], [-0.0361860083005487, 0.1706491182636407, 0.006592043832007774, 0.13655908193903582, -0.6246001504824173, -0.6473129549590118, 0.48880561007385, 0.3640516080956095, 0.6868176239232968, -0.6084731212674503, 0.20308437001367208, -0.37680573309016074, -0.05201400062732066], [-0.6792315913586108, -0.4475878629535363, -0.2256574866209638, 0.3944976781966855, -0.570972411647052, 0.19832317677520317, -0.13555689314104152, 0.6354071458762288, -0.36541022881994306, -0.2851930892769325, 0.08556170462933606, 0.4741316034050517, -0.08946517360610799]], "inverted": true, "swapped": false, "error_lsq": 0.04603256220667916, "error_max": 0.246561972273694, "target": "1001.xyz", "model": "12.xyz", "model_rescale": 4.124412569039231, "target_rescale": 4.058576853088144},
{"mapping": [9, 7, 8, 2, 6, 1, 11, 4, 10, 3, 5, 0, 12], "R": [[-0.08367768168281083, -0.9940019697748873, -0.07041398775694108], [0.9166406317427688, -0.0490641526439131, -0.3966896282530626], [0.39085546922923875, -0.09773839066088238, 0.9152481680749831]], "T": [0.1547837951868677, -0.11501548762066804, -0.10535847346554225], "aligned_model": [[0.07310739901413654, 0.5793990312510295, -0.5238840535889159, -0.46648701853566354, -0.25715441457360694, -0.4314652558979929, -0.4736829174870628, 0.16924066420643744, 0.11670941030976557, 0.40703457401872933, 0.8083477303148845, 0.4413661938451665, 0.11924365425421032], [-0.1012090368809555, 0.21973022214872573, -0.016679762494501482, 0.32588955017263943, -0.5778235731113996, -0.48231817477163563, 0.6142915759281823, 0.16017061245551362, 0.6217349326723851, -0.726788007551488, 0.1300115800190275, -0.4518510121671607, -0.003991419005130059], [-0.7392193574350447, -0.4227303147010323, -0.31663118135845425, 0.297159647013458, -0.35780332314130525, 0.32390261843833823, -0.35773450135858786, 0.6310788049312942, -0.0864156196216547, -0.37154882678838663, 0.18885539074905608, 0.27038046725895926, -0.07044723252832208]], "inverted": false, "swapped": false, "error_lsq": 0.04558111885731358, "error_max": 0.2453803500446523, "target": "1001.xyz", "model": "13.xyz", "model_rescale": 3.9028299243045295, "target_rescale": 4.058576853088144},
{"mapping": [12, 1, 13, 10, 8, 4, 14, 7, 11, 2, 6, 3, 15], "R": [[0.7113722703866672, -0.2595199391267262, 0.6531453851330339], [0.23442991191883117, -0.7884850553951979, -0.5686245983213892], [0.6625647963200639, 0.5576205866125213, -0.50006716755178]], "T": [0.06234138862907902, -0.12565567201323455, -0.07849264949937296], "aligned_model": [[-0.13610095163470487, 0.5799417021530746, -0.6292966701446353, -0.468771234373892, -0.14185256072388797, -0.2756340911331136, -0.30441070747238985, 0.058938464420334916, 0.22673168912074654, 0.5364931006694109, 0.6553656295395407, 0.37372421120210914, 0.0866464155085245], [0.010220270525601122, 0.10260436532047687, 0.12708082561860476, 0.1834672237280113, -0.70445195019559, -0.44838248852704177, 0.676966566839722, 0.24728695280141247, 0.5003759322170019, -0.5882881380790934, 0.06916069277398532, -0.4236638326058608, -0.04120893300302704], [-0.731484728157837, -0.39815814112942094, -0.3791792142403895, 0.3430699426081637, -0.5473282912412474, 0.41240779953799334, -0.14437963218031918, 0.747055758857376, -0.4347466992266736, -0.3998975730254894, 0.15555242298219124, 0.37197523977221925, -0.006040313098248484]], "inverted": true, "swapped": false, "error_lsq": 0.04503299862227514, "error_max": 0.28878027041800447, "target": "1001.xyz", "model": "14.xyz", "model_rescale": 3.942246331269136, "target_rescale": 4.058576853088144},
{"mapping": [10, 11, 5, 1, 9, 0, 3, 12, 4, 6, 13, 8, 14], "R": [[0.10944104053962897, -0.18825467322959194, -0.9760035023773341], [-0.43133195852445355, 0.8756424174344708, -0.2172627403513434], [0.895530792436007, 0.4447589625816839, 0.014630960399163687]], "T": [0.022894454975934384, -0.07140109177555079, -0.12946395205319727], "aligned_model": [[0.14360193383140202, 0.7217371961751425, -0.6088991163926246, -0.5181031104590554, -0.26822976936884435, -0.20402802180028895, -0.3277599044899063, 0.06095907031968528, 0.21808064987166403, 0.3031876143617911, 0.5941593550236394, 0.4712766346378217, -0.02420753457930902], [0.03571160758331118, -0.10294657862100359, -0.020494151769890445, 0.23554276927213322, -0.5505925903051181, -0.49882505997509996, 0.5523412245552027, 0.3991488140879095, 0.4146937522930878, -0.5105020680764146, 0.4147858475882288, -0.5608063743205717, -0.09688970489757145], [-0.8244150943844959, -0.28673674051137205, -0.16147839919407098, 0.38990926263848524, -0.7072048108030352, 0.4241897518182324, -0.0621217401308535, 0.5377767311439302, -0.39267133951528377, -0.3329718554661699, 0.18391843492935528, 0.2683762378050856, -0.04772386687148972]], "inverted": true, "swapped": false, "error_lsq": 0.05385780404894943, "error_max": 0.3667754635674391, "target": "1001.xyz", "model": "15.xyz", "model_rescale": 4.355366556412066, "target_rescale": 4.058576853088144},
{"mapping": [2, 5, 3, 1, 8, 0, 10, 9, 7, 4, 11, 12], "R": [[0.28057536642629183, 0.5396726653317271, -0.793744844423258], [-0.9241371731517966, 0.375312957211106, -0.07148894563819624], [0.2593220949972419, 0.7535871538469885, 0.6040351418609989]], "T": [0.00156226148433887, -0.09197384249346989, -0.12821091987708436], "aligned_model": [[-0.06711176098896736, 0.6056653778911815, 0.20627265373297266, -0.6681803000373226, -0.5573786087880578, -0.5168554602943306, -0.1677318799941781, -0.04460898628763922, 0.4334482538869907, 0.036020924673587765, 0.36623577333885643, -0.02796743250131262], [-0.7428564815057804, -0.13121105099936542, -0.6051256452166601, 0.37625168700742756, -0.0906221473145564, 0.010294683148856745, 0.43564623838967215, 0.5153704513602133, -0.16426834600747742, -0.21047059263251292, 0.6052722533987726, 0.014495378112390725], [0.1712228968210174, 0.068960810173953, -0.3835902853167742, -0.04628491627895284, -0.46346118416717863, 0.2991771037193268, -0.6094399176872144, 0.46147528924349956, -0.6657602540021231, 0.7548629144755296, -0.09279006539989396, -0.04511393037176821]], "inverted": true, "swapped": true, "error_lsq": 0.05496290834564929, "error_max": 0.27732864100771504, "target": "1001.xyz", "model": "16.xyz", "model_rescale": 3.795458400668931, "target_rescale": 4.058576853088144},
{"mapping": [0, 1, 7, 8, 4, 11, 3, 9, 6, 2, 5, 10, 12], "R": [[-0.14960298962301533, 0.7407130646276341, -0.654952747445031], [-0.8529593243291937, -0.4317093281470984, -0.293406624040199], [-0.5000793302424544, 0.5147535447966527, 0.6963831212655424]], "T": [-0.04153605129093651, -0.05504897956489885, -0.12738814882409977], "aligned_model": [[0.06300467886900676, 0.6823160928599563, -0.6243075237010712, -0.4122031736534833, -0.17815781198492942, -0.5121738016529385, -0.4076487285584769, 0.2992046619598638, 0.15376366726565577, 0.43860787833476705, 0.6629425112764243, 0.3636770943417876, 0.03274945177455533], [0.1587477486483253, 0.13996974604986132, -0.08693181242245193, 0.3125727650626947, -0.6635446651452215, -0.36973974377784297, 0.6068366486508764, 0.1130299572633432, 0.586212395800728, -0.5150336870439398, 0.16494048372407258, -0.5357797377040455, -0.20011261169219682], [-0.6699492810582984, -0.5182876014990692, -0.4284455776642747, 0.3028988595681676, -0.29037061266386516, 0.45123971092366344, -0.4106739751114623, 0.6810616742092397, -0.03784642992347276, -0.37115795878828495, 0.11321774252040454, 0.2515629137651486, -0.08440289281957851]], "inverted": false, "swapped": false, "error_lsq": 0.06025601580921033, "error_max": 0.3587847179099237, "target": "1001.xyz", "model": "17.xyz", "model_rescale": 3.7474275329858107, "target_rescale": 4.058576853088144},
{"mapping": [3, 10, 0, 6, 1, 2, 4, 9, 5, 11, 12, 7, 13], "R": [[-0.7507476693000941, 0.4978267409142341, 0.43421938357377454], [-0.14724727975573298, -0.7668957579012841, 0.6246512107709005], [0.6439690797274459, 0.4050178175632858, 0.6490488362298013]], "T": [0.06399347353533205, -0.03967340424933427, -0.13708181488693266], "aligned_model": [[0.07725853763498619, 0.5482088521074383, -0.7542708312288053, -0.43427530472522724, -0.17223486193534077, -0.4314063859148687, -0.3555435376906899, 0.08497802664392551, 0.37934277440431396, 0.5645798795137447, 0.6954041488274754, 0.39462985592632704, -0.0348961564321619], [-0.25246990934807934, 0.20558604723346421, -0.04154691149614395, 0.2347774650691901, -0.6601850324879158, -0.3574290091982326, 0.6739300175629053, 0.2579188532383917, 0.6112883824856592, -0.5032518634017619, 0.1312676517160734, -0.532821146255769, -0.05589705770357842], [-0.7813883155536774, -0.5634884741643003, -0.30907718779076454, 0.38388244146984246, -0.33119495084412715, 0.2597091610562754, -0.07395753580189918, 0.4618527914519119, -0.13223337982778638, -0.3742419383595161, 0.22532215560187235, 0.3264957613930765, -0.10283395717259022]], "inverted": false, "swapped": false, "error_lsq": 0.04896087687391175, "error_max": 0.25493138998327436, "target": "1001.xyz", "model": "18.xyz", "model_rescale": 3.922800546911778, "target_rescale": 4.058576853088144},
{"mapping": [3, 7, 1, 6, 5, 8, 2, 4, 9, 12, 11, 13, 14], "R": [[-0.4762777660986635, -0.3527874385779263, -0.8054194638209908], [-0.8686978825122968, 0.04700765699107584, 0.4931067522381546], [-0.13610098617834537, 0.9345219651596398, -0.32885440273082356]], "T": [-0.03817358157839013, -0.03979578220129647, -0.06751584254897584], "aligned_model": [[0.17099509576711108, 0.7077803869681653, -0.7650744710930826, -0.47899754610945755, -0.35747265434198505, -0.2516374421602635, -0.2220970297450403, 0.08085834320613422, 0.28681766541593856, 0.3570219660825175, 0.5223705787398037, 0.46478637011262824, 0.04642373428864797], [-0.03485047749157297, 0.01976446811523451, 0.0775278671298127, 0.10875304903041734, -0.6120412339383554, -0.504937810020793, 0.5858399688242837, 0.12731588084986317, 0.639200428020939, -0.6281094323999299, 0.28068697040670015, -0.3281768886627894, -0.019805302449606845], [-0.6719769678200446, -0.34718756519989363, -0.1438917685088309, 0.4417731215450003, -0.4588174720935928, 0.26784475174180833, -0.36396319882144107, 0.6265823004009474, -0.377496522262884, -0.40857532807234936, 0.23302477431133672, 0.30083368066396216, -0.10930323442570099]], "inverted": true, "swapped": false, "error_lsq": 0.04484717804909783, "error_max": 0.2505670274037877, "target": "1001.xyz", "model": "19.xyz", "model_rescale": 3.9282355846067225, "target_rescale": 4.058576853088144},
{"mapping": [3, 4, 5, 2, 6, 7, 1, 10, 0, 8, 11, 9, 13], "R": [[-0.6708854500326312, 0.31747437158131275, 0.6701662005230974], [-0.4089858785283621, -0.9122574785505094, 0.022734203154071875], [0.6185816551587168, -0.25883646616680067, 0.7418628038144148]], "T": [0.04015617256822763, -0.16362109402698422, -0.047315815615666154], "aligned_model": [[-0.07599820177960673, 0.48875354254067244, -0.5826849039036198, -0.5893979374867783, -0.24868527629958542, -0.36692824373687605, -0.2714969663133788, 0.09457802065976095, 0.3458277835712568, 0.5602500839675221, 0.6641169674991726, 0.5276110945132624, 0.01582903389931503], [0.21869052768044744, -0.055154054549714185, -0.06427165276609374, 0.21736765968704913, -0.5363124962746411, -0.511364483828517, 0.5097051220172263, 0.3497736941927114, 0.5528600134866524, -0.6703451713789474, 0.1589373723109519, -0.4521687996266411, -0.006550243536280309], [-0.6850469928124954, -0.4790137956209632, -0.34713048208335406, 0.32312365638503027, -0.4995500360851944, 0.27120355464381246, -0.15222017262451482, 0.6423931105775658, -0.2301181049877744, -0.2739313752874818, 0.09407772563999446, 0.34961332907204584, -0.02455384535835321]], "inverted": false, "swapped": false, "error_lsq": 0.04900929736647601, "error_max": 0.3636183577489668, "target": "1001.xyz", "model": "20.xyz", "model_rescale": 4.067790424073018, "target_rescale": 4.058576853088144},
{"mapping": [6, 4, 11, 10, 3, 12, 13, 9, 5, 2, 8, 0, 14], "R": [[-0.47419394237138346, 0.3136786776994059, -0.822645605455373], [-0.42946202324993893, 0.7332635879752458, 0.5271497710667603], [0.7685717114260413, 0.6032662742988548, -0.21299607200421522]], "T": [0.1039837660688355, 0.019448997080710587, -0.049039740980007865], "aligned_model": [[0.01564237414017325, 0.7194753667782895, -0.5152786280786962, -0.5089973132551343, -0.22019552959210312, -0.4129344292630004, -0.29973761539447363, -0.16442255130344943, 0.34450198592932024, 0.4591332070301237, 0.6238035829428402, 0.4782323956025336, 0.042552151594694304], [-0.05083824516535916, 0.11460974975240683, -0.06781604207090002, 0.40774164683732106, -0.7240220102076355, -0.3906331544297232, 0.5822084332349697, 0.1052681112840453, 0.5295745095833174, -0.5087496545847521, 0.19914692426499875, -0.5265777867980291, 0.04125500571354246], [-0.7803484341766089, -0.553605906456201, -0.2131468831636525, 0.33144657426599355, -0.3057568269662151, 0.3403727334544137, -0.15118849645894267, 0.6752827202904497, -0.22336434700847996, -0.4345225428046856, 0.10150563316280652, 0.20835245800851554, -0.006180110689075646]], "inverted": false, "swapped": false, "error_lsq": 0.0435111687453212, "error_max": 0.25902107760478293, "target": "1001.xyz", "model": "21.xyz", "model_rescale": 4.186013935880536, "target_rescale": 4.058576853088144},
{"mapping": [6, 0, 4, 10, 3, 11, 7, 9, 7, 5, 1, 2, 12], "R": [[0.12685018130925196, 0.0868127165051743, -0.988115673266446], [-0.9909454209972587, -0.033099486266581435, -0.13012146868773788], [-0.04400231932950216, 0.9956746337342739, 0.08182798807097669]], "T": [0.07155172520429995, -0.1013155299660299, 0.024689176680886923], "aligned_model": [[-0.009516501162418506, 0.6403692605980668, -0.5880358513472507, -0.499043017577655, -0.26181651398014794, -0.3650324128788901, -0.04679206758627279, 0.03188799603435422, -0.04679206758627279, 0.38678292070771636, 0.5920012254844774, 0.6877969872739306, 0.03996503915147999], [-0.021173518994158536, 0.0005416737465371441, 0.04623586814051743, 0.44498267238911593, -0.6519049594170174, -0.5076130261136923, 0.5918740867149584, 0.13543688331239706, 0.5918740867149584, -0.7473025807979364, 0.4101528873946165, -0.4595835880798461, -0.12235299759624722], [-0.5201576364403183, -0.40873920550789955, -0.24137277577402722, 0.29353736107311257, -0.6371684757010166, 0.23273391636482482, -0.18461118622959538, 0.5972499539207412, -0.18461118622959538, -0.26143806713528395, 0.0762218035599315, 0.22861312911678577, -0.0014110595593415515]], "inverted": false, "swapped": false, "error_lsq": 0.052142631963550116, "error_max": 0.29964483694537086, "target": "1001.xyz", "model": "22.xyz", "model_rescale": 4.166573947596378, "target_rescale": 4.058576853088144},
{"mapping": [0, 1, 10, 14, 8, 9, 13, 12, 5, 4, 6, 2, 15], "R": [[0.05285448570256668, 0.1848972764402207, -0.9813355188242734], [-0.1264987852622308, 0.9760322756383613, 0.1770848786299436], [0.9905576513602312, 0.11477802088026447, 0.07497696482595419]], "T": [0.01319063663554794, -0.14183424764476776, 0.027681154882801207], "aligned_model": [[0.2685545401207405, 0.6130258775861677, -0.6037715980563837, -0.5372317145236605, -0.30727208437790926, -0.4389267206484186, -0.3292932435167892, 0.054797494478920766, 0.17666050926095073, 0.3545105810925006, 0.5980967771841238, 0.6510248334859956, 0.061599745044879244], [-0.1633188388433769, 0.04195674500678115, 0.20350510462218174, 0.28219197281920677, -0.6998290192050949, -0.4668782480567483, 0.6172907887871493, 0.1297246071633777, 0.5400180835767321, -0.6472147270960895, 0.2999171384100338, -0.3184092735827107, -0.10778684618723929], [-0.7476145641662907, -0.3107233598639907, -0.21938071154716826, 0.4061184190675689, -0.4622419202761214, 0.25214821108667407, -0.12478887428288263, 0.622581157391548, -0.41888012910069233, -0.38212950855831607, 0.2322493626622485, 0.1493283362404098, -0.007819847194669473]], "inverted": false, "swapped": false, "error_lsq": 0.044984394179282905, "error_max": 0.26494953278469835, "target": "1001.xyz", "model": "23.xyz", "model_rescale": 4.274766983524099, "target_rescale": 4.058576853088144},
{"mapping": [2, 0, 4, 5, 9, 11, 7, 10, 8, 1, 12], "R": [[0.12525382276988115, -0.9330574705529435, 0.33721689834122226], [-0.3148275901431037, 0.28494666506810185, 0.9053667690782852], [-0.9408480580658161, -0.21956583229617044, -0.25806157583389444]], "T": [0.027134925847101712, -0.08011974749165152, -0.031041787563292518], "aligned_model": [[0.2568209625625845, 0.15903187180515832, -0.35252728824878327, -0.4903700573851936, -0.5118722409088025, -0.5995132391207838, -0.004315769199411804, 0.11790639855014215, 0.5944414712058589, 0.25240047713202557, -0.04210788243471959], [-0.04850964214803852, 0.5831835926239652, 0.45835166203306643, -0.35371374096266006, 0.5533493265887399, -0.061936637051858145, -0.7518212689021646, -0.12097340315710156, 0.05746443898522219, 0.5690489059196048, 0.03114329731470737], [-0.7124154497272963, -0.09818479124417981, -0.6318357792882484, -0.2814249818504508, 0.13302194088989044, 0.4457967356857119, 0.13789373920987022, 0.6960870338882529, 0.25886050368654917, 0.4187777385669868, 0.012989744204491456]], "inverted": true, "swapped": true, "error_lsq": 0.04739717825777961, "error_max": 0.24373181271437994, "target": "1001.xyz", "model": "24.xyz", "model_rescale": 3.7841303162186577, "target_rescale": 4.058576853088144},
{"mapping": [9, 2, 10, 7, 14, 11, 0, 6, 8, 12, 4, 3, 15], "R": [[-0.372552406952787, -0.8514053949282084, 0.3692066596918669], [0.007244637395900477, -0.4005033944920109, -0.9162666348991315], [0.9279828766214853, -0.33868257186858286, 0.15537662697392862]], "T": [0.029145470328746426, 0.019578209809523392, -0.09093523854467347], "aligned_model": [[0.048059022622683224, 0.6434193304462497, -0.6982369300054192, -0.4852032202373994, -0.21417925601295199, -0.3668189460722105, -0.296621246174703, 0.1580154475133893, 0.1938656650714869, 0.39339969614512604, 0.6768926812405613, 0.462480842812734, 0.04670190978157088], [-0.1359053331941792, 0.1086441312080818, -0.04958572586999978, 0.23566919273162396, -0.5668875970805117, -0.3851289217318002, 0.6762173889889873, 0.08056520277326114, 0.4986470006581295, -0.5682124316016492, 0.22144855911203853, -0.41684141305071676, 0.012537434470937761], [-0.6545023187762674, -0.5193368192478606, -0.35811738421055594, 0.24306427000722639, -0.5664874409474369, 0.42757405528382597, -0.02744520675483869, 0.6173722991200753, -0.3955959263887585, -0.40237211380591753, 0.21951001538393836, 0.4294110455487564, -0.02422790375386917]], "inverted": false, "swapped": false, "error_lsq": 0.037520088248599245, "error_max": 0.24242198928421546, "target": "1001.xyz", "model": "25.xyz", "model_rescale": 4.19342608120988, "target_rescale": 4.058576853088144},
{"mapping": [2, 5, 3, 1, 8, 0, 10, 9, 7, 4, 11, 12], "R": [[0.28057536642629183, 0.5396726653317271, -0.793744844423258], [-0.9241371731517966, 0.375312957211106, -0.07148894563819624], [0.2593220949972419, 0.7535871538469885, 0.6040351418609989]], "T": [0.00156226148433887, -0.09197384249346989, -0.12821091987708436], "aligned_model": [[-0.06711176098896736, 0.6056653778911815, 0.20627265373297266, -0.6681803000373226, -0.5573786087880578, -0.5168554602943306, -0.1677318799941781, -0.04460898628763922, 0.4334482538869907, 0.036020924673587765, 0.36623577333885643, -0.02796743250131262], [-0.7428564815057804, -0.13121105099936542, -0.6051256452166601, 0.37625168700742756, -0.0906221473145564, 0.010294683148856745, 0.43564623838967215, 0.5153704513602133, -0.16426834600747742, -0.21047059263251292, 0.6052722533987726, 0.014495378112390725], [0.1712228968210174, 0.068960810173953, -0.3835902853167742, -0.04628491627895284, -0.46346118416717863, 0.2991771037193268, -0.6094399176872144, 0.46147528924349956, -0.6657602540021231, 0.7548629144755296, -0.09279006539989396, -0.04511393037176821]], "inverted": true, "swapped": true, "error_lsq": 0.05496290834564929, "error_max": 0.27732864100771504, "target": "1001.xyz", "model": "26.xyz", "model_rescale": 3.795458400668931, "target_rescale": 4.058576853088144},
{"mapping": [3, 7, 9, 11, 2, 1, 4, 8, 10, 0, 5, 6, 12], "R": [[0.7978622810352558, 0.6000646196745653, -0.05777744123823797], [0.6013384387937425, -0.7989713471926136, 0.00607193497367994], [-0.04251896671278711, -0.03958836420009723, -0.9983110231233738]], "T": [-0.07397949842478593, -0.02872874371439251, -0.01649492030738868], "aligned_model": [[0.026777756197441188, 0.6224615998204536, -0.45416618696369526, -0.40941517176511655, -0.4284115662152135, -0.13299562876392876, -0.3600367158403759, 0.027960219199857084, 0.2240412874233503, 0.27386969396415384, 0.5797501820049001, 0.5087516912685351, 0.08318783680075609], [-0.03234080748641113, 0.13618324147483943, -0.11988930476728943, 0.5388822480204846, -0.7055352710661382, -0.5417173082250415, 0.6420104964164788, 0.01710725192649002, 0.5985665946444334, -0.6088468491307426, 0.1994786919492503, -0.3957486183168428, -0.01698287802530756], [-0.7478713538107902, -0.40117911863808076, -0.19403963039965716, 0.2607689663525994, -0.4536971020895416, 0.2728370682322924, -0.42532657606522806, 0.7034072019150627, -0.17577642640579738, -0.49995858514211117, 0.2791726956287489, 0.43837619537404754, -0.06786676349322684]], "inverted": true, "swapped": false, "error_lsq": 0.051568872355943866, "error_max": 0.28438055722127464, "target": "1001.xyz", "model": "27.xyz", "model_rescale": 3.6321398670334006, "target_rescale": 4.058576853088144},
{"mapping": [0, 3, 11, 13, 10, 9, 2, 6, 1, 8, 4, 12, 14], "R": [[0.35570201256900386, -0.05977479334308465, 0.9326859344576566], [-0.23781596339847788, -0.9708928032798555, 0.028473357586309055], [0.9038360724197803, -0.2319356346493042, -0.35956392418123706]], "T": [0.1165298690492958, -0.07500785165754673, -0.1349199496996611], "aligned_model": [[-0.04691100939182666, 0.5973460709273353, -0.5111483492251594, -0.423761298700786, -0.3173304780988149, -0.327486643462563, -0.30592493850757424, 0.1279627924410169, 0.23389366958578517, 0.3585074157239915, 0.6066481414013507, 0.4771062847810203, 0.09287333965734207], [-0.09048216748177013, 0.09899530293594719, 0.0060776202401050805, 0.2940184830271084, -0.6331735637990731, -0.4041815395488556, 0.5539587214765433, 0.01982167147969499, 0.5832539932210371, -0.5144530987134333, 0.4254688839996743, -0.608608642414178, -0.019528177008597672], [-0.7369658939796744, -0.5932852648854221, -0.2443321837946372, 0.3533242005720158, -0.4587839179929402, 0.2406678310348438, -0.37859319235150124, 0.6363025129821833, -0.1484948547445956, -0.2588729954058858, 0.30754402457571445, 0.38350514168954813, -0.113168836241331]], "inverted": false, "swapped": false, "error_lsq": 0.04439467862541983, "error_max": 0.25299287139292187, "target": "1001.xyz", "model": "28.xyz", "model_rescale": 4.156811204709835, "target_rescale": 4.058576853088144},
