[{"mapping": [8, 4, 7, 9, 0, 5, 11, 12, 1, 6, 2, 13], "R": [[-0.46289512014318385, 0.4280451285493264, -0.7762122619959172], [-0.6838663530896879, 0.38468035268424733, 0.6199579319361385], [0.5639635793732057, 0.8178009502219438, 0.11465900294633741]], "T": [0.02171507068224022, 0.0891038530151109, -0.11086927273520868], "aligned_model": [[-0.311972401414047, 0.015815898054405482, 0.2743655987714574, 0.6990340458078633, 0.6169213590336731, -0.6785788490629817, -0.20696724753411866, 0.40846544578321387, 0.05093517865640957, -0.49222767838654236, 0.261727467273215, 0.06807021727439776], [-0.48796097764682533, -0.8601060050522706, -0.5221119723524125, -0.1363965183790169, 0.2808048799849116, 0.34136016819091297, 0.05125519483295987, 0.45244453089538705, 0.6294078752710132, -0.4090757086240395, -0.3115930060112164, -0.018376842253723574], [-0.5185799346043835, 0.00035155139898411514, -0.4768985174029072, -0.2755864855580115, 0.3412287533014702, -0.24635520508021908, -0.7691501529469034, -0.3422293970660094, 0.0897843149402754, 0.15788016304522173, 0.49994520160114514, -0.22417841969319593]], "inverted": true, "swapped": false, "error_lsq": 0.04876690677554454, "error_max": 0.2656476852673373, "target": "1002.xyz", "model": "0.xyz", "model_rescale": 3.8414455957264533, "target_rescale": 3.858339724435997},
{"mapping": [8, 10, 6, 5, 3, 13, 9, 2, 0, 12, 1, 14], "R": [[0.0019590743465126015, -0.9381383997156392, -0.34625497109310194], [-0.7519130815522801, -0.22965463393780416, 0.6179688235675385], [-0.6592593418513379, 0.2591429954482141, -0.7058484455546161]], "T": [0.045836609353005486, 0.02977250263742688, -0.16592478898817575], "aligned_model": [[-0.47515565392055736, 0.17941887341306012, 0.38251090071728794, 0.6201480789959686, 0.6189060411010305, -0.6961981510680927, -0.23749959330728504, 0.6354083197221284, -0.14207459022540256, -0.4094754689504522, 0.16714467485545997, 0.06245560292380011], [-0.466341113319823, -0.6344986657419897, -0.36996951395358096, -0.2926310842105767, -0.025354534560772066, 0.18010326414612332, 0.22592202218713026, 0.21603197244588446, 0.6437421434005725, -0.5101812406241718, 0.0484320717618968, -0.0056037026750131586], [-0.4926368015795162, -0.06958739230949934, -0.7463418075961378, -0.18927105221327012, 0.365045377975845, -0.20632376311313083, -0.7547844006409947, -0.5688110457127382, 0.17059865863671786, 0.12291843900210697, 0.6904828621294934, -0.08507720264340947]], "inverted": false, "swapped": false, "error_lsq": 0.050227954043185245, "error_max": 0.2675134186197795, "target": "1002.xyz", "model": "1.xyz", "model_rescale": 4.316132596720782, "target_rescale": 3.858339724435997},
{"mapping": [5, 4, 0, 2, 8, 7, 9, 1, 10, 3, 6, 11], "R": [[-0.4892570894534321, 0.6474313283809084, 0.5843459381654748], [-0.8681719070676782, -0.4253850880549443, -0.25558768874685345], [0.08309657151788802, -0.6323608162207869, 0.7702043611344673]], "T": [0.049067694052824774, -0.042154100987995144, -0.18578930879812833], "aligned_model": [[-0.3451932796258183, 0.19629319624551284, 0.30110135254744924, 0.847651630292234, 0.6130248133315301, -0.8100990288200443, -0.21902025461608052, 0.40714120654081365, -0.01862870929735435, -0.45203252387727916, 0.1221535237215016, 0.06319710781448079], [-0.3997457784865294, -0.7583177443565232, -0.4764965987513382, -0.2904367751551609, 0.33109001626933193, 0.20739330083501106, 0.3244112583315844, 0.24133394548446746, 0.4779459682544955, -0.3221246101770364, -0.19879031430316485, -0.1266110490894572], [-0.5497211138588443, 0.05867749581544257, -0.6875259809768326, -0.14911762716537674, 0.17431805347117357, -0.18134449934907337, -0.7720573314272143, -0.4790727051344166, 0.16370877923197202, 0.13285170302229427, 0.6180884935943969, -0.09259339528805488]], "inverted": true, "swapped": false, "error_lsq": 0.04748664983433978, "error_max": 0.2976957257435793, "target": "1002.xyz", "model": "2.xyz", "model_rescale": 3.795458400668931, "target_rescale": 3.858339724435997},
{"mapping": [4, 5, 9, 3, 6, 0, 7, 8, 1, 10, 2, 11], "R": [[-0.14676099290907188, 0.2550730917274396, -0.9557190637613905], [0.039870727107898546, 0.9669211138932252, 0.25194024019074934], [0.988368117697162, -0.0011302141789022446, -0.1520762523725482]], "T": [-0.0014899529654473498, -0.05918598214460008, -0.1068523548246509], "aligned_model": [[-0.46458502311554506, 0.2128982603032669, 0.4279178354325285, 0.7516724548245755, 0.5068366709934198, -0.7251093717804971, -0.15493579260334728, 0.6403125003649552, -0.009776768697239202, -0.35162484225190876, -0.01171382685600722, -0.11630306235725557], [-0.44114176956438567, -0.7258420527783604, -0.36929135200968183, -0.307644937558048, 0.0599922689916729, 0.23806914414904962, 0.21714901509795387, 0.32238179880349876, 0.5532023259582382, -0.5559244929807388, 0.04926452071823231, -0.030562849971751068], [-0.3318133865230413, -0.1654355695523114, -0.7953276656755728, -0.19676653892684332, 0.1664549528924752, -0.12176110331863972, -0.8021189513275677, -0.3371968283263076, 0.03868365701991609, 0.3050543658741207, 0.6520015654040365, -0.1755626256047979]], "inverted": true, "swapped": false, "error_lsq": 0.06042607871765421, "error_max": 0.33922199097231587, "target": "1002.xyz", "model": "3.xyz", "model_rescale": 3.7530521520055578, "target_rescale": 3.858339724435997},
{"mapping": [1, 4, 3, 7, 2, 8, 0, 9, 5, 6, 11], "R": [[-0.5290826885781539, -0.28164416689829364, 0.8004674083927956], [0.2190663023191402, -0.9566709867570141, -0.19180870231973363], [0.8198057476226497, 0.07387277136758336, 0.5678568039702803]], "T": [-0.2456842656195752, 0.07235878869449953, -0.08622794236011193], "aligned_model": [[-0.3457864375006406, -0.1931143507664179, 0.36745662339998053, 0.4696252941547715, 0.2867818762005816, -0.13185158429587532, -0.21275310199357586, -0.7562523787616706, -0.36961602789464987, 0.27076004121640973, -0.04705035131370866], [-0.577085384328036, 0.094063254765932, -0.3329462054383714, 0.24773610140327246, -0.6400477990871707, 0.7055727406211213, -0.3594369998367869, -0.14123646537327744, 0.35436055992392024, 0.19618686839787025, -0.07996331273412773], [-0.18194633708133157, -0.7207596451455835, -0.4986787512398125, -0.3200390258938193, 0.10186813027159984, -0.14834664407100118, 0.504094304803927, 0.2785177665907199, 0.674895295310615, 0.4883832808207485, -0.08515759712074542]], "inverted": true, "swapped": true, "error_lsq": 0.047257336654069955, "error_max": 0.359985935128996, "target": "1002.xyz", "model": "4.xyz", "model_rescale": 3.7855080009869324, "target_rescale": 3.858339724435997},
{"mapping": [8, 6, 13, 12, 1, 10, 15, 14, 3, 7, 4, 16], "R": [[0.09452995917232877, 0.9040558726100492, -0.416829780627729], [-0.5117128017750887, 0.4032826235915493, 0.7586258194977322], [0.8539403347531764, 0.14158426716411576, 0.5007392534775297]], "T": [0.09188786109917342, -0.009848031527284057, -0.09404412078805643], "aligned_model": [[-0.3333038464958284, 0.061336864905759944, 0.3069889510334947, 0.7389511115590891, 0.6725585571016531, -0.6032554030122548, -0.20376334832837362, 0.41327757305055496, -0.07720125364654044, -0.4722280949563045, 0.0925261904476727, 0.10970173259802309], [-0.3793539225955552, -0.6450735629644485, -0.4894560818451953, -0.08291785661957285, -0.010652609754585575, 0.17400998666712603, 0.09300186205482663, 0.3472078590632849, 0.6328053807418929, -0.3439895007758842, -0.316188998609353, 0.030259063493144188], [-0.5159295107008972, 0.053034867884441506, -0.5926173632055747, -0.2916174326886868, 0.3916768221897424, -0.21209642097919063, -0.8564943607644324, -0.5704023290507598, 0.10800059795641967, 0.2685743267955014, 0.5791242001304294, -0.1250415256315263]], "inverted": true, "swapped": false, "error_lsq": 0.042389827776282245, "error_max": 0.2062638537783177, "target": "1002.xyz", "model": "5.xyz", "model_rescale": 4.2253639853439635, "target_rescale": 3.858339724435997},
{"mapping": [2, 6, 3, 7, 12, 10, 4, 0, 9, 5, 11, 13], "R": [[0.9727202497886873, -0.19177004961317368, 0.1305356798825314], [0.22296199705016295, 0.6174698241855257, -0.7543334568290735], [0.0640567211339835, 0.7628599244236501, 0.6433828348548833]], "T": [-0.04421373225319475, 0.04820438252333317, -0.1298879039366412], "aligned_model": [[-0.3979790662312293, 0.1772487537825549, 0.287187464035336, 0.7013765798951745, 0.7117037086087563, -0.8183530005127948, -0.19962940769302046, 0.5382742225065489, 0.12739579159229003, -0.47150417104134834, 0.07046940709354377, -0.020601247778866103], [-0.44878035492613333, -0.549220069643602, -0.3735380529368947, -0.20499817506189597, -0.011666821477285233, 0.05859881420237317, 0.0490215814196773, 0.45971522354160055, 0.5988038494073423, -0.3177386638136007, -0.2596961693218033, 0.009150457465902193], [-0.4092225979059495, -0.04181770832534462, -0.5939094960300999, -0.2267112858735871, 0.41449066470954143, -0.22534901391185402, -0.8203635459545711, -0.4965338634273312, 0.07007915804596135, 0.16037031594447906, 0.5755189407538719, -0.17033969608964877]], "inverted": false, "swapped": false, "error_lsq": 0.04471837608251716, "error_max": 0.21380512344955882, "target": "1002.xyz", "model": "6.xyz", "model_rescale": 3.89814844738969, "target_rescale": 3.858339724435997},
{"mapping": [9, 6, 5, 1, 0, 11, 10, 2, 4, 8, 3, 12], "R": [[0.17375066648533835, -0.02200536261624375, -0.984543787706788], [0.9845593665172525, -0.01773888547481048, 0.17414989447386486], [-0.02129694107254476, -0.9996004681662767, 0.018583442703475977]], "T": [0.03026636566144438, 0.01973555689132954, -0.02006332518940307], "aligned_model": [[-0.3728768373392937, 0.17405331291630385, 0.2991804096257729, 0.8021005639050585, 0.550640690811527, -0.7541163275451944, -0.09480452706951646, 0.44157053655216194, -0.015679065937812344, -0.47514305031789106, 0.13111475129038333, 0.01954857736544604], [-0.5296310228409458, -0.6342975999402195, -0.4594209641038852, -0.2025769087675045, 0.008497992502811663, 0.20686331596097451, 0.18901992934091355, 0.3868956391153943, 0.6566456844076478, -0.3668139727672703, -0.35665586331988725, 0.11112538926765099], [-0.5976598954546544, 0.07449773757886916, -0.5683979578466352, -0.2839681377036275, 0.2629466858340921, -0.09124872823302653, -0.7233440202806003, -0.46455201745286645, -0.1079854223355649, 0.2097791331921508, 0.6874259246068968, -0.16128142996956749]], "inverted": false, "swapped": false, "error_lsq": 0.041366984811074585, "error_max": 0.23470230014482096, "target": "1002.xyz", "model": "7.xyz", "model_rescale": 3.7474275329858107, "target_rescale": 3.858339724435997},
{"mapping": [3, 5, 0, 10, 11, 2, 1, 12, 13, 8, 9, 14], "R": [[0.621656811652687, -0.6478877610820966, -0.44020933380136734], [-0.7164794932056355, -0.6974534430315911, 0.014691174873876695], [-0.3165437479111081, 0.3062680914548679, -0.8977749783854423]], "T": [0.1018911938987284, -0.07849009243399163, -0.15038603843653797], "aligned_model": [[-0.2888356659750913, 0.0016959191984422806, 0.17529251520864203, 0.8140998477519199, 0.5614054821744249, -0.6914039252511583, -0.15933701391245186, 0.4473534000376399, 0.008506611125651556, -0.43664619848528424, 0.21151683778379693, 0.061941224600413805], [-0.6385814162934392, -0.7219448280073741, -0.3445007400433, -0.2375265492097545, 0.06613039412154295, 0.06546373221832899, 0.19174361697737935, 0.4215969606360226, 0.7738463715464436, -0.25149845096943324, -0.280705471825819, -0.034372000294917444], [-0.3689375584384085, 0.1478561018082809, -0.7487703789864864, -0.35709742777224357, 0.24256623516521564, -0.39235637990586353, -0.8011820016933655, -0.2562700423310855, 0.11963933178299296, 0.23073848286539084, 0.5758588229074869, -0.15583331346644752]], "inverted": true, "swapped": false, "error_lsq": 0.04789707792043597, "error_max": 0.24159788211434777, "target": "1002.xyz", "model": "8.xyz", "model_rescale": 4.019505241142653, "target_rescale": 3.858339724435997},
{"mapping": [11, 8, 5, 3, 0, 10, 6, 2, 1, 9, 7, 12], "R": [[-0.3057459204854479, 0.6878347627188418, 0.658333328415037], [0.6805314832246526, -0.3257001169945121, 0.6563507706476894], [0.6658801186749463, 0.6486931269755183, -0.3685117292138251]], "T": [0.06173613335563899, -0.06460319428460055, -0.1630243713707784], "aligned_model": [[-0.2813375188544385, -0.06067378724617595, 0.3515629059940527, 0.8778402374448682, 0.5268459659530633, -0.6872502394041884, -0.1694328917187489, 0.4142158874395713, -0.17148909903808712, -0.48037303596069914, 0.31825247447844096, 0.06742813516928685], [-0.5375193850045636, -0.6431479291588855, -0.4512090209604393, -0.08043597070314897, 0.10159301352577914, 0.424057895334849, 0.10254459102674572, 0.34381710890954126, 0.4702128264922956, -0.2714965936520434, -0.3517434684329228, -0.09702144852152705], [-0.3772678536687187, 0.16322512284124746, -0.6289225316850793, -0.43169558721155954, 0.25970218587602484, -0.35900781743140275, -0.8313688466816516, -0.40576505835257415, 0.17739172264625774, 0.19843493653507205, 0.6563252608221535, -0.18483966175430275]], "inverted": true, "swapped": false, "error_lsq": 0.052031513211822394, "error_max": 0.2751286572261801, "target": "1002.xyz", "model": "9.xyz", "model_rescale": 3.877068213659057, "target_rescale": 3.858339724435997},
{"mapping": [5, 4, 1, 7, 2, 12, 0, 8, 10, 3, 13, 15], "R": [[0.9990632947578375, -0.035119275826848415, -0.025281802408299307], [-0.036773437658490116, -0.996990501566159, -0.0682470077705687], [-0.02280893137329518, 0.06911277922538396, -0.9973480718371855]], "T": [0.035772167775133014, 0.04047816964372526, -0.00802932694957248], "aligned_model": [[-0.3498484378379891, 0.2623407560130275, 0.17903441128936567, 0.687646098278679, 0.6231762874366635, -0.6393740310021166, -0.19222397213817966, 0.5497972418216136, -0.14953809251494402, -0.3430296514729704, 0.07206691693963985, 0.005541507444156518], [-0.44497828899095887, -0.5947765691127944, -0.4349962035825616, -0.3387696508821155, -0.030990459085326966, 0.16417960000180212, 0.17121726919176639, 0.3285536024925633, 0.6926677428533379, -0.4498846476332232, -0.10904504715940509, 0.056474270762596], [-0.48407997293061705, 0.04861669194182304, -0.7195816160975823, -0.32030811068786347, 0.29231046938410726, -0.3031069135560892, -0.7594886296851143, -0.5061394593987756, 0.20058430512600733, 0.12913784075015894, 0.7495747878647552, -0.09130752077534304]], "inverted": true, "swapped": false, "error_lsq": 0.04331332274984922, "error_max": 0.21990429592781244, "target": "1002.xyz", "model": "10.xyz", "model_rescale": 4.260839863003843, "target_rescale": 3.858339724435997},
{"mapping": [1, 7, 0, 6, 10, 2, 3, 5, 4, 8, 10, 11], "R": [[0.20689670489005388, 0.9050405694528859, -0.3716117882280294], [-0.9635301744229886, 0.254378202549159, 0.08307426222521727], [0.1697155163267139, 0.3408713800134222, 0.924663909648096]], "T": [-0.02146583202755023, -0.059079813367204005, -0.09999545942199874], "aligned_model": [[-0.4647297734331093, 0.1706600087341795, 0.396385360914415, 0.7896586458190693, 0.35227232188744373, -0.6339734062702101, -0.12474333905847554, 0.42297569329038465, -0.03791849407408393, -0.489086982494933, 0.35227232188744373, -0.02818332294517862], [-0.43326076795074897, -0.6831591558503234, -0.5497316661697168, -0.19520933543913696, -0.043449540135689774, 0.20757185252510682, 0.1873458396196262, 0.3873085325971747, 0.6468322500140036, -0.35725602238946064, -0.043449540135689774, -0.11389082782946497], [-0.5321601671641368, -0.043265706384627275, -0.6955585621688578, -0.2637060861776957, 0.4034022748886765, -0.2552001201563882, -0.7575980943804197, -0.3445768925033984, 0.09370618560377224, 0.3561128775632179, 0.4034022748886765, -0.128346112073352]], "inverted": false, "swapped": false, "error_lsq": 0.05072497810849872, "error_max": 0.39323020653718843, "target": "1002.xyz", "model": "11.xyz", "model_rescale": 3.890672605050136, "target_rescale": 3.858339724435997},
{"mapping": [0, 11, 6, 9, 12, 3, 8, 5, 7, 4, 10, 13], "R": [[-0.9049804430531236, 0.2835592946154541, 0.31718216237449165], [0.044005917346733175, -0.6791309057515735, 0.7326968623458955], [0.4231712146753897, 0.6770342231307319, 0.6021219010963825]], "T": [0.0668217225449653, -0.2599562453033205, -0.23155573198320267], "aligned_model": [[-0.4856977818906162, 0.32082299597603925, 0.2486088378277102, 0.8422102215523731, 0.32393829905287075, -0.7217025600235137, -0.14284107479649327, 0.5058904229987446, -0.05655548490637438, -0.4254824195368283, 0.27855760012686104, 0.017839977876172454], [-0.34788680883343936, -0.6956411278345151, -0.5112400799127856, -0.20121158669677303, 0.19297814716029077, 0.21835133916349891, 0.1492245718145072, 0.37608435460833745, 0.5601568881730297, -0.23293898120638978, -0.36120349250951883, -0.13702160507056205], [-0.42046034538041693, -0.011500738573773206, -0.7172183958999365, -0.2653515410967693, 0.3012422118506175, -0.28170018774270933, -0.7863562512258168, -0.31898120527850315, -0.03367525478165384, 0.266403847656518, 0.631263726258412, -0.12745399385050152]], "inverted": false, "swapped": false, "error_lsq": 0.04340245905374574, "error_max": 0.246503512708883, "target": "1002.xyz", "model": "12.xyz", "model_rescale": 4.124412569039231, "target_rescale": 3.858339724435997},
{"mapping": [9, 10, 7, 5, 4, 6, 3, 0, 1, 8, 2, 12], "R": [[-0.519121177362394, 0.7495122075861025, -0.4107854110034691], [0.5443371437973461, -0.08061548636416443, -0.8349839622656332], [-0.6589463385560536, -0.6570636149092997, -0.3661381281236556]], "T": [0.057773965670096045, -0.08343541120595269, -0.2411192841085777], "aligned_model": [[-0.40569668839369, 0.30213392237409187, 0.2534751461310693, 0.7749386244561646, 0.6439734512104914, -0.5457726758816234, -0.16005598943710014, 0.3777938886072304, -0.185068633715156, -0.5021258667070176, 0.05653796118933166, 0.09545589442315375], [-0.4318801004477594, -0.6841408117872374, -0.5748292440853777, -0.1889229838092793, 0.08598259236813241, 0.20385581422738394, 0.2586217615618932, 0.3750189375723253, 0.5110295776860708, -0.21693326509082167, -0.17440067358086248, -0.15374998575878762], [-0.5102336155018707, 0.11108932675948502, -0.5777360149617742, -0.4608762027408069, 0.2548080885647543, -0.26954494231962733, -0.8278904294301517, -0.3965999980367718, 0.25938361080228395, 0.18735081007613497, 0.6156883413143688, -0.14922710259055755]], "inverted": true, "swapped": false, "error_lsq": 0.0460039833129268, "error_max": 0.2821715268186246, "target": "1002.xyz", "model": "13.xyz", "model_rescale": 3.9028299243045295, "target_rescale": 3.858339724435997},
{"mapping": [10, 5, 13, 12, 2, 7, 9, 1, 6, 4, 0, 15], "R": [[-0.5519412112547702, -0.4682884858664017, 0.6899759367713991], [0.8286173400412428, -0.40083885725253077, 0.3907960008744469], [0.09356389849505237, 0.7874224434961441, 0.6092714439204987]], "T": [0.13887530361124129, -0.07313694124370088, -0.11614844985555578], "aligned_model": [[-0.4133229194650106, 0.19322154417196363, 0.2683771910513688, 0.7171412408969942, 0.6069158981079383, -0.7209220176535869, -0.23722080495542336, 0.507672137581068, -0.01181400381652603, -0.3496809132462308, 0.08527315797377694, 0.059948523610613036], [-0.4331287075818683, -0.5806756124724524, -0.6956128010573452, -0.30719618818971584, 0.20161731691765375, 0.13845745556754346, 0.3689734479360057, 0.44210500741565595, 0.5760494023852787, -0.4229060068536197, -0.2617060803855472, -0.016325614825908746], [-0.46376267949687877, -0.0767426507972694, -0.5940651966786217, -0.4244746791241341, 0.3814436211033435, -0.3074710397948559, -0.6298950579845457, -0.2600699053038201, -0.10008339082007912, 0.19743997084104375, 0.6893233988089966, -0.1754305188177122]], "inverted": true, "swapped": false, "error_lsq": 0.040573088748533395, "error_max": 0.18292850515168832, "target": "1002.xyz", "model": "14.xyz", "model_rescale": 3.942246331269136, "target_rescale": 3.858339724435997},
{"mapping": [3, 4, 13, 11, 6, 1, 12, 8, 0, 5, 9, 14], "R": [[0.019594645165926045, -0.6274706496628698, -0.7783936238770701], [0.9253119025109723, -0.28350999900772467, 0.25183320578145546], [-0.3787003207713803, -0.7251914673203873, 0.5750507827777973]], "T": [0.09661041097458276, -0.13074003948422808, -0.04053950254041397], "aligned_model": [[-0.47283424448949696, 0.1512222094583018, 0.3247699580184955, 0.766766696469858, 0.5695158352755761, -0.6405352799867033, -0.23493123699864507, 0.57287206589427, -0.08800554586259099, -0.47041178504468617, 0.18439760813661374, 0.04276275338595348], [-0.4891375321590021, -0.6756974247240441, -0.3028333999610071, -0.28336435650775116, 0.00827207230815924, 0.06987221510194339, 0.0066543581893427906, 0.4529622731915427, 0.5810419738837926, -0.13150218829716312, -0.17579267932206805, -0.05082369284806554], [-0.29318936323397826, -0.2495920716744982, -0.8016288158787646, -0.24476338831489491, 0.2237056143116087, -0.31074755088035466, -0.7748958011515591, -0.2174783974106732, -0.04143213635056606, 0.24453032494012947, 0.7584761254609651, -0.056772667881947333]], "inverted": true, "swapped": false, "error_lsq": 0.05599016365612835, "error_max": 0.27924677612047205, "target": "1002.xyz", "model": "15.xyz", "model_rescale": 4.355366556412066, "target_rescale": 3.858339724435997},
{"mapping": [5, 4, 0, 2, 8, 7, 9, 1, 10, 3, 6, 11], "R": [[-0.4892570894534321, 0.6474313283809084, 0.5843459381654748], [-0.8681719070676782, -0.4253850880549443, -0.25558768874685345], [0.08309657151788802, -0.6323608162207869, 0.7702043611344673]], "T": [0.049067694052824774, -0.042154100987995144, -0.18578930879812833], "aligned_model": [[-0.3451932796258183, 0.19629319624551284, 0.30110135254744924, 0.847651630292234, 0.6130248133315301, -0.8100990288200443, -0.21902025461608052, 0.40714120654081365, -0.01862870929735435, -0.45203252387727916, 0.1221535237215016, 0.06319710781448079], [-0.3997457784865294, -0.7583177443565232, -0.4764965987513382, -0.2904367751551609, 0.33109001626933193, 0.20739330083501106, 0.3244112583315844, 0.24133394548446746, 0.4779459682544955, -0.3221246101770364, -0.19879031430316485, -0.1266110490894572], [-0.5497211138588443, 0.05867749581544257, -0.6875259809768326, -0.14911762716537674, 0.17431805347117357, -0.18134449934907337, -0.7720573314272143, -0.4790727051344166, 0.16370877923197202, 0.13285170302229427, 0.6180884935943969, -0.09259339528805488]], "inverted": true, "swapped": false, "error_lsq": 0.04748664983433978, "error_max": 0.2976957257435793, "target": "1002.xyz", "model": "16.xyz", "model_rescale": 3.795458400668931, "target_rescale": 3.858339724435997},
{"mapping": [9, 6, 5, 1, 0, 11, 10, 2, 4, 8, 3, 12], "R": [[0.17375066648533835, -0.02200536261624375, -0.984543787706788], [0.9845593665172525, -0.01773888547481048, 0.17414989447386486], [-0.02129694107254476, -0.9996004681662767, 0.018583442703475977]], "T": [0.03026636566144438, 0.01973555689132954, -0.02006332518940307], "aligned_model": [[-0.3728768373392937, 0.17405331291630385, 0.2991804096257729, 0.8021005639050585, 0.550640690811527, -0.7541163275451944, -0.09480452706951646, 0.44157053655216194, -0.015679065937812344, -0.47514305031789106, 0.13111475129038333, 0.01954857736544604], [-0.5296310228409458, -0.6342975999402195, -0.4594209641038852, -0.2025769087675045, 0.008497992502811663, 0.20686331596097451, 0.18901992934091355, 0.3868956391153943, 0.6566456844076478, -0.3668139727672703, -0.35665586331988725, 0.11112538926765099], [-0.5976598954546544, 0.07449773757886916, -0.5683979578466352, -0.2839681377036275, 0.2629466858340921, -0.09124872823302653, -0.7233440202806003, -0.46455201745286645, -0.1079854223355649, 0.2097791331921508, 0.6874259246068968, -0.16128142996956749]], "inverted": false, "swapped": false, "error_lsq": 0.041366984811074585, "error_max": 0.23470230014482096, "target": "1002.xyz", "model": "17.xyz", "model_rescale": 3.7474275329858107, "target_rescale": 3.858339724435997},
{"mapping": [12, 5, 9, 6, 0, 11, 7, 2, 1, 10, 8, 13], "R": [[-0.8565724734429938, 0.5124931550696578, -0.06028568442424295], [-0.32862592598022067, -0.451690316630009, 0.8294461155713039], [0.3978549968435664, 0.7302921496698632, 0.5553240293893069]], "T": [0.02391586652387829, -0.06556696078496604, -0.09123007757543034], "aligned_model": [[-0.3357679663342041, -0.05096310015524288, 0.325742207984351, 0.7416208215362486, 0.6709897849976099, -0.6446665081054155, -0.23697271021323807, 0.5111786641053767, -0.0334465431166925, -0.4870208049148976, 0.12656350151064494, 0.11833168696240523], [-0.5149345161551347, -0.7809967708603629, -0.43137315479600485, -0.20067482774171927, 0.2734612366113567, 0.20050437593357934, 0.19166692123179685, 0.3567104476859496, 0.6190526850053542, -0.41313153478881337, -0.27272977641864277, -0.017903466851678755], [-0.5686536461962695, -0.015248080531115149, -0.5632585236248389, -0.3395127255744791, 0.31558390470900355, -0.15400199739564382, -0.7493996321029585, -0.3880287975824775, -0.010459344213398614, 0.2163117165600092, 0.5895059080085923, -0.09662691012095717]], "inverted": true, "swapped": false, "error_lsq": 0.04156055625506176, "error_max": 0.260159827019743, "target": "1002.xyz", "model": "18.xyz", "model_rescale": 3.922800546911778, "target_rescale": 3.858339724435997},
{"mapping": [1, 8, 6, 4, 13, 0, 2, 11, 7, 5, 12, 14], "R": [[0.39059728708826513, -0.642207232919545, 0.6595480492770097], [0.7430351109029649, 0.6428990494397416, 0.18595600607373525], [-0.5434451060454092, 0.41743344645020725, 0.7282971471178479]], "T": [0.05164489929756464, -0.07352574445893656, -0.18680617265716293], "aligned_model": [[-0.36630214447658577, 0.21814405524483912, 0.28510637975131925, 0.7214632580989324, 0.6062139992687603, -0.7790281700616617, -0.26887726298041453, 0.6024170981302366, 0.17693479296389383, -0.4708798879494094, -0.07727954779790444, 0.05767646406494008], [-0.5095872612061552, -0.6200458705224929, -0.5410959508124205, -0.20346219945174102, -0.018641702053626086, 0.01668844877474436, 0.24967776675841002, 0.3719317603720176, 0.625197144443909, -0.4347718536295899, 0.056700382952621836, 0.017060953230002895], [-0.6147707110810949, 0.03224732970684499, -0.6369634909226924, -0.42831605437778786, 0.21475901765018357, -0.1698861591407349, -0.7399191779401822, -0.2607061669170328, 0.17966317957709543, 0.23628107071857873, 0.5780687761070318, -0.1542457414447424]], "inverted": false, "swapped": false, "error_lsq": 0.05221466321167515, "error_max": 0.40565891429898304, "target": "1002.xyz", "model": "19.xyz", "model_rescale": 3.9282355846067225, "target_rescale": 3.858339724435997},
{"mapping": [2, 5, 1, 0, 4, 12, 10, 11, 9, 7, 6, 13], "R": [[-0.9659869733959562, -0.10716713879827887, -0.2353388442036527], [-0.25856027443713575, 0.41425243139555123, 0.8726634560733408], [0.003968842691984498, 0.9038308068685561, -0.42787161724403006]], "T": [0.07998403621896197, -0.06640409370501625, 0.02724508745521545], "aligned_model": [[-0.29732340407759994, 0.06737587187024774, 0.3440970754685406, 0.7048235650546354, 0.6589204922763441, -0.6162171134814868, -0.15832149320417335, 0.416705993102361, -0.13371154143461203, -0.5124041821491959, 0.10313443090925503, 0.12850933992262997], [-0.5818639363942776, -0.759680194596731, -0.5534960711026526, -0.04470338486010067, 0.1412479170600175, 0.3813109770503806, 0.11473174041551894, 0.46117652774239876, 0.5910684686862305, -0.21977794334692857, -0.4013349176595024, -0.11902756413867308], [-0.493001446825885, 0.11030792133854034, -0.47722146679771393, -0.4720560547794891, 0.17243829395183302, -0.16678975436920793, -0.7806129651971567, -0.3215244395274732, 0.04935515375494451, 0.14408017364186768, 0.587717617065648, -0.11648116032044037]], "inverted": false, "swapped": false, "error_lsq": 0.052777925637054794, "error_max": 0.26813376229012814, "target": "1002.xyz", "model": "20.xyz", "model_rescale": 4.067790424073018, "target_rescale": 3.858339724435997},
{"mapping": [11, 13, 10, 1, 8, 3, 12, 7, 0, 6, 4, 14], "R": [[-0.037645098277090894, 0.9905788124291471, -0.13166800272719553], [0.42770843371563544, -0.10311034352509091, -0.8980165659867616], [-0.9031325164693309, -0.09012143709794207, -0.41979731332057807]], "T": [0.05019393723509413, -0.08013481583165034, -0.06924757005551134], "aligned_model": [[-0.3770171461932348, 0.1916613546521887, 0.270787498843146, 0.8231492085942096, 0.48808510485232054, -0.7450592221107306, -0.21931439771644728, 0.599945793931195, -0.0002539466805332874, -0.4720808468128508, 0.08207855830706506, 0.06360707459061755], [-0.40317872741734084, -0.742530805228017, -0.49913502690436967, -0.2249703025541226, 0.11889857426253934, 0.18381500858269767, 0.13828145413662474, 0.3984743094299773, 0.6262290902206643, -0.40791437554675586, -0.07089057823089108, -0.10742700189532638], [-0.4314154528979273, -0.24628436882385757, -0.7378761106157836, -0.3034866179165366, 0.2370283377065745, -0.21637988939065572, -0.7523825913378935, -0.2285276958850559, -0.01481345615704703, 0.3398325111951108, 0.7316084780246392, -0.14109127196610055]], "inverted": false, "swapped": false, "error_lsq": 0.04061524515439137, "error_max": 0.2760954678575463, "target": "1002.xyz", "model": "21.xyz", "model_rescale": 4.186013935880536, "target_rescale": 3.858339724435997},
{"mapping": [4, 9, 7, 1, 2, 3, 6, 0, 5, 11, 8, 12], "R": [[0.4044409930412013, -0.3352317691808151, 0.8509095980653573], [-0.6547203769958609, 0.5434965320986883, 0.5253120477802669], [-0.6385677028273861, -0.7695655790955054, 0.00032920685738987987]], "T": [0.0716805166217541, -0.16873305045458037, -0.13971922145122181], "aligned_model": [[-0.46943603263408507, 0.31911737840075444, 0.2626677810019873, 0.7681891816608207, 0.45435383797239376, -0.6633415686032375, -0.10819768715224014, 0.46607704411909434, -0.07420087245064384, -0.4303604735715133, 0.15278286962244042, 0.027937575891174724], [-0.45467328111997674, -0.6748504530679997, -0.49600126935892, -0.1991767891876733, 0.24975898894515047, 0.36162546235504894, 0.07516185482832216, 0.35530169200879674, 0.5449139500600522, -0.31000783043604385, -0.2839693728786204, -0.15843133329245687], [-0.5309317127867345, 0.12118484989136583, -0.7680050780647457, -0.36124144207433323, 0.3379048409142704, -0.31522146319887495, -0.6066367259434823, -0.4424194176780383, 0.12098243771808995, 0.21659841692612816, 0.6138132125126725, -0.14981604628085113]], "inverted": true, "swapped": false, "error_lsq": 0.042852590349396695, "error_max": 0.21676114375376127, "target": "1002.xyz", "model": "22.xyz", "model_rescale": 4.166573947596378, "target_rescale": 3.858339724435997},
{"mapping": [9, 10, 8, 0, 5, 11, 3, 1, 6, 14, 13, 15], "R": [[0.9356312201781665, -0.1362697807375688, 0.32561444483568314], [-0.3529471640823587, -0.3487719269970671, 0.8682087550266774], [-0.004745439298501519, -0.927247911723983, -0.374417936281606]], "T": [-0.011449992884920823, -0.03989112093178605, -0.23117572828025656], "aligned_model": [[-0.41791655618773227, 0.1044082751483052, 0.24419788414608828, 0.7851354922138398, 0.586682386596882, -0.7274621275266884, -0.21662887932348152, 0.5178707082716567, 0.05544027845986531, -0.4459001471353132, 0.17710885562032036, 0.0426528639732036], [-0.43599829130507367, -0.6479801900464421, -0.5778208115066856, -0.05576221035835395, 0.06488123670204084, 0.1951062026432867, 0.06842045258432507, 0.4373148398266025, 0.6362110439306942, -0.37157481605570564, -0.30183780395960974, -0.0013080335993986628], [-0.4269644122682821, 0.19042334531418414, -0.7783091226081085, -0.4099365637235952, 0.33655870866419335, -0.4639765194831549, -0.7857899001316081, -0.2172787066240271, 0.11163498659684934, 0.3408529013188212, 0.5515391845691426, -0.21254202968894764]], "inverted": true, "swapped": false, "error_lsq": 0.044135698851932435, "error_max": 0.19609480110124655, "target": "1002.xyz", "model": "23.xyz", "model_rescale": 4.274766983524099, "target_rescale": 3.858339724435997},
{"mapping": [8, 9, 10, 4, 1, 3, 7, 2, 6, 0, 11], "R": [[0.7610963942725897, -0.4435792025531464, 0.473254444973925], [0.620348157076019, 0.7109106551137081, -0.3313219045855339], [-0.18947412128744656, 0.5457504296911854, 0.8162450770781022]], "T": [0.027687710905800217, 0.13457215749021575, -0.15877116424572296], "aligned_model": [[0.3025826471382975, 0.18287127161096675, -0.5508541078512468, -0.5017885316105913, -0.3896675030838973, -0.46779666823760013, -0.013329217676379818, -0.1131740587465653, 0.6359612875725366, 0.32261399257965995, -0.027524407737105294], [-0.28329828949491387, 0.7784797853898442, 0.4091263368425462, -0.15422382752615174, 0.4904830428580541, -0.31105313037200033, -0.6046284725618841, 0.12455297856268913, -0.12052925899664099, 0.5361370688423316, 0.050540297699609604], [-0.5681531190560185, -0.18413239716808366, -0.5890085209310576, -0.36399530825439885, 0.2155311958971622, 0.3572161327343995, 0.06257162646811398, 0.7392717350319578, 0.2621239490867859, 0.3776769044214287, 0.07046423579128797]], "inverted": true, "swapped": true, "error_lsq": 0.0469291395558529, "error_max": 0.23915455029871366, "target": "1002.xyz", "model": "24.xyz", "model_rescale": 3.7841303162186577, "target_rescale": 3.858339724435997},
{"mapping": [3, 4, 5, 2, 8, 11, 13, 9, 10, 6, 1, 15], "R": [[-0.9452250703787823, -0.2081412622424908, -0.2514493612629172], [-0.1413667495624324, 0.9553657132588305, -0.2594066229832981], [0.2942193203132298, -0.20965106458482172, -0.9324598772455962]], "T": [0.06145053693748697, 0.07802623717396104, -0.0651558364206696], "aligned_model": [[-0.3234014382635055, 0.14360958473167518, 0.3283929031976534, 0.7192407600902737, 0.5380447209480907, -0.6741223676649303, -0.3128902846185448, 0.4986121304915307, -0.051331152519987606, -0.4626131887527735, 0.2915102094599779, 0.010537157157485516], [-0.48702951130302485, -0.6599311589990519, -0.5533974612359316, -0.24902369578490244, 0.017838363557350786, 0.2195558998404984, 0.1511070016383158, 0.3635198620873058, 0.8434037922727027, -0.3919072745892225, -0.2754768952937259, 0.03099269666536554], [-0.4913046906138485, 0.008145699425820496, -0.6123163536598794, -0.2358701931790622, 0.279362939955366, -0.23346931111282104, -0.7481844950090932, -0.3288295737955761, 0.016896548988831472, 0.0977740815827293, 0.5473345522529659, -0.06332733289996609]], "inverted": false, "swapped": false, "error_lsq": 0.03767750303117822, "error_max": 0.21562780300664228, "target": "1002.xyz", "model": "25.xyz", "model_rescale": 4.19342608120988, "target_rescale": 3.858339724435997},
{"mapping": [5, 4, 0, 2, 8, 7, 9, 1, 10, 3, 6, 11], "R": [[-0.4892570894534321, 0.6474313283809084, 0.5843459381654748], [-0.8681719070676782, -0.4253850880549443, -0.25558768874685345], [0.08309657151788802, -0.6323608162207869, 0.7702043611344673]], "T": [0.049067694052824774, -0.042154100987995144, -0.18578930879812833], "aligned_model": [[-0.3451932796258183, 0.19629319624551284, 0.30110135254744924, 0.847651630292234, 0.6130248133315301, -0.8100990288200443, -0.21902025461608052, 0.40714120654081365, -0.01862870929735435, -0.45203252387727916, 0.1221535237215016, 0.06319710781448079], [-0.3997457784865294, -0.7583177443565232, -0.4764965987513382, -0.2904367751551609, 0.33109001626933193, 0.20739330083501106, 0.3244112583315844, 0.24133394548446746, 0.4779459682544955, -0.3221246101770364, -0.19879031430316485, -0.1266110490894572], [-0.5497211138588443, 0.05867749581544257, -0.6875259809768326, -0.14911762716537674, 0.17431805347117357, -0.18134449934907337, -0.7720573314272143, -0.4790727051344166, 0.16370877923197202, 0.13285170302229427, 0.6180884935943969, -0.09259339528805488]], "inverted": true, "swapped": false, "error_lsq": 0.04748664983433978, "error_max": 0.2976957257435793, "target": "1002.xyz", "model": "26.xyz", "model_rescale": 3.795458400668931, "target_rescale": 3.858339724435997},
{"mapping": [3, 10, 7, 5, 8, 2, 0, 6, 1, 9, 11, 12], "R": [[-0.7189810194134214, -0.08989418802514376, 0.6891917938299454], [0.590904154030145, -0.601121567782748, 0.5380382342327822], [0.36592154141722305, 0.7940855720296848, 0.4853138467230584]], "T": [-0.003303463392750429, -0.09408330741183689, 0.0019467753465638726], "aligned_model": [[-0.41559028713996515, 0.3149770938876676, 0.26872901530085447, 0.7076590501630959, 0.5518085045574264, -0.7669163404848064, -0.2940029269071136, 0.5522716385188604, -0.036297655930427365, -0.40562452828806905, 0.1563903183296319, 0.0721851522497903], [-0.49289428588389983, -0.7298154259319315, -0.49504014143609887, -0.17839490530907598, 0.24698125029219747, 0.26649590070098467, 0.10453114158341222, 0.4123089851046293, 0.4967462290335297, -0.08292436213308127, -0.3942243379508263, -0.14411842921416007], [-0.4628606441966767, -0.04526115670357968, -0.6503108780500597, -0.23104319580799415, 0.3279488928593275, -0.24647408230255874, -0.7512592486971166, -0.33877321510261327, -0.011655161051207147, 0.15157140165243285, 0.6312224300476907, -0.13689327071217855]], "inverted": false, "swapped": false, "error_lsq": 0.044859957727928244, "error_max": 0.31474783355723107, "target": "1002.xyz", "model": "27.xyz", "model_rescale": 3.6321398670334006, "target_rescale": 3.858339724435997},
{"mapping": [3, 8, 7, 12, 9, 5, 1, 6, 13, 0, 10, 14], "R": [[0.9065407761457402, 0.3726253488668798, -0.19832844114477127], [0.1240710922408326, -0.6843007764963415, -0.7185671933484515], [-0.40347265738243737, 0.6268036348557181, -0.6665785910726612]], "T": [0.045336438328394145, -0.06810555758629758, -0.12371902158309338], "aligned_model": [[-0.3693577309112729, 0.22972820993070633, 0.28735050253714317, 0.8149189959173532, 0.48816320512193756, -0.8210095176847638, -0.335837432470838, 0.6116228050372957, 0.16061378059006343, -0.44866725589280665, 0.06030461980978105, 0.0277588522723467], [-0.4851282932829011, -0.5453028789442745, -0.5465762511200286, -0.33259081784386946, 0.18823617642409238, -0.016438824627655862, 0.26048052254619203, 0.3916189960820785, 0.7331785627872629, -0.300591432872412, -0.3285703216207416, -0.008663818672062673], [-0.4782339914687049, -0.050835505966079456, -0.6835246772872586, -0.26966409694115595, 0.3061245909505259, -0.2606297763609052, -0.5641788543821807, -0.3918244537824617, -0.018209663172072663, 0.17847687863413647, 0.608814727288744, -0.14010330557712058]], "inverted": false, "swapped": false, "error_lsq": 0.04365541670044936, "error_max": 0.22510573982166446, "target": "1002.xyz", "model": "28.xyz", "model_rescale": 4.156811204709835, "target_rescale": 3.858339724435997},
{"mapping": [0, 9, 1, 10, 8, 6, 2, 7, 4, 11], "R": [[0.12253403643655744, -0.07201481745862626, 0.9898481075301226], [0.937453174295196, -0.3190428541553438, -0.13925948160277238], [0.3258327115536826, 0.9450002768670562, 0.028416910506984083]], "T": [-0.03755603302471752, -0.12170307397877081, 0.04918484944924549], "aligned_model": [[-0.49079926073161684, 0.0844184192741528, 0.039080080583225985, 0.7098423890211119, -0.02225271018974477, -0.7897438458013454, -0.6264066780839982, -0.4022856021239649, 0.3422062904168901, -0.2011337082541227], [-0.26574078822379144, -0.5140902079458932, 0.23916337300414056, 0.024529506109973037, -0.3616413125662236, -0.30354334553042084, 0.411427327770003, 0.3100068883101462, 0.3163686626567236, 0.06224022704154675], [-0.5074444108675474, -0.47090815473294956, -0.5029587037226073, -0.07412957704709074, 0.6491614917678267, 0.16482992346480724, -0.39291283611753075, 0.5761492133163914, 0.3132660734890063, 0.0037337074247940777]], "inverted": false, "swapped": true, "error_lsq": 0.05927894507557998, "error_max": 0.2630503256725584, "target": "1002.xyz", "model": "29.xyz", "model_rescale": 4.117894457231895, "target_rescale": 3.858339724435997},
