[{"mapping": [12, 0, 4, 9, 11, 8, 7, 2, 5, 3, 6, 13], "R": [[-0.8913165426332103, 0.13747876397382114, 0.4320351956549503], [-0.044177810184207564, 0.9220472120600799, -0.3845481241919693], [-0.4512240484678415, -0.3618404733974138, -0.8157624224587858]], "T": [-0.20293716690320387, 0.009123308542646577, 0.06178698113238782], "aligned_model": [[-0.6723971913376272, -0.308236739458115, 0.7187807352592144, -0.14145154398010465, -0.360886414962696, 0.24038981474873786, 0.20657031068829154, 0.3452642309622279, -0.388466708321047, 0.030758651012916888, 0.4220067511233834, -0.14786393996874284], [-0.16160688015440244, -0.7534186556473288, 0.07620252528599515, -0.32834926322266716, 0.6288118223368767, 0.6110896699318911, 0.1691175840434423, -0.5218863797821649, 0.5647239545190557, -0.14546011583414442, 0.26476108275742016, 0.06941131148519593], [-0.23075070207971818, 0.008362385208093522, -0.18181251419855454, -0.5855730062348344, -0.2176768300350331, -0.16553837758914255, -0.5531113357291039, 0.1553935177272052, 0.5406272174257462, 0.503024485651431, 0.4204521619121061, -0.07918166301099513]], "inverted": false, "swapped": false, "error_lsq": 0.0526037824107114, "error_max": 0.29151302086552605, "target": "1003.xyz", "model": "0.xyz", "model_rescale": 3.8414455957264533, "target_rescale": 3.858930514041764},
{"mapping": [1, 12, 6, 10, 4, 7, 2, 8, 0, 13, 9, 14], "R": [[-0.7782841635477967, 0.21586303515957103, -0.5896413408356006], [0.5703906732898651, 0.6356820893393459, -0.5201564775306551], [0.2625418835055494, -0.741155470427671, -0.6178675651468498]], "T": [-0.03726803489600834, 0.0582003667186392, -0.08234446499057141], "aligned_model": [[-0.8842362104707275, -0.2293182198968819, 0.6029856086217066, -0.018444781354705744, -0.24822065916249653, 0.12293845970423382, 0.327692270679437, 0.3696451293721867, -0.47393665802814416, -0.02311165710438272, 0.509340094606626, -0.11086542120041283], [-0.008185909734808823, -0.6597978778263596, -0.06987110224641946, -0.4967534616432914, 0.5158037649241661, 0.6131463094961123, 0.5326873306312097, -0.5518359350068662, 0.47805371273829206, -0.10880377257340865, 0.20816224763509317, 0.02079134932545028], [-0.24585490206117655, 0.09052771651502456, -0.5109470134933373, -0.4824110018603111, -0.2870768637798856, 0.19930049203484018, -0.513935502953293, 0.21189996541191664, 0.31585278627461955, 0.6570851902616865, 0.2974458284966005, -0.11767135579948365]], "inverted": true, "swapped": false, "error_lsq": 0.04020164992349184, "error_max": 0.18649877210963614, "target": "1003.xyz", "model": "1.xyz", "model_rescale": 4.316132596720782, "target_rescale": 3.858930514041764},
{"mapping": [3, 6, 2, 4, 5, 9, 0, 8, 7, 10, 1, 11], "R": [[-0.701158421836595, 0.6974253164698399, 0.1482389808200234], [0.03970613141500062, 0.2457777350716926, -0.968512637021884], [-0.7118990733353081, -0.6731947956497976, -0.20002119011334063]], "T": [0.012811426219336612, 0.08283062423828574, 0.00017450080664541123], "aligned_model": [[-0.6282312289638647, -0.27531355430189347, 0.6343343801862942, -0.14794641812586698, -0.2924965579568229, 0.10285001832792937, 0.3090495253941573, 0.47342060665769226, -0.6775851501757064, -0.038847022054122465, 0.5190171026549759, -0.03378374587633295], [-0.020120902944561675, -0.6872612516272123, -0.31744175711313943, -0.27718982691072497, 0.5389162191072108, 0.7633934310854442, 0.3788640003973375, -0.4404545350537586, 0.4721379590397946, -0.14574860780595886, 0.22435581793757892, -0.016053890392840747], [-0.09720263267705234, 0.0063762203350659075, -0.39252976472207035, -0.6622995902887643, -0.3382525177192799, 0.2806719573003401, -0.5729932646718465, 0.3180548883323585, 0.4152088200520617, 0.58525461326077, 0.13553954835408905, -0.06361293850847115]], "inverted": true, "swapped": false, "error_lsq": 0.05279905172626606, "error_max": 0.3103492147931578, "target": "1003.xyz", "model": "2.xyz", "model_rescale": 3.795458400668931, "target_rescale": 3.858930514041764},
{"mapping": [5, 4, 2, 10, 3, 8, 6, 0, 9, 7, 1, 11], "R": [[0.5942110345258262, 0.7505572855300042, 0.28909688269778855], [-0.2443472793677047, 0.5109027041247244, -0.8241800980269088], [-0.766294756287258, 0.41909687192327716, 0.4869806550888606]], "T": [0.046709324262821456, -0.016285632332773393, -0.03908886420144822], "aligned_model": [[-0.5701201721219679, -0.3097165124231761, 0.5493102878142102, -0.07804080573214262, -0.33595054343757047, 0.1250715987863492, 0.20550948856974385, 0.40754413402525846, -0.6556471027155951, -0.07684377137980618, 0.6306266278116864, 0.05272472656944925], [0.010642713414987202, -0.5374070368675137, -0.08463048858285793, -0.5357599395036566, 0.6438971803829401, 0.7283450792022399, 0.46964780141213053, -0.6225531995796237, 0.3879058743391761, -0.005044791436835762, 0.12821589905986205, -0.10986243612167834], [-0.37467916819457625, 0.07203196193849021, -0.6139336810662688, -0.542670619883416, -0.27318308664672053, 0.18440027289853314, -0.3322569088548266, 0.29920955604912336, 0.27376784137419485, 0.7145095518458837, 0.14646094582555533, 0.060558673761228116]], "inverted": true, "swapped": false, "error_lsq": 0.0608549979869881, "error_max": 0.3112601568473571, "target": "1003.xyz", "model": "3.xyz", "model_rescale": 3.7530521520055578, "target_rescale": 3.858930514041764},
{"mapping": [8, 10, 6, 2, 4, 7, 0, 9, 1, 3, 11], "R": [[0.27195982166720234, 0.1289309429544453, -0.9536323543943028], [0.5912186029340439, -0.8042863961474966, 0.0598661550192543], [-0.7592749297477566, -0.5800863771206403, -0.2949599568341261]], "T": [-0.09369522333117482, -0.04859467531219166, -0.02838910331156011], "aligned_model": [[-0.5266735707726137, -0.3415772003748552, 0.5540456283988259, 0.5343701248504605, 0.21184215078508523, -0.18743284913871058, -0.1684885540011566, -0.6631948883779898, -0.32340142766627156, 0.3147237905426015, -0.06601360180017074], [-0.7787246874912211, 0.13552861909279904, -0.23865118402052327, 0.3902080203562459, -0.7425673257440378, 0.7127608175411564, -0.4362785090863435, 0.010513173941414142, 0.31651920396704875, 0.16187006979373594, -0.06397484003592818], [-0.07711708546506045, -0.6100886728469028, -0.2968272575800669, -0.44065829091608644, 0.02603936292289366, -0.07100514521658874, 0.6218573626796879, -0.039489638629107926, 0.5559568437203672, 0.44980125318049435, -0.025637954604313503]], "inverted": false, "swapped": true, "error_lsq": 0.05104479582676176, "error_max": 0.3053491651621987, "target": "1003.xyz", "model": "4.xyz", "model_rescale": 3.7855080009869324, "target_rescale": 3.858930514041764},
{"mapping": [10, 7, 1, 5, 9, 14, 2, 6, 15, 8, 13, 16], "R": [[-0.4654495572538818, -0.7000151789499868, 0.5416045225917003], [0.8512208726079592, -0.5216726406388917, 0.05727723845813959], [0.2424453251533429, 0.48768473960999037, 0.8386798310814599]], "T": [0.11438253737727844, 0.006909557515933841, -0.07347515997170956], "aligned_model": [[-0.6070952923827525, -0.1905227842602641, 0.7482651946589518, -0.2802273343114087, -0.34661165497967583, 0.1661631806402795, 0.21174172953533885, 0.3529223297424374, -0.36203171686391933, -0.228966006230231, 0.3720640326846065, 0.1087662775330761], [-0.09034188129046153, -0.6757406273756513, -0.08370120784535154, -0.4323326545504863, 0.5016996102623443, 0.6801649701434939, 0.4943564101708586, -0.4887653854494069, 0.4659450807542424, -0.10458448596279268, 0.1470977355973883, 0.05959909126499219], [-0.042231394367569564, -0.02457790257929604, -0.47731473825439424, -0.6270567464828032, -0.29614347286199544, -0.03172216147060675, -0.6200119301142406, 0.27792516222742514, 0.41808760656679816, 0.5306694666161516, 0.5889560897272916, -0.08236463995956038]], "inverted": false, "swapped": false, "error_lsq": 0.04361909247994534, "error_max": 0.20328936311488505, "target": "1003.xyz", "model": "5.xyz", "model_rescale": 4.2253639853439635, "target_rescale": 3.858930514041764},
{"mapping": [11, 8, 4, 5, 6, 7, 3, 1, 12, 9, 0, 13], "R": [[-0.00021293422021524244, 0.5418686571995683, 0.840463153864436], [-0.7172359480692523, 0.5855775115335919, -0.37771890710332046], [-0.6968303591665757, -0.6028908162601773, 0.38852299058475104]], "T": [0.021518179216988013, -0.08093600143775789, -0.10003041880216629], "aligned_model": [[-0.744349151617816, -0.3121611150037485, 0.6814114431378724, -0.36260922115813926, -0.24264540525718198, 0.03390840914782112, 0.336096470619663, 0.5406019409001919, -0.5200244452106605, -0.005352019290781631, 0.49130463275252517, 0.04828641674669286], [0.05614880946890291, -0.7017544245622922, -0.10595407602897383, -0.31582070089947367, 0.38616568435211407, 0.6982077650464578, 0.48224207675159025, -0.5466820664188856, 0.5118583571207894, -0.23293599221530087, 0.27718323211064466, -0.03526200900640405], [-0.11447946693158578, 0.12157167892303328, -0.354640490052532, -0.5450209632977894, -0.45464511659841794, 0.048874548804568485, -0.39478527206749936, 0.1287455267639629, 0.37606851929600554, 0.4905374627501266, 0.442292319024496, -0.13030340756716774]], "inverted": true, "swapped": false, "error_lsq": 0.044713459123114335, "error_max": 0.24917642750173383, "target": "1003.xyz", "model": "6.xyz", "model_rescale": 3.89814844738969, "target_rescale": 3.858930514041764},
{"mapping": [7, 3, 1, 0, 4, 10, 2, 6, 11, 8, 9, 12], "R": [[0.4721400932835641, -0.696148324030832, 0.5407968595168164], [-0.55289691626201, -0.7116670457211183, -0.43339937242979015], [0.6865775501006042, -0.09437969582298794, -0.7209048069712207]], "T": [-0.04759777428752186, 0.03655339887484611, -0.05809547621553128], "aligned_model": [[-0.6695827680575697, -0.28097516157672975, 0.5988820277984979, -0.011706787165783591, -0.3703228112794964, 0.2906487164022446, 0.2308709976931856, 0.32286050177700487, -0.4462559199303223, -0.20656678457483135, 0.49282632902557444, -0.00621038434533587], [-0.14604651218777698, -0.7328474774083822, -0.17700040234366182, -0.35285468212371385, 0.5020770280177091, 0.6855749459985033, 0.4349203897136444, -0.47799711189700034, 0.472712344273506, -0.18750461858973455, 0.2556192389495577, 0.19674351331651846], [-0.16329347786362286, 0.018970880559489103, -0.5593491560162757, -0.5031612814227557, -0.3657187679092206, -0.0009639966495468, -0.5731748178344357, 0.17722194470249014, 0.4952375396839201, 0.5601388085769323, 0.6185860037329087, -0.09027834051268195]], "inverted": true, "swapped": false, "error_lsq": 0.0442563805814723, "error_max": 0.23100926023141805, "target": "1003.xyz", "model": "7.xyz", "model_rescale": 3.7474275329858107, "target_rescale": 3.858930514041764},
{"mapping": [5, 10, 13, 11, 8, 2, 4, 12, 3, 0, 1, 14], "R": [[0.669394762661923, 0.6774985093797722, -0.3048055470442996], [0.5349354415119228, -0.7242698157603249, -0.43506011928577115], [-0.5155140397071957, 0.1281756754095411, -0.8472403856628153]], "T": [-0.06609286218751709, -0.05649803600007231, -0.04486183650650861], "aligned_model": [[-0.7507707216981976, -0.24188952888176302, 0.6869558325191686, -0.08472574132861141, -0.2742357184309867, 0.2251138078749878, 0.27006988117903463, 0.40233052316008827, -0.49952146182334856, -0.16762061397059283, 0.3967349137872125, -0.017973216620553255], [0.11750327011202777, -0.7456924035987468, -0.06201574354504092, -0.5294169636044029, 0.4986310276114816, 0.7147285004589682, 0.4904799316126418, -0.4574600893569209, 0.3961719299612523, -0.09902679265239317, 0.1714073001542355, -0.021913311433933], [-0.16301952008673068, 0.21852004468070918, -0.5357783742158974, -0.44795048596013715, -0.38208370706815264, 0.12542556943516942, -0.4921151861463569, -0.0661123100707407, 0.3035116526095659, 0.6048278264114444, 0.5016282618379445, -0.05263843237961749]], "inverted": false, "swapped": false, "error_lsq": 0.043156738372952835, "error_max": 0.2624333055758358, "target": "1003.xyz", "model": "8.xyz", "model_rescale": 4.019505241142653, "target_rescale": 3.858930514041764},
{"mapping": [4, 3, 6, 5, 8, 9, 11, 2, 7, 0, 1, 12], "R": [[0.3402288580794801, -0.9253840228920014, 0.16705907430052713], [0.375634514324694, -0.02911962767283674, -0.9263102930078273], [0.8620574434328518, 0.3779106474557331, 0.33769884033203945]], "T": [0.15175735271210253, 0.061256907056415684, -0.03079833588793219], "aligned_model": [[-0.6534687785813417, -0.2560614258376551, 0.6958599762202197, -0.07661436146577819, -0.2848368434268921, 0.20329644832969512, 0.15745637923101477, 0.2976093306508738, -0.5511661468012339, -0.2187383800083613, 0.4942987196546096, 0.13683303780128814], [-0.13265357057862373, -0.694906098981576, -0.20659160313844638, -0.288792173778645, 0.5375891034845923, 0.7428719506288604, 0.3562173655686925, -0.48026104200141445, 0.43783566454647804, -0.10004281786804609, 0.24648788789715653, 0.055641989940141315], [0.009255070816923915, -0.04982883518613552, -0.43113737800707685, -0.5559999355731796, -0.22734369434179114, -0.04000243438251256, -0.5787174658733285, 0.15750374481275378, 0.39777019225530574, 0.47847702071820625, 0.5211619868169632, -0.06692293300892821]], "inverted": true, "swapped": false, "error_lsq": 0.0437323250630676, "error_max": 0.1994260485444985, "target": "1003.xyz", "model": "9.xyz", "model_rescale": 3.877068213659057, "target_rescale": 3.858930514041764},
{"mapping": [8, 2, 6, 9, 0, 5, 12, 13, 1, 4, 3, 15], "R": [[-0.7609889521938359, 0.22500712120772598, -0.6084961873707507], [-0.5705652459272067, 0.2143064376122178, 0.7927976103256031], [0.3087897582157707, 0.9504969995764176, -0.034703587959656335]], "T": [0.02453406129484737, -0.06875341254979508, -0.11279299081746816], "aligned_model": [[-0.725706526485029, -0.21444120982416537, 0.610044881438283, -0.32442401371726803, -0.30484914951095876, 0.08541155901488201, 0.32484122132177023, 0.5050685016312456, -0.4649456222755793, -0.011435189838564959, 0.4733690679101796, -0.008465563898356433], [-0.0670347628747501, -0.6312691010106581, -0.04523602339069219, -0.5321104056273793, 0.6084982743100232, 0.6446621335333573, 0.5292922801476754, -0.6314963017987755, 0.5057951835986286, -0.0905925266738894, 0.17399264958773084, 0.008895255917898665], [-0.2929569231099728, 0.1457070632995486, -0.3049611125935541, -0.42771181011792125, -0.3708683455466223, 0.20077937901245516, -0.44498596906369314, 0.11091572205256206, 0.31523756911850787, 0.5627215877166648, 0.2645435020924598, -0.14420532381323395]], "inverted": true, "swapped": false, "error_lsq": 0.0425628674896667, "error_max": 0.2568296922261149, "target": "1003.xyz", "model": "10.xyz", "model_rescale": 4.260839863003843, "target_rescale": 3.858930514041764},
{"mapping": [9, 8, 0, 7, 10, 5, 6, 1, 4, 2, 3, 11], "R": [[-0.15808926330178052, 0.20354717144644113, 0.9662175395969861], [0.5578528935291027, -0.7889876424424822, 0.25748524084743474], [0.8147440911169027, 0.5797129022794016, 0.011181096586879047]], "T": [-0.040106829114228096, 0.01577786182344918, -0.02702879671859089], "aligned_model": [[-0.8200729089015566, -0.4792763495601459, 0.743578568044333, 0.12413967803663721, -0.4381532294322205, 0.1541199126417216, 0.3201809633940507, 0.37879789494928784, -0.42556223909952684, -0.09779046489573731, 0.4838849397725196, 0.000621190817076081], [0.03537086952640015, -0.5517540054055903, -0.007794032335575983, -0.30179534572236016, 0.2543534744210113, 0.6599569232676525, 0.4918357465449913, -0.5326337996261145, 0.4980032980740179, -0.20845984673565512, 0.1626799110634361, -0.026366537353043618], [0.13729493737831266, -0.052545831216459706, -0.42113009529702977, -0.5763701951404214, -0.44889907572599747, 0.03558279830685576, -0.6159404468140786, 0.18982166992764504, 0.3666533265067788, 0.6185307856319753, 0.428696433525244, -0.047478968035624125]], "inverted": true, "swapped": false, "error_lsq": 0.05322006996617828, "error_max": 0.3345757556939602, "target": "1003.xyz", "model": "11.xyz", "model_rescale": 3.890672605050136, "target_rescale": 3.858930514041764},
{"mapping": [0, 2, 9, 6, 8, 7, 5, 10, 3, 4, 12, 13], "R": [[-0.5404929320992595, 0.34381506986814936, 0.7678923023981326], [0.033378052148218595, -0.9032113133099614, 0.4278962831618027], [0.8406862054212239, 0.25690566603415826, 0.4767034537047214]], "T": [-0.07405058803859003, -0.09442813742251313, -0.1838913013741873], "aligned_model": [[-0.6477046678329778, -0.10407418980407351, 0.5718434077987395, -0.22638484179448892, -0.38193533315439143, 0.16624120416012483, 0.44389891935840725, 0.4732489902360954, -0.6060110933049783, -0.24224895551937975, 0.5262159333450878, -0.028621417721726848], [-0.028675094731816952, -0.6517494835861773, -0.14518184995158046, -0.19009709284391388, 0.5055095563497315, 0.6183069438865016, 0.459640918090402, -0.5134415738818756, 0.4854129129673642, -0.16437910098156677, 0.10633822553153408, -0.008287705129432846], [-0.06023017628070687, 0.2566261603841825, -0.6152443155368403, -0.7313399930730248, -0.43780623428352083, 0.2176466529337, -0.3562513064371187, 0.385697511831821, 0.29970515552094745, 0.4927719942899845, 0.20918008852491898, -0.046540198827142776]], "inverted": false, "swapped": false, "error_lsq": 0.059938306878992854, "error_max": 0.31126759741700905, "target": "1003.xyz", "model": "12.xyz", "model_rescale": 4.124412569039231, "target_rescale": 3.858930514041764},
{"mapping": [8, 2, 5, 10, 9, 3, 7, 4, 6, 1, 0, 12], "R": [[-0.06204563402990887, 0.9021465765284926, -0.4269448369002104], [0.87938142687308, 0.25173448984701846, 0.40412628309988374], [0.4720578834936375, -0.35037308840631876, -0.8089499697460439]], "T": [0.03147679201407298, 0.12383375504384467, -0.05311151105854067], "aligned_model": [[-0.6662011514406084, -0.33127674990436035, 0.7258360512192933, -0.04205877880256069, -0.3587775761531095, 0.15658280502354005, 0.21473864486756172, 0.3957204287088845, -0.4188502252781358, -0.2325071122675838, 0.49041008569087546, 0.010851534102642252], [-0.03196125694739135, -0.6516213914246177, -0.003849920765514242, -0.36929705196134144, 0.5230360282299754, 0.7835981273940422, 0.28004245200051037, -0.5527726037831553, 0.4458009703593413, -0.1457806844793794, 0.1792651117440147, 0.016936875352684636], [0.009093973859908733, 0.04422654568252943, -0.32753450054739647, -0.5971925705566605, -0.3645281856439763, 0.1873314847890237, -0.6319824904657407, 0.1136417919724157, 0.32259516248182496, 0.6683348495182686, 0.2977089416567559, -0.10747966369975229]], "inverted": true, "swapped": false, "error_lsq": 0.03703429940895514, "error_max": 0.17644743970876478, "target": "1003.xyz", "model": "13.xyz", "model_rescale": 3.9028299243045295, "target_rescale": 3.858930514041764},
{"mapping": [5, 4, 9, 10, 12, 1, 11, 7, 2, 3, 6, 15], "R": [[-0.8261872393195152, 0.4981659445984319, 0.26314508778989315], [0.1771522731915897, 0.6730852614147307, -0.7180343327232455], [-0.5348193318202427, -0.5466140526080683, -0.6443456834671382]], "T": [-0.15754842646843495, 0.07205938349848737, -0.028721859670468815], "aligned_model": [[-0.5948607639441211, -0.38240261026073274, 0.5841649007356909, -0.0503968471318272, -0.4276911854062634, 0.16438860374699008, 0.24996433771842977, 0.4463376928543079, -0.36856777990854717, -0.026438376831871252, 0.40303844143400014, -0.0530684572396172], [-0.08772034962122696, -0.5471295934701049, -0.03509637099523591, -0.5369311343449932, 0.5365265125050322, 0.6307349486458915, 0.5112427899229348, -0.6027070142312326, 0.5538354967241341, -0.1745579078469878, 0.1954397489859843, 0.029759529444974023], [-0.24163073696518644, 0.13067977367874226, -0.22677347160616745, -0.4446565784321687, -0.47091352040906986, 0.05150854121415379, -0.46105040474253045, -0.003427211593341868, 0.48655707329175735, 0.528664462131448, 0.31028833368180575, -0.045030921202241385]], "inverted": false, "swapped": false, "error_lsq": 0.04540724032716229, "error_max": 0.2750032344531338, "target": "1003.xyz", "model": "14.xyz", "model_rescale": 3.942246331269136, "target_rescale": 3.858930514041764},
{"mapping": [7, 0, 13, 8, 6, 10, 11, 12, 9, 5, 3, 14], "R": [[-0.2551813973098479, 0.8314288881782544, -0.49356707585663095], [-0.8839860827721476, -0.40742583224361917, -0.2292875851103761], [-0.3917282986103343, 0.3777964996175402, 0.8389390591363515]], "T": [0.056875458226799694, 0.07418001219318036, 0.03894065531537166], "aligned_model": [[-0.772952858573955, -0.34042985509589085, 0.7283147290809244, -0.2191569374739512, -0.30217668693762423, 0.10086418068578581, 0.21372215312021053, 0.6024567175564716, -0.5601067606838777, -0.08710838703988903, 0.5513072283664526, 0.029734432761782132], [-0.04961570061180036, -0.5443068985739686, -0.07920620773156091, -0.2592230594453161, 0.29730498959443974, 0.7851463952947414, 0.36774689890904444, -0.5344391875820411, 0.5432285979003814, -0.019504960002466154, -0.016628112239020235, -0.017106099793263885], [-0.12549502893768788, 0.020503950525066476, -0.39299894647797684, -0.6025337671158825, -0.32723715784502966, 0.07884442003842063, -0.5961409315547865, 0.03907216944683559, 0.25685961255978657, 0.6499000127819983, 0.5525933003142287, 0.06084770531222741]], "inverted": true, "swapped": false, "error_lsq": 0.045535941592590716, "error_max": 0.2775902939819845, "target": "1003.xyz", "model": "15.xyz", "model_rescale": 4.355366556412066, "target_rescale": 3.858930514041764},
{"mapping": [3, 6, 2, 4, 5, 9, 0, 8, 7, 10, 1, 11], "R": [[-0.701158421836595, 0.6974253164698399, 0.1482389808200234], [0.03970613141500062, 0.2457777350716926, -0.968512637021884], [-0.7118990733353081, -0.6731947956497976, -0.20002119011334063]], "T": [0.012811426219336612, 0.08283062423828574, 0.00017450080664541123], "aligned_model": [[-0.6282312289638647, -0.27531355430189347, 0.6343343801862942, -0.14794641812586698, -0.2924965579568229, 0.10285001832792937, 0.3090495253941573, 0.47342060665769226, -0.6775851501757064, -0.038847022054122465, 0.5190171026549759, -0.03378374587633295], [-0.020120902944561675, -0.6872612516272123, -0.31744175711313943, -0.27718982691072497, 0.5389162191072108, 0.7633934310854442, 0.3788640003973375, -0.4404545350537586, 0.4721379590397946, -0.14574860780595886, 0.22435581793757892, -0.016053890392840747], [-0.09720263267705234, 0.0063762203350659075, -0.39252976472207035, -0.6622995902887643, -0.3382525177192799, 0.2806719573003401, -0.5729932646718465, 0.3180548883323585, 0.4152088200520617, 0.58525461326077, 0.13553954835408905, -0.06361293850847115]], "inverted": true, "swapped": false, "error_lsq": 0.05279905172626606, "error_max": 0.3103492147931578, "target": "1003.xyz", "model": "16.xyz", "model_rescale": 3.795458400668931, "target_rescale": 3.858930514041764},
{"mapping": [7, 3, 1, 0, 4, 10, 2, 6, 11, 8, 9, 12], "R": [[0.4721400932835641, -0.696148324030832, 0.5407968595168164], [-0.55289691626201, -0.7116670457211183, -0.43339937242979015], [0.6865775501006042, -0.09437969582298794, -0.7209048069712207]], "T": [-0.04759777428752186, 0.03655339887484611, -0.05809547621553128], "aligned_model": [[-0.6695827680575697, -0.28097516157672975, 0.5988820277984979, -0.011706787165783591, -0.3703228112794964, 0.2906487164022446, 0.2308709976931856, 0.32286050177700487, -0.4462559199303223, -0.20656678457483135, 0.49282632902557444, -0.00621038434533587], [-0.14604651218777698, -0.7328474774083822, -0.17700040234366182, -0.35285468212371385, 0.5020770280177091, 0.6855749459985033, 0.4349203897136444, -0.47799711189700034, 0.472712344273506, -0.18750461858973455, 0.2556192389495577, 0.19674351331651846], [-0.16329347786362286, 0.018970880559489103, -0.5593491560162757, -0.5031612814227557, -0.3657187679092206, -0.0009639966495468, -0.5731748178344357, 0.17722194470249014, 0.4952375396839201, 0.5601388085769323, 0.6185860037329087, -0.09027834051268195]], "inverted": true, "swapped": false, "error_lsq": 0.0442563805814723, "error_max": 0.23100926023141805, "target": "1003.xyz", "model": "17.xyz", "model_rescale": 3.7474275329858107, "target_rescale": 3.858930514041764},
{"mapping": [0, 2, 11, 1, 8, 5, 10, 7, 4, 9, 12, 13], "R": [[-0.6228693572690418, 0.7068419900255412, 0.33527326900900345], [-0.609444024584157, -0.7071161142100979, 0.3585593143722212], [0.4905219104932178, 0.019005319285519934, 0.8712215867188664]], "T": [0.004204797506632014, 0.011551199301171395, -0.07925036157960394], "aligned_model": [[-0.8027165164987842, -0.3565576988685651, 0.5746265909351936, -0.09422770175878734, -0.3612431587769189, 0.15220606136934633, 0.3685957707946402, 0.48975895844927375, -0.5661238923128249, 0.014318655462639763, 0.6096340816904621, -0.08380319471923638], [-0.12705877718143477, -0.5668731233596958, -0.1487069085458246, -0.4947100883367543, 0.5476977716908401, 0.6489826556605479, 0.5382100643948149, -0.5310347008937436, 0.48464462957373816, 0.004565091469863437, 0.16112646680431472, -0.043446425557496615], [-0.24897855076493958, 0.11850819821777975, -0.4923762240683839, -0.5402590041636985, -0.3888454122210596, 0.22896498685213332, -0.3367169203167538, 0.11377031020779274, 0.29509388349752197, 0.5897586593092703, 0.3334475237039509, -0.05815211120641307]], "inverted": false, "swapped": false, "error_lsq": 0.043882794644671756, "error_max": 0.2774850127041423, "target": "1003.xyz", "model": "18.xyz", "model_rescale": 3.922800546911778, "target_rescale": 3.858930514041764},
{"mapping": [12, 5, 2, 0, 7, 11, 9, 1, 13, 8, 6, 14], "R": [[0.48092771807921597, -0.46249207350237637, -0.7448554302215906], [0.7863890115097647, -0.14811549629338627, 0.5997116993476608], [-0.38768653904902806, -0.8741641045623165, 0.29246583686808625]], "T": [0.03030628319469376, 0.04763148369929163, 0.049205404750781286], "aligned_model": [[-0.7415898421008313, -0.35976309679275664, 0.5583819856068204, 0.011675934830768741, -0.3906765607289384, 0.06548168751580054, 0.32623959506174927, 0.49384831886925123, -0.37787083695810697, -0.14623109660109435, 0.514274533382539, -0.00930266631876257], [-0.017106063559621215, -0.6083961757264162, 0.015025678730694075, -0.5618001534460689, 0.5480411981323167, 0.7584696857501625, 0.439910962218106, -0.5252853029951033, 0.501992534263342, -0.15926081324177585, -0.02333908839968886, 0.10514419399322278], [-0.08717445554819522, 0.046501879210159934, -0.4337043971709389, -0.5223614115034887, -0.40967865673063963, 0.022459298403563484, -0.5998581295626071, 0.11904923498869216, 0.36346838560325734, 0.5973119500710372, 0.535523903904546, -0.017322262618185917]], "inverted": false, "swapped": false, "error_lsq": 0.03934355549003236, "error_max": 0.21809261340891511, "target": "1003.xyz", "model": "19.xyz", "model_rescale": 3.9282355846067225, "target_rescale": 3.858930514041764},
{"mapping": [5, 2, 9, 7, 6, 4, 8, 10, 3, 1, 11, 13], "R": [[-0.25079509801743327, 0.15839473638199117, 0.9549936786685583], [-0.7706318076866955, 0.5643748329841225, -0.2959859200632353], [-0.5858570096806576, -0.8101803227557576, -0.01947841953071411]], "T": [0.025392300471078606, 0.05480747653971204, -0.1238457266702992], "aligned_model": [[-0.6649600449606381, -0.33301943880533164, 0.6530894477830752, -0.153889082984689, -0.4467547076090972, 0.1871654206248596, 0.3660556596197155, 0.4151026967680403, -0.4087939750115683, -0.3095333631483957, 0.6270122082231885, 0.012993135267279889], [-0.023209922960024255, -0.6492795973207719, 0.022673263411350918, -0.34437904164530575, 0.3688864882864236, 0.619385401938175, 0.6092040575150368, -0.6050518155790121, 0.4552713055960522, -0.15095155224741455, 0.17974538882950714, -0.008897320104847707], [-0.05301440040276349, 0.10964651716516013, -0.41261641223375356, -0.5672485746822749, -0.44830779101405516, 0.10949751554659018, -0.5178184235220262, 0.2697859166386535, 0.34248684665221524, 0.5141110259612924, 0.24467452514086635, 0.023018593797296233]], "inverted": false, "swapped": false, "error_lsq": 0.04505666733580149, "error_max": 0.2405382819274003, "target": "1003.xyz", "model": "20.xyz", "model_rescale": 4.067790424073018, "target_rescale": 3.858930514041764},
{"mapping": [2, 8, 9, 0, 3, 11, 12, 1, 6, 5, 13, 14], "R": [[-0.5587440878379674, -0.5923395100852856, -0.5804644253509786], [-0.15876859391262668, 0.763364048095689, -0.6261532269835954], [0.8140009692212443, -0.25769989302847307, -0.5205700598766589]], "T": [-0.03616571523837406, -0.00781513796709981, 0.013229229256985477], "aligned_model": [[-0.7537893909970995, -0.13578315605597696, 0.6365131732777173, -0.34702795727104707, -0.39795792853876943, 0.15606560189331084, 0.3046242445091786, 0.5795544525664725, -0.50711662704586, -0.030401711704411485, 0.40242318355735707, 0.03736407157556684], [0.036686419006898126, -0.563742197505322, -0.15241756747992866, -0.2771963763755985, 0.603782146405894, 0.6095009152639354, 0.3595435094356555, -0.521398879169892, 0.4315011614162891, -0.27709468216702315, 0.20778748273039896, 0.016444724157863126], [-0.1784940164811302, 0.09190175739222917, -0.34821668618906526, -0.5657841077162507, -0.4545315779870592, 0.013744123637693652, -0.5663600170298714, 0.1876583466925029, 0.37759625638643607, 0.5385114621533854, 0.5145063909936002, 0.0036834071947301726]], "inverted": true, "swapped": false, "error_lsq": 0.04295068927336731, "error_max": 0.25317028859087404, "target": "1003.xyz", "model": "21.xyz", "model_rescale": 4.186013935880536, "target_rescale": 3.858930514041764},
{"mapping": [11, 8, 1, 9, 4, 6, 7, 2, 3, 5, 0, 12], "R": [[0.4343403577506762, 0.14362856813512154, 0.889223980808249], [0.32916810714609673, 0.8936163992018242, -0.3051197933851908], [-0.8384490508473786, 0.4252300148073046, 0.34085572261604935]], "T": [-0.018536390922719644, 0.017966906628953887, -0.11578396075147063], "aligned_model": [[-0.6373763613824616, -0.26894839950645644, 0.675213251945503, -0.03288687265817828, -0.41991721372637686, 0.06700650467838384, 0.3084932442174875, 0.24383261945790236, -0.46207085434990963, -0.06243979231345676, 0.5841739475671391, -0.0506121181631372], [-0.10362323580543642, -0.7059174377729883, -0.0832135622483692, -0.377361079608086, 0.5684064419916462, 0.5406955354174576, 0.4648288316618515, -0.5279969259244515, 0.5470131872404906, -0.07556941475271908, 0.17933105921931514, 0.04680325630045845], [-0.0808711130298991, -0.08490658083599192, -0.32458334214500945, -0.5942822441444824, -0.36782741288547866, 0.055359378804189174, -0.5971256040536153, 0.31174989615401655, 0.4971808567218013, 0.6509377775888245, 0.24820820831622487, -0.09962448144337896]], "inverted": true, "swapped": false, "error_lsq": 0.04334290099242933, "error_max": 0.2784684897117494, "target": "1003.xyz", "model": "22.xyz", "model_rescale": 4.166573947596378, "target_rescale": 3.858930514041764},
{"mapping": [2, 6, 7, 1, 3, 9, 8, 13, 11, 12, 14, 15], "R": [[-0.5341394653785595, 0.16557156183136446, 0.8290241790429455], [0.2946074821131907, -0.8827067241430789, 0.36610827720159594], [0.7924023365740619, 0.43978960545392304, 0.42270987677915695]], "T": [0.024357710871030117, 0.06498151340289418, -0.09613357876756387], "aligned_model": [[-0.6139119039703761, -0.37564384299787057, 0.5956575539396635, -0.24152543536918247, -0.37544336663248373, 0.16834506614852873, 0.29396617535309316, 0.6558814402603556, -0.46363555001235623, -0.1737681758473356, 0.4607530262949339, 0.013792968599468831], [-0.08457020451876837, -0.5553420339906021, -0.17808528502083662, -0.4661209358549797, 0.49131138842452193, 0.6141728752647759, 0.5860043789145863, -0.42774033171801273, 0.469527980471126, -0.052921289072956554, 0.0728506838808741, 0.0043094289394410845], [-0.24797369739888675, 0.08908274183749967, -0.4509922386083631, -0.49025970300298516, -0.23694759833641557, 0.09907312157486059, -0.6528431886314455, 0.17812196165886332, 0.37322562348739907, 0.517239405157893, 0.5637716932619192, -0.12728278195313802]], "inverted": false, "swapped": false, "error_lsq": 0.046159464405000496, "error_max": 0.26470113215043173, "target": "1003.xyz", "model": "23.xyz", "model_rescale": 4.274766983524099, "target_rescale": 3.858930514041764},
{"mapping": [3, 7, 1, 0, 9, 8, 4, 5, 6, 10, 11], "R": [[-0.7680512623234579, -0.07074614643293933, 0.6364685704795109], [-0.569242393439475, 0.5307166500373273, -0.6279354543935668], [-0.29336045397197097, -0.8445915108133909, -0.44788929871935207]], "T": [-7.712837443817067e-05, 0.14526750207026018, 0.014285048571766677], "aligned_model": [[0.20371063834880515, 0.2145837582990784, -0.3135171776054494, -0.48480106608256446, -0.4438204722315898, -0.5981749888673568, -0.02097193721208905, 0.10821058657178059, 0.5832001651204347, 0.11543971167728596, 0.01603548593973991], [-0.04347227302688578, 0.8163301643719976, 0.37453477860284956, -0.3282295869015803, 0.4878796288768638, -0.2025996389771042, -0.5840125615672761, -0.0668102290634072, -0.25579064447333527, 0.5998453766506457, 0.11791151675071565], [-0.5878904742605392, -0.29208182792550275, -0.599494327437564, -0.3314843467838117, 0.1311422416053452, 0.5084529367795572, 0.22789118193493843, 0.6560501605605987, 0.17765178984336585, 0.47660103022249595, 0.012728069482693965]], "inverted": true, "swapped": true, "error_lsq": 0.052548734640897106, "error_max": 0.30883231503170255, "target": "1003.xyz", "model": "24.xyz", "model_rescale": 3.7841303162186577, "target_rescale": 3.858930514041764},
{"mapping": [10, 7, 4, 0, 9, 12, 2, 6, 14, 11, 3, 15], "R": [[-0.1503200737086292, 0.9201475465504738, -0.36156931288118965], [0.8108840335862124, -0.0944691222309863, -0.5775315307581581], [-0.5655713566962056, -0.3800053651227182, -0.7319323486243539]], "T": [-0.022775306183854722, 0.017519896255137404, -0.12171750045377358], "aligned_model": [[-0.7871811268913449, -0.2878614544496049, 0.7001046030920473, -0.24586131578124382, -0.29835438604206294, 0.11029672559131219, 0.29213895991833994, 0.4498398211785348, -0.4959811190692173, -0.11612655036038252, 0.5975429504185706, 0.02591084816149043], [-0.07356745836339756, -0.562006951768758, -0.03210769591829106, -0.544440688781345, 0.5063554410003502, 0.7290365641940073, 0.5312700080776147, -0.45346802687411936, 0.5780638636215506, -0.28306546181144215, 0.09448313893492612, -0.01715607659192636], [-0.009281116777029558, 0.007447225835475774, -0.29972334788212796, -0.5409583411873085, -0.2867529192713048, 0.10457384280206664, -0.5752402182253643, 0.15546794270233885, 0.180219051840224, 0.578540706845053, 0.38649879939806153, -0.08657628703288411]], "inverted": true, "swapped": false, "error_lsq": 0.041768685651729705, "error_max": 0.2048363448324841, "target": "1003.xyz", "model": "25.xyz", "model_rescale": 4.19342608120988, "target_rescale": 3.858930514041764},
{"mapping": [3, 6, 2, 4, 5, 9, 0, 8, 7, 10, 1, 11], "R": [[-0.701158421836595, 0.6974253164698399, 0.1482389808200234], [0.03970613141500062, 0.2457777350716926, -0.968512637021884], [-0.7118990733353081, -0.6731947956497976, -0.20002119011334063]], "T": [0.012811426219336612, 0.08283062423828574, 0.00017450080664541123], "aligned_model": [[-0.6282312289638647, -0.27531355430189347, 0.6343343801862942, -0.14794641812586698, -0.2924965579568229, 0.10285001832792937, 0.3090495253941573, 0.47342060665769226, -0.6775851501757064, -0.038847022054122465, 0.5190171026549759, -0.03378374587633295], [-0.020120902944561675, -0.6872612516272123, -0.31744175711313943, -0.27718982691072497, 0.5389162191072108, 0.7633934310854442, 0.3788640003973375, -0.4404545350537586, 0.4721379590397946, -0.14574860780595886, 0.22435581793757892, -0.016053890392840747], [-0.09720263267705234, 0.0063762203350659075, -0.39252976472207035, -0.6622995902887643, -0.3382525177192799, 0.2806719573003401, -0.5729932646718465, 0.3180548883323585, 0.4152088200520617, 0.58525461326077, 0.13553954835408905, -0.06361293850847115]], "inverted": true, "swapped": false, "error_lsq": 0.05279905172626606, "error_max": 0.3103492147931578, "target": "1003.xyz", "model": "26.xyz", "model_rescale": 3.795458400668931, "target_rescale": 3.858930514041764},
{"mapping": [9, 2, 6, 1, 11, 10, 8, 0, 4, 3, 7, 12], "R": [[-0.6608658593359269, -0.7052298235618555, 0.25672399950744973], [-0.6438285500379697, 0.7085138308917737, 0.28895146580536446], [-0.3856696956207377, 0.025671918393008114, -0.9222796964510441]], "T": [-0.05836792811612192, 0.06952696167295015, -0.13160186345567962], "aligned_model": [[-0.4456382700195979, -0.3746176078091922, 0.6567557092321259, 0.028592816471900137, -0.4217735787719546, 0.09226779763396285, 0.17652774322828801, 0.277820726276482, -0.5288002375390699, -0.10697624261414591, 0.5092210988593386, 0.08108800081830171], [-0.1085519319391907, -0.7381528274359741, -0.08684804229774058, -0.34112819497544966, 0.6544715896795358, 0.6516957599385411, 0.33201677678047603, -0.5856318466179707, 0.5594168095006753, -0.1347757432746487, 0.18849653675059802, 0.08238776961031759], [-0.07979568576180934, 0.01831281980848995, -0.5128262083168703, -0.5489186996485225, -0.3248651734008998, 0.25059546380207964, -0.7693124801578386, 0.254425747822872, 0.35580408837801003, 0.5761934426608645, 0.43751766291141814, -0.04291563905059287]], "inverted": false, "swapped": false, "error_lsq": 0.04666535670435176, "error_max": 0.30624327765308396, "target": "1003.xyz", "model": "27.xyz", "model_rescale": 3.6321398670334006, "target_rescale": 3.858930514041764},
{"mapping": [11, 13, 12, 9, 0, 3, 8, 6, 5, 1, 4, 14], "R": [[0.8304360796958812, 0.0958613685233392, 0.5488046242190099], [-0.554941427250292, 0.22924453322386767, 0.7996792834057789], [-0.04915210942314589, -0.9686369505711641, 0.24357037612864896]], "T": [0.0012518989883475648, 0.09917066352313944, -0.132687390721352], "aligned_model": [[-0.5822375066683773, -0.2739963226636747, 0.7122580816620518, -0.06469222126621965, -0.44518966753599715, 0.09539760052170188, 0.2502001539228045, 0.3938735704771571, -0.5183135671237473, -0.09286684776078194, 0.491447164818378, -0.02141248261685675], [-0.14982597103576448, -0.6260212064599685, -0.10847687168722658, -0.4322918686127589, 0.5199121835032604, 0.7305589158381665, 0.3627790970094088, -0.5507343858797036, 0.5797069529368096, 0.1287163434852437, -0.04536313643415388, 0.0644366030558563], [-0.2330199671031775, 0.12189560184070486, -0.49992360922488716, -0.5324011772734041, -0.24704732804187052, 0.12038481574079835, -0.5008788843147902, 0.03277888070212531, 0.38799093852720185, 0.5287775822381047, 0.5194520379185377, -0.08379355196214272]], "inverted": false, "swapped": false, "error_lsq": 0.03967785819797229, "error_max": 0.24486924923872622, "target": "1003.xyz", "model": "28.xyz", "model_rescale": 4.156811204709835, "target_rescale": 3.858930514041764},
{"mapping": [1, 3, 0, 4, 2, 7, 9, 10, 5, 11], "R": [[-0.30473293555384817, 0.717623837729445, -0.6262218979812169], [-0.2575568989353613, 0.570908161103965, 0.7795693140418557], [0.9169527151383186, 0.39884821562513284, 0.010854450382828257]], "T": [-0.10935264062223198, 0.041164654886687704, -0.022159165704709584], "aligned_model": [[-0.5390644259687061, -0.028887708711674967, 0.15327398620016225, 0.6276363152474467, -0.07691253504474514, -0.771374377487651, -0.5019229566353927, -0.4060075374815953, 0.26651504983926305, -0.08033043584651861], [-0.2087068427685797, -0.5546815799334528, 0.0777509445265161, 0.18715214942056202, -0.5206314255491278, -0.30389938077898276, 0.43318984684238276, 0.3332209658087591, 0.4469608817230645, 0.02836477133506294], [-0.551730017582787, -0.30190936865623663, -0.7351822804148305, -0.13812689756033825, 0.6414013619923338, 0.15928803660346585, -0.16411558181044664, 0.48815469331068556, 0.3811007427533686, -0.020093961660115248]], "inverted": false, "swapped": true, "error_lsq": 0.03938017696225433, "error_max": 0.1997415710907501, "target": "1003.xyz", "model": "29.xyz", "model_rescale": 4.117894457231895, "target_rescale": 3.858930514041764},
