[{"mapping": [8, 11, 12, 10, 6, 4, 9, 0, 2, 5, 1, 3, 13], "R": [[0.5862710584805536, -0.6358392077465042, 0.5019907846568396], [-0.8079932202518704, -0.41412654070731325, 0.41910161573156324], [-0.05859353219515025, -0.6513122984974966, -0.7565441743948623]], "T": [-0.0026347859193565255, -0.03033640756937572, 0.07777971336618561], "aligned_model": [[-0.5606873732753322, -0.3154539041581714, 0.44925809534006267, 0.28969527195885303, -0.613374325430213, -0.3108143141641164, 0.5323433379447895, 0.67648557642761, 0.1678903139218007, -0.5896740651453656, 0.23170943549165318, -0.16592285818892225, -0.01024203094389341], [-0.0006405448598916057, -0.526291528930618, -0.39056912998246845, -0.6695255023664775, 0.4295083275913311, 0.6718175354228056, 0.08108137480949296, 0.25838771206923666, 0.7180558349903559, -0.38622261331959523, -0.22969336124936937, 0.3215316879601206, -0.03874603967156011], [-0.46836550276771105, -0.30068370323194016, 0.043941605506583645, -0.6443070978933815, 0.08707049431828329, -0.49266699345439924, -0.4102035409784692, 0.30327106744713467, 0.12347968065592418, 0.3957909610353799, 0.5660252502978327, 0.4281026423912021, -0.08473573256570663]], "inverted": false, "swapped": false, "error_lsq": 0.04944819704127818, "error_max": 0.2655855292651487, "target": "1004.xyz", "model": "0.xyz", "model_rescale": 3.8414455957264533, "target_rescale": 4.222111343926548},
{"mapping": [10, 12, 8, 6, 1, 3, 2, 7, 4, 11, 13, 0, 14], "R": [[-0.30203153327990906, 0.3988642898870638, -0.865843075364974], [0.7171634619535967, 0.6934526271856841, 0.06928219603913549], [0.6280553492673395, -0.6000256095385943, -0.4954954552309428]], "T": [0.09321597979914002, 0.017958559356122557, -0.05828842865538246], "aligned_model": [[-0.2502038348818331, -0.42056577831182, 0.15441868470694559, 0.4890258840341659, -0.6726758967598847, -0.37095491434782707, 0.5799346399201647, 0.5665766771092521, 0.12828082353493397, -0.580627683820684, 0.13455542748721744, 0.01698721988752193, 0.006461911220601815], [-0.2947276325632633, -0.5437860023236069, -0.7697700370494481, -0.21601804679541572, 0.40473856685878246, 0.5491575981302516, 0.3991642162378798, 0.29383282191325394, 0.5605992052084031, -0.1904443259460336, -0.39678054812119645, 0.4091285775722374, 0.033599359341517615], [-0.5609528064243161, -0.005744196595786413, -0.0646354608318363, -0.6896493723848077, 0.0526563791811276, -0.3985087165165012, -0.4612672378622356, 0.2775359951671936, -0.06963836482239263, 0.42000892292323955, 0.5750594405548105, 0.5472630245823324, -0.07540847621009503]], "inverted": true, "swapped": false, "error_lsq": 0.0513575054487873, "error_max": 0.29002648693056543, "target": "1004.xyz", "model": "1.xyz", "model_rescale": 4.316132596720782, "target_rescale": 4.222111343926548},
{"mapping": [11, 10, 9, 5, 4, 8, 0, 6, 1, 7, 2, 12], "R": [[0.3557601909125623, -0.8845596949691261, 0.3016435522234544], [0.3575588971013075, -0.1693779461451307, -0.918402279212848], [0.8634734053029971, 0.4345863060380341, 0.2560242584964604]], "T": [0.026412538949512933, 0.038088247530060425, -0.033632093456498396], "aligned_model": [[-0.2223139796180404, 0.5150173637657002, 0.1056027529417386, -0.7146731046677863, -0.5054615960737078, -0.46674191619943195, -0.2235682750511073, -0.18230239056947903, 0.4194566879150376, 0.17823062936490425, 0.6794726504782539, 0.015089732345698964], [-0.6004981534832037, -0.3956019272175057, -0.5399707676400823, 0.24077774001746124, -0.2527612692472516, -0.08285590316268157, 0.4290171111728229, 0.618033524908613, 0.12727603224069103, 0.08216077828468912, 0.35401235484961685, 0.033186907017811434], [0.11215568671852047, 0.20472147373581098, -0.5590288456461326, -0.08305634117990007, -0.47954633390468726, 0.3759984174410085, -0.5424070858763701, 0.4132903679808567, -0.6594046425242884, 0.6710580589851834, 0.022620681601156725, -0.027142976121737786]], "inverted": false, "swapped": true, "error_lsq": 0.05135796822419835, "error_max": 0.3403469591750605, "target": "1004.xyz", "model": "2.xyz", "model_rescale": 3.795458400668931, "target_rescale": 4.222111343926548},
{"mapping": [9, 1, 0, 6, 11, 8, 3, 10, 2, 7, 4, 12], "R": [[-0.7334047549658591, 0.016252533101599118, -0.6795979109453252], [0.10639961891465713, -0.984648381416867, -0.13837155078974922], [-0.6714138712361284, -0.17379131204098158, 0.720416541572159]], "T": [0.04978410976281209, 0.03726169091194026, 0.05992633199088181], "aligned_model": [[-0.12499390964993332, -0.2942203901933645, -0.6178081264339909, 0.0988797938679731, 0.2763359464309515, 0.18415409466345323, -0.1190187738800304, 0.6309499619853588, 0.29498936683409527, 0.67076896867979, -0.4580319744823921, 0.051298867921654445], [-0.03471243663473497, -0.565600679514396, -0.06472531314288343, 0.19176920148680904, 0.5190349678394459, 0.6571793043881, -0.4835096068136853, -0.1539210833774466, -0.6129628312590145, 0.15276312362930686, 0.4293375019132311, 0.05111689677497747], [-0.7021349720503868, -0.2088622717077554, 0.19441437563398184, 0.8038048006087276, -0.3955737496633307, 0.21248064801641434, 0.642829127611219, -0.2707240339925613, 0.2756631583081263, 0.4100928003011291, -0.3334213891927144, 0.06020293676625073]], "inverted": true, "swapped": true, "error_lsq": 0.05190136802540815, "error_max": 0.291289202404587, "target": "1004.xyz", "model": "3.xyz", "model_rescale": 3.7530521520055578, "target_rescale": 4.222111343926548},
{"mapping": [7, 10, 11, 9, 8, 1, 6, 2, 3, 0, 12], "R": [[0.8127380529176538, -0.5823563536396524, -0.017830723909850105], [0.5768347177342011, 0.7999725608428714, 0.16524409313195831], [-0.08196685766897338, -0.1445855431017461, 0.986091504359432]], "T": [0.02746990451416783, -0.06239165193364135, 0.010200632515311267], "aligned_model": [[-0.4246655883446507, -0.2928197563505838, 0.42044734283805657, 0.4320191664264235, 0.2885744824030195, -0.04478179912963524, -0.2395157498521687, -0.6473807483798235, -0.4838710798477612, 0.2945716887082598, 0.03562164397406854], [-0.6159107449199002, -0.08806693517401748, -0.35615164801762333, 0.39319678619104814, -0.6591430620348186, 0.67842486944367, -0.506756788537719, 0.20879645004087746, 0.17853132022587173, 0.3079587218027864, -0.07367561070582881], [-0.09357528612556253, -0.6065566767021792, -0.489984680259166, -0.4850206634286141, 0.04678086797020016, 0.01005878960607505, 0.5677814955553252, 0.03241628450414513, 0.57585012327843, 0.5256276537927137, 0.00945286905394906]], "inverted": true, "swapped": true, "error_lsq": 0.045844283141768256, "error_max": 0.23013460195124558, "target": "1004.xyz", "model": "4.xyz", "model_rescale": 3.7855080009869324, "target_rescale": 4.222111343926548},
{"mapping": [14, 8, 6, 11, 9, 2, 1, 4, 0, 10, 7, 5, 16], "R": [[0.9416712010507862, 0.21159014771484508, -0.2616963096827705], [0.07247927823820738, 0.6318610533140457, 0.7716854045081672], [0.3286367346138271, -0.7456414813399769, 0.5796694557827644]], "T": [-0.08899490113649462, -0.05752472244376401, -0.12349910056517564], "aligned_model": [[-0.5112230035339652, -0.33128521359744, 0.38051232142302893, 0.4773877633404257, -0.7343042668921544, -0.2864946017806249, 0.47907500226212435, 0.5668153172531262, 0.2927146743589421, -0.5520791954626478, 0.1451184728609637, -0.017306787307447044, -0.1277173231455772], [0.05548803743047795, -0.6902008400972082, -0.49644620054753813, -0.3629371616385822, 0.24302857733995664, 0.5889232582635624, 0.35193418409279204, 0.05860927211064332, 0.5949804152987841, -0.15159777420846765, -0.27554106027305475, 0.3598671685980298, -0.03741412390603332], [-0.639879720054625, 0.06709525560038128, -0.009534316133304896, -0.590800018246102, -0.11094698097573465, -0.4216342445244057, -0.4111515431064163, 0.19810101857339524, 0.06887742740844531, 0.4311787080358255, 0.5540178928976743, 0.5662458292802653, -0.154850177994666]], "inverted": true, "swapped": false, "error_lsq": 0.042041077279721804, "error_max": 0.20907544764728614, "target": "1004.xyz", "model": "5.xyz", "model_rescale": 4.2253639853439635, "target_rescale": 4.222111343926548},
{"mapping": [9, 0, 7, 12, 1, 8, 11, 6, 5, 4, 3, 2, 13], "R": [[0.2029109136484016, -0.1785038373494558, 0.9627894583832388], [-0.8837214088548938, 0.3900984278636589, 0.25857240399900305], [-0.4217388204255008, -0.9033048193327771, -0.07859243421784576]], "T": [-0.09076452726312942, 0.10158317665444594, -0.038558515962172184], "aligned_model": [[-0.36587224933798845, -0.3902094223519751, 0.3279188662124697, 0.49684351125261283, -0.8242611463582108, -0.3094663468660578, 0.5439043067512783, 0.5047754114219286, 0.19016629883738803, -0.4895989125888017, 0.13106294687338213, 0.0374517264936631, -0.0715018305609342], [-0.054782445736001495, -0.6346223966002806, -0.5711006918476399, -0.3484468069086647, 0.12500405794606143, 0.6127661519002701, 0.3321924910312277, 0.028331164502527012, 0.6600005776170553, -0.039822723258640724, -0.32214341746789754, 0.3815740073813929, 0.06974378390395233], [-0.5605374052619343, -0.14531411553666454, 0.001339417715363611, -0.6073586314991684, -0.026728298133413604, -0.5251038432646614, -0.4252995198221862, 0.1931401941546554, 0.061387187794068133, 0.5287569313492766, 0.4851377871086402, 0.5575432698249873, 0.009756156331770002]], "inverted": false, "swapped": false, "error_lsq": 0.04427905641375208, "error_max": 0.24913563799069882, "target": "1004.xyz", "model": "6.xyz", "model_rescale": 3.89814844738969, "target_rescale": 4.222111343926548},
{"mapping": [0, 7, 8, 3, 2, 1, 6, 9, 5, 4, 11, 10, 12], "R": [[0.9331445850352027, -0.05945914350004634, -0.3545501285766523], [0.1725716838733232, -0.7910838469943609, 0.586860597544024], [-0.3153731081506564, -0.6088111014747055, -0.7279346436161358]], "T": [-0.07150220266844401, -0.06954378426629773, -0.03707886032585824], "aligned_model": [[-0.33789031232716815, -0.28847207745888276, 0.5116253246078174, 0.17644448260104084, -0.5826848870027371, -0.26762108159717113, 0.41287771059426026, 0.6255411850008137, 0.2198947457264616, -0.5915537297585488, 0.172287141657564, -0.1294659106636193, -0.1397694316010762], [-0.01616458995560524, -0.6749051286056532, -0.41041760708012465, -0.4729280773640516, 0.398252345534033, 0.6140435830001046, 0.11840703840573255, 0.33474795355303744, 0.6477643784057997, -0.20599799008885114, -0.48231756401715054, 0.37689650127918195, 0.01131290939690928], [-0.5635752269947099, -0.17025692067750076, 0.001053752588740832, -0.6914376992023664, 0.10923207126021653, -0.49429030886511843, -0.47000661285773354, 0.34843973257492666, -0.09305584001344702, 0.3184804839035689, 0.6152438600865918, 0.5427788317414689, 0.09411300721609478]], "inverted": true, "swapped": false, "error_lsq": 0.04670469108689084, "error_max": 0.24243825395573296, "target": "1004.xyz", "model": "7.xyz", "model_rescale": 3.7474275329858107, "target_rescale": 4.222111343926548},
{"mapping": [0, 3, 2, 1, 7, 10, 12, 13, 11, 5, 4, 9, 14], "R": [[0.8212444918939833, 0.5524993876327393, -0.14248477532438947], [-0.28630745491375503, 0.6150397440258167, 0.734679627136527], [0.49354384384226885, -0.5625571437055139, 0.6632826955916249]], "T": [-0.023277868217746217, 0.01827791499517995, -0.05923789776687022], "aligned_model": [[-0.2764216513233906, -0.4775910777200917, 0.2969874189804178, 0.3208606771552962, -0.5532604697961664, -0.32412509458290584, 0.3942861539810918, 0.8185347528497972, 0.004309313320299962, -0.6407017457596229, 0.46096317360678063, -0.2712062804066695, 0.028577989473917376], [-0.20007341877362958, -0.53582279028959, -0.7570103152734194, -0.40690614118307095, 0.42781029934968956, 0.5466255858777148, 0.3953890802523276, 0.21858743982136966, 0.6121425346940318, -0.09545822770768739, -0.3064871962825871, 0.35024338524677534, -0.010346483268562419], [-0.627088369056017, -0.08581708246487699, 0.011102714063758012, -0.5745911746655323, 0.06437156834757105, -0.5126726171583758, -0.3123585709701474, 0.1843589699631311, 0.12254140929141949, 0.28554219055917357, 0.46255141005283046, 0.5800358065871529, -0.051257123789354396]], "inverted": false, "swapped": false, "error_lsq": 0.046872978486256676, "error_max": 0.2816011550302727, "target": "1004.xyz", "model": "8.xyz", "model_rescale": 4.019505241142653, "target_rescale": 4.222111343926548},
{"mapping": [11, 5, 2, 6, 8, 9, 10, 1, 9, 4, 0, 7, 12], "R": [[0.7176925134143628, -0.47038014703173914, 0.5134783086629604], [0.5876604545506917, 0.013517286036485526, -0.8089947299800428], [0.3735942268641866, 0.8823603573691463, 0.2861250660063591]], "T": [0.03545886840260756, -0.08843554935116682, -0.046626130026077385], "aligned_model": [[-0.35352048197348973, -0.39461599100566136, 0.36691353874586763, 0.25741022504855887, -0.511009742817882, -0.06186616698350725, 0.6704001216424448, 0.6010432387069524, -0.06186616698350725, -0.5188296357228055, 0.0958299100919266, -0.311601393205851, 0.0029257042357081486], [0.06721147481562814, -0.5650939585527419, -0.5610259610928399, -0.4152152988806242, 0.3037759175334846, 0.5730476509196972, 0.23504276733323964, 0.24074449407179765, 0.5730476509196972, -0.30902125681920234, -0.14275609079549034, 0.34221316234529464, -0.10327679933457881], [-0.5067550172326947, -0.2424758055028037, 0.0828662112692092, -0.6565559854581461, 0.014029896723464962, -0.18913183053293514, -0.6214227390862181, 0.12088542554561915, -0.18913183053293514, 0.5293086502210954, 0.5983937876304489, 0.6700850056500348, -0.06337663793340687]], "inverted": true, "swapped": false, "error_lsq": 0.053065397459075125, "error_max": 0.3290440556134804, "target": "1004.xyz", "model": "9.xyz", "model_rescale": 3.877068213659057, "target_rescale": 4.222111343926548},
{"mapping": [3, 4, 1, 5, 13, 6, 12, 11, 10, 2, 8, 9, 15], "R": [[-0.3152309714641906, -0.45480493971373426, 0.8329357126703892], [-0.46634336967422685, -0.6901707478809007, -0.5533427512224276], [0.8265308803611816, -0.5628648199892268, 0.005467927200076883]], "T": [-0.06076720373528219, 0.03313931493002671, -0.011086642661111822], "aligned_model": [[-0.25697402190561525, -0.44100478144320465, 0.3076608373276909, 0.2714934034473996, -0.7811436001369212, -0.15218743449042205, 0.4580691966385687, 0.5789476757423756, 0.08639040537762757, -0.5347027516655753, 0.31819027153028656, -0.10016295303883584, 0.026636912395379575], [-0.0985826924128408, -0.5065957129846226, -0.7477275679229695, -0.4077131815549589, 0.2965441373074503, 0.48965425406091206, 0.2618863565987121, 0.33703154102276656, 0.7043707131141512, -0.11656393075178091, -0.22908962528389226, 0.24039858020037874, 0.01508088107005593], [-0.6000803098709251, -0.16007041320594342, -0.09719297242483814, -0.5644828908414559, -0.1075969686339207, -0.41548870359039136, -0.49758309309878934, 0.19644567809637603, 0.16499239536396182, 0.4286057413869292, 0.607743019412975, 0.6143227239109427, -0.022895075744187494]], "inverted": true, "swapped": false, "error_lsq": 0.037578087851605074, "error_max": 0.19936343504701387, "target": "1004.xyz", "model": "10.xyz", "model_rescale": 4.260839863003843, "target_rescale": 4.222111343926548},
{"mapping": [9, 10, 2, 1, 3, 0, 4, 11, 7, 6, 5, 12], "R": [[0.13923291140916386, -0.6416401477894441, -0.7542626313992153], [0.5577447330443391, -0.5785647594223654, 0.5951332892015363], [-0.8182511895144589, -0.5035481505271179, 0.2773161570462354]], "T": [0.046360405408378054, -0.008739368282261776, -0.011602959462830374], "aligned_model": [[0.3227418229815251, 0.30899319010892523, -0.45718376233179847, -0.402783466773451, -0.7184854649436633, -0.36795522620192816, 0.3442924072580186, 0.738090849144352, 0.19756405951096617, -0.20876784153540406, 0.14516612654266703, 0.057225955333921524], [-0.02223906743404281, -0.6426900598535702, -0.532583940104813, -0.09683944121922611, -0.0642814612102705, 0.5056939514378377, 0.5625885374457157, -0.0023146688222050824, -0.4023989183080486, 0.15048934455396848, 0.7200229551464447, -0.0023687260988557463], [-0.7463792059257213, -0.12458440287822534, 0.026998352227037385, -0.5985762181164402, 0.2151098494421375, -0.20620176129466541, -0.400375377673188, -0.12286510887514948, 0.5746981109372622, 0.6878210376340221, 0.2161614434306368, -0.005628641512201439]], "inverted": true, "swapped": true, "error_lsq": 0.04699098316061339, "error_max": 0.3040387206085348, "target": "1004.xyz", "model": "11.xyz", "model_rescale": 3.890672605050136, "target_rescale": 4.222111343926548},
{"mapping": [7, 12, 9, 5, 4, 3, 8, 6, 0, 10, 11, 2, 13], "R": [[0.7187118200968418, 0.3280096119736332, 0.6130766788143158], [-0.6947670565710176, 0.3040099724404176, 0.6518256467495133], [0.027423653234567413, -0.894420276553301, 0.44638583325816594]], "T": [0.13123110443891794, 0.06661664666751656, 0.051305804838327404], "aligned_model": [[-0.30236592259957934, -0.36937971140064185, 0.42776007792313314, 0.20472944874324084, -0.5002768568763682, -0.23350352543750208, 0.4462834457970098, 0.6969012911549776, 0.12252175005078675, -0.5383232888835424, 0.13882867547015793, -0.30048166757089234, -0.011480556592025681], [-0.07716254018737227, -0.441453185852974, -0.6519084650656785, -0.4644730623366191, 0.362347475679991, 0.6936017627156474, 0.33025812285336964, 0.10729659847327096, 0.6545108918736641, -0.36673991911268755, -0.12965359646556068, 0.17155682233502373, 0.050512847553287055], [-0.6686145614850078, -0.16406829548973834, 0.09146359006857631, -0.5121779093979276, 0.12057351298683713, -0.5204646648652577, -0.5406623024761307, 0.15338775879326055, -0.0034577172073893686, 0.4555823261951107, 0.565292606682655, 0.6064416221669937, -0.0365768352112503]], "inverted": true, "swapped": false, "error_lsq": 0.04446432684352781, "error_max": 0.2524186296106434, "target": "1004.xyz", "model": "12.xyz", "model_rescale": 4.124412569039231, "target_rescale": 4.222111343926548},
{"mapping": [10, 2, 8, 11, 5, 7, 9, 6, 3, 4, 1, 0, 12], "R": [[-0.6867296931803855, 0.6382499496566514, -0.34790707131022147], [-0.5929161640933553, -0.7687070612671603, -0.23987470961905866], [-0.4205386437192128, 0.04155064044377976, 0.9063226762127916]], "T": [-0.012050734302135546, 0.15950939501521585, 0.008423780823180599], "aligned_model": [[-0.38847871128914846, -0.1606441138465013, 0.44863887503098165, 0.11772513073209875, -0.6922241503180541, -0.21559241839566173, 0.43736629774922275, 0.6213704019105389, 0.3412330625449698, -0.6420077281414566, 0.22516744794765958, -0.23821772116128961, -0.0731232129846058], [-0.18176463279044144, -0.688972795295665, -0.3650993967323898, -0.5670299812805691, 0.4910765612278656, 0.4941237840159478, 0.32443107678147, 0.10235009740837517, 0.7203640870998788, -0.21849563828805738, -0.3380775840883843, 0.3945191842211817, 0.07126899018415005], [-0.5267805618201495, -0.011412900596725728, -0.15724703849048, -0.6592974341182367, -0.02582848198034146, -0.4811491637173466, -0.41521101730597554, 0.2160852690202377, 0.2718359085201375, 0.2886783730421908, 0.6075890594779013, 0.4884094956381573, -0.048952376908636026]], "inverted": false, "swapped": false, "error_lsq": 0.049153450781296196, "error_max": 0.30288155321012106, "target": "1004.xyz", "model": "13.xyz", "model_rescale": 3.9028299243045295, "target_rescale": 4.222111343926548},
{"mapping": [3, 4, 10, 7, 2, 1, 9, 14, 11, 8, 13, 12, 15], "R": [[0.1291795143809097, -0.5050002634398325, -0.8533975550644686], [0.14624549403216247, -0.8414951930364765, 0.5200943141121545], [-0.9807777059760288, -0.19199107797552314, -0.034849927377191336]], "T": [-0.16253779802203783, -0.001448055515232114, -0.05326969954061686], "aligned_model": [[-0.43503195017217655, -0.23111686596888995, 0.3948174672968068, 0.3698628282588492, -0.8179984583314515, -0.20083777845043566, 0.45136627637812055, 0.6782968990135295, 0.2723036041161609, -0.7312941107800967, 0.2303245319623496, -0.12269273891384837, -0.07678654463016313], [-0.19997597551615898, -0.6654356802496623, -0.4954277933841405, -0.3758520951709288, 0.3297563089378707, 0.6351992212387785, 0.2088917894570208, 0.12008350657817471, 0.5843971797473471, -0.07285365429731488, -0.1676198642069526, 0.3347543978224181, 0.0027764115069105165], [-0.5776960978676212, -0.17066058301024234, -0.026968961047194897, -0.6833483803911797, -0.10641818314784943, -0.1774152280291328, -0.47720883846930295, 0.19427371980070804, 0.06315625823747074, 0.4643446904429436, 0.6180703569662139, 0.5546945844393685, -0.1281042071634489]], "inverted": true, "swapped": false, "error_lsq": 0.03909322490761324, "error_max": 0.24968073115065825, "target": "1004.xyz", "model": "14.xyz", "model_rescale": 3.942246331269136, "target_rescale": 4.222111343926548},
{"mapping": [5, 10, 6, 7, 3, 1, 0, 8, 12, 4, 11, 13, 14], "R": [[-0.804726949820126, 0.5483205417104682, 0.2275063071027601], [-0.577675183909818, -0.811584413987175, -0.08730475856362031], [0.13676958041887388, -0.20168123985991515, 0.9698550197635794]], "T": [-0.06128309441773048, -0.07214493736820954, -0.06960134995665823], "aligned_model": [[-0.3771826576625722, -0.4237335455236063, 0.29975747193266755, 0.5654868158824732, -0.6594912648233497, -0.27774138737695225, 0.4395066851383247, 0.6930761338601141, -0.09563628502093588, -0.4833111672345922, 0.17765145764403734, -0.054942629911104, -0.022226467125750028], [0.032644099826434625, -0.6570949467816778, -0.4944414781562425, -0.3926295965022636, 0.3243900394107401, 0.615056873617877, 0.26534451096180206, -0.017156187779717308, 0.7163101180547655, -0.12265896342437707, -0.3465745203651781, 0.31880027566646607, -0.0032964720652671614], [-0.6099774058794314, 0.11871666039681963, -0.005533179807465968, -0.5548111715091932, -0.10774486253122323, -0.44046643885994297, -0.48915820167804264, 0.0939814071375421, 0.14308325699946714, 0.3341369512344564, 0.5482252506876507, 0.6431759542698643, -0.12690908969976783]], "inverted": false, "swapped": false, "error_lsq": 0.048003634016949265, "error_max": 0.2561540537284219, "target": "1004.xyz", "model": "15.xyz", "model_rescale": 4.355366556412066, "target_rescale": 4.222111343926548},
{"mapping": [11, 10, 9, 5, 4, 8, 0, 6, 1, 7, 2, 12], "R": [[0.3557601909125623, -0.8845596949691261, 0.3016435522234544], [0.3575588971013075, -0.1693779461451307, -0.918402279212848], [0.8634734053029971, 0.4345863060380341, 0.2560242584964604]], "T": [0.026412538949512933, 0.038088247530060425, -0.033632093456498396], "aligned_model": [[-0.2223139796180404, 0.5150173637657002, 0.1056027529417386, -0.7146731046677863, -0.5054615960737078, -0.46674191619943195, -0.2235682750511073, -0.18230239056947903, 0.4194566879150376, 0.17823062936490425, 0.6794726504782539, 0.015089732345698964], [-0.6004981534832037, -0.3956019272175057, -0.5399707676400823, 0.24077774001746124, -0.2527612692472516, -0.08285590316268157, 0.4290171111728229, 0.618033524908613, 0.12727603224069103, 0.08216077828468912, 0.35401235484961685, 0.033186907017811434], [0.11215568671852047, 0.20472147373581098, -0.5590288456461326, -0.08305634117990007, -0.47954633390468726, 0.3759984174410085, -0.5424070858763701, 0.4132903679808567, -0.6594046425242884, 0.6710580589851834, 0.022620681601156725, -0.027142976121737786]], "inverted": false, "swapped": true, "error_lsq": 0.05135796822419835, "error_max": 0.3403469591750605, "target": "1004.xyz", "model": "16.xyz", "model_rescale": 3.795458400668931, "target_rescale": 4.222111343926548},
{"mapping": [0, 7, 8, 3, 2, 1, 6, 9, 5, 4, 11, 10, 12], "R": [[0.9331445850352027, -0.05945914350004634, -0.3545501285766523], [0.1725716838733232, -0.7910838469943609, 0.586860597544024], [-0.3153731081506564, -0.6088111014747055, -0.7279346436161358]], "T": [-0.07150220266844401, -0.06954378426629773, -0.03707886032585824], "aligned_model": [[-0.33789031232716815, -0.28847207745888276, 0.5116253246078174, 0.17644448260104084, -0.5826848870027371, -0.26762108159717113, 0.41287771059426026, 0.6255411850008137, 0.2198947457264616, -0.5915537297585488, 0.172287141657564, -0.1294659106636193, -0.1397694316010762], [-0.01616458995560524, -0.6749051286056532, -0.41041760708012465, -0.4729280773640516, 0.398252345534033, 0.6140435830001046, 0.11840703840573255, 0.33474795355303744, 0.6477643784057997, -0.20599799008885114, -0.48231756401715054, 0.37689650127918195, 0.01131290939690928], [-0.5635752269947099, -0.17025692067750076, 0.001053752588740832, -0.6914376992023664, 0.10923207126021653, -0.49429030886511843, -0.47000661285773354, 0.34843973257492666, -0.09305584001344702, 0.3184804839035689, 0.6152438600865918, 0.5427788317414689, 0.09411300721609478]], "inverted": true, "swapped": false, "error_lsq": 0.04670469108689084, "error_max": 0.24243825395573296, "target": "1004.xyz", "model": "17.xyz", "model_rescale": 3.7474275329858107, "target_rescale": 4.222111343926548},
{"mapping": [4, 5, 3, 8, 9, 6, 0, 1, 2, 12, 11, 7, 13], "R": [[0.01193399168207887, -0.009813227656630619, 0.9998806330785146], [-0.9550147587200093, -0.29643674697208244, 0.008489150226727693], [0.29631805626639496, -0.9550020709964815, -0.012909450915388976]], "T": [0.002875338500939559, -0.04963582749489609, 0.027909443294477698], "aligned_model": [[-0.31180018412841687, -0.5431682514657329, 0.5519621919447322, 0.19954422479558703, -0.5844445840691576, -0.3007136433980903, 0.4602497536358599, 0.6199981242211693, 0.1524206062013374, -0.6068073865431637, 0.23947198726552787, -0.1278141303879664, 0.032314451707068786], [-0.029513269515889375, -0.4698006699569656, -0.44786424811789066, -0.4783377344575811, 0.2642123640653636, 0.5135441185020067, 0.2945206000909097, 0.17574142525621977, 0.6423573518495003, -0.21090234271970743, -0.3364998536547975, 0.28315818729381337, 0.03807782382838018], [-0.740075074869091, -0.19235821135646342, 0.050424631335987236, -0.514668178202097, -0.03750299483990614, -0.402974404113113, -0.5816046160283854, 0.24443421808235213, -0.023221530282530996, 0.42980123117218705, 0.6471571466368087, 0.6909235370199769, -0.023616623794992207]], "inverted": true, "swapped": false, "error_lsq": 0.04202566691495267, "error_max": 0.2586898585635557, "target": "1004.xyz", "model": "18.xyz", "model_rescale": 3.922800546911778, "target_rescale": 4.222111343926548},
{"mapping": [8, 13, 10, 6, 12, 5, 1, 2, 0, 7, 9, 3, 14], "R": [[0.3794890409449235, -0.2509587679382903, -0.8905098340824753], [-0.6401787155900578, 0.6236644212612537, -0.44856872579163365], [0.667951555060819, 0.7403123573517879, 0.07601535137110577]], "T": [-0.04280647854858909, -0.06360044251266112, -0.12324334780249943], "aligned_model": [[-0.2747017236056478, -0.5847308707139763, 0.5155562720844549, 0.3452754370280524, -0.7467612652283351, -0.2873052515628723, 0.5036156165809131, 0.5624841932969309, 0.16777820504573704, -0.4606903364398436, 0.2861409689971802, -0.16564891300171392, -0.07979917270212533], [-0.07308081630595194, -0.48407818025039734, -0.6224622359970653, -0.3373562374842202, 0.25317344495786304, 0.6071767088157642, 0.2804197486378667, 0.03291165546785596, 0.7130682608889556, -0.18949229437770673, -0.20252301402750114, 0.3354032511048045, -0.07446653896690561], [-0.689392949810913, -0.15971487180844857, 0.03956077300591984, -0.6234612637501051, 0.027474955976432014, -0.39308049023464886, -0.48525995787845344, 0.24748240030246346, 0.10232804193655287, 0.5458869399640661, 0.6083557786265931, 0.3613750921710067, -0.03483531773973246]], "inverted": false, "swapped": false, "error_lsq": 0.042040106395021884, "error_max": 0.2659083653958496, "target": "1004.xyz", "model": "19.xyz", "model_rescale": 3.9282355846067225, "target_rescale": 4.222111343926548},
{"mapping": [10, 2, 7, 12, 0, 11, 9, 8, 4, 1, 6, 3, 13], "R": [[-0.23045896229800464, -0.9662019097610649, -0.11550989685130125], [0.9432354285573851, -0.19263642073746104, -0.2705515398581687], [0.23915600141057142, -0.17130405418299727, 0.9557506620503988]], "T": [0.07964894378628189, -0.03255317348343163, 0.04686856422827891], "aligned_model": [[-0.42248132565958235, -0.4436732590141092, 0.3176223300405082, 0.3632668957872757, -0.543368380505521, -0.09407920849521655, 0.46364523743138486, 0.6970515941850057, 0.08650485227495375, -0.6447804624185213, 0.3858717929394271, -0.30509631524187925, -0.07927059154497161], [-0.17231001555701714, -0.6614796896536937, -0.6018383106546279, -0.36817024367692497, 0.4689705547652773, 0.5221473920055897, 0.16000509863439633, 0.41116259012882983, 0.57030185306559, -0.11438759836916705, -0.17029531234684192, 0.22432412261033574, -0.0297366884883846], [-0.6391107113998614, -0.04957582220225064, -0.03904346292910972, -0.680947610890867, 0.024057342589878614, -0.3720454879076825, -0.4952504112223183, 0.07036042517637707, 0.2363063070969731, 0.22009084523159028, 0.6073136765228971, 0.6404510854908789, 0.024112955204226877]], "inverted": true, "swapped": false, "error_lsq": 0.04741706436314379, "error_max": 0.2729682545318908, "target": "1004.xyz", "model": "20.xyz", "model_rescale": 4.067790424073018, "target_rescale": 4.222111343926548},
{"mapping": [8, 0, 3, 2, 1, 5, 6, 11, 13, 9, 12, 10, 14], "R": [[0.17798299765547443, 0.8956000851643157, -0.4077039857534411], [0.496547410204223, -0.43944260995014256, -0.7485525111705164], [-0.8495661963408447, -0.06921473841514908, -0.5229212158834943]], "T": [-0.03163253438398465, 0.010695961054208057, -0.14758032742678023], "aligned_model": [[-0.48879668408056454, -0.22783977682621503, 0.6085474899812351, 0.2669094382578296, -0.7194728776484015, -0.2127771863717402, 0.5996977973413847, 0.45501735848914915, 0.05554560568290191, -0.47353645187919, 0.09567653262166591, -0.13809464708057512, -0.03966343870872578], [0.01023140245691023, -0.658933858926732, -0.531331243826385, -0.4603067039076515, 0.39795368546271653, 0.4749359971712008, 0.16856481782737606, 0.12498648181218319, 0.6601926900078116, -0.044291391326141724, -0.3528298951791994, 0.41547602340480677, 0.03404574748646621], [-0.4884155092120036, -0.2800818433670465, -0.005731597351752271, -0.6402781168564595, 0.07650050250441157, -0.4640197762637009, -0.499796651580048, 0.26247066039130346, 0.09874765728109935, 0.48940257520835356, 0.5147301890272513, 0.5567674142727956, -0.07357637329347168]], "inverted": true, "swapped": false, "error_lsq": 0.045325318753319466, "error_max": 0.23933630025529146, "target": "1004.xyz", "model": "21.xyz", "model_rescale": 4.186013935880536, "target_rescale": 4.222111343926548},
{"mapping": [11, 8, 9, 10, 5, 3, 4, 7, 6, 2, 1, 0, 12], "R": [[0.96023824514603, 0.16366621497791678, -0.22617666244260412], [-0.1745963411817103, 0.9842112704812026, -0.029056715295043622], [0.21785001768380272, 0.06739098702778992, 0.9736528255300179]], "T": [-0.020349331524933734, -0.019074667630603257, -0.02867457880918399], "aligned_model": [[-0.26151093127570285, -0.49003588784419294, 0.15499043277233449, 0.6640139308971911, -0.7036070921316984, -0.3435502795789777, 0.38082407744549174, 0.6865402712937976, 0.1388113920744802, -0.5950367841560547, 0.2616833341986467, -0.08606999256051805, -0.0258393113560427], [-0.12528834897088698, -0.6133528131386271, -0.6136904430624561, -0.3102485760315456, 0.32699561061548066, 0.7431042110513765, 0.2824714628936507, 0.09805732969526484, 0.5136413762099432, -0.22502157239452017, -0.191495770856736, 0.3409402837065708, 0.01258100274584675], [-0.6027178832851214, -0.14655653369675703, -0.06242079196098734, -0.4070449169057787, 0.08056356105122993, -0.437285835145369, -0.5537897812832345, 0.12915737141029093, -0.0015760601156723092, 0.39206216438245456, 0.6238986159816229, 0.5941082649920156, -0.061679044663961166]], "inverted": true, "swapped": false, "error_lsq": 0.04752036174705089, "error_max": 0.4072719985826699, "target": "1004.xyz", "model": "22.xyz", "model_rescale": 4.166573947596378, "target_rescale": 4.222111343926548},
{"mapping": [6, 12, 3, 2, 13, 5, 4, 8, 7, 14, 9, 10, 15], "R": [[0.2790952337515984, 0.9125091218313179, 0.2990534284568189], [0.9570197848445632, -0.23874413890212187, -0.1646644088926029], [-0.07886052189281155, 0.33215709944922367, -0.9399216346974208]], "T": [0.04251254294889198, -0.07190965304015842, -0.05609405621499275], "aligned_model": [[-0.37695407966440375, -0.4396775347760027, 0.5095564622876091, 0.2239567274922282, -0.6231274134364357, -0.3785859347612549, 0.7044971972322258, 0.711825094374928, 0.016286281457239163, -0.5559171381041013, 0.19741527984206594, -0.23930321711084743, 0.03124143494550362], [-0.1866894609824219, -0.5151365396034379, -0.44880824521488605, -0.3572407665135805, 0.415046372217032, 0.5675202331038457, 0.04925863569735328, 0.21305521553984827, 0.6329485763780882, -0.1606263966790324, -0.3243797933007313, 0.3884981080173817, -0.03475218619609717], [-0.6805786278170427, -0.07668558846246354, -0.09136558356358496, -0.6378787266631857, 0.13524443135298678, -0.37992653447714697, -0.3509636488528091, 0.29731063022809223, 0.06170538045497398, 0.4537971277185725, 0.4661253772245383, 0.4630839518362082, -0.11314905821840632]], "inverted": true, "swapped": false, "error_lsq": 0.045631371569375474, "error_max": 0.32385163694682256, "target": "1004.xyz", "model": "23.xyz", "model_rescale": 4.274766983524099, "target_rescale": 4.222111343926548},
{"mapping": [4, 8, 5, 0, 6, 3, 1, 2, 10, 7, 12], "R": [[0.08848490057244046, -0.005440925141891373, -0.9960626580212139], [-0.6100153157178709, -0.7908187062475175, -0.04987071724598635], [-0.7874336397184919, 0.6120262822645798, -0.07329456226136566]], "T": [0.0772574370899353, 0.052745567874440236, 0.0033721403978047987], "aligned_model": [[0.13159090028538814, 0.13569340979760486, -0.319472225099627, -0.4511997047014814, -0.4464040865444743, -0.5578671186956601, -0.01665636928739278, -0.0393369459580709, 0.660320245570378, 0.2031425913002182, 0.08008400729119276], [-0.10360380156597346, 0.640414272304269, 0.3633027155908952, -0.2647377659252021, 0.5672760705386579, -0.10372106987624885, -0.680235722479138, -0.1907339493541394, 0.01820955901682498, 0.6058346513113451, 0.06358157168219343], [-0.7307435154790832, -0.27385825224641647, -0.5787735037022491, -0.303393501026371, 0.20505283751090103, 0.46338063718033184, 0.09252410116002364, 0.6790816934522734, 0.3808364313693022, 0.4503897297890414, -0.004930223986176352]], "inverted": true, "swapped": true, "error_lsq": 0.04856445790805918, "error_max": 0.3081875152583533, "target": "1004.xyz", "model": "24.xyz", "model_rescale": 3.7841303162186577, "target_rescale": 4.222111343926548},
{"mapping": [9, 8, 4, 2, 10, 14, 12, 3, 13, 7, 6, 11, 15], "R": [[-0.009751858463623142, 0.6762091124520413, -0.7366451910474462], [-0.10831929339414037, -0.7330596526210563, -0.671483787129437], [-0.9940683235749443, 0.07324467172374699, 0.08039518722523714]], "T": [-0.11539250100689294, -0.10317469302851201, -0.02407205295501496], "aligned_model": [[-0.23527486575624978, -0.27733514268730963, 0.459221962656705, 0.2160852362946958, -0.7955956706590042, -0.2514480582672237, 0.31978114196293517, 0.6101523499563076, 0.21380718647053873, -0.519110129601914, 0.21843746102053266, -0.1032957724358873, -0.07421253917537207], [0.05460775552545752, -0.5935889657450091, -0.5697984685997227, -0.42133750706590534, 0.27423780631352485, 0.5513867618307501, 0.2923646670864415, 0.09001397739779943, 0.6036778206370016, -0.0996411063472015, -0.24299517558198674, 0.40675750763531926, -0.10699132062310732], [-0.574411608208442, -0.31169368906812206, 0.06965528072422478, -0.6221422506445905, -0.035843145207525656, -0.4510815955435488, -0.5029712297055682, 0.26792913624265363, 0.03907133118415706, 0.4856387966715529, 0.6012552544243368, 0.5497313881698251, 0.03158146172178005]], "inverted": true, "swapped": false, "error_lsq": 0.039614636529807117, "error_max": 0.21311501913065245, "target": "1004.xyz", "model": "25.xyz", "model_rescale": 4.19342608120988, "target_rescale": 4.222111343926548},
{"mapping": [11, 10, 9, 5, 4, 8, 0, 6, 1, 7, 2, 12], "R": [[0.3557601909125623, -0.8845596949691261, 0.3016435522234544], [0.3575588971013075, -0.1693779461451307, -0.918402279212848], [0.8634734053029971, 0.4345863060380341, 0.2560242584964604]], "T": [0.026412538949512933, 0.038088247530060425, -0.033632093456498396], "aligned_model": [[-0.2223139796180404, 0.5150173637657002, 0.1056027529417386, -0.7146731046677863, -0.5054615960737078, -0.46674191619943195, -0.2235682750511073, -0.18230239056947903, 0.4194566879150376, 0.17823062936490425, 0.6794726504782539, 0.015089732345698964], [-0.6004981534832037, -0.3956019272175057, -0.5399707676400823, 0.24077774001746124, -0.2527612692472516, -0.08285590316268157, 0.4290171111728229, 0.618033524908613, 0.12727603224069103, 0.08216077828468912, 0.35401235484961685, 0.033186907017811434], [0.11215568671852047, 0.20472147373581098, -0.5590288456461326, -0.08305634117990007, -0.47954633390468726, 0.3759984174410085, -0.5424070858763701, 0.4132903679808567, -0.6594046425242884, 0.6710580589851834, 0.022620681601156725, -0.027142976121737786]], "inverted": false, "swapped": true, "error_lsq": 0.05135796822419835, "error_max": 0.3403469591750605, "target": "1004.xyz", "model": "26.xyz", "model_rescale": 3.795458400668931, "target_rescale": 4.222111343926548},
{"mapping": [9, 11, 10, 4, 1, 2, 3, 7, 0, 8, 5, 6, 12], "R": [[-0.7358958070067801, -0.08183605172093728, -0.6721311046727177], [0.3918237908310937, -0.861043137203031, -0.3241586537705163], [-0.5522060106233825, -0.5019039514830405, 0.6657033463316214]], "T": [-0.13256371198707545, -0.018258957729653327, -0.08775627207697895], "aligned_model": [[-0.2691833460871557, -0.31219109592295646, 0.3969927549755721, 0.2406805205920699, -0.5675128609757645, -0.29386154754013133, 0.44225782505447525, 0.6177735834662625, 0.1951908983717307, -0.562098774512616, 0.13638117108521303, -0.24526847689638442, 0.0020525081684394375], [0.05584373262738336, -0.6980931154320773, -0.48682023043469497, -0.5499996719444017, 0.34490003979912937, 0.6889009315826757, 0.2531708890725491, 0.09002256101206929, 0.7457244205980641, -0.28712312476171237, -0.20825239392160885, 0.27285589031149776, 0.01756382395448858], [-0.4880288754057824, -0.21865360854614316, 3.1600253438957004e-05, -0.6138776823326149, 0.08338095607380619, -0.5864975006643858, -0.46323276623603954, 0.20460849047174562, -0.07435831997866271, 0.4356588593946947, 0.5893195079900981, 0.6762703903455971, 0.0020980793949810783]], "inverted": false, "swapped": false, "error_lsq": 0.039729022301088136, "error_max": 0.19621085166851768, "target": "1004.xyz", "model": "27.xyz", "model_rescale": 3.6321398670334006, "target_rescale": 4.222111343926548},
{"mapping": [12, 9, 13, 6, 8, 7, 4, 1, 3, 10, 2, 0, 14], "R": [[-0.011204754502158187, -0.9999292973037578, 0.003981691871553172], [-0.2147921172064643, 0.006295815624138501, 0.9766394980194032], [-0.9765955149715317, 0.010087769785263767, -0.21484747389310552]], "T": [-0.06985090214275663, 0.027783688618093987, 0.034281019744679134], "aligned_model": [[-0.45367167499498284, -0.3339888890810006, 0.36487696564316824, 0.1931023889676013, -0.5106127471773033, -0.13821666427872736, 0.5440772347977259, 0.575025899511876, 0.027161362668329456, -0.7104631479971917, 0.46368092392837174, -0.22730827299717046, -0.01245021921194192], [0.006259035884433321, -0.5718922505560388, -0.6629803339564911, -0.3774531992923448, 0.26541329931031354, 0.5986580126753964, 0.23110173172027498, 0.18100745360943446, 0.6921217424983781, -0.1976528334231123, -0.14558894770437103, 0.219503773440435, 0.00019626825705411702], [-0.697653427123184, -0.09683744978598229, 0.016003218976217717, -0.5744439333430519, -0.09335431971336282, -0.4856382169676614, -0.4836198089676519, 0.12329553921130779, 0.17851572640376834, 0.41305002321237094, 0.5988422505037715, 0.6068736145790662, 0.04168591377512412]], "inverted": false, "swapped": false, "error_lsq": 0.04026592539035978, "error_max": 0.2631387266445763, "target": "1004.xyz", "model": "28.xyz", "model_rescale": 4.156811204709835, "target_rescale": 4.222111343926548},
