[{"mapping": [8, 12, 7, 14, 6, 13, 10, 2, 9, 0, 3, 11, 4, 15], "R": [[-0.04042629336187048, 0.6021446502335078, -0.7973628628172916], [0.9837086244974826, -0.1159142354646237, -0.1374089957241631], [-0.17516579830061368, -0.7899276613790777, -0.5876489027420118]], "T": [0.11762584548110577, 0.04066747537185336, 0.1359967915733864], "aligned_model": [[0.053792354827780026, 0.3250007792196782, -0.5213660680673592, -0.30718829304406137, -0.5759361542866618, -0.13227575373803613, -0.6045561298197981, 0.04164236642118682, -0.48096177568288967, 0.08331177918600902, 0.6753258516063924, 0.12205933114432345, 0.6373144393717983, 0.05532937398994151], [-0.6379350216590757, -0.402236520395745, -0.33951262252952363, -0.4160965649692644, 0.20658634788708374, 0.31281969199710014, 0.22359378391205623, 0.5717620953999095, 0.709626927373573, -0.1463836875789492, 0.5177765138409302, 0.7433036161170041, -0.2571728658388971, 0.14914163825383242], [0.3146223850091651, -0.2713597273978395, 0.2136469270861313, -0.3385481324477596, 0.634634059406631, -0.5977667342925324, -0.061485434706255004, 0.5778901783168303, 0.14372672187188507, 0.6216804446766142, 0.14231117532526172, 0.10604990642352266, 0.2661936253336676, 0.14599269257451084]], "inverted": false, "swapped": true, "error_lsq": 0.04889090234104634, "error_max": 0.2898079769022692, "target": "1005.xyz", "model": "0.xyz", "model_rescale": 3.8414455957264533, "target_rescale": 4.123771934214085},
{"mapping": [8, 4, 6, 1, 0, 2, 9, 7, 13, 10, 11, 5, 5, 14, 15], "R": [[0.9193056926159873, -0.04384720789749888, 0.391093934858921], [-0.09990219935353312, 0.9352197204437451, 0.33968165251813426], [-0.38065285246293296, -0.35134242108336017, 0.8553723803461951]], "T": [-0.11440796102263044, 0.04540676076940202, -0.12495132540425227], "aligned_model": [[-0.7347352542689426, -0.6107367318111084, 0.11030947954920035, -0.24801394678111116, -0.43459105979779483, 0.21114803746170968, 0.6799640379767077, -0.2274937493370932, 0.4736623622864731, 0.3835786763737076, 0.49582117503401907, -0.02418974572803098, -0.02418974572803098, -0.17672567210947837, -0.0017637096156819937], [0.033927742738671246, 0.15496941447164464, -0.6613307047129784, -0.3796991579417623, -0.3646225385640323, -0.5185911574565931, -0.3085733784793106, -0.11912865853781889, 0.578103892962582, -0.03308491217487029, -0.10371884431592883, 0.8031464218444773, 0.8031464218444773, 0.4722407570848102, -0.009740770720353668], [0.20903287711831955, -0.467573705284996, 0.3302636473692495, -0.6904443774231664, -0.08736195795127738, -0.3679006819541174, 0.09763535137333282, 0.5954768918668862, 0.08796558419616626, 0.4580207457579277, -0.4411727247782252, -0.4837099413774284, -0.4837099413774284, 0.5294358445709632, -0.12077582476667097]], "inverted": false, "swapped": true, "error_lsq": 0.0481815079567406, "error_max": 0.37772068379221685, "target": "1005.xyz", "model": "1.xyz", "model_rescale": 4.316132596720782, "target_rescale": 4.123771934214085},
{"mapping": [2, 0, 1, 13, 11, 10, 5, 14, 4, 7, 12, 15], "R": [[0.8794026107105088, 0.05896071124722724, 0.47241367762244385], [0.33452876076966187, -0.7825621884266414, -0.5250589771281129], [0.3387352306646823, 0.6197741974091266, -0.7079112852133502]], "T": [0.039023072727182855, -0.043368292159927053, -0.06914086364425034], "aligned_model": [[-0.1996080989095484, 0.40675685567999037, 0.25318349686105357, -0.6219362894112545, -0.5310488487084497, -0.4726091719216139, -0.1297095600125442, 0.01440371087536723, 0.5333559628088366, 0.13703554233959434, 0.27370625391063125, -0.06572129888028194], [-0.6932704266165636, -0.37524993845242477, -0.5967817991018748, 0.44323200123534673, -0.36273039643074734, -0.009637744874732686, 0.5511804909285265, 0.5652222101228549, 0.024463254010692347, 0.03402406424325415, 0.5418494277441108, -0.10952471506746209], [-0.1306805200649204, 0.09420123542407707, -0.4768378056298874, -0.0333717950697415, -0.3292175230217188, 0.5062744350031693, -0.6427762077862066, 0.42411851366859654, -0.4251888858567693, 0.6679351805578495, -0.15604121426651318, -0.04915695174851438]], "inverted": true, "swapped": true, "error_lsq": 0.04747748343856011, "error_max": 0.27722696085062987, "target": "1005.xyz", "model": "2.xyz", "model_rescale": 3.795458400668931, "target_rescale": 4.123771934214085},
{"mapping": [5, 13, 14, 6, 4, 0, 10, 3, 9, 2, 8, 15], "R": [[-0.6261834176099753, 0.2349188677395459, 0.7434429723188334], [0.7753267396314931, 0.28819184633403705, 0.5619732258025983], [-0.08223608893114237, 0.9283095309682806, -0.36259983506720006]], "T": [0.058991377765421724, 0.10514459689281917, -0.033997681695469247], "aligned_model": [[-0.03556498732199245, -0.2208684994245731, -0.705777923867417, 0.14287215290213817, 0.1251512421720865, 0.1539930335108483, -0.21359056790627473, 0.655444909377198, 0.3065632098468215, 0.6490697129043423, -0.3824187736040417, 0.11843031715442953], [-0.2377827438810125, -0.6577792912366917, -0.05616083680255639, 0.13069529500037186, 0.5486518016414863, 0.5535389961603501, -0.3720509400295758, -0.03097919492729513, -0.5088135666211405, 0.04213329251870328, 0.6520270972110122, 0.022289136256057746], [-0.7985082425403445, -0.15462993384246074, 0.02432725374576685, 0.8317434008687542, -0.4519217784780541, 0.21494277646628884, 0.5063647632775358, -0.43947974146082014, 0.5723332525888181, 0.32786124617717244, 0.016596539808507428, 0.03914189402793632]], "inverted": true, "swapped": true, "error_lsq": 0.04358244036747546, "error_max": 0.2301142834227443, "target": "1005.xyz", "model": "3.xyz", "model_rescale": 3.7530521520055578, "target_rescale": 4.123771934214085},
{"mapping": [14, 4, 5, 3, 13, 1, 10, 0, 6, 11, 15], "R": [[-0.8355329420681229, -0.5420370397948211, 0.0898918806647987], [-0.19647623624005384, 0.4475433781003018, 0.8724116077354271], [-0.5131099212760648, 0.7112670189240029, -0.48043463288883814]], "T": [-0.16414841412512762, -0.049585879676432985, -0.057184944619497], "aligned_model": [[-0.42369770226755066, -0.2725251793978547, 0.4075723724065671, 0.40378083201186976, 0.33757235495525073, -0.09490352029640785, -0.18308339280022368, -0.5743299214110777, -0.5489447919584778, 0.3951337877332983, -0.10837523653018827], [-0.7886936154451789, 0.16732291643873623, -0.3807399600437366, 0.3630551758198019, -0.6650830149733912, 0.6568613319281054, -0.44909120505138767, 0.2717681000952067, 0.135689609712385, 0.18384162486481567, -0.027727605031010252], [-0.031743881249106404, -0.6201604058171515, -0.5811017148948595, -0.27139496671093044, 0.15344766565758247, -0.17754056488812667, 0.601635995455763, -0.03401266885290434, 0.7009714939133828, 0.29964700015924683, 0.05308282447242062]], "inverted": true, "swapped": true, "error_lsq": 0.042784680687179145, "error_max": 0.2023064913201039, "target": "1005.xyz", "model": "4.xyz", "model_rescale": 3.7855080009869324, "target_rescale": 4.123771934214085},
{"mapping": [3, 9, 10, 15, 14, 13, 5, 0, 2, 7, 4, 8, 12, 6, 1, 16], "R": [[0.07567024288676807, -0.9567741870320763, -0.28081518721495013], [-0.1940579425137659, 0.26210729217021767, -0.9453260190741184], [0.9780672417010918, 0.1260274669280713, -0.16583590772481233]], "T": [0.08261543612252706, 0.018977690883477706, 0.08691620475671678], "aligned_model": [[-0.2446120869238926, -0.11810780306639784, 0.5052927945681339, 0.3972768036415655, -0.2823904711512619, 0.33450431732689523, 0.13493268721818266, -0.36098721336445083, -0.6049148425135543, 0.6368673873518916, 0.13511808733153452, 0.7223970794956922, -0.30834208909069916, 0.4791685045148929, -0.44972747514588474, 0.05040167082338125], [-0.5353703643667931, -0.24236462820909258, -0.4300038477875183, 0.24414020862367594, 0.31976618127808215, 0.6965125473337851, -0.7703958009552604, -0.4675713503348168, -0.13770307501499593, -0.3737864016197701, -0.2289647973068596, 0.2016821747232689, 0.5717590232602906, 0.23705059617163873, 0.08275353803160043, 0.0280102358242703], [-0.17392280152951345, -0.5442132532389193, -0.3013153017756016, -0.6408256252089652, -0.39681344105201644, 0.03827313026638905, 0.2579590071174574, 0.5051991271647507, -0.13339934425140876, 0.4030026076190527, 0.7817318479537867, -0.14244899389204935, 0.155109130086388, 0.5573064044789718, 0.6213763109687531, 0.0448752883427128]], "inverted": true, "swapped": false, "error_lsq": 0.04129364776133673, "error_max": 0.2915193570307312, "target": "1005.xyz", "model": "5.xyz", "model_rescale": 4.2253639853439635, "target_rescale": 4.123771934214085},
{"mapping": [4, 8, 6, 2, 0, 10, 11, 3, 14, 12, 7, 13, 5, 15], "R": [[0.15431442480276913, 0.7368664155379534, -0.6581906592698187], [-0.41241981979768383, 0.6533978946366032, 0.6348079107277257], [0.8978290207694538, 0.17349085548438067, 0.4047270345893157]], "T": [0.09579682442875667, -0.0859778109402416, -0.01626954254504151], "aligned_model": [[0.5202272621221826, -0.11176441134771556, -0.6564376657302119, 0.007729986088654384, -0.07453342317755685, -0.5265517789202306, 0.21691409756784058, 0.7058800778528909, -0.27912703392774263, 0.3164515213197059, -0.595977396556897, 0.061130997710570206, 0.7394800790240287, 0.05063984073226521], [-0.07288972992858195, 0.1601268205982953, -0.521063598572757, -0.7416951647284753, -0.37308583303304804, 0.04070149010822871, -0.46150514474431237, -0.41602506165471426, 0.6022509145090174, 0.4787524739174378, 0.1281640587921154, 0.3827038839551067, 0.3885094362081092, -0.14984539879143097], [-0.4583372123520776, -0.6430342590648124, 0.02889763432337457, 0.19676504076508625, -0.41703230778025746, 0.42035688828279993, 0.5659021209013192, 0.22366678036259768, -0.0244333440750297, -0.20991575671630816, -0.20192729964934128, 0.657571907297184, 0.25121912061532325, 0.08185889602159037]], "inverted": false, "swapped": true, "error_lsq": 0.04232491588819405, "error_max": 0.2887140068434495, "target": "1005.xyz", "model": "6.xyz", "model_rescale": 3.89814844738969, "target_rescale": 4.123771934214085},
{"mapping": [12, 5, 13, 8, 10, 3, 4, 7, 0, 1, 11, 6, 15], "R": [[-0.33971197051303204, 0.0034771187567767536, -0.9405230920797767], [-0.934283429636845, -0.11630314838534822, 0.337028264069455], [-0.10821390943944098, 0.9932076758265649, 0.042758186152192235]], "T": [-0.08952601994047465, 0.0633678994031384, -0.03765921380579376], "aligned_model": [[-0.0910082217751948, -0.05691747233932359, 0.6049218699630659, -0.28885626312187784, 0.6214155361557538, -0.42246999892305387, -0.6279946048864624, 0.27439954869658434, -0.39766250603349806, -0.6829220004553387, 0.06961263104842921, 0.1717523478551562, -0.025639065280017595], [-0.2723987257039678, 0.29912192391360376, 0.28937854103583016, -0.6120679569079399, 0.03147003986538101, 0.6850265778267042, -0.07120263487682253, -0.4953189265758134, -0.15292588725673745, 0.3962544458457124, 0.735257301134618, -0.016111604556356574, 0.14729817172627352], [-0.5783682138235867, -0.8465925778244646, -0.41394084805706, -0.014485429081513648, 0.25823384098665436, -0.24110698907775538, -0.29781046466516414, 0.3004300154452052, 0.32334370500404697, 0.19774628940465347, 0.0959579243497978, 0.7885447970917546, 0.030322981083727996]], "inverted": true, "swapped": true, "error_lsq": 0.043172533653826485, "error_max": 0.23579835315873957, "target": "1005.xyz", "model": "7.xyz", "model_rescale": 3.7474275329858107, "target_rescale": 4.123771934214085},
{"mapping": [12, 5, 3, 4, 11, 0, 8, 7, 1, 6, 14, 10, 13, 9, 15], "R": [[0.9509628258230289, -0.07281505291887477, -0.3006121620478797], [0.30401148003475476, 0.3990812535454241, 0.8650498095923093], [0.05698003079814149, -0.9140197597081993, 0.40164804861122944]], "T": [-0.025439555042049235, -0.14506026117020288, -0.045206325070699355], "aligned_model": [[-0.4566898774154677, 0.05508705524032289, 0.5328298018763169, -0.2282730796681575, 0.6654833815845916, -0.18229623480485843, -0.6919839400182237, -0.4953330762986164, 0.3214259970178815, 0.06256080932080366, -0.5743983009762146, 0.0277563241453573, 0.15375296048435744, 0.5399310825013974, 0.07230081934925647], [0.057053587257620386, 0.21790921496264926, -0.34421055254943494, -0.5390764934247249, -0.02674187862101117, -0.5801368969293101, -0.36310005807372353, 0.030984424831198343, -0.7696280737442254, -0.2398167539505568, 0.40602047689685317, 0.38606393916348536, 0.6501763462524687, 0.2141523908308126, -0.11053171092250763], [-0.46743943353669115, -0.8020319914591847, -0.4780766167663967, -0.4686990511021202, 0.011717079612313448, 0.19595442345395783, 0.023060767725820927, 0.5089465989291195, -0.13435412216117593, 0.8153014248065256, 0.05095833136665298, 0.5107481260846117, -0.14726185305278597, 0.5524524013792249, 0.025518570416389302]], "inverted": false, "swapped": true, "error_lsq": 0.051128581219306496, "error_max": 0.48413387378048367, "target": "1005.xyz", "model": "8.xyz", "model_rescale": 4.019505241142653, "target_rescale": 4.123771934214085},
{"mapping": [12, 13, 7, 8, 4, 0, 6, 5, 3, 11, 9, 2, 15], "R": [[0.42610580880875354, 0.5552673184906216, 0.7142212855380836], [-0.4582870451418617, 0.8131722013129785, -0.358781208073871], [-0.7800043743175928, -0.17443960567497158, 0.6009692171961731]], "T": [0.05669374084477437, -0.14751886276545847, -0.022877669849868797], "aligned_model": [[-0.157347661553438, -0.7608045750076852, 0.06545497024764814, 0.3814070077102391, 0.3857602802612122, 0.5491715637086175, 0.3042903884760469, -0.4557251734317172, 0.08087573272390831, -0.15046567210266537, -0.25885414050487565, 0.31348105943525395, 0.02245699177863121], [-0.6748869901200684, -0.07182873795985073, 0.1987902304751756, -0.370516741744769, -0.6622166579319446, -0.042412499731757675, 0.6607421280689351, -0.7622491070425034, -0.35171508636928406, 0.18679399079355705, 0.6622824388913156, 0.33134481692195505, -0.0407495561367016], [-0.3077930651310559, 0.0070231459050303716, -0.6853505891182544, -0.6071005780177792, 0.02749803144620725, -0.1587910615217915, -0.229291127327701, 0.2427349200906074, 0.6816940698600711, 0.5601608465270895, 0.2019000578421187, 0.4105442943463716, 0.033474549142964855]], "inverted": true, "swapped": true, "error_lsq": 0.044143294936039454, "error_max": 0.24368225791348466, "target": "1005.xyz", "model": "9.xyz", "model_rescale": 3.877068213659057, "target_rescale": 4.123771934214085},
{"mapping": [8, 7, 1, 4, 2, 13, 0, 11, 9, 5, 12, 3, 14, 6, 10, 15], "R": [[-0.515105604632528, 0.8454582671975973, 0.14094869457853815], [-0.009994726817147859, 0.15850731892249958, -0.9873072142367094], [-0.8570684462235256, -0.5099762232450031, -0.07319788393631588]], "T": [0.07515224649684366, 0.013909694473497734, 0.07790357484582867], "aligned_model": [[-0.41154415378462433, 0.056124681276978595, 0.44310206750923115, 0.4765752933042538, -0.20824028939825046, 0.12657761125267591, 0.14398165046031308, -0.30683485887503015, -0.5714426310287706, 0.7246086583882525, 0.36270555404483934, 0.6817958770714887, -0.44982314595915834, 0.25671273262736827, -0.381664742486308, 0.08424304661276896], [-0.5033157611543524, -0.2567072889812458, -0.650430453567725, 0.12980568408910423, 0.32498877122423653, 0.7822270116994212, -0.7483960054413079, -0.4434266610218432, 0.07620477441420948, -0.4199760012285199, -0.2974701317820837, 0.1912174376619922, 0.5819225371102416, 0.33858603892350314, 0.16103759418222655, -0.07075330647635225], [-0.22363809360435688, -0.6919606790616165, -0.3418245599282804, -0.45456082474145454, -0.4351985948595437, 0.0094753067531715, 0.29680667820716056, 0.51331669538259, -0.03905663750208567, 0.10864466072194084, 0.6931684891979976, 0.13540846521909733, 0.18412878161888124, 0.5697629412865591, 0.6002850438543909, 0.1071364205053367]], "inverted": true, "swapped": false, "error_lsq": 0.04267436707291937, "error_max": 0.3291944268753133, "target": "1005.xyz", "model": "10.xyz", "model_rescale": 4.260839863003843, "target_rescale": 4.123771934214085},
{"mapping": [6, 2, 11, 9, 13, 10, 7, 0, 3, 5, 12, 15], "R": [[-0.6745393842999129, -0.3720579980775009, -0.6376279989891104], [-0.7317348104583976, 0.22256111224856678, 0.6442287780579923], [-0.09777927281232679, 0.9011322862827873, -0.422374024328023]], "T": [0.17231414326629027, 0.09283546106374044, 0.09861702851299567], "aligned_model": [[0.2600637910354455, 0.21332461237095737, -0.2242348897361747, -0.36458513288110983, -0.6278675143675825, -0.30559407961941853, 0.2368222457409853, 0.6433969746292008, 0.09688598649978383, -0.22471707606222216, 0.15243625171993824, 0.10296747976432638], [-0.015280426874539926, -0.5119085422439272, -0.482046081298242, -0.2589025892217274, 0.2660508708768897, 0.27724751407591797, 0.6005653051465167, 0.05386979888726337, -0.5030735236760494, 0.16335597915467368, 0.5632978826054191, 0.01990231810073914], [-0.7603401291744522, -0.24154114300081045, 0.015706868201593532, -0.5289920470343605, 0.16667793349577573, -0.47723364197726403, -0.4462923457030944, -0.12187525426556492, 0.5204052193581135, 0.839163807777346, 0.52684316678943, 0.023655642928792103]], "inverted": false, "swapped": true, "error_lsq": 0.04506522133733607, "error_max": 0.23924013081301498, "target": "1005.xyz", "model": "11.xyz", "model_rescale": 3.890672605050136, "target_rescale": 4.123771934214085},
{"mapping": [12, 14, 7, 4, 8, 11, 13, 1, 5, 9, 6, 10, 2, 15], "R": [[0.9274996479033691, 0.05004820357161924, 0.3704586082929917], [0.19166011517809842, 0.787172735022566, -0.5861957740269127], [-0.32095296133396944, 0.6146985135465574, 0.7205101901115686]], "T": [0.18721883514798213, -0.10689134882270965, 0.13820536223792573], "aligned_model": [[0.4580195137170937, 0.2502856950554634, 0.351668357480669, 0.6540548529049326, 0.8235316514839173, -0.4252419807157858, -0.4292756193741155, 0.32380438817227697, 0.017526254195530527, -0.5631764834577185, 0.04454770990759521, -0.2708314878646457, -0.10477135720762529, 0.07973434049610575], [-0.34839004103821797, 0.2234318372461024, 0.5814599896280941, -0.49865370263512365, 0.12892643788101385, -0.24529935876631673, -0.15010001855036256, -0.3796248150841577, -0.7967144393286061, 0.335417014724544, 0.6661771945960568, 0.4734470396406598, 0.00698681520556782, -0.06491143369148913], [-0.38472199438347393, -0.5697511969382827, -0.10263878949367689, 0.20395267894372648, -0.051476311564979504, 0.4549844490184176, -0.4030839768418058, 0.790362426541831, -0.3160687803749803, 0.35533163380917293, 0.5113091304443342, -0.07952227947481316, 0.7585909206498453, 0.18752252502154626]], "inverted": true, "swapped": true, "error_lsq": 0.04547075747429442, "error_max": 0.2762593048546206, "target": "1005.xyz", "model": "12.xyz", "model_rescale": 4.124412569039231, "target_rescale": 4.123771934214085},
{"mapping": [7, 13, 5, 6, 12, 8, 9, 0, 11, 2, 4, 3, 15], "R": [[0.37106278255234204, -0.7755121319723124, 0.5107771966016811], [-0.8933167714673416, -0.44830818823384067, -0.03170038134876052], [0.2535696299237724, -0.4445230044961119, -0.859128477734309]], "T": [0.1768254360430339, 0.05090338950891021, 0.00813495276798762], "aligned_model": [[-0.26434468303222936, 0.03146252503109245, 0.7749707663774922, -0.627139384488563, 0.6324267193642015, 0.3369375176716556, -0.6147444380181303, 0.09809590878744844, -0.08214375950033226, -0.2044115997375205, 0.7213267498933743, 0.48763959365454357, 0.07722239150672541], [-0.4361339038008493, 0.610950076835572, 0.55134243191803, -0.22118250252874383, -0.05452155676862255, -0.6150563078415177, 0.4721537435723801, -0.367134170520211, 0.6455546675129957, 0.2379842943197422, -0.15457395207400898, 0.5562679656968106, 0.12183459018689981], [0.3645626690393213, 0.5913535072688464, 0.3287583977994243, -0.1837146741601462, 0.43989958482673, 0.17349809544905934, -0.03474760937357954, -0.29369358057778355, -0.26378200391966317, -0.5421048198446453, -0.18430646768273853, -0.42395694420054936, -0.02006807365643632]], "inverted": true, "swapped": true, "error_lsq": 0.043177495369701016, "error_max": 0.1857036767303612, "target": "1005.xyz", "model": "13.xyz", "model_rescale": 3.9028299243045295, "target_rescale": 4.123771934214085},
{"mapping": [5, 13, 12, 14, 10, 9, 8, 0, 4, 1, 2, 11, 7, 6, 3, 15], "R": [[0.00019252148729971552, -0.9373630230272727, 0.348354023942095], [0.797357964563149, -0.2100900737916441, -0.5657582851730356], [0.6035066190881334, 0.277871776104365, 0.7473734252443129]], "T": [0.061374037057339265, -0.10327555007979533, 0.11668275294537812], "aligned_model": [[-0.18230804206722653, 0.08191639535822728, 0.4964216048627278, 0.36883445105437185, -0.3152179261213086, 0.3024482978388038, -0.021280866586407016, -0.49513496559886083, -0.6144447431932386, 0.6513602551768031, 0.2582973588850914, 0.7257356835788524, -0.3136583269555925, 0.28297785723422564, -0.2670979941994628, 0.0680283117490218], [-0.4260824664179576, -0.31600080706591993, -0.5149285892806251, 0.29968608958589893, 0.2637969460695617, 0.627390394113307, -0.870452448354603, -0.5136153881387222, -0.06540969619534637, -0.04068521285311899, -0.5187070839493984, 0.11304376109785375, 0.7203211475850184, 0.3401003805284723, 0.08697486854782932, 0.010082344379255842], [-0.19719074503259432, -0.649461703636316, -0.23759916590488178, -0.6086727899200923, -0.4113218662473961, 0.022576774130346713, 0.15007336861373954, 0.573995945964237, 0.08206444488546284, 0.3816308004145932, 0.6918241403822908, -0.12349686022105526, 0.07585186542556223, 0.5624604927322588, 0.6112536256544321, 0.1079057658092007]], "inverted": true, "swapped": false, "error_lsq": 0.045937607949988316, "error_max": 0.40448046225684775, "target": "1005.xyz", "model": "14.xyz", "model_rescale": 3.942246331269136, "target_rescale": 4.123771934214085},
{"mapping": [12, 4, 12, 1, 2, 0, 10, 14, 13, 7, 6, 9, 3, 11, 15], "R": [[0.09391732626932925, 0.980712949528194, 0.17141075361286726], [0.24501530638979563, 0.14410818924660318, -0.9587493569368276], [-0.9649596030203209, 0.1320414344809081, -0.22675542798153508]], "T": [-0.11553590566931382, -0.05668462185353186, -0.14338171267485728], "aligned_model": [[-0.5920386657659815, -0.24666334002381543, -0.5920386657659815, 0.17772020381587494, 0.3365904825701401, 0.3246871614151831, 0.04156195511890404, -0.3680621253662066, -0.6452848513009132, 0.22425234271975325, 0.6487686145670021, 0.19075648827534286, -0.33950568733056313, -0.11273054243552674, -0.07371933396100236], [0.09219648328395329, -0.4408154858681461, 0.09219648328395329, -0.7142155538181152, -0.36155637494749077, -0.1587188582161727, 0.5660902725896365, 0.656339955985499, 0.35505336851797586, 0.5847151015783607, 0.26498657637316025, 0.20559782275542632, -0.6983473155613981, -0.29841746145044823, -0.04696032462454318], [-0.5382072213639937, -0.6027131771586389, -0.5382072213639937, -0.14199564095142436, 0.28759356849953693, -0.4038560289044229, 0.2826227033692616, -0.3486127666528701, 0.3307115609375679, -0.32234387907870565, 0.12036567637104861, 0.6586572696179187, 0.1337621619992458, 0.51705101077552, -0.02546553573553409]], "inverted": true, "swapped": true, "error_lsq": 0.044709852767444797, "error_max": 0.35543749660375756, "target": "1005.xyz", "model": "15.xyz", "model_rescale": 4.355366556412066, "target_rescale": 4.123771934214085},
{"mapping": [2, 0, 1, 13, 11, 10, 5, 14, 4, 7, 12, 15], "R": [[0.8794026107105088, 0.05896071124722724, 0.47241367762244385], [0.33452876076966187, -0.7825621884266414, -0.5250589771281129], [0.3387352306646823, 0.6197741974091266, -0.7079112852133502]], "T": [0.039023072727182855, -0.043368292159927053, -0.06914086364425034], "aligned_model": [[-0.1996080989095484, 0.40675685567999037, 0.25318349686105357, -0.6219362894112545, -0.5310488487084497, -0.4726091719216139, -0.1297095600125442, 0.01440371087536723, 0.5333559628088366, 0.13703554233959434, 0.27370625391063125, -0.06572129888028194], [-0.6932704266165636, -0.37524993845242477, -0.5967817991018748, 0.44323200123534673, -0.36273039643074734, -0.009637744874732686, 0.5511804909285265, 0.5652222101228549, 0.024463254010692347, 0.03402406424325415, 0.5418494277441108, -0.10952471506746209], [-0.1306805200649204, 0.09420123542407707, -0.4768378056298874, -0.0333717950697415, -0.3292175230217188, 0.5062744350031693, -0.6427762077862066, 0.42411851366859654, -0.4251888858567693, 0.6679351805578495, -0.15604121426651318, -0.04915695174851438]], "inverted": true, "swapped": true, "error_lsq": 0.04747748343856011, "error_max": 0.27722696085062987, "target": "1005.xyz", "model": "16.xyz", "model_rescale": 3.795458400668931, "target_rescale": 4.123771934214085},
{"mapping": [12, 5, 13, 8, 10, 3, 4, 7, 0, 1, 11, 6, 15], "R": [[-0.33971197051303204, 0.0034771187567767536, -0.9405230920797767], [-0.934283429636845, -0.11630314838534822, 0.337028264069455], [-0.10821390943944098, 0.9932076758265649, 0.042758186152192235]], "T": [-0.08952601994047465, 0.0633678994031384, -0.03765921380579376], "aligned_model": [[-0.0910082217751948, -0.05691747233932359, 0.6049218699630659, -0.28885626312187784, 0.6214155361557538, -0.42246999892305387, -0.6279946048864624, 0.27439954869658434, -0.39766250603349806, -0.6829220004553387, 0.06961263104842921, 0.1717523478551562, -0.025639065280017595], [-0.2723987257039678, 0.29912192391360376, 0.28937854103583016, -0.6120679569079399, 0.03147003986538101, 0.6850265778267042, -0.07120263487682253, -0.4953189265758134, -0.15292588725673745, 0.3962544458457124, 0.735257301134618, -0.016111604556356574, 0.14729817172627352], [-0.5783682138235867, -0.8465925778244646, -0.41394084805706, -0.014485429081513648, 0.25823384098665436, -0.24110698907775538, -0.29781046466516414, 0.3004300154452052, 0.32334370500404697, 0.19774628940465347, 0.0959579243497978, 0.7885447970917546, 0.030322981083727996]], "inverted": true, "swapped": true, "error_lsq": 0.043172533653826485, "error_max": 0.23579835315873957, "target": "1005.xyz", "model": "17.xyz", "model_rescale": 3.7474275329858107, "target_rescale": 4.123771934214085},
{"mapping": [2, 3, 11, 4, 6, 7, 9, 13, 0, 10, 8, 12, 14, 15], "R": [[0.967346544666808, -0.24441215434851898, 0.0671070885071269], [0.2115537777687872, 0.9244218764600084, 0.31731560540558357], [-0.13959105140710934, -0.2927573963692004, 0.945942622593033]], "T": [-0.055517619438858856, -0.0008927023551191238, -0.11615051346591848], "aligned_model": [[0.4712461831258566, 0.27378189745695125, 0.625939558522651, -0.4713034362683575, 0.2639608423419421, -0.27256359701884014, 0.7372501636094562, 0.28018607231559894, -0.23653991686134976, 0.29834068450860934, -0.7017532339495951, -0.5287270931949034, -0.3895281642796383, 0.06455768757449556], [-0.4143112362431715, 0.1850071422765349, 0.0692747327097057, 0.011193286623217003, -0.6716017861480412, -0.2853015904656507, -0.14652311104849391, 0.6408073583836247, -0.48496787336274116, -0.01514476305207782, -0.2290116387136197, 0.4234134151289791, 0.30016114184135917, -0.022586836418391043], [-0.30245607405335806, -0.7452016074172052, -0.2752311963526325, -0.5663864542654795, 0.3369270538739632, 0.5402637946854645, 0.2790515445753979, 0.27172912455059967, -0.1865519356708232, 0.5683852774138103, 0.047631193536059546, -0.08231622950076432, 0.5257971982548615, -0.08684697096823896]], "inverted": false, "swapped": true, "error_lsq": 0.03891695931579263, "error_max": 0.22604913942917249, "target": "1005.xyz", "model": "18.xyz", "model_rescale": 3.922800546911778, "target_rescale": 4.123771934214085},
{"mapping": [3, 4, 5, 11, 7, 1, 8, 9, 0, 13, 14, 10, 2, 6, 15], "R": [[-0.13983997996687686, -0.3626211537358008, -0.9213851957059982], [-0.9498149672123569, -0.21383466951029306, 0.22831176530090036], [-0.2798147745603386, 0.9070725621353237, -0.31452036334553346]], "T": [0.03640996641674928, -0.008562170002308786, -0.12750234882240993], "aligned_model": [[-0.27490873919694253, -0.3365800399365835, 0.3446825761552384, 0.037785848548573635, 0.31557860853542047, -0.6415952746740065, -0.061439486672285305, 0.3214827373014533, -0.35385781371943215, 0.7838491852076975, 0.6768478149228052, 0.5760224157523629, -0.31709912340478175, -0.03175387473999001, 0.057036002808088404], [0.5910151694683352, -0.17342558545138442, 0.30890549049336286, 0.6597976891937868, -0.5559682390713583, 0.2336269379549591, -0.7003917777570161, 0.4562642463081669, -0.2915926864932789, 0.32701352273091294, -0.45862562271079493, 0.006547052168396447, 0.38158596213692436, -0.14166420125234647, 0.07452354731591376], [-0.4143644766669846, -0.5851428500904139, -0.8452758141278137, 0.09137483950538025, 0.29827761873097947, -0.1286523382805505, -0.21849929657357756, 0.5856200519305805, 0.0715930808616497, -0.1879185623523897, -0.1671958809266172, 0.4225869034171156, 0.326282300722069, 0.7297222335868123, -0.03574864257291062]], "inverted": true, "swapped": true, "error_lsq": 0.036744935213219115, "error_max": 0.32512349623138936, "target": "1005.xyz", "model": "19.xyz", "model_rescale": 3.9282355846067225, "target_rescale": 4.123771934214085},
{"mapping": [9, 10, 14, 6, 2, 7, 0, 12, 1, 3, 13, 11, 5, 15], "R": [[0.6788324291988335, -0.7088076760041458, -0.19177646233470017], [0.27480705668651295, 0.0030416042770557497, 0.9614945814921256], [-0.6809314316899365, -0.7053952275717661, 0.19685009081956203]], "T": [0.09473586650966659, 0.03380107521898343, -0.0026882247698396776], "aligned_model": [[-0.6092216431108209, -0.15553873172430266, 0.5840588423564878, -0.519150417758155, -0.5851162285584711, 0.15432109923064907, -0.039319851276333195, 0.7265963437609467, -0.2641356429020678, -0.11108060244594659, 0.2144463325010694, -0.4327933355837481, 0.5832343736118017, -0.013777719016433071], [-0.5181299920961999, -0.673347797986856, -0.5249702984716161, -0.22029204467833005, 0.1736383594032728, -0.36180723397203174, 0.3319300268433659, 0.005017038153187645, 0.6514792433702352, 0.40465458414670874, -0.6493018204905794, -0.07805800792650522, 0.005408266882635314, -0.023338235752451746], [0.07274096080759497, -0.1796378393626985, -0.2529498938408118, -0.5646284004642721, 0.03407333863286875, -0.6342108147904892, -0.40913920131052345, 0.06824457903993456, 0.08693829896773655, 0.5963188360281396, 0.4377279288880797, 0.44876997314341144, 0.6840282537464851, 0.023907137758227594]], "inverted": true, "swapped": true, "error_lsq": 0.03446085743478459, "error_max": 0.18934203130054542, "target": "1005.xyz", "model": "20.xyz", "model_rescale": 4.067790424073018, "target_rescale": 4.123771934214085},
{"mapping": [11, 6, 3, 5, 1, 0, 4, 9, 2, 10, 7, 12, 13, 8, 15], "R": [[-0.3601328529197476, -0.2420636534997885, -0.9009492304798412], [-0.0189816776805818, 0.9674514596335659, -0.2523437519839028], [0.9327078986265283, -0.07377574741889958, -0.3530058284681271]], "T": [0.012839628186711166, -0.04124224748724231, 0.09110081539630868], "aligned_model": [[0.17592647724661872, 0.06287146066741459, -0.22301125522617274, 0.2529282058917489, -0.598273193103176, -0.38552096162727956, -0.45463930574279343, 0.49366621351874673, -0.18137432055997396, 0.6286941264275736, 0.25023700460796194, 0.12068519476353155, 0.7897420852726631, -0.2270289023714832, 0.0635411241421352], [0.004485166738968642, 0.8242904771822488, -0.4290332689373256, -0.8458003444609943, -0.02362154897006602, 0.2652257758462085, -0.3978250678896328, 0.49741210187544654, 0.3401325605731307, 0.42193424916947136, 0.4710796662663907, -0.4960606565666812, -0.26852935331118993, 0.05302247261385326, 0.02418290979801878], [-0.5914866890735868, 0.016626907780132497, -0.4856961049658416, 0.013253475546778123, -0.2891341436412659, 0.23052963148460995, 0.26444572452211523, -0.44231358936440324, -0.4565660063571355, 0.07699977134513533, 0.5810455656711729, 0.5230929388088883, -0.04921915430682661, 0.7468907335316813, -0.003219487360313175]], "inverted": true, "swapped": true, "error_lsq": 0.03862531752106632, "error_max": 0.2280800446712684, "target": "1005.xyz", "model": "21.xyz", "model_rescale": 4.186013935880536, "target_rescale": 4.123771934214085},
{"mapping": [6, 2, 10, 8, 4, 7, 0, 1, 13, 11, 3, 12, 15], "R": [[-0.5081970915348959, 0.12948412871276516, 0.8514514528538716], [0.7618197517375218, 0.5287086959238734, 0.3742963808495319], [-0.4017043465262148, 0.8388688665494586, -0.36733178832762814]], "T": [0.040619208596474866, -0.013430511381574535, 0.11248110226192881], "aligned_model": [[0.0822070987207284, -0.47785596276784786, 0.44561091266741243, 0.4147480966742611, -0.13966873350289502, 0.6118544316528451, -0.07071896521215931, -0.6322247644628808, 0.3905581288501266, -0.39058535905815345, -0.5878114267695355, 0.4093658175334228, 0.0030947610979003212], [-0.2847093465374589, -0.015177443043897947, 0.26316762370857155, -0.5825240155064312, -0.30910884798431487, -0.3084019917067828, -0.5066330117315805, -0.2673721196506937, 0.728329645991607, 0.4569743826131287, 0.27939989715451763, 0.016406693124327278, 0.04860519311510078], [-0.7132759356386102, -0.35042838637368834, -0.48206348042333586, 0.2931557402287869, 0.6182546664101891, -0.2690411928929822, -0.01561772013745616, 0.14628407465814042, 0.0649293281317691, -0.18314683035973878, 0.35337006264254733, 0.6304032255421679, 0.01005600954755663]], "inverted": false, "swapped": true, "error_lsq": 0.04528829005289434, "error_max": 0.28811412693654087, "target": "1005.xyz", "model": "22.xyz", "model_rescale": 4.166573947596378, "target_rescale": 4.123771934214085},
{"mapping": [7, 0, 4, 1, 5, 6, 8, 10, 10, 3, 9, 2, 13, 12, 14, 15], "R": [[0.4875329732622493, -0.4396622741223925, -0.7543266432359377], [0.40091250503993464, 0.8802222545936549, -0.2539250791486885], [0.7756163763644213, -0.17862213533487278, 0.6054034766036078]], "T": [0.18950103390800127, -0.05625720608176487, 0.17298111568426233], "aligned_model": [[-0.3755666301061779, 0.0863286664702817, 0.5847071825026329, 0.3582582388279172, -0.2921663725011421, 0.391079703953889, 0.13430523323656676, -0.5414420877633239, -0.5414420877633239, 0.6994152449536657, 0.16725472765669408, 0.7822186705802125, -0.576300565056419, 0.2720633568473004, -0.30988027199875673, 0.18804434117601132], [-0.2448692608330715, -0.3335132253706633, -0.4906001676942555, 0.18172554026040164, 0.3211462387866747, 0.6323460141808938, -0.8557871410963128, -0.17820449409066674, -0.17820449409066674, -0.34940578846578524, -0.39268776263336785, 0.14348390175616738, 0.3019022771492998, 0.45411147509607286, 0.21037697127913857, -0.026305844582353723], [-0.22263697735277854, -0.5880972805426866, -0.2686202941586891, -0.47739130001169805, -0.38971341121809666, -0.08059190494942325, 0.06442492366806281, 0.2815732191390304, 0.2815732191390304, 0.29739195940771507, 0.669739355433384, -0.07520940026361955, 0.12734303409729492, 0.5755834347695832, 0.7257037314638063, 0.11082178442887283]], "inverted": false, "swapped": false, "error_lsq": 0.051203730851589836, "error_max": 0.3706728372247002, "target": "1005.xyz", "model": "23.xyz", "model_rescale": 4.274766983524099, "target_rescale": 4.123771934214085},
{"mapping": [9, 3, 1, 0, 4, 8, 7, 12, 13, 5, 15], "R": [[0.7266038782009222, 0.34564768170879967, 0.5937798281456789], [0.30611657432405137, 0.6108482923026205, -0.7301760107775931], [-0.6150930393911859, 0.7123145680949566, 0.3380362539317468]], "T": [-0.05894479180195833, 0.03635788334490143, -0.00902155262068513], "aligned_model": [[0.5084352988377219, 0.0549471751246719, -0.4316290680397801, -0.5236713051174952, -0.48629980359498687, -0.5764537512263462, -0.15430047088855287, -0.07753892884394199, 0.725888025371682, 0.3242556820879455, 0.016261850247156984], [-0.30454519096174604, 0.716373442659684, 0.4565255226113253, -0.10966393512755604, 0.41122698370561817, -0.267003983466513, -0.6968208531521165, 0.1279674855681218, -0.029419082156729608, 0.5982036127402242, 0.01274252882317111], [-0.6154360701988975, -0.2606356655447899, -0.4594808499981463, -0.1954648414519791, 0.22027557009120363, 0.36062587509397503, 0.1015829264041159, 0.6205573423611144, 0.2247248700133074, 0.4894794383942699, -0.10666216114259608]], "inverted": false, "swapped": true, "error_lsq": 0.04725480977551246, "error_max": 0.21308810009378823, "target": "1005.xyz", "model": "24.xyz", "model_rescale": 3.7841303162186577, "target_rescale": 4.123771934214085},
{"mapping": [12, 5, 3, 4, 2, 1, 13, 14, 9, 11, 11, 6, 8, 7, 10, 15], "R": [[0.9141739490875116, -0.3950662325743526, 0.090601670455082], [-0.06388962505575305, -0.36118786270961706, -0.930301802449879], [0.4002550519605955, 0.844669165834036, -0.355429168287093]], "T": [0.01947680827156384, 0.08040393315960603, 0.13146560143194488], "aligned_model": [[-0.3282337882149292, -0.0068197489682707765, 0.5148095942802224, 0.36420395654534915, -0.38205766513243644, 0.18550082730192705, 0.0993645748349179, -0.5093821862756843, -0.5541291566429143, 0.4913304675653846, 0.4913304675653846, 0.733863162149931, -0.24001228065274904, 0.3548594677757781, -0.27361923110895525, 0.08586888999307254], [-0.48443011029370964, -0.2669544417294653, -0.40221023124069893, 0.24841121557945844, 0.19661894993542173, 0.7650718030800197, -0.696221590869994, -0.46234856484240316, -0.02884562662279841, -0.3603764914645219, -0.3603764914645219, 0.08188474055251871, 0.5806733611197491, 0.2747878495951953, 0.04209329941661183, 0.06773656890064408], [-0.2362730977490368, -0.6735122839260558, -0.28173034126140595, -0.5085664986656007, -0.49627412526311676, -0.10665690234888772, 0.18117211458976437, 0.36604363132735906, 0.09709353096761374, 0.5467899453390775, 0.5467899453390775, 0.023408223873231132, -0.04701043566134147, 0.6535182087765508, 0.851105867341838, 0.11599631037072101]], "inverted": false, "swapped": false, "error_lsq": 0.04460267968538617, "error_max": 0.28166202367595033, "target": "1005.xyz", "model": "25.xyz", "model_rescale": 4.19342608120988, "target_rescale": 4.123771934214085},
{"mapping": [2, 0, 1, 13, 11, 10, 5, 14, 4, 7, 12, 15], "R": [[0.8794026107105088, 0.05896071124722724, 0.47241367762244385], [0.33452876076966187, -0.7825621884266414, -0.5250589771281129], [0.3387352306646823, 0.6197741974091266, -0.7079112852133502]], "T": [0.039023072727182855, -0.043368292159927053, -0.06914086364425034], "aligned_model": [[-0.1996080989095484, 0.40675685567999037, 0.25318349686105357, -0.6219362894112545, -0.5310488487084497, -0.4726091719216139, -0.1297095600125442, 0.01440371087536723, 0.5333559628088366, 0.13703554233959434, 0.27370625391063125, -0.06572129888028194], [-0.6932704266165636, -0.37524993845242477, -0.5967817991018748, 0.44323200123534673, -0.36273039643074734, -0.009637744874732686, 0.5511804909285265, 0.5652222101228549, 0.024463254010692347, 0.03402406424325415, 0.5418494277441108, -0.10952471506746209], [-0.1306805200649204, 0.09420123542407707, -0.4768378056298874, -0.0333717950697415, -0.3292175230217188, 0.5062744350031693, -0.6427762077862066, 0.42411851366859654, -0.4251888858567693, 0.6679351805578495, -0.15604121426651318, -0.04915695174851438]], "inverted": true, "swapped": true, "error_lsq": 0.04747748343856011, "error_max": 0.27722696085062987, "target": "1005.xyz", "model": "26.xyz", "model_rescale": 3.795458400668931, "target_rescale": 4.123771934214085},
