[{"mapping": [13, 12, 3, 9, 1, 11, 5, 2, 0, 8, 7, 4, 10, 14], "R": [[0.4984715823529697, -0.15294610906594697, -0.8533074295399719], [0.4300867363898474, 0.898266517802427, 0.0902367008297172], [0.7526961410609572, -0.4119766385569568, 0.5135404253953666]], "T": [-0.03836283429510604, 0.12365575971525546, 0.20013596169830633], "aligned_model": [[0.15804007890442573, 0.20082354774314629, -0.4340011770461956, -0.4009698855433289, -0.7129142336248884, -0.18052609851035212, -0.6793861066354933, -0.21306360354626433, -0.2816596198414239, 0.3307417717566584, 0.6032606283406198, 0.3252976509847568, 0.6266002952436348, 0.029248852903008292], [-0.5177780137624961, -0.30392334822018036, -0.4440427921547442, -0.3424010490804249, 0.2338557122108143, 0.15977514966013404, 0.2726625138349905, 0.5539195113744527, 0.6677496148002809, -0.1405196885727339, 0.3621053537905274, 0.7237940210475083, -0.1211911793446964, 0.13126752622660184], [0.17571428582890208, -0.3569514799577685, 0.5889572947440682, -0.17063015779760082, 0.46953946415383013, -0.565005551940224, -0.26686088278690917, 0.6460671766804273, 0.10265012472650058, 0.7011035539314607, 0.5161775971934961, -0.0011334095213395845, -0.02039199017450724, 0.07835206209949783]], "inverted": true, "swapped": true, "error_lsq": 0.0427149005452571, "error_max": 0.24365450808694403, "target": "1006.xyz", "model": "0.xyz", "model_rescale": 3.8414455957264533, "target_rescale": 4.107648710233813},
{"mapping": [10, 5, 6, 2, 12, 3, 11, 8, 9, 4, 13, 1, 0, 7, 14], "R": [[-0.8879427339292792, -0.34926362173072845, -0.29928685871205885], [-0.16427872443624628, -0.3669514552590211, 0.9156195335295587], [-0.4296163427522248, 0.8621841752310357, 0.26845529613211516]], "T": [0.0639313119016182, 0.02133345998264495, 0.0683301134321572], "aligned_model": [[-0.18459110405496382, 0.11265394990986122, -0.42631997728905885, 0.1375401894503261, -0.2316355631187465, 0.6539921457464772, 0.23345557216184126, -0.6698298883914096, -0.3631687835189631, 0.5362895554899944, -0.1987111842043809, 0.7312747954113569, 0.5664558432518074, 0.19557692588524744, 0.10824475765092463], [-0.5499568000879479, -0.197860132431603, 0.08858881699431408, 0.43634091725876367, -0.5914901422036777, -0.34204933964087875, -0.4814000802135671, -0.16964555535754589, 0.5382540333835625, 0.21629358812827087, 0.1432535547626531, -0.5031428655475826, 0.27821325839879385, 0.6406690007719611, -0.056770288292628035], [-0.21494598497003434, -0.5512689977458267, -0.5359525722239474, -0.5374382178378592, 0.4138398800975134, -0.2965781426270002, 0.7352528337491226, 0.29064501204400783, 0.19437895031706595, -0.11791025006549119, 0.7690450414645018, 0.23588652227449236, 0.5233017983358643, 0.17809314167573448, 0.06867953948231942]], "inverted": false, "swapped": false, "error_lsq": 0.0426085819914521, "error_max": 0.33971369879787744, "target": "1006.xyz", "model": "1.xyz", "model_rescale": 4.316132596720782, "target_rescale": 4.107648710233813},
{"mapping": [13, 9, 3, 4, 8, 10, 2, 6, 1, 11, 5, 14], "R": [[-0.7695022804080748, 0.14365087202496538, 0.6222786091560917], [0.20320474346115366, 0.9788086783372726, 0.025325944138936858], [-0.6054536090252165, 0.14593833690332655, -0.7823860486615489]], "T": [-0.10231383759190826, 0.010559133444465121, -0.15028381260028706], "aligned_model": [[-0.18496945065315235, 0.4234231144380436, 0.2270045557034791, -0.4662069402145921, -0.5692051818586059, -0.6190811298621258, -0.14358666614213395, -0.2638300589654413, 0.4274775331369318, 0.26950307652394967, 0.6251973886674834, -0.12791768614205545], [-0.6188917077552474, -0.32763901332545103, -0.604049677362031, 0.6143343725738809, -0.3901239189146524, -0.22091054545804953, 0.33386555182005156, 0.5357481200209542, 0.10064150271693677, 0.2370701414892854, 0.31063379913629197, 0.04209780279901132], [0.06781592711960541, 0.15855758487979282, -0.5294919066568038, 0.03935139388281936, -0.4303926670759877, 0.3294368542035066, -0.7055057652686216, 0.6634911882278072, -0.6512310525873031, 0.49578234928041826, 0.02827293437646744, -0.01682837917227964]], "inverted": true, "swapped": true, "error_lsq": 0.05533111552913215, "error_max": 0.3479511572125211, "target": "1006.xyz", "model": "2.xyz", "model_rescale": 3.795458400668931, "target_rescale": 4.107648710233813},
{"mapping": [2, 8, 3, 12, 0, 11, 13, 4, 10, 6, 1, 14], "R": [[-0.14241547182867473, -0.6811071099880214, 0.7181997898270237], [0.6808991451569112, -0.5940484803747599, -0.42834887310348563], [0.7183969567783562, 0.42801811607477963, 0.5483669435728168]], "T": [-0.0345841540010007, -0.001509493873091793, -0.019989969212388665], "aligned_model": [[-0.11593692547873516, -0.2529543336208567, -0.8200588154753595, 0.14605363277109665, 0.20819531427486523, 0.3198611754377598, -0.29765228078967765, 0.6503897133891323, 0.3215165220665908, 0.8632620442083793, -0.5046447515432747, 0.07527253050364485], [0.018153144565210305, -0.6382063037624037, -0.05419742008174158, -0.012017435913415142, 0.39650853512720774, 0.5328010619609542, -0.3239119271537934, -0.015075911452836155, -0.4806059156859869, 0.22874248214816678, 0.4213345301168444, 0.01224420542150318], [-0.6583448943807941, -0.08265609310909619, 0.08123706124479585, 0.6994820661652749, -0.40388411579833716, 0.42254508960074855, 0.5067544090262592, -0.2720831947593932, 0.4209380202376879, 0.3040423521076557, -0.3941394487219729, 0.06488017902627183]], "inverted": false, "swapped": true, "error_lsq": 0.048048723335389454, "error_max": 0.2960265313486235, "target": "1006.xyz", "model": "3.xyz", "model_rescale": 3.7530521520055578, "target_rescale": 4.107648710233813},
{"mapping": [5, 2, 3, 8, 9, 7, 11, 4, 6, 10, 14], "R": [[0.11803690141373642, 0.9862923278796616, 0.11530279211867461], [-0.8502359861855948, 0.04039635904205767, 0.5248494088509149], [0.5129971322528553, -0.15998618109656715, 0.8433494911117712]], "T": [-0.018039246415977414, -0.0722091029258291, -0.1246833416660566], "aligned_model": [[-0.40182978598647945, -0.3436444283412263, 0.5447332558705511, 0.4318305982146854, 0.2585758017819857, -0.04009097368041571, -0.2769304470461156, -0.569185567947244, -0.5049447590468028, 0.2835143881752383, -0.04382847954897183], [-0.7736757184042471, 0.06838653356012625, -0.42912385385844615, 0.37122102346552704, -0.6654827220281634, 0.6806260816780041, -0.4829923560894385, 0.3383803044321696, 0.06059702355040025, 0.357116317773485, -0.057849275765071456], [-0.0158288042325494, -0.6620063690608997, -0.5558356863407367, -0.36547838325786736, 0.11546425043816455, -0.15894845851924227, 0.484569483581388, 0.12144327592740489, 0.7175911194811881, 0.4002010773981663, 0.011659271830299772]], "inverted": false, "swapped": true, "error_lsq": 0.047779019345359684, "error_max": 0.24207490436787138, "target": "1006.xyz", "model": "4.xyz", "model_rescale": 3.7855080009869324, "target_rescale": 4.107648710233813},
{"mapping": [6, 8, 13, 15, 1, 7, 0, 12, 14, 10, 2, 5, 3, 9, 16], "R": [[-0.10338828528841948, 0.6346343720318348, -0.7658655732573959], [0.9841181334101927, -0.046438762214760954, -0.17133283648267605], [-0.1442995563345879, -0.7714160065747405, -0.6197539696056182]], "T": [0.029703225246680447, -0.10741241091591261, 0.04204078644746423], "aligned_model": [[-0.0600247821125175, 0.14353808807713617, -0.48122845308751316, 0.027612219969054934, -0.29785586312119106, 0.5754891135242675, 0.2509509108388671, -0.6371342296896123, -0.3389094981182514, 0.6486102073276354, -0.0793139516015896, 0.7511641396992774, 0.43111798091648745, 0.2541646932808041, 0.013046658477458815], [-0.6280397336052592, 0.019206482412827824, -0.0736604733186891, 0.5662022060865319, -0.5423715162390497, -0.5275294546668406, -0.4654105390459795, -0.086529076698951, 0.44245475069247364, 0.185949550281253, 0.21799298183365998, -0.3171517109868003, 0.18136033206478266, 0.5370702199577261, -0.06024605284479737], [-0.3413299787807066, -0.6408348638873509, -0.47047971622382967, -0.43288771569094714, 0.567987132868347, -0.25289803022971524, 0.6988213321368008, 0.1760443612364359, 0.18156914661518989, -0.20667025337240777, 0.6962672557226084, 0.3430504533060229, 0.5297836513273053, 0.24495260749099496, 0.06165317145171507]], "inverted": false, "swapped": false, "error_lsq": 0.036657988641983746, "error_max": 0.21419460619692055, "target": "1006.xyz", "model": "5.xyz", "model_rescale": 4.2253639853439635, "target_rescale": 4.107648710233813},
{"mapping": [2, 7, 13, 3, 8, 12, 9, 1, 6, 4, 10, 11, 5, 14], "R": [[0.05441444455195641, 0.5301645831942284, 0.8461469038828853], [-0.0528239341222657, 0.847744182814524, -0.5277683511617401], [-0.9971202034900051, -0.01597858662790058, 0.07413490784661482]], "T": [0.11442225132223544, -0.09471526100923758, -0.047482086430195816], "aligned_model": [[0.6124500650957438, -0.16487935855750474, -0.4137183783322899, 0.1944012867774909, -0.19537386752661057, -0.46067441698579975, 0.032044397113335565, 0.7705945705207549, -0.18913971757867593, 0.12615688924365026, -0.5992998479929048, 0.04884615826859395, 0.5776208996751164, 0.03503347303688312], [-0.14309308724207195, 0.050357456742331885, -0.46411473587025276, -0.8601818878375522, -0.4993124835417322, 0.04786767698748648, -0.27884914293959207, -0.3949270393913822, 0.8179571099113646, 0.559967272268702, 0.07735199348015756, 0.39342718151897715, 0.12781867352915358, 0.010830159019400654], [-0.4526114310859365, -0.7325847862997512, 0.14018600250334823, 0.14657349885746213, -0.4916924627383764, 0.39896428710143333, 0.6199525101161577, 0.09054922393582591, 0.15005268963710255, -0.3702472021934542, -0.15588960301402482, 0.5561513054044463, 0.5747120644241445, -0.0025578877169288652]], "inverted": true, "swapped": true, "error_lsq": 0.040719074505317865, "error_max": 0.2571739208584266, "target": "1006.xyz", "model": "6.xyz", "model_rescale": 3.89814844738969, "target_rescale": 4.107648710233813},
{"mapping": [9, 3, 1, 12, 0, 8, 13, 11, 10, 7, 2, 4, 14], "R": [[-0.31672219882780517, 0.7077210434640757, 0.6315203665819499], [0.8612972646317569, -0.06429771071873674, 0.5040166925154196], [0.3973085333938017, 0.7035600393956792, -0.5891936865395087]], "T": [-0.010768391161562405, 0.12292743392339521, -0.02835040946409315], "aligned_model": [[0.09802221485102039, -0.08815851667072959, 0.5381689956057717, -0.32669298873369207, 0.5079166850020618, -0.5579325748455818, -0.5208024316678607, 0.2811237957355414, -0.6369681685206212, -0.45957475242254514, 0.27759834122627375, 0.071846485801341, -0.03591528445675664], [-0.39344196652659513, 0.27901818637028086, 0.40778768198603094, -0.5481463531979086, 0.2245735422447409, 0.4993765168026666, -0.1278226233255665, -0.579777027096653, -0.1646136093942852, 0.5092209235402914, 0.6917712349528711, 0.15326640631919963, 0.012568352795412893], [-0.4840779424573617, -0.8027145476806348, -0.4249159796865199, -0.04358384091867393, 0.26382898378055386, -0.1544172577923857, -0.38555832460302564, 0.13886780606978683, 0.24724449617359648, 0.43830940459436235, 0.05975895976826823, 0.6963416423195645, 0.05319163126876514]], "inverted": true, "swapped": true, "error_lsq": 0.04805804651354536, "error_max": 0.25522961470899697, "target": "1006.xyz", "model": "7.xyz", "model_rescale": 3.7474275329858107, "target_rescale": 4.107648710233813},
{"mapping": [8, 4, 2, 13, 3, 9, 6, 1, 1, 11, 0, 7, 10, 12, 14], "R": [[-0.3158477394282944, 0.19055387516988942, 0.9294780396307245], [0.24533966323734463, 0.9627112589312388, -0.11399772615984842], [-0.9165416821621495, 0.1920319051219553, -0.3508205984183509]], "T": [0.13368762182723185, -0.03450803596526025, 0.07777546434563118], "aligned_model": [[0.01731668284397654, -0.10985763514064181, -0.6236136454767727, 0.15693945923282107, -0.23895014199612355, 0.7262790273085107, 0.21392477468497134, -0.5256864887921531, -0.5256864887921531, 0.7188622313021357, -0.18890896187482167, 0.6939245559651579, 0.530130235998707, 0.26039430180450385, 0.09615932731219543], [-0.5298961834839556, -0.07265580832870808, -0.168988439784082, 0.5634428220609862, -0.60464386298265, -0.39207145839710067, -0.4894196750875941, 0.29285892783863476, 0.29285892783863476, 0.15616881061809113, -0.03821836494104516, -0.3136985490835248, 0.1963968082944784, 0.5692996329071727, -0.012135621546448809], [-0.3763816711423794, -0.6648255733035796, -0.264276150733616, -0.5930642722051402, 0.3018753811428898, -0.24053926226460673, 0.7512407554260698, 0.22896565352656703, 0.22896565352656703, -0.00993412573886214, 0.65234566481692, 0.34622446683309527, 0.6817453032072542, 0.07569338381617265, 0.036993347063110894]], "inverted": false, "swapped": false, "error_lsq": 0.05012333107523125, "error_max": 0.33755508912446464, "target": "1006.xyz", "model": "8.xyz", "model_rescale": 4.019505241142653, "target_rescale": 4.107648710233813},
{"mapping": [13, 8, 10, 12, 9, 11, 4, 3, 1, 2, 7, 0, 14], "R": [[0.7017278696460028, -0.7068631011853004, 0.08900872510480631], [-0.6773359644945947, -0.6231839821997835, 0.3909702233313906], [-0.22089361277379715, -0.3346435125806568, -0.9160893686335521]], "T": [0.027766399117936942, -0.05416492218118074, 0.08465667192817293], "aligned_model": [[-0.2346628238445404, -0.6324926129658262, -0.115040289436251, 0.2793371779827545, 0.3354952458575171, 0.7557393061182267, 0.2580999622457979, -0.34205931158294833, 0.08817683040004692, -0.15139974091041256, -0.41318927374467096, 0.3819232969941273, 0.10977300462735515], [-0.4656204093412008, -0.03089662507245633, 0.11752498252992785, -0.2943779657172221, -0.662617048893162, -0.14660114209752928, 0.6343557977343363, -0.7248267506540942, -0.33866781621375497, 0.21956315715820762, 0.5264341140776716, 0.24449371435589795, -0.015385779752562952], [-0.37625882286958473, -0.05856354126293374, -0.6230773113555746, -0.5706221034665622, -0.06111473950010911, -0.17700634004812804, 0.00843391283432475, 0.2930673928989533, 0.7593051360059427, 0.639160356417948, -0.10739552345467589, 0.4720980841663025, -0.021323006322023816]], "inverted": false, "swapped": true, "error_lsq": 0.048079080285088824, "error_max": 0.3450055646546003, "target": "1006.xyz", "model": "9.xyz", "model_rescale": 3.877068213659057, "target_rescale": 4.107648710233813},
{"mapping": [4, 2, 13, 9, 3, 7, 5, 6, 10, 8, 12, 1, 0, 11, 15], "R": [[-0.5492875136667809, 0.0064824214769173185, -0.835608284749237], [0.03624741766987078, 0.9992135401372818, -0.016075631203373398], [0.8348469033553589, -0.039118786000035, -0.5490904921229754]], "T": [-0.015669703766758816, -0.02447638552938599, 0.02232624719879845], "aligned_model": [[0.10093994194839255, 0.04526534556922611, -0.6271423771572449, 0.10469748652874872, -0.29702368384776445, 0.6195784141849552, 0.21803819796097174, -0.5766411170018719, -0.3362060314358982, 0.6568708535201859, -0.13107157560778243, 0.6958371301779994, 0.49073706587290433, 0.19962316417888287, 0.037724419488608496], [-0.6625905447811384, -0.12189646487400915, -0.2373623538063168, 0.43429630225921106, -0.5240740566934912, -0.37705707972408825, -0.46750214263742135, 0.034826159383395554, 0.6080972916262213, 0.30376167571458995, 0.12468133523840455, -0.43851935968585865, 0.16946746815750074, 0.604643322440745, -0.0014735866948561577], [-0.17081409046681445, -0.6312421163657281, -0.4000707582015203, -0.4366777444387957, 0.2943619940928504, -0.349739946020628, 0.6224131054546705, 0.27152266937358693, 0.04015277445717561, -0.16548192558146096, 0.7452575012088016, 0.2966126869019003, 0.6051675642946189, 0.3425022149400103, 0.0910646243217959]], "inverted": false, "swapped": false, "error_lsq": 0.034168277410090465, "error_max": 0.1944140447570961, "target": "1006.xyz", "model": "10.xyz", "model_rescale": 4.260839863003843, "target_rescale": 4.107648710233813},
{"mapping": [3, 13, 10, 8, 4, 2, 1, 9, 11, 6, 0, 14], "R": [[-0.8764902722105564, -0.20505944974679458, 0.4355633418801525], [0.20225126348306965, 0.6641876492284363, 0.7196868715155958], [-0.4368743859964403, 0.7188917781432375, -0.5406804806706894]], "T": [-0.032870770859911254, 0.04402605360582137, -0.11452064631570813], "aligned_model": [[0.4341852299194792, 0.15780784405174297, -0.3443805294300691, -0.35800642988747405, -0.5579401957019345, -0.27840598444607534, 0.33917486341628195, 0.622519544581074, 0.3277730514153226, -0.2438071049908227, -0.09344575730956259, -0.046575882523831796], [-0.04114845776918239, -0.5629421685219446, -0.6028605303370547, -0.2563409429735845, 0.2196947273036515, 0.5841950843813538, 0.6081494639812197, -0.17389909667060782, -0.03142543093751766, -0.12497754384312368, 0.5767086633395452, -0.022075262419821266], [-0.7506003330135292, -0.32862121022405666, 0.07325044464474986, -0.6254627925018025, 0.3612596151888533, -0.36438416975289006, -0.4027717363146002, -0.01895652486335661, 0.5719191885207481, 0.8294520017803667, 0.16353482604986724, 0.007558767881154629]], "inverted": true, "swapped": true, "error_lsq": 0.05256236480971662, "error_max": 0.3178465015256313, "target": "1006.xyz", "model": "11.xyz", "model_rescale": 3.890672605050136, "target_rescale": 4.107648710233813},
{"mapping": [10, 12, 13, 7, 8, 0, 11, 2, 4, 5, 3, 9, 1, 14], "R": [[-0.6973886725679632, 0.6595705616223999, 0.28038493828129674], [0.5759826968177555, 0.7486044207738425, -0.3283829382967478], [-0.4264891233553795, -0.06751366853439514, -0.9019694741068504]], "T": [0.12181082477139818, -0.036537822978229974, 0.1534527953585005], "aligned_model": [[0.5130377257637462, 0.058624123671820266, 0.4448193424468817, 0.693575480339072, 0.7865923907998388, -0.2820758218020829, -0.48682116805771414, 0.1559477229622119, 0.04981796725361519, -0.671210158514176, 0.2839078507437216, -0.22143231601706634, -0.20131605459432114, 0.08640874979814614], [-0.1291997460980449, 0.21169073694198198, 0.44468352050870985, -0.5256804593531191, 0.05337459067560663, -0.4151432650120732, -0.03761603160386708, -0.3211938555744986, -0.7444143352719195, 0.100721587018337, 0.6650899014657683, 0.5265705377597422, 0.18250034866549403, -0.07923101029435248], [-0.47033710894731895, -0.5428017984435175, -0.18522009166547185, 0.10606237428422163, 0.23697903970354545, 0.3948413480915074, -0.33288296796392747, 0.7299139983485081, -0.009801953023845206, 0.21242292042706237, 0.4872738006054316, -0.07293947123747344, 0.7758298243348606, 0.025450520843278285]], "inverted": false, "swapped": true, "error_lsq": 0.04546471115812175, "error_max": 0.27658173539694303, "target": "1006.xyz", "model": "12.xyz", "model_rescale": 4.124412569039231, "target_rescale": 4.107648710233813},
{"mapping": [4, 5, 1, 6, 2, 7, 11, 10, 9, 12, 8, 3, 14], "R": [[-0.5724928375557575, 0.549967794241331, -0.6081014522632571], [0.7737490164766323, 0.11704393048722972, -0.6225858798893088], [-0.2712275989806373, -0.8269438576066853, -0.49254385177136567]], "T": [0.2282921781421945, 0.10054303645189835, 0.023702189154603925], "aligned_model": [[-0.13700839118097252, -0.1575592836572357, 0.5690771249662063, -0.6969975425019546, 0.6038380314654634, 0.3929126286429393, -0.4994479737415368, -0.03768555080258884, 0.012824118990954592, -0.2652026057147421, 0.7099337438879251, 0.7739948002528421, 0.09861920690245729], [-0.4123359592888991, 0.7201223426129179, 0.607154552543037, -0.21900865713828863, -0.002272108706211501, -0.6351086268852743, 0.378655339913314, -0.3565302330448139, 0.6839674291094893, 0.16819578516041853, -0.23788964245564262, 0.5895667002740462, 0.06296845441438394], [0.3930731014367134, 0.36785336817146946, 0.43230010738851743, 0.10029436469952846, 0.5364362929959996, 0.011957846176884973, 0.02578975113321816, -0.4969689534941542, -0.2914958938717958, -0.5260854429766582, -0.3086833251930267, -0.2813517036662115, -0.011421431832645934]], "inverted": false, "swapped": true, "error_lsq": 0.047272350306578156, "error_max": 0.2690660576927582, "target": "1006.xyz", "model": "13.xyz", "model_rescale": 3.9028299243045295, "target_rescale": 4.107648710233813},
{"mapping": [4, 7, 10, 9, 5, 3, 8, 13, 14, 6, 12, 2, 1, 11, 15], "R": [[-0.6143179424984665, -0.01288175751871301, -0.7889534370592982], [-0.2735250483411397, 0.9413470720367714, 0.19761006527445607], [0.740133443004995, 0.3371939357269444, -0.58180987981861]], "T": [0.1491740814381556, -0.13463447351774252, 0.11828956037090319], "aligned_model": [[-0.06031133857080559, 0.04480291696017677, -0.4438381853385044, 0.15162004930042114, -0.2306086721222663, 0.5473321106778063, 0.1283570534817157, -0.5926363322911236, -0.4527922270813295, 0.6552196667089143, -0.09475972293409807, 0.7384221252305435, 0.5622216945995832, 0.10111409864238213, 0.1470839971168979], [-0.6560456585568918, 0.004793045289056885, -0.11840545835058724, 0.4700292464503737, -0.4265834059504967, -0.42225869358395884, -0.6148480354248285, -0.043085456865269586, 0.5052665973131092, 0.17076217442906136, 0.08861620865088149, -0.334069186343142, 0.3137068707262516, 0.5786821027413446, -0.06726238460201553], [-0.2606688922363025, -0.7706955817220683, -0.33273779197935727, -0.36670658338613593, 0.29893483322516756, -0.2656791063474233, 0.7228296714182959, 0.39029588277535565, 0.012394160376823476, -0.19002686037257285, 0.7305768466643631, 0.5121960312023417, 0.34319056980826035, 0.3046397372573502, 0.026485637286365105]], "inverted": false, "swapped": false, "error_lsq": 0.0387504143428986, "error_max": 0.26868120961772707, "target": "1006.xyz", "model": "14.xyz", "model_rescale": 3.942246331269136, "target_rescale": 4.107648710233813},
{"mapping": [0, 7, 2, 9, 12, 8, 13, 1, 5, 6, 3, 11, 4, 10, 14], "R": [[-0.20646670802795697, -0.5231134693498483, -0.8268759257959226], [-0.8973128875724192, -0.23572250392599914, 0.37318156832740856], [-0.39012956856991166, 0.8190159945493267, -0.42072760831663025]], "T": [0.12333630031344017, 0.008408479857627008, 0.1256044240527253], "aligned_model": [[-0.23396218652857365, 0.16268290526374807, -0.38830153726946, 0.2052644708564635, -0.21884004266439006, 0.4409578840133967, 0.40100716584885343, -0.6355919257263192, -0.43036896292168475, 0.5413959663125685, -0.33330501790873873, 0.8139023306030984, 0.3167130386487157, 0.5082175718620463, 0.05145557399058978], [-0.4391991441919024, -0.06025181364653315, 0.053687888566626, 0.6040808930841565, -0.5631457259660504, -0.5869910606377287, -0.4649785618656837, -0.20383708344918344, 0.30650739885661177, 0.03127494139272903, 0.15628924912780906, -0.14487599488491482, 0.21286561367429574, 0.5961164856340366, -0.04824511977137966], [-0.3355925935670766, -0.7256987633628076, -0.4390409663826732, -0.409768770200328, 0.5992260011312323, -0.25315254688463196, 0.7253822543087153, 0.3143402297636118, 0.040006093774196616, -0.24519556238198584, 0.6605417241851956, 0.24279423704615888, 0.6398676780626613, 0.24996769355222698, 0.09135184492596737]], "inverted": true, "swapped": false, "error_lsq": 0.05964137157532709, "error_max": 0.3120935756544503, "target": "1006.xyz", "model": "15.xyz", "model_rescale": 4.355366556412066, "target_rescale": 4.107648710233813},
{"mapping": [13, 9, 3, 4, 8, 10, 2, 6, 1, 11, 5, 14], "R": [[-0.7695022804080748, 0.14365087202496538, 0.6222786091560917], [0.20320474346115366, 0.9788086783372726, 0.025325944138936858], [-0.6054536090252165, 0.14593833690332655, -0.7823860486615489]], "T": [-0.10231383759190826, 0.010559133444465121, -0.15028381260028706], "aligned_model": [[-0.18496945065315235, 0.4234231144380436, 0.2270045557034791, -0.4662069402145921, -0.5692051818586059, -0.6190811298621258, -0.14358666614213395, -0.2638300589654413, 0.4274775331369318, 0.26950307652394967, 0.6251973886674834, -0.12791768614205545], [-0.6188917077552474, -0.32763901332545103, -0.604049677362031, 0.6143343725738809, -0.3901239189146524, -0.22091054545804953, 0.33386555182005156, 0.5357481200209542, 0.10064150271693677, 0.2370701414892854, 0.31063379913629197, 0.04209780279901132], [0.06781592711960541, 0.15855758487979282, -0.5294919066568038, 0.03935139388281936, -0.4303926670759877, 0.3294368542035066, -0.7055057652686216, 0.6634911882278072, -0.6512310525873031, 0.49578234928041826, 0.02827293437646744, -0.01682837917227964]], "inverted": true, "swapped": true, "error_lsq": 0.05533111552913215, "error_max": 0.3479511572125211, "target": "1006.xyz", "model": "16.xyz", "model_rescale": 3.795458400668931, "target_rescale": 4.107648710233813},
{"mapping": [9, 3, 1, 12, 0, 8, 13, 11, 10, 7, 2, 4, 14], "R": [[-0.31672219882780517, 0.7077210434640757, 0.6315203665819499], [0.8612972646317569, -0.06429771071873674, 0.5040166925154196], [0.3973085333938017, 0.7035600393956792, -0.5891936865395087]], "T": [-0.010768391161562405, 0.12292743392339521, -0.02835040946409315], "aligned_model": [[0.09802221485102039, -0.08815851667072959, 0.5381689956057717, -0.32669298873369207, 0.5079166850020618, -0.5579325748455818, -0.5208024316678607, 0.2811237957355414, -0.6369681685206212, -0.45957475242254514, 0.27759834122627375, 0.071846485801341, -0.03591528445675664], [-0.39344196652659513, 0.27901818637028086, 0.40778768198603094, -0.5481463531979086, 0.2245735422447409, 0.4993765168026666, -0.1278226233255665, -0.579777027096653, -0.1646136093942852, 0.5092209235402914, 0.6917712349528711, 0.15326640631919963, 0.012568352795412893], [-0.4840779424573617, -0.8027145476806348, -0.4249159796865199, -0.04358384091867393, 0.26382898378055386, -0.1544172577923857, -0.38555832460302564, 0.13886780606978683, 0.24724449617359648, 0.43830940459436235, 0.05975895976826823, 0.6963416423195645, 0.05319163126876514]], "inverted": true, "swapped": true, "error_lsq": 0.04805804651354536, "error_max": 0.25522961470899697, "target": "1006.xyz", "model": "17.xyz", "model_rescale": 3.7474275329858107, "target_rescale": 4.107648710233813},
{"mapping": [10, 8, 7, 13, 6, 5, 4, 2, 12, 0, 9, 3, 1, 14], "R": [[-0.7767558745945485, -0.445669494482216, 0.44500450893313925], [-0.5862133350034626, 0.25332488424501254, -0.7695326041737085], [0.2302264909756837, -0.8586065482572429, -0.45802899268802444]], "T": [0.027301030899732598, 0.030198674264415165, 0.03171639148086538], "aligned_model": [[0.2839145957533693, 0.18824195014454506, 0.6957061681502801, -0.28498851691212224, 0.41785210783548654, -0.3977384405586757, 0.6633292622652387, 0.2808731028468038, -0.19852527585090912, 0.2182129842697198, -0.6135976075302765, -0.5761927131617415, -0.32105818735549796, 0.05881821798665592], [-0.41686312077579946, 0.35645480452934264, 0.14097244072634527, -0.11704469892120015, -0.8347015517881884, -0.18636326406970044, -0.22117637254651615, 0.5470740534645999, -0.6120015083520042, 0.0688747097019038, -0.24433004105126918, 0.47148540909948267, 0.5137068669175082, -0.10567948542327152], [-0.5021785368699587, -0.5380645876083475, -0.29901754576584316, -0.5439592426255553, 0.2838238460300454, 0.6825944720625929, 0.2870650077036774, 0.3198881284179895, -0.2631765402301634, 0.603373393320118, 0.038293452487030144, -0.23484446764679393, 0.4613761984177472, 0.029621140969116104]], "inverted": false, "swapped": true, "error_lsq": 0.04577523531861647, "error_max": 0.30377223468666786, "target": "1006.xyz", "model": "18.xyz", "model_rescale": 3.922800546911778, "target_rescale": 4.107648710233813},
{"mapping": [1, 5, 8, 12, 6, 0, 10, 4, 13, 3, 11, 2, 9, 7, 14], "R": [[0.2723554939603291, 0.827985799745909, -0.49016527858341136], [0.11429824692920071, 0.47797609911296635, 0.8709045639021901], [0.9553838996228361, -0.293220674741533, 0.03554209118191355]], "T": [0.018695543072642762, -0.06460276520788355, 0.021355718270503407], "aligned_model": [[0.11917347092802946, 0.10998134121131678, -0.49256620766768977, 0.07712277090994321, -0.3852401129798654, 0.695933744423531, 0.013426448781492753, -0.5278898957028573, -0.42515639829501456, 0.5692657474982729, -0.09519383712298131, 0.5547926091867522, 0.6041460486083591, 0.3161451068478736, 0.06728639775315136], [-0.7669445594553699, -0.10137726153105994, -0.14646379893063122, 0.5575716259507637, -0.598234547252052, -0.26079535281283645, -0.3669595032379876, -0.11393664038862614, 0.4487688427746954, 0.21450988977491103, 0.2971174773099748, -0.41235435240694257, 0.04128215597284765, 0.6445077133553685, 0.012606276799833033], [-0.18983901178438067, -0.7355116807262279, -0.30468238902585587, -0.45624173838115034, 0.18821158084328415, -0.4273084354979531, 0.7691212476153994, 0.4932430628458908, 0.12746317833683662, -0.14632797029902, 0.6242083437108206, 0.34508049658097784, 0.5770348297633764, 0.23791311311163144, 0.05266392687683355]], "inverted": false, "swapped": false, "error_lsq": 0.04546946402761243, "error_max": 0.3500946443267276, "target": "1006.xyz", "model": "19.xyz", "model_rescale": 3.9282355846067225, "target_rescale": 4.107648710233813},
{"mapping": [13, 8, 7, 3, 9, 2, 1, 4, 5, 11, 10, 12, 6, 14], "R": [[-0.6283789340266561, -0.7349049651269522, 0.25505804732114795], [0.5876221166231689, -0.6632809889081352, -0.4634205194079707], [0.5097451945107776, -0.14132594236303453, 0.848638211895016]], "T": [-0.0017071683445937583, -0.11177587501283678, -0.09811313804351954], "aligned_model": [[-0.502502035281617, -0.06730168544056744, 0.49555765287613507, -0.6671357660390463, -0.5908854122839592, 0.33309416944590603, -0.1734246830489988, 0.6871328982249328, -0.1530720572979407, -0.05844240108768461, 0.04573912100604285, -0.3114480341503875, 0.4664957382831533, 0.028715313878707897], [-0.5021144921350177, -0.7442216067649475, -0.6776849214155292, -0.2034938776535564, 0.1722968402132001, -0.02115643786209176, 0.3347399068107877, -0.07188555721949838, 0.6748800352840837, 0.37981681194927597, -0.6258850122542923, -0.19920760695765505, 0.11088325677788044, -0.10408525134780407], [0.1197126491262128, -0.3276891861629957, -0.1280437388010586, -0.5209440291141676, 0.14340710404486287, -0.6405134377193202, -0.655678038955758, 0.1402822610204588, -0.0008452070411054946, 0.5036129486490412, 0.43499023786203994, 0.570315410752333, 0.7357631493134972, 0.03781303426964214]], "inverted": false, "swapped": true, "error_lsq": 0.04788290597985162, "error_max": 0.2691439631271582, "target": "1006.xyz", "model": "20.xyz", "model_rescale": 4.067790424073018, "target_rescale": 4.107648710233813},
{"mapping": [0, 9, 12, 10, 2, 7, 4, 3, 11, 1, 6, 8, 5, 13, 14], "R": [[0.3659510111543839, -0.9247169265839308, 0.10477816148536523], [0.03704586029278925, -0.0980238520159187, -0.9944943080134387], [0.9298964790073415, 0.36781779473691945, -0.0016149936898673112]], "T": [0.07259387195027156, -0.04666383585307395, 0.1354368354596048], "aligned_model": [[-0.07060610412636453, 0.20847047573820982, -0.4150642874171132, 0.15217708324767318, -0.25936156902189766, 0.4694397258050493, 0.33439102033500767, -0.7622714596154876, -0.38498983721675906, 0.7565894120156422, -0.24939296728005628, 0.5435479042833873, 0.5506141224204364, 0.25904483718134536, 0.06863887803124095], [-0.7155777425141561, 0.08126080518956513, 0.02972962661377502, 0.5939290181738089, -0.5734996570237797, -0.4417805207339636, -0.3708206366049091, -0.20563289082804956, 0.4063659007295185, 0.15338636464562236, 0.1108081068513577, -0.3641135422331796, 0.11198020254587224, 0.6270550959875223, 0.006207835123883801], [-0.055628550856229336, -0.619031675630194, -0.45053878296869454, -0.3691363796469388, 0.5428328765293395, -0.35757445327098214, 0.8201682546016172, 0.17382608344361727, 0.07701200464258709, -0.2713003274969318, 0.7828037834255376, 0.1863866153748969, 0.4433245261502208, 0.1736774358885298, 0.07820714378408727]], "inverted": true, "swapped": false, "error_lsq": 0.050403313861987944, "error_max": 0.3078198320994301, "target": "1006.xyz", "model": "21.xyz", "model_rescale": 4.186013935880536, "target_rescale": 4.107648710233813},
{"mapping": [5, 1, 9, 6, 4, 11, 0, 2, 13, 8, 7, 10, 14], "R": [[0.7854994234011592, 0.07646107161340633, 0.6141208027450106], [-0.1188169919667408, 0.99250987101865, 0.028402083559458294], [-0.6073493049773105, -0.09527780674570836, 0.7887008059367668]], "T": [-0.07444333181288154, 0.06894380448255602, -0.04291286996023884], "aligned_model": [[0.17298094966929553, -0.45836426954762227, 0.4130267693990789, 0.5290638546026318, -0.1230994082066332, 0.557964170568208, -0.2755441444590092, -0.6886263963995044, 0.2715442086940447, -0.33760097205179385, -0.3686557548359908, 0.32752098991376727, 0.03836403807675272], [-0.4333822656568176, -0.052330984650869314, 0.19716768631259207, -0.5466423700821438, -0.44877837176710256, -0.3650788998760014, -0.4941235438487398, -0.11915501937524448, 0.6440649346787848, 0.6208175655510125, 0.1717626740012499, 0.3251131727567801, 0.019522081502592784], [-0.623989151876639, -0.6574362674746174, -0.5246720157568041, 0.427165262896862, 0.4694547475853273, -0.17944705230584096, -0.12805135599786865, -0.08650069971260142, -0.031246004947685938, 0.245494505782331, 0.6435916983388834, 0.525910919615252, 0.022604975188747836]], "inverted": false, "swapped": true, "error_lsq": 0.05044190608268818, "error_max": 0.2888040393130383, "target": "1006.xyz", "model": "22.xyz", "model_rescale": 4.166573947596378, "target_rescale": 4.107648710233813},
{"mapping": [14, 13, 10, 5, 9, 12, 11, 8, 0, 6, 4, 12, 2, 1, 15], "R": [[-0.6382762159065792, -0.5734950953422571, 0.5135239505868774], [0.7123928651054916, -0.18725096915451603, 0.6763382883568575], [-0.2917188337333863, 0.7975214418240241, 0.5280716541116016]], "T": [0.02329163327730588, -0.07642919746238752, 0.15574674672868083], "aligned_model": [[0.0831365879841739, -0.00313990892109281, -0.4027935259125618, 0.09858742514162395, -0.24583020731698024, 0.5478377957194907, 0.40018171077616554, -0.7226753430146281, -0.33202792416248506, 0.7061615393249352, -0.22341945260083598, 0.5478377957194907, 0.4455849613458052, 0.2575352215926672, 0.044250558704545334], [-0.653268833600691, -0.07442497417824917, -0.24960933153056675, 0.46414208829423365, -0.5898606629977057, -0.44454401212321687, -0.6160617719212768, -0.01355212997863546, 0.6587482710611651, 0.22731177724956464, 0.3728594670396399, -0.44454401212321687, 0.2285455088591567, 0.5967005409277765, -0.013143959055089582], [-0.3824468790197191, -0.6904863745575202, -0.43535503079051363, -0.47129010222383827, 0.3119860868306321, 0.018910487193361053, 0.5903084586778341, 0.46178413805153684, 0.15152007970764905, 0.012436790122731523, 0.6821751363691015, 0.018910487193361053, 0.5817373719330513, 0.1669430628672381, 0.13789484161555748]], "inverted": true, "swapped": false, "error_lsq": 0.044991435349043755, "error_max": 0.3452275368132907, "target": "1006.xyz", "model": "23.xyz", "model_rescale": 4.274766983524099, "target_rescale": 4.107648710233813},
{"mapping": [10, 8, 3, 9, 1, 5, 11, 0, 4, 2, 14], "R": [[-0.7012682247743736, -0.2205630916339052, 0.6779194638972187], [-0.7019443243300104, 0.37968518623359504, -0.602588852282919], [-0.12448711765754716, -0.8984381347447659, -0.4210841668522603]], "T": [0.030454471520542856, 0.12922889053063194, -0.042506998731436464], "aligned_model": [[0.49816189488032925, 0.2891932199904383, -0.5377926459154354, -0.5311556752212997, -0.5005362804372397, -0.5189518670015407, -0.14881406457585816, 0.04282986299795556, 0.600991775166379, 0.10252936126397748, 0.08343912281036919], [-0.16438513804850827, 0.5840773294375208, 0.5491939773037908, -0.2079698693747454, 0.4704062227334336, -0.2647131532712862, -0.61584414101928, 0.06642751527770986, -0.10037684909721528, 0.5976885613328767, 0.0010820759691871629], [-0.5382883347313706, -0.47048195573110846, -0.40405632109136236, -0.281361300347882, 0.33350991090080634, 0.39813145003506806, 0.0977980601162867, 0.5580242447194533, 0.3508028416470173, 0.39321384121605646, -0.05772600271138795]], "inverted": false, "swapped": true, "error_lsq": 0.04749158107895271, "error_max": 0.24747200514596962, "target": "1006.xyz", "model": "24.xyz", "model_rescale": 3.7841303162186577, "target_rescale": 4.107648710233813},
{"mapping": [6, 7, 11, 10, 3, 1, 5, 13, 14, 8, 12, 4, 2, 9, 15], "R": [[0.4314066529613575, 0.5689378159476846, 0.7001414581106863], [0.6438700051812389, -0.7377736965881098, 0.2027840946687565], [0.6319174916146809, 0.3633176767064805, -0.684602475590043]], "T": [0.14107216578514623, 0.01720008907529827, -0.047758253879684964], "aligned_model": [[0.01959340155579327, 0.023714380454549933, -0.5266688006759066, -0.11551728819856208, -0.2340960439766653, 0.8041936715922103, 0.16551916189486351, -0.5844926416319597, -0.3105487789850415, 0.7161560977016953, -0.12872509629091458, 0.4681402680794713, 0.5912781149853853, 0.19202850260912102, 0.12065228526627396], [-0.6719747354980606, -0.06283863406289979, -0.20884599315007887, 0.5968079810944507, -0.5909150393116319, -0.26127101975596023, -0.2986381885806364, -0.004333946575143258, 0.6149033147956304, 0.15389453415797463, 0.18942406924388075, -0.578722546147325, 0.09903565884032046, 0.5215261314226207, -0.04875362055025355], [-0.2275009123072776, -0.6822868293756699, -0.35181867482082474, -0.4988365717920579, 0.32432600088557134, -0.23686167501654598, 0.7701581673958802, 0.24394706457958526, 0.2131791687314733, -0.0406249815727881, 0.6397882859700106, 0.25982427512557, 0.5517503538593265, 0.2441311143300734, -0.054146232021863555]], "inverted": true, "swapped": false, "error_lsq": 0.047570941257802674, "error_max": 0.32878415021723606, "target": "1006.xyz", "model": "25.xyz", "model_rescale": 4.19342608120988, "target_rescale": 4.107648710233813},
{"mapping": [13, 9, 3, 4, 8, 10, 2, 6, 1, 11, 5, 14], "R": [[-0.7695022804080748, 0.14365087202496538, 0.6222786091560917], [0.20320474346115366, 0.9788086783372726, 0.025325944138936858], [-0.6054536090252165, 0.14593833690332655, -0.7823860486615489]], "T": [-0.10231383759190826, 0.010559133444465121, -0.15028381260028706], "aligned_model": [[-0.18496945065315235, 0.4234231144380436, 0.2270045557034791, -0.4662069402145921, -0.5692051818586059, -0.6190811298621258, -0.14358666614213395, -0.2638300589654413, 0.4274775331369318, 0.26950307652394967, 0.6251973886674834, -0.12791768614205545], [-0.6188917077552474, -0.32763901332545103, -0.604049677362031, 0.6143343725738809, -0.3901239189146524, -0.22091054545804953, 0.33386555182005156, 0.5357481200209542, 0.10064150271693677, 0.2370701414892854, 0.31063379913629197, 0.04209780279901132], [0.06781592711960541, 0.15855758487979282, -0.5294919066568038, 0.03935139388281936, -0.4303926670759877, 0.3294368542035066, -0.7055057652686216, 0.6634911882278072, -0.6512310525873031, 0.49578234928041826, 0.02827293437646744, -0.01682837917227964]], "inverted": true, "swapped": true, "error_lsq": 0.05533111552913215, "error_max": 0.3479511572125211, "target": "1006.xyz", "model": "26.xyz", "model_rescale": 3.795458400668931, "target_rescale": 4.107648710233813},
{"mapping": [1, 13, 3, 2, 7, 11, 9, 0, 12, 8, 4, 10, 14], "R": [[-0.15414830901843896, 0.9700883855509351, -0.18752819266962503], [-0.6671632691670871, 0.03780052288758268, 0.7439518080787962], [0.7287876721659338, 0.23979083528901912, 0.64138045200205]], "T": [-0.12129444350298318, -0.09490492559170681, -0.1190974504413092], "aligned_model": [[-0.08725551706064626, 0.38212803930112144, 0.5383140424472863, -0.19890535567529818, -0.07399516231984514, -0.6272849760464174, -0.004499789501729454, -0.6256581359038378, -0.10962147604600579, 0.4175693054757595, -0.6937770972831605, -0.019921478343371518, -0.1974160162225983], [-0.6943159016125938, -0.02629812360781729, -0.5326720267226694, -0.12444158077006927, 0.6167006722447117, -0.33036585492628906, -0.5847090238333544, -0.24378008378725358, -0.01719763913868154, 0.2831753511132378, 0.3432213032120809, 0.47678293317797993, -0.04421852209236789], [-0.5425235954954795, 0.31961283990111605, -0.1762812200913887, -0.7575377652530229, -0.3636407865051381, 0.42449087876443453, 0.36320047838299324, -0.4160627522335832, 0.6186055765344369, -0.27296937951857647, -0.23413335707490487, 0.3431309334126909, -0.01375518872415156]], "inverted": false, "swapped": true, "error_lsq": 0.05512543447080276, "error_max": 0.35946672376995115, "target": "1006.xyz", "model": "27.xyz", "model_rescale": 3.6321398670334006, "target_rescale": 4.107648710233813},
