[{"mapping": [2, 11, 4, 13, 9, 5, 6, 8, 7, 0, 1, 10, 3, 14], "R": [[-0.6682197271082042, 0.6355329497771632, -0.38675608081964974], [0.3477763502631983, 0.7264029566308994, 0.5927818779243318], [0.6576731760540694, 0.26160392647172936, -0.7064201151959983]], "T": [-0.1652869048142022, 0.14382463042531884, 0.10249790337644207], "aligned_model": [[0.18157892680886603, 0.21916349250820974, -0.3442646455303817, -0.4849385838609951, -0.6963497051449682, -0.04002842851098515, -0.6509588023676196, -0.06991353671804121, -0.3289129046754531, 0.20479872239388816, 0.6143267330245881, 0.38803699850158757, 0.5022187489079362, -0.12326491420832766], [-0.5271670206695707, -0.4800375133919403, -0.3977148852977283, -0.40718076035809775, 0.18943255131843884, 0.4554296857557633, 0.1660604104799053, 0.5700767401852245, 0.66922952809029, 0.0005589811728534122, 0.3358745266423449, 0.7082274733382072, -0.0427948815843244, -0.004721503871331939], [0.22058249675448052, -0.3070184273513157, 0.5904222876432893, -0.39667388993825026, 0.6688304872205342, -0.5756426674868497, -0.15095793713893726, 0.5338404682526103, -0.012431548623699579, 0.638120075203631, 0.517927700015872, -0.01808492091070621, -0.0007067588902968935, 0.18938072242947163]], "inverted": true, "swapped": true, "error_lsq": 0.04884530890992482, "error_max": 0.28304270329342773, "target": "1007.xyz", "model": "0.xyz", "model_rescale": 3.8414455957264533, "target_rescale": 3.9824305573230916},
{"mapping": [4, 2, 7, 9, 0, 8, 12, 10, 5, 1, 6, 9, 11, 13, 14], "R": [[0.4312227955427716, 0.07736532936051643, 0.8989224140142554], [-0.5103795963045219, 0.8425062991094787, 0.17232470408180964], [-0.7440158387294659, -0.5331019994089206, 0.40279360713137063]], "T": [0.007602708318058947, -0.027693729148759547, 0.14182454397528732], "aligned_model": [[-0.19485193242179202, 0.1836586421585428, 0.37999615075223475, 0.6872280175626636, -0.09179628043884155, 0.39484922217815605, -0.19289073904816773, -0.27196022515889867, -0.2602032054635696, -0.8045629189004793, 0.3149610487639905, 0.6872280175626636, -0.3895225541802631, 0.36019866975342185, -0.07897603571389133], [-0.17488512627487723, -0.6486934574935017, 0.05349186135923589, 0.01657728933393314, 0.46020588958444836, 0.12694872102137666, 0.3246791438661371, -0.29678319587885016, -0.6222563089822202, 0.24557142839249702, -0.6842699954982011, 0.01657728933393314, 0.685992656010229, 0.6309328535208724, -0.017315398809813184], [0.624695174582648, 0.49955121781125167, 0.659209338940325, 0.18255777304102894, 0.6686937616956462, -0.5293149702906734, -0.5046468628119786, -0.4219278179098437, 0.04644049820315396, 0.2610346056622638, -0.14880517028083057, 0.18255777304102894, -0.10150377672394595, 0.012464143466767913, 0.12036736781871431]], "inverted": false, "swapped": false, "error_lsq": 0.05055949606527381, "error_max": 0.3193934138169862, "target": "1007.xyz", "model": "1.xyz", "model_rescale": 4.316132596720782, "target_rescale": 3.9824305573230916},
{"mapping": [7, 8, 10, 13, 5, 6, 11, 12, 1, 9, 2, 14], "R": [[-0.2792249478941655, -0.5523621229153816, 0.785448606620391], [0.2899046120656786, 0.7313186737109663, 0.6173559049565185], [-0.9154172515178798, 0.40008634399345144, -0.04407009159741648]], "T": [-0.014006431453313189, -0.029023956827443537, -0.020242707878549225], "aligned_model": [[-0.17489978905964984, 0.4254824317513061, 0.15708831916556829, -0.6224888928389176, -0.5439470965996895, -0.4644885970092246, -0.21602209512725543, -0.23418594908898782, 0.7241495477556059, 0.2388925381849268, 0.23070537845441094, 0.07752275904368756], [-0.554322019969018, -0.43415769421263073, -0.616699472638971, 0.504185257028485, -0.3807647451343692, -0.049253352060656966, 0.5590144158027122, 0.47648774727387466, -0.22337743096628324, -0.026734620963729572, 0.635825154121681, 0.12257318945988639], [0.09895387594773125, 0.11961272691806213, -0.5346571351724918, -0.00040223721668857307, -0.43024678043091114, 0.29163559396960015, -0.5842553421051307, 0.6104832900594888, -0.5046134133566634, 0.7152008630118988, -0.30761261225566033, -0.024840368159813685]], "inverted": false, "swapped": true, "error_lsq": 0.052622005740068124, "error_max": 0.30345496441343905, "target": "1007.xyz", "model": "2.xyz", "model_rescale": 3.795458400668931, "target_rescale": 3.9824305573230916},
{"mapping": [5, 3, 11, 4, 6, 12, 2, 8, 0, 9, 13, 14], "R": [[0.8987761836102488, 0.43619330648589133, 0.044008762217332256], [0.3736673262346492, -0.8146840116764491, 0.44346667340784], [0.2292904295421958, -0.382132647775184, -0.89520977341888]], "T": [0.16051605406192393, -0.03787977708717675, -0.12066653741011113], "aligned_model": [[-0.13500860983710056, -0.25859716724763426, -0.6553589247352546, 0.19537203584824514, 0.16954731513561916, 0.16319997320659602, -0.3177921897681622, 0.6982436630394365, 0.3017066307444942, 0.7529560252379651, -0.4283730507144555, 0.10740812483381619], [-0.027170683767885485, -0.5985500410463821, -0.15981326166953605, 0.10098236131477759, 0.4848563130741093, 0.6565985651091403, -0.2632157528176049, -0.33329299370106297, -0.5071940032069623, 0.2927552350845536, 0.5119793215012165, -0.0721660145846538], [-0.8172385140153512, -0.0884981497792651, 0.03486465538625294, 0.6161310267659318, -0.28582373963102886, 0.34787269919970676, 0.43154229455987814, -0.1412431912656859, 0.33120612926960813, 0.25951203266716827, -0.04436968422428761, 0.04481587170617282]], "inverted": true, "swapped": true, "error_lsq": 0.041114702684456404, "error_max": 0.2134816574795258, "target": "1007.xyz", "model": "3.xyz", "model_rescale": 3.7530521520055578, "target_rescale": 3.9824305573230916},
{"mapping": [13, 5, 3, 10, 2, 7, 4, 6, 9, 8, 14], "R": [[-0.2896523836459046, 0.7747685014057112, -0.5619922293749215], [0.539950595944929, 0.6170799268301289, 0.5724209271524225], [0.7902878276849277, -0.13764495316891012, -0.5970753857597605]], "T": [-0.06727583246182028, -0.026999823904757733, 0.016920452637688044], "aligned_model": [[-0.6313075589332218, -0.1914451806323386, 0.46939018008358885, 0.4559618952707242, 0.20786066982759616, -0.19437063284865277, -0.09910856708975152, -0.6068259942443002, -0.30936627442424064, 0.2503278679351667, -0.012916802499365374], [-0.5596771315564172, 0.17705491286188235, -0.34743438615868777, 0.4048236608605927, -0.7341176045024743, 0.5036546998747354, -0.46645074561534516, 0.05854379704361003, 0.1819221743123241, 0.41900763350222486, -0.17012365230809928], [-0.21346989715477765, -0.7011364167132637, -0.2998651603864376, -0.4061739657422166, 0.11059020042410428, -0.11830247945955702, 0.6245698975789511, -0.02976355870101574, 0.7258521788555906, 0.2944967234574886, 0.10603325508644987]], "inverted": true, "swapped": true, "error_lsq": 0.05117423469268742, "error_max": 0.24205236083753173, "target": "1007.xyz", "model": "4.xyz", "model_rescale": 3.7855080009869324, "target_rescale": 3.9824305573230916},
{"mapping": [1, 0, 2, 3, 12, 10, 8, 7, 4, 11, 5, 9, 13, 15, 16], "R": [[0.64287275237964, -0.028277212631676873, -0.7654508628864491], [0.7656562098472766, -0.005014459992407058, 0.6432304590994492], [-0.022027087191223815, -0.9995875421576482, 0.018426963751598968]], "T": [0.00864791968817967, 0.06787456736574576, 0.0963913843472444], "aligned_model": [[-0.2763383260667401, 0.11073272354583706, 0.46685596873847945, 0.6278072031542675, -0.25594478390988373, 0.4433469183299988, -0.11284662430522445, -0.15789588895871798, -0.3825747527500942, -0.714686930616434, 0.33165490786340246, 0.6962582166279876, -0.42869456231574404, 0.3313920634363419, 0.04428974463229369], [-0.28943445000768314, -0.6215612404477666, 0.009407278671206998, -0.22353230869553758, 0.39701851264626276, 0.026470268742994213, 0.4289349325604119, -0.36727002811643933, -0.559632143326358, 0.2166035004896561, -0.6340042107950423, 0.25103170468434005, 0.6423214734636116, 0.7425255057206135, 0.09789485389492823], [0.6998953568474436, 0.446721004913914, 0.6729437648964183, 0.21530488097906064, 0.6299832016551904, -0.48694962973426403, -0.4953723881405192, -0.4903639417469803, 0.08294027019340873, 0.39152292635345876, -0.14472251192751284, 0.1200464438620607, 0.036308571624836174, -0.25001940610105855, 0.12313451257009964]], "inverted": false, "swapped": false, "error_lsq": 0.040275353535303586, "error_max": 0.2469804431127834, "target": "1007.xyz", "model": "5.xyz", "model_rescale": 4.2253639853439635, "target_rescale": 3.9824305573230916},
{"mapping": [9, 7, 1, 0, 8, 3, 2, 4, 5, 6, 10, 11, 13, 14], "R": [[0.46019152696682264, -0.8751183866668928, -0.14963812290148332], [-0.3847331583197458, -0.3484671958315675, 0.8547227681058915], [-0.8001275869492677, -0.33576542815903376, -0.4970487117536099]], "T": [0.08643045108449977, 0.03385514193525063, -0.0648588247623336], "aligned_model": [[0.5902395485424506, -0.09885199733918838, -0.5756268283470365, -0.03482778803277824, -0.15358078905445, -0.3646466447735039, 0.20678550560674774, 0.6238152286352068, -0.31203448422991686, 0.41975998569081885, -0.6995945610409555, 0.055235661969887016, 0.5653993554831301, 0.15198995964737172], [-0.3409228149217155, 0.2539765698398062, -0.566913216589244, -0.600214267812185, -0.3521424584642048, -0.08753130109345317, -0.2607349353194348, -0.44074143883140615, 0.6770862585242365, 0.4200358914492508, 0.052544281312035174, 0.2339791479298459, 0.5353661051849263, -0.07868867457346751], [-0.5237250931233853, -0.5478179581694663, 0.06937992159868483, 0.10136978812764491, -0.477464939335971, 0.45747883170949, 0.6302821820944698, 0.15727620152793353, -0.07675236168993402, -0.2657750638846861, -0.2100260557904486, 0.7498110316697815, 0.3523127924294207, 0.05520893176791472]], "inverted": true, "swapped": true, "error_lsq": 0.05022776395481137, "error_max": 0.3846439300270342, "target": "1007.xyz", "model": "6.xyz", "model_rescale": 3.89814844738969, "target_rescale": 3.9824305573230916},
{"mapping": [10, 1, 3, 7, 11, 0, 8, 5, 6, 4, 2, 13, 14], "R": [[-0.9971750779965278, -0.01318459432550578, 0.07394613103530596], [-0.06821747275136204, -0.25305697535752913, -0.9650432858863461], [0.03143628849015061, -0.9673615320527124, 0.2514426894355715]], "T": [-0.19828171147194146, -0.014707485789510005, 0.056728100850854515], "aligned_model": [[0.0593526442254238, -0.06323065698410149, 0.35357127057790344, -0.38369649879458456, 0.5300252389379707, -0.30168705861919054, -0.5783786896069593, 0.2656599853155182, -0.3305564225848705, -0.48882963037412125, 0.14571214638668867, 0.12791553335836198, -0.1872260609338167], [-0.38077657776436435, 0.27377473552486276, 0.2441002062536898, -0.5321165771064098, 0.33715046811432225, 0.4981217581216587, -0.07626018785478926, -0.6123086571968598, -0.3019805799836063, 0.639743813697994, 0.6652772987144221, 0.047533565989515386, 0.1615219989600504], [-0.6057491344160987, -0.7893225616654799, -0.2889866761970666, -0.06134705370210235, 0.2813937944526483, -0.35642202857604827, -0.42137324904456097, 0.07384453034476525, 0.5045997959056676, 0.2817696235624015, 0.11819834388390964, 0.7947511525026204, 0.07091849378563937]], "inverted": true, "swapped": true, "error_lsq": 0.04795425794209545, "error_max": 0.3028757492366787, "target": "1007.xyz", "model": "7.xyz", "model_rescale": 3.7474275329858107, "target_rescale": 3.9824305573230916},
{"mapping": [9, 7, 8, 5, 4, 0, 1, 12, 11, 13, 10, 3, 4, 2, 14], "R": [[-0.6347171808645536, -0.6771069316303472, -0.3723711904182305], [0.7271232110441169, -0.36020484635128525, -0.5844179194942093], [0.2615835168282714, -0.6416998299853162, 0.7209683709571247]], "T": [0.06941231844973038, -0.06465853277300347, 0.02373302629400914], "aligned_model": [[-0.005139424177929161, 0.2854859037597911, 0.2159312268159872, 0.5854496227235184, -0.26696374811401263, 0.49545960662068367, 0.08808531162989412, -0.4285932670691668, -0.2882837031690194, -0.7851506727847373, 0.13557653642185663, 0.7384955296512847, -0.26696374811401263, 0.18111422595799503, 0.038852477253636594], [-0.3580477206762963, -0.650123767431529, 0.32464634991862285, -0.20423360032774668, 0.5381792390106003, -0.09767280386012171, 0.3766747652974124, -0.2316205078955869, -0.5299500615674471, 0.2108648772989058, -0.7422190477358107, 0.18802955581022068, 0.5381792390106003, 0.7677837828336234, -0.013716650200248627], [0.7228076018444467, 0.29653386328229797, 0.5642737126998931, 0.5004360419513663, 0.3920584375808358, -0.47787140328544003, -0.584278535594279, -0.299928454970756, 0.22876303614650717, 0.06755965298731662, -0.3106281624102647, 0.07483022153000252, 0.3920584375808358, -0.03240938990211201, 0.017167996804906892]], "inverted": false, "swapped": false, "error_lsq": 0.0569006597675853, "error_max": 0.36263263744353996, "target": "1007.xyz", "model": "8.xyz", "model_rescale": 4.019505241142653, "target_rescale": 3.9824305573230916},
{"mapping": [8, 9, 0, 1, 10, 3, 2, 7, 5, 6, 12, 11, 14], "R": [[-0.9474510533251594, 0.2460866476317151, -0.2043963390338232], [-0.10258340090955612, -0.8389120852022525, -0.5345120757844839], [-0.3030068438350441, -0.4854563576254746, 0.8200725440045731]], "T": [-0.06041223012154029, -0.05842423224371542, 0.10489042060772341], "aligned_model": [[-0.272200821176785, -0.7687273266338789, 0.07804850544287681, 0.3923724969189939, 0.31667783902674124, 0.6128572549704014, 0.37437757160840296, -0.29776998216924666, 0.24463929198919176, -0.38327166235728494, -0.5705958816200227, 0.6128164471858195, -0.019522961444033274], [-0.45393096908452024, 0.08600085356588369, 0.03250646754294221, -0.40654479896894696, -0.7549554366718084, -0.060406912512233756, 0.5082667486639746, -0.5320416152834828, -0.45194416264071924, 0.022454453860387587, 0.5870621491932827, 0.4054070078318001, 0.08150444261749976], [-0.31411239859890233, -0.1819396588966406, -0.5408183072393453, -0.5958667162512692, -0.004221859129852817, -0.08939316529266161, -0.16770604424349556, 0.29298727141444825, 0.674756776416124, 0.5405874601083573, 0.26267622658429357, 0.2955037370453344, 0.004250172127489418]], "inverted": true, "swapped": true, "error_lsq": 0.051692460577021475, "error_max": 0.35260464778420786, "target": "1007.xyz", "model": "9.xyz", "model_rescale": 3.877068213659057, "target_rescale": 3.9824305573230916},
{"mapping": [3, 13, 4, 2, 5, 9, 11, 10, 6, 12, 14, 7, 0, 8, 15], "R": [[-0.9670420080551526, -0.180343200426716, 0.17973893489310508], [-0.1797736101616799, -0.016289790067074983, -0.9835731248000869], [0.18030863469644173, -0.9834688468881058, -0.0166680369115611]], "T": [0.05194407474129574, -0.010304383328610032, 0.1451811264154709], "aligned_model": [[-0.1904888380071748, 0.24585426975539165, 0.40906307595594754, 0.6838786690672856, -0.30210508861030727, 0.4102149698263348, -0.2913496458021801, -0.22382060812221033, -0.398082776594407, -0.674319711389671, 0.261836169079371, 0.7046159758318812, -0.32197518829130184, 0.40462183894158665, 0.005412765765223614], [-0.1595454985078056, -0.7366917227278891, 0.026047369343582424, -0.20883184658633475, 0.44233095965898217, -0.08200475336477565, 0.3085539982287936, -0.3028186482263556, -0.4297636594029808, 0.16481870290030504, -0.6177417216843346, 0.43158001455539163, 0.6821730259534257, 0.533130968517385, 0.06553646082780894], [0.7123801347754888, 0.3251776969208651, 0.7189713744975381, 0.10517021820278018, 0.6750545815451504, -0.40449725825259575, -0.42502412628719877, -0.4392844619440147, 0.18801013430598817, 0.15342935882633338, -0.2980871166882677, 0.35741716918460753, 0.025075098252895597, -0.27388849645261726, 0.1314687493586034]], "inverted": false, "swapped": false, "error_lsq": 0.04272691389746284, "error_max": 0.25582627873307345, "target": "1007.xyz", "model": "10.xyz", "model_rescale": 4.260839863003843, "target_rescale": 3.9824305573230916},
{"mapping": [12, 11, 3, 2, 1, 0, 9, 6, 5, 10, 8, 14], "R": [[0.33250396624806267, -0.5679369932124756, 0.752920104772133], [0.92101671179048, 0.36730390087443227, -0.1296767558395777], [-0.20290226472851258, 0.7365700347850147, 0.6452094658518605]], "T": [0.15447634377595876, 0.042607863202468156, -0.017372394733788328], "aligned_model": [[0.6158007020722512, -0.08576144376766481, -0.4093648017797926, -0.3035737625591132, -0.6903007923168457, -0.4378391958689781, 0.3640943122380802, 0.6994726271054659, 0.4046619283063805, -0.18930287245980526, -0.06441005947467188, 0.05542200759882368], [0.12407511732278986, -0.7282178570104484, -0.35601411734356536, -0.32118261600743614, 0.21149401061060982, 0.27166682499081135, 0.691455786321517, 0.014028514099313438, -0.37801565405798243, 0.05129737530684514, 0.5706891046461441, 0.02180201665433531], [-0.7119077144931508, -0.2472054256861213, 0.10189839603773201, -0.5096490034635986, 0.25665600238146585, -0.22003917098037562, -0.3914005431782381, -0.07003886453188699, 0.559814802165712, 0.7044298437259914, 0.20637365237774385, -0.1627538969597694]], "inverted": true, "swapped": true, "error_lsq": 0.04881047846078343, "error_max": 0.29427435577796174, "target": "1007.xyz", "model": "11.xyz", "model_rescale": 3.890672605050136, "target_rescale": 3.9824305573230916},
{"mapping": [3, 1, 10, 11, 5, 12, 0, 13, 2, 9, 7, 8, 6, 14], "R": [[0.8699659269483659, -0.16959663454796323, -0.4630294456067294], [-0.43844419155256986, -0.6957593952371263, -0.568933699857094], [-0.2256678462756357, 0.6979655045124171, -0.6796456265349194]], "T": [0.05420041179552627, 0.0514539188204804, 0.17194891762191855], "aligned_model": [[0.46512723167846576, 0.11495414177860144, 0.49318226573163326, 0.5410298224514739, 0.7274538703658279, -0.44479657962771274, -0.22856306246451524, 0.265488948367089, 0.06634243738186779, -0.6964672086622811, 0.11897168526065047, -0.22535790149866614, 0.025280816554204867, -0.012770632522945795], [-0.18860774669580924, 0.2157840727569053, 0.5656601273830163, -0.6246427288261723, 0.3062446364841379, -0.3673596836975245, -0.08066205407905527, -0.5084012890940839, -0.6327609419155025, 0.17323043168862576, 0.5780259213620661, 0.49840641028689453, 0.09063374514487837, -0.09339838097061123], [-0.34239667415249075, -0.7149372575310461, -0.25483561299323537, 0.0689918606336129, 0.40534450661119115, 0.6986685359589208, -0.4170924357683258, 0.7168121264323615, -0.16892095159882292, 0.33476470425442356, 0.35784986310374256, -0.14257289168675058, 0.7180625351955866, 0.0950521268976936]], "inverted": false, "swapped": true, "error_lsq": 0.04195933577598645, "error_max": 0.28203690593739045, "target": "1007.xyz", "model": "12.xyz", "model_rescale": 4.124412569039231, "target_rescale": 3.9824305573230916},
{"mapping": [6, 7, 10, 12, 5, 13, 9, 2, 8, 4, 3, 1, 14], "R": [[0.8392207523317328, -0.5416686296807431, -0.04799608812753881], [-0.5410475225606868, -0.840582811694773, 0.026231946444228167], [-0.0545537091929004, 0.003953770743958387, -0.9985030097652188]], "T": [0.1085421523774574, 0.10833686094283174, 0.05138434051622402], "aligned_model": [[-0.20653031895738677, 0.08287103936301096, 0.726008079233778, -0.6095801447950662, 0.5612936990579526, -0.02478286594017845, -0.6078255253866129, 0.27631346761576214, 0.05695132409946235, -0.3372532929812691, 0.7218306393684542, 0.6401164898456819, 0.08788571698616922], [-0.11366002651967058, 0.42162893557233155, 0.5798893732165693, -0.3140103365271102, -0.027702694401311956, -0.6782987050099119, 0.3835167274651632, -0.28360525155073796, 0.7159516780237809, -0.058571481041608, 0.0228794417645911, 0.6481605912887642, 0.05130712422762766], [0.44133075330014143, 0.5174547463444947, 0.24014923640957742, -0.03670424295277254, 0.642291530017478, 0.18697763570309428, -0.07484468618737648, -0.5832209213727336, -0.019227055108015367, -0.5289399738089833, -0.2766645941856226, -0.44185147202956093, -0.1150528751618818]], "inverted": false, "swapped": true, "error_lsq": 0.049745311217455505, "error_max": 0.31585848248562204, "target": "1007.xyz", "model": "13.xyz", "model_rescale": 3.9028299243045295, "target_rescale": 3.9824305573230916},
{"mapping": [1, 11, 6, 9, 3, 10, 5, 13, 12, 8, 14, 7, 0, 4, 15], "R": [[0.7160677580135192, -0.08454780204057157, -0.6928915031255621], [0.2546397090147164, 0.9558716005854376, 0.14651997060856387], [0.6499273686546775, -0.2813559175925436, 0.7059980616894531]], "T": [-0.04628416837971511, 0.05572864199279566, 0.17273685512412096], "aligned_model": [[-0.1093964753071757, 0.08447846004299761, 0.30397925899266764, 0.6415306944750632, 0.13950491489092307, 0.4323704448731508, -0.28912787072595714, -0.17458286073980878, -0.4817918593262891, -0.7889380640764687, 0.37831303193470783, 0.8266519175545324, -0.40850842376024027, 0.10410243221068124, 0.06477027636698587], [-0.3077031032087746, -0.6500529239214039, 0.06844778430191849, -0.2566660785182477, 0.5794340445642822, 0.06509652323872465, 0.12168656601752137, -0.34959693298035915, -0.46597808965038195, 0.2051131926388069, -0.6201182552589399, 0.2845620914985148, 0.8008555829300198, 0.6053732093340553, 0.03632003849946283], [0.7076508286159723, 0.3477517246684261, 0.7398012404574876, 0.3464196392351327, 0.4554107186011752, -0.398362616125578, -0.27310877078721507, -0.49949969223596236, 0.02308584027469529, 0.022215737694211257, -0.2093610927155769, 0.09370649324793945, 0.20094749049958793, -0.19419364761149632, 0.18890916242675726]], "inverted": true, "swapped": false, "error_lsq": 0.05476538856234593, "error_max": 0.46182186272862075, "target": "1007.xyz", "model": "14.xyz", "model_rescale": 3.942246331269136, "target_rescale": 3.9824305573230916},
{"mapping": [5, 2, 1, 0, 3, 8, 11, 6, 9, 10, 7, 12, 4, 13, 14], "R": [[0.9404536171932751, 0.33855052808390623, 0.030504652795813013], [-0.2390425210493367, 0.7224865055708649, -0.6487464238039222], [-0.24167264437346292, 0.6028240117995542, 0.7603930192732105]], "T": [-0.015070884132729695, 0.054402878767422815, 0.09395369717486804], "aligned_model": [[-0.058714918027269095, 0.20433366916549542, 0.4601363846525235, 0.5822014372594763, -0.023732928112225177, 0.44098255124186636, -0.16104274036999353, -0.16370091454992206, -0.5361363924666142, -0.7165832724078657, 0.11918715392600643, 0.5935057179295805, -0.3309592034049388, 0.24525528652173742, 0.0686240460479121], [-0.20167606356778708, -0.6017909837198162, 0.11946521280856207, -0.3730683861164345, 0.44265830058501415, -0.12456835584913661, 0.3405297559022768, -0.21843198612197787, -0.5593092986156445, 0.1372162087206009, -0.7393203289035072, 0.5500968099764961, 0.5467597344755916, 0.7803494416428586, 0.017863588268102353], [0.6730032043735245, 0.41631866962933817, 0.7470895024737338, 0.12933129836005255, 0.6987103647065193, -0.505066742835859, -0.5470881517119687, -0.3710835485349654, 0.09072794317822166, -0.006160425314133786, -0.19407018542903706, 0.32198506376186964, 0.13220645272462045, -0.16326550744842291, 0.12873511831206252]], "inverted": true, "swapped": false, "error_lsq": 0.04471552320506222, "error_max": 0.2929589007296316, "target": "1007.xyz", "model": "15.xyz", "model_rescale": 4.355366556412066, "target_rescale": 3.9824305573230916},
{"mapping": [7, 8, 10, 13, 5, 6, 11, 12, 1, 9, 2, 14], "R": [[-0.2792249478941655, -0.5523621229153816, 0.785448606620391], [0.2899046120656786, 0.7313186737109663, 0.6173559049565185], [-0.9154172515178798, 0.40008634399345144, -0.04407009159741648]], "T": [-0.014006431453313189, -0.029023956827443537, -0.020242707878549225], "aligned_model": [[-0.17489978905964984, 0.4254824317513061, 0.15708831916556829, -0.6224888928389176, -0.5439470965996895, -0.4644885970092246, -0.21602209512725543, -0.23418594908898782, 0.7241495477556059, 0.2388925381849268, 0.23070537845441094, 0.07752275904368756], [-0.554322019969018, -0.43415769421263073, -0.616699472638971, 0.504185257028485, -0.3807647451343692, -0.049253352060656966, 0.5590144158027122, 0.47648774727387466, -0.22337743096628324, -0.026734620963729572, 0.635825154121681, 0.12257318945988639], [0.09895387594773125, 0.11961272691806213, -0.5346571351724918, -0.00040223721668857307, -0.43024678043091114, 0.29163559396960015, -0.5842553421051307, 0.6104832900594888, -0.5046134133566634, 0.7152008630118988, -0.30761261225566033, -0.024840368159813685]], "inverted": false, "swapped": true, "error_lsq": 0.052622005740068124, "error_max": 0.30345496441343905, "target": "1007.xyz", "model": "16.xyz", "model_rescale": 3.795458400668931, "target_rescale": 3.9824305573230916},
{"mapping": [10, 1, 3, 7, 11, 0, 8, 5, 6, 4, 2, 13, 14], "R": [[-0.9971750779965278, -0.01318459432550578, 0.07394613103530596], [-0.06821747275136204, -0.25305697535752913, -0.9650432858863461], [0.03143628849015061, -0.9673615320527124, 0.2514426894355715]], "T": [-0.19828171147194146, -0.014707485789510005, 0.056728100850854515], "aligned_model": [[0.0593526442254238, -0.06323065698410149, 0.35357127057790344, -0.38369649879458456, 0.5300252389379707, -0.30168705861919054, -0.5783786896069593, 0.2656599853155182, -0.3305564225848705, -0.48882963037412125, 0.14571214638668867, 0.12791553335836198, -0.1872260609338167], [-0.38077657776436435, 0.27377473552486276, 0.2441002062536898, -0.5321165771064098, 0.33715046811432225, 0.4981217581216587, -0.07626018785478926, -0.6123086571968598, -0.3019805799836063, 0.639743813697994, 0.6652772987144221, 0.047533565989515386, 0.1615219989600504], [-0.6057491344160987, -0.7893225616654799, -0.2889866761970666, -0.06134705370210235, 0.2813937944526483, -0.35642202857604827, -0.42137324904456097, 0.07384453034476525, 0.5045997959056676, 0.2817696235624015, 0.11819834388390964, 0.7947511525026204, 0.07091849378563937]], "inverted": true, "swapped": true, "error_lsq": 0.04795425794209545, "error_max": 0.3028757492366787, "target": "1007.xyz", "model": "17.xyz", "model_rescale": 3.7474275329858107, "target_rescale": 3.9824305573230916},
{"mapping": [5, 6, 13, 7, 3, 0, 11, 12, 10, 2, 8, 9, 4, 14], "R": [[0.7622832363275145, 0.6210498426456107, -0.18226727781999913], [-0.61928601669468, 0.7817108057835647, 0.07357340312671906], [0.1881730510473993, 0.056791804611865566, 0.9804925261257429]], "T": [-0.024137372068592577, -0.07535932667479212, -0.06253489262533643], "aligned_model": [[0.3293479832503112, 0.14175987069977214, 0.6924800936380613, -0.2598252124363108, 0.20065071431732567, -0.3451657152056789, 0.6968423700146601, 0.13586667502170754, -0.24738647020664378, 0.30569041496633453, -0.6210312941729076, -0.5241915119242911, -0.08939424435675256, -0.0007960257227103903], [-0.48204290177084314, 0.279706235075391, 0.2976969772099976, -0.16839439816543242, -0.6165879106065559, -0.2086358141628004, -0.27174097157191324, 0.7428867733213951, -0.817750506678901, -0.08550503855937347, -0.21843314108512765, 0.519343121563018, 0.42132533696858276, -0.03145952002620411], [-0.5938715124495744, -0.44596420394622593, -0.10991651149613182, -0.5643598328520234, 0.32163144957749457, 0.5062864408882076, 0.3199989864957422, 0.019370004666493926, -0.2581705351204876, 0.6271029598812259, -0.07206789192945601, -0.029139816042017402, 0.4964053269368601, 0.10748985405154718]], "inverted": false, "swapped": true, "error_lsq": 0.04429561425932409, "error_max": 0.23196352296361633, "target": "1007.xyz", "model": "18.xyz", "model_rescale": 3.922800546911778, "target_rescale": 3.9824305573230916},
{"mapping": [3, 0, 9, 2, 7, 6, 13, 8, 5, 12, 1, 10, 7, 11, 14], "R": [[-0.6434325978710205, 0.41997047652074715, 0.6400150707974666], [-0.6778952758974005, 0.07578174487332784, -0.7312421774350416], [-0.3556015845197217, -0.9043682468966335, 0.2359355570747505]], "T": [0.05769395940189674, -0.044459794276196334, -0.03321389685904269], "aligned_model": [[-0.17554171626884113, -0.033201445081831885, 0.4652657738904062, 0.6029728129341775, -0.2308797122966723, 0.48528614090426964, -0.2805560551219748, -0.19162559630838516, -0.4454911565461807, -0.7015259573115934, 0.4016665504981718, 0.7986819709362679, -0.2308797122966723, 0.2250946770315993, 0.03408930244302878], [-0.10211317436782086, -0.6499051397086718, 0.27552969926334275, -0.181815891662361, 0.5167227633182829, -0.19465852598547118, 0.48248676991447664, -0.2059095816517736, -0.6176644924227935, 0.031276046758534855, -0.6914494677642073, 0.2720985081566692, 0.5167227633182829, 0.6472653944623209, 0.018187977856388045], [0.559598426683181, 0.5356591951524952, 0.5946675616773891, 0.41055770789857365, 0.4566946579884724, -0.5531879723898123, -0.3155753548918819, -0.5681572390163476, -0.005378069285514896, 0.15773961846559365, -0.13842911871518443, -0.06965913230164626, 0.4566946579884724, -0.006068441060181659, 0.03621655805194772]], "inverted": true, "swapped": false, "error_lsq": 0.05358147976015214, "error_max": 0.43581833249847274, "target": "1007.xyz", "model": "19.xyz", "model_rescale": 3.9282355846067225, "target_rescale": 3.9824305573230916},
{"mapping": [7, 6, 12, 5, 10, 13, 11, 2, 1, 0, 9, 8, 4, 14], "R": [[0.014040324041332208, -0.7778049851201093, -0.6283488477136894], [-0.6562991490615507, 0.4669324471675402, -0.5926596972320769], [0.7543701321247411, 0.42070594826367647, -0.5039168670065153]], "T": [-0.11062030208607876, -0.15281102031785596, 0.0034117993722734587], "aligned_model": [[-0.5866436698637185, -0.0680213589824539, 0.5429464867372902, -0.6031611738215694, -0.811322146278197, 0.3619596885224652, 0.2687375618861107, 0.4541956894060708, -0.3892518545155259, 0.06022239390870285, 0.12666291314431988, -0.42532312334359607, 0.5628744393258112, 0.03864697295896655], [-0.4494780412724151, -0.6542695358581853, -0.6764601183692236, -0.1809459300289413, 0.2320411672849325, -0.3831723221474169, 0.32324935841319635, 0.3559350264800659, 0.5983346387253505, 0.2970650126530643, -0.6141572605015208, -0.11618778698376936, -0.1419864329513069, -0.06708568801899413], [0.04113427630005084, -0.2141569766910073, 0.0252855759490368, -0.5704121690794425, 0.016212105030718755, -0.6118592294651355, -0.5746572574602626, -0.07813590324461236, 0.4222281789091586, 0.46471848354040135, 0.5828051875854928, 0.5292104507241422, 0.3345551899487391, 0.04525524519640217]], "inverted": true, "swapped": true, "error_lsq": 0.05407310706443398, "error_max": 0.3784877745922307, "target": "1007.xyz", "model": "20.xyz", "model_rescale": 4.067790424073018, "target_rescale": 3.9824305573230916},
{"mapping": [0, 3, 8, 2, 7, 6, 13, 11, 12, 9, 3, 4, 1, 5, 14], "R": [[-0.8459547386720784, -0.3877525716845228, -0.3660717460693943], [-0.4511455310643794, 0.8864119666211956, 0.10364137798863873], [0.2843031655098043, 0.25282754712013444, -0.9247972434530293]], "T": [0.05223456020806748, 0.07090801425326806, 0.06831011797700588], "aligned_model": [[0.12430135380966027, 0.15569208252851163, 0.21223272911166446, 0.6294152175548662, -0.26335308031734855, 0.5984750235785326, -0.1639987522395105, -0.16511069897641262, -0.5150887986875319, -0.6972953086773956, 0.15569208252851163, 0.8055231809484897, -0.4069273827605823, 0.2742707013946322, -0.020472472390316965], [-0.22469656959198983, -0.7714419197960972, 0.4687415514127622, -0.3231204813121641, 0.3295737447503463, -0.14951092509861819, 0.3953168595864036, -0.2865831689956072, -0.4431179340119863, 0.1590248816522848, -0.7714419197960972, 0.32300606427865874, 0.7403185083915352, 0.5980810599416656, 0.07262389807410234], [0.7100907166169277, 0.009249586882503325, 0.44420499607953473, 0.32389956417166366, 0.692938357990856, -0.3795668182981064, -0.5131755316608573, -0.42463343476356746, 0.09889439268000563, 0.25402574143721723, 0.009249586882503325, 0.17543304630081008, 0.18816420320414484, -0.0774796373711825, 0.04007828609310377]], "inverted": false, "swapped": false, "error_lsq": 0.05419563050129062, "error_max": 0.4733865360591945, "target": "1007.xyz", "model": "21.xyz", "model_rescale": 4.186013935880536, "target_rescale": 3.9824305573230916},
{"mapping": [13, 11, 2, 9, 7, 4, 6, 5, 0, 3, 10, 8, 14], "R": [[0.6676857244577155, -0.2273445697249481, -0.7088795525136511], [-0.46668652690808665, 0.6140596405859458, -0.6365017230188202], [0.5799995335841603, 0.7558076504111594, 0.3039002083285222]], "T": [-0.002995323350828672, -0.1111671958804431, 0.0777970783976457], "aligned_model": [[-0.1467206100777316, -0.264893403439215, 0.2281511417719451, 0.6475759602702318, -0.23794224481528745, 0.6744665757004729, -0.08028678164078437, -0.7497233325172461, 0.40204125920191264, -0.2392070246914477, -0.4835935662939243, 0.19604898334274926, 0.11265707861155032], [-0.5141601013389316, 0.18753556346066308, 0.3163524037095913, -0.44723024392987576, -0.35034760064276194, -0.08221163274384874, -0.6506841017301918, -0.2272542414008913, 0.41566039346466244, 0.5079637279943866, 0.3241548173301265, 0.07024332830840832, -0.031065652935243687], [-0.609150063627285, -0.661726933944333, -0.5123622016340151, 0.33982571906550113, 0.5290456034147281, -0.2440339863255241, 0.01813952349589007, 0.11758537357067576, 0.13049989211220936, -0.15006861357681145, 0.5455344002740842, 0.6294445513159277, -0.029853702805701723]], "inverted": true, "swapped": true, "error_lsq": 0.05307553494475613, "error_max": 0.291156968517423, "target": "1007.xyz", "model": "22.xyz", "model_rescale": 4.166573947596378, "target_rescale": 3.9824305573230916},
{"mapping": [3, 11, 2, 12, 4, 13, 7, 10, 9, 8, 14, 6, 0, 5, 15], "R": [[-0.4732187134158481, -0.8208196540205402, 0.31987363887424464], [0.7669324769269693, -0.20519997563403913, 0.6080358096645738], [-0.43344968001800793, 0.5330554057257003, 0.7266177188308142]], "T": [0.050107121265140955, -0.03302340957671721, 0.16543667694918046], "aligned_model": [[-0.18113096988689803, 0.2344232924918569, 0.307756116251876, 0.577081753351713, -0.3492963974629395, 0.3196055512285651, -0.21064624154481387, -0.14935346550553424, -0.27329397017429563, -0.753222300152464, 0.27429976521573607, 0.7498090233477196, -0.2571678728812732, 0.3564550633360765, 0.07803652979044512], [-0.16824692904669786, -0.6217762262961204, 0.21733119655386915, -0.42186048854225977, 0.3942799987631487, 0.026647759760359067, 0.36033210937479093, -0.1409363453105076, -0.5387308965062729, 0.05376917251587377, -0.5754542081451384, 0.2383148911265152, 0.7206819576039597, 0.5424772974710723, 0.02994436016260684], [0.7036468561529721, 0.6568540120684216, 0.7344259613479434, 0.187455268820221, 0.6101187429394288, -0.6349526574955884, -0.37184236334915993, -0.5483640695694063, 0.17642931090418418, 0.20019338277328053, -0.3651142163524073, 0.2915334919778238, 0.1001215922184942, -0.3503266949353911, 0.1611944387447395]], "inverted": true, "swapped": false, "error_lsq": 0.04225811115392673, "error_max": 0.28190397708157144, "target": "1007.xyz", "model": "23.xyz", "model_rescale": 4.274766983524099, "target_rescale": 3.9824305573230916},
{"mapping": [5, 3, 1, 8, 0, 9, 6, 4, 13, 2, 14], "R": [[-0.7457734767568005, -0.5861326274445322, 0.3166551190349585], [-0.5537481351997968, 0.28112926792128917, -0.7837916416247293], [0.3703848324767391, -0.7598781992944723, -0.5342286009829207]], "T": [-0.025562810815641993, -0.06506445594182708, -0.04829341563575195], "aligned_model": [[0.4081469724717825, 0.15904288831500224, -0.4788549274465369, -0.611459864218071, -0.4177064965491247, -0.5413309186261445, 0.18161526997122635, -0.180065806292356, 0.6804765514441392, 0.2069330487305296, -0.026902013842372462], [-0.27789984647134347, 0.5609242001714119, 0.6213138842418628, -0.0634457701230065, 0.4559751594369037, -0.3891274096668853, -0.5555164980849112, 0.15613266684011745, -0.2190606244628013, 0.5654164193980712, 0.0608743499640641], [-0.630752813931468, -0.3034419617679127, -0.42335812205858636, -0.2315019617281741, 0.08998376115042156, 0.43524235021351654, 0.08264749576430996, 0.652112852743761, 0.31605561325205295, 0.31630117196037233, 0.07627804842328426]], "inverted": true, "swapped": true, "error_lsq": 0.05329495697057516, "error_max": 0.261145482823719, "target": "1007.xyz", "model": "24.xyz", "model_rescale": 3.7841303162186577, "target_rescale": 3.9824305573230916},
{"mapping": [2, 5, 9, 12, 8, 11, 7, 6, 4, 1, 3, 14, 0, 10, 15], "R": [[-0.22730396445110843, 0.6993998395402758, 0.6776228834653131], [-0.07473583254111493, 0.6812564928854803, -0.7282198474607524], [-0.9709518335526204, -0.2161699686645016, -0.10258207235376335]], "T": [0.06408319270438353, 0.08665749306439101, 0.07821282105972971], "aligned_model": [[-0.02965873347147449, 0.16843803992410392, 0.39253426092154786, 0.6063943722568296, -0.3069187148064242, 0.35497922649856894, -0.11132875759384064, -0.2671615711333395, -0.3932754146314087, -0.6623797765958374, 0.16685348392783242, 0.8197511211681456, -0.465476452433758, 0.40759036452427355, 0.043014428850550776], [-0.20558136027114565, -0.7017301153924457, 0.24277411566146417, -0.3152216489802113, 0.2659944497917151, 0.03810151585297504, 0.45605115481071423, -0.2878256347301012, -0.4939506296886374, 0.12677865521842052, -0.6560410811905512, 0.25196809058035025, 0.5865125419929884, 0.7670393836789717, 0.041904212150691664], [0.7671264091135525, 0.44820442925799847, 0.5363483953846343, 0.42399258644524845, 0.5020684854243656, -0.6306238200378805, -0.42734086595528487, -0.4433863983322991, 0.18029932823586875, 0.2320901760737793, -0.2164717266767855, 0.25410298721680735, -0.026865538526571198, -0.07779490666305824, 0.029623515285181735]], "inverted": false, "swapped": false, "error_lsq": 0.0345936827486741, "error_max": 0.23029594527545139, "target": "1007.xyz", "model": "25.xyz", "model_rescale": 4.19342608120988, "target_rescale": 3.9824305573230916},
{"mapping": [7, 8, 10, 13, 5, 6, 11, 12, 1, 9, 2, 14], "R": [[-0.2792249478941655, -0.5523621229153816, 0.785448606620391], [0.2899046120656786, 0.7313186737109663, 0.6173559049565185], [-0.9154172515178798, 0.40008634399345144, -0.04407009159741648]], "T": [-0.014006431453313189, -0.029023956827443537, -0.020242707878549225], "aligned_model": [[-0.17489978905964984, 0.4254824317513061, 0.15708831916556829, -0.6224888928389176, -0.5439470965996895, -0.4644885970092246, -0.21602209512725543, -0.23418594908898782, 0.7241495477556059, 0.2388925381849268, 0.23070537845441094, 0.07752275904368756], [-0.554322019969018, -0.43415769421263073, -0.616699472638971, 0.504185257028485, -0.3807647451343692, -0.049253352060656966, 0.5590144158027122, 0.47648774727387466, -0.22337743096628324, -0.026734620963729572, 0.635825154121681, 0.12257318945988639], [0.09895387594773125, 0.11961272691806213, -0.5346571351724918, -0.00040223721668857307, -0.43024678043091114, 0.29163559396960015, -0.5842553421051307, 0.6104832900594888, -0.5046134133566634, 0.7152008630118988, -0.30761261225566033, -0.024840368159813685]], "inverted": false, "swapped": true, "error_lsq": 0.052622005740068124, "error_max": 0.30345496441343905, "target": "1007.xyz", "model": "26.xyz", "model_rescale": 3.795458400668931, "target_rescale": 3.9824305573230916},
