[{"mapping": [7, 11, 10, 1, 9, 4, 8, 2, 6, 5, 12, 0, 3, 13], "R": [[-0.3296593260649038, -0.0679838619787414, -0.9416490446280339], [0.5694839541195913, -0.8098362501509225, -0.1409016463417216], [-0.7530024931822927, -0.5827035631021555, 0.30568579098365617]], "T": [0.08792187152921092, 0.07377899254420126, -0.015095803076196991], "aligned_model": [[-0.49087511202665957, 0.038702348181645946, -0.5904570471890122, 0.340822997569295, -0.6350597388291683, -0.233131665920978, 0.008665973486195813, -0.057745067800234626, 0.42942030641871565, 0.7359056173215364, -0.1836788120902954, -0.18892507305183492, 0.4262239902669767, -0.03260968564493934], [-0.4122844966599164, -0.30578811517878624, -0.015023122410222689, 0.586041972594061, 0.17642201066818908, -0.6377323182868785, -0.6939435834536324, 0.09634326202202258, -0.4803630913763851, -0.1265335998147821, 0.47127225885381396, 0.6845569803760824, 0.09248512760743618, -0.028214961273585804], [-0.003658199970087629, -0.5986779224900163, -0.754923588212671, -0.09677672582481808, 0.04410870416970402, 0.5363391498069505, -0.13716005071384738, 0.7395764714503206, 0.38596735153143047, -0.3503467403947497, -0.33657983047030865, 0.36663506211131236, 0.3829017632056422, -0.05521112889051496]], "inverted": false, "swapped": false, "error_lsq": 0.05133584444709933, "error_max": 0.3207178893654735, "target": "1008.xyz", "model": "0.xyz", "model_rescale": 3.8414455957264533, "target_rescale": 3.9993849040097316},
{"mapping": [0, 1, 11, 10, 13, 7, 4, 9, 2, 5, 12, 8, 6, 14], "R": [[0.485995380302075, -0.7602798554932363, -0.43102555800813624], [0.7550635533586608, 0.6136151044719038, -0.23098816842714553], [0.44009944411966073, -0.2131925066579926, 0.8722737152926525]], "T": [-0.004264789047321266, -0.08796500986533101, 0.028445324355688757], "aligned_model": [[-0.5189532029926984, -0.0906214030985893, -0.5658350781994048, 0.3942336499142552, -0.7050873882998274, -0.2377888215524708, 0.12265900643537934, -0.2130537012482236, 0.5055297755190564, 0.643996310323635, -0.21211830743498103, -0.15764880635795478, 0.592923787778325, 0.009023209904742504], [-0.5769729392906071, -0.3142949039587333, 0.1507879406016316, 0.3946541300636813, 0.15785225833547, -0.526946500788166, -0.6091195066683197, -0.011466204160923837, -0.4671136002186795, -0.09318872675962535, 0.546010495736909, 0.6493127226363751, 0.18798874406717864, -0.08026558592877456], [-0.11813042744781793, -0.8021058212205552, -0.5664506674907339, -0.2484284019705143, 0.18098566548086903, 0.435528582430521, -0.061585645040846605, 0.6734761785488852, 0.40389249239678165, -0.09010021460154408, -0.34190790846039965, 0.26760486502125563, 0.4494471096050599, -0.0600314919426139]], "inverted": false, "swapped": false, "error_lsq": 0.03915024582067161, "error_max": 0.2719548550729541, "target": "1008.xyz", "model": "1.xyz", "model_rescale": 4.316132596720782, "target_rescale": 3.9993849040097316},
{"mapping": [4, 0, 2, 12, 11, 7, 3, 8, 1, 5, 6, 13], "R": [[-0.18606888611825043, -0.7675135075487206, -0.6134340920987144], [0.9683617001109083, -0.24892110955952446, 0.017717194302903305], [-0.16629488079019497, -0.5907294617216206, 0.7895471586150251]], "T": [-0.08334635777959426, 0.04546653719048859, -0.15671876663197795], "aligned_model": [[-0.14637886792832955, 0.4565982230498428, 0.2791414793489502, -0.5847696860428098, -0.6107598004344406, -0.5106223515582546, -0.22921435197448353, -0.10170127345200008, 0.5663161854500214, 0.13921421662332584, 0.39241769635875506, -0.052432914808796714], [-0.6480408815091309, -0.40178334370338836, -0.537272619317392, 0.38523987771657037, -0.22525041245349603, -0.10519906465615628, 0.2944692213945858, 0.7167626582555078, 0.07290129110714666, 0.0764699042490774, 0.27678700383874805, 0.10769279281890826], [0.06085998880875579, -0.07054264373675306, -0.6163078192307299, 0.022177989919325597, -0.27341790326768844, 0.34578733554521257, -0.6958322844008781, 0.4100390599362106, -0.483677665045649, 0.7362640685020009, 0.13959762942615614, -0.125689295246542]], "inverted": false, "swapped": true, "error_lsq": 0.04585068212568528, "error_max": 0.31566999683363645, "target": "1008.xyz", "model": "2.xyz", "model_rescale": 3.795458400668931, "target_rescale": 3.9993849040097316},
{"mapping": [5, 7, 4, 3, 6, 1, 11, 8, 12, 9, 0, 13], "R": [[0.9642639417494325, -0.2627645148880041, -0.03390959093706446], [-0.15582865156407255, -0.45896551513678846, -0.8746817062605948], [0.21427198135446934, 0.8487081156857724, -0.4835101367867438]], "T": [-0.01134721638999444, 0.03634937814705027, 0.19547969128549111], "aligned_model": [[0.0007059065234807926, -0.19622486387595556, -0.7135134824912657, 0.24821617242991237, 0.23067261478047998, 0.054451551017142406, -0.3006610596917242, 0.6401129547671057, 0.3006408003575327, 0.7152277367934435, -0.43745525364413745, 0.05113074877755041], [-0.1124439568096576, -0.545723124531858, -0.07096832818065987, 0.10165995095263133, 0.34433076976884897, 0.7598692070303121, -0.38767316484641073, -0.23856038313689662, -0.51199163282104, 0.17667722598699873, 0.5213273779641346, 0.04926510391330631], [-0.7131610669858618, -0.095706053986896, 0.02901168653936434, 0.7452838107467558, -0.2673786712924392, 0.2391350056281671, 0.5141859477606998, -0.3262617078859219, 0.2248214645759186, 0.27611057041807036, -0.09127318274502075, 0.15400362786626468]], "inverted": false, "swapped": true, "error_lsq": 0.04655774525431385, "error_max": 0.2854156353146057, "target": "1008.xyz", "model": "3.xyz", "model_rescale": 3.7530521520055578, "target_rescale": 3.9993849040097316},
{"mapping": [11, 2, 4, 0, 7, 1, 12, 3, 9, 6, 13], "R": [[-0.5209336637966866, -0.7293398700515533, 0.4434991227460819], [0.1373492737360609, -0.5844145458954444, -0.7997467196244061], [0.8424745069896997, -0.3557007063515689, 0.40461551202772456]], "T": [-0.07098059813790891, -0.08727938688044443, 0.06761532486011008], "aligned_model": [[-0.28981408758419236, -0.1467149633448886, 0.3120399169280817, 0.35238315251297014, 0.24812594854605208, -0.11341181283940127, -0.2156806168388536, -0.6732897532406925, -0.37990634336294204, 0.29623981971221963, -0.05177165804314811], [-0.6046015653564931, 0.23189517959532466, -0.39540615910517707, 0.2611599561758946, -0.6727510871255913, 0.6145373091084787, -0.5108533626630222, 0.011883214538399134, 0.266586174450834, 0.31693383667463504, -0.05218013797893654], [-0.15500759031858263, -0.6904060177839908, -0.4714758819158393, -0.37775203960343456, 0.1823810917078969, -0.12045148321635053, 0.5131737589527394, 0.10385968540988795, 0.6450652833703319, 0.33110125368856946, 0.13234271695408883]], "inverted": false, "swapped": true, "error_lsq": 0.0439978710467908, "error_max": 0.24597140572683834, "target": "1008.xyz", "model": "4.xyz", "model_rescale": 3.7855080009869324, "target_rescale": 3.9993849040097316},
{"mapping": [3, 14, 9, 8, 5, 1, 12, 4, 11, 13, 10, 7, 6, 16], "R": [[0.03617180308724329, 0.16884528951926014, 0.9849786134066948], [-0.042901209089249694, 0.9849773448281725, -0.16726959207795128], [-0.9984243020480311, -0.03620633069507269, 0.042872073631921026]], "T": [-0.04619564600430341, -0.06930656141658197, -0.04062208028532293], "aligned_model": [[-0.7120269187972561, 0.012142336348043396, -0.43453654771077665, 0.37121685955172173, -0.710781163644487, -0.16395264315497304, 0.28497973573710356, -0.17084094203467254, 0.539331448017826, 0.6639303178994698, -0.3049184569039856, -0.12223608484012692, 0.37158395273305767, -0.056632862509700725], [-0.099321309584926, -0.4718807174756735, -0.0693511082162413, 0.45327987376511514, 0.2940930661213033, -0.6335347408737635, -0.6628674345515607, 0.006788024482512103, -0.4346546396544476, -0.12528812112597654, 0.543861219806615, 0.5608191922310957, 0.14276583888229727, -0.09747082013893346], [-0.236030464093561, -0.5812033666995278, -0.6373677223527185, -0.2596656648367708, 0.24463227124600578, 0.45017705390081403, -0.07338821252316696, 0.68441167619757, 0.35449186808177635, -0.1727387682457731, -0.33735774255777984, 0.35753474576128674, 0.4138694729665322, -0.08517083153634081]], "inverted": false, "swapped": false, "error_lsq": 0.04540000950679945, "error_max": 0.30500114467900113, "target": "1008.xyz", "model": "5.xyz", "model_rescale": 4.2253639853439635, "target_rescale": 3.9993849040097316},
{"mapping": [3, 6, 7, 11, 0, 4, 2, 1, 10, 5, 12, 9, 8, 13], "R": [[-0.7497773624081537, 0.48850640192037886, 0.4463131211415119], [0.5876857227676344, 0.8015900516755042, 0.10990395948256827], [-0.30407137003564744, 0.3446953500377808, -0.8881023125670694]], "T": [-0.006547687983251178, -0.02997255525003531, 0.06042854188034351], "aligned_model": [[-0.45858842900331526, -0.0012291257341372555, -0.5847706666367368, 0.3995638790449297, -0.7595190214918058, -0.3102814749246656, 0.1935917387237007, -0.12539127990399662, 0.5249678889302215, 0.5717904385477283, -0.23948341168422893, -0.12678130518958153, 0.5248459518385458, -0.04145615182541405], [-0.44978564419711453, -0.1952932917760609, 0.08512119564914036, 0.36017808668199536, 0.18137779443796617, -0.5937550715420662, -0.6538838111016664, -0.10587588567700851, -0.4276901171586639, -0.20447526454278478, 0.6561541315501267, 0.48718058081135407, 0.33808007500787984, -0.0700944544756815], [-0.2894651727032214, -0.5611490760349126, -0.47042250265848096, -0.47660931576018484, 0.23770755904737384, 0.36176950026499344, -0.08396871133551938, 0.7807206125348356, 0.4700923147928794, -0.12882018942534312, -0.5280567024151833, 0.36158122515036667, 0.41823147159985263, 0.03058330225089049]], "inverted": false, "swapped": false, "error_lsq": 0.04298068843458018, "error_max": 0.27964869048103563, "target": "1008.xyz", "model": "6.xyz", "model_rescale": 3.89814844738969, "target_rescale": 3.9993849040097316},
{"mapping": [12, 8, 9, 7, 3, 6, 5, 11, 4, 0, 1, 2, 13], "R": [[0.649798002326451, 0.6309788933910327, -0.4238256625873206], [0.17366056999828886, -0.6660775416167587, -0.725384529047625], [-0.7400030828317022, 0.39775161174884366, -0.5423920102202596]], "T": [0.02105564143065229, 0.0368212736888633, 0.020806660075965096], "aligned_model": [[0.2061526180336657, -0.12282855870042365, 0.43438991202100563, -0.31121337435038543, 0.6267202245726153, -0.27731678080191746, -0.7695283335680076, 0.17248672701460355, -0.4568544679471955, -0.44342711885721253, 0.07614912582788032, -9.461627597091848e-05, 0.013996443935565487], [-0.35456470170572635, 0.1174660847898348, 0.417363775624573, -0.5109020406454581, 0.0942214487774208, 0.4889805994540607, 0.06653881171617311, -0.5130912187774302, -0.28939460665432465, 0.3741138632028656, 0.7138960848982461, 0.28024782941821447, 0.07890533537203685], [-0.4390101013412744, -0.8423176475748552, -0.4675032733870462, -0.19684846449314106, 0.0824412781060852, -0.25157146284883714, -0.4503691121156442, 0.22014599828464723, 0.46516156182969937, 0.4324963550383496, 0.2820548467733507, 0.8097937527631354, -0.042198700198173275]], "inverted": false, "swapped": true, "error_lsq": 0.0500460015311136, "error_max": 0.3057360152191895, "target": "1008.xyz", "model": "7.xyz", "model_rescale": 3.7474275329858107, "target_rescale": 3.9993849040097316},
{"mapping": [0, 10, 6, 9, 3, 1, 12, 2, 13, 11, 5, 8, 4, 14], "R": [[0.521215045109731, 0.39399337881631846, 0.7570363889537688], [0.06767658354935027, -0.9033443481036934, 0.423543231309628], [0.8507377720486782, -0.1695234679860408, -0.49750079096584043]], "T": [-0.0023578723901397335, -0.09394439928832041, -0.02931415661045631], "aligned_model": [[-0.5856324024039521, -0.06495410253885686, -0.5941779635229635, 0.4235828600496469, -0.6207697612029895, -0.37043988318878585, 0.3309711676583245, -0.29564965535164067, 0.7114637902037693, 0.4958082486242352, -0.22289339847057854, 0.020895007162278868, 0.32781537432375407, 0.011239749349001581], [-0.3758569583738197, -0.4546918318656795, 0.07347640941076222, 0.4692168110305659, 0.25927913389494095, -0.5790654138589585, -0.6120181206343746, 0.007062027609696597, -0.37058582116528005, -0.11499052964474904, 0.5307446657725009, 0.5037109798702442, 0.17691438892719993, -0.10595741730563328], [-0.14985199006532046, -0.6935478214816932, -0.5665825727153171, -0.3152588780676353, 0.053958938474745886, 0.41111183558145836, -0.06298891140356461, 0.7532247418619488, 0.44189703426485605, -0.4006193301003744, -0.3016175127259266, 0.29852371065303934, 0.6263130162906915, 0.027632054741437338]], "inverted": false, "swapped": false, "error_lsq": 0.052176995528582674, "error_max": 0.30192548078821413, "target": "1008.xyz", "model": "8.xyz", "model_rescale": 4.019505241142653, "target_rescale": 3.9993849040097316},
{"mapping": [6, 1, 0, 5, 8, 7, 4, 9, 12, 3, 2, 11, 13], "R": [[0.18484197621660878, -0.20473396019589574, -0.9612062470515079], [0.8048531575966738, -0.5297169242798198, 0.2676030172441859], [-0.563954642267446, -0.8230941535899969, 0.06686685121167274]], "T": [0.006843710876800559, -0.01852476242242107, 0.10494303870879625], "aligned_model": [[-0.18318430467505703, -0.6804459515067204, -0.22494315138237067, 0.4388444206316944, 0.25598120316395595, 0.6793396939768555, 0.34491082521373095, -0.3392091251757885, 0.41133126884791954, -0.3027747472978361, -0.4346379158747805, 0.36216674356828193, -0.007678187748708458], [-0.39016157312591565, 0.023786343861798648, 0.3074850131274972, -0.4161299367722304, -0.8529637974383074, -0.03708890293168102, 0.5376251817980715, -0.6278461550721162, -0.35313060544340164, -0.022644304127385967, 0.6610786912546442, 0.32386837498234444, -0.09050010199925855], [-0.334874462431126, -0.13076631052383886, -0.4772866472518706, -0.6044216587444754, -0.012665744301670195, 0.03295827250017504, -0.22471438604247856, 0.3560989290677436, 0.45608983397563213, 0.6322405194975308, -0.054548568760836844, 0.4536316916732291, 0.08496202538586531]], "inverted": true, "swapped": true, "error_lsq": 0.05060842661712402, "error_max": 0.35602109586995606, "target": "1008.xyz", "model": "9.xyz", "model_rescale": 3.877068213659057, "target_rescale": 3.9993849040097316},
{"mapping": [4, 7, 1, 8, 3, 13, 2, 6, 14, 9, 0, 12, 10, 15], "R": [[0.4168586399632417, -0.8933580092025325, -0.16775083213410552], [-0.5859873927498234, -0.4052018577691463, 0.701733731552572], [-0.6948723982331297, -0.1942238961974579, -0.6924084259449899]], "T": [-0.05678456611058062, -0.015817032948868, 0.054408713182521835], "aligned_model": [[-0.5122522062717708, -0.1283919690689374, -0.4820118103506941, 0.38321342323947727, -0.6497070564797891, -0.10019982598736545, 0.17424272146515618, -0.17635333381559581, 0.48789010256465, 0.5740172361943217, -0.11610160170533582, -0.2806536643699705, 0.45783251895114624, -0.0642655036740485], [-0.4296262271696632, -0.3198299515224422, 0.22866307775400324, 0.14614260544413477, -0.07591013673178079, -0.6349757128708124, -0.6033539121251007, 0.07425082202651404, -0.4032019576066051, -0.17712944735847858, 0.7047598534084012, 0.6393607551164724, 0.19055725758883366, 0.06753129771393931], [-0.2273746420556892, -0.6997365610178443, -0.6613551280598992, -0.5583667601416088, 0.2725671006452486, 0.5152732705644255, -0.14999815057884008, 0.6526525317168095, 0.4578736708802538, -0.053816492134364895, -0.27878263689983557, 0.3351575485921558, 0.4968899980155755, 0.021210565781959623]], "inverted": true, "swapped": false, "error_lsq": 0.042704279797642575, "error_max": 0.3184442520663969, "target": "1008.xyz", "model": "10.xyz", "model_rescale": 4.260839863003843, "target_rescale": 3.9993849040097316},
{"mapping": [10, 1, 6, 0, 5, 4, 11, 3, 9, 8, 12, 13], "R": [[0.5396622742623127, 0.7286478577498491, -0.42170716040231515], [-0.13981084950157693, 0.5715219649474925, 0.80858862837923], [0.8301912768149734, -0.377405541797034, 0.4103017193739402]], "T": [0.035039530042156875, 0.05153745561639848, -0.08642927682556492], "aligned_model": [[0.5521928191550549, 0.06263914187931241, -0.33132510634067136, -0.4042485021099371, -0.8056883913703516, -0.35676199604107534, 0.25572821373853555, 0.636567245744605, 0.35306881272234414, -0.2170823086111544, 0.19686947358069784, 0.016939246746770734], [0.19896774755275873, -0.651956398467151, -0.34565670535922616, -0.29338641127920523, 0.13051782159353423, 0.36193745252621695, 0.5642427025377686, -0.05618980317355423, -0.30327972563921535, 0.07510638804509215, 0.4756580867529014, 0.01711735044301347], [-0.7355045967284659, -0.2709580435342622, 0.18866661876060156, -0.5189249199685231, 0.2807919451087977, -0.6178514799968601, -0.31773238851400976, -0.0644647948639761, 0.485468047338787, 0.7550390249902695, 0.3526698989674174, -0.021021234164270958]], "inverted": false, "swapped": true, "error_lsq": 0.043791547535442, "error_max": 0.273838130446021, "target": "1008.xyz", "model": "11.xyz", "model_rescale": 3.890672605050136, "target_rescale": 3.9993849040097316},
{"mapping": [6, 9, 5, 12, 8, 1, 11, 0, 2, 10, 7, 3, 4, 13], "R": [[0.40013078828971815, 0.8155665525714582, 0.418026973518882], [0.4918483956856568, -0.5759805844087954, 0.6529406726843935], [0.7732919939609453, -0.05565576978903264, -0.6316026657362174]], "T": [-0.10198959648266182, -0.15082241243880473, 0.002751440380261428], "aligned_model": [[-0.5165261572596981, -0.14703918386094253, -0.3325842293682285, 0.3128072704474894, -0.7363869364450978, -0.22483389822600558, 0.2128082356208592, -0.26657024290324316, 0.5181197509398571, 0.7613544260941976, -0.09823914761681052, -0.26216496745396334, 0.37555054686659906, -0.029036436143769412], [-0.550362763600706, -0.41680194917402114, 0.22133866545267838, 0.2622453730355508, 0.18074773797643479, -0.580852979909942, -0.5945490212421256, -0.047362085919508745, -0.3526651698502339, -0.14369577411957912, 0.6714105714313592, 0.5813207651230723, 0.17606807751807158, 0.00039687694636547644], [-0.02144135842699929, -0.7273484409623997, -0.640128353377545, -0.4581723174510258, 0.08516682875120765, 0.6393684987127258, -0.07953577270950227, 0.560338842863065, 0.28610286915106703, -0.22990026098819283, -0.22282121896850107, 0.5425415607843304, 0.39791604265488606, -0.009892604724769508]], "inverted": false, "swapped": false, "error_lsq": 0.05357879579589446, "error_max": 0.33949327820149017, "target": "1008.xyz", "model": "12.xyz", "model_rescale": 4.124412569039231, "target_rescale": 3.9993849040097316},
{"mapping": [3, 12, 8, 10, 9, 1, 11, 0, 7, 4, 6, 5, 13], "R": [[-0.35166084180325785, 0.9353104340718681, -0.039102995518477957], [-0.12038055900062905, -0.0866062773162487, -0.9889428061036276], [-0.9283550901228044, -0.3430652192305642, 0.1430492292791709]], "T": [0.047101774396069884, 0.05278725250043441, 0.014721982835427022], "aligned_model": [[-0.1846148317721486, 0.020935958496877495, 0.7184184142649597, -0.7261504110609038, 0.4593789766999123, 0.2995026651271888, -0.5010081288093848, 0.1749188310653053, -0.04413558607058944, -0.2764066733581002, 0.6344204125035459, 0.6735011492310242, 0.11853753119207078], [-0.2003119726014484, 0.5667263630088237, 0.5432904305681595, -0.2809725547441477, -0.06391670342132301, -0.6280021075544647, 0.3063355673506896, -0.3119334727528264, 0.6896089932470206, 0.17298585093390062, -0.04180814260409797, 0.5351745346693865, 0.06030859040880508], [0.5208557499278361, 0.38086030004842303, 0.2992047070968195, 0.048889731983648495, 0.6234190349683649, -0.035635187896252786, 0.033697779361631035, -0.576582103975298, -0.19482776240954086, -0.6280538203125415, -0.1026344342452109, -0.4573363770094932, 0.039840463429453625]], "inverted": true, "swapped": true, "error_lsq": 0.03911146082797738, "error_max": 0.24389868503798615, "target": "1008.xyz", "model": "13.xyz", "model_rescale": 3.9028299243045295, "target_rescale": 3.9993849040097316},
{"mapping": [12, 1, 8, 3, 5, 14, 11, 10, 9, 6, 0, 4, 7, 15], "R": [[-0.9940601677195539, 0.10722895589498091, -0.018610050269810382], [-0.10553551374605566, -0.9915206144323078, -0.0758229944946464], [-0.026582669010630344, -0.07340859740828264, 0.9969476112288048]], "T": [-0.0875567054925845, -0.01764634278418299, -0.08907717554826719], "aligned_model": [[-0.5790628718488685, 0.1807823063644418, -0.6942013816809742, 0.3191614123575435, -0.55672632682423, -0.15400250724202394, 0.017435830427977264, -0.14094121138865717, 0.4712310756533537, 0.5532953966296916, -0.21028827639194334, -0.14974614520866303, 0.511081136982077, -0.0007594071384812717], [-0.48196816060675485, -0.4559626040413063, 0.19836991451189917, 0.4429634249661132, 0.13206630878415473, -0.6497448681348159, -0.748771094719548, 0.052063392812557605, -0.3946486054970397, -0.11534698400186252, 0.734459668662182, 0.5725750449766378, 0.16724968211314228, -0.04606679615794344], [-0.25359838052980566, -0.48665960168903366, -0.5154882131559967, -0.19447385340681633, 0.05080785594206272, 0.526623289338988, -0.07205211031059972, 0.650952046403298, 0.2936380789361177, -0.2445488133487064, -0.41540510615725545, 0.23823683408193416, 0.5651965816601511, -0.021034292455991685]], "inverted": false, "swapped": false, "error_lsq": 0.04305216614354284, "error_max": 0.3132031078458691, "target": "1008.xyz", "model": "14.xyz", "model_rescale": 3.942246331269136, "target_rescale": 3.9993849040097316},
{"mapping": [11, 10, 4, 5, 13, 8, 6, 0, 7, 9, 3, 1, 2, 14], "R": [[0.1521422751112368, 0.5680658218275071, -0.8087978426006193], [0.06410250796359229, -0.8222727808976228, -0.5654717873313113], [-0.9862776468098395, 0.03418619408956064, -0.1615168955153502]], "T": [-0.09815862316549512, -0.021587548484470222, -0.045703301930543616], "aligned_model": [[-0.5082520493545835, 0.014424865224976657, -0.4306788075403916, 0.3246722769058141, -0.911063996334766, -0.26431092797295624, 0.049387566572692415, 0.11138690450211769, 0.4843928394986711, 0.6143316334316822, -0.25734514702872047, -0.10226083964602317, 0.5231410127770335, -0.08056630034430319], [-0.5898613015092539, -0.2608213028644776, 0.05949593993370672, 0.45100476495719855, -0.026322114016421674, -0.5214414057397483, -0.5604184342908803, 0.048587517270273176, -0.4535893453275552, -0.2961134646034226, 0.6397195425641526, 0.7207356267288234, 0.1742806809036934, 0.02198161966132778], [-0.1973586614671323, -0.7083439926145981, -0.5216442350428668, -0.07120023135062149, -0.03609681104840677, 0.5212009750704153, -0.01961139258601551, 0.6556408467219399, 0.40705242580928913, -0.30095898113376923, -0.2778250640507674, 0.2792288619772778, 0.3521287200756212, 0.03998185494798036]], "inverted": false, "swapped": false, "error_lsq": 0.053136271435900835, "error_max": 0.3394659607845112, "target": "1008.xyz", "model": "15.xyz", "model_rescale": 4.355366556412066, "target_rescale": 3.9993849040097316},
{"mapping": [4, 0, 2, 12, 11, 7, 3, 8, 1, 5, 6, 13], "R": [[-0.18606888611825043, -0.7675135075487206, -0.6134340920987144], [0.9683617001109083, -0.24892110955952446, 0.017717194302903305], [-0.16629488079019497, -0.5907294617216206, 0.7895471586150251]], "T": [-0.08334635777959426, 0.04546653719048859, -0.15671876663197795], "aligned_model": [[-0.14637886792832955, 0.4565982230498428, 0.2791414793489502, -0.5847696860428098, -0.6107598004344406, -0.5106223515582546, -0.22921435197448353, -0.10170127345200008, 0.5663161854500214, 0.13921421662332584, 0.39241769635875506, -0.052432914808796714], [-0.6480408815091309, -0.40178334370338836, -0.537272619317392, 0.38523987771657037, -0.22525041245349603, -0.10519906465615628, 0.2944692213945858, 0.7167626582555078, 0.07290129110714666, 0.0764699042490774, 0.27678700383874805, 0.10769279281890826], [0.06085998880875579, -0.07054264373675306, -0.6163078192307299, 0.022177989919325597, -0.27341790326768844, 0.34578733554521257, -0.6958322844008781, 0.4100390599362106, -0.483677665045649, 0.7362640685020009, 0.13959762942615614, -0.125689295246542]], "inverted": false, "swapped": true, "error_lsq": 0.04585068212568528, "error_max": 0.31566999683363645, "target": "1008.xyz", "model": "16.xyz", "model_rescale": 3.795458400668931, "target_rescale": 3.9993849040097316},
{"mapping": [12, 8, 9, 7, 3, 6, 5, 11, 4, 0, 1, 2, 13], "R": [[0.649798002326451, 0.6309788933910327, -0.4238256625873206], [0.17366056999828886, -0.6660775416167587, -0.725384529047625], [-0.7400030828317022, 0.39775161174884366, -0.5423920102202596]], "T": [0.02105564143065229, 0.0368212736888633, 0.020806660075965096], "aligned_model": [[0.2061526180336657, -0.12282855870042365, 0.43438991202100563, -0.31121337435038543, 0.6267202245726153, -0.27731678080191746, -0.7695283335680076, 0.17248672701460355, -0.4568544679471955, -0.44342711885721253, 0.07614912582788032, -9.461627597091848e-05, 0.013996443935565487], [-0.35456470170572635, 0.1174660847898348, 0.417363775624573, -0.5109020406454581, 0.0942214487774208, 0.4889805994540607, 0.06653881171617311, -0.5130912187774302, -0.28939460665432465, 0.3741138632028656, 0.7138960848982461, 0.28024782941821447, 0.07890533537203685], [-0.4390101013412744, -0.8423176475748552, -0.4675032733870462, -0.19684846449314106, 0.0824412781060852, -0.25157146284883714, -0.4503691121156442, 0.22014599828464723, 0.46516156182969937, 0.4324963550383496, 0.2820548467733507, 0.8097937527631354, -0.042198700198173275]], "inverted": false, "swapped": true, "error_lsq": 0.0500460015311136, "error_max": 0.3057360152191895, "target": "1008.xyz", "model": "17.xyz", "model_rescale": 3.7474275329858107, "target_rescale": 3.9993849040097316},
{"mapping": [2, 0, 6, 8, 9, 7, 1, 12, 11, 3, 4, 5, 10, 13], "R": [[-0.772981241093089, -0.14382873105487315, -0.6179104280082455], [-0.3162009877422907, -0.7570335384283609, 0.571766698090607], [-0.5500153963926717, 0.6373488195782436, 0.5396939372581758]], "T": [-0.00024065335551821596, -0.08082040401673309, 0.04162287289791662], "aligned_model": [[-0.4476673433771777, -0.032037033840945986, -0.6630542499890871, 0.4098843284215193, -0.6165937113948993, -0.28461723928772253, 0.22918612801694974, -0.2229662461003281, 0.4221176366010841, 0.6540459836220297, -0.2770160078305041, -0.03443299465558354, 0.4845759681818183, -0.05416618767590908], [-0.5026804606412915, -0.14775170648768038, 0.0626282248886723, 0.3711945993212517, 0.13104615434159544, -0.5947449236925054, -0.6902693415874297, 0.10570158122060387, -0.44965748049746446, -0.19918558587287077, 0.5671423236037234, 0.5935400493472551, 0.27258684770068975, -0.11231195797713296], [-0.3128854817154392, -0.791234606937882, -0.3259358821918838, -0.33829078479083535, 0.19310104013985158, 0.5132486010827427, -0.19173042425619585, 0.730709066833839, 0.4969352357040852, -0.09434720361161607, -0.39742784033520157, 0.3010237198615106, 0.38293728568782176, -0.04390841016245085]], "inverted": false, "swapped": false, "error_lsq": 0.043991905990985444, "error_max": 0.3000525618915854, "target": "1008.xyz", "model": "18.xyz", "model_rescale": 3.922800546911778, "target_rescale": 3.9993849040097316},
{"mapping": [2, 6, 10, 13, 9, 0, 1, 3, 5, 8, 11, 7, 12, 14], "R": [[-0.8310808528205285, -0.26779510825498376, 0.4874324528278812], [0.4759971225274978, 0.11077382516621642, 0.872442490370332], [-0.2876305884648664, 0.957086693906433, 0.035407695866980726]], "T": [0.05245732271817635, -0.061433891695484286, -0.065153591253689], "aligned_model": [[-0.611930017713095, 0.10593548981806586, -0.5269080106161421, 0.38675816175559796, -0.7163605616416057, -0.13910640363270052, -0.010658240234427935, -0.15247096678022562, 0.510742969061053, 0.6148238105846943, -0.2172917049996881, -0.16018423892406036, 0.4711325149257838, 0.012776229087994043], [-0.3268391585765136, -0.36522371731106784, 0.016411806277360233, 0.5234006092510938, 0.16150070425908714, -0.5746410359373428, -0.7869401427117682, -0.00897788745765167, -0.4552324230622863, -0.17474618971361405, 0.5489966427158649, 0.5902877144019142, 0.24955393753057775, 0.009687464001762222], [-0.02939790675097284, -0.6820973483411573, -0.6209201835393722, -0.1994119330490061, 0.08304361698622492, 0.5660075621156867, -0.19796974006594173, 0.5385036023320122, 0.40114106155197704, -0.2779796010930574, -0.31385750652714445, 0.34503360194818744, 0.52358378489097, -0.01348469515006033]], "inverted": false, "swapped": false, "error_lsq": 0.04286740047095413, "error_max": 0.25680714727387627, "target": "1008.xyz", "model": "19.xyz", "model_rescale": 3.9282355846067225, "target_rescale": 3.9993849040097316},
{"mapping": [0, 3, 4, 6, 11, 10, 1, 12, 2, 5, 8, 9, 7, 13], "R": [[0.705040884063824, 0.026683938786451228, -0.7086644616525808], [0.11160857376567568, 0.9826637238336478, 0.14803895474968706], [0.7003291212426435, -0.18346654537606874, 0.6898399442387182]], "T": [0.016311745342380658, 0.0607074149890064, -0.007554280580188082], "aligned_model": [[-0.4887923740862883, 0.061276741596722736, -0.39912445237777044, 0.4538542557992345, -0.6895754867840538, -0.27018799703399454, 0.09782669834245042, -0.04125554107769182, 0.4467249191802026, 0.5977112276179672, -0.2838071648562018, -0.38506222180940536, 0.4823470340122247, -0.014676607832152296], [-0.4952722271659124, -0.2891010835536959, 0.14233927363885, 0.3475598858780836, -0.04291791074633156, -0.4549889057765563, -0.6682511096781245, 0.3003796579330072, -0.5366203742618332, -0.21938688455231775, 0.7283972476228548, 0.4655447562764659, 0.22619415249209157, -0.09663815443916488], [-0.28315082308810063, -0.6723604422549307, -0.47672040277680144, -0.3988550160062912, 0.058386440625153975, 0.6203068118268805, -0.16077170145369274, 0.8061026303865821, 0.36212155354402803, -0.2744100049383639, -0.21429205232687284, 0.3841477628532393, 0.3712900486694693, 0.00039951024804638427]], "inverted": false, "swapped": false, "error_lsq": 0.049807769341814814, "error_max": 0.2972391361980981, "target": "1008.xyz", "model": "20.xyz", "model_rescale": 4.067790424073018, "target_rescale": 3.9993849040097316},
{"mapping": [13, 11, 10, 12, 1, 4, 6, 8, 2, 3, 9, 7, 0, 14], "R": [[-0.28709944558452544, 0.8370366827963813, 0.46577193990008514], [-0.8343425922708019, -0.45738717535357615, 0.30768394586802167], [0.47058086134892574, -0.30027747746926897, 0.8296909602115694]], "T": [-0.04957422189803863, -0.11853393296861647, 0.04979197049193512], "aligned_model": [[-0.5773615663653195, 0.07616811424263766, -0.49201153324663083, 0.28932566434951157, -0.7450223052056737, -0.05925028017584451, 0.1562217060586234, -0.26208583908896144, 0.5352650204553371, 0.7335119478105098, -0.26379616575693904, -0.17922163588581447, 0.433495234764282, -0.07797933126447432], [-0.3234822297108344, -0.2642356318013559, 0.18291050988192192, 0.339575389056447, 0.30974224165236147, -0.6314120445133352, -0.8242726104848165, -0.0033657408557686425, -0.3992321178437347, -0.23348268488973423, 0.5771259554683368, 0.5220289418538419, 0.23584863399220135, -0.08051028813811435], [-0.3619849348340403, -0.5674536320345527, -0.5704235524957002, -0.4623570147387512, 0.12876400956005812, 0.6656936763921593, -0.03469387323062556, 0.5662636510412276, 0.41433760707297485, -0.2621500944717243, -0.2226344927198648, 0.40970127664316, 0.4312561572712326, -0.012124468147207433]], "inverted": true, "swapped": false, "error_lsq": 0.041591309220137, "error_max": 0.23783871765861173, "target": "1008.xyz", "model": "21.xyz", "model_rescale": 4.186013935880536, "target_rescale": 3.9993849040097316},
{"mapping": [0, 1, 6, 7, 11, 5, 4, 2, 9, 3, 10, 12, 13], "R": [[0.3931546396459391, -0.5087637468745005, 0.7658909055414423], [0.8988749776674734, 0.03734663918486576, -0.4366108141868392], [0.19352830244739633, 0.8600957379314318, 0.47199800608054965]], "T": [0.05092637919807381, 0.020184267421441922, 0.04227556455588015], "aligned_model": [[-0.19202018006979651, -0.3084546818823411, 0.34774318248270936, 0.4596370928571779, -0.10768189896431993, 0.7831263492970504, -0.11799083445672903, -0.6939104110442932, 0.27691757471579265, -0.2499020516934441, -0.6982161305514573, 0.4546377177207887, 0.10468830701208773], [-0.36716012814109517, 0.2591152428127873, 0.09883106313138534, -0.39854830924068685, -0.18852811686646379, -0.3983675204265478, -0.688519159173691, -0.21378969087515554, 0.7202087049759199, 0.5005194594439284, -0.046027196607575836, 0.18173017322959722, 0.05949213728369157], [-0.49618540807826755, -0.5437905144703472, -0.4805805025274576, 0.38197523035911085, 0.5866594819821014, -0.32733283167958777, 0.08064977477072247, -0.2273144883072301, -0.07173396363193553, 0.2718481064342849, 0.4229112544814175, 0.5003098449631546, 0.005463577039379927]], "inverted": false, "swapped": true, "error_lsq": 0.05656277255667351, "error_max": 0.28294948228184025, "target": "1008.xyz", "model": "22.xyz", "model_rescale": 4.166573947596378, "target_rescale": 3.9993849040097316},
{"mapping": [14, 10, 13, 0, 6, 11, 9, 2, 3, 8, 5, 1, 4, 15], "R": [[-0.48280562224502477, -0.8742605193774449, -0.050668287779191634], [-0.686309643633632, 0.4136800344136205, -0.598203896830356], [0.5439465085686936, -0.25404207010931523, -0.7997404719222994]], "T": [-0.04906002790701812, -0.13108176998023743, 0.026666207643401392], "aligned_model": [[-0.5335381688145675, -0.09706288203691138, -0.52140490182737, 0.3845809834869506, -0.6025241322029827, -0.20670398237667248, 0.1427799562015057, -0.0661002188247018, 0.29398941812246504, 0.727380895500357, -0.3577577821941901, -0.08167417965014276, 0.5476110588964445, -0.06231703358894017], [-0.569511566669569, -0.21792810292897422, 0.04934406704178765, 0.5458616389128841, 0.26718806634482084, -0.7080540637578062, -0.6917104939303923, 0.11870242360407948, -0.35543492130442444, -0.21494962817575897, 0.5361403359656584, 0.5450288409253504, 0.16614118863581775, -0.06357946099605771], [-0.41947055118505705, -0.7156913029623848, -0.6524140352674145, -0.11636825404814599, 0.36455118022481225, 0.5408108208201071, -0.06998792140112803, 0.6512674626197368, 0.46644955553851614, -0.18353563592887717, -0.36138319518634937, 0.25007126531688106, 0.33568989671737404, 0.032205030050276175]], "inverted": false, "swapped": false, "error_lsq": 0.04782696259865332, "error_max": 0.29646360473988304, "target": "1008.xyz", "model": "23.xyz", "model_rescale": 4.274766983524099, "target_rescale": 3.9993849040097316},
{"mapping": [12, 7, 4, 3, 0, 1, 9, 6, 8, 5, 13], "R": [[0.5369927263945657, -0.22937797716520886, 0.8118032738237315], [-0.8417358250757226, -0.2094071751349746, 0.49762378940931185], [0.05585349213275809, -0.9505442538848927, -0.30552579076567166]], "T": [-0.18755468146211973, 0.04873618296418013, -0.11543731177074781], "aligned_model": [[0.3478736792000737, 0.24887873598065346, -0.42165100998053723, -0.34919495013374213, -0.6206569802047038, -0.6700631899204703, 0.07777930497335589, -0.04781963429981151, 0.6067009912882279, 0.350515489111186, -0.14246773205615676], [-0.0961079685463725, 0.4871330317018705, 0.7138488412407268, -0.49478440810036095, 0.4491413005481535, -0.17877699429043414, -0.5907323256923759, 0.07458672980957234, -0.08563185968346158, 0.6143559040098301, 0.02255428024633532], [-0.4174505050838442, -0.3895018230098929, -0.30276112958551865, -0.3443062352729601, 0.27327475534367895, 0.37967833178207855, 0.15802622916555073, 0.47402843438906883, 0.2356936815658036, 0.3728941172760635, -0.060009422548450896]], "inverted": false, "swapped": true, "error_lsq": 0.06037042131147643, "error_max": 0.3379898619373696, "target": "1008.xyz", "model": "24.xyz", "model_rescale": 3.7841303162186577, "target_rescale": 3.9993849040097316},
{"mapping": [9, 12, 14, 3, 10, 0, 8, 7, 1, 4, 13, 11, 6, 15], "R": [[-0.24670458637818798, 0.9599708585601193, -0.1326378444310457], [-0.6867547960618136, -0.2697517585746761, -0.6749828433611972], [-0.6837431514436281, -0.0754316873814761, 0.7258135872196931]], "T": [-0.03938356581288162, -0.12182475346670399, 0.0009806156917625715], "aligned_model": [[-0.3897640663269836, -0.09188884689913261, -0.656350464693747, 0.47968094074780887, -0.7745090447437594, -0.08133613245818513, 0.03991587973282838, -0.18854206513577848, 0.38593586234004795, 0.6940667297240357, -0.18905660011993047, -0.15517668015736547, 0.4836007028245417, 0.01068281585686346], [-0.380885717794338, 0.01351630679499885, 0.04933026610887972, 0.4293088696352366, -0.07391757622040074, -0.4773038871030221, -0.7046876043542191, 0.061178147794357374, -0.6143934685582171, -0.21850803447670125, 0.5351811227343969, 0.6012055319669295, 0.2646938182497872, -0.07747945111027159], [-0.38922654742450735, -0.7433969090182648, -0.4673747699610243, -0.2743839701732067, 0.25108167101168183, 0.6437904764224744, 0.05963450414158546, 0.6068413590231281, 0.3608637060863575, -0.09601087882350644, -0.39643762584929354, 0.23173314585958021, 0.315809618039151, 0.01927053597419087]], "inverted": true, "swapped": false, "error_lsq": 0.04988685043683132, "error_max": 0.3412713471488524, "target": "1008.xyz", "model": "25.xyz", "model_rescale": 4.19342608120988, "target_rescale": 3.9993849040097316},
{"mapping": [4, 0, 2, 12, 11, 7, 3, 8, 1, 5, 6, 13], "R": [[-0.18606888611825043, -0.7675135075487206, -0.6134340920987144], [0.9683617001109083, -0.24892110955952446, 0.017717194302903305], [-0.16629488079019497, -0.5907294617216206, 0.7895471586150251]], "T": [-0.08334635777959426, 0.04546653719048859, -0.15671876663197795], "aligned_model": [[-0.14637886792832955, 0.4565982230498428, 0.2791414793489502, -0.5847696860428098, -0.6107598004344406, -0.5106223515582546, -0.22921435197448353, -0.10170127345200008, 0.5663161854500214, 0.13921421662332584, 0.39241769635875506, -0.052432914808796714], [-0.6480408815091309, -0.40178334370338836, -0.537272619317392, 0.38523987771657037, -0.22525041245349603, -0.10519906465615628, 0.2944692213945858, 0.7167626582555078, 0.07290129110714666, 0.0764699042490774, 0.27678700383874805, 0.10769279281890826], [0.06085998880875579, -0.07054264373675306, -0.6163078192307299, 0.022177989919325597, -0.27341790326768844, 0.34578733554521257, -0.6958322844008781, 0.4100390599362106, -0.483677665045649, 0.7362640685020009, 0.13959762942615614, -0.125689295246542]], "inverted": false, "swapped": true, "error_lsq": 0.04585068212568528, "error_max": 0.31566999683363645, "target": "1008.xyz", "model": "26.xyz", "model_rescale": 3.795458400668931, "target_rescale": 3.9993849040097316},
{"mapping": [3, 1, 9, 12, 5, 4, 2, 11, 0, 6, 7, 5, 13], "R": [[0.5855655325219765, -0.6041400815823648, -0.5404884540375569], [-0.10651038317247186, -0.7183156161184022, 0.6875159735721736], [-0.8035972532299421, -0.3450180248423178, -0.48496805785040986]], "T": [-0.10691485578012998, -0.18949391025482662, -0.12672882497043708], "aligned_model": [[0.05939221518634684, 0.4130366237108087, 0.5142877627974758, -0.24044406277500352, -0.0815668114363212, -0.6774565175422337, -0.19377599840367232, -0.640980311115615, -0.06735530165757285, 0.3337796058140372, -0.590832007119604, -0.0815668114363212, -0.04684200320106819], [-0.7203675933202629, -0.4120427402047463, -0.2575095820398454, -0.058364358059278254, 0.725948527312228, -0.04554441996801639, -0.6391671311772804, -0.4069981547979182, -0.06324802461787002, 0.19373310807920516, 0.22834294417842013, 0.725948527312228, -0.1488495994399492], [-0.38057579518582846, 0.33135270086642393, -0.5311859688145755, -0.7299288896120986, -0.030627929861809955, 0.3045795431214692, 0.5606237702451653, -0.3071097769363832, 0.5671702660516522, 0.03633387466513979, -0.34811950878862524, -0.030627929861809955, -0.14974769378929348]], "inverted": false, "swapped": true, "error_lsq": 0.05608090480356785, "error_max": 0.4147217269271565, "target": "1008.xyz", "model": "27.xyz", "model_rescale": 3.6321398670334006, "target_rescale": 3.9993849040097316},
