[{"mapping": [2, 8, 3, 1, 5, 0, 4, 6, 7, 10, 12, 9, 11, 14], "R": [[0.03217378580254138, 0.7722437832078014, -0.6345111400157089], [-0.041062441302671226, -0.6332825180276946, -0.7728305948102516], [-0.9986384347807753, 0.050919462461861686, 0.011335118931806054]], "T": [0.05200791312603869, 0.032597650277883757, 0.09456510426152889], "aligned_model": [[0.16500406986150218, 0.3212022362502683, -0.620081365468286, -0.4243703311342803, -0.5356453979627314, -0.2303210030622328, -0.6466618714703491, -0.047958433577847744, -0.23724882279781634, 0.07457784267452025, 0.6355341568430669, 0.2048926471273343, 0.6443960538714093, 0.06817231997374659], [-0.5771302199345255, -0.2698297405727416, -0.4115077305711554, -0.32256154782593, 0.2047896156507075, 0.15939987246890733, 0.19639334771915484, 0.6079101150303811, 0.6193931697109928, 0.013262136551826571, 0.5575677515487949, 0.6038960907014442, -0.2576586790718119, 0.11134915040398982], [0.1606198449420594, -0.4019787689695703, 0.2270603640710216, -0.3238038739311754, 0.6907307657056291, -0.561429413681381, -0.0301946942674218, 0.6809672884868289, 0.13569324449439862, 0.7377719355302611, 0.5179085434070748, -0.24748163949054128, 0.25840684180748547, 0.05331764907516457]], "inverted": true, "swapped": true, "error_lsq": 0.047144678426885446, "error_max": 0.25086074543795506, "target": "1009.xyz", "model": "0.xyz", "model_rescale": 3.8414455957264533, "target_rescale": 4.050413919344414},
{"mapping": [7, 9, 8, 6, 2, 5, 3, 4, 13, 0, 10, 12, 1, 11, 14], "R": [[0.34518288006501224, -0.2903504050873704, -0.8924939336351947], [-0.2950622542326644, -0.9362984577373474, 0.19048218857888838], [-0.8909472742183804, 0.19759008149263108, -0.4088656432846535]], "T": [-0.01283081619992359, 0.10064066607860508, -0.010895468687084898], "aligned_model": [[-0.5499651070571511, -0.5164236070406922, -0.05367730746217256, 0.29082585140442085, 0.05989707421707351, 0.5538328569996012, 0.5354981737511545, -0.014274605813232708, -0.5698891263954227, -0.46915609495113747, 0.5909282694718194, 0.2185733652593152, 0.3240726129757422, -0.0421941369371545, 0.049627042151521236], [0.45242344642261034, 0.08690475782653682, -0.5378217727251245, 0.25823474018527603, 0.7561327993784355, 0.3923496799745173, 0.4383741795236067, 0.5795867237153434, -0.4110272422699415, 0.22715558110682518, -0.17690291776802278, -0.6211917198066236, 0.05312309598587803, -0.5136849090264021, 0.07975323257941735], [-0.037175331203207804, -0.4710207840427366, -0.4745760439637809, -0.7130235978839775, -0.3420230041714679, -0.17858839540252558, 0.4348042897999278, 0.24683660963063137, 0.04134427908880235, 0.5379930316070969, -0.1746813836638643, 0.07685221138191144, 0.7845516075605442, 0.5790259542983484, 0.05015148143621222]], "inverted": false, "swapped": false, "error_lsq": 0.040906591898986155, "error_max": 0.21832916703950733, "target": "1009.xyz", "model": "1.xyz", "model_rescale": 4.316132596720782, "target_rescale": 4.050413919344414},
{"mapping": [0, 2, 8, 6, 9, 4, 12, 5, 11, 3, 10, 14], "R": [[-0.2119384104646168, 0.8389394802239083, 0.5012610683978664], [-0.9682298424737283, -0.11059797650401838, -0.22427451869643258], [-0.132714288277606, -0.5328683102933177, 0.8357262001230507]], "T": [0.003283811803980692, -0.0865528890340796, -0.0877726567372499], "aligned_model": [[-0.37388393241116047, 0.611793945557732, 0.23630568085641893, -0.40002927019057427, -0.5561511258973236, -0.4038738187378696, -0.17586042263977153, -0.1881801529812086, 0.5013524124531558, 0.2247841396854995, 0.19543445838240658, -0.0738833594455239], [-0.6868472797816283, -0.19294319492184014, -0.6413023992417854, 0.6359641349472016, -0.24880186782113398, -0.17777722735574275, 0.48297658227921386, 0.5186364810250677, 0.0036005948441930613, -0.10256408372367193, 0.5252204972749803, -0.10338580978387381], [0.06555172227818254, -0.0023562891651111306, -0.3078579080604358, -0.10013923210815737, -0.4447872841604543, 0.5092485235625288, -0.7502375058980462, 0.4844924561377012, -0.5414427784968571, 0.6978289140131443, -0.029379639816763628, -0.1316625170763103]], "inverted": true, "swapped": true, "error_lsq": 0.04854759817856009, "error_max": 0.26725817989354056, "target": "1009.xyz", "model": "2.xyz", "model_rescale": 3.795458400668931, "target_rescale": 4.050413919344414},
{"mapping": [11, 8, 9, 4, 10, 5, 0, 2, 1, 3, 6, 14], "R": [[-0.25599282972104764, 0.2560935093946143, 0.9321393595259035], [-0.8951977414823261, -0.426707338142394, -0.12861512827181493], [0.3648132053206867, -0.8673736000256083, 0.3384883501721489]], "T": [-0.03258266612422119, -0.027573764936050547, -0.05143820045015169], "aligned_model": [[0.02819519995531456, -0.01570503344930016, -0.6877500397126655, 0.0705505483668698, 0.15482330015630721, 0.21992721444780064, -0.21287336825722528, 0.47216287601758716, 0.3517726475925758, 0.661828171992832, -0.3303542871948765, -0.1192734041716546], [-0.16678014820779988, -0.6573526392069995, -0.13556548866458287, 0.12368331553053444, 0.5184233405502636, 0.7241524100061605, -0.4691541232301221, -0.2491046594477653, -0.4043957244098619, 0.09330336838441056, 0.7445208489858319, -0.0359614550003603], [-0.7139668374437621, -0.16796048767314564, 0.10932599028831555, 0.6535570771330955, -0.3366827555334444, 0.2672254168297121, 0.4950224824292706, -0.34308085230671714, 0.436806710626529, 0.36047306198181245, -0.044568478847984073, -0.027379896844581215]], "inverted": true, "swapped": true, "error_lsq": 0.049721449305132115, "error_max": 0.2294044197991201, "target": "1009.xyz", "model": "3.xyz", "model_rescale": 3.7530521520055578, "target_rescale": 4.050413919344414},
{"mapping": [8, 4, 3, 5, 2, 7, 11, 9, 12, 10, 14], "R": [[0.7642935838635405, -0.059780287709377655, -0.642091609403525], [0.46507357764224067, 0.7408501597542663, 0.4846107800814225], [0.44672349954314217, -0.6690047518466983, 0.5940292559819476]], "T": [-0.13254922592276513, -0.13562589952103743, 0.000433065487521889], "aligned_model": [[-0.46849814129498646, -0.04182631139674556, 0.45251713247303577, 0.46880831619925406, 0.18146216762935297, -0.2841101684757531, -0.08845964020244139, -0.7433299707713263, -0.2941123431416601, 0.366031203283855, -0.21028264185737983], [-0.6809759679549122, 0.14848356602908952, -0.27507504320416476, 0.4283595215487699, -0.6654595943159632, 0.46885057260371044, -0.48266646810605435, 0.17045965511904265, 0.3324858452701055, 0.11231522790310217, -0.08957395657837966], [-0.014241998456704456, -0.6640853090529762, -0.5515994282771238, -0.2247102981972818, 0.09827240571696322, -0.20285844973920464, 0.5832156262875107, 0.0036173700183300354, 0.7421101551603656, 0.3237611412023077, -0.000650437416869867]], "inverted": false, "swapped": true, "error_lsq": 0.05168917678724571, "error_max": 0.24896781731880213, "target": "1009.xyz", "model": "4.xyz", "model_rescale": 3.7855080009869324, "target_rescale": 4.050413919344414},
{"mapping": [7, 10, 9, 15, 8, 13, 11, 6, 3, 4, 12, 2, 1, 0, 16], "R": [[0.2765827214618979, -0.6074934436631783, 0.7446164879285065], [-0.34735726858708665, 0.659256465915443, 0.6668761804926004], [-0.8960161416785132, -0.44309437827051457, -0.02867831579115867]], "T": [0.028233687589196206, 0.06184881194307709, -0.004437699734737469], "aligned_model": [[-0.5719864289960129, -0.5221754676523613, -0.0879931344447551, 0.16226738069325986, -0.03957269617046243, 0.5538219248352858, 0.5841231565231816, 0.03914478849787529, -0.332993509533276, -0.26868325921856, 0.6838928936083326, 0.170356712612249, 0.258284196231754, -0.2729508248872896, 0.05213952847446361], [0.4926313186019683, 0.10094624853651299, -0.44138337167919894, 0.1481221260527428, 0.5890848138719418, 0.5210401706551542, 0.44124145695622574, 0.6545075393352753, -0.5265391463346749, 0.26459586149540615, -0.027496227337713425, -0.6606908396201082, -0.16645066976903075, -0.3489351466307413, 0.022735540968572984], [0.12018860358454243, -0.4803425498386023, -0.49450168989896764, -0.8130847123869064, -0.4656690587674083, -0.19877745333163643, 0.41921823087235177, 0.2689002756543097, -0.08014191369949224, 0.6418863246226538, 0.15428763702163129, 0.05491872583098539, 0.6797114427134963, 0.586340018314309, -0.03246295621935239]], "inverted": false, "swapped": false, "error_lsq": 0.03950386691581697, "error_max": 0.26119283824180484, "target": "1009.xyz", "model": "5.xyz", "model_rescale": 4.2253639853439635, "target_rescale": 4.050413919344414},
{"mapping": [7, 0, 3, 5, 4, 2, 10, 6, 8, 9, 1, 11, 12, 14], "R": [[0.3833320246169036, 0.28714143462260416, 0.8778418738166792], [-0.6545601844554346, -0.5860933880501017, 0.47754110337186734], [0.6516191555109266, -0.7576571368414777, -0.03671701464445609]], "T": [-0.005406580918827668, 0.06302145469413364, 0.08461224099005493], "aligned_model": [[0.42995511740525755, -0.22050048944143216, -0.5640140878671973, 0.1692366478058156, -0.13223171390203053, -0.47937887221198566, 0.21536527102328923, 0.6763605044142436, -0.3612864166248193, 0.42188967464369775, -0.6202377839605029, -0.009681864055905452, 0.7945625722302331, 0.054023593299120584], [-0.20452210286401898, 0.252846473270981, -0.5294713075038266, -0.7735131148099115, -0.4058591669175384, 0.1268894365793129, -0.32361915887605774, -0.40028014871657835, 0.5933065585085036, 0.38043419361365005, -0.03342099552462427, 0.428429366457618, 0.2346311263234598, 0.09924798709402097], [-0.325961261886842, -0.5815846524870504, 0.0263150584127355, 0.09508313125524917, -0.45815829437278577, 0.48482541405329427, 0.5497650297914888, 0.15803219652416084, 0.033319165503879825, -0.3436618394611085, -0.2906054759136443, 0.6577399239370066, 0.4394581602504061, 0.026991653324658124]], "inverted": false, "swapped": true, "error_lsq": 0.04084762153120521, "error_max": 0.2594828599725752, "target": "1009.xyz", "model": "6.xyz", "model_rescale": 3.89814844738969, "target_rescale": 4.050413919344414},
{"mapping": [10, 12, 11, 5, 2, 9, 7, 3, 4, 0, 8, 1, 14], "R": [[0.21590315941812965, -0.8901040175014646, -0.40137347169565374], [-0.752599562337224, -0.4135964144779796, 0.5123786731517793], [-0.62207694421437, 0.19144932477998286, -0.7591886666160131]], "T": [-0.010527084260404565, 0.13644303984877504, -0.08243544144132624], "aligned_model": [[0.186567804522364, -0.10380493920954877, 0.5362584153046821, -0.25140059264769116, 0.5825420192255223, -0.5304250613874487, -0.6303479884930359, 0.1226607920313429, -0.48279654298916413, -0.4145709177728055, 0.23386443514149874, -0.01719887160754048, -0.0827167512139532], [-0.32406625965833474, 0.269095339276243, 0.3820037990231588, -0.6777409985849938, 0.10047191303225439, 0.5494693255435169, -0.02674178655178197, -0.4563682469973851, -0.22201246615580145, 0.44374758169718276, 0.6508785917751064, 0.0892969095104783, 0.18574756356084204], [-0.4870130996045229, -0.959372589152133, -0.40296951452007546, -0.17982274746480553, 0.10697034633472523, -0.24326766935863903, -0.21984986547305913, 0.4628391218469207, 0.34065404590652437, 0.43566660178927114, 0.2110140031671971, 0.6427125566694143, -0.10528615930452244]], "inverted": false, "swapped": true, "error_lsq": 0.04847310416657313, "error_max": 0.33619531936872527, "target": "1009.xyz", "model": "7.xyz", "model_rescale": 3.7474275329858107, "target_rescale": 4.050413919344414},
{"mapping": [9, 11, 12, 10, 7, 6, 3, 5, 13, 8, 0, 1, 2, 4, 14], "R": [[0.5616215912846316, 0.0801313146125418, 0.8235048030347998], [0.5896230020104594, 0.6594848227463359, -0.46628798404785005], [-0.5804531882099471, 0.747434773733267, 0.32313364930196886]], "T": [0.025174570455766702, 0.012555374266251043, -0.014444398998979358], "aligned_model": [[-0.5399747206462696, -0.42008879781185315, -0.12600347628215647, 0.23413192668703386, -0.06741732188239186, 0.5627038948980786, 0.4956584323938065, 0.05261494940369157, -0.5900367043607829, -0.2026447193441056, 0.6731632900696618, 0.5025317627463758, 0.2287158332619204, -0.4086395817677477, 0.012960493208423716], [0.5233835829027021, 0.12089108762410346, -0.4281714333093495, 0.16721559291016708, 0.5889413615094297, 0.5994914150346091, 0.3593075871153387, 0.6996991199507799, -0.6417132976534863, 0.2539601929935582, 4.3413179412768454e-05, -0.54792919416485, -0.3351219162120484, -0.2617725429177601, -0.03481529386027418], [-0.013321849873586023, -0.43454422246964713, -0.4188547080516562, -0.7269613459792723, -0.36527707579371943, -0.19749195514082118, 0.4009378051512959, 0.18581034474437727, 0.025045105626272764, 0.5814015547062064, -0.1334708990309799, 0.13651579300169825, 0.7246638149120762, 0.5761276296559524, 0.019890933013717717]], "inverted": true, "swapped": false, "error_lsq": 0.05133125173799158, "error_max": 0.3838428358868627, "target": "1009.xyz", "model": "8.xyz", "model_rescale": 4.019505241142653, "target_rescale": 4.050413919344414},
{"mapping": [4, 6, 9, 0, 1, 8, 13, 3, 2, 10, 12, 11, 14], "R": [[0.7515216610098889, 0.6429553650770845, 0.14772810007419307], [-0.1930157082992344, 0.42842511078350004, -0.8827212814925732], [-0.6308408114434914, 0.6348703198045557, 0.4460712360695078]], "T": [0.00870590455089957, -0.09273169417519148, 0.03612940829666979], "aligned_model": [[-0.29070931340723916, -0.771577587715804, 0.0034451884650249023, 0.28788961341543046, 0.3010170994636311, 0.6462099294464366, 0.38549133249095857, -0.1278936323002967, 0.3463422509471619, -0.4315712393394233, -0.33518892008849566, 0.3045884866700708, 0.001657563693720875], [-0.6677919579020319, 0.17972443891317294, 0.21182388504249436, -0.42360427692865155, -0.7485254187622541, -0.08279848573539608, 0.6052452077470656, -0.8462429192475845, -0.23460515201913446, 0.05071478140424371, 0.7299949635836979, 0.34332974675215977, -0.053886584733722744], [-0.29581897033277416, -0.005948513179213036, -0.5754013340753531, -0.5458474114534608, -0.07610091575710264, -0.026907707710117412, -0.1103571739783047, 0.31906046313942615, 0.5408798966260068, 0.4835413402042305, 0.049295577124424575, 0.4654550170369918, -0.045146773600875004]], "inverted": true, "swapped": true, "error_lsq": 0.042051496406153036, "error_max": 0.22615863971613678, "target": "1009.xyz", "model": "9.xyz", "model_rescale": 3.877068213659057, "target_rescale": 4.050413919344414},
{"mapping": [11, 0, 5, 1, 8, 7, 2, 9, 12, 10, 4, 3, 13, 6, 15], "R": [[0.6107711345088724, 0.7333535492595689, -0.2985819703852497], [0.7873783066918985, -0.6023460341442644, 0.13120463902498025], [-0.08363027802024556, -0.31523297248078275, -0.9453222464637054]], "T": [0.045377637277846855, 0.05894161582912555, 0.13281307576439969], "aligned_model": [[-0.6216495981496316, -0.436851809287933, 0.013784398813891069, 0.24077463742553623, -0.028187914607774228, 0.604887238457328, 0.5459962241148222, 0.002750691806065776, -0.5437218211834279, -0.4727389768175765, 0.6642425866449745, 0.22656641828354562, 0.42994999927640165, -0.20601915045265365, -0.012107663749883396], [0.3435785084369698, 0.09219305914621216, -0.4337493301712959, 0.04219154559415357, 0.7294045042639741, 0.4294577260530936, 0.4340866599843907, 0.6681325034557917, -0.35840468816490123, 0.2370718052627901, -0.12698679733776996, -0.547808938436142, -0.14026796342766662, -0.36497042015321013, 0.05948150059594213], [-0.003977943049811139, -0.49973347431391846, -0.4732009020076473, -0.7124360340747304, -0.2418742080009579, -0.3318947761913067, 0.3541783492573277, 0.3832421272980294, -0.059486446587290354, 0.583407781981083, -0.06850130366994087, 0.09055513846636361, 0.7731708959578097, 0.5034919340675735, 0.06352978533933096]], "inverted": true, "swapped": false, "error_lsq": 0.031168572862711703, "error_max": 0.22393767751191024, "target": "1009.xyz", "model": "10.xyz", "model_rescale": 4.260839863003843, "target_rescale": 4.050413919344414},
{"mapping": [12, 11, 8, 13, 0, 9, 6, 10, 2, 1, 4, 14], "R": [[-0.9665452301768763, 0.11417143825433054, 0.22968500323109242], [-0.14093546366190393, -0.9845765852193783, -0.10366360460717601], [0.21430705332474126, -0.13256632500256754, 0.9677286067749472]], "T": [0.049145963157574725, 0.03386397557553848, 0.04475955411822242], "aligned_model": [[0.2992856512553389, 0.21713376641870205, -0.39463421385000974, -0.2762034824525262, -0.5911713092720909, -0.41748457376757525, 0.5080723580274238, 0.6774634998714907, 0.23155792926323476, -0.2413317936606045, -0.04479407018683514, -0.00899511255241825], [0.03620955847925468, -0.5715293490048293, -0.41328274014715616, -0.3765807438368565, 0.2625249473200268, 0.30168140308306096, 0.5643304442916084, 0.0618934157671376, -0.47177428326538845, 0.07752367649558557, 0.6273399191192668, 0.07474225723122349], [-0.8112432417193083, -0.21465436511978725, 0.16139015685993746, -0.568657272891967, 0.29739600966032403, -0.37628841507843935, -0.3943726741419954, -0.09318867944038375, 0.36091657481348005, 0.7094575252492817, 0.4564573562830537, -0.011034897078691402]], "inverted": true, "swapped": true, "error_lsq": 0.04724811181382208, "error_max": 0.25935757123116415, "target": "1009.xyz", "model": "11.xyz", "model_rescale": 3.890672605050136, "target_rescale": 4.050413919344414},
{"mapping": [9, 9, 0, 13, 8, 10, 7, 11, 12, 5, 1, 4, 2, 14], "R": [[-0.8035702632668624, -0.5501341742771868, 0.22721624564626472], [-0.519664571487013, 0.4623184103184621, -0.7184778497781471], [0.2902129651384392, -0.6954236678262887, -0.6573905666288398]], "T": [0.054038721063990006, 0.014698222926787224, 0.20541471724732074], "aligned_model": [[0.2932019409715213, 0.2932019409715213, 0.3697308760978599, 0.6363900421280032, 0.6622421409821247, -0.4283531454742867, -0.27074256849001277, 0.3388480167158827, -0.03582977635509858, -0.7942133533153487, 0.16883531206155478, -0.298337785334202, 0.1954030352578514, 0.07949915857632292], [-0.08639946540236022, -0.08639946540236022, 0.5540283124801346, -0.5170150411385299, 0.15153550660226414, -0.34148390668409245, 0.05647756118562182, -0.4621207103702621, -0.8251101218944851, 0.1151436578375724, 0.7183426967073433, 0.5911457657589008, 0.062490049086197166, 0.0015176810618209614], [-0.42651236437713236, -0.42651236437713236, -0.16279547515944287, 0.03587039624666466, 0.3532250219576934, 0.44000088317620367, -0.3624422767867429, 0.5972615380142259, -0.08087490698426825, 0.17750207182693467, 0.3461736840299668, -0.06674798012071248, 0.8109157560094076, 0.11972645190119584]], "inverted": false, "swapped": true, "error_lsq": 0.0476164882618973, "error_max": 0.3713073280861666, "target": "1009.xyz", "model": "12.xyz", "model_rescale": 4.124412569039231, "target_rescale": 4.050413919344414},
{"mapping": [10, 2, 8, 5, 11, 12, 3, 7, 1, 4, 9, 0, 14], "R": [[-0.6610653226756615, -0.3535994526620255, 0.6617855137677459], [-0.6447931498268804, -0.18332874885053285, -0.7420460658080656], [0.3837113929661894, -0.9172556878657194, -0.10680622634440556]], "T": [0.1695059234816237, 0.0844309685319955, 0.06757784392281031], "aligned_model": [[-0.23727486975748935, 0.048541788045428164, 0.605617418440721, -0.5926935348157265, 0.41059862883913256, 0.4479451952060269, -0.512240888795142, 0.08897335277378504, 0.008579253786235863, -0.20581502651878597, 0.6496692935169881, 0.42704464785967955, 0.22835304892890462], [-0.3114432078545773, 0.4448049498259409, 0.5288540688178471, -0.23086705447156514, 0.006915288366452416, -0.7365867705610345, 0.5268195765219345, -0.2722575588799767, 0.747683556046187, 0.26081673152281715, -0.1576365723251273, 0.49150064462972975, 0.048881724869849305], [0.3715701371205948, 0.56194380903534, 0.21850365443653202, -0.15611642359181244, 0.6983568763400781, 0.27666537549422404, -0.00989592611380992, -0.4764605410198106, -0.18203285627406995, -0.531217407262564, -0.35384601464727666, -0.47471848861797494, 0.008945886068387768]], "inverted": false, "swapped": true, "error_lsq": 0.04411881186793702, "error_max": 0.2304170212456793, "target": "1009.xyz", "model": "13.xyz", "model_rescale": 3.9028299243045295, "target_rescale": 4.050413919344414},
{"mapping": [7, 4, 5, 0, 3, 2, 1, 6, 10, 9, 12, 13, 11, 14, 15], "R": [[0.4561813596822586, 0.3664786744866636, -0.8109204327336588], [-0.837027569438486, -0.13268073052540874, -0.5308301722275638], [-0.3021314533085672, 0.920917588546197, 0.24622627810189368]], "T": [0.11538297856285808, 0.08820200741110751, -0.05926339746312431], "aligned_model": [[-0.7427224559997657, -0.3437825530594327, 0.1316681363754098, 0.17765944378850168, -0.11883680631523498, 0.6800191551777037, 0.49865727775042834, 0.025585791396454158, -0.5148683351070656, -0.29999990584566394, 0.6134880749861813, 0.11145011772210857, 0.3149680941400497, -0.1586377544531818, 0.03302698001719198], [0.30648026639165904, 0.02752118246961581, -0.3307403052041802, 0.344526380505996, 0.5970743220616611, 0.49914956002039323, 0.3939699166393711, 0.6705275859759928, -0.3058073711580511, 0.2623475194327813, -0.3576072070956474, -0.7019271054816879, -0.023555582035421296, -0.4373686799347173, 0.11881919251456696], [0.13214616517072228, -0.5540847045398791, -0.353072801653541, -0.8451615250097171, -0.3329045950047208, -0.292625490824475, 0.36712322640218814, 0.2525725337175377, -0.005481492831032719, 0.5715898790178875, 0.13409054260241537, 0.032015676590492426, 0.6432554358638312, 0.5978048967522811, 0.013203178217924147]], "inverted": false, "swapped": false, "error_lsq": 0.04005888280187407, "error_max": 0.32869964029763593, "target": "1009.xyz", "model": "14.xyz", "model_rescale": 3.942246331269136, "target_rescale": 4.050413919344414},
{"mapping": [8, 6, 10, 9, 7, 2, 1, 0, 11, 8, 5, 4, 12, 13, 14], "R": [[-0.2851916208558432, 0.5321829328808165, 0.7971493369149784], [0.7609695276461019, -0.3799411229650021, 0.5258993450025985], [0.5827444700618668, 0.7565884409839115, -0.29661897036745394]], "T": [0.09823073257585431, -0.054226977962531675, 0.006057946072076475], "aligned_model": [[-0.5158437699150057, -0.3378283545448491, 0.03789075432745172, 0.1677936340816979, -0.1459832086788737, 0.4475987694458608, 0.7142008938339706, 0.12296662056776785, -0.5493194152525533, -0.5158437699150057, 0.6941889956287216, 0.12470788315509158, 0.25458122313141773, -0.22132678243368503, 0.1298917871416779], [0.3713681854405493, 0.0798169762227593, -0.5420314244425142, 0.1210619507672622, 0.6635586620681326, 0.5972496679256554, 0.17193822132239275, 0.646451321917278, -0.3621002507352186, 0.3713681854405493, 0.11613820531569305, -0.6379237807495008, -0.08554580346877395, -0.47287640652237056, 0.02493596460043844], [0.2076074153502145, -0.3174757928551819, -0.511055605348211, -0.7766278787204844, -0.38906587501650486, -0.18412110986038394, 0.48152771256904253, 0.22776843024242108, 0.004088525804018538, 0.2076074153502145, -0.13028357810416533, 0.053607707754750586, 0.8077124311432277, 0.6253684474143067, 0.05381267874864949]], "inverted": true, "swapped": false, "error_lsq": 0.05273763259417606, "error_max": 0.4017570090687267, "target": "1009.xyz", "model": "15.xyz", "model_rescale": 4.355366556412066, "target_rescale": 4.050413919344414},
{"mapping": [0, 2, 8, 6, 9, 4, 12, 5, 11, 3, 10, 14], "R": [[-0.2119384104646168, 0.8389394802239083, 0.5012610683978664], [-0.9682298424737283, -0.11059797650401838, -0.22427451869643258], [-0.132714288277606, -0.5328683102933177, 0.8357262001230507]], "T": [0.003283811803980692, -0.0865528890340796, -0.0877726567372499], "aligned_model": [[-0.37388393241116047, 0.611793945557732, 0.23630568085641893, -0.40002927019057427, -0.5561511258973236, -0.4038738187378696, -0.17586042263977153, -0.1881801529812086, 0.5013524124531558, 0.2247841396854995, 0.19543445838240658, -0.0738833594455239], [-0.6868472797816283, -0.19294319492184014, -0.6413023992417854, 0.6359641349472016, -0.24880186782113398, -0.17777722735574275, 0.48297658227921386, 0.5186364810250677, 0.0036005948441930613, -0.10256408372367193, 0.5252204972749803, -0.10338580978387381], [0.06555172227818254, -0.0023562891651111306, -0.3078579080604358, -0.10013923210815737, -0.4447872841604543, 0.5092485235625288, -0.7502375058980462, 0.4844924561377012, -0.5414427784968571, 0.6978289140131443, -0.029379639816763628, -0.1316625170763103]], "inverted": true, "swapped": true, "error_lsq": 0.04854759817856009, "error_max": 0.26725817989354056, "target": "1009.xyz", "model": "16.xyz", "model_rescale": 3.795458400668931, "target_rescale": 4.050413919344414},
{"mapping": [10, 12, 11, 5, 2, 9, 7, 3, 4, 0, 8, 1, 14], "R": [[0.21590315941812965, -0.8901040175014646, -0.40137347169565374], [-0.752599562337224, -0.4135964144779796, 0.5123786731517793], [-0.62207694421437, 0.19144932477998286, -0.7591886666160131]], "T": [-0.010527084260404565, 0.13644303984877504, -0.08243544144132624], "aligned_model": [[0.186567804522364, -0.10380493920954877, 0.5362584153046821, -0.25140059264769116, 0.5825420192255223, -0.5304250613874487, -0.6303479884930359, 0.1226607920313429, -0.48279654298916413, -0.4145709177728055, 0.23386443514149874, -0.01719887160754048, -0.0827167512139532], [-0.32406625965833474, 0.269095339276243, 0.3820037990231588, -0.6777409985849938, 0.10047191303225439, 0.5494693255435169, -0.02674178655178197, -0.4563682469973851, -0.22201246615580145, 0.44374758169718276, 0.6508785917751064, 0.0892969095104783, 0.18574756356084204], [-0.4870130996045229, -0.959372589152133, -0.40296951452007546, -0.17982274746480553, 0.10697034633472523, -0.24326766935863903, -0.21984986547305913, 0.4628391218469207, 0.34065404590652437, 0.43566660178927114, 0.2110140031671971, 0.6427125566694143, -0.10528615930452244]], "inverted": false, "swapped": true, "error_lsq": 0.04847310416657313, "error_max": 0.33619531936872527, "target": "1009.xyz", "model": "17.xyz", "model_rescale": 3.7474275329858107, "target_rescale": 4.050413919344414},
{"mapping": [7, 4, 5, 0, 12, 11, 6, 3, 9, 10, 8, 1, 2, 14], "R": [[-0.8221776786964571, -0.559352309580531, -0.10558815473447386], [-0.08013937663971413, -0.06990337239342576, 0.9943295222610179], [-0.563561482861545, 0.8259773073728792, 0.012646847035712616]], "T": [-0.06685086095850491, -0.0757901605549603, 0.086041540192527], "aligned_model": [[0.3544692301803954, 0.18480146140262677, 0.7158166817033329, -0.41593939741644287, 0.28629616507200745, -0.30535932437744495, 0.7065050349220364, 0.09251937781044085, -0.12910428115906702, 0.424255897463239, -0.7071883889860197, -0.378258646065019, -0.34512691924902356, -0.06883924341818463], [-0.2963394465266036, 0.27550199992606833, 0.25638348356837265, -0.030664747587617766, -0.8182495763048012, -0.2594232657034569, -0.37035040692712906, 0.7180297646152456, -0.6227489353870388, -0.020931604475498432, -0.08640526976655985, 0.4710294521416269, 0.29186977220946825, -0.14729297827084248], [-0.3651096075209822, -0.5003017315963116, -0.0005157857316106795, -0.5481651444600065, 0.4315228649738866, 0.6954750119976546, 0.08642075133454481, -0.018551169735042644, -0.31857214610584517, 0.49884050126074564, 0.10445072372707133, -0.27744214865981354, 0.5059082394424983, 0.030834359734865417]], "inverted": true, "swapped": true, "error_lsq": 0.04446177219617119, "error_max": 0.25503551443890476, "target": "1009.xyz", "model": "18.xyz", "model_rescale": 3.922800546911778, "target_rescale": 4.050413919344414},
{"mapping": [12, 7, 9, 11, 13, 4, 6, 8, 3, 5, 10, 2, 1, 0, 14], "R": [[0.429792829187053, -0.8196797573435253, -0.37868617532284987], [-0.4704887597288002, -0.5612665471784561, 0.6808966074135112], [-0.770661048028408, -0.11447689033002847, -0.6268784496472364]], "T": [0.033539860939455865, 0.13472691894268995, 0.08342392081942775], "aligned_model": [[-0.7112887732476029, -0.41709719022292496, 0.0964503601797066, 0.21744145629828138, -0.07714730033778534, 0.5730659951820168, 0.6506415550080943, 0.0729759080194471, -0.4680708180748648, -0.45856153987860765, 0.715548775619672, 0.27218906382561375, 0.3334200532891098, -0.3752005662376749, -0.01669171884879661], [0.37368449937237713, -0.005222905252214527, -0.5239474525976086, 0.1810887204297756, 0.6574382416181617, 0.5048016897376837, 0.32092946026590463, 0.6712938144917729, -0.25609467016463194, 0.23750829328363493, -0.13727248265745273, -0.5406522115804476, -0.09361216935441283, -0.4289920563077241, 0.10245890381751417], [0.0013043432709310548, -0.5612087760600778, -0.3908476546268759, -0.6030703612806897, -0.3482414267537012, -0.2261295536926119, 0.32894761559348557, 0.3748538760627811, 0.01418191209982854, 0.6577112361827406, -0.25046350495336783, 0.08963285014727414, 0.7205394165718291, 0.5455871125716029, 0.007673839338765434]], "inverted": false, "swapped": false, "error_lsq": 0.03792639996644077, "error_max": 0.26461001704361287, "target": "1009.xyz", "model": "19.xyz", "model_rescale": 3.9282355846067225, "target_rescale": 4.050413919344414},
{"mapping": [0, 1, 3, 8, 9, 2, 11, 10, 12, 6, 4, 7, 5, 14], "R": [[-0.7838790634289754, 0.10747036212497824, 0.6115420960019342], [-0.5348040345417374, 0.38353675294770584, -0.7529171294214331], [-0.31546514634043654, -0.9172511544844503, -0.243170847433138]], "T": [-0.06968868342844284, -0.07459929273381094, -0.0796063981671362], "aligned_model": [[-0.562582434683459, -0.06446024682806831, 0.48345901184285645, -0.3996705380290625, -0.6826803165820693, 0.255561549760673, 0.012552684821116794, 0.44417770034740867, -0.192694829876237, 0.1371019512428418, -0.021447268257264507, -0.2398331694833913, 0.5109107732252508, -0.14787204841591972], [-0.6000350418756731, -0.7913159034693739, -0.6712577861275957, -0.2507098458147113, 0.0608611363676308, -0.173170940473054, 0.3582047961850364, 0.2860938215589699, 0.7872022292085016, 0.37704521189051743, -0.6121715402883187, -0.059261226220093, -0.13217793784791293, -0.056424885669087786], [0.0045972332109996406, -0.1995932843786693, -0.012413756831913383, -0.5997801932685869, 0.1899179136560034, -0.6024786119914267, -0.5972293680486523, 0.06336250939161149, 0.11400087575730074, 0.5822849064229834, 0.40949722097577806, 0.5532486898299723, 0.5448845572660808, -0.03811553474779821]], "inverted": true, "swapped": true, "error_lsq": 0.047633960723994964, "error_max": 0.26925702143103997, "target": "1009.xyz", "model": "20.xyz", "model_rescale": 4.067790424073018, "target_rescale": 4.050413919344414},
{"mapping": [9, 10, 11, 13, 1, 5, 4, 8, 12, 0, 6, 3, 2, 3, 14], "R": [[-0.9630797875253172, -0.24873885359139486, 0.10298691943265871], [-0.26900260614312704, 0.9043524958605897, -0.3313369299050863], [-0.010720109532834862, -0.34680764977831874, -0.9378750094265458]], "T": [0.05530178770585098, 0.14726099827580463, 0.03568246224671749], "aligned_model": [[-0.6598098868871407, -0.3610938668886434, -0.0019427822304829215, 0.19048081579925674, -0.2471303273692002, 0.4306597919382495, 0.7236476303025658, 0.12207701550915996, -0.5689390602865221, -0.2253743565653204, 0.6763579325245423, -0.018078004458736127, 0.3605241347864787, -0.018078004458736127, 0.0043742288582139174], [0.31208760190874363, 0.11839234562554904, -0.3960870986815257, 0.16927577298861732, 0.7979248511350769, 0.5484736444266192, 0.41905067929175643, 0.6728859922232961, -0.2944759334270633, 0.17875415356303184, -0.25499166545360247, -0.6285629673115714, -0.08672526058875213, -0.6285629673115714, 0.1359705267137276], [-0.22024210293710306, -0.6693480911923871, -0.3100459842612317, -0.6508781578992855, -0.36240856708247654, -0.1801899586069386, 0.3848481803709534, 0.24646038190285519, -0.011282564796672792, 0.6873626850002411, 0.041924433162455435, 0.376941304143862, 0.6727159629702615, 0.376941304143862, -0.022327900446481072]], "inverted": false, "swapped": false, "error_lsq": 0.04850022547305886, "error_max": 0.3795503854594551, "target": "1009.xyz", "model": "21.xyz", "model_rescale": 4.186013935880536, "target_rescale": 4.050413919344414},
{"mapping": [5, 6, 4, 2, 11, 3, 10, 12, 0, 9, 13, 8, 14], "R": [[0.37506255438894565, -0.07298038171616378, 0.9241222560786005], [0.803043113891013, -0.47242516149245706, -0.3632302630853489], [0.46308728931753784, 0.878344084441507, -0.11858259484066808]], "T": [0.0715611216450095, -0.020311631755103886, 0.049283943339073724], "aligned_model": [[0.10523198464354713, -0.4742223980761936, 0.44613444131568747, 0.3926768112472988, -0.16393908802804008, 0.7501782804697704, -0.1660263373484736, -0.8108975012912821, 0.40423078466482526, -0.289464719500384, -0.44913698961283177, 0.2910880299174451, 0.02272073702185614], [-0.35725688332198124, -0.18159991404142858, 0.24865471616128595, -0.4208789936185961, -0.37935117689607856, -0.3002556946761333, -0.5672763458385753, -0.14794479967945265, 0.6242322467609843, 0.5594925959289513, 0.1886302757797894, 0.19726522620741974, 0.05524540677990864], [-0.7354033531613217, -0.5515085864372042, -0.5145293569799482, 0.40330362982287155, 0.5762059653255399, -0.3079255959461628, -0.19357423024840048, 0.0663925684578003, 0.045920609651028246, 0.033823528810626766, 0.6287786278011188, 0.6104897663718293, 0.040905987867568404]], "inverted": true, "swapped": true, "error_lsq": 0.04616531447991297, "error_max": 0.29091828232509903, "target": "1009.xyz", "model": "22.xyz", "model_rescale": 4.166573947596378, "target_rescale": 4.050413919344414},
{"mapping": [11, 3, 8, 4, 2, 1, 5, 6, 9, 12, 7, 10, 13, 14, 15], "R": [[0.9124648338290788, -0.38463158605852843, 0.13952229223809534], [-0.28820306602675483, -0.362155698696249, 0.8864435924719688], [-0.29042541169472347, -0.8490593577058866, -0.4413063418239282]], "T": [-0.02385488793824288, 0.060309613977545355, -0.0199792821896265], "aligned_model": [[-0.7907430625632332, -0.3927578962292877, 0.09114671745193796, 0.15171898365304579, -0.11008408145354907, 0.4521410953485856, 0.7086825117652441, 0.09752408496582614, -0.44294273360770453, -0.4082835353157789, 0.6026499175840938, 0.25350731534810367, 0.4079392031075194, -0.24346672413623593, 0.03064346465511727], [0.24459538986181648, 0.15141916583057607, -0.46177091117024444, 0.19760447082372368, 0.6710271786865506, 0.572639314568444, 0.2087057228719221, 0.7412013794094916, -0.36367596870779095, 0.29840704581498423, -0.2818608554749257, -0.5362077905020638, -0.18400620093649625, -0.2972658079578117, 0.10259754198415594], [-0.023801304362017692, -0.4858508010132412, -0.6268447501809064, -0.7201060216180152, -0.2890477149919406, -0.1579834946412283, 0.34392940704712077, 0.29744973455362056, -0.09104804867110863, 0.454262832407033, 0.022455917141948622, 0.33804086730636523, 0.6660795960537761, 0.6507577916699769, -0.017823086229469254]], "inverted": true, "swapped": false, "error_lsq": 0.04234578088137922, "error_max": 0.2508868859023727, "target": "1009.xyz", "model": "23.xyz", "model_rescale": 4.274766983524099, "target_rescale": 4.050413919344414},
{"mapping": [0, 3, 5, 7, 10, 12, 9, 11, 8, 2, 14], "R": [[-0.8170227051537022, -0.3303544179237122, -0.47258846560364964], [0.5478623534919189, -0.18921817417965126, -0.8148885348232695], [0.1797797009943623, -0.9246958641187948, 0.33558429342264096]], "T": [0.0035922899371482117, 0.07916826762834403, 0.04204526005720374], "aligned_model": [[0.45239424083125646, 0.18084503467505858, -0.5634448723243091, -0.380476544361496, -0.4956024602384923, -0.6623770977790263, -0.07507908495014037, 0.0390815281916228, 0.5766172812107118, 0.3197833128726099, -0.011846634169720559], [-0.2746133526700403, 0.7382163523909486, 0.5197283387479547, -0.21182072366227592, 0.44850484352865305, -0.28966660244339215, -0.5892237317929397, 0.15276853997152987, -0.08657205471357712, 0.515983503867485, -0.007718581980862782], [-0.4046454629855619, -0.4059789223549901, -0.4213936929961507, -0.4023717763975857, 0.2123197052947451, 0.5065468908902755, -0.07549015892531388, 0.7168341713950533, 0.27583198617376403, 0.3552785953226061, 0.022635098604735896]], "inverted": false, "swapped": true, "error_lsq": 0.05002217482465805, "error_max": 0.2727816072940559, "target": "1009.xyz", "model": "24.xyz", "model_rescale": 3.7841303162186577, "target_rescale": 4.050413919344414},
{"mapping": [6, 4, 8, 5, 3, 12, 14, 13, 1, 11, 9, 0, 10, 7, 15], "R": [[-0.8365234705909813, 0.527847919636783, 0.1469865874341603], [0.2087683846393118, 0.05902062709223299, 0.9761825275801305], [0.5066006758044369, 0.8472857483238817, -0.15957009732944327]], "T": [0.057106720882667605, -0.019573051577941078, 0.03919662836605592], "aligned_model": [[-0.6354237777669609, -0.35746601647145265, 0.15866108909197404, 0.13018316695501403, -0.3104662803404311, 0.5240060442903677, 0.7272601194530155, 0.19609686331283743, -0.3038307845609966, -0.2506785383166052, 0.6356453002546936, -0.20611119975488518, 0.3912663642984152, -0.2874017820445703, -0.00406530782673082], [0.18497323311091535, 0.04695102003973921, -0.5195368082929046, 0.47308833331199396, 0.650467654750703, 0.5024771604823516, 0.306663913847347, 0.7224641373907956, -0.571728439155533, 0.4280859738232436, -0.0560625222340622, -0.6764706669834197, -0.21215907732707234, -0.22847231611269536, 0.012668078450930279], [0.014931878148693355, -0.5775758873935819, -0.2594348098783667, -0.682802913400731, -0.21563160450386537, -0.2517337831026853, 0.3107897561975117, 0.24428818783561845, -0.3041471336805959, 0.581688287619158, -0.038920842378699166, 0.2405217348019701, 0.7148467306198882, 0.5495695790481343, 0.0340817445394649]], "inverted": false, "swapped": false, "error_lsq": 0.05377695246520841, "error_max": 0.3813206350798799, "target": "1009.xyz", "model": "25.xyz", "model_rescale": 4.19342608120988, "target_rescale": 4.050413919344414},
{"mapping": [0, 2, 8, 6, 9, 4, 12, 5, 11, 3, 10, 14], "R": [[-0.2119384104646168, 0.8389394802239083, 0.5012610683978664], [-0.9682298424737283, -0.11059797650401838, -0.22427451869643258], [-0.132714288277606, -0.5328683102933177, 0.8357262001230507]], "T": [0.003283811803980692, -0.0865528890340796, -0.0877726567372499], "aligned_model": [[-0.37388393241116047, 0.611793945557732, 0.23630568085641893, -0.40002927019057427, -0.5561511258973236, -0.4038738187378696, -0.17586042263977153, -0.1881801529812086, 0.5013524124531558, 0.2247841396854995, 0.19543445838240658, -0.0738833594455239], [-0.6868472797816283, -0.19294319492184014, -0.6413023992417854, 0.6359641349472016, -0.24880186782113398, -0.17777722735574275, 0.48297658227921386, 0.5186364810250677, 0.0036005948441930613, -0.10256408372367193, 0.5252204972749803, -0.10338580978387381], [0.06555172227818254, -0.0023562891651111306, -0.3078579080604358, -0.10013923210815737, -0.4447872841604543, 0.5092485235625288, -0.7502375058980462, 0.4844924561377012, -0.5414427784968571, 0.6978289140131443, -0.029379639816763628, -0.1316625170763103]], "inverted": true, "swapped": true, "error_lsq": 0.04854759817856009, "error_max": 0.26725817989354056, "target": "1009.xyz", "model": "26.xyz", "model_rescale": 3.795458400668931, "target_rescale": 4.050413919344414},
