[{"mapping": [1, 9, 0, 7, 5, 12, 8, 4, 10, 3, 6, 13, 2, 14], "R": [[0.8907225893311064, 0.20843766495345625, -0.4039393626326112], [-0.4157393462374338, 0.01428452611587661, -0.9093716227724044], [-0.18377721525085916, 0.9779313330405136, 0.09937928864830858]], "T": [-0.11797387897752123, 0.09894744500554498, 0.09528306323272998], "aligned_model": [[0.25000510835643486, 0.30398478516015404, -0.44387040031281655, -0.6797636311065397, -0.6811174674127489, 0.05435106811885829, -0.5530902723469244, -0.18924857485832525, -0.2289656380797106, 0.35546099689580035, 0.5017581399758674, 0.1667340378220973, 0.5466045908034673, -0.031350641887310626], [-0.5780220218612739, -0.4652004633752973, -0.4775004940679759, -0.2821169874515661, 0.37177890988632756, 0.30092055347656427, 0.34731414647802905, 0.2287101490485238, 0.7171564576577079, -0.13897792137228393, 0.6033800899385139, 0.6903450812635614, -0.09872717232808953, 0.01621300451729288], [0.2855023063514205, -0.2900523387791517, 0.4082114994119923, -0.1221252818342568, 0.45534387628339235, -0.643564102755593, -0.2101740048678891, 0.6881343456885305, 0.35921048764396946, 0.6970172192138234, 0.3177082148411836, -0.19699370867573915, 0.11842891921830206, 0.03094065543984903]], "inverted": true, "swapped": true, "error_lsq": 0.04846474823194534, "error_max": 0.2899821385764601, "target": "101.xyz", "model": "0.xyz", "model_rescale": 3.8414455957264533, "target_rescale": 4.160804975433551},
{"mapping": [10, 12, 13, 8, 6, 5, 9, 3, 4, 11, 2, 1, 0, 7, 14], "R": [[-0.1263467576030583, 0.9620617996496221, 0.24181313135999083], [0.9822002821067586, 0.08717095186810742, 0.16638458756691396], [0.1389931749137273, 0.25853107899310335, -0.9559511381457023]], "T": [-0.06530671348104168, -0.023972579843062607, 0.042467377447043334], "aligned_model": [[0.06648165914808081, -0.5485683006402545, -0.7943316960960681, -0.5147204649609038, 0.37020461179056735, 0.5126195992169691, -0.2540825072195168, 0.4153584035457289, 0.2728990261656669, -0.7035202092524192, 0.5771806841149756, -0.08474427266198713, -0.3196004555749999, -0.061780147239599334, -0.06117171596075893], [-0.3696720881561613, -0.22619449749131154, -0.057392106671760014, -0.6634502934337908, -0.6707018338423832, -0.17376523254121468, -0.37145685741527434, 0.41283665763740945, 0.3776131511506135, 0.31837569422746903, -0.11988474643172212, 0.6407162963011988, 0.6026204976343872, 0.15995940677194775, 0.01513420529643033], [-0.5332973099055585, -0.5123786176417705, 0.24802201881774016, -0.07328205582216211, 0.08827492448125376, -0.23661347691495938, 0.5984602339946504, -0.3951804459971333, 0.1844639026879391, -0.4066947260147019, 0.3926323783380474, -0.5109843100487197, 0.3036821884673163, 0.658187760222798, -0.038264030437058685]], "inverted": true, "swapped": false, "error_lsq": 0.04453051988820978, "error_max": 0.2857839524196427, "target": "101.xyz", "model": "1.xyz", "model_rescale": 4.316132596720782, "target_rescale": 4.160804975433551},
{"mapping": [12, 8, 11, 2, 9, 13, 1, 6, 0, 10, 4, 14], "R": [[-0.8953744810460639, 0.2163444449196818, 0.38922952077647804], [0.2106052356816676, 0.9758529749589048, -0.057934497213012984], [-0.392364592432805, 0.030100704580626567, -0.9193171238418162]], "T": [0.1153188105296716, 0.006756004533421114, -0.02121589983830919], "aligned_model": [[-0.3435949938288727, 0.38973312742815636, -0.07657109305749399, -0.4838474183096916, -0.440418624754114, -0.2522623410471194, -0.15498684646344443, -0.34538113908342705, 0.5292535609651029, 0.3389773781445605, 0.42884394050500385, 0.008063004133119916], [-0.5983049381828222, -0.4566759456079332, -0.5869266182061557, 0.30735294198519025, -0.1571753996472577, -0.15357124413190146, 0.3464887167807172, 0.45538658662787146, 0.16849188244658392, 0.18795591430441103, 0.5139124583071002, -0.014157926934823524], [0.17799136507612967, 0.21168735239545566, -0.5587202651881449, -0.19986874447498723, -0.5771635111854039, 0.5749508082208302, -0.6855923674141351, 0.5026917006927776, -0.6033881281589074, 0.5962812071190858, 0.11252044156742594, -0.1021313974407051]], "inverted": true, "swapped": true, "error_lsq": 0.05976597237697609, "error_max": 0.2726312900302633, "target": "101.xyz", "model": "2.xyz", "model_rescale": 3.795458400668931, "target_rescale": 4.160804975433551},
{"mapping": [7, 1, 9, 6, 8, 13, 2, 5, 3, 10, 12, 14], "R": [[0.7746375003756857, -0.57162363277017, 0.2705238722744141], [0.27311582880613355, 0.6882089316560965, 0.6721429985087347], [-0.5703897676740428, -0.4467828206717533, 0.6892319087834976]], "T": [0.10905659041709512, -0.01655587179434202, -0.04898465103020829], "aligned_model": [[0.002143141753439104, -0.3225721828811128, -0.6706802128223647, 0.2636968924314412, 0.24697817239546216, 0.12128418387798129, -0.29598131341327794, 0.7690497565196199, 0.15929950285033995, 0.694525477369155, -0.3524428438166709, -0.021996748520447362], [-0.07433837328301639, -0.6741262370556622, -0.20276730484819522, 0.11929226549376166, 0.4217945047724893, 0.5750183651944418, -0.25041254194510115, -0.004922309036345128, -0.6561764235140094, 0.25620441091501683, 0.6175169277979627, -0.041314239201633705], [-0.7513484547689582, 0.05673843742777505, -0.0028200684053504774, 0.7545230821288584, -0.41387216687590983, 0.35860077749548913, 0.46339302390346865, -0.34136313764460285, 0.4318419868566126, 0.1677807748493305, -0.012186340671129052, -0.022516483656483264]], "inverted": false, "swapped": true, "error_lsq": 0.04857979942143777, "error_max": 0.2632016048404015, "target": "101.xyz", "model": "3.xyz", "model_rescale": 3.7530521520055578, "target_rescale": 4.160804975433551},
{"mapping": [12, 6, 2, 3, 9, 5, 11, 8, 7, 0, 14], "R": [[0.6226926927703127, 0.6102999073220472, 0.48968135914404365], [-0.73820599410073, 0.6657037075840784, 0.10904349582879636], [-0.2594334609186141, -0.4293863025662469, 0.8650558840469658]], "T": [-0.12606826752969247, 0.061089573631071606, -0.06793381024084152], "aligned_model": [[-0.5754896486024249, -0.0587773429744175, 0.3453909015962153, 0.5881243337279269, 0.26589050928730307, -0.39719090120416417, -0.1321614356048567, -0.6716336236866972, -0.24844571145597144, 0.283261351378453, -0.06076883001616147], [-0.581262250157313, -0.0007366728448829768, -0.33743800945820507, 0.22283074729892438, -0.6062711846513954, 0.7244676767723711, -0.5037217917459947, 0.1163354462598129, 0.1211070629196162, 0.36884459435233796, -0.05695226043092515], [-0.11022701698384355, -0.8923381184400093, -0.3844421748188924, -0.3944330861709897, 0.14605984479538706, 0.019436140551592762, 0.5313513716679601, 0.14092655064775542, 0.6317131564383401, 0.45567012935044937, -0.05088601979243352]], "inverted": true, "swapped": true, "error_lsq": 0.04644723741901708, "error_max": 0.2713966189303848, "target": "101.xyz", "model": "4.xyz", "model_rescale": 3.7855080009869324, "target_rescale": 4.160804975433551},
{"mapping": [0, 2, 9, 3, 5, 4, 10, 1, 6, 14, 7, 12, 13, 8, 16], "R": [[-0.9645088757492316, 0.2354532796422677, 0.1195172862252711], [0.07120564425435656, -0.2039350631262407, 0.97639144110035], [0.2542683323327451, 0.9502485165120735, 0.17993157599301013]], "T": [-0.09674155846519396, 0.07976358265095802, 0.028386364254086697], "aligned_model": [[0.21265161692381412, -0.5092512109245062, -0.7169892629178579, -0.3734796306424477, 0.1875644479932057, 0.6029870864070984, -0.25788486627388923, 0.21686698355650136, 0.4443169914051428, -0.7102986519807586, 0.43561611433431824, -0.23793588153655992, -0.15064575293459942, -0.12339017225917767, -0.14790359677480353], [-0.3853910535483634, -0.15204213231677166, -0.26828662776364304, -0.5240783942918481, -0.6779025624037506, -0.07992726878565141, -0.3795144934154972, 0.16675240831515048, 0.38042952636665256, 0.29366580041194584, -0.23105522083362867, 0.6064118693782045, 0.7635319459752379, 0.2807694799857054, 0.08137497596209634], [-0.516022407502483, -0.5389650125089285, 0.061064421120968146, -0.17460996992133831, 0.04306123900370332, -0.15016177877177642, 0.5706600564681311, -0.6551241079187697, 0.23558844911020393, -0.16000400908418363, 0.4542460259829314, -0.3787634954165604, 0.26167331633422036, 0.7023272775270029, 0.012058429804560681]], "inverted": false, "swapped": false, "error_lsq": 0.03877885779135227, "error_max": 0.2536292449650219, "target": "101.xyz", "model": "5.xyz", "model_rescale": 4.2253639853439635, "target_rescale": 4.160804975433551},
{"mapping": [0, 3, 10, 5, 4, 13, 8, 7, 2, 1, 6, 12, 11, 14], "R": [[0.10018244371574345, 0.35478014418811854, -0.9295668492695939], [-0.9775724083697538, 0.20904114622834916, -0.025573141725204807], [0.18524487675857967, 0.9112808834126809, 0.36776553286204355]], "T": [0.04534821807442457, -0.06438413543872747, 0.06520010407827243], "aligned_model": [[0.6131951697958552, -0.15936397488985038, -0.4571627699492704, 0.04301692813564595, -0.16120986118164418, -0.517279051907428, 0.15100625650929972, 0.7074942178832989, -0.15824101550491693, 0.34969792513999504, -0.7489672640957991, -0.036336352660594096, 0.6674196053653662, 0.08079234011782563], [-0.20058186367121206, 0.19569139737186475, -0.5232188242673842, -0.7798051928483234, -0.40494480391669696, 0.023821371480933204, -0.41071911644424336, -0.27545804969963505, 0.5551668167491913, 0.4565160664900916, 0.1387293336922807, 0.27089458681518985, 0.33228895518349416, 0.06671846969944027], [-0.37686888770371657, -0.6650647050276672, 0.09855688018554543, -0.031643967612046575, -0.3982039051003453, 0.5032706658363028, 0.5269411294136317, 0.22361315102042062, -0.17140836808061627, -0.4504681905468029, -0.06050132829387522, 0.7703950898331406, 0.43108175530159104, 0.07185888970588647]], "inverted": false, "swapped": true, "error_lsq": 0.038491213103090956, "error_max": 0.22340590155666123, "target": "101.xyz", "model": "6.xyz", "model_rescale": 3.89814844738969, "target_rescale": 4.160804975433551},
{"mapping": [2, 6, 13, 1, 12, 10, 3, 9, 0, 5, 8, 7, 14], "R": [[-0.31513408395582704, 0.8857321159944571, 0.34083592508024085], [0.8241897876111552, 0.07735927833457318, 0.561005112323438], [0.47053342402724263, 0.45770532086871774, -0.7543899098753001]], "T": [-0.08374378193625337, 0.13659262616031856, 0.027036482953669862], "aligned_model": [[0.016561667787276482, -0.06807847069932846, 0.3611387132415822, -0.29251871232330784, 0.6979167688892891, -0.2597273909256036, -0.5890830704442003, 0.29022435323023044, -0.5555521495041756, -0.5149424177287691, 0.14846374175862898, -0.07015706345278108, -0.01561416892461856], [-0.37930137874361014, 0.24616842821790727, 0.4853415404975985, -0.6288568511461647, 0.20355500094365753, 0.7265390198790741, -0.3018851033496004, -0.5725792235351973, -0.17744134242039042, 0.6710713100584123, 0.5698425131491612, 0.10185011078082404, 0.019477241138813217], [-0.4258075519454216, -0.7949980408258633, -0.41646011645842795, 0.007551083932130522, -0.0030796634246080014, -0.26477212071426487, -0.41478083262778037, 0.07196387208916774, 0.49093787993421084, 0.2497734836262969, 0.347490092693662, 0.7388598981991692, 0.015597046358024239]], "inverted": false, "swapped": true, "error_lsq": 0.04838792705512355, "error_max": 0.2711654025828642, "target": "101.xyz", "model": "7.xyz", "model_rescale": 3.7474275329858107, "target_rescale": 4.160804975433551},
{"mapping": [2, 3, 5, 8, 4, 13, 9, 1, 12, 6, 13, 0, 10, 11, 14], "R": [[0.7013885957892312, 0.6909678050273776, -0.1749786561625688], [-0.7113369861211, 0.6629422356225783, -0.23346795155628544], [-0.04531809652843692, 0.2882205486140532, 0.9564910796675803]], "T": [-0.10434134137517015, 0.06005860751943673, 0.0009061830235403308], "aligned_model": [[0.12510525624080995, -0.5995562707859023, -0.77664253621847, -0.29580213918389153, 0.2577164595479057, 0.7034257970112667, -0.41763397320357787, 0.2749307524851423, 0.3821999764678373, -0.8168009408833437, 0.7034257970112667, -0.2839193477934058, -0.2775549750129433, -0.049284728240953285, -0.05738491306626049], [-0.4019241388248007, -0.07643069708031355, -0.17898750187302842, -0.5895439690781392, -0.6307944837926422, -0.22135460925578956, -0.30998225458964357, 0.26242038149012903, 0.37130140365854813, 0.42773476877705385, -0.22135460925578956, 0.5098215589893162, 0.746525065015198, 0.15642862583549802, 0.03087871302024156], [-0.6643123500710606, -0.4993611259255975, 0.06327223964478788, -0.08014670857671598, -0.06123881565548696, 0.27736717531680244, 0.588492710523956, -0.6155386330825742, 0.2178118922209993, -0.15450828834016633, 0.27736717531680244, -0.445947556720144, 0.27298006920794016, 0.6125936395810686, -0.02180298921292974]], "inverted": false, "swapped": false, "error_lsq": 0.04664707586788519, "error_max": 0.3682683902887349, "target": "101.xyz", "model": "8.xyz", "model_rescale": 4.019505241142653, "target_rescale": 4.160804975433551},
{"mapping": [4, 7, 1, 3, 6, 2, 9, 10, 13, 8, 11, 12, 14], "R": [[0.8448462240110778, 0.05818666556996652, -0.5318356604479179], [0.4009525608882152, -0.7270157097937348, 0.5573914258672215], [-0.3542201316856599, -0.6841509114683406, -0.6375465697857945]], "T": [-0.1176536469666082, -0.1302569490662454, 0.02475953964324538], "aligned_model": [[-0.2598250171228233, -0.6858107462173834, 0.12381726236837663, 0.2233769125404234, 0.5229347494653366, 0.5034520208482839, 0.27875287695462075, -0.18391263375893857, 0.2842017317269508, -0.46456220875780696, -0.17839194492749177, 0.18976892346244073, -0.034101154840811984], [-0.6499601575004178, 0.29990553205728304, 0.18684327604158923, -0.41560716300083966, -0.6495889431603825, -0.02493032215501026, 0.5283546431827142, -0.7433854045075802, -0.3271647028475728, -0.06886160992870739, 0.6891662051041342, 0.2670484403173037, -0.028441565488454987], [-0.26348855036615226, 0.00920427717664472, -0.6615485557653784, -0.6424034606972208, 0.11383143714809439, -0.26577372618953743, -0.2073783227639188, 0.3143152045277164, 0.5868761330409421, 0.49401573482866246, 0.07997084267120279, 0.6281035123352543, -0.009021031902430397]], "inverted": true, "swapped": true, "error_lsq": 0.05691638921940934, "error_max": 0.2960658849409738, "target": "101.xyz", "model": "9.xyz", "model_rescale": 3.877068213659057, "target_rescale": 4.160804975433551},
{"mapping": [8, 9, 2, 7, 1, 0, 4, 11, 12, 14, 5, 10, 6, 3, 15], "R": [[0.5548211196569703, 0.05642848098642206, -0.8300538245897979], [0.7367133287126877, 0.4302375465889561, 0.5216791397038869], [0.38655788244408806, -0.9009503205164429, 0.19713326325524497]], "T": [-0.1639862188116328, 0.05380215029975669, 0.038330336751525404], "aligned_model": [[-0.0449133521711412, -0.4967182560535449, -0.7481857985753083, -0.2895117077191254, 0.3271961228491872, 0.5848600682289404, -0.35299086140561436, 0.269850853807182, 0.46725138203176453, -0.7707062516616716, 0.43730866903758214, -0.21556982119757784, -0.14854107260226476, -0.0689840243206113, -0.07812173587231623], [-0.4210807896451149, 0.015487757101947948, -0.2446731266078531, -0.7524365884244724, -0.6423653009558411, -0.10182686281693829, -0.39012074979542594, 0.2552314314024222, 0.44272410721181826, 0.4365828762299124, -0.15348429636495095, 0.6114346191792478, 0.6280535267786823, 0.15040262932445, 0.0408090204179533], [-0.5580175328576726, -0.5304109951089114, -0.061563196714738186, 0.015768926518390847, 0.20263918391537467, -0.1825200295503242, 0.5129885122778455, -0.5236900502449827, 0.13038476862036286, -0.2697139201879869, 0.4927224902027586, -0.3970958235513786, 0.26261002641485265, 0.6583337828889764, 0.014592291605114847]], "inverted": false, "swapped": false, "error_lsq": 0.044022321550837844, "error_max": 0.28303369138664897, "target": "101.xyz", "model": "10.xyz", "model_rescale": 4.260839863003843, "target_rescale": 4.160804975433551},
{"mapping": [6, 2, 1, 3, 0, 4, 10, 13, 11, 7, 8, 14], "R": [[-0.13133578784573197, 0.6138234009194072, 0.7784418689373498], [0.9667863755476065, -0.0943696767349696, 0.2375257210671305], [0.21926015343984379, 0.7837826207544223, -0.5810419851584447]], "T": [0.04642771965473926, 0.08667693614437148, 0.021552247345178084], "aligned_model": [[0.4035322092047674, 0.10446701161613078, -0.4117105080738251, -0.3855230026038788, -0.6436157665861276, -0.30761586929403306, 0.22597613418209941, 0.7191137721709701, 0.11801052065268905, -0.21709924678627576, 0.28881738656885686, 0.06454600804275715], [-0.008167294451146265, -0.5254946207184277, -0.560030600260533, -0.26538097238051706, 0.04974990531855612, 0.366225054960948, 0.6172871019690507, 0.1686566581803487, -0.33035953319511785, 0.21595909080898612, 0.4896230660256812, -0.04498935072489489], [-0.7210606882572904, -0.299622086997623, -0.020379617539965138, -0.5549083833303522, 0.26424826449645944, -0.3906334767323551, -0.3662292091912698, -0.2172118064447879, 0.7280564725653146, 0.6711089255723219, 0.3725479459209347, 0.050261737334117734]], "inverted": false, "swapped": true, "error_lsq": 0.04179582865142862, "error_max": 0.2177285063901039, "target": "101.xyz", "model": "11.xyz", "model_rescale": 3.890672605050136, "target_rescale": 4.160804975433551},
{"mapping": [9, 11, 7, 1, 0, 6, 12, 3, 2, 13, 5, 8, 4, 14], "R": [[-0.06207737110556047, -0.2843828142931939, -0.956698915506496], [0.9434971097880349, 0.29590328550659695, -0.14917925273987098], [0.3255143680672906, -0.9119033175513094, 0.24994546529326828]], "T": [0.032552641330185796, 0.08818876996313406, 0.1530433453343254], "aligned_model": [[0.28150018716139075, 0.30157584240446805, 0.44644903914945455, 0.6050046679169669, 0.748408464403538, -0.5052945038582227, -0.4617025065007388, 0.33369564332566576, 0.036516073026316855, -0.677964889677933, 0.07262523840367507, -0.1811337960112482, 0.15069451898409095, 0.05950185606626915], [-0.42126656804935725, 0.10127626908674332, 0.5546418360249891, -0.4560121417714219, 0.2246810293370265, -0.40339787580649905, 0.0480633214683817, -0.488323855922172, -0.60358265922893, -0.006982683853916746, 0.6625499777912495, 0.6004915779823198, 0.12955630414934333, -0.00954201137999175], [-0.41553006840411844, -0.6251898903104907, -0.1922037036313946, 0.07543149336646152, 0.22615475999126197, 0.549346303652577, -0.455632229871316, 0.6218494253689915, 0.1009654378638526, 0.1046418374481154, 0.5886060715006229, -0.03722029812844471, 0.7511422573904306, 0.06242903912031217]], "inverted": false, "swapped": true, "error_lsq": 0.04368688599900094, "error_max": 0.24613808203082382, "target": "101.xyz", "model": "12.xyz", "model_rescale": 4.124412569039231, "target_rescale": 4.160804975433551},
{"mapping": [2, 12, 11, 6, 9, 3, 13, 4, 8, 10, 0, 7, 14], "R": [[0.0016965812343164854, -0.09002657997531624, 0.9959379179999441], [-0.4337988629401239, -0.8974170113571284, -0.08038192731389132], [0.9010081398766446, -0.4319003619178711, -0.040575968888505176]], "T": [0.12301446749273076, 0.11790213587102548, -0.10230267655897124], "aligned_model": [[0.02385808313614464, -0.1404590950634152, 0.6328011307669044, -0.5924903430048065, 0.4539465182519268, 0.14673408951055908, -0.5363338367761683, 0.0414347933877319, 0.07688860920432264, -0.3887438820677463, 0.7862935709316927, 0.7022852642185953, 0.1610834050140162], [-0.307840094812978, 0.6686982979933667, 0.5413318427241571, -0.2752292253430137, 0.0644159422449032, -0.6803921518687673, 0.3417252942720815, -0.2900813791149612, 0.6592160820438464, 0.11400978709383147, -0.09668424209675826, 0.5053304153680712, 0.10298480800469795], [0.43638748664923305, 0.3912451207732274, 0.38659053848273817, 0.044304334334223955, 0.6273674911789533, -0.031615578536498476, 0.07489348840597945, -0.5498351256791838, -0.3240411069397049, -0.5520220118620516, -0.32688783319677983, -0.25206544927753144, 0.027376726635234244]], "inverted": true, "swapped": true, "error_lsq": 0.050034390470490714, "error_max": 0.2612588642096642, "target": "101.xyz", "model": "13.xyz", "model_rescale": 3.9028299243045295, "target_rescale": 4.160804975433551},
{"mapping": [2, 1, 9, 6, 3, 0, 7, 8, 5, 11, 4, 12, 13, 10, 15], "R": [[0.3732144279627617, -0.8913260938597212, -0.25738839361012317], [0.9085111463639399, 0.2949304893700033, 0.29601267434427553], [-0.1879321358706602, -0.3443164254646321, 0.9198520051955914]], "T": [-0.06796907304073364, 0.0031376819525665844, -0.04802406811496536], "aligned_model": [[0.17060093029556944, -0.49059266536544044, -0.7286603948996448, -0.41704307841201627, 0.16332899535854845, 0.7040704994191548, -0.3162488318349817, 0.48453339089757463, 0.24989214868612702, -0.7514928349206398, 0.4048188583116788, -0.20904170549824008, -0.1137456843208644, -0.13190950480399016, -0.14628590853735518], [-0.24685376750722499, -0.15127537567727428, -0.23664900780818593, -0.5575179876858187, -0.5690272196908349, -0.27951396383651594, -0.43469793538704554, 0.3401267979384778, 0.3879780501265551, 0.2156165967999817, -0.10315630200970313, 0.5838936135480605, 0.7643432372401158, 0.20581746757036454, -0.04434595058511418], [-0.6982074255310816, -0.5167933744766015, 0.27883182841677423, -0.13869281204373282, 0.04039524041155919, -0.15422837562367314, 0.7051592358682556, -0.46955286025941184, 0.06583535574256635, -0.2310668664675148, 0.4258286883649814, -0.4044807264186719, 0.17807758215392483, 0.6662483783204449, 0.01967456576986272]], "inverted": false, "swapped": false, "error_lsq": 0.03637912665727099, "error_max": 0.21592138970134003, "target": "101.xyz", "model": "14.xyz", "model_rescale": 3.942246331269136, "target_rescale": 4.160804975433551},
{"mapping": [0, 8, 6, 7, 2, 1, 9, 12, 3, 11, 5, 13, 4, 10, 14], "R": [[0.02974267290816952, 0.7505459929464308, 0.660148533195624], [-0.4294032891592622, 0.6059869625997676, -0.6696212484817928], [-0.9026229493357039, -0.2635536257219092, 0.34031059005172176]], "T": [-0.09830196074110427, 0.051343840218469036, 0.031065838963022594], "aligned_model": [[0.07002028263910041, -0.5470190199292188, -0.612877663772815, -0.4153871441670672, 0.20322348779856075, 0.6709336819410862, -0.32442103214358214, 0.35459266760662245, 0.5134218379391315, -0.7190492882877931, 0.40963256989070923, -0.18568611862185008, -0.10490800071202609, -0.3962839911039837, -0.04396805470139378], [-0.49767107723736137, -0.19903515670098254, -0.16342488689560586, -0.7403065405767036, -0.6493628031784969, -0.015536465140877878, -0.4326538345527655, 0.39210023959063905, 0.40749436427835994, 0.3879691114237723, -0.21195722785324678, 0.7123281274006447, 0.5990097694801192, 0.2897945763420778, -0.004009943343733877], [-0.4282463921637788, -0.5475569094516682, 0.07437437209035799, -0.02997651655853786, 0.05827838058994814, -0.21478978241459887, 0.6333769898613609, -0.5578720101037843, 0.15555972973977455, -0.09330138656745929, 0.30575587943272564, -0.434115445650901, 0.24006910947446805, 0.6338497737739023, -0.028377357824127227]], "inverted": true, "swapped": false, "error_lsq": 0.04885855308880143, "error_max": 0.37430214846720633, "target": "101.xyz", "model": "15.xyz", "model_rescale": 4.355366556412066, "target_rescale": 4.160804975433551},
{"mapping": [12, 8, 11, 2, 9, 13, 1, 6, 0, 10, 4, 14], "R": [[-0.8953744810460639, 0.2163444449196818, 0.38922952077647804], [0.2106052356816676, 0.9758529749589048, -0.057934497213012984], [-0.392364592432805, 0.030100704580626567, -0.9193171238418162]], "T": [0.1153188105296716, 0.006756004533421114, -0.02121589983830919], "aligned_model": [[-0.3435949938288727, 0.38973312742815636, -0.07657109305749399, -0.4838474183096916, -0.440418624754114, -0.2522623410471194, -0.15498684646344443, -0.34538113908342705, 0.5292535609651029, 0.3389773781445605, 0.42884394050500385, 0.008063004133119916], [-0.5983049381828222, -0.4566759456079332, -0.5869266182061557, 0.30735294198519025, -0.1571753996472577, -0.15357124413190146, 0.3464887167807172, 0.45538658662787146, 0.16849188244658392, 0.18795591430441103, 0.5139124583071002, -0.014157926934823524], [0.17799136507612967, 0.21168735239545566, -0.5587202651881449, -0.19986874447498723, -0.5771635111854039, 0.5749508082208302, -0.6855923674141351, 0.5026917006927776, -0.6033881281589074, 0.5962812071190858, 0.11252044156742594, -0.1021313974407051]], "inverted": true, "swapped": true, "error_lsq": 0.05976597237697609, "error_max": 0.2726312900302633, "target": "101.xyz", "model": "16.xyz", "model_rescale": 3.795458400668931, "target_rescale": 4.160804975433551},
{"mapping": [2, 6, 13, 1, 12, 10, 3, 9, 0, 5, 8, 7, 14], "R": [[-0.31513408395582704, 0.8857321159944571, 0.34083592508024085], [0.8241897876111552, 0.07735927833457318, 0.561005112323438], [0.47053342402724263, 0.45770532086871774, -0.7543899098753001]], "T": [-0.08374378193625337, 0.13659262616031856, 0.027036482953669862], "aligned_model": [[0.016561667787276482, -0.06807847069932846, 0.3611387132415822, -0.29251871232330784, 0.6979167688892891, -0.2597273909256036, -0.5890830704442003, 0.29022435323023044, -0.5555521495041756, -0.5149424177287691, 0.14846374175862898, -0.07015706345278108, -0.01561416892461856], [-0.37930137874361014, 0.24616842821790727, 0.4853415404975985, -0.6288568511461647, 0.20355500094365753, 0.7265390198790741, -0.3018851033496004, -0.5725792235351973, -0.17744134242039042, 0.6710713100584123, 0.5698425131491612, 0.10185011078082404, 0.019477241138813217], [-0.4258075519454216, -0.7949980408258633, -0.41646011645842795, 0.007551083932130522, -0.0030796634246080014, -0.26477212071426487, -0.41478083262778037, 0.07196387208916774, 0.49093787993421084, 0.2497734836262969, 0.347490092693662, 0.7388598981991692, 0.015597046358024239]], "inverted": false, "swapped": true, "error_lsq": 0.04838792705512355, "error_max": 0.2711654025828642, "target": "101.xyz", "model": "17.xyz", "model_rescale": 3.7474275329858107, "target_rescale": 4.160804975433551},
{"mapping": [7, 8, 12, 5, 1, 3, 9, 13, 0, 2, 4, 10, 6, 14], "R": [[0.4860383092293953, -0.8588473879398587, 0.1617032040199355], [-0.15098421148454627, -0.2647657716000116, -0.9524194737989351], [0.8607964508778023, 0.4384977199689101, -0.2583587036239477]], "T": [0.04874027164057204, -0.036910783443596426, -0.05825098607144199], "aligned_model": [[0.2790272868719489, 0.15585317185163627, 0.6829255502470885, -0.48484809058952083, 0.18908412759324045, -0.3254638330396155, 0.6840583065820863, 0.1556047903810503, -0.09015258676751747, 0.22437414816285667, -0.5529554884332165, -0.4366056623700909, -0.21978346542859617, 0.1537293928215262], [-0.42816854949956384, 0.20750858633090719, 0.42427998470946876, -0.011673726391293562, -0.6533743259310836, -0.36073183576067547, -0.3509447861384542, 0.6609489622783152, -0.7357032798642485, -0.09769499391983884, -0.12393678613665891, 0.4273458771077848, 0.4781407269819147, -0.0755876122553403], [-0.6077684716008177, -0.5808429042247507, -0.09693258887372369, -0.5439031755685644, 0.4214946314406216, 0.572577255409747, 0.3193056168962297, 0.0751927226318822, -0.2280237638645208, 0.6101303038060342, 0.0032288635333453386, -0.17255022816126472, 0.5338722788801773, 0.01901417835725986]], "inverted": true, "swapped": true, "error_lsq": 0.04201660388844654, "error_max": 0.27312946621637285, "target": "101.xyz", "model": "18.xyz", "model_rescale": 3.922800546911778, "target_rescale": 4.160804975433551},
{"mapping": [13, 12, 3, 7, 11, 4, 9, 8, 6, 5, 10, 5, 1, 2, 14], "R": [[0.277622338380064, -0.9547589598450332, 0.10658876970870484], [-0.686000530873494, -0.2746912791038043, -0.6737566124540821], [0.6725541679847578, 0.11392993364320875, -0.7312255885473267]], "T": [-0.06454900752093125, 0.04522041707546689, -0.030724885419967263], "aligned_model": [[0.1638753283283687, -0.5779954660215852, -0.6715871106228057, -0.4091320520637312, 0.2337604089287959, 0.6301950068558395, -0.24375916393331493, 0.17584367878560475, 0.5139896294951861, -0.5378830295375988, 0.45032049971652016, -0.5378830295375988, -0.024542217786703485, -0.18272250297059578, -0.1102557652609007], [-0.38991321806276313, -0.1692565744427253, -0.12294095691511661, -0.6742400756413672, -0.5942992336721005, -0.1521234977385426, -0.42104527188296736, 0.34860985998453603, 0.40427657301103503, 0.5200491474999606, -0.1612736541581593, 0.5200491474999606, 0.7226430174614675, 0.08330823221461145, -0.03910524212199177], [-0.5106152783050313, -0.5865903358024809, 0.08052140559767684, -0.07373818443225283, 0.06555450559356923, -0.07819353681955024, 0.6120995175500423, -0.5045991897700458, 0.07945448777400982, -0.39545259282742956, 0.5548263389197416, -0.39545259282742956, 0.2650471572028534, 0.6747631060433321, -0.020596373669323834]], "inverted": false, "swapped": false, "error_lsq": 0.042097160369170876, "error_max": 0.3092103328865344, "target": "101.xyz", "model": "19.xyz", "model_rescale": 3.9282355846067225, "target_rescale": 4.160804975433551},
{"mapping": [5, 4, 3, 10, 8, 6, 13, 2, 12, 11, 0, 7, 9, 14], "R": [[-0.9502583217363979, -0.30270792052955103, -0.07332828117036166], [-0.30583750913121194, 0.8623237697332851, 0.4035605706227904], [-0.05892826129405538, 0.40591332942101244, -0.9120097746292022]], "T": [-0.06687423657163409, -0.13276188073766693, 0.03988198208066107], "aligned_model": [[-0.6408456831187017, -0.11265658971033196, 0.5359593881570722, -0.4133532530814131, -0.6026431371659803, 0.27630776116351946, -0.12448803983598425, 0.6112815049817596, -0.10270723791681062, 0.01842901957696494, -0.049682791313318694, -0.4148586226712308, 0.5128708988966169, 0.038909601122514834], [-0.5529921764750412, -0.6785084825665351, -0.6312346631337417, -0.268473950617636, 0.09950073034829232, -0.06852611503114614, 0.34921445042889765, -0.029558943053418316, 0.6514771967683591, 0.31222808880221753, -0.6412727624773121, -0.15882749572190005, 0.20883671875360293, -0.0689805085998031], [-0.08330395710295009, -0.23114515212597248, -0.13604289461463503, -0.5308138777927235, 0.09751946362872475, -0.712509471547544, -0.4898490244932582, -0.06370117936583998, 0.0315618887346536, 0.7275585164419136, 0.5667084360600086, 0.6614217366677595, 0.4780615383603801, 0.09671713439316601]], "inverted": false, "swapped": true, "error_lsq": 0.04230432524357247, "error_max": 0.23024191803064392, "target": "101.xyz", "model": "20.xyz", "model_rescale": 4.067790424073018, "target_rescale": 4.160804975433551},
{"mapping": [13, 10, 12, 11, 6, 4, 3, 5, 8, 9, 2, 1, 7, 0, 14], "R": [[-0.9456755807284, -0.003280821607723472, -0.3250952663813822], [0.1839439865107173, 0.8191101750842619, -0.5433443943761405], [0.2680714565942234, -0.5736268449811324, -0.7740090030977955]], "T": [-0.023710773919310237, -0.03695113258981712, -0.005425052005006866], "aligned_model": [[-0.11417700261431837, -0.6226267286011649, -0.7453482657607293, -0.37842455914139517, 0.37914571656864027, 0.7711686918025845, -0.2588761019748132, 0.38172728952682083, 0.2903389185005943, -0.6733690944069792, 0.36168411257373384, -0.1814632426258953, -0.19391260596406074, -0.05281660098246475, -0.09082631252507253], [-0.23029915888899904, -0.03780543219166076, -0.15963848269231992, -0.5626551943676253, -0.6573549988918039, -0.014053482705536677, -0.6045941100470625, 0.1003968858145131, 0.4389797269864831, 0.36185398376323985, -0.23175945914004314, 0.5731089149601776, 0.6772847822805169, 0.25878284817032127, -0.037508570014361906], [-0.672175310549472, -0.564518756989584, 0.22085135284388363, -0.13130445454125533, 0.013616834578256607, 0.09514744592425209, 0.582982744743847, -0.41189967533017907, 9.801951189042715e-05, -0.15691249458905746, 0.6005802523534997, -0.5310161461828807, 0.12709797047310273, 0.6396736171733528, -0.04519296519197452]], "inverted": false, "swapped": false, "error_lsq": 0.049113290587508775, "error_max": 0.28469246711442486, "target": "101.xyz", "model": "21.xyz", "model_rescale": 4.186013935880536, "target_rescale": 4.160804975433551},
{"mapping": [12, 11, 8, 6, 3, 13, 2, 9, 5, 0, 1, 4, 14], "R": [[-0.6063197501489822, 0.17690534992857596, -0.7752940459889552], [-0.7732150980503931, 0.09661860255846833, 0.6267401836379808], [0.18578151879613067, 0.9794740133389437, 0.07820412052766856]], "T": [0.09737589576894763, 0.06217633735990811, -0.03565499313587275], "aligned_model": [[0.1052275573421692, -0.5234167999031138, 0.3550492701778219, 0.5098107754066131, -0.09611664693364204, 0.5501858519161352, -0.21379959604810184, -0.6040870382050132, 0.5408693945027583, -0.3289786040902097, -0.5827377204345741, 0.35838930129780283, -0.011821709605420089], [-0.36739157200605643, 0.08582689673125685, 0.31057875553649117, -0.567230106315204, -0.1355775578015713, -0.43374157890413756, -0.49463262435130484, -0.3025249137900009, 0.6214457824646956, 0.5985377465499542, -0.05287432928208837, 0.2729945419557532, -0.016454381241694037], [-0.692765274047446, -0.5762554134588702, -0.5006463752028047, 0.3132547593455819, 0.7168654976153357, -0.29112326396317545, 0.23712535977511376, -0.17614733629137297, 0.07270875944048241, 0.22311759898251757, 0.35688591912897316, 0.47504919863089556, -0.0551898686198851]], "inverted": true, "swapped": true, "error_lsq": 0.05257678245862488, "error_max": 0.30121071726794335, "target": "101.xyz", "model": "22.xyz", "model_rescale": 4.166573947596378, "target_rescale": 4.160804975433551},
{"mapping": [14, 13, 7, 10, 9, 11, 8, 12, 2, 5, 3, 6, 1, 4, 15], "R": [[-0.8975237393589973, 0.39493499045780434, 0.19615680105246708], [0.007945008864079589, -0.43027905115919957, 0.9026609634672859], [0.44089456122886433, 0.8117181108276649, 0.3830479009643236]], "T": [-0.023004248680273606, -0.03213348224663492, 0.02141320827431188], "aligned_model": [[-0.027467341335350712, -0.6117446103855553, -0.7200162998060473, -0.5151213977466901, 0.26110750661960885, 0.7545221564320387, -0.18482029979074677, 0.33217740308144333, 0.27854989939411695, -0.7298566809858009, 0.42654227734869193, 0.00843174023891835, -0.30152314409586767, -0.03602951738576253, -0.06252747720751647], [-0.4624414141843676, -0.16039909859040385, -0.17282861896000395, -0.530831701508642, -0.5591537015356499, -0.08530747538081174, -0.47425240921160466, 0.06336164386023785, 0.5340546356407998, 0.3153376990402228, -0.038973297718058124, 0.6422719326580107, 0.6035235711626658, 0.1759781976985342, 0.024398290064909213], [-0.6425091725321117, -0.573352171567884, 0.0973653428122184, -0.24327912407349944, 0.06590326607459342, -0.09990679516162183, 0.6790039322383461, -0.52090407005164, 0.22465038531459786, -0.24445404867964526, 0.4205219526982719, -0.3297231568530117, 0.1840981682879045, 0.7259509179890888, 0.023663007732074894]], "inverted": true, "swapped": false, "error_lsq": 0.04952600013687478, "error_max": 0.29367931563065586, "target": "101.xyz", "model": "23.xyz", "model_rescale": 4.274766983524099, "target_rescale": 4.160804975433551},
{"mapping": [9, 2, 3, 0, 4, 5, 7, 8, 12, 13, 14], "R": [[-0.5178191054610428, 0.801065227637923, 0.3002630098579049], [-0.36735285612604407, -0.5251862302709464, 0.7676140323299403], [0.7726029077835286, 0.28718273730012983, 0.5662250632754093]], "T": [-0.06872246719484824, 0.10702933608129218, 0.08446864394868692], "aligned_model": [[0.4305199092602861, 0.17725874980645595, -0.4296194721697602, -0.5151164016534264, -0.6308689018167212, -0.6171716249538336, -0.1223368220235737, 0.03944633196534157, 0.6834058497911082, 0.3424884350159208, 0.021888650736277604], [-0.03224639746032719, 0.5025815001524698, 0.5515558242524001, -0.339287231747772, 0.3447776822492234, -0.02951811299275682, -0.6035455349147169, -0.19354740016302707, 0.07414272715180127, 0.5384899713145743, 0.10218350340161422], [-0.528845849939125, -0.4296395682643738, -0.47676447094020713, -0.28695961535589254, 0.1137636039122024, 0.5336565935023592, 0.10158791528583022, 0.5766773914823944, 0.30719184518103276, 0.4856952477579071, -0.016796658600550143]], "inverted": false, "swapped": true, "error_lsq": 0.051650852519545445, "error_max": 0.2136335610445307, "target": "101.xyz", "model": "24.xyz", "model_rescale": 3.7841303162186577, "target_rescale": 4.160804975433551},
{"mapping": [13, 3, 4, 5, 12, 14, 2, 11, 10, 6, 9, 7, 0, 8, 15], "R": [[-0.340048889754138, 0.9366282003590519, 0.08422806461709728], [0.556812142863927, 0.2727104166584517, -0.7845949695258412], [-0.7578436449138173, -0.21990143914521681, -0.6142608297178022]], "T": [-0.07250744375311566, 0.09965292116726983, 0.05427447120302527], "aligned_model": [[0.21149174693165743, -0.4736852315373279, -0.7710331451735102, -0.42081019178744894, 0.1547908864627459, 0.6445374060757113, -0.24046466419361906, 0.04350697731701367, 0.5897986395041946, -0.621608425711599, 0.3353402220651259, -0.048742470527103496, -0.20208392275423706, -0.20693976360577174, -0.1218738486903512], [-0.30032021205721743, -0.32684210861958457, -0.15497162546599919, -0.7053109103332152, -0.6209250703454557, -0.22663611116598864, -0.4232469955429424, 0.2968783380545058, 0.5068838564189148, 0.2573176282780354, -0.18000920023741446, 0.7084036366351658, 0.7594252260193588, 0.18138879495821325, 0.10270300643946215], [-0.5551235511600451, -0.4990430323957919, 0.11698433936827707, 0.04671331180292289, -0.011106976140263167, -0.03889801949858905, 0.5711488051891259, -0.6785763718749538, 0.02654862168258572, -0.38805617886198523, 0.3666685938496704, -0.1730212669117731, 0.35300577386718784, 0.6241033770629573, 0.005681008248355934]], "inverted": false, "swapped": false, "error_lsq": 0.04415585238631344, "error_max": 0.3572218207633119, "target": "101.xyz", "model": "25.xyz", "model_rescale": 4.19342608120988, "target_rescale": 4.160804975433551},
{"mapping": [12, 8, 11, 2, 9, 13, 1, 6, 0, 10, 4, 14], "R": [[-0.8953744810460639, 0.2163444449196818, 0.38922952077647804], [0.2106052356816676, 0.9758529749589048, -0.057934497213012984], [-0.392364592432805, 0.030100704580626567, -0.9193171238418162]], "T": [0.1153188105296716, 0.006756004533421114, -0.02121589983830919], "aligned_model": [[-0.3435949938288727, 0.38973312742815636, -0.07657109305749399, -0.4838474183096916, -0.440418624754114, -0.2522623410471194, -0.15498684646344443, -0.34538113908342705, 0.5292535609651029, 0.3389773781445605, 0.42884394050500385, 0.008063004133119916], [-0.5983049381828222, -0.4566759456079332, -0.5869266182061557, 0.30735294198519025, -0.1571753996472577, -0.15357124413190146, 0.3464887167807172, 0.45538658662787146, 0.16849188244658392, 0.18795591430441103, 0.5139124583071002, -0.014157926934823524], [0.17799136507612967, 0.21168735239545566, -0.5587202651881449, -0.19986874447498723, -0.5771635111854039, 0.5749508082208302, -0.6855923674141351, 0.5026917006927776, -0.6033881281589074, 0.5962812071190858, 0.11252044156742594, -0.1021313974407051]], "inverted": true, "swapped": true, "error_lsq": 0.05976597237697609, "error_max": 0.2726312900302633, "target": "101.xyz", "model": "26.xyz", "model_rescale": 3.795458400668931, "target_rescale": 4.160804975433551},
