[{"mapping": [3, 6, 10, 8, 13, 0, 4, 7, 9, 11, 1, 5, 2, 14], "R": [[0.8569113704274431, -0.2986305702575273, -0.4201460290658779], [0.23483159393647443, 0.9517534986287794, -0.19753328918724797], [0.458864931893271, 0.07060495985086465, 0.8856962876308343]], "T": [-0.03245803939611425, 0.01639385602695617, 0.2885343628082837], "aligned_model": [[0.16248492904898215, 0.3135230451249311, -0.47727625667639395, -0.3135187630604782, -0.5803982325079786, -0.1602782606077655, -0.7572642990070602, 0.01693070677823072, -0.41345716376183944, 0.18391340883269258, 0.6341165146455252, 0.23820247788790605, 0.595109358162001, -0.07059536373044928], [-0.6552630398960196, -0.3861482509700055, -0.4222378235244788, -0.3432333336731296, 0.44092531297431525, 0.27354963477288974, 0.12076007607807679, 0.7249398292426062, 0.6549038358071337, -0.2655521395231535, 0.49937049919633236, 0.5970145803122661, -0.08580631282478236, 0.08205046383798419], [0.22892967509806722, -0.35395874485298884, 0.23319943198326668, -0.31496718733461027, 0.5381749919963531, -0.5195317701027894, -0.028395620661799403, 0.689634609008668, 0.008016167004904595, 0.6595745509518729, 0.41362739379572466, -0.009115418294381394, 0.10055000486599727, 0.2518500037215483]], "inverted": false, "swapped": true, "error_lsq": 0.04394937141049715, "error_max": 0.32694459460857667, "target": "1010.xyz", "model": "0.xyz", "model_rescale": 3.8414455957264533, "target_rescale": 4.132532987497056},
{"mapping": [7, 3, 5, 10, 13, 4, 6, 1, 9, 0, 8, 10, 12, 11, 14], "R": [[-0.13616268593589964, -0.5651142131776801, -0.8136987458656264], [-0.9853297185412759, 0.16254871535041848, 0.051992892757556475], [0.10288376314118616, 0.8088410481686129, -0.578956898291581]], "T": [-0.11490668498949111, 0.05930321812034369, -0.20786942700847522], "aligned_model": [[-0.4311270260487283, 0.6400054730505691, 0.42640662829698095, 0.2231871925912118, -0.7787730403694615, 0.1705352566829885, -0.03391282841855156, 0.4218363752218094, -0.7028000743966554, -0.2594017181280791, -0.5726049208651947, 0.2231871925912118, -0.1887760774869879, -0.19222460405184752, -0.04999029494331865], [0.3211321191012602, 0.26772685507998834, -0.2922018700079384, -0.3893202138111431, 0.271383396922513, 0.3600816748523985, -0.6730115475102787, 0.6130713848081994, -0.1332486061586732, 0.7638175309226434, -0.4298462857473593, -0.3893202138111431, -0.07022756238673963, 0.50513100399824, 0.0833681663981484], [-0.702243096055105, -0.20122839998930608, -0.3410867489348823, 0.1830408525632563, 0.09071131683326111, -0.5598246127187003, -0.46706482245518327, 0.18423463576940713, -0.4956450994542543, -0.2989635429663605, 0.2111144452859366, 0.1830408525632563, 0.5404985530790947, 0.5142974005743579, -0.1506790463912049]], "inverted": false, "swapped": false, "error_lsq": 0.0472214232408325, "error_max": 0.43588879063714736, "target": "1010.xyz", "model": "1.xyz", "model_rescale": 4.316132596720782, "target_rescale": 4.132532987497056},
{"mapping": [5, 0, 9, 11, 7, 2, 12, 3, 4, 6, 10, 14], "R": [[0.9439060270953528, 0.03045457350402586, 0.32880682925656374], [0.20137680376938108, 0.7360608540445607, -0.6462675932203472], [-0.2617036394792693, 0.6762299446903248, 0.6886394317692132]], "T": [-0.13990120156294478, 0.05756825287568893, -0.07121524850153688], "aligned_model": [[-0.21054639146805698, 0.4839716031881492, 0.1973973431940847, -0.5002575656859982, -0.595548349206749, -0.3995528851427505, -0.17585593913516442, -0.10085059219483881, 0.5505012756859415, 0.17271689714232058, 0.27604351637006586, -0.10021035811522319], [-0.6388678928718101, -0.4847741435812967, -0.5360637985884668, 0.4146973391764996, -0.40215887361106245, -0.07416720619382403, 0.5966405702105293, 0.5763685041024266, -0.006898770772795694, 0.05739520635745752, 0.5176677831857943, -0.007062289672471224], [0.023436139846202825, 0.15700707106466189, -0.4778803003591598, 0.00992090735369941, -0.5675968536473108, 0.5244781322406702, -0.5832215233279909, 0.3999533145617885, -0.4660183114985485, 0.7013197646602995, -0.164066555072726, -0.10807332461216519]], "inverted": true, "swapped": true, "error_lsq": 0.04239586456017542, "error_max": 0.23465939600062902, "target": "1010.xyz", "model": "2.xyz", "model_rescale": 3.795458400668931, "target_rescale": 4.132532987497056},
{"mapping": [2, 0, 8, 13, 11, 12, 4, 1, 9, 7, 3, 14], "R": [[-0.7303262699109575, -0.645209090630426, -0.224340742723666], [-0.20423053349077278, 0.5196340664150628, -0.8296205917231205], [0.6518538399580245, -0.5600764826242974, -0.5112738062361238]], "T": [0.038368017928992436, 0.098814862755385, -0.020087765976049436], "aligned_model": [[0.0663732130125056, -0.28249974770564085, -0.6731140805146602, 0.3120038730381552, 0.11766727917314604, 0.014008896001437475, -0.3135189748326616, 0.6947545786346215, 0.22003398364149493, 0.8127154653993467, -0.42797957100017614, 0.05285891089599655], [0.0008248916523977828, -0.6956659771088648, -0.15433772776764793, 0.04738486348462352, 0.5607577456729271, 0.6732607209247903, -0.20253061045956888, -0.10923136408735147, -0.506101679379059, -0.01704871871787668, 0.4580706910509715, 0.030386210024367893], [-0.6752499645450245, 0.015717969823030205, 0.02732485353487358, 0.6620150348394995, -0.23056667066952508, 0.45262855608533076, 0.6295640533697683, -0.4881794138038337, 0.4622184014912205, 0.20864726193863464, -0.40236206764921806, 0.027013416224343917]], "inverted": true, "swapped": true, "error_lsq": 0.05590590937136075, "error_max": 0.2791998167338957, "target": "1010.xyz", "model": "3.xyz", "model_rescale": 3.7530521520055578, "target_rescale": 4.132532987497056},
{"mapping": [2, 0, 5, 9, 1, 4, 11, 10, 12, 13, 14], "R": [[0.36643052173068, 0.930443938660487, 0.0016582382643508253], [-0.8886736100703141, 0.34945127647009977, 0.29688890201220564], [0.2756590058546551, -0.11026278784511867, 0.9549105874938477]], "T": [-0.1739581353126076, -0.15027014642552583, 0.08999510495628568], "aligned_model": [[-0.29521350896147824, -0.11886122782951197, 0.3295389099574012, 0.36669982511731725, 0.34820532900346557, -0.17285409731065862, -0.35282895282731974, -0.6287763636729095, -0.2952389540124009, 0.2776998419293252, -0.12017119894802523], [-0.7560255617675249, 0.09022390462102753, -0.3447347990758616, 0.3025237470167332, -0.7940969912865042, 0.6126200825918392, -0.4275907513732963, 0.26839515515906287, 0.2294550745889632, 0.390232124257221, -0.10379862641731369], [-0.1507980489482176, -0.7313239078809284, -0.36568807176902474, -0.2763550623812888, 0.012093559949857474, -0.14383884435655084, 0.48379642789213473, 0.1957433706640968, 0.7185982002980996, 0.3059771039452064, 0.04462604983193183]], "inverted": false, "swapped": true, "error_lsq": 0.050289377183570114, "error_max": 0.23279612729607485, "target": "1010.xyz", "model": "4.xyz", "model_rescale": 3.7855080009869324, "target_rescale": 4.132532987497056},
{"mapping": [4, 13, 12, 2, 5, 6, 1, 8, 0, 7, 3, 14, 9, 10, 16], "R": [[-0.4131072549796024, 0.09691284085729554, -0.9055110695956106], [0.1844127898025232, -0.9648192157191088, -0.18739211279137302], [-0.8918151819970708, -0.24440086386126542, 0.3807018504071119]], "T": [0.02308035418008579, 0.08200216280181927, -0.08343703342444111], "aligned_model": [[-0.3764069340966115, 0.7191544870107506, 0.48719831752761106, -0.16392002631053304, -0.7704772265505238, 0.17076529783112526, -0.114118862885514, 0.3375557475197341, -0.6036567733250199, -0.35876025199614603, -0.4895657836566316, 0.3816519519589031, -0.10184972813269479, -0.2597509870600303, 0.037728305891527605], [0.22404537076871547, 0.25136082327415393, -0.3604475331307362, -0.6007620158099286, 0.23718429583184755, 0.4924113001260635, -0.403944002488343, 0.6742034647715922, -0.26518146112462015, 0.7027445705977239, -0.2034642467463884, -0.35625026528121584, -0.1442127721518604, 0.5155125953650561, 0.04533570864805611], [-0.6894357276814106, -0.19144668393055542, -0.3112484591200969, 0.1278675374671529, -0.04754669666736641, -0.5690609264594949, -0.6474730591051973, 0.13036829600585984, -0.3918814978008782, -0.25735105389035806, 0.2882072478177067, 0.2867772519273528, 0.5799883934219128, 0.4294366462915654, -0.04699858057261971]], "inverted": true, "swapped": false, "error_lsq": 0.029826420573438085, "error_max": 0.21986210256539823, "target": "1010.xyz", "model": "5.xyz", "model_rescale": 4.2253639853439635, "target_rescale": 4.132532987497056},
{"mapping": [7, 2, 0, 9, 5, 8, 4, 13, 3, 11, 6, 10, 12, 14], "R": [[-0.22958003229679655, -0.479431446927661, -0.847017412139474], [-0.23176824112264033, 0.8721576155395413, -0.43084170650402426], [0.9452917492380435, 0.09739908291781557, -0.31134695673677126]], "T": [0.10176861816601318, 0.056679059643860316, -0.06399907778150665], "aligned_model": [[0.6865346660327909, -0.2901908843775212, -0.490102348690648, 0.18640257883726666, -0.04569029697253707, -0.47333082788958486, 0.07479842196682898, 0.6350196685461216, -0.24048813101846156, 0.2696793465269657, -0.7122888836207812, 0.03662236371470842, 0.633911765041389, 0.1031847146612459], [-0.3684598044162891, 0.2389881186039236, -0.5447415552346183, -0.7184606849741482, -0.4947480557308438, 0.030771707455605493, -0.369809461777872, -0.35465145118972696, 0.6636019545833808, 0.5177257059277179, 0.22542991672235502, 0.28696403110617513, 0.35856886199969545, -0.02608013644036465], [-0.4417075201530148, -0.5667465165706906, 0.0890368044233969, 0.08943251687142162, -0.48012037987046535, 0.42705122843195203, 0.6098415457295712, 0.23472551951945386, 0.020755761726411248, -0.2163898468087207, -0.12208508439298166, 0.5156971778123132, 0.35994472792796645, -0.04787772571516466]], "inverted": true, "swapped": true, "error_lsq": 0.03818462443785924, "error_max": 0.2385735282383111, "target": "1010.xyz", "model": "6.xyz", "model_rescale": 3.89814844738969, "target_rescale": 4.132532987497056},
{"mapping": [2, 1, 5, 3, 0, 7, 11, 8, 10, 13, 9, 4, 14], "R": [[0.21512848593886735, -0.1695652279073937, 0.9617522383765813], [-0.13463945082927692, -0.9805563190448272, -0.14276387309697747], [0.967260023374295, -0.09877721734272937, -0.23377576545909529]], "T": [-0.1995682030996208, -0.007136465137783016, -0.0759442856993836], "aligned_model": [[0.05223798159592258, -0.05896249387306868, 0.3002376310016984, -0.31272550753831285, 0.614603020669241, -0.35451343568189214, -0.5960475584298051, 0.21113925121781923, -0.3548079655591968, -0.39880704541013146, 0.1913830884789655, 0.006728845082472207, -0.15183401064948898], [-0.3002664079491889, 0.3191911876572405, 0.3958146119708392, -0.6978852910386701, 0.05603708128818999, 0.7480740409773388, -0.22707122128453358, -0.4326307450480412, -0.3266198862472467, 0.5848778107504933, 0.6091727744471348, 0.18111524110350477, 0.053972068843424426], [-0.6147321046027241, -0.8289227966137279, -0.3705584247555421, -0.12828881313846266, 0.18591884662274827, -0.34241589443878195, -0.3176337415484849, 0.396088522180463, 0.44092505087187783, 0.31470752572093624, 0.23848502915279501, 0.6715072908525126, -0.04280545946731336]], "inverted": true, "swapped": true, "error_lsq": 0.04659673092840581, "error_max": 0.26614477346510756, "target": "1010.xyz", "model": "7.xyz", "model_rescale": 3.7474275329858107, "target_rescale": 4.132532987497056},
{"mapping": [7, 13, 12, 0, 5, 11, 10, 4, 6, 9, 3, 1, 2, 8, 14], "R": [[0.6390307861616402, 0.7649115332619565, -0.08093207411452492], [0.5523594506210568, -0.3831251551812868, 0.7403473190178506], [0.5352930894820521, -0.5178083253001614, -0.6673348834000826]], "T": [-0.012590684974114308, 0.02565515736387967, -0.10640045091034321], "aligned_model": [[-0.44826852125560823, 0.7992687869378153, 0.5164995141985281, -0.20939471455483002, -0.688731016688123, 0.11863683562858302, -0.10415823140272618, 0.28974052658476596, -0.7100384462880406, -0.28242152052959624, -0.5701240030830295, 0.3073508433220986, 0.1058759683285368, -0.2579518969198161, 0.029263409447388804], [0.1358594640680805, 0.40913132035468774, -0.10860354246307129, -0.597711534917462, 0.2619367903141058, 0.2965790889524788, -0.38007818436885005, 0.5539121056373201, -0.35986750214173974, 0.6676422237067744, -0.14555632467935936, -0.49585555315843, 0.02183661999346496, 0.5130623449240485, 0.03624851642806763], [-0.6181791781753002, -0.06233165268190845, -0.3939431111532814, -0.023362034969447595, -0.11156821463680501, -0.6503301492344112, -0.7406395221884363, 0.3852968960051113, -0.28494175605750327, -0.4152440471209051, 0.31070596788422894, 0.3300234454700587, 0.7269905537672128, 0.3027968426336723, -0.0650713518387123]], "inverted": false, "swapped": false, "error_lsq": 0.051691257173722784, "error_max": 0.32278163485747646, "target": "1010.xyz", "model": "8.xyz", "model_rescale": 4.019505241142653, "target_rescale": 4.132532987497056},
{"mapping": [0, 5, 9, 4, 8, 10, 7, 6, 3, 2, 1, 11, 14], "R": [[0.4392299142396897, 0.23006873009702056, -0.868415489191976], [-0.7145698846227104, -0.49639887790026904, -0.4929280211244236], [-0.5444877982354437, 0.8370522883613054, -0.05363305064809182]], "T": [0.1674346087609468, 0.04337355450259413, 0.06783968829938726], "aligned_model": [[-0.31908404461094203, -0.46533327933053686, -0.04619975773333049, 0.4286297740524078, 0.20124265313002038, 0.652614339284153, 0.005592876103505923, -0.22077936092797706, 0.3350311794203038, -0.30782328340629905, -0.4503136282497449, 0.3656779660245615, 0.14044533798505365], [-0.49593640831931257, 0.19015946785715, 0.06781926028824208, -0.3396225851690719, -0.7066032672941562, -0.3533038569850267, 0.7614124872142972, -0.5999376363051636, -0.3188163751062078, -0.0011340088226212824, 0.5768856261129656, 0.242568699184382, 0.03988682545858151], [-0.3881014730066703, -0.20970603535246068, -0.6972149176891953, -0.5816001310112892, -0.026673537689240287, 0.04395221030697723, -0.28370745873991254, 0.42836857433214814, 0.6452548855165193, 0.5280275244725758, 0.23212092721846295, 0.4979580846381815, -0.011975158952218207]], "inverted": true, "swapped": true, "error_lsq": 0.05627197058826737, "error_max": 0.36396875322392885, "target": "1010.xyz", "model": "9.xyz", "model_rescale": 3.877068213659057, "target_rescale": 4.132532987497056},
{"mapping": [5, 2, 7, 8, 12, 4, 1, 13, 0, 3, 11, 9, 10, 6, 15], "R": [[-0.8424687785806413, -0.1847323746358821, 0.506083300335262], [0.5185459871380337, -0.5328581643482935, 0.668709380755504], [0.14613834657571936, 0.8257942397769287, 0.5447085984371458]], "T": [-0.026811559559060116, 0.1238597921333808, -0.01505982467460562], "aligned_model": [[-0.5033429966013132, 0.633864983184647, 0.43886165185078635, 0.10883850285982932, -0.768704290217781, 0.3082804662412295, -0.17400910357181176, 0.4084811663768166, -0.6182098391230575, -0.1911125826307012, -0.4707915484252606, 0.3224837372504559, -0.1977988498580628, -0.3044608988715398, -0.09683286473829002], [0.21016294985455122, 0.06675134630892512, -0.2615547561366218, -0.6342093881485871, 0.20597896785182604, 0.34298655573292175, -0.23796608339978378, 0.7168856767439893, -0.35634586506572274, 0.647720162860854, -0.36069567558953497, -0.25841181536851887, 0.06520060343782388, 0.5895134829385013, 0.07251967062949263], [-0.6286272592083575, 0.009445057150100883, -0.563594833196285, -0.06252680562425714, 0.017294972320585356, -0.5607588951011733, -0.7898640122179537, 0.2225933656948707, -0.2461802204784191, -0.333394284837359, 0.3207124857530099, 0.3942157763869759, 0.67089441986191, 0.278848425879476, -0.03885550467955144]], "inverted": false, "swapped": false, "error_lsq": 0.04438530903547135, "error_max": 0.357659077918956, "target": "1010.xyz", "model": "10.xyz", "model_rescale": 4.260839863003843, "target_rescale": 4.132532987497056},
{"mapping": [7, 13, 10, 12, 3, 11, 1, 5, 0, 6, 2, 14], "R": [[0.19805627978528478, 0.8233766996458397, -0.5318124862373372], [0.8981624801025293, -0.3697216347960735, -0.2379287122223645], [-0.39252753963726783, -0.4305307459915538, -0.8127517501563866]], "T": [-0.05364684785881237, -0.037778682700268226, -0.0693921466279249], "aligned_model": [[0.4871096720140691, 0.18229844973542994, -0.5115506466192328, -0.5147621869352678, -0.6338860593375041, -0.40493933045433916, 0.4559242650006683, 0.6250627883659766, 0.42822866559325323, -0.17226803205824462, 0.0037288540630442193, 0.013952209726277691], [0.014354868789435031, -0.5709021560652081, -0.442192460286504, -0.3764542894582445, 0.20593515154484937, 0.2658065179737048, 0.5920223585015291, 0.12073682384721075, -0.32886236051827217, 0.22648794806568628, 0.5539004898887885, -0.08775438675004117], [-0.6778512914641546, -0.5198308612131574, 0.07237018574261489, -0.5455366723633646, 0.24142048188680418, -0.28941620630463105, -0.26154903509377414, 0.04549474190217065, 0.5775269060317813, 0.71203770605681, 0.22428730000643968, -0.0627751777920347]], "inverted": false, "swapped": true, "error_lsq": 0.05021263878655071, "error_max": 0.27896455460031483, "target": "1010.xyz", "model": "11.xyz", "model_rescale": 3.890672605050136, "target_rescale": 4.132532987497056},
{"mapping": [2, 6, 10, 1, 11, 9, 0, 7, 5, 4, 12, 8, 13, 14], "R": [[-0.8069710098470025, 0.4717921834362518, -0.35526036215002], [0.5899196331907579, 0.6152388402187928, -0.5229493243731335], [-0.028153430387626688, -0.6315800069149508, -0.7747993799834382]], "T": [0.2331211450089159, 0.06459220260024931, 0.10320151249508693], "aligned_model": [[0.5730321232365714, 0.18352223826468442, 0.03781142978891444, 0.6107558970293754, 0.7156720339099187, -0.42046558478409146, -0.4655444226088019, 0.2946202674283311, 0.032627383198240045, -0.5029497120852962, 0.3413398658695953, -0.2335717161232116, -0.1184903232245248, 0.16151635489398825], [-0.21869069913190978, 0.11454509480180916, 0.6601300473151278, -0.6773191265408296, 0.236007294916428, -0.299202830204505, -0.1993969957395804, -0.48861279300925287, -0.6067296207136075, 0.3234838712492255, 0.5908428658874227, 0.42438908754120674, 0.047253914932078256, 0.025452408524151933], [-0.3905951625531452, -0.7272111013027938, 0.08057979830346008, 0.08920458057562262, 0.1449444757355149, 0.37157316891242415, -0.3182413738325688, 0.6994733822702156, 0.013189322797920636, 0.2701021821224333, 0.6183627297634222, -0.37144039667253564, 0.7503912961707795, 0.12445753306611125]], "inverted": true, "swapped": true, "error_lsq": 0.051757429586514206, "error_max": 0.35966532983781957, "target": "1010.xyz", "model": "12.xyz", "model_rescale": 4.124412569039231, "target_rescale": 4.132532987497056},
{"mapping": [13, 10, 3, 9, 11, 7, 4, 5, 8, 0, 2, 6, 14], "R": [[-0.7528522626904812, 0.656402421663424, 0.04846990196209551], [0.6559985558801534, 0.7423051283403339, 0.13656130902562946], [0.05365971715333369, 0.13460667618670646, -0.9894451361652101]], "T": [0.22319072358936537, 0.036144184984100436, 0.12941563957546626], "aligned_model": [[-0.37101369026700964, 0.018078730342735383, 0.6702982552755601, -0.4568098901815521, 0.6282471541582378, 0.05789270117616546, -0.5281824588343882, 0.12559180036381226, -0.0159055039112328, -0.20666887141988072, 0.7604914693317668, 0.5331232036017903, 0.15215540787375262], [-0.2810423076355276, 0.5539419421224754, 0.5691043188100279, -0.25517022186249944, 0.03390080112883277, -0.7587289342814167, 0.3046719740491393, -0.38326198452975363, 0.7017673921961897, 0.24129963806537938, 0.03285716617269286, 0.5785322728152009, 0.009613319457736382], [0.42791136879112884, 0.41775138870968503, 0.2228330707424236, -0.16089603235300454, 0.4454935168726378, 0.20822769427642787, 0.13290899262926717, -0.4305360087259245, -0.13950759668140217, -0.5837252632623817, -0.2590697989600799, -0.4222160057789512, 0.09252275470801305]], "inverted": true, "swapped": true, "error_lsq": 0.046326189197583086, "error_max": 0.27634627157361547, "target": "1010.xyz", "model": "13.xyz", "model_rescale": 3.9028299243045295, "target_rescale": 4.132532987497056},
{"mapping": [7, 1, 11, 13, 4, 6, 14, 2, 10, 3, 5, 12, 8, 0, 15], "R": [[0.05858032617123288, -0.7943943417239161, 0.6045709017333686], [0.6697176905358366, 0.48037924476972094, 0.5663161627375809], [-0.7403016684899594, 0.37171684254483117, 0.5601607167585779]], "T": [-0.046971156138417354, 0.09717834502223785, -0.0779118461711816], "aligned_model": [[-0.5218814832551243, 0.5791718421797631, 0.49588127617749017, -0.2041685175820531, -0.7066358782602735, 0.22654966429594098, 0.0017017978916649065, 0.34774581859043485, -0.5945460553110656, -0.25339947308623245, -0.32192139158040783, 0.3270805238195336, -0.018496333966645608, -0.40402158050109344, -0.057512675685985046], [0.2455884514591282, 0.20962609484636197, -0.2772428798981087, -0.668184954361333, 0.2390826475315628, 0.5194533528720143, -0.6321689550316911, 0.5532281092070291, -0.2735913678099521, 0.6769205932995236, -0.17917885145197546, -0.3996580340422978, 0.06371738853711983, 0.631108963683767, 0.09983527380896681], [-0.834920813979664, -0.21019640671932832, -0.4110434588947065, 0.07094836109418387, -0.014123938226610594, -0.5152657541034463, -0.576644351862341, 0.3444232009225724, -0.4214873864696348, -0.17779037620963128, 0.2539479158405148, 0.2343048127686673, 0.6931761568810063, 0.4461582809710535, -0.1912835543090626]], "inverted": true, "swapped": false, "error_lsq": 0.03999580738704951, "error_max": 0.222122664826173, "target": "1010.xyz", "model": "14.xyz", "model_rescale": 3.942246331269136, "target_rescale": 4.132532987497056},
{"mapping": [8, 9, 2, 1, 13, 6, 0, 10, 12, 11, 12, 5, 3, 4, 14], "R": [[0.4226525805581529, 0.5873489062063852, -0.6902072576593914], [0.5249248642412621, 0.4621725216194934, 0.7147380269449585], [0.7387954270627473, -0.6643928225365189, -0.11297563592709294]], "T": [-0.000663716764865041, 0.1381408614345663, -0.09517371173078451], "aligned_model": [[-0.2884936582428625, 0.7714402696151137, 0.4670764951009041, -0.1459652341306702, -0.7803894040036887, 0.1683092003519308, -0.004988101772380793, 0.31172281317991146, -0.6707578813117465, -0.312261774006489, -0.6707578813117465, 0.379928554757646, -0.13001949181820402, -0.18815186529068095, -0.011144507391090103], [0.20247567786685777, 0.33385793510720174, -0.40089687943561236, -0.6186422754502815, 0.32734181314411304, 0.4916782573776408, -0.3968972457429992, 0.7002549163390278, -0.3027941793866141, 0.754930710391036, -0.3027941793866141, -0.30046996786639424, -0.1773819883958553, 0.44947801866890347, 0.0483952194197058], [-0.8106147522583652, -0.21227438389592498, -0.36592327638569977, 0.1554419074124431, 0.03582513955220379, -0.4942336725001547, -0.5995872389387811, 0.2137647307316052, 0.061754165266865224, -0.28645350053255847, 0.061754165266865224, 0.16085289131345662, 0.5374876077726968, 0.36480601131166446, -0.13239710641274302]], "inverted": false, "swapped": false, "error_lsq": 0.04646894149132623, "error_max": 0.41288059974355235, "target": "1010.xyz", "model": "15.xyz", "model_rescale": 4.355366556412066, "target_rescale": 4.132532987497056},
{"mapping": [5, 0, 9, 11, 7, 2, 12, 3, 4, 6, 10, 14], "R": [[0.9439060270953528, 0.03045457350402586, 0.32880682925656374], [0.20137680376938108, 0.7360608540445607, -0.6462675932203472], [-0.2617036394792693, 0.6762299446903248, 0.6886394317692132]], "T": [-0.13990120156294478, 0.05756825287568893, -0.07121524850153688], "aligned_model": [[-0.21054639146805698, 0.4839716031881492, 0.1973973431940847, -0.5002575656859982, -0.595548349206749, -0.3995528851427505, -0.17585593913516442, -0.10085059219483881, 0.5505012756859415, 0.17271689714232058, 0.27604351637006586, -0.10021035811522319], [-0.6388678928718101, -0.4847741435812967, -0.5360637985884668, 0.4146973391764996, -0.40215887361106245, -0.07416720619382403, 0.5966405702105293, 0.5763685041024266, -0.006898770772795694, 0.05739520635745752, 0.5176677831857943, -0.007062289672471224], [0.023436139846202825, 0.15700707106466189, -0.4778803003591598, 0.00992090735369941, -0.5675968536473108, 0.5244781322406702, -0.5832215233279909, 0.3999533145617885, -0.4660183114985485, 0.7013197646602995, -0.164066555072726, -0.10807332461216519]], "inverted": true, "swapped": true, "error_lsq": 0.04239586456017542, "error_max": 0.23465939600062902, "target": "1010.xyz", "model": "16.xyz", "model_rescale": 3.795458400668931, "target_rescale": 4.132532987497056},
{"mapping": [2, 1, 5, 3, 0, 7, 11, 8, 10, 13, 9, 4, 14], "R": [[0.21512848593886735, -0.1695652279073937, 0.9617522383765813], [-0.13463945082927692, -0.9805563190448272, -0.14276387309697747], [0.967260023374295, -0.09877721734272937, -0.23377576545909529]], "T": [-0.1995682030996208, -0.007136465137783016, -0.0759442856993836], "aligned_model": [[0.05223798159592258, -0.05896249387306868, 0.3002376310016984, -0.31272550753831285, 0.614603020669241, -0.35451343568189214, -0.5960475584298051, 0.21113925121781923, -0.3548079655591968, -0.39880704541013146, 0.1913830884789655, 0.006728845082472207, -0.15183401064948898], [-0.3002664079491889, 0.3191911876572405, 0.3958146119708392, -0.6978852910386701, 0.05603708128818999, 0.7480740409773388, -0.22707122128453358, -0.4326307450480412, -0.3266198862472467, 0.5848778107504933, 0.6091727744471348, 0.18111524110350477, 0.053972068843424426], [-0.6147321046027241, -0.8289227966137279, -0.3705584247555421, -0.12828881313846266, 0.18591884662274827, -0.34241589443878195, -0.3176337415484849, 0.396088522180463, 0.44092505087187783, 0.31470752572093624, 0.23848502915279501, 0.6715072908525126, -0.04280545946731336]], "inverted": true, "swapped": true, "error_lsq": 0.04659673092840581, "error_max": 0.26614477346510756, "target": "1010.xyz", "model": "17.xyz", "model_rescale": 3.7474275329858107, "target_rescale": 4.132532987497056},
{"mapping": [7, 5, 9, 2, 12, 10, 13, 0, 11, 4, 3, 6, 8, 14], "R": [[-0.15379961354154437, 0.9730078275785592, 0.17205070864522665], [-0.35216903992374005, 0.10870946426310568, -0.92960164570574], [-0.9232132181645057, -0.20356330673891498, 0.3259437588846511]], "T": [-0.015275737404784068, -0.16571556871334142, -0.0663925609272766], "aligned_model": [[0.6271516274489162, 0.3030314865345013, 0.6775036606309711, -0.4414742695500322, 0.0913196612753469, -0.17902691735967222, 0.6567181692937195, 0.14644315839833946, -0.30779289772143276, 0.384880987854507, -0.6955872177837146, -0.6276772255102104, -0.2749095263867551, 0.05426695075839283], [-0.41009507056796757, 0.25908720228987436, 0.2174712208295328, 0.03245543230531739, -0.7602407891670333, -0.22634631531675403, -0.3537743171675226, 0.6693417974674951, -0.5737608604114474, 0.12451528328482042, -0.23376627651367954, 0.3993837911287181, 0.3347307903968006, -0.11859364704692113], [-0.5056234704398143, -0.5324355312771907, 0.00267534189419924, -0.5340536533592446, 0.36860090472136686, 0.5359631603285466, 0.16992069176215632, 0.042988299273317904, -0.17554254982464407, 0.5599633155993969, 0.09242764061083511, -0.07933794684294931, 0.4382704001224339, -0.059021883906755224]], "inverted": false, "swapped": true, "error_lsq": 0.042090617223306905, "error_max": 0.24802474206677458, "target": "1010.xyz", "model": "18.xyz", "model_rescale": 3.922800546911778, "target_rescale": 4.132532987497056},
{"mapping": [6, 9, 2, 0, 8, 10, 1, 11, 1, 4, 5, 3, 12, 13, 14], "R": [[-0.8314039899329959, -0.5445322909537049, 0.1106887059830616], [-0.47107472531605354, 0.5850568245107182, -0.660149312854175], [0.29471343486834745, -0.6009934244250469, -0.7429339776224775]], "T": [-0.10890082085805404, 0.09231570620956134, -0.018556709111523406], "aligned_model": [[-0.43732439012387486, 0.6972752585379486, 0.3974274860618881, 0.052767704282485214, -0.7097473102183152, 0.2805852397549004, -0.35043531462554994, 0.2816564371515766, -0.35043531462554994, -0.22390952505503403, -0.5290030775724791, 0.26037679318065227, -0.20630003996727247, -0.23376854687768656, -0.033617866177742595], [0.2881999509689774, 0.0898040622042546, -0.1846540718095749, -0.7259202937424857, 0.20092331187041523, 0.47269814632290896, -0.35742127464503626, 0.684895496605406, -0.35742127464503626, 0.7510075821314536, -0.47080357729853173, -0.29262969755193924, -0.038263838216678586, 0.6416810962342078, 0.10644021422177458], [-0.592608182168464, -0.13176892828005837, -0.442877755565033, 0.034318351533685176, 0.02117411315136225, -0.61371253333315, -0.5546357707322106, 0.04109086417708785, -0.5546357707322106, -0.29562195349557663, 0.27967891356037394, 0.3344310009831495, 0.7509083123552508, 0.37440571410721046, 0.040056312142155576]], "inverted": true, "swapped": false, "error_lsq": 0.044005098032151316, "error_max": 0.3322153346456839, "target": "1010.xyz", "model": "19.xyz", "model_rescale": 3.9282355846067225, "target_rescale": 4.132532987497056},
{"mapping": [8, 0, 5, 4, 10, 9, 13, 7, 12, 11, 2, 3, 1, 14], "R": [[0.7520358882075598, 0.6460823988925737, -0.13045902302671167], [0.09832361213065288, 0.08574933421324016, 0.9914532359015059], [0.6517472594077, -0.7584356172564707, 0.0009614215251058031]], "T": [-0.04719636265244498, -0.05881862216391226, 0.14919205031709235], "aligned_model": [[-0.6494695092567183, -0.1240840737326611, 0.48247141875305866, -0.4160730897214662, -0.6461195643779034, 0.20456184970843583, 0.09103308335653065, 0.6672554300747413, -0.3290270239798743, -0.06598454603431117, 0.1352901903033176, -0.5138308581092914, 0.7194385653550036, -0.022939053254185826], [-0.4862799680246435, -0.7874430529324317, -0.4852152027652617, -0.10343943500770093, 0.08894102397712741, -0.2413369436603684, 0.3305908457923172, 0.2316672092296438, 0.6231313257474509, 0.23424473553485137, -0.4488085802553738, -0.12276374265717259, -0.2251622920045348, -0.08524383554906785], [-0.015382618625345734, -0.2964902327310175, -0.042147780008337576, -0.5569382348069224, 0.03613880309646232, -0.5821427909492629, -0.4607577373120434, -0.11639158912498551, 0.05142764569180214, 0.5707864546591562, 0.6534046269157991, 0.6696166219880909, 0.4281849014935384, 0.07287508695674841]], "inverted": false, "swapped": true, "error_lsq": 0.04518301520151955, "error_max": 0.4081342432495685, "target": "1010.xyz", "model": "20.xyz", "model_rescale": 4.067790424073018, "target_rescale": 4.132532987497056},
{"mapping": [0, 4, 8, 1, 12, 2, 7, 6, 9, 3, 10, 5, 13, 11, 14], "R": [[-0.9613972130997948, 0.08435028023000089, -0.2619168357877521], [-0.08627169939996225, -0.9962628957809185, -0.00417568830990306], [-0.2612902457547746, 0.01858151542095602, 0.9650814135388115]], "T": [-0.02449587192029657, 0.0876428684900722, -0.08318198348423785], "aligned_model": [[-0.10989977084180788, 0.7560408304627221, 0.30355958636696356, -0.10588758684207716, -0.7694663132002891, 0.28921940144755853, -0.1827000945647536, 0.35255026954079993, -0.6408390275729814, -0.33870880761507244, -0.5620717995032671, 0.425295415904822, -0.05217464775489653, -0.38225050060555615, -0.08711942149621801], [0.19560690605291214, 0.19264787885888568, -0.2770918534695827, -0.7220029323966264, 0.25202858581896215, 0.6167561593379012, -0.44649768222993735, 0.6475945424607751, -0.3827919957689072, 0.8628724492547903, -0.271671043931114, -0.2155611707079652, -0.12751681348651395, 0.4237790718688745, 0.06038373098766128], [-0.7799660032228459, -0.2322084870558077, -0.37389850453180834, 0.022431307002551845, -0.15396506377216312, -0.5019226959100117, -0.5794976624857924, 0.21988110024929464, -0.13668013708430424, -0.23821212507047873, 0.42000034527697533, 0.14967253948772902, 0.5824483205864452, 0.3375986391821399, -0.045478884948350756]], "inverted": false, "swapped": false, "error_lsq": 0.046038794432079214, "error_max": 0.3186687392659235, "target": "1010.xyz", "model": "21.xyz", "model_rescale": 4.186013935880536, "target_rescale": 4.132532987497056},
{"mapping": [12, 10, 13, 1, 2, 7, 11, 3, 9, 8, 6, 5, 14], "R": [[-0.3557590360460364, -0.9322343255950789, -0.06614129159521961], [0.8113868732689566, -0.3432099331975906, 0.4731366437313136], [-0.46377456825317775, 0.1146564605104935, 0.8785027295943847]], "T": [-0.0147574109727907, -0.06289614155358503, -0.03214645336165735], "aligned_model": [[-0.08793738913456126, -0.4501764849473053, 0.464367875749509, 0.4829034608446813, -0.16754510809090836, 0.7791518999313787, -0.17834610600726505, -0.6754312752233316, 0.5165824221944166, -0.5324070343076108, -0.5855571313302547, 0.4553461092562158, 0.037622796488260384], [-0.2478554473359624, 0.14529890844954185, 0.17126758129322853, -0.4472555737635534, -0.31805669754280974, -0.23751724373562144, -0.5418679014876085, -0.2881342635773129, 0.5271006074843465, 0.4858670858078733, 0.13033325997979398, 0.13661351670143979, 0.0031628272727379364], [-0.7494168890642927, -0.43263116277426417, -0.5404693501826885, 0.5135987471465091, 0.5604519284272024, -0.09977432219687471, -0.12049667280465425, 0.04172031228831398, -0.06572625439786785, 0.02649444312150305, 0.5435188398140257, 0.45588173210284544, -0.030271790144411382]], "inverted": true, "swapped": true, "error_lsq": 0.04776409449220907, "error_max": 0.2823679992438289, "target": "1010.xyz", "model": "22.xyz", "model_rescale": 4.166573947596378, "target_rescale": 4.132532987497056},
{"mapping": [5, 8, 10, 14, 6, 0, 13, 4, 13, 1, 12, 9, 11, 2, 15], "R": [[-0.36966010996118426, -0.8425842706668323, 0.3916671417521867], [-0.3643593318874622, -0.2563147208365006, -0.8952904786431213], [0.8547477290815153, -0.47366075487351617, -0.21225411402996064]], "T": [0.00012388553360750953, 0.07163654912241486, 0.033840652990090384], "aligned_model": [[-0.37934908368782005, 0.7859657111512806, 0.20863144106285222, -0.15534668042775832, -0.727918945681447, 0.20847542790864584, -0.2782415177221095, 0.34368510652758566, -0.2782415177221095, -0.3186988259263539, -0.47285402440812374, 0.3854270348325528, -0.10547054018248608, -0.28488953855250687, -0.0356265134462552], [0.16139337087822028, 0.2379071173642297, -0.4414997918026485, -0.7021512647464265, 0.2927678337133212, 0.6414352536425351, -0.41196299765462213, 0.7195008811522826, -0.41196299765462213, 0.6468222348529031, -0.265200580978513, -0.280268597126677, -0.0909745096419325, 0.5978944246060253, 0.11483545604604059], [-0.7003295995943598, -0.06042420508338607, -0.4702991371607513, -0.02146834671138627, 0.021103979232514627, -0.5126708601138422, -0.6029146528559393, 0.07956819476978934, -0.6029146528559393, -0.24113673963557186, 0.3375082339429131, 0.33074706495489453, 0.7983671654483766, 0.3414593061489604, -0.006393062782699417]], "inverted": false, "swapped": false, "error_lsq": 0.04635560053143957, "error_max": 0.42848928234068345, "target": "1010.xyz", "model": "23.xyz", "model_rescale": 4.274766983524099, "target_rescale": 4.132532987497056},
{"mapping": [12, 8, 3, 11, 2, 1, 7, 5, 9, 0, 14], "R": [[0.826605106088665, -0.5540236162747639, -0.09890314048593282], [0.47379455128023185, 0.5902300014207142, 0.6535650454239941], [-0.30371486918705626, -0.5870999727752819, 0.7503805036126355]], "T": [-0.04551742558438165, 0.06935833716987093, -0.10584848669233682], "aligned_model": [[0.17001792258814702, 0.25138625429150874, -0.41956053897737317, -0.4257185663860567, -0.6045207969691537, -0.5357665446221763, 0.0301950154451465, -0.03597070527648656, 0.574342014297763, 0.35624111662791313, 0.01924953293884319], [-0.2684665020435169, 0.7580569226823761, 0.49337138694581784, -0.07849189690813292, 0.3106149180530087, -0.26826203426753326, -0.6499132067484829, 0.015103319384196776, -0.05996798975941768, 0.600866126110353, 0.06267548779481474], [-0.733113202447097, -0.20626477109094754, -0.5217609156086694, -0.4182078471238565, 0.15670498363932645, 0.4763066699607066, 0.27134393673826857, 0.5983803017372151, 0.3743543466761134, 0.4340844005315577, -0.05226146899103963]], "inverted": true, "swapped": true, "error_lsq": 0.04569089364999145, "error_max": 0.21784898003269537, "target": "1010.xyz", "model": "24.xyz", "model_rescale": 3.7841303162186577, "target_rescale": 4.132532987497056},
{"mapping": [10, 2, 8, 1, 11, 9, 0, 12, 7, 14, 6, 4, 3, 13, 15], "R": [[0.8433054497830192, 0.5368100248337397, 0.025902038612043377], [0.41023252555370016, -0.6118250493287065, -0.6762982951270535], [-0.3471961885506418, 0.5809518966764169, -0.7361723306427522]], "T": [-0.06654816647369975, 0.034884590992696626, -0.13903458241451472], "aligned_model": [[-0.4750626171296901, 0.6811277901458243, 0.3546073900501074, 0.21257027658245425, -0.7758676013429348, 0.2525285634064521, -0.20032211246272863, 0.2625110188385229, -0.6100372452496946, -0.1006912736359849, -0.38258388782206504, 0.286016553940887, -0.15271497477023938, -0.3613764350356791, -0.0951579117892849], [0.31000880263896535, 0.0917254264092945, -0.2531969022214186, -0.6481788187833071, 0.18256878016818934, 0.43965816677594644, -0.5269565728803564, 0.6521452364759318, -0.25298478851376227, 0.8021619903667907, -0.37527541416529525, -0.36684710801909753, 0.11102212999082627, 0.635977369900523, 0.006707534506885087], [-0.7412618792455805, -0.05814693657508656, -0.43752216023897134, -0.2315206179782246, 0.11490022958859086, -0.41560121330615735, -0.5948514176717167, 0.1540204542721324, -0.3501184560146698, -0.3375757694604104, 0.3648668417188605, 0.3815555661538548, 0.6583237084036389, 0.26564277113106377, -0.08250843307375103]], "inverted": true, "swapped": false, "error_lsq": 0.04531298983871117, "error_max": 0.32970790108757125, "target": "1010.xyz", "model": "25.xyz", "model_rescale": 4.19342608120988, "target_rescale": 4.132532987497056},
{"mapping": [5, 0, 9, 11, 7, 2, 12, 3, 4, 6, 10, 14], "R": [[0.9439060270953528, 0.03045457350402586, 0.32880682925656374], [0.20137680376938108, 0.7360608540445607, -0.6462675932203472], [-0.2617036394792693, 0.6762299446903248, 0.6886394317692132]], "T": [-0.13990120156294478, 0.05756825287568893, -0.07121524850153688], "aligned_model": [[-0.21054639146805698, 0.4839716031881492, 0.1973973431940847, -0.5002575656859982, -0.595548349206749, -0.3995528851427505, -0.17585593913516442, -0.10085059219483881, 0.5505012756859415, 0.17271689714232058, 0.27604351637006586, -0.10021035811522319], [-0.6388678928718101, -0.4847741435812967, -0.5360637985884668, 0.4146973391764996, -0.40215887361106245, -0.07416720619382403, 0.5966405702105293, 0.5763685041024266, -0.006898770772795694, 0.05739520635745752, 0.5176677831857943, -0.007062289672471224], [0.023436139846202825, 0.15700707106466189, -0.4778803003591598, 0.00992090735369941, -0.5675968536473108, 0.5244781322406702, -0.5832215233279909, 0.3999533145617885, -0.4660183114985485, 0.7013197646602995, -0.164066555072726, -0.10807332461216519]], "inverted": true, "swapped": true, "error_lsq": 0.04239586456017542, "error_max": 0.23465939600062902, "target": "1010.xyz", "model": "26.xyz", "model_rescale": 3.795458400668931, "target_rescale": 4.132532987497056},
{"mapping": [13, 11, 12, 4, 8, 5, 1, 9, 2, 10, 0, 6, 14], "R": [[0.036906671309779315, -0.641791101140212, 0.7659909138560759], [-0.48719443122805206, -0.6808044655597301, -0.5469432016711655], [0.8725133143930852, -0.35300065463277064, -0.33780327712387365]], "T": [0.033289335432656414, -0.1431261327716609, 0.028117242651422257], "aligned_model": [[-0.0703051241495731, 0.46560198056162805, 0.6033281829671725, -0.1799446591894446, -0.060356316302913715, -0.6243514616256229, -0.3149877281246506, -0.5926156525913268, -0.07374945669848212, 0.3716478607442071, -0.6731625438182727, -0.11515911021145295, -0.03626958874001157], [-0.618209694464741, -0.2357859187040939, -0.3976761770570155, 0.016875828666956944, 0.5440742700223571, -0.29377547018094474, -0.5433138665762481, -0.35478693489719426, 0.07567605254417961, 0.17876927075911023, 0.29755150761656135, 0.6114302595840919, -0.15894762405610494], [-0.5253713789656917, 0.28984402799360176, -0.3772247354215983, -0.7239543444695198, -0.2744171608367646, 0.23736898687165664, 0.6698252798901985, -0.4134577068570256, 0.6447955481740686, -0.39047540997721986, -0.17722865629856452, 0.34928411809948384, -0.016851906103198845]], "inverted": false, "swapped": true, "error_lsq": 0.04258130884229184, "error_max": 0.2509405481372522, "target": "1010.xyz", "model": "27.xyz", "model_rescale": 3.6321398670334006, "target_rescale": 4.132532987497056},
