[{"mapping": [4, 6, 1, 5, 0, 8, 9, 13, 11, 2, 10, 12, 3, 14], "R": [[0.9566082625958633, -0.2754857864709582, -0.09491160827739521], [-0.17095285934535556, -0.2668587656038366, -0.9484521701709813], [0.23595709740325932, 0.9235225934826253, -0.3023743830289772]], "T": [-0.10518462983551408, 0.07740944463190257, -0.020075826000161168], "aligned_model": [[0.09240847044151543, 0.3337174049433709, -0.5293745578829707, -0.31350238013617276, -0.5081158813773259, -0.2170842995719156, -0.8322350189685745, 0.06611898390978624, -0.3349451103370525, 0.187511830736789, 0.6528928958675564, 0.2723636785995864, 0.5152013379563418, -0.0134652530526303], [-0.5398847889584489, -0.5526569675046777, -0.4527376656276949, -0.3336998044288585, 0.20946744676553436, 0.39915983420175916, 0.24067588186118255, 0.44262616959201617, 0.677476128001836, -0.10144609885926999, 0.4865182697596053, 0.6854615664356319, 0.005703710657738684, 0.06860964991368064], [0.3895348263601656, -0.16826178834122413, 0.14996774400430976, -0.36237587552221256, 0.5464214304197283, -0.5427691315465462, -0.10694981837951444, 0.6521092624677327, 0.15656276679520023, 0.7807010909919216, 0.3556997220480615, -0.1610583903352982, 0.09300035181134023, 0.11500589640616887]], "inverted": true, "swapped": true, "error_lsq": 0.04388501261493105, "error_max": 0.24550233873900074, "target": "1013.xyz", "model": "0.xyz", "model_rescale": 3.8414455957264533, "target_rescale": 3.9899220100723505},
{"mapping": [6, 9, 2, 4, 7, 13, 0, 1, 12, 8, 3, 10, 3, 5, 14], "R": [[-0.7730503432551448, -0.6278202746668833, -0.09074618179462077], [0.47634375428226106, -0.669002499358774, 0.5705543651642625], [-0.4189150206776834, 0.39784087091312403, 0.8162308784171934]], "T": [-0.08136349326772715, -0.08059354214270745, -0.017332486981033554], "aligned_model": [[0.21639834199669342, 0.2047139788272069, -0.4053339300163342, -0.6189768446563345, -0.3484110853122343, 0.29385076400992727, -0.5143508908680268, -0.5209121469093175, 0.44313902747373846, 0.7074347792118331, -0.6173574922133346, 0.24101268541076523, -0.6173574922133346, -0.21139600801801736, -0.10119726651722356], [-0.6831583033871729, -0.5116780533717689, -0.7208910686991529, -0.16197802235666264, -0.3913545017883564, 0.18100068281206425, 0.2090417901396164, 0.6266718711902938, 0.4526926339401085, -0.07341234143572442, 0.15320998791379, 0.04593473118770283, 0.15320998791379, -0.3011652588368959, -0.010554014703233527], [0.38051267353999996, -0.46211951931405343, 0.1549085105109842, -0.004460593677991573, -0.5123761332168655, -0.6220057237339266, -0.5214660578927461, 0.2173385750473003, 0.13363937795375874, -0.06258857154696447, 0.5036504536873464, 0.5729602335221654, 0.5036504536873464, 0.5899256524331596, 0.03525158952631992]], "inverted": true, "swapped": false, "error_lsq": 0.050653988337511266, "error_max": 0.4672644186049959, "target": "1013.xyz", "model": "1.xyz", "model_rescale": 4.316132596720782, "target_rescale": 3.9899220100723505},
{"mapping": [12, 3, 7, 9, 8, 11, 5, 0, 6, 13, 4, 14], "R": [[-0.878626869185648, -0.3285051165751437, -0.3465533337438518], [0.4733225478512654, -0.6950487641278558, -0.5411774026878128], [-0.06309192056525911, -0.6395245138916034, 0.7661773983165358]], "T": [-0.07380064743735928, 0.07533620489281988, -0.09046818885050367], "aligned_model": [[-0.20477939900390385, 0.4576094586377376, 0.17167298174028198, -0.7229396559823458, -0.5485023786808324, -0.5068371685020493, -0.12921408407339305, -0.20761801919990697, 0.5377594606531589, 0.1149743502638349, 0.5838938685734913, 0.05178914020570749], [-0.6146576377032351, -0.270465874008709, -0.6907186552554327, 0.4483713053334961, -0.2372198302738654, -0.07083432272310143, 0.3487714981549006, 0.48169522715243096, 0.10498787352663495, -0.02307032499640642, 0.4694292113095641, 0.06648795722470352], [0.10676075247488614, -0.06164277133566699, -0.48892811327040797, -0.042837843056550695, -0.347800915439657, 0.39449020486620323, -0.5922040905909446, 0.4731605071636509, -0.5769790027181911, 0.6640125150442053, -0.09263994636572498, 0.013867164437618748]], "inverted": false, "swapped": true, "error_lsq": 0.04237995380489187, "error_max": 0.21315568410566257, "target": "1013.xyz", "model": "2.xyz", "model_rescale": 3.795458400668931, "target_rescale": 3.9899220100723505},
{"mapping": [6, 7, 10, 11, 4, 0, 12, 5, 8, 9, 2, 14], "R": [[-0.8641215996762349, -0.08455683390789717, 0.4961290183132381], [-0.10359199290842763, 0.9945598956098319, -0.010923051305420785], [-0.4925064060276225, -0.0608338383141559, -0.8681800989067431]], "T": [0.17282273950402188, 0.0014376184701204138, 0.05046572630067662], "aligned_model": [[0.05277577682780121, -0.2574110863662444, -0.7570389728871523, 0.11172781652637018, 0.013185167005555998, 0.23110283171927395, -0.2699243876817912, 0.6212968718264245, 0.3971786105545507, 0.7796274182937397, -0.368325600955652, 0.03910938088068858], [-0.1452920907332535, -0.758384767773972, -0.04049481707071916, 0.10300903243515186, 0.44199825985956476, 0.6283556933683422, -0.40985376095037995, -0.1306523255446025, -0.5023369810427522, 0.15522842592918584, 0.6535735058774849, 0.09061887093565892], [-0.7082416471048829, -0.15794842673717238, 0.1803029126648578, 0.7062261654910217, -0.556410090760243, 0.37340412467585965, 0.45907381978614076, -0.28270033287144963, 0.3422340195562673, 0.4639167605913179, -0.15147845467409637, 0.0203925800214795]], "inverted": true, "swapped": true, "error_lsq": 0.045161161546288436, "error_max": 0.23964642318105067, "target": "1013.xyz", "model": "3.xyz", "model_rescale": 3.7530521520055578, "target_rescale": 3.9899220100723505},
{"mapping": [9, 1, 5, 6, 8, 2, 11, 0, 13, 3, 14], "R": [[-0.5152181837636898, 0.7805925185316942, -0.35387221299727917], [-0.7914373933192229, -0.5917720235163133, -0.15307751186729446], [-0.32890283607065235, 0.20119938418333938, 0.9226818152694496]], "T": [0.06347517886368026, -0.12837923932713058, 0.024666254699636167], "aligned_model": [[-0.400593914932065, -0.2284757659925592, 0.2533320640888822, 0.5998192060878473, 0.2879065029628373, -0.2662394376624707, -0.34547593204634697, -0.6368063420840344, -0.3744625145586093, 0.4173890022828283, 0.03180673429889549], [-0.6809923290430401, -0.02498068066716222, -0.3040268939755374, 0.3004071818958241, -0.693363074784988, 0.6697741811488983, -0.40326113633355737, -0.030621111963516467, 0.27255891299438406, 0.3402769033379442, 0.02143140570509741], [-0.18042869324944621, -0.6030130050644282, -0.4878556357650811, -0.34957303867617745, 0.16494094013112987, 0.13931172250299217, 0.47329753642129446, 0.05225594265282098, 0.5365452952203, 0.2653176807112071, 0.082032032360705]], "inverted": false, "swapped": true, "error_lsq": 0.04839960042713958, "error_max": 0.24572860860083287, "target": "1013.xyz", "model": "4.xyz", "model_rescale": 3.7855080009869324, "target_rescale": 3.9899220100723505},
{"mapping": [13, 8, 11, 4, 6, 10, 7, 0, 9, 15, 1, 14, 2, 12, 16], "R": [[-0.9464080807912443, -0.3134394755689498, -0.07789377233190971], [-0.11370198946048539, 0.09760814717703398, 0.9887085046652497], [-0.302297208398889, 0.9445783952429403, -0.1280158311870469]], "T": [-0.11782335966327276, -0.0160397299762728, 0.03404967161177844], "aligned_model": [[0.11016845813684187, 0.2926259222728518, -0.49158171496012015, -0.809741923933225, -0.428354930812464, 0.278963068093808, -0.348954035150893, -0.7123074368268756, 0.38717841068387104, 0.6933049740351567, -0.7487508431143425, 0.3041744842103218, -0.10745738693890428, -0.18374378650334966, -0.08426683898667], [-0.6998549453264803, -0.3606908171513496, -0.6772213513787977, 0.0013077493543086072, -0.48366899468817515, 0.32379885004147385, 0.03883895405872928, 0.4739847905227406, 0.457878933795031, -0.14391509678869208, -0.011005621539288232, -0.017112163652618972, 0.4418630840185172, -0.37586247302854303, -0.0007707777184578317], [0.10674163228933255, -0.4220828628897384, 0.2698033219878939, -0.2266197536088083, -0.2990720511437074, -0.4739213357829164, -0.6765391073336333, 0.15627296983746347, 0.19924147323799385, -0.0369209104631526, 0.4523905701236436, 0.5628351367911046, 0.6137075423629845, 0.6078504679842782, 0.07313382713309495]], "inverted": true, "swapped": false, "error_lsq": 0.0463785676464665, "error_max": 0.3113069166032134, "target": "1013.xyz", "model": "5.xyz", "model_rescale": 4.2253639853439635, "target_rescale": 3.9899220100723505},
{"mapping": [1, 9, 13, 2, 0, 12, 3, 4, 8, 5, 11, 7, 6, 14], "R": [[0.22453334495680843, 0.18294291491828862, 0.9571398366402408], [-0.37775742246455224, -0.8890731591808324, 0.25855028021093335], [0.8982672802542933, -0.4196198368826409, -0.13051852634450467]], "T": [0.01866913393919943, 0.060051065116044355, -0.010237059935413503], "aligned_model": [[0.503495106974264, -0.19139300384840507, -0.3774851925901026, 0.16412050728641164, -0.1805929889499081, -0.5490643173271845, 0.1280146268926216, 0.6197717133397221, -0.2744318566177709, 0.43550301508210276, -0.6072193126510589, -0.009580820553488259, 0.6878695035015915, 0.025055172218988266], [-0.07823046226792554, 0.2576580129843333, -0.6078057894402173, -0.782820384570633, -0.4355899077256642, 0.18059480689609145, -0.14323302918150654, -0.407608380367256, 0.6106680106412563, 0.404472034175489, -0.048174352977284673, 0.47308861360730053, 0.10897131815336394, -0.08689134329235734], [-0.49575725964736456, -0.7027907985277958, 0.09741956468988397, 0.1550378974867876, -0.4742916724004661, 0.4316838901332158, 0.5809700302476011, 0.07834297571783265, -0.023118425293376915, -0.20311042579997823, -0.21178607794089221, 0.7862989319410435, 0.3914536587661495, 0.06120591955880832]], "inverted": true, "swapped": true, "error_lsq": 0.040881745646849744, "error_max": 0.20974357187157833, "target": "1013.xyz", "model": "6.xyz", "model_rescale": 3.89814844738969, "target_rescale": 3.9899220100723505},
{"mapping": [3, 4, 2, 7, 13, 1, 5, 12, 8, 9, 0, 11, 14], "R": [[-0.5630453068105569, -0.5056057530653021, 0.6537146204161834], [0.5409441112587333, -0.8234913959215665, -0.17100113841038966], [0.6247875246618688, 0.25734168591664014, 0.7371674204117246]], "T": [-0.1814822938342539, 0.04265914909909416, -0.03249365558087012], "aligned_model": [[0.16703801929019846, -0.003697710556915368, 0.5226009260998683, -0.21149409215770776, 0.5756026465358817, -0.4477297607051349, -0.7104193101314129, 0.11671341398457852, -0.5248277160652024, -0.5227171359699084, 0.13572431327681167, 0.08670327363170627, -0.03486506632854122], [-0.3427101692029494, 0.3091154732185083, 0.33720314541562124, -0.8425985586261749, 0.19730596767162975, 0.6175652472677222, 0.12116648942771314, -0.502434700035197, -0.269142223061826, 0.4978774498868973, 0.6401163871709508, 0.14636358293262508, 0.05395317340496502], [-0.39695320499249065, -0.7291067188474964, -0.4525113312773932, -0.17839000790508505, 0.09967189212927255, -0.3299884184704658, -0.24139232470447827, 0.34973429597830424, 0.38481554188558387, 0.4565261492905942, 0.17520051383289567, 0.5686660462969612, -0.10399740237990668]], "inverted": false, "swapped": true, "error_lsq": 0.04852092924674118, "error_max": 0.24555745714925764, "target": "1013.xyz", "model": "7.xyz", "model_rescale": 3.7474275329858107, "target_rescale": 3.9899220100723505},
{"mapping": [3, 2, 1, 12, 1, 4, 13, 11, 9, 8, 10, 5, 7, 0, 14], "R": [[0.2307576717710988, -0.9682774654890374, 0.09586264520087173], [0.11091719159016411, 0.12405635820728372, 0.9860564875290346], [-0.9666686472253732, -0.21690728391290257, 0.1360255735404003]], "T": [-0.16379311775713218, -0.04385287584961269, 0.10235717868363359], "aligned_model": [[0.30773307092251057, 0.23031701123151438, -0.40820599512952854, -0.7194860841432837, -0.40820599512952854, 0.2311237017115741, -0.40860236007987016, -0.39349613994392785, 0.19066976134823782, 0.4907190159902604, -0.6955578733080088, 0.37417016719330237, -0.12629784786812245, -0.3538936845942227, -0.1597303279949], [-0.4956207866411411, -0.5889585900055837, -0.6935304517360623, 0.09238587750536398, -0.6935304517360623, 0.0490917638409858, 0.28194288634349396, 0.5294990272796485, 0.6151660439099745, 0.026314044759373982, 0.06693981216801567, 0.07718348367914829, 0.33991355332377465, -0.5794534457271777, -0.05977264644535451], [0.398504684418394, -0.40373220321733794, -0.18571089107541705, -0.12848247993809658, -0.18571089107541705, -0.5666927787179283, -0.6989151750781497, 0.17295514158748643, 0.24515273471965776, -0.07625073235675664, 0.6317101655685734, 0.5594864467678922, 0.6637795370729972, 0.43583437679769665, 0.04489298505223864]], "inverted": false, "swapped": false, "error_lsq": 0.054823067920507215, "error_max": 0.32927418917261614, "target": "1013.xyz", "model": "8.xyz", "model_rescale": 4.019505241142653, "target_rescale": 3.9899220100723505},
{"mapping": [1, 5, 4, 2, 0, 13, 3, 9, 11, 8, 7, 12, 14], "R": [[0.4016051967742824, 0.46234889174621996, -0.7905357475945869], [0.7680336408111577, -0.6402160379693214, 0.015740117827464983], [-0.49883623816463835, -0.6134793615337903, -0.6122135905595738]], "T": [-0.0899898093686982, -0.05325817807979025, 0.044682485619318674], "aligned_model": [[-0.397073884372883, -0.6488312779174145, -0.05708795289783179, 0.5166043477391213, 0.28094171867590007, 0.6819453626482008, 0.1619120363362644, -0.30628497656778303, 0.3028372807874106, -0.34532622350049186, -0.17541996215169098, 0.2671773950489363, 0.03830690791343776], [-0.5226796491125061, -0.11087976811366111, -0.058631634724618666, -0.12358438212864511, -0.6514841528555598, -0.16726711204390857, 0.46236648689787885, -0.6745171773987069, -0.3207383654391538, 0.06968966053865579, 0.8235805987429171, 0.36360270073579526, -0.02607897698442832], [-0.37394709131675885, -0.07343774570754552, -0.7213231830493256, -0.5766080646413098, -0.027757389683713746, -0.030676857603579882, -0.22639563652145697, 0.4053193456705111, 0.5118145033244845, 0.6005064555377152, 0.21708640437596954, 0.5251039539992443, -0.05298120034035522]], "inverted": true, "swapped": true, "error_lsq": 0.05238680814758501, "error_max": 0.2838716262535518, "target": "1013.xyz", "model": "9.xyz", "model_rescale": 3.877068213659057, "target_rescale": 3.9899220100723505},
{"mapping": [0, 8, 1, 4, 7, 9, 2, 13, 10, 11, 3, 12, 6, 5, 15], "R": [[0.20213107784912526, 0.9251367067557351, -0.3213488776714555], [0.18561951057418863, 0.28598524835508293, 0.9400839510477139], [0.9616072091357, -0.24966880369087907, -0.11391691622325355]], "T": [-0.14433433233274512, 0.039729635100338695, 0.051619750843362525], "aligned_model": [[0.3002674336536723, 0.21511248664425836, -0.33117039504409806, -0.7828018787762012, -0.4857819442602636, 0.16333367283848438, -0.4276028350595337, -0.5742817518971854, 0.40142883246439925, 0.5792243279862037, -0.5743458632201401, 0.19993611106591225, -0.10348369733436014, -0.3357652595503735, -0.0928128193047677], [-0.5720310387568319, -0.39491566286256075, -0.8074078605486585, -0.1686146248715179, -0.482110214079291, 0.231319261703242, 0.202139170013039, 0.6795356556965786, 0.49243349488056354, -0.09567919758005727, 0.049023245841180424, -0.08592251953904631, 0.4601967299730758, -0.5136188801258222, -0.02677743922549579], [0.3003046583817367, -0.47488227678250866, 0.07051311844946577, -0.03230009913400392, -0.4750521294900994, -0.49999525753818025, -0.526080393073764, -0.006963253367367583, 0.07193139160844253, 0.1043700055658241, 0.5182727855827732, 0.7026839669926623, 0.5008894058105741, 0.5694566586088597, 0.0836723389114189]], "inverted": false, "swapped": false, "error_lsq": 0.03689248110976515, "error_max": 0.2693466926097459, "target": "1013.xyz", "model": "10.xyz", "model_rescale": 4.260839863003843, "target_rescale": 3.9899220100723505},
{"mapping": [7, 12, 11, 8, 9, 5, 6, 3, 13, 0, 4, 14], "R": [[-0.9947929705729888, -0.07358198558739046, 0.07051692772367682], [-0.04755244684194725, -0.276867128913002, -0.9597308777604352], [0.09014272293376199, -0.9580867832949627, 0.2719264701672105]], "T": [-0.07993579792536412, 0.0716234798293526, -0.040656712910864645], "aligned_model": [[0.4200271574852653, 0.1538649765812829, -0.3119288034171095, -0.39377510135372507, -0.8101443928919688, -0.3357641333000032, 0.3611455689274199, 0.5474607808560792, 0.2536924256897768, -0.2905758130695882, 0.3139464911473847, 0.05094949243931632], [-0.12095262008019705, -0.5744603108430516, -0.49991743071303174, -0.22183224497985496, 0.0002496901922322825, 0.5129146222498668, 0.646780973791299, 0.0645335606592464, -0.32729998788988124, -0.023498089095740332, 0.6505285594612151, 0.06603178278083119], [-0.7609477316719022, -0.2857263453609163, 0.21151649806703549, -0.4930301981404709, 0.11588873865429042, -0.30407731593399173, -0.33428716811833986, -0.1362074810175165, 0.5459549582495784, 0.6281442455761199, 0.2717560617307601, 0.057193815360857506]], "inverted": false, "swapped": true, "error_lsq": 0.0459248014384105, "error_max": 0.3080770845586027, "target": "1013.xyz", "model": "11.xyz", "model_rescale": 3.890672605050136, "target_rescale": 3.9899220100723505},
{"mapping": [4, 2, 10, 6, 3, 9, 0, 5, 1, 11, 12, 13, 8, 14], "R": [[-0.8090489996324646, 0.32683390146302665, -0.4884867624083228], [-0.44642670851332916, 0.1988643236496257, 0.872442648376002], [0.3822864241895908, 0.9239223893995826, -0.014983599250607549]], "T": [0.08294209175345038, -0.0764594950619309, 0.2478619613861364], "aligned_model": [[0.4560889732076526, 0.20714298971888917, 0.3951236174999565, 0.8042279511045521, 0.5978196177020254, -0.573021767530948, -0.46095284357184996, 0.21262483886053857, -0.03515776706583579, -0.45927318650199755, 0.11531637220531019, -0.138719727266253, -0.03886531386798091, 0.1275220802996342], [-0.385353406158601, 0.09350368505379653, 0.750299994829456, -0.3628347994112113, 0.23714497537590684, -0.3717962935244931, -0.09269128803064092, -0.5881995783506868, -0.7107907439643091, 0.3091576417145968, 0.5995790622091663, 0.43866213515341096, 0.022162957809450684, -0.006691822878076764], [-0.3464629053125794, -0.5974727939658185, -0.0719352699050648, 0.1513546900038445, 0.04946828028528227, 0.4606831990542951, -0.20449506481368687, 0.47342990218182085, -0.023402041544933833, 0.28491747657962757, 0.5200199422111934, -0.2999306284729687, 0.8517574065286586, 0.10685824252719053]], "inverted": false, "swapped": true, "error_lsq": 0.049723224406663595, "error_max": 0.29662026769420335, "target": "1013.xyz", "model": "12.xyz", "model_rescale": 4.124412569039231, "target_rescale": 3.9899220100723505},
{"mapping": [3, 13, 0, 7, 2, 6, 12, 5, 11, 8, 1, 9, 14], "R": [[0.42763664583526767, -0.7882812264004636, -0.4424246910416991], [0.5018561198941772, -0.20004123915508235, 0.8415010027100743], [-0.7518426258623032, -0.581890205057518, 0.3100587931257501]], "T": [0.12384679289334452, 0.07304308398740374, -0.08654213049206183], "aligned_model": [[-0.1950021283621928, 0.13759509762772912, 0.5990198307095626, -0.6804278312945046, 0.42289159178621083, 0.10832291205828368, -0.5365994318820216, 0.3231256407595243, 0.030357643301830467, -0.23840403096717414, 0.786413471069566, 0.47591056281902644, 0.13409497988391714], [-0.23271319827481374, 0.513989978823138, 0.5479023041383523, -0.32553103644801884, 0.048095604489858265, -0.6976239161429482, 0.3609224036859143, -0.28334716740240184, 0.7326948171906832, 0.22355136975042794, -0.11957455043979796, 0.5118151202501132, 0.06730364688797091], [0.3691498099431809, 0.5614839472880189, 0.13578950490420644, -0.07434942145181042, 0.7312928319412315, 0.04540158214540524, 0.02783650802328086, -0.4900893435463318, -0.0727412194286492, -0.5716964744564628, -0.2040653756462435, -0.5828640930482205, 0.07654982430023369]], "inverted": false, "swapped": true, "error_lsq": 0.04734378434564674, "error_max": 0.26196082495205597, "target": "1013.xyz", "model": "13.xyz", "model_rescale": 3.9028299243045295, "target_rescale": 3.9899220100723505},
{"mapping": [3, 6, 2, 12, 1, 9, 11, 13, 10, 7, 8, 4, 5, 0, 15], "R": [[0.7312616877161163, 0.3712355591311843, -0.5722241726064485], [-0.5308756196347292, -0.2169935577557032, -0.8191977004178936], [-0.4282842754013039, 0.9028277551831689, 0.038400832216252456]], "T": [-0.1565599162040081, -0.08006914845543539, 0.0624292088422781], "aligned_model": [[0.2386289708425856, 0.1417365302926341, -0.5414486980275479, -0.7771812136787982, -0.39656201889040066, 0.30613096684533214, -0.36884920241540486, -0.43360713441802795, 0.29206460831102876, 0.7264976412644304, -0.7432879080677561, 0.24057378380889038, -0.32743700635240186, -0.1387305067957326, -0.06727239251282419], [-0.5278697191875593, -0.5028594061521362, -0.7029326442533441, 0.20070044580418106, -0.38619728666409797, 0.05624679842645114, 0.12243851397801653, 0.6607297432956143, 0.506589292576429, 0.061882598942579026, -0.17223178693860264, 0.013017026565276396, 0.22390120975016897, -0.523665691683735, -0.06217897394084353], [0.24128624014105, -0.3578991036153416, 0.14022034448500176, -0.07983086644550152, -0.45803530430517425, -0.5443496354102048, -0.6156420218949661, 0.14676895425050107, 0.1620309739807234, -0.08140057752235574, 0.5561532929104737, 0.60370830710563, 0.4372690080231109, 0.7625153665691571, -0.005974057746270849]], "inverted": true, "swapped": false, "error_lsq": 0.04090873430463061, "error_max": 0.24100791252292064, "target": "1013.xyz", "model": "14.xyz", "model_rescale": 3.942246331269136, "target_rescale": 3.9899220100723505},
{"mapping": [5, 4, 9, 6, 10, 4, 11, 8, 12, 3, 7, 1, 0, 2, 14], "R": [[0.19158572264154822, -0.9658936715328089, -0.17419622892814496], [-0.7693695011598062, -0.2579975244536289, 0.5843867281697205], [-0.6093976382995157, 0.02206111213584039, -0.7925577744027897]], "T": [-0.11001390189602774, -0.05097949707890879, -0.009142508231764046], "aligned_model": [[0.16252394970142253, 0.18153454792380636, -0.578770954585867, -0.6585890066105329, -0.24070635767570214, 0.18153454792380636, -0.4396282842649344, -0.6093631069049604, 0.46871302160555933, 0.5937484175501672, -0.8093286540005165, 0.5003657094905621, -0.2617991943220677, -0.24512422955818025, -0.09385398606655584], [-0.45823040029727646, -0.13177739067919184, -0.6968885936075353, -0.052183134288533016, -0.5281979520592357, -0.13177739067919184, 0.24679049975783315, 0.526806661345035, 0.5125645098956408, -0.1968099147187727, -0.11064705208598449, 0.040633100500870066, 0.24278014628334313, -0.28043295224306575, -0.015060016605537012], [0.3941556190433132, -0.5112731473288161, 0.09683187880336222, -0.11801534728429526, -0.5231294188351661, -0.5112731473288161, -0.5719909892423831, 0.11597524781604807, 0.11563552821778755, -0.009274868881761406, 0.4790973595561447, 0.5159149150553084, 0.6476557711532249, 0.7062204974595723, 0.08029102232231039]], "inverted": false, "swapped": false, "error_lsq": 0.0526047062290657, "error_max": 0.2992521006197827, "target": "1013.xyz", "model": "15.xyz", "model_rescale": 4.355366556412066, "target_rescale": 3.9899220100723505},
{"mapping": [12, 3, 7, 9, 8, 11, 5, 0, 6, 13, 4, 14], "R": [[-0.878626869185648, -0.3285051165751437, -0.3465533337438518], [0.4733225478512654, -0.6950487641278558, -0.5411774026878128], [-0.06309192056525911, -0.6395245138916034, 0.7661773983165358]], "T": [-0.07380064743735928, 0.07533620489281988, -0.09046818885050367], "aligned_model": [[-0.20477939900390385, 0.4576094586377376, 0.17167298174028198, -0.7229396559823458, -0.5485023786808324, -0.5068371685020493, -0.12921408407339305, -0.20761801919990697, 0.5377594606531589, 0.1149743502638349, 0.5838938685734913, 0.05178914020570749], [-0.6146576377032351, -0.270465874008709, -0.6907186552554327, 0.4483713053334961, -0.2372198302738654, -0.07083432272310143, 0.3487714981549006, 0.48169522715243096, 0.10498787352663495, -0.02307032499640642, 0.4694292113095641, 0.06648795722470352], [0.10676075247488614, -0.06164277133566699, -0.48892811327040797, -0.042837843056550695, -0.347800915439657, 0.39449020486620323, -0.5922040905909446, 0.4731605071636509, -0.5769790027181911, 0.6640125150442053, -0.09263994636572498, 0.013867164437618748]], "inverted": false, "swapped": true, "error_lsq": 0.04237995380489187, "error_max": 0.21315568410566257, "target": "1013.xyz", "model": "16.xyz", "model_rescale": 3.795458400668931, "target_rescale": 3.9899220100723505},
{"mapping": [3, 4, 2, 7, 13, 1, 5, 12, 8, 9, 0, 11, 14], "R": [[-0.5630453068105569, -0.5056057530653021, 0.6537146204161834], [0.5409441112587333, -0.8234913959215665, -0.17100113841038966], [0.6247875246618688, 0.25734168591664014, 0.7371674204117246]], "T": [-0.1814822938342539, 0.04265914909909416, -0.03249365558087012], "aligned_model": [[0.16703801929019846, -0.003697710556915368, 0.5226009260998683, -0.21149409215770776, 0.5756026465358817, -0.4477297607051349, -0.7104193101314129, 0.11671341398457852, -0.5248277160652024, -0.5227171359699084, 0.13572431327681167, 0.08670327363170627, -0.03486506632854122], [-0.3427101692029494, 0.3091154732185083, 0.33720314541562124, -0.8425985586261749, 0.19730596767162975, 0.6175652472677222, 0.12116648942771314, -0.502434700035197, -0.269142223061826, 0.4978774498868973, 0.6401163871709508, 0.14636358293262508, 0.05395317340496502], [-0.39695320499249065, -0.7291067188474964, -0.4525113312773932, -0.17839000790508505, 0.09967189212927255, -0.3299884184704658, -0.24139232470447827, 0.34973429597830424, 0.38481554188558387, 0.4565261492905942, 0.17520051383289567, 0.5686660462969612, -0.10399740237990668]], "inverted": false, "swapped": true, "error_lsq": 0.04852092924674118, "error_max": 0.24555745714925764, "target": "1013.xyz", "model": "17.xyz", "model_rescale": 3.7474275329858107, "target_rescale": 3.9899220100723505},
{"mapping": [0, 11, 13, 9, 4, 6, 2, 12, 1, 3, 5, 8, 7, 14], "R": [[-0.46381231918835564, -0.6535428683533088, 0.5981302966692533], [-0.07655668416749156, 0.7021821675015647, 0.7078695344144171], [-0.8826195141046894, 0.2825277382264162, -0.37571381456404784]], "T": [-0.06804774240122208, -0.018248573597121086, -0.017261696915273045], "aligned_model": [[0.35063085503129116, 0.20440746593928993, 0.7022137695825561, -0.3274573728946976, 0.16781267901487867, -0.2574663337187735, 0.6854295719433519, 0.11759316814105314, -0.2182254644026736, 0.20932000108202997, -0.569689941128213, -0.47021470861988107, -0.25883110046802216, 0.07932505838068718], [-0.2769687999890931, 0.3389575595253031, 0.06791681470508362, -0.08673959754770191, -0.6448628289026815, -0.34284753249624933, -0.4052063320862011, 0.6807170075928989, -0.6790038398394608, 0.08115212967483501, -0.2929377691598205, 0.4341257917029418, 0.5374191716036139, -0.051313533272234556], [-0.5256750400087342, -0.5094436076591243, -0.13487847482801385, -0.7178478170043341, 0.35636984255284687, 0.6685472213816036, 0.18630604161324837, 0.07829331406514095, -0.1926384320338263, 0.5448711329126236, 0.03251152835591517, -0.1684976246583925, 0.6614891631028953, 0.04538747086980656]], "inverted": false, "swapped": true, "error_lsq": 0.041237470782867956, "error_max": 0.25734853963993864, "target": "1013.xyz", "model": "18.xyz", "model_rescale": 3.922800546911778, "target_rescale": 3.9899220100723505},
{"mapping": [10, 11, 9, 3, 7, 13, 12, 5, 8, 4, 0, 6, 1, 2, 14], "R": [[0.20536254524373632, -0.9427286107805702, 0.2628478484346999], [-0.9781578247780535, -0.18888858504867917, 0.08676619309255881], [-0.03214801450294655, -0.2749252059270748, -0.9609280078702434]], "T": [-0.09214977050758573, 0.012013646036612327, 0.07228305715039798], "aligned_model": [[0.33267889619567276, 0.22391055552919154, -0.34498339870334105, -0.6981891088364838, -0.38219634448086254, 0.23604921685660252, -0.4955269035710523, -0.5275577304167742, 0.20328389782319217, 0.6115603183573664, -0.8475088850203191, 0.4387911240695494, -0.14048064014846684, -0.32473952984661014, -0.13383504760165804], [-0.6023572875148276, -0.5088818137790946, -0.7606133951575869, -0.13260000954533074, -0.4058311966646259, 0.06064554249851768, 0.3245049552708169, 0.6372389677143758, 0.545902488201765, -0.1407952582892672, 0.11474507590072595, 0.12132053205843668, 0.23913517395652373, -0.4770503500265419, -0.04779330410548882], [0.3766998885141878, -0.2965223156652842, 0.11547793628961638, -0.07246657014516392, -0.5437442891687387, -0.5291602985863043, -0.5262569287662529, 0.11752602087262796, 0.026760471000315755, -0.0005776914085518225, 0.4148053149928519, 0.4988056744252092, 0.7751791821439329, 0.5411619054610678, 0.009132620566319097]], "inverted": false, "swapped": false, "error_lsq": 0.04690238259066741, "error_max": 0.27176692458008134, "target": "1013.xyz", "model": "19.xyz", "model_rescale": 3.9282355846067225, "target_rescale": 3.9899220100723505},
{"mapping": [9, 11, 12, 0, 1, 13, 2, 3, 4, 6, 8, 5, 7, 14], "R": [[0.7667310090131895, -0.454940759753336, -0.4529375949649954], [0.637303258537601, 0.4545027157751732, 0.6223116887945688], [-0.07725358551531686, -0.7658042742555371, 0.6384165544979062]], "T": [-0.07207327083117233, -0.1735651187785692, 0.10562036179255523], "aligned_model": [[-0.650268850556146, -0.04535267747305648, 0.5381443981009071, -0.4379137581952795, -0.6946098029368296, 0.16701838513663186, 0.03486952802785488, 0.4457027676462869, -0.1949950155715462, 0.07429830883928527, 0.01558601569081873, -0.3975539395793128, 0.6844708220879349, -0.006873362132873068], [-0.649971419394673, -0.6961693680063887, -0.565701611970756, -0.2369391060579106, 0.1459122611168103, -0.14360576921544319, 0.40354212064372186, 0.19235380988540604, 0.5734076871696693, 0.47348422442226656, -0.6847929935511317, -0.05561682211682431, -0.15728526653707608, -0.07573565896283477], [0.06647707710941766, -0.3069834480968258, 0.028099018223396152, -0.49675537350008553, 0.12265970457387242, -0.640367972467243, -0.5381301071276636, 0.07701975113007495, -0.016026514336007394, 0.5197221215072388, 0.45234078299739505, 0.5635799203152326, 0.5885734284846694, -0.008025231569788974]], "inverted": true, "swapped": true, "error_lsq": 0.04411564108814392, "error_max": 0.2783271077852807, "target": "1013.xyz", "model": "20.xyz", "model_rescale": 4.067790424073018, "target_rescale": 3.9899220100723505},
{"mapping": [7, 9, 0, 3, 12, 10, 11, 6, 5, 1, 2, 8, 4, 0, 14], "R": [[0.042134874449672524, -0.9865878126766074, -0.15769952515178315], [0.8106421247822784, 0.12602222946342773, -0.571819677179389], [0.5840239702988087, -0.10374432784039198, 0.8050795715687746]], "T": [-0.11359705578245541, 0.03861998907371797, 0.04212365998478129], "aligned_model": [[0.3066820801963732, 0.2868807836761279, -0.3529233112690521, -0.9273051064423516, -0.348935001068748, 0.28553968071772373, -0.39608610271227607, -0.5762135326388746, 0.2628643154458944, 0.6922584351876567, -0.6822465514842425, 0.21807961080119823, -0.1792131911731521, -0.3529233112690521, -0.08520237776121822], [-0.5402994103622378, -0.47443544434457097, -0.5238712095333982, -0.12419413308313337, -0.44462548873422736, 0.019588932172869472, 0.20244565144046475, 0.6108478793568987, 0.43574752550118023, -0.08769329498801948, 0.016168021347539613, -0.05008942830363089, 0.4285520266809415, -0.5238712095333982, 0.023299702901120253], [0.2539767553749308, -0.3826604284783429, 0.40376522900755424, -0.14526840646517664, -0.5038651005078539, -0.6731486699727615, -0.5159026339243197, 0.12021424596277275, 0.2635568929057031, -0.04702219365787165, 0.5215562326394332, 0.49741381454292755, 0.7393467401823229, 0.40376522900755424, -0.02890678609103911]], "inverted": true, "swapped": false, "error_lsq": 0.050399308337189044, "error_max": 0.38340053470424823, "target": "1013.xyz", "model": "21.xyz", "model_rescale": 4.186013935880536, "target_rescale": 3.9899220100723505},
{"mapping": [13, 10, 2, 9, 8, 0, 11, 12, 4, 3, 7, 5, 14], "R": [[0.5187407965419217, -0.7138794324787687, -0.470408484071922], [-0.7300298613910075, -0.08351768550813457, -0.6782928553986037], [0.4449318908332815, 0.6952704165223452, -0.5644773338481941]], "T": [0.10313022947010966, -0.028831451920269528, 0.18834549188635738], "aligned_model": [[0.041926972180796884, -0.531872149898848, 0.30128582057905673, 0.5156090718602842, -0.19693093091832312, 0.5515080186847162, 0.013470317773298573, -0.5641688808540323, 0.4573149813351165, -0.27051239580910913, -0.6996398356773313, 0.34696845514525576, 0.09361459102234486], [-0.18307433135947498, 0.12760467751266702, 0.3268313888485671, -0.60593103565048, -0.37466417851351724, -0.35430096041662, -0.6356871169087107, -0.28502018007341784, 0.5979516478274469, 0.41188906354322397, 0.2995325543626485, 0.15368111194987158, 0.040144018423889226], [-0.5778296009422086, -0.48660527956901634, -0.5818119593305521, 0.4325228115843264, 0.6121569666978635, -0.25181244352547316, -0.07195894038780146, 0.042656012490570966, -0.07541993049688026, -0.07426315064148356, 0.4198729516575944, 0.674975235516536, 0.04039688828186999]], "inverted": false, "swapped": true, "error_lsq": 0.04173434250443542, "error_max": 0.2115324252007942, "target": "1013.xyz", "model": "22.xyz", "model_rescale": 4.166573947596378, "target_rescale": 3.9899220100723505},
{"mapping": [6, 13, 12, 9, 14, 7, 10, 8, 0, 5, 3, 1, 4, 2, 15], "R": [[0.6187777816387467, -0.6885027658036252, 0.37825652463769843], [0.7561028424237543, 0.6526165207837109, -0.048991514355891774], [-0.21312566393785326, 0.31631569401615617, 0.9244035012320793]], "T": [-0.2592294306098075, -0.12012633749844945, 0.09818283636930572], "aligned_model": [[0.20003866478727161, 0.18567726367807735, -0.3887899993277359, -0.8181340415222482, -0.43866308202079923, 0.16454651349614824, -0.1717232736550394, -0.5143029821035683, 0.28096320312650835, 0.5339063613126348, -0.658510803401156, 0.3360278621407413, -0.21514273413491736, -0.1511812463957066, -0.19345528577420418], [-0.6452869658094764, -0.3279422755069503, -0.7613914060261732, -0.03673739166685418, -0.541500714886324, 0.2889438796850571, 0.027331504676506718, 0.6458073365080914, 0.4739157628350994, -0.15116656062345835, 0.025512762224846497, -0.06565520132820128, 0.4139552303418744, -0.2589684926308652, -0.1192473472747741], [0.4021347453765869, -0.5915154369236014, 0.06110823389216994, -0.10460051081680477, -0.5469721543442015, -0.30736019989288954, -0.6308851236866768, 0.04958005278248234, 0.2467145310554658, -0.14886797079645794, 0.5233772507137422, 0.48651350940293436, 0.6008425179151266, 0.7476885600048357, 0.1190629158431209]], "inverted": true, "swapped": false, "error_lsq": 0.050149832845920055, "error_max": 0.3282582044243884, "target": "1013.xyz", "model": "23.xyz", "model_rescale": 4.274766983524099, "target_rescale": 3.9899220100723505},
{"mapping": [8, 3, 6, 5, 4, 1, 9, 0, 11, 13, 14], "R": [[0.029390894071067014, 0.31977790515189963, 0.9470365709529736], [-0.9706528453533618, -0.21710564838490987, 0.10343206101973845], [0.23868227657940239, -0.9222837029981777, 0.30401240440291755]], "T": [0.01495859486132678, 0.0741593356870507, -0.07661064436003553], "aligned_model": [[0.3245740875528467, 0.035247377895395886, -0.5397805911436874, -0.4172328281243266, -0.5721852549801789, -0.5754074842491981, 0.0687831410485493, 0.07611777941017239, 0.5709310332970814, 0.39099021976127635, 0.017857223490143924], [-0.30547852007122733, 0.6803195786896686, 0.4707124068241824, -0.21488563227729712, 0.5141440479116823, -0.15347389047295146, -0.6251516320170759, -0.035394487853871476, -0.12176974071362413, 0.4884720251403476, 0.21809237608364979], [-0.46296085608395987, -0.26359943651687356, -0.4594785805375887, -0.320003339502175, 0.14599133952587626, 0.2226532463067614, 0.18960801969728144, 0.619786917971083, 0.234158627087762, 0.4724851486164363, 0.0009253474569744374]], "inverted": false, "swapped": true, "error_lsq": 0.04672060997474461, "error_max": 0.24432993729388996, "target": "1013.xyz", "model": "24.xyz", "model_rescale": 3.7841303162186577, "target_rescale": 3.9899220100723505},
{"mapping": [4, 0, 2, 9, 8, 7, 10, 14, 11, 6, 12, 3, 13, 5, 15], "R": [[0.9187929238611482, -0.3806496401538893, -0.10452470766951305], [0.39082428011741405, 0.8400043609880533, 0.37636293068228366], [-0.05546120385808208, -0.3866503911439466, 0.9205571844784254]], "T": [-0.11044531942112605, -0.1003489459336313, -0.06359105889484123], "aligned_model": [[0.20388741860070064, 0.1367105638200682, -0.5361737554261912, -0.6951622317766437, -0.2917864712469103, 0.2962590069779151, -0.34466832376509926, -0.7051543009818526, 0.3094130805217611, 0.5815101683014218, -0.5815830396313391, 0.2559970786882038, -0.16464793294499205, -0.26450049287263405, -0.048844348058401287], [-0.6624444503040672, -0.3020153783184385, -0.6627229289714971, -0.08553263663092463, -0.5859048532947276, 0.1699635604966765, 0.4351085031301597, 0.40818381263809633, 0.5309010025654132, -0.13794913453848034, -0.00705849821017232, -0.04594721966221052, 0.4677410807309752, -0.45562408559293843, -0.09912865351946583], [0.31316870094238203, -0.7265952585648301, 0.20339925910569828, -0.06881771271923168, -0.34785964864774266, -0.4929257766337243, -0.5770888775419893, 0.06684905388107493, 0.0575286987008477, 0.1408845657418371, 0.5233485013554586, 0.6517845827646467, 0.4715124783411125, 0.7234193121401085, -0.03178695833981418]], "inverted": false, "swapped": false, "error_lsq": 0.050186766916492515, "error_max": 0.376566774546093, "target": "1013.xyz", "model": "25.xyz", "model_rescale": 4.19342608120988, "target_rescale": 3.9899220100723505},
{"mapping": [12, 3, 7, 9, 8, 11, 5, 0, 6, 13, 4, 14], "R": [[-0.878626869185648, -0.3285051165751437, -0.3465533337438518], [0.4733225478512654, -0.6950487641278558, -0.5411774026878128], [-0.06309192056525911, -0.6395245138916034, 0.7661773983165358]], "T": [-0.07380064743735928, 0.07533620489281988, -0.09046818885050367], "aligned_model": [[-0.20477939900390385, 0.4576094586377376, 0.17167298174028198, -0.7229396559823458, -0.5485023786808324, -0.5068371685020493, -0.12921408407339305, -0.20761801919990697, 0.5377594606531589, 0.1149743502638349, 0.5838938685734913, 0.05178914020570749], [-0.6146576377032351, -0.270465874008709, -0.6907186552554327, 0.4483713053334961, -0.2372198302738654, -0.07083432272310143, 0.3487714981549006, 0.48169522715243096, 0.10498787352663495, -0.02307032499640642, 0.4694292113095641, 0.06648795722470352], [0.10676075247488614, -0.06164277133566699, -0.48892811327040797, -0.042837843056550695, -0.347800915439657, 0.39449020486620323, -0.5922040905909446, 0.4731605071636509, -0.5769790027181911, 0.6640125150442053, -0.09263994636572498, 0.013867164437618748]], "inverted": false, "swapped": true, "error_lsq": 0.04237995380489187, "error_max": 0.21315568410566257, "target": "1013.xyz", "model": "26.xyz", "model_rescale": 3.795458400668931, "target_rescale": 3.9899220100723505},
