[{"mapping": [3, 11, 1, 9, 0, 10, 2, 5, 4, 7, 13, 12, 14, 15], "R": [[-0.5985524407085854, -0.42512256491822653, -0.6789740646881467], [0.7026495849946018, -0.6856690447133982, -0.19010923656868933], [-0.3847317720551674, -0.590871192324659, 0.7091210740431612]], "T": [-0.025966245216135705, 0.03976165323892236, 0.2363990007403853], "aligned_model": [[-0.10984696082554272, 0.384254052240444, -0.5854330767353663, -0.26119113960384926, -0.5702295701385861, -0.04906475124825126, -0.7842464526688931, -0.03808580043307337, -0.41616941018724235, 0.43076929532615327, 0.6741517775183822, 0.15905349398732183, 0.5863345703184218, -0.048803926421614977], [-0.6715712245807774, -0.3673665737799674, -0.40691955458979034, -0.35434288957797544, 0.24044452932302843, 0.29974009859964834, 0.20140512442876854, 0.5156225198846872, 0.6548209419791, 0.09416731031332676, 0.5120228398347111, 0.7035876928500492, -0.20171353615178153, 0.015376053277006842], [0.14775489596291033, -0.34487013783749865, 0.3078492612846693, -0.27802334779342686, 0.633977494618792, -0.4866390492481881, -0.1427305128012534, 0.5504836778678854, 0.07965537030006509, 0.713088123350329, 0.3256421330982784, -0.007358509771800109, 0.19019977537631413, 0.20855891277275662]], "inverted": true, "swapped": true, "error_lsq": 0.04366414583762539, "error_max": 0.2995053063754872, "target": "1014.xyz", "model": "0.xyz", "model_rescale": 3.8414455957264533, "target_rescale": 4.17453969933393},
{"mapping": [4, 12, 6, 13, 5, 7, 8, 0, 3, 1, 14, 10, 11, 9, 15], "R": [[0.9293921748261592, -0.34045518571010003, -0.14254982250077813], [-0.22288248165452276, -0.8255278616655642, 0.5184854375827757], [-0.2941999060900995, -0.4501044502523635, -0.843120631416166]], "T": [-0.026770195715639405, 0.03452219786669555, -0.030041866230511652], "aligned_model": [[-0.7518565197474816, -0.6377523256613586, 0.09991229129627757, -0.21486392602517387, -0.38444780595041783, 0.19003247761628303, 0.703108371000287, -0.2790544523418913, 0.573859344946948, 0.22360303525511763, 0.3746723922533791, -0.4577237061851087, 0.32462748847003287, 0.12677657143419027, -0.018849082856539183], [0.04248220304208236, 0.03310687042167165, -0.5299452753285802, -0.28892039963236293, -0.40741745034308086, -0.4914849155458294, -0.31795584765927276, -0.33004663938498724, 0.3501792004663974, 0.1801575541459243, 0.07205112688249646, 0.6372843108861193, 0.6538930179191179, 0.6723330817841842, 0.07132769038913399], [0.14116404874397748, -0.43130720541024037, 0.3059495398388614, -0.792384207660468, -0.07471520175359224, -0.3693248846772761, 0.07489407668419339, 0.5158583619862819, 0.215911435075698, 0.6285444720304768, -0.5523371393007019, -0.23464700225298574, -0.43600658386065366, 0.1818547145203297, -0.008272636624365622]], "inverted": false, "swapped": true, "error_lsq": 0.041717272412909095, "error_max": 0.29176388492068267, "target": "1014.xyz", "model": "1.xyz", "model_rescale": 4.316132596720782, "target_rescale": 4.17453969933393},
{"mapping": [2, 9, 1, 5, 0, 4, 6, 13, 3, 10, 14, 15], "R": [[0.5800224569238491, -0.6813771978717079, 0.44642923704045345], [0.6082674762473165, 0.7268016356566804, 0.31901419991356905], [-0.5418345013043578, 0.08651298531014738, 0.836020858931752]], "T": [0.016811941395387615, 0.125433974361719, -0.054035306045177964], "aligned_model": [[-0.19625952718683864, 0.4984478591347384, 0.13244168287202063, -0.5192262795347458, -0.5351844492333263, -0.5319778001493657, -0.3495194517540678, -0.1480094878829, 0.5924013618448237, 0.16177531523295302, 0.4512719633262837, 0.041647367962205896], [-0.6936808596288406, -0.36062777279474195, -0.3998417002194258, 0.3146044757551202, -0.15852810425964048, -0.20931243614258088, 0.2213684822416316, 0.849470447912909, -0.08155799336520267, -0.17704997619358487, 0.6181976846190731, 0.0897341798162638], [0.11480814465413337, 0.02993084769698258, -0.5318926124753524, -0.008022486805019019, -0.38453548008682825, 0.3226604127151809, -0.6055424105818977, 0.3579905332098636, -0.43710104347600287, 0.6376260523278785, 0.007489806039340477, -0.05415330200885809]], "inverted": false, "swapped": true, "error_lsq": 0.049004452355398624, "error_max": 0.2808549229919765, "target": "1014.xyz", "model": "2.xyz", "model_rescale": 3.795458400668931, "target_rescale": 4.17453969933393},
{"mapping": [10, 12, 4, 6, 9, 1, 5, 14, 7, 8, 2, 15], "R": [[0.9808164052183393, -0.14907930057366844, 0.1255967411800191], [-0.06137214525193166, -0.8476969869358729, -0.5269186636730747], [0.18502064490686085, 0.5091023281034068, -0.8405844279297238]], "T": [0.12205148994260295, -0.014763918038622488, 0.043175144362945186], "aligned_model": [[-0.2363045747501903, -0.3235721867697985, -0.6190163176845821, 0.14887583476534863, 0.17829861981888243, 0.13849067898954381, -0.1876778245170313, 0.6710103331297583, 0.45386649975633836, 0.7877300737759452, -0.5396839622313673, 0.12128665146071778], [-0.05420393008243724, -0.5413740537019619, -0.08915155192367621, 0.059095770278854286, 0.4919502982678832, 0.681896645274051, -0.356729030887729, -0.3158740253091193, -0.4661730002119826, 0.1424362848162895, 0.5116554765798416, 0.022240162189695954], [-0.63574441722904, -0.19851958553774557, 0.02292696601835063, 0.7075450765016099, -0.42088999939731936, 0.22213376896002485, 0.37838738427709834, -0.16499261492261547, 0.396627388555153, 0.4905398346241577, -0.12958331458150318, 0.02034094337092928]], "inverted": false, "swapped": true, "error_lsq": 0.04380186301928879, "error_max": 0.19426841799598032, "target": "1014.xyz", "model": "3.xyz", "model_rescale": 3.7530521520055578, "target_rescale": 4.17453969933393},
{"mapping": [8, 9, 1, 2, 6, 10, 7, 14, 13, 4, 15], "R": [[-0.7456971561624319, 0.03246995763832511, -0.665493390757735], [-0.6619729624045202, -0.14955566579946378, 0.7344555125211214], [-0.07568056776112059, 0.9882200183553482, 0.1330174687216305]], "T": [-0.07321222349518515, -0.042788546498560745, 0.03073657648710501], "aligned_model": [[-0.36502522456664055, -0.13564112081836288, 0.24868713559878802, 0.5878240414780215, 0.2230141429980414, -0.09131820831664246, -0.3569654296521369, -0.7255076768836433, -0.47595078878381003, 0.4980176471927977, -0.06893491580120721], [-0.798314042418233, 0.1945353518048944, -0.35058980434748915, 0.3364340020643211, -0.6154705360451268, 0.7114884191281784, -0.4095077808260492, -0.10035036082479411, 0.14450878530127936, 0.3863422784104024, -0.031872953933037323], [-0.07881452695555374, -0.6135145347674535, -0.5343046299844567, -0.3743288353699983, 0.2091952114887932, -0.1163850983366235, 0.5038126489117244, 0.11169461030722128, 0.7545332111335522, 0.24208504288654956, -0.011142322068438536]], "inverted": false, "swapped": true, "error_lsq": 0.048003998305429, "error_max": 0.2614880609825242, "target": "1014.xyz", "model": "4.xyz", "model_rescale": 3.7855080009869324, "target_rescale": 4.17453969933393},
{"mapping": [9, 10, 15, 7, 14, 2, 3, 0, 5, 8, 13, 6, 12, 1, 4, 16], "R": [[-0.8422096816580984, 0.2607727235181701, -0.47189028257666077], [-0.10985416541513476, -0.9398877594840355, -0.32333119539107935], [-0.5278398568337834, -0.2204735499804821, 0.820229540614513]], "T": [-0.04688418873853524, -0.03324320184489313, 0.06577087355513855], "aligned_model": [[-0.3557535034882588, 0.05719517588504981, -0.6612533763209232, 0.5447731392273824, -0.6614587161588378, -0.22192261493624083, 0.08388240739628512, 0.5008457045580881, 0.6195573801695903, -0.21856571882948778, -0.49531351591709666, 0.21216076613297186, -0.4436597250615702, 0.19454548349897827, 0.6258160166787129, -0.08878778773854817], [0.07615627098104691, -0.478890412781536, -0.48568553344942933, -0.4912577948374821, 0.21751431208415103, 0.6164119141828259, 0.2877655667721195, 0.5135469433692696, 0.008500624156589476, -0.7155888468671457, -0.34353653033318576, -0.3591006451151254, 0.31775978137794836, 0.5763145511265747, 0.05490218321271387, -0.009588398620092968], [-0.5663252591655775, -0.5012655655898486, -0.24594140500870565, 0.026608254312139867, -0.06505809107848709, -0.23934462449753802, -0.5361178812871016, -0.03162719832751032, -0.3916308457697209, 0.08125463628954954, 0.5427371487751352, 0.5685528403041149, 0.4928906957998882, 0.44426129370475287, 0.3602290345729416, 0.04186918175252222]], "inverted": false, "swapped": false, "error_lsq": 0.02985461600425056, "error_max": 0.21947238324760607, "target": "1014.xyz", "model": "5.xyz", "model_rescale": 4.2253639853439635, "target_rescale": 4.17453969933393},
{"mapping": [7, 12, 2, 0, 4, 9, 1, 6, 11, 14, 10, 3, 8, 15], "R": [[0.6833144615530181, 0.5759309196708802, -0.4487593145546544], [0.6573906862901953, -0.21788452147964985, 0.7213624753745446], [0.31767724534724756, -0.7879276052193108, -0.5274952670137872]], "T": [0.08213134354053592, -0.03196200212004264, -0.05445867160326613], "aligned_model": [[0.6715496923626287, -0.1910854565410019, -0.5595228379888493, 0.2242151358719045, -0.3034283958764339, -0.4067815431217127, 0.028811632387573005, 0.604008787342398, -0.24080041989402196, 0.29452679614439337, -0.636492247565311, 0.09248142358473344, 0.743915407537989, 0.052664178513494066], [0.11870598398958376, -0.10602602784577642, -0.5612789785296697, -0.7114422712795914, -0.5714025799243365, 0.16819820894769938, -0.290171680373083, -0.42451571167819985, 0.7105830158124868, 0.584545357205605, 0.10657334345941055, 0.27335100209422947, 0.17565085932275804, -0.02767137456612582], [-0.3165369369445566, -0.7283890381384965, 0.17567199267606143, 0.05816282804602717, -0.3942712003033447, 0.3884629619173537, 0.6149568549483347, 0.0908263053435001, 0.0730163049710048, -0.15527420527898594, -0.2896063849574316, 0.5994259207606591, 0.37787661408024986, -0.022763808188926718]], "inverted": false, "swapped": true, "error_lsq": 0.0421899857780615, "error_max": 0.30087243165432975, "target": "1014.xyz", "model": "6.xyz", "model_rescale": 3.89814844738969, "target_rescale": 4.17453969933393},
{"mapping": [14, 11, 3, 13, 8, 9, 10, 7, 5, 2, 1, 0, 15], "R": [[0.8824668634281357, -0.030655048612776903, -0.4693745870260302], [-0.2342680404326064, -0.8939507541787589, -0.3820609039604743], [-0.40788567048031343, 0.44711555228796995, -0.7960634162672273]], "T": [-0.11024874837755577, 0.021191629105131032, 0.039303988144706606], "aligned_model": [[0.15618232231414125, -0.11260864483819943, 0.33477401609452384, -0.2592048834760315, 0.7067395820220841, -0.20520137014983458, -0.7776964416789487, 0.25162674184072054, -0.25467128978629006, -0.6253274975691305, 0.15279324913749048, -0.10363316635484249, -0.11514081665146055], [-0.3143470417427977, 0.11540090703858813, 0.4879766964926252, -0.8017117514562441, -0.001277963263415255, 0.5886265322439048, 0.15495001930634095, -0.5288633360779812, -0.3263897885227376, 0.6599012882940545, 0.665279964579748, 0.20286186672743306, 0.06137387185096671], [-0.4624780453673374, -0.7749606739793085, -0.2846630700508491, -0.10835205430797167, 0.03978591562877555, -0.34053956464792795, -0.31780751338080465, 0.11200552861999494, 0.46775342516457763, 0.30688673463863003, 0.22258382985721653, 0.7186544140961509, 0.023406104565148907]], "inverted": false, "swapped": true, "error_lsq": 0.04905524230769371, "error_max": 0.2945703226473662, "target": "1014.xyz", "model": "7.xyz", "model_rescale": 3.7474275329858107, "target_rescale": 4.17453969933393},
{"mapping": [1, 3, 8, 6, 14, 5, 0, 4, 7, 12, 2, 10, 9, 11, 15], "R": [[-0.7744294661902266, -0.01424261178796403, -0.632499920874128], [0.23332207987862896, 0.922845466995542, -0.30645888971751273], [0.5880644598489451, -0.38490699143460266, -0.7113556065761563]], "T": [0.03178764816055467, -0.11812469464762526, 0.04378929426036248], "aligned_model": [[-0.29636412579162696, 0.2635699471891547, 0.35662123900665615, -0.2279946029207796, 0.6888448204529881, -0.22083164984876635, -0.5971577044571182, -0.5514619177678058, 0.3521164735845414, -0.04213891789965969, -0.6629865111759394, 0.006137011754103847, 0.056654146735601874, 0.6518331615090794, 0.025312351968317295], [0.18557546511067075, 0.2766479069413213, -0.39815296339066425, -0.5845909674584404, -0.1779298800198903, -0.5772846692959934, -0.3631127165496578, -0.11065500450627908, -0.6947118252710411, -0.2428240143416687, 0.3842747658374018, 0.3989124009866489, 0.5583451151048162, 0.411610169840571, -0.07698582100820156], [-0.5198728411932733, -0.5141710750508581, -0.6519422299695691, -0.3593044964590667, 0.051281714527627024, 0.2687231520585797, -0.15362766283505014, 0.5073506730185859, -0.01733822436044835, 0.7602388606571847, 0.1424823662251214, 0.6120507141670751, -0.08678538943361713, 0.12644781993086607, 0.03126127441310385]], "inverted": true, "swapped": true, "error_lsq": 0.03592861027196427, "error_max": 0.22807264340180725, "target": "1014.xyz", "model": "8.xyz", "model_rescale": 4.019505241142653, "target_rescale": 4.17453969933393},
{"mapping": [14, 9, 12, 13, 7, 5, 4, 8, 6, 1, 2, 0, 15], "R": [[0.2423066203285772, -0.9280646064589311, 0.2828136983655008], [0.9542530123083828, 0.2806078098035649, 0.10324943378839424], [-0.1751818776167228, 0.24485780223524845, 0.9536015763615346]], "T": [-0.08485764917528396, -0.09819649220167509, -0.035764181099659745], "aligned_model": [[-0.2617434367091157, -0.7323787231056837, 0.2657005018480856, 0.3694399583862409, 0.29491786250651697, 0.4786340471575514, 0.2529749043708003, -0.15904939967302006, 0.30015783777769545, -0.40644692022983175, -0.2553486435669108, 0.2956261610724672, -0.12278337809361936], [-0.6533633705704132, 0.1365108891426603, 0.1774895137822921, -0.4551908823919792, -0.6397735556464876, -0.01519996696862154, 0.5526249099248686, -0.7509376719691505, -0.2511643893416319, 0.08967731117915745, 0.7269281612789857, 0.2249857262137422, -0.07920844651936396], [-0.34537374094988094, -0.0056245354783759915, -0.6149198143688974, -0.6581217149434541, -0.07132672049313342, -0.06454468479545368, -0.1677705165583246, 0.4504452215637874, 0.48952250540057696, 0.5797974741999179, 0.15120854386575572, 0.45956416075359496, -0.026152684152233548]], "inverted": true, "swapped": true, "error_lsq": 0.04641824408964874, "error_max": 0.30431326701694694, "target": "1014.xyz", "model": "9.xyz", "model_rescale": 3.877068213659057, "target_rescale": 4.17453969933393},
{"mapping": [3, 4, 13, 7, 6, 12, 5, 0, 1, 2, 14, 9, 10, 11, 8, 15], "R": [[0.5161722089018309, 0.02955918384064904, 0.8559745939033938], [-0.787651733673292, -0.3761621200089472, 0.4879618898150062], [0.33640897312477047, -0.9260822393940236, -0.17088208999215906]], "T": [-0.08181857304102591, -0.03480694304366892, -0.008112414528800644], "aligned_model": [[-0.3346018479659283, 0.04886112178295787, -0.7020873791930738, 0.5497242246350873, -0.6340193561449281, -0.17311198824260232, 0.1909858238703901, 0.44064132523402366, 0.654003962454509, -0.043908545025935164, -0.5542463116177403, 0.004088575420807053, -0.4230017878990407, 0.12435982782266852, 0.570900245024081, -0.026526775059180156], [0.013315869537858453, -0.47640603610307347, -0.4935499725651738, -0.5333060223178941, 0.22920806154069762, 0.6877150413425169, 0.3238532908388933, 0.5646180632317608, 0.02833318372219669, -0.6716010401916594, -0.33170428657504675, -0.2664325127112286, 0.24941513677364135, 0.5113309239443589, -0.08564863776625718, 0.036082922557651484], [-0.5882383952913497, -0.5041000536033978, -0.05771016592759222, -0.14573120715170626, -0.08344466272704561, -0.17491382379446338, -0.6468111227626863, -0.046730443736881636, -0.46361777218373273, 0.1746756199889865, 0.5379512684477259, 0.6039454758859772, 0.545080682593127, 0.44341740012662295, 0.40017204810665546, -0.012852633183685179]], "inverted": true, "swapped": false, "error_lsq": 0.03866110691215219, "error_max": 0.35423119658894525, "target": "1014.xyz", "model": "10.xyz", "model_rescale": 4.260839863003843, "target_rescale": 4.17453969933393},
{"mapping": [13, 11, 9, 10, 2, 4, 5, 7, 3, 1, 6, 15], "R": [[-0.8408087944532543, -0.5411228537611125, -0.015054179070779605], [0.4074840893776165, -0.6509756236060724, 0.6404587842904333], [-0.3563667886800903, 0.5323690398662518, 0.7678449826089412]], "T": [0.08813794924216446, 0.039083812701359535, -0.04363628154240613], "aligned_model": [[0.5627152807218614, 0.11377814841864288, -0.32667298528034927, -0.4427798545149667, -0.7505453763428945, -0.43454520610196, 0.17458458961267087, 0.7174624006037933, 0.12398720405361946, -0.18576315970573476, 0.34784106865519515, 0.05883653897425245], [0.10700697097421215, -0.7709951418876073, -0.45797091103669235, -0.2859417036841566, 0.18409228666773747, 0.4647944875948797, 0.5488829266695557, 0.21382625727692078, -0.42221754721956806, 0.039842791943148784, 0.537378681504406, 0.01437940673009766], [-0.7445806529524724, -0.16620285391114736, 0.19331937779055397, -0.49462525492912607, 0.09933047926145243, -0.3609653610543022, -0.2842011879516643, -0.15416076802813622, 0.5102627174590078, 0.6216531165370708, 0.3194321958212367, -0.02308373064696834]], "inverted": true, "swapped": true, "error_lsq": 0.04610206116690291, "error_max": 0.22513483586647381, "target": "1014.xyz", "model": "11.xyz", "model_rescale": 3.890672605050136, "target_rescale": 4.17453969933393},
{"mapping": [4, 2, 9, 12, 10, 7, 0, 13, 5, 8, 11, 3, 14, 15], "R": [[-0.6538578251792362, -0.12317504039212578, 0.7465238468235812], [0.3141399582276789, -0.9417938507141861, 0.11975153193866708], [0.6883211685663834, 0.3128134462924246, 0.654493481038631]], "T": [0.006961935571850916, -0.0028297654647432566, 0.0680146107242519], "aligned_model": [[0.43406212612085615, 0.36630791400439827, 0.22756977460950512, 0.5698728815092621, 0.7571548858141216, -0.34303600635354886, -0.2630884759314536, 0.21908767254168893, -0.015971549197378157, -0.7473257342321176, 0.31865795553561005, -0.29034279626386356, -0.03975553112656795, 0.016682717763181136], [-0.3890463112942939, 0.15750435912128816, 0.6282855522965932, -0.46027539938337153, 0.15721566036412843, -0.35671848930149525, -0.30778465116234793, -0.5394856907494131, -0.5662294025347085, 0.1847731722485915, 0.5894908115253279, 0.6544727269017429, 0.14472077725917215, 0.03522940453655149], [-0.4047931845405339, -0.700113053865955, -0.1002266782681173, 0.15851211148775562, 0.01799107783794167, 0.5051233625469215, -0.5052568217924126, 0.691042138500882, -0.017393448939761913, 0.3206611934985419, 0.5412057162586711, 0.08926419394608268, 0.7094218447549892, 0.049351983931856275]], "inverted": false, "swapped": true, "error_lsq": 0.044721235222797306, "error_max": 0.2742044357308288, "target": "1014.xyz", "model": "12.xyz", "model_rescale": 4.124412569039231, "target_rescale": 4.17453969933393},
{"mapping": [14, 6, 1, 13, 3, 11, 5, 10, 0, 12, 9, 2, 15], "R": [[-0.08454853390351863, -0.973989166917415, -0.21022998868450135], [-0.3740454749704337, 0.22657965451551604, -0.8993062008091415], [0.9235483355346963, 0.002600555161766993, -0.3834732181573342]], "T": [0.04068440685779394, 0.12661688387733117, 0.06019084377085392], "aligned_model": [[-0.15346055781075835, -0.11122893820615305, 0.6373440644430546, -0.7317449539250744, 0.5935411607965747, 0.3222653468271629, -0.4046486630853265, 0.217986400249071, 0.05868575018932054, -0.3902458990103088, 0.6751926987981347, 0.5704668874616007, 0.08314501078245973], [-0.41405862925198456, 0.6682321523786279, 0.47401920128253255, -0.21742027903840144, -0.04295831701262634, -0.641698939504114, 0.45035070981834974, -0.24590511605071075, 0.8275418381375317, 0.001145254724853051, -0.12007374892938577, 0.48833974847814143, 0.11997150147566389], [0.3847438385436621, 0.4223198846957823, 0.26253031001771887, -0.018240807550947945, 0.49202631672045655, 0.1082623210899778, -0.08851860174766996, -0.588421303412242, 0.005922966188917626, -0.5167588771356159, -0.048540262284602155, -0.517168459697515, 0.053540755539916926]], "inverted": false, "swapped": true, "error_lsq": 0.04527764651820227, "error_max": 0.2540451111460675, "target": "1014.xyz", "model": "13.xyz", "model_rescale": 3.9028299243045295, "target_rescale": 4.17453969933393},
{"mapping": [4, 7, 3, 9, 0, 5, 10, 13, 14, 6, 2, 1, 8, 12, 11, 15], "R": [[0.0468670834645567, 0.8449854526476983, 0.5327316972935727], [0.9776463065931157, -0.14823438691637497, 0.14911158821622905], [0.20496627940314005, 0.5138347510136805, -0.8330442202898615]], "T": [-0.07885713719513351, -0.008855103554314053, 0.04315511937771763], "aligned_model": [[-0.44911044836363856, 0.08435531744682273, -0.5210862892360615, 0.45219897047851865, -0.8999388603646333, -0.16163544570476754, 0.20396566219204595, 0.34627123678010596, 0.7651643774258502, -0.04345057686591548, -0.5231648408477965, 0.13139647254336168, -0.4898111880674658, 0.2374829035657348, 0.5783884773103539, -0.018964653196419726], [0.11563600920696908, -0.5084251862495068, -0.41082135574244705, -0.523478742346667, 0.0935703171800694, 0.479408249862318, 0.14511861777710605, 0.6475858872872229, 0.11864665735542777, -0.6675629993254295, -0.12449648744468217, -0.3419874464685556, 0.5421044411847615, 0.44092642686286554, -0.13433535720988965, -0.0866650466703205], [-0.5107200671895489, -0.6946926853644501, -0.1344566888590635, -0.18919672021536646, -0.007344844078884222, -0.08664658710483059, -0.628898419661493, -0.10176707691872347, -0.19012933489381842, 0.1393764568433746, 0.6188004132546002, 0.5598900779775853, 0.39538729804706474, 0.46961243549256404, 0.3564275192053479, -0.014549561747803114]], "inverted": false, "swapped": false, "error_lsq": 0.04327465182426503, "error_max": 0.2624626289533175, "target": "1014.xyz", "model": "14.xyz", "model_rescale": 3.942246331269136, "target_rescale": 4.17453969933393},
{"mapping": [6, 5, 7, 12, 10, 13, 3, 8, 1, 14, 11, 9, 4, 2, 15], "R": [[-0.07019911388884592, 0.15346024099624897, -0.9856581754556669], [-0.8982486494091163, 0.4200160051656908, 0.12936738089392186], [0.4338449587628276, 0.8944476003869807, 0.10836070283111365]], "T": [-0.11110836071567347, 0.001351318002872708, -0.056134986179067294], "aligned_model": [[-0.7281227622334109, -0.3428399133842824, -0.17779596584474805, 0.21610742031349445, 0.43390801510831595, 0.28862619057968814, -0.12105111211934397, -0.4293040803291106, -0.5416879971492907, 0.3117506983176528, 0.5838187337586817, 0.11630063533554331, -0.22345468866335857, -0.3065299732238097, -0.10543116393381136], [0.09408636880137884, -0.3916170234374711, 0.16406177380214076, -0.6210464718004002, -0.38702644732609137, -0.23755090232045975, 0.633144900986708, 0.7040489945714242, 0.28465942909266234, 0.3865914414399305, 0.38690313352474864, 0.21217670823798743, -0.7145962147831617, -0.42859532456077226, 0.012904323653025702], [-0.2974970470680251, -0.3983571399815673, -0.6947881941304059, -0.2557993610316681, 0.32205308376251474, -0.7662745699376969, 0.29261452998572196, -0.32621368991067623, 0.44583121548072624, -0.3849771788907861, 0.14469834784992505, 0.5595900316875608, 0.1168460451420435, 0.6662312303234686, -0.014594822920619123]], "inverted": true, "swapped": true, "error_lsq": 0.04090661175225396, "error_max": 0.2495600267817945, "target": "1014.xyz", "model": "15.xyz", "model_rescale": 4.355366556412066, "target_rescale": 4.17453969933393},
{"mapping": [2, 9, 1, 5, 0, 4, 6, 13, 3, 10, 14, 15], "R": [[0.5800224569238491, -0.6813771978717079, 0.44642923704045345], [0.6082674762473165, 0.7268016356566804, 0.31901419991356905], [-0.5418345013043578, 0.08651298531014738, 0.836020858931752]], "T": [0.016811941395387615, 0.125433974361719, -0.054035306045177964], "aligned_model": [[-0.19625952718683864, 0.4984478591347384, 0.13244168287202063, -0.5192262795347458, -0.5351844492333263, -0.5319778001493657, -0.3495194517540678, -0.1480094878829, 0.5924013618448237, 0.16177531523295302, 0.4512719633262837, 0.041647367962205896], [-0.6936808596288406, -0.36062777279474195, -0.3998417002194258, 0.3146044757551202, -0.15852810425964048, -0.20931243614258088, 0.2213684822416316, 0.849470447912909, -0.08155799336520267, -0.17704997619358487, 0.6181976846190731, 0.0897341798162638], [0.11480814465413337, 0.02993084769698258, -0.5318926124753524, -0.008022486805019019, -0.38453548008682825, 0.3226604127151809, -0.6055424105818977, 0.3579905332098636, -0.43710104347600287, 0.6376260523278785, 0.007489806039340477, -0.05415330200885809]], "inverted": false, "swapped": true, "error_lsq": 0.049004452355398624, "error_max": 0.2808549229919765, "target": "1014.xyz", "model": "16.xyz", "model_rescale": 3.795458400668931, "target_rescale": 4.17453969933393},
{"mapping": [14, 11, 3, 13, 8, 9, 10, 7, 5, 2, 1, 0, 15], "R": [[0.8824668634281357, -0.030655048612776903, -0.4693745870260302], [-0.2342680404326064, -0.8939507541787589, -0.3820609039604743], [-0.40788567048031343, 0.44711555228796995, -0.7960634162672273]], "T": [-0.11024874837755577, 0.021191629105131032, 0.039303988144706606], "aligned_model": [[0.15618232231414125, -0.11260864483819943, 0.33477401609452384, -0.2592048834760315, 0.7067395820220841, -0.20520137014983458, -0.7776964416789487, 0.25162674184072054, -0.25467128978629006, -0.6253274975691305, 0.15279324913749048, -0.10363316635484249, -0.11514081665146055], [-0.3143470417427977, 0.11540090703858813, 0.4879766964926252, -0.8017117514562441, -0.001277963263415255, 0.5886265322439048, 0.15495001930634095, -0.5288633360779812, -0.3263897885227376, 0.6599012882940545, 0.665279964579748, 0.20286186672743306, 0.06137387185096671], [-0.4624780453673374, -0.7749606739793085, -0.2846630700508491, -0.10835205430797167, 0.03978591562877555, -0.34053956464792795, -0.31780751338080465, 0.11200552861999494, 0.46775342516457763, 0.30688673463863003, 0.22258382985721653, 0.7186544140961509, 0.023406104565148907]], "inverted": false, "swapped": true, "error_lsq": 0.04905524230769371, "error_max": 0.2945703226473662, "target": "1014.xyz", "model": "17.xyz", "model_rescale": 3.7474275329858107, "target_rescale": 4.17453969933393},
{"mapping": [14, 10, 9, 12, 8, 6, 3, 2, 7, 1, 5, 4, 0, 15], "R": [[0.41352309176955815, -0.8872922056444308, 0.2042331862748725], [-0.9005174610731361, -0.43168438160433287, -0.0521238619182936], [0.13441337312833931, -0.16236112983570278, -0.9775335844065594]], "T": [0.04002575556786518, -0.11093367391296217, -0.05401763195950394], "aligned_model": [[0.2767824750141604, 0.1849584466081136, 0.6392515525174577, -0.40496836867167896, 0.2678219559835955, -0.26246271870556287, 0.696316326041522, 0.08754405491095753, -0.24578434347321887, 0.3827649552849491, -0.5295674580460866, -0.4125639196351142, -0.34023931806055213, 0.07499400811433421], [-0.6278493375125765, 0.39974835284453614, 0.22896056746473542, 0.10342301771390945, -0.7431306172811717, -0.32753091573858, -0.22981027688969002, 0.7306553598487715, -0.7084409521117389, 0.12676095916159597, -0.12353601040418706, 0.47432965394351234, 0.14270585434687338, -0.0858774138747565], [-0.38883306879329027, -0.6099895173809344, -0.0800914354425997, -0.5928557123128421, 0.4111822849757307, 0.5019936660630513, 0.2217345306834706, 0.13125671140932543, -0.06389127953311824, 0.5322105481156056, -0.028632901318942784, -0.14207685787411292, 0.4804262901559545, -0.0476385400856429]], "inverted": false, "swapped": true, "error_lsq": 0.04060083773049685, "error_max": 0.28464037967350453, "target": "1014.xyz", "model": "18.xyz", "model_rescale": 3.922800546911778, "target_rescale": 4.17453969933393},
{"mapping": [14, 13, 7, 3, 4, 11, 12, 1, 10, 6, 5, 0, 9, 2, 15], "R": [[-0.032815879682825455, 0.47230473949682755, -0.8808242452893065], [0.8172263793048413, -0.4946766379977327, -0.29569590593641937], [-0.5753817541501833, -0.729536330053613, -0.36974664315307043]], "T": [0.09834763727354566, 0.10427180884983916, -0.044915428464656126], "aligned_model": [[-0.2414264381244441, -0.029271599537343, 0.3424496328162543, -0.07331715169127613, 0.23173267016122168, -0.6636809774901988, -0.0768674730053983, 0.3151050806231746, -0.48963731169933056, 0.7451045599382798, 0.4686609873509235, 0.7155348772828123, -0.33268609342269156, 0.10566424616556482, 0.07868582752006978], [0.37551372658103593, -0.27828763431657794, 0.19768280943288147, 0.7668982248783229, -0.5589068743273327, 0.396322327647546, -0.5814464896051508, 0.5102608910028978, -0.3172181144558172, 0.26380397504785974, -0.2852730501728083, -0.04065209444365822, 0.3487903660465501, -0.199556397599923, 0.11967983931875335], [-0.5412402454673371, -0.7922585983910354, -0.6535930523945448, 0.18387628432475425, 0.2673784579365984, -0.12190102383952947, -0.22768610167493308, 0.5080958306019024, 0.214942800378555, -0.10669873281840883, -0.23560485657564473, 0.2594557518852133, 0.4343549466558936, 0.7628540689979934, -0.009316362456148093]], "inverted": false, "swapped": true, "error_lsq": 0.042502708340723803, "error_max": 0.27172801756652354, "target": "1014.xyz", "model": "19.xyz", "model_rescale": 3.9282355846067225, "target_rescale": 4.17453969933393},
{"mapping": [5, 4, 10, 0, 6, 2, 1, 9, 8, 14, 12, 7, 11, 15], "R": [[-0.14715385638126502, -0.7721033082335691, 0.6182250593165082], [0.8100041753633864, -0.4527778433542167, -0.372673396503406], [0.5676609713957816, 0.4459245518944684, 0.6920349092146401]], "T": [-0.042259446398519376, -0.07716741942728358, 0.09302900356438283], "aligned_model": [[-0.48785957563511695, -0.08423683672175063, 0.5652347789111755, -0.4842252851867074, -0.6405038785866912, 0.2659050558746447, 0.025642173838971702, 0.5678355974126339, -0.37743895677306394, 0.0782834268649747, -0.014531308710312454, -0.5109093804421584, 0.6376603997115348, -0.008333391473457873], [-0.4330726786454392, -0.7254261802623543, -0.5481371475626331, -0.1666993598371014, 0.13842561103542447, -0.3775214926691567, 0.34742381961011704, 0.1295311271799732, 0.6529233265124544, 0.16216551604222965, -0.7759982615399607, 0.03607339103375891, 0.14666725822674145, -0.06347284169921746], [0.09643542617258852, -0.2718319041866169, 0.08634797371389093, -0.4466144633601765, -0.11478208934265109, -0.6550877941730879, -0.4838106851110233, -0.1526114707617846, 0.24335280528166742, 0.6959768337493233, 0.30558874383576523, 0.5472796032313636, 0.49242221468493175, 0.06951796350949278]], "inverted": false, "swapped": true, "error_lsq": 0.04588649392937443, "error_max": 0.3520921406719312, "target": "1014.xyz", "model": "20.xyz", "model_rescale": 4.067790424073018, "target_rescale": 4.17453969933393},
{"mapping": [6, 13, 0, 1, 4, 12, 2, 7, 5, 14, 11, 9, 3, 10, 15], "R": [[0.963938680293909, -0.2613872425583526, -0.04998929946476762], [0.22746601806191916, 0.7117445287245202, 0.6645892990846042], [-0.13813555393269303, -0.6519941987920227, 0.7455347969620575]], "T": [0.11520288705163205, 0.039249496897226774, -0.02734676261764006], "aligned_model": [[0.21337917287070193, 0.031067076766353077, -0.1935322245226151, 0.2784056005598741, -0.6254709507050616, -0.44117868596993226, -0.4477792336236981, 0.3854106751672221, -0.2230405991279632, 0.5771499007013321, 0.4985696920630385, 0.2253558301552887, 0.6726909889655567, -0.30202956198328434, 0.1194462725907029], [-0.12928181041030656, 0.8802752927104935, -0.3392833248801869, -0.659062547685052, -0.034218038039474236, 0.49667705902509846, -0.5760702234188098, 0.4879955028915093, 0.25631447536143714, 0.47271859538201105, 0.19789361051763787, -0.36815295470494125, -0.36198973490645736, 0.11026289226342921, 0.006816345821459013], [-0.6672849011306092, -0.10954765677277, -0.5332720299468352, -0.08529104123248847, -0.06095913646640742, 0.09721089190270217, 0.19466550375816644, -0.4328274927105168, -0.4319623476007282, 0.15722414911742477, 0.6795972487247893, 0.517785391849344, 0.19424364763560437, 0.6143545198458313, 0.0013128266476339356]], "inverted": false, "swapped": true, "error_lsq": 0.041294940433530006, "error_max": 0.30312052727598066, "target": "1014.xyz", "model": "21.xyz", "model_rescale": 4.186013935880536, "target_rescale": 4.17453969933393},
{"mapping": [1, 0, 8, 11, 10, 3, 9, 4, 7, 5, 12, 14, 15], "R": [[0.9476779895984955, -0.27555862495250005, 0.1611641158721177], [0.3009127354477271, 0.9396508514106994, -0.16281217119280111], [-0.1065737006766687, 0.20278984604125322, 0.9734055294000772]], "T": [-0.02458091528076623, 0.0157960862496785, -0.001238969890352647], "aligned_model": [[0.03679032299563883, -0.4597179572931229, 0.6042904917608491, 0.48963454160658515, -0.3150400770192332, 0.50700301776931, 0.1236131896716419, -0.7635450638094664, 0.22783797151353913, -0.396079611218533, -0.4895056871811048, 0.5129894329150042, -0.01969653628788279], [-0.369943244109181, 0.15384337107502727, 0.29091100724601826, -0.4125536064770981, -0.4591760078935057, -0.3791453114873204, -0.6574840691026916, -0.04329820899315982, 0.6267719877248975, 0.4483684231959062, 0.17766914885497193, 0.16960379575743684, -0.026610626245208255], [-0.605450122432285, -0.5361815315030339, -0.4448689739423515, 0.4720547040405304, 0.5288000285916458, -0.2881675834979185, -0.004679020138948069, 0.07335899095080577, 0.04110489078459882, -0.01170437266419143, 0.5390915833527598, 0.3490726534629925, -0.009551685669258712]], "inverted": false, "swapped": true, "error_lsq": 0.05209520352126077, "error_max": 0.2891853582634929, "target": "1014.xyz", "model": "22.xyz", "model_rescale": 4.166573947596378, "target_rescale": 4.17453969933393},
{"mapping": [3, 8, 9, 7, 11, 2, 4, 1, 0, 10, 14, 13, 12, 6, 5, 15], "R": [[0.8873095130623347, -0.3434510921269608, 0.30777130364262417], [-0.38584086402275186, -0.1873212326886448, 0.9033479857918448], [-0.2526037523063718, -0.9203000071176816, -0.29872937789902204]], "T": [-0.10991135067249005, -0.009298408831695422, -0.025891483648076526], "aligned_model": [[-0.4127971453447147, -0.008690347356074282, -0.5753222417605854, 0.454261989856396, -0.8385900696484099, -0.08099544199322059, 0.15374615855668214, 0.4453410881752595, 0.631772599476114, 0.04232205285290441, -0.4451023432330856, 0.21078770942463573, -0.5030945880687665, 0.07359179090503196, 0.5953145824857587, -0.050484679231829956], [0.19619597028065866, -0.46113974647918743, -0.35112686390582437, -0.44644079055125396, 0.28983854019328986, 0.6366836936419138, 0.18748931447453923, 0.43699446749828463, -0.028786060527104092, -0.6821432816688605, -0.4113890311702211, -0.40267382352905634, 0.222696403046531, 0.5986667048499852, -0.023110468634820518, 0.023468957740368203], [-0.5028180058242577, -0.6889698005170036, -0.19019357140204668, 0.018881584051659715, -0.06636045529351846, -0.2121177779733389, -0.6828639512200528, -0.0507200671332598, -0.3668913551456711, 0.2657349915764685, 0.5673604806587481, 0.6517670106248455, 0.4441794730397267, 0.3934087066023752, 0.41402622616413126, -0.01333127342225138]], "inverted": true, "swapped": false, "error_lsq": 0.03780472678958468, "error_max": 0.2038687378365614, "target": "1014.xyz", "model": "23.xyz", "model_rescale": 4.274766983524099, "target_rescale": 4.17453969933393},
{"mapping": [12, 0, 2, 9, 1, 3, 14, 8, 7, 6, 15], "R": [[-0.044409014097684024, -0.9973398472845483, -0.05780197648269292], [0.45248737927796223, -0.07166455861085322, 0.8888865859226774], [-0.8906643649888736, 0.013319912069742312, 0.45446624614092196]], "T": [0.02600371192930931, -0.004548259457716752, -0.08401495500858897], "aligned_model": [[0.41934498594472813, 0.11738183972316266, -0.4525032405993178, -0.641605897079985, -0.5040669160923945, -0.5372633730821592, 0.13954918891422613, 0.03182459391732556, 0.5553448858683985, 0.2689949452004705, -0.017106308756379876], [-0.15072192379353216, 0.692737791828612, 0.4783575791009182, -0.14059471447542646, 0.4147268496635157, -0.11886773660993552, -0.5921390073940318, 0.00016598332425571405, -0.1415402545075563, 0.47744875549369115, -0.003986791387027079], [-0.6825389233694013, -0.08666879111157016, -0.6157006895350734, -0.18922078334163045, 0.16269517633867894, 0.3525047615180859, 0.1938365553628873, 0.7332481238664903, 0.2899248315825737, 0.31120187648363207, -0.08971570377309579]], "inverted": true, "swapped": true, "error_lsq": 0.04889082415607575, "error_max": 0.250562256452206, "target": "1014.xyz", "model": "24.xyz", "model_rescale": 3.7841303162186577, "target_rescale": 4.17453969933393},
{"mapping": [11, 7, 6, 0, 3, 13, 11, 14, 10, 1, 4, 8, 5, 12, 9, 15], "R": [[0.5036709269255417, -0.7155079906699273, 0.48411146718235165], [0.2631116350422039, -0.40670795208962685, -0.8748490779628679], [0.8228534893134889, 0.5680114056905419, -0.016588493906044666]], "T": [0.0671442609462312, -0.08102825743348885, 0.0563735451923337], "aligned_model": [[-0.16423566039546056, 0.14686606166451, -0.5568451254903942, 0.31356347192672684, -0.668353799533133, -0.1412068455928303, -0.16423566039546056, 0.49654891373312304, 0.7028947220622551, -0.0469494890490474, -0.5344097683110043, 0.28087998142514553, -0.45274153773828313, 0.0028058526503289133, 0.47431609134906016, 0.0031639067905591955], [0.15293679896309845, -0.41045976085682495, -0.30455972217188343, -0.7555652159772813, 0.24512140310424835, 0.6227421136518261, 0.15293679896309845, 0.5845123134702157, -0.002839920473977048, -0.7634613148112358, -0.30405704998498057, -0.4567428453348688, 0.31387269571895327, 0.5908403459976374, 0.20926759921519622, -0.08932025421397978], [-0.6372771259296225, -0.49853624850636713, -0.23119798004857164, -0.1036496199114515, 0.015497028763415022, -0.2143607866856669, -0.6372771259296225, 0.01202994411279261, -0.38517264767027903, 0.32896138830585064, 0.43728724990215906, 0.45962703106482894, 0.6421300978395411, 0.4022420973470412, 0.3598206158078525, 0.030968296324654972]], "inverted": true, "swapped": false, "error_lsq": 0.044180078417186956, "error_max": 0.33376514254947504, "target": "1014.xyz", "model": "25.xyz", "model_rescale": 4.19342608120988, "target_rescale": 4.17453969933393},
{"mapping": [2, 9, 1, 5, 0, 4, 6, 13, 3, 10, 14, 15], "R": [[0.5800224569238491, -0.6813771978717079, 0.44642923704045345], [0.6082674762473165, 0.7268016356566804, 0.31901419991356905], [-0.5418345013043578, 0.08651298531014738, 0.836020858931752]], "T": [0.016811941395387615, 0.125433974361719, -0.054035306045177964], "aligned_model": [[-0.19625952718683864, 0.4984478591347384, 0.13244168287202063, -0.5192262795347458, -0.5351844492333263, -0.5319778001493657, -0.3495194517540678, -0.1480094878829, 0.5924013618448237, 0.16177531523295302, 0.4512719633262837, 0.041647367962205896], [-0.6936808596288406, -0.36062777279474195, -0.3998417002194258, 0.3146044757551202, -0.15852810425964048, -0.20931243614258088, 0.2213684822416316, 0.849470447912909, -0.08155799336520267, -0.17704997619358487, 0.6181976846190731, 0.0897341798162638], [0.11480814465413337, 0.02993084769698258, -0.5318926124753524, -0.008022486805019019, -0.38453548008682825, 0.3226604127151809, -0.6055424105818977, 0.3579905332098636, -0.43710104347600287, 0.6376260523278785, 0.007489806039340477, -0.05415330200885809]], "inverted": false, "swapped": true, "error_lsq": 0.049004452355398624, "error_max": 0.2808549229919765, "target": "1014.xyz", "model": "26.xyz", "model_rescale": 3.795458400668931, "target_rescale": 4.17453969933393},
