[{"mapping": [10, 6, 7, 3, 8, 4, 12, 5, 11, 1, 0, 13], "R": [[-0.012623834987637528, 0.4356101073879898, -0.9000469282940915], [-0.9938025600465271, -0.10488336313974266, -0.03682325055540697], [-0.11044052895189471, 0.8940040908619609, 0.4342344701735513]], "T": [0.04527421103610773, -0.036566127866205445, 0.14939371056051345], "aligned_model": [[0.1979402189658175, -0.1563228746343991, 0.4137076363558402, -0.02173167427342424, -0.13196841557940206, 0.429766897479977, 0.19422632812362306, -0.7082675160666533, -0.30590337351894303, -0.08562839280614365, 0.6135553052981806, 0.09974278185029274], [0.7623140489316844, -0.746525867005611, -0.06315819543135348, -0.4703210306782993, -0.27515994709294955, -0.696671824917465, 0.5095143435178091, -0.10366363990302735, 0.26682057142771587, 0.17895312927785187, 0.05163635304906403, -0.008550902780411977], [-0.4455117254407084, -0.05026116175148168, -0.5101092504072513, 0.4332373319757028, -0.5732660796311997, -0.42491462944747216, 0.27075759959578427, 0.1579989319437423, -0.3718477456197301, 0.668489146420206, 0.6638734038870038, -0.0015638470914692004]], "inverted": true, "swapped": false, "error_lsq": 0.06343968845337203, "error_max": 0.410370773856162, "target": "1015.xyz", "model": "0.xyz", "model_rescale": 3.8414455957264533, "target_rescale": 3.8887755467845615},
{"mapping": [1, 8, 10, 9, 12, 6, 4, 13, 11, 0, 2, 14], "R": [[-0.26789134785905366, 0.9142406155049342, 0.3039709241085709], [0.8952556454411446, 0.11962839677153903, 0.42919270263091713], [0.35602184630724437, 0.3871086974572262, -0.8505264847757246]], "T": [0.13598338044235342, -0.036284166839453236, 0.06347817899158799], "aligned_model": [[0.0791122170249664, -0.2120046010653736, 0.36463064424154024, -0.05500630499227696, -0.26334106542405905, 0.6475223426187589, 0.4034232278333466, -0.5978562547653794, -0.49827680378404865, -0.2221147796391737, 0.7507760236861785, 0.1422522754602864], [0.7416208900846434, -0.6689475745714771, -0.20784146806751175, -0.5319738090817425, -0.14031804279769233, -0.6235112270465405, 0.34927450510360075, -0.19790963215122306, 0.3397713206898894, 0.4724869675208029, -0.14978637544913462, 0.02232148416139311], [-0.31085761191306543, -0.25737034405885656, -0.558349628011991, 0.49164216466148697, -0.5783991328474122, 0.004153279331575582, 0.33850122050844245, 0.16449104649006646, -0.3637942061845812, 0.43554673463042454, 0.45559038496384, -0.004271933136803324]], "inverted": true, "swapped": false, "error_lsq": 0.04730384851605577, "error_max": 0.2697560258592423, "target": "1015.xyz", "model": "1.xyz", "model_rescale": 4.316132596720782, "target_rescale": 3.8887755467845615},
{"mapping": [6, 1, 10, 0, 8, 9, 3, 2, 6, 4, 5, 11], "R": [[-0.2281538164600436, 0.5707755659847725, 0.7887718867387957], [-0.6077211019870971, 0.5494574710634644, -0.573386038975602], [-0.760671347057522, -0.6101735333225335, 0.22151153694196155]], "T": [0.1695623537552985, -0.14297120302744526, -0.01802303032738104], "aligned_model": [[-0.12085260373497614, -0.03118436315112133, 0.2818974103908777, -0.06065634024672359, -0.3517593243140854, 0.6458627228001427, 0.500146132058557, -0.6522721850171534, -0.12085260373497614, -0.20118908872702546, 0.5357428503286645, 0.11423431454258487], [0.5776924478496244, -0.6279330162044643, -0.057077038704434424, -0.4530730492230874, -0.1843639853398628, -0.7113793664325008, 0.4072153398343413, -0.2567916275183706, 0.5776924478496244, 0.33087552995557135, -0.16564849856529906, -0.03202214510613413], [-0.28709368604807683, -0.1562621666678514, -0.6322207396809915, 0.5775861171044752, -0.5779752259300502, -0.016748881886485885, 0.11991225310528131, 0.09314487688678963, -0.28709368604807683, 0.46399602808767876, 0.5122198066005402, 0.0074172789098939755]], "inverted": false, "swapped": false, "error_lsq": 0.04770521534753227, "error_max": 0.2982340465925514, "target": "1015.xyz", "model": "2.xyz", "model_rescale": 3.795458400668931, "target_rescale": 3.8887755467845615},
{"mapping": [9, 1, 6, 0, 8, 2, 5, 7, 9, 4, 10, 11], "R": [[-0.7840481472452987, 0.4517605941205989, 0.42565346045934804], [0.6087405845711513, 0.6936224441175061, 0.3851269994591786], [-0.12125759150332514, 0.5610706467248672, -0.8188384003492706]], "T": [0.10006638020482983, -0.130279512660365, 0.006365525824874827], "aligned_model": [[-0.24355683890848567, -0.0931511976808565, 0.35829949068454037, -0.19261339520873122, -0.1758468706607509, 0.6802156019902046, 0.4305454282121587, -0.6528635254412825, -0.24355683890848567, 0.02518714820220669, 0.639062841365574, 0.007395077548673565], [0.6091260533009655, -0.6965272212028224, -0.23030298873028685, -0.5605806271034329, -0.12753738691142474, -0.6305695362605491, 0.48960095314783225, -0.01512245982986328, 0.6091260533009655, 0.1643264018969028, -0.05846215072740758, -0.14789005248587073], [-0.29322942593312795, -0.18933665128630695, -0.5138337259121565, 0.5906492275902605, -0.7246798187157354, -0.022995743952322213, 0.025244680647219304, 0.0623807646720076, -0.29322942593312795, 0.5707724615070736, 0.4996563292880529, 0.10548330246128951]], "inverted": false, "swapped": false, "error_lsq": 0.05234511312211681, "error_max": 0.36691296376055366, "target": "1015.xyz", "model": "3.xyz", "model_rescale": 3.7530521520055578, "target_rescale": 3.8887755467845615},
{"mapping": [9, 7, 3, 1, 10, 4, 6, 8, 0, 2, 11], "R": [[0.5966458511446082, -0.8020337756921175, -0.027487287261059312], [-0.32270520314462237, -0.20842342830853708, -0.923266498035916], [0.7347619207439333, 0.5597334161734155, -0.3831754462951976]], "T": [-0.048949009308064145, -0.05876739016501682, 0.009816962682227964], "aligned_model": [[-0.41014019325092943, -0.3523788534803539, 0.2653310672414244, 0.6063217784343775, 0.35077899305088744, -0.06799513980909293, -0.1365877278605774, -0.6149792484640825, -0.6549317907013026, 0.34283813535887686, 0.009942581925977412], [-0.572009614656676, 0.053459693217555074, -0.35678707694774425, 0.3250594616707416, -0.7501327820661047, 0.6051072860718166, -0.35739967498734093, 0.19538437794553543, 0.044688509600325874, 0.3920113583723481, -0.11217817990611081], [-0.09790180252277231, -0.5934711581159029, -0.4911211418422746, -0.3590065907273484, 0.13832216279669418, -0.07975739006915243, 0.5276551987001327, 0.07824024309093888, 0.6307101324414464, 0.3492644606569649, -0.010103337163409758]], "inverted": false, "swapped": true, "error_lsq": 0.044283009253529175, "error_max": 0.2870018675935701, "target": "1015.xyz", "model": "4.xyz", "model_rescale": 3.7855080009869324, "target_rescale": 3.8887755467845615},
{"mapping": [13, 5, 4, 3, 7, 0, 12, 10, 8, 14, 2, 16], "R": [[0.4846190248081012, 0.8639602079455483, -0.13681067166244865], [-0.3718643385424797, 0.06191928118382833, -0.9262196911845711], [-0.7917457385514679, 0.49973869342323635, 0.35128325291882]], "T": [0.0575894618927119, 0.0630351909940921, -0.035408030578293344], "aligned_model": [[0.016168108388173452, -0.08475952422077294, 0.3739898713618041, 0.0004619851047581863, -0.27033604249232496, 0.5169159462028279, 0.5373820187602403, -0.6126759496772775, -0.5142965793672392, 0.1177002393084905, 0.39986211664944626, 0.05870473117663897], [0.7695056446135908, -0.7234657245732503, -0.30747072049455954, -0.4750891312395968, -0.2837966852310964, -0.5672217537065631, 0.5145812387122521, -0.2182270632229386, 0.3960585294288913, 0.3878056638566141, -0.162176541118282, 0.07468358136994624], [-0.19049319592917507, -0.16290830737602646, -0.5918403573756337, 0.3999943931811699, -0.6129389692160804, -0.05181680226960043, 0.13479929057676632, 0.015583110612621652, -0.27489015064862987, 0.555022518197762, 0.5793397169600065, 0.017030727719946286]], "inverted": true, "swapped": false, "error_lsq": 0.04475057724372692, "error_max": 0.2538050377653354, "target": "1015.xyz", "model": "5.xyz", "model_rescale": 4.2253639853439635, "target_rescale": 3.8887755467845615},
{"mapping": [12, 2, 5, 4, 6, 10, 9, 3, 7, 0, 1, 13], "R": [[-0.4435020511780897, 0.8703008073367782, -0.21420185655072999], [0.8780405099267456, 0.4698499988951878, 0.09102659757330835], [0.17986326342087788, -0.14770742461753378, -0.972538802919682]], "T": [0.17592413352507708, -0.029306776011390492, -0.0584422754278679], "aligned_model": [[-0.06247154560405618, -0.039780020477494515, 0.36838473468908706, -0.06990048924006817, -0.27743983220373253, 0.6194651899523952, 0.49837784841248645, -0.5156400657936825, -0.4911410366431057, -0.12440421752921521, 0.516097939964899, 0.11756841566725279], [0.7898260472678731, -0.6433273522155405, -0.37614574921345284, -0.4763077496572143, -0.06506261047143985, -0.6707748952154048, 0.4281946037798095, -0.16773756270122991, 0.39770937351107244, 0.42080709328851107, -0.18556994536152693, -0.04642421461644905], [-0.43729934935962655, -0.22160496105540745, -0.5518010800705052, 0.4321407416126587, -0.5133055548908529, -0.04105096445535881, 0.18509933647827168, 0.01629291183607886, -0.10396680532565683, 0.5333879667391581, 0.5728812432811692, -0.05389151035680221]], "inverted": false, "swapped": false, "error_lsq": 0.04010684304861591, "error_max": 0.19442014622792575, "target": "1015.xyz", "model": "6.xyz", "model_rescale": 3.89814844738969, "target_rescale": 3.8887755467845615},
{"mapping": [1, 11, 4, 8, 10, 7, 0, 9, 5, 6, 3, 12], "R": [[-0.5559139983592989, 0.7898909424848077, 0.25890524407327026], [0.1728080067714146, -0.19484260765518935, 0.9654914557042007], [0.8130787287980594, 0.5814711146932307, -0.028183746265245335]], "T": [0.13903542289690782, -0.08078534486883002, -0.07688319341412626], "aligned_model": [[0.10499817835375921, -0.10871992415581375, 0.38293737293678376, -0.06930462785724667, -0.3632895508558124, 0.691858524449192, 0.543932928846036, -0.7397256150392386, -0.43295646608114413, -0.07248356657109592, 0.528758395646734, 0.07311127152261229], [0.7575473717568791, -0.8485490188535991, -0.32216033007722156, -0.4598147174535141, -0.10622845390515578, -0.41331923426077133, 0.340694159271681, -0.14169598052941437, 0.4439703381663507, 0.25470130923443224, -0.007639952375790557, -0.09231845257886849], [-0.18098090833961614, -0.14393987197192853, -0.6225440254945208, 0.443326312731764, -0.6116036175602597, 0.04592767883233638, 0.02019113240868564, 0.0714906981686718, -0.0711077202362265, 0.4709162890982352, 0.6267841233897656, -0.23157811659378036]], "inverted": true, "swapped": false, "error_lsq": 0.04807974236316456, "error_max": 0.29256921378033784, "target": "1015.xyz", "model": "7.xyz", "model_rescale": 3.7474275329858107, "target_rescale": 3.8887755467845615},
{"mapping": [13, 3, 1, 5, 2, 0, 12, 8, 4, 11, 10, 14], "R": [[0.5201352139556463, -0.7727918191745837, 0.36366490540077095], [-0.622778268789518, -0.6345538912714292, -0.45769923202450125], [0.5844712029919396, 0.011582887771402983, -0.8113317752831022]], "T": [0.08396643883071947, -0.05382608516202214, 0.09245881630113871], "aligned_model": [[-0.02824967893749894, -0.11253394061703514, 0.4305757337119545, -0.3100798428997084, -0.24191188208218128, 0.5225501991544432, 0.4762427933782251, -0.5806774106221149, -0.49364110946398115, 0.12788491337439847, 0.6799770118671933, 0.06898013433107089], [0.7886390919621948, -0.7263622472541895, -0.14359535548700209, -0.520593860523306, -0.2058023376912561, -0.5194679238156349, 0.4213578822984002, -0.1701689903477936, 0.2865082150143697, 0.3399000458976409, -0.11905577071680298, -0.026171710941612376], [-0.2004094082276754, -0.05991325640196103, -0.5683023318129936, 0.46645993362646165, -0.6686561779513759, -0.06576634257868925, 0.06144144164035248, -0.007156431798623061, -0.31098626065724533, 0.5715526034706367, 0.5569799080068015, 0.041638297117437495]], "inverted": true, "swapped": false, "error_lsq": 0.04938969281561261, "error_max": 0.26110624823159434, "target": "1015.xyz", "model": "8.xyz", "model_rescale": 4.019505241142653, "target_rescale": 3.8887755467845615},
{"mapping": [10, 8, 9, 4, 11, 7, 1, 5, 6, 2, 0, 12], "R": [[-0.9187837843790101, -0.3572165122465464, 0.16802595317568658], [-0.3923361031803999, 0.779186983339615, -0.4888149211463674], [0.0436891256882493, -0.515037870813908, -0.8560532996981397]], "T": [0.008333203976838996, 0.014567907820238583, 0.019064330366559995], "aligned_model": [[0.13489853664915213, 0.09095774311524876, 0.33219316984250663, -0.014826734094597484, -0.32414268119476125, 0.5983379287569188, 0.5637655765453682, -0.6098887069528195, -0.496474031416555, -0.10004592489486723, 0.38951433757807247, -0.02517229273890117], [0.7592337304122759, -0.5698850982468453, -0.13181644251263067, -0.676090113304439, -0.1779102323101307, -0.6604775840649415, 0.3981455277921976, -0.20993810172810176, 0.5160802985602808, 0.34353885251883937, -0.18033344813964133, -0.005360350581855886], [-0.4982690123116976, -0.3091502345409354, -0.5649103316844192, 0.4773762180236365, -0.4704879909886801, 0.144730549766897, -0.006788931131723144, 0.1529427814523092, -0.128301931021802, 0.49865190754697286, 0.5083091391306068, 0.012779810191961278]], "inverted": false, "swapped": false, "error_lsq": 0.05016125590450465, "error_max": 0.2714960242372608, "target": "1015.xyz", "model": "9.xyz", "model_rescale": 3.877068213659057, "target_rescale": 3.8887755467845615},
{"mapping": [10, 1, 0, 4, 8, 5, 6, 2, 9, 13, 3, 15], "R": [[0.9590128500609385, -0.14779956519765547, -0.24176360757024606], [0.275522642961309, 0.6856809490036341, 0.6737424651816827], [0.06619385646425927, -0.712739029870583, 0.6982989679682544]], "T": [0.04675264237527266, 0.02872336299026739, -0.011647887472500599], "aligned_model": [[0.09892448799974367, 0.11775044746944946, 0.4080447760711149, -0.10304153509443095, -0.3844735571071495, 0.5825144977618311, 0.4570373206423861, -0.5762781924384909, -0.47355327127275726, -0.1275698891233816, 0.4483520383646407, 0.09140979792180963], [0.6861622683381959, -0.8054276635391117, -0.2952382701691772, -0.45850972689112146, -0.19277095231314242, -0.5404071188176417, 0.42597360323789374, 0.027784484115429768, 0.3337527555486352, 0.38755325651587036, -0.15878416870216122, -0.004901428928661862], [-0.2729197070760159, -0.23981008156965414, -0.6427444648708899, 0.43361192462127035, -0.611903807040411, -0.01836884219481403, 0.22108222344420517, 0.21679697530017855, -0.2797600464620083, 0.6505388373174006, 0.44257693948856786, -0.08221797652470271]], "inverted": false, "swapped": false, "error_lsq": 0.04108222906299628, "error_max": 0.18658225117672295, "target": "1015.xyz", "model": "10.xyz", "model_rescale": 4.260839863003843, "target_rescale": 3.8887755467845615},
{"mapping": [0, 4, 10, 2, 5, 9, 7, 3, 0, 1, 8, 11], "R": [[-0.5563618013773167, -0.20158599827593432, -0.8061170084220295], [-0.8295169949961979, 0.07798772101269841, 0.5530094668120279], [-0.04861173706693661, 0.9763611015758158, -0.21060840047109836]], "T": [0.09671178667654307, -0.09770079103016291, -0.036590976455488276], "aligned_model": [[-0.24020569974727257, -0.022219791336363343, 0.5467796323677622, -0.15447832587686366, -0.31290192618651597, 0.5654145859355573, 0.4086218827843976, -0.6034921101027706, -0.24020569974727257, -0.13868798061195048, 0.6366229591912911, 0.09386939452476614], [0.6913534236566546, -0.7903177849623644, -0.19657760493006662, -0.4544891200642178, -0.2504685704761362, -0.739216723385569, 0.4785206420321072, -0.0813624803755055, 0.6913534236566546, 0.26173498699023023, -0.1642565233585264, -0.041086630388253276], [-0.22074939489422152, -0.2421143037662876, -0.46202734301348414, 0.49252407886040683, -0.5518477222100524, 0.030552568715655724, -0.05351968898473536, 0.07865065644158128, -0.22074939489422152, 0.5453484655663506, 0.43210899937844355, -0.011294946766308708]], "inverted": true, "swapped": false, "error_lsq": 0.05042397591654165, "error_max": 0.3386128499438483, "target": "1015.xyz", "model": "11.xyz", "model_rescale": 3.890672605050136, "target_rescale": 3.8887755467845615},
{"mapping": [2, 5, 12, 8, 9, 7, 4, 6, 11, 0, 3, 13], "R": [[-0.739769867504626, 0.10849868432701687, -0.6640546503349665], [-0.4971142643506369, -0.7532277860796495, 0.43072649147304026], [-0.45345115647808565, 0.6487495185176296, 0.6111514631511821]], "T": [-0.10027295331606931, 0.02954241143582475, -0.013817679369738928], "aligned_model": [[0.07193779479566334, 0.005887228850772114, 0.38302238757567164, -0.10981853215160312, -0.4667031240814904, 0.5728207882517308, 0.47519518197152333, -0.6487866168625203, -0.34219519349429517, -0.0026664762282552212, 0.5372735742580977, 0.06314990830947023], [0.6912865437353038, -0.6866685620443029, -0.1854610344597155, -0.4775165691285554, -0.32249335922842237, -0.493631816880766, 0.42092026834674245, -0.05977906524960406, 0.387100061464961, 0.2193101773102413, -0.08468240409964492, -0.003197201371229759], [-0.2087594534170033, -0.2979726353779187, -0.5385378700146694, 0.49803300002009926, -0.6034108968909849, -0.02787869512253937, 0.06813866396974627, 0.13853972493718225, -0.3549750045263925, 0.5367780983227116, 0.6446276658913883, -0.037700623358492995]], "inverted": true, "swapped": false, "error_lsq": 0.038492810368345516, "error_max": 0.23161795409126676, "target": "1015.xyz", "model": "12.xyz", "model_rescale": 4.124412569039231, "target_rescale": 3.8887755467845615},
{"mapping": [3, 10, 7, 2, 9, 5, 0, 8, 6, 1, 4, 12], "R": [[-0.13758010268973492, 0.9016782360940516, -0.40993667059461986], [0.9191664076664914, -0.03798462374782252, -0.3920335232811266], [-0.3690593859548342, -0.43073602927205457, -0.8235664167057716]], "T": [0.07692006335618487, -0.008812248557134555, -0.09386665070281011], "aligned_model": [[0.15044208350206356, 0.05982577308395333, 0.27882207341313947, -0.2432702558659585, -0.32064647435068516, 0.7903323239683673, 0.5138918693259661, -0.6124343220419681, -0.4097723114261791, -0.2057173584289975, 0.47223085912762974, 0.06541266088743357], [0.606937109021697, -0.7460258706688269, -0.3373053314671993, -0.45853794678635884, -0.020920663020776414, -0.24749632499232802, 0.3297432992055741, -0.11410059727882943, 0.4502537495901724, 0.34990200837343044, -0.2868784452222023, -0.12038394835934521], [-0.446287729755769, -0.06499568067133082, -0.5882405449683213, 0.5676622371604331, -0.5943019675973521, -0.18229027388523011, 0.08277755458178301, 0.07525169795940961, -0.09254133647618731, 0.580154468098456, 0.5263630009330156, -0.04666945094577977]], "inverted": true, "swapped": false, "error_lsq": 0.05872192420667804, "error_max": 0.44421009963772273, "target": "1015.xyz", "model": "13.xyz", "model_rescale": 3.9028299243045295, "target_rescale": 3.8887755467845615},
{"mapping": [14, 2, 12, 3, 1, 8, 10, 6, 9, 7, 4, 15], "R": [[0.8813802930420715, -0.402860089796816, 0.24672358437322855], [-0.09732156567511135, 0.35622211421600164, 0.9293192767816811], [-0.46227404414656165, -0.8430952220196621, 0.27476017672872366]], "T": [0.13768035875598772, -0.13715307719144423, -0.0497539280599932], "aligned_model": [[0.17243164228443683, -0.032112081836913886, 0.4167272621745104, -0.13214613880570325, -0.3365959613692458, 0.6528282973586776, 0.3936330921418679, -0.5217322882741464, -0.39058613265137165, -0.19727188685788188, 0.4474783416944772, 0.06646277533605828], [0.6722640816977291, -0.8395075804390641, -0.15157828898629724, -0.37488254801916676, -0.28337161313446024, -0.6828374307391978, 0.4959359598460884, -0.16174883913201948, 0.4299980263553139, 0.447596179268388, -0.09292533160366909, -0.05375557671863648], [-0.40568491009423074, -0.19124049435191776, -0.6870647061879749, 0.4595277279533692, -0.4691354580037355, -0.23239660435497433, 0.24864022654790177, 0.044999814243470486, -0.03881792030967773, 0.5556411958591458, 0.5514385454209836, -0.01902544228923322]], "inverted": false, "swapped": false, "error_lsq": 0.04362274342741885, "error_max": 0.2077776408388229, "target": "1015.xyz", "model": "14.xyz", "model_rescale": 3.942246331269136, "target_rescale": 3.8887755467845615},
{"mapping": [9, 13, 4, 12, 11, 3, 5, 8, 6, 0, 1, 14], "R": [[-0.6001002673563355, 0.5597124022673979, 0.5714907662131676], [-0.114644342212938, -0.7672339780349399, 0.6310377942304601], [0.7916668137022151, 0.3131677660563747, 0.5245851755300013]], "T": [0.05783051975505075, 0.039414616407244495, -0.09892403951088917], "aligned_model": [[0.13244633345129952, -0.14253768779350837, 0.2930072435489917, 0.13718095790405027, -0.427156355969941, 0.6842374958262515, 0.5590685177318188, -0.68617266261018, -0.36379294793877537, -0.19891618183665546, 0.4984139042850427, 0.053338304596371296], [0.7953801106869589, -0.7425452008808369, -0.30982499230071653, -0.6264081182455312, -0.20651023702368726, -0.2938539413035101, 0.3204600182902128, 0.021156421956430492, 0.32569519438243827, 0.23320777551236008, -0.157610329628987, 0.046040336949876054], [-0.3655904189763847, -0.1954707745975004, -0.50683037829182, 0.3684728498110335, -0.5662779969093862, 0.015506285453144225, 0.17043354745074912, 0.11312979623276555, -0.32928564981617225, 0.5623193540849156, 0.5520052098673639, -0.0015298498755818984]], "inverted": true, "swapped": false, "error_lsq": 0.053138545370661226, "error_max": 0.3825900043034437, "target": "1015.xyz", "model": "15.xyz", "model_rescale": 4.355366556412066, "target_rescale": 3.8887755467845615},
{"mapping": [6, 1, 10, 0, 8, 9, 3, 2, 6, 4, 5, 11], "R": [[-0.2281538164600436, 0.5707755659847725, 0.7887718867387957], [-0.6077211019870971, 0.5494574710634644, -0.573386038975602], [-0.760671347057522, -0.6101735333225335, 0.22151153694196155]], "T": [0.1695623537552985, -0.14297120302744526, -0.01802303032738104], "aligned_model": [[-0.12085260373497614, -0.03118436315112133, 0.2818974103908777, -0.06065634024672359, -0.3517593243140854, 0.6458627228001427, 0.500146132058557, -0.6522721850171534, -0.12085260373497614, -0.20118908872702546, 0.5357428503286645, 0.11423431454258487], [0.5776924478496244, -0.6279330162044643, -0.057077038704434424, -0.4530730492230874, -0.1843639853398628, -0.7113793664325008, 0.4072153398343413, -0.2567916275183706, 0.5776924478496244, 0.33087552995557135, -0.16564849856529906, -0.03202214510613413], [-0.28709368604807683, -0.1562621666678514, -0.6322207396809915, 0.5775861171044752, -0.5779752259300502, -0.016748881886485885, 0.11991225310528131, 0.09314487688678963, -0.28709368604807683, 0.46399602808767876, 0.5122198066005402, 0.0074172789098939755]], "inverted": false, "swapped": false, "error_lsq": 0.04770521534753227, "error_max": 0.2982340465925514, "target": "1015.xyz", "model": "16.xyz", "model_rescale": 3.795458400668931, "target_rescale": 3.8887755467845615},
{"mapping": [1, 11, 4, 8, 10, 7, 0, 9, 5, 6, 3, 12], "R": [[-0.5559139983592989, 0.7898909424848077, 0.25890524407327026], [0.1728080067714146, -0.19484260765518935, 0.9654914557042007], [0.8130787287980594, 0.5814711146932307, -0.028183746265245335]], "T": [0.13903542289690782, -0.08078534486883002, -0.07688319341412626], "aligned_model": [[0.10499817835375921, -0.10871992415581375, 0.38293737293678376, -0.06930462785724667, -0.3632895508558124, 0.691858524449192, 0.543932928846036, -0.7397256150392386, -0.43295646608114413, -0.07248356657109592, 0.528758395646734, 0.07311127152261229], [0.7575473717568791, -0.8485490188535991, -0.32216033007722156, -0.4598147174535141, -0.10622845390515578, -0.41331923426077133, 0.340694159271681, -0.14169598052941437, 0.4439703381663507, 0.25470130923443224, -0.007639952375790557, -0.09231845257886849], [-0.18098090833961614, -0.14393987197192853, -0.6225440254945208, 0.443326312731764, -0.6116036175602597, 0.04592767883233638, 0.02019113240868564, 0.0714906981686718, -0.0711077202362265, 0.4709162890982352, 0.6267841233897656, -0.23157811659378036]], "inverted": true, "swapped": false, "error_lsq": 0.04807974236316456, "error_max": 0.29256921378033784, "target": "1015.xyz", "model": "17.xyz", "model_rescale": 3.7474275329858107, "target_rescale": 3.8887755467845615},
{"mapping": [4, 11, 12, 1, 10, 7, 6, 3, 8, 0, 2, 13], "R": [[0.6290739634967508, 0.44811951769792013, 0.6351809555620129], [0.36991525977246886, -0.8912376004661515, 0.26240853664239555], [0.6836875375768929, 0.06988874997823287, -0.7264206175409151]], "T": [0.07775136541428054, -0.06891496626447571, -0.08596877077159497], "aligned_model": [[0.10143237875333927, -0.12749236928579982, 0.4497942679323189, -0.09790417932422132, -0.3449756819539569, 0.5690942839392681, 0.5740135781197765, -0.5570596000908747, -0.4954639509765375, -0.11575509622566632, 0.4734639899518125, 0.10996930035530683], [0.7547743908564495, -0.751863007312388, -0.29968523371183986, -0.42667313581845934, -0.1888598500738864, -0.6387438480003422, 0.476158603314646, -0.2763508748440958, 0.3591034570767143, 0.4184752180235517, -0.001069109314252914, -0.020079571801088887], [-0.18696814994571687, -0.2008323611788097, -0.6922410575056375, 0.47942723074387367, -0.6182792428973416, -0.04996232702472832, 0.14122592865436262, 0.034756384914343644, -0.15723504297798974, 0.5652980319629982, 0.499386832503876, 0.0023057471838962285]], "inverted": false, "swapped": false, "error_lsq": 0.04106030389637195, "error_max": 0.21471121614711886, "target": "1015.xyz", "model": "18.xyz", "model_rescale": 3.922800546911778, "target_rescale": 3.8887755467845615},
{"mapping": [10, 12, 8, 3, 13, 5, 2, 7, 11, 9, 0, 14], "R": [[0.5738339352574916, 0.2510691503627248, 0.7795376171058332], [-0.7773503442483186, 0.46656103258322984, 0.42195644937823995], [-0.25776162833890115, -0.8481067648657274, 0.4628972438296304]], "T": [0.18205598394587896, -0.012437681685880053, -0.16658886714124324], "aligned_model": [[0.06773056291511811, -0.11485706822173525, 0.4074309646809524, 0.03486874053683167, -0.32301155887877253, 0.5956736948164281, 0.3296868739070091, -0.5344138834497422, -0.4355168216390738, -0.17811021081637168, 0.5891818668014527, 0.10045376054266919], [0.7854918464037253, -0.7355326612307647, -0.2697072741902415, -0.279660678927797, -0.19254651064840003, -0.645341075072777, 0.4591431991978257, -0.171357264629175, 0.32358944759502967, 0.43369146405016024, -0.28004638006850197, -0.02253707408407578], [-0.19555114557622527, -0.07946634091519947, -0.6739438994932679, 0.39561841554708843, -0.59586888500255, -0.062246143009309515, 0.3520107432539238, 0.14904781375925955, -0.2803131431686851, 0.4113317877849285, 0.5124374473237463, -0.11617467607058299]], "inverted": true, "swapped": false, "error_lsq": 0.049756245567387426, "error_max": 0.2906979370615816, "target": "1015.xyz", "model": "19.xyz", "model_rescale": 3.9282355846067225, "target_rescale": 3.8887755467845615},
{"mapping": [8, 2, 5, 10, 7, 1, 4, 12, 9, 11, 0, 13], "R": [[0.6681002847598936, 0.260877378592757, 0.6968392948466099], [0.5298245517619524, -0.8243424872686229, -0.19936250408245432], [0.5224250700856491, 0.5023967127901532, -0.6889626906615864]], "T": [0.0929092515499088, 0.0343671306110293, -0.17147891428668124], "aligned_model": [[-0.015455080093415535, 0.02602879644258746, 0.46406015367945286, -0.2533082351758199, -0.3127882265395798, 0.5486338435960625, 0.47349435122937883, -0.7449282697080144, -0.44199450332742096, 0.06732440655787429, 0.5744945793473171, 0.15355510518634324], [0.7829068677824305, -0.7861655300522282, -0.3680837885578441, -0.46847985729739067, -0.2119241561643122, -0.5157562386467015, 0.4833332341838209, -0.0632787379238029, 0.39741290009864894, 0.2760071852574175, -0.04456620998180696, -0.07621863030322354], [-0.2525160207938299, -0.20261358739225352, -0.6050344675404095, 0.4363966549116658, -0.5750231308354977, 0.05475143537379598, 0.058634676542816344, -0.0652343021973015, 0.07448971686993675, 0.5025527400317035, 0.46258897481507444, -0.07211071535257434]], "inverted": true, "swapped": false, "error_lsq": 0.05242782774587884, "error_max": 0.3305863229674037, "target": "1015.xyz", "model": "20.xyz", "model_rescale": 4.067790424073018, "target_rescale": 3.8887755467845615},
{"mapping": [12, 8, 0, 5, 7, 4, 11, 1, 9, 13, 6, 14], "R": [[-0.3022535500313315, -0.9315583638068455, -0.2020935583213149], [0.7402899256054157, -0.36295947792332783, 0.5658897802865446], [-0.6005111302387206, 0.021434369763038363, 0.7993290625595169]], "T": [0.16489926893407045, -0.028858212528141008, -0.006509968436859201], "aligned_model": [[0.13395486102937285, -0.05773311731988756, 0.3383081580115379, -0.036547776203163546, -0.3209240110772582, 0.49185003930305404, 0.3350049285617938, -0.6439595590101662, -0.4405235485648852, -0.136686280518264, 0.759126329864439, 0.11724689711819267], [0.6586386108951062, -0.5293141293858037, -0.1619682729637427, -0.4384187997530497, -0.217444363648231, -0.7445015414968489, 0.5345951818729938, -0.1589861706357724, 0.3625605958968944, 0.16251641202376033, -0.09439325583745085, 0.03190277142715214], [-0.3432657082544003, -0.1650867403742342, -0.6822829321759454, 0.3678499309318515, -0.5404340842188036, 0.14655966994382202, 0.2611027944867434, 0.03952493412883814, -0.2968622164592259, 0.595607474024618, 0.4295591325687896, 0.0046097198310732]], "inverted": false, "swapped": false, "error_lsq": 0.0548701147922446, "error_max": 0.30010254771680955, "target": "1015.xyz", "model": "21.xyz", "model_rescale": 4.186013935880536, "target_rescale": 3.8887755467845615},
{"mapping": [10, 5, 8, 0, 11, 2, 9, 6, 4, 7, 1, 12], "R": [[0.09047539186198268, -0.8624928754581249, 0.49791589977765943], [0.7935603577636077, -0.2396464691682691, -0.5593134437873604], [0.6017276477390044, 0.44573042256408457, 0.6627580466107728]], "T": [0.017668470758857614, -0.073299026756756, -0.045490148197847684], "aligned_model": [[-0.00946730216451721, -0.12377789105764866, 0.5658921365797722, -0.009866482182633717, -0.10494820028070106, 0.48244963262885276, 0.496090855723497, -0.46513094309979364, -0.5487910496596392, -0.13283326295617398, 0.41347706929290434, -0.023977641629153508], [0.7589617557184024, -0.8198998847932363, -0.21362911324727923, -0.4996054351850763, -0.017430257431472515, -0.6507945820016733, 0.3016732825194431, -0.13943533350369247, 0.36307603915735653, 0.4238867231922269, -0.025117422208130638, -0.07649873382186088], [-0.09938887192627449, -0.19081344854201618, -0.5626230225764317, 0.5369985757323478, -0.662588042627179, -0.05877766520192101, -0.17181729919537864, 0.2235517889138458, -0.173226448223198, 0.47265973173776543, 0.5678102041923817, -0.06490352785081521]], "inverted": true, "swapped": false, "error_lsq": 0.056727028956872504, "error_max": 0.28800819401712846, "target": "1015.xyz", "model": "22.xyz", "model_rescale": 4.166573947596378, "target_rescale": 3.8887755467845615},
{"mapping": [11, 5, 1, 10, 6, 0, 3, 14, 12, 9, 8, 15], "R": [[-0.47113262240917947, -0.6787569030826849, -0.5633144047682893], [0.8532211961426043, -0.5126611826895243, -0.09587545158361294], [-0.22371330437600964, -0.5258018431700109, 0.8206611841461652]], "T": [0.0772963547559817, -0.014655497436341348, -0.0032582238984963045], "aligned_model": [[-0.08706849116255957, -0.07397022101897113, 0.3881139233905837, -0.2686372018689769, -0.11777872332367503, 0.6501141835490231, 0.4447937599059507, -0.6642097624618617, -0.44587347272257716, -0.007967495754431536, 0.627914646628308, 0.09368577603395323], [0.7509955229799823, -0.7816806621696823, -0.3666110260733807, -0.4504735266311674, -0.10552356119644782, -0.5939445263720371, 0.4606413605169418, -0.009373519941882728, 0.28089718470185665, 0.34340825775962713, -0.06169267219692639, -0.06145579298187549], [-0.09736475814570203, -0.285840602897005, -0.5395592641333983, 0.49807385460199494, -0.7331872210397037, -0.05857294896858164, 0.018310411752381274, 0.2726376659993265, -0.2646454824368365, 0.4710513683439476, 0.5872382968933961, -0.051259345536692556]], "inverted": false, "swapped": false, "error_lsq": 0.046740290865428226, "error_max": 0.27177713805973247, "target": "1015.xyz", "model": "23.xyz", "model_rescale": 4.274766983524099, "target_rescale": 3.8887755467845615},
{"mapping": [2, 8, 0, 6, 9, 10, 5, 3, 1, 7, 11], "R": [[0.4503289672711015, 0.656203615902208, 0.6054755450993964], [0.8468075178679275, -0.5288755580760462, -0.05663631125091849], [0.2830562645816258, 0.5382262150310209, -0.7938461390814207]], "T": [-0.02578120601479701, 0.16540757766845993, 0.006745613119771204], "aligned_model": [[0.3025771834724304, 0.0008543011319212153, -0.39440475193594576, -0.5424041165431355, -0.5063143863631366, -0.5575732890483631, 0.16381033768476666, 0.04327222024394094, 0.6487067845096892, 0.26663814303272726, -0.04526772222681972], [-0.2674991231365386, 0.6967130174696222, 0.5250284986527249, 0.03378148407392098, 0.48229993473554933, -0.3280014967292185, -0.7487787000202554, 0.014078206248057612, -0.27382192707968217, 0.6701911959319453, 0.11159544109735775], [-0.41360639079121586, -0.3198583941602363, -0.6990986029633103, -0.2774964756217341, 0.2790452300002584, 0.36455398804932626, 0.10648440131753323, 0.6477274618940279, 0.26145537697926446, 0.36494327965399787, 0.06541655966366576]], "inverted": true, "swapped": true, "error_lsq": 0.054909926849533226, "error_max": 0.2661839747257383, "target": "1015.xyz", "model": "24.xyz", "model_rescale": 3.7841303162186577, "target_rescale": 3.8887755467845615},
{"mapping": [0, 12, 9, 3, 2, 14, 7, 4, 1, 6, 11, 15], "R": [[-0.13231814344784937, -0.9909786625495698, 0.021288477775088688], [-0.4490490197680011, 0.07907748317757507, 0.8900009716285133], [-0.8836554117753774, 0.10820370615541042, -0.4554613827914742]], "T": [0.12572993694539786, -0.017992006664259215, -0.08276924432178585], "aligned_model": [[0.1583075722600821, 0.08615602252620977, 0.28903186440976125, -0.21284432021019434, -0.3685864570170106, 0.6684858335169197, 0.4355614522546873, -0.6009031821518886, -0.37053086741166275, -0.16642132347697258, 0.5227148240487599, 0.09814550244607398], [0.6994040690130671, -0.7690084201762922, -0.33032557683876906, -0.41602197504556765, -0.33625532718144907, -0.5575858642066269, 0.48814118853095495, -0.029170643255419827, 0.5065389222794643, 0.1948228921802284, -0.03420823397854667, -0.01114399292603559], [-0.24280523287332562, -0.1806475277211258, -0.549589263124099, 0.5303714445050646, -0.555159749519123, -0.2914639207032208, 0.1830110802752244, 0.08629787599812282, -0.26061443667603895, 0.5428375907643245, 0.5741688064454903, -0.019524692938167124]], "inverted": true, "swapped": false, "error_lsq": 0.04060116366497153, "error_max": 0.22918154516799585, "target": "1015.xyz", "model": "25.xyz", "model_rescale": 4.19342608120988, "target_rescale": 3.8887755467845615},
{"mapping": [6, 1, 10, 0, 8, 9, 3, 2, 6, 4, 5, 11], "R": [[-0.2281538164600436, 0.5707755659847725, 0.7887718867387957], [-0.6077211019870971, 0.5494574710634644, -0.573386038975602], [-0.760671347057522, -0.6101735333225335, 0.22151153694196155]], "T": [0.1695623537552985, -0.14297120302744526, -0.01802303032738104], "aligned_model": [[-0.12085260373497614, -0.03118436315112133, 0.2818974103908777, -0.06065634024672359, -0.3517593243140854, 0.6458627228001427, 0.500146132058557, -0.6522721850171534, -0.12085260373497614, -0.20118908872702546, 0.5357428503286645, 0.11423431454258487], [0.5776924478496244, -0.6279330162044643, -0.057077038704434424, -0.4530730492230874, -0.1843639853398628, -0.7113793664325008, 0.4072153398343413, -0.2567916275183706, 0.5776924478496244, 0.33087552995557135, -0.16564849856529906, -0.03202214510613413], [-0.28709368604807683, -0.1562621666678514, -0.6322207396809915, 0.5775861171044752, -0.5779752259300502, -0.016748881886485885, 0.11991225310528131, 0.09314487688678963, -0.28709368604807683, 0.46399602808767876, 0.5122198066005402, 0.0074172789098939755]], "inverted": false, "swapped": false, "error_lsq": 0.04770521534753227, "error_max": 0.2982340465925514, "target": "1015.xyz", "model": "26.xyz", "model_rescale": 3.795458400668931, "target_rescale": 3.8887755467845615},
{"mapping": [4, 6, 8, 0, 5, 1, 9, 7, 10, 3, 2, 12], "R": [[-0.930457169089034, -0.20611951732186445, -0.3029260653522943], [0.036756841976900274, -0.8751009259575064, 0.4825425410844104], [-0.36455231594204146, 0.4378505612275909, 0.8218202327601686]], "T": [0.19174999421572822, 0.02054960949586248, -0.09984106815607376], "aligned_model": [[0.025273908199320794, 0.002122673229673827, 0.3391300418794331, -0.04258036758330602, -0.34997875510547005, 0.5466243148549489, 0.4883572694364281, -0.5993301451067867, -0.3657412517063008, -0.14839724832726228, 0.6078987600369931, 0.03573772138709322], [0.8395288366060785, -0.7544866398804045, -0.322619758657861, -0.3648339090906297, -0.28916847979531357, -0.44986662151697293, 0.23327716774928994, -0.052137101618322225, 0.39024204764822945, 0.29329966367315197, -0.0878482343265001, -0.030199932395738156], [-0.1203817834112942, -0.3109032650656263, -0.7253533513430552, 0.5986158147178389, -0.5211071778835804, -0.04393081237272674, 0.12631242034475587, 0.0707958382454706, -0.34523348939701964, 0.4959641182803509, 0.6682116813730865, -0.07610801905507322]], "inverted": true, "swapped": false, "error_lsq": 0.045669599169930436, "error_max": 0.24430983459634542, "target": "1015.xyz", "model": "27.xyz", "model_rescale": 3.6321398670334006, "target_rescale": 3.8887755467845615},
{"mapping": [9, 3, 8, 1, 0, 7, 6, 2, 11, 13, 4, 14], "R": [[-0.88268197792155, -0.23449593456476475, -0.4072888195434514], [-0.3664154882339245, -0.19931078799957502, 0.908853618449794], [-0.2942995342075745, 0.9514656412396543, 0.09000509822014896]], "T": [0.07822153588806216, -0.047791716818153376, -0.1585650134483551], "aligned_model": [[0.14080440350700182, 0.05734177564649198, 0.3559278208041986, -0.1305076591516066, -0.38569879863708956, 0.7069534034715993, 0.5059907679233885, -0.6223724100068487, -0.44834817083662337, -0.15481958622557324, 0.46235528418826144, 0.05149009051156496], [0.6066730095594102, -0.7321674070134376, -0.16538043017035203, -0.34345910939508834, -0.29215603748488816, -0.5010922086031969, 0.38659309524134466, -0.08157552924968804, 0.31815806917210393, 0.5317813193473102, -0.2879477149831692, -0.03424001802534078], [-0.2782791221756076, -0.21104386865915445, -0.5781859490614574, 0.40382285293138226, -0.4969075857312456, -0.16867870892586637, 0.3233382510318808, 0.2175605516564449, -0.19504698861797518, 0.36704345591645066, 0.5351450213076916, -0.10188593523941641]], "inverted": true, "swapped": false, "error_lsq": 0.051550704104599145, "error_max": 0.2593616249281776, "target": "1015.xyz", "model": "28.xyz", "model_rescale": 4.156811204709835, "target_rescale": 3.8887755467845615},
{"mapping": [2, 1, 5, 10, 7, 4, 2, 8, 9, 11], "R": [[0.22618114983573182, -0.19231888356939747, 0.9549112704757478], [0.568311262174376, 0.8222299954679897, 0.03098618786616325], [-0.7911159186520985, 0.5356783377880144, 0.2952699132656697]], "T": [-0.0849704360672566, 0.09750341965064213, 0.12635491627650103], "aligned_model": [[-0.4985389084225632, -0.15033412769026128, 0.10821235378431715, 0.6129243061162097, -0.08196882205508954, -0.6695896943640792, -0.4985389084225632, -0.48727039353932133, 0.3225454232978605, -0.014515854593921573], [0.09276997196779607, -0.5795134454926115, -0.07379190453457604, 0.34543027207201393, -0.3704571821655062, -0.22845817164435656, 0.09276997196779607, 0.24114153598543653, 0.3170165439822118, 0.08181273848799966], [-0.42215393860847555, -0.37375449489012563, -0.7764006714909375, -0.19884866938329132, 0.6259797862903034, 0.09341148999208596, -0.42215393860847555, 0.5815339293344355, 0.5636474926468167, 0.08752574169276311]], "inverted": false, "swapped": true, "error_lsq": 0.0679369525443318, "error_max": 0.37821495756192514, "target": "1015.xyz", "model": "29.xyz", "model_rescale": 4.117894457231895, "target_rescale": 3.8887755467845615},
