[{"mapping": [6, 2, 4, 0, 9, 10, 12, 1, 5, 3, 11, 8, 7, 13], "R": [[-0.5804652539028287, 0.4185744994152327, -0.698466518489478], [-0.27868990990408116, 0.7038433173600483, 0.6534037945445814], [0.7651091576560693, 0.5739337706102419, -0.29190410038903253]], "T": [0.030877968242655447, -0.11876223321737633, -0.005126672579695433], "aligned_model": [[0.619449290421426, -0.11688305228204089, 0.16257430881706333, -0.5528958086630621, -0.6222333593008263, -0.46005257901263563, -0.41248554176372654, -0.05249618393845158, 0.6838375465826632, 0.2897193722168896, 0.21913004085050877, 0.40678805363146814, -0.16671681091231247, -0.008964552427529113], [0.140762937727622, -0.05447820423491989, 0.6483315802834785, -0.46212899115566297, 0.20996545968487373, 0.34205168411969394, -0.28968678315015567, -0.6836404483389795, -0.3243330343979035, -0.32758780672440946, 0.22120908356420665, 0.5567050574249758, 0.6108196054149794, 0.03382754080296091], [-0.41837813179352146, -0.7569860276727786, -0.5597683422900642, -0.37488318911565915, -0.05124466817557402, 0.7445843757594027, 0.32552934838272957, 0.07857199080321153, 0.3170312005161413, -0.40835528420818396, 0.574565057366424, 0.1089552216803313, -0.012945014091788973, 0.03572423520051862]], "inverted": false, "swapped": false, "error_lsq": 0.04400584727646044, "error_max": 0.25748287140537823, "target": "1016.xyz", "model": "0.xyz", "model_rescale": 3.8414455957264533, "target_rescale": 4.094128677429827},
{"mapping": [7, 0, 0, 1, 11, 12, 10, 5, 2, 4, 8, 9, 13, 14], "R": [[-0.23392538762994858, 0.6307330927907474, -0.7399018034042063], [0.06717712233478212, -0.7487124418841536, -0.6594823072703966], [-0.9699310012866875, -0.2039741283263306, 0.13277201405611644]], "T": [0.07805140206843825, -0.023997317367541758, 0.03534921191170427], "aligned_model": [[0.5407609348626997, -0.00606647666284893, -0.00606647666284893, -0.5925582047726277, -0.6922107315453516, -0.5476564848404997, -0.24109347816730858, 0.1532099166983374, 0.6939124639381438, 0.23210644826809868, -0.034018242384159625, 0.5610531116738469, -0.07325390733926923, 0.0006518511532224852], [0.22755656593162119, 0.25013226160923774, 0.25013226160923774, -0.326143512035364, 0.30516814209201876, 0.17973771706837707, -0.360283898392163, -0.6455479540649575, -0.4279966648403582, -0.30483249952593866, 0.39326496225386587, 0.4296525569466793, 0.7189338848783747, -0.06795614250987171], [-0.3328566193750218, -0.63045445728435, -0.63045445728435, -0.42015965016341206, -0.12153210612674885, 0.42170554985689646, 0.5387766458607012, 0.24113742508767283, -0.010524607775432376, -0.4042140691419699, 0.6968890688349177, 0.19789403664133204, 0.032716207201344945, 0.023477806029609038]], "inverted": true, "swapped": false, "error_lsq": 0.05207510228331695, "error_max": 0.43302850173062934, "target": "1016.xyz", "model": "1.xyz", "model_rescale": 4.316132596720782, "target_rescale": 4.094128677429827},
{"mapping": [3, 6, 4, 0, 1, 9, 2, 8, 5, 7, 11, 13], "R": [[0.274416200716022, -0.1718030567536286, -0.9461392384182643], [-0.8805944125154535, -0.4401837749282532, -0.17547571038886314], [-0.386327878143873, 0.881318304575607, -0.2720823709629685]], "T": [0.05700409659955357, 0.02887037272778258, -0.041000483491101136], "aligned_model": [[-0.15838643459313434, 0.4635350120553651, 0.2099499957538527, -0.37293355069186035, -0.6081020985623442, -0.4118598319924572, -0.5318628218998541, -0.1431678779034638, 0.7349856587704763, 0.09888377729081735, 0.2401758517683547, 0.07659087463602868], [-0.6571372412143504, -0.2778050135173331, -0.5703565492245037, 0.49263381677972407, -0.19345278288708376, -0.026280134226910234, 0.3468036689368742, 0.5302220205282578, -0.19512071853716723, -0.19518181551364355, 0.6672523288020289, 0.09119884781508782], [0.08241623358333543, 0.15880835100660473, -0.5014890667006172, -0.10856859550559224, -0.34874949679934364, 0.28632286756215736, -0.7204525438453668, 0.6090390576285969, -0.3759564896278221, 0.642372543154661, -0.14303895207210734, -0.13144544717508505]], "inverted": true, "swapped": true, "error_lsq": 0.057931439694969944, "error_max": 0.3683923878535249, "target": "1016.xyz", "model": "2.xyz", "model_rescale": 3.795458400668931, "target_rescale": 4.094128677429827},
{"mapping": [12, 5, 4, 7, 0, 9, 6, 11, 10, 8, 1, 13], "R": [[-0.940357436693056, 0.02093652814521421, -0.33954315343603925], [-0.3122625548222323, 0.34291002030948947, 0.8859485396044388], [0.13498143617534006, 0.9391349103087213, -0.3159202939468631]], "T": [0.009748664450577656, 0.05426534891177797, 0.0794084568420273], "aligned_model": [[-0.10024561886792804, -0.3054101228892865, -0.7258464549751381, 0.1394308587174691, 0.3594730453843743, 0.08854498944849537, -0.14068046055530264, 0.5330683705795884, 0.34686711043451385, 0.7464214502198245, -0.3711054003808082, 0.022786058627762906], [-0.16801380544994626, -0.6659320336877714, -0.16093751559463074, 0.14438197312930295, 0.4499630579505964, 0.5763205039835725, -0.29932354296886876, -0.16437619689330413, -0.6553396762521254, 0.3534196434183208, 0.6589934467352592, 0.016613190919304154], [-0.5756343741515244, 0.016027051713429386, -0.004868673579809454, 0.7822694009748798, -0.27499885515999756, 0.30582641621498774, 0.4687498519978009, -0.280907546727294, 0.1075442494046342, 0.365404285365917, -0.1958321661802475, -0.024808209233675896]], "inverted": true, "swapped": true, "error_lsq": 0.05317444422501855, "error_max": 0.39621797642494766, "target": "1016.xyz", "model": "3.xyz", "model_rescale": 3.7530521520055578, "target_rescale": 4.094128677429827},
{"mapping": [4, 10, 7, 8, 3, 11, 1, 12, 2, 0, 13], "R": [[-0.4933401445543951, 0.850403537281591, 0.18283688235694234], [-0.8655859497505058, -0.45920706253945054, -0.19972440338727873], [-0.08588635145099463, -0.2567931025024758, 0.9626426321026872]], "T": [-0.029569873896486958, -0.11809803034000722, -0.09961142882414346], "aligned_model": [[-0.5258494206195954, -0.3003197564948247, 0.5535411678172565, 0.6541916929736293, 0.15898073561126252, -0.18577871763310155, -0.007521719947302698, -0.652484060001042, -0.35796972364586227, 0.11865977249367232, -0.1172503681088867], [-0.70498188306857, 0.207779139645074, -0.35165919801021994, 0.3665093223539521, -0.8122057324770232, 0.5270934914649603, -0.3555493134101676, 0.11791700433016229, 0.1926366511795342, 0.33343194247515323, -0.05376806616850917], [-0.038056232149770046, -0.7617883933427796, -0.452290714075777, -0.20731255478888144, 0.022431100057416317, -0.20364007936147077, 0.6281481871434186, 0.11686650405101164, 0.7400899628899349, 0.3230432978017235, -0.07466030097950971]], "inverted": true, "swapped": true, "error_lsq": 0.05157445801348206, "error_max": 0.22920721309617378, "target": "1016.xyz", "model": "4.xyz", "model_rescale": 3.7855080009869324, "target_rescale": 4.094128677429827},
{"mapping": [12, 13, 11, 15, 8, 7, 10, 9, 2, 14, 5, 0, 6, 16], "R": [[-0.18132342088944398, -0.9459400120538035, -0.26892249930528267], [-0.935887468953662, 0.08199109985315572, 0.3426253128424373], [-0.3020537410668137, 0.31380719102742055, -0.9001603103708928]], "T": [0.04669927884197683, 0.09148827168744034, -0.006495777051317479], "aligned_model": [[0.41895458777988465, -0.2371918436807942, 0.19588053274152523, -0.4502322719879071, -0.6372404541041505, -0.39324809034668734, -0.4411669167697134, 0.09258381734074994, 0.6624221740780489, 0.2652486219951828, 0.07194753671760448, 0.601164350757778, -0.22722904101340907, 0.06687772071132214], [0.1278752403694292, 0.18837135477963246, 0.6279699400211003, -0.5040487015340429, 0.049995789452162626, 0.4841326977374773, -0.23240282221431174, -0.5964019189776321, -0.30812151960481315, -0.4270565470790836, 0.17350310422373946, 0.32614872186925115, 0.6676178517142434, 0.04423449026360696], [-0.5749737770546874, -0.6659555086791937, -0.5742709097642877, -0.28526603013054497, -0.16716528124908098, 0.45572293623463195, 0.42714625106033466, 0.17131230477447418, 0.07706868048992488, -0.3820551652585147, 0.798326773165556, 0.48946474604138673, -0.14475296733922755, -0.022201279929582395]], "inverted": false, "swapped": false, "error_lsq": 0.04316103637510992, "error_max": 0.27596215315483735, "target": "1016.xyz", "model": "5.xyz", "model_rescale": 4.2253639853439635, "target_rescale": 4.094128677429827},
{"mapping": [9, 7, 12, 3, 6, 5, 2, 4, 1, 0, 10, 8, 11, 13], "R": [[-0.13209166895721414, -0.6965076357786741, 0.7052863987729381], [-0.026307472433601486, -0.7088071231065639, -0.7049116108616398], [0.9908883427946125, -0.11166725363954538, 0.0753041604318671]], "T": [0.04703117875898862, 0.048063419432768824, 0.005037796311813076], "aligned_model": [[0.5935072872642323, -0.2847914546850644, -0.038935381088086286, -0.4432595161428037, -0.5592795898369622, -0.2493373146154301, -0.43541578018401883, 0.003537904179508021, 0.6085537858866176, 0.36693372311660827, 0.12432982260082628, 0.5091146808738927, -0.20872097105730233, 0.0025335279074176972], [0.19550704077461953, -0.03969305381596613, 0.581659441077732, -0.38294314964973825, 0.18441417608292654, 0.3772485255458, -0.17981676944076475, -0.6368291235214137, -0.35901785217436505, -0.364061696600425, -0.033742553182048544, 0.49264512809136496, 0.7756592984327894, 0.010788269400248587], [-0.22348062492365148, -0.7102130389649516, -0.7560330287378395, -0.2721946776135657, -0.16083471849587266, 0.45730336928748666, 0.41183893122030796, 0.17807493648302897, 0.24521061315330314, -0.6039596586703463, 0.77694787973727, 0.37204027177774196, -0.09863892981185175, -0.013660552079870329]], "inverted": true, "swapped": false, "error_lsq": 0.05141400315150783, "error_max": 0.28991013440179997, "target": "1016.xyz", "model": "6.xyz", "model_rescale": 3.89814844738969, "target_rescale": 4.094128677429827},
{"mapping": [7, 10, 11, 7, 0, 5, 6, 9, 3, 4, 12, 1, 13], "R": [[-0.9105311774826282, -0.30927906212106904, 0.27437098346146316], [0.2766487289279669, -0.9489404230186708, -0.15158348968039598], [0.3072433166313612, -0.06211710951628678, 0.949601500151881]], "T": [0.01244212374922965, 0.07426528604856697, -0.020735463470669818], "aligned_model": [[-0.20292912133589627, -0.04555784058143836, 0.4964276714939952, -0.20292912133589627, 0.6209837341509563, -0.4977643660195789, -0.44504085477833494, 0.17880788494268246, -0.49912168435239584, -0.5926344170985276, 0.16311162200786727, 0.11672451328052319, 0.05855378053026631], [-0.5710568108955661, 0.36204526242705615, 0.36445614099463497, -0.5710568108955661, 0.06388825755513836, 0.5906641235216075, -0.012056164072593634, -0.4113111152739925, -0.2570852170547321, 0.4278254561940513, 0.7487204111127271, 0.05290722055013998, 0.17584051130758055], [-0.2576459998418341, -0.7499805872232059, -0.38548540532539666, -0.2576459998418341, 0.1638120589941877, -0.3290342018902973, -0.30796129744071954, 0.23724424518484502, 0.3801891275701299, 0.30081184740168765, 0.09326831643043848, 0.7376656888420716, -0.022962762023776874]], "inverted": true, "swapped": true, "error_lsq": 0.05076157672724154, "error_max": 0.4649595768626029, "target": "1016.xyz", "model": "7.xyz", "model_rescale": 3.7474275329858107, "target_rescale": 4.094128677429827},
{"mapping": [3, 2, 2, 4, 13, 12, 11, 9, 5, 8, 10, 0, 1, 14], "R": [[0.7306509342201832, 0.6408772729711665, 0.23542627999485277], [0.13433400877085327, -0.47302137248902215, 0.8707497661533734], [0.6694053976558049, -0.6045883741502502, -0.43170512092356655]], "T": [0.02556526489493247, 0.046636098335760864, 0.1096400854061839], "aligned_model": [[0.6462838589683428, -0.0027504939644605285, -0.0027504939644605285, -0.3854935592988664, -0.8591487860749977, -0.4542733759097636, -0.24079699277940472, 0.035105881535948236, 0.580799577809178, 0.13378361856226198, 0.18424597131555895, 0.4254777083460768, -0.05853872823742248, -0.013173462088556295], [0.11780070545822179, 0.311330173200156, 0.311330173200156, -0.19417206440595952, -0.005613369600114659, 0.274802185088281, -0.2954823905854335, -0.7062971971555282, -0.4016499574985377, -0.36895026825387117, 0.21251612116830798, 0.5614784101294745, 0.7422029618853927, 0.06252219839021428], [-0.24218169142016172, -0.6889366237343628, -0.6889366237343628, -0.5110594535455496, -0.04090183503248514, 0.42322856485990834, 0.5551578098737696, 0.22514276616786588, 0.04819145703205732, -0.4202533715178333, 0.8325284662252332, 0.20566440100802263, -0.16223318786791596, 0.06699009404700294]], "inverted": true, "swapped": false, "error_lsq": 0.05475355645494075, "error_max": 0.37351719944664674, "target": "1016.xyz", "model": "8.xyz", "model_rescale": 4.019505241142653, "target_rescale": 4.094128677429827},
{"mapping": [6, 7, 10, 5, 4, 12, 11, 3, 1, 9, 8, 0, 13], "R": [[-0.09518904503066078, 0.9732133230853153, -0.20927224726511], [0.9783415038683387, 0.13028008704052568, 0.16085708168853155], [0.1838122616007667, -0.18942789311490418, -0.9645362231638894]], "T": [0.029026239587096277, -0.06113947375583041, 0.03746826966286525], "aligned_model": [[-0.2573878440018273, -0.6903212332873053, 0.06715340423505853, 0.27558460696583015, 0.2819601411344862, 0.722090313543335, 0.32177552261137693, -0.2985735421805466, 0.2564959791783365, -0.29718160324448983, -0.43416075881291194, 0.23809198169410942, 0.1341738039057244], [-0.32843940186321124, -0.06753756789374768, 0.1768151739725436, -0.4397418784413354, -0.7843538890993246, -0.06097906049330729, 0.4949535805558214, -0.652752167041758, -0.30370014858777716, 0.031111052390919006, 0.6319869211927461, 0.39772154427000117, -0.03170593084751099], [-0.34431500557187966, -0.0006140348653251165, -0.7107988391452041, -0.6089802776313009, -0.049136800709598374, -0.0637742062122753, -0.20034181220555658, 0.31115425303841654, 0.7273415392949403, 0.5012503540490992, 0.17533525006998496, 0.42505883194752536, 0.014524241985052512]], "inverted": false, "swapped": true, "error_lsq": 0.0461916499255883, "error_max": 0.22799119303369136, "target": "1016.xyz", "model": "9.xyz", "model_rescale": 3.877068213659057, "target_rescale": 4.094128677429827},
{"mapping": [3, 12, 5, 10, 11, 8, 9, 14, 13, 6, 2, 4, 1, 15], "R": [[-0.06804945968340201, 0.8379453398923127, -0.5414950400415074], [0.21087703171941885, 0.5425711369864213, 0.8131097335553605], [0.9751410916016227, -0.058857188702983676, -0.21362509873134558]], "T": [0.017571195728672096, 0.06461955387355875, -0.018866763301168064], "aligned_model": [[0.521832902391457, -0.2012711755947832, 0.15085976797762451, -0.36096561084688, -0.6862519939296593, -0.5533920244442189, -0.33367805983864124, 0.011833946417974573, 0.5877495906329563, 0.1936227223342548, 0.20533896676659533, 0.5382036521698882, -0.04255456501424988, -0.04255739480288376], [0.18933633149380236, 0.10403359138685314, 0.6624512875598108, -0.5234810334243316, -0.009202298037125661, 0.36616336081931977, -0.2201764985778937, -0.6425937605846583, -0.4284484002056017, -0.338684688283332, -0.02545801875026682, 0.4431041160734509, 0.9301777631280411, 0.11459592842269133], [-0.38345858891137447, -0.7321337300632337, -0.5044867968130237, -0.13743473851934188, -0.22824328572752248, 0.4035018784213896, 0.46192474335335965, 0.3117961442980292, 0.15265316734316373, -0.45090394151960295, 0.6112004180526573, 0.19037463131593907, -0.02889120795876262, -0.06349792091048773]], "inverted": true, "swapped": false, "error_lsq": 0.04512057967290387, "error_max": 0.2968696276319049, "target": "1016.xyz", "model": "10.xyz", "model_rescale": 4.260839863003843, "target_rescale": 4.094128677429827},
{"mapping": [8, 0, 12, 11, 5, 10, 7, 9, 1, 4, 3, 13], "R": [[0.30370900023246705, -0.6812349349626057, -0.6660929413860275], [-0.42588299121424855, -0.7224512774528571, 0.5446905814323756], [-0.8522819492234948, 0.11825022238131058, -0.5095413270133945]], "T": [0.001126753761530369, 0.03643042429459589, -0.03853504655119731], "aligned_model": [[0.4412694409472253, 0.2527394743893411, -0.4655382990237654, -0.30107231485016445, -0.7082581119343258, -0.6149216132604065, 0.36641285143159574, 0.5744020858403722, 0.4216544117212574, -0.2834855396683913, 0.34866660244897296, -0.07297033894758091], [0.03845549491485457, -0.5010208922828572, -0.45457489737836665, -0.315210731849051, 0.3069410153287109, 0.2554233029573519, 0.6155229813289225, 0.034214353511158146, -0.3596037447864674, 0.1864799355793103, 0.4134182561403168, -0.04696656793094886], [-0.7598144744803007, -0.2672826880385601, 0.13958114547044181, -0.5248677341626109, 0.1750619246747474, -0.47500530873204605, -0.26252134410974, -0.07549476458319836, 0.46427378130354935, 0.6621760736107526, 0.48043262255936536, -0.04036115611689575]], "inverted": false, "swapped": true, "error_lsq": 0.04991345928133011, "error_max": 0.31821277244601437, "target": "1016.xyz", "model": "11.xyz", "model_rescale": 3.890672605050136, "target_rescale": 4.094128677429827},
{"mapping": [0, 2, 1, 10, 11, 9, 12, 7, 3, 4, 5, 8, 6, 13], "R": [[-0.5091522809653103, 0.814716629973258, 0.27749012168514947], [0.6106738544131463, 0.11477206319876798, 0.7835207827781528], [0.606499297875944, 0.5683873559062652, -0.555962602449006]], "T": [-0.02189827317025942, 0.17245547768175035, -0.032541917813813256], "aligned_model": [[0.47127633202212676, -0.3141530645967117, 0.20847023950985746, -0.658898978285834, -0.4929497841075888, -0.5876701959251845, -0.3218442920727728, 0.28013675836109797, 0.7963493182556809, 0.1214845888625655, -0.08343942309387736, 0.5731569915757494, -0.01283975586327634, 0.009691989577602096], [0.22100436746751584, -0.0814491351700391, 0.5934253590407007, -0.414158095306741, 0.2915240838376953, 0.37961838555771465, -0.42505249615564017, -0.44984770877175434, -0.25134398090372195, -0.3776781400899492, 0.029674282924730233, 0.3497310875819747, 0.7456167823642903, 0.010752888643983577], [-0.3536592699471403, -0.6289341697148182, -0.6449249660315283, -0.25537621075477535, -0.2907962594365469, 0.4602116484279451, 0.29631786034451074, 0.46593351200602007, -0.09521610732068299, -0.4422386364946429, 0.7295593872138689, 0.33307213534975666, 0.026300295098049445, 0.002151553621173266]], "inverted": true, "swapped": false, "error_lsq": 0.05699563715034466, "error_max": 0.4339129253240872, "target": "1016.xyz", "model": "12.xyz", "model_rescale": 4.124412569039231, "target_rescale": 4.094128677429827},
{"mapping": [6, 8, 11, 3, 10, 5, 9, 4, 0, 1, 12, 2, 13], "R": [[-0.17829709802560434, -0.9178731523495881, -0.35456878180612295], [-0.8970147773436737, 0.00350862385756312, 0.44198662738334715], [-0.4044436104857235, 0.39685836989341183, -0.8239713588364684]], "T": [0.029129244797157866, 0.08874246350869351, 0.07551637118050543], "aligned_model": [[-0.11000666709863977, -0.16567885073155333, 0.5740484079382988, -0.5735445224752744, 0.504727612557706, 0.4062823290640918, -0.4241911099662534, 0.019963941133893187, 0.17066529058179727, -0.20683773404145378, 0.6340107244181691, 0.4029726587138349, 0.13488622741514095], [-0.3537302659166919, 0.7273115978742173, 0.39730345090996955, -0.22734381752919464, -0.16218602691816236, -0.5981189860730018, 0.4363877495989728, -0.5445156498725564, 0.6887710534559512, 0.3023787794576412, 0.03151129847086946, 0.5504404418281897, 0.099275751222273], [0.36551607778214545, 0.5934478007152829, 0.3191318171166477, -0.18736194011346546, 0.648945395959698, 0.16497828354170102, 0.015027123266422318, -0.3642736314030188, -0.08075775127152258, -0.6210339866279053, -0.27295294543499116, -0.6705245188167096, 0.041556356253554576]], "inverted": true, "swapped": true, "error_lsq": 0.04617302086314194, "error_max": 0.29997351683664025, "target": "1016.xyz", "model": "13.xyz", "model_rescale": 3.9028299243045295, "target_rescale": 4.094128677429827},
{"mapping": [6, 7, 9, 4, 10, 13, 5, 0, 2, 3, 12, 1, 11, 15], "R": [[-0.4177523147463612, 0.2850040683522818, -0.8627025469689454], [-0.07437785737869175, 0.9356116331291364, 0.34510694905374706], [0.9055114233712419, 0.20833519380094767, -0.36965593349506704]], "T": [0.023084407319142068, 0.010249252521782153, 0.04924021612158], "aligned_model": [[0.47123869838620136, -0.3015595133382438, 0.013516520574448736, -0.39252559782499064, -0.6573801036975496, -0.5714839830502383, -0.34121608544199467, 0.12008466572121196, 0.6446826756102672, 0.22289956837262004, 0.019547086707647092, 0.5687448382696147, 0.18331738226468672, 0.0089045716657538], [0.16711328249906438, 0.11727475843943724, 0.5668233724316163, -0.467755305604743, 0.14059037191992568, 0.292230896006459, -0.17132595483489385, -0.8123455492052137, -0.3001775515157282, -0.38645440948294035, 0.3213724255440448, 0.3596631330139212, 0.7242338127583983, 0.07057439905141175], [-0.41869104992793815, -0.7896756447968087, -0.4901846267003803, -0.19188887776189997, -0.22522625521841447, 0.49603562087243336, 0.35975177581384943, 0.08308030014016446, 0.2929625206985639, -0.38824069912315007, 0.6716790866400727, 0.09785492538920457, 0.15126045833729174, -0.04631676200179932]], "inverted": false, "swapped": false, "error_lsq": 0.047594794026716514, "error_max": 0.3347668787149804, "target": "1016.xyz", "model": "14.xyz", "model_rescale": 3.942246331269136, "target_rescale": 4.094128677429827},
{"mapping": [11, 8, 13, 7, 0, 1, 5, 9, 10, 6, 3, 4, 12, 14], "R": [[0.7818342352260362, 0.02399956532880887, 0.6230242768083337], [-0.2995101367007557, -0.8619537532655817, 0.40905917083579896], [0.5468353560643401, -0.5064185503073569, -0.6667168403922172]], "T": [0.03686415996177277, 0.019428261324738894, 0.0007752994701802594], "aligned_model": [[0.5041560377420659, -0.23425294636307187, 0.33186772308113927, -0.43468892641496254, -0.6743449560749835, -0.48356878749728444, -0.25007122953723065, 0.08298515637405132, 0.6491770608898203, 0.13281395651952635, 0.08524347467234822, 0.5487360033519308, -0.21096349874568382, -0.058318343778230815], [0.08387212510274993, 0.04757140040458051, 0.7232041040459899, -0.5925724525605608, 0.010279775472554768, 0.428092880264556, -0.13529931653501137, -0.774449445186555, -0.3201423664908365, -0.35006033063562325, 0.413945053300273, 0.24944438292730847, 0.7966487292433851, 0.041283141667948164], [-0.5392212875916998, -0.7234790789553607, -0.2795857310853998, -0.3653835746015783, -0.18581350335862248, 0.4685190457741481, 0.545299878430418, 0.12644688307868046, 0.1377614890119612, -0.40795591574355355, 0.5995773312453864, 0.17031519645575113, 0.05162855886079523, 0.004291480840263619]], "inverted": false, "swapped": false, "error_lsq": 0.05391455993011135, "error_max": 0.4427558060099992, "target": "1016.xyz", "model": "15.xyz", "model_rescale": 4.355366556412066, "target_rescale": 4.094128677429827},
{"mapping": [3, 6, 4, 0, 1, 9, 2, 8, 5, 7, 11, 13], "R": [[0.274416200716022, -0.1718030567536286, -0.9461392384182643], [-0.8805944125154535, -0.4401837749282532, -0.17547571038886314], [-0.386327878143873, 0.881318304575607, -0.2720823709629685]], "T": [0.05700409659955357, 0.02887037272778258, -0.041000483491101136], "aligned_model": [[-0.15838643459313434, 0.4635350120553651, 0.2099499957538527, -0.37293355069186035, -0.6081020985623442, -0.4118598319924572, -0.5318628218998541, -0.1431678779034638, 0.7349856587704763, 0.09888377729081735, 0.2401758517683547, 0.07659087463602868], [-0.6571372412143504, -0.2778050135173331, -0.5703565492245037, 0.49263381677972407, -0.19345278288708376, -0.026280134226910234, 0.3468036689368742, 0.5302220205282578, -0.19512071853716723, -0.19518181551364355, 0.6672523288020289, 0.09119884781508782], [0.08241623358333543, 0.15880835100660473, -0.5014890667006172, -0.10856859550559224, -0.34874949679934364, 0.28632286756215736, -0.7204525438453668, 0.6090390576285969, -0.3759564896278221, 0.642372543154661, -0.14303895207210734, -0.13144544717508505]], "inverted": true, "swapped": true, "error_lsq": 0.057931439694969944, "error_max": 0.3683923878535249, "target": "1016.xyz", "model": "16.xyz", "model_rescale": 3.795458400668931, "target_rescale": 4.094128677429827},
{"mapping": [7, 10, 11, 7, 0, 5, 6, 9, 3, 4, 12, 1, 13], "R": [[-0.9105311774826282, -0.30927906212106904, 0.27437098346146316], [0.2766487289279669, -0.9489404230186708, -0.15158348968039598], [0.3072433166313612, -0.06211710951628678, 0.949601500151881]], "T": [0.01244212374922965, 0.07426528604856697, -0.020735463470669818], "aligned_model": [[-0.20292912133589627, -0.04555784058143836, 0.4964276714939952, -0.20292912133589627, 0.6209837341509563, -0.4977643660195789, -0.44504085477833494, 0.17880788494268246, -0.49912168435239584, -0.5926344170985276, 0.16311162200786727, 0.11672451328052319, 0.05855378053026631], [-0.5710568108955661, 0.36204526242705615, 0.36445614099463497, -0.5710568108955661, 0.06388825755513836, 0.5906641235216075, -0.012056164072593634, -0.4113111152739925, -0.2570852170547321, 0.4278254561940513, 0.7487204111127271, 0.05290722055013998, 0.17584051130758055], [-0.2576459998418341, -0.7499805872232059, -0.38548540532539666, -0.2576459998418341, 0.1638120589941877, -0.3290342018902973, -0.30796129744071954, 0.23724424518484502, 0.3801891275701299, 0.30081184740168765, 0.09326831643043848, 0.7376656888420716, -0.022962762023776874]], "inverted": true, "swapped": true, "error_lsq": 0.05076157672724154, "error_max": 0.4649595768626029, "target": "1016.xyz", "model": "17.xyz", "model_rescale": 3.7474275329858107, "target_rescale": 4.094128677429827},
{"mapping": [9, 4, 6, 8, 0, 1, 3, 10, 12, 5, 11, 7, 2, 13], "R": [[-0.1018680446425701, 0.550842112872874, 0.8283694032051448], [0.894483048944503, 0.41512439785970673, -0.16604761200499785], [-0.4353423671452684, 0.724047443878759, -0.535006843302953]], "T": [0.008163893663851719, 0.040727501652807974, 0.0299902646005373], "aligned_model": [[0.47215864473012226, -0.16749342836925618, 0.04653661336583721, -0.4863164236564351, -0.6928963516534554, -0.36284824893410156, -0.45371270221440263, 0.08270955375917012, 0.7274453481369828, 0.3071648439066943, 0.14792030359016115, 0.5110559598638893, -0.10288941817685303, -0.040063970128918214], [0.24580553215714607, -0.08900768992308766, 0.4878268412821491, -0.4176219613047536, 0.3716958794241323, 0.3876785971911689, -0.2585743182603012, -0.626461017598144, -0.16236139355038293, -0.48601643326048166, -0.12227248169382798, 0.4312959859655751, 0.7352225559166345, 0.12460758467493238], [-0.40633076198824264, -0.7709710998256932, -0.5974079553092836, -0.21952814515722685, -0.28324583825468025, 0.4995574527209212, 0.42707666840435804, 0.1904327614775559, 0.055010520587725625, -0.3654325413379104, 0.7196538152682237, 0.43245158056889504, -0.06580381320168699, -0.013061871591766642]], "inverted": false, "swapped": false, "error_lsq": 0.04789662883088897, "error_max": 0.3384102140152918, "target": "1016.xyz", "model": "18.xyz", "model_rescale": 3.922800546911778, "target_rescale": 4.094128677429827},
{"mapping": [8, 10, 6, 9, 2, 0, 3, 7, 13, 11, 5, 8, 1, 14], "R": [[0.42358677119770327, 0.5238806947568418, -0.7390015324256058], [0.5780510866626678, 0.47179046319127926, 0.665785776394981], [0.6974461903791676, -0.7091986861965041, -0.10298560590072281]], "T": [0.07171585333721224, 0.059997799130499754, -0.012757026883509368], "aligned_model": [[0.5827341411681884, -0.19583420217569358, 0.21835109834020722, -0.550257969458946, -0.6095391642705075, -0.512274897850642, -0.2961245089281537, -0.00356479907863895, 0.6293742862224299, 0.16469820739526497, 0.14599310687557643, 0.5827341411681884, -0.2145324814000607, 0.04701376621222096], [0.38736197870193856, -0.002568299582431946, 0.5415596208250294, -0.40523818824409763, 0.10250827889202486, 0.2771295954976944, -0.2319238067752582, -0.7186433258011115, -0.3353771993709389, -0.49375633483529546, 0.40299716643520744, 0.38736197870193856, 0.742163076734755, -0.03175686015869529], [0.06524077729991234, -0.7711125492806175, -0.4843119958131873, -0.2565750445173599, -0.2300435264239477, 0.54424496701802, 0.42155218033986186, 0.14929802856288726, -0.07990931360686693, -0.4508828692147055, 0.6650099270328668, 0.06524077729991234, -0.03912839065358026, 0.0037778043179938596]], "inverted": true, "swapped": false, "error_lsq": 0.05200527574212972, "error_max": 0.46165392717107956, "target": "1016.xyz", "model": "19.xyz", "model_rescale": 3.9282355846067225, "target_rescale": 4.094128677429827},
{"mapping": [4, 6, 8, 5, 7, 12, 2, 1, 0, 3, 10, 11, 9, 13], "R": [[0.9573665589016508, 0.17030189024535314, -0.2333378196428339], [-0.05494403884440528, -0.6856507839383136, -0.7258540866319072], [-0.283602581956294, 0.7077289514098146, -0.6470620579543263]], "T": [-0.05760787054786244, 0.09722178507201157, -0.11265204896294712], "aligned_model": [[0.49820833196669134, -0.308883172710816, 0.13481643515095426, -0.3540704078751955, -0.672200711501429, -0.4555497481825453, -0.4549055546536702, 0.12149912024264271, 0.6341984783125209, 0.30618684517960143, 0.007759964012797493, 0.5320833565891874, -0.0028508730625471795, 0.00247866075124286], [0.15753878504508834, -0.0388030288498773, 0.674721403417254, -0.4995360629170717, 0.1709924519228939, 0.6486289050911234, -0.41710881006484196, -0.5773469355665719, -0.22345215499929638, -0.47360143157207074, 0.08178219850659252, 0.3657325836520619, 0.7614734048465654, -0.009203627491089897], [-0.4072671427316822, -0.7001910064606572, -0.568819404782731, -0.32165010415358675, -0.04242879825050257, 0.39762904541972466, 0.3936431213381425, 0.16007221342052186, 0.1297715225651685, -0.4415431088755472, 0.7462559870705996, 0.19317368410975966, 0.07227031877838191, -0.008515555086402338]], "inverted": true, "swapped": false, "error_lsq": 0.047158944638617806, "error_max": 0.35876747029820755, "target": "1016.xyz", "model": "20.xyz", "model_rescale": 4.067790424073018, "target_rescale": 4.094128677429827},
{"mapping": [8, 0, 7, 3, 12, 11, 11, 6, 4, 2, 13, 5, 9, 14], "R": [[0.8060499061670549, -0.5129381457858876, 0.29525922062793875], [-0.49510261476231177, -0.8577292084098137, -0.1384702346939456], [0.32427912301534956, -0.034569692483589855, -0.9453295651453973]], "T": [0.059890302152127955, 0.09389068998150782, -0.007555418151246954], "aligned_model": [[0.5330891150370809, -0.018967737918549943, 0.18553166682051364, -0.552745397469661, -0.6750395884468524, -0.4357434657528255, -0.4357434657528255, 0.13138972995506246, 0.7223167482286506, 0.13502787844415254, 0.08669066248561388, 0.5810888196223118, -0.2814904854093433, 0.013366244376106617], [0.2711661647310739, 0.020448556509210722, 0.6330163267825865, -0.46703021928888944, 0.2725909754852953, -0.042015418753107686, -0.042015418753107686, -0.568584083900748, -0.3467604112305026, -0.5276229702971198, 0.31269118196659296, 0.1729504254908572, 0.786307709390405, 0.14667486288821338], [-0.2717980836343985, -0.7095851127284831, -0.5077771214357839, -0.1913766621439138, -0.12985885539944053, 0.3847568958284465, 0.3847568958284465, 0.3142704796395906, -0.10497361601668224, -0.4097954537704713, 0.6569230167661534, 0.25809055766235356, -0.09737595358551827, 0.026143785350890722]], "inverted": true, "swapped": false, "error_lsq": 0.052038667825796824, "error_max": 0.3846577777102004, "target": "1016.xyz", "model": "21.xyz", "model_rescale": 4.186013935880536, "target_rescale": 4.094128677429827},
{"mapping": [9, 7, 3, 2, 11, 1, 0, 8, 4, 6, 10, 12, 13], "R": [[-0.543343476048519, 0.417638151984796, -0.7282556151807117], [-0.8266008693622284, -0.11460037547357044, 0.5509970568986051], [0.14665902565174924, 0.9013573808140924, 0.40748742587574205]], "T": [-0.03535426114836575, 0.036115410888604614, 0.009331452244897915], "aligned_model": [[-0.046590420795926, -0.49070135620744254, 0.2594823124973062, 0.6333796076358871, -0.31158097712492044, 0.6087990876275854, 0.02247181885560663, -0.6579314947233957, 0.5035620163124773, -0.2512143109544474, -0.5451692266096994, 0.3347233277940129, -0.0006563488838187345], [-0.29023765001443264, 0.17259196845591987, 0.33838972517618676, -0.5630847704652677, -0.2586274365605977, -0.27578482858966785, -0.5885838401679103, -0.49593101070349155, 0.5875072375954987, 0.5276349536815409, 0.35068985212268194, 0.000307023895495008, 0.014085435120137886], [-0.46330262021753216, -0.5319495805960824, -0.5855911033287923, 0.33066474692093184, 0.5462864951130147, -0.263226790029317, 0.11371225775721801, -0.19875000452841482, 0.016499900850976763, -0.09580524945151987, 0.5183612972417716, 0.6029207149898612, 0.11305949661323017]], "inverted": false, "swapped": true, "error_lsq": 0.04761015921319223, "error_max": 0.33060886812957563, "target": "1016.xyz", "model": "22.xyz", "model_rescale": 4.166573947596378, "target_rescale": 4.094128677429827},
{"mapping": [3, 8, 4, 10, 7, 5, 13, 14, 11, 9, 6, 2, 1, 15], "R": [[0.8319424611942529, -0.38030896269272657, -0.4040257840257615], [-0.457960348530748, -0.059516468776424664, -0.8869780770221891], [0.31327952444365836, 0.9229425132910323, -0.223680702619578]], "T": [0.07498989325783306, 0.01302874120265924, -0.043416707164135995], "aligned_model": [[0.5510595088257663, -0.10536803345735957, 0.17084749344002195, -0.5279426568195007, -0.6254060532973218, -0.5731302202984536, -0.5821366226158524, -0.07721859444335205, 0.8118956545798921, 0.25414396556475505, 0.20287062363135386, 0.499089444542499, -0.05755361600236025, 0.047619830569346475], [0.14717269348823184, 0.09128180417217421, 0.5935222066941273, -0.4263694860875495, 0.09712251410870004, 0.27767853256466324, -0.31202766670481014, -0.7127857622481715, -0.265984108439848, -0.4317668569754196, 0.32429271486737615, 0.5094146753820773, 0.6634510095413209, 0.06681541065788718], [-0.38516189471513945, -0.8279080179050978, -0.4835214337618074, -0.10931641137852455, -0.16073423806958742, 0.4048720251693672, 0.38006435818560086, 0.23227088064566698, -0.008559052464950291, -0.40467819210177114, 0.6391291810107538, 0.11952442987026334, 0.21635656295679923, -0.00993742508038388]], "inverted": false, "swapped": false, "error_lsq": 0.045731688942918076, "error_max": 0.2866371915661696, "target": "1016.xyz", "model": "23.xyz", "model_rescale": 4.274766983524099, "target_rescale": 4.094128677429827},
{"mapping": [0, 1, 2, 12, 4, 5, 10, 6, 7, 3, 13], "R": [[-0.5277433833888794, 0.841224492798077, 0.11759368182804925], [0.5028217913692329, 0.19782083976856085, 0.8414494408326013], [0.6845853981889287, 0.503198040606161, -0.527384645696693]], "T": [0.08511332335422267, 0.007456644650818314, 0.008304373538521717], "aligned_model": [[0.22986647181401054, 0.05409268589423623, -0.27604498989651016, -0.5374278602316935, -0.4409324646051424, -0.50892720572978, -0.1314931980545052, 0.08210203340627348, 0.6759074622735375, 0.23348618677275804, -0.0007344176851096784], [0.00763892141042595, 0.695009673930292, 0.3687109493883107, -0.04746861914014277, 0.42217687856734365, -0.22668386100414878, -0.7129238846782177, -0.1158630645939787, -0.03979169797554745, 0.590601976550215, -0.025820741211068435], [-0.6109975359892617, -0.32757037028375635, -0.7970284340258662, -0.30794484053085985, 0.3901394739120591, 0.4712521104096348, 0.23658768223725796, 0.5412433283334315, 0.4177941338442103, 0.4208067718981019, -0.05471588578337394]], "inverted": true, "swapped": true, "error_lsq": 0.06266243697626736, "error_max": 0.4169939834934902, "target": "1016.xyz", "model": "24.xyz", "model_rescale": 3.7841303162186577, "target_rescale": 4.094128677429827},
{"mapping": [12, 4, 2, 6, 1, 0, 7, 11, 13, 3, 10, 9, 8, 15], "R": [[0.4602989264288032, -0.4705484216798908, -0.7528008243772418], [0.8705595491695548, 0.07311513743945364, 0.4866007069732958], [-0.17392805891572727, -0.8793397293036256, 0.4432952411091661]], "T": [0.025316243803228212, 0.09089489469742784, 0.028276220357110495], "aligned_model": [[0.707496562910228, -0.26680492126519695, 0.17792959710051376, -0.3547434848469979, -0.6268677590095812, -0.5992568741042859, -0.34710798005740384, 0.11930160779742092, 0.6326452982542312, 0.18686284059128444, 0.17624902293837763, 0.42792884082092475, -0.24591949655025663, 0.0010574696401759627], [0.15812590454254133, 0.05299046418130489, 0.6276313412030505, -0.462075516683197, 0.3788382375297886, 0.27682016390182584, -0.20103357340412054, -0.6260271017674787, -0.4009627743328225, -0.4708707908403411, 0.13738757200592755, 0.5058524060877138, 0.6111966712397263, 0.033944677356840466], [-0.29619551950079115, -0.6572402432852075, -0.4790857602002589, -0.23968791724135255, -0.183339118398828, 0.36984636543737354, 0.47423981426803524, 0.28637924533422626, -0.006758766539131964, -0.526091797525982, 0.7900588878000149, 0.11689940575218807, -0.043661378439958126, -0.002962445099138889]], "inverted": true, "swapped": false, "error_lsq": 0.04544701354162921, "error_max": 0.2615307762836577, "target": "1016.xyz", "model": "25.xyz", "model_rescale": 4.19342608120988, "target_rescale": 4.094128677429827},
{"mapping": [3, 6, 4, 0, 1, 9, 2, 8, 5, 7, 11, 13], "R": [[0.274416200716022, -0.1718030567536286, -0.9461392384182643], [-0.8805944125154535, -0.4401837749282532, -0.17547571038886314], [-0.386327878143873, 0.881318304575607, -0.2720823709629685]], "T": [0.05700409659955357, 0.02887037272778258, -0.041000483491101136], "aligned_model": [[-0.15838643459313434, 0.4635350120553651, 0.2099499957538527, -0.37293355069186035, -0.6081020985623442, -0.4118598319924572, -0.5318628218998541, -0.1431678779034638, 0.7349856587704763, 0.09888377729081735, 0.2401758517683547, 0.07659087463602868], [-0.6571372412143504, -0.2778050135173331, -0.5703565492245037, 0.49263381677972407, -0.19345278288708376, -0.026280134226910234, 0.3468036689368742, 0.5302220205282578, -0.19512071853716723, -0.19518181551364355, 0.6672523288020289, 0.09119884781508782], [0.08241623358333543, 0.15880835100660473, -0.5014890667006172, -0.10856859550559224, -0.34874949679934364, 0.28632286756215736, -0.7204525438453668, 0.6090390576285969, -0.3759564896278221, 0.642372543154661, -0.14303895207210734, -0.13144544717508505]], "inverted": true, "swapped": true, "error_lsq": 0.057931439694969944, "error_max": 0.3683923878535249, "target": "1016.xyz", "model": "26.xyz", "model_rescale": 3.795458400668931, "target_rescale": 4.094128677429827},
{"mapping": [4, 10, 5, 3, 7, 0, 12, 1, 11, 6, 9, 8, 13], "R": [[-0.3263638753757807, 0.024276363312146054, 0.944932420352926], [0.5340056964562454, -0.8201249697253197, 0.20550656968896164], [0.7799516247832184, 0.5716692157335224, 0.2546954471140727]], "T": [-0.12575252323759573, -0.06528836785778504, -0.04799461777203344], "aligned_model": [[0.04129495294343227, 0.5600528986570223, 0.5320573735278016, -0.24890421724870987, 0.015373140476905162, -0.609267270819517, -0.12611202406186586, -0.7918041531343918, -0.0268005334185846, 0.33171778550418934, -0.5468838910216249, -0.30781575378860615, -0.1232319247947942], [-0.6201637400381017, -0.033912762062081894, -0.49082153289505487, -0.023365906624358425, 0.5713896912522112, -0.024474431433441496, -0.6890239715444504, -0.3388703062223102, -0.09007661153606718, 0.0491572273151885, 0.2927194725099492, 0.6664670756825234, -0.14714270114709166], [-0.5566433662971231, 0.33497568896794333, -0.13873710411504714, -0.7658437529486409, -0.35406091834534587, 0.3631453508796874, 0.27066137654684064, -0.30882299212961023, 0.6161509306504203, -0.3252379593664937, -0.2045011524612032, 0.33326730017710077, 0.027783260540897706]], "inverted": false, "swapped": true, "error_lsq": 0.06137507469736158, "error_max": 0.3839085209738018, "target": "1016.xyz", "model": "27.xyz", "model_rescale": 3.6321398670334006, "target_rescale": 4.094128677429827},
