[{"mapping": [5, 1, 8, 12, 0, 3, 10, 11, 7, 2, 9, 6, 13], "R": [[0.9422698312444067, -0.33484544688436146, -0.0024681627681756857], [0.048954265197043295, 0.14504362924918943, -0.9882134514027027], [0.331256766037549, 0.9310428949919743, 0.15306234886250947]], "T": [-0.07556578850442688, -0.07358547409729964, 0.03162305557086293], "aligned_model": [[0.09862568663491914, -0.45940471528409177, 0.4593356488176976, -0.6399620084257539, -0.45154532097954914, 0.21095258972043016, -0.5786440997087448, -0.08352636137723797, 0.15785714876381204, 0.25339054667824246, -0.33445382976449045, 0.676377703555417, -0.04822467940700724], [-0.791739302511432, -0.36237432976960093, -0.015460571475243712, 0.01621602062559281, 0.3081556860064005, -0.21198881978585882, 0.2311632133909884, -0.2573407453906282, 0.4789464784618733, 0.37663299865446753, 0.6003624202173826, -0.18513540248715277, 0.02351897459152169], [-0.13059183019644693, 0.35148675865561396, -0.5350171121445948, -0.060639647932000974, 0.58689372148353, 0.4462940560511755, -0.7865880265537946, -0.6416023675934237, -0.4283950486747035, 0.5611032740360645, -0.09293371704933745, 0.11337807017375845, -0.09629509034113148]], "inverted": true, "swapped": false, "error_lsq": 0.05222005885469194, "error_max": 0.33174625983728645, "target": "1017.xyz", "model": "0.xyz", "model_rescale": 3.8414455957264533, "target_rescale": 3.8897840605571528},
{"mapping": [2, 4, 6, 0, 1, 3, 13, 9, 8, 10, 12, 5, 14], "R": [[-0.839337439201822, 0.43592440273123323, 0.3247808157166081], [-0.2713564455579228, -0.8536710880298028, 0.44453498503063027], [0.4710396401666189, 0.28498348823296793, 0.8348090014046758]], "T": [-0.12098471890171639, -0.018826377931746154, -0.10889516034606972], "aligned_model": [[0.22719581420111354, -0.2554724355658428, 0.6012854906087595, -0.8155971417500922, -0.4454897493347686, -0.01296600020923061, -0.6014528148278249, -0.15534099701013518, 0.11230597429635078, 0.3928292401893084, -0.09029722294317866, 0.4255207396774021, -0.12174258810821793], [-0.6690858876012483, -0.4528896721644938, -0.17339958392756452, -0.19182565334109794, 0.19513707258814947, -0.162983326093563, 0.34500190912987283, -0.1777310143830686, 0.5363787188333672, 0.37737775825068365, 0.7427066678934401, -0.18082308798113084, 0.023092719324964543], [-0.13208166657357698, 0.1899682624986731, -0.3627849833510698, 0.005569691201097904, 0.664030462358991, 0.6532909145390339, -0.568923840941397, -0.7715252552423485, -0.6203882204102092, 0.1088174904703936, -0.07127546370877097, 0.22187913529809983, -0.02948348622420821]], "inverted": true, "swapped": false, "error_lsq": 0.04485766318590509, "error_max": 0.28908897988714444, "target": "1017.xyz", "model": "1.xyz", "model_rescale": 4.316132596720782, "target_rescale": 3.8897840605571528},
{"mapping": [1, 5, 0, 6, 7, 3, 8, 10, 11, 4, 9, 12], "R": [[0.6745825329587269, 0.008411884842474612, 0.7381515064134092], [0.20677267976986485, 0.9577541578193463, -0.19988004422789116], [-0.7086490422824103, 0.28746515158041636, 0.6443448777627327]], "T": [0.05399783303811558, -0.009525210912395334, -0.11965461569538949], "aligned_model": [[-0.1644653305475845, 0.49998663777700614, 0.1637482773944694, -0.7936075138302561, -0.5720178448349815, -0.39147136837197927, -0.2673732953039114, -0.1440046900817621, 0.6807293044717297, 0.17489213008818535, 0.4597954800431733, -0.04840323217230807], [-0.6158448460451142, -0.3272758330031341, -0.5851694577260131, 0.292564707546233, -0.055192370920743805, -0.18408983559502073, 0.5482838282953801, 0.5869624742023342, -0.0665100635815358, -0.019698304993093704, 0.41740031947614775, 0.021345810085541192], [0.13733721480757644, 0.14673397728589854, -0.5453068321771919, -0.0670609548845626, -0.4005483114680248, 0.4122880208257975, -0.5233281539420833, 0.23913550196572786, -0.546611214175296, 0.7508151704840278, -0.07616376239512918, -0.07803219511731929]], "inverted": false, "swapped": true, "error_lsq": 0.05092994595888176, "error_max": 0.3379898618979587, "target": "1017.xyz", "model": "2.xyz", "model_rescale": 3.795458400668931, "target_rescale": 3.8897840605571528},
{"mapping": [4, 10, 3, 2, 5, 0, 7, 9, 8, 11, 1, 12], "R": [[0.9329828971491319, 0.24341585800766008, 0.2651256941482807], [0.1278877648075456, -0.912754608190403, 0.3879738971112804], [0.3364336981334404, -0.32806667812744894, -0.8827143487350131]], "T": [0.06751315495657187, 0.004595794076281599, 0.05596845709172549], "aligned_model": [[-0.20219059189007546, -0.024555067566024963, -0.589670334969423, 0.43344126752841416, 0.20588624827550261, 0.12246724478169521, -0.34924200241664516, 0.544143407409432, 0.17947721627107366, 0.7441114750672827, -0.4474002936842686, -0.02316474306339819], [-0.03154649818543379, -0.6565638298261943, -0.05126815304565494, 0.0329767859653168, 0.43394119209848453, 0.6211474597518168, -0.15269065763385573, -0.24681203106594343, -0.5872493224201362, 0.3300526545390601, 0.4594126435969562, -0.06563119848470664], [-0.7797289733222936, -0.22353878844819114, -0.22128172978881133, 0.7251224300158533, -0.3531156057908718, 0.43204738482647786, 0.5798563245616747, -0.18578824092746976, 0.5191812147826579, 0.17689857288458558, -0.04098631864158074, 0.06010516048706941]], "inverted": false, "swapped": true, "error_lsq": 0.05591712633646473, "error_max": 0.3462427148784348, "target": "1017.xyz", "model": "3.xyz", "model_rescale": 3.7530521520055578, "target_rescale": 3.8897840605571528},
{"mapping": [11, 8, 7, 6, 0, 10, 5, 9, 4, 3, 12], "R": [[0.6557930981202427, 0.5416584039492199, 0.5258722144105328], [0.6203820544588513, -0.7835858603335663, 0.03345603070777545], [0.4301877717500447, 0.3043014507301739, -0.8499053524482847]], "T": [-0.0849823493427339, -0.16011256397556195, 0.026743025448559762], "aligned_model": [[-0.5643427913383716, -0.11094559290527543, 0.4712742183088286, 0.4553709365458652, 0.15223869301661275, -0.2579571148443325, -0.2908505200671037, -0.6596626071717507, -0.20631617496163895, 0.3670537965765425, -0.01766324071417097], [-0.7442565587910359, 0.0713054459710652, -0.09621910529791723, 0.4337714572546587, -0.8438825143461134, 0.5322824181701852, -0.38328774063024007, -0.04081617310102875, 0.34070577831719107, 0.266812830271833, -0.06921247950425166], [-0.05881927743866312, -0.6965510133008198, -0.3724795235810033, -0.38286572908251, 0.054601603195887555, -0.09326458008418186, 0.5546118453932323, -0.03913235325282004, 0.7387090796516135, 0.38068739491048237, 0.007333330834098997]], "inverted": true, "swapped": true, "error_lsq": 0.0553865581654414, "error_max": 0.28959838724360637, "target": "1017.xyz", "model": "4.xyz", "model_rescale": 3.7855080009869324, "target_rescale": 3.8897840605571528},
{"mapping": [13, 12, 8, 1, 2, 14, 4, 6, 7, 9, 5, 15, 16], "R": [[-0.6825784062790454, -0.7252325045378922, -0.09013619496769998], [0.15557641313621223, -0.2647087042859417, 0.9516960026977779], [-0.7140607109743747, 0.6355840748767662, 0.29351351724548613]], "T": [-0.06772884890884091, 0.04519526687794445, -0.059172193947414777], "aligned_model": [[0.15529731670158314, -0.3642047198332855, 0.5350539192012125, -0.819002377878633, -0.36707924651015944, 0.05683234129312856, -0.5565028470645543, -0.1469958287560315, 0.056239965959624424, 0.2606694077114179, -0.1818409183690488, 0.6900142359126399, -0.057702939144250474], [-0.6304808674039479, -0.5089600070830418, -0.12983440959024894, -0.03821001660266968, 0.21187404422246323, -0.23568012565533675, 0.2657192652973927, -0.19194352687711813, 0.42409915475403087, 0.3314096163033324, 0.8271755091842574, -0.15209339768529334, 0.03788138166449051], [-0.19551268642998007, 0.20174781929604915, -0.3774918772669381, -0.01751187294332643, 0.5953453476185547, 0.5435640023255595, -0.5685541024535238, -0.6621307385168251, -0.6935483036555303, 0.5039884851494298, -0.23406810832328695, 0.19816164938831257, -0.006896574273786149]], "inverted": true, "swapped": false, "error_lsq": 0.04239034979340313, "error_max": 0.2867320614965542, "target": "1017.xyz", "model": "5.xyz", "model_rescale": 4.2253639853439635, "target_rescale": 3.8897840605571528},
{"mapping": [6, 3, 11, 4, 0, 7, 10, 5, 8, 9, 1, 12, 13], "R": [[-0.4677842399252915, -0.6587040856465112, -0.589310472018028], [0.06697993343618497, -0.6912619673390893, 0.7194932807381706], [-0.8813010798781546, 0.29709564127244525, 0.36748140979172395]], "T": [-0.09675151012391961, 0.04390834362107561, -0.10548155407104237], "aligned_model": [[0.0336428186748233, -0.4133771114528656, 0.5723547261496122, -0.7891869455759288, -0.167355555094128, 0.10058041003706622, -0.4970979850470624, -0.029801182377116958, 0.1900671826352147, 0.19176166552447746, -0.5063170513365675, 0.7021541738651297, -0.12664683677901067], [-0.5857054788878053, -0.4832554631890796, -0.2410504074323931, 0.048490838131259054, 0.24482910654386164, -0.4210715151945073, 0.27385720332748775, -0.16336647444569757, 0.5609208742330544, 0.531508871502977, 0.6494545953131616, -0.20096269323101495, -0.0026928361429929895], [-0.12285169068506413, 0.247868162316067, -0.38233737140400764, 0.040886067625069605, 0.6676345854493855, 0.5062741653205547, -0.7342571072897353, -0.6998686921053934, -0.5485368060124116, 0.12167984267574522, -0.04009358521497336, 0.31060935891553415, -0.07991388967606222]], "inverted": true, "swapped": false, "error_lsq": 0.053800419284449924, "error_max": 0.37039093635117176, "target": "1017.xyz", "model": "6.xyz", "model_rescale": 3.89814844738969, "target_rescale": 3.8897840605571528},
{"mapping": [5, 9, 1, 8, 11, 10, 3, 6, 0, 4, 7, 2, 12], "R": [[-0.6250414524010346, -0.3796890554955262, 0.6820259554572105], [-0.6333780355852785, 0.7573683012337981, -0.15882543978961625], [-0.4562405580596044, -0.5312527434499953, -0.7138732911086634]], "T": [-0.06494440196763968, 0.11871544315111149, -0.04250495896073473], "aligned_model": [[0.130217825589459, -0.41095744791700345, 0.5288166678255777, -0.7375538039993126, -0.549738964773522, 0.206660312676559, -0.45840671795635113, -0.3127243521656192, 0.2163721903002947, 0.247262347651167, -0.24057803460911686, 0.6125866249187404, 0.02882166168277059], [-0.6170981501527448, -0.665681541899034, -0.24895481165635264, 0.048350423484346663, 0.21321650364975225, -0.29007244918465663, 0.3937009305653934, -0.24968698361622982, 0.3070893943362137, 0.47779104547695406, 0.7492025191611985, 0.018743622180328323, 0.07435611818314157], [-0.19438209637465392, 0.20837792389837875, -0.5190162261535147, -0.060729355264185415, 0.5988873941753903, 0.503413534145013, -0.6920835333289481, -0.5526623849182513, -0.5287010273302541, 0.3923369038941047, -0.09648230249823594, 0.13778699077368786, 0.09034721889617778]], "inverted": true, "swapped": false, "error_lsq": 0.04400875062221172, "error_max": 0.2243436167850442, "target": "1017.xyz", "model": "7.xyz", "model_rescale": 3.7474275329858107, "target_rescale": 3.8897840605571528},
{"mapping": [5, 8, 10, 4, 2, 3, 13, 11, 12, 0, 1, 6, 14], "R": [[-0.9831148006632978, 0.16009968325167157, -0.08861929891100992], [0.17538689499816085, 0.6862544936562766, -0.7058995728851746], [-0.05219890592405735, -0.7095229815582312, -0.7027463360708822]], "T": [-0.03502089488731339, -0.007802194290534612, -0.13906539529180895], "aligned_model": [[0.14664537410333572, -0.46430067756688803, 0.6313106219766713, -0.8101285532677289, -0.5499097997987563, 0.12826153109783636, -0.7209791599836124, 0.01720505158796322, -0.050724717741681746, 0.4350775643838889, -0.0851844806146944, 0.6692242047908569, -0.08571864974354716], [-0.640932377946876, -0.42800042007043515, 0.0751077867567137, -0.058668714580677725, 0.2517430824567101, -0.18946967462834094, 0.3008891514830085, -0.2172975273816332, 0.39164318162485584, 0.30228028611889607, 0.6648978701057235, -0.26385374743710677, 0.02261772402747238], [0.14229736215166, 0.18398666721596318, -0.4917573350419946, -0.04500923717801343, 0.47421688944103524, 0.5350787383596892, -0.6312876421307376, -0.7220440497189484, -0.6090009232176369, 0.2030888558303104, 0.192235160213452, 0.18561065881174954, -0.13032210482181977]], "inverted": false, "swapped": false, "error_lsq": 0.053389617693045906, "error_max": 0.2889346607853795, "target": "1017.xyz", "model": "8.xyz", "model_rescale": 4.019505241142653, "target_rescale": 3.8897840605571528},
{"mapping": [11, 8, 6, 4, 7, 9, 3, 5, 2, 1, 0, 10, 12], "R": [[-0.39123168849240947, 0.9163863848773872, -0.08469804915540607], [-0.5951987151362104, -0.3221495327077715, -0.736178081768514], [-0.7019090079344918, -0.23760402392955748, 0.6714671044756397]], "T": [0.019933020209595483, 0.017661160172826866, -0.06382321491946573], "aligned_model": [[0.04296759610012354, -0.3730969597604909, 0.5281360699366701, -0.7991569256949749, -0.63543738190072, 0.13592997513696867, -0.45830562432440836, -0.2509484567896044, 0.1172306920247339, 0.389278309231753, -0.354204477114211, 0.9145470243360896, 0.003838468041714234], [-0.6042023687845434, -0.390724923150465, -0.1958391671957742, 0.12169984767002825, 0.20089594230689506, -0.3078730452548029, 0.3433663148425015, -0.2888485481597574, 0.44129464151214837, 0.42802723657023767, 0.5328804425210188, -0.05768449188187467, -0.012035260467302002], [-0.061659038582154144, 0.30344395374481425, -0.5373304571328219, -0.14038876373241843, 0.5332518563485784, 0.5260176525817793, -0.6991693873622129, -0.5959883615220626, -0.46512110771774406, 0.325392718708501, 0.06738769264534951, 0.11553278457595541, -0.08427650264085515]], "inverted": false, "swapped": false, "error_lsq": 0.04867205467694136, "error_max": 0.2502994659349181, "target": "1017.xyz", "model": "9.xyz", "model_rescale": 3.877068213659057, "target_rescale": 3.8897840605571528},
{"mapping": [11, 9, 12, 2, 7, 8, 13, 6, 3, 1, 4, 0, 15], "R": [[0.6372834631258146, 0.0022924684961397844, -0.7706260651019812], [-0.047386334042171456, -0.9979866840219236, -0.042155828315539615], [-0.7691711922403313, 0.063382356402391, -0.6358917784690001]], "T": [-0.10507014392857439, -0.01919311451884641, -0.16073520092590268], "aligned_model": [[0.287769013299471, -0.490750933059229, 0.5571106167984988, -0.7150567056313305, -0.2870438484754164, -0.0743802801631101, -0.6962535882794376, -0.029697319598359362, 0.05318246982214339, 0.35037053406889557, -0.279371254593724, 0.6077567630000603, -0.022857157964818672], [-0.6281671942200484, -0.48095074901849927, -0.15805307700422672, 0.06660568105673245, 0.35915103277092153, -0.3142583914081274, 0.1502613492104463, -0.10348569033722103, 0.4702675027877074, 0.4393081477678052, 0.6198173605362249, -0.17186443292628784, -0.03767491868711675], [-0.021152812838661744, 0.11069714750827656, -0.477641759165084, 0.0860649594657284, 0.5392846891357195, 0.5515270755175485, -0.6291642946117442, -0.7669680556436571, -0.532414843999314, 0.41827860850370546, -0.021539599933061482, 0.1591636970529419, -0.1290417710776891]], "inverted": false, "swapped": false, "error_lsq": 0.04375912349067473, "error_max": 0.2987686844535467, "target": "1017.xyz", "model": "10.xyz", "model_rescale": 4.260839863003843, "target_rescale": 3.8897840605571528},
{"mapping": [4, 9, 11, 5, 0, 1, 3, 10, 8, 2, 7, 12], "R": [[0.43048855950464926, -0.880100686200931, 0.2002557921366136], [0.7756969255630676, 0.4741828171834497, 0.4164672082649152], [-0.46149093144678066, -0.023946566280318188, 0.8868216743831678]], "T": [-0.0050157598972145456, -0.003550010154154794, -0.03722758599463768], "aligned_model": [[0.308281761698391, 0.17776971944528108, -0.5034409338771951, -0.33513918202763354, -0.6919389873234332, -0.2820189568098091, 0.27652589655413923, 0.7077903450680091, 0.403111586810999, -0.2914229131280634, 0.10791325828802614, 0.08146705439541901], [0.027197972998944775, -0.5627774168418953, -0.5583164885564338, -0.16834907873223207, 0.14894823112228653, 0.5382070475356747, 0.5381702891618806, -0.10315795562539015, -0.09022084103717609, -0.17067332146270994, 0.5024933073230018, 0.07155675964698266], [-0.8577979949466749, -0.08902304220465315, 0.1115610160176086, -0.5216800061751189, 0.13444662392591303, -0.37063870470556487, -0.4102584146619451, -0.11284914449451605, 0.5978337400025407, 0.6501708757046926, 0.4144908932149056, -0.030077764281682927]], "inverted": true, "swapped": true, "error_lsq": 0.04912793658211543, "error_max": 0.28843682960036093, "target": "1017.xyz", "model": "11.xyz", "model_rescale": 3.890672605050136, "target_rescale": 3.8897840605571528},
{"mapping": [7, 4, 8, 2, 10, 12, 1, 0, 6, 9, 11, 5, 13], "R": [[0.6736740889658802, 0.6771901195070589, -0.29593371537897917], [0.7229513622912758, -0.5208043308569968, 0.4539869785817478], [0.1533119356644482, -0.5197849468795832, -0.8404279025473923]], "T": [-0.03357772008952725, 0.06808485323022886, -0.15260637751160777], "aligned_model": [[0.32212106195556706, -0.549442914355939, 0.43762255933712396, -0.7072465763918236, -0.4786038249915377, 0.08979605163885998, -0.48279392660567305, -0.2662903394615979, 0.17138519284873305, 0.4201559792655738, -0.3099932904831047, 0.6520074682808275, -0.03793913181336623], [-0.6469051950001151, -0.38810374106081635, -0.23794582237536863, 0.14118811078311133, 0.08451568070254561, -0.2087973615797508, 0.2923251498273186, -0.18947072400475581, 0.47824013114075126, 0.543717259994618, 0.49820317397383485, -0.07998485989989815, -0.07602518197316452], [0.14611050794953934, -0.02286774946128972, -0.6037234001285339, 0.06277774318952689, 0.62277888047753, 0.5280163508162852, -0.7469289999781693, -0.6303139252511838, -0.5016353107872927, 0.2641908870265018, 0.05075248386390696, 0.18357882646948154, -0.06564325427159341]], "inverted": true, "swapped": false, "error_lsq": 0.04368334579779037, "error_max": 0.2350921638970202, "target": "1017.xyz", "model": "12.xyz", "model_rescale": 4.124412569039231, "target_rescale": 3.8897840605571528},
{"mapping": [4, 2, 0, 8, 11, 10, 6, 1, 3, 7, 9, 5, 12], "R": [[-0.00944691047994023, -0.985692535492972, 0.16828838746574354], [-0.5892385453604689, -0.13048564612614239, -0.7973527656041093], [0.8079038881846421, -0.10669452482896852, -0.5795753495686804]], "T": [0.04692538333152523, 0.08876425519954989, -0.13090598989831168], "aligned_model": [[0.23514414192560157, -0.4675511288735084, 0.4263417679947106, -0.6652902390116905, -0.6438696881839339, -0.0052185347687075875, -0.40187768092666826, -0.40516156441350654, 0.2421757750008819, 0.37091519876412327, -0.18892632728874845, 0.7459918282967031, 0.01810476070838628], [-0.6653147045753035, -0.5345071290576514, -0.12655977182984976, 0.10793791233148536, 0.021497860717107187, -0.09831572076245132, 0.33166578633607513, -0.37588853098515934, 0.5332612200011005, 0.416490670095835, 0.6670309792058036, -0.0895379249572908, 0.02319597400860958], [-0.011679830488111526, 0.16782836300469253, -0.5135888400849715, -0.04559831696735292, 0.5824174028765075, 0.5810573284662823, -0.5635576632662382, -0.6234295719510907, -0.653450828740969, 0.29418655413324757, 0.005559531406368001, 0.09987597895384523, -0.03252706742750058]], "inverted": false, "swapped": false, "error_lsq": 0.04367918892534812, "error_max": 0.30073582945178523, "target": "1017.xyz", "model": "13.xyz", "model_rescale": 3.9028299243045295, "target_rescale": 3.8897840605571528},
{"mapping": [2, 6, 8, 9, 7, 3, 14, 12, 13, 4, 10, 0, 15], "R": [[0.5444067469653334, -0.7272004449906745, -0.4180918639055159], [0.3085478657976771, -0.28987894000929937, 0.9059627004743537], [-0.7800125052653465, -0.6222135589525916, 0.06656409456477197]], "T": [-0.032393948918792353, -0.0743867662717512, -0.11122206325467718], "aligned_model": [[0.31106931594353493, -0.4333671800406339, 0.6498247084170021, -0.7807720329462936, -0.5170811899138585, 0.0790341851775013, -0.6639331998875224, 0.007437046557593793, -0.010740466229910928, 0.29230295602400846, -0.23094897356366995, 0.6888862176379289, -0.13093307795203707], [-0.7256752460878304, -0.46231369821732937, -0.2097300273060382, 0.007921980854781546, 0.34721707287158154, -0.22945557281044635, 0.39565484397084727, -0.13725719625650007, 0.46950658045633786, 0.3574576633357134, 0.6355942699360111, -0.18984896159528628, -0.04811508862353162], [-0.10875806147797254, 0.25366343336616415, -0.44703014063396596, 0.07317145603884082, 0.5274926125383279, 0.48226498918087035, -0.5152885329219254, -0.8031043435551479, -0.6911897398260486, 0.2979790882836314, -0.002339408701262896, 0.2807470835256619, -0.06051539590246439]], "inverted": false, "swapped": false, "error_lsq": 0.0409226560044251, "error_max": 0.29381294780211736, "target": "1017.xyz", "model": "14.xyz", "model_rescale": 3.942246331269136, "target_rescale": 3.8897840605571528},
{"mapping": [11, 8, 4, 0, 7, 6, 1, 12, 3, 9, 5, 10, 14], "R": [[0.9473127088911686, 0.0536076560023048, 0.31579241724780943], [0.31976602510647567, -0.10082981398300613, -0.9421162549281044], [-0.018663353420025064, 0.9934583875684431, -0.11265927129636644]], "T": [-0.00019012832950130593, -0.007559310585736799, -0.08742906596900313], "aligned_model": [[0.2741287453648919, -0.4633625283892536, 0.4816404645308669, -0.7182541035137856, -0.4226061789317048, 0.04947330074051668, -0.4396268764988735, -0.3745980444038964, 0.13388278353776098, 0.2377105718059526, -0.08581834575762062, 0.6811459016592248, -0.09293738092043599], [-0.6527361378775467, -0.5451903408599118, -0.12716444059846055, 0.07806007887100466, 0.08103592496412623, -0.2435292364714145, 0.40742501789649566, -0.18643560190830957, 0.3318906645594223, 0.3970990017467199, 0.6158695577700674, 0.03550184684977637, 0.019130285586341157], [0.0629273163939133, 0.22122143119082477, -0.3991947946517275, 0.045878587824226935, 0.6506055352256426, 0.4171907188481757, -0.6271741791966237, -0.7916294940761287, -0.7065785625996883, 0.5666483096278525, -0.1697929698941946, 0.11976038116254692, -0.10276923994011147]], "inverted": false, "swapped": false, "error_lsq": 0.05044457405688234, "error_max": 0.33875613173228764, "target": "1017.xyz", "model": "15.xyz", "model_rescale": 4.355366556412066, "target_rescale": 3.8897840605571528},
{"mapping": [1, 5, 0, 6, 7, 3, 8, 10, 11, 4, 9, 12], "R": [[0.6745825329587269, 0.008411884842474612, 0.7381515064134092], [0.20677267976986485, 0.9577541578193463, -0.19988004422789116], [-0.7086490422824103, 0.28746515158041636, 0.6443448777627327]], "T": [0.05399783303811558, -0.009525210912395334, -0.11965461569538949], "aligned_model": [[-0.1644653305475845, 0.49998663777700614, 0.1637482773944694, -0.7936075138302561, -0.5720178448349815, -0.39147136837197927, -0.2673732953039114, -0.1440046900817621, 0.6807293044717297, 0.17489213008818535, 0.4597954800431733, -0.04840323217230807], [-0.6158448460451142, -0.3272758330031341, -0.5851694577260131, 0.292564707546233, -0.055192370920743805, -0.18408983559502073, 0.5482838282953801, 0.5869624742023342, -0.0665100635815358, -0.019698304993093704, 0.41740031947614775, 0.021345810085541192], [0.13733721480757644, 0.14673397728589854, -0.5453068321771919, -0.0670609548845626, -0.4005483114680248, 0.4122880208257975, -0.5233281539420833, 0.23913550196572786, -0.546611214175296, 0.7508151704840278, -0.07616376239512918, -0.07803219511731929]], "inverted": false, "swapped": true, "error_lsq": 0.05092994595888176, "error_max": 0.3379898618979587, "target": "1017.xyz", "model": "16.xyz", "model_rescale": 3.795458400668931, "target_rescale": 3.8897840605571528},
{"mapping": [5, 9, 1, 8, 11, 10, 3, 6, 0, 4, 7, 2, 12], "R": [[-0.6250414524010346, -0.3796890554955262, 0.6820259554572105], [-0.6333780355852785, 0.7573683012337981, -0.15882543978961625], [-0.4562405580596044, -0.5312527434499953, -0.7138732911086634]], "T": [-0.06494440196763968, 0.11871544315111149, -0.04250495896073473], "aligned_model": [[0.130217825589459, -0.41095744791700345, 0.5288166678255777, -0.7375538039993126, -0.549738964773522, 0.206660312676559, -0.45840671795635113, -0.3127243521656192, 0.2163721903002947, 0.247262347651167, -0.24057803460911686, 0.6125866249187404, 0.02882166168277059], [-0.6170981501527448, -0.665681541899034, -0.24895481165635264, 0.048350423484346663, 0.21321650364975225, -0.29007244918465663, 0.3937009305653934, -0.24968698361622982, 0.3070893943362137, 0.47779104547695406, 0.7492025191611985, 0.018743622180328323, 0.07435611818314157], [-0.19438209637465392, 0.20837792389837875, -0.5190162261535147, -0.060729355264185415, 0.5988873941753903, 0.503413534145013, -0.6920835333289481, -0.5526623849182513, -0.5287010273302541, 0.3923369038941047, -0.09648230249823594, 0.13778699077368786, 0.09034721889617778]], "inverted": true, "swapped": false, "error_lsq": 0.04400875062221172, "error_max": 0.2243436167850442, "target": "1017.xyz", "model": "17.xyz", "model_rescale": 3.7474275329858107, "target_rescale": 3.8897840605571528},
{"mapping": [0, 8, 2, 10, 5, 4, 11, 1, 7, 9, 12, 6, 13], "R": [[0.9788421515550199, 0.09346311646247635, 0.182023867117093], [-0.19760658239459988, 0.6626474904559794, 0.7223918202656499], [-0.05310066791920562, -0.7430766779098334, 0.6670962223045638]], "T": [-0.12597176884170658, 0.00811777436403904, -0.12753683514265882], "aligned_model": [[0.23753833792806422, -0.46818252568781166, 0.5203316700112898, -0.7813462005417392, -0.380768224919194, 0.10642412988478012, -0.5701315338832538, -0.07131916408165877, 0.08745625130587353, 0.3018228430477595, -0.2431695025618294, 0.5592538383993115, -0.03713160967794851], [-0.744741103504933, -0.5130628433884568, -0.13330678852068184, 0.12463807181959664, 0.24268066690926193, -0.30548108039033983, 0.27277788814316783, -0.2800872834088475, 0.5664648893995975, 0.3817998291320806, 0.7244468213589923, -0.07632110652579274, -0.04885134049533456], [-0.11317358095110922, 0.23039753425575846, -0.3846820893266305, 0.055074076410249334, 0.507505645390309, 0.6051798403687262, -0.6319313128074232, -0.7540105810225207, -0.5859212386553112, 0.22612636316718868, 0.052391792250729874, 0.2164613538577814, -0.13632476302303922]], "inverted": false, "swapped": false, "error_lsq": 0.04032791850783413, "error_max": 0.25110346653218135, "target": "1017.xyz", "model": "18.xyz", "model_rescale": 3.922800546911778, "target_rescale": 3.8897840605571528},
{"mapping": [7, 9, 12, 2, 10, 11, 0, 3, 5, 8, 1, 13, 14], "R": [[-0.4856686052786802, -0.1937941591981512, 0.8523906555725158], [-0.6453575204079574, -0.578225280375123, -0.499168504603409], [0.5896097664553688, -0.7925271913289741, 0.15575934740699593]], "T": [0.005330476077277477, 0.14268347583384017, 0.028955142394791862], "aligned_model": [[0.13372404019800027, -0.5571650635562146, 0.5135148658745292, -0.7042340406324978, -0.4524069484381023, 0.07398921959483505, -0.42336549322984385, -0.15682641395989821, 0.20386395387705636, 0.4428397275008498, -0.40380778153545493, 0.5857687654268787, 0.004883478103505472], [-0.6364331827200804, -0.438627875455288, -0.1476214129782904, 0.04544780852599761, 0.034623469382047106, -0.3747222249743805, 0.22762055598186207, -0.22410446574909598, 0.48589303595195726, 0.5680051553843987, 0.7509031189722062, -0.12764594179135752, 0.04761857999833438], [-0.09230220424782085, 0.12071061454669274, -0.49648347634643136, 0.04282541338737771, 0.6842414404866806, 0.5135383968295164, -0.6833987682371595, -0.4693630215405892, -0.6232146025504703, 0.074537790899418, -0.07428136177937056, 0.2776057909833591, 0.01267702748350654]], "inverted": false, "swapped": false, "error_lsq": 0.04295454885879145, "error_max": 0.24716372048822322, "target": "1017.xyz", "model": "19.xyz", "model_rescale": 3.9282355846067225, "target_rescale": 3.8897840605571528},
{"mapping": [10, 11, 2, 4, 8, 9, 3, 1, 5, 7, 6, 12, 13], "R": [[0.9604337420621875, -0.2194975337045173, 0.17142887681501545], [0.269580566854509, 0.578070041291829, -0.7701696860661712], [0.06995244872643906, 0.7859108473984168, 0.6143702424911851]], "T": [-0.0881292305110154, 0.07563777435769836, -0.012538107283728159], "aligned_model": [[0.3190638538321146, -0.4128077236594613, 0.5054193231396802, -0.7132692208463797, -0.48046452415272056, -0.016893665594712004, -0.5868835186096599, -0.11006645862633094, 0.033010698128575794, 0.46921856504459925, -0.19663997066678232, 0.5365680761071371, -0.08547712487241677], [-0.6708941382369076, -0.534428108564044, -0.0559992412758078, 0.01349446447612819, 0.2661395921402967, -0.20561721412407497, 0.23827186214904333, -0.14729902320206287, 0.49653300330467787, 0.3359448647352679, 0.7187470013168596, -0.21655122785699754, -0.027385214334068708], [-0.1508068475413633, 0.1765826634098263, -0.5684949589675159, 0.056062522890315256, 0.6106822822357326, 0.6153519714585286, -0.5521207077565828, -0.727603655763745, -0.5564705260523252, 0.08595772952211486, -0.05100881728369709, 0.48462706381775966, -0.1356656800543392]], "inverted": false, "swapped": false, "error_lsq": 0.04251176480706797, "error_max": 0.33903486220446943, "target": "1017.xyz", "model": "20.xyz", "model_rescale": 4.067790424073018, "target_rescale": 3.8897840605571528},
{"mapping": [7, 0, 10, 2, 4, 8, 3, 12, 11, 5, 6, 1, 14], "R": [[-0.10361932319581901, -0.7785966145084331, -0.6189106136886382], [0.6441668132324974, 0.4215881257597006, -0.6382104425252784], [0.7578338555318898, -0.4648126118065529, 0.4578614237028946]], "T": [-0.017073780905476517, 0.05294344139907933, -0.05522347714870892], "aligned_model": [[0.14423117356572734, -0.49272498249931274, 0.6653790876141299, -0.7399348653264903, -0.3398917854283927, 0.03575521516410953, -0.6563869902409841, -0.04181660941780651, 0.034480162949591324, 0.26957934313483406, -0.35459419032730843, 0.6979959526774396, 0.038706797358106775], [-0.6509100937572231, -0.47256289331526535, 0.049746080244113505, 0.10874735067431177, 0.31205426889100984, -0.20859957643590996, 0.16830434098642066, -0.23461205696695622, 0.3895720298941956, 0.27771600720033063, 0.7101265588409104, -0.2818625390246591, 0.043237143297032196], [0.13248605888983264, -0.00986869660251146, -0.5085828055899289, 0.11234653173775472, 0.6311602418952148, 0.44873311197489774, -0.6045098322189515, -0.7649512381207294, -0.6048193634687596, 0.40929067871625324, -0.013423643793456584, 0.16812676991848252, -0.10889477342338913]], "inverted": true, "swapped": false, "error_lsq": 0.0501545893552103, "error_max": 0.25413836112469906, "target": "1017.xyz", "model": "21.xyz", "model_rescale": 4.186013935880536, "target_rescale": 3.8897840605571528},
{"mapping": [2, 1, 5, 7, 10, 9, 6, 0, 3, 11, 4, 8, 12], "R": [[-0.9030946068075401, -0.41522900519057276, -0.10956735099281367], [-0.06533987696594604, 0.3850275599659856, -0.9205892018401666], [0.4244417882739754, -0.824220026033757, -0.37484732498939244]], "T": [-0.04643451381250894, -0.00559964281598993, -0.025394174270322027], "aligned_model": [[0.38834290271157623, -0.4767229769355392, 0.45361603237736625, -0.7712935608188148, -0.47190440437165054, -0.04752068049931785, -0.33232275375129405, -0.2822127431556183, 0.19433318503686756, 0.38967058243416064, -0.3123504993246716, 0.5674867698532909, -0.03834354433271227], [-0.5835104975411313, -0.5959965925558235, -0.10033844718511742, 0.051014690089987304, 0.3503472891825964, -0.18720817730254452, 0.22581083112167513, -0.42006428843407917, 0.6063916626665491, 0.40762910577008415, 0.6683456720278215, -0.2471205943338332, 0.035655967022126214], [-0.18875526185390254, 0.012109374541318975, -0.6080714316922775, 0.07308383933461743, 0.5979649409002606, 0.568295913807546, -0.44320987028214437, -0.5679954322000023, -0.6733418665581654, 0.16959383839078931, 0.02659188172200328, 0.36503689281280366, -0.04420977900813803]], "inverted": true, "swapped": false, "error_lsq": 0.050322895133586815, "error_max": 0.3077008130306785, "target": "1017.xyz", "model": "22.xyz", "model_rescale": 4.166573947596378, "target_rescale": 3.8897840605571528},
{"mapping": [0, 5, 8, 13, 6, 1, 14, 10, 9, 3, 12, 4, 15], "R": [[0.11541054482123646, 0.9378785739462556, 0.32720664216455525], [-0.9876803990699077, 0.1433961051572532, -0.06264971124305085], [-0.10567797990675751, -0.3159451496039588, 0.9428737068157957]], "T": [0.0049484653085239624, 0.13861450458193572, -0.05161600089304351], "aligned_model": [[0.25281487526516916, -0.5155497374327777, 0.6153155402134253, -0.7337655845184726, -0.3861884448172135, -0.0029130789974735408, -0.5728028311789494, -0.35259701476629673, 0.19723635351713475, 0.5286521646627437, -0.3961596666158161, 0.6388247847358146, -0.012089050843644377], [-0.6144675879673832, -0.471936886814994, -0.1818501094261238, -0.18917419003469674, 0.20329571562107102, -0.2566004960930689, 0.41648914285120553, -0.16576125622429586, 0.45426221031630454, 0.4209995507901737, 0.6432284415471703, -0.14145339946363114, 0.09392548542657869], [0.1437947652759622, 0.16603188126456753, -0.4745032261220471, -0.3039436909420469, 0.5979499237386796, 0.541547012307984, -0.5152612187417903, -0.6351036691567115, -0.5247344429294918, 0.03452210319998052, 0.06610568935063767, 0.19254848087575982, -0.0018605682067748056]], "inverted": true, "swapped": false, "error_lsq": 0.05071255852902094, "error_max": 0.39261347016625553, "target": "1017.xyz", "model": "23.xyz", "model_rescale": 4.274766983524099, "target_rescale": 3.8897840605571528},
{"mapping": [9, 5, 4, 10, 3, 6, 8, 7, 2, 0, 12], "R": [[0.9393082802825863, -0.34254614028934016, 0.019028829849631015], [-0.28223921011201114, -0.7400247369512842, 0.610495222729491], [-0.19504097740710424, -0.5788138996888884, -0.7917913150944654]], "T": [0.05840261402208054, 0.17518866033994537, -0.010937826766970214], "aligned_model": [[0.22859617281369615, 0.18943477900001143, -0.5167053983181685, -0.421136096873765, -0.6047491889571504, -0.5692648379290465, 0.07789687660252452, -0.1277799112364218, 0.6383349361831632, 0.5284368706661179, -0.0431694979928858], [-0.08477577452053534, 0.6724053648154735, 0.5462849683974659, -0.2689007343623635, 0.4197266816316479, -0.2887022002118125, -0.5560770132031801, -0.050147859787012, -0.16467488090151736, 0.552876605515659, 0.137571373869658], [-0.5132138846143265, -0.3371899911946068, -0.5622769926546944, -0.32167910251245646, 0.10001003708258438, 0.43994805157632694, 0.19461785974716564, 0.6115104897673359, 0.35051366209261026, 0.3903237861141277, 0.02700251861751069]], "inverted": false, "swapped": true, "error_lsq": 0.044761366529510085, "error_max": 0.2828081748461402, "target": "1017.xyz", "model": "24.xyz", "model_rescale": 3.7841303162186577, "target_rescale": 3.8897840605571528},
{"mapping": [9, 10, 12, 7, 0, 8, 11, 13, 3, 4, 6, 2, 15], "R": [[0.700363224893407, 0.5933514987932315, -0.39676863799541073], [-0.6724929184512859, 0.7348357879585513, -0.08814555784727736], [0.2392584958779513, 0.328558006469423, 0.9136766433126433]], "T": [-0.0678595182570987, -0.03771548935913149, 0.013511046074496026], "aligned_model": [[0.18804625309860534, -0.6191207838655255, 0.4621712192890095, -0.6949191482281152, -0.4757501389607689, 0.13771532492243221, -0.5770340060623345, -0.057792024259212385, 0.18322246662108993, 0.37658857089625447, -0.23258236786726827, 0.6469853493663845, -0.07675240572690778], [-0.5636423776177736, -0.5862305306151168, -0.2937384981897062, 0.09594314096108436, 0.02919614832164817, -0.13605597475229034, 0.17220552138830325, -0.09287698324210628, 0.5049704781559852, 0.5456795284353011, 0.6561477464933085, -0.1476901297183274, 0.0270485509080005], [0.006172591227076751, -0.00879078866929283, -0.464705999453791, 0.1218491792585005, 0.6221801052819146, 0.5589704088351075, -0.5213740625027921, -0.7667811123048136, -0.5263515893847124, 0.15069884479917173, -0.10244862360300849, 0.22727592073226646, -0.00960183430091802]], "inverted": true, "swapped": false, "error_lsq": 0.04402567637590374, "error_max": 0.22591708655768722, "target": "1017.xyz", "model": "25.xyz", "model_rescale": 4.19342608120988, "target_rescale": 3.8897840605571528},
{"mapping": [1, 5, 0, 6, 7, 3, 8, 10, 11, 4, 9, 12], "R": [[0.6745825329587269, 0.008411884842474612, 0.7381515064134092], [0.20677267976986485, 0.9577541578193463, -0.19988004422789116], [-0.7086490422824103, 0.28746515158041636, 0.6443448777627327]], "T": [0.05399783303811558, -0.009525210912395334, -0.11965461569538949], "aligned_model": [[-0.1644653305475845, 0.49998663777700614, 0.1637482773944694, -0.7936075138302561, -0.5720178448349815, -0.39147136837197927, -0.2673732953039114, -0.1440046900817621, 0.6807293044717297, 0.17489213008818535, 0.4597954800431733, -0.04840323217230807], [-0.6158448460451142, -0.3272758330031341, -0.5851694577260131, 0.292564707546233, -0.055192370920743805, -0.18408983559502073, 0.5482838282953801, 0.5869624742023342, -0.0665100635815358, -0.019698304993093704, 0.41740031947614775, 0.021345810085541192], [0.13733721480757644, 0.14673397728589854, -0.5453068321771919, -0.0670609548845626, -0.4005483114680248, 0.4122880208257975, -0.5233281539420833, 0.23913550196572786, -0.546611214175296, 0.7508151704840278, -0.07616376239512918, -0.07803219511731929]], "inverted": false, "swapped": true, "error_lsq": 0.05092994595888176, "error_max": 0.3379898618979587, "target": "1017.xyz", "model": "26.xyz", "model_rescale": 3.795458400668931, "target_rescale": 3.8897840605571528},
{"mapping": [11, 8, 4, 1, 6, 5, 2, 9, 3, 7, 0, 10, 12], "R": [[-0.7055019305451019, 0.5398034872081183, -0.45921587646235507], [-0.13111875523334487, -0.736193689189783, -0.6639478323055175], [-0.69647318543013, -0.4082046633676446, 0.5901644302918599]], "T": [-0.11597332072577402, -0.0827684475374923, -0.11994183028116356], "aligned_model": [[0.17045698207040863, -0.39121773881605315, 0.5899172753596587, -0.7039575311554798, -0.5196520293489075, 0.08068623391486804, -0.5679848103501813, -0.1920614115977471, 0.24393384815887756, 0.3532024434857576, -0.31419234190706524, 0.5601555918397476, -0.04850820243024119], [-0.7334048174562824, -0.5563081031816757, -0.28184909667470043, -0.0553489762043306, 0.08143775102434292, -0.07222194328837453, 0.3841461595798883, -0.10599901802599976, 0.4804120614963416, 0.45603742623244553, 0.7243281597972326, -0.1372470769481029, 0.0269740941775255], [-0.19871103436703, 0.3604251283543198, -0.5211257583414054, -0.05768501195261075, 0.5809624315364518, 0.606745350489835, -0.7136684313419116, -0.5418958954797881, -0.43358350939553714, 0.26706001893529047, -0.1439726056249095, 0.09815952468880995, -0.015617167586805383]], "inverted": false, "swapped": false, "error_lsq": 0.04165901736970642, "error_max": 0.2479891028266234, "target": "1017.xyz", "model": "27.xyz", "model_rescale": 3.6321398670334006, "target_rescale": 3.8897840605571528},
{"mapping": [7, 3, 6, 0, 10, 8, 2, 1, 13, 9, 11, 12, 14], "R": [[0.980983713385468, 0.07801188870576847, -0.17772197189153935], [-0.18468048999917194, 0.09352903573039771, -0.9783380990685214], [-0.059699838242026036, 0.9925555222232664, 0.10615773461210978]], "T": [-0.07447338323990321, -0.04034257360216828, -0.04060166444894076], "aligned_model": [[0.19039939593627325, -0.47069957109935995, 0.6169139778627819, -0.6601718194681458, -0.2785965256241534, -0.00882983028244104, -0.5746584852936694, -0.2729369158540329, 0.16843340061768936, 0.2998739389087179, -0.3140147276568457, 0.6409058357589994, -0.07584036458217039], [-0.7598493570442122, -0.6011454128424096, 0.06715605762421711, 0.02337058562325764, 0.3753506593384244, -0.26577018133235286, 0.288484188266821, -0.20721640957196122, 0.5432568764960469, 0.48234990078267803, 0.5532322589637513, -0.2705946277719723, -0.017667918003978024], [0.07359020669882979, -0.04866786037387908, -0.37873625057210764, 0.16509147924124917, 0.5840618544371743, 0.41972749324447534, -0.5651314425308284, -0.6570694618539241, -0.5572110992399361, 0.14168607743688183, -0.09365540020786228, 0.3039651584389506, -0.1005577148043145]], "inverted": false, "swapped": false, "error_lsq": 0.046962741127245335, "error_max": 0.29922406221703135, "target": "1017.xyz", "model": "28.xyz", "model_rescale": 4.156811204709835, "target_rescale": 3.8897840605571528},
