[{"mapping": [3, 11, 12, 5, 6, 10, 8, 0, 4, 2, 9, 13], "R": [[-0.5726702876375936, -0.8195765312094243, -0.018521639986874144], [0.7167046985902299, -0.5115022129840324, 0.47402516930129934], [-0.39797376380329874, 0.2581855836470447, 0.8803164702089079]], "T": [0.058357882975720476, 0.057221486278961606, -0.221114073547698], "aligned_model": [[0.5127821058803126, -0.6107167423545983, -0.16789900006706346, -0.14282893150046133, 0.3215016045863848, -0.817712118356339, -0.3338265545522236, 0.5383823344434041, 0.23021686114880854, 0.7094452227448318, -0.042634343275761474, -0.04414307876455677], [-0.18631234724640228, -0.14124365749074153, 0.5646192237503327, -0.4815094936168839, -0.6215202653751175, 0.5011763404075219, -0.45971183923218706, 0.6611572986176939, -0.32573117100374854, 0.0956481245880303, 0.5974422109667124, 0.06212312377797325], [-0.30708036556806095, -0.21756818989966964, -0.3838259872427423, -0.7127379718917328, 0.01257653500578007, 0.004350701757358355, 0.21425982962011356, -0.20528703502080917, 0.6374987498555479, 0.1861535471519464, 0.2633498679575882, -0.09458585911492526]], "inverted": false, "swapped": false, "error_lsq": 0.0473908358666345, "error_max": 0.22476915173231998, "target": "1018.xyz", "model": "0.xyz", "model_rescale": 3.8414455957264533, "target_rescale": 4.023117397263887},
{"mapping": [9, 4, 0, 2, 6, 1, 5, 13, 10, 8, 12, 14], "R": [[-0.6610146009378869, -0.4703131156816309, -0.5846924581049111], [0.5806033772862843, -0.8141851926517404, -0.0014799832462321916], [-0.4753518861124746, -0.3404527063844335, 0.8112536835570165]], "T": [-0.017622638595906265, 0.04649602821180623, -0.11856051325274755], "aligned_model": [[0.5444505150411042, -0.4574276974955157, -0.29106547589013243, -0.14900401487541678, 0.2852626666248904, -0.722366581428303, -0.2910092140991116, 0.4517595584402726, -0.01154028514777386, 0.675350974989374, 0.19657788615231891, -0.07842097237896893], [-0.036509637853700296, -0.061168344828833286, 0.5435954524556984, -0.5969413870778022, -0.6553726859203023, 0.46591746506297377, -0.4877198022551936, 0.6282123952876066, -0.1650540138470186, 0.12737761664122654, 0.4309678969692922, 0.07283259350923596], [-0.4963084574629163, -0.41988613080337645, -0.5698237919006354, -0.4552086295266399, 0.04165176401553217, 0.15697446550583297, 0.15382893550688684, -0.24557792159094424, 0.5322780881622511, 0.2523143133778335, 0.5048086078936117, -0.05794742056704157]], "inverted": true, "swapped": false, "error_lsq": 0.04196106545839001, "error_max": 0.20927160103266587, "target": "1018.xyz", "model": "1.xyz", "model_rescale": 4.316132596720782, "target_rescale": 4.023117397263887},
{"mapping": [4, 7, 5, 3, 6, 9, 10, 0, 8, 2, 1, 11], "R": [[0.2444096915311204, 0.6154666854550014, 0.7493094566203586], [-0.0773832319036139, 0.7826606289098361, -0.6176197660167717], [-0.9665794008284134, 0.09296826904645777, 0.23891664413491862]], "T": [-0.029212042058491372, 0.053950740777024386, -0.028711644080762395], "aligned_model": [[0.6038351270671469, -0.8101708750273867, -0.14959888986093067, -0.13569895375752242, 0.29481049112980995, -0.587399266184061, -0.3510900051594467, 0.3360153612164672, 0.20159107766935472, 0.7160442857172096, -0.022300057155114378, 0.056529064277211494], [-0.08059331796091324, -0.13512482060972958, 0.37569535693358536, -0.31920944549816305, -0.7011519322652324, 0.5379710040828336, -0.3560755062736845, 0.6373268662482618, -0.23457696114736626, 0.1915894891273286, 0.375685276194886, -0.02539846068862356], [-0.44761367207427927, -0.4221768306905839, -0.5743738937988989, -0.5582671386750323, -0.05913062089105388, 0.035342339123865515, 0.32556064129981965, -0.20247958909261693, 0.64249458425671, 0.3267795409123964, 0.40836543903954453, -0.07739697679947677]], "inverted": true, "swapped": false, "error_lsq": 0.0444117297677799, "error_max": 0.2254665996863599, "target": "1018.xyz", "model": "2.xyz", "model_rescale": 3.795458400668931, "target_rescale": 4.023117397263887},
{"mapping": [4, 3, 5, 9, 7, 6, 8, 10, 1, 0, 2, 11], "R": [[0.005416293287073659, -0.27212380753350296, 0.9622470042252651], [0.8727466210767851, -0.4684419432188067, -0.1373880680133563], [0.48814342069322486, 0.8405419556493641, 0.2349579145869743]], "T": [0.06626744283474857, 0.05409455524424793, -0.006612836529060313], "aligned_model": [[0.5641271039774954, -0.661509545886868, -0.12405084934925316, -0.25557852697064803, 0.31030222594043677, -0.477784432036715, -0.5444270559946659, 0.36507382033849206, 0.041456736502052075, 0.778548118003647, -0.03258438547611901, 0.18899415088488372], [0.0820034166231039, -0.00046663935548811597, 0.27921669058456144, -0.4640519350560471, -0.6678069704042499, 0.1826416269962599, -0.396914715572213, 0.6838416133843196, -0.09355225979488586, -0.009537585784640534, 0.6770212937799709, -0.006256987257507632], [-0.40949195808658356, -0.3297749572473072, -0.6445184622992102, -0.6250738531798943, -0.05767660565064799, 0.17987980250458147, 0.178335274487056, -0.2371429363580812, 0.6048229236450761, 0.3109011546347287, 0.42918058456839503, -0.002337144407718216]], "inverted": true, "swapped": false, "error_lsq": 0.049049867580701643, "error_max": 0.3426057774668521, "target": "1018.xyz", "model": "3.xyz", "model_rescale": 3.7530521520055578, "target_rescale": 4.023117397263887},
{"mapping": [5, 8, 6, 4, 1, 9, 2, 10, 7, 0, 11], "R": [[-0.03881588133194425, 0.842233938221161, 0.5377130467683466], [-0.9730352668481608, 0.0905840967032161, -0.2121247059967107], [-0.22736687715266038, -0.5314475653655176, 0.8160072232774112]], "T": [-0.003677080089294349, -0.0711051221570702, -0.032425181928351754], "aligned_model": [[-0.43127075462280295, -0.2219707580063746, 0.2678594054358939, 0.6205174757202835, 0.23184860072210609, -0.214399116020704, -0.1003496082828812, -0.7096587219044882, -0.3891151786714317, 0.33637380852529886, -0.05163555044969445], [-0.7641645496274961, 0.18495981950127005, -0.31960053175299785, 0.2962977315911016, -0.7254713647000502, 0.6723263075050468, -0.41146269608483926, 0.030558236962461197, 0.2185538936083617, 0.30647542280728096, -0.021268911495793068], [-0.017941617426523615, -0.5856092954393414, -0.5068156907696184, -0.2460670441908125, 0.08337348507397305, -0.1535071570169292, 0.5755971202397908, -0.07793484382593269, 0.671590828525333, 0.4024670519923734, -0.052322059916996164]], "inverted": true, "swapped": true, "error_lsq": 0.03759727378157197, "error_max": 0.21802625724713745, "target": "1018.xyz", "model": "4.xyz", "model_rescale": 3.7855080009869324, "target_rescale": 4.023117397263887},
{"mapping": [8, 12, 6, 13, 15, 1, 14, 7, 9, 10, 5, 16], "R": [[-0.24177975404666316, -0.9435486431263627, 0.2264034199996443], [0.9123718223713553, -0.1416310169950879, 0.3840811278463314], [-0.33033348040413335, 0.2994271415208337, 0.8951107074796699]], "T": [-0.08406782399101069, 0.09639739820446078, -0.014168515138017833], "aligned_model": [[0.45553246966364197, -0.6608781962055295, -0.03374757603852667, -0.13896296314941387, 0.3668791677144626, -0.7575010065596488, -0.3182746292277144, 0.40947840147590603, 0.10745842927199424, 0.6015192578030931, 0.21879964497916404, -0.09773563979469056], [-0.13318127805656935, -0.20521038013851353, 0.39025734195484507, -0.30979949182676425, -0.5932195001091083, 0.4414581799903662, -0.5047446064397065, 0.6330036538046188, -0.28387983070114575, 0.08166027592827046, 0.6958122140600642, 0.05398096967682635], [-0.40331505367802084, -0.21263212782033444, -0.5948502473907075, -0.6115446521749262, -0.034004112381672245, 0.008738786714123772, 0.18948035219514023, -0.18689755628062985, 0.556463540337269, 0.2322405848935075, 0.43757966625477646, 0.015844641941868284]], "inverted": true, "swapped": false, "error_lsq": 0.04300722010780935, "error_max": 0.20728215537056643, "target": "1018.xyz", "model": "5.xyz", "model_rescale": 4.2253639853439635, "target_rescale": 4.023117397263887},
{"mapping": [4, 5, 2, 10, 1, 11, 8, 3, 9, 0, 7, 13], "R": [[-0.37121106518895003, 0.5207764528053416, 0.7687614918066407], [-0.4398519741848549, 0.6305151613843236, -0.6395161233856319], [-0.8177607143211095, -0.5755367212159332, -0.00498965379984212]], "T": [-0.027795584981336947, 0.04587261305534564, 0.0033605161299497185], "aligned_model": [[0.5158478291773505, -0.5586784560496564, -0.08239535952764276, -0.22053633415636237, 0.37900171111567527, -0.7038367690162184, -0.45798678357614236, 0.35067161515410616, 0.04830623332878172, 0.6409082470522348, 0.23875119664668265, 0.0025142297839292234], [-0.024458719349312805, 0.04682933169737154, 0.21825886813770617, -0.44766721891746497, -0.5608180763374667, 0.3274120918994002, -0.5352236892080212, 0.6008805748166536, -0.27987762139972727, 0.1109447252192129, 0.7171678993958454, 0.09268938218898679], [-0.44431867048765183, -0.34146368305911995, -0.6427613421254452, -0.5691618958792564, -0.06839008840060898, 0.2665289567798924, 0.1554377851286329, -0.2240998397599047, 0.513940309588075, 0.4411543655257007, 0.3315474564058896, -0.021309531105809118]], "inverted": true, "swapped": false, "error_lsq": 0.04835556408348236, "error_max": 0.2760103283538199, "target": "1018.xyz", "model": "6.xyz", "model_rescale": 3.89814844738969, "target_rescale": 4.023117397263887},
{"mapping": [8, 5, 6, 9, 11, 1, 10, 3, 4, 7, 0, 12], "R": [[0.07382825569693707, -0.7785525903974486, 0.6232216721570029], [-0.18159288460624035, -0.6249745385627481, -0.7592304330100743], [0.980598497307197, -0.05711996265495073, -0.1875203907450192]], "T": [0.05790319243314318, 0.027398820321194367, 0.05727218318475937], "aligned_model": [[0.4586583907498869, -0.6247193701484437, -0.07903521445477274, -0.26924630210236705, 0.4960757928594609, -0.6439430574204277, -0.3904473658593568, 0.4833154073475389, 0.13963207013553433, 0.6365210317737511, -0.02491116819121969, -0.02933285475684666], [-0.08422745159694103, 0.030391928980964517, 0.38658510405151714, -0.4569292886993517, -0.6448285524503488, 0.49511501194594343, -0.5467912711565409, 0.6486159869617558, -0.2511777362893297, 0.19960231855336988, 0.5843894180784497, -0.09460792023630535], [-0.4762272252071337, -0.31231418341975514, -0.4991529576264535, -0.6182612135265775, -0.04975818986568551, 0.11600903441429608, 0.1477773144189604, -0.23512415048345223, 0.6327817669805508, 0.31577175908260036, 0.24142875557005947, 0.1341731122729848]], "inverted": false, "swapped": false, "error_lsq": 0.03876071627137818, "error_max": 0.21613108692185232, "target": "1018.xyz", "model": "7.xyz", "model_rescale": 3.7474275329858107, "target_rescale": 4.023117397263887},
{"mapping": [8, 11, 7, 9, 4, 10, 12, 3, 1, 2, 0, 14], "R": [[0.44911313867092273, -0.7537614053610076, -0.4797302705285038], [-0.8845704207960483, -0.29949389026921247, -0.3575452144052763], [0.12582749828974055, 0.5849334607283223, -0.8012616845915781]], "T": [-0.03129209059358468, 0.012522275684359903, -0.03157372622576659], "aligned_model": [[0.5078722371838399, -0.5321682609429392, -0.38865379665280936, -0.14065720245214483, 0.4564121899936647, -0.6851176208768797, -0.4617590695389623, 0.47400177653795755, 0.20870765132074404, 0.7307413817322408, -0.01624797468484724, -0.0005639516871265848], [-0.1435779100290471, -0.21750667399371157, 0.3164759868282221, -0.16624253385243756, -0.595461611399061, 0.39232267518043706, -0.28376745419140476, 0.515303384435634, 0.0658158712485761, -0.1422383646019888, 0.5545912477648604, -0.02957706924689539], [-0.41905904921114384, -0.3191318940388798, -0.525316963595486, -0.7639826661410544, -0.10031944310568125, 0.027816442831500234, 0.2963793112767723, -0.10918687914911557, 0.6786105714060143, 0.29082916942352927, 0.3427899227989158, -0.002324699884977046]], "inverted": false, "swapped": false, "error_lsq": 0.05669330862806098, "error_max": 0.3391226812112389, "target": "1018.xyz", "model": "8.xyz", "model_rescale": 4.019505241142653, "target_rescale": 4.023117397263887},
{"mapping": [4, 11, 5, 8, 7, 6, 9, 3, 1, 0, 2, 12], "R": [[0.2013043231439403, 0.870018280257269, 0.45004973225383], [-0.4603112805281652, -0.32153949978358154, 0.8274816463810208], [0.8646329247155007, -0.37373860129388314, 0.3357519373001606]], "T": [-0.09783428865686522, 0.04523248883824871, 0.06012729096363934], "aligned_model": [[0.5320591301293147, -0.5682442573041837, -0.16209669643674487, -0.11228518317529995, 0.5094580295235753, -0.6214684101863146, -0.3878283472823634, 0.43666808828430587, -0.031155437305105962, 0.539576566834781, 0.12742493157418505, -0.10954105472341172], [-0.008788000670936366, -0.09661308760642176, 0.4325047597056305, -0.47271412146360237, -0.60362322019497, 0.5418811224941095, -0.572116734825392, 0.6391957398276134, -0.16326970700649354, -0.029843606934189, 0.5446065038968352, 0.0549179009209998], [-0.4764458530961121, -0.32176774413540105, -0.484313018258144, -0.37306944483955334, -0.1124018347216244, 0.14503476663419193, 0.10620812683120895, -0.2560620087606715, 0.6991782023008247, 0.1636505212844966, 0.28341195009145287, 0.023680159279726054]], "inverted": true, "swapped": false, "error_lsq": 0.04689109080835302, "error_max": 0.26486903898610514, "target": "1018.xyz", "model": "9.xyz", "model_rescale": 3.877068213659057, "target_rescale": 4.023117397263887},
{"mapping": [6, 9, 11, 14, 13, 8, 2, 12, 4, 3, 1, 15], "R": [[-0.8405582975286896, 0.49782551483254106, -0.21361532069911712], [-0.3364975459740885, -0.17079016411195963, 0.9260670177670871], [0.42453639421030487, 0.8502943470494941, 0.3110761536450315]], "T": [0.042843968125392325, 0.05616538855548382, -0.04179780919901314], "aligned_model": [[0.5263902740799784, -0.527611642728881, -0.1982607262120309, -0.1690004513891929, 0.28133481556843537, -0.657715345390966, -0.34523880734949897, 0.48352464342302687, 0.15134134479479963, 0.6231745975840409, -0.054551521307000965, 0.039180178860027885], [-0.06808338969836651, -0.1413674653553661, 0.5582261706102029, -0.5276700917386614, -0.6773882101275616, 0.37093460582618387, -0.43871296254452297, 0.5834262690681664, -0.15238191048438282, 0.0042797547469881625, 0.6088487067798325, 0.14602607106067056], [-0.4038058011342014, -0.30864321682366347, -0.5260072409067874, -0.5148513162241896, -0.09337037466481213, 0.03209348874856321, 0.1699627512029385, -0.3350412609822398, 0.5928887457743881, 0.20976845293612392, 0.619989073866965, -0.045879479182690294]], "inverted": true, "swapped": false, "error_lsq": 0.034971575990791114, "error_max": 0.22060432942078934, "target": "1018.xyz", "model": "10.xyz", "model_rescale": 4.260839863003843, "target_rescale": 4.023117397263887},
{"mapping": [7, 9, 10, 8, 1, 4, 2, 6, 3, 0, 5, 11], "R": [[-0.7289616709575126, -0.006763584570322501, 0.6845210998929044], [0.15104801496696976, -0.9768943012761355, 0.1512019223050735], [0.6676820945999448, 0.21361595927732435, 0.7131401282305317]], "T": [-0.012485689696276192, 0.001474588349728443, -0.07819994253254442], "aligned_model": [[0.510534860384658, -0.7185536319002785, -0.12578862164907612, -0.2101663826596687, 0.3077199885237563, -0.6521902117448558, -0.3877371780163188, 0.5072547668306449, 0.09172033279110184, 0.8329723391033828, -0.04384255555331595, 0.040643653822708105], [-0.05243844065388993, 0.0061988330932779175, 0.43153374326385857, -0.4609513058044107, -0.6166326033281959, 0.28826317061049533, -0.47961766856089455, 0.6594801931372009, -0.10858605509343816, 0.09436947566810627, 0.5348096365194182, -0.03029143070834447], [-0.4695418886345914, -0.4485767826030594, -0.5204050543614831, -0.5907407146707238, 0.1184532200989536, 0.13306598504849995, 0.2349991746368455, -0.06579766162586159, 0.6152413535084422, 0.1376831992440407, 0.33554076806451094, -0.08281777609517939]], "inverted": true, "swapped": false, "error_lsq": 0.04568083309436948, "error_max": 0.2781281951015316, "target": "1018.xyz", "model": "11.xyz", "model_rescale": 3.890672605050136, "target_rescale": 4.023117397263887},
{"mapping": [11, 5, 12, 9, 6, 7, 8, 10, 0, 1, 4, 13], "R": [[0.07884151417083951, 0.7612172324493989, -0.6436865236008342], [0.6787840552944506, 0.4318983117055486, 0.5938990272966583], [0.7300932967239662, -0.4837480474048187, -0.4826506031393269]], "T": [0.08935952641993879, -0.04791847346160734, -0.008013260908665984], "aligned_model": [[0.5388710347664522, -0.5775056368100513, -0.286314448082681, -0.020221713617437506, 0.24779137993496525, -0.6793024227968981, -0.39063387428123647, 0.31551560753823105, 0.17850539216999045, 0.6655422871510964, 0.17236693056256047, -0.012047176602253087], [0.006444996704109349, -0.15388052954395204, 0.4511970290733121, -0.304793484282245, -0.6014147674540874, 0.31579914350055643, -0.43402770596098256, 0.6791259961369736, -0.07240916857511535, -0.27834662508704755, 0.5728202071642886, 0.08562245646737303], [-0.3206571171905956, -0.3940638775071896, -0.4140735110634831, -0.7345307050689348, -0.03249885401850493, 0.05389371134760414, 0.36577416758538767, -0.47684187633427805, 0.575208618156023, 0.4612570061709171, 0.3063914226720126, 0.007244837861435913]], "inverted": false, "swapped": false, "error_lsq": 0.05190528250289683, "error_max": 0.3375110338107315, "target": "1018.xyz", "model": "12.xyz", "model_rescale": 4.124412569039231, "target_rescale": 4.023117397263887},
{"mapping": [0, 8, 2, 6, 3, 11, 9, 4, 7, 5, 10, 12], "R": [[0.09636698345304584, 0.8003891020054026, -0.5916846202928931], [-0.9496022038625276, -0.10420971127528, -0.29562812872822725], [-0.29827681592706956, 0.5903538104111021, 0.7500088796897683]], "T": [0.10823438129934858, -0.08687884308558255, -0.08766709220962488], "aligned_model": [[0.6409119889053506, -0.5597909404449098, -0.25598034019748184, -0.22127156708382734, 0.31910493880875784, -0.7245207000456165, -0.32689146561498184, 0.4698396288753216, 0.15205033384824873, 0.707971934536058, -0.11882525364377282, 0.06996880198959132], [-0.15997854800953418, -0.008391944825454453, 0.6238054030781298, -0.5085382529164528, -0.7640558323374016, 0.42741878141809986, -0.4602118273065746, 0.5811225307918709, -0.12346682426016173, 0.14898847379380203, 0.4839786577614791, 0.025466930955380898], [-0.3060209172029201, -0.33762328278794684, -0.4111961520305668, -0.48921657467133256, -0.16328659346055543, 0.09280392834631915, 0.1950505270505251, -0.2908715832349967, 0.5366879001239394, 0.31036224733455653, 0.32120367979988707, -0.06078935665651472]], "inverted": true, "swapped": false, "error_lsq": 0.04164464219213619, "error_max": 0.23241330911771327, "target": "1018.xyz", "model": "13.xyz", "model_rescale": 3.9028299243045295, "target_rescale": 4.023117397263887},
{"mapping": [6, 11, 9, 1, 2, 14, 12, 7, 5, 4, 10, 15], "R": [[0.4398984445622173, 0.8668023011050815, 0.23482574235095618], [0.3701513875665118, 0.06323405734955914, -0.9268168126839839], [-0.8182159303963276, 0.49462634866133887, -0.2930315110284622]], "T": [0.12690005359126552, -0.12350833362517859, 0.046775655758234745], "aligned_model": [[0.28481328976679976, -0.5145184880812612, -0.08724507278311575, -0.12126272052714879, 0.36030989588191703, -0.5778922513481556, -0.44725522373523474, 0.4025473084235137, 0.0793715944239631, 0.59841874589007, 0.05516883261974809, 0.12011144940164235], [-0.05208559755526439, -0.09444299473933489, 0.4159677631679695, -0.41814067883685024, -0.7934734572526293, 0.41155186856789444, -0.46156781478210057, 0.7022155220645223, -0.14887512336613395, 0.1808622501944896, 0.5548212021529189, -0.03069539147229819], [-0.5969404811080818, -0.3187296777350895, -0.46698777453103013, -0.4764888800548942, -0.15024299361408283, 0.052164506307135004, 0.2475287221829558, -0.20387681457778659, 0.5558919540659719, 0.4267650561377825, 0.34690275363175305, -0.018882548094239622]], "inverted": true, "swapped": false, "error_lsq": 0.03976237108781233, "error_max": 0.24228150368494297, "target": "1018.xyz", "model": "14.xyz", "model_rescale": 3.942246331269136, "target_rescale": 4.023117397263887},
{"mapping": [0, 9, 5, 7, 8, 10, 6, 1, 11, 13, 4, 14], "R": [[-0.7429915022355776, -0.6336872650496006, 0.2154160572466155], [0.5527293931679691, -0.7624346952225199, -0.3364276347880951], [0.377430583728834, -0.13089608716421072, 0.9167400770290406]], "T": [0.03858971860421527, 0.13248122494467232, -0.030838430428100673], "aligned_model": [[0.4019843464542049, -0.6917351642236548, -0.08615482408322088, -0.1841494785268748, 0.3537896410536856, -0.5665696598821828, -0.22872788857538895, 0.5220282142856075, 0.0016310243622998793, 0.5695707378877889, -0.03957499048023706, 0.10047540166071015], [-0.18630939092223406, -0.024448740888386167, 0.5160693510005531, -0.5146685528244198, -0.573930792924704, 0.2623501538891959, -0.35176155919740515, 0.5977543244500892, -0.24209990933900247, 0.1860059788242656, 0.4731896476487637, 0.12398703842646729], [-0.5849452527586181, -0.33110640654019774, -0.5208164981084351, -0.5432483477051291, -0.009112957237510023, 0.32400900716715747, 0.051863517774593186, -0.4852056822746148, 0.5794353224199457, 0.5824511458635745, 0.4397697142898141, -0.10598974028018587]], "inverted": false, "swapped": false, "error_lsq": 0.05550912545635061, "error_max": 0.32702754138098566, "target": "1018.xyz", "model": "15.xyz", "model_rescale": 4.355366556412066, "target_rescale": 4.023117397263887},
{"mapping": [4, 7, 5, 3, 6, 9, 10, 0, 8, 2, 1, 11], "R": [[0.2444096915311204, 0.6154666854550014, 0.7493094566203586], [-0.0773832319036139, 0.7826606289098361, -0.6176197660167717], [-0.9665794008284134, 0.09296826904645777, 0.23891664413491862]], "T": [-0.029212042058491372, 0.053950740777024386, -0.028711644080762395], "aligned_model": [[0.6038351270671469, -0.8101708750273867, -0.14959888986093067, -0.13569895375752242, 0.29481049112980995, -0.587399266184061, -0.3510900051594467, 0.3360153612164672, 0.20159107766935472, 0.7160442857172096, -0.022300057155114378, 0.056529064277211494], [-0.08059331796091324, -0.13512482060972958, 0.37569535693358536, -0.31920944549816305, -0.7011519322652324, 0.5379710040828336, -0.3560755062736845, 0.6373268662482618, -0.23457696114736626, 0.1915894891273286, 0.375685276194886, -0.02539846068862356], [-0.44761367207427927, -0.4221768306905839, -0.5743738937988989, -0.5582671386750323, -0.05913062089105388, 0.035342339123865515, 0.32556064129981965, -0.20247958909261693, 0.64249458425671, 0.3267795409123964, 0.40836543903954453, -0.07739697679947677]], "inverted": true, "swapped": false, "error_lsq": 0.0444117297677799, "error_max": 0.2254665996863599, "target": "1018.xyz", "model": "16.xyz", "model_rescale": 3.795458400668931, "target_rescale": 4.023117397263887},
{"mapping": [8, 5, 6, 9, 11, 1, 10, 3, 4, 7, 0, 12], "R": [[0.07382825569693707, -0.7785525903974486, 0.6232216721570029], [-0.18159288460624035, -0.6249745385627481, -0.7592304330100743], [0.980598497307197, -0.05711996265495073, -0.1875203907450192]], "T": [0.05790319243314318, 0.027398820321194367, 0.05727218318475937], "aligned_model": [[0.4586583907498869, -0.6247193701484437, -0.07903521445477274, -0.26924630210236705, 0.4960757928594609, -0.6439430574204277, -0.3904473658593568, 0.4833154073475389, 0.13963207013553433, 0.6365210317737511, -0.02491116819121969, -0.02933285475684666], [-0.08422745159694103, 0.030391928980964517, 0.38658510405151714, -0.4569292886993517, -0.6448285524503488, 0.49511501194594343, -0.5467912711565409, 0.6486159869617558, -0.2511777362893297, 0.19960231855336988, 0.5843894180784497, -0.09460792023630535], [-0.4762272252071337, -0.31231418341975514, -0.4991529576264535, -0.6182612135265775, -0.04975818986568551, 0.11600903441429608, 0.1477773144189604, -0.23512415048345223, 0.6327817669805508, 0.31577175908260036, 0.24142875557005947, 0.1341731122729848]], "inverted": false, "swapped": false, "error_lsq": 0.03876071627137818, "error_max": 0.21613108692185232, "target": "1018.xyz", "model": "17.xyz", "model_rescale": 3.7474275329858107, "target_rescale": 4.023117397263887},
{"mapping": [1, 8, 0, 3, 11, 4, 10, 2, 12, 7, 9, 13], "R": [[-0.3110407030481774, -0.9300426810909497, 0.19563816702385498], [-0.9335056840185865, 0.26033315173531707, -0.24656396332908687], [0.17838390889395397, -0.2593207694279704, -0.9491743357207878]], "T": [0.006381807326953464, 0.025790185907958226, -0.007259832730795612], "aligned_model": [[0.4317126944243261, -0.6308671858545711, -0.18763565519568845, -0.09411531654787335, 0.38054084645423436, -0.6547145339887099, -0.33165173196377623, 0.39335887614406073, 0.11008594088328476, 0.6973707019135331, 0.01668529372391869, 0.021797429939999606], [-0.06477847104913603, -0.0903476229298816, 0.5045045475440147, -0.45231212668640347, -0.5920619620784541, 0.5249491075554176, -0.5510595777436273, 0.575635888463148, -0.15634811595217213, -0.016016531120870123, 0.46769887308146285, 0.11627353905968478], [-0.5452276493031505, -0.31915754235075805, -0.6647795472493241, -0.4783306215662371, -0.007891080685754948, 0.04767485994509951, 0.1642541519851714, -0.23474867949254802, 0.7105897441252043, 0.2897348271632595, 0.495069457899098, -0.06008409785966617]], "inverted": true, "swapped": false, "error_lsq": 0.034426432785775445, "error_max": 0.16397566912376016, "target": "1018.xyz", "model": "18.xyz", "model_rescale": 3.922800546911778, "target_rescale": 4.023117397263887},
{"mapping": [3, 11, 9, 7, 12, 10, 13, 2, 8, 5, 1, 14], "R": [[-0.6759814767044806, 0.6421312211728243, -0.3615474214367007], [0.31754827182231676, -0.18891063219544674, -0.9292340222496036], [-0.6649903294147141, -0.7429537454233703, -0.07620757144992918]], "T": [0.014494656331320183, 0.05246252431617464, 0.09749203537237189], "aligned_model": [[0.4216632502992459, -0.5866872710844382, -0.1579287169572341, -0.07324867450951522, 0.39664389852215165, -0.5958317273697087, -0.35204746819900323, 0.0512828011799217, 0.029307797532522294, 0.7065688590567971, 0.30594613053251507, 0.006898480929483608], [-0.03083863417247064, -0.10733409628905573, 0.3677849802119185, -0.3744698162401022, -0.6176932161651009, 0.5550293493113859, -0.5272802462224043, 0.6648110669720166, -0.18019106655447853, -0.12714247145909396, 0.6287190309012688, 0.01474266784929986], [-0.38874236968936093, -0.24933492863219725, -0.6329770707961617, -0.5720159209199716, -0.05569831928313457, -0.06228574479734733, 0.13435580855465537, -0.2723793713268362, 0.6632159358082319, 0.3645296050141292, 0.45938635798622457, 0.009049840692162678]], "inverted": false, "swapped": false, "error_lsq": 0.051044549702908774, "error_max": 0.3772357470933777, "target": "1018.xyz", "model": "19.xyz", "model_rescale": 3.9282355846067225, "target_rescale": 4.023117397263887},
{"mapping": [1, 11, 10, 0, 3, 9, 4, 2, 6, 5, 7, 13], "R": [[-0.3175925072294178, 0.48677075462873226, 0.8137501040183692], [-0.9045274591482507, 0.10200049361084329, -0.41403620004771824], [-0.2845436258265892, -0.8675541088262557, 0.40790292136749784]], "T": [-0.0855795701301882, 0.07257601731811782, 0.11645202757579054], "aligned_model": [[0.42753046996164273, -0.5996214407273885, -0.1774427655197216, -0.1013905663123532, 0.3128573347622822, -0.7275502232381296, -0.3416468601456969, 0.4976382323005791, 0.19511206441952872, 0.5967396883767381, 0.09367198070830186, -0.023330554653044594], [-0.08847199667796478, -0.11313814586849043, 0.5315364723240271, -0.3928976296264332, -0.5572120900671345, 0.327912566558639, -0.5042559501091972, 0.5292415784691535, -0.1271345423837516, 0.003551808836248213, 0.5973135240392623, 0.05969195264882469], [-0.40535485265049565, -0.3468344671451148, -0.6068396169667538, -0.5341486829961435, 0.011714060451317204, 0.14964468350885607, 0.08385955485802206, -0.24414438192701338, 0.6715844016042184, 0.24823305945292223, 0.40038372172368897, -0.030993657303110433]], "inverted": true, "swapped": false, "error_lsq": 0.03504747436960872, "error_max": 0.17125727557760761, "target": "1018.xyz", "model": "20.xyz", "model_rescale": 4.067790424073018, "target_rescale": 4.023117397263887},
{"mapping": [11, 2, 6, 3, 12, 4, 0, 13, 7, 9, 5, 14], "R": [[-0.581185631961086, -0.33874256376582634, -0.7399167092959504], [0.8037575820368296, -0.38114780874792165, -0.4568370576091292], [-0.12726747628637153, -0.8602207992021658, 0.4937845340831212]], "T": [0.03726709995444659, 0.09523773876792274, 0.011223015476588723], "aligned_model": [[0.40416215600043964, -0.6346432179324868, -0.28218479510679845, -0.12627506515278486, 0.47213839085656994, -0.6535711391122031, -0.3392178441233724, 0.519791557211391, 0.07833139355342215, 0.6368706822793118, -0.03752480260091387, 0.11469004406016274], [0.021988605248542598, -0.13055618495717725, 0.3781427076845244, -0.46417240465143716, -0.5131459268720083, 0.4992338789612338, -0.45547018221756386, 0.5814358805630481, -0.1729279903297538, -0.21538609200569242, 0.6513481840447223, 0.08564707267474513], [-0.5160860364719014, -0.21521805912083466, -0.5933199259257962, -0.6085021399934712, -0.15542074417053545, 0.05596830448532828, 0.25502191245424793, -0.1333626689498303, 0.7062516643375654, 0.3959804446285197, 0.19456276791471944, 0.011228303422382995]], "inverted": true, "swapped": false, "error_lsq": 0.04868115772582901, "error_max": 0.2779974602609624, "target": "1018.xyz", "model": "21.xyz", "model_rescale": 4.186013935880536, "target_rescale": 4.023117397263887},
{"mapping": [0, 4, 7, 6, 5, 10, 11, 1, 8, 2, 9, 12], "R": [[0.31252260714654556, 0.06436299015317912, -0.9477272949118158], [-0.8644578060908452, 0.4328351957195722, -0.25566852531158935], [0.39375413840482887, 0.8991724522275701, 0.19090987309232993]], "T": [0.004771760034745824, -0.023962286110329887, -0.044947533102236356], "aligned_model": [[0.5557737394427147, -0.6633146024021558, -0.23637780963149058, -0.07509008946278564, 0.4437913299512473, -0.6656749963656367, -0.3528948060255232, 0.4178783528336375, 0.17269409969363228, 0.6717212740981081, -0.09437841897948929, -0.02156071321952091], [-0.02629025599751345, -0.13307547235322195, 0.46782479103565694, -0.21256412971957728, -0.6608636593495232, 0.47180628632523036, -0.3653090286746943, 0.5409224779640792, -0.054241944205245377, -0.1350149041128962, 0.43272343629417725, -0.05978004906328911], [-0.5120447823459845, -0.30833142342626263, -0.5331238288016996, -0.5625422380589441, -0.032408230441560125, -0.01310256402894898, 0.3481466128414703, -0.25795312512985386, 0.7024167427718229, 0.25926434140369475, 0.36377994724579554, -0.05699762941913518]], "inverted": false, "swapped": false, "error_lsq": 0.046741145223563575, "error_max": 0.283565504676783, "target": "1018.xyz", "model": "22.xyz", "model_rescale": 4.166573947596378, "target_rescale": 4.023117397263887},
{"mapping": [4, 5, 7, 1, 2, 13, 6, 8, 12, 11, 14, 15], "R": [[-0.3867719450291297, 0.9099218271204987, 0.14983234319757988], [0.26643360903826374, 0.2658087684498215, -0.9264765677501159], [-0.8828480019308136, -0.31841477218383357, -0.3452411307215405]], "T": [0.143760501629152, 0.10371105683816602, -0.025739581802156408], "aligned_model": [[0.5208678911371987, -0.6328097803643637, -0.2851678100464132, -0.12429870358985118, 0.3459503946406598, -0.6282274572465565, -0.22763441538462498, 0.5506451089649271, 0.04116630683279986, 0.6538412748147869, -0.16318721853403528, 0.10142176870821024], [-0.10483466612092317, 0.003160766881379423, 0.4557004048576127, -0.4147830381962994, -0.5330045461337944, 0.42423237179154466, -0.5383225168447225, 0.5599589687690785, -0.08732507051733888, -0.08883497438730541, 0.527665771655283, 0.06252407638866926], [-0.6208464726868873, -0.3048277712969169, -0.4768644536217115, -0.4348938275077199, -0.10649679377198293, 0.10884799900387077, 0.14445541767542075, -0.5552316963733562, 0.5926138644309153, 0.5442051156133636, 0.5675758992795399, -0.06143345813414111]], "inverted": true, "swapped": false, "error_lsq": 0.05069632559350801, "error_max": 0.30032865432779415, "target": "1018.xyz", "model": "23.xyz", "model_rescale": 4.274766983524099, "target_rescale": 4.023117397263887},
{"mapping": [8, 1, 5, 10, 2, 7, 9, 0, 4, 3, 11], "R": [[0.04669891911995744, -0.9867140726338358, 0.15561024972468052], [-0.8021330455650243, -0.12988167272228773, -0.5828493186951835], [0.5953165445085553, -0.09760169033992322, -0.7975412979132701]], "T": [0.01771627818363984, 0.08571591460527461, -0.0430467087670685], "aligned_model": [[0.25160115674405614, 0.01014867533562578, -0.4282255069387909, -0.464970924174426, -0.5014201713765886, -0.6735311329686474, 0.06219934972997725, 0.05718927454730302, 0.6839037737961544, 0.3801007536687766, 0.0028994555946346857], [-0.35231411637023147, 0.7878650687248102, 0.5399605634129198, -0.2917148975248103, 0.4879016691308914, -0.16588543290813695, -0.6873827376121294, -0.020537759116961818, -0.04557235662494838, 0.6452676655900943, 0.017998864541986237], [-0.45857240370105384, -0.10634089283924547, -0.5511561629782852, -0.41098106871207823, 0.20919115787044834, 0.3893618882018533, 0.06692893405135514, 0.6161080297324075, 0.2874138127517573, 0.40000956223809453, -0.06239642259367619]], "inverted": false, "swapped": true, "error_lsq": 0.04558144444501822, "error_max": 0.30620298929803114, "target": "1018.xyz", "model": "24.xyz", "model_rescale": 3.7841303162186577, "target_rescale": 4.023117397263887},
{"mapping": [6, 13, 3, 11, 7, 12, 10, 4, 8, 1, 2, 15], "R": [[0.3891157227654212, -0.6564922953625747, -0.646225054006978], [-0.46245079927889177, -0.745920801549828, 0.4793134841224228], [-0.7966983196562283, 0.11233887993406325, -0.5938448985316807]], "T": [-0.01923624016317945, -0.04855656709813411, 0.07383836509411856], "aligned_model": [[0.3978155435986204, -0.614920096130258, -0.06628196358493246, -0.18541069457521472, 0.23726173830974176, -0.6100266848019419, -0.3351970426176288, 0.41749866970692845, 0.27346816237659094, 0.6703608831684263, -0.04202547797382014, 0.010024322456226128], [-0.0027515947078256414, 0.009814248834136785, 0.38764376363209024, -0.43303646218733427, -0.6200001018576, 0.42628656019096717, -0.7273351606513447, 0.5283385113651542, 0.0757881566493663, 0.07145682863838537, 0.5870025517387405, -0.03706975350155285], [-0.5143760230403887, -0.4299012391248014, -0.6018226882541693, -0.5695812725730464, -0.10070857335273867, 0.04809809668107751, 0.2852230795922682, -0.10825784520126397, 0.5721558402531348, 0.32501357513636625, 0.4792249522310477, 0.012035920262908062]], "inverted": false, "swapped": false, "error_lsq": 0.046844811709168294, "error_max": 0.28595834615987087, "target": "1018.xyz", "model": "25.xyz", "model_rescale": 4.19342608120988, "target_rescale": 4.023117397263887},
{"mapping": [4, 7, 5, 3, 6, 9, 10, 0, 8, 2, 1, 11], "R": [[0.2444096915311204, 0.6154666854550014, 0.7493094566203586], [-0.0773832319036139, 0.7826606289098361, -0.6176197660167717], [-0.9665794008284134, 0.09296826904645777, 0.23891664413491862]], "T": [-0.029212042058491372, 0.053950740777024386, -0.028711644080762395], "aligned_model": [[0.6038351270671469, -0.8101708750273867, -0.14959888986093067, -0.13569895375752242, 0.29481049112980995, -0.587399266184061, -0.3510900051594467, 0.3360153612164672, 0.20159107766935472, 0.7160442857172096, -0.022300057155114378, 0.056529064277211494], [-0.08059331796091324, -0.13512482060972958, 0.37569535693358536, -0.31920944549816305, -0.7011519322652324, 0.5379710040828336, -0.3560755062736845, 0.6373268662482618, -0.23457696114736626, 0.1915894891273286, 0.375685276194886, -0.02539846068862356], [-0.44761367207427927, -0.4221768306905839, -0.5743738937988989, -0.5582671386750323, -0.05913062089105388, 0.035342339123865515, 0.32556064129981965, -0.20247958909261693, 0.64249458425671, 0.3267795409123964, 0.40836543903954453, -0.07739697679947677]], "inverted": true, "swapped": false, "error_lsq": 0.0444117297677799, "error_max": 0.2254665996863599, "target": "1018.xyz", "model": "26.xyz", "model_rescale": 3.795458400668931, "target_rescale": 4.023117397263887},
{"mapping": [0, 4, 9, 3, 7, 11, 10, 1, 5, 6, 8, 12], "R": [[0.079371519525188, -0.9873203868350253, 0.13747223584491028], [0.7744441320456632, 0.14790474739310883, 0.6151101300081312], [-0.6276435678219782, 0.05764234067520696, 0.7763639045790198]], "T": [-0.015156631902231243, 0.16905257002938312, -0.13429980068229758], "aligned_model": [[0.6083714182654075, -0.7719778946254956, -0.16103155319305162, -0.03227355653801652, 0.18172744565315174, -0.64247936602461, -0.39656981070291436, 0.41210189294548644, 0.17485953158694656, 0.6513380330438108, 0.0742995336627489, 0.05420168585927395], [-0.17624922161037598, -0.14148671076712355, 0.3403113394023467, -0.3747809353914928, -0.6074089387213878, 0.37579824326729594, -0.35528839964335723, 0.5777464901313026, -0.1568071740680269, 0.20386091135250645, 0.5545306615199664, 0.025911282671529645], [-0.5623799747588704, -0.3064918853114614, -0.5000390949434739, -0.6333275435188177, 0.0019069688376432414, 0.1401031978143657, 0.1611269467002649, -0.16209554078590072, 0.5172903716421926, 0.35125163907322626, 0.47738307919040307, -0.0876243413291776]], "inverted": false, "swapped": false, "error_lsq": 0.04268748403936593, "error_max": 0.18998097807229072, "target": "1018.xyz", "model": "27.xyz", "model_rescale": 3.6321398670334006, "target_rescale": 4.023117397263887},
{"mapping": [8, 6, 9, 12, 7, 13, 4, 10, 1, 3, 2, 14], "R": [[-0.594763069702917, 0.5250203155168865, 0.6087779227371113], [-0.6294953244397085, 0.16683227292239186, -0.7588824870953966], [-0.4999925273702692, -0.834578133553772, 0.2312721590849039]], "T": [0.12395351811618702, 0.11341242587610431, -0.048245202879863475], "aligned_model": [[0.46564927787927535, -0.5829274625223011, -0.23461542445173258, -0.02693636588107956, 0.33671403637374864, -0.609870091784459, -0.2810623411347605, 0.46333317675150876, -0.05702186734561554, 0.6216338382656255, -0.020024211377734413, 0.07769479516026233], [-0.058067509037834225, -0.15876276870919218, 0.4169458428992209, -0.38162077745510314, -0.6260481010055415, 0.44623501905439433, -0.5132121064218694, 0.6493083948936337, -0.014864495216510593, -0.19180453534859523, 0.5715008550706339, 0.12652772941994692], [-0.39590632448594754, -0.22187521124475337, -0.5235008597596358, -0.6929808862159763, -0.14215193883926666, 0.0829392586104861, 0.31199235989863605, -0.4980324755899105, 0.582674869330758, 0.3133028374674266, 0.5864744739699088, -0.00583228053133112]], "inverted": false, "swapped": false, "error_lsq": 0.04498766041867347, "error_max": 0.25298972454935936, "target": "1018.xyz", "model": "28.xyz", "model_rescale": 4.156811204709835, "target_rescale": 4.023117397263887},
{"mapping": [1, 2, 3, 0, 10, 5, 6, 8, 9, 11], "R": [[-0.8772967651088239, -0.10234813435983, 0.46890856819070353], [-0.2997214509679458, 0.8799001815152301, -0.36870411226230587], [-0.3748565562442023, -0.46400488139946117, -0.8026095141961687]], "T": [-0.09515473210523995, 0.04137956596465436, 0.0034590637178609947], "aligned_model": [[-0.46178581953523556, 0.018980851031022983, 0.001040898304214194, 0.5309189646192394, -0.189581485616604, -0.6877122829534289, -0.5279014930985897, -0.3001661104943703, 0.3394189291448392, -0.08028707729049922], [-0.20330363116621175, -0.5910529805848836, 0.17786370290525885, 0.0950951376328211, -0.2724825696975859, -0.517415746922123, 0.4124571164258371, 0.4228767714363779, 0.3435552365339021, 0.05112729406281112], [-0.5468032698583379, -0.2826914534897734, -0.7793806455672021, -0.22562453136877259, 0.6385895971615126, 0.002541798245724144, -0.18511473836977718, 0.4847742043006701, 0.5792980245320939, 0.07319774138896179]], "inverted": true, "swapped": true, "error_lsq": 0.058089764892655125, "error_max": 0.275252196765367, "target": "1018.xyz", "model": "29.xyz", "model_rescale": 4.117894457231895, "target_rescale": 4.023117397263887},
