[{"mapping": [5, 11, 11, 10, 7, 12, 1, 6, 0, 2, 3, 4, 9, 13], "R": [[0.28797369658373356, -0.01999119679352096, -0.9574296329896328], [-0.8797750012594177, 0.3893649887798381, -0.27274686555755034], [0.3782421145706698, 0.9208665796754922, 0.09453911995501678]], "T": [-0.1172482523379006, 0.04680710762471142, 0.12517719866358892], "aligned_model": [[-0.7446062485357804, -0.24842908101384265, -0.24842908101384265, 0.09051773423807319, 0.5092609707861707, -0.18310072780876416, -0.5236644753460797, -0.01889402845221802, 0.10404305194381308, 0.3690668386203244, -0.1983361072479081, 0.6408911614718614, 0.4640469579681513, -0.007695079512122324], [-0.3281404907131268, -0.01730286431142422, -0.01730286431142422, 0.5913242994338201, -0.03413599208911881, 0.6105893423673101, 0.34246375380704264, -0.7032364266821759, 0.531553743766273, -0.12564252181035096, -0.2548694933789626, -0.5338347266174848, 0.48203188519769347, 0.0443173343084239], [-0.07036692308100848, -0.5572767137213588, -0.5572767137213588, -0.696871003869608, -0.2899479516521426, 0.011454504197591739, 0.4088268323086084, 0.2361160443215977, 0.6832661628793001, 0.6952798236564115, 0.5442431767514028, 0.08665556620688919, 0.028128534448062556, 0.004629425527633013]], "inverted": true, "swapped": false, "error_lsq": 0.05092563446833715, "error_max": 0.4034870630705963, "target": "1019.xyz", "model": "0.xyz", "model_rescale": 3.8414455957264533, "target_rescale": 4.303229911642267},
{"mapping": [3, 4, 1, 0, 11, 7, 2, 10, 9, 8, 6, 12, 13, 14], "R": [[0.08014680980942196, 0.9884026552925577, 0.128983254292929], [-0.3854477263144823, -0.08860187204685727, 0.9184659811603197], [0.9192423723677934, -0.12332842040833239, 0.37387639877801504]], "T": [-0.05101544916207681, 0.06624302749897688, 0.08234375860530375], "aligned_model": [[-0.5368560522886539, -0.4749306881167494, -0.07663267513673566, 0.041939297591524434, 0.5699109149230698, -0.17699366935471034, -0.7078237596397349, -0.03214357643348325, 0.1175059251550852, 0.5215563872544473, -0.3603737853017859, 0.535930400692901, 0.6343303596419183, -0.05074719288925657], [-0.3386865179462388, 0.2327878467299731, -0.30321465315633483, 0.5090600877553355, -0.16411718192092034, 0.6962339239417316, 0.25885929494235776, -0.5884905614561231, 0.5508262861389921, -0.11015964727962545, -0.12185217707273828, -0.4208963901233368, 0.3899150886478898, -0.0024504202344672182], [-0.3795738245404249, -0.21493713250192603, -0.6995402936088996, -0.48403935882410687, -0.4539863882538815, 0.06834516683782206, 0.3582179045887486, 0.28070978473901465, 0.5321095774905551, 0.597461207323686, 0.7744021287314357, 0.0604508144523551, 0.06273458152562177, 0.024506596292019914]], "inverted": false, "swapped": false, "error_lsq": 0.038245586293012154, "error_max": 0.24790321421157058, "target": "1019.xyz", "model": "1.xyz", "model_rescale": 4.316132596720782, "target_rescale": 4.303229911642267},
{"mapping": [3, 1, 2, 9, 4, 12, 7, 8, 0, 5, 10, 13], "R": [[-0.9982682711068717, 0.028737807717590352, -0.051328328522214445], [-0.05710183394746374, -0.2637046198697287, 0.9629118620201946], [0.01413645857822414, 0.9641753014192744, 0.2648889364845528]], "T": [-0.034165230430153924, 0.003840055896125027, -0.10807465752818626], "aligned_model": [[-0.16041963410361224, 0.4959400991225538, 0.10650509730746088, -0.5374591630583521, -0.48288049412814493, -0.4596234579793496, -0.028821902743863727, -0.17696319295410026, 0.5375601797929942, 0.16645042158252632, 0.16958795199300722, -0.03206735019933889], [-0.6398482694048272, -0.41278512631014225, -0.5820488042199691, 0.5759265548453759, -0.4324762296673813, -0.03485880087332589, 0.5383224102707881, 0.5015098533200363, -0.057417982900024075, -0.11694366728823316, 0.6381780907050827, 0.03521839926360025], [0.23829628135784928, 0.02082524766260546, -0.4496217002080277, -0.10419799664981713, -0.4153680779450555, 0.4346857069394682, -0.6540261557222636, 0.5537499139576397, -0.5724115869502724, 0.5448858364060758, -0.04478640391526423, -0.10277260372351674]], "inverted": false, "swapped": true, "error_lsq": 0.048129965990506306, "error_max": 0.2722752688119025, "target": "1019.xyz", "model": "2.xyz", "model_rescale": 3.795458400668931, "target_rescale": 4.303229911642267},
{"mapping": [9, 12, 8, 1, 7, 0, 5, 4, 3, 2, 10, 13], "R": [[0.2074687975578685, -0.48605512256832906, -0.8489447071894489], [-0.6696498304895361, -0.7031867384563267, 0.23895086395426454], [-0.713109951245408, 0.5189208308443981, -0.4713760375226257]], "T": [0.09055163125752841, 0.04680418314242794, 0.032663913329501], "aligned_model": [[-0.22389693320292053, -0.18161785169479389, -0.6900794301242293, 0.19954880650678658, 0.09188734233162471, 0.35268305330567357, -0.31129808273956605, 0.6883270052486846, 0.3250730861806401, 0.7122344281080947, -0.4340750053836083, 0.06451740720717888], [-0.016128863079658877, -0.5801273121339526, -0.23128351441428543, 0.11445727408860534, 0.6334941218706601, 0.6724583675870128, -0.28796364093030885, -0.24476730402043403, -0.5417691641359569, 0.08360189985741107, 0.4247298219125697, 0.05906735868804766], [-0.6585410529445457, -0.06724499979447451, -0.10647855777454726, 0.7070125349636647, -0.45678078052261717, 0.32604972603882, 0.4883393083023727, -0.17661390508029148, 0.4184472254812108, 0.3357558268176558, -0.14009200837803149, 0.01891811352988406]], "inverted": false, "swapped": true, "error_lsq": 0.045939082259362156, "error_max": 0.2535826565378804, "target": "1019.xyz", "model": "3.xyz", "model_rescale": 3.7530521520055578, "target_rescale": 4.303229911642267},
{"mapping": [2, 12, 5, 8, 1, 9, 0, 11, 7, 10, 13], "R": [[0.6416284540758452, -0.5995674778887701, -0.4783636340466739], [-0.49713555153674666, 0.14985712411463042, -0.854633889891073], [0.5840968843595176, 0.7861689906185512, -0.20191371392580743]], "T": [-0.11010326899897781, -0.14417915500816228, -0.016310194596988986], "aligned_model": [[-0.4573616072579776, -0.015010400438786889, 0.43024625635230795, 0.4287152556194611, 0.17393685601231645, -0.2320648680266792, -0.091919548542414, -0.7766937139841087, -0.3052848328056827, 0.27808029488634134, -0.09444408936957287], [-0.7398090063147745, 0.10344679557901079, -0.29608306202368495, 0.40750820766396023, -0.7688255842283193, 0.6073419258486831, -0.5478372377217255, 0.29038412826398285, 0.2501589466424028, 0.27959645097691976, -0.11867820637210885], [0.04960646960372933, -0.65407179040409, -0.42391336895126663, -0.35006744198980744, 0.002167745571250948, -0.047038142629670515, 0.6025280561660649, -0.01608625722093698, 0.6083213731336224, 0.3266668619235581, -0.005282727957138026]], "inverted": true, "swapped": true, "error_lsq": 0.05203824904510679, "error_max": 0.28399322476474415, "target": "1019.xyz", "model": "4.xyz", "model_rescale": 3.7855080009869324, "target_rescale": 4.303229911642267},
{"mapping": [11, 1, 12, 2, 14, 0, 4, 8, 5, 10, 7, 15, 3, 16], "R": [[0.9008333530731103, 0.12758442982773271, -0.41499576293811696], [-0.32092106228766465, -0.4481104722585371, -0.834390002596141], [-0.29241912005068055, 0.8848272248963429, -0.3627283285201509]], "T": [0.00040413970786180474, -0.058710057529598854, 0.027825833654175236], "aligned_model": [[-0.6286242647109754, -0.49853222651115653, -0.17969259751709743, 0.2956027738074052, 0.41505925177620345, -0.25377120723977054, -0.6118424857885574, 0.136046753654436, 0.029984119116794838, 0.4616168895110423, -0.2410851169758471, 0.6271760056105469, 0.41196823003032146, 0.04076576133449067], [-0.36691502558824374, 0.3585333368403743, -0.19867759458956566, 0.4442910780241552, -0.1584315885771517, 0.6786132562708803, 0.25082903277232993, -0.6546209561721548, 0.5266311209415725, -0.08939513679793437, -0.05129027063712555, -0.593708050543779, 0.4964678660226001, -0.05451208899946284], [-0.3486966655389028, -0.35956852782796433, -0.613297802488218, -0.42564225964025876, -0.4973542809864996, 0.04276260876945209, 0.30412350828906964, 0.3768260573280038, 0.586040822904241, 0.5911245993225986, 0.7370488997939679, 0.04370922968657681, 0.097173350960532, -0.007388776320578008]], "inverted": false, "swapped": false, "error_lsq": 0.03069262507896928, "error_max": 0.18019570005163826, "target": "1019.xyz", "model": "5.xyz", "model_rescale": 4.2253639853439635, "target_rescale": 4.303229911642267},
{"mapping": [11, 5, 6, 2, 3, 10, 8, 12, 1, 0, 9, 7, 4, 13], "R": [[0.3866297449373823, -0.80504589069513, -0.4499094955705428], [-0.8344694187021521, -0.09767365181916537, -0.5423289103405806], [0.39265535725435835, 0.5851162035144761, -0.7095497155268677]], "T": [-0.026750986031847095, 0.07867849021449821, 0.07423276640536602], "aligned_model": [[-0.5705702264262207, -0.4572416783822204, 0.043041338365066475, 0.08739132872400808, 0.5675387968968505, -0.308789839792485, -0.6669492188140218, -0.14429455782033138, 0.11703637224824832, 0.5408259737856399, -0.16090566000991566, 0.4281688635669929, 0.5066894525566721, 0.022730941199552736], [-0.4068875001874508, 0.24978657948195354, -0.2518331108396563, 0.4365864306555608, -0.054918703929831864, 0.7945709098809739, 0.27700192207620233, -0.8436100827835246, 0.5918880254961989, -0.18264035714669233, -0.07531473521155649, -0.5603682422830957, 0.5423353052675043, 0.07121853848990942], [-0.19787032353491696, -0.3572079039510827, -0.47313281631518167, -0.48168543817930565, -0.2890590120890912, -0.05408170207969509, 0.38516509781506, 0.1573655596791898, 0.5788583211021523, 0.5768573818240276, 0.6494588414907203, -0.044335442453625806, 0.03715219817998683, 0.03937600276378235]], "inverted": false, "swapped": false, "error_lsq": 0.0450132293178057, "error_max": 0.2939149378276381, "target": "1019.xyz", "model": "6.xyz", "model_rescale": 3.89814844738969, "target_rescale": 4.303229911642267},
{"mapping": [12, 3, 4, 8, 11, 1, 5, 9, 10, 0, 2, 7, 13], "R": [[-0.8779258936674014, 0.4269093071181451, 0.21678230722132197], [0.38445241243490413, 0.35867620598696665, 0.8506160836898028], [0.28538126743231906, 0.830120366425677, -0.4790174416908249]], "T": [-0.0969870910861462, 0.11482539321517837, -0.007562517719360791], "aligned_model": [[0.03419442179407389, -0.05018686438455944, 0.5009314529686831, -0.34668957030483927, 0.6551567634955648, -0.5600883054502048, -0.5535265949744237, 0.2592130946608191, -0.39749003707246144, -0.377712006093628, 0.02124088785544964, 0.06942821316021369, -0.10583965475046578], [-0.3484079657604026, 0.3146598692606065, 0.4113533793399398, -0.6759647076577757, -0.010552861177699407, 0.5543242894220579, -0.09311972496145135, -0.4992621225908709, -0.2823138223652907, 0.664078001303795, 0.7820388608042715, 0.056348880121755984, 0.09059918973154962], [-0.5028476719005496, -0.7203903951517799, -0.20933244430689227, -0.14312776778266328, 0.2199194244256155, -0.2597159906564873, -0.486648380037982, 0.2692419692473733, 0.4395212861696923, 0.39955708465689843, -0.15093829510317536, 0.7358414240229668, 0.011194787253278927]], "inverted": true, "swapped": true, "error_lsq": 0.048074816427394654, "error_max": 0.3315131683490972, "target": "1019.xyz", "model": "7.xyz", "model_rescale": 3.7474275329858107, "target_rescale": 4.303229911642267},
{"mapping": [3, 5, 8, 9, 4, 7, 6, 1, 10, 12, 0, 13, 11, 14], "R": [[-0.6307226228991611, -0.6399623771197998, -0.4389044643591332], [0.5891977406028659, -0.026855259106329243, -0.807542455556864], [0.5050098963700418, -0.767936814412167, 0.3940026061320058]], "T": [0.03935807078592686, -0.031070940326244655, 0.07011835507044145], "aligned_model": [[-0.6313401234547286, -0.4374808017832753, -0.07954552836149369, 0.1714933255885585, 0.38369178256866526, -0.1401513670821491, -0.6722645511886904, -0.034820382544590175, -0.031024414661949953, 0.5177549464767605, -0.4200041384339239, 0.8867073097464344, 0.42373858143875165, 0.06791724778946694], [-0.2031762922975122, 0.32022880043691687, -0.15519718224818044, 0.519035232400062, -0.4468751504601535, 0.6257068624514237, 0.3167394220097859, -0.681475781841221, 0.45180347396350345, -0.03954006574296644, -0.1836449510826442, -0.31087367641758407, 0.4568947754216774, -0.08181048762661239], [-0.11610252735089793, -0.33266526645426153, -0.5899308294852634, -0.4400423188892992, -0.4962446024138591, 0.052887237322527814, 0.2690135388819014, 0.4392699760139546, 0.6507576281606917, 0.4596145964429102, 0.5172433595259354, -0.03860848062993849, 0.09503900664215242, 0.056629446485466584]], "inverted": true, "swapped": false, "error_lsq": 0.04418481701291886, "error_max": 0.30191578782426215, "target": "1019.xyz", "model": "8.xyz", "model_rescale": 4.019505241142653, "target_rescale": 4.303229911642267},
{"mapping": [10, 0, 11, 9, 8, 12, 4, 6, 5, 1, 2, 3, 13], "R": [[0.7939708950100473, 0.6017432591872109, 0.08669064482225353], [0.3225688170981271, -0.2960924229713898, -0.8990431776588079], [-0.5153247288000645, 0.7417778151722287, -0.4291923773850781]], "T": [-0.03749303369235747, -0.03379654810570175, -0.05091874016012242], "aligned_model": [[-0.23395332987594708, -0.7611894727025668, 0.19828184351715955, 0.2883718433427089, 0.42047022494839686, 0.6323816439400264, 0.17619650365201867, -0.32652762333133395, 0.22179762343830633, -0.3214297580444175, -0.2863929968536813, 0.35134816908907107, -0.03965389937856491], [-0.6358899154467424, 0.09402065629141447, 0.2642259378102322, -0.353808937626912, -0.7378636319906228, -0.16334652780239006, 0.6050005570342587, -0.6153514589719683, -0.3324232235555832, 0.08436318340531192, 0.5757364922302146, 0.34115249751765175, -0.06243740078080638], [-0.2672343286543705, 0.027551014912500185, -0.7500474291917014, -0.6608424451165545, -0.025671088461997768, 0.05671878660970123, -0.23097866143452617, 0.38867382922469607, 0.518978810362885, 0.5627763004262042, 0.1640848899358256, 0.45747421227539986, -0.06478039684418276]], "inverted": false, "swapped": true, "error_lsq": 0.04912766960503329, "error_max": 0.3395060833098653, "target": "1019.xyz", "model": "9.xyz", "model_rescale": 3.877068213659057, "target_rescale": 4.303229911642267},
{"mapping": [4, 5, 3, 12, 6, 0, 1, 2, 8, 9, 7, 14, 11, 15], "R": [[0.1940393452403712, 0.8515006836050834, 0.4871296730017217], [0.37127188722968496, 0.3958873870417307, -0.8398990192482543], [-0.9080230824442718, 0.3438310087838896, -0.2393205364089272]], "T": [0.09029125114950307, -0.05894964969024533, -0.021700410563197395], "aligned_model": [[-0.48457119952811, -0.48833449577991195, -0.22918099348082113, 0.17537842968124057, 0.39115021135990935, -0.08305727620951434, -0.6612546967277779, 0.06723090484787492, 0.05364467301046494, 0.48281062316296064, -0.48055125539296817, 0.7170011617491135, 0.47123218586250437, 0.07317361354287144], [-0.41616370349235615, 0.32427226472155907, -0.2052896904748671, 0.49260338431693146, -0.1263297192821925, 0.7168573142613537, 0.32944596212692545, -0.5634860321403259, 0.2744037524832607, -0.15170911335517723, -0.17116410854155004, -0.5016203037128055, 0.5565615170324754, 0.029433455023263604], [-0.017014014062403732, -0.38132334023740233, -0.5501731346485969, -0.5184343820615404, -0.555786908621092, 0.021193392957271476, 0.17126110672416117, 0.40872567735683124, 0.6731776171352946, 0.5007644479626258, 0.5508668932237253, 0.12251791927754326, 0.1221233849760817, -0.021037895730478567]], "inverted": false, "swapped": false, "error_lsq": 0.039659050145144883, "error_max": 0.26052874792185393, "target": "1019.xyz", "model": "10.xyz", "model_rescale": 4.260839863003843, "target_rescale": 4.303229911642267},
{"mapping": [8, 9, 7, 10, 0, 6, 5, 12, 4, 2, 1, 13], "R": [[-0.7507449137532499, -0.6478921148493967, 0.1289103641667403], [0.6420412554863412, -0.6697128510807134, 0.3731859099039845], [-0.15545128087972826, 0.36293319579961025, 0.9187569834616408]], "T": [0.027896408201901625, -0.02860927399614109, 0.0630945893007939], "aligned_model": [[0.36102826124981446, 0.20143724878949906, -0.4847457308564015, -0.295929261098827, -0.644591264388099, -0.2849950284176963, 0.3159411403128277, 0.6753705878521923, 0.31554101668130646, -0.08135570686895066, -0.1377658499157293, 0.018963235754194216], [-0.018174045707322853, -0.6540643000801072, -0.5854490848549626, -0.17287612947998326, 0.14065025702119366, 0.4864775506097091, 0.519137792890788, -0.0064221268768094725, -0.28084679222318387, 0.17579956561151255, 0.6088454248125013, -0.039999606190401604], [-0.7082629952777, -0.3360198809886077, -0.04126267673010067, -0.5045580466562404, 0.3187170010948006, -0.4386755248215751, -0.25026803973709044, -0.17645923623850931, 0.6460039722810165, 0.7157731330879228, 0.2565135946465349, 0.03467677673505363]], "inverted": true, "swapped": true, "error_lsq": 0.04797130057728168, "error_max": 0.3092162696776817, "target": "1019.xyz", "model": "11.xyz", "model_rescale": 3.890672605050136, "target_rescale": 4.303229911642267},
{"mapping": [6, 8, 8, 3, 7, 0, 1, 9, 2, 10, 11, 12, 4, 13], "R": [[0.41843238172464914, 0.16616430223681783, 0.8929186785964269], [0.905529157342643, -0.0003110231357212889, -0.4242839243560048], [-0.07022312387355312, 0.9860980316006926, -0.15059676273638523]], "T": [-0.08698324017337826, -0.03955679577700937, 0.08232081170035746], "aligned_model": [[-0.6381869936248941, -0.3067255685468436, -0.3067255685468436, 0.17741106591117428, 0.5417732689585117, -0.2657640346445108, -0.6270446960466831, -0.11953462075814737, 0.12170142439455243, 0.5598389805568974, -0.16112721057132734, 0.5948807724801161, 0.3638568744813597, 0.07031819205447469], [-0.20688646173087957, -0.021062121885754254, -0.021062121885754254, 0.5768880725444535, -0.11870038659952892, 0.48735439415485954, 0.48167373539655983, -0.7996116020192179, 0.3153203815940309, -0.10414517822733921, -0.1358636939034285, -0.3396059120935377, 0.4863545956776994, -0.0128387220556678], [0.06703850119821049, -0.6036546266331131, -0.6036546266331131, -0.5526236986564432, -0.48808756352952853, -0.11540770217679786, 0.28713938420481466, 0.24687328099676656, 0.6620423253791422, 0.696315811732578, 0.6189676386938165, 0.09513263400706401, 0.1882332433664094, 0.028546162302214573]], "inverted": false, "swapped": false, "error_lsq": 0.0550942500292323, "error_max": 0.3946453004659958, "target": "1019.xyz", "model": "12.xyz", "model_rescale": 4.124412569039231, "target_rescale": 4.303229911642267},
{"mapping": [6, 10, 7, 5, 0, 1, 8, 3, 9, 12, 4, 11, 13], "R": [[0.10781697110459243, -0.8360466685530148, -0.5379604713575497], [0.4738333697226045, -0.4324878449240548, 0.7670959534049624], [-0.873989381216473, -0.33760958516362105, 0.3495172807265682]], "T": [0.20218700220854785, 0.05450140258487354, -0.008144462659945116], "aligned_model": [[-0.30466876880520016, -0.07159646511654683, 0.5563659981776826, -0.4004043777847565, 0.6010664435801583, 0.15148272077429575, -0.5608909064307872, 0.0827704321954928, 0.07713993260615373, -0.25582672811696977, 0.672409161843343, 0.632033023995716, 0.18741784059117597], [-0.153617314272306, 0.4581952163628462, 0.6060529785481172, -0.28573687900594014, -0.19996139430594742, -0.5943828540516367, 0.4032748713181673, -0.4824255542613298, 0.7901713118152358, 0.1334311852553287, -0.006604657868030522, 0.6008789670864132, 0.07820949988756007], [0.5529014913425495, 0.4500906544306967, 0.3844253713005384, -0.05625158017408384, 0.5596364389972713, 0.20998780400481284, -0.054484743687463144, -0.5058359209939929, -0.16227359175882353, -0.5191186600344558, -0.5193232035317725, -0.3953034393411027, 0.0072474604136649]], "inverted": false, "swapped": true, "error_lsq": 0.04582712800365717, "error_max": 0.30202406058012293, "target": "1019.xyz", "model": "13.xyz", "model_rescale": 3.9028299243045295, "target_rescale": 4.303229911642267},
{"mapping": [7, 10, 14, 13, 11, 5, 4, 6, 0, 2, 3, 1, 8, 15], "R": [[0.38642489875647884, 0.5673069886688236, -0.7272128837063851], [0.8627800578021265, -0.5010404016527972, 0.0675950277059123], [-0.3260159037225092, -0.6535451755763446, -0.6830756429568254]], "T": [0.06262577125253914, 0.03633358448366624, 0.05525785678844333], "aligned_model": [[-0.7324717713242253, -0.5339847303223204, -0.04865823754714067, 0.08951109472900508, 0.4176336148349613, 0.01721636367632523, -0.4959270299530691, 0.03845366411219352, -0.05808712727350886, 0.5544200782783807, -0.23395525177094567, 0.5286479765672734, 0.46341906868038424, -0.00154582658947712], [-0.38278560601011397, 0.17309679955218477, -0.10623601537080613, 0.5177634922540559, -0.351001562466586, 0.5358564695252789, 0.35612943910435696, -0.6003029720891918, 0.4231374044987068, 0.00436039424448488, -0.158889057847991, -0.416455555500115, 0.6418809611109535, -0.04873921203872306], [-0.05782157452158357, -0.36983546762831443, -0.8109640728380012, -0.5773192334392963, -0.46416259262600856, -0.047293138713471836, 0.26765525205377816, 0.25151754781206304, 0.7784643350475507, 0.6023098143196138, 0.5677198182465988, 0.05324425078291281, 0.31828687981508363, 0.01505894594109504]], "inverted": false, "swapped": false, "error_lsq": 0.04541236090957558, "error_max": 0.2579977830582338, "target": "1019.xyz", "model": "14.xyz", "model_rescale": 3.942246331269136, "target_rescale": 4.303229911642267},
{"mapping": [10, 6, 11, 8, 13, 7, 9, 3, 2, 1, 5, 12, 0, 14], "R": [[-0.7740787002134718, -0.6244665806459287, 0.10413287440671247], [-0.6268743512316798, 0.7330489444256763, -0.26394657195020144], [0.0884913195951048, -0.2695936474266114, -0.9588996567021669]], "T": [-0.056696145752137606, -0.05909034882995557, -0.007078848322668314], "aligned_model": [[-0.6968651744079559, -0.3381297224577251, -0.1685165115289865, 0.2445460089283072, 0.4009232914853565, -0.22759249657733485, -0.7496722545952224, 0.13138682291282383, -0.03472726389018746, 0.48188148438562534, -0.11920256733016937, 0.7035995077835944, 0.36374005344335136, 0.013300707946358875], [-0.3353506065138603, 0.3036936404165967, -0.1017713119394533, 0.4877489208533128, -0.4846817568126868, 0.7761499782734939, 0.28218989858756305, -0.6298915052422868, 0.4492092015706941, -0.20487330988458569, -0.08388345006053036, -0.3576737708597972, 0.49936883825200273, -0.01241978767396764], [-0.15828863906867335, -0.3264098809322139, -0.7140339854014844, -0.4643106316268741, -0.5270656275959803, 0.05732255992119883, 0.21980043990720963, 0.38707691687323426, 0.5619526568962604, 0.5805629646569341, 0.6239978566680913, 0.02249677451730362, 0.22111892037384429, 0.04264043906317004]], "inverted": false, "swapped": false, "error_lsq": 0.040592773638750426, "error_max": 0.3022445097171041, "target": "1019.xyz", "model": "15.xyz", "model_rescale": 4.355366556412066, "target_rescale": 4.303229911642267},
{"mapping": [3, 1, 2, 9, 4, 12, 7, 8, 0, 5, 10, 13], "R": [[-0.9982682711068717, 0.028737807717590352, -0.051328328522214445], [-0.05710183394746374, -0.2637046198697287, 0.9629118620201946], [0.01413645857822414, 0.9641753014192744, 0.2648889364845528]], "T": [-0.034165230430153924, 0.003840055896125027, -0.10807465752818626], "aligned_model": [[-0.16041963410361224, 0.4959400991225538, 0.10650509730746088, -0.5374591630583521, -0.48288049412814493, -0.4596234579793496, -0.028821902743863727, -0.17696319295410026, 0.5375601797929942, 0.16645042158252632, 0.16958795199300722, -0.03206735019933889], [-0.6398482694048272, -0.41278512631014225, -0.5820488042199691, 0.5759265548453759, -0.4324762296673813, -0.03485880087332589, 0.5383224102707881, 0.5015098533200363, -0.057417982900024075, -0.11694366728823316, 0.6381780907050827, 0.03521839926360025], [0.23829628135784928, 0.02082524766260546, -0.4496217002080277, -0.10419799664981713, -0.4153680779450555, 0.4346857069394682, -0.6540261557222636, 0.5537499139576397, -0.5724115869502724, 0.5448858364060758, -0.04478640391526423, -0.10277260372351674]], "inverted": false, "swapped": true, "error_lsq": 0.048129965990506306, "error_max": 0.2722752688119025, "target": "1019.xyz", "model": "16.xyz", "model_rescale": 3.795458400668931, "target_rescale": 4.303229911642267},
{"mapping": [12, 3, 4, 8, 11, 1, 5, 9, 10, 0, 2, 7, 13], "R": [[-0.8779258936674014, 0.4269093071181451, 0.21678230722132197], [0.38445241243490413, 0.35867620598696665, 0.8506160836898028], [0.28538126743231906, 0.830120366425677, -0.4790174416908249]], "T": [-0.0969870910861462, 0.11482539321517837, -0.007562517719360791], "aligned_model": [[0.03419442179407389, -0.05018686438455944, 0.5009314529686831, -0.34668957030483927, 0.6551567634955648, -0.5600883054502048, -0.5535265949744237, 0.2592130946608191, -0.39749003707246144, -0.377712006093628, 0.02124088785544964, 0.06942821316021369, -0.10583965475046578], [-0.3484079657604026, 0.3146598692606065, 0.4113533793399398, -0.6759647076577757, -0.010552861177699407, 0.5543242894220579, -0.09311972496145135, -0.4992621225908709, -0.2823138223652907, 0.664078001303795, 0.7820388608042715, 0.056348880121755984, 0.09059918973154962], [-0.5028476719005496, -0.7203903951517799, -0.20933244430689227, -0.14312776778266328, 0.2199194244256155, -0.2597159906564873, -0.486648380037982, 0.2692419692473733, 0.4395212861696923, 0.39955708465689843, -0.15093829510317536, 0.7358414240229668, 0.011194787253278927]], "inverted": true, "swapped": true, "error_lsq": 0.048074816427394654, "error_max": 0.3315131683490972, "target": "1019.xyz", "model": "17.xyz", "model_rescale": 3.7474275329858107, "target_rescale": 4.303229911642267},
{"mapping": [12, 5, 9, 4, 6, 8, 10, 7, 3, 1, 11, 2, 0, 13], "R": [[0.8442151526497038, -0.11481922338044989, -0.5235621471983513], [-0.3260568372671012, -0.8852833723538347, -0.33160260780819734], [-0.425426509409102, 0.45065496399810406, -0.7848072301628313]], "T": [-0.01778114235535807, 0.018897265557768664, 0.089034599674787], "aligned_model": [[-0.6026879322698335, -0.5430945005817372, -0.05093699724651548, 0.11815761386366574, 0.4220303021353768, -0.051086205563860405, -0.6186205419284775, -0.06930954211282095, -0.05402082647081249, 0.39403698672833914, -0.34636110792488733, 0.6150072284256795, 0.7072467129646899, 0.08431069607902969], [-0.390912245678957, 0.2462706138393355, -0.3029652094795487, 0.48295986285522247, -0.0773801567543921, 0.7365744379020281, 0.3159848402669567, -0.7131583041082655, 0.4087543673654592, -0.07120635401722178, -0.20635286429250171, -0.2888602669928573, 0.4308692825503984, 0.017236975510838533], [-0.13272458260490955, -0.35319517411984, -0.49665252013011707, -0.5857930689694173, -0.537300265000836, 0.06286782151380826, 0.2538689387473321, 0.25891322980721554, 0.643369612798218, 0.6374920575574978, 0.6915578332806106, -0.004222586495036873, 0.027747920813021076, 0.06093154705447421]], "inverted": false, "swapped": false, "error_lsq": 0.042275807319329214, "error_max": 0.3043529359072605, "target": "1019.xyz", "model": "18.xyz", "model_rescale": 3.922800546911778, "target_rescale": 4.303229911642267},
{"mapping": [9, 11, 10, 4, 6, 13, 7, 0, 12, 5, 3, 1, 8, 14], "R": [[-0.7653810881569201, -0.5650760713370114, -0.3080273096562348], [-0.14603840611358646, -0.3136391538218266, 0.9382447788981998], [-0.6267890983668528, 0.7630986271723057, 0.15753066804978083]], "T": [0.07005617565382279, 0.027774493424821415, 0.03335552643133441], "aligned_model": [[-0.624117583904261, -0.4440280809392613, -0.16902809223837945, 0.11604010946399995, 0.520038296107737, -0.07922447943054976, -0.6548383290642655, 0.09570590966278954, -0.0746885454598789, 0.4814398633479672, -0.2971951693525724, 0.5785732905900395, 0.5778346543118484, -0.021839956997377133], [-0.35580834062217503, 0.34099616248509185, -0.1755385939282239, 0.4040304818089856, -0.01500163530998402, 0.6972666047598542, 0.26011537095672543, -0.6077430487704922, 0.39492945675930324, -0.054711438231084306, -0.20635495137290613, -0.5024089193873028, 0.3673862405541741, 0.040657589264528934], [-0.15030227187969222, -0.3472402905754204, -0.7096809118546548, -0.5832351385390023, -0.48765701276074114, -0.002829355742382883, 0.2757533249276858, 0.575482984123873, 0.7136938563636449, 0.6709237602414412, 0.5018201422293761, -0.057742862861127536, 0.06822000470232699, 0.059654535876693865]], "inverted": false, "swapped": false, "error_lsq": 0.04136653385983751, "error_max": 0.25544082031530363, "target": "1019.xyz", "model": "19.xyz", "model_rescale": 3.9282355846067225, "target_rescale": 4.303229911642267},
{"mapping": [6, 5, 7, 2, 12, 1, 3, 8, 0, 11, 4, 9, 10, 13], "R": [[-0.1956858625868935, 0.18128503269402046, -0.9637648987718692], [0.03568891107717388, 0.9834305205041984, 0.1777377646055201], [0.9800170125103693, 0.0003850480095266978, -0.1989133151105812]], "T": [-0.040634033314685625, -0.0577322212290808, -0.0009880218255389067], "aligned_model": [[-0.611922706527714, -0.5793675375087718, 0.017249161739054532, 0.03957424510867097, 0.6672774106878591, -0.20348106670635205, -0.6158027958650094, -0.057366980443294996, 0.014513539954647062, 0.4039852353820671, -0.20513907518539332, 0.5016764371064055, 0.6482841158108872, -0.01480809745522002], [-0.32385481277511446, 0.2560173107773284, -0.17549048781542034, 0.5818324067774546, -0.2741939172618036, 0.6698520675422405, 0.2724457735881141, -0.7523633486143367, 0.4496973842206015, -0.004912611580050484, -0.1854635799518009, -0.4782911905068727, 0.4554987270577581, 0.09704125750839723], [-0.17318579238132986, -0.3156586351231771, -0.6099874493791073, -0.5140571487812553, -0.4190790010016442, 0.07386344947113471, 0.3547063068702988, 0.30857487077637724, 0.6151864087316874, 0.5583749784399805, 0.5956614867955414, 0.08535045319829257, -0.06595052268143635, 0.033061359316657664]], "inverted": true, "swapped": false, "error_lsq": 0.03959507405026117, "error_max": 0.29620823201093605, "target": "1019.xyz", "model": "20.xyz", "model_rescale": 4.067790424073018, "target_rescale": 4.303229911642267},
{"mapping": [13, 6, 11, 3, 12, 2, 4, 1, 0, 7, 8, 9, 0, 14], "R": [[0.9529532268591983, 0.019496117099582128, -0.30248974996961636], [-0.19364341150220094, -0.7285906800456636, -0.6570067352260456], [-0.2332002928823866, 0.6846718355304511, -0.6905375449828433]], "T": [-0.09932201172760993, -0.02026085426871012, 0.011070504338853197], "aligned_model": [[-0.41442051961195536, -0.6342952866698643, -0.06168856781285334, 0.16912975653212733, 0.5447107825452928, -0.18812003505295039, -0.6812819064987629, -0.0071598766452998786, 0.33783395890476, 0.35472805721734546, -0.17958512563750076, 0.49164436192871575, 0.33783395890476, -0.06465767200597851], [-0.5862233339309749, 0.32805474204399954, -0.12712027122114927, 0.5568290328649346, -0.07658507008975092, 0.7171955560680178, 0.3786284004080359, -0.7109120856410915, 0.45084372822744684, -0.16901533504102217, -0.02117997047618901, -0.5218713979749756, 0.45084372822744684, -0.08167274449823347], [-0.25449098952047416, -0.36314433122790013, -0.6254803914164254, -0.5534168090147045, -0.40010246353582263, 0.05573464482887235, 0.3914420833476659, 0.4444434600475618, 0.3134165961153986, 0.5841102905230474, 0.5756277507682463, 0.06759932105287336, 0.3134165961153986, -0.022294993831717375]], "inverted": false, "swapped": false, "error_lsq": 0.04639456504035731, "error_max": 0.4123683296071858, "target": "1019.xyz", "model": "21.xyz", "model_rescale": 4.186013935880536, "target_rescale": 4.303229911642267},
{"mapping": [6, 5, 1, 7, 9, 0, 10, 8, 2, 3, 12, 4, 13], "R": [[-0.3579460401157218, -0.8129979050437963, -0.4592483410529345], [0.26596046820030383, 0.38269228011091677, -0.8847664370319337], [0.8950640545347295, -0.43884054636952796, 0.07924211722275493]], "T": [0.06950736907167696, -0.022643143310466303, 0.08455289995245303], "aligned_model": [[-0.10577184623561753, -0.42829114237296484, 0.22806632451859643, 0.4577079961212158, -0.23260992570879782, 0.709440157110765, -0.04682512859101043, -0.6874029305403506, 0.5523131961253682, -0.15754095760932824, -0.5688112430269585, 0.27937745574615114, 0.05892207988615707], [-0.34318779541111344, 0.14269084019995665, 0.2876714921672547, -0.6167168873934719, -0.47068582868695985, -0.14713685470266713, -0.6705630989469096, -0.3829767516124322, 0.46785553292422133, 0.6748118644735237, 0.1788837350097714, 0.4510345274749261, -0.05272411595000656], [-0.6093614017518157, -0.36937889025142545, -0.506858355505791, 0.3676423494530449, 0.6217545992005867, -0.26361174307354956, -0.03616158084359811, 0.02689236006024854, 0.006978020949584898, -0.026141414937104937, 0.25495649411818216, 0.5511689584776239, 0.08500016543935976]], "inverted": false, "swapped": true, "error_lsq": 0.050679959539307304, "error_max": 0.2791813552210071, "target": "1019.xyz", "model": "22.xyz", "model_rescale": 4.166573947596378, "target_rescale": 4.303229911642267},
{"mapping": [2, 3, 4, 8, 0, 9, 11, 6, 14, 13, 12, 5, 10, 15], "R": [[-0.8167314644312705, 0.39201237378009773, 0.4234099831265741], [0.13958973884843465, -0.5777630561010326, 0.8041794301106074], [0.5598789331776814, 0.7159023325901993, 0.4171563620223638]], "T": [-0.027797810199975865, 0.058146401602722456, 0.021662079347817734], "aligned_model": [[-0.4622477238101123, -0.5108627195522896, -0.14299127237255504, 0.1417373412841402, 0.42926436762499953, -0.19988674395699338, -0.7571027963410085, -0.15570204970984372, 0.14549109661015347, 0.6419199218091318, -0.32717843401256536, 0.6185377839949419, 0.5850919573590807, -0.0013988428292433172], [-0.41501127702656004, 0.19247431469849346, -0.07740964182550171, 0.5231741522935334, -0.2618739536353356, 0.6323406355737462, 0.2501410543801309, -0.6285594426225525, 0.411093525505885, 0.008938122324479894, -0.019408673824992617, -0.44562054843721544, 0.42205506956998295, -0.004518358007599324], [-0.17879819828190485, -0.3100470660368707, -0.691225386334792, -0.6179363600810861, -0.5745232112063963, 0.05535995516954097, 0.2526287824050216, 0.3236276750522271, 0.7082311186477865, 0.5372877609995329, 0.5993625273225474, 0.1614159377042408, 0.2516139162697664, 0.009863312622406719]], "inverted": false, "swapped": false, "error_lsq": 0.03547663108848583, "error_max": 0.24563460808153423, "target": "1019.xyz", "model": "23.xyz", "model_rescale": 4.274766983524099, "target_rescale": 4.303229911642267},
{"mapping": [11, 12, 8, 10, 5, 6, 0, 1, 2, 3, 13], "R": [[-0.5348832685528292, 0.37194779175934384, 0.7586532338477112], [-0.511515295841541, -0.8572030683880495, 0.0596238347161096], [0.6724968335556556, -0.35617094175614744, 0.6487605637723028]], "T": [0.0453617449750012, -0.0005800800407100293, -0.0686503458159233], "aligned_model": [[0.522681476636932, -0.013440079154327891, -0.5777076408708612, -0.5131638213173612, -0.3364616487522396, -0.6540475352808547, 0.05317299764302491, -0.017658899627922803, 0.551194371776701, 0.3447545359167149, 0.020570946988269487], [-0.07306705047489423, 0.6609292359802907, 0.4541030107264142, -0.24555224150590524, 0.47437783491701835, -0.07019357400502084, -0.6373284869523184, -0.020889271090724686, -0.1646872322645585, 0.5449618564542211, -0.007067550541039051], [-0.7011846385978611, -0.2585157940631436, -0.40200612600198715, -0.34422853200470016, 0.26273859376903586, 0.27915614574059655, 0.30647860090026147, 0.6145914295019443, 0.3750956131844492, 0.3350768072688929, -0.08763566567591122]], "inverted": true, "swapped": true, "error_lsq": 0.05179847673990896, "error_max": 0.22094428642018185, "target": "1019.xyz", "model": "24.xyz", "model_rescale": 3.7841303162186577, "target_rescale": 4.303229911642267},
{"mapping": [7, 6, 11, 3, 13, 4, 1, 10, 2, 9, 8, 14, 5, 15], "R": [[0.5538281896354352, -0.29514668065069716, -0.7785645594721172], [0.09912862180165039, 0.9517877002353968, -0.2902993110917075], [0.8267090496086528, 0.0835979101502543, 0.5563843426208794]], "T": [-0.05792885344818097, -0.040654810108845967, 0.10055080968052613], "aligned_model": [[-0.5278576365078314, -0.4267876314424762, -0.07136735621094684, 0.1553242153296208, 0.5033835503413948, -0.22256561562625354, -0.6349849929998358, -0.04481725154780736, 0.2277781455197231, 0.35437939730218126, -0.2681143139405331, 0.6075287463474067, 0.4334432454307916, -0.08067061589759814], [-0.41483839484331436, 0.28444700934091915, -0.3220892112529964, 0.4663265366144965, -0.12497834436271707, 0.686228689808114, 0.2913518768716108, -0.8164370561579203, 0.4378349679717125, -0.19564868495644513, 0.08748645357639528, -0.4710421151924533, 0.6855011899698478, -0.006327938420754735], [-0.14836512767101873, -0.4288625081818379, -0.613621195972744, -0.4880873902050975, -0.43779659134779214, 0.06534488764535028, 0.43193301410497287, 0.1575165703430363, 0.6086965278956791, 0.48541379003720686, 0.6380074799132345, 0.13564942514790457, 0.07626769956941168, 0.04476418297371423]], "inverted": true, "swapped": false, "error_lsq": 0.03632634747260214, "error_max": 0.25947775022773556, "target": "1019.xyz", "model": "25.xyz", "model_rescale": 4.19342608120988, "target_rescale": 4.303229911642267},
{"mapping": [3, 1, 2, 9, 4, 12, 7, 8, 0, 5, 10, 13], "R": [[-0.9982682711068717, 0.028737807717590352, -0.051328328522214445], [-0.05710183394746374, -0.2637046198697287, 0.9629118620201946], [0.01413645857822414, 0.9641753014192744, 0.2648889364845528]], "T": [-0.034165230430153924, 0.003840055896125027, -0.10807465752818626], "aligned_model": [[-0.16041963410361224, 0.4959400991225538, 0.10650509730746088, -0.5374591630583521, -0.48288049412814493, -0.4596234579793496, -0.028821902743863727, -0.17696319295410026, 0.5375601797929942, 0.16645042158252632, 0.16958795199300722, -0.03206735019933889], [-0.6398482694048272, -0.41278512631014225, -0.5820488042199691, 0.5759265548453759, -0.4324762296673813, -0.03485880087332589, 0.5383224102707881, 0.5015098533200363, -0.057417982900024075, -0.11694366728823316, 0.6381780907050827, 0.03521839926360025], [0.23829628135784928, 0.02082524766260546, -0.4496217002080277, -0.10419799664981713, -0.4153680779450555, 0.4346857069394682, -0.6540261557222636, 0.5537499139576397, -0.5724115869502724, 0.5448858364060758, -0.04478640391526423, -0.10277260372351674]], "inverted": false, "swapped": true, "error_lsq": 0.048129965990506306, "error_max": 0.2722752688119025, "target": "1019.xyz", "model": "26.xyz", "model_rescale": 3.795458400668931, "target_rescale": 4.303229911642267},
{"mapping": [5, 6, 8, 12, 11, 2, 1, 3, 0, 10, 4, 7, 13], "R": [[0.3483742403929369, -0.09469719441221497, -0.9325598264996725], [-0.4660718345244544, 0.8456860367726506, -0.25998494623877066], [0.8132726687241209, 0.5252119273000395, 0.2504795355475656]], "T": [-0.11429956935506799, -0.0011035715820636588, -0.05425336112103442], "aligned_model": [[0.05626494186954978, 0.4289020864049353, 0.5075077294863406, -0.0966492294709916, -0.33352725043156584, -0.708738951945796, -0.2829022653443489, -0.6117708973372971, -0.15078984937814827, 0.5348583579957013, -0.742129403071784, 0.1825305582723835, -0.08387944422772242], [-0.639102220131206, -0.4950039080314835, -0.19666591820422652, -0.2060304251655049, 0.7057447087626244, -0.08086640997410648, -0.5492008388571267, -0.48146178391290156, 0.027580758128790225, 0.13298168291450685, 0.25701764875928296, 0.6389520277701038, 0.007936181198161979], [-0.2665225916227702, 0.22139705925508185, -0.5845262158689731, -0.7136429032916651, -0.3466449668235042, 0.2921394648931434, 0.3230607055893649, -0.32262982723234923, 0.6833623550415111, 0.038053922895305, -0.2134691601477839, 0.23897638112830177, -0.05741756171623589]], "inverted": true, "swapped": true, "error_lsq": 0.05201372859710894, "error_max": 0.30035827629298806, "target": "1019.xyz", "model": "27.xyz", "model_rescale": 3.6321398670334006, "target_rescale": 4.303229911642267},
