[{"mapping": [6, 4, 0, 1, 8, 7, 10, 5, 3, 9, 11, 12, 13], "R": [[-0.11009106420003234, 0.09639614855125217, -0.9892359375436122], [0.4445022889401757, 0.894982207866936, 0.03774337993038039], [0.8889868799426959, -0.43556242967697456, -0.14137785238021428]], "T": [0.02601385833228871, -0.1555788267588456, 0.09353544497498069], "aligned_model": [[0.24448222165189237, -0.4336334562943403, -0.3461764053469567, 0.29092788587566404, -0.015466192197137171, -0.5328405635447204, -0.4220112393613907, 0.7415827460691702, 0.2414670457647809, -0.6854157131207712, 0.14009774451964663, -0.1469870404078623, -0.07864863933074269], [-0.3129974937194956, -0.20400664719446696, -0.7020917502045749, -0.39235318526968, 0.3329603957096671, 0.20719901606968028, 0.6764887150981137, 0.06573708413091281, -0.5828631352616012, -0.07891906425351917, 0.5303616885643108, -0.007642018044694415, -0.04376652458818461], [-0.6220323168117273, -0.7429950798568777, 0.4912922383925197, 0.5482909557557764, -0.5148952948308227, -0.2634918010114625, 0.44334402443853743, -0.013149581770277113, -0.11672237183627086, 0.25080723977293234, 0.03410214459654519, 0.6257996628557044, 0.0380049765667999]], "inverted": false, "swapped": false, "error_lsq": 0.04461962781569988, "error_max": 0.33431153402096514, "target": "1021.xyz", "model": "0.xyz", "model_rescale": 3.8414455957264533, "target_rescale": 3.8682008026390062},
{"mapping": [8, 6, 2, 7, 12, 10, 1, 13, 9, 5, 11, 4, 14], "R": [[-0.27242329019914235, 0.6780388125539544, 0.6826777567985485], [-0.40992551216234496, 0.5601112705378598, -0.7198864070774668], [-0.8704864303569089, -0.4759608526831682, 0.1253580523045822]], "T": [-0.06813084058365453, -0.06257564715176556, 0.09658767244790271], "aligned_model": [[0.19438040243947663, -0.4768700082115369, -0.44411477005133565, 0.2635222468238973, 0.038487520577092996, -0.509811822737762, -0.27363252148736145, 0.6555901374764119, 0.34613632247686354, -0.718406195987622, 0.27659376103497824, -0.24496310721673414, -0.10953357085913554], [-0.08838309821255418, -0.5858253368321978, -0.6473729686697329, -0.45474037705463166, 0.4735347487947065, 0.16560411761797572, 0.6897875355787886, 0.06578056386774689, -0.5799517787345135, -0.15769686732342109, 0.7139711562726182, -0.12347069632882557, 0.01687008206050887], [-0.6482104345963935, -0.3147141982989249, 0.344080915074613, 0.48281047908724756, -0.4358667502857116, -0.3737666677716797, 0.4710427319490983, -0.089422084414003, -0.06532074633167413, 0.04742772320267922, 0.03021438519903584, 0.6073120377481317, 0.10276740569895812]], "inverted": false, "swapped": false, "error_lsq": 0.04557117182039101, "error_max": 0.27991870008476527, "target": "1021.xyz", "model": "1.xyz", "model_rescale": 4.316132596720782, "target_rescale": 3.8682008026390062},
{"mapping": [3, 11, 2, 0, 8, 7, 1, 4, 9, 10, 5, 12], "R": [[0.7340603044266667, -0.4436165880848091, -0.5141593062865076], [0.322706245644349, -0.43830761529196444, 0.8388963663046831], [-0.5975082831954374, -0.7817229414268616, -0.17858637786734124]], "T": [-0.016467193393889194, 0.01848877270538062, 0.06822316124794991], "aligned_model": [[-0.2561249597626573, 0.39544644281901487, 0.1084458514295367, -0.5840747218860074, -0.3171411701609907, -0.5596046276824821, -0.22035901772941177, -0.06607265788539027, 0.4722131230411602, 0.17557466574317182, 0.3863148560441315, 0.06319077066170505], [-0.7977740937577265, -0.46425761568738516, -0.557369027120428, 0.37441131944093886, -0.26052817149893387, -0.07240153580708897, 0.399673259068918, 0.5758075300320014, 0.06619387740484478, 0.09286446273674313, 0.5972421841783351, 0.05891423875076203], [-0.015579087205613101, 0.035197473565095866, -0.6277100126810312, -0.0462461425364144, -0.32286079854742616, 0.48286639315491664, -0.6368703176605008, 0.3162210689288487, -0.4366463403457558, 0.7298448741905624, -0.07706410695966587, 0.0481054573064051]], "inverted": true, "swapped": true, "error_lsq": 0.051222887051023146, "error_max": 0.29605081670350764, "target": "1021.xyz", "model": "2.xyz", "model_rescale": 3.795458400668931, "target_rescale": 3.8682008026390062},
{"mapping": [4, 7, 0, 2, 5, 9, 8, 10, 3, 11, 1, 12], "R": [[-0.16097544651220863, 0.5040498202779424, 0.848540325675786], [-0.9838746174504613, -0.014043592996365512, -0.17830736000642539], [-0.07795923779067895, -0.8635603952090012, 0.49818249775516005]], "T": [0.10634096196988657, -0.04615133377485961, -0.029429748165413834], "aligned_model": [[-0.0654503736501755, -0.09002005889839149, -0.5429655118204597, 0.1435701348199045, 0.10038838449105486, 0.23874197312569057, -0.18086823825518694, 0.5204323229434762, 0.2405221525768828, 0.6238982109693891, -0.536478741622797, 0.14153357106417783], [0.023352348301671794, -0.6886473679258468, -0.1642671782516254, 0.20532585680067453, 0.5637073502447991, 0.5993462481419957, -0.11581886245885911, -0.3092561652920456, -0.5191584158757663, 0.009330077620854235, 0.446953453272543, 0.03490170071131431], [-0.6127177017297657, -0.18379789921077355, -0.1919478627312063, 0.8463051822052351, -0.411966325882467, 0.21912665651838598, 0.45416023293471813, -0.5187755383434128, 0.6698580590806317, 0.3350752891782796, 0.13688561594227483, -0.053434277322799664]], "inverted": false, "swapped": true, "error_lsq": 0.06229649440924959, "error_max": 0.3497313931135171, "target": "1021.xyz", "model": "3.xyz", "model_rescale": 3.7530521520055578, "target_rescale": 3.8682008026390062},
{"mapping": [1, 7, 4, 10, 5, 3, 9, 8, 2, 11, 12], "R": [[0.16079249281754082, -0.9433754418044114, -0.29015263234003763], [-0.6193305821751991, 0.13245891581682734, -0.7738761306586215], [0.768489039763125, 0.3041338708874146, -0.5629628623124153]], "T": [0.007692541369787954, -0.04504639711031539, -0.10168445207130138], "aligned_model": [[-0.5362787394361732, -0.09748778273591027, 0.2692974527774031, 0.6145239041122281, 0.31163776121388925, -0.3959210674093147, 0.003400203141470763, -0.531516421606036, -0.5168971129996839, 0.16009874798303186, 0.057342657404299766], [-0.6526395828657241, 0.2679412188147888, -0.44450530020875745, 0.13307336273306128, -0.6753634927093539, 0.6891657405933596, -0.3490861796557428, 0.08450445766228487, 0.18124719752963514, 0.33192483847703774, -0.09905890205624318], [0.03599658858513284, -0.706799467726905, -0.4845203394335145, -0.384852526385952, 0.06747506812729727, 0.06793960474322282, 0.5335468670457478, 0.015243856483614274, 0.6090443010515715, 0.38665216438995326, -0.046895339634851825]], "inverted": true, "swapped": true, "error_lsq": 0.052533228265928995, "error_max": 0.23869144648646987, "target": "1021.xyz", "model": "4.xyz", "model_rescale": 3.7855080009869324, "target_rescale": 3.8682008026390062},
{"mapping": [7, 4, 11, 13, 5, 0, 2, 8, 6, 1, 9, 12, 16], "R": [[-0.5596626792223526, -0.7947777077774552, -0.23474684386732955], [-0.5902516249461611, 0.18345804404535826, 0.7860955192109087], [-0.581704998030853, 0.5785080304499375, -0.5717934539419456]], "T": [0.04002620508550778, 0.05195088578073318, 0.06111172319014237], "aligned_model": [[0.23418228448136016, -0.37199134531351796, -0.2252258998453783, 0.34990697849265706, -0.11952106171242302, -0.6217889921135981, -0.3840508702803185, 0.7035344597313443, 0.0912803488591942, -0.6948178365539945, 0.23484321204770178, -0.24043453529792183, 0.04146165178212778], [-0.18082245049045154, -0.30290661439780886, -0.6233608674778737, -0.4191192205540975, 0.37001684323709344, 0.24365413292956292, 0.5968782866100905, -0.1792006782746127, -0.5714984990530478, -0.11620249133563579, 0.7242021612481249, -0.143224481855759, 0.0896909604508831], [-0.6240812880342294, -0.4402050195938687, 0.3867366378402052, 0.5160122618419194, -0.6658559246346987, -0.3045717370721679, 0.32378728267982926, 0.02066886949232101, -0.12533115107264364, 0.1306287370835158, 0.1916436184487343, 0.6495958877873654, 0.09932662149509444]], "inverted": true, "swapped": false, "error_lsq": 0.043572693431723715, "error_max": 0.2696109740549253, "target": "1021.xyz", "model": "5.xyz", "model_rescale": 4.2253639853439635, "target_rescale": 3.8682008026390062},
{"mapping": [2, 10, 8, 11, 3, 4, 0, 6, 5, 1, 7, 9, 13], "R": [[0.20395535639046383, -0.20806617468692976, 0.9566141748640291], [0.7427294003766981, -0.6036971756363722, -0.28965972786139593], [0.6377736670761107, 0.769583125516546, 0.031409592555063925]], "T": [-0.08207846352776428, -0.05461535173444913, 0.077677026917138], "aligned_model": [[0.05808974333902524, -0.4164303453094337, -0.3208779901357989, 0.53871527807702, 0.1596100940299902, -0.4635687949216511, -0.37389706397156947, 0.5204165277543169, 0.19355064059502802, -0.8152528512124682, 0.34693352136539, -0.3688255622208418, -0.0610848031117739], [-0.17600136086468526, -0.6169283860528565, -0.6683412892586779, -0.3890756165545202, 0.483964920560711, 0.23481186182632113, 0.6360279550678702, 0.06309485072467923, -0.574736846857518, -0.05927139270398367, 0.5973341686074203, -0.030857459635293766, -0.011914323822998535], [-0.5671407167968636, -0.34720571569995334, 0.4126100579852551, 0.40677465749810854, -0.31542271123905197, -0.4434835311740866, 0.3621350669349511, -0.11431792572523043, -0.15522529965366988, 0.04392172386833887, 0.22016125681979848, 0.6160152955173653, 0.039532637926415266]], "inverted": false, "swapped": false, "error_lsq": 0.05010129830105871, "error_max": 0.2491641253790949, "target": "1021.xyz", "model": "6.xyz", "model_rescale": 3.89814844738969, "target_rescale": 3.8682008026390062},
{"mapping": [3, 6, 9, 11, 0, 1, 2, 7, 8, 5, 4, 10, 12], "R": [[0.40226905245857864, -0.6776859458270674, 0.615565892705688], [0.8452620145600565, 0.016604581983142346, -0.5340940128844737], [0.35172679195073064, 0.7351639590497064, 0.5795016972696536]], "T": [0.018294185936633067, -0.0015914945926758517, -0.0015577811081634828], "aligned_model": [[0.25307664365114635, -0.32933537859021994, -0.44757893706639573, 0.4751458581464462, -0.06621032313080691, -0.6781042850293422, -0.30928564193137914, 0.6247539698518301, 0.23891371421474236, -0.7418006100142522, 0.3106176668448656, -0.3077174975727233, -0.025096785096678363], [-0.24340503640489417, -0.3923958178221031, -0.6528517872726676, -0.38752319217567, 0.3273717146771601, 0.3648250668698808, 0.5660307697387458, 0.11595300561432234, -0.6372541922454991, -0.15042630949480168, 0.4420475683501027, 0.0707167830815577, 0.06501850812033408], [-0.7355777707648995, -0.4302785735125422, 0.3943817893775237, 0.5440461444851332, -0.48699838752924757, -0.31069316432407557, 0.2668528482085604, -0.2244131164954404, -0.07189078097176874, 0.050217725323547596, 0.3634451678185837, 0.6521941276824017, 0.14706878696360018]], "inverted": false, "swapped": false, "error_lsq": 0.04762475328876825, "error_max": 0.2955144421962511, "target": "1021.xyz", "model": "7.xyz", "model_rescale": 3.7474275329858107, "target_rescale": 3.8682008026390062},
{"mapping": [2, 4, 9, 5, 1, 12, 10, 3, 8, 11, 0, 7, 14], "R": [[0.2818437380118056, 0.746015785168969, 0.6033444750905236], [0.5318555337730502, -0.6448578905932177, 0.5488970687976478], [0.7985573232639699, 0.16618889619463895, -0.5785217819953636]], "T": [-0.1430186698036136, 0.015482785445314347, -0.020157557803281583], "aligned_model": [[0.3067877505197519, -0.20871562002491606, -0.3538992238160761, 0.25348164987305627, 0.07595572018436952, -0.6553634873610437, -0.35499358704109113, 0.5686552003285059, 0.13600789966451488, -0.6679470334825524, 0.24542817331694428, -0.19863947996791953, -0.14937956791631046], [-0.16774186225697862, -0.54914553673147, -0.5680646102622183, -0.3407696196720458, 0.4626358579352585, 0.319864566942189, 0.5417118158542673, -0.03787122128590214, -0.5979756757928919, -0.07794055268190189, 0.5460610833419741, -0.04595710547163533, 0.0032999411178231287], [-0.7076838544349788, -0.5578420511383363, 0.42181785892343154, 0.4582702678572695, -0.5831017524993864, -0.1798357899271004, 0.48324387416258013, 0.04918355209199428, -0.12514901327764105, 0.2995333061393507, 0.022374283183415018, 0.6558669219345432, -0.07832280675376403]], "inverted": true, "swapped": false, "error_lsq": 0.04942038706204374, "error_max": 0.2541624913374732, "target": "1021.xyz", "model": "8.xyz", "model_rescale": 4.019505241142653, "target_rescale": 3.8682008026390062},
{"mapping": [3, 5, 8, 7, 2, 6, 10, 0, 4, 11, 1, 9, 12], "R": [[0.5453586011836674, 0.7169078397308479, 0.43431226720810273], [0.6067378253016986, -0.6951319431236958, 0.3855655495466891], [0.5783192954269802, 0.05324219174230016, -0.8140712877600569]], "T": [-0.1094613104657307, 0.030868317236989663, 0.011502068031186854], "aligned_model": [[0.20403084485804368, -0.4067079251164636, -0.2109791998091391, 0.47367520541310904, 0.11681219001610078, -0.6269046477842165, -0.4924518937957754, 0.528017683620518, 0.29479948896788766, -0.6625705957356857, 0.20124977140174505, -0.28733744286796614, -0.13425508489092525], [-0.266932082964996, -0.3448499379561538, -0.49690590456054906, -0.48534769536702027, 0.29675916505717553, 0.4010786912630034, 0.8109220112355632, -0.09132485257004946, -0.668414624108005, -0.2100626560645477, 0.5393654735856857, 9.002316297266472e-05, 0.003729470323389196], [-0.7311273132430518, -0.45860958034104377, 0.42050747182845166, 0.4730828543033197, -0.4660694158765309, -0.33957984491096976, 0.2996239272808458, -0.025041596568607556, -0.17603791498125065, 0.16405339921227777, 0.3296130042792024, 0.6708599674803087, -0.00292016220157495]], "inverted": true, "swapped": false, "error_lsq": 0.048707227217318384, "error_max": 0.3054959999031774, "target": "1021.xyz", "model": "9.xyz", "model_rescale": 3.877068213659057, "target_rescale": 3.8682008026390062},
{"mapping": [7, 4, 13, 14, 1, 5, 12, 8, 2, 3, 0, 6, 15], "R": [[0.638567563961879, -0.7441781530298464, 0.1960365853836425], [-0.5194747152790837, -0.22888402899686638, 0.8232606643438496], [-0.5677829571601339, -0.6275436063121416, -0.5327396509884029]], "T": [-0.017211675846677703, -0.06837917705290338, 0.13829254491541074], "aligned_model": [[0.2267361180913294, -0.3305868177009211, -0.29683754678933605, 0.2713505784624003, -0.07194594542435259, -0.4891832646916863, -0.29784712906980365, 0.6549852674897422, 0.24104076128239826, -0.6485130634827483, 0.12120334890621126, -0.3789426494688388, -0.0040812633271617525], [-0.22985620132501117, -0.35700115622921086, -0.7413146709717957, -0.5942355759588509, 0.3516343712029936, 0.43666714130639966, 0.5577328573068021, 0.12430062653023426, -0.6421923919050547, -0.07383038447990892, 0.6978364474874534, -0.06109589885236068, 0.019461916924777792], [-0.6237449960770346, -0.38762004606255285, 0.39637332546167203, 0.638020890875811, -0.6190048796271029, -0.2266272789875409, 0.43396580805858276, -0.1878189367414533, -0.0724191802624645, 0.07356090632511614, -0.027601798769592817, 0.637694418866505, 0.12357656320143226]], "inverted": true, "swapped": false, "error_lsq": 0.04685862619527724, "error_max": 0.23388574908790047, "target": "1021.xyz", "model": "10.xyz", "model_rescale": 4.260839863003843, "target_rescale": 3.8682008026390062},
{"mapping": [6, 9, 8, 11, 7, 10, 6, 5, 1, 0, 4, 12], "R": [[-0.8719067455450296, 0.31848260953098884, -0.3719508764600601], [0.42420607775189234, 0.8706978884392362, -0.24886621037378914], [0.24459728263296518, -0.3747719499826359, -0.8942696208833119]], "T": [-0.16503224484060147, -0.05227542531894542, 0.000866360161271007], "aligned_model": [[0.29775687443344884, 0.3291567209569746, -0.4146140253202792, -0.2646445808382379, -0.6924739068161678, -0.22111030430574394, 0.29775687443344884, 0.5460301472655438, 0.2326873444890158, -0.20033467003096223, 0.1302763172381043, -0.0815881424110149], [0.3395827598734233, -0.5057521635227639, -0.5107837224594245, -0.32245884092424654, 0.3042362729669397, 0.5598817038551405, 0.3395827598734233, 0.059554013613471284, -0.49587654819884336, 0.03743672050060649, 0.42374491392414354, -0.05606936396893586], [-0.672705680717165, -0.2138743120852113, 0.22150415242093924, -0.5656015733532997, 0.2652392647318948, -0.3189367205204857, -0.672705680717165, 0.014347163722411627, 0.574510391523489, 0.6736723179623771, 0.24737265091165225, -0.0366438964839327]], "inverted": false, "swapped": true, "error_lsq": 0.05643101975163101, "error_max": 0.3697098794601204, "target": "1021.xyz", "model": "11.xyz", "model_rescale": 3.890672605050136, "target_rescale": 3.8682008026390062},
{"mapping": [3, 7, 10, 2, 8, 5, 9, 0, 4, 12, 6, 11, 13], "R": [[0.473276054570021, -0.045558664623731315, -0.8797352921466419], [-0.816667395737222, -0.39708287409645043, -0.4187834235486004], [-0.3302486047062403, 0.9166512963919298, -0.2251360919812206]], "T": [0.027998552547671404, 0.08387799527511777, 0.08589651394397343], "aligned_model": [[0.33046078548351804, -0.440602220437276, -0.37533886993749344, 0.21986397651250544, 0.13632430041487276, -0.6338005292948747, -0.5531318813828248, 0.5461405952482432, 0.18716680465009228, -0.6176515608896544, 0.22100109122776396, 0.024050212774853835, -0.047104310092492455], [-0.29688347207070176, -0.20846381540687972, -0.5519070748280326, -0.43576565011250123, 0.4312485768154197, 0.32988225126363, 0.49163373983470515, -0.018737376588752575, -0.5926441720255655, -0.2840280367324147, 0.6128556557414486, 0.05041865092906117, -0.03950219578294882], [-0.6993425952668169, -0.5636523691752898, 0.5682208578242279, 0.5316792800551694, -0.5360281255964591, -0.24041018709503584, 0.4050251518939566, -0.17809865417569923, -0.00377103034373516, 0.031922173967335446, 0.20833424804651207, 0.6351023467464144, -0.0006263006192024634]], "inverted": false, "swapped": false, "error_lsq": 0.051397786856561344, "error_max": 0.30042152923067206, "target": "1021.xyz", "model": "12.xyz", "model_rescale": 4.124412569039231, "target_rescale": 3.8682008026390062},
{"mapping": [6, 1, 2, 11, 3, 0, 5, 9, 8, 4, 7, 10, 12], "R": [[0.2974538290019918, -0.25964035605534436, 0.9187535606023566], [0.2553580660815848, 0.9488880970817338, 0.18548217516429774], [-0.9199529758086155, 0.17943874922674932, 0.34855165697040225]], "T": [-0.07616558706129245, 0.08514703248866781, -0.06727230568475394], "aligned_model": [[0.20468858505007176, -0.4281828545045845, -0.3321069475806819, 0.33535780124971387, 0.0945007355824416, -0.520258960693234, -0.4559911073171067, 0.5614731065981506, 0.25354530101554357, -0.7804132322648389, 0.19057880762649043, -0.030112424341472988, -0.09570041614325969], [-0.220204184850644, -0.522040719527655, -0.6436341998933851, -0.5677252500223314, 0.448526585528762, 0.3372539538730708, 0.6441448463925016, 0.11580914309712075, -0.5521807705137587, -0.06229564617455971, 0.5182418581421697, -0.03936769552850375, 0.0315791605136811], [-0.5921478936683446, -0.47991158657286226, 0.3145227295790651, 0.5611854454317402, -0.6568328899452462, -0.3429361754252492, 0.2747801717004381, -0.10070886235116679, -0.06762259431815397, 0.24985884460389063, 0.2992709719931421, 0.6586649237006955, 0.04023171153342832]], "inverted": true, "swapped": false, "error_lsq": 0.03926557723702102, "error_max": 0.2289200337313748, "target": "1021.xyz", "model": "13.xyz", "model_rescale": 3.9028299243045295, "target_rescale": 3.8682008026390062},
{"mapping": [9, 11, 13, 10, 6, 1, 2, 7, 14, 12, 3, 5, 15], "R": [[-0.5853605925242377, -0.4894957789409645, 0.6463333962581942], [-0.45497311769094295, -0.46151647555492264, -0.7615786269125112], [0.6710830342798549, -0.7398624366666692, 0.04744613694920019]], "T": [-0.11651281365997126, 0.09988724552759118, 0.1646141492910557], "aligned_model": [[0.25110936953693697, -0.41453003216093165, -0.29053553663652154, 0.4055436542365618, 0.058191363186146344, -0.4726741042133904, -0.5506858951999822, 0.7405813191413239, -0.03730942569646786, -0.7165702206981438, 0.25000552210529714, -0.187332166785467, -0.03841545253812856], [-0.15249577693188313, -0.28036859069573683, -0.6131334289710506, -0.410948045895948, 0.42294803404562653, 0.2484288123748288, 0.6945660639531375, -0.013024080467553018, -0.723086347567015, -0.2492815747511418, 0.6041390792843453, -0.11117022857935019, 0.07153316523820835], [-0.46942228251662965, -0.394356265697944, 0.4711577211051824, 0.3124551159160013, -0.3917296650574663, -0.35815089714251824, 0.1653937247085229, -0.10606764879811101, -0.15080928228467402, 0.21207499804736074, 0.15545757029233603, 0.6256360527854957, 0.08671565490382062]], "inverted": false, "swapped": false, "error_lsq": 0.04582696360244986, "error_max": 0.26297155566684427, "target": "1021.xyz", "model": "14.xyz", "model_rescale": 3.942246331269136, "target_rescale": 3.8682008026390062},
{"mapping": [4, 10, 7, 8, 3, 5, 1, 13, 6, 2, 12, 0, 14], "R": [[0.21750098270790522, 0.26414825914815443, -0.939637706624258], [0.13217479920018568, 0.9458458874764618, 0.2964884139393228], [0.9670693589280379, -0.18868294658729515, 0.17080866690437524]], "T": [-0.0519503437851659, -0.12883179161497296, -0.09412633917670869], "aligned_model": [[0.2094878840709435, -0.1152389276300713, -0.4353150174572719, 0.299196468140168, -0.13124838421943075, -0.607148616697032, -0.27416717979112565, 0.7167876673321404, -0.012923599124282911, -0.6808006927443117, 0.34190695749339256, -0.23492489080557621, -0.07823327429030894], [-0.016696303626460837, -0.48542278506496683, -0.6525481245589957, -0.46166665421594755, 0.5074541614811553, 0.1759355235047179, 0.6153854978898463, 0.12632322926450298, -0.6767320849231049, -0.08460116646253277, 0.5490726585408197, -0.027301305086603528, -0.08109556570596195], [-0.6067077105428947, -0.7088115712983325, 0.46240958753151756, 0.5098254776099087, -0.4187799040369828, -0.13476277085482735, 0.13696182490405767, -0.1638947567359371, 0.011095194420070578, 0.33626744452848306, 0.136954254667283, 0.6108058265784411, -0.01300810050941019]], "inverted": true, "swapped": false, "error_lsq": 0.051029191096961905, "error_max": 0.3213057177778308, "target": "1021.xyz", "model": "15.xyz", "model_rescale": 4.355366556412066, "target_rescale": 3.8682008026390062},
{"mapping": [3, 11, 2, 0, 8, 7, 1, 4, 9, 10, 5, 12], "R": [[0.7340603044266667, -0.4436165880848091, -0.5141593062865076], [0.322706245644349, -0.43830761529196444, 0.8388963663046831], [-0.5975082831954374, -0.7817229414268616, -0.17858637786734124]], "T": [-0.016467193393889194, 0.01848877270538062, 0.06822316124794991], "aligned_model": [[-0.2561249597626573, 0.39544644281901487, 0.1084458514295367, -0.5840747218860074, -0.3171411701609907, -0.5596046276824821, -0.22035901772941177, -0.06607265788539027, 0.4722131230411602, 0.17557466574317182, 0.3863148560441315, 0.06319077066170505], [-0.7977740937577265, -0.46425761568738516, -0.557369027120428, 0.37441131944093886, -0.26052817149893387, -0.07240153580708897, 0.399673259068918, 0.5758075300320014, 0.06619387740484478, 0.09286446273674313, 0.5972421841783351, 0.05891423875076203], [-0.015579087205613101, 0.035197473565095866, -0.6277100126810312, -0.0462461425364144, -0.32286079854742616, 0.48286639315491664, -0.6368703176605008, 0.3162210689288487, -0.4366463403457558, 0.7298448741905624, -0.07706410695966587, 0.0481054573064051]], "inverted": true, "swapped": true, "error_lsq": 0.051222887051023146, "error_max": 0.29605081670350764, "target": "1021.xyz", "model": "16.xyz", "model_rescale": 3.795458400668931, "target_rescale": 3.8682008026390062},
{"mapping": [3, 6, 9, 11, 0, 1, 2, 7, 8, 5, 4, 10, 12], "R": [[0.40226905245857864, -0.6776859458270674, 0.615565892705688], [0.8452620145600565, 0.016604581983142346, -0.5340940128844737], [0.35172679195073064, 0.7351639590497064, 0.5795016972696536]], "T": [0.018294185936633067, -0.0015914945926758517, -0.0015577811081634828], "aligned_model": [[0.25307664365114635, -0.32933537859021994, -0.44757893706639573, 0.4751458581464462, -0.06621032313080691, -0.6781042850293422, -0.30928564193137914, 0.6247539698518301, 0.23891371421474236, -0.7418006100142522, 0.3106176668448656, -0.3077174975727233, -0.025096785096678363], [-0.24340503640489417, -0.3923958178221031, -0.6528517872726676, -0.38752319217567, 0.3273717146771601, 0.3648250668698808, 0.5660307697387458, 0.11595300561432234, -0.6372541922454991, -0.15042630949480168, 0.4420475683501027, 0.0707167830815577, 0.06501850812033408], [-0.7355777707648995, -0.4302785735125422, 0.3943817893775237, 0.5440461444851332, -0.48699838752924757, -0.31069316432407557, 0.2668528482085604, -0.2244131164954404, -0.07189078097176874, 0.050217725323547596, 0.3634451678185837, 0.6521941276824017, 0.14706878696360018]], "inverted": false, "swapped": false, "error_lsq": 0.04762475328876825, "error_max": 0.2955144421962511, "target": "1021.xyz", "model": "17.xyz", "model_rescale": 3.7474275329858107, "target_rescale": 3.8682008026390062},
{"mapping": [2, 0, 3, 11, 6, 4, 5, 7, 1, 8, 9, 10, 13], "R": [[-0.20527854962967454, -0.9665039106166332, -0.15404839442425897], [-0.12863552085777907, 0.18267937242808563, -0.9747210624906637], [0.9702131826746041, -0.1802732305475097, -0.1618268905725475]], "T": [-0.012333122205297378, -0.037890192283023934, 0.08005368893714603], "aligned_model": [[0.25451563780545244, -0.44066823900953395, -0.26523412227860155, 0.34997469085866917, -0.06903893645347306, -0.6200658430339095, -0.32461854589350103, 0.7399922531947247, 0.1925292184140997, -0.7164341285146515, 0.16850981917377073, -0.25310701222516974, -0.018976397760643113], [-0.1320983428987084, -0.3424784967880115, -0.6034244801663142, -0.41044373599755235, 0.37920125418310446, 0.4246486672416768, 0.5147686593936962, -0.02257507301858378, -0.6710804876735681, -0.14761008022486405, 0.5685142404532724, -0.01824002306418355, -0.05107502040349593], [-0.5709065920692914, -0.5702519186443561, 0.3571840458082336, 0.5817244649094034, -0.5663347294117409, -0.2454375789709911, 0.4268474958102527, 0.11456830449966768, -0.10867862951640882, 0.17522600803721136, -0.13741736745246302, 0.7266456585731953, -0.024814365311335587]], "inverted": true, "swapped": false, "error_lsq": 0.049405618009219235, "error_max": 0.305715827303186, "target": "1021.xyz", "model": "18.xyz", "model_rescale": 3.922800546911778, "target_rescale": 3.8682008026390062},
{"mapping": [7, 12, 5, 0, 11, 13, 4, 9, 3, 8, 10, 1, 14], "R": [[0.6821352802235447, 0.5342276616651924, -0.4992917633869871], [0.6532847504096437, -0.7519909196410609, 0.08791297776552345], [-0.32849732777688767, -0.3861482387492302, -0.8619623213077888]], "T": [-0.13256000585757155, -0.011408982946469776, 0.11475447218624318], "aligned_model": [[0.15844476670968688, -0.37268656163707414, -0.4104069899665362, 0.26433482961784377, 0.019056155619244286, -0.5214486931346464, -0.37940374468953897, 0.6329323805175183, 0.23963359290619313, -0.7261259051000304, 0.2504511945274653, -0.07436060738918138, -0.08304202370371101], [-0.12055422725521728, -0.5743358795518549, -0.6899252280196273, -0.681281332227419, 0.4799116747594704, 0.18817334123422336, 0.6655369057793394, 0.15204404520136397, -0.4802465427106064, -0.02137253797496457, 0.6880390706267275, -0.0932373438082087, -0.024644865016757923], [-0.6211901976405838, -0.3792764892465569, 0.32676975177498124, 0.418379505605168, -0.37805397301254123, -0.41510044343003344, 0.04634707910007921, -0.10895896036991207, -0.11066183418663808, 0.2629803297459289, 0.2358969007386922, 0.8481711159246059, 0.03305201125818728]], "inverted": false, "swapped": false, "error_lsq": 0.0508483671013756, "error_max": 0.2969970250572214, "target": "1021.xyz", "model": "19.xyz", "model_rescale": 3.9282355846067225, "target_rescale": 3.8682008026390062},
{"mapping": [0, 1, 5, 6, 11, 10, 12, 4, 3, 2, 9, 7, 13], "R": [[-0.6995906549591449, 0.7091275728690616, -0.08781230489326891], [0.1484457036365467, 0.26444907701806813, 0.952906374590989], [0.6989540675650191, 0.653609035327026, -0.29027304451703606]], "T": [0.03252591590034902, -0.011085373786477531, 0.13635108324584644], "aligned_model": [[0.09146338402535514, -0.33835192336395853, -0.19510251181535793, 0.2923094482124346, 0.21576162582009673, -0.5891316631653492, -0.35236111543308934, 0.5724955801258228, 0.2545797321436899, -0.7582852364981134, 0.1765584732207498, -0.31712702543435495, -0.0554303735606929], [-0.15498723342560514, -0.47057776331554124, -0.645900028797871, -0.41682985478722545, 0.3904731147517555, 0.3826124254601274, 0.701392649102467, -0.07729486114751609, -0.6563426705838842, -0.239535658368353, 0.6633417197785878, 0.06539866380814052, -0.053643421438614364], [-0.6485155409905604, -0.32497002901124716, 0.31769552051104777, 0.5776310244781138, -0.4280411794749056, -0.31173177321043466, 0.3952552842143875, -0.1852339139779508, -0.1809660968169874, 0.10252211523685277, 0.18952573072853948, 0.6462440023855789, 0.008939652188942382]], "inverted": false, "swapped": false, "error_lsq": 0.0465064010662645, "error_max": 0.2772151123407119, "target": "1021.xyz", "model": "20.xyz", "model_rescale": 4.067790424073018, "target_rescale": 3.8682008026390062},
{"mapping": [7, 1, 10, 12, 8, 5, 6, 0, 9, 13, 2, 11, 14], "R": [[-0.5734827893259716, 0.32703540396189695, 0.7511094027519442], [0.7798389455567272, 0.4987774804414363, 0.37824891803872285], [-0.2509356677315425, 0.8026636092161967, -0.5410752453218993]], "T": [-0.06630370004777397, 0.09880778958991304, 0.044970936675590586], "aligned_model": [[0.2820405594769303, -0.35449542070955975, -0.40446507071886284, 0.326713159783378, -0.03755688873339408, -0.5280518000085306, -0.32085859338082356, 0.6102411715833165, 0.08491087122460972, -0.7021462482663338, 0.330495729193232, -0.2062529580439085, -0.08319611712281978], [-0.24637793163628546, -0.44293945735508583, -0.6239767842431065, -0.39710789761989945, 0.20668471551768466, 0.2504129844819643, 0.6681018456219616, 0.20982543233020018, -0.6554509708320613, -0.15877243034314098, 0.7226631345591388, -0.07139038830272815, 0.026434828857826193], [-0.5173164026150258, -0.4997863981518831, 0.23075621264906254, 0.4769654342856497, -0.5142285683462602, -0.29009723239192914, 0.44329616402398486, -0.1405557438612537, -0.06583418608733095, 0.18454238522924638, 0.12909378164812008, 0.6528188118939746, 0.0687005379850219]], "inverted": true, "swapped": false, "error_lsq": 0.039401316161670384, "error_max": 0.23982952199390678, "target": "1021.xyz", "model": "21.xyz", "model_rescale": 4.186013935880536, "target_rescale": 3.8682008026390062},
{"mapping": [1, 7, 10, 8, 0, 6, 3, 2, 9, 4, 5, 11, 12], "R": [[-0.4195868569699224, -0.6256761649475697, 0.6576292314629905], [-0.6899355386636106, 0.6906214799632551, 0.21686614282159644], [-0.5898608496476568, -0.36272759480065064, -0.7214519180257819]], "T": [-0.05065881091254319, -0.06632407674720976, 0.01723610022969392], "aligned_model": [[0.192397658350968, -0.4988056141761637, -0.5264583820560856, 0.5305782861777161, 0.10570706043705867, -0.44022432821085333, -0.4744024810070163, 0.6540828997054695, 0.15152532786339817, -0.7484992446026675, 0.2572077630063725, -0.12415872898017576, -0.08157182223078786], [-0.30192677825937037, -0.3794743285695954, -0.7477197799082863, -0.26964956702280823, 0.32570004755516757, 0.26423562926993205, 0.6883128468668726, 0.1593257222502703, -0.6469440313522012, -0.12343745870536639, 0.62908836664248, -0.0679516648387453, -0.041451922891880974], [-0.631253032849399, -0.4720747441106166, 0.09216337464367953, 0.4738434946878784, -0.5689850536434886, -0.20372054146083196, 0.33864405020873245, -0.028812704234541617, 0.10356571612285441, 0.2105569203110983, 0.15921667058024042, 0.64458057634542, 0.040630069660351036]], "inverted": true, "swapped": false, "error_lsq": 0.05033472001528769, "error_max": 0.3891612846930502, "target": "1021.xyz", "model": "22.xyz", "model_rescale": 4.166573947596378, "target_rescale": 3.8682008026390062},
{"mapping": [1, 2, 11, 14, 0, 4, 8, 5, 12, 3, 7, 9, 15], "R": [[-0.2883619480160955, 0.8890829517954558, 0.35549808967565794], [-0.9075648638418706, -0.3721369125892118, 0.19452541275693586], [0.305243189696428, -0.26654384839130857, 0.9142105731332918]], "T": [-0.03164278572306359, -0.09837829297935133, 0.08239679196569023], "aligned_model": [[0.07943297102152655, -0.34890309775868744, -0.47485758294760816, 0.4290138063544797, 0.018250385402877614, -0.5243009958020669, -0.43044911095663607, 0.6652827441349329, 0.12933833477182868, -0.6292626119087061, 0.37760159991457776, -0.29095947799043476, -0.0028085699588503675], [-0.008511922231591085, -0.36962238637425804, -0.7058010132050049, -0.37061403463850306, 0.5464455644591558, 0.28468604865634173, 0.5738288475532276, 0.11945225660382261, -0.7208291888707944, -0.16287841564970623, 0.487430721479127, -0.09783592771125593, -0.08764346903409287], [-0.6159478740405622, -0.44541167272062515, 0.3204967917583759, 0.6652011917080407, -0.4160694829126971, -0.30542160828571546, 0.290171225888379, -0.3149778910499604, 0.20897213031153777, 0.07158339557898825, 0.05525864439678739, 0.6238796866479873, 0.020620258980840835]], "inverted": false, "swapped": false, "error_lsq": 0.049470713688961984, "error_max": 0.26055084132530526, "target": "1021.xyz", "model": "23.xyz", "model_rescale": 4.274766983524099, "target_rescale": 3.8682008026390062},
{"mapping": [1, 8, 2, 9, 11, 6, 5, 10, 4, 7, 12], "R": [[-0.485339363602411, 0.049917049700243854, 0.8728997595871076], [-0.7335869820994884, 0.519946578685714, -0.43761363667873254], [-0.47570562518449566, -0.8527390242402678, -0.21573204376166324]], "T": [0.03392670292722044, 0.1923623491046211, 0.0846907023433881], "aligned_model": [[0.3466357460200245, 0.09095300333638853, -0.4544704616172911, -0.39190815582386995, -0.5772886645520732, -0.4885993693839359, 0.007418991998211277, -0.020837118346985234, 0.40716947864706265, 0.4723157910835379, -0.011494537402994713], [-0.09131270168863684, 0.5450166839900195, 0.5267880667902974, -0.1687785580409917, 0.3661061396562868, -0.34225957832027865, -0.5241702491919562, 0.09879412595714411, -0.21690506998335538, 0.6091282274978946, 0.11317944457705946], [-0.62648566298363, -0.35529211574780617, -0.6089706746824972, -0.34451712678302276, 0.09073098819854378, 0.5971083044467997, 0.020071372542108668, 0.7690889938827867, 0.34499412459446804, 0.4153106359013899, 0.07752759465243654]], "inverted": true, "swapped": true, "error_lsq": 0.051342359438521015, "error_max": 0.26601484540547843, "target": "1021.xyz", "model": "24.xyz", "model_rescale": 3.7841303162186577, "target_rescale": 3.8682008026390062},
{"mapping": [12, 3, 11, 10, 2, 4, 1, 9, 13, 6, 8, 7, 15], "R": [[0.7419571213734432, -0.6677512605202316, 0.06006566504148608], [0.4653704769856182, 0.5774283628842444, 0.670825465294066], [-0.48262816866964203, -0.46977094398277086, 0.7391788085410216]], "T": [-0.00665146179719249, -0.0038112996411102246, 0.08918901559631136], "aligned_model": [[0.29464655227338726, -0.5286072326354437, -0.2731789286982208, 0.4838962047964386, 0.17674282923453288, -0.5410467855942684, -0.32705590185045397, 0.5420075696504372, 0.03908597016938338, -0.714919622454105, 0.11875992665242026, -0.20067791724264422, -0.07227427002423026], [-0.24098751910914595, -0.3678611470658767, -0.6866058229428796, -0.2746603224560739, 0.473463993187417, 0.33088296784763954, 0.6474918189940025, 0.06498658389835689, -0.7158127023580283, -0.13983997266273102, 0.5723117370478051, -0.1501305585403483, -0.02513197480366935], [-0.5651341874647682, -0.40480670251448614, 0.31762350839264214, 0.628873088843727, -0.46521864740956403, -0.3096915781561836, 0.250996420413075, -0.10154857104450422, -0.23168804359814826, 0.13253489150948283, 0.13175677196596391, 0.6923058941221167, 0.08235195120202347]], "inverted": true, "swapped": false, "error_lsq": 0.04618487492891914, "error_max": 0.2890006048499061, "target": "1021.xyz", "model": "25.xyz", "model_rescale": 4.19342608120988, "target_rescale": 3.8682008026390062},
{"mapping": [3, 11, 2, 0, 8, 7, 1, 4, 9, 10, 5, 12], "R": [[0.7340603044266667, -0.4436165880848091, -0.5141593062865076], [0.322706245644349, -0.43830761529196444, 0.8388963663046831], [-0.5975082831954374, -0.7817229414268616, -0.17858637786734124]], "T": [-0.016467193393889194, 0.01848877270538062, 0.06822316124794991], "aligned_model": [[-0.2561249597626573, 0.39544644281901487, 0.1084458514295367, -0.5840747218860074, -0.3171411701609907, -0.5596046276824821, -0.22035901772941177, -0.06607265788539027, 0.4722131230411602, 0.17557466574317182, 0.3863148560441315, 0.06319077066170505], [-0.7977740937577265, -0.46425761568738516, -0.557369027120428, 0.37441131944093886, -0.26052817149893387, -0.07240153580708897, 0.399673259068918, 0.5758075300320014, 0.06619387740484478, 0.09286446273674313, 0.5972421841783351, 0.05891423875076203], [-0.015579087205613101, 0.035197473565095866, -0.6277100126810312, -0.0462461425364144, -0.32286079854742616, 0.48286639315491664, -0.6368703176605008, 0.3162210689288487, -0.4366463403457558, 0.7298448741905624, -0.07706410695966587, 0.0481054573064051]], "inverted": true, "swapped": true, "error_lsq": 0.051222887051023146, "error_max": 0.29605081670350764, "target": "1021.xyz", "model": "26.xyz", "model_rescale": 3.795458400668931, "target_rescale": 3.8682008026390062},
{"mapping": [5, 7, 4, 11, 6, 0, 2, 8, 10, 3, 1, 9, 12], "R": [[-0.011184484094524272, 0.27849306873723406, 0.9603731139410651], [0.6922672720128876, -0.690891715800944, 0.20840983934896826], [0.7215545242151659, 0.6671658322358439, -0.18506436956280836]], "T": [-0.007138632430741351, -0.005452349701828174, 0.11934304311512482], "aligned_model": [[0.26329472057675996, -0.4146976095420325, -0.2241959767740344, 0.4228690320135145, 0.2919273117632266, -0.641084879870302, -0.5457181430621001, 0.6904333538817258, -0.05199846574212433, -0.7272171880032651, 0.1647692918741196, -0.16055227546426176, -0.07045077737399304], [-0.24676236049762806, -0.33373316072020176, -0.7057222100602256, -0.4553493453941502, 0.37272390447297243, 0.41167940286829524, 0.6034313899308895, 0.08857298548656906, -0.6845863529799912, -0.16830895614879848, 0.5601379244860287, 0.09341776494596254, -0.04739390535325433], [-0.5405779734854118, -0.5022158743838788, 0.5210536536008987, 0.47184934592339167, -0.5505295130308583, -0.2203427653137685, 0.45702279708057286, -0.0685512632407655, -0.09149108471024213, 0.11292756269495476, 0.08920207669849595, 0.5080115968677079, -0.02800376243972015]], "inverted": false, "swapped": false, "error_lsq": 0.04493469770013436, "error_max": 0.3077633660044572, "target": "1021.xyz", "model": "27.xyz", "model_rescale": 3.6321398670334006, "target_rescale": 3.8682008026390062},
{"mapping": [2, 13, 9, 10, 1, 4, 7, 5, 11, 6, 3, 8, 14], "R": [[-0.9824345000072443, 0.13995442923637935, 0.12343099664442403], [0.0811545383743134, -0.2751825281115716, 0.9579606031165251], [0.16803688314405452, 0.951150531703181, 0.25899087231790235]], "T": [-0.07685443492893895, -0.04110508670850942, 0.14909363587630148], "aligned_model": [[0.3244674489500852, -0.3794137351531401, -0.3647966623640351, 0.28437999378392687, -0.025577499817736202, -0.572010272658684, -0.3640654960516413, 0.5999118822283546, 0.18925419080247408, -0.8141021490515512, 0.2663060101141652, -0.060495308404866464, -0.08648000810011838], [-0.21413578908106817, -0.547988747758671, -0.6263654348758019, -0.534860398541759, 0.25300909508552377, 0.46500906383062524, 0.6127012207162541, 0.23879827714883106, -0.5853756840448356, -0.16413330015685068, 0.5531650184418706, 0.09084064080936487, -0.05255688053701522], [-0.5160715956930175, -0.4148249361908691, 0.29446130677682936, 0.629080107087258, -0.4493499455409719, -0.28118117787095465, 0.4506471182707578, -0.3363039129756696, -0.06417040845656444, -0.06359699357751103, 0.17447140261468977, 0.6484455356060526, 0.08674829621134794]], "inverted": false, "swapped": false, "error_lsq": 0.04796660692575639, "error_max": 0.2948647503310305, "target": "1021.xyz", "model": "28.xyz", "model_rescale": 4.156811204709835, "target_rescale": 3.8682008026390062},
