[{"mapping": [4, 0, 2, 8, 12, 1, 6, 13, 7, 11, 10, 9, 5, 14], "R": [[0.04518346672890039, -0.9930494959127235, 0.10867912863951348], [-0.97720903935795, -0.06652428649822806, -0.20158624135345682], [0.2074149168489837, -0.09709386166688005, -0.9734227418214256]], "T": [-0.07437991063507697, 0.030633353464239288, 0.15494944124154586], "aligned_model": [[0.16668558635592284, 0.29707120341961124, -0.6794721857168209, -0.38286956878095474, -0.5836951525888517, -0.08230483190479983, -0.7913528205437751, -0.001341459317505539, -0.3297069689869923, 0.3065814356919096, 0.552431664099846, 0.26327385937350234, 0.6640153465657382, -0.02782400653852672], [-0.6620962918802411, -0.40524041052093523, -0.4284237897705229, -0.28206936026250745, 0.2599395718293038, 0.2854578302450293, 0.16775220965826262, 0.48319189815131186, 0.7256231785635796, -0.10013476459592718, 0.5360511337697034, 0.6706573060638146, -0.1087334867595603, 0.0932983073187238], [0.29494977670834177, -0.32950815355744234, 0.28115727454880235, -0.33922866215486663, 0.5418405068686323, -0.49367166795890005, -0.018414921114763644, 0.685577435080539, 0.028704408014429805, 0.6786854700804724, 0.40305998107433605, -0.13500749806873152, 0.11075210316268072, 0.1886920344963036]], "inverted": true, "swapped": true, "error_lsq": 0.03352404048988246, "error_max": 0.1929409485537098, "target": "1022.xyz", "model": "0.xyz", "model_rescale": 3.8414455957264533, "target_rescale": 4.1181714912320295},
{"mapping": [3, 10, 2, 7, 4, 1, 6, 8, 5, 12, 11, 0, 9, 13, 14], "R": [[0.6074204954167344, 0.7829471659809367, -0.13429101619285078], [-0.7387760751265594, 0.4946370732138087, -0.45775984601434133], [-0.29197645892825863, 0.37726370231563083, 0.8788753303778745]], "T": [-0.0035061282298854933, -0.02565260149893372, 0.05584082688760016], "aligned_model": [[-0.4120029820892455, 0.37280450395842396, -0.5010540418929695, -0.37961524210998676, -0.5383034303667742, -0.1882566252753565, 0.11252685364175288, 0.7448627144030147, -0.16358118430111596, 0.6680394919501088, 0.3740559129778603, -0.35079145792638083, 0.11047507853079755, 0.4021262320155054, 0.00222536518128991], [0.2878865322399226, -0.0818946798964498, -0.5550654556207935, -0.17267491097852788, 0.0582302938506046, 0.7436730016183168, -0.737198549863283, -0.2511732309611058, -0.27513161047975027, 0.29929017704622335, 0.7345797150696033, 0.44543755121729833, -0.4600296949061919, 0.1881375448458501, 0.039482358501172723], [-0.5342442636216823, -0.5130250950394849, -0.07366913843742509, 0.5557221899196031, 0.0031840102056688024, -0.29416383222206344, -0.24460198675236233, 0.1715426789205312, -0.5327668399705844, -0.10455934317307214, 0.1317297721553412, 0.48360751247515316, 0.5694890578997217, 0.6596646110224743, -0.0057106640484498525]], "inverted": false, "swapped": false, "error_lsq": 0.03808683693673458, "error_max": 0.23620851795422756, "target": "1022.xyz", "model": "1.xyz", "model_rescale": 4.316132596720782, "target_rescale": 4.1181714912320295},
{"mapping": [13, 11, 10, 6, 7, 12, 1, 2, 5, 3, 0, 14], "R": [[-0.6492547200418118, 0.7526762688386476, -0.10930115658381911], [-0.4081211450880611, -0.4660400631625988, -0.7850119683542481], [-0.6417985972526261, -0.4650646125588712, 0.6097618114559396]], "T": [-0.003065507536998139, 0.08645328498393796, -0.06747892874497347], "aligned_model": [[-0.16612490723608997, 0.4297637175620507, 0.20992552656304353, -0.6692346690760861, -0.6386820326612674, -0.5045864103881251, -0.22958339629383384, -0.18910459189448361, 0.6593121173891986, 0.19194747592053166, 0.5051059888849325, -0.0009302641380904818], [-0.5904785386344622, -0.3530050525236061, -0.6156396861405403, 0.38888951937338817, -0.13907958137210757, -0.14592564743538278, 0.4095306681769632, 0.4821983269671545, -0.06467524113483246, 0.07201120847012206, 0.5605191466607429, 0.008431305333540737], [0.015496115263355092, 0.1693047436133616, -0.48172402785574464, 0.09882774203149125, -0.3980347202763651, 0.3276727761740722, -0.6419511318901254, 0.566219627465868, -0.3915470192663646, 0.6360138697709081, -0.3497630381780366, -0.10125647564299885]], "inverted": false, "swapped": true, "error_lsq": 0.044495434980853794, "error_max": 0.2880595157353189, "target": "1022.xyz", "model": "2.xyz", "model_rescale": 3.795458400668931, "target_rescale": 4.1181714912320295},
{"mapping": [7, 12, 2, 4, 1, 0, 3, 10, 11, 5, 8, 14], "R": [[0.272201303484945, 0.9621158793782572, 0.015475303851612193], [-0.09351993129245925, 0.04245820440615622, -0.994711678492647], [-0.9576849548949543, 0.26931456612446325, 0.10153418951782456]], "T": [0.03260953296740021, -0.008112254350118298, -0.02839079491832524], "aligned_model": [[0.017180919812009695, -0.3503709902125086, -0.6834095277610048, 0.036080107651301915, 0.07629419736752013, 0.21191062623343557, -0.2837440043734447, 0.8039922918717408, 0.374948377774506, 0.6790449146400201, -0.3876929257146314, 0.09906983845462036], [-0.12919845438728753, -0.5186040381898749, -0.08812413072732295, 0.09712185919945944, 0.5297857751972123, 0.6329723721412811, -0.37874086354324304, -0.2917862208263315, -0.4062556647555341, 0.188009096003537, 0.5015029418349568, -0.050913626657143024], [-0.7694985213585704, -0.26161195953750804, 0.2431112191051179, 0.7108661061426125, -0.46937267838917673, 0.31732968328839134, 0.5153882303430848, -0.2138535751613573, 0.3726294241319338, 0.30366611279647415, -0.00012333527664116356, -0.05975927544526043]], "inverted": false, "swapped": true, "error_lsq": 0.04676724535927911, "error_max": 0.22928440918112467, "target": "1022.xyz", "model": "3.xyz", "model_rescale": 3.7530521520055578, "target_rescale": 4.1181714912320295},
{"mapping": [7, 2, 8, 4, 1, 11, 9, 13, 10, 5, 14], "R": [[-0.5399549054296446, 0.2314314431779404, -0.8092516216919429], [-0.6598685776872709, 0.4804687164514799, 0.5776878678771483], [0.5225152249298021, 0.8459251146644383, -0.10671710311152158]], "T": [-0.045864889273310415, -0.06004318281343412, -0.13041723694558233], "aligned_model": [[-0.5201437141613539, -0.025316169671745554, 0.38261096813502044, 0.413021534678132, 0.20304864098195807, -0.16933833444816684, -0.173171520858925, -0.6731735188107262, -0.33482752079895367, 0.32979056567081527, -0.09430132827084936], [-0.612611591052156, -0.006787876388488413, -0.41041642585149296, 0.49532821821046624, -0.6738363846411205, 0.5647096259090542, -0.4440512223774448, 0.1435116297139616, 0.1525203595373421, 0.3041425706072216, -0.04530554535299701], [0.053616245367042625, -0.8982324241924193, -0.49209096340728803, -0.3268170489292753, 0.08639517388490528, 0.04556433120929737, 0.5359509811297576, 0.10782474338234188, 0.6319580386843138, 0.41074428504210775, -0.06208258492546673]], "inverted": false, "swapped": true, "error_lsq": 0.04608502294924126, "error_max": 0.24624325454777532, "target": "1022.xyz", "model": "4.xyz", "model_rescale": 3.7855080009869324, "target_rescale": 4.1181714912320295},
{"mapping": [0, 2, 11, 6, 4, 5, 12, 14, 1, 9, 10, 7, 13, 8, 16], "R": [[0.991650541649284, -0.07834773262826053, -0.10242478234632581], [-0.0363828906427657, 0.5920188249908523, -0.8051024755426648], [0.12371535278678299, 0.8021068156102784, 0.5842252714804288]], "T": [0.08726583889253438, 0.0284691185177276, 0.05194189313844806], "aligned_model": [[-0.2986144639013703, 0.4072229628695336, -0.3128827058646399, -0.41787112942729243, -0.6297614254861612, -0.18088191687483685, 0.1547334691051665, 0.6600610847404565, -0.33233832354188886, 0.7094145002558119, 0.3388658278291097, -0.3662526472859979, 0.16845715312840426, 0.21821074594278084, 0.13514805720784812], [0.2533389168527497, -0.024740644672210266, -0.6486699048462673, -0.11798681103465955, 0.15552822295879465, 0.7457492387794613, -0.6278255510434348, -0.29102326664635353, -0.3052772453798343, 0.30979900665895355, 0.655026274048615, 0.5267390662195046, -0.5022953576785302, 0.11885654478640117, 0.01633055267969967], [-0.5875921943291117, -0.6118215040870463, 0.16941577732855484, 0.43854811657847886, -0.07739746661559622, -0.2101826092903376, -0.11476350146307306, -0.1139726049895154, -0.48252012650582204, -0.14979693914569453, 0.3259635172750169, 0.3796880049193649, 0.5383210458333006, 0.7375025530758075, 0.03080660074904283]], "inverted": false, "swapped": false, "error_lsq": 0.03240593099045639, "error_max": 0.18327985157821142, "target": "1022.xyz", "model": "5.xyz", "model_rescale": 4.2253639853439635, "target_rescale": 4.1181714912320295},
{"mapping": [4, 3, 6, 8, 2, 7, 1, 0, 13, 11, 12, 9, 5, 14], "R": [[-0.5315524590711964, 0.7242861273808661, -0.43916009488453306], [0.2806729170869588, 0.6397948658158227, 0.7154615596170146], [0.799171256283196, 0.2570450064859099, -0.543372034403131]], "T": [0.04207786751506475, -0.017219171032071847, 0.05038026546665787], "aligned_model": [[0.5859709456534721, 0.03646347822920983, -0.5589965260924636, 0.09512833378748084, -0.21073777858120224, -0.5177576334296551, 0.05331548395445836, 0.6995084230150682, -0.28450275560311017, 0.2873018761403454, -0.584679179323124, 0.02247993038207146, 0.715074420232772, 0.03549313439246021], [-0.10720423551877227, 0.010836901074925052, -0.46610036759689727, -0.6755928628159756, -0.4702057814529511, 0.07567024892774778, -0.35830925610382686, -0.3550681467657104, 0.6028650710587095, 0.4968770481721364, 0.08193427806967526, 0.2587930597277311, 0.28992927408779884, 0.06067391577040024], [-0.4532764003602482, -0.6792237986020797, 0.061433822450081145, 0.08022292330104429, -0.5185537545874289, 0.54241312989166, 0.658030601998002, 0.17806802412887862, 0.02691648699448808, -0.28443541366728586, -0.19254410938955352, 0.7791799116572298, 0.18944697389973214, 0.08387981121692897]], "inverted": false, "swapped": true, "error_lsq": 0.039692332170240326, "error_max": 0.3126422434577723, "target": "1022.xyz", "model": "6.xyz", "model_rescale": 3.89814844738969, "target_rescale": 4.1181714912320295},
{"mapping": [8, 2, 12, 0, 7, 3, 4, 1, 5, 11, 13, 10, 14], "R": [[-0.8479444050454218, 0.5287706898958745, 0.03730741828653904], [0.030779041865577422, 0.11937453853347652, -0.992372092580075], [-0.5291908318688098, -0.8403280770371537, -0.11749802725593594]], "T": [0.0021713969085131873, 0.038387419095353786, -0.05108919354070898], "aligned_model": [[0.059198359478671775, -0.05341089016073628, 0.36531735003293797, -0.4204937607718457, 0.7244672089843227, -0.406845397064786, -0.7139957989152055, 0.37780924686730877, -0.5087369936747683, -0.45171593489143114, 0.17715507365347344, -0.016604332595044045, 0.0164876699613247], [-0.41767012482364263, 0.2214142247123557, 0.5618614103256011, -0.5812776823585337, 0.08715098470455075, 0.4925191832623729, 0.0064149531556807055, -0.5417296708569626, -0.19280063036522635, 0.43468207112530055, 0.6051040132951813, 0.21762722535030551, 0.07048530794350241], [-0.5263999302236732, -0.7968842975045002, -0.2872417953985107, -0.056598816456486456, 0.14903938177924372, -0.4506018440001147, -0.26006129301131, 0.03873301567138504, 0.45103507287358746, 0.21996082915662932, 0.32297354760990116, 0.7719656568076696, 0.02635550353247429]], "inverted": true, "swapped": true, "error_lsq": 0.04046341339231766, "error_max": 0.229298866110904, "target": "1022.xyz", "model": "7.xyz", "model_rescale": 3.7474275329858107, "target_rescale": 4.1181714912320295},
{"mapping": [9, 8, 6, 10, 7, 11, 3, 2, 5, 4, 13, 12, 0, 1, 14], "R": [[-0.8037373744309904, 0.23869706307512262, 0.545004536698631], [-0.5652569062671888, -0.592252539218695, -0.5742138623424683], [0.1857171582273027, -0.7695847203968641, 0.6109406642806288]], "T": [0.018565802867131116, 0.057405216736174575, 0.07557629660949135], "aligned_model": [[-0.28134848929309697, 0.36626796720141513, -0.45774637871134644, -0.6512416083488851, -0.5999117971912521, -0.39554250195554286, 0.16953841278024445, 0.8271689324462972, -0.2086545591743702, 0.6528140084753294, 0.4141451193058003, -0.06449227363918653, -0.061300829394558824, 0.4702300110870506, 0.07358517510902662], [0.2975431979007037, -0.04066169773539663, -0.6057084512287343, 0.025635273558312327, -0.02263494695700899, 0.5071039155890439, -0.6195822138746813, -0.1763517822649781, -0.3391036672118526, 0.3687372913655198, 0.8593951960563688, 0.5064535809168645, -0.44404253206865074, -0.13217441079454842, 0.07894028843192764], [-0.5822425290930362, -0.502953219543146, 0.057000305765909365, 0.42999421697870205, -0.19820584734078223, -0.03740754168959827, -0.10616480175724265, 0.06517725325926223, -0.4759425843419289, -0.2606191805095418, 0.1674507009258111, 0.4904251140756531, 0.49555809847322735, 0.6455419340721706, 0.0845867500579095]], "inverted": true, "swapped": false, "error_lsq": 0.04949711358615392, "error_max": 0.33687083065288714, "target": "1022.xyz", "model": "8.xyz", "model_rescale": 4.019505241142653, "target_rescale": 4.1181714912320295},
{"mapping": [11, 2, 13, 10, 5, 9, 7, 4, 0, 8, 6, 1, 14], "R": [[0.6881846030327473, 0.6066711746406059, -0.3979347157623317], [0.6348856368392064, -0.7690124067845375, -0.0744321593582268], [-0.3511725790604037, -0.20141996939638507, -0.914389312953965]], "T": [-0.07095905758467101, -0.055146959822559995, 0.0012242107673042252], "aligned_model": [[-0.1663281800421046, -0.7927396161918205, 0.010208779791866199, 0.517123226475496, 0.3155203792677157, 0.6780964681960895, 0.2712797174776262, -0.42701463045211585, 0.10985979672375103, -0.22553342003919968, -0.34318047600978674, 0.39100913185005776, -0.01860040530639917], [-0.5724203743759221, 0.12978402068456646, -0.009538061457735683, -0.33577793998985955, -0.6991662567168654, 0.11562015264700604, 0.5654952755206779, -0.6671866947637929, -0.4529781871557462, 0.1512533298346878, 0.6314829077254829, 0.2731444965233359, -0.06633444036177669], [-0.3986060295575636, 0.195213635664639, -0.6937876813261391, -0.5329145380532743, 0.05099234135213279, -0.13095055063777342, -0.24740484764055126, 0.23832929547137374, 0.6108928797233643, 0.6100481107028176, 0.13291270967168206, 0.4068321166133822, -0.06485394794021085]], "inverted": false, "swapped": true, "error_lsq": 0.04413214369824327, "error_max": 0.2979731938112689, "target": "1022.xyz", "model": "9.xyz", "model_rescale": 3.877068213659057, "target_rescale": 4.1181714912320295},
{"mapping": [3, 12, 1, 7, 4, 13, 0, 11, 5, 10, 14, 2, 8, 9, 15], "R": [[-0.35386797768046724, -0.9348459881389057, -0.028990219608161005], [0.012571239175586058, 0.02623896122955549, -0.9995766508173267], [0.9352108951022367, -0.35408261094578897, 0.0024670443624922878]], "T": [0.02870655020302129, 0.106194301467053, -0.03581364477965564], "aligned_model": [[-0.3182619160524246, 0.3700345225613091, -0.447762356965723, -0.5304052145884904, -0.6469555020532152, -0.14543774670072068, 0.2462312531809576, 0.6561748536244572, -0.29449344049948734, 0.6998769400331141, 0.3672698001056435, -0.23522602448156557, 0.15080737884202117, 0.325829851048974, 0.05582879064207452], [0.208770938268808, -0.2082002233070278, -0.6187469769410479, -0.1973163169980534, 0.14469114984029438, 0.8577461293255886, -0.6470790840521333, -0.2778331483420932, -0.4035455463876525, 0.33477385473962223, 0.739974058087364, 0.42477708135820075, -0.3601901088414504, 0.24313267338252076, 0.022594561549949516], [-0.5572081784439524, -0.6213446121856416, -0.017262807470104766, 0.4756175904489509, -0.0263551273911046, -0.08563442219296499, -0.17375655288519715, 0.023022757712446155, -0.5325051946992104, -0.013621864749381977, 0.26950535651613544, 0.4830311936129975, 0.5665980958719995, 0.5374323149018755, -0.05531987971347775]], "inverted": true, "swapped": false, "error_lsq": 0.030111417335569657, "error_max": 0.17938937585988632, "target": "1022.xyz", "model": "10.xyz", "model_rescale": 4.260839863003843, "target_rescale": 4.1181714912320295},
{"mapping": [7, 10, 11, 13, 3, 12, 6, 1, 0, 4, 8, 14], "R": [[0.523584913065922, 0.040344145292255384, -0.8510177370363017], [-0.17742038919945163, -0.9718159776368631, -0.15522793275059404], [-0.8332951723765509, 0.23226290179523984, -0.5016703102073998]], "T": [0.02556271419164026, 0.00881961486768986, -0.0018098347150236685], "aligned_model": [[0.35378628022127045, 0.03555962255831786, -0.4664665463450737, -0.3064742787495942, -0.6376126855422745, -0.3122978113597273, 0.15625362371752416, 0.7172658513974027, 0.3686405221190048, -0.31627393105283236, 0.3458897938158857, 0.02062820831422668], [0.08804074038739498, -0.7683817483344162, -0.4234152881165896, -0.2924523643487342, 0.214067872495831, 0.3451799724523255, 0.682145177518868, 0.08298297665665819, -0.12193375476539961, -0.06047203939574105, 0.4861855700417105, -0.05886860905897349], [-0.6727300059030373, -0.32701258025477337, 0.08543391244259063, -0.5409726574720328, 0.22449150594189543, -0.48593794714919214, -0.30588138756054184, -0.043693332563414296, 0.6523019320793371, 0.6584426957056211, 0.3247987400831661, -0.053062797954113845]], "inverted": false, "swapped": true, "error_lsq": 0.045682900267466735, "error_max": 0.25674734303447716, "target": "1022.xyz", "model": "11.xyz", "model_rescale": 3.890672605050136, "target_rescale": 4.1181714912320295},
{"mapping": [5, 10, 9, 0, 1, 2, 11, 8, 4, 12, 7, 13, 6, 14], "R": [[0.2757876101370369, 0.3759127756191957, -0.8846642183456805], [0.9591766950870432, -0.04766774644679678, 0.27876128416726265], [0.06261997841583153, -0.9254282095737929, -0.37371294763259777]], "T": [0.04913866512030099, -0.057007875827901636, 0.11805931053590668], "aligned_model": [[0.409358078056555, 0.17549953088000497, 0.5334948237791626, 0.5954705731825721, 0.6471112761949608, -0.3920058389106621, -0.25381977135673905, 0.30763014745618145, -0.04463522308674976, -0.4981528943829635, 0.12452763332105651, -0.3328461633596881, -0.1096941732709798, 0.04793783629098261], [-0.2873482514371736, 0.38451749853679357, 0.5163345099993062, -0.5664406329627453, 0.15235211131860787, -0.42987779091526473, -0.19710080642751793, -0.3628652570602556, -0.7627185532578481, 0.2579176808391404, 0.6535986707434654, 0.4183074597886908, 0.15376912178627988, 0.0017067588762856231], [-0.501448044232317, -0.5883308070643247, -0.09263804383659321, 0.04978968615929996, 0.4084122230935708, 0.6271350340708168, -0.45213489547081454, 0.6441717226086435, -0.10725364284520869, 0.3689814035923366, 0.3493500617048857, -0.22816726574694374, 0.8203784140262174, 0.056544589297292544]], "inverted": false, "swapped": true, "error_lsq": 0.049414177752096104, "error_max": 0.3141069966030425, "target": "1022.xyz", "model": "12.xyz", "model_rescale": 4.124412569039231, "target_rescale": 4.1181714912320295},
{"mapping": [9, 1, 6, 5, 7, 13, 0, 11, 8, 4, 12, 2, 14], "R": [[0.24954474794705273, -0.7920448600815848, 0.557128673100196], [-0.3140839955037825, -0.6104286236007939, -0.7271369467007027], [0.9160123702987979, 0.006468006430386142, -0.4010978712887848]], "T": [0.1005608695805479, 0.07858126305292189, -0.04562040997796153], "aligned_model": [[-0.11497992527190674, -0.08361182151608547, 0.6858826213468572, -0.5938277624393258, 0.47841493815720365, 0.39470771851537156, -0.5509572358768703, -0.04947893881511779, 0.06603752578235984, -0.25867567178301154, 0.7673687154351981, 0.5328438526911365, 0.09357429128394823], [-0.20733940427883774, 0.4120236828495756, 0.5003047468962977, -0.2003063460258227, -0.045232672602944834, -0.5549674152152602, 0.44346739937323393, -0.41985449042762246, 0.7382190152610982, 0.19893883551541824, -0.04503130083763969, 0.527212621943361, 5.070405762000463e-05], [0.6468442408911694, 0.5379926760460992, 0.16042494057947848, -0.12716920474398974, 0.5915899040708951, 0.016053110369903575, -0.11663657154633085, -0.45253702496082365, -0.016516650319725282, -0.689087729590625, -0.0875165301379973, -0.4980138953860772, -0.013729184304137457]], "inverted": false, "swapped": true, "error_lsq": 0.04343584150291223, "error_max": 0.22470012578241128, "target": "1022.xyz", "model": "13.xyz", "model_rescale": 3.9028299243045295, "target_rescale": 4.1181714912320295},
{"mapping": [13, 10, 11, 1, 12, 8, 9, 7, 14, 4, 0, 2, 6, 3, 15], "R": [[0.5209006120119866, 0.7354979022377898, -0.4332497988566739], [-0.6060412807538319, 0.6760793615996363, 0.41908312163732325], [0.6011460042517067, 0.04426660844066321, 0.7979122438898705]], "T": [0.00035101051349966175, 0.09896398954516822, 0.0458945583939024], "aligned_model": [[-0.27388906717775124, 0.399569223996941, -0.4952574028353757, -0.4120701648827394, -0.642534098476963, -0.3118327990088265, 0.1491143106799537, 0.7242022271846417, -0.19552177653860509, 0.5806186999076112, 0.34950197231742935, -0.26317792526173395, 0.12536927707169748, 0.46901789480314937, 0.05040081691749544], [0.16871138454527923, -0.1053164068797364, -0.4442003536542127, -0.20698807394942859, 0.19377570974878838, 0.8053962213921857, -0.6614849679032686, -0.4338428576390662, -0.4966938488691232, 0.39132931624799017, 0.7862123576692763, 0.4389795090238277, -0.3311763049549269, 0.1620738139116941, -0.0032264570063899878], [-0.697462040065968, -0.549291916341997, -0.02622676461477287, 0.44401622908138066, -0.20300253542448177, 0.044505156582539354, 0.025102249651644606, -0.06717283546689805, -0.5785061491737679, -0.1469141506155186, 0.35085307299362645, 0.6434660738450779, 0.5396131243030566, 0.452167800038992, 0.04105135454045588]], "inverted": true, "swapped": false, "error_lsq": 0.04441632289314324, "error_max": 0.26200179605851415, "target": "1022.xyz", "model": "14.xyz", "model_rescale": 3.942246331269136, "target_rescale": 4.1181714912320295},
{"mapping": [0, 8, 12, 3, 1, 2, 13, 11, 12, 6, 9, 5, 4, 10, 14], "R": [[-0.21609632714376342, -0.744312748854419, -0.6319026106036867], [-0.02702567431299363, -0.6423866835219948, 0.7659040160239015], [-0.9759979458599817, 0.1825866389591289, 0.11870184897761771]], "T": [0.10341020880829778, 0.0671130736031415, 0.06857966934647107], "aligned_model": [[-0.17846132069339715, 0.4259626573516587, -0.42307841602577334, -0.45239438970489565, -0.6998002361175337, -0.2334239399076251, 0.15017374089806612, 0.7130503045541197, -0.42307841602577334, 0.6025305165542126, 0.40021782900077196, -0.36418220146088853, 0.18225507346890496, 0.5177615919692619, 0.0359783948358149], [0.35116213577023797, 0.01702174170208204, -0.49365797125856387, -0.17962461866202506, 0.03240526894376905, 0.7103175641548953, -0.7348512793066808, -0.30323982873627475, -0.49365797125856387, 0.2663865420949121, 0.7666621300448362, 0.43790899770496605, -0.3257952471498397, 0.12187987214022929, 0.09063170549890964], [-0.5483336584449016, -0.6330553516543708, -0.20786530045364743, 0.45165889090239747, -0.03285890930284506, -0.16695941070685, -0.05630505843773578, -0.0041438209736866655, -0.20786530045364743, -0.08620531858615595, 0.334471866222529, 0.28455948024841915, 0.4964470737164788, 0.6467786360471699, 0.0018748512102154669]], "inverted": true, "swapped": false, "error_lsq": 0.0474031724207809, "error_max": 0.40049730618593893, "target": "1022.xyz", "model": "15.xyz", "model_rescale": 4.355366556412066, "target_rescale": 4.1181714912320295},
{"mapping": [13, 11, 10, 6, 7, 12, 1, 2, 5, 3, 0, 14], "R": [[-0.6492547200418118, 0.7526762688386476, -0.10930115658381911], [-0.4081211450880611, -0.4660400631625988, -0.7850119683542481], [-0.6417985972526261, -0.4650646125588712, 0.6097618114559396]], "T": [-0.003065507536998139, 0.08645328498393796, -0.06747892874497347], "aligned_model": [[-0.16612490723608997, 0.4297637175620507, 0.20992552656304353, -0.6692346690760861, -0.6386820326612674, -0.5045864103881251, -0.22958339629383384, -0.18910459189448361, 0.6593121173891986, 0.19194747592053166, 0.5051059888849325, -0.0009302641380904818], [-0.5904785386344622, -0.3530050525236061, -0.6156396861405403, 0.38888951937338817, -0.13907958137210757, -0.14592564743538278, 0.4095306681769632, 0.4821983269671545, -0.06467524113483246, 0.07201120847012206, 0.5605191466607429, 0.008431305333540737], [0.015496115263355092, 0.1693047436133616, -0.48172402785574464, 0.09882774203149125, -0.3980347202763651, 0.3276727761740722, -0.6419511318901254, 0.566219627465868, -0.3915470192663646, 0.6360138697709081, -0.3497630381780366, -0.10125647564299885]], "inverted": false, "swapped": true, "error_lsq": 0.044495434980853794, "error_max": 0.2880595157353189, "target": "1022.xyz", "model": "16.xyz", "model_rescale": 3.795458400668931, "target_rescale": 4.1181714912320295},
{"mapping": [8, 2, 12, 0, 7, 3, 4, 1, 5, 11, 13, 10, 14], "R": [[-0.8479444050454218, 0.5287706898958745, 0.03730741828653904], [0.030779041865577422, 0.11937453853347652, -0.992372092580075], [-0.5291908318688098, -0.8403280770371537, -0.11749802725593594]], "T": [0.0021713969085131873, 0.038387419095353786, -0.05108919354070898], "aligned_model": [[0.059198359478671775, -0.05341089016073628, 0.36531735003293797, -0.4204937607718457, 0.7244672089843227, -0.406845397064786, -0.7139957989152055, 0.37780924686730877, -0.5087369936747683, -0.45171593489143114, 0.17715507365347344, -0.016604332595044045, 0.0164876699613247], [-0.41767012482364263, 0.2214142247123557, 0.5618614103256011, -0.5812776823585337, 0.08715098470455075, 0.4925191832623729, 0.0064149531556807055, -0.5417296708569626, -0.19280063036522635, 0.43468207112530055, 0.6051040132951813, 0.21762722535030551, 0.07048530794350241], [-0.5263999302236732, -0.7968842975045002, -0.2872417953985107, -0.056598816456486456, 0.14903938177924372, -0.4506018440001147, -0.26006129301131, 0.03873301567138504, 0.45103507287358746, 0.21996082915662932, 0.32297354760990116, 0.7719656568076696, 0.02635550353247429]], "inverted": true, "swapped": true, "error_lsq": 0.04046341339231766, "error_max": 0.229298866110904, "target": "1022.xyz", "model": "17.xyz", "model_rescale": 3.7474275329858107, "target_rescale": 4.1181714912320295},
{"mapping": [7, 6, 12, 1, 10, 5, 13, 2, 9, 11, 0, 8, 4, 14], "R": [[-0.3059560219620386, 0.28206250265773347, -0.9093028413128494], [0.7057563886726131, 0.7082315235164732, -0.017777202966915262], [0.6389826542817545, -0.6471853317960718, -0.4157551128188953]], "T": [0.029928798112008284, 0.018244706578759068, 0.04503543194710586], "aligned_model": [[0.3520759913315784, 0.23737484744937165, 0.6435535971444881, -0.36403502557624584, 0.21509340747795208, -0.3597798485601674, 0.6324862116143751, 0.15504036237663849, -0.03632885755457632, 0.2356910663536101, -0.7027947566578477, -0.3863775098030176, -0.2746438518644116, 0.06749201415112893], [-0.3313821659899523, 0.3840278113661014, 0.2297908095800903, -0.22482680826473955, -0.7508422764177447, -0.3809668316987448, -0.3123835213826184, 0.7742470850630411, -0.7059063665494363, -0.09268181514155582, 0.041724163302178006, 0.40833191576160344, 0.37712317810028506, -0.055846936217274074], [-0.5364478507114281, -0.5763145445303747, -0.15591457787294968, -0.47594096477425113, 0.33506646971787285, 0.5503683866600678, 0.18402988469325776, -0.029838058154131646, -0.23591100655892927, 0.6630066867376022, 0.20386218290201405, -0.2891529602115794, 0.6247153202252291, 0.06326575053925504]], "inverted": true, "swapped": true, "error_lsq": 0.03948720027345576, "error_max": 0.22646200214392373, "target": "1022.xyz", "model": "18.xyz", "model_rescale": 3.922800546911778, "target_rescale": 4.1181714912320295},
{"mapping": [9, 7, 4, 6, 10, 2, 13, 12, 11, 3, 0, 1, 8, 5, 14], "R": [[-0.5450188897722575, 0.7385690785061234, 0.3968250572557528], [0.09055766257961934, 0.5223862577669313, -0.8478867303150681], [-0.8335188777343507, -0.42617873477084345, -0.3515934676435152]], "T": [0.022908547348406066, -0.017279712005801733, 0.09809652225691717], "aligned_model": [[-0.15432280611556123, 0.3974117439422424, -0.4965343086358124, -0.545803475284243, -0.7116579885834154, -0.288495565084612, 0.15363654030820428, 0.77988329742764, -0.21346953864842438, 0.46964601918865795, 0.40441396353348835, -0.2442919163645029, 0.06928445792759927, 0.5713630995796529, 0.06244766550601069], [0.38925969921998965, -0.11785898944081656, -0.5164122702156876, -0.13070000487445574, 0.050387477935527655, 0.5856507065877584, -0.660534441222409, -0.2176984369248932, -0.3480770333255538, 0.34596221764827456, 0.7110956668009076, 0.42685231670975765, -0.39278777956099303, 0.15324609505997042, -0.014836182714487712], [-0.584587841402088, -0.600360479820021, 0.028004099028880194, 0.4715536742727564, -0.22814541704254493, -0.13131871673601633, -0.10425785011333158, 0.024369953024379803, -0.4866616717318087, -0.1805253996732648, 0.24764771966605764, 0.6266167935771889, 0.5789640925302049, 0.6007417982191054, 0.01015791553387091]], "inverted": false, "swapped": false, "error_lsq": 0.039398692130698285, "error_max": 0.25289890142044824, "target": "1022.xyz", "model": "19.xyz", "model_rescale": 3.9282355846067225, "target_rescale": 4.1181714912320295},
{"mapping": [10, 9, 1, 5, 11, 0, 4, 8, 3, 12, 7, 13, 6, 14], "R": [[-0.0004077184564685865, 0.7157386115703136, 0.6983681505288313], [0.8551242754688274, 0.3622996470334974, -0.37081186505196473], [-0.5184229038821235, 0.5970403718902125, -0.6121931778969963]], "T": [0.020502365331286444, -0.04451599953237262, 0.0334282768836351], "aligned_model": [[-0.6583979718428405, -0.09690164530603204, 0.4636950096181507, -0.38897174714643434, -0.589260340437756, 0.22966251570408608, -0.10722950463508982, 0.6454748265597974, -0.1480435012793794, 0.01081902848717168, 0.14655574035076127, -0.5085933396567975, 0.5798360371935801, -0.046122288524541415], [-0.5429834066029215, -0.8148592471103153, -0.5680358907011787, -0.22424078802129876, 0.1839544264260044, -0.0803721445678933, 0.4825762317218415, 0.06380961954291972, 0.6630835874579796, 0.15423281211770623, -0.561306778391254, -0.15918463635348018, 0.019765340415976246, -0.09355703850925066], [0.010552544766047875, 0.055863386727700026, -0.08992027497154566, -0.5720748431059117, -0.0784733902882661, -0.6860349937429571, -0.47984102714278903, -0.1532153332117544, 0.09695677595521048, 0.68309988391647, 0.5636908624630819, 0.47909492167377005, 0.5293321881987226, 0.05315245600590354]], "inverted": true, "swapped": true, "error_lsq": 0.04089719673517197, "error_max": 0.3533512383259169, "target": "1022.xyz", "model": "20.xyz", "model_rescale": 4.067790424073018, "target_rescale": 4.1181714912320295},
{"mapping": [5, 6, 10, 9, 1, 8, 11, 3, 13, 2, 0, 7, 12, 0, 14], "R": [[-0.0924535621241066, -0.9384959087558653, -0.33268268379804045], [-0.41792497871562284, 0.33983394602359795, -0.8425269142855774], [0.9037649312825268, 0.06114178913421883, -0.42363974153206707]], "T": [0.04614815435065624, 0.048762221749329385, -0.09307145099375144], "aligned_model": [[-0.26981536434668707, 0.5161933689188526, -0.5034135922640343, -0.4409892645567038, -0.759526707859792, -0.1751299606042922, 0.1966572567193121, 0.796538740594555, -0.3689587504317555, 0.7078340577143359, 0.35886462187684887, -0.3175773259070694, 0.15148102978327516, 0.35886462187684887, 0.0024884571832302638], [0.2698519410592329, -0.08456706350385272, -0.5448538451085774, -0.1745810871363116, 0.1641672387660622, 0.5742226638954232, -0.578217289034841, -0.2794694827569941, -0.36926833364384964, 0.38694183336902216, 0.44694447861691844, 0.4516801390487761, -0.4360816665330949, 0.44694447861691844, -0.010164963971942387], [-0.5400082605381742, -0.648803131439257, 0.03688497778000485, 0.46983600227470446, 0.011210856845890793, -0.10282933532744942, -0.14077844356477498, 0.1369783977004644, -0.47130447101822515, -0.13216425229369805, 0.4050423219283913, 0.41881221170623084, 0.4907480898285509, 0.4050423219283913, -0.06646861647768064]], "inverted": false, "swapped": false, "error_lsq": 0.042229865936959224, "error_max": 0.35293088130558486, "target": "1022.xyz", "model": "21.xyz", "model_rescale": 4.186013935880536, "target_rescale": 4.1181714912320295},
{"mapping": [3, 11, 4, 6, 7, 2, 12, 13, 0, 5, 10, 1, 14], "R": [[-0.39445449103603825, -0.6284453988375901, -0.6704192980377003], [-0.24201770852945748, 0.7748676658955576, -0.5839584994738253], [0.8864722687482395, -0.06809171043110473, -0.4577449461336695]], "T": [0.0617275440327014, -0.014771996521683404, 0.059201542697117], "aligned_model": [[0.11568064502455291, -0.39882694434892174, 0.23429600451943725, 0.4765706408127421, -0.11319570552449817, 0.5629238413086757, -0.04001213272774245, -0.5670109088622358, 0.41482347095497496, -0.22582147862016624, -0.7136235695417578, 0.33243790802616185, -0.019667735597997373], [-0.2555160979267337, 0.11427609040315304, 0.3363078611480152, -0.5845127107143209, -0.3846646869576163, -0.44236486927891017, -0.6853731068267831, -0.3251843092162262, 0.6452329607884036, 0.6701080687994486, 0.2512922012341292, 0.18875470520998022, -0.009399447116446281], [-0.6280190153384984, -0.3966135848412504, -0.576840978910743, 0.3165100346815881, 0.6890601192515579, -0.33925190009218786, 0.019061249229961302, 0.06568795654849299, 0.010439342803098967, -0.06269567794791969, 0.2539814600348581, 0.6682995989679529, 0.08326095694843498]], "inverted": false, "swapped": true, "error_lsq": 0.04833042430621545, "error_max": 0.2799418443085114, "target": "1022.xyz", "model": "22.xyz", "model_rescale": 4.166573947596378, "target_rescale": 4.1181714912320295},
{"mapping": [12, 9, 13, 5, 6, 2, 10, 8, 14, 3, 4, 1, 7, 0, 15], "R": [[0.21834532504587661, 0.953199073842488, -0.20913355698317201], [-0.3356637903510903, 0.2745860752937298, 0.901072864479852], [0.9163269825110194, -0.12654648505829513, 0.37990899994819927]], "T": [0.05994734429941556, 0.06866655927180622, -0.11632092531526121], "aligned_model": [[-0.37591757838874407, 0.4494391304371824, -0.41535750395068644, -0.4561387328031223, -0.6157708651728666, -0.07558194594365758, 0.08005443914804757, 0.820829903874426, -0.20812661332820553, 0.4419763188560597, 0.490355906008901, -0.2299955278467759, 0.10675753237324417, 0.21853398861733012, 0.022452736815791074], [0.11530243538390425, -0.11101158192046727, -0.6152671721533292, -0.216911797622431, 0.4066663440999387, 0.7229981960166013, -0.6764970763885269, -0.05620099755531584, -0.5108391036742217, 0.4952162807125671, 0.5010948410349673, 0.4138843964065256, -0.40563868207818, 0.11516927016517577, 0.08558368925568102], [-0.6033817217858032, -0.5363936337729704, 0.03577473913505337, 0.46947950511804487, -0.025388649359068968, -0.03700409336782294, -0.04373928899930783, 0.12769744286179224, -0.5835331930005128, -0.29944888537071673, 0.29307834740408073, 0.43581749635342243, 0.41681413446850507, 0.6833312096544177, -0.06090474000574449]], "inverted": true, "swapped": false, "error_lsq": 0.04148863171897555, "error_max": 0.292066691775643, "target": "1022.xyz", "model": "23.xyz", "model_rescale": 4.274766983524099, "target_rescale": 4.1181714912320295},
{"mapping": [0, 11, 3, 8, 12, 6, 1, 7, 9, 13, 14], "R": [[0.33985519902424965, 0.9326337153669391, -0.12121384680409833], [-0.23427589610882515, 0.20877540880436615, 0.9494880900679994], [0.9108310755560522, -0.29429098124038655, 0.2894470075194695]], "T": [-0.03004934663945126, 0.11471136380473465, -0.08340628679485926], "aligned_model": [[0.19945299370951514, 0.222310247431109, -0.4372666965089711, -0.3823008117894401, -0.4537507460097805, -0.6248372557877423, 0.12036098291967288, 0.003349357425153014, 0.5469558004753342, 0.15279007053423915, 0.03283076155898569], [-0.3134926292030479, 0.6816380700810062, 0.6103346151296737, -0.4040614243698786, 0.43508875205057007, -0.14295294788053056, -0.5363791713346312, -0.056388262553267815, -0.14964676071869762, 0.6393653609833722, 0.15208092905891507], [-0.6549227306248087, -0.31021021310901564, -0.43222196529295376, -0.2930597002675044, 0.3402722557368384, 0.2944076647962329, 0.11449649099767614, 0.6471756843485071, 0.3692476617771956, 0.34439956912322967, -0.04001828346381976]], "inverted": false, "swapped": true, "error_lsq": 0.04885044480871017, "error_max": 0.20429815857261485, "target": "1022.xyz", "model": "24.xyz", "model_rescale": 3.7841303162186577, "target_rescale": 4.1181714912320295},
{"mapping": [14, 11, 5, 2, 9, 10, 3, 6, 13, 7, 0, 8, 4, 1, 15], "R": [[-0.9419246899084769, 0.16856658166407554, 0.2904534146587169], [0.13202291078612519, -0.6093862596825331, 0.781804539215328], [0.3087844386758808, 0.7747475034204506, 0.5517413129133981]], "T": [0.0007027955226488226, 0.09191283330018049, 0.011827073027240856], "aligned_model": [[-0.5437750744964625, 0.44692283787962156, -0.3890763237151202, -0.5418308362529086, -0.5575343736772269, -0.030722227112678673, 0.1768265488916911, 0.6085164140506487, -0.12089437409003156, 0.5320476290266193, 0.383020588554263, -0.1579611648188887, 0.1406994716980587, 0.2553842176702766, 0.0518878550890627], [0.21418803852371518, -0.03210170174875179, -0.6713268145340278, -0.13896765169820477, 0.2581056929558674, 0.7312188027426334, -0.676731214602666, -0.29607012576360703, -0.3063133767524171, 0.4333646507212804, 0.6198357813723875, 0.3300148846699442, -0.4439430925049601, 0.19703730323957644, 0.04523786506211975], [-0.5519916793724606, -0.6004928091080893, 0.19857884309603058, 0.4820870946818103, -0.041949360931308396, -0.43038944709023885, -0.15300204683899693, 0.05719535325732572, -0.650464412076086, -0.14273322067306582, 0.3530900440360789, 0.529119006524287, 0.511790772007185, 0.7025676993378891, 0.008792832483008493]], "inverted": true, "swapped": false, "error_lsq": 0.038967215513948224, "error_max": 0.30789609694169234, "target": "1022.xyz", "model": "25.xyz", "model_rescale": 4.19342608120988, "target_rescale": 4.1181714912320295},
{"mapping": [13, 11, 10, 6, 7, 12, 1, 2, 5, 3, 0, 14], "R": [[-0.6492547200418118, 0.7526762688386476, -0.10930115658381911], [-0.4081211450880611, -0.4660400631625988, -0.7850119683542481], [-0.6417985972526261, -0.4650646125588712, 0.6097618114559396]], "T": [-0.003065507536998139, 0.08645328498393796, -0.06747892874497347], "aligned_model": [[-0.16612490723608997, 0.4297637175620507, 0.20992552656304353, -0.6692346690760861, -0.6386820326612674, -0.5045864103881251, -0.22958339629383384, -0.18910459189448361, 0.6593121173891986, 0.19194747592053166, 0.5051059888849325, -0.0009302641380904818], [-0.5904785386344622, -0.3530050525236061, -0.6156396861405403, 0.38888951937338817, -0.13907958137210757, -0.14592564743538278, 0.4095306681769632, 0.4821983269671545, -0.06467524113483246, 0.07201120847012206, 0.5605191466607429, 0.008431305333540737], [0.015496115263355092, 0.1693047436133616, -0.48172402785574464, 0.09882774203149125, -0.3980347202763651, 0.3276727761740722, -0.6419511318901254, 0.566219627465868, -0.3915470192663646, 0.6360138697709081, -0.3497630381780366, -0.10125647564299885]], "inverted": false, "swapped": true, "error_lsq": 0.044495434980853794, "error_max": 0.2880595157353189, "target": "1022.xyz", "model": "26.xyz", "model_rescale": 3.795458400668931, "target_rescale": 4.1181714912320295},
