[{"mapping": [12, 5, 2, 1, 7, 6, 11, 9, 10, 8, 13], "R": [[-0.06410257992716618, 0.5403506606564007, -0.8389946500275629], [-0.8491256664926462, 0.4121553695082689, 0.3303234080245024], [0.5242866217538846, 0.7335864740531233, 0.43240539235329345]], "T": [0.031364250707558425, -0.005008378869875887, -0.2575788825311366], "aligned_model": [[-0.152278318655036, 0.7798316526040087, -0.48421726724347525, 0.08763733107829498, -0.24987640627069607, 0.28326216682568406, 0.43357979356755405, -0.5960351564696894, -0.07541605644126466, 0.3070541567812287, -0.004698647027531956], [-0.49314036264257777, -0.03798131652633492, 0.3616048482487698, -0.5033600064647481, 0.4548494582113758, 0.6541217905397387, 0.033894668280865556, -0.021303983182592315, -0.25823507079912533, 0.601846188539546, 0.0701658045698427], [-0.006337203843787165, -0.3629856855482024, -0.694647167194602, -0.5431014019969438, 0.27235408022251384, -0.5519275598120983, 0.3114299494280053, 0.12037297805159419, 0.7119071323970817, 0.15022222257540224, -0.11762113245448247]], "inverted": false, "swapped": false, "error_lsq": 0.052442681459962316, "error_max": 0.23110710936812232, "target": "1023.xyz", "model": "0.xyz", "model_rescale": 3.8414455957264533, "target_rescale": 3.7700553522568536},
{"mapping": [0, 9, 5, 7, 10, 6, 13, 1, 11, 8, 14], "R": [[0.37446153513749697, 0.3748401366267083, 0.8480998942790526], [0.9168111934364853, -0.012864830477244904, -0.3991136827100268], [-0.13869316598894577, 0.9270001985493115, -0.3484750171784203]], "T": [-0.016005698416039306, 0.06125646118930418, -0.16450177550875703], "aligned_model": [[-0.05066575643675595, 0.6379935330920945, -0.41916333363303787, 0.29002740897588447, -0.2781320435095202, 0.13880183320642844, 0.516045615834718, -0.7321800403753707, -0.16782199134329298, 0.48669376244948276, -0.09275573951155358], [-0.6498991911687427, 0.02714512058571368, 0.4570160207469847, -0.40249128378454, 0.6699561763874169, 0.6746666532667404, -0.17867171633529716, -0.2169277483188134, -0.1402159348582348, 0.55145194382173, 0.07043197843180289], [-0.02821645713451562, -0.35589430833707225, -0.5038556868866015, -0.48735897048331456, 0.006248733527263406, -0.6225298731099025, 0.31944333426413385, 0.23324908705247552, 0.6495167064452242, 0.19785721548339139, -0.11879356899660057]], "inverted": false, "swapped": false, "error_lsq": 0.044847533357269674, "error_max": 0.2789906318304921, "target": "1023.xyz", "model": "1.xyz", "model_rescale": 4.316132596720782, "target_rescale": 3.7700553522568536},
{"mapping": [4, 3, 8, 6, 1, 10, 5, 2, 0, 9, 11], "R": [[0.531648283245415, -0.6020918328437802, -0.5956807263501317], [-0.8159270438870724, -0.17543627387384647, -0.5508948836783332], [0.2271853031688152, 0.7789143333076356, -0.5845334031447778]], "T": [0.11631129357134501, 0.15925478341223295, -0.05571496291463796], "aligned_model": [[-0.0008087284075114776, 0.6205113113846026, -0.4785769157579634, 0.024468685107735255, -0.24619290872508048, 0.1443670321674922, 0.5411381240525328, -0.668718587165958, -0.09511881762154464, 0.3842289012904602, 0.103545152424312], [-0.6008592956106028, -0.2026458581149814, 0.3463255142507379, -0.29450657929299295, 0.5199311025928117, 0.5089619376088289, -0.018058203472404777, -0.11307240580111741, -0.05989327755945542, 0.7310809327185313, 0.0451981514554054], [-0.002430645712656783, -0.2697880264663438, -0.5008539028844051, -0.7352453330865726, 0.12622062872314144, -0.5793117356556778, 0.39577385278554605, 0.045731525983368985, 0.5855225079491261, 0.3331121396330237, -0.10906479944406908]], "inverted": true, "swapped": false, "error_lsq": 0.03783868697413639, "error_max": 0.26406427279088807, "target": "1023.xyz", "model": "2.xyz", "model_rescale": 3.795458400668931, "target_rescale": 3.7700553522568536},
{"mapping": [0, 4, 8, 7, 6, 9, 10, 1, 2, 5, 11], "R": [[-0.1736539248334807, -0.9573231379108402, 0.2310340321478006], [-0.14759752647434216, -0.2066485783201224, -0.9672183493177374], [0.9736833595007077, -0.20206131420639462, -0.10541319050574738]], "T": [0.01886869711338799, 0.07957527177702314, -0.030512892953844892], "aligned_model": [[0.08005803211144094, 0.602644776036974, -0.5494606376116125, -0.012303692093347966, -0.36496552965472584, 0.24289968598334546, 0.522365773014899, -0.5428797781040205, -0.2275502792529049, 0.51959971636762, 0.05843518195140964], [-0.7004646721679564, -0.1628080392451125, 0.48112203882969773, -0.182687001801746, 0.4805222304404214, 0.6015432493186812, -0.009395730172551658, -0.20281194156786644, 0.02280214636869518, 0.5705934563661029, -0.035953717593605036], [-0.03173572104908455, -0.13733308551193107, -0.3859350337834773, -0.7471362798345766, 0.16750003420193316, -0.6877146802720883, 0.49635102759004673, 0.0005508204409802944, 0.693213444644102, 0.014143621785737352, -0.09223793638716068]], "inverted": true, "swapped": false, "error_lsq": 0.04447827280595595, "error_max": 0.19711668356165937, "target": "1023.xyz", "model": "3.xyz", "model_rescale": 3.7530521520055578, "target_rescale": 3.7700553522568536},
{"mapping": [7, 0, 3, 1, 9, 2, 6, 5, 8, 4, 10], "R": [[-0.2331974323554599, -0.9722292961748775, 0.019726966368989685], [0.9577713146762665, -0.22612601551596387, 0.17759823729465962], [-0.1682054289436487, 0.06030937544177204, 0.9839053373712874]], "T": [-0.031392607114875556, 0.123577244683997, -0.08007784294797793], "aligned_model": [[0.0024233608325010467, 0.7342947886276638, -0.5052145167259313, -0.06082162946298157, -0.34449364539761085, 0.19314160412308684, 0.46811143955357043, -0.6438063803819108, -0.12180108446605044, 0.5512810294731147, 0.055728282573625124], [-0.44504602584012154, -0.1769592571779478, 0.5434045824032103, -0.23114001978258403, 0.42884652066319945, 0.43093090481363794, 0.14937166632979476, -0.2537762615682361, -0.23904285012669607, 0.5670493575098863, 0.08882340155061705], [0.10613439371665212, -0.14025266176383577, -0.503525111885482, -0.7859358072316802, 0.24571684364560759, -0.6426381495957801, 0.46413341916787043, -0.09072883454918, 0.7576646390335832, -0.02062346730884876, -0.10027905140442564]], "inverted": false, "swapped": false, "error_lsq": 0.05829683959309777, "error_max": 0.2559901315320983, "target": "1023.xyz", "model": "4.xyz", "model_rescale": 3.7855080009869324, "target_rescale": 3.7700553522568536},
{"mapping": [5, 2, 6, 0, 8, 12, 9, 7, 10, 14, 16], "R": [[-0.5840160650742184, 0.7533109569213864, 0.302403435690489], [-0.398110607066786, 0.0588489792680309, -0.9154478369519623], [-0.7074130195834267, -0.655026258879212, 0.2655323330642849]], "T": [0.0022092175696862594, 0.17854161778661365, -0.1361058461994692], "aligned_model": [[-0.1519576515124857, 0.6985891401640829, -0.5769951875469391, 0.1468971521428775, -0.41622248792841016, 0.31234116247409693, 0.4985237780772477, -0.6450057007834903, -0.1638201473291608, 0.5745506358469306, 0.05194255514432772], [-0.6081774168346761, -0.038186623607373016, 0.3468813316720683, -0.4595743091780314, 0.5155479469637865, 0.6257412139480163, 0.03915695509143308, -0.17592541991237037, -0.09014065793620263, 0.5157648564443758, 0.1913741421237342], [-0.024710237393511858, -0.2538749438795642, -0.3856275203871475, -0.5607790719431099, 0.31848354643095905, -0.54463486714295, 0.35497234725100313, -0.006354389475828781, 0.5205587247787272, -0.00803091982263382, -0.12033645659146208]], "inverted": true, "swapped": false, "error_lsq": 0.043111993764735755, "error_max": 0.19741949831981703, "target": "1023.xyz", "model": "5.xyz", "model_rescale": 4.2253639853439635, "target_rescale": 3.7700553522568536},
{"mapping": [6, 4, 8, 2, 9, 1, 7, 11, 12, 0, 13], "R": [[0.23038052587704472, -0.8164967773049914, -0.5293938287770075], [0.23644947511747239, 0.5746935392627291, -0.7834660054184546], [0.9439366816758887, 0.055320417390338716, 0.32545843422236054]], "T": [0.0059205417902665515, 0.0622308901143034, -0.19055531600471215], "aligned_model": [[0.023304204291796225, 0.6125206690752873, -0.5933928929667962, 0.18727462799554834, -0.15975649298995806, 0.23121977641132302, 0.34361803077098285, -0.6111205367913137, -0.2718190937784341, 0.5132524206172142, 0.05374253611342711], [-0.5349076911007887, 0.09520117089737563, 0.41450895317856823, -0.42613131276176014, 0.6049487838662377, 0.6445901667327204, -0.17265613710281014, -0.27885138022991196, -0.011808579100197267, 0.5018782450505108, 0.025689799344815904], [0.04785880108059967, -0.5536814075616363, -0.4407321510675785, -0.6133846743230749, 0.0343998693840214, -0.5763061549848844, 0.4878101506930978, 0.13880312249793791, 0.6975452505425859, 0.248064356775836, -0.18071095121242378]], "inverted": false, "swapped": false, "error_lsq": 0.05153970672738992, "error_max": 0.32696557241941954, "target": "1023.xyz", "model": "6.xyz", "model_rescale": 3.89814844738969, "target_rescale": 3.7700553522568536},
{"mapping": [0, 4, 8, 7, 9, 11, 2, 6, 5, 10, 12], "R": [[-0.9521896258315422, -0.30057103612191477, -0.05469889124457731], [0.23721127385429958, -0.6145516954498335, -0.7523676130563806], [0.19252461664734713, -0.7293718296344696, 0.656468587306703]], "T": [0.02341638936625784, -0.04753594525622733, -0.13225277781350708], "aligned_model": [[-0.023021053772728117, 0.6464693868025997, -0.46712954460534895, 0.11341456591881727, -0.35156691027081205, 0.14004867711381963, 0.5544500870787841, -0.6076126016857415, -0.2242569926811645, 0.3945469766569427, 0.15350065819390873], [-0.62867573687416, -0.030891468914647224, 0.26153163544071395, -0.3259678380902517, 0.6792951121727893, 0.5975728644485762, -0.1517725835722592, -0.144020996166914, 0.11930598836891577, 0.45139785925693765, 0.03468718270505962], [-0.026751621699993428, -0.29664168308748917, -0.4808624299185477, -0.7201734262143202, 0.22698254615189423, -0.6071968822289966, 0.32456860921571284, 0.0910606754991769, 0.5842653789935921, 0.25791488991847766, -0.0634998448050256]], "inverted": true, "swapped": false, "error_lsq": 0.03548060405374984, "error_max": 0.20177730001899738, "target": "1023.xyz", "model": "7.xyz", "model_rescale": 3.7474275329858107, "target_rescale": 3.7700553522568536},
{"mapping": [7, 8, 12, 9, 1, 4, 3, 10, 0, 2, 14], "R": [[-0.3358612223036258, 0.9400319735441458, 0.05947375948612482], [-0.7335028766311462, -0.30063797810915416, 0.6095820995503999], [0.5909067348800048, 0.16111081538226626, 0.7904887955185155]], "T": [-0.05068524990390977, 0.053443308168368314, -0.11611020127429011], "aligned_model": [[-0.13917051517518747, 0.6053853676268939, -0.5854398703125663, 0.18805144137226545, -0.16392125867933846, 0.41051260280175256, 0.4365468982916391, -0.6563861818498137, -0.20641973766808733, 0.47677832841044165, -0.037093826068922406], [-0.6196979593985026, 0.05469992400985957, 0.28576779120113316, -0.45078908915779503, 0.6578550442695635, 0.5109088969988886, -0.06746858142077389, -0.3578946180339595, 0.06025150038144686, 0.6791807151773541, 0.10964839474754531], [-0.17022880853976935, -0.30260438774105813, -0.31786611651473096, -0.6348538005732243, 0.315938267800191, -0.5522840445308035, 0.3958660537467275, 0.08185659188985223, 0.5241347951658075, 0.08092879707714612, -0.13122113595565746]], "inverted": true, "swapped": false, "error_lsq": 0.04968513714214107, "error_max": 0.21711336140807702, "target": "1023.xyz", "model": "8.xyz", "model_rescale": 4.019505241142653, "target_rescale": 3.7700553522568536},
{"mapping": [8, 11, 1, 9, 2, 10, 5, 0, 3, 6, 12], "R": [[-0.6951443638183767, -0.5870069256231131, -0.41496648385387147], [0.22970302411323373, -0.7283636957368156, 0.6455407403455204], [-0.6811834071414097, 0.35342495101946114, 0.6411551838924114]], "T": [-0.01815685475778299, 0.037410143884802585, -0.0666221631503624], "aligned_model": [[0.13398930562212286, 0.5512700250343271, -0.44140463552507225, 0.098596550656479, -0.24054376839568903, 0.19422038669842434, 0.3833367622230603, -0.6182711810508983, -0.2028058991952189, 0.4582194893820578, 0.01223621329948429], [-0.5993612709338644, -0.17948458067635376, 0.31884148751898084, -0.25387770023906664, 0.4549517989633226, 0.6555475787523622, -0.06122800629179051, -0.13042134785060905, 0.05488326378528065, 0.5803666098944034, 0.02224418585209462], [-0.23248548802233912, -0.19295201322844718, -0.5115525139541508, -0.6739606977587668, 0.28858930785466413, -0.7077007676479649, 0.46214821233916625, 0.118692336635047, 0.7724608054594481, 0.012912060484637555, -0.04648503033681314]], "inverted": true, "swapped": false, "error_lsq": 0.046379971203230806, "error_max": 0.2522154931781587, "target": "1023.xyz", "model": "9.xyz", "model_rescale": 3.877068213659057, "target_rescale": 3.7700553522568536},
{"mapping": [10, 0, 3, 12, 4, 5, 8, 13, 2, 1, 15], "R": [[-0.1366582096308358, 0.3960717164852505, -0.9079932428938678], [-0.1931335483798023, -0.9096562565120748, -0.3677294215570264], [-0.9716089574673143, 0.12511071252641026, 0.20080673141210387]], "T": [-0.048379236994960065, -0.04803687918772591, 7.129711920350612e-06], "aligned_model": [[-0.05343740793930858, 0.6688454201387064, -0.3858527495217054, 0.18232532386145361, -0.2808117562106099, 0.18890514199958325, 0.5778758331875721, -0.8019538713996271, -0.27806892692807295, 0.4800497907150707, 0.03096645084601482], [-0.7529462651292081, 0.0262624234780567, 0.31271620825652247, -0.17566336566210866, 0.5654509460247722, 0.49612333196401237, -0.08702846818708894, -0.1356729656546113, 0.015603302013693324, 0.6395883598403982, -0.041971488169677856], [-0.07928947789633961, -0.3373864690072364, -0.39840243464431885, -0.6990508802298754, 0.16643576929080092, -0.5085017004247836, 0.4490140103563874, 0.14861292601311563, 0.6193195965851346, -0.028991206936609115, -0.04209392128179454]], "inverted": false, "swapped": false, "error_lsq": 0.041065770362338244, "error_max": 0.17426172087631225, "target": "1023.xyz", "model": "10.xyz", "model_rescale": 4.260839863003843, "target_rescale": 3.7700553522568536},
{"mapping": [7, 10, 2, 8, 3, 4, 6, 1, 0, 5, 11], "R": [[-0.02894319427930022, -0.9649924160427931, -0.26067590698951054], [0.9550820093371696, -0.1036420208001402, 0.2776268844419394], [-0.2949248157503626, -0.24093146017977096, 0.9246466268527984]], "T": [0.05020214043464079, 0.0661717502674614, -0.1761629705580357], "aligned_model": [[0.0838438447936427, 0.6357797346784965, -0.4545012319909929, -0.12482457541244905, -0.3497027434879101, 0.3175680966751857, 0.5582039880243388, -0.6346066233943806, -0.08260567774970222, 0.3641540510409507, 0.015534385571897333], [-0.5320735205149242, -0.11267026626270572, 0.3723434136875456, -0.38381909317865626, 0.5459981419639387, 0.6438481610137661, 0.0027141843718922615, -0.11339810121999556, -0.1588513366527824, 0.5719434214079898, 0.026427014158691677], [0.08949933575691166, -0.311987144714194, -0.5252912342695546, -0.7076583107193364, 0.16099543295461077, -0.5379754475569181, 0.48803774822378737, -0.02766290806299171, 0.6615487717716435, 0.14358711426800824, -0.14342714582748597]], "inverted": true, "swapped": false, "error_lsq": 0.040016443121629, "error_max": 0.23451089334645714, "target": "1023.xyz", "model": "11.xyz", "model_rescale": 3.890672605050136, "target_rescale": 3.7700553522568536},
{"mapping": [6, 5, 3, 8, 4, 7, 9, 1, 11, 12, 13], "R": [[-0.7075262654301743, -0.10620062525364632, 0.6986615854061005], [0.6681779456415555, 0.22136974386761227, 0.7103053353722037], [-0.2300974069490173, 0.9693899440863427, -0.08566399255005586]], "T": [-0.044035867142740284, 0.005665210462161979, 0.052924932629753715], "aligned_model": [[-0.05574039178912672, 0.6685232255639582, -0.4379409985471691, -0.01958838496055687, -0.4140040730434819, 0.316547885804349, 0.6317327002466424, -0.7327954431738979, -0.06278467409799912, 0.4465617091080702, -0.011668306361711442], [-0.5701057942199765, 0.04553361544467274, 0.40327324213507587, -0.24178762902211495, 0.6007362709738757, 0.5426071248045028, -0.24544505586578877, -0.3362820757559486, -0.059496797633488446, 0.5635818041375171, 0.1598473137764333], [0.07315110902769434, -0.2563358497533623, -0.6817925345673223, -0.6233593705181557, 0.061351283512101895, -0.5026260623377437, 0.34635447015896786, 0.17116447873717233, 0.5989693986157657, 0.10927419547845417, -0.006484906529091283]], "inverted": false, "swapped": false, "error_lsq": 0.044271789070334064, "error_max": 0.21263577478385037, "target": "1023.xyz", "model": "12.xyz", "model_rescale": 4.124412569039231, "target_rescale": 3.7700553522568536},
{"mapping": [0, 6, 7, 3, 10, 9, 1, 5, 4, 8, 12], "R": [[0.5052299122547846, -0.8496132414397721, -0.15132770973363296], [-0.5128978154029743, -0.43664403152883857, 0.7391060956893128], [-0.6940306669866106, -0.2958028561397722, -0.6563704012077892]], "T": [0.019611446773643938, 0.07804022570235733, -0.08900018470459854], "aligned_model": [[-0.07645396973704888, 0.6517319005212406, -0.4695613825928922, 0.1979066562352405, -0.3682667908673444, 0.16822173264560594, 0.6426756575089421, -0.691848024825043, -0.2521547808412213, 0.5457577930704791, -0.019165542368881842], [-0.48851774709626306, 0.04064478040219904, 0.3105865914955952, -0.34495847462614704, 0.6309991496493071, 0.4517545416420423, -0.1680164772255581, -0.1704705439740574, -0.10590824023937825, 0.548944315197644, 0.15740412354937672], [-0.00806260009169861, -0.3049588090029, -0.4047687792195369, -0.6349271885882393, 0.20831542788489116, -0.5858843412191521, 0.37372153204724845, -0.012752583433700684, 0.6255502579901033, 0.03873188516647423, -0.005298589709008525]], "inverted": true, "swapped": false, "error_lsq": 0.03606848444205609, "error_max": 0.15333640691021205, "target": "1023.xyz", "model": "13.xyz", "model_rescale": 3.9028299243045295, "target_rescale": 3.7700553522568536},
{"mapping": [10, 12, 3, 5, 6, 2, 11, 7, 9, 1, 15], "R": [[0.6982673227599079, 0.6435278569996091, -0.31351976529590825], [-0.4837905269254777, 0.1014360087208501, -0.8692856045005879], [-0.5276073085381585, 0.7586716242224132, 0.38216213127002296]], "T": [0.06760652301933036, 0.038276846999652156, -0.24567451225165504], "aligned_model": [[-0.22729439081598224, 0.7536849745041766, -0.46128300542386425, 0.20222543804407417, -0.20321834343709472, 0.24624597229338968, 0.4991523684329937, -0.6778792549316216, -0.1638716085441838, 0.3534184622261257, 0.007662636401063863], [-0.6250247070252953, -0.07731714923965738, 0.343198252830039, -0.3180650863004676, 0.49610463998934873, 0.6772270320091115, 0.06496239324762687, -0.21807371532823538, -0.013656531544406061, 0.5098051692725971, 0.023301720864098853], [-0.07710078506926907, -0.2588909944790919, -0.372119157087674, -0.5877271513945894, 0.1561411991438555, -0.5650181794743243, 0.35341876367921354, 0.20060264367749403, 0.4922728132835259, 0.09808606204987669, -0.14999900250453607]], "inverted": false, "swapped": false, "error_lsq": 0.04203151998020537, "error_max": 0.19898440956461122, "target": "1023.xyz", "model": "14.xyz", "model_rescale": 3.942246331269136, "target_rescale": 3.7700553522568536},
{"mapping": [8, 13, 9, 11, 5, 4, 12, 7, 0, 3, 14], "R": [[0.014347900097555218, 0.8355999646277503, -0.5491510146370422], [-0.7194275006417001, 0.39004666851163344, 0.5747065927091951], [0.6944193323080998, 0.38682850915758304, 0.6067499447216246]], "T": [-0.0032983537338566044, 0.15137419234593552, -0.13025873346563843], "aligned_model": [[-0.09649107288887117, 0.7426272747457873, -0.736313112773479, 0.17657218403939018, -0.2125756561984739, 0.3824899941377218, 0.659885699251993, -0.7487971906136266, -0.24224845412278428, 0.41566342893006275, -0.011969845758643217], [-0.6102248455721864, -0.14466946641415662, 0.37357723719225644, -0.2908593829273595, 0.6435231811684569, 0.3900617078052263, 0.063685202512535, -0.22729104760372126, -0.16806161874597908, 0.6989870349025071, 0.13373401645718153], [-0.029645867357585176, -0.2601931607376383, -0.37820525193982424, -0.6652232922905309, 0.2114603641323991, -0.5015532224268853, 0.3393941288593003, 0.048133049960106505, 0.487463772992099, 0.07256909952290605, -0.03453340888986593]], "inverted": true, "swapped": false, "error_lsq": 0.04895043992302272, "error_max": 0.261013110106849, "target": "1023.xyz", "model": "15.xyz", "model_rescale": 4.355366556412066, "target_rescale": 3.7700553522568536},
{"mapping": [4, 3, 8, 6, 1, 10, 5, 2, 0, 9, 11], "R": [[0.531648283245415, -0.6020918328437802, -0.5956807263501317], [-0.8159270438870724, -0.17543627387384647, -0.5508948836783332], [0.2271853031688152, 0.7789143333076356, -0.5845334031447778]], "T": [0.11631129357134501, 0.15925478341223295, -0.05571496291463796], "aligned_model": [[-0.0008087284075114776, 0.6205113113846026, -0.4785769157579634, 0.024468685107735255, -0.24619290872508048, 0.1443670321674922, 0.5411381240525328, -0.668718587165958, -0.09511881762154464, 0.3842289012904602, 0.103545152424312], [-0.6008592956106028, -0.2026458581149814, 0.3463255142507379, -0.29450657929299295, 0.5199311025928117, 0.5089619376088289, -0.018058203472404777, -0.11307240580111741, -0.05989327755945542, 0.7310809327185313, 0.0451981514554054], [-0.002430645712656783, -0.2697880264663438, -0.5008539028844051, -0.7352453330865726, 0.12622062872314144, -0.5793117356556778, 0.39577385278554605, 0.045731525983368985, 0.5855225079491261, 0.3331121396330237, -0.10906479944406908]], "inverted": true, "swapped": false, "error_lsq": 0.03783868697413639, "error_max": 0.26406427279088807, "target": "1023.xyz", "model": "16.xyz", "model_rescale": 3.795458400668931, "target_rescale": 3.7700553522568536},
{"mapping": [0, 4, 8, 7, 9, 11, 2, 6, 5, 10, 12], "R": [[-0.9521896258315422, -0.30057103612191477, -0.05469889124457731], [0.23721127385429958, -0.6145516954498335, -0.7523676130563806], [0.19252461664734713, -0.7293718296344696, 0.656468587306703]], "T": [0.02341638936625784, -0.04753594525622733, -0.13225277781350708], "aligned_model": [[-0.023021053772728117, 0.6464693868025997, -0.46712954460534895, 0.11341456591881727, -0.35156691027081205, 0.14004867711381963, 0.5544500870787841, -0.6076126016857415, -0.2242569926811645, 0.3945469766569427, 0.15350065819390873], [-0.62867573687416, -0.030891468914647224, 0.26153163544071395, -0.3259678380902517, 0.6792951121727893, 0.5975728644485762, -0.1517725835722592, -0.144020996166914, 0.11930598836891577, 0.45139785925693765, 0.03468718270505962], [-0.026751621699993428, -0.29664168308748917, -0.4808624299185477, -0.7201734262143202, 0.22698254615189423, -0.6071968822289966, 0.32456860921571284, 0.0910606754991769, 0.5842653789935921, 0.25791488991847766, -0.0634998448050256]], "inverted": true, "swapped": false, "error_lsq": 0.03548060405374984, "error_max": 0.20177730001899738, "target": "1023.xyz", "model": "17.xyz", "model_rescale": 3.7474275329858107, "target_rescale": 3.7700553522568536},
{"mapping": [0, 1, 9, 2, 5, 7, 3, 4, 8, 11, 13], "R": [[0.2496453099464634, -0.5939731527021387, 0.7647699739731003], [0.6040877968609212, -0.5217218605319905, -0.6023987333376102], [0.7568058885245629, 0.6123742271782187, 0.22856651763201608]], "T": [0.03131295864877246, 0.1813959022723903, -0.06487688140865344], "aligned_model": [[-0.01894920146507697, 0.63276487556531, -0.48179673376669097, 0.076056933178798, -0.506644850332375, 0.3302328803838407, 0.49247922111646336, -0.6980730848454529, -0.13517933256708167, 0.6212982246769142, 0.016654316804428283], [-0.653067737417075, -0.13069978443323102, 0.34897528898605296, -0.2375979336482704, 0.5322372450853513, 0.5704572474460984, 0.043049791080506467, -0.16763396036303166, -0.1231031908508772, 0.5886008712905502, 0.09124418159868641], [-0.047949386680570985, -0.20405407345837806, -0.4603003993663698, -0.6360816310505218, 0.2678868254460686, -0.6364514015876261, 0.413427637897717, 0.12327193353617794, 0.5647381362580974, 0.02365650711046277, -0.11847793628057599]], "inverted": true, "swapped": false, "error_lsq": 0.03794355999841872, "error_max": 0.22424647489474284, "target": "1023.xyz", "model": "18.xyz", "model_rescale": 3.922800546911778, "target_rescale": 3.7700553522568536},
{"mapping": [2, 7, 5, 3, 8, 12, 11, 1, 4, 13, 14], "R": [[0.6124516829406241, 0.340128373547366, 0.7135934595911181], [-0.6797247605985898, -0.23427225237202395, 0.6950473088917968], [0.4035804577681966, -0.9107300375394249, 0.08771324205073436]], "T": [-0.06642694241756897, 0.022551798801382056, -0.010991731982409977], "aligned_model": [[-0.14519416999807477, 0.6791375434696033, -0.47540387481745683, 0.14061518487946142, -0.3533007761190147, 0.2267670729512241, 0.5391751753455378, -0.7642171616150256, 0.07853990453540013, 0.38242690216162056, 0.02029744795580185], [-0.6878599345218294, -0.01721209346290828, 0.362379073734426, -0.16449647881440316, 0.5378042209589766, 0.50464930346829, -0.08030892541681081, -0.22427634285080775, 0.13310229809583565, 0.49641956749254623, 0.0022613300914452426], [-0.05831884687205304, -0.2951808403494368, -0.5585216509476425, -0.5865746912075713, 0.1521309182528841, -0.5589272299311904, 0.34943767739334236, 0.0011615563272459883, 0.6894583657993139, 0.2030019847999372, -0.04800103144034876]], "inverted": false, "swapped": false, "error_lsq": 0.04240681112720234, "error_max": 0.311625736123951, "target": "1023.xyz", "model": "19.xyz", "model_rescale": 3.9282355846067225, "target_rescale": 3.7700553522568536},
{"mapping": [7, 10, 3, 2, 4, 0, 9, 6, 8, 11, 13], "R": [[-0.15864326627013609, 0.38251970152383874, -0.9102257917754562], [0.9813086025137927, 0.16279803047910146, -0.1026168987280005], [0.10892998071958823, -0.9094918796879052, -0.40119668503390116]], "T": [-0.03415978139422457, -0.03452042730703521, -0.04525733346980459], "aligned_model": [[-0.017821601517254912, 0.7448087704667646, -0.5183908811320581, 0.1645546973432577, -0.20629583817345679, 0.1415285751575496, 0.41045560178155827, -0.652651095309427, -0.18754942534340943, 0.4259326969576803, 0.024271748517872782], [-0.6571754719300452, -0.05136957916802136, 0.40982661668727627, -0.4304175903864834, 0.5393647322243166, 0.6569174856231106, -0.05861104928746677, -0.21437767496721138, 0.14771981659745126, 0.4959288454826116, 0.024655887899222163], [-0.0337884336338167, -0.4128963551808085, -0.41190568773007213, -0.7398753598451738, 0.15572238333262273, -0.40753375021781674, 0.48404563101635106, 0.06412236817824635, 0.6771564605284561, 0.09722653118472835, -0.18260757580823556]], "inverted": true, "swapped": false, "error_lsq": 0.041231938243577675, "error_max": 0.22500990688085915, "target": "1023.xyz", "model": "20.xyz", "model_rescale": 4.067790424073018, "target_rescale": 3.7700553522568536},
{"mapping": [8, 0, 10, 7, 11, 12, 2, 13, 6, 3, 14], "R": [[0.20693100516115184, -0.4483392757144543, -0.8695811939979118], [0.6007780575161289, -0.6432716335172994, 0.47462335711502046], [-0.7721692073050713, -0.6206395889433929, 0.13623955345652722]], "T": [-0.025593172800706006, -0.05554843816793607, -0.04374699719239612], "aligned_model": [[0.07584150371408152, 0.6500959087981465, -0.6298137993075229, 0.19233234884222927, -0.2563956439539882, 0.11601999012620706, 0.5779372821894027, -0.7185314877110983, -0.06008725214921427, 0.45225555255532085, -0.07081115435448698], [-0.6017817781189242, -0.1290427079489339, 0.28548678570746955, -0.3929858931551772, 0.5339573590869415, 0.5838059485008086, -0.10321413803481773, 0.03151727679381154, 0.0756892936915879, 0.592326910160192, -0.01329703790819771], [-0.17223062047327253, -0.24990442936115392, -0.4795212875465083, -0.6724825443003789, 0.08757470052575496, -0.4414724643565649, 0.3889201988076757, 0.005033717076087005, 0.6836756577487584, 0.2313223492552714, -0.09124906555118814]], "inverted": false, "swapped": false, "error_lsq": 0.044372418714897964, "error_max": 0.24342636743313484, "target": "1023.xyz", "model": "21.xyz", "model_rescale": 4.186013935880536, "target_rescale": 3.7700553522568536},
{"mapping": [11, 2, 7, 9, 6, 1, 5, 4, 3, 0, 12], "R": [[-0.5737607292658393, -0.35027866811959024, 0.7403401111737082], [0.46758492664376, 0.6020494702620056, 0.647225441197106], [-0.6724306372614817, 0.7175244177152474, -0.18164731777406787]], "T": [0.029545679344361073, -0.006018066654097043, -0.1650561890275024], "aligned_model": [[-0.08360547696054972, 0.7709035048849301, -0.459655108774455, 0.03243722743067489, -0.2201592787893789, 0.2300698605214731, 0.529990999909689, -0.6623796067049892, -0.1563646189360266, 0.3411107186068855, 0.006495027560823555], [-0.5985364780711588, -0.012829935105570733, 0.45712711313138726, -0.2543645960306058, 0.34091339004080373, 0.5264523926062357, -0.02540142080109392, -0.10240920968808409, -0.07629640281382219, 0.6259493093950124, -0.018142143888343273], [0.02225298498840772, -0.17148859316207687, -0.4557499647198178, -0.7340609346444785, 0.19150915877872526, -0.6248262388466322, 0.42461960564371726, 0.03385156556892399, 0.7365185284510359, -0.00589305596800066, -0.12706684426532308]], "inverted": true, "swapped": false, "error_lsq": 0.04107881186513625, "error_max": 0.2792588582096653, "target": "1023.xyz", "model": "22.xyz", "model_rescale": 4.166573947596378, "target_rescale": 3.7700553522568536},
{"mapping": [10, 9, 6, 14, 2, 11, 8, 5, 0, 3, 15], "R": [[-0.24844862955325034, 0.8519347069880017, -0.4609561079998618], [-0.5163974157567963, 0.2861206229608585, 0.8071361087921871], [0.8195163131218406, 0.43856840304080125, 0.3688506044205798]], "T": [0.027287730782808224, 0.08719820973972613, -0.08157440039780359], "aligned_model": [[0.0804527408013255, 0.5920975276321081, -0.6294858189819452, 0.09365787220381022, -0.19312657621591162, 0.3845051834233636, 0.5648939369586417, -0.6846708574391581, -0.25009861865179084, 0.40531205897870753, -0.0346941999600739], [-0.6573518094961771, -0.007003703568594713, 0.4056880369945552, -0.3831512847669238, 0.7130261585114547, 0.5884871740918218, -0.09126018893420453, -0.3066597658787264, -0.030801946645120717, 0.5386313655000733, 0.0928579829666026], [-0.14289310610516393, -0.2620323156971841, -0.29679606806037473, -0.7143019251391738, 0.030524444357781066, -0.5747258914978508, 0.4956701814261837, 0.08887455061118593, 0.6772988031602829, 0.039802554533343665, -0.051755015764548974]], "inverted": true, "swapped": false, "error_lsq": 0.04184810973294796, "error_max": 0.22882139668316231, "target": "1023.xyz", "model": "23.xyz", "model_rescale": 4.274766983524099, "target_rescale": 3.7700553522568536},
{"mapping": [4, 7, 3, 5, 0, 6, 9, 2, 1, 8, 10], "R": [[0.4561113228884348, -0.04924820564417448, 0.8885589881227872], [0.6558614932628306, -0.6562687344948079, -0.37303759834584227], [0.6015049150156734, 0.7529182972709676, -0.26703159896644246]], "T": [0.029045829353910178, 0.18287532448697846, -0.0841220931905777], "aligned_model": [[-0.08577303915736012, 0.6052786545139218, -0.42429065451668346, 0.1418856184864257, -0.36941310880468947, 0.16448523707600501, 0.5288430877885685, -0.7510635463733468, -0.14023533175762287, 0.6150478061443286, 0.04407852534953004], [-0.5058744239815989, -0.03529165018067579, 0.1498097038523434, -0.28756543383606176, 0.7568317149129842, 0.5780245290646528, -0.24191768294766886, -0.33931544572591127, 0.014920888151587874, 0.5825195225698006, 0.1903202968953076], [-0.09512292628546946, -0.23038001213609216, -0.4148893541397426, -0.7415364400900678, 0.1566555607786386, -0.6137713441805398, 0.46123930747608555, 0.13317420723037354, 0.5226056680926869, 0.12056626954853006, -0.008874724469921685]], "inverted": false, "swapped": false, "error_lsq": 0.045940745864530425, "error_max": 0.24078120896448654, "target": "1023.xyz", "model": "24.xyz", "model_rescale": 3.7841303162186577, "target_rescale": 3.7700553522568536},
{"mapping": [11, 3, 9, 13, 8, 5, 6, 10, 7, 4, 15], "R": [[0.47979227431317095, -0.7386804180742839, 0.47344547042188123], [-0.6809226552764727, -0.653789222891806, -0.3300060447351941], [0.5533025492808011, -0.16404539610769317, -0.8166672498485764]], "T": [-0.11696938272217036, 0.16723947336912148, -0.013513777630620498], "aligned_model": [[0.08871456383834919, 0.6126777288341404, -0.5176107909873936, 0.07364143175257551, -0.31272867991536146, 0.41678905097263697, 0.5000425660068994, -0.7677163480139884, -0.21064245684342978, 0.49942991699048767, -0.053753733885839025], [-0.5711330420522572, -0.018762399583589273, 0.3535187825873709, -0.3550173934870391, 0.6892537592162247, 0.5433343906157713, -0.03697597975997857, -0.24886337358586924, -0.220240612530002, 0.582759945754415, 0.1445879415997138], [0.030391936807040422, -0.2999056132139128, -0.39682460381030754, -0.5638911751479071, 0.18304961309316076, -0.5991700702840718, 0.30211061317570015, 0.07944811346804334, 0.5001885664525464, 0.050509524383587696, 0.0037593069006013127]], "inverted": false, "swapped": false, "error_lsq": 0.04167728594413037, "error_max": 0.2491232825565937, "target": "1023.xyz", "model": "25.xyz", "model_rescale": 4.19342608120988, "target_rescale": 3.7700553522568536},
{"mapping": [4, 3, 8, 6, 1, 10, 5, 2, 0, 9, 11], "R": [[0.531648283245415, -0.6020918328437802, -0.5956807263501317], [-0.8159270438870724, -0.17543627387384647, -0.5508948836783332], [0.2271853031688152, 0.7789143333076356, -0.5845334031447778]], "T": [0.11631129357134501, 0.15925478341223295, -0.05571496291463796], "aligned_model": [[-0.0008087284075114776, 0.6205113113846026, -0.4785769157579634, 0.024468685107735255, -0.24619290872508048, 0.1443670321674922, 0.5411381240525328, -0.668718587165958, -0.09511881762154464, 0.3842289012904602, 0.103545152424312], [-0.6008592956106028, -0.2026458581149814, 0.3463255142507379, -0.29450657929299295, 0.5199311025928117, 0.5089619376088289, -0.018058203472404777, -0.11307240580111741, -0.05989327755945542, 0.7310809327185313, 0.0451981514554054], [-0.002430645712656783, -0.2697880264663438, -0.5008539028844051, -0.7352453330865726, 0.12622062872314144, -0.5793117356556778, 0.39577385278554605, 0.045731525983368985, 0.5855225079491261, 0.3331121396330237, -0.10906479944406908]], "inverted": true, "swapped": false, "error_lsq": 0.03783868697413639, "error_max": 0.26406427279088807, "target": "1023.xyz", "model": "26.xyz", "model_rescale": 3.795458400668931, "target_rescale": 3.7700553522568536},
{"mapping": [5, 7, 1, 6, 9, 0, 10, 8, 11, 3, 12], "R": [[0.6828315883270664, 0.12436049585150494, 0.7199135288729497], [-0.7254543631350199, -0.0010561374642375151, 0.6882694614626013], [0.08635385915579152, -0.9922365401683331, 0.08949670029491175]], "T": [-0.08300943344740622, 0.20671942724492126, 0.033290613759740184], "aligned_model": [[0.1442307648992665, 0.6610029856449012, -0.49678928136070066, -0.20448766219727124, -0.19783733355293975, 0.2987719701776761, 0.40707059420720393, -0.5514754650974367, -0.3063682953289156, 0.5245450921029208, 0.05017987925437273], [-0.49050905039443765, -0.04320200328825466, 0.2746089089698498, -0.2943440259244207, 0.5979545546784344, 0.5587439696965426, -0.14379793100083893, -0.34858227518551704, -0.012286062452945057, 0.6258303923465981, 0.1380455413297496], [-0.1372813948005776, -0.17693045422841183, -0.38447777456470017, -0.6111978776143694, 0.16791571741743316, -0.6160127617518171, 0.41361360356143717, -0.020850928276866423, 0.6765028695777778, 0.015968481595516032, -0.037583269090940466]], "inverted": true, "swapped": false, "error_lsq": 0.05208436118382327, "error_max": 0.31512404834682767, "target": "1023.xyz", "model": "27.xyz", "model_rescale": 3.6321398670334006, "target_rescale": 3.7700553522568536},
{"mapping": [1, 3, 11, 5, 9, 0, 7, 13, 6, 8, 14], "R": [[0.049361406057133184, -0.2903549795578206, -0.9556450373637904], [0.047459827378434516, -0.9550487153210145, 0.2926252144790138], [-0.9976527534053479, -0.05979914054279736, -0.03336235023302092]], "T": [0.0631543471747576, 0.1631881072828263, -0.012127924345862788], "aligned_model": [[0.009921923619933326, 0.6414711146815357, -0.4442457647332672, 0.185897137926114, -0.40823645550642873, 0.2012190052955176, 0.7027729663938951, -0.7116402613495905, -0.30144241795734716, 0.4336194288026287, 0.01950657157608636], [-0.48379234743114774, -0.09146941224611566, 0.32339791115435335, -0.29262065012571403, 0.5616805293247557, 0.33002671271589185, 0.012827636110014085, -0.06819863004962551, -0.05119797908795343, 0.5051558876738405, 0.11665236073646146], [-0.17290664323267207, -0.2809389065064333, -0.3718552955561777, -0.7531690200733894, 0.2439319552584452, -0.5973754994241316, 0.3991714005511644, 0.10025901574192003, 0.6398040061243294, 0.10120025513065123, -0.0184550561892253]], "inverted": true, "swapped": false, "error_lsq": 0.04427052718866381, "error_max": 0.2596369143235053, "target": "1023.xyz", "model": "28.xyz", "model_rescale": 4.156811204709835, "target_rescale": 3.7700553522568536},
{"mapping": [1, 9, 5, 2, 8, 6, 3, 0, 7, 10], "R": [[-0.7649973968238651, 0.639487282177166, -0.07638716375394464], [-0.4152569515859139, -0.5804300618558381, -0.7004731311432311], [-0.4922810650556084, -0.5041398211088766, 0.7095790257328821]], "T": [-0.10971489187618932, -0.02802096310060063, 0.0833609230134482], "aligned_model": [[-0.6632155525091847, -0.09551342552623278, 0.1274738472631963, 0.5550312853358863, -0.06225975789815276, -0.6135074176704501, -0.3455131213229432, -0.4666686026835497, 0.2904567320963861, -0.08335861297436772], [-0.08039778146800104, -0.6406287297595833, -0.049907404078659165, 0.328099042382587, -0.40238029770268646, -0.4864679651542819, 0.5963717570065568, 0.3652763380925925, 0.3125215593604552, -0.023766188052775927], [-0.42566294505563373, -0.3375864030983298, -0.7544198878270784, -0.18806809329760626, 0.67598162096139, 0.1438954033502361, -0.2827104157654393, 0.372440196091317, 0.5875775821549628, -0.03266033053871893]], "inverted": false, "swapped": true, "error_lsq": 0.057268285725710744, "error_max": 0.2818723317503772, "target": "1023.xyz", "model": "29.xyz", "model_rescale": 4.117894457231895, "target_rescale": 3.7700553522568536},
{"mapping": [7, 1, 9, 8, 11, 2, 4, 10, 13, 3, 14], "R": [[0.2205615240288257, -0.4105904972942498, -0.8847418028157947], [-0.4780922797471344, 0.7451287475392498, -0.4649848617286126], [0.8501649170392, 0.5255459952489885, -0.03195341473897049]], "T": [-0.007729365100586423, 0.12124152947402805, -0.123358444664687], "aligned_model": [[-0.06273146546888433, 0.7408455824142034, -0.4806498618416569, 0.17824307232830616, -0.43309398355554496, 0.23638974880528885, 0.5248506046445904, -0.6190287252876179, -0.07928169891911291, 0.3649914706748089, -0.04169149504530365], [-0.47978606986869826, -0.25176540896929445, 0.36537969856036334, -0.3633086177191414, 0.6725749495641824, 0.8277626035896406, -0.12497258588111504, -0.1953487407145199, -0.17206731681692844, 0.4999178974677448, 0.0840756095625269], [0.12712958825803689, -0.3251746969466468, -0.44980410747507454, -0.6054529312842502, 0.07813605046414228, -0.5067573010783323, 0.3818793977252322, 0.07765065401002773, 0.6059607492706609, 0.008700587452750222, -0.10260177857206579]], "inverted": false, "swapped": false, "error_lsq": 0.04670600752717435, "error_max": 0.2574786878411403, "target": "1023.xyz", "model": "30.xyz", "model_rescale": 4.100398675895297, "target_rescale": 3.7700553522568536},
