[{"mapping": [7, 8, 13, 12, 14, 10, 11, 5, 9, 2, 1, 3, 4, 15], "R": [[-0.35681563629717405, -0.6497394292605664, -0.6712088168059152], [-0.8915291327688695, 0.45145600901954935, 0.036922585832097066], [0.27903119380856123, 0.6115767703112132, -0.7403481930129061]], "T": [-0.01884221036394358, 0.05235018375320561, 0.1750223664019372], "aligned_model": [[0.15529117964254402, 0.22387879330213206, -0.5926336222061798, -0.37514361936993673, -0.6132589795522835, -0.08950837062226337, -0.6398314704924865, -0.1483254467595712, -0.49848129256886137, 0.45295665877320945, 0.7145737698127006, 0.1990492267094216, 0.5596246077240733, 0.023300666735804783], [-0.5044537438285066, -0.48419987205442777, -0.3355349505177999, -0.2287626481798411, 0.247605819819447, 0.3946216251860816, 0.24971193658012011, 0.24513595275421066, 0.6441771855918869, -0.021378544911743604, 0.4847752345243766, 0.6842908296797345, -0.14388804105695183, 0.0031725482234483127], [0.45935047779679555, -0.27591968714686377, 0.41097780037317494, -0.5287695896456415, 0.5042606650994439, -0.5804290733539119, -0.1524792397922432, 0.6862946560718297, 0.20314063533539647, 0.7564062685203301, 0.23871861779774367, -0.037862899213352535, 0.16289979331072552, 0.05099966202640692]], "inverted": false, "swapped": true, "error_lsq": 0.04798243373332356, "error_max": 0.33278683455417185, "target": "1024.xyz", "model": "0.xyz", "model_rescale": 3.8414455957264533, "target_rescale": 4.129301218293493},
{"mapping": [7, 8, 1, 0, 4, 0, 3, 2, 11, 5, 10, 6, 12, 13, 15], "R": [[-0.6870715412809605, 0.5203722017023935, 0.5070951280156506], [0.7095189337969208, 0.33011444328892003, 0.6225811890153182], [0.15657451818698506, 0.7875514116725649, -0.5960261690790629]], "T": [0.03840387881799719, 0.07167499607514709, 0.11190203798982537], "aligned_model": [[-0.5901177754943447, -0.41928988601986245, 0.0793134216853024, 0.06996449103035818, -0.3792174674422813, 0.06996449103035818, 0.5443564175925086, -0.37459987585596055, 0.5599543906611298, 0.1342480558877763, 0.5535248112139575, -0.40126237393547437, 0.12446626069176595, -0.10767471053822242, 0.008413902997533466], [0.15654161640450498, 0.1313716075956971, -0.7808296688567418, -0.39012756236437707, -0.34946402088918455, -0.39012756236437707, -0.39930989444996584, -0.34766440281047784, 0.5506887993982916, 0.06633467140864995, 0.02275059302682829, 0.7086573312245997, 0.5596288840710228, 0.7440174588171238, 0.06457667783142029], [0.2495745226383149, -0.4687018854107676, 0.13448173078116873, -0.4470901280351278, -0.03477651130057835, -0.4470901280351278, -0.007810350862377316, 0.5805380450992996, -0.06236059298921512, 0.6651804399497813, -0.5401003787612636, -0.22973081666907677, -0.563222028645539, 0.3608660655894932, -0.024576196009450435]], "inverted": false, "swapped": true, "error_lsq": 0.04674278174729667, "error_max": 0.41003387737609, "target": "1024.xyz", "model": "1.xyz", "model_rescale": 4.316132596720782, "target_rescale": 4.129301218293493},
{"mapping": [6, 11, 12, 4, 8, 7, 0, 2, 10, 5, 3, 15], "R": [[0.5432617708277729, -0.6646822056213646, -0.512897859117574], [0.7330915681087558, 0.07780155609756982, 0.6756653540301166], [-0.40919848622021865, -0.743064252537501, 0.5295395315516747]], "T": [0.04364333351541839, 0.04250632575716536, 0.12599874741783545], "aligned_model": [[-0.3345877860491844, 0.6046614898105586, 0.11311963666686126, -0.4493248912598483, -0.4724452307141578, -0.540544358342153, -0.0704238156759561, -0.3628690078554294, 0.45403845612881233, 0.21010373777397476, 0.45100416639699376, -0.004923842248690906], [-0.7035719743616995, -0.39706464703087935, -0.5717378919890393, 0.36592959301355704, -0.20197390258687054, -0.08409454011051348, 0.365935641993213, 0.5042130517166253, 0.004119480043789224, 0.18462897135274628, 0.5315758217655392, 0.014816823934512405], [-0.000785742050601862, -0.02850889939308776, -0.438957286269842, -0.034188570566427434, -0.3473195339605136, 0.37876838099476745, -0.5136199513208846, 0.5591407051049693, -0.597155881321201, 0.6431290045524187, -0.16898256478375445, -0.002261199776422085]], "inverted": true, "swapped": true, "error_lsq": 0.04838352233052367, "error_max": 0.2347907761017059, "target": "1024.xyz", "model": "2.xyz", "model_rescale": 3.795458400668931, "target_rescale": 4.129301218293493},
{"mapping": [3, 5, 14, 6, 10, 12, 13, 4, 7, 8, 11, 15], "R": [[-0.010252079276915238, 0.9538739232345672, 0.30003238732442716], [0.21166230405273084, 0.29531930423531016, -0.9316574357504274], [-0.9772890892226257, 0.053954120501288644, -0.20492678928667005]], "T": [0.05624339184344337, -0.14097942909989203, -0.07256367461519728], "aligned_model": [[0.025751616099140433, -0.3197548582368574, -0.6357126128418522, 0.22454252134187194, 0.11489819784487462, 0.14393183281865304, -0.3225118568803546, 0.6219560644744989, 0.3477348638041136, 0.6581781742666348, -0.42302389017581626, 0.15731377322865817], [0.035625283069947694, -0.5525128006031342, -0.2166902805245663, 0.14712711452835486, 0.6171758607997937, 0.6154337257295713, -0.18972721324192154, -0.35438204072910795, -0.517557101750854, 0.1430876387765987, 0.4033982657247559, -0.045209406489729154], [-0.7508164460001686, -0.140366443709206, 0.05120494335268347, 0.7048911080016286, -0.41110539107778676, 0.27593038882724574, 0.5515633506114896, -0.1603631886134348, 0.3683643290882709, 0.2547413854187861, 0.0035442914392766617, -0.05881689669968449]], "inverted": true, "swapped": true, "error_lsq": 0.046310107084395126, "error_max": 0.22504437483644382, "target": "1024.xyz", "model": "3.xyz", "model_rescale": 3.7530521520055578, "target_rescale": 4.129301218293493},
{"mapping": [1, 7, 8, 6, 0, 13, 3, 5, 9, 11, 15], "R": [[0.17795083704879663, -0.613344814796132, 0.769507399416231], [0.6973640644299546, 0.6303233335491363, 0.3411390579004966], [-0.6942743414784726, 0.4759208267623961, 0.5398911977597252]], "T": [-0.13004482819628066, -0.04603206421017876, -0.014076636302795658], "aligned_model": [[-0.49621948795813575, -0.18947111084489582, 0.44801770941897173, 0.46128571123119194, 0.1931147279895254, -0.07920811131101786, -0.2363070964749839, -0.6427047069320695, -0.3091225868421815, 0.1954658349174762, -0.0066512807486759085], [-0.8163170534151304, 0.07328933661751134, -0.23495819545111385, 0.3899332661328583, -0.6928789421611203, 0.6662944756543568, -0.5142052481878412, 0.17374403889894274, 0.19670155518145943, 0.3336859775685061, -0.10808585252408283], [0.024971934844075998, -0.6492352357486534, -0.43869270195128107, -0.4336339510577889, 0.04826864926628586, -0.1733655478247315, 0.4974583036421799, 0.05080732672247203, 0.6860055250946707, 0.5166715541610798, -0.036425079902992964]], "inverted": false, "swapped": true, "error_lsq": 0.04379396900971619, "error_max": 0.20339557299761865, "target": "1024.xyz", "model": "4.xyz", "model_rescale": 3.7855080009869324, "target_rescale": 4.129301218293493},
{"mapping": [2, 1, 11, 0, 12, 6, 15, 13, 14, 7, 3, 10, 9, 8, 7, 16], "R": [[-0.589533688436129, -0.4579338753315413, -0.6653920618873733], [0.6232642157413829, -0.7818841494938867, -0.01410298360279405], [-0.5138012724538278, -0.42302924555408483, 0.7463608442508017]], "T": [-0.03648595152949534, -0.03480481828388972, 0.05790841614306457], "aligned_model": [[-0.41774993714540565, -0.5857317601498144, 0.06229163672910783, -0.8164213205256055, 0.045475972851026905, 0.08313983095187259, 0.6678161622436147, 0.5575604791039631, 0.19263925016024713, -0.1252727746941774, -0.4353050055815695, 0.13235989792980413, 0.014793138947419696, 0.5689076919688915, -0.1252727746941774, -0.02752326077780344], [-0.6484228925140939, -0.20580304075941386, -0.017921556726992888, -0.022518887621091416, -0.48502648127447456, 0.4554599767575774, -0.2273185912868227, -0.07023281617968553, -0.6688779372026715, 0.6931958913211415, -0.25697713487678187, 0.2440185357738348, -0.43755909566782414, 0.30165475782190676, 0.6931958913211415, -0.08495709446010552], [0.21249276149853136, -0.43422224599108145, -0.7310112070362269, 0.053034052885770615, -0.4457263325945367, -0.35610507515357337, 0.440289229501633, -0.3552759665387372, 0.11403613075993274, 0.21120987968077265, 0.5813579641073328, 0.7096084164704031, 0.6427788857154715, 0.18282184225121448, 0.21120987968077265, 0.07497216615937899]], "inverted": true, "swapped": false, "error_lsq": 0.03679416175392275, "error_max": 0.26800723054116404, "target": "1024.xyz", "model": "5.xyz", "model_rescale": 4.2253639853439635, "target_rescale": 4.129301218293493},
{"mapping": [9, 13, 12, 10, 11, 8, 0, 3, 7, 5, 6, 4, 1, 15], "R": [[-0.7978365589411813, 0.459174457464609, -0.3906605212060425], [0.49173766525270995, 0.1207563680169294, -0.8623293849540172], [-0.3487848818236085, -0.8801004017698446, -0.3221372207861885]], "T": [0.0983410154714223, 0.09130786631928714, -0.02700417227014102], "aligned_model": [[0.5240056019890598, -0.3130122814625368, -0.48890551356084566, 0.12778558309245666, 0.008659304861665107, -0.48312943615641, 0.1581935383606098, 0.6499169739994298, -0.26303941888634585, 0.4180966003233699, -0.7399941760724608, 0.06047598703713325, 0.6937469680858218, 0.021262421146836546], [-0.2866680768093258, 0.2665857518970917, -0.505445151653943, -0.7156854240318131, -0.4706966993213506, 0.010150414498560065, -0.2462812490804995, -0.2814573385398932, 0.6208890900223628, 0.40341432910080277, 0.07575788092987648, 0.3505245639633957, 0.20392300895132712, 0.02008804670839888], [-0.5340025278220666, -0.6061695687173334, -0.04504815779843272, 0.1748501574364407, -0.4830136937879059, 0.42626590788554514, 0.6126685421465102, 0.19425553635352585, 0.07371045119379643, -0.3671181785490482, -0.13977926286460604, 0.5249498118336261, 0.5744583936440641, 0.06553079797733236]], "inverted": false, "swapped": true, "error_lsq": 0.040518212298641325, "error_max": 0.21682237087474115, "target": "1024.xyz", "model": "6.xyz", "model_rescale": 3.89814844738969, "target_rescale": 4.129301218293493},
{"mapping": [13, 6, 8, 14, 4, 12, 11, 5, 9, 10, 0, 3, 15], "R": [[0.21175098100640943, -0.42693245847631445, -0.8791417393925699], [-0.24849254557339495, -0.8934970016293563, 0.3740515510912957], [-0.9452052564587637, 0.13925438585093092, -0.29528840001598883]], "T": [0.11125289773318527, -0.029449955804571562, 0.02385761732066317], "aligned_model": [[-0.07666006145495442, 0.05071502602643081, 0.3231857858745859, -0.2925341297436002, 0.6451542226692448, -0.3704354682801769, -0.6092299204558689, 0.1583882424474607, -0.500971649501758, -0.425491778015784, 0.2105545354658333, -0.07336058968567714, 0.10931758555848609], [-0.41483953147565344, 0.1945185305305605, 0.5647546654202239, -0.6047205296872147, 0.2562248028404845, 0.49708080553642275, -0.02990873419805591, -0.5724015494796212, -0.3545493288500119, 0.5578886874284629, 0.6170613572175989, 0.1455213478710235, 0.10715074231626594], [-0.5690420565248513, -0.7897388426661573, -0.3662109698608644, -0.052782577768866065, 0.10521832521137285, -0.41436596847019797, -0.08901807957826662, 0.15918478246306728, 0.34102474635515617, 0.2683750908796921, 0.3383289574770293, 0.677653225896566, -0.0063516025773844055]], "inverted": false, "swapped": true, "error_lsq": 0.04564776388403898, "error_max": 0.2223058696775023, "target": "1024.xyz", "model": "7.xyz", "model_rescale": 3.7474275329858107, "target_rescale": 4.129301218293493},
{"mapping": [10, 11, 9, 3, 14, 1, 0, 4, 5, 2, 8, 7, 6, 13, 15], "R": [[0.3973302887647706, 0.9167928033200737, 0.040244222077518266], [0.7786868411420648, -0.3600319017573571, 0.5138324952250233], [0.4855671375436119, -0.17282356754071865, -0.8569460714888667]], "T": [0.021358912650800504, -0.06944706052678823, 0.04164446474926093], "aligned_model": [[-0.3885109519061115, 0.2979716357280484, 0.44225803962252996, -0.24319191216507244, 0.6989998935951237, -0.4719911043973789, -0.6780499320583002, -0.440636193329911, 0.4602471772275498, 0.029288303163069622, -0.48639752700109606, 0.036665122943343065, 0.05124852173343959, 0.5877104540454081, -0.09345780486189498], [-0.039139660816994826, 0.13219140893324585, -0.38956306700907756, -0.6019939100965392, -0.12812004152941775, -0.7413033167825178, -0.17046971857123505, -0.12530751157922526, -0.3765994769729461, -0.41397642726335193, 0.4585531656892024, 0.22034231237953533, 0.7734286027568169, 0.38816685718154903, 0.002908745660549189], [-0.6821914830360835, -0.6022995963300223, -0.5074212450158083, -0.3305819565894202, -0.15126509562099508, 0.22647565411780746, -0.12373874904855398, 0.4375237258150027, 0.2100668495714233, 0.7104299163062319, 0.15803751769720825, 0.6221471481986824, 0.10822632412724376, 0.11376840247091319, 0.007617243032631511]], "inverted": false, "swapped": true, "error_lsq": 0.04390014110449496, "error_max": 0.2665538514216849, "target": "1024.xyz", "model": "8.xyz", "model_rescale": 4.019505241142653, "target_rescale": 4.129301218293493},
{"mapping": [7, 5, 13, 6, 8, 12, 11, 4, 0, 3, 9, 10, 15], "R": [[0.12999378977880632, -0.5505446935898946, 0.824622431770415], [-0.3489457647893375, 0.7530707861293999, 0.5577824345692792], [-0.9280832224830532, -0.3602567576582804, -0.09421571369477165]], "T": [-0.1689684849169874, -0.09240980506482778, 0.013336823425161008], "aligned_model": [[-0.28417401389177355, -0.6677371687344742, -0.11540451130710638, 0.39149865550846247, 0.3622355576239434, 0.6523148894803616, 0.2138301870747189, -0.23246906534304718, 0.142351574883109, -0.2388734220214264, -0.2760955695300987, 0.42199606999887324, -0.04977241200036642], [-0.6092611446744264, 0.10734900398874893, 0.05945354916991709, -0.3429995746631255, -0.6097691986071713, 0.017166336719543138, 0.5154703240355661, -0.6512041153982923, -0.33953379780685994, 0.18157703788341611, 0.6582416733606943, 0.227308840216373, -0.15042070611032488], [-0.3618803204426828, -0.14993544510062962, -0.7004102262251968, -0.5687690675956318, -0.0042616642463062585, -0.10825644869342854, -0.1122957762452656, 0.2520769589457094, 0.6205760427441033, 0.6553573093130381, 0.09175641288739911, 0.5046526142847984, 0.058093104417971726]], "inverted": false, "swapped": true, "error_lsq": 0.03784026836939572, "error_max": 0.2111733104154615, "target": "1024.xyz", "model": "9.xyz", "model_rescale": 3.877068213659057, "target_rescale": 4.129301218293493},
{"mapping": [5, 1, 7, 0, 4, 8, 13, 2, 3, 11, 12, 10, 6, 14, 9, 15], "R": [[0.3762842960047117, 0.07845486453575864, -0.9231765610168591], [0.4372322922024561, -0.8935136141467697, 0.10228071171909044], [-0.8168464061472173, -0.44212922948506067, -0.3705181415252458]], "T": [0.039263298876557544, -0.07160135666912729, 0.10169217100436094], "aligned_model": [[-0.5363468307217588, -0.5430150168602765, 0.022222716028749083, -0.7444540506692359, 0.1995333780391327, -0.22233653226475725, 0.7531519556850583, 0.5498369779695658, 0.029168482171900316, -0.41156057332171436, -0.5027905603035567, 0.13825457645956857, 0.1461684916994619, 0.6658235676720141, 0.2976524113386991, -0.04960176560545559], [-0.5897082273962975, -0.2938745728924599, -0.04292248019707709, 0.06624594090021538, -0.5272009921145486, 0.5042585537834421, -0.31607575878185734, 0.08770595755305075, -0.6973285499585078, 0.4424198726797146, -0.22735122472770358, 0.37181929013301696, -0.2910948653438865, 0.3031606237692033, 0.5291839613290157, -0.05732800430967627], [-0.0042969390571849925, -0.5020074153594581, -0.7138896519890873, 0.0782129417253594, -0.3724735739121102, -0.3402058123452943, 0.2697211814622254, -0.2911068307793135, 0.20716689300977126, 0.379532571771718, 0.59170728103793, 0.6464761983142018, 0.6679946118625908, 0.37827350483491984, 0.012600240176984509, 0.10376518064380527]], "inverted": true, "swapped": false, "error_lsq": 0.04479248685562372, "error_max": 0.2863752135122632, "target": "1024.xyz", "model": "10.xyz", "model_rescale": 4.260839863003843, "target_rescale": 4.129301218293493},
{"mapping": [6, 7, 5, 13, 9, 11, 12, 8, 1, 3, 10, 15], "R": [[0.14550737298973299, -0.9835389063854683, -0.1071392739927986], [-0.332125915429691, -0.1505669452537754, 0.9311401458947715], [-0.9319441939867519, -0.09990402706109422, -0.34856736030695656]], "T": [-0.017514717427952672, -0.14534849974774006, 0.02103002057302831], "aligned_model": [[0.3268346310632036, 0.28198480908312584, -0.46044487230407705, -0.28521513982362373, -0.6890574000603079, -0.38306583969833397, 0.24900724239327926, 0.6695832180327607, 0.1853446958689156, -0.13646801261848376, 0.10199830061547834, 0.09839701654219363], [0.01654713297736707, -0.6112109476944796, -0.4887432125504076, -0.218943733720037, 0.18143627488366276, 0.44650610968086096, 0.5416631430755903, 0.008795094456423569, -0.38722518757471736, 0.11758589438572375, 0.6337363325434466, -0.06706839493049979], [-0.734601666681664, -0.3173007930216694, 0.05602379918688028, -0.6559387038881832, 0.1738227651769375, -0.1978697807943045, -0.3768132692944626, -0.21196002882414847, 0.8143088891164281, 0.6604527388001881, 0.28860017262168686, 0.017453954997816462]], "inverted": false, "swapped": true, "error_lsq": 0.04155917798081705, "error_max": 0.2608648668148032, "target": "1024.xyz", "model": "11.xyz", "model_rescale": 3.890672605050136, "target_rescale": 4.129301218293493},
{"mapping": [5, 14, 9, 2, 3, 8, 13, 4, 7, 12, 10, 11, 0, 15], "R": [[0.6784175260228918, -0.34626565850529584, 0.647958142262965], [0.5787887432467471, -0.2913092908191257, -0.7616708526478542], [0.4524966862595019, 0.8917617343339823, 0.0027853369307929976]], "T": [0.13623894934350977, -0.08049033237347175, 0.07473069836533715], "aligned_model": [[0.47659157960100285, 0.17684682190484452, 0.369872963423682, 0.5870995453323125, 0.5937037099878477, -0.3760658775649256, -0.2905834740475524, 0.24694739570917565, -0.05275920466055026, -0.585487003358567, -0.022745004458632645, -0.1634149571485507, 0.19311894087959658, 0.05675039919401051], [-0.16606250491869473, 0.16489779436758023, 0.540925062696932, -0.6815293821655131, 0.3553390485324217, -0.3161343410401289, -0.18823765627333572, -0.4922027526608923, -0.6983088398757851, 0.2907343642219385, 0.5990878202486456, 0.5388442546219776, 0.051464216723104556, -0.06666456465048523], [-0.36364026986110254, -0.5870771167726565, -0.2999178577053253, 0.03581895718408611, 0.37956596231593603, 0.5565645381612545, -0.5097173845264592, 0.5123570003265461, 0.013285472467708892, 0.28113348315341935, 0.5283251874935966, -0.16707259029902016, 0.7861255116985185, 0.1890395417203588]], "inverted": true, "swapped": true, "error_lsq": 0.0459998037223876, "error_max": 0.28597989389307965, "target": "1024.xyz", "model": "12.xyz", "model_rescale": 4.124412569039231, "target_rescale": 4.129301218293493},
{"mapping": [12, 8, 7, 10, 6, 11, 0, 9, 4, 3, 5, 2, 15], "R": [[-0.699524145987694, -0.5701030497164199, 0.430869448770999], [-0.040813909641711776, 0.6338334958413296, 0.7723919499381886], [-0.7134424952019227, 0.5227213523987673, -0.4666499692343909]], "T": [0.2313473925148408, 0.10671807633862959, -0.09254482941164544], "aligned_model": [[-0.15060988656250165, -0.03298350414891896, 0.631870624425367, -0.5279208261407272, 0.39490869130633044, 0.07877040318669254, -0.4293493294719306, 0.1880978941993644, 0.1045193339781616, -0.2659355978604331, 0.6416523249067957, 0.6050899762629713, 0.12918820342858567], [-0.2585157617514682, 0.42913587801545783, 0.5172515221726658, -0.2259048493131348, 0.026199954337330328, -0.5952620978925839, 0.4065081051507212, -0.5347506294753551, 0.7029391159161961, 0.042758176503659345, 0.020471677452697262, 0.6783395426397834, 0.13831474275250846], [0.557078997282049, 0.5209077945924134, 0.21116384146641531, -0.016887145559709132, 0.7336091816856466, 0.033076514505494314, -0.07422279124560144, -0.5021188357747731, -0.051127769922455824, -0.5832224764840923, -0.46609942589672565, -0.4081438160213073, -0.002315987659514268]], "inverted": true, "swapped": true, "error_lsq": 0.04333945676604361, "error_max": 0.25580608303270036, "target": "1024.xyz", "model": "13.xyz", "model_rescale": 3.9028299243045295, "target_rescale": 4.129301218293493},
{"mapping": [1, 9, 7, 11, 6, 10, 0, 3, 2, 13, 12, 5, 8, 4, 10, 15], "R": [[0.13538915145433336, 0.9762815763885195, 0.16894987798996264], [-0.3547255281292359, 0.20697909232996717, -0.9117726992138434], [-0.9251159804921275, 0.06351329736842992, 0.37433472146660296]], "T": [-0.01834064489341536, -0.10958864030608567, 0.1107555326531146], "aligned_model": [[-0.40860131677487815, -0.41068874922522636, 0.12447363721297244, -0.7440011851466282, -0.07990182769487572, -0.019683188809913585, 0.7564292684284866, 0.4632719836551725, 0.168754448832321, -0.36211059813595387, -0.48130120210820937, 0.10210294530023231, 0.2162996482887778, 0.5364397613740397, -0.019683188809913585, -0.05009320906900918], [-0.6216507698853806, -0.015613608381315036, 0.2726169865220512, -0.20727774267172272, -0.5125191263111508, 0.5951483385280438, -0.28581589432826515, -0.31990378247541607, -0.7710541304976086, 0.48161429322057264, -0.11332987099951074, 0.21695325487017358, -0.24066715991332438, 0.2724158544905808, 0.5951483385280438, -0.08415545627012809], [0.02307577913981597, -0.5511184091708818, -0.6980404215185902, 0.01211320940220137, -0.4167532411782258, -0.1315182593437711, 0.3471703071400398, -0.22466399903066397, 0.37458995183535604, 0.5168991801872481, 0.6302685879435009, 0.4862093459659031, 0.8348201113134527, 0.03555885280905652, -0.1315182593437711, 0.004377645246387604]], "inverted": true, "swapped": false, "error_lsq": 0.05173354204131007, "error_max": 0.3395184158287974, "target": "1024.xyz", "model": "14.xyz", "model_rescale": 3.942246331269136, "target_rescale": 4.129301218293493},
{"mapping": [6, 14, 13, 9, 3, 5, 4, 7, 8, 2, 1, 0, 11, 10, 15], "R": [[-0.7334681038553579, 0.28491024895709677, -0.6171310158029908], [0.35624838554455807, -0.6120968402686673, -0.7059918880058114], [-0.57888826937823, -0.7376744594821751, 0.3474546925916513]], "T": [-0.06472493615129858, 0.01599591166233873, -0.08306539885389094], "aligned_model": [[-0.8932891133234347, -0.06771914865507843, -0.5404179050967098, 0.16148925922074814, 0.43154467936326346, 0.23623580320085485, 0.06493641096872212, -0.2810277115957269, -0.5455507440294713, 0.3587740698596932, 0.6509480956133202, 0.05346248383803627, -0.35924502731701435, -0.16155148812722675, -0.13429562738776651], [0.1752511578271905, -0.4660159644787933, -0.11221944073039562, -0.7010457427244483, -0.2663416450504191, -0.07326476171140676, 0.5653052134782359, 0.5612927859067234, 0.41763987384089307, 0.5569740539290086, 0.309665427383669, 0.1695521920208075, -0.6498045935370825, -0.4359784371142995, 0.047134570841967705], [-0.14539586781693772, -0.6002786065231785, -0.6240306946165717, -0.20869139145888374, 0.3245468769996782, -0.5486690725706691, 0.1508736600597964, -0.36066214683426645, 0.3139696799369709, -0.3897062009162712, 0.2782073016033032, 0.6163501567498675, -0.04058919481434553, 0.6091730936729007, 0.03426488688912285]], "inverted": false, "swapped": true, "error_lsq": 0.048144708419133625, "error_max": 0.41095641623894597, "target": "1024.xyz", "model": "15.xyz", "model_rescale": 4.355366556412066, "target_rescale": 4.129301218293493},
{"mapping": [6, 11, 12, 4, 8, 7, 0, 2, 10, 5, 3, 15], "R": [[0.5432617708277729, -0.6646822056213646, -0.512897859117574], [0.7330915681087558, 0.07780155609756982, 0.6756653540301166], [-0.40919848622021865, -0.743064252537501, 0.5295395315516747]], "T": [0.04364333351541839, 0.04250632575716536, 0.12599874741783545], "aligned_model": [[-0.3345877860491844, 0.6046614898105586, 0.11311963666686126, -0.4493248912598483, -0.4724452307141578, -0.540544358342153, -0.0704238156759561, -0.3628690078554294, 0.45403845612881233, 0.21010373777397476, 0.45100416639699376, -0.004923842248690906], [-0.7035719743616995, -0.39706464703087935, -0.5717378919890393, 0.36592959301355704, -0.20197390258687054, -0.08409454011051348, 0.365935641993213, 0.5042130517166253, 0.004119480043789224, 0.18462897135274628, 0.5315758217655392, 0.014816823934512405], [-0.000785742050601862, -0.02850889939308776, -0.438957286269842, -0.034188570566427434, -0.3473195339605136, 0.37876838099476745, -0.5136199513208846, 0.5591407051049693, -0.597155881321201, 0.6431290045524187, -0.16898256478375445, -0.002261199776422085]], "inverted": true, "swapped": true, "error_lsq": 0.04838352233052367, "error_max": 0.2347907761017059, "target": "1024.xyz", "model": "16.xyz", "model_rescale": 3.795458400668931, "target_rescale": 4.129301218293493},
{"mapping": [13, 6, 8, 14, 4, 12, 11, 5, 9, 10, 0, 3, 15], "R": [[0.21175098100640943, -0.42693245847631445, -0.8791417393925699], [-0.24849254557339495, -0.8934970016293563, 0.3740515510912957], [-0.9452052564587637, 0.13925438585093092, -0.29528840001598883]], "T": [0.11125289773318527, -0.029449955804571562, 0.02385761732066317], "aligned_model": [[-0.07666006145495442, 0.05071502602643081, 0.3231857858745859, -0.2925341297436002, 0.6451542226692448, -0.3704354682801769, -0.6092299204558689, 0.1583882424474607, -0.500971649501758, -0.425491778015784, 0.2105545354658333, -0.07336058968567714, 0.10931758555848609], [-0.41483953147565344, 0.1945185305305605, 0.5647546654202239, -0.6047205296872147, 0.2562248028404845, 0.49708080553642275, -0.02990873419805591, -0.5724015494796212, -0.3545493288500119, 0.5578886874284629, 0.6170613572175989, 0.1455213478710235, 0.10715074231626594], [-0.5690420565248513, -0.7897388426661573, -0.3662109698608644, -0.052782577768866065, 0.10521832521137285, -0.41436596847019797, -0.08901807957826662, 0.15918478246306728, 0.34102474635515617, 0.2683750908796921, 0.3383289574770293, 0.677653225896566, -0.0063516025773844055]], "inverted": false, "swapped": true, "error_lsq": 0.04564776388403898, "error_max": 0.2223058696775023, "target": "1024.xyz", "model": "17.xyz", "model_rescale": 3.7474275329858107, "target_rescale": 4.129301218293493},
{"mapping": [5, 3, 9, 4, 13, 6, 14, 10, 7, 11, 8, 0, 12, 15], "R": [[-0.27238336324343165, 0.953685849859137, 0.12763464735976812], [-0.8052121675768329, -0.2985470259574026, 0.5123505035405046], [0.5267263697731634, 0.036782782255364826, 0.849238693369031]], "T": [0.049766047741064676, -0.12307198368343752, -0.13371820539740994], "aligned_model": [[0.47026571847337556, 0.257908577798339, 0.7543694816581825, -0.44008705511191387, 0.23307135466527046, -0.367148817351771, 0.679543409072849, 0.013017362259093418, -0.3163386506420421, 0.4260585871736524, -0.6478005979742627, -0.37293840455374094, -0.2146730082857709, -0.060400309298384205], [-0.4269614787987575, 0.4547494333264993, 0.14519400563547458, -0.15219432709165556, -0.621016143089849, -0.4080244716431414, -0.34616998848104996, 0.6674925625659098, -0.6579936241775894, 0.16802642118152655, -0.058027089200640106, 0.4323343250560625, 0.21233163525401705, -0.049333019025573965], [-0.34857354532095786, -0.4727534423065143, -0.021153352008337345, -0.4976908472588435, 0.37008454080328557, 0.5450674686966425, 0.09749959592088081, 0.124172383776156, -0.16568247557207125, 0.41900439065428297, 0.10983491027520856, -0.33265210176575005, 0.586611325987806, -0.08897413322013345]], "inverted": false, "swapped": true, "error_lsq": 0.04176077300616776, "error_max": 0.2535125258463314, "target": "1024.xyz", "model": "18.xyz", "model_rescale": 3.922800546911778, "target_rescale": 4.129301218293493},
{"mapping": [10, 11, 12, 0, 13, 3, 14, 4, 5, 8, 6, 7, 1, 2, 15], "R": [[0.8103885855972186, -0.5797174549649088, 0.08484110290860537], [-0.5810986111409578, -0.8137725707531407, -0.009930116810722572], [0.0747980244644839, -0.04125379375080103, -0.9963450105447293]], "T": [0.009467232315922669, -0.01857765105655218, 0.04418267444448797], "aligned_model": [[-0.18401938477091645, -0.14050756947672297, 0.40895603601160546, -0.005264253992325583, 0.32735272316420183, -0.5631416212186995, -0.2632176372571402, 0.2219866236374623, -0.28139657498024473, 0.6295112464324202, 0.7758916205792474, 0.5066799642340507, -0.4045392907625254, -0.014959692523678902, 0.08271864781088421], [0.4732992214105095, -0.23646343481186557, 0.1337315272013885, 0.7036163641228418, -0.6570228015997245, 0.37715563336445024, -0.6455511697894503, 0.38949052441532384, -0.4193659220287085, 0.3752802275164154, -0.19539411282021324, -0.15845484218956352, 0.5496079012387363, -0.058571353205147246, 0.08625374220958613], [-0.5988339621954136, -0.6354274849838893, -0.675892908862246, -0.026164355713103417, -0.11922795240992484, -0.04333911195843349, -0.1358203392824357, 0.44617288547361844, 0.30894411966908386, -0.05862576738279313, -0.2674188538086448, 0.4371322855070131, 0.5286529149817036, 0.7950762548694275, -0.012568556740633174]], "inverted": false, "swapped": true, "error_lsq": 0.04793247834248939, "error_max": 0.3647682416874874, "target": "1024.xyz", "model": "19.xyz", "model_rescale": 3.9282355846067225, "target_rescale": 4.129301218293493},
{"mapping": [6, 12, 10, 8, 7, 0, 4, 3, 2, 5, 11, 13, 9, 15], "R": [[0.9613227909104848, -0.20908817173654587, -0.17927807483333075], [0.14511779411784714, -0.1687194847747152, 0.9749228488899646], [-0.23409254047586986, -0.9632319927708088, -0.13185147172606715]], "T": [-0.014752327927895277, 0.014169365798853709, 0.09130251129921628], "aligned_model": [[-0.6806949049290762, -0.1228116569198742, 0.5133377252510568, -0.3845751749051147, -0.610732725261227, 0.29578368534074523, -0.14922209667465822, 0.667742199359483, -0.20319536296158874, 0.019079959916887816, 0.20985091101456038, -0.500629649006373, 0.5029283425997287, -0.02433843373987342], [-0.5037923918537912, -0.7981459877675358, -0.5625860994320319, -0.28576395746204325, 0.24668819189072605, -0.07978194471639236, 0.3164622023692116, 0.08429095745502115, 0.7391935605655906, 0.3706952951780804, -0.5797256770802374, -0.20878099439960063, -0.14954932593093684, -0.06632174139122458], [0.028041004586770696, -0.08122338099659236, -0.1938717384414197, -0.47739709931959673, -0.017958129931744074, -0.5579050461255758, -0.4223288541130874, -0.05508730134637395, 0.02154235403025538, 0.5238256359995677, 0.4500206288147325, 0.5908851313550775, 0.6263785803509989, -0.0227386276193301]], "inverted": true, "swapped": true, "error_lsq": 0.040851409914235866, "error_max": 0.2493643388971765, "target": "1024.xyz", "model": "20.xyz", "model_rescale": 4.067790424073018, "target_rescale": 4.129301218293493},
{"mapping": [11, 2, 12, 10, 6, 7, 8, 14, 13, 5, 1, 0, 3, 4, 15], "R": [[-0.8378757440511327, 0.545070000822237, -0.0293756997262572], [0.3881543932425796, 0.5571009429339474, -0.7341489674368491], [-0.38379734826760536, -0.6265279192388424, -0.6783526825162566]], "T": [0.10909241370973946, 0.11390182504482624, -0.007457523885948161], "aligned_model": [[0.2871692509257253, 0.08974653086196813, -0.2425033709099587, 0.35948419711213886, -0.6457005231480919, -0.4149319595725073, -0.4864666049129641, 0.3638046213467969, -0.22670744248573174, 0.3669457812743938, 0.5197631163040516, 0.15921850326234252, 0.702412748014717, -0.10756043897601872, 0.0437695448106533], [-0.2303835589446436, 0.6962854022452226, -0.5476998099480088, -0.6770096040234308, -0.051335549648826195, 0.462504195772692, -0.27027530730354965, 0.4215105933277221, 0.3997041558233043, 0.5989063613854388, 0.11886881368460286, -0.4219782803806399, -0.17595057525860294, 0.1212864546532599, -0.0035381514566936167], [-0.6251895362926629, 0.46845470102129816, -0.3815723679469882, -0.07537946311880293, -0.3520589588205681, 0.1508787307874499, 0.21132449087850153, -0.590854861207007, -0.5913427119268743, -0.12413595370776222, 0.741056029771794, 0.4794200835855124, 0.2294018470044547, 0.5637580798509753, 0.03148946374182066]], "inverted": false, "swapped": true, "error_lsq": 0.05256076571368073, "error_max": 0.40952465041959923, "target": "1024.xyz", "model": "21.xyz", "model_rescale": 4.186013935880536, "target_rescale": 4.129301218293493},
{"mapping": [11, 9, 10, 6, 7, 12, 13, 5, 0, 4, 2, 8, 15], "R": [[0.15091969200144006, -0.7031189043609175, 0.6948719687082603], [-0.7849921415057087, -0.5124796216026583, -0.34806892308316983], [0.6008415634262263, -0.4929385801216002, -0.6292860811167119]], "T": [-0.1479526880274917, 0.01466848244071113, -0.013258912794178863], "aligned_model": [[0.10280547019141853, -0.3952186523107447, 0.3922905173558028, 0.42210173776553317, -0.17818054083758528, 0.6295492786919806, -0.15911869348523724, -0.683275585625954, 0.23414636487984677, -0.09003456332123275, -0.6710477840481093, 0.47230453962459784, -0.017748053457091323], [-0.33121464536815554, -0.1295151293397982, 0.318356476961051, -0.5191861543688919, -0.16971237741217482, -0.22171831439224787, -0.7127266825772005, -0.14760648310825575, 0.6314611732263959, 0.41837674492481886, 0.2208044462196181, 0.0996162433151382, 0.062021361465796135], [-0.6042934572308727, -0.7197814639788902, -0.5689217644198529, 0.3120149639247966, 0.6082597929978035, -0.21552163739946986, 0.06508662149833831, -0.0625320929630822, -0.03049281143747862, 0.4416535918882506, 0.486657905234758, 0.3845011067331943, 0.006248806487850794]], "inverted": false, "swapped": true, "error_lsq": 0.053125748281517574, "error_max": 0.4467576562015689, "target": "1024.xyz", "model": "22.xyz", "model_rescale": 4.166573947596378, "target_rescale": 4.129301218293493},
{"mapping": [3, 8, 0, 9, 4, 7, 6, 1, 2, 10, 9, 14, 12, 5, 13, 15], "R": [[-0.09874968727766534, 0.7830274435165784, -0.6140981370778249], [-0.5225778265215438, 0.4843668243722359, 0.7016417851550569], [0.8468535378036646, 0.39020097661006337, 0.36136170710518023]], "T": [-0.050841303278549584, -0.13227628137798253, 0.13920396463363172], "aligned_model": [[-0.3240679387160174, -0.6349814856118999, 0.16619233406755904, -0.6156501562743382, -0.11298703385404102, -0.010085216449617553, 0.6673220104801716, 0.5353966886332814, 0.29803692996151776, -0.26472249141122495, -0.6156501562743382, -0.19654193090552474, 0.12932529147765923, 0.5500738705614999, 0.21029836797910462, 0.009748143653602347], [-0.6603418262302951, -0.10089035784142414, 0.01090230968765582, -0.15642290086882316, -0.5134811258043093, 0.45033139041316617, -0.28961100674373097, -0.24770692241040376, -0.6988452846576696, 0.5844740546163152, -0.15642290086882316, 0.3388523981380308, -0.22185015690633259, 0.40027830353416016, 0.6481405109302865, -0.12549696056215937], [0.050205998120819925, -0.41925311644646657, -0.6348451644006894, 0.34133527499113253, -0.48583546462002114, -0.2734664726485966, 0.3356597381095997, -0.24951167026824572, 0.0387411253195708, 0.17747962686297836, 0.34133527499113253, 0.7579016756903714, 0.7628207333193371, -0.0760831672140102, 0.3381231474050799, 0.1068628421850652]], "inverted": false, "swapped": false, "error_lsq": 0.046653195019428495, "error_max": 0.3607206720918293, "target": "1024.xyz", "model": "23.xyz", "model_rescale": 4.274766983524099, "target_rescale": 4.129301218293493},
{"mapping": [5, 4, 1, 3, 0, 10, 11, 12, 6, 8, 15], "R": [[-0.972260220359719, -0.16424583224556327, 0.16653339153465], [-0.03739723703004942, 0.8119771799499461, 0.5824899191428563], [-0.2308928551700746, 0.560103888426509, -0.7955954522248828]], "T": [0.10348178411453907, 0.007448023414691238, -0.1620840379988338], "aligned_model": [[0.24684606295045536, 0.05648296638162564, -0.4611291231736568, -0.5811833773827593, -0.4261837391853867, -0.5197391616391112, -0.004005346358146145, 0.1014378059800506, 0.6745359916498739, 0.2258699446450841, 0.06696268009004541], [-0.21907612434758622, 0.6144416306947207, 0.48560790540957094, -0.049939780281735714, 0.4230986638980239, -0.15928023320805013, -0.6198630478387781, -0.157967823258592, 0.04740368724994577, 0.4780317910456539, 0.07312986188031016], [-0.6555058752289273, -0.21336882265036683, -0.5881418833398604, -0.30380930483155416, 0.1088751755278316, 0.36388902678000573, 0.19395523146346527, 0.6588493670695046, 0.4608658423838458, 0.3980233083829548, -0.044065631535321254]], "inverted": true, "swapped": true, "error_lsq": 0.046973837361881494, "error_max": 0.23496136741980883, "target": "1024.xyz", "model": "24.xyz", "model_rescale": 3.7841303162186577, "target_rescale": 4.129301218293493},
{"mapping": [2, 12, 14, 5, 9, 13, 0, 10, 8, 3, 4, 6, 1, 7, 11, 15], "R": [[0.3510922562626244, 0.5879328510068712, -0.728744941868794], [0.7952299779869204, 0.22364409454209877, 0.5635535476663838], [0.4943111466509145, -0.7773791106553978, -0.38902211841138434]], "T": [0.07939210826529698, -0.07976140348666262, 0.06832276558184378], "aligned_model": [[-0.44075501741761103, -0.5083534634169967, 0.03709485578236972, -0.7965245788548353, -0.012825099328135511, -0.21842799742344743, 0.6590816322575695, 0.7006794563532185, 0.13527306073093032, -0.49354831270721256, -0.4119068307599215, -0.0005984812655299016, 0.1731828606337807, 0.6409756826033884, 0.2669394147252529, 0.06142004540457436], [-0.6255649493411957, -0.06197766404717249, -0.01654603027679237, -0.11712452724500451, -0.4142641259140747, 0.4999477303760721, -0.3354944453485892, -0.035923192011324476, -0.6416067630344601, 0.45157983127174794, -0.1486217829669379, 0.3788052016894745, -0.48738227314268384, 0.18427410090814283, 0.6622197793855946, -0.03041136587715211], [0.04992480635671162, -0.4106456968533543, -0.7213060847857792, 0.09501920075949277, -0.4025749131536148, -0.3643901901228631, 0.4423423057468623, -0.39786962774704815, 0.24343671347007687, 0.264326984654808, 0.6256269406145474, 0.6209027384787743, 0.6832088649484066, 0.2625254987060026, 0.007351450475579405, 0.11359138984845599]], "inverted": false, "swapped": false, "error_lsq": 0.04206657326926366, "error_max": 0.2491264729320742, "target": "1024.xyz", "model": "25.xyz", "model_rescale": 4.19342608120988, "target_rescale": 4.129301218293493},
{"mapping": [6, 11, 12, 4, 8, 7, 0, 2, 10, 5, 3, 15], "R": [[0.5432617708277729, -0.6646822056213646, -0.512897859117574], [0.7330915681087558, 0.07780155609756982, 0.6756653540301166], [-0.40919848622021865, -0.743064252537501, 0.5295395315516747]], "T": [0.04364333351541839, 0.04250632575716536, 0.12599874741783545], "aligned_model": [[-0.3345877860491844, 0.6046614898105586, 0.11311963666686126, -0.4493248912598483, -0.4724452307141578, -0.540544358342153, -0.0704238156759561, -0.3628690078554294, 0.45403845612881233, 0.21010373777397476, 0.45100416639699376, -0.004923842248690906], [-0.7035719743616995, -0.39706464703087935, -0.5717378919890393, 0.36592959301355704, -0.20197390258687054, -0.08409454011051348, 0.365935641993213, 0.5042130517166253, 0.004119480043789224, 0.18462897135274628, 0.5315758217655392, 0.014816823934512405], [-0.000785742050601862, -0.02850889939308776, -0.438957286269842, -0.034188570566427434, -0.3473195339605136, 0.37876838099476745, -0.5136199513208846, 0.5591407051049693, -0.597155881321201, 0.6431290045524187, -0.16898256478375445, -0.002261199776422085]], "inverted": true, "swapped": true, "error_lsq": 0.04838352233052367, "error_max": 0.2347907761017059, "target": "1024.xyz", "model": "26.xyz", "model_rescale": 3.795458400668931, "target_rescale": 4.129301218293493},
