[{"mapping": [5, 9, 1, 2, 0, 4, 12, 6, 11, 8, 7, 13], "R": [[0.8463489946403016, 0.5092108166061495, -0.1561977065217341], [0.21576250832262495, -0.05965441437353565, 0.9746219220026197], [0.48697014207616535, -0.8585718927946858, -0.16035705668685274]], "T": [-0.0157499688512287, -0.07089792522993832, 0.094207594584156], "aligned_model": [[0.1871215949456363, 0.05593479897160042, 0.06925341592724185, -0.7303372410769451, -0.28845969826490286, -0.5688470208282882, 0.3815216411319873, -0.517141916437962, 0.5306167249491164, 0.04695475398225392, 0.024884798389269838, 0.034363532858739415], [-0.7728964048574043, 0.6546650031773827, -0.3165207064061427, 0.20178212022231856, 0.28740519690951877, 0.3150580686829768, 0.15531652736850154, -0.3577072701429437, -0.13461351558585838, -0.039615830265457785, 0.48460533812659934, 0.03752280596418099], [-0.10186005610034284, 0.1660609365203991, 0.6094628588623986, 0.1733837816284246, 0.7208340468895664, -0.582937772724859, 0.4493443250282735, -0.4066844084997511, -0.33531027500284677, -0.6840395897292276, -0.41682999949970106, -0.016577983218628328]], "inverted": false, "swapped": false, "error_lsq": 0.048336056952343436, "error_max": 0.2751989804822989, "target": "1025.xyz", "model": "0.xyz", "model_rescale": 3.8414455957264533, "target_rescale": 3.9324319559351424},
{"mapping": [10, 9, 5, 4, 2, 0, 8, 1, 12, 11, 13, 14], "R": [[0.7692229016114676, 0.63868328209321, -0.019488273681365076], [-0.10079319582552537, 0.15139844217060666, 0.9833205191511012], [0.6309808707969776, -0.7544283775700373, 0.18083407810844018]], "T": [-0.1190917365820895, 0.09274519161805969, 0.07057586592538448], "aligned_model": [[0.2600276118955835, 0.09681177360934133, -0.21316244977244836, -0.6581795719371667, -0.4726871746960059, -0.5709434307577322, 0.6615747153320429, -0.4853034121501783, 0.45326741641837054, 0.06197693895614177, 0.22182506055813367, -0.12934209290833484], [-0.45931976387422324, 0.7032331883335351, -0.3798804911528374, 0.057420961350688686, 0.16603119556855062, 0.383713571126162, 0.21464928714220655, -0.45761120020882395, -0.20768150734991134, -0.0919786053838694, 0.572219604307124, 0.014205093335070085], [0.21155141322901608, 0.28551716057763576, 0.520129477731245, 0.133454633219167, 0.7141628106254978, -0.4159267734345653, 0.06927977533813137, -0.4875412739490764, -0.3349341122389967, -0.7414319269497793, -0.4076782774371782, 0.02826295744260822]], "inverted": false, "swapped": false, "error_lsq": 0.05337357331749724, "error_max": 0.40125567886677865, "target": "1025.xyz", "model": "1.xyz", "model_rescale": 4.316132596720782, "target_rescale": 3.9324319559351424},
{"mapping": [7, 2, 10, 1, 8, 0, 6, 9, 3, 5, 4, 11], "R": [[0.6496678337011819, -0.6026700406252763, 0.4633794643558792], [0.14379046066847007, 0.6959470747292233, 0.7035495523391271], [-0.7464958199981852, -0.39044396692555616, 0.5387926311826031]], "T": [-0.10819397916389875, 0.006548982869034013, -0.03555365541306231], "aligned_model": [[0.16468269375700753, -0.32255489228199163, -0.023404316004619813, -0.6178363428106542, -0.22862993594704525, -0.4306999234525929, 0.5632498805498107, -0.6114743480458638, 0.48257351900545653, -0.07165900844720327, 0.32619411889982286, -0.004576060674379462], [-0.8227445705465637, 0.7918174212161573, -0.3196952757462554, 0.08626043851526535, 0.26958266799663294, 0.4098379227058795, 0.2499058658930197, -0.49247581248812156, -0.18557467673534514, -0.13203409640750438, 0.5810583336967902, 0.07906311509371677], [-0.23118505222529356, 0.15971098656814642, 0.49699793394818026, 0.13328949197561446, 0.6739141568341281, -0.5226491342364403, 0.37192215213521007, -0.2538072444987741, -0.247919545720458, -0.6642187554225676, -0.31046403573507897, -0.030745089468960936]], "inverted": true, "swapped": false, "error_lsq": 0.04659587939484275, "error_max": 0.24863488552455126, "target": "1025.xyz", "model": "2.xyz", "model_rescale": 3.795458400668931, "target_rescale": 3.9324319559351424},
{"mapping": [2, 9, 6, 5, 3, 4, 8, 10, 1, 0, 7, 11], "R": [[0.07250056612982, -0.9929754108605705, -0.09350669140300663], [0.9966727369747265, 0.07563186465385688, -0.030385463963687832], [0.03724410399195413, -0.09099260670660111, 0.9951548734958667]], "T": [-0.05563151567566697, -0.005157220667306957, -0.09374009184589047], "aligned_model": [[-0.017068333101180028, -0.22492913843832618, 0.12621160627825329, -0.6669660003808017, -0.16002805286947042, -0.4915165795060034, 0.4506787667153856, -0.6397845251637696, 0.5308886007977209, 0.11090057711277644, 0.24909999697546692, -0.041621533872304786], [-0.7685421482997797, 0.7508519690402373, -0.238379256042807, 0.1439557620508305, 0.18372978811747542, 0.21229820022316845, 0.24550812255562598, -0.3948156198773099, -0.21442454220922166, -0.09255039440820537, 0.6387863964453925, 0.04858305559826518], [-0.03473462914734419, 0.2991251048971246, 0.41600186035567643, 0.2190858689445017, 0.6746953878596276, -0.5104799200103777, 0.44605590729022504, -0.3080817089697092, -0.18577368933271982, -0.8532382415676232, -0.36901744251814794, -0.2187926336475279]], "inverted": false, "swapped": false, "error_lsq": 0.04649673362880933, "error_max": 0.23992377575083118, "target": "1025.xyz", "model": "3.xyz", "model_rescale": 3.7530521520055578, "target_rescale": 3.9324319559351424},
{"mapping": [5, 10, 9, 8, 7, 6, 3, 1, 4, 2, 11], "R": [[0.2829449667293559, -0.935609225861398, -0.21113389658119666], [0.8034537903682876, 0.11098035887760536, 0.5849319333787739], [-0.523835997756317, -0.3351398759121834, 0.7831201127721152]], "T": [0.061647325752516684, 0.02419781666535599, 0.03270866738635378], "aligned_model": [[-0.4007926625848768, -0.2976549970538147, 0.26634769872282094, 0.5025224731222142, 0.44952042137579323, -0.06379014911993927, -0.2061803437985773, -0.7049700071044317, -0.42939269201208224, 0.22534840618215965, -0.0027585452840610883], [-0.6721707364254226, -0.005743742108918856, -0.33455714780697265, 0.2524178052802543, -0.6644001752002895, 0.7128661123554035, -0.3594461943608826, 0.16947708599502914, 0.18556743869609799, 0.2908520067694073, -0.1076590948793598], [-0.1529583283082688, -0.5895748426175401, -0.6046680194148987, -0.2960508391891743, 0.17248272687141972, -0.12279197990182958, 0.44363377010690064, 0.014615010804619771, 0.7403184948347019, 0.5005528993224299, -0.012728115263043766]], "inverted": false, "swapped": true, "error_lsq": 0.04203093371771513, "error_max": 0.2013692341033888, "target": "1025.xyz", "model": "4.xyz", "model_rescale": 3.7855080009869324, "target_rescale": 3.9324319559351424},
{"mapping": [7, 14, 8, 9, 15, 2, 13, 5, 6, 1, 12, 16], "R": [[-0.4400992863828059, 0.056976835575453855, 0.8961396422060308], [0.5763669921364402, -0.7473434870897612, 0.33057344521317683], [0.6885591539591482, 0.6619904474479403, 0.2960657680089646]], "T": [-0.06450714156939834, -0.018027422991233666, -0.09659058090148484], "aligned_model": [[0.011087160253972758, -0.2404182256342678, 0.15795270531801625, -0.6887468565233972, -0.20571741191171034, -0.5409039836299686, 0.4991692896802064, -0.538439885507132, 0.5019730408891122, 0.10805475040676031, 0.25459415124074836, -0.09273935003459303], [-0.7617530246455577, 0.612172430174426, -0.23556725509469295, 0.2152670155179149, 0.21392528777435896, 0.4339364048929678, 0.25466153787268164, -0.6133911792428566, -0.3418852985463708, 0.1543237264866856, 0.5568530124661129, 0.02645867553800197], [-0.0463192883812057, 0.07545834849353605, 0.534676329315459, 0.15403364475097228, 0.6815968683703474, -0.4350583559372595, 0.26779554719900434, -0.37233139504569546, -0.11371796802411807, -0.8132644353852511, -0.2719533844415104, -0.08607004676057325]], "inverted": false, "swapped": false, "error_lsq": 0.04350237422583078, "error_max": 0.2516457546361343, "target": "1025.xyz", "model": "5.xyz", "model_rescale": 4.2253639853439635, "target_rescale": 3.9324319559351424},
{"mapping": [6, 1, 3, 9, 0, 8, 4, 11, 2, 5, 10, 13], "R": [[-0.5890867074101835, -0.8017114420191339, -0.10117121570995313], [-0.37199734525505235, 0.380199444394562, -0.8467977076051043], [0.7173526512642316, -0.4612018497552534, -0.5222049669492912]], "T": [-0.14565377556137335, 0.006122232563626713, 0.0002921693185719623], "aligned_model": [[0.024268399949020525, -0.07564397144020754, 0.2745122262052436, -0.6655943837715218, -0.36198367871660075, -0.513731715839527, 0.41440052463084887, -0.5298450838224135, 0.4802758998020745, 0.03306443915591886, 0.2516268284451204, -0.10548410005020908], [-0.611494277020294, 0.7139047338973444, -0.3787358462673673, 0.29212960723958886, 0.11597806823082968, 0.40609826434181107, 0.28388613398888685, -0.49636671918069136, -0.11605662445582776, -0.1310550467603321, 0.4630721341506252, -0.026359094970901983], [-0.057968190123322265, 0.18153327969634586, 0.42261226452635814, 0.14332354017968008, 0.7646191397293445, -0.5001103481433806, 0.33210191617321816, -0.4529800235686105, -0.2081688112846597, -0.5913018301576103, -0.491518143209548, 0.03270307033589034]], "inverted": false, "swapped": false, "error_lsq": 0.04833613858906762, "error_max": 0.28463820691557146, "target": "1025.xyz", "model": "6.xyz", "model_rescale": 3.89814844738969, "target_rescale": 3.9324319559351424},
{"mapping": [5, 7, 6, 8, 3, 11, 0, 9, 2, 10, 4, 12], "R": [[0.5926133629959962, 0.12398211256462355, -0.7958880811788733], [0.6581071965305194, -0.6442500736565682, 0.38966236727229264], [-0.4644397914405227, -0.7546987997588971, -0.4633847232798727]], "T": [-0.006828372552572848, 0.11037017182442663, -0.0048035791873855295], "aligned_model": [[0.10172832897149481, -0.06521928233422813, -0.18357130632102764, -0.6594172355360728, -0.19138349332466112, -0.6064782661296375, 0.4052854321958098, -0.5189034764010175, 0.5864903274599074, 0.0640033570008879, 0.24780492949902766, 0.04552606946726449], [-0.6561016839491649, 0.7244782057286175, -0.34169101219602294, 0.10465630290862832, 0.2617427328148925, 0.40120380235292397, 0.14978109813355953, -0.554354382686907, -0.010785351229306933, -0.18275626073980836, 0.5292484347304137, 0.08957944732584634], [-0.06236173139911952, 0.22044407095608615, 0.4661300385261169, 0.17347120850467634, 0.7668230739590043, -0.46434266752442627, 0.41901168515732495, -0.31117954704865214, -0.3720121084593009, -0.6741042766864669, -0.42337098204555734, -0.1636628997859802]], "inverted": false, "swapped": false, "error_lsq": 0.04805689226978799, "error_max": 0.3257971807278352, "target": "1025.xyz", "model": "7.xyz", "model_rescale": 3.7474275329858107, "target_rescale": 3.9324319559351424},
{"mapping": [0, 4, 1, 12, 13, 11, 2, 10, 3, 5, 8, 14], "R": [[-0.11993695640323539, 0.795873486683091, 0.5934648428370702], [-0.7599260862031207, 0.3110703888150888, -0.5707429865626354], [-0.6388485501249382, -0.51944259201314, 0.56749618818626]], "T": [-0.13796737035474876, 0.010135185199090825, -0.1171309561688775], "aligned_model": [[0.07225918640332019, 0.1085785927776943, 0.12343252443826119, -0.6357808063870325, -0.5186983991781373, -0.6944699060066253, 0.5319530554771046, -0.6192466941004335, 0.5074743175149481, 0.16872839329257477, 0.3045330271369702, -0.12289790682089771], [-0.6133450945053325, 0.6708962427045222, -0.3452205323721239, -0.06611397431993005, 0.5506558396258788, 0.19535841325627196, 0.1861613534706353, -0.517009217007418, -0.188823722751057, 0.10011773763338278, 0.5058431314558649, 0.03648115600297723], [-0.08120919006109889, 0.2217432960146216, 0.49130493120258834, 0.23925432323773574, 0.4919611013410605, -0.3232310269863725, 0.36121087451996414, -0.3735531694139492, -0.35786923208655075, -0.7581163794353373, -0.2710054052957106, -0.06564425888324563]], "inverted": true, "swapped": false, "error_lsq": 0.05748726642661276, "error_max": 0.4282199828845076, "target": "1025.xyz", "model": "8.xyz", "model_rescale": 4.019505241142653, "target_rescale": 3.9324319559351424},
{"mapping": [10, 4, 9, 11, 8, 5, 7, 6, 1, 2, 0, 12], "R": [[-0.9024067427866861, -0.39392542753761844, -0.1745990495748147], [0.4224016819526943, -0.888770299221234, -0.17794430113306006], [-0.08508166463262773, -0.23432906939068152, 0.9684270739616062]], "T": [-0.07969113891445608, 0.018703489421470435, -0.11167831429539386], "aligned_model": [[-0.02391229599810979, -0.049533594204774725, 0.022767468639215596, -0.5710717731435467, -0.1821022077225219, -0.6489684934664663, 0.42511944283392317, -0.5341491134968666, 0.48540624084277434, 0.012027517381012945, 0.40609125467065554, -0.11580906178754845], [-0.8935105194848887, 0.8417729802637793, -0.2679960773837407, -0.10712868713757698, 0.2548697107406805, 0.3381416940143515, 0.5590221828335369, -0.4099786565797403, -0.34921161959557684, 0.07731212536141205, 0.4382171903415792, 0.033491009819855894], [-0.16584547090981072, -0.015543996880711064, 0.5004047303662841, 0.24882253125149079, 0.5127209332053517, -0.2679065005573452, 0.4106300009553172, -0.4828405497196718, -0.15178724246660433, -0.6931633769558815, -0.21497303291219, -0.10567216122252376]], "inverted": false, "swapped": false, "error_lsq": 0.06468118321314381, "error_max": 0.37283184907493516, "target": "1025.xyz", "model": "9.xyz", "model_rescale": 3.877068213659057, "target_rescale": 3.9324319559351424},
{"mapping": [11, 13, 10, 2, 14, 4, 6, 8, 12, 5, 3, 15], "R": [[-0.9976458925228302, -0.06703950809007304, 0.014435286189279717], [-0.05972811991104855, 0.7460327325231297, -0.6632252360216425], [0.03369309757527177, -0.6625261250389399, -0.7482806350672653]], "T": [-0.13041694387611918, 0.02162517460375212, -0.09095359351779447], "aligned_model": [[0.08770002755061213, -0.17903012369302995, 0.12156748095071601, -0.7209303282346751, -0.2856311541944178, -0.4207173673190317, 0.3849854509988619, -0.6140453093271702, 0.5527509382442959, 0.2016166380169176, 0.19661494881325475, -0.0990158172585861], [-0.6714036425420833, 0.6644583894429781, -0.2706755512357386, 0.24535784312330486, 0.13305266824600226, 0.4887811677034747, 0.23786844011750952, -0.5703358710212401, -0.22865599444145612, 0.046224912837395264, 0.48724628390337493, -0.04691731293985039], [0.03862773864381985, 0.3357086998844058, 0.5042563818507926, 0.11299001113807394, 0.666023294646209, -0.4853919562626579, 0.1696299758067667, -0.19587575705728877, -0.2607658338716644, -0.7981621876515519, -0.37203804073396357, -0.1401564622392356]], "inverted": true, "swapped": false, "error_lsq": 0.04675168309571481, "error_max": 0.2549568638937087, "target": "1025.xyz", "model": "10.xyz", "model_rescale": 4.260839863003843, "target_rescale": 3.9324319559351424},
{"mapping": [9, 0, 10, 5, 6, 3, 7, 4, 8, 2, 1, 11], "R": [[0.7465596360062291, -0.4469758097599445, 0.4928096340126566], [0.3807023984059092, -0.32046770113300255, -0.8673904175044342], [0.5456321047502933, 0.8351724839935584, -0.06908348750457316]], "T": [-0.03563799967599643, 0.013871023949935227, -0.04839186919833033], "aligned_model": [[0.09690311731325882, -0.08411754582259859, 0.006549849000762442, -0.6869295522065236, -0.34959294722185386, -0.46887539917355814, 0.3998568480138397, -0.5043627267146849, 0.5992589564176724, -0.0482520265948708, 0.2669307807005197, -0.0015039691642159056], [-0.7612153801131246, 0.8198583053604075, -0.3789673426073365, 0.03801318234518586, 0.3134068133321555, 0.43093543798441525, 0.31194591599159893, -0.5193118229384038, -0.2690683897526811, -0.061512550813116074, 0.525265066739841, 0.0656520976647297], [-0.18032814056085802, 0.2952191103483123, 0.43867280333175795, 0.13006645097277245, 0.6692194019261384, -0.4254803225291537, 0.3403255418501101, -0.22760135736169212, -0.22857108657746286, -0.7299454834667036, -0.4609314543071477, -0.04579959947236758]], "inverted": false, "swapped": false, "error_lsq": 0.03825027024167154, "error_max": 0.21261656671425289, "target": "1025.xyz", "model": "11.xyz", "model_rescale": 3.890672605050136, "target_rescale": 3.9324319559351424},
{"mapping": [10, 8, 4, 7, 3, 5, 1, 12, 11, 9, 6, 13], "R": [[0.0771531696300025, -0.5497875628723328, 0.8317337459349264], [0.3115136221676312, 0.8057486977159463, 0.5037145018093673], [-0.947104350966696, 0.22023322147205096, 0.2334323810871067]], "T": [0.08077721199664477, 0.09767166670465219, -0.043040998522951714], "aligned_model": [[0.033448410659645475, -0.2253130019823209, -0.007399632255118041, -0.7552077474916007, -0.3528000229622942, -0.5491036510381524, 0.7352015067860095, -0.46159489042613067, 0.46528704671282173, -0.0012426306929777392, 0.3999671050932621, -0.05537710785539619], [-0.7876067466732306, 0.731307403062651, -0.3338570414834592, 0.05159261875593327, 0.30933983852870195, 0.2413015064958344, 0.3050563930139311, -0.3776754378541217, -0.2167717433639649, 0.05802318888551736, 0.5132835092897822, 0.021007844536096804], [-0.1595854956633284, 0.11189634479524405, 0.5019955708670678, 0.11811122493666215, 0.7445315520170356, -0.4761607848859831, 0.3230446582205301, -0.23015000270543676, -0.27976804126672006, -0.8160359271176978, -0.2827135926790639, 0.019680357635395863]], "inverted": true, "swapped": false, "error_lsq": 0.045022682128519544, "error_max": 0.24913404141546952, "target": "1025.xyz", "model": "12.xyz", "model_rescale": 4.124412569039231, "target_rescale": 3.9324319559351424},
{"mapping": [9, 4, 8, 10, 2, 5, 1, 7, 6, 3, 0, 12], "R": [[-0.7483654413808887, 0.5115880726296265, 0.4221691723585362], [0.2991836841434775, -0.30769705494459376, 0.9032229212773331], [0.5919782844742899, 0.8022469484650767, 0.07721103800201795]], "T": [-0.06439648294271154, 0.010969383660505337, -0.12399015005750871], "aligned_model": [[-0.06549588174320732, -0.280719503330219, 0.16272984488966113, -0.6927303043748123, -0.13859864219561085, -0.5776052842787965, 0.5559710309948142, -0.5743736725759191, 0.5270543477373026, 0.3414195910669512, 0.11171501354748924, -0.14350115518990544], [-0.6249047138229988, 0.712190858415211, -0.3489428131604823, -0.029661746860541134, 0.23754040900200188, 0.42250937358917945, 0.32691961669454567, -0.2289005477948181, -0.29239774012451486, -0.1512360739412324, 0.4622987502769021, 0.029585960920419048], [-0.1895965176768824, 0.15844400145889057, 0.4537407238650423, 0.26091943981344434, 0.7039924123716954, -0.49948641101478886, 0.2981281944922658, -0.398696095667497, -0.04804860755009775, -0.6876887214283446, -0.44344896904306963, -0.033413585466952764]], "inverted": false, "swapped": false, "error_lsq": 0.055297808504220385, "error_max": 0.2802981749681164, "target": "1025.xyz", "model": "13.xyz", "model_rescale": 3.9028299243045295, "target_rescale": 3.9324319559351424},
{"mapping": [14, 3, 10, 5, 4, 2, 7, 12, 9, 1, 6, 15], "R": [[-0.820818204177279, 0.3196513657435777, 0.47337139760388136], [-0.5602682267856061, -0.611853124873952, -0.5583325779824175], [0.11116199775867253, -0.7235044975397493, 0.6813106870540455]], "T": [-0.22980780172810034, 0.06713350347863208, -0.06988240776982468], "aligned_model": [[0.1721058541713416, -0.059775469524375124, 0.05473829014609477, -0.5986408245693728, -0.28532663385232926, -0.583950859066811, 0.532363173945802, -0.5971306076120146, 0.5207059568951619, -0.07431707800273593, 0.26230433255265173, -0.11721075053566637], [-0.7197023584440676, 0.6497267969000582, -0.2779483580906515, -0.13174144064953375, 0.29126770754248305, 0.5238058911465068, 0.17335755105761358, -0.4265279699025128, -0.10961623226987967, 0.0889081345646393, 0.3967202936897524, 0.05675131764926362], [-0.020837608077507397, 0.07281834802316006, 0.5261919436864128, 0.2242481610511342, 0.5673340324849243, -0.5261529358957352, 0.4080713676032756, -0.39486332249807643, -0.14946937588444076, -0.7003958937629766, -0.37583413151265754, -0.05626472106380766]], "inverted": false, "swapped": false, "error_lsq": 0.04488609916999742, "error_max": 0.21391267620697574, "target": "1025.xyz", "model": "14.xyz", "model_rescale": 3.942246331269136, "target_rescale": 3.9324319559351424},
{"mapping": [9, 12, 5, 0, 1, 8, 3, 7, 10, 11, 13, 14], "R": [[0.9035018244782989, -0.3427960168399789, 0.2572456880163986], [-0.42827283419999046, -0.7450027068281282, 0.5114228644723168], [0.016335013030078574, -0.5722428310231654, -0.8199215265450104]], "T": [0.01838659924328037, -0.0030431850594328236, -0.07815551337613139], "aligned_model": [[0.01705134715236367, -0.0680129505881173, 0.022111358177171192, -0.6859052077114696, -0.14313106683312343, -0.5700301305639022, 0.4083402448394965, -0.6476994842402719, 0.5678055099929643, 0.1599867432272033, 0.22408234700619736, -0.05873332591076469], [-0.8071921558572485, 0.7567320920175619, -0.2525915511214484, 0.04916251519231046, 0.32247914625217056, 0.17708855383149208, 0.2632945296093101, -0.5140462381018722, -0.3836783906941621, 0.15101611067520024, 0.7318212657026563, 0.020915455687701288], [-0.11694927574882794, 0.21055351712734324, 0.5053608080372263, 0.12669833302636077, 0.6461294382439535, -0.5473668037506748, 0.4636454708716813, -0.2399724386339274, -0.3276674705749797, -0.7639588068051081, -0.35850055945988857, -0.023126348179452583]], "inverted": false, "swapped": false, "error_lsq": 0.05160066098130678, "error_max": 0.2722344397036075, "target": "1025.xyz", "model": "15.xyz", "model_rescale": 4.355366556412066, "target_rescale": 3.9324319559351424},
{"mapping": [7, 2, 10, 1, 8, 0, 6, 9, 3, 5, 4, 11], "R": [[0.6496678337011819, -0.6026700406252763, 0.4633794643558792], [0.14379046066847007, 0.6959470747292233, 0.7035495523391271], [-0.7464958199981852, -0.39044396692555616, 0.5387926311826031]], "T": [-0.10819397916389875, 0.006548982869034013, -0.03555365541306231], "aligned_model": [[0.16468269375700753, -0.32255489228199163, -0.023404316004619813, -0.6178363428106542, -0.22862993594704525, -0.4306999234525929, 0.5632498805498107, -0.6114743480458638, 0.48257351900545653, -0.07165900844720327, 0.32619411889982286, -0.004576060674379462], [-0.8227445705465637, 0.7918174212161573, -0.3196952757462554, 0.08626043851526535, 0.26958266799663294, 0.4098379227058795, 0.2499058658930197, -0.49247581248812156, -0.18557467673534514, -0.13203409640750438, 0.5810583336967902, 0.07906311509371677], [-0.23118505222529356, 0.15971098656814642, 0.49699793394818026, 0.13328949197561446, 0.6739141568341281, -0.5226491342364403, 0.37192215213521007, -0.2538072444987741, -0.247919545720458, -0.6642187554225676, -0.31046403573507897, -0.030745089468960936]], "inverted": true, "swapped": false, "error_lsq": 0.04659587939484275, "error_max": 0.24863488552455126, "target": "1025.xyz", "model": "16.xyz", "model_rescale": 3.795458400668931, "target_rescale": 3.9324319559351424},
{"mapping": [5, 7, 6, 8, 3, 11, 0, 9, 2, 10, 4, 12], "R": [[0.5926133629959962, 0.12398211256462355, -0.7958880811788733], [0.6581071965305194, -0.6442500736565682, 0.38966236727229264], [-0.4644397914405227, -0.7546987997588971, -0.4633847232798727]], "T": [-0.006828372552572848, 0.11037017182442663, -0.0048035791873855295], "aligned_model": [[0.10172832897149481, -0.06521928233422813, -0.18357130632102764, -0.6594172355360728, -0.19138349332466112, -0.6064782661296375, 0.4052854321958098, -0.5189034764010175, 0.5864903274599074, 0.0640033570008879, 0.24780492949902766, 0.04552606946726449], [-0.6561016839491649, 0.7244782057286175, -0.34169101219602294, 0.10465630290862832, 0.2617427328148925, 0.40120380235292397, 0.14978109813355953, -0.554354382686907, -0.010785351229306933, -0.18275626073980836, 0.5292484347304137, 0.08957944732584634], [-0.06236173139911952, 0.22044407095608615, 0.4661300385261169, 0.17347120850467634, 0.7668230739590043, -0.46434266752442627, 0.41901168515732495, -0.31117954704865214, -0.3720121084593009, -0.6741042766864669, -0.42337098204555734, -0.1636628997859802]], "inverted": false, "swapped": false, "error_lsq": 0.04805689226978799, "error_max": 0.3257971807278352, "target": "1025.xyz", "model": "17.xyz", "model_rescale": 3.7474275329858107, "target_rescale": 3.9324319559351424},
{"mapping": [4, 11, 5, 9, 12, 2, 10, 6, 8, 0, 1, 13], "R": [[0.7089322670032345, 0.482845952068631, 0.5140766746046663], [0.23066489507564283, -0.8475510907692401, 0.4779653279429523], [0.6664898701266189, -0.22026560127902095, -0.7122319270517112]], "T": [-0.04404498653551174, 0.1756514988797886, -0.01743106596216338], "aligned_model": [[-0.025481683152121584, 0.1529050887229204, 0.07278235468766366, -0.5873071172183985, -0.3316995644182616, -0.5179790204226428, 0.4471824797272152, -0.5496394966967991, 0.5473317564447103, 0.06905179402570878, 0.0358021804702144, -0.08708338762246204], [-0.646883296330093, 0.8210296644589605, -0.2980475012628695, -0.15755896769603045, 0.22216930761915332, 0.22844023024779422, 0.18825195567789293, -0.32863280682740004, -0.21609927758731734, -0.119900081446085, 0.6740240351684197, 0.14820807117124646], [-0.1284163643450566, 0.24031755780800357, 0.5165919356743424, 0.18643459614474986, 0.6712835778538983, -0.54319965115313, 0.46731234589718, -0.3090992709014715, -0.1343041946882477, -0.7913824677791217, -0.4904719329113872, -0.11022026744605345]], "inverted": true, "swapped": false, "error_lsq": 0.0516603266099023, "error_max": 0.2570255614988399, "target": "1025.xyz", "model": "18.xyz", "model_rescale": 3.922800546911778, "target_rescale": 3.9324319559351424},
{"mapping": [1, 11, 2, 3, 9, 12, 10, 5, 6, 8, 13, 14], "R": [[-0.29778973928731595, 0.9460569847764881, 0.1276614770822138], [-0.502046484445446, -0.04146093306855231, -0.8638462354406912], [-0.8119548008548022, -0.32133654100445097, 0.4873112237411877]], "T": [-0.06787699580105652, 0.03170743982244939, -0.09883889390147094], "aligned_model": [[0.1219149059837667, 0.1495113499070234, -0.04627506274093682, -0.6612511225792944, -0.1886857592172403, -0.7007875827695825, 0.5123236683473829, -0.5286560259223663, 0.5659684577611602, 0.1207557310020726, 0.003423903168184972, -0.12237707839242326], [-0.6814773779051942, 0.6608428557880811, -0.23077607245288856, 0.04075670526410159, 0.24863110241837227, 0.29513800422276787, 0.1547552092763117, -0.3989011241905087, -0.22589015525559836, -0.0696047496202453, 0.622437454838275, 0.09908948081019717], [-0.04113730193440607, 0.15448806537618032, 0.5673177881632331, 0.13985442408258067, 0.6764626946450809, -0.4843808127759287, 0.4478118931805979, -0.528714073674482, -0.18630998582117642, -0.6720266368537803, -0.44201228737154474, -0.05650790286264912]], "inverted": true, "swapped": false, "error_lsq": 0.04544814994907603, "error_max": 0.2645652362011122, "target": "1025.xyz", "model": "19.xyz", "model_rescale": 3.9282355846067225, "target_rescale": 3.9324319559351424},
{"mapping": [6, 10, 7, 9, 12, 11, 2, 8, 5, 3, 0, 13], "R": [[-0.28433431493731554, 0.6214327217037966, 0.7300516212877959], [0.1925396184464777, 0.7829805519840037, -0.5914980562464341], [-0.939192468388462, -0.027619334000598905, -0.3422786579846181]], "T": [-0.07742709117080274, -0.048937058744210817, -0.07484532237021072], "aligned_model": [[0.10686470975491824, -0.04364441715136855, 0.06352709200550588, -0.7116240785896232, -0.4374357068790973, -0.5137977616724442, 0.5643481982458199, -0.7072090653364863, 0.5735329480167163, 0.3210550138356508, 0.0028244394051297195, 0.007424012913026148], [-0.6657459611906564, 0.7404619685876986, -0.2757583498293147, 0.06072591981069094, 0.15481391243261702, 0.45789356191146424, 0.2774425522484876, -0.43190934873709946, -0.29795504223081004, -0.10592098097777061, 0.5180650743936971, 0.08288802677466689], [-0.18632341004411127, 0.2685818978308053, 0.4879883977774089, 0.178518127087568, 0.6679020664692671, -0.33187942753465294, 0.3255507787376083, -0.26280401262358205, -0.11879101078037949, -0.7107068747053573, -0.6336523204063133, -0.10953834765455552]], "inverted": true, "swapped": false, "error_lsq": 0.04661581711422177, "error_max": 0.2853344065398215, "target": "1025.xyz", "model": "20.xyz", "model_rescale": 4.067790424073018, "target_rescale": 3.9324319559351424},
{"mapping": [7, 6, 8, 2, 4, 3, 13, 0, 9, 12, 11, 14], "R": [[-0.18808389552882404, -0.6326902809829946, -0.7512173164886192], [0.38897941711839024, 0.6543390217606264, -0.6484870528079835], [0.9018422596557228, -0.414178044989116, 0.12303286450397713]], "T": [0.02423299539276154, 0.04887024396661995, 0.04507368005602143], "aligned_model": [[0.0812844507432069, -0.25341892686790546, -0.04505845973875551, -0.7091615776759451, -0.3995174077589006, -0.48415185771222985, 0.6306795583647422, -0.49732817670620627, 0.49291011779733757, 0.11029161551760903, 0.21116520773169606, 0.08817084085309791], [-0.6943955844507468, 0.704110889203722, -0.359251508654374, 0.15730371025125015, 0.13019782534123198, 0.4204643958792991, 0.3739885351724171, -0.38856041285211035, -0.4023705961913425, -0.00047031737758618936, 0.5260812726526378, 0.047903124219273105], [0.014009279881093906, 0.24786916715964152, 0.43725122404391825, 0.10907770431857593, 0.7205689909744901, -0.5269469874451915, 0.17408595877433602, -0.1576241091643949, -0.3801008236209895, -0.7146455376857265, -0.3490814113352382, 0.00038240825319079547]], "inverted": true, "swapped": false, "error_lsq": 0.04459492125752479, "error_max": 0.2392673198748295, "target": "1025.xyz", "model": "21.xyz", "model_rescale": 4.186013935880536, "target_rescale": 3.9324319559351424},
{"mapping": [10, 5, 4, 6, 3, 0, 11, 7, 9, 1, 2, 12], "R": [[-0.2502833898963302, -0.9254649820462562, -0.28438141948468576], [-0.8541820878693474, 0.07279914876644722, 0.5148526436778231], [-0.4557753673742849, 0.3717725796034505, -0.8087360283490728]], "T": [0.028149109283795992, 0.0631005239406458, -0.06666281907783392], "aligned_model": [[0.20311658547963554, -0.08835126077831446, -0.15544155010029614, -0.4921886843900356, -0.35973496160114327, -0.5047825534246362, 0.42439773229928196, -0.36609698352675984, 0.4947280311714199, -0.17309049702236812, 0.22755481456693374, 0.015754711874029503], [-0.7508168301483672, 0.8011427629693224, -0.41391347617907837, 0.03423824768861337, 0.3880572792418113, 0.3973356520243832, 0.08049628079599996, -0.5159639609712316, -0.23223555090602488, -0.024303114170653117, 0.686836130171013, 0.06412791267788341], [-0.009879409315260518, 0.133986360586039, 0.4494459507034593, 0.12896028411142435, 0.7055338588964075, -0.4217109327808153, 0.42491667104926667, -0.2847868216502377, -0.3504434963317239, -0.76450697132889, -0.41435587492733217, -0.02231375485863126]], "inverted": true, "swapped": false, "error_lsq": 0.05005432081201094, "error_max": 0.2769986104429279, "target": "1025.xyz", "model": "22.xyz", "model_rescale": 4.166573947596378, "target_rescale": 3.9324319559351424},
{"mapping": [13, 4, 7, 9, 8, 11, 0, 14, 5, 6, 2, 15], "R": [[-0.6591131204132247, 0.4729340381466839, -0.5847249695894754], [0.16481513077778695, -0.6677741564168836, -0.7258881791904456], [-0.7337614511309809, -0.5748139451892155, 0.36219202262082834]], "T": [-0.1684148175323925, 0.08379475385459972, -0.08619858775610184], "aligned_model": [[0.050101530024104945, 0.08558628459633094, 0.20045591343543667, -0.7393220694371523, -0.3007240921102332, -0.7394400519166845, 0.48015311283532514, -0.5691579660544618, 0.5218681839382842, 0.26155906737859813, 0.07503883688628593, -0.10025336502808693], [-0.7339570241596691, 0.679461719818163, -0.2971873191500028, 0.08125585596082308, 0.3235665655459644, 0.4044049186322817, 0.22865274656939302, -0.5726598548480875, -0.37916677111060615, 0.08599413173224002, 0.6103334181583859, 0.08430294604478614], [-0.10479359517245165, 0.2609581767491441, 0.39356874286843196, 0.09956370659378536, 0.6747763621601961, -0.5257809251674174, 0.38828172214430967, -0.2718058043341931, -0.10162536589900145, -0.71407218410999, -0.4272214496473055, -0.09700352203180243]], "inverted": false, "swapped": false, "error_lsq": 0.04421969125209773, "error_max": 0.20826310637314957, "target": "1025.xyz", "model": "23.xyz", "model_rescale": 4.274766983524099, "target_rescale": 3.9324319559351424},
{"mapping": [5, 3, 4, 1, 2, 6, 10, 8, 9, 0, 11], "R": [[0.38181496392194686, 0.34424578774518055, 0.8577366559410775], [0.41581766891988914, 0.7648357768560705, -0.49205883861079136], [-0.8254168640991726, 0.5445374845322142, 0.14888226355082285]], "T": [-0.03787035854510853, 0.14535006931599947, 0.10270636208708378], "aligned_model": [[0.43516845359497164, 0.03470197150054647, -0.6206764259101905, -0.4573543059749329, -0.36566682988495985, -0.615116866445889, 0.0672441892812636, 0.06025418839201253, 0.5738886916227315, 0.20293873412865604, 0.06451290365386542], [-0.1513645696138855, 0.4165322213006081, 0.4897735320790228, -0.26799713649005896, 0.5933602401919985, -0.14059212143332833, -0.5630795334802434, 0.05066532410072086, -0.2542857848627522, 0.6508028064147177, 0.09177155303668405], [-0.546483011741008, -0.4531419312233334, -0.45369429212070816, -0.4094585399153657, 0.19553462480128594, 0.41767074985796443, 0.03705689403257735, 0.6823135085641816, 0.30982578825958673, 0.598458180129143, 0.0014844633772534283]], "inverted": true, "swapped": true, "error_lsq": 0.04624545573124442, "error_max": 0.2949634243196682, "target": "1025.xyz", "model": "24.xyz", "model_rescale": 3.7841303162186577, "target_rescale": 3.9324319559351424},
{"mapping": [2, 11, 12, 3, 13, 6, 10, 4, 8, 1, 7, 15], "R": [[0.4492835990212889, -0.6021650938887928, 0.6599556404428857], [-0.8435850088011474, -0.5291453770806421, 0.09148498696591512], [0.29412341045290213, -0.5978313889518405, -0.7457137854481888]], "T": [0.0809643467382306, 0.03097943203218108, -0.024736207044271742], "aligned_model": [[0.06117731220276383, -0.20672668804380323, -0.12003553454193712, -0.7079091895989051, -0.27782205740034116, -0.4853618560144932, 0.6777320678923519, -0.45238778249198264, 0.3769398447593817, 0.1202987063192844, 0.2201298170004929, 0.01983074446493463], [-0.7229307868933776, 0.7021680173730267, -0.37176338030663325, 0.04486228797803182, 0.2400302358876112, 0.33810790494036524, 0.4628064750293102, -0.32794217214538524, -0.3385713115457952, -0.18112715117022488, 0.6122253303621074, 0.05713588368463536], [-0.029305998191610984, 0.21226024984249955, 0.5856482466100764, 0.1380142080423877, 0.638264603576464, -0.35180376191298196, 0.2255612104455448, -0.4034381098102279, -0.37869741414324126, -0.7364243405140894, -0.2808450465277616, -0.044387983263353394]], "inverted": true, "swapped": false, "error_lsq": 0.04722875982955734, "error_max": 0.24478803936150653, "target": "1025.xyz", "model": "25.xyz", "model_rescale": 4.19342608120988, "target_rescale": 3.9324319559351424},
{"mapping": [7, 2, 10, 1, 8, 0, 6, 9, 3, 5, 4, 11], "R": [[0.6496678337011819, -0.6026700406252763, 0.4633794643558792], [0.14379046066847007, 0.6959470747292233, 0.7035495523391271], [-0.7464958199981852, -0.39044396692555616, 0.5387926311826031]], "T": [-0.10819397916389875, 0.006548982869034013, -0.03555365541306231], "aligned_model": [[0.16468269375700753, -0.32255489228199163, -0.023404316004619813, -0.6178363428106542, -0.22862993594704525, -0.4306999234525929, 0.5632498805498107, -0.6114743480458638, 0.48257351900545653, -0.07165900844720327, 0.32619411889982286, -0.004576060674379462], [-0.8227445705465637, 0.7918174212161573, -0.3196952757462554, 0.08626043851526535, 0.26958266799663294, 0.4098379227058795, 0.2499058658930197, -0.49247581248812156, -0.18557467673534514, -0.13203409640750438, 0.5810583336967902, 0.07906311509371677], [-0.23118505222529356, 0.15971098656814642, 0.49699793394818026, 0.13328949197561446, 0.6739141568341281, -0.5226491342364403, 0.37192215213521007, -0.2538072444987741, -0.247919545720458, -0.6642187554225676, -0.31046403573507897, -0.030745089468960936]], "inverted": true, "swapped": false, "error_lsq": 0.04659587939484275, "error_max": 0.24863488552455126, "target": "1025.xyz", "model": "26.xyz", "model_rescale": 3.795458400668931, "target_rescale": 3.9324319559351424},
{"mapping": [11, 0, 9, 1, 2, 6, 3, 8, 10, 5, 7, 12], "R": [[0.5425188383761137, -0.463867073326091, 0.7003575146244376], [0.16423930507429985, 0.8761967627556437, 0.4531055987352631], [-0.8238317550785133, -0.130792091582087, 0.5515384556890295]], "T": [-0.07021721188665353, -0.09738335385745206, 0.04490370248810831], "aligned_model": [[0.09432534346114069, -0.09697341014718824, -0.052517192656011055, -0.64026150778763, -0.27741305695165225, -0.5812562899447188, 0.4535406763312825, -0.5331795008203548, 0.5156847448103228, -0.043782017397089645, 0.39559678361135436, -0.007899187961708326], [-0.7856311508726377, 0.708043794736763, -0.1948702881263456, 0.029510770049563262, 0.30017848976955847, 0.26507313657134585, 0.32962759617013, -0.41617068917984046, -0.20621628670081776, 0.03222733905974176, 0.4331487791640562, 0.020079842552154642], [-0.05909297590450316, 0.24946275570978566, 0.4627042494976779, 0.14134307504859367, 0.8024321680779471, -0.49235909439947395, 0.3422517845970854, -0.41855316062807374, -0.34568651548540646, -0.6962863653447373, -0.35729161829427786, -0.05407843872091177]], "inverted": true, "swapped": false, "error_lsq": 0.0387069673257537, "error_max": 0.23455142393613906, "target": "1025.xyz", "model": "27.xyz", "model_rescale": 3.6321398670334006, "target_rescale": 3.9324319559351424},
{"mapping": [3, 9, 8, 6, 12, 13, 10, 1, 0, 2, 11, 14], "R": [[0.774198601532854, -0.6329131556159605, 0.00612068891715517], [-0.2271540463069941, -0.2688097523061216, 0.9360247626593444], [-0.5907770853976426, -0.726059401504704, -0.3518809185728857]], "T": [-0.07506939643996573, -0.06100718249770439, 0.031047401934399116], "aligned_model": [[0.0836870888572054, -0.10886117974835466, 0.14161922380839304, -0.7707205885003211, -0.3980538586518531, -0.4738862495031988, 0.5770690560951998, -0.3844512935433752, 0.49205166953761664, -0.005394738291738865, 0.18258307395435053, -0.1097768194661762], [-0.7288910433233103, 0.5904534393673869, -0.16589271750598444, 0.2671723048596589, 0.07845033676044019, 0.48374667382760933, 0.3250772896561615, -0.38728067604890837, -0.2123088774692952, -0.05128159268912726, 0.3661670300192719, -0.050410834260231366], [0.014088428291374772, 0.17606234861306633, 0.4882942523286392, 0.1418403629185304, 0.7792067221009074, -0.4279359154590431, 0.20519059612618204, -0.4640239518085665, -0.18083272418181037, -0.7617290600315314, -0.37350572570018037, -0.021809469043862904]], "inverted": true, "swapped": false, "error_lsq": 0.045337023788770976, "error_max": 0.2613476897812156, "target": "1025.xyz", "model": "28.xyz", "model_rescale": 4.156811204709835, "target_rescale": 3.9324319559351424},
{"mapping": [4, 2, 6, 8, 7, 3, 1, 5, 9, 11], "R": [[-0.7572909630395946, 0.535822669878774, 0.37336907175413664], [-0.3299053330807575, -0.8072650782980392, 0.4893726234326303], [0.5636247585969212, 0.2474210173054078, 0.7881053049511336]], "T": [-0.014277694702468674, -0.028275729884606877, -0.06463813845642292], "aligned_model": [[-0.7115613576361527, -0.0344503299214686, 0.19296634907441615, 0.5789177240287262, -0.005000650420482922, -0.5632458357689183, -0.5660498614597963, -0.5172612813100268, 0.35449335371718427, -0.08588273619289288], [-0.3278449489025705, -0.4882017780209719, 0.21744069621177475, 0.012808242008881057, -0.40758859622851834, -0.2445767126053492, 0.4248633195504478, 0.3358884960439034, 0.35969071078581943, 0.0362409017827877], [-0.5027316196734285, -0.3884310062341489, -0.7056158113620261, -0.0957729162009159, 0.6425995912286337, 0.1344138466817572, -0.3798334103295604, 0.5249753501908313, 0.4741998361393323, 0.05498286653462468]], "inverted": true, "swapped": true, "error_lsq": 0.054262236824095054, "error_max": 0.22919181769607544, "target": "1025.xyz", "model": "29.xyz", "model_rescale": 4.117894457231895, "target_rescale": 3.9324319559351424},
