[{"mapping": [10, 6, 13, 9, 12, 0, 2, 11, 4, 8, 5, 3, 7, 14], "R": [[0.011587577429150675, 0.9233837163669605, -0.38370332341232627], [0.9998726617114772, -0.014910476167151077, -0.005686656528662626], [-0.010972165298135078, -0.3835885687149836, -0.9234389105619608]], "T": [-0.18520696551250607, 0.12253928778908017, 0.07992377867632222], "aligned_model": [[0.331239902912808, 0.3195640860958532, -0.40785480082435566, -0.5710730736608398, -0.7480806997903984, -0.15046014692026066, -0.4897809061140568, -0.09689202160163143, -0.20833129339655254, 0.1739334043638284, 0.5357999484362977, 0.28835535381673627, 0.4840445041570308, -0.0889721563461553], [-0.48814182457740096, -0.504070241935478, -0.47920615646449705, -0.4471871385961994, 0.2405659258348756, 0.4368712515539526, 0.3442969473775189, 0.471074564699777, 0.7404430425970037, -0.06500569216066644, 0.40942118460165305, 0.6488994265294984, -0.11115831753015636, 0.038470359880153834], [0.3278129809200543, -0.34359416937617293, 0.46301707367865796, -0.15733659079756707, 0.47276740156793284, -0.6300694112304674, -0.20355707225507896, 0.716847875367556, 0.21876249080487276, 0.6996316344006015, 0.479780782115918, -0.1742157323667754, -0.05234852901619835, 0.08008935336650011]], "inverted": true, "swapped": true, "error_lsq": 0.048289287475182976, "error_max": 0.2964016264186248, "target": "1026.xyz", "model": "0.xyz", "model_rescale": 3.8414455957264533, "target_rescale": 4.2214434285056175},
{"mapping": [0, 11, 13, 7, 9, 2, 1, 4, 5, 12, 3, 6, 8, 10, 14], "R": [[-0.08060032023531477, 0.09263519785261276, -0.9924325208782572], [0.7979287681160929, 0.6026911479503156, -0.008547584165444821], [0.5973384881210146, -0.7925793968437095, -0.12249338883451069]], "T": [-0.015975463674996186, -0.10931168838808991, 0.06735243591412277], "aligned_model": [[-0.15488630375526652, 0.406962377838795, -0.32406130096567015, -0.5640241438117088, -0.6591802422518164, -0.2849178283887482, 0.6704236736219852, -0.010060514063204929, 0.2982690799205365, 0.40173579219380645, 0.575607562498846, -0.15151832479483796, -0.11896454085797994, 0.4744811527432775, 0.07146416893519547], [-0.5829393224386823, 0.03274489266676345, 0.209786673075384, -0.43380427507202435, 0.11797970992798276, -0.4319280818658044, -0.5028109810570922, -0.6449106104617649, -0.18317973586578382, 0.44252269001882205, -0.5829220431287974, 0.21029787336697786, 0.6707139949398666, 0.274709945073265, -0.1217393620361496], [-0.46358825030138917, -0.6587390955918129, -0.5475510957162952, -0.01810051911200984, 0.07901061162516089, 0.6741418513953409, -0.2826653095727263, 0.16177723611406059, 0.6419102340204248, -0.2540284430999184, 0.2650887175253546, 0.7669987998851104, -0.00514294897569606, 0.3508325813486861, 0.051108586491018224]], "inverted": false, "swapped": false, "error_lsq": 0.052748586980446814, "error_max": 0.37362086545394485, "target": "1026.xyz", "model": "1.xyz", "model_rescale": 4.316132596720782, "target_rescale": 4.2214434285056175},
{"mapping": [13, 10, 8, 2, 12, 9, 4, 1, 5, 6, 3, 14], "R": [[0.00575834054020935, -0.9166140110067348, 0.3997319055821903], [-0.6920866687914929, -0.2921857115874242, -0.660032993739893], [0.7217914410654355, -0.27284842819832544, -0.6360588422735635]], "T": [-0.11060146690473074, 0.08075029435344262, -0.09262619152848792], "aligned_model": [[-0.31612315052928075, 0.42052370635928804, 0.2625469544355027, -0.42387299519975286, -0.6684201288598884, -0.49075244311544075, -0.14187489883319854, -0.3902034705245435, 0.6123002416447696, 0.3973155533125351, 0.3493200579900697, -0.012950872048279286], [-0.6155865154670381, -0.5049564978469417, -0.490562456255214, 0.4316333476848685, -0.13880904369126162, -0.14535298631632443, 0.40152216754278064, 0.43519791521712053, 0.0030902034365882375, -0.0265646208594605, 0.6376653815038976, 0.02549953279196538], [0.08430881284854394, 0.1829667136634139, -0.379949611856362, -0.06029709984611653, -0.4471896943412669, 0.48541868477315553, -0.6382848307502571, 0.4785257311968023, -0.5757616238199418, 0.6539021596762725, -0.30291393168276115, -0.03146684865206221]], "inverted": false, "swapped": true, "error_lsq": 0.05043600644315635, "error_max": 0.30755364644452066, "target": "1026.xyz", "model": "2.xyz", "model_rescale": 3.795458400668931, "target_rescale": 4.2214434285056175},
{"mapping": [13, 12, 1, 3, 10, 7, 2, 8, 4, 5, 6, 14], "R": [[0.32350163780808416, 0.19722768254814924, -0.925444720970504], [-0.4757824680522694, 0.879310352892378, 0.02107952538301755], [0.8179105901194693, 0.43349111240366694, 0.37829581287327657]], "T": [-0.04667399004369204, -0.14051576795782672, 0.08336589310675349], "aligned_model": [[-0.06611009432320572, -0.00810991489318049, -0.755684963197337, 0.18392722237102269, 0.2259650967916123, 0.1366684839150605, -0.3589996863838513, 0.5670222796630869, 0.249772638798257, 0.746868430405335, -0.30614122803398364, -0.02187443936925091], [-0.15871137058516335, -0.7856892283952696, -0.0441680240538396, 0.06952235986306413, 0.48323564872668523, 0.5545399630883576, -0.3924436658589613, 0.020049478464008286, -0.5099097127966465, 0.15425558482695806, 0.7177282164613382, -0.022640204450821655], [-0.6634414909088292, -0.1761476096824072, 0.21769931184261457, 0.7679170034782926, -0.40417891920303417, 0.14073427944996636, 0.33093029157559695, -0.29845663296409697, 0.5044163443545732, 0.29652802015041524, -0.067944335311693, 0.040715167857702]], "inverted": true, "swapped": true, "error_lsq": 0.05256548724256033, "error_max": 0.2734071047445633, "target": "1026.xyz", "model": "3.xyz", "model_rescale": 3.7530521520055578, "target_rescale": 4.2214434285056175},
{"mapping": [12, 13, 9, 6, 2, 10, 4, 8, 5, 7, 14], "R": [[0.13581171235286987, -0.4570086235249766, -0.879032591438786], [0.5317595259639893, -0.7149971412936842, 0.45388423027068575], [-0.8359347972984106, -0.529076748653412, 0.14591370292059475]], "T": [0.0061765331785672214, -0.2484914102165921, 0.07309067335808389], "aligned_model": [[-0.44520385195982953, -0.3010668218609496, 0.29202522527684943, 0.5580282290168654, 0.22750678741133193, -0.10505493305045302, -0.22378496164237968, -0.5470346928294374, -0.3703074679710704, 0.22666926777689153, 0.02642282227738623], [-0.7191743383901017, -0.050352065519354755, -0.29630421594253065, 0.44396608163394496, -0.6631633955596001, 0.5462222880504173, -0.5802466226301684, 0.243576916189236, 0.2540644244580002, 0.41199991270004227, -0.12338562667553904], [-0.17144269678444266, -0.5786550069434773, -0.5945752596477005, -0.13370172830719598, 0.11001222339919196, -0.16598158392792037, 0.561631523919705, 0.06874869310326777, 0.67950245242684, 0.2605532832574248, 0.05673887674962375]], "inverted": false, "swapped": true, "error_lsq": 0.04841824353124018, "error_max": 0.24255894711884682, "target": "1026.xyz", "model": "4.xyz", "model_rescale": 3.7855080009869324, "target_rescale": 4.2214434285056175},
{"mapping": [12, 13, 14, 1, 2, 0, 6, 4, 5, 8, 7, 3, 9, 10, 16], "R": [[-0.1565797264668557, 0.9629678030469552, 0.21948986207678323], [0.9435096862739815, 0.2115441735184943, -0.2550265369673327], [-0.2920141454908268, 0.16715882550825084, -0.9416929785699607]], "T": [0.0741504610186949, -0.08497169965601509, -0.043336795231639864], "aligned_model": [[-0.35175778993977574, 0.27040337958776034, -0.3445986361810986, -0.42379905335278195, -0.613047897435743, -0.3020015123612493, 0.4843053133628164, 0.19242643490043945, 0.1972969530267668, 0.6812264536201579, 0.676661506097406, -0.227428833923707, -0.14888939756130692, 0.5019770176055935, 0.03855667141793146], [-0.23852664262921833, -0.09862569432123702, 0.33897900720316027, -0.6538823460328869, 0.11047168699454174, -0.47096515985918, -0.5526762155992391, -0.7428247852553775, -0.16195701297268905, 0.15977652550831944, -0.3209866659944733, 0.21716900248813542, 0.5586874210766766, 0.37609682674198314, -0.046214580205552636], [-0.5513607161882672, -0.7405928452292031, -0.3636684831440797, -0.004724665458341208, 0.14466848748876257, 0.5205715527499047, -0.24108044476772222, 0.2732716311171714, 0.7529115627942607, -0.3019231820532912, 0.33434938150550847, 0.5045478006178179, 0.16371435069919887, 0.3245552072887469, -0.054186681385159016]], "inverted": false, "swapped": false, "error_lsq": 0.03650015045003044, "error_max": 0.20497253159328502, "target": "1026.xyz", "model": "5.xyz", "model_rescale": 4.2253639853439635, "target_rescale": 4.2214434285056175},
{"mapping": [4, 12, 8, 5, 11, 10, 7, 3, 9, 2, 13, 6, 0, 14], "R": [[-0.7864471746422386, -0.30464648306025477, -0.5373000668679079], [0.41759326060631097, 0.37870214463857843, -0.8259543294531065], [0.4551007692736082, -0.8739423356292789, -0.1706109134885893]], "T": [0.07618716562861966, 0.0743728797612111, -0.05858342788178772], "aligned_model": [[0.46912153808827445, -0.123536417207116, -0.42484648920123375, 0.111772698959821, -0.040895284365825624, -0.5099678642547731, 0.032810306282896134, 0.6839758470210238, -0.25250456601192683, 0.3994453020361017, -0.6493313525913, -0.10597443626593575, 0.7652689974230205, 0.01872387284475746], [-0.2526032715176699, 0.1623820712578305, -0.46844242196868213, -0.7743184193626231, -0.5204745137663438, -0.16991433034834938, -0.19657249830249557, -0.3071213745060095, 0.7162142562358291, 0.3602333414833286, 0.2397639817530923, 0.25604673223929364, 0.355228525557687, 0.04467706788010276], [-0.43315671599230077, -0.7199820314079116, -0.00848775779574612, 0.1426491850055937, -0.4677251537322727, 0.48716732604879265, 0.6082862100147818, 0.16715582379795046, 0.04028380763370529, -0.24856003537563065, -0.1271310319727922, 0.8135476011081332, 0.16589060151961038, 0.0516203800795354]], "inverted": false, "swapped": true, "error_lsq": 0.0497968072041139, "error_max": 0.35019104264634565, "target": "1026.xyz", "model": "6.xyz", "model_rescale": 3.89814844738969, "target_rescale": 4.2214434285056175},
{"mapping": [7, 5, 3, 10, 0, 11, 8, 6, 13, 12, 2, 9, 14], "R": [[-0.2839071491773084, -0.5561433632761443, -0.7810898092600572], [-0.8272762101500104, 0.5539254227132383, -0.09370537973775322], [0.4847791278158022, 0.619573389967532, -0.61734756149052]], "T": [-0.029627379434423312, 0.2211435859800657, 0.0695824206187148], "aligned_model": [[0.17635054874659192, -0.17025995902183325, 0.4542218364843639, -0.31553039767740276, 0.7289284934965217, -0.5132173724722715, -0.5836234862873118, 0.3072171423512525, -0.600362940159217, -0.4882181697819191, 0.23020082607786244, -0.045392083053503646, -0.031682637798910444], [-0.3493887590370991, 0.11959536916187802, 0.3761909372204089, -0.5375146479109133, 0.38191195675789547, 0.5390722582558547, -0.05617649363395602, -0.6230015441983902, -0.11672728476266939, 0.6683400907174497, 0.5369742031025582, -0.07470849723448261, 0.09921367703195107], [-0.32038424482918865, -0.785957323110405, -0.4851728516813122, -0.1396901141427434, 0.12295632023263288, -0.37764319525514045, -0.3358490017702771, 0.09706945292513539, 0.41387053448911193, 0.3430655338708217, 0.30419585295535906, 0.7344104857901426, 0.03140358136215908]], "inverted": false, "swapped": true, "error_lsq": 0.05010389602372211, "error_max": 0.3244350195112118, "target": "1026.xyz", "model": "7.xyz", "model_rescale": 3.7474275329858107, "target_rescale": 4.2214434285056175},
{"mapping": [12, 13, 11, 10, 7, 6, 1, 0, 3, 4, 3, 5, 9, 8, 14], "R": [[0.6838627267338132, -0.3797730991824211, -0.6229800671944272], [0.45319099708994215, -0.4480618104503213, 0.7706221734239189], [-0.5717951478814927, -0.8093287386182202, -0.1343030219534268]], "T": [0.07040988066345102, -0.13125682420944157, -0.04901243411594489], "aligned_model": [[-0.11506673828678796, 0.29719520375434894, -0.4191544918808462, -0.5933585289348435, -0.5093074701656114, -0.2655456504701117, 0.5280954666823262, 0.07424199122167738, 0.35811272698989827, 0.6438133301112525, 0.35811272698989827, -0.05314913380522765, -0.24510421259298756, 0.4526973985895737, 0.11974799066064969], [-0.3142120258150854, 0.15383771936323776, 0.14405756705074207, -0.49822256230671436, 0.04873897325602189, -0.4262626943379216, -0.7031253756967764, -0.7305224451405214, -0.25333961228685475, 0.3386275267645016, -0.25333961228685475, 0.18155075008405946, 0.5493388294965593, 0.36461014812808573, -0.12721581912951663], [-0.6082694741499364, -0.8708404861731932, -0.31548694826356494, -0.04569502995957073, 0.2598677011574696, 0.6343933868193531, -0.2172149436697233, 0.22499352955221755, 0.5963226742235272, -0.29929832408316714, 0.5963226742235272, 0.5833688238527209, 0.08358037564939388, 0.2215102363559082, -0.08250123949965396]], "inverted": false, "swapped": false, "error_lsq": 0.05193407795670778, "error_max": 0.33296949050323393, "target": "1026.xyz", "model": "8.xyz", "model_rescale": 4.019505241142653, "target_rescale": 4.2214434285056175},
{"mapping": [4, 1, 12, 11, 5, 8, 13, 3, 7, 6, 9, 10, 14], "R": [[-0.24291202237752124, 0.06033831005637927, -0.9681699425844634], [-0.8559352333030362, -0.4829892701405414, 0.18465167564792], [-0.4564741238832055, 0.8735448776500541, 0.1689695858916997]], "T": [-0.13635726762442552, -0.07207985513484176, -0.09872547698272957], "aligned_model": [[-0.1721173281139819, -0.7824393769708349, -0.06018361745647785, 0.37447071238672197, 0.45057600311047846, 0.6021015594538217, 0.24719130146471446, -0.2828079881749473, 0.08780255086717828, -0.14280255534822542, -0.3716262047716254, 0.44487565348344765, -0.0753399381890929], [-0.581563791073685, 0.19884860903500906, 0.13361758254515993, -0.3993624954965043, -0.6859745128548641, -0.0869427786550014, 0.5657388828816697, -0.7749021125443653, -0.2292377315047328, 0.1842178801021534, 0.6095299175614085, 0.18074547569708382, -0.05133669757927281], [-0.4739098447612683, 0.09926591293610346, -0.7597620714515317, -0.5072466167916392, 0.10296860029197655, -0.04724338844410479, -0.16586610186388612, 0.12598815846595227, 0.5684040767306424, 0.773668183462245, 0.0004207899200771442, 0.4483992702245657, 0.011616525324747023]], "inverted": true, "swapped": true, "error_lsq": 0.04911694719655861, "error_max": 0.2326811307638796, "target": "1026.xyz", "model": "9.xyz", "model_rescale": 3.877068213659057, "target_rescale": 4.2214434285056175},
{"mapping": [1, 7, 4, 5, 3, 12, 8, 0, 10, 2, 11, 6, 13, 9, 15], "R": [[-0.6419200834183573, 0.766724758238174, -0.008470632135959999], [-0.26543430839132665, -0.21183664470459568, 0.9405689043813414], [0.7193630755279196, 0.6060184659438295, 0.3394972525692958]], "T": [0.04695178722469061, -0.0032644627806589915, 0.10167410925062831], "aligned_model": [[-0.15517162210954621, 0.22545032083334487, -0.27623980713101853, -0.5337880807976466, -0.5795184770868878, -0.2900496084697075, 0.6414761193933401, 0.04859181029014467, 0.3900599796855709, 0.3636028387202924, 0.4131894761902865, -0.25340437898692364, -0.09712292855741124, 0.6893215421052719, 0.04493342478409936], [-0.5619915918418984, -0.05591319867920387, 0.21373319946381752, -0.48638046233205384, 0.09681770989774949, -0.4920662450887618, -0.375256057444537, -0.7993241731412627, 0.039809232343213055, 0.4576287375189832, -0.5237645373894437, 0.16073497374645734, 0.7475882579926947, 0.146024589505366, -0.09311906740815727], [-0.5306839640381722, -0.6930918648100719, -0.45199536585452643, -0.09916308578401778, 0.08494361692149152, 0.5552136253084685, -0.22001830248291582, 0.10890484218211938, 0.7210546098433426, -0.2556281821691001, 0.47531150536762945, 0.6146993848095401, 0.21613442526989296, 0.12849165540711543, 0.10688005606451352]], "inverted": false, "swapped": false, "error_lsq": 0.04996068777913131, "error_max": 0.32989528173264315, "target": "1026.xyz", "model": "10.xyz", "model_rescale": 4.260839863003843, "target_rescale": 4.2214434285056175},
{"mapping": [6, 1, 2, 9, 12, 13, 10, 7, 4, 11, 8, 14], "R": [[-0.12502852925236482, -0.9906661789516553, 0.0542990677113154], [0.4791498047233307, -0.012367471281780756, 0.8776460051112229], [-0.8687826721951728, 0.1357481769138053, 0.4762237929356256]], "T": [-0.004269976070893484, -0.1156190869535452, 0.05874232224923998], "aligned_model": [[0.5397385746609767, -0.06035320206808903, -0.17125552893386103, -0.35023885544011185, -0.648786933768, -0.4063199390668171, 0.3300445847088137, 0.6408294777913764, -0.003617964263821543, -0.09395756444659449, 0.10625796137542803, 0.07655803854483065], [0.011058568622346776, -0.6586110919488388, -0.5550422558734417, -0.17002471703732805, -0.045868034253938456, 0.40416932249194226, 0.5519926207954675, 0.11725247453228485, -0.30400941043368246, 0.26585919526527346, 0.5989419384800475, -0.042640105107198595], [-0.6587590630556547, -0.4229622235772134, 0.09515992068647017, -0.5793163734719008, 0.3133320352446823, -0.2970749729822324, -0.32023818862648973, -0.16402570563366317, 0.6638246584903392, 0.6763013317389174, 0.21804978347061532, -0.008113124888365318]], "inverted": false, "swapped": true, "error_lsq": 0.0579251579533426, "error_max": 0.3005335399576254, "target": "1026.xyz", "model": "11.xyz", "model_rescale": 3.890672605050136, "target_rescale": 4.2214434285056175},
{"mapping": [3, 5, 11, 0, 4, 9, 10, 1, 6, 13, 12, 8, 2, 14], "R": [[-0.9488107750682112, -0.16052396091842458, -0.2720113436706646], [-0.3110853297926701, 0.6239031334240933, 0.7169175668731962], [0.05462628215654056, 0.7648378508381095, -0.6419026649135333]], "T": [0.1164068776711758, 0.0100753272741483, 0.1705806596427993], "aligned_model": [[0.721790011248929, 0.2977618147692159, 0.2446936167775501, 0.6447272583046377, 0.6540341815373787, -0.366330132471075, -0.5123185452907562, 0.15289205483446958, -0.3110276346662588, -0.5881085354464637, 0.07008414460098342, -0.24134998369087984, 0.40082002004144873, 0.04220756424451402], [-0.18820565013892562, 0.2477567527212952, 0.6688015219266954, -0.5358117704499443, 0.34208502390830253, -0.2730416883068006, -0.11905415460291156, -0.5515953084074399, -0.7236314560004937, 0.22506657779864322, 0.5685218410799153, 0.39887724485385384, -0.08194479023062266, -0.045671624323802035], [-0.22954316193277827, -0.6495752661835209, -0.12023025240000676, 0.33485818855732535, 0.1221821451016663, 0.6359655238032345, -0.3671253612719866, 0.6323380029058326, -0.1546498177815551, 0.2965445663872692, 0.5841927190584206, -0.34810599746374327, 0.535196347931119, 0.08274279864558454]], "inverted": false, "swapped": true, "error_lsq": 0.06322650510061688, "error_max": 0.48321230156265293, "target": "1026.xyz", "model": "12.xyz", "model_rescale": 4.124412569039231, "target_rescale": 4.2214434285056175},
{"mapping": [8, 12, 9, 5, 13, 10, 4, 7, 2, 3, 6, 1, 14], "R": [[0.8472378966626107, 0.031513023917958086, -0.5302781117321946], [-0.42931080803820804, 0.6285313531244366, -0.6485680906744842], [0.312858077345458, 0.7771455896182589, 0.5460444633695981]], "T": [0.05578620285439028, 0.2526377089735719, 0.01574343374322714], "aligned_model": [[-0.16211814173966393, -0.09203256381205374, 0.7445051631684112, -0.5499831792443264, 0.44164044670088665, 0.3334024618355125, -0.5286440932993932, 0.15407900955807688, 0.07394120412517122, -0.3872214811295973, 0.66418336017556, 0.5717320599599833, 0.10381406121119072], [-0.3496178400870246, 0.6255096915321616, 0.40890764113612366, -0.36184075667416055, 0.035552866733618266, -0.5285238277988302, 0.49011633649716213, -0.35269082244957445, 0.702905812507665, 0.1833669473438071, -0.28242526074217894, 0.639534191856163, 0.13669039665354538], [0.38722519838100916, 0.5851284852847799, 0.19186622973527095, -0.11653463264496086, 0.6177573743625762, 0.13327518142535727, -0.044763616576935804, -0.36362967674892965, -0.1229366606941478, -0.5882838094593654, -0.39700502114003244, -0.322096616081519, -0.008304354875262876]], "inverted": false, "swapped": true, "error_lsq": 0.045483267116319066, "error_max": 0.30937949420654026, "target": "1026.xyz", "model": "13.xyz", "model_rescale": 3.9028299243045295, "target_rescale": 4.2214434285056175},
{"mapping": [2, 0, 3, 1, 6, 11, 8, 12, 14, 4, 13, 9, 7, 10, 15], "R": [[-0.7677363099426147, 0.4423368909409754, -0.4635936079244074], [0.6403368247682434, 0.5031597309421401, -0.5803438946038437], [-0.023445878985900614, -0.7424071390220497, -0.6695385953682385]], "T": [0.06387046361010612, -0.14274876655604446, -0.023487613364988662], "aligned_model": [[-0.2607179077309949, 0.25214597519309373, -0.17080473079776454, -0.48583053136543647, -0.5663688596284877, -0.24979222986636224, 0.4282793526270737, 0.23880394690892442, 0.20649990354250342, 0.46033832282295944, 0.6724927064058532, -0.3339584980668641, -0.05665822655951663, 0.48103263214357356, 0.015868753234654136], [-0.5267922419613731, -0.026385187342114813, 0.26379173517150584, -0.469807244939077, 0.07429149328808693, -0.4539366469962966, -0.646472355825296, -0.7704401029785146, -0.12154308908336553, 0.3371005375808945, -0.38344833935647266, 0.22186224380782, 0.7099906952106296, 0.33123927120141217, -0.06492940063487665], [-0.5613563406066017, -0.822379507437908, -0.43378240838789767, 0.09079415938762483, -0.013478452571589118, 0.5686563776761403, -0.4817188505987084, 0.22072981345382284, 0.8495861606601209, -0.29166881295433567, 0.4285013610837253, 0.5329621910523801, 0.2574682568869927, 0.37232000057929243, 0.044419007812249896]], "inverted": true, "swapped": false, "error_lsq": 0.041929334863995214, "error_max": 0.33785049780373905, "target": "1026.xyz", "model": "14.xyz", "model_rescale": 3.942246331269136, "target_rescale": 4.2214434285056175},
{"mapping": [7, 2, 0, 8, 8, 11, 9, 10, 4, 5, 10, 13, 12, 3, 14], "R": [[-0.8118037802786795, 0.21695090295610642, 0.5421318363938571], [0.3996431759811575, 0.8833397311587787, 0.24494132205087477], [-0.4257463496225649, 0.41550358008429583, -0.8038014809144072]], "T": [0.09571924150512005, -0.07292372182145034, 0.08125657635801992], "aligned_model": [[-0.20689045000623713, 0.1868445060201563, -0.2799913524176972, -0.6540604821202947, -0.6540604821202947, -0.28009412464424094, 0.44481684173568636, 0.49409184771926135, 0.33629334778154435, 0.5533822047299141, 0.49409184771926135, -0.27040082920349723, -0.14603019868097789, 0.5482415396017635, 0.065096392748861], [-0.46511151107552756, 0.025532996755409626, 0.19260117755903639, -0.20309894652175947, -0.20309894652175947, -0.46156085460517743, -0.6660125948372048, -0.5821236421616013, -0.07572863304709974, 0.15928640155879803, -0.5821236421616013, 0.22327495680714915, 0.674455820190169, 0.4464239808024636, -0.008195195598332691], [-0.6155903370257161, -0.6701756423907026, -0.4923770700500372, -0.059191646137717546, -0.059191646137717546, 0.5522518178431968, -0.33652178635422464, 0.3829438710638107, 0.6158407220123039, -0.2921100382195891, 0.3829438710638107, 0.7439422357081411, 0.3072151710495224, 0.2863162359823398, 0.014757197627887644]], "inverted": true, "swapped": false, "error_lsq": 0.054548028803066716, "error_max": 0.3783203046087963, "target": "1026.xyz", "model": "15.xyz", "model_rescale": 4.355366556412066, "target_rescale": 4.2214434285056175},
{"mapping": [13, 10, 8, 2, 12, 9, 4, 1, 5, 6, 3, 14], "R": [[0.00575834054020935, -0.9166140110067348, 0.3997319055821903], [-0.6920866687914929, -0.2921857115874242, -0.660032993739893], [0.7217914410654355, -0.27284842819832544, -0.6360588422735635]], "T": [-0.11060146690473074, 0.08075029435344262, -0.09262619152848792], "aligned_model": [[-0.31612315052928075, 0.42052370635928804, 0.2625469544355027, -0.42387299519975286, -0.6684201288598884, -0.49075244311544075, -0.14187489883319854, -0.3902034705245435, 0.6123002416447696, 0.3973155533125351, 0.3493200579900697, -0.012950872048279286], [-0.6155865154670381, -0.5049564978469417, -0.490562456255214, 0.4316333476848685, -0.13880904369126162, -0.14535298631632443, 0.40152216754278064, 0.43519791521712053, 0.0030902034365882375, -0.0265646208594605, 0.6376653815038976, 0.02549953279196538], [0.08430881284854394, 0.1829667136634139, -0.379949611856362, -0.06029709984611653, -0.4471896943412669, 0.48541868477315553, -0.6382848307502571, 0.4785257311968023, -0.5757616238199418, 0.6539021596762725, -0.30291393168276115, -0.03146684865206221]], "inverted": false, "swapped": true, "error_lsq": 0.05043600644315635, "error_max": 0.30755364644452066, "target": "1026.xyz", "model": "16.xyz", "model_rescale": 3.795458400668931, "target_rescale": 4.2214434285056175},
{"mapping": [7, 5, 3, 10, 0, 11, 8, 6, 13, 12, 2, 9, 14], "R": [[-0.2839071491773084, -0.5561433632761443, -0.7810898092600572], [-0.8272762101500104, 0.5539254227132383, -0.09370537973775322], [0.4847791278158022, 0.619573389967532, -0.61734756149052]], "T": [-0.029627379434423312, 0.2211435859800657, 0.0695824206187148], "aligned_model": [[0.17635054874659192, -0.17025995902183325, 0.4542218364843639, -0.31553039767740276, 0.7289284934965217, -0.5132173724722715, -0.5836234862873118, 0.3072171423512525, -0.600362940159217, -0.4882181697819191, 0.23020082607786244, -0.045392083053503646, -0.031682637798910444], [-0.3493887590370991, 0.11959536916187802, 0.3761909372204089, -0.5375146479109133, 0.38191195675789547, 0.5390722582558547, -0.05617649363395602, -0.6230015441983902, -0.11672728476266939, 0.6683400907174497, 0.5369742031025582, -0.07470849723448261, 0.09921367703195107], [-0.32038424482918865, -0.785957323110405, -0.4851728516813122, -0.1396901141427434, 0.12295632023263288, -0.37764319525514045, -0.3358490017702771, 0.09706945292513539, 0.41387053448911193, 0.3430655338708217, 0.30419585295535906, 0.7344104857901426, 0.03140358136215908]], "inverted": false, "swapped": true, "error_lsq": 0.05010389602372211, "error_max": 0.3244350195112118, "target": "1026.xyz", "model": "17.xyz", "model_rescale": 3.7474275329858107, "target_rescale": 4.2214434285056175},
{"mapping": [3, 4, 2, 5, 6, 10, 1, 12, 7, 9, 8, 11, 13, 14], "R": [[-0.22681840295573857, 0.13110160714793762, -0.9650729406028519], [-0.2923545617617278, 0.9360365281527228, 0.19586839505368167], [0.9290221861170572, 0.32657003317362854, -0.1739821575198413]], "T": [0.15317872050836992, 0.03657648722933346, 0.005915391999784903], "aligned_model": [[0.2535851511547209, 0.1853366132564918, 0.5906257287732267, -0.4723847780355288, 0.12377610523429647, -0.44462916954777265, 0.7995054308953806, 0.12330385191309962, -0.11452279732299084, 0.4146702222384341, -0.5868673571866713, -0.34934335921624515, -0.19544526909644153, 0.08723727482287597], [-0.31014270708358005, 0.3192004090454136, 0.19192039486886972, -0.22718043779481592, -0.7799831826103873, -0.4239055119957167, -0.15354626598817897, 0.7259962692207467, -0.6321351982147148, 0.037312680507231064, 0.029331019233226507, 0.41616449662076227, 0.23217187624863553, -0.06479560054625838], [-0.6540902943366372, -0.5603933237044962, -0.07661655965468364, -0.5428472248681767, 0.40487223354073093, 0.36879264462501354, 0.2818502345735871, 0.10020800305847799, -0.02827002697455742, 0.685176011942221, 0.02764227183439748, -0.36601628994011254, 0.6372899785893514, 0.047197059976539155]], "inverted": false, "swapped": true, "error_lsq": 0.04744466184230356, "error_max": 0.35295637355404436, "target": "1026.xyz", "model": "18.xyz", "model_rescale": 3.922800546911778, "target_rescale": 4.2214434285056175},
{"mapping": [1, 0, 2, 6, 10, 4, 5, 8, 13, 3, 12, 11, 9, 7, 14], "R": [[0.5116810464102588, -0.7299908605816152, -0.45309585102030636], [-0.799114157385713, -0.5980649432328122, 0.061113723022373334], [-0.315593203681931, 0.3308045754569399, -0.8893645274276062]], "T": [0.04628600675530597, -0.1889353979750642, 0.04690218886585032], "aligned_model": [[-0.26538325392171463, 0.3845769469718708, -0.2840136545938828, -0.5320122676568795, -0.6756824164337059, -0.44440444917510424, 0.5630876254502826, 0.08990809780197925, 0.21724725795437866, 0.48642571631122966, 0.8147068770820629, -0.14763093785317333, -0.12056969272896229, 0.4555938774326654, 0.0894808822221621], [-0.46558596251906076, -0.012335055647946097, 0.2862867816736306, -0.5640920064018851, 0.1473286304282323, -0.3344255473873883, -0.5765098919417122, -0.7862488975517983, -0.2901335353811452, 0.2121970371828389, -0.22380375303794758, 0.19688245033681884, 0.6058198510933187, 0.38862601551471176, -0.10948474921770528], [-0.5649064094901822, -0.6966125685762703, -0.37522927936453543, 0.022480950594921417, 0.174529562039732, 0.5586859634962609, -0.3595899005116231, 0.17221918858148985, 0.7044316059980216, -0.18659095690383423, 0.210998527728091, 0.6132805246860913, -0.010250724820611568, 0.4171735754296969, 0.08043289714806079]], "inverted": true, "swapped": false, "error_lsq": 0.04990900462260408, "error_max": 0.34076533399907233, "target": "1026.xyz", "model": "19.xyz", "model_rescale": 3.9282355846067225, "target_rescale": 4.2214434285056175},
{"mapping": [5, 7, 6, 8, 11, 10, 13, 9, 12, 2, 0, 4, 1, 14], "R": [[-0.665766190399153, 0.03175622692204757, 0.7454843538083641], [-0.0907605738786042, -0.9951218775971284, -0.03866480255726508], [0.7406199416371565, -0.09340230607025334, 0.6654007148103567]], "T": [-0.04791362071535929, -0.04432879037205725, 0.13632876301484437], "aligned_model": [[-0.7081130967474322, 0.023484047939354893, 0.5323009543500354, -0.4467888719996014, -0.7464936924099271, 0.05305815756386781, 0.14877611289193574, 0.6005538949292842, -0.25054663469340854, 0.08049493475752051, 0.22439984424040452, -0.552292712035389, 0.590806940531506, -0.017117060233474524], [-0.551315906774173, -0.6877212847801367, -0.6309731503014196, -0.09589268222358399, 0.11585703153234977, -0.36181781786909195, 0.36302871102977086, 0.24876620970840477, 0.620564698385979, 0.09594104511638468, -0.3966439852932082, -0.012076484839697171, -0.05983641459101092, -0.12499788167573196], [-0.1266133057563859, -0.18140781784909482, -0.2457709771719147, -0.48530814885228574, -0.009530962088293904, -0.631853027257893, -0.4584847587462912, -0.016506243916379115, 0.18037135976250843, 0.5677667699844482, 0.7733700762685762, 0.5186604171560654, 0.48535666079452655, 0.042133114916096004]], "inverted": true, "swapped": true, "error_lsq": 0.04775297680729711, "error_max": 0.31910656477447086, "target": "1026.xyz", "model": "20.xyz", "model_rescale": 4.067790424073018, "target_rescale": 4.2214434285056175},
{"mapping": [11, 6, 11, 13, 10, 1, 4, 5, 7, 2, 8, 9, 12, 0, 14], "R": [[0.4131041352772764, 0.2030221498462338, 0.8877651604386305], [-0.8018028298411924, 0.543307991938145, 0.24885467235878156], [-0.4318068960489975, -0.8146155121085984, 0.3872265124659937]], "T": [0.11496494408166055, -0.09524334386979248, 0.0007472907564900558], "aligned_model": [[-0.33964358164381614, 0.2531306786709152, -0.33964358164381614, -0.4549264845830093, -0.6798364562777496, -0.20999438382176586, 0.7306121893453998, 0.1419829893122312, 0.26252918641128986, 0.7501144428362516, 0.44658549333089204, -0.3359768036991825, -0.24838042409387942, 0.613133982027734, 0.041643362691714536], [0.1391903364580162, -0.25299324229110975, 0.1391903364580162, -0.4822769166796306, -0.09260722171523884, -0.46571356073846204, -0.5636171838211232, -0.6837786735018587, -0.0008902240514110926, 0.11186814112581385, -0.38068807258791204, 0.1699516665784805, 0.5749234972042713, 0.34037624509815817, -0.07841376039304758], [-0.3947324076413107, -0.7088878986393342, -0.3947324076413107, -0.12396148251063416, 0.19967091027005004, 0.6568405424369606, -0.2091977262948638, 0.03765679989275263, 0.7259963792598861, -0.3269902239616737, 0.3664206626168576, 0.5755281585753391, 0.07736592718314139, 0.2586643566133974, 0.021411365876050692]], "inverted": true, "swapped": false, "error_lsq": 0.050545722277456, "error_max": 0.5033549778854782, "target": "1026.xyz", "model": "21.xyz", "model_rescale": 4.186013935880536, "target_rescale": 4.2214434285056175},
{"mapping": [12, 11, 13, 1, 3, 9, 2, 4, 10, 8, 5, 7, 14], "R": [[0.8487247114958977, -0.008381366359998033, -0.5287684907349768], [0.4947855586024651, -0.3403941559715943, 0.7995743052267457], [-0.18669122929225238, -0.9402454845827901, -0.28475395278559734]], "T": [0.047256724687048904, -0.16381701493846682, 0.005350628763529878], "aligned_model": [[-0.12731573902037574, -0.5748281703707984, 0.4207091315395322, 0.5625023666590313, -0.3756002066690768, 0.726021509896713, 0.057499336134277726, -0.5412481025543472, 0.3420100457545772, -0.1654364656042686, -0.5376968650678051, 0.17290147945334444, 0.09905571527242128], [-0.3277534515267081, 0.10848957704749237, 0.23210374289609967, -0.6478492165572984, -0.2889187990782699, -0.2646055687831613, -0.6349064387546492, -0.3989267169018558, 0.6084442596109552, 0.5300872918363713, 0.3829964643634588, 0.2826547565771882, -0.06285924118352956], [-0.6486620161821225, -0.266325974603416, -0.5067139806916872, 0.17930370123377315, 0.6148132742354795, -0.23732893575590652, -0.011171520121179803, 0.00656268800087469, 0.13888283105000243, -0.14111155430322117, 0.3530029443995446, 0.5575140254211458, 0.06411407865205873]], "inverted": false, "swapped": true, "error_lsq": 0.05200916876077188, "error_max": 0.3383240567783054, "target": "1026.xyz", "model": "22.xyz", "model_rescale": 4.166573947596378, "target_rescale": 4.2214434285056175},
{"mapping": [5, 13, 7, 1, 0, 2, 12, 6, 3, 14, 11, 4, 8, 9, 15], "R": [[0.8322404900052618, -0.003670128307467907, 0.5544026487617177], [-0.43672560148911027, -0.6203551762846607, 0.651483080563726], [0.34153552640944496, -0.7843124284461098, -0.5178875348810678]], "T": [0.12561103789594763, -0.06075031887952982, 0.07363947017390676], "aligned_model": [[-0.3500416964519497, 0.15703140233210344, -0.2924470050765148, -0.46961622904207334, -0.673072315577463, -0.0866063815646726, 0.6167782661884194, 0.005061894308352299, 0.18663279932695787, 0.7242510171556149, 0.7199240984098262, -0.3946071941154101, -0.13199966792097229, 0.5497621097592988, 0.07027951113169185], [-0.2811367272019266, -0.05535909321827277, 0.28448591455652966, -0.45285304988441116, 0.10287494561666082, -0.534973252184205, -0.4818321293837438, -0.8004619085444101, -0.00022175537159373204, 0.010416321692283556, -0.28328395726018196, 0.08023069708308887, 0.6538359639890221, 0.32982366294113313, -0.09702426568701064], [-0.5715320485212909, -0.7724083028745852, -0.3926534243453354, 0.06595768007335295, 0.027950997436979597, 0.5012907481966392, -0.030409642956388566, -0.05827830748557644, 0.6686514781599531, -0.4387502718408542, 0.542002676796822, 0.5729899058257832, 0.3512764792447438, 0.24096250876697303, 0.054002479558092446]], "inverted": false, "swapped": false, "error_lsq": 0.0462968806927143, "error_max": 0.3182726159379751, "target": "1026.xyz", "model": "23.xyz", "model_rescale": 4.274766983524099, "target_rescale": 4.2214434285056175},
{"mapping": [9, 13, 12, 2, 11, 3, 0, 7, 6, 10, 14], "R": [[0.9331525969316239, -0.26877779456724205, -0.2387147418726719], [0.32205863130889356, 0.3300624192232338, 0.8873201437000903], [-0.15970118609205464, -0.9048852394442491, 0.3945608122922438]], "T": [-0.18137291075119324, 0.07940742063435624, -0.03036395998112481], "aligned_model": [[0.3713411826052978, 0.2308244482350111, -0.4972605468321938, -0.3450552330617382, -0.6951120166417595, -0.5266525724262234, -0.2488356304098934, 0.17693063704823556, 0.6129085942308543, 0.38931167393786725, -0.0885058327273828], [0.019572556951238773, 0.6238238600885198, 0.39760279303137025, -0.2686997363527261, 0.5782466834475717, -0.3110201907324969, -0.6917276865278537, 0.048126917904402405, -0.11106765929871401, 0.5218548028741693, 0.1088741898580021], [-0.5001514197491613, -0.33390010053375074, -0.5633273231039774, -0.3030040933839089, 0.11856620643881399, 0.5120854777847361, 0.03964805697854321, 0.5946545689861286, 0.36918191269682077, 0.3934959983116138, 0.0523171495957195]], "inverted": false, "swapped": true, "error_lsq": 0.0542716308126163, "error_max": 0.26344913478631893, "target": "1026.xyz", "model": "24.xyz", "model_rescale": 3.7841303162186577, "target_rescale": 4.2214434285056175},
{"mapping": [0, 7, 6, 1, 4, 2, 10, 9, 12, 11, 14, 5, 3, 13, 15], "R": [[-0.06628631884554059, -0.9343863955626915, -0.3500402658570424], [-0.6692236910024189, 0.3018402518264933, -0.6789934563590568], [0.740098490293695, 0.18924726197406577, -0.6453213916338998]], "T": [0.03224307229032916, -0.2054187001997062, -0.02065095545836281], "aligned_model": [[-0.21140525914346, 0.1706011617181228, -0.2412179384272313, -0.6352720868168755, -0.6178066728199849, -0.3681538253637133, 0.6364825835671062, 0.24018210590354078, 0.2512111246382146, 0.482921167083886, 0.7030427696985799, -0.2851945767572779, -0.06846950900937734, 0.5627871480663381, 0.011622416525341316], [-0.5629223639973573, -0.16876808865130433, 0.3846156082937414, -0.4065561046681514, 0.11900529174876678, -0.4459699910960446, -0.580438225034756, -0.5904093353897989, -0.07763554484168317, 0.32289669064657767, -0.3712766650539154, 0.15401817041808707, 0.5544162052194818, 0.28564944533957387, -0.14210372579025543], [-0.6157615084755143, -0.6549374300605556, -0.3354604894007426, -0.27950158939419856, 0.14931593893165696, 0.5714727045353459, -0.336103129775951, 0.3675297726079031, 0.6941191919917505, -0.3480645651798804, 0.3689871635212627, 0.7137720973193257, 0.22736069771082784, 0.2783056590639348, -0.03998155735985688]], "inverted": true, "swapped": false, "error_lsq": 0.043160439027074275, "error_max": 0.28673112666913625, "target": "1026.xyz", "model": "25.xyz", "model_rescale": 4.19342608120988, "target_rescale": 4.2214434285056175},
{"mapping": [13, 10, 8, 2, 12, 9, 4, 1, 5, 6, 3, 14], "R": [[0.00575834054020935, -0.9166140110067348, 0.3997319055821903], [-0.6920866687914929, -0.2921857115874242, -0.660032993739893], [0.7217914410654355, -0.27284842819832544, -0.6360588422735635]], "T": [-0.11060146690473074, 0.08075029435344262, -0.09262619152848792], "aligned_model": [[-0.31612315052928075, 0.42052370635928804, 0.2625469544355027, -0.42387299519975286, -0.6684201288598884, -0.49075244311544075, -0.14187489883319854, -0.3902034705245435, 0.6123002416447696, 0.3973155533125351, 0.3493200579900697, -0.012950872048279286], [-0.6155865154670381, -0.5049564978469417, -0.490562456255214, 0.4316333476848685, -0.13880904369126162, -0.14535298631632443, 0.40152216754278064, 0.43519791521712053, 0.0030902034365882375, -0.0265646208594605, 0.6376653815038976, 0.02549953279196538], [0.08430881284854394, 0.1829667136634139, -0.379949611856362, -0.06029709984611653, -0.4471896943412669, 0.48541868477315553, -0.6382848307502571, 0.4785257311968023, -0.5757616238199418, 0.6539021596762725, -0.30291393168276115, -0.03146684865206221]], "inverted": false, "swapped": true, "error_lsq": 0.05043600644315635, "error_max": 0.30755364644452066, "target": "1026.xyz", "model": "26.xyz", "model_rescale": 3.795458400668931, "target_rescale": 4.2214434285056175},
