[{"mapping": [7, 5, 2, 8, 15, 4, 11, 9, 14, 6, 12, 13, 10, 16], "R": [[0.4597108236556725, 0.6427492869164264, -0.6128126245291038], [-0.23523880852912568, 0.7535354899340224, 0.6138786267428524], [0.856346110854496, -0.138049337478737, 0.4976079971685155]], "T": [-0.07473599817215223, 0.14701758103927948, 0.06122587940003238], "aligned_model": [[0.18230779271375577, 0.18031569765159347, -0.3968506063691064, -0.5122857934948603, -0.6203313299647655, 0.1416399361870563, -0.6862193513480488, 0.05663677290774169, -0.431808403703836, 0.20313956561559268, 0.6103686021159963, 0.1314652834735189, 0.6225272382633062, -0.10941330291964071], [-0.6623531338679054, -0.34927878811675866, -0.34675144876777086, -0.35984233984664, 0.20007071321027053, 0.22898187111072416, 0.18559698793810725, 0.4861496209596579, 0.8198649006959959, -0.1897337741215827, 0.43544712929914525, 0.7753351773500827, -0.13288409894850667, 0.14467051491521468], [0.2677084376428321, -0.33896311265651885, 0.3997634727593034, -0.25545207704363054, 0.6131488643622764, -0.5582266317026661, -0.22210320915608078, 0.6854380665965885, 0.1179709660362504, 0.6369477416584766, 0.3071649396929797, -0.08257038099544589, 0.204282586979668, 0.12247842300580056]], "inverted": false, "swapped": true, "error_lsq": 0.0414125666727451, "error_max": 0.26478793643586673, "target": "1028.xyz", "model": "0.xyz", "model_rescale": 3.8414455957264533, "target_rescale": 4.130567115838323},
{"mapping": [10, 5, 13, 4, 0, 3, 14, 12, 15, 9, 11, 7, 2, 6, 16], "R": [[-0.2814363583079019, -0.24315587672417927, 0.9282611679031298], [0.5786917003741914, -0.8146630593673158, -0.037947537737157366], [0.7654472497438435, 0.5264972168176976, 0.369988092433804]], "T": [0.03815158975829995, 0.03620617309417308, -0.13199860196998464], "aligned_model": [[-0.6480129670026683, -0.5063628730122061, 0.1098704178718753, -0.2672631460308434, -0.42910647738130914, 0.3338865540481734, 0.6623935549680262, -0.35409211451263367, 0.6688441613542869, 0.23830001578890514, 0.5060454572868047, -0.4954506406039751, 0.1759647275536667, -0.20528066737023276, 0.08230815054667445], [0.17354005011371365, 0.12445765384542279, -0.5827111860440835, -0.4428272386237028, -0.3115564315482601, -0.6556155431532247, -0.3670022993476406, -0.2024909950725995, 0.4481945176342415, 0.11091753708261917, -0.01725411068789022, 0.7235074377709323, 0.692969739615213, 0.5706816103683543, 0.08223378608991937], [0.17671453379810437, -0.5409342435105977, 0.1321548518048411, -0.4703873324988769, -0.00818056359794711, -0.40764864714041243, 0.04460581428567162, 0.502205211793487, 0.061909536934634246, 0.558123865259516, -0.6156234163220823, -0.21368790828966297, -0.24082201153575444, 0.28889177565255725, -0.10213967929394271]], "inverted": false, "swapped": true, "error_lsq": 0.034495730108966706, "error_max": 0.2011344151508353, "target": "1028.xyz", "model": "1.xyz", "model_rescale": 4.316132596720782, "target_rescale": 4.130567115838323},
{"mapping": [6, 2, 7, 13, 10, 9, 4, 14, 8, 15, 11, 16], "R": [[0.3700220194917643, 0.9237969965359307, -0.09840129207703331], [0.8734205163748492, -0.3820123653621201, -0.30199859980789534], [-0.31657590980162664, 0.02580042444672781, -0.9482162366420649]], "T": [-0.08354122733670805, 0.08576116745603686, -0.11487171693011042], "aligned_model": [[-0.2086111811776597, 0.40532941355182056, 0.11969787598787751, -0.5780372344217075, -0.5247170754979054, -0.4655067714756825, -0.21988976556999434, -0.16638365671027872, 0.5996246268057244, 0.2595416409232768, 0.43903215469518636, -0.06227147247887699], [-0.6120212793714556, -0.3596967883308515, -0.6855324704269189, 0.5354096462111104, -0.43505966774644383, -0.13486422091814054, 0.47049414006035384, 0.6273036524823312, 0.09694624984861436, -0.051131200268798985, 0.5047727051830364, 0.05615566101814345], [0.024874948078485087, 0.042437163402075345, -0.4720656453246882, -0.008714854598619606, -0.45997419670416095, 0.45726197480796205, -0.6351098539797378, 0.4173999167549781, -0.40088052894552806, 0.569717581410046, -0.031074187650637353, -0.05461385604075364]], "inverted": true, "swapped": true, "error_lsq": 0.03578685742002665, "error_max": 0.19504327380734954, "target": "1028.xyz", "model": "2.xyz", "model_rescale": 3.795458400668931, "target_rescale": 4.130567115838323},
{"mapping": [6, 15, 8, 3, 10, 4, 11, 9, 14, 13, 5, 16], "R": [[0.27042562756304456, 0.8969842884622444, 0.34969867916395486], [-0.11379670258014307, 0.3904673341149062, -0.9135565507789241], [-0.9559917836671088, 0.20725454697323142, 0.2076662281640918]], "T": [0.02252563781205254, 0.03362912025579313, -0.007328499054409486], "aligned_model": [[0.04146160392161713, -0.04355133580225144, -0.6987505811994992, 0.21507038631767186, 0.17062020913977285, 0.021047360885276856, -0.3229215900452225, 0.5427764330712714, 0.42120216292224416, 0.6019354311992582, -0.37655725212768176, 0.020970997461107456], [-0.023702105837622826, -0.7273622724605536, 0.01518958132159607, 0.06638994279033167, 0.5429411421900197, 0.5534486535794412, -0.26774943465667655, -0.3262919596970713, -0.43295121889492894, 0.12648679541405317, 0.5885963562927916, -0.02922643475167084], [-0.7273469200253511, -0.15441288301915154, 0.16018964974461714, 0.7697896720799777, -0.5583779117067499, 0.40138114213440296, 0.4881639970285655, -0.35619255046152926, 0.44742862146469, 0.32977842520112355, -0.07257339790541395, -0.03905641389608063]], "inverted": false, "swapped": true, "error_lsq": 0.04142734134158194, "error_max": 0.18700642692747815, "target": "1028.xyz", "model": "3.xyz", "model_rescale": 3.7530521520055578, "target_rescale": 4.130567115838323},
{"mapping": [5, 11, 3, 14, 0, 15, 10, 2, 6, 9, 16], "R": [[-0.15355825574337795, 0.8967832864820564, 0.41496939547332157], [0.30763052823516934, -0.35569401491662095, 0.8825220823584223], [0.9390331837538024, 0.2631758059528598, -0.22125816362399076]], "T": [-0.06533689058520178, -0.1232542222202136, -0.0301957503929791], "aligned_model": [[-0.4613860518493492, -0.16801449087468218, 0.4346027550899486, 0.49247297958748815, 0.18973556764165464, -0.17821835405725064, -0.16750532586065126, -0.640164820358766, -0.3490573452702056, 0.26505176812194753, -0.0793170797249288], [-0.6841884891994925, 0.055563091524583885, -0.2847657262944763, 0.2791388599186421, -0.6106324752151541, 0.6449504605591787, -0.5099790077909915, 0.23408792657085614, 0.06718865433408211, 0.33174578753876294, -0.05590572363164556], [-0.026956470587517392, -0.672968893090953, -0.6352030134166234, -0.36241883719382434, 0.1978400289986343, -0.07738921177164947, 0.6217181580232803, 0.03346599304513155, 0.6064408658948568, 0.4233773147723785, -0.015075157428397237]], "inverted": false, "swapped": true, "error_lsq": 0.03814696981970037, "error_max": 0.24579539996596036, "target": "1028.xyz", "model": "4.xyz", "model_rescale": 3.7855080009869324, "target_rescale": 4.130567115838323},
{"mapping": [3, 15, 6, 14, 9, 10, 4, 7, 8, 1, 5, 13, 0, 2, 12, 11, 16], "R": [[-0.9578829329248038, -0.00652304659030116, -0.28708489454263597], [0.20406597925311326, -0.7188395105928909, -0.6645500990309466], [-0.202033073834072, -0.6951454580688518, 0.6898952305991124]], "T": [-0.025824783616960063, -0.026411397033299575, -0.035434443169171645], "aligned_model": [[-0.0007491420059059853, -0.7806777076687832, 0.2878165817934756, -0.58816743490156, -0.4656412746460261, -0.1729210986986473, 0.7048204803929763, 0.4264810209068143, -0.3224106064103579, 0.4284900197571157, 0.4852761454161356, -0.38140282195067643, 0.5745146559699708, -0.14066300435714701, -0.21133408382812421, 0.13056807883180524, -0.06689666495008977], [0.5437920275884938, -0.23699229376058728, -0.5696583887825555, 0.28403841987737427, 0.39513246835674043, -0.1377349189625115, -0.1262079390858203, -0.43170019946238775, -0.6185461303744134, 0.3046018767992503, 0.2054518127987538, -0.511036950275299, 0.47134655822343585, 0.6963678474647638, 0.08529948577574638, -0.3366312508031879, 0.00785384791845365], [-0.431232209896844, -0.29072027448340537, 0.14508942762309723, 0.176907385633363, -0.40391272342452883, -0.7403699165487921, 0.021124660780214966, -0.4742167555925476, -0.273600732246008, 0.47164761229246843, -0.6186312683381594, 0.36900340208647486, -0.05285450561443382, 0.0655013500794492, 0.6096796872041604, 0.6799264050762509, -0.03036041637196033]], "inverted": false, "swapped": false, "error_lsq": 0.033632211768226165, "error_max": 0.2646533218205292, "target": "1028.xyz", "model": "5.xyz", "model_rescale": 4.2253639853439635, "target_rescale": 4.130567115838323},
{"mapping": [6, 15, 13, 12, 9, 3, 0, 10, 11, 2, 14, 4, 5, 16], "R": [[0.5466580513677228, -0.37646518520165895, -0.747956508900033], [-0.5858585497522129, -0.8101561781630068, -0.02041388416114573], [-0.5982764700011846, 0.44935612971827965, -0.663433745092553]], "T": [0.06376761177361309, 0.06208585395867934, 0.024611117582412557], "aligned_model": [[0.5723371650457431, -0.1559984405950631, -0.40859776207278664, 0.16921439222475076, -0.07799316576271254, -0.5950802327670752, 0.18376263672513943, 0.65494415605825, -0.2977429555229587, 0.39347620201609845, -0.6811771398063121, 0.001914869038467354, 0.5563478390807534, 0.05865458909548999], [-0.22088074398929042, 0.23979138601350042, -0.3455813823319455, -0.7089365066142238, -0.45430155336275396, 0.18418203029870295, -0.3193157448303657, -0.4014836850139088, 0.6321575071404115, 0.41669888285948986, -0.00943697000255049, 0.10186534467690966, 0.264654738476022, 0.06568584331499265], [-0.40359313364088306, -0.7001174580513067, 0.2866372860006488, 0.11093281249296172, -0.4603199369383514, 0.4640100764395328, 0.4658977042231975, 0.16813731363169762, 0.026624632295365804, -0.45258404477997566, -0.1283137854415797, 0.6817640173420602, 0.45801998878225214, -0.045537263424171505]], "inverted": false, "swapped": true, "error_lsq": 0.040297912457458285, "error_max": 0.2409192288356022, "target": "1028.xyz", "model": "6.xyz", "model_rescale": 3.89814844738969, "target_rescale": 4.130567115838323},
{"mapping": [11, 8, 2, 3, 15, 5, 4, 14, 13, 10, 6, 9, 16], "R": [[0.2666488181753298, -0.628019312182984, 0.731088333439203], [0.7274658548460438, -0.3664349507347977, -0.5801024538071712], [0.6322118614822206, 0.6865254331816103, 0.35915315924545]], "T": [-0.10781765561509551, 0.11389830287795069, -0.014564392912968266], "aligned_model": [[0.1423166678045937, 0.04040496444487271, 0.39988478560327934, -0.3653447856646307, 0.6600160924989363, -0.5221803367300234, -0.693228114853878, 0.13239731702450971, -0.4105378317287226, -0.49468193719576714, 0.10975678385926968, 0.19057765546592895, -0.04074945962414589], [-0.30399735564250685, 0.20038669010606705, 0.4945054736627369, -0.6336916242397229, 0.03579002786384708, 0.4744709182694675, -0.09204718849137056, -0.5670525530328601, -0.3525172222573385, 0.7106521831685929, 0.7322829208416683, 0.1413970579095827, 0.12360193731232189], [-0.4819739275900743, -0.7351138670380946, -0.2585926504080035, -0.14436609451247542, 0.08258659713940553, -0.4266367657702653, -0.24290438530733965, 0.2345278028155425, 0.3711769553715186, 0.2668730369415079, 0.2893003704088878, 0.6427895885331353, 0.004608370252551348]], "inverted": false, "swapped": true, "error_lsq": 0.03829735665318898, "error_max": 0.2211727551129547, "target": "1028.xyz", "model": "7.xyz", "model_rescale": 3.7474275329858107, "target_rescale": 4.130567115838323},
{"mapping": [2, 15, 9, 6, 13, 10, 7, 5, 12, 0, 8, 4, 11, 3, 16], "R": [[0.204956124534932, -0.7564600850735157, -0.6210967128444582], [0.837077439346902, 0.46433294830637145, -0.28930308268932536], [0.5072419024016603, -0.460611607330604, 0.7283835525602309]], "T": [0.041339944323475354, 0.003943909768049383, -0.010857570174754926], "aligned_model": [[-0.44599425590669184, 0.10423178005740832, 0.3999782931343855, -0.2753198919882442, 0.6675090719254645, -0.22632575473491492, -0.7586976633972801, -0.463465606194097, 0.34458529391114484, 0.153038233309945, -0.47947234017555623, 0.10768726681210816, 0.06469251844555463, 0.5693235958615771, 0.04038318127794323], [0.09674728880954309, 0.1939625145477596, -0.4183391214498461, -0.5363814436649439, -0.08487571791191643, -0.6757606751541594, -0.34223290458647815, -0.024156268457392896, -0.7036491601361459, -0.3399960146257739, 0.5291154271733866, 0.13491644718487483, 0.675255460851244, 0.4819476951804526, 0.00256443421898939], [-0.4756868806237246, -0.7625526074553444, -0.474501589260611, -0.37120050036752433, 0.2299797862855403, 0.21573224361057836, -0.07321902362686068, 0.4537868305163787, 0.13197185396523564, 0.46224776457269684, 0.029031933530284316, 0.633892249964315, -0.07772380181741396, 0.35630049989506135, -0.08126410349235057]], "inverted": true, "swapped": true, "error_lsq": 0.042766671636012436, "error_max": 0.2808589606760096, "target": "1028.xyz", "model": "8.xyz", "model_rescale": 4.019505241142653, "target_rescale": 4.130567115838323},
{"mapping": [15, 11, 2, 6, 9, 10, 5, 14, 13, 3, 1, 0, 16], "R": [[0.6973776706506036, 0.47696155513654753, -0.5349505205153692], [-0.4732234716311365, -0.25413056562090797, -0.8434910796887969], [-0.538260095469944, 0.8413829868371023, 0.04848442106247364]], "T": [0.049446652122144504, -0.04490885947528472, -0.011308402067213848], "aligned_model": [[-0.3322996612869712, -0.614768809751093, -0.10271204090538397, 0.5122702631789644, 0.29530224265177885, 0.7904912069505043, 0.2529299543146189, -0.36601909216625245, 0.12464704129758825, -0.3759792137118666, -0.3848221193003454, 0.4877768170174662, 0.032884183452167974], [-0.5867994826694695, 0.07264974196727728, -0.06086528330542086, -0.2605004167355945, -0.7228915022038525, 0.10430449074542264, 0.602660167146965, -0.5406451535825424, -0.27899912321509157, 0.028035987938960123, 0.6611448197334102, 0.1418886173337036, -0.09660463503970856], [-0.41841058448514823, 0.014642122115007476, -0.6737029237857042, -0.5225681719706995, -0.05379092659892532, -0.12781821625945766, -0.11504645888163281, 0.3949894754148788, 0.619188215512862, 0.6637851362610543, 0.10574662873752097, 0.3458655140040292, -0.0561763160199063]], "inverted": false, "swapped": true, "error_lsq": 0.04371787971551965, "error_max": 0.28689973638096367, "target": "1028.xyz", "model": "9.xyz", "model_rescale": 3.877068213659057, "target_rescale": 4.130567115838323},
{"mapping": [14, 13, 10, 4, 0, 3, 8, 12, 9, 6, 2, 15, 11, 5, 7, 16], "R": [[0.8405105723110045, 0.5171147349814184, -0.16166115395643257], [-0.5215029993714829, 0.6912807080167604, -0.5001655769546658], [-0.146889752807931, 0.5047012320065645, 0.8507056288347227]], "T": [0.028472724220484923, 0.019480182063126815, -0.08079851052722009], "aligned_model": [[0.22589624293705496, -0.11674580601485122, -0.5970728634637104, 0.19572440265454213, -0.29211322694937697, 0.4651955786709088, 0.6131568471532892, -0.6982459377669181, -0.46492019528826295, -0.4945392575348659, 0.1454153735665977, 0.15630411025896415, 0.6859017288217183, 0.09317286332612579, -0.22398438178225738, 0.022263046728136355], [0.020414384074185353, -0.41109061503620886, -0.1295396147992091, -0.6086188554123523, -0.47434396138661866, -0.4828909895485473, 0.16322372064872254, -0.23322234357060825, 0.3318973695451123, 0.44613313248094894, 0.6180334221659778, 0.7169907657136575, 0.09493185272944579, -0.26036047580678917, 0.3238029852518227, 0.08643810008400937], [-0.8186787885824974, -0.5822959701931276, 0.33329327978007817, 0.04076044023965128, 0.008432652076839381, -0.5268430799501357, 0.35062240040541826, -0.22594450213815695, -0.506085623041761, 0.1770729568271059, 0.21958759643222497, -0.4005578023009783, -0.21410186222039534, 0.5429127857837549, 0.6985862163753228, -0.10172637238330193]], "inverted": true, "swapped": true, "error_lsq": 0.033941494907753327, "error_max": 0.24256109502263698, "target": "1028.xyz", "model": "10.xyz", "model_rescale": 4.260839863003843, "target_rescale": 4.130567115838323},
{"mapping": [13, 0, 5, 4, 8, 11, 14, 9, 6, 2, 15, 16], "R": [[0.6591330103356798, 0.5832239862705331, 0.47475620746287583], [-0.3263873230019718, -0.346887207481051, 0.8792841296586698], [0.6775064502050373, -0.7345196029546843, -0.03828789372454475]], "T": [0.0013153476673479834, -0.0438868302246971, -0.054531423417314526], "aligned_model": [[0.3393732152195814, 0.10942672221842498, -0.47400246529253814, -0.3138733678455987, -0.6879389078431906, -0.417122282378511, 0.29148776345242466, 0.696986339385343, 0.3295324423353438, -0.16386396649584248, 0.21823493696924698, 0.030658219369446172], [-0.03836729694844276, -0.5418528572633049, -0.5351279153778611, -0.33963820647115284, 0.10986033019533933, 0.4690463062784822, 0.5323610054418774, 0.08530985563044621, -0.29831025154238844, 0.1441769031409465, 0.5861073539756065, -0.0004867215266140673], [-0.64076153849865, -0.3626573777429654, 0.010797405470441598, -0.5549765256910816, 0.16892352239536446, -0.1867629684758097, -0.4634111419480869, 0.09127765645298642, 0.5367504283996216, 0.5775454738769262, 0.34691733033285843, -0.007464187176100701]], "inverted": false, "swapped": true, "error_lsq": 0.0410787132512247, "error_max": 0.20915783629222431, "target": "1028.xyz", "model": "11.xyz", "model_rescale": 3.890672605050136, "target_rescale": 4.130567115838323},
{"mapping": [2, 15, 9, 7, 6, 4, 11, 5, 8, 3, 12, 14, 0, 16], "R": [[-0.9321348020677797, 0.2866073824511078, 0.2213163326521248], [-0.3616929692844609, -0.7075467919297852, -0.6070879122499964], [-0.017404216278003155, -0.6459363324309864, 0.763192864026751]], "T": [0.05605177007335171, 0.01828625192528086, 0.11655437746045147], "aligned_model": [[0.4620100048625913, 0.22008590036310904, 0.3665019757396546, 0.7661939839788682, 0.7728767107587092, -0.3593078676075788, -0.404465880326236, 0.1451839979296114, -0.05114886560228008, -0.7347100615245207, 0.33057591714782075, -0.422582191383741, 0.02987319739017242, 0.08878901306751344], [-0.29313086214826806, 0.20973782043745787, 0.6502835906243064, -0.4758378102963686, 0.1070990243063619, -0.17905092389522084, -0.24799357859363216, -0.5312963852166224, -0.6694996967698457, 0.13295184846014657, 0.5520694999938014, 0.510787453465372, 0.12681495337053825, 0.03921758608973852], [-0.3310957877320424, -0.6193443813718951, -0.045032236482581894, 0.240356471965368, 0.09794624190674565, 0.5917306750100344, -0.2990105149440966, 0.518458661902412, -0.13662588119539973, 0.17661210166615207, 0.6193046890243605, -0.21780519043049365, 0.7014783386861049, 0.057817247352193124]], "inverted": true, "swapped": true, "error_lsq": 0.04422863538404749, "error_max": 0.2891568819098786, "target": "1028.xyz", "model": "12.xyz", "model_rescale": 4.124412569039231, "target_rescale": 4.130567115838323},
{"mapping": [11, 15, 9, 8, 14, 3, 2, 4, 6, 5, 13, 12, 16], "R": [[-0.12599180043477276, -0.9358509494457509, -0.32910342849124374], [-0.9819720372138523, 0.16477505332077513, -0.09262882884508669], [0.1409148123984169, 0.3114998912112531, -0.939739768990382]], "T": [0.07527094830430367, 0.1287734447535558, -0.08042532663968223], "aligned_model": [[-0.2111480210991508, -0.049292322095720376, 0.5219537162860315, -0.6149506112232932, 0.5103850281543518, 0.37751191855036503, -0.4572764608289782, 0.15800043090018798, -0.011038834599995856, -0.3005331534216208, 0.700579813345549, 0.6770431964233685, 0.06606360711866291], [-0.31705860960402377, 0.4575178536798082, 0.6334203175127379, -0.13447038967852554, -0.1234171261260521, -0.5919740650610045, 0.491037472567207, -0.39674346282483164, 0.8332243204096146, -0.013606784696568175, -0.12993073748182438, 0.46430171690744115, 0.1751848709044988], [0.3377535675468903, 0.6134903652881322, 0.17979811336723817, -0.026216348771200895, 0.4944832545229459, 0.09630278820998227, 0.13713250223719198, -0.4731668649149723, -0.21596702501250598, -0.6372123867721664, -0.0740767610867555, -0.4523619865729387, -0.028261137074002032]], "inverted": true, "swapped": true, "error_lsq": 0.04051033047069496, "error_max": 0.23733247215033948, "target": "1028.xyz", "model": "13.xyz", "model_rescale": 3.9028299243045295, "target_rescale": 4.130567115838323},
{"mapping": [12, 2, 6, 9, 13, 0, 15, 14, 10, 11, 3, 8, 5, 4, 1, 16], "R": [[-0.08204172138738663, 0.29770968372931733, -0.9511246501724074], [-0.3448910314353812, -0.9038570778882784, -0.2531650828742024], [-0.9350504437661283, 0.30726426242739774, 0.17683139044783291]], "T": [-0.036400232986429956, 0.040398204835265294, 0.02713176665674156], "aligned_model": [[0.22625639725150376, -0.30356000309087255, -0.053759903579309515, -0.41997162122186693, -0.014243322975609082, 0.45553695537988725, -0.7789585124234104, -0.5614892193624836, 0.4887300744526087, -0.334236968239011, -0.0653100459141532, -0.00105727171409499, 0.5542725310193263, 0.45723063048982654, 0.2753518040522797, -0.09695225254402455], [-0.6507532253964743, 0.501215293025463, -0.03833790520898492, -0.47764856929507077, -0.5120673230780743, -0.29105333517869036, 0.1554774043707875, -0.2760183764515202, -0.1980489450038626, 0.45260361549197897, -0.08361696525197632, 0.7728612331354079, 0.3849175180971104, 0.035739552946983444, 0.6327113519647414, 0.04427095795328139], [-0.23048642777801942, -0.39529769040989027, -0.6909011251019658, -0.29907480909973794, 0.41734997060939466, 0.07945304765837291, -0.17404442902886313, 0.48277013937365215, -0.4752299654353217, 0.47104123133321757, 0.8182347080507191, 0.13148941202422493, -0.03551655011761617, 0.46709195907697, 0.5299029344193942, -0.008622295950199081]], "inverted": false, "swapped": true, "error_lsq": 0.03962878108573451, "error_max": 0.2450950651758028, "target": "1028.xyz", "model": "14.xyz", "model_rescale": 3.942246331269136, "target_rescale": 4.130567115838323},
{"mapping": [4, 1, 3, 8, 2, 11, 9, 13, 12, 14, 15, 6, 5, 7, 16], "R": [[-0.09875554847211859, 0.6980168289588085, -0.7092389217578662], [-0.27667088107058935, -0.703881550951053, -0.6542201355800386], [-0.9558768567203595, 0.1316178890615932, 0.2626331396937092]], "T": [-0.10063899838339782, 0.04332514653147978, -0.002972555765460183], "aligned_model": [[-0.6219623148551654, -0.22228413135802408, -0.270153098443148, 0.15460978393263095, 0.4061872761735036, 0.256064238498805, 0.08392183582468143, -0.4216954644221096, -0.5762106600584981, 0.15225201020063753, 0.6451119530398491, 0.012215594659579984, -0.4714930995924226, -0.11365334444221628, -0.038616542625894104], [-0.13518450230071183, -0.5870304790555029, 0.225144124667162, -0.6216236530247252, -0.28477493209360294, -0.16433071759445234, 0.6512500442960599, 0.5579694446410864, 0.5302321866035885, 0.5892321457529716, 0.2486342015898918, 0.0689244911440253, -0.5275601128966451, -0.5163322079225615, 0.06359465607506695], [-0.3685056025681537, -0.5402409159990215, -0.764724636594988, -0.20627745973903622, 0.3095187937995272, -0.5371237302112465, 0.3409385043661065, -0.30304475862309044, 0.3840662897823142, -0.4735848263206362, 0.0795598172709539, 0.7102458408143512, 0.0868602841507001, 0.668147242663272, 0.02352763756946426]], "inverted": true, "swapped": true, "error_lsq": 0.03984622578063099, "error_max": 0.2358031655973099, "target": "1028.xyz", "model": "15.xyz", "model_rescale": 4.355366556412066, "target_rescale": 4.130567115838323},
{"mapping": [6, 2, 7, 13, 10, 9, 4, 14, 8, 15, 11, 16], "R": [[0.3700220194917643, 0.9237969965359307, -0.09840129207703331], [0.8734205163748492, -0.3820123653621201, -0.30199859980789534], [-0.31657590980162664, 0.02580042444672781, -0.9482162366420649]], "T": [-0.08354122733670805, 0.08576116745603686, -0.11487171693011042], "aligned_model": [[-0.2086111811776597, 0.40532941355182056, 0.11969787598787751, -0.5780372344217075, -0.5247170754979054, -0.4655067714756825, -0.21988976556999434, -0.16638365671027872, 0.5996246268057244, 0.2595416409232768, 0.43903215469518636, -0.06227147247887699], [-0.6120212793714556, -0.3596967883308515, -0.6855324704269189, 0.5354096462111104, -0.43505966774644383, -0.13486422091814054, 0.47049414006035384, 0.6273036524823312, 0.09694624984861436, -0.051131200268798985, 0.5047727051830364, 0.05615566101814345], [0.024874948078485087, 0.042437163402075345, -0.4720656453246882, -0.008714854598619606, -0.45997419670416095, 0.45726197480796205, -0.6351098539797378, 0.4173999167549781, -0.40088052894552806, 0.569717581410046, -0.031074187650637353, -0.05461385604075364]], "inverted": true, "swapped": true, "error_lsq": 0.03578685742002665, "error_max": 0.19504327380734954, "target": "1028.xyz", "model": "16.xyz", "model_rescale": 3.795458400668931, "target_rescale": 4.130567115838323},
{"mapping": [11, 8, 2, 3, 15, 5, 4, 14, 13, 10, 6, 9, 16], "R": [[0.2666488181753298, -0.628019312182984, 0.731088333439203], [0.7274658548460438, -0.3664349507347977, -0.5801024538071712], [0.6322118614822206, 0.6865254331816103, 0.35915315924545]], "T": [-0.10781765561509551, 0.11389830287795069, -0.014564392912968266], "aligned_model": [[0.1423166678045937, 0.04040496444487271, 0.39988478560327934, -0.3653447856646307, 0.6600160924989363, -0.5221803367300234, -0.693228114853878, 0.13239731702450971, -0.4105378317287226, -0.49468193719576714, 0.10975678385926968, 0.19057765546592895, -0.04074945962414589], [-0.30399735564250685, 0.20038669010606705, 0.4945054736627369, -0.6336916242397229, 0.03579002786384708, 0.4744709182694675, -0.09204718849137056, -0.5670525530328601, -0.3525172222573385, 0.7106521831685929, 0.7322829208416683, 0.1413970579095827, 0.12360193731232189], [-0.4819739275900743, -0.7351138670380946, -0.2585926504080035, -0.14436609451247542, 0.08258659713940553, -0.4266367657702653, -0.24290438530733965, 0.2345278028155425, 0.3711769553715186, 0.2668730369415079, 0.2893003704088878, 0.6427895885331353, 0.004608370252551348]], "inverted": false, "swapped": true, "error_lsq": 0.03829735665318898, "error_max": 0.2211727551129547, "target": "1028.xyz", "model": "17.xyz", "model_rescale": 3.7474275329858107, "target_rescale": 4.130567115838323},
{"mapping": [5, 6, 2, 12, 1, 3, 8, 15, 4, 11, 13, 9, 14, 16], "R": [[-0.00555420070496962, -0.9641385245762623, -0.26534139571962195], [0.6009719918078208, -0.21529917674234061, 0.7697265290715988], [-0.7992507841203969, -0.1551875314642851, 0.5806160643324916]], "T": [0.02955789055964931, -0.03796323020655364, -0.07039028936351072], "aligned_model": [[0.35455956173596803, 0.19877307527880714, 0.6148798680698522, -0.5424099493922501, 0.4060623475501537, -0.3534648319931316, 0.6819854956497267, 0.23118501773280395, -0.14040281819434755, 0.27740945884042767, -0.6226957475031749, -0.33431390902907787, -0.4040753388472772, 0.047355417984396256], [-0.5780604452711616, 0.34631381820984214, 0.30011251949236656, 0.010142160038837882, -0.6718332581431082, -0.37698956828406754, -0.2712018923920807, 0.6649667827811215, -0.6708169633008766, -0.09008344918556657, -0.1340194081577699, 0.5543510509049158, 0.24750637239127085, 0.03002052242750975], [-0.34275327318350024, -0.6584118350199681, -0.14302876289523378, -0.6029169088983928, 0.3261651614168657, 0.546386931094162, 0.1914869289337099, 0.19483373041170726, 0.01830927837271701, 0.5553322666821219, 0.08231117494198148, -0.2670405016236038, 0.4898895974480029, -0.06576906901891451]], "inverted": false, "swapped": true, "error_lsq": 0.04078586134603868, "error_max": 0.24627006284616973, "target": "1028.xyz", "model": "18.xyz", "model_rescale": 3.922800546911778, "target_rescale": 4.130567115838323},
{"mapping": [14, 15, 9, 13, 7, 11, 2, 0, 8, 12, 6, 10, 4, 5, 16], "R": [[-0.851463697266939, -0.457775484809226, 0.25583427789135815], [0.4062245675613701, -0.8842787327530536, -0.23028834862022796], [0.33164917148410356, -0.09215599984988473, 0.9388908875612628]], "T": [-0.010351405027720098, 0.0945355855269964, -0.01353712004298424], "aligned_model": [[-0.2889403185344722, -0.1733491683304355, 0.43234754615569027, 0.07811533817213641, 0.3274487750029177, -0.678582339832209, -0.09323960642794868, 0.3183765813578385, -0.5432543532766445, 0.6957066269346478, 0.5380281506125604, 0.6575787122433093, -0.16274993844595492, -0.004892789587929117, -0.006542379155888548], [0.5962542513756043, -0.18488475042752225, 0.21064305882226686, 0.7627618004040089, -0.6480945158145603, 0.08300206398116619, -0.549236133891926, 0.4067101376093698, -0.35599225871517726, 0.43243706551124794, -0.3473933219932932, -0.04143288020963792, 0.44073163327556786, -0.15020424786387568, 0.06230960297133982], [-0.5176311795487308, -0.7209718430033814, -0.572506612406004, -0.07375917570848256, 0.2997982951171203, -0.1084582974535726, -0.21567790532146192, 0.3725778850009761, 0.2348191566944129, 0.005186777762559757, -0.17493932104735943, 0.33340398114783054, 0.5288475099599458, 0.6280120210308404, -0.07604212506136408]], "inverted": true, "swapped": true, "error_lsq": 0.03468834445256636, "error_max": 0.21387392845632905, "target": "1028.xyz", "model": "19.xyz", "model_rescale": 3.9282355846067225, "target_rescale": 4.130567115838323},
{"mapping": [13, 14, 15, 3, 4, 11, 8, 2, 5, 10, 9, 0, 6, 16], "R": [[0.5464608113636337, -0.7737299109451606, 0.32050367634801524], [-0.08407732991990391, -0.43144884351975715, -0.8982109429410243], [0.8332536133959092, 0.4638899873183924, -0.30082303008314204]], "T": [-0.01705569389414737, -0.08630218579109866, 0.049470224106120564], "aligned_model": [[-0.5373627620471132, -0.16378530468135566, 0.6023154799235457, -0.6010499270546192, -0.6098395685960667, 0.025632803230272484, 0.20498824129872809, 0.6282645717637567, -0.16825128733521968, -0.07645836433124809, 0.20854743851187554, -0.48103153251666686, 0.4560802078326048, 0.044472823086182105], [-0.5101910094812725, -0.7725394445107814, -0.5132307726781484, -0.3559789685469156, 0.1787839827185363, -0.13256889735873376, 0.3908258596485484, 0.10567391568816914, 0.5825348274482791, 0.2512649239672111, -0.6328024649078776, 0.04880007912946338, 0.00287136054699845, -0.12056130423864068], [0.1365228224042339, -0.2521803507017067, -0.14856818878137407, -0.4283211237176664, -0.07540853504224738, -0.6226255413052658, -0.4717658548290996, -0.04476516691017557, 0.08565896805094478, 0.7332143005574807, 0.46462184905819626, 0.39742659537829034, 0.588230341381022, 0.05014304170105009]], "inverted": false, "swapped": true, "error_lsq": 0.03953859307287753, "error_max": 0.2257560640533498, "target": "1028.xyz", "model": "20.xyz", "model_rescale": 4.067790424073018, "target_rescale": 4.130567115838323},
{"mapping": [11, 5, 14, 15, 13, 0, 9, 1, 4, 8, 7, 6, 2, 10, 16], "R": [[-0.08306584162745068, -0.9958496044682437, -0.037197193915213145], [-0.4137432806847962, 0.06842022079493082, -0.9078189087447754], [0.906596141422908, -0.06001865265744982, -0.41770946564601474]], "T": [-0.01282807227108447, -0.014095889034307519, -0.027286574583346948], "aligned_model": [[0.34535269308594707, 0.17490963509442187, -0.2831889880125549, 0.3312091482191217, -0.6284301403115281, -0.4611662902587261, -0.32468561794156375, 0.3454919943858123, -0.2460639948159104, 0.6408476084679875, 0.4385880289045851, 0.08638114162874302, 0.5866576770759294, -0.2520598272020971, 0.014600885587347207], [-0.04956755944959752, 0.6195406050298813, -0.48159981143785974, -0.7095985301890069, -0.06887680191793218, 0.3473518485801405, -0.607762744440819, 0.5804066606650053, 0.5463225469213716, 0.2717180759554503, 0.2534836667554124, -0.23210466330628515, -0.22061083860151104, 0.2695019862114109, -0.0773093008478135], [-0.5983591918538143, 0.15918602277739158, -0.5674618063327207, -0.08226247203749303, -0.30299018409507017, 0.12420009937213654, 0.2414414219607508, -0.4952358156615261, -0.2895655947199748, -0.22643529466937407, 0.6715783596947945, 0.6544037312397395, 0.21795165584385368, 0.6415382197512399, -0.012739577648792574]], "inverted": false, "swapped": true, "error_lsq": 0.043290734161870265, "error_max": 0.36762447666549714, "target": "1028.xyz", "model": "21.xyz", "model_rescale": 4.186013935880536, "target_rescale": 4.130567115838323},
{"mapping": [15, 9, 14, 8, 7, 11, 2, 6, 13, 12, 10, 4, 16], "R": [[-0.9890412059418581, -0.06998909002677724, 0.12999623158499118], [-0.07373436397085699, 0.9969838011786597, -0.0242186654703304], [-0.12790909474657453, -0.03353844755760557, -0.9912186620602628]], "T": [0.10390291445120099, -0.0022615631209561976, 0.05242996832031234], "aligned_model": [[0.007334699853986229, -0.3663977426795293, 0.441675025614342, 0.4704109111950382, -0.4147517477222075, 0.6870720691308104, -0.0992908970142095, -0.5893485762869032, 0.2587336766690632, -0.40809670828822214, -0.4832612677482004, 0.4784364303099768, 0.07605816238928059], [-0.4189640766355722, 0.2021888766661843, 0.27080209703781594, -0.5889540310647402, -0.496443612753493, -0.293075991804709, -0.6467616425068015, -0.20584287424168374, 0.630137345707999, 0.5887647865391973, 0.18984629046747986, 0.3258871080591313, -0.03862761592471475], [-0.5972941865306409, -0.456419233015136, -0.575893564296326, 0.31720452764505136, 0.5529985996463566, -0.12368459487522161, -0.02176774311176831, 0.05781394335059026, -0.13217336337445806, 0.09230702118576778, 0.5033390374902645, 0.4875175439064029, -0.0010684266855369023]], "inverted": false, "swapped": true, "error_lsq": 0.041006923385143626, "error_max": 0.26584288471310485, "target": "1028.xyz", "model": "22.xyz", "model_rescale": 4.166573947596378, "target_rescale": 4.130567115838323},
{"mapping": [4, 1, 11, 14, 3, 5, 8, 0, 13, 9, 10, 15, 2, 7, 6, 16], "R": [[0.3270190313643436, -0.6219039370717787, 0.7115434253649935], [0.1524517605304358, -0.7083622159570687, -0.689188966623496], [0.9326398092708126, 0.33385395618295854, -0.13683757562997856]], "T": [-0.05860122367749021, 0.0035783894341988587, 0.022168351110178834], "aligned_model": [[-0.6618110158815862, -0.3627753835060983, 0.1523495025388627, 0.1538297051903087, -0.3598260249646096, -0.4675712835196743, 0.06843715471803707, -0.6044431741323482, -0.3717988067408279, 0.2638800960371919, -0.4030952873221254, 0.7069652856756965, 0.45962194463094685, 0.0018930616532745748, 0.20205467194742022, 0.009522794696287196], [0.0012373605904970608, 0.34735250775389315, -0.024952186678621202, -0.6841293203935911, -0.4848036849408826, 0.551593702198501, 0.5267945053095, -0.061691237460718695, -0.5960274679879295, -0.3997443054475909, 0.2909345290083958, -0.13259871237987625, 0.44299351752669586, 0.7929339780427312, 0.28221327401372076, -0.0023990215330458586], [-0.2487385877105529, -0.6779034166820298, -0.6184262411284738, -0.23351784234293543, -0.5371222460717464, -0.040564336316697265, -0.486504311205929, 0.25107068410324124, 0.04112684783816702, 0.527387909673427, 0.6416330249137634, 0.00045202234645157907, 0.045243679055413426, 0.39236520092883237, 0.6357586639466002, 0.03899948181656204]], "inverted": false, "swapped": true, "error_lsq": 0.03805532312484197, "error_max": 0.3056354550602113, "target": "1028.xyz", "model": "23.xyz", "model_rescale": 4.274766983524099, "target_rescale": 4.130567115838323},
{"mapping": [10, 2, 8, 4, 11, 3, 13, 14, 9, 15, 16], "R": [[-0.9699060847009348, -0.10764534405918766, -0.21839108672856214], [-0.0495973284468772, 0.965501966207699, -0.2556287508477867], [0.23837426847509322, -0.23710426641342058, -0.9417851533006442]], "T": [0.00013900241926761286, 0.05640223727318617, -0.10432462174843501], "aligned_model": [[0.4018312504064415, 0.196687368393361, -0.4528238111188168, -0.4910498279786394, -0.4953850810560263, -0.5928173105524391, -0.062329072338883504, -0.09226723057829556, 0.6228351672134651, 0.3016427790258283, 0.04357047254207997], [-0.2633099792373085, 0.6894914890366899, 0.5856959877969558, -0.342234883892982, 0.4094201436435497, -0.26183898178735315, -0.5085847309119147, -0.04880780141398013, -0.05106682100797707, 0.6043344830148941, 0.10248762600290935], [-0.671258153521709, -0.255122887197349, -0.3559484403604706, -0.2968865127052417, 0.1880960935707717, 0.33062910104899945, 0.2629175331124207, 0.6465656226158181, 0.24583261149005306, 0.3582481930657384, -0.0735067270974532]], "inverted": true, "swapped": true, "error_lsq": 0.043929548326261364, "error_max": 0.23459115428206212, "target": "1028.xyz", "model": "24.xyz", "model_rescale": 3.7841303162186577, "target_rescale": 4.130567115838323},
{"mapping": [13, 9, 10, 2, 6, 7, 15, 14, 12, 0, 3, 11, 5, 8, 4, 16], "R": [[-0.20903340719813368, -0.4749913720179588, 0.8548030364848012], [-0.9647286266745978, 0.2431916540913924, -0.10077944361246066], [-0.1600115981723944, -0.8457192299391032, -0.5090729540660422]], "T": [0.034511254331181615, -0.018501297779121045, 0.095144650051071], "aligned_model": [[-0.06541214977610214, 0.18091905010265447, -0.6264517646156392, 0.3314874417324794, -0.11574252759452593, -0.31372653263749806, 0.7229294016346621, 0.5279171053874043, -0.4603539163249214, -0.5105423013807335, 0.18500878943261145, 0.5202294061496349, -0.43349631622162943, 0.23108636044680325, -0.34120440432581334, 0.0851949064633914], [0.2847115442358955, -0.497934071604763, -0.40334235236934957, -0.4259049959852891, -0.7222697313471633, -0.5462435719811991, -0.37920412609918663, 0.24473397805324856, -0.2962441563272348, 0.10749710287473155, 0.7158253912161043, 0.39057184868467465, 0.11524613350761945, 0.19171336026174501, 0.5248892025880253, -0.06723308733989726], [-0.5015601518724733, -0.4250660503825755, 0.09852743212295903, 0.5512156407230134, 0.159996479366604, 0.6984737867484728, 0.06225382546690142, -0.42514572937152006, -0.4443118416330877, -0.10891627604577211, -0.1880058564559631, 0.3240827903995446, 0.5794928940581363, 0.7776472186067889, 0.12382585084284528, 0.0911100032433787]], "inverted": false, "swapped": true, "error_lsq": 0.0453021233681488, "error_max": 0.43841834507846567, "target": "1028.xyz", "model": "25.xyz", "model_rescale": 4.19342608120988, "target_rescale": 4.130567115838323},
{"mapping": [6, 2, 7, 13, 10, 9, 4, 14, 8, 15, 11, 16], "R": [[0.3700220194917643, 0.9237969965359307, -0.09840129207703331], [0.8734205163748492, -0.3820123653621201, -0.30199859980789534], [-0.31657590980162664, 0.02580042444672781, -0.9482162366420649]], "T": [-0.08354122733670805, 0.08576116745603686, -0.11487171693011042], "aligned_model": [[-0.2086111811776597, 0.40532941355182056, 0.11969787598787751, -0.5780372344217075, -0.5247170754979054, -0.4655067714756825, -0.21988976556999434, -0.16638365671027872, 0.5996246268057244, 0.2595416409232768, 0.43903215469518636, -0.06227147247887699], [-0.6120212793714556, -0.3596967883308515, -0.6855324704269189, 0.5354096462111104, -0.43505966774644383, -0.13486422091814054, 0.47049414006035384, 0.6273036524823312, 0.09694624984861436, -0.051131200268798985, 0.5047727051830364, 0.05615566101814345], [0.024874948078485087, 0.042437163402075345, -0.4720656453246882, -0.008714854598619606, -0.45997419670416095, 0.45726197480796205, -0.6351098539797378, 0.4173999167549781, -0.40088052894552806, 0.569717581410046, -0.031074187650637353, -0.05461385604075364]], "inverted": true, "swapped": true, "error_lsq": 0.03578685742002665, "error_max": 0.19504327380734954, "target": "1028.xyz", "model": "26.xyz", "model_rescale": 3.795458400668931, "target_rescale": 4.130567115838323},
