[{"mapping": [12, 12, 0, 11, 1, 5, 10, 7, 9, 6, 3, 2, 8, 13], "R": [[-0.014783006522287645, -0.19716926029791876, -0.9802579994632707], [-0.7508596712425091, -0.6452131713164126, 0.14110179893045055], [-0.6602963098638016, 0.7381221080237264, -0.1385082554465875]], "T": [0.11778213752882236, 0.009788704388778685, -0.035986258746195626], "aligned_model": [[0.032958149108882256, 0.032958149108882256, -0.03235869397370819, 0.06293858412092004, 0.5182660090179689, 0.7279963111449113, -0.4180431683654815, -0.5697017441233103, -0.5433641088197718, 0.20925585043181416, 0.3725478937878376, -0.14384222814346068, -0.1577911289395512, -0.018228105316166004], [-0.31994233585756104, -0.31994233585756104, 0.3875444867229303, -0.601030428434524, 0.007901261397085357, -0.23257519274657407, -0.8327739341596425, -0.10717476190948745, -0.038832491384826834, 0.41719200985695315, 0.4566497697011386, 0.7313650008440602, -0.18055201372139348, -0.05646484467191093], [-0.504176540640434, -0.504176540640434, -0.6918602818706586, 0.2971113432713872, -0.45150186574428375, 0.33991221707539554, -0.17166369359526643, 0.25569840402420074, -0.3478592970565556, 0.6044834054292434, 0.05680330717264759, -0.08223109727071806, 0.6699945607241033, 0.024441742490890768]], "inverted": false, "swapped": false, "error_lsq": 0.050422188220281786, "error_max": 0.3291551266238178, "target": "1029.xyz", "model": "0.xyz", "model_rescale": 3.8414455957264533, "target_rescale": 4.218926981253411},
{"mapping": [7, 0, 2, 11, 4, 1, 13, 8, 9, 10, 5, 6, 12, 14], "R": [[0.6107353372760047, 0.4316091078395129, 0.66386438813386], [-0.6889593474676002, 0.7028968987732593, 0.17683598963998498], [-0.39030419590286625, -0.5653755634309943, 0.7266451038407282]], "T": [0.02493934565329519, -0.024024421223556, -0.08254612967730143], "aligned_model": [[-0.1055088752770234, 0.25235416604960476, 0.12012277043037511, 0.15958307990454085, 0.4317175100511195, 0.754893057251726, -0.45361311412758437, -0.6267175507956905, -0.5726916395954168, 0.08435599816392741, 0.32333664765684766, -0.261702593307532, -0.12416089913344136, 0.0916232117683142], [-0.1801242782536259, -0.617882827023262, 0.5209563138681754, -0.7017467265646994, 0.001455022950858198, -0.3832158899342822, -0.6091421479525457, -0.0019177116315820392, -0.01875447520779185, 0.33262075881843933, 0.5527734135443924, 0.7021928807888342, -0.24894976582158654, -0.03690037780263725], [-0.6921124496347185, -0.4305864475031428, -0.5709525604754765, 0.41628143952867125, -0.44268437777362657, 0.21181242531617542, -0.02362423438787134, 0.36372394572778677, -0.41166482123565995, 0.4985349123191084, 0.029641627883409183, -0.060820502637683564, 0.6312236162695727, -0.02379691002702613]], "inverted": true, "swapped": false, "error_lsq": 0.04571543703141497, "error_max": 0.3511351018012506, "target": "1029.xyz", "model": "1.xyz", "model_rescale": 4.316132596720782, "target_rescale": 4.218926981253411},
{"mapping": [12, 6, 3, 10, 5, 9, 4, 11, 1, 7, 0, 13], "R": [[0.6391952322131942, 0.5367549155588298, 0.5507482326248124], [-0.06844140314642704, -0.6736012702626075, 0.7359192231732706], [0.7659929695834481, -0.5080900405676491, -0.39382646079802175]], "T": [-0.032807402323755286, 0.07657591604993108, 0.013441986376759217], "aligned_model": [[-0.1860141688844033, 0.6214157406162273, 0.09753506204832821, -0.6328628487090107, -0.5806368098815609, -0.5473582745710373, 0.034391769172005426, -0.3356303195583456, 0.48127523389429044, 0.18702997204378102, 0.4018932351346972, 0.05676996332680889], [-0.6039468619901978, -0.46968078713709627, -0.5814760175467681, 0.4643465554035573, -0.26985462425598067, -0.0909591978266849, 0.4140085915607935, 0.5751631314316066, 0.12172879457768698, -0.13427312629048738, 0.5183408102724105, 0.06937915954214041], [0.18101882746747, -0.04095281593401146, -0.3891694610636701, -0.013773422180481179, -0.3610983088997993, 0.3993812301649843, -0.6488411453660226, 0.502259840490916, -0.5457421611631978, 0.592951498964245, -0.2066307292979059, -0.020144891973106017]], "inverted": true, "swapped": true, "error_lsq": 0.04632299005280594, "error_max": 0.2787874493215909, "target": "1029.xyz", "model": "2.xyz", "model_rescale": 3.795458400668931, "target_rescale": 4.218926981253411},
{"mapping": [4, 5, 3, 7, 0, 8, 12, 10, 9, 11, 1, 13], "R": [[-0.11311829096137282, 0.9856625995539586, -0.12519381810022084], [-0.6402143058116213, -0.16866487970218635, -0.7494516668799871], [-0.7598222784863067, -0.004625818368676982, 0.6501143798750324]], "T": [0.08636263757942805, 0.024259172569266862, 0.06922080668207423], "aligned_model": [[-0.043591790476655706, -0.1619908725152109, -0.6732922171186133, 0.15518541240130426, 0.12993980672300587, 0.009529491648501143, -0.2733003185831765, 0.5946027959950558, 0.3682280679994968, 0.8399651111462704, -0.38013550382295946, 0.028163842346546876], [0.14601113605088684, -0.6532029292085282, -0.16024937878026352, 0.2052513338770695, 0.5709224976940792, 0.6375387064931888, -0.36538412627934785, -0.3734578525371893, -0.4690224741510493, -0.002025067877408974, 0.449903219757096, 0.09948398025117654], [-0.65554383908933, -0.13022153211818746, 0.10082110971251396, 0.6946185426989366, -0.2938399395457728, 0.3711544241692033, 0.5524249250917895, -0.23849073885756564, 0.41419154537003744, 0.17230463462500634, -0.35529453970944236, 0.05664683829191122]], "inverted": false, "swapped": true, "error_lsq": 0.053798550077784724, "error_max": 0.2975076863353781, "target": "1029.xyz", "model": "3.xyz", "model_rescale": 3.7530521520055578, "target_rescale": 4.218926981253411},
{"mapping": [5, 10, 9, 11, 12, 2, 3, 4, 1, 8, 13], "R": [[-0.8692715116022983, 0.2911897313456483, 0.3994691220551404], [-0.2582517471873411, 0.42154589867861514, -0.8692554805015177], [-0.42151283988906096, -0.8587826242222697, -0.2912375836710829]], "T": [0.03499835604578059, -0.03458788235829077, 0.05504844731000384], "aligned_model": [[-0.37246800589321505, -0.16004526474027045, 0.34387799088050874, 0.3769574553997792, 0.2773258953439918, -0.26002647730884615, -0.22908632046385444, -0.6491992403327397, -0.42295438726705403, 0.41424063687351614, 0.019577319953389252], [-0.6032848524731627, 0.06427720169848015, -0.37433377188892636, 0.32473375065851195, -0.7034248821652088, 0.6663826273983033, -0.6043945122554817, 0.25303946044303105, 0.18201720680200523, 0.2682362201260451, -0.00604509002925098], [-0.21134699540251273, -0.6256548412742224, -0.4255197748388588, -0.5221740084732324, 0.14778459888164913, -0.2359924334259595, 0.5216287416828236, 0.13340434387221972, 0.622823200537316, 0.5425439691351619, 0.14533397655093158]], "inverted": false, "swapped": true, "error_lsq": 0.05022958925751148, "error_max": 0.26867823820974446, "target": "1029.xyz", "model": "4.xyz", "model_rescale": 3.7855080009869324, "target_rescale": 4.218926981253411},
{"mapping": [8, 10, 13, 3, 15, 2, 5, 4, 7, 1, 12, 11, 0, 16], "R": [[0.8607036637431378, -0.5086130632970222, 0.022404353656355624], [-0.24232827201843632, -0.37058512765654056, 0.8966290602809749], [-0.4477345327308342, -0.7771611255096366, -0.4422153018574737]], "T": [0.05845148874865049, -0.02661597488821907, -0.08842545860648875], "aligned_model": [[-0.054253785732605954, -0.015964232878410263, 0.17654392647935302, 0.2606030276500903, 0.5224884495596231, 0.553627112181867, -0.3562718640656331, -0.5876998728486631, -0.6148089266882334, -0.04434673502614667, 0.3966520256877788, -0.09467675163544001, -0.17976787191889432, 0.11146726827508173], [-0.015804072012438913, -0.6332402387319144, 0.5393128051355888, -0.6094197793122064, -0.16573833827898615, -0.20448071608396437, -0.6657047753328087, 0.046814724134313965, -0.2893289999601101, 0.3066948885812769, 0.5321242802847767, 0.7491696723869501, -0.24506919455581908, -0.03396606647597263], [-0.7830408182293016, -0.4852044612831717, -0.5250562305030454, 0.23077837324386136, -0.7552333572487732, 0.4301793267316215, 0.18483868173409457, 0.2638487729409632, -0.2860912152241666, 0.5834676374075539, 0.10261115326006882, -0.0038997241875636662, 0.6215066581064536, -0.08372913337907681]], "inverted": false, "swapped": false, "error_lsq": 0.035343824243279406, "error_max": 0.21297765090177903, "target": "1029.xyz", "model": "5.xyz", "model_rescale": 4.2253639853439635, "target_rescale": 4.218926981253411},
{"mapping": [7, 0, 12, 1, 9, 8, 4, 2, 3, 5, 11, 11, 10, 13], "R": [[-0.18446737013921938, -0.9613039896059297, 0.20461287574745535], [-0.05653287868255319, -0.19746286418870124, -0.978678931465401], [0.9812114058559371, -0.192101683579603, -0.017919826564398778]], "T": [0.0017096515674205667, -0.0968141590928864, -0.012236809643703092], "aligned_model": [[-0.28106073899647965, 0.08305093762877205, 0.2645463782240413, 0.2373410144257607, 0.5534164856373586, 0.6079736545455747, -0.41634602251398584, -0.5506250058382738, -0.6262299383389437, -0.09544898080588818, 0.1879092456138876, 0.1879092456138876, -0.02417421128579364, -0.05467029487015068], [0.08816470014081279, -0.5482845975220846, 0.47559617375072694, -0.7672610678994523, -0.24760024509978978, -0.018682379182391295, -0.6611032423508595, -0.06700433387419158, -0.15794579447772739, 0.2897484161225765, 0.6586704965863533, 0.6586704965863533, -0.29007762397553194, -0.1015268090261083], [-0.730021557241373, -0.6699758823260493, -0.7011540981793651, 0.1712967983617748, -0.22549616581038529, 0.4027382007600729, 0.0756187313923828, 0.3675123346426243, -0.336218703091075, 0.4795668524500463, -0.023481142587023864, -0.023481142587023864, 0.7430722219284672, -0.0350007843435545]], "inverted": true, "swapped": false, "error_lsq": 0.050745771828250186, "error_max": 0.3464141835576753, "target": "1029.xyz", "model": "6.xyz", "model_rescale": 3.89814844738969, "target_rescale": 4.218926981253411},
{"mapping": [0, 8, 6, 2, 3, 7, 11, 4, 10, 9, 12, 5, 13], "R": [[-0.18468276601771888, 0.9704726040513514, 0.15516185330754995], [0.5026222113942854, 0.22893501675585015, -0.8336424117786456], [-0.8445491036933038, -0.07597159264348596, -0.5300614384786442]], "T": [-0.0765674823679346, 0.0681832672330898, -0.02905274540936665], "aligned_model": [[0.056038838562656665, 0.024758288299414913, 0.5685527697776322, -0.3862577243354586, 0.6138788029087721, -0.2612664838468338, -0.8271889407021324, 0.23918238763757455, -0.5549600634334736, -0.50803996748139, 0.09060047055280072, 0.09900222740445828, -0.005668804439798836], [-0.42404894688282524, 0.20630133488066443, 0.46407017118549815, -0.672134295698541, 0.3537009301738319, 0.5799797940401772, -0.035379876158447315, -0.5988594120639523, -0.25011316901754443, 0.4406716307041246, 0.7163700982701275, 0.13065951259582698, 0.05256349344154486], [-0.4445956158744996, -0.6952625592071051, -0.4245985968653938, -0.1673493908819787, 0.20307022681758324, -0.393151164803037, -0.10029828326540363, 0.08208486897428824, 0.3963896161343131, 0.31280048051750037, 0.22896715693891712, 0.6959876725008673, -0.0917693801497558]], "inverted": true, "swapped": true, "error_lsq": 0.045875681564386185, "error_max": 0.2804267721641897, "target": "1029.xyz", "model": "7.xyz", "model_rescale": 3.7474275329858107, "target_rescale": 4.218926981253411},
{"mapping": [13, 12, 11, 1, 12, 0, 2, 8, 4, 5, 7, 9, 3, 14], "R": [[0.7887318141409152, -0.600992012499091, 0.12926997437252447], [0.3478078493339832, 0.26288147533614736, -0.8999572377989743], [0.5068844299282134, 0.7547860165883992, 0.416372722280131]], "T": [0.10253041897437994, -0.04158895191416749, -0.011075472912998815], "aligned_model": [[-0.24553882388196896, 0.3729509598537909, 0.24374152741473626, 0.20646798316046952, 0.3729509598537909, 0.5302269741763607, -0.4378885957448055, -0.5251891695430574, -0.6282327017277298, -0.05119146303933807, 0.36453652720032664, -0.17742297543627028, -0.01811918026552918, 0.06629974701899188], [-0.252633207566199, -0.1942101798259928, 0.40294533125382653, -0.784094143367334, -0.1942101798259928, -0.35632929405223707, -0.6447935259896342, 0.0941193998008318, -0.20782583585837627, 0.4330923973757856, 0.5709171152575504, 0.6623047001096982, -0.13476241556431207, -0.08315597196892795], [-0.8125865165214174, -0.5442003275770158, -0.42208477880671036, 0.04074000224656535, -0.5442003275770158, 0.3790878407469753, 0.21844800343359502, 0.21862362878925323, -0.23596745961719146, 0.5028006441116374, 0.13058167958607406, -0.09169968569587444, 0.689564889084008, -0.03413192883336508]], "inverted": true, "swapped": false, "error_lsq": 0.0555720486618203, "error_max": 0.43074224134000594, "target": "1029.xyz", "model": "8.xyz", "model_rescale": 4.019505241142653, "target_rescale": 4.218926981253411},
{"mapping": [10, 5, 4, 2, 11, 0, 1, 9, 7, 12, 3, 8, 13], "R": [[-0.6472964282892618, 0.13857919134864116, -0.7495352837919782], [0.057416169634017696, -0.9716763315750007, -0.22923457444614914], [-0.7600728368969136, -0.19141816628028302, 0.6210059325234918]], "T": [0.01795941836357829, -0.0791195456404789, 0.06804338150116605], "aligned_model": [[-0.207849965291457, -0.7037014624617908, 0.09167036801360773, 0.434917479334755, 0.22215086191965128, 0.5506211034348564, 0.28019223038786933, -0.36509133209524897, 0.2137448980716815, -0.46060784576471336, -0.38838201902252834, 0.5801258920033849, 0.0719105632111082], [-0.6155893502801209, -0.011760806138920638, 0.215225085684692, -0.36699003720435547, -0.8113990017088513, 0.11183938393441673, 0.5644228881006415, -0.5551822376639652, -0.20707705309277794, 0.04996446989538009, 0.5704678666345218, 0.11927638832748427, 0.0001806316259137658], [-0.3471476069698064, -0.11925313508883263, -0.6138095496026772, -0.5694365456979877, 0.03189815160861387, -0.26715668208958254, -0.24194651903208453, 0.3296081922922905, 0.6795268131868757, 0.5866725872534689, 0.22628469410909796, 0.41124439798103296, 0.07021869609347012]], "inverted": false, "swapped": true, "error_lsq": 0.0506698615419422, "error_max": 0.26664112293619247, "target": "1029.xyz", "model": "9.xyz", "model_rescale": 3.877068213659057, "target_rescale": 4.218926981253411},
{"mapping": [6, 12, 14, 0, 10, 8, 5, 4, 3, 7, 9, 2, 1, 15], "R": [[0.20306448228463986, -0.9472929256399106, 0.24779210856492165], [0.7199738585515322, -0.027062485228352147, -0.693473333947084], [0.6636282536457364, 0.3192236440582745, 0.676530713299305]], "T": [-0.010946442387280963, -0.002358909141499964, -0.12841357700517353], "aligned_model": [[-0.1547575604602612, 0.04127500679164065, 0.25158028514109826, 0.29532105333294373, 0.48033081145602397, 0.5302830931258343, -0.39522216526449594, -0.5613082940660638, -0.5927040422747513, -0.11096086483466132, 0.49321341529220436, -0.03694972140729475, -0.18974977606577498, 0.023240528273325643], [-0.14478074550389608, -0.6932409053395148, 0.5793478045856575, -0.6703059748962834, 0.03258676054031554, 0.05526048180863894, -0.6306284864220635, 0.17255560435414938, -0.21292702454471354, 0.2501711628930428, 0.4219912668936871, 0.6298302477800566, -0.3985238741342546, -0.07997212823613534], [-0.7109416518398634, -0.40796715557040975, -0.5781007606968778, 0.1778754597699409, -0.6389390313035351, 0.4184625803493873, 0.1335118881818248, 0.2245700273311363, -0.26976599642887433, 0.6413345944363402, -0.0910629424301094, 0.0716265622182432, 0.6225786323959501, -0.09820654304363441]], "inverted": true, "swapped": false, "error_lsq": 0.04403008057812173, "error_max": 0.21701524178272963, "target": "1029.xyz", "model": "10.xyz", "model_rescale": 4.260839863003843, "target_rescale": 4.218926981253411},
{"mapping": [9, 12, 3, 5, 4, 10, 11, 7, 6, 1, 0, 13], "R": [[-0.9454370695319827, 0.19912938803249547, 0.2578686378305456], [-0.024176620817380694, 0.7464205240025062, -0.6650352564741788], [-0.32490650741502514, -0.6349833762939217, -0.7008793571433977]], "T": [0.04274072675422472, 0.0972687426199017, -0.05544037900461832], "aligned_model": [[0.23776208125247383, 0.22551734723269107, -0.20493360296172694, -0.45744741867106675, -0.5878732566081148, -0.24242019566869674, 0.3282108251787842, 0.6834128204761671, 0.2905795401768891, -0.2983048897416266, -0.05991584509797046, 0.04431124352632716], [-0.0065116979029497535, -0.5511550646989969, -0.611728084547392, -0.28640466754485977, 0.34026265233803016, 0.48903209158930644, 0.6632842451430417, -0.03701563304567512, -0.463595165349184, 0.05629568239023475, 0.4967324184038817, 0.08388172875749633], [-0.6823183622377731, -0.30202674426007836, 0.16387311443681338, -0.45919543511684113, 0.2612226115246564, -0.5811570447775901, -0.47659011348659497, -0.06657769385687365, 0.5390095350775922, 0.623541024249261, 0.45685178972657725, 0.03954539611635577]], "inverted": false, "swapped": true, "error_lsq": 0.04886208635758638, "error_max": 0.2711754040141519, "target": "1029.xyz", "model": "11.xyz", "model_rescale": 3.890672605050136, "target_rescale": 4.218926981253411},
{"mapping": [0, 8, 1, 5, 6, 9, 7, 4, 3, 10, 11, 2, 12, 13], "R": [[0.9422940484484529, -0.17590895412961977, 0.2848472680501753], [-0.29229537903841474, -0.8471218069202823, 0.44378830046870993], [0.16323399661655824, -0.501438614485502, -0.8496552113954495]], "T": [0.1151067072212004, -0.027397264367498453, -0.10175820542879155], "aligned_model": [[-0.21596901548414807, 0.04385910134028037, 0.12570206443863477, 0.27609629101342964, 0.5747702002619502, 0.7384802093932149, -0.3775340291153315, -0.519437044625354, -0.6795808304960214, -0.06475414706202634, 0.38319343468238676, -0.11030153942010726, -0.08384350886316586, -0.017089417023974957], [0.060626824534767865, -0.5945467804040968, 0.46108414932008696, -0.7020232301623841, -0.04320276509078186, -0.2220683503398277, -0.6498784140856677, 0.24401469526105662, -0.3433435689882915, 0.3985365387477697, 0.41201544183460176, 0.6165755604390001, -0.2427611721622483, -0.08366473912529908], [-0.5827313495390141, -0.540456565300153, -0.7072100509767686, 0.2502848913942854, -0.4489152351055939, 0.32171441599737916, 0.20934707164594296, 0.019678275861747543, -0.45063183010603713, 0.6635985564168422, 0.09268495871577437, 0.0983773909140837, 0.5832011696325556, -0.01396603618152617]], "inverted": true, "swapped": false, "error_lsq": 0.047145543372150885, "error_max": 0.33032187011245484, "target": "1029.xyz", "model": "12.xyz", "model_rescale": 4.124412569039231, "target_rescale": 4.218926981253411},
{"mapping": [3, 5, 9, 1, 12, 6, 4, 8, 10, 0, 7, 11, 13], "R": [[0.5937447974268, -0.41389627953432356, -0.6900412924718734], [-0.625891935305591, -0.7765056846390678, -0.07278878376944424], [-0.5056939794460978, 0.4751092416601239, -0.7201005538403035]], "T": [0.12875250318059217, 0.17745928984677034, -0.0484438945809672], "aligned_model": [[-0.1000179076506387, -0.006732029621173641, 0.6500791752729721, -0.5217752694669824, 0.5033675398864275, 0.07940753185568133, -0.5976651850482487, 0.2431204289562931, 0.1323140400862916, -0.29334589274142364, 0.6795721966398833, 0.5196938663206871, 0.0792798130199885], [-0.24873629715306544, 0.4904953885894081, 0.5108699323025956, -0.2085084433017545, -0.0493220164874657, -0.6599790875440632, 0.3299871722941429, -0.36511338283900213, 0.8918710519082576, 0.04364478106825165, -0.15153797731344548, 0.6649167333308322, 0.0988975216537853], [0.5664861044343642, 0.6179373432124678, 0.1941165285514853, -0.13120364411297591, 0.5197984619823108, 0.11163464530307984, -0.1262132526055083, -0.45552361751104786, -0.07630848909328752, -0.5347354609884367, -0.17873406497993238, -0.4829366061693629, -0.07261986705531745]], "inverted": true, "swapped": true, "error_lsq": 0.04316287088196551, "error_max": 0.23859008989500877, "target": "1029.xyz", "model": "13.xyz", "model_rescale": 3.9028299243045295, "target_rescale": 4.218926981253411},
{"mapping": [3, 7, 0, 14, 4, 13, 9, 1, 6, 12, 8, 2, 11, 15], "R": [[0.7326257364959385, -0.466293057514386, 0.49581278194260936], [0.40616937565684563, -0.2850152938797565, -0.8682123706404814], [0.5461556266324757, 0.8374586955596806, -0.019415579547523154]], "T": [0.05762492055173021, -0.0008720074972448852, -0.05788933804611479], "aligned_model": [[-0.15629040128491511, -0.016504485846385447, 0.24945964283667313, 0.20376776540939798, 0.4782786619234678, 0.6539074362831755, -0.3185792042345137, -0.5083663383442666, -0.5601342656616742, 0.19961845643592338, 0.39334198544011, -0.2885401611469075, -0.2704027343402806, 0.014035411569962616], [0.05996006952581997, -0.7543914310085603, 0.5594187782162482, -0.692926118964294, -0.07451299048385987, -0.18403703985347403, -0.6771222840616543, 0.09309209900995691, -0.1657091194659468, 0.20351439533153828, 0.6835776641111958, 0.6473029498195658, -0.28274486990012065, -0.10405791249772875], [-0.6403231443509476, -0.5552234966712875, -0.6379669914815356, 0.47385686878700745, -0.5841884064259029, 0.4356175860696003, -0.013151474842354662, 0.24710803454000113, -0.2465969865821694, 0.5919601238038592, 0.06592446948540737, -0.10467320787013243, 0.5411116931756883, -0.0784794042677154]], "inverted": false, "swapped": false, "error_lsq": 0.042377732103748025, "error_max": 0.25514875039829443, "target": "1029.xyz", "model": "14.xyz", "model_rescale": 3.942246331269136, "target_rescale": 4.218926981253411},
{"mapping": [1, 2, 3, 9, 5, 10, 7, 8, 0, 11, 4, 13, 6, 14], "R": [[-0.9732450890050586, 0.1190579130311519, 0.19651770930937085], [-0.049626002454644685, 0.7261758992361135, -0.6857155556416915], [-0.22434628726125, -0.6771216853072192, -0.7008387594010508]], "T": [0.04553297904075805, 0.02979624662595043, -0.028651758274967867], "aligned_model": [[-0.05688249023110428, -0.12344487456147284, 0.4033007676998512, 0.3795353155317237, 0.29878648333344293, 0.6252791333474457, -0.35433209622570533, -0.6583856036925064, -0.5390657060952296, -0.06549562934114316, 0.43162175300238753, -0.15930237443081713, -0.08971497771309116, -0.01830793158401406], [0.13155016747002252, -0.5981641859299196, 0.36593542503422466, -0.6651361209274553, -0.2707889029297487, -0.006809365559932529, -0.70456675634804, -0.021617241354594696, -0.285777720632198, 0.33051146638426926, 0.4539295536866119, 0.8070575366091624, -0.23112411551999917, 0.00636444979628447], [-0.8260215890481801, -0.4283517692528434, -0.5535904143459792, 0.20302420050702447, -0.52693961546112, 0.3855401558979973, 0.14966932733805594, 0.2886749005866191, -0.34388965478248645, 0.6127171132670133, 0.09263456983004612, 0.09315633491725149, 0.44718218770824625, -0.09883008379212614]], "inverted": true, "swapped": false, "error_lsq": 0.04799613124888081, "error_max": 0.2600119686928597, "target": "1029.xyz", "model": "15.xyz", "model_rescale": 4.355366556412066, "target_rescale": 4.218926981253411},
{"mapping": [12, 6, 3, 10, 5, 9, 4, 11, 1, 7, 0, 13], "R": [[0.6391952322131942, 0.5367549155588298, 0.5507482326248124], [-0.06844140314642704, -0.6736012702626075, 0.7359192231732706], [0.7659929695834481, -0.5080900405676491, -0.39382646079802175]], "T": [-0.032807402323755286, 0.07657591604993108, 0.013441986376759217], "aligned_model": [[-0.1860141688844033, 0.6214157406162273, 0.09753506204832821, -0.6328628487090107, -0.5806368098815609, -0.5473582745710373, 0.034391769172005426, -0.3356303195583456, 0.48127523389429044, 0.18702997204378102, 0.4018932351346972, 0.05676996332680889], [-0.6039468619901978, -0.46968078713709627, -0.5814760175467681, 0.4643465554035573, -0.26985462425598067, -0.0909591978266849, 0.4140085915607935, 0.5751631314316066, 0.12172879457768698, -0.13427312629048738, 0.5183408102724105, 0.06937915954214041], [0.18101882746747, -0.04095281593401146, -0.3891694610636701, -0.013773422180481179, -0.3610983088997993, 0.3993812301649843, -0.6488411453660226, 0.502259840490916, -0.5457421611631978, 0.592951498964245, -0.2066307292979059, -0.020144891973106017]], "inverted": true, "swapped": true, "error_lsq": 0.04632299005280594, "error_max": 0.2787874493215909, "target": "1029.xyz", "model": "16.xyz", "model_rescale": 3.795458400668931, "target_rescale": 4.218926981253411},
{"mapping": [0, 8, 6, 2, 3, 7, 11, 4, 10, 9, 12, 5, 13], "R": [[-0.18468276601771888, 0.9704726040513514, 0.15516185330754995], [0.5026222113942854, 0.22893501675585015, -0.8336424117786456], [-0.8445491036933038, -0.07597159264348596, -0.5300614384786442]], "T": [-0.0765674823679346, 0.0681832672330898, -0.02905274540936665], "aligned_model": [[0.056038838562656665, 0.024758288299414913, 0.5685527697776322, -0.3862577243354586, 0.6138788029087721, -0.2612664838468338, -0.8271889407021324, 0.23918238763757455, -0.5549600634334736, -0.50803996748139, 0.09060047055280072, 0.09900222740445828, -0.005668804439798836], [-0.42404894688282524, 0.20630133488066443, 0.46407017118549815, -0.672134295698541, 0.3537009301738319, 0.5799797940401772, -0.035379876158447315, -0.5988594120639523, -0.25011316901754443, 0.4406716307041246, 0.7163700982701275, 0.13065951259582698, 0.05256349344154486], [-0.4445956158744996, -0.6952625592071051, -0.4245985968653938, -0.1673493908819787, 0.20307022681758324, -0.393151164803037, -0.10029828326540363, 0.08208486897428824, 0.3963896161343131, 0.31280048051750037, 0.22896715693891712, 0.6959876725008673, -0.0917693801497558]], "inverted": true, "swapped": true, "error_lsq": 0.045875681564386185, "error_max": 0.2804267721641897, "target": "1029.xyz", "model": "17.xyz", "model_rescale": 3.7474275329858107, "target_rescale": 4.218926981253411},
{"mapping": [2, 6, 7, 4, 9, 5, 0, 3, 1, 10, 12, 11, 8, 13], "R": [[-0.01647978090165743, -0.0827129789923643, 0.9964371429887801], [-0.6144511481835018, 0.7870237107863065, 0.055167609664810935], [-0.7887827351795996, -0.6113527964819997, -0.06379306322970385]], "T": [-0.021150835272870698, 0.003694538159671079, -0.03914973102752094], "aligned_model": [[-0.20081748528161775, 0.2804601477899542, 0.05231940623993366, 0.33861405896844093, 0.5530844577106171, 0.5571772680454453, -0.45655938452865186, -0.5505323876187881, -0.6606215487515292, 0.08625367292482805, 0.5699048611538797, -0.2809723048276267, -0.16310190591181056, -0.051617086873307294], [-0.2950280871038154, -0.5860974125108813, 0.5106515787513008, -0.7084087693577461, -0.14496662522286344, -0.031495235602231386, -0.7059979105325627, 0.14367461769370574, 0.10148639290577652, 0.3285243540848533, 0.4607556602589896, 0.6743702848886288, -0.35942439028362216, -0.07668026819084532], [-0.657467943471573, -0.43433966166902027, -0.5914322354063255, 0.19042361741453695, -0.3487912215451755, 0.39388401061984685, -0.11595086568753964, 0.36178658645782047, -0.2841647847652227, 0.5603410802183892, -0.0705379087430389, 0.027359730810751423, 0.5648775767735033, -0.1010123176374342]], "inverted": false, "swapped": false, "error_lsq": 0.048225532790464966, "error_max": 0.2876030950808188, "target": "1029.xyz", "model": "18.xyz", "model_rescale": 3.922800546911778, "target_rescale": 4.218926981253411},
{"mapping": [1, 6, 5, 4, 8, 13, 10, 9, 2, 7, 12, 3, 11, 14], "R": [[0.6237123388457442, 0.3414479001162422, -0.7031331665323295], [0.39262442599620223, -0.9146850141853936, -0.09590299753302596], [-0.6758912475263492, -0.21625137301500663, -0.7045611152954726]], "T": [0.04569446986295999, -0.021913979135084066, -0.12692144113568438], "aligned_model": [[-0.20037818828158796, 0.08753268959186974, 0.31533586072759867, 0.24065841105453137, 0.5758488774203532, 0.5435840477799616, -0.4163847758721673, -0.6426371668754759, -0.6655076849321908, -0.025442306195997584, 0.4590549839106771, -0.20883132924933978, -0.010633476051388709, 0.021391826012923817], [-0.16034588621839127, -0.626347422124806, 0.4999911021298432, -0.677163420558398, -0.16073188563865215, -0.11335008639394259, -0.6474653277140028, 0.026153395571855313, -0.07105846374200608, 0.356418402807211, 0.6150150584162247, 0.5504178229481768, -0.30428027431660365, 0.02411117461217809], [-0.8112224552740539, -0.4565842207736318, -0.6142019831934891, 0.11078503803905315, -0.3990547669211439, 0.3373620426446047, 0.08701529768039218, 0.3050881319859682, -0.1969591269572516, 0.5730894065834512, 0.07818470483923295, 0.002701741572802785, 0.5244924446722081, -0.04572059152862479]], "inverted": true, "swapped": false, "error_lsq": 0.037066703880167425, "error_max": 0.23032808997433415, "target": "1029.xyz", "model": "19.xyz", "model_rescale": 3.9282355846067225, "target_rescale": 4.218926981253411},
{"mapping": [9, 11, 12, 0, 10, 1, 4, 6, 8, 5, 2, 7, 3, 13], "R": [[-0.14945613352751225, 0.9582937813210479, -0.24358959918767983], [-0.9730527296353391, -0.09879881768065873, 0.20834389593678965], [0.1755882954533767, 0.26816379753112096, 0.9472364689946571]], "T": [-0.09803266706799256, -0.00013875108088576976, -0.042341606312969696], "aligned_model": [[-0.24496559348729552, 0.0891813812208523, 0.05919911990771236, 0.31947315122731335, 0.6685923798876304, 0.4736795309787852, -0.34246788556515756, -0.5691471581218651, -0.7564370640901654, -0.022702770789070945, 0.5588111915157635, -0.11847878344122992, -0.08942754170640847, 0.04828181150290299], [-0.06150302492531166, -0.5743443479258857, 0.41640337472576766, -0.6629811541049634, -0.0036708617753882997, -0.13903270326459108, -0.5770872340870975, 0.21262050719722933, -0.24181626388434413, 0.29846681033922007, 0.4474731410008909, 0.6154023570239144, -0.3691332610337626, -0.04943314950699192], [-0.7154463279330092, -0.42783091096503667, -0.766610318781254, 0.12052591236301417, -0.4354165489966724, 0.42172135165493924, 0.039815054128448255, 0.35719398458358764, -0.33681946441980426, 0.5844360876616822, 0.17425929365665754, -0.13609061664368974, 0.6134968437520633, 0.0017413233085927446]], "inverted": true, "swapped": false, "error_lsq": 0.04653003091778933, "error_max": 0.2552044324038491, "target": "1029.xyz", "model": "20.xyz", "model_rescale": 4.067790424073018, "target_rescale": 4.218926981253411},
{"mapping": [5, 1, 4, 9, 8, 0, 10, 11, 13, 3, 2, 6, 12, 14], "R": [[-0.09132285992868047, -0.15321214143673015, 0.9839645191625652], [0.6362201921435562, 0.7511617702229427, 0.17601097143175842], [-0.766083547900138, 0.6420919207340225, 0.028878416937752643]], "T": [0.04323556832687921, -0.0256780912666008, -0.06215508536178617], "aligned_model": [[-0.05311278372787193, 0.05247945981301507, 0.314175538585882, 0.05604851070820933, 0.44244158046069987, 0.6870464985759158, -0.4872554460402024, -0.4831705590385503, -0.5742468659387504, 0.015006248972461965, 0.42427626442044447, -0.26956528080815045, -0.04998487599893393, -0.0005465209444018085], [-0.006186034228139067, -0.7268513696911043, 0.5253150176175455, -0.7693106143520669, -0.11880832861375261, 0.02261109245950382, -0.6429416096934996, 0.02451928844201434, -0.22681864880120112, 0.41354695116211265, 0.5935526800096271, 0.6432973339034932, -0.3350813285911292, -0.08548023984471748], [-0.6442231016851614, -0.48827207090970454, -0.5773934973755961, 0.16344721645707072, -0.458550362191529, 0.23387476169403942, 0.03192920689095338, 0.3098786041364477, -0.3236535070879224, 0.6658761531734164, 0.09622159020665406, -0.10889277886786328, 0.6325343793564336, -0.03780093042772034]], "inverted": true, "swapped": false, "error_lsq": 0.036724827083712094, "error_max": 0.2435660362890858, "target": "1029.xyz", "model": "21.xyz", "model_rescale": 4.186013935880536, "target_rescale": 4.218926981253411},
{"mapping": [9, 11, 10, 3, 6, 5, 12, 7, 4, 0, 8, 1, 13], "R": [[-0.9451961716226334, 0.3227563365066123, -0.049320831245508616], [-0.1603906318713899, -0.3274128861906358, 0.9311689681063335], [0.28439240910722946, 0.8880479430757937, 0.36123649932009644]], "T": [-0.01546818055252136, 0.0032909846692837086, -0.06942480838155164], "aligned_model": [[-0.08331116220166045, -0.3955661284572423, 0.20975392976493684, 0.398904947065555, -0.16466270772845765, 0.6262837680881093, 0.037788934505043933, -0.5796691284315028, 0.4652142683122679, -0.10694847325110357, -0.5494431659048953, 0.22619822694205644, -0.02596927327988191], [-0.39574968178019576, 0.23135759649123988, 0.22683119852396882, -0.4392949641425714, -0.3264626213848081, -0.32176172310360707, -0.7107077681671319, -0.32575400497809515, 0.5424731362952194, 0.5813994736459431, 0.08204426257604608, 0.34601975712448263, 0.02856199844560261], [-0.596628365623369, -0.6880886877344381, -0.7101104253250083, 0.4250750115995514, 0.7041168216607675, -0.27656433964755367, -0.024313578458693544, -0.024438697141699217, 0.1182517124316229, 0.23053318397656286, 0.3570111946122412, 0.5655090355583058, 0.02252669542705618]], "inverted": true, "swapped": true, "error_lsq": 0.05266230798604707, "error_max": 0.2775532821416086, "target": "1029.xyz", "model": "22.xyz", "model_rescale": 4.166573947596378, "target_rescale": 4.218926981253411},
{"mapping": [6, 2, 5, 3, 1, 8, 11, 14, 12, 10, 7, 13, 9, 15], "R": [[0.8032163833689255, 0.46689212236220123, 0.3699394376973921], [0.5956540807980651, -0.6360808533455299, -0.49050725176681614], [0.006297421405263293, 0.6143393964929661, -0.7890167605319313]], "T": [0.05692301543822221, -0.13563803556056614, -0.0032760492238967584], "aligned_model": [[-0.17081987117907085, 0.17375082065025993, 0.20072228065114045, 0.19655292326184978, 0.4170834912463701, 0.6456335695763958, -0.4173554171652312, -0.5818134247046846, -0.5689806189256023, -0.015846653045572, 0.4271293899611923, -0.2081292497788032, -0.10944489162440502, 0.08510942011592801], [-0.1191389010000787, -0.5844132820295158, 0.548135252011952, -0.7072729123799619, -0.06627435511284857, -0.21063572234595593, -0.7591362837799214, 0.23219259167704354, -0.22513662067534052, 0.4972681303335898, 0.4687369480837727, 0.6673734060014378, -0.3192733765915343, -0.11106068441395298], [-0.7292020703313107, -0.4908837617092136, -0.4536512747057616, 0.11986496125150856, -0.6144815566987043, 0.5461549024382307, 0.0883930854999061, 0.2842898613423585, -0.17536904438008077, 0.39052033677525955, 0.09194877452327205, -0.04490609029498357, 0.5435776307547014, -0.06128009109566427]], "inverted": true, "swapped": false, "error_lsq": 0.038538083224527474, "error_max": 0.22066512531436683, "target": "1029.xyz", "model": "23.xyz", "model_rescale": 4.274766983524099, "target_rescale": 4.218926981253411},
{"mapping": [7, 3, 1, 0, 4, 2, 11, 10, 9, 5, 13], "R": [[-0.1906914480056821, 0.024927201419877587, 0.981333483728579], [0.6039861803026325, -0.785077860875776, 0.1373078525290954], [0.7738458927079295, 0.6188952956616238, 0.13465194891637888]], "T": [0.0451667761616934, 0.06788579755275763, -0.06686293647625402], "aligned_model": [[0.41764266533386674, 0.24212939365709996, -0.5142073278498548, -0.579973991547829, -0.5873689043229683, -0.611578044927263, 0.08427523177429089, 0.010936841878811818, 0.5982130994361555, 0.3264940635440637, -0.0066683230182986025], [-0.2848121484878528, 0.775017574736914, 0.4721187932559456, -0.03192468917042336, 0.4013555276810654, -0.2614306196777296, -0.6080535852616049, -0.1141791107855842, -0.12441256674584332, 0.5962751088141048, 0.0956322468844913], [-0.473658875305789, -0.3375802428028996, -0.3873359417455437, -0.24515974925269168, 0.1468940230481599, 0.28433649322035043, 0.2807148310886841, 0.6236832000671388, 0.24768565723956276, 0.38266048332128016, -0.142673444856675]], "inverted": false, "swapped": true, "error_lsq": 0.05201505114153762, "error_max": 0.23766059811676898, "target": "1029.xyz", "model": "24.xyz", "model_rescale": 3.7841303162186577, "target_rescale": 4.218926981253411},
{"mapping": [11, 6, 13, 1, 3, 2, 0, 10, 7, 9, 12, 14, 8, 15], "R": [[-0.3192934205448339, -0.7611701216802522, 0.5645101925191872], [-0.4243372547244968, 0.6474716953515472, 0.6330231417345425], [-0.8473426732141239, -0.037422581149129774, -0.5297262921268675]], "T": [0.011070839381107271, -0.09733095034407704, 0.0021696877832082587], "aligned_model": [[-0.26276129474467186, 0.15853581503905903, 0.14607725112610634, 0.09497027499687129, 0.5530690855312922, 0.5700538567270302, -0.44455337269311374, -0.6967438954249929, -0.5206049671045024, 0.03517079782210231, 0.477254270912532, -0.12376203530810849, 0.05389570025641731, 0.0329902819037461], [0.03985531663873201, -0.5338275992450684, 0.4813072260923119, -0.775646408420584, -0.06661276198471036, -0.04980899170226776, -0.6312213943284878, 0.2144400022543719, -0.3692633746067865, 0.32070607860087674, 0.5000441745231868, 0.6802821266615505, -0.3703561552521958, -0.1285340494522432], [-0.7018356102324591, -0.554383282467992, -0.5067027194360776, 0.29523182768022466, -0.5930581523815417, 0.5062259125170326, 0.22284483487836088, 0.0861475395324901, -0.25508340458448614, 0.4105872963166087, 0.0336001631779897, 0.08240035949573815, 0.5247412641387857, -0.0557403652651552]], "inverted": false, "swapped": false, "error_lsq": 0.04373556645580779, "error_max": 0.270237343659921, "target": "1029.xyz", "model": "25.xyz", "model_rescale": 4.19342608120988, "target_rescale": 4.218926981253411},
{"mapping": [12, 6, 3, 10, 5, 9, 4, 11, 1, 7, 0, 13], "R": [[0.6391952322131942, 0.5367549155588298, 0.5507482326248124], [-0.06844140314642704, -0.6736012702626075, 0.7359192231732706], [0.7659929695834481, -0.5080900405676491, -0.39382646079802175]], "T": [-0.032807402323755286, 0.07657591604993108, 0.013441986376759217], "aligned_model": [[-0.1860141688844033, 0.6214157406162273, 0.09753506204832821, -0.6328628487090107, -0.5806368098815609, -0.5473582745710373, 0.034391769172005426, -0.3356303195583456, 0.48127523389429044, 0.18702997204378102, 0.4018932351346972, 0.05676996332680889], [-0.6039468619901978, -0.46968078713709627, -0.5814760175467681, 0.4643465554035573, -0.26985462425598067, -0.0909591978266849, 0.4140085915607935, 0.5751631314316066, 0.12172879457768698, -0.13427312629048738, 0.5183408102724105, 0.06937915954214041], [0.18101882746747, -0.04095281593401146, -0.3891694610636701, -0.013773422180481179, -0.3610983088997993, 0.3993812301649843, -0.6488411453660226, 0.502259840490916, -0.5457421611631978, 0.592951498964245, -0.2066307292979059, -0.020144891973106017]], "inverted": true, "swapped": true, "error_lsq": 0.04632299005280594, "error_max": 0.2787874493215909, "target": "1029.xyz", "model": "26.xyz", "model_rescale": 3.795458400668931, "target_rescale": 4.218926981253411},
{"mapping": [10, 11, 2, 4, 1, 12, 9, 5, 7, 0, 3, 6, 13], "R": [[-0.4127495459303505, 0.5604710581114414, -0.7179902543584636], [-0.4040103736332197, -0.8191365330895903, -0.40717435841996885], [-0.816341491246792, 0.12201447937604937, 0.5645343536858992]], "T": [-0.07018983861879106, -0.08608386044187666, 0.004368112966836035], "aligned_model": [[0.04641065127828034, 0.4143920155450383, 0.5668381031837686, 0.03933143964109777, -0.02421647288199673, -0.6690578136794819, -0.27886320108799173, -0.6897631143749223, 0.007931943205532824, 0.40331957839727234, -0.7291215793463365, -0.33243930978841246, -0.055085857270591974], [-0.7406553523659503, -0.6353840649087888, -0.28095967345043354, 0.05836374336063621, 0.5247019011637285, -0.08172967965393091, -0.6167913200381722, -0.39431880793914964, 0.020856755541517807, 0.24996568724562895, 0.32575051421839335, 0.684576389355179, 0.0075054107282558485], [-0.25852687302628086, 0.21096805738368196, -0.4639511381546173, -0.719603892781449, -0.44711151361992174, 0.3993412158203573, 0.3458131810708584, -0.28116959896944105, 0.6455215710888009, -0.30452086329281647, -0.0868398463841524, 0.2625755785975778, -0.010359215633171822]], "inverted": false, "swapped": true, "error_lsq": 0.05103319155889013, "error_max": 0.28701683778347187, "target": "1029.xyz", "model": "27.xyz", "model_rescale": 3.6321398670334006, "target_rescale": 4.218926981253411},
