[{"mapping": [8, 5, 10, 2, 9, 1, 4, 13, 3, 12, 6, 0, 7, 14], "R": [[-0.6616307157142193, 0.7321469952780617, -0.161881355717069], [-0.7162731093818155, -0.5532543410671672, 0.42527928102229545], [0.22180538496618127, 0.3973290970916186, 0.8904672704846391]], "T": [-0.14532017681100404, 0.07393204571619558, 0.08893262292828885], "aligned_model": [[0.15799688401641745, 0.3215632451853567, -0.6410852969125448, -0.3995172233635177, -0.5907769488079583, -0.10998188079510941, -0.7573163148320348, -0.03116170340598369, -0.32149301600827124, 0.2790750215838621, 0.5841102885664019, 0.3363543543492953, 0.5972796989540123, -0.053555007401622], [-0.5008121768129299, -0.4302328764742265, -0.4214524915573925, -0.3827068157914981, 0.25312151116633685, 0.2146855143472132, 0.26383476672694006, 0.5035559506361836, 0.6338654165608102, -0.04669438559236658, 0.47784160141985355, 0.5623073104869069, 0.030670778046748018, 0.07728922864745592], [0.2843962054491388, -0.34025039097516946, 0.25686277829700177, -0.29818113460372786, 0.6733178585156597, -0.6421625024346901, -0.10164205045659211, 0.6593455328154436, 0.16515633836073845, 0.7216568231294437, 0.5448759269348138, -0.14366377063096858, 0.0024344121607335067, 0.11544206061800838]], "inverted": false, "swapped": true, "error_lsq": 0.036526492927049535, "error_max": 0.2018547738800464, "target": "103.xyz", "model": "0.xyz", "model_rescale": 3.8414455957264533, "target_rescale": 4.263691469573628},
{"mapping": [13, 9, 2, 8, 6, 7, 11, 0, 4, 10, 5, 3, 1, 12, 14], "R": [[0.19014916260106451, -0.8863505977042836, -0.422168110959809], [-0.9644808505262463, -0.0883388049067022, -0.24894365731189935], [0.18335753306118274, 0.45450948669627933, -0.8716657281164624]], "T": [-0.02586602258315376, 0.08994363554492575, -0.0003521883466588091], "aligned_model": [[-0.7794350201012393, -0.3086771344450939, 0.536456739504257, -0.41741440747632486, 0.41661643768535545, -0.15330383210174006, -0.5737961964978396, -0.3518420963207738, 0.26089555282097904, 0.23234824521418687, 0.6017628780469947, 0.515379829968962, 0.04017535746613385, -0.37951817050513365, -0.007138716094265373], [0.022970817080409947, -0.3057868364431872, -0.01903231145141991, -0.5483516724352303, -0.5480349986929286, 0.2233773464154316, 0.45260369456184285, 0.6871905973157557, 0.4864729412105672, -0.20476414627037426, -0.02320525532128556, 0.5718934181797364, 0.7966847845354447, -0.07784109048432229, 0.13555340882473707], [-0.05030624930106494, -0.47881320926782006, -0.4656715215287927, 0.25178142622830796, -0.08532105555325323, -0.6159088889385316, 0.5423407342510496, -0.25045823688064667, -0.23773277615504512, 0.5607663514056639, 0.16578653854153902, 0.2965555686309053, 0.49427229104501924, 0.6546806259829236, 0.07470136347085288]], "inverted": false, "swapped": false, "error_lsq": 0.045542994019313596, "error_max": 0.25845503118615837, "target": "103.xyz", "model": "1.xyz", "model_rescale": 4.316132596720782, "target_rescale": 4.263691469573628},
{"mapping": [6, 8, 7, 3, 0, 13, 1, 9, 5, 11, 2, 14], "R": [[-0.64964186599515, -0.5451555486210826, 0.5298781687840951], [-0.554812584456843, 0.8164823438569471, 0.15981107063712657], [-0.5197580610963702, -0.19016311413497738, -0.8328802722767719]], "T": [-0.02429279411973472, 0.17819810550309634, -0.04446108862244054], "aligned_model": [[-0.4355728205560296, 0.5409982398725798, 0.0691563055664382, -0.598078231619896, -0.4565110914429788, -0.5077049430632337, -0.08075933961924137, -0.2915858058877909, 0.5493971988377081, 0.3761446280619821, 0.4578394998609133, -0.02551508537867013], [-0.6689317050686583, -0.16594890369726184, -0.488784111233983, 0.30979165000588094, -0.20081961362898287, -0.13088309984653157, 0.39434273144467447, 0.3932072519437725, -0.10583467689342052, 0.037610758273989464, 0.5561511191360228, 0.08287502730547829], [0.08327243623707035, 0.10569568198024677, -0.3718905337811023, 0.017391272759384888, -0.4850910326208498, 0.39572210874911345, -0.7555542234102874, 0.629610284917168, -0.541014840425953, 0.6852721619900622, -0.2628465738827192, -0.051308281302712894]], "inverted": true, "swapped": true, "error_lsq": 0.04990051264828462, "error_max": 0.2935359388895191, "target": "103.xyz", "model": "2.xyz", "model_rescale": 3.795458400668931, "target_rescale": 4.263691469573628},
{"mapping": [13, 12, 11, 2, 3, 4, 8, 0, 5, 1, 9, 14], "R": [[0.7108440047046058, 0.35665952162831815, 0.6062134827000945], [-0.2917657311935056, 0.9337669593777906, -0.2072487000573821], [-0.6399793426952449, -0.029550824120741476, 0.7678236709799636]], "T": [0.10236745830662114, 0.045709978971321556, 0.09043389590084709], "aligned_model": [[-0.1484755960987587, -0.35230556132983626, -0.7184473572881278, 0.14422903421373334, 0.23548526048086418, 0.1594195766036982, -0.22631933870028448, 0.6647110631340507, 0.3798147866250045, 0.7899101480550883, -0.44454698448990976, 0.10982879453804309], [0.042380528493909546, -0.4653673937401587, -0.14444541271750752, 0.14350077575914244, 0.41839250304697184, 0.7011359849718344, -0.4816443890649662, -0.17113168694648495, -0.5265467646473216, 0.15825916912412552, 0.45095344002457016, -0.03971770901440517], [-0.5878333237927578, -0.26604092535311524, 0.1426786453573443, 0.7320543585668975, -0.34974753356144556, 0.20910499175711394, 0.36319850650469443, -0.31127644444006525, 0.5923359354638874, 0.3553454773688351, -0.23927663373523383, 0.04822837650294556]], "inverted": true, "swapped": true, "error_lsq": 0.049217987081781954, "error_max": 0.2736277772700826, "target": "103.xyz", "model": "3.xyz", "model_rescale": 3.7530521520055578, "target_rescale": 4.263691469573628},
{"mapping": [12, 3, 9, 4, 11, 1, 8, 7, 5, 2, 14], "R": [[0.8541991873773669, -0.5124666030286995, 0.08787336948172147], [-0.3017249332421554, -0.6261998246561855, -0.7189129601423103], [0.42344517111883895, 0.5875812798079834, -0.6895233329448319]], "T": [-0.04985457110882671, 0.016370822444006353, -0.08641351915620686], "aligned_model": [[-0.3793271306672067, -0.03970571641671461, 0.36069694240918493, 0.4668846739699073, 0.22464134340760308, -0.17140025890025407, -0.15965074375588761, -0.7516908429832166, -0.3763619242538253, 0.3008435713698734, -0.1367303117342586], [-0.6798902155060035, 0.11241206055998439, -0.43276216211632373, 0.33449893301220174, -0.7490538240848925, 0.7463395917324419, -0.36129326825075414, -0.017847860846364597, 0.23063123294303306, 0.30534918796433086, -0.021180317093307102], [-0.04554380663125117, -0.6704044310548033, -0.5356058173390238, -0.36694173591428103, 0.14030800989175235, 0.0026519515342626337, 0.46662608872304434, 0.17255169555013972, 0.6234075024827678, 0.37887624723545943, -0.07309492723275074]], "inverted": false, "swapped": true, "error_lsq": 0.04203742911120942, "error_max": 0.22757355224413742, "target": "103.xyz", "model": "4.xyz", "model_rescale": 3.7855080009869324, "target_rescale": 4.263691469573628},
{"mapping": [13, 6, 4, 12, 1, 7, 15, 8, 10, 2, 0, 3, 9, 14, 16], "R": [[-0.434637754897715, -0.26311702643663093, -0.8613126333780432], [0.48992405170938325, 0.733402769495836, -0.47126935106422907], [0.7556880610239491, -0.6268092278317089, -0.18985717350387743]], "T": [-0.04165448810199883, 0.08782422130555267, 0.019034154425744083], "aligned_model": [[-0.7351329427765123, -0.2568951925506733, 0.35901423448693903, -0.29860904025019896, 0.31928407381729873, 0.12852848055936494, -0.6029720847698514, -0.5603374703072174, 0.013624287870932575, 0.33559607128874663, 0.6983039385597406, 0.4867189440635908, 0.06855733353432271, -0.2756040283982908, -0.04756713796373403], [-0.11416272422675239, -0.12507567514531281, -0.201144876383547, -0.46455927627128035, -0.57741571414924, 0.39060286507008546, 0.6059864544055875, 0.47825886021619446, 0.8087124239493025, -0.0499635094615383, -0.15605372960713723, 0.38395011862523565, 0.5328847589519181, 0.04461857212002125, 0.09309214893164056], [-0.03714898906211008, -0.5592582813769489, -0.5313858844400701, 0.322204226737072, 0.03586037756412862, -0.6448425825771609, 0.32846680064405626, -0.2526984911526588, -0.07167819473512285, 0.6391004769011038, -0.01916211753140417, 0.35895704938489226, 0.5637253434958212, 0.6523573602270788, 0.07217586785242973]], "inverted": false, "swapped": false, "error_lsq": 0.040843355438365946, "error_max": 0.31098321205943735, "target": "103.xyz", "model": "5.xyz", "model_rescale": 4.2253639853439635, "target_rescale": 4.263691469573628},
{"mapping": [3, 1, 7, 6, 0, 8, 12, 13, 2, 4, 5, 11, 9, 14], "R": [[0.011070933781464565, -0.5757811157916166, 0.8175289237225604], [0.8550857163709964, -0.4183817939222802, -0.3062435177643358], [0.5183684520526947, 0.7024477071014866, 0.48771033073368214]], "T": [0.04743048081408994, 0.09507623903580437, -0.0391132915287255], "aligned_model": [[0.5531466681261146, -0.24650789309292856, -0.44120635575518286, 0.13268119250134217, -0.01808372485100223, -0.4030964317173338, 0.04725593152648181, 0.5523396368042567, -0.30471512217922875, 0.4203062646406927, -0.761793876088894, 0.12374021160542778, 0.7085571203036172, 0.011438530934421327], [-0.06528500910396895, 0.17629349508906705, -0.4720282192532315, -0.8250248894928882, -0.49279586663543223, 0.09071004666226146, -0.3500371515259219, -0.3606484733508128, 0.6341014317932403, 0.5488573760856769, 0.07580195928833955, 0.24969797101699343, 0.22418083839515826, 0.011275637666508992], [-0.3016160759638802, -0.7192341676166136, -0.01826554419605654, 0.1827926771040604, -0.45712777899879864, 0.46837524061810026, 0.5908676390923835, 0.20657243294916874, -0.1309695131519865, -0.35843656351045355, -0.07294966634534672, 0.7872610142913652, 0.3048202380962682, -0.010531723436762348]], "inverted": false, "swapped": true, "error_lsq": 0.03812505767680925, "error_max": 0.2009057977938126, "target": "103.xyz", "model": "6.xyz", "model_rescale": 3.89814844738969, "target_rescale": 4.263691469573628},
{"mapping": [12, 7, 0, 11, 3, 5, 8, 9, 10, 2, 1, 4, 14], "R": [[-0.7215515014361182, -0.4796414349028679, 0.4993070445122938], [-0.4311043362843916, -0.25306345505282574, -0.8660877201262704], [0.5417679226496139, -0.8401803268590884, -0.024177186496316116]], "T": [0.016212400584182537, 0.0955053748186726, 0.015706728529290132], "aligned_model": [[-0.025011492889389073, -0.0012260127753396105, 0.5019260862683257, -0.406464437828559, 0.57225245982235, -0.5043415853239395, -0.5232469124710885, 0.22912781823084916, -0.4831904707317761, -0.4858608017032256, 0.0890805752515396, 0.1593770087443943, 0.026209566310081294], [-0.4243735269839962, 0.3540416215402965, 0.47549293996951414, -0.6280181430320845, 0.02451471056525334, 0.582249929620785, -0.06698987761972544, -0.5623851087743142, -0.22587244668830558, 0.3722051508760148, 0.8225748562937804, 0.14817277148097951, 0.09216838822228769], [-0.5526491915932848, -0.6869048029040985, -0.3641794404410868, -0.08668251758679581, 0.20584373692544508, -0.36960320392927287, -0.3626014993806987, 0.3221277466479764, 0.42399890225544307, 0.32287440759123937, 0.16274622885027584, 0.6665915592288875, -0.07928689482773377]], "inverted": false, "swapped": true, "error_lsq": 0.04014645407703105, "error_max": 0.25266706070697514, "target": "103.xyz", "model": "7.xyz", "model_rescale": 3.7474275329858107, "target_rescale": 4.263691469573628},
{"mapping": [2, 1, 12, 3, 0, 13, 8, 4, 11, 6, 10, 7, 9, 5, 14], "R": [[0.6813106371766864, -0.6354389939839071, -0.36336359283040254], [-0.4544099868875301, 0.022013774588457047, -0.8905206103989082], [0.5738705250200372, 0.7718372099433205, -0.2737516061325268]], "T": [0.004570703053367174, 0.1028087330152397, -0.0060649606790836585], "aligned_model": [[-0.7718090165247219, -0.21428606723143725, 0.33212061940521803, -0.3377360678743321, 0.1412983344777233, -0.15393084223857484, -0.5547128655058452, -0.6346313744838779, 0.42156963226630306, 0.292119516383965, 0.7387289461179876, 0.4357869841978227, 0.06279082178269027, -0.08785103894940338, -0.0369481146590599], [-0.1598797215623271, -0.46008207601064016, 0.1837177179834939, -0.30847846441539634, -0.5377477109651136, 0.603717787196656, 0.3621918348723598, 0.48204628037219033, 0.5628893199478836, -0.33125833030066754, -0.07298822959233452, 0.29009703488914657, 0.743149605481412, 0.18541887201609436, 0.10693677711242007], [-0.19794722330214168, -0.4533428063908377, -0.5225989936804515, 0.47122263898312966, 0.06608928041103881, -0.735502557922134, 0.2857099735890548, -0.2506573411660492, -0.03635855988495562, 0.6230928596603079, 0.06721847378248962, 0.4867364625951919, 0.4024866577399402, 0.699381883924619, -0.04885778640809557]], "inverted": true, "swapped": false, "error_lsq": 0.04867498564815519, "error_max": 0.2828968136455648, "target": "103.xyz", "model": "8.xyz", "model_rescale": 4.019505241142653, "target_rescale": 4.263691469573628},
{"mapping": [8, 12, 7, 5, 2, 1, 0, 10, 4, 9, 6, 3, 14], "R": [[0.30600089134039266, 0.6737842183956362, 0.6725907236498783], [0.9044375184049942, 0.01484001733539897, -0.4263479203501537], [-0.297247758276326, 0.7387791286483849, -0.6048546678940587]], "T": [0.053976079190926195, -0.1098912127802116, 0.10264454199097248], "aligned_model": [[-0.3597035252907962, -0.6514374582321185, -0.013555650661526399, 0.21586011892586662, 0.3222997940559499, 0.773817557651009, 0.3330903466286924, -0.1642873375795669, 0.4015282502621667, -0.3562594647817215, -0.38127805252431024, 0.1860948201982141, 0.013531373089316998], [-0.4000347297002804, 0.11871180605408962, 0.22396077971054365, -0.3642759139182543, -0.6910910951206032, -0.10029172719400001, 0.5085362856677692, -0.7526907309302504, -0.3012053464574434, -0.08964280086285684, 0.6854914936010198, 0.28081819596236945, -0.05490798869804452], [-0.3503721213190861, -0.10980388674221189, -0.5642815152340108, -0.6493145256660158, -0.012252500591371424, -0.09047850736192484, -0.15085987686830724, 0.34463481354536796, 0.6407220579444759, 0.7377378454472848, -0.1819889428492603, 0.5272185638590535, 0.03574208987988532]], "inverted": true, "swapped": true, "error_lsq": 0.05158773036152812, "error_max": 0.3090588715566709, "target": "103.xyz", "model": "9.xyz", "model_rescale": 3.877068213659057, "target_rescale": 4.263691469573628},
{"mapping": [10, 12, 5, 11, 0, 3, 14, 6, 4, 8, 1, 7, 2, 9, 15], "R": [[-0.40366234408387797, -0.6284708812470706, -0.664891768179784], [-0.3346772025132301, -0.5749304188533333, 0.7466231871533655], [-0.8514974351615087, 0.5239077828221885, 0.021742884162668286]], "T": [-0.09228513172413444, 0.20675441682366097, 0.03084513150402351], "aligned_model": [[-0.7389340135111098, -0.23769434154716393, 0.39999359104083876, -0.30649977329163103, 0.20743364403575182, 0.02019522459985673, -0.7058166848072083, -0.5503997965717754, 0.3909456987112487, 0.2104384749203677, 0.7339714992516613, 0.6021195395739195, -0.01803232530961013, -0.3132975397929426, -0.0619137301377459], [-0.04155301466464756, -0.3134268896002434, -0.0319437256694276, -0.47890433410593897, -0.5227582520860434, 0.44926359699228585, 0.5100855816314291, 0.25401822708890553, 0.6657893178136036, -0.16294610831502138, -0.044060641116913046, 0.3840271307203387, 0.6738795642844021, 0.18481075004785366, 0.12344949400459415], [0.18381382964587084, -0.4853552035009942, -0.5274382178140139, 0.200077045974888, -0.07753363482511111, -0.5447404917557958, 0.4064656640450702, -0.37927882684953634, -0.08690716755996311, 0.636652754021622, -0.05458552272634553, 0.4215663963514294, 0.4962868306445852, 0.6523894138103705, 0.015260092469030258]], "inverted": false, "swapped": false, "error_lsq": 0.038811694898712064, "error_max": 0.33132695336130363, "target": "103.xyz", "model": "10.xyz", "model_rescale": 4.260839863003843, "target_rescale": 4.263691469573628},
{"mapping": [5, 2, 4, 1, 3, 0, 7, 8, 10, 9, 12, 14], "R": [[0.506975783203729, 0.8269906058682832, -0.24302693894006044], [-0.6851169219143567, 0.5577065711607544, 0.4685917026481712], [0.5230586568938166, -0.07106277710394295, 0.8493289840566567]], "T": [-0.059693130143035504, 0.012897762063829607, 0.012442142645113966], "aligned_model": [[0.4542086440216328, 0.1966487519546457, -0.4673216435218464, -0.34304514993028484, -0.614468669699974, -0.41418646067218634, 0.1906038009656747, 0.6091341468987977, 0.2823914860105144, -0.23181768536251945, 0.325200686771768, -0.028449258342091967], [-0.021529336218110408, -0.5495138597201956, -0.48833496940208726, -0.2616103034940625, 0.12517293325969073, 0.4644241561133008, 0.5377859695942058, 0.1271613207879943, -0.4838599588154932, 0.015763430194118487, 0.6084278708437776, 0.09919125238979545], [-0.6129219107988414, -0.18997884626290806, 0.18427277589626612, -0.6199480622542266, 0.18562034708439612, -0.42923673345398294, -0.45941786742745433, 0.00010984991521167942, 0.40690293068250755, 0.7489281433643556, 0.31609090866985073, -0.014243458019669558]], "inverted": false, "swapped": true, "error_lsq": 0.03973435630640298, "error_max": 0.21616954277147632, "target": "103.xyz", "model": "11.xyz", "model_rescale": 3.890672605050136, "target_rescale": 4.263691469573628},
{"mapping": [12, 6, 7, 11, 8, 4, 3, 10, 9, 1, 5, 0, 2, 14], "R": [[-0.3773906443137129, -0.9154482055763508, -0.13975294090472834], [0.6078994607140801, -0.358742112638554, 0.7083518492127749], [-0.6985946945461378, 0.18236962336602797, 0.6918863875126623]], "T": [-0.015568387146868368, -0.04073460453461503, 0.13196099729693894], "aligned_model": [[0.6016883348510554, 0.24569185841338603, 0.26149797702861866, 0.6866941618296284, 0.6292088915131806, -0.5043126708135555, -0.4437526043591384, 0.238558116010117, 0.012832322881655034, -0.5205804953061404, 0.2864384773487636, -0.3072555303668063, -0.010532468829452829, 0.03369946459238284], [-0.09637683838475347, 0.21782312940537463, 0.5948165999350268, -0.5088874922552398, 0.11087979460703046, -0.41127274078129505, -0.26156215524922205, -0.4999733437890508, -0.7636092890985757, 0.4332786654587049, 0.6230385163536167, 0.4482618591872052, 0.03166995758100532, 0.014065856857938014], [-0.3272775189792904, -0.744387684328945, -0.1510883792654158, 0.14886467612196413, 0.2796549636873747, 0.3979526086414868, -0.21193691317398733, 0.6258323691362278, -0.08870230709504862, 0.40734183706115973, 0.48488812250747887, -0.31572517007131395, 0.7782770720600274, 0.07109675905514282]], "inverted": true, "swapped": true, "error_lsq": 0.04943898550138044, "error_max": 0.36429283906095444, "target": "103.xyz", "model": "12.xyz", "model_rescale": 4.124412569039231, "target_rescale": 4.263691469573628},
{"mapping": [1, 4, 10, 0, 2, 5, 3, 7, 9, 13, 8, 11, 14], "R": [[0.8010045471986879, 0.547655702924201, -0.24179525723558923], [0.5230423515284558, -0.4437210964630122, 0.7276938140875227], [0.29123601060756316, -0.7093552139853925, -0.6418697426403038]], "T": [0.06000369937437929, 0.10993508644677409, 0.014858115789698518], "aligned_model": [[-0.21261344493503878, -0.10531716033085908, 0.6200340441237748, -0.5035314870129167, 0.4604889120993531, 0.4346748379199808, -0.4589371763476792, 0.020082956087515667, 0.029670084617252783, -0.2684487101267062, 0.6309189386027934, 0.6670371063189626, 0.05323940649332442], [-0.3222192834843075, 0.5148782301984423, 0.5103231001318863, -0.31860739472116806, 0.0005797250506963808, -0.6014521144357574, 0.3946530198689132, -0.5344115172021904, 0.8370340504000863, 0.43259618208764805, -0.11806600532539073, 0.4984353259995419, 0.05374205794007699], [0.5575209112755579, 0.5204380661541606, 0.22803616958132567, -0.13811662409564637, 0.51550294888816, 0.11440833571422647, 0.011965064940613763, -0.36465715643797136, -0.19118477356236616, -0.5428053818032111, -0.2725605067436081, -0.4246911477230959, -0.06215782522030597]], "inverted": false, "swapped": true, "error_lsq": 0.044133265942629896, "error_max": 0.29524027396617036, "target": "103.xyz", "model": "13.xyz", "model_rescale": 3.9028299243045295, "target_rescale": 4.263691469573628},
{"mapping": [9, 7, 4, 6, 3, 10, 11, 14, 5, 2, 0, 8, 12, 1, 15], "R": [[-0.43320899558855136, 0.8127043530058926, 0.38966857808454636], [-0.896323053504275, -0.34313130070681935, -0.2808307216670194], [-0.09452486391384571, -0.4709273246271871, 0.8770932134166523]], "T": [0.02977739814720823, 0.13993683855865927, 0.09146784280644801], "aligned_model": [[-0.6834479171112996, -0.3525161764473268, 0.4161927875609489, -0.32163231696000927, 0.2217219446673466, -0.13978087189031105, -0.6069439892451689, -0.6449750946016054, 0.3399135840793719, 0.3595043633449332, 0.7973894807398507, 0.6551853038396905, -0.02994888840007505, -0.31801822205967345, -0.06013452035221428], [-0.07995775954446876, -0.3077744592702034, -0.00022511791088083988, -0.4021770560328799, -0.4440401271915849, 0.3249376522330341, 0.38710765169534855, 0.627549347269511, 0.507178361851307, -0.101738076574687, -0.1729942218148404, 0.4642964576989591, 0.7361367280056463, 0.017412948039076503, 0.09401836857183965], [-0.11782016894560662, -0.5970335533121788, -0.4474208717400403, 0.2558819531142159, -0.012540040416256365, -0.6102281697593049, 0.3731576585762064, -0.2085217697819289, -0.08474521970680249, 0.703859166530562, 0.08357788995283708, 0.4079531481938016, 0.4453304594807136, 0.6264677106191999, 0.03875476912568906]], "inverted": true, "swapped": false, "error_lsq": 0.03356639866829721, "error_max": 0.19056453196894355, "target": "103.xyz", "model": "14.xyz", "model_rescale": 3.942246331269136, "target_rescale": 4.263691469573628},
{"mapping": [12, 13, 11, 0, 8, 4, 1, 3, 10, 7, 6, 9, 5, 2, 14], "R": [[0.35455675585565805, 0.9047711083067854, 0.2359634472761038], [0.8680115575662933, -0.22466723288702722, -0.4428098580635077], [-0.34762831128728394, 0.3618202261347444, -0.8650090642018462]], "T": [0.0031167220946328525, 0.1533710071759742, -0.0030872674706166822], "aligned_model": [[-0.7424857886873909, -0.3027839618176048, 0.3882934498291838, -0.22813807972749767, 0.16536440712116698, -0.021714654823629824, -0.7488318872859829, -0.539269365817964, 0.4865127933403026, 0.43042035869117795, 0.5099631849638648, 0.5974957389111771, -0.23226011920310985, -0.07199077314140295, -0.05806583518783174], [-0.09250227213294435, -0.15130596560093926, -0.15406498287314271, -0.2918585851834756, -0.6013239820822528, 0.44966874502986154, 0.25876735127047834, 0.6041076147537907, 0.6017647332523076, -0.20612416985434565, -0.078248629611289, 0.4792031632946593, 0.5588177988268654, 0.15958245326399315, 0.11324742467161025], [-0.2304624741229012, -0.6919461502229823, -0.5238876371812891, 0.5345085933671531, 0.05124585483839914, -0.5083149687950956, 0.279943358580151, -0.14165772871238594, -0.27561583618001867, 0.6443340234770519, 0.04432998961902846, 0.43131956550926265, 0.4246862706424955, 0.7564969613916938, 0.06169313972054375]], "inverted": false, "swapped": false, "error_lsq": 0.04781010504007317, "error_max": 0.3044334593601917, "target": "103.xyz", "model": "15.xyz", "model_rescale": 4.355366556412066, "target_rescale": 4.263691469573628},
{"mapping": [6, 8, 7, 3, 0, 13, 1, 9, 5, 11, 2, 14], "R": [[-0.64964186599515, -0.5451555486210826, 0.5298781687840951], [-0.554812584456843, 0.8164823438569471, 0.15981107063712657], [-0.5197580610963702, -0.19016311413497738, -0.8328802722767719]], "T": [-0.02429279411973472, 0.17819810550309634, -0.04446108862244054], "aligned_model": [[-0.4355728205560296, 0.5409982398725798, 0.0691563055664382, -0.598078231619896, -0.4565110914429788, -0.5077049430632337, -0.08075933961924137, -0.2915858058877909, 0.5493971988377081, 0.3761446280619821, 0.4578394998609133, -0.02551508537867013], [-0.6689317050686583, -0.16594890369726184, -0.488784111233983, 0.30979165000588094, -0.20081961362898287, -0.13088309984653157, 0.39434273144467447, 0.3932072519437725, -0.10583467689342052, 0.037610758273989464, 0.5561511191360228, 0.08287502730547829], [0.08327243623707035, 0.10569568198024677, -0.3718905337811023, 0.017391272759384888, -0.4850910326208498, 0.39572210874911345, -0.7555542234102874, 0.629610284917168, -0.541014840425953, 0.6852721619900622, -0.2628465738827192, -0.051308281302712894]], "inverted": true, "swapped": true, "error_lsq": 0.04990051264828462, "error_max": 0.2935359388895191, "target": "103.xyz", "model": "16.xyz", "model_rescale": 3.795458400668931, "target_rescale": 4.263691469573628},
{"mapping": [12, 7, 0, 11, 3, 5, 8, 9, 10, 2, 1, 4, 14], "R": [[-0.7215515014361182, -0.4796414349028679, 0.4993070445122938], [-0.4311043362843916, -0.25306345505282574, -0.8660877201262704], [0.5417679226496139, -0.8401803268590884, -0.024177186496316116]], "T": [0.016212400584182537, 0.0955053748186726, 0.015706728529290132], "aligned_model": [[-0.025011492889389073, -0.0012260127753396105, 0.5019260862683257, -0.406464437828559, 0.57225245982235, -0.5043415853239395, -0.5232469124710885, 0.22912781823084916, -0.4831904707317761, -0.4858608017032256, 0.0890805752515396, 0.1593770087443943, 0.026209566310081294], [-0.4243735269839962, 0.3540416215402965, 0.47549293996951414, -0.6280181430320845, 0.02451471056525334, 0.582249929620785, -0.06698987761972544, -0.5623851087743142, -0.22587244668830558, 0.3722051508760148, 0.8225748562937804, 0.14817277148097951, 0.09216838822228769], [-0.5526491915932848, -0.6869048029040985, -0.3641794404410868, -0.08668251758679581, 0.20584373692544508, -0.36960320392927287, -0.3626014993806987, 0.3221277466479764, 0.42399890225544307, 0.32287440759123937, 0.16274622885027584, 0.6665915592288875, -0.07928689482773377]], "inverted": false, "swapped": true, "error_lsq": 0.04014645407703105, "error_max": 0.25266706070697514, "target": "103.xyz", "model": "17.xyz", "model_rescale": 3.7474275329858107, "target_rescale": 4.263691469573628},
{"mapping": [1, 4, 2, 3, 7, 12, 5, 10, 0, 8, 13, 9, 11, 14], "R": [[-0.26709216043613576, -0.04145441649534881, 0.9627789513624547], [-0.9327209091038723, 0.2622883440017074, -0.2474601590585611], [-0.2422673802929398, -0.9640987272856824, -0.10872056149654466]], "T": [0.047716839569916444, -0.05121412502473737, -0.06487553032464208], "aligned_model": [[0.531695859467255, 0.07242229168563437, 0.6326799654520516, -0.3627603250602526, 0.14935404401424965, -0.36756465184667436, 0.7020467789835615, 0.22072525937285342, -0.070509897296855, 0.25628470146019816, -0.6649945641910264, -0.5250315060263797, -0.1852741356146848, 0.02577382748294548], [-0.37618131052014775, 0.32761062828493404, 0.23035807757603882, -0.11088601273902796, -0.6917064048727848, -0.15684079215757357, -0.37572660853829415, 0.6309771751689667, -0.7394002467161241, -0.005566160208880823, -0.1433694147032861, 0.4409888561414637, 0.45213168780179896, -0.12198123300584945], [-0.5293333358106548, -0.6151504338513428, -0.10395859144284528, -0.48715513791226417, 0.3096208933703847, 0.5765184390485265, 0.2857017598074506, 0.09027777379272628, -0.2573440630938518, 0.5792936113657733, 0.015930422600646588, -0.10661593960115565, 0.5715078026802912, -0.00449848229203019]], "inverted": true, "swapped": true, "error_lsq": 0.035138417756132696, "error_max": 0.2123482067581881, "target": "103.xyz", "model": "18.xyz", "model_rescale": 3.922800546911778, "target_rescale": 4.263691469573628},
{"mapping": [6, 1, 0, 8, 5, 2, 4, 10, 9, 12, 3, 7, 11, 13, 14], "R": [[0.03401085018265093, -0.9944383975257736, -0.09967715684260502], [-0.9944774907523994, -0.023765822889869115, -0.10222380373073006], [0.09928636591528932, 0.10260340729595377, -0.9897548981210431]], "T": [-0.06920785173027247, 0.03656931874195864, 0.07305857480519004], "aligned_model": [[-0.7297019888030998, -0.3166947462589723, 0.48334772698700446, -0.4016454222698097, 0.22272720985362207, 0.043149877824554705, -0.6662867494531788, -0.4817168080353207, 0.25980519832133997, 0.4759159521602593, 0.5616824452720374, 0.48485645201235084, -0.1476749204903288, -0.1562971245010531, 0.0010423645450525626], [-0.016797282359613447, -0.2895657209878543, -0.2673858916947013, -0.41255610634578577, -0.665936392469447, 0.3975153454123545, 0.3413676344774707, 0.6785456940193196, 0.7260915650113461, -0.2683808104947615, 0.0699256558145038, 0.46490121071697194, 0.6573795221774449, 0.14020598534616502, 0.09442028840176397], [-0.11842842917262217, -0.5436822109653144, -0.47533562479369285, 0.32238219633981713, 0.011468269406694265, -0.5354006836730785, 0.3459356821464974, -0.1882905055780534, -0.20810449302260473, 0.5510329482573011, -0.027011558154377502, 0.457448424689345, 0.413177999712677, 0.7464742315311164, 0.10500671520740235]], "inverted": true, "swapped": false, "error_lsq": 0.037162780664387135, "error_max": 0.22777950802625896, "target": "103.xyz", "model": "19.xyz", "model_rescale": 3.9282355846067225, "target_rescale": 4.263691469573628},
{"mapping": [3, 4, 2, 9, 13, 10, 11, 8, 6, 7, 1, 0, 5, 14], "R": [[-0.5257773764970016, -0.4370380086624914, 0.7297642971180863], [0.1849848709975021, -0.8961324107388059, -0.403394719754106], [0.830264263873839, -0.07710046308408508, 0.552011567565619]], "T": [-0.03194711988308593, -0.18690305634789406, 0.02152541635598492], "aligned_model": [[-0.5952887784943789, -0.19502213628203793, 0.508407705767051, -0.4486905297573642, -0.6257566859227686, 0.3230200483554672, 0.1643682786068518, 0.4589349600878448, -0.5051928609417599, 0.1063460477045036, 0.10339226857313424, -0.3584244038975577, 0.6327448473957754, -0.03631594211008487], [-0.3685131199910311, -0.7882763531419775, -0.5416477466602586, -0.14494009478730507, 0.19673454761167491, -0.33227082327227453, 0.3007323132564074, 0.2714068429566677, 0.563291012602782, 0.29268614956952127, -0.6816199400948704, -0.09384112003558447, -0.046632548331148105, -0.10422703225776793], [0.027547401674734982, -0.22070942726728876, -0.05034332982352808, -0.6082449735498795, -0.13076421757462645, -0.5886024005589168, -0.6390028260080786, -0.07607065208088892, 0.36261683659235844, 0.5798060327118347, 0.5623570641859327, 0.6613487470789797, 0.4629653682647846, 0.06927953359826483]], "inverted": true, "swapped": true, "error_lsq": 0.0453259937460726, "error_max": 0.32010183731233804, "target": "103.xyz", "model": "20.xyz", "model_rescale": 4.067790424073018, "target_rescale": 4.263691469573628},
{"mapping": [6, 11, 12, 13, 10, 3, 4, 2, 0, 1, 9, 7, 8, 5, 14], "R": [[0.8552615544363313, 0.480647060194919, -0.19366485749648132], [-0.12377027979350025, -0.1734364340982141, -0.9770367041043722], [-0.5031983618246278, 0.859591883892163, -0.08884369310048448]], "T": [-0.08069553112069558, 0.13023015324857162, 0.05842525922484659], "aligned_model": [[-0.7869673712944815, -0.17359266189322758, 0.40156529263627405, -0.2089444245213221, 0.3085415787642428, -0.21656929407197395, -0.6493706818987152, -0.43389349768220586, 0.20187433822909082, 0.3831868665720035, 0.6509136520743325, 0.5289439716702976, -0.002520772000642574, -0.33564520972309153, -0.03501231969612348], [0.09414362014046862, -0.3201259307043826, -0.042645237996156604, -0.5283486538513693, -0.5906370741404952, 0.3040882563282641, 0.5673045710288488, 0.7251303524422335, 0.756433430713936, -0.14744796919712505, -0.13115833007072547, 0.42659336410373627, 0.4456701902475515, 0.022626584470621602, 0.06810352350977156], [-0.15936994871404211, -0.39608741905810146, -0.5112698029522085, 0.25829942278164847, 0.0699028163903984, -0.7631930811168297, 0.41626184336054833, -0.21555809967690825, -0.12180169144635414, 0.6756878311541059, 0.08019595791900373, 0.37015026800206036, 0.5269913557572967, 0.5798543092639385, 0.04660920026655023]], "inverted": false, "swapped": false, "error_lsq": 0.03885773046945119, "error_max": 0.24449450343834261, "target": "103.xyz", "model": "21.xyz", "model_rescale": 4.186013935880536, "target_rescale": 4.263691469573628},
{"mapping": [3, 4, 9, 6, 7, 13, 0, 1, 11, 2, 5, 8, 14], "R": [[0.05173953273546822, 0.45509411761529817, 0.8889388982738176], [0.9829801611740946, 0.13391095217380894, -0.12576907261348014], [-0.1762754194165097, 0.8803165345487138, -0.4404199989892336]], "T": [-0.05484642195902089, 0.03421488294654169, -0.06337953431010122], "aligned_model": [[0.04277904408732353, -0.32030327911142825, 0.4670239695694117, 0.5428788582749501, -0.028660414852835346, 0.5623913257120946, -0.16543662280212348, -0.7561129499367484, 0.5605744995446696, -0.5158661162765809, -0.44968508221139813, 0.13322675739376832, -0.014235953967878391], [-0.3256006827008858, 0.17149548341044565, 0.21521919995807318, -0.6171262599093652, -0.3386200696299014, -0.2929783573114913, -0.6652201798898822, -0.21806476571385408, 0.5966926069940899, 0.4875605204909927, 0.13679507246976738, 0.38197587314888415, -0.013171781770779524], [-0.5231341764265475, -0.6613826415451151, -0.5800374825581759, 0.28529686935122095, 0.5855553194323448, -0.25030703596283366, 0.0888776029860507, -0.051519853187488404, 0.06891350276965015, 0.006840291639406734, 0.6365777465385581, 0.48818999504508287, 0.009009423253191692]], "inverted": false, "swapped": true, "error_lsq": 0.04863079444926628, "error_max": 0.2860976000263206, "target": "103.xyz", "model": "22.xyz", "model_rescale": 4.166573947596378, "target_rescale": 4.263691469573628},
{"mapping": [8, 9, 11, 10, 14, 3, 0, 4, 2, 13, 12, 6, 1, 7, 15], "R": [[0.7448586186021453, 0.644543841491761, -0.17247862096256297], [-0.164866647695425, -0.07269234257124227, -0.9836334743232247], [-0.6465327731614049, 0.7611038429324535, 0.05211826456890854]], "T": [-0.001163901009315009, 0.09053630547317179, 0.01751621811920777], "aligned_model": [[-0.7790114873333218, -0.13397759260691944, 0.41960774605395973, -0.22661247594051218, 0.33457785797273865, -0.11628426599748332, -0.5476529365055925, -0.4715426723230845, 0.2160488289431311, 0.1476131134027681, 0.6246793434752858, 0.5767818705318443, 0.017812669257962634, -0.4330455633591617, 0.003515031592843199], [0.03367801925915938, -0.3180482443122664, 0.04052013051789654, -0.5081564180198079, -0.6165488414690063, 0.32072853349306896, 0.5264537706970444, 0.6263581795872233, 0.7018402888015302, -0.3653079354238411, -0.07711939669132281, 0.4928946709514159, 0.6980775573092469, -0.042907384500513485, 0.13726776682534986], [-0.19649174425581206, -0.40185039390771704, -0.6477227845684775, 0.4069789198020897, 0.13278039065187683, -0.525793538594484, 0.4395132091430262, -0.15994432420738358, -0.16118831204883116, 0.7152873603423562, -0.08042842999356811, 0.3059500282979621, 0.3898501783826886, 0.5716467613870878, 0.06808564150029281]], "inverted": false, "swapped": false, "error_lsq": 0.0428846595558313, "error_max": 0.24870256793739817, "target": "103.xyz", "model": "23.xyz", "model_rescale": 4.274766983524099, "target_rescale": 4.263691469573628},
{"mapping": [9, 12, 6, 3, 7, 1, 4, 2, 10, 8, 14], "R": [[-0.9305508562403149, -0.17685114588027853, -0.3206224822922585], [0.18893436965336322, -0.9819667978273017, -0.006709092970138202], [-0.3136541214683835, -0.06681975879654245, 0.9471833042871209]], "T": [-0.08979519848190778, 0.02511115024393238, 0.07230635265335097], "aligned_model": [[0.3658977780377466, 0.11329268337125628, -0.47964722009598304, -0.30379348017485686, -0.5108483773061356, -0.6082085935516128, 0.013123325177190018, 0.11614147235833672, 0.5824936849445606, 0.21782320224212295, -0.12637977104454953], [-0.21592893540941052, 0.6558141556395426, 0.6378084551300154, -0.32320404313814194, 0.6379054722148166, -0.26109907810696215, -0.6351539032343736, -0.14128760663694637, -0.1325865710270881, 0.5828314936248385, 0.11048709218719327], [-0.48112864088938456, -0.3226252428165334, -0.5406483302609414, -0.355774907555782, 0.16177921331417336, 0.5249559670640012, 0.09177065790210702, 0.6663549961980992, 0.27857927159411344, 0.3065223019961606, 0.049781147475564023]], "inverted": true, "swapped": true, "error_lsq": 0.045334716101350196, "error_max": 0.20169197493488444, "target": "103.xyz", "model": "24.xyz", "model_rescale": 3.7841303162186577, "target_rescale": 4.263691469573628},
{"mapping": [7, 11, 13, 6, 3, 14, 0, 10, 9, 4, 5, 2, 8, 1, 15], "R": [[-0.6113921110002826, -0.4016937412954318, 0.681793095308758], [-0.7873239826913645, 0.39534508307813315, -0.47309957891014043], [-0.07950240804923081, -0.8260414054331797, -0.5579739811356358]], "T": [-0.06566713024555013, 0.17273318389945264, 0.043087042393114165], "aligned_model": [[-0.6980680090742589, -0.3701597252521106, 0.21579867270162265, -0.2188266610763738, 0.3253637955916405, 0.16379110433849195, -0.6614174874513342, -0.5438914826682811, 0.20604964187488842, 0.2709194816584358, 0.7647732365314504, 0.5366481592803044, -0.055544412469883814, -0.23327400901827888, -0.06965283780185477], [0.02975952695629719, -0.33638843840440263, -0.16135575605511226, -0.5033340532549317, -0.5274030656253363, 0.5138275200402973, 0.36110669483252145, 0.56325548170115, 0.6553586400667482, -0.20525755864352885, -0.07435653900302194, 0.46470269248744683, 0.5516950122495525, 0.2136842637237819, 0.10443627595371573], [-0.0062406575049864035, -0.4442598591580778, -0.6058825865128764, 0.2468067056687742, -0.03376303745995602, -0.6353689508332503, 0.4315801332190939, -0.4302510069402779, -0.14501764477305742, 0.5912994046188818, 0.17966746378264786, 0.3905969357565882, 0.49667633556177654, 0.7664592405404363, 0.054370485965390014]], "inverted": false, "swapped": false, "error_lsq": 0.03855968013802446, "error_max": 0.23379020491531044, "target": "103.xyz", "model": "25.xyz", "model_rescale": 4.19342608120988, "target_rescale": 4.263691469573628},
{"mapping": [6, 8, 7, 3, 0, 13, 1, 9, 5, 11, 2, 14], "R": [[-0.64964186599515, -0.5451555486210826, 0.5298781687840951], [-0.554812584456843, 0.8164823438569471, 0.15981107063712657], [-0.5197580610963702, -0.19016311413497738, -0.8328802722767719]], "T": [-0.02429279411973472, 0.17819810550309634, -0.04446108862244054], "aligned_model": [[-0.4355728205560296, 0.5409982398725798, 0.0691563055664382, -0.598078231619896, -0.4565110914429788, -0.5077049430632337, -0.08075933961924137, -0.2915858058877909, 0.5493971988377081, 0.3761446280619821, 0.4578394998609133, -0.02551508537867013], [-0.6689317050686583, -0.16594890369726184, -0.488784111233983, 0.30979165000588094, -0.20081961362898287, -0.13088309984653157, 0.39434273144467447, 0.3932072519437725, -0.10583467689342052, 0.037610758273989464, 0.5561511191360228, 0.08287502730547829], [0.08327243623707035, 0.10569568198024677, -0.3718905337811023, 0.017391272759384888, -0.4850910326208498, 0.39572210874911345, -0.7555542234102874, 0.629610284917168, -0.541014840425953, 0.6852721619900622, -0.2628465738827192, -0.051308281302712894]], "inverted": true, "swapped": true, "error_lsq": 0.04990051264828462, "error_max": 0.2935359388895191, "target": "103.xyz", "model": "26.xyz", "model_rescale": 3.795458400668931, "target_rescale": 4.263691469573628},
{"mapping": [9, 8, 11, 13, 6, 1, 2, 3, 5, 12, 0, 7, 14], "R": [[-0.5672399077650713, -0.7851144519640347, -0.2486648032108428], [0.8094691720322644, -0.5871181662911477, 0.007205438246256024], [-0.15165271698216912, -0.19719928024243372, 0.9685627998760805]], "T": [-0.1974590827407397, -0.2528296003154036, -0.012373459075455263], "aligned_model": [[-0.014869251693405139, 0.40208399233133735, 0.5954232199228868, -0.11900242053466302, -0.07757296395503657, -0.7772060301010932, -0.15753521113488655, -0.5867737328166167, -0.03549893198999399, 0.37586864263781766, -0.6329869996913373, -0.10441712661522506, -0.16783680353852798], [-0.6106130357836016, -0.09518087296599506, -0.43326370127138686, -0.007266871509942319, 0.5755564295120107, -0.217808687413908, -0.6318845790046806, -0.27845686109941703, 0.051143695252601984, 0.15694009305894463, 0.32477461547790754, 0.4499712256381947, -0.16202994663381376], [-0.6532312207678922, 0.26373005902909424, -0.23910399885555952, -0.6880384965547465, -0.4623733852833227, 0.4547747284543444, 0.514613881562336, -0.45751349388649254, 0.7209270271345866, -0.3260389681375615, -0.04857620703188751, 0.2289194058664061, -0.01595266942987901]], "inverted": true, "swapped": true, "error_lsq": 0.04634000204127986, "error_max": 0.27112969585228186, "target": "103.xyz", "model": "27.xyz", "model_rescale": 3.6321398670334006, "target_rescale": 4.263691469573628},
