[{"mapping": [9, 2, 0, 6, 7, 12, 10, 1, 5, 8, 11, 13], "R": [[0.5954965206867995, -0.8028188834723753, -0.029423361298199002], [0.5543586156429015, 0.38413973846552735, 0.7383245807868796], [-0.5814382332736655, -0.4559808128329573, 0.6738034425674847]], "T": [-0.2292579286684785, 0.23488644057875677, 0.07875546863723129], "aligned_model": [[-0.41428020826005085, -0.2761327481674119, -0.8715570183477052, 0.356008018589666, 0.1874921564105272, -0.6517628210696229, -0.21069774722553536, -0.7084651432587674, 0.047110988268706855, 0.5256479480389242, 0.14827029890214632, -0.14126122797633392], [-0.38395744408927546, 0.4190562418988171, 0.2039513291253981, 0.6552160846791817, -0.3319809360995185, -0.1047513291038876, -0.69472587427928, 0.4805222308326638, 0.661494852134057, 0.03617406083031097, -0.08987473731180853, 0.09910137567579774], [-0.2669932468020938, -0.6663233734918251, -0.34775049012211756, -0.17684782840349503, -0.19760521293668662, 0.2818702373659036, 0.4672208961474691, 0.28628285828478334, 0.6391363617651358, 0.11353533450869249, 0.5676976488240051, 0.059811892628580526]], "inverted": true, "swapped": false, "error_lsq": 0.04827266215938678, "error_max": 0.2746148086859575, "target": "1031.xyz", "model": "0.xyz", "model_rescale": 3.8414455957264533, "target_rescale": 3.88350273077735},
{"mapping": [13, 12, 11, 10, 8, 0, 9, 1, 3, 6, 4, 14], "R": [[-0.847399016381915, 0.5301123018962807, 0.029930827138415272], [0.11863800572120911, 0.13409716453357995, 0.9838409292474819], [0.5175325406517521, 0.8372567693618731, -0.17652527163061377]], "T": [-0.07802217838205233, -0.003153983693229584, 0.18876791331664974], "aligned_model": [[-0.508971804262647, -0.21657917467743365, -0.7396813949698018, 0.27966876055254464, 0.14200050082959725, -0.7286674692107955, 0.07035740949386096, -0.6041905458424459, -0.11505378069437369, 0.6986179573994271, -0.18189439087849701, -0.1052335718348927], [-0.45228143258002984, 0.2611927230354242, 0.27163799150635437, 0.4543658982594919, -0.24504403673987732, -0.14204699823734032, -0.6654936287770872, 0.6762457251068401, 0.6827344189749229, -0.07941280776893406, 0.10681291691563491, 0.0815150845970567], [-0.24414542125407004, -0.5135228535928902, -0.27270998821317494, -0.17332882822136012, -0.5305245309438114, 0.4766686002564283, 0.11949041014711347, 0.28907133267604446, 0.5650160250136633, 0.15648997925081454, 0.7111998027431705, 0.17633054990642424]], "inverted": true, "swapped": false, "error_lsq": 0.06098743529959271, "error_max": 0.3716224963131387, "target": "1031.xyz", "model": "1.xyz", "model_rescale": 4.316132596720782, "target_rescale": 3.88350273077735},
{"mapping": [2, 0, 4, 5, 1, 6, 8, 3, 7, 9, 10, 11], "R": [[-0.5252621521014301, 0.08358259241224109, -0.8468256147610462], [0.8169024705781998, -0.2291180337191518, -0.5293158605104362], [-0.2382646115834413, -0.9698035248803334, 0.052068205237679244]], "T": [-0.11091013590261886, 0.07585529920396249, 0.06789969317899577], "aligned_model": [[-0.4432282213462414, -0.058185688321244045, -0.7771261991871182, 0.006266446038563439, 0.22344270436528155, -0.8259884269798964, -0.24643362350375977, -0.43572939374135133, 0.20255957290219292, 0.610770268957259, -0.02889934212827852, -0.23707560115086487], [-0.4976349932798585, 0.16452579232530967, 0.2432108706677676, 0.6551762528829087, -0.30903332288286484, -0.06885856274750322, -0.65566141077183, 0.5767446258896368, 0.6926674627135894, 0.24530933662882942, -0.1820373964874601, 0.08581719935393173], [-0.4433722268976974, -0.6344333722987029, -0.282068878064867, -0.18981480619986354, -0.11828889454242911, 0.44713167862933034, 0.25107393576650405, 0.3410651027545464, 0.6351215337212628, 0.0475471092224773, 0.6371108893116821, 0.06896300636610965]], "inverted": true, "swapped": false, "error_lsq": 0.055332702108422255, "error_max": 0.28501355114743576, "target": "1031.xyz", "model": "2.xyz", "model_rescale": 3.795458400668931, "target_rescale": 3.88350273077735},
{"mapping": [0, 2, 10, 6, 1, 4, 7, 5, 3, 8, 9, 11], "R": [[-0.18019817304692065, 0.852961009457016, -0.489883797217892], [0.43681301044968823, -0.37684137157540576, -0.8168139167344346], [-0.8813189050125005, -0.3611759917481167, -0.30467833965074015]], "T": [-0.19840000683020032, 0.05120577248883582, -0.00030718801295664955], "aligned_model": [[-0.5058695837352121, -0.2097523457483469, -0.8356454055932493, 0.21778023295072158, 0.2055630780365713, -0.7698259005429167, -0.04316813451986409, -0.5023384655449284, 0.1749425616180339, 0.5476424905291394, -0.03583883230244658, -0.2531171992429597], [-0.5703409599177708, 0.40712499294297044, 0.337722962768248, 0.452765514266442, -0.21145924348835907, -0.15014312024106605, -0.583567666730796, 0.520114125057587, 0.6057884791119775, 0.11032091324670959, 0.10597603470811515, -0.07407617743160114], [-0.3627296802623536, -0.6792165665955383, -0.22577766685636738, -0.11362125783793742, -0.4053871275388148, 0.20918220244551622, 0.3950003420143373, 0.4258042830302428, 0.4357242026402797, 0.22439022919149587, 0.8512377172738179, 0.005428400263673826]], "inverted": true, "swapped": false, "error_lsq": 0.06281043359086312, "error_max": 0.362667877315353, "target": "1031.xyz", "model": "3.xyz", "model_rescale": 3.7530521520055578, "target_rescale": 3.88350273077735},
{"mapping": [2, 8, 3, 9, 1, 10, 0, 5, 6, 4, 11], "R": [[0.8330661526420964, 0.0651587355983376, -0.5493224230789431], [0.53043903654577, -0.37585702667655135, 0.7598459870304362], [-0.1569560888608361, -0.9243840298669641, -0.3476765040902552]], "T": [0.07297280173823861, 0.008192945850912972, 0.039769913143407234], "aligned_model": [[-0.4164283926514254, -0.3148470876005868, 0.40108642423195245, 0.7096275848278589, 0.2362021912689804, -0.2745445440865575, -0.2943514804769952, -0.7292768435948886, -0.30686898125176154, 0.3698463224887896, -0.042245590710161374], [-0.72828295574388, 0.2068286132722192, -0.18964578299264956, 0.4226810041041149, -0.725203963911016, 0.503503267063447, -0.33467368575136375, -0.076839595451333, 0.40157782374471657, 0.1096441336262572, -0.12238549964616628], [-0.04443964209222297, -0.8412206053847673, -0.4750847402344219, -0.18262183106604157, 0.10689011507581485, -0.1691982067370667, 0.5567732404833011, 0.21856896152123068, 0.6259317273407182, 0.30576692284075074, -0.008535164501978665]], "inverted": false, "swapped": true, "error_lsq": 0.055509186826540984, "error_max": 0.27561947080533483, "target": "1031.xyz", "model": "4.xyz", "model_rescale": 3.7855080009869324, "target_rescale": 3.88350273077735},
{"mapping": [9, 3, 2, 4, 10, 14, 15, 12, 11, 7, 13, 16], "R": [[-0.5780540861002524, 0.8154963519573452, 0.028621206946314492], [-0.8118411990156226, -0.5782912574484255, 0.08057970674801024], [0.08226385064947084, 0.02334355377787718, 0.9963371604900326]], "T": [-0.07954844674441398, 0.14955664884418968, 0.05729928730134537], "aligned_model": [[-0.46340510488625825, -0.3080357686403237, -0.7077276979327359, 0.3629570979689445, 0.22487643106593913, -0.6992078689137349, -0.22514426547866323, -0.5381731421704099, -0.07858125836514614, 0.646709221621397, -0.09519681804702534, -0.12869833031744043], [-0.33017445939239265, 0.03457426539951294, 0.26723040404681564, 0.7191455474515267, -0.4220502958170807, -0.08387056529034614, -0.6229015386914236, 0.43184355323847606, 0.6518686172484127, 0.14015331954707752, 0.03610817408561248, 0.12829883246626533], [-0.30245917200061223, -0.5884477224706369, -0.3132805331040337, -0.10627978638035296, -0.2766996178756679, 0.1959763753550033, 0.30514664508866335, 0.4732833679619594, 0.673836373975662, -0.12663235329889014, 0.7726678712676295, 0.05292362924962861]], "inverted": false, "swapped": false, "error_lsq": 0.04599814505280858, "error_max": 0.22399101618880346, "target": "1031.xyz", "model": "5.xyz", "model_rescale": 4.2253639853439635, "target_rescale": 3.88350273077735},
{"mapping": [5, 6, 2, 7, 11, 10, 8, 4, 0, 12, 9, 13], "R": [[0.8591225953612052, 0.3728899667981218, 0.3505159608364822], [0.4839504310510369, -0.8146946102898417, -0.3194756207446797], [0.16643421050175433, 0.44410107478588523, -0.8803828081855524]], "T": [-0.22474481448057138, 0.09418687866106516, 0.1401361856769044], "aligned_model": [[-0.4644189491441296, -0.0896457460681972, -0.7473202810054085, 0.2845734914633471, 0.21824183520238538, -0.9040453028593137, -0.2359569521094501, -0.7406188361951108, 0.10464086323890032, 0.6856533434977385, 0.11389192343232946, -0.23462289354854807], [-0.3305431922619733, 0.24579302594279034, 0.18611064838323155, 0.6466737102233252, -0.3527608171962447, -0.28451215921614376, -0.5861023028492371, 0.5527474121970074, 0.6635342370950795, 0.11249070319071793, -0.049433928918675415, 0.1462285177025785], [-0.26347494211526884, -0.4701766733909752, -0.2705175789273512, -0.11431298450767946, -0.3176349079754792, 0.200554391446501, 0.42813929866099193, 0.29668503750860786, 0.5988423117359463, -0.06525107884141768, 0.6272651735756286, 0.10991703059884825]], "inverted": false, "swapped": false, "error_lsq": 0.051489706952870785, "error_max": 0.26599577080263825, "target": "1031.xyz", "model": "6.xyz", "model_rescale": 3.89814844738969, "target_rescale": 3.88350273077735},
{"mapping": [5, 2, 1, 4, 10, 6, 9, 0, 7, 11, 8, 12], "R": [[-0.42095096174747, -0.13184363875899557, -0.8974505795433348], [-0.718869400379492, 0.6518764521741481, 0.24142053827061832], [0.5531971375575885, 0.7467759677571533, -0.3691863770217659]], "T": [-0.15042694678526675, 0.19371575054752413, 0.15233861694190914], "aligned_model": [[-0.5734633407167316, -0.2211107511519702, -0.8718090087677874, 0.2598734009816241, 0.13478185014694982, -0.6508622662001218, -0.06312906445330668, -0.6151711233089431, 0.04835623715648296, 0.602739597879071, 0.012408324683128885, -0.0722413603438534], [-0.37589689029279383, 0.3165888783904691, 0.1673390490028409, 0.5522189825020845, -0.18312034308608358, -0.13530992812910134, -0.6952615720708135, 0.56106481774514, 0.713817741179865, -0.020184448295673868, -0.11337924040282751, 0.16234880774935087], [-0.1625554173445622, -0.5415301305711253, -0.2877850046683263, -0.19208096102191224, -0.40940346243221665, 0.46647623786833714, 0.14568439682974602, 0.14351248048928741, 0.5005538444495712, 0.35807444307880776, 0.7327385766367311, 0.006350074454014393]], "inverted": true, "swapped": false, "error_lsq": 0.058065662699237575, "error_max": 0.3811242103269332, "target": "1031.xyz", "model": "7.xyz", "model_rescale": 3.7474275329858107, "target_rescale": 3.88350273077735},
{"mapping": [7, 9, 5, 4, 12, 6, 10, 3, 2, 13, 1, 14], "R": [[0.7602453511754035, 0.6496349567328827, 0.0011954107465136227], [0.6383298389603873, -0.7466710205331601, -0.1871293771399222], [-0.12067320625968903, 0.14302730538828826, -0.9823345495320683]], "T": [-0.12405740443453983, 0.03566522578051996, 0.07483622845771293], "aligned_model": [[-0.5689306476528497, -0.3003792440010595, -0.7481962036433869, 0.2981491561785679, 0.352702153811951, -0.8881319108320822, -0.32804044889362294, -0.6722436727829325, 0.04984143881421338, 0.7427082697083781, 0.13111887678985396, -0.07822527159248802], [-0.28135635773747664, 0.13318272695122524, 0.24954703369850673, 0.6746034773902949, -0.3551598619287392, -0.2061945575597675, -0.6948241723369887, 0.38847619550100926, 0.7272654895432314, 0.14482695033269444, 0.09983141039403388, 0.07002752004443297], [-0.3319348926610084, -0.6598347087282481, -0.20395902900869278, -0.08555509503149497, 0.09930443715831641, 0.23178237295857573, 0.08112244348631586, 0.3734174934824365, 0.5220920426512679, -0.1370902038553346, 0.7788032634121105, 0.09188695390410849]], "inverted": false, "swapped": false, "error_lsq": 0.05443381497793177, "error_max": 0.30668836101767616, "target": "1031.xyz", "model": "8.xyz", "model_rescale": 4.019505241142653, "target_rescale": 3.88350273077735},
{"mapping": [6, 1, 9, 0, 2, 11, 6, 8, 4, 3, 5, 12], "R": [[-0.10986057635379037, 0.41083106769283195, 0.9050682226117437], [0.3343843510970016, 0.8727804149350391, -0.35558606981609686], [-0.936011623594841, 0.26357575974316894, -0.23325963939601957]], "T": [-0.22297871244708295, 0.10717286429643307, -0.03438567591449965], "aligned_model": [[-0.2756887193115718, -0.2772455753654077, -0.8478080064101667, 0.20601249835732244, 0.28994758985479124, -0.6881282895888264, -0.2756887193115718, -0.6033632484001696, 0.179055517443227, 0.5528752717173739, -0.04237002263365214, -0.2272258004468056], [-0.6171301212819602, 0.2035911219820159, 0.3565693536346614, 0.5705992474725146, -0.14154229045423716, -0.043282239124347824, -0.6171301212819602, 0.5427949445700754, 0.6503927170289746, 0.08007460887012209, -0.13272417045631946, 0.09801280333291727], [-0.008526862610937061, -0.700766895145982, -0.1557520878323109, -0.18881561634055744, -0.19256134541184883, 0.35064504588895434, -0.008526862610937061, 0.3144379749062566, 0.44610921566798334, 0.3340937503100267, 0.5659097788597891, 0.003788982087915359]], "inverted": true, "swapped": false, "error_lsq": 0.06826246383528346, "error_max": 0.44558056434696586, "target": "1031.xyz", "model": "9.xyz", "model_rescale": 3.877068213659057, "target_rescale": 3.88350273077735},
{"mapping": [1, 5, 0, 6, 4, 8, 7, 11, 10, 13, 9, 15], "R": [[0.045259279006548074, -0.3652927694679572, 0.9297917994036284], [0.8241724704817006, 0.5396243900759132, 0.1718873367508177], [-0.5645275339289464, 0.7585293074164166, 0.32548725509069265]], "T": [-0.02209079884224832, 0.13141728350878767, 0.06797073841809126], "aligned_model": [[-0.5633767563997953, -0.3175488613267723, -0.7699118527033463, 0.2923428087304455, 0.2140895928501001, -0.6010006029159113, -0.2289733378677782, -0.5800159979435757, -0.011808099667739935, 0.7438289633551567, -0.08200820057402478, -0.10524515963221534], [-0.36782225102202093, 0.08556529309466983, 0.2747471069379239, 0.6402488555777044, -0.40967032651620816, -0.18893960148629974, -0.6578862510372577, 0.5433825015300959, 0.6898843171256905, 0.13151267715106654, 0.05705638377624955, 0.15214714916084263], [-0.3910238252925321, -0.6542463830422658, -0.16437871553357924, -0.08211761162795256, -0.2629880212521397, 0.4649063009364114, 0.0900187500354245, 0.3202788984369542, 0.5052573925943897, 0.17287738615404166, 0.7210600626765218, 0.04039084368307874]], "inverted": false, "swapped": false, "error_lsq": 0.04422887861583507, "error_max": 0.2230305990776268, "target": "1031.xyz", "model": "10.xyz", "model_rescale": 4.260839863003843, "target_rescale": 3.88350273077735},
{"mapping": [0, 3, 1, 2, 5, 7, 6, 8, 9, 4, 10, 11], "R": [[-0.8750775632861453, 0.45784601231890715, 0.1568957846369938], [-0.2733152498090243, -0.7350245845632545, 0.6205140081492488], [0.39942212314168757, 0.5001158756641211, 0.7683398196460316]], "T": [-0.17074400479155774, 0.11386895544617459, 0.08846935058438829], "aligned_model": [[-0.6657530825825131, -0.04949848142378739, -0.6782342622560917, -0.04226776623880099, 0.3038952875062769, -0.7354799997985537, -0.1861807861720916, -0.47299452091036176, 0.21718845443873422, 0.5425559131497683, -0.013298805287569299, -0.2295594545204669], [-0.5117142946735695, 0.061704542813360574, 0.36851510789632747, 0.6883449476185464, -0.32000691348477117, -0.13323390485166936, -0.721352281194428, 0.6473373543779767, 0.5924724653231201, 0.2734624429670396, -0.10071016503882602, 0.10540655253934958], [-0.27710674208195885, -0.6089627024004998, -0.35971545366739144, -0.2634231282871463, -0.11908829156430573, 0.3112227156730618, 0.1621071554089479, 0.4621931789734801, 0.59461196740915, 0.1313179725814441, 0.6563607154132909, 0.07051769031027974]], "inverted": false, "swapped": false, "error_lsq": 0.061851910651886076, "error_max": 0.3332953057965987, "target": "1031.xyz", "model": "11.xyz", "model_rescale": 3.890672605050136, "target_rescale": 3.88350273077735},
{"mapping": [5, 8, 7, 0, 6, 12, 9, 4, 2, 1, 11, 13], "R": [[0.1207460441812023, -0.14740728978527629, 0.9816778920464446], [-0.9916819465601905, 0.02649800090836621, 0.12595543979698542], [-0.044579251689355864, -0.9887208639783123, -0.1429816192830298]], "T": [-0.09857128513747239, 0.059795501603089066, 0.0692691279014657], "aligned_model": [[-0.6460745846453938, -0.10149559525628257, -0.8624646161156733, 0.16497228031003175, 0.34293757243956047, -0.8023017264059081, -0.2529814689329796, -0.31202273756325477, -0.0030486559230513827, 0.6107537454636762, 0.10066472830994695, -0.2485664457761289], [-0.403073231683677, 0.06457422114683828, 0.21572237089185498, 0.5230175077677353, -0.26253924509276394, -0.023418382028557172, -0.6856962217131127, 0.6864245206501313, 0.4151241860325701, 0.37900614385004894, -0.095150768284457, 0.1362347527558456], [-0.2323346761337349, -0.6512582193158237, -0.2758655713062992, -0.18502342382436324, -0.11301796350958576, 0.29942355942113996, 0.23119504191364176, 0.29912037060118885, 0.6776942153167256, 0.08542020307315232, 0.5582055535119612, 0.06647598802034903]], "inverted": true, "swapped": false, "error_lsq": 0.05690166507114744, "error_max": 0.3391780062600811, "target": "1031.xyz", "model": "12.xyz", "model_rescale": 4.124412569039231, "target_rescale": 3.88350273077735},
{"mapping": [2, 11, 8, 9, 10, 1, 4, 6, 3, 7, 0, 12], "R": [[-0.1645559168900187, 0.8564809308262866, 0.48924611939945234], [0.7738129193664862, -0.1954881987471358, 0.6024930953729813], [0.6116656897668867, 0.4777287716702211, -0.6305872696784011]], "T": [-0.043968157845677064, 0.10702960823081231, 0.20880105661528653], "aligned_model": [[-0.5357833217010539, -0.23415757009279947, -0.5344030571663196, 0.08015202571665189, 0.2022301104718712, -0.8259877013738667, -0.1456301693917936, -0.5065959729481642, 0.01907261810435902, 0.5509661127991328, -0.03702547672242057, -0.04246510179105385], [-0.401814214245923, 0.03212325210802147, 0.30341647419992, 0.6608732239838259, -0.2597537755256773, -0.040355776548089, -0.6691909168760278, 0.5854074165595449, 0.6110166615186361, 0.18644610174286788, -0.08431203500964365, 0.026369442385000802], [-0.28271834542098545, -0.7652471386081297, -0.2767933516120173, -0.08529535839597174, -0.38235546612221244, 0.38081059356678854, 0.28244063538095693, 0.2776704400608858, 0.7095767413802325, 0.027627359057881884, 0.7566218011429908, 0.1176971673379329]], "inverted": true, "swapped": false, "error_lsq": 0.05200879729774227, "error_max": 0.2532173228352919, "target": "1031.xyz", "model": "13.xyz", "model_rescale": 3.9028299243045295, "target_rescale": 3.88350273077735},
{"mapping": [12, 2, 1, 3, 5, 11, 13, 9, 7, 4, 10, 15], "R": [[-0.136109763629562, 0.9690152397151601, -0.2061154954011837], [0.9711021704238985, 0.17166983482271492, 0.16580121353577423], [0.196047715729356, -0.1775920409582378, -0.964378743101272]], "T": [-0.1327167482544326, 0.08324777976243965, -0.06393367533287128], "aligned_model": [[-0.49036745164165263, -0.22549276594096623, -0.7144630746359009, 0.16839776368866374, 0.15885427158782325, -0.8341218485438676, -0.13660324255555667, -0.5149603464448996, 0.07250865928249156, 0.5211369921797621, 0.14717388119980665, -0.16169034227116058], [-0.4952723270842258, 0.23102224272858002, 0.26357851388930076, 0.6144061183590873, -0.33750845746233077, -0.0277372599732236, -0.6364531251969161, 0.4579962704294595, 0.6216928912875443, 0.1510112858611641, -0.04147578622239047, 0.14896548767640722], [-0.2110416265171481, -0.7792693225594589, -0.2903200570207711, -0.18999046917862497, -0.056697455342283445, 0.1399532898727712, 0.2746912711166859, 0.4966899567491677, 0.6350565605168086, 0.1011319699241886, 0.6153732285630862, 0.024457731643930725]], "inverted": true, "swapped": false, "error_lsq": 0.04804991204084378, "error_max": 0.2769489309419785, "target": "1031.xyz", "model": "14.xyz", "model_rescale": 3.942246331269136, "target_rescale": 3.88350273077735},
{"mapping": [12, 8, 13, 6, 0, 3, 1, 4, 10, 7, 5, 14], "R": [[-0.23504366688049305, 0.8210647097459564, -0.5201992090239665], [0.539315384266606, 0.5554168434055908, 0.6329700201073766], [0.8086367484555318, -0.1317758417584878, -0.5733600409656283]], "T": [-0.13325180102364426, 0.1856106838816328, 0.11913728193887183], "aligned_model": [[-0.6830430202400917, 0.11821627817755648, -0.8201762746552186, 0.21474440594027538, 0.2585595663356404, -0.6105203796477703, -0.31899318497290535, -0.6121507520192466, -0.17053841475418463, 0.6895293943116823, 0.030806311628705313, -0.10606143419989969], [-0.33708421772813013, 0.2457924330197295, 0.27637350761919965, 0.5730038480765403, -0.32453819876504886, -0.16924795106352367, -0.5928623330321801, 0.45317500691159496, 0.7669817385774772, 0.1774478690513584, -0.21571751270083558, 0.09690166432627509], [-0.18515848416115302, -0.6102342890051355, -0.3060999740235899, -0.08485920237446912, -0.23716238521035146, 0.5226691686140307, 0.24610710515028758, 0.32584747689653326, 0.5309842453142412, -0.11312115426024044, 0.5826026770763371, 0.08845989375186203]], "inverted": false, "swapped": false, "error_lsq": 0.05397446419688195, "error_max": 0.3870844095123261, "target": "1031.xyz", "model": "15.xyz", "model_rescale": 4.355366556412066, "target_rescale": 3.88350273077735},
{"mapping": [2, 0, 4, 5, 1, 6, 8, 3, 7, 9, 10, 11], "R": [[-0.5252621521014301, 0.08358259241224109, -0.8468256147610462], [0.8169024705781998, -0.2291180337191518, -0.5293158605104362], [-0.2382646115834413, -0.9698035248803334, 0.052068205237679244]], "T": [-0.11091013590261886, 0.07585529920396249, 0.06789969317899577], "aligned_model": [[-0.4432282213462414, -0.058185688321244045, -0.7771261991871182, 0.006266446038563439, 0.22344270436528155, -0.8259884269798964, -0.24643362350375977, -0.43572939374135133, 0.20255957290219292, 0.610770268957259, -0.02889934212827852, -0.23707560115086487], [-0.4976349932798585, 0.16452579232530967, 0.2432108706677676, 0.6551762528829087, -0.30903332288286484, -0.06885856274750322, -0.65566141077183, 0.5767446258896368, 0.6926674627135894, 0.24530933662882942, -0.1820373964874601, 0.08581719935393173], [-0.4433722268976974, -0.6344333722987029, -0.282068878064867, -0.18981480619986354, -0.11828889454242911, 0.44713167862933034, 0.25107393576650405, 0.3410651027545464, 0.6351215337212628, 0.0475471092224773, 0.6371108893116821, 0.06896300636610965]], "inverted": true, "swapped": false, "error_lsq": 0.055332702108422255, "error_max": 0.28501355114743576, "target": "1031.xyz", "model": "16.xyz", "model_rescale": 3.795458400668931, "target_rescale": 3.88350273077735},
{"mapping": [5, 2, 1, 4, 10, 6, 9, 0, 7, 11, 8, 12], "R": [[-0.42095096174747, -0.13184363875899557, -0.8974505795433348], [-0.718869400379492, 0.6518764521741481, 0.24142053827061832], [0.5531971375575885, 0.7467759677571533, -0.3691863770217659]], "T": [-0.15042694678526675, 0.19371575054752413, 0.15233861694190914], "aligned_model": [[-0.5734633407167316, -0.2211107511519702, -0.8718090087677874, 0.2598734009816241, 0.13478185014694982, -0.6508622662001218, -0.06312906445330668, -0.6151711233089431, 0.04835623715648296, 0.602739597879071, 0.012408324683128885, -0.0722413603438534], [-0.37589689029279383, 0.3165888783904691, 0.1673390490028409, 0.5522189825020845, -0.18312034308608358, -0.13530992812910134, -0.6952615720708135, 0.56106481774514, 0.713817741179865, -0.020184448295673868, -0.11337924040282751, 0.16234880774935087], [-0.1625554173445622, -0.5415301305711253, -0.2877850046683263, -0.19208096102191224, -0.40940346243221665, 0.46647623786833714, 0.14568439682974602, 0.14351248048928741, 0.5005538444495712, 0.35807444307880776, 0.7327385766367311, 0.006350074454014393]], "inverted": true, "swapped": false, "error_lsq": 0.058065662699237575, "error_max": 0.3811242103269332, "target": "1031.xyz", "model": "17.xyz", "model_rescale": 3.7474275329858107, "target_rescale": 3.88350273077735},
{"mapping": [1, 7, 11, 9, 2, 3, 0, 10, 5, 6, 8, 13], "R": [[0.77055262087332, -0.3289846657396489, 0.5459100183852915], [-0.5101809656425316, 0.19504153737239832, 0.8376599435304672], [-0.3820524057787254, -0.9239739652217389, -0.0175519466471764]], "T": [-0.17453266527687122, 0.142956681119094, 0.057751804698878646], "aligned_model": [[-0.49216535096320574, -0.245689723671269, -0.8199958591391181, 0.38727128752750223, 0.20789754484401873, -0.7454968433483844, 0.11460398934857502, -0.607341686654143, -0.018020186184687176, 0.5825786798399111, -0.2654789301010231, -0.107790425593634], [-0.39195893683619076, 0.3369962979610071, 0.28756504735416877, 0.47038989204999887, -0.30097786893319994, -0.1308651815972216, -0.5989602822198595, 0.5362065734539534, 0.702633983031315, -0.001097610163650481, -0.02200800831218286, 0.06230194850431833], [-0.24472658372065598, -0.6666131462566441, -0.23242460300861312, -0.10000743226978204, -0.34287517076138907, 0.30190478167627094, 0.31290196684419386, 0.42445365042170347, 0.4884316141663867, 0.025664677703544775, 0.7515600486496676, 0.041765274323669194]], "inverted": false, "swapped": false, "error_lsq": 0.0530252551620689, "error_max": 0.3350373448739623, "target": "1031.xyz", "model": "18.xyz", "model_rescale": 3.922800546911778, "target_rescale": 3.88350273077735},
{"mapping": [7, 9, 11, 2, 3, 13, 12, 4, 6, 0, 8, 14], "R": [[-0.47146714787798927, 0.3910555235235682, -0.790439312024334], [0.45279678863283523, -0.6618009785126615, -0.5974901949350094], [-0.7567653511330881, -0.6396053801848388, 0.13494873457362316]], "T": [-0.08342090598486288, 0.12951079186717762, 0.19247131441305107], "aligned_model": [[-0.4323376914582854, -0.13063360986873077, -0.7082943991175069, 0.2301312445447997, 0.18192442298375464, -0.6901632703707501, -0.1115980410948422, -0.6545070555810498, -0.12146024831456978, 0.6863954885851957, -0.1425321912443633, -0.11655215315910954], [-0.335178691524175, 0.30566828875867863, 0.22556822213547065, 0.5278156569545758, -0.26363964843839516, -0.1507233467556841, -0.655693842102151, 0.5259450095893138, 0.7026170667887169, -0.07735946279072953, 0.06374785200031664, 0.08145874967651909], [-0.3557364745675753, -0.600928132773471, -0.13547639550312482, -0.3136583588266433, -0.23668347265937087, 0.3510470932379127, 0.2281613188484688, 0.3938854644884733, 0.5744005984353582, -0.0585865515577382, 0.7979230017644504, 0.11568698688161225]], "inverted": false, "swapped": false, "error_lsq": 0.04679259976536313, "error_max": 0.2309542429216306, "target": "1031.xyz", "model": "19.xyz", "model_rescale": 3.9282355846067225, "target_rescale": 3.88350273077735},
{"mapping": [10, 0, 1, 4, 9, 2, 12, 5, 6, 8, 7, 13], "R": [[0.31898897036029417, -0.8988325149833262, -0.30057635768175084], [0.5215026660042826, -0.09835372992176863, 0.8475620998846641], [-0.7913791797481817, -0.42711433342750765, 0.43736979781629953]], "T": [-0.08146243427681321, 0.13870823240030947, 0.08789325886975458], "aligned_model": [[-0.5365630060290465, -0.3185323390200086, -0.7378150484848562, 0.24822110500734978, 0.37496963132006167, -0.8594178493558462, 0.008954500073081628, -0.5237137758370818, 0.06414962055175419, 0.6758500691338614, -0.1952804278654232, -0.2104499835893036], [-0.49164409562732536, 0.3348647558203435, 0.3696580577143749, 0.4878646575350589, -0.3702280018693529, -0.06573839945326101, -0.6832911159946455, 0.5583539021365265, 0.5955804418433208, 0.21001030669265458, -0.132607176636478, 0.1374025221312403], [-0.2832856213650946, -0.6506982837176598, -0.1902509848533231, -0.32291861979492315, -0.01736121457517853, 0.2659470631897337, 0.28521582344005764, 0.4284830634857712, 0.5316375183079218, 0.08397337269137767, 0.6370118157718925, -0.007718854812223258]], "inverted": true, "swapped": false, "error_lsq": 0.05032675618001934, "error_max": 0.2328374172623175, "target": "1031.xyz", "model": "20.xyz", "model_rescale": 4.067790424073018, "target_rescale": 3.88350273077735},
{"mapping": [11, 13, 10, 8, 6, 12, 3, 9, 7, 4, 0, 14], "R": [[-0.8364166524900297, -0.0632259545286375, -0.5444351771435383], [0.0081777310466759, 0.991774045406841, -0.12773945190221372], [0.5480331268749195, -0.11129564920198995, -0.8290192822343799]], "T": [-0.05656083750259071, 0.09866099847082054, 0.02659590004475948], "aligned_model": [[-0.4767778533164303, -0.31723360336195966, -0.7670144575616703, 0.291701086006988, 0.28197817588443747, -0.7134751585694779, -0.19806746246334822, -0.684949487135919, -0.12600497478029293, 0.7385682313650724, 0.09252267041912089, -0.13087467058197794], [-0.31762548114935524, 0.23705257563582455, 0.3411843339653961, 0.5260498168133777, -0.4459365058342113, -0.13760776010668224, -0.685193728154673, 0.501950655733084, 0.6623352565851773, 0.09610957070862008, 0.05718301699173926, 0.11472410310415929], [-0.23447014616788048, -0.6082434383600115, -0.3016188269849749, 0.17226788538928117, -0.34267608293667406, 0.34227693431062073, 0.3254146733671668, 0.2423157573277155, 0.5104479432829496, -0.07457597744249578, 0.7197854226423943, 0.009110933340260547]], "inverted": false, "swapped": false, "error_lsq": 0.04540680779987683, "error_max": 0.32977772540458905, "target": "1031.xyz", "model": "21.xyz", "model_rescale": 4.186013935880536, "target_rescale": 3.88350273077735},
{"mapping": [2, 1, 0, 7, 9, 5, 8, 6, 4, 10, 11, 12], "R": [[-0.6511732232301236, 0.4933660484150001, 0.5766830807466606], [-0.5199218191549156, -0.84354393450016, 0.13459172535721928], [0.5528605025815597, -0.21218758879670088, 0.8058049961658884]], "T": [-0.18921340501091213, 0.07465370784271572, 0.10488962862885785], "aligned_model": [[-0.6476844878719188, -0.19395040641664793, -0.7253313458822979, 0.1482035962641998, 0.29078904439161646, -0.9014513166462601, -0.1066753327026246, -0.40437132283517574, 0.14372466616523868, 0.6136773071725794, -0.030146173482041266, -0.19641173225212516], [-0.44574970401122804, 0.16030392534541268, 0.3227194006742816, 0.639916394185888, -0.25159498126995683, -0.1200693424177792, -0.6853472032651451, 0.5779916115071811, 0.5461800299453858, 0.30040862516082023, -0.18776285516313554, 0.09322995360073191], [-0.1571862343879828, -0.6215846221135677, -0.310837934231956, -0.21907271881211382, -0.11558758483813016, 0.33584171682340735, 0.16193533344937341, 0.20593849873329495, 0.545833295205779, 0.1313595027133156, 0.6569776125823179, 0.14641821264461483]], "inverted": false, "swapped": false, "error_lsq": 0.05167135997501874, "error_max": 0.30594052259431004, "target": "1031.xyz", "model": "22.xyz", "model_rescale": 4.166573947596378, "target_rescale": 3.88350273077735},
{"mapping": [8, 0, 4, 5, 10, 3, 9, 2, 6, 13, 12, 15], "R": [[0.12598998752692475, -0.7948253850620758, -0.5936153049778015], [0.20497415985321085, -0.5646138836094096, 0.7994978150238876], [-0.9706246013961504, -0.22240451815649556, 0.09178296937962577]], "T": [-0.17698929217177575, 0.008540152056933856, 0.15638562897444322], "aligned_model": [[-0.5410556145407999, -0.31766628560334675, -0.7856560068361662, 0.35734311491371196, 0.402862295137823, -0.7460405894045141, -0.26610321850303775, -0.6160892198524646, -0.037240253155117725, 0.6536097892388754, 0.05465931251976103, -0.1682508280101816], [-0.4187469028891286, 0.3770757456857838, 0.16942263182922035, 0.537487403299056, -0.3339037768662652, -0.13513373525058192, -0.5744996454103405, 0.4676521682422486, 0.6739797169031677, 0.06855523332296386, 0.045426213709434976, 0.07291080171689733], [-0.4258176223162039, -0.5585600071306382, -0.22242193632299237, -0.198248922843308, -0.1714032136396094, 0.28663572394465464, 0.26851265062952934, 0.37823388633555194, 0.49809899365021826, 0.0036882325455634413, 0.7682350366144678, 0.13308225630111847]], "inverted": true, "swapped": false, "error_lsq": 0.04450217148668103, "error_max": 0.19688235520028838, "target": "1031.xyz", "model": "23.xyz", "model_rescale": 4.274766983524099, "target_rescale": 3.88350273077735},
{"mapping": [8, 3, 9, 10, 4, 6, 5, 0, 2, 1, 11], "R": [[-0.5770482252712641, 0.7673331275357849, -0.279669835873366], [0.6349917497301107, 0.2061783441780014, -0.7444971243508669], [-0.5136154431926447, -0.6071987827541889, -0.6062250528771098]], "T": [-0.15530313480122399, 0.1915666577778546, 0.014734021488310135], "aligned_model": [[0.25129980395001233, 0.18193463594093878, -0.5502296243908997, -0.34974767063393236, -0.4581544339463948, -0.6732006838235525, 0.04237074402846977, -0.046445936476532, 0.6185595426506398, 0.3563169218572831, 0.007191404802042667], [-0.2105875141327449, 0.5805155045504669, 0.6772734033032142, -0.2842448180634702, 0.43457346742631203, -0.3087456794712336, -0.5512527702376735, -0.06909728605999987, -0.045765595928270425, 0.5694463163362263, 0.12347150352065608], [-0.7846099350716845, -0.3684937261765739, -0.46973452891456324, -0.3667932475471516, 0.15041534320336888, 0.366993597080866, 0.3179640681680037, 0.6780450455242024, 0.38053654976098306, 0.4202853297526621, 0.054957938241464784]], "inverted": false, "swapped": true, "error_lsq": 0.04303075086000482, "error_max": 0.23651287959469147, "target": "1031.xyz", "model": "24.xyz", "model_rescale": 3.7841303162186577, "target_rescale": 3.88350273077735},
{"mapping": [12, 5, 2, 6, 13, 9, 14, 8, 0, 11, 10, 15], "R": [[0.943097139389733, 0.2576810338315282, 0.21016248589702508], [0.3323253335105759, -0.7089458930903058, -0.6220575482842992], [-0.011298600886258739, 0.6565030125398539, -0.7542387792629796]], "T": [-0.13132576452090725, 0.22050397980265027, 0.12299978819462871], "aligned_model": [[-0.3966776722550299, -0.44958876341436815, -0.8115189135805092, 0.3687096745571836, 0.22772543242086787, -0.558169170151031, -0.23209896696008614, -0.600969655998663, -0.1083020518442199, 0.6063463973644513, 0.02812820985742656, -0.08321202409147942], [-0.33244200901783916, 0.12103294062017658, 0.25684512263775694, 0.6250078047538093, -0.38132662172641174, -0.16255381532312044, -0.5574325505540058, 0.5342775621049866, 0.7299985952707558, 0.009194333028267804, -0.14138314803643856, 0.24900764053451838], [-0.3231067068682975, -0.6882664574627282, -0.20074336499481282, -0.20619265933248537, -0.22468133339365443, 0.23794386672668855, 0.24114579412526216, 0.2974662259001423, 0.6532969641395716, 0.0981888244456542, 0.7929753415072308, 0.08200858297577987]], "inverted": false, "swapped": false, "error_lsq": 0.04815321453387771, "error_max": 0.21348735469139934, "target": "1031.xyz", "model": "25.xyz", "model_rescale": 4.19342608120988, "target_rescale": 3.88350273077735},
{"mapping": [2, 0, 4, 5, 1, 6, 8, 3, 7, 9, 10, 11], "R": [[-0.5252621521014301, 0.08358259241224109, -0.8468256147610462], [0.8169024705781998, -0.2291180337191518, -0.5293158605104362], [-0.2382646115834413, -0.9698035248803334, 0.052068205237679244]], "T": [-0.11091013590261886, 0.07585529920396249, 0.06789969317899577], "aligned_model": [[-0.4432282213462414, -0.058185688321244045, -0.7771261991871182, 0.006266446038563439, 0.22344270436528155, -0.8259884269798964, -0.24643362350375977, -0.43572939374135133, 0.20255957290219292, 0.610770268957259, -0.02889934212827852, -0.23707560115086487], [-0.4976349932798585, 0.16452579232530967, 0.2432108706677676, 0.6551762528829087, -0.30903332288286484, -0.06885856274750322, -0.65566141077183, 0.5767446258896368, 0.6926674627135894, 0.24530933662882942, -0.1820373964874601, 0.08581719935393173], [-0.4433722268976974, -0.6344333722987029, -0.282068878064867, -0.18981480619986354, -0.11828889454242911, 0.44713167862933034, 0.25107393576650405, 0.3410651027545464, 0.6351215337212628, 0.0475471092224773, 0.6371108893116821, 0.06896300636610965]], "inverted": true, "swapped": false, "error_lsq": 0.055332702108422255, "error_max": 0.28501355114743576, "target": "1031.xyz", "model": "26.xyz", "model_rescale": 3.795458400668931, "target_rescale": 3.88350273077735},
{"mapping": [4, 8, 5, 1, 9, 10, 4, 7, 0, 2, 3, 12], "R": [[0.9600584651779056, -0.19871177276727658, -0.19698064575975668], [-0.12793051302989525, -0.9378565009786979, 0.32258172206109514], [-0.24884036504585086, -0.284497477907415, -0.9258183719219272]], "T": [-0.10562080818757949, 0.09909303470677541, -0.11215769823924784], "aligned_model": [[-0.34335201910908386, -0.32423893987676333, -0.7519696965225958, 0.2628475783728923, 0.24064946142278318, -0.7366779273389358, -0.34335201910908386, -0.6221950060831632, 0.17090975721877863, 0.6965885703375202, -0.049556392630415474, -0.20928087077738994], [-0.6629909399455881, 0.3390481289839359, 0.4746448026233052, 0.48554952277796726, -0.14890243819255564, -0.1647453682966393, -0.6629909399455881, 0.3563832259151575, 0.5929313992598272, 0.19106429038916126, -0.03400245710972935, 0.18423662783320272], [0.1359855458123204, -0.7643688414538835, -0.20190429730067175, -0.36757030850826455, -0.057665167367465436, 0.08744850902453108, 0.1359855458123204, 0.4598221564810949, 0.49688064881660143, 0.2383224225005469, 0.6118719490917254, -0.014773085140502809]], "inverted": false, "swapped": false, "error_lsq": 0.0720657051429855, "error_max": 0.5246644303570379, "target": "1031.xyz", "model": "27.xyz", "model_rescale": 3.6321398670334006, "target_rescale": 3.88350273077735},
{"mapping": [6, 7, 12, 3, 1, 9, 13, 8, 10, 5, 11, 14], "R": [[-0.8099574716192929, -0.5187341747161841, 0.27364895422713004], [-0.2887273761922654, 0.7588071434192538, 0.5838220802034146], [-0.5104952462121588, 0.3938611114053171, -0.764374272537581]], "T": [-0.13420553617480702, 0.11826168148765583, 0.06922707531663025], "aligned_model": [[-0.6151461065035403, -0.29830816704896923, -0.878719109347046, 0.3129111490336338, 0.33866328128279677, -0.6318539490686511, -0.22011087986726183, -0.3560226750908969, -0.2963784968743059, 0.7441310480443988, 0.0017539664951690126, -0.11054756515078408], [-0.43786749660963264, 0.44802188519897823, 0.2734647226801673, 0.4920431198970962, -0.25523998181688534, -0.08629982014391023, -0.6521747635049233, 0.580648765188366, 0.5193596495018441, 0.1222343152691656, -0.11263564625661614, 0.05867110488880688], [-0.1824154135867217, -0.6128403103516058, -0.2549970543018332, -0.2940003824437086, -0.22087426065287763, 0.46555119824470276, 0.32520615271618597, 0.00578452252754641, 0.7153632713848077, 0.09109907960929328, 0.6529455640532815, 0.0692127105692813]], "inverted": false, "swapped": false, "error_lsq": 0.05275072226733899, "error_max": 0.35269089675378396, "target": "1031.xyz", "model": "28.xyz", "model_rescale": 4.156811204709835, "target_rescale": 3.88350273077735},
{"mapping": [2, 5, 0, 6, 8, 7, 1, 3, 9, 11], "R": [[0.3572969996831089, -0.8163353534744913, 0.4538011069677176], [0.6229826831027065, -0.15369880025719942, -0.7669871285449649], [0.6958673943874661, 0.5567524310384059, 0.45364666863234404]], "T": [0.032481717940544996, 0.17541778818101064, 0.05213447293501566], "aligned_model": [[-0.6301950065037611, 0.06150967882060404, 0.02541477530611068, 0.6821843472073392, -0.2749588394834199, -0.41306928152647454, -0.5489205598443515, -0.4139247225827065, 0.2578071571929565, -0.10292217447570892], [-0.16275967014528062, -0.498766496953605, 0.061176290814295514, -0.07221490789585525, -0.49796924565660183, -0.4571463485284234, 0.49083707690996914, 0.35905447866348816, 0.6178927595720011, 0.07861639384621551], [-0.433145958828527, -0.424769137224244, -0.6596773241384537, -0.34684128577864987, 0.6986906537773707, 0.10961228106056456, -0.3104976354704932, 0.47506813412692406, 0.6686019070109548, -0.018254907560347436]], "inverted": false, "swapped": true, "error_lsq": 0.06198940265777053, "error_max": 0.292219535030839, "target": "1031.xyz", "model": "29.xyz", "model_rescale": 4.117894457231895, "target_rescale": 3.88350273077735},
