[{"mapping": [13, 14, 12, 9, 10, 3, 11, 4, 7, 5, 6, 0, 8, 15], "R": [[-0.9656156768452946, 0.1749261491886594, 0.19232058381938882], [0.25730609320799946, 0.5373525574445236, 0.8031474356591487], [0.03714753058602899, 0.82501701275662, -0.5638856175089972]], "T": [-0.08019024364253957, 0.14369886997277892, 0.08825725182325911], "aligned_model": [[0.08374523725054411, 0.2972659717999359, -0.6058942906503212, -0.29148298858463273, -0.4544992008059254, -0.02810823475434314, -0.7561689198386885, 0.0032319616618147473, -0.5400302789934571, 0.2398225113446445, 0.6713491272512148, 0.22090084598150234, 0.5310732608277884, 0.0002870986382269014], [-0.6732605597728445, -0.24979388624871385, -0.40688705672203906, -0.287824941815196, 0.13867327781303562, 0.11900711066809816, 0.25578214418715506, 0.5197327848044493, 0.7138609972156152, 0.024803857274260183, 0.45142292687848207, 0.6925369532834001, -0.22870755735994902, 0.16592728160428175], [0.15388204293597235, -0.35135674786846927, 0.2921332540707977, -0.2259053604318173, 0.5112029780322879, -0.7281453896960102, -0.02254188101043504, 0.5489162756157604, 0.34381559222159325, 0.7851259325893334, 0.3806233668333681, -0.200651812539001, 0.31999979815999047, 0.09049003826646254]], "inverted": true, "swapped": true, "error_lsq": 0.047724215545140905, "error_max": 0.30048764142324713, "target": "1033.xyz", "model": "0.xyz", "model_rescale": 3.8414455957264533, "target_rescale": 4.301364097460806},
{"mapping": [13, 14, 11, 3, 9, 1, 7, 12, 4, 10, 0, 8, 6, 5, 15], "R": [[-0.41546603154079925, -0.7250714350405271, -0.5492352781131331], [0.7517020026688078, -0.6136830179770525, 0.2415310593490628], [-0.5121836348610169, -0.3125133077724013, 0.8000020979008174]], "T": [0.008425056158651275, 0.001324503948456627, -0.06633908955342754], "aligned_model": [[-0.7653008248638943, -0.5578212533464262, 0.19389337053061056, -0.2716383093887861, -0.45602079020086406, 0.3643583482749264, 0.698283909194192, -0.35716697203371073, 0.4869392145425032, 0.19540859947617473, 0.38443075156557, -0.373455928785423, 0.25901813361424597, 0.05474797243475424, 0.0163679324906724], [0.21772058232109007, 0.05079564032939944, -0.6050580125003456, -0.45801396782383835, -0.3331135725528397, -0.5118714488865435, -0.23626055798758866, -0.2552435895720165, 0.32839083157863647, -0.03294438712776293, 0.02901956133244921, 0.6461250843978105, 0.7545433896293527, 0.6882236811746585, 0.06473129373055372], [0.1641498760292201, -0.4755919895272225, 0.2159515886073185, -0.6831114716646616, -0.02165352220077854, -0.36075214421590485, 0.19728161531266292, 0.5829607751598302, 0.0905663698787918, 0.4655239914557832, -0.6435740800311383, -0.13292250782723947, -0.40523123492264734, 0.29170260269115117, -0.12011808140563032]], "inverted": false, "swapped": true, "error_lsq": 0.039740917536052314, "error_max": 0.2150549969900167, "target": "1033.xyz", "model": "1.xyz", "model_rescale": 4.316132596720782, "target_rescale": 4.301364097460806},
{"mapping": [11, 9, 12, 4, 10, 1, 5, 0, 13, 3, 8, 15], "R": [[0.5775569204656628, 0.7355824260886724, 0.35404307372369737], [0.8155142875326734, -0.5002578927970308, -0.2909956829995094], [-0.0369384684617087, 0.4567937555656575, -0.8888053861357537]], "T": [-0.06982410683241014, 0.0540883311732568, -0.002374949837122546], "aligned_model": [[-0.35914134532710523, 0.34598771364078423, 0.10904129991022099, -0.5486313800700583, -0.38207288784397575, -0.37792315744497273, -0.15458407763311457, -0.29186049806794917, 0.6378398771139971, 0.31940243366574694, 0.35989482151811947, -0.06014424482991237], [-0.5665973554591717, -0.3375105709029365, -0.551951021596819, 0.3423911254538319, -0.20349864963235764, -0.1711138155898162, 0.4693568604034933, 0.43194756247824045, -0.01808441935049225, -0.08290542351917328, 0.564740193731222, 0.13600194172495947], [0.11089946380800045, 0.055126363118406026, -0.4733298321475311, -0.22190307912281268, -0.3962850733221882, 0.5730349990719881, -0.6524041350377082, 0.5298559922345044, -0.4412450272649008, 0.70442834886354, -0.3496652386187971, 0.010745679626920353]], "inverted": false, "swapped": true, "error_lsq": 0.050535595936363094, "error_max": 0.26655193714737935, "target": "1033.xyz", "model": "2.xyz", "model_rescale": 3.795458400668931, "target_rescale": 4.301364097460806},
{"mapping": [3, 11, 12, 5, 14, 8, 10, 0, 4, 6, 13, 15], "R": [[0.49980588362324113, -0.4527966822187673, -0.73835577011849], [0.865352654444834, 0.29733128210604093, 0.4034338757794863], [0.03686274733211409, -0.8405767503642098, 0.5404367350636651]], "T": [0.03875138598392765, -0.11228577772197923, -0.009483844647835617], "aligned_model": [[0.10801948363112036, -0.35090019039948356, -0.7334202352639119, 0.13708837263136125, 0.052904160868604375, 0.19119970453395901, -0.2542018371116673, 0.6568140378153626, 0.33533044193771827, 0.767550295747812, -0.4280683939339574, 0.11098798528664763], [-0.017286221542189367, -0.6631714343434234, -0.10465641272345722, 0.16282147512927658, 0.4541427950442589, 0.5707739770333372, -0.39412673291276706, -0.273008650610119, -0.3420525021469315, 0.18630227434459012, 0.5773141665915874, -0.07128368857445322], [-0.8194298346255706, -0.17221958509195168, 0.14789408308153926, 0.7094153013507218, -0.42122233376073, 0.26660148347298357, 0.38263810623329936, -0.26931888838794277, 0.45936114205834705, 0.34361782725142664, 0.0621776850223539, -0.0007435559653760568]], "inverted": false, "swapped": true, "error_lsq": 0.045995418592076016, "error_max": 0.23357210262324235, "target": "1033.xyz", "model": "3.xyz", "model_rescale": 3.7530521520055578, "target_rescale": 4.301364097460806},
{"mapping": [1, 12, 9, 13, 3, 5, 0, 4, 6, 8, 15], "R": [[0.5689998204171851, 0.7736075196425135, 0.27887382436824226], [0.4016877503979611, -0.5573818091615914, 0.7266171412759105], [0.7175556811463737, -0.3014248237426862, -0.6278988135728989]], "T": [-0.14146770887455945, -0.1201930858403284, -0.06948477641694491], "aligned_model": [[-0.3989127628142438, -0.0005365129856158002, 0.27932825773742914, 0.5268743014810291, 0.3066513338587629, -0.28256281127090715, -0.31929584748101314, -0.6382977210671941, -0.25925524380028353, 0.2552585542025529, -0.13105194541531157], [-0.7602133357120635, 0.08566190905179422, -0.2945401490800824, 0.3090671551558897, -0.7903695690914339, 0.6320605738629581, -0.4756786948293558, 0.15666009179067159, 0.2702159799966075, 0.4334204586437729, -0.09908106147441237], [-0.04060978455965088, -0.8170388889134691, -0.41889775151500414, -0.32959776657362105, 0.07154109547889707, 0.058486896911543504, 0.49385763130256083, 0.12307628575092584, 0.691232204027452, 0.2501314658914287, 0.010649389444253685]], "inverted": false, "swapped": true, "error_lsq": 0.04676053446852502, "error_max": 0.22396981727671586, "target": "1033.xyz", "model": "4.xyz", "model_rescale": 3.7855080009869324, "target_rescale": 4.301364097460806},
{"mapping": [9, 14, 3, 15, 0, 4, 5, 2, 7, 13, 1, 12, 11, 6, 8, 16], "R": [[0.19272402023550939, -0.926077453825783, 0.32440407139833805], [-0.492956900152115, -0.3772304391358144, -0.7840221236558433], [0.8484403023293277, -0.008817329808714358, -0.5292176377241822]], "T": [0.06009225622170872, -0.005558619281419652, -0.03075900058146741], "aligned_model": [[0.039602811808101296, -0.42059571618252295, 0.11578966341457775, 0.16960523738797953, -0.0059881616784600855, 0.26058560766168914, 0.5687250002103323, -0.4085090538515704, 0.7449367374609845, -0.13444710460619444, -0.3986665590402409, -0.5795455347373695, -0.33834719177553785, 0.2616114518689652, 0.46667992448694623, 0.02795763398265496], [-0.05532351683002745, 0.21125170931503112, -0.48832976209505863, 0.6225622617029695, -0.7730041107280654, -0.4376711141722829, -0.6279827056888716, -0.40699766282952643, -0.12033061225499983, 0.650839146128772, -0.46158330972911343, 0.1625106725043941, 0.22765319075793433, 0.18300792947700883, 0.5688420789384039, 0.0003918315934862684], [-0.7407010101066404, -0.4545865045647235, -0.5269912324020587, -0.5530512296193182, 0.09226408403629377, 0.5349988907933734, -0.125544194687696, -0.43701654708550397, 0.25063911245571724, 0.20623055515586108, 0.36254211829681304, 0.1294953988768892, 0.6167705247979995, 0.5607726879543037, -0.03851656868213585, -0.07340534138257016]], "inverted": true, "swapped": false, "error_lsq": 0.041721640841272604, "error_max": 0.2871105911843639, "target": "1033.xyz", "model": "5.xyz", "model_rescale": 4.2253639853439635, "target_rescale": 4.301364097460806},
{"mapping": [11, 7, 0, 3, 1, 6, 14, 9, 5, 10, 2, 8, 13, 15], "R": [[-0.34156055509265476, 0.6633128082809976, 0.6658472088814177], [0.04966478421187087, -0.6947257492357367, 0.7175580412468618], [0.9385466405107346, 0.2781586808266482, 0.2043476250578728]], "T": [0.1009101948049832, -0.019802901378586268, 0.0005571064538016646], "aligned_model": [[0.4164451810302899, -0.13386716071885488, -0.4668160507743945, 0.22074078520863383, -0.03910237305602221, -0.6241155463815246, 0.270327970976636, 0.6188053292933796, -0.09810330760510455, 0.25247606758144425, -0.7443049465209985, 0.012396985618211148, 0.6526669873469941, 0.036512230759094016], [-0.17340104896463177, 0.09210463300494239, -0.4107044144116566, -0.8095924740393781, -0.5404682720157112, 0.2227894558775131, -0.3520507887815961, -0.23994698298163689, 0.6960251871506425, 0.3822657135107389, 0.06632337871012327, 0.3059612390767032, 0.22568006115707234, -0.019886540658134604], [-0.5983014414464037, -0.7303355476905624, -0.014623493091218784, 0.17862606002748818, -0.43076840155484475, 0.40114428700988625, 0.5934138943319464, 0.1140330252758884, 0.22450781344705525, -0.3660273373490819, -0.20518002760956588, 0.6729240921034471, 0.5784037313838057, 0.05374155409360898]], "inverted": false, "swapped": true, "error_lsq": 0.04657017751511511, "error_max": 0.32794713481325855, "target": "1033.xyz", "model": "6.xyz", "model_rescale": 3.89814844738969, "target_rescale": 4.301364097460806},
{"mapping": [9, 13, 10, 3, 7, 8, 14, 1, 0, 6, 5, 2, 15], "R": [[0.9198798481797674, 0.2909531065755112, -0.26299687200958755], [-0.39196113968799595, 0.7054088723656597, -0.5905631107360971], [0.013694155222413719, 0.6463316583317482, 0.7629337176654842]], "T": [0.041464053830832556, 0.037422178435094905, -0.10014151449002386], "aligned_model": [[0.01788528139146294, -0.2249039083531677, 0.551612236482356, -0.35421104810682424, 0.6614097419475701, -0.47109107029726155, -0.5509757961097764, 0.20437368605260942, -0.24816879380706064, -0.44637826558749744, 0.030133163387765602, 0.003956429351441804, -0.025009855447395854], [-0.24287639548395604, 0.32038249228357185, 0.2738937386571969, -0.6726205466037815, -0.02283771592211345, 0.5564754692218395, -0.13468238815374511, -0.5454044853465781, -0.2134371714785098, 0.5321512474068436, 0.8124771657018682, 0.23393701623903637, 0.06632283894881306], [-0.6005736498423815, -0.8401318755510598, -0.15348541996433923, -0.19561943881299187, 0.3623342834911062, -0.28427503357927164, -0.4317516091215337, 0.23229069350603387, 0.473033793372967, 0.41194879600889556, -0.06365147110300536, 0.750804568531709, -0.058648606099832704]], "inverted": true, "swapped": true, "error_lsq": 0.05134596238438634, "error_max": 0.2724560924509326, "target": "1033.xyz", "model": "7.xyz", "model_rescale": 3.7474275329858107, "target_rescale": 4.301364097460806},
{"mapping": [0, 3, 11, 7, 12, 4, 2, 6, 10, 5, 6, 8, 14, 13, 15], "R": [[0.37504993886674065, -0.5828101498702454, -0.7208813165593049], [-0.7674356428941083, -0.6314082236602502, 0.11120336824896429], [-0.519980843273828, 0.5115232001604916, -0.6840788977346174]], "T": [0.10341353440824881, -0.0606740383908554, -0.10106230077256438], "aligned_model": [[-0.4972972707186179, 0.14097930352762295, 0.42836889190426997, -0.08850428373080597, 0.846035050492239, -0.27388295775077, -0.7204743497476006, -0.6120704025792918, 0.3074777287838973, -0.03696555214127588, -0.6120704025792918, 0.017284681316395198, 0.2155386187721416, 0.65064910687648, 0.03708555991335452], [0.0669114467072104, 0.4840809060538156, -0.48372837540422764, -0.7720338941444095, -0.2818698231131239, -0.45652375574391924, -0.3515473259338419, 0.1126614534755686, -0.5613697814287274, -0.2254109690291945, 0.1126614534755686, 0.3626325821788408, 0.6305907766452231, 0.37158000030880134, -0.019516732067991087], [-0.41445663066681887, -0.7107067505960536, -0.5451516188562366, -0.34392539287135987, 0.042676144597509194, 0.14696564910190674, -0.07393990197822313, 0.34951622687852435, 0.06226900910203108, 0.6441394178077794, 0.34951622687852435, 0.5149146082472873, -0.1133559352810817, 0.3596912550549858, -0.07135765172251343]], "inverted": true, "swapped": true, "error_lsq": 0.04950525761504781, "error_max": 0.37264377639833174, "target": "1033.xyz", "model": "8.xyz", "model_rescale": 4.019505241142653, "target_rescale": 4.301364097460806},
{"mapping": [9, 10, 1, 3, 14, 0, 2, 13, 8, 5, 7, 6, 15], "R": [[-0.6873974625594527, -0.0690837743822812, 0.7229883543902517], [0.37148193871882407, 0.8219526223844235, 0.4317349369243511], [-0.6240880528198963, 0.5653506157000872, -0.5393447725295971]], "T": [-0.09255202033998866, -0.08885541396583052, -0.04656257459157523], "aligned_model": [[-0.26384720710443466, -0.5977029272880473, 0.05579933934585851, 0.33978792779446243, 0.2771328449489064, 0.48839832094584135, 0.321885013825559, -0.29465107054546524, 0.14063355921466442, -0.2247203534051992, -0.3723733707260355, 0.47121944713774033, -0.021860752402674433], [-0.5833521408681664, 0.14575262478159356, 0.1706058417995968, -0.4836891026740239, -0.6836479677324208, 0.22704138418757253, 0.6655259872735406, -0.8032468605211905, -0.3947588516316736, 0.07636022235771414, 0.5904362607430543, 0.21516942323910393, -0.07881859284064194], [-0.2825424830972186, 0.047230648364143396, -0.6689847561007436, -0.618422714149503, -0.035376383995476296, -0.24163550272372725, 0.10603095658656478, 0.33737101334924646, 0.6000298775068741, 0.7000333474979359, -0.2957825724651172, 0.5319822354521324, -0.003230172181231755]], "inverted": true, "swapped": true, "error_lsq": 0.056105358735916405, "error_max": 0.45246230992986025, "target": "1033.xyz", "model": "9.xyz", "model_rescale": 3.877068213659057, "target_rescale": 4.301364097460806},
{"mapping": [13, 6, 14, 3, 9, 8, 2, 10, 7, 5, 11, 12, 0, 1, 4, 15], "R": [[0.8088575089940891, 0.5762523954261187, -0.11697310335943437], [-0.5356920988665093, 0.8041943949203004, 0.2574982531800289], [0.24245309929112294, -0.14561782838798298, 0.9591725302049141]], "T": [0.023315114686719672, -0.04301262180628693, -0.07865127017039773], "aligned_model": [[0.24575512153182025, -0.3836550393235598, 0.0038749870228593983, 0.03507912617257646, 0.1151914556949181, 0.1892835214677763, 0.5719200165147981, -0.4833221328488687, 0.7218605020042254, -0.05788753062468984, -0.5143067551689657, -0.6250968970680469, -0.33867728790250096, 0.32190258711536307, 0.5890988358799389, -0.021625764057309517], [-0.08733239732115392, 0.11253704895808539, -0.6296205261399405, 0.5390738096486741, -0.6956184404114042, -0.47218556905514375, -0.37741898699926624, -0.49835014899276897, -0.05225281428136909, 0.6549451827507715, -0.3533456852103434, 0.2986392094781142, 0.12442524805258703, 0.39004366192307804, 0.32512958705791795, -0.022833153367783833], [-0.8177011310165619, -0.5150961908588995, -0.5934665716604345, -0.331234597169657, -0.04246166689344551, 0.5406935490606875, -0.24466453035803792, -0.27663413610869225, 0.34352822970763697, 0.263776058900823, 0.3204870405376002, 0.06636977970058323, 0.6103277540666225, 0.6114316137171976, -0.12815656918281107, -0.0032978886060077567]], "inverted": true, "swapped": false, "error_lsq": 0.03827594275524838, "error_max": 0.24544136371788441, "target": "1033.xyz", "model": "10.xyz", "model_rescale": 4.260839863003843, "target_rescale": 4.301364097460806},
{"mapping": [1, 4, 5, 10, 13, 9, 3, 0, 6, 8, 14, 15], "R": [[0.13972667358254848, -0.11401526054930808, -0.9836040753532033], [0.1682583207075726, 0.9816362910416023, -0.08988509121514392], [0.9757897284775158, -0.15294022515989864, 0.15634478989021644]], "T": [-0.030980108719330973, -0.013088062128563975, -0.19566182899582876], "aligned_model": [[0.44442692532091577, 0.08973836883049156, -0.3423970138496727, -0.3608461895202677, -0.6712078351628415, -0.3091639710575241, 0.34705957212949295, 0.6546333018696581, 0.34228587035997615, -0.23224296029000163, -0.017176949967708615, 0.01378953043161189], [0.11851412019687424, -0.599202876003709, -0.5552808432274301, -0.38020413973979544, 0.33867313765587037, 0.4726811414945414, 0.7073013714680546, -0.033882525453902704, -0.41389228736143246, -0.02336760649861483, 0.5671977688470012, -0.025458755844522923], [-0.6787836136328724, -0.1460233381133379, 0.2639212918376439, -0.4703064968926487, 0.2105113872232087, -0.32293158459432525, -0.2848837734551025, -0.1260243755006631, 0.4714303297839273, 0.5291980349391886, 0.19631781292116954, -0.12624759712068356]], "inverted": false, "swapped": true, "error_lsq": 0.04538099574761237, "error_max": 0.24306293079336358, "target": "1033.xyz", "model": "11.xyz", "model_rescale": 3.890672605050136, "target_rescale": 4.301364097460806},
{"mapping": [4, 2, 7, 5, 10, 14, 0, 13, 6, 3, 11, 1, 9, 15], "R": [[0.3382955899567043, 0.6609665324358192, -0.6698353057398625], [0.9381506795539833, -0.18114718092010884, 0.29505762368916544], [0.07368443708304528, -0.7282231401462513, -0.6813674940054655]], "T": [0.10294226887460425, -0.013843199825127304, 0.1989260384812042], "aligned_model": [[0.46956738632169803, 0.1533566465387836, 0.4437250867452208, 0.6575465379441519, 0.6263406085852576, -0.39895862820587, -0.32224386823881523, 0.18685492064159212, 0.09158566346265021, -0.6762090561083745, 0.21828955878408773, -0.2376798292704835, -0.07785031842890935, 0.07555112602270378], [-0.07348056947351538, -0.0700819844416789, 0.536640558295496, -0.5368286891696661, 0.19510768275125032, -0.372729028777577, 0.011244478999066217, -0.48796580896184366, -0.640722603659203, 0.1602643432302153, 0.6554211693739139, 0.5360496170690088, 0.09612153713699548, -0.07688818254469665], [-0.2728757345562234, -0.6719526724830798, -0.22848766964046777, 0.05376947370852983, 0.23646596344736032, 0.5303874446612165, -0.34323158674556364, 0.8821321445234093, -0.39426592620656875, 0.3790517388560586, 0.34233623929815815, -0.04259439001732804, 0.7325713965094307, 0.15148401400192937]], "inverted": true, "swapped": true, "error_lsq": 0.04364303844290873, "error_max": 0.32471052628849334, "target": "1033.xyz", "model": "12.xyz", "model_rescale": 4.124412569039231, "target_rescale": 4.301364097460806},
{"mapping": [9, 13, 5, 3, 10, 11, 14, 1, 8, 0, 4, 6, 15], "R": [[-0.2927904968829317, -0.9257422121521338, 0.2393221293042493], [0.9210690254418564, -0.20586332273469, 0.330533118952129], [-0.2567208119857744, 0.3172091565391938, 0.9129473017108153]], "T": [0.14549253196044132, 0.020136592805946665, 0.02319589153647994], "aligned_model": [[-0.269244541407047, -0.1330780389505416, 0.6807193295885026, -0.6151758888982785, 0.590722467407405, 0.20013018347403366, -0.4670899599792129, -0.013044703580920108, 0.1125852263158627, 0.04135520008682955, 0.693692162349988, 0.40316852535325176, 0.14255834574988455], [-0.09403784945239362, 0.502673946629825, 0.5669222941539824, -0.18819003277292584, -0.16429708397479975, -0.6420469084028461, 0.3580717390236093, -0.5465839434860575, 0.7674962850395123, -0.02845975391757964, 0.09302326179651814, 0.6414091929092486, 0.08150422896238418], [0.40334445177798495, 0.646221014738993, 0.15253195585677903, -0.19547980965195294, 0.31776347759918316, 0.22397939840683018, 0.05655364955097057, -0.33795701221821817, 0.10322605121687728, -0.656613894072052, -0.2107532575689555, -0.5177356246445427, -0.033382320024058165]], "inverted": false, "swapped": true, "error_lsq": 0.056374838827952134, "error_max": 0.32832248383945883, "target": "1033.xyz", "model": "13.xyz", "model_rescale": 3.9028299243045295, "target_rescale": 4.301364097460806},
{"mapping": [4, 3, 8, 7, 8, 12, 5, 2, 13, 9, 1, 6, 11, 14, 10, 15], "R": [[-0.675644944941553, 0.20884789729119443, -0.7070264946746851], [0.7077074917965573, -0.08492783477985488, -0.701382469794214], [-0.2065284833381379, -0.9742534673670157, -0.09042215930509584]], "T": [-0.02606738239874201, -0.08071720794359813, -0.08006613820308617], "aligned_model": [[0.29625942372426917, -0.34986027648644125, 0.12124821035850925, 0.02523384854251909, 0.12124821035850925, 0.1678343659940165, 0.4162555753514118, -0.5423391952424372, 0.6764720210637025, -0.18345142012698656, -0.5310440443390716, -0.5964734869684325, -0.14843260012344728, 0.401355521370978, 0.5370903913458474, -0.04200179841261194], [0.07175922606526922, 0.09990177533706623, -0.822172370998749, 0.7921965920462434, -0.822172370998749, -0.5125505040629996, -0.31874255632335835, -0.5892275876808435, -0.19988184292211184, 0.6062496415357591, -0.1485230641182561, 0.26305392945792094, 0.05069169215693395, 0.35070075164057135, 0.40433394650033105, 0.030218768455027037], [-0.6564511145940284, -0.5812890325875328, -0.23833652983419032, -0.31674659225110574, -0.23833652983419032, 0.42999503978811393, -0.17904173232104068, -0.2105666306096348, 0.2733309870657876, 0.24266016820595593, 0.32317038358881445, -0.05062903222212869, 0.6366033412666902, 0.5635477664511293, -0.1342076333119558, -0.05980211496408008]], "inverted": true, "swapped": false, "error_lsq": 0.05194983683638576, "error_max": 0.33788059443785595, "target": "1033.xyz", "model": "14.xyz", "model_rescale": 3.942246331269136, "target_rescale": 4.301364097460806},
{"mapping": [11, 3, 1, 14, 8, 0, 4, 7, 10, 2, 6, 5, 9, 13, 15], "R": [[-0.8900760997621473, 0.3240695597158737, 0.32053620247604525], [0.38534185286976197, 0.9106006966321063, 0.14939219430754017], [-0.2434670266362638, 0.2564864358181206, -0.9353814810986019]], "T": [-0.15154369629064995, -0.0413886524624411, -0.01463687349199148], "aligned_model": [[-0.7957498379693071, -0.14933990160576174, -0.36266870410173613, 0.11428827292697863, 0.38313061787657027, 0.23856297570615725, 0.030864377613484206, -0.4720024032821816, -0.4959129519031636, 0.3310357409142634, 0.6613038144225571, 0.17460308818588727, -0.4623787277706568, -0.15321186483088003, -0.06823045965000168], [0.08695465169896156, -0.6247124496659773, 0.05348870400752488, -0.6891620848879645, -0.2598421163065633, 0.09516804815902562, 0.5235195088778521, 0.6213069052348286, 0.3121190914174389, 0.6183663219362658, 0.23747919965272046, 0.2902759792166722, -0.5222578196773471, -0.6056258448476471, -0.038933404934140235], [-0.23894184928977344, -0.5887135082822132, -0.6651460275434038, -0.03175869831986834, 0.4674789722370437, -0.5664670877723446, 0.07577092190557021, -0.25956255553121943, 0.2600586490663871, -0.32443454960396156, 0.06595538291027021, 0.6064887117969182, 0.026618409454409842, 0.6019973559321538, -0.019981646599452927]], "inverted": true, "swapped": true, "error_lsq": 0.042241992382439496, "error_max": 0.27451207049536774, "target": "1033.xyz", "model": "15.xyz", "model_rescale": 4.355366556412066, "target_rescale": 4.301364097460806},
{"mapping": [11, 9, 12, 4, 10, 1, 5, 0, 13, 3, 8, 15], "R": [[0.5775569204656628, 0.7355824260886724, 0.35404307372369737], [0.8155142875326734, -0.5002578927970308, -0.2909956829995094], [-0.0369384684617087, 0.4567937555656575, -0.8888053861357537]], "T": [-0.06982410683241014, 0.0540883311732568, -0.002374949837122546], "aligned_model": [[-0.35914134532710523, 0.34598771364078423, 0.10904129991022099, -0.5486313800700583, -0.38207288784397575, -0.37792315744497273, -0.15458407763311457, -0.29186049806794917, 0.6378398771139971, 0.31940243366574694, 0.35989482151811947, -0.06014424482991237], [-0.5665973554591717, -0.3375105709029365, -0.551951021596819, 0.3423911254538319, -0.20349864963235764, -0.1711138155898162, 0.4693568604034933, 0.43194756247824045, -0.01808441935049225, -0.08290542351917328, 0.564740193731222, 0.13600194172495947], [0.11089946380800045, 0.055126363118406026, -0.4733298321475311, -0.22190307912281268, -0.3962850733221882, 0.5730349990719881, -0.6524041350377082, 0.5298559922345044, -0.4412450272649008, 0.70442834886354, -0.3496652386187971, 0.010745679626920353]], "inverted": false, "swapped": true, "error_lsq": 0.050535595936363094, "error_max": 0.26655193714737935, "target": "1033.xyz", "model": "16.xyz", "model_rescale": 3.795458400668931, "target_rescale": 4.301364097460806},
{"mapping": [9, 13, 10, 3, 7, 8, 14, 1, 0, 6, 5, 2, 15], "R": [[0.9198798481797674, 0.2909531065755112, -0.26299687200958755], [-0.39196113968799595, 0.7054088723656597, -0.5905631107360971], [0.013694155222413719, 0.6463316583317482, 0.7629337176654842]], "T": [0.041464053830832556, 0.037422178435094905, -0.10014151449002386], "aligned_model": [[0.01788528139146294, -0.2249039083531677, 0.551612236482356, -0.35421104810682424, 0.6614097419475701, -0.47109107029726155, -0.5509757961097764, 0.20437368605260942, -0.24816879380706064, -0.44637826558749744, 0.030133163387765602, 0.003956429351441804, -0.025009855447395854], [-0.24287639548395604, 0.32038249228357185, 0.2738937386571969, -0.6726205466037815, -0.02283771592211345, 0.5564754692218395, -0.13468238815374511, -0.5454044853465781, -0.2134371714785098, 0.5321512474068436, 0.8124771657018682, 0.23393701623903637, 0.06632283894881306], [-0.6005736498423815, -0.8401318755510598, -0.15348541996433923, -0.19561943881299187, 0.3623342834911062, -0.28427503357927164, -0.4317516091215337, 0.23229069350603387, 0.473033793372967, 0.41194879600889556, -0.06365147110300536, 0.750804568531709, -0.058648606099832704]], "inverted": true, "swapped": true, "error_lsq": 0.05134596238438634, "error_max": 0.2724560924509326, "target": "1033.xyz", "model": "17.xyz", "model_rescale": 3.7474275329858107, "target_rescale": 4.301364097460806},
{"mapping": [5, 10, 4, 12, 8, 14, 6, 1, 13, 0, 9, 11, 3, 15], "R": [[0.2742951949552661, -0.9094735567641359, -0.3124419875292771], [-0.7887249246154935, -0.02688888294231845, -0.6141579448842122], [0.5501591945198564, 0.4148913562860845, -0.7246999538873704]], "T": [0.04942066009886232, 0.029131762222606175, 0.007671740200570133], "aligned_model": [[0.5177782221368014, 0.10340096100741836, 0.601185920710998, -0.4584439244839979, 0.22682746064084017, -0.27907198898647123, 0.7839692887660922, -0.01759102329038547, -0.38081834308385004, 0.3994381194179753, -0.5187478157277644, -0.26527747877819596, -0.40230844439118457, 0.10450669394460088], [-0.4652400835337701, 0.13996589867586662, 0.10725505912727774, -0.0864397446919312, -0.6943114604087282, -0.36200629023569797, -0.3184554986374528, 0.6679384056742701, -0.6755100529999836, 0.3120113123936644, -0.049935388597867475, 0.5732570345593458, 0.2190167504359653, -0.007137700249725598], [-0.3643602716438805, -0.5435246500436532, -0.21597832866885947, -0.5837602698590578, 0.1134590624511786, 0.4869147014591865, 0.2985409111673166, 0.2609959351958417, -0.12262974610978652, 0.529988188037089, 0.029774678514332638, -0.2867413170149625, 0.6632020591903665, 0.05891376598654379]], "inverted": false, "swapped": true, "error_lsq": 0.044685200363519396, "error_max": 0.30125228958960204, "target": "1033.xyz", "model": "18.xyz", "model_rescale": 3.922800546911778, "target_rescale": 4.301364097460806},
{"mapping": [3, 0, 1, 9, 4, 14, 2, 12, 6, 11, 7, 10, 13, 5, 15], "R": [[0.9645284079947174, 0.23418173040701212, -0.12183541075875201], [0.18039682528562972, -0.9216844816423575, -0.34344534023120055], [-0.19272243148643156, 0.3092840659381544, -0.9312365064572594]], "T": [0.047301702204304116, 0.09547809549579309, 0.018369595782658888], "aligned_model": [[-0.25018308304462517, -0.16229283470315875, 0.3140979234342229, 0.027678353242864495, 0.21206979542875726, -0.5371869286969134, 0.043514860990549104, 0.43635444304606236, -0.4674476891588976, 0.6629965112358595, 0.7010653518081873, 0.5138945682394513, -0.3085846961332969, -0.070488271572282, -0.0194374672291623], [0.5496807634638254, -0.26133818346114357, 0.11115207553162479, 0.6689707751081315, -0.4685090307820827, 0.4753014698918958, -0.733667741488827, 0.5913588377575084, -0.5929853509020153, 0.34769121796091584, -0.2762223358255613, 0.012528171772471064, 0.5849519814857528, -0.337110667122119, 0.04580952164420181], [-0.5940340543233402, -0.5330828560059044, -0.6182713892991349, 0.03500214672107303, 0.14221426660435965, -0.05002234167696509, -0.25846425407302975, 0.49146079872842896, 0.09605237040647253, -0.1793542567369639, -0.17210259277223375, 0.32565764766099414, 0.5948800912350022, 0.6517436007482339, 0.010979989946336335]], "inverted": true, "swapped": true, "error_lsq": 0.040162119994569076, "error_max": 0.2614477780435221, "target": "1033.xyz", "model": "19.xyz", "model_rescale": 3.9282355846067225, "target_rescale": 4.301364097460806},
{"mapping": [7, 4, 5, 2, 1, 6, 0, 8, 3, 9, 12, 11, 13, 15], "R": [[0.7848067805112781, 0.029499669287562563, 0.6190380333836099], [0.3713578929901925, 0.7772957960204635, -0.5078430474101218], [-0.4961568628744417, 0.6284433268011037, 0.5990720761492342]], "T": [-0.023717191955441842, -0.0769113472466929, 0.10403835221262403], "aligned_model": [[-0.6471852475576063, -0.10355232006203477, 0.4700284165798612, -0.3014794976265375, -0.6633434116503275, 0.3188678767555967, -0.3107385567747764, 0.6983394165318664, -0.2143722987177641, 0.058072289330587966, 0.09710364862410062, -0.5649077197425675, 0.6836489549771064, 0.012041268417170646], [-0.5248595105187623, -0.5234958224846568, -0.6179499365749842, -0.29082629780108016, 0.17846904050247714, -0.14387033349919054, 0.23368942388391767, -0.06006574153193088, 0.7109677635931266, 0.1966462242918947, -0.379215114667375, -0.2009176692273677, -0.0001104800984772919, -0.0555794584427553], [-0.00766572768420079, -0.2893522481320848, -0.1522089200489034, -0.6967254300970014, 0.0550812502706422, -0.6853509251811594, -0.4404737509807415, -0.10663842986507455, 0.21687730237937275, 0.6020667720332145, 0.8217359129525953, 0.5205975000050227, 0.542602972232993, 0.031636879359008205]], "inverted": false, "swapped": true, "error_lsq": 0.05333337725755473, "error_max": 0.4111385880161401, "target": "1033.xyz", "model": "20.xyz", "model_rescale": 4.067790424073018, "target_rescale": 4.301364097460806},
{"mapping": [0, 5, 1, 3, 7, 10, 11, 6, 4, 8, 13, 9, 14, 12, 15], "R": [[-0.9221105008643619, -0.3832491966853142, 0.05321914538713623], [-0.353241109422775, 0.7777010045007692, -0.5200017944317711], [0.15790168716464986, -0.4982983050729313, -0.8525056342054292]], "T": [0.03759010370798685, 0.007573434033964838, -0.0056554942695080015], "aligned_model": [[0.1787063918667093, 0.08684117316498904, -0.22885475524961565, 0.40149472355839355, -0.6712876694571538, -0.43333099801249353, -0.5286366239892147, 0.4296100858610583, -0.2187144888454555, 0.6081067747177196, 0.47644060270155486, 0.15378883153780137, 0.6770675761534525, -0.25771252660248267, 0.09492485650225266], [-0.19490966669662435, 0.7813497725201871, -0.5320314786328526, -0.7230385846129701, 0.01803339735119067, 0.2567022506605737, -0.3596406854730153, 0.5325898768461212, 0.42955133820196384, 0.4854500905738754, 0.20392625955711804, -0.32257095466769903, -0.2196143295123845, 0.047130689132682604, 0.037967164679680296], [-0.6494212284838853, 0.02619816781060503, -0.34413934404604274, -0.06578034410061366, -0.3206644888721925, 0.18191765942892152, 0.15660159230375784, -0.5674931352099882, -0.347430434651232, 0.10470236015379096, 0.6780549505802826, 0.44938088823595596, 0.1676202825415323, 0.7239379624637353, -0.058235314533486175]], "inverted": true, "swapped": true, "error_lsq": 0.03333004560037073, "error_max": 0.23117056984345602, "target": "1033.xyz", "model": "21.xyz", "model_rescale": 4.186013935880536, "target_rescale": 4.301364097460806},
{"mapping": [14, 0, 8, 12, 11, 13, 9, 1, 5, 4, 7, 10, 15], "R": [[-0.3318764173364762, -0.04278274784544177, -0.9423522059732752], [-0.27759636688037026, 0.9591666846428268, 0.05421741570848071], [0.9015532711441534, 0.2795870303824566, -0.33020113829482073]], "T": [-0.05749801683697334, -0.03826510551752048, -0.053959993113488036], "aligned_model": [[0.12002801796341911, -0.6324626428951519, 0.4573583991992348, 0.4482516150996716, -0.29713397752165205, 0.7027049553461037, 0.13605505557428468, -0.7011713562507966, 0.4246475138691327, -0.14901791622046387, -0.4877753887800179, 0.1021376778631646, -0.06504791782370363], [-0.3915653938726084, 0.14686411796976195, 0.22686981389508726, -0.38829523313803055, -0.36843346109699715, -0.3141498031389728, -0.5786985166750329, -0.2572466712137954, 0.5695409272833036, 0.5279890917175947, 0.22627815581420802, 0.10964221338335049, 0.010161418618223957], [-0.6320894126348993, -0.3863609299450804, -0.5342313457602244, 0.4387582342346657, 0.5076001035706397, -0.2651074289417814, -0.05891048894106295, 0.06632860656124817, -0.03729687987592384, 0.12365700430901322, 0.5348744665426359, 0.467245733352502, -0.1215881011363867]], "inverted": true, "swapped": true, "error_lsq": 0.049570189470666784, "error_max": 0.30776954516678584, "target": "1033.xyz", "model": "22.xyz", "model_rescale": 4.166573947596378, "target_rescale": 4.301364097460806},
{"mapping": [3, 9, 11, 8, 12, 6, 2, 14, 1, 7, 14, 10, 13, 5, 0, 15], "R": [[-0.20596282336899785, -0.1087806313961211, -0.9724947761417192], [-0.9129484045878289, -0.33641146185688986, 0.23098168518704865], [-0.35228472284561174, 0.9354111943762337, -0.030022849385408445]], "T": [0.07729580965738252, -0.0571638928761147, -0.12219620444414607], "aligned_model": [[0.313724222606676, -0.32310961284732315, 0.004092105050632136, 0.06399186873291397, -0.12498512005349051, 0.44669113382683784, 0.6755852807765822, -0.6474562788291551, 0.6827141654745145, -0.03201957327793552, -0.6474562788291551, -0.5080092272050403, -0.3863597835455224, 0.1854236685370144, 0.5428907455874046, 0.12367743040538164], [-0.14947383117185717, -0.05662133713327282, -0.6790194721551637, 0.6003078071414336, -0.6685401490211238, -0.5196663643659553, -0.3544298988481561, -0.2948072628748718, 0.022246759028525714, 0.5462100062290158, -0.2948072628748718, 0.3201318667482863, 0.06888804220996167, 0.18382324256773847, 0.5780719279978531, -0.046478047387487564], [-0.6671798123244006, -0.5695488277115057, -0.6018108242982224, -0.5929754616901506, -0.0010233769346990468, 0.35607797457286533, -0.20276834373826108, 0.0881316400041862, 0.24558310937176459, 0.24574364469235677, 0.0881316400041862, 0.15349775032636187, 0.5749031711462087, 0.6660268273723686, 0.09333237916580044, -0.07222074612225524]], "inverted": false, "swapped": false, "error_lsq": 0.05081300465035282, "error_max": 0.3538554930644151, "target": "1033.xyz", "model": "23.xyz", "model_rescale": 4.274766983524099, "target_rescale": 4.301364097460806},
{"mapping": [10, 5, 13, 9, 14, 3, 1, 0, 2, 6, 15], "R": [[0.20842365824381767, 0.9696098327625402, 0.12812630836195665], [-0.8680087898966213, 0.24374922429792104, -0.4326049656630921], [-0.4506887166842184, -0.021049652357240545, 0.8924329626303433]], "T": [-0.03870296498186373, 0.008861192370921755, -0.09173072966915574], "aligned_model": [[0.27156476785679495, 0.3910011921958519, -0.5451236600494471, -0.5606512263990996, -0.631269461514617, -0.6562117621106818, -0.03214639413208437, 0.11858100478077724, 0.6671646334663387, 0.37954932037912625, -0.02256371051488431], [-0.1128892741037768, 0.6040575341199567, 0.5260130464359049, -0.09956176256659797, 0.3015138336389287, -0.2757433580689366, -0.5998323771742652, -0.11163203791637383, 0.025828440909989064, 0.5936369964387935, 0.06419548952986105], [-0.547720090488169, -0.34325766203321173, -0.5096974800201186, -0.3047331859701641, 0.14019510167711868, 0.3638113946667584, 0.23413241794295853, 0.5686408836853124, 0.4236304888166815, 0.385852510379186, -0.031287944634774564]], "inverted": true, "swapped": true, "error_lsq": 0.04677420866655684, "error_max": 0.23475079386825146, "target": "1033.xyz", "model": "24.xyz", "model_rescale": 3.7841303162186577, "target_rescale": 4.301364097460806},
{"mapping": [7, 0, 6, 10, 6, 3, 11, 1, 13, 9, 4, 8, 2, 12, 14, 15], "R": [[0.3594922128212092, 0.6125188252746858, 0.7039787195683043], [-0.7236786105064856, 0.6592755008950422, -0.20407126847009463], [-0.5891134165984617, -0.43609230972778, 0.6802711810594193]], "T": [-0.011553102962887904, 0.027525363567033292, -0.03399226043259964], "aligned_model": [[0.07871617531368529, -0.45067970182758166, 0.050166917248770315, 0.27460874852915573, 0.050166917248770315, 0.3270435363815508, 0.6264611994339792, -0.7000526088088745, 0.7191721778416242, -0.013743992405796844, -0.3738371172904005, -0.5737514399901511, -0.4344806824425869, 0.2928309812601956, 0.4933083084109756, 0.0034653275070190385], [-0.11093775272938551, 0.034227912877919056, -0.6810807293372275, 0.5477599397967603, -0.6810807293372275, -0.5777403628687744, -0.27425628247940914, -0.2109199446952345, -0.029139198244578363, 0.55555522906537, -0.5144868727001232, 0.20992208763850012, 0.19166513157182735, 0.2307660102702041, 0.6057287713948613, -0.040147184133427605], [-0.6628682282713859, -0.6242912146531324, -0.1608563469467091, -0.5367073743121412, -0.1608563469467091, 0.3758950458601632, -0.3361398356491231, -0.1828165165898134, 0.23955789712338724, 0.21764312990703635, 0.3288815076435372, -0.022935654685807404, 0.5684887990223819, 0.6302482646992891, 0.16624444147900894, -0.03558682384337823]], "inverted": false, "swapped": false, "error_lsq": 0.04734447016970061, "error_max": 0.38540313592249126, "target": "1033.xyz", "model": "25.xyz", "model_rescale": 4.19342608120988, "target_rescale": 4.301364097460806},
{"mapping": [11, 9, 12, 4, 10, 1, 5, 0, 13, 3, 8, 15], "R": [[0.5775569204656628, 0.7355824260886724, 0.35404307372369737], [0.8155142875326734, -0.5002578927970308, -0.2909956829995094], [-0.0369384684617087, 0.4567937555656575, -0.8888053861357537]], "T": [-0.06982410683241014, 0.0540883311732568, -0.002374949837122546], "aligned_model": [[-0.35914134532710523, 0.34598771364078423, 0.10904129991022099, -0.5486313800700583, -0.38207288784397575, -0.37792315744497273, -0.15458407763311457, -0.29186049806794917, 0.6378398771139971, 0.31940243366574694, 0.35989482151811947, -0.06014424482991237], [-0.5665973554591717, -0.3375105709029365, -0.551951021596819, 0.3423911254538319, -0.20349864963235764, -0.1711138155898162, 0.4693568604034933, 0.43194756247824045, -0.01808441935049225, -0.08290542351917328, 0.564740193731222, 0.13600194172495947], [0.11089946380800045, 0.055126363118406026, -0.4733298321475311, -0.22190307912281268, -0.3962850733221882, 0.5730349990719881, -0.6524041350377082, 0.5298559922345044, -0.4412450272649008, 0.70442834886354, -0.3496652386187971, 0.010745679626920353]], "inverted": false, "swapped": true, "error_lsq": 0.050535595936363094, "error_max": 0.26655193714737935, "target": "1033.xyz", "model": "26.xyz", "model_rescale": 3.795458400668931, "target_rescale": 4.301364097460806},
