[{"mapping": [5, 3, 1, 6, 4, 2, 0, 9, 12, 7, 13], "R": [[-0.6322110448311377, -0.7192752412149115, -0.28801444784724317], [-0.5043706065745563, 0.6642407110765305, -0.5517196470782597], [0.5881492038735882, -0.20353723277026298, -0.7827216036746963]], "T": [0.03383801350280299, -0.08922795643579615, -0.14747766442934365], "aligned_model": [[0.014649244532839716, -0.4711218654044513, -0.1686450314900708, -0.32460192807163624, -0.05440476571583284, -0.5042344724965198, -0.2886128793134392, 0.341163866142328, 0.33230940804144043, 0.45836867962851213, 0.15674899637061404], [-0.7130451047029372, -0.22196207793247147, 0.11725978231384901, -0.651628101460995, -0.3183393451422388, 0.15371584290529566, 0.6117906272996932, 0.46107469107681587, 0.3253098970206102, -0.07970898975299393, -0.09529986940594433], [-0.5751284765586633, -0.12303427100270642, -0.6468848566677453, 0.2263848361606476, 0.7761702176620175, 0.34518302568295645, -0.15076423713104575, 0.22596709481119695, -0.41986158955621644, 0.4778842989707518, -0.04072615662382914]], "inverted": true, "swapped": false, "error_lsq": 0.048231784386179324, "error_max": 0.2766279958242722, "target": "1034.xyz", "model": "0.xyz", "model_rescale": 3.8414455957264533, "target_rescale": 3.6607360883367126},
{"mapping": [2, 9, 6, 7, 0, 13, 8, 12, 10, 1, 14], "R": [[0.2439305204158696, 0.24464198844845758, 0.9384285794335272], [-0.5389754016993744, -0.7702554046281692, 0.34089899971119525], [0.8062278943156465, -0.5889455909751597, -0.056032787707544385]], "T": [0.030746347308856968, -0.11672365416363292, 0.005201146701298247], "aligned_model": [[-0.012154126091876112, -0.6403843975297854, -0.08771017959216831, -0.3835615638142761, -0.026605271492361728, -0.4621716516080855, -0.33726446735425647, 0.18174154428912967, 0.4040099568051322, 0.7422990457863902, 0.11342036282594217], [-0.6544146898361988, -0.15123507621574758, -0.05226729773732909, -0.5874837126892629, -0.461512106812732, 0.2084881064246549, 0.5632911471942775, 0.610673257370833, 0.33748499667197285, -0.13201517005598257, -0.09184210209580214], [-0.4984382353547392, -0.11270629612446802, -0.7641106256864864, 0.14551837377215096, 0.6402988433180364, 0.4807178738078354, -0.15743435903384037, 0.1795104334478223, -0.34515592792728833, 0.4970922098441415, 0.02989759568419944]], "inverted": true, "swapped": false, "error_lsq": 0.04219603475387424, "error_max": 0.20932586925811958, "target": "1034.xyz", "model": "1.xyz", "model_rescale": 4.316132596720782, "target_rescale": 3.6607360883367126},
{"mapping": [10, 1, 8, 9, 5, 0, 2, 4, 6, 3, 11], "R": [[-0.5585947339153945, 0.7608667366291822, -0.3302328456305467], [-0.31657577185432884, -0.5635734581271556, -0.7629972070521853], [-0.7666496617861549, -0.3216625038543628, 0.5556811403109849]], "T": [-0.04456618161818139, -0.15368910232034227, 0.031999394919627354], "aligned_model": [[0.13970653494459928, -0.5486917978991053, -0.17781226256240157, -0.43944038350702014, -0.015381126100295586, -0.47455901118524046, -0.4124265442005409, 0.2381935271498442, 0.5806028287834817, 0.5604674936441155, 0.040959993156347976], [-0.4771187742620052, -0.195556130103815, 0.044086878272564384, -0.740639736124343, -0.2522630966720957, 0.1905691169557937, 0.5556814330005374, 0.5140224528204355, 0.21246084876320825, -0.20158925003205186, -0.06048639039954502], [-0.476599279702683, -0.1647282808119889, -0.696125772360293, 0.25451866013445557, 0.6685457656491735, 0.47977892054377086, -0.21739506974297387, 0.29379694526272854, -0.35683718354802285, 0.2823128713584823, 0.027922308964714558]], "inverted": false, "swapped": false, "error_lsq": 0.03274564331629688, "error_max": 0.18796532249805922, "target": "1034.xyz", "model": "2.xyz", "model_rescale": 3.795458400668931, "target_rescale": 3.6607360883367126},
{"mapping": [10, 6, 5, 2, 1, 8, 9, 7, 4, 0, 11], "R": [[0.07674495670790987, 0.27356305679810894, -0.9587874976110065], [0.9970067500419414, -0.012021003193630198, 0.07637431409200804], [0.009367603253073953, -0.9617789504025828, -0.2736667655595023]], "T": [-0.05680390271677473, -0.07155607583753168, 0.009637171240805677], "aligned_model": [[0.20627113294821828, -0.6159422406098166, -0.23548794403541815, -0.21763245829646063, -0.09687247196880386, -0.6414029524527805, -0.31494754625819854, 0.23949157266019758, 0.45437563893536914, 0.6441807491125415, 0.06958577218893636], [-0.5270070761238256, -0.2303086786896771, 0.06474783469264439, -0.8179453782714627, -0.24413181618461863, 0.2774047953025236, 0.709068536977439, 0.558287216690312, 0.06262283300297433, -0.23203744064168189, -0.03153347453594384], [-0.50258021166243, 0.10689058663985104, -0.6561840306606082, 0.07864801341303189, 0.6136909482850367, 0.3930862532481409, -0.27061577874172116, 0.32397570649347107, -0.3531936845891138, 0.3179782058535708, 0.04349387746813424]], "inverted": false, "swapped": false, "error_lsq": 0.04754604026693583, "error_max": 0.2235317415707526, "target": "1034.xyz", "model": "3.xyz", "model_rescale": 3.7530521520055578, "target_rescale": 3.6607360883367126},
{"mapping": [0, 4, 2, 6, 8, 9, 3, 5, 1, 7, 10], "R": [[0.8389565799897285, -0.2854675676186441, 0.4633142828899547], [-0.49102941779737413, -0.7641259418580277, 0.41833199236629476], [0.234610246471696, -0.5784633202005782, -0.7812414603904565]], "T": [-0.07895423269251925, 0.03273533052480676, 0.015964072156259626], "aligned_model": [[0.15486225308866855, -0.5711482362757927, -0.22411787093245314, -0.31085766786410574, 0.024648909734772656, -0.43749904864843747, -0.3088218837589758, 0.3385903100659914, 0.4708450842586638, 0.4029637320256494, -0.047846329470196076], [-0.670211244163603, -0.3993193310900903, 0.1590567019869208, -0.6377761173957075, -0.3453415926353544, 0.22592357203835262, 0.7263665135648656, 0.4834240921171616, 0.2953357814017515, -0.2069037952693772, -0.041387228336236453], [-0.3465498584459943, -0.31687933941301794, -0.6354393452986122, 0.22325791577702891, 0.8453034002403893, 0.3785763818414748, -0.1987600066102797, 0.39025799005641243, -0.487710014023474, 0.2795529665048345, -0.0364202048813983]], "inverted": true, "swapped": false, "error_lsq": 0.049226490388530005, "error_max": 0.2778981265227808, "target": "1034.xyz", "model": "4.xyz", "model_rescale": 3.7855080009869324, "target_rescale": 3.6607360883367126},
{"mapping": [6, 12, 1, 13, 15, 14, 2, 9, 5, 10, 16], "R": [[0.21650822032063946, -0.7800663833772945, 0.5870439745523817], [-0.26875811561096197, 0.5304499938299119, 0.8039849994490516], [-0.9385591434890155, -0.331842193776672, -0.09480238711473143]], "T": [0.026041188717698997, -0.10879573007478426, -0.09015562385141172], "aligned_model": [[0.09593513359438474, -0.6496190275468574, -0.3347442438752309, -0.3671353611315318, 0.022005821374791894, -0.44103413413265485, -0.262997870126347, 0.10531969275812117, 0.6926968577180457, 0.6323267783041533, -0.0011343947130900318], [-0.686617068405336, -0.15106085652809326, 0.08009513216796245, -0.6680142081581115, -0.23433896232369406, 0.1544956607282813, 0.5710322348867555, 0.39899402756894353, 0.24447093905111072, -0.04407881895553399, -0.0758107278136016], [-0.38564573452591044, -0.15916427731872318, -0.7283233547649184, 0.14974963514517836, 0.724424463882606, 0.32241641209636596, -0.09887617988248878, 0.40256995908322696, -0.3832019070452088, 0.3088353276114918, -0.0575944585342558]], "inverted": true, "swapped": false, "error_lsq": 0.040735018706214404, "error_max": 0.22500597783144233, "target": "1034.xyz", "model": "5.xyz", "model_rescale": 4.2253639853439635, "target_rescale": 3.6607360883367126},
{"mapping": [3, 0, 4, 7, 12, 9, 1, 8, 5, 11, 13], "R": [[0.5793575588990482, -0.05546227089607042, -0.8131843305509439], [0.5994122736632785, -0.6470611774707563, 0.471186543517509], [-0.5523130861462135, -0.7604181541212766, -0.3416350183374588]], "T": [0.03602248701763754, 0.034022122776253855, -0.07712615189283113], "aligned_model": [[-0.06553199487986644, -0.7218255488218601, -0.2566541093600331, -0.18474962450762444, 0.012275228803134523, -0.3286494538096343, -0.42579596576746426, 0.20952577783850093, 0.6485921820583368, 0.5731725659173121, 0.03126019475298273], [-0.5533129709235287, -0.21378194522087499, 0.04899197915240533, -0.7111240004731831, -0.501434258727512, 0.2746241870499819, 0.5526883091957115, 0.6659979488013743, 0.17922938239119687, -0.1381669404753992, -0.014544338551489115], [-0.4614875022046689, 0.008443397509330916, -0.7213525294491877, 0.08227317622972978, 0.687116149804228, 0.3491618372950824, -0.31464433159816957, 0.2640014473906169, -0.14356775725835502, 0.45894707822389447, -0.1137010801951372]], "inverted": true, "swapped": false, "error_lsq": 0.0481304148144551, "error_max": 0.22167755588897642, "target": "1034.xyz", "model": "6.xyz", "model_rescale": 3.89814844738969, "target_rescale": 3.6607360883367126},
{"mapping": [1, 6, 5, 0, 7, 8, 9, 11, 10, 4, 12], "R": [[0.9006434602801778, 0.4158062086938094, 0.12627966687566006], [-0.32870439027710957, 0.4617805910164481, 0.8238398567519378], [0.2842442282036718, -0.7834946602065518, 0.5525769956854147]], "T": [-0.01840004276747098, -0.12470304979995886, 0.11555070637482076], "aligned_model": [[-0.08689033292472657, -0.6455012885565492, -0.20696077675593974, -0.13895002165908332, 0.004910950414139092, -0.4778476850973081, -0.2730535102806718, 0.16300559819439814, 0.43545788051786705, 0.5926474253184051, 0.1248010130532538], [-0.644865328125168, -0.1693556846058325, -0.029787693651091213, -0.703995527611078, -0.32689154575952495, 0.2910784100051531, 0.5866127405781397, 0.5603089947702763, 0.26221359476562456, -0.1656838124679414, -0.07046679567987416], [-0.5474250823200176, -0.13370021290624765, -0.6314516555958033, 0.08557879937852444, 0.7399312708100467, 0.3870657408657635, -0.3610280771194697, 0.506946748056299, -0.312482188016903, 0.3166411268857551, 0.04511341570941611]], "inverted": false, "swapped": false, "error_lsq": 0.0427974318292645, "error_max": 0.2140741479523568, "target": "1034.xyz", "model": "7.xyz", "model_rescale": 3.7474275329858107, "target_rescale": 3.6607360883367126},
{"mapping": [8, 3, 2, 5, 7, 0, 1, 12, 13, 11, 14], "R": [[0.5036236394312692, 0.45385629829576335, 0.7351038636160676], [0.11108662723210247, 0.8098066408110667, -0.5760841655075168], [-0.8567514173062096, 0.3717898129260176, 0.35742040225515653]], "T": [-0.0020620012289819176, -0.02599098060197523, 0.07995206610897365], "aligned_model": [[-0.02209873536614316, -0.6431070371508063, -0.3123469164114359, -0.2585757322057908, 0.03722753809284202, -0.5641496131856679, -0.3442762829868532, 0.364461444721419, 0.7213652492751741, 0.5016467067532245, 0.011472630687822217], [-0.5259690373415831, -0.31102755789443015, 0.08438798308406746, -0.684046355590297, -0.4341154768395341, 0.2520191265215307, 0.5727750694459608, 0.4475810824231867, 0.3144669260799123, -0.12562277798167765, -0.0012816296884527976], [-0.38354635667208253, -0.0682030840208866, -0.6947280302118617, 0.1990540950221044, 0.6237979630271492, 0.28239004290425834, -0.21866210421921006, 0.2283861709841371, -0.3309655116342435, 0.43042460147180783, 0.027242099096191054]], "inverted": false, "swapped": false, "error_lsq": 0.04143155861619588, "error_max": 0.19057552310110795, "target": "1034.xyz", "model": "8.xyz", "model_rescale": 4.019505241142653, "target_rescale": 3.6607360883367126},
{"mapping": [5, 11, 6, 8, 7, 9, 10, 1, 2, 0, 12], "R": [[0.15066778271129888, 0.4649555644584352, 0.872419361506838], [0.7675442822315215, -0.6111934456383077, 0.193179571441888], [0.6230369122825382, 0.6405145549383799, -0.44896114625380423]], "T": [0.025536741019667263, -0.06465981160383671, -0.03805302597932329], "aligned_model": [[0.031387487508596594, -0.5303263286622759, -0.13674195997799438, -0.35502354665590363, 0.15861818490944044, -0.5134956145593532, -0.36951885809814006, 0.1352142908818378, 0.5188384488010104, 0.541035780383215, 0.011631367693351505], [-0.5658089215446488, -0.2939823645171165, 0.1701240603027256, -0.4765922129240619, -0.40804413971200443, 0.06172852773762588, 0.7366980822033394, 0.5268717561487891, 0.08514679739922965, -0.1508651887676526, -0.09610904410754215], [-0.48452817367851103, -0.1982932783570967, -0.7063373925942933, 0.3382746179334531, 0.7889660321914128, 0.3629584062116835, -0.23789385728360207, 0.26913835016738463, -0.32819707161126627, 0.3485675262865819, -0.05746527351838291]], "inverted": true, "swapped": false, "error_lsq": 0.0430962095588637, "error_max": 0.235762626107536, "target": "1034.xyz", "model": "9.xyz", "model_rescale": 3.877068213659057, "target_rescale": 3.6607360883367126},
{"mapping": [12, 3, 6, 5, 1, 4, 13, 2, 10, 8, 15], "R": [[0.3189201411801693, -0.9069882518691816, 0.2750677271526181], [0.5511356233703171, -0.058639244345516366, -0.8323526678486705], [0.7710638548147832, 0.417053653615303, 0.4811722994981051]], "T": [0.056527294861758275, 0.02627831251469072, -0.0077752023343073875], "aligned_model": [[0.03428056878229326, -0.5492835330742654, -0.15821088047063836, -0.33620991312684717, -0.06472365947818506, -0.4402040449604485, -0.3224926946627385, 0.0924599473743063, 0.4909005518897385, 0.6563112938508274, 0.08879161609974184], [-0.5893682559750842, -0.1260452429917414, 0.01878258761206865, -0.6283572766285933, -0.5155628985703885, 0.14199853236667298, 0.6492239857521629, 0.6008284107550136, 0.15163224415103937, -0.05667007160698527, -0.0572946626454814], [-0.43048030237337737, -0.11981143719416677, -0.5858201013585485, 0.1601687559698545, 0.6590178077107458, 0.4371489333347022, -0.2645261160604989, 0.32231022152586986, -0.554416807832912, 0.4704524170441442, 0.001146514981550632]], "inverted": true, "swapped": false, "error_lsq": 0.03786284855004367, "error_max": 0.2349715388926303, "target": "1034.xyz", "model": "10.xyz", "model_rescale": 4.260839863003843, "target_rescale": 3.6607360883367126},
{"mapping": [4, 3, 2, 5, 6, 0, 1, 7, 8, 10, 11], "R": [[0.30378049648168914, 0.3314333481884376, 0.893235324909366], [0.7419019857755298, -0.6704990756249803, -0.00352605847548787], [0.5977448063008696, 0.6637642091094162, -0.4495756012571045]], "T": [0.04460350347222034, -0.04731696202854037, -0.05965536986692968], "aligned_model": [[0.1412276423045964, -0.6429912954030728, -0.16381529627550168, -0.24382580071020257, -0.07423739831883505, -0.46654632489095177, -0.3469202045776924, 0.1904683682362511, 0.5219410197293451, 0.5526481035760569, 0.023670438553791487], [-0.6856184747735129, -0.14925058475577307, 0.009813198793621913, -0.6176777524394284, -0.2760556633198026, 0.26144617936201814, 0.5302264046261298, 0.41257620032684483, 0.3798491497025905, -0.28340920477253195, 0.0072678994685269685], [-0.4051084248883068, -0.20337732549693857, -0.7105431288374007, 0.15968000689342854, 0.7383488790235778, 0.5833263133387131, -0.2504785571616803, 0.3839969148430441, -0.38414175728669375, 0.22227534726698892, -0.03878838194736868]], "inverted": false, "swapped": false, "error_lsq": 0.03976172468707433, "error_max": 0.2088933605552259, "target": "1034.xyz", "model": "11.xyz", "model_rescale": 3.890672605050136, "target_rescale": 3.6607360883367126},
{"mapping": [1, 11, 6, 2, 4, 12, 9, 7, 8, 3, 13], "R": [[-0.4483871164575037, 0.8695941370661635, 0.20677289613264022], [0.6150123083479206, 0.46801434897605887, -0.6346041519979823], [-0.6486207323047016, -0.15738044965201473, -0.74466270196099]], "T": [-0.09111927173772333, -0.02486032566000527, -0.09296281113802733], "aligned_model": [[0.06710183827483271, -0.5885697448670433, -0.08267562231101588, -0.44264598944279043, 0.014041532684085742, -0.34683140540918334, -0.6031635535194761, 0.27013443843562496, 0.5375787513901078, 0.7206973356722037, -0.05404832868356112], [-0.6857070495473546, -0.2382535187642485, -0.006416110878143623, -0.5675888828190657, -0.4093118275831555, 0.3742817493996615, 0.5108601480825049, 0.4792237404229448, 0.2614986729249636, -0.14654565831580924, 0.017126089296385344], [-0.4718374319085276, -0.19179871461162898, -0.6688506992438605, 0.20273773612260032, 0.4834010424367206, 0.4818667769620681, -0.33094315387479756, 0.49215186265136907, -0.29772698154560556, 0.3303687749170624, 0.06582067384196323]], "inverted": true, "swapped": false, "error_lsq": 0.050001933655760666, "error_max": 0.2779479557364225, "target": "1034.xyz", "model": "12.xyz", "model_rescale": 4.124412569039231, "target_rescale": 3.6607360883367126},
{"mapping": [8, 1, 2, 6, 3, 0, 4, 5, 10, 7, 12], "R": [[0.3336320849078852, -0.3258929598961169, -0.8845809237204735], [0.6175694678139876, -0.6333976407718848, 0.4662782228332768], [-0.7122482603306001, -0.7018555459314678, -0.01006023365908959]], "T": [0.022819895468647204, -0.10063586848361403, 0.11032009401819204], "aligned_model": [[-0.017431213963508448, -0.712212525320554, -0.16375581348107784, -0.2726964576776066, -0.12602480839020191, -0.34432678823607155, -0.2636161763790091, 0.23136867122074073, 0.49253743341450235, 0.6056038720803281, 0.06217305895624267], [-0.5842757475539085, -0.2582143897255904, 0.036314107319560224, -0.7002446584849742, -0.4096402217469898, 0.19104140362781238, 0.558310286375305, 0.5714048399051969, 0.1961269160577074, 0.03710238085448336, -0.048757564409919116], [-0.4182330598469553, -0.20234689966788877, -0.719637569122729, 0.1377463362019649, 0.7357119228450335, 0.4522193115842602, -0.20908653942992034, 0.3907029991190216, -0.3753824451504606, 0.295977536072089, 0.007518293142948107]], "inverted": false, "swapped": false, "error_lsq": 0.036058956798681145, "error_max": 0.15936822785591093, "target": "1034.xyz", "model": "13.xyz", "model_rescale": 3.9028299243045295, "target_rescale": 3.6607360883367126},
{"mapping": [5, 14, 12, 10, 7, 9, 11, 6, 2, 3, 15], "R": [[0.1616387142079082, 0.6836262086445494, 0.7117078985956904], [0.4127242217189343, -0.701919763908595, 0.5804888989817142], [0.8963992653252872, 0.19990960929575594, -0.39560650302479117]], "T": [0.12050386754461773, -0.0897044947976757, -0.12183614229178852], "aligned_model": [[0.09377675416310179, -0.7628475002619125, -0.16888889884249303, -0.3174249485899713, -0.10938711873382431, -0.35628974513102574, -0.42758841608757436, 0.21366487418476993, 0.6878249091759608, 0.5753965361380984, 0.06338280620865507], [-0.5002845904551184, -0.11940428617698887, 0.05071569682127611, -0.6168924709982135, -0.3102394657266936, 0.1800069610329935, 0.3966782287460343, 0.38409722236329025, 0.29875699520973265, -0.10279737358848716, -0.07146956500914192], [-0.42648590860610813, -0.07872076024187208, -0.7389052514760016, 0.17081346354685434, 0.7261865088575975, 0.42658799828653426, -0.21608784359727184, 0.3377737160732718, -0.38526407562334786, 0.30429843952834745, -0.025006401000639694]], "inverted": true, "swapped": false, "error_lsq": 0.04231315085217409, "error_max": 0.27038299185441933, "target": "1034.xyz", "model": "14.xyz", "model_rescale": 3.942246331269136, "target_rescale": 3.6607360883367126},
{"mapping": [11, 4, 13, 10, 9, 5, 12, 0, 8, 7, 14], "R": [[0.662438590440198, -0.7403188516094665, -0.11446882478318941], [0.7137237219577786, 0.5773159795162431, 0.3966165761915866], [-0.22753804651165366, -0.3444332413499627, 0.910819509915559]], "T": [-0.13396036386144522, -0.028280355531560077, 0.05180450462436209], "aligned_model": [[0.07960354542417986, -0.5817550555244608, -0.3089069177072269, -0.3745615098340894, 0.0559366558778428, -0.3930790092014573, -0.3744128974674333, 0.3264091036750375, 0.5604088119150066, 0.6065663578461926, -0.10458983277980666], [-0.4655017264217163, -0.2929463713369224, 0.06991557491397496, -0.6934121651272797, -0.48108311258019487, 0.2124091871225562, 0.6099592602032339, 0.5180872355574981, 0.08861930119860598, -0.03913817563172878, 0.06225834432065637], [-0.4748253028724448, -0.21855782840068277, -0.736028668735796, 0.1451387451994893, 0.6898257356470086, 0.5787823313715827, -0.3986497440534723, 0.22575821006340305, -0.26917344520349107, 0.4789833785269118, 0.07393647420485538]], "inverted": true, "swapped": false, "error_lsq": 0.04481143894745992, "error_max": 0.19543753601804675, "target": "1034.xyz", "model": "15.xyz", "model_rescale": 4.355366556412066, "target_rescale": 3.6607360883367126},
{"mapping": [10, 1, 8, 9, 5, 0, 2, 4, 6, 3, 11], "R": [[-0.5585947339153945, 0.7608667366291822, -0.3302328456305467], [-0.31657577185432884, -0.5635734581271556, -0.7629972070521853], [-0.7666496617861549, -0.3216625038543628, 0.5556811403109849]], "T": [-0.04456618161818139, -0.15368910232034227, 0.031999394919627354], "aligned_model": [[0.13970653494459928, -0.5486917978991053, -0.17781226256240157, -0.43944038350702014, -0.015381126100295586, -0.47455901118524046, -0.4124265442005409, 0.2381935271498442, 0.5806028287834817, 0.5604674936441155, 0.040959993156347976], [-0.4771187742620052, -0.195556130103815, 0.044086878272564384, -0.740639736124343, -0.2522630966720957, 0.1905691169557937, 0.5556814330005374, 0.5140224528204355, 0.21246084876320825, -0.20158925003205186, -0.06048639039954502], [-0.476599279702683, -0.1647282808119889, -0.696125772360293, 0.25451866013445557, 0.6685457656491735, 0.47977892054377086, -0.21739506974297387, 0.29379694526272854, -0.35683718354802285, 0.2823128713584823, 0.027922308964714558]], "inverted": false, "swapped": false, "error_lsq": 0.03274564331629688, "error_max": 0.18796532249805922, "target": "1034.xyz", "model": "16.xyz", "model_rescale": 3.795458400668931, "target_rescale": 3.6607360883367126},
{"mapping": [1, 6, 5, 0, 7, 8, 9, 11, 10, 4, 12], "R": [[0.9006434602801778, 0.4158062086938094, 0.12627966687566006], [-0.32870439027710957, 0.4617805910164481, 0.8238398567519378], [0.2842442282036718, -0.7834946602065518, 0.5525769956854147]], "T": [-0.01840004276747098, -0.12470304979995886, 0.11555070637482076], "aligned_model": [[-0.08689033292472657, -0.6455012885565492, -0.20696077675593974, -0.13895002165908332, 0.004910950414139092, -0.4778476850973081, -0.2730535102806718, 0.16300559819439814, 0.43545788051786705, 0.5926474253184051, 0.1248010130532538], [-0.644865328125168, -0.1693556846058325, -0.029787693651091213, -0.703995527611078, -0.32689154575952495, 0.2910784100051531, 0.5866127405781397, 0.5603089947702763, 0.26221359476562456, -0.1656838124679414, -0.07046679567987416], [-0.5474250823200176, -0.13370021290624765, -0.6314516555958033, 0.08557879937852444, 0.7399312708100467, 0.3870657408657635, -0.3610280771194697, 0.506946748056299, -0.312482188016903, 0.3166411268857551, 0.04511341570941611]], "inverted": false, "swapped": false, "error_lsq": 0.0427974318292645, "error_max": 0.2140741479523568, "target": "1034.xyz", "model": "17.xyz", "model_rescale": 3.7474275329858107, "target_rescale": 3.6607360883367126},
{"mapping": [5, 9, 12, 4, 0, 2, 7, 1, 11, 3, 13], "R": [[-0.7872756730306872, -0.07693362107167216, -0.6117828312423284], [0.16270052677531435, 0.9311024323847658, -0.32646102216682504], [0.5947483108350238, -0.35655220985989333, -0.7205171534411329]], "T": [0.012454949481065361, -0.07437404348545677, -0.006105553873372749], "aligned_model": [[-0.03643991130152417, -0.6033236610236993, -0.1806185483019912, -0.3149057638225668, -0.06122558875393995, -0.4350117498151133, -0.22397264860515326, 0.2547588636579684, 0.47403432525084954, 0.6629272074590815, -0.04460327252012673], [-0.6232803267084892, -0.18878788273068853, -0.011496578200180088, -0.8132522633401041, -0.28239369141901177, 0.23317128261645342, 0.5813098399043185, 0.4105434383785726, 0.3981858105092194, -0.045245958734528455, -0.06958631805687827], [-0.47464703709297107, -0.24158451703157682, -0.725831871390396, 0.18394644330205873, 0.8003939161449709, 0.4510838480417806, -0.29176254742049795, 0.4236179220583915, -0.2982841397802819, 0.18527515985964263, 0.08298270905624307]], "inverted": false, "swapped": false, "error_lsq": 0.04416079597803647, "error_max": 0.21000186706519686, "target": "1034.xyz", "model": "18.xyz", "model_rescale": 3.922800546911778, "target_rescale": 3.6607360883367126},
{"mapping": [1, 8, 5, 6, 10, 13, 12, 7, 3, 9, 14], "R": [[0.5460875698723718, 0.659922035352724, -0.5160341784095365], [-0.06215897544235355, 0.6462136563469025, 0.7606209122307406], [0.8354188337611524, -0.3832894697310184, 0.3939093228021781]], "T": [-0.07045691767381987, -0.10149607311330794, 0.012705172701938999], "aligned_model": [[0.009627577501492818, -0.6503464941545464, -0.21581653670274845, -0.36352075868552025, 0.17790530899245496, -0.4951260699040668, -0.20759173819654547, 0.22790223888001068, 0.3795880186874261, 0.6492109867846416, -0.020213280978813926], [-0.7172433666683395, -0.18238423755769712, 0.04420907423401599, -0.7117277519551044, -0.5596739294978079, 0.30546749658082556, 0.6128404013889157, 0.577405392574043, 0.2848178274184728, -0.03760713057124593, -0.02693642372739477], [-0.3903143901582458, -0.16499074161079874, -0.7222603444333714, 0.14498765507395556, 0.6283267314111677, 0.36745932828864475, -0.28651295302316954, 0.30983415588383717, -0.2268159518291316, 0.38785780327809166, 0.04761859286638398]], "inverted": false, "swapped": false, "error_lsq": 0.04219898105587719, "error_max": 0.2534000023003602, "target": "1034.xyz", "model": "19.xyz", "model_rescale": 3.9282355846067225, "target_rescale": 3.6607360883367126},
{"mapping": [1, 2, 10, 5, 6, 7, 12, 9, 11, 4, 13], "R": [[-0.9571463800839222, 0.21822775574011155, 0.19038764066209324], [0.27113211799233927, 0.4442098153376186, 0.8539115964493672], [0.1017751525925279, 0.8689385977054725, -0.4843423703666805]], "T": [0.04828359945073362, -0.055953509454608676, 0.14438713362210723], "aligned_model": [[-0.02752782815864325, -0.5929045422554645, -0.1549683111275006, -0.3026415796552608, -0.03794206875197476, -0.5232578621012504, -0.3440102515363654, 0.19913403087151876, 0.5635105198965267, 0.6650047042331595, 0.04722244080903949], [-0.6279984646786034, -0.32552795223267167, 0.19125283207423624, -0.6420127571485947, -0.33465563715741564, 0.11902969691799095, 0.6768469771576825, 0.6187820115222848, 0.21242237394857952, -0.16769221598984527, -0.13127951219495976], [-0.3336484225379116, -0.29711439196543477, -0.6554953793419448, 0.2895636782509716, 0.7289675919116303, 0.31994057732005643, -0.034227889727180244, 0.12436341493681588, -0.2749919037432066, 0.22524123257564513, 0.0025913780679223675]], "inverted": false, "swapped": false, "error_lsq": 0.04694384217315088, "error_max": 0.24692179658460042, "target": "1034.xyz", "model": "20.xyz", "model_rescale": 4.067790424073018, "target_rescale": 3.6607360883367126},
{"mapping": [8, 0, 2, 7, 9, 12, 3, 11, 6, 13, 14], "R": [[-0.6780500833769325, 0.2118226752180728, 0.7038318255776687], [0.14057827607130502, -0.902523586098971, 0.4070490447499827], [0.7214470408348453, 0.37494310341505455, 0.5821785262890868]], "T": [0.08448116097207797, -0.12233526905838886, -0.030787029238140334], "aligned_model": [[0.050304466938152215, -0.5732435284837887, -0.2057726677928166, -0.3362756363970836, -0.18757762458115584, -0.36358200032776167, -0.32194619823470083, 0.22059007235040445, 0.4411837163578484, 0.6771785274932127, 0.09076012490147398], [-0.6481796295315696, -0.23604508153043435, 0.1042804316591487, -0.7133468125898997, -0.361044871290886, 0.23600078760128035, 0.6112724800047646, 0.4317664145251824, 0.35638213959205167, -0.07815158386118316, -0.11376692235977157], [-0.24870343263292047, -0.2735345131565424, -0.6774089980998167, 0.14337677322647477, 0.657000468812088, 0.4770008604178454, -0.1735507811274673, 0.27331483276274693, -0.46799388226270133, 0.33918748171971413, 0.046501076087942586]], "inverted": false, "swapped": false, "error_lsq": 0.0421835862980458, "error_max": 0.22531782181466145, "target": "1034.xyz", "model": "21.xyz", "model_rescale": 4.186013935880536, "target_rescale": 3.6607360883367126},
{"mapping": [9, 2, 1, 8, 11, 5, 0, 6, 7, 4, 12], "R": [[-0.6832864818917941, -0.2456085335833735, 0.6876016520449613], [-0.06072261489794964, -0.9193488675760717, -0.3887292421809168], [0.7276210192840022, -0.307366406618582, 0.6132646609568255]], "T": [0.010380165856631839, -0.06427694807726123, 0.04060151492569217], "aligned_model": [[0.09207178675710437, -0.720572605887178, -0.10287792701374174, -0.4149250731826846, 0.07918775107914819, -0.5774233213316337, -0.30826505232960694, 0.20816356973239297, 0.5496545354680442, 0.6597569955021525, 0.026848593429787185], [-0.5834041991884119, -0.1246913886442784, 0.11362460342064673, -0.6992294822379392, -0.44762911461007326, 0.20826554793019983, 0.5281896801544927, 0.4376063105257453, 0.19617678287227094, 0.012222285993812365, -0.05196367399778202], [-0.2899799976650239, -0.06782977076256128, -0.6598603886110732, 0.10075850713988974, 0.5378666467641355, 0.4633856494839721, -0.22252765556878615, 0.17788869168499402, -0.38327434920853265, 0.356945866976645, 0.08181668551370444]], "inverted": false, "swapped": false, "error_lsq": 0.03989182802731403, "error_max": 0.1884460383577274, "target": "1034.xyz", "model": "22.xyz", "model_rescale": 4.166573947596378, "target_rescale": 3.6607360883367126},
{"mapping": [12, 3, 9, 2, 1, 4, 8, 7, 10, 5, 15], "R": [[0.2562038335860983, -0.849379329010975, -0.46142643086916146], [0.727732794954649, 0.48367849224692155, -0.4862716270617068], [0.6362111086764218, -0.21121049118500415, 0.7420414770146664]], "T": [-0.023847744148822205, -0.12721942228623365, -0.10009059641197596], "aligned_model": [[0.14700341853679652, -0.6190019902624805, -0.21788448406201483, -0.40247450421103037, 0.0051429471413138896, -0.5561933495567891, -0.39137209612013474, 0.38301407700654744, 0.522754754298865, 0.6230195662776351, -0.002389086824923784], [-0.6723882256372185, -0.16305542318595934, 0.07580129112511536, -0.5512772534629378, -0.29380177572461164, 0.11801734365427424, 0.5931965206169207, 0.39164560238130475, 0.3274028097616425, -0.09612293561407881, -0.14025060169576825], [-0.42099901214930824, -0.17712212494713037, -0.630733131243006, 0.2599454734082529, 0.5923752296102133, 0.34299020705219985, -0.09766982376426467, 0.1767346053184782, -0.33564434382991026, 0.4211173010911561, -0.03580449479931708]], "inverted": true, "swapped": false, "error_lsq": 0.043188493670008876, "error_max": 0.25024174162070356, "target": "1034.xyz", "model": "23.xyz", "model_rescale": 4.274766983524099, "target_rescale": 3.6607360883367126},
{"mapping": [2, 5, 3, 4, 9, 7, 6, 8, 0, 1, 10], "R": [[-0.6290525386145578, -0.35103232322456046, 0.6935915308840994], [-0.5841496518656539, 0.8021454442052887, -0.12382193087630311], [-0.5128957865763923, -0.4830517512568072, -0.7096470374206574]], "T": [-0.01603984911118027, 0.0580760510070837, -0.027126781221006577], "aligned_model": [[0.20404258437357414, -0.8068569446061605, -0.1473011355340065, -0.28903765051407665, 0.07488875256441459, -0.4330832911512383, -0.3272469692771481, 0.1264890713517762, 0.5745072205051652, 0.47088967455048114, 0.04432793996100337], [-0.7793270149822753, -0.11335607900458024, -0.06456103922708874, -0.581177046050044, -0.2565527437625135, 0.15119107853212788, 0.6068596011462863, 0.5883982352940207, 0.31908174713866255, -0.33065208422128073, 0.049262697355368174], [-0.4499640410654814, -0.13417954804586874, -0.5598038903381901, 0.040016984257060045, 0.760531880218344, 0.4402454853740377, -0.26587727770494396, 0.46628482726541015, -0.38670921587913193, 0.1646372831193058, 0.020007398546822278]], "inverted": true, "swapped": false, "error_lsq": 0.05403540935584621, "error_max": 0.3083907898464458, "target": "1034.xyz", "model": "24.xyz", "model_rescale": 3.7841303162186577, "target_rescale": 3.6607360883367126},
{"mapping": [14, 12, 13, 9, 8, 4, 3, 6, 11, 7, 15], "R": [[0.6629143393922805, 0.5483680529933315, -0.5097421476436883], [0.7388365239456955, -0.5892703759319258, 0.3269266201044036], [-0.12109983283200104, -0.5933404608699377, -0.7957901281008153]], "T": [0.01707610055110021, -0.14691313178472723, 0.1726124269106348], "aligned_model": [[-0.07792282722044139, -0.5688449180104694, -0.09186138137686783, -0.23659245317506933, -0.11737750072752023, -0.4075743463884195, -0.30164741513773186, 0.16429532439887776, 0.4537815407567355, 0.652535804368702, 0.022827424735989144], [-0.6423725447647057, -0.27775873754630126, 0.01976010135099751, -0.6587976685966018, -0.4027711106812404, 0.35678528971554646, 0.5159632769665147, 0.5572516187818582, 0.22450184814886473, -0.025424215619952048, -0.0779705055362969], [-0.43959189855787595, -0.29079656511346874, -0.5839274964630884, 0.047044937688743266, 0.6882835501830791, 0.522846978248098, -0.15603947845605995, 0.23973139913299302, -0.3380409196351585, 0.23770442467851366, 0.16797495404158883]], "inverted": false, "swapped": false, "error_lsq": 0.04666855619696806, "error_max": 0.1965900207179753, "target": "1034.xyz", "model": "25.xyz", "model_rescale": 4.19342608120988, "target_rescale": 3.6607360883367126},
{"mapping": [10, 1, 8, 9, 5, 0, 2, 4, 6, 3, 11], "R": [[-0.5585947339153945, 0.7608667366291822, -0.3302328456305467], [-0.31657577185432884, -0.5635734581271556, -0.7629972070521853], [-0.7666496617861549, -0.3216625038543628, 0.5556811403109849]], "T": [-0.04456618161818139, -0.15368910232034227, 0.031999394919627354], "aligned_model": [[0.13970653494459928, -0.5486917978991053, -0.17781226256240157, -0.43944038350702014, -0.015381126100295586, -0.47455901118524046, -0.4124265442005409, 0.2381935271498442, 0.5806028287834817, 0.5604674936441155, 0.040959993156347976], [-0.4771187742620052, -0.195556130103815, 0.044086878272564384, -0.740639736124343, -0.2522630966720957, 0.1905691169557937, 0.5556814330005374, 0.5140224528204355, 0.21246084876320825, -0.20158925003205186, -0.06048639039954502], [-0.476599279702683, -0.1647282808119889, -0.696125772360293, 0.25451866013445557, 0.6685457656491735, 0.47977892054377086, -0.21739506974297387, 0.29379694526272854, -0.35683718354802285, 0.2823128713584823, 0.027922308964714558]], "inverted": false, "swapped": false, "error_lsq": 0.03274564331629688, "error_max": 0.18796532249805922, "target": "1034.xyz", "model": "26.xyz", "model_rescale": 3.795458400668931, "target_rescale": 3.6607360883367126},
{"mapping": [0, 9, 3, 1, 8, 11, 4, 10, 7, 5, 12], "R": [[0.8369476810611481, 0.5392498746749788, -0.09342457829386465], [0.5379003742683395, -0.7790512691524006, 0.3220905267064123], [0.10090473987056765, -0.3198260350488272, -0.9420878625566723]], "T": [-0.16826399951201182, -0.1511005433183397, 0.053759667547051915], "aligned_model": [[0.11919296758429476, -0.5602186373905748, -0.09466648631971893, -0.2534479765043508, -0.03720497317803123, -0.4517385145972833, -0.42003562398907135, 0.168089275137917, 0.5237914602338223, 0.5104871930044408, -0.012629431757660153], [-0.5691656953767388, -0.16019348097044628, 0.06908280256711943, -0.7247079801731675, -0.3392011943908476, 0.31906241892882004, 0.629145647237715, 0.47646826948377996, 0.08619837207997158, -0.0647176270421106, -0.13280418012541184], [-0.6049232704398786, -0.12134935690842202, -0.6470821541891025, 0.17238246889583345, 0.7452749506671432, 0.5121956826696428, -0.1096114249617896, 0.08041090278370663, -0.2997322899515353, 0.36791771425816516, -0.00029333707639960654]], "inverted": true, "swapped": false, "error_lsq": 0.04270497635755169, "error_max": 0.22724350452784728, "target": "1034.xyz", "model": "27.xyz", "model_rescale": 3.6321398670334006, "target_rescale": 3.6607360883367126},
{"mapping": [7, 1, 6, 3, 0, 2, 13, 11, 9, 10, 14], "R": [[0.13921426950956162, 0.9589813230441763, -0.2469295632713111], [0.011463014112634284, -0.25090163371454666, -0.9679447140755639], [-0.9901959333749926, 0.13192115922706538, -0.04592190409613428]], "T": [0.016065657291191603, -0.16062375787606123, -0.048509454510191535], "aligned_model": [[-0.03142640067123948, -0.6510821461766348, -0.08477747509168401, -0.26383638266775067, 0.07471245546605479, -0.4922965564221664, -0.21749759645145147, 0.08762685208361792, 0.4385541985756544, 0.6639957938652085, -0.032353490285823926], [-0.8204634397924003, -0.1295798522239872, 0.1707859654609992, -0.7393617381113238, -0.2702970695964015, 0.24535900032366884, 0.5989549564736216, 0.3657801636892627, 0.3180096922184632, -0.03119796722581525, -0.11882235899740398], [-0.45254346620090813, -0.013619908852156443, -0.7441427595421092, 0.19289741826331605, 0.5630001627322329, 0.4099548553825296, -0.23550067120788193, 0.3124666432847205, -0.24595720495108228, 0.3614992476295811, -0.05286443079087812]], "inverted": false, "swapped": false, "error_lsq": 0.04668996080390198, "error_max": 0.21065224016990175, "target": "1034.xyz", "model": "28.xyz", "model_rescale": 4.156811204709835, "target_rescale": 3.6607360883367126},
{"mapping": [6, 1, 5, 4, 0, 2, 7, 8, 9, 10], "R": [[0.030150870300863664, 0.6969023522078385, -0.7165319507930422], [-0.6792941896422459, -0.5115860920929763, -0.5261549907539805], [-0.7332464312483117, 0.5026000217511125, 0.45797695269237754]], "T": [-0.11285149442627478, -0.0030320394714677384, -0.0023569567659961384], "aligned_model": [[-0.7567035497633227, -0.02784643869328289, 0.07375234439366839, 0.6710733714239941, 0.012889666417719006, -0.6691609051786452, -0.2514399150999968, -0.5370774725389093, 0.18392744718512893, -0.0564891740357656], [-0.06693549285771194, -0.5964720155024233, 0.006165313713453692, 0.14753512080806144, -0.5252198073547691, -0.46191357504408836, 0.549075094922927, 0.3218284457932089, 0.5321188503852728, 0.012538395762273127], [-0.4747489151310923, -0.297917508499396, -0.6868477342031768, -0.12617009534203352, 0.5910597644784407, 0.12336151522290749, -0.2487899280390655, 0.47029031841133406, 0.36290261451472094, 0.04564669556246076]], "inverted": true, "swapped": true, "error_lsq": 0.04277331118392619, "error_max": 0.22993324174487334, "target": "1034.xyz", "model": "29.xyz", "model_rescale": 4.117894457231895, "target_rescale": 3.6607360883367126},
{"mapping": [2, 9, 5, 11, 12, 10, 6, 7, 1, 4, 14], "R": [[-0.5217824751455491, 0.4053144588370814, 0.7506418840489707], [-0.25082713085972763, 0.7681347294834533, -0.5891135610271243], [-0.8153703447242006, -0.495670482093685, -0.2991353775890647]], "T": [0.00092450597172343, -0.04688766110808495, 0.01819131365648481], "aligned_model": [[-0.008857852151195292, -0.5788092013602633, -0.21736389256294547, -0.461625426581146, 0.10286720049053345, -0.46187631898837034, -0.4146217395943498, 0.13434980455605383, 0.7329297183359332, 0.6830101832472232, -0.018383223167688822], [-0.6860395545277832, -0.14328497286836664, 0.040872075564882517, -0.5577382980277462, -0.5012088474213507, 0.3089404464286865, 0.3999419473321416, 0.48968752388883463, 0.243086350508586, 0.005120767687555018, -0.010210086346755895], [-0.5269233675350319, -0.1926176033248979, -0.7821837079516457, 0.24309755403894523, 0.6272708401245347, 0.43475189628068056, -0.18043915242730163, 0.36645618612757463, -0.32866870063938297, 0.3809341210924719, 0.053511819961417025]], "inverted": true, "swapped": false, "error_lsq": 0.04466807336951241, "error_max": 0.27541828062039986, "target": "1034.xyz", "model": "30.xyz", "model_rescale": 4.100398675895297, "target_rescale": 3.6607360883367126},
