[{"mapping": [4, 9, 2, 1, 0, 3, 6, 5, 7, 8, 12, 11, 13], "R": [[0.3677820227506324, -0.5460077553134901, 0.752736285081952], [-0.3904755474246325, 0.6439716935347968, 0.6578976400545602], [-0.8439580739615488, -0.535888037805893, 0.023638534888248026]], "T": [0.0655545437975736, 0.10700773335208602, 0.024019460197067882], "aligned_model": [[0.049536645475987365, -0.5797853756855739, -0.26701845824373294, 0.008780060366224987, -0.5907556488665473, 0.21561632326328917, 0.5298427183042093, 0.7796077402499312, -0.13132063803138433, 0.4546677421296457, -0.2794391236397259, 0.39194151195264965, 0.03650872319289795], [-0.7259662136849818, -0.20070173142038894, -0.04246481339228933, 0.6805417592146694, 0.42421246859870665, 0.2557835146791099, -0.22210878166796588, 0.3260140155289703, -0.6103988827224023, -0.562986214779452, 0.3328987345105479, -0.16687330086976537, -0.03794065585327422], [-0.44427751513154534, 0.18400210105271927, -0.6529675422576966, 0.05367570122543804, -0.22906258484550876, -0.4540469944217945, -0.4865342536685793, 0.14470724518306938, 0.15804331056645368, 0.1254007206626969, 0.43031052950255444, 0.5767604184726306, 0.0924750445388265]], "inverted": true, "swapped": false, "error_lsq": 0.04687476240604675, "error_max": 0.2646273300912963, "target": "1035.xyz", "model": "0.xyz", "model_rescale": 3.8414455957264533, "target_rescale": 3.9792479766535895},
{"mapping": [1, 5, 4, 9, 2, 0, 11, 13, 10, 12, 6, 8, 14], "R": [[-0.19863954094864855, 0.95562871128953, 0.21752264004195593], [-0.002720740052593651, -0.2224822585797801, 0.9749329424072233], [0.9800688395950952, 0.193068409576378, 0.046793791023719944]], "T": [0.00037088085636175633, 0.032258662041158355, -0.08288504055681425], "aligned_model": [[0.0763772966818351, -0.5839763691930647, -0.3081153453294447, 0.15592206102999961, -0.6515166469312457, 0.29828913397428247, 0.6677690219699451, 0.722368116302828, -0.15054269858203023, 0.47331322959882044, -0.483290234089999, 0.4014507109438605, 0.0001339440920843614], [-0.6083206848083155, -0.2357516129657657, 0.10907897535901195, 0.6354899051793768, 0.378154395041317, 0.20862393131836254, -0.44626448061500806, 0.25649545226910986, -0.492139654388277, -0.4779764782244915, 0.15863574292529714, 0.017212465130093134, -0.05322805807922668], [-0.6594082545838026, 0.06213760882209973, -0.524192328694657, 0.19536947897871712, -0.0847613735962546, -0.7197974173867142, -0.3106145408649064, -0.025571389868210684, 0.3301679798624243, 0.23060368375577103, 0.5172215608897034, 0.5977110065636989, -0.11037983299860496]], "inverted": false, "swapped": false, "error_lsq": 0.044067859498429604, "error_max": 0.26710301592152114, "target": "1035.xyz", "model": "1.xyz", "model_rescale": 4.316132596720782, "target_rescale": 3.9792479766535895},
{"mapping": [11, 7, 9, 1, 8, 10, 0, 4, 6, 3, 2, 12], "R": [[0.6908924003404673, 0.39928237926207477, -0.6026950080783845], [-0.6802546782516369, 0.07676621085538747, -0.7289448000964601], [-0.24478820206159732, 0.9136085214585746, 0.32465089811939185]], "T": [-0.012525331858292098, 0.030340666363093443, 0.01792897659241529], "aligned_model": [[-0.20302869300533133, 0.5589135799098082, 0.07979318991129086, -0.4977174609745729, -0.5066612212960085, -0.4383082441334857, -0.039495356398093116, -0.30312274349303003, 0.4877623079811453, 0.28153459121456276, 0.22522898585644444, -0.047090380940949556], [-0.6885159649211149, -0.48008100632870504, -0.5889750873238033, 0.42337487723326545, -0.13880944268654247, -0.041803795765733856, 0.2974479351927037, 0.6129216940472307, -0.01400965740841727, -0.03383961351195815, 0.6853568933662426, -0.020290404152186952], [0.08551854243471385, 0.01975601824027, -0.5273770087800235, -0.1554779313906836, -0.358245889324561, 0.42992199276900767, -0.7252182567513377, 0.6082240965049621, -0.5023002133890282, 0.6272965621824993, -0.03383675197919051, -0.01900269930720705]], "inverted": false, "swapped": true, "error_lsq": 0.041739850865940044, "error_max": 0.26571726198027446, "target": "1035.xyz", "model": "2.xyz", "model_rescale": 3.795458400668931, "target_rescale": 3.9792479766535895},
{"mapping": [7, 11, 9, 1, 5, 2, 8, 3, 10, 4, 6, 12], "R": [[-0.5469938435383678, 0.8356719704445063, -0.049498413555589815], [-0.034161796105703746, -0.08136160583453528, -0.9960990215750934], [-0.8364393025306477, -0.5431690776447259, 0.0730523529574631]], "T": [0.06982037418544762, 0.0029780726937457024, 0.10766524861805848], "aligned_model": [[-0.17789172295375047, -0.20740319339683372, -0.7046112619327374, 0.10962986666520033, 0.1341773763529694, 0.330154953800921, -0.33447709480473686, 0.5723068105536843, 0.4049725417784766, 0.8694079794402758, -0.4168184205880153, 0.01385599082811148], [-0.06601584278294256, -0.6611988718223579, -0.19466950025003688, 0.0984877721409835, 0.6261114811041578, 0.6392710982987402, -0.24518711482342478, -0.12193030598013468, -0.44277816951141774, 0.047897175027641146, 0.4448595986965741, -0.03907827480807272], [-0.6141066048616153, -0.09140965263911849, -0.11733343537418134, 0.747392026568607, -0.3971383887648562, 0.2326058589369891, 0.542690722173643, -0.33258976754116043, 0.32028828187766334, 0.46951849763932857, -0.19369248614636514, 0.12254637877016625]], "inverted": false, "swapped": true, "error_lsq": 0.052373040498307565, "error_max": 0.25608062645409485, "target": "1035.xyz", "model": "3.xyz", "model_rescale": 3.7530521520055578, "target_rescale": 3.9792479766535895},
{"mapping": [8, 6, 7, 5, 11, 2, 10, 1, 4, 3, 12], "R": [[0.7145509740696838, 0.6929506038799768, 0.09610601457994916], [-0.2753664241820569, 0.40487772120824433, -0.8719216497497965], [-0.6431098179076833, 0.5965680945638935, 0.48012109999369107]], "T": [-0.09827700394989788, -0.09492776106714085, -0.011450624257717102], "aligned_model": [[-0.5493361201731171, 0.02586642146047277, 0.5664421680554205, 0.2917031418879933, 0.1606175308043872, -0.2836566678671433, -0.16371867090719475, -0.726478651142309, -0.3094371076793307, 0.4417091212379676, -0.11551156323194178], [-0.5429422319793602, 0.03556005678054264, -0.24658093607866138, 0.49275606349384127, -0.7930582805923903, 0.5746044452543794, -0.30457156077702296, -0.027127977441239404, 0.3492291498603737, 0.09037254311517712, -0.1610379133212937], [-0.11204025540692901, -0.7117751370546282, -0.3610586745009521, -0.39849970244008737, 0.04513677665553727, -0.08637771407279383, 0.5435277741045453, 0.13250467648529068, 0.7168569255639129, 0.3573284192424209, -0.03277231133100013]], "inverted": false, "swapped": true, "error_lsq": 0.06405117253481697, "error_max": 0.3329024252092993, "target": "1035.xyz", "model": "4.xyz", "model_rescale": 3.7855080009869324, "target_rescale": 3.9792479766535895},
{"mapping": [13, 12, 6, 5, 1, 7, 8, 10, 14, 15, 2, 9, 16], "R": [[-0.4192522068846038, -0.8635532572434292, 0.2801845087199747], [0.6372051149996087, -0.06006563698513828, 0.76835002484018], [-0.6466817056641737, 0.5006674456741058, 0.5754432034540347]], "T": [-0.022727545762559344, 0.01879467164051376, -0.07406154373502552], "aligned_model": [[-0.09260754302281293, -0.567693500587684, -0.09418041491621212, 0.24154746235701466, -0.7320866307796561, 0.35629137904314884, 0.49003209790858465, 0.683336510561437, -0.13380646799948334, 0.5216616050801703, -0.3261041349076682, 0.2975127105974804, -0.025720852866448363], [-0.6192509051191224, -0.383439870356421, 0.016011769148004694, 0.7799374763894735, 0.28312498245013124, 0.4521412325358534, -0.321790643804868, 0.17141849619901947, -0.4376067777155335, -0.5660869336641238, 0.12255437452342269, -0.04099812101475051, -0.006005181429601804], [-0.4100411068572022, -0.008603585347910503, -0.7228787838037453, 0.0029033539884787685, -0.08062769027378533, -0.553566376531542, -0.4152199595609164, 0.021561626149285418, 0.4128230304642935, 0.12810686850303402, 0.5915075787421383, 0.5590142964310506, -0.026493071023915224]], "inverted": true, "swapped": false, "error_lsq": 0.040474134694105914, "error_max": 0.21077018394882732, "target": "1035.xyz", "model": "5.xyz", "model_rescale": 4.2253639853439635, "target_rescale": 3.9792479766535895},
{"mapping": [1, 9, 0, 6, 12, 3, 4, 2, 8, 10, 11, 5, 13], "R": [[-0.7477964536751207, -0.6623762816245454, -0.04536656711890727], [0.4253397836784616, -0.5304165812015142, 0.7333105200437652], [-0.5097906749748106, 0.5290708004867956, 0.6783786227329018]], "T": [0.02255357961536668, -0.05413050372816709, -0.055309774965748904], "aligned_model": [[0.09916575513138001, -0.4961040869845233, -0.33991057008386955, 0.16049979710298368, -0.7203751124226694, 0.32024427318133014, 0.5184647306581867, 0.6688415604228027, -0.20712987940018945, 0.5418771015356092, -0.2910699377693435, 0.31073448895643413, 0.0529441001397393], [-0.7110945962874771, -0.3630516776352616, -0.05612507951450353, 0.559018711441909, 0.5063145122018103, 0.4360285201595135, -0.214948300232578, 0.0938351227285368, -0.5669086415389512, -0.5444482871761395, 0.3245212343938064, -0.0003036459347603021, -0.01282797446442075], [-0.37348352876812146, -0.14563341901537252, -0.7706267754465441, 0.08157283583740638, 0.01750579435106786, -0.47260326277023634, -0.5339757115074848, 0.04759615920888917, 0.42444950387796976, 0.25838438373689876, 0.5478626210982946, 0.5057567980201392, -0.08831921774364257]], "inverted": false, "swapped": false, "error_lsq": 0.04239620079245109, "error_max": 0.2503554370494169, "target": "1035.xyz", "model": "6.xyz", "model_rescale": 3.89814844738969, "target_rescale": 3.9792479766535895},
{"mapping": [9, 5, 6, 0, 1, 3, 8, 7, 10, 11, 2, 4, 12], "R": [[0.215908747755928, -0.6732762695496891, 0.7071650991838621], [0.2899875445210215, -0.6473537579308658, -0.7048690205388903], [0.9323575691037937, 0.35725645823979213, 0.055472392961040395]], "T": [0.13324217958140436, 0.0031122681729197146, -0.0023068123261158757], "aligned_model": [[-0.19183195849064552, -0.5802195138412826, -0.12228308767076199, -0.012850784433865087, -0.6209018055655308, 0.4196348128149653, 0.48093510410267637, 0.7044183066019228, -0.20669020550899095, 0.654852554869353, -0.3068893288548745, 0.3243384155914286, 0.07566971085347637], [-0.7610630235050889, -0.2206322311771048, 0.057598143011041956, 0.5735923508326645, 0.3842090663084769, 0.45820994677942073, -0.30334671602368485, 0.32293349691978906, -0.5038049331875749, -0.6040109476535529, 0.10004481886552005, 0.024034029815504628, -0.07775410284392695], [-0.3314098469219059, -0.2108431761907107, -0.6260968236813889, -0.06726609666694626, -0.031093825914992268, -0.6050068199803652, -0.49513466620388125, 0.050103998683056324, 0.4055958569268876, 0.118789787211186, 0.5439863145012299, 0.6129494731816763, 0.1339120059354184]], "inverted": false, "swapped": false, "error_lsq": 0.04313526363890225, "error_max": 0.21518915944239703, "target": "1035.xyz", "model": "7.xyz", "model_rescale": 3.7474275329858107, "target_rescale": 3.9792479766535895},
{"mapping": [13, 11, 12, 0, 10, 1, 4, 2, 9, 8, 7, 5, 14], "R": [[-0.503051543782429, 0.6416943002371034, 0.5789365849048836], [0.6764487753945232, -0.12458763626399416, 0.7258753165368008], [0.5379183939645168, 0.7567736424673928, -0.371399320814228]], "T": [0.03995813087288207, 0.0370544378735513, -0.03337486075945688], "aligned_model": [[0.020493839597973545, -0.4877025635104186, -0.3216969143166834, 0.0868216393927357, -0.6139727512406712, 0.3823060680938996, 0.5389015498890666, 0.8483868660673735, -0.17103551255903587, 0.520617934819366, -0.40176822747539626, 0.14016368180557648, 0.0766666099040844], [-0.5539470838231503, -0.2906459955238975, 0.001954078512878918, 0.6942780418385448, 0.4148847494585641, 0.4732712558934558, -0.5251261587245998, 0.0559175386452019, -0.5212412655893235, -0.3383456447258877, 0.023034142384968002, -0.0016650809944790748, 0.01764132078920829], [-0.7104643462854967, -0.007556782908380202, -0.5319891524329313, -0.02476187129954023, 0.03649656941071208, -0.5406367237128591, -0.25070936624469486, -0.26720526808698936, 0.4400467589566446, 0.2719958102470866, 0.4848518151062288, 0.6747784492255993, -0.07635971109611578]], "inverted": true, "swapped": false, "error_lsq": 0.059739081680657745, "error_max": 0.34185046141605663, "target": "1035.xyz", "model": "8.xyz", "model_rescale": 4.019505241142653, "target_rescale": 3.9792479766535895},
{"mapping": [5, 11, 6, 1, 10, 2, 3, 0, 8, 4, 9, 7, 12], "R": [[0.09939501874588574, 0.79295453209734, 0.6011187405785932], [0.8910582742314904, -0.3398052473779121, 0.30091119251040555], [0.4428721962057489, 0.5057227539677495, -0.7403436458477726]], "T": [0.0010369375065888073, 0.008178689852953239, -0.07418611439460353], "aligned_model": [[0.01888434069857845, -0.48478533844210053, -0.4153887286662659, 0.019909242467671034, -0.6518360086909061, 0.3181937691994649, 0.6446238704879069, 0.6103151968670184, -0.11128759286465811, 0.6125853457507915, -0.4051069549701341, 0.47029758158272816, -0.008222502952223988], [-0.556760355075786, -0.37478291822548304, 0.0571436826345545, 0.6583506754539411, 0.6344808536752274, 0.20951781062284125, -0.32811366083130356, 0.1276542915666164, -0.3977474190594494, -0.5126985060552395, 0.0806754761598898, -0.11877037507259001, -0.028939657651734653], [-0.43619449117097586, -0.006609144034847844, -0.6676959559316157, 0.10809259367543246, -0.2144796421595327, -0.5311831217970627, -0.5337120900572687, 0.11856154794393998, 0.4537761241852186, 0.1314596062025472, 0.4709115062289554, 0.689530045517882, -0.08397079772340846]], "inverted": true, "swapped": false, "error_lsq": 0.04316500387090078, "error_max": 0.24554532299320037, "target": "1035.xyz", "model": "9.xyz", "model_rescale": 3.877068213659057, "target_rescale": 3.9792479766535895},
{"mapping": [5, 3, 4, 9, 13, 7, 1, 8, 12, 0, 6, 11, 15], "R": [[-0.46779901412681313, 0.4247617724935102, -0.7750751699094438], [-0.7088400829112395, 0.34350848481552176, 0.6160743930063411], [0.527929748394963, 0.8376033413781944, 0.14039523949092836]], "T": [-0.049663377317206915, 0.09643654998712509, 0.023994828606479543], "aligned_model": [[-0.012584953436313474, -0.5097382541936116, -0.21537886608956955, 0.24374765426439657, -0.7016767164693088, 0.37182435669335573, 0.42712129779391256, 0.6949550941133549, -0.07841609454087128, 0.5020189870385384, -0.5291757877800713, 0.41577429927278675, 0.009711203801271918], [-0.6348288306980785, -0.27925697035531183, 0.06798489067459397, 0.6558092040308685, 0.5048134008412268, 0.26073858427183916, -0.3773938054188359, 0.2917455608732297, -0.5255366677863944, -0.4561999675815818, -0.05131516244109999, -0.03863058322350249, 0.03208024495453132], [-0.24963188013439347, -0.19949304392376105, -0.631611424878241, 0.21545632435413842, -0.051803912925844436, -0.655445750859712, -0.5247016066639526, -0.02816509929994057, 0.4369328546324681, 0.17893186079109613, 0.3825221703971277, 0.5805735876338745, 0.044922101756403966]], "inverted": false, "swapped": false, "error_lsq": 0.042664499236714865, "error_max": 0.31751531318367104, "target": "1035.xyz", "model": "10.xyz", "model_rescale": 4.260839863003843, "target_rescale": 3.9792479766535895},
{"mapping": [9, 8, 1, 0, 2, 5, 7, 11, 10, 4, 3, 12], "R": [[0.4093215704437831, 0.0751908645165889, 0.9092866357000323], [0.5879914917693161, 0.7403049560895245, -0.32590578024358774], [-0.6976545402821727, 0.6680530711571763, 0.2588111986393464]], "T": [-0.0008438487141031108, 0.02378655537162813, -0.017173391065332506], "aligned_model": [[0.4130101524262267, 0.17441990583193687, -0.3001321815834382, -0.44034366687277177, -0.6831764193455347, -0.4311119503028111, 0.34272846898075776, 0.7342699767942373, 0.27543401931058525, -0.32183350345027667, 0.15072183834231176, 0.044912008962906945], [-0.06052993846299966, -0.5626916925999705, -0.5275140474571794, -0.34567614693705084, 0.14610522579214327, 0.6594588521667885, 0.5917552731462472, -0.04259760491616352, -0.17529575185041987, -0.04692974115253193, 0.554665100668592, -0.017671022864520842], [-0.7320502507531192, -0.2162096876751508, 0.14546543559015884, -0.5600165610076567, 0.07065297061525891, -0.25811710350166833, -0.399855569982282, -0.1303791469690309, 0.47300099807649937, 0.797848501289187, 0.3792039716849108, -0.05336547997160245]], "inverted": false, "swapped": true, "error_lsq": 0.041285027427721895, "error_max": 0.2518577784204153, "target": "1035.xyz", "model": "11.xyz", "model_rescale": 3.890672605050136, "target_rescale": 3.9792479766535895},
{"mapping": [10, 2, 11, 6, 1, 9, 12, 5, 4, 7, 0, 3, 13], "R": [[-0.3982467720338885, -0.5785711213281761, 0.7117969978369147], [-0.6290741820171177, -0.39248302366711285, -0.6709864004975173], [0.667581592080011, -0.7149912822532715, -0.20765905763472103]], "T": [0.03445892850261829, 0.11215073330643929, -0.04336485059241266], "aligned_model": [[-0.0805664946919114, -0.4995087849911997, -0.2780731048474769, -0.05025262363035959, -0.6452460771726997, 0.4189017176245712, 0.4790999948652896, 0.8017912974733234, -0.2146743107797309, 0.6919139265740422, -0.2527665259422412, 0.13722129811377623, 0.11034190787248752], [-0.6178960385331758, -0.32268000716574863, 0.0785938377506595, 0.6747917068144303, 0.4151098540857677, 0.31904503064667045, -0.4379649854238926, 0.14085934754020066, -0.4814460963199124, -0.3106008052359672, 0.17571284096546885, -0.1551488175373322, -0.028365969445684203], [-0.5466951272379152, -0.220466069541579, -0.494983967532745, -0.13456480567331813, 0.18360467772971767, -0.6877396698099445, -0.27745706501815875, -0.16725606429880163, 0.23346086491712795, 0.29722028185956817, 0.46864680604843134, 0.834731955866108, 0.009984363570772689]], "inverted": false, "swapped": false, "error_lsq": 0.05309124098175437, "error_max": 0.28118020845743624, "target": "1035.xyz", "model": "12.xyz", "model_rescale": 4.124412569039231, "target_rescale": 3.9792479766535895},
{"mapping": [1, 4, 0, 7, 5, 3, 6, 9, 2, 8, 10, 11, 12], "R": [[0.5690646737647871, -0.5316522841491617, 0.6273047471779214], [0.1065406163367788, 0.8041131188052477, 0.5848514249242085], [-0.8153615726434231, -0.26598485093004254, 0.5142349316530016]], "T": [0.049966898798850246, 0.050074148078151574, -0.15381581141829342], "aligned_model": [[0.05150319399724512, -0.6634752496770873, -0.29333073099478896, 0.03380141490394023, -0.5583060150541401, 0.3485234319161929, 0.5823737083922655, 0.6193530134571925, -0.1520587259448674, 0.4962044453476187, -0.16967128468362971, 0.3205831860286192, 0.0026818327793098895], [-0.7256297637715485, -0.25681087251579515, 0.047708778504492004, 0.6270719284112322, 0.5011713816842837, 0.29065925128016906, -0.2544542184753784, 0.2989729144731627, -0.6015848501368308, -0.40400254847580797, 0.13634028099891102, -0.23121754482322288, 0.02178516098781724], [-0.4010917298714841, -0.030941319913269705, -0.6216924359667686, 0.09090834582243665, -0.16997833528988715, -0.7552608882259391, -0.42105779510887936, -0.0038487199558300544, 0.37241770199687957, 0.17721670450003968, 0.5454172648623739, 0.7617139095231673, -0.04531652149357514]], "inverted": true, "swapped": false, "error_lsq": 0.03900656454855384, "error_max": 0.21737464080109223, "target": "1035.xyz", "model": "13.xyz", "model_rescale": 3.9028299243045295, "target_rescale": 3.9792479766535895},
{"mapping": [3, 0, 2, 12, 8, 1, 6, 9, 4, 7, 5, 10, 15], "R": [[0.5986589314221129, -0.6315077097997817, -0.49275297694886544], [-0.6603637474598101, -0.7372821042794839, 0.14260020950213462], [-0.4533510834545015, 0.24002731338881286, -0.8584053144977484]], "T": [0.0606018599914397, 0.06129827721208197, -0.020759492558750165], "aligned_model": [[0.00136512967198886, -0.6215106103423221, -0.3307802664883757, -0.05773398301657115, -0.6621050620007428, 0.31593010017809076, 0.46650509447316285, 0.8285375136049344, -0.18355097587958424, 0.6423936196164979, -0.27148835504342334, 0.3248669286053197, 0.16575308708889575], [-0.513756585575878, -0.3924775974641903, 0.10931420386736918, 0.7457353023034804, 0.3305060990444101, 0.33832609067735914, -0.19659726980327635, -0.04389634789319103, -0.43917479598662507, -0.5687189676432703, 0.18277110773048336, -0.12133381864733478, 0.019312477532148153], [-0.2541954790799641, -0.14735507945531567, -0.6425828367774731, 0.021464622642234154, -0.062340896172659324, -0.550157108791239, -0.48243114353611033, -0.013385265694990451, 0.3656073921789136, 0.27117299185232097, 0.3494597319273628, 0.6516704986830685, -0.00844124689688439]], "inverted": true, "swapped": false, "error_lsq": 0.04200463888415287, "error_max": 0.25359398841740965, "target": "1035.xyz", "model": "14.xyz", "model_rescale": 3.942246331269136, "target_rescale": 3.9792479766535895},
{"mapping": [9, 5, 4, 12, 3, 11, 6, 8, 2, 7, 1, 0, 14], "R": [[0.5904241008418708, -0.6175205749613558, -0.519680402405618], [0.25253590793565966, 0.7529086130827373, -0.6077452061093871], [0.766567020128169, 0.22758945460022068, 0.6004815099622917]], "T": [0.018159531234917745, 0.011501520346488957, -0.1889624337102514], "aligned_model": [[0.0024779473233480648, -0.45919822077771943, -0.2441699426071326, -0.11232479041718553, -0.6322157476303558, 0.4817806057427071, 0.4605414763777401, 0.7587592324631658, -0.03860212175904544, 0.5231911033392114, -0.4355533518618809, 0.2902023775116372, 0.023293652763381], [-0.773946199493305, -0.2741033971299717, 0.2913916454728209, 0.7192364345037742, 0.3063350532242672, 0.23792901837950794, -0.26622190145663344, 0.11199476639021072, -0.4829213659647255, -0.6017110951222101, 0.24854573615378914, -0.08319308788469393, 0.016674291068653938], [-0.36499729803222203, 0.11655183092532972, -0.6322554992246174, 0.19854420010202195, -0.10751849573834131, -0.6868551049390015, -0.38885566754281214, 0.01167185131605497, 0.3898052596526102, 0.1270959588961501, 0.4392064092331977, 0.48760471286860924, -0.09151197663771632]], "inverted": true, "swapped": false, "error_lsq": 0.04479495430943186, "error_max": 0.2525808612366617, "target": "1035.xyz", "model": "15.xyz", "model_rescale": 4.355366556412066, "target_rescale": 3.9792479766535895},
{"mapping": [11, 7, 9, 1, 8, 10, 0, 4, 6, 3, 2, 12], "R": [[0.6908924003404673, 0.39928237926207477, -0.6026950080783845], [-0.6802546782516369, 0.07676621085538747, -0.7289448000964601], [-0.24478820206159732, 0.9136085214585746, 0.32465089811939185]], "T": [-0.012525331858292098, 0.030340666363093443, 0.01792897659241529], "aligned_model": [[-0.20302869300533133, 0.5589135799098082, 0.07979318991129086, -0.4977174609745729, -0.5066612212960085, -0.4383082441334857, -0.039495356398093116, -0.30312274349303003, 0.4877623079811453, 0.28153459121456276, 0.22522898585644444, -0.047090380940949556], [-0.6885159649211149, -0.48008100632870504, -0.5889750873238033, 0.42337487723326545, -0.13880944268654247, -0.041803795765733856, 0.2974479351927037, 0.6129216940472307, -0.01400965740841727, -0.03383961351195815, 0.6853568933662426, -0.020290404152186952], [0.08551854243471385, 0.01975601824027, -0.5273770087800235, -0.1554779313906836, -0.358245889324561, 0.42992199276900767, -0.7252182567513377, 0.6082240965049621, -0.5023002133890282, 0.6272965621824993, -0.03383675197919051, -0.01900269930720705]], "inverted": false, "swapped": true, "error_lsq": 0.041739850865940044, "error_max": 0.26571726198027446, "target": "1035.xyz", "model": "16.xyz", "model_rescale": 3.795458400668931, "target_rescale": 3.9792479766535895},
{"mapping": [9, 5, 6, 0, 1, 3, 8, 7, 10, 11, 2, 4, 12], "R": [[0.215908747755928, -0.6732762695496891, 0.7071650991838621], [0.2899875445210215, -0.6473537579308658, -0.7048690205388903], [0.9323575691037937, 0.35725645823979213, 0.055472392961040395]], "T": [0.13324217958140436, 0.0031122681729197146, -0.0023068123261158757], "aligned_model": [[-0.19183195849064552, -0.5802195138412826, -0.12228308767076199, -0.012850784433865087, -0.6209018055655308, 0.4196348128149653, 0.48093510410267637, 0.7044183066019228, -0.20669020550899095, 0.654852554869353, -0.3068893288548745, 0.3243384155914286, 0.07566971085347637], [-0.7610630235050889, -0.2206322311771048, 0.057598143011041956, 0.5735923508326645, 0.3842090663084769, 0.45820994677942073, -0.30334671602368485, 0.32293349691978906, -0.5038049331875749, -0.6040109476535529, 0.10004481886552005, 0.024034029815504628, -0.07775410284392695], [-0.3314098469219059, -0.2108431761907107, -0.6260968236813889, -0.06726609666694626, -0.031093825914992268, -0.6050068199803652, -0.49513466620388125, 0.050103998683056324, 0.4055958569268876, 0.118789787211186, 0.5439863145012299, 0.6129494731816763, 0.1339120059354184]], "inverted": false, "swapped": false, "error_lsq": 0.04313526363890225, "error_max": 0.21518915944239703, "target": "1035.xyz", "model": "17.xyz", "model_rescale": 3.7474275329858107, "target_rescale": 3.9792479766535895},
{"mapping": [5, 4, 8, 1, 0, 3, 10, 11, 9, 12, 2, 7, 13], "R": [[0.7136540509438531, -0.7004473452144877, -0.008450571188080958], [-0.17820719275558194, -0.19320755668659528, 0.964838347335641], [-0.6774511731642388, -0.6870548425134435, -0.2627081105661267]], "T": [0.05469649394801735, -0.03064980700165009, -0.005243554865327835], "aligned_model": [[0.05611065955885057, -0.633240612743758, -0.21848384132306664, 0.1428061620163961, -0.6419344292769135, 0.26708610061280375, 0.4527278409067111, 0.7375590302130933, -0.1557349413954733, 0.48077073407003074, -0.31728007293253574, 0.4798386221189595, -0.032043031357227324], [-0.6825860345181051, -0.4209937369888652, -0.006693396915246556, 0.6434927566977078, 0.4189007193601686, 0.4077807881126515, -0.257586335489607, 0.2037915109673175, -0.5309561153623633, -0.6087610160420789, 0.27055963547045797, 0.0007915595556724567, 0.012269563293774481], [-0.31860770734217364, -0.25743391070648763, -0.6698133751668897, 0.1223766120810212, -0.11365052805184196, -0.47774588243391336, -0.5214898423479007, -0.026984916383310444, 0.38608287497276567, 0.20328724669588605, 0.5189119843280322, 0.615791784998345, 0.037761840235731085]], "inverted": true, "swapped": false, "error_lsq": 0.03962889247102232, "error_max": 0.24548247831430647, "target": "1035.xyz", "model": "18.xyz", "model_rescale": 3.922800546911778, "target_rescale": 3.9792479766535895},
{"mapping": [9, 2, 10, 8, 1, 4, 11, 13, 3, 7, 5, 12, 14], "R": [[-0.1546283261192255, 0.08217688320368755, -0.984549156024469], [0.6373934937399139, 0.769703513268987, -0.03586134129400126], [0.754863971123005, -0.6330904054938016, -0.17139697655472577]], "T": [-0.01870415541462881, 0.06793310069255878, -0.005192497684223689], "aligned_model": [[-0.11298915598530754, -0.5150335194273599, -0.1140960347929098, 0.10542861168034134, -0.7005258843335015, 0.31560459443382244, 0.4662332643155667, 0.6580463861929017, -0.10006524639542402, 0.467530450191264, -0.2523964999018642, 0.37284900611451577, 0.02759624837582564], [-0.6727252615575458, -0.35745952035603146, -0.08951751233279406, 0.6495692492018142, 0.35298680198244436, 0.3607157572018994, -0.21612638212074772, 0.18488695481641776, -0.43845221423384784, -0.5516156355610068, 0.2964788437423798, -0.052829687670790465, -0.015901494970707267], [-0.32965931418687294, -0.2981553676249631, -0.7905015712787711, 0.13861675411232827, -0.04816389853248302, -0.5764919943707376, -0.44267337948143065, -0.017202795751910506, 0.37704241606176586, 0.12877126897134356, 0.6845092143968611, 0.666161742050474, 0.006233106513659785]], "inverted": true, "swapped": false, "error_lsq": 0.0454737687795376, "error_max": 0.2870646520956279, "target": "1035.xyz", "model": "19.xyz", "model_rescale": 3.9282355846067225, "target_rescale": 3.9792479766535895},
{"mapping": [1, 2, 10, 9, 12, 11, 0, 4, 5, 3, 7, 6, 13], "R": [[-0.9332119794540158, 0.30289471075152524, -0.19331372326420032], [0.05632412825762159, 0.6546461333314643, 0.7538342209598752], [0.3548844797670602, 0.6925988985790497, -0.6279838944650973]], "T": [0.08824601233187439, 0.053321415790890815, 0.09348668712206053], "aligned_model": [[0.055337630787781665, -0.5424298437230696, -0.37880047322226446, 0.030844998630425967, -0.5282054571592937, 0.37763964508484255, 0.4878217046745374, 0.7100359097232295, -0.03129792071874382, 0.5675984978983268, -0.44265768526825616, 0.2407987140571921, 0.07149649970316195], [-0.6077512120495223, -0.44425273986381447, 0.07331439562756378, 0.7250455001261633, 0.6207089744802464, 0.3401496501720615, -0.25001368201506946, 0.10750101318929225, -0.5544763630225651, -0.526488152176142, 0.12342176849095754, -0.10897953589809695, -0.04816971891959091], [-0.2577978349550324, -0.08922657067208174, -0.630186035923546, -0.0611635743965369, -0.0509199930360197, -0.4958723380992175, -0.529830305045463, -0.005557442777734137, 0.41594794121130874, 0.11341477324952957, 0.4118025378198511, 0.7076773157824295, -0.02980229227822416]], "inverted": false, "swapped": false, "error_lsq": 0.04103804769442454, "error_max": 0.2624820212066661, "target": "1035.xyz", "model": "20.xyz", "model_rescale": 4.067790424073018, "target_rescale": 3.9792479766535895},
{"mapping": [13, 11, 6, 0, 3, 4, 5, 8, 10, 1, 12, 9, 14], "R": [[0.3134157192407274, -0.835251054042701, 0.4518033462175497], [-0.06910494437176329, 0.45445240265275666, 0.8880864374521845], [-0.9470982491780848, -0.3095620946493519, 0.0847125490120129]], "T": [0.07245989625394617, 0.04180946504512125, -0.09157444533701206], "aligned_model": [[0.006319573931244493, -0.5153459671887195, -0.2951246910886436, 0.17982684972890273, -0.6517097931525959, 0.42112732382844525, 0.457591973040677, 0.6246389133251875, -0.07279137278628234, 0.6471180493009958, -0.40072138504566013, 0.1663571570307319, 0.050895589543587125], [-0.646793751255854, -0.22428617596593628, 0.07448803929292924, 0.6951918239037883, 0.4878646963705713, 0.3205699809212781, -0.24303019531929695, 0.17630328885136845, -0.6333824441692095, -0.42665856732126756, 0.08317483157112412, -0.2016418225230003, -0.011789806215010357], [-0.1991596364192395, -0.050226764428830416, -0.7329562229302645, 0.1653727475932664, -0.07265334064272784, -0.7573041911598343, -0.43654657779311135, -0.13823964853238616, 0.3492257090724198, 0.26000884645333555, 0.5095929592829657, 0.6405216374751628, -0.03914933709149248]], "inverted": true, "swapped": false, "error_lsq": 0.0390609967953855, "error_max": 0.22306790390528333, "target": "1035.xyz", "model": "21.xyz", "model_rescale": 4.186013935880536, "target_rescale": 3.9792479766535895},
{"mapping": [7, 4, 6, 5, 3, 0, 1, 2, 10, 9, 11, 8, 12], "R": [[0.03820087608748368, -0.5937698161662012, 0.8037276270454468], [-0.910344453197697, 0.31100867525152975, 0.2730321967286554], [-0.41208454180948756, -0.7420990562776943, -0.5286542547577011]], "T": [0.07605661242075715, -0.05575629765620958, -0.017158244809082394], "aligned_model": [[-0.04866891131450729, -0.6007036605466396, -0.2694686062656242, 0.11098855068527552, -0.6207435777116095, 0.33840188946037153, 0.6036541696208148, 0.6577448844227661, -0.19495284127534443, 0.3735790510062227, -0.23128008742694692, 0.4664761465786449, 0.03315521323444752], [-0.6138464389698085, -0.3194172797097467, 0.04929277439989693, 0.7167831198587918, 0.542520555789291, 0.22207536027733177, -0.32643090515913575, 0.3959283329324741, -0.8279931344361166, -0.48572114296956165, 0.05832961266737881, 0.07783687191746498, -0.039347828456776174], [-0.4768349548764782, -0.0268828653222341, -0.440749869760608, -0.03954985461102652, -0.11135461628610446, -0.630161480095226, -0.445526439732579, 0.06839262643296101, 0.1456409461144899, 0.3175974729481433, 0.5227440951601197, 0.6289018012352566, -0.013730680327450076]], "inverted": true, "swapped": false, "error_lsq": 0.04926507164404622, "error_max": 0.31983475561774577, "target": "1035.xyz", "model": "22.xyz", "model_rescale": 4.166573947596378, "target_rescale": 3.9792479766535895},
{"mapping": [2, 6, 12, 10, 13, 9, 3, 8, 1, 4, 5, 0, 15], "R": [[-0.21448749799738817, -0.9742834954856847, 0.0690418976203302], [-0.19999672728979556, 0.11299835437929923, 0.9732587944534288], [-0.9560316010865915, 0.19494369015632712, -0.21909024485823728]], "T": [0.06986974559830014, 0.009645312552029633, -0.18308620993470343], "aligned_model": [[0.02666457614600442, -0.5497258024710965, -0.37830167369194556, -0.006155518097271578, -0.48469059809351556, 0.4117444968622168, 0.49631812028111544, 0.817937579131788, -0.14517694247274276, 0.5728555398991835, -0.45156233299276927, 0.2706621439588671, 0.037612632008036606], [-0.6609810265057612, -0.4298704047829699, -0.012768028019918401, 0.7265888449699188, 0.5840802637972732, 0.31152134834701783, -0.3214736436168263, 0.19553396833939782, -0.4625076124572908, -0.4224830946742949, 0.11526174378718064, -0.15126879050596762, -0.021623670536274966], [-0.2177685668851066, -0.13797608917506982, -0.6606020487557727, 0.019776708579884672, 0.09851714744591111, -0.5735240151521697, -0.44752651059270987, 0.06169749929298435, 0.30571395191261014, 0.13333730967808216, 0.4556748863060531, 0.591862063845983, -0.1306961556214157]], "inverted": false, "swapped": false, "error_lsq": 0.04350905169204643, "error_max": 0.32237793884948496, "target": "1035.xyz", "model": "23.xyz", "model_rescale": 4.274766983524099, "target_rescale": 3.9792479766535895},
{"mapping": [10, 1, 4, 3, 2, 5, 7, 6, 9, 0, 12], "R": [[0.1507406606881211, -0.7528801317706406, 0.6406627509074739], [-0.7873326284824826, -0.4833355883265648, -0.38274539995129786], [0.597816514778719, -0.4467193931788016, -0.6656254189976443]], "T": [0.028122323137637822, 0.06507800169124373, -0.07330209352809344], "aligned_model": [[0.10854334652971573, 0.15382958331498983, -0.47309038238693035, -0.4178189196549015, -0.4945628927850054, -0.5488278970061712, 0.01447414124309675, 0.033308602537033466, 0.6446478483284445, 0.2602842282443124, 0.09910704559349075], [0.07083028297127855, 0.6809936400754744, 0.44490182451265525, -0.36105519922899054, 0.4732882358115245, -0.10399930031583149, -0.6217507418795267, -0.028582749518102468, -0.25970946894053604, 0.5636780163165449, 0.05699199143899284], [-0.664684818534781, -0.23079133106335148, -0.6871551097273746, -0.35872476974787537, 0.14673797941171388, 0.4613053233136555, 0.2660444197195867, 0.6437012886761986, 0.3781873367117602, 0.4940076639630453, -0.06906154870100031]], "inverted": false, "swapped": true, "error_lsq": 0.04747941054254729, "error_max": 0.3394072420287063, "target": "1035.xyz", "model": "24.xyz", "model_rescale": 3.7841303162186577, "target_rescale": 3.9792479766535895},
{"mapping": [2, 8, 9, 11, 10, 12, 5, 3, 1, 4, 7, 6, 15], "R": [[-0.2508344231770882, 0.5639826411198742, -0.7867691355568472], [-0.447084633766078, -0.7883716523819295, -0.4225937386791691], [-0.8586020163030538, 0.2457513341490482, 0.4498987212298936]], "T": [-0.08349613188213675, 0.02714096139087519, -0.03154222752004085], "aligned_model": [[0.05465017908739231, -0.374573825904262, -0.30172647409321773, 0.13107298465469175, -0.6878634503332242, 0.2830234521102789, 0.6195526919034857, 0.7093260379589098, -0.21311473960032137, 0.42511401571560925, -0.3560204461753622, 0.36045207548426916, -0.03171028034037894], [-0.5454493471614886, -0.4854280057171473, 0.002696301275049145, 0.6909967583429645, 0.514383462402832, 0.12358795647709314, -0.2902156950348144, 0.14819372935747244, -0.5994561716100154, -0.4894275634248607, 0.2979245514269779, 0.04786102867841544, 0.03434289312900622], [-0.5025506809947536, -0.07631513941372922, -0.5736849069471266, 0.288899879957109, -0.08243421974921127, -0.68845415321252, -0.4490896493054505, 0.044491462442441926, 0.3474187774019263, 0.1450279279101692, 0.49306458294511724, 0.5381130368555139, 0.013999262989777772]], "inverted": true, "swapped": false, "error_lsq": 0.04311238544544422, "error_max": 0.2486336087950243, "target": "1035.xyz", "model": "25.xyz", "model_rescale": 4.19342608120988, "target_rescale": 3.9792479766535895},
{"mapping": [11, 7, 9, 1, 8, 10, 0, 4, 6, 3, 2, 12], "R": [[0.6908924003404673, 0.39928237926207477, -0.6026950080783845], [-0.6802546782516369, 0.07676621085538747, -0.7289448000964601], [-0.24478820206159732, 0.9136085214585746, 0.32465089811939185]], "T": [-0.012525331858292098, 0.030340666363093443, 0.01792897659241529], "aligned_model": [[-0.20302869300533133, 0.5589135799098082, 0.07979318991129086, -0.4977174609745729, -0.5066612212960085, -0.4383082441334857, -0.039495356398093116, -0.30312274349303003, 0.4877623079811453, 0.28153459121456276, 0.22522898585644444, -0.047090380940949556], [-0.6885159649211149, -0.48008100632870504, -0.5889750873238033, 0.42337487723326545, -0.13880944268654247, -0.041803795765733856, 0.2974479351927037, 0.6129216940472307, -0.01400965740841727, -0.03383961351195815, 0.6853568933662426, -0.020290404152186952], [0.08551854243471385, 0.01975601824027, -0.5273770087800235, -0.1554779313906836, -0.358245889324561, 0.42992199276900767, -0.7252182567513377, 0.6082240965049621, -0.5023002133890282, 0.6272965621824993, -0.03383675197919051, -0.01900269930720705]], "inverted": false, "swapped": true, "error_lsq": 0.041739850865940044, "error_max": 0.26571726198027446, "target": "1035.xyz", "model": "26.xyz", "model_rescale": 3.795458400668931, "target_rescale": 3.9792479766535895},
{"mapping": [7, 3, 0, 1, 2, 6, 5, 8, 4, 10, 9, 11, 12], "R": [[-0.4783194201097709, 0.15976208997673896, 0.8635314742104756], [0.7903669102103483, -0.350301640172704, 0.5026021370197915], [0.3827932595937398, 0.9229110658663586, 0.04128540796724661]], "T": [0.05752034614981788, 0.04045461033817619, 0.0642993077924804], "aligned_model": [[0.032670627293830745, -0.5303918786587496, -0.4735955624363651, 0.07273931815203466, -0.7097349577352172, 0.48838622502520995, 0.6212666753133456, 0.7210517858868184, -0.11018505867614242, 0.2796854890976139, -0.2580398858505754, 0.4128048158065421, 0.0715246272495253], [-0.5577528298051467, -0.37764537527451925, 0.0920497577976315, 0.6033886980824796, 0.46433058262625915, 0.3278857891167195, -0.2342311992293529, 0.34122846497438564, -0.5693573917693995, -0.6348651125225718, 0.1657759057347496, -0.11404700173912807, -0.056750389850622314], [-0.48500793652472995, -0.09263436226962406, -0.5732954102676872, -0.11798279856443523, -0.01622008537660065, -0.5782929980770961, -0.35235192556356437, 0.06788078151040791, 0.6109869717417379, 0.11196847690103526, 0.32715022183957115, 0.6655287059589281, -0.06924346042867917]], "inverted": false, "swapped": false, "error_lsq": 0.052817477668537734, "error_max": 0.3769819345441932, "target": "1035.xyz", "model": "27.xyz", "model_rescale": 3.6321398670334006, "target_rescale": 3.9792479766535895},
{"mapping": [10, 11, 0, 1, 2, 3, 8, 7, 9, 12, 13, 6, 14], "R": [[0.6177920814327071, 0.2285887892091604, 0.752382954064573], [-0.20803512114189895, -0.8752093682904317, 0.43672640179881367], [0.758323369342208, -0.42632819177782916, -0.49314292087074296]], "T": [0.08964814861822046, -0.02104715733109214, -0.07716505777585861], "aligned_model": [[-0.1863496244782875, -0.5340382145278508, -0.19473248429632523, -0.03569614704995569, -0.5696129363830258, 0.3580494360770674, 0.4328902633756325, 0.8466230605489141, -0.11087321608813616, 0.7241227508369802, -0.4143957350440919, 0.24819041472525816, 0.05400465277169117], [-0.6512008081478591, -0.17364336915705714, -0.012652717755568917, 0.6262424415489832, 0.4240466839363991, 0.3881255789606738, -0.31073723594342956, 0.13244385407736609, -0.545728407191446, -0.44209808993027266, 0.037648379621556594, -0.03975376391463331, 0.017317352036772028], [-0.43966090410333736, -0.06117903323236404, -0.6325648086105, 0.03496067018799648, -0.10381009485866713, -0.5589310805796626, -0.33269220859353665, -0.14286799628079747, 0.28487489797696475, 0.24480982036940332, 0.5623440736667686, 0.6833754407306577, -0.04017259579366188]], "inverted": false, "swapped": false, "error_lsq": 0.04164892810719672, "error_max": 0.2134812106927212, "target": "1035.xyz", "model": "28.xyz", "model_rescale": 4.156811204709835, "target_rescale": 3.9792479766535895},
