[{"mapping": [12, 7, 10, 11, 9, 2, 6, 8, 5, 0, 1, 3, 13], "R": [[0.022728539518481583, 0.1209213115478974, -0.9924018590797246], [-0.09205270903540083, -0.9881882885345573, -0.12251614245635709], [-0.9954947072941176, 0.09413789256552796, -0.01132894225956077]], "T": [0.10086727097969829, 0.07100361635468826, -0.02089912388110067], "aligned_model": [[-0.0011918155502835814, -0.462051417312657, -0.23805735700912478, 0.2629718193351788, -0.5809099935380796, -0.32676200072667644, 0.2274445902096192, 0.03366000049134561, 0.816298272540077, -0.2692278895538972, 0.3932569247886464, 0.25712598947502324, 0.00021365001241425985], [0.12194673619529922, -0.4171608480460291, -0.5909451953870387, -0.5845201372894693, 0.031596097766361214, 0.5158594095285786, -0.03655333319520397, -0.6074390454539597, -0.14803288312336776, 0.7113496614807789, 0.46714645784604863, 0.39919568388411264, -0.05707101928685164], [-0.5884452007516723, 0.10642914691153961, -0.7008864706883624, -0.19717324181683255, -0.28617253157511235, 0.43789797143360176, 0.7253957032802176, 0.3609095573379127, 0.09127375316282028, -0.2408967357354423, -0.32193608656775513, 0.35469838077340704, -0.02326524874262889]], "inverted": false, "swapped": false, "error_lsq": 0.0490266818633663, "error_max": 0.2878230351700702, "target": "1037.xyz", "model": "0.xyz", "model_rescale": 3.8414455957264533, "target_rescale": 3.8081276554224437},
{"mapping": [13, 2, 9, 8, 7, 4, 5, 6, 12, 0, 11, 1, 14], "R": [[-0.3038417732295145, -0.677904370881932, 0.6694220199395268], [0.9478921455615102, -0.14443583661872766, 0.2839696629625163], [-0.0958157462191947, 0.7208217207045167, 0.686465869316923]], "T": [-0.00559541926492896, -0.03477648008003999, 0.03370778826889934], "aligned_model": [[0.15584477038093647, -0.5725814823033875, -0.31147462986638624, 0.454155453126644, -0.58039786707454, -0.3790378963123874, 0.009389268668306692, -0.08249938782740111, 0.7383162714260003, -0.2688800915377366, 0.5836827196000502, 0.3141225088547119, 0.05213113602677494], [0.035109670799331597, -0.3114998490530223, -0.43289656698041024, -0.5464002303865101, 0.033157907835244874, 0.26360851475134933, -0.23985200643904858, -0.7501883447735486, -0.03997649942466723, 0.5723907794702398, 0.4966400393213112, 0.7087823348118116, 0.016495834987178132], [-0.7037879688183551, 0.41653373958727896, -0.42829652439680765, -0.355101510691531, -0.24547327675123534, 0.29317714299951314, 0.6598405797745133, 0.33751499236179433, -0.1361683434249065, -0.26217473873053393, -0.2771187873213376, 0.3393196767880653, 0.07956401564523541]], "inverted": true, "swapped": false, "error_lsq": 0.04747329615446107, "error_max": 0.28735792763355056, "target": "1037.xyz", "model": "1.xyz", "model_rescale": 4.316132596720782, "target_rescale": 3.8081276554224437},
{"mapping": [6, 8, 11, 4, 5, 1, 9, 2, 10, 3, 0, 12], "R": [[-0.9158553626633732, -0.042387194959979946, 0.399264674600904], [0.4004462252569339, -0.02414830464098633, 0.9160020087644126], [-0.029185190734583505, 0.9988093837596795, 0.039090146525629865]], "T": [-0.059696816313279194, -0.05034994564188698, 0.0019995175810980786], "aligned_model": [[-0.23647441288451418, 0.5081781572100856, 0.09115117631658703, -0.5202590542308404, -0.5636991029156173, -0.5042465604983238, -0.1943067669591038, -0.23466359690935326, 0.5943347236234202, 0.3285877920616761, 0.36938088862463936, -0.04017468880687462], [-0.7251413231757883, -0.3073117748569807, -0.4919153775506806, 0.45347398880570333, -0.16041234865549442, -0.13021739296585322, 0.2760483713445842, 0.585906290927199, 0.00577963145269704, -0.005994465929727175, 0.5134398917627663, -0.0008790634174450571], [0.017945423409270418, 0.11196760193303651, -0.5147058567116436, -0.0883677418907236, -0.2983756896000531, 0.37457821924187057, -0.7936671823435282, 0.5008218768945844, -0.46063334894441643, 0.6405730072911702, 0.01018023059073439, -0.051058078660880676]], "inverted": true, "swapped": true, "error_lsq": 0.03232489429139443, "error_max": 0.18037527099221431, "target": "1037.xyz", "model": "2.xyz", "model_rescale": 3.795458400668931, "target_rescale": 3.8081276554224437},
{"mapping": [11, 8, 10, 2, 5, 4, 0, 6, 3, 1, 9, 12], "R": [[-0.3879104087057383, -0.6813124642021611, 0.6207566680596566], [-0.8869961778796325, 0.45900720029134234, -0.050499212940671945], [-0.25052603705936616, -0.5701979622933452, -0.7823752223529618]], "T": [0.11897051179035739, -0.016935048924938093, 0.04295395684056885], "aligned_model": [[-0.1198417331664881, -0.058579476303560196, -0.6168533469140824, 0.2778282834256037, 0.2910781451095914, 0.135256286466245, -0.3892057768564052, 0.5309546628472999, 0.26634108169922777, 0.6745265540521028, -0.4493567588445719, 0.05115590422860222], [-0.06641801355513414, -0.6148073845440039, -0.2760149918784121, 0.1401287514020616, 0.4720169447477731, 0.5903968239826767, -0.11986386792299632, -0.16639919557949123, -0.6067116410598751, 0.11391663922527727, 0.6055434792633776, 0.013981501208455798], [-0.6091501293529933, -0.06488397170508442, -0.1477756579730081, 0.8394175718627548, -0.2531240953405543, 0.3669989277876042, 0.5258577770550814, -0.49998022139745674, 0.4799367184414391, 0.17354297913175062, -0.17445301846284195, 0.052384550592408846]], "inverted": false, "swapped": true, "error_lsq": 0.052524778851202714, "error_max": 0.3176888511095907, "target": "1037.xyz", "model": "3.xyz", "model_rescale": 3.7530521520055578, "target_rescale": 3.8081276554224437},
{"mapping": [11, 0, 4, 2, 5, 3, 6, 8, 7, 1, 12], "R": [[-0.9799385149808383, -0.15239043596135582, -0.12844322436258404], [0.19398370794320152, -0.8771629980803771, -0.43926688453746554], [-0.04572557172694382, -0.45537043143593803, 0.8891270675578894]], "T": [-0.09347562006992177, -0.1545749621099084, -0.07196113599194351], "aligned_model": [[-0.5121643205592451, -0.17278426604073288, 0.5427326038826517, 0.4420667596054693, 0.24189473664176409, -0.31994894103729343, -0.2823991287123471, -0.6936559522541685, -0.10870169087210378, 0.2930545278421441, -0.09189472605093328], [-0.7054386630163332, 0.15942375790379648, -0.22837162802349936, 0.43168460068918935, -0.6171986503674219, 0.5555788280081433, -0.4008822155789859, 0.04566260020430776, 0.3921374319972595, 0.015697325569231396, -0.18109002907134136], [0.0052952324607651036, -0.7021583465577587, -0.32477632813331714, -0.3038085074122687, 0.10084901836458185, -0.001962016619882656, 0.5529297653076659, -0.054848734014662864, 0.6300168511556025, 0.3335261830845607, -0.14223234038996996]], "inverted": false, "swapped": true, "error_lsq": 0.06334670694425412, "error_max": 0.4175665816566299, "target": "1037.xyz", "model": "4.xyz", "model_rescale": 3.7855080009869324, "target_rescale": 3.8081276554224437},
{"mapping": [3, 13, 14, 1, 15, 8, 6, 11, 4, 10, 5, 7, 16], "R": [[0.859387301766402, 0.22475020456688824, 0.4592829314374804], [-0.07313101068060548, -0.8349614002398763, 0.5454276445013568], [0.5060684942174296, -0.5023214166811996, -0.7011190152205947]], "T": [0.0021335970424291324, -0.07989552428553685, -0.11399624340028355], "aligned_model": [[0.18713235646730275, -0.47394448354905877, -0.4425265639843891, 0.5397425451674623, -0.7845753170503815, -0.45720126643795567, 0.14617791272515557, 0.07062671149471214, 0.6726585600653245, -0.180171196402401, 0.5509909874457067, 0.3109616596051125, -0.027101132385004445], [0.1795980798095863, -0.39365022127746996, -0.40095342741437756, -0.609432947506663, 0.1538224509672469, 0.2593666212278733, -0.10879522539649807, -0.693052807069577, -0.053359925043712834, 0.6178139967319053, 0.476450622574845, 0.4733544331521216, -0.09579006583602036], [-0.7311308590589919, 0.3329660482656057, -0.5100979507520511, -0.17458234158786468, -0.19004293442958325, 0.29737044676399593, 0.5220014849464101, 0.38778365669721837, 0.19695860830872272, -0.21854604322282759, -0.32456161209279644, 0.2858902207928885, -0.15617972760903354]], "inverted": true, "swapped": false, "error_lsq": 0.04235954203115791, "error_max": 0.20373069763360466, "target": "1037.xyz", "model": "5.xyz", "model_rescale": 4.2253639853439635, "target_rescale": 3.8081276554224437},
{"mapping": [4, 9, 0, 7, 1, 8, 11, 12, 6, 10, 2, 5, 13], "R": [[0.0359365672935546, 0.6893012094171114, -0.7235830331256146], [0.9993141861126651, -0.03125510541952642, 0.01985637981095173], [-0.008928637361787228, -0.7238003599621394, -0.689951678274312]], "T": [-0.007064629382331855, -0.0011554966281103769, -0.050368368411849565], "aligned_model": [[0.0055688852099763046, -0.525977044370318, -0.2755158016870572, 0.3899160432460978, -0.5972633057543465, -0.4929710462129964, 0.27233461678384063, 0.16239553422227007, 0.615025189222313, -0.15966004699367092, 0.4293864802612218, 0.2512857323918833, 0.03824553684237213], [0.18765417180614502, -0.2838351207295608, -0.630536683956146, -0.6794473695774559, 0.19121077438696482, 0.31155681775553445, -0.09291684717909042, -0.7599719309252839, -0.11035965303743167, 0.7610900744392444, 0.4542472285068267, 0.4714863281147467, -0.014806204685233746], [-0.7323526905346668, 0.10266288060148786, -0.46855007347840405, -0.15861667868624052, -0.4419887485540779, 0.4100345400436687, 0.6700965541208325, 0.4661823420325918, 0.07127322782265365, -0.11524365108069552, -0.2790393085590762, 0.28220652920605493, -0.08883592591243511]], "inverted": true, "swapped": false, "error_lsq": 0.04389764537277838, "error_max": 0.23631025905552783, "target": "1037.xyz", "model": "6.xyz", "model_rescale": 3.89814844738969, "target_rescale": 3.8081276554224437},
{"mapping": [8, 0, 3, 6, 7, 4, 2, 1, 5, 11, 9, 10, 12], "R": [[-0.6438644562938859, 0.7534550132559852, -0.13320700026951468], [0.30030025613763445, 0.408969326961549, 0.8617214432566298], [0.7037459186986809, 0.5148297122389512, -0.48958354681393124]], "T": [-0.09342619428312608, 0.0007391409341915029, -0.02876361078291522], "aligned_model": [[-0.006136791239615344, -0.29445849384678047, -0.3656873894032847, 0.2753252334146634, -0.7198026828985921, -0.4553586289856362, -0.008719257963069035, 0.2535077552362502, 0.6353855267420464, -0.16819396010123494, 0.702358337319211, 0.31450971485114576, -0.04995858996351836], [0.14646372571087188, -0.5361806107852768, -0.527926596960702, -0.4395680640835127, 0.0023194368336917643, 0.3521036908260662, 0.007972709734653945, -0.6128922387948162, -0.20700799521335117, 0.7428110548247109, 0.31504453662734483, 0.45641766138768824, 0.10581427481189043], [-0.6836160199734943, 0.12061370414128147, -0.5753606432279351, -0.3858739590061469, -0.22605698806807706, 0.37253883647334995, 0.674315513457483, 0.4380232533388185, 0.13931734216431438, -0.3435324545912568, -0.28544430061998416, 0.377252451815886, 0.09565226111745417]], "inverted": false, "swapped": false, "error_lsq": 0.04900781265103649, "error_max": 0.2579813161242128, "target": "1037.xyz", "model": "7.xyz", "model_rescale": 3.7474275329858107, "target_rescale": 3.8081276554224437},
{"mapping": [8, 10, 9, 5, 11, 12, 0, 6, 3, 13, 2, 1, 14], "R": [[-0.06742494576922262, 0.7053304631436011, 0.7056648031818296], [-0.8078592968039965, -0.45365256911562873, 0.37624819348688154], [0.585505963466957, -0.5447093576361826, 0.6003952718403167]], "T": [-0.04186190831140675, 0.02813390680246232, -0.02776746865497367], "aligned_model": [[0.3180697803731112, -0.4676205674369537, -0.33070828607022423, 0.1998789928759785, -0.6321848444567588, -0.4962439983573359, 0.25102809676213317, 0.1916834165801048, 0.6036907295358543, -0.44252175436390123, 0.6338254196863626, 0.31035154599590214, -0.026477757962686484], [-0.010560179291889925, -0.3357447787266468, -0.3555039814578138, -0.5799008668212106, -0.10026669750987348, 0.37280846584977634, -0.10667540612991329, -0.6729096924507586, -0.2819624839149896, 0.7711129300417133, 0.5079070002716286, 0.5130521899137872, 0.08401508514544997], [-0.6058351662809166, 0.48368656259855564, -0.6191473641833937, -0.31910321102004496, -0.174437409211396, 0.2075599275197773, 0.546910816737544, 0.31998611014063266, 0.007397246857375091, -0.3369044730400977, -0.1755981468517109, 0.42566583554657117, -0.042351731791202836]], "inverted": true, "swapped": false, "error_lsq": 0.04989238183315333, "error_max": 0.2743184638634878, "target": "1037.xyz", "model": "8.xyz", "model_rescale": 4.019505241142653, "target_rescale": 3.8081276554224437},
{"mapping": [1, 5, 6, 2, 11, 8, 4, 3, 0, 9, 1, 7, 12], "R": [[0.6909361319812553, 0.44978106333037127, 0.5659542884298894], [0.5406687772415006, 0.19817242739545518, -0.8175603722884164], [-0.47987970871767677, 0.870875814390085, -0.10625808708726187]], "T": [-0.04260657217211546, -0.03632429779020022, -0.1338336736867247], "aligned_model": [[0.40434687938087926, -0.42805823001398907, -0.39832810444119765, 0.27535431728296794, -0.6492506135585588, -0.32516782849817455, 0.11931265918769604, 0.1845695218913418, 0.52152398459802, -0.24523307236989697, 0.40434687938087926, 0.32367003558216995, -0.07431565526055103], [0.24012197302422403, -0.47855285871044567, -0.4720746435718879, -0.5232365693726727, 0.09934272867290753, 0.42572104062397753, -0.10130569771099832, -0.7077574057159327, -0.005012132730092496, 0.604922962545902, 0.24012197302422403, 0.5323038265669154, -0.04922361172686124], [-0.5582336897897162, 0.19233444019830467, -0.593883307528741, -0.24241302152040395, -0.10507625770456053, 0.2696637526486474, 0.6768168375838858, 0.351994908849369, 0.1877597673355628, -0.2566527029919772, -0.5582336897897162, 0.4679033892218336, -0.11415142949079485]], "inverted": true, "swapped": false, "error_lsq": 0.05553202361334272, "error_max": 0.3972058978229103, "target": "1037.xyz", "model": "9.xyz", "model_rescale": 3.877068213659057, "target_rescale": 3.8081276554224437},
{"mapping": [8, 6, 11, 9, 12, 3, 13, 14, 2, 5, 7, 4, 15], "R": [[-0.9783087791380822, -0.11793948265022372, 0.1703003555297313], [0.018546902537740065, -0.8686706142861509, -0.49504280247467214], [0.20632000646474127, -0.4811461756139388, 0.8520155002254772]], "T": [-0.0364319971552414, -0.017529934466345307, -0.03511743314256356], "aligned_model": [[0.34761885251299207, -0.492560029366348, -0.3396750052223909, 0.35512974953444554, -0.7599224432115049, -0.3157759683484326, 0.13821926259795064, 0.19481178954570752, 0.5946910981338465, -0.41860734298834334, 0.6060235163144457, 0.28403712651713686, -0.08121983285791884], [-0.09237853601358458, -0.2116067189318918, -0.3696467362583672, -0.5113648899860412, 0.04064794838939294, 0.38727001939943345, -0.2135664056349449, -0.693255531537698, -0.11955268203714538, 0.6489674485624956, 0.41865133341382427, 0.5151765510893104, 0.006029784464476062], [-0.7001178598519219, 0.3317422063485985, -0.6084521627882119, -0.23120858321271454, -0.2122392108133594, 0.3659627157510287, 0.6920036952824447, 0.28022805233860737, 0.14273181628045378, -0.17905730147509086, -0.28667932250511585, 0.2324905278088456, -0.10957557614187087]], "inverted": false, "swapped": false, "error_lsq": 0.04591736192231017, "error_max": 0.24181313920320377, "target": "1037.xyz", "model": "10.xyz", "model_rescale": 4.260839863003843, "target_rescale": 3.8081276554224437},
{"mapping": [11, 9, 0, 10, 3, 8, 6, 5, 4, 2, 1, 12], "R": [[0.6845257240727771, -0.4211238541359518, -0.5950455718348991], [-0.19815618141317765, 0.6780377386785511, -0.7078127949503492], [0.7015402061538515, 0.602428024252988, 0.38068597918002345]], "T": [0.009932441452502288, 0.08746737196272986, -0.02988169987651019], "aligned_model": [[0.237045799743564, 0.40786213295522, -0.5041677585687978, -0.3438479752630108, -0.6265876198433268, -0.4548628253824419, 0.32817633463103607, 0.6046836306165778, 0.31040242710741106, -0.2392363794077442, 0.23431654896944856, 0.005114333536194336], [0.0578185425356591, -0.6593554054602215, -0.38239851955689586, -0.3424159505239917, 0.42252574442320917, 0.27698958892620285, 0.6229745199686421, 0.03796434201085733, -0.2868311469854896, -0.036337204917242905, 0.4487932602467294, 0.013350734865475694], [-0.6873465740406153, -0.23396231447828544, 0.1003512069689938, -0.6086534162230999, 0.17769128982585122, -0.4154345963885814, -0.3442078245391406, -0.016548449704974384, 0.4638194039667345, 0.7491217946541433, 0.37250312572935723, -0.04115556837487838]], "inverted": true, "swapped": true, "error_lsq": 0.04493640137159047, "error_max": 0.229047005555652, "target": "1037.xyz", "model": "11.xyz", "model_rescale": 3.890672605050136, "target_rescale": 3.8081276554224437},
{"mapping": [0, 11, 1, 2, 6, 5, 12, 10, 4, 8, 3, 7, 13], "R": [[-0.9294738395651436, -0.021391233018043486, -0.36826728976926193], [0.05819595281062658, 0.9773126490129936, -0.2036497413591988], [0.364268599580712, -0.21071877284469223, -0.9071416571464096]], "T": [-0.1592364901144531, -0.04028710329733009, -0.03995940068385325], "aligned_model": [[0.09265801066750642, -0.3321964875094548, -0.21193902182053154, 0.17676426145007776, -0.6699914048536221, -0.34125323723355083, 0.12566533732228605, 0.20187647908249304, 0.5158703237142603, -0.23671398818397416, 0.5172541671480717, 0.29687912783219683, -0.02210279445417293], [0.08326664360432903, -0.5580020809867767, -0.31281931427761167, -0.6646700943168548, 0.0007748568120499247, 0.45423262148907184, -0.014671200421442217, -0.6425379536853918, -0.22037971515930938, 0.6375504355179037, 0.5016452388471269, 0.5324954513107817, 0.008486696185382676], [-0.5595536383824482, 0.02945389107204075, -0.7667653772141839, -0.0930019226852693, -0.30359110674994316, 0.5321352832631515, 0.64801365183211, 0.5136034603601153, -0.0933867803680074, -0.2717449785439232, -0.35891532738278714, 0.39689624879106467, 0.04468559302977305]], "inverted": true, "swapped": false, "error_lsq": 0.0548718556972821, "error_max": 0.3491984446451228, "target": "1037.xyz", "model": "12.xyz", "model_rescale": 4.124412569039231, "target_rescale": 3.8081276554224437},
{"mapping": [10, 0, 5, 7, 4, 1, 6, 3, 9, 2, 11, 8, 12], "R": [[0.13045096096477532, -0.22530380884363566, 0.9655157898780927], [-0.4937702867720476, -0.8592386067072385, -0.13379058503816205], [0.8597519704452073, -0.4592898980647781, -0.22333682824655038]], "T": [-0.00454566937643692, -0.15546990830357793, 0.021943660558777778], "aligned_model": [[0.1687949327809702, -0.4905924324610697, -0.318978806368229, 0.3219743931828844, -0.6417371868325193, -0.42288119323458223, 0.17991588737926759, 0.059129498930290895, 0.6171974656160124, -0.1882416512375895, 0.5121226318845862, 0.32083702717327606, -0.004769793651711934], [0.1466642102632073, -0.4481841920421502, -0.5911623566857005, -0.49350069241718325, 0.10025342367411688, 0.34307403308994483, -0.006568303792099883, -0.6639601868923872, -0.22334893504023784, 0.657408776018547, 0.6154042568056182, 0.4448455857631735, -0.07555403382558931], [-0.6286542815983507, 0.14378078784102633, -0.5119568656223685, -0.393023220353232, -0.36129099773006695, 0.5111405809158829, 0.6475753901227832, 0.5180651026349208, 0.1541147005767667, -0.19687028888622193, -0.3377225032316786, 0.24249644169715315, -0.06982584934492099]], "inverted": true, "swapped": false, "error_lsq": 0.04421430593672884, "error_max": 0.21676712352570549, "target": "1037.xyz", "model": "13.xyz", "model_rescale": 3.9028299243045295, "target_rescale": 3.8081276554224437},
{"mapping": [10, 3, 7, 4, 9, 1, 2, 0, 5, 11, 13, 12, 15], "R": [[-0.9247933203531112, 0.36263646829866314, -0.11511779397704207], [-0.3631902288866913, -0.9315621920023235, -0.01687424288847507], [-0.1133586003420156, 0.026204470834175146, 0.9932085145813039]], "T": [0.01657864385722018, -0.0054225298325054, 0.05797509208288556], "aligned_model": [[0.17193622169911932, -0.2696724839322531, -0.4350662992701214, 0.26399669964717576, -0.5708081715985334, -0.39855054776321014, -0.05988790309667814, 0.286784031059489, 0.5213866857322073, -0.2674059586692599, 0.5842963985246671, 0.3517866906097999, -0.06602458978081624], [-0.10391624282190387, -0.5490021318093194, -0.3800978251309746, -0.5777434742122122, 0.18820600538741974, 0.37097488859297445, -0.0817984619744479, -0.6778395963622044, -0.03553235285698174, 0.6703563024768415, 0.406244839052609, 0.5804246040630506, -0.0049049694855913106], [-0.6641852873049859, 0.16413983854862232, -0.6321431762434033, -0.20772458081143227, -0.4092830548134495, 0.38689984549923817, 0.7863083631492161, 0.460542784044368, -0.02180004859971537, -0.03439591889143984, -0.3173619301062313, 0.22726475526280063, -0.02043259271189487]], "inverted": true, "swapped": false, "error_lsq": 0.04496014465817496, "error_max": 0.24270573841578463, "target": "1037.xyz", "model": "14.xyz", "model_rescale": 3.942246331269136, "target_rescale": 3.8081276554224437},
{"mapping": [0, 4, 1, 12, 5, 10, 11, 13, 8, 9, 7, 6, 14], "R": [[0.826795449378736, -0.38341158119711727, -0.41158819746263486], [-0.24963943800941216, -0.9058105653944588, 0.34232640945465476], [-0.5040728477878563, -0.18028527123339133, -0.8446347051236669]], "T": [-0.07923144504620942, -0.02551425268390691, -0.009971271454723471], "aligned_model": [[0.3625969904415169, -0.41057075005180327, -0.2767631042247724, 0.03478081056240044, -0.48454601696983374, -0.4675529897441159, 0.2455164399472739, 0.12674695278712172, 0.6932341265979896, -0.2803876074961745, 0.3851170206383047, 0.22895463725599208, -0.04435573658231344], [-0.0014594538810567062, -0.26858089374312977, -0.4782162802817163, -0.8049706045697005, 0.0763131932822654, 0.30190608709115024, -0.037227472815273825, -0.6987514864977562, 0.013541222916130878, 0.7532031575104277, 0.6164675909252408, 0.38109550440329787, -0.04794897942062025], [-0.5972756926174455, 0.4081158604749758, -0.6523757807879123, -0.2279741595976918, -0.4876017009956917, 0.4910305399872911, 0.6291786611299274, 0.3965436398806503, 0.014778208092275216, -0.04599486790195999, -0.33124891310081833, 0.2191121924948291, -0.09845899003673603]], "inverted": true, "swapped": false, "error_lsq": 0.05688521740417799, "error_max": 0.37102353436330354, "target": "1037.xyz", "model": "15.xyz", "model_rescale": 4.355366556412066, "target_rescale": 3.8081276554224437},
{"mapping": [6, 8, 11, 4, 5, 1, 9, 2, 10, 3, 0, 12], "R": [[-0.9158553626633732, -0.042387194959979946, 0.399264674600904], [0.4004462252569339, -0.02414830464098633, 0.9160020087644126], [-0.029185190734583505, 0.9988093837596795, 0.039090146525629865]], "T": [-0.059696816313279194, -0.05034994564188698, 0.0019995175810980786], "aligned_model": [[-0.23647441288451418, 0.5081781572100856, 0.09115117631658703, -0.5202590542308404, -0.5636991029156173, -0.5042465604983238, -0.1943067669591038, -0.23466359690935326, 0.5943347236234202, 0.3285877920616761, 0.36938088862463936, -0.04017468880687462], [-0.7251413231757883, -0.3073117748569807, -0.4919153775506806, 0.45347398880570333, -0.16041234865549442, -0.13021739296585322, 0.2760483713445842, 0.585906290927199, 0.00577963145269704, -0.005994465929727175, 0.5134398917627663, -0.0008790634174450571], [0.017945423409270418, 0.11196760193303651, -0.5147058567116436, -0.0883677418907236, -0.2983756896000531, 0.37457821924187057, -0.7936671823435282, 0.5008218768945844, -0.46063334894441643, 0.6405730072911702, 0.01018023059073439, -0.051058078660880676]], "inverted": true, "swapped": true, "error_lsq": 0.03232489429139443, "error_max": 0.18037527099221431, "target": "1037.xyz", "model": "16.xyz", "model_rescale": 3.795458400668931, "target_rescale": 3.8081276554224437},
{"mapping": [8, 0, 3, 6, 7, 4, 2, 1, 5, 11, 9, 10, 12], "R": [[-0.6438644562938859, 0.7534550132559852, -0.13320700026951468], [0.30030025613763445, 0.408969326961549, 0.8617214432566298], [0.7037459186986809, 0.5148297122389512, -0.48958354681393124]], "T": [-0.09342619428312608, 0.0007391409341915029, -0.02876361078291522], "aligned_model": [[-0.006136791239615344, -0.29445849384678047, -0.3656873894032847, 0.2753252334146634, -0.7198026828985921, -0.4553586289856362, -0.008719257963069035, 0.2535077552362502, 0.6353855267420464, -0.16819396010123494, 0.702358337319211, 0.31450971485114576, -0.04995858996351836], [0.14646372571087188, -0.5361806107852768, -0.527926596960702, -0.4395680640835127, 0.0023194368336917643, 0.3521036908260662, 0.007972709734653945, -0.6128922387948162, -0.20700799521335117, 0.7428110548247109, 0.31504453662734483, 0.45641766138768824, 0.10581427481189043], [-0.6836160199734943, 0.12061370414128147, -0.5753606432279351, -0.3858739590061469, -0.22605698806807706, 0.37253883647334995, 0.674315513457483, 0.4380232533388185, 0.13931734216431438, -0.3435324545912568, -0.28544430061998416, 0.377252451815886, 0.09565226111745417]], "inverted": false, "swapped": false, "error_lsq": 0.04900781265103649, "error_max": 0.2579813161242128, "target": "1037.xyz", "model": "17.xyz", "model_rescale": 3.7474275329858107, "target_rescale": 3.8081276554224437},
{"mapping": [8, 9, 4, 5, 6, 2, 7, 12, 10, 0, 3, 1, 13], "R": [[0.9371633678196967, -0.1780576127230858, 0.30003384570444713], [-0.3106599364412933, -0.03447326695786394, 0.9498957825759329], [-0.15879302852183394, -0.9834160261133678, -0.08762244961342149]], "T": [0.10020467743499907, 0.00741686527923602, 0.050754441616767114], "aligned_model": [[0.28088421185144435, -0.3761501571020505, -0.3560486760484186, 0.18436314497702855, -0.6589420227021872, -0.45674310697205744, 0.07416170733309298, 0.2232163839114486, 0.6847360906607756, -0.31619428189778176, 0.6164064013595361, 0.2001858980550998, 0.012895179735655807], [0.09725681289206409, -0.4449083367792481, -0.22922821494945905, -0.6259784720249308, -0.0717574030059536, 0.3705545270305634, -0.058785711746983674, -0.6490816759902874, -0.28852167734810535, 0.5921963667527942, 0.4000433680746356, 0.64699790532553, 0.06658409668864032], [-0.6392731961447076, 0.17808137926943685, -0.6012101321595202, -0.2882848417894655, -0.060719924820804204, 0.2992960435097543, 0.8006599453568425, 0.3870797435109893, -0.16646152557565275, -0.377949689578377, -0.1491690208112947, 0.294595097673735, 0.04118511858075703]], "inverted": true, "swapped": false, "error_lsq": 0.05365095115913497, "error_max": 0.27358583023216704, "target": "1037.xyz", "model": "18.xyz", "model_rescale": 3.922800546911778, "target_rescale": 3.8081276554224437},
{"mapping": [3, 11, 9, 2, 7, 13, 4, 10, 1, 12, 5, 8, 14], "R": [[0.5396766628809109, 0.27770140294540907, 0.7947521817169647], [0.8410763431355335, -0.1368071720901856, -0.523330089601625], [-0.0366017015927147, 0.9508762950388646, -0.3073997185647377]], "T": [0.12606186557022236, 0.036894441674668266, 0.012755779496011047], "aligned_model": [[-0.036890722601527925, -0.4748388698673165, -0.2173666630698406, 0.29145059479458607, -0.598994922001428, -0.38375672758466606, -0.05531977790335671, 0.048276216517746995, 0.8476690132723583, -0.2039522969953831, 0.5098081749065817, 0.3429393929652727, 0.04374736072855838], [0.08888911893901436, -0.264354436245115, -0.5945454281140184, -0.5776009373044163, 0.04886685141201741, 0.33279895631223055, -0.16990937263039094, -0.7066090895619893, -0.12478025422761871, 0.6736314039448646, 0.6117421233897938, 0.4614546840298951, 0.025787964974991584], [-0.6035982187301786, 0.24815126048810904, -0.36945322415559245, -0.31613775988518067, -0.322446152568849, 0.3653735146014141, 0.6822332032317685, 0.31566259537081387, -0.020821609115021608, -0.31015401897959727, -0.3110074566553222, 0.3962963806634742, -0.03626951724414486]], "inverted": true, "swapped": false, "error_lsq": 0.04522533368560067, "error_max": 0.26639794458613314, "target": "1037.xyz", "model": "19.xyz", "model_rescale": 3.9282355846067225, "target_rescale": 3.8081276554224437},
{"mapping": [10, 4, 11, 9, 0, 3, 6, 8, 7, 1, 2, 5, 13], "R": [[0.9717907227554893, 0.22497496389416122, 0.07077469030087578], [0.21855303348576477, -0.7462470966807967, -0.6287685124508479], [-0.08864176623090385, 0.6264994304197752, -0.7743649662550363]], "T": [0.1134375856034234, -0.09832049037338703, 0.03315808045214817], "aligned_model": [[0.1864926856315089, -0.4479442797486183, -0.3288947414962674, 0.26334506675241676, -0.5890178505370074, -0.4341462516943294, 0.22217334585642465, 0.005823527602962897, 0.7291244932834704, -0.1875983705552927, 0.4406153459406772, 0.20725000862146944, 0.045547793504171194], [0.05889284467377487, -0.3371869761165441, -0.4339404361421721, -0.7120199006090162, 0.09435998891951597, 0.3038801461600868, -0.018444721526138574, -0.7780805178291563, -0.015321246067178773, 0.5555928386422115, 0.5771217392218746, 0.5017566586141151, 0.008761166977886606], [-0.8107502490687191, 0.1979641731258973, -0.41968243863893817, -0.24848993784336526, -0.29794248030402576, 0.3567962398893406, 0.6724079924977636, 0.3571443436211149, 0.07940236156454489, -0.1748695800691334, -0.3066193731552949, 0.3778271924989147, -0.06535924709640598]], "inverted": false, "swapped": false, "error_lsq": 0.03604227177212506, "error_max": 0.26038226631228517, "target": "1037.xyz", "model": "20.xyz", "model_rescale": 4.067790424073018, "target_rescale": 3.8081276554224437},
{"mapping": [8, 11, 6, 2, 13, 10, 12, 3, 0, 1, 7, 9, 14], "R": [[0.32159593152925914, -0.009289996114544202, -0.9468314278666609], [0.3000629811762027, 0.9494140190701938, 0.0926025254549315], [0.8980747542111837, -0.31388965635263166, 0.3081152697990623]], "T": [-0.012248350614315407, -0.0728836734328052, -0.1624084341612198], "aligned_model": [[0.26284934438116514, -0.41489009233254814, -0.34620311326284536, 0.37850992451571663, -0.6716858451775417, -0.4758716060880024, 0.1021704822307893, 0.1506719086885881, 0.6868460189454376, -0.10083453275267726, 0.5006293933636471, 0.08617661570416255, -0.04559772505430573], [0.19705058204738257, -0.3043859056898488, -0.69628512199614, -0.6722205879621828, 0.16176273632335236, 0.4158814664660019, -0.06139665515809961, -0.75784817345685, -0.17790342357397376, 0.7361621626367343, 0.4689836944200485, 0.5263068229464251, -0.030736012083590787], [-0.5826757926981203, 0.2873899631961537, -0.3801278708885626, -0.36692045052881556, -0.14802934413722932, 0.3039057695226786, 0.5950810020682289, 0.315111868513237, -0.09388147558945165, -0.2668231110582319, -0.16204429533922218, 0.3227030731470569, -0.10586033918602808]], "inverted": false, "swapped": false, "error_lsq": 0.046299364701121, "error_max": 0.26188945519315526, "target": "1037.xyz", "model": "21.xyz", "model_rescale": 4.186013935880536, "target_rescale": 3.8081276554224437},
{"mapping": [11, 7, 4, 10, 6, 0, 1, 10, 9, 5, 8, 2, 12], "R": [[0.037108245927440664, 0.9962794849254446, 0.07778281301726948], [0.8237472446373326, 0.013569564281889934, -0.5667947987390165], [-0.5657415090273924, 0.0851061386851182, -0.8201789378675355]], "T": [-0.019598332302316418, 0.0660913157536178, -0.055016224104739955], "aligned_model": [[0.21395124995354156, -0.28527024695817604, -0.3060252553271534, 0.19654903712202984, -0.5702116582083043, -0.4515766673161118, -0.0016240660434973658, 0.19654903712202984, 0.5315961526954156, -0.24866717959069237, 0.6607815669149222, 0.221103944653154, -0.044385141855571804], [0.06293847932298456, -0.5132575553744868, -0.46425499834336836, -0.7382435998754469, -0.009765122034975565, 0.39904806029146844, 0.028994465351960694, -0.7382435998754469, -0.17579048959674815, 0.775684854954822, 0.3873259746138644, 0.7284375153119043, 0.062497600172727846], [-0.6418813116354392, 0.30843536712376707, -0.4603661391888937, -0.10625186432506141, -0.08540726222399714, 0.4186112300740029, 0.6753425818085456, -0.10625186432506141, 0.09706464973173139, -0.26127637159023925, -0.20184815997598426, 0.17532944801466, -0.09367130646633771]], "inverted": false, "swapped": false, "error_lsq": 0.059437702222801536, "error_max": 0.5072444799638799, "target": "1037.xyz", "model": "22.xyz", "model_rescale": 4.166573947596378, "target_rescale": 3.8081276554224437},
{"mapping": [10, 6, 13, 14, 5, 1, 2, 12, 9, 0, 8, 4, 15], "R": [[0.3969935238706599, -0.811029143227795, 0.4296834542310706], [-0.7446482169715911, -0.5582969858446234, -0.36579161903717616], [0.5365586407521419, -0.17474611421143849, -0.8255716931933996]], "T": [0.15185172919166623, -0.04724722877830394, 0.04750667732247534], "aligned_model": [[0.14502474257777775, -0.4404843609460095, -0.2915173640527535, 0.25603233731203967, -0.6086934279463028, -0.43164909701388054, -0.023724747666401064, 0.11873224924765548, 0.7243039295093928, -0.2299975026639548, 0.5927408248860588, 0.21467767704238658, 0.08732551287557669], [-0.1539207023079564, -0.31801883391012736, -0.38626214010656496, -0.6987013846952925, 0.006887042906924393, 0.26838004310540997, 0.08092955534091036, -0.6714769761258914, -0.16362809729368327, 0.6618989178341915, 0.5772615108187051, 0.6269117378171866, -0.02488908846455214], [-0.6937863790344359, 0.44111603460658627, -0.5891296992288936, -0.38922166713251755, -0.2837070388555197, 0.30828488179483876, 0.6843369937930848, 0.24403066518101177, -0.09106871038072875, -0.08687587256379439, -0.21647207122733106, 0.33284174597011407, 0.05748011409927841]], "inverted": false, "swapped": false, "error_lsq": 0.04577203853119413, "error_max": 0.2311946231065966, "target": "1037.xyz", "model": "23.xyz", "model_rescale": 4.274766983524099, "target_rescale": 3.8081276554224437},
{"mapping": [4, 0, 3, 1, 8, 6, 5, 11, 9, 10, 12], "R": [[0.3421380315857557, -0.7284964969022942, 0.5934934046337081], [-0.7875139720803344, 0.12225312395216043, 0.6040495985117386], [-0.5126044392325131, -0.6740526891015447, -0.5318737267379331]], "T": [-0.12284986034482426, 0.05754616334154515, -0.045658387181920106], "aligned_model": [[0.31446012812706786, 0.2454399612030294, -0.5657558446846535, -0.4245612598031401, -0.40667743027767106, -0.5973638646564681, 0.03782921784082155, -0.0688919530526472, 0.6796168298931446, 0.21708948625187324, -0.05129056688328161], [-0.2801695676244538, 0.6021491602068355, 0.5473820413062204, -0.323909346643623, 0.5593058982074318, -0.2675596955289798, -0.5014455251850333, 0.011005665083962016, -0.1288360560575263, 0.6187556662897594, 0.07890829118889052], [-0.45654819302181254, -0.30986240844294827, -0.39836726024358665, -0.37166467311383605, 0.2156525881273743, 0.3492981091521332, 0.08875823581631823, 0.6469036083266747, 0.23550006789957623, 0.4173989400276064, -0.0375025805059221]], "inverted": true, "swapped": true, "error_lsq": 0.04144259658661739, "error_max": 0.20609049176848795, "target": "1037.xyz", "model": "24.xyz", "model_rescale": 3.7841303162186577, "target_rescale": 3.8081276554224437},
{"mapping": [11, 12, 13, 3, 14, 9, 2, 5, 6, 10, 7, 8, 15], "R": [[-0.6374656105778198, 0.6641436786358005, 0.3905774820170183], [0.036908860925687015, -0.48002372754369393, 0.8764787259142267], [0.7695942640871332, 0.5731408161378532, 0.28148583190103893]], "T": [0.12580527551396758, 0.1357406602730177, 0.03528797076343001], "aligned_model": [[0.1905819516147763, -0.41206038178052373, -0.25466541662564973, 0.32443367452755323, -0.6469169796356445, -0.3943844140430358, -0.029125705025299126, 0.043559313092331436, 0.723158009620172, -0.25326604838423006, 0.41953519787805293, 0.22689739180354318, 0.17502418011953969], [0.00048825660969584184, -0.38116810478922114, -0.3539776255884236, -0.6153762868382499, 0.11086645025715167, 0.21489076982725402, -0.10860012748972608, -0.6453909858584163, -0.155495586712502, 0.7051435685065027, 0.5260370711604863, 0.4113417813731284, 0.09661240446157913], [-0.7176651079203024, 0.17195460799846196, -0.44159571546076126, -0.17771902090750205, -0.14242120846810494, 0.2907848505139752, 0.73176984319935, 0.42568225673726234, -0.24822148541159897, -0.3353066389795018, -0.39389381409772645, 0.5483982802596632, 0.006062149558478426]], "inverted": true, "swapped": false, "error_lsq": 0.04578451747410159, "error_max": 0.27789687654897965, "target": "1037.xyz", "model": "25.xyz", "model_rescale": 4.19342608120988, "target_rescale": 3.8081276554224437},
{"mapping": [6, 8, 11, 4, 5, 1, 9, 2, 10, 3, 0, 12], "R": [[-0.9158553626633732, -0.042387194959979946, 0.399264674600904], [0.4004462252569339, -0.02414830464098633, 0.9160020087644126], [-0.029185190734583505, 0.9988093837596795, 0.039090146525629865]], "T": [-0.059696816313279194, -0.05034994564188698, 0.0019995175810980786], "aligned_model": [[-0.23647441288451418, 0.5081781572100856, 0.09115117631658703, -0.5202590542308404, -0.5636991029156173, -0.5042465604983238, -0.1943067669591038, -0.23466359690935326, 0.5943347236234202, 0.3285877920616761, 0.36938088862463936, -0.04017468880687462], [-0.7251413231757883, -0.3073117748569807, -0.4919153775506806, 0.45347398880570333, -0.16041234865549442, -0.13021739296585322, 0.2760483713445842, 0.585906290927199, 0.00577963145269704, -0.005994465929727175, 0.5134398917627663, -0.0008790634174450571], [0.017945423409270418, 0.11196760193303651, -0.5147058567116436, -0.0883677418907236, -0.2983756896000531, 0.37457821924187057, -0.7936671823435282, 0.5008218768945844, -0.46063334894441643, 0.6405730072911702, 0.01018023059073439, -0.051058078660880676]], "inverted": true, "swapped": true, "error_lsq": 0.03232489429139443, "error_max": 0.18037527099221431, "target": "1037.xyz", "model": "26.xyz", "model_rescale": 3.795458400668931, "target_rescale": 3.8081276554224437},
{"mapping": [11, 3, 4, 9, 10, 7, 0, 2, 1, 5, 8, 6, 12], "R": [[0.7266554287827109, -0.219192446021322, 0.6510964286707499], [-0.6850117517818988, -0.3032620970574741, 0.6624130134659176], [0.05225693964737432, -0.9273547175140122, -0.37051645059726795]], "T": [0.10200525683501756, -0.06790519569032533, -0.09929403170393925], "aligned_model": [[0.07644846573773785, -0.4287856237940149, -0.46856370961488886, 0.19492939763991013, -0.5138842632703424, -0.5441537199371668, -0.008441016335263105, 0.3705939578499329, 0.6367576278132919, -0.1082651504173273, 0.5158389990912036, 0.3945960020607515, -0.004300193662237925], [-0.05916803965572445, -0.4448155565202319, -0.429717235759091, -0.4846333693416, 0.16571769622074284, 0.2548653041192373, -0.19707234770598317, -0.7229000544398998, -0.018678545385850037, 0.6545251399259611, 0.4643085883767058, 0.6002438961996788, 0.022696108885314245], [-0.8140283209797312, 0.24895326518145394, -0.5916417592524158, -0.14486840450657815, -0.3709314221875227, 0.2728697492028343, 0.7145798281022803, 0.4238472098340875, 0.14964332825664248, -0.07206842068219167, -0.3754132666830779, 0.28691110354244614, -0.010023892806533902]], "inverted": false, "swapped": false, "error_lsq": 0.0487131218326236, "error_max": 0.2937290255096346, "target": "1037.xyz", "model": "27.xyz", "model_rescale": 3.6321398670334006, "target_rescale": 3.8081276554224437},
{"mapping": [3, 6, 4, 7, 1, 13, 9, 12, 8, 2, 0, 11, 14], "R": [[0.33085321286514424, -0.8992627812027407, -0.2861164131613617], [0.8628994051799659, 0.16555253391706762, 0.47749028791557535], [-0.38202194711413173, -0.4048688785979353, 0.8307469067447544]], "T": [0.12832568130869532, 0.019438040857181656, -0.015407328918986142], "aligned_model": [[0.31721812770082497, -0.41596393456856257, -0.48853007255538033, 0.2520434342112847, -0.36975260701013907, -0.511444122362827, 0.11548327961608568, 0.26578876214004277, 0.5726040248517048, -0.2577558909583631, 0.4924374346630154, 0.07147404559515859, 0.0691682918387413], [-0.01501204407383138, -0.39510513073122105, -0.4202080331390959, -0.6440231953012098, 0.17198212052475184, 0.2723516782752426, 0.019063703665551164, -0.7316794255495889, -0.24440867973463248, 0.6935324364547371, 0.47838829419142886, 0.5763358008680031, 0.044154059469124596], [-0.6747197854268964, 0.35311703944541567, -0.35106721765082943, -0.396721490386626, -0.4348301687954747, 0.4241454235830509, 0.6527297032912196, 0.3015093540230413, -0.020999938881053094, -0.18855879184141697, -0.2303468326253065, 0.2994872769896223, -0.01591557470305355]], "inverted": true, "swapped": false, "error_lsq": 0.04924576648168865, "error_max": 0.31549837596907643, "target": "1037.xyz", "model": "28.xyz", "model_rescale": 4.156811204709835, "target_rescale": 3.8081276554224437},
