[{"mapping": [13, 12, 5, 7, 6, 10, 2, 4, 1, 8, 0, 11, 9, 14], "R": [[0.7492645398435891, -0.33902972992741914, 0.5689125517672431], [0.14019224391961632, -0.7583714569162181, -0.6365680388454603], [0.6472625310318507, 0.5567149859309645, -0.520691502102856]], "T": [0.020804116231338106, 0.09465419468190941, 0.07274476542002994], "aligned_model": [[0.15238194503836247, 0.38219313897844154, -0.646498165334822, -0.2453824993767249, -0.5470153881748966, -0.09801597191335645, -0.7657395794810573, -0.03285627505962151, -0.2141395781285089, 0.04442711666770947, 0.5509719541982137, 0.22781768143003736, 0.533605650630278, 0.029742071654248935], [-0.6525237678001635, -0.2504176426643201, -0.26869153569022464, -0.413220639348334, 0.20476547485337313, 0.237962177486885, 0.14182955116380289, 0.39247307472993764, 0.8683637357568013, -0.1749003193439783, 0.7079797629124288, 0.5802125205446329, -0.3004245951656026, 0.16186553437479578], [0.2957379063606886, -0.45828094681038256, 0.28665418529333087, -0.18851753527462128, 0.5706451478538046, -0.6138448361154386, -0.05963007131181283, 0.8226509851100088, 0.21789760053510657, 0.6267566531069508, 0.3588381129015575, -0.3004371044544805, 0.16778415747132452, 0.1713338325137967]], "inverted": false, "swapped": true, "error_lsq": 0.05116846158991329, "error_max": 0.248467172767136, "target": "1038.xyz", "model": "0.xyz", "model_rescale": 3.8414455957264533, "target_rescale": 4.241044991591399},
{"mapping": [1, 0, 9, 7, 11, 8, 13, 6, 12, 10, 2, 4, 5, 10, 14], "R": [[-0.3913045794136685, 0.3685765852653555, -0.8432271502531344], [0.736623368363917, 0.6746727112836999, -0.04693341910940202], [0.5516037883391388, -0.6395060855404207, -0.5355046472689842]], "T": [-0.0902346862857033, -0.03150494035156278, -0.10314167580808406], "aligned_model": [[0.7097860794200999, 0.04801598351022196, -0.6945114862434034, -0.5218572444945866, 0.5865341287229524, -0.21720492385872836, -0.13489573935286742, -0.5347126876449029, 0.3768297002773521, 0.2007932802536302, -0.5626375758356837, -0.08040348866485282, -0.043292612843294276, 0.2007932802536302, -0.003423535571598746], [-0.35769745509177436, -0.46233375031046525, 0.16159558375393737, -0.37394589761807484, 0.19543373176759793, 0.7457902949520069, 0.3253261768607105, 0.21745648695016656, 0.5668114308396086, 0.34967421512375507, -0.419794829465899, -0.5724221167804687, -0.140486913584649, 0.34967421512375507, -0.03807655347005093], [-0.14856313478618297, -0.6695255194314177, -0.3542819087786382, -0.4338850206643876, -0.5687039297103369, -0.16633244606441897, -0.7706174766932568, 0.4888757967442552, -0.1816141081405788, 0.38510669800743014, 0.3099820339627739, -0.04720250665345319, 0.545119194701346, 0.38510669800743014, -0.08112720147635402]], "inverted": false, "swapped": false, "error_lsq": 0.044030287142566675, "error_max": 0.30701850007343306, "target": "1038.xyz", "model": "1.xyz", "model_rescale": 4.316132596720782, "target_rescale": 4.241044991591399},
{"mapping": [12, 11, 10, 8, 7, 9, 2, 4, 3, 0, 1, 14], "R": [[-0.10476232284967207, -0.8884662399956189, -0.44682501731571467], [0.18429680738403031, 0.4241707413524725, -0.8866306271320361], [0.9772714784025958, -0.17523390815861378, 0.11930437935073374]], "T": [-0.1490131563604928, -0.016420103855608385, -0.028702275981630616], "aligned_model": [[-0.3108599542416642, 0.42567622548274675, 0.2163625734419197, -0.586789290913905, -0.5336733374504116, -0.5692696235701863, -0.036085448597818606, -0.11362020183367297, 0.3652757961724833, 0.3186440682092522, 0.5405380691786397, -0.11839032124560246], [-0.7273459235575245, -0.2965477824884232, -0.478325879722257, 0.35181626091858187, -0.2304985305693194, -0.30646393127073945, 0.28933012390751633, 0.7036778993740532, 0.08808362315829144, 0.11160129076952077, 0.42982244673881603, 0.07762683048246415], [-0.036118382655356156, 0.0669366808003668, -0.42770641444558405, 0.2012996578214079, -0.47954273937643016, 0.3803750148297403, -0.7581978057596785, 0.3375504588215275, -0.5432652575014942, 0.6812292949172182, -0.011938254740273012, 0.03863620849797627]], "inverted": false, "swapped": true, "error_lsq": 0.05321348568016763, "error_max": 0.2454018790826307, "target": "1038.xyz", "model": "2.xyz", "model_rescale": 3.795458400668931, "target_rescale": 4.241044991591399},
{"mapping": [9, 12, 0, 3, 8, 6, 11, 7, 10, 2, 4, 14], "R": [[-0.8378670688154097, 0.5326981612945144, 0.11921176094713641], [0.2390515636677866, 0.5543979401527082, -0.7971808288352277], [-0.49074751645083226, -0.6394338065100077, -0.591854105493459]], "T": [0.04075169891926707, -0.022723052419964047, -0.014021961830119063], "aligned_model": [[-0.13227334991478296, 0.142709020024952, -0.8062987528176314, 0.2735760573681062, 0.013728598791828597, 0.24221572868414482, -0.2877173752513082, 0.6216744154036891, 0.2544969674411761, 0.6358070671362481, -0.32825082957865076, -0.03636372154420618], [-0.22395973521833176, -0.6978941910443303, 0.057389541345964565, -0.0239733503732333, 0.420539123483646, 0.6904757432283183, -0.38773791508839067, -0.1903695069923985, -0.5536495065230441, 0.2303524420121227, 0.6967447258066025, 0.06785167465278356], [-0.6120614921983424, -0.26978267809251805, 0.10919774870905705, 0.6831010348324408, -0.4417312665599489, 0.1682086531322842, 0.4064045232283247, -0.19143000808517743, 0.408459674145937, 0.4552982910867961, -0.025774037908285037, -0.0011190116514677093]], "inverted": false, "swapped": true, "error_lsq": 0.05680448017545825, "error_max": 0.3549041083132466, "target": "1038.xyz", "model": "3.xyz", "model_rescale": 3.7530521520055578, "target_rescale": 4.241044991591399},
{"mapping": [7, 6, 3, 1, 10, 4, 12, 8, 9, 0, 14], "R": [[-0.09349155129962017, -0.9470752573348529, -0.3070957290157461], [0.8445151839674678, 0.0879261228465289, -0.5282642340435051], [0.5273077221926344, -0.3087352488221894, 0.7915990855544972]], "T": [-0.1076450420587503, -0.12062958421853719, 0.06549586378762874], "aligned_model": [[-0.47357760440856933, -0.26484947397231196, 0.36584934555184373, 0.5091318765940405, 0.3061171467539005, -0.16437716741788017, -0.1636326609725769, -0.5856478026712034, -0.4649826944003939, 0.36278247144269693, -0.08861383405434123], [-0.6256441911614362, 0.18386252188442564, -0.4001244574057091, 0.23488558391458042, -0.6987303434421371, 0.6315881886119612, -0.6075527275820345, 0.26427246197724236, -0.03609029785019156, 0.5267507231061483, -0.006014103738503598], [-0.024525010018335028, -0.6164275911107608, -0.42222833939612525, -0.34449137608230596, 0.09120647469128694, -0.225854010807224, 0.6053441246228353, 0.006245297875136127, 0.6070196963103116, 0.3796491460591786, 0.036892365101319394]], "inverted": false, "swapped": true, "error_lsq": 0.05261476367709006, "error_max": 0.29769039975026457, "target": "1038.xyz", "model": "4.xyz", "model_rescale": 3.7855080009869324, "target_rescale": 4.241044991591399},
{"mapping": [10, 8, 11, 6, 15, 12, 13, 1, 14, 3, 4, 7, 0, 2, 16], "R": [[0.7835351166854372, 0.31729601728878737, -0.5342246328403548], [0.5057519926666152, -0.8251469102174238, 0.2516892895464303], [-0.3609537959829297, -0.4673925694438373, -0.8070046735888221]], "T": [0.008442749281825007, 0.019468103394392144, -0.08004890712018783], "aligned_model": [[0.5915447337272072, 0.19433933801064351, -0.7089322774164061, -0.470248822305513, 0.5911853872017281, -0.33052657277320263, -0.21977280639513097, -0.5478621473298727, 0.275754773657533, 0.452795737200706, -0.5002848835647132, -0.050886036930962594, -0.19551213624321287, 0.20912860026292418, 0.039090270826240725], [-0.4130588140048938, -0.2839431768805833, 0.23055814867085203, -0.32443105587305576, 0.15954596848674357, 0.5969855166502867, 0.219980022783397, 0.2712276460119471, 0.6307317567630442, 0.05202255178639545, -0.3996727881333529, -0.7273754972746007, -0.05938977532959619, 0.5303094558141941, 0.06351465957937769], [-0.1423129861321916, -0.6872506258797026, -0.35069681890824156, -0.3605213934951429, -0.6458291792640455, -0.20103939890333636, -0.7377572537339387, 0.3674395661349539, -0.1922916183643422, 0.4527805547310647, 0.25538796099814054, -0.07143478254482255, 0.6687219009072984, 0.4144730736375851, -0.07733183015906894]], "inverted": false, "swapped": false, "error_lsq": 0.03589375331584282, "error_max": 0.22879605355950602, "target": "1038.xyz", "model": "5.xyz", "model_rescale": 4.2253639853439635, "target_rescale": 4.241044991591399},
{"mapping": [1, 10, 5, 6, 2, 13, 8, 4, 12, 11, 7, 9, 0, 14], "R": [[-0.5974716037207592, 0.5572743128150917, 0.5766047372540495], [-0.19599388674938711, 0.5957642536387023, -0.7788782641999893], [-0.7775693403833592, -0.5783686491873391, -0.24672986550679307]], "T": [0.0289416355284843, 0.0506164404109401, 0.02141580279581815], "aligned_model": [[0.6869093999039962, -0.14119790458136958, -0.4137355772660054, 0.13747486452312188, -0.2224163519298102, -0.49906242380430277, 0.009496226961246398, 0.5550062411420335, -0.36098788630649165, 0.3763369682506696, -0.595206221547777, -0.12209999585940143, 0.8360012850306621, 0.1275435282412118], [-0.2368257988167795, 0.37322100823022725, -0.6024115256820188, -0.7047873502922728, -0.49226645295650967, 0.031056043544673895, -0.264372333688537, -0.45451793868718654, 0.6666388132557515, 0.4343157353483229, 0.007667531858313342, 0.4052463631817354, 0.2857261461695436, -0.003591094830272777], [-0.377770518565727, -0.5893537952788699, -0.004295195757130981, 0.01559123173404756, -0.5082037995168144, 0.6097547168254324, 0.5510862684220756, 0.37074394510629216, 0.009740619815615945, -0.3658535425716153, -0.053717378260445175, 0.5501020929282813, 0.20162052231356992, 0.06211304173673625]], "inverted": true, "swapped": true, "error_lsq": 0.050772003746396885, "error_max": 0.3074831471161198, "target": "1038.xyz", "model": "6.xyz", "model_rescale": 3.89814844738969, "target_rescale": 4.241044991591399},
{"mapping": [7, 13, 8, 10, 6, 9, 12, 2, 11, 0, 4, 1, 14], "R": [[-0.24991087710908816, 0.7093359241793298, -0.6590804959723984], [0.9663331529541372, 0.22573310901759802, -0.12346983840179632], [0.06119469751769929, -0.6677477893350945, -0.7418679793829978]], "T": [-0.10734303939026549, 0.0427174821728708, -0.05704149419580848], "aligned_model": [[0.03367468539132895, 0.03019164061009952, 0.23433841237256833, -0.4296476701114508, 0.6184973605038138, -0.403577731287453, -0.6505244560616852, 0.44048337261138015, -0.5630802928908155, -0.462125363439013, 0.322220827029152, 0.04619186220011404, -0.06801084602381649], [-0.34576152206494837, 0.2684692369237134, 0.49655365568283966, -0.579593941272863, 0.12565936694452373, 0.3992971185195045, -0.19647602696086375, -0.5172465053513211, -0.12126376902115382, 0.6083533969965929, 0.6360076009384372, 0.05863111222601192, 0.1311515419100124], [-0.5326970583367101, -0.8023158937179751, -0.29669409070760666, 0.0650604692757217, 0.1636950729265623, -0.5187569045626731, -0.4806041454205663, 0.10020402056788574, 0.37109390147072674, 0.4845128492795695, 0.2856195349251246, 0.7498464344435299, 0.013310840692705952]], "inverted": false, "swapped": true, "error_lsq": 0.05147425816917485, "error_max": 0.25677478056283104, "target": "1038.xyz", "model": "7.xyz", "model_rescale": 3.7474275329858107, "target_rescale": 4.241044991591399},
{"mapping": [1, 13, 9, 4, 12, 7, 11, 5, 10, 0, 8, 2, 3, 6, 14], "R": [[0.24458532893003063, -0.7066569922985343, 0.6639381839507185], [0.8368900868140124, -0.19195864882675176, -0.5126079005761056], [0.4896866339452443, 0.6810196563801937, 0.5444439623681938]], "T": [0.008428613859926971, 0.031639872360198176, -0.13238882565171575], "aligned_model": [[0.5930806530883981, 0.017501701040355318, -0.6692497447754859, -0.35964659090753015, 0.37609445466484076, -0.25376137892279693, -0.14797404417630763, -0.49945515577091604, 0.36652502397789793, 0.4771682107517965, -0.5584237324572457, 0.01892944951576323, -0.1045373947443419, 0.05853090168137357, 0.015030804962167328], [-0.4124295723398792, -0.41615102125148506, 0.3218809677842736, -0.6181094627538091, 0.08116270437621392, 0.6567252016445703, 0.41674214013081456, 0.2896763445872753, 0.6985107240903257, 0.13973117707616672, -0.3031356317377542, -0.7599075117911126, -0.07316466618623392, 0.5502240869706031, -0.024750861549813694], [0.02819181253236855, -0.9118199152164284, -0.32435910682211966, -0.36599595525144757, -0.6253512353886903, -0.06603846226114712, -0.5946813818398897, 0.301768656799131, -0.18048859552245933, 0.3179584822978365, 0.04597623591360975, 0.15384878009496536, 0.5678891381488753, 0.4964977074444469, -0.15105899190484084]], "inverted": true, "swapped": false, "error_lsq": 0.051959605290321294, "error_max": 0.3455004201797936, "target": "1038.xyz", "model": "8.xyz", "model_rescale": 4.019505241142653, "target_rescale": 4.241044991591399},
{"mapping": [11, 9, 10, 3, 1, 2, 7, 0, 4, 8, 13, 6, 14], "R": [[-0.6660390660855606, 0.15993032560359843, -0.7285700058334829], [-0.3464866893859877, 0.7986387411293021, 0.492060093124551], [0.6605595631933675, 0.5801710541898232, -0.4765108722306943]], "T": [-0.08147217693665337, -0.014529724650076334, -0.04729701192041285], "aligned_model": [[-0.17476318185530054, -0.672616855731216, 0.043612383710540575, 0.5046044073798253, 0.34405845025970344, 0.6865237904832138, 0.039863390632473544, -0.43108004102007963, 0.07261852004720404, -0.15082483771187588, -0.3866309744322148, 0.5140369058217547, -0.06970118584285227], [-0.5227513452835156, 0.23586568632084154, -0.09879461453617439, -0.2746784937437166, -0.7094381639275147, 0.1415539528511176, 0.5528558052714011, -0.750935862770915, -0.316117539502528, 0.22047025653769392, 0.6673928511014098, 0.0032846070581355608, -0.08532891126217648], [-0.43574750389578987, 0.07893791513363138, -0.742504860868596, -0.4064990064344551, 0.05720315722101805, -0.2029237338174405, -0.2930641610937442, 0.22578893360209795, 0.6870296921233856, 0.5184874622081369, 0.21188107849336968, 0.42967243822379625, 0.04844208314846913]], "inverted": false, "swapped": true, "error_lsq": 0.05618945142614196, "error_max": 0.26829502736441735, "target": "1038.xyz", "model": "9.xyz", "model_rescale": 3.877068213659057, "target_rescale": 4.241044991591399},
{"mapping": [14, 10, 0, 11, 6, 5, 12, 1, 3, 4, 8, 9, 7, 4, 15], "R": [[-0.04412886031747181, 0.25837021608282273, -0.9650375511493824], [-0.5495034209441456, 0.8004487526123714, 0.23943221339656903], [0.8343252567540805, 0.5408573063966268, 0.10665242641226329]], "T": [0.08378517410300429, -0.007163430141794207, -0.10319818841256456], "aligned_model": [[0.5908167276318239, 0.169849476707895, -0.6719497949865192, -0.4212036549113081, 0.41420272585132906, -0.28000172340510093, -0.2098839664455962, -0.5282194310074784, 0.3225110116589806, 0.2536249963821018, -0.47458183289781025, 0.08045295443718034, -0.16931868401600325, 0.2536249963821018, -0.00011064345362794825], [-0.5830334267777336, -0.4527115727080392, 0.15042002998708837, -0.3194190912504897, 0.1616960861702219, 0.684626210739858, 0.3387511258471708, 0.4085362267777692, 0.5797213677159948, 0.3555314664639521, -0.4505524068929696, -0.6613550223519268, -0.03273561812595464, 0.3555314664639521, 0.011997776991261679], [-0.24746979802187144, -0.6484417742829359, -0.29761563933417307, -0.5415336318118285, -0.5957581140788362, -0.09416335511073623, -0.6967441188660836, 0.350178882869116, -0.13977073624348363, 0.44241845950914493, 0.19168388394280245, -0.01563357859031149, 0.6724119389219001, 0.44241845950914493, -0.12964370938763767]], "inverted": true, "swapped": false, "error_lsq": 0.0410136421115885, "error_max": 0.31283618440566363, "target": "1038.xyz", "model": "10.xyz", "model_rescale": 4.260839863003843, "target_rescale": 4.241044991591399},
{"mapping": [4, 1, 11, 0, 12, 9, 8, 6, 3, 10, 7, 14], "R": [[0.30560467999094537, -0.5526592659416033, 0.7753538001045199], [-0.011297082102558309, -0.8163589674892193, -0.5774343357784536], [0.9520914638329658, 0.16770739986304706, -0.25572655811936335]], "T": [-0.025461478123003325, 0.12551235860188298, -0.00807558343528983], "aligned_model": [[0.41510364991066623, 0.27499089077830197, -0.37928368479813, -0.3137409876473605, -0.6189690929648685, -0.42883967527610134, 0.23029816689822535, 0.720613276096119, 0.2582158515620259, -0.2716736470555291, 0.05255122853145765, 0.01963267305932362], [-0.05026874244556109, -0.6274223299581689, -0.40047544819368314, -0.4006566103502633, 0.4016361072657671, 0.5608889660139109, 0.48173747098957337, 0.06308193194494965, -0.36542409835427353, -0.1334408428770662, 0.567695958953814, 0.07572614254393492], [-0.6630093462781441, -0.14116227621968966, 0.11854544625511068, -0.62381638363711, 0.31312418662993036, -0.28342697655083304, -0.44147785288339425, -0.1561403576969247, 0.4595757668909759, 0.6070532482189593, 0.43400792939303656, -0.10709530672641247]], "inverted": true, "swapped": true, "error_lsq": 0.046454321620000044, "error_max": 0.2542376868875489, "target": "1038.xyz", "model": "11.xyz", "model_rescale": 3.890672605050136, "target_rescale": 4.241044991591399},
{"mapping": [11, 10, 12, 0, 9, 6, 3, 4, 1, 5, 13, 7, 8, 14], "R": [[-0.7325547397796006, 0.4532186188295084, -0.5078941196477026], [0.2972088374414691, -0.4582955253530257, -0.8376348359446883], [-0.6123973058179898, -0.7645639901196415, 0.20102598050799458]], "T": [0.13174984636231066, 0.03614819569158021, 0.06265065502482471], "aligned_model": [[0.41267342188045886, 0.060841719946015865, 0.4702115101577834, 0.7207072882125382, 0.5874986827342016, -0.43889476175502395, -0.31080754694842205, 0.08325052235764938, -0.01213593325535775, -0.5837090546012764, 0.16072812496729166, -0.18355315270081848, 0.09838115487375623, 0.1446838589248974], [-0.25202306783414463, 0.14861452090091967, 0.5883186711031286, -0.5842180613898921, 0.4155964350524569, -0.30724645423563135, -0.27339561224793524, -0.5238561442882922, -0.7548834424827041, 0.225727617443433, 0.6550680767567404, 0.5759675372392455, 0.08026356929471565, -0.061781125484274786], [-0.4432401232959603, -0.6361941314056213, -0.27233647005017164, 0.1485018710727502, 0.33905105607800634, 0.43533432794439497, -0.435861934786292, 0.6440092500512286, -0.1060507641833187, 0.3369641591652587, 0.5539876206099447, -0.016274932760290198, 0.6767249323887056, 0.1301755745282261]], "inverted": true, "swapped": true, "error_lsq": 0.042113562139491335, "error_max": 0.3026637018719409, "target": "1038.xyz", "model": "12.xyz", "model_rescale": 4.124412569039231, "target_rescale": 4.241044991591399},
{"mapping": [11, 1, 2, 0, 10, 12, 4, 9, 6, 8, 7, 5, 14], "R": [[-0.8871717770477657, 0.2851216084985927, 0.3628111166669025], [-0.2506175682447568, 0.362457865675787, -0.8976720615552419], [-0.3874494450854126, -0.8873161578473191, -0.25010590462057747]], "T": [0.11969982406449838, -0.0015798265114170401, -0.022679940179138873], "aligned_model": [[-0.04715689271839156, -0.2798616357104361, 0.6092642539832693, -0.6980036523047918, 0.5187188868223264, 0.4373225753311488, -0.47399391946606, 0.003470306822941596, 0.070957224590125, -0.07419754553968506, 0.7156188348350353, 0.568424187105418, 0.01673568375885774], [-0.23387519411231772, 0.4672439672330065, 0.5896764778191559, -0.1316608469093723, -0.21461023784886912, -0.6578375935540546, 0.5005374676341126, -0.477871555842007, 0.7460150458821673, 0.18942432513804403, -0.04816688401246118, 0.5599785790961115, 0.058631825984961417], [0.5570475046167065, 0.5208724761463959, 0.19900056972543273, 0.20869755526661782, 0.5263760711896814, -0.012363118214941814, -0.244807883151019, -0.4559489533843668, -0.1681939951708851, -0.5759141383204173, -0.2220798644771273, -0.3488214704672119, -0.032166672791026446]], "inverted": false, "swapped": true, "error_lsq": 0.044620364705343266, "error_max": 0.2362919357478371, "target": "1038.xyz", "model": "13.xyz", "model_rescale": 3.9028299243045295, "target_rescale": 4.241044991591399},
{"mapping": [12, 14, 7, 9, 13, 4, 10, 3, 5, 8, 6, 1, 2, 0, 15], "R": [[0.9652338835311821, 0.18515259508936388, -0.18450492301016372], [0.23141007315204337, -0.9335292842540895, 0.27381098130610704], [-0.12154393496624302, -0.30698793457027174, -0.94392027200458]], "T": [-0.019373390924978647, 0.002526196840915297, -0.030091555722133977], "aligned_model": [[0.603545486861398, 0.07700366675159562, -0.7760464771853914, -0.5255960857987183, 0.5432288500358561, -0.19442581051400268, -0.15348609442465297, -0.5016613890612152, 0.3480072739977509, 0.5851072676345023, -0.5581257994026934, -0.06287363704765717, 0.08904459784190971, -0.035802894043081436, -0.10810579771763218], [-0.29668061952715724, -0.32524088934798884, 0.18404391272654844, -0.3883772720845502, 0.09565080286385963, 0.6527886252120546, 0.32996784766009124, 0.2363708117882308, 0.3385295231115336, 0.25308238202729966, -0.35046474174798437, -0.6066670974667586, -0.14363553914729818, 0.5964118156091192, -0.02877494262684479], [-0.11186955824805561, -0.8463824675592034, -0.4939073760495294, -0.46801679779030764, -0.5845803996262761, -0.10676422704383515, -0.6859485143021246, 0.288349063784917, -0.1494022653469039, 0.3801911407811015, 0.14181394704850547, 0.19169666420993597, 0.6833732690593257, 0.548048870551906, -0.09426418044524512]], "inverted": false, "swapped": false, "error_lsq": 0.047062802669922896, "error_max": 0.26824937729088016, "target": "1038.xyz", "model": "14.xyz", "model_rescale": 3.942246331269136, "target_rescale": 4.241044991591399},
{"mapping": [12, 3, 10, 4, 1, 9, 5, 6, 2, 8, 11, 13, 8, 7, 14], "R": [[0.801079087588805, 0.4553801820350867, 0.388460017553389], [-0.002838122332163129, -0.6460954583099222, 0.7632513372493491], [0.5985517859713692, -0.6125271818956145, -0.5162811355739249]], "T": [-0.08530620163840048, 0.024542176936410715, -0.14277124604433347], "aligned_model": [[0.5032688372249767, 0.08984390091120885, -0.777429073641613, -0.4177123475352302, 0.5899216840228276, -0.49531718551496645, 0.12178301277570804, -0.36570948051208113, 0.31285163431487156, 0.1290698059039888, -0.49349564239024646, -0.025873515986229792, 0.1290698059039888, 0.02062723972271245, 0.008914482728052328], [-0.5288427298307565, -0.23110500911374485, 0.06474185301483555, -0.37883455524970955, -0.007025190236459793, 0.7171041207204545, 0.39028233622973324, 0.22716848246700602, 0.6736120081655169, -0.008529279987698934, -0.3443912988749165, -0.7741441520342353, -0.008529279987698934, 0.7057494747085507, 0.049747839059278966], [-0.2669518675277843, -0.7912424391918357, -0.31114711170321174, -0.4082092671028611, -0.5896629997564143, -0.1630506260890762, -0.6183001635063073, 0.2966669985843421, -0.19593712322804327, 0.6000545292320053, 0.31699010024417107, -0.0031369010683222343, 0.6000545292320053, 0.3629107010255713, -0.13670119012002813]], "inverted": true, "swapped": false, "error_lsq": 0.051403161804078966, "error_max": 0.3385467177725475, "target": "1038.xyz", "model": "15.xyz", "model_rescale": 4.355366556412066, "target_rescale": 4.241044991591399},
{"mapping": [12, 11, 10, 8, 7, 9, 2, 4, 3, 0, 1, 14], "R": [[-0.10476232284967207, -0.8884662399956189, -0.44682501731571467], [0.18429680738403031, 0.4241707413524725, -0.8866306271320361], [0.9772714784025958, -0.17523390815861378, 0.11930437935073374]], "T": [-0.1490131563604928, -0.016420103855608385, -0.028702275981630616], "aligned_model": [[-0.3108599542416642, 0.42567622548274675, 0.2163625734419197, -0.586789290913905, -0.5336733374504116, -0.5692696235701863, -0.036085448597818606, -0.11362020183367297, 0.3652757961724833, 0.3186440682092522, 0.5405380691786397, -0.11839032124560246], [-0.7273459235575245, -0.2965477824884232, -0.478325879722257, 0.35181626091858187, -0.2304985305693194, -0.30646393127073945, 0.28933012390751633, 0.7036778993740532, 0.08808362315829144, 0.11160129076952077, 0.42982244673881603, 0.07762683048246415], [-0.036118382655356156, 0.0669366808003668, -0.42770641444558405, 0.2012996578214079, -0.47954273937643016, 0.3803750148297403, -0.7581978057596785, 0.3375504588215275, -0.5432652575014942, 0.6812292949172182, -0.011938254740273012, 0.03863620849797627]], "inverted": false, "swapped": true, "error_lsq": 0.05321348568016763, "error_max": 0.2454018790826307, "target": "1038.xyz", "model": "16.xyz", "model_rescale": 3.795458400668931, "target_rescale": 4.241044991591399},
{"mapping": [7, 13, 8, 10, 6, 9, 12, 2, 11, 0, 4, 1, 14], "R": [[-0.24991087710908816, 0.7093359241793298, -0.6590804959723984], [0.9663331529541372, 0.22573310901759802, -0.12346983840179632], [0.06119469751769929, -0.6677477893350945, -0.7418679793829978]], "T": [-0.10734303939026549, 0.0427174821728708, -0.05704149419580848], "aligned_model": [[0.03367468539132895, 0.03019164061009952, 0.23433841237256833, -0.4296476701114508, 0.6184973605038138, -0.403577731287453, -0.6505244560616852, 0.44048337261138015, -0.5630802928908155, -0.462125363439013, 0.322220827029152, 0.04619186220011404, -0.06801084602381649], [-0.34576152206494837, 0.2684692369237134, 0.49655365568283966, -0.579593941272863, 0.12565936694452373, 0.3992971185195045, -0.19647602696086375, -0.5172465053513211, -0.12126376902115382, 0.6083533969965929, 0.6360076009384372, 0.05863111222601192, 0.1311515419100124], [-0.5326970583367101, -0.8023158937179751, -0.29669409070760666, 0.0650604692757217, 0.1636950729265623, -0.5187569045626731, -0.4806041454205663, 0.10020402056788574, 0.37109390147072674, 0.4845128492795695, 0.2856195349251246, 0.7498464344435299, 0.013310840692705952]], "inverted": false, "swapped": true, "error_lsq": 0.05147425816917485, "error_max": 0.25677478056283104, "target": "1038.xyz", "model": "17.xyz", "model_rescale": 3.7474275329858107, "target_rescale": 4.241044991591399},
{"mapping": [1, 11, 0, 10, 6, 5, 4, 9, 3, 8, 7, 12, 13, 14], "R": [[-0.8138489278243309, 0.2029009613754113, 0.5445008012410273], [-0.5374594730732589, 0.09334328690972898, -0.8381075978612191], [-0.22087833185489644, -0.9747400836437485, 0.033083709815804385]], "T": [0.00041756454524428596, 0.010806160169707604, -0.006037337295307244], "aligned_model": [[0.4904966719565425, 0.11494819366849275, 0.7723865054525413, -0.4341108521046208, 0.20587795159630967, -0.31982582626079575, 0.6865955737974816, 0.013006964706156431, -0.16259035113057382, 0.2297973230333096, -0.5920704111200966, -0.4486770353239566, -0.2547572162889439, 0.11377015590103041], [-0.5233721576038747, 0.06376004068388727, 0.2160924003357847, -0.05651680573939792, -0.6191670194857865, -0.4865093080004783, -0.2588042990274877, 0.6177405938862204, -0.5696757101634937, 0.05891967018484509, 0.001710398726878018, 0.5483607355168997, 0.3888058939908817, -0.02093619179364485], [-0.39252191953792226, -0.6400443037594352, -0.3238692211677227, -0.5652451212217653, 0.3726024607983596, 0.5166396092379346, 0.3262348420191664, 0.23800620407296103, -0.4263448857040487, 0.5642405514832732, 0.20826482543327027, -0.208556533010302, 0.6399623577637219, 0.01542585225416454]], "inverted": true, "swapped": true, "error_lsq": 0.03904376773628058, "error_max": 0.253898203723499, "target": "1038.xyz", "model": "18.xyz", "model_rescale": 3.922800546911778, "target_rescale": 4.241044991591399},
{"mapping": [5, 1, 10, 6, 0, 9, 2, 11, 3, 12, 4, 8, 13, 7, 14], "R": [[0.7247968280348597, -0.6889471993489887, 0.004616771576644742], [-0.6889480166163714, -0.7248088432255138, -0.001664686895710695], [0.004493158240497151, -0.001974155839217924, -0.9999879570463577]], "T": [-0.024695589218155983, -0.048543542763380264, -0.08312097571901995], "aligned_model": [[0.6777698886220159, 0.031682976654329904, -0.7689540054454882, -0.4549395091919848, 0.5832985322304747, -0.27643720308862285, -0.197422661067375, -0.5190781592299623, 0.39961601405477654, 0.575346185143145, -0.663956753100675, 0.055267954058923416, -0.16174043464903898, 0.06511100538230745, -0.015750672444856943], [-0.3297612730119458, -0.3632547072955919, 0.15162251939466984, -0.5197149431791117, 0.20072139047214863, 0.7050420455881085, 0.36927385188206374, 0.2848694072322322, 0.4290663567991202, 0.049994077479491285, -0.28938980888559657, -0.6311363082013796, -0.13151522452756398, 0.5845964699826774, 0.03659076532083307], [-0.18308377291046982, -0.750774601609561, -0.32105711147445454, -0.3451428310459062, -0.5995053064455371, -0.2605416813590805, -0.6387494002707829, 0.3063213075689524, -0.1147072188156128, 0.41573195950811326, 0.15605548536927077, 0.08594160271718461, 0.5848222532954177, 0.39571043394919014, -0.038683949452514146]], "inverted": true, "swapped": false, "error_lsq": 0.0379319432878583, "error_max": 0.23846793437298883, "target": "1038.xyz", "model": "19.xyz", "model_rescale": 3.9282355846067225, "target_rescale": 4.241044991591399},
{"mapping": [5, 6, 1, 2, 7, 3, 10, 11, 12, 9, 4, 8, 0, 14], "R": [[-0.3957623419259473, 0.8719490787983128, 0.28823076292454186], [0.08817240200415172, 0.3484839594226876, -0.9331583775275798], [-0.9141103851494675, -0.3438949461795862, -0.21479867260770422]], "T": [-0.05258126537297382, 0.0030461282746161444, 0.11138603481400951], "aligned_model": [[-0.6823301816652902, -0.2360060326974972, 0.531839855008343, -0.3364045776739692, -0.6030663587919092, 0.12648166768359892, 0.07992077185920922, 0.5027168124438707, -0.1664374337563726, -0.19620002859179592, 0.1331644599961575, -0.3289954925679179, 0.7038953407042392, 0.003944017134010033], [-0.41931263872691016, -0.7325781453564417, -0.5055766250212506, -0.37406637521142283, 0.21415282291963122, -0.19538632959299457, 0.39074448926492433, 0.23264081446316365, 0.7231202502225905, 0.3671083776302072, -0.6827741700248342, -0.29925507363615367, -0.10854235328426348, -0.08739295622140951], [-0.10792896476239412, 0.02386142564857055, -0.16183400085998023, -0.5333077560920865, -0.11098814654252019, -0.5732673397323145, -0.47015834288534336, -0.12697616193879618, 0.097424030540588, 0.6357117726491883, 0.4974998848425005, 0.5722070545248087, 0.5043068255266308, 0.1656328763248306]], "inverted": true, "swapped": true, "error_lsq": 0.0514151625286282, "error_max": 0.31673046961725176, "target": "1038.xyz", "model": "20.xyz", "model_rescale": 4.067790424073018, "target_rescale": 4.241044991591399},
{"mapping": [4, 2, 0, 0, 6, 12, 3, 9, 11, 13, 7, 8, 1, 10, 14], "R": [[-0.8007858674384999, -0.16564185480463448, 0.575590801218756], [0.5864593144887061, -0.41208282083943454, 0.6973185937707752], [0.12168593575350456, 0.895963461702482, 0.42713230776177424]], "T": [0.05846774108845793, 0.006323716584310697, -0.07965391900313004], "aligned_model": [[0.4416290415569309, 0.05197417614764766, -0.49890489378970754, -0.49890489378970754, 0.6472069389198097, -0.40817012002751213, -0.07013124766338605, -0.46425772794361136, 0.24034704058649575, 0.49884303140086955, -0.5390510889609391, -0.0489467151390506, -0.09794404517072591, 0.03315165170443125, 0.0429720100964246], [-0.6422687933050332, -0.26427112527546653, -0.2452164226592582, -0.2452164226592582, 0.066882403284371, 0.610754213139201, 0.44919068150756164, 0.29246538614364254, 0.621292923816183, 0.2919804096468796, -0.31494297310365466, -0.5290519329512385, -0.16508234617544038, 0.5556678332432867, 0.06482078439838032], [-0.35349268301405035, -0.7728048381485738, -0.44093128303145657, -0.44093128303145657, -0.5238112167000516, -0.14231769087499246, -0.7945498331909865, 0.4192758640684876, -0.16190383419976523, 0.38358830971529556, 0.23086648136071455, 0.08467180997073068, 0.7074041576641706, 0.5276902656764779, -0.03041705724033361]], "inverted": false, "swapped": false, "error_lsq": 0.050440055703027745, "error_max": 0.43784169714576565, "target": "1038.xyz", "model": "21.xyz", "model_rescale": 4.186013935880536, "target_rescale": 4.241044991591399},
{"mapping": [1, 0, 4, 2, 10, 6, 3, 11, 8, 9, 12, 7, 14], "R": [[0.24592484579210855, -0.82262680156888, 0.5126461894549517], [-0.6818727938452946, -0.5227164461472034, -0.5116805741288705], [0.6888907484033591, -0.223724523170332, -0.6894757968895409]], "T": [-0.01587408287756769, 0.07105796281092824, 0.07794345201516165], "aligned_model": [[-0.01329152563450197, -0.4578238572634246, 0.34999147120044133, 0.48726639097140817, -0.36218413166885205, 0.6578369001207809, 0.047841498100715786, -0.5444516120217546, 0.3692032686405055, -0.21800940089752607, -0.47450254224844596, 0.20585828974351092, 0.010839286380368102], [-0.49286100328143767, 0.1513265325825308, 0.20033790729384082, -0.5115994907101158, -0.41286820683351566, -0.12071275682028404, -0.6603847512484311, -0.277699387831756, 0.5128330044023279, 0.6832641802476992, 0.2656314272241647, 0.10122215444278157, 0.08046705007828853], [-0.519453458833163, -0.6550865242887125, -0.6315380160514554, 0.29185827701635136, 0.4677453050872229, -0.2250182236343595, 0.11142625951320181, -0.05190383540527324, -0.1136214191238818, 0.18943340874442421, 0.6103587118854547, 0.6669893140746521, -0.03831023764911573]], "inverted": true, "swapped": true, "error_lsq": 0.04728025846345034, "error_max": 0.22710769807110925, "target": "1038.xyz", "model": "22.xyz", "model_rescale": 4.166573947596378, "target_rescale": 4.241044991591399},
{"mapping": [6, 1, 8, 4, 5, 10, 7, 9, 13, 12, 3, 2, 11, 14, 15], "R": [[0.19953934242686316, 0.9617174272419635, -0.18783940205120442], [-0.21999643647032238, 0.2307687815097762, 0.9478118681578392], [0.9548746612850374, -0.1478017578366108, 0.25762185779974767]], "T": [-0.09649927123562177, 0.012900909217413777, -0.04959198365206374], "aligned_model": [[0.5704415049599106, 0.1893486839635576, -0.8510769656560405, -0.5345726479077332, 0.4332972622749134, -0.09511101726497996, -0.12463570580568319, -0.4851110455349724, 0.3991911192473444, 0.3328976105425414, -0.4921066436532271, 0.021565070884158155, -0.15820286133930883, 0.18281452172940774, -0.0589257285119196], [-0.3516627101860937, -0.4083068471484695, 0.125128087533846, -0.45736502588094996, 0.20667855446981354, 0.7426949465534327, 0.41536099967573153, 0.25555794357432793, 0.6586975444749791, 0.018188008500262594, -0.3762013465042306, -0.6495281751612902, -0.2609189551427767, 0.6407003012140793, -0.012018706922506152], [-0.08688810170715562, -0.5485649622318746, -0.31810027728837414, -0.40567509235247656, -0.6601882811203674, -0.21793677544493562, -0.6400357695353459, 0.33841267976722056, -0.2820804383516388, 0.445354194966966, 0.18175384729639021, -0.04199208377724556, 0.687502770281572, 0.3426190458822317, -0.1018435873607563]], "inverted": false, "swapped": false, "error_lsq": 0.044149698267928986, "error_max": 0.3424946254356728, "target": "1038.xyz", "model": "23.xyz", "model_rescale": 4.274766983524099, "target_rescale": 4.241044991591399},
{"mapping": [0, 9, 12, 11, 7, 2, 1, 6, 4, 8, 14], "R": [[-0.9195396221037863, -0.20474404367244853, 0.33545008564893863], [-0.12680207948594957, -0.6533457149397736, -0.7463649304515018], [0.3719786499508604, -0.7288478945229181, 0.574815301318819]], "T": [-0.1516663140555942, 0.16054950083862335, -0.014643482229372132], "aligned_model": [[0.44328790243165084, 0.07823247837005706, -0.5306586871452379, -0.30186026526047116, -0.5917614050917179, -0.5970423620676969, 0.020719728766610684, 0.06556818464903338, 0.5438654834318236, 0.29766130286690107, -0.04811765699287801], [-0.2494239826905459, 0.695297036084271, 0.5667147308513247, -0.2617191696514282, 0.5501661283023198, -0.12645370907995473, -0.6383943316947287, -0.08517722715318482, -0.0963374104179539, 0.45610338775846726, 0.10481107893489715], [-0.48052631687769115, -0.3134356653612163, -0.48693522766860337, -0.4804944873135668, 0.21243656001147604, 0.5834108048361439, 0.06821871487363494, 0.6744688614097682, 0.30812500251666475, 0.2868518684430691, 0.007446319151897741]], "inverted": true, "swapped": true, "error_lsq": 0.048476046436553906, "error_max": 0.2699692099166562, "target": "1038.xyz", "model": "24.xyz", "model_rescale": 3.7841303162186577, "target_rescale": 4.241044991591399},
{"mapping": [0, 1, 5, 4, 8, 12, 2, 13, 9, 10, 6, 6, 11, 14, 15], "R": [[-0.1729416445190864, 0.5044144128634517, -0.8459652993395492], [-0.7941425754115615, 0.4366468892468604, 0.42270209844491224], [0.5826051471706426, 0.7449198575730541, 0.32506252980559686]], "T": [0.05175443225512787, 0.017179260039701192, -0.05121998612425625], "aligned_model": [[0.6185409486475014, 0.24478750775800912, -0.680049456195028, -0.415231027769229, 0.3551240422996141, -0.38698924416874875, -0.11515174007103576, -0.4285309937646749, 0.2108285865529437, 0.6285505699671893, -0.32844302502507, -0.32844302502507, -0.15141561141272689, 0.10126958994370211, 0.004966036190592306], [-0.43387417239194065, -0.44447369859601465, 0.2934697160413244, -0.29985060713237593, 0.00786621732342541, 0.6353235462240874, 0.3667640915741741, 0.3320051583875834, 0.5686507850017745, 0.21701698895978938, -0.5873427169220292, -0.5873427169220292, -0.20945298120299335, 0.720303483019069, -0.03205847431368858], [-0.180192057825943, -0.601357397457091, -0.4480390862383131, -0.5391964059490773, -0.558504847494753, -0.07516856194395925, -0.6983102449967452, 0.4800149530066954, -0.16398203256082838, 0.4310934004800434, 0.05845920557126093, 0.05845920557126093, 0.6536114332577126, 0.31273542121199593, -0.03728581560804859]], "inverted": false, "swapped": false, "error_lsq": 0.04960682339996776, "error_max": 0.3204440651790677, "target": "1038.xyz", "model": "25.xyz", "model_rescale": 4.19342608120988, "target_rescale": 4.241044991591399},
{"mapping": [12, 11, 10, 8, 7, 9, 2, 4, 3, 0, 1, 14], "R": [[-0.10476232284967207, -0.8884662399956189, -0.44682501731571467], [0.18429680738403031, 0.4241707413524725, -0.8866306271320361], [0.9772714784025958, -0.17523390815861378, 0.11930437935073374]], "T": [-0.1490131563604928, -0.016420103855608385, -0.028702275981630616], "aligned_model": [[-0.3108599542416642, 0.42567622548274675, 0.2163625734419197, -0.586789290913905, -0.5336733374504116, -0.5692696235701863, -0.036085448597818606, -0.11362020183367297, 0.3652757961724833, 0.3186440682092522, 0.5405380691786397, -0.11839032124560246], [-0.7273459235575245, -0.2965477824884232, -0.478325879722257, 0.35181626091858187, -0.2304985305693194, -0.30646393127073945, 0.28933012390751633, 0.7036778993740532, 0.08808362315829144, 0.11160129076952077, 0.42982244673881603, 0.07762683048246415], [-0.036118382655356156, 0.0669366808003668, -0.42770641444558405, 0.2012996578214079, -0.47954273937643016, 0.3803750148297403, -0.7581978057596785, 0.3375504588215275, -0.5432652575014942, 0.6812292949172182, -0.011938254740273012, 0.03863620849797627]], "inverted": false, "swapped": true, "error_lsq": 0.05321348568016763, "error_max": 0.2454018790826307, "target": "1038.xyz", "model": "26.xyz", "model_rescale": 3.795458400668931, "target_rescale": 4.241044991591399},
