[{"mapping": [1, 11, 0, 1, 12, 5, 8, 3, 10, 2, 7, 9, 6, 13], "R": [[-0.34316608966602685, 0.913444229974174, 0.2187616822714086], [0.9123469410207915, 0.26879281056023946, 0.30882597721229926], [0.2232937395300925, 0.3055651546201162, -0.9256186267403286]], "T": [0.059885961721058985, 0.12425504684231622, -0.013108983507199495], "aligned_model": [[0.5770122811981181, -0.43519581718994005, 0.686004389824509, 0.5770122811981181, 0.3352277060645818, -0.10259098127686397, -0.7192759080258057, 0.21276353103066092, -0.2841602840941132, 0.2153186772595154, -0.49697505280682996, 0.05925377796197754, -0.3394732275559796, -0.06562139140023149], [0.08493205037491387, -0.24492335596891732, 0.08361360852784462, 0.08493205037491387, -0.3849439267363348, 0.320001571776802, 0.18282822130878879, 0.6239216793284862, -0.8208008282877572, 0.5950083813329587, -0.0945643932168759, -0.29881320119194454, 0.7761772201849864, 0.04704708633803813], [-0.26624567597967963, -0.338167716556087, 0.43604179525381126, -0.26624567597967963, -0.008298879358624126, -0.7256297210381992, -0.020531623751072398, -0.02583733688267198, 0.049584702492606464, 0.5746751728086935, 0.4488632511851257, 0.5850181180465943, -0.020592434035483692, 0.05636545353734766]], "inverted": true, "swapped": false, "error_lsq": 0.04577424743524195, "error_max": 0.3636022485214965, "target": "1039.xyz", "model": "0.xyz", "model_rescale": 3.8414455957264533, "target_rescale": 3.9684926159957588},
{"mapping": [5, 6, 1, 3, 10, 2, 9, 4, 8, 0, 9, 12, 7, 14], "R": [[-0.411346871633899, -0.14331809226759212, -0.9001409198707626], [-0.7850593832597552, -0.44606355753716753, 0.4297779279966562], [-0.4631150137415301, 0.8834518815793331, 0.07097363581724098]], "T": [0.006544433870133912, 0.07699657516097849, 0.11288431437802884], "aligned_model": [[0.3110119817101189, -0.2625810151999984, 0.8011390512606154, 0.7351756273395187, 0.2919744479436939, -0.1210456041124628, -0.6735765538802204, 0.2278212817278012, -0.4033198452485368, 0.0840198083189956, -0.6735765538802204, 0.17048137760144194, -0.3600310120947213, 0.09180699070169125], [-0.08028974538804401, -0.27305033847085414, 0.2118499046833449, 0.2301739949347186, -0.5142767048851979, 0.37384232231936854, 0.13093937628245478, 0.5402032987550106, -0.5703454680439428, 0.6481803952324586, 0.13093937628245478, -0.5340514636600491, 0.604778719968933, 0.05552249613524688], [-0.4500395798234431, -0.5313717098105467, 0.4274186760931652, -0.13003572187854537, -0.08026566822562883, -0.5505974956363883, 0.10694325200732159, -0.06681911538236146, 0.30591785887841183, 0.552502307128242, 0.10694325200732159, 0.539539346693466, 0.11772705871408586, 0.13113696897758093]], "inverted": false, "swapped": false, "error_lsq": 0.053830397075892676, "error_max": 0.34984819535408596, "target": "1039.xyz", "model": "1.xyz", "model_rescale": 4.316132596720782, "target_rescale": 3.9684926159957588},
{"mapping": [10, 12, 6, 4, 1, 11, 0, 2, 5, 9, 7, 13], "R": [[0.10425926590486306, -0.9821975958217759, 0.15626224187212473], [-0.9652928582842895, -0.06210606710384248, 0.25367801279227886], [-0.23945710099791495, -0.17728710948858173, -0.9545834576352441]], "T": [-0.15584701833014172, 0.02584109417146709, -0.10672164787764155], "aligned_model": [[-0.13068350996385045, 0.511187649966072, 0.1872592694713184, -0.5203947566460745, -0.3527225877978486, -0.6541498078319057, -0.15670304405673066, -0.2700339640125356, 0.3043543569670908, 0.276876737907077, 0.48344211156680383, -0.08062390093763575], [-0.6453058549883999, -0.2795660221011222, -0.7116479101373075, 0.4094209364216848, -0.23576868815171745, -0.06643250370579014, 0.425734904377993, 0.7112851160502953, -0.03461662884848625, 0.032684246703065814, 0.3927422761631143, 0.014246555957650611], [0.11306237028385216, -0.024035398068478903, -0.44572312435938866, -0.013184585142248018, -0.6264077685122134, 0.4412732142687887, -0.4815640800168161, 0.5417532670658864, -0.701541530949086, 0.5768334322173709, 0.08092577368568185, -0.012133109263927716]], "inverted": true, "swapped": true, "error_lsq": 0.05332285985510373, "error_max": 0.33141317787452995, "target": "1039.xyz", "model": "2.xyz", "model_rescale": 3.795458400668931, "target_rescale": 3.9684926159957588},
{"mapping": [10, 12, 1, 3, 11, 4, 0, 9, 7, 2, 8, 13], "R": [[0.5970276091458162, 0.4125557054697361, 0.6880085928256993], [0.2781765402181813, -0.9108837856790712, 0.3048090245698222], [0.7524465737777487, 0.009408446807643106, -0.6585860875685081]], "T": [-0.10232713525981663, -0.026888891753254016, 0.04676860590099522], "aligned_model": [[-0.19140603266663125, -0.003625822576225457, -0.7141094056822813, 0.23225061550409953, 0.21923271071802009, 0.05742371664949003, -0.25880247122682865, 0.5991361752849053, 0.3688001645182483, 0.7297739634137327, -0.43836193034468496, -0.007007857848279286], [-0.09858752864436804, -0.6996821878595435, 0.027211930147986795, 0.037468909278114054, 0.5521461168793916, 0.39717832823170107, -0.045723396689476656, -0.3122347494234742, -0.5616403000903459, 0.3034590930144272, 0.5691391351289006, -0.08296630468360393], [-0.6505840306207661, -0.240725746870416, 0.038468804278470305, 0.704680956798101, -0.2973769738495516, 0.33560141090349344, 0.5717289585099968, -0.23796142578235782, 0.3124726187723691, 0.3659391740160982, -0.21014599695888228, -0.003326318557454973]], "inverted": false, "swapped": true, "error_lsq": 0.045166106316541915, "error_max": 0.2229343141707752, "target": "1039.xyz", "model": "3.xyz", "model_rescale": 3.7530521520055578, "target_rescale": 3.9684926159957588},
{"mapping": [10, 9, 11, 2, 8, 7, 1, 12, 5, 0, 13], "R": [[-0.7262251558356932, 0.6868671214356186, -0.02847069584978132], [-0.6638551571256561, -0.6899320891063535, 0.288600143414749], [0.17858710308724407, 0.2284891023924128, 0.9570263197523964]], "T": [0.0036992892448035955, -0.08152562253743137, 0.09665898161938466], "aligned_model": [[-0.4348742297261539, -0.2642572595092974, 0.3631957999866331, 0.5876344690099933, 0.3112202525768978, -0.22505361485092754, -0.05925616814476765, -0.6920860922188565, -0.4302008862626033, 0.23500507564756334, -0.05312774406327603], [-0.57178274142408, 0.21040982983102782, -0.47385119493708117, 0.36639822194514715, -0.7394020082392516, 0.6150559666660316, -0.4112043457398371, 0.12372767881146784, 0.17002982519633456, 0.21841503344427568, -0.04059290723968831], [-0.16156121510717494, -0.6086900136322794, -0.426754201091058, -0.5048190448963445, 0.1791418510325145, -0.10573870172005664, 0.6110730967961849, -0.04045249314961202, 0.6603092542224013, 0.4928355549038401, -0.0025133101130984936]], "inverted": true, "swapped": true, "error_lsq": 0.04199130518537911, "error_max": 0.2135610341531908, "target": "1039.xyz", "model": "4.xyz", "model_rescale": 3.7855080009869324, "target_rescale": 3.9684926159957588},
{"mapping": [3, 1, 15, 9, 14, 0, 4, 10, 12, 8, 6, 13, 7, 16], "R": [[0.9612528543231761, 0.05686880950166438, -0.269738555941509], [-0.1889468746875979, 0.8484092283608548, -0.4944702819967328], [0.20072874383440037, 0.5262772270752389, 0.8262809762185387]], "T": [-0.004945713261724494, 0.04297066240539887, 0.021826550688135354], "aligned_model": [[0.3308176245563294, -0.49040360079915085, 0.6686539975759287, 0.6618462804032039, 0.4842122131753195, -0.3376220610127507, -0.6785221777681791, 0.3778699010783644, -0.08189742647428089, 0.14718358737929307, -0.5270889345956136, -0.0368625369697618, -0.33792622775387743, 0.03903934339289278], [0.2219025698822865, -0.37137836480538267, 0.09862310465177157, 0.09749784871002809, -0.42437601137558817, 0.08987895027920445, 0.2563104054117326, 0.6612001030662373, -0.627550795224861, 0.35082984300313985, 0.1551102372581841, -0.2759493009200943, 0.7078722121231155, 0.014445362086128951], [-0.559261186975638, -0.3852968483772443, 0.4935090094644823, -0.2217493971948459, 0.0248278908102339, -0.6821620454526686, -0.19676366954672395, 0.0688248292937578, 0.10868662034731272, 0.6361467235392168, 0.3971507308762342, 0.671548808450831, 0.11347467138588074, 0.010063293121851863]], "inverted": false, "swapped": false, "error_lsq": 0.04536135523124335, "error_max": 0.28478452793001335, "target": "1039.xyz", "model": "5.xyz", "model_rescale": 4.2253639853439635, "target_rescale": 3.9684926159957588},
{"mapping": [3, 2, 12, 7, 6, 4, 10, 0, 5, 9, 8, 11, 1, 13], "R": [[0.8950125255772671, -0.3035926238067093, 0.32677836193658855], [0.38591079573446413, 0.15969094676602869, -0.9086097397984254], [0.22366366892142958, 0.9393243956648458, 0.2600850686092492]], "T": [-0.031289225355209435, 0.09479546894808216, 0.05670871256214513], "aligned_model": [[0.3728229019089333, -0.2685163047719804, 0.7366831426616327, 0.7489003116618679, 0.327063553120794, -0.20730382028830968, -0.789215502885156, 0.424931117462874, -0.3501688687421998, 0.013555449723203009, -0.5106107052591912, 0.17767396494205295, -0.45586405834201116, -0.000651199004792536], [0.006070004310724353, -0.2952472797339876, -0.024802414662015382, 0.08552889990896459, -0.41348316110646993, 0.3628159630939369, -0.029419128604229183, 0.7451652701246312, -0.4473689500867252, 0.5250565198818985, 0.12726481714047674, -0.4561528864387951, 0.6851119945085773, 0.08387651580891536], [-0.5193387275166008, -0.43498385300007425, 0.57367926556069, -0.08685184279424038, -0.10746829103916769, -0.5742391373389972, -0.07978658396361402, -0.05258341818442776, 0.12822641817915012, 0.48736032425287446, 0.6180121384641336, 0.5649843106489251, -0.04313312637665573, 0.00512195285068609]], "inverted": false, "swapped": false, "error_lsq": 0.04597709493706646, "error_max": 0.2856826943418896, "target": "1039.xyz", "model": "6.xyz", "model_rescale": 3.89814844738969, "target_rescale": 3.9684926159957588},
{"mapping": [10, 6, 12, 8, 9, 5, 1, 11, 4, 0, 7, 2, 13], "R": [[0.08328668001366424, -0.5993976274754823, -0.7961066593799254], [-0.21624894640605685, -0.7907166286253333, 0.5727159910406354], [-0.9727793799780977, 0.1244576128332445, -0.1954752682496647]], "T": [-0.1492796076908927, 0.058684963477294745, 0.004682714428485276], "aligned_model": [[0.21313464872588012, -0.09309811056134185, 0.3110715857077798, -0.4449661915202855, 0.6321987737525225, -0.42016007738136213, -0.6180724036350431, 0.10139004177778588, -0.3365809661054928, -0.5649270158807137, 0.2219741355866332, 0.17747603322229039, -0.03080865278443018], [-0.2686177492078734, 0.17107298159562048, 0.46893429516298546, -0.6000124435514287, 0.18400057308386353, 0.6335383211874823, -0.028508616175025862, -0.593271320236707, -0.12738899270305618, 0.35214617810027554, 0.6793272379043531, 0.008646959812563117, 0.08391384049743325], [-0.5061061707030506, -0.8675251335216282, -0.4012951616612644, -0.10872396798640636, 0.17240797429661547, -0.40203404655505537, -0.3824915695560135, 0.26781041496648644, 0.47273443695983874, 0.20849730843646708, 0.24025106770850044, 0.8958161670187116, 0.012933711433094368]], "inverted": true, "swapped": true, "error_lsq": 0.042400591900578474, "error_max": 0.2594558848912762, "target": "1039.xyz", "model": "7.xyz", "model_rescale": 3.7474275329858107, "target_rescale": 3.9684926159957588},
{"mapping": [9, 4, 10, 7, 11, 8, 2, 5, 13, 0, 1, 12, 3, 14], "R": [[0.6834369917919316, -0.17030924660908822, -0.709865225778697], [0.59875661332267, 0.6870618903758059, 0.41162662304033637], [0.4176175238813169, -0.7063573594949438, 0.5715372992505114]], "T": [0.0360059937925654, 0.06576823426070205, 0.0995313810674334], "aligned_model": [[0.47388265503334526, -0.48645025908889516, 0.6241483808552571, 0.6784805667888276, 0.5153088112840144, -0.21397902853904793, -0.7805960426636849, 0.3064218169787417, -0.2685781642556766, -0.021023310580869994, -0.528493959483105, 0.09911154298864662, -0.16224184492545835, -0.01669118220437793], [-0.03287191535547454, -0.24296661146164206, 0.10032670306924088, 0.24727348416716163, -0.318476828154366, 0.22581833636343518, 0.22185753492504948, 0.567734374276978, -0.7735763367303379, 0.49572527400905786, 0.11526563053215316, -0.43625363402719625, 0.7465414577484755, 0.0380186947833681], [-0.5159965147364239, -0.39437964807383785, 0.5771898411223879, -0.03522728927953003, 0.004113894492559, -0.5145547442303884, -0.032327407503774025, -0.3339737986820026, -0.004588792321201615, 0.5956138742482293, 0.593182705955725, 0.4525672889022381, -0.007146402984875289, 0.09452642283357555]], "inverted": true, "swapped": false, "error_lsq": 0.052130006090391756, "error_max": 0.3415668873054022, "target": "1039.xyz", "model": "8.xyz", "model_rescale": 4.019505241142653, "target_rescale": 3.9684926159957588},
{"mapping": [4, 0, 1, 8, 11, 10, 6, 2, 9, 7, 5, 12, 13], "R": [[0.7349250742705067, 0.03556022102592066, -0.677215331994985], [0.6134308564693012, -0.4606038191464599, 0.6415190613840204], [-0.28911540868627095, -0.8868932249534228, -0.36032303283565936]], "T": [-0.03543524611022458, -0.09342102065913889, -0.053069426578708334], "aligned_model": [[-0.3075029825883237, -0.5626460144963066, -0.03292180187444649, 0.23759846600153572, 0.33239956591795844, 0.6578738368105714, 0.43672078917859736, -0.33264505161703256, 0.24805638458597462, -0.31345903859656665, -0.28763546294305337, 0.22997307478389156, 0.01388900657837639], [-0.5353219051985871, -0.00022547440703966914, 0.2421833435213246, -0.3452885572597459, -0.735023635014557, 0.04215827739451279, 0.6434342327679426, -0.8779678603125439, -0.2925310769455024, 0.026563103295266177, 0.6176313219145989, 0.3842520837489752, -0.10648562539058602], [-0.1926419382279059, -0.17048338235092025, -0.5674979691205555, -0.6825050798083507, -0.15387662940579797, -0.07087991893330733, -0.15625358766606842, 0.3936345793415129, 0.6780474630382451, 0.6446591772358625, -0.04594537259082068, 0.44335035527105093, 0.05709579726093403]], "inverted": true, "swapped": true, "error_lsq": 0.04545272075391816, "error_max": 0.2751372174503196, "target": "1039.xyz", "model": "9.xyz", "model_rescale": 3.877068213659057, "target_rescale": 3.9684926159957588},
{"mapping": [9, 8, 13, 14, 2, 11, 0, 6, 7, 3, 1, 4, 12, 15], "R": [[0.11424118212181592, -0.09470634082471785, -0.9889285420671219], [-0.977611653488274, -0.18777572575702742, -0.09495120736644325], [-0.17670429330192794, 0.9776354053654226, -0.11403774333374114]], "T": [0.06036770775318792, 0.1323661502646837, 0.053587709448857684], "aligned_model": [[0.2974717425775955, -0.30770106837888134, 0.7822532986929743, 0.7543087949407755, 0.42625757002903, -0.2625526465201803, -0.6857861053139964, 0.3328012916863333, -0.21172151300615447, 0.0631004206697115, -0.6895074846576061, 0.04780997108739743, -0.30464235676068163, -0.022791932858600372], [-0.18735434446666185, -0.3507158486415979, 0.14171301001127212, 0.10017900228530921, -0.4212360869537206, 0.38157872259430137, 0.3048544680715568, 0.6791260024972459, -0.6180268363148685, 0.4005937578758828, -0.18947285526281551, -0.22687260879557877, 0.7834186327509302, 0.15663114849464724], [-0.4729156483926502, -0.42231153847810665, 0.33005167775225985, -0.302686485036862, 0.055715990456680575, -0.56144953727082, -0.16382503879568983, 0.13807546866175546, 0.22436355977788563, 0.6287466661934377, 0.3485681503790654, 0.6270687439945924, 0.02051909040289683, 0.029078330098235433]], "inverted": true, "swapped": false, "error_lsq": 0.03873926190265633, "error_max": 0.23212242630124885, "target": "1039.xyz", "model": "10.xyz", "model_rescale": 4.260839863003843, "target_rescale": 3.9684926159957588},
{"mapping": [11, 9, 7, 2, 0, 4, 8, 10, 12, 5, 1, 13], "R": [[0.8378210936411573, 0.08598581301288621, -0.5391310184087429], [0.20455502986476604, 0.8661408252556002, 0.4560233662681909], [0.5061749251068842, -0.4923479570243598, 0.7080822229141042]], "T": [-0.013741505020097284, 0.0985720891212757, -0.002023947797295207], "aligned_model": [[0.27826323344917114, 0.14878151522206068, -0.358550198728928, -0.46245509155477504, -0.5059054633352951, -0.32086489617900665, 0.3007296920663098, 0.6880374890064453, 0.24709591694185365, -0.17141265447303394, 0.0957542969318355, 0.01942480974749311], [0.13932357914280785, -0.6664245101020173, -0.5555255521721539, -0.3214107664787898, 0.2841027549897686, 0.2632860199262743, 0.6830692081402782, 0.03028952100147396, -0.4184694522851774, 0.13727899970996432, 0.6147774231365185, -0.017218719476013694], [-0.687728698110327, -0.20917291965204837, 0.17625073960337515, -0.7270497399356951, 0.15216960366144514, -0.41107440263012673, -0.30803847287893354, 0.04509482333659375, 0.4558817794553393, 0.7347885922006459, 0.3123262622069982, -0.017269489861762168]], "inverted": true, "swapped": true, "error_lsq": 0.04228045489884638, "error_max": 0.21098980687555474, "target": "1039.xyz", "model": "11.xyz", "model_rescale": 3.890672605050136, "target_rescale": 3.9684926159957588},
{"mapping": [10, 7, 1, 2, 4, 12, 5, 11, 3, 6, 8, 0, 9, 13], "R": [[-0.41660336096757067, -0.7803755384441041, 0.4663214112911809], [0.9003865167195472, -0.4249991801149824, 0.093165537680162], [0.12548211083722244, 0.45868258730811595, 0.8796956996371914]], "T": [0.028569710339293387, 0.1570590682499272, 0.1279642903920595], "aligned_model": [[0.4163820724258943, -0.549911236551059, 0.5549083646530679, 0.6789809601158533, 0.36606237333149555, -0.21017043052934578, -0.6845502799637596, 0.41649179643172757, -0.16140120677835312, -0.01805390145386566, -0.49208208433068507, 0.19130370893478843, -0.27132458701933954, -0.01733556707870237], [0.2601099621838478, -0.30944057929878177, 0.06453927361602724, 0.08819842261046361, -0.37396295963152504, 0.13077166235683307, 0.31562486734049444, 0.5270164650961303, -0.739347196641754, 0.4939046603840612, -0.11222470766850837, -0.28032640089810035, 0.8411566433765433, 0.04839605132017147], [-0.6711117945427814, -0.2900094446657464, 0.6933897929706964, -0.15093990698205254, -0.1805342544282418, -0.5773329974054385, -0.13903561339819118, 0.003826691189693865, 0.24385223158725322, 0.5931735227001929, 0.5470096370696873, 0.48977382153586035, -0.09088345151782959, 0.007821195629578379]], "inverted": true, "swapped": false, "error_lsq": 0.06052427330810822, "error_max": 0.3884507616372156, "target": "1039.xyz", "model": "12.xyz", "model_rescale": 4.124412569039231, "target_rescale": 3.9684926159957588},
{"mapping": [10, 9, 2, 6, 11, 8, 12, 1, 7, 5, 4, 3, 13], "R": [[0.7832593906431717, -0.6064990040690353, 0.13661509811348008], [0.5978992480066913, 0.7950818459423665, 0.10179070431975851], [-0.17035614518508238, 0.0019535393897767497, 0.9853806206139495]], "T": [0.14646818617993096, 0.03888154034026223, -0.0759836881561321], "aligned_model": [[-0.2837593450418512, -0.007352512378976078, 0.8313921589447912, -0.6688636825018316, 0.5468677177424597, 0.3989515863444363, -0.5110184645093923, -0.004212896946683087, -0.00985238677674119, -0.3415936644720259, 0.6831393520131868, 0.6277138064794775, 0.10588663861290748], [-0.26279499405689366, 0.6076980059275505, 0.6176552466113472, -0.29229649151664727, -0.1577489002212759, -0.6291443636868372, 0.3556650742683075, -0.45476491563349875, 0.7800491546240859, 0.0991379651135342, 0.04880313651956182, 0.5143853711586825, 0.1208410874005605], [0.3965329614257018, 0.4783909565057185, 0.2391226898592087, -0.12168940321825522, 0.5224602447218121, 0.07947508351520008, 0.03539525098353144, -0.4089727566448214, -0.1449261988295078, -0.6481863870374628, -0.1017393222884478, -0.3780294117515888, 0.003864373726750109]], "inverted": false, "swapped": true, "error_lsq": 0.04008813351694648, "error_max": 0.22633471055775456, "target": "1039.xyz", "model": "13.xyz", "model_rescale": 3.9028299243045295, "target_rescale": 3.9684926159957588},
{"mapping": [1, 3, 14, 11, 9, 2, 0, 12, 7, 13, 4, 10, 8, 15], "R": [[0.0041466947113337205, -0.9721306254939195, -0.23440318235845659], [-0.8872514694812308, -0.11170109746295676, 0.4475574764529886], [-0.46126742224697315, 0.20611868377799203, -0.862987516347288]], "T": [-0.036560182901442875, 0.09959378587020568, -0.027248041877782375], "aligned_model": [[0.35685183244291685, -0.46334241612154003, 0.6767705074991963, 0.6945210311920399, 0.4536436906657977, -0.269186906652281, -0.8403152249233393, 0.34120225274839, -0.04944880501522296, 0.24737929099470818, -0.5689994475249889, 0.009693785365580895, -0.3808757385903597, 0.01140613010681877], [0.13312132832875395, -0.27900115619095045, -0.02969745486745265, 0.12561090377862155, -0.5005664242233607, 0.4067854738212096, 0.23312513760293044, 0.6808956379117188, -0.7604814069468357, 0.48206155725287775, -0.1038739979891487, -0.22000525102464252, 0.7893175597900777, -0.0028757430978963577], [-0.5432922704301281, -0.2786684875291404, 0.4801903819570873, -0.13068911840574995, -0.008450674408341324, -0.6546775947413278, -0.18009966854082962, 0.03295152610985837, 0.25688661274552693, 0.6097355770735866, 0.3394569680432835, 0.6443691318785271, -0.07452460433726468, -0.01418834967240721]], "inverted": true, "swapped": false, "error_lsq": 0.04134267506567799, "error_max": 0.23792787346367106, "target": "1039.xyz", "model": "14.xyz", "model_rescale": 3.942246331269136, "target_rescale": 3.9684926159957588},
{"mapping": [10, 6, 3, 4, 4, 9, 7, 5, 11, 1, 8, 13, 2, 14], "R": [[-0.7105637139489102, 0.703257362219402, 0.02298457968596007], [0.12874686994822349, 0.09783154019277096, 0.9868400241285544], [0.6917538954698172, 0.7041719053098605, -0.16005772669450946]], "T": [0.01477719779986763, 0.06852827966602976, 0.07994929334179732], "aligned_model": [[0.30957499563500845, -0.3874251819617058, 0.6467266593809776, 0.5003450467041662, 0.5003450467041662, -0.17033665769624273, -0.7457494973614708, 0.21877000368582591, -0.1258697788374242, 0.2542967756761052, -0.6670298480441426, 0.22659493919491627, -0.316874855173925, -0.024067665718538085], [-0.18839026284676869, -0.1569951255422741, 0.30451093587810535, -0.25548457127458296, -0.25548457127458296, 0.33839630872320864, 0.34559334655209994, 0.6648528939868792, -0.6290266234907378, 0.6253549469304507, -0.2061678018012852, -0.5194603126541777, 0.7537601855236793, 0.13295681543588905], [-0.5167814976752346, -0.23653424296901807, 0.3279412175552383, 0.026065033502830903, 0.026065033502830903, -0.6556228741091745, -0.19539340728313162, 0.005360770826746825, -0.008065533257428467, 0.6177372350230939, 0.32186279307208776, 0.599884391442433, 0.02416336686881941, 0.14231714324258762]], "inverted": true, "swapped": false, "error_lsq": 0.05588284665994142, "error_max": 0.453147542732655, "target": "1039.xyz", "model": "15.xyz", "model_rescale": 4.355366556412066, "target_rescale": 3.9684926159957588},
{"mapping": [10, 12, 6, 4, 1, 11, 0, 2, 5, 9, 7, 13], "R": [[0.10425926590486306, -0.9821975958217759, 0.15626224187212473], [-0.9652928582842895, -0.06210606710384248, 0.25367801279227886], [-0.23945710099791495, -0.17728710948858173, -0.9545834576352441]], "T": [-0.15584701833014172, 0.02584109417146709, -0.10672164787764155], "aligned_model": [[-0.13068350996385045, 0.511187649966072, 0.1872592694713184, -0.5203947566460745, -0.3527225877978486, -0.6541498078319057, -0.15670304405673066, -0.2700339640125356, 0.3043543569670908, 0.276876737907077, 0.48344211156680383, -0.08062390093763575], [-0.6453058549883999, -0.2795660221011222, -0.7116479101373075, 0.4094209364216848, -0.23576868815171745, -0.06643250370579014, 0.425734904377993, 0.7112851160502953, -0.03461662884848625, 0.032684246703065814, 0.3927422761631143, 0.014246555957650611], [0.11306237028385216, -0.024035398068478903, -0.44572312435938866, -0.013184585142248018, -0.6264077685122134, 0.4412732142687887, -0.4815640800168161, 0.5417532670658864, -0.701541530949086, 0.5768334322173709, 0.08092577368568185, -0.012133109263927716]], "inverted": true, "swapped": true, "error_lsq": 0.05332285985510373, "error_max": 0.33141317787452995, "target": "1039.xyz", "model": "16.xyz", "model_rescale": 3.795458400668931, "target_rescale": 3.9684926159957588},
{"mapping": [10, 6, 12, 8, 9, 5, 1, 11, 4, 0, 7, 2, 13], "R": [[0.08328668001366424, -0.5993976274754823, -0.7961066593799254], [-0.21624894640605685, -0.7907166286253333, 0.5727159910406354], [-0.9727793799780977, 0.1244576128332445, -0.1954752682496647]], "T": [-0.1492796076908927, 0.058684963477294745, 0.004682714428485276], "aligned_model": [[0.21313464872588012, -0.09309811056134185, 0.3110715857077798, -0.4449661915202855, 0.6321987737525225, -0.42016007738136213, -0.6180724036350431, 0.10139004177778588, -0.3365809661054928, -0.5649270158807137, 0.2219741355866332, 0.17747603322229039, -0.03080865278443018], [-0.2686177492078734, 0.17107298159562048, 0.46893429516298546, -0.6000124435514287, 0.18400057308386353, 0.6335383211874823, -0.028508616175025862, -0.593271320236707, -0.12738899270305618, 0.35214617810027554, 0.6793272379043531, 0.008646959812563117, 0.08391384049743325], [-0.5061061707030506, -0.8675251335216282, -0.4012951616612644, -0.10872396798640636, 0.17240797429661547, -0.40203404655505537, -0.3824915695560135, 0.26781041496648644, 0.47273443695983874, 0.20849730843646708, 0.24025106770850044, 0.8958161670187116, 0.012933711433094368]], "inverted": true, "swapped": true, "error_lsq": 0.042400591900578474, "error_max": 0.2594558848912762, "target": "1039.xyz", "model": "17.xyz", "model_rescale": 3.7474275329858107, "target_rescale": 3.9684926159957588},
{"mapping": [2, 7, 4, 6, 9, 1, 11, 0, 12, 8, 10, 5, 3, 13], "R": [[-0.7889863623589024, 0.551274776624399, -0.27128700792589716], [0.002259941724246317, 0.4441410391782288, 0.8959540334085706], [0.6144065532487996, 0.7062824208313568, -0.3516670717447515]], "T": [-0.039193753261149725, 0.0687347061145885, 0.011995180003045402], "aligned_model": [[0.3634526255468008, -0.30793966091027364, 0.6438340439551374, 0.7047532246832019, 0.3627995110670604, -0.2471264885936859, -0.7441103696596787, 0.49350039865496975, -0.26369818530787653, 0.06316354928099434, -0.4816247924152495, 0.03674629250137669, -0.4473828680807044, 0.04293270146564432], [0.1369633667293189, -0.3782253871155259, 0.11977023206978894, -0.08554276194866282, -0.4660237835474083, 0.4962643715028238, 0.04646493305423964, 0.6982248693858981, -0.6292970826009608, 0.5342250617685148, 0.04575988160902957, -0.2692138457616074, 0.5987201694641009, 0.10632613953635366], [-0.5685678805797365, -0.5315318149271723, 0.4811371897836107, -0.12119704317755468, -0.0006119221717194208, -0.49049937678322414, -0.14399611122548434, -0.12628520775998944, 0.1589179666885927, 0.5502294808685486, 0.541302560922128, 0.6470100006211639, 0.12639026945301, -0.043298681969491645]], "inverted": true, "swapped": false, "error_lsq": 0.0456983803842291, "error_max": 0.22061942533136022, "target": "1039.xyz", "model": "18.xyz", "model_rescale": 3.922800546911778, "target_rescale": 3.9684926159957588},
{"mapping": [2, 1, 7, 9, 3, 10, 6, 11, 5, 13, 8, 12, 4, 14], "R": [[-0.5815065654943419, -0.791038835269572, -0.19002019730106046], [-0.6633870875931956, 0.5962664017070476, -0.4520884318470755], [0.4709221658635243, -0.13683544603168077, -0.8714977764789298]], "T": [-0.05392751088426673, -0.006225935674754976, 0.05016301843346659], "aligned_model": [[0.22697306915283327, -0.4797998396703156, 0.6644347375765634, 0.6158896200500361, 0.45747161757198895, 0.00486113715271088, -0.6152632961031582, 0.2838796347411543, -0.2606613169345794, -0.025353603180426315, -0.5797920066083116, 0.20992859889463622, -0.3217809391328946, 0.03851256867747961], [-0.09003758502709981, -0.36373113476831703, 0.14421056693734274, 0.1585867006306354, -0.38735038203778993, 0.5574700722227898, 0.24885069862892611, 0.6185863852144147, -0.6860008041493326, 0.413315061005274, -0.016884041038396705, -0.31651314720174567, 0.6660488415101995, 0.007864932219001978], [-0.6034419343900618, -0.4385146014052834, 0.3656555820966953, -0.38218521151085727, 0.09878740926520455, -0.5237632423402165, -0.25903888773483036, 0.10250333557331354, 0.3289119768387625, 0.5932860530429792, 0.3628027327190518, 0.7230046374357854, 0.03718981418231045, 0.07380176596982786]], "inverted": true, "swapped": false, "error_lsq": 0.049207057883106, "error_max": 0.3471852731772394, "target": "1039.xyz", "model": "19.xyz", "model_rescale": 3.9282355846067225, "target_rescale": 3.9684926159957588},
{"mapping": [11, 9, 3, 0, 4, 10, 12, 1, 8, 5, 7, 6, 2, 13], "R": [[0.8719923916488442, 0.31598020024036, 0.3738793681959338], [-0.40890339648043783, 0.8900653411932115, 0.20144900286021322], [-0.26912317115642503, -0.3285425413286297, 0.9053355826896651]], "T": [-0.035783557015910364, -0.006152028686930364, 0.1045191801993885], "aligned_model": [[0.21165556531357615, -0.3970183886238504, 0.6490384492366745, 0.6260991096850915, 0.45556243642077315, -0.20324469838539583, -0.7857408658260171, 0.3968482572284081, -0.06992950166187312, 0.10197274089118476, -0.5864988793277296, -0.008203946607145865, -0.21298947407426355, 0.04174917791828418], [-0.1841788837537272, -0.39561476594680056, 0.10603189950045855, 0.1799771740742903, -0.39123580202318053, 0.5151204635477324, 0.017365745241071276, 0.6054893484945018, -0.7660495049565917, 0.38829312082791045, 0.1592478108509055, -0.1958701653499415, 0.797010645758965, 0.11882907788030922], [-0.5438969600545334, -0.33848533214446713, 0.3957040959319659, -0.3047047726639321, 0.00624686880576053, -0.5606620762729793, -0.29523736388630756, 0.08950800669818385, 0.101134043360218, 0.6640961442175104, 0.3442133670948366, 0.7290913920115056, 0.15188996968302126, 0.040102046961897994]], "inverted": true, "swapped": false, "error_lsq": 0.047520727050795804, "error_max": 0.24958289321208868, "target": "1039.xyz", "model": "20.xyz", "model_rescale": 4.067790424073018, "target_rescale": 3.9684926159957588},
{"mapping": [5, 1, 2, 4, 8, 13, 10, 6, 7, 3, 12, 0, 11, 14], "R": [[0.8061719186270364, 0.2650346270322549, 0.5290023479069607], [0.19528825375007283, 0.7247763828515474, -0.6607281534851338], [-0.5585242479646256, 0.635968427938448, 0.5325362176425645]], "T": [0.024015363270904443, 0.0700613324886329, 0.031411959736268535], "aligned_model": [[0.25209874408406735, -0.35259847487845514, 0.6089284433616292, 0.8003547347411125, 0.28252926924536564, -0.275795526494257, -0.7291331326563574, 0.4557145450044009, -0.1450680730432242, 0.051552126691387756, -0.5631631621757066, 0.19654064276547295, -0.3102162714920811, -0.052443882965637297], [-0.016806168299923624, -0.45087310997287167, 0.16226185526171832, 0.010487235180342572, -0.4099723272787799, 0.3623997227602117, 0.17027246760283854, 0.6693959900736032, -0.6509228367739223, 0.5506654079098015, 0.17787853372499546, -0.31697362145572483, 0.6182426247806115, 0.07836039063300236], [-0.506080486314347, -0.47858257440164587, 0.48207556363399123, -0.15890514924614468, -0.13563935762814122, -0.5296363456963762, -0.27520162938739456, -0.013205160335601804, 0.12227766528998887, 0.7328436855654529, 0.5116313859047532, 0.6014093298017531, 0.10769261969609412, 0.018319882860298745]], "inverted": true, "swapped": false, "error_lsq": 0.04106550040949671, "error_max": 0.25405108731733395, "target": "1039.xyz", "model": "21.xyz", "model_rescale": 4.186013935880536, "target_rescale": 3.9684926159957588},
{"mapping": [0, 3, 5, 8, 11, 1, 4, 2, 12, 7, 9, 10, 13], "R": [[0.8697993721529409, 0.26567086938957596, 0.41577402679837616], [0.2892139947991016, -0.9572415687375917, 0.006621502332540309], [0.3997553219341742, 0.11448828865251429, -0.909443848924563]], "T": [0.11081697255397044, -0.06660527844400216, -0.00029606410913592465], "aligned_model": [[0.055230266890114094, -0.45554198915527705, 0.49572924795553697, 0.44119809160102935, -0.12489517830830102, 0.6668956823551184, -0.19974209083477246, -0.8146622493873588, 0.21590340692357116, -0.35429871364501736, -0.38574281248459363, 0.4685974331166946, 0.04990294039648083], [-0.18991651252594746, -0.18957351801893824, 0.3376202447011404, -0.656135089395719, -0.4789473292172878, -0.24972376333187746, -0.49555594085936305, -0.265941547738516, 0.6557205596415805, 0.49205490597934803, 0.4165894365493614, 0.12486773589896077, 0.01789747786335104], [-0.5314524430185648, -0.4618685913139679, -0.5079331412405971, 0.2780505250128768, 0.5754923266467918, -0.18608471026085419, -0.09157655686448109, 0.0842328806573213, 0.11037460152510505, -0.22409244603328207, 0.41743048850304215, 0.5782431921017576, 0.062063435620198185]], "inverted": true, "swapped": true, "error_lsq": 0.05582649385004031, "error_max": 0.33743337876242474, "target": "1039.xyz", "model": "22.xyz", "model_rescale": 4.166573947596378, "target_rescale": 3.9684926159957588},
{"mapping": [3, 8, 12, 11, 9, 4, 0, 2, 10, 6, 7, 14, 1, 15], "R": [[0.9954595234720789, -0.09476900059694977, -0.008897957889174038], [0.01721686922206263, 0.2712047547334915, -0.9623676846320941], [0.09361579216634644, 0.9578448817714706, 0.2716049813999466]], "T": [0.042576626765022337, 0.032507637092049776, 0.08089639160263812], "aligned_model": [[0.31900758364745074, -0.32614734246055815, 0.56439694913248, 0.813376583733586, 0.3130186674630586, -0.23064971272163015, -0.697043483022288, 0.22792214631050298, -0.3012005250379281, 0.17038006170755535, -0.6289852716081994, 0.2939631802822322, -0.30135032799932626, 0.0026114727607815316], [0.12566288390756553, -0.32615018623142517, 0.08467640604385507, 0.03853680280872196, -0.45287694951263907, 0.33555395509851654, 0.3033194631750341, 0.6482666262108527, -0.5439234068044057, 0.6505425062386259, -0.1631036830609074, -0.4854329897773085, 0.65466071467359, 0.08468402137582678], [-0.4447790577802199, -0.5431920160036774, 0.47378737640579316, -0.08620957155973857, -0.14650649314549163, -0.5301386400592478, -0.1344610110790929, -0.11733868322746721, 0.4132903666304244, 0.5061102372176751, 0.22965954474073147, 0.6235934258392011, 0.13323049816309535, 0.10195345360069537]], "inverted": false, "swapped": false, "error_lsq": 0.05130947420691682, "error_max": 0.33340114551783095, "target": "1039.xyz", "model": "23.xyz", "model_rescale": 4.274766983524099, "target_rescale": 3.9684926159957588},
{"mapping": [9, 4, 8, 10, 1, 6, 12, 5, 7, 0, 13], "R": [[0.8614616923222785, 0.5040458445800556, 0.061818599327504165], [0.4896263562685352, -0.7921220907406085, -0.3644291763949823], [-0.13472113385966433, 0.3442097905671859, -0.929176967089295]], "T": [0.000965594977380406, 0.22015989904031538, -0.05695176498509028], "aligned_model": [[0.4203735802262395, 0.2148879917166585, -0.5329144320273531, -0.4797179938317723, -0.48285902920070495, -0.6083207256131827, 0.035431464548498, -0.07915467081369174, 0.631249979988596, 0.20647130427740648, 0.054447234687381225], [-0.36406979773124226, 0.6648097916607458, 0.6066255457729596, -0.2270584863345723, 0.43004947227247436, -0.2994273300983932, -0.48310925457517895, 0.05435686273677645, -0.15380019523851865, 0.566211539749025, 0.12099838302940763], [-0.42751461902205995, -0.26979304895765815, -0.37284783359050494, -0.3183240041218075, 0.25790285563843707, 0.31092491016464474, 0.16501754076265276, 0.6747184008392682, 0.14655269606828475, 0.315121220545239, -0.10219168430491857]], "inverted": false, "swapped": true, "error_lsq": 0.05075804045636775, "error_max": 0.289825018930434, "target": "1039.xyz", "model": "24.xyz", "model_rescale": 3.7841303162186577, "target_rescale": 3.9684926159957588},
{"mapping": [3, 13, 1, 4, 6, 12, 14, 2, 11, 8, 10, 7, 9, 15], "R": [[0.21002110637494203, -0.9553292688809487, -0.20793538154060626], [-0.9703200735144006, -0.17759138633394833, -0.16413486660364035], [0.11987530943465301, 0.2362356609815261, -0.9642731058515362]], "T": [0.022311296227000142, 0.08676109887580367, 0.13915964058411454], "aligned_model": [[0.3097703850673236, -0.3737513297411736, 0.6277579576371398, 0.7156872061982761, 0.4865378807141427, -0.22706028395687186, -0.7060863150054265, 0.26964197556196257, -0.2188745353730338, 0.2579489018310783, -0.6262002096226992, -0.029764645977820102, -0.3285598491042822, 0.06225284395910075], [-0.26144935405682124, -0.2200951761250728, 0.2538868396906001, 0.15412252232578744, -0.4551459826448651, 0.3950065642927637, 0.26269610221113665, 0.7544847979468053, -0.6279814497344904, 0.527759059664142, -0.025596349251040887, -0.38860134247261247, 0.5498967130141521, 0.035433219285418475], [-0.5280124813939389, -0.46165116164469155, 0.5373301075296489, -0.1280418357603327, 0.02577160992751426, -0.5073467046860739, -0.1211915777015937, -0.10936726879566719, -0.0036691135382521944, 0.4545221320832894, 0.5539653009941164, 0.5797549261910002, 0.07181314240690612, 0.11512235413075574]], "inverted": false, "swapped": false, "error_lsq": 0.04302190471094181, "error_max": 0.2990583078268533, "target": "1039.xyz", "model": "25.xyz", "model_rescale": 4.19342608120988, "target_rescale": 3.9684926159957588},
{"mapping": [10, 12, 6, 4, 1, 11, 0, 2, 5, 9, 7, 13], "R": [[0.10425926590486306, -0.9821975958217759, 0.15626224187212473], [-0.9652928582842895, -0.06210606710384248, 0.25367801279227886], [-0.23945710099791495, -0.17728710948858173, -0.9545834576352441]], "T": [-0.15584701833014172, 0.02584109417146709, -0.10672164787764155], "aligned_model": [[-0.13068350996385045, 0.511187649966072, 0.1872592694713184, -0.5203947566460745, -0.3527225877978486, -0.6541498078319057, -0.15670304405673066, -0.2700339640125356, 0.3043543569670908, 0.276876737907077, 0.48344211156680383, -0.08062390093763575], [-0.6453058549883999, -0.2795660221011222, -0.7116479101373075, 0.4094209364216848, -0.23576868815171745, -0.06643250370579014, 0.425734904377993, 0.7112851160502953, -0.03461662884848625, 0.032684246703065814, 0.3927422761631143, 0.014246555957650611], [0.11306237028385216, -0.024035398068478903, -0.44572312435938866, -0.013184585142248018, -0.6264077685122134, 0.4412732142687887, -0.4815640800168161, 0.5417532670658864, -0.701541530949086, 0.5768334322173709, 0.08092577368568185, -0.012133109263927716]], "inverted": true, "swapped": true, "error_lsq": 0.05332285985510373, "error_max": 0.33141317787452995, "target": "1039.xyz", "model": "26.xyz", "model_rescale": 3.795458400668931, "target_rescale": 3.9684926159957588},
{"mapping": [5, 12, 6, 1, 8, 3, 7, 0, 9, 10, 4, 11, 13], "R": [[-0.8891232743401171, 0.32266995876264243, 0.3245672514885382], [-0.02790178878961319, -0.7460739682697665, 0.6652782305566173], [0.4568164765078523, 0.5824583518006402, 0.6723547986060877]], "T": [-0.16467667199019428, -0.017505670844537316, -0.07458899711100514], "aligned_model": [[-0.03552856394348536, 0.3686166321980855, 0.5851211474927868, -0.07460578262909645, -0.14368590033914588, -0.8302859537161008, -0.24406455417029121, -0.590882757690525, 0.08968438797408482, 0.4960600237496706, -0.6342074829419123, -0.17411819033783837, -0.1124266228249759], [-0.6817053680471837, -0.45876535054120865, -0.293286196560596, -0.0478469411981423, 0.5787670228272322, -0.22332179639380323, -0.5462799091169683, -0.2995446197235407, -0.040864154425346425, 0.23299111742196948, 0.24003413124265321, 0.6922004551445577, -0.030496887372708427], [-0.408371357069133, 0.18218701046840252, -0.44645226337481897, -0.6814167933132385, -0.49671713854002447, 0.17747620450755025, 0.4663490703911764, -0.27264213387177116, 0.6930691676283345, -0.08199319389658233, -0.029959422779161714, 0.15637967672633618, 0.03422783522235613]], "inverted": false, "swapped": true, "error_lsq": 0.039766949573392836, "error_max": 0.24132940115576648, "target": "1039.xyz", "model": "27.xyz", "model_rescale": 3.6321398670334006, "target_rescale": 3.9684926159957588},
