[{"mapping": [3, 1, 0, 9, 5, 8, 11, 7, 4, 13], "R": [[0.5015084051272298, 0.8587144135796033, 0.10535120074009786], [-0.7824811817088276, 0.5021573603087608, -0.36818634651395543], [-0.36906980350375385, 0.1022132153802797, 0.9237640059795171]], "T": [-0.08139391039956993, -0.033114727446780165, -0.1543213865750085], "aligned_model": [[-0.5352084388926233, -0.3115098816835919, -0.574242404635582, 0.058399526456790654, 0.0779891191645782, 0.3734635826982364, 0.5892857877726179, 0.3022434303989145, -0.14197986494015022, 0.03476964260020546], [0.21817195174922283, -0.3138782299087604, -0.6096672353666048, -0.5168457818776853, 0.43519643211224174, 0.5136856871292307, 0.13519987723480875, 0.02782155352467751, 0.4547038315228678, -0.027627490206625804], [-0.21841260582542674, -0.6029444007731932, -0.01254691101158878, 0.37784891864248293, -0.7267573813910541, 0.1692417436097854, -0.24877125239716918, 0.49414113576680285, 0.6652923164877598, -0.040234658874816046]], "inverted": false, "swapped": false, "error_lsq": 0.04766095597071354, "error_max": 0.2102968357369962, "target": "1040.xyz", "model": "0.xyz", "model_rescale": 3.8414455957264533, "target_rescale": 3.8520949756443637},
{"mapping": [0, 11, 1, 10, 13, 9, 8, 6, 2, 14], "R": [[0.9407212212687109, 0.29393777422181167, 0.16924588249122335], [-0.11445343313095913, -0.19462223455354255, 0.9741779085269403], [0.31928669796789655, -0.9358006041368608, -0.14944307878869498]], "T": [-0.07873072437543756, 0.05908442726873843, 0.08265128955182763], "aligned_model": [[-0.6510375530200478, -0.26253155113166765, -0.6997741640319561, 0.2581662459725325, 0.09404929458617638, 0.2747022699619925, 0.6437928420890872, 0.46233887671409873, -0.13231022337812834, -0.11418553882269106], [0.315117441698726, -0.36007340371654145, -0.5134976396309517, -0.5122039491202207, 0.31099265659169895, 0.6369005748861674, -0.007240176933974704, 0.09858304968362963, 0.37116512860379824, -0.022983086148958873], [-0.28125715898407744, -0.6362293479238356, -0.10430515963680367, 0.25150425157386674, -0.6112768837386975, 0.0006555697874799093, -0.23017955976023804, 0.6445326999826932, 0.7492393188167318, 0.07417317411646321]], "inverted": false, "swapped": false, "error_lsq": 0.04367904259197026, "error_max": 0.20626457163228498, "target": "1040.xyz", "model": "1.xyz", "model_rescale": 4.316132596720782, "target_rescale": 3.8520949756443637},
{"mapping": [10, 9, 1, 0, 7, 3, 5, 4, 6, 11], "R": [[-0.94216503316307, -0.2216422096293313, 0.2513956666202876], [-0.289394866202162, 0.9163515293244947, -0.276677585142874], [-0.16904337224707736, -0.3334285614869954, -0.9274964866154742]], "T": [-0.12044910676263669, -0.04122171916480029, 0.03419028885755491], "aligned_model": [[-0.6193477714408998, -0.15701506890904648, -0.45218921901458226, 0.2590241025195902, 0.06576818197173269, 0.26824604197445123, 0.45884840982863934, 0.3560251671290417, -0.22694683344943678, -0.0792025116700942], [0.3182697814699233, -0.3414411184326741, -0.46673095314299945, -0.6248747505939095, 0.4718016994201207, 0.4872146119367639, -0.1366866782539536, 0.025438400532860214, 0.5627151010814953, 0.02105450189574576], [-0.1040189074461996, -0.6429232525426718, -0.024866066661220772, 0.1729825109995158, -0.6747463889491571, 0.007957977497662059, -0.23238186042718348, 0.6365676007626716, 0.5819260959405382, 0.1363591950596282]], "inverted": false, "swapped": false, "error_lsq": 0.04353592066877149, "error_max": 0.2643395544290689, "target": "1040.xyz", "model": "2.xyz", "model_rescale": 3.795458400668931, "target_rescale": 3.8520949756443637},
{"mapping": [1, 7, 0, 4, 8, 6, 5, 10, 2, 11], "R": [[-0.19976891506390257, -0.7498899315439738, -0.6306801654905329], [0.4553797144035318, 0.4988657027109331, -0.7374024182008662], [0.8675953528482904, -0.43450903469053614, 0.2418268026674243]], "T": [0.03538262292626127, 0.04136933429690334, -0.051196272901115523], "aligned_model": [[-0.5291391274126788, -0.20872679364918814, -0.5472184473095927, 0.19458610296950257, 0.0011414594197375963, 0.1256317617247531, 0.7304015617889275, 0.28263419017734764, -0.14226180643428973, -0.03383840233512327], [0.3095126999125636, -0.37957237330859983, -0.42713470761125294, -0.5595426914096472, 0.5231727810695933, 0.6213388634979052, -0.03731472809747069, -0.1515327380465994, 0.49389813047059583, -0.07606464056371544], [-0.12658308096603674, -0.639856589342889, 0.1796454474431479, 0.10537231471136765, -0.6654078963917578, -0.1039858056268623, 0.01649500051397084, 0.6126306536223772, 0.5415814736158496, -0.06303461334558451]], "inverted": true, "swapped": false, "error_lsq": 0.049895811733703783, "error_max": 0.22139797977387915, "target": "1040.xyz", "model": "3.xyz", "model_rescale": 3.7530521520055578, "target_rescale": 3.8520949756443637},
{"mapping": [4, 1, 0, 7, 3, 9, 5, 8, 6, 10], "R": [[0.1437469967563474, -0.9705695312291127, -0.19321383483910085], [-0.8762091144020525, -0.03407244994802372, -0.48072513559549884], [0.45999390078815394, 0.23839851762173375, -0.8553196817760352]], "T": [-0.017893325761143802, 0.09164538609910165, -0.11550860779006063], "aligned_model": [[-0.6729080227601765, -0.06927820986035282, -0.6312164808669293, 0.18583235157657646, 0.16046537760013221, 0.2561963017567793, 0.6560434882761963, 0.4096590965250978, -0.33044233473509965, -0.09114106857282811], [0.38490287824799496, -0.4581597594416168, -0.37818298077506607, -0.3764083335085925, 0.44584816956007567, 0.54966874958878, -0.11821848369999442, 0.054271740964332946, 0.17973861379539813, 0.03330000118206104], [0.041547733773652354, -0.6811938262930831, 0.17313719394861965, 0.19845397677710758, -0.7657380643807965, -0.003914506566500733, -0.25452683978953106, 0.6952204646506703, 0.5484855509669011, -0.09461477885345684]], "inverted": true, "swapped": false, "error_lsq": 0.05966239988342857, "error_max": 0.38559759525493015, "target": "1040.xyz", "model": "4.xyz", "model_rescale": 3.7855080009869324, "target_rescale": 3.8520949756443637},
{"mapping": [14, 1, 12, 6, 3, 10, 7, 8, 15, 16], "R": [[0.5268905336428309, -0.7937309653573918, 0.3039367042500728], [-0.7366738742087291, -0.2481258028053298, 0.6290828157250145], [-0.4239079718711064, -0.5553600099170212, -0.7154560019799202]], "T": [-0.024798164843408917, -0.024184441339821797, -0.09870032979161718], "aligned_model": [[-0.6416572895597867, -0.24794885528761207, -0.6093825589988996, 0.2996398639690612, -0.022315704659631348, 0.40361889902274206, 0.7209641494149436, 0.23908731882454093, -0.2002598106408757, -0.06853551314508625], [0.23267972798036907, -0.5173610000519124, -0.37017890521248087, -0.5376010137568361, 0.48395525896422875, 0.5423171619047328, -0.08905110308567091, 0.08096119357414382, 0.48406078124696283, 0.006978494349835936], [0.007143977124068598, -0.6279305162705681, -0.05852346966688708, 0.140507648116324, -0.5722026927905635, 0.06408488754687554, -0.06707188212366061, 0.5452086085929121, 0.5259740744043688, -0.10033373069928693]], "inverted": true, "swapped": false, "error_lsq": 0.0407714682593425, "error_max": 0.1800919101273389, "target": "1040.xyz", "model": "5.xyz", "model_rescale": 4.2253639853439635, "target_rescale": 3.8520949756443637},
{"mapping": [4, 7, 0, 9, 6, 5, 11, 8, 10, 13], "R": [[0.03766986653853226, -0.6594948121741561, -0.7507646594441857], [0.854224976736966, 0.4111042357648227, -0.3182656067735739], [0.5185370481206713, -0.6293329008176802, 0.5788431822823042]], "T": [-0.06147945109554231, 0.031191663820940588, 0.0027526074504621648], "aligned_model": [[-0.7307303994799674, -0.16285989086787359, -0.5290139756682858, 0.03182830197013151, 0.11081013598091516, 0.3131728796447547, 0.6765505988492202, 0.3664427522724281, -0.10672166326504112, -0.09626824049688615], [0.2540004995161371, -0.30945511422039884, -0.604348601003538, -0.500272390569345, 0.2682953187309422, 0.5377666954607087, 0.045045138706148694, -0.011778101920563236, 0.5897486783641755, 0.047758472849106115], [0.06081036342866434, -0.7065237808979271, -0.14064435711284298, 0.2881226296922138, -0.5697996811105493, 0.06406031366033477, -0.2435673377941825, 0.6035030237595255, 0.5454124255056575, -0.0445166948973112]], "inverted": true, "swapped": false, "error_lsq": 0.04411053396388372, "error_max": 0.19549456449239264, "target": "1040.xyz", "model": "6.xyz", "model_rescale": 3.89814844738969, "target_rescale": 3.8520949756443637},
{"mapping": [6, 11, 9, 10, 7, 0, 4, 2, 1, 12], "R": [[0.9992629121925453, -0.025216885557423352, -0.028943755790452726], [-0.03800580128519861, -0.7559971935534633, -0.6534705826645584], [-0.00540290525028414, 0.6540889480965653, -0.756398345181152]], "T": [-0.050574328668203106, 0.11252138507142388, -0.12530413488653697], "aligned_model": [[-0.6615678316028859, -0.02654631466253526, -0.672199617226439, 0.08746466827273741, 0.2233580306622293, 0.044846438143830145, 0.563504023927252, 0.3908184958975185, -0.11273506483483602, 0.03626767036252483], [0.36699221318988695, -0.47877226033247405, -0.5051254483709838, -0.5160240132002621, 0.4170088534228993, 0.6647456745281141, -0.07071800181045008, -0.00018968516504243305, 0.4510365927132182, -0.012193329061533364], [0.013646892587489357, -0.6776942585047303, 0.04801715289448105, 0.22793739818559905, -0.6386491686353091, 0.06692905388003881, -0.19477997495400684, 0.41692868742230366, 0.646926471285153, -0.05240534992743594]], "inverted": false, "swapped": false, "error_lsq": 0.045082708408373015, "error_max": 0.24337947725012152, "target": "1040.xyz", "model": "7.xyz", "model_rescale": 3.7474275329858107, "target_rescale": 3.8520949756443637},
{"mapping": [4, 1, 2, 3, 12, 11, 10, 7, 9, 14], "R": [[0.915747859026159, -0.37571202782073276, -0.14228960200885682], [-0.31874306883131, -0.46384839965137986, -0.8265878768847583], [0.24455820321756672, 0.8022999029612845, -0.5445237836378762]], "T": [0.002593629558418341, 0.003349970150035561, -0.026376197832062524], "aligned_model": [[-0.761892836570863, -0.1527259811540952, -0.6817625329422123, -0.05695431689332627, 0.13622437040559374, 0.23860440126505764, 0.7463210142823885, 0.4763912978627601, -0.022650855963864375, -0.048344061352042916], [0.16894471555017676, -0.42874834978123044, -0.45842450935924894, -0.6343171452642126, 0.3601211913127972, 0.5710834834677863, 0.1046857661717267, 0.1743369593985793, 0.45436071113562615, 0.004717773281372295], [-0.00727988283280083, -0.6213288686307934, -0.19072481745262987, 0.2960664001249446, -0.5116593519287429, 0.06558862742296007, -0.13529815771415424, 0.43205247812648223, 0.5870506254767508, -0.057610148358433866]], "inverted": true, "swapped": false, "error_lsq": 0.04933869323217636, "error_max": 0.22253705573449523, "target": "1040.xyz", "model": "8.xyz", "model_rescale": 4.019505241142653, "target_rescale": 3.8520949756443637},
{"mapping": [9, 6, 11, 5, 1, 0, 2, 4, 7, 12], "R": [[-0.06616540214338953, 0.30086270840883433, 0.9513694183901986], [0.8980671733389677, 0.4334815168934911, -0.07462658160920255], [-0.4348534140720992, 0.8494559465920638, -0.29887640099081225]], "T": [-0.03321023639749822, 0.0016092286146427923, -0.11295381598535806], "aligned_model": [[-0.6676016598647059, -0.016721606480661913, -0.510951383090523, 0.12097536070791039, -0.04270516536722101, 0.3594401805204387, 0.5126696194360878, 0.27366600567302946, -0.11595385711138663, -0.039606995483571904], [0.2560924252377796, -0.5281061643087985, -0.3829779140433304, -0.590985410939157, 0.5413790662574026, 0.44298281005071416, -0.055545087371292386, 0.04880762873500795, 0.6170773764438413, -0.03196413414879486], [-0.10173392747598448, -0.6101374496161598, -0.007570466012039145, 0.16197001702900324, -0.5189878919759394, 0.15845194993636294, -0.33368154278002593, 0.6559375640689835, 0.5457847074930766, -0.09317605643369462]], "inverted": true, "swapped": false, "error_lsq": 0.051255869098173326, "error_max": 0.25340038829442457, "target": "1040.xyz", "model": "9.xyz", "model_rescale": 3.877068213659057, "target_rescale": 3.8520949756443637},
{"mapping": [8, 10, 11, 12, 2, 4, 3, 5, 1, 15], "R": [[0.47747866245261766, -0.7385234658787323, 0.4760222865044496], [-0.8297196297346996, -0.5572462110313418, -0.032279967845809665], [0.2891011292530217, -0.3795520394329063, -0.8788405921593229]], "T": [0.03218536509584026, 0.028892090201015408, -0.19492396595700423], "aligned_model": [[-0.6851916152494083, -0.2124469242130272, -0.5159360020647425, 0.12038042561343211, -0.045955051407512756, 0.3873037142136108, 0.6282823153302475, 0.29915371468902907, -0.09373451839412668, -0.008645559578106282], [0.28131960434272557, -0.5072441586380767, -0.4459788818923628, -0.5860532291312941, 0.5420989521798272, 0.5850815201723427, 0.009352826210452025, 0.008683681871484415, 0.43341177707534484, -0.003911496277070485], [-0.06464137317090907, -0.5897957744824139, -0.05811825339788726, 0.2201171178468913, -0.6082859744629243, -0.04447478565677776, 0.021981510719290998, 0.5394567001765791, 0.5623174856793957, -0.1216997490176619]], "inverted": false, "swapped": false, "error_lsq": 0.03632405927149775, "error_max": 0.17572657546540452, "target": "1040.xyz", "model": "10.xyz", "model_rescale": 4.260839863003843, "target_rescale": 3.8520949756443637},
{"mapping": [5, 0, 6, 7, 3, 2, 1, 8, 9, 11], "R": [[-0.2962729116002204, 0.942900665734155, -0.15218638707195636], [0.9391090931351214, 0.2585513321660301, -0.22633011250406132], [-0.17405882064077616, -0.20997510136503922, -0.96208834509305]], "T": [-0.06418089724938267, 0.08416923835036667, 0.09120050557693613], "aligned_model": [[-0.6383019312222896, -0.08956690941627217, -0.6613778480809885, 0.08533156920463927, -0.017120370325926948, 0.33913791851675834, 0.5601723685328862, 0.4260415922876456, -0.10442306913311132, -0.026682821423945062], [0.24873986948622623, -0.5280949833342399, -0.4419799893429434, -0.551838931429176, 0.37363915969802725, 0.6327138032743056, 0.006816660152212842, 0.050538319060764794, 0.48455334049135984, 0.041673347856835574], [-0.22488879820495813, -0.5369096302163284, -0.17295499175256, 0.14359573084371652, -0.5551937571245767, 0.008799539060437359, -0.26581521017575405, 0.6148074947191721, 0.7795364697049499, 0.06588005737948449]], "inverted": true, "swapped": false, "error_lsq": 0.043040184456094484, "error_max": 0.1805139345251695, "target": "1040.xyz", "model": "11.xyz", "model_rescale": 3.890672605050136, "target_rescale": 3.8520949756443637},
{"mapping": [8, 9, 5, 12, 6, 0, 2, 4, 3, 13], "R": [[-0.414421690880044, -0.880902535837994, 0.22861623844844695], [-0.3573466268621317, 0.3885339854537284, 0.8493201577836822], [-0.8369934589937857, 0.27028145423175803, -0.4758044609921017]], "T": [0.06366345230005438, 0.05356159000312211, -0.14910915826626708], "aligned_model": [[-0.5525505039728533, -0.15502708462001127, -0.5540600038979948, 0.012094095519846096, -0.09241649326650497, 0.11887624801890644, 0.7619641909094397, 0.4565947429537134, -0.16973213792164674, 0.047467445216501425], [0.4064833474509645, -0.4905699008130958, -0.4185706494699595, -0.6144551999997263, 0.31456728721172356, 0.5898214397835334, -0.006719237240271694, 0.0800280304302767, 0.4751910659417719, -0.019015587381844203], [-0.026971371105412506, -0.6608862442960493, -0.12717603382104753, 0.1768146310781727, -0.6385715373702685, 0.09187104932268578, -0.029499651992195494, 0.43051276349093076, 0.6388110404130147, 0.0019522585137522197]], "inverted": true, "swapped": false, "error_lsq": 0.043532960459709044, "error_max": 0.20267262879964304, "target": "1040.xyz", "model": "12.xyz", "model_rescale": 4.124412569039231, "target_rescale": 3.8520949756443637},
{"mapping": [9, 3, 6, 1, 7, 10, 4, 2, 11, 12], "R": [[0.6372590818524211, -0.34615490253025566, 0.6885329665679624], [0.6381907866063595, -0.26377979501211707, -0.7232791574724947], [0.4319877110374387, 0.9003316073523328, 0.05281679955279009]], "T": [-0.0014111872699124808, -0.03390432364265751, -0.2127445643262435], "aligned_model": [[-0.5954411024683226, -0.38400667353169093, -0.4835117139177185, 0.12803931137877775, -0.07853464467363537, 0.2483058500919492, 0.7647804693562288, 0.3602178651365036, -0.14490881320654572, 0.058269950773849374], [0.20224985001212625, -0.4067649563879475, -0.452775808466708, -0.6771958416460074, 0.4953248117822675, 0.6007949346511314, -0.07147392719517205, 0.03919469516312675, 0.5458042393828424, 0.04160259861771344], [-0.21371312779243462, -0.6853427215452725, -0.013399195201994729, 0.2692127887386143, -0.539923672845609, 0.06904955390556017, -0.04007399371583839, 0.5658930121842858, 0.5834333521233115, -0.13827909161703952]], "inverted": false, "swapped": false, "error_lsq": 0.04444622036289646, "error_max": 0.21143635849397296, "target": "1040.xyz", "model": "13.xyz", "model_rescale": 3.9028299243045295, "target_rescale": 3.8520949756443637},
{"mapping": [2, 11, 12, 13, 6, 3, 7, 4, 0, 15], "R": [[-0.4850535686734405, -0.2904585860237539, 0.8248374660029949], [-0.6530795148735509, -0.5069549322700693, -0.5625689681270887], [0.5815584087344001, -0.8115605377617441, 0.05620774660294858]], "T": [-0.05139270075287756, -0.03326829526173196, -0.013395832219301212], "aligned_model": [[-0.6305295168414736, -0.1933289035668384, -0.5349007883260646, -0.04526211957426902, 0.06761618268795283, 0.16295393936516728, 0.8209792194814469, 0.3651504670063816, -0.17630964569705615, 0.036841664404148815], [0.421429683168283, -0.42741712205600013, -0.5326911807378847, -0.791430362912102, 0.37334604110146086, 0.5492045443994052, 0.11141917798841212, 0.1259111464556451, 0.5196230721477898, -0.032634403641636715], [-0.013138503235719835, -0.6219658816017715, -0.04559831154744015, 0.2270288897744286, -0.5280898475092831, 0.045513879758840414, -0.21001913630184568, 0.4970127968322994, 0.5915201139703915, -0.08540709590631672]], "inverted": false, "swapped": false, "error_lsq": 0.046767405705515415, "error_max": 0.2869963479723472, "target": "1040.xyz", "model": "14.xyz", "model_rescale": 3.942246331269136, "target_rescale": 3.8520949756443637},
{"mapping": [10, 13, 11, 8, 3, 5, 0, 7, 9, 14], "R": [[0.7863310040201155, 0.16368421771206298, 0.5957273109306871], [-0.6166317780165388, 0.14852987472704884, 0.7731132689675746], [0.03806313776975656, -0.9752673239607474, 0.21772653572213796]], "T": [-0.03629228852280982, 0.06940848007770106, -0.10891152330027386], "aligned_model": [[-0.6806707632746083, -0.24880348033910998, -0.5173242935452422, 0.19954564649919426, -0.0017557182994381235, 0.25443852526791855, 0.6571457422638443, 0.33079864290748173, -0.18116992821311903, 0.061006125672474466], [0.3212262422069296, -0.4540964840476316, -0.45712785261970235, -0.6122461293969821, 0.477743214786574, 0.6332495604372246, -0.09808312541171837, -0.04063926629226308, 0.48191550235002745, 0.06481893390091469], [0.06534320976581882, -0.6934723776125227, -0.034893112413400276, 0.17138900840501115, -0.6993502586895496, -0.12730685424865612, 0.06943572904066271, 0.6553614970985705, 0.5671141657279946, -0.1167641028403462]], "inverted": true, "swapped": false, "error_lsq": 0.04268966771842567, "error_max": 0.23053918811281882, "target": "1040.xyz", "model": "15.xyz", "model_rescale": 4.355366556412066, "target_rescale": 3.8520949756443637},
{"mapping": [10, 9, 1, 0, 7, 3, 5, 4, 6, 11], "R": [[-0.94216503316307, -0.2216422096293313, 0.2513956666202876], [-0.289394866202162, 0.9163515293244947, -0.276677585142874], [-0.16904337224707736, -0.3334285614869954, -0.9274964866154742]], "T": [-0.12044910676263669, -0.04122171916480029, 0.03419028885755491], "aligned_model": [[-0.6193477714408998, -0.15701506890904648, -0.45218921901458226, 0.2590241025195902, 0.06576818197173269, 0.26824604197445123, 0.45884840982863934, 0.3560251671290417, -0.22694683344943678, -0.0792025116700942], [0.3182697814699233, -0.3414411184326741, -0.46673095314299945, -0.6248747505939095, 0.4718016994201207, 0.4872146119367639, -0.1366866782539536, 0.025438400532860214, 0.5627151010814953, 0.02105450189574576], [-0.1040189074461996, -0.6429232525426718, -0.024866066661220772, 0.1729825109995158, -0.6747463889491571, 0.007957977497662059, -0.23238186042718348, 0.6365676007626716, 0.5819260959405382, 0.1363591950596282]], "inverted": false, "swapped": false, "error_lsq": 0.04353592066877149, "error_max": 0.2643395544290689, "target": "1040.xyz", "model": "16.xyz", "model_rescale": 3.795458400668931, "target_rescale": 3.8520949756443637},
{"mapping": [6, 11, 9, 10, 7, 0, 4, 2, 1, 12], "R": [[0.9992629121925453, -0.025216885557423352, -0.028943755790452726], [-0.03800580128519861, -0.7559971935534633, -0.6534705826645584], [-0.00540290525028414, 0.6540889480965653, -0.756398345181152]], "T": [-0.050574328668203106, 0.11252138507142388, -0.12530413488653697], "aligned_model": [[-0.6615678316028859, -0.02654631466253526, -0.672199617226439, 0.08746466827273741, 0.2233580306622293, 0.044846438143830145, 0.563504023927252, 0.3908184958975185, -0.11273506483483602, 0.03626767036252483], [0.36699221318988695, -0.47877226033247405, -0.5051254483709838, -0.5160240132002621, 0.4170088534228993, 0.6647456745281141, -0.07071800181045008, -0.00018968516504243305, 0.4510365927132182, -0.012193329061533364], [0.013646892587489357, -0.6776942585047303, 0.04801715289448105, 0.22793739818559905, -0.6386491686353091, 0.06692905388003881, -0.19477997495400684, 0.41692868742230366, 0.646926471285153, -0.05240534992743594]], "inverted": false, "swapped": false, "error_lsq": 0.045082708408373015, "error_max": 0.24337947725012152, "target": "1040.xyz", "model": "17.xyz", "model_rescale": 3.7474275329858107, "target_rescale": 3.8520949756443637},
{"mapping": [5, 7, 9, 2, 11, 3, 1, 0, 8, 13], "R": [[-0.2207001537860786, -0.2336174014714778, 0.946950026056558], [0.8899826285279326, 0.3489692309039541, 0.2935155818705626], [-0.39902676982542584, 0.9075480073318531, 0.1308978661043389]], "T": [-0.11768566650767573, 0.04624096678164588, -0.032819112405818585], "aligned_model": [[-0.7875929372218822, -0.04905956504353587, -0.5926896436481046, 0.2157575644583967, 0.1137070407344356, 0.29058318901995706, 0.5628420391882659, 0.3256821823669024, -0.13396862899834255, -0.07205074191669654], [0.2977477169923719, -0.35813272819828956, -0.4239944036614368, -0.5630621821591659, 0.34474567137714374, 0.5883638499081856, 0.0016045330018900905, -0.09879585634211341, 0.5528196663919804, -0.02453567139719326], [0.07295678235747856, -0.6646352684531335, -0.0016087945428611972, 0.11346146806677848, -0.6485211654928418, -0.03573501809007666, -0.1486122355579294, 0.6611057115509021, 0.47705080968444336, 0.031394614710822666]], "inverted": true, "swapped": false, "error_lsq": 0.043868664843861524, "error_max": 0.205446706965216, "target": "1040.xyz", "model": "18.xyz", "model_rescale": 3.922800546911778, "target_rescale": 3.8520949756443637},
{"mapping": [1, 5, 8, 13, 0, 9, 7, 11, 10, 14], "R": [[-0.4877611593400748, -0.6653652053957724, -0.5651355544361619], [-0.5812515781623135, -0.23547494504911587, 0.7789083085562357], [-0.6513337503331503, 0.7084071524926593, -0.2718890434978875]], "T": [-0.09605149092424982, -0.023078360248421505, -0.017149495083318776], "aligned_model": [[-0.7248356660437569, -0.31100452484081337, -0.46976683718613593, 0.19884692480646216, -0.12103624088586952, 0.39546604242930394, 0.7020105744684432, 0.34628076623448323, -0.14243331472416904, -0.00031722531855138403], [0.30465518118482804, -0.2847033477195236, -0.5075304489353542, -0.5570423476814913, 0.36695972074101674, 0.609221634341524, -0.05922783528219481, -0.01096527272453466, 0.4669520544595441, -0.011558742470441308], [-0.2297623142517482, -0.7011679738735673, -0.011347102745169084, 0.2986528661242537, -0.755856942808269, 0.1289683243726844, -0.016065846345391314, 0.5409177590682791, 0.6218493831202653, -0.019331248427754678]], "inverted": true, "swapped": false, "error_lsq": 0.04426621232728935, "error_max": 0.21795795079505148, "target": "1040.xyz", "model": "19.xyz", "model_rescale": 3.9282355846067225, "target_rescale": 3.8520949756443637},
{"mapping": [10, 9, 11, 4, 7, 5, 6, 3, 1, 13], "R": [[-0.002864227229440408, 0.588134753303425, -0.8087578798126774], [0.7204766999027078, -0.5596428504563014, -0.40952802691689993], [-0.6934732302689711, -0.5838641895936632, -0.4221344418671063]], "T": [0.023948932416436378, 0.0015079620151316996, -0.1360950511767924], "aligned_model": [[-0.7996052568363711, -0.28779815910852014, -0.4817602264976806, 0.1308640403186082, 0.1201983810117311, 0.4150807995258908, 0.673370945576054, 0.33413313855693466, -0.15967885436569523, -0.0715943092415562], [0.25439645780311737, -0.4002944808478458, -0.47502724777457006, -0.5195159771044858, 0.40182147180344996, 0.5187245026506815, 0.06506661201191741, 0.006292012451725722, 0.40206040326080245, 0.06323684165858004], [-0.12975036413123947, -0.604916310371444, 0.03864936718046355, 0.20518351466987186, -0.6036235678532431, 0.12312119999789475, -0.16858198534053603, 0.5495564202457998, 0.46999023493419856, -0.02277160509818317]], "inverted": false, "swapped": false, "error_lsq": 0.03929686057243959, "error_max": 0.22437190782723057, "target": "1040.xyz", "model": "20.xyz", "model_rescale": 4.067790424073018, "target_rescale": 3.8520949756443637},
{"mapping": [5, 7, 8, 0, 10, 11, 12, 3, 6, 14], "R": [[0.8370898833158816, -0.5337126018959162, 0.12013070310164503], [-0.24680036967198932, -0.17244778549751758, 0.9535991499612255], [-0.48823160977140106, -0.827896503105608, -0.2760747640867105]], "T": [-0.12881822098256923, 0.04278647191107529, 0.0037776888271125048], "aligned_model": [[-0.6906150467470477, -0.17863234596099573, -0.5525678784478845, 0.07453097771396908, 0.12328953562088862, 0.29331856114897004, 0.6111241517137123, 0.5213871735791444, -0.2382327311461783, -0.09039189853518244], [0.20185181853274295, -0.5411243480407216, -0.32042157783430003, -0.6184384225113265, 0.4832848327658116, 0.5290578351279429, 0.024535922177124053, 0.04571295134431552, 0.4359683349508352, 0.07633324940094888], [-0.08310535280340914, -0.4579913708820025, -0.11320110037521487, 0.1646775704508054, -0.6394094493359038, 0.06185481397967717, -0.19412650370223616, 0.5523844671773196, 0.6210243090994416, -0.0552504793748944]], "inverted": false, "swapped": false, "error_lsq": 0.04031871042700884, "error_max": 0.22101182637230032, "target": "1040.xyz", "model": "21.xyz", "model_rescale": 4.186013935880536, "target_rescale": 3.8520949756443637},
{"mapping": [11, 5, 3, 6, 8, 9, 1, 7, 10, 12], "R": [[0.5642241676389743, -0.13351098272221734, 0.8147551203549778], [0.24327914569207715, -0.916139257572317, -0.318597109224451], [0.7889653642102673, 0.3779731183925538, -0.48442747222795773]], "T": [0.032876588333885855, 0.011038890551801107, -0.05799073521493003], "aligned_model": [[-0.5419134387554825, -0.18512339434001765, -0.6395840164790471, -0.024206292489950154, -0.08101952888813455, 0.21190406212467938, 0.7632868932303435, 0.38363398606629023, -0.00683218058868789, -0.00693559094059739], [0.2558703690568361, -0.453740318789093, -0.6215227105556458, -0.4708512768115403, 0.53108150723472, 0.605008713474705, 0.008019041584532767, -0.03872678547780991, 0.510506166802243, -0.008884110605575347], [-0.15094206981266992, -0.6367783216691378, -0.05689050087822994, 0.2147293783311321, -0.6095806934438179, -0.03350046524187986, -0.01780488017084169, 0.5845171365704364, 0.6092836358375507, -0.046176315288959366]], "inverted": true, "swapped": false, "error_lsq": 0.04370336787385119, "error_max": 0.19411440043989966, "target": "1040.xyz", "model": "22.xyz", "model_rescale": 4.166573947596378, "target_rescale": 3.8520949756443637},
{"mapping": [7, 6, 1, 2, 14, 9, 11, 3, 8, 15], "R": [[0.9242532171771154, -0.3798583468412169, 0.038257376711033325], [-0.15046956364283226, -0.27034227142865985, 0.9509332083253421], [-0.35087733035191626, -0.8846596478950821, -0.3070218338021934]], "T": [-0.06562690893280551, 0.08150485080404331, -0.057740957040533274], "aligned_model": [[-0.722917041506644, -0.1335750241084399, -0.4853924959460405, 0.08811793354835865, 0.09395043540988074, 0.31369017020726986, 0.7148966090386532, 0.32733655084969127, -0.2069877512556367, -0.11590888729769666], [0.3622394614158355, -0.5542262993605513, -0.4902416767483638, -0.5504040236349772, 0.55346526426658, 0.5300352419880867, -0.02423428619697708, -0.039723752249011715, 0.49506573338605037, 0.03478493304670142], [-0.03434421205481245, -0.4704594934807373, 0.01298259673287503, 0.11506800396769618, -0.6723678377714797, 0.06630825875313773, -0.09891862363471249, 0.3807906804654045, 0.6227468451109505, -0.06494931385473918]], "inverted": false, "swapped": false, "error_lsq": 0.04027384737087198, "error_max": 0.22444011017467727, "target": "1040.xyz", "model": "23.xyz", "model_rescale": 4.274766983524099, "target_rescale": 3.8520949756443637},
{"mapping": [1, 8, 9, 7, 0, 3, 6, 5, 4, 10], "R": [[0.3133559951852538, 0.9446031177271658, -0.09763693082833672], [0.4677599793670305, -0.06405374519405627, 0.88153146252937], [0.8264433567910231, -0.321903817477726, -0.4619191599287179]], "T": [0.0115690619101989, 0.10935290683243187, -0.0738262351105516], "aligned_model": [[-0.6119679069644449, -0.03252411562707876, -0.6586910360567825, 0.05894836996601512, 0.009450056860788305, 0.3096585858787159, 0.6499493991286893, 0.44127834717445125, -0.2374677344932616, -0.055423466927696445], [0.28332888950178736, -0.4840512186739386, -0.3806221373461589, -0.46273606892087865, 0.4968100225460757, 0.5625094540062529, -0.03515251521941526, 0.004445892198301327, 0.23788339778444678, 0.09434488003690018], [-0.15075078518829307, -0.5107912946187946, 0.12198314463607281, 0.19357212216091352, -0.7031447835903435, 0.07384252680490198, -0.23693290010966217, 0.612166036748651, 0.5658152221475389, -0.10890238475740179]], "inverted": true, "swapped": false, "error_lsq": 0.05003278683960375, "error_max": 0.293172248289445, "target": "1040.xyz", "model": "24.xyz", "model_rescale": 3.7841303162186577, "target_rescale": 3.8520949756443637},
{"mapping": [8, 10, 9, 13, 7, 6, 11, 3, 4, 15], "R": [[-0.8531248834718903, -0.14770714732692997, -0.5003604019400559], [-0.4492459172730163, 0.6956104882385965, 0.5606283568158034], [0.26524712819293617, 0.703070869316175, -0.6597994496090445]], "T": [-0.18490113664410301, 0.024705509113658188, -0.03197171396947503], "aligned_model": [[-0.7221950860757581, -0.18017067828407862, -0.5720654763209382, 0.33597035945106934, 0.11140394956279498, 0.33093875691712815, 0.5494485780431794, 0.3525036322024332, -0.2014389864698552, -0.1311845500865791], [0.26946453995776043, -0.3398650841763376, -0.41349265513413896, -0.5128372612378523, 0.27337622775579806, 0.501761828429655, -0.09037767772396849, 0.06612963054352847, 0.5019566543196082, 0.060644393179320064], [-0.061399801968067116, -0.7192278602126957, -0.016910125122863537, 0.19549400184159071, -0.5546300437396833, 0.13641155317557213, -0.22410168510539374, 0.5667619866169504, 0.5413189512092849, -0.006860072461112192]], "inverted": true, "swapped": false, "error_lsq": 0.04336052065182993, "error_max": 0.2109961660542717, "target": "1040.xyz", "model": "25.xyz", "model_rescale": 4.19342608120988, "target_rescale": 3.8520949756443637},
{"mapping": [10, 9, 1, 0, 7, 3, 5, 4, 6, 11], "R": [[-0.94216503316307, -0.2216422096293313, 0.2513956666202876], [-0.289394866202162, 0.9163515293244947, -0.276677585142874], [-0.16904337224707736, -0.3334285614869954, -0.9274964866154742]], "T": [-0.12044910676263669, -0.04122171916480029, 0.03419028885755491], "aligned_model": [[-0.6193477714408998, -0.15701506890904648, -0.45218921901458226, 0.2590241025195902, 0.06576818197173269, 0.26824604197445123, 0.45884840982863934, 0.3560251671290417, -0.22694683344943678, -0.0792025116700942], [0.3182697814699233, -0.3414411184326741, -0.46673095314299945, -0.6248747505939095, 0.4718016994201207, 0.4872146119367639, -0.1366866782539536, 0.025438400532860214, 0.5627151010814953, 0.02105450189574576], [-0.1040189074461996, -0.6429232525426718, -0.024866066661220772, 0.1729825109995158, -0.6747463889491571, 0.007957977497662059, -0.23238186042718348, 0.6365676007626716, 0.5819260959405382, 0.1363591950596282]], "inverted": false, "swapped": false, "error_lsq": 0.04353592066877149, "error_max": 0.2643395544290689, "target": "1040.xyz", "model": "26.xyz", "model_rescale": 3.795458400668931, "target_rescale": 3.8520949756443637},
{"mapping": [9, 6, 8, 5, 0, 3, 7, 10, 4, 12], "R": [[0.8158200187042641, 0.30551427094287475, 0.4910180519406774], [-0.46692083081416424, -0.15297789318679042, 0.870966533196277], [0.34120761250767057, -0.9398184901598683, 0.017848549533244468]], "T": [-0.26316702795374686, 0.08133385079096625, -0.014923984682938415], "aligned_model": [[-0.4969535240058688, -0.1293736774978144, -0.5561490141572216, 0.16181993307687276, 0.13203951118314977, 0.2098573862653304, 0.5457790486332883, 0.2190190075147666, -0.10683310154507497, -0.10599507052803236], [0.4407456580347142, -0.5460451623234628, -0.5854547920188304, -0.5395100989621198, 0.39906529850972305, 0.647011167501689, 0.022144579050254104, -0.03381885086195102, 0.4706399045812998, 0.041982892402056396], [0.008342239610279956, -0.5342330188362131, 0.0025737776399615414, 0.013348632620390669, -0.6738107053314072, -0.051442962756161226, -0.0629965747386289, 0.496860062558106, 0.7081691507930049, -0.04995369732574986]], "inverted": true, "swapped": false, "error_lsq": 0.04844356717236845, "error_max": 0.25291074652553136, "target": "1040.xyz", "model": "27.xyz", "model_rescale": 3.6321398670334006, "target_rescale": 3.8520949756443637},
{"mapping": [12, 4, 7, 3, 13, 11, 2, 0, 10, 14], "R": [[0.8144606430999131, 0.5110621950991087, 0.27471675154922126], [-0.07864882912613391, -0.3718593442888799, 0.9249513445269067], [0.5748636555900575, -0.7749426177501949, -0.2626703574370564]], "T": [-0.06650101573615735, 0.04959369237328716, 0.006147522452936462], "aligned_model": [[-0.8852540443347716, -0.20730774903621296, -0.5986695618468636, 0.042187703463699044, 0.2103372404348614, 0.36906336549489765, 0.7066390776122846, 0.31953674679747684, -0.05556858247748231, -0.027753697168493144], [0.12184042436573916, -0.4331947728319549, -0.5140133728622329, -0.5785892114960391, 0.5177159848234287, 0.519820925664993, 0.07885836530048047, 0.004836863105191269, 0.5452442209456593, 0.05424116889810755], [-0.08292334111622865, -0.65230218259762, 0.011724129923255146, 0.26135935910486063, -0.6027033879885799, 0.0473282860732098, -0.18051162869707357, 0.49439271326564516, 0.6052156892132636, -0.04472273294714921]], "inverted": true, "swapped": false, "error_lsq": 0.0412853869172632, "error_max": 0.26516574075848903, "target": "1040.xyz", "model": "28.xyz", "model_rescale": 4.156811204709835, "target_rescale": 3.8520949756443637},
{"mapping": [8, 4, 7, 5, 3, 2, 1, 0, 6, 9], "R": [[0.009739770326866681, 0.7367507244259317, 0.6760943032830885], [-0.5615111739565319, -0.5554318332888813, 0.6133520034134641], [0.8274118311916608, -0.3856084135845812, 0.408283985697266]], "T": [-0.036297287129383383, 0.09759698337528182, -0.13331440891870944], "aligned_model": [[-0.7160727971140098, -0.11806286043124012, -0.6613074550496462, 0.24569121756947634, -0.03338279448478084, 0.38418589874876824, 0.6104032405841225, 0.4287506396705797, -0.13287529650039712, -0.1341192940534771], [0.2708899170250345, -0.6144130647141935, -0.2893792116986916, -0.5396656509411888, 0.6701839679082635, 0.5646034594558157, -0.027913941200000722, 0.002475305612123266, 0.32274731094733694, -0.042767496481126585], [-0.29758973279085643, -0.5661511118556304, 0.0910392637055954, 0.2668481582898546, -0.5807218768190946, 0.10668686743422595, -0.10105815997765305, 0.488139989614292, 0.5483309071508276, -0.09866740051797879]], "inverted": true, "swapped": false, "error_lsq": 0.058546839828485006, "error_max": 0.2788183646698573, "target": "1040.xyz", "model": "29.xyz", "model_rescale": 4.117894457231895, "target_rescale": 3.8520949756443637},
{"mapping": [3, 1, 4, 7, 5, 9, 6, 10, 11, 14], "R": [[0.3024078509737196, 0.3509405627249602, -0.8862224399685132], [0.8354255067018319, -0.5452344612759541, 0.06916361029549839], [-0.4589266983097018, -0.7612884497162744, -0.45806787914800084]], "T": [-0.09008597195259732, 0.05439622774618624, 0.007051313496182023], "aligned_model": [[-0.6158486837828301, -0.32694954839361723, -0.5735914449239452, 0.149033257137269, 0.2457384255530315, 0.26835176546779943, 0.5435260534140132, 0.4149411832385454, -0.17581320226752592, -0.05617730650334392], [0.18669319148009025, -0.43276953002857904, -0.5496191424680072, -0.5356657191938852, 0.47318972535620796, 0.5606143265853799, 0.09255057514067981, -0.08349643498642012, 0.5789725049783452, 0.026291099049560947], [-0.06928534412992846, -0.6613748966916547, 0.03731651312337559, 0.1541993814646777, -0.6315297322055367, 0.07839300825416387, -0.08712665805391015, 0.49720858496851894, 0.49997544726997173, 0.039080600233905124]], "inverted": true, "swapped": false, "error_lsq": 0.04273783934165541, "error_max": 0.19505000191397473, "target": "1040.xyz", "model": "30.xyz", "model_rescale": 4.100398675895297, "target_rescale": 3.8520949756443637},
{"mapping": [10, 9, 8, 1, 7, 4, 3, 0, 5, 11], "R": [[-0.6178900355664434, 0.0841572435921012, 0.7817476973414628], [0.6002566837219908, -0.5916923593412988, 0.5381375897892706], [0.5078423156795595, 0.8017591348080215, 0.3150848650080094]], "T": [0.009731040219405648, -0.011637458423983574, -0.03442388209010008], "aligned_model": [[-0.6076842602167757, -0.3518176969616912, -0.5475804954230188, 0.1548022620429577, 0.08800593097063308, 0.2323730784436891, 0.8392651463517712, 0.3888568833981659, -0.273888581733461, -0.04912176793287477], [0.34877539591603485, -0.3277271253853011, -0.4877877655158937, -0.5842604019045483, 0.21433701606340194, 0.5807290342983733, 0.09709145991517458, -0.021194458461272117, 0.47242204225250906, 0.02437539873489452], [-0.07510401221443665, -0.6290006739575535, -0.01645764446959444, 0.16943725520017458, -0.6375633826102546, 0.036268269402510656, -0.10026962374222409, 0.5105902120193219, 0.6391670192730039, -0.04021051466736456]], "inverted": true, "swapped": false, "error_lsq": 0.04100041733242461, "error_max": 0.21836464335110756, "target": "1040.xyz", "model": "31.xyz", "model_rescale": 3.8381024199148657, "target_rescale": 3.8520949756443637},
{"mapping": [12, 11, 14, 10, 8, 0, 1, 2, 3, 15], "R": [[0.3419687140477315, -0.8428225125613613, -0.41558105218151487], [-0.936257304173715, -0.26769984645803874, -0.2275061594500476], [0.08049632907101308, 0.466890784366212, -0.8806437057516477]], "T": [-0.05655864134925552, 0.08049717438678239, -0.04014002266168139], "aligned_model": [[-0.639648954429416, -0.15544377813500476, -0.6143880910932813, 0.07149124824668297, 0.05009655224880445, 0.31440956594564257, 0.760093308674096, 0.349063477218341, -0.16816661587745535, -0.09429621385901382], [0.26157965822942475, -0.36324377877870345, -0.4525028836028169, -0.6331336666116358, 0.3130708311179669, 0.5458553073724195, 0.024705986350457565, 0.1875642321807922, 0.4757549967674061, -0.042890087111938174], [0.06192814290527322, -0.7014871399187509, -0.026810400371131263, 0.04714781181882245, -0.5573148941140917, -0.02884496072310659, -0.07657961407166326, 0.5634326593992556, 0.5149618639090626, 0.06042343539991259]], "inverted": false, "swapped": false, "error_lsq": 0.04167501446002296, "error_max": 0.1768753631092955, "target": "1040.xyz", "model": "32.xyz", "model_rescale": 4.180218895210482, "target_rescale": 3.8520949756443637},
