[{"mapping": [11, 12, 5, 3, 7, 10, 9, 2, 4, 6, 1, 13], "R": [[0.9636155041995502, 0.24785292610886053, 0.10007041063931996], [-0.016721520126259125, 0.42955097938267783, -0.9028877819951101], [-0.26676872161277365, 0.8683633358972832, 0.4180664612695313]], "T": [0.07783491710845246, -0.06519446298187624, 0.08524650723727797], "aligned_model": [[-0.30639582127295495, -0.4412193835475252, 0.14112551340208263, 0.5507287264226433, 0.0015967728449960833, -0.8044032066898511, -0.216718920098953, 0.6413473692287076, 0.6406851584828714, 0.7459712764810613, -0.053367661017641246, 0.026543284593013527], [-0.4116705984947535, 0.08562882153149716, -0.8190892253216387, -0.13604493123542638, 0.307187201639468, 0.09499855970867647, 0.5863987287649972, 0.4480771418782935, 0.3196692162015447, -0.2689645059277818, -0.19827318942249017, -0.00965712403007047], [-0.38313674187206137, 0.2925018516623077, 0.0790619960142889, 0.2963198642918782, -0.5681401498721016, -0.3745610753880396, -0.07415086168624566, 0.18655900083696417, -0.5844428094172728, -0.22558762710094585, 0.6312502155442659, -0.059060923865394716]], "inverted": true, "swapped": false, "error_lsq": 0.047218772811402576, "error_max": 0.24884278847778446, "target": "1041.xyz", "model": "0.xyz", "model_rescale": 3.8414455957264533, "target_rescale": 3.920329642147178},
{"mapping": [9, 8, 13, 11, 2, 6, 10, 1, 4, 0, 12, 14], "R": [[0.9775026489743922, -0.053578808547700696, 0.20400461397393718], [-0.1367149949951202, 0.575568590884412, 0.8062442603397663], [-0.16061625506632435, -0.8159963899809491, 0.5552947957135276]], "T": [0.07930877817988019, 0.03702379157255616, -0.1805270325952637], "aligned_model": [[-0.28134079375848703, -0.48842496680411135, 0.12289057813231341, 0.5310464496147096, -0.1219210266091574, -0.6186460466735855, -0.237253261456968, 0.7797839406456002, 0.4237427479195543, 0.712144911460737, -0.01950338872329435, 0.1233739650811394], [-0.48131216480090705, -0.2650229483942428, -0.6548033456842282, -0.14681439484675332, 0.29991703997274505, 0.3088904151535845, 0.48969614367818703, 0.4101188582410626, 0.22516273318268187, -0.2938237091314026, 0.012360385016860452, 0.09389108290472836], [-0.4389247930045235, 0.278546555386502, 0.12659320364344206, 0.5183306063775611, -0.8400711427415019, -0.40182948452488443, 0.22352434670012278, 0.16390367039880394, -0.5570721347907135, -0.30532979377964015, 0.5757251845360585, -0.12678347905358386]], "inverted": true, "swapped": false, "error_lsq": 0.054178659116302035, "error_max": 0.30763082842936246, "target": "1041.xyz", "model": "1.xyz", "model_rescale": 4.316132596720782, "target_rescale": 3.920329642147178},
{"mapping": [5, 9, 0, 2, 3, 7, 10, 8, 6, 4, 1, 11], "R": [[-0.061967393093099774, -0.31862115628000104, -0.9458544290555714], [0.5283557793511584, 0.793525603791021, -0.30192264995247714], [0.8467586507497137, -0.5184570135497168, 0.11917261632452965]], "T": [0.03200998915705371, 0.0028617085408499904, -0.030880903046882742], "aligned_model": [[-0.29479804908706053, -0.6333514498058851, 0.13589057761528986, 0.7404630537171131, -0.04286751106667561, -0.6992525140851958, -0.05553396319693001, 0.47368836108440165, 0.5805862282330175, 0.5781130033311951, 0.014645847239490827, 0.1283095248496887], [-0.47447172150276945, -0.1171912694888326, -0.6757510526076578, -0.2133043274287881, 0.06103657344487241, 0.25310073487595414, 0.623501223104811, 0.4754339602257723, 0.43948828352261776, -0.3549415417439218, -0.0240020465911647, 0.005361279481422617], [-0.3156776456877089, 0.2738040871304883, 0.14969484929659804, 0.35910871470419975, -0.680516226819194, -0.4815434162765669, 0.035288938704051025, 0.37976711962209514, -0.4604356806253331, -0.4408541498963738, 0.5109438736480201, -0.11296772465263247]], "inverted": false, "swapped": false, "error_lsq": 0.04979058269606045, "error_max": 0.29642932781692105, "target": "1041.xyz", "model": "2.xyz", "model_rescale": 3.795458400668931, "target_rescale": 3.920329642147178},
{"mapping": [9, 8, 7, 0, 5, 3, 6, 2, 10, 4, 1, 11], "R": [[0.4540188030480985, -0.37519243169088334, 0.8081445202936504], [0.8612314112905258, -0.04766581460652427, -0.5059727525513861], [0.2283580142786797, 0.9257205892275372, 0.30148633135669684]], "T": [0.1433092635313464, 0.013053679867544618, -0.030070686202654462], "aligned_model": [[-0.43893037308818383, -0.5855613886212764, 0.020910766160943145, 0.7728716569811135, 0.017857347855703393, -0.5549504426440635, -0.2594632794622631, 0.38515108322565006, 0.6750449612306438, 0.5566491762352734, 0.11214492172474852, 0.22416867923016137], [-0.43467212774160097, -0.03244839481286553, -0.7237165462771779, -0.2918295798551991, 0.12545882936201175, 0.22403788499930855, 0.42552861182265034, 0.6988059793228808, 0.3437486358937214, -0.3023545468844919, 0.06002276107077367, -0.09432141160769505], [-0.49385215366030205, 0.24785029296538935, 0.1295868796189945, 0.3205078854048751, -0.7123107574163454, -0.3540908606559087, 0.09213817493268153, 0.21279065171189573, -0.413357431670391, -0.405067353370034, 0.5968994336358728, -0.004482022349084815]], "inverted": true, "swapped": false, "error_lsq": 0.05723203725684823, "error_max": 0.26847617442142035, "target": "1041.xyz", "model": "3.xyz", "model_rescale": 3.7530521520055578, "target_rescale": 3.920329642147178},
{"mapping": [2, 9, 3, 7, 10, 4, 1, 0, 5, 6, 11], "R": [[0.34941948099030795, 0.6795307237290482, 0.6450922583729709], [0.08114879657984125, 0.663955494160487, -0.7433558868992343], [-0.9334457130000157, 0.31209148864135905, 0.17685588370057995]], "T": [-0.044295808824713026, -0.05287730554730668, 0.0527820666967626], "aligned_model": [[-0.31016659922529927, -0.23439233013409966, 0.29226435579948046, 0.6246664374632401, 0.25178986042776014, -0.24571649879876828, -0.15565293633541893, -0.7953167922791516, -0.4821903086111105, 0.4256358649622692, -0.032721450823696575], [-0.6255785774962231, -0.021772655265359923, -0.38921262022034386, 0.21399879068690508, -0.6549463871591128, 0.6480339130146694, -0.2779473901143079, -0.049558291477963305, 0.3217229060834904, 0.2651816792169425, 0.0372819910456498], [-0.16145876681848137, -0.7627875237330884, -0.5911373592874279, -0.21535529527808, 0.04875292613470477, 0.12696572428393477, 0.5685076408481645, 0.09133414040775364, 0.6685437489113348, 0.3644478764004681, -0.04498233462396622]], "inverted": false, "swapped": true, "error_lsq": 0.04954946870775651, "error_max": 0.2632345983421087, "target": "1041.xyz", "model": "4.xyz", "model_rescale": 3.7855080009869324, "target_rescale": 3.920329642147178},
{"mapping": [10, 8, 7, 4, 9, 15, 12, 1, 3, 5, 6, 16], "R": [[-0.6670102171525785, -0.4406210133175745, -0.6007915552311505], [0.3209198875073757, -0.8976514273737336, 0.30204691810404627], [-0.6723896162317826, 0.008662422114684903, 0.7401467195271378]], "T": [0.05111204769858355, 0.13282866050294811, -0.016639310210267835], "aligned_model": [[-0.15194867031009884, -0.5400829110550549, 0.17273444890781892, 0.5896876322812543, -0.07236412121004107, -0.6924363794711306, -0.018022900057251205, 0.626467712058504, 0.3916621118318244, 0.5862426796988639, -0.0037194120033413533, 0.037672918157102955], [-0.4079059644802467, -0.23682826923531025, -0.5862781174229288, -0.15834046106703337, 0.23577000190754305, 0.12256338626947348, 0.756983333167518, 0.5144698335506941, 0.11012243533773125, -0.3949831123846383, -0.12745911895808254, 0.17014614860759558], [-0.46086524846732946, 0.07902755450468092, 0.15500830946758276, 0.3982795567998357, -0.710231939345349, -0.3720946059708063, 0.24549913908692056, 0.293876089589911, -0.6215580539741163, -0.3168945078597791, 0.5794486455120104, -0.05288220019591821]], "inverted": false, "swapped": false, "error_lsq": 0.044375301273079294, "error_max": 0.20348960506367492, "target": "1041.xyz", "model": "5.xyz", "model_rescale": 4.2253639853439635, "target_rescale": 3.920329642147178},
{"mapping": [9, 1, 8, 5, 7, 0, 4, 2, 6, 11, 10, 13], "R": [[0.3529954222976952, 0.09467888446346097, -0.9308222927463792], [0.007326338275821631, 0.9945565848916478, 0.1039400029638755], [0.9355963641466012, -0.04350986423119278, 0.35038027214762407]], "T": [0.06580827209414532, -0.010381445109977372, -0.11270165378159686], "aligned_model": [[-0.33048561522825903, -0.5374139885728803, 0.06694613474482727, 0.606291659941808, 0.07764327352161511, -0.5830374363876033, -0.25124388346543075, 0.41420406102289997, 0.5665142392166538, 0.6564237376138846, 0.16666319324356493, 0.07338773317736985], [-0.44224246378010973, -0.06491077780661178, -0.6783362939063265, -0.12616752974249248, 0.33242860726854223, 0.17040798594114195, 0.5331211540117698, 0.42725974958147855, 0.2755419630800459, -0.4081366174103252, -0.06873941746298874, 0.04803373551819183], [-0.2831236092611535, 0.3018526105429776, 0.20305125726868195, 0.19586366591079774, -0.8280564026694195, -0.5478764204347535, 0.2113263814398284, 0.25778744322798874, -0.39776183560295153, -0.4265773992771837, 0.658618711781201, -0.12849166377837076]], "inverted": true, "swapped": false, "error_lsq": 0.047844331976374166, "error_max": 0.24955333553557885, "target": "1041.xyz", "model": "6.xyz", "model_rescale": 3.89814844738969, "target_rescale": 3.920329642147178},
{"mapping": [8, 6, 9, 10, 7, 3, 0, 2, 4, 11, 5, 12], "R": [[0.6997535538453172, 0.6131940460788022, 0.3665215215159362], [0.6447133209934447, -0.3210607946972577, -0.6937324411053366], [-0.30771691148595115, 0.7217430484333559, -0.6199978019506796]], "T": [0.0733581672067757, 0.08387980526547295, -0.10700295340659967], "aligned_model": [[-0.228413837922529, -0.5069407264368334, 0.1263947140751417, 0.6673300420900753, -0.026053316680354002, -0.6707577018409528, -0.242273319800197, 0.517835845809281, 0.6120992530684702, 0.454663866191173, -0.009563365709247804, 0.2315716559844232], [-0.45472802252646033, -0.11282123916255019, -0.6949446896160905, -0.13545451829153873, 0.3127748847916098, 0.17740282954594955, 0.5787223641644222, 0.47375823608683476, 0.35211507865703645, -0.4689806053145524, -0.11079527324835559, 0.08121105020601077], [-0.38362912186545683, 0.17924474385000128, 0.32723823522406376, 0.2644718497894348, -0.714455897251667, -0.4068811854120064, -0.026268860357776577, 0.2828460518830986, -0.33787882676150316, -0.558989346518512, 0.639858638328656, -0.048943541760689255]], "inverted": false, "swapped": false, "error_lsq": 0.05038368365141973, "error_max": 0.37748756410640416, "target": "1041.xyz", "model": "7.xyz", "model_rescale": 3.7474275329858107, "target_rescale": 3.920329642147178},
{"mapping": [7, 12, 11, 4, 0, 10, 1, 2, 3, 8, 13, 14], "R": [[0.5298338015762996, -0.8419700707418423, -0.10179657500222444], [-0.012351304979483946, 0.11235559950831633, -0.9935912965220813], [0.8480115494334439, 0.5276955743931381, 0.04913036528854531]], "T": [0.047182334873035386, -0.053100720645116194, -0.13024808023026088], "aligned_model": [[-0.1668717602232222, -0.4090012452691364, -0.2739153835031263, 0.6297427571217477, -0.1654690486887972, -0.6441282764689953, 0.01423728706597066, 0.6662295304060499, 0.44893933080534265, 0.7054997492604462, 0.04762055682722344, 0.07300961149494696], [-0.5148824788060382, -0.035830885821748724, -0.5705247042418051, -0.1259564373557595, 0.455029039951959, -0.12836374904077238, 0.6683281439266517, 0.4672622541039, 0.24257416202251844, -0.23001604172747928, -0.19929589120894212, -0.03006331651016772], [-0.5828141904576477, 0.28477109139100276, -0.005153587775862695, 0.3869958127423929, -0.4919064453924107, -0.4330491285951644, 0.07773470087801362, 0.10340217134869739, -0.6453230427003277, -0.1532582287982907, 0.7567347881262262, -0.08152120161898604]], "inverted": false, "swapped": false, "error_lsq": 0.05730787474999233, "error_max": 0.40525819244786576, "target": "1041.xyz", "model": "8.xyz", "model_rescale": 4.019505241142653, "target_rescale": 3.920329642147178},
{"mapping": [1, 9, 7, 4, 6, 10, 11, 5, 2, 0, 8, 12], "R": [[0.4520228198345496, -0.6230780936117891, -0.6383173659003185], [0.7918406804954491, 0.6097548803499172, -0.03445754782282412], [0.4106868722778054, -0.489870059455114, 0.7690017020710141]], "T": [0.09608398140047109, 0.037707665682099385, -0.13484927324067758], "aligned_model": [[-0.2280418756725454, -0.4677552793192646, 0.26738461189633367, 0.7518928622604462, -0.05914615934949455, -0.6620500481770621, -0.17092837181185616, 0.479068800115743, 0.43862495777197125, 0.4841129267427831, -0.014820949395190297, 0.10755163376658616], [-0.41458286600233785, -0.15089749208725958, -0.6772552615257528, -0.18002977159882527, 0.6456007346941907, 0.18163633555478553, 0.44140870151496614, 0.5515560096553188, 0.08055445163603983, -0.48246929712990383, -0.06479542941557481, 0.06753397999666921], [-0.5178388369311887, 0.2025724865263236, 0.39341968930188514, 0.3235171647046015, -0.5014982307145861, -0.6274922366563745, 0.2562765388613559, 0.06466821263854977, -0.6152678351807163, -0.1735215243686201, 0.5234288922841319, -0.1116515813177193]], "inverted": false, "swapped": false, "error_lsq": 0.0570207005535909, "error_max": 0.32488619406039937, "target": "1041.xyz", "model": "9.xyz", "model_rescale": 3.877068213659057, "target_rescale": 3.920329642147178},
{"mapping": [5, 6, 4, 2, 0, 12, 10, 9, 8, 7, 13, 15], "R": [[0.9950907827487878, -0.07675617149802362, 0.06247258779153509], [-0.07492890280226312, -0.9967041725952895, -0.031087808800055326], [0.06465287010840337, 0.026254189534353923, -0.9975623909904786]], "T": [0.03422409950994625, -0.004519413100178075, -0.014622713360970381], "aligned_model": [[-0.32389848406592125, -0.4987118571343426, 0.23194778548150935, 0.5891801718711857, -0.12016812102483795, -0.6066716072217079, -0.1457874211566152, 0.4924078856430708, 0.6010792985616388, 0.6976920623907263, -0.0034041931784002735, 0.012227588662143962], [-0.45700238852084035, 0.09032717845581936, -0.6497739096763451, -0.10969956604234567, 0.16212260453723504, 0.15605713481057845, 0.6464393712810921, 0.44311434085994333, 0.2810817920868311, -0.39740223095653615, -0.18265154061148858, 0.015647309068372264], [-0.5418824352532652, 0.28082265436493337, 0.036784079954964466, 0.33368211165004485, -0.7776164982831419, -0.36342506580075584, 0.20230882635617026, 0.1445531150173919, -0.453291233672027, -0.28246580750544137, 0.7367038153210173, -0.09956082300224767]], "inverted": true, "swapped": false, "error_lsq": 0.0421705156671549, "error_max": 0.24914722464182185, "target": "1041.xyz", "model": "10.xyz", "model_rescale": 4.260839863003843, "target_rescale": 3.920329642147178},
{"mapping": [2, 8, 1, 0, 4, 9, 10, 6, 5, 3, 7, 11], "R": [[-0.05758278245755867, 0.2672256193652314, -0.9619119978040164], [0.015894051272809767, 0.9636339882017486, 0.26675253685116007], [0.9982142066202938, 7.167468647431563e-05, -0.059736024006930274]], "T": [0.03432343797390073, -0.0032341869207290898, -0.06427277598318608], "aligned_model": [[-0.18842223344613127, -0.6219338921874288, 0.10690216570606087, 0.7396908798356628, -0.10113480855298465, -0.6474311525714251, -0.1522742873090818, 0.6371441417115692, 0.5124787746847449, 0.5158178084868998, 0.07415408540266066, 0.05090162706790338], [-0.5012090650309128, -0.1778225876533668, -0.691335617443633, -0.14662628404446287, 0.2737912994631675, 0.26778428796385273, 0.5817105185220754, 0.49753413907450617, 0.31293207350361774, -0.4012965438949802, 0.021439517530340672, -0.03864164269788846], [-0.47991987723163204, 0.16909091870364146, 0.14669971685511174, 0.4376532622922546, -0.728359217602685, -0.3765113477497464, 0.06361300327255386, 0.23421276383303263, -0.4220677899117218, -0.40123360833193444, 0.5894935103273825, -0.016058595308613983]], "inverted": false, "swapped": false, "error_lsq": 0.042177615883578795, "error_max": 0.22701578476752177, "target": "1041.xyz", "model": "11.xyz", "model_rescale": 3.890672605050136, "target_rescale": 3.920329642147178},
{"mapping": [6, 5, 8, 3, 11, 9, 12, 4, 2, 0, 7, 13], "R": [[0.9278480494315394, 0.04878144390223174, -0.3697544697456696], [0.20123821596567992, 0.7692242645853523, 0.6064628687793463], [0.3140082444794058, -0.6371141196865266, 0.7039065427278143]], "T": [0.06679653666708733, -0.03615501162244659, -0.22633901840806633], "aligned_model": [[-0.13711378220320464, -0.532468915644429, 0.04419306693658348, 0.6743995730801301, -0.013403430897621887, -0.6868207643636179, -0.18674490537825789, 0.6250924182602725, 0.45683729704256065, 0.5726868571942565, 0.007465743776553832, 0.10176995102522413], [-0.4488877539766132, -0.06479869441719507, -0.6511220194864034, -0.2980173807460854, 0.2656951703042836, 0.10403081154225124, 0.508627747686627, 0.3331268550431949, 0.4729644677519014, -0.33969372018033694, 0.07108704857283346, 0.045247563197858574], [-0.5729376467789563, 0.26866869762966106, 0.14848855292724436, 0.4181063289881587, -0.6793474032848495, -0.3613549974336361, 0.2141841127328892, -0.018989903692885918, -0.5333075748336451, -0.2011641152078184, 0.6174282290105887, -0.0831615409091079]], "inverted": false, "swapped": false, "error_lsq": 0.0514889145032768, "error_max": 0.319965397423743, "target": "1041.xyz", "model": "12.xyz", "model_rescale": 4.124412569039231, "target_rescale": 3.920329642147178},
{"mapping": [0, 4, 1, 8, 7, 5, 10, 11, 9, 6, 2, 12], "R": [[0.42499023186395996, -0.7149400148353546, 0.5551973324930878], [-0.6174434769572068, 0.21954842342332542, 0.7553555735779856], [-0.661926624017506, -0.663821711726541, -0.3481291131997324]], "T": [0.05662412220961413, -0.07943813697915204, -0.2629922891582763], "aligned_model": [[-0.33639054911662425, -0.5568236940455685, 0.18512674474248367, 0.6253686656770271, -0.04568556771223045, -0.6280568817869429, -0.08384861932536095, 0.49505649002910423, 0.5774229525203124, 0.6010650517512589, 0.062102860887222416, 0.030555655207768248], [-0.472681543380754, -0.15069052089486978, -0.7141266752408624, -0.05185661821337047, 0.4432484189226703, 0.15283823638824617, 0.5497558049946095, 0.5297653548789274, 0.18635306309436095, -0.46737714475860415, -0.0020590406618094664, -0.004909239836227902], [-0.4293247419088405, 0.22371206696317997, 0.2304870258186748, 0.17365977484355455, -0.5937628533619721, -0.4888362357536369, 0.09616236355650865, 0.3906138810180866, -0.5213813142945664, -0.28945387012018037, 0.5951323943956548, -0.1703957520088204]], "inverted": true, "swapped": false, "error_lsq": 0.04117908284364046, "error_max": 0.23929488819286504, "target": "1041.xyz", "model": "13.xyz", "model_rescale": 3.9028299243045295, "target_rescale": 3.920329642147178},
{"mapping": [4, 8, 13, 11, 3, 0, 2, 1, 6, 9, 12, 15], "R": [[0.5463545011813986, -0.7875071445652133, -0.2851828471306951], [0.3946932328078686, -0.05823495227064411, 0.916965616754363], [-0.7387245840057707, -0.6135480320176897, 0.27900681244858727]], "T": [0.07159844410357816, -0.0881982512064377, -0.10183484426004048], "aligned_model": [[-0.3278002964921032, -0.5695471407692813, 0.0008624130928932827, 0.6855697984002994, -0.043785384932014726, -0.6435877156174268, -0.1781174617259876, 0.46919841169501064, 0.505659857321173, 0.7923347430922802, 0.071930735809901, 0.1631751489537063], [-0.37969095091950794, 0.05834866134539074, -0.7348542828481996, -0.09908652051408373, 0.2011673125082733, 0.19726930665000186, 0.5870085405446013, 0.36090018608371294, 0.3141163830209122, -0.22356680281193198, -0.16793318254736597, -0.11541855521948703], [-0.5653819571917015, 0.30308922390236137, 0.35585909545668526, 0.30899031323699044, -0.6418752017994596, -0.40880950054249354, 0.05272104952849409, 0.1480123393095215, -0.4086603433491726, -0.3529523446855605, 0.5894556296126763, -0.1638355643306982]], "inverted": true, "swapped": false, "error_lsq": 0.04374315670417155, "error_max": 0.1944109398735196, "target": "1041.xyz", "model": "14.xyz", "model_rescale": 3.942246331269136, "target_rescale": 3.920329642147178},
{"mapping": [6, 2, 8, 12, 10, 9, 5, 3, 4, 13, 0, 14], "R": [[0.02122926576274908, 0.8271063974953066, -0.5616443051411728], [-0.6677628513056382, 0.4298222741829799, 0.6077380908190101], [0.7440712954356852, 0.36214336917650086, 0.56143573761398]], "T": [0.08386295890208159, -0.0104782916103152, -0.12148804101608018], "aligned_model": [[-0.25012050070783853, -0.4605617228031734, 0.0018323800966198733, 0.7454509389182051, -0.041966008873420585, -0.6509730680580024, -0.13506616232211568, 0.4930752758248481, 0.46817215963916325, 0.8350487105749163, -0.15388127221821285, 0.07488237875746087], [-0.3726745601650192, 0.12244885489491132, -0.7643447594281046, -0.053940551823172825, 0.23290841097917467, 0.18184149501189356, 0.5014077524901641, 0.5567701516936271, 0.20720674463538397, -0.30318180949408235, -0.28879864983865594, -0.02138298366380377], [-0.38617332789553344, 0.39675906057889837, 0.03277556171820664, 0.3565168070745261, -0.7802220540397957, -0.38830524302425024, 0.1831794431765672, 0.04380688857524773, -0.506953526041833, -0.22624711512186785, 0.5162681362436352, -0.02479189209615816]], "inverted": true, "swapped": false, "error_lsq": 0.0515435141779266, "error_max": 0.2916156274303525, "target": "1041.xyz", "model": "15.xyz", "model_rescale": 4.355366556412066, "target_rescale": 3.920329642147178},
{"mapping": [5, 9, 0, 2, 3, 7, 10, 8, 6, 4, 1, 11], "R": [[-0.061967393093099774, -0.31862115628000104, -0.9458544290555714], [0.5283557793511584, 0.793525603791021, -0.30192264995247714], [0.8467586507497137, -0.5184570135497168, 0.11917261632452965]], "T": [0.03200998915705371, 0.0028617085408499904, -0.030880903046882742], "aligned_model": [[-0.29479804908706053, -0.6333514498058851, 0.13589057761528986, 0.7404630537171131, -0.04286751106667561, -0.6992525140851958, -0.05553396319693001, 0.47368836108440165, 0.5805862282330175, 0.5781130033311951, 0.014645847239490827, 0.1283095248496887], [-0.47447172150276945, -0.1171912694888326, -0.6757510526076578, -0.2133043274287881, 0.06103657344487241, 0.25310073487595414, 0.623501223104811, 0.4754339602257723, 0.43948828352261776, -0.3549415417439218, -0.0240020465911647, 0.005361279481422617], [-0.3156776456877089, 0.2738040871304883, 0.14969484929659804, 0.35910871470419975, -0.680516226819194, -0.4815434162765669, 0.035288938704051025, 0.37976711962209514, -0.4604356806253331, -0.4408541498963738, 0.5109438736480201, -0.11296772465263247]], "inverted": false, "swapped": false, "error_lsq": 0.04979058269606045, "error_max": 0.29642932781692105, "target": "1041.xyz", "model": "16.xyz", "model_rescale": 3.795458400668931, "target_rescale": 3.920329642147178},
{"mapping": [8, 6, 9, 10, 7, 3, 0, 2, 4, 11, 5, 12], "R": [[0.6997535538453172, 0.6131940460788022, 0.3665215215159362], [0.6447133209934447, -0.3210607946972577, -0.6937324411053366], [-0.30771691148595115, 0.7217430484333559, -0.6199978019506796]], "T": [0.0733581672067757, 0.08387980526547295, -0.10700295340659967], "aligned_model": [[-0.228413837922529, -0.5069407264368334, 0.1263947140751417, 0.6673300420900753, -0.026053316680354002, -0.6707577018409528, -0.242273319800197, 0.517835845809281, 0.6120992530684702, 0.454663866191173, -0.009563365709247804, 0.2315716559844232], [-0.45472802252646033, -0.11282123916255019, -0.6949446896160905, -0.13545451829153873, 0.3127748847916098, 0.17740282954594955, 0.5787223641644222, 0.47375823608683476, 0.35211507865703645, -0.4689806053145524, -0.11079527324835559, 0.08121105020601077], [-0.38362912186545683, 0.17924474385000128, 0.32723823522406376, 0.2644718497894348, -0.714455897251667, -0.4068811854120064, -0.026268860357776577, 0.2828460518830986, -0.33787882676150316, -0.558989346518512, 0.639858638328656, -0.048943541760689255]], "inverted": false, "swapped": false, "error_lsq": 0.05038368365141973, "error_max": 0.37748756410640416, "target": "1041.xyz", "model": "17.xyz", "model_rescale": 3.7474275329858107, "target_rescale": 3.920329642147178},
{"mapping": [7, 9, 2, 0, 11, 12, 5, 8, 3, 1, 6, 13], "R": [[-0.019077869355572236, 0.4065587235847232, 0.9134254425939821], [0.7875174320042739, 0.5689826420060298, -0.23680170477686974], [-0.6159970204394218, 0.7148207868920704, -0.3310270584661561]], "T": [0.07790429535759157, 0.06618673250047187, -0.09394306871035907], "aligned_model": [[-0.3413604461449128, -0.4591620746545919, 0.16917551606185072, 0.7084502141703095, 0.06888108732102076, -0.6241620127318855, -0.28941425717942054, 0.5173562809858137, 0.6055945698698993, 0.5297756116154314, -0.07652045906242207, 0.11727907857735761], [-0.41398324192423247, -0.06652166975642392, -0.5915050523738409, -0.1708386224945025, 0.08568991951164384, 0.23366179883768218, 0.6487221034415883, 0.5825169723413679, 0.298833310242284, -0.3520143913603024, -0.2505070818270888, -0.005793949345859237], [-0.49528226967397526, 0.2824508207570888, 0.15694296954142872, 0.4014085398860001, -0.815936745427261, -0.2896262936287408, 0.1273024040905633, 0.14509560383438924, -0.451724741465382, -0.40928185534256073, 0.5922470176719136, -0.026982711095821038]], "inverted": true, "swapped": false, "error_lsq": 0.048419271956232086, "error_max": 0.3541843541702737, "target": "1041.xyz", "model": "18.xyz", "model_rescale": 3.922800546911778, "target_rescale": 3.920329642147178},
{"mapping": [5, 1, 8, 4, 3, 0, 2, 10, 7, 13, 6, 14], "R": [[-0.5468055105119859, 0.28423182768644284, -0.7875379367393998], [-0.8212822590436464, -0.3649669833457695, 0.4385140271959995], [-0.16278570162606876, 0.8865728222754818, 0.4330005151828292]], "T": [0.11869561118377067, -0.039109562650742766, -0.09862807865189842], "aligned_model": [[-0.42661524664330674, -0.4928107626781909, 0.10346998517048836, 0.6457608906630562, -0.07672286284052118, -0.6057657151716739, -0.1424214023273335, 0.4098782685155389, 0.5497503013572299, 0.710079955990363, 0.08841735291865718, 0.16287234387414318], [-0.4683819709570914, -0.024716173206853806, -0.6244100286921443, -0.1260157400557908, 0.22604310365414837, 0.18784913992581675, 0.6118562209958611, 0.4863802989447135, 0.24406818687151205, -0.3559859271807567, -0.16727143776066217, 0.008844422753563688], [-0.4162677927754309, 0.31830813829543886, 0.07908573281429139, 0.3897535821303528, -0.6469481741677654, -0.4480392542272552, 0.04694120575999615, 0.4395853666399339, -0.7087208874225227, -0.24582751187127094, 0.5784432120980877, -0.16970087812621254]], "inverted": true, "swapped": false, "error_lsq": 0.03992920299310187, "error_max": 0.2782597478654887, "target": "1041.xyz", "model": "19.xyz", "model_rescale": 3.9282355846067225, "target_rescale": 3.920329642147178},
{"mapping": [6, 4, 5, 2, 9, 8, 11, 10, 12, 7, 1, 13], "R": [[0.8441839878672182, -0.4941392291485437, 0.20779753811121943], [-0.32044496540657663, -0.15442609568477766, 0.9345948882361459], [-0.429730635135754, -0.8555577147031281, -0.28870846547647777]], "T": [-0.012039543812559922, -0.060969389647550415, -0.07557397443441108], "aligned_model": [[-0.2481651108194684, -0.6092434363708236, 0.12150542766209538, 0.6955309193917657, -0.009276988480648535, -0.5538795139547354, -0.22713533995130192, 0.5674820667080926, 0.5479488656672585, 0.44351810765941624, 0.15981835241296033, 0.03778975890383962], [-0.6410679155359615, 0.09525239020141546, -0.6857405240419142, -0.24984096901699246, 0.4530324440057871, 0.08127367833647153, 0.6036146044274995, 0.5017230912863976, 0.3436556667265932, -0.31501304282870735, -0.16661573107656616, -0.022013597191706535], [-0.26151609156988576, 0.059740884889652984, 0.20641347647432232, 0.30176907435168554, -0.5384122923455686, -0.5901591816596139, 0.08387847812950941, 0.22403614527354046, -0.5710393014453431, -0.4162010797025213, 0.6460938926306362, 0.07200873412122902]], "inverted": false, "swapped": false, "error_lsq": 0.05010247154646072, "error_max": 0.28755642954700433, "target": "1041.xyz", "model": "20.xyz", "model_rescale": 4.067790424073018, "target_rescale": 3.920329642147178},
{"mapping": [5, 13, 6, 3, 7, 1, 9, 12, 0, 2, 11, 14], "R": [[0.23932565996892263, -0.7679954482432929, -0.5940591047682239], [0.9285395111323023, 0.3598674668178794, -0.09115800893102194], [0.28379148110298413, -0.5297909000763097, 0.7992396370611938]], "T": [0.04814714085738705, -0.090802954537766, -0.12022803335513843], "aligned_model": [[-0.3923611057710889, -0.5414525466799708, 0.21686830421553646, 0.7717614672121733, -0.006135811576955787, -0.6139505631958386, -0.18262788849831804, 0.320708669878308, 0.593679145558176, 0.6719122510854709, 0.07549521185821909, 0.011995974742738467], [-0.4104813059918837, -0.18890371599833478, -0.7505048927733666, -0.1168746074931178, 0.4366918407704641, 0.298058470175647, 0.6494747675635956, 0.4847136294399478, 0.15918285306468088, -0.4500925032525918, -0.07444312003938605, -0.03856132017333832], [-0.34875452442733207, 0.24428802134465755, 0.16939831975976083, 0.3263675244565179, -0.6450771156697842, -0.4095695684587611, -0.06748640411235349, 0.305805699302369, -0.5001753420249722, -0.3087752130884227, 0.525540263177656, -0.07494892111169241]], "inverted": false, "swapped": false, "error_lsq": 0.046603765818995946, "error_max": 0.22946420691466593, "target": "1041.xyz", "model": "21.xyz", "model_rescale": 4.186013935880536, "target_rescale": 3.920329642147178},
{"mapping": [6, 4, 7, 9, 5, 3, 11, 8, 2, 1, 10, 12], "R": [[0.18361989878083562, -0.7284102201219259, 0.6600774833257406], [-0.8391390350850535, -0.4658938275254313, -0.28069310869743347], [0.5119857542629884, -0.5023559422318316, -0.6967848267120401]], "T": [0.1232552258941294, -0.017905401453745886, -0.09980990502773493], "aligned_model": [[-0.2834534956477254, -0.4780745485350101, 0.06811355694428431, 0.542462088770959, -0.010374427052184776, -0.6913109923218141, -0.13663747490608885, 0.5483602548588398, 0.6010129426428967, 0.6431693920423919, 0.04409233288224673, 0.07853347914965503], [-0.32327223245161335, -0.18191814469023762, -0.7090578862557408, 0.03571030021765105, 0.38295265224220365, 0.21424107658644648, 0.491616647037012, 0.6046026852871711, 0.3099699758778913, -0.514496268481397, -0.3051475310100994, -0.006941179066971316], [-0.3260663156889678, 0.27317598104505825, 0.14017213383831684, 0.35498864695938703, -0.7478798956579129, -0.4671361137462232, 0.16816219218466014, 0.03960862671999171, -0.5623512587374682, -0.23475436232564953, 0.6796287570976346, -0.10093565254118371]], "inverted": true, "swapped": false, "error_lsq": 0.045258069639398185, "error_max": 0.27507777333978267, "target": "1041.xyz", "model": "22.xyz", "model_rescale": 4.166573947596378, "target_rescale": 3.920329642147178},
{"mapping": [10, 14, 9, 3, 5, 13, 6, 2, 0, 8, 11, 15], "R": [[-0.2643413615186971, -0.7600146163092429, -0.5937183065956076], [-0.018367522280217707, 0.6194719441643857, -0.7848038892095798], [0.964254260408388, -0.196550994374261, -0.17771164254139904]], "T": [0.12763507162515095, 0.0006226501072642941, -0.011570158501076205], "aligned_model": [[-0.32020259413581575, -0.6019182248227439, 0.110139289523971, 0.5903233414017126, -0.18129903441472292, -0.5765320212614206, -0.061823659338084064, 0.49648175922785365, 0.5595957868628588, 0.6371904128863153, 0.13930162068231472, 0.13463643221621152], [-0.38152649879263945, -0.28961248284670765, -0.552367552217809, -0.13170996347028666, 0.46682224237977576, 0.05411497154529553, 0.7230310268462269, 0.48093796794640264, 0.2208406632319413, -0.5407958871557377, -0.11102120828453553, 0.05954681611039006], [-0.47454390097998433, 0.08586350334864672, 0.22154976776700758, 0.34875510624033856, -0.6266145792477681, -0.47858238075932624, 0.13450912971611637, 0.2817872270931737, -0.6685859345862187, -0.32984435148787183, 0.7691300835527431, -0.046810931509214164]], "inverted": false, "swapped": false, "error_lsq": 0.04238949407906914, "error_max": 0.2549667112089179, "target": "1041.xyz", "model": "23.xyz", "model_rescale": 4.274766983524099, "target_rescale": 3.920329642147178},
{"mapping": [1, 6, 4, 0, 8, 9, 2, 3, 10, 7, 11], "R": [[0.30641631234465305, -0.234563200779149, -0.9225449302713364], [-0.20247262674674976, -0.9630467577861705, 0.17761131083300097], [-0.9301149815734482, 0.1323670924277865, -0.3425858635361921]], "T": [0.019727595230863745, 0.06070669641245306, -0.09417840201981112], "aligned_model": [[0.34192940137856165, 0.3103028739643357, -0.4608692217039484, -0.44822487777092757, -0.5921745445846867, -0.5466527072161553, 0.053467563611817495, 0.08789389891132025, 0.5434151296546427, 0.16468632139213246, -0.07387913367901723], [-0.1432797309095774, 0.6232152214491608, 0.49589987088597937, -0.3921558262945831, 0.4928182884980877, -0.09622583814809928, -0.5700225860148993, -0.05039394257932647, -0.23318627200414116, 0.6579446271459147, 0.13097271921496756], [-0.5226703555402725, -0.2293931919126286, -0.43620712325890676, -0.47029781705924967, 0.17742503730945045, 0.5031853699930483, 0.11939909128829837, 0.695781355516006, 0.20506802811372224, 0.3672593558517999, -0.02998331627969017]], "inverted": true, "swapped": true, "error_lsq": 0.04613401549108386, "error_max": 0.2524408250527136, "target": "1041.xyz", "model": "24.xyz", "model_rescale": 3.7841303162186577, "target_rescale": 3.920329642147178},
{"mapping": [4, 12, 3, 11, 8, 2, 9, 10, 0, 6, 13, 15], "R": [[0.8377391895904401, 0.3656955408417469, -0.40553646153313366], [-0.5417074852406514, 0.6502304239360928, -0.532685081659078], [0.06889158626858578, 0.6659333053664995, 0.7428235201883734]], "T": [0.13095739297871528, 0.08933327155412106, -0.11381380446881723], "aligned_model": [[-0.13986953546315212, -0.4704837576697141, 0.0023016543813777213, 0.6497493836938975, -0.06556235213754488, -0.5763874390824129, -0.252421975217564, 0.5195855432775619, 0.5721344393097125, 0.46370196133976255, 0.06799639194108836, 0.15514879445543775], [-0.4708888652404619, 0.008960936500572322, -0.6652145566044625, -0.20179638993905424, 0.3516357024594192, 0.11750846316786087, 0.4982291769274971, 0.6880676429530562, 0.3637672710342553, -0.5383743685268584, -0.17801877159918933, 0.02438385415968157], [-0.5255276312155157, 0.3411375517143126, 0.1373975877495479, 0.3714963641154947, -0.6057845435981627, -0.37393392107106127, 0.05341390596349266, 0.1956056819537702, -0.6347540535104785, -0.24530761821386277, 0.6186879324855268, -0.11581851722542086]], "inverted": false, "swapped": false, "error_lsq": 0.044104150683020336, "error_max": 0.2955388219151976, "target": "1041.xyz", "model": "25.xyz", "model_rescale": 4.19342608120988, "target_rescale": 3.920329642147178},
{"mapping": [5, 9, 0, 2, 3, 7, 10, 8, 6, 4, 1, 11], "R": [[-0.061967393093099774, -0.31862115628000104, -0.9458544290555714], [0.5283557793511584, 0.793525603791021, -0.30192264995247714], [0.8467586507497137, -0.5184570135497168, 0.11917261632452965]], "T": [0.03200998915705371, 0.0028617085408499904, -0.030880903046882742], "aligned_model": [[-0.29479804908706053, -0.6333514498058851, 0.13589057761528986, 0.7404630537171131, -0.04286751106667561, -0.6992525140851958, -0.05553396319693001, 0.47368836108440165, 0.5805862282330175, 0.5781130033311951, 0.014645847239490827, 0.1283095248496887], [-0.47447172150276945, -0.1171912694888326, -0.6757510526076578, -0.2133043274287881, 0.06103657344487241, 0.25310073487595414, 0.623501223104811, 0.4754339602257723, 0.43948828352261776, -0.3549415417439218, -0.0240020465911647, 0.005361279481422617], [-0.3156776456877089, 0.2738040871304883, 0.14969484929659804, 0.35910871470419975, -0.680516226819194, -0.4815434162765669, 0.035288938704051025, 0.37976711962209514, -0.4604356806253331, -0.4408541498963738, 0.5109438736480201, -0.11296772465263247]], "inverted": false, "swapped": false, "error_lsq": 0.04979058269606045, "error_max": 0.29642932781692105, "target": "1041.xyz", "model": "26.xyz", "model_rescale": 3.795458400668931, "target_rescale": 3.920329642147178},
{"mapping": [10, 3, 7, 6, 11, 4, 9, 1, 8, 5, 0, 12], "R": [[0.04546068450242202, 0.5233281185696806, -0.8509177436620357], [-0.9343444406915903, -0.27911315308676776, -0.22157688038846077], [-0.35345974638322103, 0.8051232999288251, 0.47628004325021667]], "T": [0.0645397927540354, 0.17046133655527235, -0.05307728978945789], "aligned_model": [[-0.19648964687700995, -0.49850482607654256, -0.04062163807820948, 0.8187449336939423, -0.06495287883856324, -0.6533461947658732, -0.1980357491939099, 0.48331289053905646, 0.682348917763933, 0.4797897779463357, 0.03345133340649101, 0.08019618930880026], [-0.35453234912194415, -0.11792718674415303, -0.6171776502110435, -0.10551556516520566, 0.3547170895407069, 0.08858031663781299, 0.49541514076368853, 0.47679612878245564, 0.25890442658060503, -0.41522168038723556, -0.07679582442721888, 0.011017249043847183], [-0.4579620760610422, 0.3275660809435198, 0.11655171309761458, 0.13718125738371648, -0.731941088521513, -0.4735512962826386, 0.04608621164443373, 0.2317757568747735, -0.4288982777444257, -0.27980029555453445, 0.7401254561281218, -0.01052070276038302]], "inverted": true, "swapped": false, "error_lsq": 0.04730015482098441, "error_max": 0.26649367200778, "target": "1041.xyz", "model": "27.xyz", "model_rescale": 3.6321398670334006, "target_rescale": 3.920329642147178},
{"mapping": [10, 11, 9, 6, 3, 0, 1, 4, 7, 12, 13, 14], "R": [[0.9445960538717028, -0.05416768749863614, 0.32373470101466956], [-0.25127778663718625, -0.7539001365464179, 0.6070371142343847], [0.2111818385958511, -0.6547522017880831, -0.7257422306169962]], "T": [0.007663885560606612, 0.0034309011057913276, -0.14344444084227256], "aligned_model": [[-0.4225019963836139, -0.49004161139367136, 0.05823199187146451, 0.5779084052516305, -0.056119099137260445, -0.5460970264624954, -0.03445098743535354, 0.5722350553460254, 0.5851362666080497, 0.7145208461882366, -0.03270241239615919, -0.00022632322840261676], [-0.5869246044356962, -0.2289318384448497, -0.5961905665743488, -0.12252171823769814, 0.5191173981567923, 0.06848832156278013, 0.600883473048038, 0.5443904110851447, 0.2622599196978899, -0.3803288120777249, -0.11206613675661972, 0.030084248268608508], [-0.41010775681320244, 0.18945589257409587, 0.14719128191299638, 0.369258750666844, -0.5923979435399936, -0.42367305925707943, 0.15411892702822563, 0.13058011128591343, -0.5911280034910528, -0.33473336004441534, 0.6637162173592557, -0.08566831853394397]], "inverted": false, "swapped": false, "error_lsq": 0.03650783986671116, "error_max": 0.17555088806418948, "target": "1041.xyz", "model": "28.xyz", "model_rescale": 4.156811204709835, "target_rescale": 3.920329642147178},
{"mapping": [5, 6, 4, 8, 10, 1, 0, 2, 9, 11], "R": [[-0.8721322578091832, -0.46246958265166604, 0.15970976805020398], [-0.25459684269013105, 0.7077132847135403, 0.6590313758328871], [-0.41781068988343606, 0.5341009190798732, -0.7349628804621101]], "T": [-0.11679353467338274, -0.1134438918974588, 0.06547703366672766], "aligned_model": [[-0.5865294349227658, 0.06606943883558086, 0.07553771155496894, 0.5403555206511318, -0.2601676082318569, -0.6459871240120963, -0.5295627198851376, -0.3888123316676505, 0.3698348787749065, 0.002187043013506973], [-0.09452301396249647, -0.6637174052033747, 0.036975703306515104, 0.21468071585485293, -0.37753794470099705, -0.32818981911695067, 0.4781707871103921, 0.20371205028442702, 0.5121620143096927, -0.06301275725585678], [-0.6346869079753772, -0.222434526068532, -0.6257050572554772, -0.2433958299108364, 0.6653673093407784, 0.011921899518119533, -0.14699288691673734, 0.585083655300784, 0.3376313664643824, 0.03199770447799529]], "inverted": true, "swapped": true, "error_lsq": 0.056192756507994254, "error_max": 0.26159850330384377, "target": "1041.xyz", "model": "29.xyz", "model_rescale": 4.117894457231895, "target_rescale": 3.920329642147178},
