[{"mapping": [1, 0, 2, 11, 12, 7, 5, 4, 6, 3, 9, 13], "R": [[0.9605959493671056, -0.16330452543319882, -0.22491565982062564], [0.08550552502517503, -0.5963355693100171, 0.7981683368600057], [-0.2644697095125997, -0.7859488028801469, -0.5588740931565763]], "T": [-0.12216436398002771, -0.021863733489768403, -0.130398709535613], "aligned_model": [[-0.5195852191903205, -0.3163414377819726, 0.37408389365693306, -0.26362734755351197, -0.6542963715123818, 0.1771134953200436, -0.15262526685309402, 0.7379120517900749, 0.5833581038991237, 0.17363544874611642, -0.22167893129784838, -0.08890857310753975], [-0.006578379025256112, -0.683743468408702, -0.5367848391348529, 0.4084525364507284, -0.21980640556115671, -0.2520220290401486, 0.7178237233698076, -0.2516147381940678, 0.25146657411384127, 0.010601669560137958, -0.630551788623552, -0.047068930199913664], [-0.5485698888459352, -0.47626416761719575, -0.4129799671646855, 0.40052310480833203, -0.01737644134729796, 0.5244710518655222, -0.2863982608246093, 0.21728974509654647, -0.2402844431441273, -0.5601064872098338, 0.264998399954613, 0.027077043161897407]], "inverted": true, "swapped": false, "error_lsq": 0.04761866680769248, "error_max": 0.29846119701849716, "target": "1042.xyz", "model": "0.xyz", "model_rescale": 3.8414455957264533, "target_rescale": 3.9202345387057296},
{"mapping": [6, 8, 12, 7, 9, 0, 2, 1, 3, 10, 13, 14], "R": [[-0.5125348009866527, 0.042905534258014334, -0.8575938391264287], [-0.14382597261683125, -0.9889303724671364, 0.036480241403165664], [-0.8465353905055565, 0.14204166129007745, 0.5130321618374037]], "T": [-0.00934946309413084, -0.05651366524263993, -0.06984643203051766], "aligned_model": [[-0.41544667675268115, -0.3777389254877947, 0.23327649409547416, -0.3585862870823569, -0.6740630805151182, 0.16894198978716635, -0.2718588130288743, 0.8360930397959631, 0.6524206019915327, 0.2193339995727558, -0.2608521414783109, 0.07751964521786688], [0.21711870325006674, -0.6494859934686974, -0.7203203349725905, 0.17867103816530558, -0.1353009778648963, -0.07174259371154655, 0.6249165203523908, -0.09918378575596457, 0.3486284456053489, -0.19001879848606648, -0.6740056307486462, -0.06910266705783814], [-0.6783179217122248, -0.4399483361813164, -0.357566598141503, 0.4156191158600151, 0.0622824678298442, 0.6326474163940304, -0.17636624697210998, 0.10877082998817378, -0.17613440413558928, -0.7009261050597855, 0.29112043063202997, -0.08880095976833818]], "inverted": false, "swapped": false, "error_lsq": 0.044710717414146166, "error_max": 0.19804128348066008, "target": "1042.xyz", "model": "1.xyz", "model_rescale": 4.316132596720782, "target_rescale": 3.9202345387057296},
{"mapping": [9, 0, 2, 3, 5, 6, 7, 8, 10, 1, 4, 11], "R": [[-0.7721205642382418, -0.19268365486068315, 0.6055599420618478], [-0.15864039589694992, -0.8643077181935108, -0.4772896322578001], [0.6153560425234146, -0.46459140911198105, 0.6367823517570708]], "T": [-0.01636572427242875, -0.07701681693021453, -0.1426457965228588], "aligned_model": [[-0.2672863274065951, -0.3858988315894895, 0.339137205493131, -0.32076235984408413, -0.6600346458945016, 0.35569834789875, -0.38633023764726604, 0.7376354883117588, 0.43649213577499724, 0.21662341997740067, -0.22682132419452736, -0.009413024763951498], [0.2597575062757914, -0.6244470792062269, -0.8343212169105421, 0.18142383134147286, -0.06170867732047594, -0.09764396573254344, 0.7339919667114383, -0.21225493566722325, 0.35872478372307703, -0.22022313303870006, -0.5978194117499118, -0.12530574311929074], [-0.7538523175809505, -0.4027985384408695, -0.17150951845093837, 0.37847619343024064, -0.17751501097579803, 0.5903199666142721, -0.06614657117277178, -0.1577765094915548, -0.09484606176770845, -0.6114797469713903, 0.3853720335049188, -0.025864229964223426]], "inverted": true, "swapped": false, "error_lsq": 0.05673066061127877, "error_max": 0.3532098257295726, "target": "1042.xyz", "model": "2.xyz", "model_rescale": 3.795458400668931, "target_rescale": 3.9202345387057296},
{"mapping": [3, 9, 4, 1, 8, 0, 6, 10, 2, 5, 7, 11], "R": [[0.6173829591869809, -0.6560479930806742, 0.43409597150900425], [0.7786570509036643, 0.431109735610753, -0.45589208475212106], [0.11194408775605388, 0.6194718933385488, 0.7769961998491491]], "T": [0.03650498425419246, -0.08790628670359298, -0.03774159655708625], "aligned_model": [[-0.39491560610524806, -0.4724131336205568, 0.41661524352103607, -0.18503052060685038, -0.7117577934159229, 0.36651162832251777, -0.21620817838893952, 0.7450931275938378, 0.402639311602655, 0.1939076392411227, -0.3773914888205935, 0.06198961679256457], [0.07886855137250708, -0.5831867343503067, -0.6035046077935089, 0.23449054661153673, 0.12290821046878538, -0.3135735998690588, 0.4002255059724495, -0.05902405964403723, 0.5800569508542325, -0.2665606927609736, -0.6450132408169057, -0.1855129047378552], [-0.6882279170393633, -0.5379958022215333, -0.06282735771654496, 0.4554633749446117, -0.11662759256839289, 0.6348487860794649, -0.25024973058184036, -0.22768736639341955, 0.04883830309251557, -0.6989008988047171, 0.28104335897063676, 0.05470253097180882]], "inverted": true, "swapped": false, "error_lsq": 0.060728283371180546, "error_max": 0.3206478634927648, "target": "1042.xyz", "model": "3.xyz", "model_rescale": 3.7530521520055578, "target_rescale": 3.9202345387057296},
{"mapping": [1, 9, 0, 6, 4, 8, 10, 2, 5, 3, 11], "R": [[0.6652160690249808, -0.7399297622525103, -0.0999576332447709], [-0.7411824002568537, -0.6382266880301296, -0.20812338704619707], [0.0902010590871392, 0.21253385993538934, -0.972981565766034]], "T": [-0.03415678939836412, 0.09349072509979477, 0.08403292249558786], "aligned_model": [[-0.2295505314987616, -0.3068273128505467, 0.27996235458070645, 0.5460260776380652, 0.3214549914952264, -0.08434825863742093, -0.37767633650668786, -0.7124362659483668, -0.32963156222809903, 0.39796656241486433, -0.16674011601377453], [-0.7010239914773775, 0.052058650728695394, -0.3523247893934593, 0.302270461367546, -0.5560015959301283, 0.8154101985365064, -0.39286627602026675, -0.15553158404658424, 0.33574816817794245, 0.18039211163671431, -0.0609279952652423], [-0.2164443191271756, -0.4984300836238102, -0.5193918085905576, -0.38008983953193987, 0.1163130254699478, -0.09425615757306935, 0.5385431720910718, -0.07912232438377395, 0.7290838770325259, 0.47277017348938605, 0.023855061992711694]], "inverted": true, "swapped": true, "error_lsq": 0.05948190911037415, "error_max": 0.3341863429126166, "target": "1042.xyz", "model": "4.xyz", "model_rescale": 3.7855080009869324, "target_rescale": 3.9202345387057296},
{"mapping": [4, 7, 10, 12, 6, 14, 1, 9, 2, 5, 8, 16], "R": [[-0.6728423692515102, 0.21607703130749067, 0.7075265809009276], [0.3200158207476653, 0.947293020346781, 0.015026911641183513], [-0.6669880213401235, 0.23653044231898668, -0.7065269487041326]], "T": [-0.04040326764486337, -0.10543684250508435, -0.012479299566024005], "aligned_model": [[-0.46479553528183554, -0.3406497251555116, 0.2734301636852564, -0.17925682604378093, -0.6783362313028527, 0.3432108971266985, -0.22806922726972886, 0.6492687924293263, 0.5136415648111274, 0.18794245292446962, -0.24874753400286623, 0.0014010541953202449], [0.10407919593359301, -0.5283652027468659, -0.7241918724925746, 0.3654740182057066, -0.21720012380385223, 0.06186675000534979, 0.607132630471482, -0.24378915450410005, 0.382297108030637, -0.21403940784372183, -0.7396863319254332, -0.09340368402335535], [-0.5808058049062723, -0.5531762005479078, -0.23522369190627568, 0.4587190807312066, -0.09388919392063977, 0.5190722774729206, -0.18605974998987534, 0.09763476205461091, 0.0181083564789134, -0.7813531249228525, 0.21029889911910907, 0.019054079070289276]], "inverted": true, "swapped": false, "error_lsq": 0.04421340155056432, "error_max": 0.29419335725533197, "target": "1042.xyz", "model": "5.xyz", "model_rescale": 4.2253639853439635, "target_rescale": 3.9202345387057296},
{"mapping": [10, 5, 6, 9, 8, 12, 1, 7, 0, 2, 11, 13], "R": [[0.6331464821158745, -0.7730344961946585, 0.039283582796933336], [0.1690010808949209, 0.0885347825637783, -0.9816314109342332], [0.7553569797391438, 0.628155442521559, 0.18669915155110797]], "T": [0.003241071657176584, -0.04162638833812074, -0.16165763039943903], "aligned_model": [[-0.5460548839135329, -0.34365432974036914, 0.3459941401724437, -0.17091281879876638, -0.7066127395306548, 0.32143679811693626, -0.23481409361395789, 0.7201278313939224, 0.4928718634291707, 0.05923988607337659, -0.16546438427362228, 0.05688257680067641], [0.004918230621401176, -0.5151997220054099, -0.5836286834873764, 0.30961306082105344, 0.008638806514354037, -0.37806867344814754, 0.628532943764104, -0.18456645826886264, 0.5151459991126299, -0.307818940845926, -0.6860741641556868, -0.051318473315267996], [-0.7135815617783142, -0.3985819739759721, -0.2113749734440651, 0.3062074134741149, 0.03695216927631842, 0.6488371770618556, -0.3431018087086363, 0.14661615400211497, 0.14384007114301278, -0.7749905496289486, 0.24056037292234433, -0.18900280161059824]], "inverted": false, "swapped": false, "error_lsq": 0.047111986620975134, "error_max": 0.3030218759957325, "target": "1042.xyz", "model": "6.xyz", "model_rescale": 3.89814844738969, "target_rescale": 3.9202345387057296},
{"mapping": [5, 1, 2, 8, 6, 7, 9, 4, 11, 10, 0, 12], "R": [[0.840081937861662, 0.12830133516548026, 0.5270684064458333], [-0.5424392773075075, 0.2070820712701304, 0.814172368846169], [-0.004687015330044841, -0.9698741068578066, 0.24356159125376928]], "T": [0.01257191392193638, -0.13722921220773077, 0.04719698510440362], "aligned_model": [[-0.4529233543209263, -0.4452626225977901, 0.2551638975772968, -0.183163718681908, -0.6538556574799057, 0.25724144418458944, -0.2607438109107549, 0.625631985676392, 0.48855917933607007, 0.31063101261718845, -0.23186262378281208, 0.119624114498183], [-0.09076235037341318, -0.6965735312563471, -0.5727930599186187, 0.42944805524110863, -0.024781336997979464, -0.2518866237239846, 0.5474302927069219, -0.33219031577438296, 0.507767486085044, 0.03516934352929779, -0.6523533549576693, -0.13830067925311185], [-0.5722637400587045, -0.3913438704058301, -0.4557752890364384, 0.360647474018719, 0.07180630171485616, 0.6457495546347676, -0.4572688273386375, 0.006659287824356527, 0.1601383485546675, -0.6011417957169253, 0.2081605269439014, -0.08298828240150577]], "inverted": false, "swapped": false, "error_lsq": 0.04840653451558244, "error_max": 0.21642595796225678, "target": "1042.xyz", "model": "7.xyz", "model_rescale": 3.7474275329858107, "target_rescale": 3.9202345387057296},
{"mapping": [7, 6, 3, 12, 10, 1, 9, 2, 4, 5, 0, 14], "R": [[-0.7222842551483835, 0.5711192366663247, 0.3900362448214515], [-0.6063047583169552, -0.2515875650975135, -0.7543860000891605], [-0.33271608738827674, -0.7813619613200906, 0.5279900478181929]], "T": [-0.016597744708055355, 0.023839004880092024, -0.01187983546958038], "aligned_model": [[-0.4872839718978063, -0.35098691001287985, 0.2888832658447753, -0.30204844870799374, -0.7531049017125865, 0.24121929247048868, -0.11169376519309171, 0.7744074329218614, 0.6377141384880123, 0.018221316451186374, -0.15448922973069384, 0.028201627194350445], [0.04384560740573509, -0.5900932628915811, -0.5308365437835196, 0.28023771118642427, -0.1509696335662184, -0.3607375627128414, 0.49099476385682306, -0.175383777049083, 0.4497196344540564, -0.13704874597239008, -0.6007747927566389, 0.04122052713609933], [-0.5037455115573474, -0.43402809747384075, -0.3482589740780185, 0.4712559816561365, 0.035685985178359816, 0.580094031393449, -0.6060706161378623, 0.1959917305824173, 0.040345586573950765, -0.7089624909900761, 0.1464134991564666, 0.02365856442959137]], "inverted": true, "swapped": false, "error_lsq": 0.05090136809300613, "error_max": 0.31701010999322954, "target": "1042.xyz", "model": "8.xyz", "model_rescale": 4.019505241142653, "target_rescale": 3.9202345387057296},
{"mapping": [6, 5, 3, 9, 11, 7, 10, 0, 1, 2, 4, 12], "R": [[0.6450584044518942, 0.46160364044666224, 0.6089513395767887], [0.7196848135410149, -0.6348376980726717, -0.28113140390967817], [0.2568139871666098, 0.6195992061261704, -0.7417165225093805]], "T": [-0.048907323162708516, -0.05018377159201993, -0.09552584615603626], "aligned_model": [[-0.3915584703894176, -0.3990424693207104, 0.22996640279703667, -0.2914715840914972, -0.6613283423774466, 0.300552454162195, -0.2017903440003162, 0.5211865949483826, 0.36942994892938097, 0.2934436703592039, 0.1389142629961629, -0.07926227789735116], [0.11569920278293491, -0.5717753055295752, -0.7912176142445856, 0.36203466198809686, -0.040167787930498196, -0.27301824335106417, 0.7969860911724991, -0.2843200810407711, 0.4781887074153206, -0.17928893426703804, -0.7776423564449834, -0.07530441524347053], [-0.7145047376245868, -0.33189921667721073, -0.42953048198414656, 0.39291924161460373, 0.01442732245798295, 0.7093385227307925, -0.40715024151189183, 0.11140213938858048, -0.04946336275855382, -0.560391220669857, 0.25536121593034306, -0.09812949216282996]], "inverted": true, "swapped": false, "error_lsq": 0.05226298177997645, "error_max": 0.33684062969973455, "target": "1042.xyz", "model": "9.xyz", "model_rescale": 3.877068213659057, "target_rescale": 3.9202345387057296},
{"mapping": [2, 13, 3, 11, 14, 12, 8, 5, 1, 4, 6, 15], "R": [[0.29773179861781557, -0.6900447025308118, -0.6596924166617075], [-0.6134144266028048, 0.39121262966173714, -0.6860578835846878], [0.7314906132872472, 0.6089260931363609, -0.3068069356620464]], "T": [-0.08493623627503223, -0.07788289079816964, -0.08675429621017838], "aligned_model": [[-0.41333330424278164, -0.4464397711172835, 0.31452425619761254, -0.21854395706459856, -0.8420789056904155, 0.23225989439798583, -0.16627663165159745, 0.6833420021701255, 0.6392951628760545, 0.2628974524311599, -0.18060441664857874, -0.036001935542060055], [0.039240152850431434, -0.6531822227699822, -0.5653828411252303, 0.30925090610260525, -0.2525681712922268, -0.2355291284422636, 0.688915164521948, -0.12321679425449474, 0.3729992440675863, -0.18463166486309102, -0.6049485098150212, -0.030772209673395723], [-0.6513717918177607, -0.45551488099794385, -0.16116166219534553, 0.5271933208601308, -0.16252749442594155, 0.5710674837243701, -0.1137249885514536, 0.049952791285486825, -0.2451865882026641, -0.6574618430164662, 0.21878458452228344, -0.027669242451469372]], "inverted": false, "swapped": false, "error_lsq": 0.04279752065675017, "error_max": 0.24061598288377167, "target": "1042.xyz", "model": "10.xyz", "model_rescale": 4.260839863003843, "target_rescale": 3.9202345387057296},
{"mapping": [0, 6, 5, 8, 7, 9, 1, 4, 2, 3, 10, 11], "R": [[-0.9871515179253636, -0.1094203045450077, 0.11644345241759456], [0.11397795542254416, -0.9929280739990403, 0.03320941948082154], [0.11198618814544663, 0.04605471547881285, 0.9926419580326123]], "T": [-0.011354768084241277, -0.08726828953504506, -0.05256055569881542], "aligned_model": [[-0.5560638033494089, -0.4035427756132993, 0.27486820867065237, -0.17181710047702237, -0.6657055629388091, 0.331629179563094, -0.1648629894512003, 0.6341348791165045, 0.4647668306732238, 0.31824165187517983, -0.17519828675262514, -0.057410385200666894], [-0.10984443539748644, -0.7108862548925523, -0.5716657367650996, 0.30338915081760476, -0.04967716546669728, -0.17142854272690866, 0.5652953251358867, -0.38240892786036246, 0.405134094905734, 0.10541397451973097, -0.569729281505901, -0.053418275457083456], [-0.7401772032528987, -0.4532406459054267, -0.4267883245007469, 0.5281734722683148, -0.048368426559712574, 0.6622907047716007, -0.32432625979271346, 0.12726707723562064, -0.017843972699910296, -0.6509524143344634, 0.31311756048953604, -0.0767718789859737]], "inverted": false, "swapped": false, "error_lsq": 0.04407306471083574, "error_max": 0.24411787844437807, "target": "1042.xyz", "model": "11.xyz", "model_rescale": 3.890672605050136, "target_rescale": 3.9202345387057296},
{"mapping": [5, 7, 4, 6, 8, 1, 9, 2, 11, 12, 3, 13], "R": [[-0.34439650223674323, -0.9363210633237434, 0.06851215675624128], [0.9261762138313102, -0.32691227133470535, 0.18795208906496233], [-0.15358603510800223, 0.12818437200797458, 0.9797857401456326]], "T": [0.018033098583656343, -0.021236305731554522, -0.008606324967592296], "aligned_model": [[-0.5030727328162333, -0.37770977100229186, 0.4010311599870575, -0.18433393978083873, -0.6519302918374422, 0.2530417316959326, -0.09898458185677002, 0.7159125949410892, 0.45558962147559756, 0.09011049317860272, -0.2863626528962523, 0.015748215027171584], [0.1313884443074253, -0.5133252831471423, -0.6022851117509392, 0.37559886690771194, -0.21034110562954375, -0.06112758746996852, 0.6403889253868129, -0.1541648260175519, 0.3121039852391617, -0.12980799469633217, -0.885567961306726, -0.14268642651604282], [-0.5654964218373683, -0.5814939140759283, -0.09077574634699277, 0.35694500040478816, 0.17734925034312848, 0.7319866255755549, -0.4015176788800372, 0.02069129823223842, 0.00520322193028154, -0.7421928463056093, 0.10688034808908761, -0.125199448395917]], "inverted": true, "swapped": false, "error_lsq": 0.05219994036416022, "error_max": 0.32112841288937677, "target": "1042.xyz", "model": "12.xyz", "model_rescale": 4.124412569039231, "target_rescale": 3.9202345387057296},
{"mapping": [2, 8, 9, 0, 1, 3, 4, 7, 5, 10, 6, 12], "R": [[0.07463075252089213, -0.7380906393580207, -0.6705613013515123], [0.46750334247982317, -0.5680659935390768, 0.6773046963919964], [-0.8808353282812619, -0.364037408897121, 0.30266464837359475]], "T": [0.05016382937421812, -0.12173714480835601, -0.026152707222056093], "aligned_model": [[-0.4739413039031024, -0.33084996863376825, 0.31681468142869407, -0.04521626017699559, -0.7600603277389952, 0.15522752427719527, -0.21401113438584754, 0.6657798309180685, 0.4964904004050861, 0.2840237519507016, -0.3111099288266964, 0.045892580801282376], [0.009579802685101668, -0.6088804549225986, -0.702121892078853, 0.27441359520133063, -0.10245603995059432, -0.34447569536408607, 0.5688038354726925, -0.12834853131040652, 0.4890438812469456, 0.014631014237770884, -0.6220966982957088, -0.08791889161472896], [-0.6973197372691846, -0.3900428033182685, -0.052461265426092196, 0.38704775635586075, 0.05149620219964579, 0.6432519042616066, -0.2938110693637664, -0.14468921099927476, 0.012383110855064064, -0.7126823381254879, 0.2321773213332854, -0.14297018177016207]], "inverted": false, "swapped": false, "error_lsq": 0.04885049948339321, "error_max": 0.24097332504300903, "target": "1042.xyz", "model": "13.xyz", "model_rescale": 3.9028299243045295, "target_rescale": 3.9202345387057296},
{"mapping": [8, 0, 4, 1, 2, 9, 12, 10, 14, 5, 3, 15], "R": [[0.028664011424214715, 0.04395385814062136, 0.9986222673281561], [0.48762539967991714, 0.8714817752740444, -0.052354416740152884], [-0.8725822849657642, 0.48845426983470486, 0.0035471459191552777]], "T": [-0.02236982739596148, -0.08743133739050052, -0.03803034332525718], "aligned_model": [[-0.44591645355039267, -0.432753539016784, 0.23262597659463424, -0.37435806818315076, -0.758040402816891, 0.37956872591951074, -0.10788594242797149, 0.7051668485674216, 0.6682861206334253, 0.11790096937994808, -0.20045425406797274, 0.04489986508384532], [0.007492043274006169, -0.6829972753565425, -0.6434613917262735, 0.2587367049955585, -0.11125174096982832, -0.011281054743355029, 0.5489200530270659, -0.2257022103061957, 0.435207801164102, -0.058850571298619196, -0.6524507138379811, -0.10418771891507198], [-0.6768612809245909, -0.44312642083734, -0.32987104046199256, 0.38442760786154373, -0.057295918555210705, 0.6203707428487311, -0.30632904057209076, -0.1212418382058175, 0.14333488235344075, -0.5295678058208491, 0.15620787756330115, 0.05233192348410083]], "inverted": false, "swapped": false, "error_lsq": 0.041480123580200055, "error_max": 0.20156036461994817, "target": "1042.xyz", "model": "14.xyz", "model_rescale": 3.942246331269136, "target_rescale": 3.9202345387057296},
{"mapping": [7, 8, 11, 5, 0, 3, 9, 4, 10, 6, 12, 14], "R": [[-0.7938716998554052, 0.13243135833153846, -0.5934893929120836], [-0.5857435396143809, -0.42866854925611136, 0.687857383967547], [-0.16331634936131223, 0.8937030883963224, 0.41787864245755524]], "T": [0.02340107623899647, -0.1269367888922549, -0.020454687135662813], "aligned_model": [[-0.5536894284777911, -0.31731178160432455, 0.4354501721000628, -0.22086955402275293, -0.6995183768140363, 0.18133995818718107, -0.012398186207711367, 0.5740412859236755, 0.6019022290476451, 0.0309853045226514, -0.12329827658355451, -0.06759349995542266], [0.15432764606527072, -0.5678569881219667, -0.46502390692616247, 0.29545438606621854, -0.25243589499401786, -0.1145846360514127, 0.601482793949796, -0.20143154631289933, 0.2549167061394484, -0.04745467839165385, -0.7504220677621349, -0.14679788835362056], [-0.5851106665804806, -0.5574323893722264, -0.5000625142988092, 0.3853742333441894, -0.06898222193210646, 0.6805807359278231, -0.36146147632445025, 0.16638713772658992, -0.1893476727043343, -0.5740018512780984, 0.48730673821756487, 0.009129636007564706]], "inverted": true, "swapped": false, "error_lsq": 0.05306913418625884, "error_max": 0.31440487804584005, "target": "1042.xyz", "model": "15.xyz", "model_rescale": 4.355366556412066, "target_rescale": 3.9202345387057296},
{"mapping": [9, 0, 2, 3, 5, 6, 7, 8, 10, 1, 4, 11], "R": [[-0.7721205642382418, -0.19268365486068315, 0.6055599420618478], [-0.15864039589694992, -0.8643077181935108, -0.4772896322578001], [0.6153560425234146, -0.46459140911198105, 0.6367823517570708]], "T": [-0.01636572427242875, -0.07701681693021453, -0.1426457965228588], "aligned_model": [[-0.2672863274065951, -0.3858988315894895, 0.339137205493131, -0.32076235984408413, -0.6600346458945016, 0.35569834789875, -0.38633023764726604, 0.7376354883117588, 0.43649213577499724, 0.21662341997740067, -0.22682132419452736, -0.009413024763951498], [0.2597575062757914, -0.6244470792062269, -0.8343212169105421, 0.18142383134147286, -0.06170867732047594, -0.09764396573254344, 0.7339919667114383, -0.21225493566722325, 0.35872478372307703, -0.22022313303870006, -0.5978194117499118, -0.12530574311929074], [-0.7538523175809505, -0.4027985384408695, -0.17150951845093837, 0.37847619343024064, -0.17751501097579803, 0.5903199666142721, -0.06614657117277178, -0.1577765094915548, -0.09484606176770845, -0.6114797469713903, 0.3853720335049188, -0.025864229964223426]], "inverted": true, "swapped": false, "error_lsq": 0.05673066061127877, "error_max": 0.3532098257295726, "target": "1042.xyz", "model": "16.xyz", "model_rescale": 3.795458400668931, "target_rescale": 3.9202345387057296},
{"mapping": [5, 1, 2, 8, 6, 7, 9, 4, 11, 10, 0, 12], "R": [[0.840081937861662, 0.12830133516548026, 0.5270684064458333], [-0.5424392773075075, 0.2070820712701304, 0.814172368846169], [-0.004687015330044841, -0.9698741068578066, 0.24356159125376928]], "T": [0.01257191392193638, -0.13722921220773077, 0.04719698510440362], "aligned_model": [[-0.4529233543209263, -0.4452626225977901, 0.2551638975772968, -0.183163718681908, -0.6538556574799057, 0.25724144418458944, -0.2607438109107549, 0.625631985676392, 0.48855917933607007, 0.31063101261718845, -0.23186262378281208, 0.119624114498183], [-0.09076235037341318, -0.6965735312563471, -0.5727930599186187, 0.42944805524110863, -0.024781336997979464, -0.2518866237239846, 0.5474302927069219, -0.33219031577438296, 0.507767486085044, 0.03516934352929779, -0.6523533549576693, -0.13830067925311185], [-0.5722637400587045, -0.3913438704058301, -0.4557752890364384, 0.360647474018719, 0.07180630171485616, 0.6457495546347676, -0.4572688273386375, 0.006659287824356527, 0.1601383485546675, -0.6011417957169253, 0.2081605269439014, -0.08298828240150577]], "inverted": false, "swapped": false, "error_lsq": 0.04840653451558244, "error_max": 0.21642595796225678, "target": "1042.xyz", "model": "17.xyz", "model_rescale": 3.7474275329858107, "target_rescale": 3.9202345387057296},
{"mapping": [4, 0, 2, 10, 8, 11, 5, 7, 12, 6, 1, 13], "R": [[-0.2807627656889327, -0.862493689704793, -0.42104263990968127], [0.5870407336981103, 0.19274074509934597, -0.7862786924225615], [0.759312482698583, -0.4679269605376046, 0.452204503759254]], "T": [0.005621864870517848, -0.1076996871073555, -0.02864042847957407], "aligned_model": [[-0.4259005095839493, -0.4601999790332135, 0.2652870716241468, -0.2504440314613292, -0.7039150128733498, 0.21990156850627382, -0.15017649752777074, 0.7276612252262217, 0.47506059399627476, 0.10345661547541936, 0.02773301450256898, 0.0005757872643300677], [0.12549305652622117, -0.6798677192701073, -0.6566169796656314, 0.37934794267944155, 0.006369769740748654, -0.11334749022699156, 0.5811604310064578, -0.21341070342477686, 0.4692206457444767, -0.22226335826665183, -0.730444077472131, -0.1854675920641908], [-0.6984429416746418, -0.42205642141072186, -0.3961952001011243, 0.3880779818628146, -0.048641162330160845, 0.6611341526233748, -0.18490477059423646, 0.15818469071632205, 0.04899418012010262, -0.785147096186418, 0.271724246775073, -0.10034797106715751]], "inverted": true, "swapped": false, "error_lsq": 0.04242652413883868, "error_max": 0.23908936658902105, "target": "1042.xyz", "model": "18.xyz", "model_rescale": 3.922800546911778, "target_rescale": 3.9202345387057296},
{"mapping": [5, 12, 13, 2, 3, 10, 1, 4, 6, 8, 7, 14], "R": [[0.19061359520051696, -0.9479220875504664, 0.2551669517368962], [-0.21793836818992535, -0.29430937002913893, -0.9305293452566469], [0.957167344300591, 0.12176087486141596, -0.26268796005438966]], "T": [-0.03286961045492638, -0.08684830312584767, -0.09128121966037603], "aligned_model": [[-0.45857485429139516, -0.4371350887516477, 0.29041342054524716, -0.2682810485883744, -0.6422924579070186, 0.3856637604102175, -0.07132025544167762, 0.6678047327807153, 0.5035613499649856, 0.26996689156726306, -0.33475019725783267, -0.07601640691485961], [0.08032341075434297, -0.6111147066170394, -0.6722784620337984, 0.2844396045916593, -0.24899161429324435, 0.09154449601332255, 0.6467403174845302, -0.19550427068802484, 0.34627589606788944, -0.03468055952556383, -0.7669624690577647, -0.1596177173894439], [-0.7023150842163493, -0.5159319064541776, -0.2480401356062886, 0.4742766528570914, 0.015782234571970824, 0.5747566726181771, -0.18267217953558185, 0.0540339018397423, -0.11160422851404453, -0.6203929598365305, 0.19944864063766957, -0.044961919628452654]], "inverted": false, "swapped": false, "error_lsq": 0.04288894814013102, "error_max": 0.30931273244979907, "target": "1042.xyz", "model": "19.xyz", "model_rescale": 3.9282355846067225, "target_rescale": 3.9202345387057296},
{"mapping": [2, 5, 3, 9, 7, 8, 10, 4, 11, 1, 6, 13], "R": [[-0.9947691030386495, -0.05216401269915122, 0.08782566492093115], [0.09994303296618118, -0.3193048249674054, 0.9423671359475857], [-0.021114492681608695, 0.9462152738841502, 0.32284800396957847]], "T": [-0.05072424971426523, -0.10347636943403435, -0.0016663680298923816], "aligned_model": [[-0.5224180784139539, -0.2864844235912648, 0.38360621373602943, -0.049520102763048364, -0.6692876762581288, 0.20871045137376712, -0.14793310515191505, 0.5488286178292388, 0.46342499222104017, 0.09173133348565113, -0.18310557678256595, -0.008512799569227243], [0.021025097375976354, -0.617837411266222, -0.5913193711978058, 0.3786770254807694, -0.11783940094982034, -0.19152401447040227, 0.6431103124150909, -0.23040691007287203, 0.39245282984135865, -0.15326961787374227, -0.7200509755917134, -0.052843638383752], [-0.6655342216639286, -0.4109828852966469, -0.3754595237868191, 0.4942685864147745, 0.07093368050737474, 0.7079552404369712, -0.42046597870483127, 0.15258291661449747, 0.05372277936716409, -0.7356471821739717, 0.169081965321279, -0.148075688302637]], "inverted": false, "swapped": false, "error_lsq": 0.0450615019801473, "error_max": 0.232206476550135, "target": "1042.xyz", "model": "20.xyz", "model_rescale": 4.067790424073018, "target_rescale": 3.9202345387057296},
{"mapping": [7, 1, 5, 12, 9, 11, 0, 6, 2, 8, 13, 14], "R": [[-0.8200769593450365, -0.5683800974716517, -0.0664668755811109], [0.4356792387807522, -0.5448257067704076, -0.716483461175169], [0.3710220770342695, -0.6165298160188536, 0.6944304171858654]], "T": [0.08538114182550742, -0.09295011432989826, -0.06325852566305262], "aligned_model": [[-0.44418939916851946, -0.47753741380814857, 0.2655443449234916, -0.38434016744451516, -0.6890032965365509, 0.08718667419532314, -0.007792292627031794, 0.7702853648574527, 0.6018923094266688, 0.06099484118567944, 0.020188750724265472, 0.025810130387507485], [0.08415941570192807, -0.5679693873061038, -0.5615759418682328, 0.25478274737437145, -0.1175743547066114, -0.1660889645426014, 0.5537637082938618, -0.16001290085758602, 0.4304463659746624, -0.13217133650905888, -0.737394841311118, -0.1201905849366463], [-0.5580829528005833, -0.42489991060578064, -0.3737374699916036, 0.43217826688096334, -0.001839571931816622, 0.5791429863382604, -0.34171493564608885, 0.2087078153270056, -0.177250936318388, -0.6316201190144421, 0.20238117597396077, -0.020884659478261035]], "inverted": false, "swapped": false, "error_lsq": 0.04547898165976866, "error_max": 0.2434730221170886, "target": "1042.xyz", "model": "21.xyz", "model_rescale": 4.186013935880536, "target_rescale": 3.9202345387057296},
{"mapping": [6, 7, 1, 11, 4, 8, 3, 2, 5, 0, 9, 12], "R": [[-0.4863370735975424, -0.2611689404754488, 0.8338267418208116], [-0.8120726081850694, 0.48733132900402615, -0.321008184952765], [-0.32251252670257247, -0.8332460382756712, -0.44909543508904803]], "T": [-0.05576713303461908, -0.16625952689652249, -0.04798083010488467], "aligned_model": [[-0.25286732868938067, -0.46377672761629685, 0.23030791182533097, -0.2616180995388021, -0.7565743345443594, 0.30778583302144835, -0.26097716264166215, 0.6755946245639638, 0.42861131731662583, 0.3481019870930865, -0.08468168966787104, -0.08086648500646049], [0.05751661761115062, -0.6079635629737773, -0.7499438616617194, 0.1801745957387688, 0.012014182437320498, -0.19258271121904028, 0.7038462810936735, -0.12770692149669408, 0.4308327423731596, -0.18232031441492147, -0.6359153659188458, -0.12777775626220952], [-0.5180112536301394, -0.4683966422756587, -0.3835354485955755, 0.4384086814751544, -0.11656581126624797, 0.6264110897329607, -0.2785093129155619, 0.06744394628297846, -0.13398731200342662, -0.6466629042627245, 0.35703534429469674, -0.05125068810322953]], "inverted": true, "swapped": false, "error_lsq": 0.04203257716796391, "error_max": 0.26691249471678113, "target": "1042.xyz", "model": "22.xyz", "model_rescale": 4.166573947596378, "target_rescale": 3.9202345387057296},
{"mapping": [4, 2, 6, 9, 3, 14, 8, 13, 7, 1, 12, 15], "R": [[-0.5139948448602183, 0.8010393803273208, 0.3068309153620967], [-0.6436811201978523, -0.5966147114091935, 0.479296882559195], [0.5669955158182102, 0.048854859481392815, 0.8222708116837756]], "T": [-0.0384221798542063, -0.08921123023146332, -0.04355908710120895], "aligned_model": [[-0.3938160168634211, -0.36041624267117117, 0.1736650618635533, -0.3383800228619175, -0.6315442147286224, 0.2936949192085236, -0.29042445090824315, 0.7675027022404004, 0.4943813476909536, 0.1525396641952495, -0.03569694162652443, -0.002465959423158054], [0.18586263840445633, -0.4893418797261426, -0.7696094451337498, 0.17349584196498352, -0.047310978136875945, -0.1808837468479687, 0.6682257092085491, -0.09232120253921758, 0.3554263878234474, -0.3076003640357532, -0.6264280863570799, -0.10934094931778322], [-0.624836216166279, -0.47832859619157997, -0.31036407773144126, 0.40528326040872265, -0.13231308778234036, 0.6686713148247404, -0.17341777328176733, 0.2158412818052051, -0.21620739232342973, -0.6946649319686811, 0.33163683212010653, -0.09892092498002938]], "inverted": false, "swapped": false, "error_lsq": 0.04810114023154987, "error_max": 0.23390800331301412, "target": "1042.xyz", "model": "23.xyz", "model_rescale": 4.274766983524099, "target_rescale": 3.9202345387057296},
{"mapping": [6, 3, 8, 9, 7, 2, 1, 10, 4, 5, 11], "R": [[0.8792761227221584, -0.2543390614259037, -0.4027221645796002], [-0.47199542996921484, -0.35168060748185576, -0.8084188669306088], [0.06398292036836188, 0.9009064280790674, -0.42927123563890524]], "T": [0.01596209260977202, 0.14557612828005342, -0.05352944789999526], "aligned_model": [[0.20960031093254575, 0.49432987596681577, -0.39200854390563655, -0.43195675179893755, -0.6487665094325451, -0.5027787195241918, 0.053934106527256526, 0.12338106410986455, 0.5820747702091024, -0.05356580505236411, -0.054349094073835064], [0.005677563092659349, 0.48195715179435883, 0.5609494521598289, -0.2823819384973605, 0.4569321678304755, -0.16687111634527083, -0.6507626417532435, 0.0793310897216585, -0.3054741131727239, 0.7491750715403951, -0.012946155127293829], [-0.787384820282043, -0.11193461325452891, -0.5188238357164849, -0.23115148073300348, 0.11176415946311336, 0.3730610846935498, 0.29877952380500095, 0.6848479205232356, 0.10588239225590607, 0.38569592841180506, 0.06883017485502704]], "inverted": true, "swapped": true, "error_lsq": 0.06873384459718622, "error_max": 0.3578493459328983, "target": "1042.xyz", "model": "24.xyz", "model_rescale": 3.7841303162186577, "target_rescale": 3.9202345387057296},
{"mapping": [14, 12, 2, 11, 13, 6, 10, 1, 0, 9, 3, 15], "R": [[-0.12876969062652754, -0.5523275704948394, -0.8236216495741338], [0.36228727170412045, 0.7469269428037772, -0.5575375098367714], [0.923128539011298, -0.3701815729950255, 0.10391969725608008]], "T": [0.1073782048487835, -0.06970040155307683, -0.09134061575631328], "aligned_model": [[-0.48776751190706297, -0.36886445437113086, 0.3516302023085606, -0.40329663045227776, -0.6581409491373345, 0.15164832702930126, -0.09967595233291952, 0.8321540589080074, 0.6739623208163877, -0.006116039069460802, -0.25673762450065735, 0.10024409882420889], [0.043888881537789165, -0.5504094563587085, -0.6491481297621431, 0.22855414539725438, -0.19775704270520228, -0.184913830792379, 0.626859396959619, -0.14947782220167893, 0.38901592255259815, -0.11958138913547481, -0.588271941300492, -0.08858480888431725], [-0.6033933600167405, -0.4338076077353309, -0.5077230360594319, 0.398233696249916, 0.0065466602720604256, 0.6205529677574528, -0.3691681312527554, 0.05485075994889885, 0.008116525182783094, -0.6629800582385079, 0.40615823712107313, -0.025006964496191164]], "inverted": false, "swapped": false, "error_lsq": 0.043698258336242524, "error_max": 0.24097774440164532, "target": "1042.xyz", "model": "25.xyz", "model_rescale": 4.19342608120988, "target_rescale": 3.9202345387057296},
{"mapping": [9, 0, 2, 3, 5, 6, 7, 8, 10, 1, 4, 11], "R": [[-0.7721205642382418, -0.19268365486068315, 0.6055599420618478], [-0.15864039589694992, -0.8643077181935108, -0.4772896322578001], [0.6153560425234146, -0.46459140911198105, 0.6367823517570708]], "T": [-0.01636572427242875, -0.07701681693021453, -0.1426457965228588], "aligned_model": [[-0.2672863274065951, -0.3858988315894895, 0.339137205493131, -0.32076235984408413, -0.6600346458945016, 0.35569834789875, -0.38633023764726604, 0.7376354883117588, 0.43649213577499724, 0.21662341997740067, -0.22682132419452736, -0.009413024763951498], [0.2597575062757914, -0.6244470792062269, -0.8343212169105421, 0.18142383134147286, -0.06170867732047594, -0.09764396573254344, 0.7339919667114383, -0.21225493566722325, 0.35872478372307703, -0.22022313303870006, -0.5978194117499118, -0.12530574311929074], [-0.7538523175809505, -0.4027985384408695, -0.17150951845093837, 0.37847619343024064, -0.17751501097579803, 0.5903199666142721, -0.06614657117277178, -0.1577765094915548, -0.09484606176770845, -0.6114797469713903, 0.3853720335049188, -0.025864229964223426]], "inverted": true, "swapped": false, "error_lsq": 0.05673066061127877, "error_max": 0.3532098257295726, "target": "1042.xyz", "model": "26.xyz", "model_rescale": 3.795458400668931, "target_rescale": 3.9202345387057296},
{"mapping": [3, 4, 10, 1, 9, 8, 0, 5, 6, 7, 11, 12], "R": [[-0.7868823650033517, -0.33780054809784144, 0.5164367660726044], [0.35224365930812174, -0.9330117462058188, -0.07357639512229845], [0.5066957155176623, 0.12401560848041136, 0.8531585906086145]], "T": [-0.14754682250367548, -0.08843280623910785, 0.014582225296907309], "aligned_model": [[-0.4044029341713844, -0.4510425260183225, 0.15975454698651745, -0.1653790730930899, -0.5761132846045625, 0.28677541276259766, -0.1909985989571507, 0.5991649678370374, 0.4935674549735808, 0.30433940815733584, -0.19257111624998594, -0.03405441150695104], [0.012470370263378688, -0.7697466313202008, -0.591615726960234, 0.3585952812174179, -0.08865821507619152, -0.1729865372718605, 0.6082745799903772, -0.155499057116256, 0.37934245780258247, -0.018295823044581785, -0.7500908652129671, -0.05161590796459918], [-0.6701951441586775, -0.3629955975927647, -0.385491824240476, 0.4021400537755825, 0.04113456735167456, 0.5933451928647375, -0.4370636018610886, -0.05458487699663214, 0.24117822093983274, -0.6570484297187568, 0.2824553626230031, -0.10049423425320803]], "inverted": false, "swapped": false, "error_lsq": 0.046893369307124406, "error_max": 0.29599589678911065, "target": "1042.xyz", "model": "27.xyz", "model_rescale": 3.6321398670334006, "target_rescale": 3.9202345387057296},
{"mapping": [7, 3, 0, 6, 4, 13, 12, 11, 9, 8, 1, 14], "R": [[-0.4766981402100073, 0.5125108561812948, -0.7142069065870456], [0.8597679580393656, 0.44112956646018353, -0.25730092095340484], [0.18318826777154695, -0.7367070841867661, -0.650926056215215]], "T": [0.08379635571658588, -0.1697128195734495, -0.1576211648760709], "aligned_model": [[-0.5437532204352985, -0.2688776025593531, 0.4080035534597887, -0.19038194212362575, -0.6728892721478853, 0.25955356614558633, -0.16456523574020554, 0.6268171227193252, 0.49161336395618876, 0.08825616432573598, -0.28021092190806557, 0.07547427042343179], [0.01937086962569448, -0.6138103970951784, -0.6282041826644449, 0.3617923991703984, -0.13121429565345902, -0.05262060080926567, 0.5838515000807264, -0.33034089745913686, 0.31164469853408894, 0.026011442072547047, -0.5968379177773487, -0.1894686927177568], [-0.5715248637654242, -0.5448659204965521, -0.42981054218956405, 0.3386004595844768, 0.17765778853192968, 0.6309700772773952, -0.3899292940776513, 0.14545127467793953, 0.0627249010567695, -0.635848871418532, 0.20615080829792723, -0.09719612874548786]], "inverted": false, "swapped": false, "error_lsq": 0.048451514653161255, "error_max": 0.2519699088607727, "target": "1042.xyz", "model": "28.xyz", "model_rescale": 4.156811204709835, "target_rescale": 3.9202345387057296},
{"mapping": [1, 4, 0, 6, 5, 10, 9, 7, 8, 11], "R": [[0.20206087829320885, -0.970379563993078, -0.13241942171744037], [-0.6906475102227153, -0.23704829315688153, 0.6832379697693725], [-0.6943899611072598, -0.046600520340586316, -0.7180884161560088]], "T": [-0.034887600011998976, -0.059919215696141656, 0.08469515414437279], "aligned_model": [[-0.5812206724305898, -0.051831766850362136, 0.0511160733031272, 0.5986059598455011, -0.2084069122591884, -0.6009302390836833, -0.2570602814853927, -0.3755751373316457, 0.2910919736269905, -0.22286362322416903], [-0.17140225538142845, -0.548684747121565, 0.06627990781996192, 0.20527433146613455, -0.33110119974761865, -0.545636571302356, 0.4674032368584081, 0.35097091771906075, 0.47248817819534195, -0.046871467879735396], [-0.585238146929038, -0.47222779325118935, -0.7141921126608306, -0.26739768570509836, 0.7617742661082016, 0.15399710207533537, -0.21178303271395577, 0.6150063595227602, 0.4918236231600675, -0.012975852631153542]], "inverted": true, "swapped": true, "error_lsq": 0.0505797346873581, "error_max": 0.25686943640859444, "target": "1042.xyz", "model": "29.xyz", "model_rescale": 4.117894457231895, "target_rescale": 3.9202345387057296},
