[{"mapping": [4, 0, 2, 3, 5, 13, 1, 12, 10, 6, 14, 9, 7, 15], "R": [[0.31889873373474964, 0.946556290873249, -0.048319621590512424], [-0.11678293268467568, 0.08983532980959405, 0.9890861237281452], [0.9405665017721712, -0.3097754052959636, 0.13918999252023015]], "T": [-0.061934701111580184, 0.13291904872292407, 0.08374289601940257], "aligned_model": [[0.1478384188453804, 0.16338689368603798, -0.4618031040007825, -0.468306878257455, -0.6943303645893469, 0.0009823041285701023, -0.6114407415039558, -0.18666595848427198, -0.38414844686437505, 0.35807393093635786, 0.7342742729006976, 0.14350508940557433, 0.6377182128195759, -0.007591527893702724], [-0.5553016626468503, -0.3724615142791432, -0.4320862935122476, -0.2503629673513892, 0.12303880832148044, 0.17464660186363545, 0.3399826138619756, 0.3278791473883502, 0.7582908038082041, 0.10867876258779487, 0.46316914048474433, 0.659926756192395, -0.23289230026124794, 0.12276543535233313], [0.27398126231039605, -0.35112709763848937, 0.3612386163105099, -0.25653359859761404, 0.5084056107098459, -0.6968916466248776, -0.24864250333279278, 0.8257062267027244, 0.3010765184523087, 0.7028129351359187, 0.25253933828682706, -0.11602197175060483, 0.23460348699573108, 0.10644091021994985]], "inverted": false, "swapped": true, "error_lsq": 0.043534285874789434, "error_max": 0.24843319785987839, "target": "1043.xyz", "model": "0.xyz", "model_rescale": 3.8414455957264533, "target_rescale": 4.103902153234473},
{"mapping": [1, 5, 0, 2, 3, 4, 7, 13, 14, 8, 6, 10, 11, 9, 15], "R": [[-0.6030919380157305, -0.7842564556756684, 0.1456774726286419], [-0.1430484055710931, -0.07333267303822738, -0.9869951736095959], [0.7847402550933642, -0.6160877622515374, -0.06796029164074252]], "T": [-0.08536220174633245, 0.036606857750073836, -0.0770532928754244], "aligned_model": [[-0.7337209336207188, -0.5503610715173403, 0.06741955915418464, -0.2961575331925682, -0.5162820284236348, 0.2691685791790218, 0.6720722404567574, -0.26945891645894693, 0.6681750520053378, 0.2750613177188353, 0.5018696658442671, -0.4128115874211782, 0.2514482925817541, -0.028555243305102826, -0.025823239496123772], [0.11681456703065118, 0.0903059177810509, -0.5448447022562714, -0.4670204958051328, -0.4458494069741788, -0.5667515238324745, -0.232094780265995, -0.11338480324843456, 0.4513458896016857, -0.051121504381465004, 0.195749937981089, 0.673245646581904, 0.6947334357817428, 0.5098029063242226, 0.036113443724620414], [0.09179557538409291, -0.6780963675777348, 0.28881972174681886, -0.5850439110513668, 0.019774381876366195, -0.33025229400775175, -0.06350499336293086, 0.6704097019757422, 0.10093332177773834, 0.496944116714802, -0.5130289452908539, -0.2491386955864209, -0.28948039103917617, 0.28723656800680863, -0.08218600222659893]], "inverted": true, "swapped": true, "error_lsq": 0.035022094252441516, "error_max": 0.19082631812043757, "target": "1043.xyz", "model": "1.xyz", "model_rescale": 4.316132596720782, "target_rescale": 4.103902153234473},
{"mapping": [9, 1, 13, 6, 8, 11, 4, 12, 3, 10, 2, 15], "R": [[-0.5498428896635243, -0.8181098075025903, -0.16843140904991605], [0.7762674127978775, -0.4260642680080727, -0.46462688617301834], [0.3083532074011152, -0.38621960384581716, 0.8693403919585383]], "T": [-0.019231348585525835, -0.006172617273308174, -0.09597664848404325], "aligned_model": [[-0.24799201808725457, 0.5572155701264346, 0.1383682390808709, -0.5882280700186521, -0.3826196089589317, -0.5215696939388677, -0.1503427954106085, -0.14914928392980295, 0.528535582144139, 0.11176149812052116, 0.3769621970047818, -0.0751330615008494], [-0.5029943655403232, -0.3198403894858692, -0.6616273698155802, 0.4457821048319327, -0.4187000011575627, 0.004346508940429899, 0.5225791664073016, 0.48739592146833255, 0.0021985852700497624, -0.15793533540027435, 0.6009121006746826, 0.010659501547860523], [0.15036729845428962, 0.06097474756267937, -0.4967652021455406, 0.08352882765400069, -0.5019871592970435, 0.4864688069938436, -0.6030017811844541, 0.49018743976805684, -0.4533460030181075, 0.6125107437459529, -0.27092941590975406, -0.1087498414145023]], "inverted": false, "swapped": true, "error_lsq": 0.0466235484909329, "error_max": 0.25915018269603546, "target": "1043.xyz", "model": "2.xyz", "model_rescale": 3.795458400668931, "target_rescale": 4.103902153234473},
{"mapping": [10, 9, 14, 0, 5, 4, 8, 1, 13, 3, 6, 15], "R": [[0.6357657963997952, 0.6919217878181423, 0.34211999601116594], [-0.7328771044310514, 0.40199373935132054, 0.5489008866116912], [0.24226638629593733, -0.5997043213658616, 0.7626675061953403]], "T": [0.06134737937773979, 0.07276888497004501, -0.0012960055170033527], "aligned_model": [[0.03459457409138919, -0.19727107672785496, -0.788944323647251, 0.22426330587197493, 0.4133753881174351, 0.02741867084373764, -0.1840717867165352, 0.599347840340823, 0.33146461324649934, 0.6749818560511162, -0.5510158687005765, 0.009160632972807121], [-0.14383453207314068, -0.4495109855905373, -0.11800351233960556, 0.0608570758353683, 0.46856158834905887, 0.645228331423673, -0.3055053436939001, -0.2438731184085447, -0.5382067082103449, 0.12544260719182887, 0.49489403684441313, 0.08971960596144056], [-0.7045119613832124, -0.14338353003590174, 0.1087767182618915, 0.6832533028780221, -0.5488220164049149, 0.4730268490104616, 0.5122723404356252, -0.2574319222452575, 0.40960000555380893, 0.21895328737222922, -0.0853445888270998, 0.022382946023447797]], "inverted": true, "swapped": true, "error_lsq": 0.04373092507286011, "error_max": 0.2967791695546602, "target": "1043.xyz", "model": "3.xyz", "model_rescale": 3.7530521520055578, "target_rescale": 4.103902153234473},
{"mapping": [0, 1, 2, 5, 4, 10, 7, 9, 14, 12, 15], "R": [[-0.6673285349983017, 0.6815941851895162, 0.3001699403552264], [-0.11292898315106875, 0.3057754015183896, -0.9453826995406323], [-0.736151934821533, -0.6647787380340223, -0.12708091247865105]], "T": [-0.1532145885933753, -0.05999899500170036, -0.05808574615729155], "aligned_model": [[-0.37359404068515845, -0.27881379168109527, 0.48141822753347174, 0.45380994384311113, 0.21086024437838527, -0.11805398774249926, -0.16581173078019698, -0.6280820605355845, -0.4953855827522865, 0.405255924842135, -0.15340354397507727], [-0.7240149266943486, 0.17903108536966356, -0.3534680114660824, 0.26152608535614064, -0.6750326835473406, 0.6679818406258972, -0.5462852206525173, 0.2834860875811437, 0.05336132295559223, 0.3984046545632956, -0.07778687577709778], [-0.13428932534169255, -0.6764721326501614, -0.3174055800182237, -0.38748391753242417, 0.14934188790912473, -0.1627426549452432, 0.581803368985881, 0.06984984619057925, 0.742897737690808, 0.2283644072807266, -0.0010328603240587347]], "inverted": true, "swapped": true, "error_lsq": 0.04662463338650768, "error_max": 0.23092796287690806, "target": "1043.xyz", "model": "4.xyz", "model_rescale": 3.7855080009869324, "target_rescale": 4.103902153234473},
{"mapping": [2, 15, 12, 14, 1, 13, 4, 0, 3, 10, 8, 7, 6, 9, 5, 16], "R": [[0.9698884496170812, -0.024690810595053042, -0.24229477743346906], [0.24238383182098489, 0.0006349092291203845, 0.9701802280824156], [-0.023800701064288096, -0.9996949338485369, 0.006600444410674254]], "T": [0.09312329330469414, -0.022477270545035177, -0.006776192425151846], "aligned_model": [[-0.24290283059091877, -0.5645279210112677, 0.11480479080712568, -0.4335926908864546, 0.5342583277777172, 0.11003312416201107, 0.7781392487631789, 0.41548129118301635, -0.23704073479882792, -0.23521338918181556, -0.021081362949987706, 0.48267140296270794, 0.6297265859941072, -0.5710824164964358, 0.243229008829132, 0.04667748697679329], [0.2868826016756629, -0.37517747432677595, -0.450582156482208, -0.25635739043526684, 0.09239046636101429, -0.743492793186197, 0.2561526731559153, 0.5914452118959737, 0.5753745017601954, 0.2730794600575629, -0.3790535399707133, 0.2390815798473937, -0.29783554212552776, 0.23245617652247647, 0.7382016777652138, -0.02618552821426398], [-0.5874384015433063, 0.3431031485581583, -0.5352848321964667, -0.3611316072991875, -0.6111843520060243, 0.06191378214368849, 0.004145304992900965, -0.3640693354853884, -0.13319445968582794, 0.5727110947551115, 0.5891437137164676, 0.5773545377364857, 0.2428471170113799, -0.034230370302044705, 0.22547164154497118, -0.033530408829204675]], "inverted": true, "swapped": false, "error_lsq": 0.02837001787479185, "error_max": 0.21524192380727283, "target": "1043.xyz", "model": "5.xyz", "model_rescale": 4.2253639853439635, "target_rescale": 4.103902153234473},
{"mapping": [11, 9, 0, 7, 8, 3, 4, 6, 1, 10, 13, 2, 12, 15], "R": [[0.8977074570147825, -0.09949620354592106, 0.42921070245277126], [-0.3193395369112415, -0.8180993361190005, 0.47826325011123794], [0.3035516130501805, -0.5664044329996009, -0.7661869461776508]], "T": [0.014870070516708023, 0.030292345764836956, 0.030147947971980144], "aligned_model": [[0.6648645608041459, 0.02707888853454138, -0.5101337794201943, 0.1621282033705571, -0.31125081856347003, -0.4920013200309132, 0.014808402640153484, 0.6580889584732854, -0.3257006021524706, 0.3571794878287537, -0.691210009697296, 0.030208097170848297, 0.7477542733177438, 0.042247810482098684], [0.013908339017618718, 0.07183231852790299, -0.4016557925971873, -0.7557616566816385, -0.4544293016857802, 0.22163663257264354, -0.4552701691640214, -0.3458641674481474, 0.6084034133398515, 0.5975235166294893, -0.023390904122767495, 0.14853396902590904, 0.24220252267583114, -0.022569573454713235], [-0.3808701790666673, -0.5681613441843256, 0.212035301142715, 0.11092671049022615, -0.324484954224847, 0.39661800178735784, 0.5941268356237231, 0.10098787697937167, -0.041346615480495424, -0.2911284051405745, -0.3069856404101855, 0.7662955653900285, 0.17864620695953726, 0.024898849065584358]], "inverted": false, "swapped": true, "error_lsq": 0.04566975964480802, "error_max": 0.3156889140703766, "target": "1043.xyz", "model": "6.xyz", "model_rescale": 3.89814844738969, "target_rescale": 4.103902153234473},
{"mapping": [0, 4, 6, 13, 11, 2, 3, 9, 1, 5, 12, 10, 15], "R": [[-0.5693786729048753, -0.7019141141640601, -0.4279304887226033], [-0.8039101590480913, 0.5842361794606925, 0.11133976283631383], [0.17186152280355288, 0.4074121536557992, -0.8969275076800732]], "T": [-0.02781329691786888, -0.009937387401229819, -0.0692697873032726], "aligned_model": [[-0.21826207288749316, -0.07177227588903284, 0.5424442860999383, -0.25318928559831666, 0.614579045980949, -0.4902253274386134, -0.6526130518411084, 0.2875412529635955, -0.5199202276602246, -0.39349522822683003, 0.23130963967802615, 0.05088947840625602, 0.021345567317076597], [-0.3467226065381753, 0.2808129057300067, 0.44449017588512485, -0.7584107808971109, 0.19174294860226865, 0.5071950225100154, -0.10686984376382058, -0.3890551565242949, -0.20932647583184122, 0.5681683350078822, 0.6601917986742121, 0.12380751070511439, -0.0022425680888958684], [-0.6571441155648452, -0.752918103790467, -0.23822076994241886, -0.133170259633416, 0.30269028271763776, -0.3429097621103093, -0.23678369163508445, 0.27229991079557503, 0.3471278859232574, 0.26603725768105124, 0.22714055059991162, 0.6504965698134682, -0.10237072401806446]], "inverted": true, "swapped": true, "error_lsq": 0.0470156664532783, "error_max": 0.3312470260352806, "target": "1043.xyz", "model": "7.xyz", "model_rescale": 3.7474275329858107, "target_rescale": 4.103902153234473},
{"mapping": [1, 13, 0, 2, 7, 2, 5, 12, 4, 6, 10, 11, 9, 14, 15], "R": [[0.055867337380416215, 0.9228020575424599, -0.3812023127020945], [-0.3367865641118629, 0.37683953501657463, 0.8628828281303423], [0.9399221514826368, 0.08017685104750882, 0.3318403557561329]], "T": [-0.016598495317613766, -0.02070885632295366, -0.10468164967438207], "aligned_model": [[-0.4835653997549824, 0.2516457062549545, 0.46486721651146584, -0.28995628028417775, 0.6866740231209172, -0.28995628028417775, -0.7105429679760993, -0.40116584830355156, 0.32668151646286225, 0.19549429618781547, -0.5599894223723622, -0.04656695348082674, 0.06904826172758391, 0.5600945703518757, 0.02939128417744931], [0.16125640514151082, 0.2756715949018509, -0.3059530815028618, -0.7142530683371515, -0.2617164304390258, -0.7142530683371515, -0.29424256063024573, -0.09847606584817215, -0.674519481613405, -0.14999253133529983, 0.42378605297274885, 0.3971467860986428, 0.572899592848654, 0.39771319554533885, -0.025949377485839573], [-0.5565033135182822, -0.7794362005026229, -0.5314342082617621, -0.12472157340438916, 0.20095567618016189, -0.12472157340438916, 0.0501753716672409, 0.5662409411333384, -0.012303918628597449, 0.6013954955195087, 0.11734539700030996, 0.5404506836086673, -0.09275371042033445, 0.40898573964244866, -0.0668801509150373]], "inverted": false, "swapped": true, "error_lsq": 0.04993127955084885, "error_max": 0.37439465618166134, "target": "1043.xyz", "model": "8.xyz", "model_rescale": 4.019505241142653, "target_rescale": 4.103902153234473},
{"mapping": [10, 1, 9, 11, 12, 6, 8, 5, 2, 3, 13, 4, 15], "R": [[-0.8308570653203377, -0.49151567998203044, 0.2609384474144786], [0.5564825867806064, -0.7354631436684703, 0.3865502488878463], [0.001915102410089381, 0.46637570759752633, 0.8845846662392841]], "T": [0.034075765507443685, 0.017537663274609663, 0.023029220679200157], "aligned_model": [[-0.270881770857369, -0.6355653311016098, -0.09564141744177648, 0.35586989185919854, 0.320705453034879, 0.7206470136843028, 0.16570460656810498, -0.18082361312430342, 0.07727077690654341, -0.3503451172884749, -0.3950001003639154, 0.5167026920299732, 0.09105768783562296], [-0.48771321866673917, -0.062197988266574036, 0.15633160236653293, -0.33368652860707654, -0.6957889322627963, -0.24904672304322406, 0.656149967450603, -0.6616834342553931, -0.2787658357416209, 0.16940908260782728, 0.6693055540646389, 0.1500459358762617, 0.03101874659161889], [-0.4172750840488965, 0.04616555020328522, -0.5459684318416116, -0.5809470049439978, -0.09136265422034348, -0.11036958721214407, -0.18172081785141012, 0.29291303515861594, 0.7060139047126681, 0.5299682701252195, -0.05559994229996651, 0.5738068100121407, 0.011079446250319763]], "inverted": true, "swapped": true, "error_lsq": 0.045054717012713144, "error_max": 0.2335065780721328, "target": "1043.xyz", "model": "9.xyz", "model_rescale": 3.877068213659057, "target_rescale": 4.103902153234473},
{"mapping": [12, 13, 10, 6, 11, 14, 8, 0, 5, 4, 2, 7, 9, 3, 1, 15], "R": [[-0.6004545728817794, 0.6319293875261811, -0.4900199537632583], [0.15323407827514351, -0.5105029495477071, -0.8461123186423057], [-0.7848398710313635, -0.583139766851719, 0.20970071329300666]], "T": [0.016169987235618008, 0.0032933826847312275, 0.0038554253392226734], "aligned_model": [[-0.16325813672012612, -0.4613234528370924, 0.1639508364550636, -0.42825403829506536, 0.4824578985372432, 0.06341065432064368, 0.7670831053873371, 0.36263658963806406, -0.23787163208947804, -0.24158246557380164, 0.16923641040895504, 0.3662681529726196, 0.5068993698162737, -0.5714054382605386, 0.21892633853069748, 0.05240572924928628], [0.30135685486587654, -0.5297365046379651, -0.49493209863735776, -0.2207347437406889, 0.02391686989316738, -0.7752887397364153, 0.14378141835486064, 0.5788007776711405, 0.7331329980179948, 0.2705204177017198, -0.31143075573899504, 0.3420659647758531, -0.4285018013673208, 0.24087762683877734, 0.8153700672316976, 0.0671815728081111], [-0.6573245279250697, 0.29628943477033165, -0.47899338104351086, -0.36029187895708326, -0.5678136500995624, 0.03701782359583472, 0.11209375787122673, -0.42336602469512746, -0.11358576753366402, 0.5697565338128924, 0.5676592429388104, 0.6587989201444688, 0.09541358172693137, 0.036569168796466434, 0.23260841576371516, -0.048205076054947255]], "inverted": false, "swapped": false, "error_lsq": 0.03846105861283173, "error_max": 0.2623938284797741, "target": "1043.xyz", "model": "10.xyz", "model_rescale": 4.260839863003843, "target_rescale": 4.103902153234473},
{"mapping": [1, 5, 12, 10, 14, 9, 13, 3, 4, 7, 8, 15], "R": [[-0.5462327073053804, -0.39941785849642525, -0.7362711482762072], [-0.6322559795217106, 0.7731682649287546, 0.04963074113996224], [0.5494380818881024, 0.492621770145402, -0.6748641239167583]], "T": [0.038109781561146305, -0.027738255127146623, -0.039237225512211024], "aligned_model": [[0.3407272730077694, 0.16262561615414614, -0.3994105699029543, -0.34041193484586674, -0.68770047734692, -0.33872792323050627, 0.3608564670900951, 0.6840930407127311, 0.3180057038346566, -0.14150690038190222, -0.005614581351792838, 0.005962935354674431], [-0.0029692996819817193, -0.7147469865439569, -0.6698780524399308, -0.2572945570127443, 0.31641248294818713, 0.3473466640206058, 0.6593012409463606, -0.03446455644503206, -0.20679769957396074, 0.14637506729125874, 0.6095798363855199, -0.019785634361391677], [-0.6418327904270452, -0.3439914305312827, -0.05682510423367167, -0.627599909511797, 0.3161018096000657, -0.31700202049244597, -0.23647143964374506, -0.1416673419799302, 0.6266750310748873, 0.7246433014368, 0.2036377123482871, 0.010510259755382681]], "inverted": false, "swapped": true, "error_lsq": 0.044302297845155936, "error_max": 0.24515683002299227, "target": "1043.xyz", "model": "11.xyz", "model_rescale": 3.890672605050136, "target_rescale": 4.103902153234473},
{"mapping": [2, 4, 0, 5, 3, 11, 7, 10, 12, 14, 13, 8, 9, 15], "R": [[0.5038699470566548, 0.8034958032484356, 0.3170324441051345], [0.7022387565443828, -0.5947653661211902, 0.39129897529858926], [0.5029670021583158, 0.025468675365592774, -0.8639302873004274]], "T": [0.1652222522913721, -0.010555080959603998, 0.14545603602016202], "aligned_model": [[0.6374897706983795, 0.1489697826908789, 0.24335809757593316, 0.6270542209023418, 0.7502462236141426, -0.40022293631829287, -0.38962226163407976, 0.1941857476378891, 0.014786238528615908, -0.7094719308770284, 0.30468934902745937, -0.18538044755563082, -0.1394079925443013, 0.11320197304738606], [-0.2610639101654468, 0.06661542756222327, 0.5882847326886614, -0.616292415505485, 0.24639617877026043, -0.45773054751638204, 0.19625921558244028, -0.47865406291011237, -0.7714328705198122, 0.03957202968961293, 0.7034225266987943, 0.5757126395285559, 0.1100226575127958, -0.00895908158834122], [-0.37448469974780074, -0.5945599876375895, -0.21589824055314974, 0.13305321818306712, 0.005618465624781438, 0.4137898106803515, -0.398112242156879, 0.7130737704898573, 0.09534709636626817, 0.207933640310344, 0.43850028540810293, 0.1664872484398015, 0.6479598236390891, 0.11608224631061709]], "inverted": true, "swapped": true, "error_lsq": 0.0500537444509792, "error_max": 0.30369871098578094, "target": "1043.xyz", "model": "12.xyz", "model_rescale": 4.124412569039231, "target_rescale": 4.103902153234473},
{"mapping": [9, 0, 3, 14, 1, 10, 7, 12, 4, 6, 5, 2, 15], "R": [[0.3172069169424221, 0.9443741568683826, 0.08681718541288536], [0.06558625693174064, -0.11317093732393868, 0.9914084838485624], [0.9460857332956498, -0.3087876143635834, -0.09783657020807635]], "T": [0.11377722571580105, 0.0796101839634631, 0.12111534106091047], "aligned_model": [[-0.1566529295283658, -0.03415344112114445, 0.5737571300484897, -0.7223214343441349, 0.6365346424026412, 0.3455691953988137, -0.5332884456906837, 0.19803305738299531, -0.005493884021510229, -0.3102325591629367, 0.7341176318278712, 0.5805478782626112, 0.060881466055111126], [-0.3533282640240516, 0.6984711603733849, 0.4739968424210521, -0.1711844166589116, -0.1154139008872775, -0.6167036863261575, 0.49021823295835804, -0.29898640727685, 0.7256796189079538, 0.013955449217601196, -0.09537449971109717, 0.504809619167026, 0.09134562834744668], [0.4362033685134091, 0.4218126234107491, 0.36750769937151373, 0.02340561138592749, 0.5005920225122908, 0.06140847141378998, -0.12136787055504013, -0.5524145295813492, -0.22847274946335044, -0.49219348321194745, -0.2849861937898686, -0.2756972713733743, 0.09590038233508896]], "inverted": true, "swapped": true, "error_lsq": 0.040144361640298096, "error_max": 0.23178852582514334, "target": "1043.xyz", "model": "13.xyz", "model_rescale": 3.9028299243045295, "target_rescale": 4.103902153234473},
{"mapping": [5, 2, 12, 8, 13, 1, 14, 10, 4, 3, 6, 9, 11, 0, 7, 15], "R": [[0.05546809656673475, -0.7473803755737574, -0.6620769324410066], [0.21015784419564526, 0.6569820622910292, -0.7240222719991876], [0.9760927060409285, -0.09898052351375025, 0.19350939299848388]], "T": [-0.0011512308887118017, 0.014341779929708295, -0.0028508264694516736], "aligned_model": [[-0.09155871721010335, -0.5326037492794512, 0.20327823882171545, -0.5040893512923268, 0.3985762496288656, 0.13489249891363303, 0.860647242838816, 0.38648622504150765, -0.2737814182706937, -0.3768407761917151, 0.06006044220228525, 0.5958305068850638, 0.5963049520726477, -0.8049106850289427, 0.32416659347353816, 0.07312166893524204], [0.15682597786418612, -0.4723083649884906, -0.4619702338503856, -0.2585696815638927, 0.08062496057916123, -0.531677857917884, 0.09251590669819397, 0.6247848917768263, 0.6256081655327257, 0.2684041028792817, -0.0865941104617786, 0.14777919018379188, -0.41167196581707977, 0.2112156730172282, 0.7110305102114415, 0.06038276015713077], [-0.48620015502093383, 0.14840930278813363, -0.4671521794758275, -0.5215797930675485, -0.6873037708544516, 0.3220390231858691, -0.18789906171594423, -0.1829869194861724, -0.10957224251420544, 0.4249331690769461, 0.653253844568269, 0.4732297536563804, 0.0832600683926957, -0.052123733279287904, 0.4761283819392319, 0.07019088491855859]], "inverted": true, "swapped": false, "error_lsq": 0.04722959913709705, "error_max": 0.32011857234211055, "target": "1043.xyz", "model": "14.xyz", "model_rescale": 3.942246331269136, "target_rescale": 4.103902153234473},
{"mapping": [9, 13, 8, 3, 2, 0, 6, 14, 11, 7, 4, 12, 1, 5, 15], "R": [[0.28369575079258147, -0.16859085651849978, -0.9439776713887847], [0.7706081800495397, 0.6259479452437473, 0.11980067898750527], [0.5706835846797856, -0.7614238589271352, 0.3074962653977127]], "T": [-0.12017459878493976, -0.08501065056984265, -0.009267257146496025], "aligned_model": [[-0.6799874099841767, -0.3091273945321967, -0.2015680880870022, 0.20187968398715295, 0.49610628075332586, 0.2891789158802206, 0.009938371832210538, -0.4314957232587904, -0.5723854964658729, 0.25090570078477686, 0.5863971168780234, -0.16944242328725367, -0.3729667710629762, -0.01591722020112815, -0.10722150670410387], [0.02127508612832886, -0.4565594865114083, 0.10798463278927169, -0.6421007560460964, -0.3138046530049864, -0.17838898509332768, 0.6015629311862088, 0.6982074328451772, 0.45637180203490596, 0.549029450983098, 0.13547217070431378, 0.23396010204702872, -0.7069109575971889, -0.37975017256163696, -0.028203908022037663], [-0.19678150259697658, -0.6736002541432639, -0.6598072832960029, -0.12658390695257682, 0.34284186390630333, -0.5740693752368446, 0.2589302214215644, -0.2565619873704848, 0.2975022293832902, -0.33543227952273286, -0.086642198645326, 0.6977739376646197, 0.05891182976850977, 0.6854408317448115, -0.022559645764374844]], "inverted": false, "swapped": true, "error_lsq": 0.039378747553238246, "error_max": 0.26807006132546224, "target": "1043.xyz", "model": "15.xyz", "model_rescale": 4.355366556412066, "target_rescale": 4.103902153234473},
{"mapping": [9, 1, 13, 6, 8, 11, 4, 12, 3, 10, 2, 15], "R": [[-0.5498428896635243, -0.8181098075025903, -0.16843140904991605], [0.7762674127978775, -0.4260642680080727, -0.46462688617301834], [0.3083532074011152, -0.38621960384581716, 0.8693403919585383]], "T": [-0.019231348585525835, -0.006172617273308174, -0.09597664848404325], "aligned_model": [[-0.24799201808725457, 0.5572155701264346, 0.1383682390808709, -0.5882280700186521, -0.3826196089589317, -0.5215696939388677, -0.1503427954106085, -0.14914928392980295, 0.528535582144139, 0.11176149812052116, 0.3769621970047818, -0.0751330615008494], [-0.5029943655403232, -0.3198403894858692, -0.6616273698155802, 0.4457821048319327, -0.4187000011575627, 0.004346508940429899, 0.5225791664073016, 0.48739592146833255, 0.0021985852700497624, -0.15793533540027435, 0.6009121006746826, 0.010659501547860523], [0.15036729845428962, 0.06097474756267937, -0.4967652021455406, 0.08352882765400069, -0.5019871592970435, 0.4864688069938436, -0.6030017811844541, 0.49018743976805684, -0.4533460030181075, 0.6125107437459529, -0.27092941590975406, -0.1087498414145023]], "inverted": false, "swapped": true, "error_lsq": 0.0466235484909329, "error_max": 0.25915018269603546, "target": "1043.xyz", "model": "16.xyz", "model_rescale": 3.795458400668931, "target_rescale": 4.103902153234473},
{"mapping": [0, 4, 6, 13, 11, 2, 3, 9, 1, 5, 12, 10, 15], "R": [[-0.5693786729048753, -0.7019141141640601, -0.4279304887226033], [-0.8039101590480913, 0.5842361794606925, 0.11133976283631383], [0.17186152280355288, 0.4074121536557992, -0.8969275076800732]], "T": [-0.02781329691786888, -0.009937387401229819, -0.0692697873032726], "aligned_model": [[-0.21826207288749316, -0.07177227588903284, 0.5424442860999383, -0.25318928559831666, 0.614579045980949, -0.4902253274386134, -0.6526130518411084, 0.2875412529635955, -0.5199202276602246, -0.39349522822683003, 0.23130963967802615, 0.05088947840625602, 0.021345567317076597], [-0.3467226065381753, 0.2808129057300067, 0.44449017588512485, -0.7584107808971109, 0.19174294860226865, 0.5071950225100154, -0.10686984376382058, -0.3890551565242949, -0.20932647583184122, 0.5681683350078822, 0.6601917986742121, 0.12380751070511439, -0.0022425680888958684], [-0.6571441155648452, -0.752918103790467, -0.23822076994241886, -0.133170259633416, 0.30269028271763776, -0.3429097621103093, -0.23678369163508445, 0.27229991079557503, 0.3471278859232574, 0.26603725768105124, 0.22714055059991162, 0.6504965698134682, -0.10237072401806446]], "inverted": true, "swapped": true, "error_lsq": 0.0470156664532783, "error_max": 0.3312470260352806, "target": "1043.xyz", "model": "17.xyz", "model_rescale": 3.7474275329858107, "target_rescale": 4.103902153234473},
{"mapping": [5, 6, 11, 4, 1, 13, 10, 14, 3, 9, 0, 7, 8, 15], "R": [[0.29619174818770233, -0.3846515201014911, 0.8742503396562824], [0.5548210441343938, 0.8143481700296435, 0.17032518003804403], [-0.7774600036600816, 0.43460357344709355, 0.45461596612512734]], "T": [0.059399273501461944, -0.14927180235642024, -0.019649000585173174], "aligned_model": [[0.46935488447360685, 0.23068507812518285, 0.6393643671056737, -0.4547329357961563, 0.22286172311425206, -0.3325119318038966, 0.770304752277736, 0.16148848071240068, -0.2955354751367276, 0.31083027766393395, -0.6388216539959575, -0.3714748297934117, -0.3431278706501251, 0.04616278158636518], [-0.6206236578322406, 0.42261788164776415, 0.35580327372453346, -0.01808730800427827, -0.7264179763288503, -0.3117320556554679, -0.27767476954466563, 0.7066930318994389, -0.6986448015882631, 0.07834659446405318, -0.15448464300268755, 0.4876310618176143, 0.21033486906525828, -0.09335325915097543], [-0.4556812711295551, -0.47114198863971307, -0.03503833318777956, -0.5414744936651731, 0.28937297852617017, 0.6399738467018617, 0.1227290585160468, 0.14889799172526985, -0.02614322242214133, 0.4751448445966935, 0.0683942196165193, -0.253728708472155, 0.39955184055475, -0.0360620440591394]], "inverted": false, "swapped": true, "error_lsq": 0.040756634407691845, "error_max": 0.25927296320917403, "target": "1043.xyz", "model": "18.xyz", "model_rescale": 3.922800546911778, "target_rescale": 4.103902153234473},
{"mapping": [10, 5, 1, 9, 4, 11, 2, 8, 6, 13, 3, 0, 14, 7, 15], "R": [[-0.8490643863012489, 0.056498765317852306, -0.5252595143664152], [-0.4476008745962369, 0.4511892204805016, 0.7720633033520513], [0.280612054223563, 0.8906380728667264, -0.3577998018231377]], "T": [0.08032674783140287, 0.04529645824583652, -0.08434201444037762], "aligned_model": [[-0.3108084986452867, -0.1718257083339912, 0.39534960417948833, -0.00032830068758729625, 0.15672203554449105, -0.6111951295731519, 0.14495464893886978, 0.37703035552175557, -0.5406944791694519, 0.745074762642896, 0.6200658553313672, 0.6336608784346911, -0.35971794769248944, -0.036168555430835886, 0.05393131582685349], [0.40277653330292407, -0.31188717824265305, 0.2375604920564445, 0.6379518028768115, -0.5785396930523642, 0.3720082204913566, -0.6631670870158245, 0.3621526729254178, -0.15233468411173048, 0.4504395033735851, -0.22910071459305828, -0.13474375079271803, 0.4483088646214916, -0.16354933349738207, 0.03973585669227819], [-0.5955823183592862, -0.7082004152484057, -0.6492379370840863, -0.03848310817487438, 0.31419952890553904, -0.0021587356253794376, -0.3080210045066055, 0.443524932360317, 0.2837844896084537, 0.010837905699001477, -0.33176762016112116, 0.3115091052565365, 0.560210356261262, 0.6830583637955809, -0.031014375563602828]], "inverted": false, "swapped": true, "error_lsq": 0.03991677456939113, "error_max": 0.25686850845193243, "target": "1043.xyz", "model": "19.xyz", "model_rescale": 3.9282355846067225, "target_rescale": 4.103902153234473},
{"mapping": [13, 8, 14, 0, 3, 7, 4, 6, 2, 5, 9, 1, 12, 15], "R": [[-0.8929075263883886, -0.23939509682341892, -0.3813215663136237], [-0.4233856509729038, 0.7345669115091296, 0.5302414950437107], [0.15316899121303873, 0.6349027013116615, -0.7572567728306796]], "T": [-0.048910568840744115, -0.12460548180285957, 0.14592324197139594], "aligned_model": [[-0.6447626710713666, -0.1556041677271912, 0.5789842746029189, -0.4426758107538989, -0.6406584353656545, 0.31179122630222944, 0.0076451798666284515, 0.65785265130127, -0.18514512494207813, -0.015846097060974992, 0.043942228672173844, -0.53095985373674, 0.5544879797377152, -0.006528560740354732], [-0.6158322775806846, -0.6382058358768626, -0.6684680606121448, -0.1617256606646384, 0.15010567066387465, -0.18134048480212286, 0.3086253334805298, 0.008046644944246978, 0.6039020077431216, 0.4542407894540387, -0.6819384194535162, -0.1467647218048549, 0.22687250772474843, -0.13463540579090022], [0.009005256351743346, -0.2921470233673364, -0.13950214806299965, -0.43619553672311406, 0.09902134257778278, -0.5701538595637772, -0.45653476768645607, -0.06175853316156704, 0.06317884903380616, 0.6400933043406605, 0.34743499909450526, 0.6175689958504198, 0.48717142902465144, 0.1050008495353643]], "inverted": true, "swapped": true, "error_lsq": 0.0382766039812503, "error_max": 0.2576809230139217, "target": "1043.xyz", "model": "20.xyz", "model_rescale": 4.067790424073018, "target_rescale": 4.103902153234473},
{"mapping": [9, 7, 10, 1, 12, 6, 5, 14, 11, 8, 0, 3, 13, 4, 15], "R": [[-0.8170248920546977, 0.5723359591196775, -0.07001339630076625], [0.5711330689169221, 0.7866023854057403, -0.23465656791050513], [-0.07922968731825053, -0.23170722296155963, -0.9695537218096243]], "T": [0.05115053514340737, -0.06250083793568119, 0.06272209297181215], "aligned_model": [[0.34137787240276163, 0.07773141125764281, -0.19969268854333008, 0.2284312817625734, -0.6781717753535068, -0.42272849577476573, -0.5353532559689709, 0.1420731280045703, -0.26505978429550003, 0.6193289704117073, 0.49158649559557727, 0.2309049834668424, 0.8181947028363905, -0.12431872938801045, 0.044139837493533805], [-0.04212700132125932, 0.7166038241735904, -0.4507215805368556, -0.7118993106331922, -0.030433220153240834, 0.4985006963341737, -0.5426803673854353, 0.6530634056004251, 0.20775993741836168, 0.3161554137243503, 0.15071227161591816, -0.44501787976708324, -0.21663549536455606, 0.34090218715896525, -0.0032877409363144955], [-0.4618745455458993, 0.25863136644374896, -0.5104338767213747, 0.016187990696053936, -0.20399413453843163, -0.08204840955318425, 0.1388879520712313, -0.43848344152328683, -0.5843229757991758, 0.03327529523297856, 0.5685358735100215, 0.5619220469077114, 0.11727279962540654, 0.6629884355008211, 0.05870519731452008]], "inverted": false, "swapped": true, "error_lsq": 0.04321868634671656, "error_max": 0.2881310179986193, "target": "1043.xyz", "model": "21.xyz", "model_rescale": 4.186013935880536, "target_rescale": 4.103902153234473},
{"mapping": [2, 4, 3, 10, 11, 1, 12, 6, 13, 8, 14, 9, 15], "R": [[0.7923734034629203, 0.5147251694075539, -0.32741775984658084], [0.6073948521034445, -0.7155722517170922, 0.34500412491847915], [-0.0567087570206149, -0.47224395448845685, -0.8796418386629193]], "T": [0.051580368504092915, -0.014625499532967115, -0.07276997753396272], "aligned_model": [[-0.00527945267232114, -0.464465585999196, 0.40065460957615523, 0.4091437241030731, -0.21761051533935627, 0.7230713180108219, -0.18284597837691477, -0.6092596656311239, 0.4412210935970911, -0.11077315691016273, -0.5190887106709224, 0.19931544750907704, -0.005509091772995786], [-0.33164643339671634, 0.07212571047486639, 0.1471967168550728, -0.48744391230182027, -0.3687336745193433, -0.052673823294983435, -0.7411734663783679, -0.32012754515328196, 0.6647556711964441, 0.6198052048269578, 0.1737261328234863, 0.14758033596805326, -0.004434257554274403], [-0.7453726383904808, -0.6019334171505224, -0.6017239334661774, 0.3639640705202727, 0.5547974230684567, -0.12721712555635203, 0.07300124897159357, 0.1010158251208764, -0.0314014192283891, 0.12271255179580368, 0.5678286151828138, 0.48554198455885833, -0.058333624091407806]], "inverted": true, "swapped": true, "error_lsq": 0.04208241957295917, "error_max": 0.22744399447709793, "target": "1043.xyz", "model": "22.xyz", "model_rescale": 4.166573947596378, "target_rescale": 4.103902153234473},
{"mapping": [2, 9, 12, 11, 6, 14, 5, 1, 4, 8, 10, 7, 13, 3, 0, 15], "R": [[-0.44712702930053555, 0.894365311324113, -0.013715304189143684], [-0.6255661040609868, -0.32363033132348307, -0.709880594253295], [-0.6393312671212293, -0.3088269718589606, 0.704188492048534]], "T": [-0.016019723572184758, 0.00512076968124283, -0.022942332549821885], "aligned_model": [[-0.12224441308131638, -0.4641268191944221, 0.03916170230459914, -0.5583785585288843, 0.414468985148872, 0.1625043368503598, 0.7938711206725807, 0.36294638049322014, -0.2917081816384436, -0.4158477259347598, 0.2927005896090715, 0.4118647474235235, 0.6866200790862639, -0.5657112894259043, 0.2682861468442581, 0.03517282091106343], [0.36782599148176726, -0.3094017079716784, -0.49058295420006626, -0.3490359099581964, 0.05288337246266369, -0.7495747278429027, 0.17374698868308394, 0.5409208150163477, 0.6853379898352624, 0.3617530073407141, -0.3171038382561924, 0.2006120991250396, -0.36853276488642683, 0.19275722426481076, 0.7175612987592336, 0.04721304044699559], [-0.5796922554114354, 0.2234817088628713, -0.447929607180045, -0.4729570743501133, -0.6486466056741831, 0.1337153486767169, 0.05893562464861988, -0.3011545972965969, 0.011027078095353617, 0.5828878052032755, 0.5785593743246572, 0.5156555390048617, 0.26601005577899656, -0.1780500220969846, 0.2569762759988702, -0.0421920754731519]], "inverted": false, "swapped": false, "error_lsq": 0.03781656770339679, "error_max": 0.27766317560368, "target": "1043.xyz", "model": "23.xyz", "model_rescale": 4.274766983524099, "target_rescale": 4.103902153234473},
{"mapping": [4, 8, 14, 12, 9, 10, 5, 1, 3, 13, 15], "R": [[0.41424387643094157, 0.08841183274254977, 0.9058616664097067], [0.44895118285282687, -0.8856148327794205, -0.11886632566091589], [0.791735338515665, 0.4559273141545512, -0.4065531182432412]], "T": [-0.009919962621708155, 0.055883188122888935, -0.02739343192698796], "aligned_model": [[0.4498986765692671, 0.12680137885522244, -0.5118517311044022, -0.5175780965683493, -0.3985862250366189, -0.5956537240482201, -0.10005630643050173, 0.06976485937361787, 0.5540616055062022, 0.3247593472747007, -0.021665080432842924], [-0.10063107729892916, 0.7120746573042305, 0.5723904663114752, -0.4860323602886478, 0.464879676827131, -0.1579758074912701, -0.6713358885421332, -0.045212037005760125, -0.08849896012350851, 0.6405521265335683, 0.0753757350173276], [-0.5912313955263635, -0.16078921776976418, -0.5301765100974536, -0.25693137681569644, 0.17634424829724812, 0.3641748560769726, 0.18090483893330486, 0.6349828559472692, 0.27078458381671466, 0.3741560910386575, -0.08265253987931198]], "inverted": true, "swapped": true, "error_lsq": 0.04287493282913491, "error_max": 0.2985720598725977, "target": "1043.xyz", "model": "24.xyz", "model_rescale": 3.7841303162186577, "target_rescale": 4.103902153234473},
{"mapping": [9, 10, 0, 10, 8, 7, 4, 2, 12, 13, 11, 3, 6, 14, 5, 15], "R": [[-0.26657926569912127, 0.9463709817426287, 0.1825307097855338], [0.6933047105225065, 0.31984764550968386, -0.6457755508140699], [-0.6695252597674125, -0.04560097123313328, -0.7413882100195377]], "T": [0.11467249385965629, -0.013267318779230416, -0.07818916628290834], "aligned_model": [[-0.262544144257439, -0.5322244180310275, 0.30072168419881573, -0.5322244180310275, 0.3181855850996446, 0.08465116199782288, 0.8067715938774833, 0.3249041674478009, -0.14281578718128812, -0.2526319720756, -0.08046967583366589, 0.43309153074677414, 0.6126184722841246, -0.6189028670501192, 0.4324258053452753, 0.15802320300250683], [0.3191294668340717, -0.42409266131530665, -0.5991114101891095, -0.42409266131530665, 0.021343805040966515, -0.655278987621377, 0.25531914909753023, 0.6036237577990416, 0.6776958119321258, 0.25468703099796786, -0.35352360612620665, 0.2983013192717738, -0.25064970744438747, 0.28116679267657, 0.7773264291292419, -0.02546460446713978], [-0.37712175628892397, -0.21236080484192474, -0.48254340291938747, -0.21236080484192474, -0.6321226238757047, 0.020427753178322267, -0.003593671202073212, -0.45771659742017184, 0.09912875033094326, 0.5584330867137457, 0.581790198311865, 0.5930307591991006, 0.38842186698307907, -0.011295921572491319, 0.12997688342655175, -0.025467142069292695]], "inverted": true, "swapped": false, "error_lsq": 0.045083885664086006, "error_max": 0.3987809164860035, "target": "1043.xyz", "model": "25.xyz", "model_rescale": 4.19342608120988, "target_rescale": 4.103902153234473},
{"mapping": [9, 1, 13, 6, 8, 11, 4, 12, 3, 10, 2, 15], "R": [[-0.5498428896635243, -0.8181098075025903, -0.16843140904991605], [0.7762674127978775, -0.4260642680080727, -0.46462688617301834], [0.3083532074011152, -0.38621960384581716, 0.8693403919585383]], "T": [-0.019231348585525835, -0.006172617273308174, -0.09597664848404325], "aligned_model": [[-0.24799201808725457, 0.5572155701264346, 0.1383682390808709, -0.5882280700186521, -0.3826196089589317, -0.5215696939388677, -0.1503427954106085, -0.14914928392980295, 0.528535582144139, 0.11176149812052116, 0.3769621970047818, -0.0751330615008494], [-0.5029943655403232, -0.3198403894858692, -0.6616273698155802, 0.4457821048319327, -0.4187000011575627, 0.004346508940429899, 0.5225791664073016, 0.48739592146833255, 0.0021985852700497624, -0.15793533540027435, 0.6009121006746826, 0.010659501547860523], [0.15036729845428962, 0.06097474756267937, -0.4967652021455406, 0.08352882765400069, -0.5019871592970435, 0.4864688069938436, -0.6030017811844541, 0.49018743976805684, -0.4533460030181075, 0.6125107437459529, -0.27092941590975406, -0.1087498414145023]], "inverted": false, "swapped": true, "error_lsq": 0.0466235484909329, "error_max": 0.25915018269603546, "target": "1043.xyz", "model": "26.xyz", "model_rescale": 3.795458400668931, "target_rescale": 4.103902153234473},
