[{"mapping": [0, 9, 5, 6, 2, 3, 1, 11, 7, 12, 13], "R": [[-0.6273533556553899, 0.7781983367677365, -0.028898370193679745], [-0.6514151787141715, -0.5447569602464823, -0.5281080563708499], [-0.42671539940422387, -0.3124855243286342, 0.8486853156478864]], "T": [0.03847230065363663, 0.02971665778938027, -0.004477124687331496], "aligned_model": [[0.6854017259201823, 0.26976054791307724, -0.2724917810755835, -0.5723813657427601, 0.07941879079871009, -0.008427337068622531, 0.49725634410205366, -0.3199851811457085, -0.33481077232983847, 0.48181199683380693, -0.03959339241826351], [-0.09802070581959321, 0.5181628896562468, -0.20995940736185797, -0.4052516848196618, -0.35233733570519776, -0.48371203350094194, -0.18099234718077217, 0.4987668161135054, 0.5261699107563822, 0.38352968229624607, 0.1606874250567837], [-0.40519887259122633, -0.49911759717107584, 0.6422515542109527, -0.15349599384716675, -0.6705224507795938, -0.09045217187638677, 0.2750993945781125, 0.3677620773877135, -0.4352768432549795, 0.11122104061266049, -0.0618554127586111]], "inverted": true, "swapped": false, "error_lsq": 0.04530624418232024, "error_max": 0.20702554887965763, "target": "1044.xyz", "model": "0.xyz", "model_rescale": 3.8414455957264533, "target_rescale": 3.64160055544283},
{"mapping": [7, 4, 8, 11, 0, 13, 9, 10, 3, 2, 14], "R": [[0.026032867423938788, -0.5456919188456039, 0.8375814106821443], [0.18027229964150393, -0.8215663519945184, -0.5408610054832785], [0.9832721839834846, 0.16507288989116953, 0.07698540918463964]], "T": [0.02771645762567489, 0.10393606174011397, -0.030943520464486673], "aligned_model": [[0.5849147691008848, 0.223966537352737, -0.15221553683928654, -0.6417339804549147, 0.11640258339783567, -0.012993777556343882, 0.5286088305924588, -0.42893470915716697, -0.27755409575629403, 0.5767631131664209, -0.051264158059277906], [-0.09857644423069054, 0.37016724169500903, -0.27224788113542153, -0.35571878181943584, -0.2319126853281164, -0.6514889867304776, -0.25219728151764464, 0.42350783566314854, 0.6952036443407577, 0.5964550657764711, 0.13385148277753967], [-0.27888248220652806, -0.4627120925898057, 0.6401842736187625, -0.2894371139555565, -0.6672278591805918, 0.019282703104072235, 0.26534274738672026, 0.366202414423363, -0.4439682376952034, -0.006911701536517219, -0.061457926858316456]], "inverted": false, "swapped": false, "error_lsq": 0.04193794067217635, "error_max": 0.26685855843933115, "target": "1044.xyz", "model": "1.xyz", "model_rescale": 4.316132596720782, "target_rescale": 3.64160055544283},
{"mapping": [5, 7, 2, 6, 3, 4, 0, 8, 10, 9, 11], "R": [[0.32038526070633433, 0.4195597661963211, -0.8493072985153387], [-0.7962742394596019, -0.36637497954332665, -0.4813696188353185], [-0.5131282688521137, 0.8305052540194526, 0.2167034903985574]], "T": [0.07887130726318718, 0.11152714594237118, -0.03328703351593403], "aligned_model": [[0.6398349747124498, 0.34281293465704715, -0.1989768309819161, -0.6292080386712288, 0.052567836138591194, -0.0239904261213192, 0.5347578348290751, -0.5471501167728122, -0.3319422789664523, 0.6167477548215365, 0.010505932142081911], [-0.10988727182394784, 0.4634740942265995, -0.23982201113944174, -0.21484770240459844, -0.16089897127073505, -0.6524369704309161, -0.23937819851068515, 0.32703737474661765, 0.5531163936062172, 0.6220470830584313, 0.008639389433598044], [-0.26144334248869383, -0.8123436955770812, 0.6738760195606753, -0.294436533280135, -0.6300358474285381, -0.02289358193043097, 0.38258190233362394, 0.35231461811638515, -0.21622672933428388, -0.03015235633373666, -0.06082572912738561]], "inverted": true, "swapped": false, "error_lsq": 0.03993893883561676, "error_max": 0.2325228536476143, "target": "1044.xyz", "model": "2.xyz", "model_rescale": 3.795458400668931, "target_rescale": 3.64160055544283},
{"mapping": [1, 2, 9, 4, 0, 7, 8, 5, 10, 6, 11], "R": [[0.232469153050473, 0.924477942528519, -0.30215662603727933], [0.7375537143535216, -0.370080716525387, -0.5648493442497566], [-0.6340131002773679, -0.09154669319146741, -0.7678844910807796]], "T": [0.05584358429677541, 0.06104175802751378, -0.10046321642755926], "aligned_model": [[0.5982236527301789, 0.348957287256107, -0.17911923046358133, -0.5489733545515453, -0.05732219066006264, 0.018153786879468406, 0.6229307794183767, -0.40644838061321886, -0.41357070707482146, 0.47879684109553544, 0.0043310917706164825], [-0.11137390235826816, 0.6252305903310659, -0.20949385995466496, -0.09871899661470301, -0.33504445790027954, -0.6876275256912228, -0.08996290429988107, 0.39939192326667766, 0.5126373621799378, 0.3991707576327148, -0.047165777100237456], [-0.369471661238429, -0.5288329516521679, 0.6908379891131401, -0.24056212820738945, -0.7656828501622835, 0.045742390177277825, 0.4154560041058879, 0.3065133435995647, -0.43917012330498273, 0.13207843319721635, -0.1664937211174352]], "inverted": true, "swapped": false, "error_lsq": 0.04273168525054297, "error_max": 0.2050526776735975, "target": "1044.xyz", "model": "3.xyz", "model_rescale": 3.7530521520055578, "target_rescale": 3.64160055544283},
{"mapping": [5, 8, 2, 0, 7, 1, 3, 4, 6, 9, 10], "R": [[0.26632009300512005, 0.9616494675384949, 0.06560418923112799], [0.353681544993525, -0.1608098953209387, 0.9214388434930785], [0.8966509760172781, -0.22219468749229396, -0.38294457569923146]], "T": [0.10440762164737319, 0.038172085488485684, -0.03718334943506559], "aligned_model": [[0.69480089037765, 0.2416987085168705, -0.1477678883878545, -0.6775154746116225, 0.057196274914833686, 0.0613551864718383, 0.5639810440466212, -0.44931965558633513, -0.34939349853304225, 0.4565503741979935, 0.01437361438010086], [-0.2304172450560865, 0.5360286293456812, -0.24667130899641512, -0.10365840869460949, -0.10912646062791881, -0.7467413973386072, -0.13385886077948037, 0.3805146575018645, 0.5537780475002624, 0.4466452392154708, 0.010550317420977989], [-0.3483991937388354, -0.7953188988316499, 0.5255134923756929, -0.25786585491851477, -0.6161696770846055, 0.046382092653463, 0.545283308876714, 0.30325544131325494, -0.31022286653987813, 0.043494611332477985, -0.05553773092772026]], "inverted": false, "swapped": false, "error_lsq": 0.04663847705891271, "error_max": 0.22699388553499872, "target": "1044.xyz", "model": "4.xyz", "model_rescale": 3.7855080009869324, "target_rescale": 3.64160055544283},
{"mapping": [3, 2, 7, 8, 9, 10, 5, 6, 12, 0, 16], "R": [[-0.15516557779685636, -0.35124415781320006, -0.9233369834838543], [-0.45800222467085594, -0.802562014415388, 0.38226715162836233], [-0.8753042931823849, 0.48220509601165606, -0.036340606996514035]], "T": [-0.11407753789732304, 0.1431536139345259, -0.12322398709305969], "aligned_model": [[0.5152249855143411, 0.40476972692795893, -0.10548756570200073, -0.6454552103968155, 0.18790947248792628, -0.013332593059091333, 0.5028330624280176, -0.5021616865557791, -0.3312375404103841, 0.5573026149120144, -0.10440569035913323], [-0.07947261191479946, 0.36286129667022915, -0.19977730374460126, -0.30953174865058064, -0.24397219993440886, -0.5759649549545766, -0.16597250780041375, 0.2883714839098941, 0.6965168695490251, 0.4420582845378036, 0.14192660182356792], [-0.3151419461042927, -0.6010437622268677, 0.5428796609628144, -0.033649405688328346, -0.6388318507296964, -0.0625344983597095, 0.2998192691900848, 0.3811365306586978, -0.4544277063572045, 0.13826897959203105, -0.17606054642712998]], "inverted": false, "swapped": false, "error_lsq": 0.04458690757539189, "error_max": 0.19782802304076716, "target": "1044.xyz", "model": "5.xyz", "model_rescale": 4.2253639853439635, "target_rescale": 3.64160055544283},
{"mapping": [4, 10, 7, 9, 1, 0, 3, 11, 8, 2, 13], "R": [[0.4495310870765863, 0.872481996076144, 0.19156452770471433], [0.7308294282120261, -0.2359187936769967, -0.6404925211501488], [-0.5136245210375238, 0.42792229354519307, -0.7436883501010326]], "T": [-0.015493754095510015, 0.10040873339204168, -0.03896642250077738], "aligned_model": [[0.5944943763417571, 0.28575680935378794, -0.03104873772568307, -0.5018569889720723, 0.08437681687981441, -0.09099793457349868, 0.4746862017149347, -0.4738363952152791, -0.46852177535002787, 0.562980746430725, 0.029926456902595377], [-0.17195405594088012, 0.563787945748307, -0.32710588694854126, -0.18150394918988952, -0.1905566261316777, -0.6971686777062266, -0.16442292604345535, 0.561976836551032, 0.4472525285722281, 0.43472194303299727, 0.08201607754724591], [-0.2727276338232806, -0.5894573651753202, 0.629150713865462, -0.276816103276784, -0.7053528048410546, -0.003865975741075403, 0.39989263890806875, 0.38815264554788126, -0.5083595086257353, 0.02246274107580093, -0.0026646234035637706]], "inverted": true, "swapped": false, "error_lsq": 0.04477422789408401, "error_max": 0.2549882643295023, "target": "1044.xyz", "model": "6.xyz", "model_rescale": 3.89814844738969, "target_rescale": 3.64160055544283},
{"mapping": [4, 11, 1, 3, 7, 0, 2, 6, 8, 10, 12], "R": [[-0.7961543933397253, -0.5713154361204201, -0.19934105050487724], [0.5518324783819711, -0.5503963202511297, -0.626533962732131], [0.24823194348968344, -0.6088206329491058, 0.7534708614981636]], "T": [0.04621150698179229, 0.06845444927349258, -0.0924441973823371], "aligned_model": [[0.6157317901297503, 0.2943885056754563, -0.03371954524542208, -0.678602023754721, -0.03399427434290484, -0.16493322792176676, 0.5737741439938161, -0.5479289461195783, -0.3649659533825428, 0.6028394620498593, 0.20336964470510743], [-0.1346920820056065, 0.5914298380043735, -0.25328536065162105, -0.2102322366002723, -0.27940281854542987, -0.45283045935934024, -0.15853437650405333, 0.20478597323444014, 0.48533457315085154, 0.4544298270498335, 0.11004033171796407], [-0.3157688988746119, -0.658346387980853, 0.6853032768231678, -0.31461758338497703, -0.6436583421696468, 0.0938092117743108, 0.32192469807437657, 0.20044944985290392, -0.4313111782451343, 0.1905610860299678, -0.04793060738910515]], "inverted": true, "swapped": false, "error_lsq": 0.04232521108135594, "error_max": 0.23424935932210195, "target": "1044.xyz", "model": "7.xyz", "model_rescale": 3.7474275329858107, "target_rescale": 3.64160055544283},
{"mapping": [5, 8, 10, 1, 3, 0, 7, 12, 4, 9, 14], "R": [[-0.4378696489668836, -0.6397636431358854, 0.6316428195072893], [0.7979533649890233, 0.047109589195586554, 0.6008752898135504], [-0.41417459822677827, 0.7671265655205294, 0.4898736925538707]], "T": [-0.05598885548174472, 0.07778133271076469, -0.037146793487504465], "aligned_model": [[0.6115842978406736, 0.24195344486306164, 0.03396416386157215, -0.7056825920291503, 0.18532664695383244, -0.21504123226418953, 0.519428033559981, -0.4598737855363176, -0.2148624832983635, 0.5679131090327432, -0.09875002719678952], [-0.0534972004328043, 0.3793354423084717, -0.3208734085287004, -0.214780989013728, -0.3472947481405203, -0.5607582433245052, -0.04418200324353751, 0.22392497065385852, 0.6872995973384403, 0.5000103556957614, 0.10785943617840349], [-0.26105189776323035, -0.571474240383604, 0.6017946837125427, -0.2761178307453644, -0.561753017961623, -0.07153849166474913, 0.30621595989797523, 0.40575457156223926, -0.501336949905302, 0.07603196296659612, -0.06611002520508155]], "inverted": false, "swapped": false, "error_lsq": 0.044360923514974664, "error_max": 0.20218893358478304, "target": "1044.xyz", "model": "8.xyz", "model_rescale": 4.019505241142653, "target_rescale": 3.64160055544283},
{"mapping": [9, 10, 4, 2, 1, 0, 8, 5, 6, 11, 12], "R": [[0.27992551129204085, 0.008214619224547692, -0.9599865770722449], [-0.600629030796237, -0.7785839207359224, -0.1818016659336544], [-0.7489235444907996, 0.6274867316545225, -0.21301156331256466]], "T": [0.004443882222125231, -0.00200071144176555, -0.08861628205233107], "aligned_model": [[0.6790609073808718, 0.21464222679065315, -0.1329583691689114, -0.5595391641030106, 0.11964686236454429, -0.1695892367757837, 0.5254275291145103, -0.28505293899397643, -0.26948083433015274, 0.34097359599641536, 0.002828997511893345], [0.007531056798158721, 0.38131393367130695, -0.42143751733823, -0.07691081884137038, -0.32408911963266596, -0.6212078855391601, -0.05887208311174918, 0.35786906491848147, 0.621216028211291, 0.46913560577381963, 0.02249494458125754], [-0.19880283382080322, -0.893020593950445, 0.6133723634506905, -0.2507389562341288, -0.6711045933907765, 0.0059407224966100125, 0.3373867908722512, 0.3984258657235628, -0.342836625543693, 0.13947985193621165, -0.0576872670290806]], "inverted": true, "swapped": false, "error_lsq": 0.046729369977861014, "error_max": 0.2551427523064416, "target": "1044.xyz", "model": "9.xyz", "model_rescale": 3.877068213659057, "target_rescale": 3.64160055544283},
{"mapping": [5, 12, 7, 13, 3, 4, 1, 9, 10, 0, 15], "R": [[-0.36459398405779286, 0.29591509408203087, 0.8828960776236854], [-0.23136424033748704, -0.9472156692264785, 0.22193031398367336], [0.9019655287658854, -0.12335612293784659, 0.4138133055519354]], "T": [-0.11508633588724389, 0.0947992531164739, -0.10142894355457203], "aligned_model": [[0.6094498295829492, 0.36197697647791865, 0.021791226376660353, -0.7236937668605422, 0.08608927430529022, -0.03610079201346396, 0.5966860080205018, -0.5412434345504884, -0.442184353628317, 0.5708077233079273, -0.037619115231382574], [-0.14793315578926092, 0.4312577970627987, -0.3055676847035396, -0.26608618623148084, -0.32656034081620355, -0.562948858328152, -0.17989591700589663, 0.41467764978312244, 0.6853534781245687, 0.475350224680746, 0.1393962027144371], [-0.26612188461489117, -0.5676922381792168, 0.5966093200571906, -0.41287266334096756, -0.5312496145241935, 0.03720505478263968, 0.31188607451633016, 0.288074897895744, -0.31928984774535857, 0.03457228157244559, -0.0907066559093236]], "inverted": true, "swapped": false, "error_lsq": 0.04023291690018342, "error_max": 0.2024817083418892, "target": "1044.xyz", "model": "10.xyz", "model_rescale": 4.260839863003843, "target_rescale": 3.64160055544283},
{"mapping": [8, 9, 0, 3, 2, 1, 7, 5, 4, 10, 11], "R": [[-0.7191352662222004, 0.014334416947050177, -0.694722241882548], [0.3574441639016352, -0.8497341366681312, -0.38753782611962784], [-0.5958843332125676, -0.5270165286512882, 0.6059500309102723]], "T": [0.06340865579639601, 0.05935710871923695, -0.04522057264565131], "aligned_model": [[0.6575466570622078, 0.38823830680080373, -0.12662625228891564, -0.5808618591839387, -0.14988222240022053, 0.028436489239660495, 0.4816779841474542, -0.46191269576621574, -0.23841865645838992, 0.3900493653454723, 0.07771245928913538], [-0.1071982632476114, 0.5116748248989121, -0.3510032736664018, -0.23771501085005586, -0.21127785942782723, -0.660535938254193, -0.1713749958041117, 0.42522822030346386, 0.5824908915960076, 0.5702400851790006, 0.006514528763956279], [-0.41247082871036017, -0.6158584986684218, 0.7067936291699446, -0.06750802908080993, -0.6381968297045684, -0.10679647399456134, 0.40357681391673345, 0.1710817841340449, -0.45914590092517693, 0.11489883052301324, -0.015959772149438747]], "inverted": true, "swapped": false, "error_lsq": 0.04087928898128931, "error_max": 0.21794960735615376, "target": "1044.xyz", "model": "11.xyz", "model_rescale": 3.890672605050136, "target_rescale": 3.64160055544283},
{"mapping": [0, 8, 10, 9, 6, 11, 4, 12, 5, 3, 13], "R": [[-0.7955159633212874, 0.24283104962781912, 0.5551463171431981], [-0.16355207871791214, 0.796127248288286, -0.5826080346853897], [-0.5834424304488444, -0.5542693261128331, -0.5936164119044991]], "T": [0.08138535097970367, -0.07423396432902665, -0.16592451181833845], "aligned_model": [[0.6632879233982126, 0.28894496033548855, -0.241773855748042, -0.6734348976386179, 0.0366513412710735, -0.10923381086750014, 0.4701197785680227, -0.3467091178805928, -0.45964526596986055, 0.7514009639794912, 0.0863515563393785], [-0.033057119246963806, 0.4302511417373972, -0.31560585070562364, -0.15947478296958717, -0.29573318786420466, -0.5730997300301109, -0.014123423825945836, 0.25527603925343034, 0.4731779021078316, 0.5469675062724689, 0.042464714762447564], [-0.2575127391678484, -0.6366737360974192, 0.6321032095151122, -0.33563252911470487, -0.6960144157877113, -0.033412448807484174, 0.41401454666380166, 0.34719382737388216, -0.27816666897129466, -0.03082837101078703, -0.04465595008514761]], "inverted": true, "swapped": false, "error_lsq": 0.04759389445163806, "error_max": 0.30392106271453423, "target": "1044.xyz", "model": "12.xyz", "model_rescale": 4.124412569039231, "target_rescale": 3.64160055544283},
{"mapping": [1, 2, 3, 5, 4, 0, 6, 7, 10, 8, 12], "R": [[-0.30411325354496804, 0.8992806789040031, 0.3143396086532041], [0.4941389488321975, 0.4310177132045905, -0.7550168409717073], [-0.8144579966243225, -0.07428318419293106, -0.5754478084768889]], "T": [-0.007882905403478371, 0.03473046957205693, 0.04515644863913397], "aligned_model": [[0.713356681027554, 0.3806437094687318, 0.01974113311849791, -0.6757849766636431, -0.08431831158277496, -0.08193219164418002, 0.5456890539299287, -0.561547554813355, -0.30219659487752554, 0.53540689773403, -0.02309826991021026], [-0.22144806737359246, 0.3986327877211555, -0.37400791523608434, -0.21724601283566836, -0.16773607784730088, -0.5339007978111328, 0.004220598422344256, 0.2740170600199008, 0.5791546633821438, 0.5034798109633757, 0.11187716008599806], [-0.23242293654988316, -0.6323519911832599, 0.6290427569613064, -0.20814288928345825, -0.7107808381828733, -0.04396469562784379, 0.41964282807940184, 0.2162560048680391, -0.3568279063797175, 0.047679472708540394, -0.04771508089985303]], "inverted": false, "swapped": false, "error_lsq": 0.03938650469435581, "error_max": 0.19500445936902386, "target": "1044.xyz", "model": "13.xyz", "model_rescale": 3.9028299243045295, "target_rescale": 3.64160055544283},
{"mapping": [4, 7, 12, 1, 3, 2, 5, 11, 9, 10, 15], "R": [[-0.34729461961026464, 0.8172924344726398, -0.4598037883092614], [0.24956990594295303, -0.3920861177028019, -0.8854283360907141], [-0.9039365626178575, -0.4222576853753298, -0.06780219689716371]], "T": [0.06922937429508794, -0.08303404240196544, -0.03118989969099349], "aligned_model": [[0.6994212256629396, 0.2747178110252191, -0.14063795998708853, -0.5755058747123097, 0.1763491126255195, -0.2224610465007926, 0.45817230276352894, -0.5086376111010356, -0.26111598112778, 0.5210961515700115, 0.04456144556884111], [-0.07190809975324511, 0.564414269941978, -0.15966569880672665, -0.16347021088871078, -0.26029554562783896, -0.753017657282661, -0.15535202980808044, 0.2744099037117508, 0.5611804427228215, 0.5092651454728071, 0.011482689809045238], [-0.2803840363644829, -0.6305338252048484, 0.627842406193052, -0.037915762412397934, -0.6192317063444616, -0.12167980942187102, 0.29376446748549934, 0.2589139798311142, -0.30814675512087303, -0.01246318916741549, -0.08975104496291661]], "inverted": true, "swapped": false, "error_lsq": 0.043937524437100736, "error_max": 0.22107193656408652, "target": "1044.xyz", "model": "14.xyz", "model_rescale": 3.942246331269136, "target_rescale": 3.64160055544283},
{"mapping": [11, 13, 9, 0, 8, 7, 10, 5, 12, 4, 14], "R": [[0.5740418516526514, 0.20122022242187426, 0.7937168101027514], [0.283316145198848, -0.9582720701779733, 0.038034213367530254], [0.7682499036256762, 0.20303955675018845, -0.6070972113046036]], "T": [0.02449149022837513, 0.1008828259973375, -0.015466058732801463], "aligned_model": [[0.6374915732171975, 0.37855499874577947, 0.044790846449098615, -0.5904625322485813, -0.003429108168418654, -0.2938021120718869, 0.5686283811405101, -0.4170730703625246, -0.24269927749173928, 0.4512822743602728, -0.06732239778265411], [-0.0785390796439589, 0.5265912657783912, -0.41231700740646143, -0.17879875516495247, -0.38337713846128574, -0.6921271516771264, 0.06421906450387141, 0.25484815884948886, 0.6651955716666662, 0.49291614545605617, 0.0984321355904506], [-0.3412722936152739, -0.6107317160160377, 0.6045147258595105, -0.3058575983241437, -0.6184201641964672, 0.012886475060639752, 0.4445027756296883, 0.41359684259870055, -0.5429473161088603, 0.07298437900982857, -0.04884138538718626]], "inverted": false, "swapped": false, "error_lsq": 0.04836964216596909, "error_max": 0.2294150898504826, "target": "1044.xyz", "model": "15.xyz", "model_rescale": 4.355366556412066, "target_rescale": 3.64160055544283},
{"mapping": [5, 7, 2, 6, 3, 4, 0, 8, 10, 9, 11], "R": [[0.32038526070633433, 0.4195597661963211, -0.8493072985153387], [-0.7962742394596019, -0.36637497954332665, -0.4813696188353185], [-0.5131282688521137, 0.8305052540194526, 0.2167034903985574]], "T": [0.07887130726318718, 0.11152714594237118, -0.03328703351593403], "aligned_model": [[0.6398349747124498, 0.34281293465704715, -0.1989768309819161, -0.6292080386712288, 0.052567836138591194, -0.0239904261213192, 0.5347578348290751, -0.5471501167728122, -0.3319422789664523, 0.6167477548215365, 0.010505932142081911], [-0.10988727182394784, 0.4634740942265995, -0.23982201113944174, -0.21484770240459844, -0.16089897127073505, -0.6524369704309161, -0.23937819851068515, 0.32703737474661765, 0.5531163936062172, 0.6220470830584313, 0.008639389433598044], [-0.26144334248869383, -0.8123436955770812, 0.6738760195606753, -0.294436533280135, -0.6300358474285381, -0.02289358193043097, 0.38258190233362394, 0.35231461811638515, -0.21622672933428388, -0.03015235633373666, -0.06082572912738561]], "inverted": true, "swapped": false, "error_lsq": 0.03993893883561676, "error_max": 0.2325228536476143, "target": "1044.xyz", "model": "16.xyz", "model_rescale": 3.795458400668931, "target_rescale": 3.64160055544283},
{"mapping": [4, 11, 1, 3, 7, 0, 2, 6, 8, 10, 12], "R": [[-0.7961543933397253, -0.5713154361204201, -0.19934105050487724], [0.5518324783819711, -0.5503963202511297, -0.626533962732131], [0.24823194348968344, -0.6088206329491058, 0.7534708614981636]], "T": [0.04621150698179229, 0.06845444927349258, -0.0924441973823371], "aligned_model": [[0.6157317901297503, 0.2943885056754563, -0.03371954524542208, -0.678602023754721, -0.03399427434290484, -0.16493322792176676, 0.5737741439938161, -0.5479289461195783, -0.3649659533825428, 0.6028394620498593, 0.20336964470510743], [-0.1346920820056065, 0.5914298380043735, -0.25328536065162105, -0.2102322366002723, -0.27940281854542987, -0.45283045935934024, -0.15853437650405333, 0.20478597323444014, 0.48533457315085154, 0.4544298270498335, 0.11004033171796407], [-0.3157688988746119, -0.658346387980853, 0.6853032768231678, -0.31461758338497703, -0.6436583421696468, 0.0938092117743108, 0.32192469807437657, 0.20044944985290392, -0.4313111782451343, 0.1905610860299678, -0.04793060738910515]], "inverted": true, "swapped": false, "error_lsq": 0.04232521108135594, "error_max": 0.23424935932210195, "target": "1044.xyz", "model": "17.xyz", "model_rescale": 3.7474275329858107, "target_rescale": 3.64160055544283},
{"mapping": [3, 11, 4, 2, 1, 0, 8, 9, 7, 10, 13], "R": [[0.8586038214556566, 0.3346552181457523, 0.38833666160892155], [0.5126355776619071, -0.5574551921377091, -0.6530302238594724], [-0.002059683710143284, 0.7597694345829721, -0.6501893293314536]], "T": [0.017422686354070672, 0.1348601365149004, -0.04316656585453803], "aligned_model": [[0.5976026268639301, 0.33020826251599017, -0.07147899114097, -0.553667652303702, 0.03972433237318994, -0.07422541847812768, 0.525882456017753, -0.4975752964284628, -0.3855711763557201, 0.6027210214192527, -0.04766058869607985], [-0.07034524729169625, 0.5066983656186567, -0.201942263971739, -0.22473788077120302, -0.18529733568096277, -0.6942225782495564, -0.225707024704169, 0.3627060649639008, 0.568174279429108, 0.4703641385318067, 0.05135269161699352], [-0.32929794895677234, -0.5776178513128974, 0.7104158495358498, -0.2631161393147662, -0.6559636337258438, 0.014840914183246193, 0.3150434788157318, 0.3182023266572683, -0.5092717923914919, 0.1027864884609579, -0.04560696744088323]], "inverted": true, "swapped": false, "error_lsq": 0.03313876909686297, "error_max": 0.15433829958604633, "target": "1044.xyz", "model": "18.xyz", "model_rescale": 3.922800546911778, "target_rescale": 3.64160055544283},
{"mapping": [13, 12, 10, 1, 8, 6, 11, 2, 0, 7, 14], "R": [[-0.21232961333763922, -0.00653631250940525, -0.9771762440413031], [-0.06464011463885358, -0.9976935265873789, 0.02071913572317504], [-0.975057839760988, 0.06756407051398602, 0.21141737273984046]], "T": [0.026218579830030977, 0.024161050064983074, -0.1520767380459814], "aligned_model": [[0.6867066242514153, 0.43590320411031586, -0.060960826622799086, -0.6822775042630385, 0.09002288678945028, -0.2352805191963275, 0.5333836443000743, -0.4258363349125453, -0.5334107448047333, 0.5764911522378819, 0.08121799389735943], [-0.14003979715007256, 0.4746925616252321, -0.2944280557553594, -0.16859444686450573, -0.37505232190800164, -0.6081538755450094, -0.0440168379469138, 0.24482239349453666, 0.6148204468966499, 0.5585958384239315, 0.09439730422065173], [-0.244852660409808, -0.6498657599077259, 0.5837910354068536, -0.24621302841318204, -0.6113678745520176, -0.06510646742237017, 0.3432806942553204, 0.35790746598462675, -0.34280988047321453, 0.07106127329683717, -0.11541007325492086]], "inverted": true, "swapped": false, "error_lsq": 0.03841007769826357, "error_max": 0.21882957800308792, "target": "1044.xyz", "model": "19.xyz", "model_rescale": 3.9282355846067225, "target_rescale": 3.64160055544283},
{"mapping": [5, 2, 8, 11, 1, 4, 6, 9, 10, 7, 13], "R": [[-0.47542482904211203, -0.09973927062458227, 0.8740842692930444], [-0.8766830183573038, 0.13668677467382756, -0.4612413803565266], [-0.07347188070416008, -0.9855804399056137, -0.15242401130153693]], "T": [0.06566656375788041, 0.0075869211547631085, -0.012664642527065048], "aligned_model": [[0.6931033956418274, 0.3581637744988889, -0.14755539284021, -0.6313288229356625, 0.17207716356613992, -0.19498475489149183, 0.6035587616799771, -0.4227265517584696, -0.40079983322317225, 0.40615347912442834, 0.03029835692479789], [-0.08956273899175332, 0.46622983426667786, -0.2553784674256101, -0.13559149822848637, -0.13882255121803364, -0.5583878511916844, -0.23202138046292836, 0.27998346606763397, 0.5097952251961091, 0.5095155897463657, 0.0012835817328491579], [-0.30348265740483027, -0.631379657958907, 0.6685160829499859, -0.09669167672908638, -0.7398110149683902, 0.09269802682760984, 0.27036168004291355, 0.39439445916892757, -0.5346131733525628, 0.12958179324430052, -0.1691591373095615]], "inverted": true, "swapped": false, "error_lsq": 0.044206356607555314, "error_max": 0.22865132520165343, "target": "1044.xyz", "model": "20.xyz", "model_rescale": 4.067790424073018, "target_rescale": 3.64160055544283},
{"mapping": [3, 12, 4, 13, 11, 6, 2, 8, 9, 0, 14], "R": [[-0.29722683124458515, 0.80675277238268, 0.5106918591882612], [-0.6737768465691265, -0.5561941708836572, 0.4864902931224889], [0.6765212279120789, -0.1994943821963443, 0.708887169905361]], "T": [-0.0939284322182785, 0.07452347644974033, -0.05174870902897237], "aligned_model": [[0.6708402165935939, 0.23970062102716105, -0.09649618729472746, -0.6454462920615354, 0.000683993314015266, 0.08254762980707332, 0.49504729976325623, -0.28047324051133926, -0.29402843263212136, 0.41707643457356114, -0.1234924667918839], [-0.15129437517779376, 0.3718689795151695, -0.2644184526521717, -0.2039005724999587, -0.2285062801479118, -0.638182981601921, -0.13087858840535554, 0.32644572794126725, 0.6873681568768016, 0.4916859986992672, 0.09685559694374615], [-0.3481947046700129, -0.6740759328710649, 0.6746012548774222, -0.381038253833491, -0.6150015026575631, 0.04024371934886485, 0.35400923658517125, 0.42459582009611224, -0.48583543651038674, 0.21151444005655023, -0.12040391591120321]], "inverted": true, "swapped": false, "error_lsq": 0.041502237324042034, "error_max": 0.22109954336597862, "target": "1044.xyz", "model": "21.xyz", "model_rescale": 4.186013935880536, "target_rescale": 3.64160055544283},
{"mapping": [4, 3, 1, 8, 11, 9, 7, 2, 5, 6, 12], "R": [[0.5670860944811366, 0.6746963130978421, -0.4724386166882532], [-0.5388341229434517, 0.7377082441766335, 0.40674849037899274], [0.6229535692151482, 0.023904634822711296, 0.7818934831779201]], "T": [0.05145716967642633, -0.01399560666936426, -0.03080692408792065], "aligned_model": [[0.6844004999881036, 0.3652547277053295, -0.02336363014794779, -0.6160010066588412, -0.026699297254281995, -0.14928625202457474, 0.611842829368039, -0.6279707924383267, -0.3005552236924749, 0.473138135590496, 0.07519958535153291], [-0.1387181108956992, 0.6258549320657001, -0.0769074854960296, -0.3035498078014679, -0.1704961097689768, -0.5913996394889416, -0.2129239451918237, 0.2385186224038908, 0.6354960611081983, 0.3477309963293044, 0.003437696226984612], [-0.36463799861804974, -0.6177149538439746, 0.6941531985039953, -0.27231484974164377, -0.637737841012027, 0.07762472150410446, 0.3989827552036406, 0.12512065935107428, -0.26056032344704666, 0.003716643022320866, -0.06621728641199462]], "inverted": true, "swapped": false, "error_lsq": 0.051716481383327455, "error_max": 0.2930255787449794, "target": "1044.xyz", "model": "22.xyz", "model_rescale": 4.166573947596378, "target_rescale": 3.64160055544283},
{"mapping": [1, 6, 8, 10, 5, 7, 4, 9, 12, 2, 15], "R": [[-0.22413887888484485, -0.05780707895291759, -0.9728412535430311], [0.9745365351649786, -0.019797658668110563, -0.22335307103306135], [-0.006348590464316961, -0.9981314514302173, 0.060772535449199805]], "T": [-0.05195613068555632, 0.1480392066943829, -0.022799615772954022], "aligned_model": [[0.5724202226617137, 0.3430637620369298, -0.09112433499618675, -0.6217297700673321, 0.09849927599103259, -0.14159053715839082, 0.4910527236116667, -0.4759749871830387, -0.24699821754667786, 0.5412872361954242, -0.002945797758087204], [-0.04550107611835952, 0.41734778299987774, -0.2995161566053093, -0.3134129822332057, -0.355098754842044, -0.5485970545668891, -0.05657095936239237, 0.29893381613749903, 0.672647606965765, 0.4656419910209746, 0.1211689960952227], [-0.3070449133183489, -0.6148636385345865, 0.6496876991809768, -0.1756430333729988, -0.6672197764322064, -0.1571619628884885, 0.42789937187360133, 0.374551604758292, -0.3635722172930542, -0.02293462986993388, -0.063283779592854]], "inverted": false, "swapped": false, "error_lsq": 0.03492355819561338, "error_max": 0.20434102019688555, "target": "1044.xyz", "model": "23.xyz", "model_rescale": 4.274766983524099, "target_rescale": 3.64160055544283},
{"mapping": [9, 8, 2, 5, 7, 4, 1, 3, 6, 0, 10], "R": [[0.795587929091969, 0.5920176437721097, -0.1286660660223653], [0.48623743447523016, -0.7506523033859264, -0.4473189876769704], [-0.3614042119263396, 0.29331932920270143, -0.8850710517907469]], "T": [0.04237289118613261, 0.13778509358116445, -0.09784635504585534], "aligned_model": [[0.5978329656733501, 0.4396057070717628, -0.015124727901686695, -0.6483771601039114, -0.010962529371412615, -0.11821328876190512, 0.556427476891026, -0.3801696412571865, -0.3640315094105553, 0.28981596051395603, 0.11915632244361621], [-0.4307465736963252, 0.4161355866806249, -0.29821022920248164, -0.23739439942975624, -0.13319109156402834, -0.5184743106126163, -0.09604402624531044, 0.2190142025129109, 0.5867835365998914, 0.7177188404420354, 0.13145167400619495], [-0.4075257134064182, -0.6543876569087241, 0.7595179917051335, -0.31772282781904854, -0.6677232860405272, 0.07883494030664856, 0.22781482799682154, 0.2639186569860721, -0.3949169147772331, 0.2876638508550843, -0.09505914438740991]], "inverted": false, "swapped": false, "error_lsq": 0.05634121378306686, "error_max": 0.3248226114619774, "target": "1044.xyz", "model": "24.xyz", "model_rescale": 3.7841303162186577, "target_rescale": 3.64160055544283},
{"mapping": [6, 1, 13, 10, 7, 11, 3, 9, 8, 4, 15], "R": [[-0.5316345676250005, 0.8129643755640682, -0.23759968554251754], [0.762636909369309, 0.5815081172036421, 0.28325475122917765], [0.3684421677465908, -0.03061427265181435, -0.9291464552675176]], "T": [-0.06914295838792427, 0.12162710678240526, -0.0672229973785071], "aligned_model": [[0.5832654975041927, 0.2278443600735417, -0.06069187998351573, -0.7153224225130664, -0.07518622173194948, 0.07296492961590618, 0.5534076415639093, -0.529523428066262, -0.1652080729521775, 0.5803845560613745, -0.005975383784899813], [-0.1546905632096571, 0.5630153713643208, -0.3579587511653487, -0.25454503493326597, -0.3054533865342802, -0.6302199245901414, -0.08719978535519085, 0.3713357237149386, 0.6350357804547404, 0.484688368108134, 0.09303541163688991], [-0.20877936132464045, -0.5868491383352878, 0.5507786056949474, -0.2821688631614701, -0.5574997470789089, -0.004302740337825933, 0.399493155387728, 0.1932307188447752, -0.344063766053631, -0.012406290470467554, -0.06701784865481983]], "inverted": true, "swapped": false, "error_lsq": 0.041403937259185876, "error_max": 0.19647872350777362, "target": "1044.xyz", "model": "25.xyz", "model_rescale": 4.19342608120988, "target_rescale": 3.64160055544283},
{"mapping": [5, 7, 2, 6, 3, 4, 0, 8, 10, 9, 11], "R": [[0.32038526070633433, 0.4195597661963211, -0.8493072985153387], [-0.7962742394596019, -0.36637497954332665, -0.4813696188353185], [-0.5131282688521137, 0.8305052540194526, 0.2167034903985574]], "T": [0.07887130726318718, 0.11152714594237118, -0.03328703351593403], "aligned_model": [[0.6398349747124498, 0.34281293465704715, -0.1989768309819161, -0.6292080386712288, 0.052567836138591194, -0.0239904261213192, 0.5347578348290751, -0.5471501167728122, -0.3319422789664523, 0.6167477548215365, 0.010505932142081911], [-0.10988727182394784, 0.4634740942265995, -0.23982201113944174, -0.21484770240459844, -0.16089897127073505, -0.6524369704309161, -0.23937819851068515, 0.32703737474661765, 0.5531163936062172, 0.6220470830584313, 0.008639389433598044], [-0.26144334248869383, -0.8123436955770812, 0.6738760195606753, -0.294436533280135, -0.6300358474285381, -0.02289358193043097, 0.38258190233362394, 0.35231461811638515, -0.21622672933428388, -0.03015235633373666, -0.06082572912738561]], "inverted": true, "swapped": false, "error_lsq": 0.03993893883561676, "error_max": 0.2325228536476143, "target": "1044.xyz", "model": "26.xyz", "model_rescale": 3.795458400668931, "target_rescale": 3.64160055544283},
{"mapping": [7, 6, 4, 11, 5, 10, 3, 9, 1, 0, 12], "R": [[0.4711681519222886, 0.682951102929939, 0.5581920490484571], [-0.7829177807286075, 0.6152918777723654, -0.09195462884677644], [-0.4062515492070486, -0.3936923877269365, 0.8246004987948629]], "T": [-0.12175065016459256, 0.14537386623411683, -0.06788383478401111], "aligned_model": [[0.5927819414012542, 0.13747977421094448, -0.26390675276199493, -0.6890303135394046, 0.13305964102785267, 0.03663203872983868, 0.39708959374021785, -0.27731929706202885, -0.2082358314183288, 0.5827316552147096, 0.024677126243993333], [-0.2263812619457012, 0.3988572943915035, -0.4701487364347381, -0.289379197953743, -0.2081168781763125, -0.54927402841245, 0.04997805408536503, 0.31037072349509853, 0.6832662559276635, 0.5682952636868771, 0.08957572082757637], [-0.17488569874729737, -0.8093234468924579, 0.479644019059664, -0.040349339437975335, -0.6818679363687477, -0.07598660165056542, 0.44862463482431386, 0.29673750758627343, -0.29928232459002313, 0.05906247306691492, -0.12195856233970034]], "inverted": true, "swapped": false, "error_lsq": 0.05742853109056969, "error_max": 0.31531530556658427, "target": "1044.xyz", "model": "27.xyz", "model_rescale": 3.6321398670334006, "target_rescale": 3.64160055544283},
{"mapping": [11, 2, 12, 3, 0, 8, 9, 4, 1, 13, 14], "R": [[0.1183401775736375, -0.23558602764877234, 0.9646215972849209], [-0.1269267306043321, 0.9598899302429005, 0.25000185374587797], [-0.9848275013574385, -0.1520215293797294, 0.08369138053057086]], "T": [0.015103241865723482, -0.07881901922150827, -0.05452034793393939], "aligned_model": [[0.5763194085080634, 0.23033757118104564, -0.11183638253669381, -0.5690824127752383, 0.06333526852297015, -0.13893975120115892, 0.5841663602294538, -0.4855551529117022, -0.2497130201394916, 0.5378350028113874, 0.0290926840984181], [0.028982802904229693, 0.43496839402386667, -0.38181704282908435, -0.1817997287573594, -0.32853114800653593, -0.556539440655516, -0.15483521777813308, 0.49393853137889654, 0.48895957427828163, 0.5305170636889542, -0.016800578756460634], [-0.34767733295111614, -0.622974691929326, 0.7041549846731157, -0.4004714634653921, -0.6243705199634219, 0.06829484260238516, 0.28747507030346325, 0.2737435890560189, -0.2885438772793673, 0.09359574192813291, -0.06281161846409351]], "inverted": true, "swapped": false, "error_lsq": 0.03796652522362756, "error_max": 0.20853255411967161, "target": "1044.xyz", "model": "28.xyz", "model_rescale": 4.156811204709835, "target_rescale": 3.64160055544283},
{"mapping": [1, 9, 0, 6, 7, 8, 4, 3, 5, 10], "R": [[-0.4608461506014863, 0.3830718596002939, -0.8005477973601359], [0.05724531052667803, 0.9129984146244029, 0.40392681183109336], [0.8856318647714166, 0.14032050910576113, -0.44268087244176657]], "T": [-0.007828290342967392, -0.009507385500968777, 0.10548195021131769], "aligned_model": [[-0.609285839517645, 0.15605021321075604, 0.09950898998825378, 0.5772801702233961, -0.12762037193792528, -0.6859745060709741, -0.40721908587449374, -0.3895788184916464, 0.14662632884984264, -0.11686170626897602], [-0.20746233590613453, -0.6009868498696951, 0.19237720511391937, -0.05534568688488094, -0.4628545617809458, -0.3909331866413946, 0.5449414249522587, 0.35149041163853056, 0.564772733856448, -0.01727882385190196], [-0.5313496718459193, -0.357298076444675, -0.5877943800185537, -0.19613610757064992, 0.577874131941311, 0.13555369078438462, -0.18349863377162912, 0.6195815002011489, 0.25026581066595754, 0.03158846303372427]], "inverted": true, "swapped": true, "error_lsq": 0.05272540162363999, "error_max": 0.268571394957047, "target": "1044.xyz", "model": "29.xyz", "model_rescale": 4.117894457231895, "target_rescale": 3.64160055544283},
{"mapping": [9, 5, 12, 7, 6, 10, 11, 4, 1, 2, 14], "R": [[0.8528140571116923, -0.5220089194574794, -0.014658512868990892], [0.2407958100684976, 0.36817418426237436, 0.8980340460674036], [-0.4633848960056333, -0.769385766731859, 0.43968168042832806]], "T": [0.012551001451574235, 0.06209775790231696, -0.05835640941250375], "aligned_model": [[0.549119111923619, 0.45101464096802113, -0.043334110394515436, -0.5523463721049252, 0.1049200528897764, -0.07426914821046646, 0.5338231238239832, -0.6311034272153901, -0.5019821236173606, 0.6421799077331733, -0.012062080008861532], [-0.17632382362135418, 0.40110545989109775, -0.12182507731348506, -0.23483516561820278, -0.23623003518078367, -0.6396090543410683, -0.24959076426062465, 0.2871681606691001, 0.7084704613204551, 0.6042014052050798, 0.014511642740925451], [-0.2706623794146997, -0.6818748023603237, 0.6838209062079104, -0.19880375589020186, -0.6189435386351977, -0.17831796974347094, 0.3374077500285788, 0.3084955803769911, -0.29853638222766227, 0.06594937886237304, -0.06812006269389825]], "inverted": true, "swapped": false, "error_lsq": 0.047031080086808695, "error_max": 0.22578992275387477, "target": "1044.xyz", "model": "30.xyz", "model_rescale": 4.100398675895297, "target_rescale": 3.64160055544283},
