[{"mapping": [6, 0, 12, 3, 13, 5, 4, 11, 9, 7, 10, 1, 2, 14], "R": [[0.3253990166002809, 0.0005299223747432524, -0.9455766490231488], [-0.7716180999371526, 0.5781596650293324, -0.2652110661012256], [0.5465537373808256, 0.8159234773650326, 0.18854148413440613]], "T": [-0.028730061972903287, 0.011663885697350412, 0.08283398440952024], "aligned_model": [[0.24391283527287688, 0.41979054177301744, -0.4403029880577467, -0.43819795539598033, -0.746218763322229, -0.13218795247116683, -0.6534583799362387, -0.16689035959241955, -0.19339443844693494, 0.2065660211058172, 0.5545799116977113, 0.07131466793289379, 0.7460981998353479, -0.10011923926664486], [-0.5780308985584103, -0.29882944843242065, -0.2136346876020279, -0.31661227828629335, 0.3835312495206932, 0.09660720351431826, 0.33290004576055676, 0.36784871836726574, 0.7752059110763923, -0.10460174870853771, 0.5312237824430105, 0.4002715726431617, -0.13325450169367525, -0.0073515882339984726], [0.1420485407087878, -0.3843882113868599, 0.4485212949776889, -0.3542879880906972, 0.5926938555880262, -0.6927132736432086, -0.14576791208810969, 0.7105763646104529, 0.3478602189801228, 0.7016297117853152, 0.36116406741213575, -0.10872269865098809, 0.179781309804523, 0.09919280717264457]], "inverted": false, "swapped": true, "error_lsq": 0.05256256527345591, "error_max": 0.303244291312707, "target": "1045.xyz", "model": "0.xyz", "model_rescale": 3.8414455957264533, "target_rescale": 4.036706600606522},
{"mapping": [2, 14, 5, 9, 13, 7, 6, 10, 2, 11, 3, 12, 8, 11, 14], "R": [[0.9075089635572507, -0.2767260927298923, -0.3159907445886539], [-0.1048982214802125, 0.5791476482200991, -0.8084456473328413], [0.40672330175874244, 0.7668185386149552, 0.4965536070183073]], "T": [-0.09027627617054325, -0.011344902185688774, -0.025541912867274405], "aligned_model": [[0.15677588874728832, -0.09144973878986774, 0.3955774928056818, -0.09182703746752709, -0.4697478621750721, -0.4581122005899637, 0.6194072089893814, 0.45697323423292546, 0.15677588874728832, -0.5008259160505671, -0.07022375792022197, 0.05136537963728326, 0.2664462615425684, -0.5008259160505671, -0.09144973878986774], [-0.5881217312493728, 0.06772268671086716, -0.002650301006258446, -0.5103975881192958, 0.06910189518804745, -0.5373240532554509, -0.33720306772493264, 0.3973605820815751, -0.5881217312493728, 0.6998151964711156, 0.28752167124230193, 0.6358103186259773, 0.14263504400820431, 0.6998151964711156, 0.06772268671086716], [-0.4139984032018868, -0.0680970352258664, -0.4707309783938451, 0.43970392730251545, 0.6259000483593926, 0.006043961848561277, -0.011650166169885415, -0.06865920526157109, -0.4139984032018868, 0.2024179726450694, -0.7491810147953611, 0.3531628605160219, 0.6624563464024817, 0.2024179726450694, -0.0680970352258664]], "inverted": false, "swapped": false, "error_lsq": 0.07019354283674262, "error_max": 0.6114228646929645, "target": "1045.xyz", "model": "1.xyz", "model_rescale": 4.316132596720782, "target_rescale": 4.036706600606522},
{"mapping": [2, 1, 0, 12, 6, 7, 3, 13, 5, 9, 4, 14], "R": [[-0.9462110070608738, -0.14930737032154726, -0.28704013531997885], [-0.2999440035764297, 0.07213583447717592, 0.951225533773576], [-0.12131910334069454, 0.9861560376289069, -0.11303957100353862]], "T": [-0.05704671727472939, -0.054022206744020425, -0.04339112845724556], "aligned_model": [[-0.25689501630436407, 0.3518284227751132, 0.026858150400939668, -0.45765400276540363, -0.5325859963010631, -0.5782356972381728, 0.024558928443319014, -0.11648687642899526, 0.5454173326187126, 0.31497017855700393, 0.35549789648280555, -0.07946476560811455], [-0.8223662367141943, -0.1598838907647107, -0.5423863383630233, 0.3787802036963509, -0.3337634303368832, -0.24508759098675342, 0.31490956169560685, 0.7069561000600074, -0.0066974167797078585, 0.14577142669938647, 0.5585717944543821, 0.01797224508051907], [-0.02177939122465869, 0.0956529971502995, -0.5633275388929485, 0.034549913723068135, -0.3915113571148505, 0.33561568254141366, -0.6123680025475544, 0.531423054677111, -0.5475636035707103, 0.6651535911345287, -0.0268835473157475, -0.04970333735053023]], "inverted": false, "swapped": true, "error_lsq": 0.04369124612997055, "error_max": 0.2259156579394677, "target": "1045.xyz", "model": "2.xyz", "model_rescale": 3.795458400668931, "target_rescale": 4.036706600606522},
{"mapping": [3, 4, 5, 10, 6, 2, 1, 12, 9, 7, 0, 14], "R": [[0.6334461185624203, 0.6966231781712828, 0.3368414501107985], [0.719436416805407, -0.36995364787761775, -0.5878312177795939], [-0.2848811279330396, 0.6146954091715546, -0.7355217854632277]], "T": [0.09292113402156604, -0.017348494609536972, 0.010589491055476637], "aligned_model": [[-0.23120134027702016, -0.11702641677348422, -0.6689570343196818, 0.20871177264315288, 0.2237036681734189, 0.1263640528005559, -0.1737931248783317, 0.5362145186072056, 0.23670230671344372, 0.6922030086238231, -0.3598707437093979, 0.1202531581398807], [-0.13093855753827527, -0.7032315816117326, -0.13603196460027903, 0.11934469023076319, 0.5583728650344104, 0.6815349352315023, -0.17287245214237992, -0.2113726675513588, -0.6206980563716207, 0.2277108154678113, 0.5363386676465081, -0.06238764850563974], [-0.5797889754260144, -0.166111911766526, -0.14704407890077792, 0.8202611208042518, -0.2669376184046341, 0.38635867669903473, 0.33058112827939284, -0.33542282841336246, 0.5543228513627446, 0.19113662061490766, -0.05485869136492332, -0.0437248628449927]], "inverted": false, "swapped": true, "error_lsq": 0.046137984187443935, "error_max": 0.24399673282130768, "target": "1045.xyz", "model": "3.xyz", "model_rescale": 3.7530521520055578, "target_rescale": 4.036706600606522},
{"mapping": [6, 12, 7, 11, 2, 4, 0, 3, 5, 1, 14], "R": [[0.09362439354140781, -0.8265033088021667, 0.5550916622262255], [0.8223413497401038, -0.2500978200531738, -0.5110829530636636], [0.561238966431972, 0.5043246582745293, 0.6562525897965289]], "T": [-0.011607659468195787, -0.013646700611119805, -0.0018590337030658672], "aligned_model": [[-0.25718414267635126, -0.182757568540136, 0.34462367337376143, 0.4939005359815755, 0.32103711048345523, -0.21529422182058286, -0.24843625222175983, -0.6698077667288034, -0.4057207704271644, 0.20955096607303056, -0.051711961051819806], [-0.6066701166540358, 0.09583306107318704, -0.35733690460576917, 0.2257547333188469, -0.7030450048848469, 0.6961642047376329, -0.4805596557913009, 0.14762276791156134, 0.23427185429875727, 0.18989758031979043, 0.025270838590522822], [-0.11846036557644332, -0.5609661970747845, -0.4565747447295161, -0.4784771371445245, 0.20988702479715465, 0.018567220109528798, 0.48985016156146727, 0.08340286723261595, 0.6326515633107691, 0.3258259266009979, -0.052875541841949036]], "inverted": true, "swapped": true, "error_lsq": 0.041677822343724955, "error_max": 0.21323800885301114, "target": "1045.xyz", "model": "4.xyz", "model_rescale": 3.7855080009869324, "target_rescale": 4.036706600606522},
{"mapping": [10, 6, 15, 5, 4, 7, 9, 14, 3, 11, 13, 12, 2, 1, 16], "R": [[0.8823574335016242, -0.34772369111370466, -0.31707033002582874], [0.027125063649502984, -0.6350839564738544, 0.7719667085772067], [-0.4697973929966379, -0.6897511166121998, -0.5509390226384281]], "T": [-0.03274143392320666, 0.030971485865544247, -0.01664680559830803], "aligned_model": [[0.11600349761484363, -0.6446749221663344, 0.43955236394188163, -0.17791201040151824, -0.654839599075275, -0.5643700694244452, 0.625272746372795, 0.5560226415051746, 0.37521249096895765, -0.46018913435152947, -0.1387001281616364, 0.07813804180134287, 0.5010342764814378, -0.24099822430628562, 0.019307216069354212], [-0.6103248827560741, 0.1571421125731323, -0.021785229308976355, -0.6701429139387475, -0.08704499929124196, -0.48348879607632017, -0.24032688385627402, 0.3577297009177472, -0.3875448474738353, 0.701580638697236, 0.5339600993391967, 0.6952829980477174, 0.11986663588051141, 0.39464364613003367, 0.04413952602128218], [-0.3290218798419978, -0.2055791929483196, -0.6900511448982724, 0.36080166337636677, 0.3655400152249848, -0.13526840605664386, -0.03477281907914059, -0.08209396683339178, 0.3586321297184508, -0.01948508628201137, -0.52717873281397, 0.08062199544003262, 0.48631127502524185, 0.6138098607137136, -0.014574862502100067]], "inverted": false, "swapped": false, "error_lsq": 0.04699534068203479, "error_max": 0.38925134887988355, "target": "1045.xyz", "model": "5.xyz", "model_rescale": 4.2253639853439635, "target_rescale": 4.036706600606522},
{"mapping": [5, 9, 12, 3, 4, 7, 6, 8, 10, 1, 11, 2, 0, 14], "R": [[-0.27660862337663095, -0.8945544517235827, -0.3510840389069342], [-0.13862202559876396, 0.3986603026472533, -0.9065615793271278], [0.9509319657539023, -0.20209476983514674, -0.23427782761648253]], "T": [0.00876162550589031, -0.06434858613856138, 0.019553531937851358], "aligned_model": [[0.7005314857898247, -0.44289196118736573, -0.38957459714790404, 0.3930975707849629, 0.006771618260846421, -0.4960870603970754, 0.14272950267111778, 0.505041059247801, -0.22346812848105674, 0.13251720097443898, -0.6942702237409722, 0.13457058287451268, 0.6250641294422674, -0.019969026333614075], [-0.16025125322838168, 0.26395554271968263, -0.5001382115184848, -0.6210279410592655, -0.4041608311068024, 0.10823050837106678, -0.17899424482973203, -0.5398901808005881, 0.7316079445032134, 0.22643619562427936, 0.0785857764002469, 0.48893853289463834, 0.08385038468866023, -0.1320430760235427], [-0.3432819551207001, -0.5875503496276763, 0.09231743686665786, -0.07477987358818608, -0.636389031798162, 0.4283742226505606, 0.6476374694062843, 0.43777168929958515, 0.0060187808840549625, -0.29325249964726213, -0.13960797632624647, 0.5752552760054922, 0.3573133748083772, 0.0017316451186693352]], "inverted": false, "swapped": true, "error_lsq": 0.05645660317987817, "error_max": 0.3209689130917841, "target": "1045.xyz", "model": "6.xyz", "model_rescale": 3.89814844738969, "target_rescale": 4.036706600606522},
{"mapping": [4, 9, 11, 5, 12, 10, 1, 3, 0, 2, 7, 6, 14], "R": [[-0.2941898915271919, -0.2540230558859251, -0.9213710407873668], [-0.5213748760835403, -0.7653016645553754, 0.3774673506644579], [-0.80101220110064, 0.5914267911645092, 0.09270277439623892]], "T": [-0.028221421826544628, 0.03196623579127087, 0.007726091522870338], "aligned_model": [[0.22808089435642154, -0.004728216431816517, 0.30341547626746884, -0.3957363095678786, 0.5621238030452722, -0.49830161331910006, -0.33567313353685635, 0.1589687788695776, -0.5283617924349987, -0.5294463808082831, 0.16231151364550672, -0.016185480032269724, 0.0421642608511782], [-0.4438137525671003, 0.2744447397339071, 0.5353063245160684, -0.6607174939007248, 0.08999628121474193, 0.6455432875691967, -0.021367036868568966, -0.5962691278167627, -0.16685841089199993, 0.5012238605186133, 0.6583409433464693, 0.14256150331069314, 0.005390147305952213], [-0.49593996279955493, -0.7803106657646341, -0.4126096334254561, -0.05946400990339952, 0.05249169245203711, -0.2926211440096846, -0.3090511995733067, 0.1995201766825978, 0.48333285380377905, 0.40688743776153496, 0.1598511154672367, 0.6505357636515436, -0.00034739350639764223]], "inverted": true, "swapped": true, "error_lsq": 0.04374373199704519, "error_max": 0.2977298290161935, "target": "1045.xyz", "model": "7.xyz", "model_rescale": 3.7474275329858107, "target_rescale": 4.036706600606522},
{"mapping": [2, 3, 8, 1, 0, 1, 4, 9, 2, 6, 5, 7, 12, 10, 14], "R": [[-0.7393368853077997, -0.08706356003159343, -0.6676832381736018], [0.664120057439183, 0.06920777105330711, -0.74441576671428], [0.11102035547744271, -0.9937958648235854, 0.006652798599394161]], "T": [0.09133574540161181, 0.10520379127488197, 0.13602647206820057], "aligned_model": [[0.06639526141729517, -0.3674977401198947, 0.3572260187992184, -0.24826915799717697, -0.5539153510360074, -0.24826915799717697, 0.6505507362538429, 0.5478743476230549, 0.06639526141729517, -0.5651480510329511, -0.030704794680773986, 0.02439126832680248, 0.25852193563691545, -0.24561470236727523, 0.1169233126255941], [-0.6396976235801048, 0.02828749565463126, 0.005770303282760111, -0.5330413107218148, 0.01179470566560134, -0.5330413107218148, -0.3474017784439478, 0.6377466244636372, -0.6396976235801048, 0.5446327413182983, 0.5227113464222829, 0.7804818073440146, 0.027234121781148063, 0.5867128002732048, 0.0511945057475965], [-0.25523986977008345, -0.4095835104439011, -0.48415548496924093, 0.3412422595080997, 0.23162460436506987, 0.3412422595080997, -0.17163021664692957, -0.16114532267245646, -0.25523986977008345, -0.07102260733170526, -0.43302098816084483, 0.07775409501926145, 0.7247642126904561, 0.6154811932776821, 0.13662009363951885]], "inverted": true, "swapped": false, "error_lsq": 0.06352973704926232, "error_max": 0.4979707888685537, "target": "1045.xyz", "model": "8.xyz", "model_rescale": 4.019505241142653, "target_rescale": 4.036706600606522},
{"mapping": [5, 1, 0, 8, 3, 6, 2, 4, 12, 11, 10, 7, 14], "R": [[0.9142466350122065, -0.2887411517022025, 0.2842211070320837], [0.3954789664745808, 0.48356374986431727, -0.7808729006012165], [0.08803111634561284, 0.8263138914061929, 0.5562875833812035]], "T": [-0.02294379717917075, -0.08727553252283349, 0.0789276239122281], "aligned_model": [[-0.3527851528119915, -0.449246938814863, 0.13572618858084753, 0.5279043642129396, 0.137613323899009, 0.5625550563878452, 0.16735500638295495, -0.4178836727247728, 0.29499226841182324, -0.16505139842833316, -0.41026848623142687, 0.2905558382316752, -0.0017656253545310571], [-0.5210346248660427, -0.018748487256155175, 0.028830667104525975, -0.42951109255325165, -0.7045969815338414, 0.06959938840514412, 0.6033762756594184, -0.6767569951568372, -0.31564909470504005, 0.14849063118269196, 0.6419473701014412, 0.3824936431435907, -0.14506247141158574], [-0.48891934644608037, -0.027319826217170745, -0.611881039029563, -0.39728728166878824, -0.16528632714025715, -0.16223995958582654, -0.26392132740520724, 0.28452691572682864, 0.526857422005729, 0.760276392518681, 0.15557089062899512, 0.44337926249475124, 0.1229477181617869]], "inverted": false, "swapped": true, "error_lsq": 0.053700756510079786, "error_max": 0.25456730358504887, "target": "1045.xyz", "model": "9.xyz", "model_rescale": 3.877068213659057, "target_rescale": 4.036706600606522},
{"mapping": [5, 15, 12, 7, 2, 4, 0, 11, 1, 14, 6, 10, 8, 9, 15], "R": [[-0.3080080730777989, -0.4652849024473394, 0.8298439530860435], [-0.1857218245273437, -0.826062485223388, -0.5320978992636551], [0.9330800773851815, -0.3180105816810665, 0.16802035330796644]], "T": [-0.13482625827429062, 0.05787612097451835, -0.06321889992357445], "aligned_model": [[0.18838914508401516, -0.04767027461754961, 0.37947511574686976, -0.2308857455332664, -0.6043446439584031, -0.5198061991815306, 0.6319405037786436, 0.5089877132925582, 0.22819600285681363, -0.5317339739413729, -0.22848629719425298, 0.01814798335253856, 0.24997094835883882, -0.16565081655758992, -0.04767027461754961], [-0.535174330059454, 0.036272870263506916, 0.12069641649107296, -0.513315457637107, 0.055396050799826534, -0.498063234345429, -0.155257786951841, 0.40522950341582986, -0.7147278173740733, 0.7045477993399417, 0.36814004974962666, 0.7493392067110085, -0.004004928532619613, 0.4483355927715913, 0.036272870263506916], [-0.4566886037164579, -0.06971195109214731, -0.6014966375875888, 0.5119326669242529, 0.405717868421603, -0.03471349604167126, -0.08343536689204968, 0.03427199188486593, 0.09235938447029844, 0.12063308478850464, -0.5878794251543121, -0.1043097982143873, 0.6026825802424738, 0.46804050130170594, -0.06971195109214731]], "inverted": true, "swapped": false, "error_lsq": 0.04894230326784595, "error_max": 0.36488515065760174, "target": "1045.xyz", "model": "10.xyz", "model_rescale": 4.260839863003843, "target_rescale": 4.036706600606522},
{"mapping": [3, 12, 7, 6, 2, 0, 5, 4, 11, 10, 1, 14], "R": [[0.7287664108990718, -0.0998545775849854, -0.6774426777821203], [0.6307336640934322, 0.48305414931826623, 0.6073168314855761], [0.26659813075968647, -0.8698780099311227, 0.41501528226525686]], "T": [0.04628908735091522, -0.0064136935649215885, -0.05122628216595179], "aligned_model": [[0.3437558208041148, 0.2391347643131259, -0.3284446303181586, -0.46389620653871855, -0.7159026144932055, -0.3957434188420845, 0.3211626755692347, 0.7792907952803358, 0.20569681337815815, -0.28948229205326037, 0.16585032146519763, 0.09747662052939081], [0.09465399398719716, -0.5532710391645698, -0.49054571830061044, -0.17368844432424024, 0.14318857693031442, 0.4432921968611458, 0.6485617371338342, 0.0766540131260421, -0.46181554268576885, 0.16261661858990237, 0.33713864427080475, -0.053706530891117585], [-0.6576944836804087, -0.18402883548496424, 0.2262280746961606, -0.4217806983208484, 0.11442977267264828, -0.39509442310554443, -0.3901129114421398, -0.09053558332256978, 0.5030432654937387, 0.6879265985969367, 0.20449964069897456, -0.08070233940647861]], "inverted": true, "swapped": true, "error_lsq": 0.04067355659742031, "error_max": 0.21626243564423014, "target": "1045.xyz", "model": "11.xyz", "model_rescale": 3.890672605050136, "target_rescale": 4.036706600606522},
{"mapping": [4, 13, 9, 5, 1, 6, 12, 0, 3, 7, 10, 11, 2, 14], "R": [[-0.9391892887117734, -0.19527949341376732, -0.2824701743921568], [-0.09078718302462667, 0.934501405248344, -0.3441871743504157], [0.3311814719568805, -0.29761223604034304, -0.895402585204857]], "T": [0.07147558342207883, -0.08793187520660603, 0.13891092718634823], "aligned_model": [[0.48214008333438224, -0.01556415842713453, 0.4097794961614172, 0.696777910056152, 0.4735242045683864, -0.38698503464041756, -0.3327998742840171, 0.1800971626401375, 0.17916899669908312, -0.4666400917852799, 0.20369296664358472, -0.13427754960106064, -0.1283376789021973, 0.0492994023306572], [-0.1958456392786884, 0.2906831737050659, 0.5707098887110705, -0.561529015067165, 0.09025700661909156, -0.38249443302467145, -0.13104732096312297, -0.47558187395075946, -0.7228698839474551, 0.30119668947758527, 0.6298520396920024, 0.5277818589915637, 0.10287402654285213, -0.11183399767960416], [-0.46561058352715634, -0.7340765808316427, -0.22453257029138757, 0.20290468659399935, 0.2046716585425455, 0.4975572890697124, -0.2953486062278292, 0.733723716028561, -0.08859878297913726, 0.24283675129893706, 0.5325674549883161, -0.2054415732164352, 0.8835092929238524, 0.07062828298452588]], "inverted": false, "swapped": true, "error_lsq": 0.047027539601517225, "error_max": 0.304969221706841, "target": "1045.xyz", "model": "12.xyz", "model_rescale": 4.124412569039231, "target_rescale": 4.036706600606522},
{"mapping": [4, 12, 6, 9, 3, 5, 11, 1, 7, 10, 0, 2, 14], "R": [[0.3895907678395608, -0.8770357481813025, -0.28111800018185396], [0.919531082510749, 0.38757386249203263, 0.06518503976847428], [0.05178437902294522, -0.2838922287155292, 0.9574568296085928]], "T": [0.1395904642416673, 0.10716337616026728, 0.05492859035756112], "aligned_model": [[-0.2138627637669163, -0.05982511764450835, 0.6459183109015025, -0.6320171525151306, 0.46258826480654136, 0.4676915417817865, -0.5245282695169156, 0.0003632746286517663, -0.02674896348723607, -0.16723946946273718, 0.8027166809212628, 0.49579434735924277, 0.11644762350421377], [-0.392872354684063, 0.4264845230710913, 0.5176661581899143, -0.09558858381972324, -0.188454349231841, -0.6046936311929082, 0.4169575148824608, -0.22361602775490247, 0.7358407845049406, 0.21598169740605072, -0.01839591085276268, 0.44483181066517224, 0.11334374532504797], [0.46817434335334707, 0.5155220776800694, 0.08138665751060498, -0.15450639931071347, 0.579130264993268, 0.12565154151491292, 0.00024497446566645875, -0.20759687655646605, -0.11503025081987509, -0.7077473641201039, -0.1907783671454852, -0.5694573321238985, 0.12670481152651292]], "inverted": false, "swapped": true, "error_lsq": 0.0490230765583694, "error_max": 0.34012641283267897, "target": "1045.xyz", "model": "13.xyz", "model_rescale": 3.9028299243045295, "target_rescale": 4.036706600606522},
{"mapping": [9, 3, 10, 1, 2, 6, 14, 13, 11, 0, 4, 5, 12, 8, 15], "R": [[0.5380223363140123, 0.4914857535383025, 0.6848165591573404], [0.6616213013464943, -0.7496174016303282, 0.018193536697592577], [0.5222922737622905, 0.4433006939334545, -0.7284883496160625]], "T": [-0.06924689801430105, 0.04369296784263149, 0.0032535370304939155], "aligned_model": [[0.12093631412422788, -0.6117006305328239, 0.38357651492624373, -0.1922020948992771, -0.6108154478560525, -0.42646489362716206, 0.7297157586957499, 0.6677117608850183, 0.32532878595226555, -0.6631354832310963, -0.1832817533742983, 0.1621541728221551, 0.34669713427624826, -0.16742654297073106, -0.052234408321706116], [-0.6010181035105877, 0.04706621778886329, 0.1710914425686952, -0.4711220783540579, 0.06668878802144176, -0.5038203724753498, -0.2978291952556299, 0.329408226590508, -0.5242459700919786, 0.6216405494199071, 0.5044684605982293, 0.49852289105606096, 0.0854317205128553, 0.6131217416074517, -0.03571751357102115], [-0.3827820011767, -0.3040281163425545, -0.5747371094157299, 0.38014376443269576, 0.5015751878067678, -0.12725588038224855, -0.16429328650983616, 0.09219215511726608, 0.26327676818099943, -0.018867731986011826, -0.48052871866060637, 0.044303738254848346, 0.5595706475783346, 0.5157169879053306, -0.076595556559613]], "inverted": false, "swapped": false, "error_lsq": 0.047994120665200375, "error_max": 0.28217458088835645, "target": "1045.xyz", "model": "14.xyz", "model_rescale": 3.942246331269136, "target_rescale": 4.036706600606522},
{"mapping": [12, 0, 13, 3, 2, 1, 4, 11, 3, 7, 8, 6, 10, 9, 14], "R": [[-0.5932706205882924, 0.17097310823036804, -0.786637252492424], [0.10616480378607542, -0.9520326669296676, -0.28698926031447447], [-0.7979718072612884, -0.25377548613061884, 0.5466616846417184]], "T": [0.029757375896981887, 0.055970324396406215, 0.06260635964405846], "aligned_model": [[0.015123311081962167, -0.6272667078000626, 0.5468937075075423, 0.12275649429941399, -0.7075922437267634, -0.3985252283834728, 0.5637536874038808, 0.5536556494496612, 0.12275649429941399, -0.5549685877014736, -0.13738199514713237, 0.05957590560235914, 0.49683651347574975, -0.17207889612114993, -0.05467891737116622], [-0.5324713811466851, 0.11422423701635306, -0.17646397648980605, -0.641211185702261, 0.08744304530861179, -0.62232570853768, -0.16175644507169412, 0.4631637402005489, -0.641211185702261, 0.6787821491248814, 0.5347157238587422, 0.614430617529127, 0.256403430920417, 0.5025323393067, 0.027431404290394083], [-0.5044901590256263, -0.2624218206338742, -0.5200377485431149, 0.2103799582791297, 0.25747278804717494, -0.05197958346089322, 0.16799597050118453, -0.2091198734487859, 0.2103799582791297, 0.09696456974417793, -0.5219517635810128, 0.06733347491093279, 0.563270084204737, 0.7013604533839287, 0.022534539585854746]], "inverted": true, "swapped": false, "error_lsq": 0.05392031170066647, "error_max": 0.3165981172960341, "target": "1045.xyz", "model": "15.xyz", "model_rescale": 4.355366556412066, "target_rescale": 4.036706600606522},
{"mapping": [2, 1, 0, 12, 6, 7, 3, 13, 5, 9, 4, 14], "R": [[-0.9462110070608738, -0.14930737032154726, -0.28704013531997885], [-0.2999440035764297, 0.07213583447717592, 0.951225533773576], [-0.12131910334069454, 0.9861560376289069, -0.11303957100353862]], "T": [-0.05704671727472939, -0.054022206744020425, -0.04339112845724556], "aligned_model": [[-0.25689501630436407, 0.3518284227751132, 0.026858150400939668, -0.45765400276540363, -0.5325859963010631, -0.5782356972381728, 0.024558928443319014, -0.11648687642899526, 0.5454173326187126, 0.31497017855700393, 0.35549789648280555, -0.07946476560811455], [-0.8223662367141943, -0.1598838907647107, -0.5423863383630233, 0.3787802036963509, -0.3337634303368832, -0.24508759098675342, 0.31490956169560685, 0.7069561000600074, -0.0066974167797078585, 0.14577142669938647, 0.5585717944543821, 0.01797224508051907], [-0.02177939122465869, 0.0956529971502995, -0.5633275388929485, 0.034549913723068135, -0.3915113571148505, 0.33561568254141366, -0.6123680025475544, 0.531423054677111, -0.5475636035707103, 0.6651535911345287, -0.0268835473157475, -0.04970333735053023]], "inverted": false, "swapped": true, "error_lsq": 0.04369124612997055, "error_max": 0.2259156579394677, "target": "1045.xyz", "model": "16.xyz", "model_rescale": 3.795458400668931, "target_rescale": 4.036706600606522},
{"mapping": [4, 9, 11, 5, 12, 10, 1, 3, 0, 2, 7, 6, 14], "R": [[-0.2941898915271919, -0.2540230558859251, -0.9213710407873668], [-0.5213748760835403, -0.7653016645553754, 0.3774673506644579], [-0.80101220110064, 0.5914267911645092, 0.09270277439623892]], "T": [-0.028221421826544628, 0.03196623579127087, 0.007726091522870338], "aligned_model": [[0.22808089435642154, -0.004728216431816517, 0.30341547626746884, -0.3957363095678786, 0.5621238030452722, -0.49830161331910006, -0.33567313353685635, 0.1589687788695776, -0.5283617924349987, -0.5294463808082831, 0.16231151364550672, -0.016185480032269724, 0.0421642608511782], [-0.4438137525671003, 0.2744447397339071, 0.5353063245160684, -0.6607174939007248, 0.08999628121474193, 0.6455432875691967, -0.021367036868568966, -0.5962691278167627, -0.16685841089199993, 0.5012238605186133, 0.6583409433464693, 0.14256150331069314, 0.005390147305952213], [-0.49593996279955493, -0.7803106657646341, -0.4126096334254561, -0.05946400990339952, 0.05249169245203711, -0.2926211440096846, -0.3090511995733067, 0.1995201766825978, 0.48333285380377905, 0.40688743776153496, 0.1598511154672367, 0.6505357636515436, -0.00034739350639764223]], "inverted": true, "swapped": true, "error_lsq": 0.04374373199704519, "error_max": 0.2977298290161935, "target": "1045.xyz", "model": "17.xyz", "model_rescale": 3.7474275329858107, "target_rescale": 4.036706600606522},
{"mapping": [5, 4, 3, 9, 0, 2, 8, 12, 1, 6, 10, 11, 7, 14], "R": [[-0.06284444394272781, 0.863349967332542, -0.5006769515090829], [-0.3349456161200246, -0.4908176141584009, -0.8043068468400805], [-0.9401393567485125, 0.11715333345131176, 0.3200204467744824]], "T": [0.03751785253977793, -0.017171494378114213, 0.007149687105364549], "aligned_model": [[0.4730993801343909, 0.23381517936142795, 0.6981977532958641, -0.5599257051716607, 0.31438266287130423, -0.27102128273403114, 0.7575074958939985, 0.1669208311270488, -0.1619912363739896, 0.2810495964083171, -0.7407302650204256, -0.5035740045447293, -0.34629231520714987, 0.07340955784251146], [-0.5359269715350803, 0.16125031508437027, -0.010143020249814835, 0.14137527185588306, -0.594408186875855, -0.42328670601938323, -0.13249677122614567, 0.562078980214025, -0.29621210162530925, -0.040348847215002814, -0.29012049773858223, 0.46735466895075284, 0.30636765344756917, 0.04492445444380637], [-0.3935421390643282, -0.6823211145030667, -0.1659326161927643, -0.5389948035525789, 0.33275235970307954, 0.615946036536037, 0.34722983315703587, 0.04718325483145462, -0.2757837116095214, 0.6119104263391238, 0.09369075176685347, -0.10452124917345722, 0.45414216090423853, -0.01696447048045095]], "inverted": true, "swapped": true, "error_lsq": 0.04948087733112342, "error_max": 0.3662553849692343, "target": "1045.xyz", "model": "18.xyz", "model_rescale": 3.922800546911778, "target_rescale": 4.036706600606522},
{"mapping": [3, 2, 7, 5, 1, 0, 12, 13, 5, 10, 11, 4, 8, 6, 14], "R": [[0.35296760633739377, -0.04442317191885453, -0.9345803607358327], [-0.596933535911677, 0.7584777036474644, -0.2614993819756609], [0.7204749978871119, 0.6501831702423078, 0.24120037842679426]], "T": [-0.021399382639734864, 0.07723500917289569, 0.02766725974483534], "aligned_model": [[-0.03128700173190132, -0.6778325274768982, 0.3196457110512721, 0.1420841765235171, -0.5646721909370345, -0.38553461570882486, 0.5942960404366564, 0.5826706041157874, 0.1420841765235171, -0.4960549791262404, 0.13391369414205492, 0.07261787130901112, 0.2814514489752629, -0.28942220679298125, 0.004898985565563705], [-0.4026489328198587, 0.04177726547985389, 0.027142861993894152, -0.5815099661134593, -0.10503572656187149, -0.6715468486274471, -0.38189415536796234, 0.39163465296360944, -0.5815099661134593, 0.7001942540383043, 0.6042484574893887, 0.7834285895623243, 0.1246920735499561, 0.4863535176861903, 0.06836072774592505], [-0.3951363362560601, -0.25688016610747616, -0.6930199400297583, 0.376754503287206, 0.4962983071534744, -0.04426254731500081, -0.14184262444281587, -0.062143997376089714, 0.376754503287206, -0.1652692355692086, -0.4255195518935198, 0.1554112305178704, 0.5572140988935879, 0.514035005013667, -0.06470240092013946]], "inverted": true, "swapped": false, "error_lsq": 0.05117551508407357, "error_max": 0.3163187419518393, "target": "1045.xyz", "model": "19.xyz", "model_rescale": 3.9282355846067225, "target_rescale": 4.036706600606522},
{"mapping": [6, 8, 3, 0, 2, 5, 1, 4, 10, 11, 12, 7, 13, 14], "R": [[0.7203880960543799, -0.038491314978996716, -0.6925022813928725], [0.505847979345784, -0.6539402825126116, 0.5625654883647886], [-0.4745090229436453, -0.7555663608039425, -0.45162004114803594]], "T": [-0.02726030558708447, -0.07749084719413803, 0.01943089957761178], "aligned_model": [[-0.5160304778821214, -0.1799585300956995, 0.30865701685193014, -0.44028189014275393, -0.7958760194508948, 0.2779822692869657, 0.08146420748162739, 0.7079478450980253, -0.40550407668712835, 0.09060804262326147, 0.16509067812405323, -0.4257610813853119, 0.639257515697253, 0.024927319565470098], [-0.509404182592808, -0.8015187025345824, -0.5952925579002871, -0.2680446189566329, 0.08907209166634207, -0.1547145993051519, 0.28695217283810404, -0.046956729692506596, 0.6557721099817746, 0.2933494028744886, -0.3803296986664546, -0.004205977649641576, 0.07692155908312324, -0.11871818172093154], [0.03105161617411458, -0.2964906550510204, -0.27305116021720355, -0.5364250651530268, -0.09122907512797389, -0.7018567784090344, -0.2109581421934582, -0.04594196722768111, 0.1026038041311395, 0.6428095647418476, 0.49395029731772666, 0.5557298425735756, 0.6864715758313715, 0.05551929985330567]], "inverted": true, "swapped": true, "error_lsq": 0.04616926125725108, "error_max": 0.3361942085617613, "target": "1045.xyz", "model": "20.xyz", "model_rescale": 4.067790424073018, "target_rescale": 4.036706600606522},
{"mapping": [1, 5, 8, 10, 11, 13, 7, 0, 9, 6, 4, 2, 12, 3, 14], "R": [[-0.5408573582704719, -0.289752085773036, 0.7896309560768633], [0.375206021855248, 0.7570978907489079, 0.5348113919758195], [-0.7527906476360113, 0.5855309664003516, -0.30076523771543917]], "T": [-0.040514161086294104, 0.07987635980553469, -0.00888714575259844], "aligned_model": [[0.15697396449012724, -0.27880662075656737, 0.24693531593587756, -0.21785619149372945, -0.42669013467141836, -0.5588152901829941, 0.6282036904588869, 0.5740045827872559, 0.34167752756352554, -0.6074464446941362, -0.16691112411744582, 0.06925393507089797, 0.1835554497135475, -0.0679797464676693, -0.047239726767395955], [-0.6400356549889807, -0.06341432406922749, 0.06112509476380788, -0.6559215093917049, 0.006881015625649564, -0.3896142100188755, -0.19612587738469645, 0.4288569833471759, -0.5374190734093909, 0.5553776949196366, 0.568161270177433, 0.8153182943935339, -0.08535928033636582, 0.6211405340983636, 0.014715847179028754], [-0.34951925300268094, -0.5296083806152454, -0.5010142481804857, 0.3048613546253929, 0.5045055413133447, -0.04153755922982741, -0.19137867240403067, 0.0620865630522833, 0.268467790615743, -0.01545744279879188, -0.6318431223479652, -0.03713705645012738, 0.7049082448465501, 0.6468748170796325, 0.03348227173915132]], "inverted": true, "swapped": false, "error_lsq": 0.05150904415125436, "error_max": 0.3370217211249351, "target": "1045.xyz", "model": "21.xyz", "model_rescale": 4.186013935880536, "target_rescale": 4.036706600606522},
{"mapping": [6, 7, 2, 5, 4, 0, 3, 12, 10, 11, 13, 1, 14], "R": [[0.3213565533269482, 0.45007057832061514, 0.8331665140678491], [0.021618227159396264, -0.8830919475131649, 0.46870167963416826], [0.9467114755237253, -0.1326087733430667, -0.29351711252350876]], "T": [0.028252540770429255, -0.07295811745592834, 0.0007074224125590044], "aligned_model": [[0.04994541534298061, -0.2684282305138861, 0.4593669953990933, 0.5181612610006833, -0.1713894967820681, 0.5968250816865791, -0.013974270372200517, -0.5558438153562899, 0.3402863749089676, -0.43115842878670585, -0.7410636675439313, 0.3117733472401873, -0.03592653080018415], [-0.3013991774398167, 0.33789517699082844, 0.23107178956970154, -0.5438963540055881, -0.27824175510279303, -0.3692665842118744, -0.7368011367553855, -0.17260187100228205, 0.6929141141009552, 0.488211183363005, 0.17235046165357104, 0.10509076615157703, -0.10636995376580516], [-0.6099680666820642, -0.44084686311405824, -0.5929802908224987, 0.39769492223977365, 0.6816910153398213, -0.3230208293871742, 0.15573695693658035, -0.05203249478530891, -0.06040933533111852, 0.11922736010957244, 0.5115975610129446, 0.2933392602315164, 0.022850365587360075]], "inverted": true, "swapped": true, "error_lsq": 0.047845136386875126, "error_max": 0.34010338888751374, "target": "1045.xyz", "model": "22.xyz", "model_rescale": 4.166573947596378, "target_rescale": 4.036706600606522},
{"mapping": [1, 7, 4, 6, 13, 5, 2, 3, 6, 10, 8, 9, 12, 14, 15], "R": [[-0.6457305801020068, 0.4944842587311018, 0.5818224263366606], [-0.1869940504048904, 0.6363691328868497, -0.7483766109533438], [-0.7403142866609419, -0.5920469952427696, -0.318457394936448]], "T": [0.07472844845076224, 0.13777778701052978, 0.00693971576567253], "aligned_model": [[0.07770348391770451, -0.5623436245877818, 0.36632510051357103, 0.19068571458389996, -0.6900143757158148, -0.5371462537892189, 0.5857967592039377, 0.6077795506256929, 0.19068571458389996, -0.6058737292755989, 0.01830231133318712, 0.18045452872221482, 0.23567825087212993, -0.2869031560420886, 0.05772891192302777], [-0.5184951690339533, 0.09291790374475326, 0.040230528909934365, -0.5466796864356084, 0.01169504761761092, -0.4243255905106321, -0.2884758131285694, 0.32556442188579665, -0.5466796864356084, 0.43889749689829144, 0.6110445859956044, 0.7228252134947282, 0.06375288635816495, 0.44782181972071733, 0.07359284582415837], [-0.27126168105998655, -0.31479994961298224, -0.6603753809520706, 0.31867600085536446, 0.34765175636396073, -0.019727172680157883, -0.09269104906851057, -0.19804651364591316, 0.31867600085536446, 0.09089702095898938, -0.6464466693462271, 0.09054994837355958, 0.6378096155177111, 0.6386619993943066, -0.01188307771046559]], "inverted": true, "swapped": false, "error_lsq": 0.04864830104719705, "error_max": 0.3180600462292332, "target": "1045.xyz", "model": "23.xyz", "model_rescale": 4.274766983524099, "target_rescale": 4.036706600606522},
{"mapping": [4, 1, 5, 3, 0, 6, 12, 7, 11, 10, 14], "R": [[0.38688472999067003, -0.91354421278532, -0.1255275945220682], [0.42318508005173705, 0.05495057504985372, 0.9043753768890967], [-0.8192890782389642, -0.4030104286344719, 0.4078578192093514]], "T": [-0.058102172806755295, 0.08159574765186345, 0.05223686703534677], "aligned_model": [[0.22180095125398464, 0.11899065337738297, -0.39789487883497926, -0.46234470921671134, -0.6744576155536197, -0.5595074852848936, 0.06751589826412353, 0.13725285129345294, 0.6082506776340999, 0.36692962633600607, -0.04664126531077127], [-0.09275732950539808, 0.4466836804191076, 0.39917614495482007, -0.19243148692305162, 0.4460602972458404, -0.06451269694813666, -0.49745571531789173, -0.08813465923770553, -0.10747659099391624, 0.6535279121216317, 0.012906975428183448], [-0.6088169995342373, -0.12960860973626945, -0.5826458465426216, -0.42525853702075445, 0.1083170155194093, 0.44316587172802724, 0.1051370861310516, 0.6725739529897815, 0.29767917844701897, 0.4763856802561437, 0.02263764178402814]], "inverted": true, "swapped": true, "error_lsq": 0.04597655039172259, "error_max": 0.22510293361855016, "target": "1045.xyz", "model": "24.xyz", "model_rescale": 3.7841303162186577, "target_rescale": 4.036706600606522},
{"mapping": [0, 15, 10, 1, 4, 8, 7, 11, 0, 12, 14, 13, 6, 3, 15], "R": [[0.8442846282354928, 0.500373460820047, -0.19185897485451336], [0.04869130296192076, 0.284908381717655, 0.9573172781491502], [0.5336783896141254, -0.8175901257561738, 0.21617993136477254]], "T": [-0.10165365518495034, 0.03385247370810001, -0.04683874615594369], "aligned_model": [[0.18762167746004005, -0.07679804132098281, 0.33373205878932005, -0.2450340937083678, -0.44960303393291173, -0.4221492387612829, 0.5068150941389198, 0.5300287933158472, 0.18762167746004005, -0.5682820969838083, -0.17119588085099133, 0.02765319676458508, 0.2064497424181524, -0.14120262659881513, -0.07679804132098281], [-0.6408429763380558, 0.04895705446060493, 0.008900663280787195, -0.6263142548532097, -0.07586569476476257, -0.4552720090943213, -0.19542939371538154, 0.44868313238684854, -0.6408429763380558, 0.6197353103688671, 0.5460877598879643, 0.8053562156616513, 0.05438513251618359, 0.5571917869856626, 0.04895705446060493], [-0.0961923778535059, 0.016103447150756234, -0.6910994018696952, 0.26406048856922293, 0.6040049341500293, -0.1334274571418043, -0.04575871499640895, 0.08851404487135198, -0.0961923778535059, -0.1658811984107527, -0.6485677987636829, -0.05469441045690587, 0.6063665497126094, 0.5643516739844783, 0.016103447150756234]], "inverted": false, "swapped": false, "error_lsq": 0.05513938889308545, "error_max": 0.38725186016727653, "target": "1045.xyz", "model": "25.xyz", "model_rescale": 4.19342608120988, "target_rescale": 4.036706600606522},
{"mapping": [2, 1, 0, 12, 6, 7, 3, 13, 5, 9, 4, 14], "R": [[-0.9462110070608738, -0.14930737032154726, -0.28704013531997885], [-0.2999440035764297, 0.07213583447717592, 0.951225533773576], [-0.12131910334069454, 0.9861560376289069, -0.11303957100353862]], "T": [-0.05704671727472939, -0.054022206744020425, -0.04339112845724556], "aligned_model": [[-0.25689501630436407, 0.3518284227751132, 0.026858150400939668, -0.45765400276540363, -0.5325859963010631, -0.5782356972381728, 0.024558928443319014, -0.11648687642899526, 0.5454173326187126, 0.31497017855700393, 0.35549789648280555, -0.07946476560811455], [-0.8223662367141943, -0.1598838907647107, -0.5423863383630233, 0.3787802036963509, -0.3337634303368832, -0.24508759098675342, 0.31490956169560685, 0.7069561000600074, -0.0066974167797078585, 0.14577142669938647, 0.5585717944543821, 0.01797224508051907], [-0.02177939122465869, 0.0956529971502995, -0.5633275388929485, 0.034549913723068135, -0.3915113571148505, 0.33561568254141366, -0.6123680025475544, 0.531423054677111, -0.5475636035707103, 0.6651535911345287, -0.0268835473157475, -0.04970333735053023]], "inverted": false, "swapped": true, "error_lsq": 0.04369124612997055, "error_max": 0.2259156579394677, "target": "1045.xyz", "model": "26.xyz", "model_rescale": 3.795458400668931, "target_rescale": 4.036706600606522},
