[{"mapping": [11, 5, 7, 10, 12, 9, 8, 4, 2, 6, 3, 0, 13], "R": [[0.9596652461028876, -0.2705066549225617, 0.07660786555498476], [0.09408045935932058, 0.05220799380289078, -0.9941947457866677], [0.2649367520541907, 0.9613014485715102, 0.07555158757625709]], "T": [-0.05742308460049376, -0.09457105761424832, 0.03678541969009787], "aligned_model": [[-0.10520844391434028, 0.1520278329398536, 0.10142654569136503, -0.6421527380516097, -0.6320792147317037, -0.37041507571746524, 0.4266012227219485, 0.6594405154914789, 0.28035373884988607, 0.7044382705614647, 0.26921725097675075, -0.4141530243996058, -0.04677539814554381], [-0.22918790032032627, -0.7843173775800554, 0.5054981915948776, 0.23075071713158068, -0.04012129876180971, 0.5657327293511246, 0.04364872324690543, 0.5260342681889288, 0.33912413165434807, -0.15608473632307399, -0.24116335211245582, 0.2172472255397484, 0.013288645372798086], [-0.6463373408283719, -0.19295701800205045, -0.39458237417634834, -0.7166639149653836, -0.007093548359973084, -0.01592220954939278, -0.5608724203173975, -0.08304710952876353, 0.574441021125395, 0.05494105325505658, 0.41759652268667324, 0.6458219891360077, -0.0848401265578119]], "inverted": true, "swapped": false, "error_lsq": 0.05765714534107413, "error_max": 0.29498150795164274, "target": "1048.xyz", "model": "0.xyz", "model_rescale": 3.8414455957264533, "target_rescale": 4.017642518705791},
{"mapping": [8, 9, 12, 6, 5, 10, 13, 11, 1, 0, 4, 3, 14], "R": [[-0.7011394075621087, 0.6605041630466956, 0.2685847757439723], [0.11241649518782504, 0.4743731849261239, -0.8731166090693336], [-0.7041065706078458, -0.5819831028655644, -0.4068532969091303]], "T": [0.0005471128455906693, -0.07524977386707869, -0.07184656116951335], "aligned_model": [[-0.04109435389463954, 0.04771968311230891, 0.16146436220338567, -0.7138975721343286, -0.5944590874926232, -0.41176954517583925, 0.5938444235949654, 0.6224384423917357, 0.30412377999295376, 0.616529267544397, -0.004754073741577928, -0.20283061133395336, 0.005406767205695034], [0.14535149815057452, -0.5703159039247424, 0.5775390274852384, -0.2162384577430006, 0.06372177961559163, 0.4567207705991965, -0.10658617057928414, 0.5069807959607584, 0.4633900801989283, -0.274708017184763, -0.2941488704799499, 0.2366571475011019, 0.0020862873829410322], [-0.8294107264601421, -0.5389589196846798, -0.4327647839779486, -0.3541906011394089, 0.17508928852466998, -0.19587725796947533, -0.5428702675134566, -0.09474066353790284, 0.5333031772789072, 0.2541898842969502, 0.42602121020259287, 0.6171588493681899, -0.026464665470655874]], "inverted": false, "swapped": false, "error_lsq": 0.05701890431475231, "error_max": 0.3470612379166362, "target": "1048.xyz", "model": "1.xyz", "model_rescale": 4.316132596720782, "target_rescale": 4.017642518705791},
{"mapping": [0, 2, 6, 10, 1, 4, 9, 11, 7, 5, 8, 12], "R": [[-0.38213043861707346, -0.9167419468575781, 0.11644969194506455], [-0.1298186314472043, -0.07150970093720971, -0.988955755128128], [0.914944506957388, -0.3930274361207474, -0.09168415154678472]], "T": [-0.14269557235400812, 0.024144096229118294, 0.013482352878043224], "aligned_model": [[-0.060231106430137724, 0.46413261287369445, 0.09175469275829609, -0.34441225042706264, -0.7319919593734251, -0.46959606898438766, -0.19318598093552158, -0.31885895656419555, 0.7328480692735801, 0.20728073974375152, 0.3310278847543203, -0.11095912205713154], [-0.6353630583086799, -0.3981484377052324, -0.4627822881582206, 0.4627697136932302, -0.34460663573849964, 0.04478713667686897, 0.3277016987550476, 0.6181775127680083, 0.013951490116993825, -0.10084005062542205, 0.5237902758221624, -0.03666092955527639], [0.04446236154550022, 0.03378666299572131, -0.5829856284697165, -0.060040670012729974, -0.2197384366814534, 0.3072427443274673, -0.7666598812210809, 0.5697294595345563, -0.35202539167326047, 0.5986884634891666, -0.09219467129912828, -0.03100655132562099]], "inverted": true, "swapped": true, "error_lsq": 0.04887256933131484, "error_max": 0.30420762286173464, "target": "1048.xyz", "model": "2.xyz", "model_rescale": 3.795458400668931, "target_rescale": 4.017642518705791},
{"mapping": [11, 5, 7, 6, 10, 9, 2, 4, 0, 1, 8, 12], "R": [[0.4149125302159342, 0.8870724223531389, 0.20236133467227796], [-0.6781093055148072, 0.44977387158845383, -0.5812669216552401], [-0.6066426971818233, 0.103951825077135, 0.7881488793490068]], "T": [0.1463781490357425, 0.0016488199703185201, -0.023544819501322124], "aligned_model": [[0.13176743706046137, -0.13852613920754395, -0.6851203253057729, 0.0712230203622114, 0.19750252820267034, 0.08820365977865645, -0.2947196359184566, 0.45344326921341305, 0.27791351751798626, 0.819302965894903, -0.4627202582442903, 0.13503378638932723], [0.0014278926619216746, -0.5898287831452036, 0.07372839410804848, 0.08646970312541108, 0.37754836924092317, 0.7846178694092198, -0.41384368043164727, -0.13165480781243122, -0.45557432749722876, 0.07273697134301524, 0.2907576386581094, -0.010616194370429034], [-0.8560750350801289, -0.2461530840478288, 0.4277768962411093, 0.7733211716237117, -0.3310728867025964, 0.27123238663173577, 0.4004627533449867, -0.30907308813836254, 0.44159524136400274, 0.25886965667336914, -0.1985964497176974, 0.056483868446798736]], "inverted": true, "swapped": true, "error_lsq": 0.06388785044995728, "error_max": 0.3972398395734994, "target": "1048.xyz", "model": "3.xyz", "model_rescale": 3.7530521520055578, "target_rescale": 4.017642518705791},
{"mapping": [1, 0, 6, 7, 9, 5, 10, 4, 11, 8, 12], "R": [[0.9012137726387857, 0.41982918541474695, 0.10750437702790268], [-0.4232873582365713, 0.9059339777522184, 0.010556529313553343], [-0.09295992880414607, -0.055018933359648595, 0.9941485646565582]], "T": [-0.1526220779457428, -0.04179800574491814, 0.018856716133865775], "aligned_model": [[-0.5168861698910829, -0.2807195204752819, 0.2795876404211646, 0.7098009501458842, 0.3949490170381674, -0.3136518796746098, -0.13831361065351194, -0.5725503712297308, -0.4897901423996779, 0.382148572522361, -0.11637488335847687], [-0.6162333391989671, 0.022938182199653254, -0.33912382659000845, 0.27039394377129894, -0.6500149447957512, 0.6248613397172252, -0.22228127316398566, -0.04094598929804527, 0.26667045580992244, 0.2058980324663061, -0.054959222603302174], [-0.2549588965735181, -0.6308432970656762, -0.5915778823325216, -0.22412306947672656, 0.20204092894967576, -0.08216490508779527, 0.4724079738204513, 0.15017594537393705, 0.7149062733518644, 0.3901987095683793, -0.053231003282754]], "inverted": false, "swapped": true, "error_lsq": 0.04477976624371438, "error_max": 0.25277614523197095, "target": "1048.xyz", "model": "4.xyz", "model_rescale": 3.7855080009869324, "target_rescale": 4.017642518705791},
{"mapping": [2, 1, 9, 0, 4, 5, 14, 15, 8, 13, 6, 7, 16], "R": [[0.7307371370543001, -0.01200128003102402, 0.6825534453852694], [0.5471571176204186, 0.6081872190032542, -0.57508903247967], [-0.4082184772483973, 0.7937028889444113, 0.4509915729969853]], "T": [0.07965648188569593, 0.058063374993548245, -0.07704832174162064], "aligned_model": [[0.002171769542025359, -0.25711414227076657, 0.2267594901016843, -0.6111833589097635, -0.5266004121074013, -0.6401883496664275, 0.5619890530535934, 0.7335253605808552, 0.4415522857202546, 0.675680860272066, 0.019264969302718732, -0.35113140994727154, 0.10799536660091197], [0.04680978588778173, -0.5597181309942014, 0.5842973777777911, -0.11545177257034733, -0.2654033468875789, 0.42809310425548647, 0.08227385613658386, 0.5575668910387406, 0.35369030557154985, -0.21647621818312873, -0.25445369034237125, 0.2790284904941093, 0.07019331479817507], [-0.8116605756987328, -0.35639666441460716, -0.5335047802746582, -0.39502110557083, 0.19648895576670694, -0.07488902339839727, -0.5508273228869406, -0.029405550849477477, 0.44920828776327487, 0.22995426948999137, 0.4928315051944863, 0.4947608088761403, -0.12105428007931603]], "inverted": false, "swapped": false, "error_lsq": 0.05114910538974298, "error_max": 0.2847256937468904, "target": "1048.xyz", "model": "5.xyz", "model_rescale": 4.2253639853439635, "target_rescale": 4.017642518705791},
{"mapping": [11, 8, 6, 12, 9, 7, 5, 2, 4, 10, 1, 0, 13], "R": [[0.960001857230435, 0.27916824948492835, -0.021483076912697095], [-0.27470720823009964, 0.924260801537995, -0.26509983117076524], [-0.054151489919860775, 0.2603978863582889, 0.963981616484254]], "T": [0.04436401693334439, 0.07289470816088608, -0.04561450158079922], "aligned_model": [[-0.11615468567057421, 0.13352835036161265, 0.06762157222874554, -0.7367135017633104, -0.38002427156607943, -0.48268901113654955, 0.49098581804879526, 0.6276886255799984, 0.36037290228635493, 0.7443459969354779, 0.1607240944890737, -0.5368766020624027, 0.04991219454133698], [-0.01837334417677894, -0.6442697551149866, 0.5572931390489523, 0.1960993170050791, -0.3388715923728316, 0.6597592317383576, -0.022236027519253673, 0.40038802307264953, 0.35478437379452077, -0.2559953415582109, -0.28048564520065555, 0.24953456080665345, 0.13282302745909497], [-0.8015626992438618, -0.19920398643315942, -0.4681487775844981, -0.5416813303602068, 0.1058434853815563, -0.13044582006315442, -0.48404394441970244, -0.09711344984739223, 0.5214727165730147, 0.05621396819657682, 0.5870690213337487, 0.47785503393518675, -0.035769693550468315]], "inverted": true, "swapped": false, "error_lsq": 0.04815240578730226, "error_max": 0.26541355651963505, "target": "1048.xyz", "model": "6.xyz", "model_rescale": 3.89814844738969, "target_rescale": 4.017642518705791},
{"mapping": [5, 9, 2, 1, 6, 0, 10, 4, 7, 11, 8, 3, 12], "R": [[-0.5668388798771244, -0.26930379479582145, -0.7785686548842157], [-0.8082883235523479, 0.3644963520648366, 0.4623985243708737], [0.15925975721625893, 0.8914134144379906, -0.4242858167455301]], "T": [0.07041664005555887, 0.14199909676624412, -0.009017504366605436], "aligned_model": [[-0.2946180274980121, 0.11776960010831156, 0.16473388582840226, -0.5325190137383229, -0.5022821541922504, -0.36354980271261705, 0.4589655159147091, 0.5636056728386881, 0.2075388653184902, 0.7469729450616431, 0.08343394154096984, -0.44560520458172087, 0.17827525838418834], [-0.22711896085036043, -0.6934290674127492, 0.5048266359784238, 0.35816886209378807, -0.2112282196637172, 0.5438564740069727, -0.04941860938294179, 0.5441837041947295, 0.48107534042430355, -0.2205834949197728, -0.3643024164704112, 0.1707392587129498, 0.15368046027137572], [-0.5861467403703162, -0.3216888313305164, -0.6098571489141549, -0.5608651662953477, 0.05897076684668354, 0.025539150226207688, -0.6017170031797062, -0.11152559123935128, 0.5364176208972872, 0.24817075272491773, 0.4395090833303166, 0.6116896694426938, -0.13801203822107333]], "inverted": true, "swapped": false, "error_lsq": 0.05407606201970698, "error_max": 0.3492876370256161, "target": "1048.xyz", "model": "7.xyz", "model_rescale": 3.7474275329858107, "target_rescale": 4.017642518705791},
{"mapping": [3, 0, 8, 2, 1, 4, 5, 9, 11, 10, 12, 13, 14], "R": [[-0.7462242960734906, -0.06738848447790585, 0.6622749369479375], [0.6267939101474699, -0.4062307178162341, 0.6649105188704362], [0.2242291108479651, 0.9112822812182175, 0.3453779231306667]], "T": [0.09417301985819909, 0.014457841876197301, -0.04914187724077154], "aligned_model": [[0.06446163709569994, 0.07694499443905967, -0.04238365974374536, -0.647313333623103, -0.4982264143236517, -0.4234350080904438, 0.5164194158010291, 0.567035732470268, 0.4846464241971996, 0.6168132447443746, 0.0041906260031984305, -0.37401454643142923, 0.037582369734022875], [-0.13320879661510968, -0.6038439360318509, 0.5319650105212674, 0.10005725045739267, -0.4478872330488838, 0.6007173951249635, 0.22448232039380087, 0.6114067659751437, 0.23294943138573956, -0.4569725513624923, -0.12933769038127968, 0.4294047023366514, 0.03071729822724765], [-0.750174212155239, -0.27634078613530266, -0.471928962561006, -0.4383207881563007, -0.059229598658250615, -0.07378962507296918, -0.5882329303649977, -0.06897309320613373, 0.3824504088434123, 0.23346020935804448, 0.5440432814561298, 0.5964054366397649, -0.038884816069512065]], "inverted": false, "swapped": false, "error_lsq": 0.05850407965144205, "error_max": 0.3582467917369017, "target": "1048.xyz", "model": "8.xyz", "model_rescale": 4.019505241142653, "target_rescale": 4.017642518705791},
{"mapping": [11, 6, 8, 5, 2, 4, 9, 7, 0, 1, 2, 3, 12], "R": [[0.9138740165470688, 0.006574092829123329, -0.4059446553208972], [-0.1430758122094622, 0.9409396166914018, -0.3068581915172561], [0.37995209413915676, 0.338510589264372, 0.8608408605050978]], "T": [0.09678035821498854, -0.04219715793744133, -0.1339397407114446], "aligned_model": [[-0.047662158603414245, -0.22837407202174076, 0.20745183827927857, -0.5521441970986373, -0.13506567879895545, -0.2073611964489202, 0.5931485671830845, 0.4809201734363817, 0.2256324550799219, 0.6717208322401845, -0.13506567879895545, -0.5560875776202383, 0.06560817544448916], [-0.058298601064772776, -0.6762370812858725, 0.45305594583730974, 0.04082683333054421, -0.2695344469752589, 0.7051819890496029, 0.04502867102658831, 0.7717201744166313, 0.35017855565635136, -0.2660754874194097, -0.2695344469752589, 0.19763535608765348, -0.03349749470151878], [-0.739023724020681, -0.27652238364052273, -0.5796000576434741, -0.2840352354036699, 0.360567422381794, 0.05715446804083449, -0.5958383413997181, -0.036168740251185216, 0.3681404466952701, 0.1410643448702114, 0.360567422381794, 0.37074296289193803, -0.15656406098495074]], "inverted": true, "swapped": false, "error_lsq": 0.06294667756027851, "error_max": 0.3856798395593517, "target": "1048.xyz", "model": "9.xyz", "model_rescale": 3.877068213659057, "target_rescale": 4.017642518705791},
{"mapping": [11, 12, 8, 10, 6, 9, 0, 7, 4, 5, 3, 13, 15], "R": [[0.15927332450100334, 0.5811938496185477, 0.798026138211006], [0.9872174673051743, -0.089012147243758, -0.13220631562301874], [-0.0058034774020214175, 0.8088822824173051, -0.5879419808462529]], "T": [-0.024674022333951877, 0.1358823737447691, -0.005098301423007989], "aligned_model": [[-0.11899530840649503, 0.04023051178100174, 0.23020899654873, -0.622304009982458, -0.39801025975592125, -0.3480537227370284, 0.43529686076415186, 0.5323634590799764, 0.36558083058163904, 0.6016942183632639, 0.13997928355945996, -0.5000175069800582, 0.024748129456216815], [-0.027164262834934755, -0.5572214515230421, 0.6124944414720034, 0.013525541458658807, -0.3279780314499645, 0.6245567135438492, -0.1599680804094363, 0.7275046457847881, 0.32761095304111365, -0.32590666732365314, -0.2561630267670725, 0.24089864927763888, 0.09826054271264145], [-0.7186629905419215, -0.27637252534407736, -0.5557329528844999, -0.3671452361097049, 0.15539516712020843, -0.30885521556456763, -0.5836009644354536, 0.07222505173140456, 0.5135846281224004, 0.06844862806770352, 0.4660184946309063, 0.5954503222881555, -0.07026788316291323]], "inverted": true, "swapped": false, "error_lsq": 0.04717117147516354, "error_max": 0.26556864482606857, "target": "1048.xyz", "model": "10.xyz", "model_rescale": 4.260839863003843, "target_rescale": 4.017642518705791},
{"mapping": [10, 1, 6, 9, 7, 8, 11, 4, 0, 2, 5, 12], "R": [[-0.9162204538745213, -0.40066137568915927, 0.0032468342792076887], [-0.3242055516979363, 0.7460964725605028, 0.5815761462448505], [-0.23543755042516684, 0.5317993189762895, -0.8134854910729212]], "T": [0.11205446489561462, 0.01239206156789366, -0.09168846947491321], "aligned_model": [[0.14343830001354596, 0.42944001512200186, -0.3921943359037548, -0.42690077624769945, -0.7638901894889865, -0.37210150956540955, 0.5316055746982351, 0.5438075174217267, 0.16918417064388336, -0.24872357536191808, 0.2774823033174262, 0.06775115444507995], [0.123002852505154, -0.6440036505717881, -0.541356349778271, -0.3362338634916074, 0.202411648258199, 0.47066828542311817, 0.6317788264226254, 0.052486329838848385, -0.31382643698606827, 0.07659229344084775, 0.4878124983821192, -0.036253927910242845], [-0.5663125240961715, -0.1694724804005603, 0.20315746863654266, -0.6314158240306649, 0.21958309695852124, -0.2936878434299476, -0.45727974857108356, -0.16630072508239482, 0.48539690019408416, 0.5507297988738236, 0.38494523309506057, -0.04316527475170469]], "inverted": false, "swapped": true, "error_lsq": 0.05359679222557002, "error_max": 0.3699508299868586, "target": "1048.xyz", "model": "11.xyz", "model_rescale": 3.890672605050136, "target_rescale": 4.017642518705791},
{"mapping": [4, 7, 2, 10, 12, 11, 0, 1, 6, 8, 5, 9, 13], "R": [[-0.23495346358072883, 0.6588678392997812, 0.7146258043814657], [0.19694875136496154, -0.6876868345481222, 0.6987832331452768], [0.9518445562628395, 0.3049262007857336, 0.03181120537132692]], "T": [0.11716300384857509, 0.12554395208525357, -0.02609345587878685], "aligned_model": [[0.03674209145776389, -0.013298797669236417, -0.15897917758036484, -0.6791078913417277, -0.4875832454153867, -0.18417185758755628, 0.6156626112726177, 0.6224418539256158, 0.39721011891116154, 0.6525586729620938, -0.1316794992335527, -0.3459339552368366, 0.058860557807888174], [0.005053716257673618, -0.710798867752458, 0.5059805361174642, 0.22441719020223985, -0.3033559586185588, 0.5858976141927512, 0.13590850376937955, 0.6700590327547146, 0.41999481726527355, -0.2890199797874353, -0.43274220508356775, 0.1863673172423634, -0.007311749577249754], [-0.711711150914136, -0.12843883353226693, -0.5595516405870705, -0.42070370498498705, -0.09997841608385521, -0.031921917316894186, -0.34245599666653276, -0.2573831032445781, 0.38247801312194685, 0.22023816962406467, 0.45491190501498835, 0.5965317449910549, -0.11153054550409387]], "inverted": true, "swapped": false, "error_lsq": 0.05781335853455946, "error_max": 0.3269898293211242, "target": "1048.xyz", "model": "12.xyz", "model_rescale": 4.124412569039231, "target_rescale": 4.017642518705791},
{"mapping": [3, 1, 7, 6, 8, 9, 0, 5, 10, 4, 2, 11, 12], "R": [[0.41914706600354923, -0.7174709231123639, 0.5563732663858942], [0.07918881282567297, -0.5815760777547203, -0.8096285553923456], [0.9044583290477661, 0.38341197199843446, -0.18695023601053523]], "T": [0.06179060628897881, 0.1251333757234844, -0.21321937686242048], "aligned_model": [[-0.09642688346818107, -0.06674410017714871, 0.16373819419387237, -0.48097429644959955, -0.5092944071937879, -0.45871691607796494, 0.4572012701497233, 0.7467024761553849, 0.1979356215236119, 0.6730054232125332, 0.05159765265583152, -0.3823916022067303, 0.08708904995493434], [0.19919819457289092, -0.6788172453251122, 0.7406652950109959, -0.16429715491082078, -0.121855882737719, 0.4936814698433003, -0.08244065311620885, 0.44716682481278125, 0.39995583562177417, -0.2306252295526093, -0.3420575745839983, 0.2029985348634966, 0.1268775524838196], [-0.904764750868837, -0.21577418761376943, -0.15153615244402083, -0.47637150601209266, 0.14420800664171957, -0.25664164626959485, -0.583801112584095, -0.24381459308925907, 0.45800847019081786, 0.1304789182957624, 0.510675804290172, 0.6740190600779941, -0.09420178669715688]], "inverted": false, "swapped": false, "error_lsq": 0.06058560834607924, "error_max": 0.3935192291134996, "target": "1048.xyz", "model": "13.xyz", "model_rescale": 3.9028299243045295, "target_rescale": 4.017642518705791},
{"mapping": [11, 13, 1, 14, 10, 9, 12, 2, 3, 0, 4, 7, 15], "R": [[-0.32139059003123494, 0.3744283217774671, 0.8697767072589861], [0.8113236390260361, -0.36478037551400616, 0.4568251639275257], [0.4883257533623686, 0.852489712249227, -0.18654556846064446]], "T": [0.1681703701119412, 0.07309855522084455, -0.07384085138767052], "aligned_model": [[-0.17718021949157586, -0.08603090063989954, 0.2364657617190773, -0.5861488136588509, -0.4130593914499216, -0.500392394828828, 0.28926518863032585, 0.8244287883845633, 0.30363720583638326, 0.7904189348301576, 0.1499351847117457, -0.5178041056856433, 0.06918624391494531], [0.3314449288050473, -0.5745960611983971, 0.5912564949019384, -0.11466647715206768, -0.33021627800638176, 0.4650945274590649, -0.15882256541852022, 0.398262772643021, 0.3578320141809602, -0.06298674830732723, -0.27328797362792157, 0.23838332519279556, 0.1227520075103786], [-0.6737131793494797, -0.4592299399785573, -0.4599067068754067, -0.4966854024892752, 0.16038491923249176, -0.08827842554083694, -0.7186578236288381, -0.14962270746367273, 0.46399280226889084, 0.4567285814997635, 0.5084366808323455, 0.49426822194835585, -0.04723249653814004]], "inverted": true, "swapped": false, "error_lsq": 0.062453579545117446, "error_max": 0.35283239184619275, "target": "1048.xyz", "model": "14.xyz", "model_rescale": 3.942246331269136, "target_rescale": 4.017642518705791},
{"mapping": [2, 9, 0, 7, 6, 8, 1, 12, 13, 3, 4, 11, 14], "R": [[-0.12016048269977636, 0.9581708199293788, 0.25975014578093947], [0.8807966824710405, 0.22360242766729183, -0.41737172698842856], [-0.4579941730473943, 0.17863547849505174, -0.8708218550756969]], "T": [0.04404531469674965, -0.041270228726886266, -0.004919769205056088], "aligned_model": [[-0.011136587488431972, -0.4118841100130848, -0.03268718328773324, -0.596641998921646, -0.5132497282312911, -0.43652457193478794, 0.7094329967499269, 0.6347439106669965, 0.29536013209650996, 0.742969012623958, 0.2775458129411745, -0.34538915420333854, 0.07018295127422675], [-0.11871083659334095, -0.6405325083165829, 0.3822988850558149, 0.016267680819803065, -0.05035997955910321, 0.5624031189923268, 0.13844437447203217, 0.5209225635075948, 0.4534706627884969, -0.20203116724099798, -0.22876344661095876, 0.14556933182229706, 0.011471287845208483], [-0.7622874662743103, -0.2898327139392004, -0.6010898896158802, -0.5681148182444452, 0.04122132848520721, -0.06384344529727685, -0.4310691910626647, 0.05067421645099786, 0.5892200790825382, 0.04208571584153552, 0.49905224141625404, 0.5673937792129807, -0.08292531213809583]], "inverted": true, "swapped": false, "error_lsq": 0.06007690173216085, "error_max": 0.3537341996348887, "target": "1048.xyz", "model": "15.xyz", "model_rescale": 4.355366556412066, "target_rescale": 4.017642518705791},
{"mapping": [0, 2, 6, 10, 1, 4, 9, 11, 7, 5, 8, 12], "R": [[-0.38213043861707346, -0.9167419468575781, 0.11644969194506455], [-0.1298186314472043, -0.07150970093720971, -0.988955755128128], [0.914944506957388, -0.3930274361207474, -0.09168415154678472]], "T": [-0.14269557235400812, 0.024144096229118294, 0.013482352878043224], "aligned_model": [[-0.060231106430137724, 0.46413261287369445, 0.09175469275829609, -0.34441225042706264, -0.7319919593734251, -0.46959606898438766, -0.19318598093552158, -0.31885895656419555, 0.7328480692735801, 0.20728073974375152, 0.3310278847543203, -0.11095912205713154], [-0.6353630583086799, -0.3981484377052324, -0.4627822881582206, 0.4627697136932302, -0.34460663573849964, 0.04478713667686897, 0.3277016987550476, 0.6181775127680083, 0.013951490116993825, -0.10084005062542205, 0.5237902758221624, -0.03666092955527639], [0.04446236154550022, 0.03378666299572131, -0.5829856284697165, -0.060040670012729974, -0.2197384366814534, 0.3072427443274673, -0.7666598812210809, 0.5697294595345563, -0.35202539167326047, 0.5986884634891666, -0.09219467129912828, -0.03100655132562099]], "inverted": true, "swapped": true, "error_lsq": 0.04887256933131484, "error_max": 0.30420762286173464, "target": "1048.xyz", "model": "16.xyz", "model_rescale": 3.795458400668931, "target_rescale": 4.017642518705791},
{"mapping": [5, 9, 2, 1, 6, 0, 10, 4, 7, 11, 8, 3, 12], "R": [[-0.5668388798771244, -0.26930379479582145, -0.7785686548842157], [-0.8082883235523479, 0.3644963520648366, 0.4623985243708737], [0.15925975721625893, 0.8914134144379906, -0.4242858167455301]], "T": [0.07041664005555887, 0.14199909676624412, -0.009017504366605436], "aligned_model": [[-0.2946180274980121, 0.11776960010831156, 0.16473388582840226, -0.5325190137383229, -0.5022821541922504, -0.36354980271261705, 0.4589655159147091, 0.5636056728386881, 0.2075388653184902, 0.7469729450616431, 0.08343394154096984, -0.44560520458172087, 0.17827525838418834], [-0.22711896085036043, -0.6934290674127492, 0.5048266359784238, 0.35816886209378807, -0.2112282196637172, 0.5438564740069727, -0.04941860938294179, 0.5441837041947295, 0.48107534042430355, -0.2205834949197728, -0.3643024164704112, 0.1707392587129498, 0.15368046027137572], [-0.5861467403703162, -0.3216888313305164, -0.6098571489141549, -0.5608651662953477, 0.05897076684668354, 0.025539150226207688, -0.6017170031797062, -0.11152559123935128, 0.5364176208972872, 0.24817075272491773, 0.4395090833303166, 0.6116896694426938, -0.13801203822107333]], "inverted": true, "swapped": false, "error_lsq": 0.05407606201970698, "error_max": 0.3492876370256161, "target": "1048.xyz", "model": "17.xyz", "model_rescale": 3.7474275329858107, "target_rescale": 4.017642518705791},
{"mapping": [5, 9, 10, 4, 6, 8, 12, 11, 1, 7, 2, 0, 13], "R": [[0.34287723934814013, -0.9393709099805596, -0.004182370056977913], [0.7034846261200247, 0.253821400877075, 0.663840400449964], [-0.6225307860256932, -0.23055799690987622, 0.7478625746159102]], "T": [0.09011084880104842, 0.15365926824789622, -0.05658203941704365], "aligned_model": [[-0.11426893043935227, 0.004032389896707664, 0.20917567774964796, -0.6807771408624776, -0.3706176579487584, -0.42897968925962976, 0.4938432490323263, 0.7248111511993078, 0.3009505556557094, 0.7347921143523093, 0.006484118413643589, -0.531341872846075, 0.03461751732911997], [0.10888619141128669, -0.46956886931209363, 0.6008071324091069, -0.03933737061657616, -0.44889183743678307, 0.6262879207739197, -0.15214041044579119, 0.49846670549091476, 0.39061500948712446, -0.20879513248615733, -0.2570962884388235, 0.2306874996880175, 0.11052941645844525], [-0.7490011423442532, -0.2844007246082175, -0.5687555691381382, -0.29681073628764976, 0.08363286552032556, -0.21157114008548042, -0.6067853007921724, -0.05672047176227496, 0.5581675124468719, 0.08635905079861111, 0.5162348304684179, 0.4974987823945932, 0.022636567307006986]], "inverted": true, "swapped": false, "error_lsq": 0.04931137764841366, "error_max": 0.2669268243506909, "target": "1048.xyz", "model": "18.xyz", "model_rescale": 3.922800546911778, "target_rescale": 4.017642518705791},
{"mapping": [5, 1, 12, 0, 2, 3, 8, 13, 11, 4, 10, 9, 14], "R": [[0.12205664619693468, 0.7574486436551792, -0.6413842275454595], [-0.07114705296079654, -0.6378763454745988, -0.7668453981989877], [-0.9899698338707852, 0.13923117506111768, -0.023966808651768257]], "T": [0.09860469354906654, 0.0474873599924535, -0.12446277297959196], "aligned_model": [[-0.09418849554896735, -0.15467409372463603, 0.09398588674950853, -0.6549359648912719, -0.445941471425102, -0.4086299606568443, 0.5402015284025311, 0.6386135069018418, 0.35300598366423663, 0.6829353560664049, 0.14446016862473657, -0.381464139270575, 0.06935317738061604], [0.09657380400099275, -0.6047823748540866, 0.7116374708415567, 0.012487024053798132, -0.23131289580721376, 0.43116067929168866, -0.09063151274904989, 0.4651101160959702, 0.3273909995170129, -0.13804777412704233, -0.31864268885591257, 0.2008215230890874, 0.12868559648578876], [-0.861317594119904, -0.3660762511968318, -0.5457671065074889, -0.48417667073496157, 0.24818834316760552, -0.19270523201809944, -0.5248451732691615, -0.048334841797827904, 0.47900847649087563, 0.26024689669544243, 0.5927866327358702, 0.5148851261313894, -0.08140808165926772]], "inverted": true, "swapped": false, "error_lsq": 0.0471242093225525, "error_max": 0.21967680746414386, "target": "1048.xyz", "model": "19.xyz", "model_rescale": 3.9282355846067225, "target_rescale": 4.017642518705791},
{"mapping": [11, 0, 9, 4, 3, 8, 10, 12, 7, 2, 5, 6, 13], "R": [[-0.7502766470514926, 0.5279637927447219, -0.3979185675986716], [-0.36903629505984814, -0.8338353370043035, -0.4105250829016672], [-0.5485409426995136, -0.16116098880786336, 0.8204449828408977]], "T": [-0.004202569546639133, 0.11488971837476208, -0.010517930634437261], "aligned_model": [[-0.07048518901970141, -0.15985519957847333, 0.10131274195346945, -0.5524137163490742, -0.45834535407996324, -0.5106649375620935, 0.6861286247194601, 0.6219247157848856, 0.38183432137845136, 0.6522606718817242, -0.002751889530474304, -0.3611247147901595, 0.054901407464428], [0.051036312754969115, -0.500183461241146, 0.6435301105106093, 0.011279763276708168, -0.4661701894254389, 0.6522562034308246, -0.1137843116097266, 0.6524362667174433, 0.4106459530267258, -0.2954274487675355, -0.25182490559289217, 0.22338049231531265, -0.026724818413263157], [-0.7210758299449003, -0.4980158595307441, -0.4439123007862398, -0.3073299261230803, 0.1394113325035428, -0.1931506485435149, -0.4724544838809406, -0.2149749583830833, 0.3788424999295905, 0.2712834983214215, 0.5837954819218878, 0.5258405206475463, -0.05777480221384531]], "inverted": true, "swapped": false, "error_lsq": 0.049339702746965336, "error_max": 0.2962691270522276, "target": "1048.xyz", "model": "20.xyz", "model_rescale": 4.067790424073018, "target_rescale": 4.017642518705791},
{"mapping": [5, 13, 8, 4, 6, 2, 1, 7, 12, 10, 11, 3, 14], "R": [[-0.6892322514354406, -0.6987226177950323, -0.191691436853321], [-0.2836866558963751, 0.0167992533539022, 0.9587698714254026], [-0.6666939214118913, 0.715195419775888, -0.20979687005297815]], "T": [0.01836188036053249, 0.12900988069205307, -0.07327224336015714], "aligned_model": [[-0.042253226347832226, 0.21111103632571482, 0.07452199302831317, -0.5741170111646581, -0.6462971113520257, -0.5944741587875848, 0.6858674601096257, 0.5169406566417345, 0.37989152182074537, 0.650658551058243, 0.005580120940511274, -0.3653121455858885, 0.08060379558558034], [-0.11300979789452364, -0.5349981638174203, 0.41345257603988395, 0.2596243414302991, -0.18474672251512783, 0.5384344789669833, 0.028323500872671548, 0.6308291347378382, 0.21631995264140924, -0.3603108503324528, -0.28467059957886265, 0.28834076915482787, 0.09286134727706426], [-0.6082660796549966, -0.18311114711749046, -0.564297997810427, -0.5970862566123966, 0.012413936242557724, 0.0293212212835091, -0.5397523128181276, -0.31046540793210886, 0.5965688845049026, 0.10576117242556402, 0.4234543825097484, 0.6691245012761241, -0.04318037237921876]], "inverted": true, "swapped": false, "error_lsq": 0.05907017363168673, "error_max": 0.32643985222173333, "target": "1048.xyz", "model": "21.xyz", "model_rescale": 4.186013935880536, "target_rescale": 4.017642518705791},
{"mapping": [1, 7, 2, 0, 6, 5, 9, 8, 11, 10, 4, 3, 12], "R": [[0.2421178834275869, -0.8660752849945412, -0.4373700164004958], [-0.9102119283290235, -0.35885542248410707, 0.20672936724450652], [-0.33599579767030785, 0.3480465291816276, -0.8751973705813544]], "T": [0.05911743203867617, 0.08700218607992347, -0.09897396095656393], "aligned_model": [[-0.01688466647760825, 0.021785070577545307, -0.04977741656460838, -0.5395784537573232, -0.3922243539481256, -0.42282831298647483, 0.6313644298310223, 0.5450285635130446, 0.3547346024369916, 0.6089777718433511, 0.09582311553345899, -0.49809616053529304, 0.044397292806498415], [-0.16854820503751913, -0.6322067518736201, 0.6822450745268123, 0.06607642800309846, -0.17616223823002905, 0.6846354504082498, 0.03505792653762731, 0.6685830422504412, 0.35665892165361224, -0.5170053028715352, -0.35521638456469384, 0.2595928371090681, 0.08673916907107854], [-0.7801794472477338, -0.23921852675618754, -0.5273744961640542, -0.5025997653673147, 0.09308833887619876, -0.0035718837502616146, -0.3341035585332648, -0.21439584254269495, 0.38976084672270755, 0.07169528828976789, 0.47610131876312495, 0.6166126055500573, -0.055330353922704426]], "inverted": true, "swapped": false, "error_lsq": 0.051484558520117824, "error_max": 0.27686594403334963, "target": "1048.xyz", "model": "22.xyz", "model_rescale": 4.166573947596378, "target_rescale": 4.017642518705791},
{"mapping": [12, 14, 2, 11, 9, 3, 6, 1, 0, 5, 7, 8, 15], "R": [[-0.4807399213923459, 0.7756619781736587, -0.4089469691725419], [-0.06631805453830414, -0.49720167596093046, -0.8650967628328617], [-0.8743517848222966, -0.3887659823561841, 0.2904650879894099]], "T": [-0.0388869228539556, 0.03143217849747408, -0.06331547100231455], "aligned_model": [[-0.06341070228946714, -0.16676037504545135, 0.10989597731409725, -0.5560955480650668, -0.6097807290417451, -0.4435138721409289, 0.5087032766235562, 0.5510277065237972, 0.40165766399985564, 0.7408924586806713, 0.3002082890755828, -0.4165703634794543, 0.026467700117032124], [-0.2199396847020057, -0.7214970113594681, 0.6004837048262183, 0.14688317965242242, -0.14655202986297927, 0.4703514785994045, 0.15544179402365382, 0.43110330578335915, 0.3828521830377783, -0.19123551255867555, -0.20402545621195972, 0.23346711058183978, 0.05311690517300231], [-0.6679576179479583, -0.27001278232068626, -0.3901996220246629, -0.6474897872521443, -0.009920247313154051, -0.13440366921279867, -0.5770023607124686, -0.04426866215463854, 0.5275992523213744, 0.11951011991576052, 0.5206055743057956, 0.6226992847545403, -0.058674958441318766]], "inverted": false, "swapped": false, "error_lsq": 0.05374915087915278, "error_max": 0.2747080688592065, "target": "1048.xyz", "model": "23.xyz", "model_rescale": 4.274766983524099, "target_rescale": 4.017642518705791},
{"mapping": [8, 10, 11, 5, 4, 3, 2, 0, 6, 1, 12], "R": [[0.9716251491433437, -0.22892492909517043, -0.05948063879067124], [-0.17108366999155925, -0.8538570052708593, 0.49158782777048016], [-0.16332466872580625, -0.46746293049679477, -0.8687942571155466]], "T": [0.041486885966457776, 0.1679758127644823, -0.03919292490390206], "aligned_model": [[0.25071975226986143, 0.10224893008922341, -0.5054847787698112, -0.4820447041664099, -0.30167565242398814, -0.6612200727331069, 0.10214601562270689, -0.008723283296118663, 0.6433210665230712, 0.1530798780016043, 0.08752755284104247], [-0.04546616949727289, 0.5371765121077392, 0.4922724644887829, -0.277653020569712, 0.4329046050514624, -0.03715852915034615, -0.5542969966511002, -0.17654607117631788, -0.16055171629320525, 0.584200256268534, 0.12070519666491933], [-0.6683924003504157, -0.3530185181911165, -0.576755722371358, -0.12807635938558848, 0.035889993682305575, 0.4887600503620911, 0.10786541175561695, 0.5278109960280378, 0.38235608192902537, 0.5540553262708771, 0.009071574292102133]], "inverted": false, "swapped": true, "error_lsq": 0.048432732049824005, "error_max": 0.24256982843566152, "target": "1048.xyz", "model": "24.xyz", "model_rescale": 3.7841303162186577, "target_rescale": 4.017642518705791},
{"mapping": [7, 10, 6, 0, 8, 1, 11, 3, 5, 13, 9, 2, 15], "R": [[-0.3525756130381198, -0.20718616906001625, -0.9125592191419845], [-0.3044173125931611, 0.9475343892580427, -0.09751246570026711], [0.884884476575531, 0.2434183077001862, -0.3971485749590773]], "T": [0.003072117366808177, 0.010764537484154152, -0.05386084244226945], "aligned_model": [[-0.07679431661055425, -0.06130570359469009, 0.23340835515878117, -0.5829677289724501, -0.5527239033037274, -0.5892307650924661, 0.5692484949187501, 0.6232390710849082, 0.3299067904015629, 0.7634103839636899, -0.07861718954991431, -0.23149279632669195, 0.03664079019528091], [-0.09459152857142399, -0.7052226977035231, 0.5607120423369095, 0.00441408427155672, 0.08250403772013948, 0.4492974145646391, -0.07561012833714353, 0.5210855633413536, 0.4868417805593428, -0.15207529172048712, -0.3694959783725599, 0.21981771696170524, 0.06277295193208161], [-0.690513818693297, -0.3513047539512358, -0.4619409959772058, -0.498660707098551, 0.13429337927903978, -0.1533726756740576, -0.5651448102811856, 0.00912556654585027, 0.6063423842780155, 0.03198149934832285, 0.38302530490275083, 0.6317550101614385, -0.085100858922245]], "inverted": true, "swapped": false, "error_lsq": 0.054299304052336024, "error_max": 0.3144833494745942, "target": "1048.xyz", "model": "25.xyz", "model_rescale": 4.19342608120988, "target_rescale": 4.017642518705791},
{"mapping": [0, 2, 6, 10, 1, 4, 9, 11, 7, 5, 8, 12], "R": [[-0.38213043861707346, -0.9167419468575781, 0.11644969194506455], [-0.1298186314472043, -0.07150970093720971, -0.988955755128128], [0.914944506957388, -0.3930274361207474, -0.09168415154678472]], "T": [-0.14269557235400812, 0.024144096229118294, 0.013482352878043224], "aligned_model": [[-0.060231106430137724, 0.46413261287369445, 0.09175469275829609, -0.34441225042706264, -0.7319919593734251, -0.46959606898438766, -0.19318598093552158, -0.31885895656419555, 0.7328480692735801, 0.20728073974375152, 0.3310278847543203, -0.11095912205713154], [-0.6353630583086799, -0.3981484377052324, -0.4627822881582206, 0.4627697136932302, -0.34460663573849964, 0.04478713667686897, 0.3277016987550476, 0.6181775127680083, 0.013951490116993825, -0.10084005062542205, 0.5237902758221624, -0.03666092955527639], [0.04446236154550022, 0.03378666299572131, -0.5829856284697165, -0.060040670012729974, -0.2197384366814534, 0.3072427443274673, -0.7666598812210809, 0.5697294595345563, -0.35202539167326047, 0.5986884634891666, -0.09219467129912828, -0.03100655132562099]], "inverted": true, "swapped": true, "error_lsq": 0.04887256933131484, "error_max": 0.30420762286173464, "target": "1048.xyz", "model": "26.xyz", "model_rescale": 3.795458400668931, "target_rescale": 4.017642518705791},
{"mapping": [10, 7, 11, 4, 3, 9, 5, 8, 1, 6, 0, 2, 12], "R": [[0.2749735648652496, 0.4289883582710531, -0.8604408911094378], [-0.6493358192613017, -0.5771376925368022, -0.4952525392943986], [-0.709050444220685, 0.6948964471928191, 0.1198598983365462]], "T": [0.019810677749228716, 0.20708946667700207, -0.060197406846855726], "aligned_model": [[-0.07008498245696933, 0.03698007184494649, -0.030247165791991677, -0.5927557040774438, -0.5337498065050577, -0.3111372326107539, 0.5678372943148235, 0.6628580764036659, 0.3226561778975797, 0.7713449703770118, -0.0925217432051036, -0.40622205108631976, 0.05776357716809162], [-0.08635088088862641, -0.5734359121652635, 0.6769080511832817, 0.2687786914693254, -0.27587369652488797, 0.42193887278838627, -0.1627516817066343, 0.5172452599426608, 0.37936563504410875, -0.0569268621411157, -0.38630284055442227, 0.21932078860198267, 0.04853454193379464], [-0.703235478197135, -0.28534945218275687, -0.5971697540732774, -0.6257237546299512, 0.013245987070103764, 0.10917645015992877, -0.4203984901019926, -0.20526682848244296, 0.4182988788272053, 0.155854773882077, 0.5112395441932566, 0.7099853134371726, -0.09017266598454757]], "inverted": true, "swapped": false, "error_lsq": 0.054959030273889126, "error_max": 0.2877850120865926, "target": "1048.xyz", "model": "27.xyz", "model_rescale": 3.6321398670334006, "target_rescale": 4.017642518705791},
{"mapping": [1, 13, 3, 5, 11, 0, 4, 7, 8, 6, 9, 10, 14], "R": [[-0.9364535955605848, 0.0681055027739889, -0.3441167009221653], [0.27707128761734334, -0.4580327788921009, -0.8446522805500778], [-0.21514219702262072, -0.8863225225347047, 0.41005636333069856]], "T": [0.05331261713822194, 0.10941107421212065, -0.0056559226753954], "aligned_model": [[0.02390655851211476, 0.004119511907787504, 0.005721264967320117, -0.5164309641507514, -0.4524753539383682, -0.4965697684753179, 0.6291532310404355, 0.6403479860596748, 0.18553126287674937, 0.6164381315867176, 0.08677066712728038, -0.3894537686229925, 0.04566272338182883], [-0.03746999122490635, -0.7015228675889411, 0.6686053821460431, 0.29742630588589297, -0.2625385564942336, 0.40429712586154076, -0.035935774895596184, 0.5980920669804819, 0.5073183277923157, -0.4259538618912307, -0.31571523346085817, 0.23413894657048612, 0.05970809730159575], [-0.6574445636307793, -0.08592741417038081, -0.40137914556621795, -0.6475374115870751, 0.12983517278975404, -0.014781313320406879, -0.5833661728823752, -0.13782152692263977, 0.29636669744087885, 0.007815428739291988, 0.5088538854288802, 0.621299034632953, -0.04542814703424268]], "inverted": true, "swapped": false, "error_lsq": 0.0526363531715686, "error_max": 0.3278596475122835, "target": "1048.xyz", "model": "28.xyz", "model_rescale": 4.156811204709835, "target_rescale": 4.017642518705791},
