[{"mapping": [14, 11, 9, 8, 12, 10, 0, 3, 1, 13, 7, 5, 15, 16], "R": [[-0.8923794370789182, 0.4499647847386517, 0.03450554700061745], [0.28502029786164246, 0.5026724711428172, 0.8161395815435213], [0.3498890825469889, 0.7381409616396264, -0.5768236738069563]], "T": [-0.018114160160705373, 0.17076066285119482, 0.15622379271022768], "aligned_model": [[0.13994637005238075, 0.365064352232591, -0.4609298238152194, -0.5087124219147529, -0.5643990861219765, 0.1296182800461667, -0.8289211923682631, -0.009585501571308485, -0.44215691070225827, 0.11498240552612411, 0.675513827456947, 0.17279791440551914, 0.5963321357688494, -0.008058247866495404], [-0.5812079950809541, -0.26567716222032667, -0.5196492441381381, -0.20861676249228697, 0.1719221987194964, 0.22393439385699118, 0.28510877600603707, 0.6430684319576667, 0.6088826933477683, -0.22177363264359637, 0.4415887168719158, 0.7347281391622205, -0.18685061316286403, 0.10981539162610518], [0.23133898091665533, -0.3125902428639193, 0.3153495914278774, -0.2432884378670001, 0.5980796423811122, -0.6289352956363607, 0.013892377196444317, 0.4486072896640415, 0.23378109156183233, 0.7609709388458537, 0.24555870851350392, -0.19687244910247148, 0.315827003994407, 0.11586888814785751]], "inverted": true, "swapped": true, "error_lsq": 0.049434358553097586, "error_max": 0.28734934458509803, "target": "1049.xyz", "model": "0.xyz", "model_rescale": 3.8414455957264533, "target_rescale": 4.279176643271042},
{"mapping": [11, 6, 13, 7, 15, 4, 12, 14, 0, 9, 3, 10, 2, 8, 16], "R": [[0.9742257002570616, 0.22556388398093996, 0.002284557303108503], [0.17738814609161252, -0.7723291402318471, 0.6099517561044618], [0.13934751732563758, -0.5938254233292553, -0.792435256675908]], "T": [0.06218931747884534, 0.03818475728538588, -0.15437598890976148], "aligned_model": [[-0.6407472867030759, -0.6357324566116059, 0.11179425039124961, -0.3187585631438272, -0.46933166893464845, 0.3129431444564992, 0.7056872884529019, -0.3166241824045574, 0.6576335598074173, 0.21143270478008136, 0.3891827254371153, -0.4276777047237086, 0.19450952532988053, 0.08763293805939336, 0.010099879311429263], [0.18565372700777333, 0.10468074710301443, -0.6091913123766733, -0.3315122362574005, -0.45418383017377134, -0.6953007987494847, -0.07673824662926565, -0.22344433119876944, 0.5719369316338784, 0.005464212230620977, -0.14172379741945468, 0.6502072152971744, 0.7441625880464385, 0.558783864971538, 0.05824979455739608], [0.04865942902175027, -0.4285187929015316, 0.18615382587312276, -0.6841412128035748, -0.07716280705797776, -0.29464885687410935, 0.10324432455555835, 0.4654085200833591, 0.07211139916619105, 0.667042509020806, -0.5658899001721386, -0.3174278978817539, -0.27121283292573906, 0.36769019360474453, -0.10612611336917208]], "inverted": true, "swapped": true, "error_lsq": 0.04276641034862835, "error_max": 0.3039385957535153, "target": "1049.xyz", "model": "1.xyz", "model_rescale": 4.316132596720782, "target_rescale": 4.279176643271042},
{"mapping": [8, 11, 14, 3, 12, 2, 4, 5, 15, 10, 7, 16], "R": [[0.9853518904629455, 0.0354215238057478, 0.166814170897974], [0.11765292393781808, -0.8493086489567663, -0.51461889617086], [0.12344813263059767, 0.5267068771703205, -0.8410353286821591]], "T": [-0.1317000104836814, -0.005211046720844928, -0.09011163996470939], "aligned_model": [[-0.2777513961708151, 0.5154570831887278, 0.3101733276663558, -0.4100565906917357, -0.722078580492599, -0.4376052906877577, -0.1939733772667191, -0.1161899992611198, 0.5069036589886221, 0.18755111131394653, 0.32087088273846687, -0.08549227469359194], [-0.6769189679017873, -0.3021764585616564, -0.5153492697161374, 0.46773573386328543, -0.15243746974969868, -0.1426014707915323, 0.4108276889102644, 0.4478987822249755, 0.060258694585834834, -0.1142010087052978, 0.5911047987975997, -0.06136462521486954], [0.17765947318751085, 0.13369539241835682, -0.46506394585727817, -0.17656644351310233, -0.4414557530829156, 0.5557289084436254, -0.7561362779373887, 0.4329893187408016, -0.4347887739262199, 0.6360612203029982, -0.13522645155106663, -0.0776382060159008]], "inverted": false, "swapped": true, "error_lsq": 0.04259114808160733, "error_max": 0.2677674603026999, "target": "1049.xyz", "model": "2.xyz", "model_rescale": 3.795458400668931, "target_rescale": 4.279176643271042},
{"mapping": [7, 3, 5, 0, 11, 8, 1, 13, 12, 9, 10, 16], "R": [[-0.10340556666017103, 0.0835904425844047, 0.9911205409496026], [0.4728227314265454, 0.8808041029886406, -0.02495589719320121], [-0.8750691135162013, 0.4660437426539703, -0.13060350877005605]], "T": [0.05447912204543154, -0.028709122069375547, -0.04136980932789231], "aligned_model": [[-0.23301315650249393, -0.17519794927602753, -0.6329664722289943, 0.015854931180355664, 0.09405346929936707, 0.2284102450884951, -0.19347022248287016, 0.6853835303805713, 0.38449744674878295, 0.7811810795467595, -0.44227986291806903, 0.08085078690768846], [-0.23538994684350864, -0.5343057370698201, -0.04480633128469273, 0.004254844354279686, 0.6137052736679118, 0.5012674932134572, -0.34840495945452654, -0.30841791994880763, -0.41055027404604294, 0.2121617232455052, 0.5972479356730673, 0.03900694378288638], [-0.7024897482790251, -0.025370375716115414, -0.12101354920880991, 0.7881862858815254, -0.4192956785844678, 0.44143103922921756, 0.4213331154575862, -0.28883616184583655, 0.4474557233558961, 0.2932315539469312, -0.09172242884522053, -0.05413834475258063]], "inverted": false, "swapped": true, "error_lsq": 0.0433554759313776, "error_max": 0.24090031021038, "target": "1049.xyz", "model": "3.xyz", "model_rescale": 3.7530521520055578, "target_rescale": 4.279176643271042},
{"mapping": [10, 7, 5, 3, 2, 13, 8, 14, 9, 12, 16], "R": [[-0.7552294260357468, -0.38311270325694047, -0.5318394218679883], [-0.16866930513163803, -0.6704810461167279, 0.7224997109374014], [-0.6333870692997505, 0.6353580277303323, 0.44174766218113193]], "T": [-0.02422573953187831, -0.013376609303920081, -0.06238138910434657], "aligned_model": [[-0.23948785321834012, -0.10992414993700172, 0.2734874075447132, 0.4395329262993459, 0.26295605807881445, -0.2737141801359949, -0.20254384382707294, -0.7156311315926307, -0.35327003136385177, 0.34688424162621084, -0.09008984102898732], [-0.7677411749327823, 0.1055075025768318, -0.44738010863731165, 0.17489843470400346, -0.6505335119779274, 0.6707366999013312, -0.3855078163444006, 0.233308898488632, 0.2264062546027623, 0.3463203704145696, -0.038812190481362266], [-0.22276666930990235, -0.7978884914691728, -0.5120385197696812, -0.3034537511387887, 0.1404039149672081, 0.022832916440973572, 0.5491289755701185, 0.17675691668804275, 0.667212061835176, 0.4136024615173983, -0.0409590380860559]], "inverted": false, "swapped": true, "error_lsq": 0.04595673134771369, "error_max": 0.2652894667116239, "target": "1049.xyz", "model": "4.xyz", "model_rescale": 3.7855080009869324, "target_rescale": 4.279176643271042},
{"mapping": [15, 9, 14, 3, 5, 2, 1, 0, 13, 8, 12, 11, 10, 7, 6, 4, 16], "R": [[-0.8111625220808895, -0.5235107807999109, 0.2606757087985735], [0.3292416772208544, -0.040404208893996985, 0.9433808445609067], [-0.4833376467358712, 0.8510604927324017, 0.20513594750289932]], "T": [0.01949653815200504, 0.07707971393090844, 0.0321762445158251], "aligned_model": [[-0.7016692684680137, -0.535744744037609, -0.21535922604049923, -0.22147627818135118, -0.02386540653875409, 0.03704091563342522, 0.7113127840838609, 0.44945004057656257, 0.0366024060067429, -0.38054207207995705, 0.3493073708086784, 0.6244083631018978, -0.5873105849362377, 0.012913255075923835, 0.3481371754558179, 0.5712986341389368, -0.004605375423863876], [0.4747955250131894, -0.11458086984168002, 0.37186512793947374, -0.48260368435833884, -0.7025953056497082, -0.17739202864460507, -0.05425005154918296, -0.5495088628243676, 0.7902939480516568, 0.4192495506031417, 0.5215630780084938, 0.5881631554946799, -0.20935645405470027, -0.24157299666415616, 0.29215468485795637, -0.26343763810127263, 0.08606848184717683], [-0.0003832343362275281, -0.37017603698563073, -0.5296437695867546, -0.3011452232401697, 0.2450843237751718, -0.6611649518861071, -0.24575668543862997, -0.14389369770364413, 0.15827336743260337, 0.49929377486444937, -0.363708355753922, 0.10505716174016602, 0.3162602305364651, 0.7102518909523176, 0.5535351961606931, 0.38793341407782955, -0.01499421243674181]], "inverted": false, "swapped": false, "error_lsq": 0.03258765264961201, "error_max": 0.2494146586511612, "target": "1049.xyz", "model": "5.xyz", "model_rescale": 4.2253639853439635, "target_rescale": 4.279176643271042},
{"mapping": [12, 2, 11, 14, 8, 6, 15, 13, 5, 3, 10, 7, 4, 16], "R": [[-0.5828300576669303, -0.5921445832647908, 0.556483527510141], [-0.1742314853156463, -0.577832010609669, -0.7973415560721083], [0.7936954790123643, -0.561671576657529, 0.23360763380159277]], "T": [0.10333500881495983, -0.008640488264403216, -0.07970587689078035], "aligned_model": [[0.6774746740438193, -0.3134600847022933, -0.45641364391085115, 0.12524468328223204, -0.15077545018800115, -0.47814713984300306, 0.08577951502665532, 0.6450173242999098, -0.2830213003051648, 0.38681870457514, -0.691791899838591, 0.0026114306553103456, 0.7635412110557299, 0.061184128606891514], [-0.06744241079808905, 0.19248637612244351, -0.40341604607680676, -0.7307977675445199, -0.4603374177252836, 0.04600183770219469, -0.27745639668361566, -0.3633487187554087, 0.5656501008089619, 0.4685347220269623, 0.04191618690819083, 0.3537585185519839, 0.14836333259481416, -0.06881317049683741], [-0.48041916604363555, -0.6413053938895893, 0.2168140249538718, 0.19249095514494308, -0.6047027018507519, 0.3952294064867952, 0.5972971307722418, 0.26421172953437416, -0.0695662398705933, -0.055699857059321005, -0.1593572127385885, 0.5691161849212054, 0.3203348596612508, -0.07288551109075463]], "inverted": false, "swapped": true, "error_lsq": 0.035123106615267095, "error_max": 0.22515431365849925, "target": "1049.xyz", "model": "6.xyz", "model_rescale": 3.89814844738969, "target_rescale": 4.279176643271042},
{"mapping": [5, 2, 1, 6, 3, 8, 11, 7, 15, 9, 12, 13, 16], "R": [[0.5218876369099503, 0.7427524283804917, 0.4194664761043848], [0.8460433306802045, -0.38797568258153353, -0.36563034931052885], [-0.10883003745333353, 0.5457047735362738, -0.8308804505388426]], "T": [-0.02576109459914598, 0.10067253952731614, -0.022808389437989515], "aligned_model": [[0.2667898237027556, -0.01331594109590055, 0.4405206308061269, -0.3210800746218773, 0.5244750629123005, -0.49161941402423626, -0.6770899868346438, 0.17085385565137473, -0.3287811102599485, -0.4929661625873464, 0.2552012777290238, -0.08500431107191363, -0.09935184940149287], [-0.29935886264865397, 0.28355044796773504, 0.40676935738979475, -0.572754262568307, 0.0379618481423553, 0.5705090428933305, -0.2536372306884388, -0.601477207015579, -0.35282690859291943, 0.7271643631946283, 0.7125290716046325, 0.20767772716042662, 0.09767387863148103], [-0.5061018075681151, -0.727056195121596, -0.2810028764937544, -0.1839103405418026, 0.021271268224776322, -0.34908065918269515, -0.1083981571287323, 0.15262433841082573, 0.4603275966257113, 0.2726573290277633, 0.17808185640911783, 0.7000727286014627, -0.027210050426665824]], "inverted": true, "swapped": true, "error_lsq": 0.04467901632572428, "error_max": 0.22877551345580566, "target": "1049.xyz", "model": "7.xyz", "model_rescale": 3.7474275329858107, "target_rescale": 4.279176643271042},
{"mapping": [14, 9, 8, 11, 2, 6, 15, 7, 10, 5, 4, 3, 12, 0, 16], "R": [[0.604303339132356, -0.6512631839695725, 0.458992090911488], [0.7935868001160954, 0.4406737878574567, -0.4195552447257189], [0.07097510123262535, 0.6177887000432885, 0.7831345076701974]], "T": [-0.024009355785382235, 0.01874880136696437, 0.06377296461084617], "aligned_model": [[-0.35820986736636284, 0.10103584685272834, 0.5066473204909493, -0.18228293887138672, 0.6504896533586959, -0.30330461739154996, -0.6894089678917522, -0.5786101539491053, 0.28634889854857487, 0.13245691569654724, -0.5809085762420009, -0.08346141801139478, 0.1863041198201795, 0.7391015925930421, -0.024044085298417457], [-0.07983707409814512, 0.3127109130349753, -0.1015101942886985, -0.6242571002338454, -0.20867450642597274, -0.6695511594466355, -0.20624251320335568, -0.24096995944708316, -0.7165441003062618, -0.3203319608685754, 0.5459464599743832, 0.3110558609389899, 0.6786752431750116, 0.33568715506125646, -0.027039101886450312], [-0.6251922946298466, -0.70825199979459, -0.43438882995431527, -0.2805861950873745, 0.2150802968443246, 0.18587176550667325, -0.12994209660739617, 0.49668458052120734, 0.1281873751689361, 0.6466333536444189, 0.24399756658386065, 0.5324493041971735, -0.05425455238304491, -0.025409582583050386, 0.005915964269284646]], "inverted": true, "swapped": true, "error_lsq": 0.04102593160956306, "error_max": 0.2734825637210368, "target": "1049.xyz", "model": "8.xyz", "model_rescale": 4.019505241142653, "target_rescale": 4.279176643271042},
{"mapping": [8, 9, 11, 10, 2, 5, 15, 0, 1, 12, 13, 3, 16], "R": [[0.3556337274957129, -0.43100334888780345, -0.8293134299617987], [0.468603270179376, -0.6855075901115939, 0.557216581839225], [-0.8086628636488135, -0.5867839953056773, -0.04182004075090223]], "T": [0.09457567625057767, 0.05975809507995371, 0.027390970850371205], "aligned_model": [[-0.3570945888486891, -0.7366943511644843, 0.08919671343257438, 0.4399609742432947, 0.25189410523241296, 0.7448968367809861, 0.09761717928030456, -0.21209512995800156, 0.19060028487890857, -0.32522841802825864, -0.31664709725182766, 0.39007824401133084, 0.06321601913262526], [-0.4598799160262748, 0.02036592695037752, 0.1261582212236867, -0.3696166896334626, -0.6491574122080593, -0.1769179663543109, 0.6874718091671784, -0.6361084385777163, -0.29554219533126086, -0.03381380330576671, 0.6508118451028415, 0.14465405185371183, 0.054952795253114466], [-0.23755094111497846, -0.04684493741341962, -0.7160149999835438, -0.5535336402263064, -0.020084269862055568, 0.011563126890881199, -0.3425678143843055, 0.36274831795357176, 0.5196503340624138, 0.582975333162417, 0.16547889513513966, 0.49010728246784296, -0.039223192643777854]], "inverted": false, "swapped": true, "error_lsq": 0.0415063705973658, "error_max": 0.21784666041340126, "target": "1049.xyz", "model": "9.xyz", "model_rescale": 3.877068213659057, "target_rescale": 4.279176643271042},
{"mapping": [6, 15, 9, 3, 13, 7, 1, 14, 11, 8, 2, 10, 5, 12, 0, 16], "R": [[0.12873195640087165, 0.5477149202040048, 0.8267021528864704], [-0.0047772112751831575, -0.8332863214544205, 0.5528210241383669], [0.9916679190402584, -0.0751150628228528, -0.10465402851052852]], "T": [0.03704340993845118, -0.06302728281920729, -0.03471285672041244], "aligned_model": [[0.13273124010009943, -0.22183814813231767, -0.7194711527467492, 0.4963939317639679, -0.34561581409545833, 0.41286490385277613, 0.3993212722016003, -0.6816989364951351, -0.3193442335751471, -0.4048416502799368, 0.25615081874585754, 0.13477722698296546, 0.6338049616585788, -0.06143465949696897, 0.023980204361493646, -0.02037143952853117], [0.12030538454140889, -0.4394707941978129, -0.07757841092160662, -0.3249734363043371, -0.6877957299262898, -0.3821179296702391, 0.027064284643892017, -0.21215496222037067, 0.22737489515735215, 0.47152915248671606, 0.5969006862874402, 0.621295895309596, 0.2176682980770191, -0.28432711795984783, 0.3587703717849619, -0.030691709954333755], [-0.7585248272136178, -0.6023164877852363, 0.31961263287990527, 0.13563028766637567, -0.007266810419060299, -0.5998568304447532, 0.4535663282593776, -0.27398813731239674, -0.6227135115174223, 0.2167049602813865, 0.17988258136697163, -0.43878834775321884, -0.24511564136922548, 0.6248276001080237, 0.6812884404375844, -0.06790791007465186]], "inverted": true, "swapped": true, "error_lsq": 0.03764209132509753, "error_max": 0.27527029090197525, "target": "1049.xyz", "model": "10.xyz", "model_rescale": 4.260839863003843, "target_rescale": 4.279176643271042},
{"mapping": [5, 3, 13, 7, 14, 11, 10, 2, 12, 9, 8, 16], "R": [[0.6510357347606979, -0.19037456970462677, 0.7347856798239719], [-0.40341177384987825, -0.9067822447317644, 0.12249449521720296], [0.6429707713293763, -0.37616948819514967, -0.6671469878273499]], "T": [0.024465420521798762, -0.09693257040575327, -0.07355150196079233], "aligned_model": [[0.40976466122220234, 0.2462671049659284, -0.5351012047481349, -0.2636617319521488, -0.6206972900188293, -0.36441349493955383, 0.2306584411689451, 0.6488927844798205, 0.2268696544094638, -0.22119627388854338, 0.21194159020033818, -0.010425591805357192], [-0.05969516665645084, -0.5773100400516951, -0.45081488572042305, -0.33353987622992315, 0.1840015400274257, 0.504860983293907, 0.5633970632427603, 0.2756803723719043, -0.4628907848546348, 0.1073097273222315, 0.45519983277618653, -0.033120259988354425], [-0.6474343832281839, -0.24289427712677553, 0.241360356323317, -0.7242803810422614, 0.2441329133727181, -0.2826162175384176, -0.4767590499231603, -0.10208648166022385, 0.49104771232151445, 0.6984640336228966, 0.37836265231669153, -0.06111880004261021]], "inverted": true, "swapped": true, "error_lsq": 0.04124554023028564, "error_max": 0.2432424602549787, "target": "1049.xyz", "model": "11.xyz", "model_rescale": 3.890672605050136, "target_rescale": 4.279176643271042},
{"mapping": [12, 1, 2, 9, 8, 15, 3, 14, 13, 7, 10, 5, 11, 16], "R": [[0.5086589534226158, -0.8269151985890562, -0.23974428761793515], [-0.1034427114297844, -0.3351385094102013, 0.9364730561860084], [-0.8547313464212387, -0.45154560550705225, -0.256009553712759]], "T": [0.040984955152588834, -0.0052657706528520575, 0.022605919868508517], "aligned_model": [[0.3662368039014299, 0.16762110457039908, 0.40528946165769286, 0.6855878427345451, 0.7447043791175245, -0.35179867340489346, -0.27238751271583883, 0.23771065891832394, -0.0648593351895095, -0.6902660522703729, 0.12386564659730592, -0.2774451302616686, 0.06272996374199954, 0.07288667739675608], [-0.3542878933607756, 0.19007432471172386, 0.6098516642283667, -0.5157644524322654, 0.12181751959196513, -0.35535483252828476, 0.021148193961967456, -0.4971529971292734, -0.729221615630528, 0.05636933337886476, 0.6677586808792153, 0.600000664089216, 0.12371649111599123, -0.006802561048418286], [-0.49320407822418105, -0.5462383780742868, -0.11332402862209723, 0.17076389193488878, 0.2038591056395309, 0.526651483541648, -0.4353629381578709, 0.584235904048499, 0.06953033165002676, 0.17727144714154466, 0.4483945906870325, -0.08434506989668134, 0.7574399679466151, 0.0891182057421927]], "inverted": true, "swapped": true, "error_lsq": 0.03548375517169673, "error_max": 0.2133557487931903, "target": "1049.xyz", "model": "12.xyz", "model_rescale": 4.124412569039231, "target_rescale": 4.279176643271042},
{"mapping": [8, 11, 6, 9, 2, 0, 14, 12, 15, 13, 3, 7, 16], "R": [[0.025475807424225727, 0.43664252425836325, 0.8992743125684002], [-0.9681430459168076, 0.23492973903104064, -0.08664329380704489], [-0.24909842608697974, -0.8684188642170851, 0.4287174482020737]], "T": [0.24773056619695732, 0.07235600124759052, -0.043636433464262325], "aligned_model": [[-0.1422797200326673, -0.0051792605480844855, 0.440053793496607, -0.5360463834234966, 0.5298094221265583, 0.21824205487538745, -0.4563911827880577, 0.05413357247485118, 7.310805416205213e-05, -0.21550946993305609, 0.6483914129564707, 0.6331935565435023, 0.19880740370758043], [-0.2690953772275587, 0.5965955975556362, 0.7231902067809873, -0.2162563571616708, -0.3080685294407923, -0.7211450116102647, 0.3883542955179036, -0.5069571099646019, 0.7296487532242313, 0.22097485743707923, -0.06107806058168826, 0.6706605724052773, 0.10066153957393931], [0.48127007292486684, 0.42358922150663897, 0.2820895396183566, -0.021976071476571102, 0.5088786147827584, 0.2017781883394385, -0.022662024119956103, -0.3908851693667523, -0.23737667706739177, -0.5921235201013106, -0.40460971929618883, -0.28006458415207525, 0.003790209376025394]], "inverted": true, "swapped": true, "error_lsq": 0.04233019949406443, "error_max": 0.24463077568832534, "target": "1049.xyz", "model": "13.xyz", "model_rescale": 3.9028299243045295, "target_rescale": 4.279176643271042},
{"mapping": [0, 14, 9, 8, 2, 1, 11, 10, 12, 6, 5, 15, 13, 3, 7, 16], "R": [[0.6413298187576465, 0.7599996429850611, -0.10534043020068085], [-0.6956720548642095, 0.5180712091000573, -0.49763703075897925], [-0.3236301216717831, 0.39243186028173693, 0.8609650279671773]], "T": [0.08093004885513164, 0.05055407770707965, 0.09277618525742197], "aligned_model": [[0.20495838648940728, -0.25257381834650916, -0.01142352679283097, -0.32399396553072735, -0.16064336779387325, 0.4555634439511863, -0.6143953543039917, -0.5925305080628523, 0.5831749292333169, -0.4340071046112468, 0.007547891597180917, -0.0990277537521351, 0.37352724386479885, 0.5524979095540483, 0.12391734208321087, 0.015247524001613624], [-0.7278617675170258, 0.4734920171371707, -0.014672305486597037, -0.3996578610448641, -0.6065023460466246, -0.42193345016912853, 0.3215741809421486, -0.17864055269397408, -0.21869438210233272, 0.39061104157604887, -0.13414360964401165, 0.7557074828051875, 0.5546073299902644, 0.01978576558638566, 0.5758403546974814, 0.06274038409097094], [-0.17071481965389879, -0.4603792677347593, -0.7350455995881117, -0.3286139670432588, 0.29148029549159765, 0.21187134795799645, 0.08008623535710313, 0.4602647064969883, -0.31822321670154213, 0.5239046877900445, 0.7558640480760587, 0.05703930059348415, -0.35200935860796, 0.38485928951321163, 0.6263254023491812, 0.0614510253281972]], "inverted": true, "swapped": true, "error_lsq": 0.04447654803514539, "error_max": 0.31707769442547185, "target": "1049.xyz", "model": "14.xyz", "model_rescale": 3.942246331269136, "target_rescale": 4.279176643271042},
{"mapping": [8, 0, 9, 1, 3, 12, 15, 14, 11, 13, 4, 7, 2, 5, 16], "R": [[0.3476873913987576, 0.9280484671690268, -0.1335646676615755], [-0.6356404845792094, 0.12858665831771746, -0.761200791950843], [-0.6892565938939105, 0.34955902775912195, 0.6346131371834831]], "T": [-0.0793539185815318, -0.020940021071590487, 0.04115987588131339], "aligned_model": [[-0.6560250357526215, -0.23620416708618003, -0.2994502077535788, 0.14567579348742354, 0.3955622830982874, 0.25554622886903555, -0.038481345434943366, -0.34008318180277103, -0.6535755522091544, 0.28951812175925107, 0.6539088730205278, 0.1944958364669091, -0.48050191188202873, -0.11428065834513614, -0.1418110399028108], [-0.1593102961543547, -0.6351853632092519, 0.27284264137472697, -0.5739393766615057, -0.27318806653372674, -0.21124888155542743, 0.6605756543824544, 0.6519030369491909, 0.38443447444888984, 0.5367986800356721, 0.2652402745109369, 0.22244713921219086, -0.6279751387269243, -0.43272180082224004, 0.017471712631020153], [-0.3976202481800458, -0.49628074921849724, -0.7093878855589462, -0.10489368929853685, 0.1806625676444228, -0.5464535942207563, 0.29565757182563746, -0.23340296901245486, 0.2922203891444659, -0.259469362281604, 0.009830384744091696, 0.6955430580472741, 0.05352258009988555, 0.5964972321332876, 0.03293719449229235]], "inverted": true, "swapped": true, "error_lsq": 0.035731874064745386, "error_max": 0.25591199097704, "target": "1049.xyz", "model": "15.xyz", "model_rescale": 4.355366556412066, "target_rescale": 4.279176643271042},
{"mapping": [8, 11, 14, 3, 12, 2, 4, 5, 15, 10, 7, 16], "R": [[0.9853518904629455, 0.0354215238057478, 0.166814170897974], [0.11765292393781808, -0.8493086489567663, -0.51461889617086], [0.12344813263059767, 0.5267068771703205, -0.8410353286821591]], "T": [-0.1317000104836814, -0.005211046720844928, -0.09011163996470939], "aligned_model": [[-0.2777513961708151, 0.5154570831887278, 0.3101733276663558, -0.4100565906917357, -0.722078580492599, -0.4376052906877577, -0.1939733772667191, -0.1161899992611198, 0.5069036589886221, 0.18755111131394653, 0.32087088273846687, -0.08549227469359194], [-0.6769189679017873, -0.3021764585616564, -0.5153492697161374, 0.46773573386328543, -0.15243746974969868, -0.1426014707915323, 0.4108276889102644, 0.4478987822249755, 0.060258694585834834, -0.1142010087052978, 0.5911047987975997, -0.06136462521486954], [0.17765947318751085, 0.13369539241835682, -0.46506394585727817, -0.17656644351310233, -0.4414557530829156, 0.5557289084436254, -0.7561362779373887, 0.4329893187408016, -0.4347887739262199, 0.6360612203029982, -0.13522645155106663, -0.0776382060159008]], "inverted": false, "swapped": true, "error_lsq": 0.04259114808160733, "error_max": 0.2677674603026999, "target": "1049.xyz", "model": "16.xyz", "model_rescale": 3.795458400668931, "target_rescale": 4.279176643271042},
{"mapping": [5, 2, 1, 6, 3, 8, 11, 7, 15, 9, 12, 13, 16], "R": [[0.5218876369099503, 0.7427524283804917, 0.4194664761043848], [0.8460433306802045, -0.38797568258153353, -0.36563034931052885], [-0.10883003745333353, 0.5457047735362738, -0.8308804505388426]], "T": [-0.02576109459914598, 0.10067253952731614, -0.022808389437989515], "aligned_model": [[0.2667898237027556, -0.01331594109590055, 0.4405206308061269, -0.3210800746218773, 0.5244750629123005, -0.49161941402423626, -0.6770899868346438, 0.17085385565137473, -0.3287811102599485, -0.4929661625873464, 0.2552012777290238, -0.08500431107191363, -0.09935184940149287], [-0.29935886264865397, 0.28355044796773504, 0.40676935738979475, -0.572754262568307, 0.0379618481423553, 0.5705090428933305, -0.2536372306884388, -0.601477207015579, -0.35282690859291943, 0.7271643631946283, 0.7125290716046325, 0.20767772716042662, 0.09767387863148103], [-0.5061018075681151, -0.727056195121596, -0.2810028764937544, -0.1839103405418026, 0.021271268224776322, -0.34908065918269515, -0.1083981571287323, 0.15262433841082573, 0.4603275966257113, 0.2726573290277633, 0.17808185640911783, 0.7000727286014627, -0.027210050426665824]], "inverted": true, "swapped": true, "error_lsq": 0.04467901632572428, "error_max": 0.22877551345580566, "target": "1049.xyz", "model": "17.xyz", "model_rescale": 3.7474275329858107, "target_rescale": 4.279176643271042},
{"mapping": [9, 11, 8, 15, 12, 3, 0, 10, 13, 1, 7, 6, 5, 16], "R": [[-0.5933663107981049, 0.7992138189209435, 0.09577939682232317], [0.539136193777797, 0.4829640047729386, -0.6899840104324698], [-0.597702757036168, -0.35777512733487515, -0.7174596661080519]], "T": [0.007247452626054675, -0.09591350160701524, 0.056676499796183825], "aligned_model": [[0.5649571756034673, -0.04573601444964025, 0.6936488306984709, -0.4821629224880215, 0.3498892179816226, -0.24278317274750774, 0.7418510177945018, 0.11568429979715941, -0.18733202875089655, 0.2241452096773334, -0.7251574002279955, -0.3996537555734803, -0.22291624778595145, 0.030413438353814347], [-0.48842797174423513, 0.383696525143019, 0.0765438628391353, -0.1293310403957939, -0.669563068012679, -0.2904899939899579, -0.17580850241194426, 0.6959475212172218, -0.6934207678498078, -0.21798863403943464, 0.06446627342305429, 0.48388831871470833, 0.38601577325416875, -0.06512005463622154], [-0.4259878008245397, -0.5127594684407087, -0.15149533620885652, -0.482085055252221, 0.27390439161276964, 0.5130317901718555, 0.43709226864606354, 0.008461519975144376, -0.32100176527945723, 0.6186652252401869, 0.07427782105012493, -0.1981411846553348, 0.4970769262020683, -0.00624461357543999]], "inverted": false, "swapped": true, "error_lsq": 0.040249874036018554, "error_max": 0.2656444263864424, "target": "1049.xyz", "model": "18.xyz", "model_rescale": 3.922800546911778, "target_rescale": 4.279176643271042},
{"mapping": [12, 1, 3, 13, 10, 9, 2, 15, 8, 7, 5, 6, 14, 11, 16], "R": [[-0.5529206993496221, 0.6273880201504853, 0.5483274317434603], [-0.0368767276983451, 0.6390012228119096, -0.7683212506491972], [-0.8324174476697297, -0.4450412446240668, -0.3301809858221314]], "T": [0.07556456925270308, 0.0811176318540048, -0.10873526694453542], "aligned_model": [[-0.37844293334683987, 0.0001765520808464094, 0.35458514871986724, -0.08447892446242528, 0.2617702170842488, -0.7016338784503249, -0.04873160174153232, 0.33992356999352513, -0.525279720032404, 0.7865095237765748, 0.5851050924324649, 0.5777449169871262, -0.25749673614382074, 0.137751230454664, 0.04854837953564733], [0.3187180945674013, -0.11216988667589065, 0.19792236105490424, 0.789875404308683, -0.6004612024865409, 0.31290549403780976, -0.6148776037480006, 0.5188074745987069, -0.30340410640671733, 0.2798891518059384, -0.3596624640654026, -0.11907041916700087, 0.4332186947498373, -0.09103507472998026, 0.06695558719083113], [-0.5894517832908852, -0.6872980418842082, -0.5747177210527563, -0.010931996033265612, 0.26796735166385355, 0.09203707003594161, -0.2810874556365197, 0.4103458256138507, 0.07928888181184496, 0.0235352956375873, -0.26768511064698086, 0.4151067311518415, 0.4922450102509769, 0.6148575828327257, -0.041552473290677044]], "inverted": true, "swapped": true, "error_lsq": 0.04093160719480113, "error_max": 0.30950335159772646, "target": "1049.xyz", "model": "19.xyz", "model_rescale": 3.9282355846067225, "target_rescale": 4.279176643271042},
{"mapping": [11, 14, 9, 15, 6, 13, 4, 12, 5, 2, 8, 10, 0, 16], "R": [[0.9404153867222418, 0.014051910412197277, -0.33973731651060096], [0.242573384294006, 0.6724408556916236, 0.6992720849775643], [0.23827936051661952, -0.7400174588551848, 0.6289651078885905]], "T": [-0.008841375802982127, 0.0463577424680969, -0.006490831497578401], "aligned_model": [[-0.5825233133051011, -0.10049180037955756, 0.4518566744041644, -0.4415817760533845, -0.7607820508769413, 0.2033675841399499, 0.20411455710617324, 0.6891139652593101, -0.3603534322019881, 0.03072666056570379, 0.19245392928543528, -0.5540927331511176, 0.5995221338295628, -0.03880757953753297], [-0.4215665281362173, -0.6581769953271156, -0.6492761197780945, -0.20721260916099601, 0.023250570332432413, -0.21524528163427678, 0.3095740431969479, 0.06586763758440364, 0.5560776912203348, 0.17020364407908406, -0.44976417094297716, -0.025019171826514502, 0.043477079867781376, -0.019307702049956535], [0.08851579473266295, -0.3086717179506614, -0.05034750369369556, -0.5350181090642103, 0.02038064328648925, -0.6576806615754421, -0.7177727515630868, -0.08486727733199008, 0.30303871246263453, 0.7095124828826866, 0.5010199120929686, 0.5755172500507758, 0.5597487893627192, 0.008807593551831926]], "inverted": true, "swapped": true, "error_lsq": 0.03814858036355317, "error_max": 0.23354356566651277, "target": "1049.xyz", "model": "20.xyz", "model_rescale": 4.067790424073018, "target_rescale": 4.279176643271042},
{"mapping": [12, 5, 13, 14, 4, 7, 15, 1, 3, 2, 10, 11, 8, 6, 16], "R": [[0.44634522870678905, -0.8824632992127448, 0.14844009685136295], [0.23402977512440648, 0.2752212579356472, 0.9324608965182077], [-0.8637163893118528, -0.38146006963098755, 0.3293663827885571]], "T": [0.09746194280266486, 0.03893110243196675, -0.07490560088516547], "aligned_model": [[0.2722996475395048, 0.04158104298007509, -0.28234533413411333, 0.07572564277323039, -0.533453528847551, -0.555448928632909, -0.41100180858164626, 0.3019877379575443, -0.17131060114460717, 0.6749346670316461, 0.42638106375033374, 0.15215642222073542, 0.7912788705506669, -0.13919360403341735, 0.12485266447802251], [-0.04280137099358432, 0.6629492051917416, -0.5002124547343298, -0.7148628608498295, -0.05750984618770778, 0.2413395994185351, -0.37935811392717494, 0.4649793877073546, 0.4208387758225167, 0.45998708296998925, 0.2810070183854131, -0.2844102948931096, -0.20064735473296996, 0.09987086697911242, -0.010274500228109718], [-0.7504918212719934, 0.2194792203899265, -0.3951986492773319, 0.09063738266822667, -0.5366412733259989, 0.2336175611977176, 0.23718734259806096, -0.4678818854477447, -0.3758097794738592, 0.06221222099135067, 0.6138168224191094, 0.5955787033020918, -0.001121176309741248, 0.637099521034974, -0.02723461587364765]], "inverted": true, "swapped": true, "error_lsq": 0.039463899911506464, "error_max": 0.2711478138272968, "target": "1049.xyz", "model": "21.xyz", "model_rescale": 4.186013935880536, "target_rescale": 4.279176643271042},
{"mapping": [11, 6, 2, 9, 13, 8, 14, 15, 1, 3, 4, 12, 16], "R": [[-0.6902896387034549, 0.7214274360488615, -0.05516039534502726], [-0.4479099740118763, -0.485959320078414, -0.7504799760217499], [-0.568222553124508, -0.4933416602567552, 0.6585872276136051]], "T": [-0.0063683292497801495, 0.09278233260353347, -0.06207465622211357], "aligned_model": [[-0.1619712157249349, -0.44663604830931536, 0.5084720811995048, 0.44139615783847796, -0.2790770334645662, 0.6289867173803373, -0.08809434490357276, -0.5914519892327829, 0.31369166909434315, -0.1658490205078147, -0.4691405714175944, 0.3636618394476003, 0.004585794023542472], [-0.4350036443495861, -0.053666072332293036, 0.3754516096863434, -0.5050500181051993, -0.2643825546595332, -0.23754928011669962, -0.6658074034470365, -0.3414201991523174, 0.5962755204482988, 0.5805475771845312, 0.22652027338523917, 0.2151460181617096, 0.027894832842636885], [-0.5663762046201515, -0.6548545450828321, -0.4917275563791241, 0.31232621986259484, 0.517218176159108, -0.23935662946368524, 0.0560132599543056, -0.05510812165467681, 0.08569039293471238, 0.15073147940678894, 0.5612318776896597, 0.5225362948358293, -0.09544508230718307]], "inverted": false, "swapped": true, "error_lsq": 0.03885201134398021, "error_max": 0.1913033410061392, "target": "1049.xyz", "model": "22.xyz", "model_rescale": 4.166573947596378, "target_rescale": 4.279176643271042},
{"mapping": [10, 11, 15, 7, 6, 8, 14, 2, 5, 3, 0, 4, 13, 0, 12, 16], "R": [[-0.09940159723585276, -0.736431111788611, 0.6691700382240315], [-0.33907825898138244, 0.6573193206888007, 0.6730209840230601], [-0.9354919864718865, -0.16000165073837225, -0.3150463696154585]], "T": [-0.02737498157696696, 0.03842960492852904, 0.019992271263272902], "aligned_model": [[-0.7599644105715418, -0.3309182540856121, 0.3142477965596551, 0.17109905880209494, -0.3028994170398365, -0.46436820151704683, 0.19077568044488788, -0.682504904884441, -0.4092219252395071, 0.18673884454493833, -0.359546447043861, 0.7268245317247182, 0.6429914329373178, -0.359546447043861, 0.27861282520942277, -0.05508692177657133], [-0.11204214385295025, 0.13185221562287508, -0.06001297450430246, -0.6028529071731457, -0.3432761385244345, 0.6317942119634201, 0.5306392967979288, 0.05993385407097773, -0.529500958595041, -0.33037980832638564, 0.4497877031209174, -0.16787389992910096, 0.27617266274699015, 0.4497877031209174, 0.3866503850111958, 0.07902823607181694], [-0.2660113911535673, -0.655451320008576, -0.6160157447074402, -0.31439245057808013, -0.5674239417150095, 0.05433286709189141, -0.5333811949528652, 0.33607221986393815, 0.1240666541124465, 0.3760405295438209, 0.661232007151946, 0.11578881692972587, -0.15778311636615927, 0.661232007151946, 0.5479874528730472, -0.03503286207297075]], "inverted": false, "swapped": true, "error_lsq": 0.04087597972126889, "error_max": 0.30660088663226603, "target": "1049.xyz", "model": "23.xyz", "model_rescale": 4.274766983524099, "target_rescale": 4.279176643271042},
{"mapping": [11, 13, 9, 8, 12, 1, 5, 3, 7, 4, 16], "R": [[0.8623408516451189, -0.5050205224255452, 0.03636657136712826], [-0.2547105385003444, -0.370609484478262, 0.8931803578178493], [-0.4375966146587924, -0.7794888594096686, -0.4482257476934788]], "T": [-0.04245209330232036, -0.015328547504150011, -0.006819809411205066], "aligned_model": [[0.3052948412785654, 0.15418387093500907, -0.4537241891116209, -0.5594239817434019, -0.5456518677509252, -0.46692392976882946, 0.10292519847574508, -0.017257813948186963, 0.6504399730068855, 0.2448709503008435, -0.03483834771600902], [-0.25674671747384875, 0.6879310788791972, 0.489359580823136, -0.14290401884339926, 0.4219332093449233, -0.11444923394256602, -0.6078518536164156, 0.01855657554854541, -0.12757734766212087, 0.5703612921829018, -0.02302603399687008], [-0.6215390007193144, -0.07221992534393958, -0.5304778350333311, -0.5173964181109812, 0.215120057171163, 0.4265126865606176, 0.320235637391206, 0.5471228977256768, 0.2572808125903305, 0.4347318868199783, -0.07980436502982827]], "inverted": false, "swapped": true, "error_lsq": 0.048258672250153394, "error_max": 0.26002323434724817, "target": "1049.xyz", "model": "24.xyz", "model_rescale": 3.7841303162186577, "target_rescale": 4.279176643271042},
{"mapping": [10, 6, 15, 3, 7, 4, 5, 2, 11, 14, 8, 1, 13, 12, 9, 16], "R": [[0.5000757680104309, 0.045520328091949225, 0.8647844390246503], [0.5973618088850646, -0.7411232752253551, -0.30642317178178013], [0.6269633924993879, 0.6698239997563867, -0.39780989657877375]], "T": [0.05919202425783582, -0.028795940866032863, 0.13378769961537593], "aligned_model": [[0.2749221188830636, -0.07456200723868531, -0.5419649824372712, 0.38242272994983234, -0.005424618388964103, -0.15160544564102718, 0.5774193503153844, 0.6105524873624839, -0.3366692549844387, -0.6803062138279585, 0.03888510517764207, 0.5862650359373891, -0.5110126842460738, 0.14824562892506035, -0.41315309777826986, 0.01382839646461162], [-0.05579086784282532, -0.49515895251583864, -0.4317141350516707, -0.2970914830703191, -0.7741174751421596, -0.3929049289039212, -0.3944184479143815, 0.2834361843984571, -0.09184667060762199, 0.16061478302570903, 0.6375757728030117, 0.13244216375534934, -0.06550942822139373, 0.3785720274277061, 0.6462617146769772, -0.0035377884491176598], [-0.636834720096319, -0.4417869669702984, 0.04910923445604837, 0.497346345500424, 0.08116786238568088, 0.7997787593578686, -0.1436006768552013, -0.22409066342056452, -0.4958223388529923, 0.018253207944627342, -0.1820608019425475, 0.40577044994265876, 0.5931739096201866, 0.6992839023351373, 0.27256744902359586, 0.08136506338894903]], "inverted": true, "swapped": true, "error_lsq": 0.040335116357942534, "error_max": 0.2996702627575193, "target": "1049.xyz", "model": "25.xyz", "model_rescale": 4.19342608120988, "target_rescale": 4.279176643271042},
{"mapping": [8, 11, 14, 3, 12, 2, 4, 5, 15, 10, 7, 16], "R": [[0.9853518904629455, 0.0354215238057478, 0.166814170897974], [0.11765292393781808, -0.8493086489567663, -0.51461889617086], [0.12344813263059767, 0.5267068771703205, -0.8410353286821591]], "T": [-0.1317000104836814, -0.005211046720844928, -0.09011163996470939], "aligned_model": [[-0.2777513961708151, 0.5154570831887278, 0.3101733276663558, -0.4100565906917357, -0.722078580492599, -0.4376052906877577, -0.1939733772667191, -0.1161899992611198, 0.5069036589886221, 0.18755111131394653, 0.32087088273846687, -0.08549227469359194], [-0.6769189679017873, -0.3021764585616564, -0.5153492697161374, 0.46773573386328543, -0.15243746974969868, -0.1426014707915323, 0.4108276889102644, 0.4478987822249755, 0.060258694585834834, -0.1142010087052978, 0.5911047987975997, -0.06136462521486954], [0.17765947318751085, 0.13369539241835682, -0.46506394585727817, -0.17656644351310233, -0.4414557530829156, 0.5557289084436254, -0.7561362779373887, 0.4329893187408016, -0.4347887739262199, 0.6360612203029982, -0.13522645155106663, -0.0776382060159008]], "inverted": false, "swapped": true, "error_lsq": 0.04259114808160733, "error_max": 0.2677674603026999, "target": "1049.xyz", "model": "26.xyz", "model_rescale": 3.795458400668931, "target_rescale": 4.279176643271042},
