[{"mapping": [6, 3, 1, 0, 2, 9, 12, 5, 11, 4, 7, 13], "R": [[0.10669658362611534, -0.14600883904408915, 0.9835127136766018], [0.9793858257450104, 0.1860682158223585, -0.07862584429084915], [-0.17152038762864316, 0.9716275201854268, 0.16285183034291786]], "T": [-0.05225702903288603, 0.04198888838521677, 0.040814169647398146], "aligned_model": [[-0.27707304716374054, -0.25180998970931723, -0.29709471545725075, 0.3523929707063937, 0.31770252108040875, 0.6577963341239954, 0.12402960529064072, -0.7792079193145393, -0.1989916594111262, 0.39281880843934897, 0.4822366004714997, 0.046039396164011585], [-0.627912362353528, -0.38487998998485806, 0.26111550425751384, 0.037685222673266, -0.5670054374445985, 0.22244551885185398, 0.5588838814671533, 0.08044607696704267, 0.40382696187959216, -0.6512874895327364, -0.019861693440759325, 0.06575516974507388], [0.33276683094389375, -0.1853757557738669, -0.4336140619595448, -0.6161883347261146, -0.24817387127603052, 0.042486818581333324, -0.1511816549408307, 0.24688383797995836, 0.6192638197129169, 0.5252515642923955, 0.5717431178339573, 0.16853589418646803]], "inverted": false, "swapped": false, "error_lsq": 0.050078251618488535, "error_max": 0.2870290069059047, "target": "105.xyz", "model": "0.xyz", "model_rescale": 3.8414455957264533, "target_rescale": 3.6671296229150614},
{"mapping": [6, 10, 1, 11, 12, 13, 0, 5, 4, 8, 7, 14], "R": [[-0.1075864947947045, 0.7494984160137638, 0.6532053815842677], [-0.9489023682298997, -0.27346332690593883, 0.15748683883177], [0.29666385304832354, -0.6028846765596181, 0.7406217827367272]], "T": [0.01795524398445516, -0.02152386160198603, 0.21127486711676063], "aligned_model": [[-0.30617258986253626, -0.33262404064323636, -0.2567514206429482, 0.36407862710095124, 0.2158916694282626, 0.762573562919446, 0.3185171295261906, -0.6120334910561075, -0.2481015529418301, 0.41123270088162034, 0.27661214866717476, -0.024383838156662736], [-0.5607982338516958, -0.5323745420063369, 0.3989132477803514, 0.07103614809627137, -0.45625511886301695, -0.05663459110348867, 0.6265014589662915, -0.19858357544337973, 0.43750428660565477, -0.7041283439455438, 0.36727378107546377, -0.013243154225555595], [0.6740398966338812, -0.07942609251484778, -0.493187180570873, -0.5619629038144218, -0.3838044967582141, 0.07286317534315884, 0.08781189141495438, 0.2892930472986212, 0.3309585118247174, 0.15055946477474164, 0.6527360781461492, 0.13251681307666852]], "inverted": false, "swapped": false, "error_lsq": 0.05168779128744738, "error_max": 0.27003982634333795, "target": "105.xyz", "model": "1.xyz", "model_rescale": 4.316132596720782, "target_rescale": 3.6671296229150614},
{"mapping": [6, 10, 1, 9, 7, 5, 0, 8, 2, 3, 4, 11], "R": [[0.8335863591698275, 0.07229097012422284, -0.547638382004485], [-0.1278117145244755, 0.9897379522361006, -0.06389797754079782], [0.5373992439856101, 0.12325908299995195, 0.8342716889729064]], "T": [0.04467570234571922, -0.04346227273414335, 0.016530630265765768], "aligned_model": [[-0.22898521472278022, -0.3679939951959633, -0.2565886602085781, 0.2354841794039507, 0.4746952649561437, 0.6778493177423243, 0.3397346911728203, -0.7121636395735088, -0.36123561398163884, 0.4310878194212256, 0.28711914418794227, 0.04983561201838734], [-0.5000047812406753, -0.48096677072341454, 0.31284677802401384, 0.07233433792722746, -0.6919978379067592, 0.048551509742321336, 0.596009266938923, -0.024436618647134638, 0.5361609329346746, -0.5134455589184533, 0.09731033624062357, -0.07315023128633139], [0.6432479536223978, -0.17196163365851655, -0.26074343561018515, -0.690671445009802, -0.424996171025313, -0.06337255187965526, 0.10558343284340271, 0.1342945925917796, 0.463742374825987, 0.2631444890079977, 0.7346768418458847, 0.13945375730055803]], "inverted": true, "swapped": false, "error_lsq": 0.04714252887961748, "error_max": 0.23137692580929295, "target": "105.xyz", "model": "2.xyz", "model_rescale": 3.795458400668931, "target_rescale": 3.6671296229150614},
{"mapping": [8, 6, 5, 10, 2, 0, 4, 3, 7, 1, 7, 11], "R": [[-0.37197673621998406, -0.15967992785194654, -0.9144045211788523], [0.5875576436026221, 0.7221246649612341, -0.36511913630863], [0.7186162558384432, -0.6730811904189739, -0.17479241387690286]], "T": [0.05690078904881495, -0.05628129321060662, 0.024386304075693165], "aligned_model": [[-0.4130126405453557, -0.2843287910248354, -0.41320735862606855, 0.26332689047772745, 0.28264458892166094, 0.8146914252175802, 0.2640106917599162, -0.73156086760429, 0.14474483174201666, 0.342212461557815, 0.14474483174201666, 0.15457284160214105], [-0.4370081431341719, -0.5321724077870583, 0.30490818404889486, 0.15124440984927204, -0.602201587836715, 0.08941450213418331, 0.5341389625970486, -0.1792981140178563, 0.2800899301801154, -0.530662234803531, 0.2800899301801154, 0.020667931674718677], [0.5191502593772682, -0.04184297472791997, -0.3529267046530309, -0.64891309635366, -0.4642199588285904, 0.15374638729122078, -0.11512764882729676, 0.008104310270022556, 0.7044158040636835, 0.3241008578484103, 0.7044158040636835, 0.08149516533074513]], "inverted": false, "swapped": false, "error_lsq": 0.05771003198818703, "error_max": 0.3954308579428562, "target": "105.xyz", "model": "3.xyz", "model_rescale": 3.7530521520055578, "target_rescale": 3.6671296229150614},
{"mapping": [0, 10, 8, 6, 7, 5, 1, 9, 4, 2, 11], "R": [[-0.45426107495231666, 0.8275631303215373, -0.32982744142291176], [0.8540942220843818, 0.299287033895808, -0.42538257033395765], [-0.2533178548488848, -0.47493845567006676, -0.8427713377544894]], "T": [0.05439958825241035, 0.010944317866453515, 0.10147174712848939], "aligned_model": [[-0.43033651833924463, -0.22461357307402022, 0.29163259514234235, 0.48912080232897087, 0.3316028233249789, -0.2356410657518652, -0.23829187587140369, -0.7513990795400619, -0.4041631854408183, 0.5417742784450035, -0.03148559877867662], [-0.6880160967523007, 0.18206323078381487, -0.2889547615051728, 0.3971894144301519, -0.6461520740097416, 0.5991249590538774, -0.30762809248168466, -0.059676649463511436, 0.3064006081936921, 0.004804257597982822, -0.03195143753276188], [-0.06431407472384537, -0.6867896237748039, -0.516642960499877, -0.27273993879461295, 0.16665208630896766, -0.17304640119296322, 0.5351705851961037, 0.02798793232700164, 0.6010427116363428, 0.4410836500468101, 0.03442681071619287]], "inverted": false, "swapped": true, "error_lsq": 0.050441390166042814, "error_max": 0.3482973603267572, "target": "105.xyz", "model": "4.xyz", "model_rescale": 3.7855080009869324, "target_rescale": 3.6671296229150614},
{"mapping": [7, 6, 1, 12, 13, 14, 2, 4, 3, 8, 9, 16], "R": [[0.95247640648619, -0.08262388876296722, 0.2931927490454688], [0.12248916710343605, -0.7773773735188694, -0.6169933736136971], [0.2788998010566895, 0.6235845669567116, -0.7303130758955023]], "T": [0.04015177892780721, -0.08786820250970862, 0.12519645233488697], "aligned_model": [[-0.4637409391150241, -0.292096071085375, -0.35872478754781323, 0.27490058781090676, 0.39295991959915116, 0.6328184745490085, 0.20390664039486264, -0.6896408348217435, 0.022145285407714342, 0.2846376871638321, 0.4782535798338779, 0.08341936303092742], [-0.5007974564077908, -0.5911725573437185, 0.3162022499916752, 0.06916836322839298, -0.5561768250074919, 0.20329354564360635, 0.6320832864810937, -0.1345624993619871, 0.444827889315762, -0.7170189341812975, 0.2693864888761438, -0.0560221881493725], [0.495265407874918, -0.12454974009595196, -0.37553151085602265, -0.49391401984217276, -0.3003397844836198, -0.022005527429725225, 0.09990047588557815, 0.014638017905765507, 0.5705359243606899, 0.3244597742853421, 0.5580358183526968, 0.1259033688970376]], "inverted": false, "swapped": false, "error_lsq": 0.04262124313181317, "error_max": 0.23378534043686075, "target": "105.xyz", "model": "5.xyz", "model_rescale": 4.2253639853439635, "target_rescale": 3.6671296229150614},
{"mapping": [5, 6, 4, 0, 7, 9, 1, 2, 10, 11, 8, 13], "R": [[0.6409888951233776, 0.751939676809708, -0.1540128526059556], [-0.35872145487390295, 0.11608652560612309, -0.9261980546221471], [-0.6785662488966442, 0.64893038225376, 0.34414706862957134]], "T": [0.08427322095385871, -0.07463356394687581, 0.048238976627626995], "aligned_model": [[-0.22700323670327016, -0.20079565407579797, -0.3425082105324089, 0.4603945476790425, 0.19356100875098226, 0.6644781567365369, 0.17766938005895072, -0.581714541435132, -0.3129109244839196, 0.2779067276511168, 0.41375368779245886, 0.046007963781765374], [-0.27092687489312484, -0.6427590307291945, 0.36858408454571057, 0.11725535774310647, -0.5649918262816032, 0.11498313430769352, 0.6523262476437481, -0.09550768303461082, 0.3641208430135672, -0.7177234062378735, 0.1456126498945309, -0.09176213288693454], [0.5633284537448303, -0.050184387498010186, -0.3015138475350383, -0.6335044051823786, -0.565761161829515, 0.050280476526485235, 0.009349752479959839, 0.12695481707698653, 0.5564237849157054, 0.44129788905609657, 0.6717765479567608, 0.003950285142653234]], "inverted": false, "swapped": false, "error_lsq": 0.045125745571287436, "error_max": 0.28407180310983243, "target": "105.xyz", "model": "6.xyz", "model_rescale": 3.89814844738969, "target_rescale": 3.6671296229150614},
{"mapping": [11, 10, 5, 1, 2, 0, 6, 9, 8, 4, 7, 12], "R": [[-0.547436881246436, 0.6326427227760385, 0.5477919736265732], [0.8342202298207635, 0.4643782004638849, 0.2973709721740117], [-0.06625306943054354, 0.6197709837128911, -0.7819811113694417]], "T": [0.14607724072097208, -0.02693194860295571, 0.17747299433840763], "aligned_model": [[-0.3208434846827365, -0.287411261966827, -0.2322794635619461, 0.38426987436410665, 0.3083565293400034, 0.6511505539875491, -0.0004219437708083973, -0.7178154023965964, -0.21708756269239635, 0.35227909421525505, 0.5541697905811714, 0.09447218180354956], [-0.34666124998101877, -0.5281772452779433, 0.16874171403358118, 0.16159698104345005, -0.4912481519754975, 0.19986627874591467, 0.6065112011250636, 0.10930747932956071, 0.3370163867817092, -0.6269389781213981, -0.03585419327264417, -0.17494885934576204], [0.7563499927169754, -0.13835058560903718, -0.4714758681302766, -0.6115249296121998, -0.3320598704426348, -0.03341536419672164, -0.00870868046786255, -0.004390136830546482, 0.6171771074044499, 0.2913507732430342, 0.6919198272031954, 0.11552593957615995]], "inverted": true, "swapped": false, "error_lsq": 0.045988477138891454, "error_max": 0.24469797175347383, "target": "105.xyz", "model": "7.xyz", "model_rescale": 3.7474275329858107, "target_rescale": 3.6671296229150614},
{"mapping": [9, 7, 3, 0, 10, 12, 1, 8, 4, 11, 13, 14], "R": [[0.0363456654818905, -0.9902469322148333, 0.13449909233816423], [-0.563029354339527, 0.09090345763621238, 0.8214222468023353], [-0.8256372924914996, -0.10558207532006963, -0.5542341442192219]], "T": [0.03690511775866937, -0.022060003344251948, 0.01758642250665436], "aligned_model": [[-0.34787594951347545, -0.11627899031431416, -0.47762938043817355, 0.16460853842684334, 0.4517785023618335, 0.6253618263431415, 0.34245272827495665, -0.570204524284541, -0.2190015693081037, 0.24014805163665068, 0.43096151997391346, 0.04451815206159338], [-0.5636379730500162, -0.665262825455669, 0.19794333172718573, 0.14570506681927173, -0.5169669413841661, -0.05591101447387012, 0.6201826261171298, 0.1294498749313278, 0.3880890002323707, -0.5340118484674057, 0.20648337313506454, 0.027148692953792054], [0.39038297974221964, -0.14582223878708056, -0.4307296710115016, -0.6067211581053681, -0.38017048455610675, 0.19983743064320109, -0.22524455298899787, 0.2890140467080399, 0.6328224814508112, 0.30581822799233616, 0.7925698453185103, 0.05064129844847221]], "inverted": true, "swapped": false, "error_lsq": 0.04984416619588017, "error_max": 0.26195908813538243, "target": "105.xyz", "model": "8.xyz", "model_rescale": 4.019505241142653, "target_rescale": 3.6671296229150614},
{"mapping": [3, 2, 1, 10, 6, 11, 9, 0, 7, 5, 8, 12], "R": [[0.5490221822454778, 0.5262629133089257, 0.6493242560370093], [-0.6553670979963736, -0.21108855161109877, 0.7252141685340546], [0.5187182378384484, -0.8237044187415355, 0.22900310102582516]], "T": [0.041815440993622714, -0.0685514176089681, 0.056170930124788035], "aligned_model": [[-0.3298664370061218, -0.32041210541834025, -0.30850254376457964, 0.29195945174121357, 0.3930444477027131, 0.6524494152336826, 0.3397515666108141, -0.549434055847648, -0.32038755722608564, 0.3224997093016883, 0.3288851759919341, 0.06885183790105455], [-0.7274957669807803, -0.5006604834894572, 0.28900154942699346, 0.11737569925829597, -0.5237284078300286, -0.01921393434132984, 0.544448737966876, 0.022647197471692776, 0.5119058481688905, -0.5763641229818656, 0.32801429545777483, -0.08671924904204617], [0.463731641846746, -0.12284058352983272, -0.3974131166507672, -0.8046651979032615, -0.38825446337376046, 0.1654480377072764, 0.003209286016520582, 0.31063688691155256, 0.6490135237042665, 0.3936132465704023, 0.5214273474410533, 0.0784915961143398]], "inverted": false, "swapped": false, "error_lsq": 0.04501912400875114, "error_max": 0.25438155330596623, "target": "105.xyz", "model": "9.xyz", "model_rescale": 3.877068213659057, "target_rescale": 3.6671296229150614},
{"mapping": [13, 3, 1, 0, 12, 11, 8, 4, 2, 6, 9, 15], "R": [[0.3086860748885874, 0.9409890805669741, -0.1387532249124276], [-0.8535134191701439, 0.2096492038080846, -0.4770346472103748], [-0.41979489094838673, 0.26568169224912264, 0.867862597383523]], "T": [0.0383321512233281, -0.09373643256913072, 0.14964665325148327], "aligned_model": [[-0.26112401636881694, -0.3439328946344295, -0.30884838092462324, 0.37238126963651275, 0.4008332493708941, 0.723193376227603, 0.2636126111020451, -0.6331367046719931, -0.2516338750560686, 0.1955733280989651, 0.33376769416484353, 0.07815324827539283], [-0.4708211262352165, -0.5560239569210821, 0.3214698712632251, 0.1149250558052397, -0.49791647370989883, 0.06355832695682256, 0.6378579756209113, -0.02263642444303357, 0.24093229830021184, -0.684399967905208, 0.3068685464476492, -0.07460276209460531], [0.754437223165938, -0.05753689404929943, -0.5285686617914414, -0.5421897474897303, -0.36360441971260316, -0.07591650281577164, 0.05299639660415725, 0.10311661830556662, 0.6438853629167065, 0.23147803747477075, 0.5830965288466557, 0.07120426339958659]], "inverted": false, "swapped": false, "error_lsq": 0.0410091774755445, "error_max": 0.20480537885228237, "target": "105.xyz", "model": "10.xyz", "model_rescale": 4.260839863003843, "target_rescale": 3.6671296229150614},
{"mapping": [0, 7, 10, 9, 8, 2, 4, 6, 5, 1, 3, 11], "R": [[-0.5024732503443905, -0.8198644819777923, 0.2744865458991203], [-0.8332646333315641, 0.5439004331785455, 0.09920871749501142], [-0.2306310549929429, -0.17887020428086114, -0.9564594954797435]], "T": [0.068574175290278, -0.0584312550585576, 0.035926789381537254], "aligned_model": [[-0.40787510023853907, -0.30607175692563415, -0.33690150573110267, 0.3435291389451659, 0.3722923223076097, 0.7460005798904883, 0.27332278380822095, -0.7228086882532943, -0.19241089277975937, 0.4250661599482508, 0.3129638687923856, 0.06173199545653292], [-0.4868745884759861, -0.588910252617274, 0.13049118276727142, 0.2820082321966606, -0.4119699607806635, 0.00035307290596846286, 0.6334464231612592, 0.019635205491125816, 0.45797926132023026, -0.5977953829475386, 0.05706965503899259, -0.11622148497503088], [0.6354821807785755, -0.05260618699119569, -0.40365434832616065, -0.6305820137382375, -0.5103140712170086, 0.12534152685607391, -0.08851654829607039, 0.3021487375395512, 0.3849509648562018, 0.3603654516313841, 0.6922546715329436, 0.05752784022847843]], "inverted": false, "swapped": false, "error_lsq": 0.04116837297512775, "error_max": 0.21092868321228597, "target": "105.xyz", "model": "11.xyz", "model_rescale": 3.890672605050136, "target_rescale": 3.6671296229150614},
{"mapping": [10, 4, 0, 8, 7, 5, 6, 2, 11, 12, 9, 13], "R": [[0.6570984417911322, 0.5933521022446804, -0.46492463965408914], [0.5341479812361876, 0.06868741614695584, 0.8425959725778188], [0.5318905638728438, -0.802007058338562, -0.27180343345542024]], "T": [0.003586165886445891, 0.1041160456687612, 0.011812160839303129], "aligned_model": [[-0.2922573874401594, -0.45873240048344444, -0.3008031826885151, 0.39753903549513026, 0.4397935228535405, 0.7450897991640274, 0.12250695327284636, -0.6218673921747104, -0.2500184230205539, 0.2618140923279859, 0.5040610618779128, 0.021713226036264868], [-0.46698045911701247, -0.39710622509990146, 0.19503199516754038, 0.25241887574234456, -0.5618034126995296, -0.11930626519453952, 0.667946702083074, -0.09064773787927916, 0.24134531758522232, -0.5299857468018611, 0.24805332068640207, -0.059755001387444606], [0.6329931961415111, -0.1497267580017494, -0.48595882500465115, -0.5729941771542089, -0.2935377809826418, 0.08411025680114818, 0.015155984453213048, 0.288288288187362, 0.48044314926179515, 0.30569207089835976, 0.590282000471611, -0.02234920021721322]], "inverted": true, "swapped": false, "error_lsq": 0.046316919357255744, "error_max": 0.25631715248141984, "target": "105.xyz", "model": "12.xyz", "model_rescale": 4.124412569039231, "target_rescale": 3.6671296229150614},
{"mapping": [3, 6, 8, 2, 1, 4, 10, 9, 7, 0, 5, 12], "R": [[-0.5382591838951627, 0.2768088873131437, -0.796023800433739], [-0.8037199143185515, 0.11561533673588614, 0.583667193903536], [0.2535968262425492, 0.9539444081370294, 0.1602457983967109]], "T": [0.0025484742317080783, -0.0737435411403694, 0.15249455420444133], "aligned_model": [[-0.32765345452629957, -0.4015005686088104, -0.30086548856028467, 0.36754249848218196, 0.244944789097508, 0.7690748828473754, 0.15508472514837474, -0.6213350310029364, -0.16612161835049005, 0.35099035824904906, 0.4473637459243671, 0.05131406652028945], [-0.5916050111318362, -0.5083515972328683, 0.005891071543998913, 0.21648825325032994, -0.5731233352116167, 0.04181156135223957, 0.6364652283192699, 0.06477885225672003, 0.3562221156965618, -0.45479863029722567, 0.1614896894903273, 0.023943165049115422], [0.5151783833293356, -0.1564925383143884, -0.49286923199983, -0.5720331412186667, -0.44309603229065386, 0.02073515631489148, 0.022318257451062945, 0.16740060747375246, 0.5764728653538953, 0.4173580395778156, 0.7186664188782734, 0.09875942029904769]], "inverted": true, "swapped": false, "error_lsq": 0.038420397667170994, "error_max": 0.23957103237351218, "target": "105.xyz", "model": "13.xyz", "model_rescale": 3.9028299243045295, "target_rescale": 3.6671296229150614},
{"mapping": [7, 10, 5, 12, 14, 1, 2, 4, 3, 9, 6, 15], "R": [[-0.1904664896669117, 0.8981470491740149, -0.3963008886868336], [0.19265856690285038, -0.3616425339681444, -0.9121937043326049], [-0.9626033414199768, -0.2500930940372193, -0.10415493940273018]], "T": [0.032169146183717204, 0.09162942430538693, -0.018468817652736086], "aligned_model": [[-0.24612514213082082, -0.3794798387296298, -0.29490357273486023, 0.35337171970482195, 0.26316864938438783, 0.660431770090594, 0.26973545908643237, -0.631306704327835, -0.18768657524188753, 0.33822684422963784, 0.37294479995851754, 0.05046149593096655], [-0.5417257806780361, -0.5257157930091171, 0.12848992151190194, 0.15339910992216588, -0.6984507485248318, 0.20886068623528795, 0.7802464092554197, 0.05470767042157121, 0.28611663313688285, -0.5210081479166125, 0.05317697313510977, 0.0011144295952740385], [0.5663742632237342, -0.08762514728129003, -0.41059962993360044, -0.6326786365771079, -0.3432198034935309, 0.09875601918133892, 0.08885622401005586, 0.11494727493291867, 0.5315563023149905, 0.3446418363253989, 0.5531968407898469, 0.048192661361781144]], "inverted": false, "swapped": false, "error_lsq": 0.03974539586227109, "error_max": 0.21667125650976718, "target": "105.xyz", "model": "14.xyz", "model_rescale": 3.942246331269136, "target_rescale": 3.6671296229150614},
{"mapping": [3, 5, 0, 7, 9, 6, 8, 1, 13, 10, 11, 14], "R": [[0.320611056716141, 0.8258249196600874, 0.4639199848893877], [-0.8531208848919042, 0.038945387708025, 0.5202576405373847], [0.411574180522314, -0.5625801799252101, 0.7170148081334891]], "T": [0.021503804274308633, -0.09412140025239182, 0.1600439713749669], "aligned_model": [[-0.5259248441955137, -0.3440914804974535, -0.2677423193653145, 0.3381170631091625, 0.4685927916813732, 0.5292616047046499, 0.25234390522760436, -0.7805600435001564, -0.0936112682304155, 0.4983418289010415, 0.5413137919849491, -0.04720212459960227], [-0.4380058398704131, -0.5169249330457183, 0.3005336656135722, 0.10608900353289924, -0.5597396437288585, 0.05294506261123713, 0.6141968059403368, -0.12817497349844245, 0.3445548819488894, -0.565247626973091, 0.22398808210041585, -0.055003121545811565], [0.47407151399463887, -0.14055013801384159, -0.38886543992533246, -0.6084944770289784, -0.321072848964519, -0.02255630502499753, -0.049333899603747094, 0.0497018940743556, 0.8347598271406442, 0.40431040953042374, 0.5378203054273301, 0.10260736324855921]], "inverted": false, "swapped": false, "error_lsq": 0.0489269722842318, "error_max": 0.2932293967173235, "target": "105.xyz", "model": "15.xyz", "model_rescale": 4.355366556412066, "target_rescale": 3.6671296229150614},
{"mapping": [6, 10, 1, 9, 7, 5, 0, 8, 2, 3, 4, 11], "R": [[0.8335863591698275, 0.07229097012422284, -0.547638382004485], [-0.1278117145244755, 0.9897379522361006, -0.06389797754079782], [0.5373992439856101, 0.12325908299995195, 0.8342716889729064]], "T": [0.04467570234571922, -0.04346227273414335, 0.016530630265765768], "aligned_model": [[-0.22898521472278022, -0.3679939951959633, -0.2565886602085781, 0.2354841794039507, 0.4746952649561437, 0.6778493177423243, 0.3397346911728203, -0.7121636395735088, -0.36123561398163884, 0.4310878194212256, 0.28711914418794227, 0.04983561201838734], [-0.5000047812406753, -0.48096677072341454, 0.31284677802401384, 0.07233433792722746, -0.6919978379067592, 0.048551509742321336, 0.596009266938923, -0.024436618647134638, 0.5361609329346746, -0.5134455589184533, 0.09731033624062357, -0.07315023128633139], [0.6432479536223978, -0.17196163365851655, -0.26074343561018515, -0.690671445009802, -0.424996171025313, -0.06337255187965526, 0.10558343284340271, 0.1342945925917796, 0.463742374825987, 0.2631444890079977, 0.7346768418458847, 0.13945375730055803]], "inverted": true, "swapped": false, "error_lsq": 0.04714252887961748, "error_max": 0.23137692580929295, "target": "105.xyz", "model": "16.xyz", "model_rescale": 3.795458400668931, "target_rescale": 3.6671296229150614},
{"mapping": [11, 10, 5, 1, 2, 0, 6, 9, 8, 4, 7, 12], "R": [[-0.547436881246436, 0.6326427227760385, 0.5477919736265732], [0.8342202298207635, 0.4643782004638849, 0.2973709721740117], [-0.06625306943054354, 0.6197709837128911, -0.7819811113694417]], "T": [0.14607724072097208, -0.02693194860295571, 0.17747299433840763], "aligned_model": [[-0.3208434846827365, -0.287411261966827, -0.2322794635619461, 0.38426987436410665, 0.3083565293400034, 0.6511505539875491, -0.0004219437708083973, -0.7178154023965964, -0.21708756269239635, 0.35227909421525505, 0.5541697905811714, 0.09447218180354956], [-0.34666124998101877, -0.5281772452779433, 0.16874171403358118, 0.16159698104345005, -0.4912481519754975, 0.19986627874591467, 0.6065112011250636, 0.10930747932956071, 0.3370163867817092, -0.6269389781213981, -0.03585419327264417, -0.17494885934576204], [0.7563499927169754, -0.13835058560903718, -0.4714758681302766, -0.6115249296121998, -0.3320598704426348, -0.03341536419672164, -0.00870868046786255, -0.004390136830546482, 0.6171771074044499, 0.2913507732430342, 0.6919198272031954, 0.11552593957615995]], "inverted": true, "swapped": false, "error_lsq": 0.045988477138891454, "error_max": 0.24469797175347383, "target": "105.xyz", "model": "17.xyz", "model_rescale": 3.7474275329858107, "target_rescale": 3.6671296229150614},
{"mapping": [7, 1, 0, 8, 3, 10, 4, 2, 9, 11, 12, 13], "R": [[-0.942988400856985, -0.2313663239228273, 0.23925404908511755], [0.33213980651041164, -0.7002983472338615, 0.6318744921206652], [0.02135473672075522, 0.675316110437149, 0.7372191846416017]], "T": [0.06258257188727993, -0.029711970603425748, 0.10712720643637635], "aligned_model": [[-0.18971783570687434, -0.28505929042378153, -0.4144840755010552, 0.4002497776899331, 0.3242987473476485, 0.7468194110127159, 0.06821603668769909, -0.6470495586432381, -0.11102263282961543, 0.32482540443493213, 0.3843164394097562, -0.03255351825779562], [-0.414295517774688, -0.5671560619618048, 0.17488871958160687, 0.21105634519715358, -0.44117591948563034, -0.11501751908216841, 0.7575444130511738, -0.014870628737435321, 0.4300871592868686, -0.6816988963724787, 0.040225787716560366, -0.00037651833414226524], [0.7036666281088173, -0.15520350286495588, -0.5483789814111004, -0.48012565856360073, -0.36488046678715763, 0.07578583049610003, -0.15635234208690119, 0.11301768180067469, 0.5611868488881233, 0.2740954884831708, 0.7785681582435362, 0.07101852054782891]], "inverted": false, "swapped": false, "error_lsq": 0.04626965834708655, "error_max": 0.25119689570989306, "target": "105.xyz", "model": "18.xyz", "model_rescale": 3.922800546911778, "target_rescale": 3.6671296229150614},
{"mapping": [7, 3, 5, 1, 2, 6, 8, 12, 13, 9, 4, 14], "R": [[-0.45025649177781024, 0.7285161309183489, 0.5162686690122675], [0.6974628187478992, 0.6479679731906351, -0.30607698734706557], [-0.5575075856669343, 0.22226505058371127, -0.7998647005668187]], "T": [0.09231587352756036, -0.022163915090583113, 0.05877279253687526], "aligned_model": [[-0.36917480623725946, -0.34614329261745325, -0.3743765459264777, 0.4615744452934509, 0.4323663582754334, 0.6868614167173627, 0.06581835720776923, -0.6840557080046087, -0.1235036646473147, 0.22762908572666563, 0.5486278131305337, 0.04321544630222292], [-0.4708045330309518, -0.4609782011985762, 0.2546409577127865, 0.0743676684669529, -0.6000061092385887, 0.3197836249652231, 0.5877727476125185, 0.07248612131584338, 0.2544031403284699, -0.8069690374168854, 0.24332802857864458, -0.08881304501042116], [0.5320158246915433, -0.0972554918094479, -0.4779869006240043, -0.5755085208321495, -0.193403790977022, -0.014406773163101988, 0.017958540845778387, 0.14185457492034456, 0.6493202822606091, 0.22763498632145618, 0.5539097238141464, 0.10826574940638366]], "inverted": true, "swapped": false, "error_lsq": 0.04931339092375028, "error_max": 0.26984021896160454, "target": "105.xyz", "model": "19.xyz", "model_rescale": 3.9282355846067225, "target_rescale": 3.6671296229150614},
{"mapping": [8, 4, 5, 1, 0, 10, 2, 6, 7, 11, 12, 13], "R": [[0.03145004971027582, -0.6810075147257191, 0.7316007512710201], [0.902935418432192, -0.29453414008214823, -0.3129812621655681], [0.42862398966215576, 0.6704315067276965, 0.6056426919173774]], "T": [-0.062435447229663786, -0.07910889543880324, 0.14447158194338863], "aligned_model": [[-0.4149194836037622, -0.199945885309866, -0.3793182067859524, 0.202094847051532, 0.3277206902161006, 0.7815471969281353, 0.2899782612960735, -0.7024131823197256, -0.1475551625227478, 0.40144366381035357, 0.36381408767585166, 0.04639207878433201], [-0.5885380211159473, -0.672373028071241, 0.3556653758874899, 0.08943236000007788, -0.5077388258243692, 0.09378887105238416, 0.601266810974191, 0.04153467260735183, 0.4566278524433183, -0.624123838786086, 0.19841890324928968, -0.064749769331444], [0.5858994346457637, -0.024337165728894106, -0.30077756397075484, -0.5360564225716369, -0.4071184464181704, 0.13863997031074413, -0.15819933923344578, 0.09234018895268029, 0.45080236299017673, 0.17820662596049472, 0.825708692071528, 0.02728986784605006]], "inverted": false, "swapped": false, "error_lsq": 0.042378829573944406, "error_max": 0.19752925214956685, "target": "105.xyz", "model": "20.xyz", "model_rescale": 4.067790424073018, "target_rescale": 3.6671296229150614},
{"mapping": [10, 11, 6, 2, 3, 0, 4, 13, 5, 12, 7, 14], "R": [[0.4140719214056331, -0.10010310764318414, -0.9047230580368917], [-0.8357131897891049, 0.35209065816581664, -0.421444697255621], [0.3607324608570279, 0.9305974082666144, 0.06213336793940606]], "T": [0.05024409677654264, 0.00610247635001341, 0.15519277528975434], "aligned_model": [[-0.37767645275988004, -0.2800120116018765, -0.2737023323677595, 0.4446125262472713, 0.3084964175963872, 0.7571114113069318, 0.0715273931022787, -0.6140842076776952, -0.27551798811042183, 0.2573036468061947, 0.5288342232623348, 0.021946279416559144], [-0.4931088840467427, -0.5010404782421363, 0.15169502737032128, 0.23171988541659472, -0.4768543680932202, 0.022314808241651198, 0.740584686155235, -0.08145858772547779, 0.4721202661522592, -0.7294542081048785, 0.09498499175225011, -0.05229177579084045], [0.6440269419443927, -0.07233564154083619, -0.49397470912965685, -0.43412230011711667, -0.49580910016639107, 0.08785935517618687, -0.16504994439865356, 0.35798446406452433, 0.3138515427620061, 0.2108396403670627, 0.7206265437320636, 0.19850141216095418]], "inverted": false, "swapped": false, "error_lsq": 0.05238005096464598, "error_max": 0.3076144424017483, "target": "105.xyz", "model": "21.xyz", "model_rescale": 4.186013935880536, "target_rescale": 3.6671296229150614},
{"mapping": [10, 7, 6, 0, 1, 2, 5, 4, 11, 9, 8, 12], "R": [[-0.313055202649576, -0.5705789641194686, 0.7592338808288175], [-0.9253231664718625, 0.36332718517952, -0.1084914471283917], [-0.21394737129611752, -0.7365005106677665, -0.6417113993857366]], "T": [0.0353560800207697, -0.007274045277148401, 0.08261763760773747], "aligned_model": [[-0.43712330622132356, -0.32665902557503435, -0.3193335554250264, 0.2760565064115448, 0.3798168536843374, 0.7355539237792854, 0.30792393841495314, -0.6832796401880663, -0.13515938894886095, 0.22935250043989747, 0.5408511943526808, 0.0008389044959373065], [-0.6029674418604518, -0.5594321782429391, 0.13525333317118673, 0.05755709326397695, -0.5087348043151317, 0.22855706757453034, 0.6922940456422463, -0.024065762667894834, 0.2935707920542567, -0.4493672579979258, 0.09353854308719825, 0.023007933375963654], [0.4264374152256162, -0.2373670485899684, -0.32202301521544074, -0.5953563067419934, -0.3235930447782528, 0.020925914726500322, -0.10406397598250841, 0.18700580089966698, 0.6111844142830848, 0.47296330540631637, 0.6500501376616775, 0.08623460795983687]], "inverted": true, "swapped": false, "error_lsq": 0.04316262378139804, "error_max": 0.25258424466644624, "target": "105.xyz", "model": "22.xyz", "model_rescale": 4.166573947596378, "target_rescale": 3.6671296229150614},
{"mapping": [6, 1, 3, 8, 0, 10, 9, 2, 12, 5, 14, 15], "R": [[-0.5308569130707325, 0.12149154594110484, 0.8387077811191772], [0.6774392287264007, -0.5337916254144077, 0.506105317122854], [0.5091827071175854, 0.8368430587047284, 0.201063835311381]], "T": [0.03951897482279725, 0.040864350474969856, 0.05870237717219789], "aligned_model": [[-0.3893594395088265, -0.2441514690960564, -0.339573537569922, 0.33854075626113117, 0.16885096713751535, 0.777129885185183, 0.20472846301871617, -0.6026639462070741, -0.17130825981352105, 0.33248558027094227, 0.4674340329986349, 0.02672587254360185], [-0.38233288346871586, -0.6089980123823341, 0.34542159351375434, 0.19136774000485118, -0.5930910604618861, 0.047493913945204934, 0.6073090677609366, -0.14594076891579508, 0.26249783771445273, -0.6924175221890783, 0.37472405373652196, -0.02682259617289725], [0.5235411006771028, -0.014160847128843336, -0.2947950128838749, -0.6775135179201645, -0.4394236465866524, 0.1884229495832282, -0.052182128287121494, -0.015555164505640671, 0.6381951119833306, 0.31856819738686887, 0.6343795130259018, 0.06292164951040054]], "inverted": false, "swapped": false, "error_lsq": 0.04297859938406334, "error_max": 0.23267504116552257, "target": "105.xyz", "model": "23.xyz", "model_rescale": 4.274766983524099, "target_rescale": 3.6671296229150614},
{"mapping": [7, 1, 0, 8, 9, 10, 6, 5, 3, 4, 11], "R": [[0.2095651423824258, -0.08579898180327329, 0.9740230930628676], [-0.012883603017071435, 0.995813984991323, 0.09049044186542494], [-0.97770980555149, -0.031512569194258405, 0.20758249953029506]], "T": [0.08373146000828252, 0.015090678316949241, -0.01652966479109398], "aligned_model": [[0.1016495044196398, 0.21926607256146247, -0.473138317020868, -0.39393028580074324, -0.3887254538969755, -0.6644027124587051, 0.08466055096574455, -0.13285652540114862, 0.6989943899811957, 0.353571373461478, -0.0251938928530053], [-0.007802914578987588, 0.5652294366810683, 0.48613765757128846, -0.4376439601983608, 0.6372479031732343, -0.23454974335507434, -0.633029036625513, -0.0489041689145996, -0.05026228485298512, 0.581297726588254, 0.057865915755159106], [-0.7320858159461812, -0.2494010269050475, -0.4845152283844354, -0.32500227756502165, 0.20573939995424584, 0.30975385496477353, 0.2245972029818779, 0.6575879551424091, 0.41796168582775234, 0.37556902825178784, -0.020638344300583342]], "inverted": true, "swapped": true, "error_lsq": 0.05309124581531833, "error_max": 0.30776538314675966, "target": "105.xyz", "model": "24.xyz", "model_rescale": 3.7841303162186577, "target_rescale": 3.6671296229150614},
{"mapping": [6, 11, 10, 14, 13, 12, 9, 7, 8, 3, 2, 15], "R": [[-0.6351166827633711, -0.20466154774981982, 0.7448090024619063], [-0.7717108026594721, 0.2093291698689207, -0.6005362068190908], [-0.03300358062884873, -0.956187716672117, -0.29088797526030236]], "T": [-0.05386040225696095, 0.025638102923143773, 0.2019096840759606], "aligned_model": [[-0.28877080194799987, -0.2902066662871411, -0.4028566089008998, 0.32639473965358223, 0.32641816005902013, 0.677548227182217, 0.28106162143552865, -0.6724276231378227, -0.10757487316297218, 0.29701652543804474, 0.48676745432686047, -0.06453124943809246], [-0.5842995617919685, -0.5728013166299585, 0.3107660551043109, 0.20138865828476296, -0.4510867079391755, -0.012017260384441515, 0.4479914889353251, -0.11098014233944009, 0.4960875213479782, -0.6822815036199814, 0.3747498112306834, -0.03830567911307917], [0.5098376001892946, -0.2169438389683233, -0.4322502357473547, -0.4717495262457246, -0.28811242463161274, 0.004944212928825825, -0.025214871830917168, 0.055227686498347084, 0.5558162875151805, 0.3591900068003618, 0.5951469708830439, 0.2265063374634141]], "inverted": false, "swapped": false, "error_lsq": 0.042915393594999324, "error_max": 0.2252183939146666, "target": "105.xyz", "model": "25.xyz", "model_rescale": 4.19342608120988, "target_rescale": 3.6671296229150614},
{"mapping": [6, 10, 1, 9, 7, 5, 0, 8, 2, 3, 4, 11], "R": [[0.8335863591698275, 0.07229097012422284, -0.547638382004485], [-0.1278117145244755, 0.9897379522361006, -0.06389797754079782], [0.5373992439856101, 0.12325908299995195, 0.8342716889729064]], "T": [0.04467570234571922, -0.04346227273414335, 0.016530630265765768], "aligned_model": [[-0.22898521472278022, -0.3679939951959633, -0.2565886602085781, 0.2354841794039507, 0.4746952649561437, 0.6778493177423243, 0.3397346911728203, -0.7121636395735088, -0.36123561398163884, 0.4310878194212256, 0.28711914418794227, 0.04983561201838734], [-0.5000047812406753, -0.48096677072341454, 0.31284677802401384, 0.07233433792722746, -0.6919978379067592, 0.048551509742321336, 0.596009266938923, -0.024436618647134638, 0.5361609329346746, -0.5134455589184533, 0.09731033624062357, -0.07315023128633139], [0.6432479536223978, -0.17196163365851655, -0.26074343561018515, -0.690671445009802, -0.424996171025313, -0.06337255187965526, 0.10558343284340271, 0.1342945925917796, 0.463742374825987, 0.2631444890079977, 0.7346768418458847, 0.13945375730055803]], "inverted": true, "swapped": false, "error_lsq": 0.04714252887961748, "error_max": 0.23137692580929295, "target": "105.xyz", "model": "26.xyz", "model_rescale": 3.795458400668931, "target_rescale": 3.6671296229150614},
{"mapping": [0, 3, 9, 11, 10, 5, 8, 2, 1, 7, 6, 12], "R": [[0.8417908251389457, -0.0930836111064802, -0.5317176394057951], [-0.5394165493398464, -0.10774671740223726, -0.8351170164637625], [0.020444877358075986, 0.9898111366480074, -0.1409110384511918]], "T": [-0.005768130448192112, 0.031583470477828356, -0.05536803656738061], "aligned_model": [[-0.35692119507022374, -0.30746073737956214, -0.39273291301241703, 0.2433549348780634, 0.469631154721985, 0.6960742498297204, 0.4456230554087752, -0.8436960774650212, -0.1957992153966008, 0.34784389689237505, 0.38591985464899903, 0.07700189716423131], [-0.39887222654223825, -0.6422016974354824, 0.07077978566909074, 0.2820177563001295, -0.3913503164796322, -0.061485834197785506, 0.5946530629173821, -0.0217474867364729, 0.4318779335205547, -0.650885245328289, 0.2521468733286049, -0.0857212419308464], [0.563237338613306, -0.06383427958555557, -0.2372916360421538, -0.6772964557125896, -0.3760063998658764, 0.20078786450317126, 0.04438336195298187, 0.20895653381905022, 0.33706756345113875, 0.2080766154858722, 0.6368163805710397, 0.02750131766415094]], "inverted": true, "swapped": false, "error_lsq": 0.052033370103415015, "error_max": 0.27926341178789793, "target": "105.xyz", "model": "27.xyz", "model_rescale": 3.6321398670334006, "target_rescale": 3.6671296229150614},
{"mapping": [5, 3, 8, 12, 7, 6, 9, 0, 11, 1, 13, 14], "R": [[-0.8486910097407876, 0.4906883500971683, 0.19735377641200932], [-0.15500249811511518, -0.5875254187010162, 0.794221699501008], [0.505665695458211, 0.6434584877512414, 0.5746854609067897]], "T": [0.006365460500414005, -0.019811613823670374, 0.04829451663909991], "aligned_model": [[-0.43458649451592435, -0.31238064988081726, -0.19420425655351567, 0.40936886296030384, 0.16911561595150623, 0.7676382882330218, 0.21000107016606365, -0.5949011732223665, -0.16832829714895395, 0.18775575031012534, 0.49085039410771747, 0.03850979481316423], [-0.5723089153767681, -0.6086135770363, 0.04671900119633622, 0.20645387617774125, -0.45211270636330914, 0.13540852661909364, 0.6162531785518813, -0.06649876096576456, 0.3498437254427271, -0.5229688847439251, 0.2784490635750636, -0.03141316399176061], [0.5700966119900258, -0.10426119513873545, -0.4232721081982918, -0.6371994049241206, -0.5742129421865246, 0.03162637644008344, 0.07123530120664391, 0.2086392692294316, 0.5436356693903138, 0.44978862572307504, 0.6337791443956492, 0.10254285692698514]], "inverted": true, "swapped": false, "error_lsq": 0.04227775639049886, "error_max": 0.2549177074748827, "target": "105.xyz", "model": "28.xyz", "model_rescale": 4.156811204709835, "target_rescale": 3.6671296229150614},
{"mapping": [7, 1, 0, 9, 3, 2, 8, 6, 5, 11], "R": [[-0.644835489139737, 0.7522615502021133, -0.13523960970599513], [-0.36757330751983985, -0.46035361154883514, -0.8080621361831462], [-0.6701321179773744, -0.47135667219363486, 0.5733636124081303]], "T": [-0.1498735917337089, -0.0333814768197319, 0.03885373835758629], "aligned_model": [[-0.5869517384870511, 0.08040467371504129, 0.11487644635999217, 0.5989448821685477, -0.15104185591600466, -0.5922818831953631, -0.5074519393254926, -0.4936129587718237, 0.2643172173437016, -0.08427746978095946], [-0.1836061636377317, -0.4829698035694897, 0.08118791192368204, 0.07426812086933222, -0.41673162852790446, -0.39679771256900076, 0.5354158191417897, 0.35699782553188875, 0.3178987075639618, 0.0330572538996758], [-0.5081938057080021, -0.3076915153387111, -0.7783249235378741, -0.2567492764115472, 0.6905005083953538, 0.19732006545593622, -0.23844052878993152, 0.49453942203967005, 0.49764395963074526, -0.03181717876053977]], "inverted": true, "swapped": true, "error_lsq": 0.050685591797935005, "error_max": 0.23054965540641836, "target": "105.xyz", "model": "29.xyz", "model_rescale": 4.117894457231895, "target_rescale": 3.6671296229150614},
