[{"mapping": [0, 2, 5, 1, 4, 3, 6, 13, 8, 12, 10, 11, 7, 14], "R": [[-0.7047072433687066, 0.058459181630115875, 0.7070857269290732], [-0.6495571980984075, -0.45407186449569903, -0.6098312785286976], [0.28541749690974605, -0.8890451428113968, 0.3579603141428369]], "T": [-0.05772749361414105, 0.031896459672597084, 0.13884858750318627], "aligned_model": [[0.11745073187358927, 0.22931168056323398, -0.4658635614327199, -0.39101173655460564, -0.4901015792267734, -0.19580307796864255, -0.6510756982523347, -0.05542283163496882, -0.3084493619181673, 0.13493791094925078, 0.6016286527363744, 0.2374948886683897, 0.5961329260247316, 0.012263157300946084], [-0.6599691520859857, -0.5817173158169328, -0.4694085047294944, -0.3046376700441542, 0.2172669967136027, 0.4336691820508832, 0.19184272052633788, 0.6022803967587023, 0.647114306041292, -0.05996344619066176, 0.5483380239751086, 0.755308146137131, -0.15682132962701226, 0.07197097810121823], [0.2721343406396526, -0.37366856062736864, 0.5112921642419805, -0.340929231729053, 0.4444747618292014, -0.6234658452479206, -0.09791957611565894, 0.6924707992996405, 0.14080202321631205, 0.5856475346957174, 0.43776640441589343, -0.006909769550384387, 0.24528994247466146, 0.01060309963716008]], "inverted": true, "swapped": true, "error_lsq": 0.041237273481899824, "error_max": 0.26452115352409716, "target": "1050.xyz", "model": "0.xyz", "model_rescale": 3.8414455957264533, "target_rescale": 4.06361215229672},
{"mapping": [1, 12, 11, 8, 5, 3, 10, 0, 6, 13, 7, 9, 4, 2, 14], "R": [[0.08749338545950625, 0.21563803959659128, 0.972545702463269], [-0.03295216996820798, -0.9751288889808895, 0.21917528229543254], [0.9956199385283627, -0.05122387874649021, -0.07821158642390696]], "T": [0.12935088997093047, 0.017365129083486114, 0.010937212439635694], "aligned_model": [[-0.5163956184223588, -0.08634638757666904, -0.07354995056989086, 0.39400789060385244, -0.3206523222363445, -0.5716877649935246, -0.33157145730985993, 0.2971937019867266, 0.15325670299801172, 0.6300354126406, 0.6094272266591834, 0.7825965578021055, -0.0012815454142732496, 0.17940435228032575, 0.04756839753576565], [-0.20400505172199956, -0.6834048653615978, -0.7265866531377013, -0.4842526453031094, 0.3842751955287418, 0.272123379307458, -0.16292328704538392, -0.03418938291481642, 0.370072579252274, -0.5317586957055188, 0.32240238554575573, 0.08215221921198722, 0.4140025399082682, 0.7388664040970817, -0.01346542508971156], [-0.520574387731766, 0.22232700219085222, -0.35187458004748956, 0.5610632688448883, 0.32270138152704997, -0.22785122997017562, 0.4836188994101591, -0.6924035956004024, 0.7073947778968492, -0.13947899163249594, -0.28811794176620703, 0.19690067768462693, -0.33753253661720056, 0.15768627949979933, -0.009680739152464663]], "inverted": false, "swapped": false, "error_lsq": 0.03801834023135086, "error_max": 0.26201291256070963, "target": "1050.xyz", "model": "1.xyz", "model_rescale": 4.316132596720782, "target_rescale": 4.06361215229672},
{"mapping": [9, 7, 2, 8, 3, 11, 6, 13, 0, 10, 12, 14], "R": [[-0.3974318581424256, 0.1488057899952303, -0.9054859220315656], [-0.5167337890261711, 0.7791472758724205, 0.35484604236096945], [0.7583100351519263, 0.6089222933712328, -0.23276496992331713]], "T": [0.03091978383609261, 0.13022096623472695, -0.1988030784413149], "aligned_model": [[-0.008166684815166865, 0.4615733885903254, 0.29552786800686537, -0.5130631745102177, -0.7504505415789341, -0.48571132332223366, -0.4313614911326651, -0.07645430751151078, 0.6823497869028082, 0.04941097495247989, 0.4214818270950552, -0.04732776804502562], [-0.6891344769627175, -0.27007128202725844, -0.5688197898723688, 0.44153247827740216, -0.2279886867924082, 0.0009143355183817148, 0.3908467847715315, 0.6572964576289266, -0.0527157385956068, 0.028950876402001446, 0.30004113951638745, 0.001924329876708708], [-0.0657052314997969, 0.16005790175877332, -0.6024263721243167, 0.02148299271612711, -0.34965313930220093, 0.39119549455199226, -0.5887700861960495, 0.3864344215754916, -0.46205892460352543, 0.6844956949607854, 0.05380313435858336, -0.17959742498644143]], "inverted": false, "swapped": true, "error_lsq": 0.05430363973311817, "error_max": 0.28754275297513326, "target": "1050.xyz", "model": "2.xyz", "model_rescale": 3.795458400668931, "target_rescale": 4.06361215229672},
{"mapping": [9, 3, 11, 4, 7, 12, 8, 2, 6, 5, 10, 14], "R": [[0.8637848637600143, 0.3715513203585568, 0.34033119968481707], [-0.03546347848794912, -0.6289401258514807, 0.7766444873862549], [0.5026112322985117, -0.6829230809057026, -0.5300924586651227]], "T": [0.17061406573346355, 0.036122610233197405, 0.1261646518668515], "aligned_model": [[0.010992031849609563, -0.18715547335701604, -0.615258938671067, 0.15823907229193812, 0.125088841934614, 0.2069830084388224, -0.31913789209120186, 0.6268628524126363, 0.21719186887419129, 0.7960296352360485, -0.5304624343120456, 0.1039312531370357], [-0.07655250192413421, -0.7348359077877051, -0.045144359357004504, 0.025953296814527183, 0.5066633975069631, 0.5243355014935123, -0.19850680120042058, -0.13225424419523285, -0.5049386191122194, 0.20754228386569137, 0.552449757139552, -0.03894275795381988], [-0.681555136542773, -0.07190958222920152, 0.03941488318236511, 0.6869323300967061, -0.37483079314883666, 0.2004140454460236, 0.5088529437503412, -0.5703075009557805, 0.4987063488159457, 0.49503671093078566, -0.05470075883616016, 0.01271794012968494]], "inverted": true, "swapped": true, "error_lsq": 0.04379075938055494, "error_max": 0.2677690776450155, "target": "1050.xyz", "model": "3.xyz", "model_rescale": 3.7530521520055578, "target_rescale": 4.06361215229672},
{"mapping": [13, 5, 12, 0, 10, 1, 11, 6, 3, 9, 14], "R": [[-0.28683556083348455, 0.19450481037837203, 0.9380262468508085], [0.4579339277795481, 0.88789274155556, -0.04407944284297441], [-0.841440359639194, 0.41691049187160656, -0.34374956427265335]], "T": [-0.06870834628743419, -0.020800529715184132, -0.07984896022127262], "aligned_model": [[-0.29223800373558984, -0.15874882668755563, 0.17994426127307192, 0.42364942312930554, 0.28878918022342426, -0.24024595737982082, -0.1645968813650356, -0.683934302098878, -0.44196145681319565, 0.4642676455300413, -0.036725479630562205], [-0.779179354350529, 0.18899874023184143, -0.3184352446771221, 0.3025433907312053, -0.7694610715003565, 0.6301661682812151, -0.49903385481334683, 0.21030066707699752, 0.2643492090414652, 0.21939470054542343, 0.0175600077475528], [-0.16192667420567158, -0.7901115266441345, -0.3877011273989998, -0.5043051575062159, 0.24033409687237856, -0.043276170277998655, 0.5477054177980483, -0.037501330429070015, 0.6556652978272008, 0.510768491853762, 0.06317945935601714]], "inverted": true, "swapped": true, "error_lsq": 0.048425438467916554, "error_max": 0.22460176129348394, "target": "1050.xyz", "model": "4.xyz", "model_rescale": 3.7855080009869324, "target_rescale": 4.06361215229672},
{"mapping": [3, 0, 2, 11, 7, 5, 4, 9, 6, 14, 15, 13, 10, 8, 16], "R": [[0.5913228654728006, -0.15526500246717623, 0.791346983173566], [0.11974491912331021, 0.9873174378486848, 0.10423737939943026], [-0.797495092845836, 0.03312183462274762, 0.6024155716430605]], "T": [0.13144345711286232, -0.07123048889523141, 0.0527826517555911], "aligned_model": [[-0.2673676496247707, -0.4998353094027198, 0.06418884936849811, 0.4808689665839773, -0.3425425462798583, -0.6533940347139491, -0.3881308552139031, 0.15934857503403244, 0.13883164611211068, 0.5994767577367714, 0.6551326356933009, 0.7716979626588364, -0.09600951133711594, 0.4130921368490809, 0.15664757251935862], [-0.25251014088757595, -0.526384495007432, -0.6637194939822337, -0.3176131697379357, 0.44646517514480377, 0.04903948360324566, -0.14242368455909699, -0.08755454580307016, 0.1760158463970472, -0.3561348381558383, 0.36472606154193155, 0.08988605121864633, 0.4851689312660269, 0.5724688310129388, -0.0941213154797294], [-0.4862015727959991, 0.10565828874554578, -0.3833587062544669, 0.7233299030451286, 0.31488557027778435, -0.10427940527130136, 0.5742947290142904, -0.6584619255938027, 0.6568453408987065, -0.3440444388170523, -0.410908664805902, 0.3510832845159189, -0.35910217008395345, 0.09321878307677939, 0.01121926858434754]], "inverted": false, "swapped": false, "error_lsq": 0.04433018966722437, "error_max": 0.27293363000044285, "target": "1050.xyz", "model": "5.xyz", "model_rescale": 4.2253639853439635, "target_rescale": 4.06361215229672},
{"mapping": [6, 3, 10, 13, 11, 7, 12, 4, 2, 1, 9, 0, 5, 14], "R": [[0.8223723633217075, -0.2719165671774734, -0.49976502132411027], [0.43275135606333887, 0.8692077357146386, 0.23917394506754366], [0.36936426447344783, -0.4129640331412042, 0.8324846830192969]], "T": [0.11109694364914707, -0.051950699838035484, 0.047756113330919114], "aligned_model": [[0.5866693496143116, -0.0273000100601819, -0.48026399342499776, 0.2132272399000389, -0.28901988018367036, -0.4576230725859088, 0.07098015072380512, 0.5926430620045962, -0.24875287959982317, 0.3202023159662638, -0.6290968998709743, 0.05784222851720269, 0.6622723201520211, 0.0022822216051007482], [0.0005371003449273284, 0.059347028374691004, -0.7008252228346353, -0.8328352794627951, -0.5892804611865256, -0.012487560582448327, -0.24469001655689945, -0.3397531618695434, 0.7166808961200097, 0.5233176233099411, 0.27242146940252476, 0.4264899495203708, 0.18472197318731914, -0.018545191131946213], [-0.404770105940803, -0.8066843940898153, 0.18941900136448425, 0.15559569993551245, -0.3799230615421425, 0.4343797264099832, 0.5021014647424495, 0.04790806986694457, 0.0838220877873933, -0.234841944932913, -0.14584631699075198, 0.5912531305867502, 0.49136369354402676, -0.052218841809670374]], "inverted": true, "swapped": true, "error_lsq": 0.042819512010654, "error_max": 0.2520745417382472, "target": "1050.xyz", "model": "6.xyz", "model_rescale": 3.89814844738969, "target_rescale": 4.06361215229672},
{"mapping": [13, 4, 6, 10, 3, 5, 12, 11, 7, 0, 1, 9, 14], "R": [[0.28082474411112845, -0.33778016848447645, 0.898355175236119], [-0.8442584884897034, -0.5321206250200614, 0.0638376459570732], [0.4564702265296179, -0.7763711729623003, -0.4346064128440139]], "T": [-0.0772499033637646, 0.14884856536338792, -0.05700552330011728], "aligned_model": [[-0.13782816137383735, -0.004326093673185108, 0.42900175658609774, -0.2645004561576723, 0.7473482118477464, -0.45748452492191866, -0.524359181875235, 0.3191231866327705, -0.5338740106246339, -0.6430930398307837, 0.204597422426828, 0.007352156512787408, 0.006674535355258374], [-0.4221157420467801, 0.1950056744366659, 0.4504237972643291, -0.7167953019376643, 0.1255323457387786, 0.6789606496543936, -0.01340530466383305, -0.5371183161052937, -0.1347392169190667, 0.5278341502834083, 0.7269061687688261, -0.025531519986761814, 0.10882388098348394], [-0.6067061098626335, -0.6113236482135972, -0.35105602561868704, 0.023070714247239374, 0.22778173785244737, -0.41894301196321904, -0.1946807729395441, 0.006744243912949699, 0.3737496378122612, 0.19463310398961303, 0.14531070188636097, 0.7510911345863591, 0.06260332514674545]], "inverted": false, "swapped": true, "error_lsq": 0.043164729581275166, "error_max": 0.2655215026076674, "target": "1050.xyz", "model": "7.xyz", "model_rescale": 3.7474275329858107, "target_rescale": 4.06361215229672},
{"mapping": [1, 4, 13, 9, 3, 2, 8, 12, 5, 12, 10, 7, 0, 6, 14], "R": [[-0.5412713608450236, 0.470172768527012, 0.6971103798284897], [-0.8408065050819917, -0.2944114430338479, -0.4542756027155037], [-0.008350744923845965, -0.8320213158004861, 0.5546808047091992]], "T": [0.11406403495438644, -0.04151188445136521, -0.021016162710576235], "aligned_model": [[-0.35460636652491895, -0.37020677341307967, 0.04961160340394993, 0.45767635717301824, -0.28492200475959945, -0.7231929831546409, -0.26598106435066265, 0.373606564445516, 0.15681311798584663, 0.373606564445516, 0.7361888856791783, 0.6476919261652418, 0.016495327780922775, 0.3078170728228692, 0.07140696828449299], [0.08748135337698888, -0.6216233709392441, -0.8942762973685656, -0.2890493678535544, 0.48319907882276414, -0.12025597740338743, -0.19649718051545073, -0.3347158486411072, 0.28660732875255923, -0.3347158486411072, 0.30056318864276965, 0.1960317482934889, 0.5306211598060232, 0.7288849718440714, -0.07894624160452088], [-0.5941746219708728, 0.18190819081425386, -0.2980550928662269, 0.6122264498944416, 0.2611594601165866, -0.05829282165674895, 0.523736621912566, -0.4977883615310635, 0.6142253361292702, -0.4977883615310635, -0.2878656974048681, 0.3292579131047068, -0.33303757972587295, 0.1684212742563211, -0.03975442500540613]], "inverted": false, "swapped": false, "error_lsq": 0.05206909325635981, "error_max": 0.3529044391565855, "target": "1050.xyz", "model": "8.xyz", "model_rescale": 4.019505241142653, "target_rescale": 4.06361215229672},
{"mapping": [12, 7, 0, 5, 4, 1, 2, 13, 8, 11, 9, 3, 14], "R": [[-0.6247092958441407, -0.41696470517473155, 0.6602111255685316], [0.3596608564218941, -0.9041172543324343, -0.23068606107922962], [0.6930962155745678, 0.09334037206337675, 0.7147763362753994]], "T": [0.0528182514717757, -0.13946415602287354, -0.006321976369256493], "aligned_model": [[-0.2911168894550366, -0.5336425312382171, -0.02576916643014883, 0.3498990239617626, 0.2677557133703815, 0.6174802366736345, 0.13730221487665573, -0.29636707814635344, 0.1548610494386803, -0.2845363671220515, -0.2386514897273605, 0.42417970222446627, 0.03830635331476323], [-0.3879560767259651, 0.139714709477336, 0.05268957263563395, -0.4786900950905599, -0.6531022826126058, 0.2062435777865873, 0.6124104237495787, -0.7756497297023375, -0.45415768791586025, -0.11054329047813591, 0.6299231367972283, 0.29617356492411984, -0.013677594730961196], [-0.26156281129595593, -0.23567002152730107, -0.7020456928820719, -0.6006827354398557, 0.06219595362984687, -0.13345721198895324, -0.39250102335423087, 0.3179899444241241, 0.56979738454069, 0.7127619315403467, 0.11061695983950759, 0.6524040143170872, 0.07685680224064514]], "inverted": false, "swapped": true, "error_lsq": 0.04954673030333796, "error_max": 0.2579809039330677, "target": "1050.xyz", "model": "9.xyz", "model_rescale": 3.877068213659057, "target_rescale": 4.06361215229672},
{"mapping": [7, 0, 1, 12, 9, 8, 11, 4, 10, 5, 13, 6, 2, 14, 15], "R": [[-0.68865394360076, 0.48239655938171666, -0.5413402861969566], [0.4125334160046177, -0.3533105284471095, -0.8396355466319808], [-0.5962985214158106, -0.8015392878612414, 0.044303988220156465]], "T": [0.17182038459052315, 0.009759005639715403, -0.009992764272807531], "aligned_model": [[-0.3039320700703251, -0.16788472719006617, -0.1472121718316153, 0.41294750590083884, -0.2783280463496991, -0.5974798850297361, -0.20574908765331903, 0.3145291642876202, 0.14972617382616651, 0.3612640292595898, 0.655525265507988, 0.6858049692580864, -0.027423194714158522, 0.20324354361220634, 0.13697372717007328], [-0.10015595059427987, -0.6441754020278729, -0.6856846019721615, -0.4795428323346846, 0.47781191048490307, -0.047758466172161534, -0.15011987468596907, -0.09425250627943066, 0.35199917312093704, -0.7361433662613164, 0.5757660703625219, 0.09003159248475459, 0.4847751230955116, 0.7650873742852184, -0.064329546934242], [-0.6641065721816947, 0.29123184151557696, -0.4192396662500457, 0.500533080750737, 0.10806727252072637, -0.023840919625201486, 0.6036319691913968, -0.6633735792120201, 0.6109696283670395, -0.14687300144912466, -0.21808910451973507, 0.32118805288024843, -0.42834314638400517, 0.1849769442334278, 0.027445484698697214]], "inverted": true, "swapped": false, "error_lsq": 0.03997002788382227, "error_max": 0.2850670235767643, "target": "1050.xyz", "model": "10.xyz", "model_rescale": 4.260839863003843, "target_rescale": 4.06361215229672},
{"mapping": [11, 3, 1, 9, 0, 7, 10, 8, 6, 5, 12, 14], "R": [[0.2716208634749802, 0.6199512543947647, 0.7361267205444073], [0.09693987798381004, 0.7433687637618445, -0.6618198705989955], [-0.957509669184385, 0.25112411918719585, 0.1418164665363823]], "T": [-0.0011408629638950348, 0.044568773059341406, 0.07647296264160566], "aligned_model": [[0.5164006261188144, 0.25346080780143576, -0.28538477347178476, -0.4144204018169987, -0.6645487943658434, -0.38878931268613326, 0.2891219050970869, 0.6487762534341738, 0.3109227864379056, -0.22837946763843858, -0.060942841996771156, -0.017318137819316713], [0.06099887407782945, -0.6880273559983632, -0.5361083926967511, -0.13223889327408592, 0.24901178713024705, 0.4600048513849014, 0.628014634181258, -0.07919202711156897, -0.4543574395815049, 0.16905121244988708, 0.5285730056960751, -0.03265175072499014], [-0.5265254458335445, -0.32363999985262215, 0.2676268048538598, -0.6224728171442568, 0.2891311342665268, -0.31291008612919347, -0.5286325909228679, 0.016063726581572887, 0.37209599062452803, 0.7760890529879653, 0.16221166875858856, -0.052859360795051796]], "inverted": false, "swapped": true, "error_lsq": 0.0452578100041143, "error_max": 0.26682857363661, "target": "1050.xyz", "model": "11.xyz", "model_rescale": 3.890672605050136, "target_rescale": 4.06361215229672},
{"mapping": [3, 3, 8, 9, 11, 0, 1, 7, 2, 5, 13, 4, 12, 14], "R": [[-0.9926138845979823, -0.03737989017716224, -0.11541412354494236], [0.09947185305386434, -0.795374558342432, -0.5979002110650339], [-0.06944801331452431, -0.6049645078448197, 0.793218077009558]], "T": [0.008072837420099663, 0.05042853000487901, 0.1591054240508516], "aligned_model": [[0.43933385650717466, 0.43933385650717466, 0.3035425354556609, 0.4898396215076331, 0.7619377494703072, -0.4294322581702399, -0.3037125632211984, 0.24148150181592976, -0.11508810627924096, -0.7187601944145913, 0.26575859881861097, -0.21148782336984606, -0.0707463952885229, 0.11787545545484157], [-0.0070011611812350605, -0.0070011611812350605, 0.5934362772909987, -0.6224003038405326, 0.29347806074424776, -0.4319845525239782, -0.24251390151054247, -0.3715040984881847, -0.7773608947233794, 0.13334322802941379, 0.7150107635272869, 0.565575965566612, 0.11877908184965433, -0.027704783731360885], [-0.5974163838363922, -0.5974163838363922, -0.0842020225625019, 0.08302482675066125, 0.0932203593404358, 0.48003756102961725, -0.3619463571078265, 0.6510107673990482, 0.01356082481759685, 0.3055118164251992, 0.5109139000799539, 0.1254426818417093, 0.6431542131732656, 0.08989463184248692]], "inverted": true, "swapped": true, "error_lsq": 0.04680506901675153, "error_max": 0.32791396852216725, "target": "1050.xyz", "model": "12.xyz", "model_rescale": 4.124412569039231, "target_rescale": 4.06361215229672},
{"mapping": [1, 2, 9, 5, 3, 6, 0, 4, 7, 12, 11, 10, 14], "R": [[-0.8833884336553883, -0.01957390709618878, -0.46823256768925126], [-0.4622326988466351, 0.20106228765462386, 0.8636636432084225], [0.07723863929948181, 0.979382876429887, -0.18666379926243193]], "T": [0.07797275384224266, 0.015729938345592262, -0.08858866033017503], "aligned_model": [[-0.11794023289944429, -0.16525685000180157, 0.40977802815505504, -0.6256148019522381, 0.6934351083596032, 0.13985422196603492, -0.5255052812535442, -0.009567233533064753, 0.06111348655516567, -0.1256176649299583, 0.8504184925202701, 0.5975168005495236, 0.18468423397415604], [-0.19262050645328427, 0.48364485200906077, 0.6257949508941872, -0.21253912924122192, -0.24168624124066357, -0.5973291544470304, 0.401459429998821, -0.4536028940294092, 0.6955059656173349, 0.2269167574788843, 0.0660190379820068, 0.47636646767280527, 0.06955584026698622], [0.5219263326568236, 0.5773559120600502, 0.36782351259212553, -0.1858188982028387, 0.4740413090830277, 0.14386196724271705, 0.030396833887116573, -0.3831737709698277, -0.1985792611550082, -0.48751041762307884, -0.2689350188210115, -0.6441984602056706, 0.004508040423413864]], "inverted": true, "swapped": true, "error_lsq": 0.04595837592552158, "error_max": 0.25165498674077075, "target": "1050.xyz", "model": "13.xyz", "model_rescale": 3.9028299243045295, "target_rescale": 4.06361215229672},
{"mapping": [4, 3, 0, 1, 9, 7, 6, 5, 11, 8, 13, 12, 10, 14, 15], "R": [[-0.855077810851388, -0.38822192340535056, 0.3436941599402704], [-0.10613328068533662, -0.5177765035780685, -0.8489070732850788], [0.5075210972172148, -0.7623589905877155, 0.40153593282483935]], "T": [0.11679157468094242, -0.1368691250741038, 0.022926133775642836], "aligned_model": [[-0.22732967210225347, -0.3747377558576888, 0.005972008794145001, 0.2550408452944285, -0.31276740270808495, -0.7040408015771507, -0.2920404350067038, 0.3707186845201171, 0.3542408696674004, 0.6742417941518051, 0.5769893712819638, 0.7842995148694634, -0.16318124262992367, 0.2114534075990167, 0.03314600968711501], [-0.21674464626385936, -0.5197964710916969, -0.8346036790991572, -0.21661945968161303, 0.35668192613135974, 0.24186495071978562, -0.2467136360238739, -0.08150540515911424, 0.30053640305637275, -0.5676551561628984, 0.4051042387807704, 0.036406947076113666, 0.42166941158457727, 0.7357160901908358, -0.07103281748587427], [-0.5554887195171752, 0.0015951673109337247, -0.4107810545217731, 0.6527878480015794, 0.43853640946927536, -0.03557741958832928, 0.5379007287977693, -0.4181608361759201, 0.5689581150819203, -0.29358580563308595, -0.33363271504265674, 0.11592528197796095, -0.3832788965762348, 0.13555309445816438, 0.06342708649359505]], "inverted": true, "swapped": false, "error_lsq": 0.043741007406698534, "error_max": 0.3009076331292288, "target": "1050.xyz", "model": "14.xyz", "model_rescale": 3.942246331269136, "target_rescale": 4.06361215229672},
{"mapping": [9, 6, 7, 8, 4, 10, 11, 2, 13, 0, 1, 12, 5, 3, 14], "R": [[-0.8161878755887413, -0.5288813266065382, -0.2326411272944782], [0.5631451620139452, -0.818240273022375, -0.11554385359921576], [-0.12924735294088205, -0.22531621772783617, 0.9656747505172729]], "T": [0.017955782671654805, 0.02219943001949977, 0.03627238890668923], "aligned_model": [[-0.5021095167195493, -0.2724422629938394, 0.031397608487042344, 0.26766306535872625, -0.2541364314130307, -0.6779953662055824, -0.3022714436716322, 0.2997503665827128, 0.21565876306942489, 0.5827318390373211, 0.6684677691131099, 0.6843233068839122, 0.13992066310302106, 0.20420527393757454, 0.10684156141443864], [-0.24975043414745168, -0.4518782245339249, -0.7343886959468789, -0.6374930922355574, 0.4487514350100473, 0.1790203015986382, -0.21498661809814346, -0.22831156569516725, 0.24534311646524648, -0.3793997471647819, 0.4146187519104303, 0.35677652010808575, 0.2817077925339117, 0.7107808267310955, 0.002518330036178209], [-0.51485160973706, 0.09717182950515627, -0.3616889573249153, 0.35453796251085923, 0.3323858654585718, 0.04400082062178703, 0.6323498391959702, -0.6274172766328052, 0.7926124402371456, -0.20962106344454975, -0.24565431625490572, 0.3710689713650965, -0.5299073845889428, -0.05156107627908519, 0.000752239903700963]], "inverted": false, "swapped": false, "error_lsq": 0.04889353108640237, "error_max": 0.32186205493145537, "target": "1050.xyz", "model": "15.xyz", "model_rescale": 4.355366556412066, "target_rescale": 4.06361215229672},
{"mapping": [9, 7, 2, 8, 3, 11, 6, 13, 0, 10, 12, 14], "R": [[-0.3974318581424256, 0.1488057899952303, -0.9054859220315656], [-0.5167337890261711, 0.7791472758724205, 0.35484604236096945], [0.7583100351519263, 0.6089222933712328, -0.23276496992331713]], "T": [0.03091978383609261, 0.13022096623472695, -0.1988030784413149], "aligned_model": [[-0.008166684815166865, 0.4615733885903254, 0.29552786800686537, -0.5130631745102177, -0.7504505415789341, -0.48571132332223366, -0.4313614911326651, -0.07645430751151078, 0.6823497869028082, 0.04941097495247989, 0.4214818270950552, -0.04732776804502562], [-0.6891344769627175, -0.27007128202725844, -0.5688197898723688, 0.44153247827740216, -0.2279886867924082, 0.0009143355183817148, 0.3908467847715315, 0.6572964576289266, -0.0527157385956068, 0.028950876402001446, 0.30004113951638745, 0.001924329876708708], [-0.0657052314997969, 0.16005790175877332, -0.6024263721243167, 0.02148299271612711, -0.34965313930220093, 0.39119549455199226, -0.5887700861960495, 0.3864344215754916, -0.46205892460352543, 0.6844956949607854, 0.05380313435858336, -0.17959742498644143]], "inverted": false, "swapped": true, "error_lsq": 0.05430363973311817, "error_max": 0.28754275297513326, "target": "1050.xyz", "model": "16.xyz", "model_rescale": 3.795458400668931, "target_rescale": 4.06361215229672},
{"mapping": [13, 4, 6, 10, 3, 5, 12, 11, 7, 0, 1, 9, 14], "R": [[0.28082474411112845, -0.33778016848447645, 0.898355175236119], [-0.8442584884897034, -0.5321206250200614, 0.0638376459570732], [0.4564702265296179, -0.7763711729623003, -0.4346064128440139]], "T": [-0.0772499033637646, 0.14884856536338792, -0.05700552330011728], "aligned_model": [[-0.13782816137383735, -0.004326093673185108, 0.42900175658609774, -0.2645004561576723, 0.7473482118477464, -0.45748452492191866, -0.524359181875235, 0.3191231866327705, -0.5338740106246339, -0.6430930398307837, 0.204597422426828, 0.007352156512787408, 0.006674535355258374], [-0.4221157420467801, 0.1950056744366659, 0.4504237972643291, -0.7167953019376643, 0.1255323457387786, 0.6789606496543936, -0.01340530466383305, -0.5371183161052937, -0.1347392169190667, 0.5278341502834083, 0.7269061687688261, -0.025531519986761814, 0.10882388098348394], [-0.6067061098626335, -0.6113236482135972, -0.35105602561868704, 0.023070714247239374, 0.22778173785244737, -0.41894301196321904, -0.1946807729395441, 0.006744243912949699, 0.3737496378122612, 0.19463310398961303, 0.14531070188636097, 0.7510911345863591, 0.06260332514674545]], "inverted": false, "swapped": true, "error_lsq": 0.043164729581275166, "error_max": 0.2655215026076674, "target": "1050.xyz", "model": "17.xyz", "model_rescale": 3.7474275329858107, "target_rescale": 4.06361215229672},
{"mapping": [3, 2, 1, 9, 8, 13, 6, 0, 11, 4, 10, 7, 12, 14], "R": [[0.6675411628827046, 0.43800156771122245, -0.6021157883162659], [0.5788665257750131, 0.20331909981481272, 0.7896675813199253], [0.468297278653606, -0.8756802900219954, -0.11782057745835975]], "T": [0.0986717995473469, 0.04100938135602264, 0.10918730708781244], "aligned_model": [[0.42819431827471427, 0.22397016715986248, 0.6769239448910187, -0.18743889233544725, 0.15291344698177844, -0.28408407703592836, 0.6709038620029804, 0.07448612320154746, -0.2898565158094506, 0.2992476141213762, -0.7362263007154095, -0.4645982799953658, -0.22984250191063138, 0.08025473905183192], [-0.5666793600568355, 0.5335599053853436, 0.17842055896354303, 0.06911802882516424, -0.5835560012796277, -0.352531661486433, -0.27048042927606397, 0.762246099884373, -0.6371704333278388, -0.12361295284867832, -0.26268029938582904, 0.35483721977763394, 0.27889200105305323, -0.019954434716570824], [-0.4234840597363927, -0.5714605317120344, -0.20903115176994885, -0.6705156537358455, 0.32903770200277394, 0.6840473657860346, 0.20525304594438845, 0.029417787129267153, -0.035187582994786526, 0.6065662109773391, 0.1483283127703277, -0.1331276114380252, 0.3932255309535292, -0.028274645514971775]], "inverted": true, "swapped": true, "error_lsq": 0.04619342388490588, "error_max": 0.2895379969572204, "target": "1050.xyz", "model": "18.xyz", "model_rescale": 3.922800546911778, "target_rescale": 4.06361215229672},
{"mapping": [5, 3, 0, 9, 13, 12, 7, 1, 11, 2, 6, 10, 8, 4, 14], "R": [[-0.5619477049957186, 0.5136424101076775, 0.6483720007748802], [0.1282086187825938, 0.8284540142926998, -0.5451848276246971], [-0.8171764356122272, -0.2232384840055307, -0.5314012159743408]], "T": [0.060499963739370985, 0.03397342297326903, -0.06274774318640382], "aligned_model": [[-0.4108025872840649, -0.234030301482761, -0.06039957002573278, 0.3774108415155255, -0.2721734803471023, -0.7182837788777855, -0.3110158110091848, 0.44866352342758314, 0.18604554807534746, 0.5594314495321299, 0.5510207394401048, 0.7826493684756414, -0.11836760963645722, 0.3859341431193861, 0.02592272106101988], [-0.1644020094973351, -0.5155767173051163, -0.7105201621039571, -0.4600254464445996, 0.5203193747201007, -0.050606360732173804, -0.1841563918096686, -0.1399037009109432, 0.25400218225215504, -0.472797890799958, 0.42218648065225045, 0.12432186138294929, 0.48831391914978567, 0.6368610645055067, -0.004707506487268372], [-0.6293647332040149, 0.08006615590361081, -0.4226855714166659, 0.5014116301080568, 0.29025330729262483, 0.007652448504161399, 0.6100125648538349, -0.6686180433792551, 0.6028867391781572, 0.02315435695657024, -0.3533467149096323, 0.285013732798629, -0.4314912295700119, 0.1706751041767393, 0.018558537243219028]], "inverted": true, "swapped": false, "error_lsq": 0.04284696167582595, "error_max": 0.32300591873394763, "target": "1050.xyz", "model": "19.xyz", "model_rescale": 3.9282355846067225, "target_rescale": 4.06361215229672},
{"mapping": [6, 8, 11, 4, 5, 13, 12, 7, 0, 2, 3, 1, 9, 14], "R": [[-0.9221924186244457, -0.022512975540982777, 0.38607552235785025], [0.38425512917443494, 0.059450139339380925, 0.921310846910893], [-0.04369369216184553, 0.9979773779323957, -0.046173741460342754]], "T": [-0.05422634335877156, -0.07292471455649374, -0.024387595705810037], "aligned_model": [[-0.5163781068620186, -0.0555163135654736, 0.5035492475418675, -0.4154779051054192, -0.6568350423226389, 0.102978449985512, 0.04207531965339228, 0.4666192614426991, -0.1654037267775157, 0.034738049630658734, 0.04875159762740821, -0.43678537067790557, 0.5414890191390026, 0.03871833937510754], [-0.5264916806128512, -0.684300095483638, -0.622405063863235, -0.27627651368915074, 0.3345989628298908, -0.33623199239189905, 0.2508409242462396, 0.3776241713412817, 0.6259810245363144, 0.3536664042958202, -0.7575442269818543, -0.1042764916989889, 0.01691670893535127, -0.12922004403844511], [0.09559913858248886, -0.28434287882299725, -0.1610768699235597, -0.4023588899471932, -0.18986612405657008, -0.7577337833522533, -0.38645016000221194, -0.010133761418795826, 0.13778787928211922, 0.7047849039176847, 0.5069325984327592, 0.5298560506903383, 0.5480089946915113, 0.08117605917036244]], "inverted": true, "swapped": true, "error_lsq": 0.04331761189792658, "error_max": 0.31054985185560374, "target": "1050.xyz", "model": "20.xyz", "model_rescale": 4.067790424073018, "target_rescale": 4.06361215229672},
{"mapping": [4, 6, 2, 12, 13, 5, 11, 8, 10, 0, 7, 9, 5, 1, 14], "R": [[0.8245673136134001, 0.24563023161894193, -0.5096611959284383], [-0.05262864127533384, 0.930232493232111, 0.36317727717009385], [0.5633107237021973, -0.272641335549098, 0.7799664933265474]], "T": [0.06274026155555208, -0.12304056782500558, 0.01716763817960375], "aligned_model": [[-0.3638686040373261, -0.566661264792871, -0.009299140639371914, 0.5365971064153195, -0.31985881507567954, -0.2929819456636155, -0.10998035598738547, 0.17199383455485068, 0.1651100466160647, 0.5730687381199445, 0.6801160125701908, 0.6414743545050458, -0.2929819456636155, 0.2944941249974145, 0.08478305006468419], [-0.2504039438588302, -0.5118606926675592, -0.7609150752444359, -0.3271793923123738, 0.3287292927478862, 0.26114625451033757, -0.2851413514048661, 0.11409322816787493, 0.3826040973641972, -0.49151453937457323, 0.17563244630381616, 0.27018524974498936, 0.26114625451033757, 0.6623878009443884, -0.08560093285946094], [-0.6493576358941577, 0.032317946528545236, -0.35919438016808947, 0.5835605210922945, 0.3908592820734388, -0.25546456405058215, 0.618768151990496, -0.48978316447283055, 0.653666437256265, -0.31184574729113024, -0.2766104581773262, 0.3555316515191228, -0.25546456405058215, -0.03477007057654502, 0.08196487875710433]], "inverted": false, "swapped": false, "error_lsq": 0.057330242938236714, "error_max": 0.459223700639547, "target": "1050.xyz", "model": "21.xyz", "model_rescale": 4.186013935880536, "target_rescale": 4.06361215229672},
{"mapping": [6, 1, 3, 13, 12, 11, 4, 5, 9, 2, 0, 7, 14], "R": [[0.9471525811157031, 0.22427979055179906, 0.22934812760496404], [0.3054462581672036, -0.84898139325951, -0.4311996953510003], [0.09800291555620037, 0.4784654318225952, -0.8726203407515218]], "T": [0.007127928098470421, -0.11616337892998829, 0.029268936458028257], "aligned_model": [[-0.11161197232400892, -0.37187317153928434, 0.4001232934782645, 0.4123183738663149, -0.04513932782458308, 0.7946534456594331, -0.09360216820252863, -0.6803326898099196, 0.3264730669273373, -0.2989873752290556, -0.5199317087791607, 0.15094056026061708, 0.09554370893979929], [-0.3634190844198695, 0.17529743637091655, 0.14852062319047044, -0.7522293624036056, -0.2722689018595874, -0.17330126397291884, -0.6560979774205561, -0.3791918167582659, 0.6503189847845008, 0.6759552593359118, 0.20337641796088907, 0.2681334790346053, -0.006137134296397742], [-0.5694542999060381, -0.44605108468704996, -0.7036065670446046, 0.2804291798750102, 0.49626647317774897, -0.061643345705324, -0.08492835509219859, 0.1509647653151035, 0.06257958956473958, 0.008564731781327335, 0.4129784421854988, 0.5825423464514548, -0.025762314580322118]], "inverted": false, "swapped": true, "error_lsq": 0.04699915693661662, "error_max": 0.22391109866371361, "target": "1050.xyz", "model": "22.xyz", "model_rescale": 4.166573947596378, "target_rescale": 4.06361215229672},
{"mapping": [11, 12, 14, 5, 2, 11, 6, 9, 1, 10, 8, 0, 3, 4, 15], "R": [[0.9215244843607154, 0.12548371030751254, -0.3674866843454032], [0.15943683367134764, 0.7406392246506387, 0.6527123677223805], [0.3540798226284192, -0.6600813414696414, 0.6625104541447374]], "T": [0.13122717736357767, -0.06623366085113941, -0.019973819113598995], "aligned_model": [[-0.5538237229449707, -0.40591602086867407, 0.05392538312416342, 0.5026261421548373, -0.2645500470491794, -0.5538237229449707, -0.2796709971289295, 0.10560383216808819, 0.1871054441092391, 0.6407948227754503, 0.6775917313442912, 0.7170143232211136, -0.10149961007168384, 0.32238520648135743, 0.14424243161351796], [0.023235495955129498, -0.4414882122553549, -0.7962216753098053, -0.41291097580831504, 0.3585827020176308, 0.023235495955129498, -0.19780750399611763, -0.08963656308228204, 0.17915727125710368, -0.5822097949792582, 0.37469373874184864, 0.304085891313115, 0.4244104912249024, 0.6359448648665296, -0.05976252932852756], [-0.4004917048866943, -0.0264977345380907, -0.31513427475477707, 0.6380076619688169, 0.32017421581263006, -0.4004917048866943, 0.6068903176542095, -0.6193442510088055, 0.6469294501928948, -0.20719207907688403, -0.42140618285973197, 0.4118509275961777, -0.27791414256014535, 0.08130519791046673, 0.04749258797265063]], "inverted": true, "swapped": false, "error_lsq": 0.049472357528486485, "error_max": 0.35466639294811303, "target": "1050.xyz", "model": "23.xyz", "model_rescale": 4.274766983524099, "target_rescale": 4.06361215229672},
{"mapping": [5, 7, 2, 1, 9, 3, 6, 11, 13, 10, 14], "R": [[0.18412595736377213, -0.9597005783491801, 0.2123026889634794], [-0.5352152551462436, 0.08327066501212332, 0.840601348444779], [-0.8244041863574059, -0.26840416588549487, -0.49831409898947876]], "T": [0.06813513494876006, 0.007412862248314389, -0.07113458368703138], "aligned_model": [[0.3547795423578593, 0.11403099772171918, -0.5598601180317406, -0.45381431829316937, -0.5109495918746991, -0.6003315178779052, -0.11324572081835416, 0.04954647979033762, 0.7180730284961989, 0.43445736581367544, -0.052791443325847426], [-0.26183924024600164, 0.6920093222114755, 0.3741296579587321, -0.28532425536249617, 0.5839376272046656, -0.26537458302083083, -0.6219227917854001, 0.13817468019876497, -0.06497160817894114, 0.5686457205583008, 0.05812200170521428], [-0.7051174099891773, -0.13195292962682068, -0.5101424812112817, -0.3816085940602325, 0.08008117521791222, 0.41911925422246066, -0.002274716310982333, 0.7126268791514301, 0.3807303557795818, 0.5133651855726671, 0.004739715276019754]], "inverted": true, "swapped": true, "error_lsq": 0.04443053107023131, "error_max": 0.19259827158967982, "target": "1050.xyz", "model": "24.xyz", "model_rescale": 3.7841303162186577, "target_rescale": 4.06361215229672},
{"mapping": [14, 11, 13, 6, 0, 10, 7, 12, 1, 3, 2, 4, 9, 8, 15], "R": [[-0.1677567839001281, -0.9227995426146112, 0.3468409802859956], [-0.6943119854567736, -0.13916925786555912, -0.7060897850246968], [0.6998489324894044, -0.3592672011406192, -0.6173641954940594]], "T": [0.05096414494634613, 0.0281433271331597, 0.02063591857893547], "aligned_model": [[-0.31645803951000284, -0.24677788834396444, 0.005553060810892435, 0.32913210169887974, -0.22047232369968914, -0.7189356066942236, -0.36984011761067836, 0.31119977168553814, 0.33681914389061474, 0.5615934690134938, 0.5648548745089291, 0.758950341602917, -0.057207407185023595, 0.17178790607694241, 0.08180590973902416], [-0.07319647552305775, -0.6668526007087423, -0.6140993438966329, -0.4149910778063214, 0.403443296547361, 0.08404268813555447, -0.11709800808867701, -0.11937040794672255, 0.4702068480499716, -0.5936925534398196, 0.4646538924145011, 0.024973123747308285, 0.3202464872249492, 0.5969214080334683, -0.021878580171412434], [-0.6750868315719312, 0.15389473088795796, -0.42373125191996713, 0.5189138924430041, 0.5923020150008439, -0.07623894472683486, 0.49459191575280415, -0.6762780093681088, 0.5459007630682723, -0.019109756253761562, -0.3172514478534628, 0.2561138114109612, -0.47445535351137763, 0.12717650742882697, 0.05743624374879637]], "inverted": false, "swapped": false, "error_lsq": 0.04389584291478083, "error_max": 0.28836386986670315, "target": "1050.xyz", "model": "25.xyz", "model_rescale": 4.19342608120988, "target_rescale": 4.06361215229672},
{"mapping": [9, 7, 2, 8, 3, 11, 6, 13, 0, 10, 12, 14], "R": [[-0.3974318581424256, 0.1488057899952303, -0.9054859220315656], [-0.5167337890261711, 0.7791472758724205, 0.35484604236096945], [0.7583100351519263, 0.6089222933712328, -0.23276496992331713]], "T": [0.03091978383609261, 0.13022096623472695, -0.1988030784413149], "aligned_model": [[-0.008166684815166865, 0.4615733885903254, 0.29552786800686537, -0.5130631745102177, -0.7504505415789341, -0.48571132332223366, -0.4313614911326651, -0.07645430751151078, 0.6823497869028082, 0.04941097495247989, 0.4214818270950552, -0.04732776804502562], [-0.6891344769627175, -0.27007128202725844, -0.5688197898723688, 0.44153247827740216, -0.2279886867924082, 0.0009143355183817148, 0.3908467847715315, 0.6572964576289266, -0.0527157385956068, 0.028950876402001446, 0.30004113951638745, 0.001924329876708708], [-0.0657052314997969, 0.16005790175877332, -0.6024263721243167, 0.02148299271612711, -0.34965313930220093, 0.39119549455199226, -0.5887700861960495, 0.3864344215754916, -0.46205892460352543, 0.6844956949607854, 0.05380313435858336, -0.17959742498644143]], "inverted": false, "swapped": true, "error_lsq": 0.05430363973311817, "error_max": 0.28754275297513326, "target": "1050.xyz", "model": "26.xyz", "model_rescale": 3.795458400668931, "target_rescale": 4.06361215229672},
{"mapping": [11, 12, 10, 9, 2, 6, 4, 3, 5, 7, 1, 0, 14], "R": [[0.3005331598491069, 0.5840390726108987, -0.7540412332856292], [-0.4087865411427359, -0.6354171830692432, -0.6550866868139714], [-0.8617269774189906, 0.5051171795971202, 0.04778337853460235]], "T": [-0.09463785710968681, -0.1385243357892419, 0.04854024972165436], "aligned_model": [[0.013101552274960016, 0.35652744511785744, 0.5845906543626671, -0.04539969727962295, -0.25144852073876484, -0.6828457866357727, -0.18690064417919183, -0.7287489162933265, -0.12306632078999061, 0.4448979456989602, -0.6691987420387953, 0.1232366804248996, -0.135069267102623], [-0.7345088678662322, -0.10553466663912964, -0.5549041879372587, 0.18621146353288415, 0.6170642951003869, -0.36638492618426743, -0.47239154404187295, -0.388002908058339, 0.17324949716446458, 0.1574730862128011, 0.21417951889973824, 0.5298990837180313, -0.13446834064429217], [-0.4661644024386, 0.24990820007232759, -0.34654293932279506, -0.714813138588467, -0.30654201786343127, 0.23773603349964006, 0.48983064132467585, -0.4966873068291072, 0.7257291706150132, -0.26091775723953436, 0.04816172512860793, 0.22984481545720659, -0.09740636171611006]], "inverted": false, "swapped": true, "error_lsq": 0.05378707221162679, "error_max": 0.28590958837996266, "target": "1050.xyz", "model": "27.xyz", "model_rescale": 3.6321398670334006, "target_rescale": 4.06361215229672},
