[{"mapping": [10, 12, 5, 11, 1, 8, 0, 7, 9, 3, 2, 6, 13], "R": [[-0.018669805607694656, 0.9992223908271003, 0.03472825979435917], [0.5858978325531068, 0.03907950295019774, -0.8094421055632929], [-0.8101698390881646, 0.005235085380306537, -0.5861718397474569]], "T": [-0.05297222246669585, -0.06665348145528434, -0.15355442372818706], "aligned_model": [[-0.6028124433057643, 0.06994102726246572, -0.343884017380167, -0.6960549516277144, 0.3478577188075162, -0.7616856085441772, 0.6374439103700548, -0.5021506423146992, -0.003614196963702493, 0.21633141580738563, 0.3726621325796751, -0.2541035250355094, -0.17084483967315361], [-0.17177320622003428, -0.30689954987464685, -0.5888271870775781, -0.29600536237826663, -0.4811391053556184, 0.21082348195985262, 0.10759156858709758, 0.4715508284800936, 0.3422597825695928, 0.017078110369581553, 0.5433308601855618, 0.25578955095538863, 0.01551474075526972], [0.6843325016111769, 0.35859200808957103, -0.6173498626649042, -0.008971717240907007, -0.1294475952135484, -0.33050357685191806, 0.14372769923769319, 0.1292341021799609, 0.4523307960842733, -0.5936281411217041, -0.34852299598265823, -0.8169720705875658, -0.07678013358457127]], "inverted": true, "swapped": false, "error_lsq": 0.056940865697690225, "error_max": 0.3183574353893539, "target": "1051.xyz", "model": "0.xyz", "model_rescale": 3.8414455957264533, "target_rescale": 4.052513296878279},
{"mapping": [3, 4, 11, 1, 0, 12, 7, 10, 2, 13, 6, 8, 14], "R": [[0.13123229401952524, 0.24611747592957622, -0.9603146739732906], [-0.9561436208910323, 0.28729191578741936, -0.05703272177075644], [0.2618538929169454, 0.9256832844797668, 0.27302563176191375]], "T": [-0.041823933151771686, 0.07663775414891896, -0.07086885901602293], "aligned_model": [[-0.4893164545668398, 0.09230441700315378, -0.48649269636068027, -0.6012460497598707, 0.21650699202645257, -0.5888905816044767, 0.5720475862118445, -0.6158449244653824, 0.3014838114542374, 0.17278277488222438, 0.004843839339435274, -0.14612831094055556, -0.1229644232373323], [-0.1407002788233997, -0.1651671200367881, -0.48239753693609067, -0.5424308643886394, -0.6006348285753486, 0.0803946348727213, -0.0944106060011774, 0.4488065568367665, 0.41011678736692425, -0.1728536164406207, 0.8407278673598855, 0.49540700027963747, 0.04243651744242366], [0.5340208042626317, 0.397487013534907, -0.5356426066370905, 0.15782052018741854, -0.06168456297713964, -0.602840203982107, 0.011951539070982661, -0.0901453796466692, 0.490857279343187, -0.7539098662092176, 0.08410078861732533, -0.7327263306591069, -0.053247980950223275]], "inverted": true, "swapped": false, "error_lsq": 0.05604714225705458, "error_max": 0.42594774797008567, "target": "1051.xyz", "model": "1.xyz", "model_rescale": 4.316132596720782, "target_rescale": 4.052513296878279},
{"mapping": [0, 7, 8, 4, 1, 3, 6, 2, 10, 5, 9, 12], "R": [[-0.06896451901518996, 0.8680954952030105, -0.49158326489542237], [0.494834349646409, -0.3981010158387749, -0.7724341703978086], [-0.8662464207874216, -0.29652283621396697, -0.4021086247229796]], "T": [-0.036107593612400526, 0.011058896146749158, -0.17328788483029064], "aligned_model": [[-0.4043319818306738, 0.341695327217419, 0.1061635410393079, -0.47751212455490843, -0.43327682225023095, -0.3187590844759588, -0.10049623548796545, -0.2648808419441828, 0.5604518462406919, 0.29657933622505733, 0.2687232025801374, 0.023452391873087473], [-0.7547058175063986, -0.3644493561898213, -0.5721549258958626, 0.46417385736237704, -0.3268159495730508, -0.12181306272392048, 0.381168155198318, 0.5879562359971158, -0.0016073277096086917, 0.09566698113858607, 0.5944493212286313, 0.030908316414614764], [0.062022979816551776, 0.17619460052682237, -0.6099650118655913, -0.10655709474275078, -0.3769912121726644, 0.4580498772937448, -0.709017702880508, 0.5917511156259766, -0.6191185679070474, 0.6008344897433404, 0.019234305221488085, -0.03717931744994113]], "inverted": false, "swapped": true, "error_lsq": 0.04269039518754872, "error_max": 0.22212957725206856, "target": "1051.xyz", "model": "2.xyz", "model_rescale": 3.795458400668931, "target_rescale": 4.052513296878279},
{"mapping": [6, 10, 8, 5, 4, 3, 7, 9, 11, 2, 1, 12], "R": [[-0.027430579629345253, -0.45539862773527423, -0.8898649634399746], [-0.23743859700649245, -0.8617547548554181, 0.4483320813143611], [-0.9710151780239001, 0.22358629730130497, -0.08449077882411693]], "T": [-0.0812541610439731, 0.06779902614529497, -0.05102293909712808], "aligned_model": [[-0.04438218105583246, -0.2961583563550608, -0.7992860333139856, 0.4056598514246079, 0.32124729338462066, 0.11885297947177995, -0.2051700630498275, 0.5304680750784375, 0.24908764669573813, 0.7972084186835298, -0.4928799074882483, 0.008656102267805874], [-0.06608495108253808, -0.6239059866805479, -0.1199204482464898, -0.04169251723345839, 0.4521019427436181, 0.5303176496494864, -0.14839072346422005, -0.23878092915230298, -0.5652063571865953, 0.43088744150540825, 0.42951138779963755, 0.046932536637711714], [-0.6904357451307666, -0.22471507635900012, -0.0670847133120876, 0.6331049133810924, -0.3590943169247539, 0.4410825860209131, 0.5353100239244335, -0.09723584735931803, 0.4087225113531577, 0.20763264415521882, -0.1655928540309081, 0.0670773049211191]], "inverted": false, "swapped": true, "error_lsq": 0.05269043906008114, "error_max": 0.3016648039233661, "target": "1051.xyz", "model": "3.xyz", "model_rescale": 3.7530521520055578, "target_rescale": 4.052513296878279},
{"mapping": [4, 6, 9, 11, 2, 8, 3, 1, 0, 7, 12], "R": [[0.4286828666056215, -0.43442751378616057, 0.7921513334864508], [-0.02442379689716037, -0.8820542598670416, -0.47051435769329264], [0.9031248407744709, 0.18235410035417554, -0.38873191798475476]], "T": [-0.12839301426222322, 0.021436734297728202, -0.09600007890440261], "aligned_model": [[-0.339582115989288, -0.39628310009250806, 0.35461774901726467, 0.707154057726646, 0.24955981449560166, -0.3924124294730139, -0.029330651991291187, -0.6355015683689214, -0.4631965944364726, 0.2832850317346673, -0.00011059017747896971], [-0.5635157749853242, -0.020054266129369697, -0.3168571357795244, 0.16299524527038195, -0.8667335128111135, 0.7130070753757822, -0.33372709743798534, 0.14334068160598878, 0.2521813651564408, 0.32157535298186307, -0.025008574932793612], [-0.22954352335188827, -0.6915222007301174, -0.4461269931387278, -0.15086065618592887, 0.10081883147365654, -0.04040724676413475, 0.5041494804834341, 0.10741623091312667, 0.6863166586183449, 0.28651462427752067, -0.033924428349969615]], "inverted": true, "swapped": true, "error_lsq": 0.05203720150179916, "error_max": 0.294675532958399, "target": "1051.xyz", "model": "4.xyz", "model_rescale": 3.7855080009869324, "target_rescale": 4.052513296878279},
{"mapping": [7, 6, 15, 10, 13, 9, 11, 3, 4, 14, 1, 2, 16], "R": [[0.3275708342048713, 0.4916769641693731, -0.8068154135138431], [0.44478579100894594, 0.6731418797740725, 0.5908008207600716], [0.8335843980634899, -0.5523891496032639, 0.0018107196668763668]], "T": [-0.1253001828864395, 0.008419811401014938, -0.06131661636697476], "aligned_model": [[-0.40878419349231887, 0.21118480613789894, -0.383420819250314, -0.7900423234185812, 0.3554155627467327, -0.6234786993981508, 0.6554998104533805, -0.6472510002532496, 0.01652881833925579, -0.04595999270124536, 0.3199889471834275, -0.21813143473400468, -0.13246350163062112], [-0.10452696291817368, -0.20311003103162795, -0.648337119360177, -0.27319925470213197, -0.524984436862376, 0.020380576547350503, -0.03403693159851285, 0.4120439298554152, 0.37692812837613965, -0.053191337940406265, 0.617285699031374, 0.5225823417813404, 0.011459911778079503], [0.6229708333042906, 0.4564768231324791, -0.48718300112409907, 0.03754117180483414, -0.15754508777907048, -0.5698332090484202, 0.0835454686475277, -0.2782763376316999, 0.5640528253207612, -0.7303506954923026, 0.0027447644414784755, -0.5836239383642889, -0.11447860325659151]], "inverted": true, "swapped": false, "error_lsq": 0.04414126250797724, "error_max": 0.278670967058752, "target": "1051.xyz", "model": "5.xyz", "model_rescale": 4.2253639853439635, "target_rescale": 4.052513296878279},
{"mapping": [11, 5, 3, 6, 2, 7, 10, 9, 8, 4, 1, 0, 13], "R": [[0.8671098437441982, 0.04123546675259021, 0.4964072472915846], [-0.33282888743453676, -0.6934885277046561, 0.6389824673894561], [0.3706014713556881, -0.7192866592838524, -0.5876063743742699]], "T": [-0.15896077715670895, 0.05991851175491496, -0.05504566146784517], "aligned_model": [[-0.5968078096325213, 0.05082964841239718, -0.33441654155132167, -0.48714031255394585, 0.19570505709706273, -0.8303172897569838, 0.5784443558225761, -0.3090239824177926, 0.08527719335344242, 0.2616905613535998, 0.3350526956014157, -0.47034701461817896, -0.16986058112753968], [-0.1326507274862434, -0.3057764364437828, -0.3842908412960786, -0.4921623816027266, -0.5061964460576879, -0.12278340352233973, -0.026244503672549838, 0.6482072684253938, 0.4588937628300721, -0.05210546165432324, 0.5395334531292164, 0.47649517146749704, 0.01837505883984692], [0.5587628209298772, 0.41717933644328836, -0.5793573989876741, -0.02007641985480329, -0.11747652395703168, -0.4362170916277295, 0.1843746363713074, 0.008150862861069093, 0.5168209649314307, -0.6130908146567406, -0.3092620627920903, -0.6654268104468224, -0.09834048525918263]], "inverted": true, "swapped": false, "error_lsq": 0.05593037367332928, "error_max": 0.3457082890727268, "target": "1051.xyz", "model": "6.xyz", "model_rescale": 3.89814844738969, "target_rescale": 4.052513296878279},
{"mapping": [9, 10, 1, 5, 2, 6, 4, 8, 11, 0, 7, 3, 12], "R": [[-0.9840129906845475, 0.1374744828189709, -0.11322190926542977], [0.17807017465554725, 0.7484840418237689, -0.6387978178056792], [-0.0030736073587300655, -0.6487467962994586, -0.76099812564092]], "T": [-0.05197154929687843, 0.07254861295762402, -0.11337878974897049], "aligned_model": [[-0.690071306752507, 0.02457891925690385, -0.2553083516641515, -0.5750041990394963, 0.28489058906746717, -0.6799000600287863, 0.565893277611231, -0.43938218432940496, 0.07598277425409893, 0.0029849981075509846, 0.3080175219763552, -0.33477555855445984, 0.021179560077409024], [-0.08136179276699898, -0.3927805268879918, -0.6143350557642516, -0.4949738680885566, -0.5502543901799464, 0.0854901329623036, 0.0025974493783522262, 0.5929260632653226, 0.5133350448491991, -0.04550930306778417, 0.5700304934303221, 0.567197433989165, -0.03306716816284046], [0.49249757187884863, 0.4492156293727109, -0.5624239795462445, -0.030122049269705367, -0.0996615181401427, -0.36420572908714266, 0.05646136677472059, 0.07847292744346727, 0.5534610574166857, -0.6913515346335639, -0.3461755395354289, -0.6858526955908488, -0.004274493128458651]], "inverted": true, "swapped": false, "error_lsq": 0.04875528747979018, "error_max": 0.2589570948284707, "target": "1051.xyz", "model": "7.xyz", "model_rescale": 3.7474275329858107, "target_rescale": 4.052513296878279},
{"mapping": [13, 12, 2, 4, 1, 8, 0, 9, 11, 3, 7, 5, 14], "R": [[-0.8031971221255242, 0.38967772880242146, -0.450583677783231], [-0.5509534368410979, -0.19827384016622468, 0.8106403609114963], [0.2265495386052651, 0.899354630822083, 0.3739472617584152]], "T": [-0.01723264987330217, 0.030870386245013693, -0.036106712858737615], "aligned_model": [[-0.5322311723769082, 0.10778408347912083, -0.3107492048668472, -0.7234872327580616, 0.26431150343574705, -0.5604379035994929, 0.5680264705721855, -0.46159244540596867, -0.11164909037632925, 0.10297381051848695, 0.12794471190127374, -0.11359775298481704, -0.048209797556179976], [-0.321095504971184, -0.10944844123577045, -0.6490585981314966, -0.3053806577733767, -0.665177407149962, 0.051748415904164125, -0.14973033037098626, 0.649635666192249, 0.4557061526292575, -0.021188096398982125, 0.6951423344941798, 0.5074648733224629, -0.019323893554261663], [0.611201839480917, 0.5515360883697491, -0.43627430774779746, -0.055225954379857306, -0.06854402312528718, -0.4480563166434008, -0.2791465876120854, -0.03231982305509778, 0.4078302905024573, -0.741071150436616, -0.07539976977021098, -0.5620277390704473, -0.026461532557424804]], "inverted": false, "swapped": false, "error_lsq": 0.05377126201345453, "error_max": 0.280881716606339, "target": "1051.xyz", "model": "8.xyz", "model_rescale": 4.019505241142653, "target_rescale": 4.052513296878279},
{"mapping": [7, 8, 10, 9, 11, 1, 5, 0, 4, 6, 3, 2, 12], "R": [[-0.985887366325955, -0.15307683167761785, 0.06777598780110042], [-0.02659348693049414, 0.5429117858749816, 0.8393685598179836], [-0.16528426232327836, 0.8257204589699716, -0.5393207174461865]], "T": [-0.1423655095926744, -0.019183929760941815, -0.15965293129326502], "aligned_model": [[-0.5547606231328611, -0.09297850176590393, -0.4514295068656762, -0.43580385373214253, 0.21498563216004607, -0.772666535395351, 0.5140782333482938, -0.4562601336400071, 0.05222768346691703, 0.227419485511545, 0.27301502521073345, -0.10347019015492129, -0.1052707350284624], [0.13883280623013086, -0.33128489656270765, -0.5498177211562147, -0.5901542061063821, -0.5134119729458598, -0.03809443259267631, 0.10220621012312239, 0.485097950368418, 0.4541606616223286, -0.19244038172523875, 0.7307830842889476, 0.4493737628341131, -0.025956351421687455], [0.6306286460895056, 0.4372481001729433, -0.8386867914481917, 0.07535120303024304, -0.036006957599726, -0.4018683559162672, -0.08986206201556529, 0.1045742975051151, 0.4927833171373371, -0.760737864738958, -0.10075219373171412, -0.5186975038082822, -0.1479328207215419]], "inverted": true, "swapped": false, "error_lsq": 0.05476394331487401, "error_max": 0.27701680550636554, "target": "1051.xyz", "model": "9.xyz", "model_rescale": 3.877068213659057, "target_rescale": 4.052513296878279},
{"mapping": [12, 5, 13, 6, 4, 14, 7, 10, 0, 2, 8, 9, 15], "R": [[-0.6708894251150449, -0.51070347112033, -0.5376702928881705], [-0.2807008121601194, 0.8459973856591384, -0.4533160900636032], [0.6863777628401537, -0.15320048317009186, -0.7109255788301588]], "T": [-0.14276605883768992, -0.038082661899465825, -0.04842546619213476], "aligned_model": [[-0.4922452986518412, 0.133655413721791, -0.42538923482697544, -0.6918828814538281, 0.335140087559167, -0.580084499001837, 0.6511938474054682, -0.7409214893837467, 0.024955941839026635, 0.11815239714802897, 0.27835174131316387, -0.17363082105752342, -0.1282092246286833], [0.012042358591151409, -0.2965806496232406, -0.5388585678770648, -0.2948029680204979, -0.5092904997605747, 0.06453830898262627, 0.01383853711856703, 0.32189809493444677, 0.38718909036203164, -0.07523496695469184, 0.6040579509767326, 0.4217244550165965, 0.008773369210211164], [0.6100173627408473, 0.6355083040614894, -0.5651324705473261, 0.06502044457563147, -0.13594442710538998, -0.6869730876474178, -0.23068469308529882, -0.17426153048780077, 0.6033254853616203, -0.6574382932365386, -0.12351319820731657, -0.5209401067971692, 0.027057224329567663]], "inverted": false, "swapped": false, "error_lsq": 0.045159564265577164, "error_max": 0.27014264707517527, "target": "1051.xyz", "model": "10.xyz", "model_rescale": 4.260839863003843, "target_rescale": 4.052513296878279},
{"mapping": [1, 6, 9, 4, 5, 3, 0, 8, 10, 11, 7, 12], "R": [[-0.34149936765663913, -0.537346962415935, -0.7711267236145324], [0.9291437154617566, -0.06934337139238059, -0.36315761435203453], [0.1416691141640912, -0.840505644731971, 0.5229532706329082]], "T": [0.032708581446163364, -0.07745879271213764, -0.1326186436617546], "aligned_model": [[0.3796675435057683, 0.2014733063159768, -0.46886117964228197, -0.33679244385969953, -0.5926348333856735, -0.383344014438722, 0.3196630686815113, 0.7495459478852551, 0.42007432900201175, -0.27946905531244315, 0.029934965906326605, -0.0803589855638994], [0.07351940028484742, -0.7001141323871541, -0.41909426258516025, -0.35886486920959754, 0.3336280539398862, 0.4428740417768149, 0.6807354876753657, 0.08394845220647056, -0.38465773992822205, 0.016698065437305523, 0.4134630929020743, -0.009057084579696575], [-0.5451994442368528, -0.2419438210007656, 0.18682458530584775, -0.5672262123578653, 0.2636865293833742, -0.36128471336919277, -0.47925181463508837, -0.02698606054039135, 0.42450358792403553, 0.651515919821368, 0.2734201616433751, -0.06188064054233963]], "inverted": true, "swapped": true, "error_lsq": 0.03946567311595956, "error_max": 0.21750898701663868, "target": "1051.xyz", "model": "11.xyz", "model_rescale": 3.890672605050136, "target_rescale": 4.052513296878279},
{"mapping": [10, 11, 5, 12, 9, 7, 6, 4, 2, 8, 1, 3, 13], "R": [[0.521438982693891, 0.025329584305930797, 0.8529125391774051], [-0.8532753108252076, 0.021051217932244348, 0.521035593947011], [-0.004757232736095962, -0.9994574820283542, 0.0325900345847733]], "T": [0.01414340160775246, 0.02580177163211914, -0.0968447635785169], "aligned_model": [[-0.5291795714266041, 0.17289782343914017, -0.23604155275578803, -0.6219072120960718, 0.15305354750023695, -0.6757157041761177, 0.5728299207923715, -0.47264074608742035, -0.14912756908748015, 0.13222983711445194, 0.5167555531559671, -0.40295082803078464, -0.151117518359691], [-0.1119919293001719, -0.06280715199711254, -0.601162380240823, -0.3485629660167147, -0.7262224350757591, -0.12181818908727077, -0.07887572392838929, 0.49782638670170154, 0.35386426809019866, 0.0702437328614185, 0.6036420952394986, 0.6102582291793947, 0.03490057653032359], [0.5998284362785264, 0.42248909445261784, -0.4832326809768421, 0.005247384783543238, 0.048013718792783544, -0.5756630293544645, -0.19155663794552086, 0.08004785963183064, 0.5124841477761118, -0.8062611093653533, 0.04019492381032563, -0.6777976091998807, -0.1277534847287795]], "inverted": true, "swapped": false, "error_lsq": 0.05018847479094068, "error_max": 0.2675524071178665, "target": "1051.xyz", "model": "12.xyz", "model_rescale": 4.124412569039231, "target_rescale": 4.052513296878279},
{"mapping": [11, 8, 3, 9, 6, 7, 1, 10, 2, 0, 4, 5, 12], "R": [[-0.21224557048802994, 0.377813296874298, 0.901226348101954], [0.8708756241693547, -0.34524422881908, 0.34983148756902327], [0.44331418321078747, 0.8591062420749208, -0.2557518324314804]], "T": [-0.14355984163122815, -0.045334090167450145, -0.22539139390844787], "aligned_model": [[-0.4728767535065118, -0.06272302474497429, -0.08839775539442994, -0.5638794738705537, 0.11608049316471103, -0.737167157695377, 0.6155895928676588, -0.5345548685783914, 0.1503285765381745, 0.19279740111562838, 0.21248982938081512, -0.3512732416837826, -0.16732763761075728], [0.11837994012077437, -0.29223143051515604, -0.5820138137712645, -0.4961577222021859, -0.6348736401625019, 0.0650617042802188, -0.13977492764624422, 0.45683535843655354, 0.3797611065857287, 0.05809968023963685, 0.6556834257809381, 0.4852490332702578, 0.045275798539538364], [0.6994334268961235, 0.44349068333938046, -0.6919590677570167, -0.055889973402307225, -0.044718124378160085, -0.39427240941768077, 0.053243426645367464, 0.14818377401475452, 0.46404256595441185, -0.6868376570693187, -0.21648466301020575, -0.724473122319643, -0.1477178455408079]], "inverted": false, "swapped": false, "error_lsq": 0.04798029464602032, "error_max": 0.2872783455083027, "target": "1051.xyz", "model": "13.xyz", "model_rescale": 3.9028299243045295, "target_rescale": 4.052513296878279},
{"mapping": [4, 3, 14, 10, 9, 13, 6, 5, 0, 11, 2, 12, 15], "R": [[-0.7288307623658653, 0.31169382102280885, -0.6096332354501295], [0.5782202665635893, -0.1966603388879738, -0.7918244972489796], [-0.36669748180799344, -0.929608343897939, -0.036895579559180824]], "T": [-0.07561617370522215, 0.08807725491791966, -0.056186249125912524], "aligned_model": [[-0.4332643691342976, 0.21605492667039844, -0.3855828842497653, -0.5820073465065329, 0.19038454634578056, -0.7491407969109266, 0.5305718339605111, -0.5498758175966149, -0.11037573031716698, 0.13066706518733273, 0.3636366450895108, -0.26682686257461546, -0.045155229981403644], [-0.019964039475288825, 0.024379691385406313, -0.4825547929388851, -0.4522506170933655, -0.6122727346700116, 0.06420812514558642, -0.18042499913577964, 0.2792178935129977, 0.5632266891871259, -0.12823789005945946, 0.6719665291716758, 0.4136555023556139, -0.021654844429321557], [0.5093030265415174, 0.49113452961709037, -0.657310493434772, 0.027278551153268202, -0.2551811372014481, -0.4786151761358409, 0.01346216205172171, -0.030791759396291623, 0.6222245391008986, -0.7318427237809985, 0.03480850977858607, -0.6407181697413549, -0.0577108445974784]], "inverted": false, "swapped": false, "error_lsq": 0.043419732112330856, "error_max": 0.25447265533606117, "target": "1051.xyz", "model": "14.xyz", "model_rescale": 3.942246331269136, "target_rescale": 4.052513296878279},
{"mapping": [1, 3, 9, 2, 10, 7, 4, 0, 12, 6, 13, 8, 14], "R": [[0.6197528884990288, -0.27734081018798307, 0.7341583154888216], [-0.784370685141029, -0.24972729529574067, 0.5678018195424059], [0.025864753787798622, -0.9277490786783609, -0.37230721390130156]], "T": [-0.035206711795424034, -0.033688022775765686, -0.10407007169222819], "aligned_model": [[-0.3821314342937767, 0.14353957760277936, -0.2741742221407321, -0.7664126265508657, 0.4159725544627284, -0.6890308450423175, 0.5231914067646553, -0.7017384636354258, 0.0074279970818939, -0.0720342668374579, 0.49250254115917225, -0.27149212699026604, -0.11653411159817711], [0.0648292119745427, -0.1850911625294514, -0.6732949541326585, -0.24592577226032417, -0.5212773846048272, -0.07679279553038532, -0.1280696982774016, 0.275955687673875, 0.5278851170344085, -0.03296367244016872, 0.559211572570586, 0.5507265117709059, 0.004101851707192697], [0.6215875797917292, 0.5753964718548006, -0.5306375440713885, -0.04983939255325577, -0.36425154676884797, -0.6532835907162596, 0.04741463856155399, -0.08011846973463344, 0.4882931179181977, -0.662131534117863, 0.07177889955739507, -0.5529239239254353, -0.06524369184109444]], "inverted": false, "swapped": false, "error_lsq": 0.05161864826983656, "error_max": 0.30601964652199554, "target": "1051.xyz", "model": "15.xyz", "model_rescale": 4.355366556412066, "target_rescale": 4.052513296878279},
{"mapping": [0, 7, 8, 4, 1, 3, 6, 2, 10, 5, 9, 12], "R": [[-0.06896451901518996, 0.8680954952030105, -0.49158326489542237], [0.494834349646409, -0.3981010158387749, -0.7724341703978086], [-0.8662464207874216, -0.29652283621396697, -0.4021086247229796]], "T": [-0.036107593612400526, 0.011058896146749158, -0.17328788483029064], "aligned_model": [[-0.4043319818306738, 0.341695327217419, 0.1061635410393079, -0.47751212455490843, -0.43327682225023095, -0.3187590844759588, -0.10049623548796545, -0.2648808419441828, 0.5604518462406919, 0.29657933622505733, 0.2687232025801374, 0.023452391873087473], [-0.7547058175063986, -0.3644493561898213, -0.5721549258958626, 0.46417385736237704, -0.3268159495730508, -0.12181306272392048, 0.381168155198318, 0.5879562359971158, -0.0016073277096086917, 0.09566698113858607, 0.5944493212286313, 0.030908316414614764], [0.062022979816551776, 0.17619460052682237, -0.6099650118655913, -0.10655709474275078, -0.3769912121726644, 0.4580498772937448, -0.709017702880508, 0.5917511156259766, -0.6191185679070474, 0.6008344897433404, 0.019234305221488085, -0.03717931744994113]], "inverted": false, "swapped": true, "error_lsq": 0.04269039518754872, "error_max": 0.22212957725206856, "target": "1051.xyz", "model": "16.xyz", "model_rescale": 3.795458400668931, "target_rescale": 4.052513296878279},
{"mapping": [9, 10, 1, 5, 2, 6, 4, 8, 11, 0, 7, 3, 12], "R": [[-0.9840129906845475, 0.1374744828189709, -0.11322190926542977], [0.17807017465554725, 0.7484840418237689, -0.6387978178056792], [-0.0030736073587300655, -0.6487467962994586, -0.76099812564092]], "T": [-0.05197154929687843, 0.07254861295762402, -0.11337878974897049], "aligned_model": [[-0.690071306752507, 0.02457891925690385, -0.2553083516641515, -0.5750041990394963, 0.28489058906746717, -0.6799000600287863, 0.565893277611231, -0.43938218432940496, 0.07598277425409893, 0.0029849981075509846, 0.3080175219763552, -0.33477555855445984, 0.021179560077409024], [-0.08136179276699898, -0.3927805268879918, -0.6143350557642516, -0.4949738680885566, -0.5502543901799464, 0.0854901329623036, 0.0025974493783522262, 0.5929260632653226, 0.5133350448491991, -0.04550930306778417, 0.5700304934303221, 0.567197433989165, -0.03306716816284046], [0.49249757187884863, 0.4492156293727109, -0.5624239795462445, -0.030122049269705367, -0.0996615181401427, -0.36420572908714266, 0.05646136677472059, 0.07847292744346727, 0.5534610574166857, -0.6913515346335639, -0.3461755395354289, -0.6858526955908488, -0.004274493128458651]], "inverted": true, "swapped": false, "error_lsq": 0.04875528747979018, "error_max": 0.2589570948284707, "target": "1051.xyz", "model": "17.xyz", "model_rescale": 3.7474275329858107, "target_rescale": 4.052513296878279},
{"mapping": [12, 7, 6, 9, 2, 4, 1, 10, 11, 0, 3, 8, 13], "R": [[0.23477583869897828, 0.404301915207882, -0.883979788752226], [-0.8904174984803744, -0.27533855574690386, -0.36241600146676967], [-0.3899192018394886, 0.8721975929102579, 0.2953546596185819]], "T": [-0.14929287085247317, 0.04763204823846372, -0.04131695507004632], "aligned_model": [[-0.6229537862339407, 0.05434657149522973, -0.3514601060292446, -0.5787145554071034, 0.21074217134079237, -0.655053290411282, 0.5421890376856005, -0.4326348191068703, 0.14820276944545957, 0.1905158410480699, 0.20353638129448853, -0.2915074140199681, -0.10812282111902151], [-0.029849690403149706, -0.3124027916398581, -0.5862980733101184, -0.4611388403426709, -0.5395948930849273, -0.0846797987496773, 0.06597794112817311, 0.6495251026466206, 0.39937152456433583, -0.10038805294710697, 0.6207888040021421, 0.5207329244120219, -0.022749643319491253], [0.5321626354391213, 0.5882266682241658, -0.43152180059956025, 0.025566268706184753, -0.21269960176028388, -0.6862400475197509, -0.03543348769959401, 0.1427522218121207, 0.515021383177264, -0.7908251136262932, -0.12844923072668818, -0.5636243701946759, -0.10889451127711214]], "inverted": false, "swapped": false, "error_lsq": 0.04593592199391287, "error_max": 0.3387476303145228, "target": "1051.xyz", "model": "18.xyz", "model_rescale": 3.922800546911778, "target_rescale": 4.052513296878279},
{"mapping": [0, 5, 7, 3, 12, 9, 8, 2, 1, 11, 6, 10, 14], "R": [[0.5428724950171189, 0.6927623758056767, -0.4747312343020654], [-0.2850868779371796, 0.6837307013417, 0.6717423613788388], [0.7899461539762819, -0.22933080628398186, 0.5686760546279568]], "T": [0.01617484149736939, 0.02062688520666801, -0.1110761878760904], "aligned_model": [[-0.4999962931939369, 0.15436489076555088, -0.3179349586453063, -0.45341447229667187, 0.11567232223987367, -0.706236926483448, 0.5997050721062115, -0.5990703644680047, -0.030861594798289455, -0.047864649842973894, 0.34094054562937504, -0.20824466683125495, -0.03797292419891542], [-0.11613401247970699, -0.3013883717782898, -0.5529829881245245, -0.3877236898642959, -0.7501492369400253, 0.08380546334506056, 0.027617213673277862, 0.38637886748414996, 0.5273392747341894, -0.008615211316967287, 0.6290449601847536, 0.623040546650455, -0.04093830261178252], [0.531812956730026, 0.5669676195124027, -0.5555459548167112, 0.03685936496621907, 0.009830658170416076, -0.48103955182206837, 0.07286472463425665, -0.08230490385011945, 0.4265232465504717, -0.819798599055938, -0.10001023230440305, -0.598245883208974, -0.16187243155067993]], "inverted": true, "swapped": false, "error_lsq": 0.04341682564261385, "error_max": 0.2513992174694877, "target": "1051.xyz", "model": "19.xyz", "model_rescale": 3.9282355846067225, "target_rescale": 4.052513296878279},
{"mapping": [0, 11, 2, 1, 10, 5, 9, 3, 4, 7, 8, 6, 13], "R": [[0.23756937519674728, 0.5462687302897198, 0.8032130889597635], [-0.39045138593770135, 0.8108471776806583, -0.4359754232369518], [-0.8894428071483604, -0.21004125488810166, 0.4059238402176894]], "T": [-0.0318125083108108, 0.06829345215548972, -0.17698701715335546], "aligned_model": [[-0.3865059452710565, 0.21166574974083868, -0.37666096568419555, -0.655712065948112, 0.11670999749210291, -0.6134944873858269, 0.6427124259341682, -0.7002079413746147, -0.10628846254466348, 0.13564251316719833, 0.411657990201366, -0.24820600159458722, -0.12222682675040764], [-0.1432867247775922, -0.08978740779032614, -0.5865228204065108, -0.3184401303132422, -0.7566178676026732, 0.10048569153356314, 0.0417068010876044, 0.31050657796118963, 0.44072089432213923, -0.06585265770764827, 0.6609750774346196, 0.5729372942437256, -0.0475302150285548], [0.5083037114451954, 0.4780640884108443, -0.5389419881028954, -0.026364062470169536, 0.022253362278963684, -0.5620842609656027, -0.026208741846247108, 0.06986398221354864, 0.3281060213078533, -0.7618471828083684, -0.0018185635607169126, -0.5310385709755807, -0.11224678097192624]], "inverted": false, "swapped": false, "error_lsq": 0.048063268646060996, "error_max": 0.29771018724613374, "target": "1051.xyz", "model": "20.xyz", "model_rescale": 4.067790424073018, "target_rescale": 4.052513296878279},
{"mapping": [6, 2, 1, 5, 8, 13, 0, 11, 3, 9, 12, 10, 14], "R": [[0.5828846619982699, -0.04414844090305614, -0.811354661028697], [0.6407808106891947, -0.589023413192499, 0.4923935127147361], [-0.49964529764590093, -0.8069091236792951, -0.3150432393552527]], "T": [-0.12485038080205019, -0.08410363967937506, -0.02354670238889897], "aligned_model": [[-0.5427633585660664, 0.1553072186050689, -0.19274232585100298, -0.500098993907522, 0.033021503721420264, -0.737618284182969, 0.5571543076165384, -0.3939556187922845, 0.1284979278891139, 0.14330938282624966, 0.20286544681114704, -0.40584316330209214, -0.13804806288539107], [0.0027022077558494367, -0.17754699066653282, -0.4167685256125757, -0.5329755481126832, -0.6242212467043987, 0.021544548651433404, -0.16589122841444945, 0.5030795677304287, 0.5300553844157623, 0.14073366172229484, 0.5739504383583843, 0.3022113152525272, -0.03757907141974577], [0.5809120559750088, 0.659462807932636, -0.7705606639340226, -0.1020871953829303, -0.1158361133937563, -0.34522583128253514, 0.1571143748383912, 0.005271795165667448, 0.5078367225094083, -0.7175124281550346, -0.23937309930864317, -0.6891972363273273, -0.08476417468196416]], "inverted": false, "swapped": false, "error_lsq": 0.054234730431634945, "error_max": 0.3195585954260564, "target": "1051.xyz", "model": "21.xyz", "model_rescale": 4.186013935880536, "target_rescale": 4.052513296878279},
{"mapping": [3, 11, 2, 5, 8, 0, 9, 6, 4, 1, 10, 7, 12], "R": [[-0.3576223414575016, 0.850891825849357, 0.38482380590758875], [-0.8028555825488624, -0.4906148877716999, 0.33870332957750676], [0.47700018287269136, -0.18783006308764766, 0.8585980974471754]], "T": [-0.100018561107138, -0.008040897705509736, -0.10466041602058845], "aligned_model": [[-0.726790587838684, 0.1274338097793954, -0.23331805030401304, -0.6452098033128518, 0.3331070402416806, -0.6596451125590022, 0.4914308572430227, -0.5367032998599855, -0.06524070851426414, -0.09575213725704027, 0.4920122200666154, -0.05417576271021516, -0.11806248499244795], [0.010550642740919134, -0.1993167377337146, -0.6651120823250822, -0.5332973935528531, -0.6389771643349749, -0.017965051904495776, -0.050866161932568155, 0.3241341140255419, 0.5344544555723204, 0.11336212411598277, 0.5703783544839799, 0.6699039773084732, 0.0020454364927655067], [0.5729455431232542, 0.45269490216652514, -0.4211851502633887, 0.05474754835765838, -0.06005355991625551, -0.5612872604788399, -0.28851998883492724, -0.010750621328940557, 0.37711281010292313, -0.8260246373765463, 0.001312011889751663, -0.38145081353876015, -0.0634997699475561]], "inverted": false, "swapped": false, "error_lsq": 0.06028648580136468, "error_max": 0.38457952519436933, "target": "1051.xyz", "model": "22.xyz", "model_rescale": 4.166573947596378, "target_rescale": 4.052513296878279},
{"mapping": [4, 8, 11, 3, 9, 2, 10, 1, 0, 12, 5, 6, 15], "R": [[-0.2572003720331131, 0.3415296457616238, 0.9039941756958217], [-0.5484789162307558, 0.7185976546543241, -0.42753747107784656], [-0.7956248155232238, -0.6057845423838781, 0.0024982258487946662]], "T": [-0.021516833734737853, -0.050555174082698454, -0.13892933147774505], "aligned_model": [[-0.5126398564203639, 0.025814920853866358, -0.3463999270166092, -0.46466653592176965, 0.15302631487978513, -0.6665968343721697, 0.7133807128220893, -0.3772384662340485, -0.1321182932571099, -0.0014574722453654862, 0.2661938925763773, -0.30930420547498266, -0.03890827020748905], [-0.021173153221913446, -0.36465713565992597, -0.6043992155231139, -0.4374447133419057, -0.6237641797645299, 0.10062472502165111, -0.011697072734054584, 0.5579542522443184, 0.4503032549942922, -0.1332428694666906, 0.7290288380860998, 0.46181583002146537, 0.01594595230060107], [0.40677057396742194, 0.6048305780105845, -0.5969698110065242, -0.014987902248420379, -0.1013089731717857, -0.2565119410486393, 0.0001996630863398685, -0.032733949702774684, 0.49641617611010663, -0.7886536747787636, -0.11583632089715735, -0.6224187468603335, -0.1327546575051561]], "inverted": false, "swapped": false, "error_lsq": 0.049278091628580684, "error_max": 0.2938065756726805, "target": "1051.xyz", "model": "23.xyz", "model_rescale": 4.274766983524099, "target_rescale": 4.052513296878279},
{"mapping": [8, 7, 0, 1, 3, 4, 6, 9, 10, 11, 12], "R": [[-0.23477726929944936, -0.9481798186972468, 0.21409032027523023], [0.9559842802125755, -0.1853507946348109, 0.2274623901102956], [-0.1759934368285873, 0.258069979547217, 0.9499611549162215]], "T": [-0.10592909315100928, 0.012270507561895905, 0.06525046571160416], "aligned_model": [[0.25378152851260694, 0.13545980982452466, -0.4621120421854048, -0.3546369620537309, -0.6025604584750007, -0.5786152497812136, 0.01329386996155503, 0.0394551413573951, 0.6170838171969725, 0.4264816995793761, -0.10773644997900532], [-0.10065481701894853, 0.5817499102719901, 0.37523481255939267, -0.1729566456844547, 0.5117340008445341, -0.2476835182177493, -0.6101015203212719, 0.06543873017480141, -0.16647985364650128, 0.5365495888632166, 0.14275584341847405], [-0.5742200113106941, -0.08740637016879786, -0.6549902023228378, -0.40083230672632014, 0.07051340021989784, 0.4022902677689347, 0.22826010579971034, 0.733357912539971, 0.05479884787934346, 0.46880665408154587, 0.13898813626082443]], "inverted": true, "swapped": true, "error_lsq": 0.05288474595847232, "error_max": 0.2661765995031308, "target": "1051.xyz", "model": "24.xyz", "model_rescale": 3.7841303162186577, "target_rescale": 4.052513296878279},
{"mapping": [14, 13, 5, 12, 3, 2, 11, 9, 10, 4, 7, 8, 15], "R": [[0.9980439475344745, -0.02842794101693584, -0.05567881966547706], [-0.04328133314371671, 0.32846592845445116, -0.9435236404276565], [0.04511102959483088, 0.9440879122275069, 0.3265930326795128]], "T": [-0.050682811485822626, 0.18586516921559612, -0.15860397941938112], "aligned_model": [[-0.4428390252114247, 0.04366562110059992, -0.39241538166423695, -0.5144692187638705, 0.24182027836243727, -0.6678325972467998, 0.5476544241694423, -0.5909812182845118, -0.035409903900173914, 0.012715970762928477, 0.4634013297242221, -0.36043468572266957, 0.004210386656266836], [0.046796277749680454, -0.3965950086815311, -0.5514286124947766, -0.37485308765868464, -0.5541014405683398, 0.0029212900961244626, -0.02288086753854668, 0.22832604978347734, 0.6598920894288967, -0.1550989364404566, 0.5593733248505083, 0.5268588528933223, 0.15008458153661988], [0.5168013135517374, 0.35504815160274605, -0.48868802231475517, 0.055099345917694914, -0.2846723992049881, -0.551606151112009, 0.2748071576439618, 0.06143104906090871, 0.45809718199039917, -0.8192312691387043, -0.02071013064143165, -0.5290562269999812, -0.1812789864006805]], "inverted": false, "swapped": false, "error_lsq": 0.0567916170031293, "error_max": 0.3311121089432172, "target": "1051.xyz", "model": "25.xyz", "model_rescale": 4.19342608120988, "target_rescale": 4.052513296878279},
{"mapping": [0, 7, 8, 4, 1, 3, 6, 2, 10, 5, 9, 12], "R": [[-0.06896451901518996, 0.8680954952030105, -0.49158326489542237], [0.494834349646409, -0.3981010158387749, -0.7724341703978086], [-0.8662464207874216, -0.29652283621396697, -0.4021086247229796]], "T": [-0.036107593612400526, 0.011058896146749158, -0.17328788483029064], "aligned_model": [[-0.4043319818306738, 0.341695327217419, 0.1061635410393079, -0.47751212455490843, -0.43327682225023095, -0.3187590844759588, -0.10049623548796545, -0.2648808419441828, 0.5604518462406919, 0.29657933622505733, 0.2687232025801374, 0.023452391873087473], [-0.7547058175063986, -0.3644493561898213, -0.5721549258958626, 0.46417385736237704, -0.3268159495730508, -0.12181306272392048, 0.381168155198318, 0.5879562359971158, -0.0016073277096086917, 0.09566698113858607, 0.5944493212286313, 0.030908316414614764], [0.062022979816551776, 0.17619460052682237, -0.6099650118655913, -0.10655709474275078, -0.3769912121726644, 0.4580498772937448, -0.709017702880508, 0.5917511156259766, -0.6191185679070474, 0.6008344897433404, 0.019234305221488085, -0.03717931744994113]], "inverted": false, "swapped": true, "error_lsq": 0.04269039518754872, "error_max": 0.22212957725206856, "target": "1051.xyz", "model": "26.xyz", "model_rescale": 3.795458400668931, "target_rescale": 4.052513296878279},
{"mapping": [4, 10, 0, 3, 7, 2, 5, 9, 11, 1, 8, 1, 12], "R": [[-0.681300739121567, -0.23132967981275904, 0.6944896558697856], [0.5677654243642364, 0.43183965854263195, 0.7008258929336743], [-0.4620300052690359, 0.8717804130327257, -0.16287168472016622]], "T": [-0.129539378549287, 0.10956896186888372, -0.08398287405063576], "aligned_model": [[-0.4560864762559089, 0.11984017982672165, -0.3229740799267273, -0.5367278699008275, 0.1580014948445223, -0.8214124505119995, 0.586867695476414, -0.5406730660964225, -0.06499545555437136, -0.09580304439780826, 0.42590112281826664, -0.09580304439780826, -0.047049025941840794], [-0.001632739608775316, -0.2090074148191275, -0.4818725550106035, -0.49996246428693175, -0.6432987013856909, 0.02414321414595956, -0.11059476518851123, 0.23343680219822105, 0.5399121229986875, 0.3638983270918817, 0.5744329253424773, 0.3638983270918817, -0.03405856561317443], [0.6775053774703189, 0.5025368243310616, -0.6353930122483531, 0.004025829423345811, 0.019547925149107914, -0.6214296228714477, -0.012224212870502835, -0.08435598455490646, 0.4836556001621052, -0.6173979134847671, -0.1623349959769408, -0.6173979134847671, -0.09069688708935612]], "inverted": false, "swapped": false, "error_lsq": 0.053876572618052974, "error_max": 0.43973410279751346, "target": "1051.xyz", "model": "27.xyz", "model_rescale": 3.6321398670334006, "target_rescale": 4.052513296878279},
{"mapping": [10, 11, 5, 0, 2, 3, 13, 8, 9, 1, 6, 7, 14], "R": [[-0.3749181840719702, 0.6769724815804263, 0.6333597827735956], [-0.9238473809259746, -0.32964013797159675, -0.1945337919084603], [0.07708678231962796, -0.6580620325021849, 0.7490073359925791]], "T": [-0.17252119892076279, 0.13851153189079043, -0.08999377808210726], "aligned_model": [[-0.5330278443016241, 0.054589173060220486, -0.28640001676364596, -0.548542211617697, 0.17325273395622032, -0.6089381225335834, 0.6090170438317825, -0.604822375499954, 0.10330008224589393, 0.13081839296599507, 0.43294129130091064, -0.4967005897863409, -0.11640157687596751], [0.0009332202763579212, -0.28792845691505453, -0.6325046174782836, -0.34793621946735653, -0.5724345809922361, -0.034307380822282435, 0.01264883604076203, 0.4065673178119864, 0.35526814192574185, -0.1649382496925074, 0.6245254417105075, 0.6471494847990938, 0.11225157575956517], [0.5851201380877245, 0.3332031634293402, -0.49562296074478973, 0.01672303141302775, -0.18186148542105232, -0.5912262312964277, 0.10959051193761624, 0.00106336967126891, 0.4787868071016429, -0.6029952578044653, -0.12335677460652997, -0.5769050014104775, -0.10647829640197984]], "inverted": true, "swapped": false, "error_lsq": 0.04128237756052357, "error_max": 0.24775061081607178, "target": "1051.xyz", "model": "28.xyz", "model_rescale": 4.156811204709835, "target_rescale": 4.052513296878279},
