[{"mapping": [7, 4, 12, 5, 1, 3, 0, 10, 8, 11, 9, 2, 6, 14], "R": [[-0.0957033277094071, -0.5312723937689158, -0.8417781873417676], [0.9798137868963607, -0.19938983415589445, 0.014444273713064337], [-0.17551585704191752, -0.8234035084054058, 0.5396302866523617]], "T": [-0.012020271101696511, 0.03859977023446837, 0.1525161429496492], "aligned_model": [[0.016103390763237174, 0.3860368662223127, -0.33857980113739367, -0.3423421867716567, -0.5629312796774308, -0.16715633635360136, -0.7541794993792454, -0.08087293505705745, -0.3232941077795233, 0.2069960708535209, 0.5604736173988158, 0.14842944946881279, 0.6120466100681803, 0.010762242509332852], [-0.7042491365628715, -0.4876440473327518, -0.35757742196744774, -0.2666952109673064, 0.2472997171932399, 0.32060435186151287, 0.20164703324512323, 0.5263240892323355, 0.7773057277135538, -0.05536555090426089, 0.559481519114823, 0.67807674100353, -0.3051216551906048, 0.10118717537115955], [0.2014441711720292, -0.4105041188608983, 0.46002243631938783, -0.23968873149063274, 0.48640697393137583, -0.6035749470525956, -0.21656606344654372, 0.7663251145560933, 0.23485314968734838, 0.6529723913517124, 0.46545336018746597, -0.20693311876873233, 0.1636763422506256, 0.14370112734319773]], "inverted": true, "swapped": true, "error_lsq": 0.03992737767816459, "error_max": 0.21398203890644807, "target": "1052.xyz", "model": "0.xyz", "model_rescale": 3.8414455957264533, "target_rescale": 4.118406543424404},
{"mapping": [2, 5, 9, 7, 0, 4, 11, 1, 6, 8, 10, 12, 3, 13, 14], "R": [[0.7621469359124234, -0.164230344491443, 0.6262271489064701], [-0.5512684064596252, -0.6718216366718084, 0.49473107092548585], [0.33946309389795193, -0.7222770122659551, -0.6025618021692012]], "T": [-0.10630714101072525, -0.058904989640661196, 0.039110733705828946], "aligned_model": [[-0.4402118930076352, -0.1419952076431152, -0.6757898187427506, -0.28196423736013654, 0.3054297110390645, 0.1196247887821725, 0.4867647198131929, 0.749196531570774, -0.7178767663761583, -0.5343090686932497, -0.1015876625166775, 0.07078431303490385, 0.4447113387480459, -0.16934346495688976, -0.03073817094989556], [-0.5561562391158779, -0.043653600117037325, -0.19485177684561228, -0.6010576423361574, -0.45599256202626176, -0.5240832127863028, 0.3804114498455694, 0.006149925104426621, 0.04372824942492991, 0.5612753088632227, 0.4762516685153951, 0.667952270980206, -0.18820303570157387, 0.14293065322345083, -0.022651786027571445], [-0.39199660688076826, -0.6187772066002191, 0.38942149689368083, 0.33604521774641954, 0.4844326330418111, -0.1293565291653636, 0.4651767333185296, -0.0721511889623417, -0.4357325934589651, 0.2767935996180512, -0.3874644392289963, 0.1894659246830827, -0.502218678287662, 0.7672149815799328, 0.0068766669577168885]], "inverted": true, "swapped": false, "error_lsq": 0.04817989189931771, "error_max": 0.3419587751789918, "target": "1052.xyz", "model": "1.xyz", "model_rescale": 4.316132596720782, "target_rescale": 4.118406543424404},
{"mapping": [11, 12, 10, 13, 9, 6, 2, 4, 1, 7, 5, 14], "R": [[-0.1922643530560088, 0.47842564571454904, 0.8568216384210727], [0.19442664342827476, 0.8743742423176459, -0.4445986557521934], [-0.961890169857853, 0.0811084822571574, -0.2611296904543248]], "T": [0.056608307341131266, 0.0480779165990581, -0.10129823591974568], "aligned_model": [[-0.0763600817847192, 0.508076910135259, 0.052849616101970316, -0.5236495192276457, -0.6006773481191053, -0.44621463142126144, -0.307227502951593, -0.23904728302267753, 0.5613195025439515, 0.23630182496599747, 0.4155191733401463, 0.016917894071458654], [-0.47414156685067904, -0.22588628582290335, -0.5498055126114436, 0.3705362995432226, -0.320246912192856, -0.03431413365837722, 0.3941300122794561, 0.5592565626936612, -0.2217935474168358, -0.010853464655876027, 0.47092602531083644, 0.054968951122775195], [0.02854903892105712, 0.180264068415444, -0.613058366856011, -0.07680860816003851, -0.4608940343396615, 0.3968072577525349, -0.6596441241905031, 0.5340426324139709, -0.463206645038757, 0.6192895260214448, 0.11898504597039428, -0.15506732970045373]], "inverted": true, "swapped": true, "error_lsq": 0.0446082167554959, "error_max": 0.25465798943055035, "target": "1052.xyz", "model": "2.xyz", "model_rescale": 3.795458400668931, "target_rescale": 4.118406543424404},
{"mapping": [0, 3, 2, 6, 1, 11, 13, 5, 4, 7, 10, 14], "R": [[0.9221137230919065, -0.3023350702485288, -0.24145348824028143], [0.09939953518697195, 0.7882020459744807, -0.6073362060064067], [0.373933167946087, 0.5360326855887239, 0.7568638886156108]], "T": [0.05470851537919694, 0.1176985386575873, 0.057013961076347], "aligned_model": [[0.08674799859321952, -0.2060010764565212, -0.6191287569846589, 0.21325714264541729, 0.020562157066906395, 0.106195353076521, -0.23854780928864636, 0.4219837941489014, 0.42602282581073236, 0.7624243840984504, -0.36815817602827006, -0.012054010938486598], [-0.17648076130626683, -0.6017994036810508, -0.20914782172260332, 0.053450833546097656, 0.5096683853145042, 0.5906337481627799, -0.29517502630411685, -0.2657428785844373, -0.5111502383527757, 0.11309458289085762, 0.7670837062135335, 0.11133391911318709], [-0.7342119334438143, -0.24235326972320065, 0.00230136833499707, 0.7487241646281545, -0.494107949003407, 0.3415055942380724, 0.48691446502024466, -0.21542650251459083, 0.5250404067317697, 0.2896648656236462, -0.08031709788950157, 0.06103731863673009]], "inverted": false, "swapped": true, "error_lsq": 0.04778801020350096, "error_max": 0.25765506295004836, "target": "1052.xyz", "model": "3.xyz", "model_rescale": 3.7530521520055578, "target_rescale": 4.118406543424404},
{"mapping": [11, 8, 1, 0, 12, 3, 7, 13, 4, 5, 14], "R": [[-0.17026498344633875, 0.5705893893643926, 0.8033913020171354], [0.5020518509914914, 0.7517737399411989, -0.42752799072205855], [-0.8479114189159361, 0.3305510439850294, -0.41446620247297844]], "T": [-0.1793714365989872, -0.1457779389447159, -0.039832241497365986], "aligned_model": [[-0.36824091020388616, -0.07881161927215577, 0.2929443150538624, 0.49392353089722024, 0.23974369082477104, -0.10096987623601383, -0.006950014370589258, -0.7211649013944983, -0.417585290282296, 0.22340354166611748, -0.21809286423732643], [-0.6658600976063308, 0.05235009962116513, -0.34058421807330586, 0.3201043866253813, -0.5386297527455124, 0.6716071598488256, -0.44360984801568754, 0.21122074885320252, 0.17065288757496272, 0.14843800376142718, -0.11848601152978169], [-0.07295272408594161, -0.8144226359427027, -0.48425325652351503, -0.2477599949040573, 0.127999749190097, -0.07149159689500906, 0.6209070397083934, 0.10261099038303935, 0.7318539299823004, 0.2878132269508668, -0.08747395061815491]], "inverted": true, "swapped": true, "error_lsq": 0.0421088033863284, "error_max": 0.1907229520379039, "target": "1052.xyz", "model": "4.xyz", "model_rescale": 3.7855080009869324, "target_rescale": 4.118406543424404},
{"mapping": [9, 10, 0, 2, 12, 14, 11, 13, 5, 4, 7, 6, 8, 1, 16], "R": [[0.32883392015757257, 0.09640762943811745, 0.9394540020351855], [-0.8235378730453902, 0.5161622298725603, 0.23529114754461386], [-0.4622268107906315, -0.8510476610855052, 0.24912698357908342]], "T": [-0.03072580252729646, -0.06574916695169332, -0.03175249038236351], "aligned_model": [[-0.22704186121777356, -0.23769307864027758, -0.7029312538937035, -0.36439017653924416, 0.3398899024275015, 0.21320841317268333, 0.4402677064249371, 0.6891764837605139, -0.7753017965503509, -0.3667512696144883, -0.2673785063369034, 0.21895618575757697, 0.3912727015569462, -0.243046449334885, -0.025541888230887284], [-0.6635842567422556, -0.07271608350439863, 0.019612234840384143, -0.6538955687788909, -0.29604104542624876, -0.6917717883315795, 0.24074342022528328, 0.0038306568953284797, 0.1574925448041301, 0.5265101398738286, 0.5540460794943886, 0.5317966994462894, 0.14029353787410187, 0.014952024732204541, -0.11921892440175937], [-0.3648699317816242, -0.7303799181050411, 0.35467621657131254, 0.26580016564951836, 0.49043034441754807, 0.047551825164527106, 0.530976251402491, 0.010283032528617578, -0.25730286585581263, 0.2568936300016371, -0.37991742563339026, 0.04994763412035201, -0.5559409491472928, 0.6904048329131742, -0.03082283099110853]], "inverted": false, "swapped": false, "error_lsq": 0.034457598488860854, "error_max": 0.20323809615989702, "target": "1052.xyz", "model": "5.xyz", "model_rescale": 4.2253639853439635, "target_rescale": 4.118406543424404},
{"mapping": [9, 6, 12, 1, 11, 5, 0, 8, 4, 13, 7, 3, 2, 14], "R": [[0.9284523037212038, -0.31912789939343195, -0.1900886728438223], [-0.06262342313413463, 0.36994066917895163, -0.9269423974349178], [0.36613471098729944, 0.8725258077078095, 0.3234873850617388]], "T": [0.0002839188657106917, -0.1115576771108813, -0.017043564798307147], "aligned_model": [[0.6427837370310608, -0.18314828887878146, -0.46369704791286726, 0.06931957408457737, -0.03958468720052016, -0.37445831355929704, -0.019080741750166552, 0.6421172603776356, -0.41311691338874124, 0.2611594538175568, -0.7140878067150278, 0.23874534455862176, 0.6605714775061129, 0.06653910478761993], [-0.09971260426987491, 0.29866278193790263, -0.489410599217309, -0.7324937169442434, -0.3657162575893147, 0.05032199325383149, -0.2804616270841397, -0.4701933506577387, 0.6482826436750558, 0.4810182557582168, -0.023491483945175307, 0.3552768110610445, 0.17343567551832798, -0.10041937486159294], [-0.5500073801990583, -0.5700356449021414, -0.027360854315205428, 0.24413493161508099, -0.5080303328525392, 0.4182787165213092, 0.810424181264183, 0.31278622627123776, -0.08120191663791895, -0.16562355988850042, -0.20920696907842776, 0.6157828160448362, 0.19900691445800112, -0.01738891936940819]], "inverted": true, "swapped": true, "error_lsq": 0.04957164893412104, "error_max": 0.3161048134593279, "target": "1052.xyz", "model": "6.xyz", "model_rescale": 3.89814844738969, "target_rescale": 4.118406543424404},
{"mapping": [8, 2, 9, 0, 11, 13, 3, 1, 5, 4, 6, 7, 14], "R": [[0.019829166340098403, 0.9189915463319163, -0.39377829032684153], [0.26162170071649027, 0.37536307132778696, 0.8891887597116723], [0.9649667817476766, -0.12065281784460868, -0.23298499451614418]], "T": [0.03442225732197392, 0.035843161476916505, 0.053581983042284745], "aligned_model": [[0.19033130464186016, -0.181359524712785, 0.5179274559782451, -0.4146890910947134, 0.5400260099732375, -0.22912874761228397, -0.6778241871188173, 0.3071569746930762, -0.45122081128811387, -0.5392552928556551, 0.08603149310940113, -0.039434875809828976, 0.04007109300059976], [-0.42085263004199147, 0.11255093998455686, 0.45256024095693353, -0.6718572536179345, 0.20472156642319822, 0.5692912762923665, -0.07551286401568187, -0.5824115400107407, -0.17725237230391283, 0.5956935045675917, 0.7084397226245834, 0.20146390680455684, 0.046946767806959444], [-0.5917695480370755, -0.661563330850875, -0.48453171234340925, -0.051610813141651224, 0.20556561976866528, -0.2418029733977486, -0.3408446351634512, 0.009780244799291057, 0.3272302252204919, 0.3849964019726802, 0.28310059499249085, 0.7761636623250453, -0.012438705308158507]], "inverted": false, "swapped": true, "error_lsq": 0.04391587078628106, "error_max": 0.22293613795340816, "target": "1052.xyz", "model": "7.xyz", "model_rescale": 3.7474275329858107, "target_rescale": 4.118406543424404},
{"mapping": [3, 8, 1, 0, 10, 6, 11, 7, 2, 13, 4, 9, 5, 12, 14], "R": [[-0.595813641322686, -0.10086339732502062, 0.7967638796367822], [0.781051592757276, 0.15821149151797476, 0.6040923219202343], [-0.18698800567181822, 0.9822401432601464, -0.015485047728800494]], "T": [-0.08626295122585077, -0.007491410948525502, 0.08911409485639608], "aligned_model": [[-0.17930813637689663, -0.13886046692895265, -0.7579928785805147, -0.23640559458964644, 0.34647069045752316, 0.3051849744219857, 0.3605890100011811, 0.582935408244003, -0.8146829181341169, -0.4307249574099767, -0.4786012536210486, 0.49350142610082554, 0.3418122247953028, -0.1732698794614324, -0.1379525361765909], [-0.4939681815851902, 0.22366710375493606, -0.2805704439853188, -0.6354166867724629, -0.349235793169472, -0.70932276310489, 0.32552277042152644, -0.13194691107980355, 0.0012512941463082676, 0.767027507594634, 0.5644251907925105, 0.38422481545310805, -0.20009713228053683, 0.20417314307244575, 0.022315757743010558], [-0.4293620204427966, -0.5504244561930898, 0.28661995922918027, 0.2209483553963848, 0.6098978621381069, -0.05627976001415723, 0.3646224165888917, 0.06540721623547747, -0.33268848072468254, 0.3884102689163235, -0.2731122197207823, -0.2121699983929391, -0.45188141696095874, 0.6620630714760138, 0.08567921372393635]], "inverted": false, "swapped": false, "error_lsq": 0.04975036761576701, "error_max": 0.3431018729691716, "target": "1052.xyz", "model": "8.xyz", "model_rescale": 4.019505241142653, "target_rescale": 4.118406543424404},
{"mapping": [12, 5, 1, 10, 11, 9, 2, 7, 6, 4, 3, 13, 14], "R": [[-0.4243494691303215, 0.8458711454538717, 0.323155586888684], [-0.7676677002577132, -0.5253355822799094, 0.3670270125912572], [0.4802226879582518, -0.09232838826267988, 0.872273832400679]], "T": [-0.019527521021283564, -0.0843678375444617, -0.06389226773102641], "aligned_model": [[-0.3338943220889948, -0.596975410508292, -0.12413077526766726, 0.49112575403858777, 0.2991190970204553, 0.8123005368107786, 0.2995591270501806, -0.4091636457996217, 0.21105318650763716, -0.3056559598214808, -0.3000935836802857, 0.24813323022311257, 0.028323537256766382], [-0.5598744283398012, 0.0341781144548209, -0.18187852686416625, -0.23797080838883927, -0.5372854677262762, -0.014373151322620445, 0.5943662302523227, -0.6000424955224983, -0.3408360988431272, -0.008727160432833808, 0.6821610826319828, 0.27208680964880677, -0.03842587143371146], [-0.24616846265722367, 0.029075733458443442, -0.7257770907279414, -0.6426983788931777, -0.08805937897478733, -0.05125989963600608, -0.101073673830949, 0.30661107640959073, 0.5596340017874925, 0.7514499057074514, 0.03088968307412371, 0.428627886811611, -0.07454790848474868]], "inverted": false, "swapped": true, "error_lsq": 0.04766738003608025, "error_max": 0.2911640730861297, "target": "1052.xyz", "model": "9.xyz", "model_rescale": 3.877068213659057, "target_rescale": 4.118406543424404},
{"mapping": [1, 7, 3, 5, 12, 0, 10, 11, 4, 13, 2, 9, 8, 6, 15], "R": [[0.03326678846657673, 0.9486870400248839, -0.3144617955713288], [-0.43284940826310797, 0.29727321892881586, 0.8510405531312697], [0.9008522134908684, 0.10780321607690768, 0.42052794919253383]], "T": [-0.0824066493748386, 0.07383100464916396, 0.07951278528156758], "aligned_model": [[-0.2543536203149381, -0.32038819590857726, -0.5852119299870306, -0.34855359871700536, 0.14907095563467287, 0.32477757812764646, 0.44376758254804755, 0.6241564618970021, -0.6936144053153368, -0.5077943433049159, -0.2668388755671298, 0.3105556692832217, 0.3686922058580947, -0.125722917054663, -0.03584745443744329], [-0.6029159746889232, -0.0073884142082799725, -0.1558401203021143, -0.6591820223638181, -0.43930991280777903, -0.6027579858964199, 0.3792888255335666, -0.1283140308377288, 0.010346031536871289, 0.6600633904957289, 0.5682139342286686, 0.5255794840627815, 0.0024337212097690214, 0.1447774944779442, -0.0029447494394613805], [-0.43561280653535395, -0.6970532189490306, 0.39128091527617437, 0.132927631791249, 0.5707354770660955, -0.021454429097666983, 0.4442688363359553, 0.14704966914189457, -0.20418673359726774, 0.3497263963398677, -0.3228870542209437, -0.19824471931915122, -0.5423675782395115, 0.690573233731729, 0.072974391530869]], "inverted": false, "swapped": false, "error_lsq": 0.04009793479729771, "error_max": 0.325634368498554, "target": "1052.xyz", "model": "10.xyz", "model_rescale": 4.260839863003843, "target_rescale": 4.118406543424404},
{"mapping": [2, 9, 11, 10, 12, 1, 3, 13, 6, 7, 5, 14], "R": [[-0.25755051572206594, -0.2719342524892571, 0.9272105986098342], [-0.030222013067577158, -0.9568457583477591, -0.28902045716185093], [0.9657920903473176, -0.1024595386238444, 0.2382177179966845]], "T": [-0.03239849145012581, 0.07807430223482666, -0.01693136089509172], "aligned_model": [[0.4604180094843478, 0.17304802385950585, -0.30093833214617155, -0.45669855028996853, -0.5418571764571847, -0.5875809319752452, 0.5066373147354649, 0.6079815747390425, 0.27706157622534666, -0.1900847930054615, 0.011036397378899297, -0.0001244634544454032], [0.08565807125664442, -0.6350736522267465, -0.39132342021919864, -0.3376718905378466, 0.19072609037081484, 0.24822841689734837, 0.632643755544469, -0.09829680623374469, -0.34594996707448566, 0.1423030283210037, 0.6251597693908565, 0.05667511004381903], [-0.5834585566934446, -0.39930352909519196, 0.10474948516842411, -0.5331694044019386, 0.2761881328967204, -0.3653014647217271, -0.29470940230039283, -0.007717305424274918, 0.4649050491745239, 0.7083403755455149, 0.2174895407170739, -0.07183484346978271]], "inverted": false, "swapped": true, "error_lsq": 0.05080962128733079, "error_max": 0.29025652076585107, "target": "1052.xyz", "model": "11.xyz", "model_rescale": 3.890672605050136, "target_rescale": 4.118406543424404},
{"mapping": [13, 6, 7, 3, 5, 8, 9, 0, 2, 10, 12, 11, 1, 14], "R": [[-0.4558413759946333, 0.8401664488320492, -0.29381793374173565], [-0.8696717801807602, -0.3501784917566832, 0.3479166835152376], [0.18941920358967507, 0.4141199852312832, 0.8902948967300076]], "T": [0.13968560235079275, 0.0724869377021963, 0.06256536918881878], "aligned_model": [[0.2663858976809884, 0.24666589201888628, 0.5570047837435295, 0.571849709644758, 0.6819458331780155, -0.3321883339517926, -0.5124652850624966, 0.43850903524916096, -0.0038051984123658733, -0.6240679869073065, 0.1985464324981698, -0.22176375610062793, -0.16097259227795713, 0.10423140349273202], [-0.2858687162022783, 0.3319408925321802, 0.6799789878301065, -0.6184195165337344, 0.07098888684552469, -0.44257343155927986, -0.149136314323594, -0.26878263972507177, -0.6543399747641776, 0.08093626395738154, 0.5814664641465276, 0.45500465044706506, 0.13319712688881194, 0.017759840288303234], [-0.48223418695181614, -0.5923905861726011, -0.04609695411374501, 0.16815881142466163, 0.311751755174128, 0.46431788000646884, -0.40921753091165597, 0.7751985403537056, -0.059956915053539006, 0.2522657067779961, 0.371810998220162, -0.11147099740249788, 0.6662711064281635, 0.04638280757743031]], "inverted": true, "swapped": true, "error_lsq": 0.04816548829612922, "error_max": 0.2958809376861582, "target": "1052.xyz", "model": "12.xyz", "model_rescale": 4.124412569039231, "target_rescale": 4.118406543424404},
{"mapping": [2, 9, 6, 8, 13, 3, 10, 0, 11, 1, 5, 7, 14], "R": [[0.714961637378623, -0.45352199936360627, 0.5321162026945956], [0.5648589334197436, 0.8231922006842967, -0.05734968237448684], [-0.41202456530259024, 0.3415734135230404, 0.8447267965214729]], "T": [0.19812127048795808, 0.17880013125267616, -0.0723090960459411], "aligned_model": [[-0.07606608597873449, -0.2276597388551253, 0.6385309602934619, -0.5216249605824199, 0.43749015339617714, 0.334752326306, -0.5388020135351068, 0.061003264148821124, 0.0656946630641426, -0.2989405568300006, 0.5608359968286186, 0.7729567868251106, 0.1591275124288127], [-0.28893488227022035, 0.4829513092006781, 0.5978876416279397, -0.17959289911400175, 0.05136664138208005, -0.6103532266238205, 0.45471454477562623, -0.5115945697165151, 0.7166789133003565, 0.12335412007279854, -0.16583397734761893, 0.5193826227474626, 0.15745913847371226], [0.4472329440273933, 0.5782286381826511, 0.2993539291403993, -0.018670729755324522, 0.5341078722586796, 0.11163777541309605, -0.05843595021698106, -0.5393853364846046, -0.05221666826979916, -0.5288142700711296, -0.39758992170045376, -0.4018194695958935, -0.021930731960194058]], "inverted": false, "swapped": true, "error_lsq": 0.040499736209382416, "error_max": 0.24250616623902857, "target": "1052.xyz", "model": "13.xyz", "model_rescale": 3.9028299243045295, "target_rescale": 4.118406543424404},
{"mapping": [8, 2, 4, 5, 14, 12, 9, 11, 0, 7, 3, 6, 1, 10, 15], "R": [[-0.1334853139595571, 0.9905482598513923, -0.03155655023124698], [-0.9904107647271546, -0.13218729845554267, 0.04016260996995276], [0.03561162829318171, 0.03661506564795457, 0.9986947225743732]], "T": [-0.08444327530711136, -0.0730141217653012, -0.016370691395489034], "aligned_model": [[-0.39542362362672173, -0.12109007575124295, -0.7022322557755354, -0.35545612815354805, 0.44808530484342557, 0.2627797086613872, 0.37493170928769076, 0.645013164481171, -0.8072849845814811, -0.18545808220341992, -0.42122705908948443, 0.17902874843425365, 0.44309834945381077, -0.2390117443227372, -0.04305791891592307], [-0.643424812755491, -0.07847064818122153, 0.028838720617196834, -0.48246773375839047, -0.23759430080922173, -0.6700724692183011, 0.410233786097443, -0.13993677034644986, -0.04194139192862595, 0.6001969673259178, 0.4204369458537627, 0.5138133015143873, 0.05499623959075817, -0.05227033227756528, 0.009712169276607244], [-0.43401889996429366, -0.7517461110910788, 0.24310194298644316, 0.12854862019893262, 0.6709264268668217, -0.10121064720400426, 0.3789665564555935, 0.079917157766356, -0.4210319794359107, 0.5813004507466482, -0.1946181937201639, -0.19136877779013511, -0.3734588279569036, 0.7123479687421722, 0.05007432465443125]], "inverted": false, "swapped": false, "error_lsq": 0.044703138543813914, "error_max": 0.3558825210148611, "target": "1052.xyz", "model": "14.xyz", "model_rescale": 3.942246331269136, "target_rescale": 4.118406543424404},
{"mapping": [3, 4, 12, 1, 2, 5, 7, 9, 13, 8, 11, 6, 10, 0, 14], "R": [[-0.44822092308013484, -0.7320322418300449, 0.5130563331978966], [0.2578247887037268, -0.6554117487399234, -0.7099026820230747], [0.8559348003458389, -0.18591459473358934, 0.48250531709192046]], "T": [-0.055495827395809084, -0.01449551838878499, -0.05356264611627108], "aligned_model": [[-0.3082360680303743, -0.2183339568011325, -0.8143364296912181, -0.37790501934591053, 0.31465647274753805, 0.1993663517437532, 0.4392047546164399, 0.7480424558536254, -0.7881634693901891, -0.25281434838742584, -0.21262132829695563, 0.22095991062350703, 0.33487792247929876, -0.12135412552952024, -0.08064800984979104], [-0.646524833781082, -0.08903760545283967, -0.27952814748236926, -0.6711747593008308, -0.2872383430952925, -0.5727777540161467, 0.33180134757065644, 0.035069698608592326, 0.1875640895300535, 0.595718699229074, 0.6035678187233944, 0.4697610988974725, 0.07991354227744459, -0.018521605929151558, -0.04654357477816978], [-0.28423393984258855, -0.6117661912416266, 0.0947441439724906, 0.29495725759351826, 0.5557373989429685, 0.10813390058854568, 0.5516888081673599, -0.04792148055263966, -0.3421798454086846, 0.3795019404969693, -0.3813130281768729, -0.010468065609119323, -0.643219987896842, 0.6788060848207524, 0.03526301540067758]], "inverted": true, "swapped": false, "error_lsq": 0.041481428751140074, "error_max": 0.3298383251929663, "target": "1052.xyz", "model": "15.xyz", "model_rescale": 4.355366556412066, "target_rescale": 4.118406543424404},
{"mapping": [11, 12, 10, 13, 9, 6, 2, 4, 1, 7, 5, 14], "R": [[-0.1922643530560088, 0.47842564571454904, 0.8568216384210727], [0.19442664342827476, 0.8743742423176459, -0.4445986557521934], [-0.961890169857853, 0.0811084822571574, -0.2611296904543248]], "T": [0.056608307341131266, 0.0480779165990581, -0.10129823591974568], "aligned_model": [[-0.0763600817847192, 0.508076910135259, 0.052849616101970316, -0.5236495192276457, -0.6006773481191053, -0.44621463142126144, -0.307227502951593, -0.23904728302267753, 0.5613195025439515, 0.23630182496599747, 0.4155191733401463, 0.016917894071458654], [-0.47414156685067904, -0.22588628582290335, -0.5498055126114436, 0.3705362995432226, -0.320246912192856, -0.03431413365837722, 0.3941300122794561, 0.5592565626936612, -0.2217935474168358, -0.010853464655876027, 0.47092602531083644, 0.054968951122775195], [0.02854903892105712, 0.180264068415444, -0.613058366856011, -0.07680860816003851, -0.4608940343396615, 0.3968072577525349, -0.6596441241905031, 0.5340426324139709, -0.463206645038757, 0.6192895260214448, 0.11898504597039428, -0.15506732970045373]], "inverted": true, "swapped": true, "error_lsq": 0.0446082167554959, "error_max": 0.25465798943055035, "target": "1052.xyz", "model": "16.xyz", "model_rescale": 3.795458400668931, "target_rescale": 4.118406543424404},
{"mapping": [8, 2, 9, 0, 11, 13, 3, 1, 5, 4, 6, 7, 14], "R": [[0.019829166340098403, 0.9189915463319163, -0.39377829032684153], [0.26162170071649027, 0.37536307132778696, 0.8891887597116723], [0.9649667817476766, -0.12065281784460868, -0.23298499451614418]], "T": [0.03442225732197392, 0.035843161476916505, 0.053581983042284745], "aligned_model": [[0.19033130464186016, -0.181359524712785, 0.5179274559782451, -0.4146890910947134, 0.5400260099732375, -0.22912874761228397, -0.6778241871188173, 0.3071569746930762, -0.45122081128811387, -0.5392552928556551, 0.08603149310940113, -0.039434875809828976, 0.04007109300059976], [-0.42085263004199147, 0.11255093998455686, 0.45256024095693353, -0.6718572536179345, 0.20472156642319822, 0.5692912762923665, -0.07551286401568187, -0.5824115400107407, -0.17725237230391283, 0.5956935045675917, 0.7084397226245834, 0.20146390680455684, 0.046946767806959444], [-0.5917695480370755, -0.661563330850875, -0.48453171234340925, -0.051610813141651224, 0.20556561976866528, -0.2418029733977486, -0.3408446351634512, 0.009780244799291057, 0.3272302252204919, 0.3849964019726802, 0.28310059499249085, 0.7761636623250453, -0.012438705308158507]], "inverted": false, "swapped": true, "error_lsq": 0.04391587078628106, "error_max": 0.22293613795340816, "target": "1052.xyz", "model": "17.xyz", "model_rescale": 3.7474275329858107, "target_rescale": 4.118406543424404},
{"mapping": [9, 6, 11, 13, 8, 0, 10, 7, 2, 1, 3, 4, 5, 14], "R": [[0.1212095413920855, 0.8727416928325332, -0.47289553250937433], [0.9922374573508717, -0.11987310576520133, 0.03309481445909586], [-0.027804231789377465, -0.47323606805273116, -0.8804967623952931]], "T": [0.08782943237601928, 0.04388576060588857, 0.06124958149461102], "aligned_model": [[0.47575686261200023, 0.1257673363772151, 0.5968964830035578, -0.24189102522693082, 0.19159563797735923, -0.3266025791906104, 0.7235843374883765, 0.09256890139520832, -0.2177655984147784, 0.3905097469133011, -0.6590100012030856, -0.4743665137510734, -0.3468979648633447, 0.08470202476568169], [-0.4233425880973704, 0.4239802920082186, 0.1793031849636897, -0.08347697583399392, -0.7059642530841453, -0.18374730935619232, -0.4108961135734098, 0.7886805029300911, -0.6046218511341748, -0.1774504223087156, -0.2898738973574584, 0.5594476925374317, 0.30601848977954105, -0.01764850996227829], [-0.5116437154274043, -0.5402629313892174, -0.1112814456584639, -0.5011928147538772, 0.33750092943323556, 0.7612750799013117, 0.1527170721335605, 0.07761172903296898, -0.16219668810099036, 0.6251082655357454, 0.13937045161714656, -0.3516734958609691, 0.375002317640517, 0.0344599645580911]], "inverted": false, "swapped": true, "error_lsq": 0.04343215055166546, "error_max": 0.2656093946431576, "target": "1052.xyz", "model": "18.xyz", "model_rescale": 3.922800546911778, "target_rescale": 4.118406543424404},
{"mapping": [10, 4, 7, 9, 0, 2, 5, 1, 11, 12, 13, 8, 6, 3, 14], "R": [[-0.6240332757051551, -0.2939716239456778, -0.7239911291773091], [-0.7205012894786524, -0.14212301612606482, 0.6787333350785341], [-0.3024241436662971, 0.945188728562699, -0.12311744281674952]], "T": [-0.004259301866151276, 0.041510930568145615, 0.0015909522841295182], "aligned_model": [[-0.14985318893834249, -0.18353538000606626, -0.7350011953761969, -0.4253859370503991, 0.3617567025359407, 0.08389165451359418, 0.4268518588183208, 0.6946340325835, -0.625261630612578, -0.27591333561975523, -0.46758976063909435, 0.26926690397747094, 0.37948966992175587, -0.18174325781475772, -0.08891202355174666], [-0.5538972011096375, 0.0794078137530958, 0.026956605091204816, -0.6363068340876658, -0.20355886568089207, -0.659965718136564, 0.43746840003134324, -0.20158933809951404, -0.10070253488505829, 0.5753363821945952, 0.48875628777143265, 0.5389837547113167, -0.036421954344699456, -0.0870539798911312, 0.024636853682979434], [-0.5227107013871972, -0.6986169119560561, 0.3241052554365942, 0.16270774523376663, 0.7118132521064183, 0.11686836984338918, 0.4913812846665718, -0.01922707767562723, -0.31680353683920653, 0.5113443413927516, -0.23738650115770382, -0.22665202784325345, -0.5662390962462357, 0.6025233551087206, 0.04462226057197684]], "inverted": false, "swapped": false, "error_lsq": 0.042673984045573314, "error_max": 0.25707263797479135, "target": "1052.xyz", "model": "19.xyz", "model_rescale": 3.9282355846067225, "target_rescale": 4.118406543424404},
{"mapping": [7, 6, 9, 4, 5, 13, 3, 2, 0, 1, 11, 12, 10, 14], "R": [[0.8255497694971583, -0.5433604958057945, -0.15240390310247917], [0.5531847485704677, 0.7257714342906298, 0.40895288129166013], [-0.11159844099366821, -0.4219184717044316, 0.8997391795417045]], "T": [-0.03758029267645479, -0.11079292019410568, 0.08629723250489134], "aligned_model": [[-0.6970233360577041, -0.13872908488423097, 0.7014456828612192, -0.5085950795534661, -0.5149559341357904, 0.18198968932433598, 0.0014905130016527185, 0.5226069115150743, -0.22050070569511943, 0.04074700095814245, 0.060690342886506925, -0.44272119283610806, 0.5206314995665844, 0.025446512133579353], [-0.4555265997714568, -0.7431779597182856, -0.4972342596572448, -0.367690999816202, 0.21058443454822223, -0.28740334619429, 0.4827475799709189, 0.1918407206983821, 0.7108405216507511, 0.2463269262300536, -0.557343089632063, -0.16067714570548725, -0.15119278955555288, -0.09921190562290982], [0.12239367739302699, -0.22609118619639207, 0.04756159963067029, -0.5952614975699327, -0.07172602481406591, -0.5152641328813019, -0.4806689622446603, -0.3118005650088029, 0.1574661506808065, 0.6562726219789099, 0.39964994837919166, 0.5239386722738885, 0.6396005849767842, 0.06611227064556038]], "inverted": true, "swapped": true, "error_lsq": 0.04577288557614834, "error_max": 0.313476529838691, "target": "1052.xyz", "model": "20.xyz", "model_rescale": 4.067790424073018, "target_rescale": 4.118406543424404},
{"mapping": [10, 9, 5, 13, 6, 11, 2, 3, 1, 8, 7, 0, 12, 4, 14], "R": [[-0.30382726018239115, 0.9380227519590804, 0.1667402554189475], [-0.07328088313006545, -0.19750396185971042, 0.977559255092701], [0.9499046837118659, 0.28479027697032133, 0.12874622326665902]], "T": [-0.04764385916309351, -0.021275109669149993, 0.08337693620391938], "aligned_model": [[-0.3278660086840038, -0.2595990320122324, -0.5306003462674911, -0.4057144082364074, 0.25974218103354463, 0.2666369097183627, 0.4384880351943778, 0.7999180819335545, -0.7841738191349942, -0.41171485646677747, -0.353441071782347, 0.2580551799466124, 0.36404071325775506, -0.1694488625930488, -0.06162758316525936], [-0.5409949656558695, -0.00100966107708466, -0.09325154558283272, -0.6223291731695847, -0.34706026064835277, -0.5640102586948719, 0.33840735123309723, -0.09044024044822335, 0.02211523050044207, 0.3964260380594596, 0.528943816620952, 0.6081142847563571, -0.13678263077639582, 0.25859104521707066, -0.06466935933335788], [-0.4846491545390087, -0.66409494672195, 0.4150975190667099, 0.05801949719385793, 0.6723886172333032, -0.07378034266809623, 0.5169968621144477, 0.058882909593005905, -0.27571357846136213, 0.21808386562314735, -0.31713667794077943, -0.038586653416323766, -0.5523806373223501, 0.8245320962243496, 0.020070635275957274]], "inverted": true, "swapped": false, "error_lsq": 0.0426503985341694, "error_max": 0.31948743440118754, "target": "1052.xyz", "model": "21.xyz", "model_rescale": 4.186013935880536, "target_rescale": 4.118406543424404},
{"mapping": [8, 10, 1, 3, 13, 0, 2, 9, 12, 11, 6, 5, 14], "R": [[0.07566461815624279, -0.8875291727032901, -0.4544962410844383], [0.8385577552910695, 0.30326488362383014, -0.45260501698702815], [0.5395329059477959, -0.3468751619260721, 0.7671908924370052]], "T": [0.01681143068526533, 0.08623902969054068, 0.11566152668555679], "aligned_model": [[0.06089315519222219, -0.3340202059016653, 0.27464162007234716, 0.43629734127896536, -0.28300776689665674, 0.779748575437911, -0.10569165155300583, -0.7431733472998922, 0.2450214106288983, -0.3820301744621995, -0.4329059416320343, 0.5564252527723663, -0.01362423221403131], [-0.3749569912403493, 0.12133425501445042, 0.21973631001902091, -0.5896598187327, -0.3348577162015103, -0.1698065424771857, -0.6491822082120885, -0.1861321270715409, 0.627950957781902, 0.4474246462214566, 0.2656402088852544, 0.11128922146221577, 0.030176464097167705], [-0.5436656360612526, -0.5879453537735841, -0.4960931331493444, 0.32171937461856365, 0.5328716359273551, -0.14119248496514153, 0.02606644641377201, -0.09702096157941342, 0.0032960214902715557, -0.017471566868949073, 0.6384405837042446, 0.3692984087794957, 0.09457622679932863]], "inverted": false, "swapped": true, "error_lsq": 0.04311127134949337, "error_max": 0.2649389607198268, "target": "1052.xyz", "model": "22.xyz", "model_rescale": 4.166573947596378, "target_rescale": 4.118406543424404},
{"mapping": [6, 1, 3, 11, 14, 12, 10, 13, 4, 8, 0, 7, 5, 9, 15], "R": [[-0.18525887554524645, 0.7821202151172083, 0.5949513577904687], [-0.893029159730839, -0.3866521255673546, 0.23021523334627142], [0.4100951949269126, -0.4886594958652273, 0.7700868965244113]], "T": [-0.13977218866490304, -0.08611985516714706, 0.07268934750993714], "aligned_model": [[-0.01834571086148845, -0.2285156997621864, -0.7162159124755854, -0.4946187595045542, 0.4670908804050421, 0.05459245577045291, 0.45749914256941593, 0.6987692730862292, -0.7237827942540436, -0.46962931121656426, -0.23551362108172755, 0.2414437888085002, 0.4170915936178268, -0.23778121484292658, -0.12938899751674532], [-0.5729900409591461, -0.025405379123257313, -0.14837295316692273, -0.6813270209310198, -0.3362994179196321, -0.7035715572412989, 0.2745062808542523, 0.0011342487449459981, 0.2829169707427449, 0.5957807343811387, 0.5375331335116625, 0.49627719617348687, 0.11218709513307666, -0.06226960003810608, -0.0780500191611187], [-0.4994301021174855, -0.6319647538078538, 0.23163536691516845, 0.4493930353244867, 0.5143964506905722, 0.1744593618976102, 0.34500713981873565, -0.005080037022254652, -0.17750447145118556, 0.3560354342957345, -0.44562165051034175, -0.09125485262824543, -0.5118096367883611, 0.6645293279100527, 0.004939398728275993]], "inverted": false, "swapped": false, "error_lsq": 0.04529456194886435, "error_max": 0.31223087433607166, "target": "1052.xyz", "model": "23.xyz", "model_rescale": 4.274766983524099, "target_rescale": 4.118406543424404},
{"mapping": [3, 5, 0, 8, 1, 10, 9, 11, 6, 7, 14], "R": [[0.5096282097171829, -0.17827820487790447, 0.8417220262806308], [0.6419024426742855, -0.5726504670110166, -0.5099340121239707], [0.5729226317307116, 0.8001801823949256, -0.17740161710981958]], "T": [0.05149710543639323, 0.10922070057280674, 0.06146591818229766], "aligned_model": [[0.18122455948788402, 0.20027400564569092, -0.34064361222407075, -0.6009802727563569, -0.598513189520856, -0.5749359460701083, -0.014201332916318546, -0.00799517510879412, 0.6473272536858063, 0.45147427649410893, 0.03686413724108942], [0.06926421465753117, 0.588658872519803, 0.5189127591367817, -0.23198733756380918, 0.2979679498546275, -0.25471977359590087, -0.6849565404265967, -0.010713299981766775, -0.058222480739733254, 0.6327841538043469, 0.048598013578200185], [-0.7489918451094677, -0.2612518072339193, -0.564620721088517, -0.26595983118910904, 0.08153546183258442, 0.36888439118343785, 0.3103895524483763, 0.5993605177567172, 0.41456315123120857, 0.40918558070565536, 0.036471983484610934]], "inverted": false, "swapped": true, "error_lsq": 0.05230570551323148, "error_max": 0.3141272136803966, "target": "1052.xyz", "model": "24.xyz", "model_rescale": 3.7841303162186577, "target_rescale": 4.118406543424404},
{"mapping": [14, 12, 11, 10, 0, 9, 1, 8, 13, 6, 3, 4, 2, 7, 15], "R": [[0.5993808803157193, 0.5147567457887998, 0.612999227549985], [-0.4571520116546214, 0.8487610203221915, -0.2657381580085284], [-0.6570803592804205, -0.12095545893657522, 0.7440532093885196]], "T": [-0.02767287269405229, -0.05388289664922252, 0.05438594882611919], "aligned_model": [[-0.3544431240091054, -0.1693124920958582, -0.7563960810427244, -0.26958930734747727, 0.3015842411314468, 0.1307391108340245, 0.5586426735007993, 0.5551452307991978, -0.6993674255038826, -0.26296897721531975, -0.42053691813552996, 0.26026110124196367, 0.5120868783787179, -0.2459151735659011, -0.057234624228706066], [-0.6287355492929085, -0.1100992638643212, 0.03862100744754901, -0.735082906930507, -0.15246350302303432, -0.48144563688578523, 0.2454390563629083, -0.12835540643625365, -0.046426852130099006, 0.569363921659205, 0.5762495588944876, 0.6213338472053015, 0.03197212049035711, -0.11538409638157276, 0.007063373885478723], [-0.3838657972224005, -0.6885473218657947, 0.27761919568589855, 0.3419587046889649, 0.7049253914380698, -0.31199698631445966, 0.4003293582711326, 0.11946042281872876, -0.3465764339440994, 0.3340743449182123, -0.2580125433324731, -0.07933285437770457, -0.4653075715116329, 0.6638065430317157, 0.06919555897075097]], "inverted": true, "swapped": false, "error_lsq": 0.04378476337016936, "error_max": 0.2705101343756284, "target": "1052.xyz", "model": "25.xyz", "model_rescale": 4.19342608120988, "target_rescale": 4.118406543424404},
{"mapping": [11, 12, 10, 13, 9, 6, 2, 4, 1, 7, 5, 14], "R": [[-0.1922643530560088, 0.47842564571454904, 0.8568216384210727], [0.19442664342827476, 0.8743742423176459, -0.4445986557521934], [-0.961890169857853, 0.0811084822571574, -0.2611296904543248]], "T": [0.056608307341131266, 0.0480779165990581, -0.10129823591974568], "aligned_model": [[-0.0763600817847192, 0.508076910135259, 0.052849616101970316, -0.5236495192276457, -0.6006773481191053, -0.44621463142126144, -0.307227502951593, -0.23904728302267753, 0.5613195025439515, 0.23630182496599747, 0.4155191733401463, 0.016917894071458654], [-0.47414156685067904, -0.22588628582290335, -0.5498055126114436, 0.3705362995432226, -0.320246912192856, -0.03431413365837722, 0.3941300122794561, 0.5592565626936612, -0.2217935474168358, -0.010853464655876027, 0.47092602531083644, 0.054968951122775195], [0.02854903892105712, 0.180264068415444, -0.613058366856011, -0.07680860816003851, -0.4608940343396615, 0.3968072577525349, -0.6596441241905031, 0.5340426324139709, -0.463206645038757, 0.6192895260214448, 0.11898504597039428, -0.15506732970045373]], "inverted": true, "swapped": true, "error_lsq": 0.0446082167554959, "error_max": 0.25465798943055035, "target": "1052.xyz", "model": "26.xyz", "model_rescale": 3.795458400668931, "target_rescale": 4.118406543424404},
