[{"mapping": [5, 8, 11, 6, 3, 0, 2, 7, 9, 1, 10, 13], "R": [[-0.14012796299344732, 0.9592867613846101, -0.24522043842129698], [-0.055450731748062476, -0.25487849429827725, -0.9653818775452787], [-0.9885794709257882, -0.1216793432611678, 0.08890875709186019]], "T": [0.021396882599847504, -0.08565987387172919, -0.011234568169356932], "aligned_model": [[-0.4577386694336642, -0.6574665664025289, -0.5885998814193609, -0.29459992715592936, 0.17540387008897976, 0.783902610589298, 0.46959923187399905, -0.24951741957638118, 0.2902588024278456, 0.34578602122819696, -0.2988092115894742, -0.058112202282454735], [-0.67065938450385, 0.21506457234040582, 0.01764912824634908, -0.19395755644796436, -0.36933248034410165, 0.02601924878028128, 0.12404397669238865, 0.6134000444084038, 0.5716100663478683, -0.4923674213673859, 0.5052246635291546, 0.05570134429360707], [0.013381600893245707, -0.254726573544693, 0.31170975955717495, -0.6989582862134867, -0.422345266083465, 0.02781953440107747, -0.5997897436401171, -0.1077496136597353, 0.16891166552526238, 0.2385749011727747, 0.7395999311353753, 0.004100805167809604]], "inverted": true, "swapped": false, "error_lsq": 0.059780362228365164, "error_max": 0.3517566621112808, "target": "1053.xyz", "model": "0.xyz", "model_rescale": 3.8414455957264533, "target_rescale": 3.789646106287418},
{"mapping": [0, 1, 4, 11, 13, 8, 10, 5, 6, 7, 2, 14], "R": [[-0.816579707650092, -0.3861376766605501, -0.4290632537485387], [-0.5772291750920975, 0.5436498253139048, 0.6093039855922967], [-0.002015062427614095, 0.7452130984485937, -0.6668233479896004]], "T": [-0.010294290433064152, 0.024095978942440657, -0.018926250862393613], "aligned_model": [[-0.4326419784084645, -0.7149368433116826, -0.472456363118262, -0.17178808712983473, 0.3317286775781929, 0.7142016990878354, 0.14092220485213977, -0.1443799628589729, 0.42332634575990213, -0.05725419617637792, -0.09341765932750459, -0.0631971785984452], [-0.5633430776738869, 0.020667229642287024, 0.03340197996625035, -0.358921075391316, -0.6111373771454984, 0.017907943646897337, 0.5672527709612024, 0.6620267102399353, 0.5943432311662197, -0.3716959697787169, 0.35892469557420525, 0.052969140767577624], [0.02640756356701327, -0.520887412228173, 0.2676690243332341, -0.7628906934588985, -0.25204826463491153, -0.3341557972058239, -0.40686383765689016, 0.07796647073643984, 0.2922302836704353, 0.4851555904245243, 0.6334424820492894, -0.08549669488501602]], "inverted": true, "swapped": false, "error_lsq": 0.051133843436755456, "error_max": 0.26787839152163817, "target": "1053.xyz", "model": "1.xyz", "model_rescale": 4.316132596720782, "target_rescale": 3.789646106287418},
{"mapping": [8, 2, 1, 2, 6, 3, 4, 0, 5, 10, 9, 11], "R": [[-0.7177030750010952, 0.6933796972110783, 0.06424088752069068], [-0.5341641575726789, -0.6073809409439678, 0.5880110928738427], [0.4467336442430129, 0.3877021899261005, 0.806297750851299]], "T": [0.03473826024814284, 0.05091586734623937, 0.10543635909211391], "aligned_model": [[-0.39242291182442474, -0.5403065881287225, -0.48512535043667826, -0.5403065881287225, 0.3829886957148948, 0.684680075577506, 0.2443374318542194, -0.2660643554018678, 0.31316774860046237, 0.08611041786364235, -0.11799224025673097, 0.09104032291494726], [-0.5673259354565574, -0.0052410541391485, 0.045454358459907855, -0.0052410541391485, -0.5121297203751093, 0.06454777569426418, 0.2355091579365014, 0.6435969899956889, 0.6273123139060595, -0.509167497140525, 0.36272712332288864, 0.02235374391033449], [-0.044051172674350436, -0.5002824075558363, 0.2613506355751629, -0.5002824075558363, -0.38220824853135693, 0.01374766513111024, -0.613119996017107, -0.14388458238602403, 0.18292208891429718, 0.3898714568497641, 0.7607215184645872, -0.004255835503187949]], "inverted": false, "swapped": false, "error_lsq": 0.05841617357122341, "error_max": 0.4897819387213665, "target": "1053.xyz", "model": "2.xyz", "model_rescale": 3.795458400668931, "target_rescale": 3.789646106287418},
{"mapping": [8, 9, 7, 3, 6, 2, 5, 4, 10, 1, 0, 11], "R": [[-0.9879278623983831, 0.10961639852310459, 0.10946590278157436], [0.04148975577953813, 0.8680286062672112, -0.4947776660957496], [-0.1492552808523553, -0.4842629284558407, -0.8620976030943699]], "T": [-0.0032125534705283038, 0.05367657560194494, 0.012033784360838379], "aligned_model": [[-0.3117832938157053, -0.6871474661621358, -0.7092966365477689, -0.12058036154275949, 0.22227973589006644, 0.7409715691381941, -0.013261576427767395, -0.159029314865008, 0.47660404622515645, 0.08422648993891971, 0.0034300225775341087, -0.06630655606019999], [-0.6347764406104021, 0.059656080825468444, 0.041476977940749254, -0.2763030555056757, -0.41302209062962486, -0.10444529021548338, 0.3904253657900898, 0.6719059507074808, 0.602976696104408, -0.396059396521951, 0.34045452650585983, 0.12010687758423752], [-0.19138568300225947, -0.5234584410972704, 0.3028923995982923, -0.7051888214027889, -0.2683978097891351, 0.10644129795207544, -0.6046702654018089, 0.07887920266868345, -0.07196707082893555, 0.4437290600184094, 0.7399913567746008, 0.11366348922136003]], "inverted": false, "swapped": false, "error_lsq": 0.05939114704918988, "error_max": 0.32176528682428535, "target": "1053.xyz", "model": "3.xyz", "model_rescale": 3.7530521520055578, "target_rescale": 3.789646106287418},
{"mapping": [7, 10, 8, 5, 6, 9, 1, 2, 0, 4, 11], "R": [[0.8716589601956084, 0.0041987879599300615, -0.4900949166134849], [0.2873874783865061, -0.8143923650966293, 0.5041562386195021], [-0.3970127131180521, -0.5802994449867983, -0.7110790812354539]], "T": [-0.030919143542035118, 0.008091405854323927, 0.044320124876578534], "aligned_model": [[-0.3076594583715771, -0.4974878727803016, 0.3089324859044691, 0.6302086527690001, 0.4251380928865844, -0.1771651025625895, -0.43856665408110357, -0.5128925651479493, -0.4682585560888293, 0.39203127183521574, -0.01608069191771369], [-0.5946520762566516, -0.0711831666624095, -0.1825970443862741, 0.16099880067584843, -0.5024021412198855, 0.615582839939134, -0.4986590144729733, 0.05211109992993057, 0.31967791035772347, 0.23401218066170737, -0.06568603025180368], [-0.1839207101186648, -0.6807812980886498, -0.6690249813503759, -0.20398361550513672, 0.15100414384981364, -0.07137691268009176, 0.593013005305455, 0.06655378864775265, 0.6760039620477213, 0.4419638510434786, -0.026620455905985538]], "inverted": false, "swapped": true, "error_lsq": 0.05815311037009638, "error_max": 0.3242614859617811, "target": "1053.xyz", "model": "4.xyz", "model_rescale": 3.7855080009869324, "target_rescale": 3.789646106287418},
{"mapping": [10, 7, 8, 5, 3, 2, 0, 6, 12, 15, 13, 16], "R": [[-0.3441054903445312, 0.9221548869908799, 0.17669684749193298], [0.6845905438378622, 0.3752051523817412, -0.6249455023551849], [-0.6425941166883882, -0.09408218760760201, -0.7604086685279423]], "T": [0.016440504273529055, 0.11878367072663015, -0.018770188735995248], "aligned_model": [[-0.35504991909341604, -0.648969257034932, -0.5133373116743508, -0.1880287128835356, 0.316616502493477, 0.7079002657851488, 0.26814918876532473, -0.45002328018520343, 0.4521224545576831, -0.07146555810056061, -0.11688031577532398, 0.05907260149421431], [-0.5051778326083936, 0.08666028595974841, -0.05202968501272698, -0.18687090241016158, -0.3605101705242993, -0.0586018683210926, 0.24974945369404333, 0.5738247450758227, 0.5337171267332044, -0.3945147530521092, 0.4225939590615229, 0.09355584337959798], [-0.0790294766244997, -0.3616512316392803, 0.41188992921570716, -0.7397908997943157, -0.4219926945945185, -0.20904224744597644, -0.745381904278523, 0.018995225475055926, 0.2991554759927099, 0.6200688825722648, 0.6252736812905495, 0.0020339745420492154]], "inverted": true, "swapped": false, "error_lsq": 0.045702698241387625, "error_max": 0.23184383436987693, "target": "1053.xyz", "model": "5.xyz", "model_rescale": 4.2253639853439635, "target_rescale": 3.789646106287418},
{"mapping": [0, 12, 9, 7, 3, 2, 6, 11, 5, 1, 8, 13], "R": [[-0.7915334143864097, -0.6106626337271884, 0.023790789797019443], [-0.3379756283729892, 0.4698502607967574, 0.8154834192398408], [-0.5091633613445447, 0.6374416680752779, -0.5782912685366535]], "T": [0.033134345796336916, 0.0011550998680065275, 0.06879041803246998], "aligned_model": [[-0.3967204159563272, -0.6966583849565072, -0.49326218267431, -0.25806065277627543, 0.29142602274878665, 0.6870249082085419, 0.1865234149280607, -0.21899798030161968, 0.37440027477777865, 0.0755857687149395, -0.1515421580239018, 0.06038804365935979], [-0.6614283625236175, 0.2579249729424773, -0.10064710898968562, -0.21380436378256784, -0.33324950753000526, 0.07002688630084997, 0.24703515948120294, 0.6962769826691712, 0.53120472151247, -0.4507870745863793, 0.38527612688912966, -0.025432230407888414], [-0.07002848734531765, -0.4535270782192431, 0.36057703967768756, -0.6371763785098783, -0.5008308955315633, -0.06483376188655356, -0.5054331950997516, -0.17367328440685587, 0.12646390207565472, 0.6455502723911917, 0.6722889690959021, 0.021151612469950738]], "inverted": false, "swapped": false, "error_lsq": 0.04400228555026351, "error_max": 0.2112215171567115, "target": "1053.xyz", "model": "6.xyz", "model_rescale": 3.89814844738969, "target_rescale": 3.789646106287418},
{"mapping": [2, 5, 10, 1, 0, 3, 6, 9, 8, 4, 11, 12], "R": [[0.10349142975895798, 0.9922333282507231, -0.06901120398123298], [0.835487923539919, -0.12436999355017897, -0.5352495066072298], [-0.539675322379485, -0.0022642907987110994, -0.84187019153892]], "T": [0.07577199715148833, -0.034283412241273285, 0.04225244607643004], "aligned_model": [[-0.4195353781524035, -0.4526029064768461, -0.6284385948252917, -0.2202994655499629, 0.3249189437259266, 0.8006923912960342, 0.20794489708949174, -0.43358027234474084, 0.36486967839431694, -0.054826273313952845, 0.04166751868963907, -0.07070388018368479], [-0.5375425291833559, 0.18773147662262551, -0.005797651738497729, -0.36705152021907433, -0.404585602362386, 0.10468702319248291, 0.33802250965080805, 0.695479847514462, 0.5674009550229101, -0.46073493973723006, 0.365056927345406, -0.08027029413299419], [-0.012049576954126714, -0.48129884497663084, 0.247629335351776, -0.6763598884409633, -0.3473787570791311, -0.28571032147284453, -0.506650529023764, -0.034895005627030615, 0.1521852674022418, 0.50763290852847, 0.7456048093700006, 0.11181931763322554]], "inverted": true, "swapped": false, "error_lsq": 0.052856905810890344, "error_max": 0.28490729573442036, "target": "1053.xyz", "model": "7.xyz", "model_rescale": 3.7474275329858107, "target_rescale": 3.789646106287418},
{"mapping": [6, 5, 3, 7, 10, 12, 11, 8, 13, 0, 2, 14], "R": [[0.2547550507784368, 0.9665358778789469, 0.030137366767022333], [0.9024248695257798, -0.24882427430925474, 0.3517326191524643], [0.3474611042465844, -0.062408951980037874, -0.9356152541234553]], "T": [0.03552551974325937, 0.09783717456234967, -0.007422290712777398], "aligned_model": [[-0.44343923833751825, -0.6197686611361833, -0.5908454886125107, -0.18264679570691555, 0.28093297222219227, 0.6498421835899206, 0.3064217783484964, -0.4434698791889587, 0.6695149296927688, -0.04423001077604135, -0.17731024086675107, 0.05510510912002635], [-0.5484222137230106, 0.05574066384220416, -0.09061774688866478, -0.15698142841928966, -0.5207331811900275, 0.06404984559292567, 0.17106357919868406, 0.5807107174470721, 0.7325738123391057, -0.47375354256121516, 0.4513122800160553, 0.13745341632131716], [-0.14841754583648314, -0.2934972534631318, 0.2863099674014449, -0.6001667147857604, -0.3713031186502222, -0.05342307027982167, -0.5621592250587676, 0.04363517926220176, 0.049837271181290825, 0.31059711919283756, 0.7262982178460989, 0.03281788790153581]], "inverted": false, "swapped": false, "error_lsq": 0.049166036786053906, "error_max": 0.2917396346555698, "target": "1053.xyz", "model": "8.xyz", "model_rescale": 4.019505241142653, "target_rescale": 3.789646106287418},
{"mapping": [7, 8, 9, 4, 0, 2, 5, 11, 6, 1, 10, 12], "R": [[-0.05196895792338113, -0.24141477053639213, 0.96902948148094], [-0.657447326388207, -0.7221274071734782, -0.2151627775288014], [0.7517062195015795, -0.6482676271230664, -0.1211892866010546]], "T": [0.03128969968447993, 0.05845018573635791, -0.034470236894193304], "aligned_model": [[-0.48789284005109346, -0.6003017043996077, -0.5718711368772319, -0.0805766084730154, 0.13927144080782303, 0.6137530100224444, 0.1655013711909114, -0.3398285817556058, 0.39852967009757834, 0.09416699605045326, 0.10534865121632966, 0.024006390519539685], [-0.6297934147547606, 0.04667975063043747, 0.06975948674696641, -0.30195815408479243, -0.5532671142014638, -0.039325789511743994, 0.4536037417469885, 0.5528018404978241, 0.6531476461949697, -0.3100758995333498, 0.37536567665360676, 0.0854584315904742], [-0.31079292306461553, -0.27340681117826976, 0.28710271964797346, -0.7728376447134275, -0.22627213107629568, -0.06835995496739114, -0.5601751099413819, -0.10614440663857862, 0.16435524593424583, 0.5281488813803695, 0.8212514477278985, -0.06234059839930425]], "inverted": true, "swapped": false, "error_lsq": 0.05370082538251211, "error_max": 0.29381309092558144, "target": "1053.xyz", "model": "9.xyz", "model_rescale": 3.877068213659057, "target_rescale": 3.789646106287418},
{"mapping": [13, 14, 6, 2, 4, 1, 8, 11, 0, 3, 12, 15], "R": [[-0.21467006761950347, -0.5366332358659867, -0.816052407773078], [0.10391978304657663, 0.818238665616551, -0.5654079631395353], [0.9711423380533823, -0.20618015485018457, -0.1198845402300216]], "T": [-0.08325052050724374, 0.01231108738517454, -0.07592782038850925], "aligned_model": [[-0.5796102886854277, -0.7892733122823048, -0.48922233943498217, -0.17245281373919297, 0.2923840718237566, 0.7826586661143553, 0.2236269060061617, -0.15298106763626879, 0.3860040248602079, 0.03677316898443457, -0.04478264342697855, -0.03301771423523539], [-0.5759789042510157, -0.03522822977423158, -0.08342285088341503, -0.28164614845260333, -0.5390925966563143, 0.06795843215537721, 0.49923325885528136, 0.7422652230341593, 0.5992669165342793, -0.4215911276412012, 0.3516526403605043, 0.07897958869433634], [-0.14790255372224081, -0.40576623151849167, 0.3783039160907212, -0.6641348012466755, -0.18969648925110935, -0.07257166964974099, -0.5897915959511022, 0.007498116284292158, 0.186844061504632, 0.3713802663752277, 0.5885740596470246, -0.042208363851314115]], "inverted": false, "swapped": false, "error_lsq": 0.04310150194770956, "error_max": 0.22571642263336292, "target": "1053.xyz", "model": "10.xyz", "model_rescale": 4.260839863003843, "target_rescale": 3.789646106287418},
{"mapping": [9, 8, 10, 8, 2, 3, 1, 7, 0, 4, 6, 11], "R": [[0.4939915581338157, 0.35657495435950237, 0.792985903037402], [-0.8409705773122931, -0.03563265201122634, 0.5399062902075469], [0.22077325152190402, -0.933586962223748, 0.2822668159353494]], "T": [-0.008786016581752543, 0.012666342411974993, 0.02015386853221532], "aligned_model": [[-0.4966434375630994, -0.471236945525675, -0.5249724294110061, -0.471236945525675, 0.30183188767943475, 0.7006168090722824, 0.33507480900726355, -0.2863834573185895, 0.3390961153785978, 0.037006807300469874, -0.004239850899331488, 0.001193296153853992], [-0.6131646523118595, -0.08238061955713759, -0.021842226454223027, -0.08238061955713759, -0.4087145535332816, -0.011401003602515627, 0.29772222637345097, 0.5993292395649024, 0.8029041002148043, -0.6579951844664935, 0.514248548068808, 0.06607094723583949], [-0.057717589612705344, -0.5208808996648834, 0.3746881234744919, -0.5208808996648834, -0.4229169883588805, 0.018943404713461065, -0.5488483448074811, -0.07134441168516086, 0.17679542706795773, 0.310358955060957, 0.692202942633387, -0.00987100444503669]], "inverted": true, "swapped": false, "error_lsq": 0.059615753540210835, "error_max": 0.38785646569741034, "target": "1053.xyz", "model": "11.xyz", "model_rescale": 3.890672605050136, "target_rescale": 3.789646106287418},
{"mapping": [7, 8, 5, 3, 4, 2, 0, 6, 11, 12, 9, 13], "R": [[0.41199747093739447, 0.8983184465489592, -0.1525845750102401], [-0.5699138545685728, 0.12339203907093846, -0.8123869786405417], [-0.7109544868076878, 0.4216614439141676, 0.5628013365338045]], "T": [0.014113100587067433, 0.18787396150692343, -0.04291182448186416], "aligned_model": [[-0.40582279750189076, -0.6221125916676026, -0.5669918643408247, -0.22582056664169065, 0.4210008617589681, 0.718161578891117, 0.03752986853128511, -0.17474807702453096, 0.4304111649179831, 0.02053223247713739, -0.17968746830977053, 0.007654317258344832], [-0.553723018746406, 0.19715522660953877, -0.07474430059875936, -0.3475724511222759, -0.29750489079161535, 0.09483679287155092, 0.21003814694540063, 0.7322033521676146, 0.4267579288123079, -0.4002947493018358, 0.3956169311217128, 0.019627234007923183], [-0.017378891791619624, -0.3810268529430283, 0.4024204671609088, -0.7562084882443662, -0.34275638984033974, -0.0778969515611461, -0.6325345374179511, -0.052674713177240304, 0.22614678566474483, 0.414415748616908, 0.6817291998138156, -0.04370666156946301]], "inverted": false, "swapped": false, "error_lsq": 0.04518403240853414, "error_max": 0.23705263701999146, "target": "1053.xyz", "model": "12.xyz", "model_rescale": 4.124412569039231, "target_rescale": 3.789646106287418},
{"mapping": [2, 10, 4, 11, 8, 6, 9, 7, 3, 1, 0, 12], "R": [[-0.9100565814074071, 0.39817225004418993, -0.1151341736054524], [-0.3262503500672957, -0.8594681959012493, -0.39354177581956734], [-0.25565157483972273, -0.32058271869986804, 0.9120685241542824]], "T": [-0.03219750545502408, 0.20320204564004554, 0.042465865047952495], "aligned_model": [[-0.396189267479536, -0.6251449552146175, -0.6272815606416137, -0.29955029477947936, 0.20539886283776926, 0.5963284915732248, 0.2990167753615409, -0.2762861288992797, 0.5166612826365896, 0.23260819703864766, -0.03715958159885009, -0.12829516248587022], [-0.5686622720576279, 0.08668952863138879, -0.10868410699240208, -0.33988619045308865, -0.33854496743432405, -0.02283288398248501, 0.3834314210389489, 0.6837056960607332, 0.6016903992924013, -0.46616819398439935, 0.34605500346903284, 0.14560276838697897], [-0.07640795836290984, -0.38114696230907275, 0.45097320991257095, -0.7475534481300078, -0.36367974984591345, 0.004045864602054007, -0.4737276494665935, -0.2778693661607392, 0.2631793410841178, 0.4228416281305638, 0.6049032425699995, -0.005029437312846274]], "inverted": false, "swapped": false, "error_lsq": 0.04935483859922302, "error_max": 0.3021438700934903, "target": "1053.xyz", "model": "13.xyz", "model_rescale": 3.9028299243045295, "target_rescale": 3.789646106287418},
{"mapping": [0, 2, 3, 8, 5, 13, 12, 1, 14, 4, 9, 15], "R": [[0.5901266584497341, 0.21774866944967644, 0.7773905350207492], [-0.26456870884394207, 0.9619238580292214, -0.06859948727817078], [-0.7627279497223111, -0.16519082391910894, 0.6252663963506481]], "T": [-0.08345817706732661, 0.06947949725288116, 0.027919936547333657], "aligned_model": [[-0.5086800536834948, -0.6766458362910874, -0.5520649607798749, -0.12277096647972852, 0.2411107275367907, 0.6763202718417358, 0.23474311378866664, -0.38626186403965207, 0.6257052533561208, -0.0032001443706342614, 0.005294880123599965, -0.07344376265391636], [-0.6249711051639883, 0.06387521735742663, -0.19123274677003888, -0.29601430584545046, -0.2591956283966622, 0.05205908980859823, 0.3380776337091111, 0.6240752718959376, 0.5457496482642347, -0.5399500677942106, 0.5713671666948753, 0.11855602821532366], [-0.12745421089875883, -0.4082529220159579, 0.34592347947298335, -0.6513266637702224, -0.19282770579226854, -0.20678112815636185, -0.5296132629580466, -0.12351390922975874, 0.25879788046711083, 0.3134326811260612, 0.6119380172306375, 0.13020645923580557]], "inverted": false, "swapped": false, "error_lsq": 0.04484097776881007, "error_max": 0.24175914271781584, "target": "1053.xyz", "model": "14.xyz", "model_rescale": 3.942246331269136, "target_rescale": 3.789646106287418},
{"mapping": [9, 7, 6, 2, 5, 3, 1, 8, 13, 10, 11, 14], "R": [[-0.3395332920510009, 0.9404921802312841, -0.01384205594612048], [0.7732612540522495, 0.27072104943693437, -0.5733909193327945], [-0.5355223399360218, -0.20538883201277222, -0.8191649718548011]], "T": [0.04430906674841698, 0.06363114061677716, 0.00011906694649837374], "aligned_model": [[-0.42939056590663993, -0.7506457432564523, -0.46239402678550573, -0.25518961518981154, 0.21699230203743802, 0.72926199475518, 0.5107650174552067, -0.4765053519248265, 0.4384466186594175, 0.0450595480346794, -0.14457634238365688, 0.03828282285349695], [-0.5873457892293314, -0.00016408525513930683, 0.05386774092862111, -0.1598766068516992, -0.3355329629268555, -0.07270676676969129, 0.16911906767777724, 0.6359622772713274, 0.6683350622389406, -0.42082927512403423, 0.3508383713581304, 0.1007291686571114], [0.00015009854696983876, -0.30803110315748267, 0.23664822026190468, -0.6654579345930063, -0.4620801075242473, -0.16958476897092412, -0.6540464924306494, 0.005627025329884065, 0.3741760196337806, 0.5238537883477444, 0.6293609389507714, -0.09008696968352228]], "inverted": true, "swapped": false, "error_lsq": 0.050083193092191614, "error_max": 0.3683558008591226, "target": "1053.xyz", "model": "15.xyz", "model_rescale": 4.355366556412066, "target_rescale": 3.789646106287418},
{"mapping": [8, 2, 1, 2, 6, 3, 4, 0, 5, 10, 9, 11], "R": [[-0.7177030750010952, 0.6933796972110783, 0.06424088752069068], [-0.5341641575726789, -0.6073809409439678, 0.5880110928738427], [0.4467336442430129, 0.3877021899261005, 0.806297750851299]], "T": [0.03473826024814284, 0.05091586734623937, 0.10543635909211391], "aligned_model": [[-0.39242291182442474, -0.5403065881287225, -0.48512535043667826, -0.5403065881287225, 0.3829886957148948, 0.684680075577506, 0.2443374318542194, -0.2660643554018678, 0.31316774860046237, 0.08611041786364235, -0.11799224025673097, 0.09104032291494726], [-0.5673259354565574, -0.0052410541391485, 0.045454358459907855, -0.0052410541391485, -0.5121297203751093, 0.06454777569426418, 0.2355091579365014, 0.6435969899956889, 0.6273123139060595, -0.509167497140525, 0.36272712332288864, 0.02235374391033449], [-0.044051172674350436, -0.5002824075558363, 0.2613506355751629, -0.5002824075558363, -0.38220824853135693, 0.01374766513111024, -0.613119996017107, -0.14388458238602403, 0.18292208891429718, 0.3898714568497641, 0.7607215184645872, -0.004255835503187949]], "inverted": false, "swapped": false, "error_lsq": 0.05841617357122341, "error_max": 0.4897819387213665, "target": "1053.xyz", "model": "16.xyz", "model_rescale": 3.795458400668931, "target_rescale": 3.789646106287418},
{"mapping": [2, 5, 10, 1, 0, 3, 6, 9, 8, 4, 11, 12], "R": [[0.10349142975895798, 0.9922333282507231, -0.06901120398123298], [0.835487923539919, -0.12436999355017897, -0.5352495066072298], [-0.539675322379485, -0.0022642907987110994, -0.84187019153892]], "T": [0.07577199715148833, -0.034283412241273285, 0.04225244607643004], "aligned_model": [[-0.4195353781524035, -0.4526029064768461, -0.6284385948252917, -0.2202994655499629, 0.3249189437259266, 0.8006923912960342, 0.20794489708949174, -0.43358027234474084, 0.36486967839431694, -0.054826273313952845, 0.04166751868963907, -0.07070388018368479], [-0.5375425291833559, 0.18773147662262551, -0.005797651738497729, -0.36705152021907433, -0.404585602362386, 0.10468702319248291, 0.33802250965080805, 0.695479847514462, 0.5674009550229101, -0.46073493973723006, 0.365056927345406, -0.08027029413299419], [-0.012049576954126714, -0.48129884497663084, 0.247629335351776, -0.6763598884409633, -0.3473787570791311, -0.28571032147284453, -0.506650529023764, -0.034895005627030615, 0.1521852674022418, 0.50763290852847, 0.7456048093700006, 0.11181931763322554]], "inverted": true, "swapped": false, "error_lsq": 0.052856905810890344, "error_max": 0.28490729573442036, "target": "1053.xyz", "model": "17.xyz", "model_rescale": 3.7474275329858107, "target_rescale": 3.789646106287418},
{"mapping": [1, 7, 2, 11, 3, 8, 10, 9, 4, 0, 6, 13], "R": [[0.45384347718013607, 0.8834653591347583, 0.11625427918978506], [-0.01744263029911297, 0.13924717297986078, -0.9901040245678057], [-0.8909106873695548, 0.44732447286730237, 0.07860638081414452]], "T": [-0.061239763270834385, 0.09391022940147409, -0.15223525622501932], "aligned_model": [[-0.30189023549745064, -0.7782994828730018, -0.4884757367874154, -0.27544651387849683, 0.26130035149691466, 0.644268862949917, 0.3404581168591475, -0.29902346567603555, 0.4350639283508374, 0.18467870456128208, -0.1803330771871478, -0.08219479397002513], [-0.5525927663048678, 0.12938527979034373, -0.07081592664933933, -0.20884989873970045, -0.4402137202296037, -0.01891893442704648, 0.18466329829140904, 0.6741091998793454, 0.5015463268411903, -0.29455629181972504, 0.4303570927171071, 0.06828254262604408], [-0.10085779453694801, -0.3802399960008971, 0.3901367934380743, -0.77206461549102, -0.41919716756320957, -0.07235028056272622, -0.7061685230086584, 0.08132893491516482, 0.37382679312602907, 0.5461630970449991, 0.5315915509460907, -0.05164007759567564]], "inverted": true, "swapped": false, "error_lsq": 0.04736832321833559, "error_max": 0.2627198797376134, "target": "1053.xyz", "model": "18.xyz", "model_rescale": 3.922800546911778, "target_rescale": 3.789646106287418},
{"mapping": [0, 12, 3, 5, 1, 6, 8, 13, 4, 2, 11, 14], "R": [[-0.10773475021305602, 0.8958801887193111, 0.4310358582029829], [-0.11662520479896868, 0.41917729180710256, -0.9003826739997065], [-0.9873154436157316, -0.14727214771814395, 0.05932224965690494]], "T": [-0.02940138910128333, 0.056157090488253805, 0.0025167487662729193], "aligned_model": [[-0.37072470592785817, -0.7183024817643433, -0.5849199252619391, -0.31118025390537607, 0.4020159342449829, 0.6537380617271951, 0.1773848506008745, -0.17601744556092913, 0.44886146249822606, 0.09050234589809907, -0.047370991158859385, -0.10388019304154647], [-0.6929177747234574, 0.25626078561453824, -0.23842551273005125, -0.23645283326183053, -0.4955004283966363, 0.0875901792898688, 0.30728486802028077, 0.7268006583663457, 0.5659503182618604, -0.47090893355692187, 0.5188822609922539, 0.07383261409890621], [-0.14180191037190004, -0.3199547077860274, 0.11986021662091723, -0.6436363476887403, -0.23735008702049426, -0.08748449324330353, -0.5157157709035035, -0.02103497457089232, 0.19024700415479145, 0.47257362130213365, 0.5436323766617728, 0.06119378755646954]], "inverted": true, "swapped": false, "error_lsq": 0.048069848217204086, "error_max": 0.280556121354085, "target": "1053.xyz", "model": "19.xyz", "model_rescale": 3.9282355846067225, "target_rescale": 3.789646106287418},
{"mapping": [1, 5, 2, 3, 0, 11, 4, 7, 9, 10, 12, 13], "R": [[0.6422040452185882, -0.22023971329238914, -0.7342127981680568], [-0.3684450689692571, -0.9286210438654552, -0.04371713671401392], [-0.672177205398339, 0.29859240710225476, -0.6775104271992869]], "T": [-0.05984873285357806, 0.23409629992529785, -0.14116909248140574], "aligned_model": [[-0.32593886045950754, -0.6975302611105467, -0.6214997018842232, -0.20284961889209857, 0.2832883674729466, 0.5977092102878588, 0.35499472588106296, -0.4624778574350301, 0.4373628442537204, 0.09681264734058986, 0.06985903762497753, -0.06962387473122425], [-0.46317071914275326, 0.08115640814318359, -0.18671364883549596, -0.1686859626415625, -0.4602570861908934, -0.03661681723516824, 0.15185425065722852, 0.5557893739482653, 0.5671618914352142, -0.2597043639986323, 0.5454770446001117, 0.07610583123565876], [-0.2083668931688292, -0.38129782935003614, 0.29032063667880614, -0.7605819311401435, -0.3419856599386815, -0.05344719706856721, -0.6107529455013756, 0.20883252257779605, 0.20563457615606284, 0.5472003325044874, 0.6392232904842443, -0.1142501875225405]], "inverted": true, "swapped": false, "error_lsq": 0.05691142002579654, "error_max": 0.29868772823110273, "target": "1053.xyz", "model": "20.xyz", "model_rescale": 4.067790424073018, "target_rescale": 3.789646106287418},
{"mapping": [3, 6, 11, 2, 0, 7, 8, 13, 1, 12, 10, 14], "R": [[0.3773243751489617, 0.7130504018889505, -0.5909191486865624], [-0.5360940424094869, 0.6884825741524785, 0.4884617925502796], [0.7551354140890896, 0.13247969449837577, 0.6420433294833894]], "T": [-0.05665485849232875, 0.09719087875908386, -0.1417202625784162], "aligned_model": [[-0.4825941216282793, -0.7257217023896257, -0.5285380662584828, -0.22029004527748636, 0.33285735347681633, 0.6876473787290182, 0.3555219648971689, -0.3296483939282263, 0.4856541691533174, -0.021833246556842337, -0.0410175279726525, -0.05193110389620029], [-0.637048361294469, 0.0950525912918569, -0.015217723574247888, -0.3639784240339111, -0.44512472278958504, 0.0596255900994937, 0.29591478293163564, 0.6384629293925715, 0.6464089372494574, -0.38439507695054176, 0.40237662429838117, 0.1103190553545148], [-0.0850325290233995, -0.4577928631299176, 0.28574061086959834, -0.7023166694043443, -0.3838608303583074, -0.1061255162806054, -0.4819951116284374, 0.20845483917844243, 0.13678565125631204, 0.4531547574914707, 0.618479682283138, -0.06496330654272661]], "inverted": false, "swapped": false, "error_lsq": 0.034814181251379056, "error_max": 0.2151033875551009, "target": "1053.xyz", "model": "21.xyz", "model_rescale": 4.186013935880536, "target_rescale": 3.789646106287418},
{"mapping": [0, 7, 6, 1, 2, 8, 9, 4, 11, 5, 3, 12], "R": [[0.6102754007403037, 0.7865543862454516, 0.09431931259982029], [-0.2720269240563147, 0.09624760014813091, 0.9574642301695586], [0.7440196824276368, -0.6099742592468689, 0.2727015130440458]], "T": [-0.03190233315101152, 0.08736540355749867, -0.11596921947973854], "aligned_model": [[-0.3986870194112191, -0.6437846461819269, -0.5039662021310646, -0.2941113600838825, 0.3866374869533172, 0.7216308732132171, 0.25121605291064547, -0.36468915961053777, 0.365399990557583, 0.18144728975803906, -0.20101335193853806, -0.03997329568710759], [-0.5318993569297514, 0.26175097279066784, 0.07612394133308888, -0.336520066984882, -0.5246099797346225, 0.04202300815356795, 0.26607871515067794, 0.7000350573336072, 0.49294617130598517, -0.3639714739866751, 0.21020553104847692, 0.11023368249501633], [-0.054580365849447254, -0.48136414024905333, 0.1787886169688198, -0.6514043415910242, -0.11284638479170633, -0.24938550330257037, -0.6388040805702877, 0.0877584719255445, 0.1608359161665472, 0.475060168527404, 0.7832807019209991, -0.07681034444400228]], "inverted": false, "swapped": false, "error_lsq": 0.05295973893629225, "error_max": 0.3067425548587401, "target": "1053.xyz", "model": "22.xyz", "model_rescale": 4.166573947596378, "target_rescale": 3.789646106287418},
{"mapping": [0, 4, 1, 8, 10, 14, 9, 2, 12, 5, 6, 15], "R": [[0.41244686904210415, 0.3990788918835102, 0.8189161240752285], [0.9109798127505, -0.18249162917083595, -0.3698818541691904], [0.0018332971470963466, 0.8985726700359877, -0.438820915278621]], "T": [0.018626266685830235, 0.12097750924695205, -0.13042002159836646], "aligned_model": [[-0.5724104280442767, -0.6781800932355934, -0.4919647831271745, -0.27630686397503335, 0.49461515232526343, 0.8080632549701237, 0.2977280967627922, -0.45541972288782634, 0.4269795438836535, 0.0014616927107378441, -0.0769228206723292, -0.017536370361811868], [-0.4368114876175724, 0.08129039230239948, -0.007503680854251349, -0.217967660113638, -0.4466986841332352, 0.08416345407024825, 0.2586264249392489, 0.5289019388302928, 0.5470945539027339, -0.4432472725677645, 0.35782712401578615, 0.09672109920090827], [-0.05102969915669486, -0.3600705014286486, 0.35008848457834374, -0.8028854562690928, -0.24050886445353245, -0.09284702477462548, -0.643843930993439, 0.11794925731376155, 0.1542784513248951, 0.4798403770739829, 0.5864344014581853, -0.07687677996191182]], "inverted": false, "swapped": false, "error_lsq": 0.04593709227279014, "error_max": 0.2597057664981565, "target": "1053.xyz", "model": "23.xyz", "model_rescale": 4.274766983524099, "target_rescale": 3.789646106287418},
{"mapping": [5, 9, 0, 4, 2, 1, 6, 7, 8, 10, 11], "R": [[-0.7601410556285612, -0.42233065300212336, -0.4937837533604129], [0.3772066110732172, 0.33195005120298354, -0.8645948970870668], [0.529056469680275, -0.8434725739709247, -0.0930229479661211]], "T": [-0.06926343220503785, 0.08520619625818884, -0.037382744667277985], "aligned_model": [[0.45181791920865544, 0.047861344641545386, -0.7827505670141731, -0.21981377037245498, -0.2873588092020126, -0.7967143914931263, -0.035468974762579, -0.05560245791234297, 0.6913052167624885, 0.37502035613270807, -0.008401162030633201], [-0.25418125831985516, 0.5901542797243892, 0.4291238645642037, -0.20692669324601728, 0.4688363628043236, -0.05987553607686086, -0.5928727988637482, -0.004312615584471061, -0.09069216660802695, 0.5870950103570205, 0.049238082492525745], [-0.40537155267325053, -0.4049813670369756, -0.2823993310190712, -0.5665715142616958, 0.1625991301465269, 0.37951382662760624, 0.10060332502163424, 0.6581591634491177, 0.18915103166474512, 0.5107618021811334, 0.038101919921807025]], "inverted": true, "swapped": true, "error_lsq": 0.0651134801269852, "error_max": 0.36705777769341263, "target": "1053.xyz", "model": "24.xyz", "model_rescale": 3.7841303162186577, "target_rescale": 3.789646106287418},
{"mapping": [10, 0, 9, 7, 11, 3, 6, 8, 5, 14, 2, 15], "R": [[-0.33863330872616826, 0.29665786722703835, -0.8929286601030749], [0.23725229175046503, 0.9452541839739024, 0.2240666814566245], [0.9105156957902044, -0.1359729292621774, -0.3904773107717567]], "T": [-0.08001822677573206, 0.058300020339542895, -0.0546531738151828], "aligned_model": [[-0.5114463670892768, -0.651067453789794, -0.27494746904768785, -0.28034657610057245, 0.308397314510596, 0.709751837886391, 0.32827607978785583, -0.5073683912243372, 0.5135572441612868, -0.04549042075045473, -0.09902473254194688, -0.030184407453534012], [-0.5888861807235743, 0.1806886748611917, -0.05361043197035884, -0.21099341947568523, -0.46443141486141976, 0.1893378434977817, 0.2444014876044402, 0.4508431612692673, 0.5135017564706812, -0.5113102292158649, 0.5800784142150345, 0.07277654030366335], [-0.07123286549764357, -0.5021503770719362, 0.4853647422739022, -0.6115689267163968, -0.4612399211430768, -0.1446210653025759, -0.6209467861335987, 0.058216233437799976, 0.40338425387908, 0.49639215691820476, 0.4895702071144618, -0.1006389370469975]], "inverted": true, "swapped": false, "error_lsq": 0.052175873829631646, "error_max": 0.2809330493318098, "target": "1053.xyz", "model": "25.xyz", "model_rescale": 4.19342608120988, "target_rescale": 3.789646106287418},
{"mapping": [8, 2, 1, 2, 6, 3, 4, 0, 5, 10, 9, 11], "R": [[-0.7177030750010952, 0.6933796972110783, 0.06424088752069068], [-0.5341641575726789, -0.6073809409439678, 0.5880110928738427], [0.4467336442430129, 0.3877021899261005, 0.806297750851299]], "T": [0.03473826024814284, 0.05091586734623937, 0.10543635909211391], "aligned_model": [[-0.39242291182442474, -0.5403065881287225, -0.48512535043667826, -0.5403065881287225, 0.3829886957148948, 0.684680075577506, 0.2443374318542194, -0.2660643554018678, 0.31316774860046237, 0.08611041786364235, -0.11799224025673097, 0.09104032291494726], [-0.5673259354565574, -0.0052410541391485, 0.045454358459907855, -0.0052410541391485, -0.5121297203751093, 0.06454777569426418, 0.2355091579365014, 0.6435969899956889, 0.6273123139060595, -0.509167497140525, 0.36272712332288864, 0.02235374391033449], [-0.044051172674350436, -0.5002824075558363, 0.2613506355751629, -0.5002824075558363, -0.38220824853135693, 0.01374766513111024, -0.613119996017107, -0.14388458238602403, 0.18292208891429718, 0.3898714568497641, 0.7607215184645872, -0.004255835503187949]], "inverted": false, "swapped": false, "error_lsq": 0.05841617357122341, "error_max": 0.4897819387213665, "target": "1053.xyz", "model": "26.xyz", "model_rescale": 3.795458400668931, "target_rescale": 3.789646106287418},
{"mapping": [3, 2, 9, 0, 7, 5, 6, 1, 8, 10, 11, 12], "R": [[-0.8296324219397982, -0.13017565544927384, 0.5429220415443244], [0.5533057170218496, -0.061795835305984814, 0.8306828866961045], [-0.07458436818289815, 0.9895633246372806, 0.12329476288784669]], "T": [-0.12597963507327126, 0.09585339536030038, 0.0771186209530342], "aligned_model": [[-0.41650966152855606, -0.8837125508636993, -0.5440108138547604, -0.3273041219737195, 0.2828941608204334, 0.615980076688206, 0.4079804462577331, -0.22726290632364016, 0.3316929329766579, 0.26966665503662923, -0.023401757775947635, -0.025905801110810728], [-0.5605895341451825, 0.1124083625172124, 0.11566159189018024, -0.21464545833870716, -0.5433121734681715, 0.025948907996402176, 0.4170688139522619, 0.5615209684693436, 0.6539541534729058, -0.38865515310038146, 0.2314263314288033, -0.008390608699509944], [-0.09536773467548607, -0.37054383591527684, 0.17320118457516442, -0.6674162035641188, -0.213566248424554, -0.029977675198844728, -0.46407842826253987, -0.2739491515222918, 0.17616948846508898, 0.4182958594963283, 0.771864869469912, -0.004103409732158697]], "inverted": false, "swapped": false, "error_lsq": 0.058775218048685414, "error_max": 0.29124720453130704, "target": "1053.xyz", "model": "27.xyz", "model_rescale": 3.6321398670334006, "target_rescale": 3.789646106287418},
{"mapping": [12, 4, 6, 7, 8, 0, 3, 1, 2, 9, 13, 14], "R": [[0.8781313695578242, -0.46672410208483833, 0.1051375781136391], [0.4705260225932158, 0.8822856872777408, -0.01331270398729705], [-0.08654802054991677, 0.061160269439777204, 0.9943685743128376]], "T": [0.09914039598390365, -0.018084834375482674, -0.032344959664216535], "aligned_model": [[-0.3749338021361378, -0.6217993823353811, -0.5957608795109745, -0.27892688261263, 0.20886510072241835, 0.694853055869079, 0.24145081326482773, -0.10335853335333148, 0.33933059488870077, 0.050604570326655156, -0.17721140149766182, 0.0769934047229614], [-0.6888059761094727, 0.3169769276200333, -0.10123272043336717, -0.24961133664222673, -0.4406457114670798, 0.11934821953596617, 0.20468862865614826, 0.6107577554198023, 0.689421491692162, -0.37630100209709977, 0.2846168831260624, 0.0331830426742285], [-0.126666407743867, -0.2656831349472845, 0.30545096023485946, -0.6682285933634926, -0.3088090805120926, -0.15744602586650236, -0.6661271061976108, -0.13635638703225694, 0.24185775851478547, 0.5297027358482165, 0.6736852706831621, -0.0008512749066940314]], "inverted": true, "swapped": false, "error_lsq": 0.053487458854441124, "error_max": 0.3036918211023584, "target": "1053.xyz", "model": "28.xyz", "model_rescale": 4.156811204709835, "target_rescale": 3.789646106287418},
{"mapping": [3, 4, 0, 9, 8, 6, 1, 7, 10, 11], "R": [[-0.23794608098590775, 0.48087194562337376, -0.8438861501742041], [0.902896829493824, -0.21072534599264636, -0.37466270677274593], [-0.3579929857321913, -0.8510916522141849, -0.38403648485252084]], "T": [-0.031510068450118986, -0.06510332395635796, -0.001763452476557046], "aligned_model": [[-0.5228721931789606, -0.08474061836619655, 0.07297997902142608, 0.5849126669500638, 0.025275038607068076, -0.622802400054168, -0.6233177887642732, -0.41276290839522384, 0.2967043800724743, -0.07045078178162188], [-0.1844447840807073, -0.5420039318889365, 0.2644398022643546, -0.06692039306842529, -0.32692033296402445, -0.3869477838585714, 0.43636134037378715, 0.356155911029716, 0.4284791076856965, -0.05947860486668548], [-0.6395522282792996, -0.39897888775875157, -0.7553280081974023, -0.15616305434537203, 0.7656671704994443, 0.16183014955023145, -0.3515250441197051, 0.40953414636312, 0.6294215992255943, 0.0938808840372406]], "inverted": true, "swapped": true, "error_lsq": 0.05713988723531275, "error_max": 0.24085573044644254, "target": "1053.xyz", "model": "29.xyz", "model_rescale": 4.117894457231895, "target_rescale": 3.789646106287418},
