[{"mapping": [10, 9, 12, 7, 5, 11, 3, 8, 0, 1, 2, 4, 6, 13], "R": [[0.3198931190172138, -0.17853910146498453, 0.9304795439199699], [0.3391723034649314, -0.8954203426224523, -0.2884173340494342], [0.8846640836881147, 0.4078556108060381, -0.22588328793052054]], "T": [0.15560706214918335, -0.08082079694129296, -0.029963003131735496], "aligned_model": [[-0.37551806520443526, -0.5741464971489989, -0.13803468901075805, -0.31212558873760643, 0.8725010642953765, 0.26828346131917935, 0.42119184156835143, 0.2469926302539509, -0.28863833419422275, 0.31262375524495195, -0.10141396417145876, -0.09783033872802105, 0.5359190419603193, 0.06462759755692254], [0.2858582627438192, -0.03027277315528859, -0.3447732368095518, 0.5109565170872701, 0.028030349002041238, 0.39801537979508494, -0.24432932629704995, 0.6946156051612329, -0.6734562069433411, -0.6132950785363083, -0.20480103349612946, 0.5740465786839534, 0.3037436118711903, 0.050728832751285674], [-0.8038373410727672, -0.07055625068832788, -0.4533108972293939, 0.01923313869895191, -0.24586964535293837, -0.5250203591641985, 0.38947708980946366, 0.0004704629731792538, 0.186466507841286, -0.18763675158756898, 0.6840589421770866, 0.6183597797391044, 0.510425095991934, -0.0609031745218592]], "inverted": true, "swapped": false, "error_lsq": 0.04003818372085132, "error_max": 0.2152874104133743, "target": "1055.xyz", "model": "0.xyz", "model_rescale": 3.8414455957264533, "target_rescale": 4.079147308244483},
{"mapping": [1, 0, 11, 4, 10, 3, 8, 5, 13, 12, 9, 2, 6, 14], "R": [[-0.8580493330746765, 0.0010686755785463617, 0.5135661592653967], [0.11503975418822504, 0.9749866826652892, 0.19017577022756454], [-0.5005169297500492, 0.2222607175320067, -0.8367096129935055]], "T": [0.00013274157641666312, 0.07133660317397934, 0.09099039570321933], "aligned_model": [[-0.17016590762557912, -0.6930774606585961, -0.13425091378964477, -0.3115555830959018, 0.6438740092671095, 0.04859732050284946, 0.4499707821903171, 0.41879995315633434, -0.2702548537879917, 0.3787767636900141, -0.11996078657352288, 0.00928657218339387, 0.5636656268897103, 0.02072639265505885], [0.15738382370356999, -0.008775790869691588, -0.5075101217177576, 0.5036720517434918, 0.07005477298451226, 0.5998699948915617, -0.5211713750598749, 0.573138658560636, -0.6253600989268034, -0.4914547497444111, -0.14350568891489252, 0.7023754997418513, 0.3489888550038374, 0.07736165046218021], [-0.7528651233803791, -0.1053740342352273, -0.5198638458164243, -0.017424008419814965, -0.1413387621606509, -0.48492671679566113, 0.35722794085124765, 0.005930133887746228, 0.21886241842232568, -0.25855808657784846, 0.7273315102164503, 0.47349640352800104, 0.5550669928377072, 0.003791775256479779]], "inverted": true, "swapped": false, "error_lsq": 0.04771141122102328, "error_max": 0.45743970251206906, "target": "1055.xyz", "model": "1.xyz", "model_rescale": 4.316132596720782, "target_rescale": 4.079147308244483},
{"mapping": [8, 3, 10, 4, 6, 9, 12, 5, 11, 0, 7, 13], "R": [[-0.6627655673243693, 0.7359371549704007, 0.1383412689810234], [0.6794524690148861, 0.6686723264291734, -0.3020292406661526], [-0.3147795182644237, -0.10617826426284227, -0.9432073107643664]], "T": [-0.01437934010830249, -0.15238230720078003, 0.05952388392168056], "aligned_model": [[-0.28278590406474696, 0.521549374474406, 0.08774339063850142, -0.41687943832448526, -0.5311948233088337, -0.6215385502801093, -0.14643621713984684, -0.08234512148954065, 0.6199008099421781, 0.2918459327535586, 0.21120478328072298, -0.05325568185002337], [-0.7930413786617062, -0.11455669163709009, -0.44562602962344944, 0.4891370964693351, -0.2583727725851369, -0.1235541762546348, 0.29379783033395357, 0.6084044982150537, -0.006370687132506242, -0.030876781490241006, 0.4961743742442639, -0.1023388541368617], [0.053219026229961074, 0.12716097670025814, -0.5561486369369787, -0.011431498292803384, -0.38699259416092674, 0.28659578966111, -0.706463955481047, 0.5304918790014023, -0.5133585005502764, 0.7806742749694354, -0.15171414565332175, -0.0027741542773917632]], "inverted": false, "swapped": true, "error_lsq": 0.04264144581307252, "error_max": 0.20094783388113452, "target": "1055.xyz", "model": "2.xyz", "model_rescale": 3.795458400668931, "target_rescale": 4.079147308244483},
{"mapping": [9, 4, 5, 11, 2, 3, 7, 6, 12, 10, 0, 13], "R": [[0.1680763199550261, 0.5109916571173043, -0.8429934027184838], [0.9750097641595878, 0.03985681983115902, 0.21855752951205332], [0.14528011035183444, -0.858661144031485, -0.491522867491128]], "T": [0.13293948822415638, 0.16062744083470976, -0.028245656041425808], "aligned_model": [[0.046127079357919376, -0.21445563336117782, -0.7215380651085099, 0.3294160053847828, 0.03422830072189134, -0.019806472531914338, -0.21593022403278841, 0.5919383650790273, 0.3624455512250937, 0.7497237015129856, -0.49484220105668, 0.1459974185529352], [-0.09605470106694741, -0.5119370198776261, -0.10967289078470527, 0.14539039502036857, 0.4938314329963066, 0.4864404794124762, -0.22043251392643465, -0.3074892378928493, -0.5911004229801662, 0.08477896899386878, 0.6376022403861537, 0.07441231500926486], [-0.6178327163659004, -0.10282324181581304, -0.07333007352751247, 0.8161415412919889, -0.48375942030778873, 0.37640193877659844, 0.47097243824014584, -0.24709718966761055, 0.4024343757975605, 0.27058176802308853, -0.11179557059796652, -0.011122419207690068]], "inverted": true, "swapped": true, "error_lsq": 0.042011322708515125, "error_max": 0.21248730606664198, "target": "1055.xyz", "model": "3.xyz", "model_rescale": 3.7530521520055578, "target_rescale": 4.079147308244483},
{"mapping": [7, 10, 6, 8, 4, 1, 5, 3, 0, 2, 13], "R": [[0.3872235760800525, -0.9139287109906633, -0.12162324348051556], [-0.9219775863635313, -0.3832778232031786, -0.055276038967261854], [0.003902867029897117, 0.1335380899503133, -0.991035996400418]], "T": [-0.04541828980959456, -0.04325114708292377, -0.06568862719300712], "aligned_model": [[-0.479702922788173, -0.10607749922028806, 0.43638609868994677, 0.40737090537411613, 0.12929835282282928, -0.20791255321061633, -0.1756166159248015, -0.5581342956111999, -0.3081416741359703, 0.23054502686193795, -0.02981522041257595], [-0.6133482117761059, 0.0076887408733953, -0.28857241188752863, 0.4229155034290792, -0.7553464897476547, 0.6754496224271267, -0.5435518235854875, 0.1221143329299611, 0.22616171494329657, 0.3366386821423913, -0.12294630143412744], [-0.01547244157709153, -0.7506697757982889, -0.4962594063742451, -0.31103833541761733, 0.13675261948600725, 0.07963039957863162, 0.6677787491032259, -0.010900890959974777, 0.6321570076925179, 0.26262456759126107, -0.10177171607910974]], "inverted": false, "swapped": true, "error_lsq": 0.044724927775076084, "error_max": 0.20289859462513854, "target": "1055.xyz", "model": "4.xyz", "model_rescale": 3.7855080009869324, "target_rescale": 4.079147308244483},
{"mapping": [4, 0, 1, 5, 13, 6, 14, 8, 2, 12, 9, 10, 15, 16], "R": [[-0.4500029737419442, -0.14006694801367403, -0.8819742477519067], [0.1976771929890514, -0.9787467359446338, 0.054576132601115185], [-0.8708737285022302, -0.14978677161839057, 0.4681269828291932]], "T": [0.07352268606330703, 0.08522368947376568, -0.029272855160045876], "aligned_model": [[-0.34394859003014855, -0.641280530582976, -0.22163199032952435, -0.6596699104563356, 0.7754304874729087, 0.2576968050782624, 0.3633349633277263, 0.5289617720809879, -0.2354151981119179, 0.4052312954140563, -0.030766811972179176, -0.05566273761573923, 0.6087434456791265, 0.08340891504930327], [0.26262288814352625, -0.13594515566005966, -0.40261429439475227, 0.4181298902840696, 0.08328657166097997, 0.4095324147683618, -0.3901476923881084, 0.6068222428788119, -0.5174923932151405, -0.46811797978980796, -0.05057755269361611, 0.6127880777184451, 0.2574029202784959, 0.04937754426700362], [-0.613437251382185, -0.2497600129148914, -0.5272706036367957, 0.05261317838742402, -0.208686691778956, -0.5649787564247432, 0.35508152791163544, 0.09650497268239461, 0.2658142420979779, -0.24571605452040138, 0.6618101662450129, 0.45647524482508733, 0.5733971686851859, 0.009509467437206254]], "inverted": true, "swapped": false, "error_lsq": 0.038023517637971425, "error_max": 0.3135667629489453, "target": "1055.xyz", "model": "5.xyz", "model_rescale": 4.2253639853439635, "target_rescale": 4.079147308244483},
{"mapping": [12, 0, 7, 9, 5, 11, 2, 8, 3, 6, 4, 1, 10, 13], "R": [[-0.8172885857056674, 0.07820973976958154, 0.5708963165763157], [-0.11079343034601138, 0.9509318225807779, -0.2888831677259232], [-0.5654769521982252, -0.29935247687028527, -0.7685205990240156]], "T": [0.0653097464004489, 0.1028863728521539, 0.03351224114418345], "aligned_model": [[-0.2529097384954022, -0.7327733797792622, -0.37636771938411445, -0.2968495966248567, 0.6949073012485505, 0.41905390460522707, 0.5014370287969733, 0.33318201061149355, -0.11414846693653863, 0.2727162601052707, -0.07951082791874631, -0.18217911346375565, 0.5930356125051737, 0.0548386397335382], [0.0982075987231302, 0.037831871061021066, -0.3906989671366619, 0.5827804610888403, 0.11194709106275309, 0.20061487811797032, -0.31771031421445134, 0.7914006164314087, -0.5819579474011569, -0.3890435044215847, -0.21318064883982718, 0.4477849798098425, 0.31396245337998424, 0.043128914196940524], [-0.8440173782843008, 0.07703102824270658, -0.40316354750588906, -0.07202780727508562, -0.03180306154580572, -0.6526859799316882, 0.3217188205542502, 0.025931868222868328, 0.07584992389866435, -0.32524324946378663, 0.6499860453395809, 0.6322609339361, 0.5678012760889093, 0.03971772533742852]], "inverted": false, "swapped": false, "error_lsq": 0.045937705184599206, "error_max": 0.28157156393522975, "target": "1055.xyz", "model": "6.xyz", "model_rescale": 3.89814844738969, "target_rescale": 4.079147308244483},
{"mapping": [3, 0, 2, 11, 8, 5, 7, 10, 12, 4, 9, 6, 13], "R": [[-0.6420654127908896, -0.7647943959630636, 0.05330607471158655], [0.42584848424726757, -0.4136006856391774, -0.8047282406521516], [0.6374990777734266, -0.49398785890170926, 0.5912452292371886]], "T": [0.06017634816629806, 0.06381148013071458, -0.08529509943730552], "aligned_model": [[-0.03014806606441059, 0.07134160389677327, 0.46608914808973806, -0.296454237525199, 0.711015479197787, -0.5544491674654018, -0.6434053828567763, 0.18604819794417216, -0.5311737614966047, -0.5223271461910799, 0.16419550087111573, 0.1254191686462206, 0.0024804638578879434], [-0.25532045367210193, 0.36353901271327815, 0.4128551568450118, -0.7247260272976508, 0.08302723985430763, 0.6209086815128322, -0.06900876489095217, -0.4943048623959607, -0.2422360187302558, 0.4613956200082569, 0.6468394831530802, 0.09873499873363484, 0.06207719963700513], [-0.5133388467900009, -0.8192120840495208, -0.2894149146702291, -0.13866319017790957, 0.15670709217883455, -0.42750110007096453, -0.14417634597549883, 0.29958931367147035, 0.514615794160497, 0.19966923410950754, 0.17983389099708824, 0.6018969478476602, -0.01773076039463871]], "inverted": false, "swapped": true, "error_lsq": 0.03806098356437758, "error_max": 0.21588958075734813, "target": "1055.xyz", "model": "7.xyz", "model_rescale": 3.7474275329858107, "target_rescale": 4.079147308244483},
{"mapping": [10, 11, 7, 12, 3, 0, 8, 1, 9, 5, 4, 13, 2, 14], "R": [[-0.02452497119342207, -0.6797916343096466, -0.7329951293907634], [0.16264609860258197, 0.7207333516191723, -0.6738617680749917], [0.9863796289448202, -0.1357452385404901, 0.09288949249653838]], "T": [0.04178894420466387, 0.09774003375665291, -0.043808202730969165], "aligned_model": [[-0.3197570515670907, -0.5512388804167608, -0.20704664919045337, -0.40861557861503284, 0.7033736754623406, 0.38866522709526696, 0.35332665127712853, 0.4050104089747429, -0.27529538342810234, 0.28969016122965957, 0.1486744365064426, -0.4218554375846932, 0.6765593606561497, 0.052940974603953264], [0.20701825809096167, -0.08371262759490913, -0.37070426604942097, 0.5182358541239491, -0.11245011739175662, 0.3987563059061461, -0.34344802782329037, 0.7535340956032031, -0.584169242641128, -0.5449057215195208, 0.03079125033034466, 0.41842961407472024, 0.3207441824661923, 0.1269479242827173], [-0.7015362029833633, -0.08708506147883996, -0.47102994534587195, -0.012797725847318673, -0.22341967427866458, -0.5163325787119148, 0.37273431280362546, 0.00916477176484326, 0.07783762753349216, -0.2402080088534035, 0.7284088637591917, 0.6564088414797208, 0.4620822635818356, 0.0071291141906194636]], "inverted": false, "swapped": false, "error_lsq": 0.04666152462812338, "error_max": 0.35635562666241544, "target": "1055.xyz", "model": "8.xyz", "model_rescale": 4.019505241142653, "target_rescale": 4.079147308244483},
{"mapping": [12, 4, 7, 11, 10, 3, 0, 6, 8, 9, 5, 2, 13], "R": [[-0.9848923316641607, 0.08643791980789223, 0.15005192783972238], [-0.11985937346500647, 0.28512637881785946, -0.9509661816777665], [-0.12498330137145904, -0.9545844300644647, -0.2704583891410879]], "T": [0.1345313747900908, -0.05966737304075461, 0.09514585486348559], "aligned_model": [[-0.377855547345321, -0.5947569625527217, -0.15875174173255563, 0.41491799569668375, 0.3042977636951044, 0.5155125324285924, 0.3953544164440321, -0.2479580542409261, 0.3564045433241215, -0.29577573326054846, -0.3401505861252027, 0.2853765139223633, 0.0630856314875543], [-0.5963821362727914, 0.06700097827998241, 0.04197618647020821, -0.4198693606237813, -0.7166360672446801, 0.10102446194451473, 0.6890165111364577, -0.5870313715837739, -0.3616824895036459, 0.0613693595984306, 0.6571670773875515, 0.22972796858327596, -0.10230289005768994], [-0.4074971685319204, -0.08001632828100066, -0.5527654595026379, -0.642053439316261, -0.027512588996219667, -0.2545063041747193, 0.1014052111845716, 0.32600996499698265, 0.6800262248223082, 0.5654871353392295, -0.16186031195701034, 0.5660573843603969, 0.06392917410015952]], "inverted": false, "swapped": true, "error_lsq": 0.05370081897266973, "error_max": 0.33627491898573153, "target": "1055.xyz", "model": "9.xyz", "model_rescale": 3.877068213659057, "target_rescale": 4.079147308244483},
{"mapping": [14, 10, 6, 9, 4, 2, 5, 7, 12, 3, 0, 8, 1, 15], "R": [[-0.22309089681574829, -0.9606593869887141, -0.16542065756251004], [-0.9709397695070541, 0.23406776136630603, -0.04988233232873833], [0.08663957379589207, 0.1494852008709694, -0.9849607905764737]], "T": [0.02155892309934236, 0.02121460648116824, -0.08811551155878715], "aligned_model": [[-0.4379180650114095, -0.6717046145971146, -0.19289014653246994, -0.3641233336192574, 0.678402707840272, 0.1689117770888508, 0.47400696554594673, 0.5451312370539226, -0.19361357054809308, 0.41648664136976776, -0.0704692819145543, -0.11324858823043189, 0.5864911658290908, 0.008969020729031192], [0.25330785068406814, -0.05151426099236969, -0.48782023852240153, 0.5458234991311345, 0.11417981698008511, 0.5547672644030657, -0.4079073141051714, 0.6119214737152385, -0.5883781554699196, -0.45620658001975545, -0.10995515659506086, 0.6232417184046678, 0.13148610541484124, 0.00212145882978659], [-0.6750866948639221, -0.2196714258936729, -0.36234114535528256, -0.19618960884707043, -0.2222959565911179, -0.45412651630472406, 0.3832024155361372, 0.11978830870328812, 0.28644113071033456, -0.22545614920835783, 0.6916866033205173, 0.37525607497433294, 0.5611905548310873, -0.001040993397598361]], "inverted": false, "swapped": false, "error_lsq": 0.04459101213542632, "error_max": 0.36583210351943746, "target": "1055.xyz", "model": "10.xyz", "model_rescale": 4.260839863003843, "target_rescale": 4.079147308244483},
{"mapping": [5, 4, 6, 9, 8, 2, 0, 7, 12, 10, 3, 13], "R": [[0.24107653966310744, 0.9632094791357217, -0.11878384287079854], [-0.9445351589836886, 0.2047361989661191, -0.2567808837833615], [-0.22301442883302583, 0.17409936282479047, 0.959142312900584]], "T": [-0.05858014827000836, 0.13686896014477357, 0.016793275637413806], "aligned_model": [[0.5159894898119779, 0.27299962743932793, -0.39376831125299894, -0.3726748788794346, -0.7416851460226385, -0.4127661300868032, 0.1593687613730443, 0.6227629470384766, 0.2981902018119049, -0.2108997220051586, 0.2543263049395924, -0.03294449507315961], [0.005261512861165302, -0.4723128636876658, -0.43207764837745344, -0.20787549588769094, 0.2084335928039468, 0.39063803336669467, 0.6853056302873127, -0.08244768897465951, -0.5482755953387258, 0.019081152711311028, 0.5529330167021183, 0.05441485906658086], [-0.6597981623344487, -0.29552146699768733, 0.22089579809764812, -0.4343505797399024, 0.12058126168748878, -0.35524857164216955, -0.5126506672443738, 0.07849631288364162, 0.4712654523528251, 0.6789098557750084, 0.16580801654387142, 0.03779082801360324]], "inverted": false, "swapped": true, "error_lsq": 0.04493608255418708, "error_max": 0.22957905401991305, "target": "1055.xyz", "model": "11.xyz", "model_rescale": 3.890672605050136, "target_rescale": 4.079147308244483},
{"mapping": [2, 1, 11, 0, 12, 10, 5, 4, 6, 9, 8, 3, 7, 13], "R": [[0.20672725520381435, 0.004370202305322035, -0.9783888507580756], [-0.9773849373922907, -0.04458573264335275, -0.20671428737105668], [-0.044525566976348685, 0.9989960028831277, -0.004945716224032587]], "T": [-0.017233009915229774, -0.05174831749675025, -0.004785255745377424], "aligned_model": [[-0.14637087462667897, -0.783964692517764, -0.09112555467118497, -0.4480740865864742, 0.6979467441595794, 0.4461265084388072, 0.6090794845968882, 0.00601860820475103, -0.34781619776603334, 0.39239220043014444, -0.10710565732857993, -0.09353345129531568, 0.6031091913530762, 0.09774969261233538], [0.3242685994590621, 0.027862445134758128, -0.20303884351963153, 0.2719679700102452, 0.11806931122869746, 0.2512050785126147, -0.35102016763881183, 0.6326029129543302, -0.5155625402444857, -0.6865076339289424, -0.13078048250443344, 0.6340816766367359, 0.29483230132090976, 0.06708685443716053], [-0.5942755641708013, -0.11006081680754813, -0.5286299201836642, 0.23662367450093083, -0.1264899766095842, -0.7069659312411289, 0.3461295498208956, -0.15371409600150912, 0.08267597354435852, -0.19215711402042762, 0.7057552919922213, 0.6091191486972863, 0.4664064231518223, 0.02693995494110008]], "inverted": true, "swapped": false, "error_lsq": 0.054841552833259054, "error_max": 0.39900139830794606, "target": "1055.xyz", "model": "12.xyz", "model_rescale": 4.124412569039231, "target_rescale": 4.079147308244483},
{"mapping": [10, 6, 9, 11, 8, 1, 12, 3, 4, 7, 0, 5, 13], "R": [[-0.24353422489119075, -0.4582560696803959, -0.8548055076493852], [0.9690156491913864, -0.15242530373628246, -0.1943584276616218], [-0.041228059969428354, -0.8756528429588855, 0.4811780810564619]], "T": [0.1927498573366027, 0.04277428880634982, 0.05672026749680393], "aligned_model": [[-0.3481582245955178, -0.048568287228089396, 0.5766867293776141, -0.5586778573654777, 0.4027334473828135, 0.5587632673820114, -0.5773441793930554, 0.09006019537417784, 0.10791994086943957, -0.20898522113306775, 0.7485281543785113, 0.4888875278634076, 0.13545281459699016], [-0.15244420177595877, 0.428472877155992, 0.5109172495993134, -0.30250974586832213, -0.14097640014291113, -0.6114790934401743, 0.5012586655661622, -0.35981094458285445, 0.7593818466059594, 0.2877958198379454, -0.19782685038096784, 0.5141985346801766, 0.11050761925411678], [0.43722226966134353, 0.5770195464473269, 0.290107637664511, -0.2039716068638785, 0.6928558323511599, 0.10188105535918118, 0.05731598159182356, -0.2905621878757456, -0.18383250008476698, -0.48615066280692243, -0.4549602709105174, -0.6470470403686976, 0.06182002680302164]], "inverted": false, "swapped": true, "error_lsq": 0.053817717437230655, "error_max": 0.28602999758499215, "target": "1055.xyz", "model": "13.xyz", "model_rescale": 3.9028299243045295, "target_rescale": 4.079147308244483},
{"mapping": [0, 4, 3, 5, 1, 2, 9, 12, 7, 6, 14, 13, 11, 15], "R": [[0.2634457930801922, -0.8248500813588067, 0.5002186096005617], [-0.9407621441636553, -0.10493991478204301, 0.32241929593952623], [-0.2134546842234923, -0.5555267388415325, -0.8036337102281993]], "T": [0.02392063917934266, 0.11743497396738525, -0.06153894673152239], "aligned_model": [[-0.40568468793847373, -0.6231210453659063, -0.11803996186112405, -0.334663213662533, 0.6696549022128694, 0.3434495445568673, 0.2970841048774276, 0.28723955414967905, -0.26116739460523375, 0.41373603011933063, 0.13542698543958048, -0.21059402912102754, 0.6021751446701376, 0.038935981531957306], [0.21111876166118831, -0.046980155852590105, -0.3009715385426601, 0.47177430784325636, 0.09033246517899486, 0.3324127489063891, -0.46358471813472835, 0.7099247858394067, -0.6968518221715083, -0.39827970677893343, 0.07345303977973727, 0.588151027264937, 0.14581950862796222, 0.018748778236757094], [-0.7643042134316244, -0.17844915770488423, -0.5013941766419577, 0.027697204040643957, -0.12855738676655715, -0.6891021741965327, 0.3727919120167811, 0.19116495273896006, 0.2146671040057322, -0.2242982515293256, 0.8152064992171624, 0.5351859641907366, 0.39745204817973423, -0.0067037265049170805]], "inverted": true, "swapped": false, "error_lsq": 0.0389445288960303, "error_max": 0.27840758764764484, "target": "1055.xyz", "model": "14.xyz", "model_rescale": 3.942246331269136, "target_rescale": 4.079147308244483},
{"mapping": [13, 11, 4, 6, 1, 12, 5, 0, 10, 3, 9, 7, 2, 14], "R": [[-0.2419838661463387, -0.5581883887049506, -0.7936432014701833], [-0.9561631163453732, 0.27620613549919404, 0.09727417773132513], [0.16491180511284018, 0.7823911383876814, -0.6005565777733625]], "T": [-0.008888644378292829, 0.03561156327276371, -0.016801625342092365], "aligned_model": [[-0.2438834622967041, -0.686778231778844, -0.1978220069867978, -0.43809653605996646, 0.7652718255980074, 0.3763669725093247, 0.5256892348196679, 0.357977896980033, -0.4203677325430707, 0.4545962834352194, -0.13741288955844766, -0.06911937264693278, 0.48315880385630183, 0.06485112967575975], [0.10090017607999212, 0.11627523848420002, -0.41572227141494345, 0.23517469926844894, 0.0853502522285935, 0.2356840123180498, -0.1790017320812769, 0.6544220491889028, -0.5105467315505618, -0.3982322627874446, -0.15714001948574674, 0.5689234612510943, 0.2992467765292097, 0.0997338338296912], [-0.7923302702640687, -0.236050578479489, -0.33970398067902285, 0.28109857574572383, -0.2509875884732063, -0.7093515390322979, 0.24955749824597642, 0.13551385719421818, 0.18665990183668962, -0.3537128700042283, 0.7542305736465894, 0.6487283792227048, 0.5038073465903345, -0.01610270793597202]], "inverted": false, "swapped": false, "error_lsq": 0.04970644990518212, "error_max": 0.3445277169451256, "target": "1055.xyz", "model": "15.xyz", "model_rescale": 4.355366556412066, "target_rescale": 4.079147308244483},
{"mapping": [8, 3, 10, 4, 6, 9, 12, 5, 11, 0, 7, 13], "R": [[-0.6627655673243693, 0.7359371549704007, 0.1383412689810234], [0.6794524690148861, 0.6686723264291734, -0.3020292406661526], [-0.3147795182644237, -0.10617826426284227, -0.9432073107643664]], "T": [-0.01437934010830249, -0.15238230720078003, 0.05952388392168056], "aligned_model": [[-0.28278590406474696, 0.521549374474406, 0.08774339063850142, -0.41687943832448526, -0.5311948233088337, -0.6215385502801093, -0.14643621713984684, -0.08234512148954065, 0.6199008099421781, 0.2918459327535586, 0.21120478328072298, -0.05325568185002337], [-0.7930413786617062, -0.11455669163709009, -0.44562602962344944, 0.4891370964693351, -0.2583727725851369, -0.1235541762546348, 0.29379783033395357, 0.6084044982150537, -0.006370687132506242, -0.030876781490241006, 0.4961743742442639, -0.1023388541368617], [0.053219026229961074, 0.12716097670025814, -0.5561486369369787, -0.011431498292803384, -0.38699259416092674, 0.28659578966111, -0.706463955481047, 0.5304918790014023, -0.5133585005502764, 0.7806742749694354, -0.15171414565332175, -0.0027741542773917632]], "inverted": false, "swapped": true, "error_lsq": 0.04264144581307252, "error_max": 0.20094783388113452, "target": "1055.xyz", "model": "16.xyz", "model_rescale": 3.795458400668931, "target_rescale": 4.079147308244483},
{"mapping": [3, 0, 2, 11, 8, 5, 7, 10, 12, 4, 9, 6, 13], "R": [[-0.6420654127908896, -0.7647943959630636, 0.05330607471158655], [0.42584848424726757, -0.4136006856391774, -0.8047282406521516], [0.6374990777734266, -0.49398785890170926, 0.5912452292371886]], "T": [0.06017634816629806, 0.06381148013071458, -0.08529509943730552], "aligned_model": [[-0.03014806606441059, 0.07134160389677327, 0.46608914808973806, -0.296454237525199, 0.711015479197787, -0.5544491674654018, -0.6434053828567763, 0.18604819794417216, -0.5311737614966047, -0.5223271461910799, 0.16419550087111573, 0.1254191686462206, 0.0024804638578879434], [-0.25532045367210193, 0.36353901271327815, 0.4128551568450118, -0.7247260272976508, 0.08302723985430763, 0.6209086815128322, -0.06900876489095217, -0.4943048623959607, -0.2422360187302558, 0.4613956200082569, 0.6468394831530802, 0.09873499873363484, 0.06207719963700513], [-0.5133388467900009, -0.8192120840495208, -0.2894149146702291, -0.13866319017790957, 0.15670709217883455, -0.42750110007096453, -0.14417634597549883, 0.29958931367147035, 0.514615794160497, 0.19966923410950754, 0.17983389099708824, 0.6018969478476602, -0.01773076039463871]], "inverted": false, "swapped": true, "error_lsq": 0.03806098356437758, "error_max": 0.21588958075734813, "target": "1055.xyz", "model": "17.xyz", "model_rescale": 3.7474275329858107, "target_rescale": 4.079147308244483},
{"mapping": [4, 0, 6, 8, 12, 5, 7, 10, 2, 9, 1, 3, 11, 13], "R": [[0.4720574768228906, -0.6453079340910659, -0.6006158579114668], [0.8662862446039317, 0.4658616158867899, 0.1803360675332769], [0.16343157891186066, -0.6054342450196141, 0.7789348457810233]], "T": [0.08913718761907337, 0.06107537464478639, 0.05495574865913878], "aligned_model": [[-0.31764250337439937, -0.7367463873292628, -0.21036348929149157, -0.3276482301920542, 0.7976650632399644, 0.35345052202293376, 0.5844702461561135, 0.38221888374695107, -0.2210614806444426, 0.30179915946919245, -0.16832483066885345, -0.11146164718177635, 0.49883901734172864, 0.009237591708947002], [0.12944891730089436, -0.06941156488011259, -0.4561602682851449, 0.6142681918645029, 0.02649438234980446, 0.4064247255002861, -0.4103426876285739, 0.6852968302421528, -0.5683560309032335, -0.33826391590884997, -0.08258174930967709, 0.5428061803872994, 0.263619502524817, -0.008175031395956059], [-0.665517126389266, 0.049310394387634134, -0.43265623404155956, -0.13771514612057958, -0.18174940074311116, -0.5230513653025252, 0.37091374225808016, 0.025121804398140914, 0.16184642050223325, -0.43802212366883175, 0.6807307535018666, 0.4888736205939612, 0.6142919166201251, 0.048979341617783535]], "inverted": true, "swapped": false, "error_lsq": 0.039358618910630576, "error_max": 0.24475814555004224, "target": "1055.xyz", "model": "18.xyz", "model_rescale": 3.922800546911778, "target_rescale": 4.079147308244483},
{"mapping": [10, 9, 11, 2, 8, 6, 12, 1, 7, 13, 3, 0, 5, 14], "R": [[0.8563331920906263, 0.4259448221851919, -0.2920008092069333], [0.21865157434449556, 0.21320238043218326, 0.9522269866028396], [0.46785142209952957, -0.8792700116754101, 0.08943876904213313]], "T": [0.15528561077442551, 0.06494016453793927, -0.05446694395575482], "aligned_model": [[-0.33722648404877964, -0.6559675164410173, -0.1904051610347872, -0.44020130837440385, 0.7545086994207183, 0.3609978300554021, 0.40947482608939767, 0.2593741422280318, -0.2428859333271872, 0.3821994376076138, -0.14475846162893627, -0.022817893047874405, 0.6072987976093714, 0.09484093989600133], [0.21807100706279292, -0.0014084855855394929, -0.41585513839842825, 0.4627765648713505, 0.08404327732410391, 0.4519496479942692, -0.43042812466878, 0.797756273359321, -0.5835250406717176, -0.5474498398273344, -0.04472590231717408, 0.4896171454779203, 0.2575670194161579, -0.003320922178733088], [-0.6746148527515458, -0.03999607235309952, -0.45016554103323014, -0.038640052909955584, -0.17676745555196596, -0.5870774155637318, 0.5010617640625438, -0.04310242867501595, 0.18876816485625555, -0.26731041828748814, 0.49969562423271574, 0.6429362675817323, 0.5295815933189798, -0.02301257931224241]], "inverted": true, "swapped": false, "error_lsq": 0.03430649409630311, "error_max": 0.21572971885016273, "target": "1055.xyz", "model": "19.xyz", "model_rescale": 3.9282355846067225, "target_rescale": 4.079147308244483},
{"mapping": [9, 10, 7, 11, 6, 8, 5, 4, 2, 7, 1, 0, 3, 13], "R": [[0.12803846354954987, -0.565425851362152, 0.8148004408830771], [0.916300652281312, -0.24690522938907333, -0.3153266914315559], [0.3794723527224523, 0.7869761205473232, 0.48648671020652967]], "T": [0.09895484368825717, 0.05735774262211708, -0.09799693185225082], "aligned_model": [[-0.22823594814135262, -0.7362359891996185, 0.1164242136470666, -0.3489805457855665, 0.7350091462690354, 0.3853168054239214, 0.47472177275451627, 0.2791006689057841, -0.21546431466894117, 0.1164242136470666, -0.05103250033887517, -0.18042340365203174, 0.47662242008907685, 0.011185376053469837], [0.29552562088300327, -0.0866480875796445, -0.4916946671144247, 0.6161289726445826, -0.08283586523313953, 0.5382750401615417, -0.37143633053493624, 0.6513735909772307, -0.5993274360783885, -0.4916946671144247, -0.07739149947308464, 0.5186121522058915, 0.2652468708650373, 0.05093378724896452], [-0.6589310391629094, 0.05677045010991706, -0.3918234943944444, -0.07582102866726952, -0.14922905597443403, -0.6131056183704112, 0.3052709816916967, 0.02058004103651491, 0.28751750275806814, -0.3918234943944444, 0.6237005357150589, 0.49309456085376896, 0.518853439984783, 0.03630281642805734]], "inverted": true, "swapped": false, "error_lsq": 0.050247273322486165, "error_max": 0.38425911934629553, "target": "1055.xyz", "model": "20.xyz", "model_rescale": 4.067790424073018, "target_rescale": 4.079147308244483},
{"mapping": [1, 13, 10, 5, 0, 7, 3, 8, 11, 12, 6, 4, 2, 14], "R": [[-0.45066555652867185, 0.36474391478166834, 0.8147775357657117], [0.6097877396364559, -0.5408099277325505, 0.5793820282464544], [0.651965849372315, 0.757948876043534, 0.021308039716955107]], "T": [0.057719966792124364, 0.05778788010938331, 0.011432924028265942], "aligned_model": [[-0.2835651473997351, -0.6121895981797156, -0.3836951290854414, -0.3665308277608989, 0.7491983604868452, 0.37429776736735026, 0.5318824048963328, 0.12070303543626408, -0.1256671372864248, 0.36280860253234726, -0.12921702649366984, 0.03226692696218851, 0.534004877594186, 0.030134805933922447], [0.34451912170800236, -0.11925837358781492, -0.3857680098362848, 0.46617023657358714, 0.21022076605523982, 0.385662594385174, -0.5030348629608681, 0.6046147289390292, -0.5491719292876929, -0.5779170367118291, -0.035761237207198426, 0.6767172633852071, 0.21086773625247207, 0.007206484151185466], [-0.6774899796417909, -0.08856359535228707, -0.5174316211811614, 0.05267895544655093, -0.04406370520761655, -0.5792790405791113, 0.44084280956544275, -0.13750138091273983, 0.13792882836313425, -0.2882569990075149, 0.7212639080561024, 0.5201087107701775, 0.5622878712915319, -0.0411681639967662]], "inverted": true, "swapped": false, "error_lsq": 0.04153371173091689, "error_max": 0.293353155013812, "target": "1055.xyz", "model": "21.xyz", "model_rescale": 4.186013935880536, "target_rescale": 4.079147308244483},
{"mapping": [4, 5, 7, 6, 8, 12, 9, 2, 11, 3, 1, 10, 13], "R": [[0.5058439698792784, 0.1873578680332121, 0.8420326047266942], [-0.5853320801059811, 0.7915711582961048, 0.17550343971719834], [-0.6336467739486857, -0.5816460527157495, 0.5100780677745423]], "T": [-0.09642384448609323, -0.02447648321852029, 0.0592410086901326], "aligned_model": [[0.14290368059541866, -0.3860255062506718, 0.2301538920405022, 0.35723630662656913, -0.20610073222534248, 0.7555962877525155, -0.26214264736688225, -0.6051282479168866, 0.44122139008435113, -0.19748601768750315, -0.6213775552165182, 0.4316234379884891, -0.021900253000816272], [-0.36981680755805324, -0.06306660222450818, 0.26469690174348254, -0.5177432368911887, -0.34141464167916946, -0.0707324905226551, -0.6410263332535981, -0.22963565350659823, 0.655385736503219, 0.5071998143649662, 0.2859666280064144, 0.09428960233546929, -0.05514625777168661], [-0.5748335427136629, -0.7892096046877485, -0.5116015320737067, 0.2283254983429381, 0.6675559474003356, -0.21493991709260657, -0.056683875609648576, 0.2247436767757931, 0.08269079163194737, 0.04102309546418485, 0.4975348342886408, 0.48648130431934256, 0.021792885289536885]], "inverted": false, "swapped": true, "error_lsq": 0.04811704233866017, "error_max": 0.2623002417925906, "target": "1055.xyz", "model": "22.xyz", "model_rescale": 4.166573947596378, "target_rescale": 4.079147308244483},
{"mapping": [2, 6, 1, 12, 8, 3, 7, 9, 5, 0, 13, 14, 10, 15], "R": [[-0.5064495697078691, -0.7475487517260296, 0.4297437575294951], [0.8503633815026849, -0.35047046061276627, 0.39249531925514125], [-0.14279689332066725, 0.5642174403815702, 0.8131836983285116]], "T": [0.07596234278163023, 0.1843103417393404, -0.08935571573334242], "aligned_model": [[-0.2617213807195814, -0.641191708156249, -0.19640711983076808, -0.43884087608819683, 0.8649290049592704, 0.23686987411665228, 0.39557558632490747, 0.4081915325269571, -0.17392287943561408, 0.36928403890719547, -0.08591780395963138, -0.06117457551760001, 0.371555894409112, 0.04720232746709663], [0.09424787890964534, -0.05041090728784747, -0.4098989160254511, 0.5589100006821233, 0.11883081909291449, 0.4624288541906081, -0.336749877585477, 0.6776423492326142, -0.5124269657379386, -0.5556375093823316, -0.09232968939845165, 0.5607419431459253, 0.09747904103964355, 0.12224046098223157], [-0.6643928405005167, -0.1878627431241359, -0.3736606483145246, 0.06567362532967319, -0.2546529580196427, -0.5974752995004192, 0.2817686165855384, -0.00752380175160669, 0.28903096649542703, -0.2715515527891228, 0.6942757347322789, 0.5928982533442366, 0.593305262028774, -0.09847601690200812]], "inverted": false, "swapped": false, "error_lsq": 0.042806309710803424, "error_max": 0.32019580312723744, "target": "1055.xyz", "model": "23.xyz", "model_rescale": 4.274766983524099, "target_rescale": 4.079147308244483},
{"mapping": [6, 7, 11, 10, 3, 1, 8, 2, 9, 5, 13], "R": [[-0.8685907449606634, 0.3551245959406417, 0.345596063528907], [-0.26114565942557766, -0.9207667444471974, 0.289812951545113], [0.4211330696251014, 0.16147793557667803, 0.8925087192795564]], "T": [-0.028940711545785782, 0.089697187591811, 0.057327930783122705], "aligned_model": [[0.33960452056146173, 0.04883388310859206, -0.5751409805528516, -0.3089102353594351, -0.47975292202362074, -0.5637880599993716, -0.08485035044508092, 0.017772911752952845, 0.5419655035682522, 0.4214511167633945, 0.022709316583781444], [-0.2853797739179072, 0.7459018735562909, 0.45937966708995165, -0.1786137692517501, 0.37823973509704156, -0.15113158206520003, -0.5997567291809667, -0.1893446513510102, -0.14570808731381027, 0.7721054418087285, 0.10989440677211526], [-0.39122627158615514, -0.22459757969001343, -0.5055442206598253, -0.512847377336402, 0.13940527107789613, 0.5263616383480425, 0.12099338118928779, 0.5555398112961797, 0.25654004913240697, 0.4270480123204089, -0.012106280070248443]], "inverted": true, "swapped": true, "error_lsq": 0.05114122213081736, "error_max": 0.26496906671853687, "target": "1055.xyz", "model": "24.xyz", "model_rescale": 3.7841303162186577, "target_rescale": 4.079147308244483},
{"mapping": [10, 0, 7, 8, 13, 14, 3, 12, 6, 11, 4, 2, 5, 15], "R": [[0.009248718384942706, 0.149372942985039, 0.9887376725462749], [-0.9889739095578838, 0.14751508260359578, -0.013034823291837694], [-0.14780076935534248, -0.9777152061354284, 0.14909026886261306]], "T": [-0.06608289088367349, 0.09016824671730769, -0.04465738104781568], "aligned_model": [[-0.19963097980155503, -0.7694838991347075, -0.35805884894994144, -0.5241132178587209, 0.682740296887312, 0.39014742948162706, 0.5150353803635128, 0.5521775630780198, -0.015707010357862462, 0.2897960257937095, -0.07452956627664241, -0.05591043605655152, 0.4496912431519047, -0.04772206531655343], [0.179876489470574, -0.08460149923735585, -0.36789150273929483, 0.3988042239270905, -0.017169714375815576, 0.525254592937854, -0.28758263256640093, 0.510804065535586, -0.569339625232346, -0.4849272521698388, -0.06765612713142263, 0.6469885230122386, 0.3224668541171419, 0.030041086310198792], [-0.8058225696932908, -0.17119791543093116, -0.40206032722943136, 0.16607903436669375, -0.24401232288751834, -0.5261682619450097, 0.3659613175719842, 0.08179982682225125, 0.24609696499144373, -0.4080345033147005, 0.6845370124800126, 0.46390994880817205, 0.6256807016415319, -0.01541230856725639]], "inverted": false, "swapped": false, "error_lsq": 0.04655994269734145, "error_max": 0.26001787355387385, "target": "1055.xyz", "model": "25.xyz", "model_rescale": 4.19342608120988, "target_rescale": 4.079147308244483},
{"mapping": [8, 3, 10, 4, 6, 9, 12, 5, 11, 0, 7, 13], "R": [[-0.6627655673243693, 0.7359371549704007, 0.1383412689810234], [0.6794524690148861, 0.6686723264291734, -0.3020292406661526], [-0.3147795182644237, -0.10617826426284227, -0.9432073107643664]], "T": [-0.01437934010830249, -0.15238230720078003, 0.05952388392168056], "aligned_model": [[-0.28278590406474696, 0.521549374474406, 0.08774339063850142, -0.41687943832448526, -0.5311948233088337, -0.6215385502801093, -0.14643621713984684, -0.08234512148954065, 0.6199008099421781, 0.2918459327535586, 0.21120478328072298, -0.05325568185002337], [-0.7930413786617062, -0.11455669163709009, -0.44562602962344944, 0.4891370964693351, -0.2583727725851369, -0.1235541762546348, 0.29379783033395357, 0.6084044982150537, -0.006370687132506242, -0.030876781490241006, 0.4961743742442639, -0.1023388541368617], [0.053219026229961074, 0.12716097670025814, -0.5561486369369787, -0.011431498292803384, -0.38699259416092674, 0.28659578966111, -0.706463955481047, 0.5304918790014023, -0.5133585005502764, 0.7806742749694354, -0.15171414565332175, -0.0027741542773917632]], "inverted": false, "swapped": true, "error_lsq": 0.04264144581307252, "error_max": 0.20094783388113452, "target": "1055.xyz", "model": "26.xyz", "model_rescale": 3.795458400668931, "target_rescale": 4.079147308244483},
{"mapping": [10, 3, 11, 12, 4, 2, 1, 6, 0, 7, 9, 5, 13], "R": [[-0.19111972980793035, 0.9598069368708378, 0.2055331915111613], [0.7275476847648624, 0.27907935643417314, -0.6267288721652902], [-0.6588987898542784, 0.029754944915219295, -0.7516428859383026]], "T": [-0.18284039546302777, -0.16261142616620558, -0.008163008912900643], "aligned_model": [[-0.0817263348335082, 0.27992047766320305, 0.5642281185747889, 0.08459251309570404, -0.22426430776037126, -0.5544019468797563, -0.18121128380147833, -0.5705328685939832, -0.034289710308637145, 0.35302229319101963, -0.7464149135311732, -0.010105632858999902, -0.17914002113555177], [-0.6596282447766263, -0.30202185016523453, -0.4565899606400924, 0.01899503718622167, 0.5183842020703661, -0.19942882936506603, -0.6173126252546627, -0.21544054494054887, 0.07158329143024939, 0.24955066864977613, 0.15868325544123654, 0.6807500979890561, -0.12564299436776086], [-0.47530732770242623, 0.2360546165985345, -0.33571481395022795, -0.8440767819201035, -0.34449194675078487, 0.4264035345498133, 0.5895802192521279, -0.577911039286518, 0.734589254776631, -0.25128655243818354, -0.021892836350523137, 0.24507759700496726, -0.08888726168388043]], "inverted": false, "swapped": true, "error_lsq": 0.04602470201130703, "error_max": 0.26806520166560344, "target": "1055.xyz", "model": "27.xyz", "model_rescale": 3.6321398670334006, "target_rescale": 4.079147308244483},
