[{"mapping": [7, 8, 3, 6, 2, 0, 1, 5, 4, 9, 14, 12, 13, 15], "R": [[-0.12917990472031937, 0.5245096475456218, 0.8415474923306571], [0.6069189937124927, -0.6293166037577913, 0.48539669066215807], [0.7841950569134345, 0.5734546554578899, -0.23703980856853657]], "T": [-0.07351303916294047, 0.18532891310605412, 0.05046398703493979], "aligned_model": [[0.11698146484106392, 0.28366531525983996, -0.3990066261695806, -0.3587641254561683, -0.627707014013035, 0.007615605005634643, -0.7093066989909553, -0.10937506009107116, -0.45256397485953204, 0.21520217242897446, 0.7105441328405951, 0.06389551831688559, 0.6357024624940182, -0.005391070478366164], [-0.6402907252077438, -0.24026837432271278, -0.30031599263090314, -0.23528085087713438, 0.18898937327184198, 0.12273539705022597, 0.18327009251755103, 0.4808952733058046, 0.837694995456193, -0.03000849630635352, 0.31446463299533667, 0.6447097573686993, -0.20425526864265967, 0.11293351783188954], [0.19260379387956536, -0.32356163091662804, 0.4061099914716897, -0.3577135107726903, 0.7123171555978693, -0.7273622341989273, -0.05429749070868792, 0.6554402204271743, 0.13830395015476804, 0.6917021823423446, 0.5328464959811688, -0.26008859546243035, 0.18125345799199197, 0.11003430139262572]], "inverted": false, "swapped": true, "error_lsq": 0.044042597852143324, "error_max": 0.25894485718083154, "target": "1056.xyz", "model": "0.xyz", "model_rescale": 3.8414455957264533, "target_rescale": 4.208680830889561},
{"mapping": [7, 8, 1, 0, 6, 10, 4, 3, 5, 2, 12, 13, 11, 9, 15], "R": [[-0.7898906376457405, 0.5569435060105044, -0.2566840697673559], [-0.3427744952023224, -0.7480474734411734, -0.5682698504382142], [-0.5085060727251923, -0.36088628207650747, 0.7817817249146958]], "T": [0.05564685833782799, 0.035331060526358524, -0.08143772393984487], "aligned_model": [[-0.7323325189961573, -0.5036787139485777, 0.1418881965156494, -0.204608479167832, -0.3926396108114046, 0.2815965124503527, 0.7668606460757555, -0.2648374527746089, 0.4888614882252724, 0.3161861894824265, 0.3953559546349681, -0.4112666760195287, 0.049937205645199, -0.04793850764440171, -0.011340080162568232], [0.26194517706575327, 0.11428501245727452, -0.5490432978660554, -0.33642404418363825, -0.4357219144047583, -0.5886437934831867, -0.21986525294355946, -0.03974064032452719, 0.3502186014403477, -0.0498837819007701, -0.019966402112009327, 0.6898938368503545, 0.4136412127326677, 0.6321363437545087, 0.12421347096061315], [0.17522199435731994, -0.4413346098390108, 0.17601484388867522, -0.7214211120193272, -0.1265815152318554, -0.38180680334944483, -0.003805474860897759, 0.5185082537820446, 0.3282117870141643, 0.7371291120744213, -0.5373924352420439, -0.24083556413071977, -0.6032875359788751, 0.33570328613157374, -0.049142439256488826]], "inverted": true, "swapped": true, "error_lsq": 0.04596884586787339, "error_max": 0.34948500074596256, "target": "1056.xyz", "model": "1.xyz", "model_rescale": 4.316132596720782, "target_rescale": 4.208680830889561},
{"mapping": [3, 6, 7, 5, 9, 2, 14, 4, 8, 1, 12, 15], "R": [[0.8830044384484258, 0.42651352554835914, -0.1959320652794978], [-0.4148743335573945, 0.5140150335912804, -0.7507781513852562], [-0.21950500913575527, 0.7442276249686407, 0.6308270707554076]], "T": [0.10589202641883777, 0.10470005786928176, -0.03829990338475566], "aligned_model": [[-0.17813587663932184, 0.5640787392241656, 0.11895701397614059, -0.542023895256776, -0.471678959163898, -0.576271617374972, -0.3474697827965467, -0.11390105736349349, 0.56684011368207, 0.17415493999789122, 0.3397091482630267, 0.06354978808349432], [-0.5045296648762286, -0.3184196895884364, -0.6332932687032163, 0.2822105726989946, -0.1030596744253049, -0.160441489234101, 0.3969249144171873, 0.5877998524229212, -0.129875842101427, -0.07801043748308188, 0.6245572443381318, 0.04891391027554155], [0.08995151115069924, 0.1512370086559405, -0.47799846370710974, 0.01946493332724162, -0.4434674572041318, 0.4194628086737283, -0.7953879241718188, 0.5050991812647372, -0.46386493815645946, 0.5758416384087776, -0.00044706400481044767, -0.13063277302737303]], "inverted": true, "swapped": true, "error_lsq": 0.043630470041867216, "error_max": 0.2032408445928491, "target": "1056.xyz", "model": "2.xyz", "model_rescale": 3.795458400668931, "target_rescale": 4.208680830889561},
{"mapping": [1, 3, 6, 13, 12, 11, 7, 5, 9, 14, 0, 15], "R": [[-0.8702100540655283, -0.19521413784488612, -0.45235594633954834], [0.3146470961726852, 0.4863157915385906, -0.8151651095148094], [0.37911959415647134, -0.8516973589754004, -0.3617733296429694]], "T": [0.04050986574024526, 0.043348122826072234, -0.1232263796560808], "aligned_model": [[-0.26842325953303325, -0.1392237487662424, -0.6085187189667036, 0.14981702781398396, 0.16510212199955068, 0.21874273256628557, -0.3071157896623561, 0.6276072431126116, 0.45358372307987416, 0.7432805874331251, -0.5030031302580859, 0.061455036924555125], [-0.18221603580388204, -0.6138490087683857, -0.012579020504648479, 0.08478999994787748, 0.5660201098579302, 0.5464938608027132, -0.39069126094146645, -0.25748786337212165, -0.39144337244578925, 0.1322811278547327, 0.6087770371338606, -0.004326528471110681], [-0.6417762020349833, -0.059438542547569556, -0.1461103561050665, 0.6880706456759356, -0.31725097060351193, 0.23809869456423227, 0.5316826865199591, -0.262711789957241, 0.3024958777370783, 0.47870285323313905, -0.10329646140604666, -0.01969500443682591]], "inverted": true, "swapped": true, "error_lsq": 0.04802681705454991, "error_max": 0.28277188005721793, "target": "1056.xyz", "model": "3.xyz", "model_rescale": 3.7530521520055578, "target_rescale": 4.208680830889561},
{"mapping": [7, 3, 9, 5, 13, 1, 8, 6, 0, 12, 15], "R": [[-0.7595793902822044, -0.10406985844762914, -0.6420347454937352], [-0.3547330745422379, 0.8936655761439111, 0.2748204574648379], [0.5451638246291897, 0.43649891475015384, -0.7157269742978899]], "T": [0.05474091517396599, 0.11382418275533311, 0.03987532396715986], "aligned_model": [[-0.3629486798328639, -0.2714346291424726, 0.3685275408260188, 0.550329934273548, 0.1973666071049315, -0.31526637782839806, -0.2569778939479498, -0.5897715662296739, -0.34058348054201343, 0.29159828978009966, 0.06735985798397894], [-0.5842400621437662, -0.01646902135110749, -0.34871835708459675, 0.22866975491571195, -0.688264574557331, 0.6044156579122175, -0.3635148457772171, 0.1246219062984469, 0.14455877889147448, 0.3598482664862109, 0.006295854724302358], [-0.23649649104197984, -0.5474187466449011, -0.43814711150886854, -0.4026671254083808, 0.13031804377595002, -0.15410248782377775, 0.3914196692468952, 0.1367086652663595, 0.7168446307661929, 0.49783330518269114, -0.0014615745648640724]], "inverted": true, "swapped": true, "error_lsq": 0.045982462785037176, "error_max": 0.23345442526062993, "target": "1056.xyz", "model": "4.xyz", "model_rescale": 3.7855080009869324, "target_rescale": 4.208680830889561},
{"mapping": [11, 0, 3, 5, 2, 9, 4, 7, 6, 10, 1, 13, 12, 8, 15, 16], "R": [[0.8137293159790382, -0.23689566027560874, -0.5307777750234746], [0.2224357587725119, 0.9705804084329652, -0.09217377059335069], [0.5369980759142288, -0.043059457830796156, 0.8424837978001324]], "T": [0.0026667614898086937, 0.06966001301045213, 0.056549119794143], "aligned_model": [[-0.570679994206078, -0.023500314938113737, 0.5247169231194077, 0.05612072181906429, 0.5356166676507663, 0.7030891081849096, -0.5438389014142788, -0.3989869900930936, -0.6339177565740547, 0.27590942539973684, -0.23897379943466732, -0.25683501421728283, -0.04036401837472843, -0.1326866531123027, 0.4231574417893964, 0.05011325562565094], [-0.3374476855505154, -0.3267215716693276, 0.03780399307429795, 0.29078186719593135, -0.4144345150954285, 0.19396616023285732, -0.05662251330855764, 0.5656027504750579, 0.1888402702903661, 0.7159601373256039, -0.6107970237706649, 0.10793456059101951, -0.46584365322344545, 0.6633987472935313, 0.5397079772732782, 0.053357860277766136], [0.42799635400882075, -0.6147710771003607, -0.400468853742541, -0.7202076274221252, -0.10898810550476937, 0.02704425135023846, -0.42551422441033016, -0.33598691278299747, 0.1379941055394603, -0.1399168314643634, -0.17080962624509768, 0.7318723951873192, 0.474220567758278, 0.409343170950191, 0.5871719667951167, 0.07577988177287967]], "inverted": false, "swapped": false, "error_lsq": 0.03600404387024058, "error_max": 0.2363621952489256, "target": "1056.xyz", "model": "5.xyz", "model_rescale": 4.2253639853439635, "target_rescale": 4.208680830889561},
{"mapping": [2, 9, 8, 6, 7, 11, 0, 1, 14, 5, 13, 12, 4, 15], "R": [[0.49770700897801423, -0.6110490765229252, -0.6155540263004049], [0.8052046899993809, 0.06172532569902797, 0.5897757127674471], [-0.32238663188345795, -0.7891824948944507, 0.5227407094679067]], "T": [0.1232422644928802, -0.0657249438061631, 0.09336202399967904], "aligned_model": [[0.7479684494364413, -0.101783535754145, -0.4337738973652435, 0.14180845797522237, -0.34252337942120314, -0.3888842637324973, -0.11879802072674592, 0.6769816641321551, -0.4449054973532258, 0.38265181071744214, -0.6438355556235736, 0.1196455846136388, 0.7347778393977265, 0.0447324964617922], [0.05043160429075584, 0.23632678711579225, -0.42445391347703754, -0.7116108801561456, -0.5176713520471588, 0.19396523454573744, -0.48728834041170643, -0.39246444067862307, 0.6165431167486763, 0.4554616421711841, 0.01761525429032089, 0.16711993309816464, 0.29981561072626545, -0.05869110958123531], [-0.4909485335342694, -0.5383350849760903, 0.19160210017360796, 0.17924729160036001, -0.4696179729294557, 0.3862200579970104, 0.7091657578053606, 0.13610266402077492, -0.18201586602557718, -0.2468041570369987, -0.18325029936860487, 0.6150181419866033, 0.35676536488993094, 0.008408744328796625]], "inverted": false, "swapped": true, "error_lsq": 0.04458641420480074, "error_max": 0.3051157399641074, "target": "1056.xyz", "model": "6.xyz", "model_rescale": 3.89814844738969, "target_rescale": 4.208680830889561},
{"mapping": [13, 7, 6, 14, 0, 3, 9, 11, 5, 2, 1, 4, 15], "R": [[-0.7850809502858977, -0.5457992143356593, 0.29283292015886697], [-0.14395078092528948, -0.29905007605604234, -0.9433171389738846], [0.60243346036653, -0.7827338434240934, 0.15621029476112008]], "T": [0.061578816565712194, 0.08370474423866862, 0.0737847217357579], "aligned_model": [[-0.028849661080074043, -0.07610236128976271, 0.44755671242713524, -0.3704115335440957, 0.8423198319559444, -0.31785781339451996, -0.5626071406787336, 0.3002347204938043, -0.5417308330423137, -0.6330805328718514, 0.12697088930089795, -0.043467242235939826, 0.005656764863731324], [-0.446205362046416, 0.19229488070094014, 0.5245748196798565, -0.722543329597063, 0.07770463750719751, 0.5388858358944852, -0.1474917573870137, -0.5116357643161198, -0.02516721018844724, 0.5587418050153231, 0.6834331896259634, 0.19875297274046394, 0.042436547841315064], [-0.5449933627664068, -0.7672811160215488, -0.2117748447172461, -0.0919347668796206, -0.0031626706986793846, -0.2684420273151792, -0.23903018333270165, 0.009820387021843402, 0.3545090794699856, 0.26609217503182764, 0.300196851392012, 0.8172268560159324, -0.018951346363922775]], "inverted": false, "swapped": true, "error_lsq": 0.04361028328896733, "error_max": 0.2717746134494993, "target": "1056.xyz", "model": "7.xyz", "model_rescale": 3.7474275329858107, "target_rescale": 4.208680830889561},
{"mapping": [6, 1, 10, 0, 4, 11, 8, 13, 12, 14, 7, 9, 3, 2, 15], "R": [[0.8105910469329738, -0.5649691752384496, -0.1541167922793995], [0.16515172260882194, 0.47303045540221117, -0.8654288513686815], [0.5618425608223752, 0.6760562249490517, 0.47673988458717503]], "T": [0.07467605962103267, -0.08967269723284586, 0.003193168438966807], "aligned_model": [[-0.24106585119951124, 0.37404772685875465, 0.3277302844001964, -0.287594362769818, 0.8105235454275321, -0.19002938910825035, -0.5739910092464156, -0.5572228365475108, 0.24857403108145565, -0.07370167596372602, -0.6148888386754314, -0.02166298082880841, -0.003989872400324113, 0.6021009584975221, 0.0033239928130814056], [0.06580592672489567, 0.16698850221414896, -0.3988877222666428, -0.5630030565876946, -0.24920048743206147, -0.6043976627984474, -0.23261529032809042, -0.1255353294001702, -0.6304353375887852, -0.27035953849939137, 0.410757724311696, 0.2870415261830763, 0.5889607678997023, 0.5870347946166813, -0.04303685506932419], [-0.5454625239123991, -0.5064286691940787, -0.6058791393455344, -0.5069361755215462, -0.09708812672932815, 0.2868613424696847, -0.08284775011181622, 0.524044399413397, -0.05755253558326026, 0.902888050626601, 0.11368892467016631, 0.6274673706766141, -0.03616952028949244, 0.09850279012224003, 0.08170621840501335]], "inverted": false, "swapped": true, "error_lsq": 0.045122335808444956, "error_max": 0.30263043710304244, "target": "1056.xyz", "model": "8.xyz", "model_rescale": 4.019505241142653, "target_rescale": 4.208680830889561},
{"mapping": [1, 3, 6, 10, 4, 12, 8, 2, 5, 9, 7, 11, 15], "R": [[0.022250207306159897, 0.5095342761663673, -0.8601626297895353], [0.7138648347366572, -0.6104490563520213, -0.34314566487911813], [-0.699929943638103, -0.6064047913815845, -0.37732121990184814]], "T": [0.11616311485212043, -0.034749376784791494, 0.026244755746376136], "aligned_model": [[-0.12366856185732301, -0.5679682319016475, -0.11009711500452023, 0.4244062595673809, 0.3696383961801431, 0.6716819671343873, 0.16393788408822452, -0.47571429325837805, 0.003197251319754915, -0.2365246532157893, -0.4676065999745806, 0.6040088357621571, 0.06440963290136702], [-0.4487187740198114, -0.05041278888040086, 0.15781190843681742, -0.34955928834618016, -0.7507002139232295, -0.1469984949049259, 0.6015736555791074, -0.618374386508987, -0.4283665928691797, 0.1211920569533294, 0.5948108980407617, 0.3383246063539679, 0.042795642202789363], [-0.4054065952747424, 0.02594805230710659, -0.5539414948016528, -0.5538417307484662, 0.03814672746000416, -0.04554464792977925, -0.17726239579034858, 0.259175988642252, 0.5619181652736707, 0.6525088405517272, 0.05796932552583198, 0.22195053853306237, 0.0950827202952131]], "inverted": true, "swapped": true, "error_lsq": 0.05251313255686201, "error_max": 0.3590383689244886, "target": "1056.xyz", "model": "9.xyz", "model_rescale": 3.877068213659057, "target_rescale": 4.208680830889561},
{"mapping": [11, 6, 13, 3, 14, 2, 12, 5, 0, 4, 10, 8, 9, 1, 7, 15], "R": [[0.6168359098188079, 0.28591859301052774, -0.7333239519672627], [0.14485656055277196, 0.8745353778181213, 0.4628222658962481], [0.7736472304757673, -0.39171217892145804, 0.49802764146358275]], "T": [0.021753581866741156, 0.05097638666305917, -0.05281010832517875], "aligned_model": [[-0.5290638380333246, -0.06837682487374357, 0.6413678584229277, 0.012560132534032053, 0.4834614084382879, 0.6285268377611384, -0.6494185852766009, -0.44494904370145316, -0.7082576899584776, 0.3687573338005548, -0.10832270332602385, -0.09848348187209692, 0.2578809499090709, -0.29067962224292526, 0.29657459330712466, -0.06263722366415793], [-0.3446287210073846, -0.21740156926572482, -0.11583978522850952, 0.40239395518232024, -0.5780549656922366, 0.05454908431273369, -0.011171301233878862, 0.6452578169009014, 0.21276619726466894, 0.6285750399198607, -0.6450781303467884, 0.043221243999075724, -0.3703123820473624, 0.7855446364421943, 0.588637703391968, 0.06702853881993251], [0.23831193650034715, -0.6006735563458788, -0.4839585851250716, -0.5811873558989198, -0.07863620511179988, 0.21583242314056184, -0.37508452967242856, -0.25284431341207947, 0.22045466406126013, -0.11651938272660678, -0.0952253041931281, 0.7092960798624136, 0.3970842607432864, 0.2873392553220586, 0.4964441948723739, -0.02587414732666995]], "inverted": true, "swapped": false, "error_lsq": 0.038635206757168895, "error_max": 0.26277841024453646, "target": "1056.xyz", "model": "10.xyz", "model_rescale": 4.260839863003843, "target_rescale": 4.208680830889561},
{"mapping": [9, 3, 6, 7, 0, 11, 14, 5, 1, 10, 12, 15], "R": [[0.9781223871931136, 0.046670269629941, -0.20272760444575172], [0.20732083632934928, -0.13827440496025067, 0.9684514751687808], [0.01716585259588771, -0.9892937252735191, -0.14492501039882338]], "T": [0.03977794548984377, 0.028666611663505443, 0.01743500671416661], "aligned_model": [[0.40062081728790133, 0.2016251247075091, -0.42207219608154056, -0.2770958565179374, -0.6663063254600182, -0.21878013644653244, 0.29239530283777665, 0.6965475366975717, 0.12386551180215323, -0.16444696404090214, -0.04509326658349552, 0.03763910089164488], [-0.005560409002441907, -0.5879689769415063, -0.40302467189736185, -0.4196291393002222, 0.15775973207138258, 0.5879532216528336, 0.60743809296937, 0.1163578973034287, -0.4124465015005293, 0.026773918294029243, 0.48615908575728944, 0.019266256126662117], [-0.6225134516377319, -0.23125590901772639, 0.17626418518594797, -0.6434443931644847, 0.3341263456806406, -0.17183887915873905, -0.6647105871676129, -0.10748794267418552, 0.47956192264219594, 0.7166546092240941, 0.3488747323788545, -0.09805255489574818]], "inverted": false, "swapped": true, "error_lsq": 0.04842644661193324, "error_max": 0.28869033142785394, "target": "1056.xyz", "model": "11.xyz", "model_rescale": 3.890672605050136, "target_rescale": 4.208680830889561},
{"mapping": [10, 0, 11, 4, 12, 3, 6, 5, 1, 7, 14, 8, 9, 15], "R": [[-0.5057204188794362, 0.6105384139744633, -0.6094995512631285], [0.3611782208372588, -0.4917664968825697, -0.7922853055160611], [-0.7834520730212158, -0.6208128201039288, 0.028183180682227693]], "T": [0.11678892564975502, -0.04548984299523769, 0.11663387968859751], "aligned_model": [[0.4119826740267626, 0.14157499770964857, 0.3649466120317159, 0.7037905788208394, 0.6181360694336147, -0.43885506331568197, -0.2946788726221584, 0.3446535176443004, 0.04404928764830188, -0.687768984534201, 0.2968266991510313, -0.22112852897306973, -0.12182532290675485, 0.048172170679344706], [-0.371200992113842, 0.18936761852212253, 0.545660865871131, -0.5242938331189458, 0.0804832663007185, -0.35889643107120267, -0.1847928048229014, -0.23727770466514886, -0.6429610694832417, 0.2316560925530444, 0.606300158938797, 0.43348690473275303, 0.1447685319836067, 0.01985191620087403], [-0.4642209616910228, -0.6315245654266619, 0.0500230711231365, 0.1727834530641138, -0.12654629095450437, 0.36425697675284935, -0.3693481789486143, 0.7215611022761383, -0.11347449134792828, 0.23502462039266847, 0.7544980984297792, -0.2073995442295069, 0.7857961078174199, 0.18336103809899437]], "inverted": true, "swapped": true, "error_lsq": 0.0479285553438348, "error_max": 0.3088713301252654, "target": "1056.xyz", "model": "12.xyz", "model_rescale": 4.124412569039231, "target_rescale": 4.208680830889561},
{"mapping": [9, 2, 4, 7, 5, 14, 3, 11, 1, 8, 12, 10, 15], "R": [[0.45057767757135087, -0.6986811002174883, 0.5557197825102933], [-0.04790472513384031, -0.640515453465073, -0.7664496664375835], [0.8914510047020301, 0.3187235072461898, -0.32207209153298116]], "T": [0.12828393181394415, 0.13653588394153726, -0.112981210914047], "aligned_model": [[-0.18577120767254401, -0.01044928397114811, 0.7374701850571141, -0.7004777104481894, 0.3089340457418031, 0.2025512139910426, -0.4267288874367665, 0.34212464584970265, 0.1176824069464969, -0.20771037953972205, 0.6413213379317959, 0.4989626242535071, 0.04938931680666489], [-0.28844272044609387, 0.5290341584743327, 0.4877108288166169, -0.0825128107977463, 0.037051426640795984, -0.735150276952656, 0.3734779531793798, -0.39575975375070394, 0.779667812141679, -0.12899418524182027, 0.07281722976305055, 0.6418923489470059, 0.056693365734637], [0.3985612131262001, 0.6432543190581085, 0.1743256691388944, -0.1705266500291739, 0.52897687174374, 0.20128328877106405, 0.20966465751634084, -0.4069402230839234, -0.0744881668827139, -0.6279629541986015, -0.3560600690516517, -0.48423799367181114, -0.084151881468634]], "inverted": false, "swapped": true, "error_lsq": 0.04936820698157308, "error_max": 0.2764485676821069, "target": "1056.xyz", "model": "13.xyz", "model_rescale": 3.9028299243045295, "target_rescale": 4.208680830889561},
{"mapping": [12, 2, 3, 6, 0, 4, 1, 9, 11, 7, 8, 13, 5, 14, 10, 15], "R": [[0.21568879994726964, 0.9472708357972507, -0.23697321626142737], [0.6161467273961387, -0.320302177526562, -0.7195621761813024], [-0.7575233012233586, 0.009191230587974997, -0.6527434177254825]], "T": [-0.00860327771221834, 0.0069721777962690745, -0.038809837247300374], "aligned_model": [[-0.5514808512071299, -0.11978114669464851, 0.4374918807593883, -0.07978575414395869, 0.5864449095295652, 0.6438079437714392, -0.5171498054120734, -0.1846967658686223, -0.6821221972576772, 0.43467087457678233, -0.0032868912635680494, -0.2170115502047166, 0.12543899032291755, -0.4207258096399713, 0.2819518040826891, -0.004825530126083475], [-0.2786137834701714, -0.5310397600086589, 0.04828568375643766, 0.3324994523040611, -0.5335264837083327, 0.018778669821675392, 0.029189389742361294, 0.7485330608781318, 0.3101137347672807, 0.7940748763084193, -0.7464953225417819, -0.0021137288641735474, -0.23684832988212845, 0.5963028587488148, 0.4773391479818819, 0.11900789557795327], [0.2897702715308882, -0.5290469286466524, -0.4723784581732415, -0.6161947269437753, -0.2412827021372166, 0.14444811949937003, -0.44264839459487354, -0.17996222502526416, -0.02053007276755618, -0.1066723728949573, 0.13079447144526124, 0.7287413272050015, 0.390941328045591, 0.47684025724354717, 0.46087532347946764, -0.05893578257587164]], "inverted": true, "swapped": false, "error_lsq": 0.05023340128904175, "error_max": 0.2707802872613055, "target": "1056.xyz", "model": "14.xyz", "model_rescale": 3.942246331269136, "target_rescale": 4.208680830889561},
{"mapping": [12, 4, 10, 2, 3, 1, 8, 0, 11, 6, 7, 13, 5, 9, 15], "R": [[-0.2946855205917703, 0.40602750719058656, -0.8650445695790223], [-0.9520548190582099, -0.04690548068300823, 0.30231026676237055], [0.08217095266331662, 0.912656309508949, 0.4003828108846694]], "T": [-0.13295524552895274, -0.018363137676577376, -0.05129128033105137], "aligned_model": [[-0.6551434302922964, -0.49129452383224104, -0.3087078954713961, 0.2651064088178283, 0.5107003707047593, 0.15037664116949592, -0.017085925164298826, -0.2790303473409501, -0.5895287222734141, 0.2779933275725165, 0.510877544252763, -0.11135776779314568, -0.24323404018543343, 0.04590448954252582, -0.09128209317450367], [0.10810885388597208, -0.4882927735880431, 0.17497137060159712, -0.774716599707871, -0.23875437477902078, -0.15329995348265704, 0.5946595037605458, 0.6927768365718976, 0.2984068514018215, 0.394876081776084, 0.26024873202215537, 0.27774736748140216, -0.6610013498816011, -0.3719807112242395, -0.015605144956392555], [-0.24540236523786357, -0.528508291020547, -0.7312561488663448, -0.1724124480827797, 0.022304102824327605, -0.6140771024328163, 0.19239321343625346, -0.3487058684942956, 0.27532138334589246, -0.3432574483676572, 0.44468697804307833, 0.7127247311916848, 0.12045421876362189, 0.5682867238512573, 0.05681080140670453]], "inverted": false, "swapped": true, "error_lsq": 0.046385268817868155, "error_max": 0.3278246261263305, "target": "1056.xyz", "model": "15.xyz", "model_rescale": 4.355366556412066, "target_rescale": 4.208680830889561},
{"mapping": [3, 6, 7, 5, 9, 2, 14, 4, 8, 1, 12, 15], "R": [[0.8830044384484258, 0.42651352554835914, -0.1959320652794978], [-0.4148743335573945, 0.5140150335912804, -0.7507781513852562], [-0.21950500913575527, 0.7442276249686407, 0.6308270707554076]], "T": [0.10589202641883777, 0.10470005786928176, -0.03829990338475566], "aligned_model": [[-0.17813587663932184, 0.5640787392241656, 0.11895701397614059, -0.542023895256776, -0.471678959163898, -0.576271617374972, -0.3474697827965467, -0.11390105736349349, 0.56684011368207, 0.17415493999789122, 0.3397091482630267, 0.06354978808349432], [-0.5045296648762286, -0.3184196895884364, -0.6332932687032163, 0.2822105726989946, -0.1030596744253049, -0.160441489234101, 0.3969249144171873, 0.5877998524229212, -0.129875842101427, -0.07801043748308188, 0.6245572443381318, 0.04891391027554155], [0.08995151115069924, 0.1512370086559405, -0.47799846370710974, 0.01946493332724162, -0.4434674572041318, 0.4194628086737283, -0.7953879241718188, 0.5050991812647372, -0.46386493815645946, 0.5758416384087776, -0.00044706400481044767, -0.13063277302737303]], "inverted": true, "swapped": true, "error_lsq": 0.043630470041867216, "error_max": 0.2032408445928491, "target": "1056.xyz", "model": "16.xyz", "model_rescale": 3.795458400668931, "target_rescale": 4.208680830889561},
{"mapping": [13, 7, 6, 14, 0, 3, 9, 11, 5, 2, 1, 4, 15], "R": [[-0.7850809502858977, -0.5457992143356593, 0.29283292015886697], [-0.14395078092528948, -0.29905007605604234, -0.9433171389738846], [0.60243346036653, -0.7827338434240934, 0.15621029476112008]], "T": [0.061578816565712194, 0.08370474423866862, 0.0737847217357579], "aligned_model": [[-0.028849661080074043, -0.07610236128976271, 0.44755671242713524, -0.3704115335440957, 0.8423198319559444, -0.31785781339451996, -0.5626071406787336, 0.3002347204938043, -0.5417308330423137, -0.6330805328718514, 0.12697088930089795, -0.043467242235939826, 0.005656764863731324], [-0.446205362046416, 0.19229488070094014, 0.5245748196798565, -0.722543329597063, 0.07770463750719751, 0.5388858358944852, -0.1474917573870137, -0.5116357643161198, -0.02516721018844724, 0.5587418050153231, 0.6834331896259634, 0.19875297274046394, 0.042436547841315064], [-0.5449933627664068, -0.7672811160215488, -0.2117748447172461, -0.0919347668796206, -0.0031626706986793846, -0.2684420273151792, -0.23903018333270165, 0.009820387021843402, 0.3545090794699856, 0.26609217503182764, 0.300196851392012, 0.8172268560159324, -0.018951346363922775]], "inverted": false, "swapped": true, "error_lsq": 0.04361028328896733, "error_max": 0.2717746134494993, "target": "1056.xyz", "model": "17.xyz", "model_rescale": 3.7474275329858107, "target_rescale": 4.208680830889561},
{"mapping": [8, 12, 11, 10, 7, 3, 13, 5, 6, 9, 1, 4, 2, 15], "R": [[-0.1223422866956021, 0.6223669008318249, 0.7731053004831105], [0.8913523649713759, -0.27367973501074344, 0.36137288789335614], [0.43648977805445344, 0.7333204234121935, -0.5212656043328923]], "T": [0.03812539259911202, -0.007467648451092643, -0.05770071339856069], "aligned_model": [[0.40226850866522595, 0.1087752182948652, 0.5966500966856547, -0.42288856368138034, 0.3131482528287831, -0.2133791574321508, 0.7877478371557722, 0.022733379186075892, -0.23867109312405893, 0.39412230771749934, -0.6010736364508467, -0.39052881514031523, -0.4610084798541852, 0.11695179303193759], [-0.5401405802256769, 0.26525448985297884, 0.0653769529563099, -0.005642598920918996, -0.667605370192198, -0.2914910981631771, -0.26175584408448505, 0.5296553827638711, -0.5804743249787248, 0.10694848022559553, -0.08598712808648468, 0.5951102272793355, 0.27267775196508165, -0.04151809888027347], [-0.23732234237255562, -0.554677589770035, -0.37110495187060016, -0.6216885233767497, 0.4184508198348407, 0.5118230099438046, 0.15507158825506698, 0.3496121099421432, -0.19889802092252765, 0.5756145653867688, -0.07942803302438561, -0.23128772397743685, 0.5885019711060758, 0.02012783950724572]], "inverted": false, "swapped": true, "error_lsq": 0.04641796978193992, "error_max": 0.3095995767878954, "target": "1056.xyz", "model": "18.xyz", "model_rescale": 3.922800546911778, "target_rescale": 4.208680830889561},
{"mapping": [11, 14, 12, 8, 2, 13, 5, 6, 9, 10, 4, 1, 7, 3, 15], "R": [[0.023739052628441115, -0.9611505883051334, -0.2750018254139421], [-0.951038473994084, -0.10650410386986797, 0.29014254572861303], [-0.3081595014976953, 0.25464960722446156, -0.9166194953071418]], "T": [0.16428231194044293, 0.08829432224030057, -0.037839080441415325], "aligned_model": [[-0.10400080147213905, -0.5775630981461449, 0.43109582761859555, -0.13148049529338215, 0.26606999950741766, -0.6099469872429952, 0.05160427503291229, 0.3614194775067501, -0.4532772656338486, 0.8505710047415194, 0.7201186566768424, 0.6818589525034507, -0.443932765178218, 0.0025590521791427623, 0.05095500408771525], [0.39152825708571737, -0.13783129848341147, 0.23331632350147527, 0.6841419857148213, -0.6650533103980931, 0.33833963612378815, -0.5617779047635117, 0.5123057562608789, -0.3038354227579566, 0.32396797107694697, -0.3475164527567046, -0.01704526771287146, 0.3280419818796487, -0.14503805938719092, 0.08406730965104212], [-0.5393884294961415, -0.5503302113349576, -0.5217129743865228, 0.04022829179605216, 0.3711848657077771, -0.13741157394942377, -0.1769489667658698, 0.4162984177661792, 0.03810515997201402, -0.10175472698108651, -0.3172883650009048, 0.33125545456385164, 0.5195971469227219, 0.5848026440348307, -0.013977565685191033]], "inverted": false, "swapped": true, "error_lsq": 0.042262257758222906, "error_max": 0.3478243990224601, "target": "1056.xyz", "model": "19.xyz", "model_rescale": 3.9282355846067225, "target_rescale": 4.208680830889561},
{"mapping": [13, 9, 2, 7, 8, 3, 6, 1, 0, 12, 5, 11, 4, 15], "R": [[-0.5373131287915223, 0.5668147474216734, 0.6245123247251171], [0.7120259951377668, 0.7017327212094224, -0.02429341952242424], [-0.45201060150879036, 0.43161583623556266, -0.7806370386001025]], "T": [0.007237350589933071, -0.06462472635640007, 0.11480714915032511], "aligned_model": [[-0.7415290489348854, -0.17544531925946832, 0.6648397730812399, -0.44147002599073404, -0.564442910625533, 0.2001791755161275, 0.0023240763263531958, 0.5481546720381789, -0.2789780990905102, -0.01683571198748774, 0.2992810283867165, -0.5116812634065743, 0.6146028153913619, -0.06647634236010913], [-0.3806262917641763, -0.7627918321370913, -0.562577624319103, -0.26826085288063495, 0.1965263042034849, -0.33548586591717533, 0.3938734161155122, 0.1991230183368701, 0.6651028653926819, 0.2101759439681168, -0.6339049020093002, -0.01836285378144977, -0.03875345433859003, -0.14115578344430935], [0.008222732958055784, -0.02697730331402673, -0.1397433228776653, -0.5889923152507689, -0.11668023494018784, -0.4832637708855182, -0.34849074485716425, -0.11553685959575494, 0.14784945234072405, 0.6150669391467558, 0.32758020351521766, 0.49436176829651, 0.5702353496660015, 0.06855126304150387]], "inverted": true, "swapped": true, "error_lsq": 0.04449009313477757, "error_max": 0.2610374103238149, "target": "1056.xyz", "model": "20.xyz", "model_rescale": 4.067790424073018, "target_rescale": 4.208680830889561},
{"mapping": [4, 6, 5, 14, 2, 3, 9, 10, 1, 0, 8, 13, 11, 7, 15], "R": [[0.40851275751282323, 0.40986419283909764, -0.8155542105694902], [0.6509716374534928, 0.49549105362720136, 0.5750865526218851], [0.6398072007881652, -0.7658328533066212, -0.06439554810583935]], "T": [0.1103389063751937, 0.050220218977244796, -0.07998466084510734], "aligned_model": [[0.11067760016739428, 0.09572783317187553, -0.24144874720604145, 0.21252702841286494, -0.6741771849353801, -0.5236428580610172, -0.305839804936172, 0.42414227523092607, -0.1452937654334662, 0.7098225703469002, 0.4048447631115707, 0.22601093149109389, 0.6343667553815758, -0.23133264895770547, 0.0720592061230966], [0.006051861112320721, 0.6595594023289005, -0.4314991807315234, -0.8314278103320875, -0.02117721350167598, 0.20684510722132593, -0.48435659220753136, 0.5555595393296371, 0.539403339562694, 0.531431710877813, 0.21503507881949527, -0.3626023439761743, -0.26440609210778976, 0.13018120103778807, -0.00770286750534515], [-0.8382893607014734, 0.15106057645300786, -0.39436288453158747, 0.1963645895395255, -0.43301566029948807, 0.12450714062235906, 0.20626000655122245, -0.5004356871201644, -0.4124972101977496, 0.07675803368866214, 0.49855397497975584, 0.6186324462276643, 0.12466991535628093, 0.7042388133886573, 0.012804879664468263]], "inverted": true, "swapped": true, "error_lsq": 0.04189495891588598, "error_max": 0.2759014709872708, "target": "1056.xyz", "model": "21.xyz", "model_rescale": 4.186013935880536, "target_rescale": 4.208680830889561},
{"mapping": [6, 8, 10, 2, 9, 1, 3, 13, 12, 11, 14, 5, 15], "R": [[-0.4357713804418094, 0.7748302090614502, 0.4579753826502354], [-0.05545654267546335, 0.4847481931384837, -0.8728939002670713], [-0.8983473024740066, -0.4057799112508711, -0.16826998473557533]], "T": [0.07741766053025663, 0.010763702405882071, -0.055048507185690446], "aligned_model": [[0.0940735078175416, -0.45321417387120894, 0.566874118487103, 0.5533160868573961, -0.27770705950737673, 0.6149236923701015, 0.0982993593651197, -0.7296920750842236, 0.20240635774954396, -0.3441173685283136, -0.5162574556298613, 0.2680256439636252, -0.01835659856622124], [-0.2647159693662974, 0.02038036178666664, 0.28622511018139185, -0.5408133656121588, -0.2998484844259478, -0.24539779511863732, -0.6704951096823093, -0.008418645635352072, 0.5630991435703109, 0.49805259038287747, 0.26728057594783716, -0.047898197863979856, -0.038493554618308216], [-0.6455763716403601, -0.46363383120141116, -0.5189157695419011, 0.4080685442403346, 0.5091496840803302, -0.3013843282928225, 0.00603762649854421, 0.08663515585462107, -0.13026927719673317, -0.036713931866474814, 0.6126816165164642, 0.5890548842852962, -0.012254440400541924]], "inverted": true, "swapped": true, "error_lsq": 0.04743329650107084, "error_max": 0.2564820894080866, "target": "1056.xyz", "model": "22.xyz", "model_rescale": 4.166573947596378, "target_rescale": 4.208680830889561},
{"mapping": [7, 9, 11, 3, 14, 12, 8, 4, 0, 2, 10, 5, 13, 1, 6, 15], "R": [[0.9176272009505422, 0.3973044741472127, 0.010463025292934691], [0.07328080190291417, -0.1432598572542539, -0.9869683568240458], [-0.3906280124980026, 0.9064357495830014, -0.16057393228591857]], "T": [0.03168919555173588, 0.0681782186409827, -0.08327118656819425], "aligned_model": [[-0.5087910978770882, 0.10671722521194088, 0.628951640917719, 0.03763466835581322, 0.44774520790196454, 0.6789600879783733, -0.6247947784593574, -0.4599496930051426, -0.6863435125957489, 0.1708434539128679, -0.17878207629377774, -0.19014926895883646, 0.055437182863436116, -0.1743303626349964, 0.41329721658563623, 0.012494207321529276], [-0.23354078090258154, -0.2582286140029513, 0.21371997377927734, 0.3889462108198729, -0.5965713328041703, 0.008963386403826892, -0.04549093473562631, 0.5620397399608998, 0.33053560387098246, 0.7265420166450529, -0.6228612223607473, 0.009948755713036078, -0.49892638150776025, 0.5820984566025088, 0.4747357491151655, 0.10357673481498504], [0.2748298402101979, -0.5815467535497154, -0.5774255109377323, -0.5916993511723238, 0.021529537002496407, -0.0001125989805795119, -0.5417330232115872, -0.31617785109870555, 0.2037016262271666, -0.0848335715115019, 0.11448514787353058, 0.7157651120516245, 0.5449338313077553, 0.3656619838761978, 0.43460324286831314, -0.027222226265417836]], "inverted": false, "swapped": false, "error_lsq": 0.03985175003903866, "error_max": 0.22553488027196109, "target": "1056.xyz", "model": "23.xyz", "model_rescale": 4.274766983524099, "target_rescale": 4.208680830889561},
{"mapping": [12, 5, 14, 8, 9, 7, 6, 3, 1, 2, 15], "R": [[-0.3325215424734945, 0.8937438711544754, 0.3010835707322144], [-0.9418814219622611, -0.330910098279831, -0.057947336597826776], [0.04784151704740641, -0.30285375947847326, 0.9518354845330982]], "T": [0.05922470969962601, -0.00669500264288142, -0.12031294960576197], "aligned_model": [[0.2940640500152638, 0.16022520658910716, -0.5478606637538279, -0.4096533351841204, -0.4104509931748636, -0.6224941487532524, 0.09111845953838638, -0.05607787417586246, 0.5633012892176669, 0.3661134432497354, -0.048390729610157904], [-0.09704942235602076, 0.6587554748285498, 0.5639959398994221, -0.4794748440496769, 0.5245617698731309, -0.18076411966203743, -0.5734251317921593, 0.09568840469953098, -0.16731887325116745, 0.544314252328963, 0.026303080724948392], [-0.6331885108468401, -0.08010893914217943, -0.5324704019195848, -0.19268139165271167, 0.0748384588014859, 0.37273776628951094, 0.20013887975650466, 0.5463984438585505, 0.24754511814721022, 0.4690952990818049, -0.09273828835217382]], "inverted": true, "swapped": true, "error_lsq": 0.04679061088664163, "error_max": 0.29602125724054407, "target": "1056.xyz", "model": "24.xyz", "model_rescale": 3.7841303162186577, "target_rescale": 4.208680830889561},
{"mapping": [14, 0, 1, 8, 7, 6, 9, 2, 12, 4, 10, 13, 11, 5, 3, 15], "R": [[-0.828490880893694, 0.4764313997932123, 0.29430593192640764], [0.3611130803184871, 0.8561998726057465, -0.3694849406576639], [-0.42801892890254845, -0.19983718232847422, -0.881399397015979]], "T": [-0.01014594903251339, -0.0028221091480252897, -0.06676688929169211], "aligned_model": [[-0.7014819671925858, 0.35612027556536613, 0.40341056777999035, -0.05805416289191961, 0.39207092099454693, 0.6432648507740817, -0.5813467257703685, -0.3546756625867194, -0.5640435208500181, 0.35103166310243583, -0.2702246064281074, -0.24022360481321142, 0.2642908557671104, -0.1979995777229216, 0.24143645090585006, 0.04536434459080262], [-0.25299429973817855, -0.3266360649707734, 0.23417361251617475, 0.15898085989651484, -0.5126511028361247, 0.13484437955262463, 0.00889614969120862, 0.6062983105649197, 0.35655133006213335, 0.6490411969688329, -0.7335511109213066, -0.040295137716743826, -0.3930949066299073, 0.8042759534660825, 0.4361081845895559, 0.015540006916758341], [0.23117160664406583, -0.6166064332359524, -0.637591231027377, -0.6333199634974862, -0.09995644730131287, 0.20914743949166142, -0.1921983988495834, -0.34795120374433763, 0.3063552322088569, -0.10322653121602553, -0.12717651776205707, 0.6799995010281905, 0.5347305362054791, 0.2207091565905402, 0.5601688178696127, -0.02949612871455557]], "inverted": true, "swapped": false, "error_lsq": 0.05045652566148211, "error_max": 0.3783412178782728, "target": "1056.xyz", "model": "25.xyz", "model_rescale": 4.19342608120988, "target_rescale": 4.208680830889561},
{"mapping": [3, 6, 7, 5, 9, 2, 14, 4, 8, 1, 12, 15], "R": [[0.8830044384484258, 0.42651352554835914, -0.1959320652794978], [-0.4148743335573945, 0.5140150335912804, -0.7507781513852562], [-0.21950500913575527, 0.7442276249686407, 0.6308270707554076]], "T": [0.10589202641883777, 0.10470005786928176, -0.03829990338475566], "aligned_model": [[-0.17813587663932184, 0.5640787392241656, 0.11895701397614059, -0.542023895256776, -0.471678959163898, -0.576271617374972, -0.3474697827965467, -0.11390105736349349, 0.56684011368207, 0.17415493999789122, 0.3397091482630267, 0.06354978808349432], [-0.5045296648762286, -0.3184196895884364, -0.6332932687032163, 0.2822105726989946, -0.1030596744253049, -0.160441489234101, 0.3969249144171873, 0.5877998524229212, -0.129875842101427, -0.07801043748308188, 0.6245572443381318, 0.04891391027554155], [0.08995151115069924, 0.1512370086559405, -0.47799846370710974, 0.01946493332724162, -0.4434674572041318, 0.4194628086737283, -0.7953879241718188, 0.5050991812647372, -0.46386493815645946, 0.5758416384087776, -0.00044706400481044767, -0.13063277302737303]], "inverted": true, "swapped": true, "error_lsq": 0.043630470041867216, "error_max": 0.2032408445928491, "target": "1056.xyz", "model": "26.xyz", "model_rescale": 3.795458400668931, "target_rescale": 4.208680830889561},
