[{"mapping": [7, 9, 0, 1, 11, 4, 2, 13, 10, 14, 6, 12, 8, 15], "R": [[0.6924652896293201, 0.7144964620890424, 0.09993311923893655], [-0.5017898723029888, 0.3774623619103078, 0.7782859946030394], [0.5183615984163298, -0.5890814638089825, 0.6199066722369863]], "T": [-0.14963184485408415, 0.11573732710990126, 0.1444928258250084], "aligned_model": [[0.10631861541368803, 0.3043126363767681, -0.5042282355730063, -0.35581031220569653, -0.6832930014547614, -0.19350559403536174, -0.6301330790664208, -0.0997325930085499, -0.32279770547102327, 0.33089462170963174, 0.612316459747823, 0.2179128815428602, 0.6490061784560499, -0.05976877130369712], [-0.6530162502464462, -0.33324952365397353, -0.30268037084795496, -0.41110386430273527, 0.34849912513252435, 0.10918149576659941, 0.08153444653208908, 0.5116217828388576, 0.7966729348878591, -0.05684307140182551, 0.4427116152716636, 0.8028249545339026, -0.26429288279576646, 0.1634129400952406], [0.16950641186217413, -0.41432146096136463, 0.48291221510747473, -0.21885347896244578, 0.49405711122014095, -0.6678506882943158, -0.183205925554898, 0.6974471281117092, 0.09195567711267205, 0.5851571490304651, 0.46630648056504037, 0.23471492335022737, 0.02968034492780411, 0.13008219966514942]], "inverted": false, "swapped": true, "error_lsq": 0.04600717058288018, "error_max": 0.34889077012354697, "target": "1057.xyz", "model": "0.xyz", "model_rescale": 3.8414455957264533, "target_rescale": 4.415530941622754},
{"mapping": [12, 3, 8, 4, 5, 9, 7, 6, 0, 14, 1, 10, 11, 13, 15], "R": [[-0.4022431041036705, 0.7212052719456026, 0.5639711348277617], [0.42642537038052375, 0.692690742357045, -0.5816708166555025], [-0.8101616435606397, 0.006518525194826319, -0.5861702995993636]], "T": [0.07201107793934206, 0.15227763016683168, -0.12346599946018091], "aligned_model": [[-0.6374340545944647, -0.5395647021470698, 0.1523054100288263, -0.1396429166014492, -0.3316298412936578, 0.1903149450431463, 0.7059569182156037, -0.35854422932027297, 0.6539906637210425, 0.21376274846410995, 0.5103536713394496, -0.5138323630283154, 0.11511319921744281, -0.14715902343289514, -0.0019462721069521544], [0.21102955240787621, 0.1351917164775208, -0.6492557290631789, -0.2630912171756826, -0.3111673430051458, -0.6679854503335967, -0.33291421408034205, -0.09681300136427715, 0.4276361715719853, -0.028136051446322974, -0.1092330960796987, 0.5262073706234582, 0.8286983691385171, 0.5789590567883243, 0.09791839358357829], [0.20600991179930714, -0.6733485691199859, 0.25931938788263964, -0.7902052115782578, 0.10367326799324147, -0.305402430972963, 0.01731726008567394, 0.6138381555910168, -0.09488123557900734, 0.5107517014556989, -0.5611412779949915, -0.23915472447337668, -0.16547391939480224, 0.36117853510165576, -0.0772990634563141]], "inverted": true, "swapped": true, "error_lsq": 0.04621728443655612, "error_max": 0.31141507403152274, "target": "1057.xyz", "model": "1.xyz", "model_rescale": 4.316132596720782, "target_rescale": 4.415530941622754},
{"mapping": [5, 14, 8, 2, 4, 10, 1, 11, 7, 13, 0, 15], "R": [[-0.9039288899938679, 0.4190935080819752, -0.08528301893107201], [0.3953330574129498, 0.8948533085768732, 0.20724220092817217], [0.16316965266551114, 0.1536170160254616, -0.974565275821199]], "T": [-0.07064384065776338, 0.02213382142287471, 0.017128250814047556], "aligned_model": [[-0.12056933094502495, 0.5230347027640837, 0.31597364302427644, -0.46474181919951973, -0.7058983708555211, -0.5404050202833468, -0.13154141300341154, -0.10780620496577756, 0.4536012128606264, 0.15499834167088, 0.29877471881850703, -0.07761190525399146], [-0.6299021056494257, -0.28932795829555835, -0.6316336950162968, 0.41763686439772485, -0.09231172904774342, -0.03108936350739452, 0.302691214566879, 0.518221468934192, 0.01912359996755406, -0.036371263874390436, 0.5446505082163134, -0.07891111295087351], [-0.023566673727664335, 0.0906950342148452, -0.45035705831102035, -0.14931053998390276, -0.47807248380198625, 0.5395376648952095, -0.5908773193955443, 0.4793873545347122, -0.6011568312671839, 0.6579368482815402, -0.05933019054098216, 0.03437265631139796]], "inverted": true, "swapped": true, "error_lsq": 0.04494158532275283, "error_max": 0.2057060485614722, "target": "1057.xyz", "model": "2.xyz", "model_rescale": 3.795458400668931, "target_rescale": 4.415530941622754},
{"mapping": [11, 2, 3, 9, 13, 5, 4, 0, 1, 7, 12, 15], "R": [[-0.7763294285706429, 0.5447551931403714, 0.3171031344559301], [-0.6007764396932174, -0.4872511191932801, -0.6337617978029582], [-0.19073617340379034, -0.6825160264722672, 0.7055434683729886]], "T": [0.10727496390268682, 0.060663262793679236, -0.042995920426329916], "aligned_model": [[0.03316789481032885, -0.09260078148075657, -0.6765841430271218, 0.2439155456470305, 0.07104020740043551, -0.08406865671494682, -0.3202258878038455, 0.5964655113780721, 0.33541563121107937, 0.7975835728049432, -0.3808315249082696, 0.0700264564266157], [-0.14762663285828267, -0.486532993092099, -0.11995234302178165, 0.034439868487572196, 0.4814163229254727, 0.5477500523111978, -0.317064945567682, -0.24875302495224666, -0.4594939309753117, -0.005926415900077413, 0.6605901649671251, 0.1469229229658232], [-0.6850947726186865, -0.050976442172885196, 0.1291395119218328, 0.7940046030663412, -0.5783713054141736, 0.35125471049690005, 0.5370336409943459, -0.32635756648277653, 0.3168374691607029, 0.3767161469041178, -0.17398572221414269, -0.0014288430024761503]], "inverted": true, "swapped": true, "error_lsq": 0.04582195457969337, "error_max": 0.22107573213924034, "target": "1057.xyz", "model": "3.xyz", "model_rescale": 3.7530521520055578, "target_rescale": 4.415530941622754},
{"mapping": [14, 5, 9, 4, 7, 10, 0, 13, 11, 2, 15], "R": [[0.3446571816974452, -0.11743083552764932, 0.9313546188062056], [0.8990642204208619, -0.24406047163298727, -0.3634804172789946], [0.26999065662241456, 0.9626237505139598, 0.02146066828026183]], "T": [-0.08500259896064605, -0.021746037816227144, 0.03834311407795118], "aligned_model": [[-0.4801228716871179, -0.17382100561307257, 0.49152196899606154, 0.5995331591958935, 0.2211346171949084, -0.34436901307736323, -0.06399693495133843, -0.7546061904783032, -0.35934708481661687, 0.3218547046600437, -0.11958174697788948], [-0.5316674460153148, -0.03670550005374033, -0.364786786556402, 0.30324423068272255, -0.771891832315552, 0.6323346130228896, -0.35149634293824433, 0.07216045501084503, 0.25594568232556997, 0.2738956916666347, -0.013829406515062514], [-0.15846860382933634, -0.6106460898277857, -0.4811476544266337, -0.25773456307719794, 0.01227259096450533, 0.0019091375714400324, 0.5916632308901095, 0.1265785880751007, 0.5940317732676269, 0.3324533775068782, -0.05808100986939061]], "inverted": true, "swapped": true, "error_lsq": 0.047132173956630316, "error_max": 0.1994768010234726, "target": "1057.xyz", "model": "4.xyz", "model_rescale": 3.7855080009869324, "target_rescale": 4.415530941622754},
{"mapping": [9, 14, 2, 1, 12, 6, 7, 15, 8, 13, 0, 3, 4, 5, 10, 16], "R": [[-0.283450233028935, -0.9502390292412175, -0.12923526106504665], [0.6662204795405302, -0.09818742983977824, -0.7392628093325435], [0.6897870961656418, -0.2956433931752356, 0.6608999516078091]], "T": [0.04605449122369851, 0.18894205802630692, -0.0512526869238558], "aligned_model": [[0.11639817862171145, -0.13116846367603763, -0.4952231658573414, -0.6511393433167368, -0.38054233784500613, 0.2201363542245239, 0.46771383663579047, 0.5939259898644895, 0.7102223571281708, 0.24836223292624768, -0.4859490072429754, -0.11849407970099593, -0.14855168991665674, 0.08690707887163988, 0.6146915291592149, 0.03142820634947008], [-0.5046406694425724, -0.14446683959749312, -0.3060856834657921, 0.4434334148601287, 0.4039104270519362, 0.8054606047883702, 0.411222367140336, -0.13227932895486239, 0.3387363754616665, 0.6089964785321877, 0.08687893124854718, -0.4264089933358076, 0.601915283930956, -0.09161888122648792, -0.20222881586751507, 0.15048840249834394], [-0.1958513904074053, -0.6126152522724526, -0.13929654347718423, 0.0979412987627462, -0.5358855466817759, 0.07395695543454169, 0.5268168006662834, -0.5765828195155845, -0.22944522977454196, -0.6057736516637666, 0.5100220043745135, 0.22566509291958642, 0.5306255931427083, 0.7068501227710826, 0.18241703849933666, -0.08580902300133711]], "inverted": true, "swapped": false, "error_lsq": 0.03657948782337126, "error_max": 0.23299209181624672, "target": "1057.xyz", "model": "5.xyz", "model_rescale": 4.2253639853439635, "target_rescale": 4.415530941622754},
{"mapping": [13, 0, 8, 6, 14, 9, 5, 12, 1, 2, 7, 4, 3, 15], "R": [[0.6672663509341801, -0.04698327379110412, -0.7433358520176825], [0.6944971138675392, 0.3998599030166139, 0.598152001408674], [0.26912706244568196, -0.915371307144491, 0.2994428064187613]], "T": [0.1394522430826695, 0.06069472150850144, -0.11387047212077571], "aligned_model": [[0.5386194975492062, -0.09500963687788688, -0.5072878688830089, 0.20208229849348058, -0.1529986698178133, -0.48813355328685654, 0.0896237802029529, 0.6568768183581033, -0.3097517668981297, 0.24921515249423323, -0.6648033380601464, 0.07802239246855358, 0.6268516594354191, 0.15075538757967588], [-0.3604781748102789, 0.29825232292570125, -0.4405919233521345, -0.8159692653185169, -0.5083985237658517, 0.08262898700912821, -0.39032976845653533, -0.4718439989177228, 0.5522048156142779, 0.629233524287976, 0.04279796256286009, 0.5010205963867648, 0.3457786765269252, -0.019206084057604045], [-0.47199306622512016, -0.6651722644013959, 0.2409061981190011, 0.0224349303456879, -0.3271310322147103, 0.4567284654067558, 0.35877475994629626, 0.1390976695315574, -0.020461032659100348, -0.04942298786468491, -0.21372559975965955, 0.5674586459196729, 0.48434073738689, -0.050277214599741785]], "inverted": true, "swapped": true, "error_lsq": 0.045669211332916584, "error_max": 0.27887733449123664, "target": "1057.xyz", "model": "6.xyz", "model_rescale": 3.89814844738969, "target_rescale": 4.415530941622754},
{"mapping": [5, 9, 4, 6, 3, 7, 14, 12, 13, 0, 2, 11, 15], "R": [[-0.8468655709988043, 0.5256604589184062, -0.08062125393815123], [-0.2614266239955256, -0.5435089877221021, -0.7976553770467534], [-0.4631142676739417, -0.6544303341036284, 0.5977006883732376]], "T": [-0.08888728188945215, 0.16921075352121528, 0.04989215247491259], "aligned_model": [[0.039051656249929914, 0.00631260825303577, 0.565792724722974, -0.3293749747707266, 0.7294864109070965, -0.5958689369208208, -0.642748085657223, 0.1437990852300438, -0.3194685054053395, -0.5161069164281648, 0.25882508473628835, -0.12074654922145346, -0.0703218007914179], [-0.2927655384186949, 0.3596405499423921, 0.45391867706647854, -0.6522285228038998, 0.08988567181178352, 0.5294420829737191, -0.15930683095589004, -0.5746785727502824, -0.30954224180645973, 0.5852306638588397, 0.6063818643895474, 0.24557999897288646, 0.08222346319006543], [-0.39677216829643763, -0.7714492289659712, -0.3402428971374675, -0.19186106314974444, 0.07557744011013406, -0.47003223725732596, -0.15058011868458326, 0.13823401887622183, 0.4772102621620913, 0.29433124792578264, 0.21546773851652556, 0.7239249408028374, -0.0015329040657672613]], "inverted": false, "swapped": true, "error_lsq": 0.04288852749421178, "error_max": 0.24710990710159222, "target": "1057.xyz", "model": "7.xyz", "model_rescale": 3.7474275329858107, "target_rescale": 4.415530941622754},
{"mapping": [0, 11, 10, 2, 12, 4, 1, 9, 3, 9, 7, 8, 14, 6, 15], "R": [[-0.10466148939809433, 0.4786688177563439, 0.8717351292363507], [0.9014916141428446, -0.3244772726157355, 0.2864042059502313], [0.41995099984057843, 0.8158373995249286, -0.39755565053121916]], "T": [0.013851836023645649, -0.02904923345050761, -0.15561530190011227], "aligned_model": [[-0.42497349620658365, 0.10709104662212554, 0.5621458003886941, -0.2556044971468852, 0.7897443739575546, -0.17362605111473145, -0.614162957908086, -0.3476631425461098, 0.31499605497612543, -0.3476631425461098, -0.5905964220535115, -0.07121359613640693, 0.11786563159126213, 0.6493911829445205, 0.08642293751688931], [0.2518221170502173, -0.04342496132138639, -0.38552212343797, -0.49327156404475914, -0.0406843709104705, -0.7243222597625913, -0.23419727297238355, -0.1470703863709375, -0.7903575103564674, -0.1470703863709375, 0.37017559622057883, 0.3449688844782356, 0.6023952108509485, 0.4457164194396873, -0.02003943051217049], [-0.5349347788301583, -0.8281234894800567, -0.4177615903781483, -0.3821735881473425, -0.04083745692137186, 0.22295745258774394, -0.030701575454780167, 0.6028740645701198, -0.07555550826715651, 0.6028740645701198, 0.20822562347454535, 0.6495566537714073, 0.057301979825075955, 0.24653982455345383, -0.08344702017719055]], "inverted": false, "swapped": true, "error_lsq": 0.05134130929595262, "error_max": 0.4050643899907794, "target": "1057.xyz", "model": "8.xyz", "model_rescale": 4.019505241142653, "target_rescale": 4.415530941622754},
{"mapping": [1, 0, 2, 4, 9, 3, 10, 7, 8, 14, 13, 5, 15], "R": [[-0.3720805998486153, 0.9281818039850296, 0.005879282897641613], [-0.2836710870049618, -0.119741792189196, 0.9514161116991571], [0.883791118768297, 0.3523356949762759, 0.30785193913936404]], "T": [-0.07437066639825622, 0.0727145934120902, -0.024863180142941067], "aligned_model": [[-0.1760355687513905, -0.6940858324483011, -0.04684894649193539, 0.5021473373627918, 0.2780853414737471, 0.6039919448241192, 0.26279021644375866, -0.4052192381737186, 0.1286343283313487, -0.2970262827455341, -0.24665623530440373, 0.4113703583825374, -0.0014466511618434763], [-0.5165402965995938, -0.0377778224755487, -0.03432624183296941, -0.3415381222151289, -0.6750415843454076, 0.2241775017903041, 0.6484791945923434, -0.6062086107091444, -0.4538102475366558, 0.06452835977080824, 0.6788101882266275, 0.02417029806007112, 0.08845561138835271], [-0.3323280737455925, -0.16300872772386685, -0.5968968848306864, -0.4222188755323574, 0.1663530651287401, -0.46483006381913883, -0.25122027043812295, 0.26962092088086254, 0.6657800870117933, 0.6117153200065562, 0.23578737276847203, 0.4121706742557698, 0.04577895008144953]], "inverted": false, "swapped": true, "error_lsq": 0.057655297311690015, "error_max": 0.4373510169165368, "target": "1057.xyz", "model": "9.xyz", "model_rescale": 3.877068213659057, "target_rescale": 4.415530941622754},
{"mapping": [11, 12, 6, 13, 3, 4, 7, 0, 1, 5, 14, 10, 2, 9, 8, 15], "R": [[-0.44981852042941856, 0.009093367594590701, -0.8930736864024595], [-0.31210416758724996, -0.9385054817738199, 0.14764297902426826], [-0.8368119784356334, 0.34514456586520437, 0.42499522515007276]], "T": [-0.021790016838056037, 0.1432660229051153, -0.0004786424138092833], "aligned_model": [[0.23323023725559344, -0.05259480719096271, -0.5501035839777655, -0.679107098690173, -0.2737066574704959, 0.06738164005261624, 0.5641487164701185, 0.5493892930414196, 0.7134680947165376, 0.2759183593736819, -0.5138125852806344, -0.33365386057105073, -0.036781607140294104, 0.048504640106034086, 0.6271510173031127, 0.039285878227770674], [-0.5439010161453508, -0.22392800702297816, -0.01269069028210279, 0.44894324377664374, 0.5238511709167879, 0.814188833055048, 0.6188463229597294, -0.1977211933045025, 0.48344329641623396, 0.39161979365745636, -0.09054477759798332, -0.4774901284915272, 0.43779777962412075, -0.14822468465603122, -0.08353885996727883, 0.10266199068367697], [-0.08662622919562095, -0.6504131198728914, -0.27772736380455526, 0.2680994402909182, -0.44144836247815183, -0.0017740855274822366, 0.3106254373183337, -0.43779769068521895, -0.31125435282752406, -0.6792168611174518, 0.5587778714953753, 0.14309546017850786, 0.5939804852423581, 0.5875155178550391, 0.34988975673361394, -0.052690453828499226]], "inverted": false, "swapped": false, "error_lsq": 0.04446782117426218, "error_max": 0.27045831747126486, "target": "1057.xyz", "model": "10.xyz", "model_rescale": 4.260839863003843, "target_rescale": 4.415530941622754},
{"mapping": [9, 4, 10, 5, 13, 14, 7, 1, 2, 11, 0, 15], "R": [[-0.19182738476790628, -0.20730702755088373, -0.9592841345405034], [0.80192312944277, -0.5965998428449363, -0.031431226226665554], [-0.5657928498291757, -0.7753015051226293, 0.28068848789497125]], "T": [-0.07859451255182254, 0.0061634481458491385, 0.001716284298450943], "aligned_model": [[0.39711034390086075, 0.40736018674023267, -0.47941570255937765, -0.33474915405364186, -0.7021151269023052, -0.38597710906718186, 0.37075829169521196, 0.5907765144527337, 0.31482474777967834, -0.24703384984047358, 0.16630946533423824, -0.1389499583858453], [-0.06172025833574411, -0.6024319695709124, -0.4989228053751349, -0.18517030915807828, 0.1677226688066229, 0.508652327034721, 0.5583558987705772, 0.052080296613794694, -0.27703007653457656, 0.04855627487120581, 0.4873708643135108, -0.024384405903052193], [-0.6975868568764082, -0.23350598823050167, 0.28570593087562424, -0.570189017836395, 0.2255321902108951, -0.326758358128145, -0.38594843563913656, -0.04216776525125568, 0.3249197155219458, 0.6582210536664278, 0.3535701141175712, -0.07561450503511724]], "inverted": false, "swapped": true, "error_lsq": 0.043126996501131165, "error_max": 0.25895747260875207, "target": "1057.xyz", "model": "11.xyz", "model_rescale": 3.890672605050136, "target_rescale": 4.415530941622754},
{"mapping": [1, 7, 8, 4, 9, 10, 0, 3, 2, 13, 6, 14, 12, 15], "R": [[-0.02224678086835369, -0.6955809224263974, 0.7181032384674491], [-0.9228815614069734, -0.26191671637818137, -0.2822928573249743], [0.38444076833242136, -0.6690043453058536, -0.6361120039787522]], "T": [-0.03964912788689308, -0.08004587180211636, 0.05100933509837424], "aligned_model": [[0.3379427060396342, 0.28842478058972987, 0.5259457745223008, 0.6281479654011675, 0.7697281995582247, -0.2810288349319975, -0.3526494561660178, 0.2535735959839961, 0.03551772140117952, -0.6057452825623562, -0.07586417473742303, -0.14649234636232483, -0.16506581299653938, -0.002559000945880102], [-0.3614089202795652, 0.262229048152458, 0.5999420798353177, -0.522018254938367, 0.09380010877527656, -0.352633538168923, -0.15364371577336733, -0.5883575789533153, -0.6492005429737222, 0.18134841260446655, 0.6843308767092942, 0.5753957099884621, 0.1797170852152699, -0.017348250365520235], [-0.4289396001798723, -0.6065115923578299, -0.06364820056368428, 0.1944573203210221, -0.1350393364106035, 0.6542105207648832, -0.5075189141222891, 0.6274877355864951, -0.04824110483513011, 0.32701851933171233, 0.5042841844982571, -0.06670041084679097, 0.7804696985184094, 0.12346161565228204]], "inverted": true, "swapped": true, "error_lsq": 0.0467830894868796, "error_max": 0.33017156201417186, "target": "1057.xyz", "model": "12.xyz", "model_rescale": 4.124412569039231, "target_rescale": 4.415530941622754},
{"mapping": [2, 1, 7, 3, 0, 11, 4, 12, 9, 5, 14, 8, 15], "R": [[-0.8521623646617997, 0.48606614319865094, -0.1938014672029047], [-0.3994433498998412, -0.36499114537071886, 0.8409675820278472], [0.33803004966245676, 0.7940536305797986, 0.5051876060318956]], "T": [0.15580613641636923, -0.07143104433343325, 0.03414149389908908], "aligned_model": [[-0.2323779204007773, 0.03603874707568103, 0.5979396502667309, -0.6466857233564315, 0.5424644007177796, 0.20527032923315153, -0.5417083079087982, 0.012462020322746986, 0.007473581480674729, 0.06353037606276449, 0.7349851652912701, 0.4427062319761442, 0.14519975674882094], [-0.09129157861169188, 0.4052487325002113, 0.5826980665745753, -0.18875534826512913, -0.1112218266408189, -0.6653112447413244, 0.34333370119253914, -0.44532391821418593, 0.7521329339803144, 0.1623361319300767, 0.03695182238631978, 0.6239447619369116, -0.05725685751932115], [0.4681420030998423, 0.4929703305904926, 0.2178571505234899, -0.10344312135969111, 0.5481957066124397, 0.3597594840338079, 0.09170602768582692, -0.6403769593590319, -0.10610121744682752, -0.5709515344939528, -0.2940041010400086, -0.4449914539442986, -0.06706423393424951]], "inverted": true, "swapped": true, "error_lsq": 0.04898008758064562, "error_max": 0.2926002125133865, "target": "1057.xyz", "model": "13.xyz", "model_rescale": 3.9028299243045295, "target_rescale": 4.415530941622754},
{"mapping": [2, 8, 12, 14, 13, 10, 7, 0, 4, 5, 11, 1, 9, 6, 3, 15], "R": [[-0.46503270250252843, -0.8825067601332879, -0.07018834605717944], [0.10188945555700421, -0.13210841234718085, 0.9859847393511749], [-0.8794106688285582, 0.4513636956005153, 0.15135286533248427]], "T": [0.06713432262633362, 0.06548071908875044, -0.04044943396766677], "aligned_model": [[0.18116725298574587, 0.04102750419105895, -0.5469363226214772, -0.5404521594959597, -0.42343008834293544, 0.11753509623783481, 0.4645382144545327, 0.7185373832270945, 0.5951023487107381, 0.03418541013217964, -0.5735311267115537, -0.24409535424472145, -0.07435294023572209, 0.21165425383702302, 0.6445369971071795, 0.07323120699449102], [-0.6510794309116751, -0.26565911015682253, -0.05274125455746666, 0.6551480995596639, 0.5439601945556676, 0.8083962570461263, 0.6414993304659563, -0.20694897869305742, 0.4246711675011139, 0.2735446900379843, 0.035039143493648714, -0.383947765316732, 0.3524456636627131, -0.17861919558719067, -0.07233065920345494, 0.11993492172546671], [-0.1657004290966374, -0.7377097921381452, -0.3457052226974085, 0.21680860756608117, -0.4442505013789748, -0.010635552471974272, 0.5347902221271181, -0.4748139371803523, -0.26759533220175613, -0.5070601783932979, 0.32626268859974533, 0.3107611600959743, 0.6655802619355071, 0.5628228788292101, 0.15008565664222606, 0.05939491953943511]], "inverted": false, "swapped": false, "error_lsq": 0.0459127362640512, "error_max": 0.3338391744783458, "target": "1057.xyz", "model": "14.xyz", "model_rescale": 3.942246331269136, "target_rescale": 4.415530941622754},
{"mapping": [5, 6, 8, 13, 11, 14, 1, 9, 4, 7, 0, 2, 12, 10, 15], "R": [[-0.2198256518989725, 0.9721598062043686, -0.08112948889199659], [-0.04890188586873914, 0.07207792813074781, 0.9961994668914753], [0.9743127261437535, 0.2229575822372129, 0.03169587035031263]], "T": [0.01524390286417486, 0.00045252991939422754, 0.0724432730078543], "aligned_model": [[-0.5228029682481475, -0.2901004860003264, -0.3386794966711346, 0.2321259002992978, 0.46157719658477286, 0.15471477377267756, 0.0758161604656695, -0.45315719691661255, -0.5572353254445302, 0.21528366642723834, 0.6273595322820353, 0.04463919665962168, -0.39917492066905175, -0.21294139456498518, -0.06313060144431455], [-0.12370368271577789, -0.5361863017502687, 0.2842903092399273, -0.6368028487988387, -0.3216890332525352, -0.1553753927817576, 0.6600975754562156, 0.6258035703322897, 0.45759564361249094, 0.5925222384196355, 0.20202635984681733, 0.2652004914898218, -0.6604906870481326, -0.5135559410301991, -0.041587611138037266], [-0.28024679065604197, -0.5677324848234868, -0.6954121175307504, -0.03637161348825327, 0.4701603564988391, -0.5687589255531513, 0.18773054064408032, -0.25841119242072386, 0.4262194402119302, -0.44384727849001854, 0.0771444035445195, 0.5905959322911309, -0.009591251365432055, 0.4968801128877013, 0.021003348610172896]], "inverted": true, "swapped": true, "error_lsq": 0.037892708260742314, "error_max": 0.25106356073523234, "target": "1057.xyz", "model": "15.xyz", "model_rescale": 4.355366556412066, "target_rescale": 4.415530941622754},
{"mapping": [5, 14, 8, 2, 4, 10, 1, 11, 7, 13, 0, 15], "R": [[-0.9039288899938679, 0.4190935080819752, -0.08528301893107201], [0.3953330574129498, 0.8948533085768732, 0.20724220092817217], [0.16316965266551114, 0.1536170160254616, -0.974565275821199]], "T": [-0.07064384065776338, 0.02213382142287471, 0.017128250814047556], "aligned_model": [[-0.12056933094502495, 0.5230347027640837, 0.31597364302427644, -0.46474181919951973, -0.7058983708555211, -0.5404050202833468, -0.13154141300341154, -0.10780620496577756, 0.4536012128606264, 0.15499834167088, 0.29877471881850703, -0.07761190525399146], [-0.6299021056494257, -0.28932795829555835, -0.6316336950162968, 0.41763686439772485, -0.09231172904774342, -0.03108936350739452, 0.302691214566879, 0.518221468934192, 0.01912359996755406, -0.036371263874390436, 0.5446505082163134, -0.07891111295087351], [-0.023566673727664335, 0.0906950342148452, -0.45035705831102035, -0.14931053998390276, -0.47807248380198625, 0.5395376648952095, -0.5908773193955443, 0.4793873545347122, -0.6011568312671839, 0.6579368482815402, -0.05933019054098216, 0.03437265631139796]], "inverted": true, "swapped": true, "error_lsq": 0.04494158532275283, "error_max": 0.2057060485614722, "target": "1057.xyz", "model": "16.xyz", "model_rescale": 3.795458400668931, "target_rescale": 4.415530941622754},
{"mapping": [5, 9, 4, 6, 3, 7, 14, 12, 13, 0, 2, 11, 15], "R": [[-0.8468655709988043, 0.5256604589184062, -0.08062125393815123], [-0.2614266239955256, -0.5435089877221021, -0.7976553770467534], [-0.4631142676739417, -0.6544303341036284, 0.5977006883732376]], "T": [-0.08888728188945215, 0.16921075352121528, 0.04989215247491259], "aligned_model": [[0.039051656249929914, 0.00631260825303577, 0.565792724722974, -0.3293749747707266, 0.7294864109070965, -0.5958689369208208, -0.642748085657223, 0.1437990852300438, -0.3194685054053395, -0.5161069164281648, 0.25882508473628835, -0.12074654922145346, -0.0703218007914179], [-0.2927655384186949, 0.3596405499423921, 0.45391867706647854, -0.6522285228038998, 0.08988567181178352, 0.5294420829737191, -0.15930683095589004, -0.5746785727502824, -0.30954224180645973, 0.5852306638588397, 0.6063818643895474, 0.24557999897288646, 0.08222346319006543], [-0.39677216829643763, -0.7714492289659712, -0.3402428971374675, -0.19186106314974444, 0.07557744011013406, -0.47003223725732596, -0.15058011868458326, 0.13823401887622183, 0.4772102621620913, 0.29433124792578264, 0.21546773851652556, 0.7239249408028374, -0.0015329040657672613]], "inverted": false, "swapped": true, "error_lsq": 0.04288852749421178, "error_max": 0.24710990710159222, "target": "1057.xyz", "model": "17.xyz", "model_rescale": 3.7474275329858107, "target_rescale": 4.415530941622754},
{"mapping": [12, 14, 13, 8, 3, 4, 10, 0, 5, 2, 9, 7, 1, 15], "R": [[0.3796711897872364, 0.368824310572123, -0.8484211310290087], [-0.3998093726318102, 0.8924419620242556, 0.20904499509449015], [0.8342674949926449, 0.25983835811768674, 0.48629391775900527]], "T": [0.15701537896941983, 0.05800664505615245, 0.0537477189540482], "aligned_model": [[0.5329276831713099, 0.06276189585037387, 0.7188293147511456, -0.5288689820456762, 0.2591558372589831, -0.27213964548674907, 0.6893492526036807, 0.20078404946431183, -0.07407698652408903, 0.16583289835684667, -0.6683100588821081, -0.48941137694845893, -0.3253663613165736, 0.1433801276298798], [-0.5089261162655343, 0.2613226076674036, 0.09541114877689234, -0.05000563249755502, -0.6255829573199517, -0.41080780015603663, -0.3843763914431441, 0.6905128829756455, -0.418360453394828, 0.06762762994451381, -0.13806099685259693, 0.5136734955119238, 0.28634997781031135, -0.018369153245809594], [-0.33688733353483313, -0.5823761880264925, -0.3308805466515623, -0.5060053959993294, 0.499797364121769, 0.5615949899597793, 0.1854206668862973, 0.1693323883250123, -0.3322188440807847, 0.6362143984963021, 0.03575903509729553, -0.12406834029007466, 0.4627207224599319, -0.013608198101656116]], "inverted": true, "swapped": true, "error_lsq": 0.04271641178279328, "error_max": 0.3152483418032407, "target": "1057.xyz", "model": "18.xyz", "model_rescale": 3.922800546911778, "target_rescale": 4.415530941622754},
{"mapping": [13, 10, 11, 14, 4, 6, 3, 7, 5, 0, 2, 1, 8, 9, 15], "R": [[0.3103504547349635, 0.7659362819033864, 0.563049027447715], [-0.8161061197903781, 0.5184123923089673, -0.25538087779077523], [-0.4874970733106968, -0.3802501854891195, 0.78597480872417]], "T": [0.14009387165654913, 0.0758069572556602, -0.1067360596390661], "aligned_model": [[-0.15949618892045542, -0.10431598579961901, 0.42329047564040934, -0.18041140123255694, 0.2274437842354617, -0.6893010003008031, -0.0043258980040050965, 0.3685623457546242, -0.44703724843449705, 0.6496029900866604, 0.572142175842524, 0.6313097425192029, -0.2895736213096652, 0.05801872784700579, 0.040141938963332055], [0.4162206760671934, -0.28567462544880606, 0.17364125736851094, 0.6425356372409633, -0.6515268451211979, 0.396090492979832, -0.7160017919368041, 0.46680738742263994, -0.038510823435556646, 0.4678588278304925, -0.30670127090867905, -0.07766806035975463, 0.30435013998186655, -0.13725259946670623, 0.06344310282058505], [-0.6159876611959952, -0.6599220646696469, -0.7161584152516116, 0.06924603631729914, 0.24713595453559886, -0.08298662813809995, -0.27664644332420063, 0.5656025457142475, 0.1606736905485098, -0.15185193636668404, -0.1871068442062811, 0.3259810832520338, 0.640646986465767, 0.7104527113149185, -0.08641984783252565]], "inverted": true, "swapped": true, "error_lsq": 0.0434574762910604, "error_max": 0.32866819757224364, "target": "1057.xyz", "model": "19.xyz", "model_rescale": 3.9282355846067225, "target_rescale": 4.415530941622754},
{"mapping": [4, 9, 8, 1, 2, 7, 0, 14, 11, 10, 5, 3, 12, 15], "R": [[-0.8488021010355196, -0.1006714322907365, -0.5190378175029441], [0.23684649120502388, 0.805291000797375, -0.5435164612397962], [0.47269306413523393, -0.5842702001260154, -0.659689017919163]], "T": [0.0014548551033508467, 0.044014597181111476, 0.02099559015284216], "aligned_model": [[-0.6004900418732133, -0.07526804970751728, 0.48299325834376206, -0.4089327040613103, -0.5711892983772794, 0.1888203635455643, -0.019855878403315028, 0.6501515973927011, -0.1289989770978064, -0.14774619883734952, 0.29639972465903486, -0.5267836981138507, 0.33738238564966844, 0.056040335965587815], [-0.4868188587817337, -0.7585449916376075, -0.672567374629322, -0.19024787608534455, 0.13942163995910123, -0.2969864572398815, 0.42041514137339164, -0.022820448395576412, 0.7056707718485319, 0.2884601913936049, -0.4500986846520144, -0.15466670506224983, 0.01779432644086079, -0.016128587106924483], [0.15421740802803904, -0.2434659261172639, -0.20274220810302088, -0.4573294912229921, -0.02813601320141246, -0.6901519525032979, -0.5016975667630668, -0.15105189745085937, 0.10074757129071124, 0.6647387580319656, 0.33429906969909895, 0.619474891954042, 0.7293625516682413, 0.08391796193349778]], "inverted": true, "swapped": true, "error_lsq": 0.04254627299365169, "error_max": 0.3107833369788268, "target": "1057.xyz", "model": "20.xyz", "model_rescale": 4.067790424073018, "target_rescale": 4.415530941622754},
{"mapping": [2, 13, 1, 4, 7, 14, 9, 11, 0, 10, 12, 5, 3, 6, 15], "R": [[-0.8977702800543423, 0.18398982920965373, 0.40019528607737265], [0.2347398630356583, -0.5689365628811522, 0.7881677385677374], [0.3727005781497368, 0.8015353580250738, 0.4675845900823386]], "T": [0.027633668294105178, 0.07979619394140491, -0.07858505725314778], "aligned_model": [[0.32225126544935695, 0.15422816979938372, -0.1992287472575278, 0.3064926724045708, -0.7348946442438824, -0.4757060906409827, -0.36804363324027156, 0.3475766373503397, -0.27080829379315785, 0.6888416315061141, 0.4040241803220192, -0.02037545100496952, 0.7309484948678902, -0.14836857247173696, 0.031506334860369446], [-0.16024981939744226, 0.7055228150697227, -0.3776382073066003, -0.6828039479053837, -0.15476160412498124, 0.3685572033641987, -0.649615747504852, 0.5638144794675479, 0.3407963849479183, 0.24999136271291367, 0.2973669291365777, -0.14426125584394628, -0.3305611491868859, 0.35001906034022323, 0.06471863615883641], [-0.5201913612185014, 0.16102488794925124, -0.5160538578963488, -0.12906821489342846, -0.22229167589029303, 0.2651312374974739, 0.09840614038517621, -0.431473524243387, -0.5866706296497904, 0.0953617827004088, 0.5743404501251402, 0.5352495013346897, 0.038217379847920244, 0.7502962648324432, 0.022971192740386268]], "inverted": false, "swapped": true, "error_lsq": 0.042333035649397985, "error_max": 0.3122688443712275, "target": "1057.xyz", "model": "21.xyz", "model_rescale": 4.186013935880536, "target_rescale": 4.415530941622754},
{"mapping": [2, 4, 10, 0, 7, 11, 1, 9, 12, 5, 8, 14, 15], "R": [[0.1305127759158427, 0.6536913737680622, -0.7454220302512963], [-0.11999870043709757, -0.7359104577712985, -0.6663603454860183], [-0.9841578771803581, 0.17641821335695862, -0.01760360133012223]], "T": [0.1504601433431241, -0.04632500344618092, -0.02709080683945075], "aligned_model": [[0.11342492581691269, -0.46420180126959165, 0.46475946111942656, 0.41860788363972923, -0.26030490750095625, 0.7735276170367347, -0.2433575592222942, -0.6834742299253603, 0.3173641056648593, -0.2093453482526386, -0.4763282132835859, 0.1930563715110283, 0.11484573008896128], [-0.40976811879385805, -0.11472146419626886, 0.3358016705695406, -0.5797473804900383, -0.4383312137769317, -0.22085114801242803, -0.588626522185043, -0.09356903646503781, 0.7115397076488904, 0.49015320958888603, 0.20858052762966786, 0.1696236418196633, 0.04887278620905056], [-0.480935757615054, -0.5556572527337512, -0.5287032200321441, 0.21559625577465127, 0.5514604738289857, -0.2332340153009711, -0.08102056199245655, 0.12207237139427132, -0.1415578657747055, 0.08259336163141923, 0.5539316408435647, 0.6104250507817648, -0.012090919470228627]], "inverted": true, "swapped": true, "error_lsq": 0.04383822280789808, "error_max": 0.21009894948003394, "target": "1057.xyz", "model": "22.xyz", "model_rescale": 4.166573947596378, "target_rescale": 4.415530941622754},
{"mapping": [5, 7, 0, 8, 8, 9, 11, 13, 14, 10, 4, 1, 3, 2, 12, 15], "R": [[0.6904517532877771, 0.6379128224198574, 0.3410917873156232], [0.37817391308667836, -0.7202717905993002, 0.581543669149263], [0.6166529557559456, -0.2725358300466373, -0.7385549089256982]], "T": [0.12760034910840257, 0.13977611781683497, 0.07396359687788567], "aligned_model": [[0.15476366126650334, -0.1490000016307665, -0.5380787105499174, -0.5304891074126621, -0.5304891074126621, 0.19118198889804022, 0.4791944451483315, 0.522201484335244, 0.7756304936539478, 0.2511604110662833, -0.5557502419416073, -0.13593628426335075, -0.11718643830778011, 0.0026425211676536636, 0.7475055891234319, 0.11136697308481937], [-0.5636016822554468, -0.08285957935093388, -0.28108055240966867, 0.5560524826117847, 0.5560524826117847, 0.7348698372026731, 0.5570394598549612, -0.16897586647973017, 0.36846468945322375, 0.25507197846726604, 0.096267679599528, -0.5030556428898328, 0.45258038013958113, -0.14121091944736286, 0.13499800910474627, 0.07270031740936825], [-0.36828498258780845, -0.5467740610483964, -0.14169079212518862, -0.14446578656238673, -0.14446578656238673, 0.02631901154771185, 0.6434951784845976, -0.6085137252115488, -0.31812852518456286, -0.6556808430446835, 0.34040777279488127, 0.23338389409561439, 0.5252501734511885, 0.6724960231631373, 0.2862747324979029, 0.07341316606867904]], "inverted": false, "swapped": false, "error_lsq": 0.04794744529797352, "error_max": 0.39374574997525025, "target": "1057.xyz", "model": "23.xyz", "model_rescale": 4.274766983524099, "target_rescale": 4.415530941622754},
{"mapping": [14, 5, 12, 13, 10, 11, 0, 2, 1, 4, 15], "R": [[-0.4406009858982036, -0.2154970473637983, 0.8714538391693597], [0.3855265530575756, -0.9221027712744021, -0.03310220680879852], [0.8107034279643054, 0.32138372980839125, 0.48935922398721743]], "T": [0.031203590960227942, 0.035902083065246296, 0.0286307993575016], "aligned_model": [[0.1577687702406126, 0.17992643212300313, -0.43369124177589735, -0.5166854785937178, -0.5671564051241272, -0.5110869060249952, 0.09306934586186798, 0.02422747705020102, 0.5448847941227605, 0.37668158210957786, 0.03195633396878934], [-0.1904892565848052, 0.517465525919774, 0.5057307020484554, -0.11932112123560894, 0.3917067272853737, -0.2955175419228805, -0.5860998600838075, 0.06338094786577754, -0.0819169241544443, 0.6017757491041213, 0.108871583001528], [-0.5939468596457579, -0.3900309360321558, -0.3938054962218189, -0.346464151754633, 0.13720445848015964, 0.2678995256030264, 0.18555710182718718, 0.6105534665559336, 0.44617366138067566, 0.5001197403080712, -0.04369407647911075]], "inverted": true, "swapped": true, "error_lsq": 0.047052274593517865, "error_max": 0.2537662373363929, "target": "1057.xyz", "model": "24.xyz", "model_rescale": 3.7841303162186577, "target_rescale": 4.415530941622754},
{"mapping": [12, 9, 2, 1, 8, 7, 11, 14, 10, 10, 4, 5, 6, 3, 13, 15], "R": [[-0.3380350894108197, -0.8318139840039669, -0.44024740128985107], [-0.5935590796297017, -0.17458889352061308, 0.7856248069201922], [-0.7303560072431529, 0.5268815941695971, -0.43471357053713355]], "T": [-0.0020466175700125863, 0.2272829464903048, -0.04734381980691475], "aligned_model": [[0.15354345097336322, 0.042820721115207676, -0.5229775123664817, -0.6618460357103367, -0.4949279756244467, 0.21828918100052547, 0.6130168689340759, 0.5441507144377095, 0.5104202932540719, 0.5104202932540719, -0.5541047328397174, -0.2969893707900817, -0.06226987613140809, 0.0795193314933634, 0.6016257530884118, -0.001973427862820171], [-0.512720143743915, -0.0952197820053717, -0.27811183281228724, 0.5671848144457402, 0.31940326165040733, 0.8314904209052796, 0.41543618691816325, -0.17161056882947037, 0.5632330452029063, 0.5632330452029063, 0.046688657557949265, -0.5368265874861848, 0.4439496403467771, -0.15183333913034822, -0.1967321327495742, 0.23574838814896368], [-0.10530124765363928, -0.5332652337806901, -0.2522831957878519, -0.0007837319064504106, -0.3604565759445129, 0.04852600771780695, 0.3718492560526671, -0.4618934552597032, -0.5266874353507245, -0.5266874353507245, 0.4209743231560001, 0.26647800520352066, 0.6392821010150288, 0.6587862854596298, 0.21302299595860713, 0.02147478624778662]], "inverted": true, "swapped": false, "error_lsq": 0.043934056096917244, "error_max": 0.3037596530996717, "target": "1057.xyz", "model": "25.xyz", "model_rescale": 4.19342608120988, "target_rescale": 4.415530941622754},
{"mapping": [5, 14, 8, 2, 4, 10, 1, 11, 7, 13, 0, 15], "R": [[-0.9039288899938679, 0.4190935080819752, -0.08528301893107201], [0.3953330574129498, 0.8948533085768732, 0.20724220092817217], [0.16316965266551114, 0.1536170160254616, -0.974565275821199]], "T": [-0.07064384065776338, 0.02213382142287471, 0.017128250814047556], "aligned_model": [[-0.12056933094502495, 0.5230347027640837, 0.31597364302427644, -0.46474181919951973, -0.7058983708555211, -0.5404050202833468, -0.13154141300341154, -0.10780620496577756, 0.4536012128606264, 0.15499834167088, 0.29877471881850703, -0.07761190525399146], [-0.6299021056494257, -0.28932795829555835, -0.6316336950162968, 0.41763686439772485, -0.09231172904774342, -0.03108936350739452, 0.302691214566879, 0.518221468934192, 0.01912359996755406, -0.036371263874390436, 0.5446505082163134, -0.07891111295087351], [-0.023566673727664335, 0.0906950342148452, -0.45035705831102035, -0.14931053998390276, -0.47807248380198625, 0.5395376648952095, -0.5908773193955443, 0.4793873545347122, -0.6011568312671839, 0.6579368482815402, -0.05933019054098216, 0.03437265631139796]], "inverted": true, "swapped": true, "error_lsq": 0.04494158532275283, "error_max": 0.2057060485614722, "target": "1057.xyz", "model": "26.xyz", "model_rescale": 3.795458400668931, "target_rescale": 4.415530941622754},
