[{"mapping": [0, 9, 10, 7, 12, 2, 6, 8, 11, 13, 4, 1, 3, 14], "R": [[0.41549946538215654, -0.9036234333352681, 0.10404270755091438], [0.13293119078737128, -0.052831644851750514, -0.9897161794262588], [0.8998274794553645, 0.42505706443916624, 0.09816821882546767]], "T": [-0.14733239970033474, 0.0459526456010369, 0.14385189864624587], "aligned_model": [[0.2732686629700018, 0.12308033519447115, -0.42398360448479266, -0.43663014435270714, -0.6687561308712542, -0.11353244242401528, -0.6997902729026688, -0.12181675253051343, -0.243226506381856, 0.2400365124763839, 0.5844042654804904, 0.383726529773899, 0.5511005236119623, -0.07638887443109743], [-0.5702567797071139, -0.32576505846269277, -0.31279022133501233, -0.47027432518902607, 0.3147314418382009, 0.06620138440377166, 0.2474631436935221, 0.40837460784705765, 0.704675561185927, -0.07990056489454389, 0.49944708395930454, 0.6205941510392456, -0.03422978385658765, 0.16700269128798192], [0.18154567860281312, -0.3158903433989124, 0.38831935422967406, -0.3632350450301807, 0.6289045797691184, -0.6840574136112205, -0.16953435044200382, 0.7797128918271494, 0.19063452468235287, 0.6962073154052715, 0.5482852549799722, -0.0867036317817661, 0.05854203894644562, 0.04485723300112013]], "inverted": false, "swapped": true, "error_lsq": 0.04280515253600265, "error_max": 0.26111879836241514, "target": "1058.xyz", "model": "0.xyz", "model_rescale": 3.8414455957264533, "target_rescale": 3.824426031640885},
{"mapping": [8, 3, 11, 10, 5, 1, 0, 13, 2, 12, 9, 4, 7, 6, 14], "R": [[-0.6060966926381106, 0.7907187235177886, -0.08608541950611032], [0.33674136983286607, 0.15704111397453613, -0.9284090361283232], [-0.7205914577735634, -0.5916941682998372, -0.3614498058980463]], "T": [0.03249499011125831, -0.052584312681813926, -0.0608331267661131], "aligned_model": [[-0.01211158491196851, 0.10015198958852076, -0.7646482545827445, 0.21044065928202496, 0.5288478832787057, -0.4548357286368958, -0.46104301771836054, -0.5030509672974735, 0.6798343387357364, -0.36507996331467063, 0.178823997435239, 0.12024574256503012, 0.06058992305926755, 0.747046120920997, -0.0016201843653616405], [-0.23479226844320011, -0.45201729280398356, -0.3514368441340194, -0.6948611227644439, -0.4201394741641168, -0.46363358474696137, 0.3505979365085882, 0.22600715085984327, 0.1960724711284323, -0.5758876243188343, 0.44534516704994703, 0.12291769182268761, 0.5822243277651105, -0.18128474413846726, -0.12434148426190167], [0.7067037855856808, -0.7310962891527328, -0.021907376763068746, 0.09472116749746415, -0.2907457051399731, -0.6456793951716335, -0.4063496651148679, 0.3978871851715775, -0.3132738112961856, 0.32695205127086546, 0.38207062668725056, -0.568096457499658, -0.15666457719704477, 0.2270558347885773, -0.10267882265761535]], "inverted": true, "swapped": false, "error_lsq": 0.04350522445582018, "error_max": 0.27010511034122564, "target": "1058.xyz", "model": "1.xyz", "model_rescale": 4.316132596720782, "target_rescale": 3.824426031640885},
{"mapping": [1, 13, 3, 6, 2, 11, 7, 12, 0, 8, 10, 14], "R": [[-0.7197397462857407, 0.02512571765745436, -0.6937891581227943], [0.2779656945877993, -0.9053167375596354, -0.32114899552497506], [-0.6361680361735097, -0.423993281794153, 0.6446083514387352]], "T": [-0.019043794714326052, 0.05143201492517641, -0.06546331590923433], "aligned_model": [[-0.3112344858829166, 0.5972146636584037, 0.2432266809685042, -0.5764587547664219, -0.6014021910168762, -0.4122519082866749, -0.18614746690561473, -0.04094284379591396, 0.5365728090756471, 0.22563170193305304, 0.25587213205712445, -0.13227178240653367], [-0.6962868037456903, -0.1547743831771195, -0.5591565414000843, 0.41550179322707714, -0.12475795626233754, -0.11969215519199272, 0.4354025432084893, 0.49319644852221717, -0.0728033903152499, -0.011765598197399675, 0.48553251385198054, -0.07762004277890977], [0.07922070932305007, 0.15520531575779667, -0.3102312774401973, -0.037734586049123095, -0.6283150460891085, 0.4458135866927942, -0.7227027205626322, 0.5540247542401403, -0.549091152662946, 0.6218938639133984, -0.09668287011036795, -0.062142115803383635]], "inverted": true, "swapped": true, "error_lsq": 0.0449422323144631, "error_max": 0.26123717901817356, "target": "1058.xyz", "model": "2.xyz", "model_rescale": 3.795458400668931, "target_rescale": 3.824426031640885},
{"mapping": [12, 10, 7, 3, 11, 1, 9, 8, 0, 4, 5, 14], "R": [[-0.9696694586730021, 0.17791453086045989, 0.16759343849181405], [0.22664939460618155, 0.3978386329721415, 0.8890188265945266], [0.09149422299499779, 0.9000393557081602, -0.42609619258446974]], "T": [-0.03627814892088991, -0.09779010823304458, -0.01245828417699777], "aligned_model": [[0.1392234757151691, -0.10571432417041746, -0.747081395184535, 0.2542556311181823, 0.14821666767425154, 0.2486499617777372, -0.360446049369161, 0.5841601198873498, 0.035452718940774126, 0.8169994283231286, -0.3824439615341145, -0.037968447434799484], [-0.17714396534614502, -0.5705181512977262, -0.36387795079351926, -0.007631619010482579, 0.437695148974958, 0.6004998516440938, -0.16310457629637298, -0.07049692840335177, -0.5790241337041011, 0.23739186481317154, 0.6765328337236518, 0.06544667098553321], [-0.7488705310270662, -0.20403982136828533, 0.16439375573690493, 0.6270548994240913, -0.36532848024652076, 0.29834616017032295, 0.5472820309772459, -0.4005708536085663, 0.5543826336563626, 0.2409830574084301, -0.06566604991383099, 0.040804629430011854]], "inverted": true, "swapped": true, "error_lsq": 0.05523699991843697, "error_max": 0.28439048165676695, "target": "1058.xyz", "model": "3.xyz", "model_rescale": 3.7530521520055578, "target_rescale": 3.824426031640885},
{"mapping": [13, 1, 11, 5, 12, 2, 10, 9, 7, 6, 14], "R": [[-0.18827940083026953, 0.6036982934237027, -0.774660724278896], [-0.9015838355714454, -0.4190501757761724, -0.10744085637335754], [-0.38948357431254543, 0.6781926869992541, 0.6231831389258345]], "T": [-0.16159098226139046, -0.20534695655199442, 0.04136908400023097], "aligned_model": [[-0.5176055444627276, -0.13034316868474266, 0.3740154622163584, 0.3197406438342191, 0.40184569650308066, -0.18024884908918162, -0.21863555820315125, -0.6210108015920326, -0.3298782562623238, 0.36706451163108855, -0.12674453344538172], [-0.7615125040285818, 0.02636880680757195, -0.2457612102450722, 0.4045011817993748, -0.6843368480700158, 0.6224444847793139, -0.45092334959728697, 0.24923390320352617, 0.299315567224094, 0.11369287349631751, -0.10581954705489495], [-0.14550982448522165, -0.7401190337052939, -0.35460136697316547, -0.30307680212250865, 0.22167062322218317, 0.003959305576874947, 0.4901839924648586, 0.11172318394145457, 0.610856370411804, 0.2918966857577485, -0.09415235684341776]], "inverted": false, "swapped": true, "error_lsq": 0.04754300358464323, "error_max": 0.27606134715481334, "target": "1058.xyz", "model": "4.xyz", "model_rescale": 3.7855080009869324, "target_rescale": 3.824426031640885},
{"mapping": [7, 12, 0, 6, 13, 2, 3, 5, 15, 4, 10, 14, 9, 8, 16], "R": [[0.46691682051553546, 0.48828212444665575, 0.7372714897956679], [0.7070568523217609, 0.29458165921423957, -0.6428781016953595], [-0.5310925440114055, 0.8214634581041607, -0.20769809025373098]], "T": [0.02208284910384886, -0.19830453190208644, -0.10305454152356988], "aligned_model": [[-0.008032209240571075, 0.10991494319507503, -0.7478664831173686, 0.23302192932152999, 0.6491641817580792, -0.4332787944327282, -0.4493398363943675, -0.5328782256324643, 0.6597757862217304, -0.383024337525557, 0.14969939961885861, 0.1788153926226358, -0.02864005837330999, 0.6421534468503316, 0.02410581916617196], [-0.2206965322106774, -0.5767345206178046, -0.30240342162601763, -0.6916994372390008, -0.5167366549124776, 0.03866683263211487, 0.3075582893476687, 0.09369187161682072, 0.3012855733619868, -0.6403585646094438, 0.3921117373736046, 0.02354438661289507, 0.4624173795755674, -0.07620061393528718, -0.16967602001126839], [0.6452509799440995, -0.6617508184919457, -0.03366196057388027, 0.2686217153068312, -0.2769442311175414, -0.6343511004858479, -0.1684767325150681, 0.4086676003452796, -0.2549609316395136, 0.32993181319643516, 0.3044830875163864, -0.7226635841373245, -0.3634153711416622, 0.2066436357250164, -0.1484755509226287]], "inverted": false, "swapped": false, "error_lsq": 0.04221887994290371, "error_max": 0.35956879131140046, "target": "1058.xyz", "model": "5.xyz", "model_rescale": 4.2253639853439635, "target_rescale": 3.824426031640885},
{"mapping": [1, 4, 12, 11, 8, 10, 6, 5, 0, 3, 13, 7, 2, 14], "R": [[-0.6152675913447488, -0.60563269545277, -0.5046333612034021], [-0.09073539856254004, -0.581478642268508, 0.8084860394795135], [-0.7830791010418602, 0.5432233673031608, 0.3028126396425473]], "T": [-0.05737883757142847, -0.001075083035714769, 0.13308408846212633], "aligned_model": [[0.5264117885871994, -0.026549534239828414, -0.47864057830923945, 0.17562616929394334, -0.43553711171913834, -0.49522957297897113, 0.17082951407263827, 0.7039434915796069, -0.2663251439063261, 0.14699207593080887, -0.4967006936836618, 0.07772265576516033, 0.6723086917423903, 0.09921040062320188], [-0.08896663698769972, -0.03792196701436382, -0.6302991796722068, -0.5823824000131215, -0.42833053273211064, 0.06010287699016775, -0.3963124039600405, -0.36764383515040067, 0.7116206544735789, 0.48227008506528546, 0.18101975645835497, 0.3634146037673107, 0.20894276295265266, -0.030414637542417217], [-0.429815439438523, -0.8168390419565141, 0.2106497651621249, -0.0973299808043486, -0.3260117947867997, 0.39678972214439884, 0.6186101248502786, 0.22393295035085772, 0.052794876169824034, -0.34244248357140783, -0.3617168688002731, 0.8085213494949988, 0.4654015448015637, 0.06901348531526841]], "inverted": false, "swapped": true, "error_lsq": 0.047368654733891256, "error_max": 0.33777480854928793, "target": "1058.xyz", "model": "6.xyz", "model_rescale": 3.89814844738969, "target_rescale": 3.824426031640885},
{"mapping": [3, 4, 1, 0, 5, 8, 13, 9, 10, 12, 11, 6, 14], "R": [[0.6264860379444452, 0.5969935382507067, 0.5011127213986628], [-0.3174357859146323, -0.39176027443346023, 0.8635730479794863], [0.7118635867084588, -0.7000875678532812, -0.055925229153276856]], "T": [-0.10961687949394995, -0.018115058391619254, 0.12237787206036056], "aligned_model": [[0.08725592622832583, -0.09256384377206715, 0.46602666920837144, -0.3205348205842016, 0.6533706423557885, -0.4939167313374543, -0.556299449121428, 0.18509555496156427, -0.5436565866860897, -0.5289762754271219, 0.12068602359583892, 0.12608683434749257, 0.04605785713520359], [-0.3375932378946037, 0.2995438790378558, 0.23501116630979324, -0.6753945897327867, 0.3073239845805266, 0.5250805508142611, -0.046303697316289055, -0.5970697570381527, -0.15632611165855448, 0.5582488542643129, 0.6061547233843791, 0.21565777370094977, 0.029447727018793723], [-0.4781971305086653, -0.7739837100877385, -0.3971930260501476, -0.16316962068229385, 0.3072489769099896, -0.1835176715983679, -0.3978819608718235, 0.09755720082016772, 0.3621775965410811, 0.38947933111646366, 0.07190029583584218, 0.7001504448596421, 0.0677043045521458]], "inverted": true, "swapped": true, "error_lsq": 0.04212707548573654, "error_max": 0.27775820964951137, "target": "1058.xyz", "model": "7.xyz", "model_rescale": 3.7474275329858107, "target_rescale": 3.824426031640885},
{"mapping": [8, 0, 7, 3, 1, 10, 11, 9, 1, 5, 4, 12, 13, 2, 14], "R": [[0.5122209031965748, 0.01604461240658267, -0.8587038585805982], [0.7479738794911316, 0.4830446613502688, 0.455195486291319], [0.4220957497150042, -0.8754486995556774, 0.23542462173443507]], "T": [-0.04205273845714991, -0.11213327917782237, -0.11618242173600182], "aligned_model": [[0.0258987320871729, 0.17086001419239455, -0.689187685376297, 0.14124125991428516, 0.6421591757474414, -0.46594997272164945, -0.5419334189685888, -0.6419802918616202, 0.6421591757474414, -0.4078080073842312, 0.30450453753223805, -0.018638200772684056, 0.18939358005831536, 0.7069331284540532, 0.00593892738977464], [-0.09841658684632822, -0.6366706939380568, -0.32446789928041986, -0.7248617717678479, -0.21447363639324488, -0.31827448176225925, 0.23083558850797922, 0.07932314481893121, -0.21447363639324488, -0.5259165546359708, 0.3559758119084173, 0.2850324360362143, 0.7559125679311199, -0.14619052730605783, -0.07856345552055066], [0.5623489083135925, -0.4534388492548931, -0.11901111504837907, 0.20801141150883254, -0.40975068942745596, -0.7103880250991915, -0.25391991350787485, 0.312503720406359, -0.40975068942745596, 0.3399183875431445, 0.4063094721214582, -0.5877264524297442, -0.14844443740652535, 0.2665051412537711, -0.10426831853700225]], "inverted": false, "swapped": false, "error_lsq": 0.05382088868084796, "error_max": 0.4576682190372752, "target": "1058.xyz", "model": "8.xyz", "model_rescale": 4.019505241142653, "target_rescale": 3.824426031640885},
{"mapping": [6, 10, 11, 5, 2, 1, 4, 7, 9, 0, 13, 3, 14], "R": [[-0.13887104324247168, -0.8598830167441319, -0.49123928066041145], [0.9891093932107232, -0.14485833409652535, -0.026051320601738343], [-0.04875901569005134, -0.48950716088509927, 0.8706349969023455]], "T": [-0.16755111570955317, -0.0379928997550206, -0.04654760702688894], "aligned_model": [[-0.2644809821439679, -0.6681910698558079, 0.08119919433305256, 0.3943143140719366, 0.31140578992415424, 0.6063796152411923, 0.3362470726343475, -0.35260553777576414, 0.07004487749469751, -0.2230223015580886, -0.2708383704331647, 0.3039504739389626, -0.004702304130373591], [-0.561448595105049, -0.04441139370330183, 0.05757893769565792, -0.49299862179564, -0.700197947279634, 0.15268823585473396, 0.7653419753853296, -0.6979089797140343, -0.3332003841884269, 0.11828487088082895, 0.6062946078034084, 0.2548942713786556, -0.06153874909846989], [-0.4473291680061272, 0.07309816086105232, -0.6583396308811951, -0.49321849965826453, 0.09155031271240809, -0.21993799652460772, -0.1207268245466195, 0.32437862170923354, 0.48171436678553087, 0.681834392167955, 0.16609190424009795, 0.39324654762562866, -0.09565869244121336]], "inverted": false, "swapped": true, "error_lsq": 0.045954668206987764, "error_max": 0.26098130508255957, "target": "1058.xyz", "model": "9.xyz", "model_rescale": 3.877068213659057, "target_rescale": 3.824426031640885},
{"mapping": [12, 4, 1, 3, 13, 7, 8, 0, 14, 5, 11, 2, 9, 6, 15], "R": [[-0.31236115047200985, -0.1843236343064194, -0.9319094964168334], [0.3300578881600875, -0.9409381831591934, 0.07547930800146357], [-0.8907818487930174, -0.2840072768595023, 0.35475000289181735]], "T": [0.09770907177349307, -0.09547098796343954, -0.06534059611025901], "aligned_model": [[0.04754500869336607, -0.07829945356708488, -0.7231238852668557, 0.20432954408307286, 0.7486603675096589, -0.4728030480833022, -0.4328599326140097, -0.4983613923253577, 0.7174734458101818, -0.35898239777423335, -0.07570517505990647, 0.19100156686787811, 0.1847741078975188, 0.5765007101048645, 0.03344148776225496], [-0.18159124504443053, -0.6070340013497599, -0.37640034311712567, -0.703988467132498, -0.33205925848286205, -0.16327051784736524, 0.4289379583167131, 0.053729834979926325, 0.2972452530976887, -0.611274349603891, 0.45644752769187513, 0.0063033610415095115, 0.48543165283518697, -0.2483675026639976, -0.07933959736228936], [0.6751066226765546, -0.47205297862093903, -0.0801245148318215, 0.07991743347310666, -0.408745454543722, -0.6451730842142225, -0.26235512464227373, 0.44082652243439047, -0.33215068085278643, 0.3039495824827784, 0.3928828508408362, -0.7144121254451915, -0.36636734790743264, 0.2919908998164662, -0.004394049657107116]], "inverted": true, "swapped": false, "error_lsq": 0.03840163979080611, "error_max": 0.21301076697698723, "target": "1058.xyz", "model": "10.xyz", "model_rescale": 4.260839863003843, "target_rescale": 3.824426031640885},
{"mapping": [0, 7, 6, 10, 11, 8, 13, 3, 2, 5, 1, 14], "R": [[0.07724940467811224, 0.8444796573285444, -0.5299873940341805], [-0.8482041800081551, 0.33504899095976404, 0.4102338877683529], [0.5240059145597221, 0.41784719936252823, 0.7421735103675697]], "T": [-0.06154688618670275, -0.010695911194537186, -0.16296987420194717], "aligned_model": [[0.5569735499069912, 0.15496085654564123, -0.47666276091361826, -0.19520606677301552, -0.4774431610875927, -0.45850449849450764, 0.09674371820701785, 0.5589345908209097, 0.2667529877179013, -0.20084528546810562, 0.1610428809101189, -0.027848162277610382], [-0.06176996992868385, -0.7592215528588039, -0.4229113391916764, -0.23067480685636946, 0.311112669159828, 0.56851017928021, 0.47972323969274944, 0.3245554257111478, -0.4597736711150067, -0.10570562169732213, 0.4890084245626979, 0.04022552877416355], [-0.5787390907924964, -0.17539565333952764, 0.15606676177137344, -0.6087738439397902, 0.24784602062882824, -0.37097200978137157, -0.6162064042165958, -0.09874511016431323, 0.4514685980608557, 0.6699808839255483, 0.44212654073269353, -0.002478615489700159]], "inverted": true, "swapped": true, "error_lsq": 0.05661736695567229, "error_max": 0.30553794598209433, "target": "1058.xyz", "model": "11.xyz", "model_rescale": 3.890672605050136, "target_rescale": 3.824426031640885},
{"mapping": [2, 5, 1, 9, 3, 10, 6, 0, 7, 12, 4, 11, 13, 14], "R": [[-0.13645374194342236, -0.9756019653870727, 0.17199180632378652], [0.5860990032110287, -0.21947480869406738, -0.779947925687184], [0.7986665979898474, -0.005622586734190971, 0.601747498352706]], "T": [-0.03485479990930895, -0.054349738753892214, 0.16311984843190547], "aligned_model": [[0.42185952842612645, 0.11564685633021884, 0.45411046853186765, 0.4832363606312162, 0.6091486223502677, -0.346193127508086, -0.3648780612499057, 0.38430367990146663, 0.055945167678240246, -0.7635839648168791, 0.30924479026970575, -0.2301524340709308, 0.02127996584999809, 0.059907982470387366], [-0.3207197560109377, 0.2018329330257203, 0.5497865466881082, -0.44139504194288187, 0.09800111999387806, -0.37576532995992046, -0.19207844143433428, -0.41998602546811475, -0.7846941208194292, 0.16253059273920473, 0.7448398189532534, 0.4952334586810498, 0.1744445774981875, 0.040122187883981024], [-0.47519458353497873, -0.6330946608219588, -0.08451822179991736, 0.09650520681669758, 0.4152395630102332, 0.4175940790001483, -0.39914572498906126, 0.6617744437641715, -0.09314776237863348, 0.19941830878421957, 0.547246930785765, -0.16109815924163196, 0.8077067394403612, 0.055504276521446225]], "inverted": false, "swapped": true, "error_lsq": 0.04157908368702638, "error_max": 0.27121597194820257, "target": "1058.xyz", "model": "12.xyz", "model_rescale": 4.124412569039231, "target_rescale": 3.824426031640885},
{"mapping": [13, 0, 7, 4, 10, 12, 3, 11, 9, 1, 6, 2, 14], "R": [[-0.7254540408678605, 0.6860226856423313, 0.05558155604673268], [-0.5597287559708581, -0.6350348450387486, 0.5323856359124732], [0.40052484857722465, 0.355110715651747, 0.8446752188276248]], "T": [0.18711284049187865, 0.02895968757838613, 0.05203518078226072], "aligned_model": [[-0.34040961249857765, -0.09572100562868358, 0.7292545246802336, -0.7118123862058585, 0.42076873415685395, 0.4415080091225968, -0.40694027647687786, 0.13463155712815025, 0.17284743438462785, -0.324936509089051, 0.7665741816692047, 0.44687766555829384, 0.13465599070884526], [-0.14435895551415565, 0.5184672126087793, 0.5730771162020214, -0.22999789434574652, -0.053433431122218183, -0.6803489533590477, 0.41305819384364145, -0.4168232185876681, 0.6788915085246054, 0.07965029332579798, -0.07853459926678555, 0.6280593138380535, 0.059778790361199693], [0.455360013495978, 0.540325595630536, 0.1837137933681715, -0.11982668257789911, 0.5032701172311502, 0.1595768111782527, 0.01909926988257802, -0.441749680041137, 0.05875486370146738, -0.5809168118998533, -0.2589256784893726, -0.45844317461721645, -0.1085403558948162]], "inverted": false, "swapped": true, "error_lsq": 0.04054269359979304, "error_max": 0.26668376074982664, "target": "1058.xyz", "model": "13.xyz", "model_rescale": 3.9028299243045295, "target_rescale": 3.824426031640885},
{"mapping": [1, 5, 14, 12, 8, 10, 7, 9, 0, 11, 6, 4, 3, 2, 15], "R": [[0.2720682911304235, -0.4359907187110518, -0.8578408582943527], [-0.8807277136292371, -0.4719772496827088, -0.03944832350509253], [-0.38768226604629163, 0.7662568557473182, -0.5123991526275642]], "T": [0.06329843156637266, -0.14220790036497294, -0.08574998214511262], "aligned_model": [[0.10723042764416019, 0.1586221124564974, -0.7242106625243037, 0.1303927751063491, 0.7013865679183184, -0.5025090666357115, -0.5737286463250111, -0.5995282941601185, 0.7237243641819986, -0.3250911503293835, -0.046424630216112955, 0.08680711236429481, 0.2441590608961418, 0.7154339446040503, -0.032672960943122886], [-0.1752816954894315, -0.4425187747502996, -0.5419834331632508, -0.8129250643891803, -0.5292389943422511, -0.13311118288513868, 0.46856094026752665, 0.11371074870945652, 0.17447313297209965, -0.46749668440656045, 0.32888596778438134, 0.1454125305757436, 0.4513572735723013, -0.0697760535523359, -0.08529840554437962], [0.5616871650278716, -0.48927025207294517, -0.03043630496407665, 0.08710002193110991, -0.2846409625823255, -0.5706538146298279, -0.29016593353532916, 0.2241077806788642, -0.47403740133104655, 0.45202081288703777, 0.37298706601471554, -0.6990077611543367, -0.1462418186638047, 0.24834980797481546, -0.0628998545720863]], "inverted": false, "swapped": false, "error_lsq": 0.040073529402994246, "error_max": 0.24690588587302206, "target": "1058.xyz", "model": "14.xyz", "model_rescale": 3.942246331269136, "target_rescale": 3.824426031640885},
{"mapping": [1, 8, 13, 0, 7, 11, 4, 3, 9, 12, 5, 6, 10, 2, 14], "R": [[-0.14682263560137987, 0.6913442932836591, -0.7074504801179958], [0.9847799871540533, 0.034910273915842116, -0.17026347134950542], [-0.09301338922933311, -0.721681606332903, -0.6859476426847998]], "T": [-0.0381802977987184, -0.044608349434927135, -0.10205486892248722], "aligned_model": [[-0.08220242369488273, 0.054371715564683565, -0.8008472003593787, 0.3451273842803559, 0.7157439860342283, -0.3665355032165033, -0.5005778262490745, -0.37145637144246507, 0.6100551421563236, -0.5564047764988571, 0.2691148342356115, 0.20409627884299306, -0.076849548390452, 0.6250780572626389, -0.005122794487174898], [-0.25511953954194944, -0.6953575281917408, -0.30414203963707637, -0.632096910442835, -0.3487693197819719, -0.10198477973215545, 0.3123925326438882, 0.2116876524213548, 0.37910384628599014, -0.48384067287128535, 0.17115646046228122, -0.09427643096461219, 0.5833151148877019, -0.20302704621793868, -0.11427103396097057], [0.6792187880325686, -0.510467108525446, -0.2111937982460767, 0.11851234172379799, -0.3667505177223156, -0.7368791193870876, -0.15107397540714929, 0.4808579450297705, -0.3221028085084193, 0.35247193324369575, 0.4096040084823122, -0.6036767697864291, -0.4385326959109885, 0.24093170456160895, -0.042021376571205867]], "inverted": false, "swapped": false, "error_lsq": 0.053839938673560205, "error_max": 0.3799663065192755, "target": "1058.xyz", "model": "15.xyz", "model_rescale": 4.355366556412066, "target_rescale": 3.824426031640885},
{"mapping": [1, 13, 3, 6, 2, 11, 7, 12, 0, 8, 10, 14], "R": [[-0.7197397462857407, 0.02512571765745436, -0.6937891581227943], [0.2779656945877993, -0.9053167375596354, -0.32114899552497506], [-0.6361680361735097, -0.423993281794153, 0.6446083514387352]], "T": [-0.019043794714326052, 0.05143201492517641, -0.06546331590923433], "aligned_model": [[-0.3112344858829166, 0.5972146636584037, 0.2432266809685042, -0.5764587547664219, -0.6014021910168762, -0.4122519082866749, -0.18614746690561473, -0.04094284379591396, 0.5365728090756471, 0.22563170193305304, 0.25587213205712445, -0.13227178240653367], [-0.6962868037456903, -0.1547743831771195, -0.5591565414000843, 0.41550179322707714, -0.12475795626233754, -0.11969215519199272, 0.4354025432084893, 0.49319644852221717, -0.0728033903152499, -0.011765598197399675, 0.48553251385198054, -0.07762004277890977], [0.07922070932305007, 0.15520531575779667, -0.3102312774401973, -0.037734586049123095, -0.6283150460891085, 0.4458135866927942, -0.7227027205626322, 0.5540247542401403, -0.549091152662946, 0.6218938639133984, -0.09668287011036795, -0.062142115803383635]], "inverted": true, "swapped": true, "error_lsq": 0.0449422323144631, "error_max": 0.26123717901817356, "target": "1058.xyz", "model": "16.xyz", "model_rescale": 3.795458400668931, "target_rescale": 3.824426031640885},
{"mapping": [3, 4, 1, 0, 5, 8, 13, 9, 10, 12, 11, 6, 14], "R": [[0.6264860379444452, 0.5969935382507067, 0.5011127213986628], [-0.3174357859146323, -0.39176027443346023, 0.8635730479794863], [0.7118635867084588, -0.7000875678532812, -0.055925229153276856]], "T": [-0.10961687949394995, -0.018115058391619254, 0.12237787206036056], "aligned_model": [[0.08725592622832583, -0.09256384377206715, 0.46602666920837144, -0.3205348205842016, 0.6533706423557885, -0.4939167313374543, -0.556299449121428, 0.18509555496156427, -0.5436565866860897, -0.5289762754271219, 0.12068602359583892, 0.12608683434749257, 0.04605785713520359], [-0.3375932378946037, 0.2995438790378558, 0.23501116630979324, -0.6753945897327867, 0.3073239845805266, 0.5250805508142611, -0.046303697316289055, -0.5970697570381527, -0.15632611165855448, 0.5582488542643129, 0.6061547233843791, 0.21565777370094977, 0.029447727018793723], [-0.4781971305086653, -0.7739837100877385, -0.3971930260501476, -0.16316962068229385, 0.3072489769099896, -0.1835176715983679, -0.3978819608718235, 0.09755720082016772, 0.3621775965410811, 0.38947933111646366, 0.07190029583584218, 0.7001504448596421, 0.0677043045521458]], "inverted": true, "swapped": true, "error_lsq": 0.04212707548573654, "error_max": 0.27775820964951137, "target": "1058.xyz", "model": "17.xyz", "model_rescale": 3.7474275329858107, "target_rescale": 3.824426031640885},
{"mapping": [2, 3, 1, 0, 6, 12, 5, 4, 7, 11, 10, 13, 8, 14], "R": [[0.40526700560015094, 0.54880386153777, 0.731144975865334], [-0.8810667047965183, 0.44782727438076, 0.1522241571489387], [-0.24388545645628912, -0.7058789229619568, 0.6650224283790553]], "T": [-0.07948433466422215, -0.12449744624486281, 0.005249514627770797], "aligned_model": [[0.49762976178290336, 0.09724538549999669, 0.6099889790876761, -0.42954180311045276, 0.13228375769651807, -0.3476383966886417, 0.7121522130513332, 0.15053504231031278, -0.17333609041456421, 0.32535261850545544, -0.5634443543783103, -0.4399413602106806, -0.24567476064265326, 0.0892366553939843], [-0.5794870808605306, 0.3292691412227552, 0.30842436045253185, 0.0355772555672646, -0.6669447864371052, -0.15481940122842605, -0.38224179160655053, 0.7976751803131621, -0.7912605343443715, 0.022574113398573403, -0.29426897147177455, 0.4557690745350541, 0.373964830025674, -0.09382314805502327], [-0.37803892758244245, -0.5089275294251089, -0.04571672780182139, -0.6349660658060441, 0.3291820412418557, 0.7169902190034356, 0.1758873866035604, 0.042003093372138624, -0.387101694328845, 0.5149329173436908, 0.049487496793449194, -0.060717967757311635, 0.5153828609854251, -0.003602383980326855]], "inverted": true, "swapped": true, "error_lsq": 0.044633895753863465, "error_max": 0.25242567597762783, "target": "1058.xyz", "model": "18.xyz", "model_rescale": 3.922800546911778, "target_rescale": 3.824426031640885},
{"mapping": [4, 2, 1, 10, 9, 0, 5, 8, 7, 6, 13, 3, 12, 11, 14], "R": [[0.8138907698579726, 0.28810051885186566, 0.5045591202002824], [-0.5796343207218951, 0.34271595173051816, 0.7393036119692049], [0.04007329511363367, -0.8941721688057236, 0.44592629834088576]], "T": [-0.06708580747778671, -0.07623104249443478, -0.031852386432677175], "aligned_model": [[0.1190164905563824, 0.04417788828406853, -0.6665387618630629, 0.2608536331895268, 0.5236188250084985, -0.3734011245128668, -0.610454852090807, -0.46261382586456473, 0.6254323842134915, -0.3920564469650153, 0.2579052622621052, 0.11794666178633277, 0.02271767832047354, 0.5797250992472938, 0.017262042466190175], [-0.2798894846363647, -0.6641351728928524, -0.4880960783001914, -0.7687468523773188, -0.4851350928521627, -0.10009238613650205, 0.3502198255515292, 0.18872855084267148, 0.2431814219820212, -0.48113661259968077, 0.3427232927899666, 0.10581171189114112, 0.6711711100887746, -0.15969521790640068, -0.05013871008594996], [0.6372935712648111, -0.4257027212728041, -0.16971598458437429, 0.2200964646866903, -0.41474754267687836, -0.8090551904074004, -0.35654217482290756, 0.3525232821407678, -0.26977096656540783, 0.4222547977013324, 0.40480745412506347, -0.616465647040783, -0.25975456022437254, 0.25435207742678956, -0.07067430874189085]], "inverted": false, "swapped": false, "error_lsq": 0.04036638664503152, "error_max": 0.23331867365876213, "target": "1058.xyz", "model": "19.xyz", "model_rescale": 3.9282355846067225, "target_rescale": 3.824426031640885},
{"mapping": [8, 13, 0, 4, 11, 3, 1, 9, 5, 6, 10, 12, 7, 14], "R": [[0.5472620241177181, 0.3777131534633211, -0.7468848978653755], [0.7106795329379918, 0.2616446437478258, 0.6530518217271213], [0.44208469598213496, -0.888186272185552, -0.12524483015085472]], "T": [0.01893498239323744, -0.13438521901690142, 0.13902553033617127], "aligned_model": [[-0.6318025287195264, -0.12734188219082201, 0.5657213822960717, -0.43444578765771114, -0.5482664554755688, 0.2657324682419444, -0.20076559682970177, 0.6316529573790948, -0.11673042665458405, -0.06486813765585805, 0.10833262521867426, -0.5750289655050383, 0.6662901570239663, -0.005956990386264967], [-0.4507101450710504, -0.7047644695468149, -0.5670144867164307, -0.3001732633591454, 0.21228688383144806, -0.19879604181370814, 0.31120131694960396, -0.004347324201814967, 0.7038591458448697, 0.3050114631931751, -0.5014360952782035, -0.31144841967816067, 0.02345613414588582, 0.0057573891251820886], [0.025892147087198808, -0.21348092434011856, -0.1291100331694901, -0.6805001216164577, 0.08070610563049146, -0.5216239905201472, -0.5079494254480749, -0.035120548774725396, 0.10468697820118708, 0.6329230058866584, 0.48870879590472754, 0.580903685225134, 0.5431765219094842, 0.042970961267815244]], "inverted": true, "swapped": true, "error_lsq": 0.04178893961379163, "error_max": 0.2742579121398472, "target": "1058.xyz", "model": "20.xyz", "model_rescale": 4.067790424073018, "target_rescale": 3.824426031640885},
{"mapping": [7, 11, 10, 12, 3, 13, 5, 1, 2, 9, 8, 6, 4, 0, 14], "R": [[0.06636270033775554, -0.7242776817192741, -0.6863073886876313], [-0.8667697805660254, 0.29887840230088486, -0.3992265624123663], [0.4942733449230353, 0.6213642574218641, -0.6079476294033639]], "T": [0.02831654864798657, -0.06579630066633113, -0.11151030906910012], "aligned_model": [[-0.02023921408185867, -0.041385574125744874, -0.6081948523566629, 0.15465488179327572, 0.6757025002293133, -0.5892150961010849, -0.32632439269788094, -0.6312553841605038, 0.7160534775451146, -0.3065222071558602, -0.014317466652914591, 0.24138028559795285, 0.24990261426583066, 0.5841954623209337, -0.020844080381863687], [-0.023883753604701713, -0.5492231925879028, -0.5811199905797579, -0.8087994389410845, -0.5162222370608491, -0.14684540010500524, 0.39880902797997064, 0.0188190713298467, 0.18341016243497407, -0.5470730489383779, 0.375424257165517, 0.12695875955050345, 0.6855261932682339, -0.06515677315386065, -0.12585333139882512], [0.6318265146611091, -0.535152030606336, -0.08739490820622345, 0.026325930685272975, -0.43049764764084, -0.43121207054514255, -0.19420137371737328, 0.36922891915347755, -0.24802399672940997, 0.39869121842107436, 0.24720218975262884, -0.7934239644926381, -0.281470952655281, 0.3305940381831114, -0.10359331525479373]], "inverted": false, "swapped": false, "error_lsq": 0.04488515165575305, "error_max": 0.3418781369864578, "target": "1058.xyz", "model": "21.xyz", "model_rescale": 4.186013935880536, "target_rescale": 3.824426031640885},
{"mapping": [0, 7, 10, 4, 1, 13, 3, 2, 12, 6, 5, 11, 14], "R": [[-0.9448580181653539, -0.32554708287228606, -0.035530583192298265], [0.30512098128690945, -0.9145520287635955, 0.2655104017979428], [-0.11893070371923892, 0.24002850563576078, 0.9634530627877573]], "T": [0.058052599306259854, 0.031560555122123794, -0.10149269081145672], "aligned_model": [[0.09326715475245445, -0.5123625552289256, 0.24605946748838117, 0.5672121933772496, -0.07436264505735468, 0.6363678634916585, 0.03886555986846552, -0.7583597426537544, 0.5057008775855708, -0.2945045335246605, -0.5081768769672471, 0.14291508950082413, -0.024047817209436807], [-0.48480927052468686, 0.18085184900335108, 0.26205872349271014, -0.5716351960217674, -0.4096927461864496, -0.32159069674540147, -0.6749323874813864, -0.07102151630184436, 0.6324617178680669, 0.5808471244375571, 0.17782229896094742, 0.24429060134289382, -0.025693842297897562], [-0.6401598134870854, -0.6110604487465545, -0.521636335794668, 0.42914229302830087, 0.5716744697823747, -0.2102394592720785, -0.05660257952474755, -0.0018228138408017958, 0.032409003589812566, 0.03272674325847351, 0.5151348605399323, 0.5252803610220005, 0.03803328078038705]], "inverted": true, "swapped": true, "error_lsq": 0.04041440676910372, "error_max": 0.20605997183055907, "target": "1058.xyz", "model": "22.xyz", "model_rescale": 4.166573947596378, "target_rescale": 3.824426031640885},
{"mapping": [0, 2, 3, 1, 6, 11, 9, 8, 13, 4, 7, 12, 14, 5, 15], "R": [[0.24390231034042759, -0.967034340747405, 0.0731863841560293], [0.03295312866094871, -0.06715787758955455, -0.9971980298762737], [0.9692397816443858, 0.24563062368706912, 0.015486845548553008]], "T": [-0.05696585369367875, -0.048957403808800246, -0.12124709075562368], "aligned_model": [[0.088591062155692, -0.09170909328449606, -0.5830988433150802, 0.3084488418102765, 0.47909869670438815, -0.4599172966925196, -0.5076074675684705, -0.6031264431409813, 0.6124534870970832, -0.4061010274675783, 0.2343769018628723, 0.1331357710775279, 0.1684864085229562, 0.6984409630040646, -0.007881006727688829], [-0.34005395068120126, -0.7037529992078967, -0.3245613745303441, -0.601139123211673, -0.49609399107805047, -0.14716056769655067, 0.31977740780885605, 0.09937016861919316, 0.4619148498921151, -0.5242246191359398, 0.2169779991485269, 0.007303070192688818, 0.6071007407170605, -0.061491163599910054, -0.08919614187819415], [0.6276399150639445, -0.27239230152252003, -0.21426956422644214, 0.14269705093761498, -0.42425088957436885, -0.7921268121766779, -0.2675547830609454, 0.4564956565059749, -0.03349502257741205, 0.3170213404981563, 0.47523208565278674, -0.7458089264081811, -0.5016899270437215, 0.22554597052649933, -0.09414524158607175]], "inverted": true, "swapped": false, "error_lsq": 0.04994906875820753, "error_max": 0.3502686887779037, "target": "1058.xyz", "model": "23.xyz", "model_rescale": 4.274766983524099, "target_rescale": 3.824426031640885},
{"mapping": [13, 10, 12, 11, 6, 5, 1, 2, 9, 7, 14], "R": [[0.1573352738055097, -0.46071970970988224, 0.8734889585457776], [-0.32666654207873563, 0.8104323343902776, 0.48630073170934773], [-0.931952027683221, -0.36185187640741523, -0.022992121206313432]], "T": [0.05578141700778333, 0.11312513108658617, -0.11556340195548537], "aligned_model": [[0.3980769663140911, 0.1989782153330291, -0.44769248236655107, -0.5373107085816604, -0.4354959659904173, -0.5028149441513785, -0.1181861791665918, 0.03247353017525183, 0.5006637911188985, 0.2970887474066637, -0.005886266133260286], [-0.0778233095034766, 0.5669025229363189, 0.43449394661129, -0.17773956795281132, 0.41957339808696537, -0.19999459577048362, -0.6697842247124374, -0.007360332923049023, 0.057856993818830055, 0.5927595780729338, -0.023297877420596913], [-0.6789129036836508, -0.31197477158839726, -0.5874076233426295, -0.21011302241085927, 0.21422913317718495, 0.4431529809706383, 0.03336784070776208, 0.7041476893635219, 0.3552711061645314, 0.4492748124378036, -0.03146880777432817]], "inverted": false, "swapped": true, "error_lsq": 0.04117344968003556, "error_max": 0.2500072413253911, "target": "1058.xyz", "model": "24.xyz", "model_rescale": 3.7841303162186577, "target_rescale": 3.824426031640885},
{"mapping": [1, 9, 10, 8, 2, 14, 11, 7, 5, 0, 6, 12, 3, 4, 15], "R": [[0.420275143560049, 0.8746126005208247, -0.24170561167623067], [-0.7321555222592423, 0.1695051490571463, -0.6597092508585967], [-0.536019677745954, 0.4542254984622895, 0.7115912461629981]], "T": [-0.07417956347897971, -0.13505493603962274, -0.0659139532552234], "aligned_model": [[0.24017999605501744, -0.043308983361120476, -0.7882990156171206, 0.16635721848350826, 0.5695304565280147, -0.36220242223399585, -0.5464287485450499, -0.5752277284535869, 0.6845612596091097, -0.3178221517708688, 0.021299168361060022, 0.2301865574963904, 0.2708707026115759, 0.5753221365709018, -0.06142749169578944], [-0.39305365099973777, -0.5232967998925683, -0.4063027346898368, -0.6263247806292944, -0.4712327030065643, -0.25063999708593376, 0.46957889021017896, -0.028732294641770573, 0.12028398109415803, -0.46812555430243374, 0.4418901569322886, -0.042242945725011666, 0.5834381754112747, 0.09283367699482731, -0.07330311431089515], [0.5567024006993804, -0.5023265687480633, -0.21326776244430834, 0.15825959549402877, -0.26942057984742424, -0.7959700393253761, -0.09465786603068377, 0.3346503891443737, -0.42431756124521014, 0.5432101734809052, 0.35840270173828426, -0.7543317808021156, -0.18300302320454145, 0.2220420582116386, -0.03707358611225192]], "inverted": true, "swapped": false, "error_lsq": 0.04297555116525546, "error_max": 0.2326114027069846, "target": "1058.xyz", "model": "25.xyz", "model_rescale": 4.19342608120988, "target_rescale": 3.824426031640885},
{"mapping": [1, 13, 3, 6, 2, 11, 7, 12, 0, 8, 10, 14], "R": [[-0.7197397462857407, 0.02512571765745436, -0.6937891581227943], [0.2779656945877993, -0.9053167375596354, -0.32114899552497506], [-0.6361680361735097, -0.423993281794153, 0.6446083514387352]], "T": [-0.019043794714326052, 0.05143201492517641, -0.06546331590923433], "aligned_model": [[-0.3112344858829166, 0.5972146636584037, 0.2432266809685042, -0.5764587547664219, -0.6014021910168762, -0.4122519082866749, -0.18614746690561473, -0.04094284379591396, 0.5365728090756471, 0.22563170193305304, 0.25587213205712445, -0.13227178240653367], [-0.6962868037456903, -0.1547743831771195, -0.5591565414000843, 0.41550179322707714, -0.12475795626233754, -0.11969215519199272, 0.4354025432084893, 0.49319644852221717, -0.0728033903152499, -0.011765598197399675, 0.48553251385198054, -0.07762004277890977], [0.07922070932305007, 0.15520531575779667, -0.3102312774401973, -0.037734586049123095, -0.6283150460891085, 0.4458135866927942, -0.7227027205626322, 0.5540247542401403, -0.549091152662946, 0.6218938639133984, -0.09668287011036795, -0.062142115803383635]], "inverted": true, "swapped": true, "error_lsq": 0.0449422323144631, "error_max": 0.26123717901817356, "target": "1058.xyz", "model": "26.xyz", "model_rescale": 3.795458400668931, "target_rescale": 3.824426031640885},
