[{"mapping": [5, 4, 8, 10, 11, 6, 2, 9, 0, 1, 12, 13], "R": [[-0.4973292785512712, -0.030108666905242748, 0.8670392475965906], [0.12362734085607582, 0.9867390762859082, 0.10517735461252514], [-0.8587082562130915, 0.15949753448759751, -0.48701197850140177]], "T": [0.1282449073677252, 0.04374756555741451, 0.01365582260573852], "aligned_model": [[0.6936915530657991, -0.71400883643267, -0.13560792581854708, 0.13928212823279534, 0.33507091256602783, -0.12428732340325027, -0.45378431248680107, -0.3418132195063742, -0.0699470044149666, 0.5415900364002679, 0.3142686024605481, 0.03734368839694921], [-0.18432597123773162, -0.2010222492124919, -0.6210830762634657, -0.6330881736831108, -0.6197576030826724, -0.04257312554994159, 0.5102980098047175, 0.008144570481118323, 0.6833446226793474, 0.42499897552162513, 0.07866380479872756, -0.08253152590011942], [-0.43428816175407825, -0.3659500196080041, -0.30092490111762327, 0.7601144527279531, 0.0772619198361342, -0.7028094556152209, -0.17297460261448053, 0.5744775018099549, 0.39712421140136234, 0.14341436809829533, 0.5607352035687408, 0.06193026414249834]], "inverted": true, "swapped": false, "error_lsq": 0.04734373134074674, "error_max": 0.3445140048371507, "target": "1059.xyz", "model": "0.xyz", "model_rescale": 3.8414455957264533, "target_rescale": 3.954451876854209},
{"mapping": [1, 7, 0, 13, 11, 4, 2, 9, 6, 10, 12, 14], "R": [[-0.018336326672588582, -0.39430525399684324, 0.9187965747621403], [-0.7117960029390509, 0.6504952140543346, 0.2649574054303748], [-0.7021468716188564, -0.6491373838894894, -0.292592596476676]], "T": [0.0007244734688468604, 0.021321795307952772, 0.05047694073038822], "aligned_model": [[0.6144698689471022, -0.5864762430126953, -0.15365560914500775, -0.09176464094594938, 0.5753989391439407, -0.15084749851919457, -0.45255135620492537, -0.551399696308048, -0.17672659861089102, 0.5114460890533289, 0.600547067220654, 0.08335797744146356], [-0.28968241205052553, -0.19930349050636317, -0.5999714552502923, -0.5650221434191535, -0.5985421274813749, 0.018643548800420864, 0.5152869289765841, -0.020305894506370582, 0.7394735268852901, 0.4369061137902839, -0.1324200896329165, 0.01600575275041963], [-0.4740141113413382, -0.0890752142441463, -0.28963900480888805, 0.5221691601617457, 0.15902820905667503, -0.47186011438966746, -0.25797758844970853, 0.4491443667666001, 0.30106900212473114, 0.23711671681454147, 0.4964206958237361, 0.015728663361250922]], "inverted": true, "swapped": false, "error_lsq": 0.04478506278819478, "error_max": 0.23420088951113247, "target": "1059.xyz", "model": "1.xyz", "model_rescale": 4.316132596720782, "target_rescale": 3.954451876854209},
{"mapping": [7, 4, 5, 0, 9, 3, 6, 2, 8, 10, 1, 11], "R": [[-0.556476793860145, -0.4255880667012926, -0.713588379513421], [-0.48379767861720796, -0.5322600898569546, 0.6947222487513033], [-0.6754801137411337, 0.7318292111052435, 0.09029186958603991]], "T": [0.0694311476759106, -0.0728137697418302, 0.06911714866474158], "aligned_model": [[0.6403054854588832, -0.6785771465165211, 0.05131346520890115, -0.24024756239022296, 0.6839590560501084, -0.06109024241423447, -0.35652989201839413, -0.488345730495244, 0.03073207600181141, 0.42397746914490464, 0.2547538994555041, -0.038452578425718004], [-0.20819343037550958, -0.1614580475702822, -0.6605847365051949, -0.6185167611907668, -0.46830341346565, -0.08850488267168327, 0.543917102251746, 0.07928829828327148, 0.5696955837872979, 0.44146196208442645, -0.0770198356141664, -0.030713580657485626], [-0.606335261004007, -0.09506419913196776, -0.1953765603891461, 0.40111323334331495, 0.1951921135406132, -0.5741051803499391, -0.26896004250925687, 0.6744891969335151, 0.48471338095280814, -0.014866041180979353, 0.5792495335292237, 0.018060607141353727]], "inverted": true, "swapped": false, "error_lsq": 0.05291088860704434, "error_max": 0.35119716021744635, "target": "1059.xyz", "model": "2.xyz", "model_rescale": 3.795458400668931, "target_rescale": 3.954451876854209},
{"mapping": [2, 7, 0, 4, 10, 1, 8, 9, 3, 6, 5, 11], "R": [[-0.8960680588569753, 0.3531951406909171, 0.2689149056646278], [0.10503823811294878, -0.4198813723303276, 0.9014802281271223], [0.4313107956339835, 0.836033986009136, 0.3391432909660105]], "T": [0.0448270660161169, -0.11051269434550406, 0.0030761991017769427], "aligned_model": [[0.7073668907522487, -0.708297484599858, -0.10565018524952026, -0.03742184625953107, 0.5997914444239664, -0.04931196507321879, -0.2884921139680084, -0.4623080289655413, 0.08095874235066518, 0.2716483810282595, 0.24713482298967548, -0.03362035836935966], [-0.0767366155311587, -0.23605038474401097, -0.771173512541107, -0.6403355795282883, -0.528333798708429, -0.006918493439199397, 0.5801691146165703, 0.23530332591936468, 0.5843062070660506, 0.4195041367647776, -0.01791456470200231, -0.2207515768165647], [-0.3811443997129159, -0.015524773046652125, -0.3881933043461606, 0.35446993850198216, 0.2406699676385334, -0.6106622845570179, -0.1466565630276989, 0.6177142376036139, 0.39421712222599425, -0.11911441599153286, 0.669650856138839, -0.017315600551452363]], "inverted": false, "swapped": false, "error_lsq": 0.05586452140429013, "error_max": 0.30957143455599606, "target": "1059.xyz", "model": "3.xyz", "model_rescale": 3.7530521520055578, "target_rescale": 3.954451876854209},
{"mapping": [0, 2, 4, 3, 10, 1, 9, 5, 6, 7, 11], "R": [[-0.029434560665992815, 0.24995335104944377, -0.9678103786060336], [0.9885377558521393, 0.15071368989778555, 0.008859397959829374], [0.1480767094894281, -0.9564563272709048, -0.25152451596263115]], "T": [-0.11045558910350722, -0.03934180491083342, 0.12722849054067195], "aligned_model": [[-0.5142803159917357, -0.16782932982622178, 0.19000025030501566, 0.5617353660727449, 0.42326934017224066, -0.16513215361751815, -0.1426168808773408, -0.6517930304880821, -0.44960635413179667, 0.36285387626355936, -0.10840116543566039], [-0.6794117184724431, 0.1546198403889292, -0.3369211817573815, 0.16934116519355022, -0.45528999758230215, 0.6753622771118608, -0.6150342183855321, 0.017922887812061798, 0.2878608095689913, 0.3573765145502791, -0.10862302011366719], [-0.20371843965485584, -0.5828522851443787, -0.5364951653234244, -0.34381629194910934, 0.20547474073811203, -0.13121151106793474, 0.5167850439430367, 0.06563965579429841, 0.6270045257205439, 0.4282579339425977, 0.04776257024643077]], "inverted": true, "swapped": true, "error_lsq": 0.04711795981763707, "error_max": 0.2594051310570354, "target": "1059.xyz", "model": "4.xyz", "model_rescale": 3.7855080009869324, "target_rescale": 3.954451876854209},
{"mapping": [2, 8, 10, 7, 5, 14, 13, 6, 11, 1, 4, 16], "R": [[-0.30723016902252936, -0.6729406688853403, -0.6728747873137608], [-0.1297705112068115, -0.670840909525997, 0.7301589474405256], [-0.9427455848019184, 0.31164616196334605, 0.11877471140779505]], "T": [0.038463683482723776, -0.06943915296910053, -0.0685195036210268], "aligned_model": [[0.6161236175961993, -0.6371396231537056, -0.17681552829014296, -0.11974614034207876, 0.4528671375740624, 0.04534677101209281, -0.5306291531535766, -0.26706693239558554, -0.1069841689566014, 0.5825947806722946, 0.31490296055513567, 0.0483445779416844], [0.019107128243939175, -0.26525820935663136, -0.7565669342992947, -0.5312499904267511, -0.6986709297806784, 0.17847491658125603, 0.37656249502394995, 0.10104463498164692, 0.6397507615247338, 0.38922845824763247, -0.0692841022132635, -0.06206997017053677], [-0.5204644606479285, -0.04560786507115699, -0.1802090160068488, 0.49987285551823624, 0.2271837139925392, -0.6979546756267809, -0.11416500889953729, 0.4825371076939524, 0.2606169661014217, 0.18964577383002687, 0.6174703548435816, -0.12081496485197293]], "inverted": false, "swapped": false, "error_lsq": 0.04394352671524015, "error_max": 0.22150390006652862, "target": "1059.xyz", "model": "5.xyz", "model_rescale": 4.2253639853439635, "target_rescale": 3.954451876854209},
{"mapping": [0, 11, 7, 6, 3, 9, 8, 5, 10, 1, 4, 13], "R": [[-0.208804050334163, 0.5490844582296783, 0.8092633232110976], [0.6138387004432977, -0.5706062569579706, 0.545536936749931], [0.7613165691104667, 0.610667468636602, -0.21790439267447742]], "T": [-0.01003104337511795, -0.043785007591098074, 0.04156550901939476], "aligned_model": [[0.5785004813748466, -0.7380024554469572, 0.15031540454753695, -0.2366541424464566, 0.35282724147515937, 0.014635622798745727, -0.41053930011089146, -0.48185673723308503, -0.07528396983243024, 0.4498420664272376, 0.5982100697927527, 0.01980401771331963], [-0.2552849232221652, -0.2942956366286801, -0.786763299994143, -0.586638375234188, -0.5868256416089905, 0.17696242071251422, 0.5435402144530955, 0.07214728229799655, 0.5605097917188623, 0.5196323173413884, 0.04653918418321415, -0.08845507566290162], [-0.4603917395487806, -0.07181807338350896, -0.18573053072471216, 0.30170039773862756, 0.3180618157204109, -0.5269928045796519, -0.1596982369357615, 0.44737517527588483, 0.5305259629467349, -0.05734567743036125, 0.39198754148760706, 0.07043695030904303]], "inverted": true, "swapped": false, "error_lsq": 0.05157570119626325, "error_max": 0.26573371536016865, "target": "1059.xyz", "model": "6.xyz", "model_rescale": 3.89814844738969, "target_rescale": 3.954451876854209},
{"mapping": [7, 10, 11, 9, 8, 4, 2, 5, 1, 0, 6, 12], "R": [[0.24381150954805092, 0.9696203844928066, 0.019805498931414645], [-0.36775268246707804, 0.07353641910727587, 0.9270115207499567], [0.8973928417087853, -0.23329960360210797, 0.37450952272129234]], "T": [0.14291723764323658, -0.05056196976166322, -0.026374304718994095], "aligned_model": [[0.6302003490181168, -0.5802360133410845, 0.03242941050154596, -0.2947602063929683, 0.4550429568731129, -0.0867840518914057, -0.37375485164441513, -0.2831713414008187, -0.06501071978096731, 0.42033405600154405, 0.38281081035969416, -0.015302099242576306], [-0.07915725368676563, -0.1727934395337601, -0.7835044974848902, -0.5838385891398097, -0.611877258030568, 0.028852144239509797, 0.4043849954973939, 0.08916296233866516, 0.6467660003405704, 0.4699095717942688, -0.03740379794820786, -0.049432580030404294], [-0.46570579534084183, -0.05819421107156623, -0.3518402174213913, 0.541076469569987, 0.18620381001900638, -0.6233889648972889, -0.1925701394251423, 0.6072676053395218, 0.404086237803009, 0.029836644309236417, 0.605807462901395, -0.08446812091039281]], "inverted": true, "swapped": false, "error_lsq": 0.03794803562423878, "error_max": 0.2019097991173285, "target": "1059.xyz", "model": "7.xyz", "model_rescale": 3.7474275329858107, "target_rescale": 3.954451876854209},
{"mapping": [6, 12, 11, 9, 7, 0, 1, 4, 2, 3, 8, 14], "R": [[-0.6255203392948152, -0.7783447675375532, 0.05388625033727584], [0.2866949904886157, -0.2935392708492884, -0.9119433528997296], [0.7256240676529631, -0.5549901974955778, 0.40676233002404216]], "T": [-0.06369030740325882, -0.1140617484498739, 0.004657219857701796], "aligned_model": [[0.6304785326697131, -0.6007649411269533, -0.21438906109531775, 0.1912770914064812, 0.35443408972374335, 0.14030457825256196, -0.3655214532636544, -0.35392200128823353, -0.15519820293689165, 0.5082533412112138, 0.19111405745300353, -0.10426773194588834], [-0.14402848037480165, -0.3054150508989042, -0.7165136172768849, -0.6646968905136271, -0.640555684575535, 0.20749413044830742, 0.5061011616456755, 0.13159440750902807, 0.6530782700266241, 0.3183053829950555, 0.05491395232177307, -0.07920932295070818], [-0.4244927712261017, -0.231091311954831, 0.033320558329851764, 0.4652362097791091, -0.10421773444358101, -0.5331170273866677, -0.29383523294516656, 0.688502569881872, 0.3388906606692551, 0.013239960693824056, 0.6143557224435718, 0.031319177034396545]], "inverted": false, "swapped": false, "error_lsq": 0.05871392851605992, "error_max": 0.31515559146045846, "target": "1059.xyz", "model": "8.xyz", "model_rescale": 4.019505241142653, "target_rescale": 3.954451876854209},
{"mapping": [0, 5, 4, 8, 7, 2, 6, 11, 10, 1, 9, 12], "R": [[0.9120958503005794, 0.4096916274284039, -0.015294779486122866], [0.39897063063612614, -0.8784051862246968, 0.26310979590917527], [0.09435886685561182, -0.24608352083921003, -0.9646446521995046]], "T": [-0.010209034478659378, -0.0031025116946045567, -0.0044507084934497995], "aligned_model": [[0.43725502511239656, -0.6061862212248632, 0.017865730450734613, 0.0012539749187320919, 0.570927534519546, -0.031120553097732113, -0.5160957919300031, -0.4217177709420181, 0.056123729742029185, 0.5458281512038122, 0.2125553891610126, -0.04489089885386889], [-0.30847871802996857, -0.25883048580680534, -0.7850585715743268, -0.48878689239479284, -0.6832940754431116, 0.19762267929410393, 0.5148728197758369, -0.07283045094469043, 0.8465426848985615, 0.3798965638288099, 0.0005875089457738208, -0.021174804193387846], [-0.36384932569947503, -0.17747994092689628, -0.2789524375128868, 0.46471473476247865, 0.13412676028863896, -0.5605480635566157, -0.06643443692558854, 0.4571206275915109, 0.3300380992636878, 0.01651732567962242, 0.641848337412237, 0.0010091004988187057]], "inverted": true, "swapped": false, "error_lsq": 0.0544154762702912, "error_max": 0.31762233137115387, "target": "1059.xyz", "model": "9.xyz", "model_rescale": 3.877068213659057, "target_rescale": 3.954451876854209},
{"mapping": [13, 5, 3, 12, 6, 4, 7, 0, 8, 9, 10, 15], "R": [[0.04883804219968563, -0.4700414686107514, -0.8812921555422755], [0.9307499762443678, -0.2987089868140603, 0.2108967114907827], [-0.3623800868635177, -0.8305624353308823, 0.4229027236398741]], "T": [0.09607234480823638, -0.026311644148148322, 0.028404590311939006], "aligned_model": [[0.660900426269491, -0.5959565244549838, -0.07955799012851207, -0.14731490507492145, 0.38399892010837783, -0.1709629773481246, -0.3106774167719366, -0.49024927291172155, -0.12818011838105753, 0.4684595348397341, 0.5998839797473279, 0.03145464316610491], [-0.22071085406308158, -0.3877865840208774, -0.5372939376235281, -0.552351024923944, -0.5648404942539645, 0.012952356526875666, 0.5674699166635654, -0.01739088377371545, 0.6517352989376891, 0.4885522242251926, -0.08967912095760616, -0.029588638380603008], [-0.46232617247038277, -0.009375751041809686, -0.3044804107512984, 0.49982842528516225, 0.11436702376101743, -0.5922733895752255, -0.356646911322954, 0.5668406740418315, 0.32044245007259287, 0.20697749319403194, 0.5237521237091294, 0.0910052259734366]], "inverted": true, "swapped": false, "error_lsq": 0.04120366322492545, "error_max": 0.20767639385397849, "target": "1059.xyz", "model": "10.xyz", "model_rescale": 4.260839863003843, "target_rescale": 3.954451876854209},
{"mapping": [6, 8, 7, 1, 0, 10, 9, 2, 4, 5, 3, 11], "R": [[0.0852966138801742, -0.5236092360340326, 0.8476779197315648], [0.8334556879053071, -0.4286962814791294, -0.34867049566067143], [0.5459634639413774, 0.7362423963517885, 0.3998387548191251]], "T": [-0.023538180994025815, -0.05155763154141763, 0.04247066029537255], "aligned_model": [[0.6837753171535135, -0.7101138740202388, -0.000990147569363619, -0.15178566804570806, 0.5967391779990613, -0.045038852206764, -0.5923161779919032, -0.36108155569034667, -0.05395614428106309, 0.5355387098309734, 0.34011995187866934, -0.019092437997052143], [-0.16347380280864277, -0.2231841506380551, -0.6037898974561501, -0.5831551928183156, -0.6721708667177654, 0.15993780836913174, 0.46611855811866404, 0.09595480218154709, 0.6747013731032091, 0.32674170945583386, -0.043622534426539496, -0.11298954800691494], [-0.393921045172781, -0.07906765772445981, -0.3098597811280246, 0.5159865080245429, 0.05384957498598103, -0.5475642472115017, -0.16785340857767117, 0.6209701661181488, 0.13036528062725403, 0.07302456339129218, 0.6519974177409251, 0.05018340980182648]], "inverted": true, "swapped": false, "error_lsq": 0.044221880543121865, "error_max": 0.2629051255853689, "target": "1059.xyz", "model": "11.xyz", "model_rescale": 3.890672605050136, "target_rescale": 3.954451876854209},
{"mapping": [10, 5, 9, 6, 11, 12, 7, 8, 3, 4, 0, 13], "R": [[0.4934473532254362, 0.8112211732293027, -0.31373542627393136], [0.8586861602105496, -0.39694368560308213, 0.3241817217591144], [0.13844778025549576, -0.42936688107528187, -0.8924552053621575]], "T": [0.10249653828652869, -0.18407992162435516, 0.1738682229841292], "aligned_model": [[0.6034908540854212, -0.5688322428588987, -0.2063852660511998, -0.040615697091978264, 0.4781826785675757, -0.01934685080725758, -0.3684258318375031, -0.45759742779994994, -0.03991075830055041, 0.5209809035190268, 0.23635133970535502, 0.08390659792973722], [-0.15578250207874533, -0.20831607523248172, -0.7719616087110986, -0.604793700010639, -0.5575584611941837, 0.014831241629227165, 0.41721920810315594, 0.0430529074240589, 0.6824443641862863, 0.36232002953699816, 0.14799551387526966, -0.04838265917184523], [-0.5662293760032079, -0.2181808278999887, -0.23209676190805903, 0.54071580537014, 0.02508694601431158, -0.5337479755389966, -0.2051247165043306, 0.5661646325523474, 0.4600831421989606, 0.04205406118060692, 0.6434460514876444, 0.07593979992610371]], "inverted": false, "swapped": false, "error_lsq": 0.03926260581292374, "error_max": 0.2518795471370345, "target": "1059.xyz", "model": "12.xyz", "model_rescale": 4.124412569039231, "target_rescale": 3.954451876854209},
{"mapping": [5, 6, 3, 9, 7, 0, 1, 8, 2, 4, 10, 12], "R": [[-0.6491956909925016, 0.7563900919487329, 0.08011855963855032], [-0.5660481532268214, -0.4100795232015759, -0.7151393380868325], [-0.5080693289554814, -0.5096163394677959, 0.6943750740933686]], "T": [0.02730328288576749, -0.14228333647081035, 0.01189027462476281], "aligned_model": [[0.7243930279435808, -0.6338592463845953, -0.2692248820462905, -0.18217935915772704, 0.4674218478395159, 0.10073624358614096, -0.5196304316817765, -0.4383598071015041, -0.014430490975722878, 0.4074917673425613, 0.4945307956060116, 0.08490883408958375], [-0.1739897558142875, -0.24460903241605178, -0.6237735725646102, -0.6277525180194297, -0.5500957330657201, -0.04554092895784845, 0.4337127871534049, 0.045264028231078945, 0.602870273942314, 0.525026020985394, 0.05122887495010314, -0.07127218606834448], [-0.28273910167682176, 0.00936507716352741, -0.4228413388039018, 0.3711644992072996, 0.1937208894359471, -0.555574173834697, -0.16687291047764832, 0.5246085145142027, 0.44247116441956597, -0.1567252450860893, 0.5493483173460089, 0.09218508866813885]], "inverted": true, "swapped": false, "error_lsq": 0.05012533794858324, "error_max": 0.26953015390611745, "target": "1059.xyz", "model": "13.xyz", "model_rescale": 3.9028299243045295, "target_rescale": 3.954451876854209},
{"mapping": [7, 1, 6, 2, 3, 9, 14, 12, 13, 10, 5, 15], "R": [[0.1773870249103978, 0.8870375221434603, -0.42626080948525946], [-0.5581029189716356, -0.26607798611692496, -0.7859539662978372], [-0.8105892765320659, 0.37731543781503585, 0.44785944799420047]], "T": [0.049374861599670736, -0.1507746983483336, 0.2014635690013162], "aligned_model": [[0.5770791895180807, -0.5072255360482273, -0.06518717719352128, -0.20501490948297474, 0.4258811323862413, -0.04676284472062307, -0.19819574050152694, -0.47011240547695254, -0.039286377197738795, 0.47198541407277367, 0.21384449862056476, 0.06479305508368222], [-0.055083219633767194, -0.4262034002059637, -0.5765257400757585, -0.7527553520034574, -0.6258214672405665, -0.022154923456339987, 0.5880999590202549, 0.169332803477759, 0.6016361654054493, 0.4058690341157871, 0.1505539212148839, -0.1358795222622781], [-0.5286043997760912, 0.010325442835894483, -0.2985562825893947, 0.5406610137871718, 0.05564504939015627, -0.5568635051519597, -0.21784978692316945, 0.5359848023794164, 0.44367923454636143, -0.05718808495775976, 0.5812696184337782, 0.0896076789011281]], "inverted": true, "swapped": false, "error_lsq": 0.04501993504583452, "error_max": 0.25246556176144413, "target": "1059.xyz", "model": "14.xyz", "model_rescale": 3.942246331269136, "target_rescale": 3.954451876854209},
{"mapping": [10, 13, 11, 8, 6, 4, 3, 12, 1, 5, 0, 14], "R": [[0.252824364852528, 0.761106099968938, -0.5973251586255083], [0.21268786113226174, -0.6460017109571424, -0.7331068565819231], [-0.9438451749433799, 0.05830346499580963, -0.3252030007634968]], "T": [0.1620832101957641, -0.0743993347909507, 0.02272091059335499], "aligned_model": [[0.41857998628395404, -0.6133103955427228, -0.05539155107934757, 0.06755802892472698, 0.44600967301108685, -0.11678734624110476, -0.14010730490051326, -0.5501676508989913, -0.08485786880801693, 0.44019377743245686, 0.2539282496379806, 0.15615070124026914], [-0.1996583606009319, -0.29002316261351435, -0.7083187151463571, -0.6611795261063501, -0.5561855232187811, -0.028514483897034537, 0.5452534138846321, 0.1990209453046092, 0.599845278345504, 0.4911130199785909, -0.03250843605817036, -0.03777619151619484], [-0.6311292988221207, -0.09217455302609946, -0.23215547527771943, 0.5182962565028665, 0.030285412677636698, -0.49088377214779644, -0.1804029288378849, 0.31600629970265476, 0.39829479272247664, 0.09775321819086442, 0.7510938399375715, 0.11312698925308223]], "inverted": false, "swapped": false, "error_lsq": 0.05464432755846672, "error_max": 0.31000706260165306, "target": "1059.xyz", "model": "15.xyz", "model_rescale": 4.355366556412066, "target_rescale": 3.954451876854209},
{"mapping": [7, 4, 5, 0, 9, 3, 6, 2, 8, 10, 1, 11], "R": [[-0.556476793860145, -0.4255880667012926, -0.713588379513421], [-0.48379767861720796, -0.5322600898569546, 0.6947222487513033], [-0.6754801137411337, 0.7318292111052435, 0.09029186958603991]], "T": [0.0694311476759106, -0.0728137697418302, 0.06911714866474158], "aligned_model": [[0.6403054854588832, -0.6785771465165211, 0.05131346520890115, -0.24024756239022296, 0.6839590560501084, -0.06109024241423447, -0.35652989201839413, -0.488345730495244, 0.03073207600181141, 0.42397746914490464, 0.2547538994555041, -0.038452578425718004], [-0.20819343037550958, -0.1614580475702822, -0.6605847365051949, -0.6185167611907668, -0.46830341346565, -0.08850488267168327, 0.543917102251746, 0.07928829828327148, 0.5696955837872979, 0.44146196208442645, -0.0770198356141664, -0.030713580657485626], [-0.606335261004007, -0.09506419913196776, -0.1953765603891461, 0.40111323334331495, 0.1951921135406132, -0.5741051803499391, -0.26896004250925687, 0.6744891969335151, 0.48471338095280814, -0.014866041180979353, 0.5792495335292237, 0.018060607141353727]], "inverted": true, "swapped": false, "error_lsq": 0.05291088860704434, "error_max": 0.35119716021744635, "target": "1059.xyz", "model": "16.xyz", "model_rescale": 3.795458400668931, "target_rescale": 3.954451876854209},
{"mapping": [7, 10, 11, 9, 8, 4, 2, 5, 1, 0, 6, 12], "R": [[0.24381150954805092, 0.9696203844928066, 0.019805498931414645], [-0.36775268246707804, 0.07353641910727587, 0.9270115207499567], [0.8973928417087853, -0.23329960360210797, 0.37450952272129234]], "T": [0.14291723764323658, -0.05056196976166322, -0.026374304718994095], "aligned_model": [[0.6302003490181168, -0.5802360133410845, 0.03242941050154596, -0.2947602063929683, 0.4550429568731129, -0.0867840518914057, -0.37375485164441513, -0.2831713414008187, -0.06501071978096731, 0.42033405600154405, 0.38281081035969416, -0.015302099242576306], [-0.07915725368676563, -0.1727934395337601, -0.7835044974848902, -0.5838385891398097, -0.611877258030568, 0.028852144239509797, 0.4043849954973939, 0.08916296233866516, 0.6467660003405704, 0.4699095717942688, -0.03740379794820786, -0.049432580030404294], [-0.46570579534084183, -0.05819421107156623, -0.3518402174213913, 0.541076469569987, 0.18620381001900638, -0.6233889648972889, -0.1925701394251423, 0.6072676053395218, 0.404086237803009, 0.029836644309236417, 0.605807462901395, -0.08446812091039281]], "inverted": true, "swapped": false, "error_lsq": 0.03794803562423878, "error_max": 0.2019097991173285, "target": "1059.xyz", "model": "17.xyz", "model_rescale": 3.7474275329858107, "target_rescale": 3.954451876854209},
{"mapping": [0, 10, 8, 5, 4, 3, 11, 12, 7, 2, 9, 13], "R": [[0.9474782315004304, -0.30178598375570664, -0.10587833036753783], [0.2643608536630335, 0.9253341449149495, -0.2717904694890381], [0.17999538850584287, 0.2295254675697665, 0.956514359460176]], "T": [0.03873136372295755, 0.018658230546169906, 0.017028482352884525], "aligned_model": [[0.7091812557055037, -0.5731319845781562, 0.016246023152927013, -0.22863784844301255, 0.46433701209081363, -0.24888646222994004, -0.5269367834058325, -0.37796477373674825, -0.07971711109192287, 0.6464606057874529, 0.27843357770702293, 0.14241478810167046], [-0.1609908378071052, -0.2939408686664828, -0.5886143398748874, -0.531891637997312, -0.6738858799432862, -0.021509689875299644, 0.429128867821311, 0.08629452069362667, 0.690081653794091, 0.38530395303070925, -0.03083160629254581, 0.031924123473183824], [-0.4491962975132887, -0.048883706509607244, -0.3671184763651972, 0.40255213052870914, 0.18575402613434838, -0.5963651153251296, -0.16537235389759808, 0.6343019910949582, 0.3373093396709089, 0.025323440652175136, 0.6397786493676272, 2.7153037626233972e-05]], "inverted": false, "swapped": false, "error_lsq": 0.04301848225962961, "error_max": 0.21343653935461854, "target": "1059.xyz", "model": "18.xyz", "model_rescale": 3.922800546911778, "target_rescale": 3.954451876854209},
{"mapping": [6, 12, 13, 7, 11, 8, 5, 3, 0, 1, 2, 14], "R": [[0.5385967600579197, -0.664379808444405, -0.5181824004985965], [-0.5813641100242652, 0.1521137358279038, -0.7992979312798033], [0.6098600672537974, 0.7317519262044035, -0.30431861077715805]], "T": [0.12283662127799898, -0.09422990501201642, 0.0011973275730785618], "aligned_model": [[0.6759096055429922, -0.65594777183195, -0.10063027221051259, -0.2735164364888091, 0.30056061382816235, 0.0318453616895302, -0.3877571209141438, -0.2726999398604468, -0.1495957562133705, 0.458652439325983, 0.5123770785744773, 0.08260049761786571], [0.023866007487239146, -0.20230082230768812, -0.6745831453980567, -0.6126027742903254, -0.7635510715765638, -0.016609785153193835, 0.43959098532037355, 0.016475776858050684, 0.5664701251134284, 0.5591179605572898, 0.13489968070929406, -0.14970467896384546], [-0.3936841754633318, -0.01952923629443342, -0.2904641383565203, 0.46207132451121136, 0.16753124242362177, -0.5988746361889562, -0.19080008820295058, 0.49154855311407936, 0.4344394141292147, -0.09016637879132453, 0.5569732067404076, 0.06906569325451414]], "inverted": false, "swapped": false, "error_lsq": 0.04342055101803321, "error_max": 0.19334181348797405, "target": "1059.xyz", "model": "19.xyz", "model_rescale": 3.9282355846067225, "target_rescale": 3.954451876854209},
{"mapping": [10, 3, 1, 5, 2, 0, 4, 6, 8, 9, 7, 13], "R": [[-0.6724662382098501, 0.19211433831315852, -0.7147595676046532], [0.36397154076935356, -0.7550425146756368, -0.5453764924731114], [-0.6444485052957112, -0.6268994194021783, 0.43781644781270573]], "T": [0.07202521796246884, 0.05068975942572342, 0.12702060902657294], "aligned_model": [[0.7142614618054363, -0.5912093943277986, -0.07836679740112419, -0.21423890936056722, 0.4300034033952777, -0.18000690361855076, -0.3818486283292406, -0.33768205500219234, -0.12858258047891535, 0.47529875227378715, 0.43178770537158945, 0.08238224473207699], [-0.18494350543322727, -0.2394590513899378, -0.5675495576685967, -0.5259587668738326, -0.6909487927802518, -0.06472516055409572, 0.38140075211153945, 0.00918923730535278, 0.7633856249422998, 0.61060008749518, -0.11672507419064432, -0.053197534607783654], [-0.3966624254301997, -0.07862127820458714, -0.2687863954847648, 0.39761158961004106, 0.10378083717019998, -0.6235499700226332, -0.1628010877266964, 0.6342303400064325, 0.30149895613091937, 0.07910707979947312, 0.6072715877012956, 0.005031547326051489]], "inverted": true, "swapped": false, "error_lsq": 0.04033984188045992, "error_max": 0.2060975157218293, "target": "1059.xyz", "model": "20.xyz", "model_rescale": 4.067790424073018, "target_rescale": 3.954451876854209},
{"mapping": [7, 6, 2, 3, 0, 5, 13, 11, 10, 9, 12, 14], "R": [[0.6544823114831211, 0.46735978527177685, -0.5943296518485591], [0.20020461861801522, 0.6508861893537679, 0.7323013581801867], [0.7290891678249828, -0.5982658268857162, 0.3324259101529608]], "T": [-0.004268245361669188, -0.08872082005027004, -0.10109032414980582], "aligned_model": [[0.7071894362350641, -0.6819282362315966, -0.10723398241048408, -0.1565770323714395, 0.48947546768411, -0.21335130159211146, -0.3702949273353941, -0.3332639704464325, 0.0455146191684221, 0.547110080769344, 0.28582167536908254, 0.00933647022121355], [-0.0101887664544702, -0.3854015967247525, -0.8250096159898526, -0.6070171908795478, -0.5972112866688878, 0.12110736727630578, 0.5079426638882948, 0.08476841615119252, 0.6640246784808645, 0.39324958485511047, -0.00046193998684225523, -0.024734055591412674], [-0.31162450442420636, -0.08336023048487638, -0.1326940819448232, 0.5561127814694784, -0.05512707027558075, -0.6117002812192571, -0.11295034500971243, 0.4277721832917143, 0.21856996802606135, 0.15917179321881134, 0.6025232593447589, -0.05858269111683606]], "inverted": false, "swapped": false, "error_lsq": 0.04333300590283038, "error_max": 0.21904415490472423, "target": "1059.xyz", "model": "21.xyz", "model_rescale": 4.186013935880536, "target_rescale": 3.954451876854209},
{"mapping": [7, 11, 4, 3, 6, 9, 8, 5, 2, 1, 0, 12], "R": [[-0.7607137612036577, -0.42666384134287383, -0.4891549243398529], [0.07065776195272216, 0.6946928527383782, -0.7158277174223183], [0.6452302334757857, -0.579102587496168, -0.4983153007524716]], "T": [0.020847207153854744, -0.04574335550539237, -0.03691483597493101], "aligned_model": [[0.6461911190194636, -0.5594928606998729, 0.027595114289682147, -0.2681289310761524, 0.29416656802616603, -0.04313114784052294, -0.5443221789221612, -0.28265745885291366, -0.14948898133137128, 0.6060093627269613, 0.49149547666639665, 0.003562217054102871], [-0.2694163613928131, -0.25377578907589987, -0.7255741844108642, -0.7216804739128996, -0.45194542493358925, 0.2842012095455348, 0.4520956052659696, 0.018715558703506004, 0.5612530507106526, 0.3909670002385455, 0.1229474296359358, -0.0867193620180755], [-0.3487467108863275, -0.17436988658465669, -0.29265036066293937, 0.5216014647981219, 0.22794220996078907, -0.5589245239347427, -0.17977163449766725, 0.6717943725203346, 0.3532648003441922, -0.08155285568217735, 0.4844507425010777, -0.02492683700047244]], "inverted": false, "swapped": false, "error_lsq": 0.051530283958911356, "error_max": 0.25921971694127766, "target": "1059.xyz", "model": "22.xyz", "model_rescale": 4.166573947596378, "target_rescale": 3.954451876854209},
{"mapping": [8, 14, 10, 5, 7, 9, 11, 6, 2, 4, 1, 15], "R": [[0.7775392392593304, 0.5646529752569232, 0.27676659651324714], [-0.5829550262407623, 0.48221130070452, 0.6539386048043713], [0.2357883983419335, -0.669805403834845, 0.7041054979198688]], "T": [-0.030844640076303897, -0.0048937406696835176, -0.006259833792156409], "aligned_model": [[0.6279868999524364, -0.6368695283414872, -0.07050129607924187, 0.02978266518931837, 0.3293628570737794, -0.1168486545063333, -0.46859934611523235, -0.3538068415026654, 0.03408729238360107, 0.6164815008660679, 0.24216670841786475, -0.011443958278329853], [-0.05522849364337195, -0.4269155830817959, -0.7096916788671296, -0.570942466632328, -0.6157042362027945, 0.05213078350044414, 0.582927805153203, 0.14146359958825544, 0.5413321684288083, 0.33400894476447984, 0.06361263148375057, -0.015925216135519053], [-0.4726143713787677, -0.290177361518967, -0.25651660003709215, 0.599524905941061, 0.0862104057105304, -0.5976993314816361, -0.29768731196394366, 0.667077063584873, 0.38133575385770374, 0.07098879352744639, 0.6486224009912529, 0.059046433643071515]], "inverted": true, "swapped": false, "error_lsq": 0.042633340269545905, "error_max": 0.2129177469164226, "target": "1059.xyz", "model": "23.xyz", "model_rescale": 4.274766983524099, "target_rescale": 3.954451876854209},
{"mapping": [2, 5, 0, 4, 9, 10, 3, 7, 1, 6, 11], "R": [[0.9058063587879437, 0.18725792215144438, 0.38006487731813765], [-0.10760882179057035, -0.7659402583015432, 0.6338421429550191], [0.4097989529661743, -0.6150365772086156, -0.6736429520475505]], "T": [-0.047155184596421255, 0.18778171115455575, 0.11005687878184475], "aligned_model": [[0.2524145836570106, 0.2028035298576008, -0.4535823904075534, -0.33417961562371257, -0.6244079140674139, -0.6293130362045639, -0.021200202182041376, 0.11372845157731842, 0.6707244361354333, 0.30383035695367955, -0.1009234957376826], [-0.2038309320342895, 0.5750837989136489, 0.46550539189697804, -0.3586089516238752, 0.5551009237461495, -0.10658878729350138, -0.6587235674920429, -0.10970814363943562, -0.06691005525992413, 0.6674343573323608, 0.1568324966974152], [-0.43951119308243547, -0.18597755997284124, -0.5532501831663899, -0.37823658619046907, 0.23680976553001723, 0.3061076891383894, 0.11531058742510095, 0.7080888534313167, 0.09098752491302407, 0.454445273358711, 0.024792262637153756]], "inverted": true, "swapped": true, "error_lsq": 0.04873077636944163, "error_max": 0.2372953624499326, "target": "1059.xyz", "model": "24.xyz", "model_rescale": 3.7841303162186577, "target_rescale": 3.954451876854209},
{"mapping": [0, 5, 4, 3, 6, 8, 9, 12, 14, 10, 11, 15], "R": [[0.7452423466419271, 0.36190577989629125, -0.5600339732992017], [-0.5209771030744322, 0.8402353328734895, -0.15029119556097986], [0.41616907963447514, 0.40376824029216746, 0.8147235759983629]], "T": [0.10457453250172714, -0.017782210154963014, -0.03276896742253362], "aligned_model": [[0.6386755586112107, -0.6736979605840623, -0.18374252995388923, -0.1511056824507544, 0.3666179730196628, 0.006163289939482244, -0.24013380427863895, -0.5538144664014182, -0.15089080849651865, 0.5264361659732696, 0.5171086667624196, 0.12018189691901461], [-0.013156976217602083, -0.39733463502725785, -0.6779654399945635, -0.5911017010995622, -0.6650089038852848, 0.03126200876432859, 0.44880463554435074, 0.1376669756237296, 0.6177148573959971, 0.6272109091841485, -0.11775041770888475, -0.07927305422339709], [-0.5387775152469895, 0.10712609583301538, -0.22702580100599504, 0.4721411994567139, 0.15285779370707403, -0.6136025714493792, -0.10769283878942248, 0.31005953663188596, 0.3674558431444049, 0.07339950005780285, 0.6069571573456539, -0.004787618809232445]], "inverted": false, "swapped": false, "error_lsq": 0.04416478583276081, "error_max": 0.25774229929868386, "target": "1059.xyz", "model": "25.xyz", "model_rescale": 4.19342608120988, "target_rescale": 3.954451876854209},
{"mapping": [7, 4, 5, 0, 9, 3, 6, 2, 8, 10, 1, 11], "R": [[-0.556476793860145, -0.4255880667012926, -0.713588379513421], [-0.48379767861720796, -0.5322600898569546, 0.6947222487513033], [-0.6754801137411337, 0.7318292111052435, 0.09029186958603991]], "T": [0.0694311476759106, -0.0728137697418302, 0.06911714866474158], "aligned_model": [[0.6403054854588832, -0.6785771465165211, 0.05131346520890115, -0.24024756239022296, 0.6839590560501084, -0.06109024241423447, -0.35652989201839413, -0.488345730495244, 0.03073207600181141, 0.42397746914490464, 0.2547538994555041, -0.038452578425718004], [-0.20819343037550958, -0.1614580475702822, -0.6605847365051949, -0.6185167611907668, -0.46830341346565, -0.08850488267168327, 0.543917102251746, 0.07928829828327148, 0.5696955837872979, 0.44146196208442645, -0.0770198356141664, -0.030713580657485626], [-0.606335261004007, -0.09506419913196776, -0.1953765603891461, 0.40111323334331495, 0.1951921135406132, -0.5741051803499391, -0.26896004250925687, 0.6744891969335151, 0.48471338095280814, -0.014866041180979353, 0.5792495335292237, 0.018060607141353727]], "inverted": true, "swapped": false, "error_lsq": 0.05291088860704434, "error_max": 0.35119716021744635, "target": "1059.xyz", "model": "26.xyz", "model_rescale": 3.795458400668931, "target_rescale": 3.954451876854209},
{"mapping": [11, 7, 5, 6, 8, 10, 3, 0, 2, 9, 1, 12], "R": [[-0.5551411588068209, -0.5801585866665158, -0.5960153589595916], [-0.5981117234289461, -0.21951048106524862, 0.7707642408670494], [-0.5779971108020141, 0.7843667273792367, -0.22514034930440646]], "T": [0.159476248741939, 0.0094215277658364, 0.005851912068118921], "aligned_model": [[0.6627278191461891, -0.593479943073117, -0.11668271932090396, -0.03587011949835933, 0.5500005050749348, -0.08911334933534137, -0.3864510704183943, -0.48703831749384174, 0.06181319792841927, 0.3217310707447432, 0.3250795347118701, 0.009081690593579855], [-0.07721265011423831, -0.1924225250688615, -0.6761711028829578, -0.6399392739003235, -0.594798535488224, -0.18086342346403791, 0.4820403154633227, 0.24181746664803516, 0.6840807594891121, 0.40478870196880246, -0.07263602124748789, -0.05761545304713942], [-0.49495440562569165, -0.22332934844863422, -0.13753371147471094, 0.4763381555978038, 0.12057170322462371, -0.6342115828856648, -0.14800322290509788, 0.4741298587290047, 0.5627466628564142, 0.047474747327241336, 0.5681643526890927, -0.013282428208848979]], "inverted": true, "swapped": false, "error_lsq": 0.04568476141465172, "error_max": 0.2671554911012992, "target": "1059.xyz", "model": "27.xyz", "model_rescale": 3.6321398670334006, "target_rescale": 3.954451876854209},
{"mapping": [10, 4, 6, 13, 9, 8, 3, 1, 5, 0, 11, 14], "R": [[0.41266560433180616, -0.6930521004042223, 0.591088728641277], [0.8029778847136326, -0.029577394643167717, -0.5952744697926684], [0.4300390862029699, 0.7202804758227299, 0.5442999361439393]], "T": [0.017102409593281884, -0.06712962106665595, -0.07605886612922264], "aligned_model": [[0.7721648687174829, -0.7835296912561533, -0.2951607818442586, 0.041529728358945, 0.4195525660458367, 0.13793258458339347, -0.29417976906242865, -0.4547382146859908, -0.1255116406733026, 0.34049520335973005, 0.4684531630230865, -0.0052097175065621455], [0.023244980564279885, -0.2650488457089963, -0.7771600226593077, -0.607901612783739, -0.600583762715297, 0.0362710874486737, 0.5267365726428657, 0.09510954961909084, 0.6353819534692693, 0.45625811366659014, -0.11712527386881884, -0.08411448131860821], [-0.23849269018680685, 0.0032094879941317878, -0.028561863821856548, 0.5350436547183923, -0.07033946498444266, -0.5677274314096867, -0.22433708159788854, 0.3692635708995577, 0.43198448032698034, 0.028315816100612984, 0.3781533843638111, -0.018401081527273037]], "inverted": true, "swapped": false, "error_lsq": 0.05609145466129046, "error_max": 0.30442345577290464, "target": "1059.xyz", "model": "28.xyz", "model_rescale": 4.156811204709835, "target_rescale": 3.954451876854209},
{"mapping": [8, 6, 9, 0, 1, 7, 10, 3, 4, 11], "R": [[0.4177331187324889, -0.20679650398405727, -0.8847226952294149], [0.7807280531251956, -0.41635749937729977, 0.465950791152482], [-0.46471792366700293, -0.8853709045661335, -0.012474484773969896]], "T": [-0.030849315843978348, -0.10349594895404275, -0.009711695722959143], "aligned_model": [[-0.5561331982270231, -0.12548922054005832, 0.022069510582715737, 0.6880071459721907, -0.13017359564125308, -0.6993312635764105, -0.3358864756857086, -0.41430585792128427, 0.1624215728982837, 0.03174675624913592], [-0.2783416077168242, -0.7311023821030658, 0.1339608104978643, 0.2508282976723964, -0.5422879809862234, -0.23224370732844307, 0.4705990554703248, 0.3230423606654729, 0.5456464751515624, -0.021380990696860544], [-0.5887097098931442, -0.27241748399359694, -0.661650571017135, -0.20968542013871183, 0.6052508446534737, 0.08292685492633327, -0.21309540155432516, 0.6134244050674186, 0.3910585191180844, 0.011684689806702807]], "inverted": false, "swapped": true, "error_lsq": 0.046397780001962555, "error_max": 0.22280359570056565, "target": "1059.xyz", "model": "29.xyz", "model_rescale": 4.117894457231895, "target_rescale": 3.954451876854209},
