[{"mapping": [0, 2, 9, 3, 10, 12, 5, 11, 7, 8, 6, 13], "R": [[0.6873321871476149, -0.5662113450835362, -0.45494964249856173], [-0.7260483473378758, -0.5534290229807142, -0.4081300207661178], [-0.020694488126449, 0.6108363358718154, -0.791486392138159]], "T": [0.1858822282943445, 0.19339715408998354, 0.04764024347134229], "aligned_model": [[0.5529326144118831, -0.07505013295432764, 0.08662237953445698, 0.1542522304059123, 0.18339208954442002, 0.588978070912962, 0.26802750508196294, 0.01776169272690825, -0.4012397816286647, -0.49503459984279763, -0.3696024311894658, 0.07679369797933389], [0.35082401531662055, 0.6609597569796188, -0.23116191319292428, 0.7151233984372838, -0.8141547742318491, -0.1888783648839023, 0.35385343712221107, -0.30859776584009974, -0.22566464038650774, -0.020683071578035728, 0.6666910629268216, 0.0744216455389905], [-0.6125894377729364, -0.5042272774446522, -0.5411213828055902, 0.04889522975470719, 0.03145890899026634, -0.11514482104760856, 0.7824240179101667, 0.5023911936937564, -0.17834524356173667, 0.3656041750112007, 0.2756225961299538, 0.025631536691006145]], "inverted": false, "swapped": false, "error_lsq": 0.05759298767571452, "error_max": 0.2976884469113557, "target": "106.xyz", "model": "0.xyz", "model_rescale": 3.8414455957264533, "target_rescale": 3.785665132559975},
{"mapping": [3, 0, 4, 1, 6, 10, 12, 8, 9, 13, 11, 14], "R": [[0.29530159741168566, -0.41407298348988586, -0.8610113419171039], [-0.790198540994774, 0.40069354987781985, -0.4637142923137502], [0.5370132515830852, 0.8173054774257276, -0.2088744220675817]], "T": [0.02712278743225608, -0.03350376072129724, -0.11874198613495288], "aligned_model": [[0.6195955356407653, -0.403729918038761, 0.09293146942200803, 0.3600388065205897, 0.34444625078922186, 0.5861436280982639, 0.15840765845245308, -0.10382887346756559, -0.4768928491372862, -0.594202239725344, -0.08165262875637566, 0.08657649518461408], [0.3358524999669943, 0.4600132846629851, 0.10686043001556003, 0.7595894456915718, -0.7453130406290266, -0.11395677495576734, 0.2238528712755637, -0.33851760677146764, -0.49041527663358536, 0.12138109898474927, 0.6811459107627641, 0.032239943837886614], [-0.4736065763108048, -0.42910345541011996, -0.6400713888946188, -0.21184398044695824, -0.06716153999474019, 0.2677865543533897, 0.5875309005565268, 0.5982800593600462, -0.066686393605663, 0.28722955412467666, 0.33259952315783015, -0.10435376134103128]], "inverted": false, "swapped": false, "error_lsq": 0.04884405355955928, "error_max": 0.26471771550100853, "target": "106.xyz", "model": "1.xyz", "model_rescale": 4.316132596720782, "target_rescale": 3.785665132559975},
{"mapping": [6, 4, 3, 8, 7, 10, 1, 9, 5, 0, 2, 11], "R": [[-0.5924849103654513, -0.7739575003189911, 0.2234981402366076], [-0.27210206287964533, 0.45339967266377124, 0.8487574472162391], [-0.758236175848848, 0.44206167502777743, -0.47922789683589073]], "T": [0.05776229797443061, 0.05670972948176704, 0.05459452311887279], "aligned_model": [[0.42091442391961403, -0.36766385622441156, 0.07307383728865653, 0.5263577962857471, 0.3260039088413101, 0.6862769966762505, 0.0722732868351457, 0.008683005465605548, -0.41454323142349236, -0.6113838062995938, -0.17942454338196998, 0.047265516999721854], [0.42817955842996624, 0.4010434087853104, -0.24729339990192512, 0.6362744066056824, -0.7777758894751984, 0.024341417662941595, 0.2368730240611132, -0.4561710093967987, -0.37032023805532605, 0.1918401846090853, 0.8492399304448955, 0.11650139243848177], [-0.5827646084562538, -0.4883388390514867, -0.5270966861389795, 0.23224350230398477, -0.12468545271030025, 0.08861458330472667, 0.5663834267631462, 0.5879762588075091, -0.04705573827978414, 0.2492668370683031, 0.1825151414480488, -0.05645892951038063]], "inverted": true, "swapped": false, "error_lsq": 0.04826090328854529, "error_max": 0.2584218477527331, "target": "106.xyz", "model": "2.xyz", "model_rescale": 3.795458400668931, "target_rescale": 3.785665132559975},
{"mapping": [2, 0, 1, 10, 8, 6, 5, 9, 7, 7, 4, 11], "R": [[0.6640146532098712, -0.08748829635872328, -0.7425835564586807], [0.4936619470633902, -0.6946147084937399, 0.5232669383457542], [-0.5615891935785062, -0.7140421589404962, -0.4180447020492402]], "T": [0.13267104208965744, 0.12228145015334692, -0.016469430477633953], "aligned_model": [[0.6838477235448349, -0.37857497390431827, 0.08958458656398585, 0.3648056851930417, 0.24052086933930752, 0.6135874396501457, 0.37754494085697565, -0.06762420127241889, -0.5604928036947111, -0.5604928036947111, -0.21993332938931923, 0.005060201789770791], [0.3840075643989843, 0.504087505014898, -0.13048004611907105, 0.8116738020945867, -0.6515958837827815, -0.20899282022331195, 0.28432453802614416, -0.3200377064514104, -0.19085794919767274, -0.19085794919767274, 0.5761010007277165, 0.1653607309178188], [-0.48061274709106483, -0.46930449071158564, -0.5913816196961389, 0.08284032713133964, -0.023194295789718003, -0.09567216379384282, 0.6219688413422547, 0.7038015060415733, 0.05259500383901532, 0.05259500383901532, 0.26755998006639636, -0.04059584962871085]], "inverted": true, "swapped": false, "error_lsq": 0.05666126909613187, "error_max": 0.35826355721067404, "target": "106.xyz", "model": "3.xyz", "model_rescale": 3.7530521520055578, "target_rescale": 3.785665132559975},
{"mapping": [6, 3, 10, 1, 9, 0, 7, 5, 4, 2, 11], "R": [[-0.8730742953873795, 0.21495975221127278, -0.43764549542192177], [0.4457884477707905, -0.011692459953778267, -0.8950619789792987], [-0.19751945364429374, -0.9765529127034016, -0.08561818803596694]], "T": [-0.007019285814491065, -0.07356001959619032, 0.16011239052810677], "aligned_model": [[-0.4822962610012535, -0.24197366810810134, 0.2580118943069245, 0.5393277130969276, 0.45178895292765553, -0.17037403695512315, -0.26131234981421547, -0.4999530159845642, -0.40029104169968754, 0.13247210933530462, 0.012799306341337788], [-0.498434998597421, 0.08079507361294894, -0.4881719197955683, 0.14395911652555193, -0.5107703982504954, 0.7396485267366348, -0.6096515568208238, 0.09217481976900052, 0.10366812477130699, 0.532502888859713, -0.1185163184965014], [-0.21218679418205155, -0.6975871289731964, -0.5321353196084354, -0.2347126744491465, 0.12570992486040097, -0.2628436687829603, 0.4851407943991528, 0.11275750782316463, 0.8755560661164616, 0.3302783677371619, 0.10285370230476476]], "inverted": false, "swapped": true, "error_lsq": 0.059984244692333474, "error_max": 0.33194636721278137, "target": "106.xyz", "model": "4.xyz", "model_rescale": 3.7855080009869324, "target_rescale": 3.785665132559975},
{"mapping": [1, 2, 0, 12, 7, 6, 13, 8, 10, 9, 14, 16], "R": [[-0.765838949574673, -0.10206636732470199, 0.6348804296680599], [0.37194338593571663, -0.8757093032842945, 0.30788201279063065], [0.5245463001232931, 0.4719276139435734, 0.7086152032129212]], "T": [0.060217377880363264, 0.04416304369473311, 0.003525631724272809], "aligned_model": [[0.480428177765098, -0.30105788944906736, 0.12875534900204874, 0.32957209462376, 0.22327267789347038, 0.6273954208592792, 0.37700926887743186, 0.037363699299080004, -0.4326283192659169, -0.6399100074975855, -0.2659830994518221, 0.02361596232680742], [0.3887952553354404, 0.5318329169661953, 0.016919446713970908, 0.6627966292228838, -0.6846786431113416, -0.2308930885435816, 0.2592621040752571, -0.2998596202646582, -0.47290505069004063, 0.1734410053591327, 0.6048850791107059, 0.0831367520342639], [-0.5234994733221907, -0.4177153485923816, -0.7730271457857855, 0.09187599355047871, -0.05624255870525083, 0.1730256604784541, 0.6185402095167958, 0.617069428059308, 0.14742830247078956, -0.001256848884940238, 0.1955710589546347, 0.008830217808621445]], "inverted": false, "swapped": false, "error_lsq": 0.04749280904270981, "error_max": 0.22783676885964288, "target": "106.xyz", "model": "5.xyz", "model_rescale": 4.2253639853439635, "target_rescale": 3.785665132559975},
{"mapping": [12, 6, 7, 11, 0, 9, 8, 1, 4, 2, 5, 13], "R": [[-0.6242500546024689, -0.7811099904570318, 0.01338103647071559], [0.33307095931548303, -0.2816002270016009, -0.899869461762822], [0.7066651295978024, -0.557286725986599, 0.43595401093424835]], "T": [-0.001534620299987452, 0.06755502005221159, 0.080748757732747], "aligned_model": [[0.6465727671758451, -0.2227030526793748, 0.11756317770477044, 0.29872797209476126, 0.2938189487502044, 0.5498479098939043, 0.34694562303000376, -3.673397122131404e-05, -0.5049432179890525, -0.6518432932298427, -0.24530221763121535, -0.04081454816619835], [0.3258015419034398, 0.42390741843273183, -0.054827857148274456, 0.7608977916312312, -0.605751082146658, -0.1415876887174467, 0.31923726882259795, -0.46876038990789526, -0.42578464507277053, 0.2317933120358796, 0.6150311114510744, 0.05277600492431815], [-0.5394200198754343, -0.4069145080669281, -0.6939959498357915, -0.1054553386794885, -0.23938841804925828, 0.23833384665570037, 0.6816501150795602, 0.5818169360619394, 0.14483518994445216, 0.09795414629943197, 0.28468147773782454, 0.03650201827652564]], "inverted": true, "swapped": false, "error_lsq": 0.046781318640823515, "error_max": 0.26288818900765926, "target": "106.xyz", "model": "6.xyz", "model_rescale": 3.89814844738969, "target_rescale": 3.785665132559975},
{"mapping": [3, 8, 6, 7, 1, 0, 4, 2, 5, 10, 11, 12], "R": [[-0.34482935403479587, 0.7954719545671404, 0.49831424432086946], [-0.11294423311351118, 0.49185643578063254, -0.863319666628517], [-0.9318456507396204, -0.3539796831434062, -0.07976256715620103]], "T": [0.05205028837942974, 0.15302883747831542, 0.02006789912595771], "aligned_model": [[0.5597168510771043, -0.15923888937876887, 0.032827731752993944, 0.5087209215804359, 0.2256924890597706, 0.5649779831341988, 0.1274496291381088, 0.03759817106029403, -0.34995947849357134, -0.5213621247878603, -0.3989928031468175, -0.03959714601330455], [0.32614544923607725, 0.5788915069493124, -0.09379418892038605, 0.621320977044054, -0.6729466889748075, -0.1334655080371353, 0.3183947384483203, -0.30941265644788973, -0.47392899925505516, -0.05408546903744829, 0.8104583412307285, 0.11515528397245783], [-0.5838254991838365, -0.4612684099429041, -0.6092847349226397, 0.07862628314303079, -0.02901802428611134, -0.05632946607429581, 0.6385053224711246, 0.5562458971091462, -0.1987667926442364, 0.42897562895542163, 0.1603780783907258, 0.15636121253310867]], "inverted": true, "swapped": false, "error_lsq": 0.0486469025930264, "error_max": 0.3108552821975885, "target": "106.xyz", "model": "7.xyz", "model_rescale": 3.7474275329858107, "target_rescale": 3.785665132559975},
{"mapping": [5, 11, 8, 6, 2, 3, 0, 1, 4, 12, 10, 14], "R": [[-0.4467161337458039, -0.7955831878971431, -0.4092579711949663], [-0.8489192449127319, 0.23250678116167456, 0.47463323980799565], [-0.2824549724610955, 0.5594532937156201, -0.7792504094851318]], "T": [-0.07835584996656692, 0.11843840936287342, -0.030050644007478984], "aligned_model": [[0.44355160106146146, -0.5002512217265676, 0.19597262716385538, 0.5368798979325404, 0.19224097000626522, 0.6295642214898711, 0.2807854161276047, -0.031434207518771545, -0.2487472542458796, -0.6291910312287543, -0.18298584634511814, -0.09855183773392348], [0.3467506586371515, 0.4945182475023537, -0.2481853803835315, 0.6383717347748944, -0.671533836347911, 0.006651508292258523, 0.25251135750783654, -0.29186875718414373, -0.5509261851935943, 0.18928468469399026, 0.8046253446945454, 0.06253340921437801], [-0.4642252556726862, -0.28898732781713177, -0.5355614740436034, 0.10445738560699386, 0.07630116781111107, -0.007973548121643644, 0.505911325903591, 0.5978412325126843, -0.3976695427973877, 0.23865742649825827, 0.275667221558494, -0.023819115890146375]], "inverted": false, "swapped": false, "error_lsq": 0.052729271563128115, "error_max": 0.3603336969911024, "target": "106.xyz", "model": "8.xyz", "model_rescale": 4.019505241142653, "target_rescale": 3.785665132559975},
{"mapping": [3, 5, 4, 2, 7, 0, 1, 9, 8, 11, 6, 12], "R": [[0.5797846110392836, 0.44806032998405304, 0.6805084463080588], [-0.2904599411140298, -0.6666770620323952, 0.6864216762077727], [0.7612376944227481, -0.5956371677912952, -0.25638552403656373]], "T": [0.02470389034575881, 0.16883160381782555, 0.13897797222778416], "aligned_model": [[0.3717203617222903, -0.27475453028882585, 0.2267306655021942, 0.40933606713324194, 0.32256299429705454, 0.5895795207974184, 0.4065295912835579, -0.27902430413734697, -0.30944889123367286, -0.5939758750846658, -0.27758949800374, -0.0038327670049221885], [0.46454054756189833, 0.4203788449680249, -0.21084870831786998, 0.6030711740990062, -0.6651285225841306, -0.08635948342922176, 0.10187072157068973, -0.290599452395808, -0.39986004039034684, 0.10666493921101858, 0.8157682780221968, 0.17323448789277074], [-0.5894426459077218, -0.40652487737313314, -0.5699809221656446, 0.022933815121982823, -0.04910299927295167, -0.057080970905651396, 0.6921783667708468, 0.5439623545104846, -0.006172514359880643, 0.11407460595715933, 0.2737128411239371, 0.11204244204910603]], "inverted": true, "swapped": false, "error_lsq": 0.045143341867888154, "error_max": 0.23928285341066957, "target": "106.xyz", "model": "9.xyz", "model_rescale": 3.877068213659057, "target_rescale": 3.785665132559975},
{"mapping": [7, 8, 2, 1, 13, 4, 5, 6, 14, 11, 0, 15], "R": [[-0.1639493813214932, -0.9861946966417063, 0.023251251150702257], [-0.1376992514627532, -0.000460408246575561, -0.9904739795526405], [0.9768108908641925, -0.16558927604171686, -0.1357227878769185]], "T": [-0.0059229834124507955, -0.024638042845899114, 0.07587999356839219], "aligned_model": [[0.42587006467319627, -0.2673905868589804, 0.16719196262343, 0.41993823165954747, 0.2128384015639116, 0.6558581441828976, 0.3818071023439728, -0.12844456305351795, -0.3648552075512184, -0.6515734356291253, -0.23046664265746844, -0.03294013631406126], [0.38589139427453184, 0.5057379293748264, -0.2509452129632395, 0.7313645283887193, -0.7603738767513661, -0.008830267424844742, 0.4392163198707, -0.42384697324732173, -0.6373598154382167, 0.3137496153254633, 0.6848131141127521, 0.05331603068622398], [-0.4820688520252669, -0.4197599526092202, -0.5234293073455685, 0.07288867488225292, -0.016178330956456016, -0.06513962612985426, 0.5713595118439957, 0.5296698871698888, -0.24855988453649075, 0.19113867052335873, 0.35876731498219977, 0.11191138974969464]], "inverted": false, "swapped": false, "error_lsq": 0.043926185274858004, "error_max": 0.24603284556737826, "target": "106.xyz", "model": "10.xyz", "model_rescale": 4.260839863003843, "target_rescale": 3.785665132559975},
{"mapping": [5, 3, 4, 6, 9, 10, 7, 8, 2, 1, 0, 11], "R": [[-0.12029272399967278, -0.9357794448897157, -0.33143097482678796], [-0.2910061173643826, -0.2859506005041839, 0.9129883316493177], [-0.9491286004589929, 0.206274294552649, -0.2379197663027628]], "T": [0.04926398267204547, 0.046123154852351966, 0.02253520071667026], "aligned_model": [[0.29083779916095936, -0.4158896322566325, 0.2677041982656189, 0.530398233518123, 0.33838979074373643, 0.6565233361336408, 0.13633129182933168, -0.050863850114508044, -0.4696160050688697, -0.6177030591196634, -0.09599970361976805, 0.017720935510615432], [0.38269838793683436, 0.36685291830083644, -0.29991020233970883, 0.7328277733619658, -0.691082237695049, -0.06332556083270613, 0.309962016399425, -0.49523646375231767, -0.324443883280109, 0.16177906076140616, 0.8756007029916433, 0.0770102743560075], [-0.5112907127691823, -0.4071130330395381, -0.5846284069897258, 0.03674555731238836, -0.07056548383041458, 0.1347441500500344, 0.616179848714022, 0.4835314995135457, -0.2300529120542446, 0.2775632770793814, 0.2693139032677044, 0.06617180829456283]], "inverted": true, "swapped": false, "error_lsq": 0.05280986608341542, "error_max": 0.31744181421292594, "target": "106.xyz", "model": "11.xyz", "model_rescale": 3.890672605050136, "target_rescale": 3.785665132559975},
{"mapping": [9, 6, 11, 5, 10, 12, 7, 4, 2, 0, 8, 13], "R": [[-0.4219781998908842, 0.11559685779522809, 0.8992061861913089], [-0.5237208459681811, -0.8406878363766349, -0.1376969036207605], [0.7400343737389646, -0.5290381160523712, 0.415292424020155]], "T": [-0.09685941107368595, 0.14897983464368125, -0.0617398783499006], "aligned_model": [[0.4639066873137823, -0.32503373992194323, -0.06677388531132304, 0.5291760974638409, 0.37506290208837045, 0.5725655920956825, 0.36479787515886164, -0.20656936905529055, -0.22839348467942944, -0.6162802469713655, -0.2584677187127018, -0.016157374485900294], [0.3535613258716249, 0.4958678871101126, -0.18929312153121164, 0.5939305524963743, -0.6094987266217106, -0.06472844727050756, 0.3190049845044132, -0.36848670475120016, -0.5462818531001316, 0.1686954078703467, 0.7763838603118193, 0.10357762131829847], [-0.561247848624298, -0.4613190302738355, -0.4946699329263336, 0.06102242273472778, -0.10098407388398223, 0.1859112515042746, 0.6346279617745816, 0.3978786042544237, -0.13155468124292463, 0.21845261111924172, 0.25359801869959825, 0.0788841924130601]], "inverted": false, "swapped": false, "error_lsq": 0.043391463491945254, "error_max": 0.22429658319772364, "target": "106.xyz", "model": "12.xyz", "model_rescale": 4.124412569039231, "target_rescale": 3.785665132559975},
{"mapping": [5, 10, 7, 4, 3, 0, 1, 6, 9, 8, 2, 12], "R": [[-0.23528858398617458, -0.6472471940066744, 0.7250588611252657], [0.9012546516124642, 0.1339699182878335, 0.41205838656778604], [-0.3638397108517385, 0.7504153055771436, 0.5518129519709425]], "T": [0.07733050432783767, 0.0072389475238267, -0.03626366136055414], "aligned_model": [[0.5485686566032562, -0.28135265422902067, -0.022153179814181023, 0.4239847003817623, 0.3511782362407359, 0.6501095518131017, 0.1642855547270764, -0.11682068155984696, -0.3816076870575777, -0.5185212935787409, -0.25523070410512805, 0.025392835561146784], [0.22346163220928744, 0.5132317662072109, -0.10135726149616331, 0.7118635523918474, -0.6447479091319751, -0.012705157613045831, 0.21302474219990786, -0.37935866754063724, -0.41833255195748387, 0.0816701112034116, 0.7324501476149882, 0.11353238212087993], [-0.5884667340970917, -0.4361728154268626, -0.6456793934286243, 0.0038772195754653363, 0.05687029721619235, 0.054806579806297114, 0.7466509730845637, 0.47408956516883094, -0.1662863798273852, 0.3565680554129813, 0.28910885062665037, -0.06476672256248356]], "inverted": false, "swapped": false, "error_lsq": 0.03910865636655648, "error_max": 0.19239174290227412, "target": "106.xyz", "model": "13.xyz", "model_rescale": 3.9028299243045295, "target_rescale": 3.785665132559975},
{"mapping": [1, 12, 9, 2, 7, 3, 0, 4, 10, 5, 8, 15], "R": [[-0.8403671282911077, -0.08097980305378279, -0.5359341015322011], [0.5094154976998977, 0.2197498032991136, -0.8319891072923771], [0.1851457274444176, -0.972189433931151, -0.14341814446472945]], "T": [0.02490312073331681, 0.12469846284371376, -0.08725212754055497], "aligned_model": [[0.3587167371661524, -0.4004033539509927, 0.21973594932308588, 0.43641580202489294, 0.233448531198025, 0.515074554663109, 0.2449992831077717, -0.06903332768762689, -0.3796149166068101, -0.40703648565720374, -0.22160478294683877, 0.057135344349019346], [0.4322812423194684, 0.59258501698808, -0.3866172283735846, 0.7131133445013014, -0.7557346838934549, -0.07089623057950396, 0.30554968281657513, -0.2505395714710861, -0.5006675194460273, 0.19255841304174867, 0.7294956485631408, 0.03160467174157043], [-0.5521822932609641, -0.37783234710720415, -0.6362893660611751, 0.07576630618977293, -0.13168456769146442, 0.24465768928027956, 0.6912508748859573, 0.46928685145762183, -0.0620499905229661, 0.1790654220979829, 0.3250115952470557, -0.14440067896636294]], "inverted": false, "swapped": false, "error_lsq": 0.04647077429037882, "error_max": 0.2656348998528299, "target": "106.xyz", "model": "14.xyz", "model_rescale": 3.942246331269136, "target_rescale": 3.785665132559975},
{"mapping": [10, 6, 4, 9, 3, 5, 2, 1, 12, 0, 7, 14], "R": [[-0.8650848106271729, 0.0170694359272201, 0.5013351222279112], [0.003799176926754943, -0.9991692571047885, 0.04057538553536977], [0.5016112405806188, 0.03700581054093004, 0.8643012977598618]], "T": [-0.02157913487671729, 0.07912789300208119, -0.1691801832619547], "aligned_model": [[0.4654564290350511, -0.1541248848573246, 0.19948945672171597, 0.45455209885984554, 0.3072839235875578, 0.38794169803895057, 0.06777702485207168, -0.012832011271564893, -0.4195281724221504, -0.42830983188974475, -0.21673101336921716, -0.06314138230260727], [0.30832043879572985, 0.5992570573403907, -0.2062650454574913, 0.7144706441981689, -0.5549881885887991, -0.0459264534507758, 0.3130140489261904, -0.5019205806058776, -0.6256627040661042, 0.17993883712203673, 0.7938118795876721, 0.058682852407087635], [-0.6374404233858988, -0.3263000925835645, -0.6310714317271107, -0.035760009017404226, -0.08984661945698408, 0.29925727897865273, 0.5519027949208981, 0.3955742721672306, -0.05523705725743289, 0.43507537237754246, 0.25757741979628523, -0.08313200926368045]], "inverted": true, "swapped": false, "error_lsq": 0.056039345718870294, "error_max": 0.29309129615650276, "target": "106.xyz", "model": "15.xyz", "model_rescale": 4.355366556412066, "target_rescale": 3.785665132559975},
{"mapping": [6, 4, 3, 8, 7, 10, 1, 9, 5, 0, 2, 11], "R": [[-0.5924849103654513, -0.7739575003189911, 0.2234981402366076], [-0.27210206287964533, 0.45339967266377124, 0.8487574472162391], [-0.758236175848848, 0.44206167502777743, -0.47922789683589073]], "T": [0.05776229797443061, 0.05670972948176704, 0.05459452311887279], "aligned_model": [[0.42091442391961403, -0.36766385622441156, 0.07307383728865653, 0.5263577962857471, 0.3260039088413101, 0.6862769966762505, 0.0722732868351457, 0.008683005465605548, -0.41454323142349236, -0.6113838062995938, -0.17942454338196998, 0.047265516999721854], [0.42817955842996624, 0.4010434087853104, -0.24729339990192512, 0.6362744066056824, -0.7777758894751984, 0.024341417662941595, 0.2368730240611132, -0.4561710093967987, -0.37032023805532605, 0.1918401846090853, 0.8492399304448955, 0.11650139243848177], [-0.5827646084562538, -0.4883388390514867, -0.5270966861389795, 0.23224350230398477, -0.12468545271030025, 0.08861458330472667, 0.5663834267631462, 0.5879762588075091, -0.04705573827978414, 0.2492668370683031, 0.1825151414480488, -0.05645892951038063]], "inverted": true, "swapped": false, "error_lsq": 0.04826090328854529, "error_max": 0.2584218477527331, "target": "106.xyz", "model": "16.xyz", "model_rescale": 3.795458400668931, "target_rescale": 3.785665132559975},
{"mapping": [3, 8, 6, 7, 1, 0, 4, 2, 5, 10, 11, 12], "R": [[-0.34482935403479587, 0.7954719545671404, 0.49831424432086946], [-0.11294423311351118, 0.49185643578063254, -0.863319666628517], [-0.9318456507396204, -0.3539796831434062, -0.07976256715620103]], "T": [0.05205028837942974, 0.15302883747831542, 0.02006789912595771], "aligned_model": [[0.5597168510771043, -0.15923888937876887, 0.032827731752993944, 0.5087209215804359, 0.2256924890597706, 0.5649779831341988, 0.1274496291381088, 0.03759817106029403, -0.34995947849357134, -0.5213621247878603, -0.3989928031468175, -0.03959714601330455], [0.32614544923607725, 0.5788915069493124, -0.09379418892038605, 0.621320977044054, -0.6729466889748075, -0.1334655080371353, 0.3183947384483203, -0.30941265644788973, -0.47392899925505516, -0.05408546903744829, 0.8104583412307285, 0.11515528397245783], [-0.5838254991838365, -0.4612684099429041, -0.6092847349226397, 0.07862628314303079, -0.02901802428611134, -0.05632946607429581, 0.6385053224711246, 0.5562458971091462, -0.1987667926442364, 0.42897562895542163, 0.1603780783907258, 0.15636121253310867]], "inverted": true, "swapped": false, "error_lsq": 0.0486469025930264, "error_max": 0.3108552821975885, "target": "106.xyz", "model": "17.xyz", "model_rescale": 3.7474275329858107, "target_rescale": 3.785665132559975},
{"mapping": [2, 1, 0, 7, 4, 9, 12, 5, 8, 10, 11, 13], "R": [[0.7716111253058934, 0.24098857645203395, 0.5886771418390518], [-0.0742527009417416, 0.9532527819108448, -0.2929089793469841], [-0.6317458410682489, 0.18230095940191277, 0.7534345044488692]], "T": [0.017773409297379958, 0.12490836645495784, -0.01760536008725632], "aligned_model": [[0.484167393367766, -0.16666716050340435, 0.016356770439510934, 0.36897402840152754, 0.21432231494499554, 0.6190248889171953, 0.2549152359630969, 0.0033750144457512093, -0.44866518933275384, -0.4802873925374906, -0.34792139754746826, 0.07023882842385751], [0.2709511582809044, 0.5612930583090213, -0.22873479087049176, 0.7722247022831211, -0.67929975955219, -0.04664592720524269, 0.27875733468533354, -0.3351211431695017, -0.4111127923270713, 0.03543891100981264, 0.7102121262158357, 0.10476990854869679], [-0.5323682942504673, -0.5216574345167471, -0.7752839866777804, 0.14069488800844684, -0.07960245496598423, 0.22070105702694465, 0.674732109889341, 0.5404138807733699, -0.1270165216048431, 0.45183049781178775, 0.19552248619882634, -0.10736673214436077]], "inverted": false, "swapped": false, "error_lsq": 0.04851955291252899, "error_max": 0.29812166183542416, "target": "106.xyz", "model": "18.xyz", "model_rescale": 3.922800546911778, "target_rescale": 3.785665132559975},
{"mapping": [6, 2, 4, 1, 13, 8, 5, 12, 7, 3, 0, 14], "R": [[0.6003168502363044, 0.7984842144536104, -0.045195559414208], [0.13678580667659612, -0.0468313997504156, 0.9894930333707507], [0.7879779961484936, -0.600191452176568, -0.13733498578289205]], "T": [0.059559587671875094, 0.06962935597348563, -0.09060815501000874], "aligned_model": [[0.5645187349234813, -0.360857865926605, 0.3832715435842183, 0.33441631064051286, 0.188615087770223, 0.6362606053249843, 0.2530367773780134, -0.08424394255876301, -0.5568495570065467, -0.4647034915593008, -0.28174262471931355, -0.02388824286831996], [0.2993927045533467, 0.5696535296548845, -0.23886694502670086, 0.7569477374273234, -0.6043107890798385, -0.05057554791129826, 0.2814065025998916, -0.3481366687739812, -0.43083307698344475, 0.1289726245541024, 0.6474486205327971, 0.021634094661145763], [-0.5004774453568357, -0.38446858656177485, -0.6597370867651714, -0.09610799959544566, -0.12164209771884016, 0.0747924838688569, 0.6166759020815588, 0.5600885007570376, -0.002357723768559278, 0.2710212738454423, 0.40746847864980706, -0.08465620388754239]], "inverted": true, "swapped": false, "error_lsq": 0.04563667530471761, "error_max": 0.2880297908878409, "target": "106.xyz", "model": "19.xyz", "model_rescale": 3.9282355846067225, "target_rescale": 3.785665132559975},
{"mapping": [8, 7, 9, 6, 11, 4, 3, 0, 10, 2, 5, 13], "R": [[-0.7552698696126771, 0.6492852814899268, -0.08942062008170545], [0.4493818828925023, 0.413690425542425, -0.7917803705210915], [-0.47709888637811704, -0.6381918638270736, -0.6042249560897718]], "T": [0.04055577352996925, 0.15270198326079737, -0.07301962566726727], "aligned_model": [[0.6837653300135025, -0.34943765940056354, 0.16270160653714102, 0.2756402197777691, 0.2566663508215493, 0.6053607549085396, 0.3030133618935163, 0.16386075381353837, -0.5543570273796381, -0.7391350220807118, -0.18411175115852801, -0.0361335827635309], [0.17610429998329366, 0.5067221174125305, -0.1870882393041013, 0.7593222984547687, -0.5302620470826092, -0.04468645752103276, 0.2782805491996691, -0.4003426649472281, -0.4700428201733466, 0.21892875624860636, 0.6565002393255113, 0.06929675461216597], [-0.4784272935134271, -0.40569460709188476, -0.6629754082188628, -0.013093417849681876, -0.08783593309338272, 0.1304526854600281, 0.621027279972895, 0.4919002687625258, -0.09542538611231155, 0.18468657941806288, 0.3552349397317352, 0.04074978808283726]], "inverted": false, "swapped": false, "error_lsq": 0.04798875843631523, "error_max": 0.25929319892542013, "target": "106.xyz", "model": "20.xyz", "model_rescale": 4.067790424073018, "target_rescale": 3.785665132559975},
{"mapping": [4, 6, 5, 2, 1, 8, 0, 9, 10, 11, 3, 14], "R": [[0.312553318753634, -0.4163479570979477, 0.8537943555426298], [0.25687920139370146, 0.9023824095903141, 0.3460044259157862], [-0.9145072437260534, 0.11117718058281587, 0.38899374762357364]], "T": [0.03264524127359397, 0.07198328797925467, 0.010954609089502762], "aligned_model": [[0.5382668917847833, -0.1942908949561414, 0.22964224230487365, 0.3123634753350933, 0.22066378107712964, 0.5698113663389042, 0.4552402003093416, -0.09196344348146505, -0.4995390245157552, -0.6056823890791867, -0.3270819492007193, -0.019596920934273745], [0.41520988536476405, 0.6012509096736907, -0.15618084197924959, 0.7609216545887665, -0.7262394933945374, -0.0963113947738201, 0.3468490928210736, -0.5080330610280648, -0.5427736098291306, 0.16924475223549007, 0.7490270489594942, 0.019767843569751517], [-0.507711703791703, -0.4537309592192256, -0.49658793320901884, 0.039998852682100815, -0.017232644498818984, -0.0801351848745573, 0.511274825997827, 0.5130538124713881, 0.11165557927812687, 0.04427574169457409, 0.37967280880577553, 0.036066300212065]], "inverted": true, "swapped": false, "error_lsq": 0.043714796479181674, "error_max": 0.23311193440766648, "target": "106.xyz", "model": "21.xyz", "model_rescale": 4.186013935880536, "target_rescale": 3.785665132559975},
{"mapping": [8, 5, 11, 2, 10, 9, 1, 7, 4, 6, 0, 12], "R": [[-0.17631436639346443, 0.9677715641936964, -0.17980946510503149], [0.5973174603735116, -0.040002137082532196, -0.801006666989588], [-0.7823842379139611, -0.24863231601486702, -0.5710139014917884]], "T": [0.023151746948557823, 0.09398941006021537, -0.03188088419581006], "aligned_model": [[0.607094466624738, -0.28241151466035863, 0.05021071381874812, 0.30621063358729383, 0.23451469312425555, 0.60070876001308, 0.2819502201032419, -0.09026711781446273, -0.3647193006830915, -0.5041565120057406, -0.2384318386678092, -0.012869868457311064], [0.29694662631368374, 0.7181320993521937, -0.11291019629397024, 0.7736904783772388, -0.6999730603013333, -0.13079940919421323, 0.28800477726082657, -0.3178156784839895, -0.5124856773521345, 0.056719354317127046, 0.5928501480411568, 0.0803733241716419], [-0.48518806394420655, -0.3719040785122475, -0.6280573210953744, -0.11896318600580771, 0.11388856829400892, 0.004842999538339832, 0.6242476272370968, 0.5646729440928201, -0.12862884296381347, 0.14250315177276227, 0.4203363565674837, -0.057150659432528124]], "inverted": false, "swapped": false, "error_lsq": 0.040955728386314755, "error_max": 0.22034717783727092, "target": "106.xyz", "model": "22.xyz", "model_rescale": 4.166573947596378, "target_rescale": 3.785665132559975},
{"mapping": [6, 0, 2, 5, 11, 12, 10, 9, 3, 8, 7, 15], "R": [[0.5284008203047397, 0.8442803048510991, 0.08934953800559567], [-0.8481631815900462, 0.5296092416578821, 0.011544199652354217], [-0.03757380066387406, -0.08188295299449244, 0.9959334272493183]], "T": [0.07320675709396345, 0.042111544677121616, 0.03306737793274486], "aligned_model": [[0.599315793008051, -0.40491904931199285, 0.07444082211526046, 0.3360455619147149, 0.2698216640016204, 0.660148983350729, 0.12580587338096574, -0.08087837263434465, -0.2534288592614868, -0.6962037107186393, -0.12424624629641755, 0.08193087543412332], [0.18393122369684678, 0.6428910101483285, -0.13653199863263954, 0.8235986734361239, -0.718764873914407, -0.2492170875551177, 0.42495126478348905, -0.3550785624888302, -0.4207755179809052, 0.060688013093920606, 0.6839474506009022, 0.09309319102051673], [-0.49816147382434406, -0.2448094112289255, -0.615696215918165, -0.07302508865067946, -0.034036880050084234, 0.03586135496580318, 0.6746344553134215, 0.456088604171103, -0.16810765373864173, 0.28154592240437026, 0.27893040681129305, -0.012624524706617353]], "inverted": false, "swapped": false, "error_lsq": 0.04989596196934277, "error_max": 0.24112081724701728, "target": "106.xyz", "model": "23.xyz", "model_rescale": 4.274766983524099, "target_rescale": 3.785665132559975},
{"mapping": [8, 7, 4, 2, 5, 0, 1, 3, 10, 6, 11], "R": [[-0.7116413151665131, 0.3125510082470109, 0.6291887680115185], [0.488453863799588, -0.4235861514195216, 0.7628811147648442], [0.5049549103507451, 0.8502274046214782, 0.1487746582698008]], "T": [0.0007560857564747614, 0.07330061764579074, -0.08718364771260509], "aligned_model": [[0.07716605473461191, 0.2986056250151632, -0.47474594400236636, -0.5145960569152239, -0.33906547231053763, -0.6932281409831069, 0.12045511451716864, -0.04533923323793794, 0.628069024200367, 0.2613730594172087, 0.06120067352272848], [0.03412314492305197, 0.6183320317064834, 0.5067684972196991, -0.2814673856220198, 0.40478985822853086, -0.268325652017981, -0.5913756908723192, -0.013705296937427863, -0.13591699895335746, 0.579672130757969, 0.06269189281085472], [-0.6848310668998209, -0.35537941884926383, -0.6200396875069091, -0.24299889416633758, 0.130371807943127, 0.43104615417955916, 0.12629702387487093, 0.8100246417640811, 0.44578718880496304, 0.38258258948226453, -0.04329390460495703]], "inverted": false, "swapped": true, "error_lsq": 0.05006312009677203, "error_max": 0.3400373719162102, "target": "106.xyz", "model": "24.xyz", "model_rescale": 3.7841303162186577, "target_rescale": 3.785665132559975},
{"mapping": [14, 11, 13, 10, 5, 9, 8, 4, 3, 6, 7, 15], "R": [[-0.9328765915299755, 0.3457532763856818, -0.10097493176022193], [0.3328385559412483, 0.7202933516206502, -0.6086016622471835], [-0.13769444670849912, -0.6013585947499682, -0.7870248279857401]], "T": [0.12131626730531608, 0.1534801641764992, 0.14856388385207372], "aligned_model": [[0.6231959036144862, -0.38136426836128823, 0.01702934532391226, 0.3801819705154883, 0.17420864882228018, 0.692525191451432, 0.4028785220877152, -0.18900766963253962, -0.3683503774364769, -0.5870842393031436, -0.23173989544369744, 0.05536020334441559], [0.24237863041241536, 0.4091040486046269, -0.022883908873281927, 0.842331357890086, -0.7156251461462481, 0.10976779727445873, 0.1341593597154794, -0.42400814333600767, -0.39731690850192813, 0.025077013766027084, 0.697046743677915, 0.1327019417246857], [-0.4593118071157739, -0.37239319493129086, -0.6064327710491096, -0.10387954723312656, 0.04274752883098884, 0.030452485241347943, 0.6679935584334298, 0.5048090967435387, -0.17678369857223283, 0.20945563571201242, 0.20045106622240833, 0.1434911432663417]], "inverted": false, "swapped": false, "error_lsq": 0.04682638164497474, "error_max": 0.25115419622025903, "target": "106.xyz", "model": "25.xyz", "model_rescale": 4.19342608120988, "target_rescale": 3.785665132559975},
{"mapping": [6, 4, 3, 8, 7, 10, 1, 9, 5, 0, 2, 11], "R": [[-0.5924849103654513, -0.7739575003189911, 0.2234981402366076], [-0.27210206287964533, 0.45339967266377124, 0.8487574472162391], [-0.758236175848848, 0.44206167502777743, -0.47922789683589073]], "T": [0.05776229797443061, 0.05670972948176704, 0.05459452311887279], "aligned_model": [[0.42091442391961403, -0.36766385622441156, 0.07307383728865653, 0.5263577962857471, 0.3260039088413101, 0.6862769966762505, 0.0722732868351457, 0.008683005465605548, -0.41454323142349236, -0.6113838062995938, -0.17942454338196998, 0.047265516999721854], [0.42817955842996624, 0.4010434087853104, -0.24729339990192512, 0.6362744066056824, -0.7777758894751984, 0.024341417662941595, 0.2368730240611132, -0.4561710093967987, -0.37032023805532605, 0.1918401846090853, 0.8492399304448955, 0.11650139243848177], [-0.5827646084562538, -0.4883388390514867, -0.5270966861389795, 0.23224350230398477, -0.12468545271030025, 0.08861458330472667, 0.5663834267631462, 0.5879762588075091, -0.04705573827978414, 0.2492668370683031, 0.1825151414480488, -0.05645892951038063]], "inverted": true, "swapped": false, "error_lsq": 0.04826090328854529, "error_max": 0.2584218477527331, "target": "106.xyz", "model": "26.xyz", "model_rescale": 3.795458400668931, "target_rescale": 3.785665132559975},
{"mapping": [8, 5, 1, 11, 2, 9, 4, 3, 0, 7, 10, 12], "R": [[-0.7469532174083725, -0.6093945046195144, -0.26589326569662797], [0.6467808493036407, -0.5733221947446675, -0.502967388592162], [0.1540630519538735, -0.5476677813717861, 0.8223895532349397]], "T": [0.1553281095188971, 0.09040203031468097, -0.07762657605241008], "aligned_model": [[0.2918447449056671, -0.36003732609547157, 0.28562433556386824, 0.5823290160421453, 0.3257997103796121, 0.4547495247704626, 0.31886415422567105, -0.17515909779335045, -0.35012891648594635, -0.6213560078200531, -0.15521752851471868, -0.009479274195302478], [0.5076000804029467, 0.5614836614658262, -0.21051128945953568, 0.6398769405499448, -0.7694808427737718, -0.15127312896630918, 0.3956353182471647, -0.25611089277202354, -0.5696783299113213, 0.17830494147040699, 0.6005174222520063, 0.10636890570289345], [-0.6590564560649503, -0.35930197868143404, -0.5704016139877005, 0.08766752724110552, 0.0022219791526467136, 0.11293633636935646, 0.6832622362297621, 0.484319648051566, -0.08658788171421605, 0.14428096936500162, 0.3109993650737006, -0.0697406354863043]], "inverted": true, "swapped": false, "error_lsq": 0.047667639745796186, "error_max": 0.3301466974906252, "target": "106.xyz", "model": "27.xyz", "model_rescale": 3.6321398670334006, "target_rescale": 3.785665132559975},
{"mapping": [13, 9, 11, 6, 5, 1, 4, 3, 0, 8, 12, 14], "R": [[0.104421021081349, -0.9775951116444485, -0.18276774344836366], [0.9384489101079786, 0.15769520403681256, -0.30732046098646804], [0.32925657696312705, -0.13942747330661368, 0.9338897612747759]], "T": [-0.06742985521260156, 0.07364121007859141, 0.008218016513055412], "aligned_model": [[0.5010740219325188, -0.1914328991750126, 0.01177621584490969, 0.3172081616542862, 0.24974669750998493, 0.5235403940631457, 0.527017249321718, -0.12082160034281754, -0.30230544879310417, -0.5373956160416563, -0.3843211802531805, -0.006252660738208418], [0.361383121435275, 0.5299640544105615, -0.08216566375543914, 0.7487277387392446, -0.7449972995604546, -0.1878993167607777, 0.3074514097815304, -0.3978782779356794, -0.4817350454799187, 0.13767588929746138, 0.7707621512491806, 0.07144402478724396], [-0.5021595555194723, -0.4639735421250316, -0.6098244195642839, 0.023023824237835958, 0.042849599032199134, 0.18031657385114297, 0.5358852248789596, 0.5045835813309251, -0.15241312779545452, 0.2133066785601495, 0.31984601967613324, -0.010841361014569326]], "inverted": false, "swapped": false, "error_lsq": 0.03785088467185882, "error_max": 0.24646416442688424, "target": "106.xyz", "model": "28.xyz", "model_rescale": 4.156811204709835, "target_rescale": 3.785665132559975},
{"mapping": [0, 1, 2, 8, 10, 3, 5, 6, 7, 11], "R": [[-0.8392311306792724, -0.5416324067512001, -0.04822287067038396], [0.48352109579326974, -0.7838733664842064, 0.3895508891526147], [-0.24879400961772707, 0.3036064578918236, 0.9197416264933944]], "T": [0.030159951066473928, 0.08285450836363237, -0.0468807143319282], "aligned_model": [[-0.633519890060771, 0.03186820091372597, 0.04124367073610989, 0.6018315959631628, -0.15008040727333363, -0.7690868422122581, -0.3709236833758326, -0.39502284876758254, 0.2692434839288834, 0.01737209425848351], [-0.16288371610288135, -0.6113133727909928, 0.009889649709079379, 0.24042415866027125, -0.5081856542359704, -0.30348953966232295, 0.40735213341551246, 0.26025278439638144, 0.5497842677878815, 0.036889619449245514], [-0.6518819838961096, -0.18768016173394167, -0.6874116181033103, -0.16054307008716218, 0.5358167936707644, 0.11627676266475218, -0.1276730020395214, 0.5299754828660428, 0.38034080441828666, 0.011566719215298567]], "inverted": false, "swapped": true, "error_lsq": 0.05033595638624733, "error_max": 0.24255341603897038, "target": "106.xyz", "model": "29.xyz", "model_rescale": 4.117894457231895, "target_rescale": 3.785665132559975},
