[{"mapping": [9, 7, 12, 10, 11, 5, 4, 8, 0, 6, 3, 2, 1, 13], "R": [[-0.5216496013070647, 0.6296187731195951, -0.5757272739688095], [0.297833007270343, -0.49797277546118945, -0.8144437455587611], [-0.7994855803805874, -0.5963248405314471, 0.0722460471490291]], "T": [-0.02711711949847612, 0.18185082873549044, -0.0554547565836285], "aligned_model": [[-0.5958386308262481, -0.0645740450404535, -0.4497124509432416, -0.3070286131603271, 0.3029241122327182, 0.6035770504574998, 0.1910496734519211, 0.49523924801353963, -0.7135754217646768, 0.5441595990836918, 0.12667881994059513, -0.2545338704130299, -0.21690793426138236, -0.027978251790655235], [-0.26636570471583476, -0.5611390720954632, 0.3232121531772034, -0.22040161339751638, -0.0069054741450711166, 0.560746365427505, -0.6339319151938092, -0.3794080847913617, 0.3374579520031288, -0.03268753572054442, 0.35954358967782185, -0.043129339912238274, 0.7267441098661243, 0.03437453575773697], [-0.16681432491145004, -0.1894602358284028, -0.42498144001363414, -0.9359497612007183, -0.6406946085447698, -0.23170542097956903, 0.3921008173644588, -0.20615773906576063, 0.26073167104855555, 0.40515623456852956, 0.41142038466773145, 0.6437760998067421, -0.06617260306956374, -0.12466359789826412]], "inverted": false, "swapped": false, "error_lsq": 0.0448106862267973, "error_max": 0.2827040546514956, "target": "1060.xyz", "model": "0.xyz", "model_rescale": 3.8414455957264533, "target_rescale": 4.041258077102041},
{"mapping": [2, 4, 5, 3, 1, 11, 7, 0, 6, 13, 8, 9, 10, 14], "R": [[0.5902306472658406, -0.8070142740908426, -0.01886118876894441], [-0.6600349764316746, -0.495921738900461, 0.5642831370622218], [-0.464738219769997, -0.32060815694485056, -0.8253658563239944]], "T": [-0.023932533462260742, 0.021850117497970757, -0.017804815194185412], "aligned_model": [[-0.6601729791897816, -0.1253969074234123, -0.5638981192407166, -0.16651209801900754, 0.3892760625511273, 0.7441549483866039, -0.0006848878277275344, 0.4824693097078637, -0.7288989367398997, 0.5605365419588055, 0.04939420254403729, -0.098702677474508, -0.24917736743856278, 0.0010921931851298333], [-0.3520261044812297, -0.4129859131355015, 0.17461945395601314, -0.030516471498770813, 0.04989306430271743, 0.32252586882224693, -0.556545044297487, -0.48556033545290805, 0.2615277198901746, 0.07327993437997402, 0.6075354017885385, -0.14412745135084007, 0.6317691292600724, 0.0587207137546821], [-0.022208617805131607, -0.32835246391783696, -0.36337894761093936, -0.7861183515631023, -0.7773903209036434, -0.2320502700412511, 0.2612535764000814, -0.12555069668044738, 0.2180005938721818, 0.4624012597895215, 0.5074554393965374, 0.6397440819966376, -0.2314514025025708, -0.09576840448615187]], "inverted": true, "swapped": false, "error_lsq": 0.04119064841027608, "error_max": 0.24366345685291751, "target": "1060.xyz", "model": "1.xyz", "model_rescale": 4.316132596720782, "target_rescale": 4.041258077102041},
{"mapping": [9, 10, 11, 1, 6, 7, 0, 4, 8, 5, 12, 13], "R": [[0.2602157919876623, -0.9485008731415887, -0.18064837461177896], [0.4270715071137461, -0.05473395419558359, 0.9025597609409082], [-0.8659663211764227, -0.31201007661253444, 0.3908350581516621]], "T": [-0.0316078427007436, 0.03561646509187915, -0.07192714233302372], "aligned_model": [[-0.10203085119914045, 0.4357574674020148, 0.15460793324522112, -0.6703511042612667, -0.5451777605014256, -0.49659336411970423, -0.2556581721929615, -0.2029031078406737, 0.5237805363273176, 0.11539501753235085, 0.597617603625157, 0.043364356614891506], [-0.6567291398522903, -0.3449039516510976, -0.5055628679944499, 0.34696224809241766, -0.222092168436398, -0.0005929890271676799, 0.3691793600026128, 0.5064324327867095, 0.07214685354255648, -0.05907548096032628, 0.3458434941773661, 0.16116863706104742], [0.2059534305360533, 0.053454933774447044, -0.6147761927365696, -0.22814524062774752, -0.2158017347272933, 0.3670890144962622, -0.7476808560728023, 0.5474309763977327, -0.5582852640311146, 0.7177097135515347, 0.004186229739877437, -0.08187654909095923]], "inverted": true, "swapped": true, "error_lsq": 0.0492672902384809, "error_max": 0.27057214757932535, "target": "1060.xyz", "model": "2.xyz", "model_rescale": 3.795458400668931, "target_rescale": 4.041258077102041},
{"mapping": [9, 10, 5, 2, 6, 3, 12, 11, 8, 0, 7, 13], "R": [[0.7881883683027058, 0.4674768883336371, -0.40028047035324976], [-0.15838571869413887, 0.7825745941020472, 0.602072228872714], [0.5947041787191846, -0.4111476176994302, 0.6908578553320674]], "T": [0.03213949658236542, 0.07448302343022699, 0.007975460263931998], "aligned_model": [[-0.19504912414754894, -0.1498003761103502, -0.7651740770400113, 0.29216101393678306, 0.2720330118060843, -0.09820302439723017, -0.16285680497367822, 0.5630463788112512, 0.41710084768973954, 0.7180815674021936, -0.32121970624207, 0.023184119008402282], [-0.12676860625007802, -0.4911768241940219, 0.0036322149191644337, -0.011487202219830114, 0.4026874583432341, 0.5922187023313567, -0.34287181492094143, -0.39560688622774454, -0.4676454508249012, 0.3321048580732587, 0.5300146361095803, 0.06066796015063256], [-0.6771541345948657, -0.15287728346456644, -0.10767054263266329, 0.7939532872759262, -0.4228384773686261, 0.544066733315494, 0.5425314428998754, -0.3375528837756238, 0.33083211411647634, 0.2929672188017319, -0.27110529737271616, 0.15361925343865793]], "inverted": true, "swapped": true, "error_lsq": 0.05367796040726064, "error_max": 0.2884057144540608, "target": "1060.xyz", "model": "3.xyz", "model_rescale": 3.7530521520055578, "target_rescale": 4.041258077102041},
{"mapping": [12, 4, 3, 1, 2, 6, 8, 10, 11, 0, 13], "R": [[-0.5941125776001577, -0.6111844520181244, -0.5229567962543388], [0.4414125262060923, -0.7912198571248819, 0.42323293751743574], [-0.6724471926074588, 0.02060833090249789, 0.7398581417080984]], "T": [-0.2125262992760476, 0.08380676792711543, -0.05725664501563574], "aligned_model": [[-0.3628149795480806, -0.10775644201880263, 0.3267914058809227, 0.41312290603308377, 0.2331600490833674, -0.0520390688914345, -0.2322454586163038, -0.7815761010533435, -0.4120742234821075, 0.4732128162083137, -0.15958130115041025], [-0.6052837233821283, -0.088657681944341, -0.18816616540631836, 0.4012812697625279, -0.5955948036358188, 0.6514576819078423, -0.36214277559820024, -0.055084761087610415, 0.2853928749626512, 0.07610555685703743, -0.052104114121295356], [-0.03431487837005859, -0.8279015133397639, -0.5128885089834678, -0.249886491084261, 0.12313292559191588, -0.003553876541841139, 0.5318741577488656, 0.13205329112055267, 0.6788005162770612, 0.3272019268522357, -0.07168677202592211]], "inverted": false, "swapped": true, "error_lsq": 0.05230581569878092, "error_max": 0.26033535331038093, "target": "1060.xyz", "model": "4.xyz", "model_rescale": 3.7855080009869324, "target_rescale": 4.041258077102041},
{"mapping": [5, 2, 4, 1, 12, 13, 9, 14, 7, 15, 8, 10, 6, 16], "R": [[-0.7390811178859915, 0.2428964096306695, -0.6282996382084933], [0.4572961331524933, -0.5039449365596744, -0.7327480791647586], [-0.49461029891033487, -0.8288792644917572, 0.26138059818477993]], "T": [-0.04021337028027612, 0.010488206757077454, -0.11063182075294209], "aligned_model": [[-0.7789690071895726, 0.04076523996508076, -0.6532955812938259, -0.2438612314965487, 0.406226550587291, 0.5029395327024839, 0.1440450352785494, 0.5260334016398986, -0.6027252057262824, 0.5329029403042101, 0.1694378682153853, -0.21885140063214387, -0.18651798982432077, -0.004650867550253679], [-0.23775867158760466, -0.6715243679703208, 0.28250032097263994, -0.07400614375193233, 0.02329813570133027, 0.48760707717665297, -0.5767484295853739, -0.355726077321183, 0.3853342159897294, -0.02362168446290866, 0.4430694939693282, -0.09213089168721267, 0.6375842685047092, -0.029767280010172058], [0.10781002722075542, -0.3828210934569329, -0.42230536169613014, -0.8348501527105558, -0.6240444869254438, -0.1576440143451071, 0.24730112292110085, -0.16493734496455598, 0.21254054226937547, 0.4807160604040327, 0.40340092345179035, 0.5883117025883727, -0.21750817785611679, -0.10938427095669985]], "inverted": true, "swapped": false, "error_lsq": 0.035308313487933105, "error_max": 0.2726435170459631, "target": "1060.xyz", "model": "5.xyz", "model_rescale": 4.2253639853439635, "target_rescale": 4.041258077102041},
{"mapping": [8, 9, 10, 1, 4, 3, 9, 0, 5, 7, 6, 11, 2, 13], "R": [[-0.7535161419742066, 0.6316055823371175, 0.1824494783355064], [0.5264003175303079, 0.7458917033820747, -0.4081032620915672], [-0.3938478506838634, -0.2114709322492765, -0.8945188177592037]], "T": [-0.04042451817253136, 0.0019842166352910997, -0.036839912614126114], "aligned_model": [[-0.6805132754203445, -0.05456420594602602, -0.6314502432929824, -0.12573651926596752, 0.21088317827874337, 0.52595676641614, -0.05456420594602602, 0.6104806686411021, -0.5242332334977159, 0.6533201757547575, 0.145328042792022, -0.30787052337745424, -0.138318906541387, 0.004761566385090357], [-0.36693376470492894, -0.6079286983646452, 0.26966730411362744, -0.28876442290841614, 0.285204292780227, 0.42876524436428176, -0.6079286983646452, -0.4217117774962636, 0.362301279174756, 0.02379735702660147, 0.4312898385008068, -0.0014465567955940593, 0.6489161141620362, 0.04288245444983852], [-0.043966025684961295, -0.05690811710111693, -0.4699066872725496, -0.7053403786058737, -0.6347881899586942, -0.04576557990654634, -0.05690811710111693, -0.2365066140507509, 0.15510280766723997, 0.34739140128534407, 0.40464693572099925, 0.6939231494701468, -0.18539098371617288, -0.0389981248020623]], "inverted": true, "swapped": false, "error_lsq": 0.04799470774957231, "error_max": 0.3130051639443295, "target": "1060.xyz", "model": "6.xyz", "model_rescale": 3.89814844738969, "target_rescale": 4.041258077102041},
{"mapping": [3, 4, 12, 1, 8, 5, 7, 0, 6, 9, 10, 11, 13], "R": [[0.8202841431504917, -0.5670065342551585, 0.07508338436576832], [-0.5135603358026413, -0.7879470559445847, -0.33969871727538203], [0.25177312403460006, 0.24008962314147508, -0.9375325417678271]], "T": [-0.04505383225751387, 0.0785121446601827, 0.009353821401548282], "aligned_model": [[0.049851442927138154, -0.2721704834242197, 0.5200839814094914, -0.2976717064429353, 0.6262232122743608, -0.3771803128829648, -0.6256329404849185, 0.28011099317081334, -0.467128998479924, -0.5480263282131607, 0.06561569583533618, 0.1229010605721746, 0.07165618464303064], [-0.3373348995344852, 0.08104450915686172, 0.3959805965144437, -0.5901588205340714, 0.1645228570588948, 0.6639356836916838, 0.026969583339720993, -0.6107275454714582, -0.22403096260285232, 0.5202365193437779, 0.6476830145900914, 0.16270118326443495, 0.06295954665344418], [-0.6155441571527575, -0.7542074639098255, -0.26955790464897167, -0.12628022655189147, 0.30654774835613313, -0.4390589912502536, -0.2562193495258186, 0.2025436826554663, 0.29428876293624506, 0.3461292580237185, 0.21609898344809483, 0.7754738100772208, -0.07793912162106484]], "inverted": true, "swapped": true, "error_lsq": 0.03908202675738467, "error_max": 0.2617075507657603, "target": "1060.xyz", "model": "7.xyz", "model_rescale": 3.7474275329858107, "target_rescale": 4.041258077102041},
{"mapping": [9, 5, 11, 7, 6, 0, 8, 3, 13, 2, 1, 4, 12, 14], "R": [[-0.35310611173302914, -0.3376873009937873, -0.8725155360246102], [-0.017623954899005284, 0.9348252549664766, -0.35467046520760626], [0.9354172705645858, -0.10985913446042331, -0.33604389669373147]], "T": [-0.045697855881751154, 0.1115019036068937, -0.10031853597294332], "aligned_model": [[-0.5664797613231582, 0.06269183792571453, -0.6017434709685939, -0.2347854260631332, 0.4154993118321926, 0.5264280136023232, -0.05866970605799571, 0.5435467336253514, -0.6291228202374769, 0.38150462780217564, 0.44111579361016784, -0.2672500067577973, -0.33219894585663334, -0.04705689615318472], [-0.41158816709560475, -0.5314124323526375, 0.17650370961451722, -0.1456827307092442, -0.11046759647287573, 0.33903118850538094, -0.4806066092632252, -0.29606524737184725, 0.4531022274911939, -0.013337133555315059, 0.5625775234934177, -0.12636296651596912, 0.6575506726817353, 0.12486752748815613], [-0.28874206153615656, -0.396855708880366, -0.37062945833515365, -0.7019659298828584, -0.7366869920773595, -0.3350857645369756, 0.23798540421437664, -0.12885567255478453, 0.4921646776130872, 0.614176214591778, 0.25230743564882985, 0.6114123077096647, -0.0805578164918497, -0.04208115953834727]], "inverted": false, "swapped": false, "error_lsq": 0.05166061695850853, "error_max": 0.33357630924645554, "target": "1060.xyz", "model": "8.xyz", "model_rescale": 4.019505241142653, "target_rescale": 4.041258077102041},
{"mapping": [10, 5, 12, 8, 11, 0, 3, 9, 6, 7, 4, 1, 13], "R": [[-0.8687649690557526, -0.49205769911705366, 0.055916449111052424], [-0.014885843929968029, -0.08691325424635271, -0.9961046621147809], [0.49500084867811134, -0.8662131994930234, 0.06818249652227171]], "T": [0.045354611826657114, -0.10941385340969051, -0.000736731519207761], "aligned_model": [[-0.2904436413311897, -0.7488886230788536, -0.07923332083552428, 0.37923181040432613, 0.34712139571662154, 0.8218498365828985, 0.18170891873771974, -0.3994895089854573, 0.22156114043132746, -0.26535144471140343, -0.3514901386278433, 0.4289592554204553, 0.07416509201809951], [-0.5291487609025753, 0.04312436136152123, 0.03391694196031425, -0.389972483638693, -0.8345816715355985, 0.012882945263546233, 0.6347343577659583, -0.6177011197755145, -0.25901146935663377, 0.13152717562039978, 0.5752494664748531, 0.2815508195143425, -0.01919233463786181], [-0.30075160825500225, -0.004278846192259069, -0.6803637229057403, -0.5975179432337049, -0.07357162006975755, 0.013563464456222443, -0.009912886240004134, 0.32372776980377954, 0.5446434213847194, 0.5048985249794933, 0.09072148284593867, 0.4781446180390019, -0.11259916056880799]], "inverted": false, "swapped": true, "error_lsq": 0.041636920925765805, "error_max": 0.239985561768237, "target": "1060.xyz", "model": "9.xyz", "model_rescale": 3.877068213659057, "target_rescale": 4.041258077102041},
{"mapping": [1, 7, 0, 8, 9, 14, 4, 2, 12, 13, 6, 3, 11, 15], "R": [[0.39448809915151917, -0.17158664159061507, -0.9027387019816282], [-0.6462576813830796, -0.7502018354119497, -0.13981493267139886], [-0.6532458563827153, 0.6385571474599557, -0.40683488118230127]], "T": [-0.0033221027840568094, 0.05897166979668744, 0.0005667006786934381], "aligned_model": [[-0.6722641213138972, -0.08498765761234739, -0.7321327890612592, -0.1611379091701849, 0.3793055997757976, 0.7152799800427541, 0.003733233503992517, 0.49368345783123085, -0.5214158798487046, 0.6457112424455327, 0.0988530350284729, -0.14988987837361556, -0.2953980804013243, -0.08586094786649527], [-0.4735274402479396, -0.6706785851644391, 0.22460376837621815, -0.08346543146649704, 0.1574474025449397, 0.3426286406428656, -0.5710392766505836, -0.3278341145559151, 0.5411519341134854, -0.002662547545028565, 0.4746300656455609, -0.07683252850424477, 0.582126634782362, 0.08156144396689766], [-0.14731123496532758, -0.35612337768985136, -0.27359935688876647, -0.7411399658994998, -0.528152388434907, -0.11200023978752435, 0.24780567279160107, -0.20853163948295506, 0.2398912639474892, 0.41601276937646536, 0.444518178092813, 0.6029257710103311, -0.43031121958812535, -0.027398756537857706]], "inverted": true, "swapped": false, "error_lsq": 0.03622450753747034, "error_max": 0.24934556270576497, "target": "1060.xyz", "model": "10.xyz", "model_rescale": 4.260839863003843, "target_rescale": 4.041258077102041},
{"mapping": [11, 9, 7, 6, 3, 0, 8, 10, 5, 4, 12, 13], "R": [[-0.13803810905822572, -0.7773724397517907, -0.6137080497777245], [0.8828000339870519, -0.3774842007165326, 0.27958858739558856], [-0.44900955495411177, -0.503187607283555, 0.7383716214997442]], "T": [-0.03727220333076388, 0.02408617662645842, -0.08914253522833572], "aligned_model": [[0.35627865727039465, 0.33434124810939214, -0.340662790356689, -0.3250478257889241, -0.6026516570450117, -0.4920940505881599, 0.33358174731302936, 0.5747013620408095, 0.23265377486396766, -0.3692229424800051, 0.30621454565705664, -0.04919341990172962], [0.06409099197009419, -0.6131306266367408, -0.48520432815347425, -0.34202762607206927, 0.3009986687880998, 0.4837039943606797, 0.6075973888149435, -0.03955045084789933, -0.3828570786021669, -0.09475823385699766, 0.5228912748196906, 0.15132453094877432], [-0.7716041181503067, -0.22096680437967142, 0.15341710506469441, -0.45522117868335954, 0.3304987449469849, -0.5363498535030988, -0.3505176601420991, -0.06950785711000908, 0.5555588864039287, 0.6252095736147703, 0.2730301370893895, -0.017368897755718357]], "inverted": true, "swapped": true, "error_lsq": 0.04432203836274053, "error_max": 0.23487924527080226, "target": "1060.xyz", "model": "11.xyz", "model_rescale": 3.890672605050136, "target_rescale": 4.041258077102041},
{"mapping": [7, 12, 3, 4, 2, 11, 12, 10, 8, 9, 6, 5, 0, 13], "R": [[-0.43096291223858363, 0.8869365019471906, -0.16617644173744978], [-0.03312002196329866, -0.19957880607297418, -0.9793218900400609], [-0.901761627271858, -0.4165476463505314, 0.11538641991085063]], "T": [0.04124990497537419, 0.21321699965555374, -0.02342973454635204], "aligned_model": [[-0.5778575610956506, 0.025540158412531724, -0.7944000429503209, -0.11031692499330585, 0.42892122650087744, 0.5845402645169367, 0.025540158412531724, 0.5155799783941593, -0.5627075558305304, 0.44340141706964625, 0.18053950017509324, -0.200652331489527, -0.2788197492568327, -0.04582925288565745], [-0.36987666133664954, -0.5313999182877162, 0.23711336720067203, -0.004417175484002112, 0.13050865624016147, 0.21918461602082617, -0.5313999182877162, -0.43657351427093183, 0.4550734663494999, -0.057583992796905126, 0.657337110250915, -0.2413715555866497, 0.5904188326779154, 0.0810966532482627], [0.037166455451252536, -0.002669288484916335, -0.41608898141565315, -0.672058985883132, -0.6137130648741188, -0.11039028122913705, -0.002669288484916335, -0.4137165187246607, 0.2862989869073375, 0.5854720636349764, 0.31629674363193155, 0.5594979927673732, -0.34587156395355184, -0.08096879339890024]], "inverted": false, "swapped": false, "error_lsq": 0.052470912847245296, "error_max": 0.3717705693155066, "target": "1060.xyz", "model": "12.xyz", "model_rescale": 4.124412569039231, "target_rescale": 4.041258077102041},
{"mapping": [0, 11, 9, 2, 6, 1, 8, 3, 10, 12, 7, 5, 13], "R": [[0.8989010945101943, -0.438033776985642, -0.010160339958275005], [0.3148737045355679, 0.6296882146692673, 0.7101741353349041], [-0.30468241248950145, -0.6415755314273789, 0.7039527434375505]], "T": [0.16141815552154903, 0.1244586507485424, -0.004720114717229604], "aligned_model": [[-0.26201395776655784, -0.09460837013836465, 0.6627497206603038, -0.5690595796713536, 0.5057107216559015, 0.35237354652492847, -0.5288763097934439, 0.10259256981235335, 0.08973591601711865, -0.3228852392615015, 0.7621430286695352, 0.6133236055092504, 0.05611265529158785], [-0.3963678700626427, 0.5413167965188266, 0.6453853094781719, -0.19718084040751516, -0.04268897651121767, -0.5472769223770617, 0.3616718062419616, -0.5171745320400158, 0.7312422542062209, 0.31414728651768165, -0.06387722516655756, 0.44051439003197596, 0.07777390007864891], [0.40460960237644433, 0.6140821006621495, 0.19231167868127338, -0.24075725132168724, 0.4473772179529415, 0.19934017897161085, 0.11172048558100198, -0.40130512229463294, -0.0797007840211238, -0.48161335282110523, -0.12269074783685949, -0.5963221800217133, -0.0953537449404602]], "inverted": false, "swapped": true, "error_lsq": 0.04478984282164314, "error_max": 0.25093706571590185, "target": "1060.xyz", "model": "13.xyz", "model_rescale": 3.9028299243045295, "target_rescale": 4.041258077102041},
{"mapping": [12, 13, 1, 11, 9, 7, 5, 10, 2, 4, 3, 0, 6, 15], "R": [[-0.3408561404522818, -0.4141081116238094, 0.8439973716803493], [-0.918135430303149, -0.04636241346831932, -0.3935452429384003], [0.20210003250377334, -0.9090462026238029, -0.36440441594088646]], "T": [-0.09545505391096154, -0.01910799976621596, -0.019250603596469816], "aligned_model": [[-0.5550092262833131, -0.012844253588117083, -0.5385751130848021, -0.3309043129065369, 0.25318554100511703, 0.718471417823531, -0.04572378662359029, 0.5682125590004746, -0.6832081071361578, 0.40134001934185587, 0.10128126332780019, -0.1293821800142671, -0.09116639445142208, -0.022198141430620738], [-0.4890701242513061, -0.7832115415590659, 0.29566437580048727, -0.05551131068583302, 0.2875790996530893, 0.3220935631009793, -0.4735510718169406, -0.3256833262065557, 0.28703767817502807, -0.09339642979144683, 0.47102332972178623, 0.11743849380952154, 0.6070950235640946, 0.030602206423844154], [-0.2476928351682831, -0.224122721965163, -0.37528672603445035, -0.7186039718806662, -0.6399262154018626, -0.22353752913012823, 0.2112057457937014, -0.16385167841754386, 0.30164025301702174, 0.4357649546417327, 0.3120431430571669, 0.7977074213052205, -0.24785428515312366, -0.09090007871973768]], "inverted": false, "swapped": false, "error_lsq": 0.045861222336806166, "error_max": 0.26979181752957543, "target": "1060.xyz", "model": "14.xyz", "model_rescale": 3.942246331269136, "target_rescale": 4.041258077102041},
{"mapping": [12, 11, 3, 4, 10, 9, 8, 6, 1, 7, 2, 0, 5, 14], "R": [[0.22846768215492896, 0.973309217772414, -0.021718305873305144], [0.39105311096560186, -0.11217689679741671, -0.9135063263212941], [-0.8915604200584946, 0.20021366193183177, -0.40624439314403726]], "T": [-0.05219116775868604, -0.037987371430552495, -0.16340473950130335], "aligned_model": [[-0.8290067619763015, 0.16770564270577032, -0.6162230893988414, -0.226412820346182, 0.32591236495462617, 0.6394754431725099, 0.12694488461722042, 0.44891980818906674, -0.6900523955335831, 0.5491282129714616, 0.09734144996992686, -0.11188058748239144, -0.15697670358545993, -0.09139616327787128], [-0.23361856429720654, -0.6627622606409966, 0.3204221350958669, -0.11569905902630562, 0.053417592341966975, 0.37316970912924424, -0.6140640260163943, -0.27745998905955727, 0.35090963513484513, 0.006574555654994076, 0.4463173599466833, -0.009278345577432422, 0.5783615402921427, -0.018180317040168526], [-0.0010402510173631585, -0.4380185687528297, -0.42790152115100294, -0.7177256630675231, -0.761471096346946, -0.19004044037175463, 0.321246567180266, -0.09760166564434627, 0.15049589472327518, 0.4427377727363497, 0.40732886038601573, 0.5689411131365536, -0.05425544408965413, -0.07611008177715536]], "inverted": false, "swapped": false, "error_lsq": 0.04176506670413638, "error_max": 0.289721810750443, "target": "1060.xyz", "model": "15.xyz", "model_rescale": 4.355366556412066, "target_rescale": 4.041258077102041},
{"mapping": [9, 10, 11, 1, 6, 7, 0, 4, 8, 5, 12, 13], "R": [[0.2602157919876623, -0.9485008731415887, -0.18064837461177896], [0.4270715071137461, -0.05473395419558359, 0.9025597609409082], [-0.8659663211764227, -0.31201007661253444, 0.3908350581516621]], "T": [-0.0316078427007436, 0.03561646509187915, -0.07192714233302372], "aligned_model": [[-0.10203085119914045, 0.4357574674020148, 0.15460793324522112, -0.6703511042612667, -0.5451777605014256, -0.49659336411970423, -0.2556581721929615, -0.2029031078406737, 0.5237805363273176, 0.11539501753235085, 0.597617603625157, 0.043364356614891506], [-0.6567291398522903, -0.3449039516510976, -0.5055628679944499, 0.34696224809241766, -0.222092168436398, -0.0005929890271676799, 0.3691793600026128, 0.5064324327867095, 0.07214685354255648, -0.05907548096032628, 0.3458434941773661, 0.16116863706104742], [0.2059534305360533, 0.053454933774447044, -0.6147761927365696, -0.22814524062774752, -0.2158017347272933, 0.3670890144962622, -0.7476808560728023, 0.5474309763977327, -0.5582852640311146, 0.7177097135515347, 0.004186229739877437, -0.08187654909095923]], "inverted": true, "swapped": true, "error_lsq": 0.0492672902384809, "error_max": 0.27057214757932535, "target": "1060.xyz", "model": "16.xyz", "model_rescale": 3.795458400668931, "target_rescale": 4.041258077102041},
{"mapping": [3, 4, 12, 1, 8, 5, 7, 0, 6, 9, 10, 11, 13], "R": [[0.8202841431504917, -0.5670065342551585, 0.07508338436576832], [-0.5135603358026413, -0.7879470559445847, -0.33969871727538203], [0.25177312403460006, 0.24008962314147508, -0.9375325417678271]], "T": [-0.04505383225751387, 0.0785121446601827, 0.009353821401548282], "aligned_model": [[0.049851442927138154, -0.2721704834242197, 0.5200839814094914, -0.2976717064429353, 0.6262232122743608, -0.3771803128829648, -0.6256329404849185, 0.28011099317081334, -0.467128998479924, -0.5480263282131607, 0.06561569583533618, 0.1229010605721746, 0.07165618464303064], [-0.3373348995344852, 0.08104450915686172, 0.3959805965144437, -0.5901588205340714, 0.1645228570588948, 0.6639356836916838, 0.026969583339720993, -0.6107275454714582, -0.22403096260285232, 0.5202365193437779, 0.6476830145900914, 0.16270118326443495, 0.06295954665344418], [-0.6155441571527575, -0.7542074639098255, -0.26955790464897167, -0.12628022655189147, 0.30654774835613313, -0.4390589912502536, -0.2562193495258186, 0.2025436826554663, 0.29428876293624506, 0.3461292580237185, 0.21609898344809483, 0.7754738100772208, -0.07793912162106484]], "inverted": true, "swapped": true, "error_lsq": 0.03908202675738467, "error_max": 0.2617075507657603, "target": "1060.xyz", "model": "17.xyz", "model_rescale": 3.7474275329858107, "target_rescale": 4.041258077102041},
{"mapping": [0, 8, 6, 4, 5, 12, 3, 10, 2, 11, 7, 1, 9, 13], "R": [[-0.8892168066593881, 0.3237812479434209, 0.3232014452855704], [0.4568397150023017, 0.5909056167172778, 0.6649270839186725], [0.02430937167218203, 0.7389155943760928, -0.673359338567996]], "T": [0.007463034351841025, 0.012183188718193341, -0.013727952028975893], "aligned_model": [[-0.7458247987134942, -0.04229135239260698, -0.5729324835582416, -0.35342802981612, 0.366963058658889, 0.5498381293970688, 0.15163051055758942, 0.5962527712636739, -0.5914302844837784, 0.508357816088423, 0.1787862107556493, -0.22893101702468716, -0.08583287939621377, -0.09767836635619935], [-0.3499298191293918, -0.615609462779632, 0.36657383529967424, -0.10254050358504542, 0.024115822751266773, 0.4954607882218907, -0.5840852880997602, -0.3089359499914619, 0.30965536550357886, -0.04788115035089436, 0.5907250599246405, -0.1666235580657433, 0.5639703403608639, 0.02321448587769616], [-0.0376862675827738, -0.36050646771833317, -0.3777981703465123, -0.752525580780337, -0.6412925155908124, -0.19123553329277362, 0.2765629773279309, -0.17697168062251303, 0.22432628654346357, 0.5032182295095956, 0.4372232144227245, 0.611303580445997, -0.3805398624354662, -0.007492733936305392]], "inverted": false, "swapped": false, "error_lsq": 0.03781021428669306, "error_max": 0.2455897216480811, "target": "1060.xyz", "model": "18.xyz", "model_rescale": 3.922800546911778, "target_rescale": 4.041258077102041},
{"mapping": [8, 4, 1, 6, 10, 9, 13, 11, 5, 7, 3, 12, 0, 14], "R": [[0.9320491342351533, 0.28007209966550156, 0.22987829467015497], [-0.027444539319721628, 0.687188325234045, -0.7259607447538445], [-0.36129103037998256, 0.6703221797397023, 0.6481797333425235]], "T": [-0.09034217813353151, 0.014991283055306828, -0.09343546955439436], "aligned_model": [[-0.5833587543939207, 0.06931052378088226, -0.5347531217742595, -0.33991593735013487, 0.3850329460435533, 0.6284413363795632, 0.05690200923357788, 0.5187805073919435, -0.6904808755730583, 0.5098829819920602, 0.10111853942826016, -0.18437818131892947, -0.2904700553864692, -0.012632633473116883], [-0.3462318201056568, -0.5909092795999124, 0.37626923355775577, -0.23407753769601633, -0.08661660445282658, 0.37867930357565144, -0.5766397980743562, -0.3533392760295858, 0.3019000386537066, 0.015314436205209827, 0.4769018792464223, -0.0012877020246504032, 0.8102153159954344, 0.027931776686505934], [-0.06439791978058405, -0.4557373630599088, -0.5624345949149365, -0.6862638031832367, -0.7370929683633973, -0.21101297126786323, 0.22295915737237715, -0.11679710458382908, 0.28079792016688765, 0.4337653193134762, 0.30547634819759617, 0.6872733553708754, 0.06784132932737291, -0.037791228650945544]], "inverted": false, "swapped": false, "error_lsq": 0.04428446645055955, "error_max": 0.3210699256975235, "target": "1060.xyz", "model": "19.xyz", "model_rescale": 3.9282355846067225, "target_rescale": 4.041258077102041},
{"mapping": [10, 11, 12, 9, 8, 6, 0, 4, 2, 3, 5, 1, 7, 13], "R": [[-0.6044062075598076, 0.5376722539448282, -0.5878789701979987], [0.791074222785199, 0.31768646584338917, -0.5227589152417496], [-0.09431177184193157, -0.7810146328704897, -0.6173503324160521]], "T": [0.02767516445372251, 0.08947513592440597, -0.12976374430996726], "aligned_model": [[-0.7488307424425846, -0.07563075460535881, -0.6376403209228048, -0.1861990334593628, 0.4675962012152562, 0.4999503684256562, 0.07298428576802385, 0.4913277184280959, -0.5364315329930722, 0.513699054908322, 0.17326378579979088, -0.10235904114881911, -0.2595734215335893, -0.038677282459601656], [-0.26066563143905247, -0.5962838070473531, 0.22291783947954186, -0.1027656982707434, -0.0038534414669204736, 0.5391202493064489, -0.6005060966648423, -0.33666874857806617, 0.34959420261634544, -0.07124392263398084, 0.5075115862299858, -0.0903850780665942, 0.6306502074703584, 0.010688305002555173], [-0.0006344735122993661, -0.30983520386857943, -0.6419577456938741, -0.7588313991554316, -0.7432625928703819, -0.08952125703616085, 0.27281540368106616, -0.182636646953918, 0.41138125973133643, 0.42187493387081276, 0.4103655289191862, 0.5859472344398632, -0.2425270724142137, -0.006592493193521398]], "inverted": false, "swapped": false, "error_lsq": 0.040860063072878816, "error_max": 0.266825230063009, "target": "1060.xyz", "model": "20.xyz", "model_rescale": 4.067790424073018, "target_rescale": 4.041258077102041},
{"mapping": [6, 4, 3, 2, 0, 7, 5, 8, 11, 1, 9, 13, 12, 14], "R": [[-0.13866430642950056, -0.8341243328612915, 0.5338621614716019], [-0.9902727073095903, 0.11052566560543498, -0.08452243725905037], [0.011496750852310778, -0.54038937311089, -0.8413365260991936]], "T": [-0.055539378179730606, -0.006841313669705482, -0.03708097880864684], "aligned_model": [[-0.659755753911182, -0.003946721524289112, -0.6483725956054242, -0.25184445217745044, 0.22056880608561885, 0.6473741947732354, 0.10915510314693243, 0.43213741428159963, -0.5911635628914708, 0.5623020930512931, 0.3212656841025898, -0.2335200910025661, -0.21307807815106478, -0.057642755197870016], [-0.41836485973105425, -0.7452392650570842, 0.3488344346460723, -0.2274589397843441, 0.20466591081530935, 0.2247146868069638, -0.49832472291987157, -0.28625333544364207, 0.2777727454862978, 0.034582338586324264, 0.597480159247058, -0.10415507887476484, 0.7425272733092417, 0.04732861885117567], [-0.15165778724043197, -0.3446182251747332, -0.5328516465851214, -0.7200993625357783, -0.6563442460006355, -0.13172919490662657, 0.24538301378202118, -0.13335228765963952, 0.18682485868063048, 0.5013065198757803, 0.2741478789134804, 0.632976035214703, -0.06242157387279928, 0.01902149345303511]], "inverted": true, "swapped": false, "error_lsq": 0.04044579190648625, "error_max": 0.24278826712587867, "target": "1060.xyz", "model": "21.xyz", "model_rescale": 4.186013935880536, "target_rescale": 4.041258077102041},
{"mapping": [9, 11, 6, 5, 12, 7, 10, 8, 1, 0, 2, 3, 13], "R": [[0.7794612720900396, -0.4210819799057876, -0.4638211848443311], [-0.5789012475143013, -0.767111043382176, -0.2764308100546954], [-0.23940232024390007, 0.48397377338005754, -0.8416982331822409]], "T": [0.04758192589735918, -0.06561696362707228, -0.02246192273877611], "aligned_model": [[0.25391861036528457, -0.5075948449508306, 0.2794489112815169, 0.5131937802830928, -0.30945270102439504, 0.6825334287202259, -0.20600558737623956, -0.6836844033709085, 0.39204770996246946, -0.2676468159552667, -0.42076569989033147, 0.33577254106347487, -0.0031908936848672673], [-0.5120980137485472, -0.08503710505911341, 0.23016845173497438, -0.7003710771790717, -0.3671580698669551, -0.06831090823482708, -0.6109665183537254, -0.08950159355157915, 0.57522081399059, 0.6540183884878391, 0.23226524985212157, 0.30995648299528444, -0.049229441520897074], [-0.5877930594318901, -0.5824959293064927, -0.48030074563324493, 0.16299854776480383, 0.5062704800076564, -0.10664729783119743, -0.15374033652363817, 0.08248579526096046, -0.024335796394478904, 0.006891730123539146, 0.5977637636463338, 0.5677278895648199, 0.1140545200881745]], "inverted": false, "swapped": true, "error_lsq": 0.05054817269057757, "error_max": 0.29333144838339664, "target": "1060.xyz", "model": "22.xyz", "model_rescale": 4.166573947596378, "target_rescale": 4.041258077102041},
{"mapping": [2, 11, 6, 12, 14, 10, 3, 9, 1, 8, 7, 4, 5, 15], "R": [[-0.13044223668621677, -0.36561220950191986, 0.9215815401533505], [-0.7254411312526277, 0.6687914040711245, 0.16264446786620895], [-0.6758106154650172, -0.6473374468572775, -0.3524687814843982]], "T": [0.005923022118102115, -0.0032273622991183994, -0.07062844921092218], "aligned_model": [[-0.5995745718892549, -0.06100402140625469, -0.6657656964665175, -0.14363753436718496, 0.4309718709028845, 0.5738948990171294, -0.05579494738247037, 0.48315843860846536, -0.579256399673816, 0.46847530824767764, 0.25200942602133597, -0.1968260757562665, -0.22930026596887956, -0.04387114490689649], [-0.26375876298610945, -0.7128343468176662, 0.1661347254329063, -0.17088287768918836, 0.12730139345874247, 0.46522947868121245, -0.5438882634440086, -0.36233661462155353, 0.3074108923492995, -0.10246147017959105, 0.6146224384631871, -0.1613811160345744, 0.7930957899294998, 0.041858699395526215], [0.06466860211122633, -0.40837395368727525, -0.38568142972700237, -0.6861807405171265, -0.7250545208853947, -0.20809614830639653, 0.1849167214145193, -0.13175183610812646, 0.19236961148041146, 0.5853266671275786, 0.19222655485437987, 0.6176547097106864, -0.11064623485145554, -0.05479252667213952]], "inverted": false, "swapped": false, "error_lsq": 0.040454501992302765, "error_max": 0.26223692502461293, "target": "1060.xyz", "model": "23.xyz", "model_rescale": 4.274766983524099, "target_rescale": 4.041258077102041},
{"mapping": [3, 0, 1, 7, 6, 9, 5, 10, 12, 8, 13], "R": [[-0.5813317190465813, 0.6989300836607111, -0.41659353161610446], [-0.8107065437778447, -0.45390728053627394, 0.3697608423723985], [0.06934213946892716, 0.5526888083091568, 0.8304978921488458]], "T": [-0.057496917830811706, 0.11320374025275357, 0.0778004052288199], "aligned_model": [[0.23978880421848817, 0.080729143843294, -0.30408191487390107, -0.4788766700585141, -0.5901106787312634, -0.6022792224766063, -0.10835212791026419, 0.020396320312299654, 0.6036775397317286, 0.4366990923350015, 0.08230441756781226], [0.0066092831458432755, 0.8110840113314861, 0.36131684001350817, -0.24913916186168863, 0.33702108536464614, -0.1420868479945813, -0.6883920206686048, -0.07740123622045864, -0.06197085079909356, 0.5085138415883955, 0.11003158734403114], [-0.609725652607742, -0.2568076038699527, -0.5601407942373867, -0.24064043912664604, -0.052951559681726906, 0.5245200104474246, 0.17246166137830465, 0.6579289875706509, 0.2513541911404015, 0.4596841188114569, 0.033883514196793266]], "inverted": false, "swapped": true, "error_lsq": 0.05646114494759533, "error_max": 0.321079123584068, "target": "1060.xyz", "model": "24.xyz", "model_rescale": 3.7841303162186577, "target_rescale": 4.041258077102041},
{"mapping": [14, 9, 13, 12, 5, 4, 8, 2, 11, 1, 6, 7, 3, 15], "R": [[0.2641939185440171, 0.898263279847407, 0.3511761003857419], [-0.7771468224915167, 0.41390300532054025, -0.4740539193783384], [-0.5711780717917107, -0.14767322798802843, 0.807433110566999]], "T": [-0.06897066793270566, -0.09289818279474253, 0.09970575140010164], "aligned_model": [[-0.6481707420563031, -0.16329812770136154, -0.618024873618997, -0.20264054311002938, 0.29225413093289243, 0.5447771951832123, 0.3760736620014409, 0.4402386362732911, -0.6321472003183536, 0.5780690096408775, 0.07019350777854193, -0.29791450571664535, -0.04535360171442916, -0.06057726259418572], [-0.4412165367320317, -0.5744579000070992, 0.2350205098148851, -0.14287732833929945, 0.16816572155225745, 0.2983856924400432, -0.4645511073656882, -0.3707491723633903, 0.4041409095120561, -0.12495235059033265, 0.584002218770686, 0.04021284266496149, 0.6114840833277416, -0.024497616747107764], [-0.31562611681638636, -0.21863883802788187, -0.35085923561778554, -0.6451474931446547, -0.6557418165854549, -0.06435165428537247, 0.2148900892685488, -0.38226700720041273, 0.2584883173561823, 0.46487499952432343, 0.3105745039505914, 0.6935674643788778, -0.2905374355853303, 0.10735969872863989]], "inverted": true, "swapped": false, "error_lsq": 0.046200715298279564, "error_max": 0.27025724714285854, "target": "1060.xyz", "model": "25.xyz", "model_rescale": 4.19342608120988, "target_rescale": 4.041258077102041},
{"mapping": [9, 10, 11, 1, 6, 7, 0, 4, 8, 5, 12, 13], "R": [[0.2602157919876623, -0.9485008731415887, -0.18064837461177896], [0.4270715071137461, -0.05473395419558359, 0.9025597609409082], [-0.8659663211764227, -0.31201007661253444, 0.3908350581516621]], "T": [-0.0316078427007436, 0.03561646509187915, -0.07192714233302372], "aligned_model": [[-0.10203085119914045, 0.4357574674020148, 0.15460793324522112, -0.6703511042612667, -0.5451777605014256, -0.49659336411970423, -0.2556581721929615, -0.2029031078406737, 0.5237805363273176, 0.11539501753235085, 0.597617603625157, 0.043364356614891506], [-0.6567291398522903, -0.3449039516510976, -0.5055628679944499, 0.34696224809241766, -0.222092168436398, -0.0005929890271676799, 0.3691793600026128, 0.5064324327867095, 0.07214685354255648, -0.05907548096032628, 0.3458434941773661, 0.16116863706104742], [0.2059534305360533, 0.053454933774447044, -0.6147761927365696, -0.22814524062774752, -0.2158017347272933, 0.3670890144962622, -0.7476808560728023, 0.5474309763977327, -0.5582852640311146, 0.7177097135515347, 0.004186229739877437, -0.08187654909095923]], "inverted": true, "swapped": true, "error_lsq": 0.0492672902384809, "error_max": 0.27057214757932535, "target": "1060.xyz", "model": "26.xyz", "model_rescale": 3.795458400668931, "target_rescale": 4.041258077102041},
{"mapping": [4, 12, 5, 7, 9, 0, 2, 1, 8, 10, 6, 11, 13], "R": [[-0.39484268437412584, -0.9165310487395886, -0.06379726712442033], [-0.1776162045624508, 0.14427764607535443, -0.9734662011183464], [0.901416517750293, -0.3730345795489541, -0.21975773931234138]], "T": [-0.1149790943370339, -0.0503780213160495, -0.07745379120428783], "aligned_model": [[0.04229494425388969, 0.36590814793517357, 0.49218922852496316, -0.20570892005747263, 0.1196545435817308, -0.7554839124145794, -0.16410139090165693, -0.7609942873245863, 0.017492709635033632, 0.3912699485837404, -0.5559757519335442, -0.20212505710475623, -0.08474381995667873], [-0.6705004817575632, -0.3741441817153516, -0.17483156163719976, -0.13144642392422434, 0.5409255418448465, -0.18618825470770722, -0.5878976963455399, -0.30295984147184307, 0.04259108337961663, 0.2783879672863281, 0.24042115648833184, 0.6165666504316705, -0.1690424546144501], [-0.5521402491686419, 0.32489139751762164, -0.5970312288876396, -0.706305012462, -0.4734671770130936, 0.3577645392523432, 0.5561255745238897, -0.29699886532815645, 0.6437555474110285, 0.043259161434678284, -0.34545656129898394, 0.33464675877783245, 0.0030927773405474146]], "inverted": true, "swapped": true, "error_lsq": 0.0511666001029704, "error_max": 0.34938230708783813, "target": "1060.xyz", "model": "27.xyz", "model_rescale": 3.6321398670334006, "target_rescale": 4.041258077102041},
