[{"mapping": [7, 9, 2, 8, 4, 6, 3, 5, 10, 11, 0, 1, 12, 13], "R": [[-0.7510684401725731, 0.2005674043943706, -0.6290221891724037], [0.6378041922734724, 0.4665917736573354, -0.6127788582136998], [0.17059311385610396, -0.8614318504964901, -0.4783650869943076]], "T": [-0.01097793127373868, 0.04899844211209131, 0.054006283483652315], "aligned_model": [[-0.24252384830097212, -0.6446599871824717, 0.050843496852893175, 0.2772636640309656, 0.2219667607993524, 0.6519407765530844, 0.3612200572863291, 0.5389391320979763, -0.7166659473750148, -0.010918886215386642, -0.44817046708641095, -0.07986312075608624, -0.5171751293051388, -0.06970453885636285], [-0.1905189171446432, -0.24149368475060923, -0.7071809890760903, 0.08207594454349483, -0.6276393465811021, -0.25310247983495565, -0.2102213579000407, 0.5666978101918803, 0.5103913306512733, 0.5535518506989294, -0.35859086797722833, 0.24719639300588303, 0.28852453416471646, 0.03898951021928361], [-0.6245306760094669, -0.17139235895745175, 0.1790223795753383, -0.6715292381772789, -0.5794779704315012, -0.17798531972562937, 0.31376397517196863, 0.09850176801875986, -0.49785416171797714, -0.42816349495581507, 0.5420084100274047, 0.5916088470512519, 0.20067412557851222, -0.09762111872188846]], "inverted": false, "swapped": false, "error_lsq": 0.03925575546879905, "error_max": 0.26194669860284614, "target": "1061.xyz", "model": "0.xyz", "model_rescale": 3.8414455957264533, "target_rescale": 4.074981749017439},
{"mapping": [4, 0, 11, 3, 1, 10, 12, 6, 7, 2, 13, 8, 9, 14], "R": [[-0.5611067737762927, 0.1043214526507446, 0.8211432414257569], [-0.6078826841404692, 0.621387212671143, -0.4943243613771896], [-0.5618165454528186, -0.7765275052730755, -0.28524936951698066]], "T": [-0.04980340201216926, 0.04757766611396379, -0.11510066826817311], "aligned_model": [[-0.20623866722413026, -0.6162409098510414, -0.04911990107334396, 0.31674450975949076, 0.13622486470392808, 0.6204161800638777, 0.3173041717019093, 0.3351469772141569, -0.6378028203270348, -0.06605065170493635, -0.4777059604280569, 0.14000381610888418, -0.4435524188373934, 0.0033627724364471492], [0.06217549436581939, -0.3419568425300451, -0.7671585603525829, -0.19882201168048735, -0.6824202013357051, 0.020917242358498636, -0.39870227899775507, 0.7187560385410651, 0.27240095294620725, 0.6563079767557667, -0.22341042209482426, 0.13436877628163274, 0.4650958216918649, -0.01887225573866301], [-0.6358041789694008, -0.34516323757471, 0.13483895692057618, -0.7618670164950131, -0.5405351387454513, 0.020826643253014643, 0.38325240313794995, -0.008517500257189753, -0.24419821237513192, -0.5319797435427489, 0.4490906620351326, 0.6469642375276399, 0.25388440122033396, -0.14376710940877413]], "inverted": true, "swapped": false, "error_lsq": 0.04718416958922978, "error_max": 0.298958468864348, "target": "1061.xyz", "model": "1.xyz", "model_rescale": 4.316132596720782, "target_rescale": 4.074981749017439},
{"mapping": [10, 1, 2, 7, 6, 12, 5, 9, 4, 8, 3, 13], "R": [[0.30941145595858316, 0.5012421417469262, 0.8080970648743528], [-0.5943176404608255, -0.5614512318972062, 0.5758116501410738], [0.7423281573257656, -0.658429061887508, 0.12417760387150914]], "T": [-0.14808865489357584, -0.024243201245724637, -0.07327789317307658], "aligned_model": [[-0.20974073009882474, 0.40587439199219055, 0.17975868363648292, -0.5761119871989642, -0.38972604171484293, -0.4741599152481428, -0.13305997761065758, -0.09553837792413347, 0.5137988071422566, 0.20009423526932682, 0.2500531240283962, -0.07343365764130685], [-0.7716422663671324, -0.4860332999953701, -0.5460812407209771, 0.44756501389978787, -0.19302487178291178, -0.16358438598861483, 0.3763083530483735, 0.7065438222155133, 0.03013032942543505, 0.09769519336305625, 0.5068432061395374, 0.008056574504283164], [-0.0511765927186585, 0.19018070862208197, -0.47482587537517246, 0.1021330474341771, -0.5732793221272228, 0.5129619824986278, -0.6319543088613047, 0.439681712986659, -0.668343148398439, 0.7523197914130685, -0.1420032216663957, -0.006436312597999719]], "inverted": true, "swapped": true, "error_lsq": 0.04549667613210843, "error_max": 0.22065533075171956, "target": "1061.xyz", "model": "2.xyz", "model_rescale": 3.795458400668931, "target_rescale": 4.074981749017439},
{"mapping": [9, 0, 8, 10, 7, 11, 1, 5, 2, 6, 12, 13], "R": [[0.8590031851947182, -0.4327888764164234, 0.2735092617728666], [0.0722120744920588, 0.6313095861386356, 0.7721616558383471], [-0.5068519942970354, -0.6435386506649576, 0.5735495279201647]], "T": [0.1480912588557715, 0.009828963161523645, 0.037500571673193345], "aligned_model": [[-0.2763645400602825, -0.13726297790443098, -0.7222123235247808, 0.06134322868740685, 0.14772674508981976, 0.3149295470313792, -0.3042466475910889, 0.7225349702067896, 0.3863051743511746, 0.6730250785265202, -0.34003266993285286, 0.06755824086391142], [0.061244205283277, -0.6105376272417917, -0.11139137231502938, 0.11038533838810066, 0.4463111601069611, 0.6236673044759511, -0.43155749677547084, -0.17227724935854294, -0.38803703140995516, 0.11735261547617223, 0.48638958313093866, -0.04578038447090134], [-0.7480772478103688, -0.06398675086004016, -0.17601556036017627, 0.7759164457349885, -0.4585428960196324, 0.21079781108820353, 0.47350974457393424, -0.2936164712065148, 0.6084614982375159, 0.26057109221349023, 0.10106652215509981, -0.0013127571073998714]], "inverted": false, "swapped": true, "error_lsq": 0.05596311383699149, "error_max": 0.2796374807053995, "target": "1061.xyz", "model": "3.xyz", "model_rescale": 3.7530521520055578, "target_rescale": 4.074981749017439},
{"mapping": [6, 7, 12, 8, 10, 3, 2, 5, 4, 0, 13], "R": [[-0.9781749856760155, 0.17750661371217288, -0.10800509009377537], [0.15839353565642086, 0.3005908702477312, -0.9405087009623941], [-0.13448117065219664, -0.9370893931809011, -0.322146370347185]], "T": [-0.06897200916179752, -0.12571889219778198, -0.10177469318630333], "aligned_model": [[-0.4991012850691239, -0.24548800138448096, 0.3934095200287435, 0.691719310704979, 0.24493082906927616, -0.23079123259628226, -0.09528503532444144, -0.7109365974790227, -0.4021998650664995, 0.19475106114535334, -0.002809101583296267], [-0.4954613043536917, 0.04856926797209338, -0.3049612480216535, 0.33022634049741706, -0.7571604697439319, 0.5110673463723586, -0.44096500832133106, 0.09479896367789004, 0.1716035769107936, 0.35421206343429834, -0.04472617010989646], [0.02133770519781969, -0.7141811796604147, -0.5745231715175074, -0.2783376976289803, 0.15443098727326565, 0.014889972860465894, 0.5622788511596135, 0.007952645345303794, 0.6700495721919268, 0.31857973295245506, -0.08964664092863142]], "inverted": false, "swapped": true, "error_lsq": 0.041442526514863895, "error_max": 0.22369529945146427, "target": "1061.xyz", "model": "4.xyz", "model_rescale": 3.7855080009869324, "target_rescale": 4.074981749017439},
{"mapping": [10, 9, 14, 8, 15, 13, 12, 6, 5, 7, 2, 1, 0, 16], "R": [[-0.0907081662942715, 0.13576680603925054, 0.9865796485562792], [-0.9500989983088666, 0.2851089846252004, -0.12658894224408307], [-0.2984692982201341, -0.9488309866693265, 0.1031301932321125]], "T": [-0.01169236001326105, 0.020045187511266254, -0.06516957809519991], "aligned_model": [[-0.322961517620398, -0.4730446442503756, -0.011988370565747315, 0.35978352630385385, 0.14535823368780101, 0.6769585857152698, 0.32871055240309094, 0.4548337811925705, -0.6440261140932655, -0.05340558646791494, -0.485813759004348, -0.05017770487219442, -0.5247672006075589, -0.026967819278026064], [-0.01789921286042528, -0.49357268939824006, -0.6286943501869442, -0.05146520195278058, -0.6028038052665061, -0.20115195793422, -0.2507024259031261, 0.470370686257044, 0.4844168555246519, 0.6158830016784435, -0.32533481654884266, 0.2975538855204371, 0.43208792788999784, -0.03000816660869791], [-0.7229202968916606, -0.23913729233324582, 0.12675312284904558, -0.6586355030203253, -0.5816115882954878, -0.10639258950105067, 0.45817242295098876, -0.1402520182388559, -0.2642078206940978, -0.5175043853156168, 0.3839487129962066, 0.6381168072057766, 0.3536965954863323, -0.05300100047178276]], "inverted": false, "swapped": false, "error_lsq": 0.04564384690887319, "error_max": 0.2868763744605897, "target": "1061.xyz", "model": "5.xyz", "model_rescale": 4.2253639853439635, "target_rescale": 4.074981749017439},
{"mapping": [8, 9, 1, 5, 10, 2, 4, 6, 12, 11, 0, 3, 7, 13], "R": [[0.7898209257562907, 0.5707575617173204, -0.22454111200396093], [-0.4165893961553698, 0.23052475969393418, -0.8793813792541655], [-0.45015128595659987, 0.788095261317154, 0.4198448270981392]], "T": [-0.05390457031037399, -0.07141060644113144, -0.12362091790769003], "aligned_model": [[-0.2200852217684804, -0.6144961734829585, -0.1473303606261615, 0.3713388307298545, 0.45877285999575246, 0.6110448365777708, 0.27918277287201787, 0.1935486970138925, -0.6739023707678209, -0.15213505914994457, -0.5825591988310925, 0.19029086437148554, -0.313481282962984, -0.027697231428574096], [-0.3841958545790263, -0.28374720857709707, -0.7904537905376771, 0.06927164708589666, -0.5553769338216209, -0.03313246682969834, -0.4473386487554692, 0.5160815799916109, 0.6245636123217023, 0.5066462530445365, -0.18883136568975362, 0.22287967155550975, 0.4894157477574706, -0.047102512755592345], [-0.7720145138252978, -0.2387150069441277, -0.009803946122115575, -0.5709662206269444, -0.45746357666430665, -0.04269698854050752, 0.37501947457965235, -0.037960077997434644, -0.17428035645987697, -0.6352407250663793, 0.4678174122398392, 0.4736824343811946, 0.37385767129156405, -0.0742104135190327]], "inverted": true, "swapped": false, "error_lsq": 0.05321912605525085, "error_max": 0.33755398095643485, "target": "1061.xyz", "model": "6.xyz", "model_rescale": 3.89814844738969, "target_rescale": 4.074981749017439},
{"mapping": [7, 9, 3, 11, 5, 8, 12, 6, 10, 1, 0, 2, 13], "R": [[-0.8876923834559235, 0.23537727460470148, 0.39572688934921385], [0.4356329473454037, 0.15106241226426642, 0.8873579225927145], [0.14908443091583615, 0.9600925404358499, -0.23663504866764257]], "T": [-0.022449475413341018, -0.008063243058771166, 0.003172719194473709], "aligned_model": [[0.06765387604095363, 0.04929808727249794, 0.426067129353213, -0.22677985989240942, 0.6569330926448884, -0.5210725413037536, -0.6108371195316677, 0.21533972793040398, -0.5152490213108105, -0.4214138612063793, 0.05707918389224482, 0.01287442488470971, -0.04126131786966858], [-0.26758113535584566, 0.33427695680424696, 0.4270982909549776, -0.6316094295415278, -0.11379635365958694, 0.6111356772871459, -0.137954956270877, -0.42748186130677346, -0.18285565772260048, 0.5165792977943713, 0.6724388364441932, 0.07461243428228531, 0.08891916576047673], [-0.5977497488458822, -0.8199884057542467, -0.23083607032535525, -0.06088744127461557, 0.009997803503041098, -0.4277328030264172, -0.3229311714754365, 0.32631607037999033, 0.5412164234996915, 0.3970168643508689, 0.08786944700490537, 0.7332114532895379, -0.03322739048978632]], "inverted": true, "swapped": true, "error_lsq": 0.0433749443476448, "error_max": 0.24251323238267028, "target": "1061.xyz", "model": "7.xyz", "model_rescale": 3.7474275329858107, "target_rescale": 4.074981749017439},
{"mapping": [8, 5, 3, 4, 2, 1, 0, 12, 9, 13, 6, 10, 11, 14], "R": [[-0.3265595661610558, -0.5429150885655961, 0.7736937742779854], [-0.253912431376801, -0.7380894844554703, -0.6251019037953569], [0.910432494444824, -0.40058347387787885, 0.10317729166297396]], "T": [-0.0312100206889131, 0.03230125737546444, -0.051566577165531126], "aligned_model": [[-0.32455564079467314, -0.6394235481534309, -0.14019089951614727, 0.06077617982145829, 0.39410322461125635, 0.6805155910567705, 0.2420002878511427, 0.2947754093900184, -0.7285611314021451, 0.3140145973594623, -0.35178568924087417, -0.11049764729650424, -0.3267889924044608, 0.008110221260884353], [-0.24899462097041122, -0.34583139934276597, -0.6762761173459433, 0.07972720249453119, -0.44170103561386553, -0.2078958117473192, -0.3555163534795549, 0.5378578575018492, 0.260329503833887, 0.6748901591206594, -0.44436102320768345, 0.2612074805464114, 0.5686652502694948, 0.036578638151501974], [-0.5993176993432168, -0.04091467807340425, -0.03830727599338551, -0.8271406642073525, -0.6020390700867865, -0.02803273727677092, 0.4057810648368234, 0.08550509111154345, -0.25661532086447986, -0.5769343484837058, 0.528918056050095, 0.6671675690587943, 0.05532913928849243, -0.09637395929041952]], "inverted": true, "swapped": false, "error_lsq": 0.053662072989990116, "error_max": 0.3013435036213247, "target": "1061.xyz", "model": "8.xyz", "model_rescale": 4.019505241142653, "target_rescale": 4.074981749017439},
{"mapping": [7, 5, 6, 11, 12, 10, 2, 9, 8, 0, 4, 1, 13], "R": [[0.7894302883701021, 0.14546273064677465, -0.5963559455532252], [-0.07649005501452591, 0.9872554257529167, 0.13955642516667632], [0.6090559016114796, -0.06455476987962404, 0.790495787716808]], "T": [2.7112943952370405e-05, -0.10141593728285109, -0.06825777827869021], "aligned_model": [[-0.2783613750976345, -0.5931474409110463, -0.017328341118555315, 0.2607432553996854, 0.42233267753264575, 0.6877296985753435, 0.24554216194789236, -0.44863647907390225, 0.17722710394099517, -0.1491303268232843, -0.4052939674623039, 0.43136053543993064, -0.013336730608590107], [-0.6744687759800811, 0.12093366726912302, 0.17454149576669636, -0.3813640436188633, -0.6363303051050111, 0.16758716669248636, 0.5904935019384601, -0.7375346477134392, -0.5195784034053843, 0.1664580120935329, 0.6720942029876011, 0.23829285021189844, -0.11774649302296002], [-0.2434327101276571, -0.3356364390746515, -0.5785749260743636, -0.6052127183618975, 0.0020291596058644584, -0.20091256398496515, -0.11323874607882209, 0.3721882800056514, 0.7136962798301808, 0.5502703366588434, 0.11216127806348099, 0.4684777299698158, 0.03488853361239945]], "inverted": true, "swapped": true, "error_lsq": 0.04857957501469571, "error_max": 0.27252014147230114, "target": "1061.xyz", "model": "9.xyz", "model_rescale": 3.877068213659057, "target_rescale": 4.074981749017439},
{"mapping": [3, 4, 2, 6, 13, 10, 9, 11, 5, 12, 7, 8, 0, 15], "R": [[0.13767686264635745, 0.8494461689571655, 0.5093979657751402], [0.5923469204858696, 0.3415768467748983, -0.7296919785349327], [-0.7938326065882926, 0.40220201863157334, -0.45613959368369306]], "T": [-0.025357606298961298, -0.07690620445023827, -0.1265146089907283], "aligned_model": [[-0.3621809264370458, -0.5845051146535238, -0.008540331309930253, 0.2535631105496196, 0.18141596322029682, 0.6649181028419032, 0.39377706755672187, 0.3364829315338249, -0.6346523423633508, 0.014843137918388934, -0.5647651858698005, -0.04404966547742616, -0.22782650393694606, -0.0459882810299749], [-0.1047537029500154, -0.4527835431234186, -0.6722602237981796, 0.00428612255204594, -0.7043509257223532, 0.08385852698681145, -0.2753570465976297, 0.5027430076113819, 0.35332384721437954, 0.5833806863317657, -0.35499710641207904, 0.073146459696113, 0.6548181234493986, 0.00762550497257139], [-0.663669996720096, -0.1910201895076325, 0.1661048176673447, -0.6704958723385349, -0.5280072099931552, -0.1562623140438577, 0.34315409586678536, 0.15229265849153645, -0.3603039789189093, -0.47379020234467417, 0.41937135232755574, 0.6300947622929935, 0.11296793543135314, -0.1034106914844824]], "inverted": false, "swapped": false, "error_lsq": 0.04188239811469922, "error_max": 0.30739783007387733, "target": "1061.xyz", "model": "10.xyz", "model_rescale": 4.260839863003843, "target_rescale": 4.074981749017439},
{"mapping": [8, 1, 10, 12, 11, 7, 9, 0, 2, 6, 5, 13], "R": [[-0.0797570759949967, -0.35146957014372215, -0.9327957708371732], [0.7958674550292837, 0.5409906157535034, -0.271889955113934], [0.6001948040877563, -0.7640669440105579, 0.23657536265728807]], "T": [-0.01754779979517382, 0.06999493486969934, 0.04242868330168436], "aligned_model": [[0.3039466676558029, 0.36141458953950234, -0.2961743092662207, -0.4026206027084607, -0.674543720025406, -0.2980974193724668, 0.21736626950218027, 0.646691673485225, 0.16549169105281367, -0.26938283688126274, 0.14541056856453186, 0.059396077547891155], [-0.08565941109345059, -0.57881872544296, -0.6136335898248906, -0.08071223441548935, 0.09137429302480495, 0.6025282627759446, 0.6333738262861621, -0.062246237216145237, -0.43399346413934925, 0.08482269195580744, 0.5515517216591002, 0.06449137196339921], [-0.7883088600037568, -0.11557109245597941, 0.17627231164134083, -0.5038513822369495, 0.09306207844347186, -0.23010778872630028, -0.6112978402331709, -0.09128600587694516, 0.5459481340576592, 0.5651490288890416, 0.5053912924972306, -0.029221798600137856]], "inverted": false, "swapped": true, "error_lsq": 0.051209243507985884, "error_max": 0.23315138107702194, "target": "1061.xyz", "model": "11.xyz", "model_rescale": 3.890672605050136, "target_rescale": 4.074981749017439},
{"mapping": [11, 9, 12, 2, 10, 4, 7, 0, 6, 1, 5, 3, 8, 13], "R": [[-0.9625329010042184, -0.23598827006210396, -0.13356627896853007], [-0.22163546562633377, 0.4008751669334072, 0.8889189057010269], [-0.15623103040370034, 0.8852167174930716, -0.4381589074865301]], "T": [-0.13978546016678353, 0.04340205696627325, -0.15469058588010953], "aligned_model": [[-0.18205961510169089, -0.7535309539432719, 0.0002584080967296398, 0.35056965087645753, 0.25963102674928296, 0.55714084653742, 0.06589204932656731, 0.16056420334768076, -0.5877043125861388, 0.011542824134198992, -0.5436236519546583, 0.4188486263013981, -0.3475082823737953, -0.03752885686742281], [-0.10399782864375923, -0.41648553398353244, -0.656969526875802, -0.07225621584380643, -0.660507081352754, -0.028037930844157843, -0.3269751566180332, 0.5399473308150609, 0.3740288786091889, 0.7024798473851697, -0.39094267543671607, 0.37262056773020497, 0.41278033533923014, -0.04700528006950147], [-0.6831301126397388, -0.2875073339988619, 0.057440284700783106, -0.6564267343396839, -0.5348470002849621, -0.13897133047708904, 0.5852294449492625, -0.04547790166991211, -0.30339482388020445, -0.5394171211454907, 0.3485305882792604, 0.5030375385058518, 0.4280631892588572, -0.056103520531844614]], "inverted": true, "swapped": false, "error_lsq": 0.051198669613558505, "error_max": 0.37913178806315, "target": "1061.xyz", "model": "12.xyz", "model_rescale": 4.124412569039231, "target_rescale": 4.074981749017439},
{"mapping": [12, 10, 6, 8, 11, 7, 1, 9, 2, 0, 5, 4, 13], "R": [[-0.9565759127941437, 0.1259756965393699, -0.26285480201714323], [0.1624389314497709, 0.9791634482302779, -0.12187097767413096], [0.24202503302656034, -0.15927669487785234, -0.9571075268000351]], "T": [0.18006198718559224, 0.07265432938809588, 0.03624351510115989], "aligned_model": [[-0.20707484897426792, -0.06965480662192058, 0.6420202711309835, -0.6144010107526354, 0.4125696455291523, 0.3892498276065358, -0.4440949390471876, -0.01371261971176771, 0.18486204909876605, -0.18423806058436648, 0.7734199174560885, 0.39553081741095164, 0.10282206496942528], [-0.28795908104060686, 0.5689375118080577, 0.3562692209643068, -0.3058256537759798, -0.06766516172952627, -0.5494054902715644, 0.5066093147762635, -0.7042922088491057, 0.808170252793446, 0.23501590477838488, 0.09359546827029944, 0.6475272980452909, 0.04650800073921127], [0.47155795631515973, 0.5404650280702671, 0.24369096662989242, -0.17182686031804126, 0.6370056028546763, 0.11278102973507806, -0.0716767775709432, -0.36218369439067977, 0.030509000474998688, -0.527232853163017, -0.31056274424541985, -0.610477757413428, -0.03035081601070405]], "inverted": true, "swapped": true, "error_lsq": 0.051458111003254994, "error_max": 0.3497033273697154, "target": "1061.xyz", "model": "13.xyz", "model_rescale": 3.9028299243045295, "target_rescale": 4.074981749017439},
{"mapping": [5, 13, 14, 4, 10, 7, 9, 3, 8, 0, 11, 6, 2, 15], "R": [[0.8005602863573877, 0.3972844215802306, -0.44862937518294455], [0.20380826812379604, 0.5235113330814196, 0.8272835511357], [0.5635294293572931, -0.7537247325814491, 0.33813253280816813]], "T": [-0.13721075086578138, 0.047059296281734636, -0.051961801941491095], "aligned_model": [[-0.3505225875820629, -0.5179474560466357, -0.16116226801467265, 0.24165954612556295, 0.22231990544305613, 0.7164887927659842, 0.3019500060902732, 0.31796799257219255, -0.7053056601927012, -0.05681714313473027, -0.3754351997365819, 0.21933567538417004, -0.42871596687341895, -0.05132367425767824], [-0.047794280725480184, -0.5480940634040967, -0.8258527060593015, 0.13747606750704552, -0.4974214240189466, -0.25542627125081574, -0.3888114300009191, 0.4730849370665169, 0.4121822857728037, 0.735778962314925, -0.39033559056799927, 0.2132520637624641, 0.6898147461470259, -0.009173566332430112], [-0.5075961870583472, -0.4173155915453881, 0.09122204413823352, -0.6066196959821232, -0.4120049305302232, -0.033864109420168445, 0.4149428949542237, -0.05393921294933081, -0.42674245258872917, -0.5062948281456685, 0.4937409681227977, 0.4862415724577421, 0.15789507849036977, -0.002640383217161285]], "inverted": true, "swapped": false, "error_lsq": 0.04526158980738659, "error_max": 0.30079712020183547, "target": "1061.xyz", "model": "14.xyz", "model_rescale": 3.942246331269136, "target_rescale": 4.074981749017439},
{"mapping": [2, 0, 7, 5, 9, 10, 6, 4, 1, 3, 8, 11, 13, 14], "R": [[-0.9327812566784051, -0.3384095227520173, -0.12408916995534838], [-0.2847597927652341, 0.9029367791441962, -0.3218959976343385], [0.22097734638138003, -0.2649229468722123, -0.9386079291199211]], "T": [-0.015996995619332547, 0.059372056749120564, -0.07123985743324007], "aligned_model": [[-0.2966470811206996, -0.6384288120035417, -0.17547168963116755, -0.029879226125253667, 0.4668096285286488, 0.6946085076204641, 0.14980113819476587, 0.3247483979875445, -0.5329052510542245, -0.028578680736207583, -0.43690905238000305, 0.19295856447960674, -0.2135998011765396, -0.10401468004063556], [-0.42549607000897044, -0.3080636682294209, -0.7805309166759092, 0.033484140966704254, -0.5267380306309547, 0.07975930725780656, -0.36963617139642363, 0.5221235710382527, 0.3737605826782517, 0.6426885525570238, -0.3147954306915626, 0.08502461514951414, 0.6465203659620304, 0.040578882234449706], [-0.5896859470140774, -0.2064696797003911, -0.08174344399518318, -0.7052088296091166, -0.33870020081616475, -0.011034418931612389, 0.24696182129521022, 0.044594462530293616, -0.6103197643190219, -0.4909200897752636, 0.45948856474105765, 0.6141728246844773, 0.4552008711674809, -0.10931100353146189]], "inverted": true, "swapped": false, "error_lsq": 0.055216248818555254, "error_max": 0.32573668324302785, "target": "1061.xyz", "model": "15.xyz", "model_rescale": 4.355366556412066, "target_rescale": 4.074981749017439},
{"mapping": [10, 1, 2, 7, 6, 12, 5, 9, 4, 8, 3, 13], "R": [[0.30941145595858316, 0.5012421417469262, 0.8080970648743528], [-0.5943176404608255, -0.5614512318972062, 0.5758116501410738], [0.7423281573257656, -0.658429061887508, 0.12417760387150914]], "T": [-0.14808865489357584, -0.024243201245724637, -0.07327789317307658], "aligned_model": [[-0.20974073009882474, 0.40587439199219055, 0.17975868363648292, -0.5761119871989642, -0.38972604171484293, -0.4741599152481428, -0.13305997761065758, -0.09553837792413347, 0.5137988071422566, 0.20009423526932682, 0.2500531240283962, -0.07343365764130685], [-0.7716422663671324, -0.4860332999953701, -0.5460812407209771, 0.44756501389978787, -0.19302487178291178, -0.16358438598861483, 0.3763083530483735, 0.7065438222155133, 0.03013032942543505, 0.09769519336305625, 0.5068432061395374, 0.008056574504283164], [-0.0511765927186585, 0.19018070862208197, -0.47482587537517246, 0.1021330474341771, -0.5732793221272228, 0.5129619824986278, -0.6319543088613047, 0.439681712986659, -0.668343148398439, 0.7523197914130685, -0.1420032216663957, -0.006436312597999719]], "inverted": true, "swapped": true, "error_lsq": 0.04549667613210843, "error_max": 0.22065533075171956, "target": "1061.xyz", "model": "16.xyz", "model_rescale": 3.795458400668931, "target_rescale": 4.074981749017439},
{"mapping": [7, 9, 3, 11, 5, 8, 12, 6, 10, 1, 0, 2, 13], "R": [[-0.8876923834559235, 0.23537727460470148, 0.39572688934921385], [0.4356329473454037, 0.15106241226426642, 0.8873579225927145], [0.14908443091583615, 0.9600925404358499, -0.23663504866764257]], "T": [-0.022449475413341018, -0.008063243058771166, 0.003172719194473709], "aligned_model": [[0.06765387604095363, 0.04929808727249794, 0.426067129353213, -0.22677985989240942, 0.6569330926448884, -0.5210725413037536, -0.6108371195316677, 0.21533972793040398, -0.5152490213108105, -0.4214138612063793, 0.05707918389224482, 0.01287442488470971, -0.04126131786966858], [-0.26758113535584566, 0.33427695680424696, 0.4270982909549776, -0.6316094295415278, -0.11379635365958694, 0.6111356772871459, -0.137954956270877, -0.42748186130677346, -0.18285565772260048, 0.5165792977943713, 0.6724388364441932, 0.07461243428228531, 0.08891916576047673], [-0.5977497488458822, -0.8199884057542467, -0.23083607032535525, -0.06088744127461557, 0.009997803503041098, -0.4277328030264172, -0.3229311714754365, 0.32631607037999033, 0.5412164234996915, 0.3970168643508689, 0.08786944700490537, 0.7332114532895379, -0.03322739048978632]], "inverted": true, "swapped": true, "error_lsq": 0.0433749443476448, "error_max": 0.24251323238267028, "target": "1061.xyz", "model": "17.xyz", "model_rescale": 3.7474275329858107, "target_rescale": 4.074981749017439},
{"mapping": [9, 6, 2, 12, 7, 11, 1, 10, 4, 5, 0, 3, 8, 13], "R": [[0.6407301121792491, -0.7497216635335182, 0.16547613294762817], [0.7653447679336678, 0.6065939206928205, -0.21515390206796728], [0.06092872510833591, 0.2645018763771751, 0.9624585434446652]], "T": [0.012254208122180033, -0.03154800832200712, -0.08244789024057977], "aligned_model": [[-0.2747011341803346, -0.6505837760468582, -0.2756375245661366, 0.32803708079371324, 0.45863249876777396, 0.7259473820738793, 0.23179141571957032, 0.34013896857021875, -0.7463797271217507, -0.1222108931614494, -0.589652706258998, 0.2863045666632663, -0.276140955959448, -0.06305323275068898], [-0.170595033022079, -0.330442588344725, -0.6768458331331036, 0.10428192750368172, -0.5394223634569991, -0.036486617935301495, -0.4437418587336932, 0.5757547183394022, 0.285375002706688, 0.5446449397360629, -0.22938153722276067, 0.20760701594701836, 0.5077428725758583, -0.09981091474925738], [-0.6707052508423654, -0.33994866351340036, -0.01505507642880359, -0.7465776435075172, -0.41445593693949756, 0.028702122786370632, 0.4278638389728546, -0.09314146396531672, -0.19760074256052398, -0.49854975254742784, 0.46318234356586263, 0.49051847584002906, 0.29550452254896065, -0.05271160668299736]], "inverted": true, "swapped": false, "error_lsq": 0.05366387514801151, "error_max": 0.3140040824039122, "target": "1061.xyz", "model": "18.xyz", "model_rescale": 3.922800546911778, "target_rescale": 4.074981749017439},
{"mapping": [1, 2, 10, 8, 6, 13, 11, 12, 0, 5, 9, 7, 3, 14], "R": [[0.20451388310255308, 0.5032818707770987, -0.8395721709093384], [0.6512262027656126, -0.7103036118643549, -0.26715765346314435], [-0.7308067490450516, -0.49211394769865635, -0.47301729147109156]], "T": [0.032683320514236794, -0.04620254803986923, -0.17296505408928092], "aligned_model": [[-0.38050926912121863, -0.6095023192425474, -0.1173789852891375, 0.45221899639819424, 0.13739657123150995, 0.6629897267747906, 0.29153309388910614, 0.28033674738383524, -0.6495610729033958, -0.05158509492788736, -0.44533360650643555, 0.09719824277228219, -0.3205564917806645, 0.025245423864325538], [-0.1942934082326659, -0.33505319142830303, -0.8120519548418251, 0.037659612203410214, -0.5618177226779356, -0.0019764456615175285, -0.3929383497889194, 0.6719128918408697, 0.41396997802866564, 0.5823867604361896, -0.2858727150629288, 0.21219693779379328, 0.3844361887747902, -0.0198788511728323], [-0.7690556553686079, -0.04146648872811748, 0.0308893982569291, -0.6103980303971269, -0.6189963295849454, 0.09642617241134344, 0.3927333561772029, 0.03097621130629971, -0.31865812042666075, -0.5975919910753592, 0.4408763052502767, 0.580213908432637, 0.14155228557523214, -0.08047585510287647]], "inverted": true, "swapped": false, "error_lsq": 0.045124498016242076, "error_max": 0.30836700770659586, "target": "1061.xyz", "model": "19.xyz", "model_rescale": 3.9282355846067225, "target_rescale": 4.074981749017439},
{"mapping": [3, 5, 1, 4, 0, 11, 10, 9, 6, 8, 2, 12, 7, 13], "R": [[0.5086763591668968, 0.07344421544916777, -0.857819508312656], [-0.25671489547066684, -0.9380937557931821, -0.23254584018065474], [-0.8217942711337157, 0.3385056167316848, -0.45833189216211756]], "T": [-0.09481193909538453, 0.07917940697084752, -0.116266725747882], "aligned_model": [[-0.30320887380212835, -0.7237973399726355, -0.21048576724909174, 0.19056155816210096, 0.32684770721820017, 0.6054634668671879, 0.34000349764181687, 0.39066020493820347, -0.6165643305653065, 0.14307435340010938, -0.4184558571654352, 0.16306806841645016, -0.4521628283765004, -0.06251189697021395], [-0.37524686820633796, -0.2175741486029747, -0.6611721044766457, 0.06358631964008996, -0.5355612237494203, -0.04090110029988463, -0.33500572235409337, 0.5272018765529649, 0.31396652794311397, 0.6896670902087552, -0.42924699643684555, 0.4496331437492022, 0.32506509948549234, -0.07573216324262452], [-0.678781211939108, -0.1795505703385079, -0.11623088873434013, -0.6799037256248768, -0.40694539336762425, -0.2087772597616509, 0.5014877267755978, 0.08871495478663971, -0.43169263444600403, -0.5027075098089673, 0.44540347728416585, 0.6041888772563664, 0.330877931523355, -0.08905860687881828]], "inverted": true, "swapped": false, "error_lsq": 0.04246723074688308, "error_max": 0.2542819408811096, "target": "1061.xyz", "model": "20.xyz", "model_rescale": 4.067790424073018, "target_rescale": 4.074981749017439},
{"mapping": [13, 10, 9, 5, 1, 8, 7, 2, 11, 6, 12, 0, 3, 14], "R": [[0.5327195978112571, -0.4511916444498302, 0.7159859845600828], [0.49892487686041853, 0.8508061694211242, 0.16493280245230146], [-0.6835815952449488, 0.26936028299215115, 0.6783518560369387]], "T": [0.021037281025706706, 0.06656027713105665, -0.13446937863142283], "aligned_model": [[-0.27490660879969564, -0.5050618925266716, -0.2161577032798909, 0.347783111419782, 0.22790964248903908, 0.5671319356854012, 0.3879783497210493, 0.26808455765242334, -0.6061900393104265, -0.08977901108411607, -0.555940633921304, 0.29342243722556094, -0.4370501701103524, -0.0347320126180416], [-0.16740947922151594, -0.518667905140736, -0.6284099050881573, -0.011192934081408035, -0.6965522829764639, -0.09759257527330538, -0.4587710646475412, 0.6983898183506637, 0.18602108080847474, 0.7222403857415031, -0.11980950417496473, 0.15535896959697604, 0.6227441255014052, 0.012331000815861297], [-0.7242141304219969, -0.36253615792210986, 0.12009865690200844, -0.6199152781136636, -0.3539418095824409, -0.13293122237334315, 0.24768921496370266, 0.17127725747840505, -0.23619085614648572, -0.45906181118491796, 0.3339072403164419, 0.5154376519654797, 0.3178141945551764, -0.14040778371002915]], "inverted": true, "swapped": false, "error_lsq": 0.05151147135979842, "error_max": 0.3354142731375924, "target": "1061.xyz", "model": "21.xyz", "model_rescale": 4.186013935880536, "target_rescale": 4.074981749017439},
{"mapping": [6, 11, 10, 4, 3, 2, 5, 7, 1, 12, 9, 0, 13], "R": [[-0.349536315037718, -0.9217435927434324, -0.16796759719149032], [-0.9356273279551305, 0.33397359957706146, 0.11429408545101358], [-0.04925309790659018, 0.1971050076024711, -0.979144396054348]], "T": [-0.05855370207959502, -0.00889898468188724, -0.04624820920877466], "aligned_model": [[0.04024642608561526, -0.3852573423440316, 0.3604725051758307, 0.5688311012638425, -0.08886572660662789, 0.6320013386515079, -0.11725503396302864, -0.7145272247306113, 0.5367006177763597, -0.39259835061559445, -0.6483008266643111, 0.3151113714252818, -0.047984820031007576], [-0.39289602607069674, 0.036531087412749075, 0.33380625897729754, -0.5485439998651043, -0.28961511589286115, -0.13397772891174886, -0.6853835961821704, -0.06864691840936525, 0.44533311540952525, 0.5696920113253187, 0.1370281319926771, 0.07616463440031483, 0.03946480536015744], [-0.47011388941242294, -0.6170943328229409, -0.5657334948568636, 0.2859049442248946, 0.5583776700389363, -0.2665403840537714, 0.06196209655255236, 0.005760299301258251, 0.12369613879197212, -0.19811083313643385, 0.6101376289105129, 0.5279643099092172, 0.04666940788843488]], "inverted": false, "swapped": true, "error_lsq": 0.04587653458407804, "error_max": 0.3077344499625788, "target": "1061.xyz", "model": "22.xyz", "model_rescale": 4.166573947596378, "target_rescale": 4.074981749017439},
{"mapping": [9, 10, 7, 3, 8, 4, 0, 2, 12, 11, 5, 1, 6, 15], "R": [[0.2517579114043894, 0.7352390187565956, 0.6293183132113179], [-0.79964496862943, -0.20825489904261238, 0.5632031792971247], [0.5451475746905029, -0.6450220789419462, 0.5355003636660506]], "T": [-0.13747789168330865, -0.003415277389692266, -0.18758544536277938], "aligned_model": [[-0.1755969844906925, -0.6076046110757514, -0.23204370437780855, 0.3239378777183428, 0.3439211667290522, 0.5813847153772793, 0.2945947803198719, 0.25565984028020433, -0.5611124075902589, -0.12002002596981307, -0.4343831834120254, 0.12583442913041326, -0.2936543393713402, -0.12842559072471665], [-0.11690030739196064, -0.5845864048536115, -0.6298087743405616, 0.20579274995203933, -0.5868291237836519, -0.10550149735039499, -0.4416037707710223, 0.49433603953568356, 0.483901860456854, 0.5822129215274998, -0.2437800481379433, 0.11514656035347115, 0.526438248074047, -0.00013872305965715107], [-0.7759027483643317, -0.2340851380466552, 0.1441948158000959, -0.5112428893669729, -0.47387615533549876, -0.07503115078108102, 0.34912659401610996, 0.03712679149745643, -0.2991074580891963, -0.7156272647143711, 0.5507464623372549, 0.46411139612549784, 0.33583770153469766, -0.1192457898867786]], "inverted": true, "swapped": false, "error_lsq": 0.046258494692246147, "error_max": 0.28248260271165754, "target": "1061.xyz", "model": "23.xyz", "model_rescale": 4.274766983524099, "target_rescale": 4.074981749017439},
{"mapping": [1, 3, 9, 12, 7, 11, 10, 6, 2, 5, 13], "R": [[-0.021233414173086607, -0.9089473231357454, -0.4163699147235751], [0.7009777451819972, 0.28341523806633157, -0.6544509176335287], [0.7128669882117683, -0.3057622713746214, 0.6311339719280806]], "T": [-0.034382909033148785, 0.09403747670784093, 0.025834041552037914], "aligned_model": [[0.39891274728844556, 0.16968013090241837, -0.4717592088981345, -0.5666352560792035, -0.602979911748826, -0.47947567439057726, 0.116305418129483, 0.08594096407710564, 0.5884592507277212, 0.16084757667683736, -0.01940133272719513], [-0.3182428432440966, 0.6849330588921252, 0.6695791241403104, -0.24211008621874294, 0.42645396310823924, -0.18335425221608312, -0.6339661465627597, 0.01844460821031163, -0.24596192476833192, 0.6191972885008946, 0.12061374140161663], [-0.45563807547157126, -0.2076043993620554, -0.5008466465385596, -0.2445876281137417, 0.07849039001342231, 0.42534713997179113, 0.12682196639976306, 0.5885819351663856, 0.21950295969703087, 0.42443029813439115, -0.07493150587527891]], "inverted": false, "swapped": true, "error_lsq": 0.04482999944009781, "error_max": 0.2347195150902912, "target": "1061.xyz", "model": "24.xyz", "model_rescale": 3.7841303162186577, "target_rescale": 4.074981749017439},
{"mapping": [9, 12, 5, 8, 2, 1, 4, 7, 14, 10, 3, 6, 11, 15], "R": [[0.10105761486392321, -0.5182142973981014, -0.8492592657429221], [0.5559364137703, 0.7373330816423112, -0.38376376921235134], [0.825058823552741, -0.43335189937052887, 0.3626073206510345]], "T": [0.0027066985671071672, 0.08754260752530052, -0.13833665621878494], "aligned_model": [[-0.22636141897557188, -0.587090621034332, -0.26348237295145244, 0.44825868988959, 0.0870194152173708, 0.726645852071659, 0.3027750283909266, 0.21543835374523862, -0.6630101048235253, -0.16768284202571174, -0.31732347686964124, 0.171740660089329, -0.36093816981077687, 0.00650296962965468], [-0.05671637342476468, -0.3679803897689146, -0.7266780280329852, -0.10733296601243197, -0.5954514383758717, -0.07820321746532449, -0.4687239280344426, 0.671870880117422, 0.19154676933477674, 0.7385239391487349, -0.2545029078427231, 0.11167312808896064, 0.556903352233983, 0.08375091024437276], [-0.6568517017737097, -0.27908404395720166, 0.05014909995083053, -0.4744388988560113, -0.44688734411596254, -0.09990727521292242, 0.25818683830765493, 0.05169300682080291, -0.5570289469529561, -0.5287797578501838, 0.517092546563406, 0.5637115544280764, 0.3483772948773681, -0.0692072055029645]], "inverted": false, "swapped": false, "error_lsq": 0.04732771783259258, "error_max": 0.29776779851041174, "target": "1061.xyz", "model": "25.xyz", "model_rescale": 4.19342608120988, "target_rescale": 4.074981749017439},
{"mapping": [10, 1, 2, 7, 6, 12, 5, 9, 4, 8, 3, 13], "R": [[0.30941145595858316, 0.5012421417469262, 0.8080970648743528], [-0.5943176404608255, -0.5614512318972062, 0.5758116501410738], [0.7423281573257656, -0.658429061887508, 0.12417760387150914]], "T": [-0.14808865489357584, -0.024243201245724637, -0.07327789317307658], "aligned_model": [[-0.20974073009882474, 0.40587439199219055, 0.17975868363648292, -0.5761119871989642, -0.38972604171484293, -0.4741599152481428, -0.13305997761065758, -0.09553837792413347, 0.5137988071422566, 0.20009423526932682, 0.2500531240283962, -0.07343365764130685], [-0.7716422663671324, -0.4860332999953701, -0.5460812407209771, 0.44756501389978787, -0.19302487178291178, -0.16358438598861483, 0.3763083530483735, 0.7065438222155133, 0.03013032942543505, 0.09769519336305625, 0.5068432061395374, 0.008056574504283164], [-0.0511765927186585, 0.19018070862208197, -0.47482587537517246, 0.1021330474341771, -0.5732793221272228, 0.5129619824986278, -0.6319543088613047, 0.439681712986659, -0.668343148398439, 0.7523197914130685, -0.1420032216663957, -0.006436312597999719]], "inverted": true, "swapped": true, "error_lsq": 0.04549667613210843, "error_max": 0.22065533075171956, "target": "1061.xyz", "model": "26.xyz", "model_rescale": 3.795458400668931, "target_rescale": 4.074981749017439},
{"mapping": [2, 5, 4, 1, 8, 11, 6, 10, 7, 0, 12, 9, 13], "R": [[0.48045687893200284, -0.3133878103100716, -0.8191149295648184], [-0.3763337442848769, 0.7699483192239183, -0.5153178617482495], [0.7921704995766023, 0.5558485999562486, 0.2519885583260373]], "T": [-0.1207417665513343, -0.09965939463864867, 0.02743340727643117], "aligned_model": [[-0.01905912942248074, 0.3798612726514887, 0.6290525540694568, -0.13933730377130704, -0.19729686565152948, -0.643695242277196, -0.15018412006037618, -0.6066893144855457, -0.2143434512325998, 0.3322287423575927, -0.6907384007742375, 0.10263334099419087, -0.08275569957619992], [-0.6566387557149854, -0.37007968479601927, -0.4809151690759461, -0.027606286179630762, 0.7151382095507605, -0.29929578925732647, -0.6456158714308421, -0.4676255972210879, 0.22503088943494035, 0.15098038350694334, 0.2804976907315073, 0.7135423308164229, -0.015530847107821877], [-0.4421134290207696, 0.41351139168714335, -0.2685508193933894, -0.7367643047293838, -0.35721710277772234, 0.3757571489705254, 0.2222204223565597, -0.41000305990141067, 0.5952281827141465, -0.4292709207417224, 0.027205723782848197, 0.32533486391330524, -0.023201434760703687]], "inverted": false, "swapped": true, "error_lsq": 0.0503967729710335, "error_max": 0.28990782911667806, "target": "1061.xyz", "model": "27.xyz", "model_rescale": 3.6321398670334006, "target_rescale": 4.074981749017439},
