[{"mapping": [11, 8, 4, 12, 5, 6, 3, 2, 9, 1, 0, 13], "R": [[-0.01644239170799676, 0.5058770939544303, -0.8624488469278286], [-0.9732845748573381, 0.18946728546399338, 0.12968918260084905], [0.22901262869040986, 0.8415405596589662, 0.4892470769960536]], "T": [0.017333756017094228, 0.14501865449307444, 0.0686273839846899], "aligned_model": [[-0.3757043779971247, -0.2156613785025814, 0.3581803806689364, 0.17276010721858925, -0.7327921232068308, -0.1959866412960317, -0.024723076249052893, 0.55020300738262, 0.6464050879755627, -0.07291815266927773, 0.6243043247894312, 0.059478771412714085], [0.265012888560807, -0.3167815421644877, -0.6769768961323734, 0.6969312403852324, 0.1011463793467975, -0.5862999200221239, -0.16779924414836495, -0.3112165077711346, 0.31470071848842207, 0.5239932205094581, 0.38712960112963823, 0.11993520251677664], [-0.49545084626746205, -0.5170627877613411, -0.2800144376983852, -0.011090586759846865, 0.1568750425010505, 0.13354144137506957, 0.4852525043831407, 0.3835211487254334, -0.2663657924092533, 0.494393733892867, 0.4789704754868611, -0.08672537707752923]], "inverted": true, "swapped": false, "error_lsq": 0.05393011573193967, "error_max": 0.4208261859106987, "target": "1062.xyz", "model": "0.xyz", "model_rescale": 3.8414455957264533, "target_rescale": 3.7432254258687427},
{"mapping": [9, 2, 5, 13, 0, 4, 1, 10, 8, 11, 12, 14], "R": [[-0.8352080910637684, -0.25969154053816346, 0.48475534901074746], [0.00593839476043076, -0.8856866153581123, -0.4642455760081734], [0.549901973163659, -0.3848629926979298, 0.741274778177639]], "T": [0.021311226831632724, -0.03385483337825064, -0.0638889312485855], "aligned_model": [[-0.06819993420730724, -0.14940661037867553, 0.3003055231075645, -0.06637820739939022, -0.6183747349523343, -0.3858091257961784, -0.1269921018057354, 0.6535815968076601, 0.5958230535431739, 0.06806366400786487, 0.5473423578876191, 0.04359044871269269], [0.31987046686473103, -0.5641518748493591, -0.6295297440343046, 0.7190177508118754, 0.17477026344931984, -0.3893175951448118, -0.2332281434080004, -0.23382673519782365, 0.46994912458096977, 0.4343448175570798, 0.34294347875645875, -0.061066668687488126], [-0.6404093940345259, -0.5478777694294414, -0.10458743789063904, -0.04543803049944675, 0.20591619986899504, -0.002926005451946434, 0.7648174685888961, 0.10530538941091641, -0.2649365137104579, 0.6466521995890958, 0.3405907653981888, 0.018737646550969406]], "inverted": true, "swapped": false, "error_lsq": 0.04830216433573456, "error_max": 0.3157127952331522, "target": "1062.xyz", "model": "1.xyz", "model_rescale": 4.316132596720782, "target_rescale": 3.7432254258687427},
{"mapping": [7, 3, 5, 10, 6, 4, 2, 0, 9, 8, 1, 11], "R": [[-0.27834585587069216, 0.600040480283491, -0.7499833375087541], [-0.8601665772809953, -0.503160327032375, -0.08332553407792581], [-0.4273605548577337, 0.6219172833438795, 0.6561873580234987]], "T": [0.11051730023472606, 0.061265751747574294, 0.02452346029841037], "aligned_model": [[0.07635496735850855, -0.2949825717264541, 0.3694928249459392, -0.14529037344768703, -0.69903291701534, -0.24393088261379342, 0.09936654474837042, 0.5467537202018866, 0.7272984302291928, -0.12725711514466298, 0.47942769184123446, 0.0053456101497596775], [0.2673024643907395, -0.17878132375070022, -0.37464342335245415, 0.6327107880505921, 0.05755000473741297, -0.5906321951176777, -0.13883453482852492, -0.4451920830111247, 0.3018271858808532, 0.5197214206163182, 0.30276080919089876, -0.004013972107685622], [-0.8454437389886715, -0.4326026319598458, -0.3738165334018997, -0.04792516397509999, 0.16843524568806392, 0.2336293752912554, 0.8372724607341221, 0.2635052715146838, -0.30963629090227135, 0.5904897515967475, 0.34103968989807154, 0.0508970828954487]], "inverted": true, "swapped": false, "error_lsq": 0.045087507155025595, "error_max": 0.24776398473621186, "target": "1062.xyz", "model": "2.xyz", "model_rescale": 3.795458400668931, "target_rescale": 3.7432254258687427},
{"mapping": [2, 10, 0, 6, 5, 4, 9, 7, 1, 3, 8, 11], "R": [[-0.25468085653515005, 0.8985195819666665, 0.3574915693229277], [0.34863775778767253, 0.4301348263159654, -0.8327278937533669], [-0.9019918930673971, -0.08744479408507705, -0.42280495837692345]], "T": [0.08047816244703011, 0.0016630272398429902, -0.02983556292689786], "aligned_model": [[-0.04891000483532741, -0.49098526336062354, 0.4214064906740305, 0.07143771556496901, -0.5500937781329391, -0.17802485569466264, -0.03453796396235333, 0.5676793857889034, 0.6173851325365983, -0.18418421045806382, 0.46501713483676066, 0.13735614656966205], [0.3740064991811948, -0.2128817587320662, -0.5582189988889324, 0.5908544579978927, 0.01058940911044684, -0.5839376377427217, -0.023764611729471724, -0.39593129016684425, 0.19782263145278597, 0.5481785245573453, 0.5255385278516694, -0.12248061219265137], [-0.6873645375621992, -0.4377703900459011, -0.45704503848428857, -0.021587844311494506, 0.2802030846787451, 0.004845615069389034, 0.8307917481953441, 0.40358804436285806, -0.29350421313756, 0.48818438369293776, 0.4040390452302213, -0.038535379297447846]], "inverted": true, "swapped": false, "error_lsq": 0.05200513165211095, "error_max": 0.2196075372948377, "target": "1062.xyz", "model": "3.xyz", "model_rescale": 3.7530521520055578, "target_rescale": 3.7432254258687427},
{"mapping": [8, 1, 2, 5, 7, 4, 10, 3, 9, 6, 11], "R": [[-0.11473931099395751, 0.9019114476523691, -0.4164020066068853], [0.9617274621358236, -0.004142779853385847, -0.2739765061987519], [-0.24882760917233498, -0.43190112059208063, -0.8669176679159822]], "T": [-0.1112131851205832, -0.006974792908040352, -0.10471584791361968], "aligned_model": [[-0.513381266543375, -0.0680389528422646, 0.3535386939500641, 0.4749077600936076, 0.3279202892868604, -0.2671568022952831, -0.1709806051722596, -0.7151938820092797, -0.3284289003479086, 0.3502386524823774, -0.10522538415733369], [-0.6793885855787437, 0.18856385670157993, -0.4220194822219927, 0.2777638248622492, -0.5615964349166109, 0.6896109834722488, -0.4178316589758624, 0.03165076568724905, 0.20394868309682765, 0.2267397630973299, -0.07023835690992891], [0.005775763890511432, -0.7636639125443182, -0.5407168981071518, -0.3207651550574956, 0.1990449282632565, 0.009635328639816101, 0.5240583768296718, 0.07093638626433976, 0.6041617437913684, 0.42117646159300126, -0.11681224631768305]], "inverted": true, "swapped": true, "error_lsq": 0.03990682099971195, "error_max": 0.20784737107192253, "target": "1062.xyz", "model": "4.xyz", "model_rescale": 3.7855080009869324, "target_rescale": 3.7432254258687427},
{"mapping": [1, 2, 14, 4, 5, 9, 10, 13, 11, 7, 6, 16], "R": [[-0.07238270000192065, -0.020704612371251457, -0.9971620047750458], [0.9886303211439992, -0.13360602462678722, -0.06898926219448814], [-0.1317984554353559, -0.9908182220821249, 0.030139972376762303]], "T": [0.0951258868665665, -0.04310568842234021, 0.0602875782542636], "aligned_model": [[0.04824735392030106, -0.2765540732390015, 0.22933090859946484, -0.061382607281585455, -0.6246469034863383, -0.2706015058190011, -0.24326025658332565, 0.8093099922169127, 0.7164634465515626, -0.08628400737776168, 0.46255362917588083, 0.09036995284984625], [0.3423072020708306, -0.3822633875690559, -0.6378956888266339, 0.6767312035664999, 0.2605804994459856, -0.6522845888236061, -0.2499899934158188, -0.1434813568019438, 0.31885701014142626, 0.44737040511837, 0.46198600443115845, -0.09214216863856527], [-0.5896072178318993, -0.4806484160594084, -0.23281865861831094, -0.005596593264190326, 0.2719596694351763, 0.10565894361132336, 0.6715632741090547, 0.12908748913845025, -0.2793576338030685, 0.5968443076046789, 0.24990905398639068, 0.03885030008240769]], "inverted": true, "swapped": false, "error_lsq": 0.04264039087838897, "error_max": 0.25505961083612033, "target": "1062.xyz", "model": "5.xyz", "model_rescale": 4.2253639853439635, "target_rescale": 3.7432254258687427},
{"mapping": [3, 0, 12, 2, 1, 9, 8, 11, 6, 10, 5, 13], "R": [[0.00041475659364295647, -0.013777315391856892, -0.9999050022664961], [0.7443481145447204, 0.6677325979232687, -0.008891684000366828], [0.6677916683747169, -0.744273715276333, 0.010532065233195623]], "T": [0.006547289827914506, 0.04034569185340819, 0.015565309469949926], "aligned_model": [[0.05996920455512738, -0.46583773143477436, 0.5034823202070697, 0.14949424393523328, -0.6926077720643155, -0.25149985376636946, -0.024135122655800596, 0.7120123425530337, 0.537946945117199, -0.16230388875399263, 0.41478722135071217, 0.012238020483831895], [0.34576271558881344, -0.34471005151250134, -0.6744151854889192, 0.6955091210772483, 0.07762385793211896, -0.4940700193390649, -0.19615060589056163, -0.23668110698633466, 0.20953323585211378, 0.5473791385705318, 0.34854533225888307, 0.07144870863631952], [-0.6223030259550242, -0.5056324605887632, -0.3213563851000586, -0.006765417260970411, 0.23578865001891802, 0.158421694692513, 0.7148456297394867, 0.1919994357645476, -0.30491550031001946, 0.5838247905090206, 0.3885189344890431, -0.03658182760808832]], "inverted": true, "swapped": false, "error_lsq": 0.04198462533263945, "error_max": 0.2394457435272303, "target": "1062.xyz", "model": "6.xyz", "model_rescale": 3.89814844738969, "target_rescale": 3.7432254258687427},
{"mapping": [7, 8, 11, 0, 6, 9, 5, 10, 4, 1, 2, 12], "R": [[0.869608986491773, 0.44474614344393826, 0.21443199039438032], [0.4380994919493292, -0.49475010399389563, -0.7505272611649555], [-0.2277038554054177, 0.7466077969655646, -0.6250821959900436]], "T": [0.043779470302737655, 0.10011203767135915, -0.08601901126904973], "aligned_model": [[0.05827959538178411, -0.36880178151167553, 0.2969452045466948, -0.13243081675785834, -0.5889066243750893, -0.14943935897118008, -0.1476089611437181, 0.5253135523786717, 0.6514225744315179, -0.08582997574723439, 0.5443030153913406, 0.1902995059037011], [0.36346835155937507, -0.32860504318764305, -0.5233856918278176, 0.6598055091334374, 0.06107238933058329, -0.6750423499377475, -0.08445339249174613, -0.2822490359053238, 0.21779313071488177, 0.5444395407706797, 0.34394777082775563, 0.05298396171221205], [-0.6874405588161633, -0.4079897359409078, -0.536016857416228, -0.004143861161957307, 0.14969280957692901, 0.31366591266351695, 0.6432838574501136, 0.31501540154947694, -0.26606569057498985, 0.6214914646378327, 0.3516659902662854, -0.0173142138433042]], "inverted": false, "swapped": false, "error_lsq": 0.04441147667218274, "error_max": 0.2571962326534126, "target": "1062.xyz", "model": "7.xyz", "model_rescale": 3.7474275329858107, "target_rescale": 3.7432254258687427},
{"mapping": [9, 8, 3, 11, 13, 2, 1, 0, 7, 12, 10, 14], "R": [[-0.9881917678043215, -0.0821440581456771, -0.12934211902984236], [-0.15230047264261626, 0.6190441659290147, 0.7704471991396208], [0.01678082467002101, 0.7810484455785124, -0.6242449275587139]], "T": [0.0765459168138629, 0.022486238841490494, 0.0339488621324065], "aligned_model": [[-0.007046419751661814, -0.21677168346618253, 0.395381439766153, 0.03914756453851524, -0.7302449890825738, -0.335596495823644, 0.0013167857869140487, 0.5582355720322059, 0.5120202920189343, -0.08830560194651295, 0.6404854458850409, 0.024924019569766358], [0.3806923887182342, -0.30801633346598145, -0.5772970572461223, 0.6295160487769285, 0.3324247715379641, -0.7048536944995576, -0.4068737910865528, -0.27064133860604034, 0.3821080967404173, 0.41854104836046124, 0.47378109255264905, 0.0003939089162467886], [-0.6331651577670365, -0.4856116742063577, -0.19569966066412936, -0.09487710064956573, 0.28121060362375094, 0.1324615462021292, 0.6461517391225204, 0.3749247220145063, -0.3467239892572008, 0.47735294806153367, 0.26539760862515477, 0.05442293328529925]], "inverted": false, "swapped": false, "error_lsq": 0.042855178448382936, "error_max": 0.23238548675217555, "target": "1062.xyz", "model": "8.xyz", "model_rescale": 4.019505241142653, "target_rescale": 3.7432254258687427},
{"mapping": [3, 2, 0, 5, 6, 1, 9, 7, 4, 11, 8, 12], "R": [[-0.006259998870262382, -0.9306223056498706, 0.36592750189219664], [0.9782623537582327, 0.07015189164170874, 0.19514476502968853], [-0.2072765776288935, 0.35919470531455383, 0.9099536164225319]], "T": [-0.07060680672842921, -0.023138875701685976, 0.09884077595131648], "aligned_model": [[0.06262049073552285, -0.33099894986331485, 0.3385585498475697, -0.09309574137129872, -0.7489288757609415, -0.1987147066269711, 0.09399174465928818, 0.7946164379686337, 0.6187735481259876, -0.11111758840341875, 0.434914634088548, -0.06707361387265158], [0.25685908480387787, -0.1431719932088218, -0.35855702131191797, 0.6015779267866265, 0.23741986540233867, -0.6767688648287603, -0.15588286313149213, -0.2824628269373309, 0.2171734189641215, 0.43338474962232704, 0.2040178228081274, 0.01618584172955101], [-0.702603194058405, -0.41861467595908475, -0.2789481289208605, -0.1455930262311249, 0.09175903431278103, 0.21136413116205624, 0.7489380087655649, 0.1598638472204315, -0.29435052432931474, 0.5197856417972975, 0.48482631788592173, 0.09941708674534129]], "inverted": false, "swapped": false, "error_lsq": 0.04786874964071572, "error_max": 0.25143129200915154, "target": "1062.xyz", "model": "9.xyz", "model_rescale": 3.877068213659057, "target_rescale": 3.7432254258687427},
{"mapping": [11, 12, 6, 8, 1, 3, 4, 13, 9, 7, 2, 15], "R": [[-0.2816933121163067, 0.3777881801754025, 0.8820005492224497], [-0.7870402971841172, 0.434816025813655, -0.43761009392375283], [-0.5488318945882081, -0.8174418111495012, 0.17484975512519757]], "T": [0.10865080201935473, -0.03294332287714255, -0.029294082221259676], "aligned_model": [[-0.029127069753716345, -0.30257867114631953, 0.2718853524352834, -0.027507516436782675, -0.6514937443372499, -0.10436281773689382, -0.04246903839810634, 0.6981729484592298, 0.5378745670796683, -0.1109916010961084, 0.5188007479084855, 0.0353427725494648], [0.2603917174405712, -0.37735113843490165, -0.5657752540066223, 0.7226510619447956, 0.24686006968220717, -0.5825796903895462, -0.11931066363383686, -0.4273014554546607, 0.45201788231992657, 0.4915496773770456, 0.2591258324447816, -0.010502898591113051], [-0.6923378880404474, -0.5493602248378935, -0.2933948013497521, -0.10585107895475267, 0.2818279844342973, 0.20583652836429445, 0.6247656673641961, 0.27825070815985925, -0.15667105369141274, 0.5563259967162997, 0.4029419509205712, -0.0764892706946555]], "inverted": false, "swapped": false, "error_lsq": 0.031143244254572863, "error_max": 0.17561037403150545, "target": "1062.xyz", "model": "10.xyz", "model_rescale": 4.260839863003843, "target_rescale": 3.7432254258687427},
{"mapping": [9, 8, 2, 10, 7, 1, 0, 3, 4, 6, 5, 11], "R": [[-0.9554753991302601, 0.07973941149180279, -0.28409221726723055], [0.0046938438677444905, 0.9667790719355634, 0.2555703306277081], [0.2950334379127485, 0.24285767915046821, -0.9241079039760632]], "T": [0.0502519482447578, 0.025524159649699393, -9.719297575395969e-05], "aligned_model": [[0.10058480737001384, -0.39532166494689297, 0.3687914398364559, -0.14304966091581378, -0.5486155027429555, -0.1122898770866508, -0.1713269893322562, 0.5398686872128503, 0.621093194235104, -0.025697024438869856, 0.5481272780955961, 0.011381242240373235], [0.29144377831926266, -0.15952832591167637, -0.4707433874270578, 0.6067641059506802, 0.0438098547476508, -0.6638169446651171, -0.11449063041538832, -0.363049939548831, 0.3078362200687947, 0.5304691518787117, 0.35126382668669826, -0.01018256898508078], [-0.7500882734934642, -0.5319177829058892, -0.35025178762841624, -0.1347389575295772, 0.26566405097172063, 0.1470409735931375, 0.8373590162915123, 0.33623402735186925, -0.36140458429142486, 0.6651228029845088, 0.3202537512907516, 0.0325712817558762]], "inverted": false, "swapped": false, "error_lsq": 0.04123077696078133, "error_max": 0.19520074165312298, "target": "1062.xyz", "model": "11.xyz", "model_rescale": 3.890672605050136, "target_rescale": 3.7432254258687427},
{"mapping": [10, 11, 9, 4, 0, 6, 8, 5, 12, 3, 7, 13], "R": [[0.35800561714290074, 0.22276383486973148, -0.9067569971984015], [-0.9225012785513632, -0.06569806086272019, -0.38036187489018736], [-0.14430304627841717, 0.9726561770086126, 0.181979647658082]], "T": [-0.09200434138108697, -0.08131253660770325, 0.0010554801470054748], "aligned_model": [[0.15336518551130718, -0.24759226081056868, 0.3719964462143202, -0.21905283960846395, -0.5113871016914362, -0.31164888060536633, -0.014865500737802378, 0.6362660674901716, 0.5411347334089136, -0.15406904337730115, 0.5445642479222139, 0.004834875810966852], [0.31640909529375594, -0.23156731855068197, -0.626952404188549, 0.599126795778002, 0.15344303223926253, -0.5991999683202323, -0.19140905902108551, -0.27005667129334215, 0.2179647401891429, 0.5652489552652775, 0.36113287096117946, 0.0556350723459174], [-0.7612776512547491, -0.504887267331526, -0.30357679003886995, -0.1081142861154778, 0.3441334056931202, 0.1259843735412554, 0.7089533547410902, 0.198463800689274, -0.2533068014754842, 0.657690360423055, 0.35600147985683733, 0.015780539662079603]], "inverted": true, "swapped": false, "error_lsq": 0.037718399206656185, "error_max": 0.20866195853813416, "target": "1062.xyz", "model": "12.xyz", "model_rescale": 4.124412569039231, "target_rescale": 3.7432254258687427},
{"mapping": [3, 0, 5, 6, 1, 4, 2, 10, 9, 8, 11, 12], "R": [[0.349036146909498, -0.27523940364239563, -0.8957773377537241], [-0.6227622999166637, 0.6461527220400451, -0.44119584948495094], [0.7002434476330917, 0.7118496544094254, 0.05412193237591202]], "T": [0.10111741597513557, 0.012851525597140465, -0.13747122920806643], "aligned_model": [[-0.06794633931205973, -0.28946547358237995, 0.27767120297113046, -0.1785751268101205, -0.6139484442630561, -0.1883885181730955, -0.05047250739063111, 0.5844413595311718, 0.5016666625871978, 0.0988966169813926, 0.575924241820688, 0.14374225516671657], [0.3224650487632042, -0.270280565991815, -0.6663131921637399, 0.6203609494532166, 0.19272433850328108, -0.6360240451885166, -0.11423423355279007, -0.29430360842242104, 0.5028882988956862, 0.5003337235620078, 0.23170284879859332, -0.03954442195805953], [-0.757398877153224, -0.46003691010327596, -0.4226201824208896, -0.15528123258974444, 0.20776910100811796, 0.19931217816241897, 0.7011378684078414, 0.3279998886159908, -0.2272795464957824, 0.3890762953494169, 0.7094144996833458, -0.03624856407361125]], "inverted": false, "swapped": false, "error_lsq": 0.043502292767240484, "error_max": 0.31704190736175747, "target": "1062.xyz", "model": "13.xyz", "model_rescale": 3.9028299243045295, "target_rescale": 3.7432254258687427},
{"mapping": [7, 4, 0, 9, 14, 5, 12, 2, 6, 11, 1, 15], "R": [[-0.4541564324522081, -0.06544828796115959, -0.888514747466375], [-0.6590281874807149, 0.695781338877549, 0.28560493093721095], [0.5995196268414962, 0.7152655800978532, -0.3591258372202073]], "T": [0.07115255601097084, -0.0965353597664779, 0.04036085636174821], "aligned_model": [[-0.18808787931754575, -0.13557313347291877, 0.433654979913095, -0.07174373106574969, -0.60837481648446, -0.2396959875914669, -0.09613085722451561, 0.7341670533380923, 0.48405842223751594, -0.026985321975276477, 0.4613385161926934, 0.04691868497749102], [0.38275865322435754, -0.4382864321217018, -0.7502500918775831, 0.6464130363193314, 0.4157782318367107, -0.49738260107346477, -0.1958211581524411, -0.33903693765673093, 0.39137381760628065, 0.4531701070682407, 0.2793811079819859, 0.0016774075436618574], [-0.6833100644572331, -0.5072101141381253, -0.31805991721411403, -0.12832165119867756, 0.28290567009943657, 0.10961766636606618, 0.7084917408866543, 0.24953669294567657, -0.14901084828385466, 0.5241475293637095, 0.3990257159387513, -0.011967901917685327]], "inverted": false, "swapped": false, "error_lsq": 0.04233327108737142, "error_max": 0.24111984297992245, "target": "1062.xyz", "model": "14.xyz", "model_rescale": 3.942246331269136, "target_rescale": 3.7432254258687427},
{"mapping": [9, 10, 11, 5, 3, 13, 12, 8, 7, 1, 0, 14], "R": [[-0.7456267546522523, 0.6622741408308307, 0.07371366992312345], [-0.05496125292468307, 0.04912247570447381, -0.997279420753087], [-0.6640933695074052, -0.7476496136342535, -0.0002276155803304647]], "T": [0.01859716221652541, -0.007287685342556881, -0.045334903381197916], "aligned_model": [[0.1469519679587194, -0.30126079626298313, 0.18244399619314078, -0.214173795268448, -0.6062366806309115, -0.1363785825912169, -0.13920948830807742, 0.7247587638466836, 0.7486701175274763, -0.21046437782146102, 0.5399664600231677, 0.05847834486086438], [0.38318952740818496, -0.1824528906782109, -0.674498790828968, 0.5822546346550445, 0.15473156921348236, -0.6792393839634473, -0.14910747906832314, -0.28148814966066915, 0.3475644104744652, 0.4458433613629781, 0.35448495111022094, 0.048493380673889676], [-0.7375883947394265, -0.65853026644276, -0.25050454140785783, -0.013130983239561848, 0.2707036393414525, 0.38523829567687373, 0.7440068890766292, 0.11274996002657003, -0.3137617614763605, 0.5862064659427687, 0.3261648916212657, 0.024290324011011152]], "inverted": false, "swapped": false, "error_lsq": 0.048814331710360155, "error_max": 0.2855158826510809, "target": "1062.xyz", "model": "15.xyz", "model_rescale": 4.355366556412066, "target_rescale": 3.7432254258687427},
{"mapping": [7, 3, 5, 10, 6, 4, 2, 0, 9, 8, 1, 11], "R": [[-0.27834585587069216, 0.600040480283491, -0.7499833375087541], [-0.8601665772809953, -0.503160327032375, -0.08332553407792581], [-0.4273605548577337, 0.6219172833438795, 0.6561873580234987]], "T": [0.11051730023472606, 0.061265751747574294, 0.02452346029841037], "aligned_model": [[0.07635496735850855, -0.2949825717264541, 0.3694928249459392, -0.14529037344768703, -0.69903291701534, -0.24393088261379342, 0.09936654474837042, 0.5467537202018866, 0.7272984302291928, -0.12725711514466298, 0.47942769184123446, 0.0053456101497596775], [0.2673024643907395, -0.17878132375070022, -0.37464342335245415, 0.6327107880505921, 0.05755000473741297, -0.5906321951176777, -0.13883453482852492, -0.4451920830111247, 0.3018271858808532, 0.5197214206163182, 0.30276080919089876, -0.004013972107685622], [-0.8454437389886715, -0.4326026319598458, -0.3738165334018997, -0.04792516397509999, 0.16843524568806392, 0.2336293752912554, 0.8372724607341221, 0.2635052715146838, -0.30963629090227135, 0.5904897515967475, 0.34103968989807154, 0.0508970828954487]], "inverted": true, "swapped": false, "error_lsq": 0.045087507155025595, "error_max": 0.24776398473621186, "target": "1062.xyz", "model": "16.xyz", "model_rescale": 3.795458400668931, "target_rescale": 3.7432254258687427},
{"mapping": [7, 8, 11, 0, 6, 9, 5, 10, 4, 1, 2, 12], "R": [[0.869608986491773, 0.44474614344393826, 0.21443199039438032], [0.4380994919493292, -0.49475010399389563, -0.7505272611649555], [-0.2277038554054177, 0.7466077969655646, -0.6250821959900436]], "T": [0.043779470302737655, 0.10011203767135915, -0.08601901126904973], "aligned_model": [[0.05827959538178411, -0.36880178151167553, 0.2969452045466948, -0.13243081675785834, -0.5889066243750893, -0.14943935897118008, -0.1476089611437181, 0.5253135523786717, 0.6514225744315179, -0.08582997574723439, 0.5443030153913406, 0.1902995059037011], [0.36346835155937507, -0.32860504318764305, -0.5233856918278176, 0.6598055091334374, 0.06107238933058329, -0.6750423499377475, -0.08445339249174613, -0.2822490359053238, 0.21779313071488177, 0.5444395407706797, 0.34394777082775563, 0.05298396171221205], [-0.6874405588161633, -0.4079897359409078, -0.536016857416228, -0.004143861161957307, 0.14969280957692901, 0.31366591266351695, 0.6432838574501136, 0.31501540154947694, -0.26606569057498985, 0.6214914646378327, 0.3516659902662854, -0.0173142138433042]], "inverted": false, "swapped": false, "error_lsq": 0.04441147667218274, "error_max": 0.2571962326534126, "target": "1062.xyz", "model": "17.xyz", "model_rescale": 3.7474275329858107, "target_rescale": 3.7432254258687427},
{"mapping": [12, 10, 3, 9, 4, 8, 0, 1, 7, 6, 2, 13], "R": [[0.2013296981728211, 0.8293422265949075, -0.5212080427432427], [0.5701954936423514, 0.3334285328165799, 0.7508012470246292], [0.7964568109217199, -0.4483490656735934, -0.4057581344175615]], "T": [0.10194430937831814, -0.005904462151390677, -0.07034291869805714], "aligned_model": [[0.0009736805660045256, -0.1782878100424997, 0.23135199879913196, -0.11607757830314333, -0.6122256198788799, -0.3778689436864965, 0.05294500067682753, 0.6839530460755165, 0.6614705646284292, -0.12144415803367006, 0.44987251745888435, 0.11888323126684958], [0.4151809346957111, -0.36517719459965664, -0.6701428788073629, 0.6265923714378734, 0.12202507824952069, -0.5136847278477099, -0.2286539038522334, -0.29333614216889514, 0.41018517842366115, 0.5132494649199837, 0.3139718588466881, 0.019565101401066952], [-0.6800386985693505, -0.5888334522929626, -0.12162797564808495, -0.05857950731180739, 0.3331681305412249, 0.09934177469364364, 0.7340973492831075, 0.16875387454711108, -0.3553325022414016, 0.4546100354740525, 0.45923977087578355, 0.031045719039288405]], "inverted": false, "swapped": false, "error_lsq": 0.0395425111202782, "error_max": 0.21810344883388894, "target": "1062.xyz", "model": "18.xyz", "model_rescale": 3.922800546911778, "target_rescale": 3.7432254258687427},
{"mapping": [10, 4, 13, 2, 1, 8, 5, 12, 9, 0, 3, 14], "R": [[0.32980503534531963, 0.7227640630547314, 0.6073226060484569], [0.48045044033685347, 0.42527095742367754, -0.7670149849592723], [-0.8126475330922973, 0.5447538177273888, -0.20699580920984514]], "T": [0.03959601804451367, -0.052715420511231834, -0.0038845761552291913], "aligned_model": [[-0.14495433713678713, -0.16001623833651096, 0.3477115044038663, -0.027812083206310248, -0.5880977037826385, -0.2754255569658223, -0.05270800863739568, 0.5703104274701991, 0.4341524397498971, 0.0691950739549516, 0.488289639219169, 0.1329007727943359], [0.2962736346971701, -0.3570841374419496, -0.6117611697062705, 0.6496719145444283, 0.2565689480273265, -0.5584203602781882, -0.19163609006055143, -0.4041539658725904, 0.5773800273969415, 0.4716263232065275, 0.2543169287365847, -0.033006912550781475], [-0.7072681507505625, -0.6294896994946962, -0.2575505852945755, -0.12732339592823627, 0.23762483337642612, 0.13545161869350825, 0.7409071628000234, 0.4581188968065566, -0.3356196248483484, 0.6462171600069723, 0.33309378282001284, -0.018317479796476143]], "inverted": false, "swapped": false, "error_lsq": 0.04205157842610672, "error_max": 0.26971989440005906, "target": "1062.xyz", "model": "19.xyz", "model_rescale": 3.9282355846067225, "target_rescale": 3.7432254258687427},
{"mapping": [0, 11, 4, 1, 10, 9, 7, 6, 3, 2, 5, 13], "R": [[0.21975297962704515, -0.40765417131380194, 0.8862994440681397], [-0.08077084812720833, 0.8977852958416528, 0.4329637775418723], [-0.9722060985397322, -0.1667322379774644, 0.16436442066694132]], "T": [0.09978809641246567, -0.148261128016672, 0.12556834427900304], "aligned_model": [[-0.04930484545470029, -0.32265337376224074, 0.31283574216608545, 0.08947286526414028, -0.6926201359028247, -0.32443070124463685, 0.04761884694244402, 0.7105393691532871, 0.5944010275449818, -0.14869902569972415, 0.5368060176739908, 0.03958014284615161], [0.22254703152645153, -0.29610848542778206, -0.329635264010921, 0.574551553039348, 0.18915076617882035, -0.6944254997494942, -0.17432676351650342, -0.23815927903832113, 0.24634817174177068, 0.5292653144499554, 0.3324943738939419, -0.011926778388619302], [-0.5675907945184842, -0.4339381655214986, -0.4410726076217503, -0.07175428599329348, 0.10373360118841041, 0.11261782298297714, 0.7458075952421677, 0.33944975849122466, -0.28185848110465955, 0.5229702570358435, 0.38165355690855185, 0.06582626130111523]], "inverted": true, "swapped": false, "error_lsq": 0.04196811650478862, "error_max": 0.3155095610322052, "target": "1062.xyz", "model": "20.xyz", "model_rescale": 4.067790424073018, "target_rescale": 3.7432254258687427},
{"mapping": [7, 10, 12, 8, 5, 11, 6, 3, 0, 4, 2, 14], "R": [[-0.42687560412233383, 0.6418729225272573, 0.6370057848493296], [0.46770334579728257, -0.4461767856031855, 0.763007114199361], [0.7739707997949408, 0.6236388596897461, -0.10974412854295718]], "T": [-0.032026358137807034, 0.023491647586220604, 0.0028867263658577114], "aligned_model": [[0.05814563811186181, -0.4609501844280329, 0.34150667568624427, -0.1358487521956706, -0.5213588810191946, -0.03269044118148963, -0.029058761343565984, 0.6452131041318876, 0.573134831057133, -0.09081374508860714, 0.5039836031516107, -0.05771715735522204], [0.4296626918924844, -0.506678090466312, -0.5114278008389538, 0.5712924130606462, 0.313053922729258, -0.6120505515914771, -0.1255711426066007, -0.4093319833265987, 0.34367593215982817, 0.608006450187845, 0.2805949271127667, -0.031451627614239384], [-0.6164339103549727, -0.45124015199252543, -0.3987948928755446, -0.11670896152789764, 0.16154828983480296, 0.12170560549385931, 0.7276821324250914, 0.2817333363845531, -0.18611059775597186, 0.5481930470805177, 0.45045030463618974, -0.04617968295749746]], "inverted": true, "swapped": false, "error_lsq": 0.04284542607526597, "error_max": 0.22819967712786518, "target": "1062.xyz", "model": "21.xyz", "model_rescale": 4.186013935880536, "target_rescale": 3.7432254258687427},
{"mapping": [3, 5, 8, 6, 0, 2, 1, 9, 4, 7, 10, 12], "R": [[0.25260582156879857, -0.547512883741675, -0.7977593252644732], [0.4728438044095745, 0.7891926803533236, -0.3919102574674679], [0.844161735416284, -0.2782167417924596, 0.4582427403084041]], "T": [0.11701479932601938, -0.012505339936043455, 0.020165677544486962], "aligned_model": [[-0.10742220733828534, -0.3873707559264303, 0.38252584265685546, -0.14869049477908697, -0.5788771185414969, -0.2784652457699764, -0.1874863748872661, 0.5339321676412012, 0.48031415238545616, 0.16738043771727104, 0.7952041624537745, 0.12250136391493811], [0.4002154476485171, -0.2519974472676682, -0.7207944672426425, 0.464183498951758, 0.05698399840267444, -0.6387466964449136, -0.09176042228077995, -0.306636588647841, 0.5881382409434134, 0.5094870281753184, 0.3271223343648702, 0.013580214095940873], [-0.7745847463445065, -0.5153504457360278, -0.10432740946135048, -0.08947599601768194, 0.20098080830042975, -0.013248394248558101, 0.680560182940773, 0.37388516635831226, -0.1665346641353393, 0.5333040701675564, 0.36803298446939503, -0.01739703790239784]], "inverted": true, "swapped": false, "error_lsq": 0.05227542990349499, "error_max": 0.2536079114431946, "target": "1062.xyz", "model": "22.xyz", "model_rescale": 4.166573947596378, "target_rescale": 3.7432254258687427},
{"mapping": [8, 9, 14, 0, 2, 12, 6, 13, 7, 1, 5, 15], "R": [[0.5624417277251617, -0.5688376132117328, -0.6000692232643781], [0.8188281510309978, 0.28242783293115015, 0.49975491819988294], [-0.11480314452440937, -0.7724365922076667, 0.6246294493745186]], "T": [-0.08650573461778958, -0.039476618360060584, -0.07458242820174803], "aligned_model": [[-0.11184725554331988, -0.19281470305687015, 0.3376358274052051, 0.11308584749553548, -0.5977022930389964, -0.17475016878462885, -0.15458581762379897, 0.7136101772047864, 0.5114297140098216, -0.10860933183454212, 0.5286466344250297, -0.07055270113126728], [0.41097808955085546, -0.33108330000012376, -0.7007423190527466, 0.7499946518349632, 0.1512644746328942, -0.6179037198530452, -0.10381195233157942, -0.23822018959364724, 0.338781561086978, 0.4476523012446121, 0.2408202161656214, 0.0020453270138648116], [-0.7457958843088629, -0.5885017922408775, -0.16844068128772255, -0.014133468540146146, 0.3192514876704865, 0.22040293300489827, 0.6806219805959839, 0.11810555647138161, -0.1784265258006243, 0.4453367073780123, 0.40923905604345867, -0.021814850595383198]], "inverted": true, "swapped": false, "error_lsq": 0.04458475561958344, "error_max": 0.23058047510476337, "target": "1062.xyz", "model": "23.xyz", "model_rescale": 4.274766983524099, "target_rescale": 3.7432254258687427},
{"mapping": [4, 3, 0, 1, 8, 2, 5, 7, 6, 10, 11], "R": [[0.3035154033597773, -0.2780343924315657, -0.9113590272491747], [-0.4741678109001007, -0.8737069499388237, 0.10863265040863207], [-0.8264643289516844, 0.39916543218796874, -0.3970184765431379]], "T": [-0.02040309106310771, 0.05793243802941004, -0.030707617192158497], "aligned_model": [[0.438460770474384, 0.09044956280558455, -0.5744154488325833, -0.4602020256050396, -0.33089547966196314, -0.5659242138784486, 0.008853681683875278, -0.02665407571520466, 0.5887032351251636, 0.27579135627384815, -0.064272658711541], [-0.11060757949893352, 0.5801758083171731, 0.406231079538377, -0.3343219929914803, 0.739693961100161, -0.27882201443587157, -0.6225214142306972, 0.10519632430674208, -0.20318138357546264, 0.5548240973978575, 0.07891964531561775], [-0.5633093128695773, -0.3655387308650195, -0.4572528415296567, -0.38711368928518314, 0.22401492372362022, 0.3783846246120263, 0.055418698058591, 0.7376939923310495, 0.2932245807728936, 0.4520967560409955, 0.011947433031837887]], "inverted": true, "swapped": true, "error_lsq": 0.04997968963161103, "error_max": 0.347845551319008, "target": "1062.xyz", "model": "24.xyz", "model_rescale": 3.7841303162186577, "target_rescale": 3.7432254258687427},
{"mapping": [6, 7, 0, 3, 13, 10, 9, 8, 4, 12, 2, 15], "R": [[-0.42544714392051686, -0.7428931728134565, -0.5168214986985654], [0.0376113976206473, -0.5851053909972598, 0.8100846031094316], [-0.9042013661231091, 0.32520980184044246, 0.2768726680046326]], "T": [0.05246387795914849, -0.04373147529659875, 0.039209861925197445], "aligned_model": [[0.018338115485505284, -0.16493699660377165, 0.34704723230053486, -0.13892032930218573, -0.5923245826218536, -0.3775053751726318, 0.07036485914757912, 0.5873430812769806, 0.5268852310979443, -0.11072699853194899, 0.5852972870017688, 0.04268440544903336], [0.28048176141370734, -0.43640199968541304, -0.6094347377364869, 0.703990311767365, 0.36823824196178984, -0.6742358270940578, -0.15227180213351693, -0.2672665309724312, 0.47256057402375046, 0.4281690750569801, 0.23840880377337065, -0.002462729676410355], [-0.6055751113181688, -0.43127104004187533, -0.32757401934746344, -0.19162796425148038, 0.20208647299832067, 0.1903581632817249, 0.6137002977452815, 0.15494274567457414, -0.21588079324057557, 0.6100430379356607, 0.4922865100340593, -0.01564378107945323]], "inverted": false, "swapped": false, "error_lsq": 0.04041357354334242, "error_max": 0.22533339095832886, "target": "1062.xyz", "model": "25.xyz", "model_rescale": 4.19342608120988, "target_rescale": 3.7432254258687427},
{"mapping": [7, 3, 5, 10, 6, 4, 2, 0, 9, 8, 1, 11], "R": [[-0.27834585587069216, 0.600040480283491, -0.7499833375087541], [-0.8601665772809953, -0.503160327032375, -0.08332553407792581], [-0.4273605548577337, 0.6219172833438795, 0.6561873580234987]], "T": [0.11051730023472606, 0.061265751747574294, 0.02452346029841037], "aligned_model": [[0.07635496735850855, -0.2949825717264541, 0.3694928249459392, -0.14529037344768703, -0.69903291701534, -0.24393088261379342, 0.09936654474837042, 0.5467537202018866, 0.7272984302291928, -0.12725711514466298, 0.47942769184123446, 0.0053456101497596775], [0.2673024643907395, -0.17878132375070022, -0.37464342335245415, 0.6327107880505921, 0.05755000473741297, -0.5906321951176777, -0.13883453482852492, -0.4451920830111247, 0.3018271858808532, 0.5197214206163182, 0.30276080919089876, -0.004013972107685622], [-0.8454437389886715, -0.4326026319598458, -0.3738165334018997, -0.04792516397509999, 0.16843524568806392, 0.2336293752912554, 0.8372724607341221, 0.2635052715146838, -0.30963629090227135, 0.5904897515967475, 0.34103968989807154, 0.0508970828954487]], "inverted": true, "swapped": false, "error_lsq": 0.045087507155025595, "error_max": 0.24776398473621186, "target": "1062.xyz", "model": "26.xyz", "model_rescale": 3.795458400668931, "target_rescale": 3.7432254258687427},
{"mapping": [11, 10, 5, 9, 3, 7, 0, 6, 8, 2, 1, 12], "R": [[-0.1409121095881211, 0.35466594838672216, -0.9243137142909721], [-0.9095117768478772, -0.41516509517104394, -0.020646344146982742], [-0.3910653463891207, 0.8377648887406093, 0.38107464629255]], "T": [0.05425044749836452, 0.1678935112944803, -0.042679016650225665], "aligned_model": [[0.04414974296144535, -0.280040140565898, 0.3399564526233007, -0.13255426675183718, -0.5978958329472792, -0.25214015357545977, -0.11767718698730176, 0.6971070384123605, 0.7112958633071792, -0.14723743854585108, 0.5015389195214155, 0.02704293207487998], [0.39323507099605903, -0.26940430633567636, -0.4953321939885562, 0.5442300574628542, 0.015195416461285943, -0.5748009502408057, -0.08245366144021296, -0.2859744467111548, 0.11328469106588442, 0.6256102637826849, 0.35772873107338204, 0.008456468572902193], [-0.7214232608044228, -0.4951244276522425, -0.2556677730849336, 0.04591608968961762, 0.2679092632044429, 0.07872046855398956, 0.7312979685998675, 0.2061708173663887, -0.35261595930797857, 0.6817054946200577, 0.29532805824319974, -0.0063722210373819005]], "inverted": true, "swapped": false, "error_lsq": 0.044436038205313166, "error_max": 0.3208449957056185, "target": "1062.xyz", "model": "27.xyz", "model_rescale": 3.6321398670334006, "target_rescale": 3.7432254258687427},
{"mapping": [0, 11, 2, 8, 9, 13, 6, 4, 3, 12, 7, 14], "R": [[0.07518980087802174, 0.5499227477066538, -0.8318241793784837], [-0.0777250493553595, -0.828415544059822, -0.5546949639782], [-0.9941354588518765, 0.10636097928673637, -0.019545627094981477]], "T": [0.06016518395284356, 0.08575311749509777, -0.0487473063121852], "aligned_model": [[0.06765018109683688, -0.3577840434286622, 0.15014406407587222, 0.026175883930738962, -0.5664259935891894, -0.2668888925255053, -0.06103488099046616, 0.6254590687157731, 0.6460600195136903, -0.08912349605057227, 0.5509291938295566, 0.06838482494888191], [0.21071775790529312, -0.2555291236569913, -0.5528372298984322, 0.6001091717379999, 0.010700398748995574, -0.636645325744828, -0.23293086208164976, -0.21746182475023418, 0.33086050192589667, 0.5284363056610631, 0.5420848387846223, 0.022270532066911805], [-0.660089688030279, -0.3971303019134674, -0.5151696825764808, -0.012523105254835958, 0.1710770482428462, 0.14529766831348312, 0.6495781926921339, 0.475629252095823, -0.30991715855948043, 0.6333481531346609, 0.3408671579451444, -0.0451230176989432]], "inverted": true, "swapped": false, "error_lsq": 0.04526534798964732, "error_max": 0.29638710688477715, "target": "1062.xyz", "model": "28.xyz", "model_rescale": 4.156811204709835, "target_rescale": 3.7432254258687427},
{"mapping": [9, 3, 4, 1, 8, 10, 6, 7, 2, 11], "R": [[0.43383526525917554, 0.25026620633862584, 0.8655367055084224], [0.13503685867628015, 0.9317368908010588, -0.33709258834809536], [-0.890815362135355, 0.26312201026377197, 0.370425158835639]], "T": [0.018269773093777197, 0.0314247009376285, -0.0636017524007218], "aligned_model": [[-0.5889445589784815, -0.03314543854783997, 0.06125820018808817, 0.6821185804888851, -0.1347206362625258, -0.6519127856393252, -0.5332232161452818, -0.4555982572095191, 0.27956629016425016, 0.017527196052338132], [-0.23410509518213435, -0.5683694036326725, 0.016572464688378363, 0.2105443447808327, -0.5194728021234879, -0.2063901061056084, 0.4522435616046637, 0.2904969301008822, 0.4520713941209247, 0.02512904237442544], [-0.457255790855551, -0.2499933603052105, -0.7850986362376295, -0.1027533017199499, 0.483384304399798, 0.1854604689761313, -0.31438050477262713, 0.48507360990915166, 0.5135756975036154, 0.0007742400773710356]], "inverted": true, "swapped": true, "error_lsq": 0.048559423094824854, "error_max": 0.25313537195551267, "target": "1062.xyz", "model": "29.xyz", "model_rescale": 4.117894457231895, "target_rescale": 3.7432254258687427},
