[{"mapping": [6, 4, 8, 11, 12, 9, 10, 2, 0, 3, 1, 7, 5, 13], "R": [[-0.8899798240125583, 0.08098321401361877, -0.4487511915288921], [0.12106568134140006, 0.9907494419963374, -0.061307780789136054], [0.4396350914700947, -0.10889105671252625, -0.8915513020102158]], "T": [0.008069419475100401, 0.06600234138960592, -0.13532154211991687], "aligned_model": [[-0.7115407470553905, -0.39400914606828485, -0.2672364320942502, 0.13326741844272025, 0.5595990067663132, 0.5452152546082705, 0.8042093724093996, -0.24356503000179228, 0.3303116485973292, -0.41609634704790516, 0.1289108748033693, 0.16622480742411946, -0.3914249157521436, 0.0612552689490089], [-0.04308499435402248, -0.08662161243911379, -0.5782239661122638, -0.6125788663517003, 0.11970715398102086, 0.14526749818691453, -0.5403836672439162, 0.5937639908203844, 0.7572889951954926, 0.36982827662433426, 0.39366576227399325, -0.3070883429273024, -0.2774687533598229, -0.041457407561012696], [0.0987883585548926, 0.7181671704354062, 0.21073955716297166, -0.23979568436638232, -0.3028050201722648, 0.35654689403065976, -0.017482208631886598, 0.36408409524941526, -0.018295294547742147, -0.1665226540620592, -0.5947539514158422, 0.5027887124710161, -0.6783069412187958, -0.025033147324235908]], "inverted": true, "swapped": false, "error_lsq": 0.04773347299206223, "error_max": 0.29933532423693043, "target": "1065.xyz", "model": "0.xyz", "model_rescale": 3.8414455957264533, "target_rescale": 3.803080976951464},
{"mapping": [2, 7, 4, 1, 12, 13, 11, 9, 8, 6, 10, 0, 5, 14], "R": [[0.15660172954411966, -0.9618514071435245, 0.22431622518180222], [-0.8708272475755667, -0.24162269230165212, -0.428110242163002], [0.465978329092409, -0.1282978766033318, -0.8754449449710263]], "T": [-0.030299704980606183, -0.024553732646916106, 0.028339021808820024], "aligned_model": [[-0.7675257272964526, -0.2854475414983261, -0.35119016679347115, 0.3025916281457872, 0.6234174942033177, 0.524887019340501, 0.7732502964489149, -0.14478107569657597, 0.3525588074913465, -0.5079036339353569, 0.06930528925803622, 0.14819590515261652, -0.43807927498354526, 0.005842014143971848], [0.00021148458970318001, -0.06065154076944607, -0.4494676815877304, -0.7749741266074993, 0.15101545976474573, 0.21824349180286445, -0.3061607253687286, 0.4728971532489901, 0.6568443727865086, 0.5002360129153678, 0.14328336161465266, -0.5018993774003072, -0.07619256443634509, -0.08077125381979028], [0.05045697049329378, 0.6170252981090218, 0.13922041051423018, -0.24470032302286837, -0.32396599665404, 0.48404090854664333, -0.007302232136122529, 0.48104898621628955, -0.08749870451587344, -0.2980309887364223, -0.6276265682360722, 0.5438948598179584, -0.4868037140636125, -0.031639020167273366]], "inverted": true, "swapped": false, "error_lsq": 0.04329392371561434, "error_max": 0.2550325060078957, "target": "1065.xyz", "model": "1.xyz", "model_rescale": 4.316132596720782, "target_rescale": 3.803080976951464},
{"mapping": [0, 7, 9, 3, 12, 2, 4, 11, 8, 1, 5, 13], "R": [[-0.22346698368693496, -0.8248265573882001, -0.5193492634335719], [-0.9127387497203774, 0.3640389396453502, -0.18542822110124274], [0.3420094764195072, 0.4325931121146286, -0.8342018445138054]], "T": [-0.054910897896837604, 0.02116991125616362, -0.12116405702915495], "aligned_model": [[-0.17968220006786498, 0.5412719487869707, 0.15407579532881555, -0.622677122257093, -0.6180138571673166, -0.4780873936173149, -0.1476740983636478, -0.005029904554582729, 0.41803340529194327, 0.08181314970041555, 0.5064867005489307, -0.05270786899747501], [-0.6997574542298178, -0.16658301353518168, -0.47754155805859866, 0.38778044636126247, -0.33091831276690187, -0.0670921918641791, 0.3915312181786102, 0.5767650340339493, 0.04004025037526798, -0.06881477488594424, 0.45407550009918196, -0.026708715966667834], [0.13571134075991337, 0.158374570380639, -0.45035616865501277, -0.18150756668152765, -0.4353722763093611, 0.3679839312689695, -0.643256761189944, 0.5979431162831654, -0.5660104854288588, 0.5995241698607991, -0.01862647165286524, -0.11514893742649591]], "inverted": true, "swapped": true, "error_lsq": 0.04168067148097838, "error_max": 0.22069053978725892, "target": "1065.xyz", "model": "2.xyz", "model_rescale": 3.795458400668931, "target_rescale": 3.803080976951464},
{"mapping": [0, 12, 10, 6, 7, 5, 4, 2, 3, 11, 8, 13], "R": [[0.08945862217705658, 0.669980805708198, -0.7369687068667005], [-0.2931099916418366, -0.6894588498784111, -0.6623692528522602], [-0.9518842827349896, 0.27526753224260336, 0.13470002960342015]], "T": [0.04331699650510405, 0.02074631767225725, -0.02607665016983305], "aligned_model": [[0.0917516441385185, -0.2488584906075949, -0.7405124392210648, 0.30133166099270026, 0.13542923015834685, 0.1620171802869531, -0.3166328975775408, 0.5547355174152205, 0.204262726478113, 0.8724275262544935, -0.45686092808266804, 0.034213095508087744], [-0.16220396675969312, -0.6275446854199126, -0.2074754382474115, 0.045560575358851454, 0.6208198728499738, 0.6460248075343001, -0.09880530227178817, -0.3301470543768028, -0.49283744188232853, 0.25774675057265645, 0.41747562342583655, 0.017155304506027622], [-0.7780556342353451, -0.21082005421536507, -0.02619273628551693, 0.8033968193546787, -0.342705859892581, 0.30259574796088146, 0.49784775724284014, -0.22969206647159454, 0.38711979591452705, 0.26494861492620386, 0.09370920120050305, -0.0733801548601313]], "inverted": true, "swapped": true, "error_lsq": 0.046972625878395645, "error_max": 0.2854525849209874, "target": "1065.xyz", "model": "3.xyz", "model_rescale": 3.7530521520055578, "target_rescale": 3.803080976951464},
{"mapping": [7, 0, 9, 12, 8, 2, 5, 1, 11, 3, 13], "R": [[-0.32310864265713324, -0.03221466323375677, 0.9458134173889696], [0.3009055261971676, 0.9440573712506007, 0.13495015409925137], [-0.8972495022814286, 0.3282040451611492, -0.2953395256236247]], "T": [0.07665802559224785, -0.06855023516150696, 0.05046205613608275], "aligned_model": [[-0.43288614227280275, -0.18673856400542463, 0.24157864164837148, 0.546691176144548, 0.2994350630795827, -0.21359720369967214, -0.19064458833366663, -0.645004159681562, -0.5398826730166129, 0.3941106226535226, 0.06513742992892169], [-0.5114622299710938, 0.1164434297477093, -0.4131875274613477, 0.3064823237782244, -0.6783161389581681, 0.5102387149420955, -0.5228638865943958, 0.08960907517173547, 0.19693473497628186, 0.44360144590589223, -0.07027658322258681], [-0.0636462148628736, -0.655008492273329, -0.4542976303327126, -0.3716721433966265, 0.07229511850882431, -0.032541274762477465, 0.535474311153506, 0.03118636652460398, 0.665022450442732, 0.36243579434236517, 0.0035824919013041287]], "inverted": true, "swapped": true, "error_lsq": 0.03930159739917694, "error_max": 0.20633525849602655, "target": "1065.xyz", "model": "4.xyz", "model_rescale": 3.7855080009869324, "target_rescale": 3.803080976951464},
{"mapping": [2, 9, 3, 4, 6, 8, 7, 15, 13, 12, 11, 10, 1, 16], "R": [[-0.39824532177873484, 0.8482270479411744, 0.34915832916078726], [0.5024346421362405, -0.11674995514545855, 0.8566964913870967], [0.7674373551390238, 0.5166046100399553, -0.37968352982804754]], "T": [-0.007411708963752248, -0.042381757138946846, 0.019100984017929347], "aligned_model": [[-0.7333084227226769, -0.4189091579951469, -0.42062679948457576, 0.2709696014637187, 0.5320641548423719, 0.5212835848506563, 0.6091128214885374, 0.047342225853763534, 0.23337345998683245, -0.3347545310639231, 0.1301203738842644, 0.24392381964445814, -0.3237452431959503, -0.05172485357156673], [-0.17808041900455682, -0.09455129746705668, -0.5047822786515167, -0.5026782184480184, 0.04078227984517155, 0.2638648368933125, -0.4661965976253536, 0.44092320332085344, 0.6322805071126028, 0.41776681514331204, 0.37102001708558796, -0.2951939634457118, -0.20977274032568471, -0.02276807769995634], [0.040208368994948764, 0.5977737825419752, 0.33191986463419176, -0.48847344163448514, -0.33884678226942, 0.368391957141709, 0.059696010929780316, 0.6844854056140516, -0.08916244694474246, -0.36060315245709984, -0.6461960380375079, 0.6546170848964372, -0.6479951806070173, 0.042304453362331275]], "inverted": false, "swapped": false, "error_lsq": 0.043222935428857266, "error_max": 0.2528676710758308, "target": "1065.xyz", "model": "5.xyz", "model_rescale": 4.2253639853439635, "target_rescale": 3.803080976951464},
{"mapping": [8, 11, 9, 0, 3, 6, 7, 5, 2, 10, 4, 12, 1, 13], "R": [[-0.45548832402937706, 0.8437957307436019, -0.28379420616316314], [0.8755317668108711, 0.36687941990574635, -0.3143940466272503], [-0.16116610058552566, -0.3916736601157829, -0.9058792590591542]], "T": [-0.03337916912003578, -0.009408530891423529, -0.0044286432173345925], "aligned_model": [[-0.7493366981128967, -0.06938314531760759, -0.3584166832521254, 0.23819195299677556, 0.6469703724651356, 0.4492329147955584, 0.6474666319776412, -0.20120002374702975, 0.17504292203029254, -0.49566926602908723, 0.16457714590812778, 0.25465724499651254, -0.42100511891986137, 0.023992784189327154], [-0.01604198752922142, 0.01427168936678429, -0.5259682918790486, -0.6627274000535712, 0.08519257142240984, 0.20852594604637076, -0.381552390522734, 0.5092122470796876, 0.6172755964466102, 0.5695619377013666, 0.19740630486584018, -0.602303548388017, -0.1244915596141373, 0.004252951790645098], [0.17785050954063186, 0.7725506034036261, -0.015061386072422593, -0.38190212593566797, -0.18102027779892108, 0.3606851860792376, 0.1609471678714866, 0.3174562987411075, -0.1227453728050129, -0.24854651881517761, -0.6516938386802857, 0.6565208910435089, -0.6169707246289357, -0.019950525778022567]], "inverted": true, "swapped": false, "error_lsq": 0.050698272075424856, "error_max": 0.31396118458677846, "target": "1065.xyz", "model": "6.xyz", "model_rescale": 3.89814844738969, "target_rescale": 3.803080976951464},
{"mapping": [5, 6, 11, 8, 1, 3, 4, 7, 9, 12, 2, 0, 13], "R": [[0.19620063092149684, 0.15496498303450817, -0.9682412749202141], [0.2098680643179862, 0.9579156488395975, 0.1958392332696264], [0.9578416925595943, -0.2416267032869673, 0.15542145364538218]], "T": [-0.13637925347620933, 0.058110018447075695, 0.011691754075264928], "aligned_model": [[0.17074631474151297, -0.13682848998303931, 0.5890286694967246, -0.39764845629000783, 0.5825636691397507, -0.36040307393066495, -0.6377701698917564, 0.31367648631703754, -0.4055765109594958, -0.6388348729761573, 0.179151478898734, 0.02323404014754532, -0.1327072838059612], [-0.38347098190697665, 0.24506704625473077, 0.3105534729111312, -0.5271668988871663, 0.15152419394851896, 0.6159107620977966, 0.021417952062976447, -0.43399601251436876, -0.3046011212093423, 0.44273238794725106, 0.6025831589730708, 0.1710297880132961, 0.05219751777956777], [-0.46135007735220224, -0.8369898228781312, -0.47651396920832867, -0.09371262047310736, 0.15513893998374825, -0.3030696911228494, -0.3952654205322314, 0.16696080132033783, 0.45523372464940703, 0.385030539377729, 0.1852534318912022, 0.762066218113716, 0.059492977067005154]], "inverted": true, "swapped": true, "error_lsq": 0.042879872592183066, "error_max": 0.24298436103065563, "target": "1065.xyz", "model": "7.xyz", "model_rescale": 3.7474275329858107, "target_rescale": 3.803080976951464},
{"mapping": [13, 11, 12, 0, 3, 7, 6, 9, 8, 4, 2, 10, 1, 14], "R": [[-0.7564359485835266, -0.6438171821157681, -0.11534336436506609], [0.5412194176381897, -0.7151379509213813, 0.44233387064902385], [-0.3672685634000268, 0.2721711725449267, 0.8894024146434507]], "T": [0.008585021471684317, -0.03137085181190164, 0.02785551814191386], "aligned_model": [[-0.8742323789707366, -0.19070983580026696, -0.46990502640509274, 0.3591784683165358, 0.5936397340399066, 0.3986204052868586, 0.7806165327685892, 0.10299707963308795, 0.12290538002700875, -0.4164792014241827, -0.10040834024377548, 0.19773478220622343, -0.16447570814233156, -0.03436085731106089], [0.13761620815043513, -0.01696460260405539, -0.3825372689509274, -0.515730290951618, 0.0987541330160879, -0.015615301002985117, -0.27837133567220074, 0.49794801176507447, 0.6149268033351899, 0.5520256984644725, 0.24116549335534126, -0.6063914445918689, -0.41753996886381645, -0.01667206871614385], [0.041590136226906126, 0.616543869851527, 0.19629553819645715, -0.24908022598055815, -0.36573438087715726, 0.5859789757342951, 0.12733518910608424, 0.567529812530395, -0.1577260338175355, -0.2741291128992777, -0.7610892730283497, 0.4848424387220374, -0.593212285685222, -0.011024761914449115]], "inverted": false, "swapped": false, "error_lsq": 0.05265410887424755, "error_max": 0.3172761590783503, "target": "1065.xyz", "model": "8.xyz", "model_rescale": 4.019505241142653, "target_rescale": 3.803080976951464},
{"mapping": [12, 3, 2, 0, 9, 7, 11, 10, 8, 4, 6, 5, 13], "R": [[-0.30761226133441133, 0.6161304274834551, 0.7250917135133907], [0.5578962190513077, -0.5005222076974667, 0.6619889186156438], [0.7707960206468281, 0.6081618336682344, -0.189770067777576]], "T": [0.06103050253255926, -0.0728850645484986, -0.031455322090482865], "aligned_model": [[-0.4073587064014657, -0.5649224167278151, -0.03462612167415914, 0.3403333853906461, 0.2703881746546046, 0.7411084824931475, 0.21478124865586595, -0.24174826713448172, 0.24266663578130857, -0.3834999355903042, -0.3448529721987667, 0.40419060987107547, 0.0832406546215204], [-0.5724685441493842, 0.15913910241678658, 0.11441513245163641, -0.5183259822404254, -0.6575533870388321, -0.031023477439581018, 0.797848539687031, -0.7377190764707, -0.28830959749977053, -0.07824980580760944, 0.6138248154528815, 0.3700681416727783, -0.10826763292075293], [-0.2975488416698878, -0.15290834982134544, -0.6494381262870692, -0.601421463728949, 0.09137924848372951, 0.036135656296530844, -0.24703101455611998, 0.33295450337006993, 0.5537979001802991, 0.43835018010972693, 0.3133659312694711, 0.4147756345191024, -0.055707764121679215]], "inverted": false, "swapped": true, "error_lsq": 0.048053264561718274, "error_max": 0.29683404751926085, "target": "1065.xyz", "model": "9.xyz", "model_rescale": 3.877068213659057, "target_rescale": 3.803080976951464},
{"mapping": [6, 0, 3, 4, 2, 8, 7, 11, 9, 10, 14, 1, 13, 15], "R": [[-0.9682828997535274, -0.06653103422419897, -0.24083572727060049], [-0.09134865781441727, 0.9914306171927769, 0.09338497742278624], [0.23255891460102124, 0.11242309717228154, -0.9660628335992371]], "T": [-0.06962446965545016, -0.05370666130529374, 0.019573619324446536], "aligned_model": [[-0.6542704135132091, -0.11009830740281712, -0.4101762341120218, 0.2082446060534735, 0.4247342379960082, 0.5175547018108517, 0.6808529765305411, -0.18899846581660218, 0.28289223641447536, -0.37828676840469816, -0.08333343504244975, 0.3073967806899086, -0.21234266666497864, -0.07904821455771822], [-0.024669446262418914, 0.029698878662989703, -0.5854456239059226, -0.6531595060934755, -0.04234981854061243, 0.2867074394286886, -0.3530244931683096, 0.5086376466825755, 0.4723323883332832, 0.5738128858712965, 0.42665389851268964, -0.5227535706343918, -0.18022003594646863, -0.04360657620693851], [-0.17446383994069592, 0.8102514424574779, -0.04398355262449992, -0.1271769969774811, -0.42295982375200997, 0.3865365553625693, 0.13567274814023256, 0.48236299320620046, -0.16659886547555197, -0.09941202141423786, -0.5957208983481533, 0.6446788775332367, -0.7296021799662957, 0.10853544796436146]], "inverted": false, "swapped": false, "error_lsq": 0.045618543541039024, "error_max": 0.3125074885076287, "target": "1065.xyz", "model": "10.xyz", "model_rescale": 4.260839863003843, "target_rescale": 3.803080976951464},
{"mapping": [11, 7, 0, 2, 12, 3, 6, 5, 8, 10, 4, 13], "R": [[0.6964835370605607, 0.46080553188436313, 0.5500626731458702], [0.7160712488307748, -0.4958907698033179, -0.491257886472887], [0.046396650757849656, 0.7360370956742889, -0.6753493500328642]], "T": [-0.03015205485148578, -0.06503768624094225, -0.027589162745210595], "aligned_model": [[0.34281354160163224, 0.35850152576095423, -0.5380582447230111, -0.41762700487752813, -0.7000572428004275, -0.28885088335076864, 0.38394343274098164, 0.6799020885175917, 0.35959653334782893, -0.2593732052563509, 0.0936109548614924, -0.055502846728264554], [0.006086071829296602, -0.628151622882325, -0.6508709844543066, -0.13259693010104207, 0.09554979407591252, 0.5201564033644253, 0.632890930049286, -0.07154097806973794, -0.09362882028509349, 0.11282161245600184, 0.4867337687391114, -0.10437073918859437], [-0.8547090183652076, -0.053629137769007885, -0.038532797239541686, -0.5485816881282133, 0.2277861798834432, -0.25347830094259427, -0.338449460691054, -0.12176606801816961, 0.4912550658319942, 0.7354950408234053, 0.2863921737384304, -0.015603911727980284]], "inverted": false, "swapped": true, "error_lsq": 0.04973996906782662, "error_max": 0.27784475454725927, "target": "1065.xyz", "model": "11.xyz", "model_rescale": 3.890672605050136, "target_rescale": 3.803080976951464},
{"mapping": [9, 12, 5, 8, 0, 4, 3, 10, 2, 11, 1, 7, 6, 13], "R": [[0.9358086870169467, -0.30326234577731725, -0.17970545605867794], [0.2640196406459089, 0.9407671388099336, -0.21272240100322432], [0.23357168205247758, 0.15162170085119842, 0.9604452765119761]], "T": [-0.043157402526673404, -0.005342425880928757, -0.09752769797158395], "aligned_model": [[-0.8067041505306917, -0.20142633240343483, -0.4115529773228735, 0.1658683661467692, 0.47803646197219246, 0.48835815014575396, 0.7884799499558591, -0.1932727667475508, 0.12659976828536487, -0.32674436033929444, 0.2715590953032541, 0.18998869387312348, -0.29217905973883024, 0.028110195381121646], [-0.10305809959427839, -0.03960924434534113, -0.5751144767176593, -0.6617735517352932, -0.03180638085577622, 0.30203446417033514, -0.37978769804263657, 0.6009973819296472, 0.6730885512164944, 0.4623538618689998, 0.31742987781685955, -0.5199213380085066, -0.11714534296630626, -0.035073938003552955], [0.017660959215814398, 0.6297335190151769, 0.28275731670943555, -0.3087087834839492, -0.37384482455450657, 0.24021141518364253, 0.04818849232182115, 0.5422831485538786, 0.03083914330456705, -0.15753422827263436, -0.731617483687713, 0.5410767266948415, -0.6050182554325763, 0.05209274059735336]], "inverted": false, "swapped": false, "error_lsq": 0.04371239359128577, "error_max": 0.2731487089202227, "target": "1065.xyz", "model": "12.xyz", "model_rescale": 4.124412569039231, "target_rescale": 3.803080976951464},
{"mapping": [1, 7, 9, 11, 0, 2, 5, 3, 8, 6, 12, 10, 13], "R": [[0.6151982625154229, -0.09659955119121055, 0.7824318657286792], [-0.32368138343884495, -0.9359075163438386, 0.1389513687094268], [0.7188612243076687, -0.33874126934987464, -0.6070361542989968]], "T": [0.1345612661991538, 0.12383874507206206, -0.04018538302266813], "aligned_model": [[-0.21103066926099792, -0.13821269787806065, 0.5668454430924816, -0.6488260490848388, 0.6028829420201722, 0.15965816734568436, -0.49676594571189403, 0.15536466972880345, 0.11639092787202308, -0.45277086024253554, 0.8092002356243498, 0.7384205371493694, 0.16614160685520013], [-0.21930266988018754, 0.4209822733387912, 0.5285089451345052, -0.33121756052719076, -0.0835015857523179, -0.5055269228728047, 0.4618077306871997, -0.3024866952743543, 0.7685852151094164, 0.001641732303199403, -0.08752157048518007, 0.5703740670199667, 0.12514241770743387], [0.5156944716210577, 0.5131021369817754, 0.18370841661737067, 0.0465167141088688, 0.542029276111859, 0.13128852577614666, -0.023115378046267086, -0.5676481271539761, -0.11694850344265206, -0.6689320843580027, -0.24010272403784275, -0.3602384330037653, -0.0036562102067333666]], "inverted": true, "swapped": true, "error_lsq": 0.042169537583683615, "error_max": 0.2795873922180721, "target": "1065.xyz", "model": "13.xyz", "model_rescale": 3.9028299243045295, "target_rescale": 3.803080976951464},
{"mapping": [14, 12, 13, 4, 3, 2, 0, 1, 6, 9, 7, 8, 10, 15], "R": [[-0.2954586153897003, -0.6974882123892914, -0.6528509785318488], [-0.7745171088751042, 0.5749481406434384, -0.2637382862430173], [0.559309802034393, 0.42772050354015567, -0.7100899352896113]], "T": [0.04672107662752948, -0.02076694509528009, 0.0854197386914436], "aligned_model": [[-0.8211472787294325, -0.3280589159568001, -0.5613288295366864, 0.29444845225559946, 0.5587811748935219, 0.573864944389602, 0.7923028337175391, 0.00552183156337694, 0.21135639299442915, -0.3417984073610831, -0.05936999736677042, 0.3257194323410633, -0.3497314318135052, 0.004560832589909032], [0.044489548330958285, -0.16762655019843756, -0.5198626563352504, -0.44234651563527017, 0.13371330243092452, 0.14905079306701172, -0.3828107724364599, 0.5221039870977653, 0.60528670825649, 0.5143075771279026, 0.2072115941940473, -0.5080433281223049, -0.3086452092589148, 0.045785588214523214], [-0.07457013792162946, 0.6530573894056301, 0.20302133064831612, -0.3839043358566829, -0.23492344310928698, 0.5706321128556548, 0.06965522717180307, 0.44009216351300207, -0.07382943078491418, -0.31904697525732817, -0.784866665591314, 0.6157298400574921, -0.4760997316939727, 0.0031725427283823965]], "inverted": false, "swapped": false, "error_lsq": 0.03966998461793755, "error_max": 0.22495490028577161, "target": "1065.xyz", "model": "14.xyz", "model_rescale": 3.942246331269136, "target_rescale": 3.803080976951464},
{"mapping": [1, 2, 0, 8, 11, 9, 6, 5, 4, 3, 13, 7, 12, 14], "R": [[0.3965572579197407, 0.7373052505299864, 0.546921665992572], [0.903940573849322, -0.4175211073399508, -0.09256113587559318], [0.16010552813733497, 0.5310904748407144, -0.8320511567165386]], "T": [0.10575968259456842, 0.09179363588969963, -0.004695640096834293], "aligned_model": [[-0.7027434449117278, -0.22642198713254885, -0.2675717482503149, 0.2870542305990853, 0.665376929099476, 0.4923036005610626, 0.578961635483074, -0.2877502148880738, 0.23753678042472048, -0.3833002959228085, 0.07567748876409863, 0.30607851267321873, -0.4987841465478184, 0.02870369402931952], [0.13914550619028265, -0.18917385568036704, -0.5063683820744811, -0.6358544349259847, -0.020707064843859896, 0.17700349833250334, -0.1795227295436756, 0.31839514415627523, 0.5608125532326628, 0.6024976609644903, 0.10123881881951938, -0.5219456350674705, 0.012305836691272498, 0.03478715048181797], [0.02217309586512048, 0.622488962406779, 0.20397473603880445, -0.1957492927440477, -0.4386117084848045, 0.6963645463051268, 0.11882250014559642, 0.4386792297634542, -0.3307631616081035, -0.13334114792993762, -0.8170599036135677, 0.555818393384863, -0.5490160481169631, 0.014339684752831998]], "inverted": false, "swapped": false, "error_lsq": 0.05240333859830021, "error_max": 0.2900446837262436, "target": "1065.xyz", "model": "15.xyz", "model_rescale": 4.355366556412066, "target_rescale": 3.803080976951464},
{"mapping": [0, 7, 9, 3, 12, 2, 4, 11, 8, 1, 5, 13], "R": [[-0.22346698368693496, -0.8248265573882001, -0.5193492634335719], [-0.9127387497203774, 0.3640389396453502, -0.18542822110124274], [0.3420094764195072, 0.4325931121146286, -0.8342018445138054]], "T": [-0.054910897896837604, 0.02116991125616362, -0.12116405702915495], "aligned_model": [[-0.17968220006786498, 0.5412719487869707, 0.15407579532881555, -0.622677122257093, -0.6180138571673166, -0.4780873936173149, -0.1476740983636478, -0.005029904554582729, 0.41803340529194327, 0.08181314970041555, 0.5064867005489307, -0.05270786899747501], [-0.6997574542298178, -0.16658301353518168, -0.47754155805859866, 0.38778044636126247, -0.33091831276690187, -0.0670921918641791, 0.3915312181786102, 0.5767650340339493, 0.04004025037526798, -0.06881477488594424, 0.45407550009918196, -0.026708715966667834], [0.13571134075991337, 0.158374570380639, -0.45035616865501277, -0.18150756668152765, -0.4353722763093611, 0.3679839312689695, -0.643256761189944, 0.5979431162831654, -0.5660104854288588, 0.5995241698607991, -0.01862647165286524, -0.11514893742649591]], "inverted": true, "swapped": true, "error_lsq": 0.04168067148097838, "error_max": 0.22069053978725892, "target": "1065.xyz", "model": "16.xyz", "model_rescale": 3.795458400668931, "target_rescale": 3.803080976951464},
{"mapping": [5, 6, 11, 8, 1, 3, 4, 7, 9, 12, 2, 0, 13], "R": [[0.19620063092149684, 0.15496498303450817, -0.9682412749202141], [0.2098680643179862, 0.9579156488395975, 0.1958392332696264], [0.9578416925595943, -0.2416267032869673, 0.15542145364538218]], "T": [-0.13637925347620933, 0.058110018447075695, 0.011691754075264928], "aligned_model": [[0.17074631474151297, -0.13682848998303931, 0.5890286694967246, -0.39764845629000783, 0.5825636691397507, -0.36040307393066495, -0.6377701698917564, 0.31367648631703754, -0.4055765109594958, -0.6388348729761573, 0.179151478898734, 0.02323404014754532, -0.1327072838059612], [-0.38347098190697665, 0.24506704625473077, 0.3105534729111312, -0.5271668988871663, 0.15152419394851896, 0.6159107620977966, 0.021417952062976447, -0.43399601251436876, -0.3046011212093423, 0.44273238794725106, 0.6025831589730708, 0.1710297880132961, 0.05219751777956777], [-0.46135007735220224, -0.8369898228781312, -0.47651396920832867, -0.09371262047310736, 0.15513893998374825, -0.3030696911228494, -0.3952654205322314, 0.16696080132033783, 0.45523372464940703, 0.385030539377729, 0.1852534318912022, 0.762066218113716, 0.059492977067005154]], "inverted": true, "swapped": true, "error_lsq": 0.042879872592183066, "error_max": 0.24298436103065563, "target": "1065.xyz", "model": "17.xyz", "model_rescale": 3.7474275329858107, "target_rescale": 3.803080976951464},
{"mapping": [1, 11, 3, 8, 4, 12, 5, 7, 9, 2, 6, 10, 0, 13], "R": [[-0.2618497715736847, -0.40644630446339713, 0.8753491296133544], [0.6602299852028609, 0.5861131325031949, 0.469646422903787], [-0.703939673385326, 0.7009085514497168, 0.11487444771932784]], "T": [-0.00932283464783741, -0.011353309885469858, 0.065080880210973], "aligned_model": [[-0.6999773819566958, -0.29349601343574994, -0.346595241594942, 0.14279268647137783, 0.4885925630557378, 0.46550935656913567, 0.6938059315104695, -0.21903407215825033, 0.40617819642062875, -0.3866033382159591, 0.17272816766911941, 0.2917816663541199, -0.3577121809476292, -0.05284930576059896], [-0.04194477108578605, -0.12331075501321424, -0.5807304897728482, -0.6480532498808197, -0.1310916712714131, 0.2959511823439753, -0.17156281698063905, 0.5620502830146042, 0.4926515911199138, 0.4529704681524123, 0.42306344900012854, -0.48596100658264885, -0.1773009601241511, 0.025882813813471323], [0.08914071381186241, 0.7196401187403024, 0.2155671980104225, -0.23212024001445222, -0.5883476189860743, 0.5542999135214021, 0.1213195564695197, 0.5062710869783428, -0.08004705920687383, -0.31688191193728676, -0.5457696118204693, 0.4657340770977787, -0.6766930958396387, -0.023993240659682946]], "inverted": false, "swapped": false, "error_lsq": 0.04287366854099769, "error_max": 0.26415301496053856, "target": "1065.xyz", "model": "18.xyz", "model_rescale": 3.922800546911778, "target_rescale": 3.803080976951464},
{"mapping": [7, 3, 12, 8, 6, 2, 1, 9, 10, 11, 4, 0, 13, 14], "R": [[0.19241888841968818, 0.506738140716014, 0.8403519668109363], [-0.9774310309596986, 0.175064445602715, 0.1182413616416639], [-0.08719834342688107, -0.8441379606613432, 0.5289872893313378]], "T": [0.0651362237928548, -0.12737048293847977, -0.020975405832122783], "aligned_model": [[-0.6731543665650344, -0.23503127045352798, -0.527002383325212, 0.1986155339784297, 0.610068144454265, 0.35823924601276536, 0.772433250470346, -0.11168203996305731, 0.31792940462117636, -0.3275759813921416, 0.1163805976995139, 0.24909284842729482, -0.4264653398377567, -0.016726610146297963], [0.08523237853680085, -0.2141045921249496, -0.632022094586452, -0.5326900199990247, 0.003903141774640323, 0.31232364953073966, -0.26390520670882733, 0.5147113774440213, 0.6278642591453383, 0.4164826766675247, 0.24126844261723626, -0.43141505433862215, -0.14129884200093001, -0.09373604922451012], [0.19797218273687142, 0.537169658901574, 0.09440511846852825, -0.459484243429528, -0.42295078967055744, 0.4626449525332807, 0.14953033950797115, 0.44722259938049524, -0.14871239867129413, -0.26023358741450436, -0.6417382396102145, 0.7354368458746336, -0.5005039766909931, 0.017361424248889472]], "inverted": true, "swapped": false, "error_lsq": 0.0391915226286177, "error_max": 0.22536674299343618, "target": "1065.xyz", "model": "19.xyz", "model_rescale": 3.9282355846067225, "target_rescale": 3.803080976951464},
{"mapping": [3, 1, 5, 7, 9, 10, 12, 0, 11, 4, 8, 2, 6, 13], "R": [[0.4849696486061846, 0.031476321190698375, 0.8739643477482901], [-0.8734654946163756, -0.031882135271235054, 0.48584108427048167], [0.043156339573282465, -0.9989958812001414, 0.012031612518231566]], "T": [0.015578152272865808, -0.054504307532190974, -0.08944996061546731], "aligned_model": [[-0.6946339264148568, -0.30681193134118917, -0.4552701404745891, 0.2770527084798663, 0.5803348319281755, 0.5723890049203162, 0.8450956903740711, -0.22210887556164471, 0.25036469978554343, -0.2915094034001034, 0.04810099682071671, 0.11473999204759106, -0.41048154034836953, -0.0021410728347642932], [0.10215734266529221, -0.049888581307306376, -0.5250402922527406, -0.6143263404047582, 0.20213689135242657, 0.08018557278355233, -0.23308513488254262, 0.5371276734136228, 0.611882318698974, 0.46708512429726473, 0.2518832446688171, -0.5342140231597313, -0.38536310658893164, -0.01792662255095346], [0.10396927261903435, 0.5869701199301595, 0.12170856880842695, -0.16899946939082716, -0.39540749534465314, 0.5540208308786109, -0.1424017061291415, 0.3939478715250664, 0.029576560854654765, -0.27113524536477984, -0.7849285811114366, 0.5729409576683765, -0.45802783226173693, 0.06588603348339844]], "inverted": false, "swapped": false, "error_lsq": 0.04757903196970424, "error_max": 0.2901392274910036, "target": "1065.xyz", "model": "20.xyz", "model_rescale": 4.067790424073018, "target_rescale": 3.803080976951464},
{"mapping": [3, 12, 11, 13, 5, 7, 1, 0, 8, 2, 4, 9, 6, 14], "R": [[0.15846967221029815, -0.9870204604393009, 0.026037927408907313], [0.20405649536337497, 0.058541051702840824, 0.9772071898863326], [-0.9660477781608827, -0.14954449484924603, 0.2106849172833837]], "T": [0.01647961877936386, -0.03642929713507124, -0.018114562209266702], "aligned_model": [[-0.8166862579482416, -0.32595255388875016, -0.38158470789436494, 0.24142087462442294, 0.42755439898585373, 0.47882187983035956, 0.7853976211837513, -0.1330227574985416, 0.43957437555982903, -0.4349658960543258, 0.098736386165136, 0.3213199800193513, -0.42452461176017714, 0.02903230265646085], [0.023191453455002314, -0.2933620070885994, -0.5443739692951993, -0.6590008474848315, -0.0669857752345081, 0.29223353660461043, -0.23169018828083934, 0.5547500021100953, 0.34007800109723024, 0.5192303180444997, 0.4537797151465204, -0.3020298755205261, -0.09300358234936743, -0.10020271447110177], [0.14320811011739898, 0.6172905499636043, 0.021499271650624235, -0.24599523535014933, -0.4406662721599314, 0.4665341070071479, 0.19151222817360858, 0.3460476340058438, -0.08445442871309237, -0.22099696838084226, -0.6469241066926724, 0.6456463784834471, -0.6096139464812121, 0.025032564541378005]], "inverted": true, "swapped": false, "error_lsq": 0.04288605795268447, "error_max": 0.28978601984119934, "target": "1065.xyz", "model": "21.xyz", "model_rescale": 4.186013935880536, "target_rescale": 3.803080976951464},
{"mapping": [2, 2, 1, 6, 4, 11, 3, 12, 7, 9, 10, 5, 13], "R": [[-0.4981070147322748, 0.016987209934146208, -0.8669491545489589], [0.4652610255887668, -0.8384632742055711, -0.2837455125223345], [-0.7317250712819605, -0.5446932829649422, 0.4097409517613333]], "T": [-0.047242977806690144, 0.05016313282868338, 0.05005940189208133], "aligned_model": [[-0.05979316138676576, -0.05979316138676576, 0.3754180057948194, 0.42692835756206, -0.1603025205561203, 0.728262582919247, -0.16404833165486127, -0.7504409528273178, 0.31909010024518447, -0.42721695338389304, -0.6837799945792262, 0.5866776096133789, -0.07242754493651454], [-0.1848883161363466, -0.1848883161363466, 0.23546026898392897, -0.6049599874718236, -0.28614159152495505, -0.2656586255647298, -0.6174295629644193, -0.13564720021106602, 0.6247624940329158, 0.5306316753266193, 0.15033173124790752, 0.17297534174055015, 0.08440874822385859], [-0.5588146483556997, -0.5588146483556997, -0.5271796244938035, 0.36816126149456485, 0.5908643324675952, -0.3065032473982654, 0.017201967914148908, -0.05369508408646004, -0.01674360470636871, 0.20982726938156745, 0.5513184624893893, 0.36014055093887354, 0.02711657404550401]], "inverted": true, "swapped": true, "error_lsq": 0.05391920067348909, "error_max": 0.466008058127672, "target": "1065.xyz", "model": "22.xyz", "model_rescale": 4.166573947596378, "target_rescale": 3.803080976951464},
{"mapping": [9, 14, 10, 7, 0, 6, 5, 12, 2, 3, 4, 13, 8, 15], "R": [[0.45648139981096986, -0.6267565223477848, 0.6315069226232823], [-0.6786385519162513, 0.21374128361482686, 0.7026836980688392], [-0.575390691165256, -0.7493269816129652, -0.32777221838827664]], "T": [-0.05202741041067597, 0.10299668971435438, 0.029086496294273005], "aligned_model": [[-0.6509376112055689, -0.36899639820485663, -0.19276571982131943, 0.19609236556984008, 0.4491799989157364, 0.5229932414111493, 0.6354533722099209, -0.12535898057985234, 0.25129707628711456, -0.3237426917683534, 0.0842172809260685, 0.19282104075833964, -0.38171264403106014, 0.01658070351360478], [0.06260322104813204, -0.22699716756596394, -0.6118560386929679, -0.5411076223394456, -0.17415568770535594, 0.4408650073448512, -0.3362140688598822, 0.3717526193272957, 0.6868471506419653, 0.5303047724578619, 0.3049752992905888, -0.5406380418386725, -0.17458071074688142, 0.10081533437145988], [0.017946237992694146, 0.6745417450561335, 0.2026363106327495, -0.15787836567528335, -0.5529216268147804, 0.3955614366200813, 0.18885528010813546, 0.6221919560091738, -0.11205929440892023, -0.2949586553664952, -0.6640913587478512, 0.5216275678756604, -0.6552654407286607, 0.0219340936125149]], "inverted": true, "swapped": false, "error_lsq": 0.03999384466137159, "error_max": 0.238307161350201, "target": "1065.xyz", "model": "23.xyz", "model_rescale": 4.274766983524099, "target_rescale": 3.803080976951464},
{"mapping": [1, 3, 6, 5, 4, 8, 7, 9, 0, 12, 13], "R": [[0.9057750196516936, 0.4160384586309098, -0.08052089613877235], [-0.23944785018726655, 0.659262529656816, 0.7127675946837035], [0.3496231411329499, -0.6263265266061406, 0.6967630452699232]], "T": [-0.006122771952347193, 0.10897620749658143, 0.018705877022719416], "aligned_model": [[0.3857963693210949, 0.004191855866683011, -0.5395388690198635, -0.5176912611792651, -0.4947304883266569, -0.5045785994048358, -0.02678484451874831, 0.034587494378104176, 0.6758575904267461, 0.3350513144780824, 0.027734141936734284], [-0.32003695649145203, 0.7407747454585794, 0.4798525015850974, -0.2729039935944251, 0.5139647394724834, -0.1177415448853823, -0.5746666210388047, -0.10480564254128105, -0.1194773251878937, 0.6015264642778814, 0.08910016418868075], [-0.437944230978713, -0.22853353127124437, -0.558469653464013, -0.30618435313475656, 0.1436061942022978, 0.3680790261207713, -0.013427492101335706, 0.6131770779549985, 0.30853493504583746, 0.4438791976710904, 0.04684926397664441]], "inverted": true, "swapped": true, "error_lsq": 0.043307024437276, "error_max": 0.24656053243862958, "target": "1065.xyz", "model": "24.xyz", "model_rescale": 3.7841303162186577, "target_rescale": 3.803080976951464},
{"mapping": [6, 7, 11, 13, 12, 9, 14, 8, 2, 4, 5, 10, 3, 15], "R": [[0.8263427140165311, -0.5112447414526228, -0.23619173001787047], [0.5610951039006767, 0.7114476897927229, 0.4231010152047462], [-0.048270108457332275, -0.4821524645022971, 0.8747565361881436]], "T": [-0.03014056232729878, 0.04808074426690935, 0.18805571812253608], "aligned_model": [[-0.7011763972497692, -0.4034556913610263, -0.30970339233714655, 0.16899042749812854, 0.48760436711450517, 0.5445750888703094, 0.6597160292228682, 0.03379236951249097, 0.29407792554754497, -0.42284111697685456, 0.10280714959114068, 0.26999746010710945, -0.3311684734303938, -0.08809471212814345], [-0.0709787950003972, -0.2615673866006659, -0.6623794887920345, -0.5401598772683012, 0.0025903284798883125, 0.15128502587051762, -0.3399515309355771, 0.5820892186427317, 0.6601597578397835, 0.5023680519465271, 0.36022037757195524, -0.38487668483718385, -0.13807499583513638, 0.031890065650878034], [-0.05186549103244617, 0.6211370148613906, 0.10731879669619993, -0.287675106333958, -0.36425100511823827, 0.2225739025086818, 0.13487866661975495, 0.4334234282231902, -0.11033107982775708, -0.2547915008113655, -0.6207906830313089, 0.7605241778213528, -0.5356362915038783, 0.15360505709353373]], "inverted": true, "swapped": false, "error_lsq": 0.0397225192994173, "error_max": 0.26585375002503636, "target": "1065.xyz", "model": "25.xyz", "model_rescale": 4.19342608120988, "target_rescale": 3.803080976951464},
{"mapping": [0, 7, 9, 3, 12, 2, 4, 11, 8, 1, 5, 13], "R": [[-0.22346698368693496, -0.8248265573882001, -0.5193492634335719], [-0.9127387497203774, 0.3640389396453502, -0.18542822110124274], [0.3420094764195072, 0.4325931121146286, -0.8342018445138054]], "T": [-0.054910897896837604, 0.02116991125616362, -0.12116405702915495], "aligned_model": [[-0.17968220006786498, 0.5412719487869707, 0.15407579532881555, -0.622677122257093, -0.6180138571673166, -0.4780873936173149, -0.1476740983636478, -0.005029904554582729, 0.41803340529194327, 0.08181314970041555, 0.5064867005489307, -0.05270786899747501], [-0.6997574542298178, -0.16658301353518168, -0.47754155805859866, 0.38778044636126247, -0.33091831276690187, -0.0670921918641791, 0.3915312181786102, 0.5767650340339493, 0.04004025037526798, -0.06881477488594424, 0.45407550009918196, -0.026708715966667834], [0.13571134075991337, 0.158374570380639, -0.45035616865501277, -0.18150756668152765, -0.4353722763093611, 0.3679839312689695, -0.643256761189944, 0.5979431162831654, -0.5660104854288588, 0.5995241698607991, -0.01862647165286524, -0.11514893742649591]], "inverted": true, "swapped": true, "error_lsq": 0.04168067148097838, "error_max": 0.22069053978725892, "target": "1065.xyz", "model": "26.xyz", "model_rescale": 3.795458400668931, "target_rescale": 3.803080976951464},
{"mapping": [7, 0, 1, 5, 6, 10, 9, 8, 12, 2, 4, 3, 13], "R": [[0.6084577595974846, 0.5589548897297082, -0.563337009287389], [-0.5352177463226294, 0.8131537538981256, 0.22874207427299542], [0.5859361047135901, 0.16232807449309825, 0.793932287682286]], "T": [-0.06024067490848765, -0.05524092018253652, -0.08021663852121566], "aligned_model": [[0.06183984049906537, 0.39240206110969655, 0.5833133607440739, -0.2439470535561767, -0.26291692862917626, -0.6783037801900401, -0.3032748398566853, -0.6180793000889615, -0.09071327549166144, 0.5403657725550542, -0.6038747569252572, -0.033602541318392305, -0.04353217603028288], [-0.6001396251683069, -0.5123469563531075, -0.22954081306536017, -0.11232269388801316, 0.6495078935131129, -0.1859688848843647, -0.5580691896738261, -0.34823239183068444, 0.06763765401425781, 0.151934830060807, 0.29329271524567696, 0.5985102584423266, -0.0923812931556042], [-0.4764599232902097, 0.3527472622461636, -0.39902689532860436, -0.7702036719948783, -0.546548062395413, 0.43687326158948037, 0.2178674771181471, -0.23799120641913665, 0.6434892008328595, 0.0697313644995734, -0.04361622036717058, 0.09951347975880809, -0.05423940415019318]], "inverted": true, "swapped": true, "error_lsq": 0.0475486847580467, "error_max": 0.32871689736700566, "target": "1065.xyz", "model": "27.xyz", "model_rescale": 3.6321398670334006, "target_rescale": 3.803080976951464},
