[{"mapping": [6, 8, 3, 1, 5, 11, 2, 4, 7, 12, 13], "R": [[0.18041236319321902, 0.8250739570781132, -0.5354477981638379], [0.3714117086108445, -0.5612235958549938, -0.7396495238708424], [-0.9107714981892061, -0.0654296630516677, -0.4076938033366879]], "T": [-0.011425325313511495, -0.24051052913544707, 0.014426034649447403], "aligned_model": [[-0.10271618133884687, -0.45204500922739727, 0.17682233498050498, 0.07755429653401809, -0.6230042042148705, -0.6336509012260434, 0.6451157773738042, 0.19500308313910136, -0.015723243971675196, 0.03804054862967878, -0.04586010330260727], [0.04892823963677073, 0.3775146823064552, -0.390887841046886, -0.8044984722990713, -0.5428478926714732, -0.02233782215934138, -0.03381653326030215, 0.6026349857817841, 0.49025707474367913, -0.43786087439877114, -0.0953321948679155], [-0.6873128504961865, -0.17125720043794412, -0.4494163828307251, 0.09835660288836039, -0.31262847752465367, 0.24311325216349455, -0.32834155127575765, -0.38544541903255625, 0.2076997252838355, 0.5563907719830574, 0.07982756046915421]], "inverted": true, "swapped": false, "error_lsq": 0.05109190249446345, "error_max": 0.2916094729653823, "target": "1067.xyz", "model": "0.xyz", "model_rescale": 3.8414455957264533, "target_rescale": 3.759180451455861},
{"mapping": [9, 6, 7, 0, 2, 5, 13, 8, 12, 1, 14], "R": [[-0.40262909362105526, 0.8810265523365373, 0.24835866614209853], [0.8574982436910537, 0.4579657724187507, -0.23444426493231874], [-0.3202913908250513, 0.11857303812794828, -0.9398690651321928]], "T": [-0.0949947899795372, -0.11214786946254918, -0.0400184388568727], "aligned_model": [[0.02605920808190873, -0.6888032876056964, -0.006966900095664197, 0.3396701343042863, -0.7144641134617427, -0.7088076108830399, 0.6080146057742861, 0.15083488394316685, 0.27573874402834303, 0.07166986855168794, -0.09340913526186873], [-0.023851497574323116, 0.2919830047138631, -0.5524809680327175, -0.6909896839119926, -0.3699938305755046, -0.016250187922127846, 0.022013090801551893, 0.6043078556157867, 0.44769513319079257, -0.41169329787553866, -0.1089862666648621], [-0.705645481770663, -0.34677058386651216, -0.49970621881334343, -0.0009553239096363186, -0.3472283755787594, 0.17989118019638733, -0.2902695664511121, -0.26487697865935367, 0.3225032887805077, 0.754332440215021, 0.049711651047542604]], "inverted": false, "swapped": false, "error_lsq": 0.04620716142168713, "error_max": 0.2411752639676583, "target": "1067.xyz", "model": "1.xyz", "model_rescale": 4.316132596720782, "target_rescale": 3.759180451455861},
{"mapping": [5, 3, 0, 1, 4, 6, 9, 7, 10, 8, 11], "R": [[-0.6701150718797092, 0.12734471718194568, -0.731251744234161], [0.17630008691982763, -0.9296731893396145, -0.32345948799682905], [-0.7210159982911014, -0.3456748241179271, 0.6005371313909963]], "T": [-0.025746725587470584, -0.13464843581618857, -0.08563575441491084], "aligned_model": [[-0.020002254485943435, -0.44013429115438607, 0.010557211013082449, 0.3758496095765045, -0.7109370319968508, -0.7011587115793453, 0.6507733069168407, 0.16405147501065714, 0.10256949437830339, -0.020517137860252152, -0.15151527244294383], [-0.0336789598659972, 0.32649760415928586, -0.6742396599818545, -0.4602309499421195, -0.41020549713208476, 0.03442090468130829, 0.012481362202669766, 0.7016793455831631, 0.21732389376620553, -0.38073317203334844, -0.1415615196722998], [-0.7224497365911078, -0.3016086327065493, -0.5454589743344209, 0.07963273466606793, -0.3067969650697412, 0.35177728869396035, -0.3513893496630431, -0.3405741879417287, 0.4212036930349961, 0.6399337252533188, -0.07328356415167345]], "inverted": true, "swapped": false, "error_lsq": 0.05213589660547109, "error_max": 0.31206114122801987, "target": "1067.xyz", "model": "2.xyz", "model_rescale": 3.795458400668931, "target_rescale": 3.759180451455861},
{"mapping": [7, 7, 4, 10, 0, 1, 5, 9, 6, 2, 11], "R": [[0.0477490917991418, -0.7629697110787949, -0.6446683210835615], [-0.6040709974331985, 0.4919474917037703, -0.6269656254264901], [0.7954987456259237, 0.4193624749339282, -0.4373978284409659]], "T": [-0.03603139520884131, -0.047937055965772996, -0.0034021527227592607], "aligned_model": [[-0.4494263535080388, -0.4494263535080388, 0.0822396993786171, 0.3252079223503906, -0.6051586152309137, -0.5682793607327277, 0.6430949440591701, 0.31992675576255114, 0.1075479456989535, -0.026819824028414943, -0.11937036286588172], [0.2576004897239853, 0.2576004897239853, -0.4237574278293146, -0.6854556303278477, -0.5417138701868666, 0.05204359240250947, -0.03989439579491674, 0.5560499539926183, 0.26322998344891846, -0.40554539159150316, -0.09840444179664017], [-0.5682505511826076, -0.5682505511826076, -0.5090954684794838, 0.04228108482506922, -0.2143206425318711, 0.31751031993480716, -0.1838109842112153, -0.5162843315570631, 0.4760312035086184, 0.6746514857619563, -0.09947553369552399]], "inverted": true, "swapped": false, "error_lsq": 0.06154083752273712, "error_max": 0.4110513709100634, "target": "1067.xyz", "model": "3.xyz", "model_rescale": 3.7530521520055578, "target_rescale": 3.759180451455861},
{"mapping": [2, 1, 4, 6, 0, 7, 9, 3, 5, 8, 10], "R": [[0.7508079540084928, 0.2746774383437431, 0.6006993599651164], [0.20716577108944362, 0.7656191783982308, -0.6090234945859926], [-0.6271919638248703, 0.5817040300133199, 0.5179292055674843]], "T": [-0.013908615632197432, -0.01878989155859536, -0.11838542517065129], "aligned_model": [[-0.14656880108368825, -0.6118683343674834, 0.1026589150275208, 0.05279299381373169, -0.6018475520153945, -0.3730765745527746, 0.5107477495558257, 0.3067733037552672, -0.04369693016212202, 0.1512807190269076, -0.08765909162212325], [0.10578665087754027, 0.4492562693639748, -0.5593605504546498, -0.7428079157621439, -0.5746428275617748, -0.10835194286001501, 0.01632640422020854, 0.5766368771412501, 0.5115416326740772, -0.40849296733922763, -0.07413827853431135], [-0.7727843427260243, -0.33816448883553585, -0.6020240071181127, 0.01459704948534049, -0.2783094896236555, 0.3529191014413, 0.026066342148662547, -0.46867081565694235, 0.3668164634413237, 0.6954471672561311, -0.14490694862240852]], "inverted": false, "swapped": false, "error_lsq": 0.057450619006640835, "error_max": 0.3219021280000816, "target": "1067.xyz", "model": "4.xyz", "model_rescale": 3.7855080009869324, "target_rescale": 3.759180451455861},
{"mapping": [5, 0, 9, 14, 2, 1, 8, 7, 6, 12, 16], "R": [[0.4255786621954601, 0.7631051569440703, 0.4863674760192017], [-0.8763489730849192, 0.48154463853737756, 0.011280003054701726], [-0.2255998219346154, -0.43102816676091216, 0.8736815436998755]], "T": [0.047502528487583864, -0.07152961214703102, -0.07060619286470263], "aligned_model": [[-0.25292825254636936, -0.6698481013625357, 0.06302631682139616, 0.05473594252855554, -0.48475398014739346, -0.6056597685896385, 0.7429761521517667, 0.23908797391182413, 0.24998530757209453, -0.11894932921182698, 0.04186413624779359], [0.31821225215895965, 0.16615338916980912, -0.607149361354748, -0.7371361899800132, -0.56719532655011, 0.05466653335076793, 0.03240140220837137, 0.586855445105659, 0.4519596910046747, -0.38226322940268753, -0.12475125394575473], [-0.71321483709066, -0.2639678955339987, -0.5394180053262402, 0.05027788300820685, -0.20023719285961636, 0.29072120095933973, -0.09932303471905843, -0.37258898271186613, 0.2626155677196226, 0.5114622405568181, -0.07534091281246884]], "inverted": false, "swapped": false, "error_lsq": 0.04530292668759671, "error_max": 0.2559168767014369, "target": "1067.xyz", "model": "5.xyz", "model_rescale": 4.2253639853439635, "target_rescale": 3.759180451455861},
{"mapping": [7, 11, 3, 4, 2, 8, 0, 12, 9, 1, 13], "R": [[-0.7299356010206817, 0.2391444537379469, 0.6403155070814355], [-0.5727277407732095, -0.7252965802649884, -0.38200498112554604], [0.37306427504036366, -0.6455654892435719, 0.6663844579417468]], "T": [-0.19387943671117802, -0.11782907549471511, -0.04938096668326935], "aligned_model": [[0.2342867321643326, -0.6564537891916138, 0.0729726648491586, 0.08017681802030396, -0.5262852552299024, -0.5426571363095205, 0.6034901794212659, -0.013623680032188501, 0.08623351750865194, 0.09670047151770278, -0.17530412534252365], [0.07732873920467986, 0.43689478510957036, -0.47178805513563743, -0.7673833969638792, -0.6596323446230147, 0.1919279888700326, -0.03346152453371293, 0.6736136911576145, 0.2878229800837445, -0.3917565857853119, -0.1518129256191572], [-0.6881128159119861, -0.33896721586781103, -0.6030166495314135, 0.012938090673310622, -0.2641534076854076, 0.5235671574411692, -0.06148307146885972, -0.5103256203748192, 0.3105906574325669, 0.5664378524494013, -0.09648894596607205]], "inverted": true, "swapped": false, "error_lsq": 0.06030993782973082, "error_max": 0.3194384626971718, "target": "1067.xyz", "model": "6.xyz", "model_rescale": 3.89814844738969, "target_rescale": 3.759180451455861},
{"mapping": [6, 1, 3, 7, 0, 2, 8, 9, 10, 4, 12], "R": [[0.3104119798495516, 0.15964604178352118, -0.9371006051159799], [0.397657936030388, -0.9172056843592016, -0.024533619611063817], [-0.8634306970903532, -0.3650299630469021, -0.3481961478822588]], "T": [-0.0045072573177606795, -0.11656804136450864, -0.050395844021706056], "aligned_model": [[-0.03575804548381471, -0.7729532026423008, 0.07980477777207161, 0.1746933344721986, -0.45731968104896903, -0.537585564372546, 0.5834349164443657, 0.3584018642938864, -0.03556685237749195, -0.06485077471678845, -0.03276437496494487], [0.04518121359875775, 0.12519139564575815, -0.6184673012177871, -0.7429121607365504, -0.4280090612418621, 0.09218013143171201, -0.11193739061255802, 0.6752471709089223, 0.46782870809379357, -0.2885337810755057, -0.024015573029751783], [-0.7063199385521685, -0.30698854805787545, -0.6775884383399531, 0.03239830780162951, -0.27170058305982814, 0.36649690408361846, -0.3850439124461521, -0.24856627092253852, 0.3927964436248887, 0.5678939202942146, 0.08760814676424356]], "inverted": true, "swapped": false, "error_lsq": 0.044489416507054604, "error_max": 0.19358516849091406, "target": "1067.xyz", "model": "7.xyz", "model_rescale": 3.7474275329858107, "target_rescale": 3.759180451455861},
{"mapping": [8, 3, 9, 11, 7, 0, 4, 2, 1, 12, 14], "R": [[0.9491417208161299, 0.2509386127707278, 0.19015732020329598], [0.2692311916597273, -0.33375170983274044, -0.9033960159427347], [-0.16323161226821017, 0.9086471310714767, -0.3843381739456747]], "T": [-0.10363727267306816, -0.14113736396337043, -0.0214696226784154], "aligned_model": [[0.08431749460831023, -0.5328473979432442, -0.027297521072066164, 0.01660361682990455, -0.5106899545832568, -0.5915288785474421, 0.557174670282788, 0.19633472779213584, -0.040143632774494814, 0.16206529580575796, -0.05445202302272566], [0.046546285843176244, 0.3153237507149893, -0.6742965168422813, -0.7490445179584089, -0.6506876772363455, 0.1817482808199886, 0.10085906244632639, 0.6257173484990205, 0.4616067970212524, -0.35831762292373914, -0.10770183861904983], [-0.6496878721013537, -0.3701190972754116, -0.5602218849616825, 0.028239292045741743, -0.2177964530331914, 0.28171329065464285, -0.3635093155466094, -0.19622701096564607, 0.4229061801520561, 0.49124618458816144, -0.015557282366629028]], "inverted": false, "swapped": false, "error_lsq": 0.0521246779314758, "error_max": 0.24870065785836978, "target": "1067.xyz", "model": "8.xyz", "model_rescale": 4.019505241142653, "target_rescale": 3.759180451455861},
{"mapping": [2, 6, 3, 4, 5, 11, 0, 1, 9, 8, 12], "R": [[0.6688257689179516, 0.7364969973876649, 0.10121394997857128], [0.7427159055446528, -0.6560506914866979, -0.1340543690105319], [-0.03232915839141301, 0.16483222694236557, -0.9857916425284419]], "T": [-0.07010921386008795, 0.05440808865611632, -0.09954373140760253], "aligned_model": [[-0.04010708521794695, -0.7002934505481934, -0.011641704067522365, 0.29107153529821134, -0.48485457991510816, -0.5196178989955351, 0.5226697029559667, 0.2961048841227981, -0.00809760870195518, 0.010770021644523342, -0.09646741919957155], [0.013230653461343167, 0.25799005936375363, -0.6130077116498907, -0.6878673895048986, -0.4669240546383603, -0.006430398923941386, -0.1472042116726623, 0.6110349265688529, 0.38219768809401444, -0.1782681177938489, 0.027001908460566396], [-0.6889302372968863, -0.39868257375262783, -0.6376873066199387, -0.020992778508180363, -0.18154249265331865, 0.3264728696888359, -0.27450576787727, -0.21071522021838354, 0.4971543503360015, 0.529310197261325, -0.08889500916947803]], "inverted": true, "swapped": false, "error_lsq": 0.04917763672700876, "error_max": 0.27677402584228833, "target": "1067.xyz", "model": "9.xyz", "model_rescale": 3.877068213659057, "target_rescale": 3.759180451455861},
{"mapping": [2, 8, 4, 3, 1, 11, 13, 14, 10, 12, 15], "R": [[-0.34834472193750887, 0.27660588690251786, -0.895625556820009], [0.329639396474964, -0.8582915071760693, -0.3932855921605226], [-0.8774929190539952, -0.43223242826088715, 0.2078011187886052]], "T": [-0.0596884178712631, -0.10893695097320877, -0.0928424831383376], "aligned_model": [[0.0343103473903353, -0.7484951007555065, 0.04474257924605689, 0.2924555848942115, -0.6665751072461279, -0.4982676976354655, 0.6555620922898435, 0.3424592072073002, 0.06275907491001496, -0.12998550694450184, -0.1294290759804941], [0.14358346719249804, 0.16961335234436015, -0.5597488760856675, -0.6310626564832922, -0.7014219961724846, 0.2205361377777475, 0.020850022260810425, 0.5512039442050272, 0.45817382075527935, -0.34669351776403695, -0.13328034626531288], [-0.6992689242573051, -0.3008761773895179, -0.5867589282608422, -0.014479917520996699, -0.27602716502594254, 0.40086894615424223, -0.355921454659628, -0.20244555241805262, 0.31532753482106074, 0.6119449670402235, -0.041377297293163195]], "inverted": true, "swapped": false, "error_lsq": 0.044291359512524615, "error_max": 0.22851663116586315, "target": "1067.xyz", "model": "10.xyz", "model_rescale": 4.260839863003843, "target_rescale": 3.759180451455861},
{"mapping": [5, 3, 4, 9, 2, 1, 10, 6, 7, 8, 11], "R": [[-0.32152481170625685, -0.8011560599977745, -0.504748217417455], [-0.5595649677934418, -0.26926247158701877, 0.7838270014570653], [-0.7638775047581782, 0.5344592490767582, -0.36172429943359796]], "T": [-0.07372509318843988, -0.03235092067637945, -0.07246986871561512], "aligned_model": [[-0.02816005585003585, -0.6742838228537502, 0.024981739785597715, 0.2802395680602593, -0.584074750799605, -0.6607997410701201, 0.5509125989036648, 0.29489228321451244, 0.12737504543908096, 0.025245651155036478, -0.09679211860897367], [0.14929275094601052, 0.12221924452928007, -0.5254868064632511, -0.7464296730262161, -0.49029940889743945, 0.11219139687059246, -0.06835804790523328, 0.6565001396994012, 0.39652058519013417, -0.42229451279686364, 0.007897683618513486], [-0.7217312230096967, -0.41782526199021064, -0.6046134751553186, -0.04936542786963846, -0.05892235035758073, 0.3246592279192739, -0.11565589016671386, -0.37720053846710944, 0.38055727725030386, 0.5223092447265221, -0.031225551689752516]], "inverted": true, "swapped": false, "error_lsq": 0.0382534661917897, "error_max": 0.20591946858053922, "target": "1067.xyz", "model": "11.xyz", "model_rescale": 3.890672605050136, "target_rescale": 3.759180451455861},
{"mapping": [11, 9, 1, 0, 6, 5, 4, 10, 12, 8, 13], "R": [[0.9812783489813719, 0.17713471177350737, 0.07560486561928248], [-0.1567798501432095, 0.5066750396326374, 0.8477620437377097], [0.11186098698592856, -0.8437438581099016, 0.5249603999277968]], "T": [-0.06852891351299026, -0.14231660582300126, -0.10658485178813856], "aligned_model": [[-0.13799380067372014, -0.7204636791718991, 0.12310236052234111, 0.27334075240712963, -0.49303812855102014, -0.4904384872697425, 0.6206999684540302, 0.26239123646527196, 0.021779244347743393, -0.22895846915676132, 0.02911540000229393], [0.05402790883678624, 0.2768654852006469, -0.7442966359451091, -0.6211117949203351, -0.4916984769985994, 0.20413766150718066, -0.01600810750697612, 0.6268943244478402, 0.5419947347666503, -0.5847320204201705, -0.05431972720298614], [-0.6158840024942944, -0.1779140317337051, -0.5606727161228072, -0.055841988564530765, -0.279161149069054, 0.4474313339466848, -0.09841445762487629, -0.42018795051771596, 0.1739406773696682, 0.43905422712840103, -0.0013639111276917137]], "inverted": false, "swapped": false, "error_lsq": 0.055668618052363714, "error_max": 0.36593318329011354, "target": "1067.xyz", "model": "12.xyz", "model_rescale": 4.124412569039231, "target_rescale": 3.759180451455861},
{"mapping": [2, 10, 8, 6, 9, 7, 1, 4, 0, 3, 12], "R": [[0.365535920100627, -0.3798252451848129, -0.8497742489840965], [-0.6466282950641982, 0.5530600048626892, -0.5253536704389251], [0.6695187369585385, 0.7415237111121796, -0.043442452967856204]], "T": [-0.12451802595905688, -0.04330937397229676, 0.01836223996739879], "aligned_model": [[0.06424512246066817, -0.6066516182786674, -0.04265902885613761, 0.21186218977617333, -0.4797259831812781, -0.7182031467330977, 0.6242921549558574, 0.11971519365583004, 0.2161879615435509, 0.036360634859617616, -0.16588708282684983], [0.17019621248473568, 0.25729039595859843, -0.48051705311250825, -0.6214992834619186, -0.574331845336645, 0.039201976588322855, -0.125222179435747, 0.6565833935620706, 0.24547583533352332, -0.3889932298997234, 0.013569129084219728], [-0.7947671175146886, -0.45259067675782083, -0.5447049592127493, 0.005808602630650257, 0.040355739745939874, 0.20223047788852355, -0.2905680178061205, -0.2438905086152563, 0.38888879280820665, 0.6211674357066717, -0.08094373768327753]], "inverted": true, "swapped": false, "error_lsq": 0.05118962245300417, "error_max": 0.3128875607200901, "target": "1067.xyz", "model": "13.xyz", "model_rescale": 3.9028299243045295, "target_rescale": 3.759180451455861},
{"mapping": [11, 14, 6, 3, 9, 10, 2, 12, 5, 4, 15], "R": [[0.19066729896300272, -0.2995398794295586, -0.9348378692251822], [0.9346900378214187, 0.346428684170323, 0.07963479127500478], [0.3000008571713553, -0.8889673938988676, 0.34602956272709995]], "T": [0.06979094148809196, -0.05975054898228861, -0.05098997520163414], "aligned_model": [[-0.22148946004567166, -0.6998609843703731, 0.047182710314276, 0.24334238751495607, -0.5256604946520501, -0.5722367735336786, 0.7711668500220598, 0.15925926695509524, 0.08968230895078373, -0.011764331134514819, -0.020085082645215455], [0.17460701140214535, 0.3008317401758858, -0.5930742986450793, -0.6326432903824756, -0.37890784762459484, -0.021749466762605585, -0.15466845193207746, 0.582703184626978, 0.2964154099840148, -0.25917733383245817, -0.12258330524480479], [-0.6882410637930245, -0.2972966510160736, -0.4503180460632367, 0.12326055613504225, -0.43101847727174264, 0.3254524944308867, -0.25399784742227055, -0.30296002872095623, 0.31623199694767823, 0.5916148558372284, -0.08174175787345253]], "inverted": false, "swapped": false, "error_lsq": 0.043928590194324685, "error_max": 0.23603206089910797, "target": "1067.xyz", "model": "14.xyz", "model_rescale": 3.942246331269136, "target_rescale": 3.759180451455861},
{"mapping": [6, 7, 11, 13, 8, 0, 10, 9, 5, 12, 14], "R": [[-0.9307810022486728, 0.3309903718639884, -0.15521629935768796], [-0.285224477748903, -0.39190816785150345, 0.8746742166453425], [0.2286782087253226, 0.8584016319326384, 0.45918723321708466]], "T": [0.06481435377130211, -0.05728169956023871, 0.0011316582925319785], "aligned_model": [[-0.11696514100522677, -0.5728977640350748, 0.14137708131017118, 0.19427099408231135, -0.5696594159868584, -0.6234490383247194, 0.6194883931645828, 0.11891422075449382, 0.13178250215910514, -0.05397083227401463, -0.009354602469103565], [-0.019674057113531318, 0.3701188822108989, -0.5456165203598536, -0.85073082087351, -0.38610380997644717, 0.0712630384519494, 0.0906236505972311, 0.616290030445017, 0.4476468203656013, -0.5593622365187771, -0.04270162546365026], [-0.5264394457747885, -0.3752079564620647, -0.518270186335466, 0.12200066454268677, -0.29578580747546745, 0.2258253081763545, -0.42249699213269537, -0.4365173278396074, 0.37973701358498435, 0.6350728796580098, 0.06306788124813278]], "inverted": true, "swapped": false, "error_lsq": 0.04957564676760218, "error_max": 0.2267031859045444, "target": "1067.xyz", "model": "15.xyz", "model_rescale": 4.355366556412066, "target_rescale": 3.759180451455861},
{"mapping": [5, 3, 0, 1, 4, 6, 9, 7, 10, 8, 11], "R": [[-0.6701150718797092, 0.12734471718194568, -0.731251744234161], [0.17630008691982763, -0.9296731893396145, -0.32345948799682905], [-0.7210159982911014, -0.3456748241179271, 0.6005371313909963]], "T": [-0.025746725587470584, -0.13464843581618857, -0.08563575441491084], "aligned_model": [[-0.020002254485943435, -0.44013429115438607, 0.010557211013082449, 0.3758496095765045, -0.7109370319968508, -0.7011587115793453, 0.6507733069168407, 0.16405147501065714, 0.10256949437830339, -0.020517137860252152, -0.15151527244294383], [-0.0336789598659972, 0.32649760415928586, -0.6742396599818545, -0.4602309499421195, -0.41020549713208476, 0.03442090468130829, 0.012481362202669766, 0.7016793455831631, 0.21732389376620553, -0.38073317203334844, -0.1415615196722998], [-0.7224497365911078, -0.3016086327065493, -0.5454589743344209, 0.07963273466606793, -0.3067969650697412, 0.35177728869396035, -0.3513893496630431, -0.3405741879417287, 0.4212036930349961, 0.6399337252533188, -0.07328356415167345]], "inverted": true, "swapped": false, "error_lsq": 0.05213589660547109, "error_max": 0.31206114122801987, "target": "1067.xyz", "model": "16.xyz", "model_rescale": 3.795458400668931, "target_rescale": 3.759180451455861},
{"mapping": [6, 1, 3, 7, 0, 2, 8, 9, 10, 4, 12], "R": [[0.3104119798495516, 0.15964604178352118, -0.9371006051159799], [0.397657936030388, -0.9172056843592016, -0.024533619611063817], [-0.8634306970903532, -0.3650299630469021, -0.3481961478822588]], "T": [-0.0045072573177606795, -0.11656804136450864, -0.050395844021706056], "aligned_model": [[-0.03575804548381471, -0.7729532026423008, 0.07980477777207161, 0.1746933344721986, -0.45731968104896903, -0.537585564372546, 0.5834349164443657, 0.3584018642938864, -0.03556685237749195, -0.06485077471678845, -0.03276437496494487], [0.04518121359875775, 0.12519139564575815, -0.6184673012177871, -0.7429121607365504, -0.4280090612418621, 0.09218013143171201, -0.11193739061255802, 0.6752471709089223, 0.46782870809379357, -0.2885337810755057, -0.024015573029751783], [-0.7063199385521685, -0.30698854805787545, -0.6775884383399531, 0.03239830780162951, -0.27170058305982814, 0.36649690408361846, -0.3850439124461521, -0.24856627092253852, 0.3927964436248887, 0.5678939202942146, 0.08760814676424356]], "inverted": true, "swapped": false, "error_lsq": 0.044489416507054604, "error_max": 0.19358516849091406, "target": "1067.xyz", "model": "17.xyz", "model_rescale": 3.7474275329858107, "target_rescale": 3.759180451455861},
{"mapping": [9, 4, 2, 1, 0, 8, 7, 12, 10, 3, 13], "R": [[0.20166254476833378, -0.9789223503755402, -0.03229938037776886], [0.5389702064808506, 0.13844476438708508, -0.8308695226928196], [0.8178284261161072, 0.15014685860527524, 0.5555291048067765]], "T": [-0.006772374950547659, -0.03246754298622143, -0.0868900374563912], "aligned_model": [[-0.029403597317454903, -0.7626115623164293, 0.0066641043280009984, 0.21809750281103893, -0.5890490917587171, -0.5923738904024172, 0.6879966474637005, 0.38979931987595745, 0.014783260795362439, -0.03426262393225055, -0.05010367217112423], [0.2733413595983777, 0.18668315968513519, -0.5473669198796919, -0.6605952025818729, -0.6271117820729593, 0.025688686216272287, -0.08652128575878243, 0.5770686246012323, 0.4195343046993058, -0.26085624042783584, -0.10811135231425267], [-0.6816109036871447, -0.3512873036702079, -0.5752862050386066, 0.09588741776184703, -0.167478155469672, 0.3260786893548778, -0.3728856325660449, -0.2613419637247254, 0.4343287790879806, 0.5516019909990006, -0.14702068185722594]], "inverted": true, "swapped": false, "error_lsq": 0.042154723505807214, "error_max": 0.20065865466993615, "target": "1067.xyz", "model": "18.xyz", "model_rescale": 3.922800546911778, "target_rescale": 3.759180451455861},
{"mapping": [3, 2, 5, 8, 1, 10, 12, 7, 11, 4, 14], "R": [[0.3920876697874807, -0.18887615044405714, -0.9003294169325233], [-0.8118576110481409, -0.5312950846189758, -0.2421007072334179], [-0.4326135441520864, 0.8258639917402559, -0.3616547919812779]], "T": [-0.07273605574602249, -0.15120874018619584, -0.09644231180045369], "aligned_model": [[0.009875883004504593, -0.7000483535836372, 0.16221536497295908, 0.1893773208090639, -0.6106813921495783, -0.6190899849632933, 0.6105838962339808, 0.3128176740340926, 0.03202434001345056, -0.08735865883994887, -0.04017969215592694], [0.1976407347016953, 0.14908746594249117, -0.5978610841702966, -0.679035704831636, -0.6210572853308352, 0.14727947761960375, -0.07275241961596139, 0.5415998200033734, 0.3675788841465481, -0.17859752164479528, -0.06212901505525911], [-0.6261861697463738, -0.2679953133894528, -0.6690095425265543, 0.06813571603343326, -0.29096784637876194, 0.41639568905680824, -0.47792952463351834, -0.19429750808227303, 0.38013745391386095, 0.626678129911116, -0.11397505296820572]], "inverted": true, "swapped": false, "error_lsq": 0.048473059148809464, "error_max": 0.25667353772299634, "target": "1067.xyz", "model": "19.xyz", "model_rescale": 3.9282355846067225, "target_rescale": 3.759180451455861},
{"mapping": [9, 8, 0, 1, 4, 6, 10, 12, 7, 5, 13], "R": [[-0.47313173263852276, 0.8051345088142419, -0.3576377864361077], [-0.6989782221873189, -0.5901621785208325, -0.40390351317041107], [-0.5362609518493071, 0.05888145514501554, 0.8419959416539256]], "T": [-0.11960140187916278, -0.06662599383230373, -0.06264716986670102], "aligned_model": [[-0.13633946237752964, -0.7449004170564708, 0.03183719278973267, 0.2736253057931516, -0.5404280102469778, -0.5745534649187101, 0.6727544889748729, 0.3032773356060174, 0.06925768750867321, -0.08719696412076448, -0.007797294576328176], [0.393177289802051, 0.20945589366758066, -0.7598270778056804, -0.6728066752492211, -0.40998525602840774, -0.021672389218941865, -0.08614997783537877, 0.6295035226200829, 0.4057481559669204, -0.31449050246625243, -0.18119963168782433], [-0.5791020109976589, -0.3964158204931125, -0.4324249374781195, 0.1358938439232121, -0.3857218171134338, 0.40408813823135736, -0.40032350197930333, -0.3063100824616878, 0.2969257481022143, 0.5894289683424847, -0.07505249688587429]], "inverted": true, "swapped": false, "error_lsq": 0.04808624729969062, "error_max": 0.2704843302461101, "target": "1067.xyz", "model": "20.xyz", "model_rescale": 4.067790424073018, "target_rescale": 3.759180451455861},
{"mapping": [2, 0, 4, 5, 8, 9, 6, 3, 11, 13, 14], "R": [[-0.5846910695192427, -0.5970712245619219, 0.5492197247227846], [0.7146210032728499, -0.6995117733943834, 0.0003171181962530467], [0.38399632147424234, 0.3926693668759659, 0.8356779244490538]], "T": [-0.14759746818212638, -0.08173602441234717, -0.017956568350941365], "aligned_model": [[0.02675755141518249, -0.5776432107917474, 0.10698048635245655, -0.020659408140882463, -0.45670429569653237, -0.712774857091009, 0.554737187321599, 0.13112819109784052, 0.21956112012569068, 0.15099211024324216, -0.16283847746017352], [0.10381399312587439, 0.18951875808108992, -0.5676893406600769, -0.6563786271339055, -0.5002277725940387, 0.08995807554217863, -0.0677874449520624, 0.6760809813596912, 0.3148110711507909, -0.330500304318993, -0.05984603783561995], [-0.7171657285252913, -0.5138794774393768, -0.6023467926267249, 0.028289825111086686, -0.2513779097335672, 0.4871627785125826, -0.2505256365970753, -0.28585656699310313, 0.3369761379630841, 0.5643527152565642, 0.05535668626189949]], "inverted": false, "swapped": false, "error_lsq": 0.047664125822604354, "error_max": 0.22314999313008746, "target": "1067.xyz", "model": "21.xyz", "model_rescale": 4.186013935880536, "target_rescale": 3.759180451455861},
{"mapping": [11, 4, 8, 2, 9, 7, 5, 3, 6, 1, 12], "R": [[0.8107668224328105, -0.2653936748049411, -0.5217502822382881], [0.03342184408040999, -0.8688769199037675, 0.49389865194876503], [-0.5844143564120142, -0.4178744972262267, -0.6955866334163271]], "T": [-0.11615086236193298, -0.10786352229877626, -0.0662416906742184], "aligned_model": [[-0.15207627640642202, -0.5249164635264197, 0.013025191835323302, 0.44123846075075457, -0.5079927984718484, -0.6186738809099294, 0.6390267736742826, 0.3122798790531893, -0.03598578254675161, -0.1956638440232539, -0.11072486205325777], [-0.007715820010068722, 0.4706780523484603, -0.6816047475976659, -0.5963696321311799, -0.5749655186813126, 0.08366393228321407, -0.003423795338964891, 0.6631574356829844, 0.38211009719660427, -0.4765840883955884, -0.06719256359155443], [-0.6888537537310498, -0.2269167617891791, -0.5579760540434796, -0.046796228443063165, -0.18340133525977634, 0.43286910849927895, -0.1979149893272467, -0.3388447664088202, 0.18545706020471694, 0.5605326433702755, -0.08716889188157775]], "inverted": false, "swapped": false, "error_lsq": 0.05089821251042051, "error_max": 0.27856566907951746, "target": "1067.xyz", "model": "22.xyz", "model_rescale": 4.166573947596378, "target_rescale": 3.759180451455861},
{"mapping": [3, 2, 8, 7, 0, 6, 9, 11, 12, 13, 15], "R": [[0.2881957733922415, -0.29868697377472686, 0.9097962892297065], [0.9565996454986199, 0.047007986414021416, -0.28758888616428535], [0.04313136249601762, 0.9531927092202265, 0.29927135622816003]], "T": [-0.03293391956561792, -0.08360197800804105, -0.08181579615755133], "aligned_model": [[-0.030375363619274592, -0.5595911817108907, 0.20262701442434577, -0.05481199376670923, -0.515188347268343, -0.586916170749116, 0.5147426161940056, 0.2000470602856521, 0.07295325818392902, 0.11116071893697999, -0.09511121353491259], [0.1779269367860576, 0.269761805173942, -0.579007806622722, -0.7732813521329216, -0.7158042156586968, 0.2509777772929784, 0.012054016325053624, 0.6413442753107529, 0.4504641861354878, -0.4382532358643422, -0.10442903498066126], [-0.6231315381549136, -0.3067055561602105, -0.6760911966021294, 0.10594298107051955, -0.2675757501536574, 0.3185186698620981, -0.30842009710653767, -0.2874030531872343, 0.2827971398917203, 0.6733480002147942, -0.060293568484370584]], "inverted": false, "swapped": false, "error_lsq": 0.04659677302183619, "error_max": 0.2719079041267249, "target": "1067.xyz", "model": "23.xyz", "model_rescale": 4.274766983524099, "target_rescale": 3.759180451455861},
{"mapping": [1, 0, 9, 7, 8, 6, 4, 2, 3, 5, 10], "R": [[-0.7203114535457492, 0.6412647208238231, 0.2644446401755084], [-0.37348620877225935, -0.03729573877765752, -0.9268856885970098], [-0.5845164341126212, -0.7664128037133597, 0.26636807720988814]], "T": [-0.17042183638028646, -0.059444113875397275, -0.08280571327072109], "aligned_model": [[0.004578554862411877, -0.6949430155312581, 0.1768988731945495, -0.0230525978367305, -0.6444839861658889, -0.5681684589642658, 0.5273600801189609, 0.44059876516975843, -0.07392116136064907, 0.2959424392424346, -0.18127309535365604], [0.08428776625182688, 0.40651894464862454, -0.6113667438683664, -0.6576972131463017, -0.5918216728556879, -0.14154033923396814, -0.03176333020952091, 0.6479500835097275, 0.3879004697398162, -0.2268958971219317, -0.0738187159492899], [-0.6941152831318554, -0.31502393579699284, -0.6327286089964343, 0.06350906119053354, -0.274770138462465, 0.45577843996962475, -0.0866499469783037, -0.31672620137941504, 0.24366745105186935, 0.5658122107205613, -0.1577670169970436]], "inverted": false, "swapped": false, "error_lsq": 0.06098389657348413, "error_max": 0.36705278488546855, "target": "1067.xyz", "model": "24.xyz", "model_rescale": 3.7841303162186577, "target_rescale": 3.759180451455861},
{"mapping": [11, 13, 6, 4, 3, 12, 0, 10, 9, 2, 15], "R": [[-0.02964642804563683, 0.0668596277768514, 0.9973218535045123], [0.2536684141920079, -0.9645924654003222, 0.07220603391850702], [0.9668368140205704, 0.25512970400654944, 0.011636545367232298]], "T": [0.08301244198400064, -0.024807092970528855, -0.0729786470217611], "aligned_model": [[-0.2244459887450967, -0.6423731624281251, 0.02461548447928652, 0.03160329930527564, -0.521788679373481, -0.5547568287144207, 0.7991348268205367, 0.28040771128467545, -0.010299201866756383, 0.01370085830276957, 0.06373807831100231], [0.10656720274331774, 0.16824935259593538, -0.5476168957224062, -0.75581212183588, -0.5090801024875653, 0.06857745426630778, -0.027207557810403384, 0.6986614869903308, 0.3341074243227799, -0.2706817092492069, -0.0740111820482815], [-0.7640920074496853, -0.2933077894608366, -0.5682423724688856, 0.06735342586594678, -0.2936529397955151, 0.32664816654098094, -0.24177709801044123, -0.2800617867128766, 0.3793641598450049, 0.636623076034655, -0.11786880319826781]], "inverted": true, "swapped": false, "error_lsq": 0.040843721218507566, "error_max": 0.19201560961595718, "target": "1067.xyz", "model": "25.xyz", "model_rescale": 4.19342608120988, "target_rescale": 3.759180451455861},
{"mapping": [5, 3, 0, 1, 4, 6, 9, 7, 10, 8, 11], "R": [[-0.6701150718797092, 0.12734471718194568, -0.731251744234161], [0.17630008691982763, -0.9296731893396145, -0.32345948799682905], [-0.7210159982911014, -0.3456748241179271, 0.6005371313909963]], "T": [-0.025746725587470584, -0.13464843581618857, -0.08563575441491084], "aligned_model": [[-0.020002254485943435, -0.44013429115438607, 0.010557211013082449, 0.3758496095765045, -0.7109370319968508, -0.7011587115793453, 0.6507733069168407, 0.16405147501065714, 0.10256949437830339, -0.020517137860252152, -0.15151527244294383], [-0.0336789598659972, 0.32649760415928586, -0.6742396599818545, -0.4602309499421195, -0.41020549713208476, 0.03442090468130829, 0.012481362202669766, 0.7016793455831631, 0.21732389376620553, -0.38073317203334844, -0.1415615196722998], [-0.7224497365911078, -0.3016086327065493, -0.5454589743344209, 0.07963273466606793, -0.3067969650697412, 0.35177728869396035, -0.3513893496630431, -0.3405741879417287, 0.4212036930349961, 0.6399337252533188, -0.07328356415167345]], "inverted": true, "swapped": false, "error_lsq": 0.05213589660547109, "error_max": 0.31206114122801987, "target": "1067.xyz", "model": "26.xyz", "model_rescale": 3.795458400668931, "target_rescale": 3.759180451455861},
{"mapping": [0, 6, 7, 10, 5, 8, 3, 2, 9, 11, 12], "R": [[-0.1700140239566891, -0.3888110836889972, 0.905494987760088], [-0.937735461196663, 0.34626925228045036, -0.027382653987870653], [-0.3028983929840764, -0.8537701951495644, -0.42347256983414944]], "T": [-0.048590772858193125, 0.01575860530988571, 0.05167579300040906], "aligned_model": [[0.10687277892737052, -0.773489590527799, 0.03233056012375613, 0.1004272759288157, -0.5357607865392101, -0.7162124909513555, 0.5527844123915546, 0.34127251373193623, 0.24855082059872058, -0.030226238995885883, -0.06701285731223647], [0.2901840954710675, 0.0346698148744657, -0.5187218094170896, -0.6807226927983241, -0.5125233807736513, -0.0391890866309455, -0.07462287935505704, 0.7523487335443847, 0.2877520173587338, -0.2658721345043564, -0.08154932600429915], [-0.7176062921341184, -0.34247015708645656, -0.554946431098841, 0.07152147339810018, -0.17292159974916324, 0.3380561393702003, -0.3669596482171844, -0.23165531128542297, 0.20033899408029957, 0.7088831134260393, -0.08125424951337426]], "inverted": true, "swapped": false, "error_lsq": 0.04854881927489574, "error_max": 0.24812997795678268, "target": "1067.xyz", "model": "27.xyz", "model_rescale": 3.6321398670334006, "target_rescale": 3.759180451455861},
{"mapping": [6, 4, 13, 11, 1, 3, 9, 12, 8, 0, 14], "R": [[-0.10922651965694052, -0.7265722108944894, 0.6783527030678996], [-0.6690977006899916, -0.450939430088828, -0.5907299698868592], [0.735103961582985, -0.5184076125473632, -0.43689325117005967]], "T": [-0.05166004505269097, -0.06859157616608949, 0.026422618250015878], "aligned_model": [[0.004146413914161602, -0.6626721242701392, 0.10062828143244054, 0.26841713053700567, -0.6229826475437661, -0.5685045789192605, 0.5438090767268615, 0.20940390056193833, 0.1024509678436594, -0.04071336253178146, -0.07444666037545287], [0.10703569711267949, 0.14187266537711843, -0.5538795624447496, -0.62541222504862, -0.3649336540724871, 0.06495379479369084, -0.10789842549273801, 0.6649038814961951, 0.33505814283049673, -0.35740334252709205, -0.1125436202595653], [-0.7285264774902281, -0.4920716386526466, -0.612154838213968, 0.031638273843826586, -0.1553438607587612, 0.45839187834813466, -0.2743159024341988, -0.2516776527834139, 0.30987687532265373, 0.5794864734901415, -0.014317099481460732]], "inverted": true, "swapped": false, "error_lsq": 0.04050922813387975, "error_max": 0.20837072630806308, "target": "1067.xyz", "model": "28.xyz", "model_rescale": 4.156811204709835, "target_rescale": 3.759180451455861},
{"mapping": [2, 6, 3, 9, 7, 0, 4, 1, 5, 10], "R": [[-0.2848507272367379, -0.062194465260830445, -0.9565520956454074], [0.8853739257311746, 0.3653866762863295, -0.2874118794131473], [0.3673868190723094, -0.9287757669552692, -0.04901530259604289]], "T": [0.034307480103502735, -0.08652557736313482, 0.06350069649793462], "aligned_model": [[-0.5171919237643376, -0.014099427900432115, 0.05716946215435368, 0.6492673329243527, -0.18626246838421165, -0.6164632130790242, -0.406913756338272, -0.4503706273856567, 0.16777960379084572, -0.03998960790702989], [-0.0716016602750297, -0.738414652056909, 0.005023813386431902, 0.2587802483822591, -0.678816438420896, -0.2744065038423524, 0.5336003583135924, 0.31953010618013217, 0.5397921101272708, 0.025232948831704724], [-0.563149653119785, -0.2293697098647821, -0.6581640496882318, -0.29000201626573646, 0.6014096575565662, 0.19277033943211985, -0.2398174879613214, 0.5354870015275672, 0.3691128071506051, 0.0405098382080981]], "inverted": true, "swapped": true, "error_lsq": 0.05138854951627523, "error_max": 0.2657649604152961, "target": "1067.xyz", "model": "29.xyz", "model_rescale": 4.117894457231895, "target_rescale": 3.759180451455861},
{"mapping": [7, 8, 4, 3, 1, 5, 12, 10, 9, 2, 14], "R": [[-0.3553323966922178, -0.9330847947038641, -0.055602641604624525], [0.23206859442929628, -0.03044023764427567, -0.9722229988082833], [0.9054739396253078, -0.3583659551695835, 0.22735607938829533]], "T": [0.006602553657702376, -0.01431399577118695, -0.09068512478647697], "aligned_model": [[-0.0761035885604111, -0.6824573471736107, 0.09459910486566117, 0.16826209373759007, -0.6042496497779396, -0.60978613279119, 0.7212467839630626, 0.2237535861749103, 0.03782310091426545, -0.03002114861317237, 0.01646959463650047], [0.1746942474699835, 0.07055380564332955, -0.5352291266285777, -0.5072814096747554, -0.54424730578342, 0.12382254451625704, -0.2543813269598175, 0.6085618274241101, 0.414176633160775, -0.3834054790873537, 0.02448894168439738], [-0.7107167682373451, -0.23133929645071424, -0.6567523695339916, 0.0842592177691007, -0.3843834399945598, 0.45423235060331, -0.23007387414818137, -0.372096039018041, 0.3623546868822709, 0.6630993499928897, -0.12759778667465943]], "inverted": true, "swapped": false, "error_lsq": 0.04590159703268539, "error_max": 0.22400451740407903, "target": "1067.xyz", "model": "30.xyz", "model_rescale": 4.100398675895297, "target_rescale": 3.759180451455861},
