[{"mapping": [4, 3, 14, 5, 13, 0, 6, 11, 8, 10, 1, 7, 2, 15], "R": [[0.21623492055762933, -0.909829310535634, -0.3541935697068606], [0.9359504722507791, 0.29643372880328916, -0.19006251056250276], [0.277919363530106, -0.29040948696285906, 0.9156544966618085]], "T": [-0.022977605305056825, 0.19416992907354635, 0.2152173156302461], "aligned_model": [[0.20720491489468937, 0.24262395358090866, -0.6427811068753058, -0.31533019042780625, -0.6499569903576292, -0.14878317365187743, -0.5100527433087811, -0.0756719323583731, -0.42031817519944875, 0.30201267140520965, 0.5941006331833998, 0.19991193232225185, 0.5964885801672783, -0.007956272246212552], [-0.6390265741462962, -0.4311910267997716, -0.2764112554300037, -0.37088840054610517, 0.295120405606789, 0.21089087286372682, 0.18437022678404202, 0.34527222981572675, 0.8089047216574519, -0.030240184041884083, 0.37792795443118266, 0.6604855381090661, -0.0006934191199285122, 0.10075224262603823], [0.35249671768030055, -0.43103404916311844, 0.23634226541064446, -0.17172257097912097, 0.6229785973960791, -0.651950318061111, -0.19533492426820193, 0.7756457692007763, 0.12675559300255104, 0.6550117216753095, 0.42075334305332196, -0.07757527182115426, 0.036358784340637995, 0.198862429712919]], "inverted": false, "swapped": true, "error_lsq": 0.04033907610370723, "error_max": 0.2535407370555608, "target": "1068.xyz", "model": "0.xyz", "model_rescale": 3.8414455957264533, "target_rescale": 4.25021306402811},
{"mapping": [0, 3, 14, 4, 5, 12, 13, 6, 9, 8, 10, 2, 1, 7, 15], "R": [[0.6117035394451987, -0.006344010456371341, 0.7910616495327942], [0.701008175476469, -0.4590696964052285, -0.5457495320726929], [0.3666146720268681, 0.8883776040478174, -0.2763673549478867]], "T": [0.08060878534311547, 0.09981160648115762, -0.03449293356886243], "aligned_model": [[-0.671624153934454, -0.799141016792934, -0.010138900838581516, -0.179268954804341, -0.4620944500979415, 0.4329034454580012, 0.5775895547455978, -0.222205583670923, 0.5438511503065493, 0.31617915626828763, 0.33423254868643193, -0.2496355021779834, 0.25432458319063794, -0.017481529281723807, 0.024553806447920504], [0.16309243643479304, 0.0231596301599893, -0.6699751720085381, -0.26792236932297675, -0.40919081615765807, -0.5742409813148301, -0.38529089103486447, -0.20728331442967818, 0.5493200458793247, 0.19543597990930822, 0.13220131017489828, 0.48133230009886796, 0.6497241742533771, 0.6108792791566858, 0.05580291624431576], [0.41073451115616355, -0.3498119781544564, 0.03791195843336738, -0.7850136348327484, -0.06404217618859813, -0.41837968115135904, 0.26088664028203845, 0.434428737268965, 0.26283349949354873, 0.6575810867613959, -0.5674315718523246, -0.4806780123523595, -0.3869367053290913, 0.25194312666655594, -0.09884401286156273]], "inverted": false, "swapped": true, "error_lsq": 0.05141126809672084, "error_max": 0.3695335457658286, "target": "1068.xyz", "model": "1.xyz", "model_rescale": 4.316132596720782, "target_rescale": 4.25021306402811},
{"mapping": [2, 10, 4, 6, 3, 7, 14, 8, 12, 9, 13, 15], "R": [[-0.23470540908032123, 0.27886305923880317, -0.9312082286687632], [-0.11135569689764026, -0.9593743111980485, -0.2592312476953953], [-0.9656672717436791, 0.04285236522347741, 0.2562233304714342]], "T": [-0.05348485062611922, -0.020736320485838833, 0.0607896921714054], "aligned_model": [[-0.24006111341190234, 0.38654688791814035, 0.11111431299183316, -0.45083335252938994, -0.6807451996921648, -0.3702443900603278, 0.0021474320318659243, -0.15634816800501122, 0.5634637174198955, 0.1335533453434975, 0.3656826036318058, -0.06646752100646121], [-0.6676938749789394, -0.4071050324044643, -0.5214013442176815, 0.4383115200366169, -0.4761207143611939, -0.06913109558649468, 0.40234800688368155, 0.5625221568342608, 0.09762065868804166, 0.12076161895849084, 0.5990623411613707, -0.0663978132727083], [0.07911111343423863, -0.01976455003398584, -0.6379861582687515, -0.13229219216485108, -0.4668757776246101, 0.5609684926025655, -0.5903278059280335, 0.4999167314658277, -0.5147044811233417, 0.7316468900653744, -0.03775813992937734, -0.02267566128563401]], "inverted": true, "swapped": true, "error_lsq": 0.04519132299550332, "error_max": 0.25610871734048096, "target": "1068.xyz", "model": "2.xyz", "model_rescale": 3.795458400668931, "target_rescale": 4.25021306402811},
{"mapping": [0, 2, 4, 11, 6, 13, 10, 7, 1, 9, 14, 15], "R": [[0.9216888502281083, 0.2886959289400897, -0.2591222182264704], [-0.13508730170614408, 0.8650082160805149, 0.4832310079361202], [0.3636496724636791, -0.41038451082688804, 0.8362675821711821]], "T": [0.06980818238757998, 0.022043093835835255, 0.03760553340891439], "aligned_model": [[0.13923572007110285, -0.0953445512834014, -0.7636672264893256, 0.18263232449329403, 0.07285795487815326, 0.12620332550358476, -0.17336731025058605, 0.5603014660499394, 0.25728933710827345, 0.727621874466968, -0.4185737753340683, -0.02188531347036919], [0.01359509332265791, -0.6245304318722911, -0.21590790017840966, 0.16598567426713096, 0.4394853062358361, 0.7076408339462071, -0.2397973594291546, -0.22525736090206105, -0.5486424189853844, -0.0072602298955830105, 0.6193234009774964, 0.0011344378032647068], [-0.8360046681161714, -0.05386962191895348, 0.15903084813203133, 0.5909949943327089, -0.4436678443155253, 0.34799035502392506, 0.5084589662597283, -0.18848364423768382, 0.3473901117029132, 0.3049569787311406, -0.06626262024495252, 0.01823757528993952]], "inverted": false, "swapped": true, "error_lsq": 0.04688374810062149, "error_max": 0.2773426062247612, "target": "1068.xyz", "model": "3.xyz", "model_rescale": 3.7530521520055578, "target_rescale": 4.25021306402811},
{"mapping": [7, 13, 11, 12, 1, 14, 2, 6, 3, 4, 15], "R": [[-0.035604814901192106, -0.6965397143036308, 0.716634302523727], [-0.8584981249176674, 0.38839846655244364, 0.3348545963437861], [-0.5115791890496539, -0.603306769046666, -0.6118068941698612]], "T": [-0.14773088587772987, -0.18167077182743357, -0.05639917179773467], "aligned_model": [[-0.48856497564551177, -0.07303810745633738, 0.25140644524808264, 0.42936882078044725, 0.18726784434954358, -0.18355726815212275, 0.004333180492478356, -0.6737231385832292, -0.3621253033621331, 0.3677245697228303, -0.12089246494884293], [-0.6658153644276581, 0.13646642577887652, -0.28574429336266305, 0.3986864356900925, -0.7348649244776655, 0.578863352849238, -0.43449226356814374, 0.16439085107332557, 0.142886510022166, 0.28739133811942624, -0.12056470938264867], [-0.008507322924471636, -0.736673471805755, -0.4681597114098471, -0.29297663033278515, 0.13994161125031246, -0.2187371242492438, 0.5491239629055166, -0.15368673092545582, 0.7968059291367678, 0.473065133056067, 0.0126351325442111]], "inverted": false, "swapped": true, "error_lsq": 0.046455729979952176, "error_max": 0.2595291635466427, "target": "1068.xyz", "model": "4.xyz", "model_rescale": 3.7855080009869324, "target_rescale": 4.25021306402811},
{"mapping": [1, 7, 6, 11, 13, 12, 2, 0, 3, 5, 8, 10, 15, 9, 14, 16], "R": [[0.3237235929374158, -0.4289881149112523, 0.843310282541711], [-0.4155817701722253, 0.736255154011197, 0.5340600532641141], [-0.8499969574511489, -0.5233522193101304, 0.060063523597530935]], "T": [-0.09616279078896363, -0.028151401513264795, -0.011678825107008226], "aligned_model": [[-0.19807136054676378, 0.4343850502085892, -0.17194271137044204, -0.6506730570164315, -0.7111048527197098, -0.7028146899163817, -0.10704876522716929, 0.3404263805572709, 0.34608186376431327, 0.7028292273578164, -0.17522369283532957, 0.3765606621111349, -0.34208246316358454, 0.04077024177510351, -0.520344044421754, -0.11648779025910008], [0.21369306333948881, -0.5554579987505267, -0.6190760202377332, -0.32378014983790737, -0.38839105807130786, 0.1629247971623625, 0.7057478429807648, 0.3090692116796827, 0.49482928527994063, 0.03923393735651469, -0.5448883973957496, -0.1425949685897175, -0.06622921939345709, 0.46395949791373936, 0.42021343813828754, 0.01520723209719119], [-0.7217702538817644, -0.05452987875570961, -0.27840446446132483, -0.4990782876761496, 0.11847988257981491, -0.25360572025288053, -0.09569716876073002, -0.5631731920968207, 0.10376584631441423, -0.12201565333060686, 0.45953463482127105, 0.5309070953768451, 0.7740639452768484, 0.4842951928687277, 0.26533495282402064, 0.012686631666020812]], "inverted": true, "swapped": false, "error_lsq": 0.0395775086959445, "error_max": 0.32170739595942105, "target": "1068.xyz", "model": "5.xyz", "model_rescale": 4.2253639853439635, "target_rescale": 4.25021306402811},
{"mapping": [8, 13, 10, 1, 11, 4, 2, 7, 14, 6, 12, 3, 0, 15], "R": [[-0.4580807131030049, -0.42333772349141313, 0.7816311356081908], [0.7394339376340793, -0.6695019558896746, 0.0707430769394482], [0.4933553609296274, 0.6103706275116847, 0.6197162132081016]], "T": [0.091837344306121, -0.11166025936112839, -0.009662113158086183], "aligned_model": [[0.5904742366229274, -0.12146286916868287, -0.3817281242510331, 0.06905954347696514, -0.20013401582662527, -0.5935098497036835, 0.07637927986532528, 0.6257690308242202, -0.24816848661883656, 0.38150265147894424, -0.6929801879691003, 0.10958057795714404, 0.7216014815491429, 0.03767888452107601], [-0.070117071175057, 0.11682863914559838, -0.4500648833750037, -0.754494826057436, -0.4054475565534985, 0.05336830795782782, -0.39583906790418083, -0.3653278525728425, 0.565592865073498, 0.4462004388576522, 0.10655681608987333, 0.2913361108643794, 0.3768867018499736, -0.07037947556579388], [-0.5511778407260034, -0.6965822344904659, 0.09337067700842652, 0.19780478665480283, -0.41969918201317685, 0.5090968245403787, 0.6008326916082508, 0.04888016871137599, -0.18791344036575572, -0.11347356298550769, -0.25920209521395177, 0.8368250060323961, 0.3547625485267657, 0.05803386164391344]], "inverted": true, "swapped": true, "error_lsq": 0.038161178019306574, "error_max": 0.20310482617307044, "target": "1068.xyz", "model": "6.xyz", "model_rescale": 3.89814844738969, "target_rescale": 4.25021306402811},
{"mapping": [7, 8, 6, 1, 5, 13, 11, 2, 10, 12, 14, 4, 15], "R": [[0.5134497059086389, -0.27398412628998586, 0.813204831542119], [0.4250841444213174, -0.7420073353136446, -0.5183903784816437], [0.7454346850421769, 0.6118478674326309, -0.26451714018984274]], "T": [-0.022755541600322053, -0.022521560490461362, -0.12896577967257755], "aligned_model": [[0.13008355529281415, -0.058985067063227585, 0.41180017683162584, -0.3110633707424334, 0.5108160781571611, -0.39640949394166525, -0.5978018406656713, 0.153108467996548, -0.4165394319046252, -0.439852496120461, 0.11680549526020767, 0.03183038559533231, 0.01483934220861692], [-0.4046054267755895, 0.17279490098496222, 0.38531004820872505, -0.630940607435288, 0.3570207282428841, 0.6031086267227559, 0.06484583623277257, -0.582764547998265, -0.2074040921884776, 0.5116161717945067, 0.699742813183753, 0.008341509205743572, -0.013284694707997449], [-0.5573460103857468, -0.8389958997582603, -0.35419027309163326, -0.06978401019644632, 0.22562187296384056, -0.32526403144205684, -0.16607832318132043, 0.2010343698800186, 0.271222170699453, 0.3873233516374817, 0.12580114671728793, 0.744025564666883, -0.04109489767320537]], "inverted": true, "swapped": true, "error_lsq": 0.042393670376834995, "error_max": 0.308649322988832, "target": "1068.xyz", "model": "7.xyz", "model_rescale": 3.7474275329858107, "target_rescale": 4.25021306402811},
{"mapping": [5, 14, 12, 4, 11, 2, 3, 2, 10, 1, 0, 7, 6, 8, 15], "R": [[-0.5690002421052633, -0.23745547598636368, -0.7873078314155406], [-0.16215701633570376, -0.9062051919627558, 0.39050896547050923], [-0.8061909367744431, 0.34986718477707296, 0.4771259021253316]], "T": [0.13190496642239574, -0.007330461302489807, 0.09152291313346339], "aligned_model": [[-0.3289765184183731, 0.16618315419376176, 0.49011101746570573, -0.2201796282070933, 0.6739872985040478, -0.33167585141572803, -0.7738588796032932, -0.33167585141572803, 0.2655934603288297, 0.15223418987815948, -0.5162066620521588, 0.023219609415109754, -0.023990502888100507, 0.4866655828726636, 0.07072330368094351], [0.12628544215659576, 0.15131036359305777, -0.39640438619346, -0.648350668701161, -0.2209068594777729, -0.40409172416554384, -0.11755313019225795, -0.40409172416554384, -0.5831125370316166, -0.43654895724414566, 0.582060619858596, 0.24674676839099818, 0.5413077752209494, 0.6063693390982446, -0.05390235916734726], [-0.47787894234608763, -0.6698622652029036, -0.5764122331159998, -0.38928429536247117, 0.10637270612962132, 0.3767838099485432, -0.12458853544411669, 0.3767838099485432, 0.09122917972803785, 0.613208477706111, 0.1171316302820461, 0.6173458367530509, -0.19235039308755775, 0.29430686237837134, 0.034009007381072175]], "inverted": true, "swapped": true, "error_lsq": 0.04953556738480221, "error_max": 0.3441073407292331, "target": "1068.xyz", "model": "8.xyz", "model_rescale": 4.019505241142653, "target_rescale": 4.25021306402811},
{"mapping": [7, 2, 11, 9, 8, 13, 12, 0, 6, 5, 4, 14, 15], "R": [[-0.21238825805751013, -0.7181244546553481, -0.6627129812107623], [0.56758370904508, 0.461399340226995, -0.6818793016837541], [0.7954495339529258, -0.5209682489980108, 0.3095999393895618]], "T": [-0.06293283733654302, -0.09146903400655322, -0.10154594030898051], "aligned_model": [[-0.2513080778599229, -0.722094914512539, 0.2808953951659975, 0.15253346360448927, 0.4068763705287842, 0.6804009204700842, 0.3270787246867343, -0.3487549585206155, 0.15672659233831693, -0.15510562310595735, -0.4320574289629006, 0.3342625219028637, -0.10975221399415855], [-0.6268802613583756, -0.009062022338062983, 0.12168763834385281, -0.49176013543525815, -0.6569864979190049, 0.03809506595880756, 0.6631139842307052, -0.6326302902043436, -0.35729290922895646, 0.11058179496146774, 0.6683302476837727, 0.262128968789534, -0.02594735537007964], [-0.2767802944286657, -0.21296808383883975, -0.5211112254927276, -0.6478019616583937, -0.156982176494526, -0.08633149303835583, -0.03579714788272176, 0.5257789721107606, 0.4341580527959827, 0.6092023033234724, 0.12757875763962528, 0.46700800989102237, -0.049250218882754174]], "inverted": true, "swapped": true, "error_lsq": 0.052254779295084514, "error_max": 0.3064016185586255, "target": "1068.xyz", "model": "9.xyz", "model_rescale": 3.877068213659057, "target_rescale": 4.25021306402811},
{"mapping": [4, 9, 8, 1, 0, 5, 3, 2, 13, 14, 11, 10, 12, 6, 12, 15], "R": [[-0.4047702949361366, 0.40001811062506, 0.8222812897721014], [0.483543270708957, -0.6695931726255234, 0.5637649231065824], [0.7761101169868859, 0.6258038784996811, 0.07760536041639765]], "T": [-0.02976388793118953, 0.041700257826949895, -0.06221991830852809], "aligned_model": [[-0.1654245473881239, 0.4547160543033022, -0.06735339904490792, -0.7333738166073689, -0.660934188248442, -0.7856166468294181, -0.30449504315210196, 0.43202369761741544, 0.5137525910895548, 0.7321205542410499, -0.15311846497226209, 0.33922790189065, -0.5029838706403819, 0.05093135363206347, -0.5029838706403819, -0.10122830695308521], [0.3535897772639899, -0.40578939567175837, -0.6961054237102605, -0.1790287734340699, -0.3915552080705139, 0.2333817896658478, 0.6129591922877037, -0.01773616177812897, 0.5846307822601003, 0.046787254608718, -0.4949127595438367, -0.13650692326822883, 0.11566607164784568, 0.44820574692175447, 0.11566607164784568, -0.0047915471554356645], [-0.6473795485685223, -0.08824873856075564, -0.2848243673964613, -0.5195145424080341, 0.1561371033353643, -0.11644389326757806, -0.0929992113149023, -0.5350569894093714, -0.14856097827021914, 0.10815544927206829, 0.4291917158383877, 0.5168293361682078, 0.5111796998148662, 0.394448605294413, 0.5111796998148662, -0.0332997778303532]], "inverted": false, "swapped": false, "error_lsq": 0.041757933608555314, "error_max": 0.35961430419346524, "target": "1068.xyz", "model": "10.xyz", "model_rescale": 4.260839863003843, "target_rescale": 4.25021306402811},
{"mapping": [3, 4, 10, 2, 9, 7, 0, 5, 12, 13, 6, 15], "R": [[0.9355072529280807, -0.34878793685184345, 0.056330762693141065], [-0.3174869446214062, -0.7599537152120203, 0.5671616971644082], [-0.15501038582598475, -0.5484681630159425, -0.8216778288623817]], "T": [-0.15702269419837708, 0.05195832169890002, 0.030660734839462182], "aligned_model": [[0.453284232531317, 0.30575329396638495, -0.330102535799586, -0.24432326441137944, -0.8019416789625973, -0.5026052355458122, 0.2511307558299751, 0.5790990511703507, 0.1608819836031302, -0.08896055366812267, 0.2633220985501734, -0.08663949816970387], [-0.03299656523622646, -0.6597310661796914, -0.513232850469136, -0.21561919093219428, 0.2961544233767773, 0.44264465995661845, 0.6807804080544654, 0.07138801460052399, -0.5269072490704964, 0.1143237850178343, 0.518867378919335, -0.002593242504876442], [-0.676141544502029, -0.18237128099295727, 0.030584920276862763, -0.5812880692303997, 0.2024224901889085, -0.2535827957729216, -0.42329948461986, -0.07993170965301441, 0.5688788323047363, 0.7796877736784886, 0.13647922758362052, -0.005260281865930146]], "inverted": true, "swapped": true, "error_lsq": 0.043734520720705855, "error_max": 0.22367594604213628, "target": "1068.xyz", "model": "11.xyz", "model_rescale": 3.890672605050136, "target_rescale": 4.25021306402811},
{"mapping": [10, 1, 9, 12, 11, 5, 2, 14, 4, 0, 8, 7, 6, 15], "R": [[0.36243465111483353, 0.01537880661338381, 0.9318822972770846], [0.8752966549089302, 0.33784336482059785, -0.34600235078960595], [-0.32015135416940854, 0.9410766988688246, 0.10898512407502864]], "T": [0.09761451766026322, 0.05153671507619263, 0.08075927154294171], "aligned_model": [[0.39147152813556374, 0.15945561468599648, 0.3911821932282702, 0.6543100273435175, 0.6689493303481882, -0.28630205757024285, -0.2692807278797298, 0.20391895132132293, 0.027946934971600973, -0.6895872436958818, 0.2216388129438206, -0.1619059299243286, -0.16444610797497036, 0.06252450886056643], [-0.24359551948662994, 0.20002152455584155, 0.6758391612619163, -0.5684643226494387, 0.1039517222944502, -0.44000014195590775, -0.10697578132966183, -0.41843328231239524, -0.791826588697154, 0.21631682268781183, 0.6705606710596888, 0.5621786102454744, 0.11019849700530089, -0.037618852851531354], [-0.3386959941644995, -0.5756899366526809, -0.0898830711883582, 0.2582875125274119, -0.02179728745647952, 0.48755529806244774, -0.46142346601998063, 0.6922139830378341, -0.14269274921615546, 0.4289650138325463, 0.46158887407588045, -0.07656677418308011, 0.6584913805212418, 0.07443765218073306]], "inverted": false, "swapped": true, "error_lsq": 0.03638059898812763, "error_max": 0.2003002139413697, "target": "1068.xyz", "model": "12.xyz", "model_rescale": 4.124412569039231, "target_rescale": 4.25021306402811},
{"mapping": [5, 14, 8, 4, 0, 3, 12, 2, 11, 10, 7, 9, 15], "R": [[-0.6494019032805693, -0.3413518692271066, 0.67952635665641], [-0.5017711195760445, -0.47910315479288074, -0.7201985216778163], [0.5714043328283196, -0.8086649914783436, 0.13984999099876116]], "T": [0.18800075233671798, 0.18669395419804424, -0.0602598511221243], "aligned_model": [[-0.09694232327007779, -0.2615599649870166, 0.7230589587405044, -0.5683550172563857, 0.6621595224625327, 0.03212224918024004, -0.5932932164756983, 0.16510827199442396, 0.007815786481488729, -0.21503301189770957, 0.7529244913080844, 0.6396844547463024, 0.11960810648306906], [-0.16657823302376334, 0.33824269870314827, 0.651636290156829, -0.25239149755910073, -0.30421691682194485, -0.6912973483511107, 0.512955311699268, -0.38466077841331126, 0.658880383812015, 0.1810088172371543, 0.08508114074474904, 0.5960239440392155, 0.12280156428532905], [0.53007025242083, 0.5569738442875041, 0.1425829699502233, -0.09455206115513207, 0.4895276654125267, 0.22973067391699775, 0.0344011996231537, -0.416251645261086, -0.3505390317961761, -0.4926129042141429, -0.21320918184667004, -0.4256160143093682, -0.03880768606082137]], "inverted": true, "swapped": true, "error_lsq": 0.047439999076687785, "error_max": 0.27322024399053096, "target": "1068.xyz", "model": "13.xyz", "model_rescale": 3.9028299243045295, "target_rescale": 4.25021306402811},
{"mapping": [1, 0, 3, 6, 7, 9, 11, 2, 12, 8, 4, 5, 10, 13, 14, 15], "R": [[0.7252232463228663, -0.34869163211772913, -0.593687955650102], [0.4593386772821513, 0.8873631947120231, 0.039931694468882784], [0.5128929932701431, -0.30166323336055834, 0.8037039698127952]], "T": [-0.03288505637901085, -0.011326470747865861, -0.030564820021442934], "aligned_model": [[-0.13832077541679713, 0.48623235048255964, -0.13036243032815156, -0.4514274674173758, -0.8052391761881501, -0.7930038441917404, -0.3510397386567843, 0.4128419262836747, 0.28483674772490414, 0.7379975536106274, 0.007380782006864532, 0.28283616676719436, -0.40441882751112457, 0.09583934467293431, -0.5423745989912981, -0.14651801454977484], [0.31462889540794514, -0.6550910223811914, -0.5836698425164765, -0.14661528552685915, -0.4249180905477536, 0.12303034086971126, 0.6309339033944409, -0.10337986752185604, 0.6053174407602375, 0.023224189512613357, -0.5507875801692566, 0.013922641327347423, -0.08469539834507951, 0.46308284590808885, 0.5783271665235875, -0.018849843023926286], [-0.5826836153617413, -0.08801679299357625, -0.25774464218588705, -0.531491410458729, 0.19973724571467957, -0.10136829486362663, -0.20982970305557025, -0.6093596011179665, 0.02460247606805219, 0.0018915052288372598, 0.37775325153997286, 0.3716595268916077, 0.6112546712847649, 0.5947488457808344, 0.38869601383287766, -0.029055913792552897]], "inverted": false, "swapped": false, "error_lsq": 0.038927876549574046, "error_max": 0.2746293412875067, "target": "1068.xyz", "model": "14.xyz", "model_rescale": 3.942246331269136, "target_rescale": 4.25021306402811},
{"mapping": [10, 12, 4, 14, 6, 5, 2, 2, 1, 3, 0, 7, 13, 8, 15], "R": [[0.4737271295307505, -0.6113400961245914, 0.6339131593656432], [-0.011432312221252683, 0.7154768914603762, 0.698542854822432], [-0.8805974727330482, -0.3381657946282751, 0.33195178318484136]], "T": [-0.16446234168225438, -0.04303072245702773, 0.10233828258384228], "aligned_model": [[-0.6650135248077792, -0.4738304490754613, -0.26847212617076943, 0.15248731416160766, 0.41362151183605134, 0.3867504643468399, -0.24665878695138482, -0.24665878695138482, -0.6412389423057538, 0.3837676038647313, 0.6592528319222548, -0.06681092912004519, -0.269340225976006, -0.00036389615599474734, -0.14319802208469523], [0.07661326292823174, -0.5491247686146604, 0.1626608083597394, -0.5781448424571967, -0.30515193985224054, -0.10175288474168055, 0.6050603112786579, 0.6050603112786579, 0.41214974749039734, 0.5161780404080666, 0.21421418120657293, 0.25126937490175894, -0.7895679957575192, -0.40524173572785277, -0.01607718081928207], [-0.18840477966527688, -0.5092070094437717, -0.7420070251495564, -0.36589786457657547, 0.15713692859467504, -0.39485340668290536, -0.06174160650809357, -0.06174160650809357, 0.2516447986658774, -0.413404701906661, 0.2553242565257926, 0.6090030107814771, 0.13763898880396586, 0.7232076344676538, 0.012664862962007667]], "inverted": true, "swapped": true, "error_lsq": 0.0496290099810075, "error_max": 0.3431346187386976, "target": "1068.xyz", "model": "15.xyz", "model_rescale": 4.355366556412066, "target_rescale": 4.25021306402811},
{"mapping": [2, 10, 4, 6, 3, 7, 14, 8, 12, 9, 13, 15], "R": [[-0.23470540908032123, 0.27886305923880317, -0.9312082286687632], [-0.11135569689764026, -0.9593743111980485, -0.2592312476953953], [-0.9656672717436791, 0.04285236522347741, 0.2562233304714342]], "T": [-0.05348485062611922, -0.020736320485838833, 0.0607896921714054], "aligned_model": [[-0.24006111341190234, 0.38654688791814035, 0.11111431299183316, -0.45083335252938994, -0.6807451996921648, -0.3702443900603278, 0.0021474320318659243, -0.15634816800501122, 0.5634637174198955, 0.1335533453434975, 0.3656826036318058, -0.06646752100646121], [-0.6676938749789394, -0.4071050324044643, -0.5214013442176815, 0.4383115200366169, -0.4761207143611939, -0.06913109558649468, 0.40234800688368155, 0.5625221568342608, 0.09762065868804166, 0.12076161895849084, 0.5990623411613707, -0.0663978132727083], [0.07911111343423863, -0.01976455003398584, -0.6379861582687515, -0.13229219216485108, -0.4668757776246101, 0.5609684926025655, -0.5903278059280335, 0.4999167314658277, -0.5147044811233417, 0.7316468900653744, -0.03775813992937734, -0.02267566128563401]], "inverted": true, "swapped": true, "error_lsq": 0.04519132299550332, "error_max": 0.25610871734048096, "target": "1068.xyz", "model": "16.xyz", "model_rescale": 3.795458400668931, "target_rescale": 4.25021306402811},
{"mapping": [7, 8, 6, 1, 5, 13, 11, 2, 10, 12, 14, 4, 15], "R": [[0.5134497059086389, -0.27398412628998586, 0.813204831542119], [0.4250841444213174, -0.7420073353136446, -0.5183903784816437], [0.7454346850421769, 0.6118478674326309, -0.26451714018984274]], "T": [-0.022755541600322053, -0.022521560490461362, -0.12896577967257755], "aligned_model": [[0.13008355529281415, -0.058985067063227585, 0.41180017683162584, -0.3110633707424334, 0.5108160781571611, -0.39640949394166525, -0.5978018406656713, 0.153108467996548, -0.4165394319046252, -0.439852496120461, 0.11680549526020767, 0.03183038559533231, 0.01483934220861692], [-0.4046054267755895, 0.17279490098496222, 0.38531004820872505, -0.630940607435288, 0.3570207282428841, 0.6031086267227559, 0.06484583623277257, -0.582764547998265, -0.2074040921884776, 0.5116161717945067, 0.699742813183753, 0.008341509205743572, -0.013284694707997449], [-0.5573460103857468, -0.8389958997582603, -0.35419027309163326, -0.06978401019644632, 0.22562187296384056, -0.32526403144205684, -0.16607832318132043, 0.2010343698800186, 0.271222170699453, 0.3873233516374817, 0.12580114671728793, 0.744025564666883, -0.04109489767320537]], "inverted": true, "swapped": true, "error_lsq": 0.042393670376834995, "error_max": 0.308649322988832, "target": "1068.xyz", "model": "17.xyz", "model_rescale": 3.7474275329858107, "target_rescale": 4.25021306402811},
{"mapping": [4, 12, 14, 10, 3, 7, 5, 13, 2, 6, 1, 11, 8, 15], "R": [[-0.8830802055738028, 0.4657221229036836, 0.05720362542546116], [0.36354466712417316, 0.602014889887589, 0.710924290877171], [0.29665573570943204, 0.6485992418988172, -0.7009382268638052]], "T": [-0.08635908737018978, -0.030111516279657816, 0.11864177570329348], "aligned_model": [[0.3051043089875999, 0.2921871182412862, 0.6293389711961571, -0.2801538306906817, 0.39449881158184974, -0.4578693774290007, 0.6214642654939763, 0.10727131830577395, -0.2846903733607515, 0.364541294584131, -0.6741530391975797, -0.34255919949256997, -0.23493545278677264, -0.025197167550541022], [-0.4364346039415168, 0.33999128098244563, 0.24839899877393085, -0.09665358577744236, -0.834471457339829, -0.18091067543485045, -0.2594308492177723, 0.6959637095972758, -0.6546800614455649, 0.08031685701816334, -0.28586082641512994, 0.38929995917476506, 0.4410945175826134, -0.08621502204585516], [-0.5504650898686101, -0.548856646246391, -0.008863036910492339, -0.43580700359153257, 0.15092344145708747, 0.5569307334228261, 0.14834312972501182, 0.04874582971193253, -0.03717634588262825, 0.5549739723564714, -0.09557349786183711, -0.1946379168563459, 0.6659020495756284, 0.07035509963053427]], "inverted": false, "swapped": true, "error_lsq": 0.046995709632607505, "error_max": 0.24661869806982187, "target": "1068.xyz", "model": "18.xyz", "model_rescale": 3.922800546911778, "target_rescale": 4.25021306402811},
{"mapping": [3, 5, 4, 2, 13, 0, 14, 1, 6, 10, 12, 11, 7, 8, 15], "R": [[0.14961790188903756, -0.5596755351935321, 0.8150937238993783], [0.18248298626064857, -0.7945806286710176, -0.5790868538191543], [0.9717584283965426, 0.23538249689941687, -0.01675222354428757]], "T": [0.09285318060218735, 0.08571476637060443, 0.13435642527678449], "aligned_model": [[-0.34116398546408566, -0.2466854416736357, 0.43217008246200644, 0.11472331849813029, 0.3036249495253189, -0.7661901552534849, 0.04128418891984266, 0.4110203938076746, -0.4187512722467877, 0.6336091686508116, 0.6657538678003299, 0.5848763895678264, -0.2133801635321338, -0.20283634238725318, 0.09799583821305811], [0.4751154983776273, -0.12648282097857633, 0.2365067985285424, 0.720713497909663, -0.6177539563189309, 0.1804844393386708, -0.5405263868702701, 0.6399337942817034, -0.2838401106124725, 0.28056397561057556, -0.3958312305529815, -0.09783962228904786, 0.39533193803006345, -0.24884746875898495, 0.10008315933899672], [-0.5999851227667178, -0.4934724794862869, -0.6582165006804637, -0.08924760339911386, 0.3083404145489973, -0.01107256811054902, -0.3252215902495631, 0.35437577990392644, 0.0472849452441898, -0.00353645148391038, -0.2727378010199836, 0.3871599007425595, 0.5383562253191566, 0.721075853016149, 0.03955616558493731]], "inverted": false, "swapped": true, "error_lsq": 0.03920182228698013, "error_max": 0.2654766348289134, "target": "1068.xyz", "model": "19.xyz", "model_rescale": 3.9282355846067225, "target_rescale": 4.25021306402811},
{"mapping": [1, 11, 13, 10, 2, 12, 4, 14, 3, 0, 8, 7, 6, 15], "R": [[0.4082764070013176, -0.8279328059515254, -0.3844966115784749], [0.8386325874081255, 0.17381740450801095, 0.5162198109596835], [-0.36056311350892123, -0.5332117578592325, 0.7652969766420225]], "T": [-0.07852300952295536, -0.18435192742336254, 0.08470068191768827], "aligned_model": [[-0.7207964470100747, -0.059731137405430915, 0.5125764281758268, -0.35001500935390256, -0.6429971154889954, 0.34524773898657857, -0.12905012455811687, 0.626166767605615, -0.20583745456242913, 0.04257218477998377, 0.18118094742993557, -0.39373612535940616, 0.4005251829576641, -0.0735830171125717], [-0.35619518079998586, -0.6715612524176651, -0.6261752970584871, -0.254965806963642, 0.17561688912250156, -0.23343061824468092, 0.37761377324063744, 0.05030154123966721, 0.7432435841706118, 0.3514499031789537, -0.6436955505945936, -0.30120456004217155, 0.014148536578260984, -0.10226387398457082], [-0.03675857312543586, -0.23461513063401268, -0.07327708771131168, -0.4355910366953318, 0.010593405376833745, -0.6527524274013605, -0.5843939315219531, -0.14853602815519984, 0.1358762489954981, 0.7675906350947057, 0.5996386982481724, 0.5744390266846658, 0.4548381712161034, 0.035131186872308984]], "inverted": true, "swapped": true, "error_lsq": 0.03980222279463391, "error_max": 0.2500758171310518, "target": "1068.xyz", "model": "20.xyz", "model_rescale": 4.067790424073018, "target_rescale": 4.25021306402811},
{"mapping": [2, 11, 3, 0, 4, 12, 5, 1, 10, 9, 8, 6, 7, 13, 15], "R": [[-0.8288354423591995, -0.0931109059632679, 0.5516902832930176], [-0.5486690559721552, 0.32828133840429463, -0.768891169070181], [-0.10951747124479545, -0.939979639165756, -0.3231782812101718]], "T": [0.09548444224075832, 0.06527607998739923, 0.03374844228398285], "aligned_model": [[0.1520880909462664, 0.048275117253473845, -0.20040052588186358, 0.3359510962646652, -0.6359340545940776, -0.6525659605509719, -0.38566444778523806, 0.3792329679549753, -0.1468584284218331, 0.6654802749896735, 0.5652978657752411, 0.0692993450945816, 0.6719926314816194, -0.11768356114093047, 0.019933542521933717], [-0.06778683643350039, 0.6318949624110621, -0.6802517496539319, -0.7738704787202612, 0.0042935513559462235, 0.4368490346518089, -0.498032151845883, 0.4000134671003971, 0.47040992485683386, 0.4654027509481553, 0.08948953340785493, -0.398777645227519, -0.05516527706470756, 0.38976955004926606, 0.026656504092326117], [-0.6241198886567009, 0.1618225250636092, -0.45194866557243935, 0.11182005826448302, -0.4430682452386785, 0.2016221682642247, 0.10900139787635851, -0.4802897651403147, -0.32196801670203246, 0.17537376282886705, 0.6014569289280536, 0.46947754013440796, -0.04364457891327931, 0.6809167365645188, -0.011202384079936838]], "inverted": true, "swapped": true, "error_lsq": 0.04406554819439517, "error_max": 0.27737460021224136, "target": "1068.xyz", "model": "21.xyz", "model_rescale": 4.186013935880536, "target_rescale": 4.25021306402811},
{"mapping": [3, 0, 2, 12, 13, 4, 14, 6, 1, 7, 8, 11, 15], "R": [[-0.16715532623077703, -0.8608900969208534, 0.48054899639504617], [0.8248786054778162, -0.3890851285091267, -0.41010736276981136], [0.5400318353001569, 0.3278429559966783, 0.7751674742052225]], "T": [0.015393806540895262, 0.06486871296337243, 0.06151560983908004], "aligned_model": [[0.06725732861956243, -0.6236797316916817, 0.35567469832235377, 0.47269076172767016, -0.13466985083775843, 0.6556191951041074, -0.09188906952799, -0.5248959165201951, 0.4112434650220426, -0.27899942353256, -0.5799672540811945, 0.26966834193347544, 0.06052149088539343], [-0.19307378343216341, 0.020756872908879898, 0.34742919130468747, -0.5587315065496798, -0.29939259264309953, -0.3958321199782701, -0.7015433071011419, -0.25872518922619453, 0.6111766891945254, 0.5682269595335374, 0.25018091655908997, 0.12152243524038289, 0.006962093735539576], [-0.838505047335835, -0.536585965320249, -0.44648925666894385, 0.4190484259966685, 0.7052220731222413, -0.3178420501290045, 0.1460868536146609, -0.03474116931045307, 0.020916769279344986, -0.051712452835752196, 0.45497267834957994, 0.582882529932487, -0.00037382735939971157]], "inverted": false, "swapped": true, "error_lsq": 0.04453957329299642, "error_max": 0.30794212387898107, "target": "1068.xyz", "model": "22.xyz", "model_rescale": 4.166573947596378, "target_rescale": 4.25021306402811},
{"mapping": [8, 2, 1, 0, 5, 7, 9, 3, 11, 11, 6, 12, 13, 14, 10, 15], "R": [[-0.9098946953102729, 0.24330509777579562, 0.335997429815373], [-0.1859304387784519, 0.4848537180905734, -0.8546032670130623], [-0.37083893455498756, -0.8400711288040184, -0.39592800250558735]], "T": [-0.06377448772125124, 0.03945906673976279, -0.04746607173340417], "aligned_model": [[-0.3560447862056614, 0.32445834192764944, -0.22689543196438028, -0.6275222235713619, -0.6691069041389476, -0.7785247197681072, 0.11007834782536374, 0.34494431894787503, 0.6960708894673795, 0.6960708894673795, 0.12237817184936389, 0.3427564439650659, -0.6199026916072408, -0.10071801758292656, -0.6209787565615695, -0.09180387375231906], [0.4321765200008809, -0.46195370251405327, -0.6401345708246362, -0.33698659995267144, -0.43221368060696985, 0.04341765886335457, 0.6102244038871211, 0.12562085273633689, 0.24185769645673416, 0.24185769645673416, -0.6109496639379227, 0.022021264338102968, 0.06244212241957025, 0.47142907047731236, 0.439252826561023, -0.023601400689343945], [-0.6912286170473743, -0.27256548088660226, -0.18761993788899708, -0.5026944904315092, 0.27215787331083646, -0.06996236004015625, -0.11418404356677325, -0.47984522909984145, 0.013878242429878937, 0.013878242429878937, 0.30099239402671, 0.46615818768088074, 0.5905044126072951, 0.6143608351633969, 0.25358140873800844, -0.04661787491365517]], "inverted": true, "swapped": false, "error_lsq": 0.052579549249414624, "error_max": 0.4071878502434787, "target": "1068.xyz", "model": "23.xyz", "model_rescale": 4.274766983524099, "target_rescale": 4.25021306402811},
{"mapping": [13, 5, 4, 10, 2, 1, 9, 7, 8, 0, 15], "R": [[-0.05723092997283535, -0.9975373828681562, 0.040543685513218186], [0.8469846891725537, -0.027014369624841987, 0.5309304663899459], [-0.5285277258211886, 0.06472552521473071, 0.8464449476628473]], "T": [-0.018811774618694314, 0.06520333550568404, -0.026305272493560496], "aligned_model": [[0.44272357216537533, 0.15730082386800942, -0.5616808981389964, -0.5219269288787551, -0.5784224141903304, -0.5606738325443681, 0.07480684933034926, 0.04235118651365913, 0.5781356561426008, 0.3675868769018831, -0.06030618721135226], [-0.288909217449966, 0.7395811346096527, 0.5302994210140171, -0.10851545317265186, 0.31672417866842817, -0.222509468139307, -0.5532267017832145, -0.04449742234772679, -0.28282309372569375, 0.6887456231030147, 0.14071753046693053], [-0.5070888354495402, -0.28837847310690745, -0.531305060398095, -0.2833940167575462, 0.25167611386318756, 0.2572515572028982, 0.31108793403770135, 0.5542826436675311, 0.23086245396406183, 0.4532543521529856, -0.06868223515469968]], "inverted": true, "swapped": true, "error_lsq": 0.049692270675955136, "error_max": 0.23746519209894315, "target": "1068.xyz", "model": "24.xyz", "model_rescale": 3.7841303162186577, "target_rescale": 4.25021306402811},
{"mapping": [6, 2, 8, 0, 10, 7, 6, 4, 3, 5, 9, 12, 14, 13, 11, 15], "R": [[-0.4621034925836869, -0.6847029522099453, 0.5635975775116001], [0.8229401565815992, -0.09423562231356639, 0.5602581067442289], [-0.33049941123610393, 0.7227043065612386, 0.6070161649004318]], "T": [-0.17361617111933758, -0.08909734657621408, -0.02752267221542892], "aligned_model": [[-0.1419209859721256, 0.44303404641599897, -0.09926515905616101, -0.6555612926885692, -0.8280320494223505, -0.7586191916725747, -0.1419209859721256, 0.3667807511651341, 0.29402252011434393, 0.6907002397499538, -0.055592948273721104, 0.3556107568416843, -0.21198829988913853, -0.037369680950658235, -0.5123457121176583, -0.16227200997446944], [0.5049285523285287, -0.5210325765736189, -0.5862071992109085, -0.33508995349592147, -0.2782537534863576, 0.11425114478787297, 0.5049285523285287, 0.07747358601277878, 0.5666908508308895, 0.03551530757530898, -0.5138722207638997, -0.09503774012403653, -0.2286643312887029, 0.39973367635236473, 0.566351078707284, -0.02725448030853747], [-0.43758986050525683, -0.07187911738332643, -0.33866814471592466, -0.5260670398378684, 0.34826292786384383, -0.2255792729733885, -0.43758986050525683, -0.5142768541802676, -0.011467073941229141, 0.05474259245334029, 0.3568957634170124, 0.5156674205454498, 0.752443736562859, 0.5678605003804682, 0.18479131463220094, -0.05675346930067977]], "inverted": false, "swapped": false, "error_lsq": 0.04514266296925859, "error_max": 0.3596790063735947, "target": "1068.xyz", "model": "25.xyz", "model_rescale": 4.19342608120988, "target_rescale": 4.25021306402811},
{"mapping": [2, 10, 4, 6, 3, 7, 14, 8, 12, 9, 13, 15], "R": [[-0.23470540908032123, 0.27886305923880317, -0.9312082286687632], [-0.11135569689764026, -0.9593743111980485, -0.2592312476953953], [-0.9656672717436791, 0.04285236522347741, 0.2562233304714342]], "T": [-0.05348485062611922, -0.020736320485838833, 0.0607896921714054], "aligned_model": [[-0.24006111341190234, 0.38654688791814035, 0.11111431299183316, -0.45083335252938994, -0.6807451996921648, -0.3702443900603278, 0.0021474320318659243, -0.15634816800501122, 0.5634637174198955, 0.1335533453434975, 0.3656826036318058, -0.06646752100646121], [-0.6676938749789394, -0.4071050324044643, -0.5214013442176815, 0.4383115200366169, -0.4761207143611939, -0.06913109558649468, 0.40234800688368155, 0.5625221568342608, 0.09762065868804166, 0.12076161895849084, 0.5990623411613707, -0.0663978132727083], [0.07911111343423863, -0.01976455003398584, -0.6379861582687515, -0.13229219216485108, -0.4668757776246101, 0.5609684926025655, -0.5903278059280335, 0.4999167314658277, -0.5147044811233417, 0.7316468900653744, -0.03775813992937734, -0.02267566128563401]], "inverted": true, "swapped": true, "error_lsq": 0.04519132299550332, "error_max": 0.25610871734048096, "target": "1068.xyz", "model": "26.xyz", "model_rescale": 3.795458400668931, "target_rescale": 4.25021306402811},
