[{"mapping": [1, 0, 9, 2, 12, 3, 5, 6, 4, 10, 11, 8, 13], "R": [[-0.7386084516922458, -0.01605870721106592, -0.6739433752263557], [-0.4015100762257766, -0.792579016893039, 0.4589206474653704], [-0.5415230500892407, 0.6095577248329915, 0.5789578277547274]], "T": [0.06917705659032197, -0.13533793326590537, -0.059133930615563074], "aligned_model": [[0.10199717847321799, -0.22795440355217594, -0.5772751447264057, 0.20536903559777658, -0.409473477686547, 0.5038499881712633, 0.5809854130530345, 0.6868696171660766, 0.2076189362354996, -0.7654684125489541, -0.06522830125780033, 0.1956481434703328, -0.019326763408897468], [-0.09285746519057855, 0.49088173445231875, 0.13176559195571608, 0.5909184693560676, -0.22077851494073475, 0.14796788758134205, -0.6677152437476843, -0.04970760740275951, 0.19436831027128226, -0.6686235107550108, -0.7833583887110965, -0.49383589104414627, -0.17753153190491014], [-0.6337314966169034, -0.3982124727515862, 0.15880741468441859, 0.15361387293203468, -0.37332078745897146, -0.12236019274317941, -0.22353546947916977, 0.3832116719279597, 0.8271684249854965, 0.12634479681433397, 0.1623757304595374, 0.6235544390487512, 0.07096847649066826]], "inverted": false, "swapped": false, "error_lsq": 0.04935816104422127, "error_max": 0.2831266794870251, "target": "1070.xyz", "model": "0.xyz", "model_rescale": 3.8414455957264533, "target_rescale": 3.9673504540525877},
{"mapping": [6, 5, 4, 1, 2, 10, 8, 12, 11, 7, 9, 13, 14], "R": [[0.5930238713131619, 0.6715639138165217, -0.44421233403878546], [-0.3554305340288646, -0.2766948461197491, -0.8928096648282456], [-0.72249001621663, 0.6873440708918669, 0.07460767170398755]], "T": [-0.05371865202869237, -0.11617136642733254, 0.07619227071021492], "aligned_model": [[0.07989472490383318, -0.046812632162089286, -0.5349539057338412, -0.04491904300421679, -0.5356303818409759, 0.4731295039274867, 0.5961306614159448, 0.662749420746574, 0.353843923460257, -0.5787774709915261, -0.1475769438549425, 0.16339439936425382, -0.022860447244336946], [-0.29677546110365627, 0.2627699442311098, 0.1372043169132528, 0.6275765940876128, -0.1418430238154666, 0.1828414413231359, -0.5615182452119661, -0.02650913182813723, 0.11247250680152084, -0.4697021440962951, -0.7872992674506618, -0.6029044107028764, -0.034819279227766536], [-0.6718430227582648, -0.462953882896168, 0.07065796576531183, 0.5180739622064992, -0.48211479381137023, -0.24224714546991957, 0.015657777461412566, 0.3230195954687335, 0.788849361059912, 0.18702650732171638, -0.0031023792790491334, 0.6154508980537514, 0.09840956517082491]], "inverted": false, "swapped": false, "error_lsq": 0.04865277536593052, "error_max": 0.30926898980603335, "target": "1070.xyz", "model": "1.xyz", "model_rescale": 4.316132596720782, "target_rescale": 3.9673504540525877},
{"mapping": [3, 7, 8, 4, 2, 1, 9, 0, 11, 5, 6, 12], "R": [[0.8377658017977301, -0.40784115450665354, 0.3630620525872763], [-0.12095447810416562, -0.787006682402978, -0.6049714836912619], [0.5324645298653753, 0.46291043900925133, -0.7086574982962551]], "T": [-0.13226309976093756, -0.017302073912239518, 0.010535935009395668], "aligned_model": [[-0.23738444090704022, 0.5800739518501006, 0.3170592649504562, -0.49884691820351323, -0.5966317177408387, -0.5001676793490117, -0.3529602217997273, -0.3942381741582832, 0.5344172439779495, 0.21011654247643394, 0.5566886592837912, -0.02031795574853648], [-0.6879148037589317, -0.258105032514144, -0.6384960182036693, 0.5416507035929484, -0.0014866682519863068, -0.10834341044964406, 0.34800444411158526, 0.48022884832189594, 0.0022292585713174114, -0.06630601474065996, 0.3889569341849491, 0.012358186877319873], [0.13507666592215936, 0.11176538036659345, -0.35775602728332195, -0.0005211038297628159, -0.32929495461268876, 0.31748495090508, -0.8359447608718775, 0.5803798374752186, -0.6598534332293368, 0.5894379070964885, -0.04552427157093419, -0.055991729158196606]], "inverted": false, "swapped": true, "error_lsq": 0.05264299715084348, "error_max": 0.2767470780041643, "target": "1070.xyz", "model": "2.xyz", "model_rescale": 3.795458400668931, "target_rescale": 3.9673504540525877},
{"mapping": [3, 2, 1, 10, 7, 6, 4, 8, 9, 11, 5, 12], "R": [[-0.08822045114985942, 0.43471900314275275, -0.8962346457850683], [-0.9529562385398431, 0.22509999709700856, 0.20298866651840503], [0.2899854469226151, 0.8719801486349894, 0.39440976275897777]], "T": [-0.12672681539207734, -0.027420716345240344, 0.0033831678931304163], "aligned_model": [[-0.1443245315053099, -0.1295540882877281, -0.561972984752637, 0.11022384543950461, 0.2548397330369626, 0.22915600761611213, -0.4471621554499532, 0.5539841786540839, 0.3372351796701383, 0.7827558588108385, -0.37596254213191116, -0.015914675356535485], [-0.16897418595068525, -0.5895480560041498, -0.1766947728701062, -0.06059334450453109, 0.5650794874536581, 0.579446799007946, -0.22953647632169377, 0.0232243089075562, -0.6032206834929069, 0.15375987408473815, 0.5597647083615525, 0.03306138661833159], [-0.6718466145389924, 0.12739217763867086, -0.1582894367908232, 0.6143614310074378, -0.27770048192463526, 0.3879646154559825, 0.5542048939930804, -0.5040408139459569, 0.5965773226664011, 0.18853423513301504, -0.21535761122681651, 0.04697171317173759]], "inverted": true, "swapped": true, "error_lsq": 0.06153424295525, "error_max": 0.32650463171662153, "target": "1070.xyz", "model": "3.xyz", "model_rescale": 3.7530521520055578, "target_rescale": 3.9673504540525877},
{"mapping": [2, 11, 8, 7, 3, 6, 1, 10, 0, 5, 12], "R": [[0.7216648500237375, 0.6236835108066621, 0.30036431643604533], [0.6922096660108823, -0.654394549432677, -0.3043247475213056], [0.006754444560380962, 0.4275355564402567, -0.9039732990846583]], "T": [-0.14177595408652868, -0.1584607444901049, 0.11083778117384485], "aligned_model": [[-0.5234265851994189, -0.158884569809108, 0.367139273589297, 0.41493114176016976, 0.3768084481627808, -0.15984629375735881, -0.10033561940891036, -0.6757968772052054, -0.3779459474531944, 0.3190667211455446, -0.1435100893793909], [-0.5862460726144971, 0.1558527666813364, -0.3135051291899562, 0.24632831099372754, -0.6135192905711686, 0.5830604411211413, -0.3990301150075698, 0.12929964716633524, 0.11512690095159983, 0.2263326601007007, -0.07649676131730307], [0.05872364897596772, -0.7808910849547832, -0.5527720463274595, -0.20834957849302116, 0.12739860347795112, -0.19356893495876548, 0.5330570128892671, -0.13927436885270267, 0.8251651332029939, 0.41793835653962574, 0.00540403574624207]], "inverted": false, "swapped": true, "error_lsq": 0.045727567995789024, "error_max": 0.2414948953227717, "target": "1070.xyz", "model": "4.xyz", "model_rescale": 3.7855080009869324, "target_rescale": 3.9673504540525877},
{"mapping": [15, 14, 12, 2, 13, 10, 7, 5, 0, 11, 6, 4, 16], "R": [[-0.042307163855022756, 0.6226250303654824, -0.7813758221553355], [0.6421092595680232, -0.5822280982315051, -0.4987044619879895], [-0.7654448397262532, -0.5228274219970747, -0.3751608776836192]], "T": [0.04503464948642111, -0.08217532562276059, 0.021743080584642666], "aligned_model": [[0.08082627897411124, -0.2865945128260271, -0.6177596487292881, -0.03656819225347091, -0.46786559865769295, 0.6787427806943552, 0.5601250993290733, 0.7547579116187464, 0.2497654204347277, -0.6228757691014184, -0.0813358040765895, 0.17479726548735702, 0.03159657809253726], [0.10327950890342691, 0.4398924924857435, 0.05853177836502649, 0.6013613769534332, -0.37059902487454566, -0.06271891702819085, -0.6206507778412853, -0.07688588734200957, 0.07652282534570312, -0.47807257981096196, -0.7200419212080855, -0.5160118202009967, -0.03311321382745226], [-0.7805309189288253, -0.25241871568215857, 0.08475492193425302, 0.2898927403456234, -0.4008829290728563, -0.33742223884337996, 0.09981668505413176, 0.4108036898092573, 0.7575243603319709, 0.1937816377990053, 0.07860943944143156, 0.6065065740809532, 0.004449162023983641]], "inverted": false, "swapped": false, "error_lsq": 0.03877176937650263, "error_max": 0.2556450544403137, "target": "1070.xyz", "model": "5.xyz", "model_rescale": 4.2253639853439635, "target_rescale": 3.9673504540525877},
{"mapping": [10, 5, 6, 11, 2, 8, 1, 9, 12, 3, 4, 0, 13], "R": [[0.08854184463102435, 0.8541714544626865, -0.5123977635884395], [-0.09351677518048976, 0.519274528811324, 0.8494754713866783], [0.9916728061760983, -0.027296338744899618, 0.1258568845234396]], "T": [0.05570609979963265, -0.1338230903156084, 0.07731940640338447], "aligned_model": [[0.14604941170550909, -0.12910512587378004, -0.5052626224276151, -0.017251977590629797, -0.4486942240632162, 0.6296035165731733, 0.5099982505003232, 0.6104967469975604, 0.0688742423387349, -0.5379987309859036, -0.1472748643568859, 0.2356013773305375, 0.0025758088386127823], [-0.16511623342070625, 0.2968817023890889, 0.13475188400117233, 0.6227773656642381, -0.1978168462807864, 0.21132115116162126, -0.6458649485615868, -0.14794369459794954, 0.3362858717459513, -0.45104782858041464, -0.7684769406801262, -0.663980613495984, -0.1602770294247125], [-0.6968713320956115, -0.34821491519356906, 0.2413302108541241, 0.24401271091137425, -0.36046675660517274, -0.23474161838897228, -0.18751555951692778, 0.3314933110470142, 0.8836493192061432, 0.3006857244396657, -0.16126921573545155, 0.651456444978608, 0.09133608439216473]], "inverted": false, "swapped": false, "error_lsq": 0.047657769040833964, "error_max": 0.28684665803896525, "target": "1070.xyz", "model": "6.xyz", "model_rescale": 3.89814844738969, "target_rescale": 3.9673504540525877},
{"mapping": [11, 9, 6, 5, 8, 10, 4, 2, 1, 3, 7, 0, 12], "R": [[-0.8195462304110827, -0.5696650324341177, 0.06185246188164692], [0.5723595301187876, -0.8086745719441503, 0.1358307953784645], [-0.027359541318992285, 0.14672146234542932, 0.9887994073552195]], "T": [0.041670357915309306, -0.2245541202829423, 0.04048574112044158], "aligned_model": [[0.08098865275953623, -0.1273923587809302, -0.5005868937726766, 0.038786540796142494, -0.49373074991363836, 0.5644298892957135, 0.5852286686477699, 0.6701005084483413, 0.16934931579482898, -0.6509738650019317, -0.0787708911128739, -0.03431864776704864, 0.19450163959318784], [-0.29319392447826303, 0.5605731110208735, 0.09570730223630652, 0.5060502297105539, -0.18394149181274705, 0.2332559911044027, -0.5382048727106704, -0.0836202317843325, 0.13267507287221192, -0.5615455224520336, -0.8640963974959376, -0.4352505555682116, -0.16691487072234742], [-0.7651711450250072, -0.35058830240981587, 0.2869924251383762, 0.30275577637844064, -0.3710759680545147, -0.19623358068192703, -0.10669902955732817, 0.3350379936914556, 0.7960530771708813, 0.28351395346088654, -0.04757253921538719, 0.5889773733645405, -0.0011056259672109978]], "inverted": true, "swapped": false, "error_lsq": 0.05332787257607351, "error_max": 0.307281190674027, "target": "1070.xyz", "model": "7.xyz", "model_rescale": 3.7474275329858107, "target_rescale": 3.9673504540525877},
{"mapping": [10, 6, 5, 3, 7, 0, 12, 1, 2, 9, 11, 4, 14], "R": [[-0.20268694867367665, -0.6354623853700972, 0.7450540635531763], [0.4901534930245962, 0.5928372903384234, 0.6389784820007502], [-0.8477426225648569, 0.4947034505276287, 0.19131372643622968]], "T": [0.08923827987609775, -0.2161943110018019, 0.10697247852751607], "aligned_model": [[0.1290443952679895, -0.16820401657660708, -0.5305959093441527, -0.055247705531612706, -0.4220984757890861, 0.4050165824373472, 0.4590115136312707, 0.7824678013385276, 0.40247513099222454, -0.617124562546616, -0.15761310944347975, 0.06875561703410994, 0.12172454751650605], [-0.23982769614039653, 0.3975601321414337, 0.14271560230084399, 0.46735280096059784, -0.20268883156860787, 0.2857069252466309, -0.6605499049290438, 0.030068118236569408, 0.09361560147828982, -0.5004400276184483, -0.7061968519053821, -0.47369619125921336, -0.23212583702346826], [-0.6500746111390121, -0.3662790887354343, 0.10369894394706167, 0.26828485478314523, -0.3427273727678793, -0.1804165440721518, -0.10856981556616255, 0.2605611062589969, 0.8242520537851539, 0.13139270616757043, -0.18533191262817045, 0.8455515792556132, 0.15454250900465916]], "inverted": true, "swapped": false, "error_lsq": 0.05200568292777181, "error_max": 0.28540466677044923, "target": "1070.xyz", "model": "8.xyz", "model_rescale": 4.019505241142653, "target_rescale": 3.9673504540525877},
{"mapping": [10, 1, 0, 2, 9, 6, 11, 5, 3, 7, 8, 4, 12], "R": [[-0.8143412314301244, -0.5690094309744111, 0.11435307715599892], [0.3488021221071133, -0.32233342172497026, 0.8800217297616275], [-0.46388084505230803, 0.7565245750808427, 0.46096109260143336]], "T": [0.054647653737288374, -0.07919895672154403, -0.001580200628638645], "aligned_model": [[0.14822157671499547, -0.4114175173253763, -0.42847220831575805, 0.14244889770382718, -0.19283369780675608, 0.6583262346987102, 0.42090155015172487, 0.5930171258984042, 0.26070181323008634, -0.6594625503223258, -0.07823918082332425, -0.12017143156440478, 0.08459119674661797], [0.24137719057082707, 0.25176119610003744, 0.06313568402891023, 0.4580969481566764, -0.514443972471957, 0.2178095304998588, -0.5358543130103457, -0.22181868467829124, 0.19197595618297053, -0.5257062271493584, -0.7404040679166946, -0.38341096993231544, -0.10102443046051239], [-0.8540205873675182, -0.36151621679984813, 0.4094941563961877, 0.229885162602409, -0.4670421414280971, -0.2762071610199215, -0.2127045548064082, 0.37304313524949706, 0.7873853611728334, 0.330476818554415, 0.03427815287470412, 0.7497439702028671, 0.012068312662269383]], "inverted": true, "swapped": false, "error_lsq": 0.06705310664286722, "error_max": 0.387105775864488, "target": "1070.xyz", "model": "9.xyz", "model_rescale": 3.877068213659057, "target_rescale": 3.9673504540525877},
{"mapping": [7, 2, 9, 13, 8, 4, 5, 3, 6, 11, 0, 12, 15], "R": [[-0.35027945164550267, 0.9366414365814182, 0.0026692758612878453], [0.37729650250941754, 0.14370628919397677, -0.914874773747893], [-0.857293214104187, -0.3194547256260185, -0.4037288983044415]], "T": [0.005924984810361453, -0.050431036519660064, 0.11396697375322981], "aligned_model": [[0.0837695559441823, -0.13212606602764726, -0.5929366743728558, 0.18283529835628215, -0.491153226986562, 0.5082858785186526, 0.5673969497178406, 0.6122680847746163, 0.1436352856255511, -0.5112770680459761, -0.07984736438205661, 0.12982941771035633, -0.0030682618459629118], [-0.04235755283714841, 0.46282060117620416, 0.176065346452279, 0.6703473480307578, -0.3298221652052561, 0.1509966337177298, -0.5917862683398281, -0.02828499912940667, 0.050208720761451844, -0.5386843653746437, -0.8395424035131215, -0.598481606093032, -0.13998544972618038], [-0.6985363253311666, -0.28336163296234507, -0.046374554119639755, 0.33034570951449926, -0.40581835152698587, -0.292420902395057, 0.062206101983170364, 0.30002863257060264, 0.706598467540589, 0.31085780555329523, 0.053037586512632046, 0.6063930904566022, 0.11192878049719321]], "inverted": true, "swapped": false, "error_lsq": 0.039449273875077746, "error_max": 0.24881157410784266, "target": "1070.xyz", "model": "10.xyz", "model_rescale": 4.260839863003843, "target_rescale": 3.9673504540525877},
{"mapping": [4, 6, 7, 5, 3, 1, 4, 10, 11, 8, 2, 12], "R": [[0.47364186646701545, 0.8800482596537572, 0.034328457728753925], [0.8687561820050332, -0.4732562509118421, 0.14591510271697364], [0.14465848940756762, -0.03928844172604024, -0.9887013400360394]], "T": [-0.06795037630419189, 0.12486358407038242, -0.0930703330591148], "aligned_model": [[0.3882920415044544, 0.2460650649915503, -0.3536963497424964, -0.49070242845360806, -0.6585879669548096, -0.31458097385040484, 0.3882920415044544, 0.574724878300888, 0.33940548019647165, -0.33534210684516685, 0.18349520245989143, -0.00846623401709385], [0.3832842049519608, -0.6109476482981343, -0.5398673429244327, -0.28087611374075827, 0.3298903308129048, 0.4564316999603063, 0.3832842049519608, -0.006066723730565549, -0.4339269765966828, -0.1498328271491791, 0.6218462083391412, 0.0198594889564134], [-0.5077940970610034, -0.14617200592289328, 0.13527058297888428, -0.42684974965818046, 0.19915148865118157, -0.35209916519740725, -0.5077940970610034, -0.11220795420538957, 0.5519725912551579, 0.6661760152659855, 0.05238332298648621, -0.035858854636313504]], "inverted": true, "swapped": true, "error_lsq": 0.05925221368551814, "error_max": 0.41571040853061897, "target": "1070.xyz", "model": "11.xyz", "model_rescale": 3.890672605050136, "target_rescale": 3.9673504540525877},
{"mapping": [3, 7, 12, 5, 4, 8, 1, 6, 9, 10, 2, 11, 13], "R": [[-0.3417867807121586, -0.46165703255440294, -0.8185686170526462], [-0.40566686494289095, -0.7132180909381551, 0.5716243079557934], [-0.8477123281030098, 0.527439796613411, 0.056489554172240775]], "T": [0.16612650192077347, -0.16469380026012417, 0.09602909868965778], "aligned_model": [[0.13371734482369751, -0.2589334435027022, -0.49741403955894203, 0.021895453330827347, -0.2751187447916198, 0.5869801366368105, 0.6362355281348402, 0.6884793099829044, 0.11754995115291048, -0.6403086258607392, -0.1973229777637969, 0.06768793376611505, 0.03416398263611553], [0.0013561892933290076, 0.45726390392557503, 0.15996520125262034, 0.5775548241812425, -0.46574778650904824, 0.2971723315481247, -0.7582890136660592, -0.1735071473070214, 0.16623577312749396, -0.44880941957487464, -0.7757948453296667, -0.5307866411120229, -0.10511952990988696], [-0.8119577974204073, -0.3032913581830743, 0.19320229095288594, 0.2783380835823477, -0.35754137372063166, -0.26279250081756045, -0.08269000069220098, 0.33919203329317604, 0.7988422688809879, 0.35771823484928666, 0.10094052400374702, 0.49483737853336796, 0.010086625031464902]], "inverted": false, "swapped": false, "error_lsq": 0.04682679582571635, "error_max": 0.2570161377704526, "target": "1070.xyz", "model": "12.xyz", "model_rescale": 4.124412569039231, "target_rescale": 3.9673504540525877},
{"mapping": [11, 2, 4, 1, 10, 8, 9, 6, 3, 5, 7, 3, 12], "R": [[0.6373418798572655, -0.6078398412420809, 0.47363071646464106], [-0.07598225062236502, -0.6612176982446013, -0.7463362868831128], [0.7668259422909266, 0.4396838442869077, -0.4676067699496226]], "T": [-0.012625591178603325, -0.17207810272190294, 0.17739165654658784], "aligned_model": [[0.1890828580949489, -0.17767431186486551, -0.6838203467178317, 0.1287775177020811, -0.3209451864888752, 0.4534534360873683, 0.4940888390559997, 0.5851002356433517, 0.3150549349828771, -0.6735808047483972, -0.13952961769867017, 0.3150549349828771, -0.06745068004444299], [-0.07435930308030542, 0.419614986028809, 0.2236596809393761, 0.6210779606872927, -0.3232461633023762, 0.15156584556246155, -0.5279983321925759, 0.07911454026448322, -0.36690117127992067, -0.5128669257959411, -0.768528976931885, -0.36690117127992067, -0.15273712969969244], [-0.7923080902950617, -0.4268051012843289, 0.07172490459016018, 0.2947497358800467, -0.47582876330077106, -0.26183613854401866, 0.01863855123536129, 0.3424337931166287, 0.7802372590835064, 0.3214300639070294, 0.03172286365261692, 0.7802372590835064, 0.07048807116871392]], "inverted": true, "swapped": false, "error_lsq": 0.057190150698558456, "error_max": 0.5059545953013762, "target": "1070.xyz", "model": "13.xyz", "model_rescale": 3.9028299243045295, "target_rescale": 3.9673504540525877},
{"mapping": [14, 10, 5, 4, 13, 9, 1, 6, 3, 8, 12, 2, 15], "R": [[0.8936106049040055, -0.43808789984562546, 0.09766820778506548], [0.3753382409048147, 0.6100368419864769, -0.6978368407684175], [0.24613267096746178, 0.6602530147057379, 0.7095665330710065]], "T": [0.047023160966743305, -0.12267062084495185, 0.1398502657332294], "aligned_model": [[0.12990529497900855, -0.10446944412244241, -0.45723357461361025, -0.24221900533846186, -0.4790772102941705, 0.6555928686034356, 0.4863471458898985, 0.696509222453552, 0.286078960557107, -0.5482175236376143, -0.24170178073963183, 0.10547917448994551, 0.13061768075940472], [-0.05411680194208186, 0.4582011820467228, -0.06739531454305514, 0.4537931871223523, -0.16363415289566335, 0.10620290800445119, -0.6012529558471603, -0.10827846997699465, 0.19057592479602242, -0.49367363882347337, -0.6656650815294887, -0.5904235995521524, -0.06283934693967316], [-0.7384899750381688, -0.3017270675365408, 0.07077336083564809, 0.3481570616320089, -0.45528983558434516, -0.28217494110005253, 0.1275157354268403, 0.2894129087193182, 0.622984172186047, 0.46319597484375424, -0.1857802191164623, 0.7054824916091078, 0.09082474141623481]], "inverted": true, "swapped": false, "error_lsq": 0.04593321799318838, "error_max": 0.35517173776346134, "target": "1070.xyz", "model": "14.xyz", "model_rescale": 3.942246331269136, "target_rescale": 3.9673504540525877},
{"mapping": [5, 1, 0, 12, 2, 3, 10, 4, 13, 7, 6, 11, 14], "R": [[-0.8448327890521642, 0.4336147543057063, -0.3134259137192451], [0.42932810395920296, 0.8989976972619657, 0.0864899963491678], [0.3192725132126747, -0.0614929684279853, -0.945665732244104]], "T": [0.06524017343199812, -0.21080468095966032, 0.0826834275842104], "aligned_model": [[0.04150017152694957, -0.05193734264089406, -0.6264658631838664, 0.07323738150890155, -0.4772358351730193, 0.48734524296371234, 0.5630917314373121, 0.6353525897607555, 0.3573212442013855, -0.6587984997835739, -0.13879191599482976, 0.22111644743124453, -0.008123543067656641], [-0.07569217898498326, 0.48802933880650634, 0.02174701158220957, 0.5799361715093642, -0.21445054638178185, 0.2783503968330441, -0.7192193984881085, -0.1744104582478307, 0.20087642957645263, -0.6500687697803937, -0.684699497716247, -0.49718217576785184, -0.1517224830205742], [-0.5369621019799149, -0.31043472046426956, -0.0077596598981478915, 0.2894228942137914, -0.45430298415521086, -0.2321221483605093, 0.031119707438047955, 0.21425572795017708, 0.7199723399554184, -0.0347668516396554, 0.29851669303183515, 0.7212768368267786, 0.05666867537504945]], "inverted": true, "swapped": false, "error_lsq": 0.05177391726313138, "error_max": 0.33963993640237516, "target": "1070.xyz", "model": "15.xyz", "model_rescale": 4.355366556412066, "target_rescale": 3.9673504540525877},
{"mapping": [3, 7, 8, 4, 2, 1, 9, 0, 11, 5, 6, 12], "R": [[0.8377658017977301, -0.40784115450665354, 0.3630620525872763], [-0.12095447810416562, -0.787006682402978, -0.6049714836912619], [0.5324645298653753, 0.46291043900925133, -0.7086574982962551]], "T": [-0.13226309976093756, -0.017302073912239518, 0.010535935009395668], "aligned_model": [[-0.23738444090704022, 0.5800739518501006, 0.3170592649504562, -0.49884691820351323, -0.5966317177408387, -0.5001676793490117, -0.3529602217997273, -0.3942381741582832, 0.5344172439779495, 0.21011654247643394, 0.5566886592837912, -0.02031795574853648], [-0.6879148037589317, -0.258105032514144, -0.6384960182036693, 0.5416507035929484, -0.0014866682519863068, -0.10834341044964406, 0.34800444411158526, 0.48022884832189594, 0.0022292585713174114, -0.06630601474065996, 0.3889569341849491, 0.012358186877319873], [0.13507666592215936, 0.11176538036659345, -0.35775602728332195, -0.0005211038297628159, -0.32929495461268876, 0.31748495090508, -0.8359447608718775, 0.5803798374752186, -0.6598534332293368, 0.5894379070964885, -0.04552427157093419, -0.055991729158196606]], "inverted": false, "swapped": true, "error_lsq": 0.05264299715084348, "error_max": 0.2767470780041643, "target": "1070.xyz", "model": "16.xyz", "model_rescale": 3.795458400668931, "target_rescale": 3.9673504540525877},
{"mapping": [11, 9, 6, 5, 8, 10, 4, 2, 1, 3, 7, 0, 12], "R": [[-0.8195462304110827, -0.5696650324341177, 0.06185246188164692], [0.5723595301187876, -0.8086745719441503, 0.1358307953784645], [-0.027359541318992285, 0.14672146234542932, 0.9887994073552195]], "T": [0.041670357915309306, -0.2245541202829423, 0.04048574112044158], "aligned_model": [[0.08098865275953623, -0.1273923587809302, -0.5005868937726766, 0.038786540796142494, -0.49373074991363836, 0.5644298892957135, 0.5852286686477699, 0.6701005084483413, 0.16934931579482898, -0.6509738650019317, -0.0787708911128739, -0.03431864776704864, 0.19450163959318784], [-0.29319392447826303, 0.5605731110208735, 0.09570730223630652, 0.5060502297105539, -0.18394149181274705, 0.2332559911044027, -0.5382048727106704, -0.0836202317843325, 0.13267507287221192, -0.5615455224520336, -0.8640963974959376, -0.4352505555682116, -0.16691487072234742], [-0.7651711450250072, -0.35058830240981587, 0.2869924251383762, 0.30275577637844064, -0.3710759680545147, -0.19623358068192703, -0.10669902955732817, 0.3350379936914556, 0.7960530771708813, 0.28351395346088654, -0.04757253921538719, 0.5889773733645405, -0.0011056259672109978]], "inverted": true, "swapped": false, "error_lsq": 0.05332787257607351, "error_max": 0.307281190674027, "target": "1070.xyz", "model": "17.xyz", "model_rescale": 3.7474275329858107, "target_rescale": 3.9673504540525877},
{"mapping": [7, 12, 10, 5, 11, 9, 2, 6, 4, 3, 1, 0, 13], "R": [[0.9187401054654605, -0.013308906830619777, 0.39463843148924105], [-0.3887835721951907, -0.20518862477423255, 0.8981898252899585], [0.06902139233934285, -0.9786319539347943, -0.19368930310501256]], "T": [-0.03085976729978534, -0.13925005357863135, 0.06263239287466586], "aligned_model": [[0.12618055133116632, -0.03631165523727108, -0.6144938271358725, -0.11328620563309605, -0.5497478482139208, 0.49879778974102607, 0.5248946542625439, 0.7029182736723939, 0.329232793129483, -0.606422198096509, -0.1457093096124947, 0.2536208236133578, 0.04793796716561343], [-0.2144195750340102, 0.44981674398576504, 0.22531962537121825, 0.549706327723356, -0.2677904148007112, 0.25318009274490044, -0.5739253716292941, -0.08525599315496213, 0.1867907623347822, -0.4573717839103132, -0.805939167141696, -0.6579977052046331, -0.20061970136459686], [-0.6702435607523827, -0.3980274688873975, 0.11648036268882574, 0.26699707572678927, -0.42313421448755, -0.052196255040939804, -0.015002100755153222, 0.2942640821711171, 0.7358757042433085, 0.23030956560660815, -0.08177545073755989, 0.6534911391982573, 0.09784552931946697]], "inverted": false, "swapped": false, "error_lsq": 0.046955037728535716, "error_max": 0.25445034634852687, "target": "1070.xyz", "model": "18.xyz", "model_rescale": 3.922800546911778, "target_rescale": 3.9673504540525877},
{"mapping": [5, 8, 13, 6, 12, 1, 2, 2, 10, 7, 3, 9, 14], "R": [[-0.05487456365672129, 0.041388956200689775, 0.9976350718414536], [0.29302381524314913, 0.9558154036386104, -0.0235363095558645], [-0.9545291121615064, 0.29103929025438824, -0.06457790306589933]], "T": [-0.024194182900933267, -0.026867807053595136, 0.01863041965962675], "aligned_model": [[0.029101180214375313, -0.20158318572400036, -0.682551677732901, 0.2617938411431432, -0.5596313069489752, 0.6365671658375184, 0.5438633813923744, 0.5438633813923744, 0.26188045954611705, -0.5038724650671966, -0.016758264600063837, 0.17352587454472485, -0.0685865750110696], [-0.09104259559756371, 0.46253308832419965, 0.12385413936359928, 0.5806239149455669, -0.3713232740437689, 0.21418879832895027, -0.33634063084744265, -0.33634063084744265, 0.12070689609454856, -0.62236698080495, -0.6442152792542876, -0.5927817520184532, -0.10600185372315019], [-0.7400361216953083, -0.30294470267179624, 0.14377853465531262, 0.17653048210093608, -0.4431829214407105, -0.2121707435753796, 0.3263090470779173, 0.3263090470779173, 0.758213851871866, 0.24993216789800868, -0.14863000384678265, 0.5694401614879473, 0.051335609353461556]], "inverted": true, "swapped": false, "error_lsq": 0.05605425360443948, "error_max": 0.4074594909350417, "target": "1070.xyz", "model": "19.xyz", "model_rescale": 3.9282355846067225, "target_rescale": 3.9673504540525877},
{"mapping": [8, 4, 11, 3, 9, 6, 7, 5, 1, 10, 12, 2, 13], "R": [[-0.4465936083502244, -0.27040160360562715, 0.8528992447811358], [0.8881992676463815, -0.01895719316739597, 0.45906719092050785], [-0.10796392885199388, 0.9625609578591475, 0.2486366675937448]], "T": [0.06875022513372378, -0.10019723322084412, -0.008541289402655791], "aligned_model": [[-0.015686493934996132, -0.14812148861886051, -0.6263157985186083, 0.26039563654132447, -0.3538754495388703, 0.6556891682523402, 0.4086540900652478, 0.6411816632742632, 0.05611360284529779, -0.4984984642531096, -0.20382740966622667, 0.23423470728828075, 0.007668045250338193], [0.08561468487803536, 0.4545198018186762, 0.06509719890518581, 0.5646046607629718, -0.4087917202041306, 0.09446500028903507, -0.6217007141233208, 0.018171163218117514, 0.12789971792290816, -0.5291414939643291, -0.8851086204793643, -0.48911290779982625, -0.07502293130415333], [-0.741320895214329, -0.21978407803884314, -0.0626166516134033, 0.28754239333501186, -0.46084849357791724, -0.2193809108043528, -0.03298015989282174, 0.3735599060958856, 0.705120320159381, 0.4777406191191503, -0.18856876626753805, 0.6986190139180916, 0.13780211107507462]], "inverted": true, "swapped": false, "error_lsq": 0.046991924302656335, "error_max": 0.306578038289295, "target": "1070.xyz", "model": "20.xyz", "model_rescale": 4.067790424073018, "target_rescale": 3.9673504540525877},
{"mapping": [2, 3, 11, 12, 6, 0, 8, 7, 9, 13, 5, 1, 14], "R": [[-0.21060911065860657, -0.4052771475017408, 0.8896034151353305], [-0.8050443130463304, 0.5881497124853161, 0.07735353731538125], [-0.554569613790147, -0.6998788105210019, -0.4501357506845628]], "T": [-0.0001074431480874577, -0.18298278712593574, 0.008656941123853637], "aligned_model": [[0.1783036074617524, -0.20419082558413987, -0.5450789123212674, -0.05292998232977303, -0.4844780162611981, 0.5805273749319009, 0.43705947256903815, 0.6627237842198574, 0.20522552168089636, -0.5150020742628747, -0.055172282306976364, 0.2375440862899777, -0.026919945100772752], [-0.0376198173155215, 0.5159641875861234, 0.15360831204711378, 0.5213703217710299, -0.28616107559929693, 0.14762216361085206, -0.5489864163169527, -0.18507482566038896, 0.08483721751597223, -0.46892814303364666, -0.7699196595486267, -0.5672965893351128, -0.15792183580173985], [-0.698987768859286, -0.43130682579921925, 0.09666139398762634, 0.3054908075192934, -0.5411578380383258, -0.23221979935248177, -0.0010553164115271602, 0.35116875786812335, 0.7087717303813281, 0.38713055626918635, 0.03930155136711407, 0.6935874144319791, 0.0774997449295789]], "inverted": true, "swapped": false, "error_lsq": 0.041430535354433015, "error_max": 0.22241583211623556, "target": "1070.xyz", "model": "21.xyz", "model_rescale": 4.186013935880536, "target_rescale": 3.9673504540525877},
{"mapping": [3, 6, 7, 0, 4, 5, 8, 2, 1, 10, 11, 9, 12], "R": [[0.7938062389312444, 0.33966980101831856, -0.504476046319355], [-0.1062258513994397, -0.7393089865946325, -0.6649348019429286], [-0.5988219464317389, 0.5814177917957046, -0.5507863722489057]], "T": [0.04510858033159812, -0.1445781190073879, 0.08663935717900621], "aligned_model": [[0.06528330353686818, -0.20728243032353041, -0.5916907634039613, 0.2145669458398469, -0.5472952919027135, 0.6413235369015066, 0.57302659684485, 0.7482757661297756, 0.011290331614608212, -0.6431768923399057, 0.12264872232022825, -0.003175214610445745, 0.03381719837929399], [0.06332641620103158, 0.25395054271653195, 0.10124156536148124, 0.5476171478992035, -0.28573443677200727, 0.12321242752281839, -0.6735160033975433, -0.025271297800598752, 0.22706987327465147, -0.5682999704487213, -0.6488807248902156, -0.5663043023261847, -0.14691739742064222], [-0.8126422113633218, -0.20887127298887598, 0.3556802806007111, 0.2046987313843478, -0.3092756524952832, -0.3273107906241462, 0.25750600986816224, 0.2891757590804764, 0.7158112985581421, 0.2940576142306909, -0.28569434636128793, 0.5397027762360818, 0.04204621216769251]], "inverted": false, "swapped": false, "error_lsq": 0.05959835043070857, "error_max": 0.4079854764317915, "target": "1070.xyz", "model": "22.xyz", "model_rescale": 4.166573947596378, "target_rescale": 3.9673504540525877},
{"mapping": [13, 10, 9, 8, 14, 7, 6, 1, 4, 11, 12, 2, 15], "R": [[0.6804518659120031, -0.4465984876772532, 0.5809776665081576], [0.7227707249484757, 0.5397023789720485, -0.43165243111717383], [-0.12077970580494247, 0.7136323513801082, 0.6900298035080585]], "T": [0.012486373848762736, -0.1119516477743223, 0.12071125197855052], "aligned_model": [[0.22099700761174512, -0.058669578482585846, -0.5521449411307255, -0.09255726420265883, -0.4014417393729103, 0.39224468113695005, 0.4220472862762583, 0.6849438950492884, 0.2842621561586288, -0.5687019966724276, -0.24444361833237327, 0.2508093703408163, 0.08026655060641498], [-0.07839506830573285, 0.29477622484735555, 0.09126281991127817, 0.6335307802766085, -0.23715943623405045, 0.38225685032432005, -0.7514824712128116, -0.2624835416209946, 0.18327298848841017, -0.5554310353834914, -0.6762941460082398, -0.4974699913598406, -0.12489013380300583], [-0.6991731365042844, -0.5041491333752833, 0.13927262450016614, 0.41617854931176984, -0.5418325503575788, -0.22990425837846534, 0.072051033621982, 0.3030299070386411, 0.7362060542782869, 0.41675084082288744, -0.09115162592628516, 0.6180913835592347, 0.11951471970231886]], "inverted": true, "swapped": false, "error_lsq": 0.04836904151355083, "error_max": 0.30108470297330514, "target": "1070.xyz", "model": "23.xyz", "model_rescale": 4.274766983524099, "target_rescale": 3.9673504540525877},
{"mapping": [4, 10, 9, 2, 11, 8, 3, 7, 5, 6, 12], "R": [[-0.4380923485145817, 0.0021593571526905483, 0.8989273782401255], [-0.11868476048235088, 0.9911040618020399, -0.06022180924503538], [-0.8910606162333883, -0.1330716944214116, -0.4339388232707338]], "T": [0.07348392194261896, -0.10750784550781198, -0.05776107166210782], "aligned_model": [[0.3239508456967879, 0.012197946300010844, -0.4916020661429519, -0.2334282907569916, -0.47197686735733235, -0.533970952821295, -0.15291940717645103, 0.07246423647437719, 0.5668076784863707, 0.2534620449922995, 0.034909536263250926], [0.1122938827646229, 0.49158712086154477, 0.41389230694018975, -0.19106516088813089, 0.5508941215654178, -0.16295855336994491, -0.7063553949188999, 0.04686653455749418, -0.21703684308737414, 0.5753622660146411, 0.0021062508039230154], [-0.6373192498342118, -0.3182792617873398, -0.612292718534579, -0.5375489859579581, 0.34627535715871866, 0.5349743393492047, 0.1999315137593788, 0.6850882075309609, 0.3887675039524981, 0.3218965908782308, 0.008073137506673857]], "inverted": true, "swapped": true, "error_lsq": 0.05742541241939348, "error_max": 0.30534536710010823, "target": "1070.xyz", "model": "24.xyz", "model_rescale": 3.7841303162186577, "target_rescale": 3.9673504540525877},
{"mapping": [5, 3, 13, 6, 12, 4, 8, 1, 7, 14, 9, 10, 15], "R": [[0.036809334503946536, 0.6281343165853418, 0.7772337828615289], [-0.8452039145662896, 0.43453239565243806, -0.31114617132526856], [-0.5331748453323703, -0.6454679523077957, 0.5468964315557236]], "T": [0.10093375974649563, -0.16858746404699723, 0.17369482659506608], "aligned_model": [[-0.017063398858643636, -0.17611434487239333, -0.6405002788528629, 0.2343494168389503, -0.3881121308001899, 0.4827942962276166, 0.5879642236063539, 0.8409228202431813, 0.1939103455866332, -0.5552367173505961, -0.07650409707013109, -0.17139723319191727, 0.1025989074804192], [-0.017217949234135888, 0.46071855403207274, 0.047029441964146684, 0.540948963513205, -0.35015894515757795, 0.22450751541715505, -0.4893857102119876, -0.1016464687115865, 0.0485876637094485, -0.6143687990217654, -0.7012669961904364, -0.546751721731125, -0.09950170845760725], [-0.6821688810068604, -0.24609103663724624, 0.04805680082473296, 0.2017086205316862, -0.37679388411101644, -0.3326284008563154, 0.07701185928033977, 0.14252613570275097, 0.779496674124225, 0.1694206383855985, 0.009655101132321237, 0.796657690474278, 0.16803309044889503]], "inverted": true, "swapped": false, "error_lsq": 0.05036217857719476, "error_max": 0.38506325798518254, "target": "1070.xyz", "model": "25.xyz", "model_rescale": 4.19342608120988, "target_rescale": 3.9673504540525877},
{"mapping": [3, 7, 8, 4, 2, 1, 9, 0, 11, 5, 6, 12], "R": [[0.8377658017977301, -0.40784115450665354, 0.3630620525872763], [-0.12095447810416562, -0.787006682402978, -0.6049714836912619], [0.5324645298653753, 0.46291043900925133, -0.7086574982962551]], "T": [-0.13226309976093756, -0.017302073912239518, 0.010535935009395668], "aligned_model": [[-0.23738444090704022, 0.5800739518501006, 0.3170592649504562, -0.49884691820351323, -0.5966317177408387, -0.5001676793490117, -0.3529602217997273, -0.3942381741582832, 0.5344172439779495, 0.21011654247643394, 0.5566886592837912, -0.02031795574853648], [-0.6879148037589317, -0.258105032514144, -0.6384960182036693, 0.5416507035929484, -0.0014866682519863068, -0.10834341044964406, 0.34800444411158526, 0.48022884832189594, 0.0022292585713174114, -0.06630601474065996, 0.3889569341849491, 0.012358186877319873], [0.13507666592215936, 0.11176538036659345, -0.35775602728332195, -0.0005211038297628159, -0.32929495461268876, 0.31748495090508, -0.8359447608718775, 0.5803798374752186, -0.6598534332293368, 0.5894379070964885, -0.04552427157093419, -0.055991729158196606]], "inverted": false, "swapped": true, "error_lsq": 0.05264299715084348, "error_max": 0.2767470780041643, "target": "1070.xyz", "model": "26.xyz", "model_rescale": 3.795458400668931, "target_rescale": 3.9673504540525877},
{"mapping": [6, 8, 9, 11, 1, 5, 7, 10, 4, 2, 0, 3, 12], "R": [[-0.9958748082043222, 0.07662200716706916, -0.048604880430824685], [0.02269102432731124, 0.7289407957998703, 0.6842005799717139], [0.08785490196330839, 0.6802752268283345, -0.7276724070381368]], "T": [-0.06495924115569598, -0.03419873716112595, 0.07318414252393086], "aligned_model": [[0.08731041586223487, -0.021896556647458994, -0.39310215887539424, 0.03535934607143071, -0.4731485978249662, 0.5473145955603724, 0.5971269363917687, 0.5855383233263909, 0.20054985338363665, -0.7378322944080071, -0.14616821372988303, 0.07203765320322283, 0.06452250667307324], [-0.15956380186627608, 0.4624697966627306, -0.05408234493791683, 0.6234647861354519, -0.09302869989227625, 0.03347831140244481, -0.5050264019851469, 0.08245572184445142, 0.17205555844677503, -0.5805549091337032, -0.8510807415398763, -0.5995259630286964, -0.12956747218815606], [-0.7282424054385018, -0.45805750006292173, 0.3494107846270966, 0.33584259549131484, -0.35140230937745526, -0.359714268019402, 0.06009589717313442, 0.3395130450227425, 0.8385776811018169, 0.22671492593099452, -0.05865699592880945, 0.5278417471856648, 0.03296121058771534]], "inverted": false, "swapped": false, "error_lsq": 0.05236940939688438, "error_max": 0.3458685656302545, "target": "1070.xyz", "model": "27.xyz", "model_rescale": 3.6321398670334006, "target_rescale": 3.9673504540525877},
{"mapping": [5, 2, 11, 13, 0, 1, 7, 4, 6, 10, 8, 12, 14], "R": [[0.49298865213175685, -0.6062409929861132, 0.6240465105202698], [-0.09059058207548965, -0.7491343450513587, -0.6561943915515404], [0.8653066134663122, 0.26696365199720273, -0.4242344554651104]], "T": [-0.009821659421463867, -0.21561315648593954, 0.08505450198838474], "aligned_model": [[0.04356377092355455, -0.12561646112616925, -0.5078938130907594, -0.08146671391767227, -0.3649261629873536, 0.400381921391557, 0.5574470681012987, 0.7840335797521951, 0.32466751708583536, -0.7443355887493927, -0.07756965558228862, 0.20291658283161043, 0.006409764354005261], [0.03428949439127896, 0.4170191669539926, 0.18400000009872813, 0.5377867467167687, -0.3262950279468983, 0.1902365699278324, -0.7395208134385733, 0.0010662752678063936, 0.09959551892663127, -0.4692622733426171, -0.7221825879539332, -0.6514483902999513, -0.15379083938125987], [-0.7555809615035016, -0.38378616494397166, 0.016066885401197828, 0.39121280080524723, -0.4160063816345232, -0.2530079449121053, 0.15298344843217962, 0.18154872694738197, 0.7116867058248041, 0.11374328268189501, 0.16139083614813987, 0.7546064567382066, 0.08002671830843902]], "inverted": false, "swapped": false, "error_lsq": 0.044245107740455154, "error_max": 0.23360344464644345, "target": "1070.xyz", "model": "28.xyz", "model_rescale": 4.156811204709835, "target_rescale": 3.9673504540525877},
