[{"mapping": [7, 6, 9, 8, 11, 1, 10, 5, 2, 12, 4, 3, 0, 14], "R": [[0.7847090468848688, -0.40507284884610617, 0.46919899708411605], [-0.6175878660072254, -0.446101875484608, 0.6477486738309517], [-0.05307484807026941, -0.7980658518047334, -0.6002282538214132]], "T": [-0.055167027337539094, 0.02877426971263107, 0.16354403946339566], "aligned_model": [[0.06960878696553571, 0.38608162873118157, -0.7448773444934161, -0.2883700258706612, -0.6405423561119538, 0.04563522156156249, -0.7685422606322535, -0.04801268963421612, -0.330404504324627, 0.353454487387364, 0.5731937927303155, 0.20239722847427433, 0.6171846646639113, -0.055314528318713564], [-0.6425688604910299, -0.3292479140371139, -0.39997654792910686, -0.4396507440403556, 0.20144191934519168, 0.3779688062697514, 0.21857937031481867, 0.5235275881420826, 0.6510644926950543, 0.06219075741947053, 0.4269556260439097, 0.7213082629240227, -0.1915863270928313, 0.055266902246170715], [0.2464859097366676, -0.4004912168531889, 0.29427339151296306, -0.2110389237805764, 0.7127077481716044, -0.47008884489139724, -0.06547381374479522, 0.5643654334103928, 0.007788348722836652, 0.6922506767734459, 0.2606242031378714, -0.031102882799810078, 0.14157972734403854, 0.15570833043978127]], "inverted": true, "swapped": true, "error_lsq": 0.0450443123663375, "error_max": 0.2581353886011103, "target": "1071.xyz", "model": "0.xyz", "model_rescale": 3.8414455957264533, "target_rescale": 4.159227846161231},
{"mapping": [0, 1, 5, 3, 4, 2, 11, 13, 12, 8, 10, 6, 7, 9, 14], "R": [[-0.7272045747028417, 0.5208652076367246, 0.4470715177740704], [0.18562310724516512, 0.7762638621210114, -0.6024603542322278], [-0.6608461005316663, -0.3551251213847355, -0.6611872500083223]], "T": [0.013893924655664726, 0.08149332441131024, 0.02383707246644593], "aligned_model": [[-0.6397456123306383, -0.17692487429400686, 0.6180215561037253, 0.26355792480863066, -0.043641040308226804, 0.38346050687531863, -0.4601906533462832, -0.5582993228090729, 0.013793595591931641, 0.12454558475987929, 0.5385312011903094, 0.6856501440018721, -0.335443454535008, -0.13083348739502007, 0.02533674983132762], [0.23802531329384596, -0.274296332008352, 0.16898011756575151, 0.07340016489022516, 0.4509430995825752, 0.719258072977879, -0.5963359105936838, -0.1797135321433097, -0.673173079060372, -0.36676143818617185, -0.3561428621694753, 0.27298966330623803, 0.6051347535986582, 0.36654206187440713, 0.024958333272536416], [-0.2477701101557668, -0.7413425126774112, -0.2245550589045011, -0.7184427062131581, -0.3711487833318298, -0.0119594973515642, -0.1812403353658973, 0.4471724788334795, 0.1368333258214479, 0.665028366407207, -0.016307624265858044, 0.3732650446483704, 0.15313537591218143, 0.6265898190095431, -0.044987745704955305]], "inverted": true, "swapped": false, "error_lsq": 0.04482810699921896, "error_max": 0.2952773389179828, "target": "1071.xyz", "model": "1.xyz", "model_rescale": 4.316132596720782, "target_rescale": 4.159227846161231},
{"mapping": [1, 8, 6, 5, 4, 2, 12, 11, 7, 10, 13, 14], "R": [[0.31999337505008213, 0.6432913104274247, -0.6955433342737347], [-0.22150961274212033, -0.662998121180294, -0.7150992817603973], [-0.9211610778723196, 0.38289656728673727, -0.06965979739519568]], "T": [-0.0001796689057314213, -0.03338844237154736, -0.06891518314878342], "aligned_model": [[-0.2890463342769457, 0.5584623589262855, 0.25010900327273045, -0.5104911007883324, -0.5945121893233738, -0.4720899834026813, -0.22833893155501303, -0.02705652027649682, 0.5763505022421774, 0.08775049907722335, 0.2706910115296381, -0.024019760793431176], [-0.683042950643669, -0.3262669123955798, -0.6758320555600688, 0.3385655906936516, -0.10270891904514523, -0.13728002192914757, 0.3800950118810821, 0.6350103863629638, 0.03759811890273213, -0.08960507635504368, 0.6780092571135667, -0.04176600128436205], [0.09869633017669038, 0.058596835590918606, -0.47590144257276434, 0.013074208036929005, -0.521434572338887, 0.434838546687748, -0.542828356851611, 0.40708882138927577, -0.4373223302370142, 0.6969094393353976, -0.22471281853863992, -0.0577461994686219]], "inverted": true, "swapped": true, "error_lsq": 0.042686408921211, "error_max": 0.2594427046548064, "target": "1071.xyz", "model": "2.xyz", "model_rescale": 3.795458400668931, "target_rescale": 4.159227846161231},
{"mapping": [10, 2, 11, 12, 8, 7, 5, 1, 4, 0, 9, 14], "R": [[-0.696616329838281, -0.2605287041124502, -0.6684687601796588], [-0.5228616334237893, -0.45364352254258317, 0.7216808621188203], [-0.49126510286814584, 0.852251341324051, 0.17979502194250502]], "T": [0.10879743658867588, 0.041831182081011865, 0.06565467389453894], "aligned_model": [[-0.30318259294715943, -0.06889642344793478, -0.7074332558538702, 0.07180384990110164, 0.22795466413972437, 0.2255415776817942, -0.20091079691570576, 0.5546705617536166, 0.4751571625797122, 0.655447207070518, -0.44759165067090156, 0.11074352245267016], [-0.0765816713159333, -0.5518585640760881, -0.04015275833209516, -0.014201957792513535, 0.5167463202841202, 0.6979224669782981, -0.43274836885225276, -0.34362014461007506, -0.41967673975487974, 0.1842869652556099, 0.5504463517872792, 0.015207145718240084], [-0.5774862346123207, -0.2556209133650717, 0.09890015416844873, 0.7313202611546431, -0.3519278868222975, 0.23613924080114004, 0.3560765746288286, -0.3658693473232409, 0.5299835015153487, 0.49224393728593113, -0.26352543095710346, 0.05853757416479439]], "inverted": false, "swapped": true, "error_lsq": 0.05110617407712717, "error_max": 0.2778732085426721, "target": "1071.xyz", "model": "3.xyz", "model_rescale": 3.7530521520055578, "target_rescale": 4.159227846161231},
{"mapping": [0, 13, 7, 9, 6, 11, 1, 5, 2, 10, 14], "R": [[0.029100728940742768, 0.9232584097690529, -0.3830757841026198], [-0.8639934990713519, -0.16948756301266743, -0.47411939376750784], [-0.5026612986271765, 0.3447722070799017, 0.7927570523733574]], "T": [-0.10840950643905473, -0.13305533276136955, 0.018578872978610037], "aligned_model": [[-0.3047876957956435, -0.17306282904625186, 0.23833269516557026, 0.4819667285786216, 0.1868404694687515, -0.19391688219303785, -0.0765104485969742, -0.6514294155779121, -0.3049954689327322, 0.2580710984961133, -0.12230864912129988], [-0.7691049869444755, 0.19010104977725117, -0.40102241515232223, 0.37199433813812227, -0.8709047624114292, 0.6617570246047839, -0.40649464521269474, 0.19711591836474013, 0.2113358173102084, 0.41100457047943145, -0.12857855063926965], [-0.22219999969739673, -0.6850690616063682, -0.5116224515504139, -0.2516034353942508, 0.11564432408777385, -0.16856005135106134, 0.6951895013278602, 0.058655595638878164, 0.5930432501671445, 0.42732104681554955, 0.042032058807601386]], "inverted": true, "swapped": true, "error_lsq": 0.05069928712693175, "error_max": 0.23153376530100386, "target": "1071.xyz", "model": "4.xyz", "model_rescale": 3.7855080009869324, "target_rescale": 4.159227846161231},
{"mapping": [1, 7, 8, 6, 11, 13, 0, 2, 3, 9, 10, 15, 12, 14, 16], "R": [[0.45413211636547435, 0.8679969465836107, 0.20086144878234896], [0.12770512824472124, -0.28654097587159416, 0.9495186514053078], [0.8817343256930712, -0.4055558776150131, -0.2409751211774817]], "T": [0.018997565233456755, -0.002217887888672526, -0.0694701712514155], "aligned_model": [[-0.7096681385165529, 0.307227970182253, 0.6929771544266691, 0.12335659873903573, -0.2508577589299043, 0.2932589629094675, -0.6013648939984055, -0.4604265750626507, -0.15226149820292406, 0.16302697131101063, 0.5586429821973332, 0.6772324684773166, -0.32186324429883273, -0.02532499594885653, 0.013862814859778987], [0.1072457173025201, -0.38181197547051804, 0.15328630655945466, 0.24079816637473908, 0.6527234698440991, 0.6659495979967521, -0.45120122693093856, -0.16182389325450208, -0.5674661340939972, -0.3027973195223227, -0.4839950449953003, 0.1669985654017171, 0.5605760170625862, 0.2708678133925754, 0.0044583665338874855], [-0.24315940611189787, -0.647571403054175, -0.19939258203419077, -0.666236002681958, -0.43094790258791305, -0.12604344608813045, -0.21792307206095543, 0.4694770472507238, 0.2960176654161524, 0.5596733375864184, 0.017924730856340332, 0.39680304347705664, 0.10414489746342562, 0.5479090548801726, -0.01640592564978255]], "inverted": false, "swapped": false, "error_lsq": 0.03668811476036243, "error_max": 0.22551038272302792, "target": "1071.xyz", "model": "5.xyz", "model_rescale": 4.2253639853439635, "target_rescale": 4.159227846161231},
{"mapping": [1, 8, 11, 2, 10, 13, 5, 3, 7, 6, 9, 12, 4, 14], "R": [[-0.22160927550197287, 0.1101161284763309, -0.9688982233758482], [-0.9720451069869589, -0.10398828414404471, 0.21051068082995011], [-0.07757344258315702, 0.988463896665003, 0.13008261219561984]], "T": [0.04170865159066324, 0.029801845186401443, 0.016389784217757174], "aligned_model": [[0.6183413311690884, -0.17881765298575064, -0.5366669610500869, 0.2711201100060979, -0.2202474230629607, -0.5678073525768871, 0.11103101184676217, 0.6873334786551825, -0.2786586978146623, 0.4305219402366261, -0.7200847486088193, 0.06756559093059131, 0.6305592871125123, 0.05987223890009015], [-0.17574302679528406, 0.2546692147964046, -0.47395889454222223, -0.6273783168973368, -0.5605776331597285, 0.2077190412866308, -0.35647305936852475, -0.35072635786015743, 0.6324240272749049, 0.5892013571949979, -0.06444729896841772, 0.2533980119939424, 0.1079631090348786, 0.009028972644903634], [-0.38215081387040584, -0.5447883011183589, 0.3092480085175845, -0.036005281075599624, -0.40812224538894265, 0.4642359939156387, 0.5178635412281791, 0.16537626459706678, -0.06940778708219385, -0.40421982509277593, -0.2792547032086352, 0.6464335010814222, 0.47459936157766963, 0.01775049485079957]], "inverted": false, "swapped": true, "error_lsq": 0.037654209677637766, "error_max": 0.2297072640136562, "target": "1071.xyz", "model": "6.xyz", "model_rescale": 3.89814844738969, "target_rescale": 4.159227846161231},
{"mapping": [0, 12, 5, 6, 2, 13, 7, 1, 8, 9, 11, 10, 14], "R": [[0.5380936299285604, 0.45238780730959244, -0.7111965391000752], [0.5252175884330759, 0.479973110118017, 0.7026893327525205], [0.6592433012407863, -0.7516455849409729, 0.020668439899833344]], "T": [-0.01303999982882039, 0.016060309982284193, -0.06617562458279207], "aligned_model": [[-0.16776860692740597, 0.0391844871596947, 0.46487699706076496, -0.30638837831790594, 0.5857627846748644, -0.3786534691137385, -0.6721741633208125, 0.36751246553765843, -0.4871495692270916, -0.5097516411047556, 0.08282255864850677, 0.1167650665786471, 0.013593269255796098], [-0.38864835538239967, 0.2354109316817734, 0.3871301184008417, -0.7249901892393189, 0.08888155558760341, 0.6315380837582354, -0.03911430297078, -0.5376524740369597, -0.20722354521353428, 0.46675687763181234, 0.8081815788170601, 0.23168739106878747, 0.011823595367364036], [-0.6259684216895586, -0.6960778550926313, -0.2646507158531997, -0.14237875672800604, 0.28509765509404833, -0.368242532089306, -0.2549820671483592, 0.22047838951327148, 0.30729788799987934, 0.41002590632289554, 0.12724990907630696, 0.664601347836325, -0.06017571640537]], "inverted": false, "swapped": true, "error_lsq": 0.042962634190998744, "error_max": 0.28413149921689657, "target": "1071.xyz", "model": "7.xyz", "model_rescale": 3.7474275329858107, "target_rescale": 4.159227846161231},
{"mapping": [2, 12, 11, 13, 4, 9, 1, 3, 0, 6, 10, 7, 8, 5, 14], "R": [[0.4386328401068384, -0.4552862263317652, -0.7748004153924992], [-0.5286318493913597, 0.5665024385045654, -0.6321576978709125], [0.726739017384425, 0.6868693029106496, 0.00780777370053299]], "T": [0.03525340205640032, -0.007911741748083727, -0.06615465902681614], "aligned_model": [[-0.787780603452616, 0.30094072664349114, 0.6156365228515239, 0.05616140892064592, -0.36587301453346194, 0.4395833546254186, -0.47590826641550404, -0.40647063154251123, -0.14559851981698174, 0.1474296486975708, 0.5974847402384371, 0.5556913491383719, -0.2936796775315701, 0.07388317126965221, -0.003681390947728444], [0.09970007941971737, -0.2611048039853727, 0.1535365548978058, 0.254492341721906, 0.5398223527991738, 0.6112189980479373, -0.4969757054530973, -0.028995830974818053, -0.5752821821936267, -0.3098661060700336, -0.4888632372294891, 0.08462114397532303, 0.5674999864152444, 0.3213218670349375, 0.002682967795144346], [-0.20624112364984717, -0.5620842282077773, -0.21967936777469416, -0.925700341884806, -0.4551415552454391, 0.11697058932404727, -0.31979221172754013, 0.4982652877390641, 0.2159740408431122, 0.6842973047617871, 0.10071337580459785, 0.3633329894810532, 0.09482573761013624, 0.5687740265750606, -0.11024448698746794]], "inverted": true, "swapped": false, "error_lsq": 0.045332181142232766, "error_max": 0.2874896621627428, "target": "1071.xyz", "model": "8.xyz", "model_rescale": 4.019505241142653, "target_rescale": 4.159227846161231},
{"mapping": [10, 1, 8, 9, 11, 13, 7, 2, 5, 4, 6, 12, 14], "R": [[0.13391425211533567, -0.47985838361914757, -0.8670656865260031], [0.9867781402131869, 0.14517769296821306, 0.07205788965707549], [0.09130101356389383, -0.8652510439952361, 0.49295512553107645]], "T": [-0.01758180807425215, -0.009920969972921773, 0.04212893979291254], "aligned_model": [[-0.22792541254382193, -0.746573255024928, -0.12672501524231455, 0.35812252410541323, 0.4631808891432947, 0.7585211077970171, 0.3322261495438424, -0.3953912078039878, 0.12801981091899323, -0.1693629266622353, -0.41644542234265314, 0.3980417734197774, -0.035988243567220926], [-0.61514925840152, -0.019505350295942893, 0.18849239593525235, -0.285347113784709, -0.6730546522854097, -0.03955931367837934, 0.48731207993230785, -0.5737200037831326, -0.39979101127839867, 0.19053803378234527, 0.6646705527878197, 0.16349064117826714, -0.02499877199444108], [-0.39011365843812906, 0.0876059648365144, -0.5602313551676852, -0.6358123871620234, -0.014263613583672292, 0.019405645493580474, -0.2796530407778989, 0.20538129814135953, 0.5240950588609989, 0.7489450055121721, -0.12173113935877056, 0.5369060248589664, 0.056169690828466505]], "inverted": true, "swapped": true, "error_lsq": 0.05099040206286492, "error_max": 0.2839843984054817, "target": "1071.xyz", "model": "9.xyz", "model_rescale": 3.877068213659057, "target_rescale": 4.159227846161231},
{"mapping": [6, 9, 7, 2, 13, 4, 10, 12, 11, 0, 8, 1, 3, 5, 15], "R": [[0.8172199467027763, 0.2325409202375661, 0.5273293839017293], [-0.06212286592282099, 0.945196530265203, -0.3205374684871586], [-0.5729679818634256, 0.22919040030002763, 0.7868795664964661]], "T": [-0.04663647671957824, 0.05426072868703995, -0.09572412429266872], "aligned_model": [[-0.6554179157319981, 0.12002834708795881, 0.749584698137273, 0.2828837450976939, -0.3736367667589987, 0.2927689672829975, -0.4984774874793826, -0.4642480574988407, -0.13775657520791093, 0.13031756916599732, 0.5394292654332863, 0.5849407164865646, -0.27418986540074963, 0.04301317582660538, -0.031420998295758326], [0.14919080574308935, -0.37743438477296004, 0.224994791965074, 0.18474728896423415, 0.4811490382030082, 0.639689390826701, -0.44780908510585543, -0.11450487957416768, -0.6359774496385562, -0.3362977861806095, -0.44753235913647543, 0.20338646297750262, 0.5905279492281554, 0.3496517874831764, 0.01002685521843514], [-0.06968540103388252, -0.5663699246772184, -0.15201168742126844, -0.6567455489727132, -0.6511299916333054, -0.10868197410472506, -0.31246448171002583, 0.5003580451947269, 0.149068974255765, 0.5750346607730892, -0.10304387124536987, 0.48027793698629506, 0.1560659990264305, 0.6224001716507115, -0.01880287042722295]], "inverted": true, "swapped": false, "error_lsq": 0.038574191378871116, "error_max": 0.3237071845070406, "target": "1071.xyz", "model": "10.xyz", "model_rescale": 4.260839863003843, "target_rescale": 4.159227846161231},
{"mapping": [4, 2, 10, 1, 8, 6, 0, 12, 11, 9, 7, 14], "R": [[-0.09529084930765105, 0.9838648972331387, 0.15142495841390263], [-0.9570271013821248, -0.1324013444298522, 0.2580097114708986], [0.27389556633570256, -0.12033182449208205, 0.9542020073108481]], "T": [0.05238603072573728, -0.004017313048103285, -0.037859084314249176], "aligned_model": [[0.5019863701417289, -0.01853255414140361, -0.38053957443301945, -0.36051062024231806, -0.4997737333724626, -0.3623528728615643, 0.2415829310143222, 0.6866967542069541, 0.3439304347827174, -0.23208576014698473, -0.01447443494811209, 0.052971709094272845], [0.03254178711899514, -0.6709471005891612, -0.5698847034810396, -0.23029011422598827, 0.24500038368667623, 0.543761980601849, 0.563579575173298, 0.2033181700766384, -0.48335395441777795, -0.05131266220797092, 0.6164057614950788, -0.025740617697663684], [-0.637303191714784, -0.23134251607697653, 0.2617221127317713, -0.5963441109234773, 0.17946051906033328, -0.4488889107345057, -0.4161927026607066, -0.0856169715853792, 0.5615551434390147, 0.7325023236317433, 0.25154520531417845, -0.05491882308570696]], "inverted": false, "swapped": true, "error_lsq": 0.04302242407500611, "error_max": 0.21850506548855422, "target": "1071.xyz", "model": "11.xyz", "model_rescale": 3.890672605050136, "target_rescale": 4.159227846161231},
{"mapping": [0, 4, 3, 6, 1, 9, 12, 8, 7, 11, 2, 5, 10, 14], "R": [[-0.3344953670303468, -0.4768420506738126, -0.8128557732737258], [0.7191577007841755, 0.4282697435988008, -0.547172027904055], [0.6090361654598617, -0.7675979972791817, 0.1996703877267169]], "T": [0.05059811187377465, -0.06086812905131077, 0.09863092331782512], "aligned_model": [[0.34947487732813143, 0.2904734777014444, 0.4134410206296446, 0.7109372068428629, 0.695001838364558, -0.42209196854116676, -0.23018791200484873, 0.2272191078110301, -0.03865203821255521, -0.6813968833894943, 0.13130078428689357, -0.24833635119562286, -0.04762368412595776, 0.0603163592987741], [-0.37024774885528755, 0.2539108981817577, 0.5799072993465524, -0.5034184717316101, 0.2385340787878859, -0.38593278577833223, -0.055357766101769186, -0.5124585456814951, -0.7377066759940346, 0.21681420197188495, 0.5838538450924996, 0.4484463276369193, 0.21084220183212526, -0.03503433887933141], [-0.46355672443872037, -0.538694930377497, -0.10528566722561768, 0.0031452974024089864, 0.2680142315451679, 0.6881347871993768, -0.5086151198780395, 0.5217020140211118, 0.014524156449140568, 0.3458858963246237, 0.3537412529348147, -0.13954294487162477, 0.8155028446976375, 0.09983534157407878]], "inverted": false, "swapped": true, "error_lsq": 0.0400763449001604, "error_max": 0.24862414556247595, "target": "1071.xyz", "model": "12.xyz", "model_rescale": 4.124412569039231, "target_rescale": 4.159227846161231},
{"mapping": [11, 10, 8, 5, 9, 13, 2, 12, 1, 4, 7, 6, 14], "R": [[-0.6696114100776511, -0.5688573711367032, 0.477516335633933], [0.12043865060454308, -0.7175938422455377, -0.6859691020824796], [0.7328813621142078, -0.40182131460977244, 0.5490214387352264]], "T": [0.12047108693881974, 0.13771698148574846, -0.0748382598878607], "aligned_model": [[-0.20113372067098756, -0.06905686575460855, 0.6374001895919423, -0.4435377434191729, 0.4637234736503714, 0.29367975801212837, -0.47520186138420034, 0.009558226468779227, -0.08483804531459417, -0.2435045206139138, 0.7681461553743165, 0.6158860365226626, 0.09617722504703434], [-0.3280194686399212, 0.4445775300256191, 0.4258126095123623, -0.15649606865456966, -0.03160919270985307, -0.5980124681173014, 0.43106726922508093, -0.3986175314398989, 0.820395894628124, 0.08205227484323396, -0.08463185921791949, 0.5903151237368738, 0.15065126331664674], [0.5199046076407376, 0.6087516286261742, 0.1779526424981795, -0.10351823366541507, 0.653258021146539, 0.10524907669390841, 0.14052184058391126, -0.4591070979551681, -0.23416877060168495, -0.7284692478667416, -0.13986098603712865, -0.5115704206765669, -0.07724497941890583]], "inverted": false, "swapped": true, "error_lsq": 0.04238453862471281, "error_max": 0.2596234080010846, "target": "1071.xyz", "model": "13.xyz", "model_rescale": 3.9028299243045295, "target_rescale": 4.159227846161231},
{"mapping": [10, 6, 1, 11, 14, 12, 7, 4, 3, 0, 2, 8, 13, 5, 15], "R": [[0.16711164242567572, 0.3132381099374857, -0.9348559169458066], [0.8186414675096318, 0.48433370896167643, 0.30862113673094826], [0.549454135155492, -0.8168860048049654, -0.17549190441246174]], "T": [0.05851253188124962, -0.003385644186441328, -0.012744648815555523], "aligned_model": [[-0.6632927854649697, 0.15903655104176959, 0.5218678927326399, 0.21823365715746396, -0.3619035321963774, 0.39243533861266544, -0.6857264385139032, -0.4002496684565564, -0.005723375196171845, 0.19219178836805478, 0.7219743584252625, 0.4818843359463645, -0.1932512420355995, -0.06020792215820646, -0.009450140117698139], [0.1817373505821167, -0.4765745844421468, -0.05028261898578602, 0.35166637620269053, 0.5747188432836285, 0.6066590453884646, -0.4081795958785965, -0.2219467217267284, -0.613735369578478, -0.4346388748490331, -0.2730355670016694, 0.22805514704131735, 0.7421396973008532, 0.3034313260025874, -0.03620602713846831], [-0.021641991543488545, -0.47143344379613367, -0.46584644650317636, -0.6406649568929592, -0.5343730485556359, -0.03685532750687835, -0.33349091528764124, 0.43573229909632094, 0.09696590762254462, 0.6825012908870373, 0.1583024014379001, 0.5903296710125588, 0.10326534704097552, 0.37951882673607257, -0.09803957708621014]], "inverted": false, "swapped": false, "error_lsq": 0.04188284947119863, "error_max": 0.3116502786842751, "target": "1071.xyz", "model": "14.xyz", "model_rescale": 3.942246331269136, "target_rescale": 4.159227846161231},
{"mapping": [7, 10, 4, 11, 6, 13, 9, 2, 5, 1, 3, 12, 8, 0, 14], "R": [[0.2579464440604477, -0.8650642889990781, 0.43026434653023526], [-0.6726753683651683, 0.15886686113568388, 0.7226819281175371], [-0.6935210745113347, -0.47584146134129096, -0.5409282973530124]], "T": [0.0607618504578851, 0.013006160805579661, -0.07599132669671992], "aligned_model": [[-0.7747408463046331, 0.08898226327776766, 0.5343554804550678, 0.16715306622954954, -0.327613703937531, 0.7055311110586513, -0.5521438974987989, -0.4820962971807825, -0.03956512895434053, 0.30888269338942453, 0.5906240369377989, 0.6206347387672683, -0.24888019603095032, -0.3208135196831988, 0.037509017619444994], [0.16704716688261712, -0.2807066370528091, -0.09862726304621687, 0.5048983275009669, 0.25320648158876574, 0.5060464620198953, -0.3931182398642669, -0.2520728287489912, -0.5285742111018755, -0.23747022902933201, -0.40534017117780424, 0.2634365955358767, 0.7162679394987084, 0.23436838947898503, 0.024446643716232605], [0.019852923409235904, -0.7255580412977952, -0.4029638472971851, -0.5867104571460254, -0.39888081860088315, -0.12196641199467716, -0.40397276128498705, 0.3905770814478189, 0.23929387142668646, 0.6536243675004585, 0.17054536500538786, 0.46428934523191023, 0.015581594865138812, 0.5123253256995008, 0.01823249969670214]], "inverted": false, "swapped": false, "error_lsq": 0.05122252716241224, "error_max": 0.3880740400471964, "target": "1071.xyz", "model": "15.xyz", "model_rescale": 4.355366556412066, "target_rescale": 4.159227846161231},
{"mapping": [1, 8, 6, 5, 4, 2, 12, 11, 7, 10, 13, 14], "R": [[0.31999337505008213, 0.6432913104274247, -0.6955433342737347], [-0.22150961274212033, -0.662998121180294, -0.7150992817603973], [-0.9211610778723196, 0.38289656728673727, -0.06965979739519568]], "T": [-0.0001796689057314213, -0.03338844237154736, -0.06891518314878342], "aligned_model": [[-0.2890463342769457, 0.5584623589262855, 0.25010900327273045, -0.5104911007883324, -0.5945121893233738, -0.4720899834026813, -0.22833893155501303, -0.02705652027649682, 0.5763505022421774, 0.08775049907722335, 0.2706910115296381, -0.024019760793431176], [-0.683042950643669, -0.3262669123955798, -0.6758320555600688, 0.3385655906936516, -0.10270891904514523, -0.13728002192914757, 0.3800950118810821, 0.6350103863629638, 0.03759811890273213, -0.08960507635504368, 0.6780092571135667, -0.04176600128436205], [0.09869633017669038, 0.058596835590918606, -0.47590144257276434, 0.013074208036929005, -0.521434572338887, 0.434838546687748, -0.542828356851611, 0.40708882138927577, -0.4373223302370142, 0.6969094393353976, -0.22471281853863992, -0.0577461994686219]], "inverted": true, "swapped": true, "error_lsq": 0.042686408921211, "error_max": 0.2594427046548064, "target": "1071.xyz", "model": "16.xyz", "model_rescale": 3.795458400668931, "target_rescale": 4.159227846161231},
{"mapping": [0, 12, 5, 6, 2, 13, 7, 1, 8, 9, 11, 10, 14], "R": [[0.5380936299285604, 0.45238780730959244, -0.7111965391000752], [0.5252175884330759, 0.479973110118017, 0.7026893327525205], [0.6592433012407863, -0.7516455849409729, 0.020668439899833344]], "T": [-0.01303999982882039, 0.016060309982284193, -0.06617562458279207], "aligned_model": [[-0.16776860692740597, 0.0391844871596947, 0.46487699706076496, -0.30638837831790594, 0.5857627846748644, -0.3786534691137385, -0.6721741633208125, 0.36751246553765843, -0.4871495692270916, -0.5097516411047556, 0.08282255864850677, 0.1167650665786471, 0.013593269255796098], [-0.38864835538239967, 0.2354109316817734, 0.3871301184008417, -0.7249901892393189, 0.08888155558760341, 0.6315380837582354, -0.03911430297078, -0.5376524740369597, -0.20722354521353428, 0.46675687763181234, 0.8081815788170601, 0.23168739106878747, 0.011823595367364036], [-0.6259684216895586, -0.6960778550926313, -0.2646507158531997, -0.14237875672800604, 0.28509765509404833, -0.368242532089306, -0.2549820671483592, 0.22047838951327148, 0.30729788799987934, 0.41002590632289554, 0.12724990907630696, 0.664601347836325, -0.06017571640537]], "inverted": false, "swapped": true, "error_lsq": 0.042962634190998744, "error_max": 0.28413149921689657, "target": "1071.xyz", "model": "17.xyz", "model_rescale": 3.7474275329858107, "target_rescale": 4.159227846161231},
{"mapping": [4, 5, 12, 2, 6, 8, 0, 13, 1, 7, 10, 11, 9, 14], "R": [[0.8228995482459103, -0.5653016670054323, 0.05718705078561462], [-0.2869573994235098, -0.5003563584098367, -0.8168836915466875], [0.4903996170601822, 0.6558029733690804, -0.573960517551077]], "T": [0.028522971107623328, -0.08625409714846617, 0.014803632481885817], "aligned_model": [[0.5440545320017387, 0.07619353478786056, 0.5868863391653756, -0.4140131556949202, 0.29426806743974226, -0.21891816198749559, 0.6747468265709458, 0.25087523131433886, -0.19350584866114193, 0.318981005451553, -0.7416480151549836, -0.3321194590477443, -0.45061780089052683, 0.01966455258813437], [-0.30463245405595735, 0.20985502799103062, 0.2220430396257443, -0.19559769947099337, -0.7295996559774905, -0.2702839222033047, -0.3505932517726869, 0.6321699375418286, -0.745451922368822, 0.024570268301179185, -0.02844064489707137, 0.6259740785701465, 0.3670896454205746, -0.09669420519294405], [-0.4845443162088924, -0.5469229236449115, -0.1871917559567205, -0.5138421644951986, 0.4104070533694045, 0.5796256730662184, 0.13149793967474302, 0.2101415302528687, -0.20824340358242863, 0.6284012583400841, -0.014753658311457949, -0.17683987774924415, 0.5062518193638108, -0.009192455456621288]], "inverted": true, "swapped": true, "error_lsq": 0.03921406686047054, "error_max": 0.2181844242209435, "target": "1071.xyz", "model": "18.xyz", "model_rescale": 3.922800546911778, "target_rescale": 4.159227846161231},
{"mapping": [5, 7, 9, 3, 0, 2, 12, 8, 13, 4, 11, 10, 1, 6, 14], "R": [[-0.9972938306870004, 0.022862009596551876, 0.06987377040675355], [0.06872483443954618, -0.04767969225969887, 0.9964956317401884], [0.026113452565785074, 0.998601009143906, 0.045979475115174084]], "T": [-0.05152443324509816, 0.030518596889268296, 0.039124185326956794], "aligned_model": [[-0.7512193782003198, 0.27100500221177926, 0.6527284465866725, -0.042240127550853074, -0.2948594218650248, 0.39743530126559207, -0.46556828691071994, -0.5137049667169471, -0.05566751261064709, 0.24116172443049594, 0.5080049905716872, 0.6498273063656066, -0.2544551962543085, -0.030268610419923875, -0.004360452758351688], [0.19545044053573263, -0.4477471534589336, 0.17438890716932784, 0.0921063457888125, 0.5943318114022115, 0.5628603918573002, -0.4154426641864753, -0.12248636672083295, -0.6455666531736279, -0.26002322957856217, -0.40535479046228345, 0.19968550943728405, 0.705022097981184, 0.2607775287354849, -0.014193749125870073], [-0.21730941454092847, -0.513549004149785, -0.3430700074383973, -0.5974840100635578, -0.5277491498466073, -0.1287338883724945, -0.4591732012084, 0.4097578179238482, 0.16038966417789352, 0.6339244873359582, 0.10381442300425095, 0.39980262979975334, 0.2668238919036088, 0.6889678482291781, -0.032142050093033385]], "inverted": true, "swapped": false, "error_lsq": 0.04100682838401438, "error_max": 0.31888181922569586, "target": "1071.xyz", "model": "19.xyz", "model_rescale": 3.9282355846067225, "target_rescale": 4.159227846161231},
{"mapping": [2, 10, 9, 1, 3, 8, 6, 7, 4, 12, 11, 5, 13, 14], "R": [[0.4439289361527975, 0.2321562859317986, -0.8654655155167066], [0.8656460200974004, -0.3606233033472668, 0.34728633859171065], [-0.23148232661647522, -0.9033572338700002, -0.36105628436431525]], "T": [0.0008472460390971381, -0.05279028285193729, -0.007892669131266346], "aligned_model": [[-0.5896828316534921, -0.14013308673291547, 0.5484395930779736, -0.5389432297442528, -0.74853450946035, 0.35941748156500375, 0.09461607899570795, 0.6376206923445911, -0.4379836650366064, 0.07171581596065227, 0.09825606655881053, -0.33997175437806004, 0.5441295708179782, -0.0264234032303641], [-0.42259864693623805, -0.7937133027780757, -0.6662765066557316, -0.026288422857423555, 0.09222185415891912, -0.22608548889938446, 0.41772373755833003, 0.17318185230239913, 0.5122223479910086, 0.36374272988017975, -0.6386645751362393, -0.10594087783423889, -0.09950312840363332, -0.05713948496503599], [0.03425738127769687, -0.17682165153513638, -0.027767864084649565, -0.4993318246232244, 0.02715824549102411, -0.513376779804222, -0.6488606819609436, -0.13675743687283295, 0.21793564923830264, 0.5108527476041649, 0.5589600516480098, 0.5273710450304715, 0.5456348741659226, -0.007070598330900797]], "inverted": true, "swapped": true, "error_lsq": 0.04136064679911527, "error_max": 0.23872329009715748, "target": "1071.xyz", "model": "20.xyz", "model_rescale": 4.067790424073018, "target_rescale": 4.159227846161231},
{"mapping": [0, 6, 5, 4, 2, 8, 3, 12, 11, 10, 13, 1, 0, 9, 14], "R": [[0.583424401907975, -0.6841619004633243, -0.4376510724455437], [0.0400628908474418, -0.5139685586105726, 0.8568729693115059], [-0.8111787300190189, -0.5174541667763274, -0.2724522953666366]], "T": [0.05886120636715915, 0.03560587214886994, -0.03976286033566497], "aligned_model": [[-0.4619108335891596, 0.07243819479778417, 0.6143148234114008, 0.298203554595148, -0.3640333806657258, 0.2843060395919914, -0.681378563472786, -0.46225106704897484, -0.08702992937965466, 0.31104530668398594, 0.5722033652851481, 0.592477967459845, -0.4619108335891596, 0.014634959455764353, 0.06670921460913054], [0.5171820224366382, -0.3762401893290029, 0.13860052030729986, 0.34190922028776943, 0.2023833093989395, 0.5548739392227549, -0.3270396201695636, -0.218477719575511, -0.5832695120339577, -0.3536296748365069, -0.4013331791826567, 0.33433475968541065, 0.5171820224366382, 0.12756587206298448, -0.0002333445104847065], [-0.0763541625085345, -0.6543809447797292, -0.21102144441563517, -0.740737891274636, -0.6288871139711073, -0.1083427292086254, -0.2501870668786529, 0.4611337296000166, 0.07746038540599826, 0.6356523379417026, 0.1491487549136936, 0.5073379578970911, -0.0763541625085345, 0.7307157551812219, 0.02908663126701743]], "inverted": true, "swapped": false, "error_lsq": 0.0505097991002934, "error_max": 0.42809843808266135, "target": "1071.xyz", "model": "21.xyz", "model_rescale": 4.186013935880536, "target_rescale": 4.159227846161231},
{"mapping": [11, 13, 9, 2, 4, 10, 5, 12, 8, 7, 0, 1, 14], "R": [[0.6697232040308834, -0.7063077941858402, -0.22934718192064302], [-0.6414095876994044, -0.7058217084882609, 0.3006816533046083], [-0.37425201507792566, -0.054267998848725574, -0.9257377671409257]], "T": [0.01901162839212544, 0.012635351364655288, 0.09059178024998946], "aligned_model": [[0.1081693570100406, -0.4392059536968481, 0.3116137297676387, 0.47024956003473906, -0.38962614006059537, 0.7206297993987809, -0.13064315958645997, -0.612425646195559, 0.31684843000729856, -0.2899373369635019, -0.4941716666713122, 0.4561946239367061, 0.030878438442297602], [-0.4173656047171554, 0.013535426855635156, 0.2938393762605244, -0.507092356790405, -0.34052697554764627, -0.11826776520160062, -0.6020322851702222, -0.2068366727220812, 0.5752635891232715, 0.5956613431208263, 0.27270682613251007, -0.03182270520227299, -0.008105536595290699], [-0.6031006940683963, -0.5369162697971385, -0.6248983002962166, 0.2069019860729725, 0.6112661659740192, -0.2060151869094148, 0.017949082597343263, 0.0634272595108933, -0.0035396919962162876, -0.10378205001914409, 0.5030281450972894, 0.6741010428098838, 0.10445807235947074]], "inverted": false, "swapped": true, "error_lsq": 0.04294746393347397, "error_max": 0.2997187788371965, "target": "1071.xyz", "model": "22.xyz", "model_rescale": 4.166573947596378, "target_rescale": 4.159227846161231},
{"mapping": [5, 12, 9, 14, 13, 10, 6, 1, 2, 4, 3, 8, 7, 0, 15], "R": [[0.3219190597114361, -0.8349158783018554, 0.4464119119758637], [-0.6649601994813804, 0.1362501062362732, 0.7343458596984715], [-0.6739406888593297, -0.5332460826954528, -0.5113243229006094]], "T": [0.1291325809945623, -0.05500761852369674, -0.06739336674843271], "aligned_model": [[-0.6089952839254673, 0.04690847920223229, 0.699299537315421, 0.21365570209267884, -0.3024176443862182, 0.15259849227477593, -0.49802201763845455, -0.44557072356742555, -0.06957329825657, 0.2200648024387389, 0.518707535025641, 0.6211886166746678, -0.10574626622637032, -0.20000816272952301, 0.06572904985061082], [0.32483324642226236, -0.34092725102491417, 0.03048673515361349, 0.27180999223415336, 0.5483835264051209, 0.6608914292185867, -0.4492682963986756, -0.23046526572763465, -0.653828469691286, -0.23885084846733418, -0.44754961506868407, 0.2734834241765874, 0.5756631697879934, 0.20682832540218804, -0.05768167622122465], [-0.02323282387303431, -0.6512345404112965, -0.2348732870111346, -0.782951788205835, -0.4754333992097494, -0.2862063863646328, -0.24158653326734503, 0.3160512663217551, 0.1665698802521377, 0.6381465054570379, 0.1683369625607641, 0.4840172178776195, 0.17442460518230085, 0.63250953517955, -0.040267177826850895]], "inverted": false, "swapped": false, "error_lsq": 0.040450230132783295, "error_max": 0.2888008103134509, "target": "1071.xyz", "model": "23.xyz", "model_rescale": 4.274766983524099, "target_rescale": 4.159227846161231},
{"mapping": [10, 1, 3, 5, 4, 12, 13, 7, 8, 6, 14], "R": [[-0.08708341498729613, 0.963561165781937, -0.252915714480349], [0.32500265279879875, 0.2674688941452921, 0.9071017949152336], [0.9416951494554353, -0.003204756098292516, -0.33645203971808024]], "T": [-0.0027695594686909103, 0.013489027510894092, 0.01547200795831193], "aligned_model": [[0.4468852637065333, 0.13864463076044903, -0.4061257950168348, -0.5195381517776267, -0.6399733684765396, -0.5805768148750337, -0.17957444585002097, 0.2368407324676275, 0.6142134913048768, 0.2812868780294448, -0.0121877163148011], [-0.16646611848010934, 0.6557774851281961, 0.4970574962972934, -0.1607581561883027, 0.40437399648659533, -0.1535573229141849, -0.680931442852076, -0.15900608753593895, 0.045073135233027556, 0.6074571008707521, 0.026566445198230884], [-0.5868618381831765, -0.3024212349608433, -0.41730436063377674, -0.31328011974047687, 0.07864255267640811, 0.308479183112587, 0.3158896473170224, 0.6367467454410506, 0.19561747025058873, 0.4710265042071693, -0.006968115464975246]], "inverted": true, "swapped": true, "error_lsq": 0.052682026752344346, "error_max": 0.27196866971974293, "target": "1071.xyz", "model": "24.xyz", "model_rescale": 3.7841303162186577, "target_rescale": 4.159227846161231},
{"mapping": [13, 10, 0, 7, 11, 6, 14, 12, 9, 2, 8, 4, 3, 5, 15], "R": [[0.07697173018364817, -0.5135621329736073, -0.8545930542241345], [0.8277779242677641, -0.4448545964491019, 0.3418890113955966], [-0.5557508981976433, -0.733729053257199, 0.3908741684465821]], "T": [0.12134610973783674, -0.0141205743985625, -0.07587993635875627], "aligned_model": [[-0.6256212466997171, -0.04483974794348189, 0.7477779374016255, 0.32485992014220333, -0.2574929520136462, 0.273411409406578, -0.5350096742094774, -0.4613078184500532, -0.09415603307587103, 0.21838727376546274, 0.5763065256710471, 0.4162755554222616, -0.21149045145456377, -0.14280624136658207, 0.12352436154895231], [0.21790024382995032, -0.40787434909281517, -0.10122479664574975, 0.1814979893026149, 0.4642495134105745, 0.6917798234938497, -0.44845630786071905, -0.16933029100645441, -0.5380885617514957, -0.32124443964201677, -0.3397005392524729, 0.38889516131595003, 0.6331599411825543, 0.1671690805729023, 0.05507595834407951], [-0.09023631460342972, -0.7259532636826442, -0.4518134000303361, -0.6616453045826237, -0.5417882895178517, -0.10052187489895398, -0.17511963520633694, 0.3841159878252027, 0.06957480986198529, 0.6060665218102891, 0.11508207572341074, 0.47846587781604494, 0.2694454830876149, 0.7406348166310586, -0.0720374535721428]], "inverted": false, "swapped": false, "error_lsq": 0.039872306209886584, "error_max": 0.22767300597096107, "target": "1071.xyz", "model": "25.xyz", "model_rescale": 4.19342608120988, "target_rescale": 4.159227846161231},
{"mapping": [1, 8, 6, 5, 4, 2, 12, 11, 7, 10, 13, 14], "R": [[0.31999337505008213, 0.6432913104274247, -0.6955433342737347], [-0.22150961274212033, -0.662998121180294, -0.7150992817603973], [-0.9211610778723196, 0.38289656728673727, -0.06965979739519568]], "T": [-0.0001796689057314213, -0.03338844237154736, -0.06891518314878342], "aligned_model": [[-0.2890463342769457, 0.5584623589262855, 0.25010900327273045, -0.5104911007883324, -0.5945121893233738, -0.4720899834026813, -0.22833893155501303, -0.02705652027649682, 0.5763505022421774, 0.08775049907722335, 0.2706910115296381, -0.024019760793431176], [-0.683042950643669, -0.3262669123955798, -0.6758320555600688, 0.3385655906936516, -0.10270891904514523, -0.13728002192914757, 0.3800950118810821, 0.6350103863629638, 0.03759811890273213, -0.08960507635504368, 0.6780092571135667, -0.04176600128436205], [0.09869633017669038, 0.058596835590918606, -0.47590144257276434, 0.013074208036929005, -0.521434572338887, 0.434838546687748, -0.542828356851611, 0.40708882138927577, -0.4373223302370142, 0.6969094393353976, -0.22471281853863992, -0.0577461994686219]], "inverted": true, "swapped": true, "error_lsq": 0.042686408921211, "error_max": 0.2594427046548064, "target": "1071.xyz", "model": "26.xyz", "model_rescale": 3.795458400668931, "target_rescale": 4.159227846161231},
{"mapping": [0, 1, 6, 7, 9, 5, 3, 12, 2, 8, 11, 10, 14], "R": [[0.2745584407827648, 0.872810518739327, 0.4035089354313286], [-0.6025946048932141, 0.48319014113309855, -0.6351433142727454], [-0.7493313050637402, -0.06876834947680038, 0.6586148414374736]], "T": [-0.12404408392153583, -0.09402422027848706, -0.10585734324097126], "aligned_model": [[-0.0030960467877654135, 0.3812762068137597, 0.5428004301263135, 0.0030371280807008766, -0.15642454489382634, -0.6530084573033145, -0.13135449129632676, -0.6170884576218336, -0.1748208597917722, 0.3604935087748414, -0.7289406737088927, 0.0012672527840339592, -0.12446461235466129], [-0.6883735282552981, -0.29792346057520613, -0.4448714041061865, -0.04127826844533278, 0.6855055480524654, -0.21594667309656443, -0.5248212956372074, -0.4829213103008611, 0.009155463936099867, 0.24041160388137744, 0.4429552304920456, 0.5408380697043904, -0.10084847239280816], [-0.47084843051506264, 0.3806249827050492, -0.3764874941701756, -0.7798144533543155, -0.3664386064586722, 0.22704118136102738, 0.5251660634391101, -0.33669323996643125, 0.5826455960072227, -0.36565347325347175, 0.03489903083617138, 0.3167847256917644, -0.07908922022279011]], "inverted": true, "swapped": true, "error_lsq": 0.041436157191610354, "error_max": 0.2452970383049434, "target": "1071.xyz", "model": "27.xyz", "model_rescale": 3.6321398670334006, "target_rescale": 4.159227846161231},
