[{"mapping": [9, 3, 12, 1, 2, 7, 5, 11, 8, 6, 4, 13], "R": [[0.1226662094579728, -0.9885722346957644, -0.08762384290725467], [-0.2593514185464291, 0.05329203883510991, -0.9643115680602157], [0.9579612950193592, 0.1410138127469066, -0.24985047900577]], "T": [-0.2193320513823041, 0.07586682927294128, -0.18779857693840962], "aligned_model": [[-0.2579864381441735, -0.4546567267656849, -0.3936692057854552, -0.6618675138166621, -0.5681361318387979, 0.26778230239787776, 0.0398624605374836, 0.38775613225452304, 0.5228326268693861, 0.04929481886792586, 0.19191791365281324, -0.0977933725887718], [0.8049309571157022, -0.20604231055923913, 0.324618074402903, -0.15698205614699942, 0.31981878166863975, 0.6235968760333083, -0.6203599996333453, 0.027541672775298787, 0.09617936229148888, -0.24030211356034972, 0.42654661353044476, 0.1843388421289335], [-0.24874533764941617, 0.18415550602415026, -0.6805958807201079, -0.47587473782242296, 0.45257740932975954, -0.003120790800847817, -0.33093371638137353, -0.5286364524471288, 0.0558366483075208, 0.45440317356909143, 0.6004281555331592, -0.18637230925972753]], "inverted": true, "swapped": false, "error_lsq": 0.056105830669741404, "error_max": 0.27272406625032364, "target": "1072.xyz", "model": "0.xyz", "model_rescale": 3.8414455957264533, "target_rescale": 4.154459071298312},
{"mapping": [3, 10, 1, 12, 5, 4, 13, 0, 7, 6, 2, 14], "R": [[-0.422453301647303, -0.2310934178941737, 0.8764297120324492], [-0.5282033316342485, -0.7230198485445857, -0.44524548179745166], [0.7365693778441874, -0.6510285176676622, 0.18337780892374494]], "T": [-0.02974860720037631, 0.002840787407548173, -0.05399640553898507], "aligned_model": [[-0.3425764780817216, -0.6860043024783326, -0.36590785858258745, -0.5980626914111917, -0.36479834211447026, 0.20766444266811027, 0.1884885898585681, 0.4122222208603681, 0.6121082348713722, -0.19173146833893795, 0.24975145184895164, -0.09581693345966422], [0.7157075191157207, -0.031672264686959384, 0.5159823647670372, -0.3940177331572357, 0.3763743069753818, 0.491868760635052, -0.5899970831080252, 0.18336006514502545, 0.024306588139028196, -0.10816447292799955, 0.35525548404091717, 0.044881165108842776], [-0.13965052431682837, 0.13710202998772997, -0.6640624433282633, -0.37307627047851105, 0.3732472835609896, -0.07142970704312107, -0.47323713082905716, -0.5995162924501832, -0.03132448855429592, 0.701957666252976, 0.5310577169203506, -0.09794617203912978]], "inverted": false, "swapped": false, "error_lsq": 0.04660870680350837, "error_max": 0.29477598993413723, "target": "1072.xyz", "model": "1.xyz", "model_rescale": 4.316132596720782, "target_rescale": 4.154459071298312},
{"mapping": [0, 5, 2, 4, 5, 1, 6, 8, 10, 7, 9, 11], "R": [[-0.8676940902024072, -0.4948849837118482, 0.04685956385137491], [-0.4677964016789974, 0.7810244175491328, -0.4137238037244418], [0.1681472343037477, -0.38090643482167913, -0.9091956860365313]], "T": [-0.03407936255751072, 0.11583384327180397, -0.03929100197473498], "aligned_model": [[-0.5533122820326142, -0.5270843155270487, -0.15523426746444546, -0.6286959247022956, -0.5270843155270487, 0.20162561265309398, 0.049059712368888134, 0.49508086646831023, 0.5488625366924194, 0.09169910515904865, 0.11722237216281227, -0.08680223461065592], [0.5891921454392822, 0.16717276143310145, 0.4335328529612793, -0.14840701583151578, 0.16717276143310145, 0.5929129383980237, -0.5607208777640724, 0.15418476454502095, -0.12166478171867139, -0.2664987650837661, 0.54873106804044, 0.028276848194561846], [-0.14049945858251178, 0.3731048197142458, -0.804218599858561, -0.4527370607782988, 0.3731048197142458, -0.14623007369000207, -0.49913615706931713, -0.5920610940272336, -0.007527126017802824, 0.7597475912275319, 0.5435119519387182, -0.113937944888358]], "inverted": true, "swapped": false, "error_lsq": 0.057942524514840034, "error_max": 0.36606780722180216, "target": "1072.xyz", "model": "2.xyz", "model_rescale": 3.795458400668931, "target_rescale": 4.154459071298312},
{"mapping": [6, 1, 3, 8, 2, 5, 7, 9, 4, 0, 10, 11], "R": [[-0.41481094051303785, -0.8511988383349498, 0.32154691920141454], [0.520634142859483, -0.5118532689644725, -0.6833347059379866], [0.7462385496070679, -0.11604640738780048, 0.65548551350333]], "T": [-0.0893588527071627, 0.11485136163302359, 0.014782863284150051], "aligned_model": [[-0.5405517636932404, -0.6167014796749607, -0.20883864971899094, -0.5708311833936595, -0.5143839866041786, 0.34379399015018686, 0.09053011402423439, 0.26209563830125987, 0.5180633916915887, 0.02741189858597637, 0.261134928220141, -0.026386032247892988], [0.4337897806744184, -0.1945484016486205, 0.5557636523797881, 0.0119473117201008, 0.5099843448392309, 0.6050993218945433, -0.5626262866738126, 0.08062325171086807, 0.015860282104105755, -0.409313012170188, 0.5347087022524124, 0.002595752963938866], [-0.19015502622432698, 0.16461737941316393, -0.639732954332523, -0.59197745869329, 0.5157308371830022, -0.24184949580807244, -0.28847658390409653, -0.7788561100837412, 0.19420893861011637, 0.5838384361886456, 0.5045630777267719, 0.06121062760700662]], "inverted": true, "swapped": false, "error_lsq": 0.06061216420829821, "error_max": 0.34958299780248586, "target": "1072.xyz", "model": "3.xyz", "model_rescale": 3.7530521520055578, "target_rescale": 4.154459071298312},
{"mapping": [0, 7, 3, 6, 1, 8, 4, 5, 10, 9, 11], "R": [[-0.37125301250019055, -0.9256030205870714, 0.07369022316171439], [0.9224603481050037, -0.3586014440641975, 0.14308008418039314], [-0.10600993766402059, 0.12109522119044223, 0.9869639509735444]], "T": [0.01725542823960318, 0.04722434546330227, -0.010699230894299574], "aligned_model": [[-0.4400697786025411, -0.3937431865211897, 0.366992927463171, 0.5877277381986927, 0.31897000809703147, -0.14754573662962775, -0.2311706186365201, -0.5786127833328439, -0.42831215237405057, 0.258796438341284, 0.025166746441798924], [-0.6650323934488047, 0.1950582711349073, -0.5666577163405793, 0.31409255379328405, -0.44280171756137815, 0.6713555740537639, -0.43946259510905694, -0.05348876358120984, 0.22084602503575523, 0.2073581670525334, 0.025935953285130917], [-0.05018731136068429, -0.7039043038240534, -0.506288550431417, -0.4252973586209067, 0.1515605030063567, -0.07358322614857986, 0.47127787496272494, 0.07473026181787816, 0.6085973970313107, 0.6586582203701725, -0.11273272955748546]], "inverted": false, "swapped": true, "error_lsq": 0.053701976941352855, "error_max": 0.2984871358763226, "target": "1072.xyz", "model": "4.xyz", "model_rescale": 3.7855080009869324, "target_rescale": 4.154459071298312},
{"mapping": [9, 14, 3, 2, 15, 10, 1, 5, 6, 13, 8, 16], "R": [[0.7959158162274638, -0.5955466043532012, -0.10882212790761886], [-0.4806808559569613, -0.7309260312793872, 0.4844512891041242], [-0.36805424626738575, -0.3332737296000639, -0.8680234403303925]], "T": [0.02483263829742452, 0.010806154214755226, -0.0600426296148253], "aligned_model": [[-0.5088165868896073, -0.6277408268602906, -0.26438675788818944, -0.5557503119118765, -0.3390964890089989, 0.11720290554492141, 0.04551408902044523, 0.3467277079810739, 0.5808657223653129, 0.01542483082871561, 0.24404633334996648, -0.028653750891008252], [0.4559776974655691, -0.03799784796056427, 0.31436291001952715, -0.12273535293161619, 0.518999128032194, 0.7327502171414979, -0.6486115473778853, 0.3675630927079203, -0.20381996706841796, -0.20210091095058877, 0.39367433268329355, 0.015822948285855697], [-0.21481607948918768, 0.11160654887605213, -0.613777261252175, -0.49693597057349864, 0.47718506731305, -0.09509655675199662, -0.43131680244622556, -0.7113576805461285, 0.20611504085862886, 0.6323804445506087, 0.48828864596702126, -0.05915372882349264]], "inverted": true, "swapped": false, "error_lsq": 0.04058932624102124, "error_max": 0.23670922619533663, "target": "1072.xyz", "model": "5.xyz", "model_rescale": 4.2253639853439635, "target_rescale": 4.154459071298312},
{"mapping": [3, 7, 4, 0, 6, 2, 9, 1, 8, 11, 5, 13], "R": [[-0.7598088823521485, 0.633398429803241, -0.14661818243849475], [-0.647407944670017, -0.7577948847804747, 0.08130108104257322], [-0.05961053159402985, 0.1566950596647385, 0.9858464600533601]], "T": [-0.009794032327304747, 0.09621055685409183, -0.05782541157780982], "aligned_model": [[-0.5993226371556382, -0.7827567561022584, -0.10769944010070781, -0.5101882395228903, -0.3731721030710964, 0.04123594811262394, 0.09023181371379602, 0.30754977991946053, 0.6465520520285342, 0.0269805045528278, 0.3432303650385454, -0.057304421772732164], [0.48648898415446473, -0.031580452523669894, 0.5609732608167568, -0.24898751845259146, 0.3437405298024465, 0.7570470144954372, -0.4694110896059094, 0.05415361966631924, -0.2324528066702173, -0.15087381067717262, 0.3805114544408542, 0.1342755146000671], [-0.11393464407521686, 0.06703171318297128, -0.5825362579880606, -0.5808039728365503, 0.4116458424067295, 0.046399006797018943, -0.26437664170007846, -0.7183024367810641, 0.02616915149824281, 0.679162198611205, 0.38408865353725796, -0.06142094496979895]], "inverted": false, "swapped": false, "error_lsq": 0.055652714076080155, "error_max": 0.2802694095220582, "target": "1072.xyz", "model": "6.xyz", "model_rescale": 3.89814844738969, "target_rescale": 4.154459071298312},
{"mapping": [5, 10, 1, 2, 9, 6, 4, 0, 7, 11, 8, 12], "R": [[0.007318446864883421, 0.9956921603220543, -0.09243139190062517], [0.9178412015364552, 0.029997569243706057, 0.39581267615070864], [0.3968802956781838, -0.08773407384061306, -0.9136677531738372]], "T": [0.05865772661085579, 0.09107934411269925, -0.06834050143772041], "aligned_model": [[-0.519769269590619, -0.6293355829254654, -0.26471211863551375, -0.40376349604958267, -0.5035242063257479, 0.12546643373701846, -0.008869998961762687, 0.3039523247101169, 0.6438899316154081, 0.047835030888808514, 0.3131473478541922, -0.07897953067638878], [0.5958114547291639, -0.13201527538403235, 0.4742520435174698, -0.18961073824756575, 0.5076619620191313, 0.7640296747738917, -0.5423566284837071, 0.23408336022820803, -0.20669800410123013, -0.2749218042230052, 0.35983712750246855, -0.006188472284007221], [-0.18342442995433042, 0.05734824044871467, -0.7490807144779383, -0.5254264178897365, 0.48695786500369276, -0.061248242072689446, -0.16680198265808346, -0.5883316542340601, -0.05801593548335848, 0.6536473086375356, 0.4979554096031197, -0.07045777924020952]], "inverted": true, "swapped": false, "error_lsq": 0.0427432302692885, "error_max": 0.24260127028855502, "target": "1072.xyz", "model": "7.xyz", "model_rescale": 3.7474275329858107, "target_rescale": 4.154459071298312},
{"mapping": [5, 0, 7, 10, 3, 8, 12, 9, 4, 1, 2, 14], "R": [[0.9499280997669947, -0.038788808514921516, 0.310051662803249], [-0.09715894056158246, -0.9797444459258124, 0.175102715417191], [0.2969793688827858, -0.19645928079761374, -0.9344554593165298]], "T": [-0.06355959322251512, 0.01906004444577558, -0.11301000593257687], "aligned_model": [[-0.25690777931984565, -0.6249745988116368, -0.38403461849145837, -0.6301963082404669, -0.3689795473671269, 0.3074290064552009, 0.032888678806248225, 0.18183395174419026, 0.6678586283817317, -0.1475807400837764, 0.26700337382268724, -0.019003181255283108], [0.682226506706068, -0.07168546929305161, 0.2553119759388882, -0.30312040778482796, 0.5433021480096079, 0.5801295621676344, -0.5757145501516826, 0.42707333410483383, 0.17427245375920755, -0.3327725741338638, 0.20159026592443907, 0.003271454799532402], [-0.3023461786200164, 0.21984383716166217, -0.6656024551830719, -0.500806278584095, 0.26912008375663304, 3.3220529925381825e-05, -0.24561291405849436, -0.7076927815690213, 0.1175595908184392, 0.5457434194348856, 0.6393199342632583, -0.07643781026744839]], "inverted": false, "swapped": false, "error_lsq": 0.05665005434588725, "error_max": 0.27418858486754333, "target": "1072.xyz", "model": "8.xyz", "model_rescale": 4.019505241142653, "target_rescale": 4.154459071298312},
{"mapping": [6, 11, 10, 9, 5, 2, 7, 1, 0, 4, 3, 12], "R": [[-0.5309183323781798, -0.5225081456951662, -0.6671663675778119], [0.17805493481497414, 0.7009319422476807, -0.6906452436127607], [0.8285059834019355, -0.4854684850936189, -0.2791024640666913]], "T": [-0.12271054488330049, 0.14232620855110037, -0.10588478203276872], "aligned_model": [[-0.46315573019337564, -0.7341640948958535, -0.37943532606142905, -0.4363562035965618, -0.3895574288603887, 0.25006197098301963, 0.22582657002395387, 0.21733629473818492, 0.46657230759949975, 0.15081517315338347, 0.26661694003021574, -0.1492236072801841], [0.7829927424707237, 0.045374924569213965, 0.5581987787932349, -0.2874564021349193, 0.3191375885648857, 0.5816610806280375, -0.6898998867141455, 0.15397298410596522, -0.10189783612757247, -0.29844418256705496, 0.3778752400948714, 0.14236966836354514], [-0.14718013384749531, -0.04284091869699655, -0.8800437775027119, -0.5351322278640473, 0.4840772468735811, 0.028270664403422047, -0.03168507874909303, -0.6894409504117612, 0.01959993353695305, 0.5410308346663382, 0.6230881742361689, -0.07662209896170155]], "inverted": false, "swapped": false, "error_lsq": 0.06061096176534253, "error_max": 0.33224574238698973, "target": "1072.xyz", "model": "9.xyz", "model_rescale": 3.877068213659057, "target_rescale": 4.154459071298312},
{"mapping": [11, 8, 10, 9, 0, 12, 2, 6, 3, 1, 5, 15], "R": [[-0.5285386354812454, 0.7497351331623691, -0.3981760174917972], [-0.8458786981993544, -0.4255277222242572, 0.32158262632051615], [0.07166685939950604, 0.5067774538400857, 0.8590928200975557]], "T": [0.011225888154818023, -0.01681380434419502, -0.16327086430204651], "aligned_model": [[-0.506566585376277, -0.7000892161363739, -0.2488382545195263, -0.5178301682568096, -0.3027216344357339, 0.15598600792744594, -0.11995807480336244, 0.3825728226192291, 0.6243230968542909, -0.06152759580644489, 0.34190753808502944, -0.021921070511002436], [0.5089482810653302, -0.15805564198007568, 0.3521705673266866, -0.22610671546345443, 0.4795891719884191, 0.7003806278856581, -0.6395594541700738, 0.33471230526605344, 0.04281797434259409, -0.10756601963734083, 0.25354085090299694, 0.04301275251999147], [-0.17424629887573884, 0.1001764767673749, -0.7104709690330132, -0.49784741821617734, 0.37411826266384873, -0.01203637810447672, -0.35124421729399447, -0.5079960064820385, -0.010571138094728372, 0.6965998098079148, 0.49136907415888686, -0.1047295296152009]], "inverted": true, "swapped": false, "error_lsq": 0.042629404161285134, "error_max": 0.22064540457044882, "target": "1072.xyz", "model": "10.xyz", "model_rescale": 4.260839863003843, "target_rescale": 4.154459071298312},
{"mapping": [5, 10, 4, 9, 6, 3, 8, 2, 1, 7, 0, 11], "R": [[0.09991137003474099, -0.9104858140570873, -0.4012895470088702], [-0.5886530753739161, 0.27106692211723166, -0.7615840600923325], [0.8021878053115816, 0.3123112328026225, -0.5088776069691948]], "T": [-0.08392698318576941, 0.09535861178964587, -0.08118065278730494], "aligned_model": [[-0.3734208925272603, -0.6685717042301068, -0.45685418035403225, -0.4822617329228359, -0.45663922928528455, 0.3315790988010766, 0.026644563498873036, 0.3236041238126704, 0.6283850692041215, -0.02189131079041652, 0.21565896866610595, -0.04089590823244695], [0.7058409352811907, -0.10201926080971553, 0.35520581695785525, -0.29411237955810676, 0.46365164496980316, 0.6625660809054368, -0.5901876626717917, 0.10956196630877789, 0.008370152711140708, -0.22442465518633836, 0.4080265026759238, 0.0814055584626098], [-0.07043302949454003, 0.030918935103729867, -0.6552081731900425, -0.6515971981361565, 0.5735720928905133, -0.17846093971105073, -0.2639746507592087, -0.6326095128322604, 0.009952168679717238, 0.48758631776818384, 0.6820501883851156, -0.038674531021343744]], "inverted": false, "swapped": false, "error_lsq": 0.05013010418961538, "error_max": 0.30174837203766597, "target": "1072.xyz", "model": "11.xyz", "model_rescale": 3.890672605050136, "target_rescale": 4.154459071298312},
{"mapping": [0, 6, 3, 8, 1, 4, 5, 7, 12, 11, 2, 13], "R": [[0.19310437781906936, 0.4545617834984692, 0.86953107146887], [0.9509160138362032, 0.1316981054047704, -0.2800256125118913], [-0.24180453655168666, 0.8809251920654131, -0.40681859850250107]], "T": [-0.1154917105500982, 0.016657836318085484, 0.0647418572133906], "aligned_model": [[-0.4446371763378742, -0.6017740221924035, -0.18144929780476493, -0.5324027049872467, -0.6582527416252862, 0.23506409704238784, 0.11992294074350836, 0.3131013445039585, 0.5826826587967117, -0.0029485848415205934, 0.18632060719194532, 0.009709745151048735], [0.48179351903112616, -0.2424689806003682, 0.5987244719622409, -0.0747257146249395, 0.45727732006378313, 0.6196459520114629, -0.5727936437332463, -0.01420986265047075, -0.160259291282771, -0.03380517578500192, 0.46082899619082296, 0.0638771094641469], [-0.09019877259569872, 0.2333868988810406, -0.6493387995442841, -0.5157969573137728, 0.40615542472369315, -0.0028821172399896428, -0.38481245147095916, -0.6716814915447935, -0.1260067383088812, 0.6009784590604474, 0.5307734433351586, -0.03745523029930434]], "inverted": false, "swapped": false, "error_lsq": 0.0539158290151601, "error_max": 0.26324504231621443, "target": "1072.xyz", "model": "12.xyz", "model_rescale": 4.124412569039231, "target_rescale": 4.154459071298312},
{"mapping": [8, 1, 11, 2, 6, 9, 4, 10, 7, 0, 3, 12], "R": [[-0.0795820655299751, 0.8692569356382625, 0.48791297860454663], [0.42057805673306126, -0.414486501499689, 0.8070409148668923], [0.9037592561299856, 0.26943147536864787, -0.33260470086883775]], "T": [0.052132508038497324, 0.0878094032320493, 0.07320094979718608], "aligned_model": [[-0.45283743989245606, -0.7260691305098557, -0.19942335375932463, -0.4986055474534413, -0.37485298403593026, 0.19305551529759069, -0.0932926413319511, 0.23968408744783648, 0.6391549208139005, 0.07937711577557745, 0.1759216021601191, 0.04322472112839924], [0.4958855019849626, -0.09814530192599366, 0.46452377964508884, -0.13097795372716328, 0.497480741133532, 0.7108334815899517, -0.6352603165737303, 0.018971812713401093, 0.22270235107968014, -0.3295453986317548, 0.31069051404220405, 0.05672548871660683], [-0.23237288778001117, 0.22382417609040064, -0.8130037603772661, -0.5522710322425223, 0.38539575956193506, 0.0482414663944391, -0.1993755752010263, -0.6372182669264047, -0.10082851333008114, 0.4754944920079739, 0.7393493164442166, -0.04411350695899728]], "inverted": true, "swapped": false, "error_lsq": 0.058151406813512586, "error_max": 0.3231323507705834, "target": "1072.xyz", "model": "13.xyz", "model_rescale": 3.9028299243045295, "target_rescale": 4.154459071298312},
{"mapping": [12, 1, 8, 2, 11, 13, 3, 5, 10, 9, 14, 15], "R": [[0.09235085066329371, -0.5071663099074739, 0.8568860218702381], [0.8806169789946916, 0.44325692437766606, 0.16744263285530087], [-0.46474192482283017, 0.7391249103406596, 0.48755441770727803]], "T": [-0.06470195539476, -0.020608519710012957, -0.158239675083906], "aligned_model": [[-0.3300784347552602, -0.649341483958542, -0.2529575793772272, -0.6629764381476524, -0.37961805276938737, 0.279982691140323, -0.027137323602861266, 0.19982878155033662, 0.6317194043422418, 0.023539422144639763, 0.22282535649311241, -0.030449477419258533], [0.6226764962511661, -0.0487762572064694, 0.31841476440064664, -0.18512448630126468, 0.29259366305951395, 0.6935475695192178, -0.6213698899960439, 0.30317044980278185, 0.06788265474855396, -0.23695513534072546, 0.44751504898925665, -0.06969017787984828], [-0.1582022192737048, 0.12389851082479988, -0.8261694561443246, -0.5546635764560226, 0.43217452923426936, -0.09639368527834266, -0.3206099914860753, -0.45369272002957817, 0.09179872955422821, 0.580849668404923, 0.5354742588468945, -0.061342380514410405]], "inverted": false, "swapped": false, "error_lsq": 0.04534049274217111, "error_max": 0.2956703208938516, "target": "1072.xyz", "model": "14.xyz", "model_rescale": 3.942246331269136, "target_rescale": 4.154459071298312},
{"mapping": [10, 5, 4, 3, 9, 6, 1, 13, 8, 2, 7, 14], "R": [[-0.8249577552875123, 0.19998921146072648, 0.5286293761136491], [0.5115599285776758, 0.6618857875344031, 0.5479175519488004], [-0.24031467176307061, 0.722434439627071, -0.6483342802722434]], "T": [-0.043477745388096484, 0.15527467885258717, -0.14667145146692248], "aligned_model": [[-0.4565501134065483, -0.4920138222113897, -0.28906880045336036, -0.4855541663078051, -0.4024990656851284, 0.18903463116053573, -0.18604628773014178, 0.3232660802861478, 0.7043166969887446, -0.12518743230530424, 0.25635422875141145, -0.010715083446697395], [0.7309336606747421, -0.213805459864567, 0.35661539295900846, -0.257144216645909, 0.5339430340771012, 0.5845024851017332, -0.639776708669039, 0.14500974434065556, 0.24065868437524926, -0.2258883465810615, 0.2580327071068693, 0.07080372317200286], [-0.23026852958733618, 0.10901350542653501, -0.6394299394076698, -0.5352934055601873, 0.46641604184549124, 0.12625871255434049, -0.21154777777336495, -0.8721529770446601, 0.03320064152975874, 0.5095954102179001, 0.6473821254672392, -0.11005213998539029]], "inverted": false, "swapped": false, "error_lsq": 0.05391093688499154, "error_max": 0.3257711051239127, "target": "1072.xyz", "model": "15.xyz", "model_rescale": 4.355366556412066, "target_rescale": 4.154459071298312},
{"mapping": [0, 5, 2, 4, 5, 1, 6, 8, 10, 7, 9, 11], "R": [[-0.8676940902024072, -0.4948849837118482, 0.04685956385137491], [-0.4677964016789974, 0.7810244175491328, -0.4137238037244418], [0.1681472343037477, -0.38090643482167913, -0.9091956860365313]], "T": [-0.03407936255751072, 0.11583384327180397, -0.03929100197473498], "aligned_model": [[-0.5533122820326142, -0.5270843155270487, -0.15523426746444546, -0.6286959247022956, -0.5270843155270487, 0.20162561265309398, 0.049059712368888134, 0.49508086646831023, 0.5488625366924194, 0.09169910515904865, 0.11722237216281227, -0.08680223461065592], [0.5891921454392822, 0.16717276143310145, 0.4335328529612793, -0.14840701583151578, 0.16717276143310145, 0.5929129383980237, -0.5607208777640724, 0.15418476454502095, -0.12166478171867139, -0.2664987650837661, 0.54873106804044, 0.028276848194561846], [-0.14049945858251178, 0.3731048197142458, -0.804218599858561, -0.4527370607782988, 0.3731048197142458, -0.14623007369000207, -0.49913615706931713, -0.5920610940272336, -0.007527126017802824, 0.7597475912275319, 0.5435119519387182, -0.113937944888358]], "inverted": true, "swapped": false, "error_lsq": 0.057942524514840034, "error_max": 0.36606780722180216, "target": "1072.xyz", "model": "16.xyz", "model_rescale": 3.795458400668931, "target_rescale": 4.154459071298312},
{"mapping": [5, 10, 1, 2, 9, 6, 4, 0, 7, 11, 8, 12], "R": [[0.007318446864883421, 0.9956921603220543, -0.09243139190062517], [0.9178412015364552, 0.029997569243706057, 0.39581267615070864], [0.3968802956781838, -0.08773407384061306, -0.9136677531738372]], "T": [0.05865772661085579, 0.09107934411269925, -0.06834050143772041], "aligned_model": [[-0.519769269590619, -0.6293355829254654, -0.26471211863551375, -0.40376349604958267, -0.5035242063257479, 0.12546643373701846, -0.008869998961762687, 0.3039523247101169, 0.6438899316154081, 0.047835030888808514, 0.3131473478541922, -0.07897953067638878], [0.5958114547291639, -0.13201527538403235, 0.4742520435174698, -0.18961073824756575, 0.5076619620191313, 0.7640296747738917, -0.5423566284837071, 0.23408336022820803, -0.20669800410123013, -0.2749218042230052, 0.35983712750246855, -0.006188472284007221], [-0.18342442995433042, 0.05734824044871467, -0.7490807144779383, -0.5254264178897365, 0.48695786500369276, -0.061248242072689446, -0.16680198265808346, -0.5883316542340601, -0.05801593548335848, 0.6536473086375356, 0.4979554096031197, -0.07045777924020952]], "inverted": true, "swapped": false, "error_lsq": 0.0427432302692885, "error_max": 0.24260127028855502, "target": "1072.xyz", "model": "17.xyz", "model_rescale": 3.7474275329858107, "target_rescale": 4.154459071298312},
{"mapping": [12, 10, 7, 11, 5, 9, 1, 2, 0, 8, 4, 13], "R": [[0.8932625679268522, -0.37336704841161644, -0.2503578077494754], [0.3001674995530261, 0.08081618111164186, 0.9504568465125676], [-0.33463630549121487, -0.9241568005652114, 0.18426272280703535]], "T": [-0.08891236156041434, 0.08483795359705626, -0.08705629335898268], "aligned_model": [[-0.6038433251008838, -0.6681772592265919, -0.28602668052594654, -0.6333647932779618, -0.39304923040611056, 0.04699487820449698, 0.08931270942838225, 0.49351748383448174, 0.6558969321691719, -0.022843574852574003, 0.33140196135259437, 0.015517764041405355], [0.6173574991954727, -0.04481730188049804, 0.31042452179075913, -0.2271491174425786, 0.4780567340716496, 0.7395542956644724, -0.43506412065316324, 0.15164011223270227, -0.24728248463112457, -0.2325921817948512, 0.39046615560294046, 0.083290587891004], [-0.18955487703914664, 0.2651951275356667, -0.7781973263946717, -0.44478842625594983, 0.43839560012043277, -0.11154913854732379, -0.5071230429012837, -0.4872383401883949, 0.0975988480967182, 0.554603644448209, 0.5603640446853477, -0.10458444587694729]], "inverted": false, "swapped": false, "error_lsq": 0.04992813304043051, "error_max": 0.29819152764428, "target": "1072.xyz", "model": "18.xyz", "model_rescale": 3.922800546911778, "target_rescale": 4.154459071298312},
{"mapping": [6, 2, 4, 10, 1, 8, 7, 13, 12, 0, 5, 14], "R": [[0.5617860363080647, -0.3577662235762362, -0.7459220996037541], [0.6066823494065209, 0.7911620653075013, 0.07745394332733163], [0.5624348640757064, -0.4960503156801413, 0.6615142538039329]], "T": [-0.07040521497824181, 0.10673256045986702, -0.07422080931981229], "aligned_model": [[-0.4868526864781365, -0.6518098076704112, -0.27642342178688306, -0.75790303765032, -0.49410820073691064, 0.181931467629947, 0.26661791162276016, 0.3513658950175556, 0.6810020634092577, -0.0934507907212479, 0.3470352472844266, -0.04206777427957331], [0.6390797953914422, -0.24702835852314875, 0.3944113557555644, 0.004550831649872827, 0.46379757786895887, 0.6631052511297174, -0.567011195925765, 0.15243415351932155, -0.09202698452005971, -0.16486307891286678, 0.31944628273359527, 0.017989069880153183], [-0.21186417768589952, 0.14927611366690602, -0.7056196914004929, -0.4834961266574925, 0.41665939718446326, -0.10837167620052379, -0.3401075933579039, -0.6144376565070566, 0.04617765342858288, 0.7158091558013011, 0.5282989438900723, -0.09920267447929981]], "inverted": true, "swapped": false, "error_lsq": 0.038622239495318234, "error_max": 0.21680988745491284, "target": "1072.xyz", "model": "19.xyz", "model_rescale": 3.9282355846067225, "target_rescale": 4.154459071298312},
{"mapping": [2, 7, 10, 12, 5, 1, 9, 11, 4, 6, 3, 13], "R": [[0.9963416827982235, -0.07757198122018047, -0.035858595181359275], [0.08507531900162604, 0.9400469450510648, 0.3302634269744868], [0.008089574499082288, -0.3321059000224726, 0.9432074161894018]], "T": [-0.03566812755541596, 0.009787203853684104, -0.000448274480008809], "aligned_model": [[-0.58440821759081, -0.6391926438724286, -0.24393293410346184, -0.5601910775703915, -0.2659410877222885, 0.03209288123871237, -0.025560920500404163, 0.43442266815275576, 0.5858754738276137, -0.09282111506499865, 0.3989692557891322, -0.013975416942966393], [0.6180765372531688, -0.12685870709219482, 0.4014209566217764, -0.3277038939462901, 0.4021682612472412, 0.7554796595805546, -0.4926385150734563, -0.0011811518937241833, -0.07835113362882239, -0.16177897729627172, 0.43646043187405575, 0.15879123240074805], [-0.08753794562553677, 0.0715505422165848, -0.7390165672178918, -0.5781763931317855, 0.5293645432804641, 0.028740823927513037, -0.4757282620282728, -0.5410567374997908, 0.07223618042917776, 0.6273595269699367, 0.44158721123537714, -0.05620125487311995]], "inverted": true, "swapped": false, "error_lsq": 0.052269495078452945, "error_max": 0.29700419890673324, "target": "1072.xyz", "model": "20.xyz", "model_rescale": 4.067790424073018, "target_rescale": 4.154459071298312},
{"mapping": [12, 11, 9, 10, 3, 0, 5, 7, 8, 6, 2, 14], "R": [[-0.47006410949135247, 0.3625608474957551, -0.8047293736600284], [0.7290027437315527, -0.3545169422191105, -0.5855533599181888], [-0.4975889192897788, -0.8618975400491473, -0.09766216185021909]], "T": [-0.025809996401318883, 0.010664878998953187, -0.038258509094376836], "aligned_model": [[-0.548634376597986, -0.6527591477244006, -0.2692214076669145, -0.610082909226351, -0.38930442460016246, 0.3315931758210481, 0.23154931112867505, 0.3551407041232014, 0.5054631434268032, -0.13818544803276267, 0.294750832076997, -0.08497258708768315], [0.5428819123209966, -0.005074633418354069, 0.2695980995308816, -0.1676400819381239, 0.5371956039338008, 0.6226545427751848, -0.5152813679597832, 0.32392448147871006, -0.06395108351766385, -0.2741052709397743, 0.30357522131250825, 0.010107276468402732], [-0.2126533593954715, 0.11896516400633933, -0.7294562895013634, -0.5842615546883079, 0.5224394604211184, 0.008535223791586943, -0.1131774852992593, -0.5980878959908562, -0.23151793515153168, 0.6354139797827296, 0.5660313370473433, -0.08910897733967124]], "inverted": false, "swapped": false, "error_lsq": 0.05022289207543109, "error_max": 0.30856499526538433, "target": "1072.xyz", "model": "21.xyz", "model_rescale": 4.186013935880536, "target_rescale": 4.154459071298312},
{"mapping": [10, 11, 9, 8, 4, 7, 2, 1, 0, 3, 6, 12], "R": [[0.22864214450773668, 0.5513497076880497, 0.8023317702716288], [0.9282905622718184, 0.12479080088959271, -0.3502911474907775], [-0.29325654596611295, 0.8248883293183609, -0.4832802938279078]], "T": [-0.08090662422339118, 0.07006254842460008, -0.07448958917889191], "aligned_model": [[-0.4611668864061574, -0.6611328700577728, -0.3727697375073116, -0.5284204895915232, -0.3407467089554411, 0.2029786466755994, 0.11188255278234194, 0.43915986398133927, 0.6239294887762392, -0.11172163333449808, 0.21843274692129683, -0.09508810764364843], [0.8061034748674949, -0.09097879560955455, 0.2655209819447107, -0.3627571183705833, 0.5273576758105079, 0.7466216690447363, -0.5483568222614563, 0.269468181923949, -0.0867628615996664, -0.21910924438095652, 0.20877163987023448, 0.06800591880736909], [-0.17421581563735516, 0.1162174318467435, -0.5864101729693996, -0.5217776474167529, 0.4264898970318842, -0.07368388875809423, -0.4351681414310402, -0.5487168312342892, -0.05448245073621104, 0.801734562620002, 0.373850212590061, -0.03071548822289183]], "inverted": true, "swapped": false, "error_lsq": 0.05022908143660985, "error_max": 0.31805286464762544, "target": "1072.xyz", "model": "22.xyz", "model_rescale": 4.166573947596378, "target_rescale": 4.154459071298312},
{"mapping": [11, 2, 12, 6, 3, 9, 5, 14, 7, 4, 8, 15], "R": [[0.5992009541628492, 0.016034281003552364, -0.8004380790311206], [-0.6681386894477424, 0.5608386326694631, -0.4889281335416287], [0.4410769866966363, 0.8277698532431261, 0.3467681673228803]], "T": [-0.026769438317233434, 0.11740775766623435, -0.06958544136029209], "aligned_model": [[-0.5199768793346995, -0.6506541332845488, -0.3245576461372294, -0.5268032089919276, -0.3430511913281018, 0.15823008831258112, 0.21590022842548218, 0.30765497565693956, 0.5528296500266792, -0.189330534751967, 0.3856867917604514, -0.040591274713195166], [0.7211264979475872, -0.0588132421528029, 0.3237450881591063, -0.3144113952378076, 0.4375269844913496, 0.6848477607618454, -0.6272128743021724, 0.4278790640635923, -0.2933350633115041, -0.053965722590514464, 0.2867059921462595, 0.04979161007184689], [-0.18943297026474243, 0.11075669403077669, -0.6155968373564262, -0.4472176424991078, 0.32905748827138587, -0.004499465023667978, -0.348356904195525, -0.7159178964189832, 0.012541773717115345, 0.6261577106399421, 0.605171630698413, -0.06954191391652402]], "inverted": true, "swapped": false, "error_lsq": 0.04561700151191831, "error_max": 0.24100579794184462, "target": "1072.xyz", "model": "23.xyz", "model_rescale": 4.274766983524099, "target_rescale": 4.154459071298312},
{"mapping": [6, 2, 7, 8, 5, 10, 9, 4, 1, 0, 11], "R": [[0.8689741859703151, 0.4596276908578504, 0.1833746163292752], [0.1972684147568866, -0.6615883133134215, 0.7234542668520293], [0.45383811723623824, -0.5924890627545648, -0.6655731919629007]], "T": [-0.012105757691735268, -0.03804253979791018, -0.0638571778611998], "aligned_model": [[0.2899058817454405, 0.19477528279511366, -0.31182729956484934, -0.5378730408045878, -0.39536121898566184, -0.544003330469397, -0.03759441930044179, 0.05843881184188313, 0.5109535019579785, 0.1299146346591714, 0.022565900083425273], [-0.2613682994850059, 0.7879692165723485, 0.5531051619221764, -0.22811216183635052, 0.3152534277700543, -0.24445262246276261, -0.6751619544341945, 0.06809209554993932, -0.0601041210361458, 0.6294211438656253, 0.030944644817799183], [-0.7176640906927888, -0.1627559707776792, -0.5455410951125194, -0.39263660861916083, 0.2536289868918704, 0.4715708002264387, 0.2903369462627009, 0.6535273162208717, 0.22494681954099385, 0.4384751370306823, -0.1343218069498323]], "inverted": true, "swapped": true, "error_lsq": 0.05181354324336898, "error_max": 0.2561371091825577, "target": "1072.xyz", "model": "24.xyz", "model_rescale": 3.7841303162186577, "target_rescale": 4.154459071298312},
{"mapping": [13, 9, 11, 10, 12, 3, 0, 6, 4, 2, 5, 15], "R": [[0.3679258514215794, -0.9234876798769196, -0.10863274355023039], [0.2997736758951961, 0.0072125329641422875, 0.9539830829781643], [-0.8802081066974945, -0.38356027490315714, 0.27949097377236864]], "T": [-0.12970842271887031, -0.052673820824053114, -0.13283387958051554], "aligned_model": [[-0.42328865752601097, -0.5507584302746097, -0.23147452718423778, -0.7756744767957924, -0.3838057279510869, 0.2598381962768873, 0.022310485758725268, 0.42899161599229574, 0.5579712665942804, 0.013451353458760557, 0.18760068975252228, -0.07982492246126976], [0.6714555699690422, -0.15115534009546097, 0.4283917480139663, -0.27593931342283695, 0.4148768093451557, 0.6512967749967458, -0.6765549575811172, 0.22448025704609834, 0.05417361728441225, -0.1682367872336762, 0.4252137710361775, -0.014117449311721805], [-0.17087686042120667, 0.2610683799019997, -0.7224499814834254, -0.5044997000054131, 0.4075390232655073, -0.09183730067648341, -0.491989177488798, -0.4976164670310633, 0.13621000668003755, 0.5985644436378255, 0.5306999342770226, -0.16169063297334596]], "inverted": false, "swapped": false, "error_lsq": 0.04188576031050722, "error_max": 0.20756305663967048, "target": "1072.xyz", "model": "25.xyz", "model_rescale": 4.19342608120988, "target_rescale": 4.154459071298312},
{"mapping": [0, 5, 2, 4, 5, 1, 6, 8, 10, 7, 9, 11], "R": [[-0.8676940902024072, -0.4948849837118482, 0.04685956385137491], [-0.4677964016789974, 0.7810244175491328, -0.4137238037244418], [0.1681472343037477, -0.38090643482167913, -0.9091956860365313]], "T": [-0.03407936255751072, 0.11583384327180397, -0.03929100197473498], "aligned_model": [[-0.5533122820326142, -0.5270843155270487, -0.15523426746444546, -0.6286959247022956, -0.5270843155270487, 0.20162561265309398, 0.049059712368888134, 0.49508086646831023, 0.5488625366924194, 0.09169910515904865, 0.11722237216281227, -0.08680223461065592], [0.5891921454392822, 0.16717276143310145, 0.4335328529612793, -0.14840701583151578, 0.16717276143310145, 0.5929129383980237, -0.5607208777640724, 0.15418476454502095, -0.12166478171867139, -0.2664987650837661, 0.54873106804044, 0.028276848194561846], [-0.14049945858251178, 0.3731048197142458, -0.804218599858561, -0.4527370607782988, 0.3731048197142458, -0.14623007369000207, -0.49913615706931713, -0.5920610940272336, -0.007527126017802824, 0.7597475912275319, 0.5435119519387182, -0.113937944888358]], "inverted": true, "swapped": false, "error_lsq": 0.057942524514840034, "error_max": 0.36606780722180216, "target": "1072.xyz", "model": "26.xyz", "model_rescale": 3.795458400668931, "target_rescale": 4.154459071298312},
{"mapping": [4, 7, 11, 5, 3, 9, 6, 8, 1, 0, 2, 12], "R": [[-0.8511136179235267, 0.243340137384565, -0.4651786612934715], [-0.43423923588152663, -0.8242806071473509, 0.3633149690032367], [-0.295028634891858, 0.5112211441425872, 0.8072242850505621]], "T": [-0.03551451388641727, 0.221549576436261, -0.13092015461045362], "aligned_model": [[-0.567024764138998, -0.693826849229126, -0.13206992351268293, -0.3830699011556331, -0.4430219624251769, 0.13439891837871268, 0.15307649598165776, 0.23382050857341966, 0.5001413538122409, -0.0376076727237889, 0.4091386762301844, -0.1486180141503453], [0.8636132970517496, -0.1930573991020959, 0.6511737729935321, -0.3429420967903169, 0.3611468561526785, 0.5681904154281976, -0.5692320372251514, -0.07233733684759891, -0.022751528972320023, -0.15952149421259315, 0.39284078277312534, 0.10676146879757817], [-0.19506230286275086, 0.10345992901437479, -0.6945465329301325, -0.48787235241604, 0.46868541385023343, 0.0570794315440315, -0.27334497747451303, -0.7407076897267567, -0.06974064948518977, 0.6080342755769104, 0.6091999552703641, -0.09206283267787473]], "inverted": true, "swapped": false, "error_lsq": 0.060266194627566376, "error_max": 0.34426932873365806, "target": "1072.xyz", "model": "27.xyz", "model_rescale": 3.6321398670334006, "target_rescale": 4.154459071298312},
{"mapping": [10, 11, 0, 2, 9, 8, 1, 3, 7, 6, 12, 14], "R": [[-0.43884063200305096, -0.012392908832683399, -0.8984794463502368], [0.12434537127673367, -0.9911222559326862, -0.04706274999354348], [-0.8899197314057119, -0.13237480729190249, 0.4364857180357882]], "T": [-0.07102557222061677, 0.10352687776581285, -0.06214927613066661], "aligned_model": [[-0.47421303162029294, -0.7096323480152112, -0.2745426592879713, -0.5650201787881892, -0.4556424827713836, 0.2004871569847414, -0.015180062338161049, 0.35838518153352555, 0.7002040481478033, -0.013751192419325667, 0.37226768851115855, -0.0980252542962298], [0.7655579111802531, 0.10470293995118377, 0.3439235128146091, -0.36957508399614114, 0.3016549079783911, 0.5429149463540927, -0.511669793815801, 0.07745887583380937, 0.15314384059707453, -0.2624875855731277, 0.3928082852398388, 0.04545194348260291], [-0.12400731017354108, -0.13074839569995822, -0.6008532276185699, -0.46907374847357647, 0.44715149648085845, -0.04638289238923143, -0.31843335766359654, -0.5973940274340543, -0.0018963619302683685, 0.6209762578569391, 0.5729232261394179, -0.059139991411762745]], "inverted": true, "swapped": false, "error_lsq": 0.052975061648008505, "error_max": 0.33332932747522803, "target": "1072.xyz", "model": "28.xyz", "model_rescale": 4.156811204709835, "target_rescale": 4.154459071298312},
{"mapping": [0, 1, 4, 9, 6, 2, 5, 7, 8, 11], "R": [[-0.15246616714823455, 0.6009961945617917, -0.78457481606114], [-0.8040927057032448, -0.5369962249876824, -0.2550881709993883], [-0.5746207344935975, 0.5919785709560975, 0.5651304123994878]], "T": [0.012317465982014247, -0.01225508735516723, 0.04522899484225719], "aligned_model": [[-0.6033395065685182, 0.06219836924419379, -0.023802323594215163, 0.6807671818293731, 0.1711913963961366, -0.819416733663016, -0.3084986252203381, -0.6226914914903332, 0.16969541347882106, -0.06317830630151572], [-0.0833124444651623, -0.49604234148184956, 0.007275983158352758, 0.04889824759201464, -0.3950825388274997, -0.21971788357038236, 0.4113932947768384, 0.23306793720772473, 0.4667342172430614, -0.054494141006894176], [-0.5326400730167986, -0.3025457017960091, -0.6822292565688178, -0.24018219090456094, 0.6751108259786136, 0.03791003709252856, -0.25493652293684455, 0.5011766251678357, 0.45321801310798476, 0.10390497085116812]], "inverted": true, "swapped": true, "error_lsq": 0.05305973687393396, "error_max": 0.255569686381371, "target": "1072.xyz", "model": "29.xyz", "model_rescale": 4.117894457231895, "target_rescale": 4.154459071298312},
