[{"mapping": [9, 12, 8, 1, 10, 7, 2, 6, 3, 11, 13, 4, 5, 14], "R": [[-0.5097353793267743, 0.4090527905127258, 0.7568656800492026], [-0.6408253727665393, -0.7675032197384002, -0.016782410727162522], [0.5740319544077803, -0.49357332004975835, 0.6533549518093845]], "T": [0.0031264010544733226, 0.0673526875752901, 0.0769073430192187], "aligned_model": [[0.11902970637426216, 0.2779204036533022, -0.3964975306972063, -0.6382754053359456, -0.4626812076789207, 0.24065079491727637, -0.8634022893150802, 0.020951813181220226, -0.3543595497485102, 0.21989508827590973, 0.6063566322522554, 0.06765888953048238, 0.5589014847277531, -0.02465672900849488], [-0.6397380188466095, -0.37790104820214526, -0.472792059307682, -0.21017174657401066, 0.15119519179104451, 0.24079757091399984, 0.2723017628752003, 0.5011570080000536, 0.6507499752444801, -0.07122939818953937, 0.5263794722506809, 0.6784829047421271, -0.13932263253211707, 0.12536434964455223], [0.3119910279870332, -0.3408983761464826, 0.27755993167457593, -0.28978791888545624, 0.59289369094691, -0.6770566836924994, -0.00014399825132183075, 0.5964035034502382, 0.2113691549113969, 0.7524483295419737, 0.4924838479951426, -0.31152838190188475, 0.19362400298774052, 0.08822995656246706]], "inverted": false, "swapped": true, "error_lsq": 0.04878613699397947, "error_max": 0.32424121157091224, "target": "1073.xyz", "model": "0.xyz", "model_rescale": 3.8414455957264533, "target_rescale": 4.296692928258542},
{"mapping": [6, 9, 2, 5, 10, 11, 3, 8, 7, 0, 4, 1, 13, 1, 14], "R": [[-0.6997203733016064, -0.43712629841665906, 0.5650769845067223], [-0.08045142515147322, 0.8341441149495474, 0.5456474719873017], [-0.7098725007899358, 0.33633940406616986, -0.6188350651786438]], "T": [0.01780282313552088, -0.029835306381389093, -0.12635692351222017], "aligned_model": [[-0.2709943680158428, 0.17876094543505738, 0.34563225964886574, -0.17322586247519267, -0.6067754156834667, -0.2278963030790877, 0.05911447326438872, -0.5606528816629136, 0.5966869839433456, 0.5597195109403665, 0.44402231165648076, 0.018314842843656184, 0.00844390374802527, 0.018314842843656184, -0.017283875853076294], [-0.37205877129214626, 0.35416847485539305, -0.5175789325518263, -0.6516026598532556, -0.30771791963971473, 0.40165580421841957, -0.6595740323799959, 0.4119990833281645, 0.14656570871916966, 0.2402795514264141, -0.33820032347059037, -0.24315101990034643, 0.7268206949937015, -0.24315101990034643, -0.06264838707868498], [-0.766283838269836, -0.666859706904778, -0.572718596714441, -0.23235779338095114, -0.09372906344010612, 0.5662560730310842, 0.33743113862536606, -0.4337227758066867, -0.34253003093410683, 0.27224267078920716, 0.011719861968535972, 0.7120904721963349, -0.07912232972454145, 0.7120904721963349, -0.0504871379805292]], "inverted": false, "swapped": false, "error_lsq": 0.05422992344934463, "error_max": 0.387423209427728, "target": "1073.xyz", "model": "1.xyz", "model_rescale": 4.316132596720782, "target_rescale": 4.296692928258542},
{"mapping": [2, 6, 10, 12, 8, 0, 9, 7, 11, 4, 5, 14], "R": [[-0.2561315847269007, -0.5133019672392556, 0.8190956609173295], [-0.4053632109911385, 0.8262913606322032, 0.3910540301793814], [-0.8775404711352296, -0.23186995875467126, -0.41971304929304587]], "T": [-0.003827209318711406, 0.052874536504367776, -0.025748788544016618], "aligned_model": [[-0.4100813310250777, 0.575198337962354, 0.12102348501232253, -0.3656807338955096, -0.3851510881227568, -0.3623020850886169, -0.17527951389183746, -0.264678060209116, 0.47125630864255963, 0.1145482558158092, 0.25895806332707183, 0.01999691610457818], [-0.7239434381226998, -0.2974323831450938, -0.5692955516786236, 0.6143654973799341, -0.15452383544376003, -0.27087999621728065, 0.32917401635021426, 0.47675760595452277, 0.027783565128723688, 0.02385324838235247, 0.5538583216686656, 0.0030593774840257937], [0.14839031328076224, -0.04561514404318244, -0.321662442521449, -0.07172899800415491, -0.5764711419264998, 0.5183120763115269, -0.7061441786840431, 0.612406910196413, -0.570005508156868, 0.6909602953165129, -0.23831068016780238, 0.009126959608205663]], "inverted": false, "swapped": true, "error_lsq": 0.05563342506390983, "error_max": 0.25989082231217153, "target": "1073.xyz", "model": "2.xyz", "model_rescale": 3.795458400668931, "target_rescale": 4.296692928258542},
{"mapping": [7, 4, 0, 10, 12, 8, 3, 5, 6, 11, 1, 14], "R": [[-0.20832287452191162, -0.24325185453747977, -0.9473278815779702], [-0.7501417655812381, -0.5817834816139271, 0.3143490290295812], [-0.6276056974578792, 0.7761163030018468, -0.06127456840447654]], "T": [0.13702983927649812, 0.02655012634304935, 0.01308025686189649], "aligned_model": [[-0.21884579411723434, -0.2627618555560155, -0.5813819709538024, 0.09709990489290195, 0.2234693390550468, 0.1588070017388042, -0.22981365861144112, 0.6734514153673449, 0.32518161598410233, 0.7553769868640616, -0.452079537615955, 0.10480037869575175], [-0.17747486670328413, -0.5375006872163985, -0.08236812824157444, 0.09538121056197384, 0.35787082943868004, 0.6648947683588136, -0.38297126898290007, -0.0026130530781302806, -0.4123847047683124, 0.029607406499344766, 0.5503408854050446, -0.017013345983547538], [-0.6845507735407599, -0.2117311691469833, -0.023590486562334763, 0.7087210314720519, -0.5623144395282141, 0.30249167500722984, 0.4419702823535572, -0.2637316141949782, 0.49299203771152617, 0.3874954553182926, 0.051484510177964043, 0.04953492157174906]], "inverted": true, "swapped": true, "error_lsq": 0.04995099939571026, "error_max": 0.23445000761053686, "target": "1073.xyz", "model": "3.xyz", "model_rescale": 3.7530521520055578, "target_rescale": 4.296692928258542},
{"mapping": [4, 12, 5, 9, 6, 1, 3, 0, 2, 10, 14], "R": [[-0.6183540421923053, 0.011638534179749194, -0.7858134785218331], [-0.7171211893759648, -0.4174225254952306, 0.558117940006577], [-0.32152057205167806, 0.9086379805683507, 0.26646114541567106]], "T": [0.023310468275087017, -0.10362962578280366, -0.13337946540021], "aligned_model": [[-0.5432585942232608, -0.08805733402472085, 0.3608358164613863, 0.5438489364368939, 0.30856409501585197, -0.3623269281832741, -0.1910484901414596, -0.6412096454802505, -0.3642457929861484, 0.3127589236216944, 0.002338615948492835], [-0.5525982120201993, 0.13629897680801656, -0.30596828865424297, 0.33230145907072295, -0.5315163127974125, 0.5644155417244897, -0.35390749780393055, -0.011584310053574798, 0.28553297242436787, 0.0372123442420631, -0.13298331462595364], [-0.056219872412610616, -0.7484857410350334, -0.5920286942525688, -0.4615242118955741, 0.30698804696435267, 0.033596450578979004, 0.48114458039601254, 0.14815940749361234, 0.5717202583306304, 0.48841739555345004, -0.07893684247593417]], "inverted": true, "swapped": true, "error_lsq": 0.0515069950238465, "error_max": 0.24860761632168235, "target": "1073.xyz", "model": "4.xyz", "model_rescale": 3.7855080009869324, "target_rescale": 4.296692928258542},
{"mapping": [0, 1, 2, 3, 5, 8, 9, 4, 12, 13, 14, 15, 6, 10, 16], "R": [[-0.5404137986418663, 0.5776963940960631, -0.6117350754091793], [0.5950314805556234, -0.251637195282607, -0.7632930361912689], [-0.5948869332782918, -0.7764957167935371, -0.20775932810836656]], "T": [0.02479162261513452, 0.01024622653667523, -0.02278055392642777], "aligned_model": [[-0.3423463713945482, 0.11321444141207657, 0.2621121109073906, -0.207402785234494, -0.716673981581599, -0.011342642004530855, 0.11496669360595632, -0.4504619756967668, 0.6268891672883238, 0.5012274512487448, 0.6011843973505465, 0.337817365775429, -0.12715165728137293, -0.39066511963522094, 0.06081427279432774], [-0.19130037634854063, 0.14020164322820383, -0.5673575888460616, -0.629381197876353, -0.27418582559923665, 0.27365983594969207, -0.6584808460161069, 0.3728674420052153, 0.15944890970267014, 0.4692592778726011, -0.33725009548963997, -0.2033353900530333, 0.6447462579253227, -0.2836443721372866, -0.02944142284309069], [-0.6808554307759306, -0.7633188269264827, -0.41754441482395444, -0.16198946276977796, -0.1790828575890097, 0.6288462251887514, 0.2043462350171675, -0.4582580565015393, -0.3025704197985451, 0.27248806745567267, 0.04588584210441913, 0.7091455925253354, -0.0027801057049648484, 0.49874440751268345, -0.01903737926293781]], "inverted": true, "swapped": false, "error_lsq": 0.04381964421218978, "error_max": 0.30675021513592565, "target": "1073.xyz", "model": "5.xyz", "model_rescale": 4.2253639853439635, "target_rescale": 4.296692928258542},
{"mapping": [5, 7, 3, 6, 4, 2, 10, 11, 1, 12, 0, 8, 9, 14], "R": [[-0.2500999611460885, -0.48884099757693456, -0.8357538444558379], [-0.28696884785945154, -0.78697533733766, 0.5461855900520404], [-0.9247155723750651, 0.37643631268816774, 0.05654036342996083]], "T": [0.1220137494156539, -0.06206493700999046, -0.04192556442327784], "aligned_model": [[0.6797443527910266, -0.14385442234755252, -0.39030851432904856, 0.12911885711596177, -0.3424423453966753, -0.6360758751885737, -0.021132459516151614, 0.6538563812868343, -0.34209957370057614, 0.37309639889167334, -0.586151115164004, 0.2270259694811885, 0.6976588737281457, 0.0756256251055345], [-0.10101668533269872, 0.18411174603447436, -0.509446837593367, -0.7057178008480297, -0.3278094197410433, 0.02908580398219899, -0.3161669248057783, -0.3978712387433266, 0.5194349610201853, 0.4618961363895518, 0.05418282288671942, 0.3370877113814675, 0.3245374881896033, -0.10720861618496659], [-0.2713656342648273, -0.765578709776861, 0.1117100832647435, 0.1679332041733867, -0.5340508560797428, 0.42262224514582075, 0.5946194440258726, 0.3143423479225976, 0.22139590411095583, -0.37471160492034894, -0.16156018139217976, 0.5249665705257174, 0.2544634332054606, -0.033228037009146755]], "inverted": true, "swapped": true, "error_lsq": 0.04827793804922542, "error_max": 0.3100814081384366, "target": "1073.xyz", "model": "6.xyz", "model_rescale": 3.89814844738969, "target_rescale": 4.296692928258542},
{"mapping": [5, 13, 4, 9, 7, 6, 11, 12, 8, 10, 3, 1, 14], "R": [[0.8601204647525843, -0.3150978960820021, 0.401131028466379], [0.24027469635024712, 0.9439588383801855, 0.22629578373829234], [-0.44995650501753576, -0.09825999861910877, 0.8876283660765792]], "T": [-0.00860700239487329, 0.06226290310323172, 0.010182661134183518], "aligned_model": [[-0.033730955583419445, -0.08316397893386425, 0.5555755345526883, -0.41577958000246656, 0.7959749024784644, -0.3402274270396826, -0.6108916695554346, 0.30389029658598415, -0.4675892529765103, -0.5751900759546367, -0.04102457049711099, 0.06870505926239541, -0.007916481432184076], [-0.3407764213031805, 0.279744020142467, 0.5034024287813331, -0.5696398585826234, -0.023835159464692432, 0.5308197874625581, -0.03259246321556998, -0.5253456396611914, -0.2043346101766052, 0.43177459677220525, 0.7566750243102488, 0.030321821280535052, 0.12756773912500108], [-0.43942995017242853, -0.82314761753634, -0.11480086052442544, 0.07005397353417979, 0.0242468278020093, -0.34879162000184466, -0.378153432875362, 0.08357128869701728, 0.46841639550132896, 0.1909945360547942, 0.06467565460780664, 0.7949655077283346, 0.009674328021225215]], "inverted": true, "swapped": true, "error_lsq": 0.04608295451935567, "error_max": 0.2708343276323436, "target": "1073.xyz", "model": "7.xyz", "model_rescale": 3.7474275329858107, "target_rescale": 4.296692928258542},
{"mapping": [7, 10, 6, 5, 9, 13, 8, 11, 0, 1, 3, 2, 12, 4, 14], "R": [[-0.31506875564094877, -0.049963323979635176, -0.947752787110526], [0.13846411905665423, 0.9855083685021224, -0.09798440358623145], [0.938913929469964, -0.16210157886088222, -0.3035847676977229]], "T": [0.029723456246474534, -0.004752241531712831, -0.03628944486204611], "aligned_model": [[-0.24433214107403306, 0.0815906200598106, 0.3860969196589582, -0.06508421056579437, -0.6274676047348285, -0.4093785858779654, -0.14743191873250705, -0.4900632384952518, 0.6363842312669775, 0.6380334700907455, 0.4714223620998983, 0.4218013819834533, -0.08224580006577283, -0.23121600345668863, 0.03407188539726108], [-0.2265927449691565, 0.30416303379698584, -0.38750315614259623, -0.66600010765816, -0.3595227105965749, 0.5259027048618029, -0.547208943690163, 0.20728389820877377, 0.03003748946903885, 0.30030390274600255, -0.5694806753576134, -0.2116194660155143, 0.6018847693147725, -0.1273927644677952, 0.011551021974552655], [-0.6190054584878417, -0.7270459212521101, -0.6635356408151722, -0.2947158945120801, -0.18655009750992102, 0.5413839517582326, 0.33729724555392576, -0.30338946920366083, -0.2911729796291616, 0.28261727495591116, -0.04717106151794186, 0.6793014630133982, -0.04614040986446563, 0.6911002349859092, 0.021046178175865106]], "inverted": false, "swapped": false, "error_lsq": 0.0473666642409015, "error_max": 0.38297636744151264, "target": "1073.xyz", "model": "8.xyz", "model_rescale": 4.019505241142653, "target_rescale": 4.296692928258542},
{"mapping": [5, 7, 12, 9, 11, 8, 1, 13, 6, 3, 0, 10, 14], "R": [[-0.9964256238495739, 0.07598515419816441, -0.03690843369026423], [-0.0337823891602278, 0.04202277480396088, 0.9985453603018756], [0.07742561797373256, 0.996223038651113, -0.03930560955040452]], "T": [-0.03629073578209587, -0.05231044899259401, -0.012674724411363927], "aligned_model": [[-0.12632962378399998, -0.7361336497692228, -0.1828291616818896, 0.46412767006722877, 0.361442598106399, 0.6088097138379406, 0.22036282965987472, -0.34788820819597827, 0.031782591771391415, -0.10725670730606324, -0.29776894536264603, 0.47999476966677235, -0.04861310526863073], [-0.5685869348192987, 0.22638002957871067, -0.02581829549547309, -0.3071766198701848, -0.6410015822604048, 0.1258289064608628, 0.6714320651240449, -0.7708530676216911, -0.37259834476042847, 0.1638016116345216, 0.5955432343011757, 0.0021293522574016566, -0.0357021264151776], [-0.31363153047754483, -0.3085027685642514, -0.6654755421142158, -0.5159637430276409, 0.12074276864174414, -0.22202819509358251, -0.1949032197137477, 0.3532482903981458, 0.5799144084114201, 0.6464823033716748, 0.19039720777196312, 0.4571484231858095, 0.04927509125410534]], "inverted": true, "swapped": true, "error_lsq": 0.05121233193323017, "error_max": 0.2722072814219637, "target": "1073.xyz", "model": "9.xyz", "model_rescale": 3.877068213659057, "target_rescale": 4.296692928258542},
{"mapping": [10, 9, 11, 12, 6, 4, 5, 13, 8, 7, 0, 1, 2, 3, 15], "R": [[0.5242252419055135, -0.25729239218633904, 0.8117810792770037], [0.851349934961914, 0.1804843660478653, -0.4925735293868776], [-0.01977837175934416, 0.9493292466448779, 0.3136603218056405]], "T": [-0.06468952850091833, -0.028952102425795642, -0.08908609515736854], "aligned_model": [[-0.21612420600114057, 0.1679400481508435, 0.30106775410173625, -0.1403587627200796, -0.5932795529819723, -0.11169132312623545, 0.0490841234146229, -0.7091950670246718, 0.6690989586261538, 0.46238549200533163, 0.47304414174081877, 0.5194902444842571, -0.028884870095849807, -0.463030247324564, -0.00736536569498774], [-0.2025144775273085, 0.3242663792866469, -0.46689300088831315, -0.7722137057782678, -0.3154812031903293, 0.3054180228234518, -0.5036303108810087, 0.39562529894310905, 0.118978967137944, 0.4456095768173078, -0.6114410610858287, -0.16638566898213736, 0.6324141568032403, -0.19992207758127922, -0.09802464442287152], [-0.7600215763024663, -0.5958064205275199, -0.5571508940267867, -0.09470496409410122, -0.22619275276025233, 0.49749563860850077, 0.5214313876308644, -0.13364097168851538, -0.2761523685087899, 0.3149803656743989, -0.01618102975522312, 0.5376136876908683, -0.1299279308089782, 0.37443874997028986, -0.08216150545140208]], "inverted": true, "swapped": false, "error_lsq": 0.04404672812239666, "error_max": 0.37673348559284936, "target": "1073.xyz", "model": "10.xyz", "model_rescale": 4.260839863003843, "target_rescale": 4.296692928258542},
{"mapping": [11, 6, 3, 10, 1, 8, 9, 5, 4, 0, 12, 14], "R": [[-0.49368873956819564, 0.35211102876287204, 0.7951661787620989], [0.36370100602389777, 0.9141569207938824, -0.1789935819571537], [-0.7899322797814832, 0.20083562330473015, -0.5793721133874408]], "T": [0.08404655001261364, 0.025994685809034593, 0.029988846910381985], "aligned_model": [[0.3378478454123309, 0.14843196037138157, -0.24504718682701343, -0.34568955056855344, -0.58771865096938, -0.31978065557051505, 0.19114075314540835, 0.6389433254300784, 0.1442347672877679, -0.3799216546600306, 0.3175179724511271, 0.05893972359152876], [-0.07615786209105915, -0.5639208067910658, -0.5848417368659533, -0.26227379232445874, 0.38229906833712357, 0.4359199550896567, 0.6064476912965661, 0.2061024027871482, -0.4003665489286709, -0.14209520552607324, 0.6055627364760191, -0.03359739592629833], [-0.639114315642088, -0.29594738145732274, 0.0993051959570683, -0.4416851649736105, 0.2413184606303218, -0.3707628934279077, -0.43935145852498486, -0.12772668562836112, 0.6157536229190226, 0.5645940771197572, 0.2706467402075379, 0.039147880216072066]], "inverted": false, "swapped": true, "error_lsq": 0.047542823315776896, "error_max": 0.3074738696532244, "target": "1073.xyz", "model": "11.xyz", "model_rescale": 3.890672605050136, "target_rescale": 4.296692928258542},
{"mapping": [12, 7, 1, 9, 8, 6, 4, 11, 5, 3, 2, 0, 10, 14], "R": [[-0.6606947299832466, -0.7391462305789195, 0.1309401527161941], [-0.11330797076861049, 0.2706358919778671, 0.95599033349383], [-0.7420537564979137, 0.6167812122578957, -0.2625588670622568]], "T": [0.08155113212676543, -0.1182663963588513, 0.04764854972829592], "aligned_model": [[0.5146971010018424, -0.067997928411314, 0.46760686918065253, 0.7483083215537502, 0.6545727830357252, -0.38658332921163086, -0.5035390042900993, 0.141552145089332, 0.20333267919229508, -0.4569565900651016, 0.00015132261008374281, -0.15656174536289827, 0.024181204486341652, 0.027112005984715394], [-0.25270946938525374, 0.01724690010786098, 0.5681331989241916, -0.4286698616871506, 0.07108992799364375, -0.289893664031507, 0.08200588863165212, -0.6203411167788934, -0.6949849585095349, 0.23151818789097575, 0.7184923421287643, 0.5296884561169726, 0.09011495138166245, -0.08953826295561837], [-0.4449302579950009, -0.736082235544633, -0.004294374497966755, 0.21426103812556951, 0.40473042516489666, 0.5056599049782274, -0.3345653183228935, 0.5642433002681897, -0.08572448035246029, 0.3194734141162156, 0.35099964741332723, -0.1820909231753608, 0.7136321159153509, 0.06947817926339897]], "inverted": true, "swapped": true, "error_lsq": 0.05363587534781682, "error_max": 0.31427716554437407, "target": "1073.xyz", "model": "12.xyz", "model_rescale": 4.124412569039231, "target_rescale": 4.296692928258542},
{"mapping": [5, 4, 3, 12, 6, 11, 7, 8, 0, 1, 10, 2, 14], "R": [[-0.431617388573521, 0.8957639346612907, -0.10636448298702716], [0.5952394764368989, 0.37142189247581453, 0.7125557827151578], [0.6777878691538386, 0.24423912698379818, -0.6935062027682892]], "T": [0.023382339580705666, -0.01107832945652154, 0.06836679230248711], "aligned_model": [[-0.2537200413927549, -0.05420798454911034, 0.5450326000717811, -0.615080257563695, 0.586339961683159, 0.3700099756157086, -0.5983717771371327, 0.15694570070858171, 0.03240823021332212, -0.04412224496438541, 0.6851769220187174, 0.48711657682901727, 0.06977064597654889], [-0.4396664154004539, 0.620878762000612, 0.43948902635521764, -0.15906697311018808, -0.0477891936948758, -0.6106503624888071, 0.4848898775986811, -0.34775624867150173, 0.6803612646291326, 0.2781680048408734, -0.09547287978689825, 0.5121089781757369, 0.03199153606094857], [0.39201773596479683, 0.4192754313479588, 0.173716888387015, -0.06870663857597055, 0.442681128927302, 0.27551877001230796, 0.2180333374837236, -0.5320713002810303, -0.15780411588947757, -0.6628385092750073, -0.14412719736564267, -0.4884443087252194, 0.08444685895708268]], "inverted": true, "swapped": true, "error_lsq": 0.0457014988505554, "error_max": 0.26229640373805496, "target": "1073.xyz", "model": "13.xyz", "model_rescale": 3.9028299243045295, "target_rescale": 4.296692928258542},
{"mapping": [10, 9, 7, 4, 5, 12, 0, 13, 6, 1, 3, 2, 11, 8, 15], "R": [[-0.8979849783194965, 0.12132592961973163, -0.4229692630847326], [0.14287568893863298, 0.9895487881499138, -0.019486748865539055], [0.4161844737887812, -0.0779308326206356, -0.9059344728534234]], "T": [0.02051479837367249, -0.0629196069952167, -0.008681918952564163], "aligned_model": [[-0.3287776033153561, 0.3728631955013965, 0.30249740843250955, -0.16555857517323896, -0.46400037322746085, -0.3646169243957958, 0.046038586928718296, -0.7125163474895878, 0.6685470478078852, 0.424485486166008, 0.4379449260336075, 0.3374407729369924, 0.10472082942260108, -0.3588340621473562, 0.07194700007333987], [-0.20130998458403793, 0.25554881172430227, -0.33085485515531593, -0.6792148993202313, -0.2085760766133309, 0.43221681374074916, -0.7754359552134679, 0.20419768327619758, 0.02638732732988222, 0.4016732278434961, -0.5254725709906597, -0.1127487748247418, 0.6590080134726952, -0.2153551840794741, -0.04425732513170774], [-0.6522621575880495, -0.6212779765496362, -0.826804444161938, -0.22062551097083016, 0.06961926240419714, 0.29257174482313875, 0.4142665400637256, -0.16348839242084867, -0.1370826098538363, 0.19906777891465816, -0.030733886188889684, 0.6540584149915013, -0.14129618469517435, 0.6465775688978677, -0.10857073201499899]], "inverted": false, "swapped": false, "error_lsq": 0.04859605252967096, "error_max": 0.36441008484919696, "target": "1073.xyz", "model": "14.xyz", "model_rescale": 3.942246331269136, "target_rescale": 4.296692928258542},
{"mapping": [1, 12, 3, 5, 2, 6, 10, 0, 13, 11, 4, 10, 8, 9, 14], "R": [[-0.40885851964488407, 0.44572617918284213, -0.7963434460739028], [0.7676693616062744, -0.3038742728740627, -0.5642199726492098], [-0.49347589826131244, -0.8420146076383265, -0.2179287460590416]], "T": [0.02093633482041403, -0.060853263909823686, -0.019693186142651423], "aligned_model": [[-0.19616334880415237, 0.2738670603212127, 0.24277906057307796, -0.3454285803735765, -0.7268351737610449, -0.08551879263497435, 0.3032348186389211, -0.54180350631975, 0.6947926123020792, 0.47909653317300327, 0.5543382226005189, 0.3032348186389211, -0.12168396912435218, -0.4185854200655946, -0.043142967610026825], [-0.29827903508738923, 0.10517329812253251, -0.5628743127169791, -0.539571331849913, -0.16167363642205115, 0.23076696596002153, -0.4062726955023277, 0.28622745672792427, 0.27415126185981736, 0.35208213990551157, -0.2997169422439564, -0.4062726955023277, 0.6981162781051606, -0.34917674342527805, -0.03687375645639], [-0.7634257767499679, -0.7789938426418437, -0.4837067657778156, -0.21815053302535692, -0.13510957180686742, 0.44551035716665816, 0.5370774114603878, -0.34152594927186125, -0.3272960657093536, 0.34593587394137987, 0.026029305127105395, 0.5370774114603878, 0.02996171778494391, 0.5901039147641881, -0.08946807107109778]], "inverted": true, "swapped": false, "error_lsq": 0.05167982147065446, "error_max": 0.39100160450422833, "target": "1073.xyz", "model": "15.xyz", "model_rescale": 4.355366556412066, "target_rescale": 4.296692928258542},
{"mapping": [2, 6, 10, 12, 8, 0, 9, 7, 11, 4, 5, 14], "R": [[-0.2561315847269007, -0.5133019672392556, 0.8190956609173295], [-0.4053632109911385, 0.8262913606322032, 0.3910540301793814], [-0.8775404711352296, -0.23186995875467126, -0.41971304929304587]], "T": [-0.003827209318711406, 0.052874536504367776, -0.025748788544016618], "aligned_model": [[-0.4100813310250777, 0.575198337962354, 0.12102348501232253, -0.3656807338955096, -0.3851510881227568, -0.3623020850886169, -0.17527951389183746, -0.264678060209116, 0.47125630864255963, 0.1145482558158092, 0.25895806332707183, 0.01999691610457818], [-0.7239434381226998, -0.2974323831450938, -0.5692955516786236, 0.6143654973799341, -0.15452383544376003, -0.27087999621728065, 0.32917401635021426, 0.47675760595452277, 0.027783565128723688, 0.02385324838235247, 0.5538583216686656, 0.0030593774840257937], [0.14839031328076224, -0.04561514404318244, -0.321662442521449, -0.07172899800415491, -0.5764711419264998, 0.5183120763115269, -0.7061441786840431, 0.612406910196413, -0.570005508156868, 0.6909602953165129, -0.23831068016780238, 0.009126959608205663]], "inverted": false, "swapped": true, "error_lsq": 0.05563342506390983, "error_max": 0.25989082231217153, "target": "1073.xyz", "model": "16.xyz", "model_rescale": 3.795458400668931, "target_rescale": 4.296692928258542},
{"mapping": [5, 13, 4, 9, 7, 6, 11, 12, 8, 10, 3, 1, 14], "R": [[0.8601204647525843, -0.3150978960820021, 0.401131028466379], [0.24027469635024712, 0.9439588383801855, 0.22629578373829234], [-0.44995650501753576, -0.09825999861910877, 0.8876283660765792]], "T": [-0.00860700239487329, 0.06226290310323172, 0.010182661134183518], "aligned_model": [[-0.033730955583419445, -0.08316397893386425, 0.5555755345526883, -0.41577958000246656, 0.7959749024784644, -0.3402274270396826, -0.6108916695554346, 0.30389029658598415, -0.4675892529765103, -0.5751900759546367, -0.04102457049711099, 0.06870505926239541, -0.007916481432184076], [-0.3407764213031805, 0.279744020142467, 0.5034024287813331, -0.5696398585826234, -0.023835159464692432, 0.5308197874625581, -0.03259246321556998, -0.5253456396611914, -0.2043346101766052, 0.43177459677220525, 0.7566750243102488, 0.030321821280535052, 0.12756773912500108], [-0.43942995017242853, -0.82314761753634, -0.11480086052442544, 0.07005397353417979, 0.0242468278020093, -0.34879162000184466, -0.378153432875362, 0.08357128869701728, 0.46841639550132896, 0.1909945360547942, 0.06467565460780664, 0.7949655077283346, 0.009674328021225215]], "inverted": true, "swapped": true, "error_lsq": 0.04608295451935567, "error_max": 0.2708343276323436, "target": "1073.xyz", "model": "17.xyz", "model_rescale": 3.7474275329858107, "target_rescale": 4.296692928258542},
{"mapping": [11, 8, 10, 12, 13, 4, 6, 2, 5, 3, 7, 1, 0, 14], "R": [[-0.5527660628053037, 0.7125811302374047, -0.4320622786593459], [-0.4588129315831738, 0.17257628970849231, 0.8716123668480759], [0.6956582304715279, 0.6800334970132235, 0.23154712115936424]], "T": [-0.017885111571145338, -0.11485960146787502, -0.07628082643010428], "aligned_model": [[0.5456880516080019, 0.17123878797803546, 0.6032209598908812, -0.5655739120904621, 0.3140370167228669, -0.28997432026543335, 0.5523663607516003, 0.16018866335842588, -0.08202681939961914, 0.3062344847474534, -0.7614606626696475, -0.26025091891674923, -0.28932452149129884, 0.010484477658821097], [-0.4527366240814419, 0.3054814278958682, 0.20794187980237058, -0.22207838838112626, -0.8557275175066618, -0.18106449069079175, -0.31055568417839163, 0.7075195494971158, -0.6461319230014119, 0.11438513877083822, -0.2027910315240928, 0.6253433040036046, 0.3699203630109066, -0.0990977621055522], [-0.37756755043369195, -0.6047339136580787, -0.05970805365090051, -0.4462340147853059, 0.2207689406148808, 0.5946224989107174, 0.23177192224250573, 0.22504170281702088, -0.3570992232223388, 0.49697471475005905, 0.2308448518002353, -0.20371699890642164, 0.3934345038131978, -0.019604661630224514]], "inverted": true, "swapped": true, "error_lsq": 0.044981395190251836, "error_max": 0.23782350163537927, "target": "1073.xyz", "model": "18.xyz", "model_rescale": 3.922800546911778, "target_rescale": 4.296692928258542},
{"mapping": [10, 6, 4, 11, 9, 0, 7, 2, 8, 5, 13, 12, 1, 3, 14], "R": [[0.717535745183102, 0.4395637590093664, -0.5403019120363047], [0.5757515327024505, 0.062243404834718935, 0.8152520660172294], [0.39198549332253385, -0.896052152678703, -0.2084176400992797]], "T": [0.10033695958931721, -0.032348096552208, -0.055160736610482416], "aligned_model": [[-0.3511431338893371, 0.24837352285336087, 0.288431487750953, -0.06524010804629177, -0.6619443867370122, -0.2517354005125789, -0.1346778373142412, -0.5775531682055809, 0.682341770586379, 0.42529876403426625, 0.5007456014596454, 0.41987447863226823, 0.005699844180856617, -0.2135287589604391, 0.05723869172201443], [-0.2091261479895317, 0.22669839984678825, -0.36177672998507454, -0.6835928228069046, -0.31728898104817876, 0.5068337385389268, -0.668134613508345, 0.168782560348202, 0.11864948856411456, 0.4391782001276171, -0.5902983676191256, -0.25454392954064536, 0.6710870946606642, -0.05785296676041128, -0.10280867135374058], [-0.6997659591970163, -0.6770512901273271, -0.6715732308400939, -0.29118648513687395, -0.033274044293997065, 0.47754052829970667, 0.3676330300794, -0.16979230416851915, -0.16856613016357758, 0.4494148250024515, -0.06850844623041767, 0.6283148154709098, -0.26541242408604465, 0.5016040754062374, -0.005357544363950861]], "inverted": true, "swapped": false, "error_lsq": 0.047595806625320695, "error_max": 0.36626103665069837, "target": "1073.xyz", "model": "19.xyz", "model_rescale": 3.9282355846067225, "target_rescale": 4.296692928258542},
{"mapping": [10, 2, 1, 3, 6, 0, 4, 7, 13, 5, 9, 11, 12, 14], "R": [[-0.3403212241322514, 0.8015830154406237, -0.49157515576180505], [-0.8245371250552277, -0.003087065007148476, 0.5657994339298174], [0.45201769192232505, 0.5978755216487448, 0.6619855487867207]], "T": [0.01570966514281307, -0.10429530252040206, 0.11489742408237212], "aligned_model": [[-0.5477937729582193, -0.105755771760501, 0.37518365797554243, -0.38003990490493267, -0.6245516838503234, 0.2530458885156668, 0.1407158524194932, 0.666715901273063, -0.46387096867505756, 0.06148228919081749, 0.09123522673948048, -0.5185756933629453, 0.6055024684822969, -0.02077066999970524], [-0.5079472582267233, -0.7237767994570696, -0.7549492658612871, -0.11681192372254476, 0.08388114559092119, -0.2608681842094459, 0.30860427757131814, 0.2643550038131083, 0.603635012676206, 0.24694446732864297, -0.3986775785339549, -0.061856998704290095, -0.060897572380778114, -0.0987522384592675], [0.016017805264205015, -0.5177966777412848, -0.15026172126210469, -0.45908357833784286, 0.0007255194781905921, -0.5547890014020659, -0.4702643370580013, -0.1937294557763869, 0.24191402481173357, 0.6045492404293534, 0.8050496879668779, 0.5999617793821173, 0.42888044624009575, 0.06100942524879574]], "inverted": false, "swapped": true, "error_lsq": 0.04878238066865541, "error_max": 0.3483825017571079, "target": "1073.xyz", "model": "20.xyz", "model_rescale": 4.067790424073018, "target_rescale": 4.296692928258542},
{"mapping": [11, 13, 10, 9, 12, 2, 7, 3, 5, 4, 1, 8, 6, 0, 14], "R": [[0.6559471887867107, -0.73660756490842, -0.16475005566766696], [0.7392678487215727, 0.6710140590345915, -0.056773060728657974], [0.15236906959547067, -0.08455428964641507, 0.984700075521984]], "T": [0.03527939657831479, -0.017195968977496354, -0.0275328536041375], "aligned_model": [[-0.2802244737621095, 0.39219535136537137, 0.10279723340947454, -0.06457681084397836, -0.5844600279933723, -0.2637217012155534, 0.12386001669409685, -0.7477474351292991, 0.6131454472211864, 0.41985723939159836, 0.567647640863001, 0.39563097934919994, 0.00486772349966183, -0.33314163894661525, 0.026051823651600303], [0.0992611805788776, -0.03565057216617991, -0.5053893003819554, -0.7681780874399374, -0.38975606635661064, 0.4720781537382417, -0.6262209332932517, 0.31293756748274953, 0.10321183062716525, 0.5235449526897861, -0.6370549943422935, -0.14294584792884651, 0.705112630799184, -0.1568391251457858, -0.06830513738678776], [-0.5797350757081101, -0.6295244930118538, -0.6820520927679115, -0.20103932339068586, -0.2807834930309836, 0.4467361712095632, 0.39425622139530186, -0.06785462912317476, -0.033770655032505884, 0.4221021463544711, -0.10279202201479339, 0.3961434396473167, -0.1853375415084591, 0.5634187172026892, -0.08574795456997714]], "inverted": true, "swapped": false, "error_lsq": 0.05096509399356563, "error_max": 0.31755397016548004, "target": "1073.xyz", "model": "21.xyz", "model_rescale": 4.186013935880536, "target_rescale": 4.296692928258542},
{"mapping": [4, 13, 7, 2, 10, 0, 3, 6, 12, 5, 11, 8, 14], "R": [[-0.02504158989858387, 0.4185799049620764, -0.9078346666311494], [0.027964539528634175, 0.9080573751529584, 0.4179112201882966], [0.9992952032829452, -0.014922017030499057, -0.03444459469116887]], "T": [0.047926197573106004, 0.08920692581095768, 0.04019454145946377], "aligned_model": [[0.15447430550544222, -0.7270068821895326, 0.4919386988727384, 0.4871944089549265, -0.16209888598014333, 0.5553399398120155, -0.050854130417219263, -0.5097645819989777, 0.3789259997931218, -0.2667861852203547, -0.5709158783713126, 0.24226271493090012, 0.035864511731620675], [-0.24668954472615118, 0.09800275319640989, 0.24392543542667475, -0.6300810379948457, -0.3671253842582034, -0.37933993453897663, -0.5940867025806922, -0.2945882818928273, 0.6621652945742351, 0.5941404947996946, 0.2277613185649217, 0.17805533974101942, 0.026816909234833652], [-0.5956890631216161, -0.3428165389005679, -0.6184994696591694, 0.33765255107589476, 0.5279429316979569, -0.1885380371705788, -0.05768724101360881, 0.048095640316004315, -0.06218754022503219, -0.06573759395046055, 0.3871620442837991, 0.7080690604459221, 0.025112817556802426]], "inverted": false, "swapped": true, "error_lsq": 0.048157097853640335, "error_max": 0.3682475142349062, "target": "1073.xyz", "model": "22.xyz", "model_rescale": 4.166573947596378, "target_rescale": 4.296692928258542},
{"mapping": [4, 3, 2, 1, 0, 10, 5, 8, 12, 14, 6, 13, 9, 7, 15], "R": [[-0.8400439630555578, -0.5414853206802389, 0.03346322790364761], [-0.3743339027509923, 0.533874971108348, -0.7581897153584128], [0.39268342132705725, -0.6494391139374648, -0.6511747598786346]], "T": [0.09533172420431306, 0.02387703990207804, -0.13082548797446023], "aligned_model": [[-0.4199809988996535, 0.021207547664375895, 0.24342483049796748, -0.023540929430534374, -0.5596946260873458, -0.09063915319456305, 0.009968323387421194, -0.6306981326529286, 0.7462697658275583, 0.5117119969657172, 0.5654024055942136, 0.21466028875907192, 0.07999317471828435, -0.38233694536455237, 0.0864338197692298], [-0.18773927926774372, 0.20028827945953828, -0.37980738430061944, -0.6735436375299326, -0.46099495665172574, 0.2911644364319287, -0.5702976864113125, 0.35037763409252887, 0.08968675708719853, 0.4314045644197817, -0.5743273146940147, -0.07971873658229642, 0.6193154198081422, -0.12625110856022226, -0.043750735826895704], [-0.6099130000563184, -0.7007477046199784, -0.6484320535370742, -0.21784704722977496, -0.07988051550875358, 0.5436472790961348, 0.4442670833675174, -0.2735039697659404, -0.09435492010219497, 0.40445625880554803, -0.1479350352148304, 0.7009447613562335, -0.20610517259521408, 0.37974657236747345, -0.12032312071194094]], "inverted": true, "swapped": false, "error_lsq": 0.04936570655647585, "error_max": 0.3878289739207553, "target": "1073.xyz", "model": "23.xyz", "model_rescale": 4.274766983524099, "target_rescale": 4.296692928258542},
{"mapping": [4, 6, 13, 5, 11, 9, 12, 8, 1, 10, 14], "R": [[0.1388358494507929, 0.39649862419711684, 0.9074764172787468], [-0.28987772668258355, 0.8924860624685838, -0.3456002486582737], [-0.9469400775553931, -0.215075496765942, 0.23884518042085148]], "T": [0.05650726120010564, 0.005571072751839989, -0.034602951363768876], "aligned_model": [[0.4411838423109129, -0.027898069790879124, -0.4236305974913342, -0.5161203094941698, -0.4909721202068744, -0.43466239759621156, -0.13999387424093807, 0.05117010911636265, 0.6171870853042404, 0.20720257677567044, 0.09642845927129559], [-0.032549370577786646, 0.6477296683728255, 0.4265506225266483, -0.13886210727220663, 0.4452525571588747, -0.17669158429766252, -0.6310828113122062, 0.006545073878513635, -0.2755559272717981, 0.593645687670043, 0.05060472236823843], [-0.6503120194661705, -0.23180404824113557, -0.6173035500342694, -0.16289999761449836, 0.13714046752216516, 0.5078063704159038, 0.03160420634716841, 0.6666014852148062, 0.4444453223982664, 0.3142628885621774, -0.05997469108283626]], "inverted": true, "swapped": true, "error_lsq": 0.04992778060375546, "error_max": 0.22556583329592247, "target": "1073.xyz", "model": "24.xyz", "model_rescale": 3.7841303162186577, "target_rescale": 4.296692928258542},
{"mapping": [6, 4, 3, 11, 7, 9, 13, 0, 5, 2, 3, 12, 8, 14, 15], "R": [[0.3709264626764141, 0.6191466156351668, -0.6921495702764556], [0.6399568601556425, 0.36967712552649784, 0.6736423680278711], [0.6729552558871167, -0.692817646433739, -0.25910409561394526]], "T": [-0.15535824196707249, 0.026514984365583097, -0.018379200814684957], "aligned_model": [[-0.07950972613218682, 0.35425569589273975, 0.3993834959196789, -0.3765863127898031, -0.7220617505134448, -0.06226951103662623, 0.10449515131331422, -0.7124369889085227, 0.7217597376128526, 0.38723222903621657, 0.3993834959196789, 0.417075445161489, -0.1817671494258149, -0.1385203621054054, -0.13825208238990344], [-0.2939573287983423, 0.1992863719136882, -0.47185413461186637, -0.6991583621149213, -0.15720037068705234, 0.23711581916984276, -0.6519370941770904, 0.3904115301674952, 0.0262073926727784, 0.5268960631970749, -0.47185413461186637, -0.13113758573439183, 0.6157431850887684, -0.2210139284622113, -0.011741171537550478], [-0.6614740238260641, -0.5352428432215321, -0.32316061942346264, -0.13620918023641265, -0.278958098309043, 0.519321910472647, 0.27175695410716433, -0.33234181484886266, -0.020022590197632487, 0.13656396505939639, -0.32316061942346264, 0.4534653153232147, -0.05800849197938303, 0.7351092764871355, -0.0736197243328156]], "inverted": true, "swapped": false, "error_lsq": 0.05440291189854174, "error_max": 0.4087975313427041, "target": "1073.xyz", "model": "25.xyz", "model_rescale": 4.19342608120988, "target_rescale": 4.296692928258542},
{"mapping": [2, 6, 10, 12, 8, 0, 9, 7, 11, 4, 5, 14], "R": [[-0.2561315847269007, -0.5133019672392556, 0.8190956609173295], [-0.4053632109911385, 0.8262913606322032, 0.3910540301793814], [-0.8775404711352296, -0.23186995875467126, -0.41971304929304587]], "T": [-0.003827209318711406, 0.052874536504367776, -0.025748788544016618], "aligned_model": [[-0.4100813310250777, 0.575198337962354, 0.12102348501232253, -0.3656807338955096, -0.3851510881227568, -0.3623020850886169, -0.17527951389183746, -0.264678060209116, 0.47125630864255963, 0.1145482558158092, 0.25895806332707183, 0.01999691610457818], [-0.7239434381226998, -0.2974323831450938, -0.5692955516786236, 0.6143654973799341, -0.15452383544376003, -0.27087999621728065, 0.32917401635021426, 0.47675760595452277, 0.027783565128723688, 0.02385324838235247, 0.5538583216686656, 0.0030593774840257937], [0.14839031328076224, -0.04561514404318244, -0.321662442521449, -0.07172899800415491, -0.5764711419264998, 0.5183120763115269, -0.7061441786840431, 0.612406910196413, -0.570005508156868, 0.6909602953165129, -0.23831068016780238, 0.009126959608205663]], "inverted": false, "swapped": true, "error_lsq": 0.05563342506390983, "error_max": 0.25989082231217153, "target": "1073.xyz", "model": "26.xyz", "model_rescale": 3.795458400668931, "target_rescale": 4.296692928258542},
