[{"mapping": [9, 10, 7, 6, 2, 11, 5, 12, 0, 3, 13], "R": [[-0.975110019146981, -0.15015901846886465, 0.16313405448171167], [-0.20346538920465657, 0.3136461156913013, -0.9274847435443653], [0.08810383621030651, -0.9375917999237336, -0.3363916330124777]], "T": [-0.031004994974769648, 0.05266174191403025, 0.09023156085070719], "aligned_model": [[-0.15500200163977404, -0.7560868142046476, 0.0978918721344554, 0.6324468912972003, 0.5905466239715906, -0.3750889524398233, -0.11636564859133168, -0.5411083795921111, -0.026507159925940195, 0.3675910362756371, -0.04085116869701702], [-0.6549288404320371, -0.31798798937600414, -0.36664028948926075, 0.3735212950195447, -0.3228867631305027, 0.2809142457451469, 0.8011042697401503, -0.19139906472313048, -0.4673928275812148, 0.2345247562094596, -0.021166086113350135], [-0.05358596894833631, -0.5033205065861283, -0.5253704912787263, -0.11330474050791559, 0.3430064622030349, -0.4724129677402089, 0.019885261751190153, 0.2141213006968981, 0.660262655447849, 0.37527077517136465, -0.054655867614256975]], "inverted": false, "swapped": false, "error_lsq": 0.044345254700024386, "error_max": 0.2412245910961982, "target": "1074.xyz", "model": "0.xyz", "model_rescale": 3.8414455957264533, "target_rescale": 3.8224230354956736},
{"mapping": [6, 8, 12, 1, 5, 13, 0, 9, 2, 4, 14], "R": [[0.3014647784748129, 0.3163467260114771, 0.8994685854886493], [0.9367271809276925, -0.2743105859360241, -0.21747618479891886], [0.1779358756698332, 0.9081180822917552, -0.37902555687493555]], "T": [-0.008847082429236538, -0.033773209036922255, 0.006640737992571633], "aligned_model": [[-0.13800428393648503, -0.4437306944864226, 0.07010835473653398, 0.7037983814815584, 0.4052768330724506, -0.5286595801363448, -0.02757318758612567, -0.6739450821528453, -0.0012140070138339197, 0.24031446664459638, 0.0710950979651563], [-0.7670737029561644, -0.41919702994452346, -0.1457739613512499, 0.398413204221986, -0.48846082125215523, 0.3094197072731959, 0.685438977440219, -0.10195784342804477, -0.30207964345610633, 0.20244456691825963, -0.023510747596615325], [0.2424711361609468, -0.5287349429471322, -0.744033235374069, -0.22541364815539566, 0.24345995784192212, -0.4256330063655418, 0.0955256822496841, 0.14267450729286285, 0.6940693677625263, 0.4284664361596064, -0.0329563420306451]], "inverted": true, "swapped": false, "error_lsq": 0.04172366579708758, "error_max": 0.21839633203940412, "target": "1074.xyz", "model": "1.xyz", "model_rescale": 4.316132596720782, "target_rescale": 3.8224230354956736},
{"mapping": [2, 8, 6, 3, 4, 10, 7, 1, 0, 5, 11], "R": [[0.9667845950599671, -0.12840225728003749, 0.22099865854825199], [0.07555313813413778, -0.6824441985981887, -0.7270224474648359], [0.24417057577197895, 0.7195712446485527, -0.6500753447117599]], "T": [-0.11119037199055297, 0.015754098376461384, 0.05338983394090169], "aligned_model": [[-0.231163317033517, -0.5465071548078282, 0.2560485803146969, 0.4439977821347762, 0.5094821716767225, -0.403846971296656, 0.04722770500232977, -0.5998530142639478, -0.01988938118015031, 0.23723089302422384, -0.0152609949824115], [-0.812278118848513, -0.3846084523289013, -0.21276692873060568, 0.31471505836773417, -0.4411438100566133, 0.24775861966374416, 0.8940287211117893, -0.15561597045349349, -0.32902555527429567, 0.26966637220336165, -0.043067229785406114], [0.07974398807668764, -0.43368843739051866, -0.6459024190400561, -0.12938179065963046, 0.07181877704187756, -0.45431265332318016, -0.00984401554456904, 0.21598868067853388, 0.667152962592296, 0.532859396272604, -0.004538576109279796]], "inverted": true, "swapped": false, "error_lsq": 0.03813744441681919, "error_max": 0.22488297740420382, "target": "1074.xyz", "model": "2.xyz", "model_rescale": 3.795458400668931, "target_rescale": 3.8224230354956736},
{"mapping": [9, 5, 4, 0, 7, 10, 2, 3, 8, 1, 11], "R": [[-0.2646796221029823, 0.42121191278762843, 0.8674821163397032], [0.9615905057195968, 0.18311687260499798, 0.20447960846327862], [-0.07272136517800856, 0.8882841524496272, -0.45350068087434503]], "T": [-0.02067074659992279, 0.019127044167347784, 0.0035298823639901486], "aligned_model": [[-0.23340572438647028, -0.5541496658211512, 0.1491487100128484, 0.662174541985252, 0.5280582630675968, -0.2495283607176677, -0.2459514235918187, -0.652363983094366, -0.1333570613578814, 0.304436015237974, 0.10240498725392236], [-0.820883808770054, -0.2747962193829534, -0.15536113789032735, 0.29450086025024297, -0.501660863027562, 0.3666074858563598, 0.7485015768782282, -0.3481280425675415, -0.27675721374149387, 0.31874727994509533, -0.0031072116811934544], [0.06419485562541657, -0.3469468978079842, -0.589487790055262, -0.26123325224639016, 0.10830929964057956, -0.6013604138915422, 0.07414658734118834, 0.3247111112216145, 0.7178948013090205, 0.45163941102792676, -0.051971799569802815]], "inverted": true, "swapped": false, "error_lsq": 0.047055586480001986, "error_max": 0.29820277860814104, "target": "1074.xyz", "model": "3.xyz", "model_rescale": 3.7530521520055578, "target_rescale": 3.8224230354956736},
{"mapping": [6, 8, 7, 1, 0, 5, 3, 9, 4, 2, 10], "R": [[-0.40940256667890884, -0.4998896501640259, -0.7632167949250132], [0.48413636207892513, 0.5900102315952898, -0.6461423291550064], [0.7733055808085866, -0.6340333305684809, 0.00046305348938902036]], "T": [-0.0717241819400962, 0.0038547006676426937, 0.005801458049658752], "aligned_model": [[-0.18708523266490804, -0.569238132748952, 0.05057005266958363, 0.5614044085583282, 0.5294453771267438, -0.25456458887736755, -0.21259094861758568, -0.6076797987436158, 0.03209788354955287, 0.3286868238113084, 0.006420454525150249], [-0.7108059356201344, -0.5820780398388462, -0.2692635386177838, 0.4290929850403238, -0.5553255847009773, 0.35802975494458456, 0.7142856156085295, 0.0665295430416326, -0.3485380542347318, 0.2965235491947414, -0.05078758894853726], [0.1550915968945797, -0.49484031448557336, -0.5134301743691184, -0.20215637471220002, 0.08411464644330202, -0.5931051778369786, 0.24141608882751367, 0.0844602769662956, 0.6420020784685235, 0.4698832984635891, 0.01645996793483167]], "inverted": false, "swapped": false, "error_lsq": 0.04502989268009341, "error_max": 0.20427045008020422, "target": "1074.xyz", "model": "4.xyz", "model_rescale": 3.7855080009869324, "target_rescale": 3.8224230354956736},
{"mapping": [9, 10, 8, 11, 14, 7, 4, 5, 2, 1, 16], "R": [[0.1928826065667985, -0.4971306957459406, 0.8459653488359644], [-0.9770968499742922, -0.01834043102059507, 0.2120032413910096], [-0.0898779497669675, -0.867481815335132, -0.4892823869796977]], "T": [0.06540236302200297, -0.07552953761195902, -0.050962124646983416], "aligned_model": [[-0.14573346623604813, -0.48131197300282025, 0.07722261563497995, 0.6872045885378036, 0.44171425793236363, -0.4501049207927379, -0.1778047141067528, -0.709048049964469, 0.08439706179631268, 0.26925117872817783, 0.08167972006142843], [-0.7296736298376355, -0.4191047064525552, -0.22630344235382352, 0.41778254539801957, -0.5935572340533518, 0.29650833955609757, 0.6167334939455402, 0.08808502556203268, -0.3764786298190813, 0.3945461735367008, -0.12087522961314229], [0.13459430196983674, -0.38863624597607954, -0.738302931845768, -0.10037274496583115, 0.16751913771083843, -0.4474586948240064, 0.04189796709676021, 0.11803514504034138, 0.6234669175041341, 0.5063335106424396, -0.027180449757900262]], "inverted": false, "swapped": false, "error_lsq": 0.043755571929411596, "error_max": 0.21952264964472687, "target": "1074.xyz", "model": "5.xyz", "model_rescale": 4.2253639853439635, "target_rescale": 3.8224230354956736},
{"mapping": [10, 2, 4, 0, 1, 6, 12, 5, 8, 9, 13], "R": [[-0.4544899914743763, -0.06668794152864876, 0.8882519721927407], [-0.8881562847695138, -0.04214310463369164, -0.4576050399156989], [0.06795043395031475, -0.9968834822518153, -0.04007569512134096]], "T": [-0.048447301817111516, 0.008054785978263299, -0.02710081161500974], "aligned_model": [[-0.23566209392209958, -0.4258332930926765, 0.24288489069201555, 0.6486571803663209, 0.5035954157934323, -0.5077747469062616, -0.1277873978201262, -0.6223493396720304, -0.09979802600219403, 0.3544331725882327, -0.0528994634363754], [-0.7385957357422095, -0.36275382091313146, -0.39910727588159906, 0.35092569832421133, -0.462310987165793, 0.3169642021018732, 0.9161558643483311, -0.22753191590420901, -0.240132992929031, 0.17515631627131878, 0.018893353359039824], [0.09929576437014587, -0.43971734385948347, -0.5273566673492295, -0.2259664137522956, 0.08564074836189578, -0.3546847534393206, 0.1739000468368487, 0.09890166174482332, 0.6668954456698711, 0.39993645772108344, -0.08694903370957402]], "inverted": true, "swapped": false, "error_lsq": 0.043156702614339404, "error_max": 0.18093172660041743, "target": "1074.xyz", "model": "6.xyz", "model_rescale": 3.89814844738969, "target_rescale": 3.8224230354956736},
{"mapping": [6, 3, 8, 11, 9, 7, 4, 0, 5, 10, 12], "R": [[-0.2525867853922657, 0.6015705835254507, 0.7578342489502902], [0.9557975078017751, 0.03330081677332969, 0.2921338386461671], [0.15050262431305705, 0.7981252336814555, -0.5833910107601975]], "T": [-0.12477831671551377, 0.025323893520109483, 0.026028454579332172], "aligned_model": [[-0.2119851473086098, -0.5695043797058125, 0.19669092686491263, 0.5228578137153918, 0.6051085530472867, -0.39885554633140785, -0.11784413195816333, -0.7060098038710975, 0.03931130915106583, 0.3633370818903024, -0.04564037690563043], [-0.6451762911680149, -0.3942447348721258, -0.30715159243348483, 0.3101752541558414, -0.44213115972493106, 0.31245831224921533, 0.6665653716158555, -0.06309311870160518, -0.4561208668711311, 0.24234142511819184, 0.12404010650099014], [0.011874937035042193, -0.5017620641268288, -0.46773702516432464, -0.36737657096999304, 0.24212290054717941, -0.49714472643545465, 0.09127469765590743, 0.09925944362770259, 0.6124260512657569, 0.5295663495535701, 0.13739191960620775]], "inverted": false, "swapped": false, "error_lsq": 0.042385624379542255, "error_max": 0.2641694860495201, "target": "1074.xyz", "model": "7.xyz", "model_rescale": 3.7474275329858107, "target_rescale": 3.8224230354956736},
{"mapping": [7, 10, 0, 2, 5, 12, 13, 11, 9, 4, 14], "R": [[0.21854602482651073, -0.8029153212745193, -0.5545850898601276], [0.8768053781376153, 0.4110225838600839, -0.24954511501116156], [0.42831059279626005, -0.4317260965237287, 0.7938278236991321]], "T": [0.044879066567864334, -0.06326250190104918, -0.10396346179888825], "aligned_model": [[-0.22804258225430063, -0.4955967230150178, 0.19333653067369286, 0.7463316377544759, 0.3348887562632841, -0.44441424172894184, -0.2573176049199488, -0.49776993700335914, -0.10663840959987608, 0.36828965146759707, 0.06439922095063257], [-0.653997350846732, -0.471169173484592, -0.29282611716106155, 0.394774120005415, -0.636952246214407, 0.26949840724243557, 0.7363994760899066, -0.13743997376011544, -0.34416986184488807, 0.49036344175288216, -0.006818015910041858], [0.09709310678152223, -0.44566717532956984, -0.703525106275068, -0.1861598073262451, 0.2119414624652453, -0.2786198518947664, 0.17411875875799543, 0.19016188083860475, 0.5877546524886726, 0.3445114582731627, -0.10171346618478874]], "inverted": false, "swapped": false, "error_lsq": 0.05065313379951639, "error_max": 0.2792317465097786, "target": "1074.xyz", "model": "8.xyz", "model_rescale": 4.019505241142653, "target_rescale": 3.8224230354956736},
{"mapping": [8, 7, 0, 2, 5, 1, 10, 9, 11, 6, 12], "R": [[0.6142195212153975, 0.05866334529607502, -0.7869517086051736], [-0.5506026007020198, 0.746238109960743, -0.3741195789348518], [0.5653062496188246, 0.6630892060355772, 0.49065420509866997]], "T": [0.055218863122594275, -0.06665278712274787, -0.03958812847146157], "aligned_model": [[-0.3347630043790185, -0.41174296354690987, 0.07273695786049958, 0.5167554161994199, 0.5460204335737281, -0.287992821896003, -0.2413173921668208, -0.5963167742465786, -0.07082310770046257, 0.41363681320445944, 0.07127274168592454], [-0.5961195368411237, -0.635403415214962, -0.2335814464923997, 0.19446570681415004, -0.40763515094421027, 0.4096765690789369, 0.7313100310639419, -0.1015493414075571, -0.27087240524894046, 0.34891959745236917, -0.09154790239140372], [0.11441198629705199, -0.5668957858726114, -0.6676597940550114, -0.3018347767145746, 0.2659762103303467, -0.37368599715329043, 0.29731148314641415, 0.16443051079327833, 0.534569770678608, 0.43674999115005486, -0.013477686005500825]], "inverted": false, "swapped": false, "error_lsq": 0.053155043972320654, "error_max": 0.3054072860803308, "target": "1074.xyz", "model": "9.xyz", "model_rescale": 3.877068213659057, "target_rescale": 3.8224230354956736},
{"mapping": [1, 7, 8, 10, 0, 2, 13, 4, 5, 6, 15], "R": [[0.535524011587729, 0.8224067583053075, -0.19199259596854648], [0.10728122209995605, 0.1592500505577029, 0.9813919506405732], [0.8376782033679318, -0.5461561546765951, -0.002946576174046908]], "T": [0.0605475896598439, 0.07104458322424334, 0.01198955709737786], "aligned_model": [[-0.2376456643851314, -0.5122813028119457, 0.15359207302882893, 0.6450337084308172, 0.4625361684499807, -0.36959524721934345, -0.26045905397350183, -0.5936540764974184, -0.031243839834101644, 0.3123045224065607, 0.10887901099349279], [-0.739537187919301, -0.3690969335058851, -0.38553308864973934, 0.4374786583997273, -0.6105092465629663, 0.30092855423426856, 0.7689639017284718, -0.03730445050297987, -0.4727333721834459, 0.45876510028883044, -0.0037592294581794417], [0.09532373817152184, -0.36804869705192933, -0.6029921413854554, -0.15327636490171287, 0.09948581563717604, -0.43799472896569314, 0.09860280992579099, 0.14753049789538936, 0.5659528328897546, 0.42015107241451577, 0.025161077965407473]], "inverted": false, "swapped": false, "error_lsq": 0.039730745923097506, "error_max": 0.21620945585434495, "target": "1074.xyz", "model": "10.xyz", "model_rescale": 4.260839863003843, "target_rescale": 3.8224230354956736},
{"mapping": [0, 6, 7, 8, 1, 10, 9, 5, 3, 2, 11], "R": [[0.3723806432487303, -0.8858326769028853, 0.27682688645565157], [-0.4063477619315229, 0.11254900459089104, 0.9067602869219858], [-0.8343944827879102, -0.4501479646701382, -0.3180450549787369]], "T": [-0.03628544490078294, 0.02379046617171704, 0.012832835026767141], "aligned_model": [[-0.11700391612402142, -0.6339560229891399, 0.15589438676168818, 0.525861418106076, 0.5330618972357859, -0.345674050859285, 0.000646031219772282, -0.6587762831051917, -0.10041908314763182, 0.31828981637957343, -0.00045789488938772355], [-0.8338135225251169, -0.43480286323652473, -0.3009249451704281, 0.3937673270666296, -0.3692573295089054, 0.3189175010522236, 0.8187348187579413, -0.09446896803671462, -0.35238955385010556, 0.2260269310069058, -0.024126689687104283], [-0.1546013204782912, -0.35559269742724264, -0.5231078736540822, -0.23760964114817662, 0.2240618042850579, -0.44598359430842527, -0.03649062308432417, 0.24763224903832676, 0.6113380901368373, 0.5639534411742614, -0.0037039219391765306]], "inverted": false, "swapped": false, "error_lsq": 0.035152425245381945, "error_max": 0.2152883522868322, "target": "1074.xyz", "model": "11.xyz", "model_rescale": 3.890672605050136, "target_rescale": 3.8224230354956736},
{"mapping": [4, 3, 7, 9, 10, 8, 6, 0, 2, 11, 13], "R": [[0.5500378360575476, -0.5243636361560335, -0.6500008892165867], [0.826132269517337, 0.22762704759705865, 0.5154526170894672], [-0.12232682521534227, -0.820505151890876, 0.5583972094784015]], "T": [-0.011014616513105376, 0.0825735939845704, 0.010926204926014912], "aligned_model": [[-0.1724082779667942, -0.6632026761216546, 0.0641072305570416, 0.6383823497051578, 0.6029758899778198, -0.43548698833116306, -0.12957660554767234, -0.5875727258977816, 0.07097864661930295, 0.2767834417902776, 0.012486013803704114], [-0.5856096000598535, -0.4104093258958592, -0.3553890061641166, 0.49773360045558945, -0.48353933699289464, 0.3191248349949978, 0.6375859625228657, -0.02791863301483924, -0.3328421407640736, 0.14844350976738002, -0.05951715898039475], [0.14708915533582834, -0.41881991967807836, -0.7167479249152019, -0.09745352249060436, 0.33041378177632547, -0.5211055251218387, 0.11073937774020885, 0.07469731141394136, 0.5821275755395947, 0.4752489329146633, -0.07629332992007311]], "inverted": true, "swapped": false, "error_lsq": 0.041980841141543976, "error_max": 0.21535760600048387, "target": "1074.xyz", "model": "12.xyz", "model_rescale": 4.124412569039231, "target_rescale": 3.8224230354956736},
{"mapping": [6, 3, 0, 4, 1, 7, 10, 9, 8, 2, 12], "R": [[0.3678619716808901, 0.18253125010188703, 0.9117894014120205], [0.8852571509170619, -0.3688511426128743, -0.2833171568108498], [0.2846003277251356, 0.9113896956458415, -0.29727340299684724]], "T": [-0.09334355236710033, -0.04078719602971099, -0.13176681929211997], "aligned_model": [[-0.20645321941734185, -0.39826718021980356, 0.19958821532893078, 0.6007678914869604, 0.4932820239400938, -0.5267364335633437, -0.08927390660188354, -0.6800226949734047, -0.1119531723191503, 0.4502380520580992, -0.05370327713091824], [-0.6364528117905373, -0.5708899962092051, -0.22238556859163747, 0.31334191694654956, -0.5172843682518069, 0.36826520055239637, 0.6436207312856503, -0.13111540593955925, -0.1861861543143116, 0.2297786057768491, 0.05697055640441292], [0.15107853103936225, -0.49887167922308373, -0.5986505349551998, -0.23701951808414592, 0.1710287833762998, -0.3265087559541995, 0.1442384330288236, 0.10548762244840082, 0.5706639216876834, 0.4795503650501983, -0.07110125581937429]], "inverted": false, "swapped": false, "error_lsq": 0.047087438870226726, "error_max": 0.23669700960862777, "target": "1074.xyz", "model": "13.xyz", "model_rescale": 3.9028299243045295, "target_rescale": 3.8224230354956736},
{"mapping": [12, 11, 1, 3, 8, 9, 7, 14, 13, 4, 15], "R": [[-0.01622770195912665, 0.7423767680849299, 0.6697860821910979], [0.7526335611344704, 0.4500652774343664, -0.48060791577123696], [-0.6582396101292989, 0.49630432222145837, -0.566041195851616]], "T": [0.1567635884794994, -0.07067752692786042, -0.019609430874465414], "aligned_model": [[-0.06590987882648891, -0.4364729630584228, 0.03425966788406168, 0.549225068957429, 0.6385638242423473, -0.4206353818549426, -0.14942576806262958, -0.7118390927726039, -0.27025664025630136, 0.42449229997793875, 0.08546516235785048], [-0.7250076703280656, -0.34676509187847826, -0.3112950625549577, 0.3796048120406952, -0.6110910436901822, 0.3346541529308885, 0.7816103772247612, -0.09816758029394393, -0.4167858361028587, 0.3493026520233842, 0.011602996497558166], [0.06106819524754037, -0.36268775828230215, -0.6106210608195075, -0.19824102604236848, 0.249330940355047, -0.34079802784402347, 0.0023305375078957608, 0.14719683960281493, 0.5552941387488952, 0.4400657372716664, -0.0530426031508931]], "inverted": true, "swapped": false, "error_lsq": 0.04254642074746918, "error_max": 0.22778757810737715, "target": "1074.xyz", "model": "14.xyz", "model_rescale": 3.942246331269136, "target_rescale": 3.8224230354956736},
{"mapping": [12, 1, 3, 10, 13, 5, 9, 0, 8, 6, 14], "R": [[0.6255584233033928, 0.0019180575946553535, 0.7801749676125456], [0.4995389294456444, 0.7671470925548032, -0.40242539228161467], [-0.59928083316795, 0.6414683619943976, 0.4789371812229155]], "T": [0.059877516794497695, 0.010203344497077327, 0.015193868461816935], "aligned_model": [[-0.08977398554175943, -0.47821966461980525, 0.05117742434326396, 0.5882897994625801, 0.48934032333500266, -0.3375716216673649, -0.020948916621248023, -0.6014732263491563, -0.07117547906099354, 0.17855155831040395, -0.030729913002684794], [-0.7793970691390208, -0.39924540144904147, -0.2753834229201429, 0.4592987837374752, -0.6725184615141859, 0.1990269422670533, 0.8111363719483282, -0.12196207676153009, -0.17094365921856117, 0.32329078453868604, -0.0256400856202596], [-0.13384261296790617, -0.431398320876232, -0.6442850448994587, -0.15241956185372282, 0.11708832317053876, -0.44214560004078185, 0.026842015585937896, 0.3082211348298609, 0.7560391975352598, 0.46316944379700614, 0.022626938314262834]], "inverted": false, "swapped": false, "error_lsq": 0.04554541127056443, "error_max": 0.24235515112526076, "target": "1074.xyz", "model": "15.xyz", "model_rescale": 4.355366556412066, "target_rescale": 3.8224230354956736},
{"mapping": [2, 8, 6, 3, 4, 10, 7, 1, 0, 5, 11], "R": [[0.9667845950599671, -0.12840225728003749, 0.22099865854825199], [0.07555313813413778, -0.6824441985981887, -0.7270224474648359], [0.24417057577197895, 0.7195712446485527, -0.6500753447117599]], "T": [-0.11119037199055297, 0.015754098376461384, 0.05338983394090169], "aligned_model": [[-0.231163317033517, -0.5465071548078282, 0.2560485803146969, 0.4439977821347762, 0.5094821716767225, -0.403846971296656, 0.04722770500232977, -0.5998530142639478, -0.01988938118015031, 0.23723089302422384, -0.0152609949824115], [-0.812278118848513, -0.3846084523289013, -0.21276692873060568, 0.31471505836773417, -0.4411438100566133, 0.24775861966374416, 0.8940287211117893, -0.15561597045349349, -0.32902555527429567, 0.26966637220336165, -0.043067229785406114], [0.07974398807668764, -0.43368843739051866, -0.6459024190400561, -0.12938179065963046, 0.07181877704187756, -0.45431265332318016, -0.00984401554456904, 0.21598868067853388, 0.667152962592296, 0.532859396272604, -0.004538576109279796]], "inverted": true, "swapped": false, "error_lsq": 0.03813744441681919, "error_max": 0.22488297740420382, "target": "1074.xyz", "model": "16.xyz", "model_rescale": 3.795458400668931, "target_rescale": 3.8224230354956736},
{"mapping": [6, 3, 8, 11, 9, 7, 4, 0, 5, 10, 12], "R": [[-0.2525867853922657, 0.6015705835254507, 0.7578342489502902], [0.9557975078017751, 0.03330081677332969, 0.2921338386461671], [0.15050262431305705, 0.7981252336814555, -0.5833910107601975]], "T": [-0.12477831671551377, 0.025323893520109483, 0.026028454579332172], "aligned_model": [[-0.2119851473086098, -0.5695043797058125, 0.19669092686491263, 0.5228578137153918, 0.6051085530472867, -0.39885554633140785, -0.11784413195816333, -0.7060098038710975, 0.03931130915106583, 0.3633370818903024, -0.04564037690563043], [-0.6451762911680149, -0.3942447348721258, -0.30715159243348483, 0.3101752541558414, -0.44213115972493106, 0.31245831224921533, 0.6665653716158555, -0.06309311870160518, -0.4561208668711311, 0.24234142511819184, 0.12404010650099014], [0.011874937035042193, -0.5017620641268288, -0.46773702516432464, -0.36737657096999304, 0.24212290054717941, -0.49714472643545465, 0.09127469765590743, 0.09925944362770259, 0.6124260512657569, 0.5295663495535701, 0.13739191960620775]], "inverted": false, "swapped": false, "error_lsq": 0.042385624379542255, "error_max": 0.2641694860495201, "target": "1074.xyz", "model": "17.xyz", "model_rescale": 3.7474275329858107, "target_rescale": 3.8224230354956736},
{"mapping": [0, 4, 8, 11, 1, 5, 12, 6, 2, 7, 13], "R": [[-0.4748898140536398, 0.5202985661705247, -0.7097669100127137], [-0.489255571756559, 0.5143001245145391, 0.7043609638739872], [0.7315112097659626, 0.6817512625329165, 0.010323081977404752]], "T": [0.054943063851016535, 0.000550470430656827, -0.05899814799819321], "aligned_model": [[-0.099512623455925, -0.6603015273646928, -0.018620690454896213, 0.6986890260477259, 0.5695302588858895, -0.35366238080286216, -0.08444648917424581, -0.5997261585035806, -0.07238706650401859, 0.2798558797946349, 0.018048070120209037], [-0.8202576011851442, -0.2832344477716487, -0.3483891442193634, 0.32806794864195066, -0.3599435064078969, 0.3718254342750205, 0.7343392418882213, -0.2476112624252701, -0.35810337345753296, 0.41221347355978927, -0.08124405702932448], [-0.019502059460726306, -0.3706343412719995, -0.6832448705358567, -0.051245765938344706, 0.2304194191585754, -0.5263485823532562, -0.02209943929835391, 0.2647653074872933, 0.5401572425122138, 0.5303804053232802, -0.0027514030280603036]], "inverted": false, "swapped": false, "error_lsq": 0.04340596662566018, "error_max": 0.237871047930235, "target": "1074.xyz", "model": "18.xyz", "model_rescale": 3.922800546911778, "target_rescale": 3.8224230354956736},
{"mapping": [10, 4, 6, 5, 2, 13, 12, 11, 9, 3, 14], "R": [[-0.5194941034936267, 0.2882654869847088, -0.8043810573657375], [-0.6398538977654618, 0.49267346986163707, 0.5897964408241548], [0.5663151648593734, 0.8210821281138468, -0.07149316710244064]], "T": [0.08260450253067046, 0.007264393343085346, -0.10638495206433331], "aligned_model": [[-0.18759075257488572, -0.4429177283468528, 0.11438377196545686, 0.611606073206881, 0.3651409532225083, -0.5195867299432256, 0.01530776675887112, -0.5658039845985178, -0.03418534241807002, 0.2817411498040097, 0.039371121512062957], [-0.7463014507286989, -0.3425291101848762, -0.4536880591088296, 0.5334941217561744, -0.4954139506854769, 0.3009461786884262, 0.7755616234155462, -0.18487526071388957, -0.3619293015501722, 0.2886388281143121, 0.03375908686628519], [-0.0077254870843897205, -0.4604160648712592, -0.6185184176041942, -0.2669256987366466, 0.31860516460068683, -0.25781307134251935, 0.047902313074296723, 0.11698111502399634, 0.6097151342943385, 0.4324306627381812, -0.024339737497725278]], "inverted": false, "swapped": false, "error_lsq": 0.04248553659655536, "error_max": 0.2373805484416765, "target": "1074.xyz", "model": "19.xyz", "model_rescale": 3.9282355846067225, "target_rescale": 3.8224230354956736},
{"mapping": [5, 2, 7, 9, 6, 10, 11, 1, 3, 4, 13], "R": [[-0.01598427409274135, -0.9983370453967615, -0.05538634100744419], [0.4716722496364667, 0.04131396217436263, -0.8808055662019457], [0.88162905572843, -0.040203237654697854, 0.47022750640246164]], "T": [0.13107590565563024, -0.03300483959057959, -0.034620101566132794], "aligned_model": [[-0.1115864517105983, -0.5109085687383577, 0.24377633076705227, 0.4804193989645271, 0.4671037625778871, -0.4635839327133646, 0.020508408476443363, -0.5709464524893514, -0.12672501149059093, 0.275286734369694, -0.025877919425103396], [-0.6763213949726323, -0.3621579772163756, -0.3653257158560886, 0.4780743666606441, -0.5529151830636345, 0.4011161498122144, 0.6580610396018645, -0.18181358626022975, -0.27845339564022453, 0.23430125948071218, -0.006902856677448419], [0.08764576504195559, -0.4324018972632798, -0.5493620036466336, -0.3431358934765967, 0.17424006260843997, -0.4820047148267651, 0.11889195173737654, 0.18106801096160868, 0.6284400484906086, 0.5195626581988242, -0.013048075230773126]], "inverted": true, "swapped": false, "error_lsq": 0.035517703120097624, "error_max": 0.1714008017478065, "target": "1074.xyz", "model": "20.xyz", "model_rescale": 4.067790424073018, "target_rescale": 3.8224230354956736},
{"mapping": [1, 7, 8, 6, 13, 0, 3, 9, 10, 11, 14], "R": [[-0.8360746876023648, -0.24511044230144002, 0.49081563526990524], [0.151853527348007, -0.963083535517228, -0.22228497440808795], [0.5271808256970053, -0.11131475504365382, 0.8424306513458513]], "T": [0.06921731005771085, 0.011836095931251234, -0.1283034339108136], "aligned_model": [[-0.16589281137193707, -0.5434625672345309, -0.03056471557067937, 0.7003799765767449, 0.44115489418339165, -0.43185056494460544, 0.0005815450368166081, -0.5188535698853801, -0.04960952688452287, 0.23000087241412315, 0.04558276626881773], [-0.7701322002960003, -0.3323781206797488, -0.310022422522431, 0.39609887139921607, -0.368424980860642, 0.31813812558925775, 0.841507899129423, -0.3150890317802814, -0.374605908700132, 0.27623230053999304, -0.013661825949853493], [-0.047347175501692707, -0.37891049337408034, -0.588323583670962, -0.16745328036786353, 0.3268750498392642, -0.5277631700407618, 0.0468503482028208, 0.26072420071511765, 0.5843181918012119, 0.4393897464636048, -0.0584639214718939]], "inverted": false, "swapped": false, "error_lsq": 0.04082026950761061, "error_max": 0.25111470470762487, "target": "1074.xyz", "model": "21.xyz", "model_rescale": 4.186013935880536, "target_rescale": 3.8224230354956736},
{"mapping": [5, 3, 11, 9, 2, 4, 7, 6, 0, 1, 12], "R": [[-0.015253086441976343, -0.9560647136084384, 0.2927586151538641], [0.9627515349614224, -0.09309366555755058, -0.2538563597046255], [0.26995708044690897, 0.2779817131141429, 0.9218727362769263]], "T": [0.0769250361597549, -0.01133067652308585, -0.07029328262387494], "aligned_model": [[-0.0648397290890253, -0.6567963609394888, 0.10999103170573254, 0.5909676155925808, 0.4997358366366317, -0.41789964754443965, -0.16745266126171707, -0.4593439845835642, -0.11301801937387598, 0.31503782286453125, 0.0410843945808729], [-0.7639043637202457, -0.49822293102457865, -0.19255850076123587, 0.3096822313254626, -0.5332729016399199, 0.3233224642904454, 0.6355294421543516, 0.0069119814931622725, -0.19292543723176475, 0.2762837996266938, -0.023183078643569582], [0.03959016830157404, -0.34765135206079534, -0.6744696594976475, -0.20505863337471975, 0.24356423840307476, -0.4835389196355053, 0.17501319456016595, 0.0778134080983823, 0.6025613967416452, 0.5587563575867521, -0.09668428652816126]], "inverted": true, "swapped": false, "error_lsq": 0.03874346697767856, "error_max": 0.2019450626673081, "target": "1074.xyz", "model": "22.xyz", "model_rescale": 4.166573947596378, "target_rescale": 3.8224230354956736},
{"mapping": [8, 9, 10, 5, 0, 12, 6, 3, 4, 1, 15], "R": [[-0.8643324110992119, 0.5019325272306304, -0.03151541259915902], [0.46589366018622425, 0.7755231180311237, -0.4260363726227686], [-0.1894005821577797, -0.3829198760931011, -0.90415694874902]], "T": [-0.14840745613350048, -0.026880452013695516, -0.11162187345014386], "aligned_model": [[-0.11228690412428494, -0.5564408884705531, 0.20633027054940667, 0.626799936393658, 0.4797213316093204, -0.4604160709541026, -0.004349919172686401, -0.5908985722060143, -0.09356419605139236, 0.2785543666014558, -0.09598305558656905], [-0.8161438468948052, -0.3778244480341304, -0.3016072779961603, 0.2618498377993601, -0.2926276291577179, 0.47506007580918663, 0.6970306185220234, -0.211999653398143, -0.35397335520272466, 0.2636193440560183, 0.004279040365894198], [0.0611141663460746, -0.3776974191783201, -0.7113114176790907, -0.1937820798584669, 0.3373641248691046, -0.39461955194915976, 0.07360182904896041, 0.25081314899077534, 0.5440121425004719, 0.37971561878654636, -0.07931464928213051]], "inverted": false, "swapped": false, "error_lsq": 0.040574294633640866, "error_max": 0.2220341456641077, "target": "1074.xyz", "model": "23.xyz", "model_rescale": 4.274766983524099, "target_rescale": 3.8224230354956736},
{"mapping": [3, 2, 0, 8, 6, 1, 9, 4, 5, 7, 10], "R": [[0.6146498612085924, -0.7592979768090946, 0.21371038938215853], [0.5880642123629607, 0.621665494751592, 0.5174094073102932], [-0.5257242911015133, -0.19235018858549105, 0.8286225767482669]], "T": [0.06115451300825506, -0.09575048720250579, -0.05222841629366007], "aligned_model": [[-0.11046358722528346, -0.8202344419416026, 0.268134283105901, 0.6339983211257245, 0.5918066508931723, -0.31995605456149667, -0.17545653395888336, -0.5602324040572463, -0.0978303082215459, 0.21228934035229735, 0.05541103307720106], [-0.6308879010002028, -0.37878574743243854, -0.33259229503638194, 0.3667857447615416, -0.4484582813883646, 0.23713418022530802, 0.7170667698702059, -0.035049826436042764, -0.3651962222364364, 0.2530757998652966, -0.03542951532368413], [-0.03846397594677517, -0.3196533072980423, -0.7209844816811484, -0.1062777763854609, 0.16917749283123398, -0.46323439433040936, 0.05269429382757698, 0.2606203267002424, 0.7016706294033509, 0.45424069618604057, -0.09989359071184355]], "inverted": false, "swapped": false, "error_lsq": 0.0440183586085092, "error_max": 0.2936584101491509, "target": "1074.xyz", "model": "24.xyz", "model_rescale": 3.7841303162186577, "target_rescale": 3.8224230354956736},
{"mapping": [6, 7, 0, 9, 4, 10, 14, 11, 3, 12, 15], "R": [[0.7753148329732387, 0.6178674056161524, 0.13086931973860072], [0.6282537340109158, -0.7332767302935304, -0.2600047740164993], [-0.06468504829572874, 0.28380469673209113, -0.9566978303726759]], "T": [0.09237916072034792, -0.06444941130565691, -0.08117142570144098], "aligned_model": [[-0.16256307201207004, -0.4009446126477008, 0.04650783681252371, 0.34963308365038703, 0.49725102142780714, -0.34848617733762577, -0.0539996806644316, -0.6326604013665099, -0.009379780331071133, 0.32420917501570423, 0.06789890604122506], [-0.6953300200896207, -0.29320057110158537, -0.3710702603195352, 0.4591544527277454, -0.6089028985785201, 0.39802610179107234, 0.6979122463866593, -0.14093971626230317, -0.3694121594264513, 0.3900267263367569, -0.11860119559541688], [0.1617700645237033, -0.43769649020909507, -0.7484115818255649, -0.12359926128752122, 0.2292372073325859, -0.5250286761346679, 0.08215922049220789, 0.15944120035800494, 0.6575062630152672, 0.47996865593021754, -0.04545068960037263]], "inverted": true, "swapped": false, "error_lsq": 0.04420441758790716, "error_max": 0.29265179552043763, "target": "1074.xyz", "model": "25.xyz", "model_rescale": 4.19342608120988, "target_rescale": 3.8224230354956736},
{"mapping": [2, 8, 6, 3, 4, 10, 7, 1, 0, 5, 11], "R": [[0.9667845950599671, -0.12840225728003749, 0.22099865854825199], [0.07555313813413778, -0.6824441985981887, -0.7270224474648359], [0.24417057577197895, 0.7195712446485527, -0.6500753447117599]], "T": [-0.11119037199055297, 0.015754098376461384, 0.05338983394090169], "aligned_model": [[-0.231163317033517, -0.5465071548078282, 0.2560485803146969, 0.4439977821347762, 0.5094821716767225, -0.403846971296656, 0.04722770500232977, -0.5998530142639478, -0.01988938118015031, 0.23723089302422384, -0.0152609949824115], [-0.812278118848513, -0.3846084523289013, -0.21276692873060568, 0.31471505836773417, -0.4411438100566133, 0.24775861966374416, 0.8940287211117893, -0.15561597045349349, -0.32902555527429567, 0.26966637220336165, -0.043067229785406114], [0.07974398807668764, -0.43368843739051866, -0.6459024190400561, -0.12938179065963046, 0.07181877704187756, -0.45431265332318016, -0.00984401554456904, 0.21598868067853388, 0.667152962592296, 0.532859396272604, -0.004538576109279796]], "inverted": true, "swapped": false, "error_lsq": 0.03813744441681919, "error_max": 0.22488297740420382, "target": "1074.xyz", "model": "26.xyz", "model_rescale": 3.795458400668931, "target_rescale": 3.8224230354956736},
{"mapping": [10, 7, 5, 1, 11, 0, 2, 3, 4, 9, 12], "R": [[0.3694140736256141, 0.2929954767601107, 0.8818655752468427], [0.8292963007832151, -0.5321327168337588, -0.17059430583228063], [0.41928616446837874, 0.7943477967951055, -0.4395573796583985]], "T": [0.1651144842664003, -0.02637875393879824, -0.030240044527224685], "aligned_model": [[-0.1003752364465374, -0.4751993555528832, 0.16068359059966836, 0.44911513193693114, 0.5612776136901193, -0.4235038636244717, -0.08746971060125047, -0.541045225006314, -0.08151836506438023, 0.16288739277398712, 0.05261432588336898], [-0.6853528347021278, -0.36379886354454855, -0.5133761563985892, 0.42263037490604694, -0.47531766416604804, 0.4619199107235406, 0.7912712481880975, 0.055643472940814245, -0.480769454144071, 0.21936628728425428, -0.08455361521856761], [0.024118005356144962, -0.39950140833197517, -0.6044128103903965, -0.2911760613741546, 0.36101846528758985, -0.35637812373312033, 0.175877913021724, 0.16897686777050702, 0.6266956538744738, 0.3218660543878223, -0.13718864327385027]], "inverted": false, "swapped": false, "error_lsq": 0.04572829489088561, "error_max": 0.22680993351917045, "target": "1074.xyz", "model": "27.xyz", "model_rescale": 3.6321398670334006, "target_rescale": 3.8224230354956736},
{"mapping": [11, 13, 1, 7, 0, 6, 12, 9, 10, 8, 14], "R": [[-0.4549595108896573, 0.00045277838814888893, 0.890512009151351], [0.8563323725538189, 0.27461459377181835, 0.4373576255238807], [-0.24434956756129467, 0.9615542729764508, -0.12532625005695297]], "T": [0.09789231636335706, -0.09866687053539505, -0.048292030628354805], "aligned_model": [[-0.23101333265963409, -0.5714395288895383, 0.27392809541987356, 0.518080184213022, 0.4269403042688794, -0.44599613862345167, -0.11124848505608852, -0.5175898029696754, -0.029624230071667215, 0.2918823894806708, 0.07354684347584732], [-0.6332255370637944, -0.37369594407414974, -0.3258411246994451, 0.5426881897846383, -0.5383052488992345, 0.29238855102099004, 0.683329089726405, -0.049333327994739884, -0.32424698877515523, 0.20240975692113314, -0.1285047100778467], [0.08806757665641948, -0.42622221141948813, -0.6521715375527724, -0.16227986470592498, 0.24811514226863718, -0.4422062889945464, 0.11979180016987151, 0.2072859879529339, 0.6848687795878123, 0.3242000252948627, -0.09955349666304014]], "inverted": false, "swapped": false, "error_lsq": 0.03852019882654227, "error_max": 0.20088358546675203, "target": "1074.xyz", "model": "28.xyz", "model_rescale": 4.156811204709835, "target_rescale": 3.8224230354956736},
{"mapping": [1, 2, 0, 4, 3, 5, 7, 6, 9, 10], "R": [[-0.8219290340164322, 0.4482331569114175, -0.35145369550772876], [0.35835057450982366, -0.07268106451610229, -0.9307536347548075], [-0.44273866873054357, -0.8909570696200972, -0.10088593214455244]], "T": [-0.10232452572207423, 0.054471673582455096, 0.021825116283632543], "aligned_model": [[-0.5183508692279575, -0.07576427609464348, 0.08920045109864841, 0.6520619766895146, 0.1253744551847351, -0.7603909909618041, -0.4888815238418938, -0.4911609898957013, 0.17182520166658038, -0.06098806050689032], [-0.17126645121108658, -0.6107539797690149, 0.10046266870459836, 0.038286067747069094, -0.37300973057148734, -0.20584379969871125, 0.43787493238729513, 0.24166685870372373, 0.44456408230065136, 0.016739682033166316], [-0.621195268820161, -0.23982591670320869, -0.7455043877290517, -0.12792356729340681, 0.6060619617911405, 0.09826685260853926, -0.3031739530125316, 0.6708663499910457, 0.4561187377164157, -0.03490408157368173]], "inverted": true, "swapped": true, "error_lsq": 0.04909625866674849, "error_max": 0.22163608203036572, "target": "1074.xyz", "model": "29.xyz", "model_rescale": 4.117894457231895, "target_rescale": 3.8224230354956736},
{"mapping": [5, 6, 8, 4, 0, 10, 12, 9, 2, 3, 14], "R": [[-0.4421932509618298, 0.4277279383237816, 0.7883615538451224], [-0.7729115657856347, -0.6276632694314801, -0.09298672852286044], [0.4550525686979551, -0.6504518667694581, 0.6081443321593325]], "T": [-0.04329080200120662, 0.05056790501069079, -0.07183240593514503], "aligned_model": [[-0.19300599722001183, -0.4509392583185622, 0.1314577040152765, 0.60301649286292, 0.4959400930234721, -0.5494251849464824, 0.01640912148494718, -0.5998224863276856, 0.010507209671362636, 0.27984619960439033, -0.06651759526138842], [-0.7628617508827109, -0.27912570202864023, -0.4819513731305644, 0.44391982525245915, -0.3683942971693403, 0.3345897966562558, 0.7549896261095073, -0.17707979687428793, -0.3292665426013291, 0.13813519549724446, 0.07470772504020681], [0.03711403395020428, -0.44185173621268614, -0.5050481313077004, -0.23642049664719686, 0.28591494376570814, -0.4931167708952431, 0.22482207463327872, 0.09631342594177755, 0.6755580003387844, 0.36137729951015574, -0.11476673048231707]], "inverted": true, "swapped": false, "error_lsq": 0.04565195610279232, "error_max": 0.23007612272164582, "target": "1074.xyz", "model": "30.xyz", "model_rescale": 4.100398675895297, "target_rescale": 3.8224230354956736},
