[{"mapping": [4, 0, 3, 11, 2, 10, 7, 1, 13, 6, 12, 14, 5, 16], "R": [[0.1881023055064325, -0.798977050761443, 0.5711857797772204], [0.9648382193968917, 0.04161426335000437, -0.2595293114021463], [0.1835884883488081, 0.5999199325263189, 0.7787113338737383]], "T": [-0.0794425137465864, 0.12911056358756745, 0.026480370235361733], "aligned_model": [[0.23913789467620783, 0.1420217556697421, -0.374340237827006, -0.4715598769370202, -0.6162144533089098, 0.0018906233802299388, -0.79043923543826, -0.0641523834560088, -0.26085668161246417, 0.12263030423639987, 0.6056879577492199, 0.28376991845266464, 0.6288900700587096, -0.07497355451520099], [-0.5691174160669757, -0.4383034712450846, -0.454993823008101, -0.3940342702765832, 0.16573190235998625, 0.4060634309786074, 0.09989282898143537, 0.6442689158160613, 0.7999165301704527, -0.03438277190587724, 0.41894876670629866, 0.6560185491734783, -0.23756817147888049, 0.17283233160521674], [0.3029529720588331, -0.25606107380247134, 0.37767598715954054, -0.27739786388112675, 0.5626363400034529, -0.6616524335186735, -0.0389227835806005, 0.6452887877551805, 0.14196715668966675, 0.5213968622497201, 0.4932671381299927, -0.02532914785004621, 0.1202493243668468, -0.008483178600481443]], "inverted": true, "swapped": true, "error_lsq": 0.04202833162317704, "error_max": 0.22188091525746312, "target": "1075.xyz", "model": "0.xyz", "model_rescale": 3.8414455957264533, "target_rescale": 4.193377700326984},
{"mapping": [12, 5, 2, 4, 6, 3, 7, 1, 8, 13, 11, 15, 9, 14, 16], "R": [[0.2538634870080367, -0.4267961646264281, 0.8679852324920578], [-0.3040768128983274, 0.8166692594299649, 0.4904983308429383], [-0.9181996633748655, -0.3884537997784085, 0.07754368843432781]], "T": [0.048095329445696694, 0.07017924822332416, -0.06474464384536249], "aligned_model": [[-0.7762220830139845, -0.621489309806598, 0.2727159834951377, -0.3613338989070406, -0.36119786361623674, 0.14623394986595384, 0.7075602909103261, -0.2550699361137222, 0.6300723274386009, 0.15341036617412124, 0.537685766745359, -0.3351863547214361, 0.32451268043162007, -0.2500162411208978, 0.06036847574334165], [0.09561499373274973, 0.15611471919973768, -0.583759599802931, -0.28860442950553644, -0.31013206884442124, -0.5689604599600475, -0.1931415553024593, -0.22903178114448625, 0.3798960352559675, 0.15741072055133914, -0.05256176455723416, 0.6846390254401453, 0.5097969259262121, 0.4722251892780158, 0.11753857777596367], [0.23717200029144647, -0.4997762133832133, 0.24964048030882013, -0.672276426823154, -0.08340510497362684, -0.42991612145574654, 0.015353457454773262, 0.6187093452507613, 0.2259871161805907, 0.6262896217490344, -0.579540110385475, -0.28780725904424165, -0.5554907706958946, 0.3374096488313489, -0.03716787596588818]], "inverted": false, "swapped": true, "error_lsq": 0.041151442493377766, "error_max": 0.24491172067674885, "target": "1075.xyz", "model": "1.xyz", "model_rescale": 4.316132596720782, "target_rescale": 4.193377700326984},
{"mapping": [0, 10, 11, 6, 3, 5, 2, 12, 8, 15, 13, 16], "R": [[0.4856902355912314, -0.21498008476668484, -0.8472830449177201], [0.8369461855797216, 0.3940677376688956, 0.37977848882219856], [0.25224210095637944, -0.8935850162587932, 0.3713216142683915]], "T": [0.0015877024201832665, 0.030105196679828562, -0.10018509048277688], "aligned_model": [[-0.2352473582134627, 0.6532457156578616, -0.05473795633964632, -0.5003801508431046, -0.5759177685119622, -0.46961574943130063, -0.23007997128175744, -0.2793091379507135, 0.6577457887586041, 0.16062274434694215, 0.41670973609260786, 0.05477266234771245], [-0.5620591622879179, -0.23608844447272806, -0.5810920227081636, 0.26295310273849776, -0.17027416929721617, -0.12941049055898948, 0.39242432319125087, 0.60123115216712, -0.006692376449867581, -0.18140445871939637, 0.5850821673489119, 0.038106806789479156], [0.10977991416118066, 0.1474588166630766, -0.47839654464774717, -0.02071210437746457, -0.5218680332122004, 0.5302933098428039, -0.7262708681510419, 0.5049693870508957, -0.3955648037247511, 0.609881187161048, -0.22629298927523012, -0.08401881028114827]], "inverted": true, "swapped": true, "error_lsq": 0.04418565951134182, "error_max": 0.24122941951562007, "target": "1075.xyz", "model": "2.xyz", "model_rescale": 3.795458400668931, "target_rescale": 4.193377700326984},
{"mapping": [14, 15, 10, 11, 13, 7, 9, 6, 0, 3, 8, 16], "R": [[-0.2978884865137645, 0.534432736377253, 0.7909766746819153], [0.25975442347993716, 0.8427089112610634, -0.4715605267235574], [-0.9185804750184627, 0.06498723851276461, -0.389854549473699]], "T": [0.1827634147292915, 0.009932043884607906, -0.04396855422626927], "aligned_model": [[-0.12215895434729926, -0.20435165313720435, -0.5569153732869428, 0.17314781018823372, -0.02530967700009601, 0.16104233995087983, -0.2628645304662227, 0.6898196093821047, 0.19362350503733525, 0.7764798776195106, -0.3604304596401696, 0.131221331443436], [-0.10932608125582297, -0.6261279125704223, -0.07776350978293088, 0.0903900242048439, 0.4673016784239913, 0.6213258383327439, -0.2575211117063584, -0.1453241732167768, -0.4721208239823114, 0.10048727571175854, 0.47717291717090005, 0.017274923960094397], [-0.5962722485532663, -0.18465349855168586, 0.0010814843883284533, 0.6724200124301386, -0.5376765132979201, 0.3253191517993675, 0.4463237662510274, -0.22087347530460372, 0.4233021041420276, 0.39281683373528575, 0.03201204743364117, -0.06502823383324041]], "inverted": true, "swapped": true, "error_lsq": 0.04344489858174017, "error_max": 0.2511398939876686, "target": "1075.xyz", "model": "3.xyz", "model_rescale": 3.7530521520055578, "target_rescale": 4.193377700326984},
{"mapping": [8, 9, 15, 5, 14, 3, 13, 7, 2, 6, 16], "R": [[-0.2683304785415546, 0.5856328443910025, -0.7648744510415837], [0.7825584912268134, -0.3305180345875585, -0.5275983667726718], [-0.5617837324936292, -0.7401297186188927, -0.3696038927319965]], "T": [-0.04232345372662627, -0.027168332239019613, -0.005377880082651972], "aligned_model": [[-0.5683541134695057, -0.2127251061784226, 0.45654790459397254, 0.6486413720909482, 0.3084105275615029, -0.24197519000763593, -0.15756085226785085, -0.7417657679288004, -0.3963781065865866, 0.29010200370248307, -0.04674306906489942], [-0.516890901845175, -0.08719423232583472, -0.3121758892263124, 0.2606400661943352, -0.5539469450428648, 0.6816848241602719, -0.5425844724441274, 0.04620167208497973, 0.24923306616641222, 0.3245670795845971, -0.0823309089919357], [-0.05646819696618585, -0.6966536453559753, -0.49946355872776094, -0.2964361149141809, 0.1029248890637324, 0.09026390115132316, 0.46077176042426665, 0.12129049943607129, 0.6071382676397404, 0.2744101538081378, -0.014947178313852498]], "inverted": false, "swapped": true, "error_lsq": 0.04385875126035738, "error_max": 0.20218176880900762, "target": "1075.xyz", "model": "4.xyz", "model_rescale": 3.7855080009869324, "target_rescale": 4.193377700326984},
{"mapping": [4, 15, 14, 12, 11, 6, 13, 2, 3, 0, 5, 1, 8, 9, 10, 7, 16], "R": [[-0.6818662745872086, -0.6634286366941589, 0.30809223877710923], [-0.7275319252843122, 0.6587825471896112, -0.19157988728065828], [-0.07586620639430615, -0.3547788036685641, -0.9318671145580999]], "T": [0.00922958311036576, 0.02753774787438616, -0.06810202880474105], "aligned_model": [[0.45760967548266324, -0.655473525143391, -0.09715222389577005, 0.44203234056355484, 0.6374673131196444, 0.2619359304423512, 0.07063328502789962, 0.12192902067325563, -0.22184483446014933, 0.4029096553850057, -0.14235856239769276, 0.7232673215801572, -0.4315654043454851, -0.48398476801931345, -0.6613276719284202, -0.1433713663620226, -0.005466273536466851], [0.5980698863647349, -0.31948273350864864, -0.6405438441194217, -0.45228421244382006, -0.01907639521391784, 0.4507666576813907, -0.17776147615249516, -0.4606079901154933, -0.06040911069107539, 0.2378212956144413, 0.5533628022884451, -0.021280425609725814, 0.20428633257915954, -0.3465221159999202, 0.2850233868412569, 0.7606178121001627, -0.0223670966435944], [0.07489851517739664, -0.4102491756061384, -0.0749792455381134, -0.2814513258447418, -0.5534685960065537, -0.4959967120956915, -0.7601637694610075, 0.47485124987954475, 0.580963891585595, 0.5716406644432581, 0.5282471062756939, 0.17861812231387114, -0.5874955124010178, 0.28365476406087986, 0.054447502059131445, -0.09410282746103878, -0.05467479949869698]], "inverted": false, "swapped": false, "error_lsq": 0.03848892068757535, "error_max": 0.28026726772371485, "target": "1075.xyz", "model": "5.xyz", "model_rescale": 4.2253639853439635, "target_rescale": 4.193377700326984},
{"mapping": [3, 2, 8, 11, 7, 10, 9, 0, 1, 6, 13, 15, 5, 16], "R": [[0.7546851480553914, 0.1934257146417213, -0.6269264870939426], [-0.6512050051697373, 0.10448359867037403, -0.7516749422794209], [-0.07988972741532069, 0.9755355813727287, 0.20481201363513357]], "T": [0.01881876775372699, 0.03594628267876983, 0.03467958531230783], "aligned_model": [[0.5166015171062242, -0.08782106896090605, -0.5892479449761576, 0.27274029528152416, -0.23374523548060072, -0.360737158351353, 0.1327096482269079, 0.5449585071353401, -0.2940358250305419, 0.35630131820072886, -0.624439310130448, 0.1348768243935343, 0.6328945600931728, -0.026993974749641096], [-0.1763760532126321, 0.05495543228834382, -0.34726482250598956, -0.6326921696523004, -0.47029696483697164, -0.2355278733795954, -0.4848571429339649, -0.2481553611932134, 0.6640051679668838, 0.4120485577124731, 0.2825508988918631, 0.20270407292852766, 0.38892254288267947, 0.03508286167888702], [-0.47386001352298013, -0.7171149736794038, 0.08518495515940464, -0.056012215894774287, -0.40187142592906155, 0.6169886159002868, 0.5103839837666823, 0.3401268111056469, -0.3605542871390587, -0.2043987186895717, -0.11240593895966003, 0.7647103822070083, 0.41322897678490456, 0.06715205782202546]], "inverted": false, "swapped": true, "error_lsq": 0.053477327920886816, "error_max": 0.3948649811703919, "target": "1075.xyz", "model": "6.xyz", "model_rescale": 3.89814844738969, "target_rescale": 4.193377700326984},
{"mapping": [5, 12, 14, 4, 10, 1, 6, 0, 3, 2, 13, 7, 16], "R": [[-0.19785552823412408, 0.7297577863703882, 0.6544514979576305], [-0.8659718221488492, -0.4429571933885864, 0.23212438060123808], [0.45928857289442526, -0.5208094642545362, 0.7195912094734797]], "T": [0.0474615087071836, 0.0650368218611119, 0.07684947113317209], "aligned_model": [[0.015463414883330168, -0.1132121798361472, 0.3582634353497155, -0.35659482494699335, 0.7859652417291865, -0.3423692235944803, -0.40766872774677765, 0.17200613763871803, -0.5381708521870533, -0.5612264576908765, 0.11915002142517936, -0.07783723338277734, 0.09486304926319854], [-0.4765260866646468, 0.22217220549747888, 0.41655775571850384, -0.6089283905537521, 0.12402764722053161, 0.6820127568302179, -0.029079397993443834, -0.5942898662233567, -0.2878409056248019, 0.4030218778791158, 0.76516858559631, 0.2524538753271143, 0.09503120846121493], [-0.5153217025065872, -0.7721453878972047, -0.3614138262097123, -0.14215340430655937, 0.16616377228018214, -0.2636185440615127, -0.2338021562757407, 0.10158266615593942, 0.36666494824350043, 0.3804833344350865, 0.0467627048640529, 0.754951720135261, 0.07412090597958922]], "inverted": false, "swapped": true, "error_lsq": 0.04269193135109466, "error_max": 0.22167840490795573, "target": "1075.xyz", "model": "7.xyz", "model_rescale": 3.7474275329858107, "target_rescale": 4.193377700326984},
{"mapping": [8, 13, 2, 7, 6, 11, 8, 9, 3, 0, 10, 15, 14, 12, 16], "R": [[-0.11042593512692203, -0.26688676516489146, -0.9573805760674097], [-0.8081091294704742, 0.5848781988827775, -0.06983643274187845], [0.5785894466007979, 0.7659562305063252, -0.28025935351157183]], "T": [0.09323813070484732, -0.07249724637957579, 0.036780380329537746], "aligned_model": [[-0.5049150148274609, 0.04812501470612923, 0.3946580808656841, -0.21545784566668835, 0.6444826397304323, -0.25864498889538523, -0.5049150148274609, -0.46442720861775777, 0.39031937321168264, -0.01565855874068231, -0.5513167151145799, -0.05219469413599295, 0.10505203005853457, 0.7303174138917992, 0.05672921070049315], [-0.010912566487906852, 0.2853451011311452, -0.4787646297054395, -0.553038524486314, -0.1331389489060702, -0.6716438902615792, -0.010912566487906852, -0.16199080641099922, -0.7495392761470498, -0.30296765464113135, 0.28723450626868696, 0.4348554263340296, 0.5630604683473583, 0.5236701629009362, -0.03213883946816599], [-0.3601664830450087, -0.5683168052895268, -0.5298070254284262, -0.3926779540970548, 0.10719276397038298, 0.22908247118989206, -0.3601664830450087, 0.4743901237366742, 0.10633459467922181, 0.6579564255016918, 0.1462648195010557, 0.5805313862907933, -0.05358745341498802, 0.13685155843012353, 0.022912716716439324]], "inverted": false, "swapped": true, "error_lsq": 0.04442137550689732, "error_max": 0.45230305069887466, "target": "1075.xyz", "model": "8.xyz", "model_rescale": 4.019505241142653, "target_rescale": 4.193377700326984},
{"mapping": [0, 11, 10, 15, 5, 14, 8, 4, 6, 2, 7, 1, 16], "R": [[0.9007610005442528, -0.34457502747136887, 0.26438167550271363], [0.4204019936682462, 0.5389057491418179, -0.7299607915920279], [0.10904945491968633, 0.7686667964632019, 0.6302853103132883]], "T": [0.03735300387912387, -0.02128176884218841, 0.03843804342484716], "aligned_model": [[-0.3232588654546989, -0.6575114312634259, 0.19031201063960856, 0.3807898931712005, 0.18651370342151447, 0.6594346345337905, 0.012539107225972554, -0.2762649416927363, 0.11063896739690851, -0.16542845605296436, -0.41995578786643095, 0.5532578545537984, 0.06863408312863936], [-0.4943849960459972, 0.008033776221969074, 0.20280518985777946, -0.4286800461996852, -0.8077609725556747, 0.03367490937039459, 0.6229218142967274, -0.7436743250169362, -0.36063804446556896, 0.3237615220671046, 0.5180176740729934, 0.18114771854542078, 0.008154007965531285], [-0.27295751411743574, -0.1515160049014268, -0.6567117985120141, -0.500357227725734, -0.02623427389372815, -0.11067175056739781, -0.28332690907046953, 0.2511483317536882, 0.4765844964887215, 0.6840023457056044, 0.1417451906339884, 0.6227412705550708, 0.0022573376950115603]], "inverted": true, "swapped": true, "error_lsq": 0.051745601912800754, "error_max": 0.28670488068087313, "target": "1075.xyz", "model": "9.xyz", "model_rescale": 3.877068213659057, "target_rescale": 4.193377700326984},
{"mapping": [11, 9, 14, 5, 15, 0, 6, 10, 8, 13, 2, 7, 3, 12, 1, 16], "R": [[0.7090061163922012, -0.33415303723876255, -0.6210089167013295], [-0.20763738469297488, -0.9404919640032088, 0.26900108201129774], [-0.6739414243065269, -0.0617787451272487, -0.7361972176354598]], "T": [0.00491433520223435, 0.03521784435788986, -0.07257827531538326], "aligned_model": [[0.28940611066799166, -0.12415192265414911, -0.47839743417085134, 0.3293619948261825, -0.2724534512253151, 0.31002636193555005, 0.4057389457564097, -0.6101868680088957, -0.5322017987657447, -0.4805085912305852, 0.29593451680424426, 0.025424525209929733, 0.6984841544823847, -0.008758930805471448, -0.08130596423916896, -0.05100312326541673], [0.09361518357556553, -0.3388412797606025, -0.1367206855448249, -0.6547859407585442, -0.6686714820310883, -0.4430706919632781, 0.004087022842365999, -0.219904049213364, 0.36427507128323977, 0.4451699032044149, 0.722038970450107, 0.616226742360393, 0.24792250879223124, -0.28509368697187604, 0.4244170257414087, 0.031134265127400425], [-0.7324515247720957, -0.66749313329122, 0.31353880260644446, 0.17963087098717667, -0.029805330798385786, -0.4317182261961023, 0.3158497516239944, -0.40933939952991655, -0.42239861590457134, 0.23161382664011249, 0.07064342739302969, -0.48809672177553887, -0.2313189284778352, 0.7450484110975174, 0.6271615554239393, -0.07583043791650698]], "inverted": false, "swapped": true, "error_lsq": 0.032265148605793575, "error_max": 0.2162135470286553, "target": "1075.xyz", "model": "10.xyz", "model_rescale": 4.260839863003843, "target_rescale": 4.193377700326984},
{"mapping": [2, 13, 14, 1, 5, 6, 3, 7, 10, 15, 0, 16], "R": [[0.3603486764825623, -0.4636131343292291, 0.8094514766400109], [0.9102154325682679, -0.01510783819176166, -0.41385942002053405], [0.2040997248205565, 0.8859089202071508, 0.41654374011089557]], "T": [0.06314518621078025, 0.03488287756680613, -0.0034856083350292347], "aligned_model": [[0.31789722281344734, 0.09884028788651061, -0.30460742289549875, -0.2704531486663495, -0.5705880619946323, -0.3065383053617863, 0.25089469430290057, 0.7342487272501347, 0.24501819878036507, -0.35342765725739517, 0.04903895807463342, 0.06857515616180059], [0.05836110840394592, -0.616521874582902, -0.473336662711722, -0.37010097720976903, 0.44907500141785994, 0.2879364162710614, 0.652238074804748, 0.015162236844165254, -0.34660959056626933, -0.028575813453849193, 0.5591381630924935, -0.01368757677682881], [-0.7186629527724047, -0.2692423609196942, 0.13330050103703375, -0.6144242320002665, 0.2644845680799964, -0.3378564371974254, -0.3710500871810361, -0.24818689630635177, 0.6115188059661987, 0.6263259969514139, 0.4157901804702785, 0.024180991267762672]], "inverted": false, "swapped": true, "error_lsq": 0.04264245978301106, "error_max": 0.2335118793124798, "target": "1075.xyz", "model": "11.xyz", "model_rescale": 3.890672605050136, "target_rescale": 4.193377700326984},
{"mapping": [13, 1, 12, 8, 14, 11, 2, 9, 7, 3, 5, 6, 0, 16], "R": [[0.7362104104880298, -0.6005065906488215, -0.31206740630250945], [0.1092872682302456, -0.3495779580129413, 0.9305114423123839], [-0.6678701404403533, -0.719157205247108, -0.1917352071200067]], "T": [0.1276813486328826, -0.019313895382809004, 0.14547475878752236], "aligned_model": [[0.5078497301876694, 0.23951981902539132, 0.4327604589598225, 0.43177473157309276, 0.7155391482586202, -0.3035117935217905, -0.3314262087051322, 0.23221233468165298, -0.17694989953503348, -0.6140918649845649, 0.11447675289243225, -0.1403641486738742, -0.07743277684024283, 0.1795195514756503], [-0.2093767026864635, 0.2468443091445837, 0.7563302017046981, -0.6662652222891932, 0.1755787820772635, -0.4290769592266379, -0.18426411946175394, -0.29920465134425156, -0.6409928498979002, 0.011356053912872421, 0.6749455231227989, 0.43805553494625593, 0.09910919364924531, -0.04088657382375272], [-0.41628771227749817, -0.6063215834830961, -0.1312973581897945, 0.0553200821673244, -0.023875688611268514, 0.5528385158303182, -0.436710895316366, 0.7945020719082863, -0.03162032006442289, 0.16316139851113504, 0.5489725397686773, -0.03192491471892983, 0.7737572944891469, 0.14427700534334917]], "inverted": true, "swapped": true, "error_lsq": 0.04386558597029096, "error_max": 0.29425472333609115, "target": "1075.xyz", "model": "12.xyz", "model_rescale": 4.124412569039231, "target_rescale": 4.193377700326984},
{"mapping": [8, 11, 3, 10, 2, 13, 9, 14, 0, 15, 6, 4, 16], "R": [[-0.019218351196702642, -0.6146082631134981, -0.7885983374886671], [0.9736974272006562, 0.16759865661441906, -0.15435028527302835], [0.2270329827141937, -0.7708225302971181, 0.5952215146869655]], "T": [0.17570390878844122, 0.02639276820289356, -0.007148887006602574], "aligned_model": [[-0.2895180119782422, -0.025522240123781542, 0.6267886755563078, -0.5504985597165898, 0.7185178151267764, 0.1886312980610732, -0.4262926039352971, 0.02656848438230483, -0.02007646234807553, -0.24666666173893292, 0.682627144748146, 0.5487059809187509, 0.1340334485573174], [-0.30444226834216287, 0.575562679614292, 0.5352527023766119, -0.13416473038995413, -0.11593102053816699, -0.6607879380645438, 0.4112160395352326, -0.47102044717247915, 0.6397168322269198, 0.08269217694244513, 0.1167949123573747, 0.6835979056589808, -0.011001467696072187], [0.43246846215381646, 0.4143946697918341, 0.29128881844893567, -0.06794354085219736, 0.5047353418157479, 0.14726776524175397, -0.0035069090702178913, -0.3847442268873736, -0.1977752648215895, -0.6337716405534713, -0.22477727155827273, -0.31440081824570837, -0.011537304495418363]], "inverted": false, "swapped": true, "error_lsq": 0.036303097158398884, "error_max": 0.1912049723098351, "target": "1075.xyz", "model": "13.xyz", "model_rescale": 3.9028299243045295, "target_rescale": 4.193377700326984},
{"mapping": [1, 4, 6, 2, 13, 14, 3, 7, 12, 11, 8, 0, 15, 10, 9, 16], "R": [[0.5930353415202689, -0.8046568137933549, 0.02892223580334507], [-0.8051310087714857, -0.5930007317485713, 0.010686012365189703], [0.008552334333258414, -0.02962337188075409, -0.9995245436785767]], "T": [-0.01032751645807436, 0.022996878273015574, 0.06749645784287102], "aligned_model": [[0.05770076390597261, -0.23273738512725287, -0.11526158280928542, -0.593080916544394, 0.16555923847579998, 0.5677912829515643, -0.6713439916380031, -0.5510291539860521, 0.5078520188962982, -0.483767409504071, 0.009348525307573805, -0.04172391896628855, 0.6432587749189549, 0.4412571262661631, 0.09538946890374961, 0.028626430529866354], [-0.6927698175044587, 0.5522783814812255, -0.02424372394465652, -0.4482879922397418, -0.6332932308787054, -0.2558246074138743, 0.22198853150375017, -0.1546409279068865, -0.21625379095213973, 0.465450299356756, -0.22034064411231874, 0.692019144013936, 0.4056086189037556, 0.1677593580293678, 0.5861866548677177, 0.006616028917372691], [-0.295265122034284, -0.5120273367010247, -0.47955289624436953, -0.05586280199015706, 0.2534429152430147, 0.05086049586126256, -0.20625617673818608, 0.499623911021966, -0.5999980515397295, 0.3835157020793783, 0.7453949563146174, 0.01997539930468724, 0.041887608000706414, 0.6436560368345015, 0.4942788497464866, 0.10448662046546237]], "inverted": true, "swapped": true, "error_lsq": 0.041374915255713816, "error_max": 0.27603414561341644, "target": "1075.xyz", "model": "14.xyz", "model_rescale": 3.942246331269136, "target_rescale": 4.193377700326984},
{"mapping": [15, 10, 14, 8, 7, 13, 6, 12, 5, 1, 2, 3, 9, 11, 16], "R": [[-0.21985188417838125, -0.9482977754757496, 0.22890276986301628], [-0.25693160506506474, -0.17007223544484146, -0.9513472473547631], [0.9410904841416186, -0.2679678409036051, -0.20625696812363703]], "T": [-0.07662073886265337, -0.0027642761263485553, 0.01604821292773937], "aligned_model": [[-0.78346310318874, -0.35598097709926757, -0.24275026755729, 0.2286378006355258, 0.48835955061081354, 0.3354392396799465, -0.08531658727749532, -0.36563741256796417, -0.7502385510091565, 0.33735354526130695, 0.6205376678119215, 0.14289473725675245, -0.4755188760469567, -0.03814375833799273, -0.08187897163919401], [-0.06405952570427002, -0.5759084929439867, 0.12094473727035984, -0.5760483103535506, -0.38531243516615854, 0.022740630744102815, 0.5285168499618443, 0.7273379605992415, 0.40061988767213697, 0.5591186734677146, 0.23004018492840464, 0.17066658921185873, -0.5728297285782962, -0.45618972310811556, -0.0314926081196346], [-0.2501084362617757, -0.3716479175330597, -0.5916824692355453, -0.29589619047464244, 0.22841997499281722, -0.5547275896079078, 0.18974500584276002, -0.3772963178455837, 0.18487125739941365, -0.38577092124582457, 0.20762248152589752, 0.7039549320016117, 0.17855258691626652, 0.5752471139307849, -0.0319210300446963]], "inverted": false, "swapped": true, "error_lsq": 0.036766348440400845, "error_max": 0.28042792347113665, "target": "1075.xyz", "model": "15.xyz", "model_rescale": 4.355366556412066, "target_rescale": 4.193377700326984},
{"mapping": [0, 10, 11, 6, 3, 5, 2, 12, 8, 15, 13, 16], "R": [[0.4856902355912314, -0.21498008476668484, -0.8472830449177201], [0.8369461855797216, 0.3940677376688956, 0.37977848882219856], [0.25224210095637944, -0.8935850162587932, 0.3713216142683915]], "T": [0.0015877024201832665, 0.030105196679828562, -0.10018509048277688], "aligned_model": [[-0.2352473582134627, 0.6532457156578616, -0.05473795633964632, -0.5003801508431046, -0.5759177685119622, -0.46961574943130063, -0.23007997128175744, -0.2793091379507135, 0.6577457887586041, 0.16062274434694215, 0.41670973609260786, 0.05477266234771245], [-0.5620591622879179, -0.23608844447272806, -0.5810920227081636, 0.26295310273849776, -0.17027416929721617, -0.12941049055898948, 0.39242432319125087, 0.60123115216712, -0.006692376449867581, -0.18140445871939637, 0.5850821673489119, 0.038106806789479156], [0.10977991416118066, 0.1474588166630766, -0.47839654464774717, -0.02071210437746457, -0.5218680332122004, 0.5302933098428039, -0.7262708681510419, 0.5049693870508957, -0.3955648037247511, 0.609881187161048, -0.22629298927523012, -0.08401881028114827]], "inverted": true, "swapped": true, "error_lsq": 0.04418565951134182, "error_max": 0.24122941951562007, "target": "1075.xyz", "model": "16.xyz", "model_rescale": 3.795458400668931, "target_rescale": 4.193377700326984},
{"mapping": [5, 12, 14, 4, 10, 1, 6, 0, 3, 2, 13, 7, 16], "R": [[-0.19785552823412408, 0.7297577863703882, 0.6544514979576305], [-0.8659718221488492, -0.4429571933885864, 0.23212438060123808], [0.45928857289442526, -0.5208094642545362, 0.7195912094734797]], "T": [0.0474615087071836, 0.0650368218611119, 0.07684947113317209], "aligned_model": [[0.015463414883330168, -0.1132121798361472, 0.3582634353497155, -0.35659482494699335, 0.7859652417291865, -0.3423692235944803, -0.40766872774677765, 0.17200613763871803, -0.5381708521870533, -0.5612264576908765, 0.11915002142517936, -0.07783723338277734, 0.09486304926319854], [-0.4765260866646468, 0.22217220549747888, 0.41655775571850384, -0.6089283905537521, 0.12402764722053161, 0.6820127568302179, -0.029079397993443834, -0.5942898662233567, -0.2878409056248019, 0.4030218778791158, 0.76516858559631, 0.2524538753271143, 0.09503120846121493], [-0.5153217025065872, -0.7721453878972047, -0.3614138262097123, -0.14215340430655937, 0.16616377228018214, -0.2636185440615127, -0.2338021562757407, 0.10158266615593942, 0.36666494824350043, 0.3804833344350865, 0.0467627048640529, 0.754951720135261, 0.07412090597958922]], "inverted": false, "swapped": true, "error_lsq": 0.04269193135109466, "error_max": 0.22167840490795573, "target": "1075.xyz", "model": "17.xyz", "model_rescale": 3.7474275329858107, "target_rescale": 4.193377700326984},
{"mapping": [2, 3, 6, 11, 13, 10, 1, 5, 8, 14, 9, 0, 15, 16], "R": [[0.49592597184313975, 0.5098913551445312, 0.7028998765118051], [-0.4764195552235006, -0.5169854261313123, 0.7111613576175714], [0.7260040205481504, -0.6875586339481884, -0.013464287252645202]], "T": [0.06937815905627367, -0.06117249555590276, -0.010913612830324097], "aligned_model": [[0.540384674488385, 0.18991586936003552, 0.5025092715528564, -0.41782154000929483, 0.3754159672095737, -0.485443589445401, 0.8185042437737517, 0.10347647930634593, -0.24723006335109246, 0.21937148100619033, -0.6361670820549465, -0.358104589276831, -0.24058839324505468, 0.050624918568358074], [-0.3934744549717082, 0.16737030207235787, 0.27240856839736544, -0.04645544960071288, -0.6220934937002256, -0.2936776607530476, -0.2963401788507593, 0.7144220615231889, -0.7021773001324781, -0.1550346354611159, 0.049508501982015896, 0.4340482899880194, 0.32438354815789067, -0.09247985713955705], [-0.5055414847318795, -0.7071318354457926, -0.12764810535688503, -0.5421370937427326, 0.28562885760639134, 0.43062789269275903, 0.16811723221614763, 0.19468635889764205, 0.07863383081961356, 0.606282810041182, 0.010479026629903961, -0.1620746216751918, 0.5630984699213348, 0.03177338078916198]], "inverted": true, "swapped": true, "error_lsq": 0.04440775765680921, "error_max": 0.28481827384519154, "target": "1075.xyz", "model": "18.xyz", "model_rescale": 3.922800546911778, "target_rescale": 4.193377700326984},
{"mapping": [5, 12, 6, 0, 13, 15, 1, 11, 14, 3, 2, 7, 9, 8, 16], "R": [[0.41108658584455166, -0.9109590678887427, -0.03407925424569593], [0.9080995606942244, 0.41249472953681837, -0.07213380602258326], [0.07976845746049464, -0.0012941157675063555, 0.99681257940435]], "T": [0.07455604434710097, 0.053566717556255874, 0.03329703293190353], "aligned_model": [[-0.3005422786888944, -0.33802456659122904, 0.22213850518321449, -0.031468535792308905, 0.0279885515801667, -0.641479314512699, 0.18108734585405653, 0.4237317152484189, -0.4302717735334146, 0.6956982439902336, 0.7496097948332491, 0.6113802956931876, -0.17378484871339983, 0.06241041315514753, 0.037577289181889115], [0.49606619070449964, -0.24089703940818868, 0.06590365205413987, 0.7165162852238947, -0.6358665537385446, 0.29524751268876714, -0.634767958527787, 0.5610872863448845, -0.33582646036161035, 0.40160348149664316, -0.27911557725641145, -0.03854107137909575, 0.5530397663641956, -0.23393891963975327, 0.02710091046894526], [-0.5221095074583227, -0.6838976191346157, -0.5057512449495006, 0.02373480057148987, 0.17019910011995346, -0.022437656995793018, -0.37092101348360706, 0.40783374407115236, -0.04260652184362862, -0.1777331597497638, -0.06943264216593509, 0.49588050127578, 0.47978946270218326, 0.6938571459223191, 0.06625377828161746]], "inverted": false, "swapped": true, "error_lsq": 0.04158257268099121, "error_max": 0.2785292292126678, "target": "1075.xyz", "model": "19.xyz", "model_rescale": 3.9282355846067225, "target_rescale": 4.193377700326984},
{"mapping": [10, 9, 11, 15, 14, 0, 5, 3, 12, 1, 7, 13, 2, 16], "R": [[-0.7354265079422189, 0.617138228838517, 0.2798003894242679], [0.3651399803917415, 0.013090202867746648, 0.9308605917689288], [0.5708070130398122, 0.7867458630936294, -0.23496872296037224]], "T": [-6.052983511165011e-05, -0.11574500465869131, 0.06601370503805282], "aligned_model": [[-0.5597263860803566, -0.09860292051913201, 0.44293331080411924, -0.5089200457311419, -0.5934323581102616, 0.19672771772908684, -0.014227703943153619, 0.7400157796679786, -0.3309273061580147, -0.11660678687726589, 0.3277121981413066, -0.36964520460461237, 0.4683082505582532, -0.05108572579212928], [-0.5872924807626253, -0.6513783181463596, -0.6482974826991835, -0.05139444379328534, 0.11570965692925081, -0.2741949569457758, 0.3363099665530389, -0.07382608018014664, 0.6939915853285498, 0.4454899104857204, -0.5907332584605387, -0.055769003445492515, 0.00047363925532507845, -0.13620664669364152], [-0.07980067246528139, -0.3964669607353968, -0.13379330227790362, -0.4917887653159855, 0.1471194100233209, -0.5560817662466966, -0.5976327030511371, 0.02117150016679105, -0.012431593114236611, 0.631679784576831, 0.48743841284012845, 0.6627037337843079, 0.6525734836050495, 0.07749259545389117]], "inverted": true, "swapped": true, "error_lsq": 0.04228564431357453, "error_max": 0.22972554473757836, "target": "1075.xyz", "model": "20.xyz", "model_rescale": 4.067790424073018, "target_rescale": 4.193377700326984},
{"mapping": [8, 15, 7, 2, 11, 0, 3, 10, 9, 14, 12, 6, 1, 5, 16], "R": [[-0.9958578794423658, -0.07735160148758825, -0.04778926343709606], [-0.08373205201299404, 0.9850698193167651, 0.1504207250910907], [0.03544047711654138, 0.15379915740517422, -0.987466349686515]], "T": [0.07725948405691803, -0.012499339172280365, -0.010410461322075458], "aligned_model": [[0.2656662391322614, 0.10040934356332544, -0.07662505159347581, 0.17293936638646784, -0.5614852764259204, -0.5041632475903892, -0.4300986872577814, 0.1699021968440214, -0.36157814534055505, 0.6203964152773622, 0.5821601456989517, 0.08441896539225295, 0.7347301845850271, -0.13846315524367891, 0.11023466047964584], [0.0008278304576325619, 0.727649208150016, -0.4791957358104088, -0.7658222202394754, -0.12433777575758857, 0.29725631591164886, -0.5132346984941023, 0.5443268109444754, 0.4431248882002912, 0.32530822190105035, 0.1781511779445803, -0.22336717065739914, -0.38959052752478013, 0.40142757707210175, 0.018371237829804956], [-0.7057319350607196, 0.1504211569506707, -0.5292183350610401, -0.027097535690265018, -0.3254911175702798, 0.11933474444473297, 0.1977547360090786, -0.4984746905655193, -0.34257023304301604, 0.04551670532050321, 0.6824297336992493, 0.507266395469812, 0.2617664795866637, 0.6431254685935875, -0.04378199946231727]], "inverted": false, "swapped": true, "error_lsq": 0.03954653594539229, "error_max": 0.22616838930063038, "target": "1075.xyz", "model": "21.xyz", "model_rescale": 4.186013935880536, "target_rescale": 4.193377700326984},
{"mapping": [12, 5, 6, 13, 10, 1, 14, 15, 3, 0, 9, 7, 16], "R": [[-0.2879230304453531, -0.9521741891755494, -0.10229683283000197], [0.952282824926087, -0.2733729231628729, -0.1357374901498401], [0.10128055040310675, -0.13649746645733413, 0.9854494871685575]], "T": [0.08665324081016065, 0.033107691305675015, 0.09555688014844031], "aligned_model": [[0.05537460179017119, -0.41313854130012717, 0.2564146984344275, 0.48063515189000894, -0.3697781304354646, 0.6620735659937617, -0.031969184166620826, -0.6016119201255834, 0.35505093641119, -0.4207784085211024, -0.4785454935607607, 0.4929781619605994, 0.071868597052726], [-0.41507381698108875, 0.1609775087604478, 0.1695133629267119, -0.5302161321970071, -0.31927573747743426, -0.3986908029452262, -0.5847308169957086, -0.24142811236016157, 0.7114047194450432, 0.4703033184657993, 0.22705346470824056, 0.2819736216975079, -0.01285391750103057], [-0.6590654200862768, -0.5199416536501669, -0.419302682102329, 0.2494187226156338, 0.569203423485659, -0.26636477335783376, -0.03267657997445132, -0.063010954806666, -0.043571772789142274, 0.048568775258140504, 0.48726779796736375, 0.6281105337301176, 0.12424414504529704]], "inverted": false, "swapped": true, "error_lsq": 0.04180610027728019, "error_max": 0.23214789946934034, "target": "1075.xyz", "model": "22.xyz", "model_rescale": 4.166573947596378, "target_rescale": 4.193377700326984},
{"mapping": [7, 3, 6, 1, 2, 11, 4, 8, 13, 14, 10, 12, 5, 9, 15, 16], "R": [[0.21639413137614616, -0.5229991608034669, 0.8244061242523812], [-0.8821806836769222, -0.4664895605524763, -0.06437958715987491], [0.4182473206767517, -0.7133437934785912, -0.5623253604918522]], "T": [-0.11249694457233123, 0.06491932922805596, -0.015098542902246386], "aligned_model": [[-0.7966159550670442, -0.24163777639170483, 0.2618267793116618, 0.11552504088818302, -0.41511465889303895, -0.5746719965864702, 0.3041443279808118, -0.6832796314600356, -0.25669015799917616, 0.19183757253021683, -0.29755587133736466, 0.6882470823825069, 0.5902469411107742, -0.3146865941421449, 0.33804372079752104, -0.12238558210393984], [0.0011717586796775592, 0.3407631831095653, -0.004599642719201005, -0.6767788485338172, -0.3213631378772518, 0.5944465005703844, 0.5792614608973066, -0.13013234105861593, -0.595513137533686, -0.29775517333670065, 0.18079084841712517, -0.2957250782545796, 0.45230198484721884, 0.634662601232716, 0.34262968745580125, 0.045546771725736006], [-0.21147831153896246, -0.6923826614873974, -0.42443299156638253, -0.23058766281279736, -0.5948716330498423, -0.1756405031177744, -0.49187428615851564, 0.37899363022236304, 0.1830585084480678, 0.41859170281686753, 0.6984641454572204, -0.008431587950780478, -0.04775845792945938, 0.36570844903200617, 0.5272230068409022, 0.03667918595857836]], "inverted": true, "swapped": true, "error_lsq": 0.04206674646563926, "error_max": 0.3188948988359026, "target": "1075.xyz", "model": "23.xyz", "model_rescale": 4.274766983524099, "target_rescale": 4.193377700326984},
{"mapping": [10, 0, 5, 14, 6, 1, 13, 2, 7, 3, 16], "R": [[-0.5343454032106764, 0.19343947326903108, -0.8228342240384874], [-0.8451436483656772, -0.13884509254200006, 0.5161920707490147], [-0.014394571712008752, 0.9712379782825646, 0.2376753791347025]], "T": [0.006368021183247932, 0.10113590483544779, -0.04746147894976411], "aligned_model": [[0.2945549008544049, 0.18855680182141, -0.45782466651118764, -0.37960297142463145, -0.40032099548883676, -0.5415478103793685, -0.1312102301862384, 0.05087398999229123, 0.5712027951894971, 0.17316209397294308, 0.012050796117791265], [-0.25584508901196157, 0.6515732866749698, 0.6415272581418049, -0.3209815140108868, 0.38809594516814216, -0.2859738052080545, -0.5654891962996288, 0.021346649110360466, -0.05712572624014611, 0.6436985603037948, 0.054760162615089085], [-0.635983031631156, -0.38607735872416826, -0.4182488772683553, -0.3391510398091419, 0.20702586367596826, 0.39804956183547185, 0.13395556059716845, 0.7065818585873764, 0.3606592397150667, 0.4313771845144862, -0.078622527471139]], "inverted": true, "swapped": true, "error_lsq": 0.04074066165010176, "error_max": 0.20126381507746632, "target": "1075.xyz", "model": "24.xyz", "model_rescale": 3.7841303162186577, "target_rescale": 4.193377700326984},
{"mapping": [8, 10, 0, 12, 15, 5, 14, 13, 9, 11, 7, 1, 4, 6, 3, 16], "R": [[0.9787155775838938, 0.1843901446587188, 0.09008935978994341], [-0.18074464203866933, 0.9823995105949068, -0.04714420385583864], [-0.0971966695362471, 0.02985759761977374, 0.9948172351218275]], "T": [0.026327255926380914, 0.03133738994113151, 0.05760594091397506], "aligned_model": [[0.19393004216611964, 0.04264034767372672, -0.5828730764027527, 0.524175602292382, -0.03032505240319003, -0.21787101211605683, 0.5289835345941862, 0.6748550248150271, -0.4697415331653773, -0.6035939637148156, -0.08711231307045471, 0.7291014977005553, -0.494278601025594, 0.07073224986414198, -0.4154988172974868, 0.05471861856236734], [0.13128637901504997, -0.42850628426441095, -0.2339455409815701, -0.34084336396742493, -0.7240981747237544, -0.47462173935478863, -0.3666952777529789, 0.1634263961635929, -0.3030966914087259, 0.2685947366760984, 0.6022962826356255, 0.27738033666720313, -0.009837107469778596, 0.13733569310351362, 0.5340440981669843, 0.004092725863325038], [-0.6359834017652669, -0.5298652531748822, 0.15422218594190137, 0.6780318785418064, 0.075777928561955, 0.6314992464650309, 0.02375061184034389, -0.18362666543659115, -0.33299822856513783, -0.20063180487458096, -0.35686359215182883, 0.36439089330497465, 0.6842853567500131, 0.6046876394072063, 0.3794081316758975, 0.017535089296412558]], "inverted": true, "swapped": true, "error_lsq": 0.04131186668215701, "error_max": 0.27414784440390016, "target": "1075.xyz", "model": "25.xyz", "model_rescale": 4.19342608120988, "target_rescale": 4.193377700326984},
{"mapping": [0, 10, 11, 6, 3, 5, 2, 12, 8, 15, 13, 16], "R": [[0.4856902355912314, -0.21498008476668484, -0.8472830449177201], [0.8369461855797216, 0.3940677376688956, 0.37977848882219856], [0.25224210095637944, -0.8935850162587932, 0.3713216142683915]], "T": [0.0015877024201832665, 0.030105196679828562, -0.10018509048277688], "aligned_model": [[-0.2352473582134627, 0.6532457156578616, -0.05473795633964632, -0.5003801508431046, -0.5759177685119622, -0.46961574943130063, -0.23007997128175744, -0.2793091379507135, 0.6577457887586041, 0.16062274434694215, 0.41670973609260786, 0.05477266234771245], [-0.5620591622879179, -0.23608844447272806, -0.5810920227081636, 0.26295310273849776, -0.17027416929721617, -0.12941049055898948, 0.39242432319125087, 0.60123115216712, -0.006692376449867581, -0.18140445871939637, 0.5850821673489119, 0.038106806789479156], [0.10977991416118066, 0.1474588166630766, -0.47839654464774717, -0.02071210437746457, -0.5218680332122004, 0.5302933098428039, -0.7262708681510419, 0.5049693870508957, -0.3955648037247511, 0.609881187161048, -0.22629298927523012, -0.08401881028114827]], "inverted": true, "swapped": true, "error_lsq": 0.04418565951134182, "error_max": 0.24122941951562007, "target": "1075.xyz", "model": "26.xyz", "model_rescale": 3.795458400668931, "target_rescale": 4.193377700326984},
