[{"mapping": [4, 6, 8, 11, 12, 5, 3, 1, 0, 7, 9, 2, 13], "R": [[-0.1250917791638408, -0.9651256139819646, -0.22996651065222828], [-0.2827286422526995, -0.1875004052508194, 0.9406955473907188], [-0.9510081816869772, 0.1826913989949036, -0.24941389515765755]], "T": [0.04526839803165217, -0.08460065538946983, -0.09727111751853845], "aligned_model": [[-0.263746180683453, -0.02075043295700202, -0.6221590949117054, -0.5947178294452901, 0.06419536717782172, -0.09050921304609302, 0.40190653852301805, 0.4596561361335285, 0.6331979644291373, -0.49623582363643826, -0.07759333775944365, 0.4573683031961436, -0.09298697530101102], [0.602818013690431, -0.027859750413884957, 0.01157783733532837, -0.3482437595744854, -0.12513266439645634, -0.7659527354005939, -0.10841473231687175, -0.40422121705726527, 0.27749100391903025, 0.44263029226356876, 0.5007713828977016, 0.4859317623177184, -0.0006087548737313819], [0.4904105906815931, 0.6623131555184278, 0.2975318343742139, -0.18655596001042912, -0.6744355083626059, 0.20227027166855394, 0.2840980373494044, -0.34051916477266475, -0.44171398621450847, -0.08330013945744058, -0.5203405473219077, 0.21244596938225185, -0.11652403022803406]], "inverted": false, "swapped": false, "error_lsq": 0.03880065421365217, "error_max": 0.24951704821089168, "target": "1076.xyz", "model": "0.xyz", "model_rescale": 3.8414455957264533, "target_rescale": 4.029034343976011},
{"mapping": [2, 9, 7, 0, 1, 13, 8, 12, 10, 4, 3, 6, 14], "R": [[-0.8377085703641375, -0.339523601150875, 0.4277476772584681], [-0.2543201678225875, 0.9356716371576187, 0.24462182988742548], [-0.48328625407429493, 0.09613694232875886, -0.8701678487180006]], "T": [-0.023612301750377606, 0.048414015753894854, -0.00629889764049732], "aligned_model": [[-0.2387824157448698, -0.07088336485681486, -0.5452281031039797, -0.6434319412325681, -0.20126983465970316, -0.037970959710788885, 0.5996768013430998, 0.5312733196898229, 0.584001139703887, -0.46409514286613013, -0.1529414564538643, 0.4024281668303267, -0.005150787219204558], [0.6880878469566786, -0.1096111607706355, 0.011647723292102174, -0.2907463148643165, -0.04051789602708818, -0.6757332227949554, -0.31245027904821404, -0.3897864916948894, 0.23887895412458365, 0.3286417268360903, 0.4812138289067663, 0.5614319310366143, 0.04973003243775316], [0.2922374306955702, 0.6557457913123103, 0.3672251278946417, -0.16850633937570197, -0.8483361932731155, 0.21786980330363642, 0.31864733206909046, -0.29330378654942035, -0.25711818203853676, -0.15882604759229782, -0.6460919684990187, 0.4003081749912376, -0.09417062033154029]], "inverted": true, "swapped": false, "error_lsq": 0.035927589208668155, "error_max": 0.19706886282657188, "target": "1076.xyz", "model": "1.xyz", "model_rescale": 4.316132596720782, "target_rescale": 4.029034343976011},
{"mapping": [2, 9, 3, 6, 5, 1, 7, 11, 4, 0, 10, 12], "R": [[0.4026072938380946, -0.5865997674338601, 0.7027147926398786], [-0.9121955010424017, -0.3210150085378143, 0.25465414226253813], [0.07620193453166502, -0.7435388874430231, -0.6643366526345085]], "T": [-0.0672548506314333, 0.05977360974598986, -0.07458362121879605], "aligned_model": [[-0.13573810148484267, 0.4692025045207753, 0.17539739006659796, -0.6652120905251815, -0.5666201736048682, -0.5346168907553208, -0.25113233121710343, -0.11782090413661253, 0.4699197121159042, 0.10604564087414717, 0.5965343148220724, 0.05184948395621258], [-0.5440850263625071, -0.27408907584871467, -0.5630245035722845, 0.495108290850926, -0.2720244107943951, -0.208419580191997, 0.3764106482632742, 0.5236021028565608, 0.06560260599994325, -0.028074311035421587, 0.383392606875113, 0.05837708070048299], [0.08271461174414854, 0.22089571088900598, -0.48110204128611755, -0.03491829265696558, -0.42624688864998994, 0.42142145592632907, -0.6864523185090567, 0.5272207069539543, -0.5973128543676587, 0.715499485778166, -0.12509996861403835, -0.1673611459983559]], "inverted": true, "swapped": true, "error_lsq": 0.04085244807054648, "error_max": 0.23295347024868227, "target": "1076.xyz", "model": "2.xyz", "model_rescale": 3.795458400668931, "target_rescale": 4.029034343976011},
{"mapping": [7, 8, 4, 0, 5, 2, 9, 6, 11, 1, 3, 12], "R": [[-0.41721910893982544, 0.080155471429043, -0.9052642241552719], [0.7426947279663041, 0.6041515150046293, -0.2888000830482376], [0.5237678456974194, -0.7928278800077602, -0.31159460280288104]], "T": [0.0317737006434871, -0.014397531520470404, 0.0302507094831075], "aligned_model": [[-0.08441372797970532, -0.05010392511678523, -0.6913072617769714, 0.2762986852629202, 0.23620002627027392, 0.09521106803847483, -0.3156355905114512, 0.6150699935146166, 0.43940320486539874, 0.6491866505137261, -0.45951391009152726, -0.1170913872454049], [-0.14327383294352142, -0.7150372598028659, -0.053730873296794934, -0.13476488378887208, 0.49873781427951736, 0.5423424774331842, 0.1031930123730381, -0.27927090504847407, -0.5604535976951578, 0.2601924341855818, 0.5930545902103083, -0.025219930616234065], [-0.6613739178348155, -0.16699058834053637, -0.16325161416787748, 0.7968672145939917, -0.39167902419860634, 0.31325990543229926, 0.6235786717757474, -0.34156915862871895, 0.3701377584823168, 0.3126998204707254, -0.010409210163453489, 0.007501573218027798]], "inverted": true, "swapped": true, "error_lsq": 0.05470553787359366, "error_max": 0.3875450489207475, "target": "1076.xyz", "model": "3.xyz", "model_rescale": 3.7530521520055578, "target_rescale": 4.029034343976011},
{"mapping": [4, 5, 2, 1, 9, 6, 10, 7, 8, 11, 12], "R": [[-0.42167364746809793, 0.5596521421489782, 0.7134289136410233], [0.7823604356360068, -0.1731775316624805, 0.5982655691904131], [0.4583704656523896, 0.810431380386613, -0.36482529230065863]], "T": [-0.02605486093997124, -0.06805843468365984, -0.04619853589079019], "aligned_model": [[-0.512136137767684, -0.22043077191685484, 0.35272573833148324, 0.5366006189589123, 0.37377682089209474, -0.1558466129076544, -0.19995012931584133, -0.7121592949068277, -0.36266878334864894, 0.34975383613846933, -0.11146568171224329], [-0.6240009651130396, 0.10858110983797799, -0.28323804060485464, 0.29118182468003084, -0.6241289866821225, 0.660871008529876, -0.47053670152843347, 0.1180514910588585, 0.14362122499823327, 0.33465085193475536, -0.1878494587969356], [0.08221187811772802, -0.6897350013893344, -0.49819514755362915, -0.3474312486291024, 0.08600959485672076, -0.02478705435474858, 0.5501812870279512, -0.10166966335674572, 0.568933070298102, 0.47959163125505827, -0.012278569026683284]], "inverted": false, "swapped": true, "error_lsq": 0.04205684869405281, "error_max": 0.22931694362711144, "target": "1076.xyz", "model": "4.xyz", "model_rescale": 3.7855080009869324, "target_rescale": 4.029034343976011},
{"mapping": [8, 10, 7, 4, 1, 5, 9, 2, 14, 6, 12, 15, 16], "R": [[-0.8754708988866395, 0.4192407663607038, 0.2403911084543466], [-0.350430059118465, -0.2081756256783871, -0.9131602720988476], [-0.3327904428748651, -0.8836855145891565, 0.32916626867959803]], "T": [-0.036750293767627645, 0.07660640354661688, -0.07409848243977249], "aligned_model": [[-0.17593019290050124, 0.040981888321607915, -0.6203910866760288, -0.6637942778738843, -0.19937487627934908, -0.2504394471560769, 0.589113312998605, 0.5085513507480584, 0.5822101094329728, -0.6340793471635, 0.143892342589226, 0.4204781751810627, 0.016407470497020245], [0.5611993007102082, -0.051179624272579466, -0.09865905049878995, -0.26938373668335036, -0.21217485233967856, -0.6301772395050643, -0.1013344587721478, -0.30783470393257584, 0.2889127057941007, 0.3356106433202779, 0.3786244750614709, 0.5673350003339981, 0.0798482191746202], [0.41692957547502774, 0.6390583818166983, 0.36180852294947186, -0.25878050301878835, -0.7547324298748034, 0.25740879087112345, 0.21494444601871673, -0.39133158119737665, -0.24588745714018667, -0.12091593447874505, -0.6565232290110758, 0.4049064007960672, -0.08120446059927415]], "inverted": true, "swapped": false, "error_lsq": 0.03820849118845001, "error_max": 0.1867662013479919, "target": "1076.xyz", "model": "5.xyz", "model_rescale": 4.2253639853439635, "target_rescale": 4.029034343976011},
{"mapping": [2, 10, 5, 11, 12, 8, 1, 9, 0, 6, 7, 4, 13], "R": [[0.29209842397115027, 0.0005267779940406059, -0.956388118505513], [0.07133214968246883, -0.9972265137435795, 0.021236871438707967], [-0.9537244020864979, -0.07442447710109451, -0.29132586921346454]], "T": [0.007476368640013029, 0.049407586956503234, 0.006249521885759238], "aligned_model": [[-0.2733669648718638, -0.0506617534651595, -0.5215536056595126, -0.6371221020461609, -0.24386835120597947, -0.03874899763042085, 0.6270684534339692, 0.34883162312605803, 0.6426115993584166, -0.4798842008547562, -0.015350707761063533, 0.395048527417638, 0.004621901878047572], [0.4697154894136361, -0.09001872726774443, -0.05328499117010722, -0.2545303766907029, -0.1188206081622368, -0.648266583669626, -0.10695334123090483, -0.3929680032513638, 0.22163347022983476, 0.4102842759005706, 0.47362650420744423, 0.5206543762290842, 0.10971519385260586], [0.44742964518151074, 0.7715551706621578, 0.3383982643808018, -0.30626978096803836, -0.876852324246193, 0.24495193652163594, 0.36730726041980244, -0.2394675001302008, -0.4520125572322934, -0.20814651073054208, -0.6637567846937611, 0.3648936317596856, -0.0023499283177107685]], "inverted": false, "swapped": false, "error_lsq": 0.035888332909878695, "error_max": 0.20258476004467993, "target": "1076.xyz", "model": "6.xyz", "model_rescale": 3.89814844738969, "target_rescale": 4.029034343976011},
{"mapping": [1, 6, 3, 7, 4, 8, 9, 11, 10, 0, 2, 5, 12], "R": [[-0.23592151700183436, 0.8869342674706259, 0.39710029337926445], [0.2208130291387746, 0.4468737345422783, -0.8669172230027481], [-0.9463522832318376, -0.11683950771285434, -0.3012737716086583]], "T": [-0.08770035262241498, -0.003592560755667655, -0.07901769918468116], "aligned_model": [[-0.16570006832108664, -0.11830066591346726, -0.6843804144100645, -0.5862734186528006, -0.10401374204863584, 0.00869189521917979, 0.6974864163675658, 0.29518550935549254, 0.5532790054748291, -0.5680251536576997, 0.049499758634627786, 0.35593410753921934, 0.024242192132053003], [0.787576092918827, 0.040763888481582224, -0.2674161598477852, -0.3583450205510496, 0.034246654893812574, -0.5794568287464154, -0.12129379515971703, -0.651230628735911, 0.2247816504680341, 0.32243709224021055, 0.5884806266799277, 0.46192211099551506, 0.05832099475345908], [0.2086710524683073, 0.5951276688668476, 0.3971670854284771, -0.317450644987359, -0.7222889137347608, 0.2627068268918923, 0.33034037910064085, -0.37785497735335694, -0.3545069824487012, 0.039317157667010105, -0.4425741799574436, 0.355793938385327, -0.18876788772002573]], "inverted": false, "swapped": false, "error_lsq": 0.04391469844133684, "error_max": 0.2549858286313375, "target": "1076.xyz", "model": "7.xyz", "model_rescale": 3.7474275329858107, "target_rescale": 4.029034343976011},
{"mapping": [13, 9, 11, 10, 0, 7, 8, 3, 2, 12, 1, 4, 14], "R": [[0.39619420195643046, -0.8566053068578874, -0.3305412267766486], [0.8323000205544708, 0.48707228614918713, -0.264645543794774], [0.387694248243554, -0.17025843981520858, 0.9059278302108598]], "T": [-0.050419429067484686, -0.007792916262842245, -0.04875127736010164], "aligned_model": [[-0.20056283441579842, -0.02568649681464734, -0.49436619469140647, -0.6944455027125643, -0.09225196725720837, -0.30202550202348116, 0.5475597211956212, 0.47253745424376475, 0.634199252575526, -0.5415232106381522, 0.05425121776646975, 0.426650712522843, -0.02671122803175315], [0.7897702118636879, -0.32230926203011473, -0.06659464267696232, -0.35850788037645187, -0.20740376953504347, -0.5919769867655249, -0.045967174739833375, -0.38290468888337825, 0.40988409228929296, 0.36533410283676754, 0.4096126738835547, 0.49478604813755617, 0.047063954386939146], [0.33785167552050444, 0.6446520615385343, 0.38244888712577196, -0.24238182789475754, -0.675344274154281, 0.194766663963727, 0.2770922091435726, -0.3648869969861441, -0.3045493874433697, -0.06411103465587384, -0.6648831212504757, 0.31462774018319734, -0.049602072483551155]], "inverted": false, "swapped": false, "error_lsq": 0.044658721481943935, "error_max": 0.3476038711705486, "target": "1076.xyz", "model": "8.xyz", "model_rescale": 4.019505241142653, "target_rescale": 4.029034343976011},
{"mapping": [8, 7, 9, 10, 6, 1, 0, 2, 3, 11, 5, 4, 12], "R": [[0.11090601782693313, -0.6179022935944997, -0.7783936091595492], [0.8489872766361798, -0.3482552338118782, 0.3974152692493298], [-0.5166434547341671, -0.704922015327434, 0.4859675842965805]], "T": [-0.05530978372074981, -0.009772562305593521, -0.06117428025955872], "aligned_model": [[-0.2966014650253463, 0.15950279644723392, -0.6158392567571664, -0.6762835639963426, -0.26753979090821745, -0.14295575528851406, 0.452365637647261, 0.3729766958515185, 0.7229363123249405, -0.5079022566987765, 0.11698808306106968, 0.4982257264617379, -0.05824774140018499], [0.4489973636550745, 0.16641086821111994, -0.011293309753170264, -0.6150498345312668, -0.09483763737511432, -0.64000953714051, -0.13911002532877886, -0.26805423945266726, 0.250956041566141, 0.4003251675169801, 0.5170185128911826, 0.49878135836165016, 0.02665194976984918], [0.37177538304247704, 0.8004514762546209, 0.33016247831949513, -0.3547909455820104, -0.750945398109184, 0.16559617943356847, 0.32377190463987476, -0.37713856444741767, -0.31576103728848476, -0.1804614522060639, -0.43976287931850633, 0.2889200212994768, -0.0761366434309912]], "inverted": false, "swapped": false, "error_lsq": 0.04938087232101218, "error_max": 0.3079494103677255, "target": "1076.xyz", "model": "9.xyz", "model_rescale": 3.877068213659057, "target_rescale": 4.029034343976011},
{"mapping": [13, 3, 4, 7, 8, 1, 12, 0, 10, 2, 9, 6, 15], "R": [[0.8045801574336835, 0.569829789837589, -0.16716692519047655], [-0.03814477880692163, 0.33050958376697226, 0.943031489870807], [0.5926177065476194, -0.7523678791999511, 0.28765748423152127]], "T": [0.02683476101695677, 0.10427634102425526, 0.008783529158230153], "aligned_model": [[-0.2316750548863922, 0.012095789658399365, -0.5347917464623841, -0.6505872269470306, -0.11581879713742808, -0.23123206989826003, 0.686804979459226, 0.42424636873139904, 0.5160731081073296, -0.5343553769809147, -0.07348728486058162, 0.41468071295292014, 0.07567201998293012], [0.7428477473514219, 0.009716525447243787, -0.07644290331790671, -0.2829199568375165, -0.2015281660610046, -0.7241596936071124, -0.16736918765764358, -0.5501347570104393, 0.5378717603115819, 0.3947921156403637, 0.4143547746457625, 0.411778730802307, 0.03197968868343212], [0.359550873799422, 0.6361610444785979, 0.34045641102517865, -0.2309351529711895, -0.6850871371768823, 0.007420624514883279, 0.229788581656867, -0.20933608127750675, -0.2666282199905768, -0.19375429857436255, -0.5651782779451962, 0.37664542304304316, -0.013423267975423148]], "inverted": false, "swapped": false, "error_lsq": 0.04478349428327892, "error_max": 0.2835147781017315, "target": "1076.xyz", "model": "10.xyz", "model_rescale": 4.260839863003843, "target_rescale": 4.029034343976011},
{"mapping": [8, 6, 5, 7, 3, 4, 10, 11, 1, 2, 9, 12], "R": [[0.4327542057220918, 0.8064596182033238, 0.402922674513598], [-0.5311119256825706, 0.5892133259874418, -0.608890613227506], [-0.7284531006369548, 0.049502936136818276, 0.6833048656977653]], "T": [0.027293757410466794, -0.01356980235836837, -0.005350386755532378], "aligned_model": [[0.366796909690951, 0.29088551399085266, -0.4567831420876183, -0.3116171972238109, -0.6512530578392708, -0.3971915946827639, 0.17389306047817799, 0.7841917941075396, 0.28600609799945664, -0.175290107719502, 0.09827371186124631, -0.049013339481127745], [0.040230566869608644, -0.6620846669916435, -0.4861157995139453, -0.28485430577630677, 0.28326375060458564, 0.47726890958549406, 0.5926774711439668, -0.0839856872343439, -0.40065613827166735, 0.01517088708632995, 0.5848128414794327, 0.0973506765514231], [-0.6521480629089577, -0.2474048017463674, 0.15431345332050433, -0.5710334497734872, 0.24659978108016542, -0.38048487459168984, -0.4039355100874547, -0.050174614546057796, 0.559988444042247, 0.5881238692175267, 0.34601677171567824, -0.07368292832660228]], "inverted": false, "swapped": true, "error_lsq": 0.034337642913707056, "error_max": 0.19453235185073856, "target": "1076.xyz", "model": "11.xyz", "model_rescale": 3.890672605050136, "target_rescale": 4.029034343976011},
{"mapping": [10, 4, 2, 1, 6, 0, 7, 8, 5, 11, 9, 12, 13], "R": [[0.11501194237968682, 0.728350048221936, -0.6754838712842487], [0.4975890586381438, -0.6307763990417016, -0.5954210805267061], [-0.8597542566534101, -0.2676328486323899, -0.4349658337148502]], "T": [-0.05217462475218965, -0.023202887834105068, -0.10289384333207018], "aligned_model": [[-0.24471625007307346, -0.1478741664578272, -0.5708514026664189, -0.6563984422447999, -0.21364557346298596, -0.17500302048437802, 0.7147132508255547, 0.40215979373880534, 0.6349108237119536, -0.48243320671639733, 0.09691657846586521, 0.3505282166864594, 0.04931882039645505], [0.6475497932256977, -0.13996927867479153, 0.1454126582030263, -0.5049403351417252, -0.15023449167855935, -0.5825686526715985, -0.021838652124607227, -0.5194616159277241, 0.2767840614343727, 0.3172160336473073, 0.5908304050083475, 0.4871414861837444, -0.005134733093000499], [0.4561759804041433, 0.5814045210620825, 0.3532939813123427, -0.19312078291462137, -0.6412695934255327, 0.04104248313501245, 0.26972566156425737, -0.36076698424342185, -0.31000154143254766, -0.14478267762992703, -0.557377445264471, 0.2611270189143683, 0.03022990112517006]], "inverted": true, "swapped": false, "error_lsq": 0.04497516768572078, "error_max": 0.2689977732349625, "target": "1076.xyz", "model": "12.xyz", "model_rescale": 4.124412569039231, "target_rescale": 4.029034343976011},
{"mapping": [11, 2, 8, 6, 3, 1, 4, 0, 5, 9, 7, 10, 12], "R": [[0.5234596312053444, -0.6918953847179194, 0.49726330158619886], [0.47625102016243703, -0.24633917101723277, -0.8440983228373222], [0.7065231633093162, 0.6786735514432434, 0.20056727120548012]], "T": [-0.0001355662588885774, 0.013905871256512707, -0.16039710036161456], "aligned_model": [[-0.3355560066693489, 0.053874407221326054, -0.5359390827945095, -0.5810748035434445, -0.23377750325474767, -0.16115634992060504, 0.631408585613801, 0.3410505760441733, 0.689386551598047, -0.5065338848131667, 0.133538634100879, 0.223648414329328, 0.03875588380748109], [0.5610299213489464, -0.03129652108093423, 0.030285474755485257, -0.31567256870730054, -0.24901162130649485, -0.6702903301489587, -0.180793741683263, -0.3855052298113671, 0.2132654624861327, 0.3595675968632644, 0.5669312719980647, 0.5704160319902339, 0.07186093168668056], [0.6003270699536183, 0.698343361093742, 0.31661696772833325, -0.1991329917071985, -0.7809123807110439, 0.2504704745576324, 0.2656548925993779, -0.4070348550508024, -0.4023906569763671, -0.34128376768774604, -0.4237823482569105, 0.2695178253268654, -0.06071306826264633]], "inverted": false, "swapped": false, "error_lsq": 0.04636593894108781, "error_max": 0.25737167282134144, "target": "1076.xyz", "model": "13.xyz", "model_rescale": 3.9028299243045295, "target_rescale": 4.029034343976011},
{"mapping": [0, 8, 4, 10, 9, 13, 12, 11, 1, 3, 6, 2, 15], "R": [[-0.22778110455900288, -0.772370032547826, 0.5929252071112773], [0.5630170378772308, 0.39234496420495457, 0.7273769615013678], [-0.7944353865896395, 0.49950972151208767, 0.34548871855545027]], "T": [-0.04737581579826979, 0.025830597652167612, -0.009408316776296626], "aligned_model": [[-0.37797476954828524, 0.15095500600630618, -0.6928089912020863, -0.5761075734693522, -0.09087190370712767, -0.02254151755572794, 0.47123456082677184, 0.4721894244269247, 0.5035192655498043, -0.3754895079716078, 0.04209982182150072, 0.33562509540929497, -0.08220348886720236], [0.5617510962612391, 0.10295313833327108, 0.06699989935506892, -0.4716665411064688, -0.12800744315809814, -0.7272832151920722, -0.3569514400738981, -0.29819038175448237, 0.21853304308550073, 0.5456280904237905, 0.42294760256262726, 0.5928166993367039, 0.011256130317307853], [0.5297669424805876, 0.7330364006261757, 0.19328450146882606, -0.17761036018241108, -0.7678853460922452, 0.24525654991961413, 0.2528157816814911, -0.4228318942268545, -0.2950289263501126, -0.1135304410096502, -0.5373291980953808, 0.26259688917853874, -0.11686037679172412]], "inverted": true, "swapped": false, "error_lsq": 0.04887599718178654, "error_max": 0.26739114690005655, "target": "1076.xyz", "model": "14.xyz", "model_rescale": 3.942246331269136, "target_rescale": 4.029034343976011},
{"mapping": [10, 6, 11, 13, 12, 8, 7, 0, 5, 4, 3, 9, 14], "R": [[0.26312617769453994, -0.33774272423953977, 0.9037114953540845], [-0.941351805141054, 0.11521822680857752, 0.31714592724606494], [-0.21123776549078652, -0.9341598430859365, -0.28761779151526445]], "T": [-0.0022981031279420035, 0.09334832755602313, -0.05671433106874223], "aligned_model": [[-0.23103357715636566, 0.022204550395770056, -0.5505482520680265, -0.7169067887335602, -0.25149066102608264, -0.020742832092463987, 0.6072563967843957, 0.490345273750836, 0.46260959942423474, -0.4767596230043829, -0.09648738655615234, 0.4607841899341112, 0.05839453206689979], [0.6348623616050892, -0.060517858123658425, -0.10014727189898351, -0.18843354641401183, -0.24227223765026512, -0.6288807394604128, -0.2553349379443955, -0.43112635044710296, 0.4152013781525275, 0.4286859488226801, 0.46582498018365015, 0.4646268770707665, 0.038298074494606225], [0.34756669729155704, 0.48042085323135886, 0.3629191421376654, -0.3229158495923261, -0.7590946863332825, 0.22056872470240452, 0.430976964860992, -0.2081946869544114, -0.3449000352917222, -0.13480993172820585, -0.6641165475902535, 0.48722439218506364, -0.10996451431198491]], "inverted": true, "swapped": false, "error_lsq": 0.044524196695979144, "error_max": 0.2806461023645682, "target": "1076.xyz", "model": "15.xyz", "model_rescale": 4.355366556412066, "target_rescale": 4.029034343976011},
{"mapping": [2, 9, 3, 6, 5, 1, 7, 11, 4, 0, 10, 12], "R": [[0.4026072938380946, -0.5865997674338601, 0.7027147926398786], [-0.9121955010424017, -0.3210150085378143, 0.25465414226253813], [0.07620193453166502, -0.7435388874430231, -0.6643366526345085]], "T": [-0.0672548506314333, 0.05977360974598986, -0.07458362121879605], "aligned_model": [[-0.13573810148484267, 0.4692025045207753, 0.17539739006659796, -0.6652120905251815, -0.5666201736048682, -0.5346168907553208, -0.25113233121710343, -0.11782090413661253, 0.4699197121159042, 0.10604564087414717, 0.5965343148220724, 0.05184948395621258], [-0.5440850263625071, -0.27408907584871467, -0.5630245035722845, 0.495108290850926, -0.2720244107943951, -0.208419580191997, 0.3764106482632742, 0.5236021028565608, 0.06560260599994325, -0.028074311035421587, 0.383392606875113, 0.05837708070048299], [0.08271461174414854, 0.22089571088900598, -0.48110204128611755, -0.03491829265696558, -0.42624688864998994, 0.42142145592632907, -0.6864523185090567, 0.5272207069539543, -0.5973128543676587, 0.715499485778166, -0.12509996861403835, -0.1673611459983559]], "inverted": true, "swapped": true, "error_lsq": 0.04085244807054648, "error_max": 0.23295347024868227, "target": "1076.xyz", "model": "16.xyz", "model_rescale": 3.795458400668931, "target_rescale": 4.029034343976011},
{"mapping": [1, 6, 3, 7, 4, 8, 9, 11, 10, 0, 2, 5, 12], "R": [[-0.23592151700183436, 0.8869342674706259, 0.39710029337926445], [0.2208130291387746, 0.4468737345422783, -0.8669172230027481], [-0.9463522832318376, -0.11683950771285434, -0.3012737716086583]], "T": [-0.08770035262241498, -0.003592560755667655, -0.07901769918468116], "aligned_model": [[-0.16570006832108664, -0.11830066591346726, -0.6843804144100645, -0.5862734186528006, -0.10401374204863584, 0.00869189521917979, 0.6974864163675658, 0.29518550935549254, 0.5532790054748291, -0.5680251536576997, 0.049499758634627786, 0.35593410753921934, 0.024242192132053003], [0.787576092918827, 0.040763888481582224, -0.2674161598477852, -0.3583450205510496, 0.034246654893812574, -0.5794568287464154, -0.12129379515971703, -0.651230628735911, 0.2247816504680341, 0.32243709224021055, 0.5884806266799277, 0.46192211099551506, 0.05832099475345908], [0.2086710524683073, 0.5951276688668476, 0.3971670854284771, -0.317450644987359, -0.7222889137347608, 0.2627068268918923, 0.33034037910064085, -0.37785497735335694, -0.3545069824487012, 0.039317157667010105, -0.4425741799574436, 0.355793938385327, -0.18876788772002573]], "inverted": false, "swapped": false, "error_lsq": 0.04391469844133684, "error_max": 0.2549858286313375, "target": "1076.xyz", "model": "17.xyz", "model_rescale": 3.7474275329858107, "target_rescale": 4.029034343976011},
{"mapping": [7, 12, 9, 6, 0, 5, 10, 8, 3, 2, 1, 11, 13], "R": [[0.8973520535850992, 0.11699468724731298, 0.42552501111275365], [-0.12640962575983875, -0.8556762484276155, 0.5018353957146702], [0.4228237202923497, -0.5041134803124643, -0.7530535840996918]], "T": [-0.005821391047697189, 0.03479570441482242, -0.015841752462359065], "aligned_model": [[-0.2596391219806394, -0.06808894106244395, -0.549765607943704, -0.7020902706301069, -0.20309825116017316, 0.09701040051567789, 0.5763163272487292, 0.379777327698049, 0.590046383364239, -0.5628930646196393, 0.09469410578808427, 0.4439257048723771, -0.07856957037123664], [0.6069936937203376, -0.025631867821543988, -0.1956974492886539, -0.2395634318128913, -0.07354271489204213, -0.5723659742692844, -0.19639658311785896, -0.4470293230130306, 0.18072186349974373, 0.3333419217607173, 0.6014648619176012, 0.5253515686029212, 0.04314011310447365], [0.40318724717260074, 0.7269288608781792, 0.298358439862997, -0.20275222074536003, -0.8211286691244404, 0.36363190308128723, 0.2741671673754507, -0.38464077939232205, -0.30607671386660223, -0.33891145147775104, -0.39964002973913854, 0.2649057419666767, -0.09234897338472271]], "inverted": true, "swapped": false, "error_lsq": 0.040072307293718724, "error_max": 0.2614899393292729, "target": "1076.xyz", "model": "18.xyz", "model_rescale": 3.922800546911778, "target_rescale": 4.029034343976011},
{"mapping": [11, 7, 9, 2, 1, 3, 12, 5, 8, 10, 6, 13, 14], "R": [[-0.826877027833214, -0.04672214579750825, 0.5604385978265476], [0.3358316694924143, -0.8403727012886517, 0.4254301501947792], [0.45110028885786374, 0.5399914480997741, 0.7105756577391749]], "T": [0.042346454043031556, 0.05428473293381772, -0.09596931710540833], "aligned_model": [[-0.2180030787348315, -0.01840138450028972, -0.6539630311249347, -0.6203497234793816, -0.11277167729127652, -0.02373952941455451, 0.6030958279011265, 0.5519965104045532, 0.5339242098559585, -0.6326486937273368, -0.06440757179103519, 0.3917349382514535, 0.02115862536976182], [0.5005649584858672, -0.056270338865111846, -0.09723512688312683, -0.1954763978986389, -0.1554563805486956, -0.48890610504867515, -0.26686500641280386, -0.46097230962322755, 0.2794103649434416, 0.491872394459949, 0.47596025052201907, 0.4805837590219382, 0.03357661623755405], [0.39423032980630146, 0.6928895392627656, 0.2976523525993464, -0.20358955967278475, -0.7887391595367266, 0.23527922992148215, 0.35240221321499976, -0.3353450057869872, -0.38243120606066316, -0.15512365954834811, -0.6312833443343364, 0.3139216126296207, -0.004182819887815256]], "inverted": false, "swapped": false, "error_lsq": 0.03673732351832977, "error_max": 0.18268493701275668, "target": "1076.xyz", "model": "19.xyz", "model_rescale": 3.9282355846067225, "target_rescale": 4.029034343976011},
{"mapping": [3, 5, 6, 8, 9, 7, 2, 12, 10, 4, 11, 1, 13], "R": [[0.47891752574826474, -0.8157702679735808, 0.324279005520666], [-0.844978140637171, -0.5285285110454365, -0.08166734266181926], [0.23801248995905508, -0.23489674945048916, -0.9424296110166979]], "T": [-0.09282131026133991, 0.013642065402270347, -0.012924444605066969], "aligned_model": [[-0.31521763811479075, -0.0357971738550342, -0.5333428773816493, -0.7326823129888995, -0.13320268194272644, 0.09994004935047723, 0.6244755688897682, 0.311104846458244, 0.6885984697652126, -0.5182692171408151, -0.03429450957996205, 0.3159956631812637, 0.02031723507812451], [0.5741162198982084, 0.015070963358337148, -0.19171224440316423, -0.12457581968546567, -0.23402242353299763, -0.5559456252247171, -0.053889372210540534, -0.5529933703089546, 0.14845062014103208, 0.4504421922454173, 0.43177523369756104, 0.5092461480123082, 0.12482415640346511], [0.43736842080690075, 0.6830901805044475, 0.42366965796992684, -0.4003457818575998, -0.657483573761847, 0.14989661455633763, 0.3866264313217732, -0.5013528305345311, -0.34973912650590905, -0.17895929836022323, -0.5918047763656984, 0.37275167836873685, 0.011962926464540974]], "inverted": false, "swapped": false, "error_lsq": 0.045672126744995246, "error_max": 0.28096087185613183, "target": "1076.xyz", "model": "20.xyz", "model_rescale": 4.067790424073018, "target_rescale": 4.029034343976011},
{"mapping": [6, 3, 11, 10, 1, 12, 0, 7, 8, 13, 5, 2, 14], "R": [[0.07438468848652713, -0.08267436326594657, 0.9937966933821691], [0.9815453096565523, 0.18212065687519052, -0.05831699092522058], [-0.17616958650682427, 0.9797943743449029, 0.09469562182115454]], "T": [0.014200095592874402, 0.10442744054972578, -0.0201530027273564], "aligned_model": [[-0.18257850961750566, -0.002471541957250547, -0.5258774211447472, -0.614167831209711, -0.054320697236048945, -0.18357960612204213, 0.6311841908760122, 0.4645591446594777, 0.42425342364408175, -0.6041715571961103, -0.030096624388583845, 0.4753208595881869, -0.04042840817654633], [0.6913124781677297, -0.024300707184807674, -0.0026639641096982414, -0.32625558332379856, -0.15247717759583893, -0.5539361293370977, -0.16040330075087986, -0.3355737975997177, 0.21703653361028993, 0.22787294980508627, 0.506517614876618, 0.40199034197118044, 0.051667419861423855], [0.38531097328893926, 0.820618153493558, 0.3187864622833496, -0.32173666121475974, -0.796432604033739, 0.3181581947419615, 0.21147889091162111, -0.42045238389046524, -0.40007846520553736, -0.324293119037096, -0.4500685911473853, 0.48238644074843395, -0.03799676833202591]], "inverted": true, "swapped": false, "error_lsq": 0.046616302207512055, "error_max": 0.3094277680561846, "target": "1076.xyz", "model": "21.xyz", "model_rescale": 4.186013935880536, "target_rescale": 4.029034343976011},
{"mapping": [3, 6, 4, 10, 9, 7, 0, 1, 2, 11, 8, 5, 12], "R": [[0.21800243217341234, -0.05824204182756887, -0.9742088093064203], [0.9727532019246661, 0.0936736674038244, 0.21207652435012203], [0.07890594218300018, -0.9938979367112468, 0.07707621999903491]], "T": [-0.01407189475925982, 0.03900395015144131, -0.05422914369956813], "aligned_model": [[-0.19693809762137285, -0.020685753812185504, -0.6376118051394852, -0.6635505958705784, -0.1581649264285047, -0.16037745642452575, 0.6012917468275922, 0.44642978919094095, 0.5943218695033389, -0.43936798260650894, 0.03672182264909635, 0.3950669246023586, -0.03951011315095286], [0.5677694171086335, -0.0713337686531776, -0.07433311522888794, -0.4416103818746078, -0.15455444192508863, -0.6554314072819275, -0.1360870126972586, -0.5068396778380996, 0.3610964463739907, 0.49130042843423255, 0.4626597100559977, 0.6375271667121661, 0.06062331520451667], [0.6801452073918375, 0.491329921567077, 0.30069174684149513, -0.2627638249681165, -0.6262633273979258, 0.13199104009653348, 0.2811202030241957, -0.21270995892523245, -0.32957012203098923, -0.17049225954749714, -0.6910995591493274, 0.21579708066399425, -0.02249562495918915]], "inverted": false, "swapped": false, "error_lsq": 0.04177270356112242, "error_max": 0.2714931434898805, "target": "1076.xyz", "model": "22.xyz", "model_rescale": 4.166573947596378, "target_rescale": 4.029034343976011},
{"mapping": [13, 10, 7, 0, 2, 8, 9, 3, 12, 5, 6, 14, 15], "R": [[0.9118757426744162, -0.2937696314575224, 0.2866740894383258], [0.26312637469522854, 0.9543955628005598, 0.1410447469647435], [-0.31503514226468116, -0.05318376951583825, 0.9475887007548993]], "T": [0.08483132708798552, -0.03671817010691554, -0.10318167987102256], "aligned_model": [[-0.21927220614895754, -0.0792915099417934, -0.4928500431503256, -0.6718440293701535, 0.07191570056147889, -0.06356375406029335, 0.5289916720120811, 0.3732013022185345, 0.5075495966225013, -0.5996059638942925, -0.05621123303659206, 0.4312836563282739, 0.02732223357875147], [0.5882654744042674, 0.1559744888588861, -0.030646601236394753, -0.33848627402583403, -0.12027393166238633, -0.7550607179857912, -0.2748268455438188, -0.49141172150472506, 0.4426647645641217, 0.43123750504678116, 0.4793957009083782, 0.4702420457962429, -0.016287209229236942], [0.38027423752173284, 0.6017115508030024, 0.31828838808310095, -0.15916542058333305, -0.7707600351907593, 0.23746773524526188, 0.2231234119689391, -0.3706198667040144, -0.24768988647931614, -0.042973192050503733, -0.6443296266896142, 0.3957570801743837, -0.13540385349202494]], "inverted": false, "swapped": false, "error_lsq": 0.03946772021217315, "error_max": 0.25181210192140463, "target": "1076.xyz", "model": "23.xyz", "model_rescale": 4.274766983524099, "target_rescale": 4.029034343976011},
{"mapping": [1, 9, 3, 5, 4, 7, 6, 8, 11, 10, 12], "R": [[-0.080679911797158, -0.8599406987816796, -0.5039769304355898], [0.6659622495127606, -0.42271015576165744, 0.6146628396445151], [-0.7416097586037459, -0.28603866660791133, 0.606792260290836]], "T": [-0.01647206050806864, 0.06093339157162699, -0.05151988085469567], "aligned_model": [[0.34927930702974325, 0.2588812957168057, -0.5192523336995143, -0.48916255769082523, -0.4579334776536514, -0.5603858065521177, 0.047826966873974155, 0.09595715518508167, 0.662804504719077, 0.08444386507501402, -0.09256421504551218], [-0.3190552293952911, 0.6619660823484237, 0.5049177756787027, -0.2926435068903657, 0.590976623490536, -0.18671966893352904, -0.6449024749267233, -0.008345965179271865, -0.15928743627281255, 0.5903771844022332, 0.17830314692158125], [-0.5596640388566323, -0.27400371457208034, -0.45414214710583617, -0.4184936900432805, 0.2417416555207576, 0.33742618640652405, 0.1636634090315085, 0.6689411841597352, 0.21295768173330115, 0.455828578320386, 0.005311329427194138]], "inverted": true, "swapped": true, "error_lsq": 0.04405758183198854, "error_max": 0.2068013907348662, "target": "1076.xyz", "model": "24.xyz", "model_rescale": 3.7841303162186577, "target_rescale": 4.029034343976011},
{"mapping": [10, 11, 13, 12, 2, 3, 6, 4, 1, 14, 8, 7, 15], "R": [[0.5368778038852335, -0.584489856432908, -0.6083862518354664], [-0.16168420583855028, 0.6364776678419868, -0.7541580709113859], [0.82802200531008, 0.5032571768643387, 0.24720795427495798]], "T": [0.003195381370236283, 0.15309435251604836, -0.06350040486475127], "aligned_model": [[-0.26566765858582525, -0.03566820913411295, -0.5235341454180964, -0.6251289376189486, -0.1388599097965547, 0.0007530435221725362, 0.48726051071307425, 0.39783153867361276, 0.6373320511806779, -0.7671683793010531, 0.2129866782632329, 0.3384783311720027, 0.03901050804903101], [0.8048908763863458, 0.027723476977715267, -0.22179202194038805, -0.2290668098646355, -0.06825618412980017, -0.6173108127028653, -0.2602940080278928, -0.40134014140993385, 0.22906235817696474, 0.3125651375086466, 0.38333459665860375, 0.47678795788395084, 0.104482252873778], [0.26532943333941894, 0.6929381809190174, 0.376972306125712, -0.24879288329481913, -0.7703364976792982, 0.17202412469216205, 0.27828529724129486, -0.3693909705123694, -0.4444675162022388, 0.038517766500914694, -0.5659293305487668, 0.3899456818053335, -0.029415069779506135]], "inverted": false, "swapped": false, "error_lsq": 0.04340121159465161, "error_max": 0.28526852548015036, "target": "1076.xyz", "model": "25.xyz", "model_rescale": 4.19342608120988, "target_rescale": 4.029034343976011},
{"mapping": [2, 9, 3, 6, 5, 1, 7, 11, 4, 0, 10, 12], "R": [[0.4026072938380946, -0.5865997674338601, 0.7027147926398786], [-0.9121955010424017, -0.3210150085378143, 0.25465414226253813], [0.07620193453166502, -0.7435388874430231, -0.6643366526345085]], "T": [-0.0672548506314333, 0.05977360974598986, -0.07458362121879605], "aligned_model": [[-0.13573810148484267, 0.4692025045207753, 0.17539739006659796, -0.6652120905251815, -0.5666201736048682, -0.5346168907553208, -0.25113233121710343, -0.11782090413661253, 0.4699197121159042, 0.10604564087414717, 0.5965343148220724, 0.05184948395621258], [-0.5440850263625071, -0.27408907584871467, -0.5630245035722845, 0.495108290850926, -0.2720244107943951, -0.208419580191997, 0.3764106482632742, 0.5236021028565608, 0.06560260599994325, -0.028074311035421587, 0.383392606875113, 0.05837708070048299], [0.08271461174414854, 0.22089571088900598, -0.48110204128611755, -0.03491829265696558, -0.42624688864998994, 0.42142145592632907, -0.6864523185090567, 0.5272207069539543, -0.5973128543676587, 0.715499485778166, -0.12509996861403835, -0.1673611459983559]], "inverted": true, "swapped": true, "error_lsq": 0.04085244807054648, "error_max": 0.23295347024868227, "target": "1076.xyz", "model": "26.xyz", "model_rescale": 3.795458400668931, "target_rescale": 4.029034343976011},
{"mapping": [6, 8, 1, 2, 3, 9, 11, 4, 10, 0, 7, 5, 12], "R": [[-0.6206505048870052, 0.767777294022874, 0.15909424114787868], [-0.7401088460266727, -0.6406514361845712, 0.2044618139108455], [0.2589050922955603, 0.009152272808433476, 0.9658594044092896]], "T": [-0.02020035876605648, -0.0645716297993428, 0.06262109005498141], "aligned_model": [[-0.28245221112913776, 0.14665376550015724, -0.48131149810492097, -0.7739878719013669, -0.13845156033219402, -0.1555685924700252, 0.5697852753835636, 0.5618760614135916, 0.5851950198065419, -0.6555477481844165, 0.1101260454515539, 0.28143283458228147, -0.010124098296415342], [0.6024094227659492, 0.13892952706319317, -0.04528372125219222, -0.43264602980761446, -0.07262469521462503, -0.4596675133072936, -0.39335063024716677, -0.4526959670158103, 0.16335465027943447, 0.24693726437577815, 0.5547616727734648, 0.6085149912346524, 0.08214770674271984], [0.47194638994114013, 0.7419580392025579, 0.4332390393136759, -0.204138230305222, -0.6660958373684448, -0.03712345493043487, 0.29798445189138717, -0.3949919807457869, -0.23609696256591928, -0.3739211137489376, -0.44693694129903727, 0.2137246477091862, -0.013867524487309643]], "inverted": false, "swapped": false, "error_lsq": 0.05731717754022887, "error_max": 0.35012147621964246, "target": "1076.xyz", "model": "27.xyz", "model_rescale": 3.6321398670334006, "target_rescale": 4.029034343976011},
{"mapping": [10, 0, 11, 13, 6, 2, 3, 4, 7, 9, 12, 8, 14], "R": [[0.047569743997675405, -0.053164432258611775, 0.9974520853648137], [0.2767702577989759, 0.9601853214895302, 0.03797858335873899], [-0.9597579610786695, 0.274258439320776, 0.060390103555534744]], "T": [0.02464942632189276, 0.034144013439230236, 0.03817993314799786], "aligned_model": [[-0.327808683337993, 0.05086439852964278, -0.5331429335901313, -0.6115888338217127, -0.1918979677703776, -0.2597305217121852, 0.6326080993026718, 0.39063803702101646, 0.7067249203001301, -0.533887273795267, 0.17343352257999364, 0.2620324482144473, -0.0006197902010228983], [0.5529737168374892, 0.028765359068210948, -0.09620759033941356, -0.3683483310837529, -0.048883070664134276, -0.6285899999797985, -0.1088871004980343, -0.42123239592859446, 0.2304096588652972, 0.33354851713799616, 0.6008595134074668, 0.48905530322278107, -0.022676901655023493], [0.4978109294953519, 0.6616344539665983, 0.3287001201141082, -0.27753848703663486, -0.7035216015395789, 0.3748627755175751, 0.3236417210558865, -0.5493163774692044, -0.27349329467834216, -0.17387161484766966, -0.5450923580302836, 0.09929159438534635, 0.022572661673701783]], "inverted": false, "swapped": false, "error_lsq": 0.0453847319817071, "error_max": 0.26814109467281877, "target": "1076.xyz", "model": "28.xyz", "model_rescale": 4.156811204709835, "target_rescale": 4.029034343976011},
