[{"mapping": [11, 5, 11, 10, 4, 8, 6, 1, 7, 2, 3, 9, 12, 13], "R": [[-0.6187693777937874, 0.45713249733782546, -0.6388695774431369], [-0.25787669834177196, 0.6499891266030234, 0.7148522530916339], [0.7420404743388572, 0.6070782611620364, -0.28430954832267274]], "T": [0.03886583572755696, 0.2003689166872169, 0.09328793761000059], "aligned_model": [[-0.16062308659598662, -0.5882746378931295, -0.16062308659598662, 0.511253020172073, -0.16490970906207375, -0.3848632951345175, -0.5778658178896154, 0.16738258654870242, 0.1796269575162126, 0.16273615454464052, -0.21301407884308804, 0.6634880218051679, 0.5020318353400461, 0.06787064024269765], [-0.10471199910366269, 0.46644733427217544, -0.10471199910366269, -0.2721936418896622, -0.5720455740510207, -0.4397923543644917, -0.026198944271925956, 0.7595295601847304, -0.5421989742545068, 0.10010328508262265, 0.4152486693181342, -0.17935275142561447, 0.3471917988055581, 0.04657691183374957], [-0.5018520841778724, -0.235799227870367, -0.5018520841778724, -0.6610090203882946, 0.6179360181881712, -0.05240455473957678, 0.484255143389053, 0.031103269525384114, 0.08010778546260183, 0.8455253952287964, 0.49774251644783835, 0.1422956022091392, -0.22141844310547393, 0.04804854312257667]], "inverted": true, "swapped": false, "error_lsq": 0.06396482137485271, "error_max": 0.42916271820843743, "target": "1077.xyz", "model": "0.xyz", "model_rescale": 3.8414455957264533, "target_rescale": 3.928023645712748},
{"mapping": [5, 12, 10, 6, 1, 3, 11, 8, 4, 0, 13, 7, 9, 14], "R": [[0.05295472817900238, -0.49123244501353697, 0.8694173231133083], [0.4611655413385464, 0.7842667976526227, 0.41503244882975826], [-0.8857325444203875, 0.37896737994941315, 0.2680701115172367]], "T": [0.10198686378905464, -0.027321397264312697, 0.016168882517459328], "aligned_model": [[0.015184755793453936, -0.5244479753860849, -0.35678352978628114, 0.3622115527832995, -0.5317034273345529, -0.2519902247273534, -0.5494392496865362, -0.030595020557878466, 0.2662022262389485, 0.18552097298368206, 0.1064170870815408, 0.6600396975572551, 0.6332718893680296, 0.02032674982762067], [-0.43551825233433605, 0.40496374542077984, -0.003000467889294107, 0.013511747346305645, -0.4761448241985604, -0.7249527078523219, 0.22062539587143898, 0.6931824365061974, -0.5153808300009747, -0.1607452071020848, 0.599855305472254, -0.05874122219516477, 0.40042588942241764, -0.06418968743423342], [-0.49389337499720526, -0.038589601285684456, -0.49109783113863786, -0.7191153749793945, 0.3976030675866762, -0.021082390383740122, 0.5065073458116999, -0.27980183725999613, 0.19123612588528227, 0.7237969692103216, 0.4421697713726318, 0.33325693252836336, -0.000509256501314885, 0.02219831326510115]], "inverted": false, "swapped": false, "error_lsq": 0.046321351118439436, "error_max": 0.3126870685815305, "target": "1077.xyz", "model": "1.xyz", "model_rescale": 4.316132596720782, "target_rescale": 3.928023645712748},
{"mapping": [2, 0, 5, 10, 6, 7, 9, 12, 8, 3, 11, 13], "R": [[-0.4837032037296206, 0.8217019170663831, 0.3013920539615008], [-0.7903960381396165, -0.26220290930519496, -0.5536458590516957], [-0.37590599036846906, -0.5060193611328747, 0.7762983270391468]], "T": [-0.0673593932203775, -0.07941791792532604, -0.06778100552913281], "aligned_model": [[-0.123698115961892, 0.45607425224215553, 0.12899980059997573, -0.6569709257603552, -0.6544795374218794, -0.5482500550143447, -0.10712195626750685, -0.21151127046415952, 0.47283928754855226, 0.45329559844424944, 0.39583631980520767, -0.007204843118222198], [-0.5466387045837731, -0.34507531206807635, -0.5856476443332711, 0.37861455033277797, -0.20783611166540028, -0.041965340691266784, 0.45317813029199716, 0.4988175806503078, 0.06846138382731226, -0.04431094207363995, 0.4444892457140516, -0.05931040766003906], [0.2206826989084919, 0.05335650338144922, -0.43461049204422564, -0.14893929100748665, -0.5358522106251894, 0.3598437788981058, -0.5932658831394326, 0.4216298704115379, -0.4951311857761783, 0.6758793669290766, 0.05037311464270511, -0.12470780936943258]], "inverted": true, "swapped": true, "error_lsq": 0.04404386569647811, "error_max": 0.21907253255988965, "target": "1077.xyz", "model": "2.xyz", "model_rescale": 3.795458400668931, "target_rescale": 3.928023645712748},
{"mapping": [9, 8, 11, 2, 10, 7, 0, 6, 5, 1, 12, 13], "R": [[-0.9510498039594774, 0.25234814961440966, 0.17839473583831889], [0.22501864741439032, 0.9611340338664195, -0.15996242452358325], [-0.21182747391317858, -0.11199009031985055, -0.9708693737911983]], "T": [0.012933387552799186, -0.020463441868380026, 0.11992145032270615], "aligned_model": [[-0.07736844646859575, -0.30600802485106315, -0.6720292975488537, 0.22147290246934412, 0.19926022090758186, 0.18025626011575085, -0.25327408546057895, 0.6840763844534389, 0.30347412889359815, 0.737377307010734, -0.402654210075869, -0.021279313701922556], [-0.17880171197113856, -0.608840242555913, -0.05259069950972104, 0.05623465951790906, 0.4525044415092657, 0.5938337538249108, -0.3581112707238018, -0.018179215903935113, -0.5724695776821688, 0.25512617179349234, 0.6082947044634922, -0.09123196747268256], [-0.6068168379125677, -0.10007899289288105, -0.061140252216234564, 0.6252028530141877, -0.43289484922876964, 0.2207355965483043, 0.5374839645777888, -0.24043089013549215, 0.3205819713995652, 0.38234629964828404, -0.04320182555622212, 0.0869843933931376]], "inverted": false, "swapped": true, "error_lsq": 0.046184478347056274, "error_max": 0.24419382016458047, "target": "1077.xyz", "model": "3.xyz", "model_rescale": 3.7530521520055578, "target_rescale": 3.928023645712748},
{"mapping": [0, 7, 12, 10, 11, 6, 8, 5, 4, 9, 13], "R": [[0.7002911931072257, 0.4433615575235758, 0.5594843824153874], [-0.7121264820847679, 0.37933724568833954, 0.5907445535484496], [0.04968016072871523, -0.812116853256878, 0.5813760386239836]], "T": [-0.1621820550841325, -0.105748575177399, -0.13580159575793208], "aligned_model": [[-0.5175966200405414, -0.00932871516999259, 0.4582716270260706, 0.3966480768081626, 0.2673325626395797, -0.198882014690441, -0.14500328619032987, -0.7157143560311229, -0.3795614552266803, 0.3392346702133078, -0.15720088689280756], [-0.5709093881714626, 0.061812323915580114, -0.32583936967394805, 0.3670284040040084, -0.6267099888835238, 0.6516449979789348, -0.348198578928837, -0.004525835598209765, 0.2555593570528805, 0.1355946831756492, -0.12825324655672543], [-0.00720597607544482, -0.7391925817452933, -0.5373689394858572, -0.3037687956211237, 0.08123706297015662, -0.06300023892231807, 0.5254350976648869, 0.1999740583240497, 0.6245681084881972, 0.36590416246437785, -0.05375118081631487]], "inverted": false, "swapped": true, "error_lsq": 0.044825878245678935, "error_max": 0.20863138540256096, "target": "1077.xyz", "model": "4.xyz", "model_rescale": 3.7855080009869324, "target_rescale": 3.928023645712748},
{"mapping": [8, 12, 13, 15, 4, 6, 1, 14, 7, 5, 2, 10, 9, 16], "R": [[0.5626175628888426, 0.5370142904207592, -0.6285516126881768], [0.5839863510093107, -0.7963142875220997, -0.15761820111586478], [-0.5851678560582848, -0.2783867945360547, -0.7616294196419221]], "T": [-0.03935029675595855, 0.0038311618037336617, 0.06981073033432861], "aligned_model": [[0.20052341845705168, -0.5497312741579052, -0.35395862485222496, 0.4380590117881257, -0.3705147230348693, -0.3986516750373247, -0.6221346999829314, 0.014199046373001664, 0.14150067368025523, 0.346502089452708, 0.015175014888571203, 0.646554863235529, 0.520827327683184, -0.024134944338028836], [-0.3946024170872945, 0.39804761993185367, -0.06894268987921898, 0.13688202420016193, -0.4290147818848292, -0.5294037404401273, 0.20193756734755966, 0.6066563448020612, -0.6925226277429058, -0.26225607132431644, 0.6708438474619589, -0.24034979790903652, 0.4429364001725852, 0.05367964338397094], [-0.45841380329281634, -0.14737560684484738, -0.5787208458276174, -0.5887452102029063, 0.5697860253890595, -0.0426175875444566, 0.5105148605932316, -0.23256596375163952, 0.2789848160911995, 0.7296734168401199, 0.38271128185151615, 0.040246486980459906, 0.052443002682285356, 0.0567579861505141]], "inverted": false, "swapped": false, "error_lsq": 0.039024263164931676, "error_max": 0.25031328510411976, "target": "1077.xyz", "model": "5.xyz", "model_rescale": 4.2253639853439635, "target_rescale": 3.928023645712748},
{"mapping": [2, 11, 5, 10, 7, 6, 12, 8, 3, 0, 9, 4, 1, 13], "R": [[-0.33140221971577044, -0.23709663687993493, -0.9132128741688242], [-0.03743150185096299, 0.9704518692451363, -0.23837376564505247], [0.9427467589107065, -0.04481466566700369, -0.33048478679738513]], "T": [0.030517745219448025, 0.03991462182666941, 0.025072006777851395], "aligned_model": [[0.15834419167619676, -0.7162047645889867, -0.2009058786940795, 0.4174057119023288, -0.3069996529996893, -0.40668719036793166, -0.7268218932248449, 0.0028544259977208407, 0.068043392675454, 0.28213881347081454, 0.06263822387633108, 0.6376919073315441, 0.6979105779685857, 0.03480763913169838], [-0.41666870297797975, 0.1858803967295162, 0.03593098144764735, 0.18846835918540752, -0.4009295364301223, -0.4252034437108423, 0.12026830098619411, 0.7182918210016022, -0.6404187564714852, -0.004998652822200897, 0.5376238426688614, -0.32365879237812856, 0.33912459805132533, -0.01981909424737255], [-0.4496528389315393, -0.13818629994983714, -0.5641380604772369, -0.6358076817751229, 0.591755031101994, -0.053889993778032406, 0.5648161338933091, -0.26631088909611944, 0.22191659739382338, 0.7851590314657853, 0.37699562608308346, 0.01699602055532353, 0.08643957867856375, 0.03658660395010845]], "inverted": false, "swapped": false, "error_lsq": 0.045911827719205926, "error_max": 0.28210792283294645, "target": "1077.xyz", "model": "6.xyz", "model_rescale": 3.89814844738969, "target_rescale": 3.928023645712748},
{"mapping": [6, 4, 5, 10, 2, 8, 9, 7, 12, 11, 0, 3, 13], "R": [[0.7496378230165063, -0.017661302094351114, 0.6616125850612317], [-0.2090986692937845, 0.9421242850963056, 0.262067888020154], [-0.627949743851084, -0.33479831218228606, 0.7025590433246525]], "T": [0.01260340057503724, 0.040050205477905, -0.010146061494460065], "aligned_model": [[0.12678508136721078, -0.07212830537444902, 0.37242715949725647, -0.3392008773543164, 0.5378759157994064, -0.3273840659137062, -0.6150340842795379, 0.16527757962206296, -0.39569274500404095, -0.541166326192657, 0.20223297392699324, 0.06561757120714386, -0.0309780763971434], [-0.3999623601039375, 0.3658493509779053, 0.41368602460011533, -0.6107036414513802, 0.036115996838600686, 0.605200710749958, -0.016407361606672166, -0.5106002620938142, -0.32396534177711, 0.34021349452136546, 0.576228584859058, 0.3841504208343068, 0.10397564912208987], [-0.6214098630992084, -0.8117910997954277, -0.4105364687942956, -0.13966574849949004, 0.1594237786776876, -0.2577839183940686, -0.415433242784729, 0.28817614353546916, 0.5334033841651166, 0.3157841003773189, 0.17902132132966775, 0.8289781302479149, -0.045891486129659695]], "inverted": true, "swapped": true, "error_lsq": 0.046933244863979644, "error_max": 0.3005677545304905, "target": "1077.xyz", "model": "7.xyz", "model_rescale": 3.7474275329858107, "target_rescale": 3.928023645712748},
{"mapping": [0, 13, 12, 10, 2, 1, 4, 11, 3, 8, 9, 6, 7, 14], "R": [[0.8895601130709527, 0.39260054082824636, -0.23355432039369883], [-0.15510615351389068, -0.2213122763354866, -0.962789155259515], [-0.4296799813527731, 0.8926845420889588, -0.13597581380564294]], "T": [-0.0037084171203970945, 0.00015347735213265285, 0.012112201882411439], "aligned_model": [[0.24012974621546712, -0.8076958935242834, -0.327520907054712, 0.4176735179625352, -0.46553539418500484, -0.3871924567938519, -0.5716514679111497, 0.06748806617673417, 0.34113078852661904, -0.04324987589701641, 0.2603514177852937, 0.7567179675233269, 0.583930292469127, -0.06036029713794216], [-0.5381938220055934, 0.3987722176156887, 0.19894195156825958, 0.12067016494361114, -0.5417723231990151, -0.6052781500182697, 0.10330980104350725, 0.5851517816595493, -0.5093969956519458, 0.025441875489629572, 0.615113696739988, -0.2874882396315057, 0.34079198930478943, -0.012172626826270162], [-0.2793296842667774, -0.04098267912295995, -0.47396519183253905, -0.606900199032145, 0.46113532578830774, -0.2141494960366288, 0.5403406655101286, -0.1858473907455677, 0.38032243353637707, 0.6925585890533487, 0.37603083598682063, -0.06503735797456005, -0.038125066063367206, 0.026628074313665255]], "inverted": true, "swapped": false, "error_lsq": 0.050707430519522416, "error_max": 0.2754824775144069, "target": "1077.xyz", "model": "8.xyz", "model_rescale": 4.019505241142653, "target_rescale": 3.928023645712748},
{"mapping": [9, 11, 8, 4, 6, 5, 0, 10, 1, 7, 3, 2, 13], "R": [[0.8986000055754125, 0.3990226676563305, 0.18247997335678973], [-0.3406189106321605, 0.3722379293139531, 0.8633757476903212], [0.27658052660957405, -0.8379855814251738, 0.47040767173153614]], "T": [-0.02548456649030012, -0.035933159239853504, 0.06305399269717082], "aligned_model": [[-0.3020667503703312, -0.5763480129059542, -0.018795378438579875, 0.4413157824516268, 0.30884792332241984, 0.57401988624185, 0.14251074107083772, -0.3821637635928949, 0.45190400336000347, -0.20510025025864587, -0.38060782201241117, 0.29054099243370063, -0.024356579560444958], [-0.5486741837114012, 0.21413796716777878, 0.05291025579051385, -0.4087806705123097, -0.7111651104900476, 0.0389382251963941, 0.5018906956288564, -0.656678858214537, -0.2776810914743055, -0.13804674956956553, 0.7873990669267037, 0.24197967278679872, -0.03285099141081982], [-0.4080860140714312, -0.3070855430617165, -0.6357830280147209, -0.568643308389221, 0.17519474138921923, -0.1906742635548545, -0.14128397759120784, 0.2899391974664953, 0.6821610268827595, 0.6736541083317494, 0.20919224370088516, 0.42022751893541155, -0.022109207979489093]], "inverted": true, "swapped": true, "error_lsq": 0.050946639143187165, "error_max": 0.33115474511361276, "target": "1077.xyz", "model": "9.xyz", "model_rescale": 3.877068213659057, "target_rescale": 3.928023645712748},
{"mapping": [2, 5, 4, 13, 8, 7, 0, 3, 9, 11, 12, 14, 6, 15], "R": [[0.2188959949091901, 0.5008550309850558, 0.8373940418642081], [0.9434013323950158, -0.32777687675534495, -0.05055932258071283], [0.2491555125780383, 0.8010658880525812, -0.5442563491136366]], "T": [0.0363699218713817, 0.012056853075152446, 0.027072385912917284], "aligned_model": [[0.13226955016853809, -0.5517910267075805, -0.3173965276971372, 0.5557149965508578, -0.29473968362737524, -0.5465816076688527, -0.4541367919115783, -0.0618098053145453, 0.30129041967899256, 0.07692659641282416, -0.010015391164578905, 0.7407753432459702, 0.4499543462120898, -0.016244914022482328], [-0.5298502717169171, 0.5268961505688835, -0.01699118422098852, 0.016837807737652172, -0.5610203132677476, -0.49664382877542734, 0.1959228061014136, 0.5179973061386937, -0.5598212921454068, -0.009730310460133711, 0.622314361888105, -0.3180258475269333, 0.46927635007524926, 0.036729586635980443], [-0.34373118384007817, 0.02544801976369111, -0.5492054901450636, -0.5455499432381173, 0.42364763270846234, -0.23307699407532123, 0.6265409094280192, -0.34326035886099643, 0.22307703065409076, 0.7636426486298765, 0.4555923870627998, -0.03910887835354847, 0.012830524005445026, 0.09583255537484324]], "inverted": false, "swapped": false, "error_lsq": 0.04398431068031272, "error_max": 0.2587415479758566, "target": "1077.xyz", "model": "10.xyz", "model_rescale": 4.260839863003843, "target_rescale": 3.928023645712748},
{"mapping": [3, 0, 5, 2, 6, 7, 12, 11, 8, 4, 9, 13], "R": [[0.9436014379716521, -0.33006621516980184, -0.025934915872486156], [0.2898362622211482, 0.7856428331193216, 0.5465896814521107], [-0.16003520662499454, -0.5232796884761801, 0.8369988651538111]], "T": [-0.0831739605527091, 0.05888438718891837, -0.09651676468203735], "aligned_model": [[0.47693232436486466, 0.15563628401469226, -0.3414700604604391, -0.3659784683900207, -0.6950676910695894, -0.3238255048738595, 0.2854306763348903, 0.6199165764808364, 0.32067651891143334, -0.25741264246273415, 0.12185640068758631, -0.037795764443529875], [-0.20299414377771957, -0.4778921827926575, -0.47629108887779753, -0.22432418381527675, 0.319115279762034, 0.443905851189057, 0.6222683995855001, 0.14469058160139775, -0.22913784552990424, -0.21023023073566555, 0.43523889597112303, 0.02872917295284296], [-0.7621333617392438, -0.21514015756239227, 0.17963478005923073, -0.47664192775391057, 0.2751792056424541, -0.5540829204164737, -0.47253290430349315, -0.06059498123734493, 0.4037422310839249, 0.7116772199403198, 0.5180512163281006, -0.030980322645666705]], "inverted": false, "swapped": true, "error_lsq": 0.05047660703030566, "error_max": 0.2915019513056237, "target": "1077.xyz", "model": "11.xyz", "model_rescale": 3.890672605050136, "target_rescale": 3.928023645712748},
{"mapping": [5, 10, 12, 9, 3, 7, 4, 10, 8, 0, 2, 6, 11, 13], "R": [[-0.6888820361515622, 0.006433031968784475, -0.7248449188394483], [0.0967604144305852, 0.9918277609527113, -0.08315716928054348], [0.7183863601620644, -0.12742177483938985, -0.6838747903160933]], "T": [0.1912023319994495, -0.03781938564079351, 0.11396481183238152], "aligned_model": [[0.06818959208679451, -0.2921467749628779, -0.34894312838355634, 0.48896375081169763, -0.35486355701579153, -0.4647607765829437, -0.3790372756694548, -0.2921467749628779, 0.27826584658291564, 0.1592099032339264, -0.02102586298883219, 0.7566682089576259, 0.37888640788880923, 0.026955945159706812], [-0.48674174379807106, 0.6430515562492993, 0.02735296923525901, 0.026618942535050094, -0.5522388064809556, -0.5262780545639096, 0.1899257350650298, 0.6430515562492993, -0.7391879601820806, -0.19117032554774346, 0.6033438179289619, -0.145597649894477, 0.4685939741721196, -0.0668326899353591], [-0.5091794443400959, -0.20592408408459187, -0.3950809548061529, -0.6022797381295855, 0.6527113759221229, -0.12704286275326823, 0.4516273558988584, -0.20592408408459187, 0.2542969639302898, 0.6833105007407578, 0.3363003090137191, 0.14024278153974387, 0.008692020685731924, 0.09092871958116426]], "inverted": false, "swapped": false, "error_lsq": 0.05006045155988369, "error_max": 0.451941465356553, "target": "1077.xyz", "model": "12.xyz", "model_rescale": 4.124412569039231, "target_rescale": 3.928023645712748},
{"mapping": [11, 10, 7, 8, 12, 3, 9, 0, 6, 5, 2, 1, 13], "R": [[-0.19602138285090137, 0.6628658950599063, -0.7226232923395493], [-0.6032616840591186, 0.4994505422887967, 0.6217913607904048], [0.7730788821403523, 0.55781534666398, 0.30197861019411154]], "T": [0.08900056477588357, 0.10115888715674663, -0.04717265757654294], "aligned_model": [[-0.20884015983609183, 0.09626599213670721, 0.6293262716186994, -0.5467592257186081, 0.3320050021535742, 0.46787239840867134, -0.5295815457699166, 0.0691990599914478, 0.0004576114784983626, -0.10262007929335033, 0.528187885147384, 0.6226510789168624, 0.009134018275879854], [-0.3657073500148642, 0.6620106131117893, 0.33358943648479483, -0.1844552703961827, 0.004937613516003622, -0.7017279467769595, 0.37568298566558317, -0.41938967398388755, 0.8374522787948273, 0.09483373718324459, 0.02027723468476382, 0.616368350213344, 0.07361336802602012], [0.39590318259458784, 0.4522417231165369, 0.2165424361561223, -0.14986209687899804, 0.6783267365849118, 0.1456322573998774, 0.2743342015174924, -0.34359806848569907, -0.22131092477304137, -0.6737752926795827, -0.3716002764101787, -0.39273273495156086, -0.05840306222262864]], "inverted": false, "swapped": true, "error_lsq": 0.05408728040249154, "error_max": 0.30660290565007065, "target": "1077.xyz", "model": "13.xyz", "model_rescale": 3.9028299243045295, "target_rescale": 3.928023645712748},
{"mapping": [10, 8, 5, 14, 3, 4, 2, 12, 7, 6, 1, 9, 11, 15], "R": [[-0.4217758964711863, 0.7598036511907773, 0.49477621688303797], [0.4888738523973086, 0.6501434927111073, -0.5816492029802991], [-0.7636147258913634, -0.00344245879658972, -0.6456629924963116]], "T": [-0.11588725395925063, 0.0183744315090514, 0.041678033253295756], "aligned_model": [[0.13789593730773891, -0.7666329672422338, -0.39547438108857846, 0.5994937732417014, -0.30704500826589654, -0.4401092421572623, -0.5195835238395808, -0.08474795023846951, 0.3339387019939441, 0.20227431866900875, 0.16475853043589178, 0.6118828773830408, 0.48904474836130424, -0.02148031040546576], [-0.47950043305675827, 0.3966152301506073, 0.021349869666600813, 0.06310396191130092, -0.37937887772927936, -0.5509841574954274, 0.39659514305041377, 0.625832352947866, -0.7640316306046733, -0.07813991575038166, 0.45010651110372774, -0.20748987241860525, 0.4416834135104325, -0.041870274253401216], [-0.45134053953366704, -0.13144352647986743, -0.38718560331023055, -0.4772438373725799, 0.4820647533034672, -0.1317410354169807, 0.5276082593162951, -0.29635377945951114, 0.11994245144994078, 0.6194898163843041, 0.4379659473926212, 0.18373931791932066, 0.014780697635714012, 0.062395937285276475]], "inverted": false, "swapped": false, "error_lsq": 0.042179183146114484, "error_max": 0.26299753118213115, "target": "1077.xyz", "model": "14.xyz", "model_rescale": 3.942246331269136, "target_rescale": 3.928023645712748},
{"mapping": [2, 10, 9, 7, 3, 5, 4, 6, 1, 12, 11, 0, 8, 14], "R": [[0.9913646553537823, -0.12163382508259196, -0.04900339489314989], [-0.10767431078242054, -0.5417437562264226, -0.8336185850778622], [0.07484893394569678, 0.8316964080633412, -0.5501624504650685]], "T": [-0.06333613750052147, 0.05216443598135881, 0.11823991901001547], "aligned_model": [[0.21128432500929123, -0.6766552618963244, -0.34591852937341916, 0.389578916261023, -0.39659544558581666, -0.2298828523233512, -0.5020570836386096, 0.04723533081233586, 0.11165899977396138, 0.2529679278361172, -0.05258089740672435, 0.5809214404963728, 0.60460589140177, 0.009652742788516175], [-0.4320288895584121, 0.3777571622359627, 0.10927332425403083, 0.14065452598418318, -0.44225310640759785, -0.5202344357908298, 0.20060965761809088, 0.48501502314537714, -0.6941128788242762, -0.26281725543260415, 0.7465534335171142, -0.24097612992810988, 0.439140698635457, -0.012689808415963177], [-0.40405151660148314, -0.04555734685123712, -0.6334568767900018, -0.6014940361265393, 0.5195346459292974, -0.09947843475181777, 0.4776170531122382, -0.21821766958819733, 0.38108646572005767, 0.8029402406750945, 0.2966194850156636, -0.08105449807212349, 0.06398363406579886, 0.11420771337735316]], "inverted": true, "swapped": false, "error_lsq": 0.04805524383373251, "error_max": 0.28698540412889345, "target": "1077.xyz", "model": "15.xyz", "model_rescale": 4.355366556412066, "target_rescale": 3.928023645712748},
{"mapping": [2, 0, 5, 10, 6, 7, 9, 12, 8, 3, 11, 13], "R": [[-0.4837032037296206, 0.8217019170663831, 0.3013920539615008], [-0.7903960381396165, -0.26220290930519496, -0.5536458590516957], [-0.37590599036846906, -0.5060193611328747, 0.7762983270391468]], "T": [-0.0673593932203775, -0.07941791792532604, -0.06778100552913281], "aligned_model": [[-0.123698115961892, 0.45607425224215553, 0.12899980059997573, -0.6569709257603552, -0.6544795374218794, -0.5482500550143447, -0.10712195626750685, -0.21151127046415952, 0.47283928754855226, 0.45329559844424944, 0.39583631980520767, -0.007204843118222198], [-0.5466387045837731, -0.34507531206807635, -0.5856476443332711, 0.37861455033277797, -0.20783611166540028, -0.041965340691266784, 0.45317813029199716, 0.4988175806503078, 0.06846138382731226, -0.04431094207363995, 0.4444892457140516, -0.05931040766003906], [0.2206826989084919, 0.05335650338144922, -0.43461049204422564, -0.14893929100748665, -0.5358522106251894, 0.3598437788981058, -0.5932658831394326, 0.4216298704115379, -0.4951311857761783, 0.6758793669290766, 0.05037311464270511, -0.12470780936943258]], "inverted": true, "swapped": true, "error_lsq": 0.04404386569647811, "error_max": 0.21907253255988965, "target": "1077.xyz", "model": "16.xyz", "model_rescale": 3.795458400668931, "target_rescale": 3.928023645712748},
{"mapping": [6, 4, 5, 10, 2, 8, 9, 7, 12, 11, 0, 3, 13], "R": [[0.7496378230165063, -0.017661302094351114, 0.6616125850612317], [-0.2090986692937845, 0.9421242850963056, 0.262067888020154], [-0.627949743851084, -0.33479831218228606, 0.7025590433246525]], "T": [0.01260340057503724, 0.040050205477905, -0.010146061494460065], "aligned_model": [[0.12678508136721078, -0.07212830537444902, 0.37242715949725647, -0.3392008773543164, 0.5378759157994064, -0.3273840659137062, -0.6150340842795379, 0.16527757962206296, -0.39569274500404095, -0.541166326192657, 0.20223297392699324, 0.06561757120714386, -0.0309780763971434], [-0.3999623601039375, 0.3658493509779053, 0.41368602460011533, -0.6107036414513802, 0.036115996838600686, 0.605200710749958, -0.016407361606672166, -0.5106002620938142, -0.32396534177711, 0.34021349452136546, 0.576228584859058, 0.3841504208343068, 0.10397564912208987], [-0.6214098630992084, -0.8117910997954277, -0.4105364687942956, -0.13966574849949004, 0.1594237786776876, -0.2577839183940686, -0.415433242784729, 0.28817614353546916, 0.5334033841651166, 0.3157841003773189, 0.17902132132966775, 0.8289781302479149, -0.045891486129659695]], "inverted": true, "swapped": true, "error_lsq": 0.046933244863979644, "error_max": 0.3005677545304905, "target": "1077.xyz", "model": "17.xyz", "model_rescale": 3.7474275329858107, "target_rescale": 3.928023645712748},
{"mapping": [7, 5, 12, 11, 6, 9, 4, 10, 2, 0, 8, 1, 3, 13], "R": [[0.0823477627662477, -0.3575169040064281, 0.9302690521118354], [0.8314606929150277, 0.5392691692995591, 0.13364834147951793], [-0.5494469602287887, 0.7624765087480547, 0.34166886235465166]], "T": [0.04065633001645545, -0.00447735764466829, -0.0022828120704159738], "aligned_model": [[0.1648220070592603, -0.5624427329070923, -0.39266747822684345, 0.4707865233836744, -0.3757050599797979, -0.5203675966675396, -0.5244751005821121, -0.02728274668643775, 0.18671984967131916, 0.2646082640342713, 0.017391926114071546, 0.7020018485179598, 0.5477946543650207, 0.053031146059388204], [-0.5188739643337923, 0.3799001593700487, -0.04377426769971396, 0.13413940362213614, -0.46654996859806713, -0.3670265128098744, 0.14046814021726262, 0.6091009034337531, -0.6292959819681424, -0.10436222301440415, 0.577860863171753, -0.1924252694563955, 0.4447788725786738, -0.07004883348081453], [-0.5383782305432041, -0.11065892283581175, -0.6104958942900853, -0.5657631329830766, 0.4539308512359658, -0.041454608469636195, 0.5883465901944724, -0.3110632678188256, 0.30119677329610783, 0.7970987837276227, 0.4186630458568618, 0.07398057634935185, 0.037324521741332245, 0.07995177365302766]], "inverted": true, "swapped": false, "error_lsq": 0.037078865597944474, "error_max": 0.2472828744352601, "target": "1077.xyz", "model": "18.xyz", "model_rescale": 3.922800546911778, "target_rescale": 3.928023645712748},
{"mapping": [12, 6, 8, 5, 11, 13, 10, 1, 7, 9, 2, 3, 0, 14], "R": [[0.2227666880764702, -0.9472376095658062, 0.2304688996535065], [0.1323608531432234, 0.2636085526844543, 0.9555056962189212], [-0.965844504689362, -0.18234977920377282, 0.1841003823616253]], "T": [-0.08202830570209609, 0.004653165468334944, -0.035549879174229845], "aligned_model": [[0.3460337615602955, -0.6240910885517079, -0.365677900448515, 0.3635104296066855, -0.39603356694802305, -0.3899568225108158, -0.5279060407039634, -0.05176728641009547, 0.219473898493033, 0.1545928152838233, 0.12621115584519443, 0.5254525534609055, 0.663872647056082, -0.03949905157775583], [-0.5486935427484952, 0.423698583429571, 0.001995805062271763, 0.12289541833393275, -0.4218890825582857, -0.5988247495480755, 0.23564883223800548, 0.7272905925223906, -0.6398445004910941, -0.019279844507230273, 0.4309526254730996, -0.13521868568701406, 0.3778546901177883, -0.06269482060444181], [-0.3949720983582407, -0.11515295102537808, -0.577699766066668, -0.6438653607809655, 0.4405866761616094, -0.14872311560234192, 0.5956669572825826, -0.19322817085684918, 0.3276720894578756, 0.7430262841212183, 0.5011381678716559, 0.10781020798416545, -0.08841788793797793, 0.01883782686341695]], "inverted": true, "swapped": false, "error_lsq": 0.04365954354998041, "error_max": 0.27993119645089637, "target": "1077.xyz", "model": "19.xyz", "model_rescale": 3.9282355846067225, "target_rescale": 3.928023645712748},
{"mapping": [11, 3, 0, 10, 8, 4, 6, 1, 9, 7, 5, 12, 2, 13], "R": [[0.7826126449804279, -0.30409269234056985, 0.5431805246709438], [0.26739242636015553, -0.6237551978386006, -0.7344594907103841], [0.5621554395734039, 0.7200396430991778, -0.4068466223574202]], "T": [-0.021642969240881167, -0.04283835466680662, 0.147625177081809], "aligned_model": [[-0.055576173080848286, -0.6192282348169155, -0.29864294093500704, 0.6148857737846529, -0.3590995695332859, -0.5574015890289572, -0.3727098968260923, -0.0631013429755671, 0.24490285513103138, 0.40137151007991284, -0.153790361185478, 0.7340398235653348, 0.4867217064085617, 0.0018439435677998772], [-0.47339336637002016, 0.36655844351046823, 0.048573461859157174, -0.01311328620005213, -0.6701829190982854, -0.2907867884589783, 0.1418483687162439, 0.5493160044283251, -0.6810951852303246, 0.08769197811947722, 0.6081726849626322, -0.415273531134996, 0.5926433159306168, 0.04293213999815855], [-0.42406887649961067, -0.05643653209012961, -0.5974331318294567, -0.43218679985420194, 0.41442738757781616, -0.07787897020288448, 0.6667464351891771, -0.30968786073640264, 0.14510188821710643, 0.5859382602624071, 0.36305926289793516, 0.26177376994773677, 0.019388625169252577, 0.013935401065357594]], "inverted": false, "swapped": false, "error_lsq": 0.0558481049548888, "error_max": 0.3124386864521788, "target": "1077.xyz", "model": "20.xyz", "model_rescale": 4.067790424073018, "target_rescale": 3.928023645712748},
{"mapping": [13, 3, 11, 10, 4, 6, 2, 12, 5, 8, 0, 1, 9, 14], "R": [[0.31977252606414186, 0.9419502084794427, 0.10234909047027503], [0.8848135658559482, -0.25823444574081905, -0.3878400762043729], [-0.33889597998772353, 0.2145804645778987, -0.9160266038547646]], "T": [-0.009312328142274121, -0.02088498210459641, 0.08995599796518455], "aligned_model": [[0.2274621597853829, -0.6835465068006933, -0.22925020829429835, 0.4913756211540612, -0.314537095401253, -0.6366214716497395, -0.6143030972993421, 0.01930637223023016, 0.17673915301587567, 0.25008754103215125, -0.11469625814943889, 0.797358863820329, 0.600619160800933, 0.03422126991094489], [-0.4450536742972957, 0.4574632732028826, 0.05945837992363642, 0.0208285907934872, -0.5124492856592301, -0.39426815564319406, 0.08943000448801713, 0.6265886204732842, -0.565069788940717, -0.16293196521027647, 0.48989806259396274, -0.17040267289674332, 0.40099713258961156, -0.0005972003850026539], [-0.41416925185605663, -0.11088283200531152, -0.5127085248262124, -0.5572366911307101, 0.6446404773395662, -0.030978475554764615, 0.5089293915198861, -0.31866702004958275, 0.2230494359156658, 0.5775031845922014, 0.5720897325924907, 0.10515959874382413, -0.1425283231525113, 0.028478156985617523]], "inverted": false, "swapped": false, "error_lsq": 0.03881033393324941, "error_max": 0.212925024165361, "target": "1077.xyz", "model": "21.xyz", "model_rescale": 4.186013935880536, "target_rescale": 3.928023645712748},
{"mapping": [8, 4, 9, 3, 2, 11, 0, 5, 10, 6, 1, 7, 13], "R": [[-0.9235052966163478, -0.37976616664931384, -0.05399653498176479], [0.30492158060930685, -0.6414018794199529, -0.704007428054047], [0.2327247232252589, -0.6666192974592303, 0.7081369327006527]], "T": [0.060566477910281, -0.05142372335857571, 0.06183636152603106], "aligned_model": [[0.039034966584416346, -0.4729795866854337, 0.25219806027031455, 0.522268241132617, -0.20415209558338912, 0.6244156751340083, -0.045526053831121696, -0.5337084572954914, 0.34403929293753943, -0.3521163859786417, -0.42008213744403045, 0.2485303605133492, 0.056652155669088725], [-0.3397197179357308, 0.06780794542763918, 0.32950265257354716, -0.752270610465923, -0.24663909990010316, -0.33586774616285064, -0.6405299080449915, -0.2625150940795871, 0.6438784267477748, 0.5860270382457509, 0.3055836383713644, 0.2429295177517392, -0.07923038298253597], [-0.580606548528485, -0.6142344326568563, -0.5542370118275868, 0.40967251883684447, 0.5051146686345409, -0.2608942714677987, 0.0313534777568002, -0.11611609186269825, 0.07667724366105738, 0.0014929307880386378, 0.6196518161075957, 0.6036363510823137, -0.01863108918842009]], "inverted": true, "swapped": true, "error_lsq": 0.03827702612121334, "error_max": 0.25370139206721315, "target": "1077.xyz", "model": "22.xyz", "model_rescale": 4.166573947596378, "target_rescale": 3.928023645712748},
{"mapping": [4, 11, 3, 8, 6, 2, 12, 9, 1, 13, 14, 7, 10, 15], "R": [[-0.8907873212353313, 0.018609795591239958, 0.4540392316027713], [0.44302165115130276, -0.1868223818801466, 0.8768290678574714], [0.10114230043634626, 0.9822174266101579, 0.15817446673140056]], "T": [-9.689894839045167e-05, -0.013193250901668997, 0.020358228067185843], "aligned_model": [[0.07294616507492481, -0.7004189506875032, -0.3188465614869386, 0.4533703665578275, -0.36602134561806127, -0.45236840947897206, -0.4664872353664441, -0.03752766340048932, 0.031643198567274856, 0.45683381007934765, 0.03851614531975526, 0.6953803711252395, 0.5837411338813208, 0.013454479587860568], [-0.46667561842903615, 0.31219954284443974, -0.024087663022795042, 0.07579569169291302, -0.4608728771179849, -0.4956756384550056, 0.21539088824943275, 0.516331938638476, -0.7147754384982479, 0.1485552562330796, 0.6141447974537908, -0.12754998817244684, 0.37647826219817454, -0.07536783258236743], [-0.5531153689749567, -0.1401468530125912, -0.4892559558329103, -0.6433642647198203, 0.5151206797216932, -0.10402209856170472, 0.4198713075196881, -0.2600899450363289, 0.14231748816676287, 0.7145231122862257, 0.5009139159100776, 0.14128610368703226, 0.2815679070687308, 0.04707283089220414]], "inverted": false, "swapped": false, "error_lsq": 0.0465709322859541, "error_max": 0.3499395652507623, "target": "1077.xyz", "model": "23.xyz", "model_rescale": 4.274766983524099, "target_rescale": 3.928023645712748},
{"mapping": [11, 2, 0, 8, 5, 4, 9, 6, 10, 1, 13], "R": [[0.30848618647233, 0.9506503018990637, -0.0331704123425991], [-0.5108519005615013, 0.13615427720217138, -0.8488182069750017], [-0.8024129912012026, 0.27879385986562455, 0.5276432272404958]], "T": [0.0824134343756559, 0.1612252567925782, -0.08459464883124604], "aligned_model": [[0.1166277140475096, 0.07529478839582784, -0.2938045535001472, -0.44949107649755854, -0.5084761868392105, -0.5983383453112532, 0.0327292326565202, 0.09510677982486898, 0.6160126427498456, 0.27513884877871914, 0.019094859652952517], [-0.2622918605074575, 0.7131360601883872, 0.39476384158817246, -0.24739752048682945, 0.3686536060423796, -0.1805709801427181, -0.5625543716627754, 0.07861198983466033, -0.20528021594813733, 0.7108476883165304, 0.10766829402127132], [-0.6524432335894744, -0.07965360459271595, -0.4885138032920462, -0.3000386005906591, 0.1083101892154521, 0.33458509722547525, 0.1026177923324233, 0.6725749995003395, 0.29615171275095076, 0.4902162127139176, -0.10424032765208548]], "inverted": false, "swapped": true, "error_lsq": 0.04911077647410289, "error_max": 0.31946609228836453, "target": "1077.xyz", "model": "24.xyz", "model_rescale": 3.7841303162186577, "target_rescale": 3.928023645712748},
{"mapping": [9, 1, 8, 10, 5, 2, 4, 0, 12, 3, 6, 14, 7, 15], "R": [[-0.3633814531137933, -0.8745148999369179, -0.32121271662440554], [-0.7919211715456478, 0.10833564477176894, 0.6009361414739953], [-0.490728822865212, 0.4727441991819759, -0.731914028113354]], "T": [0.10025902026985128, 0.04516281682987717, 0.005563236675086902], "aligned_model": [[0.1344192006019884, -0.5172132561027376, -0.360384785050536, 0.6741541435855876, -0.29836973556316654, -0.46355125964961524, -0.4942597280567346, -0.06746083495848113, 0.17193267387341876, 0.09780852311103086, 0.027406187330633422, 0.6187390676848272, 0.3835170067071981, 0.09747830064172922], [-0.43833577641465193, 0.43378912267794695, 0.055906842910732314, 0.13137005207456312, -0.5172048652993618, -0.4528264965999433, 0.10170507379358476, 0.6203790279102828, -0.6732660274713966, -0.04769546825685499, 0.5073936396209322, -0.525758962661524, 0.6197090626095412, 0.07872609613857241], [-0.32185530424213243, -0.13842973578308346, -0.3647739531430436, -0.5125755529393194, 0.547943592664581, -0.048451945394869, 0.4528380670914594, -0.4214336134585912, 0.23771575008639498, 0.8057964661698243, 0.556073530346026, -0.1802477545108429, -0.10609286338314122, 0.06617217561084013]], "inverted": true, "swapped": false, "error_lsq": 0.05174405970639689, "error_max": 0.4223263939065883, "target": "1077.xyz", "model": "25.xyz", "model_rescale": 4.19342608120988, "target_rescale": 3.928023645712748},
{"mapping": [2, 0, 5, 10, 6, 7, 9, 12, 8, 3, 11, 13], "R": [[-0.4837032037296206, 0.8217019170663831, 0.3013920539615008], [-0.7903960381396165, -0.26220290930519496, -0.5536458590516957], [-0.37590599036846906, -0.5060193611328747, 0.7762983270391468]], "T": [-0.0673593932203775, -0.07941791792532604, -0.06778100552913281], "aligned_model": [[-0.123698115961892, 0.45607425224215553, 0.12899980059997573, -0.6569709257603552, -0.6544795374218794, -0.5482500550143447, -0.10712195626750685, -0.21151127046415952, 0.47283928754855226, 0.45329559844424944, 0.39583631980520767, -0.007204843118222198], [-0.5466387045837731, -0.34507531206807635, -0.5856476443332711, 0.37861455033277797, -0.20783611166540028, -0.041965340691266784, 0.45317813029199716, 0.4988175806503078, 0.06846138382731226, -0.04431094207363995, 0.4444892457140516, -0.05931040766003906], [0.2206826989084919, 0.05335650338144922, -0.43461049204422564, -0.14893929100748665, -0.5358522106251894, 0.3598437788981058, -0.5932658831394326, 0.4216298704115379, -0.4951311857761783, 0.6758793669290766, 0.05037311464270511, -0.12470780936943258]], "inverted": true, "swapped": true, "error_lsq": 0.04404386569647811, "error_max": 0.21907253255988965, "target": "1077.xyz", "model": "26.xyz", "model_rescale": 3.795458400668931, "target_rescale": 3.928023645712748},
{"mapping": [6, 2, 1, 10, 12, 8, 5, 9, 0, 7, 11, 3, 13], "R": [[-0.5652343922373371, 0.5448867713497292, -0.6193613551394339], [0.8239196934560935, 0.33574011949663024, -0.4565467236719649], [-0.04082181484580555, -0.7683599277477036, -0.638714804012118]], "T": [-0.1015595520430179, -0.10217008133509994, -0.02354247859877184], "aligned_model": [[0.040640934992562786, 0.38768866679444125, 0.617233441966452, -0.1268379813915646, -0.1322469408344676, -0.7184299619775144, -0.07865704099176368, -0.7106820799711879, -0.14358729132870213, 0.3638901967388609, -0.6237014725876043, 0.002053129920384658, -0.1776872185086404], [-0.7078270156797491, -0.10354495169310873, -0.4466598421977046, -0.10047861950503736, 0.5497997705588438, -0.2460597626271262, -0.6032869149029716, -0.29168285076806455, 0.005847522085527357, 0.1475458158671142, 0.3717971715295706, 0.6706420217765506, -0.1242108411869303], [-0.46314530913767415, 0.23202534809236836, -0.20874200766176484, -0.7741291215328743, -0.43421589800339333, 0.28480430039112997, 0.3980577291528679, -0.41651655507983093, 0.5645024132349836, -0.3930285844835997, 0.05203687581397079, 0.44268786692147005, 0.00779960439177264]], "inverted": false, "swapped": true, "error_lsq": 0.04696694167023578, "error_max": 0.2697218546211418, "target": "1077.xyz", "model": "27.xyz", "model_rescale": 3.6321398670334006, "target_rescale": 3.928023645712748},
