[{"mapping": [2, 11, 12, 7, 1, 4, 6, 5, 8, 13], "R": [[-0.7164984746196476, 0.10596385319745975, 0.6894937256300929], [-0.3762124085495573, -0.8910349469545947, -0.25400973792152876], [0.5874471546624936, -0.4413936849584166, 0.6782900967563735]], "T": [0.267305753122507, -0.10981674276927869, -0.1244627281258677], "aligned_model": [[-0.30020557376967844, 0.42412125568993264, 0.609436766639247, -0.27108025163611843, 0.7325790491783684, -0.667813285168162, -0.19282299275491488, 0.6520822703328979, -0.13567852252840118, 0.18399366455532495], [-0.6073655209221321, 0.5402083625405081, 0.022418967976824355, 0.3911772424080162, -0.43601458726813513, 0.012980393794646522, -0.24427555445660984, -0.03261923856355292, 0.42922684156068236, 0.025737044037477175], [-0.27154893623994436, 0.07538246562371242, -0.5723241959561413, -0.2992197570880438, -0.2252587580307531, 0.030060649034728965, 0.47114507014792517, 0.5223671085309196, 0.2725446010174635, -0.15945028357522453]], "inverted": true, "swapped": false, "error_lsq": 0.05085827881145011, "error_max": 0.2620071507133965, "target": "1078.xyz", "model": "0.xyz", "model_rescale": 3.8414455957264533, "target_rescale": 3.8540886181204956},
{"mapping": [4, 13, 0, 9, 1, 6, 10, 11, 8, 14], "R": [[-0.7568881501782478, 0.6181850400255754, -0.21205561630932568], [0.29253339960616503, 0.6106115942608195, 0.7359196226960659], [0.5844181193585718, 0.4949754915577519, -0.6430044514018172]], "T": [-0.003042209285314665, -0.05827015829233544, -0.09279222164161971], "aligned_model": [[0.03534899213276596, 0.38574779842239043, 0.5464153702144331, -0.27733389234344835, 0.6335748323593758, -0.7619149501030444, -0.18966986729952612, 0.7685520490115965, -0.149542967857119, 0.043435016001072184], [-0.418861420742702, 0.5920555575800388, -0.031236178176528066, 0.5208926916532963, -0.631344355993694, -0.05294686566205136, -0.28496160262114434, 0.021304925777516005, 0.5067277110424941, -0.12015651174950073], [-0.49815291527917255, -0.06511924166012303, -0.5648969788264454, -0.3269804917181358, 0.028873703683626184, 0.0918994121239669, 0.52540063398083, 0.2601603370521648, 0.43976513009203144, -0.047251625984099946]], "inverted": false, "swapped": false, "error_lsq": 0.04314276773849936, "error_max": 0.2340945509105332, "target": "1078.xyz", "model": "1.xyz", "model_rescale": 4.316132596720782, "target_rescale": 3.8540886181204956},
{"mapping": [10, 5, 3, 9, 6, 1, 2, 4, 0, 11], "R": [[0.8852333043915939, -0.3172957229274893, 0.3401255959316531], [0.4484226965018332, 0.38782622327005717, -0.8052998856364684], [0.12360858407879717, 0.8653983156651082, 0.48559929281870795]], "T": [0.036377712098354165, -0.0019799931860995223, -0.11265214182300357], "aligned_model": [[-0.12118851311747642, 0.27227964492396134, 0.6293162056039571, -0.4241700263846988, 0.5481075561935163, -0.4825984231740419, -0.11627738879267197, 0.618697998791257, -0.03053820175695851, 0.14098352825165217], [-0.44296754783459835, 0.5970769175847819, 0.05159167450410816, 0.4735089945553998, -0.6452694851966152, -0.015008184678514306, -0.29631628748440525, -0.01951492184584823, 0.45431167246377663, -0.05593888096036069], [-0.5344799027701239, -0.14787965470412323, -0.3893668472134246, -0.44695366492261857, -0.09247395729852129, 0.04575019606685227, 0.6559751851539222, 0.39224917637644063, 0.4270090805358159, -0.06613164775957686]], "inverted": true, "swapped": false, "error_lsq": 0.04400089643936837, "error_max": 0.19476717429430884, "target": "1078.xyz", "model": "2.xyz", "model_rescale": 3.795458400668931, "target_rescale": 3.8540886181204956},
{"mapping": [7, 6, 8, 1, 9, 0, 4, 5, 2, 11], "R": [[-0.27535061788979565, -0.23015641929218508, -0.9333863401005542], [0.8548941898347647, 0.3854588460778935, -0.34724256963549255], [0.4397021280531501, -0.8935600151298728, 0.09062305416742733]], "T": [0.08681828535536097, 0.057636928572950136, 0.06871757188541835], "aligned_model": [[-0.08642470213566138, 0.43960293275666257, 0.49869756092206274, -0.22634720641812334, 0.6968188598974383, -0.6828307945013257, -0.10956873650877076, 0.5942021249870765, -0.0715502088076131, -0.017987449653249832], [-0.5247629181913889, 0.4958342608660924, 0.16835283419361582, 0.381245607568674, -0.5283167626817371, -0.08132705323895734, -0.40730248880606845, -0.14247179225454268, 0.7700869460827487, -0.02986468243071215], [-0.39399138889882224, -0.10684548558971346, -0.5860040389023881, -0.37113881331384824, -0.12905050837683002, 0.09189622177008841, 0.4639620647429308, 0.5118233771719053, 0.303365614753493, 0.059680920107827176]], "inverted": true, "swapped": false, "error_lsq": 0.047359643925027034, "error_max": 0.25651590367034255, "target": "1078.xyz", "model": "3.xyz", "model_rescale": 3.7530521520055578, "target_rescale": 3.8540886181204956},
{"mapping": [7, 2, 1, 0, 5, 6, 9, 3, 4, 10], "R": [[-0.34741763513864476, -0.5382677478176847, 0.7678338482080282], [-0.35593139910738497, 0.8332548761043858, 0.42308291217883576], [-0.8675331843359833, -0.1263097110579488, -0.48107383109905955]], "T": [0.09968766399883286, -0.07383136096478103, 0.04277451171859351], "aligned_model": [[-0.10923236407242656, 0.4231539475806423, 0.6430269653485259, -0.3500588348025324, 0.4592163221570956, -0.633095285726825, 0.06184885526133507, 0.7554619025030065, -0.27461820483375854, 0.05890907712343364], [-0.40580585387434037, 0.5232806108579626, 0.11547055648435532, 0.37169630358877065, -0.6797945826737375, 0.010439984305697855, -0.33172691940742105, -0.0008192599737623513, 0.5150956621181942, -0.01636255031799507], [-0.4103218339757324, 0.05629632811793179, -0.49932608638904546, -0.48585917307958487, -0.10250955447289256, 0.09034584339626192, 0.5217545471397912, 0.4231679479364778, 0.27249386756758154, -0.022343922776146295]], "inverted": true, "swapped": false, "error_lsq": 0.04301347093993366, "error_max": 0.1960303343703052, "target": "1078.xyz", "model": "4.xyz", "model_rescale": 3.7855080009869324, "target_rescale": 3.8540886181204956},
{"mapping": [1, 15, 14, 13, 3, 6, 7, 10, 8, 16], "R": [[-0.7438309973856285, 0.07102912495141056, 0.6645828095406461], [-0.6333464048183127, -0.392552009089935, -0.6669147259306649], [0.21351294769174917, -0.9169829788867909, 0.33697839337246505]], "T": [0.08641732657065876, -0.12425385478024734, -0.10124143351559295], "aligned_model": [[-0.22071542928465104, 0.4869697206140777, 0.46083846698556086, -0.26681906168885594, 0.6622489521732351, -0.5281732768365033, -0.16510107146607056, 0.48568089297652606, -0.007388260522565346, 0.12707144758774275], [-0.6552980669160035, 0.5905575925273524, 0.1535241764977244, 0.47332620439417994, -0.5077067770666354, -0.040837037490042166, -0.270808878459629, 0.018112102345907266, 0.45209853215886975, -0.11149389688399892], [-0.5448239557447794, -0.012244348675939681, -0.5914919546602498, -0.3085811686409661, -0.0396102665206054, 0.1022213219551705, 0.589142222402826, 0.491451415156218, 0.2916049892290951, -0.133970291036127]], "inverted": true, "swapped": false, "error_lsq": 0.04491708047922276, "error_max": 0.18256195135778586, "target": "1078.xyz", "model": "5.xyz", "model_rescale": 4.2253639853439635, "target_rescale": 3.8540886181204956},
{"mapping": [0, 8, 9, 1, 12, 4, 6, 11, 10, 13], "R": [[0.30124120128461146, 0.7795238236664177, 0.5491778828258581], [-0.8023886814887977, 0.5183971104812163, -0.29569720942781], [-0.5151952469377729, -0.351577934718909, 0.781643661364636]], "T": [0.042083800844993295, -0.0087859528253973, 0.06809295464011203], "aligned_model": [[-0.13196839638222121, 0.4608749685451824, 0.3463545680711213, -0.29464850641881857, 0.7233116414563983, -0.6591493549658658, 0.09474219421339786, 0.7077721414740514, -0.2154713612986765, 0.0027944858439271567], [-0.4503138407148467, 0.5879676886530744, 0.06490153791020654, 0.40562564074036844, -0.6411768953892766, 0.028054233386835846, -0.41626482431502787, -0.11777020857843899, 0.6913724543657198, -0.050921834950890414], [-0.5782982629540475, -0.05175663792151025, -0.4559164740976701, -0.4354744850552468, -0.01766303295330221, -0.02037271145649963, 0.5629727693633482, 0.4560816838084669, 0.2960315816472183, 0.08809353308388512]], "inverted": false, "swapped": false, "error_lsq": 0.047316218883178246, "error_max": 0.23238777137456962, "target": "1078.xyz", "model": "6.xyz", "model_rescale": 3.89814844738969, "target_rescale": 3.8540886181204956},
{"mapping": [11, 2, 4, 10, 7, 9, 6, 0, 5, 12], "R": [[-0.6834463196583338, 0.5876137467724648, 0.4331411002773858], [-0.29320139552969443, -0.7643421104021202, 0.5742944192010514], [0.6685312781051598, 0.2655018321406821, 0.694675972900332]], "T": [0.19969346429401574, -0.10922128840337592, 0.040747894093681264], "aligned_model": [[-0.16454255710501037, 0.40140862714910586, 0.511562463230882, -0.1644012922678707, 0.6388200040962901, -0.68547515464937, -0.06422693810587171, 0.6431337116412368, -0.2511762610453971, 0.16950977759450142], [-0.4911329231994244, 0.5487884897075077, 0.04341996335062365, 0.3946649444955023, -0.5735855697508788, 0.0039579563489390845, -0.211385415700983, -0.020220211919048964, 0.3963264469099463, 0.010640270865540521], [-0.5731055030182252, -0.12623105519567226, -0.5023305202714663, -0.3496843479038828, -0.11027652709658403, 0.08090824306836769, 0.6549826727560248, 0.4234356818339947, 0.4198449556976478, -0.07384563640556224]], "inverted": true, "swapped": false, "error_lsq": 0.037072886647215544, "error_max": 0.1932741890141437, "target": "1078.xyz", "model": "7.xyz", "model_rescale": 3.7474275329858107, "target_rescale": 3.8540886181204956},
{"mapping": [9, 1, 12, 4, 10, 8, 3, 0, 2, 14], "R": [[-0.49442793783879235, 0.8046632205504903, -0.3287219429514744], [0.7462437966075804, 0.1990302591897517, -0.6352221280399201], [-0.44571426980654727, -0.5593782775726758, -0.6988810573127899]], "T": [0.157707653938807, -0.09578213036875012, -0.10606327369175506], "aligned_model": [[-0.3171072426013941, 0.4905655249407568, 0.5738314386148818, -0.40651529448994606, 0.7554662704575575, -0.5133401454253435, -0.07560699370277774, 0.5692867412745091, -0.1854968660792579, 0.1435289475495104], [-0.5881169105007018, 0.5063656911966089, 0.07519424281272204, 0.3931655783125296, -0.5604341486031537, -0.03348912765439313, -0.15175122566296512, -0.08615342077514106, 0.585646295614278, -0.038953023632059464], [-0.4414700690676679, 0.19630315755681216, -0.5282607327555505, -0.34017531628507564, -0.15130150991452646, -0.0010644706610329346, 0.5696336055021942, 0.40844929218631365, 0.24954248209871122, -0.1179584751955353]], "inverted": false, "swapped": false, "error_lsq": 0.05014783975742919, "error_max": 0.24089460110071598, "target": "1078.xyz", "model": "8.xyz", "model_rescale": 4.019505241142653, "target_rescale": 3.8540886181204956},
{"mapping": [10, 8, 9, 11, 1, 6, 2, 0, 5, 12], "R": [[0.6029102270976486, 0.75479309481135, -0.25843111671423424], [-0.7509681282574444, 0.4275544413319726, -0.5032336137807327], [-0.26934388502910667, 0.4974782243700816, 0.8246025029521913]], "T": [0.15708107506337027, 0.03874389369946036, 0.08407379837511939], "aligned_model": [[-0.16210328972205323, 0.46169387381290644, 0.4253800794517801, -0.10829909045679276, 0.4516723208844817, -0.541063221653552, -0.02639403156912018, 0.649776055695731, -0.2527190221647011, 0.13666870625981614], [-0.577243024880373, 0.5703645989320705, 0.12385912177181552, 0.4444656306900755, -0.5432561157653706, -0.14473943924524302, -0.2848976099949194, -0.050493034633351884, 0.49097240890408395, 0.07244141532893751], [-0.5133048216246558, -0.2000518780289304, -0.5389118383973682, -0.3060707439099145, -0.0914177656359714, 0.00046611057050288673, 0.544035997419014, 0.4987236563908819, 0.36349815216276327, 0.08673109451832066]], "inverted": true, "swapped": false, "error_lsq": 0.048482083149144546, "error_max": 0.21348887607496025, "target": "1078.xyz", "model": "9.xyz", "model_rescale": 3.877068213659057, "target_rescale": 3.8540886181204956},
{"mapping": [10, 1, 8, 0, 2, 12, 3, 4, 5, 15], "R": [[-0.9461276182814705, -0.3153431911803597, 0.07349286836979245], [0.02448662055750181, -0.29600684508280034, -0.9548719040152979], [0.3228667454828779, -0.901631088328433, 0.2877819404010273]], "T": [0.12493852145010156, -0.22309377632120403, -0.036728261985000114], "aligned_model": [[-0.2576455062079783, 0.37037228622172536, 0.4703144601919771, -0.18870942230086282, 0.7214393504860696, -0.5712812407328994, -0.05077733493882916, 0.5598126720455818, -0.10392741530171315, 0.08501453107542517], [-0.6408328364140661, 0.6020162159617017, 0.10695092163668096, 0.4432241950639944, -0.5117795414875639, 0.047096397368192766, -0.15226348705864248, -0.06091753782636036, 0.4174795890540652, -0.14949996519027772], [-0.4637344901755639, 0.07218628226123489, -0.6426233800509528, -0.33907138498219364, -0.0714074762093933, -0.01503659305268066, 0.5689683210206429, 0.4558912875220147, 0.34834522296176423, -0.06981982583022991]], "inverted": false, "swapped": false, "error_lsq": 0.04324214090030914, "error_max": 0.17700065302119936, "target": "1078.xyz", "model": "10.xyz", "model_rescale": 4.260839863003843, "target_rescale": 3.8540886181204956},
{"mapping": [10, 3, 5, 2, 6, 8, 7, 0, 1, 11], "R": [[0.14163628587148527, -0.4449001427408396, 0.8843093494437972], [0.5352207934918612, 0.7859037178775061, 0.3096676419005641], [-0.8327531835654989, 0.42944057704820365, 0.349432291075156]], "T": [-0.008415073658776764, 0.0007320007672683652, -0.1461085665508459], "aligned_model": [[-0.09069019106657651, 0.41629663174239634, 0.5509927591664882, -0.284294667526426, 0.6499576053118238, -0.7039512228889596, -0.02264702526069215, 0.6094420871761561, -0.0872704530034938, -0.003223143112220401], [-0.5836671982587391, 0.5694174145614159, -0.026208657691947503, 0.6111964379586992, -0.5065609730519661, -0.049399363718246304, -0.3527026726101587, -0.05280188681971782, 0.48433042816203514, 0.007870422576349515], [-0.3583399809915325, -0.15317530878282282, -0.5241931863695077, -0.2930124356401917, -0.03450843683344926, 0.025150647705241558, 0.4056948517880019, 0.4747142110111954, 0.38603336311735914, -0.08466576153965148]], "inverted": true, "swapped": false, "error_lsq": 0.04032287294657657, "error_max": 0.19828140845219397, "target": "1078.xyz", "model": "11.xyz", "model_rescale": 3.890672605050136, "target_rescale": 3.8540886181204956},
{"mapping": [4, 9, 11, 12, 1, 7, 8, 6, 5, 13], "R": [[0.4767752084203727, -0.4423959727094297, 0.7595862057503333], [0.7779793371171417, -0.1898810456768341, -0.5989101264058279], [0.4091864509664058, 0.8764878731751795, 0.25364435046412437]], "T": [0.1967440382780948, -0.08487634269628717, -0.05528382557202867], "aligned_model": [[-0.16160798297155024, 0.40233639277110855, 0.5803926076224656, -0.31126951040679685, 0.6935970125372153, -0.6334370479762735, -0.029248391330763485, 0.6494534008438438, -0.19150179952290744, 0.0358976989721545], [-0.46441525129912586, 0.6608711179312718, 0.07099290461115394, 0.36890034027003926, -0.6835327688171198, 0.05587852752080259, -0.25956815594607396, -0.059512397155645866, 0.492627941380989, -0.08076830738856679], [-0.5228210856358672, 0.030814517983277986, -0.4176106350673811, -0.35717967366162057, -0.06205847127022247, 0.07869975854217696, 0.6062305264877883, 0.3003413243449617, 0.2921728668914351, -0.10489116514990654]], "inverted": true, "swapped": false, "error_lsq": 0.03680318219812202, "error_max": 0.15647740431767046, "target": "1078.xyz", "model": "12.xyz", "model_rescale": 4.124412569039231, "target_rescale": 3.8540886181204956},
{"mapping": [0, 2, 4, 1, 5, 6, 9, 10, 8, 12], "R": [[-0.9176388152659894, 0.3969423968669628, 0.019383969839585125], [-0.39252281115660487, -0.8976330815376906, -0.20045122511689908], [-0.0621678971732806, -0.1915504750676962, 0.9795119029712668]], "T": [0.04046077996986623, -0.17819689871015798, 0.03891588454796075], "aligned_model": [[-0.017881432739140862, 0.3778743557509589, 0.5636610273215572, -0.3025688705819966, 0.5735177467663936, -0.5887245669267779, -0.21430653792157767, 0.6752304920339874, -0.17096811151346464, 0.13877827834855633], [-0.43331797097929287, 0.6097543718372648, 0.05671877622457955, 0.39259051585816473, -0.6608407922083996, 0.03646722448319731, -0.25614986516825416, 0.036335242196234574, 0.42980687158646846, -0.10989042272223823], [-0.4790385710699913, -0.0487219370260575, -0.49899896242190384, -0.4294821140829142, -0.19909886560579815, 0.11413508587486301, 0.6199995452674608, 0.348194149968703, 0.3559732295971795, 0.06073640296310103]], "inverted": true, "swapped": false, "error_lsq": 0.03971442149177866, "error_max": 0.17968662693388446, "target": "1078.xyz", "model": "13.xyz", "model_rescale": 3.9028299243045295, "target_rescale": 3.8540886181204956},
{"mapping": [8, 9, 3, 1, 4, 12, 13, 10, 11, 15], "R": [[0.6086225564702996, 0.5852757406105634, -0.5357526399452578], [0.6913834851006605, -0.7224777735189303, -0.003839700664589718], [-0.38931665811472965, -0.3680735989226685, -0.8443662508002632]], "T": [0.1340291094147408, -0.01994267661620204, -0.1455384972543363], "aligned_model": [[-0.31139067558981415, 0.430829745905573, 0.5661610845317498, -0.22371848206476283, 0.6515570581826653, -0.5056071040816207, -0.12186749926060356, 0.5867429476312528, -0.24152755834858478, 0.20343286363264124], [-0.6097280189847241, 0.6382177891945794, -0.00216986528261294, 0.4796410672959531, -0.45750036506360586, -0.09184012570673453, -0.3197479475793985, -0.12844965845137657, 0.5304260676528204, 0.0626250080328241], [-0.36972954214990017, 0.13656013777609768, -0.5945769460501206, -0.35680018178831474, -0.13709069237155577, 0.11891671664623557, 0.5453197204476576, 0.4363798970495978, 0.1736920197207367, -0.10897316581579183]], "inverted": true, "swapped": false, "error_lsq": 0.04799884939661815, "error_max": 0.23240003889757857, "target": "1078.xyz", "model": "14.xyz", "model_rescale": 3.942246331269136, "target_rescale": 3.8540886181204956},
{"mapping": [10, 0, 5, 6, 3, 11, 13, 12, 8, 14], "R": [[0.22828929626515937, 0.638784133042978, 0.7347372513921486], [0.7820564532814327, -0.5698078414921475, 0.25240191690026115], [0.5798893869451525, 0.5169853529323541, -0.6296462846406581]], "T": [0.11725379727142898, -0.0007913423760514283, -0.15252002946765753], "aligned_model": [[-0.2955242979669956, 0.44927650404591596, 0.6298586480264656, -0.3443379598311372, 0.6236411068740424, -0.5384977766586712, -0.04389550306224255, 0.56123267691776, -0.19579338734390134, 0.18865236953725983], [-0.4158568191585047, 0.6417166400875342, -0.026788688491374155, 0.28379946133853096, -0.5075139019686302, -0.08093034699340182, -0.3233765592634178, -0.121466775515558, 0.590615912011553, 0.06127502906099344], [-0.5603624133831289, -0.019621957529146833, -0.5258027147967268, -0.2893794959085085, -0.09462295895438488, 0.12618884711090944, 0.5761084954701294, 0.5230511750898855, 0.23616988029322378, -0.12803089392760983]], "inverted": true, "swapped": false, "error_lsq": 0.04731674203925728, "error_max": 0.24774643735295473, "target": "1078.xyz", "model": "15.xyz", "model_rescale": 4.355366556412066, "target_rescale": 3.8540886181204956},
{"mapping": [10, 5, 3, 9, 6, 1, 2, 4, 0, 11], "R": [[0.8852333043915939, -0.3172957229274893, 0.3401255959316531], [0.4484226965018332, 0.38782622327005717, -0.8052998856364684], [0.12360858407879717, 0.8653983156651082, 0.48559929281870795]], "T": [0.036377712098354165, -0.0019799931860995223, -0.11265214182300357], "aligned_model": [[-0.12118851311747642, 0.27227964492396134, 0.6293162056039571, -0.4241700263846988, 0.5481075561935163, -0.4825984231740419, -0.11627738879267197, 0.618697998791257, -0.03053820175695851, 0.14098352825165217], [-0.44296754783459835, 0.5970769175847819, 0.05159167450410816, 0.4735089945553998, -0.6452694851966152, -0.015008184678514306, -0.29631628748440525, -0.01951492184584823, 0.45431167246377663, -0.05593888096036069], [-0.5344799027701239, -0.14787965470412323, -0.3893668472134246, -0.44695366492261857, -0.09247395729852129, 0.04575019606685227, 0.6559751851539222, 0.39224917637644063, 0.4270090805358159, -0.06613164775957686]], "inverted": true, "swapped": false, "error_lsq": 0.04400089643936837, "error_max": 0.19476717429430884, "target": "1078.xyz", "model": "16.xyz", "model_rescale": 3.795458400668931, "target_rescale": 3.8540886181204956},
{"mapping": [11, 2, 4, 10, 7, 9, 6, 0, 5, 12], "R": [[-0.6834463196583338, 0.5876137467724648, 0.4331411002773858], [-0.29320139552969443, -0.7643421104021202, 0.5742944192010514], [0.6685312781051598, 0.2655018321406821, 0.694675972900332]], "T": [0.19969346429401574, -0.10922128840337592, 0.040747894093681264], "aligned_model": [[-0.16454255710501037, 0.40140862714910586, 0.511562463230882, -0.1644012922678707, 0.6388200040962901, -0.68547515464937, -0.06422693810587171, 0.6431337116412368, -0.2511762610453971, 0.16950977759450142], [-0.4911329231994244, 0.5487884897075077, 0.04341996335062365, 0.3946649444955023, -0.5735855697508788, 0.0039579563489390845, -0.211385415700983, -0.020220211919048964, 0.3963264469099463, 0.010640270865540521], [-0.5731055030182252, -0.12623105519567226, -0.5023305202714663, -0.3496843479038828, -0.11027652709658403, 0.08090824306836769, 0.6549826727560248, 0.4234356818339947, 0.4198449556976478, -0.07384563640556224]], "inverted": true, "swapped": false, "error_lsq": 0.037072886647215544, "error_max": 0.1932741890141437, "target": "1078.xyz", "model": "17.xyz", "model_rescale": 3.7474275329858107, "target_rescale": 3.8540886181204956},
{"mapping": [1, 9, 2, 7, 0, 11, 10, 4, 12, 13], "R": [[0.6973813651966618, -0.6905837977792968, 0.19171137087080542], [0.18875918966845967, 0.43502587940851667, 0.8804103887168488], [-0.6913965575501129, -0.577794515800877, 0.4337329797447773]], "T": [0.09600085467002026, -0.05340685198013815, 0.06358822276034162], "aligned_model": [[-0.11502231938502747, 0.41821281397935806, 0.4273243973213532, -0.2966320310086339, 0.686044495861931, -0.619618895517, -0.2748862196170919, 0.8336150807701083, -0.19915934219443285, 0.17473440032793203], [-0.44710557681605123, 0.5328735203787656, 0.005095562651901524, 0.40769833758689733, -0.5773227044946573, -0.11809999154469636, -0.15643163102657942, -0.05579157452681575, 0.5824633464685337, -0.07190533756957367], [-0.4646058238588774, 0.07696522245450996, -0.5614196982909629, -0.38434112800191644, -0.21300366387743627, -0.0101669983538379, 0.6365350296217067, 0.4445677347734541, 0.3239465762373973, -0.004779287239395108]], "inverted": false, "swapped": false, "error_lsq": 0.04507751712714941, "error_max": 0.2738245291262914, "target": "1078.xyz", "model": "18.xyz", "model_rescale": 3.922800546911778, "target_rescale": 3.8540886181204956},
{"mapping": [0, 11, 2, 7, 1, 12, 8, 6, 13, 14], "R": [[0.48029814826484096, -0.6270563403340309, -0.6132813667642752], [0.7491492289913678, -0.07036789226279364, 0.6586530136878836], [-0.45616786545635185, -0.7757890858895764, 0.4359612055442683]], "T": [0.13946946464905186, -0.01067475006384576, 0.009934869209440512], "aligned_model": [[-0.04574568942773294, 0.24204492370985475, 0.5643019407126368, -0.3045174297444073, 0.5465867468092656, -0.6468475681252689, 0.04565895889722285, 0.6941930091986429, -0.15556701562889952, 0.09450450413718203], [-0.5942205056249911, 0.6938188786117266, -0.07720868823946385, 0.5448180582209156, -0.6283226003319915, 0.005358045150832503, -0.21906879314777802, -0.1462236958458214, 0.46971213943768053, 0.05281111287661508], [-0.5589344774280482, -0.010328771203751579, -0.5629696299353236, -0.35409039998133474, -0.017445334614949258, 0.017841702526606197, 0.5775281794583698, 0.39681475280749584, 0.40235767502025466, -0.047075733184676845]], "inverted": false, "swapped": false, "error_lsq": 0.04064445651971562, "error_max": 0.17734177733314846, "target": "1078.xyz", "model": "19.xyz", "model_rescale": 3.9282355846067225, "target_rescale": 3.8540886181204956},
{"mapping": [9, 5, 7, 6, 10, 4, 0, 1, 3, 13], "R": [[-0.722635808652569, 0.6901664078518845, 0.03831210677936925], [-0.11384418046558092, -0.17350305163269886, 0.9782311555293366], [0.6817895501011788, 0.7025432517268722, 0.2039509471070554]], "T": [0.054819940632548456, -0.03241643243608664, -0.18785113385176702], "aligned_model": [[-0.15990754057804796, 0.36328432122693605, 0.4261888405874917, -0.12870764384880973, 0.5980854618915487, -0.4941544343833514, -0.038645161329503186, 0.4438936692505026, -0.11392254853951457, 0.13849741626124423], [-0.5747672366230502, 0.5765367914464471, 0.09906524884583304, 0.5643770808115826, -0.6687688000911628, -0.058414599124432504, -0.2740166076320494, 0.09908809997209711, 0.40592956589124624, -0.06755559238878636], [-0.559566803750806, -0.040488149095820214, -0.670443595472499, -0.3802028490429922, 0.01745981710416883, 0.12410892103436608, 0.5691763545905892, 0.43890957643728734, 0.40014021577846925, -0.055395524118120903]], "inverted": true, "swapped": false, "error_lsq": 0.045917042963438334, "error_max": 0.23947485758632653, "target": "1078.xyz", "model": "20.xyz", "model_rescale": 4.067790424073018, "target_rescale": 3.8540886181204956},
{"mapping": [6, 12, 3, 11, 2, 13, 8, 0, 9, 14], "R": [[-0.36266866375668705, 0.5012399588299488, 0.7856398309665127], [-0.9257009652186641, -0.096545795711801, -0.3657275383719538], [-0.10746703365298976, -0.8599054674803079, 0.49901244841717196]], "T": [-0.0066208074329807826, -0.07851383479462903, 0.10403339591330193], "aligned_model": [[-0.07382812904181153, 0.2698496091720176, 0.5506552947715214, -0.14476382674327898, 0.5457616804803418, -0.6768738984621021, 0.011389678280358959, 0.660908111276223, -0.06810216392161515, -0.040383975273158464], [-0.5123438268094016, 0.6125986468280697, 0.07350529042297166, 0.25903792685799587, -0.5264276765753033, 0.06188452542558798, -0.3672720740756574, -0.09284241346296607, 0.6015295804030701, -0.0081960279066422], [-0.4916440475458248, -0.07746457483364874, -0.5205292895960494, -0.42982760509744067, -0.114984203669237, -0.04147467771349189, 0.5954214283039407, 0.3462272522375809, 0.4752622952725214, 0.10271138610629188]], "inverted": true, "swapped": false, "error_lsq": 0.04706362266199622, "error_max": 0.2488493829895808, "target": "1078.xyz", "model": "21.xyz", "model_rescale": 4.186013935880536, "target_rescale": 3.8540886181204956},
{"mapping": [11, 1, 9, 2, 10, 5, 6, 7, 0, 12], "R": [[-0.9444188289637331, 0.3031360231975315, 0.12720702393640498], [-0.08256947955097349, 0.15581585687315497, -0.9843290607279489], [-0.3182064684217668, -0.9401223166093178, -0.12212564541355364]], "T": [0.05952352205484235, -0.07592445534874398, -0.06044271022467311], "aligned_model": [[-0.14062098255311992, 0.42875250531684533, 0.4860581638753178, -0.32916458014604155, 0.776440646380626, -0.6981816969796223, -0.042598046284901186, 0.6417179865790055, -0.1258752751178966, 0.03808365946828293], [-0.5688054005082042, 0.5406225744285496, -0.021358292242159967, 0.4679347122632194, -0.49975986856372084, 0.07699417623086804, -0.18123567620384146, -0.06583570480123466, 0.4660096655867055, -0.11309223508245667], [-0.4009959804861843, 0.07616971206719088, -0.5082613045340614, -0.3811263048734938, -0.11233502170917245, -0.028232940299865568, 0.4765243102328542, 0.38595572443954757, 0.3796971943274986, -0.043697425699671576]], "inverted": false, "swapped": false, "error_lsq": 0.03911626188893426, "error_max": 0.1761162894493318, "target": "1078.xyz", "model": "22.xyz", "model_rescale": 4.166573947596378, "target_rescale": 3.8540886181204956},
{"mapping": [9, 6, 12, 2, 14, 4, 7, 13, 1, 15], "R": [[0.3617459742088809, 0.8267396919780847, 0.43086115147649284], [0.074742070392739, 0.4349538676962652, -0.8973453938642949], [-0.9292757787960872, 0.3568145382184439, 0.09555057435140875]], "T": [0.00602215534558069, -0.0899411048286842, -0.07965796468800221], "aligned_model": [[-0.043797533443641914, 0.3285795409410458, 0.5118458248917481, -0.24278276415814654, 0.6829363952103598, -0.7018051643896707, -0.004335843927602154, 0.653641011938154, -0.15482519033976488, 0.005156103816014602], [-0.5967636326628767, 0.5992325841373567, 0.05349137943180812, 0.4872112264642925, -0.4910102349842418, 0.08673208162123949, -0.2830776933934066, -0.23460587709381733, 0.5167822437616918, -0.03651812617432187], [-0.397617223353005, -0.08985558213625039, -0.47074733173207073, -0.3200753885634723, -0.16277491798153143, 0.007637991636643748, 0.6088045380373485, 0.44615099220313825, 0.25814962925920504, -0.03597474390536344]], "inverted": false, "swapped": false, "error_lsq": 0.04509725414459425, "error_max": 0.23336812805988613, "target": "1078.xyz", "model": "23.xyz", "model_rescale": 4.274766983524099, "target_rescale": 3.8540886181204956},
{"mapping": [1, 5, 4, 3, 9, 0, 8, 7, 6, 10], "R": [[-0.33975928871392463, 0.37880165997132875, 0.860855927629922], [-0.7165522326758612, -0.6971222210981516, 0.023947999883456694], [0.6091933384237277, -0.608711681548946, 0.5082849251807575]], "T": [0.007055487911061045, 0.029997160609980193, -0.03743034387884907], "aligned_model": [[-0.050349974337386624, 0.5446094010926966, 0.48667996800743435, -0.18549866042808977, 0.557981070423981, -0.719333192763371, 0.006308371056644627, 0.542489366526081, -0.14710309334876326, -0.001170875690731073], [-0.5043403468923564, 0.6420744022625993, 0.0864582306417716, 0.4719477345036245, -0.6212591496669696, -0.10590858328772226, -0.3344533993536833, 0.01912180309143518, 0.49448156857396613, -0.046648308764940714], [-0.40644446486074554, -0.08879365068772228, -0.5418638009112576, -0.32659616825023324, -0.04084749159734784, -0.04507596510393401, 0.6045870693296514, 0.30054120035515536, 0.42679419521727807, -0.0386029600262021]], "inverted": false, "swapped": false, "error_lsq": 0.04030619910304576, "error_max": 0.1881974942825145, "target": "1078.xyz", "model": "24.xyz", "model_rescale": 3.7841303162186577, "target_rescale": 3.8540886181204956},
{"mapping": [9, 6, 0, 4, 10, 5, 13, 11, 3, 15], "R": [[-0.6618465423268177, -0.5107252853212605, 0.5487429610879332], [-0.6020664171376309, 0.7982691772987519, 0.016803271402617365], [-0.44662644767757786, -0.31925852143410505, -0.8358222375162179]], "T": [0.13920343951883737, -0.09476403949574272, -0.18515686469773085], "aligned_model": [[-0.1252342095041449, 0.2958829256452974, 0.6487719230178928, -0.2617319525322406, 0.6661518861114545, -0.6861640445542138, -0.008608939014718042, 0.5511566949486791, -0.19090593916914703, 0.14529403558963683], [-0.6048143100348474, 0.5692056980076754, 0.03429873190970073, 0.5212665956710058, -0.665757871650965, 0.13427258196595382, -0.25314988773331126, 0.018530681133870755, 0.38175978977315317, -0.03413805793451167], [-0.29498472923268265, 0.05279728750352658, -0.6999507176264662, -0.3134588942812719, -0.14583150962596872, 0.0036538545636933817, 0.5665514704305683, 0.4527196051464697, 0.37426670101459425, -0.15206510442782056]], "inverted": true, "swapped": false, "error_lsq": 0.04770539691532504, "error_max": 0.2145008219815797, "target": "1078.xyz", "model": "25.xyz", "model_rescale": 4.19342608120988, "target_rescale": 3.8540886181204956},
{"mapping": [10, 5, 3, 9, 6, 1, 2, 4, 0, 11], "R": [[0.8852333043915939, -0.3172957229274893, 0.3401255959316531], [0.4484226965018332, 0.38782622327005717, -0.8052998856364684], [0.12360858407879717, 0.8653983156651082, 0.48559929281870795]], "T": [0.036377712098354165, -0.0019799931860995223, -0.11265214182300357], "aligned_model": [[-0.12118851311747642, 0.27227964492396134, 0.6293162056039571, -0.4241700263846988, 0.5481075561935163, -0.4825984231740419, -0.11627738879267197, 0.618697998791257, -0.03053820175695851, 0.14098352825165217], [-0.44296754783459835, 0.5970769175847819, 0.05159167450410816, 0.4735089945553998, -0.6452694851966152, -0.015008184678514306, -0.29631628748440525, -0.01951492184584823, 0.45431167246377663, -0.05593888096036069], [-0.5344799027701239, -0.14787965470412323, -0.3893668472134246, -0.44695366492261857, -0.09247395729852129, 0.04575019606685227, 0.6559751851539222, 0.39224917637644063, 0.4270090805358159, -0.06613164775957686]], "inverted": true, "swapped": false, "error_lsq": 0.04400089643936837, "error_max": 0.19476717429430884, "target": "1078.xyz", "model": "26.xyz", "model_rescale": 3.795458400668931, "target_rescale": 3.8540886181204956},
{"mapping": [1, 3, 9, 0, 11, 6, 5, 10, 7, 12], "R": [[0.05451347281968244, 0.9210093886054561, -0.38570712643369975], [-0.18414540813819005, -0.37038283453828325, -0.910443312096369], [-0.9813861370239327, 0.12065762296676918, 0.14940879518037697]], "T": [0.20460181758128773, -0.11678406448296569, -0.15949415388286167], "aligned_model": [[-0.22096179826792403, 0.39299953409110433, 0.43689920124607207, -0.2523390127049332, 0.7164449439486692, -0.5721998723601851, -0.14109418547253647, 0.5179552743029485, 0.023431115822484555, 0.13347717993279593], [-0.31278498714864134, 0.5969645735468625, -0.055397964872165556, 0.5478588190353832, -0.5831960043745346, -0.29003303190186336, -0.22621553753375115, 0.013213813803599594, 0.4323560290559431, -0.021291758503107716], [-0.5212017951219948, -0.17156647645597317, -0.5153648641590478, -0.3613062127363098, 0.01953407866827178, 0.059025615172992346, 0.5003387750156437, 0.46708113394040496, 0.41132143203059024, -0.044163722889935086]], "inverted": false, "swapped": false, "error_lsq": 0.050649061126439576, "error_max": 0.2407802724976732, "target": "1078.xyz", "model": "27.xyz", "model_rescale": 3.6321398670334006, "target_rescale": 3.8540886181204956},
{"mapping": [1, 12, 6, 7, 13, 3, 0, 9, 8, 14], "R": [[-0.5276825805721304, -0.08852265452113195, 0.8448164497672076], [-0.60481393465289, -0.6591879570979025, -0.4468459932312061], [0.5964488231277066, -0.7467496078697502, 0.29430226729664777]], "T": [0.0679989736591872, -0.07006292815618077, 0.085534027681644], "aligned_model": [[-0.1684044877586542, 0.36940605797120396, 0.625006368790077, -0.28762073446481184, 0.6794150065056318, -0.6125685555215463, -0.2870453935247522, 0.6998989722617305, -0.06926842443694922, 0.0857935707165666], [-0.5112830124172962, 0.6758854219956052, 0.043354020185396525, 0.5062341964112432, -0.5609381728704161, -0.026198473131869224, -0.2953020005515781, 0.00823528694575014, 0.3832770478388858, -0.12179036329799661], [-0.35798083883421683, -0.10479347766717934, -0.4443591641402086, -0.2916975078677808, -0.14181869567812655, 0.005136093799584046, 0.5466441574958382, 0.2883737242358101, 0.2921015550892021, 0.05209211703172007]], "inverted": true, "swapped": false, "error_lsq": 0.045538259740285546, "error_max": 0.21583113252530708, "target": "1078.xyz", "model": "28.xyz", "model_rescale": 4.156811204709835, "target_rescale": 3.8540886181204956},
{"mapping": [3, 5, 4, 1, 8, 2, 6, 7, 0, 9], "R": [[0.2603195652833749, -0.06179843687694481, -0.9635427738975793], [0.6620585301059346, 0.7378170333258784, 0.13154667630985337], [0.702788891947393, -0.6721658861722799, 0.23298239165565643]], "T": [0.09187815665783682, -0.08886892098280103, -0.1111604033410103], "aligned_model": [[-0.24360170509009732, 0.2822505119101319, 0.7158212098199995, -0.2739760891197065, 0.4674723577542468, -0.5653552553957296, -0.10439291238094354, 0.7633018750080347, -0.2600290755605156, 0.25312146359307597], [-0.6301449958103242, 0.6648058239144055, 0.2207086640115356, 0.4225482260065729, -0.696758751537268, -0.07142569602700397, -0.09230398871646958, -0.14589256175058068, 0.4719508096475005, -0.042013578630643894], [-0.4611764953109073, 0.09251582829400307, -0.5757551883384482, -0.310203622115755, -0.018907940651352623, 0.031113090121423215, 0.5860670965379389, 0.25851695708026334, 0.3049715551837002, -0.0634433173362233]], "inverted": true, "swapped": false, "error_lsq": 0.060047978786153366, "error_max": 0.25808274661340064, "target": "1078.xyz", "model": "29.xyz", "model_rescale": 4.117894457231895, "target_rescale": 3.8540886181204956},
{"mapping": [3, 10, 12, 9, 4, 5, 8, 7, 6, 14], "R": [[0.9644062966722871, 0.18622676567326624, 0.1877234313710433], [-0.24354543029249565, 0.34907432524053095, 0.9048937721310226], [0.10298601032415783, -0.9184044355319405, 0.3820041550464734]], "T": [0.08226680715236795, -0.04363447406332797, -0.10998983676940541], "aligned_model": [[0.03644746298293496, 0.41345829628468245, 0.5857252596064202, -0.30126657701314385, 0.6278888825117033, -0.7101600408294726, -0.16437276843786855, 0.558478572226895, -0.12901553976871266, 0.11742883297505814], [-0.43915568830150026, 0.5696663652089317, -0.08357086617628609, 0.43451745867469505, -0.5906023513748725, -0.015044326973130795, -0.18242510622638183, 0.024660908510403166, 0.39262658157904484, -0.009199023813178851], [-0.4857820105160936, 0.05881550309700653, -0.6868022795087791, -0.2287201406509546, -0.05850406954597845, 0.1492283447242547, 0.539391227655477, 0.3322338129575305, 0.3105164110425507, -0.0866788357903715]], "inverted": false, "swapped": false, "error_lsq": 0.04745859146786639, "error_max": 0.22686046847757232, "target": "1078.xyz", "model": "30.xyz", "model_rescale": 4.100398675895297, "target_rescale": 3.8540886181204956},
{"mapping": [7, 0, 3, 4, 6, 10, 8, 1, 2, 11], "R": [[-0.832796880550095, 0.4794789426604372, 0.27667544034709746], [0.5308435731147559, 0.5499360068291675, 0.644806551824304], [0.15701737683705538, 0.6838642642644952, -0.712513306144658]], "T": [0.02915318341569488, -0.008048886585199073, -0.012964830688503626], "aligned_model": [[-0.0832640327385542, 0.35413576466684954, 0.5966896898616034, -0.17167908474787857, 0.5923317160713311, -0.677745578886516, -0.0975658549194054, 0.5144049460750472, 0.04667927842131116, -0.0393744632652919], [-0.46482801867800283, 0.5709625525934516, 0.15323459715895896, 0.3075949996563817, -0.607845655882135, -0.05987361593618999, -0.27756156646748276, 0.015638491662107748, 0.4783211305316785, -0.014168963531043579], [-0.45982484537581253, -0.012541537366219824, -0.6097683363218616, -0.5282320005238136, -0.14334572949495591, 0.08883049855823184, 0.6570674439850163, 0.3800640398118317, 0.4766305670487762, -0.005182136856550248]], "inverted": true, "swapped": false, "error_lsq": 0.04300303730285446, "error_max": 0.21514159912575095, "target": "1078.xyz", "model": "31.xyz", "model_rescale": 3.8381024199148657, "target_rescale": 3.8540886181204956},
{"mapping": [5, 8, 0, 9, 3, 10, 14, 12, 11, 15], "R": [[-0.9868994596064262, 0.005522093300195471, -0.16124193968731604], [-0.12582030774226494, -0.6519265798636626, 0.7477706764957486], [-0.1009886468281751, 0.7582619870156038, 0.6440807808489264]], "T": [0.23146792016177298, 0.007700509087712715, -0.05288735507190026], "aligned_model": [[-0.27420520867999243, 0.39152223118936735, 0.5765078854437233, -0.22089437028809245, 0.6774607248079451, -0.48259023327794814, -0.125438258960956, 0.5722375793404046, -0.21003608008007402, 0.13004811104411884], [-0.4911751686308503, 0.5602147817003761, 0.12616439806488167, 0.44973002146980906, -0.5059668652793752, -0.139381538491005, -0.17955317533542284, -0.18358121272788824, 0.5776350019954484, -0.11261229165824896], [-0.3728734176581816, -0.09812318013736379, -0.523224373124169, -0.3037123613113172, -0.17145985323409055, -0.010783408888140375, 0.6051358000093041, 0.42720683554831773, 0.29969342271105803, -0.008161500450775253]], "inverted": false, "swapped": false, "error_lsq": 0.04750970074931783, "error_max": 0.2042984431171605, "target": "1078.xyz", "model": "32.xyz", "model_rescale": 4.180218895210482, "target_rescale": 3.8540886181204956},
