[{"mapping": [5, 8, 6, 4, 11, 9, 10, 3, 2, 12, 0, 13], "R": [[-0.10064177127585092, 0.002228395228966451, -0.9949202320433346], [-0.9854847632421752, 0.13718914959061987, 0.09999459311441117], [0.13671508801874588, 0.9905423622891179, -0.011610909469999653]], "T": [-0.03470342817775596, 0.09494354073862521, 0.023960559197797368], "aligned_model": [[-0.7239283555046989, 0.07637166749846336, -0.22889373178129852, 0.46100001032671667, -0.09021375437055602, 0.6717856206191721, 0.46054965614029836, -0.27293696717551563, 0.27805745308167246, 0.12266792287461753, 0.27195766279142214, 0.08125510801598683], [0.04621963230407963, -0.329927261547936, -0.6388435166872561, -0.704344452084175, 0.24954891309366678, 0.28444692369813707, 0.6966516923320966, -0.24280481383685637, -0.38007986744420447, 0.6506067365123974, 0.3110523994520099, 0.07940613643183589], [-0.284254042564724, -0.6223568984865766, -0.0676525650163868, -0.14580702367720905, -0.6543296614070766, 0.06525055243028302, -0.6148669663684133, 0.3439154555127155, 0.5414464413645461, 0.06386643224970642, 0.6982515728201194, -0.08940640780146139]], "inverted": true, "swapped": false, "error_lsq": 0.044821904466080864, "error_max": 0.2552490438725245, "target": "1079.xyz", "model": "0.xyz", "model_rescale": 3.8414455957264533, "target_rescale": 4.007746993395856},
{"mapping": [3, 0, 1, 11, 7, 13, 9, 10, 12, 6, 8, 14], "R": [[-0.003895769541261862, 0.7992222758897785, 0.6010229419092457], [0.6502317816135252, -0.45459504638637044, 0.6087215898755973], [0.7597259066001254, 0.393175657337197, -0.5179087268217064]], "T": [-0.0034583101263837707, 0.11433058192848548, -0.14501498821004546], "aligned_model": [[-0.6768369018004301, 0.22148392543001832, -0.2998408132828493, 0.35805656578847456, 0.18968409769720201, 0.7446841085288516, 0.4317129340066385, -0.27882675661038836, 0.26769008741498007, -0.27769863419382174, 0.4710367957988085, -0.04347311626120352], [-0.2791701963735062, -0.2600606162268435, -0.6954796758642249, -0.636596474958373, 0.3618426941919261, -0.00849138369745682, 0.6260271422852587, 0.054820161409507226, -0.2619052655273067, 0.7572860424043022, 0.3243470379355706, 0.0393130566449411], [-0.2163963008265897, -0.7235904724071138, -0.21474768760676857, 0.03297644938592245, -0.7057188019282324, -0.15169980741510877, -0.2646072053155334, 0.47869330012756384, 0.46096741868560476, 0.20344977942559336, 0.450845633210632, -0.11611541628044703]], "inverted": false, "swapped": false, "error_lsq": 0.056320470416940445, "error_max": 0.29789248591186135, "target": "1079.xyz", "model": "1.xyz", "model_rescale": 4.316132596720782, "target_rescale": 4.007746993395856},
{"mapping": [3, 10, 6, 8, 5, 1, 9, 4, 2, 5, 0, 11], "R": [[0.882546308511093, -0.4192089478230304, 0.2130161294328446], [-0.36581150268122486, -0.32744928955222424, 0.8711824764524638], [-0.29545550906954976, -0.8467826290358413, -0.44234061685945353]], "T": [0.1267596554780166, 0.010470386845053527, -0.1609326818143472], "aligned_model": [[-0.5031861117485809, 0.24603254050124176, -0.33549804619344886, 0.5119270620200351, -0.14822454135061613, 0.6634495014748001, 0.5016588946288736, -0.37088712175100336, 0.4110164262097537, -0.14822454135061613, 0.24575035796419556, 0.03385787211164587], [0.044492829019068376, -0.37537309181319467, -0.6690478337748911, -0.6506668240944313, 0.5904000432963266, 0.022216940053020565, 0.5491915913076173, -0.09910300335200872, -0.3426262889535701, 0.5904000432963266, 0.4175210070226446, -0.055472889783113086], [-0.34266823865703167, -0.6448072393852404, -0.13507213096119305, -0.12118632271384874, -0.09908474749299467, -0.08078724466107869, -0.5061594617409998, 0.417574957211306, 0.5428046467238852, -0.09908474749299467, 0.4083344469761083, -0.10580702875039494]], "inverted": false, "swapped": false, "error_lsq": 0.062022579917806304, "error_max": 0.530800736258517, "target": "1079.xyz", "model": "2.xyz", "model_rescale": 3.795458400668931, "target_rescale": 4.007746993395856},
{"mapping": [8, 5, 9, 5, 6, 10, 2, 7, 4, 1, 0, 11], "R": [[0.6202213173648912, -0.7300954095554203, 0.28685573104308315], [0.6796280037960748, 0.6827474426551605, 0.2682567911610077], [-0.39170306858936044, 0.028576607460315637, 0.9196478040879222]], "T": [0.08675024604963143, 0.07219784774536524, -0.05688958521365232], "aligned_model": [[-0.6308414300173759, 0.3410879887313798, -0.35376456015569097, 0.3410879887313798, -0.11027483200055078, 0.817175806750055, 0.4590520261432201, -0.3933585387966464, 0.44641903584454956, -0.19860562996572179, 0.29624470022629174, 0.09344973702539063], [0.09828036746492157, -0.5069529290828063, -0.6738696631586729, -0.5069529290828063, 0.24188459027547948, 0.020516850339249167, 0.6341175770596847, -0.12941556066054816, -0.2736103041106111, 0.627674291161948, 0.41886191600918493, 0.07139831600877188], [-0.36502076772486314, -0.36302894220014326, -0.11921628490658367, -0.36302894220014326, -0.585741005415718, -0.10997734446890453, -0.4220784593068331, 0.501814168917598, 0.3456148459184896, 0.022399675045386015, 0.6125460290314679, 0.07977391636576983]], "inverted": true, "swapped": false, "error_lsq": 0.05507851695223045, "error_max": 0.33039031057441653, "target": "1079.xyz", "model": "3.xyz", "model_rescale": 3.7530521520055578, "target_rescale": 4.007746993395856},
{"mapping": [8, 10, 5, 6, 3, 9, 2, 7, 0, 4, 11], "R": [[-0.588064158758954, -0.11641292106571832, 0.8003927642052185], [0.42151315924292054, -0.888689210007446, 0.18043875581868116], [0.6902950106788953, 0.44348564782334066, 0.5716758508162959]], "T": [-0.12250845694685905, -0.04272215356639568, 0.06462253145816514], "aligned_model": [[-0.3870787859847793, -0.33286455871699827, 0.36777840543761353, 0.618618711387943, 0.18483405609874606, -0.11979806256361722, -0.27987854799751555, -0.6768260209046678, -0.33789354964705115, 0.3239619252097502, -0.02265396987421814], [-0.5930135582550408, 0.016913637141790477, -0.21424088769584815, 0.43907275308136445, -0.8151709642555671, 0.6105488809755549, -0.5272991363735015, 0.021115033061820165, 0.2247921021709024, 0.38705707306837345, -0.0825715746055024], [-0.21040436582170569, -0.6771952324558755, -0.4569285020986064, -0.297874114234339, 0.18882534813296006, -0.21701004520701073, 0.5873242242359379, 0.08898203657412142, 0.7617456037371114, 0.2816682636103671, 0.04369756077235553]], "inverted": true, "swapped": true, "error_lsq": 0.042525606771710696, "error_max": 0.18315838817451552, "target": "1079.xyz", "model": "4.xyz", "model_rescale": 3.7855080009869324, "target_rescale": 4.007746993395856},
{"mapping": [7, 9, 8, 15, 3, 14, 2, 6, 13, 1, 12, 16], "R": [[-0.7966837022894395, 0.576559745369692, -0.1813117164598791], [0.5006569413773787, 0.7975976579076804, 0.336423250015261], [0.3385819037648642, 0.1772479509597183, -0.9240916936773871]], "T": [-0.030517642974971046, 0.04667684628911027, -0.06876021286331158], "aligned_model": [[-0.7426797042062114, 0.38434383620059687, -0.14710676869166778, 0.3926876149744944, 0.06502018685972999, 0.6449996372797571, 0.42947529600592, -0.4671490698567654, 0.1843436129507255, -0.06299184446788206, 0.40642551004855115, 0.020303985419032937], [-0.157769965161491, -0.07219637822725379, -0.6379923979269975, -0.6465749469857921, 0.2897823635964606, 0.025366668698896644, 0.5248104681659409, -0.07195398953998468, -0.32545397186798025, 0.7555146756475557, 0.289645968370224, 0.048754027454216364], [-0.1800983092475307, -0.6350402927163684, 0.04501533702672578, -0.2088222257394457, -0.712335255826012, -0.09908642168007382, -0.3936916260836368, 0.4017254828986543, 0.5145243949870629, 0.19505467848510183, 0.3928802855238518, -0.08606915857280681]], "inverted": true, "swapped": false, "error_lsq": 0.04633691697995282, "error_max": 0.24928289172528692, "target": "1079.xyz", "model": "5.xyz", "model_rescale": 4.2253639853439635, "target_rescale": 4.007746993395856},
{"mapping": [11, 5, 8, 10, 6, 4, 3, 9, 1, 7, 0, 13], "R": [[0.41507234058367914, 0.6963032405831007, 0.5855567856628927], [-0.760418222919377, 0.6188681266383018, -0.19689176743412945], [-0.4994788066920586, -0.36354372362161785, 0.7863567146536017]], "T": [0.06754774283900361, -0.01840007402299306, -0.06863349311709192], "aligned_model": [[-0.6065413226683813, -0.026014925992273452, -0.26024720300161636, 0.42427652297982726, -0.0432617704235915, 0.7666118345729058, 0.42036841092472904, -0.22329326875958383, 0.4604176567863194, -0.0799775271726055, 0.17501401170286757, 0.10031987356768363], [-0.01513821066580736, -0.3501293117209483, -0.6670909631534561, -0.6782105462852348, 0.36698869549718344, 0.048788681979075994, 0.5645584604547802, -0.12484949260699563, -0.36921590103437496, 0.7609072169861869, 0.4567434654149732, 0.028580427358412493], [-0.457409882348753, -0.5996165496341404, 0.06408982600643363, -0.28289313117675136, -0.5715397629341823, 0.01915249051170105, -0.2653220691692128, 0.4573669391458684, 0.44252917002607567, -0.05109334161128355, 0.5683533727706129, -0.08956017253084576]], "inverted": true, "swapped": false, "error_lsq": 0.051435102238362, "error_max": 0.28755406218397855, "target": "1079.xyz", "model": "6.xyz", "model_rescale": 3.89814844738969, "target_rescale": 4.007746993395856},
{"mapping": [2, 6, 0, 3, 5, 8, 9, 4, 7, 10, 11, 12], "R": [[0.7200812675176488, 0.39529150275738295, -0.5702872925271847], [0.08215310700123599, -0.8646567149813293, -0.495600274664714], [-0.6890093142913383, 0.3100216009982312, -0.6550975284141085]], "T": [0.05017032863196662, -0.07159514185001405, -0.023222106818593727], "aligned_model": [[-0.6370713244032358, 0.3866587369658266, -0.1766473099743252, 0.5065334452505272, -0.07425251842276849, 0.7225091993632946, 0.41131743519894165, -0.33952936454237365, 0.18929471766184697, -0.263190527959618, 0.4391510239475091, -0.05710122056934483], [0.08968127026036209, -0.22075266233535362, -0.5842314527794845, -0.7241671272508927, 0.2609083264730675, -0.0004590515613351748, 0.6368791765566066, 0.0210677125957036, -0.49880085818345166, 0.5920644832193308, 0.39614861554319036, 0.05359408968605199], [-0.08011387908148952, -0.5905874531056131, -0.21497235845336432, -0.15836812536912553, -0.713538702815491, 0.0010033318130935193, -0.430140755458823, 0.48179624228376383, 0.455750084289672, -0.039486751331506545, 0.5108660556738307, 0.011849200610575872]], "inverted": true, "swapped": false, "error_lsq": 0.04722176908610021, "error_max": 0.28177475224025506, "target": "1079.xyz", "model": "7.xyz", "model_rescale": 3.7474275329858107, "target_rescale": 4.007746993395856},
{"mapping": [12, 0, 10, 6, 1, 3, 2, 11, 7, 4, 8, 14], "R": [[-0.27816549742580005, -0.9007980273107487, -0.3334469523551248], [0.9562756164305112, -0.22706113047605778, -0.18433715970303013], [0.09033770786500517, -0.3701434276331248, 0.9245717611509117]], "T": [0.008717068468027944, 0.029843039884206772, -0.004717244310244957], "aligned_model": [[-0.5834665500605107, 0.25337076790370533, -0.2344367086236948, 0.5193670443439506, 0.00461506160943459, 0.711681301251105, 0.3595225759744238, -0.4102512999128189, 0.09210278392601307, -0.008897145215979799, 0.40876305704976057, -0.004698595729108104], [-0.011477732915156726, -0.2951147963186892, -0.6830609732773286, -0.6045394949586785, 0.2532984942890116, 0.009555033989022264, 0.7087077668947808, -0.19039491220530383, -0.4995693280134892, 0.7894771644981197, 0.46010603285513363, 0.08494526738637373], [-0.17280583547890524, -0.523138125129807, -0.09364119154870384, -0.06581961760277161, -0.7222495805058528, -0.1445894046178229, -0.3578003424243927, 0.39832209166774163, 0.41557669937504255, 0.18202209820727064, 0.3417611529324819, -0.023581055818758086]], "inverted": false, "swapped": false, "error_lsq": 0.05011070408201248, "error_max": 0.264888714884514, "target": "1079.xyz", "model": "8.xyz", "model_rescale": 4.019505241142653, "target_rescale": 4.007746993395856},
{"mapping": [1, 2, 10, 6, 0, 5, 4, 9, 11, 7, 8, 12], "R": [[-0.9820270088070147, 0.06372856441473923, 0.17765591476554926], [0.032552058554405, 0.9843540588012382, -0.1731688494083135], [-0.18591212294365916, -0.16427342146301394, -0.9687367679320409]], "T": [0.11107602240014183, -0.05473570105281925, -0.11931607739474515], "aligned_model": [[-0.5334230456841232, 0.20437099275325163, -0.3810887644136479, 0.36197769333340135, -0.056253674791679725, 0.7819094506481491, 0.476962676638252, -0.26550663161907295, 0.3688921375811862, -0.16183708871268407, 0.16461872778128978, 0.1470498190019584], [-0.15766732884379697, -0.20384007880042437, -0.8122944919393401, -0.7353870513932629, 0.4401018733014852, -0.07242914205827722, 0.6788897989501655, -0.007613779199707071, -0.2047213595243814, 0.7987188245086811, 0.35219770931363414, -0.05402245209098054], [-0.2934750088607194, -0.6841488803196195, 0.02920415418626815, -0.16202355647658798, -0.5063336810201247, -0.10538148617829933, -0.24387631679293006, 0.4492831580981952, 0.426838366877931, 0.009981241436731736, 0.4170376394881502, -0.10304874138347311]], "inverted": true, "swapped": false, "error_lsq": 0.05106182932336492, "error_max": 0.2580403391819771, "target": "1079.xyz", "model": "9.xyz", "model_rescale": 3.877068213659057, "target_rescale": 4.007746993395856},
{"mapping": [5, 4, 1, 7, 3, 2, 13, 0, 8, 6, 10, 15], "R": [[-0.75600945112679, 0.2172441563393253, 0.6174582466397094], [0.6545331243548669, 0.2422449786114066, 0.7161729954835042], [0.0060082384461482286, 0.9455804285590803, -0.3253329897148463]], "T": [0.1428952990240819, 0.1260180321566736, 0.01795038382788061], "aligned_model": [[-0.5472375830663264, 0.20564606019180537, -0.2706053073613113, 0.3805924641921737, -0.18521086854489774, 0.7589765303994453, 0.5787324992364257, -0.442941247405241, 0.3189314824294691, -0.03463936141761215, 0.27097222215959427, 0.07445540170275561], [-0.12390471176424042, -0.1755153316969321, -0.6203229982673698, -0.6246520757879566, 0.30716856966510986, -0.050958194980880084, 0.5959939110761769, -0.22523129055179472, -0.46072831246651835, 0.7134210837694456, 0.5959822306223694, 0.09067964260638517], [-0.2508444624232281, -0.5847358132937817, -0.13984354833658363, -0.19717984679129186, -0.49419429132927284, -0.1537432075629389, -0.4142614902669628, 0.4268336065191473, 0.48705903330205635, -0.04323518982067863, 0.5336448024330408, 0.06455729662601603]], "inverted": false, "swapped": false, "error_lsq": 0.04568383549418942, "error_max": 0.2601848447479878, "target": "1079.xyz", "model": "10.xyz", "model_rescale": 4.260839863003843, "target_rescale": 4.007746993395856},
{"mapping": [1, 7, 0, 6, 8, 10, 9, 3, 5, 2, 4, 11], "R": [[0.03332809802230527, -0.8786315314951957, -0.47633587912797715], [0.4934848865951017, 0.4289181395677423, -0.7566385505986108], [0.8691155875856994, -0.20984723351084228, 0.4478864074778456]], "T": [0.09872433092702829, 0.03683037129939636, -0.08789018700235227], "aligned_model": [[-0.6000285202709363, 0.07360412760057675, -0.2280011716537282, 0.4341606355744021, 0.059772041629886224, 0.7014427456896338, 0.5327315853944448, -0.37454019484945655, 0.3225807587485638, -0.3109486500846178, 0.4392782551180905, 0.057620679619421265], [0.015201907558426535, -0.3526213170946128, -0.7758562210017278, -0.7242466034612767, 0.4838193674928819, -0.008351214546129561, 0.7002833499905315, -0.08658135727978422, -0.22930856492544505, 0.5509188083022175, 0.443504313368814, 0.005170053819899559], [-0.2737323394872294, -0.6144848955535669, -0.14104296785497064, 0.019346274464276697, -0.6485121304715631, -0.2552906913287605, -0.1727495370630638, 0.426525311698284, 0.4914795296691261, 0.10765585287183452, 0.4168297236025389, -0.12196724149138363]], "inverted": true, "swapped": false, "error_lsq": 0.057669563596194746, "error_max": 0.305274922520376, "target": "1079.xyz", "model": "11.xyz", "model_rescale": 3.890672605050136, "target_rescale": 4.007746993395856},
{"mapping": [10, 0, 4, 3, 11, 8, 6, 12, 7, 9, 5, 13], "R": [[0.10316926402886695, 0.8987730273638992, 0.4261022743929842], [0.9698698568503152, -0.18595200875955492, 0.15739857436278032], [0.22070016704318834, 0.3970250567929162, -0.890877399278762]], "T": [0.11468018749563329, 0.09141131936774141, -0.23752836386166742], "aligned_model": [[-0.7619243730227672, 0.424422443868323, -0.183856451632682, 0.5346071012650564, -0.2885711176688709, 0.8011874473067345, 0.42830071767465033, -0.3127574599052962, 0.21227883190907282, -0.06737120031077574, 0.2506472790929368, 0.0707090739398987], [-0.0206337197597022, -0.29844278033368243, -0.5386271414289491, -0.7198571685930018, 0.35545883094999287, 0.0009078871661805238, 0.5071268725598037, -0.013047596087609817, -0.32543116598552624, 0.7702726821966411, 0.3303586388906003, -0.026152817350951846], [-0.10132682889295352, -0.5549682090455432, -0.3081290496943744, -0.10126397549841135, -0.5029138578239352, -0.03825980933154716, -0.4842692924203629, 0.36373492232111904, 0.4998189201840333, 0.09687402589841027, 0.4900630807901172, -0.12530303743102988]], "inverted": true, "swapped": false, "error_lsq": 0.04711396614222004, "error_max": 0.27214054698657475, "target": "1079.xyz", "model": "12.xyz", "model_rescale": 4.124412569039231, "target_rescale": 4.007746993395856},
{"mapping": [6, 7, 0, 5, 9, 10, 11, 1, 4, 8, 2, 12], "R": [[0.9125681506511891, -0.32592284812384237, -0.24696896057584142], [0.1886114703621214, 0.8713444916647126, -0.4529729463151218], [0.36282927619599176, 0.3667875051257968, 0.8566340189478154]], "T": [-0.022558988226128174, -0.14354273709154572, -0.17093482956240952], "aligned_model": [[-0.6126230566491551, 0.3565515625203222, -0.20570635592010075, 0.4313307275120861, -0.13408258894498162, 0.6706801185853215, 0.4630644638083374, -0.45726401825178536, 0.3624956337548055, -0.1432712701131259, 0.29727727817315747, 0.07921979804139895], [0.1707647046850889, -0.26554578338352186, -0.6515747134373379, -0.7485023879000846, 0.20020184787021003, 0.10901556870999077, 0.7241349673458756, 0.058095046227927466, -0.38431301414273056, 0.5538032303613002, 0.3496613764138332, -0.09380832052675575], [-0.19639149831486902, -0.6551539137838445, 0.04149856261260282, -0.21281353432874905, -0.6982330552303555, -0.15532985422016715, -0.12782885094191332, 0.4872733746686943, 0.4709677078444329, -0.05247273614290776, 0.45902546979466835, -0.12648478290206908]], "inverted": false, "swapped": false, "error_lsq": 0.052560388845662415, "error_max": 0.34908810950521124, "target": "1079.xyz", "model": "13.xyz", "model_rescale": 3.9028299243045295, "target_rescale": 4.007746993395856},
{"mapping": [8, 11, 13, 14, 1, 9, 6, 4, 10, 3, 7, 15], "R": [[-0.6449632010626667, 0.569601278591307, 0.5094868523349219], [-0.752411260679617, -0.35657957070568513, -0.5538305738742297], [-0.13378999991594148, -0.7405439846373052, 0.6585551174654973]], "T": [-0.11406209945565948, 0.05850697065280035, -0.13293829832102844], "aligned_model": [[-0.8560119523503184, 0.3582939798938086, -0.18812971550529708, 0.475839116676792, 0.11433345924762453, 0.6598009283990564, 0.30704331852422984, -0.31493035216353155, 0.16926750387994616, -0.12983206813732373, 0.5178361343576176, -0.005838060306324083], [-0.05993898276213959, -0.221762567774952, -0.730353675142037, -0.6010749955257655, 0.24469600359362154, 0.08814263480301969, 0.5521884217626951, 0.12844970108921844, -0.32124895546742976, 0.6234452119250313, 0.24631317315938522, 0.07307655256314757], [-0.3117905598858282, -0.6270894983286976, -0.06319432679581571, -0.13727856103481567, -0.7120478462650962, -0.09972387384055839, -0.2857686422558902, 0.5105857753513505, 0.44226807725145156, 0.13028316143134222, 0.48840010242440035, -0.10058691899631997]], "inverted": false, "swapped": false, "error_lsq": 0.04884319093757584, "error_max": 0.2847852173069296, "target": "1079.xyz", "model": "14.xyz", "model_rescale": 3.942246331269136, "target_rescale": 4.007746993395856},
{"mapping": [7, 5, 0, 1, 9, 4, 10, 8, 12, 11, 13, 14], "R": [[0.6057109303453054, -0.7942058003087703, 0.04849139734149116], [0.5676820618485482, 0.47404484637721667, 0.6730665348080993], [-0.557540442941681, -0.38015606055816975, 0.7379905311759002]], "T": [0.14024950662033855, 0.04011414287053692, -0.11470748070154171], "aligned_model": [[-0.6651009833548548, 0.30200987674761337, -0.34008608356237724, 0.4296465141491743, -0.1644756990281491, 0.6275212950824787, 0.3554964678081508, -0.4842177271357493, 0.4622533036894477, 0.02186811575049369, 0.45474919827158944, 0.1080080140984625], [-0.04810926054191313, -0.3699322334066737, -0.5084950966071303, -0.715965302411572, 0.27368619117320264, 0.3538538185234088, 0.6267717285561503, 0.06851778689249963, -0.4316012824003494, 0.633561128336652, 0.19073166822924756, -0.05108662411972708], [-0.3878498016920451, -0.5712982275934706, -0.019717449478180077, -0.0795694637416747, -0.8223436537640454, -0.026403477322630126, -0.45894887696309183, 0.3414447233478134, 0.4699927590772113, 0.2698930216297105, 0.6196862498758662, -0.10082891431994107]], "inverted": false, "swapped": false, "error_lsq": 0.05373382684750624, "error_max": 0.28753693427858124, "target": "1079.xyz", "model": "15.xyz", "model_rescale": 4.355366556412066, "target_rescale": 4.007746993395856},
{"mapping": [3, 10, 6, 8, 5, 1, 9, 4, 2, 5, 0, 11], "R": [[0.882546308511093, -0.4192089478230304, 0.2130161294328446], [-0.36581150268122486, -0.32744928955222424, 0.8711824764524638], [-0.29545550906954976, -0.8467826290358413, -0.44234061685945353]], "T": [0.1267596554780166, 0.010470386845053527, -0.1609326818143472], "aligned_model": [[-0.5031861117485809, 0.24603254050124176, -0.33549804619344886, 0.5119270620200351, -0.14822454135061613, 0.6634495014748001, 0.5016588946288736, -0.37088712175100336, 0.4110164262097537, -0.14822454135061613, 0.24575035796419556, 0.03385787211164587], [0.044492829019068376, -0.37537309181319467, -0.6690478337748911, -0.6506668240944313, 0.5904000432963266, 0.022216940053020565, 0.5491915913076173, -0.09910300335200872, -0.3426262889535701, 0.5904000432963266, 0.4175210070226446, -0.055472889783113086], [-0.34266823865703167, -0.6448072393852404, -0.13507213096119305, -0.12118632271384874, -0.09908474749299467, -0.08078724466107869, -0.5061594617409998, 0.417574957211306, 0.5428046467238852, -0.09908474749299467, 0.4083344469761083, -0.10580702875039494]], "inverted": false, "swapped": false, "error_lsq": 0.062022579917806304, "error_max": 0.530800736258517, "target": "1079.xyz", "model": "16.xyz", "model_rescale": 3.795458400668931, "target_rescale": 4.007746993395856},
{"mapping": [2, 6, 0, 3, 5, 8, 9, 4, 7, 10, 11, 12], "R": [[0.7200812675176488, 0.39529150275738295, -0.5702872925271847], [0.08215310700123599, -0.8646567149813293, -0.495600274664714], [-0.6890093142913383, 0.3100216009982312, -0.6550975284141085]], "T": [0.05017032863196662, -0.07159514185001405, -0.023222106818593727], "aligned_model": [[-0.6370713244032358, 0.3866587369658266, -0.1766473099743252, 0.5065334452505272, -0.07425251842276849, 0.7225091993632946, 0.41131743519894165, -0.33952936454237365, 0.18929471766184697, -0.263190527959618, 0.4391510239475091, -0.05710122056934483], [0.08968127026036209, -0.22075266233535362, -0.5842314527794845, -0.7241671272508927, 0.2609083264730675, -0.0004590515613351748, 0.6368791765566066, 0.0210677125957036, -0.49880085818345166, 0.5920644832193308, 0.39614861554319036, 0.05359408968605199], [-0.08011387908148952, -0.5905874531056131, -0.21497235845336432, -0.15836812536912553, -0.713538702815491, 0.0010033318130935193, -0.430140755458823, 0.48179624228376383, 0.455750084289672, -0.039486751331506545, 0.5108660556738307, 0.011849200610575872]], "inverted": true, "swapped": false, "error_lsq": 0.04722176908610021, "error_max": 0.28177475224025506, "target": "1079.xyz", "model": "17.xyz", "model_rescale": 3.7474275329858107, "target_rescale": 4.007746993395856},
{"mapping": [7, 9, 12, 5, 2, 8, 0, 11, 10, 1, 3, 13], "R": [[0.10989344883312718, 0.9931340769940502, 0.0401015587818877], [-0.4367400861758268, 0.012005646389017521, 0.8995076217475391], [0.8928502265389715, -0.11636395304370772, 0.43506080425769167]], "T": [0.11478401545097727, 7.863070755599003e-05, -0.11456951084988859], "aligned_model": [[-0.6297280574399631, 0.03090314054633389, -0.2084662867661476, 0.46699845275882973, -0.10973743408645106, 0.789285538004409, 0.5505017293128341, -0.33074111322852584, 0.30431400385989066, -0.15402754584654427, 0.27043398210457303, 0.12793588329704175], [-0.07770801525024729, -0.3828683158042314, -0.6742264124839441, -0.6314947989143367, 0.43302668888028484, 0.07809641426417809, 0.6468977765635204, -0.0036359763849692283, -0.3709331874710078, 0.6137338607012655, 0.3198455379953644, 0.07119895012791853], [-0.19865454558596857, -0.6568238799780728, -0.1068965611858646, -0.09783840754356493, -0.6303008570290383, 0.12168326213005862, -0.41609472896941363, 0.45396388589590936, 0.43576491904616116, 0.05772680374747344, 0.4634541860636195, -0.1919271875357767]], "inverted": true, "swapped": false, "error_lsq": 0.04026704649757531, "error_max": 0.2561306710698708, "target": "1079.xyz", "model": "18.xyz", "model_rescale": 3.922800546911778, "target_rescale": 4.007746993395856},
{"mapping": [2, 11, 10, 4, 3, 13, 12, 1, 6, 5, 8, 14], "R": [[-0.1782176852119496, -0.351864308976535, 0.9189287049309977], [-0.7634238289775235, 0.6386507011678934, 0.0964849171998175], [-0.6208240604446577, -0.6843367518745607, -0.3824404476605272]], "T": [0.0618856224761203, 0.06034529732374119, -0.08795680356668045], "aligned_model": [[-0.5856763545428303, 0.35241668503194334, -0.14466275798745337, 0.44742662761464097, -0.19671246431507594, 0.7230634778507384, 0.4127678753470897, -0.43990583125687055, 0.04892513273111766, -0.0066943096887967235, 0.4270857793956945, 0.06963843233608266], [-0.19364754148214222, -0.41208607899836036, -0.7152761367972073, -0.5350156472965514, 0.4483981607515094, -0.0029257418199507834, 0.7003871658563704, 0.06856770496143165, -0.36370833187754514, 0.765382665440463, 0.19348875396208878, 0.06836754952368977], [-0.25907105353559157, -0.5347720999984322, -0.1676424655350941, 0.056163347938156916, -0.5257823947311853, -0.2630406862860313, -0.3809450212682924, 0.4562129795975609, 0.45589824806003676, 0.1962136077167903, 0.38458136352877204, -0.18375893643116745]], "inverted": false, "swapped": false, "error_lsq": 0.05608132021905837, "error_max": 0.2907422649313901, "target": "1079.xyz", "model": "19.xyz", "model_rescale": 3.9282355846067225, "target_rescale": 4.007746993395856},
{"mapping": [6, 2, 5, 1, 7, 10, 12, 4, 0, 9, 11, 13], "R": [[0.11823963840402842, -0.7880865760554786, 0.6041017600961258], [0.2168412794293134, 0.6141790634227619, 0.7587911027342095], [-0.9690197353230445, 0.04127501295325703, 0.24351001182736906]], "T": [-0.07764668037027209, 0.04638913671731292, -0.04988689170514693], "aligned_model": [[-0.6824412662160125, 0.40432212378782273, -0.27402837891375553, 0.2835580393787812, -0.11525819239090569, 0.7780125311581313, 0.3064976412276038, -0.2827351305173808, 0.30309177224026573, 0.049501899044707115, 0.29263576656926693, 0.04451548714775615], [-0.12269262858981034, -0.34627208733779313, -0.5252587491441254, -0.6093249458908095, 0.21029225122265924, 0.12355345491901837, 0.7027553018279282, -0.004091302020889469, -0.3340186882139132, 0.7142644772507883, 0.2668891271636822, -0.054163688962939986], [-0.23010597956592363, -0.5904786464534408, -0.39966264174496363, -0.017160929427334326, -0.6497359723901072, -0.11413119662412091, -0.4299012897871903, 0.5457290062197386, 0.5421647155316426, 0.07739466036675258, 0.5225061856705085, -0.02256102274003903]], "inverted": false, "swapped": false, "error_lsq": 0.049375531166127064, "error_max": 0.3514995919859219, "target": "1079.xyz", "model": "20.xyz", "model_rescale": 4.067790424073018, "target_rescale": 4.007746993395856},
{"mapping": [9, 5, 10, 13, 8, 6, 4, 12, 11, 0, 3, 14], "R": [[-0.817335715626709, -0.5185196244211197, 0.2511965904449282], [-0.10854684213077853, -0.28959773374353104, -0.9509735725423957], [0.5658444229860464, -0.8045312621028423, 0.18041490313939218]], "T": [0.09514821757145937, 0.07203330876380538, -0.12842170015015825], "aligned_model": [[-0.6212319767939843, 0.3255651822351004, -0.2543677975255291, 0.24744238186290818, -0.02651606083378999, 0.8135575523530955, 0.6180090440095819, -0.34389791730584823, 0.23802264637797477, -0.2103456953196508, 0.26778241305832934, 0.05365252039809298], [-0.22487848049200093, -0.07986048717409043, -0.6635315246584919, -0.5976158836696747, 0.32999868714606995, 0.09392875747909533, 0.49387643459467345, -0.06010998276941541, -0.3207152529318182, 0.6999965342955641, 0.34137826692471057, 0.00946545347917345], [-0.07653041002613872, -0.6502477420536428, -0.03858989856064046, -0.2644362275843814, -0.6222025864157958, 0.04754852380700714, -0.5656143671769106, 0.4854109389704337, 0.36490143822709137, 0.001168755081650652, 0.659864887781364, -0.10721642299451423]], "inverted": false, "swapped": false, "error_lsq": 0.04690787708959763, "error_max": 0.2559643932057236, "target": "1079.xyz", "model": "21.xyz", "model_rescale": 4.186013935880536, "target_rescale": 4.007746993395856},
{"mapping": [10, 11, 9, 8, 4, 5, 3, 1, 2, 6, 0, 12], "R": [[0.9751290103089914, -0.11245403115879654, -0.19099084828845486], [-0.10453881252853955, -0.9932093148629366, 0.05105774715573703], [-0.19543553906321648, -0.02982193396868705, -0.9802630271133547]], "T": [0.030496385841271387, -0.011841252997098964, -0.044568990551663405], "aligned_model": [[-0.700313746368424, 0.24388554177313715, -0.3011406397904091, 0.3205084069950678, -0.2621284521866813, 0.7804466620244451, 0.5587522578110415, -0.30039100932417245, 0.5181926526550964, 0.02370810758477681, 0.18103839688935036, 0.04511411445305201], [-0.11887458271336564, -0.20304092850253697, -0.5363453996694775, -0.7164360747473233, 0.36698630906581164, 0.13747387751111528, 0.6153730977297288, -0.07398326248242838, -0.35062255885626764, 0.5447416620480936, 0.3409150752105648, 0.0157453076298806], [-0.4328470476542533, -0.6074843757821262, -0.06362269339347734, -0.12887376771568607, -0.590899047531006, 0.07298249250555894, -0.4686993322019276, 0.6048731841722288, 0.3993665689625596, -0.03985444123035587, 0.5675490673631627, -0.07843371843915574]], "inverted": false, "swapped": false, "error_lsq": 0.048066196814952535, "error_max": 0.26546399925847114, "target": "1079.xyz", "model": "22.xyz", "model_rescale": 4.166573947596378, "target_rescale": 4.007746993395856},
{"mapping": [13, 6, 5, 1, 12, 3, 11, 7, 0, 9, 8, 15], "R": [[0.22876044544343715, -0.5999931345650111, -0.7666008720810148], [0.5897093493619554, -0.5411409625868826, 0.599507582842487], [-0.774539567663021, -0.5892153231929684, 0.2300299133569073]], "T": [0.12371719263951245, 0.11245311337421655, -0.08183750933182615], "aligned_model": [[-0.6849384686605995, 0.19498366806846032, -0.32583139772773173, 0.34385094959573437, 0.006796232017110493, 0.6585047141170762, 0.4790726046234224, -0.2985141569954961, 0.22897503164908942, 0.0946688542950345, 0.28385942726588576, 0.1262448342682947], [-0.12589734965532678, -0.3753399431671244, -0.5867822282972879, -0.5649013235114901, 0.2875474211794931, 0.37881436928925344, 0.6462334155256194, -0.21772611110896917, -0.4842805227891392, 0.6982733978982021, 0.32238941812867766, 0.043601978731886815], [-0.15980043075364628, -0.6615673217762572, -0.0756744696837756, -0.11066729855629989, -0.7023637598406525, -0.014899924707695772, -0.541069964233814, 0.39154607166280125, 0.4655065484931476, 0.046302861206718116, 0.6825971529226398, -0.08585257567764279]], "inverted": false, "swapped": false, "error_lsq": 0.044629485142129104, "error_max": 0.25532037961291904, "target": "1079.xyz", "model": "23.xyz", "model_rescale": 4.274766983524099, "target_rescale": 4.007746993395856},
{"mapping": [1, 4, 6, 5, 9, 10, 8, 7, 2, 0, 11], "R": [[0.46328749962364174, 0.7770058463780173, 0.42617673257330135], [0.5812007974722347, -0.6294326498351952, 0.5157714342022861], [0.6690069698516695, 0.008743798706837336, -0.7432046960791231]], "T": [0.0011733649750157726, 0.050312166828966526, 0.11662111918556414], "aligned_model": [[0.34721475058589124, 0.008737941176893305, -0.5456843465460242, -0.4113407596457733, -0.5279036597994189, -0.692784782355769, -0.012588455374426044, 0.008664352863076874, 0.6819474389126795, 0.5269645088602772, -0.003332284719331873], [0.03048448457511091, 0.5909230119237563, 0.438508063985251, -0.2502981768307857, 0.5195457437174524, -0.23579717984820694, -0.596371422034005, 0.03776276012797175, -0.18934712209728277, 0.5499396034141883, 0.02023676431003344], [-0.4813809691013897, -0.25598796147152036, -0.5638568147954002, -0.4137380821689771, 0.19398164674684107, 0.30280179337311985, 0.29002478553897537, 0.6749426493902781, 0.2257418914617907, 0.39563956070313877, 0.011397934344721264]], "inverted": true, "swapped": true, "error_lsq": 0.04881159614965178, "error_max": 0.28147716741898515, "target": "1079.xyz", "model": "24.xyz", "model_rescale": 3.7841303162186577, "target_rescale": 4.007746993395856},
{"mapping": [5, 8, 4, 1, 9, 7, 10, 3, 6, 13, 11, 15], "R": [[0.45841918312681856, 0.4054042328733813, -0.7908851120799315], [-0.05758781816601535, 0.9015784364997566, 0.42876563066264145], [0.8868683643812189, -0.15100904213655547, 0.43664719563141774]], "T": [0.1481330827995799, 0.04462169749910808, -0.197253250475811], "aligned_model": [[-0.7009618111131715, 0.23568201832311428, -0.20974130603268396, 0.37049845822200655, -0.04820293951047447, 0.7411074061461134, 0.6525573958687592, -0.36285602991809096, 0.19553231015182582, -0.2317395498681061, 0.3248091709064447, 0.1409871693405438], [-0.16704816731211683, -0.32459001054138514, -0.5791439381588215, -0.6499022445740577, 0.3154518274845713, 0.08638606774755941, 0.6024516042490815, -0.03292402560556503, -0.2840868692105839, 0.6040209799803993, 0.4311946838990532, 0.02012261426566047], [-0.137483066388973, -0.6505475060906165, 0.001610261633746335, -0.3429465156036029, -0.6770906349735661, 0.06626667159789174, -0.3963437143288079, 0.4207100778417616, 0.44440899998084404, 0.1961539469425615, 0.4421014673763132, -0.1327830989320295]], "inverted": false, "swapped": false, "error_lsq": 0.04330945230237208, "error_max": 0.24012221870165767, "target": "1079.xyz", "model": "25.xyz", "model_rescale": 4.19342608120988, "target_rescale": 4.007746993395856},
{"mapping": [3, 10, 6, 8, 5, 1, 9, 4, 2, 5, 0, 11], "R": [[0.882546308511093, -0.4192089478230304, 0.2130161294328446], [-0.36581150268122486, -0.32744928955222424, 0.8711824764524638], [-0.29545550906954976, -0.8467826290358413, -0.44234061685945353]], "T": [0.1267596554780166, 0.010470386845053527, -0.1609326818143472], "aligned_model": [[-0.5031861117485809, 0.24603254050124176, -0.33549804619344886, 0.5119270620200351, -0.14822454135061613, 0.6634495014748001, 0.5016588946288736, -0.37088712175100336, 0.4110164262097537, -0.14822454135061613, 0.24575035796419556, 0.03385787211164587], [0.044492829019068376, -0.37537309181319467, -0.6690478337748911, -0.6506668240944313, 0.5904000432963266, 0.022216940053020565, 0.5491915913076173, -0.09910300335200872, -0.3426262889535701, 0.5904000432963266, 0.4175210070226446, -0.055472889783113086], [-0.34266823865703167, -0.6448072393852404, -0.13507213096119305, -0.12118632271384874, -0.09908474749299467, -0.08078724466107869, -0.5061594617409998, 0.417574957211306, 0.5428046467238852, -0.09908474749299467, 0.4083344469761083, -0.10580702875039494]], "inverted": false, "swapped": false, "error_lsq": 0.062022579917806304, "error_max": 0.530800736258517, "target": "1079.xyz", "model": "26.xyz", "model_rescale": 3.795458400668931, "target_rescale": 4.007746993395856},
{"mapping": [8, 9, 11, 4, 1, 3, 0, 5, 10, 6, 7, 12], "R": [[0.019138841639517012, -0.03732592491791503, -0.9991198527052297], [-0.0020137460643998017, -0.9993023016028888, 0.03729416627245577], [-0.999814807635637, 0.0012982065288825208, -0.019200653434786108]], "T": [0.07255942845863361, -0.04207485339443629, -0.2284412618429627], "aligned_model": [[-0.6527466121377846, 0.2722178722486517, -0.20722060362701, 0.4714335248990816, -0.19514523112550552, 0.7975727033191523, 0.5579596405642222, -0.263670902715954, 0.19433685093116865, -0.3979883874264214, 0.4154566538009369, 0.11546678378574282], [-0.018853342888067358, -0.19835940162983515, -0.6977785673468465, -0.7485636894531363, 0.33068775383904647, 0.023369598456159747, 0.6315908215695847, 0.16969706525646863, -0.36208596047198177, 0.6011233068768519, 0.24758628293892393, 0.04351865507662688], [-0.16407031319124576, -0.5749754389764942, -0.17055892525824617, -0.026857129655370238, -0.602253279355329, -0.10535863168802097, -0.27127097764909214, 0.41106033060960984, 0.3964183857837515, -0.013807063111025114, 0.44885189298737543, -0.09312196144039078]], "inverted": false, "swapped": false, "error_lsq": 0.050252777700717725, "error_max": 0.3398160774023957, "target": "1079.xyz", "model": "27.xyz", "model_rescale": 3.6321398670334006, "target_rescale": 4.007746993395856},
{"mapping": [3, 8, 7, 12, 0, 9, 10, 1, 6, 11, 13, 14], "R": [[-0.5089455927408025, -0.5385171979310059, 0.6715456880676485], [0.781391438972836, 0.03825035524114703, 0.622867826608412], [-0.3611118977957857, 0.8417458867475767, 0.4013253784821764]], "T": [0.019140613336061582, 0.018067149486647262, -0.06862411329166783], "aligned_model": [[-0.5900897829627546, 0.12348151669770903, -0.1977775545445224, 0.4996490018436048, -0.23967625531236786, 0.6659504590718139, 0.40964253822361435, -0.4811541481291363, 0.39546992300230693, 0.20201278200811995, 0.31396927856974133, 0.0061945340481512415], [-0.14108954033912505, -0.220715368534331, -0.7027011533644997, -0.645743127344511, 0.43991319168947146, 0.1530441609639932, 0.42848116817810605, 0.059054925142205165, -0.33737455392996823, 0.6241726592421973, 0.3254702232069752, 0.0394199373132814], [-0.34260869729511756, -0.5148589178148019, -0.253899438287375, -0.17806512848786546, -0.44871810087984465, 0.03132783042212814, -0.6012968204179572, 0.3732948272886101, 0.5109834119348327, 0.03963353026229122, 0.6278360365646405, -0.009571644234018406]], "inverted": true, "swapped": false, "error_lsq": 0.051534794309415245, "error_max": 0.292967524601109, "target": "1079.xyz", "model": "28.xyz", "model_rescale": 4.156811204709835, "target_rescale": 4.007746993395856},
{"mapping": [3, 1, 5, 6, 0, 2, 8, 7, 9, 11], "R": [[-0.18958769084551874, -0.8406493760703193, 0.507311673424185], [-0.27216589827747334, -0.4514415614592241, -0.8497801129716285], [0.943388695763671, -0.2991807866488766, -0.14320832938582634]], "T": [-0.13453327253865624, 0.06715831846012724, 0.08399943151480975], "aligned_model": [[-0.5579905056637026, -0.023924931212932155, 0.14849777041436726, 0.7645497292867219, -0.21307205239590837, -0.7107134230199227, -0.6560918310628955, -0.4324322733012982, 0.42294840277266477, -0.09884551170650618], [-0.28792029870706926, -0.48341407264338865, 0.2708614609568292, 0.10156547380805506, -0.40572466088954373, -0.3805569379023682, 0.35793605597385036, 0.3135430160329922, 0.39897873070292156, 0.033451563293925374], [-0.5493772908826653, -0.31896472584703495, -0.5642395850911096, -0.2373501185759503, 0.6956762587558788, 0.10309762169423384, -0.21912242633339313, 0.48709656589406414, 0.3758841600625612, -0.013913732701485437]], "inverted": true, "swapped": true, "error_lsq": 0.05660087543071698, "error_max": 0.2753285812301452, "target": "1079.xyz", "model": "29.xyz", "model_rescale": 4.117894457231895, "target_rescale": 4.007746993395856},
