[{"mapping": [12, 11, 13, 14, 5, 7, 9, 4, 6, 3, 0, 8, 2, 15], "R": [[-0.4859572287634934, -0.12239590738990652, -0.8653697554610442], [0.7484914720400726, 0.45291722095915876, -0.48438260419003276], [0.45122731310924785, -0.8831111101174269, -0.128486104662624]], "T": [0.10493573331141065, 0.09551050315563732, 0.030585574141662616], "aligned_model": [[0.09747682413140973, 0.3524804899937188, -0.4734210688348129, -0.3256654171686224, -0.546701206339459, -0.09821121628273538, -0.8304398545926022, -0.06251937584087841, -0.37246382964924857, 0.09144778703923899, 0.7002399708313658, 0.24181986193003246, 0.5981515714632732, -0.0007024355523765347], [-0.5889460656173314, -0.4464658317234738, -0.3167335120056269, -0.48591085466399747, 0.24463044703827874, 0.47283053167519357, 0.2066109222020508, 0.48687823263998836, 0.6659609415216763, -0.11968004260291133, 0.5039711370215528, 0.6588367418212993, -0.15784778494963353, 0.11113846945296928], [0.26897177974007724, -0.36361515266648803, 0.2835138031367599, -0.24400232665915644, 0.5683298128894444, -0.6048378414174661, 0.047547043467646086, 0.5245470430888881, 0.1300075398982923, 0.7791843968205675, 0.3453418854090225, -0.10522999756704039, 0.23863969465410023, 0.029190406385186267]], "inverted": false, "swapped": true, "error_lsq": 0.03917882084005869, "error_max": 0.232761022447848, "target": "1081.xyz", "model": "0.xyz", "model_rescale": 3.8414455957264533, "target_rescale": 4.18082106296236},
{"mapping": [6, 8, 3, 0, 4, 2, 12, 5, 14, 13, 11, 7, 10, 9, 15], "R": [[0.8531854104696472, 0.33773446007741736, -0.3975048299555052], [0.08554816736550958, -0.8423595565042642, -0.5320825956807291], [-0.5145446204384441, 0.41995929807798626, -0.7475814480949236]], "T": [-0.006727420040004728, -0.015437200686180461, -0.2099791269826326], "aligned_model": [[-0.6352645159847842, -0.5270630225630848, 0.10037916656755089, -0.3854206655673074, -0.4786920735185307, 0.269156831703639, 0.6331705372749776, -0.3005353578808073, 0.5550836832749267, 0.2993611093360338, 0.608673089437886, -0.31323737992971634, 0.30329972178741615, -0.22312485028011395, -0.03374212015354006], [0.18324728951149982, 0.062334890755161104, -0.6582113974735994, -0.5695792271657018, -0.32493715386821376, -0.4650497368136042, -0.25527811689612734, -0.12393429692398578, 0.4082204241464787, 0.04661025657462717, 0.15837529748306434, 0.6538066406977338, 0.7246011166709231, 0.4650141136702038, 0.04182442767455566], [0.14873296508862416, -0.488765690315994, 0.21693843419787484, -0.6220674675009776, 0.11662000178940818, -0.479191402361371, 0.03162251212173531, 0.588733337460764, 0.1121220411353448, 0.47622370956029897, -0.5285421436064879, -0.42344183883260456, -0.43080886953316305, 0.5709800087725376, -0.12397381063645568]], "inverted": true, "swapped": true, "error_lsq": 0.039502313406262736, "error_max": 0.30007779468892803, "target": "1081.xyz", "model": "1.xyz", "model_rescale": 4.316132596720782, "target_rescale": 4.18082106296236},
{"mapping": [11, 1, 2, 13, 12, 14, 3, 9, 0, 7, 4, 15], "R": [[-0.3620746513887838, -0.41658137783140436, 0.8338836264526241], [-0.9308959882257637, 0.20796563156118153, -0.3003047705157846], [-0.04831775995293913, -0.8849916676067904, -0.46309301694117844]], "T": [0.09477792235731652, -0.01596448278775158, -0.015021056028068719], "aligned_model": [[-0.212438834120995, 0.39224540991196566, 0.0997012301640614, -0.5719649675468785, -0.5232232117581354, -0.5936133324457445, -0.17062295048728648, -0.2736354561329788, 0.711363109603503, 0.3820108120368804, 0.3018333580740831, 0.05615338733330529], [-0.656492003052848, -0.4848950083754076, -0.3529418507329989, 0.33574036057421824, -0.18900026312525825, -0.14117957778574836, 0.31797862636023705, 0.6868186666387327, -0.06022974815369022, -0.06305450820231515, 0.5570889979713892, 0.06294273562466973], [0.0608296359131659, 0.11335656222027246, -0.5020126542621812, -0.0019050518492934876, -0.35191514893745224, 0.31559249736178563, -0.6668902680182063, 0.4928430128253213, -0.5030395528708257, 0.6939795086296879, -0.24728297885963238, 0.045702899056779295]], "inverted": true, "swapped": true, "error_lsq": 0.04608022398611878, "error_max": 0.2630323759265004, "target": "1081.xyz", "model": "2.xyz", "model_rescale": 3.795458400668931, "target_rescale": 4.18082106296236},
{"mapping": [9, 13, 14, 2, 7, 1, 12, 4, 3, 0, 10, 15], "R": [[-0.6319582226349935, 0.13550912060958342, 0.7630636166635372], [0.3371104418132591, -0.8385046628409857, 0.42809634478046454], [0.6978433598340601, 0.5277757181090681, 0.48421837688172076]], "T": [0.14127825581274187, 0.08761876053496091, 0.0870365796186002], "aligned_model": [[-0.10930881200870204, -0.26748384796730873, -0.6102843734436963, 0.23036248942805468, 0.04140017836751385, 0.14336669948297048, -0.27633857129388684, 0.6335075442581934, 0.34461891076083306, 0.8388231946458196, -0.4890792955196067, 0.11371970903338054], [-0.29314851963068705, -0.5119079942649906, -0.0629228094620493, 0.04142329736436605, 0.6584925125027606, 0.6183461520149606, -0.3444374315484567, -0.2673724573689245, -0.6172793045504275, 0.21770062607835833, 0.598454267457618, 0.04842070669718068], [-0.7374516766935612, -0.11764761723115433, -0.019535046050435823, 0.6707049621110119, -0.4144906210916769, 0.29485291964743143, 0.4923611970328402, -0.1514993901533455, 0.349067854238449, 0.42880920385158816, -0.09799249206124105, -0.008407862960805673]], "inverted": true, "swapped": true, "error_lsq": 0.0423203418247261, "error_max": 0.21663943840610006, "target": "1081.xyz", "model": "3.xyz", "model_rescale": 3.7530521520055578, "target_rescale": 4.18082106296236},
{"mapping": [14, 7, 9, 6, 13, 8, 12, 1, 2, 4, 15], "R": [[-0.889649533238601, 0.355480147700506, -0.2866314229095732], [-0.3887657563139452, -0.2603313914888626, 0.8837922568811741], [0.23955144484220137, 0.8976978507250085, 0.3698022094008021]], "T": [-0.1658374011696146, 0.032253921702372984, 0.11682483954035053], "aligned_model": [[-0.29075106326216227, -0.32949799664600526, 0.4820476315015811, 0.4144775928908752, 0.2232149738385304, -0.1389624785520147, -0.24988102420470776, -0.6663820992704854, -0.4315196440022698, 0.41923992446046093, -0.09378621430859793], [-0.7048669535979117, 0.20001323270069582, -0.38261722020526134, 0.2558736777822034, -0.6124861202674278, 0.5701967397466039, -0.530604476057579, 0.2851993503346639, 0.10080571509908295, 0.2979067423560361, -0.012217329576760291], [-0.08296518425695398, -0.6128833399080617, -0.4269447854421985, -0.30321978306695985, 0.15374279491418705, -0.13697596503751716, 0.5657028924461102, 0.01515295461515391, 0.6416604325437087, 0.2278246052146676, 0.051736155223179675]], "inverted": true, "swapped": true, "error_lsq": 0.049938261517510546, "error_max": 0.22864512091554115, "target": "1081.xyz", "model": "4.xyz", "model_rescale": 3.7855080009869324, "target_rescale": 4.18082106296236},
{"mapping": [11, 13, 6, 4, 1, 0, 2, 14, 12, 3, 15, 8, 7, 5, 10, 16], "R": [[0.18134515977849944, 0.8914279381089869, 0.4152952734906468], [-0.9433641762811258, 0.27698232945904055, -0.18260564086817435], [-0.27780922219095544, -0.3586600344702545, 0.8911705873397374]], "T": [0.030569076451984988, 0.03564601164486944, 0.11661738885258814], "aligned_model": [[0.06890848556393854, -0.3524578211438892, -0.28690713691830666, 0.18196469965897014, 0.6450292374764256, 0.6413902994850222, 0.6694682543043835, 0.21421965032427986, 0.31199169201687865, 0.39334338074196257, -0.4746088836231958, -0.6670523341513446, -0.35312895941181915, 0.17157984499586232, -0.37199967309906007, 0.05032093228514789], [-0.10591607861569635, 0.2957194039632701, -0.3873713317772338, -0.6813072260139594, -0.24355101817072747, -0.40492991579384086, 0.3534841366074477, 0.6833293668017613, 0.32538957951342073, 0.11518813265921268, 0.6663922949228802, 0.12816131155407207, -0.5616350941958054, -0.46401626529547313, 0.05574270350190788, 0.08474859315599158], [-0.6650004798085281, -0.4406257046007785, -0.2659296659983543, 0.016326790341864184, -0.22629902668527624, 0.31975322757746316, 0.3078566485209247, 0.0497134524814188, -0.4310277876417998, 0.7035453746657564, 0.2787052090955366, 0.10794786094438312, 0.3562015489214628, 0.7375496047801892, 0.7236584080066448, 0.12586686861497004]], "inverted": true, "swapped": false, "error_lsq": 0.030598544599150818, "error_max": 0.2246502155371158, "target": "1081.xyz", "model": "5.xyz", "model_rescale": 4.2253639853439635, "target_rescale": 4.18082106296236},
{"mapping": [9, 7, 11, 14, 10, 2, 12, 13, 0, 6, 1, 3, 5, 15], "R": [[-0.6810226471218473, 0.20389772929863864, -0.703302118647464], [-0.7009148605877482, 0.09649745535717391, 0.7066870589708347], [0.21195875144567577, 0.9742247980299259, 0.07719799601764887]], "T": [-0.08421786749624918, 0.07107482001842612, 0.026840814079814798], "aligned_model": [[0.7865417902597498, -0.12172915133948445, -0.5087026686723848, 0.15599444225800746, -0.2620186648229518, -0.47215895366533145, -0.0352714925214242, 0.5135345280407404, -0.47239240825372353, 0.4356526794873057, -0.6039292164459665, 0.2087987392393704, 0.7366977238380069, 0.01304480535586966], [-0.09358382299055325, 0.0114457809543064, -0.4991661139437097, -0.6644945648372589, -0.5460317165388975, 0.10437818130893599, -0.3771445541742277, -0.3073087644752763, 0.7306006251467279, 0.4546504743009347, 0.04541585748028555, 0.2586370677785634, 0.2743156187465159, 0.05338507787864398], [-0.29288349639384925, -0.7363362855353117, 0.0978964116807041, 0.01672213356748299, -0.5024093290751589, 0.47308223081114903, 0.59435121738305, 0.2874791540514519, 0.21297248357102533, -0.3550140070796305, -0.20576462064052664, 0.7238707735414249, 0.17115676858326384, -0.013565225533626567]], "inverted": true, "swapped": true, "error_lsq": 0.047317971277603135, "error_max": 0.3261329535791292, "target": "1081.xyz", "model": "6.xyz", "model_rescale": 3.89814844738969, "target_rescale": 4.18082106296236},
{"mapping": [7, 10, 1, 9, 8, 11, 14, 6, 13, 12, 2, 3, 15], "R": [[-0.39560525332541774, -0.32781218534118595, 0.8579252034316095], [0.8103526276835795, 0.3150379131653236, 0.4940442612507068], [-0.43223269467689585, 0.8906684480828286, 0.14101281233304785]], "T": [0.07843265680290824, 0.13325263978650087, 0.05253651036922395], "aligned_model": [[0.2998461240016598, -0.1976907990964779, 0.3432600113246868, -0.30310848976406757, 0.6328944220017526, -0.2611859758631737, -0.6410946314502249, 0.3255277122475349, -0.571339445206487, -0.51428232917432, 0.11191710790880717, -0.11410689831072925, 0.03799499228526208], [-0.21860847618444262, 0.12450277157338743, 0.45188193760120987, -0.7281236386012078, -0.033040332317204296, 0.6319244615852286, 0.06604330919136225, -0.5705244419506184, -0.15991736152663638, 0.4701458701905175, 0.681570047004435, 0.21344697833602605, 0.034480140568428186], [-0.5913360202631555, -0.7324594080467762, -0.33887810320340345, 0.04856844937411452, -0.08688509382805056, -0.3300815310714938, -0.22428481960699465, 0.13530501535963702, 0.29801965322842355, 0.2986184267877028, 0.27381826446029395, 0.8031272648926142, 0.04874293275338345]], "inverted": true, "swapped": true, "error_lsq": 0.049745803600199395, "error_max": 0.265818773215837, "target": "1081.xyz", "model": "7.xyz", "model_rescale": 3.7474275329858107, "target_rescale": 4.18082106296236},
{"mapping": [2, 1, 11, 12, 10, 13, 3, 5, 14, 9, 4, 6, 8, 7, 15], "R": [[0.44000026723790836, -0.870454225312189, -0.22070162316287278], [-0.4691680358954396, -0.43239151795829256, 0.7700122916497758], [-0.7656899626641224, -0.23525946704411504, -0.5986416826796596]], "T": [-0.030676069623314733, 0.036353917495979715, -0.12001717350552021], "aligned_model": [[-0.26846130276686053, 0.3302201891099562, 0.36383212226899986, -0.23864524737601997, 0.7734329521824611, -0.21676712243940358, -0.7658184753402756, -0.5177727668595619, 0.3031672728136787, 0.02606885105624268, -0.5248855664292078, -0.11365635526445404, 0.0694265243760686, 0.6031133257325417, -0.02110067872541885], [-0.02144970200292351, 0.2835277020603042, -0.3387745594121707, -0.6131877426686883, -0.1773651193623932, -0.5838308158317905, -0.22012662314883324, -0.11591018153026639, -0.6449569707531124, -0.2231618934309344, 0.29668901647120244, 0.37007789557265147, 0.6170369642631164, 0.35043498568959597, 0.01011500606383535], [-0.6593275912515316, -0.4854245728607938, -0.582675664715181, -0.36539212271106103, -0.10351961743698629, 0.26618927938806525, -0.1459491726951228, 0.5696122753848314, 0.03239922211347418, 0.7838578415583876, 0.21642071909260707, 0.5470295649420513, -0.03454053794191403, 0.1750524606980854, -0.016937427868650073]], "inverted": true, "swapped": true, "error_lsq": 0.038177569901869476, "error_max": 0.29006972254128244, "target": "1081.xyz", "model": "8.xyz", "model_rescale": 4.019505241142653, "target_rescale": 4.18082106296236},
{"mapping": [2, 13, 4, 0, 1, 8, 6, 11, 10, 14, 9, 7, 15], "R": [[-0.2368528653788644, -0.7231556351609045, 0.6488040131633362], [-0.8344073063553425, -0.1906610286548029, -0.5171197339621784], [0.4976596902127429, -0.6638480997090536, -0.5582477346573252]], "T": [-0.016566042842742906, -0.15621183264682786, -0.08698645822288066], "aligned_model": [[-0.1408822924757416, -0.6745992700374533, 0.02258583376324383, 0.3898887532667492, 0.3630492970738115, 0.5547254521502584, 0.23526503343397495, -0.19515076324531358, 0.09270045129581647, -0.5237628936064561, -0.26788939082981233, 0.5047124036271621, -0.040941842675063254], [-0.6755990253888404, 0.19664841053000975, 0.24071429505508396, -0.44523031522029366, -0.5318761798673908, -0.03604535085825342, 0.5388759245962251, -0.6785299189962815, -0.2260057064455883, -0.085468853520971, 0.7170342776393264, 0.10550173963179965, -0.056641069040766906], [-0.3429575822006432, 0.01739902132566805, -0.6028591419087268, -0.6965449669490883, 0.11209153848819377, -0.2040575039970659, -0.2159937889218731, 0.3665576757453056, 0.735040891358736, 0.4931975185202957, 0.1616825801140922, 0.4101823173687857, -0.05703506489980055]], "inverted": true, "swapped": true, "error_lsq": 0.05300950250115489, "error_max": 0.32973154433757557, "target": "1081.xyz", "model": "9.xyz", "model_rescale": 3.877068213659057, "target_rescale": 4.18082106296236},
{"mapping": [14, 2, 13, 6, 10, 12, 11, 8, 9, 0, 7, 4, 3, 5, 1, 15], "R": [[-0.4420731918575378, -0.8645757351289967, 0.23891440154801002], [0.8360898099519791, -0.3007165159139801, 0.4588282976790129], [-0.32484630632862754, 0.4025895866545882, 0.8558016721074666]], "T": [0.03458129657706435, -0.05626914895807837, 0.06324260261512249], "aligned_model": [[0.15700604336618262, -0.3586472996843152, -0.3275963665362389, 0.22430507301953492, 0.6139860708229066, 0.5079333301732345, 0.7318203342710949, 0.21179081089904553, 0.2214105751532369, 0.4588029468004232, -0.47443147052797474, -0.6238272412818139, -0.26948450943769975, -0.0858332904278073, -0.2301384450810585, 0.08496510697650461], [-0.08318529947670066, 0.26738266528542887, -0.4384207263818501, -0.6276985129503176, -0.1595861647879666, -0.4433206506609955, 0.1535931870345451, 0.6888482534059533, 0.38287263541670763, 0.15842938239985227, 0.5527490504291045, -0.046462799651305696, -0.5571118353560505, -0.2565795168794081, 0.3041774271868651, -0.0362585021966347], [-0.7073475925297839, -0.36217029348547336, -0.5028192386866747, -0.07009136059260734, -0.33277063110442034, 0.4925725491986531, 0.18353724302327026, 0.15662236774731447, -0.3927120198885748, 0.7017616452037583, 0.2537403851640895, 0.21974408034865295, 0.307090776326716, 0.8091457638781632, 0.8068206646404077, 0.1351179899723855]], "inverted": true, "swapped": false, "error_lsq": 0.04261929595633458, "error_max": 0.3197488150094719, "target": "1081.xyz", "model": "10.xyz", "model_rescale": 4.260839863003843, "target_rescale": 4.18082106296236},
{"mapping": [7, 9, 13, 14, 12, 11, 1, 8, 4, 3, 2, 15], "R": [[-0.608325300483608, -0.5259381673719474, 0.5944151519712177], [0.6955151963584996, 0.007550284270033902, 0.718471714712444], [-0.38235970031624134, 0.8504892928831493, 0.3612049588048244]], "T": [0.1075382473232426, 0.09263487722796591, -0.020166194843734712], "aligned_model": [[0.5186773390829632, 0.07023343110251165, -0.41508895167846915, -0.49839328734401134, -0.5924575707337257, -0.3413891894626472, 0.2833146717699566, 0.6969811088841871, 0.40968303187907174, -0.1907814351132718, -0.08860528370662729, 0.10672478441419263], [-0.0324018160620481, -0.8291385749550282, -0.4447596330365713, -0.15970412461081196, 0.1547098024825445, 0.5105197830230342, 0.5511725125783663, 0.15417359003987557, -0.24323937778432825, -0.04329020627312598, 0.5663345068546664, -0.011297956723639438], [-0.6547782626854405, -0.21121733600270692, 0.0603469025308317, -0.4300913890396418, 0.15736400326246147, -0.38656396933952714, -0.3094920361076967, -0.07752197167346667, 0.4500516908785014, 0.6865295188414015, 0.2762712831247957, -0.044720356394007614]], "inverted": true, "swapped": true, "error_lsq": 0.04801115701378265, "error_max": 0.2475116359365252, "target": "1081.xyz", "model": "11.xyz", "model_rescale": 3.890672605050136, "target_rescale": 4.18082106296236},
{"mapping": [14, 11, 12, 9, 13, 8, 1, 6, 7, 0, 3, 2, 4, 15], "R": [[0.09199167849926948, -0.24335643900668097, 0.9655646921262576], [-0.34019295651739184, -0.9190120370090974, -0.19921252010941812], [0.9358452240743887, -0.31015241322030196, -0.1673296063187268]], "T": [0.011307582364897317, -0.004675018301865599, 0.05746103804332999], "aligned_model": [[0.6371680497693577, 0.024500688148132055, 0.39763867797764724, 0.7525212370632821, 0.7465309045186683, -0.4098585386682357, -0.41798878206134776, 0.1400917163138567, -0.09210337394342309, -0.6612655897238255, 0.23140882250126152, -0.2516525970453576, 0.019873332526717094, 0.09301128741696107], [-0.05230753536547663, 0.14855716368339553, 0.5480804923781415, -0.4779932776715106, 0.14465571704907979, -0.35946433133604055, -0.13721605814787222, -0.4792762066600453, -0.7472803235180366, 0.2439123455948576, 0.6246554886008692, 0.5051331537670879, 0.03285881762428523, -0.0621629261709699], [-0.3951938857653165, -0.6402185499552008, -0.20819671708113022, 0.3952932870023588, 0.13203587085173105, 0.2838748786231098, -0.2932540330529308, 0.6243623799662142, -0.10142740984521367, 0.3832652903289427, 0.46043454854585286, -0.08980190350654024, 0.708403189967966, 0.09521348927701831]], "inverted": false, "swapped": true, "error_lsq": 0.04834223107043713, "error_max": 0.34371307303348003, "target": "1081.xyz", "model": "12.xyz", "model_rescale": 4.124412569039231, "target_rescale": 4.18082106296236},
{"mapping": [4, 9, 7, 3, 8, 0, 13, 2, 14, 12, 1, 10, 15], "R": [[-0.25831375367959886, 0.8512735248380243, -0.45673558058224617], [-0.11373590166066933, 0.44269512318220494, 0.8894296895112772], [0.9593425609934079, 0.28169915480976926, -0.017533877097538786]], "T": [0.15304793835275426, 0.03702233533807241, -0.012447191885159019], "aligned_model": [[-0.1548341472802286, -0.20441164178446242, 0.7388880464496901, -0.5476383883106122, 0.5529383135788888, 0.31507703238245777, -0.4631072790744844, 0.08531342104494519, -0.04440070479441305, -0.3260526039515024, 0.6720668894336768, 0.6268275106336152, 0.11663185918218708], [-0.23264276229764463, 0.7114643685024862, 0.42777941945946557, -0.301360894474514, -0.17030008954389458, -0.7245542087515165, 0.4708222588934579, -0.3779331486211077, 0.7042131112033393, 0.12599370263270715, -0.07095773513904659, 0.6708990137128984, 0.11406234093184724], [0.4951916586088175, 0.5397385354475376, 0.29004623456598183, -0.05019046152818621, 0.37694295346780954, 0.1060707404730615, -0.03662945828466793, -0.4295356521846049, -0.35117593780053313, -0.5490207460673618, -0.22178708212522524, -0.26988182149665535, 0.051929117891865294]], "inverted": false, "swapped": true, "error_lsq": 0.04003548528781047, "error_max": 0.21402478587869805, "target": "1081.xyz", "model": "13.xyz", "model_rescale": 3.9028299243045295, "target_rescale": 4.18082106296236},
{"mapping": [7, 10, 9, 6, 3, 2, 0, 5, 4, 2, 13, 14, 11, 1, 12, 15], "R": [[0.2531842981436935, 0.7241971275508697, 0.641432951773258], [-0.7984465847036352, 0.5308030108568779, -0.2841323899881429], [-0.5462424027376365, -0.4402120899206912, 0.7126237109015326]], "T": [0.10062032202369772, 0.03733719155723808, 0.1501700331924549], "aligned_model": [[-0.020562328106456057, -0.28290662368412023, -0.3163990767111947, 0.23238666110298503, 0.6027939249383489, 0.6203869357620033, 0.8636604714891142, 0.051081167456894505, 0.36763850317744584, 0.6203869357620033, -0.4806374037485237, -0.7700996457190311, -0.4698053393230883, 0.033187898463302834, -0.26382620779278376, 0.05477579543835529], [-0.2003545703735228, 0.33509506091826846, -0.4842620117834527, -0.599054347722155, -0.14881796941446385, -0.1505787526925367, 0.36041365290120403, 0.5439632043922524, 0.4372735920046226, -0.1505787526925367, 0.5689084070317125, 0.01374458527786393, -0.3548357240104966, -0.4963205286410404, 0.21325548150220328, -0.028422733880695106], [-0.7155350825685954, -0.4151616704989145, -0.2433710048414557, 0.0016718753975381306, -0.16898098719988067, 0.6366677564096502, 0.12551765655277783, 0.2047391539372042, -0.3274442886334741, 0.6366677564096502, 0.2607270361562143, -0.005845284920864752, 0.40837858748551137, 0.5146711465904162, 0.7162722952692371, 0.06926738367086216]], "inverted": true, "swapped": false, "error_lsq": 0.047763216613548855, "error_max": 0.33092332055614415, "target": "1081.xyz", "model": "14.xyz", "model_rescale": 3.942246331269136, "target_rescale": 4.18082106296236},
{"mapping": [6, 8, 4, 1, 11, 0, 13, 5, 9, 3, 12, 14, 7, 10, 15], "R": [[-0.7772480164570806, -0.5564428664464078, -0.2936951775130785], [0.3450073008932891, -0.7672606699663361, 0.5406302124864428], [-0.5261705837880535, 0.31887677981269513, 0.7883286852908657]], "T": [0.04045945839861245, -0.08250647962007139, -0.1093498272244253], "aligned_model": [[-0.6704480711335847, -0.2775123549891465, -0.25926170127863446, 0.2015250420472635, 0.5181900840319639, 0.23085322004339684, -0.03416839802303259, -0.4228424951640608, -0.6880783615978848, 0.31339380570657105, 0.5510905576783935, 0.09212660320718982, -0.47603668382701914, -0.05999700146606954, -0.0445402087031358], [0.05167850775582501, -0.45818440629714297, 0.2480431025483017, -0.6289823709911797, -0.3273508610969721, -0.30794007381804933, 0.5686685737893329, 0.6287775035745803, 0.39803049565181614, 0.572133090491574, 0.3439518785786092, 0.1451389317098229, -0.5903061653041773, -0.5136668064644653, -0.031846710246224944], [-0.3088833989343139, -0.44443131978102757, -0.5848622310978491, -0.09245205337165466, 0.3620689307149806, -0.8395749091298101, 0.2632305540503441, -0.23369901364438198, 0.2454393287993444, -0.4315965778649308, 0.17831936134647278, 0.6284677208438819, 0.14119601364585863, 0.5953122103852626, -0.06917213560166116]], "inverted": false, "swapped": true, "error_lsq": 0.03432654287153151, "error_max": 0.30412168735231576, "target": "1081.xyz", "model": "15.xyz", "model_rescale": 4.355366556412066, "target_rescale": 4.18082106296236},
{"mapping": [11, 1, 2, 13, 12, 14, 3, 9, 0, 7, 4, 15], "R": [[-0.3620746513887838, -0.41658137783140436, 0.8338836264526241], [-0.9308959882257637, 0.20796563156118153, -0.3003047705157846], [-0.04831775995293913, -0.8849916676067904, -0.46309301694117844]], "T": [0.09477792235731652, -0.01596448278775158, -0.015021056028068719], "aligned_model": [[-0.212438834120995, 0.39224540991196566, 0.0997012301640614, -0.5719649675468785, -0.5232232117581354, -0.5936133324457445, -0.17062295048728648, -0.2736354561329788, 0.711363109603503, 0.3820108120368804, 0.3018333580740831, 0.05615338733330529], [-0.656492003052848, -0.4848950083754076, -0.3529418507329989, 0.33574036057421824, -0.18900026312525825, -0.14117957778574836, 0.31797862636023705, 0.6868186666387327, -0.06022974815369022, -0.06305450820231515, 0.5570889979713892, 0.06294273562466973], [0.0608296359131659, 0.11335656222027246, -0.5020126542621812, -0.0019050518492934876, -0.35191514893745224, 0.31559249736178563, -0.6668902680182063, 0.4928430128253213, -0.5030395528708257, 0.6939795086296879, -0.24728297885963238, 0.045702899056779295]], "inverted": true, "swapped": true, "error_lsq": 0.04608022398611878, "error_max": 0.2630323759265004, "target": "1081.xyz", "model": "16.xyz", "model_rescale": 3.795458400668931, "target_rescale": 4.18082106296236},
{"mapping": [7, 10, 1, 9, 8, 11, 14, 6, 13, 12, 2, 3, 15], "R": [[-0.39560525332541774, -0.32781218534118595, 0.8579252034316095], [0.8103526276835795, 0.3150379131653236, 0.4940442612507068], [-0.43223269467689585, 0.8906684480828286, 0.14101281233304785]], "T": [0.07843265680290824, 0.13325263978650087, 0.05253651036922395], "aligned_model": [[0.2998461240016598, -0.1976907990964779, 0.3432600113246868, -0.30310848976406757, 0.6328944220017526, -0.2611859758631737, -0.6410946314502249, 0.3255277122475349, -0.571339445206487, -0.51428232917432, 0.11191710790880717, -0.11410689831072925, 0.03799499228526208], [-0.21860847618444262, 0.12450277157338743, 0.45188193760120987, -0.7281236386012078, -0.033040332317204296, 0.6319244615852286, 0.06604330919136225, -0.5705244419506184, -0.15991736152663638, 0.4701458701905175, 0.681570047004435, 0.21344697833602605, 0.034480140568428186], [-0.5913360202631555, -0.7324594080467762, -0.33887810320340345, 0.04856844937411452, -0.08688509382805056, -0.3300815310714938, -0.22428481960699465, 0.13530501535963702, 0.29801965322842355, 0.2986184267877028, 0.27381826446029395, 0.8031272648926142, 0.04874293275338345]], "inverted": true, "swapped": true, "error_lsq": 0.049745803600199395, "error_max": 0.265818773215837, "target": "1081.xyz", "model": "17.xyz", "model_rescale": 3.7474275329858107, "target_rescale": 4.18082106296236},
{"mapping": [7, 1, 8, 11, 9, 13, 6, 0, 14, 4, 12, 2, 3, 15], "R": [[-0.7042983254859067, -0.6442848445397944, 0.29809546761747474], [0.05838656344439347, 0.36591563120548287, 0.9288147070587583], [-0.7074990303363686, 0.6715674128007002, -0.2200961883751562]], "T": [0.038014455714690296, 0.007062474642458835, -0.04263758315131771], "aligned_model": [[0.5699201393092758, 0.12486587434643921, 0.5872797333065968, -0.44057682085120475, 0.29404378042117135, -0.3186064751287019, 0.6442894140483733, 0.26737954536158126, -0.39339710634679864, 0.337211698713419, -0.670894074363033, -0.3308207747240234, -0.32644939393670697, 0.070602107726489], [-0.344772554542119, 0.2092718768867628, 0.2060452070802749, -0.07022984311608721, -0.7794199920695547, -0.4939941914098834, -0.2330329110283456, 0.7583063290467885, -0.6246249246056181, 0.15988501968485636, -0.06486832610015054, 0.46523144250745924, 0.25500823392701255, -0.08239712475016257], [-0.46771458804654653, -0.5684053508708322, -0.1576728489566782, -0.5674111102623094, 0.408419840516326, 0.39345660018135076, 0.32883738679824076, 0.015008639456896962, -0.15977747874894596, 0.5162310289357864, 0.09017457280512858, -0.11177926298644209, 0.5996848403595195, 0.005742449480160242]], "inverted": true, "swapped": true, "error_lsq": 0.034850169903492954, "error_max": 0.21733467148592964, "target": "1081.xyz", "model": "18.xyz", "model_rescale": 3.922800546911778, "target_rescale": 4.18082106296236},
{"mapping": [0, 8, 4, 2, 9, 1, 6, 12, 7, 3, 5, 13, 11, 14, 15], "R": [[-0.4043717004679994, 0.809652695260612, -0.42537752751860924], [0.6138234210702613, 0.5850426287439099, 0.5300433286987174], [0.678014996593895, -0.046772167040262824, -0.7335584699150699]], "T": [-0.04030048835677724, 0.1186087441600709, -0.009302959160574624], "aligned_model": [[-0.16245988524809166, -0.370635310778956, 0.3482728323201713, -0.0261212098477355, 0.3794229372660348, -0.5821649065460598, 0.1116640091999819, 0.348948487278836, -0.5831880756084807, 0.6550329287998756, 0.6759961227527719, 0.5534482712500166, -0.3413997338804429, 0.08575510255749938, 0.0034792673721973227], [0.5177188362441253, -0.07322663400937511, -0.05113908307805472, 0.7098039718781195, -0.7031650610683124, 0.29522716658827475, -0.5131399330972315, 0.5059029315967265, -0.4217529015122033, 0.43848078464248147, -0.3255548520630401, -0.08996372036232327, 0.4558581694098119, -0.050778802644674145, 0.023340632510254658], [-0.6772003886045004, -0.46602790716904136, -0.5046859379491749, -0.04133346028137351, 0.18064056935429015, -0.016544644494135965, -0.38481484031470986, 0.46382795319523146, 0.01685738461793973, -0.15450078868160028, -0.16953463452681747, 0.4058769357718888, 0.5438814916872148, 0.7351999007241131, 0.011017533834004436]], "inverted": true, "swapped": true, "error_lsq": 0.03941532385983881, "error_max": 0.2611200906572616, "target": "1081.xyz", "model": "19.xyz", "model_rescale": 3.9282355846067225, "target_rescale": 4.18082106296236},
{"mapping": [8, 4, 3, 6, 7, 5, 9, 13, 10, 11, 2, 1, 12, 15], "R": [[-0.1849450866000101, -0.8528111065899564, 0.4883733524869362], [-0.390086345086188, 0.5198253895223378, 0.7600093471696578], [-0.9020132805673177, -0.049947781580007955, -0.4288091193006762]], "T": [-0.08161198366532794, -0.17212928554096998, 0.149975197870971], "aligned_model": [[-0.6241295211300943, -0.04149849817093114, 0.5396240665568913, -0.346498648838138, -0.70810642194454, 0.2800550339907619, 0.05771745550107739, 0.5177920729977412, -0.349523003432316, 0.03518162147418463, 0.12489390461069298, -0.46856544563813146, 0.5858112888016936, -0.07023108569421574], [-0.384630658855197, -0.6112302002235456, -0.6220935049371354, -0.23337782745432348, 0.24125081979391158, -0.2829720796703722, 0.26564547675849326, 0.12515161750195555, 0.5853551831908205, 0.2152457416094187, -0.4792492459864268, -0.12247691101334987, -0.05216545393183816, -0.12157086935757477], [0.0273478223050852, -0.3304299863994097, 0.014008054184559221, -0.5495192219416981, -0.005020322744211603, -0.620055430362011, -0.6725204251422984, -0.19752048438928674, 0.3667245465179191, 0.738796740687403, 0.6123294454139068, 0.5655052410906383, 0.40594251484190524, 0.05659466318118135]], "inverted": false, "swapped": true, "error_lsq": 0.04266158148615521, "error_max": 0.27069036610440506, "target": "1081.xyz", "model": "20.xyz", "model_rescale": 4.067790424073018, "target_rescale": 4.18082106296236},
{"mapping": [14, 3, 10, 7, 11, 2, 1, 13, 12, 5, 4, 8, 6, 0, 15], "R": [[0.8683056697637035, 0.10206336749927528, 0.4854156289932519], [0.06866082266534024, -0.9939125322429911, 0.08616013974712376], [0.49125447100980685, -0.04148430142877034, -0.8700276417722841]], "T": [0.0054561413147773685, 0.0033660063899946246, 0.05329618115588391], "aligned_model": [[0.03965627334479829, 0.09691520297623764, -0.14462863473345525, 0.20094266479500514, -0.5502685027246083, -0.4830198775189406, -0.40038528792455685, 0.37014472518482155, -0.24667141852971672, 0.7597197512707148, 0.44718236611825435, 0.11568971526106991, 0.7001816030019998, -0.23961114781726045, 0.10259652120315202], [0.007091065086602295, 0.7699499568941681, -0.6043124544846414, -0.73601803478384, -0.1083475706456619, 0.3084990233964868, -0.380182762526869, 0.4040631703596397, 0.5187550250035851, 0.41143929272341817, 0.27207210088572037, -0.3648163679239784, -0.1652250208033927, 0.11414803841660624, -0.00622032166999598], [-0.7198035124778623, 0.15757168098285967, -0.4951021806295354, 0.003313555301510167, -0.38156145515647094, 0.19122305734235698, 0.16751803993274086, -0.47097324121130707, -0.38961494530360347, 0.028823241716133145, 0.45064089694956877, 0.5080597282603062, 0.2816432219847523, 0.7935448726694352, 0.009966613260256746]], "inverted": false, "swapped": true, "error_lsq": 0.039524662394167194, "error_max": 0.2632121769287201, "target": "1081.xyz", "model": "21.xyz", "model_rescale": 4.186013935880536, "target_rescale": 4.18082106296236},
{"mapping": [6, 9, 5, 0, 1, 4, 8, 7, 13, 14, 10, 2, 15], "R": [[0.22355509646964516, -0.9017034004320852, -0.37007309614677825], [-0.40875799488887554, -0.4314133930803866, 0.8042383887164888], [-0.8848389799601248, -0.028521253830831594, -0.4650231366534826]], "T": [0.08416415651961294, -0.024954157270234804, 0.17580338515595237], "aligned_model": [[-0.01088075298841297, -0.2078481987273565, 0.3731569111181173, 0.5479498943495194, -0.16816669766528425, 0.4727157972682755, -0.03489081033646775, -0.6048690327651951, 0.16237626566048768, -0.27795195609869855, -0.6960674335271602, 0.45518294991472774, 0.04786709922067311], [-0.31169016134370703, 0.29344134565054064, 0.18198365020493554, -0.6241411348155725, -0.3025644518965152, -0.25314642312194596, -0.6003318722839711, -0.33003512173722566, 0.6229836803891682, 0.6588545159029185, 0.17473965162771188, 0.0009117916748493451, 0.007951189294906888], [-0.5111883919174969, -0.6614012332640051, -0.605027106509481, 0.39069060077300116, 0.6049015338246893, -0.29553912124934345, 0.07943956783890843, 0.03594319326372303, -0.2016536748663448, 0.16379168814302317, 0.3853275212411802, 0.6366881970672207, 0.08090678699027169]], "inverted": false, "swapped": true, "error_lsq": 0.049584689017396884, "error_max": 0.3290474451167201, "target": "1081.xyz", "model": "22.xyz", "model_rescale": 4.166573947596378, "target_rescale": 4.18082106296236},
{"mapping": [11, 9, 12, 6, 2, 1, 4, 8, 3, 0, 10, 14, 13, 5, 7, 15], "R": [[-0.19624721471370904, -0.37191008298478667, -0.907287121528439], [-0.3211266937203725, -0.8498765350483899, 0.4178367166183039], [-0.9264797230902215, 0.3733534054329649, 0.047355647543610546]], "T": [0.042265654768139954, 0.019025777661967367, 0.016882730262408024], "aligned_model": [[0.03348833871435844, -0.23084103457389923, -0.2409542157857679, 0.2339729355877592, 0.610653502762179, 0.5404288423002559, 0.6962887165461806, 0.21012930737920774, 0.3983239600473445, 0.4966861972136699, -0.5551117144623823, -0.731229653196007, -0.56772331789075, -0.029010015390907015, -0.09842351066992958, 0.07538332992394292], [-0.049914266518562025, 0.4292362227262149, -0.4280423333607994, -0.7170706045495341, -0.27408415612479337, -0.3327058120082703, 0.3384317965432803, 0.7934145372642409, 0.27652277637548095, 0.18317053054417884, 0.22749359099757244, -0.10801614279888175, -0.2650082657770991, -0.3922966804187089, 0.19824655182825585, -0.019949151905347563], [-0.7687784921850808, -0.3260302226555546, -0.36950821717189664, 0.03964380542924617, -0.19247595753754326, 0.38595912924103504, 0.1173175007826881, 0.17881785108216317, -0.39341524793307103, 0.6751488113745693, 0.41766032773807804, -0.0905561929605786, 0.5307419077594638, 0.7357676970847742, 0.6947294094501072, 0.06322021971747704]], "inverted": false, "swapped": false, "error_lsq": 0.05034705786185211, "error_max": 0.4057529209051543, "target": "1081.xyz", "model": "23.xyz", "model_rescale": 4.274766983524099, "target_rescale": 4.18082106296236},
{"mapping": [13, 10, 11, 2, 1, 0, 4, 8, 6, 7, 15], "R": [[-0.5993663270450036, -0.3083685677443374, -0.7386940045999344], [0.5879923854216738, -0.7957841237077796, -0.144888174606389], [-0.5431620022522856, -0.5211875429074907, 0.6582845770845165]], "T": [-0.06964659174580735, 0.0073537987823145, -0.06536936621933734], "aligned_model": [[0.3708572157337688, 0.11425952181687597, -0.39609200075232054, -0.6257336864918335, -0.40303630764583176, -0.5823752218417927, 0.13488483112449856, -0.059207220733805535, 0.5144491944292637, 0.2755136119150736, 0.03637476640417832], [-0.2168412447376386, 0.804459719283196, 0.4931191691176995, -0.12891269290057167, 0.415951156770293, -0.32695162801479355, -0.5492324914838075, 0.06555832817440316, -0.2062914505203477, 0.5649899466752589, -0.00026228112020856495], [-0.6346736659613696, -0.21814373552930424, -0.47509655236576376, -0.21682031048527345, 0.1508783001829901, 0.43025952075547724, 0.205898849047189, 0.5271024370308787, 0.3546265773859264, 0.33125181887310307, -0.07571680491227584]], "inverted": true, "swapped": true, "error_lsq": 0.0504928544214177, "error_max": 0.23977042782283575, "target": "1081.xyz", "model": "24.xyz", "model_rescale": 3.7841303162186577, "target_rescale": 4.18082106296236},
{"mapping": [5, 4, 3, 13, 12, 14, 9, 8, 2, 10, 1, 6, 11, 7, 7, 15], "R": [[0.8154769762806695, -0.5578084448661083, -0.1544248684383141], [0.44412226293041923, 0.4319659819388956, 0.7849591110479128], [-0.3711505310863778, -0.7086996044048706, 0.5999934616232747]], "T": [0.06581889045724834, 0.06962314772838152, 0.189215079916381], "aligned_model": [[0.1202882809006315, -0.3690724394758871, -0.30138684102453217, 0.2218221425004375, 0.5292580081333126, 0.7493515470760289, 0.640740663146475, 0.15018083715385389, 0.35755182069315716, 0.42071358436936745, -0.3142475060015314, -0.6243284528484699, -0.21683104947846796, -0.26346147898280703, -0.26346147898280703, 0.004944031326494444], [-0.027808367631058484, 0.2863757885948752, -0.4146689797369302, -0.6783005197121909, -0.2434887934405337, -0.32656642513922934, 0.1545523741081956, 0.6537692710234173, 0.46446923029553716, -0.06531381783151774, 0.7077467506962867, -0.11947180083400905, -0.5876357885422552, 0.007000759156121306, 0.007000759156121306, 0.04176815265439757], [-0.6807728112425552, -0.37699350946101884, -0.33957880589850264, 0.02106880340323916, -0.32299288852339314, 0.26074054389400025, 0.12293770579423371, 0.15583616100334638, -0.38330696893812666, 0.8682562250877975, 0.1520103030550566, 0.08938423699058398, 0.4676881868933621, 0.746403050758524, 0.746403050758524, 0.17115904564080492]], "inverted": true, "swapped": false, "error_lsq": 0.05200099251691897, "error_max": 0.4986710416598247, "target": "1081.xyz", "model": "25.xyz", "model_rescale": 4.19342608120988, "target_rescale": 4.18082106296236},
{"mapping": [11, 1, 2, 13, 12, 14, 3, 9, 0, 7, 4, 15], "R": [[-0.3620746513887838, -0.41658137783140436, 0.8338836264526241], [-0.9308959882257637, 0.20796563156118153, -0.3003047705157846], [-0.04831775995293913, -0.8849916676067904, -0.46309301694117844]], "T": [0.09477792235731652, -0.01596448278775158, -0.015021056028068719], "aligned_model": [[-0.212438834120995, 0.39224540991196566, 0.0997012301640614, -0.5719649675468785, -0.5232232117581354, -0.5936133324457445, -0.17062295048728648, -0.2736354561329788, 0.711363109603503, 0.3820108120368804, 0.3018333580740831, 0.05615338733330529], [-0.656492003052848, -0.4848950083754076, -0.3529418507329989, 0.33574036057421824, -0.18900026312525825, -0.14117957778574836, 0.31797862636023705, 0.6868186666387327, -0.06022974815369022, -0.06305450820231515, 0.5570889979713892, 0.06294273562466973], [0.0608296359131659, 0.11335656222027246, -0.5020126542621812, -0.0019050518492934876, -0.35191514893745224, 0.31559249736178563, -0.6668902680182063, 0.4928430128253213, -0.5030395528708257, 0.6939795086296879, -0.24728297885963238, 0.045702899056779295]], "inverted": true, "swapped": true, "error_lsq": 0.04608022398611878, "error_max": 0.2630323759265004, "target": "1081.xyz", "model": "26.xyz", "model_rescale": 3.795458400668931, "target_rescale": 4.18082106296236},
