[{"mapping": [7, 10, 4, 2, 9, 12, 8, 6, 11, 0, 5, 13], "R": [[-0.8329494470625991, 0.03628232953106869, 0.5521583207757621], [0.5397130977884642, -0.16688680833195035, 0.8251415425733662], [0.12208599720561747, 0.9853082694104285, 0.11942622625594512]], "T": [0.231812714208194, 0.0672442451314257, 0.09649096571763473], "aligned_model": [[-0.2031476958343254, 0.5853193913299359, -0.6888015682947022, -0.37592799251147396, 0.06646132623855763, 0.644766007433264, -0.13970258729202845, -0.3165779320897462, 0.4510774337319613, 0.22260646778690207, 0.5356770296737431, 0.17371373897920658], [-0.3196640461065767, -0.5859974494757361, 0.0278258276879272, -0.03460386587411622, -0.6450557433953586, -0.3370108564461367, 0.23597794884149992, 0.5930887533948669, 0.11141328620557402, -0.3715131535855281, 0.724928609338505, -0.015494229904049833], [-0.38569768858937137, -0.584491590812805, -0.157122436587937, 0.5564218747574436, 0.051426383111289935, 0.13065525170007256, -0.5699056501247475, 0.011041937813507749, -0.5645944443664439, 0.7311716922869775, -0.12149760119765173, -0.031253764434120326]], "inverted": true, "swapped": false, "error_lsq": 0.057999119717944726, "error_max": 0.4637199210626947, "target": "1082.xyz", "model": "0.xyz", "model_rescale": 3.8414455957264533, "target_rescale": 3.829854666000179},
{"mapping": [4, 1, 2, 6, 10, 12, 7, 9, 0, 8, 13, 14], "R": [[-0.3164870033620582, 0.9055052118143947, -0.2826593145110792], [-0.08673454523099933, 0.26910473410387176, 0.9591974565992429], [0.9446232557832126, 0.32808985577102673, -0.0066295681360566405]], "T": [0.06022519009462378, -0.0995314419006891, -0.11300775655584401], "aligned_model": [[-0.17815218460152787, 0.5167869090513851, -0.6691984257524072, -0.5083099611226465, 0.11775871425628014, 0.6665094339136506, -0.17486765574824303, -0.13354226180990475, 0.329086693982038, 0.31388533979872796, 0.5706956182934918, 0.10481139889045069], [-0.18650769279305773, -0.6304788661179591, -0.11160359036408402, -0.21541198422624713, -0.6266608384845975, -0.3140914482846009, 0.4098670158817097, 0.5070388902002505, 0.19124866869454862, 0.08908742086025187, 0.4462239535844721, -0.17481644826981582], [-0.5940780153142391, -0.6210866093622128, -0.22436384976385573, 0.40983701536440104, 0.3196650912922903, 0.2976903846919581, -0.4263758582789415, 0.13201527662843354, -0.7201961857249004, 0.6111343914810121, 0.01512495149572897, -0.1332126289534599]], "inverted": false, "swapped": false, "error_lsq": 0.04584645608108761, "error_max": 0.23665354185051127, "target": "1082.xyz", "model": "1.xyz", "model_rescale": 4.316132596720782, "target_rescale": 3.829854666000179},
{"mapping": [1, 9, 8, 2, 0, 5, 10, 6, 7, 4, 3, 11], "R": [[-0.7386511663422124, 0.18710730789515095, 0.647599652403797], [-0.2263220801851018, 0.8361014069544901, -0.4997126707513137], [-0.6349588730634277, -0.515679447545616, -0.575240764286634]], "T": [0.0843878254185982, -0.08275205319336103, -0.12495345882081298], "aligned_model": [[-0.2426217779749833, 0.35704776391865656, -0.6639232619338041, -0.5164948381628979, 0.19956716489577037, 0.6816181056707725, -0.17489403016253224, -0.17298739518021428, 0.7238086293491331, 0.16334699662504842, 0.5250517416930723, 0.07594452041327321], [-0.4762148165604567, -0.5213367922750352, 0.06170678915910059, -0.3438941515788004, -0.6549805014171706, -0.29138231372062645, 0.2838568082327455, 0.6355462953374772, 0.2385794623916659, 0.06965337135007076, 0.3859606826826809, -0.003599752920781338], [-0.30619649051226533, -0.6571672220906263, -0.20368258446401694, 0.39607459301810477, 0.27902968610904466, -0.000256671936654837, -0.5672278766651521, 0.18147996187460225, -0.6619341031390369, 0.6266233948600798, 0.005969010451464848, -0.0265577339493296]], "inverted": false, "swapped": false, "error_lsq": 0.045708041491197976, "error_max": 0.2515194344711237, "target": "1082.xyz", "model": "2.xyz", "model_rescale": 3.795458400668931, "target_rescale": 3.829854666000179},
{"mapping": [5, 3, 10, 2, 6, 8, 4, 0, 9, 1, 7, 11], "R": [[-0.7385244248668063, 0.600039994972575, -0.3074632958719875], [-0.39992437286978666, -0.02272454247596639, 0.9162663865677743], [0.5428095152628231, 0.7996471719468345, 0.2567532483486214]], "T": [0.02974893131753585, -0.018686044345072858, -0.030530483141294182], "aligned_model": [[-0.12665852297326502, 0.3918685461699031, -0.6814594837001017, -0.4435459652614979, 0.1815199155355161, 0.7242466598468874, -0.25433553097626793, -0.22118774771216004, 0.5922434872888059, 0.21545518031274213, 0.5507879559274161, 0.02652912469331658], [-0.2923813976605753, -0.6382524499087939, -0.046631102719495096, -0.3950260188876437, -0.5600498614646706, -0.350004669954907, 0.40891933174121337, 0.6420237646388608, -0.06377723644188409, 0.028476125951843137, 0.5325629088880973, 0.11803568649882577], [-0.6585847621371445, -0.3799255019552335, -0.21056492295966023, 0.4407289738975191, 0.14606816488328184, 0.10535112129034697, -0.41446328188209275, 0.3051796233579027, -0.6909252905900243, 0.5691008708893858, -0.1196664635806816, -0.026144567657384914]], "inverted": true, "swapped": false, "error_lsq": 0.04880749851406655, "error_max": 0.27163371424461175, "target": "1082.xyz", "model": "3.xyz", "model_rescale": 3.7530521520055578, "target_rescale": 3.829854666000179},
{"mapping": [7, 9, 3, 4, 2, 5, 6, 10, 8, 0, 11], "R": [[0.5886491491755541, 0.804321218554011, 0.08099108937832505], [-0.8083197662977513, 0.5843297522309898, 0.07195759911238711], [0.010551520612941574, -0.10782447793271027, 0.994113950898635]], "T": [-0.04201398871264922, -0.07851240702980387, -0.023172212136625833], "aligned_model": [[-0.4521310689607879, -0.32250495547323416, 0.3607079581836303, 0.4139797006378879, 0.34203717832146424, -0.15576615088556575, -0.0991365845197606, -0.6772439785114677, -0.4237403950732728, 0.42617104250312826, -0.07417314377681701], [-0.6555874500340573, 0.04668031136764851, -0.3537709949253855, 0.3867530070483399, -0.6262260052991316, 0.6655551155589458, -0.38790592406445645, 0.08805594003993174, 0.28090617627900033, 0.022231005201839377, 0.0005121771416712328], [-0.1306244888073765, -0.6674714173413175, -0.5029884811464365, -0.17942779824644167, 0.12894725394742668, -0.21268164612133938, 0.5368114255937352, 0.0039031232784650163, 0.6400003230961461, 0.4700266063977416, 0.0063358765947135985]], "inverted": true, "swapped": true, "error_lsq": 0.04469947626841378, "error_max": 0.2790000360195106, "target": "1082.xyz", "model": "4.xyz", "model_rescale": 3.7855080009869324, "target_rescale": 3.829854666000179},
{"mapping": [10, 5, 15, 14, 3, 0, 8, 13, 7, 12, 6, 16], "R": [[0.9622130407742429, 0.18781173670391033, 0.19716190230428995], [0.24371094336383292, -0.2710342800350172, -0.9312064191846031], [-0.12145386057551219, 0.9440694733980975, -0.30656449427346144]], "T": [0.13769003763166862, -0.04542669414766134, 0.0228560573230238], "aligned_model": [[-0.14733597197855472, 0.544290257374812, -0.664604117831215, -0.3513834883732405, 0.1272014490305912, 0.757121672211746, -0.23907521957370928, -0.1679582599707923, 0.46959052411174096, 0.08564862570873984, 0.4411625186422722, 0.10080562979890458], [-0.2988342252421439, -0.5573429113228361, 0.034827463107089875, -0.18655265425362202, -0.7378233774822889, -0.5053622364444981, 0.3565350964841165, 0.589215219725897, 0.06754706477854319, 0.1894000680560832, 0.5032786979503145, -0.07099312467578461], [-0.5980377106474369, -0.45434546459113595, -0.14802830427652025, 0.4684881343531289, -0.030934534936265343, 0.13791095871397602, -0.41507605362418737, 0.19219712795570598, -0.6392983572543344, 0.6594197589335751, -0.15853830317045448, 0.05239671210016336]], "inverted": true, "swapped": false, "error_lsq": 0.03997995065971719, "error_max": 0.2156204980067113, "target": "1082.xyz", "model": "5.xyz", "model_rescale": 4.2253639853439635, "target_rescale": 3.829854666000179},
{"mapping": [6, 12, 2, 4, 0, 9, 5, 10, 11, 1, 8, 13], "R": [[-0.45656723002129085, -0.8882524562572496, 0.050536505851206726], [0.8819351417497547, -0.4593403672972086, -0.10581508738410428], [0.11720396843761693, -0.0037417808900000182, 0.993100815052654]], "T": [0.0621934304145554, -0.10774997956391384, -0.06761505439443176], "aligned_model": [[-0.2305072690884567, 0.590039660810625, -0.5628097090163859, -0.44438538946929207, 0.25385317049085004, 0.6219156854080127, -0.10814470418277831, -0.20185558531892706, 0.3565659224407747, 0.13286668414733038, 0.5335857179091636, 0.01433943502037855], [-0.28658936187476214, -0.6157446959982276, 0.117330347145278, -0.21282407032595935, -0.7804910775124424, -0.19138000367943636, 0.3929981069940248, 0.579382706392841, 0.03849598796924451, 0.03141240668218677, 0.4559886462776689, -0.14468391138954556], [-0.6117296966971646, -0.6461161257854123, -0.16185694670981027, 0.4153431704057509, 0.32449284974866877, 0.16110626909085146, -0.4154333117662218, 0.19053076402836222, -0.7729594679483723, 0.649563377670686, 0.008889511636202455, -0.07567643011732553]], "inverted": true, "swapped": false, "error_lsq": 0.04671963398945702, "error_max": 0.3064510496576036, "target": "1082.xyz", "model": "6.xyz", "model_rescale": 3.89814844738969, "target_rescale": 3.829854666000179},
{"mapping": [0, 1, 7, 8, 6, 5, 4, 11, 2, 9, 10, 12], "R": [[0.1118867443530942, -0.8997427772616078, 0.4218344357726552], [-0.6000328302477815, -0.399546926601136, -0.693053285158092], [0.7921123399259112, -0.17557103465308682, -0.5845792099689677]], "T": [-0.05848660849348254, -0.06845708383567918, -0.12211642793728421], "aligned_model": [[-0.11662272798854824, 0.5149419578154065, -0.6800840464101297, -0.37938063802775424, 0.0405587060534366, 0.6344311180459812, -0.12332593430770986, -0.3264092209162889, 0.42510699476997643, 0.4221772724452149, 0.4970474705292415, 0.04702266714246868], [-0.4947706427022646, -0.5726468669433327, -0.012665190725114586, -0.13589285098924003, -0.6512843643674072, -0.3448400020616771, 0.44223732922763825, 0.5521109930732542, 0.12625488643599547, 0.0118048480785478, 0.40499470039699903, 0.05859224125747221], [-0.5294091096845391, -0.4851163645552263, -0.3265144939373208, 0.46963200799846255, 0.2063317989753763, 0.0924857873007938, -0.5100376398839165, 0.32336432910739094, -0.6014621487240177, 0.6265264341010577, -0.04382876541378268, -0.1558178717280635]], "inverted": true, "swapped": false, "error_lsq": 0.04136132981196897, "error_max": 0.20322275492759853, "target": "1082.xyz", "model": "7.xyz", "model_rescale": 3.7474275329858107, "target_rescale": 3.829854666000179},
{"mapping": [3, 2, 6, 7, 8, 4, 0, 10, 1, 11, 12, 14], "R": [[0.9075292012854094, 0.40642525993307577, -0.10587377816342974], [-0.41721621020822686, 0.9013413041468358, -0.11625182741947054], [0.04818073010812516, 0.14967418457173404, 0.9875607605200983]], "T": [0.14081689589301327, -0.04102823531019379, 0.008289480426323548], "aligned_model": [[-0.2620493055870785, 0.534694786496241, -0.6512400733260305, -0.3986548266403874, 0.1919522041749275, 0.7239989828597176, -0.17401067305094775, -0.2693893453607325, 0.44022852111987454, 0.1430306020226948, 0.4813126657957894, 0.19559008064722616], [-0.4241688890374488, -0.49772688199278725, 0.022015476673355967, 0.01116789202077604, -0.7202957090849685, -0.5611262500902385, 0.23561908686105276, 0.5763820151976189, 0.175124441781987, 0.16952751773804137, 0.4526378294657775, -0.0552614488522957], [-0.44452019278204136, -0.5789720024431779, -0.18041490820473804, 0.4207497291806878, 0.04280317589745446, 0.048570422676247, -0.500201521062666, 0.1689094726209947, -0.6462580876806443, 0.5932179631943704, 0.15320002512986822, -0.010930112970139915]], "inverted": false, "swapped": false, "error_lsq": 0.04048788979840389, "error_max": 0.2367942436153884, "target": "1082.xyz", "model": "8.xyz", "model_rescale": 4.019505241142653, "target_rescale": 3.829854666000179},
{"mapping": [1, 10, 0, 7, 9, 11, 2, 4, 6, 8, 5, 12], "R": [[-0.6065427280945783, -0.7117106901531356, -0.35436395487878547], [-0.7397648898913725, 0.3419028236672854, 0.5795259846222109], [-0.29129680169818595, 0.6136532837768285, -0.7338772517460419]], "T": [0.09424954016602324, -0.020726484672170586, -0.1518428845065662], "aligned_model": [[-0.2517938603953114, 0.43869649905428354, -0.5351180564265878, -0.5270544143026964, 0.20546523136638206, 0.6316518120619243, -0.08566093921782739, -0.28223739225473365, 0.640570064247165, 0.15950329655120918, 0.44081011903698264, 0.12063125943050476], [-0.5075631505491051, -0.6716510798948125, 0.12758827009763044, -0.13407025417066265, -0.6042354266198611, -0.09526148473009663, 0.2982036999116862, 0.5061298951641633, 0.06896847821294891, -0.14630532385559403, 0.5398542510331417, 0.0022372060814324565], [-0.4673572706386956, -0.6957484112891661, -0.0844244897770575, 0.49678534194761753, 0.1865185289677777, 0.15294040886837973, -0.6164802904327769, 0.3661094453320804, -0.6225344359153853, 0.5085424831486147, -0.02468265852896756, -0.13351468812620643]], "inverted": true, "swapped": false, "error_lsq": 0.05478127269886657, "error_max": 0.29444457813681635, "target": "1082.xyz", "model": "9.xyz", "model_rescale": 3.877068213659057, "target_rescale": 3.829854666000179},
{"mapping": [9, 2, 11, 0, 7, 4, 10, 12, 13, 5, 3, 15], "R": [[0.10941878478045557, 0.8626663122820195, -0.4937958719865019], [-0.9571145958083103, -0.04262827216521685, -0.28655624387352524], [-0.26825208298886216, 0.5039738724040658, 0.821006185059642]], "T": [0.09975572390083491, -0.037143609601108955, -0.13950828080959776], "aligned_model": [[-0.19337374378022648, 0.3779230520082986, -0.6323801569124539, -0.44268276878620355, 0.30269775504762314, 0.679132564761351, -0.34411852896820405, -0.22692198445480538, 0.643628223651423, 0.20594674808231034, 0.547676713330497, 0.03793574517168504], [-0.3896457049550481, -0.5091378404577571, 0.048825866456541446, -0.037363208274990116, -0.7868070971795166, -0.2963334407705514, 0.26542145013068297, 0.5246672549370451, 0.14475391464497267, 0.1359671489280131, 0.31586511991722854, -0.03231838269574994], [-0.6143373993856946, -0.5139408402393311, -0.10427225555380065, 0.443180717766509, 0.1117003114053246, 0.0955104151229069, -0.602801721006335, 0.22906388724427085, -0.6579236457939545, 0.6153106205881421, 0.1389032254907468, -0.0742393520825696]], "inverted": true, "swapped": false, "error_lsq": 0.042401913396755725, "error_max": 0.2354465787260898, "target": "1082.xyz", "model": "10.xyz", "model_rescale": 4.260839863003843, "target_rescale": 3.829854666000179},
{"mapping": [10, 6, 9, 8, 7, 0, 4, 2, 5, 1, 3, 11], "R": [[-0.08459825722455316, -0.06028309695703302, 0.9945899069947561], [0.8922867470670459, 0.439668993810717, 0.10254529189573619], [-0.4434720914365169, 0.8961345457590288, 0.01659457785485885]], "T": [0.038941884372671376, -0.05219129316000795, -0.06404549391856947], "aligned_model": [[-0.24370125191222108, 0.5622859065775103, -0.7216752113516132, -0.5267636923648868, 0.16646977926291429, 0.8234292591023122, -0.24474503929973496, -0.13394059580433193, 0.3852059723333536, 0.2812077220058331, 0.5384763247280808, 0.0692144458740781], [-0.4435145848808304, -0.5295877158992567, 0.07575563902253937, -0.19875071044602519, -0.6406953629864058, -0.40654136226129645, 0.40197593217753536, 0.5399100840328254, 0.13278215042657418, 0.08365950350851831, 0.4467316282712399, -0.07783012028454707], [-0.4644362167257052, -0.5128873643278009, -0.26609617418033116, 0.35322054197646097, 0.19480818116616772, 0.10639469169719538, -0.5634017989430528, 0.2357623333902708, -0.6140426837335504, 0.6038710189044935, 0.009264347044863272, -0.016302912712796436]], "inverted": true, "swapped": false, "error_lsq": 0.034334361507399894, "error_max": 0.16330744173394043, "target": "1082.xyz", "model": "11.xyz", "model_rescale": 3.890672605050136, "target_rescale": 3.829854666000179},
{"mapping": [7, 3, 12, 10, 4, 0, 5, 9, 8, 11, 6, 13], "R": [[0.1674687773116126, -0.34242560106666675, -0.9244992787232912], [-0.9858345811836373, -0.06690228017940925, -0.153799426036894], [-0.009186248866415503, 0.937159961074377, -0.34877904207511734]], "T": [0.21358340368348733, 0.02184642014630106, 0.04625695065921319], "aligned_model": [[-0.2203279481674048, 0.4676220905482183, -0.5062344108750645, -0.4760452783638867, 0.11118922590846067, 0.6870162877523874, -0.2398439955506264, -0.2080362232511373, 0.5463384757949854, 0.10861866368844952, 0.5735254441188471, 0.11164128754806574], [-0.2804394359122047, -0.653302882899534, -0.11203968179828117, -0.2713273855007848, -0.663408416454532, -0.31906995045216063, 0.3619773687770722, 0.67334282436907, 0.11168638084851, 0.15730159780689193, 0.4690946908455115, -0.08992002894868784], [-0.6225542112081025, -0.530545372649909, -0.09183349902977887, 0.5341113398191023, 0.1511296596834535, -0.0450221394293249, -0.48636553595056087, 0.10633807489729256, -0.5865099015724995, 0.5691302260309461, 0.09594654539848309, -0.02767122243288693]], "inverted": false, "swapped": false, "error_lsq": 0.0387857379135648, "error_max": 0.22146256531332945, "target": "1082.xyz", "model": "12.xyz", "model_rescale": 4.124412569039231, "target_rescale": 3.829854666000179},
{"mapping": [8, 2, 9, 7, 10, 4, 6, 3, 1, 5, 0, 12], "R": [[0.37225044851809774, -0.07131227261431494, 0.9253886552971444], [-0.9039007376081082, -0.25419514346758665, 0.3440178564973214], [0.21069660682980546, -0.9645202894766265, -0.15908347198352102]], "T": [0.027892240556050336, 0.008046732839677037, -0.02623910647455667], "aligned_model": [[-0.16820435736180928, 0.436110643120253, -0.6038373124630282, -0.30758267655155536, 0.03130870980724166, 0.7573826660810192, -0.2035797840642287, -0.23087145949754945, 0.4800301405529026, 0.299838512095876, 0.4036654582651697, 0.06120307916700345], [-0.2891234440604733, -0.6063242085138939, -0.021327961263812686, -0.17738397888400986, -0.7055790180868388, -0.25969217295954494, 0.3270607383752211, 0.6711120385613691, 0.17381905768478767, -0.03061353245050879, 0.41093818768148804, -0.10899062540291286], [-0.6492416194266453, -0.4715497799118534, -0.1194923701656148, 0.46989565914597137, 0.1617403808370465, 0.09391018873087599, -0.5668531840515623, 0.020011554587709965, -0.6827108534756112, 0.6796620823298629, 0.15608027774448152, -0.025298372788446426]], "inverted": false, "swapped": false, "error_lsq": 0.03779162222399779, "error_max": 0.17770166078992028, "target": "1082.xyz", "model": "13.xyz", "model_rescale": 3.9028299243045295, "target_rescale": 3.829854666000179},
{"mapping": [9, 7, 11, 1, 6, 3, 14, 12, 10, 2, 5, 15], "R": [[-0.003100128575590223, 0.9933468500779107, -0.11511917582708889], [-0.9952195523826287, -0.014302126126950863, -0.09660999815531231], [-0.09761368632592188, 0.11426935122132349, 0.98864254592513]], "T": [0.2230281753796921, 0.05626122886464176, 0.048065669075174525], "aligned_model": [[-0.13551550397989387, 0.459316126359761, -0.49899092250908805, -0.3092834319268598, 0.026909318290532364, 0.6073029816777051, -0.2708830937527563, -0.20603301648141165, 0.4358544514241085, 0.20063060183900838, 0.44779601852096507, 0.1983600896892235], [-0.42266048375339343, -0.5145101599919963, 0.046049417893788275, -0.1811738762976336, -0.5762435291404304, -0.41175234526668, 0.2443642011892807, 0.5900754844702173, 0.15118932150577263, -0.03130999110553434, 0.5112197788237924, -0.0213527376463125], [-0.444809446585944, -0.6145171421427709, -0.10826996198343612, 0.33523753278417484, 0.12476891049445218, 0.1963411320203347, -0.6616663809335335, 0.17130982963412608, -0.6597805257309833, 0.7788046099345003, -0.019713148883239717, -0.0315514450514663]], "inverted": true, "swapped": false, "error_lsq": 0.039600976179919374, "error_max": 0.19709120178384137, "target": "1082.xyz", "model": "14.xyz", "model_rescale": 3.942246331269136, "target_rescale": 3.829854666000179},
{"mapping": [0, 1, 7, 9, 5, 3, 8, 11, 12, 10, 4, 14], "R": [[-0.3481708582157693, 0.9269677754315984, -0.13967031467240448], [-0.0001310770968521724, -0.14904075855533244, -0.9888310447735983], [-0.9374310834979227, -0.3442638459098558, 0.05201315306021842]], "T": [0.09118244298581758, 0.01290719466691699, -0.03152983697493078], "aligned_model": [[-0.26110218911843197, 0.48813516910566374, -0.7353635786588044, -0.41893859084614016, 0.18674214905790865, 0.7434495616016172, -0.3894586084897849, -0.008914502083007425, 0.6208454578226703, 0.11984407894228352, 0.5326927580941068, 0.07753191372321319], [-0.2933037953195518, -0.5404832634305509, -0.17923049519857776, -0.2699356577896811, -0.6076710368188485, -0.2881545441645754, 0.38474281405624, 0.717016935550921, 0.036457675403178416, 0.19802835524408163, 0.2690614283051407, -0.042633335156905275], [-0.5997268542699337, -0.47065279229987794, -0.13585763943255968, 0.5233924619001382, 0.060831190360895834, -0.010143722670384742, -0.5106575632417134, 0.05969022132750314, -0.6536059767952709, 0.6568807836389761, 0.2567714414904937, -0.11076758645205187]], "inverted": true, "swapped": false, "error_lsq": 0.05261550872154518, "error_max": 0.2863305024102787, "target": "1082.xyz", "model": "15.xyz", "model_rescale": 4.355366556412066, "target_rescale": 3.829854666000179},
{"mapping": [1, 9, 8, 2, 0, 5, 10, 6, 7, 4, 3, 11], "R": [[-0.7386511663422124, 0.18710730789515095, 0.647599652403797], [-0.2263220801851018, 0.8361014069544901, -0.4997126707513137], [-0.6349588730634277, -0.515679447545616, -0.575240764286634]], "T": [0.0843878254185982, -0.08275205319336103, -0.12495345882081298], "aligned_model": [[-0.2426217779749833, 0.35704776391865656, -0.6639232619338041, -0.5164948381628979, 0.19956716489577037, 0.6816181056707725, -0.17489403016253224, -0.17298739518021428, 0.7238086293491331, 0.16334699662504842, 0.5250517416930723, 0.07594452041327321], [-0.4762148165604567, -0.5213367922750352, 0.06170678915910059, -0.3438941515788004, -0.6549805014171706, -0.29138231372062645, 0.2838568082327455, 0.6355462953374772, 0.2385794623916659, 0.06965337135007076, 0.3859606826826809, -0.003599752920781338], [-0.30619649051226533, -0.6571672220906263, -0.20368258446401694, 0.39607459301810477, 0.27902968610904466, -0.000256671936654837, -0.5672278766651521, 0.18147996187460225, -0.6619341031390369, 0.6266233948600798, 0.005969010451464848, -0.0265577339493296]], "inverted": false, "swapped": false, "error_lsq": 0.045708041491197976, "error_max": 0.2515194344711237, "target": "1082.xyz", "model": "16.xyz", "model_rescale": 3.795458400668931, "target_rescale": 3.829854666000179},
{"mapping": [0, 1, 7, 8, 6, 5, 4, 11, 2, 9, 10, 12], "R": [[0.1118867443530942, -0.8997427772616078, 0.4218344357726552], [-0.6000328302477815, -0.399546926601136, -0.693053285158092], [0.7921123399259112, -0.17557103465308682, -0.5845792099689677]], "T": [-0.05848660849348254, -0.06845708383567918, -0.12211642793728421], "aligned_model": [[-0.11662272798854824, 0.5149419578154065, -0.6800840464101297, -0.37938063802775424, 0.0405587060534366, 0.6344311180459812, -0.12332593430770986, -0.3264092209162889, 0.42510699476997643, 0.4221772724452149, 0.4970474705292415, 0.04702266714246868], [-0.4947706427022646, -0.5726468669433327, -0.012665190725114586, -0.13589285098924003, -0.6512843643674072, -0.3448400020616771, 0.44223732922763825, 0.5521109930732542, 0.12625488643599547, 0.0118048480785478, 0.40499470039699903, 0.05859224125747221], [-0.5294091096845391, -0.4851163645552263, -0.3265144939373208, 0.46963200799846255, 0.2063317989753763, 0.0924857873007938, -0.5100376398839165, 0.32336432910739094, -0.6014621487240177, 0.6265264341010577, -0.04382876541378268, -0.1558178717280635]], "inverted": true, "swapped": false, "error_lsq": 0.04136132981196897, "error_max": 0.20322275492759853, "target": "1082.xyz", "model": "17.xyz", "model_rescale": 3.7474275329858107, "target_rescale": 3.829854666000179},
{"mapping": [8, 0, 10, 11, 1, 2, 5, 12, 4, 7, 9, 13], "R": [[-0.9942819807805747, 0.03855953949342582, -0.09958164795338453], [0.09687458513275139, -0.06665333161195902, -0.9930622579377305], [-0.044929471957882834, -0.9970308396930766, 0.06253676718942758]], "T": [0.06233046345718031, -0.09629104819178028, -0.05033417354272246], "aligned_model": [[-0.18233394032369743, 0.5349986847850573, -0.5947938070306001, -0.43744814419059874, 0.13308034257394552, 0.7110808364772809, -0.19770144872283735, -0.15333974519199395, 0.3699357619212362, 0.16996146140514667, 0.4437607882329013, 0.15826282921545404], [-0.3134786702922301, -0.6416601577296028, 0.04714102629350575, -0.24236763005246267, -0.7034661588061052, -0.30607014608089933, 0.45585590908539386, 0.5633497552745567, 0.13318435560620548, 0.07595623626271622, 0.45346052762894884, -0.13800996650915598], [-0.6905086166030494, -0.4725896385038436, -0.2054286725045045, 0.45028508035748555, 0.2734732637794027, 0.14701933517903842, -0.43858290681542195, 0.2282287364381413, -0.7865038832083648, 0.6750386432315718, -0.04745700823842741, -0.06682036955581332]], "inverted": true, "swapped": false, "error_lsq": 0.039969283589445403, "error_max": 0.19600474008140337, "target": "1082.xyz", "model": "18.xyz", "model_rescale": 3.922800546911778, "target_rescale": 3.829854666000179},
{"mapping": [3, 0, 7, 11, 2, 1, 12, 13, 5, 4, 8, 14], "R": [[0.6228329963411332, 0.4656288274159741, 0.6287041066733627], [0.5187391141611334, 0.3557760808806984, -0.7773886490761835], [-0.5856524482216809, 0.810316712990912, -0.01995080298021887]], "T": [0.14999173487340528, -0.06276304312549795, 0.025775047904384257], "aligned_model": [[-0.14017999591279995, 0.36351438370048283, -0.6241779853014626, -0.41607589238962545, 0.15447136842509984, 0.8176014065648922, -0.15821177671504222, -0.2232948579307441, 0.52232820282364, 0.09958999272737779, 0.5019187966898491, 0.05797997646962737], [-0.3265956653685589, -0.5406832726998976, -0.06704158751524446, -0.027011922328428792, -0.7741097510083335, -0.38247445925863, 0.34172271735014736, 0.4910680219687028, 0.121431716076193, 0.1900617113820251, 0.43680436064903805, -0.0792767885661429], [-0.47953867413173235, -0.6257178287092436, -0.17133902435055973, 0.45651036279667456, 0.11000542755021528, 0.017715234384324242, -0.5742382099353921, 0.18621823968726328, -0.6145151718418571, 0.7020933509163766, 0.056926392479433485, 0.0020338647107118815]], "inverted": true, "swapped": false, "error_lsq": 0.042332968054971186, "error_max": 0.2298971347641307, "target": "1082.xyz", "model": "19.xyz", "model_rescale": 3.9282355846067225, "target_rescale": 3.829854666000179},
{"mapping": [9, 8, 12, 10, 11, 4, 7, 2, 6, 1, 5, 13], "R": [[-0.6455131628602445, 0.22888447334286785, -0.7286457674595533], [0.668788164914219, -0.2913255812116507, -0.6839969270416099], [-0.36882942811662256, -0.928838685453105, 0.03497927044569754]], "T": [0.17980658272742173, -0.054321893488841616, -0.11924331129121568], "aligned_model": [[-0.21942530022681578, 0.3956974519008927, -0.6242676310870472, -0.48849768824520595, 0.06187069480110352, 0.623120747046159, -0.15895305831503553, -0.1865436755489988, 0.6122033860277707, 0.3052054073800964, 0.4723428525912123, 0.16271043282716285], [-0.5421102704790586, -0.5582218313669085, -0.14325417809919108, -0.13332728594117418, -0.6881187037115466, -0.49733914856692474, 0.35485258008795373, 0.5592854075537443, 0.2513680830443089, 0.24342071754564362, 0.5714237952057384, -0.034084084591715164], [-0.4040260848991865, -0.6465928768947055, -0.3806817413281802, 0.4186803806527838, 0.19341608968132812, -0.03815010345435556, -0.4446905914358814, 0.29062225048228935, -0.501905952268703, 0.5568670855055704, -0.016505703070480965, 0.03912121058573642]], "inverted": false, "swapped": false, "error_lsq": 0.05289831780988496, "error_max": 0.29636781593874834, "target": "1082.xyz", "model": "20.xyz", "model_rescale": 4.067790424073018, "target_rescale": 3.829854666000179},
{"mapping": [13, 1, 6, 2, 8, 7, 11, 3, 10, 0, 12, 14], "R": [[0.7665303418082068, 0.6176419046368806, -0.1759253043877429], [0.6415068855552153, -0.7236057832161535, 0.2546833058553009], [0.03000251443865236, -0.3080797755982421, -0.9508873229750701]], "T": [0.014166456467878855, -0.1436601152428576, -0.06730043841541272], "aligned_model": [[-0.06037788730476369, 0.5794337928652167, -0.7165285262087157, -0.39624909205174597, 0.1571506531209948, 0.6568016212190438, -0.1370191379463051, -0.2572542175479341, 0.4217086660521214, 0.24508661735817588, 0.40350696040350564, 0.05920416919170074], [-0.22294316237230205, -0.614234339478404, -0.0326649659438403, -0.05272671214518407, -0.6490732514751977, -0.4129367389874936, 0.3732784525147447, 0.5953680056876479, 0.05036359462733625, -0.05343600764828127, 0.5156112284525258, -0.11271102255068105], [-0.7588789548013499, -0.431083119649953, -0.10365730597453623, 0.5467126927742576, 0.15469275507552865, 0.19948431028420593, -0.425000993608575, 0.2550553756186255, -0.7510774261600053, 0.5982771447588708, -0.09539197228102897, -0.12297854247982573]], "inverted": false, "swapped": false, "error_lsq": 0.04663428849220481, "error_max": 0.30759425593570633, "target": "1082.xyz", "model": "21.xyz", "model_rescale": 4.186013935880536, "target_rescale": 3.829854666000179},
{"mapping": [9, 10, 2, 5, 11, 4, 1, 0, 7, 3, 6, 12], "R": [[-0.5190299737192166, -0.5353046819037187, 0.6663758578407446], [-0.2403331646985862, -0.6567629365691294, -0.7147743805530918], [0.8202730376691605, -0.5311415467472417, 0.2122281814273399]], "T": [0.008493990819681801, -0.11397145731228951, -0.10924041495121287], "aligned_model": [[-0.1163710871980739, 0.5690839623208039, -0.7189504064207167, -0.3917928451994779, 0.0692685669700843, 0.7038163561254495, -0.18835382402824266, -0.1870909119859686, 0.5037757069968485, 0.32180154573865205, 0.35491354376060913, 0.03536301207132721], [-0.4568073494687015, -0.46293988343119163, -0.002207360242113751, 0.05393015967534125, -0.6735169740088488, -0.28330672623723935, 0.35240262905796926, 0.5781415262683843, 0.20432316263734496, -0.0500418961530799, 0.24654051262833093, -0.12262272004532544], [-0.6115580670193728, -0.6193966205023491, -0.019615427393985363, 0.5311643570778263, 0.17743229799925045, 0.015132105213706726, -0.6373212660377199, -0.04204960635410099, -0.5470854747755435, 0.7568369730328376, 0.1354583016104721, -0.07284360929480668]], "inverted": false, "swapped": false, "error_lsq": 0.05128167628467755, "error_max": 0.2839729716799256, "target": "1082.xyz", "model": "22.xyz", "model_rescale": 4.166573947596378, "target_rescale": 3.829854666000179},
{"mapping": [0, 4, 5, 6, 2, 3, 7, 13, 8, 12, 9, 15], "R": [[-0.4698985616937679, 0.8613126919215943, -0.19322470973688877], [0.037112437914150864, -0.19942634823845473, -0.9792097827229581], [-0.8819399121653335, -0.4673003085415751, 0.061744740397480014]], "T": [0.17751805004844234, 0.014183421855274145, 0.02479882807114643], "aligned_model": [[-0.18208264816517888, 0.34834915320266235, -0.6360432837331771, -0.3165636957469159, 0.17009014098082598, 0.6735542198555973, -0.21817083869609705, -0.426930763652682, 0.5778192120622878, 0.15560488794194352, 0.6910159688802191, 0.11882126622180939], [-0.2764630127872882, -0.5146665277246368, 0.090372586843342, -0.35061065264940877, -0.6350385355345415, -0.3248645283487726, 0.2988831297357026, 0.6052115563678693, 0.07377640088175054, 0.11230051334925371, 0.32506156372182704, -0.020067413174227056], [-0.648229960846428, -0.45581325915620535, -0.1280905061390551, 0.47414963050166015, 0.20161770545393964, 0.00427426421351931, -0.4984277264032283, 0.07106452514370086, -0.6754059967924793, 0.672312692719984, 0.03592692526372632, 0.012775669597080904]], "inverted": true, "swapped": false, "error_lsq": 0.04682805417702871, "error_max": 0.2789869698127324, "target": "1082.xyz", "model": "23.xyz", "model_rescale": 4.274766983524099, "target_rescale": 3.829854666000179},
{"mapping": [7, 6, 2, 3, 0, 4, 9, 5, 10, 8, 11], "R": [[-0.5318822777690679, -0.8430255921972941, 0.08005681417337404], [0.1834987933271307, -0.02244633013070202, 0.9827636313535167], [-0.8266979106316136, 0.5374048875513374, 0.16663298410956745]], "T": [-0.07774477948694627, 0.058019850442687405, 0.0007314647565829224], "aligned_model": [[0.34121317294790887, 0.08843656203450903, -0.3996565785698689, -0.5377361221948219, -0.4631721043567806, -0.5789907717988222, 0.0850945199997066, -0.039328429133604015, 0.542732128183253, 0.3870133859608509, -0.04571105911425587], [-0.06461047178763835, 0.6259356636568458, 0.32210983083305933, -0.31958369526122354, 0.6122577230626696, -0.060213124824506296, -0.6331711991115283, -0.21474512509953195, -0.03822995819148701, 0.611481988811302, 0.07435489915552211], [-0.5668895837367115, -0.2491172988824898, -0.5444795883776189, -0.3369065598116436, 0.13056863571948069, 0.42920710841219706, 0.07289905138844102, 0.7264127379630514, 0.19499831565786796, 0.4393361704652702, 0.08353744522373241]], "inverted": true, "swapped": true, "error_lsq": 0.05202572560960292, "error_max": 0.2791103244114635, "target": "1082.xyz", "model": "24.xyz", "model_rescale": 3.7841303162186577, "target_rescale": 3.829854666000179},
{"mapping": [9, 2, 10, 7, 8, 4, 14, 11, 12, 6, 3, 15], "R": [[0.1184472348606822, 0.8652338072915199, -0.4871762630441674], [-0.5134223392935128, -0.36658719085632663, -0.775893892883843], [-0.8499222047153703, 0.3420296627777897, 0.40080912628316745]], "T": [0.026511852625390485, -0.1317853423861401, -0.026977788860019114], "aligned_model": [[-0.0855210475343808, 0.49677269243351657, -0.7344422297909179, -0.40292082244262495, 0.05765220601130388, 0.7087956034524201, -0.27125807863878726, -0.1789170488060513, 0.3550289750666642, 0.3274931316441615, 0.6214284143809476, 0.06135182337504279], [-0.26958182880253384, -0.5436698613086632, -0.04126559919903189, -0.04682662939810661, -0.7207120494502162, -0.29790802407599637, 0.19699179611328677, 0.5449149626968264, 0.14392497183924513, 0.12309552252752848, 0.3929702943821291, -0.09803847464359744], [-0.5842940959417436, -0.4488769634765849, -0.1611797479533682, 0.4538289860211222, -0.06763975802688912, 0.22520563812106886, -0.6846537147882966, 0.27185867598317404, -0.6524633836747841, 0.5783919053138089, 0.11340630518922096, 0.022570116789486255]], "inverted": true, "swapped": false, "error_lsq": 0.042890914663808184, "error_max": 0.18571996570539706, "target": "1082.xyz", "model": "25.xyz", "model_rescale": 4.19342608120988, "target_rescale": 3.829854666000179},
{"mapping": [1, 9, 8, 2, 0, 5, 10, 6, 7, 4, 3, 11], "R": [[-0.7386511663422124, 0.18710730789515095, 0.647599652403797], [-0.2263220801851018, 0.8361014069544901, -0.4997126707513137], [-0.6349588730634277, -0.515679447545616, -0.575240764286634]], "T": [0.0843878254185982, -0.08275205319336103, -0.12495345882081298], "aligned_model": [[-0.2426217779749833, 0.35704776391865656, -0.6639232619338041, -0.5164948381628979, 0.19956716489577037, 0.6816181056707725, -0.17489403016253224, -0.17298739518021428, 0.7238086293491331, 0.16334699662504842, 0.5250517416930723, 0.07594452041327321], [-0.4762148165604567, -0.5213367922750352, 0.06170678915910059, -0.3438941515788004, -0.6549805014171706, -0.29138231372062645, 0.2838568082327455, 0.6355462953374772, 0.2385794623916659, 0.06965337135007076, 0.3859606826826809, -0.003599752920781338], [-0.30619649051226533, -0.6571672220906263, -0.20368258446401694, 0.39607459301810477, 0.27902968610904466, -0.000256671936654837, -0.5672278766651521, 0.18147996187460225, -0.6619341031390369, 0.6266233948600798, 0.005969010451464848, -0.0265577339493296]], "inverted": false, "swapped": false, "error_lsq": 0.045708041491197976, "error_max": 0.2515194344711237, "target": "1082.xyz", "model": "26.xyz", "model_rescale": 3.795458400668931, "target_rescale": 3.829854666000179},
{"mapping": [1, 2, 8, 11, 9, 3, 6, 5, 0, 10, 7, 12], "R": [[-0.11663495647142458, -0.2525792583491797, -0.9605206948216616], [-0.8661625867589124, -0.4473449314749903, 0.22281132283334698], [-0.4859615830783526, 0.8579546786022061, -0.16659864716307526]], "T": [0.013477428111817444, -0.18463164454058756, -0.014346875204043166], "aligned_model": [[-0.21490043339390769, 0.45738286350672896, -0.6740924260107997, -0.39140245155353287, 0.12594845634609048, 0.7452436838151344, -0.2731085478084606, -0.17953947654318214, 0.6230879068568164, 0.1460230458734475, 0.4990683418657635, 0.09175265619719623], [-0.27658961655603753, -0.7123843358402211, 0.042792177363273176, -0.3722503891344804, -0.5989058138297072, -0.2100379075466517, 0.3988909658986527, 0.5376785512857531, -0.021589726539836596, 0.18009440026359747, 0.45472213461343824, -0.03852535929690973], [-0.5526223198493536, -0.5613934684226191, -0.09357951392456422, 0.544621890875527, -0.024420136003979166, 0.08025348241616616, -0.5228316844047338, 0.07438262047214415, -0.5557022014656803, 0.5832257144977564, 0.1106983493768617, -0.016478770011310814]], "inverted": false, "swapped": false, "error_lsq": 0.0428836651813404, "error_max": 0.24297734873857924, "target": "1082.xyz", "model": "27.xyz", "model_rescale": 3.6321398670334006, "target_rescale": 3.829854666000179},
{"mapping": [9, 12, 11, 0, 8, 7, 13, 2, 6, 3, 4, 14], "R": [[-0.6996357363552901, 0.22181112505088194, -0.6791978071359277], [0.1458191166781937, 0.9749117915364431, 0.16817783425408395], [0.69946166558703, 0.01862319862066679, -0.7144274314773705]], "T": [0.025096749717083595, -0.10146969836151203, -0.0031969530092368914], "aligned_model": [[-0.2299460698402342, 0.5394715201151382, -0.5796083966459107, -0.38698924914642435, 0.15730520876150306, 0.7346500121445633, -0.21895370277716264, -0.41740455099429713, 0.3808330872808498, 0.2661098140206283, 0.6927346725178699, 0.017261273714771132], [-0.29794301199346485, -0.5964917912676124, 0.055202367815694556, -0.18518072763425236, -0.5861470951279386, -0.3352833629090956, 0.41571921545262464, 0.5385085618223052, 0.10878228532109742, -0.07485839992471675, 0.38195902973321627, -0.0403719906069866], [-0.5887937071352847, -0.42018790491678365, -0.15256691672546596, 0.45787710540069976, 0.1177921382981327, 0.20357036078384516, -0.5858051712650019, 0.16432644563479126, -0.6613407052663043, 0.6392706505263626, -0.0870034041332142, -0.020984927645562052]], "inverted": true, "swapped": false, "error_lsq": 0.04046921437716639, "error_max": 0.22675768653532272, "target": "1082.xyz", "model": "28.xyz", "model_rescale": 4.156811204709835, "target_rescale": 3.829854666000179},
{"mapping": [1, 4, 0, 2, 9, 5, 8, 10, 7, 11], "R": [[0.9762569323580512, -0.07628870372687711, -0.20273735646525537], [0.06655027271186746, -0.7850338252428868, 0.6158676435943821], [-0.20613942666269186, -0.6147372828356789, -0.7613176799910686]], "T": [0.04650412023030445, 0.0033059294996208334, 0.05064863640418453], "aligned_model": [[-0.679109220359848, -0.09300054498421664, 0.10341771695655308, 0.6741178647211575, -0.08115203989847306, -0.606522990447668, -0.5694374316545089, -0.41539093896492174, 0.3519150461503122, -0.04191208740779841], [-0.16477118260185636, -0.5708469249932084, 0.046262066559171366, 0.15756461974612362, -0.3526375152651037, -0.41556847678131276, 0.5046854806215648, 0.288733162884163, 0.4209656162934085, 0.004333484163253555], [-0.6546221597281683, -0.26511220112394057, -0.6330963057803204, -0.17941887716672333, 0.6560229288147773, 0.07493201800465131, -0.23905660898541997, 0.4210261150751677, 0.5456659784108511, 0.032445839454224606]], "inverted": true, "swapped": true, "error_lsq": 0.044149816474504326, "error_max": 0.20241750091819047, "target": "1082.xyz", "model": "29.xyz", "model_rescale": 4.117894457231895, "target_rescale": 3.829854666000179},
