[{"mapping": [9, 12, 7, 10, 0, 2, 1, 6, 5, 3, 8, 11, 13], "R": [[-0.8198677084451605, -0.21852741870294262, 0.5292095123142723], [-0.1716920621852674, 0.9755972319317406, 0.13686444691626676], [-0.5462039696225681, 0.02134966796355693, -0.8373800900704498]], "T": [-0.07447241377847655, -0.05852322796775367, 0.07952881650750494], "aligned_model": [[0.09591869839977443, -0.45286903263096157, 0.2364612670601907, -0.5681089051348072, 0.10795178146425544, 0.6324471366968498, -0.3891494715613568, 0.41825639094535005, -0.44350211017636454, 0.20735775544280508, 0.11160919723272694, -0.4546283319265544, -0.047962468470078956], [-0.0749522436334257, -0.25371275814913447, 0.4580799144616585, 0.4100371281196513, -0.7258943135866694, -0.3586801597673891, -0.5258105810177474, 0.23745804821445227, 0.16659049527579578, -0.28053105452941385, 0.6973930655391508, 0.5245104112053736, 0.06664535508666347], [-0.6328195028553909, -0.31269159872120894, -0.37636143544754963, -0.6635748988285715, -0.262157708907967, 0.0417292019844059, 0.20468868390761075, 0.5836713492625137, 0.7004492262425263, 0.45964009818670454, 0.14693299202325807, 0.02839082346111889, -0.02131715947217637]], "inverted": false, "swapped": false, "error_lsq": 0.049790883762227185, "error_max": 0.33648656369822266, "target": "1083.xyz", "model": "0.xyz", "model_rescale": 3.8414455957264533, "target_rescale": 3.6801035648922604},
{"mapping": [5, 4, 1, 3, 6, 10, 9, 12, 13, 8, 11, 0, 14], "R": [[0.5975846891280083, 0.32644043315492954, -0.7323449890054572], [-0.7833455134777618, 0.43255821670231565, -0.44638906312495374], [0.17106240333294453, 0.8404344309730143, 0.5142058161874703]], "T": [-0.16273163886789846, -0.06838389214561241, -0.024572525757525568], "aligned_model": [[0.11779241830781292, -0.5049102600719997, -0.009454035830385926, -0.028185453747978623, 0.08995607635029154, 0.49928898386259457, -0.4619738278526647, 0.44812976748077926, -0.27975686595876803, 0.2809239684020579, 0.09719406211613799, -0.6829736907288927, -0.11224923498715524], [-0.30451654257844396, 0.05655881019979915, 0.7130535925854915, 0.2760008575201669, -0.7866400469806922, -0.1532755776834938, -0.5104765911149913, 0.20380940937901942, 0.11320215926459792, -0.3510561804146336, 0.6603987025014559, 0.42793510840915455, -0.0038603938684648037], [-0.5721767712923257, -0.42845412619220347, -0.3627430818870353, -0.7149878719857004, -0.19859605406039355, -0.17591120956459905, 0.4003013824117296, 0.3429171920658568, 0.7021864458395979, 0.5649768590129554, 0.33261084708815664, 0.06780185743904166, -0.06134539803980602]], "inverted": false, "swapped": false, "error_lsq": 0.04644443522827217, "error_max": 0.2949392399622137, "target": "1083.xyz", "model": "1.xyz", "model_rescale": 4.316132596720782, "target_rescale": 3.6801035648922604},
{"mapping": [1, 6, 4, 2, 0, 11, 5, 10, 9, 8, 7, 12], "R": [[0.09853862887821242, -0.5218255494008088, 0.8473418640733776], [0.7058582163310425, 0.6368604053343369, 0.3101177237039889], [-0.7014658345612859, 0.5675446415128316, 0.4310902026644894]], "T": [-0.08020213927000036, -0.00024620740529873665, -0.08705442258589254], "aligned_model": [[-0.398267480599086, 0.37096654574462146, 0.12760503826093345, -0.5548894312556252, -0.48498896819495335, -0.44004955599244316, -0.0385474921959246, -0.18861789587394406, 0.5891192555911093, 0.4517720988501365, 0.20387738355527035, -0.04017094325831401], [-0.5857974708124515, -0.46214298849095864, -0.5199706056842143, 0.3037821984731576, -0.2608042382064456, -0.05338217853593172, 0.2438944702743715, 0.6328067826796764, 0.09036213118853473, 0.10873294431337999, 0.5694257129091886, -0.05413033036732631], [0.059243192218159726, 0.02506015037289039, -0.6862282938773157, -0.04120134916466113, -0.5464327514762135, 0.567585098994178, -0.6157293174823604, 0.47633458070204376, -0.35580227621469634, 0.6352266454112734, -0.042675077832862854, -0.026122140441014643]], "inverted": false, "swapped": true, "error_lsq": 0.051223680916628093, "error_max": 0.2712568325497193, "target": "1083.xyz", "model": "2.xyz", "model_rescale": 3.795458400668931, "target_rescale": 3.6801035648922604},
{"mapping": [4, 1, 0, 10, 9, 7, 2, 6, 11, 8, 5, 12], "R": [[-0.5271017581090259, -0.027882828192828668, 0.8493446205694972], [0.8483851584020217, -0.07495959627609311, 0.5240454960490566], [0.04905465932559949, 0.9967966727563322, 0.0631667125973408]], "T": [-0.011883352577762372, -0.0033007961905429485, 0.055064468348735754], "aligned_model": [[-0.2358371487071487, -0.04952906679846505, -0.58590929916952, 0.23979040510617358, 0.23982137501042203, 0.1418809335932563, -0.3411783634709799, 0.43506940369584896, 0.22069374205074874, 0.8573911415774704, -0.39500615908814657, 0.06611686194390523], [-0.009700936956202773, -0.6616640495313759, -0.22950957611803371, 0.1550378663069891, 0.5513592189442682, 0.5459585527739275, -0.07425473279424624, -0.123376195599479, -0.5147114214713986, 0.07857458811861219, 0.41220962150550594, -0.04415388988885728], [-0.7336752457747016, -0.11980537576723142, -0.19412444365038806, 0.8560054282284558, -0.3417017187086471, 0.3411894588643851, 0.5093706820164418, -0.4089254327278434, 0.5502750956260584, 0.28791906240979687, -0.09123977811119187, 0.03348369823396578]], "inverted": false, "swapped": true, "error_lsq": 0.053903022579453126, "error_max": 0.34570690599625264, "target": "1083.xyz", "model": "3.xyz", "model_rescale": 3.7530521520055578, "target_rescale": 3.6801035648922604},
{"mapping": [2, 5, 0, 4, 1, 9, 11, 7, 8, 6, 12], "R": [[-0.5028838551522621, -0.7441459861619183, -0.4397210246352852], [0.30661008646452925, -0.6292232261278715, 0.7141907214319209], [-0.8081448404249159, 0.2243320819239634, 0.5445888668658657]], "T": [-0.11391368940673992, -0.10660008370753128, -0.016304175886501807], "aligned_model": [[-0.40319841849885846, -0.2139784503618413, 0.2703275384362593, 0.5359877177768954, 0.4241376021802175, -0.15437513866442354, -0.22009263906787352, -0.6848996049779786, -0.4242755158251906, 0.28761305840474327, -0.07904654695674415], [-0.5648822219565118, 0.08235340126997091, -0.38497168477916843, 0.23271179384085594, -0.4735643718089695, 0.6128402445853306, -0.6283948428976979, 0.17662349061464383, 0.21922184331191474, 0.2813951312839328, -0.08612942514995499], [-0.17803119395044803, -0.559554163226033, -0.48282238976745206, -0.38345838318014547, 0.18686288445957644, -0.11219418903423346, 0.5103102541236614, -0.04722810661309294, 0.767327494795259, 0.3267810615115953, 0.06483750812662918]], "inverted": false, "swapped": true, "error_lsq": 0.043653357900475864, "error_max": 0.24189473240474746, "target": "1083.xyz", "model": "4.xyz", "model_rescale": 3.7855080009869324, "target_rescale": 3.6801035648922604},
{"mapping": [13, 12, 6, 11, 15, 8, 9, 7, 5, 10, 4, 1, 16], "R": [[0.09731298586838596, -0.9519613565608732, -0.29034420675495054], [0.9887909741807813, 0.12566754027269614, -0.08062306556086601], [0.11323688515673999, -0.2792440598053832, 0.9535198807069556]], "T": [-0.15693173004819996, -0.020746436758481063, 0.02692379509790259], "aligned_model": [[0.09786009193999398, -0.5428276367757556, 0.2518153717008548, -0.1940931623740092, 0.14200834120562286, 0.47841576125326213, -0.37392269500009684, 0.4021570780862954, -0.10542618355458841, 0.2538303364066963, -0.08972194687513825, -0.676250297409579, -0.19006315126172907], [-0.13099840091220183, 0.010367141727807769, 0.42083707329995823, 0.4202697869145522, -0.7715976123998687, -0.27895059722647275, -0.6233563991486499, 0.3140451703957172, 0.21377839875900026, -0.3800278823714992, 0.6908230518170115, 0.5185895197974324, -0.06264594343382177], [-0.642249777843813, -0.5327024707392612, -0.22607201222541756, -0.633803037038504, -0.1348645002839362, -0.1311080079595146, 0.3378742310300722, 0.39665850576727824, 0.7998717395451312, 0.5097857232659947, 0.21706188133942766, -0.08500873167163066, 0.021136527649447318]], "inverted": true, "swapped": false, "error_lsq": 0.04454716314695801, "error_max": 0.2721807011587246, "target": "1083.xyz", "model": "5.xyz", "model_rescale": 4.2253639853439635, "target_rescale": 3.6801035648922604},
{"mapping": [5, 8, 6, 11, 10, 2, 1, 3, 0, 4, 7, 12, 13], "R": [[0.4107447407578676, 0.8774501023521926, -0.24772984443114482], [-0.7677375180471921, 0.18629514633078278, -0.6130850037607587], [-0.49180063168166993, 0.44201293684203324, 0.7501711153742133]], "T": [-0.12225392072792168, -0.027225994980112675, -0.002695373796603069], "aligned_model": [[0.10724865217043489, -0.6075704408423819, 0.27649556951235094, -0.27082052838429727, 0.07441781261775776, 0.5055802081981282, -0.3377741741822826, 0.4066072071991234, -0.379040934288025, 0.278293412255353, -0.010961199597172483, -0.5154706267462397, -0.07322305057092035], [-0.1595771029457106, -0.4014926031469741, 0.43309933612589646, 0.409489034815906, -0.7279651526054628, -0.21465042638391219, -0.6151353192073936, 0.2900815232854436, 0.19744355263125352, -0.3697970201831962, 0.6895718088011966, 0.8132527434463764, -0.0031870674144574007], [-0.5776327788277926, -0.4153177882555791, -0.20961903532030354, -0.6294024302854602, -0.28340400683531036, -0.14715298386219716, 0.3802137914056109, 0.3474921744089681, 0.723008886470337, 0.4696585601743335, 0.3185616179475714, -0.10428216836239451, 0.024456232177490374]], "inverted": true, "swapped": false, "error_lsq": 0.04277622078184496, "error_max": 0.29552172603761, "target": "1083.xyz", "model": "6.xyz", "model_rescale": 3.89814844738969, "target_rescale": 3.6801035648922604},
{"mapping": [5, 2, 6, 1, 10, 9, 4, 8, 7, 11, 3, 0, 12], "R": [[-0.831626791570224, 0.22315163170468094, 0.508527510376925], [-0.4909721429272487, -0.7233532052059735, -0.4854961332365791], [0.25950575024850675, -0.6534244331105039, 0.7111211400332409]], "T": [-0.09746569000997657, 0.0328611977664406, 0.07923875958486916], "aligned_model": [[0.18692896482209526, -0.5473311183539873, 0.2707184913651864, -0.38429730679922514, -0.0026728030039722683, 0.6810953797238877, -0.5179832017240166, 0.4698599762529418, -0.3533851140791105, 0.2890000052771495, -0.025281856774640787, -0.4829389772183345, -0.12993053214614458], [0.011456871388629927, -0.3249237107320556, 0.5231819024727877, 0.2804441042122106, -0.6217400208158644, -0.24537381000620673, -0.4031660951717488, 0.20744684985782474, 0.22911173809877472, -0.4430899850188071, 0.7955810684931836, 0.45676608767234017, -0.12456169323210321], [-0.6427294801182959, -0.33447478884272186, -0.20607136317482289, -0.6765568080653859, -0.2392187984283683, -0.2589532275751312, 0.2995590049984498, 0.4038126507065916, 0.65131013043762, 0.6078738957559071, 0.33503131164208805, -0.07151062393280493, 0.02850816743214797]], "inverted": false, "swapped": false, "error_lsq": 0.04491622592406546, "error_max": 0.24442831321441585, "target": "1083.xyz", "model": "7.xyz", "model_rescale": 3.7474275329858107, "target_rescale": 3.6801035648922604},
{"mapping": [5, 7, 3, 6, 9, 8, 11, 2, 12, 4, 1, 0, 14], "R": [[0.6368918218834632, -0.7303264535618507, -0.2469657434660395], [-0.2822523916602261, 0.07721378706429818, -0.9562278067956778], [0.7174276232624766, 0.6787203417571628, -0.15695955869266065]], "T": [-0.13356568354004805, 0.021226101389914195, 0.10671859050280001], "aligned_model": [[0.05691679552980991, -0.4791137889362086, 0.2316842844033341, -0.3725635845305805, -0.08293110209533461, 0.47915583184016675, -0.5100431433198976, 0.5857598601251055, -0.5176319233118591, 0.49830347600107794, -0.023964219246633556, -0.31399935964573356, -0.09779121947141729], [-0.16249091331211174, -0.2868929284786433, 0.3851455792246641, 0.3164747958254512, -0.6785629459166203, -0.22052818499764448, -0.46975422096290975, 0.3920061974715606, -0.010606571232929525, -0.24419535967296158, 0.6682128427838956, 0.6239250560089062, 0.028399960478308492], [-0.558853304710831, -0.39281799696002057, -0.3915680855727839, -0.616224222003124, -0.19005045862485154, -0.07030549107917063, 0.16740632344691211, 0.3384131705653528, 0.5885094405825668, 0.4842350260040446, 0.4730483538786274, -0.08926838930740179, 0.15405570461595341]], "inverted": false, "swapped": false, "error_lsq": 0.05705249257421273, "error_max": 0.32833037871874265, "target": "1083.xyz", "model": "8.xyz", "model_rescale": 4.019505241142653, "target_rescale": 3.6801035648922604},
{"mapping": [4, 0, 5, 3, 7, 8, 1, 11, 10, 9, 6, 2, 12], "R": [[0.6069440188280804, -0.06176213169544453, 0.7923410863367197], [0.6649885889629432, 0.5854224156654968, -0.46375723367452537], [-0.4352115974533454, 0.8083724601474304, 0.3963897464835566]], "T": [-0.07216275073349697, 0.058369449689939616, 0.05560102670554541], "aligned_model": [[0.11822178860921707, -0.39760514184177576, 0.24486183185595412, -0.2772845554852139, 0.06716211049450345, 0.4917276724236087, -0.5380327026951247, 0.49479139489963664, -0.30394970348643596, 0.25813757110421937, -0.1154378492648419, -0.5474511746276426, -0.04135933464427554], [-0.15517497771563288, -0.30524911905798585, 0.5354928138584448, 0.4110776629852085, -0.7406528205441363, -0.30331266038585336, -0.2817942756205252, 0.21475790606519626, 0.19449099080160026, -0.36695927812826135, 0.7049580235583955, 0.354232082089489, 0.07926695931302646], [-0.7226965872869487, -0.37395090799214176, -0.2942181101930378, -0.7006943978682282, -0.34656309997593493, -0.030134457832211234, 0.4071108132161543, 0.2589607362228371, 0.9307727200301649, 0.47671530112152194, 0.3844054061726626, -0.1355491212893909, 0.04242177650982683]], "inverted": false, "swapped": false, "error_lsq": 0.04726632127214894, "error_max": 0.2826140740692569, "target": "1083.xyz", "model": "9.xyz", "model_rescale": 3.877068213659057, "target_rescale": 3.6801035648922604},
{"mapping": [0, 5, 7, 1, 12, 11, 6, 9, 13, 10, 2, 4, 15], "R": [[-0.3653510473009485, 0.8993125001746692, -0.2403240297300409], [-0.930260994999199, -0.36207028411146347, 0.05932613712811978], [-0.03366145301677302, 0.2452389373509632, 0.9688780987243802]], "T": [-0.062140526466579624, 0.033970303803537646, 0.08797907721219818], "aligned_model": [[0.19522704798782775, -0.48585191420593404, -0.03943285878996029, -0.19761594987780112, -0.12705005486350057, 0.5183128131786728, -0.28979805810224546, 0.4904205260105098, -0.41255805855010985, 0.3660842703244492, 0.01214589285312187, -0.5418513179326663, -0.034250430690535044], [-0.2738297432482454, -0.16019359489291823, 0.7611776340675006, 0.3066778665070003, -0.6528982226039443, -0.371169138481873, -0.4451808065901935, 0.27226686762651253, 0.1734893463020586, -0.37813733063781074, 0.6201773576448437, 0.494040875730738, -0.005287804204703012], [-0.599616078594011, -0.5395274825826077, -0.2820755539652215, -0.7245377565206924, -0.19871517851615378, -0.12080604932473597, 0.4024482121409826, 0.35915491473321887, 0.7627979313889729, 0.4752794780747794, 0.38996943447689375, -0.03970531941687465, 0.011913518940724246]], "inverted": false, "swapped": false, "error_lsq": 0.04529060936555058, "error_max": 0.34209521243668756, "target": "1083.xyz", "model": "10.xyz", "model_rescale": 4.260839863003843, "target_rescale": 3.6801035648922604},
{"mapping": [4, 9, 8, 6, 11, 1, 0, 5, 7, 10, 2, 12], "R": [[0.9374812780931785, -0.2699001513568765, -0.21973338736367715], [-0.1290057561648112, 0.31689838265075587, -0.9396451085115489], [0.3232435120789371, 0.9092465690729166, 0.2622676276783009]], "T": [0.031096862749450553, 0.06569052545250233, -0.04775498289935623], "aligned_model": [[0.3642655302319514, 0.34413963316901863, -0.5519657593539334, -0.24398688183496353, -0.6010207101463276, -0.36326168241707346, 0.3181579755051026, 0.6147330161115213, 0.24449968715349668, -0.21720336142338736, 0.09545963620961728, -0.044918434110892004], [0.037835197152388825, -0.5665753757927582, -0.5695955881552669, -0.3055407697918586, 0.33768446960082815, 0.46163898475846316, 0.5690224689202311, 0.052231210296135006, -0.31996673076727167, -0.01893966728045722, 0.46707074561044215, 0.02821356098205821], [-0.7964400441442911, -0.2228848303903111, 0.22245330580217912, -0.5124998108226567, 0.24773303098171898, -0.43909242163635454, -0.3749004942068479, -0.05271602500688165, 0.41368245986569374, 0.7653267858760896, 0.3454563513145661, -0.07994023023739963]], "inverted": false, "swapped": true, "error_lsq": 0.03667073166769317, "error_max": 0.18592715280375322, "target": "1083.xyz", "model": "11.xyz", "model_rescale": 3.890672605050136, "target_rescale": 3.6801035648922604},
{"mapping": [8, 7, 0, 3, 5, 6, 12, 11, 10, 9, 2, 4, 13], "R": [[0.6026053008815692, -0.02325695779138559, 0.7977004232565778], [-0.7401081901042046, -0.3901788722743782, 0.5477228446681527], [0.29850748447922093, -0.9204453061127446, -0.25233652166284526]], "T": [0.1318363919358876, 0.0639634948361152, -0.013302780028137976], "aligned_model": [[0.211913656831403, -0.5614682549667471, 0.1577189578663572, -0.3675863568882488, -0.07266721707082577, 0.6931474399468404, -0.4585844890497467, 0.32249896484189244, -0.3622713320226584, 0.35111716940381066, -0.03469152740957199, -0.3905772975558648, -0.03476780658481121], [-0.17903680545783973, -0.31635807123526516, 0.47784851066053, 0.3263204465121778, -0.6825378885378728, -0.030248771973813607, -0.27960747550867243, 0.2083957778441114, 0.18655178431861003, -0.5498920907729087, 0.6010591982462066, 0.5309134410511875, 0.04772525207251495], [-0.686897266007673, -0.33212615313717936, -0.43368811065242907, -0.7446090796497281, -0.09002396588322664, -0.10337108802233737, 0.2841771661490141, 0.4822264954069391, 0.7217959703781072, 0.4120414060977182, 0.42185327373140624, -0.0033665540596183024, -0.03143202351571944]], "inverted": true, "swapped": false, "error_lsq": 0.04490553928338668, "error_max": 0.23325953139439173, "target": "1083.xyz", "model": "12.xyz", "model_rescale": 4.124412569039231, "target_rescale": 3.6801035648922604},
{"mapping": [2, 8, 10, 11, 1, 4, 6, 5, 3, 0, 7, 9, 12], "R": [[-0.6046104420548126, 0.5497917541056361, -0.5763464587170916], [-0.33751992653874124, 0.4785665770081547, 0.8105888788775608], [0.7214752334956253, 0.6846189147899333, -0.10378067722021894]], "T": [-0.04647891830897905, 0.037334719132309215, 0.13927528604098327], "aligned_model": [[0.1551671435444655, -0.4935466646436073, 0.21141682013006607, -0.28184116819693356, -0.09196063761360657, 0.6591968817664207, -0.6035939671902695, 0.5780214125407128, -0.36493200454222813, 0.2724402142713036, 0.005404938793984675, -0.5970138506972553, 0.005022789178775834], [-0.21427509902299471, -0.12173345391094037, 0.48959864946611964, 0.33966213699472836, -0.7405720436619432, -0.1900420219428498, -0.33119456109210876, 0.36172773776589706, -0.08583476272642626, -0.25012076962257096, 0.6493711527111257, 0.3621484443707642, 0.07239789789016496], [-0.6597409082853725, -0.39898475093965835, -0.3837512885338704, -0.7792864185128354, -0.09664160720067222, -0.12263641388002322, 0.17698213835391888, 0.4194794710608123, 0.7655102949418722, 0.5296947044271062, 0.2649619753135009, 0.1462469513618277, 0.03474592272866871]], "inverted": true, "swapped": false, "error_lsq": 0.05193267623005775, "error_max": 0.2993026482701625, "target": "1083.xyz", "model": "13.xyz", "model_rescale": 3.9028299243045295, "target_rescale": 3.6801035648922604},
{"mapping": [10, 14, 5, 13, 7, 4, 6, 0, 2, 3, 8, 12, 15], "R": [[-0.016986466547026156, 0.98610507820888, -0.1652520338298606], [-0.929419652990529, 0.04536231557873302, 0.3662258442004057], [0.3686333796459718, 0.1598093709892948, 0.9157348941450221]], "T": [-0.14489834722666806, 0.007627631485121064, 0.06375656995953184], "aligned_model": [[0.10412546913124876, -0.59979620699301, 0.09142118873890734, -0.2454607073220925, 0.11284218030543369, 0.5090207086322407, -0.35637801123921253, 0.5178868619949442, -0.20474060885975398, 0.22279252622878204, 0.0385464804549803, -0.5693930589233908, -0.16708491480724819], [-0.2309309309078718, -0.1530536060833944, 0.3823202746946049, 0.42350279354053816, -0.801837209349897, -0.07649539541293646, -0.5206413282798216, 0.2278414508054104, 0.264311445596256, -0.33828324206371935, 0.7262495305670095, 0.5361217848870969, -0.09797226077430986], [-0.5968715805491346, -0.678065598660687, -0.19287611248925168, -0.6067554829617058, -0.2508295831950261, -0.09333085351163815, 0.411055461560475, 0.5103414437093751, 0.7512753645039296, 0.429596062601315, 0.27925070193164386, -0.09352807176473497, 0.027318319660713963]], "inverted": true, "swapped": false, "error_lsq": 0.04103496267096845, "error_max": 0.2961866030046725, "target": "1083.xyz", "model": "14.xyz", "model_rescale": 3.942246331269136, "target_rescale": 3.6801035648922604},
{"mapping": [2, 0, 6, 7, 1, 5, 12, 4, 13, 3, 11, 8, 14], "R": [[0.9364641075257234, 0.04025161466529467, -0.34844624095100685], [0.19776887619131323, 0.7598485451406956, 0.6192880267352127], [0.28969371226534324, -0.6488528307439253, 0.7036103730826597]], "T": [0.09640764913516561, 0.11879199679469574, 0.01872272942504688], "aligned_model": [[0.07359305451739223, -0.4015084585498573, 0.01910939693804961, -0.13191838247544765, -0.020547253816945776, 0.4134073783975555, -0.3504033440632711, 0.37802143555325607, -0.27647350657016967, 0.37434468408909316, -0.08291958823323911, -0.5807562129983326, 0.039832704553745685], [-0.2010745215226997, -0.14567600442318948, 0.6245198909098955, 0.389870980897983, -0.6828368961124536, -0.3456815054194683, -0.41292428003869175, 0.18185859061428944, 0.1525848458469465, -0.4488974482748337, 0.7225150039564285, 0.4537568260042256, 0.053117824780533465], [-0.6739624973348577, -0.4533511089814792, -0.20722785512718936, -0.7593279860141962, -9.493548160116605e-05, -0.2754797443538027, 0.4496681963581792, 0.528997417182401, 0.7403511196496149, 0.3608157417160254, 0.3614635895773786, -0.1488737899328036, -0.02639807642239561]], "inverted": false, "swapped": false, "error_lsq": 0.047749759881481016, "error_max": 0.278314872006754, "target": "1083.xyz", "model": "15.xyz", "model_rescale": 4.355366556412066, "target_rescale": 3.6801035648922604},
{"mapping": [1, 6, 4, 2, 0, 11, 5, 10, 9, 8, 7, 12], "R": [[0.09853862887821242, -0.5218255494008088, 0.8473418640733776], [0.7058582163310425, 0.6368604053343369, 0.3101177237039889], [-0.7014658345612859, 0.5675446415128316, 0.4310902026644894]], "T": [-0.08020213927000036, -0.00024620740529873665, -0.08705442258589254], "aligned_model": [[-0.398267480599086, 0.37096654574462146, 0.12760503826093345, -0.5548894312556252, -0.48498896819495335, -0.44004955599244316, -0.0385474921959246, -0.18861789587394406, 0.5891192555911093, 0.4517720988501365, 0.20387738355527035, -0.04017094325831401], [-0.5857974708124515, -0.46214298849095864, -0.5199706056842143, 0.3037821984731576, -0.2608042382064456, -0.05338217853593172, 0.2438944702743715, 0.6328067826796764, 0.09036213118853473, 0.10873294431337999, 0.5694257129091886, -0.05413033036732631], [0.059243192218159726, 0.02506015037289039, -0.6862282938773157, -0.04120134916466113, -0.5464327514762135, 0.567585098994178, -0.6157293174823604, 0.47633458070204376, -0.35580227621469634, 0.6352266454112734, -0.042675077832862854, -0.026122140441014643]], "inverted": false, "swapped": true, "error_lsq": 0.051223680916628093, "error_max": 0.2712568325497193, "target": "1083.xyz", "model": "16.xyz", "model_rescale": 3.795458400668931, "target_rescale": 3.6801035648922604},
{"mapping": [5, 2, 6, 1, 10, 9, 4, 8, 7, 11, 3, 0, 12], "R": [[-0.831626791570224, 0.22315163170468094, 0.508527510376925], [-0.4909721429272487, -0.7233532052059735, -0.4854961332365791], [0.25950575024850675, -0.6534244331105039, 0.7111211400332409]], "T": [-0.09746569000997657, 0.0328611977664406, 0.07923875958486916], "aligned_model": [[0.18692896482209526, -0.5473311183539873, 0.2707184913651864, -0.38429730679922514, -0.0026728030039722683, 0.6810953797238877, -0.5179832017240166, 0.4698599762529418, -0.3533851140791105, 0.2890000052771495, -0.025281856774640787, -0.4829389772183345, -0.12993053214614458], [0.011456871388629927, -0.3249237107320556, 0.5231819024727877, 0.2804441042122106, -0.6217400208158644, -0.24537381000620673, -0.4031660951717488, 0.20744684985782474, 0.22911173809877472, -0.4430899850188071, 0.7955810684931836, 0.45676608767234017, -0.12456169323210321], [-0.6427294801182959, -0.33447478884272186, -0.20607136317482289, -0.6765568080653859, -0.2392187984283683, -0.2589532275751312, 0.2995590049984498, 0.4038126507065916, 0.65131013043762, 0.6078738957559071, 0.33503131164208805, -0.07151062393280493, 0.02850816743214797]], "inverted": false, "swapped": false, "error_lsq": 0.04491622592406546, "error_max": 0.24442831321441585, "target": "1083.xyz", "model": "17.xyz", "model_rescale": 3.7474275329858107, "target_rescale": 3.6801035648922604},
{"mapping": [12, 9, 10, 5, 7, 11, 2, 3, 0, 1, 8, 4, 13], "R": [[0.7691096294592829, -0.42670600019975896, 0.4758070693742668], [0.4862147466577416, 0.8738364014413279, -0.0022723663038820008], [-0.41480790494583525, 0.23309211249974607, 0.8795467407050367]], "T": [-0.04303670005576025, -0.009629462655412258, -0.004733924746236441], "aligned_model": [[0.009055387917007295, -0.5610242487609797, 0.3831765390902883, -0.1949505374692427, 0.10925061884014983, 0.6356169795021095, -0.42001695278813894, 0.48022076401663755, -0.4107363647737569, 0.25893577163708165, -0.02933961099571076, -0.6923680620563945, -0.11403837681722151], [-0.1673646810202468, -0.1885424314579035, 0.4230172643561151, 0.4491473690503755, -0.7074658514590124, -0.23084201782677363, -0.47566945912754105, 0.2601337144859569, 0.15991669197505917, -0.3252716403804902, 0.6741029372937475, 0.5076271183784669, -0.03765570704878793], [-0.7338724154128143, -0.3886651879128505, -0.3327559588328246, -0.5429401504279942, -0.2440083049070538, -0.115327100228163, 0.3754309533629502, 0.33293253177610144, 0.7268352440937048, 0.5316437955128762, 0.21702460661105646, 0.0016090808622443928, 0.06867297633804098]], "inverted": true, "swapped": false, "error_lsq": 0.04291988167469784, "error_max": 0.28336799218282216, "target": "1083.xyz", "model": "18.xyz", "model_rescale": 3.922800546911778, "target_rescale": 3.6801035648922604},
{"mapping": [7, 3, 13, 12, 9, 11, 2, 4, 1, 10, 8, 5, 14], "R": [[0.5542330956205472, -0.5869193467724618, 0.5902129752072993], [-0.8320620762807265, -0.3716453670975861, 0.4117674371903477], [-0.022324357421254326, -0.719308974988556, -0.6943314925643522]], "T": [-0.09919649389831756, 0.11298029918314248, 0.07489493718999601], "aligned_model": [[0.08206927509413312, -0.4812401832546913, 0.40696369695831647, -0.2960933823949119, -0.03174902164863844, 0.5148860619052412, -0.30319701450493763, 0.5683768935065231, -0.5230099859567898, 0.35466359749721443, -0.039896053564538125, -0.7140004286441305, -0.08399154765096115], [-0.19048306417874392, -0.15579357227373705, 0.41257962491678235, 0.44401900772006375, -0.6819610820855339, -0.17683010437731797, -0.528864322283022, 0.19433075995967058, 0.12048333762469168, -0.4111010060339334, 0.7012044302274139, 0.5507282630758629, 0.06282103492676858], [-0.6415293275772733, -0.36208614824752783, -0.27986674624285374, -0.6108594162902281, -0.0871613022726091, -0.13994490412137953, 0.31892000203983917, 0.34246738355254286, 0.6817794832934485, 0.4871454074428648, 0.23258603857194005, -0.03880010278342903, -0.006070296530060526]], "inverted": false, "swapped": false, "error_lsq": 0.04460471915241689, "error_max": 0.2769002529835038, "target": "1083.xyz", "model": "19.xyz", "model_rescale": 3.9282355846067225, "target_rescale": 3.6801035648922604},
{"mapping": [6, 7, 4, 8, 5, 3, 2, 0, 10, 1, 11, 9, 13], "R": [[0.8234737900338526, 0.22703410867076934, 0.5199484884364529], [0.5671503545552421, -0.3539763329620734, -0.7436674196376944], [0.015211589500973732, 0.907279598140944, -0.4202527077153237]], "T": [-0.14313786271484194, 0.03701028385304914, -0.11086744244921996], "aligned_model": [[-0.0013195454627243364, -0.6482655496160745, 0.33480894959719976, -0.15461188898520056, 0.07830498706558897, 0.5783268276059942, -0.33329347308067125, 0.43130227259968135, -0.43962907181610333, 0.2617483659986376, -0.007447597137563405, -0.5643326758330827, -0.08180969359385296], [-0.2711108465175224, -0.3059633430479659, 0.4264885932904924, 0.5653222181681749, -0.6204937805377811, -0.1761109524068358, -0.5747805170471082, 0.26697848446634714, 0.12828652284900485, -0.33323993847383304, 0.6470728851390196, 0.5849331010324975, 0.0037508803044759356], [-0.6692517079582002, -0.2346126951088533, -0.24958058536769562, -0.6580204611830504, -0.19050174309443374, -0.13143704178599053, 0.40707953373677996, 0.3964097459235204, 0.6928712962662227, 0.39950762646743754, 0.23952511692628586, -0.1391577420978949, 0.03374872811114614]], "inverted": true, "swapped": false, "error_lsq": 0.04576855425429916, "error_max": 0.2842607230912613, "target": "1083.xyz", "model": "20.xyz", "model_rescale": 4.067790424073018, "target_rescale": 3.6801035648922604},
{"mapping": [9, 10, 8, 1, 12, 0, 11, 2, 6, 3, 4, 5, 14], "R": [[-0.28469893329095686, 0.21128082020989802, 0.9350438130881484], [0.8125395730390499, -0.464374868558675, 0.3523285734887701], [0.5086511177895018, 0.8600676696996266, -0.03946699771890788]], "T": [-0.0650000237509182, 0.07012765551778727, -0.004825637190662105], "aligned_model": [[-0.0731005669652187, -0.6016198699120257, 0.1355728437980567, -0.3184793294094006, 0.07035904152433817, 0.6428192684179869, -0.39717205057553306, 0.43147882685549166, -0.27349892736388315, 0.24885514086708824, 0.0646912579519627, -0.3718931678180699, -0.10423056002896418], [-0.30201850606388103, -0.3398837278824057, 0.5467764160830131, 0.2998977258883653, -0.6656071418848757, 0.03294342104526643, -0.4379304044803111, 0.1993790913416156, 0.1591580474237795, -0.5013367110585034, 0.7591474541002514, 0.5714615476469951, 0.01914609505965642], [-0.6870950232021951, -0.4687400988556954, -0.24512624180885445, -0.7506534039328315, -0.17031309362273944, -0.050292238791855896, 0.21781983490644546, 0.5341778403277568, 0.6995596971290045, 0.5416800169676298, 0.38363849673668393, -0.05911235366020069, -0.04896336135787438]], "inverted": true, "swapped": false, "error_lsq": 0.04057063164633818, "error_max": 0.23687845050633086, "target": "1083.xyz", "model": "21.xyz", "model_rescale": 4.186013935880536, "target_rescale": 3.6801035648922604},
{"mapping": [7, 4, 9, 10, 7, 1, 6, 2, 5, 0, 8, 11, 12], "R": [[-0.36552629463400366, 0.43125042788960233, -0.8248718666412199], [0.4118735465868255, 0.8696525311517198, 0.27214822557458884], [0.8347159454288183, -0.24026556870771576, -0.4955015105329471]], "T": [-0.08793472172973346, 0.07165018986182638, 0.05703671040538079], "aligned_model": [[0.05314664797881552, -0.6530417262330738, 0.20429011803273325, -0.19758042965039188, 0.05314664797881552, 0.5839574650754965, -0.322736883501049, 0.32281169212591687, -0.23606465390926562, 0.2531612696414486, 0.07175782614682083, -0.5462250615565445, -0.13284100478789335], [-0.4211644465771092, -0.13641368957954553, 0.46357055292785654, 0.12806999003451508, -0.4211644465771092, -0.198574594142633, -0.42879658952084787, 0.3313006253068642, 0.083334033539284, -0.43386031931475566, 0.8052932559659491, 0.5062009259922918, 0.0633380091642053], [-0.4678952100505703, -0.34914015292084777, -0.32565615897987954, -0.7682475179189688, -0.4678952100505703, -0.04622359829149973, 0.12241113086339071, 0.6170083505291611, 0.8162861997725218, 0.4442073327270062, 0.21174376394093342, 0.04695698512360828, 0.06302415609098892]], "inverted": false, "swapped": false, "error_lsq": 0.053332021280600314, "error_max": 0.42335653319046823, "target": "1083.xyz", "model": "22.xyz", "model_rescale": 4.166573947596378, "target_rescale": 3.6801035648922604},
{"mapping": [3, 9, 2, 11, 8, 4, 10, 1, 13, 0, 6, 12, 15], "R": [[0.4452476557505727, 0.25093655911297486, 0.8595262464574075], [-0.6168170817671852, -0.6098823898860813, 0.4975742740004304], [0.6490694975800612, -0.7517142501026454, -0.11676674827957062]], "T": [-0.13007085156242837, 0.014888099261481581, 0.002906786656511201], "aligned_model": [[0.09707964536899655, -0.48896044672264033, 0.35851087603619736, -0.3568114688951506, 0.07396445795246517, 0.5251536570297358, -0.5930154156731944, 0.452102143280238, -0.5722528677918677, 0.48902159524276, 0.06253375787224649, -0.5082843856444654, -0.08525964071349187], [-0.03552532117141486, -0.26659610704309467, 0.42158450096971567, 0.3662974857663967, -0.74298155591122, -0.24949454786854977, -0.38688947890444847, 0.25601904337043646, 0.025488472002995595, -0.33156706886800164, 0.7067611916984863, 0.5407148884314542, 0.03732180474621032], [-0.551428663048924, -0.3874956548944042, -0.21776303793083146, -0.6658184655616317, -0.19224012841200278, -0.19867737095828736, 0.43325355537621635, 0.33611772995847744, 0.7248318766185883, 0.40719520056810343, 0.25454684776172587, -0.0963003988573907, 0.05035858021563485]], "inverted": true, "swapped": false, "error_lsq": 0.04861608391279691, "error_max": 0.2858749963496215, "target": "1083.xyz", "model": "23.xyz", "model_rescale": 4.274766983524099, "target_rescale": 3.6801035648922604},
{"mapping": [6, 0, 3, 11, 2, 10, 8, 7, 9, 5, 12], "R": [[0.23593750673460603, -0.9330618533889637, 0.27153097551883404], [0.5239076772604977, -0.11319965140571978, -0.844219512111118], [0.8184462344121135, 0.34144020951255205, 0.462130224833495]], "T": [0.037721968616789434, 0.1400354943773957, -0.020885308541717613], "aligned_model": [[0.465540111843632, 0.09310844230613512, -0.5613452003638152, -0.588777281688364, -0.4445853869568317, -0.5856142617078446, -0.02341054520027515, 0.02667926136106627, 0.6573839335704575, 0.29027219408551075, 0.05064343670840395], [-0.23855430710268966, 0.7409533027171081, 0.6337371580660889, -0.16517786767238074, 0.4014852066681105, -0.21996124476285767, -0.7524156783953219, -0.04659033064258791, -0.04757600373458132, 0.5442730750455875, 0.06541322105700763], [-0.3419972745692291, -0.301244791157538, -0.48930485554107367, -0.295129708589827, 0.11654636101991225, 0.4393010942717143, 0.10700803253183866, 0.589234071888221, 0.30964061243511554, 0.31623082368243277, -0.07071793194998957]], "inverted": false, "swapped": true, "error_lsq": 0.045887904358106836, "error_max": 0.32278490340529864, "target": "1083.xyz", "model": "24.xyz", "model_rescale": 3.7841303162186577, "target_rescale": 3.6801035648922604},
{"mapping": [13, 10, 12, 14, 11, 3, 7, 4, 1, 6, 2, 9, 15], "R": [[0.23110596438769032, -0.6146408988521843, 0.754192680077588], [-0.9602761202234893, -0.2687092160632841, 0.07526705873872519], [0.1563963111871856, -0.7416278869222993, -0.6523252801986189]], "T": [-0.1587574570012095, 0.04492572000121818, 0.08378539207068149], "aligned_model": [[0.2324023016480173, -0.7928929513831634, 0.19431720945087874, -0.329683228729457, 0.017131313177507657, 0.625676694285252, -0.44233159845005343, 0.38292448601421836, -0.24508539171583946, 0.28879506352821727, 0.010123762519515911, -0.3805328464702973, -0.10706290653296678], [-0.11653776386372779, -0.1934629646044323, 0.49560635632604366, 0.2517902399743607, -0.6199544199285802, -0.11295020826627168, -0.5275320611200499, 0.20448973460848402, 0.13039205354752004, -0.43241575105509533, 0.7628707749534457, 0.495942709266068, 0.002894607381201189], [-0.574183895862056, -0.2987039739176313, -0.4136049479840213, -0.662733471218081, -0.2574258463354361, -0.00970333025623231, 0.20496028730696653, 0.5714577623273923, 0.8174606521968921, 0.39016475433351544, 0.2413514407298319, -0.2154470602910712, 0.10298769980520485]], "inverted": false, "swapped": false, "error_lsq": 0.04512016520477356, "error_max": 0.2704490140562348, "target": "1083.xyz", "model": "25.xyz", "model_rescale": 4.19342608120988, "target_rescale": 3.6801035648922604},
{"mapping": [1, 6, 4, 2, 0, 11, 5, 10, 9, 8, 7, 12], "R": [[0.09853862887821242, -0.5218255494008088, 0.8473418640733776], [0.7058582163310425, 0.6368604053343369, 0.3101177237039889], [-0.7014658345612859, 0.5675446415128316, 0.4310902026644894]], "T": [-0.08020213927000036, -0.00024620740529873665, -0.08705442258589254], "aligned_model": [[-0.398267480599086, 0.37096654574462146, 0.12760503826093345, -0.5548894312556252, -0.48498896819495335, -0.44004955599244316, -0.0385474921959246, -0.18861789587394406, 0.5891192555911093, 0.4517720988501365, 0.20387738355527035, -0.04017094325831401], [-0.5857974708124515, -0.46214298849095864, -0.5199706056842143, 0.3037821984731576, -0.2608042382064456, -0.05338217853593172, 0.2438944702743715, 0.6328067826796764, 0.09036213118853473, 0.10873294431337999, 0.5694257129091886, -0.05413033036732631], [0.059243192218159726, 0.02506015037289039, -0.6862282938773157, -0.04120134916466113, -0.5464327514762135, 0.567585098994178, -0.6157293174823604, 0.47633458070204376, -0.35580227621469634, 0.6352266454112734, -0.042675077832862854, -0.026122140441014643]], "inverted": false, "swapped": true, "error_lsq": 0.051223680916628093, "error_max": 0.2712568325497193, "target": "1083.xyz", "model": "26.xyz", "model_rescale": 3.795458400668931, "target_rescale": 3.6801035648922604},
{"mapping": [0, 1, 3, 2, 6, 7, 8, 10, 11, 5, 4, 9, 12], "R": [[0.8472053226388303, 0.22700337590131717, 0.4803255236002359], [-0.2546282076984032, -0.6200031110303894, 0.7421324801926791], [0.4662698973092026, -0.7510430145085193, -0.4674684729703402]], "T": [-0.1682461441462733, 0.05318001573303958, 0.021591297531868937], "aligned_model": [[0.16617925008468137, -0.536102299586514, 0.2932179848092727, -0.440972251693147, -0.0712170606067839, 0.6344171156021197, -0.450716290724635, 0.35671108538184987, -0.3889174839108356, 0.26500424435600417, 0.043824833214138964, -0.4035196042047756, -0.014127615379546543], [-0.02188866141944148, -0.29234970015541, 0.5056432403634744, 0.34601157463655013, -0.755174048403029, -0.04869400663453046, -0.5018293917368292, 0.19887068028592042, 0.26171479023642225, -0.4803404657652241, 0.7510006845488695, 0.38181423420488964, -0.00364562294269679], [-0.7359029542594967, -0.28767272380589004, -0.3353462977031871, -0.7624399915578415, -0.11381927671568899, -0.05298399090975696, 0.399648018167961, 0.48080863816430763, 0.6691961148106402, 0.3290168406552743, 0.43016858198538854, -0.12339228621782618, -0.0007006017786103137]], "inverted": true, "swapped": false, "error_lsq": 0.045510204199252016, "error_max": 0.23464824653291727, "target": "1083.xyz", "model": "27.xyz", "model_rescale": 3.6321398670334006, "target_rescale": 3.6801035648922604},
{"mapping": [0, 11, 8, 10, 5, 3, 1, 7, 6, 4, 12, 9, 14], "R": [[0.04043360396720763, -0.16526322082715322, -0.9854203121064935], [-0.5752704205587689, -0.8102209260780877, 0.1122764186073979], [-0.8169633204130775, 0.5623434171278276, -0.12783119459911862]], "T": [-0.09326589841812456, 0.03590338256513446, -0.03519039560546774], "aligned_model": [[0.020779285107388953, -0.6179253151821049, 0.2304170109476018, -0.27396322229722625, 0.08528353563470421, 0.512346588557185, -0.06323997250120082, 0.561371790108545, -0.425685131974927, 0.09395270063533674, 0.07239575800947888, -0.6113694716981889, -0.1305816480047638], [-0.18237351286928102, -0.11228919796680478, 0.40940784649581646, 0.4101831510221843, -0.7655388561832549, -0.2712811911574827, -0.5730843411518233, 0.23683932080941208, 0.23582326027863673, -0.23785656453205986, 0.741984000364312, 0.457943444350363, -0.008624052241052019], [-0.608566875114343, -0.37474494482381926, -0.18603271527390838, -0.692407836840311, -0.34788794775160586, -0.1373238046775612, 0.23958149575384627, 0.328074837366541, 0.6381868632897914, 0.7240670968783613, 0.36169259422647787, -0.03998985630213187, -0.008068835896063019]], "inverted": true, "swapped": false, "error_lsq": 0.0495506902671748, "error_max": 0.39088254235871656, "target": "1083.xyz", "model": "28.xyz", "model_rescale": 4.156811204709835, "target_rescale": 3.6801035648922604},
