[{"mapping": [11, 8, 6, 7, 9, 4, 2, 10, 12, 5, 1, 0, 3, 13], "R": [[0.8253442329347819, 0.33028309760617575, 0.4579519326271766], [0.20228354294456702, 0.5842656538806245, -0.7859484804675431], [-0.52715108405, 0.7413141851678785, 0.41540945277375935]], "T": [0.09480172108962726, -0.08472308548142643, 0.11894969650635662], "aligned_model": [[-0.2818402273881606, 0.06097498762855649, 0.6894299863825133, -0.25047528752649906, -0.40417955979830045, 0.33163566543424905, 0.4945816649145993, -0.8838963953667055, -0.3738439413296567, 0.36678972541657867, 0.15259769347712895, 0.06684567100575983, 0.6059802664007851, -0.005634818583186235], [-0.575151876315261, -0.31377342800478336, -0.1441299749122875, 0.17026939134595592, 0.4421915897237048, 0.34703914355984417, 0.5663569729914835, -0.21911379790909602, -0.05000237232734138, -0.7906083713843295, -0.1782142993792661, 0.5215260028855351, -0.0027316671287286876, -0.0629650125919729], [-0.20459672151028435, -0.6273550832692967, -0.3579510602455863, -0.5032698037971981, 0.018342648338047246, -0.7001322816805415, 0.03217988963831056, -0.07984179702300759, 0.45701111570007075, 0.13118689755955815, 0.6854857782546098, 0.5954923878767764, 0.1908816638631154, -0.00745817515552924]], "inverted": true, "swapped": false, "error_lsq": 0.04062322725590421, "error_max": 0.20007618163554178, "target": "1084.xyz", "model": "0.xyz", "model_rescale": 3.8414455957264533, "target_rescale": 4.119733772312653},
{"mapping": [2, 4, 0, 3, 10, 11, 12, 5, 6, 7, 9, 8, 13, 14], "R": [[0.5246002920654481, -0.7015316794499893, -0.4823358127828828], [-0.3229857267844025, -0.6881997132930796, 0.649662508474111], [-0.7877021987137005, -0.1850255586436654, -0.5876144899423444]], "T": [0.052217434025553774, -0.05228557493767611, -0.046599517745401824], "aligned_model": [[-0.41130579479073737, -0.03769818501971084, 0.5967289480100412, -0.35114047360864453, -0.39311319705644443, 0.5692959155211844, 0.19551396159178608, -0.5979624227652057, -0.5470090046085093, 0.3350824774129899, 0.2803104895039786, 0.1578493484461732, 0.7375916911697866, 0.034821676860974815], [-0.6201957573960618, -0.4371812146529215, -0.32331210208888034, -0.02365027901527062, 0.46544408205261273, 0.530856061016201, 0.6946742586989745, -0.04473131706845968, -0.11904201586054583, -0.6230063405541911, -0.34031861639006794, 0.42610714765775287, 0.12165237475428134, 0.0033960194000329444], [0.038423823909897147, -0.42021397521203907, -0.44102213655148137, -0.7173150313698101, -0.0016781230295533286, -0.3913328618262757, 0.015098585856249104, -0.15398607181101281, 0.4498865612345545, 0.03837210727521582, 0.5283093490044878, 0.5733074907035581, 0.22699638489255608, -0.11487064452730186]], "inverted": true, "swapped": false, "error_lsq": 0.04282988660281747, "error_max": 0.3097488828408515, "target": "1084.xyz", "model": "1.xyz", "model_rescale": 4.316132596720782, "target_rescale": 4.119733772312653},
{"mapping": [10, 0, 8, 6, 11, 12, 4, 5, 7, 2, 3, 13], "R": [[-0.548363651142713, -0.658059149979136, -0.5159994779398231], [-0.030947037730089888, 0.6325939271001301, -0.7738651072711366], [0.8356671508209268, -0.4083908404026374, -0.36725649689836976]], "T": [0.02432087597360777, -0.02506588509874506, -0.02706909789105915], "aligned_model": [[-0.21517108966772974, 0.6042127603556338, 0.17221862373751176, -0.594149021818927, -0.5876150189942116, -0.5872562007694562, -0.1049671471855605, -0.13937799087382002, 0.5506084559536994, 0.09213928684559514, 0.40965057306011066, -0.002484676011065008], [-0.7322123623030967, -0.3279187956776638, -0.49271137393454323, 0.3699269223976003, -0.14451436002493948, -0.22581140553046158, 0.3959903713088417, 0.6596311340303561, -0.008903445378327667, 0.042325165936350204, 0.47178751858035917, 0.005187058336505419], [0.04373310465275108, -0.000526987959673219, -0.5590185544186562, -0.02654159049463013, -0.3364496824960062, 0.45880611629148016, -0.5349939674302112, 0.30970763958986536, -0.5757467799707997, 0.7935745801273358, -0.15304577427941624, 0.029760357597381264]], "inverted": false, "swapped": true, "error_lsq": 0.04423664547823569, "error_max": 0.26091048258828353, "target": "1084.xyz", "model": "2.xyz", "model_rescale": 3.795458400668931, "target_rescale": 4.119733772312653},
{"mapping": [7, 4, 5, 12, 0, 9, 6, 8, 11, 10, 1, 13], "R": [[-0.18051904602780766, -0.3656000786706848, 0.9130988207730857], [0.32417716788553297, -0.8985929366461436, -0.2957023808348099], [0.9286129645029331, 0.24262587802138738, 0.2807323377728787]], "T": [0.009034345584343184, 0.009146147190630243, 0.026014418537033124], "aligned_model": [[0.1095587716400288, -0.1953930270922784, -0.7212283156203947, 0.11297761180953256, 0.2061406668707584, 0.258104086635341, -0.2780177262476016, 0.6047691501353496, 0.30514297711578703, 0.6759711046878794, -0.44993283275526347, -0.03478864143557339], [-0.10812800802830799, -0.5904244186174676, -0.07153319334946877, 0.09579168393943938, 0.4631512021293892, 0.6856597829276715, -0.47870870819540395, -0.14070327041674127, -0.5264789146315548, 0.17366078528185291, 0.5576674026286071, 0.025814701621693636], [-0.7185852406055654, -0.1991877639697819, 0.2891364198594108, 0.8210542646427935, -0.4026200117376012, 0.20046363465320147, 0.4930512038619863, -0.35632243034287764, 0.3574888448859066, 0.3269393043881652, -0.2002855325764692, 0.07763873757993178]], "inverted": false, "swapped": true, "error_lsq": 0.047286952135160404, "error_max": 0.24672821210905457, "target": "1084.xyz", "model": "3.xyz", "model_rescale": 3.7530521520055578, "target_rescale": 4.119733772312653},
{"mapping": [5, 11, 4, 8, 3, 10, 1, 12, 2, 0, 13], "R": [[0.9680873703356543, 0.2505727494209301, -0.004487832910613901], [-0.14911705740400952, 0.5615362048844452, -0.8139049046388305], [-0.20142230906175002, 0.7886002712728484, 0.5809807789941271]], "T": [-0.00659064835783893, -0.03843588891862054, -0.036140620591338816], "aligned_model": [[-0.4490467902956009, -0.19602227787406304, 0.20793720304287097, 0.5344961216158938, 0.2842468117832557, -0.12945367415681908, 0.03682155292350586, -0.7483321871492031, -0.5497344580459431, 0.4167132906672145, -0.06942599006590651], [-0.675898784140845, 0.14366779515483927, -0.46600659387150967, 0.3755624468070849, -0.5880482797719924, 0.6969829661380211, -0.34233002650897876, 0.26783959231347393, -0.06894202669942467, 0.18608186109362637, -0.06170559219994885], [0.04692271425716433, -0.6806588358719158, -0.5085308515743957, -0.27979356372532355, 0.12055077929155653, -0.1166966770553226, 0.6483313220420818, -0.11623324044728434, 0.5856801851393528, 0.410070676613451, -0.016811731424048078]], "inverted": true, "swapped": true, "error_lsq": 0.05733334836727137, "error_max": 0.3468030607146637, "target": "1084.xyz", "model": "4.xyz", "model_rescale": 3.7855080009869324, "target_rescale": 4.119733772312653},
{"mapping": [6, 1, 0, 12, 14, 2, 9, 13, 8, 4, 7, 10, 5, 16], "R": [[0.348845283498674, 0.10751867924809824, 0.9309923210174584], [-0.9329694362653866, 0.13390604390539906, 0.3341215383662839], [-0.08874119210026754, -0.9851441036814614, 0.147024133414462]], "T": [-0.02635484214523518, 0.010670871739193302, -0.018940271688138076], "aligned_model": [[-0.26665166561003406, 0.20196127065089792, 0.6547806878428194, -0.3889245472108091, -0.27653880201813774, 0.3059127844245303, 0.15535529466338605, -0.7442816860649052, -0.4565139227345744, 0.3231214068190587, 0.2108744364169984, 0.1659209482177247, 0.7161480776065631, -0.03219885233585575], [-0.5744408814184158, -0.34824827939407255, -0.2088487269746886, 0.005072688460022609, 0.5475065537167254, 0.4369535165793878, 0.6956778584578156, -0.08430997260685809, 0.023426539477328548, -0.640764757269166, -0.4129212786315493, 0.30100981564664436, -0.08859754523022016, 0.059176769740502844], [0.14223894848778537, -0.6451612666865564, -0.329326190970733, -0.5947676176198752, -0.3459155541039519, -0.5225939410090663, 0.04933031917430954, -0.039612109106500905, 0.5379352371023894, -0.041273129402232545, 0.551727259728396, 0.6211359676500283, 0.2875535131945977, -0.04129597788954526]], "inverted": true, "swapped": false, "error_lsq": 0.044623166974305996, "error_max": 0.2880024405407446, "target": "1084.xyz", "model": "5.xyz", "model_rescale": 4.2253639853439635, "target_rescale": 4.119733772312653},
{"mapping": [4, 0, 9, 7, 6, 12, 11, 3, 2, 1, 10, 5, 8, 13], "R": [[-0.01591767769316721, -0.9858904054409141, 0.16663353803003483], [-0.12776642450902997, -0.16328289307802568, -0.9782711472778134], [0.9916765441942426, -0.036861976176280176, -0.1233646075961195]], "T": [0.08490429070912459, -0.05055758975709218, -0.0026281949897768754], "aligned_model": [[-0.3301177745843372, 0.03800299382703573, 0.5868879971343244, -0.31013701706600705, -0.34237093465367946, 0.24468171811176123, 0.29089820436938124, -0.5907913381287178, -0.3931946914580132, 0.32650577735147385, 0.18213094745342634, 0.0857803316670251, 0.7553472433330717, 0.02534197331091769], [-0.6115955693971533, -0.4519195430502339, -0.19539741214239104, 0.19428362850687436, 0.4290470486520535, 0.5675860965799391, 0.6997730125435637, -0.07439526249004652, -0.03903532039288524, -0.7375726562135982, -0.3004669741578451, 0.2990984838781599, -0.01630537247269849, -0.052407859290281994], [0.11528865252351944, -0.6952835928075459, -0.31827073302987874, -0.6455794832047104, -0.03629183606894494, -0.6835931876313173, 0.00852006044569643, -0.2168165588811227, 0.46796739848372587, 0.0887216931997347, 0.7299049108804643, 0.5250849175750942, 0.3059133880856297, -0.015590171021300182]], "inverted": true, "swapped": false, "error_lsq": 0.039002923041046376, "error_max": 0.22625314962777535, "target": "1084.xyz", "model": "6.xyz", "model_rescale": 3.89814844738969, "target_rescale": 4.119733772312653},
{"mapping": [3, 7, 4, 1, 6, 8, 0, 5, 2, 10, 11, 12, 13], "R": [[0.02519547607265485, 0.9844549205497799, -0.1738208773156975], [-0.2596161863322779, 0.1743538984624142, 0.9498421731452242], [0.965383148692661, 0.02119498752735316, 0.25997336156606327]], "T": [-0.09972655423084492, 0.10647033022463122, -0.03954101488916989], "aligned_model": [[0.09570281990140556, -0.2144988422309254, 0.45383561507363873, -0.36046980983432764, 0.5526525502548099, -0.36938047347664965, -0.6689226227075178, 0.4050622735815959, -0.34780218656944395, -0.5201553749971795, 0.2580309587769392, -0.05589079734465483, -0.07953230952346803], [-0.297913726470066, 0.20260414765641083, 0.23013533165750566, -0.585371051617015, 0.14856991572947476, 0.6653236791266619, 0.008144971460809433, -0.4546115751712709, -0.48920061675248055, 0.6082437430196741, 0.6602235867862125, 0.203622815423033, 0.06401004462153602], [-0.49724539286207126, -0.7851096912461064, -0.40046667097953836, -0.16645265093167963, 0.2938562551119838, -0.4117049163875232, -0.34783782978114003, 0.15895642255713624, 0.47643528345366165, 0.32636681858174094, 0.18365557239810743, 0.7598586533406273, 0.0119631775810966]], "inverted": false, "swapped": true, "error_lsq": 0.04593442235166899, "error_max": 0.3073571144793994, "target": "1084.xyz", "model": "7.xyz", "model_rescale": 3.7474275329858107, "target_rescale": 4.119733772312653},
{"mapping": [7, 10, 12, 0, 3, 1, 2, 6, 5, 11, 9, 8, 4, 14], "R": [[-0.8448148641974051, -0.5259061891541356, -0.09854199835853905], [-0.38536831847264286, 0.4702929993349607, 0.793924274659803], [-0.3711860777948001, 0.7086939924861091, -0.5999781001548401]], "T": [0.15295988552605058, -0.043121266640232164, -0.07554637087673316], "aligned_model": [[-0.27518821892459056, -0.14215569550847781, 0.5689989105296943, -0.23217385646189923, -0.3781427415095395, 0.32532416608263226, 0.3574624708571787, -0.6492954983701543, -0.39936378253755467, 0.3050625192947498, 0.08270367899241308, 0.1352577494007554, 0.6701182597653381, 0.20035746905711654], [-0.5444882862041517, -0.5809167054219627, -0.3246986008637507, 0.1693032410102848, 0.4262654678793829, 0.4702192681748699, 0.7681983319579544, -0.10862259542843174, -0.060919259260395736, -0.6351830754882043, -0.4574090355382361, 0.2748962589073768, 0.3208045696829075, -0.00675727885418638], [0.09532768880738718, -0.5215802480032141, -0.4336920860890611, -0.5662204653210559, 0.03280781684815093, -0.5966738698189875, 0.016804575914342423, -0.213510037594741, 0.3801325305191341, 0.037624115090939714, 0.5598827361630809, 0.5275803186982697, 0.3852475607849217, -0.07375517745012264]], "inverted": true, "swapped": false, "error_lsq": 0.04700456112329111, "error_max": 0.3044294561975211, "target": "1084.xyz", "model": "8.xyz", "model_rescale": 4.019505241142653, "target_rescale": 4.119733772312653},
{"mapping": [9, 10, 0, 1, 2, 3, 7, 12, 6, 11, 8, 4, 13], "R": [[-0.2377174626856842, 0.3705463072617988, -0.897878523024649], [-0.9487350630966481, 0.10966255103939473, 0.29643870352997304], [0.20830791628087356, 0.9223174936398945, 0.3254815708155284]], "T": [0.06208673173066767, -0.05476485233257716, 0.05424075672863633], "aligned_model": [[-0.32974026369176135, -0.6854369416414268, -0.019244625313477398, 0.48822856860116315, 0.13232875538767594, 0.6647830802340224, 0.2724289103133837, -0.34970123134019615, 0.21567330324269685, -0.2575970647393908, -0.31341141297922703, 0.4214947676123827, 0.07989492605533074], [-0.4232420051302776, -0.10005423888750758, 0.1308283752847846, -0.3355193009866447, -0.8202796065770199, 0.11326574764554215, 0.6177568628334709, -0.6688966183744434, -0.2894043271948374, 0.07306876818517755, 0.5534713015009713, 0.33280029931086413, -0.12041702949602154], [-0.4564794776201104, 0.01445730629884813, -0.5683661263378755, -0.49559392821206366, -0.24849701103583394, -0.08624138508967376, -0.2316923659602333, 0.3762234518166924, 0.7323853523724783, 0.6591462531349523, -0.05794745928050031, 0.46970502001007164, 0.06960386394712695]], "inverted": false, "swapped": true, "error_lsq": 0.05035280455010274, "error_max": 0.31674706330902064, "target": "1084.xyz", "model": "9.xyz", "model_rescale": 3.877068213659057, "target_rescale": 4.119733772312653},
{"mapping": [8, 9, 10, 2, 4, 13, 3, 7, 1, 11, 0, 5, 12, 15], "R": [[0.8430636010731976, 0.4435480273922099, 0.3041527773043872], [0.2973692865299491, -0.8556666507063855, 0.4235635611069322], [0.44812417026328966, -0.26664532672708946, -0.8532789683101547]], "T": [0.12950022869555328, 0.03715360497700733, -0.13167743366353094], "aligned_model": [[-0.2945972279667251, 0.020179577611548344, 0.6643333872748165, -0.29921618650073506, -0.3533236587414149, 0.2470744731573582, 0.23755760844224688, -0.6828881147421189, -0.4304209737840398, 0.43699975346465675, 0.1614457700557649, 0.06655486184753334, 0.657415789312952, 0.13785037123581917], [-0.6030351699610741, -0.43876611824170875, -0.33272222469911783, 0.05607564147772222, 0.5097440389047772, 0.5172523164076871, 0.6227931154076602, -0.01320220743458446, 0.03100592860102798, -0.5950634917426012, -0.36400746791505845, 0.32148936564177844, 0.006087596482383911, -0.006959022375435844], [-0.056693331988819345, -0.5757435505849227, -0.4151490240661758, -0.6378390183629373, -0.09130349126020366, -0.7260847185158515, 0.08766546964781238, -0.07022793391152429, 0.5311627154617444, 0.09282392745908855, 0.5552107025108245, 0.5937097031414196, 0.39608698318148505, -0.05364297416289526]], "inverted": false, "swapped": false, "error_lsq": 0.03481615498864409, "error_max": 0.22771982199074728, "target": "1084.xyz", "model": "10.xyz", "model_rescale": 4.260839863003843, "target_rescale": 4.119733772312653},
{"mapping": [12, 11, 4, 6, 3, 5, 2, 10, 8, 7, 0, 13], "R": [[-0.3242927493429946, 0.6015802420147704, -0.7300242633919866], [-0.2760560076213792, 0.6779538365503855, 0.6813014576255938], [0.9047802459048867, 0.4224687064435233, -0.05378567370805501]], "T": [0.01704753058337631, 0.06372223258243608, -0.0011674651028272809], "aligned_model": [[0.42666746976856634, 0.15136213305457852, -0.49103128717537387, -0.26213123259804794, -0.5501579352061421, -0.5275180638181579, 0.14588511136922144, 0.7483430997613033, 0.30820523590576276, -0.21827748908153577, 0.22103276133777044, 0.006518845776184952], [0.01860820723252153, -0.5769451074699814, -0.3669088938320124, -0.30011937229087227, 0.26193006350814035, 0.2746245966320205, 0.73546892282511, -0.10092869159674774, -0.28579301113710476, -0.010456660204289855, 0.4314195459453756, 0.09217890592077427], [-0.6944035278307912, -0.23771507298741773, 0.09050687698172684, -0.574057607682635, 0.2228950675445725, -0.518849224634786, -0.46458325983757703, -0.02402260417489991, 0.5615070023836461, 0.7181423896163047, 0.500716662956252, -0.06395862493889036]], "inverted": true, "swapped": true, "error_lsq": 0.04398297256170942, "error_max": 0.27176899960958395, "target": "1084.xyz", "model": "11.xyz", "model_rescale": 3.890672605050136, "target_rescale": 4.119733772312653},
{"mapping": [8, 5, 9, 7, 4, 12, 10, 3, 0, 6, 1, 2, 11, 13], "R": [[-0.7534687996486811, 0.6574371154380367, -0.007823503082983962], [0.5605982239444287, 0.6486109618094048, 0.5148139970232269], [0.3435322390494494, 0.3835104424460858, -0.8572662021032205]], "T": [0.1096981273168284, -0.11578717167208691, 0.028698598025313944], "aligned_model": [[-0.3378736211066692, 0.17050565528507364, 0.7484203796670709, -0.37113389219140447, -0.26913272411361355, 0.17723232195941957, 0.4470412913370002, -0.8112721065613694, -0.34896391921751757, 0.33002666521369795, 0.014597514630784195, 0.2314099350629099, 0.5678347716354879, 0.020273159066792334], [-0.6452409791413227, -0.2968862278405471, -0.2755460147417487, 0.0674734885648337, 0.45315590425937374, 0.3510717682236691, 0.7052543516432768, -0.057459487186304344, -0.21024587568945347, -0.6142199425694956, -0.29123710159298394, 0.4571671396587396, 0.07741724265871802, -0.010011965693298167], [-0.16764100981680147, -0.7252760422858464, -0.3864295899300184, -0.6511398163803178, 0.18312659477226442, -0.5480283820427772, -0.0791481039335713, -0.009705380087634496, 0.3884224088184011, 0.2159910223924418, 0.7806769793287459, 0.4317788960420829, 0.2643785363119251, -0.06703065463985056]], "inverted": false, "swapped": false, "error_lsq": 0.045928006623980965, "error_max": 0.2933662663517264, "target": "1084.xyz", "model": "12.xyz", "model_rescale": 4.124412569039231, "target_rescale": 4.119733772312653},
{"mapping": [12, 10, 8, 2, 11, 6, 9, 5, 0, 1, 4, 7, 13], "R": [[-0.723452537098429, 0.6443704178769472, 0.24779667296179614], [-0.5785734926089994, -0.7617201344701325, 0.29160787093805884], [0.3766552007022746, 0.06759586753561346, 0.9238840070463594]], "T": [0.17202979695340626, 0.11647677317866775, -0.03960159264119854], "aligned_model": [[-0.24671362854167617, -0.027164592118920083, 0.547654616857574, -0.6092102737057193, 0.5351432253855539, 0.36160724568347025, -0.4755017220812263, 0.037687104203531524, -0.015560834744572177, -0.26916898116753096, 0.7793710603422279, 0.620241568802716, 0.12891351859432937], [-0.2894600567826098, 0.42435480970068284, 0.6864635437927509, -0.11406920846023685, -0.12348167518125053, -0.5692380014514411, 0.4443210487549366, -0.5591962400548017, 0.705311562711593, 0.18866970584171852, -0.11829330930709167, 0.6102814704010276, 0.061821726543199985], [0.5174165778106765, 0.6145835521792741, 0.20030953115051764, -0.17783848797328522, 0.5035543748264439, 0.14034353649650716, 0.11323828133637301, -0.40626754144531213, -0.255893784254161, -0.6419884492311715, -0.20696656879702843, -0.40504675773201, -0.043746183398985186]], "inverted": false, "swapped": true, "error_lsq": 0.036848366941393255, "error_max": 0.19418972401004372, "target": "1084.xyz", "model": "13.xyz", "model_rescale": 3.9028299243045295, "target_rescale": 4.119733772312653},
{"mapping": [9, 7, 3, 10, 13, 4, 8, 14, 11, 6, 1, 12, 2, 15], "R": [[0.22741470096840488, 0.6040422463129309, 0.7638164167211124], [-0.9477667130077767, 0.31744017975532957, 0.031144662325014616], [-0.22365332883256206, -0.731002528686552, 0.6446816978602552]], "T": [0.1626309752536507, 0.059334656346135946, -0.027314746828638277], "aligned_model": [[-0.26812193791690975, -0.07167227929898703, 0.6225599828500912, -0.3255106831201705, -0.4342886862785308, 0.32080766775775443, 0.5064516170544558, -0.717209128334576, -0.32882420474631013, 0.3191429466297323, 0.19402524702322613, -0.12276828238976698, 0.7642433949658927, 0.11012977647176085], [-0.5802658968045508, -0.5061080918350428, -0.23399382129789437, 0.10217220631911303, 0.5849437388634244, 0.23735375870392827, 0.7121156439190115, -0.03334312853143625, -0.2023741141213225, -0.5819664427178028, -0.2845118861875405, 0.4434675493177363, 0.08695835708221707, -0.03375557215638387], [-0.10610888790571071, -0.6951503847460293, -0.32916430772369787, -0.5887729088686454, -0.03587989988473501, -0.661863883639096, 0.2010960849913255, -0.008797914189164875, 0.4583157854173725, 0.06566463478144757, 0.5231239060932845, 0.47788766135519206, 0.396299697166617, -0.06667412429911554]], "inverted": true, "swapped": false, "error_lsq": 0.038871670821255346, "error_max": 0.2653866531495327, "target": "1084.xyz", "model": "14.xyz", "model_rescale": 3.942246331269136, "target_rescale": 4.119733772312653},
{"mapping": [3, 5, 10, 5, 0, 9, 7, 1, 12, 4, 13, 8, 11, 14], "R": [[0.5217395383391713, 0.646433751818531, 0.5566967384882423], [-0.6542707967791985, 0.7219655326128819, -0.22515659928350024], [-0.5474646825280526, -0.2467573184908921, 0.7996206895495158]], "T": [0.12638805971874686, -0.018699560254860248, -0.023101576858882533], "aligned_model": [[-0.27541653228010243, -0.2444785576954903, 0.7063681629118033, -0.2444785576954903, -0.3398844729731828, 0.4956018851181969, 0.21174535243868398, -0.6662682122520021, -0.4630454698623536, 0.3388789708998991, 0.12761685683263532, 0.20316221521438768, 0.678160095495958, 0.041003694514719885], [-0.5972105710932951, -0.06859147476932731, -0.3096848752501373, -0.06859147476932731, 0.5442606507353236, 0.29157251179546884, 0.8076911687889416, -0.1685109723303132, -0.29355453286489985, -0.5599171548690016, -0.410016268362228, 0.5539290412386499, -0.03902956402411592, 0.028345816327718112], [-0.1660211720443472, -0.5356913808375778, -0.31966715544215824, -0.5356913808375778, 0.05679341026295698, -0.6677524114754687, -0.2250223624630779, -0.0998740400081885, 0.47197328253093596, 0.05169885675009747, 0.689498991846323, 0.49172182984220075, 0.4343318457695522, -0.016322855344625575]], "inverted": false, "swapped": false, "error_lsq": 0.05185846223004614, "error_max": 0.442620449948108, "target": "1084.xyz", "model": "15.xyz", "model_rescale": 4.355366556412066, "target_rescale": 4.119733772312653},
{"mapping": [10, 0, 8, 6, 11, 12, 4, 5, 7, 2, 3, 13], "R": [[-0.548363651142713, -0.658059149979136, -0.5159994779398231], [-0.030947037730089888, 0.6325939271001301, -0.7738651072711366], [0.8356671508209268, -0.4083908404026374, -0.36725649689836976]], "T": [0.02432087597360777, -0.02506588509874506, -0.02706909789105915], "aligned_model": [[-0.21517108966772974, 0.6042127603556338, 0.17221862373751176, -0.594149021818927, -0.5876150189942116, -0.5872562007694562, -0.1049671471855605, -0.13937799087382002, 0.5506084559536994, 0.09213928684559514, 0.40965057306011066, -0.002484676011065008], [-0.7322123623030967, -0.3279187956776638, -0.49271137393454323, 0.3699269223976003, -0.14451436002493948, -0.22581140553046158, 0.3959903713088417, 0.6596311340303561, -0.008903445378327667, 0.042325165936350204, 0.47178751858035917, 0.005187058336505419], [0.04373310465275108, -0.000526987959673219, -0.5590185544186562, -0.02654159049463013, -0.3364496824960062, 0.45880611629148016, -0.5349939674302112, 0.30970763958986536, -0.5757467799707997, 0.7935745801273358, -0.15304577427941624, 0.029760357597381264]], "inverted": false, "swapped": true, "error_lsq": 0.04423664547823569, "error_max": 0.26091048258828353, "target": "1084.xyz", "model": "16.xyz", "model_rescale": 3.795458400668931, "target_rescale": 4.119733772312653},
{"mapping": [3, 7, 4, 1, 6, 8, 0, 5, 2, 10, 11, 12, 13], "R": [[0.02519547607265485, 0.9844549205497799, -0.1738208773156975], [-0.2596161863322779, 0.1743538984624142, 0.9498421731452242], [0.965383148692661, 0.02119498752735316, 0.25997336156606327]], "T": [-0.09972655423084492, 0.10647033022463122, -0.03954101488916989], "aligned_model": [[0.09570281990140556, -0.2144988422309254, 0.45383561507363873, -0.36046980983432764, 0.5526525502548099, -0.36938047347664965, -0.6689226227075178, 0.4050622735815959, -0.34780218656944395, -0.5201553749971795, 0.2580309587769392, -0.05589079734465483, -0.07953230952346803], [-0.297913726470066, 0.20260414765641083, 0.23013533165750566, -0.585371051617015, 0.14856991572947476, 0.6653236791266619, 0.008144971460809433, -0.4546115751712709, -0.48920061675248055, 0.6082437430196741, 0.6602235867862125, 0.203622815423033, 0.06401004462153602], [-0.49724539286207126, -0.7851096912461064, -0.40046667097953836, -0.16645265093167963, 0.2938562551119838, -0.4117049163875232, -0.34783782978114003, 0.15895642255713624, 0.47643528345366165, 0.32636681858174094, 0.18365557239810743, 0.7598586533406273, 0.0119631775810966]], "inverted": false, "swapped": true, "error_lsq": 0.04593442235166899, "error_max": 0.3073571144793994, "target": "1084.xyz", "model": "17.xyz", "model_rescale": 3.7474275329858107, "target_rescale": 4.119733772312653},
{"mapping": [9, 5, 10, 4, 0, 8, 3, 6, 2, 12, 7, 1, 11, 13], "R": [[0.9359062415324381, -0.3142371517752347, 0.15916821135143217], [-0.029172359161699163, 0.3811651472209653, 0.9240465919015994], [-0.3510391438594375, -0.8694642850561536, 0.34756780128519543]], "T": [0.08642174432274918, -0.017505315569051057, 0.010952719475761194], "aligned_model": [[-0.3039163122352992, 0.20084012285742525, 0.6660129077284219, -0.4261015382425468, -0.4600484688296397, 0.15100470418701176, 0.512893648589757, -0.6642887348919972, -0.4701772259907526, 0.3408379199677565, 0.17923440667964644, 0.1378691437039969, 0.7130344409509567, -0.008229583807074808], [-0.5568498027881419, -0.4025969709743183, -0.0716487681110407, -0.013157419747733441, 0.6110217039565807, 0.4052013251343621, 0.5096897755394675, -0.17457518802197533, 0.0862358035166591, -0.7204190141508413, -0.4184267827352135, 0.449462374860005, -0.015856041739943073, 0.022611305815589462], [-0.05588956927123685, -0.5905726650767281, -0.3599676767177465, -0.6421374754062525, -0.06298294610099599, -0.5669768509903179, -0.016908222561206845, -0.07127649081547294, 0.4390509444971652, -0.00958176931108011, 0.6418782847430545, 0.5187053738281894, 0.3702443421532417, 0.03639017957843122]], "inverted": true, "swapped": false, "error_lsq": 0.04385953096290668, "error_max": 0.2686186373923421, "target": "1084.xyz", "model": "18.xyz", "model_rescale": 3.922800546911778, "target_rescale": 4.119733772312653},
{"mapping": [6, 1, 5, 2, 9, 0, 3, 10, 4, 8, 13, 7, 12, 14], "R": [[0.8219259396584346, -0.49590396760227373, -0.280208858947969], [-0.5146045560281233, -0.857391136701938, 0.00791136019007646], [-0.2441718669947417, 0.13769420329586163, -0.9599064567691065]], "T": [0.050670952492064714, -0.0896172699925572, 0.0035301587684026595], "aligned_model": [[-0.3294870854550351, -0.021808806807758013, 0.7377955244331285, -0.35552443247417775, -0.3910359300001434, 0.4212613816326172, 0.3403048144540555, -0.7551092673443665, -0.4298957430572589, 0.29391106563304903, 0.1297892420908784, 0.14048990067524153, 0.734139985082626, 0.05413478180480581], [-0.6409154934380108, -0.3787929949156788, -0.21026195513994933, 0.2852875012298616, 0.5925544312157249, 0.2904530638937996, 0.46917768008441657, -0.05429421239907219, -0.4659148422763347, -0.642238940716293, -0.2061345500638717, 0.5437772275743888, 0.13295568461343285, -0.004960299108957331], [-0.16175113758181964, -0.6740442714921207, -0.30604762267951013, -0.45208007436357855, -0.044219039597609845, -0.6419556356576347, -0.11052979633662183, -0.00490584656031811, 0.39253263602825783, 0.10269764551323837, 0.6758230759673916, 0.4820225683820133, 0.3228190654566804, 0.049613891470676776]], "inverted": true, "swapped": false, "error_lsq": 0.04037338560823983, "error_max": 0.3138822081516981, "target": "1084.xyz", "model": "19.xyz", "model_rescale": 3.9282355846067225, "target_rescale": 4.119733772312653},
{"mapping": [3, 0, 11, 1, 2, 10, 12, 5, 6, 4, 8, 7, 9, 13], "R": [[-0.23237840867086823, 0.2669231580639895, 0.9352819376384542], [0.9154298469648683, -0.2648699772963792, 0.3030381005961022], [0.3286159924128355, 0.9266045126245404, -0.18279936190907575]], "T": [0.03350738166894711, -0.026965466021310704, 0.08768906270645646], "aligned_model": [[-0.42263828094901357, 0.11959011248785523, 0.6017358400382984, -0.37293942093422966, -0.38286422965908007, 0.34717214993195283, 0.5232238286878739, -0.6636197549618497, -0.3871694065711084, 0.20118554486853274, 0.44010462629058217, -0.12216574934636508, 0.6839755714553286, 0.0033745993288847483], [-0.5657948350477611, -0.4256532271124733, -0.25497690459929706, -0.047587201758349844, 0.555245265432387, 0.47436241663216255, 0.6527770448301319, 0.011197276293306267, -0.22578910834340932, -0.6338474513246515, -0.41551270428178255, 0.49218841881248093, 0.10920798112015559, -0.015124670099443157], [-0.17298144711568622, -0.6006675460420278, -0.28445388604138977, -0.5414981407357768, -0.3202098902465147, -0.5388243978162728, 0.2323343727863221, 0.07195652570295515, 0.5463220893703349, 0.033410757278773656, 0.5998719435551236, 0.394841950567688, 0.2794512894546427, -0.06957816216912743]], "inverted": false, "swapped": false, "error_lsq": 0.048445025508237156, "error_max": 0.29388356364186424, "target": "1084.xyz", "model": "20.xyz", "model_rescale": 4.067790424073018, "target_rescale": 4.119733772312653},
{"mapping": [6, 13, 10, 5, 8, 1, 7, 4, 2, 11, 3, 0, 12, 14], "R": [[-0.9094406233246604, -0.1250152029602596, -0.39659671162991056], [-0.2180130984381514, -0.6688082813268226, 0.7107501471952424], [-0.35410173899071756, 0.7328483348261541, 0.5809864685053197]], "T": [0.03186849423232537, -0.022565869990608004, -0.02720533676550739], "aligned_model": [[-0.4029023273215732, 0.2008300981234504, 0.6997904090067166, -0.3069908639486154, -0.25379537995884843, 0.29190486501815555, 0.22109752635511343, -0.7668923291349538, -0.441732856176772, 0.37130130320314864, 0.1544020439538673, -0.010321492243169562, 0.7086693859128239, 0.10360504787831859], [-0.6134818564469888, -0.3629298111828266, -0.16274544532422985, 0.029003168914248156, 0.4494145250849593, 0.4499024220201169, 0.6991242847804217, 0.04040200464822982, -0.06727848727205377, -0.5710249082472892, -0.4485045124888665, 0.40994950035227196, -0.10756159901746988, -0.03357698526706639], [0.06948764318134372, -0.6151916197890455, -0.48054497101014815, -0.5078102581484623, -0.17142237588174392, -0.6456387609849794, -0.03163829483279716, -0.04931163797969566, 0.5450048294194829, 0.01763109404561848, 0.6989536118608928, 0.534585094782875, 0.321693138389317, -0.05582203450361355]], "inverted": true, "swapped": false, "error_lsq": 0.03926031449987075, "error_max": 0.20425172521635934, "target": "1084.xyz", "model": "21.xyz", "model_rescale": 4.186013935880536, "target_rescale": 4.119733772312653},
{"mapping": [9, 2, 1, 8, 11, 0, 10, 12, 3, 5, 6, 4, 13], "R": [[0.922603320243303, 0.3528899010410072, 0.15579419507575265], [0.02395165413805575, -0.4554997360876806, 0.8899136523776364], [0.3850057554635833, -0.8173057617362806, -0.42869786574298924]], "T": [0.08968506919834042, -0.04804399672829755, 0.0675301435330477], "aligned_model": [[-0.0007992913517502753, -0.3272827693039239, 0.2776280452538411, 0.5484346741077266, -0.22611139688588117, 0.5716741873618977, -0.09426616863935526, -0.6728140375873922, 0.44002697406339975, -0.28690497424996075, -0.4461312943810448, 0.2419918755690847, 0.03312821146658411], [-0.4231481506504183, 0.12866394366218636, 0.35147985040497715, -0.5439248231301798, -0.30779191220674573, -0.24081538224472476, -0.7721028329069225, -0.29114460033682027, 0.48894529413106563, 0.6337161440557194, 0.2314115204066884, 0.2798993344799756, -0.01623172611870799], [-0.5659115810597661, -0.6234901617706954, -0.538931924248176, 0.3267352309148012, 0.6307826945757189, -0.3314994913512086, 0.001756002991602168, -0.03195461511898268, 0.05678517280140297, 0.018449113251801846, 0.4838593992631589, 0.6343169159068454, 0.04198280517884313]], "inverted": true, "swapped": true, "error_lsq": 0.03942383433641171, "error_max": 0.2229910133956979, "target": "1084.xyz", "model": "22.xyz", "model_rescale": 4.166573947596378, "target_rescale": 4.119733772312653},
{"mapping": [8, 9, 14, 3, 2, 12, 6, 4, 0, 10, 7, 1, 13, 15], "R": [[0.2292372863371885, 0.7781329521448299, 0.5847729263048471], [0.41652776819712284, 0.46456607484345236, -0.7814620786866577], [-0.8797470573258463, 0.42271440818940637, -0.21761811559609234]], "T": [0.04576642712034874, 0.0001455990177079529, -0.13252933113077206], "aligned_model": [[-0.46219693852078136, 0.044451929506123714, 0.7657488940587079, -0.431949040229997, -0.32421332434620886, 0.4691716817572362, 0.2434826108764817, -0.6659931921401402, -0.3581454804650501, 0.5026023983816876, 0.15126447208493204, -0.17349978441025216, 0.7670950287705918, 0.04114617534433065], [-0.6261429152461078, -0.3892078432644162, -0.2159648794395751, 0.044138388458748026, 0.5613402592976712, 0.35010563486307356, 0.7110369113932579, -0.0007873374085628389, -0.09789891410570765, -0.549598696904462, -0.38614731464405255, 0.43525282515595126, -0.16239926024189422, 0.03696544263953326], [-0.07076318920055188, -0.5895318862233853, -0.379307108944263, -0.49485407324411634, -0.1639104714397662, -0.4897929857140503, 0.05361438924878695, 0.04981892738677551, 0.5703207291204392, 0.09112964491719602, 0.4599549260555048, 0.38776202100804924, 0.279875028770194, -0.07434049319176855]], "inverted": false, "swapped": false, "error_lsq": 0.04661202531869462, "error_max": 0.2879775777892567, "target": "1084.xyz", "model": "23.xyz", "model_rescale": 4.274766983524099, "target_rescale": 4.119733772312653},
{"mapping": [5, 9, 1, 3, 0, 7, 4, 8, 11, 10, 13], "R": [[-0.7048842939753808, -0.46356159847395567, -0.5368880484114917], [-0.43551296465681183, 0.8802759243065045, -0.18826246227584464], [0.5598808710097745, 0.10111845284912316, -0.8223797594607591]], "T": [0.06040312683802958, 0.07889671267722029, -0.008985237589781113], "aligned_model": [[0.1885534466170642, 0.03408432313097226, -0.4263295465801456, -0.40992188257190415, -0.4522891764077807, -0.5628359996387806, 0.022097414492411267, -0.1232414512569031, 0.6076735767222404, 0.40858307392473997, 0.09352092552616142], [-0.2308400493126128, 0.8177814863079309, 0.3140167615268885, -0.2655342846359502, 0.45420737107850373, -0.16362428219320352, -0.5863823659028028, 0.10167312629017713, -0.18689352191418515, 0.5732860090052017, 0.08789628099353591], [-0.7137309589193178, -0.06810863496366198, -0.5291275004279145, -0.2761445099565556, 0.14908904400204062, 0.353014207695563, 0.08005327707747817, 0.6905089905789578, 0.3290982280250545, 0.43460854261610726, -0.06969425170617433]], "inverted": true, "swapped": true, "error_lsq": 0.05197955871212983, "error_max": 0.3351958012992654, "target": "1084.xyz", "model": "24.xyz", "model_rescale": 3.7841303162186577, "target_rescale": 4.119733772312653},
{"mapping": [1, 6, 3, 7, 10, 11, 14, 0, 8, 4, 2, 9, 12, 15], "R": [[-0.0798528305807071, -0.15272464415398831, 0.9850374147799091], [-0.1286984927711475, 0.9815016588946914, 0.14174340035925495], [-0.9884635670608625, -0.115454218870541, -0.09803111719402881]], "T": [0.03179622382825598, 0.015451657011071054, -0.023239626507071266], "aligned_model": [[-0.41994736552594975, 0.1404636848291647, 0.694078822456896, -0.3757424227716269, -0.3256411918323898, 0.23303065474606918, 0.3360680008724981, -0.6833034499698556, -0.3251513864703351, 0.24146637642344093, 0.22237339285833174, 0.09896495422014073, 0.6766739153094528, 0.055631445521824946], [-0.5668505617264897, -0.41571496801961016, -0.2982291007942615, 0.13692003847669582, 0.7014277960791702, 0.2957936309309439, 0.7060411165214054, -0.1162912565944242, -0.2257142568720134, -0.7000833093850144, -0.29879532886982396, 0.32523579418090265, 0.1893953694436908, -0.0224426628177143], [0.07620005035230068, -0.5927246365137412, -0.35788575209277, -0.5151372214716294, -0.10648826488789762, -0.709053486555539, 0.22130862316592273, -0.13551700891404886, 0.38158773067364704, 0.004191775819825133, 0.6353362631491448, 0.4683525403768295, 0.33599324276184206, -0.07618839731484095]], "inverted": false, "swapped": false, "error_lsq": 0.03830906705530015, "error_max": 0.21668276572236675, "target": "1084.xyz", "model": "25.xyz", "model_rescale": 4.19342608120988, "target_rescale": 4.119733772312653},
{"mapping": [10, 0, 8, 6, 11, 12, 4, 5, 7, 2, 3, 13], "R": [[-0.548363651142713, -0.658059149979136, -0.5159994779398231], [-0.030947037730089888, 0.6325939271001301, -0.7738651072711366], [0.8356671508209268, -0.4083908404026374, -0.36725649689836976]], "T": [0.02432087597360777, -0.02506588509874506, -0.02706909789105915], "aligned_model": [[-0.21517108966772974, 0.6042127603556338, 0.17221862373751176, -0.594149021818927, -0.5876150189942116, -0.5872562007694562, -0.1049671471855605, -0.13937799087382002, 0.5506084559536994, 0.09213928684559514, 0.40965057306011066, -0.002484676011065008], [-0.7322123623030967, -0.3279187956776638, -0.49271137393454323, 0.3699269223976003, -0.14451436002493948, -0.22581140553046158, 0.3959903713088417, 0.6596311340303561, -0.008903445378327667, 0.042325165936350204, 0.47178751858035917, 0.005187058336505419], [0.04373310465275108, -0.000526987959673219, -0.5590185544186562, -0.02654159049463013, -0.3364496824960062, 0.45880611629148016, -0.5349939674302112, 0.30970763958986536, -0.5757467799707997, 0.7935745801273358, -0.15304577427941624, 0.029760357597381264]], "inverted": false, "swapped": true, "error_lsq": 0.04423664547823569, "error_max": 0.26091048258828353, "target": "1084.xyz", "model": "26.xyz", "model_rescale": 3.795458400668931, "target_rescale": 4.119733772312653},
{"mapping": [6, 2, 5, 4, 7, 10, 12, 11, 9, 3, 8, 0, 13], "R": [[-0.22392917154427808, 0.017966074622133232, 0.9744398115297657], [0.8178639648084935, 0.5472340023616074, 0.17785803812880568], [-0.5300511873387557, 0.8367868108556493, -0.1372354618121974]], "T": [-0.08823269231533379, -0.027353791830979454, -0.0726522463715783], "aligned_model": [[-0.03965000520743553, 0.4411985139867398, 0.537431039851354, -0.10962941728473055, -0.17317563563098892, -0.6632793788746237, -0.20721192254718876, -0.5867840158306754, -0.07551863718859647, 0.3587524513508278, -0.6681846832711729, -0.06918459121303841, -0.04508733531921445], [-0.6567899745186153, -0.3025127310669777, -0.43311120705134587, -0.02045458127078962, 0.6600799593076316, -0.14135944248445434, -0.732973686519508, -0.4343392703009038, 0.0433206710268743, 0.27826698748034134, 0.40143303759783816, 0.5397818994474655, -0.07946015839064158], [-0.44678380765771164, 0.4988257434376767, -0.30272117553117284, -0.7445793392491997, -0.3865098164376613, 0.39505440700272476, 0.29929467930613973, -0.3377168082776665, 0.6655770116173576, -0.4161819012676668, -0.13039143944573117, 0.25398707174610713, -0.05571796314377001]], "inverted": true, "swapped": true, "error_lsq": 0.04237878303121058, "error_max": 0.2535381639497861, "target": "1084.xyz", "model": "27.xyz", "model_rescale": 3.6321398670334006, "target_rescale": 4.119733772312653},
