[{"mapping": [6, 7, 13, 9, 12, 4, 0, 11, 10, 2, 1, 5, 8, 15], "R": [[-0.12480213109288445, -0.6795617944721466, 0.7229247509723753], [0.8049693490121272, 0.3566111113382637, 0.4741865270345427], [-0.580042046084305, 0.6411117552844315, 0.5025205886433396]], "T": [0.011992199793430448, 0.12577587035636922, 0.23294610159651066], "aligned_model": [[0.26765941967010454, 0.18035587314021842, -0.4569157256172197, -0.439091460379484, -0.710778912021294, -0.12150788078897948, -0.6541997557118517, -0.10175075282663623, -0.35970929305527477, 0.34036044994411396, 0.6656608973594591, 0.21328981186228188, 0.5583315704539349, -0.010212140901069106], [-0.6033959816866301, -0.3479876653147871, -0.32137603172245627, -0.2918163992213482, 0.24389830467439805, 0.13935353297628822, 0.1797793268456072, 0.6792060807751108, 0.6611904448016546, -0.15258572600588555, 0.40874432117553766, 0.7274990933948156, -0.19969906211587213, 0.11246309323360208], [0.15698758277839253, -0.38552541141405117, 0.4580387122501985, -0.18019243848070501, 0.4615814537461773, -0.6604352309823678, -0.2049720024711202, 0.6763355480046185, 0.06497860501176142, 0.6454732900938277, 0.48167956354957586, 0.14713613315854152, 0.06863882703970511, 0.16786345489527899]], "inverted": true, "swapped": true, "error_lsq": 0.04105756956031351, "error_max": 0.25985427183746423, "target": "1085.xyz", "model": "0.xyz", "model_rescale": 3.8414455957264533, "target_rescale": 4.207305348292404},
{"mapping": [12, 13, 4, 9, 0, 7, 3, 10, 1, 5, 8, 14, 2, 11, 15], "R": [[-0.08811561623650566, 0.7888288311579011, -0.6082636873176963], [0.511383229852486, -0.48820324712748275, -0.7072091499124012], [-0.8548232743678077, -0.37337201907513273, -0.3603755055089877]], "T": [0.020929873729048136, 0.10887197050463578, -0.07790006675574447], "aligned_model": [[-0.7245992570968529, -0.5229076822469647, 0.11758359603004359, -0.34309717252097294, -0.5075967691914426, 0.3017289401588446, 0.667258598474799, -0.25370285018312566, 0.6111948865591491, 0.2836608385074691, 0.5638969317889926, -0.39160655371841285, 0.21239274105939623, -0.15697732342201112, 0.014815229305632914], [0.1651962192828917, 0.16826275817546965, -0.7843992570747061, -0.440404844260424, -0.47053457398175186, -0.49332376337064004, -0.2945222923871749, -0.09129487528227646, 0.5356233349495704, 0.13389253325573303, 0.05141675677532982, 0.7049399529889928, 0.559635914209285, 0.5631943637320638, 0.039362301030651886], [0.09425976568275866, -0.4916627964286804, 0.0162349521394564, -0.41601619435576065, 0.0752273465067564, -0.5181470531561113, 0.12103426608236882, 0.5030938635289253, 0.11880461800009003, 0.5054534521656222, -0.44300716385310296, -0.34727038522942316, -0.4179638913171624, 0.4491263561823353, -0.08398534860853728]], "inverted": false, "swapped": true, "error_lsq": 0.03489323595885422, "error_max": 0.2016538949303525, "target": "1085.xyz", "model": "1.xyz", "model_rescale": 4.316132596720782, "target_rescale": 4.207305348292404},
{"mapping": [12, 13, 14, 5, 11, 10, 1, 4, 2, 9, 8, 15], "R": [[0.8587816879757141, 0.4036078329502378, 0.31558632666640707], [-0.3237768797095895, 0.9049108701307628, -0.27623332399388034], [-0.39706743075088047, 0.1350445641275464, 0.9077997692974459]], "T": [0.004670623684585505, 0.07374163798645096, -0.05062212081235752], "aligned_model": [[-0.2040022025890421, 0.3913532999438949, 0.2639996087872605, -0.564020229559603, -0.522006045636906, -0.5931976896069995, -0.15370991277682305, -0.10133853832212603, 0.362487894372721, 0.3134151910655729, 0.39570689764924954, 0.00912028130458144], [-0.6215532202406918, -0.46173172020158626, -0.5577576047261563, 0.32504688363698697, -0.2551359882244626, -0.07146769634296145, 0.4428446451838859, 0.5333796543249292, 0.04925358134136634, -0.04435759828406456, 0.5776764763591006, 0.0965790149146345], [0.19766365307246608, 0.13439393245948228, -0.41394139655714557, -0.203564277841227, -0.4115485000522883, 0.2223459641514598, -0.6892932577677017, 0.7198529153472876, -0.5269168858107839, 0.6121543029447367, -0.2073315053174828, 0.015443516580617836]], "inverted": false, "swapped": true, "error_lsq": 0.04815460456174086, "error_max": 0.23726078208112283, "target": "1085.xyz", "model": "2.xyz", "model_rescale": 3.795458400668931, "target_rescale": 4.207305348292404},
{"mapping": [11, 2, 1, 7, 10, 4, 8, 13, 6, 9, 5, 15], "R": [[-0.2447378617329778, 0.2883613672698117, -0.9257165337729769], [0.9655140226716766, -0.014963934864621498, -0.2599206661228098], [-0.08880344057933559, -0.9574047224239355, -0.27475470227390153]], "T": [0.046348611580671654, -0.007775346998258181, -0.06442516679761887], "aligned_model": [[-0.2151186434581306, -0.13639363949292518, -0.6845045287000386, 0.2439787377776359, 0.09437665267162038, 0.2741438256364923, -0.2133913318158745, 0.6449660202747922, 0.23221622959053098, 0.7026365149371153, -0.4305896835980746, 0.08098367192042143], [0.07463102847119248, -0.5751280913004668, -0.1933559996474911, 0.0678029958941814, 0.5679786137332145, 0.6664337553591388, -0.2667658360435676, -0.3155849886691237, -0.5037907179703287, 0.14519220669653224, 0.3825703546246218, 0.03578572414180598], [-0.7282479760512733, -0.05008290438289034, -0.08963933218009013, 0.7040378927862738, -0.40974317993090137, 0.4920712452212179, 0.4804386771691488, -0.19632123163396573, 0.5032446263454619, 0.24287003460948117, -0.23796194177127014, -0.021894479542092574]], "inverted": true, "swapped": true, "error_lsq": 0.043745565643759615, "error_max": 0.21750414105297272, "target": "1085.xyz", "model": "3.xyz", "model_rescale": 3.7530521520055578, "target_rescale": 4.207305348292404},
{"mapping": [9, 14, 12, 11, 0, 1, 4, 8, 3, 5, 15], "R": [[0.642008500876156, 0.759729349604152, 0.10313292467880292], [-0.0643338694062569, -0.08065983952490423, 0.9946633317535316], [0.7639936112625354, -0.6452172546033388, -0.0029079738927610538]], "T": [-0.12875047508600507, -0.0032262824455329964, -0.0858915509934633], "aligned_model": [[-0.3115125429175578, -0.09612711976093763, 0.38532126235467995, 0.4674491664483021, 0.19116653724597504, -0.1917120066930753, -0.19647729598385583, -0.7135175346024174, -0.312587067438166, 0.2553338550134658, -0.13913765122120847], [-0.7198103931426593, 0.06507498089667252, -0.4111798423648506, 0.3395267540414494, -0.7155911661834613, 0.7392995429094861, -0.535986793688267, 0.21690473069561328, 0.19850299854191236, 0.3478512251355409, -0.05738867852709019], [-0.04529026725095866, -0.855511175419641, -0.4832946908018739, -0.29297366435497174, 0.0834889036066856, 0.03206390521931689, 0.6405491865960486, 0.11661114832630615, 0.6527233859336714, 0.2871751018910109, -0.042711056500278025]], "inverted": true, "swapped": true, "error_lsq": 0.04231235501958493, "error_max": 0.1883214691785712, "target": "1085.xyz", "model": "4.xyz", "model_rescale": 3.7855080009869324, "target_rescale": 4.207305348292404},
{"mapping": [4, 15, 14, 10, 5, 8, 2, 3, 9, 0, 6, 13, 11, 1, 12, 16], "R": [[-0.40437255437785036, 0.9143635489112701, 0.020545989592129943], [-0.4224408459857375, -0.20665269758951443, 0.882518211835785], [0.811188368326856, 0.34818667838009565, 0.46982919033394355]], "T": [-0.07339823465255214, 0.023824542462739413, 0.06146255179647253], "aligned_model": [[-0.3924045183256329, -0.08641900433538559, 0.48626916976305157, -0.482528778005487, -0.4053849259149539, -0.5367313031995827, 0.5687809155192913, 0.1331783213033096, 0.21047293558310426, 0.06682202504621405, -0.5030382908841468, -0.08673583125259575, 0.020255500257325462, 0.2791139669606863, 0.42862224905919355, -0.029420683331798064], [-0.1873950848155439, 0.24256243021500232, 0.09446745224041747, 0.5785560865217264, 0.5559667225339255, -0.04171569673023889, 0.3356173603979201, 0.6504770888149495, 0.6206309331503802, 0.20767600947092396, -0.4600344135551123, -0.5147652173384141, -0.7620057739640155, -0.29688323592973154, -0.4298142448522352, 0.04380202492479228], [0.6944096616681117, -0.733082791594577, -0.31200682347506586, -0.17486219637000536, 0.5730412667886344, -0.4642149335507125, 0.2516647214667995, 0.27837109952787564, -0.20340214949925062, 0.8064530216479079, 0.14729378637683638, -0.4229038570611905, 0.13979466540511148, 0.6496679645407988, -0.01101190982537803, 0.03793326429995089]], "inverted": true, "swapped": false, "error_lsq": 0.0353277937085052, "error_max": 0.26126095198684807, "target": "1085.xyz", "model": "5.xyz", "model_rescale": 4.2253639853439635, "target_rescale": 4.207305348292404},
{"mapping": [11, 5, 8, 2, 1, 7, 6, 14, 4, 10, 3, 9, 13, 15], "R": [[-0.29808775938633, 0.94874168556281, -0.10503762078167866], [0.7095200429730469, 0.14661585247696474, -0.6892641731745375], [-0.6385334731426092, -0.2799875102176724, -0.716855632466221]], "T": [0.12498862814406636, -0.02986056257030656, -0.012981006712221563], "aligned_model": [[0.552560463298682, -0.04586433144656446, -0.38389861143330845, 0.18751308233418834, -0.12685395781706882, -0.4635690984718744, -0.14049376309020983, 0.7770078719652482, -0.43382132738950424, 0.2826963332467253, -0.623113625273191, 0.11208557768767212, 0.5876999549305644, 0.09211358421642488], [-0.08201601478902298, 0.06738913834521781, -0.3923504152158433, -0.6117206187968715, -0.5597999980569245, 0.12466862611099636, -0.37120069674028955, -0.4103610956475131, 0.6589473156423135, 0.49561604662735415, 0.06108120382381581, 0.4302350351161724, 0.009967044003624803, 0.024643576211960283], [-0.5876798781634598, -0.6223303960798372, 0.1896329222219662, 0.10112041695160322, -0.4872823371387325, 0.5018255190100211, 0.6318701594196823, 0.1547508096003466, 0.15851817797079698, -0.40291235856881624, -0.2412686193949508, 0.5672678861446601, 0.4917943286941302, 0.01625157826403842]], "inverted": true, "swapped": true, "error_lsq": 0.04503550027238008, "error_max": 0.28019243567805396, "target": "1085.xyz", "model": "6.xyz", "model_rescale": 3.89814844738969, "target_rescale": 4.207305348292404},
{"mapping": [8, 3, 5, 6, 11, 4, 7, 2, 13, 0, 10, 12, 15], "R": [[0.12907067883611237, 0.40129972709103423, 0.9068071949987202], [0.948999053173413, 0.21527347855121207, -0.23034349677910762], [-0.28764832163729204, 0.8902897609593872, -0.3530475670361243]], "T": [0.04461611150390189, -0.0037057621088813636, 0.01306886719282967], "aligned_model": [[-0.08021263952621148, 0.009530704700587964, 0.4710516094305993, -0.4037409634243856, 0.6605026851807054, -0.5652185983067831, -0.6090245611644696, 0.2398236217386711, -0.28644061074350985, -0.4425766795004752, 0.1635957241734451, 0.005410615760907803, -0.014069107414859894], [-0.3905991482454871, 0.22997167964880194, 0.3949447251186778, -0.6071998889777295, 0.21595984047015498, 0.5356792555550991, -0.09617580522640691, -0.566820148553331, -0.24745561734182275, 0.5543978077391292, 0.6369438242804819, 0.27362614664660007, 0.030508594356317295], [-0.5028272568029074, -0.7380679299288877, -0.24996244575861754, -0.18083261786823018, 0.3101335228979264, -0.37846945694401385, -0.4335947520997141, -0.0038362507629626057, 0.562134987205023, 0.31250826085905636, 0.18175735361520812, 0.727334262760401, -0.004002646335986279]], "inverted": true, "swapped": true, "error_lsq": 0.04596016590737601, "error_max": 0.22905023173138703, "target": "1085.xyz", "model": "7.xyz", "model_rescale": 3.7474275329858107, "target_rescale": 4.207305348292404},
{"mapping": [5, 10, 11, 1, 14, 8, 3, 7, 2, 6, 4, 9, 0, 12, 15], "R": [[-0.5039895067728917, 0.8634922384707269, -0.01938378610156266], [0.5525727268757032, 0.3051058824114339, -0.7756118758961146], [-0.6638207277390238, -0.4016111983233958, -0.6309124240378209]], "T": [0.06547444698770667, -0.11865867427043048, -0.0128393757668505], "aligned_model": [[-0.17891734943036225, 0.06769772464714413, 0.43822243448369375, -0.10841783196516146, 0.7974761708344987, -0.3309874467640105, -0.7025444766914872, -0.49157724331071795, 0.26356524692214495, -0.057577492090008175, -0.611202675414482, 0.007319270173510084, 0.051867522222062264, 0.6328090032131743, 0.024420865508748016], [-0.13116859184606694, 0.3783994022503964, -0.14881333798683383, -0.7412189286690345, -0.33406741001854134, -0.5518669448967491, -0.21147029632441253, -0.02930875293154875, -0.6575472995408782, -0.42905836701319094, 0.4554012411120128, 0.39393394740199766, 0.6743685276346882, 0.39058598315761756, -0.06905121034986333], [-0.60450741466833, -0.4666809470504809, -0.6260002782506876, -0.40194405370782355, 0.1129233573356974, 0.28138176748694055, -0.15972557739791954, 0.5502016818234784, 0.1479357834503831, 0.6881151625212912, 0.15657170830599954, 0.5185832479516848, 0.0842331198221949, -0.09901648414925905, 0.014723582223092335]], "inverted": true, "swapped": true, "error_lsq": 0.04753941269913896, "error_max": 0.3205050575904517, "target": "1085.xyz", "model": "8.xyz", "model_rescale": 4.019505241142653, "target_rescale": 4.207305348292404},
{"mapping": [8, 14, 9, 7, 3, 4, 0, 1, 5, 11, 12, 10, 15], "R": [[0.821867773924712, -0.4403202766827997, -0.36145735035550414], [0.11874880693376111, 0.7529720696260012, -0.6472493980027677], [0.5571643231900687, 0.48903079279848977, 0.6711309862158308]], "T": [-0.13124433717048828, -0.1121198292394374, -0.002065974238808433], "aligned_model": [[-0.12044481393948113, -0.8546070978901434, 0.14741517508595797, 0.2817994152445454, 0.4384730344058973, 0.722271322302602, 0.3417468536508322, -0.31320436225665454, 0.13692694199963967, -0.35658662043033246, -0.26022840281812165, 0.22916321326609057, -0.0730238868796552], [-0.6885849768589113, 0.16084360675901582, 0.2759605654994015, -0.3614383227011563, -0.6531354871349672, -0.057744641548408346, 0.5146445569365241, -0.7239217052269976, -0.28548524825334237, 0.07192575576628336, 0.6336343716702397, 0.2732469911265284, -0.0965672379201512], [-0.3166908682822591, -0.018828766388527412, -0.568003876160514, -0.6365266696714882, 0.05053435830009613, -0.29308347858506617, -0.15020813025735974, 0.4001917282860396, 0.552896648799999, 0.6545653806903434, 0.12378670332622356, 0.4158367148799145, -0.03776625089352249]], "inverted": true, "swapped": true, "error_lsq": 0.04996044481156385, "error_max": 0.2770099999953349, "target": "1085.xyz", "model": "9.xyz", "model_rescale": 3.877068213659057, "target_rescale": 4.207305348292404},
{"mapping": [14, 1, 5, 8, 9, 7, 12, 11, 0, 10, 2, 4, 13, 6, 3, 15], "R": [[0.9630350461729569, -0.2080139608503765, -0.17115400063682096], [0.01503841593717245, 0.6758972107988477, -0.7368424570289356], [0.2689560296568037, 0.7070312245761683, 0.6540409020738476]], "T": [-0.011568974967863018, -0.014717151736604879, 0.11551862071769414], "aligned_model": [[-0.3736917072939009, 0.031852927813058166, 0.517052471200486, -0.49809012708604133, -0.5521729792860419, -0.5347335010884029, 0.6627926650772079, 0.08808677589798966, 0.2873994165225918, 0.021073244079923486, -0.6107902316129159, -0.12313701083331782, -0.1212410098535459, 0.42140789768379144, 0.4289229974511041, 0.02611991957060698], [-0.21505002100689574, 0.24301129226519902, 0.05803792776816568, 0.5491347374630807, 0.19511469308803137, -0.013910174819288558, 0.2997151164300843, 0.6747821016328501, 0.6562256901426625, 0.23118951737233948, -0.2997905175522204, -0.45769978528367916, -0.700283475691567, -0.21978916963872103, -0.42417353387671236, 0.06062804279141725], [0.777527242157961, -0.7118852696011317, -0.45567443534975083, -0.0862018576568222, 0.43073792741113437, -0.5110472551598022, 0.18307558101641727, 0.3590648939103487, -0.1914335570793897, 0.7801050899474389, 0.11078368283163464, -0.3838906698384527, 0.4555323795372231, 0.5038240035637152, -0.08714769638361211, 0.08377473103893529]], "inverted": false, "swapped": false, "error_lsq": 0.03517758022471797, "error_max": 0.30221385349389535, "target": "1085.xyz", "model": "10.xyz", "model_rescale": 4.260839863003843, "target_rescale": 4.207305348292404},
{"mapping": [4, 0, 12, 10, 11, 5, 3, 7, 13, 14, 2, 15], "R": [[-0.34337560520999205, -0.7806758316157902, -0.5221479097704653], [-0.08881372858584324, -0.5264692519100878, 0.8455425763425002], [-0.934989473396012, 0.3367125966224414, 0.11144196657642585]], "T": [0.024774276825887766, 0.1408105622335337, 0.04223401489046034], "aligned_model": [[0.49134253580989, 0.09779876731769613, -0.34048237605231674, -0.3829715609086924, -0.6915268489495169, -0.37024203828238633, 0.27602343450645916, 0.7865478962806961, 0.1648221162114574, -0.22011737261059988, 0.07990915348985891, 0.06779494228158436], [-0.1121950448224526, -0.5653058424556144, -0.5190944728029662, -0.17095712198656024, 0.1693381450355069, 0.4114561030638175, 0.5871354427596973, 0.15278941232372392, -0.35087488802923195, -0.01783551113818435, 0.48050057882788455, 0.10812170475731378], [-0.6888193705370416, -0.3246002904576189, 0.18272613594142298, -0.3931831289032754, 0.08600081158973974, -0.38281659207144786, -0.5558550941354026, -0.19199383676956264, 0.4995284168897185, 0.7584066306952739, 0.5291225085799742, -0.002338113426276295]], "inverted": true, "swapped": true, "error_lsq": 0.043860243229790326, "error_max": 0.2171337652219513, "target": "1085.xyz", "model": "11.xyz", "model_rescale": 3.890672605050136, "target_rescale": 4.207305348292404},
{"mapping": [8, 6, 9, 3, 4, 11, 2, 5, 1, 14, 0, 13, 10, 15], "R": [[0.5530300674036825, -0.7660388173537614, -0.3276313093321961], [-0.18385514230697325, 0.27133841480692356, -0.944760684669588], [0.8126223176819359, 0.5827177661246623, 0.009218126052640066]], "T": [0.027402448192562788, -0.02148236701349354, 0.10503320958831741], "aligned_model": [[0.2997385683136986, 0.14433980852714545, 0.32705413206983724, 0.6927257261530055, 0.8713874554527776, -0.42079810534071677, -0.309576905297672, 0.16442775073618038, -0.07044619164056143, -0.7078708695067302, 0.3129143258577429, -0.3005218585777808, 0.12053254068893252, 0.08596945735783423], [-0.28844318434988636, 0.14139415030862373, 0.6481179072430054, -0.4423958548186364, 0.2579303158101291, -0.2878100281210313, -0.23989872959500552, -0.4752018259462349, -0.7630239996103033, 0.15407092701118238, 0.5991405077141375, 0.5540075814075668, 0.05771441821956565, 0.016550334554652688], [-0.4297400879483704, -0.6450493909133377, 0.0031137980499316847, 0.09022131791566244, 0.26551588789168956, 0.5989993005322221, -0.33568072843024627, 0.5355185583521671, 0.006220780004329476, -0.058055420994128804, 0.5195336026398071, -0.073188892610145, 0.7669233071904011, 0.11045840367687863]], "inverted": true, "swapped": true, "error_lsq": 0.04478417257593555, "error_max": 0.32674887887494236, "target": "1085.xyz", "model": "12.xyz", "model_rescale": 4.124412569039231, "target_rescale": 4.207305348292404},
{"mapping": [3, 6, 2, 4, 1, 5, 9, 10, 13, 0, 11, 14, 15], "R": [[-0.2857594547434177, 0.5206693382830668, 0.8045153660413319], [-0.92010779280088, 0.08557758679745311, -0.38220168270824983], [-0.26784918079366593, -0.8494586021754079, 0.4546173110852296]], "T": [0.15937477412684412, 0.12412021389859515, 0.02754025253801718], "aligned_model": [[-0.1493220519310394, -0.0877593080093736, 0.5248943967444525, -0.6786954768179262, 0.6517938871188778, 0.33771027367702705, -0.47365896204828195, 0.09014618148334226, 0.08854189897770684, -0.3937306704783734, 0.7167487575796542, 0.6504170304964837, 0.09021235071720754], [-0.3973080627924511, 0.6878170802588285, 0.46369419949652224, -0.2128896701209532, -0.17305090999787506, -0.49047532649153536, 0.4316116854671236, -0.3380990079611432, 0.7149349001302338, 0.04866121682029281, -0.16840821844539458, 0.6659393076438677, 0.1150581825009615], [0.5303935536070624, 0.500824101844826, 0.3539977246113113, 0.04166195189196454, 0.5158383026202112, 0.04812393016066364, -0.20324213231831745, -0.4568197779427274, -0.31364424263672164, -0.5441945353408794, -0.3182602927207577, -0.2241605307368113, 0.02118002792801477]], "inverted": true, "swapped": true, "error_lsq": 0.04543068069762173, "error_max": 0.2587808483654582, "target": "1085.xyz", "model": "13.xyz", "model_rescale": 3.9028299243045295, "target_rescale": 4.207305348292404},
{"mapping": [1, 4, 5, 7, 9, 3, 13, 14, 10, 11, 6, 0, 2, 12, 8, 15], "R": [[-0.992772012447802, -0.01069868979928229, -0.11953773185450622], [0.1194783049825015, -0.1822410158313471, -0.9759678000770655], [-0.011343100936227923, -0.9831956825501917, 0.18220204136017004]], "T": [-0.0183216623260294, -0.032990948409926786, 0.06329438306005536], "aligned_model": [[-0.2654582352436965, -0.0002192960681848058, 0.4394337388421854, -0.5725655011395738, -0.4882530006752478, -0.48715631859489333, 0.6643082467889961, 0.18262731136533228, 0.0938251407388171, -0.02949867748068395, -0.6535977236826559, -0.020685243446462734, -0.12244574763002626, 0.509909880686285, 0.5149039410379356, -0.09427676725553323], [-0.27742702040802997, 0.13178563754845168, 0.009075497027365868, 0.6240989174855973, 0.4938865586481759, -0.19710716413516313, 0.3600545367408901, 0.7048370613839332, 0.6562095409654519, 0.1730111640475131, -0.08202822898326281, -0.5439963595875351, -0.7583343346049107, -0.13803651426568858, -0.5687153843254042, 0.04982853354736224], [0.6122691336410404, -0.593884629796013, -0.16207695612208323, -0.22249335480110294, 0.3833101424488916, -0.31346731623465124, 0.17367103629526093, 0.508580797313817, -0.19704843334947647, 0.772727179266455, 0.259324822610704, -0.5894569420831566, 0.1353007474911565, 0.5039497529601149, -0.09537806016120018, 0.08181687086609024]], "inverted": true, "swapped": false, "error_lsq": 0.04514709973795489, "error_max": 0.3102561721847083, "target": "1085.xyz", "model": "14.xyz", "model_rescale": 3.942246331269136, "target_rescale": 4.207305348292404},
{"mapping": [11, 12, 5, 0, 9, 10, 8, 1, 2, 3, 7, 6, 12, 13, 15], "R": [[0.37577018693376174, -0.6631553674379848, -0.6473188744737463], [-0.0767286138009885, -0.7183764254224823, 0.6914101758156267], [-0.9235309883463277, -0.21014345108855642, -0.3208274357480154]], "T": [-0.1277451573399484, 0.06152047278926704, -0.03868462530369476], "aligned_model": [[-0.6831769834699802, -0.33121486362629304, -0.20255836269468652, 0.3260994888428795, 0.40192507812973866, -0.0702295311824033, 0.07471894249867372, -0.478772459574742, -0.4812508979862178, 0.3382997679357587, 0.5745349512844733, 0.10509640227275205, -0.33121486362629304, -0.20787758156570407, -0.06008505070574641], [-0.07688230764733972, -0.674026964739, 0.2741853493093692, -0.5724899637619089, -0.36427366250621135, -0.2924562344155088, 0.6145919551817973, 0.6993570879420709, 0.358037891922444, 0.606790198682055, 0.267213923294971, 0.31455622078975615, -0.674026964739, -0.4261344766950092, 0.043702637263164985], [-0.4724550889710889, -0.11739396137674613, -0.6379604808585155, -0.2134878410587155, 0.2557504632789293, -0.6082777166658528, 0.25206912568582734, -0.2365899837152401, 0.3389404251982523, -0.36353178043485174, 0.27722371597516476, 0.6574365797053796, -0.11739396137674613, 0.4369807972862973, -0.04194781231157746]], "inverted": true, "swapped": true, "error_lsq": 0.04675110918761017, "error_max": 0.36352249669891223, "target": "1085.xyz", "model": "15.xyz", "model_rescale": 4.355366556412066, "target_rescale": 4.207305348292404},
{"mapping": [12, 13, 14, 5, 11, 10, 1, 4, 2, 9, 8, 15], "R": [[0.8587816879757141, 0.4036078329502378, 0.31558632666640707], [-0.3237768797095895, 0.9049108701307628, -0.27623332399388034], [-0.39706743075088047, 0.1350445641275464, 0.9077997692974459]], "T": [0.004670623684585505, 0.07374163798645096, -0.05062212081235752], "aligned_model": [[-0.2040022025890421, 0.3913532999438949, 0.2639996087872605, -0.564020229559603, -0.522006045636906, -0.5931976896069995, -0.15370991277682305, -0.10133853832212603, 0.362487894372721, 0.3134151910655729, 0.39570689764924954, 0.00912028130458144], [-0.6215532202406918, -0.46173172020158626, -0.5577576047261563, 0.32504688363698697, -0.2551359882244626, -0.07146769634296145, 0.4428446451838859, 0.5333796543249292, 0.04925358134136634, -0.04435759828406456, 0.5776764763591006, 0.0965790149146345], [0.19766365307246608, 0.13439393245948228, -0.41394139655714557, -0.203564277841227, -0.4115485000522883, 0.2223459641514598, -0.6892932577677017, 0.7198529153472876, -0.5269168858107839, 0.6121543029447367, -0.2073315053174828, 0.015443516580617836]], "inverted": false, "swapped": true, "error_lsq": 0.04815460456174086, "error_max": 0.23726078208112283, "target": "1085.xyz", "model": "16.xyz", "model_rescale": 3.795458400668931, "target_rescale": 4.207305348292404},
{"mapping": [8, 3, 5, 6, 11, 4, 7, 2, 13, 0, 10, 12, 15], "R": [[0.12907067883611237, 0.40129972709103423, 0.9068071949987202], [0.948999053173413, 0.21527347855121207, -0.23034349677910762], [-0.28764832163729204, 0.8902897609593872, -0.3530475670361243]], "T": [0.04461611150390189, -0.0037057621088813636, 0.01306886719282967], "aligned_model": [[-0.08021263952621148, 0.009530704700587964, 0.4710516094305993, -0.4037409634243856, 0.6605026851807054, -0.5652185983067831, -0.6090245611644696, 0.2398236217386711, -0.28644061074350985, -0.4425766795004752, 0.1635957241734451, 0.005410615760907803, -0.014069107414859894], [-0.3905991482454871, 0.22997167964880194, 0.3949447251186778, -0.6071998889777295, 0.21595984047015498, 0.5356792555550991, -0.09617580522640691, -0.566820148553331, -0.24745561734182275, 0.5543978077391292, 0.6369438242804819, 0.27362614664660007, 0.030508594356317295], [-0.5028272568029074, -0.7380679299288877, -0.24996244575861754, -0.18083261786823018, 0.3101335228979264, -0.37846945694401385, -0.4335947520997141, -0.0038362507629626057, 0.562134987205023, 0.31250826085905636, 0.18175735361520812, 0.727334262760401, -0.004002646335986279]], "inverted": true, "swapped": true, "error_lsq": 0.04596016590737601, "error_max": 0.22905023173138703, "target": "1085.xyz", "model": "17.xyz", "model_rescale": 3.7474275329858107, "target_rescale": 4.207305348292404},
{"mapping": [4, 3, 7, 5, 0, 12, 9, 2, 10, 13, 11, 1, 14, 15], "R": [[-0.23189583256449742, -0.659194655800645, -0.7153228142615671], [-0.7131295479883069, -0.38492099248259015, 0.5859027882953037], [-0.6615667544739625, 0.6459862500936747, -0.3808296129041184]], "T": [0.006983428268545415, 0.07526125211893245, 0.023724114375643594], "aligned_model": [[0.5805502178268933, 0.19501511042332573, 0.7612234129745116, -0.40342081790135825, 0.2762679151964588, -0.20188899376349423, 0.6104265149685121, -0.06154789358389615, -0.2767148406455736, 0.22033558631269734, -0.6966967479423963, -0.3957025403195948, -0.25315174357552933, 0.06015246791232024], [-0.44608562263171936, 0.11492656183797106, 0.12567060198661312, -0.069329130662523, -0.6658851317047305, -0.43000173967821453, -0.2834994316262385, 0.6404280309232189, -0.5220663887878918, 0.009929247525310436, -0.04816308523846419, 0.5733697030179455, 0.32729411401395037, 0.033820512536005556], [-0.440339894077502, -0.7398944882383695, -0.22903302114518453, -0.4459746107498864, 0.15290717676388255, 0.5619682358023229, 0.2597123308100866, 0.20086681771679016, -0.1018100556624382, 0.6723370461386531, 0.0973264296692358, -0.3749665266946507, 0.7069904175718117, 0.00470486075690341]], "inverted": true, "swapped": true, "error_lsq": 0.03755578161976329, "error_max": 0.21518643620423644, "target": "1085.xyz", "model": "18.xyz", "model_rescale": 3.922800546911778, "target_rescale": 4.207305348292404},
{"mapping": [14, 12, 13, 2, 4, 11, 0, 8, 10, 6, 9, 7, 1, 3, 15], "R": [[0.47090885402903004, 0.6556380507497489, 0.5902402880235609], [0.76274586809441, 0.03356888435491656, -0.6458265020174317], [-0.44324213687551306, 0.7543287588394311, -0.48427732931223716]], "T": [-0.026145994989317495, 0.10803779070201282, 0.021411225424072335], "aligned_model": [[-0.1386678261905392, -0.2891686452972134, 0.2367616412889658, 0.06477217565771681, 0.3478515053703479, -0.7258297094332719, 0.06828093200222526, 0.37974955423481216, -0.4584491080385681, 0.6783832919662532, 0.49500134231480597, 0.6843552226040864, -0.338419843185085, 0.07853108355276427, 0.012899220040318057], [0.574074005736617, -0.1820333280435953, 0.14453455754306854, 0.6966092635025999, -0.6403519473819185, 0.19509261485494567, -0.6253195106569296, 0.4091629153631025, -0.40575705790520145, 0.4340795347179015, -0.3302567450591355, -0.10305464923734327, 0.58530849337511, -0.08526818369369692, 0.05079154191905411], [-0.585377696663371, -0.6383636947649218, -0.6110709563116978, -0.006997838928881148, 0.3622564974956241, -0.11526655475458242, -0.2815260366705547, 0.4409228253729855, -0.025201200129062965, 0.034150090886923834, -0.26987313413877395, 0.3145549243820621, 0.5152937676694531, 0.7775316722035929, 0.0316265015145334]], "inverted": false, "swapped": true, "error_lsq": 0.035483721550020914, "error_max": 0.21937487456739785, "target": "1085.xyz", "model": "19.xyz", "model_rescale": 3.9282355846067225, "target_rescale": 4.207305348292404},
{"mapping": [6, 8, 1, 7, 9, 3, 4, 5, 0, 12, 2, 13, 11, 15], "R": [[0.5408247004380169, 0.2432794308413445, 0.8051855450302379], [0.6891721890999839, 0.42064927761266824, -0.5899965076295595], [-0.48223473243563214, 0.8739961691983851, 0.05983610163841192]], "T": [0.05072043204374798, -0.12870762329694488, 0.13887154732026316], "aligned_model": [[-0.5378432443558656, -0.09322659784593562, 0.5962150997957686, -0.47141046772446005, -0.5862956372548297, 0.27574862417792845, -0.2042014209653521, 0.6437463897419107, -0.24126330967780996, -0.03850102188255342, 0.015644099075659272, -0.46166715584577234, 0.6207141834864884, 0.014863278359499937], [-0.6103294096190236, -0.6331418953620118, -0.636425720532196, -0.20066848997235817, 0.23018024686239316, -0.20208683556772478, 0.3647208377128023, 0.0029143779821752813, 0.6129196649026385, 0.4010235625191356, -0.6851419074000009, -0.04039010497043552, 0.008184541514669436, -0.08887678064522747], [-0.017526238710193903, -0.2564041005837484, 0.02105751324217056, -0.4590466609779934, 0.02074767381842038, -0.6121413849908812, -0.5736451420015394, -0.06349144022236825, 0.08199606287453753, 0.6866393053609112, 0.35015359962498904, 0.5862473682470651, 0.5538225285100573, 0.09377407305225599]], "inverted": true, "swapped": true, "error_lsq": 0.04079099060692483, "error_max": 0.27306085099915395, "target": "1085.xyz", "model": "20.xyz", "model_rescale": 4.067790424073018, "target_rescale": 4.207305348292404},
{"mapping": [13, 4, 14, 2, 12, 10, 11, 9, 0, 7, 3, 1, 8, 5, 15], "R": [[-0.4766643742707222, -0.8768243990689866, -0.0630083129310054], [0.6586543525035158, -0.3087526670849271, -0.6861823624198735], [0.5822074529145734, -0.36857938597438517, 0.724695603688521]], "T": [0.06646953318984455, -0.06188424242898727, 0.02124704225413019], "aligned_model": [[0.03385549861361898, 0.2586887050178415, -0.11808955688466488, 0.3379674457029942, -0.5326111049861557, -0.4957445794698248, -0.545522691561882, 0.22578009395365878, -0.24003141313234083, 0.7094672601044016, 0.40321615319457466, 0.1806356320520622, 0.6881429163718942, -0.22056045382475353, 0.08325004875609081], [-0.1396382062173399, 0.8147995608672195, -0.6479925154093392, -0.5907443661453033, 0.004158688301345498, 0.2811161366784146, -0.3776114163499511, 0.44683869299938284, 0.5936768183769643, 0.40318197215271795, 0.29559371589323746, -0.5059549984895456, -0.1420526245875643, 0.0002985121820494041, 0.005225169675559083], [-0.6594708106632031, 0.12427193661466565, -0.4482833047987046, -0.024419360380964143, -0.45348007312785044, 0.16020702815585938, 0.2252042111702172, -0.492916691960426, -0.31757035136890305, -0.05340257849097698, 0.6367580850278606, 0.6204043762776833, 0.21749371157331193, 0.5901952016105921, 0.010258193981979177]], "inverted": true, "swapped": true, "error_lsq": 0.04477161828695907, "error_max": 0.2495731328146513, "target": "1085.xyz", "model": "21.xyz", "model_rescale": 4.186013935880536, "target_rescale": 4.207305348292404},
{"mapping": [1, 5, 3, 6, 13, 8, 2, 11, 4, 10, 12, 9, 15], "R": [[0.19704635742486154, 0.9268853585615284, 0.31946246275558077], [-0.873547626434648, 0.018062363889705148, 0.486403428607477], [0.4450699690790054, -0.37490969992117174, 0.8132376279593994]], "T": [-0.04023798970494447, -0.0848107932324761, 0.03129894275588905], "aligned_model": [[-0.10398493235171194, -0.2855120999998694, 0.40328422028279853, 0.5838277748951766, -0.09653418755811546, 0.5048949519103452, 0.01294710898730645, -0.7269406115318796, 0.46671507092822545, -0.43308888070474416, -0.5684560766796638, 0.30085096834632236, 0.0005707288990344575], [-0.43572246944162496, 0.17083729158718053, 0.21778562043512717, -0.48137400724451157, -0.25465470749169267, -0.3561617178615002, -0.6764217071823819, -0.11403555208677917, 0.6627601068834297, 0.45951396214661644, 0.11993997982719336, 0.2379109958625487, -0.03142113588751222], [-0.6335465793280762, -0.5020298338901846, -0.5446924462685777, 0.2681671602500019, 0.6934695645090055, -0.21490477724575177, -0.020251411833757664, -0.17703271808055876, 0.04782690248172531, -0.017920812886376515, 0.5486845700591102, 0.6040573516177781, 0.05105259195100816]], "inverted": false, "swapped": true, "error_lsq": 0.04444587522917438, "error_max": 0.2286560499672048, "target": "1085.xyz", "model": "22.xyz", "model_rescale": 4.166573947596378, "target_rescale": 4.207305348292404},
{"mapping": [9, 5, 6, 0, 8, 7, 2, 4, 1, 3, 10, 13, 14, 12, 12, 15], "R": [[-0.6887972624347697, -0.33876484520218847, 0.6409342485134529], [0.4855113614068686, 0.4409925443554611, 0.754853822781435], [-0.5383651634413359, 0.8311221062383278, -0.1392802761152837]], "T": [0.0035418871727987966, 0.02882029544171915, 0.20118670821224321], "aligned_model": [[-0.21677269679940697, -0.08938932068539374, 0.6244947345539706, -0.3352105534024037, -0.6320839158437025, -0.5481779382756242, 0.5268203737299242, -0.08953078405083914, 0.23633870051436018, 0.13994685239266155, -0.5670190881681808, -0.24972540846120772, -0.08731022941914063, 0.46957822579411546, 0.46957822579411546, 0.01931457056934503], [-0.22625053713815307, 0.05227637921017298, 0.05702229448911044, 0.6573921576716996, 0.3944221712928291, 0.10364363099548096, 0.45014487384562435, 0.7401391336716815, 0.5154961869937261, 0.3180954901352536, -0.39035353348132323, -0.480088466384776, -0.7556314582165001, -0.431210560843915, -0.431210560843915, 0.06325523968775051], [0.6980262403936699, -0.6245708736128408, -0.2378233606310695, -0.1949192887823657, 0.5423527193196858, -0.2475853389497727, 0.23958546246739632, 0.35998375357224727, -0.26470091895466796, 0.7102448573606976, -0.043138295968713936, -0.42625308012939905, 0.1526161171765645, 0.22491638538578929, 0.22491638538578929, 0.1434940263128367]], "inverted": true, "swapped": false, "error_lsq": 0.04455455835935826, "error_max": 0.32651778862768965, "target": "1085.xyz", "model": "23.xyz", "model_rescale": 4.274766983524099, "target_rescale": 4.207305348292404},
{"mapping": [11, 5, 1, 2, 8, 6, 13, 9, 0, 4, 15], "R": [[0.725215115284507, 0.5620576182807901, -0.397686145465749], [0.6846182336430873, -0.6500758956577153, 0.32969562333800895], [-0.0732182403933494, -0.5113634359409606, -0.8562397594461244]], "T": [-0.02827662154543445, 0.05923405847848517, -0.05633661926133016], "aligned_model": [[0.27245368156995475, 0.19947691771350276, -0.4212021297133832, -0.5509472743019551, -0.5945899240934559, -0.6371317152676093, 0.003174936662347666, 0.17327754439225906, 0.6240962272487539, 0.3136863993576179, -0.002399959609957477], [-0.03259369205392804, 0.5207470852832673, 0.42130479258798215, -0.14528668167048686, 0.33583065565423736, -0.08629315769528362, -0.5781861829631623, -0.13982646278350658, -0.02738734720870529, 0.5653928451498949, 0.08188467694317453], [-0.7020498739504641, -0.4372420772115134, -0.5890059106271777, -0.25752365383825, 0.12859873663839827, 0.4029501298547338, 0.1950443360700122, 0.6279835196000512, 0.39688160521321075, 0.609246887782172, 0.004682734490404475]], "inverted": true, "swapped": true, "error_lsq": 0.04764754514673266, "error_max": 0.20230531347775116, "target": "1085.xyz", "model": "24.xyz", "model_rescale": 3.7841303162186577, "target_rescale": 4.207305348292404},
{"mapping": [13, 0, 8, 10, 14, 7, 2, 9, 8, 12, 11, 6, 3, 5, 4, 15], "R": [[0.5620521351824168, 0.816455933729533, 0.13227662535279258], [0.7016006477739611, -0.5553255218918687, 0.44650878577994624], [0.4380113336205407, -0.15815585039245428, -0.8849479072841493]], "T": [-0.04798622247595955, 0.07877179473516246, -0.01078169869300924], "aligned_model": [[-0.45982712036181145, -0.05197746554615599, 0.3866488433079986, -0.6301526306798714, -0.3903490792084488, -0.48085216511131296, 0.6309857302933036, 0.04883221195818909, 0.3866488433079986, 0.08537229460965204, -0.7042692435025016, -0.09875979843864052, -0.009216643223517222, 0.4980924033907776, 0.5134838647920149, -0.0538082973450813], [-0.17761981605579355, 0.2629325182446408, 0.3805969519189971, 0.5826506175590319, 0.49586386728413834, 0.008109847727668346, 0.2530263421811879, 0.5554321082766698, 0.3805969519189971, 0.11790093906316254, -0.3168227824615598, -0.6021604735688079, -0.6362990271170458, -0.2670023189328343, -0.4103445885801529, 0.010281303626446789], [0.602936814972364, -0.7231010422790258, -0.27431863675063894, -0.12233218208858486, 0.5706998914345979, -0.4908228688563363, 0.26747262377889114, 0.3141211248932996, -0.27431863675063894, 0.7347760270486137, 0.03638922420985488, -0.24695905198794418, 0.3582339203441086, 0.5821577097900926, -0.057907567748061634, -0.01988255966474474]], "inverted": true, "swapped": false, "error_lsq": 0.0442757782122336, "error_max": 0.34558980227082886, "target": "1085.xyz", "model": "25.xyz", "model_rescale": 4.19342608120988, "target_rescale": 4.207305348292404},
{"mapping": [12, 13, 14, 5, 11, 10, 1, 4, 2, 9, 8, 15], "R": [[0.8587816879757141, 0.4036078329502378, 0.31558632666640707], [-0.3237768797095895, 0.9049108701307628, -0.27623332399388034], [-0.39706743075088047, 0.1350445641275464, 0.9077997692974459]], "T": [0.004670623684585505, 0.07374163798645096, -0.05062212081235752], "aligned_model": [[-0.2040022025890421, 0.3913532999438949, 0.2639996087872605, -0.564020229559603, -0.522006045636906, -0.5931976896069995, -0.15370991277682305, -0.10133853832212603, 0.362487894372721, 0.3134151910655729, 0.39570689764924954, 0.00912028130458144], [-0.6215532202406918, -0.46173172020158626, -0.5577576047261563, 0.32504688363698697, -0.2551359882244626, -0.07146769634296145, 0.4428446451838859, 0.5333796543249292, 0.04925358134136634, -0.04435759828406456, 0.5776764763591006, 0.0965790149146345], [0.19766365307246608, 0.13439393245948228, -0.41394139655714557, -0.203564277841227, -0.4115485000522883, 0.2223459641514598, -0.6892932577677017, 0.7198529153472876, -0.5269168858107839, 0.6121543029447367, -0.2073315053174828, 0.015443516580617836]], "inverted": false, "swapped": true, "error_lsq": 0.04815460456174086, "error_max": 0.23726078208112283, "target": "1085.xyz", "model": "26.xyz", "model_rescale": 3.795458400668931, "target_rescale": 4.207305348292404},
