[{"mapping": [6, 3, 0, 5, 9, 2, 1, 10, 7, 8, 11, 4, 12, 14], "R": [[0.9362424329653029, 0.18491255348285363, 0.29875986055636977], [-0.2522260843847562, 0.9456824064915196, 0.2051018976224804], [-0.24460602828046693, -0.2673801294353404, 0.9320277663846696]], "T": [-0.1200946173449923, 0.050502716240124854, 0.19288341650578306], "aligned_model": [[0.33010024989402476, 0.17592452466226513, -0.3893856759677321, -0.44848571214688615, -0.5472331282550301, 0.11370961884344316, -0.8317960929236662, -0.04818301798081269, -0.14226118349297748, 0.09168014735832322, 0.4417727303442055, 0.2359512656401039, 0.5317204102536457, -0.14202203510060257], [-0.5704617539752117, -0.4095930973257466, -0.7009240861248606, -0.1547293544239824, 0.5362216143740477, 0.1596901093643921, 0.2418148543735409, 0.3536139164230105, 0.7425823384258182, -0.24391586189551567, 0.6092224983261979, 0.6640658218328632, -0.012158273883194293, 0.019844606318674966], [0.29860905803503524, -0.2594226217948398, 0.25539501508696194, -0.3424136188401326, 0.5330945672758626, -0.5610016182658826, 0.07687258254517404, 0.7888552355118048, 0.07893434473511865, 0.746083824608555, 0.46069334048689886, -0.2972336914041834, -0.05298321304065892, 0.17210488224011972]], "inverted": false, "swapped": true, "error_lsq": 0.06205456224777827, "error_max": 0.31112815223593004, "target": "1086.xyz", "model": "0.xyz", "model_rescale": 3.8414455957264533, "target_rescale": 4.115769711466997},
{"mapping": [6, 12, 3, 5, 1, 10, 2, 11, 9, 12, 13, 0, 4, 7, 14], "R": [[0.531313041462538, 0.8211526368903177, -0.20836218202904613], [0.8154758360538192, -0.42907243048047494, 0.38845335654863705], [0.22957703017539013, -0.3763046589263224, -0.8976019111422346]], "T": [0.1365456291847902, -0.012641287287934115, 0.06987104982603322], "aligned_model": [[0.0902804051522183, -0.5707172383780249, 0.4914588677303131, 0.3060478280899849, 0.22627644795950527, -0.24742836037999624, 0.6849605487622727, -0.3193403997170533, 0.08527155939229078, -0.5707172383780249, -0.27262554565014074, 0.4424316034853897, 0.6572919916786539, 0.5405179161196954, 0.12199689664650223], [-0.7488954693669196, 0.22846227654986775, 0.30778978577120325, -0.27756166270790394, 0.7502307660029696, -0.1421328422316302, -0.49232105816223254, 0.7058539643015463, -0.4259010543579841, 0.22846227654986775, 0.191417764430532, 0.5172133782935631, 0.12487520731739885, -0.08895327758888696, 0.047785922421733594], [-0.18667618208275688, -0.08484757070364847, -0.5504009893336845, -0.5092739961133579, -0.32821499820690364, -0.48165158157394383, -0.04740265147666474, 0.11675286106931111, 0.610331052676904, -0.08484757070364847, 0.6746733759916098, 0.4587221441987501, -0.005823563648517507, 0.5637717216822392, 0.005056809294945744]], "inverted": true, "swapped": false, "error_lsq": 0.049359699691267314, "error_max": 0.380479915508352, "target": "1086.xyz", "model": "1.xyz", "model_rescale": 4.316132596720782, "target_rescale": 4.115769711466997},
{"mapping": [2, 12, 3, 1, 5, 7, 0, 9, 6, 11, 8, 14], "R": [[-0.7310825200175557, 0.26611067838085933, -0.6282542922865384], [0.6776524652151728, 0.39036992047973085, -0.6232162237718526], [0.07940708603506047, -0.8813605573409373, -0.46572318242824573]], "T": [-0.0501282553565455, 0.09032183285458636, -0.01054108915217529], "aligned_model": [[-0.25152231628303073, 0.38804531113573193, 0.11867817366635394, -0.7500399306981097, -0.5131398129277255, -0.3354295436991179, -0.011034450957712924, -0.3882795530088403, 0.5616471700208451, 0.36860860036186016, 0.4789600079539166, -0.06868510093239041], [-0.6805967433118244, -0.4537256514407293, -0.41624537464102285, 0.3485227172802502, -0.17985013470758796, -0.04384861048530206, 0.3365848278956005, 0.5679326836154941, -0.010276564964803614, -0.013538374945336468, 0.4716072623561741, 0.08621039109006805], [-0.017885098595214102, 0.024897447366013563, -0.4782913389537074, -0.016353845524745877, -0.39671622496944053, 0.6163970402201953, -0.7713918138379394, 0.427243512845987, -0.47428778110310027, 0.7060183079498332, -0.12121435836628706, -0.049157385822173605]], "inverted": true, "swapped": true, "error_lsq": 0.05032714610009042, "error_max": 0.2543981314860957, "target": "1086.xyz", "model": "2.xyz", "model_rescale": 3.795458400668931, "target_rescale": 4.115769711466997},
{"mapping": [9, 5, 0, 12, 10, 13, 3, 7, 2, 4, 8, 14], "R": [[0.12419983712568511, 0.9921640223999838, 0.013599746800501245], [0.33683660353993133, -0.0550495338478994, 0.9399524729148876], [0.9333356861138635, -0.11216105152063005, -0.34103430259748085]], "T": [-0.03324114901028467, -0.014505795348301702, -0.05593130603015297], "aligned_model": [[0.18259007200949176, -0.1682322024021766, -0.8163432357932889, 0.1773581538184722, 0.09570316423510736, 0.06716233862559864, -0.23387555023233952, 0.6218799055710272, 0.3504636381569555, 0.7718062316636497, -0.3932951758686993, -0.06191351404023285], [0.037300686103556836, -0.651116837117578, -0.16368240582456461, 0.1652084889729626, 0.5263151936930073, 0.6392699724064619, -0.23233571534237268, -0.0810148993582232, -0.480839184964979, -0.16785052985111096, 0.5403764341964321, -0.0458621576238827], [-0.7522406877907816, 0.05811967829691988, 0.01866811814131302, 0.5864006479236515, -0.4342382035919401, 0.3557081825657523, 0.5891982975228096, -0.29850684887185913, 0.46390786079278823, 0.21207474254258454, -0.06125584545961398, -0.04906451143252381]], "inverted": false, "swapped": true, "error_lsq": 0.05560779742173061, "error_max": 0.39683545994199687, "target": "1086.xyz", "model": "3.xyz", "model_rescale": 3.7530521520055578, "target_rescale": 4.115769711466997},
{"mapping": [5, 9, 7, 11, 2, 8, 3, 0, 6, 13, 14], "R": [[0.5000993527598252, 0.830240021517021, 0.2461750272481364], [0.06072570889557022, -0.3171998537567151, 0.9464125110414852], [0.8638362261727246, -0.45835113117361814, -0.209048355419339]], "T": [-0.11580731991682824, -0.06811292295774368, -0.1181515975207604], "aligned_model": [[-0.42825126403269664, -0.10725560879174915, 0.37289843534669787, 0.6404945496361377, 0.2108234692173948, -0.24100166715289445, -0.18446774552180975, -0.8433564006262914, -0.2555115650379311, 0.324245364611122, -0.1504179652027749], [-0.6451303099194265, 0.07692038857966024, -0.2666882850701856, 0.2770064626622493, -0.7333866155480637, 0.5537315167571022, -0.35980811739936364, 0.006798296724841696, 0.23427041964689727, 0.4138300372417217, -0.09034043536108652], [-0.041122077506537597, -0.8343959618242472, -0.5809522688589731, -0.21026543174961593, 0.17451236484290603, 0.06945812999222092, 0.5253512399820488, 0.20762172527943415, 0.580774178971514, 0.30733083614507106, -0.10548195802850481]], "inverted": false, "swapped": true, "error_lsq": 0.05294844508474569, "error_max": 0.3048663559133995, "target": "1086.xyz", "model": "4.xyz", "model_rescale": 3.7855080009869324, "target_rescale": 4.115769711466997},
{"mapping": [13, 14, 1, 11, 0, 12, 6, 3, 8, 9, 10, 5, 4, 7, 16], "R": [[0.9741338729842742, -0.20921987965378028, -0.08538289912105107], [0.157807885835441, 0.3594114085960594, 0.9197391535316657], [-0.16174012697165266, -0.9094231585618735, 0.3831313743333213]], "T": [0.03663753353668939, 0.02954556937332648, 0.011954667577161081], "aligned_model": [[-0.04463290695255692, -0.5761394965633808, 0.3703570095785993, 0.38333339747465356, 0.37731003442858346, -0.1058686184897917, 0.561606475283038, -0.21571885081118294, -0.01833554889514233, -0.5741254583060764, -0.1293598744474055, 0.3418927654853491, 0.7462471957899468, 0.5631128017856173, -0.013973642846664719], [-0.6674208606631362, -0.020212967066705577, 0.3175269161528505, -0.41729900331841996, 0.7031694643158576, -0.18196548913769814, -0.35808020799860973, 0.6571230262204778, -0.506104051611027, 0.3288865937554634, 0.12360665012290825, 0.6428610067349981, 0.23110544652916631, 0.03383087810852265, 0.039298575078477414], [-0.168324421005821, -0.2704029035378223, -0.6035142546331601, -0.5471232644543036, -0.18463368054914492, -0.618933858053401, 0.02715121275965297, 0.16968670723737428, 0.4651293774969464, 0.22237695291350318, 0.7152054391409521, 0.44296123629872336, -0.04122923057903426, 0.5450352430319154, -0.003215694995746336]], "inverted": true, "swapped": false, "error_lsq": 0.03441376846066136, "error_max": 0.2318504902102846, "target": "1086.xyz", "model": "5.xyz", "model_rescale": 4.2253639853439635, "target_rescale": 4.115769711466997},
{"mapping": [7, 1, 3, 2, 5, 6, 12, 4, 8, 10, 0, 13, 11, 14], "R": [[-0.04543302318265641, 0.9626660454712683, 0.2668518789538391], [-0.2805628023315918, -0.26867236401159567, 0.9214660464522091], [0.9587598001336562, -0.03300372271624591, 0.2822948811695686]], "T": [-0.007059334454747455, 0.02724980382989195, -0.11756218629801853], "aligned_model": [[0.6637562320843461, 0.026331862932207954, -0.39377000100973275, 0.14805256120452762, -0.27945132729833067, -0.5163355703050081, 0.07141968094043627, 0.6675562333449924, -0.24766199895770635, 0.30587190121780977, -0.798677268751129, 0.1086069930199133, 0.6601310930009964, -0.041768238665539366], [-0.08186601359214714, -0.06121795199601385, -0.4383220890176732, -0.7341493826169486, -0.49666708166919527, 0.11268983442885397, -0.24295531217931682, -0.4722316662285393, 0.5705406186374345, 0.62185964080579, 0.09542818133220582, 0.2876425804935242, 0.27722347787257084, 0.00712431036444474], [-0.29234824161719, -0.8575867279521925, 0.25337435186139856, 0.05890461520493227, -0.41390241196444344, 0.45931554754545356, 0.5228047935160781, 0.07955511774141728, 0.1731386737307462, -0.09029920112192134, -0.21635676340263, 0.6075361421748902, 0.3205644648810672, -0.13314215166615773]], "inverted": false, "swapped": true, "error_lsq": 0.046030155232414306, "error_max": 0.31806570168203807, "target": "1086.xyz", "model": "6.xyz", "model_rescale": 3.89814844738969, "target_rescale": 4.115769711466997},
{"mapping": [8, 10, 9, 6, 1, 11, 13, 0, 3, 4, 7, 5, 14], "R": [[-0.9687404117928302, -0.2386584931268578, -0.06770626424397978], [-0.2409220870049897, 0.9701578614366102, 0.027391091360211957], [0.05914864793567316, 0.042846791608717676, -0.9973292284377417]], "T": [-0.008008437979221385, 0.04994797306988523, 0.02714672382709767], "aligned_model": [[-0.08363586672166168, 0.06522759810308046, 0.49005531359487825, -0.423126389474523, 0.656630455210842, -0.4874604389677964, -0.6419690045382381, 0.2648437149802054, -0.4052308167378384, -0.4674129837676443, -0.01026520252207146, 0.18276931893405038, 0.008206102810939059], [-0.344535830838512, 0.2411715321012997, 0.4845281318207706, -0.5965812571453941, 0.2854977676225239, 0.5314495249417345, -0.0687126069244263, -0.6900474323119896, -0.33483265385698097, 0.7258170544719627, 0.7516240530029697, -0.045850027655746056, 0.024253010242273512], [-0.4984239775227766, -0.6134000116568019, -0.28460055780205656, -0.06838988621598739, 0.2707637882531642, -0.4605692805949701, -0.4098479560122136, 0.16508191209650744, 0.47217986117068034, 0.3020859587771449, 0.017372424853825338, 0.6523910125243259, 0.05763174296545444]], "inverted": false, "swapped": true, "error_lsq": 0.04921860082460575, "error_max": 0.2408449955174313, "target": "1086.xyz", "model": "7.xyz", "model_rescale": 3.7474275329858107, "target_rescale": 4.115769711466997},
{"mapping": [9, 13, 2, 8, 1, 4, 5, 1, 7, 12, 10, 0, 3, 6, 14], "R": [[0.4094404742358988, 0.8224485520400271, 0.39488843652954064], [-0.04454690119838012, -0.4142934317782152, 0.9090525430243572], [0.9112486332780445, -0.389793960487707, -0.13299096479161257]], "T": [0.024726795396529236, 0.02709238166947673, 0.04782008925372776], "aligned_model": [[-0.01935949167133523, -0.7297685711406565, 0.3156455104052718, 0.32870901584251894, 0.06126352328357133, -0.11115766631512523, 0.5548942933503574, 0.06126352328357133, 0.13581399179960207, -0.5375479075936737, -0.11233886754995036, 0.35958634379980975, 0.7344882593220282, 0.6181511839412822, 0.006062141756314525], [-0.7325873859126746, 0.076023682703773, 0.4264646897561354, -0.2988905278410878, 0.7635934065002598, -0.06809661559629648, -0.44902802588413104, 0.7635934065002598, -0.45725985856041224, 0.2375050326308769, 0.05239265836214157, 0.4823260493732032, 0.10521333698744503, -0.02819157538253205, 0.0532677035861641], [0.011994259084743275, -0.4384455771731517, -0.6336911407645627, -0.4684552909614024, -0.09720793558411857, -0.7168369016319871, 0.12029936661113158, -0.09720793558411857, 0.5135884588363027, 0.1900041020400834, 0.7933643600576679, 0.38670742784743445, -0.017527578272762648, 0.6061473029650978, -0.0025640563997235827]], "inverted": true, "swapped": false, "error_lsq": 0.041603612208514926, "error_max": 0.2740623583009252, "target": "1086.xyz", "model": "8.xyz", "model_rescale": 4.019505241142653, "target_rescale": 4.115769711466997},
{"mapping": [11, 13, 10, 9, 7, 1, 0, 4, 2, 3, 6, 5, 14], "R": [[0.8832456141735799, 0.030849225974573027, 0.46789476412961245], [-0.04800141951485089, 0.998539925042966, 0.024776638588550455], [-0.46644726257927077, -0.0443434702290888, 0.8834368160091287]], "T": [0.07307961713415148, 0.015365901600149834, -0.042493342858875106], "aligned_model": [[-0.47546265345847105, -0.6948027426070083, -0.09347784248739363, 0.4638090904222031, 0.1863420093776355, 0.8084055038565862, 0.24833746836607448, -0.1094366714848779, 0.01605271552260243, -0.1639032074456261, -0.44772280921875396, 0.485750132261512, 0.09580977863669347], [-0.5423171453529718, 0.015764613703762132, -0.14829283378463312, -0.30983253338268707, -0.6732552875387088, -0.09081746504966291, 0.7919818824289248, -0.7407284945879885, -0.2990290263707255, 0.309192671811867, 0.5707368066852453, 0.13672990285859155, 0.043245136693046124], [-0.338594445846599, -0.1740501976072483, -0.6731315258334242, -0.5675554717578595, -0.11613055783302181, -0.11030758249225689, 0.0424767543914309, 0.3295983168741831, 0.6874605701304187, 0.558673200072366, 0.09814162265408069, 0.45898213527285764, -0.018859323981048136]], "inverted": true, "swapped": true, "error_lsq": 0.05370078479884102, "error_max": 0.2860602992934198, "target": "1086.xyz", "model": "9.xyz", "model_rescale": 3.877068213659057, "target_rescale": 4.115769711466997},
{"mapping": [8, 11, 5, 1, 3, 0, 7, 6, 2, 10, 14, 13, 4, 2, 15], "R": [[-0.3501821319723343, -0.9362142744131593, 0.02958558487427107], [0.8133183386068027, -0.2882427621853274, 0.5054002276747045], [-0.4646350767356906, 0.20104462796308384, 0.8623777032333364]], "T": [0.05713357628602746, 0.1308820193708112, 0.012831491076576586], "aligned_model": [[-0.09451470126131505, -0.5919744229779389, 0.35196067028133243, 0.4902672968262159, 0.41163423414942846, -0.2035510634438662, 0.5954295296403435, -0.15752797620459918, 0.33714650526194173, -0.5995894679462467, -0.24498889229157322, 0.27517711806464623, 0.7338463403169391, 0.33714650526194173, 0.02524360683633644], [-0.619902179148366, -0.0922278969613042, 0.2931686546906387, -0.26516755406444137, 0.6214304627352393, -0.12130578949366308, -0.4819305370001984, 0.706494348159101, -0.1659780354009285, 0.2487229617726499, 0.19676849130525523, 0.5458512993741331, 0.11976171827086637, -0.1659780354009285, 0.1066180683850713], [-0.08016755719241844, -0.2583438153019936, -0.6926722118799584, -0.6262667218110852, -0.17809480626189259, -0.6958368822143594, -0.018550140066575314, 0.06664078352763564, 0.5361117462331746, 0.25374461842338425, 0.7297014468113625, 0.627563958501091, 0.018013541448897274, 0.5361117462331746, -0.06778684537980295]], "inverted": false, "swapped": false, "error_lsq": 0.045199342239042116, "error_max": 0.33996302625150926, "target": "1086.xyz", "model": "10.xyz", "model_rescale": 4.260839863003843, "target_rescale": 4.115769711466997},
{"mapping": [1, 7, 11, 10, 13, 8, 0, 5, 4, 12, 3, 14], "R": [[0.3937219580657728, -0.0702423982465024, 0.9165418840540971], [-0.26473524339782806, 0.9461666886052178, 0.18623600155966147], [-0.8802830627928422, -0.31596614195577544, 0.3539309628976195]], "T": [0.06378150193179942, 0.05520877684962557, -0.14969267153297952], "aligned_model": [[0.5976173773082364, 0.15084144732684387, -0.5103338828316665, -0.45112962994039707, -0.6136889410096383, -0.49265075515009393, 0.2014543054754348, 0.6908302936730497, 0.20669638622438452, -0.1541445909894425, 0.23900158001885108, 0.09440505898856835], [-0.15003710451378782, -0.6387457328455741, -0.48974657294289126, -0.23785074874364706, 0.11344728652795755, 0.3613129519382252, 0.802711430391013, 0.24687690854422517, -0.5592340585574245, 0.12550027311396206, 0.5136677490724649, 0.08517612354841098], [-0.6287242200542704, -0.09226745548298666, 0.1204925582387221, -0.46783214972125675, 0.23056087327029648, -0.33474649860420813, -0.4013940732708673, -0.06859415062828114, 0.4380814965501836, 0.5112210542952698, 0.36315188328095627, -0.1537712404780529]], "inverted": true, "swapped": true, "error_lsq": 0.05435892185164381, "error_max": 0.2711779405081935, "target": "1086.xyz", "model": "11.xyz", "model_rescale": 3.890672605050136, "target_rescale": 4.115769711466997},
{"mapping": [10, 11, 4, 9, 7, 0, 13, 1, 8, 3, 2, 12, 5, 14], "R": [[-0.6412249006255846, 0.7574097289481727, 0.1231305376921788], [0.599201374243937, 0.594463426742251, -0.5362564194208195], [-0.47936243065334894, -0.27008098185639834, -0.8350257021898171]], "T": [0.05811608755930139, -0.11273180744218295, 0.1656873957784617], "aligned_model": [[0.3426258048265712, 0.34333588980521584, 0.42767220812874507, 0.7012445957014696, 0.6847564206464142, -0.5022513567634155, -0.2656744507270215, 0.5243109061405126, -0.2592845085633099, -0.5140839023924338, 0.005636444311059356, -0.29151463978358344, -0.02517215773090132, 0.03827458119437138], [-0.4647027027928864, 0.12674987062421025, 0.6485207715484352, -0.4586282902434289, 0.17606526924804786, -0.5268219707335872, 0.012292900781092547, -0.3251835949093447, -0.5387161299081888, 0.2641871011850939, 0.646665455482536, 0.39929393196829677, 0.08885654112031677, -0.11642663354282867], [-0.33170660946817593, -0.5832338664071433, 0.0002609180577901049, 0.13644482722275897, 0.03774954953845863, 0.560130392334773, -0.5317932082917991, 0.708001389018832, -0.22846455491545437, 0.3512016814742406, 0.4012519037939715, -0.15808355117325606, 0.7893291486660575, 0.20370241550580806]], "inverted": false, "swapped": true, "error_lsq": 0.05444497205866166, "error_max": 0.32267223281917395, "target": "1086.xyz", "model": "12.xyz", "model_rescale": 4.124412569039231, "target_rescale": 4.115769711466997},
{"mapping": [7, 9, 0, 11, 5, 2, 10, 12, 8, 13, 3, 6, 14], "R": [[0.11536484680305714, -0.6605434814533666, -0.7418714586985897], [-0.40855583283542063, -0.7123138221154118, 0.5706935695094957], [-0.9054132115107794, 0.23725793544747792, -0.3520448671532331]], "T": [0.12790489067088337, 0.14315027316294454, 0.15581545374158792], "aligned_model": [[-0.36275095873046925, -0.347588828121972, 0.7630412513846343, -0.6002871006872715, 0.6614239097524057, 0.3941786885518327, -0.45697494242862813, 0.15824049150747443, 0.014837931629736317, -0.16521957816585867, 0.6745358978444321, 0.46479495798394677, 0.16906658698949506], [-0.25680507750364706, 0.34943665607425434, 0.6279047712505064, -0.08315003652275316, -0.09106922376598958, -0.6066493247333444, 0.4710297175483041, -0.2546502755953582, 0.6587788270303581, 0.1500492531589085, -0.12186326271617248, 0.35696804837497015, 0.14750530390844058], [0.4587057077582569, 0.6710488321528549, 0.1040226607394216, -0.18785511560408094, 0.4672677190424481, 0.11306289959302909, 0.10442734585848507, -0.4187053066671649, -0.24281294320401095, -0.5659747742668491, -0.21141555009120153, -0.5076883100639545, 0.16761491572060536]], "inverted": false, "swapped": true, "error_lsq": 0.05361298408655324, "error_max": 0.32250898847662973, "target": "1086.xyz", "model": "13.xyz", "model_rescale": 3.9028299243045295, "target_rescale": 4.115769711466997},
{"mapping": [2, 8, 11, 1, 14, 12, 6, 13, 3, 5, 4, 10, 9, 7, 15], "R": [[0.8127091886160407, -0.4871701731893792, -0.3196388541677737], [-0.4764547154996614, -0.23986187771579587, -0.8458470214505632], [0.3354022641801838, 0.8397210858215264, -0.42705247828519083]], "T": [0.02909516451333022, -0.03292441677047663, 0.029674019462170655], "aligned_model": [[-0.2228880395998734, -0.7099800000683933, 0.43213422024209935, 0.32198988610034057, 0.4262557407291859, -0.2451189327651498, 0.5703326620577172, -0.25093710326880975, 0.15025906538925066, -0.3921654967019762, -0.1731382653560709, 0.17945493898016956, 0.7818432310332191, 0.6617296254379414, 0.135933750303936], [-0.6758991416378122, -0.17441562130483307, 0.18977291214412118, -0.32617496963058834, 0.7210962194871272, 0.2247612384659819, -0.4220353359790105, 0.6896292230968154, -0.4694319256688353, 0.24559386415089485, 0.054110208046249476, 0.5689098331966447, 0.15193772415349321, 0.15631008139052893, -0.007838332687652542], [-0.22574277243374638, -0.14426648673330753, -0.5480993855933857, -0.47074135905502945, -0.20858426387866222, -0.5556848626776596, 0.021741425068361377, -0.1496288480847642, 0.4580079418148494, 0.11375050939960521, 0.6706809521929942, 0.4426390008319814, 0.03613882164302537, 0.6498287577279921, 0.06012943084837958]], "inverted": true, "swapped": false, "error_lsq": 0.052734376856370495, "error_max": 0.3669355464357244, "target": "1086.xyz", "model": "14.xyz", "model_rescale": 3.942246331269136, "target_rescale": 4.115769711466997},
{"mapping": [9, 3, 11, 6, 13, 10, 7, 12, 2, 3, 1, 12, 8, 0, 14], "R": [[0.7232479159159776, -0.5756080744485581, -0.38155968963298326], [0.2522705211042205, 0.7345424454856379, -0.6299261702467871], [0.64286237742226, 0.3593365280758446, 0.6764652417422476]], "T": [0.06894870125944577, 0.007702051253301041, -0.09990036623993814], "aligned_model": [[0.03416620534691309, -0.5586459536628332, 0.42264537269517666, 0.46921476598051703, 0.15338943048475517, -0.2103096817619796, 0.6372282090132401, 0.002929742697337423, 0.1350478358410571, -0.5586459536628332, -0.2584514972679913, 0.002929742697337423, 0.8323895460369332, 0.4689966901270063, 0.09282082794895012], [-0.7746598255921492, 0.28620034807195094, 0.2533793402467116, -0.2563202691062804, 0.7923383019322244, -0.2371782515200278, -0.5993811589501503, 0.7053200482641955, -0.4980506792714856, 0.28620034807195094, 0.22322307916945194, 0.7053200482641955, 0.12142222499769445, -0.0927517288873734, 0.011264151532215924], [-0.28661506241921897, 0.11249449782871929, -0.673182459929147, -0.38776957460212247, -0.2952092597234046, -0.709038206854904, 0.09881522219040245, 0.3208690308407323, 0.4679843039297813, 0.11249449782871929, 0.609325431592303, 0.3208690308407323, -0.044522348066905054, 0.5088591326812096, -0.005205375066263479]], "inverted": true, "swapped": false, "error_lsq": 0.057296128451741035, "error_max": 0.46248623474078915, "target": "1086.xyz", "model": "15.xyz", "model_rescale": 4.355366556412066, "target_rescale": 4.115769711466997},
{"mapping": [2, 12, 3, 1, 5, 7, 0, 9, 6, 11, 8, 14], "R": [[-0.7310825200175557, 0.26611067838085933, -0.6282542922865384], [0.6776524652151728, 0.39036992047973085, -0.6232162237718526], [0.07940708603506047, -0.8813605573409373, -0.46572318242824573]], "T": [-0.0501282553565455, 0.09032183285458636, -0.01054108915217529], "aligned_model": [[-0.25152231628303073, 0.38804531113573193, 0.11867817366635394, -0.7500399306981097, -0.5131398129277255, -0.3354295436991179, -0.011034450957712924, -0.3882795530088403, 0.5616471700208451, 0.36860860036186016, 0.4789600079539166, -0.06868510093239041], [-0.6805967433118244, -0.4537256514407293, -0.41624537464102285, 0.3485227172802502, -0.17985013470758796, -0.04384861048530206, 0.3365848278956005, 0.5679326836154941, -0.010276564964803614, -0.013538374945336468, 0.4716072623561741, 0.08621039109006805], [-0.017885098595214102, 0.024897447366013563, -0.4782913389537074, -0.016353845524745877, -0.39671622496944053, 0.6163970402201953, -0.7713918138379394, 0.427243512845987, -0.47428778110310027, 0.7060183079498332, -0.12121435836628706, -0.049157385822173605]], "inverted": true, "swapped": true, "error_lsq": 0.05032714610009042, "error_max": 0.2543981314860957, "target": "1086.xyz", "model": "16.xyz", "model_rescale": 3.795458400668931, "target_rescale": 4.115769711466997},
{"mapping": [8, 10, 9, 6, 1, 11, 13, 0, 3, 4, 7, 5, 14], "R": [[-0.9687404117928302, -0.2386584931268578, -0.06770626424397978], [-0.2409220870049897, 0.9701578614366102, 0.027391091360211957], [0.05914864793567316, 0.042846791608717676, -0.9973292284377417]], "T": [-0.008008437979221385, 0.04994797306988523, 0.02714672382709767], "aligned_model": [[-0.08363586672166168, 0.06522759810308046, 0.49005531359487825, -0.423126389474523, 0.656630455210842, -0.4874604389677964, -0.6419690045382381, 0.2648437149802054, -0.4052308167378384, -0.4674129837676443, -0.01026520252207146, 0.18276931893405038, 0.008206102810939059], [-0.344535830838512, 0.2411715321012997, 0.4845281318207706, -0.5965812571453941, 0.2854977676225239, 0.5314495249417345, -0.0687126069244263, -0.6900474323119896, -0.33483265385698097, 0.7258170544719627, 0.7516240530029697, -0.045850027655746056, 0.024253010242273512], [-0.4984239775227766, -0.6134000116568019, -0.28460055780205656, -0.06838988621598739, 0.2707637882531642, -0.4605692805949701, -0.4098479560122136, 0.16508191209650744, 0.47217986117068034, 0.3020859587771449, 0.017372424853825338, 0.6523910125243259, 0.05763174296545444]], "inverted": false, "swapped": true, "error_lsq": 0.04921860082460575, "error_max": 0.2408449955174313, "target": "1086.xyz", "model": "17.xyz", "model_rescale": 3.7474275329858107, "target_rescale": 4.115769711466997},
{"mapping": [11, 7, 9, 2, 13, 6, 10, 1, 12, 8, 3, 5, 0, 14], "R": [[-0.4728057948338714, 0.34032961057352384, 0.8127917547185042], [-0.8805022885150902, -0.14666013303100836, -0.4507843445584775], [-0.034211113562705286, -0.9287984504434753, 0.3690027617276044]], "T": [0.050421750736498454, 0.05393393519032533, 0.026561758967927215], "aligned_model": [[0.5225739758352232, 0.38497352977568333, 0.6702309269414156, -0.5049092226577749, 0.15117952020990721, -0.305935500103079, 0.6909770039647752, 0.17339032228739143, -0.2692137528261008, 0.275193723820729, -0.6235438162114416, -0.448070519298575, -0.3205351411706328, 0.018536597315355757], [-0.5495583220865019, 0.0883846554648997, 0.4144343632363753, -0.052815844149546626, -0.7061417834384717, -0.4019040617877462, -0.11839518014599995, 0.7732566137497993, -0.5475873670724126, -0.2438249730817816, -0.15893651301259898, 0.4682604705487823, 0.3159604525522909, 0.0792757307341456], [-0.3087802133791334, -0.589342621655527, -0.11482356235637182, -0.5348124014005957, 0.16470464603034235, 0.541024034863857, 0.13711369435500043, -0.12845905465086904, -0.13232466964571704, 0.5728023051580242, 0.09253773360405067, -0.1012772367944252, 0.6859559522010475, 0.040476112331972104]], "inverted": false, "swapped": true, "error_lsq": 0.050468725223148866, "error_max": 0.3090427501874423, "target": "1086.xyz", "model": "18.xyz", "model_rescale": 3.922800546911778, "target_rescale": 4.115769711466997},
{"mapping": [8, 1, 10, 4, 9, 6, 13, 2, 12, 0, 3, 7, 11, 7, 14], "R": [[0.6317679108296269, -0.14728468763834393, 0.7610364824587873], [0.7293577883304103, 0.44541969796417746, -0.5192672811445692], [-0.2625005208523231, 0.8831242910557814, 0.3888251060560297]], "T": [0.002502334281797469, -0.053921696517304184, -0.022172435671815555], "aligned_model": [[-0.10649700154909875, -0.6390277471722873, 0.30711391388028436, 0.4641826890915663, 0.258247039843982, -0.10928189492083251, 0.5585145771005726, -0.1835980693347762, 0.07532009499256781, -0.6488972223258476, -0.10277595566944234, 0.5236464653003129, 0.6858912062097402, 0.5236464653003129, 0.059220721766532036], [-0.6399860030741477, 0.022528340405812787, 0.39849720813057693, -0.23702698083681134, 0.7151636868041453, -0.2113202062400243, -0.4407044953024981, 0.618295225211245, -0.36454158086040955, 0.2875914460707736, 0.26324977404896427, 0.19859547865923546, 0.12626287408669887, 0.19859547865923546, -0.008874268539671673], [-0.1601522435789453, -0.3835276215759549, -0.6164194950293123, -0.5486616035842841, 0.05428346438301439, -0.684364074966478, 0.0921219177307598, -0.18532884131783384, 0.6967343077534064, 0.37467769569751735, 0.5232338198010005, 0.5281500970346624, -0.11024503646292218, 0.5281500970346624, 0.041516378151340586]], "inverted": false, "swapped": false, "error_lsq": 0.04816019986138932, "error_max": 0.4156157640948845, "target": "1086.xyz", "model": "19.xyz", "model_rescale": 3.9282355846067225, "target_rescale": 4.115769711466997},
{"mapping": [6, 3, 5, 12, 13, 2, 4, 7, 11, 10, 0, 8, 9, 14], "R": [[0.8035323224856995, -0.35663272607016694, 0.47660141147136703], [0.002412992209574888, -0.7987013297391584, -0.6017228293338197], [0.5952562340617145, 0.48465377804022297, -0.6409217824680354]], "T": [0.09474214455849511, -0.17192065375565035, 0.1389647903929464], "aligned_model": [[-0.5891985615831223, -0.19888081829749132, 0.45975876182523767, -0.38881797921497535, -0.6213422338444585, 0.20785144555749557, 0.23909389555145522, 0.4582232584802068, -0.21570934383799678, -0.035250434173727724, -0.03579351612787837, -0.4007065698794348, 0.5468096675710203, 0.10648524705834633], [-0.534778848625524, -0.6375731469215523, -0.645389001158099, -0.10057599723455994, 0.12665300924501993, -0.26211749650262783, 0.312907044580313, 0.3898068324375614, 0.5952637697850844, 0.3253154017012534, -0.8985097875695269, -0.169511563090745, 0.23463021408321305, -0.21323834330497438], [0.1359244066632219, -0.3091976284585345, -0.1422725171455959, -0.36135428389190305, 0.06805911943571041, -0.6446165831194673, -0.559281448202573, -0.07268034216192251, 0.017998678174493632, 0.5726562953558355, 0.4489587991037112, 0.5772413118786418, 0.5445077956488199, 0.13623955396324472]], "inverted": true, "swapped": true, "error_lsq": 0.048950388571922646, "error_max": 0.3622715593278043, "target": "1086.xyz", "model": "20.xyz", "model_rescale": 4.067790424073018, "target_rescale": 4.115769711466997},
{"mapping": [6, 13, 8, 4, 7, 5, 2, 9, 3, 10, 12, 12, 0, 0, 14], "R": [[-0.01940691134078055, -0.15839686112905346, -0.9871847882623976], [0.6378976048111955, 0.7583352100636288, -0.13421756574268545], [0.7698766249006079, -0.6323275603373741, 0.08632403413553777]], "T": [0.04234363395896727, 0.010524765198102533, -0.07209079974292985], "aligned_model": [[-0.05464871172473694, -0.6328989480411037, 0.3455834341909078, 0.40713538576619235, 0.3850049730798916, -0.10992854264667716, 0.6097324396986447, -0.14639215564130087, 0.23363438546155146, -0.6366020460952537, -0.060043076208927876, -0.060043076208927876, 0.6998254689689587, 0.6998254689689587, -0.014479717054590675], [-0.7223797035816526, 0.011244349527311882, 0.2192951993833993, -0.43379924735020886, 0.6645243111894199, -0.040841811712119175, -0.4612070550369777, 0.7235520405145065, -0.41210032908712985, 0.4359999747298736, 0.2803748335044923, 0.2803748335044923, 0.163561596588628, 0.163561596588628, 0.05416538846046082], [-0.10372033051418078, -0.2569432888510524, -0.5075542610005066, -0.6306385993291987, -0.17947682175600177, -0.6401055705598442, 0.024143105082410507, 0.17290064061309313, 0.6410297333514376, 0.09905367479035877, 0.6376357455642889, 0.6376357455642889, 0.148715437466985, 0.148715437466985, -0.04122178681842989]], "inverted": false, "swapped": false, "error_lsq": 0.056534197487616754, "error_max": 0.48357403465758736, "target": "1086.xyz", "model": "21.xyz", "model_rescale": 4.186013935880536, "target_rescale": 4.115769711466997},
{"mapping": [9, 1, 7, 13, 6, 11, 8, 0, 2, 5, 0, 12, 14], "R": [[-0.5543396742652327, -0.7880826603869876, -0.26764387893782254], [-0.04043643176100975, -0.29569351705574054, 0.9544266545720754], [-0.8313076569609792, 0.5398991242524613, 0.13204739720824682]], "T": [-0.0044626818359079804, -0.02931673176038243, -0.0734993834490988], "aligned_model": [[-0.03475396746878577, -0.3968852200351065, 0.4470830894474479, 0.4785224809378652, -0.08950513837631685, 0.7569618982325647, -0.09476060246405413, -0.7072599708756239, 0.3147716272440307, -0.33268613804445635, -0.7072599708756239, 0.46337011835938285, -0.03902417065809877], [-0.24415777215123352, 0.23537593225699235, 0.13744381843998596, -0.4530405930845551, -0.2652329075737273, -0.3584252374203102, -0.6331084010704726, -0.09398076794939006, 0.6713761087653317, 0.5426042780391678, -0.09398076794939006, 0.08110321466957934, -0.007020245425885155], [-0.7713815712097999, -0.6501450140255912, -0.5841335836255763, 0.36710713634969294, 0.6590042285625562, -0.18076105901970102, 0.18114438192440913, 0.3046039707623785, 0.13155659054792213, -0.03251705349132302, 0.3046039707623785, 0.4346143202659384, -0.060816756467938285]], "inverted": true, "swapped": true, "error_lsq": 0.05708784680745508, "error_max": 0.3705286114898609, "target": "1086.xyz", "model": "22.xyz", "model_rescale": 4.166573947596378, "target_rescale": 4.115769711466997},
{"mapping": [8, 10, 11, 3, 12, 9, 4, 14, 0, 13, 5, 6, 2, 1, 15], "R": [[-0.3736060158671421, 0.23092661973080236, 0.8983826808257083], [-0.6702832935214095, -0.7367031353896334, -0.08938006899289991], [0.6412011005402072, -0.6355638336208165, 0.430022978524681]], "T": [0.10544244885516152, 0.05533298138156666, -0.0576524427757497], "aligned_model": [[-0.06414133971515032, -0.6416606169964654, 0.4919071702128933, 0.5179707816107028, 0.18824554679763972, -0.08043791291750604, 0.503519956315849, -0.4457254531334409, 0.11984172232258061, -0.5584971611925915, -0.17192344619796096, 0.473462172672119, 0.7629633616558215, 0.447676519305798, 0.12250398177329733], [-0.7043031568983997, 0.04146651875319628, 0.38350907324558775, -0.18475473534008413, 0.6846373061724764, -0.024398668843378338, -0.5540540684093184, 0.57058936521309, -0.5227145215125281, 0.40493588713752526, 0.17506532470443636, 0.5460922066496107, 0.08594739283759951, -0.030410754224227135, 0.054718807737538136], [-0.27736456418561967, -0.006800074951288801, -0.6618368511322977, -0.42317250374283544, -0.22044393211042657, -0.6229315962404457, 0.04252357713740863, -0.2957754487171962, 0.5188972152412563, 0.33448929358034407, 0.7168114410982114, 0.3927079658558968, 0.08212683405053607, 0.561720557680594, 0.009216947506497014]], "inverted": true, "swapped": false, "error_lsq": 0.04833431108028587, "error_max": 0.4417673940656481, "target": "1086.xyz", "model": "23.xyz", "model_rescale": 4.274766983524099, "target_rescale": 4.115769711466997},
{"mapping": [9, 4, 11, 8, 12, 6, 0, 3, 5, 2, 14], "R": [[-0.6713278824006325, 0.2554325754018534, -0.695753601309443], [0.48784052167297987, 0.8589983986582201, -0.15534920829038235], [0.5579699810252499, -0.4437070548528502, -0.7012799367930701]], "T": [0.023985595520147757, -0.01861657427701492, -0.11496268751087999], "aligned_model": [[0.3033435599625358, 0.1783710878516668, -0.41755369325763225, -0.5277661729887909, -0.3713497442247585, -0.5562398206761154, 0.00043689167959551356, -0.08308914730562808, 0.5238750191578505, 0.28531784200515065, 0.04454888175420089], [-0.11039736054255198, 0.8294262499385051, 0.5362542491347739, -0.3648108858118438, 0.4325864521043417, -0.2228301038552422, -0.6967669441430929, 0.07073332668705778, -0.0761226789502068, 0.5585063141107837, -0.04099208742904149], [-0.7840286017452428, -0.13573822253146262, -0.5585236105736645, -0.2302060224583503, 0.24471136985809336, 0.3552346155141558, 0.3100374865146476, 0.5810601835395353, 0.31318149624603075, 0.36832147525015313, -0.08448373559231837]], "inverted": false, "swapped": true, "error_lsq": 0.05217697697641441, "error_max": 0.278472773834924, "target": "1086.xyz", "model": "24.xyz", "model_rescale": 3.7841303162186577, "target_rescale": 4.115769711466997},
{"mapping": [11, 10, 1, 6, 8, 7, 3, 9, 13, 14, 12, 2, 4, 5, 15], "R": [[-0.1209262541500391, 0.9881741067950294, -0.09428030397217703], [0.8217835045609974, 0.1529335478068481, 0.548892704985825], [0.5568201798504483, -0.011102459865113434, -0.8305588616686104]], "T": [0.0502840292239866, 0.115729286929288, -0.11483358197976083], "aligned_model": [[-0.16504832130796193, -0.6990142230170988, 0.5091086752292318, 0.5032237417736001, 0.19520236359071474, -0.1559890469920449, 0.5151868394083714, -0.24234781204086508, -0.15283643924264667, -0.5533852074010632, 0.026905577148350027, 0.3907107981608953, 0.7945388750275625, 0.6059704709898112, 0.09347899118673006], [-0.6155113647416794, 0.1198237720604339, 0.4787889528057271, -0.383984355410823, 0.6641936676059931, -0.14974516349193714, -0.4408600992003179, 0.4820044013722632, -0.4367534326395527, 0.11006186477901611, 0.12066960336707458, 0.6500573343200328, 0.1326624060763389, 0.13212138937120785, 0.06279700094934755], [-0.20619362423506477, -0.32409530723587204, -0.5738586543179213, -0.3739828530527896, -0.28109627512574115, -0.6714126817510179, 0.23598762599330564, 0.23495185874619579, 0.400438110565787, 0.39980249855605005, 0.6431907894491381, 0.29430720147990874, -0.06481021911597204, 0.5636077366756213, -0.12666734556099415]], "inverted": true, "swapped": false, "error_lsq": 0.04935875024295811, "error_max": 0.31705272114796135, "target": "1086.xyz", "model": "25.xyz", "model_rescale": 4.19342608120988, "target_rescale": 4.115769711466997},
{"mapping": [2, 12, 3, 1, 5, 7, 0, 9, 6, 11, 8, 14], "R": [[-0.7310825200175557, 0.26611067838085933, -0.6282542922865384], [0.6776524652151728, 0.39036992047973085, -0.6232162237718526], [0.07940708603506047, -0.8813605573409373, -0.46572318242824573]], "T": [-0.0501282553565455, 0.09032183285458636, -0.01054108915217529], "aligned_model": [[-0.25152231628303073, 0.38804531113573193, 0.11867817366635394, -0.7500399306981097, -0.5131398129277255, -0.3354295436991179, -0.011034450957712924, -0.3882795530088403, 0.5616471700208451, 0.36860860036186016, 0.4789600079539166, -0.06868510093239041], [-0.6805967433118244, -0.4537256514407293, -0.41624537464102285, 0.3485227172802502, -0.17985013470758796, -0.04384861048530206, 0.3365848278956005, 0.5679326836154941, -0.010276564964803614, -0.013538374945336468, 0.4716072623561741, 0.08621039109006805], [-0.017885098595214102, 0.024897447366013563, -0.4782913389537074, -0.016353845524745877, -0.39671622496944053, 0.6163970402201953, -0.7713918138379394, 0.427243512845987, -0.47428778110310027, 0.7060183079498332, -0.12121435836628706, -0.049157385822173605]], "inverted": true, "swapped": true, "error_lsq": 0.05032714610009042, "error_max": 0.2543981314860957, "target": "1086.xyz", "model": "26.xyz", "model_rescale": 3.795458400668931, "target_rescale": 4.115769711466997},
{"mapping": [8, 10, 13, 6, 3, 1, 9, 0, 7, 12, 5, 2, 14], "R": [[0.6571149196047539, 0.47419679428394534, 0.5859499831245563], [0.5039022154842652, 0.30178115855093457, -0.809327306825678], [-0.5606090791834246, 0.8270825428181189, -0.04064391347578952]], "T": [-0.13088031339896672, -0.10839690486348376, 0.01641194224806055], "aligned_model": [[0.07949102940978287, 0.2084883060704762, 0.5613804636903506, 0.04154141741592199, -0.17331375736866886, -0.7086519186286451, -0.22222910274260116, -0.6538753318916148, 0.09901474511496935, 0.3525636341917269, -0.6403046308569662, -0.07657199491000954, -0.16785647667346615], [-0.5757190654018549, -0.6612784922250383, -0.1771152851794346, -0.07626864516773997, 0.41317268367852855, -0.20209395933474017, -0.5602191599768795, -0.23947032261110845, -0.010869414917136125, 0.31396854474758196, 0.3122907841053739, 0.6799997709440155, -0.09451593540465328], [-0.40181698792801285, 0.1935587099993858, -0.3343065832317393, -0.7377025879836958, -0.46323460420020135, 0.478990230009179, 0.5835325917441587, -0.5755032402870967, 0.6722218246320637, -0.2613091515203894, 0.019956396632469137, 0.11844253299511748, -0.0006924687618128401]], "inverted": false, "swapped": true, "error_lsq": 0.05485713031351617, "error_max": 0.35128030375528096, "target": "1086.xyz", "model": "27.xyz", "model_rescale": 3.6321398670334006, "target_rescale": 4.115769711466997},
