[{"mapping": [6, 5, 1, 11, 7, 10, 3, 0, 2, 12, 9, 13], "R": [[0.9772121096587758, 0.18503118556056253, -0.10401900358250538], [-0.06598693040810577, -0.20095235168676942, -0.9773760163656936], [-0.201747906436623, 0.9619675736331289, -0.18416343156780607]], "T": [-0.017875958860313276, -0.12417836352554307, -0.021656540619750832], "aligned_model": [[0.6475672429644094, -0.07355142559687265, -0.24532876826765315, -0.38051350272195616, 0.05987882491572717, -0.7887750364465587, 0.4027753083836353, -0.006569147417816237, 0.5988110966289911, -0.5311017776289886, -0.18047551458120725, -0.03856244672152543], [-0.25196467738175427, -0.7350867290495688, -0.5113324222763957, -0.05438269519250609, 0.5582955967203536, 0.44988587247102513, -0.39990122132882316, 0.030246387659599805, 0.10871886527103225, -0.011515304806986815, 0.5476504754100084, 0.0125377540637171], [-0.3757783943988652, -0.46447983695591555, 0.34086389702262715, -0.6138426746242717, -0.3372163125516184, -0.32430119986219863, 0.1205746895956438, 0.734278368494147, 0.3742149054590373, 0.22129633983859595, 0.22114083872793303, -0.10779964636064414]], "inverted": true, "swapped": false, "error_lsq": 0.05782222676800645, "error_max": 0.39300377813219767, "target": "1087.xyz", "model": "0.xyz", "model_rescale": 3.8414455957264533, "target_rescale": 3.917055279402169},
{"mapping": [1, 10, 8, 6, 4, 2, 11, 13, 0, 9, 7, 14], "R": [[-0.8118754558870968, 0.3054976574334519, -0.4975232913450308], [-0.5599591078901303, -0.6486416947694642, 0.5154704155404914], [-0.16523934646145455, 0.6970904769893724, 0.6976824673672981]], "T": [-0.057158097977200964, -0.026757517547610108, -0.08632873711673544], "aligned_model": [[0.7600549158425903, -0.1342949492765762, -0.4277499884959448, -0.7497031065943215, 0.1294940865799769, -0.4711500746810474, 0.6097362944376529, 0.024853957520313455, 0.4325258068830111, -0.547232158225774, -0.17312294306955572, 0.010743012589859685], [-0.09754755305366139, -0.575378305031401, -0.6378691286536073, -0.14305824105907775, 0.4321775598598342, 0.45721123206861064, -0.45364666199319026, -0.20488958865027324, 0.3834047071493817, 0.12185084020208103, 0.5251196843361235, -0.06422264361511941], [-0.3613733736493674, -0.48813271684151777, 0.25057873824370674, -0.4282098956117078, -0.3107319268740271, -0.45914185415821557, 0.2287632016092776, 0.6460577651053347, 0.25644522960132793, 0.36450676666691656, 0.22179252290731494, -0.13160348261457236]], "inverted": false, "swapped": false, "error_lsq": 0.04335451843948395, "error_max": 0.21714638307469705, "target": "1087.xyz", "model": "1.xyz", "model_rescale": 4.316132596720782, "target_rescale": 3.917055279402169},
{"mapping": [8, 6, 4, 3, 10, 7, 2, 0, 1, 5, 9, 11], "R": [[0.8484817229438699, -0.31297755833530594, -0.42675966750464206], [0.5067529095601248, 0.2479899347334811, 0.8256527605011882], [-0.15257868292310867, -0.9168129799742989, 0.3690172154088417]], "T": [-0.035469049732262156, 0.033209702753644904, -0.004789013565636584], "aligned_model": [[0.6597990983741371, -0.0010867253152332806, -0.2471544927542924, -0.5892066591188952, 0.18404054467516656, -0.6568319016463782, 0.5364639574917421, -0.06190943090457211, 0.3975129349886927, -0.5760798277206474, -0.12203573218668577, -0.059356912372849485], [-0.0949500600176664, -0.5331463841411059, -0.6941305292207328, -0.14667792927160342, 0.2712317499648302, 0.5591161750241945, -0.4892347364622587, -0.13342104478808195, 0.25905008960972153, 0.10815796463017216, 0.7219929583643855, -0.08483635213215428], [-0.3001081515299598, -0.599897912511416, 0.13837240337610998, -0.30815695622642086, -0.5455263264947259, -0.3759920691361141, 0.31249610257612165, 0.6847392010881174, 0.23210755453235815, 0.33855138120532374, 0.256046838094209, -0.04368109058913247]], "inverted": false, "swapped": false, "error_lsq": 0.04498715486152926, "error_max": 0.2274098132198252, "target": "1087.xyz", "model": "2.xyz", "model_rescale": 3.795458400668931, "target_rescale": 3.917055279402169},
{"mapping": [3, 5, 4, 10, 6, 2, 9, 7, 8, 0, 1, 11], "R": [[0.5824913350762835, -0.25837978455644417, 0.7706774497113654], [-0.510967692060557, -0.8537679838653052, 0.09996122946862679], [0.6321517715164265, -0.45201782781117955, -0.6293361749569988]], "T": [-0.11584159218403951, 0.004223951161340587, -0.0094890979152861], "aligned_model": [[0.5861165638906107, 0.07977255399012591, -0.4362226328790254, -0.6318431688196138, 0.21399544447120383, -0.4695681119971138, 0.5712641140682464, 0.07586507859694348, 0.572105951304797, -0.7418906903070527, -0.17010439975778902, -0.18533584905114778], [-0.06688675552831484, -0.5222378909747023, -0.5364301309477716, -0.2730129939842723, 0.3650964755932639, 0.4848375573870421, -0.5054468436615136, -0.16657756188942793, 0.35072639497625413, 0.06799255993632215, 0.5804163027070685, -0.035325212054247365], [-0.3826754321376738, -0.4318605578181783, 0.1170173666845418, -0.45208686627397626, -0.33854053307629906, -0.49075141942678285, 0.14109666551359965, 0.7098006157144944, 0.12176321966159723, 0.45548835901139745, 0.23815331302046158, 0.10154624351128844]], "inverted": false, "swapped": false, "error_lsq": 0.052613795470768526, "error_max": 0.2718487031116135, "target": "1087.xyz", "model": "3.xyz", "model_rescale": 3.7530521520055578, "target_rescale": 3.917055279402169},
{"mapping": [2, 9, 3, 5, 1, 10, 0, 7, 8, 4, 11], "R": [[-0.23777236489148348, 0.2598907086632276, -0.9359065776264406], [-0.06655837055369293, 0.9569158038341974, 0.2826342648752786], [0.9690378144340646, 0.12949503435606013, -0.21023023158902304]], "T": [-0.1290513867582689, -0.06518142703668306, 0.08824400348245917], "aligned_model": [[-0.42240028670593976, -0.31362014453598275, 0.31400349969872865, 0.6469910280266379, 0.3114445854633704, -0.1999933318243123, -0.040095693500883794, -0.7086508914782358, -0.4878883401095312, 0.26183327790226296, -0.023424100490908956], [-0.5049747761085105, 0.01082066643694543, -0.2507293893837843, 0.30792993756595355, -0.7353903264768652, 0.5514777705512988, -0.38226224997721925, 0.10356115391968615, 0.27719663663464, 0.20021445923839398, -0.1106405240861924], [-0.33984690485269575, -0.6164222327154766, -0.4917414099687638, -0.39100281531249115, 0.09250414601229781, -0.05951666507355299, 0.7835834702742692, 0.02907428319649087, 0.602629570396596, 0.39193642886339497, 0.09163290642524768]], "inverted": false, "swapped": true, "error_lsq": 0.05072527284129451, "error_max": 0.30092844596012935, "target": "1087.xyz", "model": "4.xyz", "model_rescale": 3.7855080009869324, "target_rescale": 3.917055279402169},
{"mapping": [5, 2, 12, 14, 10, 15, 4, 6, 7, 13, 8, 16], "R": [[0.6758497175971034, -0.3150566420640728, 0.666308090537123], [-0.3789963873313035, -0.9239112556283111, -0.052437869075111235], [0.6321304435112556, -0.21708824015738082, -0.7438304903481944]], "T": [-0.03430202739119863, -0.1244868929711093, -0.04508969264067986], "aligned_model": [[0.7276516811027393, -0.12843249896440168, -0.5304918231947942, -0.5955483333258234, 0.21608678283986327, -0.5439316561722717, 0.5384803426720928, 0.08763311082048143, 0.5502145155693252, -0.5890457564709892, -0.19973364503097785, -0.0687278663350587], [-0.06682956999426565, -0.5985958240295619, -0.5630596999785339, -0.24642842913158797, 0.48244071250611303, 0.4706411399990527, -0.38170989952656703, -0.03048496099141053, 0.2532568837921891, 0.037276212764996416, 0.5201206985308121, -0.13347536238153543], [-0.3119331370772689, -0.6037898478140157, 0.11148247124603247, -0.4026232496202027, -0.36117290873264996, -0.3008598483027264, 0.3457523026830031, 0.5892387135657151, 0.23243421983892304, 0.3918997025906644, 0.18387167271775415, -0.08534911671075815]], "inverted": true, "swapped": false, "error_lsq": 0.043011113808956246, "error_max": 0.2561216572704007, "target": "1087.xyz", "model": "5.xyz", "model_rescale": 4.2253639853439635, "target_rescale": 3.917055279402169},
{"mapping": [1, 0, 3, 7, 9, 12, 4, 2, 10, 6, 5, 13], "R": [[0.5718652980522735, -0.27985346016694984, 0.7711369020583636], [0.27860134087620164, -0.8178888257501024, -0.5034274144055939], [0.771590159181393, 0.5027324432993205, -0.38975468785984935]], "T": [0.007023734088519272, 0.10618241387973595, -0.0396503940728486], "aligned_model": [[0.6836604484140562, -0.03181227229849052, -0.34474416466251834, -0.6506298781236782, 0.16645487211351737, -0.7414735732336893, 0.3384278782489649, 0.03598769055261831, 0.5941178998785414, -0.5530448814863445, -0.011462968830190969, -0.02132619706260087], [-0.09231671180727502, -0.4197428673182747, -0.47199568022850913, -0.26985460781754456, 0.26477483677195185, 0.3349229847464271, -0.47961681483870044, -0.05687028802306776, 0.29840244843914043, 0.07015903988171443, 0.5077438851071417, 0.057545676646697186], [-0.24328397648621364, -0.6437671150227834, 0.17243192390764503, -0.27519041335661976, -0.6071242552458667, -0.5483480416396671, 0.17926024768011325, 0.6105392072477, 0.43667341721359004, 0.27458428017072284, 0.44937710320267443, -0.01620140328682412]], "inverted": true, "swapped": false, "error_lsq": 0.048235062620335896, "error_max": 0.284530711377312, "target": "1087.xyz", "model": "6.xyz", "model_rescale": 3.89814844738969, "target_rescale": 3.917055279402169},
{"mapping": [1, 6, 9, 8, 0, 7, 5, 10, 2, 11, 4, 12], "R": [[-0.13872706721308023, -0.39757784743140545, 0.9070207583370226], [-0.9190064643810564, 0.3929667176735109, 0.031690333332694054], [-0.3690283447762347, -0.8291616332372822, -0.41989173213936365]], "T": [-0.11287833252152776, 0.0695291614830258, -0.10926946756197092], "aligned_model": [[0.7046504639074627, -0.0031311387842097166, -0.22247030209173926, -0.6568796046168136, 0.24204662309492245, -0.46841212283595435, 0.3737927606695507, 0.06212987552576707, 0.4357495950196364, -0.8009961425728742, -0.13603377215099466, -0.06629138165456898], [-0.07628849470643746, -0.45927310422486023, -0.7240225361314062, -0.29598019054274594, 0.26863639193327504, 0.5323746793386243, -0.5153961424969089, -0.06408533853090558, 0.3187023833906598, 0.05608532465931025, 0.6048092848016317, 0.09758964406946424], [-0.2679530841914711, -0.5163315860116837, 0.2859661361652094, -0.2770559445353703, -0.5398446342070073, -0.41034160192780056, 0.0443216774985743, 0.5910325783826544, 0.2628433474915049, 0.3169388288901351, 0.24910855015097128, 0.050266706678754824]], "inverted": true, "swapped": false, "error_lsq": 0.05177113884028197, "error_max": 0.2549457666990745, "target": "1087.xyz", "model": "7.xyz", "model_rescale": 3.7474275329858107, "target_rescale": 3.917055279402169},
{"mapping": [3, 1, 10, 12, 8, 13, 6, 7, 5, 11, 9, 14], "R": [[-0.3003645844984922, -0.8839637036409111, -0.35831450853194846], [0.653932919044151, -0.4643208029550921, 0.5973089061227317], [-0.6943722731859646, -0.054903211095364224, 0.7175184901045923]], "T": [-0.07019202851771777, -0.04483940787019476, -0.15343607153637315], "aligned_model": [[0.6370652421336375, -0.05645724003661717, -0.29580840532094865, -0.6558678818930954, 0.30994892605147395, -0.7632759250060057, 0.45499381451180787, 0.010845852466490835, 0.4725249316278579, -0.4969469361818032, -0.0687305037560828, -0.08413702108653023], [-0.14083757884844572, -0.4682691650769169, -0.5659995300138998, -0.22415328268925444, 0.5084455627745447, 0.3515994935547733, -0.46744283875707626, -0.04115313591857357, 0.17631458249267296, 0.11854531982413664, 0.522014893584763, -0.025912419367023223], [-0.22203666383876006, -0.7741778989872776, 0.34930912962779825, -0.2274154461603402, -0.2741792360401989, -0.5664527038384454, 0.30756747387488237, 0.5228012427022786, 0.2583535321920525, 0.268067944020696, 0.3554986049750446, -0.2083850041432598]], "inverted": false, "swapped": false, "error_lsq": 0.04454697273688874, "error_max": 0.24776788367404956, "target": "1087.xyz", "model": "8.xyz", "model_rescale": 4.019505241142653, "target_rescale": 3.917055279402169},
{"mapping": [6, 2, 1, 0, 5, 4, 10, 9, 11, 7, 8, 12], "R": [[-0.3929071937792784, -0.9139280953757081, -0.10178100785226805], [-0.7789965032184367, 0.38961207990480845, -0.4912910289896384], [0.48865978456380166, -0.11374473031828786, -0.8650281794686686]], "T": [-0.006086223238442837, -0.0641809750351196, -0.07514842413010406], "aligned_model": [[0.6668728994293466, -0.025543436255260114, -0.16950986584447225, -0.6251898235299737, 0.22186608049544004, -0.5893611435029817, 0.567228252261296, 0.01815293814232008, 0.3836604480011493, -0.81261866377165, -0.18104750534365355, 0.009644673428624219], [-0.21337721544971394, -0.3791980816032133, -0.6595565827838623, -0.17788183318650883, 0.4070249939019236, 0.448689427340438, -0.6630356044901167, 0.00870881602846807, 0.3545409162028352, 0.19435281046376124, 0.4524190099914694, -0.02953475485577925], [-0.30521002247117246, -0.5755060978473587, 0.19894262079064604, -0.2377181784904771, -0.4953000648533975, -0.36557739823677016, 0.3132629598181088, 0.6041450344315891, 0.16983940015664956, 0.2446166368113055, 0.32316042164253356, -0.08570433736718545]], "inverted": true, "swapped": false, "error_lsq": 0.04834974990304209, "error_max": 0.32560500054423586, "target": "1087.xyz", "model": "9.xyz", "model_rescale": 3.877068213659057, "target_rescale": 3.917055279402169},
{"mapping": [11, 9, 7, 2, 6, 13, 0, 5, 12, 4, 3, 15], "R": [[0.6185479696462244, 0.6171076891040331, -0.4863913129314853], [0.7568735980192406, -0.30167782735605336, 0.5797696483114142], [0.21104683335208596, -0.7267520818892862, -0.6536747246158792]], "T": [-0.0527764366906605, -0.030029890847680655, -0.10751498783617058], "aligned_model": [[0.6125102240643628, -0.09604041175102086, -0.5184723496951805, -0.6077583091947465, 0.13516012671342081, -0.554435178724272, 0.5510335291637949, 0.13282470425678355, 0.5844922546421, -0.6039636031401308, -0.18926760321599373, 0.018071470391067185], [-0.29834139283571554, -0.417929490600079, -0.6242720983153212, -0.2700258805147918, 0.5403233065658234, 0.44451275064886747, -0.3522226199148239, 0.07987514751618763, 0.2670108609598137, -0.017269894363731032, 0.45384570720473477, -0.06235449479126369], [-0.28088705359666033, -0.6397813054569261, 0.20279144924124648, -0.3809238466631432, -0.24780630424921224, -0.4550581994033144, 0.29914384473100514, 0.6437962268171005, 0.1451718193505121, 0.28506693963388585, 0.27977806632075114, -0.062340662340774386]], "inverted": false, "swapped": false, "error_lsq": 0.04214947460781302, "error_max": 0.21822353223662777, "target": "1087.xyz", "model": "10.xyz", "model_rescale": 4.260839863003843, "target_rescale": 3.917055279402169},
{"mapping": [6, 5, 3, 4, 10, 9, 0, 1, 7, 2, 8, 11], "R": [[0.8084419212432257, 0.41757184962907706, -0.4147956248249416], [0.4736677371026589, -0.043254101888452856, 0.879640811637267], [0.3493716285055337, -0.9076138127348959, -0.23275874232392776]], "T": [-0.06463141831457848, 0.016308012452990867, -0.012684559968394278], "aligned_model": [[0.6159059728068095, -0.044068491086977066, -0.24273458076974547, -0.5955008542617392, 0.1333249351906618, -0.5581593525008595, 0.6365103137255967, -0.06505189187678091, 0.5051734997666685, -0.6654073051531794, -0.22821893349252065, -0.0276184588377497], [-0.29132447265917405, -0.4938275184025228, -0.6312248374256845, -0.08737079108181971, 0.3524662056718455, 0.5427531223859675, -0.42572505423401674, -0.09721616522135353, 0.2607659830534596, -0.061094508633227684, 0.6601490182474088, 0.014800919858818422], [-0.394111418020677, -0.4553467431628629, 0.21712741374976524, -0.5061733706581149, -0.5037494673695891, -0.35182905065442804, 0.2754843297508301, 0.7017191966193206, 0.1998437563157401, 0.3089274884132533, 0.25993475555103435, 0.03712408385019918]], "inverted": false, "swapped": false, "error_lsq": 0.04411172047781261, "error_max": 0.20929108459534237, "target": "1087.xyz", "model": "11.xyz", "model_rescale": 3.890672605050136, "target_rescale": 3.917055279402169},
{"mapping": [3, 7, 5, 12, 4, 10, 8, 6, 0, 9, 11, 13], "R": [[-0.61347092557912, 0.5425173466770113, 0.5738713723680884], [-0.32326418889069475, -0.8355217196109944, 0.44430138446681444], [0.7205232041023655, 0.08705391784878116, 0.6879447127038907]], "T": [-0.00902791195766741, 0.09614661103298254, 0.13606832454831466], "aligned_model": [[0.7043282730117627, -0.009314907034508789, -0.37655416305238054, -0.4909537979441312, 0.2032615085625699, -0.5862218038565238, 0.4190024904662507, 0.055406292659574786, 0.571107964950139, -0.6860807708313866, -0.3241818486146183, -0.015644384806562932], [-0.19098606493513925, -0.514202633821337, -0.5870941510790287, -0.1206623109371598, 0.3857561053315553, 0.518782300353458, -0.46351787423805374, 0.0699907865584818, 0.19984987575147722, -0.12257859886314677, 0.5247891511250228, 0.043025316313571135], [-0.37553790660928277, -0.4592785383946164, 0.08058231207739233, -0.38916826834614393, -0.46569291263172186, -0.40037066518846776, 0.2869215126659592, 0.7081019337558155, 0.09888584267375636, 0.45162992688329284, 0.2764454342504393, -0.02356769675195239]], "inverted": true, "swapped": false, "error_lsq": 0.04278476757968394, "error_max": 0.24741853707217126, "target": "1087.xyz", "model": "12.xyz", "model_rescale": 4.124412569039231, "target_rescale": 3.917055279402169},
{"mapping": [2, 10, 9, 7, 4, 5, 8, 6, 1, 3, 0, 12], "R": [[-0.3686298406902291, -0.8168678909794094, -0.443665289649245], [0.11447712654497169, 0.43375144840864666, -0.8937307583950593], [0.9225004217076018, -0.3802453545939164, -0.06638103839986162]], "T": [-0.13330764205281143, -0.019627815384445045, 0.014050700852165268], "aligned_model": [[0.6527366058823028, -0.0013651932279643564, -0.35834429013778246, -0.6129259600857334, 0.2339312275287712, -0.5363374710670227, 0.37250214219859856, 0.05164118456074862, 0.5362433420387479, -0.5535084123063447, -0.24811913064466934, -0.0722991912294674], [-0.11923308993358, -0.341395828425916, -0.5735342806724585, -0.2647499104015281, 0.4659155942510506, 0.3598909769777894, -0.4914379791282001, -0.17836394500878427, 0.2699562578291729, 0.12662808846901816, 0.542705213869933, -0.05322919626679578], [-0.3244884301490134, -0.6368457642472832, 0.24029704166503196, -0.306821706901682, -0.4836032610304923, -0.5029389723917973, 0.2049636455208692, 0.6371153744376864, 0.3755847146762693, 0.5715396236410138, 0.09988355989194071, -0.08573485072807244]], "inverted": true, "swapped": false, "error_lsq": 0.04768348397968611, "error_max": 0.3130653350298648, "target": "1087.xyz", "model": "13.xyz", "model_rescale": 3.9028299243045295, "target_rescale": 3.917055279402169},
{"mapping": [14, 1, 6, 2, 5, 8, 9, 7, 10, 3, 4, 15], "R": [[-0.1720409650799054, -0.4976823247647819, -0.8501259965152798], [-0.6630479800313063, 0.6967436760066492, -0.27370719048126324], [0.7285391427444238, 0.5165854755618514, -0.4498557145660779]], "T": [-0.0945590740595506, 0.020823687563139456, -0.14761858018090243], "aligned_model": [[0.7749630430819598, -0.19849093806155066, -0.24918899669352684, -0.7519496767797945, -0.005376671851443818, -0.4818978839127431, 0.3566705420645855, 0.24664564585399656, 0.4691851756048763, -0.4991868071173037, -0.16231810206996755, -0.034900476608903296], [-0.12075911217195065, -0.5623091817344124, -0.558977460344913, -0.14692174328211638, 0.5002033389523594, 0.46806569352049854, -0.5010531360650314, -0.11009599289945679, 0.3288434516969799, -0.03558370994659665, 0.5212592893601431, -0.03951953552580258], [-0.23090274076304432, -0.4147383662932016, 0.1427750804936246, -0.43371093492223145, -0.3036425611117012, -0.6440562842751564, 0.20576771122822715, 0.6812766678531662, 0.23009671990925815, 0.3233209577481968, 0.3044170339689819, -0.07165230945164935]], "inverted": true, "swapped": false, "error_lsq": 0.04822933859664777, "error_max": 0.23850642055782856, "target": "1087.xyz", "model": "14.xyz", "model_rescale": 3.942246331269136, "target_rescale": 3.917055279402169},
{"mapping": [13, 8, 0, 6, 4, 9, 12, 1, 3, 2, 5, 14], "R": [[-0.1363202004601877, 0.82469217297262, -0.5489076632587605], [-0.9511967748266328, 0.045877617326699836, 0.3051555993060545], [0.27684201000915054, 0.5637180714383063, 0.778190489165712]], "T": [-0.051735596848621376, 0.05274504608294192, -0.1715311136406478], "aligned_model": [[0.6689312890416331, -0.23422108280720716, -0.38841567162673174, -0.39271157022652403, 0.394900479572299, -0.7262638888202166, 0.5436867147480803, 0.1497280711460614, 0.3975038539284894, -0.6319823473782409, -0.24444811561101304, -0.07255287845644479], [-0.2541814864391694, -0.6483511781843292, -0.4761322451970639, -0.06272539399024657, 0.37700444368867214, 0.4659547103050218, -0.33389824181193206, -0.0367230024786622, 0.3806376952357211, -0.021300976384344833, 0.35817098477520415, -0.0053034079591699895], [-0.38916656507380165, -0.4435679825029888, 0.21272507809084193, -0.5995397027912827, -0.3691065048873805, -0.3213031499348781, 0.23350653515441247, 0.6082440427636361, 0.28368120714790346, 0.31885527860130447, 0.3503466874539376, -0.09572394963723375]], "inverted": true, "swapped": false, "error_lsq": 0.056177357015225915, "error_max": 0.3729681342003101, "target": "1087.xyz", "model": "15.xyz", "model_rescale": 4.355366556412066, "target_rescale": 3.917055279402169},
{"mapping": [8, 6, 4, 3, 10, 7, 2, 0, 1, 5, 9, 11], "R": [[0.8484817229438699, -0.31297755833530594, -0.42675966750464206], [0.5067529095601248, 0.2479899347334811, 0.8256527605011882], [-0.15257868292310867, -0.9168129799742989, 0.3690172154088417]], "T": [-0.035469049732262156, 0.033209702753644904, -0.004789013565636584], "aligned_model": [[0.6597990983741371, -0.0010867253152332806, -0.2471544927542924, -0.5892066591188952, 0.18404054467516656, -0.6568319016463782, 0.5364639574917421, -0.06190943090457211, 0.3975129349886927, -0.5760798277206474, -0.12203573218668577, -0.059356912372849485], [-0.0949500600176664, -0.5331463841411059, -0.6941305292207328, -0.14667792927160342, 0.2712317499648302, 0.5591161750241945, -0.4892347364622587, -0.13342104478808195, 0.25905008960972153, 0.10815796463017216, 0.7219929583643855, -0.08483635213215428], [-0.3001081515299598, -0.599897912511416, 0.13837240337610998, -0.30815695622642086, -0.5455263264947259, -0.3759920691361141, 0.31249610257612165, 0.6847392010881174, 0.23210755453235815, 0.33855138120532374, 0.256046838094209, -0.04368109058913247]], "inverted": false, "swapped": false, "error_lsq": 0.04498715486152926, "error_max": 0.2274098132198252, "target": "1087.xyz", "model": "16.xyz", "model_rescale": 3.795458400668931, "target_rescale": 3.917055279402169},
{"mapping": [1, 6, 9, 8, 0, 7, 5, 10, 2, 11, 4, 12], "R": [[-0.13872706721308023, -0.39757784743140545, 0.9070207583370226], [-0.9190064643810564, 0.3929667176735109, 0.031690333332694054], [-0.3690283447762347, -0.8291616332372822, -0.41989173213936365]], "T": [-0.11287833252152776, 0.0695291614830258, -0.10926946756197092], "aligned_model": [[0.7046504639074627, -0.0031311387842097166, -0.22247030209173926, -0.6568796046168136, 0.24204662309492245, -0.46841212283595435, 0.3737927606695507, 0.06212987552576707, 0.4357495950196364, -0.8009961425728742, -0.13603377215099466, -0.06629138165456898], [-0.07628849470643746, -0.45927310422486023, -0.7240225361314062, -0.29598019054274594, 0.26863639193327504, 0.5323746793386243, -0.5153961424969089, -0.06408533853090558, 0.3187023833906598, 0.05608532465931025, 0.6048092848016317, 0.09758964406946424], [-0.2679530841914711, -0.5163315860116837, 0.2859661361652094, -0.2770559445353703, -0.5398446342070073, -0.41034160192780056, 0.0443216774985743, 0.5910325783826544, 0.2628433474915049, 0.3169388288901351, 0.24910855015097128, 0.050266706678754824]], "inverted": true, "swapped": false, "error_lsq": 0.05177113884028197, "error_max": 0.2549457666990745, "target": "1087.xyz", "model": "17.xyz", "model_rescale": 3.7474275329858107, "target_rescale": 3.917055279402169},
{"mapping": [0, 4, 9, 5, 3, 10, 2, 7, 1, 12, 11, 13], "R": [[0.5878527672209499, -0.041115774220362444, -0.8079224078962858], [-0.7617853560488839, 0.30795211603802153, -0.5699548802643772], [0.2722355512789384, 0.9505130127136427, 0.1497091088808136]], "T": [-0.02803807358095013, -0.017062041451164082, -0.040303079279495085], "aligned_model": [[0.6658877960222479, -0.09677521066982799, -0.308963894400047, -0.6494247820902546, 0.18496783578179674, -0.4895087845880036, 0.4879090400548014, -0.0960234308137355, 0.5427617321788804, -0.6956875555806137, -0.13682477130311094, 0.05583687891805182], [-0.28052325706570513, -0.6064757471544637, -0.5905644565328024, -0.18245182881866834, 0.5654820565915245, 0.41026951128840283, -0.39314690645630207, 0.03652745540208285, 0.3107645708033967, -0.06411877261740062, 0.6191046859108186, -0.08171540979118215], [-0.4252673193631985, -0.6208997650558908, 0.159446336110688, -0.3715804757206018, -0.31573008906868394, -0.32468292627870143, 0.26984442442589807, 0.7079785782968775, 0.17238380525247252, 0.293263640509859, 0.28403318326650295, -0.03983841799075061]], "inverted": false, "swapped": false, "error_lsq": 0.04195259776561112, "error_max": 0.28213495237852637, "target": "1087.xyz", "model": "18.xyz", "model_rescale": 3.922800546911778, "target_rescale": 3.917055279402169},
{"mapping": [7, 13, 4, 8, 3, 5, 11, 10, 9, 6, 2, 14], "R": [[-0.7159775159339319, -0.6200080647952263, -0.3208834621259794], [0.18469020294287875, -0.6114804098083257, 0.7694031695785769], [-0.673250121139235, 0.49161133836550264, 0.5523156401700795]], "T": [-0.17102756813512698, 0.05877267688406143, -0.10709770271811472], "aligned_model": [[0.570462462336539, -0.02350597920420286, -0.2622999829326582, -0.6740710223234705, 0.22980400519960098, -0.533663646964932, 0.3137425526562664, 0.011307619443271993, 0.5066509897624732, -0.6588607922707508, 0.06198204303272084, -0.07739339522467324], [-0.05924881151910813, -0.5564539636547324, -0.5577019886162594, -0.20961602259357467, 0.47036643777550124, 0.43944756729333756, -0.41135690219161924, -0.11146818041373563, 0.29141252534349393, -0.12880713462539534, 0.5201169223290633, 0.056461452432729514], [-0.3799978347167706, -0.3745809889077951, 0.2609993934202005, -0.3291459929898076, -0.38829846622766173, -0.6603746878969164, 0.11922004213373288, 0.6599567784894245, 0.2793911832664435, 0.343013763095222, 0.38888311453793234, -0.13011532981953297]], "inverted": true, "swapped": false, "error_lsq": 0.04715428810558676, "error_max": 0.2621673931116877, "target": "1087.xyz", "model": "19.xyz", "model_rescale": 3.9282355846067225, "target_rescale": 3.917055279402169},
{"mapping": [4, 6, 5, 7, 11, 12, 3, 1, 0, 2, 10, 13], "R": [[0.9974478702640592, -0.06182347925600748, 0.03571559209049307], [0.052723981762313826, 0.30047373772397257, -0.9523317251280209], [0.04814486320283482, 0.9517843192398513, 0.3029664697558345]], "T": [-0.05145431332406953, -0.05497015059058827, -0.22442825589340365], "aligned_model": [[0.5695505977385977, -0.0759604485111511, -0.2329866227551144, -0.6541389563744604, 0.38327764466571407, -0.6235597633844624, 0.4259917652808942, 0.046679402584809744, 0.5236267234908155, -0.5807035975017486, -0.29007141002215187, -0.027550481701558042], [-0.0856618781253258, -0.6801677144016297, -0.6089290849140231, -0.16127532317672613, 0.5144387484633051, 0.49744294960950663, -0.48017053327163695, -0.10035807832158103, 0.21172020294686691, -0.019637321138187752, 0.6578345492454042, -0.0020846153562711703], [-0.33747144780160354, -0.4125014054921575, 0.16010480115692027, -0.34091090564123955, -0.23646161396820994, -0.5249768642849261, 0.17256663794553395, 0.5170638250655327, 0.2637879304654905, 0.4059390947206485, 0.19652980620609273, -0.0747188839876115]], "inverted": true, "swapped": false, "error_lsq": 0.04258937694681276, "error_max": 0.2609706193700871, "target": "1087.xyz", "model": "20.xyz", "model_rescale": 4.067790424073018, "target_rescale": 3.917055279402169},
{"mapping": [2, 6, 11, 13, 8, 1, 3, 12, 0, 10, 9, 14], "R": [[-0.05911717145703922, -0.5206231142403831, -0.8517374788968513], [0.2670773896438613, 0.8138766091217448, -0.5160179580843207], [0.9618600875282954, -0.25798534462859646, 0.09093257929325538]], "T": [0.004820085474851757, 0.002430040481742661, -0.1622299864185964], "aligned_model": [[0.6996638286632849, 0.14171931949790095, -0.24580650993599445, -0.6584762215946481, 0.1271952157458352, -0.5275467060037261, 0.46600862638679014, -0.0265354785108165, 0.6103287976481567, -0.7222380250129006, -0.345049801698825, -0.05510819167487207], [-0.22283851599848803, -0.6507544586661385, -0.49074298480438616, -0.1850189712518473, 0.4490806697819317, 0.621772305793558, -0.5400243582182176, -0.05571822651145981, 0.30224261582794965, 0.05166152566517456, 0.45591055141171755, 0.007581748529907024], [-0.30424470943044435, -0.4818633896983626, 0.1724324267413568, -0.28480397266878676, -0.49493922819278935, -0.2416394254548464, 0.30338076486771304, 0.601084807457767, 0.05669842349537432, 0.21226912759141206, 0.36312359710840114, -0.11254744743232462]], "inverted": false, "swapped": false, "error_lsq": 0.05333447954618189, "error_max": 0.3384825671281444, "target": "1087.xyz", "model": "21.xyz", "model_rescale": 4.186013935880536, "target_rescale": 3.917055279402169},
{"mapping": [7, 1, 9, 2, 6, 5, 10, 11, 4, 8, 11, 12], "R": [[-0.7225513551282964, -0.5182571359934812, 0.4575249503514507], [0.6793100172572518, -0.6550762759225018, 0.33077631894901216], [0.12828655290487453, 0.5498041594198255, 0.825383514875627]], "T": [-0.05265207123576605, 0.0031244608285337858, -0.11062515104723517], "aligned_model": [[0.5774856624684406, -0.037542587828677094, -0.12562786218903385, -0.7479066286295829, 0.2924900044019297, -0.5455584833858901, 0.5311623866389585, -0.16226460503724496, 0.5539369317650307, -0.673189160117228, -0.16226460503724496, -0.036566199539272995], [-0.3059896416019744, -0.5407131030755908, -0.5245683937160763, -0.06499583507749918, 0.32849708352100526, 0.5454113803504992, -0.3826260624127892, 0.2789247283647449, 0.2711919780896408, -0.18513614059394323, 0.2789247283647449, 0.04423117934693933], [-0.3243975723778667, -0.5996401237529223, 0.20822519854585844, -0.3589795924687529, -0.40193675919891947, -0.358631082209225, 0.3439698832782101, 0.44694572657500353, 0.18569517629537466, 0.298226653373614, 0.44694572657500353, -0.09747226025090722]], "inverted": false, "swapped": false, "error_lsq": 0.05679762260936546, "error_max": 0.39224408177583786, "target": "1087.xyz", "model": "22.xyz", "model_rescale": 4.166573947596378, "target_rescale": 3.917055279402169},
{"mapping": [8, 7, 1, 13, 9, 14, 4, 2, 3, 6, 11, 15], "R": [[0.18959802150780142, 0.9788720693084315, 0.07656410495889532], [-0.8926363872985613, 0.20432333841970413, -0.4018112161794393], [-0.40896561018122335, 0.007838705560008985, 0.91251612828719]], "T": [-0.07300840536014014, 0.006737126732669456, -0.0560572793227795], "aligned_model": [[0.6412906828602689, -0.1160761016435568, -0.21267677427587142, -0.70404357704836, 0.21787850073379683, -0.525690161026296, 0.4903792015612543, -0.017269850920549716, 0.39561943598851773, -0.6208116504061871, 0.015487532003633273, -0.09993238431646567], [-0.1717951496122692, -0.5175781231949106, -0.5699528498047941, -0.18036261743160226, 0.45913268551853514, 0.4534732702846811, -0.3678415518446051, -0.08781073413285298, 0.21856376774301267, -0.1426987352598037, 0.7017570709762327, -0.05173513168192278], [-0.39069466380301476, -0.5404417752353081, 0.33893699728484483, -0.5885997064793652, -0.32283852404589625, -0.5266779432884932, 0.23054127490818832, 0.6078426790623904, 0.25530115156875216, 0.4505867375514466, 0.3061706511301124, -0.031175904269186313]], "inverted": true, "swapped": false, "error_lsq": 0.04532725776698082, "error_max": 0.25198636256129014, "target": "1087.xyz", "model": "23.xyz", "model_rescale": 4.274766983524099, "target_rescale": 3.917055279402169},
{"mapping": [1, 4, 5, 3, 10, 9, 2, 7, 6, 8, 11], "R": [[0.890697978323887, -0.424526389928397, -0.16258676349599682], [0.40118728784625135, 0.9022586907621896, -0.1580443450891837], [0.2137893156364688, 0.07554203596979978, 0.9739545827815731]], "T": [0.04059830897073531, 0.13436520047447506, 0.04890970247189644], "aligned_model": [[0.31211850732466173, 0.09423396315906153, -0.685806767948436, -0.4283324592259741, -0.3872119250058044, -0.5604667046129437, -0.04519806723519844, 0.0029526371269361987, 0.6691069978457416, 0.35974572048487946, 0.04875280204515098], [-0.2677267704355605, 0.6203896294884487, 0.3943761379208507, -0.19794251651959968, 0.5227892268396958, -0.23810838105497598, -0.5288201521560403, 0.06977728928441179, -0.1693602976825709, 0.5797090740558885, 0.1305032915029355], [-0.5897088441286621, -0.22742045830266785, -0.5641656680171003, -0.437695141755327, 0.3195380826519796, 0.2396470336517753, 0.17364046320801138, 0.6508415137409979, 0.3730736119178286, 0.5075958402727269, -0.06577999921798508]], "inverted": false, "swapped": true, "error_lsq": 0.04435414267414835, "error_max": 0.23540866250103257, "target": "1087.xyz", "model": "24.xyz", "model_rescale": 3.7841303162186577, "target_rescale": 3.917055279402169},
{"mapping": [11, 10, 9, 8, 6, 1, 13, 5, 3, 2, 4, 15], "R": [[-0.718982224730188, -0.26845583971325176, -0.6410897149743418], [-0.4495786645500636, 0.8830689695315672, 0.13441807702774924], [0.530041116238553, 0.3848644659803103, -0.7556029102129503]], "T": [-0.08508377835892542, -0.1257838971444263, -0.15883491257140928], "aligned_model": [[0.6473496801346984, -0.029044419854668768, -0.3636670140861056, -0.6642064213851079, 0.3181207374276426, -0.5583666100412983, 0.5520047527431978, -0.0750659010201665, 0.4550709884790921, -0.5956119956430462, -0.1827283713544961, -0.03970057188955718], [-0.17124533531331126, -0.7337395336149573, -0.5822189129626473, -0.019565799036418308, 0.46496030247379083, 0.4060685911892049, -0.41432671366919194, 0.12742619927866958, 0.2582586826675708, -0.05246211219717831, 0.5333846841236939, -0.07338815137952431], [-0.38444975180272367, -0.6410222616996728, 0.07822871946209872, -0.21167867859494052, -0.26117679700676877, -0.3737132169468008, 0.19168077016066928, 0.6808811314855778, 0.2991454498751308, 0.3914176504722071, 0.17682363087126615, -0.15718567189157254]], "inverted": true, "swapped": false, "error_lsq": 0.04411137257281764, "error_max": 0.21268527684084185, "target": "1087.xyz", "model": "25.xyz", "model_rescale": 4.19342608120988, "target_rescale": 3.917055279402169},
{"mapping": [8, 6, 4, 3, 10, 7, 2, 0, 1, 5, 9, 11], "R": [[0.8484817229438699, -0.31297755833530594, -0.42675966750464206], [0.5067529095601248, 0.2479899347334811, 0.8256527605011882], [-0.15257868292310867, -0.9168129799742989, 0.3690172154088417]], "T": [-0.035469049732262156, 0.033209702753644904, -0.004789013565636584], "aligned_model": [[0.6597990983741371, -0.0010867253152332806, -0.2471544927542924, -0.5892066591188952, 0.18404054467516656, -0.6568319016463782, 0.5364639574917421, -0.06190943090457211, 0.3975129349886927, -0.5760798277206474, -0.12203573218668577, -0.059356912372849485], [-0.0949500600176664, -0.5331463841411059, -0.6941305292207328, -0.14667792927160342, 0.2712317499648302, 0.5591161750241945, -0.4892347364622587, -0.13342104478808195, 0.25905008960972153, 0.10815796463017216, 0.7219929583643855, -0.08483635213215428], [-0.3001081515299598, -0.599897912511416, 0.13837240337610998, -0.30815695622642086, -0.5455263264947259, -0.3759920691361141, 0.31249610257612165, 0.6847392010881174, 0.23210755453235815, 0.33855138120532374, 0.256046838094209, -0.04368109058913247]], "inverted": false, "swapped": false, "error_lsq": 0.04498715486152926, "error_max": 0.2274098132198252, "target": "1087.xyz", "model": "26.xyz", "model_rescale": 3.795458400668931, "target_rescale": 3.917055279402169},
{"mapping": [2, 1, 6, 8, 9, 11, 0, 7, 3, 5, 10, 12], "R": [[-0.46209232482422535, 0.26208862621944307, 0.8472191188499869], [0.21584445021171, -0.8933664553452351, 0.39409078874885567], [0.8601638545366503, 0.36497387368179607, 0.35624740683737904]], "T": [-0.05597883776465412, 0.06634671380955026, -0.1530188183769231], "aligned_model": [[0.728339292503998, -0.03531627375607857, -0.41125767947396535, -0.7068291897566654, 0.23547922283030792, -0.4742412982408881, 0.5375710757290666, 0.0049769054383853595, 0.5313370823046386, -0.5835444692371814, -0.3027702663130985, -0.05958954851833417], [-0.20861492788532576, -0.45105792009310963, -0.6364864444889786, -0.19866479787023378, 0.20142177244537735, 0.5743937130115194, -0.3813563836832921, 0.07785876232264233, 0.2929225310458906, -0.10193151121254282, 0.540284333851039, 0.034382774116715], [-0.44297757411219474, -0.4397568064703657, 0.09394161551010954, -0.3451500966614417, -0.4379419967323522, -0.43323186677327385, 0.21918224123981878, 0.6571416402601382, 0.23272717048712432, 0.35709627780495046, 0.3183234687283817, 0.009596901103575861]], "inverted": true, "swapped": false, "error_lsq": 0.0443722843434289, "error_max": 0.23107746704066523, "target": "1087.xyz", "model": "27.xyz", "model_rescale": 3.6321398670334006, "target_rescale": 3.917055279402169},
{"mapping": [0, 1, 13, 4, 8, 7, 11, 9, 10, 6, 12, 14], "R": [[-0.8338001043139651, 0.5208876015137132, -0.18290295961332087], [0.3825219991845169, 0.7839899677140167, 0.4889137456276468], [0.39806319370911614, 0.3376919263368109, -0.8529418835425029]], "T": [0.04178379988462336, -0.02608387937807652, -0.11669815251663979], "aligned_model": [[0.6149200846093595, -0.21152325157869586, -0.19918274903027197, -0.7167236373600028, 0.15882966144179844, -0.3675855658943843, 0.41769009820915115, 0.06223112725881351, 0.6943855673213092, -0.6172222877534962, -0.39030160414256587, 0.018637410429169887], [-0.0950610321184259, -0.5137028225696623, -0.6357847400862355, -0.1836411416760912, 0.47566888461405876, 0.5008989551569523, -0.434962604309991, 0.003289046789197808, 0.2090908244115728, -0.10851126175075132, 0.6116121288856776, -0.08574433578660107], [-0.3536974051559826, -0.49792052865159986, 0.36979677517513504, -0.41048281702582623, -0.15637239999726824, -0.511151189608479, 0.20585181197989527, 0.5506033529753331, 0.23469254860188832, 0.286816581082834, 0.1835612945138974, -0.11274704950535633]], "inverted": false, "swapped": false, "error_lsq": 0.05031249951374834, "error_max": 0.30633780601162486, "target": "1087.xyz", "model": "28.xyz", "model_rescale": 4.156811204709835, "target_rescale": 3.917055279402169},
{"mapping": [9, 2, 7, 6, 1, 3, 10, 4, 0, 11], "R": [[-0.7450296837878736, 0.6209016445674924, -0.2437456010850745], [-0.6037902784544615, -0.7830600696807859, -0.1491785068815422], [-0.28349262762693606, 0.03602880854130473, 0.9582973729674257]], "T": [-0.16928478362662958, 0.10021969955514887, -0.017404216469332212], "aligned_model": [[-0.5243663429958971, -0.0029569296071275675, 0.02720773646832103, 0.5930043749303409, -0.03110329339452822, -0.6560487379127125, -0.5707969852508215, -0.36406240553140967, 0.3730525059400722, -0.20100454853564964], [-0.28962748628597634, -0.4872824767761945, 0.23440918362032725, 0.041167596118929915, -0.4356111636277996, -0.4544505352408149, 0.472363365440556, 0.4674285821509923, 0.310452222250356, 0.05987104297582813], [-0.5256686229400117, -0.31725389642704566, -0.5753420017207204, -0.10562370544801247, 0.5631351715695276, 0.13263091941535587, -0.34517179357236355, 0.36031817007943434, 0.4862056409247829, 0.08555684509415253]], "inverted": true, "swapped": true, "error_lsq": 0.055003238678139034, "error_max": 0.26819838794770073, "target": "1087.xyz", "model": "29.xyz", "model_rescale": 4.117894457231895, "target_rescale": 3.917055279402169},
