[{"mapping": [3, 6, 2, 5, 1, 8, 0, 4, 11, 7, 9, 10, 12, 13], "R": [[-0.19013687046386518, 0.22516758761987302, 0.9555875302533279], [0.7129110049200731, -0.6375345941164426, 0.29207454591017473], [0.6749858291505529, 0.7367830065835055, -0.039305618627761385]], "T": [-0.1124788195188213, 0.01398059887726081, -0.04714736593548971], "aligned_model": [[-0.28779956262033346, -0.045975437058431476, 0.23157835698436832, -0.681610772323902, -0.5707544866461489, 0.24445775654579363, -0.020150672438905254, 0.6314700524916378, -0.08655583247172886, 0.5911072368699184, 0.4781822672932893, 0.27860940253639543, -0.1477502758180867, 0.021446048187061972], [-0.15769139443273247, -0.6641735813723736, 0.044456037494507696, -0.43944605663793307, 0.35353482626872973, -0.6162156280145079, 0.6523362226611177, -0.5050547198525045, -0.2531189144222262, -0.14504849814408624, 0.4373416300977219, 0.3086000279914874, 0.5154322759850838, -0.016586344456227316], [-0.5086575711845607, -0.3938900545663059, -0.7341365596987128, 0.15996214327685637, -0.1350703606670012, 0.2461581537898437, -0.4706919862778324, -0.3480570539758341, 0.5970945836308313, 0.1788413285414365, 0.04574014417276376, 0.8335786523015793, 0.2399448629211733, 0.040429195087470185]], "inverted": false, "swapped": false, "error_lsq": 0.050833254231579146, "error_max": 0.289814693265513, "target": "1088.xyz", "model": "0.xyz", "model_rescale": 3.8414455957264533, "target_rescale": 4.039258017514312},
{"mapping": [2, 6, 7, 10, 5, 8, 4, 9, 12, 13, 0, 11, 1, 14], "R": [[0.34651541962650373, -0.5048175015200104, -0.7906240282967388], [0.9371173383865535, 0.2237563322484361, 0.2678510740580101], [0.041691222773746095, -0.8337220123865161, 0.5506082527585363]], "T": [0.03625832984799393, -0.015287394077477822, -0.06991750445101536], "aligned_model": [[-0.20672447011765874, -0.35331250035841777, 0.47868497205986094, -0.5034305389439186, -0.5928447711798076, 0.17678549507982125, -0.04565617841071046, 0.48946584757651823, -0.022475072089105708, 0.6945390694185539, 0.4986842714198958, 0.25010291613752, -0.21291948430944707, -0.014645474752176563], [-0.02965917753981923, -0.5847162537830417, 0.12452596263363423, -0.2952055575127973, -0.05038203026324728, -0.7096343739394677, 0.42509425863738404, -0.4256820582219827, -0.2547861074266238, -0.17999335586066761, 0.5427457658821905, 0.2491206040375944, 0.6735704518648367, 0.029367754658064783], [-0.7665935686152681, -0.4359947036458723, -0.5145138311131074, 0.2443483815300972, -0.2631024929223917, 0.2799921765939816, -0.378415880681835, -0.3727191647990223, 0.6522184229671346, 0.2682916241999434, -0.05322587619209111, 0.7115070316223122, 0.3903901928387177, -0.01093683443089187]], "inverted": true, "swapped": false, "error_lsq": 0.04439374294963351, "error_max": 0.24043586963428454, "target": "1088.xyz", "model": "1.xyz", "model_rescale": 4.316132596720782, "target_rescale": 4.039258017514312},
{"mapping": [1, 4, 0, 9, 7, 5, 10, 8, 6, 3, 12, 13], "R": [[0.7660628724285463, -0.630761666417889, 0.12364220826340966], [-0.30069025789821263, -0.5216902270235777, -0.7983887999171796], [0.5680959815837735, 0.5744380098895053, -0.5893114019790839]], "T": [0.00933937020214698, 0.05539044221870212, -0.07876518317070641], "aligned_model": [[-0.19878239401937184, 0.5478916461098686, 0.16549811275948945, -0.6684481229356383, -0.6630908497653762, -0.4683200625460223, 0.05885062651391609, -0.21439174971349742, 0.4036042278982872, 0.24753659535863679, 0.40528428147490975, -0.01782375650342101], [-0.6113300722001418, -0.24250236051537385, -0.707366172063244, 0.2809405106497134, -0.27826463644944954, -0.021350522211617408, 0.5650989380935161, 0.5594542449520267, -0.007895001365339528, -0.08051524282178299, 0.5303415539290843, 0.026165187743589058], [0.05132708750128234, 0.007623173788222665, -0.3433866713618241, -0.08951138846567802, -0.4392622734771175, 0.456919109577898, -0.6913673098874824, 0.5221515892110102, -0.6115383941655839, 0.6187478945327667, -0.0006380421154684179, -0.03180631392860494]], "inverted": true, "swapped": true, "error_lsq": 0.046644997710875886, "error_max": 0.2833251861332123, "target": "1088.xyz", "model": "2.xyz", "model_rescale": 3.795458400668931, "target_rescale": 4.039258017514312},
{"mapping": [11, 12, 3, 0, 9, 1, 4, 10, 6, 2, 5, 13], "R": [[0.724338730932658, 0.40744092751852695, -0.5561702018750279], [0.4080443718795445, -0.9035833330545573, -0.13052567105150328], [-0.5557276252340662, -0.1323973217586357, -0.8207543821039555]], "T": [0.013413208859250063, 0.00872382691882228, 0.016855250560933406], "aligned_model": [[0.07747064350155564, -0.1598463729893245, -0.7181945382325969, 0.24562460895738972, 0.17608476956043242, -0.056398787829849036, -0.18998900377138175, 0.5913420940292449, 0.4424917938744873, 0.6078622970629657, -0.39747533845834165, -0.025668339961016834], [-0.18130162300706842, -0.5329969519936171, 0.010607174219892275, 0.16322938720807006, 0.4915423151900565, 0.518362612171855, -0.3047881740561147, -0.3938673534230657, -0.4162578637311728, 0.10587963402945974, 0.5699892023958133, 0.05537068628560085], [-0.7342290525755784, -0.2380457036141076, 0.1795799391121254, 0.7904272478724941, -0.4839525677426555, 0.5069057639391911, 0.5134228584109296, -0.3592484932698671, 0.29717515750864315, 0.36610318865716485, -0.17590665124147853, 0.02653974358223919]], "inverted": false, "swapped": true, "error_lsq": 0.04751394532361175, "error_max": 0.25749760666401295, "target": "1088.xyz", "model": "3.xyz", "model_rescale": 3.7530521520055578, "target_rescale": 4.039258017514312},
{"mapping": [10, 8, 12, 3, 6, 5, 2, 9, 7, 1, 13], "R": [[0.9519109787964106, -0.05382358266418663, 0.30160986455361677], [0.12610740862007697, 0.9660195493790722, -0.22561726819679226], [-0.27921749575910987, 0.2528027930356898, 0.9263521673183291]], "T": [0.035157359971053535, -0.10836681559430109, -0.01919891706279333], "aligned_model": [[-0.38298640148767543, -0.19586150650082867, 0.14106648266075053, 0.5252920147332775, 0.2053864335925568, -0.13099274819426868, -0.031883623654761696, -0.6234958426222003, -0.45634840347106836, 0.24443113690758725, 0.043592060481836385], [-0.7848040271508798, 0.28664741728137444, -0.4348971361067423, 0.34179762722530926, -0.7032707478238235, 0.5844875439834426, -0.38981527587948483, 0.16830199835708834, 0.10205710779952162, 0.3441423866367944, -0.04744353600825419], [-0.09078085962624846, -0.6943514462989923, -0.5394065573030442, -0.3639492056601662, 0.22658247696327086, -0.13475128087824031, 0.6141061928989059, -0.015387585030481564, 0.6192289342506803, 0.48695799552567953, -0.015417887596046984]], "inverted": true, "swapped": true, "error_lsq": 0.04758299613668177, "error_max": 0.2303771349424875, "target": "1088.xyz", "model": "4.xyz", "model_rescale": 3.7855080009869324, "target_rescale": 4.039258017514312},
{"mapping": [0, 5, 4, 9, 2, 10, 1, 7, 15, 8, 11, 13, 12, 16], "R": [[-0.5117790372255026, 0.6456629204393962, 0.5667465132016322], [-0.22557327581727615, -0.7375278259403354, 0.6365291848774772], [0.8289746161937656, 0.19791942586161784, 0.5230955807240267]], "T": [0.042094989988607, -0.024606061276491887, 0.02453361409806814], "aligned_model": [[-0.23508286152628227, -0.03838985074093093, 0.3752229814995756, -0.5153317387119407, -0.6736024590141327, 0.06764156292793017, -0.1007898583427459, 0.5514146957530996, -0.014546436116318076, 0.49503837340715445, 0.4184702529850051, 0.4036269953060873, -0.09407749028853707, -0.0033400856070369273], [0.01134592509863942, -0.5726176510610309, 0.053576847047711804, -0.3831361400320494, 0.1158679520300845, -0.7401252426934818, 0.5187219802037546, -0.46976833272561913, -0.32089496554572283, -0.30966210856500265, 0.6758984339694801, 0.33559317215906925, 0.6185834320235468, -0.01901741874332285], [-0.7037203090810561, -0.5656432513362409, -0.6311446286271156, 0.284621376222283, -0.09306698392424748, 0.15997344468604968, -0.4828937190718506, -0.2976363119877364, 0.7915556090510124, 0.48158417507051593, 0.016087203918699493, 0.5387502612799285, 0.2001171962854788, 0.05266141486598693]], "inverted": false, "swapped": false, "error_lsq": 0.0419404013631948, "error_max": 0.26617402345153157, "target": "1088.xyz", "model": "5.xyz", "model_rescale": 4.2253639853439635, "target_rescale": 4.039258017514312},
{"mapping": [10, 8, 4, 11, 5, 9, 2, 1, 12, 0, 3, 7, 6, 13], "R": [[-0.44408159616877263, 0.3995124095667967, 0.8019858917377087], [0.14099146194947498, 0.9150946804561025, -0.37778715364381266], [-0.8848236793856419, -0.054695158863248744, -0.46270454503427894]], "T": [0.044759515526108684, -0.07991642854865098, -0.05482680779735731], "aligned_model": [[-0.18752258234595545, -0.32308679419202724, 0.529432216520574, -0.6086214739418138, -0.5251374012581597, 0.2074200621481917, -0.10407137232664088, 0.4778216018494216, -0.10862495737528521, 0.7587002522884446, 0.3534000512261551, 0.30682567182362885, -0.208768969932852, 0.06848777704724575], [-0.11263799099889929, -0.6744535574418302, 0.2261611985583749, -0.1258128692844691, 0.07049452782162714, -0.6429996025095582, 0.45677166347747367, -0.43856503495957744, -0.21350458417139156, -0.22144083866578318, 0.5362141936458601, 0.253558731168375, 0.4252303238210282, -0.024650277295172912], [-0.7987937430492584, -0.2937401192575928, -0.46994145617993127, 0.36534052570548764, -0.2857712056385868, 0.11568803982624122, -0.42897500134578664, -0.5265621027107935, 0.8562007288990412, 0.2818066947820063, 0.11290377622158378, 0.6156259225289943, 0.2522041902376308, -0.044740772667328135]], "inverted": true, "swapped": false, "error_lsq": 0.04881141810904278, "error_max": 0.32199121897078226, "target": "1088.xyz", "model": "6.xyz", "model_rescale": 3.89814844738969, "target_rescale": 4.039258017514312},
{"mapping": [12, 6, 4, 11, 3, 2, 10, 8, 9, 7, 1, 5, 13], "R": [[-0.9578131616429875, -0.2107937240481964, 0.19534572758408902], [-0.11717419643561217, -0.33422546292707794, -0.9351810239845808], [0.26241980693753447, -0.9186181719479936, 0.295425962118758]], "T": [-0.017506356402924757, 0.11148725613528247, -0.0835159666138281], "aligned_model": [[0.1568294784252725, -0.1905877124702501, 0.432545625646791, -0.33181982021786294, 0.6970319182298792, -0.4278558339954263, -0.5903485444012346, 0.2004113128373673, -0.4713115396814166, -0.6058114856653166, 0.1253544577990528, 0.14364679318782486, 0.010547151209541888], [-0.3676816927919881, 0.32572902379149316, 0.3681467936409396, -0.5994947954849978, 0.036091528829560335, 0.6320866790765644, -0.19696193637584886, -0.5451025177931482, -0.09736973870228292, 0.5396531197961327, 0.7120977859640596, 0.030744254740040597, 0.12584276077996095], [-0.44192762452394607, -0.6896846138655783, -0.4267661949964435, -0.07628923090379855, 0.12975218678644712, -0.29652450789511714, -0.5463835548234497, 0.3485009969186691, 0.4271931594926812, 0.3214745671584191, 0.26806999897999817, 0.6154229441038688, -0.03056309559545428]], "inverted": false, "swapped": true, "error_lsq": 0.0433670715667631, "error_max": 0.3144685596423953, "target": "1088.xyz", "model": "7.xyz", "model_rescale": 3.7474275329858107, "target_rescale": 4.039258017514312},
{"mapping": [13, 4, 11, 2, 12, 8, 12, 9, 3, 5, 10, 6, 0, 14], "R": [[-0.5656768527806255, -0.2936350046282048, 0.7705765259110874], [-0.6426847045905183, 0.7424877675571759, -0.18886049219823464], [-0.5166875929549738, -0.6020717557608523, -0.6087228697867693]], "T": [0.017874496063276638, 0.010840086286600159, -0.009144802750110079], "aligned_model": [[-0.39579252669988374, -0.30940831137579106, 0.3948738046358997, -0.6145563264454772, -0.1837512559423901, 0.08547037468420181, -0.1837512559423901, 0.6361044431215818, 0.03859806843203596, 0.547307873530244, 0.348674842431446, 0.4460151954488382, -0.14070671542422047, -0.032824128923167675], [-0.1744775291527282, -0.6448871707377182, 0.15004919529300548, -0.46782844119743805, 0.37998003117646867, -0.6578426615470538, 0.37998003117646867, -0.3499361469425928, -0.20321663602524506, -0.28682883170730483, 0.6933248207841096, 0.2985056240029208, 0.41263679343843884, -0.015093195395274421], [-0.7854493849720061, -0.28324984501619316, -0.48345725345668167, 0.27280766024145486, -0.4605042781288926, 0.10706404286683766, -0.4605042781288926, -0.26986051417855234, 0.6748762423691163, 0.3704799831979956, -0.01615035118155854, 0.6240077683871843, 0.4884741710763094, -0.02728848572441349]], "inverted": false, "swapped": false, "error_lsq": 0.05491863247190091, "error_max": 0.4879083674744257, "target": "1088.xyz", "model": "8.xyz", "model_rescale": 4.019505241142653, "target_rescale": 4.039258017514312},
{"mapping": [9, 7, 10, 11, 8, 12, 6, 5, 3, 1, 0, 4, 13], "R": [[-0.5849489659236181, 0.6416181230238991, 0.49614603845257], [-0.18539230445080673, 0.48975134084264, -0.8519233049947958], [-0.7895976194969876, -0.5903133137157974, -0.1675284779808058]], "T": [0.05555560811104691, -0.019561321479818608, 0.01341349750765871], "aligned_model": [[-0.3584759036539546, -0.7541482456352742, 0.22070678191277415, 0.32081368921120473, 0.3121194472006103, 0.6525211144015698, 0.1960294722732547, -0.22788540937232502, 0.3473086603341428, -0.44584711418945805, -0.31192009687785804, 0.33861310679077544, 0.029865269345714235], [-0.4976663346346859, 0.011115133061068469, 0.1784902834195451, -0.46154668299970236, -0.7936328230577935, -0.08045578477232092, 0.5914122448880267, -0.6116283242626058, -0.294723154588504, 0.0967573867296082, 0.6131728467096059, 0.3645555507981826, -0.05247211317636551], [-0.3188179034965971, -0.17864089252591622, -0.7422558299862856, -0.5685038055378426, 0.028420345637501225, -0.15504667608481695, -0.2108085228754266, 0.3136188016519547, 0.646579264889884, 0.5031278838272079, 0.3886691652449687, 0.41162739090761835, 0.058734272391629844]], "inverted": false, "swapped": true, "error_lsq": 0.05322962198847388, "error_max": 0.3645587184447353, "target": "1088.xyz", "model": "9.xyz", "model_rescale": 3.877068213659057, "target_rescale": 4.039258017514312},
{"mapping": [7, 8, 2, 0, 1, 11, 4, 9, 12, 10, 13, 6, 3, 15], "R": [[-0.1062393719860441, 0.49650307883270595, 0.8615090763013787], [0.15787357309146383, -0.8469996359719169, 0.5076096448874614], [0.9817276255455712, 0.18993764601332797, 0.011599994291832394]], "T": [0.10226173998000312, 0.027186103980128634, 0.012440224029832612], "aligned_model": [[-0.2683762051745723, -0.07429792566285962, 0.3953701603259556, -0.47705116917161894, -0.7236183776127587, 0.07543672553042477, -0.1675392833543595, 0.509261377325533, -0.17054983960791428, 0.6055448631046948, 0.6484341602574737, 0.35510203633347204, -0.10963096239408415, 0.038168521631541816], [0.04075977804387951, -0.5773229609321391, 0.1527777310267909, -0.4652432011649753, -0.019998950147733924, -0.6543963805931963, 0.5305624934074166, -0.3721311320976539, -0.12208661700712761, -0.3462368567483143, 0.5716890377026267, 0.23816541491399418, 0.5655584576371255, -0.02773093087463556], [-0.7146978910492859, -0.4333382082827614, -0.5695130001107142, 0.24839778029448076, -0.24948001618720603, 0.29418658440798773, -0.350754349332503, -0.32003886414183086, 0.6917683572065296, 0.3448137636483443, -0.0409520830893971, 0.5338461024226726, 0.27324289699668886, 0.04376440456870227]], "inverted": false, "swapped": false, "error_lsq": 0.042508058128345676, "error_max": 0.2316467716814603, "target": "1088.xyz", "model": "10.xyz", "model_rescale": 4.260839863003843, "target_rescale": 4.039258017514312},
{"mapping": [8, 3, 1, 5, 7, 9, 11, 12, 4, 2, 10, 13], "R": [[-0.5416928820381831, 0.7079633126075735, 0.45316307169812337], [0.8373535224682735, 0.5016480551498672, 0.21722869786087337], [-0.07353842505208978, 0.4971289337446245, -0.86455475435324]], "T": [0.05000034376218019, -0.026344841069009528, 0.06888714270416627], "aligned_model": [[0.2572410815147307, 0.2818948295670647, -0.4746396929460096, -0.2883092337690758, -0.7418435730421359, -0.36959164983578063, 0.32565537789312893, 0.651960274830918, 0.32904556123756706, -0.3084654805791409, 0.27654395252621405, 0.019407201696649896], [0.016547986267690912, -0.6470358904798743, -0.49380978637782014, -0.2515832958294854, 0.21031206009522935, 0.3739393256133369, 0.5777633414710359, 0.11089803998672909, -0.4754223008188752, 0.12230576953976305, 0.6958834401947331, -0.06672018412952939], [-0.7187983151742884, -0.2813989339538624, 0.1736930049851453, -0.527619050943735, 0.17098017340337757, -0.3483649932560794, -0.3353507364177424, -0.016338524993012915, 0.3955441888135913, 0.6469773954596972, 0.3230520183212364, 0.03380185115117707]], "inverted": false, "swapped": true, "error_lsq": 0.04076639150784316, "error_max": 0.22761297183367515, "target": "1088.xyz", "model": "11.xyz", "model_rescale": 3.890672605050136, "target_rescale": 4.039258017514312},
{"mapping": [9, 5, 11, 7, 12, 8, 10, 6, 3, 0, 2, 4, 4, 13], "R": [[0.025201836858544012, 0.20877690900340332, -0.9776385168792914], [0.46232298979293895, 0.8646498337137443, 0.19656581128902614], [0.8863533835484996, -0.4569385815684418, -0.07473160072116075]], "T": [0.19980775005578247, -0.12028451318589992, -0.1093249799638562], "aligned_model": [[-0.047999892865187105, -0.4272705739250704, 0.40758077249586855, -0.5556568330050671, -0.49136740329544293, 0.14877773903737251, -0.14812032240943876, 0.5774627659206962, 0.027613929830692746, 0.5088698253034157, 0.38602948519074953, 0.09396496112447052, 0.09396496112447052, 0.06240466700339664], [-0.2614847380828893, -0.5165375632767513, 0.23369779464787435, -0.2754117576114312, 0.13888629607027583, -0.7690441864024928, 0.6750689459060977, -0.4709881952178825, -0.28021191656879196, -0.19174782428816867, 0.5638777380957402, 0.3707343286562056, 0.3707343286562056, -0.07320736741793454], [-0.833530948332244, -0.3432661642861591, -0.4757796985609003, 0.25423102955055116, -0.2105156206599309, 0.20002574368406661, -0.3235665164211735, -0.3670883604949923, 0.7838914943163322, 0.388739442131461, -0.05633806694518263, 0.37930048479664985, 0.37930048479664985, -0.024157826223420775]], "inverted": false, "swapped": false, "error_lsq": 0.05624658436328484, "error_max": 0.37691158850441747, "target": "1088.xyz", "model": "12.xyz", "model_rescale": 4.124412569039231, "target_rescale": 4.039258017514312},
{"mapping": [1, 3, 8, 0, 5, 7, 4, 2, 12, 6, 9, 11, 13], "R": [[0.6918308964567406, -0.22185383083057664, 0.6871323660355849], [-0.5490046077250583, 0.4564955422797638, 0.7001469564136944], [-0.4690031464761381, -0.861622131577702, 0.19401894487647273]], "T": [0.09186382911068162, 0.16634011595137926, -0.06837578652224421], "aligned_model": [[-0.16019283589660321, -0.07784861646743689, 0.6675397087723496, -0.5517329797916061, 0.4779053326935155, 0.3353986132893145, -0.49355658332872815, -0.17394747765132373, 0.10824919159675268, -0.3205600518958532, 0.7465675525531567, 0.7092940476672905, 0.10018240596892927], [-0.3243694144371696, 0.5510200117573771, 0.623571500475989, -0.3409694495161801, 0.06838511919591556, -0.6294081211772038, 0.35293812324878315, -0.37693306128018506, 0.7489079375389209, 0.12526915622525678, -0.11761265767646895, 0.5140047623584829, 0.15268146979495945], [0.3793144036645131, 0.5520690784291288, 0.28485733926838974, -0.0003471905030807687, 0.5336060628176784, -0.09873721547133127, 0.02492881355793722, -0.41331302093484557, -0.2892853485473762, -0.5894485629942663, -0.03493842701091112, -0.3881411314586706, -0.008866719849326306]], "inverted": false, "swapped": true, "error_lsq": 0.04911805451180872, "error_max": 0.3251117297924363, "target": "1088.xyz", "model": "13.xyz", "model_rescale": 3.9028299243045295, "target_rescale": 4.039258017514312},
{"mapping": [11, 12, 14, 2, 1, 8, 9, 13, 0, 5, 7, 4, 3, 15], "R": [[0.41167919594323255, -0.33578158596302243, 0.8472136484710873], [-0.9088002078311583, -0.08205869229949306, 0.40908257511673696], [-0.06784115177071537, -0.9383587254063632, -0.3389402315750791]], "T": [0.011549797179476413, -0.019792878138333574, 0.023843396152594308], "aligned_model": [[-0.18692456808167143, -0.007665074830954195, 0.42827819807908574, -0.5954173407707286, -0.5521448120854093, -0.026128613132091465, -0.0024770074488178404, 0.5858676614625196, -0.04255698366024168, 0.38163050807465776, 0.3388067934470675, 0.4541109989607765, -0.1626631806447343, 0.02353750216146961], [-0.026139473998068423, -0.5957265661816479, 0.09850902197733641, -0.300274409566809, -0.02003260592562022, -0.7130618861112813, 0.5883429662684783, -0.427447343928588, -0.16159161698271834, -0.3527734080966977, 0.8248173886780891, 0.15473775200965786, 0.3621633891756635, 0.08284267584826296], [-0.6877915772664359, -0.3662482144100211, -0.7477735768953221, 0.3321788847552821, -0.29933934744474233, 0.36217101775364197, -0.45659338424956836, -0.3457890957658792, 0.8388170050345221, 0.1432840414418627, 0.011024994560519995, 0.50658754754207, 0.4847649658966567, -0.02404778360087905]], "inverted": false, "swapped": false, "error_lsq": 0.040737737671062965, "error_max": 0.24537299816942054, "target": "1088.xyz", "model": "14.xyz", "model_rescale": 3.942246331269136, "target_rescale": 4.039258017514312},
{"mapping": [11, 4, 6, 12, 13, 3, 8, 10, 1, 5, 7, 2, 0, 14], "R": [[-0.5171501512050831, -0.6229061402162377, 0.5869784166300057], [0.7830507976817196, -0.6212008957732329, 0.03067401735273273], [0.3455244844559968, 0.4754969900761117, 0.8090212871550264]], "T": [0.1104462940654678, -0.08844679077154698, -0.08150503852536603], "aligned_model": [[-0.1182687140828591, -0.01567411880380329, 0.3133102214131078, -0.6088948425400389, -0.630173558777017, -0.03983253818970539, -0.19009051901451923, 0.508837573767978, -0.13050003508520885, 0.43458468525469746, 0.5241787346690218, 0.488593918719177, 0.013941929440778766, 0.0862413447593186], [-0.006635331284032556, -0.5985400794853858, 0.26347029205342964, -0.21604382664529564, -0.28838444236687255, -0.6744714503623243, 0.5930083391323894, -0.45839506127225754, -0.2336119268670349, -0.2564034365621933, 0.6585561408742029, 0.2833788298624909, 0.4876029628946765, -0.03916512680573558], [-0.7561214886663209, -0.34143282693858956, -0.4659396664342874, 0.28502406507498834, -0.35064629429162464, 0.3064889065667985, -0.2915942010234005, -0.5434825070816703, 0.6784379761223184, 0.43763311907926183, -0.0391777915806282, 0.467492229635739, 0.3652287432482153, -0.0006647863590924091]], "inverted": true, "swapped": false, "error_lsq": 0.054552733338208606, "error_max": 0.44118108690297786, "target": "1088.xyz", "model": "15.xyz", "model_rescale": 4.355366556412066, "target_rescale": 4.039258017514312},
{"mapping": [1, 4, 0, 9, 7, 5, 10, 8, 6, 3, 12, 13], "R": [[0.7660628724285463, -0.630761666417889, 0.12364220826340966], [-0.30069025789821263, -0.5216902270235777, -0.7983887999171796], [0.5680959815837735, 0.5744380098895053, -0.5893114019790839]], "T": [0.00933937020214698, 0.05539044221870212, -0.07876518317070641], "aligned_model": [[-0.19878239401937184, 0.5478916461098686, 0.16549811275948945, -0.6684481229356383, -0.6630908497653762, -0.4683200625460223, 0.05885062651391609, -0.21439174971349742, 0.4036042278982872, 0.24753659535863679, 0.40528428147490975, -0.01782375650342101], [-0.6113300722001418, -0.24250236051537385, -0.707366172063244, 0.2809405106497134, -0.27826463644944954, -0.021350522211617408, 0.5650989380935161, 0.5594542449520267, -0.007895001365339528, -0.08051524282178299, 0.5303415539290843, 0.026165187743589058], [0.05132708750128234, 0.007623173788222665, -0.3433866713618241, -0.08951138846567802, -0.4392622734771175, 0.456919109577898, -0.6913673098874824, 0.5221515892110102, -0.6115383941655839, 0.6187478945327667, -0.0006380421154684179, -0.03180631392860494]], "inverted": true, "swapped": true, "error_lsq": 0.046644997710875886, "error_max": 0.2833251861332123, "target": "1088.xyz", "model": "16.xyz", "model_rescale": 3.795458400668931, "target_rescale": 4.039258017514312},
{"mapping": [12, 6, 4, 11, 3, 2, 10, 8, 9, 7, 1, 5, 13], "R": [[-0.9578131616429875, -0.2107937240481964, 0.19534572758408902], [-0.11717419643561217, -0.33422546292707794, -0.9351810239845808], [0.26241980693753447, -0.9186181719479936, 0.295425962118758]], "T": [-0.017506356402924757, 0.11148725613528247, -0.0835159666138281], "aligned_model": [[0.1568294784252725, -0.1905877124702501, 0.432545625646791, -0.33181982021786294, 0.6970319182298792, -0.4278558339954263, -0.5903485444012346, 0.2004113128373673, -0.4713115396814166, -0.6058114856653166, 0.1253544577990528, 0.14364679318782486, 0.010547151209541888], [-0.3676816927919881, 0.32572902379149316, 0.3681467936409396, -0.5994947954849978, 0.036091528829560335, 0.6320866790765644, -0.19696193637584886, -0.5451025177931482, -0.09736973870228292, 0.5396531197961327, 0.7120977859640596, 0.030744254740040597, 0.12584276077996095], [-0.44192762452394607, -0.6896846138655783, -0.4267661949964435, -0.07628923090379855, 0.12975218678644712, -0.29652450789511714, -0.5463835548234497, 0.3485009969186691, 0.4271931594926812, 0.3214745671584191, 0.26806999897999817, 0.6154229441038688, -0.03056309559545428]], "inverted": false, "swapped": true, "error_lsq": 0.0433670715667631, "error_max": 0.3144685596423953, "target": "1088.xyz", "model": "17.xyz", "model_rescale": 3.7474275329858107, "target_rescale": 4.039258017514312},
{"mapping": [11, 10, 7, 8, 3, 5, 1, 12, 4, 9, 2, 6, 0, 13], "R": [[-0.4944088081195306, -0.5022749813778291, -0.7094221405733874], [-0.7155274939619847, -0.22822921250085043, 0.6602513399802562], [-0.4935385859670016, 0.834045124464584, -0.24655302577447608]], "T": [0.037284580315317124, -0.030146381651629174, -0.07621609661664502], "aligned_model": [[-0.09521755500130669, -0.29469489106172153, 0.5617648270024765, -0.5518194580748195, -0.5899546652587362, 0.09132261782271756, -0.18832471850044363, 0.5087420031847608, 0.010273645555545198, 0.6250990567901514, 0.33915976994575314, 0.45179930244753586, -0.2845779083109903, 0.05268205499000476], [-0.09408597455795303, -0.5971464804963221, 0.13447541469936022, -0.22450157456127254, 0.027528923156856865, -0.7045162205652025, 0.5433336624622489, -0.5518557537351138, -0.21869210380296297, -0.17655231666785978, 0.5913314749380308, 0.19856184775160343, 0.530884449194487, 0.055600535350156015], [-0.7833876277189393, -0.2877341548475843, -0.591230093550172, 0.2871527822931866, -0.32886935572124276, 0.17976270628766527, -0.39044451687917, -0.33074340912958283, 0.7318351035448554, 0.2079732932182236, 0.08647799505232989, 0.5327739709536068, 0.45368138029399846, -0.01600259644546706]], "inverted": true, "swapped": false, "error_lsq": 0.044075816471965346, "error_max": 0.2894341692752009, "target": "1088.xyz", "model": "18.xyz", "model_rescale": 3.922800546911778, "target_rescale": 4.039258017514312},
{"mapping": [10, 2, 11, 1, 6, 0, 4, 9, 5, 3, 13, 12, 8, 14], "R": [[-0.34236630718917327, -0.7207599364575952, -0.6027357843195413], [0.1752719319469182, 0.5812497750951113, -0.7946247220062297], [0.9230737032183531, -0.3776953970457231, -0.07267135252099008]], "T": [0.040691798300190055, 0.013016028665705379, 0.02767359269114357], "aligned_model": [[-0.13352500173563037, -0.019321100346850792, 0.40709308482879153, -0.5867531450693395, -0.5806450840687308, 0.06812173445688231, -0.1550753697018299, 0.44412808813458166, -0.06052126480374115, 0.4885280776904974, 0.346540388335599, 0.5635180229881164, -0.2801432379472132, 0.13430888876979524], [-0.07797990670523187, -0.6063595820784994, 0.27903246892674166, -0.3627205186285555, 0.17889120976488748, -0.7003733079418287, 0.5103429353743528, -0.4656309902976604, -0.1089592321604117, -0.3878966304085652, 0.6263710326749864, 0.18968971543729823, 0.4401610859560449, -0.00020239674750169995], [-0.7546108144106174, -0.3271520935253559, -0.5220799552827073, 0.14220705506455422, -0.22171300441562775, 0.46214555806288116, -0.4603922869688081, -0.49278714280878644, 0.7742736675566874, 0.2464450493324286, -0.017779964378822254, 0.5880780820982294, 0.326006684335666, 0.008604642691986082]], "inverted": true, "swapped": false, "error_lsq": 0.04130996780160896, "error_max": 0.24078101502000146, "target": "1088.xyz", "model": "19.xyz", "model_rescale": 3.9282355846067225, "target_rescale": 4.039258017514312},
{"mapping": [2, 10, 7, 0, 1, 11, 5, 12, 4, 9, 6, 8, 3, 13], "R": [[0.46534944231982883, 0.8229606652243407, 0.3258613816120818], [0.08572409932849506, 0.3245179611169556, -0.94198698064613], [-0.8809661033927143, 0.46628728956085064, 0.0804666904194074]], "T": [0.13822069241557927, 0.030147314610002737, -0.0003565557027030222], "aligned_model": [[-0.20563961231922961, -0.1136508371792409, 0.49556833364161973, -0.5374199844976066, -0.5758396692057866, -0.013692545043754861, -0.15375364795264146, 0.6744162449524527, -0.024602526554630022, 0.6149172649005972, 0.29464970368541626, 0.6266791830310985, -0.4400794437043762, -0.005298382222990394], [-0.0057277069436054845, -0.6860590526657129, 0.15873870727183775, -0.26807197165618296, 0.05190346512674719, -0.5522482466466291, 0.578771252622178, -0.4952859596683171, 0.04418543822605714, -0.44334872531274716, 0.66076183793981, 0.0695033067612403, 0.42882810833248247, -0.027584570221101404], [-0.74814615446434, -0.4075954549310965, -0.4941831380401643, 0.30749392942931264, -0.22650974754944544, 0.3883605005723608, -0.31887329224122024, -0.3993660154757845, 0.6101017765275416, 0.16391974568095483, 0.06819518720530218, 0.5814346336045829, 0.269787195700159, -0.043373688666455495]], "inverted": false, "swapped": false, "error_lsq": 0.05204112648104051, "error_max": 0.3320448389827914, "target": "1088.xyz", "model": "20.xyz", "model_rescale": 4.067790424073018, "target_rescale": 4.039258017514312},
{"mapping": [1, 9, 8, 12, 13, 12, 5, 7, 3, 0, 4, 2, 6, 14], "R": [[0.12889011385293067, -0.08979639128563999, 0.987584906052667], [0.9870377686900643, 0.10764811905892088, -0.11903077603046922], [-0.09562312340808524, 0.990125492336781, 0.10250720801255617]], "T": [-0.00917116367653905, 0.03574416062727251, -0.012471437448664649], "aligned_model": [[-0.0777636407545832, -0.16562737696236687, 0.412696787694278, -0.24706326292577332, -0.614886136537524, -0.24706326292577332, -0.02488331790341885, 0.4242428162902839, -0.04701867444258034, 0.5889713594154113, 0.42433480512022104, 0.45825749028347623, -0.18176045851022818, -0.0661830463104946], [-0.15442858136748222, -0.6344273538066325, 0.15605674510938572, -0.6358936573623023, 0.21610413412621224, -0.6358936573623023, 0.4726117618351998, -0.39453812709459224, -0.15848795796670537, -0.27949384754206885, 0.7098965323521041, 0.26708904972372, 0.5981830188347463, -0.01241217631322529], [-0.8077289439013315, -0.37363828813476546, -0.376779288512127, 0.2691734763322922, -0.31364108513693334, 0.2691734763322922, -0.40916520861512506, -0.44104282246047705, 0.8149259680863838, 0.20503384937347385, -0.004493376804270845, 0.5182939789878369, 0.4363407379459594, -0.03520699614150029]], "inverted": true, "swapped": false, "error_lsq": 0.05312563312989731, "error_max": 0.4875888525758931, "target": "1088.xyz", "model": "21.xyz", "model_rescale": 4.186013935880536, "target_rescale": 4.039258017514312},
{"mapping": [0, 4, 6, 7, 5, 2, 1, 3, 10, 12, 8, 9, 13], "R": [[0.8287020081567428, 0.23639207635898235, -0.5073182116893408], [0.0804319523502058, 0.846718813314483, 0.5259258048626705], [0.5538805671966799, -0.47664036486013495, 0.6826641047161345]], "T": [-0.030536696899357486, 0.04700549961078742, 0.013424561540420366], "aligned_model": [[0.16784693862508537, -0.3268845236664338, 0.2871953094386318, 0.5912044305237482, -0.31107328903790094, 0.5434540480907338, -0.038615199472351015, -0.758502391959697, 0.48667615303347195, -0.2842215095255762, -0.4964512577541415, 0.2585644482767773, -0.06061912114912266], [-0.5062375331936705, -0.016634638970220224, 0.26993811502416754, -0.44243586531359863, -0.3345875437025199, -0.1704934821422805, -0.6572734093577939, -0.13128033420081045, 0.6547669970076267, 0.6116849944053155, 0.2688594100577867, -0.026968761582754554, -0.00038128848515449343], [-0.5617048302749, -0.5291337508611446, -0.527541741357426, 0.27290748031853623, 0.5581183659652108, -0.315227091715905, -0.07974661509915167, 0.009836366539275849, -0.012115819677639, -0.05893471878066721, 0.6450426130376973, 0.6625258916039135, 0.038853411637545854]], "inverted": false, "swapped": true, "error_lsq": 0.04777277602192677, "error_max": 0.2761860420097541, "target": "1088.xyz", "model": "22.xyz", "model_rescale": 4.166573947596378, "target_rescale": 4.039258017514312},
{"mapping": [3, 9, 4, 14, 12, 10, 2, 8, 13, 7, 1, 5, 6, 15], "R": [[0.9416498520537384, 0.261552439049904, 0.21186287488424854], [-0.09951180536730941, -0.3849682097962142, 0.9175493872478128], [0.32154775184987877, -0.8850931019239413, -0.33647770239191854]], "T": [-0.0132125590416459, -0.05084858778170456, -0.12039010668536793], "aligned_model": [[-0.04579885724997013, -0.2260679214590945, 0.5131000351653237, -0.5176460341476338, -0.638017495974175, 0.10086933390473563, -0.03157598949789004, 0.5279923459012393, -0.033440495355792015, 0.5166005532748588, 0.3518987675403708, 0.3233394723418129, -0.22593138340256175, 0.020931750489703686], [-0.0068805977172625155, -0.5411293633083639, 0.15084914526884888, -0.4754564909674729, 0.08828968831037415, -0.6025106629701009, 0.5457922834398032, -0.5121052896182011, -0.24435258872040214, -0.27267502294945845, 0.5469600482150787, 0.21263680340370747, 0.6243009480242201, 0.0006469827552865529], [-0.7190816808993663, -0.3938247828352813, -0.5917356179889034, 0.31691157518302787, 0.019755125627685305, 0.3731638514637699, -0.43102122940009274, -0.505641513039538, 0.7036002883490229, 0.30561546408628376, 0.011585704720839224, 0.5926107067818283, 0.15895097162288607, -0.0896433863204535]], "inverted": true, "swapped": false, "error_lsq": 0.04681367843042687, "error_max": 0.29044881094625374, "target": "1088.xyz", "model": "23.xyz", "model_rescale": 4.274766983524099, "target_rescale": 4.039258017514312},
{"mapping": [8, 12, 10, 9, 2, 7, 5, 1, 3, 4, 13], "R": [[-0.8840939165436031, -0.09187263458403236, 0.4581892248243966], [-0.28706161673070296, 0.8804539418867269, -0.37735458711413494], [-0.36874594903611846, -0.4651454344941086, -0.8047770808358916]], "T": [-0.042791726163566454, 0.1998150330223748, 0.02633050955038827], "aligned_model": [[0.35333701709481286, 0.26917197687714095, -0.4938272571769691, -0.42128975459053725, -0.5854965187285773, -0.7359385623656276, 0.12641123747694744, -0.08726404607908565, 0.6596386818579347, 0.3160055726098199, -0.020853643017783363], [-0.2874750181745492, 0.5151724692437959, 0.6232329860592171, -0.33502114008444595, 0.4535009383961027, -0.17309804840652676, -0.500985491376364, -0.09258056043191865, -0.008296124419150147, 0.5722787177677853, 0.1488578026695371], [-0.4941186458369409, -0.4114857953677484, -0.4784661502404627, -0.2584039466800192, 0.38115167736270705, 0.298230420415187, 0.06174735455796813, 0.6723041480744714, 0.18448876858557994, 0.37097079443160463, 0.0531478087192305]], "inverted": false, "swapped": true, "error_lsq": 0.05254571435644148, "error_max": 0.23553385219430684, "target": "1088.xyz", "model": "24.xyz", "model_rescale": 3.7841303162186577, "target_rescale": 4.039258017514312},
{"mapping": [2, 12, 8, 3, 4, 13, 1, 9, 11, 10, 0, 7, 6, 15], "R": [[0.24516094623823692, -0.7779058931265319, 0.5785832108509414], [-0.3849453459432175, 0.46962590210381117, 0.7945241297215825], [-0.8897826650796412, -0.41750920170960815, -0.18431732260310452]], "T": [0.11782934457926594, -0.05636859787739418, -0.03635308364196635], "aligned_model": [[-0.09597244957061074, -0.11449611345487073, 0.2694231722781504, -0.61903369287353, -0.526950214180784, -0.10278911944949398, 0.02570747033584095, 0.39663735183447735, 0.039573084808192355, 0.8287317634783529, 0.47890856019188455, 0.3742253712685186, -0.38149120691293414, 0.06378010377773438], [-0.16549111293009763, -0.7322593120087937, 0.2580748651417848, -0.2689725333934219, 0.22716451228877882, -0.7038803176268564, 0.616799250786854, -0.42132014962472214, -0.20994176684826243, -0.198027033578816, 0.5839643066528368, 0.2923816570176229, 0.27315536272655905, -0.03728184543740934], [-0.7513174865698939, -0.2900626233292056, -0.5134300204215283, 0.21029305614555832, -0.28246817644012717, 0.3431940983891022, -0.338669146089581, -0.3985921876792293, 0.7117904913097761, 0.246146020206616, -0.005930710623948815, 0.44886840939897865, 0.36876344093884883, 0.0026603121163416774]], "inverted": true, "swapped": false, "error_lsq": 0.04427198173174758, "error_max": 0.25843785512049156, "target": "1088.xyz", "model": "25.xyz", "model_rescale": 4.19342608120988, "target_rescale": 4.039258017514312},
{"mapping": [1, 4, 0, 9, 7, 5, 10, 8, 6, 3, 12, 13], "R": [[0.7660628724285463, -0.630761666417889, 0.12364220826340966], [-0.30069025789821263, -0.5216902270235777, -0.7983887999171796], [0.5680959815837735, 0.5744380098895053, -0.5893114019790839]], "T": [0.00933937020214698, 0.05539044221870212, -0.07876518317070641], "aligned_model": [[-0.19878239401937184, 0.5478916461098686, 0.16549811275948945, -0.6684481229356383, -0.6630908497653762, -0.4683200625460223, 0.05885062651391609, -0.21439174971349742, 0.4036042278982872, 0.24753659535863679, 0.40528428147490975, -0.01782375650342101], [-0.6113300722001418, -0.24250236051537385, -0.707366172063244, 0.2809405106497134, -0.27826463644944954, -0.021350522211617408, 0.5650989380935161, 0.5594542449520267, -0.007895001365339528, -0.08051524282178299, 0.5303415539290843, 0.026165187743589058], [0.05132708750128234, 0.007623173788222665, -0.3433866713618241, -0.08951138846567802, -0.4392622734771175, 0.456919109577898, -0.6913673098874824, 0.5221515892110102, -0.6115383941655839, 0.6187478945327667, -0.0006380421154684179, -0.03180631392860494]], "inverted": true, "swapped": true, "error_lsq": 0.046644997710875886, "error_max": 0.2833251861332123, "target": "1088.xyz", "model": "26.xyz", "model_rescale": 3.795458400668931, "target_rescale": 4.039258017514312},
{"mapping": [4, 1, 3, 12, 11, 2, 0, 6, 7, 5, 10, 9, 13], "R": [[0.398604300247017, 0.8244924000791869, -0.401655192965619], [-0.7382535592067974, 0.028610424780265428, -0.6739162603116126], [-0.5441473092307655, 0.5651492951473579, 0.6200886872467218]], "T": [-0.06467077905868265, -0.05175334308723564, -0.14252888895672514], "aligned_model": [[-0.05780936731792312, 0.2651000445342677, 0.5569289248771606, -0.20506806900980806, -0.22045614961644783, -0.5169505860819359, -0.17893471720480045, -0.6534716375284139, -0.14809560564717597, 0.5810129073187499, -0.7685049229989406, 0.052724341035885094, -0.006798779539360915], [-0.6333889465477555, -0.410487851464192, -0.31593373560466864, 0.03761820767477009, 0.6330445741445976, -0.27551600813184335, -0.7226945811105225, -0.35875132442290625, 0.15019188888141008, 0.20651050481983932, 0.298577807129752, 0.5683978157649785, -0.05568684787654485], [-0.3613771693709292, 0.3744969018744193, -0.4674216330156744, -0.7431586487388752, -0.4758806368832559, 0.3372172287734355, 0.3189787979560168, -0.19113864372580305, 0.6610286298058219, 0.05085604536560495, -0.28188836634516423, 0.19215771983382265, -0.12173356342999316]], "inverted": true, "swapped": true, "error_lsq": 0.049980915925112876, "error_max": 0.3445808699206786, "target": "1088.xyz", "model": "27.xyz", "model_rescale": 3.6321398670334006, "target_rescale": 4.039258017514312},
