[{"mapping": [6, 1, 5, 11, 3, 12, 0, 10, 8, 2, 7, 4, 13], "R": [[0.4670898555333814, 0.8794517468835465, 0.0916061775279573], [-0.5491920811110229, 0.36974878350651136, -0.7494490610711303], [-0.6929755586618829, 0.2997506663861379, 0.6556938409793993]], "T": [0.08485333048872874, -0.022057544514711567, 0.15370832101989249], "aligned_model": [[0.2682555151327111, 0.3276213079499559, -0.09302856221291304, -0.5921583623151658, 0.5277387601464503, -0.08295569644767069, 0.6014053448223228, -0.7780782181283391, -0.3934692665758512, 0.6825480155741226, -0.30240030016126235, 0.12295627325899969, -0.03168062876366333], [-0.5845909671031454, 0.01701232909277414, -0.6922501743321765, -0.1900299114891895, -0.29173083831576163, 0.4033603002595813, 0.5377337459537272, 0.494525971568952, -0.3464765455250028, 0.13828399766625604, 0.23076782623088157, -0.08877773913683243, 0.028882421650167436], [-0.33050864618221865, 0.6758015765965683, 0.45636510952599796, 0.176120205882108, 0.0879122983048351, 0.5086443656812657, 0.2770783424360107, 0.21631453439854706, -0.37216137438342733, -0.3027014714708084, -0.44421177391857225, -0.7989200472291913, 0.051900568645714074]], "inverted": true, "swapped": false, "error_lsq": 0.04441518632574515, "error_max": 0.2533286049715654, "target": "1089.xyz", "model": "0.xyz", "model_rescale": 3.8414455957264533, "target_rescale": 3.932141011437211},
{"mapping": [6, 12, 8, 13, 10, 11, 1, 0, 9, 5, 4, 2, 14], "R": [[0.40835912240862127, -0.30676533317319, -0.8597312705193425], [-0.9126497436795586, -0.15547069015021128, -0.37802025060286604], [-0.01769950584895924, 0.9390015414616524, -0.343457177280289]], "T": [-0.024586645545320526, -0.007042676929420889, -0.07056239737887739], "aligned_model": [[0.3299312163841103, 0.197658157422559, -0.033405615460497196, -0.5854880450932011, 0.5886823446990359, -0.09871602348977443, 0.2532686674593377, -0.5193473109000565, -0.4933221768896433, 0.5536609286354202, -0.04339984985617251, 0.07404115885037507, 0.03319073051820341], [-0.590385612835884, -0.1566884866388394, -0.6631473195572672, -0.17111722689091563, -0.2149115056705086, 0.3330889031193725, 0.7447081432991239, 0.5198232903547954, -0.4768601662400517, -0.025907951773080574, 0.39855159430718545, -0.08765337244052457, 0.04721012748682592], [-0.45010854540920053, 0.6439324752809996, 0.3696095249337488, 0.4124657205185095, 0.15096185874867624, 0.707306965502226, 0.2552673441879964, -0.014513257844239083, -0.22889182732369945, -0.38615173392505375, -0.43244163874510344, -0.7974593636593339, -0.02834383397869681]], "inverted": false, "swapped": false, "error_lsq": 0.04001991202154298, "error_max": 0.2724538871887163, "target": "1089.xyz", "model": "1.xyz", "model_rescale": 4.316132596720782, "target_rescale": 3.932141011437211},
{"mapping": [6, 10, 9, 2, 4, 5, 0, 3, 11, 7, 8, 12], "R": [[-0.3978965604031085, 0.27180143913326554, -0.876243290932639], [-0.6076941123263232, -0.7936126449116788, 0.029779786436640088], [-0.6873035668926051, 0.5443371634578844, 0.4809478759858775]], "T": [-0.07382732329834729, -0.015460315259100322, -0.01736100223108563], "aligned_model": [[-0.2924942292320049, 0.5396564561599352, 0.04387103268135589, -0.5092224262669338, -0.5649052054154764, -0.46670547855923705, -0.043478440468827706, -0.1511228646960512, 0.5565242973017893, 0.1990712181496837, 0.28955990898284867, -0.0029457140053011505], [-0.7519699311771532, -0.2777759434613815, -0.4480114647151722, 0.44805908712886644, -0.2256332744907049, -0.15918452404815503, 0.28732128363502113, 0.5400368070694236, 0.0032984316358858293, -0.0008748915003471067, 0.6354235665831599, -0.03791271891846254], [0.08196735990980328, 0.09144917101984276, -0.5438764929749911, -0.08321790837386783, -0.4666543274600022, 0.5269435265462601, -0.655008165180612, 0.4556516375312675, -0.500776248546185, 0.7003528710383814, -0.13616012475095357, -0.021412837549522272]], "inverted": false, "swapped": true, "error_lsq": 0.036676856718111724, "error_max": 0.19897386289739483, "target": "1089.xyz", "model": "2.xyz", "model_rescale": 3.795458400668931, "target_rescale": 3.932141011437211},
{"mapping": [6, 5, 7, 8, 9, 11, 3, 4, 2, 0, 10, 12], "R": [[-0.6874544542812238, 0.7257498699873022, 0.02633437871526434], [-0.13950977454965377, -0.16756104806159045, 0.9759407348694931], [0.7127014775444273, 0.6672409020630521, 0.2164397895953396]], "T": [0.03977290277302505, -0.03637147275709855, 0.03047376661233952], "aligned_model": [[-0.06569498590669165, -0.28605354590873, -0.7118507894531814, 0.08410584915481804, 0.38242875583135816, 0.18601061246252348, -0.2545245624369658, 0.6220250022147789, 0.36564220870533604, 0.6351104969656051, -0.3719650282787614, 0.008069812393475435], [-0.08648822862371748, -0.5909846282073381, -0.14955318995940803, 0.16642649567064605, 0.4194652627441331, 0.72093232717607, -0.46304248181501123, -0.18656400019296066, -0.4875517319920424, 0.21682455421914898, 0.49530488958102586, 0.030999776689163205], [-0.7353542746964108, -0.20935676993739138, 0.14025207307371215, 0.7562291755520293, -0.3606423271780283, 0.22149953298884206, 0.5497361887176383, -0.3239544328726472, 0.3451193343448373, 0.3144747817511846, -0.03883432905163627, 0.029602477946970213]], "inverted": true, "swapped": true, "error_lsq": 0.045752406961572505, "error_max": 0.23110407099618788, "target": "1089.xyz", "model": "3.xyz", "model_rescale": 3.7530521520055578, "target_rescale": 3.932141011437211},
{"mapping": [0, 8, 10, 7, 9, 3, 4, 2, 1, 5, 12], "R": [[-0.061042795464969206, 0.9836487027790543, -0.16943732364182912], [-0.745838344546972, 0.0678611212840971, 0.6626613252797372], [0.6633241597629733, 0.16682355271108776, 0.7295004875499376]], "T": [0.02306646019849088, -0.10865530790428897, -0.013293025413376255], "aligned_model": [[-0.5064446233839041, -0.36315716077445204, 0.5433943733379488, 0.48816951872447883, 0.13756959453918627, -0.19222263442521, -0.2585362212596495, -0.5481999676592296, -0.25910035132481773, 0.22766635640805902, 0.06906071826279517], [-0.543454273566586, -0.035463593431327115, -0.28696519793116726, 0.44818305434353384, -0.7783416850819039, 0.5553811102115892, -0.45649509595034266, 0.1440057299971042, 0.15275968450158323, 0.40799214601631334, -0.14039852079445062], [-0.18580252531948263, -0.6577211651416046, -0.4063272938773518, -0.2651059235601541, 0.11547479020165795, -0.2391222798560338, 0.5223393698352058, 0.12299098867152551, 0.7587984232824512, 0.38980944784765575, -0.06250305483855313]], "inverted": false, "swapped": true, "error_lsq": 0.052481900516079864, "error_max": 0.22743984075802867, "target": "1089.xyz", "model": "4.xyz", "model_rescale": 3.7855080009869324, "target_rescale": 3.932141011437211},
{"mapping": [7, 15, 10, 3, 8, 14, 13, 2, 5, 6, 1, 4, 16], "R": [[-0.0903991050405375, 0.5570110134785176, 0.825570549784514], [0.06478884027779852, -0.8239194124108873, 0.5629913036876825], [0.9937959589288579, 0.1043816684870151, 0.03839347992223535]], "T": [0.021690242739940146, 0.06539349095164397, 0.01154283912062553], "aligned_model": [[0.25609465151726435, 0.29049419811047916, 0.010631870423029443, -0.6132379699798061, 0.5924788325648731, -0.14943577219718374, 0.6264708156773234, -0.6396452604094052, -0.39836782652480973, 0.5351714475379341, -0.2668171818253247, 0.017032059032214063, -0.0041156816468915815], [-0.5431059649771294, -0.06055733340224441, -0.5965691201102713, -0.1834034117431812, -0.2326450788641734, 0.4612951820198829, 0.41433286114656226, 0.3533729441470665, -0.5454493568107209, 0.04238838788324943, 0.5235353119951281, -0.06358175926167962, 0.08709775449774201], [-0.35744558502849144, 0.7804374548564785, 0.3159233378916157, 0.14338695655182013, 0.29559084666763624, 0.5327674898749019, 0.20480280238488435, 0.17119519391115004, -0.3133040146465588, -0.3908063694270932, -0.5175823604031243, -0.7167046943611596, 0.05337263001476939]], "inverted": false, "swapped": false, "error_lsq": 0.03604075586416686, "error_max": 0.2301557094106569, "target": "1089.xyz", "model": "5.xyz", "model_rescale": 4.2253639853439635, "target_rescale": 3.932141011437211},
{"mapping": [0, 12, 9, 8, 7, 11, 6, 5, 1, 3, 2, 4, 13], "R": [[-0.7430101439038825, 0.6401096114795453, -0.19543697538448934], [0.5260020098742684, 0.3779389767229073, -0.7618950160500277], [-0.41383307222135124, -0.6688959673709713, -0.6175114356598512]], "T": [-0.08589737836827283, -0.036785446483119516, -0.0182053218062828], "aligned_model": [[0.3817951881370161, 0.42361608466415224, -0.2069911936959576, -0.7438660661388035, 0.6894736943813812, -0.09211395523779467, 0.30449263706540675, -0.4115309483156514, -0.4354034730441789, 0.5079130548192493, -0.11867663329800966, -0.004088612928752136, -0.037865594128360984], [-0.6771306156693323, -0.1466290622919512, -0.5709607208123213, -0.17056968148493148, -0.07205665463808864, 0.3278119138087604, 0.4556279407816146, 0.49582190899208367, -0.528032210857309, 0.16285732730553829, 0.4963104718098277, -0.10086907085617194, -0.015471129567487519], [-0.13772258776470359, 0.7561810000794922, 0.2512190491590956, 0.29008652041014193, 0.14594965815244793, 0.6692420637101704, 0.11906324712073525, 0.08683490604819717, -0.4368076249945868, -0.350682997763572, -0.4242913648844503, -0.7182852652348892, -0.04915291575124939]], "inverted": true, "swapped": false, "error_lsq": 0.04159106667766672, "error_max": 0.25275919454979207, "target": "1089.xyz", "model": "6.xyz", "model_rescale": 3.89814844738969, "target_rescale": 3.932141011437211},
{"mapping": [9, 1, 6, 3, 5, 0, 2, 7, 8, 10, 4, 11, 12], "R": [[0.050669125404498916, 0.9613947095741535, -0.2704678393701783], [0.983163096323221, -0.09562295762731643, -0.1557131208432403], [-0.1755647053336184, -0.258024150763904, -0.950052931085256]], "T": [-0.05648105835063097, 0.04030560232143722, -0.005924419145570953], "aligned_model": [[0.40758850820457126, 0.3979137361984256, -0.10208740840335367, -0.7097253783619664, 0.5489460937412374, -0.19788273945554793, 0.472596616285642, -0.6428744474226054, -0.4015909212320875, 0.5894974128362956, 0.00779439825636126, -0.18948921726085308, 0.07606752889357726], [-0.6504699294676725, 0.0636265856398302, -0.5224672435716743, -0.23080174465076897, -0.36294386010834145, 0.21978500083281494, 0.48866537110044067, 0.3273114923861169, -0.4724318597249364, 0.10860159518813996, 0.6193347176250187, -0.044316519114731154, 0.11281681038599448], [-0.33060038239716977, 0.7066610946404059, 0.3663424687024017, 0.3841455764456452, 0.26504502301507626, 0.5407044289396782, 0.13759622906533647, -0.07695322926386836, -0.2810357600076293, -0.3479056104024569, -0.2817681025841956, -0.7999573501062243, -0.08064069776017051]], "inverted": false, "swapped": false, "error_lsq": 0.04925238112308836, "error_max": 0.3269705829498134, "target": "1089.xyz", "model": "7.xyz", "model_rescale": 3.7474275329858107, "target_rescale": 3.932141011437211},
{"mapping": [10, 13, 11, 9, 12, 4, 1, 8, 7, 0, 3, 6, 14], "R": [[0.06268059813227336, -0.7803392135910899, 0.6222072438905064], [-0.4380482404068028, 0.538663241957579, 0.7196913580419421], [-0.8967635595263026, -0.3176674731472997, -0.3080624852362347]], "T": [0.047218003111670785, 0.014232563881550368, 0.03302424165831912], "aligned_model": [[0.32807396773796105, 0.23461382418895374, -0.07609714513959356, -0.6195950117530944, 0.4815513431427214, -0.19978432264445323, 0.6459132369708759, -0.4980465426327032, -0.29338791191100666, 0.42096254832206403, -0.16467133542863213, -0.0660705971739027, 0.06329212860050659], [-0.5749586983319261, -0.034337124538639796, -0.5588428887744082, -0.3269702401612222, -0.29922806536309, 0.4358644741885057, 0.46833021581195244, 0.39778783816583424, -0.47144632971709444, 0.16394768066389412, 0.4843472815348201, -0.07909811966174199, 0.05131439270334752], [-0.35328773505660055, 0.9108827839657373, 0.24004563032336473, 0.17188204593561007, 0.33919347990798643, 0.644123439111154, 0.02032937988594198, 0.17718471675261777, -0.3016117619162784, -0.4886208832678965, -0.4652022103124204, -0.7703394212941584, 0.07705422425177115]], "inverted": true, "swapped": false, "error_lsq": 0.04832535562572664, "error_max": 0.28877248870865574, "target": "1089.xyz", "model": "8.xyz", "model_rescale": 4.019505241142653, "target_rescale": 3.932141011437211},
{"mapping": [1, 3, 2, 6, 0, 5, 4, 11, 10, 7, 9, 9, 12], "R": [[0.3417190356188068, 0.9170493981481014, 0.2055444040881624], [-0.6503814445386233, 0.3886360693956431, -0.6526606945148135], [-0.6784040663908246, 0.08934431666821308, 0.7292362551214001]], "T": [-0.01775213455956365, -0.049737141246662314, 0.028622944734371592], "aligned_model": [[0.11890778125341311, 0.32049449192025575, 0.06229379469047966, -0.6582421943818804, 0.6170447153893672, -0.200465363350198, 0.5899814475032856, -0.4372325175049556, -0.6260223150370263, 0.7440082651437891, -0.12075450126157337, -0.12075450126157337, -0.032504920823687174], [-0.5714908545912276, -0.02015212949669462, -0.4587478619807559, -0.2647095559613326, -0.17338051627026552, 0.318762737328394, 0.4127621809964779, 0.39674528675476484, -0.5762128275953392, 0.2948511968284694, 0.15838599180802365, 0.15838599180802365, -0.018489223108306606], [-0.3780740336066332, 0.8180371291119659, 0.44847415856104683, 0.29624428571346123, 0.09489023062097612, 0.559045827590143, 0.35165381230094744, -0.08064358171781853, -0.4084245325989189, -0.31860026990154927, -0.614350876950251, -0.614350876950251, 0.047732416113710444]], "inverted": true, "swapped": false, "error_lsq": 0.05807536281596207, "error_max": 0.3681675595507614, "target": "1089.xyz", "model": "9.xyz", "model_rescale": 3.877068213659057, "target_rescale": 3.932141011437211},
{"mapping": [0, 7, 8, 9, 1, 2, 4, 14, 11, 5, 6, 12, 15], "R": [[0.07961183601444716, -0.8278013066868506, -0.5553439944880574], [0.15613082785492247, -0.5398811526129195, 0.8271345148442799], [-0.9845227880347642, -0.15255601496135202, 0.08626437352329414]], "T": [-0.0464225045127534, 0.128623414397202, -0.030693636725315263], "aligned_model": [[0.24092334220237174, 0.3544153764961474, -0.11080695124750059, -0.5558668214841763, 0.6971562314037502, -0.2056051413199572, 0.4442569794065935, -0.7548289328365824, -0.3407496753216155, 0.6540741611272195, -0.22693082611426166, 0.075982659930905, -0.015266219963197103], [-0.5491225870965843, -0.06161574891508506, -0.5189675228232793, -0.07736174984322575, -0.28315938367320626, 0.33220599192334105, 0.4451920969980623, 0.41273595512079186, -0.48050267572600924, 0.00695917268680743, 0.45853970238346553, -0.08175408877223533, 0.05356125425738813], [-0.3337757336372618, 0.6544520582238272, 0.38379828944051125, 0.3349317233333346, 0.14375463901725116, 0.5805104046687387, 0.31151769126072626, 0.13350728638916637, -0.32563803677143316, -0.355497694518386, -0.5194436381358719, -0.7370600413562576, -0.0694232596275156]], "inverted": false, "swapped": false, "error_lsq": 0.03034944344647457, "error_max": 0.16515924228290962, "target": "1089.xyz", "model": "10.xyz", "model_rescale": 4.260839863003843, "target_rescale": 3.932141011437211},
{"mapping": [11, 9, 6, 10, 5, 7, 8, 0, 4, 1, 2, 12], "R": [[-0.329348534767847, 0.8223852056470837, 0.4639095991452174], [0.8395902466052751, 0.47986044023551677, -0.25460199469420813], [-0.43199277824006016, 0.30564118084737885, -0.8485079304983864]], "T": [-0.04159280439305981, 0.07338196997418832, -0.06806086835493072], "aligned_model": [[0.4330560063756025, 0.2471145852207521, -0.4651625739561509, -0.22243166790755256, -0.6133584709414407, -0.6649090410593544, 0.3693957667390494, 0.6648671460011114, 0.24378159620996612, -0.1875537789871871, 0.19822608444670523, -0.04412700304737068], [-0.1339012148720239, -0.5483766710009682, -0.5406713589166483, -0.1265809177187563, 0.19043755646204688, 0.39575324752501717, 0.5991415586739469, 0.06539774864670299, -0.3028563369221046, 0.055170679293051986, 0.4695129650100193, 0.05005124935265037], [-0.6706615190881361, -0.1588143666042799, 0.14087671372713576, -0.6879992840453594, 0.29340742257698094, -0.38007558100893335, -0.42087610190866476, -0.061561142643849515, 0.44594383891568, 0.781906693212141, 0.372760410048694, -0.1387290057859042]], "inverted": true, "swapped": true, "error_lsq": 0.044759672679828305, "error_max": 0.28875025844094576, "target": "1089.xyz", "model": "11.xyz", "model_rescale": 3.890672605050136, "target_rescale": 3.932141011437211},
{"mapping": [7, 9, 12, 10, 5, 11, 6, 2, 4, 8, 0, 3, 13], "R": [[0.6312488031705075, 0.775426177149061, 0.015465842615095649], [0.1506329350939392, -0.1421378063395123, 0.978318231903084], [0.7608118475423389, -0.615232547741896, -0.20652904114973442]], "T": [0.05900523052431485, 0.14410481167629208, 0.04808811402523612], "aligned_model": [[0.2574796287116032, 0.38338746019479164, -0.05809983092447331, -0.6084787437290593, 0.5912736120830486, -0.24174477022098528, 0.38871314859033607, -0.6425583558548704, -0.49747783959800784, 0.6304715584465365, -0.023906449903898883, 0.059159694506077394, 0.018535069978598474], [-0.622005843146204, 0.011091481859474062, -0.5582028802498475, -0.2814070277415354, -0.3874650698470177, 0.3449202892412828, 0.5961577354332929, 0.2252625492707872, -0.0893903887956014, 0.14540672340736954, 0.39520660509011585, -0.1147730578751715, -0.008090700126712647], [-0.26916028724424407, 0.743001086408436, 0.26759314173423154, 0.46395506759661526, 0.24581523124793814, 0.4627985490486374, 0.18592565183288245, 0.13046583893923458, -0.30809109346583274, -0.3907918090916332, -0.4798968122180675, -0.8385038895476639, -0.011476986953704943]], "inverted": true, "swapped": false, "error_lsq": 0.04813716254292963, "error_max": 0.39790222054374375, "target": "1089.xyz", "model": "12.xyz", "model_rescale": 4.124412569039231, "target_rescale": 3.932141011437211},
{"mapping": [1, 5, 0, 3, 4, 7, 10, 9, 6, 2, 8, 1, 12], "R": [[-0.8652620624800416, 0.027092475287582227, -0.5005872161927194], [-0.4960620466962235, -0.19050900320032077, 0.847129721782428], [-0.07241553051893163, 0.9813115292721328, 0.17827976177135135]], "T": [-0.057953720342342654, -0.003540145546703677, 0.12342729965404146], "aligned_model": [[0.11347912933054803, 0.2703752342613749, 0.018413523156485187, -0.6555489861682885, 0.6932736071458074, -0.14633976457363168, 0.3992742470864344, -0.5495896721792292, -0.5021861739021892, 0.5765380211653816, -0.11338106806447283, 0.11347912933054803, 0.038966955690928645], [-0.4477582505656511, -0.1005279014864447, -0.5412854016742277, -0.3650461817092689, -0.23289261290041968, 0.3757725991085803, 0.5673171344050585, 0.4015914672956682, -0.14316559552325195, 0.20582835146697984, 0.3162834079362467, -0.4477582505656511, 0.06835165073261296], [-0.5369857166737262, 0.7991042578513856, 0.3277933365260219, 0.2681569090861617, 0.15991296674813416, 0.6147392407294279, 0.22178493293451162, 0.07047695369134521, -0.3569632453269403, -0.42061366945182205, -0.5165233427086886, -0.5369857166737262, 0.1077367815547444]], "inverted": true, "swapped": false, "error_lsq": 0.0548378239516314, "error_max": 0.4235139322942233, "target": "1089.xyz", "model": "13.xyz", "model_rescale": 3.9028299243045295, "target_rescale": 3.932141011437211},
{"mapping": [7, 0, 4, 5, 3, 8, 2, 12, 10, 6, 11, 9, 15], "R": [[-0.8244750491307417, -0.24893768875787003, -0.5082036210779606], [0.2558662986542575, 0.6370248900596087, -0.7271394134947673], [0.5047507608452233, -0.7295404831539054, -0.46151636251137934]], "T": [-0.02706654327186168, 0.04636476208777342, 0.010446681948811229], "aligned_model": [[0.21690240334814084, 0.3067431939325432, -0.00986134631728645, -0.41300332924690714, 0.5199421180910784, -0.23446047439979104, 0.3743520792393701, -0.5175802013052823, -0.3891363664710565, 0.5232566928485145, -0.22301835770780484, 0.10236553854171808, 0.00025223172646009553], [-0.6778297848539035, -0.13231218914996484, -0.5539101762840171, -0.07194904269200371, -0.2197217157389385, 0.35260540464768964, 0.5358222903913609, 0.5394448745904701, -0.5625967025257643, 0.11580723764448089, 0.4562273099791943, -0.1204499105073016, -0.0044271789810708395], [-0.4760195215044566, 0.747916691975417, 0.3246715273115007, 0.32533789250404005, 0.1470810698233515, 0.6884670251048387, 0.3865373452786958, 0.03299979476914256, -0.22068959775044625, -0.3593239775467605, -0.5721958041377603, -0.7353855094106547, -0.08776324813007895]], "inverted": false, "swapped": false, "error_lsq": 0.03877241316233239, "error_max": 0.256216103889566, "target": "1089.xyz", "model": "14.xyz", "model_rescale": 3.942246331269136, "target_rescale": 3.932141011437211},
{"mapping": [1, 7, 0, 8, 2, 6, 9, 11, 12, 5, 4, 3, 14], "R": [[-0.28470043673086376, -0.16508599869873053, 0.9442945908766491], [-0.833371156202299, -0.44419404376758853, -0.3289136170660023], [0.4737490657883122, -0.8805897254198689, -0.011115671354491374]], "T": [-0.052120520378633295, 0.09738097320903101, -0.06120948938995542], "aligned_model": [[0.21349742215238443, 0.23722390274686223, 0.07986615250460194, -0.479493849531816, 0.5403580016945186, -0.14681521331659458, 0.5066864647923814, -0.6396232539656073, -0.4038714334340461, 0.5287318400073977, -0.25953316271378957, 0.10836208580088369, -0.028634774457479858], [-0.5520265480428143, -0.010988484214565358, -0.5169227587225186, -0.1600407088508286, -0.2719441626002889, 0.35987251848688473, 0.5341142572240339, 0.46430237003270564, -0.503940107683876, -0.06813896762859907, 0.4286585563020143, -0.05023808384595137, 0.004002536064035098], [-0.46662090477899126, 0.7359826917263226, 0.32079564929857324, 0.5303368244535077, 0.2473615131053007, 0.42347648433473417, 0.3197906393369435, 0.12404776751877263, -0.4887144729880623, -0.25612804368430114, -0.49812954576437346, -0.7460466069651306, -0.04451830730646653]], "inverted": true, "swapped": false, "error_lsq": 0.04115101968812581, "error_max": 0.2701344317220094, "target": "1089.xyz", "model": "15.xyz", "model_rescale": 4.355366556412066, "target_rescale": 3.932141011437211},
{"mapping": [6, 10, 9, 2, 4, 5, 0, 3, 11, 7, 8, 12], "R": [[-0.3978965604031085, 0.27180143913326554, -0.876243290932639], [-0.6076941123263232, -0.7936126449116788, 0.029779786436640088], [-0.6873035668926051, 0.5443371634578844, 0.4809478759858775]], "T": [-0.07382732329834729, -0.015460315259100322, -0.01736100223108563], "aligned_model": [[-0.2924942292320049, 0.5396564561599352, 0.04387103268135589, -0.5092224262669338, -0.5649052054154764, -0.46670547855923705, -0.043478440468827706, -0.1511228646960512, 0.5565242973017893, 0.1990712181496837, 0.28955990898284867, -0.0029457140053011505], [-0.7519699311771532, -0.2777759434613815, -0.4480114647151722, 0.44805908712886644, -0.2256332744907049, -0.15918452404815503, 0.28732128363502113, 0.5400368070694236, 0.0032984316358858293, -0.0008748915003471067, 0.6354235665831599, -0.03791271891846254], [0.08196735990980328, 0.09144917101984276, -0.5438764929749911, -0.08321790837386783, -0.4666543274600022, 0.5269435265462601, -0.655008165180612, 0.4556516375312675, -0.500776248546185, 0.7003528710383814, -0.13616012475095357, -0.021412837549522272]], "inverted": false, "swapped": true, "error_lsq": 0.036676856718111724, "error_max": 0.19897386289739483, "target": "1089.xyz", "model": "16.xyz", "model_rescale": 3.795458400668931, "target_rescale": 3.932141011437211},
{"mapping": [9, 1, 6, 3, 5, 0, 2, 7, 8, 10, 4, 11, 12], "R": [[0.050669125404498916, 0.9613947095741535, -0.2704678393701783], [0.983163096323221, -0.09562295762731643, -0.1557131208432403], [-0.1755647053336184, -0.258024150763904, -0.950052931085256]], "T": [-0.05648105835063097, 0.04030560232143722, -0.005924419145570953], "aligned_model": [[0.40758850820457126, 0.3979137361984256, -0.10208740840335367, -0.7097253783619664, 0.5489460937412374, -0.19788273945554793, 0.472596616285642, -0.6428744474226054, -0.4015909212320875, 0.5894974128362956, 0.00779439825636126, -0.18948921726085308, 0.07606752889357726], [-0.6504699294676725, 0.0636265856398302, -0.5224672435716743, -0.23080174465076897, -0.36294386010834145, 0.21978500083281494, 0.48866537110044067, 0.3273114923861169, -0.4724318597249364, 0.10860159518813996, 0.6193347176250187, -0.044316519114731154, 0.11281681038599448], [-0.33060038239716977, 0.7066610946404059, 0.3663424687024017, 0.3841455764456452, 0.26504502301507626, 0.5407044289396782, 0.13759622906533647, -0.07695322926386836, -0.2810357600076293, -0.3479056104024569, -0.2817681025841956, -0.7999573501062243, -0.08064069776017051]], "inverted": false, "swapped": false, "error_lsq": 0.04925238112308836, "error_max": 0.3269705829498134, "target": "1089.xyz", "model": "17.xyz", "model_rescale": 3.7474275329858107, "target_rescale": 3.932141011437211},
{"mapping": [5, 6, 9, 7, 4, 2, 0, 1, 12, 8, 3, 10, 13], "R": [[0.12036051027921346, -0.9882355463422091, 0.09436022737914179], [0.14929004271529492, -0.07595202269676382, -0.985872087744823], [0.9814406913876117, 0.1327471099270574, 0.13839210271768032]], "T": [-0.07963947816022329, -0.0013845712097294814, -0.04469740121533902], "aligned_model": [[0.26855505895069787, 0.2731815837188388, -0.009817192022799459, -0.7739285143599358, 0.7012085695683297, -0.1691283135880961, 0.4068136809346844, -0.39684147448215146, -0.3796292034529849, 0.5070259620426221, -0.08837858840159982, -0.03428251263684131, -0.048024873991067536], [-0.563706347019656, -0.17175435288043436, -0.5300757770097914, -0.17300131867863858, -0.20874484445759828, 0.24114544164513366, 0.5714492838408376, 0.6062926527323115, -0.6735970479268107, 0.20719127780974025, 0.4844331503888335, -0.17841996306115246, 0.045498261137457], [-0.33757061857461856, 0.6197499234450433, 0.3594493829167329, 0.19179722501824847, 0.14636244662737904, 0.6163651260905625, 0.3218637659796596, 0.04819878730256985, -0.17650587658077507, -0.4041055643058691, -0.5185053271116927, -0.7103103414245726, 0.0448447589041619]], "inverted": false, "swapped": false, "error_lsq": 0.042954403462472895, "error_max": 0.27392340717623537, "target": "1089.xyz", "model": "18.xyz", "model_rescale": 3.922800546911778, "target_rescale": 3.932141011437211},
{"mapping": [13, 6, 8, 5, 4, 1, 2, 0, 12, 11, 3, 7, 14], "R": [[-0.7911339725423371, 0.5958596227615393, -0.13805197373401357], [-0.46329280239400905, -0.4364252101643603, 0.7712929503002733], [0.399332964754084, 0.6741545415522098, 0.6213282846975853]], "T": [0.06604195596500115, -0.019330914776514246, 0.060569334461054565], "aligned_model": [[0.28061254990816886, 0.40128350692993187, -0.05621150789786533, -0.6707965061696073, 0.7000117615204405, -0.11416438079192442, 0.2094056009396735, -0.5731459465993419, -0.4470574492322087, 0.6425212749158551, -0.3017723747870761, 0.11325437042847236, 0.07281328311517823], [-0.5836174080066038, -0.10216920596482848, -0.5219511214027294, -0.14263339647445275, -0.3366724564009228, 0.2950569321179032, 0.6803355665566908, 0.5184808122304712, -0.3611379205733313, -0.09311562835344528, 0.2945914047346877, 0.009489455316658041, 5.33827401341877e-05], [-0.2670798080575086, 0.657661196683895, 0.3873990645747189, 0.21677208383490437, 0.20632176392830973, 0.706068352162544, 0.11572949205849176, 0.08586769776854569, -0.4278065614848831, -0.3510992502440875, -0.3581365754461423, -0.7363945249747904, -0.033669242517168414]], "inverted": true, "swapped": false, "error_lsq": 0.042674848787723256, "error_max": 0.2942568640846797, "target": "1089.xyz", "model": "19.xyz", "model_rescale": 3.9282355846067225, "target_rescale": 3.932141011437211},
{"mapping": [11, 8, 4, 3, 9, 6, 7, 5, 0, 12, 2, 10, 13], "R": [[0.39062737904758915, 0.5210262384611121, 0.7589083670466912], [0.8885515800903061, 0.002060193425862278, -0.4587721058674649], [-0.24059580265962982, 0.8535381739782424, -0.46215391949485396]], "T": [0.02165637667962243, 0.02082672775478917, 0.08552714486639498], "aligned_model": [[0.17411157998578505, 0.3971850052777962, -0.14970363891589342, -0.689531102025342, 0.6665842958767031, -0.16997134344919065, 0.2821417174746436, -0.49710720060046915, -0.41751723254054934, 0.7668303514198768, -0.22495143689088484, 0.18884383462739854, -0.07016064796017707], [-0.6342295076956207, -0.30569964685313405, -0.5150939013416062, -0.1510699406922158, -0.22802862103854868, 0.3272421870969066, 0.5855367501760292, 0.4832827311024946, -0.5625234626897754, 0.22252764066595543, 0.523452045002137, -0.07721602550528783, -0.011469831707102997], [-0.1614989887882615, 0.66083606615718, 0.37326429801808736, 0.2616491896298293, 0.06178225794616274, 0.6297995373423101, 0.04881537308230892, 0.15414892059262786, -0.24162126865513903, -0.27060040864242607, -0.5188473972081818, -0.7539192926325137, -0.0421745985551546]], "inverted": false, "swapped": false, "error_lsq": 0.043774940707259624, "error_max": 0.25167857534612775, "target": "1089.xyz", "model": "20.xyz", "model_rescale": 4.067790424073018, "target_rescale": 3.932141011437211},
{"mapping": [1, 4, 8, 0, 5, 2, 6, 3, 9, 13, 11, 10, 14], "R": [[0.7972826449602439, -0.3338397494130152, -0.5028830935287572], [0.14304076270510838, 0.913896411654453, -0.3799114225314312], [0.586412588754657, 0.23096400255661054, 0.776386440680858]], "T": [-0.018700359108757367, -0.03128086981040903, 0.03225482047897592], "aligned_model": [[0.21654640527851735, 0.3665396443661068, 0.0923131625145516, -0.5916708892559065, 0.5230769504418834, -0.24447355543667218, 0.29446485774268105, -0.5416464427510297, -0.3396535082597982, 0.486003287048037, -0.05077320260446336, 0.0726092802342578, -0.026581807038468325], [-0.7330982358882349, -0.022724044343241566, -0.49262424053175735, -0.1981661828879789, -0.2380542500973721, 0.28182985468512445, 0.587130927896562, 0.6351625254507753, -0.4612850736345414, 0.029212903212874626, 0.45521688061731624, -0.14653720462904354, -0.03935344333025133], [-0.3218870236960944, 0.7350986261690379, 0.3484923720652938, 0.4173679121583617, 0.14265516884191323, 0.6684230919014753, 0.29119747456786016, 0.11052110419536415, -0.5300043370387064, -0.4491371591578293, -0.39239035554214713, -0.7737633856434986, -0.04493980053420117]], "inverted": true, "swapped": false, "error_lsq": 0.040605568242394585, "error_max": 0.21162679150799826, "target": "1089.xyz", "model": "21.xyz", "model_rescale": 4.186013935880536, "target_rescale": 3.932141011437211},
{"mapping": [1, 10, 7, 6, 9, 4, 11, 3, 0, 8, 5, 2, 12], "R": [[0.12427529068293441, -0.979787791872424, -0.15675310211741172], [-0.7827739723402063, 0.00027449055166539615, -0.6223060604571283], [0.6097709080895924, 0.20003951497815775, -0.7669182695013186]], "T": [0.0553251684240665, -0.034868802325542764, 0.004786349184853161], "aligned_model": [[0.09795975433494829, 0.40977663437888456, -0.09381023949277549, -0.4735931837278535, 0.6444059835264836, -0.14226459586870854, 0.270887574066211, -0.6126425116446378, -0.4169614062087676, 0.6637862607674757, -0.30145115950511076, 0.18005119355997976, 0.030609878093567616], [-0.7405486139270663, -0.20427890682656627, -0.5710604642962283, -0.0705498855369166, -0.2079529160672067, 0.174528608149715, 0.541678221865356, 0.5979674534744003, -0.4224533009707584, 0.2514405703556636, 0.3513354563522282, -0.04241318632199062, -0.0009826197303991063], [-0.18315388470505062, 0.7409682610879496, 0.48288766859261684, 0.17456587113893088, 0.0968539498208363, 0.6716650175357367, 0.14653386021150197, 0.08012628856185391, -0.38058631310178676, -0.36327638041809834, -0.5627484061591534, -0.726025325454312, 0.023823081175804783]], "inverted": true, "swapped": false, "error_lsq": 0.04626562619147972, "error_max": 0.2583840792240673, "target": "1089.xyz", "model": "22.xyz", "model_rescale": 4.166573947596378, "target_rescale": 3.932141011437211},
{"mapping": [3, 14, 12, 6, 9, 13, 10, 5, 2, 8, 0, 4, 15], "R": [[-0.07539492703874356, 0.6919788574359524, -0.7179699616547037], [0.8966978772976482, -0.26790106538143005, -0.3523661959061728], [-0.4361748752813659, -0.6703687642105121, -0.6002975913196357]], "T": [0.05393112260481589, -0.11162591946457309, 0.007205984749330213], "aligned_model": [[0.25151566891590005, 0.2920324992131371, -0.10281024766023128, -0.6670428037997217, 0.6208489366733293, -0.09322761434020219, 0.36034753889492344, -0.48376032838481464, -0.3700699292079793, 0.606637069172621, -0.18372099267144684, 0.032915670564928806, -0.006911285090746774], [-0.5335937323502908, -0.05154748188486946, -0.5015677521231493, -0.28945544658139993, -0.28494701668935285, 0.4647536817329665, 0.4567372151481781, 0.5014988493062823, -0.509131936981611, 0.16164099906215443, 0.4355420547483836, -0.10935013610898686, -0.0838688807580735], [-0.37270211461622876, 0.7593203902857819, 0.5099572803414185, 0.17358173026860407, 0.10214362549667116, 0.6096543230820513, 0.3866971706089941, 0.16853763897036836, -0.33194193768051394, -0.5161681339159699, -0.5503641390363888, -0.7272371273773148, -0.009845018140643843]], "inverted": true, "swapped": false, "error_lsq": 0.038310952944307065, "error_max": 0.23421488554491013, "target": "1089.xyz", "model": "23.xyz", "model_rescale": 4.274766983524099, "target_rescale": 3.932141011437211},
{"mapping": [2, 5, 7, 8, 10, 11, 0, 9, 4, 6, 12], "R": [[-0.6158455026701406, 0.20459588255764713, -0.7608382493548936], [0.13731083428603505, -0.9230427172158182, -0.3593575892930495], [-0.7758092881814672, -0.3257800899921548, 0.5403584748443099]], "T": [-0.025687835094436604, 0.12003638842599305, -0.048288787147414074], "aligned_model": [[0.3188886016583784, 0.28971668918981075, -0.4135226114513755, -0.4803192958462005, -0.5878535136584949, -0.5574353667433233, -0.0047542442872812035, 0.03113822771024806, 0.5649199618097185, 0.3084380936825668, -0.08932183810597245], [-0.22248108298854985, 0.6343938544085655, 0.6605600959662845, -0.3903209970019772, 0.36549795772142896, -0.26990418472210753, -0.5643087374184012, -0.010162067627780116, -0.0869915713664579, 0.6687157018428505, 0.1305875624296277], [-0.46386684861883487, -0.3757543523138636, -0.4319785840266198, -0.36869308451617816, 0.23584121497152233, 0.39508043657748976, 0.12613939074938996, 0.6284616266069636, 0.260768659441836, 0.384653043082998, -0.01108506793312599]], "inverted": true, "swapped": true, "error_lsq": 0.04566590666198793, "error_max": 0.22943004554937552, "target": "1089.xyz", "model": "24.xyz", "model_rescale": 3.7841303162186577, "target_rescale": 3.932141011437211},
{"mapping": [6, 5, 3, 13, 4, 12, 2, 14, 11, 1, 10, 7, 15], "R": [[0.16047473432130765, 0.8499536962748986, 0.501823249594061], [0.8527100230237614, -0.37544378647168586, 0.36321836384552403], [0.49712521187254427, 0.36962234427647994, -0.7850132778063295]], "T": [0.07179781416617786, 0.10375083527509217, -0.1309992117576497], "aligned_model": [[0.24080400147322972, 0.2817038739715216, 0.01401017784430042, -0.5556877860323435, 0.6394908928042125, -0.19898284085376827, 0.4842806339166537, -0.5713629894317975, -0.45681916262506445, 0.7762631545380356, -0.4348530425316192, -0.042833723553553055, 0.08074099275988966], [-0.5935594630931575, -0.04463836284077967, -0.5394219234007467, -0.16720570111778166, -0.25146235965595437, 0.25419667345548624, 0.4535056660014847, 0.49710327480028615, -0.41919165484701876, 0.09506384008089934, 0.45101472296983186, -0.11378260639326375, 0.035088310560945524], [-0.21597984887308358, 0.7076060812039481, 0.3506555185407173, 0.24958504198982093, 0.1980182611396171, 0.5612549273193971, 0.394664663472017, 0.11581448588765222, -0.32210863862000794, -0.36909481048316634, -0.6084589555976118, -0.7329496851490984, -0.12737335254337312]], "inverted": true, "swapped": false, "error_lsq": 0.039900224775126746, "error_max": 0.2990576036808675, "target": "1089.xyz", "model": "25.xyz", "model_rescale": 4.19342608120988, "target_rescale": 3.932141011437211},
{"mapping": [6, 10, 9, 2, 4, 5, 0, 3, 11, 7, 8, 12], "R": [[-0.3978965604031085, 0.27180143913326554, -0.876243290932639], [-0.6076941123263232, -0.7936126449116788, 0.029779786436640088], [-0.6873035668926051, 0.5443371634578844, 0.4809478759858775]], "T": [-0.07382732329834729, -0.015460315259100322, -0.01736100223108563], "aligned_model": [[-0.2924942292320049, 0.5396564561599352, 0.04387103268135589, -0.5092224262669338, -0.5649052054154764, -0.46670547855923705, -0.043478440468827706, -0.1511228646960512, 0.5565242973017893, 0.1990712181496837, 0.28955990898284867, -0.0029457140053011505], [-0.7519699311771532, -0.2777759434613815, -0.4480114647151722, 0.44805908712886644, -0.2256332744907049, -0.15918452404815503, 0.28732128363502113, 0.5400368070694236, 0.0032984316358858293, -0.0008748915003471067, 0.6354235665831599, -0.03791271891846254], [0.08196735990980328, 0.09144917101984276, -0.5438764929749911, -0.08321790837386783, -0.4666543274600022, 0.5269435265462601, -0.655008165180612, 0.4556516375312675, -0.500776248546185, 0.7003528710383814, -0.13616012475095357, -0.021412837549522272]], "inverted": false, "swapped": true, "error_lsq": 0.036676856718111724, "error_max": 0.19897386289739483, "target": "1089.xyz", "model": "26.xyz", "model_rescale": 3.795458400668931, "target_rescale": 3.932141011437211},
{"mapping": [7, 2, 3, 4, 0, 9, 1, 11, 10, 6, 8, 5, 12], "R": [[-0.200724611593964, 0.9789991536662812, -0.03564109175036362], [-0.5886724629415951, -0.14961659486182427, -0.7944051900108845], [-0.7830545074736044, -0.13847574395054996, 0.6063415758981179]], "T": [-0.024360546744076696, 0.08583742551388422, 0.07017300755254825], "aligned_model": [[0.12367599961947495, 0.4323458682979005, 0.018244738912884795, -0.7551287999564844, 0.6463169850613002, -0.10622501199597321, 0.41513618995221074, -0.6795176687952174, -0.46377047061968013, 0.5597450952410378, -0.018127977203751595, 0.05181973098066592, 0.03223950278532842], [-0.6282726525030177, 0.06954129048213363, -0.567709327232211, -0.26463035585085376, -0.35237800433953437, 0.15659904886672915, 0.47730568478542756, 0.3507584355317564, -0.34856128479955123, 0.24920981514266632, 0.6157288486547547, -0.06086184167022908, -0.040019240547839355], [-0.2880728243071715, 0.8224951462283517, 0.4109632516279624, 0.27514441277471574, 0.2925062652148812, 0.4857031413634422, 0.13300923092291916, -0.040102083062294874, -0.2846552717416654, -0.48957427558869665, -0.42975493211960125, -0.6643583792333806, -0.021669993792633013]], "inverted": true, "swapped": false, "error_lsq": 0.04658421326999341, "error_max": 0.23865427377159468, "target": "1089.xyz", "model": "27.xyz", "model_rescale": 3.6321398670334006, "target_rescale": 3.932141011437211},
{"mapping": [1, 7, 3, 0, 4, 8, 12, 10, 2, 6, 9, 13, 14], "R": [[0.8695499480437876, -0.41710090873421307, 0.2644044625004274], [0.49124495049842204, 0.7854218680595795, -0.37655130830154276], [-0.050609153982744376, 0.4573175276620111, 0.8878622598276473]], "T": [-0.06419406380905605, -0.01583926203408958, 0.03838487203289457], "aligned_model": [[0.12868557383414647, 0.4204167336753311, -0.11013439425519518, -0.6364818295780708, 0.6719168174593185, -0.11166165049825498, 0.4437953804474189, -0.6860850598662648, -0.3721137537276463, 0.5693681496368261, -0.09399263417010902, 0.0824324134685878, -0.04939156414639148], [-0.6333767059607812, -0.025774744742963925, -0.46022006589850184, -0.2047020140509821, -0.39505695624066406, 0.272014786368667, 0.5844995960973826, 0.44927064750256673, -0.5780991753820037, 0.20355205311715519, 0.525556573947037, -0.02965688906415098, -0.051296689172529025], [-0.13106171801075225, 0.6433154838791992, 0.5598973523797902, 0.2003393973526939, 0.010065916579403235, 0.4649015666963156, 0.2934333199821957, 0.07833476653065721, -0.4333066777481574, -0.35451945432471627, -0.3522233142701622, -0.7646014798177809, -0.01294147094185702]], "inverted": false, "swapped": false, "error_lsq": 0.04501224786493267, "error_max": 0.2730334086835978, "target": "1089.xyz", "model": "28.xyz", "model_rescale": 4.156811204709835, "target_rescale": 3.932141011437211},
