[{"mapping": [4, 3, 6, 10, 2, 9, 7, 12, 0, 1, 8, 11, 5, 13], "R": [[-0.235480320418524, 0.7828215873540469, 0.5759682118555498], [-0.9547758825840602, -0.2970266783454367, 0.013347898220517185], [0.18152694767284022, -0.5467773904648643, 0.8173631093614485]], "T": [0.21499316616777897, 0.028324287828537676, -0.015320869067267248], "aligned_model": [[-0.49885129641253045, 0.4470049156279639, -0.037495473003793967, -0.28781818973826334, 0.23626469428983643, -0.06622538511087356, -0.4963919168949007, 0.37883534521862616, 0.6295121521447979, 0.7726102615251003, -0.49056317322341847, -0.19280893981905634, 0.34605470502787944, 0.061826337470642256], [-0.5793799346477733, -0.4316777048283032, -0.6102124805224125, 0.8828910487151873, -0.594100146310291, 0.23965474390753358, 0.05638242207711597, 0.5252279076471684, -0.03817069269492425, 0.17626491804046376, -0.070950001612686, 0.451350149561324, 0.05874270061137332, 0.07201323774356654], [-0.20113229992923493, 0.0728211791384126, 0.32093285469035204, -0.19511329438394215, -0.4663126553428214, -0.6579706465622929, -0.26936513130096135, -0.26303510149773873, -0.6627502956539764, -0.00045956627330116795, 0.3054812491045639, 0.3612536965916685, 0.7291916248755764, -0.049541630274220066]], "inverted": true, "swapped": false, "error_lsq": 0.04867493562452601, "error_max": 0.3865642403866943, "target": "109.xyz", "model": "0.xyz", "model_rescale": 3.8414455957264533, "target_rescale": 4.036660893557183},
{"mapping": [2, 13, 9, 3, 7, 4, 5, 1, 0, 11, 6, 10, 8, 14], "R": [[0.4859341041050371, -0.8641099305846172, -0.13108041170473578], [0.15111401642782674, -0.06465178183731471, 0.986399868787659], [-0.8608325043274594, -0.49913342401637295, 0.09916261655990222]], "T": [0.06686665215782106, -0.024602692438236665, -0.04192281964196381], "aligned_model": [[-0.5742207101268272, 0.7218077824328832, 0.09229253975391866, -0.1980464038100519, 0.11471724221974104, -0.0974531384616005, -0.5157975087045391, 0.3544249738979003, 0.5321595954690932, 0.8007102009399815, -0.5829821919152233, -0.16878836799865676, 0.24275297161578116, 0.08037705178960883], [-0.2817052535395604, -0.34243210246460454, -0.6828195600421868, 0.5958376153178754, -0.5455501563510339, 0.01853849190283309, 0.2822555535424428, 0.6958442682240498, -0.11747025565074866, 0.4017303175983301, -0.197611642196045, 0.4304677530885712, -0.1828780018253966, 0.06382914008281673], [-0.3017496747060289, 0.16993463865404368, 0.1358797659270762, -0.43973154167972844, -0.415123922277892, -0.5585997781688852, -0.01616864517031697, -0.42502108332798566, -0.5900062641236139, 0.035402548730512524, 0.35530703440260664, 0.41168372957604804, 0.7119440960444207, -0.04975092069817231]], "inverted": true, "swapped": false, "error_lsq": 0.04784065853677977, "error_max": 0.24778809806631538, "target": "109.xyz", "model": "1.xyz", "model_rescale": 4.316132596720782, "target_rescale": 4.036660893557183},
{"mapping": [0, 4, 2, 11, 10, 6, 12, 7, 1, 5, 9, 13], "R": [[-0.7549621977682472, 0.45800103910514856, 0.46932624912691867], [-0.6095526284598988, -0.7540375590345592, -0.24468950264127115], [0.24182157281468292, -0.4708103734454119, 0.8484455899924432]], "T": [-0.0739713154618293, 0.013725071758927615, -0.01084546247041867], "aligned_model": [[-0.30644525108500065, 0.5539324037465205, 0.0997029107676019, -0.6774897048761364, -0.5670836145377147, -0.4117341229760847, -0.08702238767220291, 0.03527600805111811, 0.5254096660673317, 0.1559939381954494, 0.29855896458177855, -0.021290255630880064], [-0.7588521184099397, -0.3241065414257622, -0.4975616539105588, 0.3632140409245235, -0.23412266660492734, -0.18475327591283197, 0.34957521809543446, 0.7186660316990648, 0.09619873005058106, -0.08930447265210037, 0.611320878263977, -0.03749774237647986], [0.0932968931338411, 0.08544789219973253, -0.5115603458998018, -0.1209748556333512, -0.3992243348293392, 0.41121240097516276, -0.6701645834847224, 0.4549419782635958, -0.33194298568449415, 0.5956302441871385, -0.11880516463332638, -0.03859867738501442]], "inverted": true, "swapped": true, "error_lsq": 0.04349188739954582, "error_max": 0.2677569066504995, "target": "109.xyz", "model": "2.xyz", "model_rescale": 3.795458400668931, "target_rescale": 4.036660893557183},
{"mapping": [10, 12, 2, 8, 6, 5, 1, 11, 9, 7, 0, 13], "R": [[-0.11775367326150142, -0.9906623908858053, 0.06871753573756506], [0.6078888262221546, -0.017191211504692064, 0.7938360266460904], [-0.7852421584375581, 0.1352497302452796, 0.6042369262804983]], "T": [0.04378153301345298, 0.04493168964342367, 0.006102258995476208], "aligned_model": [[-0.18371582583691567, -0.00972162385601516, -0.672484776175641, 0.17174748141407464, 0.20638384773850124, 0.1856342195472481, -0.24875844410368317, 0.47012109051098805, 0.34556105374995094, 0.803925868529565, -0.44679933761405677, -0.02858972816045114], [-0.0936495071766568, -0.6854932181483144, -0.10419941971592545, 0.10899003420174389, 0.5360125075799622, 0.5826525013760692, -0.32313199233375167, -0.18230439376264546, -0.40939849685257723, 0.031596628363379786, 0.5794583887608499, 0.045236012997575584], [-0.6139514427197791, -0.10012495454982798, -0.07765174826268556, 0.846691966040713, -0.24690036200183565, 0.35545313079875873, 0.504211255644596, -0.5087800705509763, 0.4644340790728646, 0.39059860483641334, -0.3618337314283142, 0.036624703759173774]], "inverted": true, "swapped": true, "error_lsq": 0.04865399364780104, "error_max": 0.26595207784691566, "target": "109.xyz", "model": "3.xyz", "model_rescale": 3.7530521520055578, "target_rescale": 4.036660893557183},
{"mapping": [11, 7, 9, 8, 12, 5, 10, 6, 0, 4, 13], "R": [[-0.8450947978672249, 0.5337685891697664, -0.030097771237614326], [0.08202465253048474, 0.18508610401022152, 0.9792931585993905], [0.5282866068669618, 0.8251267946916006, -0.20019748671488735]], "T": [-0.06956593837132152, -0.09841537263051538, 0.08562191940047062], "aligned_model": [[-0.4986968004511372, -0.11423645420545067, 0.3775923857883456, 0.4434261715408495, 0.276673260704181, -0.17407668764210438, -0.34061883406600074, -0.5897792781900261, -0.41426865268582713, 0.388797024418664, -0.016612532766288997], [-0.6236705049806018, 0.00740474205333462, -0.25760028880577324, 0.4025842339809116, -0.7522905646993275, 0.519838141156572, -0.5265015762598433, 0.14608527554490414, 0.20052423322617652, 0.42303656532524114, -0.0722068982272478], [-0.11048830042152949, -0.7585589397671708, -0.4456637385933123, -0.37579795489091095, 0.07035742348032756, -0.1097034083319133, 0.5313784890711025, 0.12037422647700374, 0.7591057176752403, 0.2744524263659812, 0.13737483618049828]], "inverted": true, "swapped": true, "error_lsq": 0.040589046555990174, "error_max": 0.20785983132787111, "target": "109.xyz", "model": "4.xyz", "model_rescale": 3.7855080009869324, "target_rescale": 4.036660893557183},
{"mapping": [15, 7, 8, 2, 10, 3, 14, 0, 5, 4, 13, 12, 6, 16], "R": [[-0.8718168455526585, 0.32008803027077676, -0.3707816617471611], [-0.2957763661068263, -0.9473831833325768, -0.12239871400988636], [-0.3904506743024688, 0.0029591917828246, 0.9206190928504252]], "T": [0.023692320735482608, 0.05076236381274136, -0.017191813724141823], "aligned_model": [[-0.5742894525499922, 0.6466952748692663, -0.08728258093541584, -0.23149220885499716, 0.11650335815215215, 0.07470573881040643, -0.6189356776047281, 0.5125126390679187, 0.6426068959632047, 0.7091378783958893, -0.3542535984149726, -0.3635734087968459, 0.3515824924548859, -0.0219633134547622], [-0.5039403780867732, -0.36505111528800477, -0.6121680468879972, 0.5848531184259999, -0.5219865393976647, 0.20829524889126694, 0.2207400138531763, 0.5840383488561673, 0.009773886697925581, 0.2537522616122246, -0.1485117328528558, 0.4778870869338519, -0.11434536167987794, 0.06469937660990394], [-0.13568558416535664, 0.001136896394697419, 0.19141718831293414, -0.4592479292491021, -0.4579968491754203, -0.6917269326722876, -0.14302604105857863, -0.308988495476784, -0.5371609839004127, 0.17244012646610485, 0.5678845534887428, 0.34427047841524694, 0.522534545035032, -0.041850989232731575]], "inverted": false, "swapped": false, "error_lsq": 0.035121542444885974, "error_max": 0.18920553196924558, "target": "109.xyz", "model": "5.xyz", "model_rescale": 4.2253639853439635, "target_rescale": 4.036660893557183},
{"mapping": [8, 2, 10, 12, 5, 11, 9, 7, 6, 3, 1, 0, 4, 13], "R": [[0.13973837462677802, 0.9136467745013706, -0.3817365034941095], [-0.9860258005356699, 0.16370720452296, 0.030871862031130876], [0.09069899301898388, 0.37208805762953445, 0.9237554709092783]], "T": [0.011945036972952884, -0.021934439532982755, -0.050924318684944514], "aligned_model": [[-0.5821335949263475, 0.5479744440355017, -0.022278702516366176, -0.1184055869155633, 0.16347574520954597, -0.03060018355311058, -0.551137327947176, 0.3466028162881215, 0.5188213056438502, 0.6275911396240953, -0.34950372338975, -0.13083992220146431, 0.3152222357470208, 0.06716539200365185], [-0.4185400672074739, -0.4187275324624802, -0.776351399782305, 0.6708530720933452, -0.5191160910826996, -0.01008936025714095, 0.20925477553731447, 0.6855162168158595, 0.10448712041398024, 0.2829395473171709, -0.1935541551786108, 0.6410533466521341, -0.11880110363251908, -0.0008882015392321814], [-0.23970840386234904, 0.022555802469339192, 0.14451431652488048, -0.662804979480419, -0.4122968636773627, -0.8278434825112244, -0.005249110568091575, -0.1809587587473523, -0.4261735765948755, 0.12526081443046186, 0.5643863742111287, 0.3770035959566657, 0.5811762289311037, -0.03586197389982085]], "inverted": true, "swapped": false, "error_lsq": 0.040164456537125075, "error_max": 0.25370831235347296, "target": "109.xyz", "model": "6.xyz", "model_rescale": 3.89814844738969, "target_rescale": 4.036660893557183},
{"mapping": [2, 4, 1, 0, 12, 8, 5, 10, 6, 7, 9, 11, 13], "R": [[0.3362422745347292, -0.3768286972224043, 0.8630998005823991], [0.8973618411836756, 0.406314065952588, -0.172193512643537], [-0.28580213225788886, 0.8324115645272725, 0.47477165926169473]], "T": [-0.07517016779608435, 0.014268673799844658, 0.042367649078155545], "aligned_model": [[0.3572649817832362, -0.20178067779745165, 0.2667349166199645, -0.2853281685327178, 0.6222827914573681, -0.35646062398911516, -0.6848867538603696, 0.26646898173633116, -0.5268532508982238, -0.441384097482873, 0.11866432025195828, 0.06721189195827013, -0.05330251034215489], [-0.36140949930242294, 0.11108662428045098, 0.3854802032648172, -0.7329531360743965, 0.19987615785296436, 0.6886583380548306, 0.1352882633495503, -0.5157083466192635, -0.2891975401285679, 0.7047270918599232, 0.6992203250845412, -0.06080500434789127, -0.0004822118040505863], [-0.4204044318134755, -0.6592460286948822, -0.4207370889539799, -0.20106295154304218, 0.20600317733299484, -0.3971139444485629, -0.16955646776633554, 0.2828534880400829, 0.23078436323582657, 0.3814682319071166, 0.0710779510343053, 0.729824383045889, -0.031615650539641243]], "inverted": false, "swapped": true, "error_lsq": 0.05350330490204533, "error_max": 0.30496028482775545, "target": "109.xyz", "model": "7.xyz", "model_rescale": 3.7474275329858107, "target_rescale": 4.036660893557183},
{"mapping": [13, 7, 11, 2, 9, 8, 4, 3, 5, 6, 12, 1, 10, 14], "R": [[0.8886851676796015, 0.431258885073018, -0.1557383921576691], [0.008563838671839713, 0.32398542466058444, 0.9460233111687594], [0.45843792754688306, -0.8420506033802707, 0.2842278099226756]], "T": [0.03144506027430494, 0.03270905950347663, 0.015436467311604446], "aligned_model": [[-0.8040185507473786, 0.5872553986599053, 0.048807565699522854, -0.3725608807759222, 0.25210198124435357, 0.006483297495212117, -0.5301125512997825, 0.426397626145665, 0.5991274758305681, 0.8110976536712396, -0.31952591849597856, -0.3056336283371772, 0.4261474494128756, -0.023612881401093834], [-0.2985533144419093, -0.3609258730305704, -0.5800346242040283, 0.6761140197391698, -0.5379654444594871, 0.11799742873740376, 0.06301663948340701, 0.5621013864108001, 0.010819922124437685, 0.23810314139496846, -0.21124423176448862, 0.6258936837429684, -0.21927982252897465, 0.051993256483645764], [-0.003996055922520558, 0.017446332137360132, 0.11899165584305108, -0.34705319128581336, -0.4384154621136668, -0.6608128360735466, -0.5285859084455808, -0.263652715402256, -0.4207733500411175, 0.14541032287928976, 0.4603508214741915, 0.33057418212795064, 0.6120728616328037, 0.0024433263719387515]], "inverted": true, "swapped": false, "error_lsq": 0.047259012527854034, "error_max": 0.31806718997891015, "target": "109.xyz", "model": "8.xyz", "model_rescale": 4.019505241142653, "target_rescale": 4.036660893557183},
{"mapping": [5, 4, 6, 3, 7, 11, 10, 8, 9, 1, 2, 12, 13], "R": [[-0.12257978208912534, 0.7692144773248796, 0.627123022139034], [-0.4658785803691511, -0.6025399197024984, 0.6479990690719637], [0.8763169206264405, -0.2127315985901474, 0.4322197607526447]], "T": [0.04401470444992042, 0.047212496071000434, -0.04963818140427624], "aligned_model": [[-0.2789174427704537, -0.6561668319818392, 0.10372377577110581, 0.26274186631986984, 0.36229887113751347, 0.7357915762394259, 0.29972200887401734, -0.37899066422650174, 0.17746180129061842, -0.2996554396458656, -0.3509273116744439, 0.36739371432915824, -0.02477515192142922], [-0.4175710748983341, -0.06486494532224284, -0.013634526615056056, -0.5761390294090308, -0.7387289231655517, 0.15324123106948045, 0.6581763932000699, -0.6255013979550971, -0.3629454623274556, 0.0031568793934147465, 0.6385816118706041, 0.3327057573947023, 0.07690171487855513], [-0.3828092307552305, 0.07222302155665113, -0.6191490903102225, -0.5899057527764975, 0.03298112267186808, -0.14295557624497002, -0.17911126847565223, 0.25954184043282225, 0.5173866648768128, 0.5412196859728299, 0.14166163555312283, 0.5516828379551404, -0.026062396412795633]], "inverted": false, "swapped": true, "error_lsq": 0.04570736233918211, "error_max": 0.2574079454067572, "target": "109.xyz", "model": "9.xyz", "model_rescale": 3.877068213659057, "target_rescale": 4.036660893557183},
{"mapping": [13, 12, 6, 7, 3, 4, 2, 1, 5, 0, 14, 9, 11, 15], "R": [[0.5773863311073243, 0.018433830044337074, -0.8162629591990072], [-0.8139154757870934, 0.09203394766689865, -0.5736474097833234], [0.06454938361202922, 0.9955852280878535, 0.06814272293182912]], "T": [0.011653458818621051, -0.016493459960450242, -0.011391117742942311], "aligned_model": [[-0.6153537752263966, 0.6493250083870914, 0.04161618905730284, -0.12079200491232835, 0.13559286294890632, -0.15878664297811546, -0.5787127059789843, 0.5046123277490072, 0.6315085834682288, 0.7484477128127561, -0.6056256420337328, -0.34698428491058897, 0.42086173161426255, 0.09624467710460048], [-0.44310864383313314, -0.37889967829145443, -0.6240032413109822, 0.6840791386515725, -0.4132636733866452, 0.1169617853081864, 0.2735965913915129, 0.5124370750609988, -0.05249772223704128, 0.25230502022015516, -0.20617986824449355, 0.2969382693603542, 0.11032190697899655, 0.009349208019315911], [-0.16139081543652073, 0.13084791873965101, 0.09028815981606093, -0.40881130171439084, -0.49094691696737736, -0.652663718868842, -0.09897485777662147, -0.49111046576658884, -0.48623715572374654, 0.1251652441286773, 0.42736522101673236, 0.4455386621220218, 0.5895429289271773, 0.005387080685851364]], "inverted": false, "swapped": false, "error_lsq": 0.04529330373627324, "error_max": 0.30606146867265027, "target": "109.xyz", "model": "10.xyz", "model_rescale": 4.260839863003843, "target_rescale": 4.036660893557183},
{"mapping": [2, 12, 9, 1, 5, 4, 0, 10, 11, 3, 6, 13], "R": [[0.660929221001812, 0.10342757124342944, -0.7432868237313395], [0.6902403245691365, 0.3049290929740017, 0.6561909345584911], [0.29451801161326496, -0.9467423016664767, 0.13014666753563378]], "T": [-0.012945162483577065, -0.021037579779095053, -0.0019950778700308716], "aligned_model": [[0.2610287317062897, 0.23960785201142637, -0.43372367266468975, -0.35056627297778664, -0.48128464438567825, -0.4645695461310777, 0.35002508736071986, 0.6576348964862562, 0.422862502622063, -0.31423298597226174, 0.09749763407365557, -0.02538093303478623], [0.09050992726241545, -0.6749966618945442, -0.5958247294534139, -0.31825162621836434, 0.39745776789887055, 0.2627420243681655, 0.6831937708800314, -0.009038586059328405, -0.32409199461567006, 0.2512076459341201, 0.40962558209622946, 0.0005453853344225754], [-0.6763745750117965, -0.23910654617844754, 0.008960867179489887, -0.5185595763529744, 0.18992068839359283, -0.4848721243128275, -0.18659214778432753, -0.07686027718518595, 0.4635531686644578, 0.7486086317052781, 0.3639855752017382, -0.07648560692349277]], "inverted": true, "swapped": true, "error_lsq": 0.049835508324877036, "error_max": 0.29119009515728955, "target": "109.xyz", "model": "11.xyz", "model_rescale": 3.890672605050136, "target_rescale": 4.036660893557183},
{"mapping": [10, 0, 2, 5, 4, 7, 12, 8, 3, 8, 11, 9, 6, 13], "R": [[0.33395891955551293, -0.6638310332423907, -0.6691784510529717], [-0.71954953544351, -0.6381294017084529, 0.27393308073002215], [-0.6088677246269039, 0.3900246479128621, -0.6907683171137082]], "T": [0.08729068612039215, -0.020852505056598164, 0.09463140647981434], "aligned_model": [[-0.6724904105962355, 0.612051443447706, -0.15777215985375614, -0.17484702680579922, 0.07849986993851135, 0.012965338611441446, -0.48345398609945134, 0.6189699628032228, 0.6651991584594383, 0.6189699628032228, -0.2368710668782984, -0.4350105665647436, 0.311099766764127, 0.04464375107262415], [-0.4570603859450989, -0.2736663584095106, -0.6865883078536309, 0.6568944394184748, -0.5634752254000532, 0.2913576245536573, 0.09070747229597508, 0.42595570076494194, -0.14334968704559797, 0.42595570076494194, -0.26758933591741285, 0.46583607154852247, 0.2066445990783979, -0.03358614016626425], [-0.08424249929015513, -0.002352318285384028, 0.14263324044404246, -0.18270427559443203, -0.34869730761737355, -0.6952829863266607, -0.3711335957807992, -0.09738583179501119, -0.615354082108184, -0.09738583179501119, 0.4644992992264405, 0.40472179147590026, 0.574436478329992, -0.06775209770127967]], "inverted": false, "swapped": false, "error_lsq": 0.05899493835326008, "error_max": 0.39354973805511634, "target": "109.xyz", "model": "12.xyz", "model_rescale": 4.124412569039231, "target_rescale": 4.036660893557183},
{"mapping": [9, 11, 10, 7, 12, 1, 3, 4, 6, 5, 2, 0, 13], "R": [[0.24207076210057282, 0.8234478282383861, -0.5131621773918394], [0.9284340396319175, -0.3501979767588496, -0.12398230166748764], [-0.2818013133198771, -0.44642474309058416, -0.8492896847175874]], "T": [0.1322312514298623, 0.11604985639922528, 0.015121457777135505], "aligned_model": [[-0.18672943239998213, 0.01977942365915586, 0.6114112038219791, -0.6821635426232984, 0.4209953193181683, 0.2968567228403799, -0.6161592631823847, 0.24663395419289863, -0.04715643816307735, -0.27588899353805213, 0.835686092350183, 0.5600997033295769, 0.18393355790421062], [-0.41944335145294664, 0.5447966838711996, 0.5263932100577394, -0.04344005047348452, -0.15052133946444762, -0.5487379898322734, 0.4795586433760598, -0.3422170908968266, 0.6004683661174418, 0.1049300730771004, -0.0471192138557346, 0.5691873771641832, 0.07363005882046614], [0.36018081688492964, 0.56469967198495, 0.25476973075347564, 0.20788754314085298, 0.6421959870378741, 0.026014501926173363, -0.1748015365217385, -0.5276207611746886, -0.23937603336091526, -0.49929676093520997, -0.1291677950721865, -0.5077171893101678, -0.026070094385510126]], "inverted": true, "swapped": true, "error_lsq": 0.04379519345684714, "error_max": 0.27247174832006943, "target": "109.xyz", "model": "13.xyz", "model_rescale": 3.9028299243045295, "target_rescale": 4.036660893557183},
{"mapping": [14, 1, 11, 4, 12, 5, 10, 0, 8, 2, 9, 7, 6, 15], "R": [[0.03643005070185723, -0.0748976228637087, -0.9965255628910008], [-0.29444229154930346, -0.9537257826273363, 0.06091689830474062], [-0.9549746532516219, 0.2912000646312442, -0.05679730632436819]], "T": [0.11806696394741846, 0.04462655972405042, -0.10459562806529497], "aligned_model": [[-0.5813970029254968, 0.4403772692778796, -0.008196004232701046, -0.1178743202799185, 0.22562181952286253, 0.013639170242928447, -0.6022399371569844, 0.5537349299402826, 0.5868918308598875, 0.8530993224616489, -0.3298152068733988, -0.5173737501495443, 0.24108962658974442, 0.04439628982481926], [-0.4970928987390321, -0.38575631027808355, -0.6438619430088669, 0.6519610200438852, -0.5225740548398796, 0.12073478511331939, 0.2048312993439931, 0.7072929472561549, 0.08069363111179872, 0.06423718029684107, -0.16304791058435994, 0.42834314027818515, 0.04941730055810477, 0.042857981135282636], [-0.08613377139207107, 0.26021309994065234, 0.13183180860155652, -0.2912499545296945, -0.4931258133036259, -0.5999785179446906, -0.20873501385978033, -0.34601454092739903, -0.7173023850736053, -0.06596112206945935, 0.4929981569648172, 0.41463903999237106, 0.5505766664709518, -0.01775766968793835]], "inverted": false, "swapped": false, "error_lsq": 0.049538832386072276, "error_max": 0.31092786384800586, "target": "109.xyz", "model": "14.xyz", "model_rescale": 3.942246331269136, "target_rescale": 4.036660893557183},
{"mapping": [9, 1, 2, 11, 5, 4, 6, 13, 3, 12, 7, 8, 0, 14], "R": [[-0.27049808017936355, -0.9550166232344606, -0.12154850046432997], [-0.22824994881233102, -0.059036666255587955, 0.9718110067830035], [-0.9352714843757652, 0.2906164506411758, -0.20201319048586447]], "T": [0.008819876786896448, 0.033361033838949464, -0.18981836789783088], "aligned_model": [[-0.631458899150408, 0.7143535363431472, -0.027896853614702295, -0.3060849120369071, 0.19253205444263538, 0.11727248072293464, -0.5069988632619712, 0.40184680984489046, 0.5804771634764438, 0.7709894417019217, -0.5204764132024012, -0.18488957480563528, 0.1438091383045677, 0.05847892833749369], [-0.4506229631494318, -0.3244008148681355, -0.5720739854459612, 0.6666710242075397, -0.5732110279254775, 0.24413547718554096, 0.18687492858844595, 0.7308716242431619, -0.1869859346241705, 0.291762489286659, -0.2115988577453542, 0.4705252832398404, -0.1354454213405501, 0.001534346035235945], [-0.25278570765217795, -0.014119333684572216, 0.27359099516206953, -0.30756578711252985, -0.22298051283679163, -0.7259863860171814, -0.03765430883111129, -0.33102266199085945, -0.5655883647902173, -0.04698104678568249, 0.4353372903566639, 0.418626365580295, 0.5130327990165473, -0.111903357232368]], "inverted": false, "swapped": false, "error_lsq": 0.0472063396171608, "error_max": 0.2637071406137036, "target": "109.xyz", "model": "15.xyz", "model_rescale": 4.355366556412066, "target_rescale": 4.036660893557183},
{"mapping": [0, 4, 2, 11, 10, 6, 12, 7, 1, 5, 9, 13], "R": [[-0.7549621977682472, 0.45800103910514856, 0.46932624912691867], [-0.6095526284598988, -0.7540375590345592, -0.24468950264127115], [0.24182157281468292, -0.4708103734454119, 0.8484455899924432]], "T": [-0.0739713154618293, 0.013725071758927615, -0.01084546247041867], "aligned_model": [[-0.30644525108500065, 0.5539324037465205, 0.0997029107676019, -0.6774897048761364, -0.5670836145377147, -0.4117341229760847, -0.08702238767220291, 0.03527600805111811, 0.5254096660673317, 0.1559939381954494, 0.29855896458177855, -0.021290255630880064], [-0.7588521184099397, -0.3241065414257622, -0.4975616539105588, 0.3632140409245235, -0.23412266660492734, -0.18475327591283197, 0.34957521809543446, 0.7186660316990648, 0.09619873005058106, -0.08930447265210037, 0.611320878263977, -0.03749774237647986], [0.0932968931338411, 0.08544789219973253, -0.5115603458998018, -0.1209748556333512, -0.3992243348293392, 0.41121240097516276, -0.6701645834847224, 0.4549419782635958, -0.33194298568449415, 0.5956302441871385, -0.11880516463332638, -0.03859867738501442]], "inverted": true, "swapped": true, "error_lsq": 0.04349188739954582, "error_max": 0.2677569066504995, "target": "109.xyz", "model": "16.xyz", "model_rescale": 3.795458400668931, "target_rescale": 4.036660893557183},
{"mapping": [2, 4, 1, 0, 12, 8, 5, 10, 6, 7, 9, 11, 13], "R": [[0.3362422745347292, -0.3768286972224043, 0.8630998005823991], [0.8973618411836756, 0.406314065952588, -0.172193512643537], [-0.28580213225788886, 0.8324115645272725, 0.47477165926169473]], "T": [-0.07517016779608435, 0.014268673799844658, 0.042367649078155545], "aligned_model": [[0.3572649817832362, -0.20178067779745165, 0.2667349166199645, -0.2853281685327178, 0.6222827914573681, -0.35646062398911516, -0.6848867538603696, 0.26646898173633116, -0.5268532508982238, -0.441384097482873, 0.11866432025195828, 0.06721189195827013, -0.05330251034215489], [-0.36140949930242294, 0.11108662428045098, 0.3854802032648172, -0.7329531360743965, 0.19987615785296436, 0.6886583380548306, 0.1352882633495503, -0.5157083466192635, -0.2891975401285679, 0.7047270918599232, 0.6992203250845412, -0.06080500434789127, -0.0004822118040505863], [-0.4204044318134755, -0.6592460286948822, -0.4207370889539799, -0.20106295154304218, 0.20600317733299484, -0.3971139444485629, -0.16955646776633554, 0.2828534880400829, 0.23078436323582657, 0.3814682319071166, 0.0710779510343053, 0.729824383045889, -0.031615650539641243]], "inverted": false, "swapped": true, "error_lsq": 0.05350330490204533, "error_max": 0.30496028482775545, "target": "109.xyz", "model": "17.xyz", "model_rescale": 3.7474275329858107, "target_rescale": 4.036660893557183},
{"mapping": [7, 10, 11, 6, 12, 9, 2, 4, 5, 8, 1, 0, 3, 13], "R": [[0.727880555758192, 0.6497944233488105, -0.21899110469133828], [-0.6503565828022125, 0.7554206995448625, 0.07984911962557636], [0.2173159261420445, 0.08430168494127346, 0.9724541193090231]], "T": [0.04408451867674916, -0.04207064373213165, -0.04456555120237235], "aligned_model": [[-0.49022143371641175, 0.6316330552703548, -0.0009404497915895885, -0.2179226104825095, 0.15806293961856238, -0.08157621276666423, -0.58336837297846, 0.40312257303071186, 0.6247313409149837, 0.6009964113496774, -0.37717049090155624, -0.11612457184543735, 0.27034143755135126, -0.019609578151003226], [-0.5248933769770918, -0.397032832596505, -0.7076159634482097, 0.5566878698701403, -0.5134546181657424, 0.1046763158304439, 0.2896983413654286, 0.6484240281067882, -0.042957795732241885, 0.2966422904570213, -0.1106567522404841, 0.6822358574674722, -0.1856017353210091, 0.04188453907133241], [-0.2655149561244057, 0.027738889095454106, 0.23248830894850678, -0.45424752312553773, -0.6138132929811901, -0.6851893692799719, -0.052623658333312645, -0.33358908953167354, -0.47592203655556886, 0.2587117859514799, 0.4998227104588605, 0.3412524504705813, 0.5789693826368724, -0.034083618448010125]], "inverted": true, "swapped": false, "error_lsq": 0.041747032882518145, "error_max": 0.24958088370934353, "target": "109.xyz", "model": "18.xyz", "model_rescale": 3.922800546911778, "target_rescale": 4.036660893557183},
{"mapping": [0, 6, 1, 7, 2, 9, 3, 11, 10, 4, 5, 12, 8, 14], "R": [[0.3713770694976415, -0.9219495843142874, 0.1099456057969431], [0.25031425764108184, 0.21344692994387657, 0.9443427240780373], [-0.8941039339321455, -0.3231862807735605, 0.31004642111596004]], "T": [0.09229459792294725, 0.026641355392640204, 0.03395958822150512], "aligned_model": [[-0.6155696455172459, 0.6479236713138777, 0.09992699999793916, -0.19897004646252026, 0.01721572621640899, -0.009427117314959918, -0.4918767162840716, 0.44366643352848983, 0.6579036101462886, 0.7954705370394511, -0.4380600115395291, -0.43816728024164964, 0.27807847345969006, 0.05383940275984053], [-0.4022410864045298, -0.3588350675327895, -0.7090152240317131, 0.683136105908386, -0.35362425191106617, 0.11670197605463134, 0.13740727687593826, 0.5228830888647958, -0.10325304905712998, 0.1979212525878161, -0.18734079268610795, 0.5065241137968881, -0.008441610922616888, 0.09621343614484087], [-0.08193130725272209, 0.16979784529388847, 0.116021561900375, -0.3158840461852556, -0.5684440918079272, -0.7687140460595885, -0.20188788342215208, -0.3368848372085483, -0.5262319292505838, 0.04255810882669779, 0.5393993459683845, 0.3609714818384374, 0.6158910198237941, -0.020661239282715016]], "inverted": false, "swapped": false, "error_lsq": 0.044700573667915085, "error_max": 0.29039019934961524, "target": "109.xyz", "model": "19.xyz", "model_rescale": 3.9282355846067225, "target_rescale": 4.036660893557183},
{"mapping": [12, 1, 2, 8, 10, 11, 9, 4, 0, 3, 7, 6, 5, 13], "R": [[-0.6253609532258723, -0.6066886669701983, -0.4907672967408816], [-0.5571253245355221, 0.787488220227783, -0.2635785950407735], [0.5463836115236416, 0.10858712802355028, -0.8304660045335869]], "T": [-0.013160901561568968, 0.08210345750593546, -0.015562718199545099], "aligned_model": [[-0.7251415186716605, 0.6182725350900378, 0.13508158354912714, -0.33600267560698815, -0.018596581999551616, 0.09667152076693902, -0.5288706638436034, 0.28404367999993513, 0.6360340007952036, 0.6825301029695936, -0.43834048551941457, -0.012566897942253415, 0.30768558224409714, 0.1011538552705476], [-0.32900024671983513, -0.3135236632302678, -0.664168561060044, 0.7348586808581478, -0.6616191541013204, 0.09574131710473106, 0.14801846186307321, 0.5500114416964433, -0.0009690647118415635, 0.31480890230279196, -0.1642307478727411, 0.4744655974846127, -0.02265788258367772, -0.02369891334272943], [-0.23206142604545552, 0.06363193264844866, 0.3003778620897573, -0.23534758220477128, -0.4503977206472829, -0.7234567915727937, -0.47176824044296434, -0.3190415477238444, -0.4758256028678572, 0.1524172547671037, 0.3673727293964067, 0.5068314359868482, 0.595806849002455, -0.054539169203965863]], "inverted": false, "swapped": false, "error_lsq": 0.04938523618676564, "error_max": 0.31076460061107136, "target": "109.xyz", "model": "20.xyz", "model_rescale": 4.067790424073018, "target_rescale": 4.036660893557183},
{"mapping": [4, 11, 6, 7, 13, 8, 8, 9, 10, 12, 2, 0, 3, 14], "R": [[-0.6687852327533516, 0.1599949560775099, -0.7260357611583612], [-0.7208348715920252, -0.378611024896215, 0.5805607459378788], [-0.18199835259681346, 0.9116223482653292, 0.3685394060277037]], "T": [0.0343888659805208, -0.04746680069365157, -0.1145402449723122], "aligned_model": [[-0.6940077099606395, 0.5904917061784569, -0.0710874405051791, -0.1439291788255028, 0.38469343688287605, -0.43137288713678673, -0.43137288713678673, 0.48180580631399805, 0.7172072413793156, 0.6443020183130637, -0.3979898378449859, -0.2470461506928671, 0.2958246585170324, 0.10443526162001535], [-0.3801357880262853, -0.3242936339919969, -0.7088164899346956, 0.6345270497085564, -0.4329935018156466, 0.16051814099025052, 0.16051814099025052, 0.5114957730477548, 0.01001235372568142, 0.3123964774659101, -0.12781512232641895, 0.465564335433636, -0.11130154301465435, -0.03164002456499923], [-0.07929442592165227, 0.06476059013156214, 0.20017905854477558, -0.3589804628557727, -0.5822788208927789, -0.3694444428406279, -0.3694444428406279, -0.4169122379344625, -0.5636972716107223, 0.17789476411812083, 0.4857219770839354, 0.2880158558073843, 0.6925046538433838, -0.145024811450433]], "inverted": true, "swapped": false, "error_lsq": 0.05027224393373729, "error_max": 0.48706435608407017, "target": "109.xyz", "model": "21.xyz", "model_rescale": 4.186013935880536, "target_rescale": 4.036660893557183},
{"mapping": [8, 5, 7, 12, 2, 9, 1, 4, 3, 6, 0, 11, 13], "R": [[0.38056090037978824, 0.7182582584247342, 0.5824761585737156], [-0.7215825807034931, 0.6245690490647238, -0.29871739516752804], [-0.5783528164774608, -0.30662448883781945, 0.7559692073871358]], "T": [0.019028244494043178, -0.016121036218167503, 0.15519580156320179], "aligned_model": [[-0.05926464298949717, -0.2982457277688085, 0.5148579605042751, 0.4943622507371349, -0.3798597029301244, 0.47590505299382224, -0.014585863565891189, -0.5121488286073944, 0.12093796131228653, -0.16108948409239995, -0.641321849901172, 0.5566347449443728, -0.037607835213378626], [-0.29678960817348843, 0.2672565167917768, 0.21512704983648878, -0.49723297041845765, -0.4761101462726331, -0.37643719806810405, -0.6653615634851586, -0.36605929113421715, 0.6961951671608421, 0.5302028395104411, 0.25205957585524286, 0.30649711725887896, -0.07039082931551856], [-0.646156298037261, -0.3451503552638804, -0.49788297627212064, 0.4556225711662373, 0.5694308450119088, -0.2558889830709161, -0.060488955057419636, -0.1810478963316124, -0.3036263648108104, 0.1816161609173984, 0.5473465224401545, 0.47985292359922926, 0.1592523670444383]], "inverted": false, "swapped": true, "error_lsq": 0.06292219611963215, "error_max": 0.38880626104866034, "target": "109.xyz", "model": "22.xyz", "model_rescale": 4.166573947596378, "target_rescale": 4.036660893557183},
{"mapping": [8, 1, 0, 11, 4, 3, 9, 12, 2, 6, 10, 14, 5, 15], "R": [[-0.07739418426287326, -0.5874785923534692, 0.8055302873068594], [-0.8809235131509096, -0.338063621832866, -0.33118990258023395], [0.46688746419254434, -0.7352427429901175, -0.49135954723626185]], "T": [0.001973462554736745, 0.049972101571026585, -0.047512162544560865], "aligned_model": [[-0.5633702435671908, 0.5927956126727267, 0.15868656767509093, -0.029071795710861208, 0.06321171288055644, -0.08755951222124722, -0.5244266689310723, 0.20365996808495196, 0.5139216027110434, 0.7333477507551376, -0.4305766109659184, -0.2850008153278027, 0.39927815688563406, 0.057058312160960856], [-0.494173903716397, -0.34544225214426283, -0.7369887149304699, 0.6147374798473437, -0.5474919481166658, 0.002114900076879443, 0.267663767922959, 0.6732253679098179, -0.02281332190832299, 0.23763391790262148, 0.04760932882995123, 0.640667556778304, -0.214424236064749, 0.01571822530033399], [-0.24339671808493296, 0.00421536081599555, 0.10378039779086876, -0.5972117049002326, -0.4707616154590435, -0.6400661151167939, -0.2371497280602997, -0.03141015291050221, -0.4781171127117903, 0.047262967196040284, 0.5639092014151299, 0.39373879354676417, 0.6331533483407543, -0.023946938679873346]], "inverted": true, "swapped": false, "error_lsq": 0.04641344815793453, "error_max": 0.31299835459084907, "target": "109.xyz", "model": "23.xyz", "model_rescale": 4.274766983524099, "target_rescale": 4.036660893557183},
{"mapping": [6, 5, 7, 11, 9, 12, 10, 2, 0, 4, 13], "R": [[-0.6707648939853326, -0.46592995436959217, -0.5770474283956176], [0.657825257752385, -0.014402178849982461, -0.7530328727933339], [0.34254983179072473, -0.8847043884063891, 0.31616096829720025]], "T": [-0.07189912769436418, 0.10077217625022816, 0.024783189959544517], "aligned_model": [[0.2970123432770137, 0.27813058640307176, -0.5083286902752118, -0.4211622340218352, -0.6655165984544513, -0.6594545535703265, -0.005500943153064264, 0.1685922852210906, 0.6746877611407425, 0.2603320277613694, -0.03889728037032347], [-0.029775626941485916, 0.5634552337887287, 0.5598187634834245, -0.39638126923348793, 0.4918500615332245, -0.15316101515182667, -0.556395980205937, -0.09256713196196895, -0.20815427149158766, 0.6146698947753259, 0.12222787264907384], [-0.3976760464150724, -0.28297560389154197, -0.5449888190902621, -0.33488221478528346, 0.07201920210990762, 0.3962181242929368, 0.16315834898888282, 0.6934206398558799, 0.11932282741014949, 0.4031973596936167, 0.09275261585236458]], "inverted": false, "swapped": true, "error_lsq": 0.04895728237098907, "error_max": 0.27971543718509684, "target": "109.xyz", "model": "24.xyz", "model_rescale": 3.7841303162186577, "target_rescale": 4.036660893557183},
{"mapping": [10, 12, 14, 1, 9, 8, 0, 4, 2, 5, 11, 6, 13, 15], "R": [[-0.555088889294893, -0.4835044029084645, 0.6768307154300041], [0.4805460972101352, -0.8505802700170365, -0.21351499411950578], [0.6789342924300329, 0.20672855783823, 0.7044938111414863]], "T": [-0.0520134124924699, 0.018836076698891473, -0.07036585405977597], "aligned_model": [[-0.5880784750830766, 0.5940239466334202, 0.1062677096238987, -0.17418563804185197, 0.17009832172589534, -0.040228266942530476, -0.6332285965361144, 0.34711483269056326, 0.5485146527123377, 0.8016830221343559, -0.34926271183282603, -0.140747961648899, 0.21014321650643333, -0.05016001483959656], [-0.5449484696184123, -0.3468457420310032, -0.7444808196299103, 0.576879125279378, -0.45124100123608835, 0.1407224082218422, 0.26585760940486114, 0.6474369998082226, 0.0531245910764451, 0.19633242098957188, -0.020873636364230765, 0.6082615959582859, -0.31216277750929033, 0.06997386333767111], [-0.07639406114975827, 0.08482578389851675, 0.07658095424550798, -0.546494300005312, -0.3383856795368194, -0.6486932839566357, -0.44785654476392994, -0.1179249354382518, -0.525320102979788, 0.024693026180699185, 0.6363827305817482, 0.3379602279810698, 0.5882035482478645, -0.02357738012282702]], "inverted": false, "swapped": false, "error_lsq": 0.04739957434352734, "error_max": 0.30401808669006525, "target": "109.xyz", "model": "25.xyz", "model_rescale": 4.19342608120988, "target_rescale": 4.036660893557183},
{"mapping": [0, 4, 2, 11, 10, 6, 12, 7, 1, 5, 9, 13], "R": [[-0.7549621977682472, 0.45800103910514856, 0.46932624912691867], [-0.6095526284598988, -0.7540375590345592, -0.24468950264127115], [0.24182157281468292, -0.4708103734454119, 0.8484455899924432]], "T": [-0.0739713154618293, 0.013725071758927615, -0.01084546247041867], "aligned_model": [[-0.30644525108500065, 0.5539324037465205, 0.0997029107676019, -0.6774897048761364, -0.5670836145377147, -0.4117341229760847, -0.08702238767220291, 0.03527600805111811, 0.5254096660673317, 0.1559939381954494, 0.29855896458177855, -0.021290255630880064], [-0.7588521184099397, -0.3241065414257622, -0.4975616539105588, 0.3632140409245235, -0.23412266660492734, -0.18475327591283197, 0.34957521809543446, 0.7186660316990648, 0.09619873005058106, -0.08930447265210037, 0.611320878263977, -0.03749774237647986], [0.0932968931338411, 0.08544789219973253, -0.5115603458998018, -0.1209748556333512, -0.3992243348293392, 0.41121240097516276, -0.6701645834847224, 0.4549419782635958, -0.33194298568449415, 0.5956302441871385, -0.11880516463332638, -0.03859867738501442]], "inverted": true, "swapped": true, "error_lsq": 0.04349188739954582, "error_max": 0.2677569066504995, "target": "109.xyz", "model": "26.xyz", "model_rescale": 3.795458400668931, "target_rescale": 4.036660893557183},
{"mapping": [7, 6, 3, 8, 4, 12, 11, 9, 10, 5, 1, 2, 13], "R": [[-0.7522250373139637, 0.20644464069853896, -0.6257300564659308], [-0.05220931243696342, -0.9653383494963353, -0.2557265310572032], [-0.6568345917602584, -0.15969496334744665, 0.7369300087176477]], "T": [-0.06260991786991846, -0.03555684005073987, 0.07273031435306554], "aligned_model": [[-0.04703846165936035, 0.4943159041064653, 0.5442838495507842, -0.18310368944309466, -0.06213308641965129, -0.7449797160927849, -0.08860211087478678, -0.5599212523714817, -0.08233588304092551, 0.3908051456284435, -0.5813441584108672, -0.2991080884589985, -0.08116206969248535], [-0.662876236964203, -0.14382577056925663, -0.5326066986940654, 0.06267703481649087, 0.5488094097463234, -0.17027017085221965, -0.6136503356953975, -0.3079473410856452, -0.002171134864489367, 0.032979893884273505, 0.28215252405386965, 0.5882671786148691, 0.040343150866364856], [-0.5035183981393956, 0.1713288753515847, -0.2633041145719468, -0.7656616989012713, -0.3470095435901177, 0.3254972655013969, 0.4772519891298857, -0.3585928896542312, 0.7464681494150864, -0.39740730802072544, -0.2421325643667545, 0.3845066063218831, 0.06471029362403127]], "inverted": false, "swapped": true, "error_lsq": 0.052808589750701324, "error_max": 0.29509565012184136, "target": "109.xyz", "model": "27.xyz", "model_rescale": 3.6321398670334006, "target_rescale": 4.036660893557183},
