[{"mapping": [2, 0, 4, 3, 13, 9, 11, 10, 12, 5, 7, 8, 1, 14], "R": [[0.39414136754636364, -0.31711793653979636, 0.8626058176904583], [-0.6215477389558371, -0.783366126607157, -0.003989972855325208], [0.6770014701517042, -0.5345780822379846, -0.5058609328690937]], "T": [-0.07495267749340569, 0.05944411592399587, 0.17312509729983455], "aligned_model": [[0.2203421760000877, 0.31209234396722013, -0.4919044907564411, -0.404191516381682, -0.6564450333300832, -0.10810288807583103, -0.7441523618209435, 0.06710104492794204, -0.3785573558703902, 0.26603545732657813, 0.623656607898817, 0.23590325542946894, 0.5142622008606849, -0.08454733904712425], [-0.6598884589009922, -0.23002101369230252, -0.4467688428281793, -0.4048742088448479, 0.3884491725232744, 0.2735578687061758, 0.18183128966767975, 0.549907271918865, 0.740950137828822, -0.19657419911911425, 0.34839945387637394, 0.6448357882088819, 0.005633484483687279, 0.03983558798171087], [0.25985935792516957, -0.4320857177979405, 0.4650105204340641, -0.22362039668755845, 0.4464479285789544, -0.5403840374150637, -0.1314550941558949, 0.6425985687491175, 0.09150949744283134, 0.668942908044911, 0.5413617686537286, -0.19096654444769595, 0.14907401953032412, 0.15129530832488686]], "inverted": true, "swapped": true, "error_lsq": 0.039551424166574374, "error_max": 0.2552272307187388, "target": "1090.xyz", "model": "0.xyz", "model_rescale": 3.8414455957264533, "target_rescale": 4.23621202862848},
{"mapping": [6, 10, 8, 9, 13, 12, 11, 10, 5, 2, 1, 7, 4, 0, 14], "R": [[0.33665615860584175, 0.8938072387920208, -0.296262131828794], [0.47019720797391606, 0.11302411638611895, 0.8752943132048048], [0.8158291588845622, -0.4339748483473673, -0.3822154032945132]], "T": [0.06969196403637408, 0.010869531993141744, 0.02321453419215356], "aligned_model": [[0.1878045668944448, -0.2792861197332633, -0.5601451534819741, 0.11602955301163716, -0.3706323398093713, -0.6746562441912834, -0.5352544657692166, -0.2792861197332633, 0.29025911642300267, 0.7108206839195652, -0.016522516135404203, 0.48387529894885356, 0.5458546899756533, 0.2517474560099867, 0.041529041587627075], [-0.30870099341713314, 0.25917060735270375, -0.41527571783580647, -0.6655437729265108, -0.3525814307758513, 0.1716970794976546, 0.38899376048034057, 0.25917060735270375, 0.2763546227659926, -0.1405382817034451, 0.8268715018701055, -0.33163156622481127, 0.2416569388112293, 0.13744393610876282, 0.09600589834156545], [-0.6796021318870844, -0.510585216120777, -0.19127982224869233, 0.09955291751976961, 0.5220781485642397, -0.025465941761066778, 0.4893982823284477, -0.510585216120777, -0.5382038328460814, -0.3094029129013367, 0.2974511833373152, 0.3754930673663942, 0.14900589370642298, 0.7133971821717939, 0.018455543593160043]], "inverted": true, "swapped": false, "error_lsq": 0.043481364990725774, "error_max": 0.4026113163499907, "target": "1090.xyz", "model": "1.xyz", "model_rescale": 4.316132596720782, "target_rescale": 4.23621202862848},
{"mapping": [0, 1, 2, 11, 3, 9, 4, 12, 5, 8, 10, 14], "R": [[-0.6140565731439617, 0.7314912117787326, -0.2964036640616581], [0.2347723963438915, 0.5278326448382837, 0.8162564676362261], [0.7535359625748737, 0.43164025082643065, -0.4958530497767003]], "T": [0.015337334064990417, 0.07923918864667923, -0.08985732350525741], "aligned_model": [[-0.1548087884249902, 0.419241152612206, 0.15097401958837953, -0.6497382986786802, -0.5737916906346197, -0.43677709040790835, -0.19345621636615587, -0.13019453866793532, 0.5411202335840584, 0.11434722013863935, 0.5206234702953747, -0.009730918406587716], [-0.6516601359740252, -0.33469983575278234, -0.46481872308525973, 0.4059028023435443, -0.18755178390011762, -0.1619663708154192, 0.21327119346505258, 0.6099867300635263, -0.013555080194514318, 0.017807204075087957, 0.5175205760382899, 0.06253985147759741], [0.10174255875768387, 0.037281972992346285, -0.6355357213665119, -0.008979532701086257, -0.3411465512329237, 0.4518541736792182, -0.7634582063824525, 0.42045129494417843, -0.46747505802141454, 0.6573378975284005, 0.09381100211542151, -0.09662536910343893]], "inverted": false, "swapped": true, "error_lsq": 0.03941181185991998, "error_max": 0.23346925419096554, "target": "1090.xyz", "model": "2.xyz", "model_rescale": 3.795458400668931, "target_rescale": 4.23621202862848},
{"mapping": [2, 1, 7, 12, 4, 13, 8, 3, 9, 11, 6, 14], "R": [[-0.544379560041502, 0.7828657732798299, -0.30128404477501697], [0.22409223584607507, -0.21038971730814565, -0.9515875349564566], [-0.8083523764068041, -0.5855402188389559, -0.060902279756179234]], "T": [0.014662383895558538, -0.020347176642327852, 0.018245584869883556], "aligned_model": [[-0.056907145810091174, -0.38117833177916427, -0.8030195266486643, 0.09934254392362904, 0.26931214766029543, 0.1714002936363335, -0.13915757862501768, 0.6314871575762859, 0.43283729314547276, 0.6581018268267509, -0.32973255704679016, 0.04081770288452491], [-0.17338479598347553, -0.4321572681930186, -0.20247004070181457, 0.14093010819233714, 0.4600313398408761, 0.5802362266148094, -0.4815983222907101, -0.1105494129558213, -0.5239545823167677, 0.2017164854291561, 0.6577785844493268, -0.030809276795188273], [-0.7457037100145482, -0.1378658739755211, 0.09156626853227215, 0.746329558501312, -0.45046269662957156, 0.3867776196307511, 0.5974384235449499, -0.2863647594812403, 0.37538455941259063, 0.3219713560781395, -0.2159141700781791, 0.005614855118144845]], "inverted": true, "swapped": true, "error_lsq": 0.04566059655639539, "error_max": 0.2644360246115681, "target": "1090.xyz", "model": "3.xyz", "model_rescale": 3.7530521520055578, "target_rescale": 4.23621202862848},
{"mapping": [13, 3, 4, 2, 6, 0, 10, 9, 8, 1, 14], "R": [[0.9975364014979536, -0.00925164682090248, 0.06953800915769087], [-0.058756167656435106, 0.43136935429171136, 0.9002600696133763], [-0.038325454320108254, -0.9021279771789886, 0.42976304208494237]], "T": [-0.08498221517486024, -0.08978643963709051, 0.038207251319938365], "aligned_model": [[-0.3755680569643768, -0.20643702179698367, 0.22347920879657987, 0.5466351042767191, 0.4083233031423995, -0.12142316611694352, -0.018011293377695525, -0.6916500472570496, -0.5369533763870831, 0.20122469200280926, -0.09141974387317035], [-0.7470618029437119, 0.13676498924319627, -0.40434072164607116, 0.248737738238644, -0.7142389868416272, 0.6764094603953694, -0.49251812760453684, 0.34232376872240755, 0.18760467113952187, 0.3074008492255267, -0.07387847961437244], [-0.029851712854113463, -0.6062459174740628, -0.5285419242608814, -0.27583443131578167, 0.03958417821067535, -0.06898388861445796, 0.5989752880137028, 0.0025164925448945413, 0.5773304150764684, 0.37133796908919825, 0.012544308829675044]], "inverted": true, "swapped": true, "error_lsq": 0.048234306744439605, "error_max": 0.2711028796748256, "target": "1090.xyz", "model": "4.xyz", "model_rescale": 3.7855080009869324, "target_rescale": 4.23621202862848},
{"mapping": [8, 6, 7, 10, 5, 4, 0, 11, 13, 15, 1, 9, 14, 2, 16], "R": [[0.9614948928908144, -0.17692249589784123, 0.2102997893250494], [-0.2588698818117636, -0.8399709758645612, 0.4769016082966178], [0.09227109642594107, -0.512978742396228, -0.8534277090732053]], "T": [0.03187216666160412, 0.05612267625844687, -0.005967621293114878], "aligned_model": [[0.19627519351933922, -0.3619970972386634, -0.5183009502455178, 0.10357933132040281, -0.46959161237929964, -0.6984712877338477, -0.4664735383529929, -0.12558715143831162, 0.3212783907281119, 0.7142794493458242, -0.3152394531564296, 0.5131976751566505, 0.6557746428248827, 0.2846154675909346, 0.07879838797591124], [-0.3469122605932445, 0.13976863900542527, -0.4095458738637762, -0.6674886594087172, -0.39295795939362316, 0.17250240089847002, 0.22577074760046434, 0.6922167087755337, 0.29162669037431427, -0.3275366942423001, 0.6759837296909835, -0.2521283635218305, 0.26820713568573956, 0.30933318295433426, 0.0642537657357267], [-0.5589995899898516, -0.5197257588809833, -0.21049589497594284, 0.041032288333005394, 0.4434363235178447, 0.0014473756575976516, 0.5696581021626316, -0.45655298860989857, -0.6269744937851013, -0.2637347538999808, 0.2555466934473535, 0.4185569016680511, 0.14720966435861607, 0.6403998830825689, 0.018903392615817242]], "inverted": false, "swapped": false, "error_lsq": 0.03979751170933444, "error_max": 0.2826368230856476, "target": "1090.xyz", "model": "5.xyz", "model_rescale": 4.2253639853439635, "target_rescale": 4.23621202862848},
{"mapping": [10, 8, 11, 13, 12, 3, 4, 6, 0, 1, 9, 2, 5, 14], "R": [[-0.7496610976543133, 0.6490020941342253, 0.1296322508989206], [-0.3342203295997012, -0.20218519535582624, -0.9205530501069419], [-0.5712311353086398, -0.7334285436143843, 0.36848006929233745]], "T": [0.04692276685604342, -0.015702305742608995, 0.025323865160479665], "aligned_model": [[0.5552583046965545, -0.1418335259974683, -0.4886710228413456, 0.08606044040020373, -0.11712247583766154, -0.4662779284177015, 0.13132881317109124, 0.6902308982336356, -0.371595592750599, 0.25195868228872165, -0.6132436096317356, 0.21081549495139923, 0.6248945747451919, 0.022259099747497457], [-0.23780200513613306, 0.1622028515440085, -0.531763432942212, -0.7334070411361869, -0.5009697635031986, 0.010161997227715928, -0.2892178585935622, -0.38001127179744043, 0.6351550383532824, 0.5202732340850067, 0.12449084797982224, 0.4746139564433437, 0.2005058404341533, -0.00913324632360905], [-0.39109588981585913, -0.6850270069606724, 0.0742742099939519, -0.0413935431075503, -0.5232123848295186, 0.49153496643365874, 0.6836264825974091, 0.31981807460386963, 0.05850730863998791, -0.12075387222918979, -0.2917962318344685, 0.6125975427451066, 0.2417868273265788, 0.04269172536814489]], "inverted": false, "swapped": true, "error_lsq": 0.041316983170026425, "error_max": 0.28659227721330366, "target": "1090.xyz", "model": "6.xyz", "model_rescale": 3.89814844738969, "target_rescale": 4.23621202862848},
{"mapping": [10, 7, 5, 12, 4, 1, 8, 13, 9, 0, 2, 3, 14], "R": [[-0.6380255817388405, -0.07917857915116217, 0.7659334890513781], [-0.683866159665373, -0.3989082027884479, -0.6109004185729663], [0.35390737871842826, -0.9135660886611838, 0.20036608729262884]], "T": [-0.005991531781065131, 0.03292356498684548, 0.01988948362663164], "aligned_model": [[0.07370243893374537, -0.1549042136160109, 0.34781669773805673, -0.24799512590607306, 0.6325184190385705, -0.2560853028556831, -0.6905983166537135, 0.3090902370496098, -0.6435777796620178, -0.5125308704481332, 0.2608301336309464, 0.040220719352732685, -0.009855235697807985], [-0.2626743421041975, 0.26533671898883093, 0.42143497467113666, -0.6699570025016486, 0.11084444891613957, 0.4689458658461527, -0.17039128891933167, -0.6163458840410363, -0.10541704700975024, 0.5423342658638818, 0.7579240186702186, 0.17944694350042803, 0.04229959358966135], [-0.6025327654872248, -0.7744388528519146, -0.36938189786349823, -0.08345718077325723, 0.3385285474311137, -0.2931374642464516, -0.2288154919804185, 0.03588069284863582, 0.3809775234441066, 0.30935913113262864, 0.14375140956022173, 0.6964927899606007, 0.049048589661752975]], "inverted": false, "swapped": true, "error_lsq": 0.03939719453467093, "error_max": 0.20779574585764005, "target": "1090.xyz", "model": "7.xyz", "model_rescale": 3.7474275329858107, "target_rescale": 4.23621202862848},
{"mapping": [12, 11, 13, 1, 2, 4, 8, 9, 7, 10, 5, 0, 6, 3, 14], "R": [[0.9486464943520563, -0.18493470547916804, 0.2566495343126258], [0.31056066410660726, 0.6988098444964195, -0.644373242107828], [-0.06018224541521669, 0.6909876669986402, 0.720356954150204]], "T": [-0.002539620072787515, -0.03010490745318377, -0.04300870962358207], "aligned_model": [[-0.007770777144885938, -0.03830183614594837, -0.6830171215717895, 0.07605934469082348, -0.41240944412795044, -0.7639335732389674, -0.4530412103613799, -0.2530957676547193, 0.32563855943282294, 0.6307349140632318, 0.11444291781706004, 0.5381949247126054, 0.6868786528044429, 0.1990606205171145, -0.04730275587546526], [-0.45507534071324907, 0.14967031185251056, -0.4580270061929494, -0.6825583804855999, -0.3206566421544857, -0.07990836331174332, 0.34602588390901434, 0.6221626361279713, 0.49509918579390916, -0.04213049785065413, 0.6374171196360557, -0.25239680689905475, 0.33833619915876956, 0.21171601887324176, -0.06658112804623556], [-0.49023950535414784, -0.6370473363264195, -0.44543246147776716, 0.3215848837319231, 0.632399250531538, 0.13026768724583393, 0.3045315913390838, -0.34650353427122893, -0.32644719476083267, -0.46024019127215376, 0.18883367908351073, 0.26097435099566074, 0.19340553355833934, 0.6012074959854785, -0.027587104307090216]], "inverted": true, "swapped": false, "error_lsq": 0.05222147018685887, "error_max": 0.33529119508289223, "target": "1090.xyz", "model": "8.xyz", "model_rescale": 4.019505241142653, "target_rescale": 4.23621202862848},
{"mapping": [10, 5, 1, 8, 12, 9, 0, 13, 11, 4, 2, 3, 14], "R": [[-0.8716461811591953, 0.34706958650488523, 0.3460861698969195], [0.4866492860742528, 0.6968995130393867, 0.5267860486847445], [-0.05835586717727298, 0.6275936351245078, -0.7763509656831726]], "T": [-0.046487003462635415, -0.0767951677768475, -0.0002723957850097533], "aligned_model": [[-0.3831584919983267, -0.6394896858337611, -0.1294440089735111, 0.4086341245352457, 0.2611770222375112, 0.6944871670356314, 0.3911494727731794, -0.12782205839506533, 0.37972113142922853, -0.3952476352638016, -0.3678854037064096, 0.2570893701992932, -0.029510232298037967], [-0.5788655292124837, 0.1324559620730477, 0.2269611963663067, -0.32978205766532387, -0.7602523182857985, -0.05211832757802423, 0.5213272376896698, -0.6884879492045304, -0.3711543371605205, 0.08608849297356377, 0.6337156114889928, 0.30093033666649427, -0.05744009003733473], [-0.3404434833452268, -0.179758803445192, -0.5017685749837206, -0.5486700042761029, -0.0392151161973884, -0.08019268811391442, -0.22521226188125415, 0.37429349594997113, 0.5357082344433638, 0.6056421272266186, 0.06327865879401126, 0.4962772345594729, 0.016764675313240527]], "inverted": true, "swapped": true, "error_lsq": 0.043399150380634646, "error_max": 0.25097745281517686, "target": "1090.xyz", "model": "9.xyz", "model_rescale": 3.877068213659057, "target_rescale": 4.23621202862848},
{"mapping": [6, 10, 13, 3, 4, 2, 7, 9, 11, 12, 8, 5, 0, 1, 15], "R": [[-0.7033650245394361, -0.13456085231979248, 0.6979763744408612], [0.5886242849079839, -0.6607286216146817, 0.46578872871262933], [0.3984960394673992, 0.7384653448890705, 0.543939188629265]], "T": [-0.07547087642527169, -0.016890302859698593, -0.07952693802772316], "aligned_model": [[0.06426568003847392, -0.013375326791355849, -0.6405275545844601, 0.045939134823597794, -0.3480540385690001, -0.7109139079081898, -0.3693119843711627, -0.41616523265682254, 0.38382248648747797, 0.6250052950748097, -0.06755688759159607, 0.4741117299043715, 0.6204252153956382, 0.25910159916188924, 0.005371239503323452], [-0.4458415874119279, 0.15755074034890537, -0.48235379590900185, -0.6126286801403725, -0.2952478449940314, 0.13472764588150565, 0.30787101787308135, 0.4859530156449675, 0.46034972009296116, -0.19224844877779776, 0.72647455102689, -0.2926387693124638, 0.3190601379648837, 0.1537884362643063, 0.018277051145594435], [-0.4999779641811797, -0.7643081035250182, -0.3279080626521916, 0.10245310959223929, 0.47392240761976234, 0.03700421363917501, 0.6092938349269257, -0.3378315190301454, -0.4050217053284372, -0.2713025087719786, 0.1270378183926521, 0.4030880061165649, 0.11186785378214419, 0.702672932078347, -0.06128316795713169]], "inverted": true, "swapped": false, "error_lsq": 0.037762706338991, "error_max": 0.34020706233214637, "target": "1090.xyz", "model": "10.xyz", "model_rescale": 4.260839863003843, "target_rescale": 4.23621202862848},
{"mapping": [2, 3, 9, 0, 8, 1, 5, 4, 11, 12, 10, 14], "R": [[0.5079304601595029, 0.28272559148286536, -0.8136786144189976], [0.5439800454660799, -0.8376951293748561, 0.04850340561615024], [-0.6679014581335163, -0.4672612868003374, -0.5792879526460184]], "T": [0.06078775177281019, 0.08393413351958023, -0.0019061510508953106], "aligned_model": [[0.32265976308167593, 0.2636280743381416, -0.4651330684266121, -0.3792865109641172, -0.6556306694291699, -0.27344510748380435, 0.29548512047100056, 0.7540321759946391, 0.2070991702874933, -0.17287999363660306, -0.0013688803306282638, 0.0637385751921142], [0.07801163307878295, -0.5495537128562715, -0.43007603632605973, -0.2851526988261279, 0.14407684273642082, 0.35529585154947585, 0.5729661880387629, -0.06356184414302093, -0.46749826803907824, 0.07754571282102768, 0.685611437392337, 0.05541340010668548], [-0.7391640498569322, -0.19925269595002434, 0.12154326000381097, -0.5215056064760438, 0.23262539244545177, -0.4084764709867178, -0.3671709617793006, -0.11572433628028234, 0.4777720808418218, 0.7112880283990017, 0.3375930137887512, -0.013349576754031615]], "inverted": true, "swapped": true, "error_lsq": 0.03880642460816144, "error_max": 0.2276587641062835, "target": "1090.xyz", "model": "11.xyz", "model_rescale": 3.890672605050136, "target_rescale": 4.23621202862848},
{"mapping": [5, 2, 0, 7, 1, 13, 4, 10, 6, 11, 9, 3, 12, 14], "R": [[0.2956039382616611, -0.4135747284877206, 0.8611470580803863], [-0.5216936089422581, 0.6852620613106757, 0.5081846964608892], [-0.8002837559722168, -0.5994763141981108, -0.013193128607333892]], "T": [0.09339425132747026, 0.03324336200060776, 0.1258987338644337], "aligned_model": [[0.3889698915003494, 0.2862180890804962, 0.44587695973354186, 0.8195882949313742, 0.6699915417938829, -0.4414954973922348, -0.3930551171108896, 0.2944345045722224, -0.09056681953160778, -0.5483101930558886, 0.10013317183086773, -0.29052234480904243, -0.11290930047037626, 0.08152265372099865], [-0.39076522869443164, 0.10745266436310556, 0.6923697969226336, -0.37759340754403936, 0.07737145995653583, -0.3132519727746428, -0.1496184044544486, -0.5282888729080905, -0.6991109015465263, 0.29410171267950913, 0.6835887036835548, 0.5152515560848352, -0.03797612151758997, 0.05862153557735986], [-0.2747324470623187, -0.6287357357348424, -0.0770355502628442, 0.2307973845780189, -0.0015237400924349997, 0.46489282961888123, -0.3693043161514865, 0.48002169777750414, -0.1253158578950274, 0.4011154807530988, 0.4906513135886492, -0.19296307757519574, 0.8439892535400151, 0.11293320027484378]], "inverted": true, "swapped": true, "error_lsq": 0.04562150309875833, "error_max": 0.28109059609888737, "target": "1090.xyz", "model": "12.xyz", "model_rescale": 4.124412569039231, "target_rescale": 4.23621202862848},
{"mapping": [4, 11, 9, 6, 3, 2, 13, 5, 12, 10, 1, 8, 14], "R": [[0.20458201602100107, -0.34452994163751016, -0.9162124851998235], [0.949017959004501, 0.2991322662229922, 0.09942233547462082], [0.23981474560108684, -0.8898421245476924, 0.38816218410960035]], "T": [0.17571428460446714, 0.07800824288481865, -0.020119524388129542], "aligned_model": [[-0.23000248991677952, -0.004568235480470473, 0.6853951151431892, -0.5103556553026637, 0.35790255320856057, 0.39013822901767187, -0.43647462132649006, 0.02814538951463269, -0.04218579788908816, -0.17987024863545342, 0.5562874084372523, 0.5629012391603938, 0.18998542157900286], [-0.3134191169690979, 0.5548159267301094, 0.57509971008326, -0.2890272073506077, -0.013200622260929495, -0.660405274173785, 0.4433638400505657, -0.4718781244005994, 0.7860504400617128, 0.22764979179187006, -0.17099998117001158, 0.6046584688910499, 0.07477752522494069], [0.4242631882145111, 0.5236897955082519, 0.20161104439657784, -0.18711123036917626, 0.6431188071713587, 0.12454935809093175, 0.09311955163042383, -0.34183677828225423, -0.14046554979474613, -0.5965791972171105, -0.3993387394088357, -0.40038699114481974, 0.007064822172726342]], "inverted": false, "swapped": true, "error_lsq": 0.04286878985119001, "error_max": 0.26092325344025613, "target": "1090.xyz", "model": "13.xyz", "model_rescale": 3.9028299243045295, "target_rescale": 4.23621202862848},
{"mapping": [12, 1, 14, 13, 10, 9, 7, 6, 2, 8, 3, 5, 0, 4, 15], "R": [[-0.5835679252441721, 0.5761344867660845, 0.572291472752297], [0.8090179770155868, 0.35148436176017106, 0.4711142709615713], [0.07027367566749343, 0.7379212672072989, -0.671218156720566]], "T": [0.02773491014283743, 0.04708587821731474, -0.06680972972778469], "aligned_model": [[0.17065339657033438, -0.16787049159331302, -0.6147036048724971, 0.03382316376417218, -0.3024152855941374, -0.741598262382749, -0.6036559672017169, -0.3462837908855558, 0.47423551725049856, 0.7620028667893828, 0.08305585593393372, 0.3306234922052438, 0.6986080859632811, 0.21543393673704753, -0.07977146476693028], [-0.48253376229991224, 0.21721719058106206, -0.561318253333339, -0.7397782757332931, -0.2741315340495076, 0.14161971198808093, 0.32168783688806163, 0.5637181157282987, 0.42746430242718575, -0.14169514230386912, 0.6232317226285325, -0.305434115899165, 0.4429568972911847, 0.13779504241860963, 0.07229345336557058], [-0.4949658129224097, -0.6626223001791257, -0.05385519693268169, 0.049203580675248174, 0.5189998164221717, -0.060870000106007, 0.5218899221639365, -0.2607411730129433, -0.5118931284340157, -0.21418494369102625, 0.16489051663076876, 0.14787607385385565, 0.21679514940291122, 0.5780966176035136, -0.038911976772468125]], "inverted": true, "swapped": false, "error_lsq": 0.04361082766958455, "error_max": 0.3509297118628738, "target": "1090.xyz", "model": "14.xyz", "model_rescale": 3.942246331269136, "target_rescale": 4.23621202862848},
{"mapping": [1, 3, 12, 0, 8, 13, 11, 4, 5, 2, 10, 7, 9, 6, 14], "R": [[-0.1044767807072074, -0.556170045685119, 0.8244752771161006], [-0.9671279634788995, -0.13643584543197151, -0.21458975357276416], [0.23183637451921674, -0.819792742322031, -0.5236332257276171]], "T": [-0.034816750960191024, 0.10322909435505803, -0.007284645467281808], "aligned_model": [[-0.01137360981299771, -0.19488676057005208, -0.5735704605707754, 0.21000615684016347, -0.18068554968334286, -0.8462430327104812, -0.46067686786879586, -0.38901687632421467, 0.39356739477962227, 0.6082588423823632, 0.04132697335335032, 0.5624716980757262, 0.6599034706562864, 0.1054142876925159, -0.012358218322373351], [-0.34400133856293946, 0.21003207926043552, -0.35031262154771603, -0.5881227669555694, -0.3772658047827989, 0.05306190734234639, 0.3289653502030554, 0.5405888295083586, 0.06884810678467732, -0.29003781684451424, 0.801958459236475, -0.23835142399196804, 0.43785241277771547, 0.17752525333225763, 0.012352563937685163], [-0.6826192253502846, -0.6997574932667081, -0.42215885589684066, 0.04574205108047268, 0.5815174195336456, -0.006585261848341467, 0.523561215662733, -0.17136605873931987, -0.47427985910610476, -0.12746299810267112, 0.1151078540710353, 0.5002079813393394, 0.22413133189237017, 0.5290032677827173, -0.035334224350314906]], "inverted": true, "swapped": false, "error_lsq": 0.048338965270105644, "error_max": 0.30937932416679587, "target": "1090.xyz", "model": "15.xyz", "model_rescale": 4.355366556412066, "target_rescale": 4.23621202862848},
{"mapping": [0, 1, 2, 11, 3, 9, 4, 12, 5, 8, 10, 14], "R": [[-0.6140565731439617, 0.7314912117787326, -0.2964036640616581], [0.2347723963438915, 0.5278326448382837, 0.8162564676362261], [0.7535359625748737, 0.43164025082643065, -0.4958530497767003]], "T": [0.015337334064990417, 0.07923918864667923, -0.08985732350525741], "aligned_model": [[-0.1548087884249902, 0.419241152612206, 0.15097401958837953, -0.6497382986786802, -0.5737916906346197, -0.43677709040790835, -0.19345621636615587, -0.13019453866793532, 0.5411202335840584, 0.11434722013863935, 0.5206234702953747, -0.009730918406587716], [-0.6516601359740252, -0.33469983575278234, -0.46481872308525973, 0.4059028023435443, -0.18755178390011762, -0.1619663708154192, 0.21327119346505258, 0.6099867300635263, -0.013555080194514318, 0.017807204075087957, 0.5175205760382899, 0.06253985147759741], [0.10174255875768387, 0.037281972992346285, -0.6355357213665119, -0.008979532701086257, -0.3411465512329237, 0.4518541736792182, -0.7634582063824525, 0.42045129494417843, -0.46747505802141454, 0.6573378975284005, 0.09381100211542151, -0.09662536910343893]], "inverted": false, "swapped": true, "error_lsq": 0.03941181185991998, "error_max": 0.23346925419096554, "target": "1090.xyz", "model": "16.xyz", "model_rescale": 3.795458400668931, "target_rescale": 4.23621202862848},
{"mapping": [10, 7, 5, 12, 4, 1, 8, 13, 9, 0, 2, 3, 14], "R": [[-0.6380255817388405, -0.07917857915116217, 0.7659334890513781], [-0.683866159665373, -0.3989082027884479, -0.6109004185729663], [0.35390737871842826, -0.9135660886611838, 0.20036608729262884]], "T": [-0.005991531781065131, 0.03292356498684548, 0.01988948362663164], "aligned_model": [[0.07370243893374537, -0.1549042136160109, 0.34781669773805673, -0.24799512590607306, 0.6325184190385705, -0.2560853028556831, -0.6905983166537135, 0.3090902370496098, -0.6435777796620178, -0.5125308704481332, 0.2608301336309464, 0.040220719352732685, -0.009855235697807985], [-0.2626743421041975, 0.26533671898883093, 0.42143497467113666, -0.6699570025016486, 0.11084444891613957, 0.4689458658461527, -0.17039128891933167, -0.6163458840410363, -0.10541704700975024, 0.5423342658638818, 0.7579240186702186, 0.17944694350042803, 0.04229959358966135], [-0.6025327654872248, -0.7744388528519146, -0.36938189786349823, -0.08345718077325723, 0.3385285474311137, -0.2931374642464516, -0.2288154919804185, 0.03588069284863582, 0.3809775234441066, 0.30935913113262864, 0.14375140956022173, 0.6964927899606007, 0.049048589661752975]], "inverted": false, "swapped": true, "error_lsq": 0.03939719453467093, "error_max": 0.20779574585764005, "target": "1090.xyz", "model": "17.xyz", "model_rescale": 3.7474275329858107, "target_rescale": 4.23621202862848},
{"mapping": [2, 0, 1, 3, 6, 13, 5, 8, 4, 10, 11, 9, 12, 14], "R": [[0.7333928984110475, -0.41912144540662266, 0.535230857257414], [-0.6618912564208216, -0.260691987347934, 0.702808403767521], [-0.15503167816259095, -0.8696993168520072, -0.4686024722867377]], "T": [0.06118071011874897, -0.0382810191653043, 0.022338588253620707], "aligned_model": [[0.4543967134876356, 0.16849833049837687, 0.5780071666573771, -0.34801736961129187, 0.28206447751329183, -0.3723755933707086, 0.6187155470484648, 0.09620620159968861, -0.11034237403624074, 0.33429396035897574, -0.6830375991612945, -0.3168152392750194, -0.3321718091897784, 0.045425235363399694], [-0.41031235378945313, 0.35202182864482445, 0.19692591514449315, -0.20020278585521842, -0.6870781873343119, -0.267122860453043, -0.3785698930664819, 0.6953641937314108, -0.7208537611429771, 0.011229612018605103, -0.04740202403903787, 0.5526992512049418, 0.30361275662487935, -0.03990345017739792], [-0.5425818454560202, -0.6379800136045335, -0.14563856241282444, -0.5140707514909538, 0.42677128959913085, 0.5521908324155309, 0.05415014411605022, 0.2023815307548758, -0.11898288195262346, 0.6580244837868151, 0.06273470478353604, -0.2304465046390282, 0.5624032199362723, -0.004160927174572941]], "inverted": true, "swapped": true, "error_lsq": 0.03433083312574707, "error_max": 0.27724516339161104, "target": "1090.xyz", "model": "18.xyz", "model_rescale": 3.922800546911778, "target_rescale": 4.23621202862848},
{"mapping": [0, 3, 5, 1, 8, 12, 13, 7, 9, 2, 11, 6, 10, 4, 14], "R": [[0.6591252556946341, -0.34163911667128166, -0.6699526933041986], [0.7425974657304016, 0.15499786113492978, 0.6515555747090052], [-0.11875563648209747, -0.926961906986292, 0.35586334708714884]], "T": [-0.040236588326863054, -0.029646592879994514, 0.04769822595554877], "aligned_model": [[-0.0729019033998195, -0.22214204354470135, -0.5294134324001795, 0.30482203292389914, -0.33053279854028583, -0.7820538840502568, -0.4098864279093439, -0.29650712368912546, 0.4127695685141294, 0.542466889298872, 0.11693055390937496, 0.3449718401157271, 0.6895706898982618, 0.2030793936098453, -0.05903590681940316], [-0.47287633900767534, 0.06404993475331738, -0.5754360281366501, -0.6838322556365074, -0.3188906768242532, 0.0947668104231035, 0.41120526281223296, 0.6376043643217801, 0.4356842189756534, -0.05378660947827598, 0.6460966509038506, -0.3071513548363367, 0.26450626041474834, 0.25265523010438984, 0.048497720908123466], [-0.6600609174086709, -0.5583385795740793, -0.16526568594129368, 0.016735498682410317, 0.5020732079479441, -0.18217663002196938, 0.42296131266879183, -0.30911067510650464, -0.44321504878541934, -0.3682379224486207, 0.20867390936949087, 0.548071432334003, 0.22505685363264435, 0.6681578562023791, -0.005617466849377979]], "inverted": false, "swapped": false, "error_lsq": 0.042479799059751126, "error_max": 0.23808354027761272, "target": "1090.xyz", "model": "19.xyz", "model_rescale": 3.9282355846067225, "target_rescale": 4.23621202862848},
{"mapping": [13, 11, 3, 12, 10, 9, 8, 0, 7, 5, 4, 6, 2, 14], "R": [[0.11168231043345445, 0.8051045967577016, 0.5825235186804603], [0.30814020331456315, -0.5853543335718223, 0.749939943775465], [0.9447627620929528, 0.09574388987453286, -0.31345881852994356]], "T": [0.003286975817459563, -0.0924499883461529, 0.03305955234782101], "aligned_model": [[-0.5746552637125507, -0.07973632672146316, 0.4912362301673179, -0.510826387916533, -0.6047681358739408, 0.30662780097598985, -0.08092921486043475, 0.7123806073891122, -0.23540811133596956, -0.039596903986242535, 0.0478859805748058, -0.4663585025191572, 0.5382267894843905, 0.028444257419351936], [-0.5214579055072892, -0.7418391781149831, -0.5855342283577806, -0.2137469734324737, 0.23930575896675851, -0.16897708081358792, 0.3069010264372435, 0.11431646247041552, 0.7026520408549195, 0.23573635780762062, -0.5823738117831423, -0.1638765347248449, 0.011659909707011834, -0.10988375608503209], [-0.021877066067565433, -0.3232784084073648, 0.02001485305963557, -0.5001025762810235, 0.06974487785625555, -0.6438206946858424, -0.6035753075392529, -0.1999809958273733, 0.1671706466926022, 0.5970704407434105, 0.555824366039168, 0.6715143958493326, 0.5944522496210073, 0.02902637619069281]], "inverted": true, "swapped": true, "error_lsq": 0.03322417092197117, "error_max": 0.1851476759631991, "target": "1090.xyz", "model": "20.xyz", "model_rescale": 4.067790424073018, "target_rescale": 4.23621202862848},
{"mapping": [7, 8, 1, 9, 10, 5, 13, 4, 2, 0, 6, 12, 3, 11, 14], "R": [[-0.5450420911981183, 0.7174293833838751, 0.43384812858858246], [0.7824828547708561, 0.6211110360076185, -0.04406430459220334], [-0.3010808874904447, 0.31546182147286206, -0.8999078499385315]], "T": [-0.008780529927065973, 0.08748483781371727, -0.020952214133983064], "aligned_model": [[-0.006806497598798545, -0.24046048467210482, -0.5732120621829384, -0.0027960845208072817, -0.2852683773536467, -0.5573491201215092, -0.5221718760947811, -0.22041147621177842, 0.4383001818257228, 0.5039842569741857, 0.01449032136309131, 0.49273843743594886, 0.7472796064476472, 0.14302199792999706, -0.019201375303233827], [-0.5047468173134849, -0.005394957226886016, -0.4991828773248086, -0.6721383374846291, -0.4106132823496743, 0.24388755795025077, 0.07752438525421254, 0.661721647749538, 0.567871941158743, -0.06127761337232751, 0.8025651905091565, -0.32918978922893294, 0.36659209838264684, 0.1709218168402748, 0.034552226153421864], [-0.47473820672349415, -0.5336564553565477, -0.1236320012794998, 0.14332413057738314, 0.5678937372563444, -0.17286275308326143, 0.4549192182320595, -0.5385784532541114, -0.37176412906465867, -0.48935378965673104, 0.16792726957075735, 0.38138451977393545, 0.25147616899372616, 0.601965530874357, 0.03540235784146901]], "inverted": true, "swapped": false, "error_lsq": 0.042090478724881406, "error_max": 0.25912632883705977, "target": "1090.xyz", "model": "21.xyz", "model_rescale": 4.186013935880536, "target_rescale": 4.23621202862848},
{"mapping": [0, 2, 3, 8, 10, 9, 1, 5, 11, 4, 6, 13, 14], "R": [[-0.9896636230000998, 0.12541567730054454, 0.06954725873506497], [0.0033593266015339435, 0.5051012318743606, -0.863053567563328], [-0.1433688537831722, -0.853899088561552, -0.5003016273395984]], "T": [0.025233483339237556, -0.06631337238765181, 0.047276547329670376], "aligned_model": [[0.19991014385124822, -0.5225659072188447, 0.21351352998814635, 0.4938395434847377, -0.1364729812753435, 0.6990977670545777, -0.2019114941374073, -0.6160239711908188, 0.5711659417993007, -0.3074698908906115, -0.5692111103049166, 0.19919256962361784, 0.03550989463953918], [-0.4039846945673149, -0.03476705331588015, 0.34720103193613017, -0.639426325780246, -0.30876817977610305, -0.2412692201182051, -0.5814095180238777, -0.18966779382967353, 0.4385067197015907, 0.559225348882203, 0.2515372913562379, 0.3753790105303212, -0.0535999574490888], [-0.6275124441797941, -0.5104706114506592, -0.47708322248355517, 0.20163796625547642, 0.6767250309349069, -0.21981201362235828, -0.13637892149591074, 0.08229298486837189, 0.09914519152837536, -0.06808049579453931, 0.470242024271893, 0.5910863784601531, 0.021087694042985966]], "inverted": true, "swapped": true, "error_lsq": 0.0494724807832686, "error_max": 0.3230907595517046, "target": "1090.xyz", "model": "22.xyz", "model_rescale": 4.166573947596378, "target_rescale": 4.23621202862848},
{"mapping": [4, 3, 8, 7, 10, 9, 14, 11, 2, 1, 12, 5, 6, 13, 15], "R": [[0.25597934175429954, -0.625572363678649, 0.7369761152144241], [-0.9581882653951102, -0.2650394685689531, 0.10783936275682146], [0.12786643286705845, -0.73376651456863, -0.6672607267355535]], "T": [-0.049626610492521234, 0.043180804385237234, -0.057198973475127715], "aligned_model": [[0.07023286426562877, -0.25034349579922144, -0.483948986044056, 0.04164449950734264, -0.3233134143388824, -0.6425572458687988, -0.3763245727521084, -0.34408595871834813, 0.35749610111942987, 0.6198437326933568, -0.01712619120069766, 0.5405539269475477, 0.6110208167336607, 0.09285514221140231, 0.016190229160738534], [-0.34463456579171553, 0.15286506099259844, -0.5646709655445281, -0.5719918613768108, -0.2827234112318628, 0.12986684882518762, 0.34792132483114785, 0.708418579408436, 0.2715148006069766, -0.14056185938269872, 0.6618084008177523, -0.2763354152239243, 0.41439304265232385, -0.08544670035388245, 0.022669910468500455], [-0.6696419980331738, -0.6131744655800693, -0.3669721810152722, 0.2958191895545162, 0.5590990134982559, -0.09418488449179564, 0.5957783767247355, -0.36190493395343726, -0.5418884854807359, -0.21889978971668994, 0.15640106142000498, 0.4333703894440902, 0.012472276169402316, 0.7674021750001518, -0.053968598838255465]], "inverted": true, "swapped": false, "error_lsq": 0.04420445883180841, "error_max": 0.3649113637287133, "target": "1090.xyz", "model": "23.xyz", "model_rescale": 4.274766983524099, "target_rescale": 4.23621202862848},
{"mapping": [8, 1, 7, 10, 5, 6, 13, 4, 3, 2, 14], "R": [[-0.5591532747968084, 0.7593590920628345, 0.3327482300261161], [0.6669896094774111, 0.1736418849843216, 0.7245504514029805], [0.49241494304415256, 0.6270743696569011, -0.6035770528989854]], "T": [0.11665630273088756, -0.004012221909954414, -0.008783444862259057], "aligned_model": [[0.2638731324450301, 0.05033362658987145, -0.42772029476692996, -0.47735275960235746, -0.3514928568690007, -0.5633904684103183, -0.12429954315559108, 0.03702871121898982, 0.6674691765629469, 0.1614435162053801, 0.1440024637400538], [-0.06628976072809188, 0.51667113648699, 0.4150052290009621, -0.1608279615697346, 0.41780824986225307, -0.08117520186395487, -0.6725220472004031, -0.07335516931417395, -0.018126398761333103, 0.6393782403896652, -0.0009797850586953836], [-0.7479223071959418, -0.2828972062637596, -0.4937853655038357, -0.3308094771916105, 0.16602342324467712, 0.39726516999216444, 0.11817304802441232, 0.7012506928702327, 0.41288309967337544, 0.4341658233405305, 0.005219533031332291]], "inverted": true, "swapped": true, "error_lsq": 0.04288131641677501, "error_max": 0.2007805806104825, "target": "1090.xyz", "model": "24.xyz", "model_rescale": 3.7841303162186577, "target_rescale": 4.23621202862848},
{"mapping": [1, 4, 6, 7, 11, 3, 13, 5, 2, 8, 12, 10, 9, 14, 15], "R": [[-0.6865654827583421, 0.3554641532063809, -0.6342500088057357], [-0.7094491639201119, -0.1366512125670311, 0.6913814648347285], [0.15909029416611, 0.9246467876379776, 0.34600375202143385]], "T": [0.08801915895555619, -0.08611942106722358, -0.005356890832516147], "aligned_model": [[0.2373329284401514, -0.2722055123671137, -0.5280934675926844, 0.0403855430702786, -0.42013976764650257, -0.6685289450217563, -0.3580597150640022, -0.2678205935988306, 0.3207624525275062, 0.5103565790592811, -0.0027254846597685595, 0.4911566349340262, 0.4977007214789585, 0.3090905046931881, 0.02292556966426275], [-0.3963621987021687, 0.051254311984851655, -0.3972273046210727, -0.7079302559288956, -0.36327675989152686, 0.18167748452050636, 0.2653058449164596, 0.6377078149474564, 0.4686942518535172, -0.10735245253915253, 0.6458933130720043, -0.37345444453629145, 0.3010994278184454, 0.3415719688050639, -0.1045078120016972], [-0.6645163639275018, -0.6441612321579073, -0.2190004454778694, 0.17872973113275284, 0.4990099241079197, -0.07551151547780605, 0.5327080846609472, -0.35001751862319563, -0.4601154812568208, -0.41844047268188594, 0.17097992648387939, 0.5947879792004932, 0.15073054915598766, 0.6251242725922329, -0.020600293029498118]], "inverted": false, "swapped": false, "error_lsq": 0.03619725994011686, "error_max": 0.20293782325027512, "target": "1090.xyz", "model": "25.xyz", "model_rescale": 4.19342608120988, "target_rescale": 4.23621202862848},
{"mapping": [0, 1, 2, 11, 3, 9, 4, 12, 5, 8, 10, 14], "R": [[-0.6140565731439617, 0.7314912117787326, -0.2964036640616581], [0.2347723963438915, 0.5278326448382837, 0.8162564676362261], [0.7535359625748737, 0.43164025082643065, -0.4958530497767003]], "T": [0.015337334064990417, 0.07923918864667923, -0.08985732350525741], "aligned_model": [[-0.1548087884249902, 0.419241152612206, 0.15097401958837953, -0.6497382986786802, -0.5737916906346197, -0.43677709040790835, -0.19345621636615587, -0.13019453866793532, 0.5411202335840584, 0.11434722013863935, 0.5206234702953747, -0.009730918406587716], [-0.6516601359740252, -0.33469983575278234, -0.46481872308525973, 0.4059028023435443, -0.18755178390011762, -0.1619663708154192, 0.21327119346505258, 0.6099867300635263, -0.013555080194514318, 0.017807204075087957, 0.5175205760382899, 0.06253985147759741], [0.10174255875768387, 0.037281972992346285, -0.6355357213665119, -0.008979532701086257, -0.3411465512329237, 0.4518541736792182, -0.7634582063824525, 0.42045129494417843, -0.46747505802141454, 0.6573378975284005, 0.09381100211542151, -0.09662536910343893]], "inverted": false, "swapped": true, "error_lsq": 0.03941181185991998, "error_max": 0.23346925419096554, "target": "1090.xyz", "model": "26.xyz", "model_rescale": 3.795458400668931, "target_rescale": 4.23621202862848},
