[{"mapping": [1, 12, 9, 10, 7, 11, 5, 8, 6, 4, 3, 2, 13], "R": [[0.5331664726280524, 0.09046121199126214, 0.8411600808350528], [0.49664444781960404, -0.8383816931746507, -0.22463398896775807], [0.6848925499049623, 0.5375247954045266, -0.49192406874435507]], "T": [0.0761956136326153, -0.08672275424223343, -0.09713487728631483], "aligned_model": [[0.24912649059746972, -0.2961513290376249, -0.6277957850315322, -0.7203949704907467, -0.4309271862212609, -0.044288095824819546, 0.6636672383290402, 0.06081735530377652, 0.5498251442964193, -0.04826077782765757, 0.4820347112563443, 0.0805070462260526, -0.03769798315135582], [-0.6183781854140861, -0.4383909608003533, -0.1156405141030601, 0.10653775659240984, 0.4562820643984288, 0.3222886683265677, 0.0597497168447476, 0.6898661457241327, 0.409588938346883, 0.6284599479958598, -0.15902245103207108, -0.12850202159914736, 0.02907389220554045], [-0.24024856538291067, -0.36696266450239506, 0.10362130701632509, -0.6832430079922105, 0.04202946899841502, -0.6496339024500727, -0.5508133601701893, -0.18229543883038313, 0.24035001966488906, 0.5244988859981344, 0.22421802293676912, 0.6706503464434829, -0.10975420922024393]], "inverted": true, "swapped": false, "error_lsq": 0.05024392749254865, "error_max": 0.3077572897108271, "target": "1091.xyz", "model": "0.xyz", "model_rescale": 3.8414455957264533, "target_rescale": 3.7954781128326918},
{"mapping": [3, 1, 0, 11, 13, 12, 10, 8, 6, 9, 4, 7, 14], "R": [[0.6681132808630772, -0.6916567883213461, -0.27429096066654457], [0.7270477952919437, 0.5284818957073241, 0.4383017103214608], [-0.158196546408256, -0.49225783191188954, 0.8559533162654998]], "T": [0.08428719416520813, 0.0844065756824274, 0.018737869737038865], "aligned_model": [[0.313352143471324, -0.19979932205411433, -0.5141060366507146, -0.5458187449770029, -0.5285521600461165, -0.10105399968514109, 0.48356522657820766, 0.08979513399271496, 0.7875484103018917, 0.023436085664243766, 0.11429953303346074, -0.1225757971682902, 0.08037138596364213], [-0.6100263453668743, -0.5595364961594281, -0.2573642895857946, 0.05126188890589242, 0.5304765477247116, 0.4048108785339909, 0.1991494459167898, 0.831015012950089, 0.4039226360472815, 0.5733505808422489, -0.40114203392066605, 0.04096681710368444, 0.035028354493926814], [-0.2617421637811732, -0.48438245652496537, 0.2437613940065241, -0.5540913695011234, 0.03595723707071949, -0.6485546211868467, -0.5251301537513567, -0.2398117415567482, 0.1343247324443485, 0.4906918742818863, 0.26196418837125024, 0.6255950953892504, -0.05616511275215527]], "inverted": false, "swapped": false, "error_lsq": 0.03961365164379248, "error_max": 0.24423686552751253, "target": "1091.xyz", "model": "1.xyz", "model_rescale": 4.316132596720782, "target_rescale": 3.7954781128326918},
{"mapping": [3, 2, 1, 7, 5, 4, 6, 9, 0, 11, 10, 12], "R": [[0.14188522420361943, -0.8805358535107681, 0.4522446172534859], [0.8390037895984153, 0.3494198637038168, 0.41710718033702604], [-0.5253010795650308, 0.3202536019021011, 0.7883504336756235]], "T": [0.08184082576074322, 0.06707954106088566, -0.02664807357494994], "aligned_model": [[-0.22263182460192812, 0.2982023756326937, 0.17829341206516633, -0.5993042621870655, -0.5888565423153818, -0.48405910465130597, -0.28273830079793194, -0.2876981629444345, 0.6343626037447685, 0.4315416305627685, 0.5500748667702029, -0.02937813664577138], [-0.6609804389314774, -0.35731420312233036, -0.43835144367822076, 0.35681072477669823, -0.21200622854400752, -0.1752450136661044, 0.433086574834959, 0.5741059855062182, -0.09684872791092815, 0.2323962955331073, 0.35710154663314664, 2.1356309919715044e-05], [-0.09110617121922157, 0.3950494095794779, -0.5933943595337177, -0.04369451764239421, -0.3675149950614593, 0.40885193323898583, -0.6358523092102968, 0.5350923696615209, -0.5005109351639354, 0.5585554180218839, -0.10152803084930748, -0.11468935061211487]], "inverted": false, "swapped": true, "error_lsq": 0.05582049411013015, "error_max": 0.3656982030929557, "target": "1091.xyz", "model": "2.xyz", "model_rescale": 3.795458400668931, "target_rescale": 3.7954781128326918},
{"mapping": [8, 7, 9, 3, 10, 2, 4, 6, 5, 1, 11, 12], "R": [[0.24097540008655122, -0.5854581574146176, -0.774060464350045], [-0.18976718623106512, -0.8105920705132924, 0.554011651728479], [-0.9517979153071678, 0.013388096864538401, -0.3064334956875226]], "T": [0.09950931534796485, 0.16939558976340408, 0.010643151718057207], "aligned_model": [[-0.0944589596243929, -0.11495764413558394, -0.6584034533150995, 0.3351098171027287, 0.16786947079366926, -0.1090377684429741, -0.3371880600868283, 0.4707709928311657, 0.3714509230408983, 0.8070102948457698, -0.4253556805440208, 0.18049389327823284], [-0.162102281280203, -0.535055258985211, -0.1286575947481401, 0.02003452981768833, 0.5262762072780705, 0.5786574474973476, -0.18928086729244303, -0.41837145199297443, -0.49467902324325785, 0.20974023715840295, 0.6242655406100335, 0.05494156047039611], [-0.6239658329958561, -0.06646907750257891, -0.2036457640187199, 0.751665049493058, -0.40998257605831645, 0.45082945694582877, 0.5099133976181732, -0.38268058322269727, 0.3697625676082615, 0.30009022429512083, -0.0878122832239984, 0.08106685170082464]], "inverted": false, "swapped": true, "error_lsq": 0.05247820672075546, "error_max": 0.2995629783739066, "target": "1091.xyz", "model": "3.xyz", "model_rescale": 3.7530521520055578, "target_rescale": 3.7954781128326918},
{"mapping": [5, 3, 1, 0, 6, 2, 7, 4, 9, 10, 12], "R": [[-0.6919863522854972, 0.7194767104677176, 0.05922964920682766], [0.401830198091075, 0.4520360148857277, -0.7963641962998573], [-0.5997394268786229, -0.5272728936146656, -0.6019102221316054]], "T": [0.029928015534475, 0.09941414578673376, 0.09762748004121552], "aligned_model": [[-0.30947270743848215, -0.36508454736721174, 0.30709189141573606, 0.6730616821176411, 0.2746305067839585, -0.21691480324547055, -0.35108981643227977, -0.7217542404186672, -0.43604773678246955, 0.4962693838363744, -0.012490010023924233], [-0.5619974970697288, -0.04020148374640746, -0.14400758678117176, 0.18461130498423917, -0.6387143537599872, 0.6129749394526822, -0.4372203518381544, 0.04439378589210109, 0.1476208227057536, 0.32850027702679074, -0.02875649855177105], [-0.20445838927947307, -0.5742373328320094, -0.5731116498798949, -0.2709092685741614, 0.2800991160387929, -0.18534791056650607, 0.43680619191797254, 0.07373766879888753, 0.7974345389229553, 0.29513231937785056, 0.01768549332090244]], "inverted": true, "swapped": true, "error_lsq": 0.0535369577040606, "error_max": 0.26059785343210645, "target": "1091.xyz", "model": "4.xyz", "model_rescale": 3.7855080009869324, "target_rescale": 3.7954781128326918},
{"mapping": [1, 4, 3, 5, 10, 7, 6, 8, 13, 15, 12, 14, 16], "R": [[0.16993042657571528, 0.1395066481153316, -0.9755314168469517], [-0.44051163699552714, -0.8747651082262003, -0.20183038200807507], [-0.8815175255179654, 0.46403006428638827, -0.0871949060613863]], "T": [-0.008906104599086492, 0.030555072766508026, -0.026029466353712477], "aligned_model": [[0.15320413402277291, 0.00970531122872915, -0.662421955035261, -0.6725682103807246, -0.49391723489425043, -0.17831179250019213, 0.41633400569644163, 0.17907410828935816, 0.6401571735618199, -0.0036890238258243026, 0.46647120830847577, 0.04643506004671579, -0.020010926093955723], [-0.6957247367742196, -0.2886347908348057, -0.14460266069876443, -0.048360941585247216, 0.5701570428638771, 0.3284637881791499, 0.1431758953096787, 0.7059746727230127, 0.3037892394322897, 0.6812582062037015, -0.3144208970027569, -0.023768994027019985, 0.024607173696956447], [-0.16510443813806436, -0.6929419269063752, 0.13098456816305457, -0.4825687490530426, -0.09354384579343072, -0.6923038708327166, -0.5082788489271993, -0.08752481187376457, 0.14405166130268646, 0.479812723354777, 0.31758842268103193, 0.6460446737495412, 0.026201344783112458]], "inverted": true, "swapped": false, "error_lsq": 0.03732686662875305, "error_max": 0.21224363402954258, "target": "1091.xyz", "model": "5.xyz", "model_rescale": 4.2253639853439635, "target_rescale": 3.7954781128326918},
{"mapping": [0, 7, 4, 3, 2, 6, 11, 5, 8, 10, 9, 1, 13], "R": [[-0.2041642903608602, -0.9507471847677125, -0.23323107253905007], [0.8479637315072672, -0.05270749949676708, -0.527427179376518], [0.4891568793237173, -0.3054532863680919, 0.8169601197471115]], "T": [0.05486851471434484, 0.07467505006717452, -0.07249508522277043], "aligned_model": [[-0.055742732988299695, -0.11194490819226138, -0.5654522149806909, -0.5344834518486057, -0.4367700309992467, -0.1293530362655876, 0.5463236892944932, 0.12567354220737975, 0.6306669902494519, -0.06135848819180696, 0.4919686070918377, -0.021265655512358164, 0.0021995485598001532], [-0.7189385023293795, -0.38763578029540907, -0.031277600292899346, -0.0963182115510988, 0.5303596027677205, 0.2648543169969309, 0.386927723226699, 0.6992880908529686, 0.335927422433436, 0.6309272332527859, -0.2969967772204017, -0.14028468413178868, 0.06508016377628825], [-0.040788135499001565, -0.6952576355535942, 0.25136837427647624, -0.4280721326933145, -0.1010387506489309, -0.6586795567909942, -0.5887545822747042, -0.14723773578267063, 0.3096935973714921, 0.4619085701594076, 0.13583155620766305, 0.6251449958758353, -0.10170166213805376]], "inverted": true, "swapped": false, "error_lsq": 0.04309837980924273, "error_max": 0.28933412701796085, "target": "1091.xyz", "model": "6.xyz", "model_rescale": 3.89814844738969, "target_rescale": 3.7954781128326918},
{"mapping": [2, 10, 1, 5, 6, 9, 11, 8, 7, 3, 4, 0, 12], "R": [[0.5961832598828919, -0.3530607500061334, 0.7210503640110828], [-0.7556445681376343, -0.5501795150245032, 0.3553924420854939], [0.2712320174306432, -0.75673681557891, -0.5947962547528307]], "T": [0.0780835689955622, 0.0977063384345945, -0.019530872277450595], "aligned_model": [[-0.06136445868430242, 0.02593240054283276, -0.6370205898482831, -0.6212013747339823, -0.44466767553008263, -0.27975753416800564, 0.6569120360366817, 0.18401713732505043, 0.5690824057341632, -0.0026496017802297434, 0.5323113093558121, -0.14138506997632688, 0.10025287415077767], [-0.5966215759490755, -0.36017751266218867, -0.2660110242991822, -0.020295935346780286, 0.5241322852626034, 0.32540387115135827, 0.299073845322522, 0.7262950814493175, 0.2771599828536163, 0.7086061070243598, -0.35930161498474344, 0.023228865943918597, -0.03957937827987365], [-0.016238547143844317, -0.590955668366945, 0.2471755844949033, -0.3352089280247915, 0.028091593497687015, -0.8056920882605294, -0.548444005159948, -0.24611649311621017, 0.3779502107592492, 0.5026430111592541, -0.001735401422101504, 0.525718621135919, -0.11477098704303243]], "inverted": false, "swapped": false, "error_lsq": 0.052125628461288, "error_max": 0.3316956404993898, "target": "1091.xyz", "model": "7.xyz", "model_rescale": 3.7474275329858107, "target_rescale": 3.7954781128326918},
{"mapping": [13, 4, 1, 2, 3, 8, 9, 5, 7, 6, 12, 0, 14], "R": [[0.24068986545446863, -0.328087126828062, -0.9134698823044014], [0.6389023156642702, 0.7620395560384816, -0.1053543832572093], [0.7306656004673704, -0.5582602907626342, 0.39303082328397115]], "T": [0.07688481852788386, 0.023336097844173023, 0.010311806893463366], "aligned_model": [[0.21586278973357143, -0.14209077119757835, -0.5299002348151202, -0.6789416494247655, -0.38643045923726593, -0.09693272666777779, 0.6192658616408152, 0.16455902390180388, 0.577650755405749, 0.0618523880641533, 0.2942784473209376, -0.26345256553205865, 0.04474099923164082], [-0.7825197431458507, -0.2786070816384342, -0.3131330827787834, -0.10992438953978691, 0.5703918572611734, 0.2696847777481892, 0.30950381376768377, 0.7033925331710783, 0.4698281526927156, 0.7171622702636432, -0.5027892864516886, 0.20798007937891894, -0.01905690324300703], [-0.363042335650022, -0.6775150996127053, 0.2991062140074111, -0.3354590546525297, -0.003953061234322736, -0.6014970723721347, -0.4416519997584054, -0.19670979223184973, 0.1275975832859029, 0.4407968436808587, 0.2481661929347456, 0.5435006127785766, -0.016922128665915852]], "inverted": true, "swapped": false, "error_lsq": 0.04608633727888515, "error_max": 0.33932822423511894, "target": "1091.xyz", "model": "8.xyz", "model_rescale": 4.019505241142653, "target_rescale": 3.7954781128326918},
{"mapping": [1, 9, 6, 11, 5, 8, 7, 4, 0, 3, 1, 2, 12], "R": [[0.6986109318369862, 0.6949780291497949, 0.1701420139675235], [-0.7154486229853303, 0.6814192804014445, 0.15427583143698395], [-0.00871973544628131, -0.22950665196513262, 0.973268032413221]], "T": [-0.091198718052129, 0.005557221681356195, -0.04624255313079041], "aligned_model": [[0.30442123063040083, -0.06146738846152307, -0.6882340938207266, -0.5737666267435588, -0.5191215833870396, -0.06759127283889563, 0.6009473737507361, 0.23292150805460882, 0.5045637073630109, -0.01895615760045298, 0.30442123063040083, -0.018309928262309136, -0.11936614089054692], [-0.5344500312271512, -0.32944712524834324, -0.21742282005388025, 0.04173837263260642, 0.5116235413293305, 0.23071573167133527, 0.3076646319293568, 0.7599338823071196, 0.2329980135492355, 0.6836035738790984, -0.5344500312271512, 0.05767071577512583, 0.03173454216916918], [0.04421365274363555, -0.6414132824256904, 0.3028856454374418, -0.4374824562720884, 0.060075933424802705, -0.6825469341432887, -0.5454908784669523, -0.16224515730311034, 0.08018488348433593, 0.4767249071117071, 0.04421365274363555, 0.5385168591688085, -0.0552199229936267]], "inverted": true, "swapped": false, "error_lsq": 0.048965047565115265, "error_max": 0.3081018627884546, "target": "1091.xyz", "model": "9.xyz", "model_rescale": 3.877068213659057, "target_rescale": 3.7954781128326918},
{"mapping": [2, 9, 6, 10, 12, 11, 8, 0, 1, 5, 4, 3, 15], "R": [[-0.7529995713945757, -0.3965635722768075, -0.525099017921994], [0.5219476631674616, 0.12598028509922132, -0.8436229043123149], [0.40070223657176085, -0.909321890701734, 0.1121223291633403]], "T": [-0.04899637576658292, -0.06569254076172491, -0.05246416923681452], "aligned_model": [[0.2555055684657853, 0.011939557501312717, -0.6312765230197872, -0.5897687895860175, -0.4437908587736733, -0.23117976192452083, 0.44728863678965325, 0.11154454291130414, 0.6384392271163468, 0.1386074105945679, 0.3777168344838242, -0.16906823309616162, -0.035495753038528616], [-0.6399035815657904, -0.35296926718681626, -0.06858703179261076, -0.08390161685130272, 0.5559006028883214, 0.4104071910124488, 0.10021118758845977, 0.6983189362296749, 0.41212363209802527, 0.4985892801511601, -0.29055566257007553, -0.019501113248873964, 0.021780440733231418], [-0.18631335499049964, -0.6435683888046558, 0.15062701019081742, -0.5112063685816581, 0.07384693743218393, -0.5861246750607808, -0.6194739355016139, -0.2082817295093015, 0.17563801629870135, 0.45486835305278606, 0.4223443104614378, 0.5689941510309049, -0.06893342350871151]], "inverted": false, "swapped": false, "error_lsq": 0.03879002085130675, "error_max": 0.2369089025767818, "target": "1091.xyz", "model": "10.xyz", "model_rescale": 4.260839863003843, "target_rescale": 3.7954781128326918},
{"mapping": [9, 7, 6, 8, 0, 10, 11, 4, 5, 1, 2, 12], "R": [[0.7602905926508056, -0.6313625652172673, -0.15277279197867366], [0.42086070529786024, 0.6579188635720964, -0.6245150404051042], [0.49480751961027714, 0.41051684520647036, 0.765925217197379]], "T": [-0.03123248652347632, 0.12571347036394528, -0.007932997312376615], "aligned_model": [[0.4148647029260495, 0.2591153361161014, -0.38366804439461344, -0.24217734477836916, -0.6440078399113535, -0.46630377697282943, 0.12487124142208214, 0.7054326149396584, 0.22020545179636802, -0.31909791790553094, 0.2946110606290089, -0.004946834772441625], [-0.051794890515788033, -0.5226016203144281, -0.5909883149753532, -0.2806921241927479, 0.38350830634952726, 0.37007980235359705, 0.6470627005799504, -0.031078613440888636, -0.49356563189072344, 0.08116434388942503, 0.6481063117373502, 0.013878235953013698], [-0.6997966287388682, -0.2166889696707431, -0.019621344071093942, -0.5915251949732636, 0.3308102578640988, -0.25280226221565605, -0.4505502304158977, 0.02901220185316531, 0.4361238021941783, 0.6999609235068328, 0.15232566774049125, 0.09892985432226081]], "inverted": true, "swapped": true, "error_lsq": 0.04595397045485312, "error_max": 0.2654016778230507, "target": "1091.xyz", "model": "11.xyz", "model_rescale": 3.890672605050136, "target_rescale": 3.7954781128326918},
{"mapping": [12, 10, 9, 11, 6, 2, 4, 0, 3, 8, 7, 5, 13], "R": [[-0.8488345558744966, 0.40103538424793217, -0.34445684393615866], [-0.21258976287687315, 0.3376248286441358, 0.9169596871198714], [0.4840304633732267, 0.8515750675449177, -0.20133160423184454]], "T": [-0.13397219939666843, 0.22221125359761196, -0.08291379313706934], "aligned_model": [[0.07918458477112617, -0.09986642869210244, -0.7100217021685136, -0.510182094530267, -0.5589883306722147, -0.08250336121566473, 0.4085322851989405, 0.18775729069564379, 0.729328999730535, 0.09430132717533646, 0.4807258962458481, -0.14149988807665737, 0.003693279962094592], [-0.4908922286944717, -0.45250304001911745, -0.22881939347615227, 0.11189243727169054, 0.5612881164824202, 0.14301368388661784, 0.15157407351412533, 0.7106798888335454, 0.5061735905313713, 0.5495643844018006, -0.19832030693140085, -0.24714470461063293, 0.12540649629605657], [-0.04856622188056289, -0.6686935493906352, 0.18271516194488815, -0.46899414418237506, 0.10799590581330312, -0.787642703651501, -0.5208136867299394, -0.16404989695590527, 0.08182717563113234, 0.5170213455714485, 0.3321327441197759, 0.5372640041377258, -0.07777923191774513]], "inverted": true, "swapped": false, "error_lsq": 0.05052607699287289, "error_max": 0.27333124276297877, "target": "1091.xyz", "model": "12.xyz", "model_rescale": 4.124412569039231, "target_rescale": 3.7954781128326918},
{"mapping": [3, 0, 7, 5, 10, 4, 1, 2, 8, 11, 6, 9, 12], "R": [[-0.45241644204971687, 0.8280923001856116, 0.33103248380842926], [0.8823711556597243, 0.46950255579311817, 0.03144032066395544], [-0.12938510974141354, 0.30631763331064166, -0.9430954357328688]], "T": [-0.04621558974932161, -0.04582159927574185, -0.09684514667331816], "aligned_model": [[0.09668176425636998, -0.06334754497734577, -0.6002772390330614, -0.70511614761794, -0.4467877743517239, -0.18604795640887675, 0.6626977128950939, 0.21567130910671384, 0.4352994690564993, 0.02269024041020961, 0.5469615088999168, -0.016930946419912503, -0.08103253739183802], [-0.7430647988950534, -0.3386832424753086, -0.12143713102269428, -0.11461836672902395, 0.5507876139124022, 0.40051590218472416, 0.12901524360361666, 0.7642520015894307, 0.32931100099418953, 0.7765288818711416, -0.26288521059874664, -0.19857488920501187, 0.0707659922561865], [-0.05009429033117506, -0.5975505964604559, 0.1866608579679448, -0.46408204392169516, 0.07111033540271734, -0.7289100165829999, -0.4570371879714269, -0.22947820076551068, 0.2804013261483493, 0.4595221187764112, 0.12369313359014679, 0.5231952665912092, -0.09501379993390494]], "inverted": false, "swapped": false, "error_lsq": 0.043461014464275964, "error_max": 0.25853720949738784, "target": "1091.xyz", "model": "13.xyz", "model_rescale": 3.9028299243045295, "target_rescale": 3.7954781128326918},
{"mapping": [7, 9, 10, 14, 13, 11, 1, 12, 2, 8, 3, 4, 15], "R": [[-0.4767084044714632, -0.08249757643363906, -0.8751818365281858], [0.8245557332498579, 0.3031536254661841, -0.47770882567888373], [0.3047243670451404, -0.9493640130367724, -0.07649203147814876]], "T": [0.09716239718896344, 0.12491402904998576, 0.023728551615119817], "aligned_model": [[-0.13661411917380736, -0.03546089772007888, -0.5465212626482857, -0.5859437292886627, -0.6091095880553314, -0.011942375063281163, 0.4787764250856882, -0.09109541305791077, 0.7518215531705729, 0.21210764702528015, 0.474324576622177, -0.09508613206483055, 0.07520517359257589], [-0.7464510526766774, -0.37667108084872253, -0.24316232306928642, 0.07830895654989599, 0.49022741101369793, 0.2912460237995758, 0.27700384249330035, 0.7562089995051352, 0.4432506979180556, 0.7430521428810716, -0.2986177164294041, -0.20442128328672388, 0.03193837963593445], [-0.058121253405682013, -0.552178468344728, 0.09818489532113646, -0.5368467243014585, 0.004302599577919987, -0.6878095742308074, -0.4796978860120888, -0.20047213107779704, 0.13433110266712828, 0.47228180522837604, 0.28268606978078525, 0.5840338513674457, -0.03827738406062044]], "inverted": false, "swapped": false, "error_lsq": 0.04918816358879134, "error_max": 0.3564626680342502, "target": "1091.xyz", "model": "14.xyz", "model_rescale": 3.942246331269136, "target_rescale": 3.7954781128326918},
{"mapping": [12, 13, 3, 4, 10, 11, 8, 6, 7, 9, 0, 5, 14], "R": [[-0.8858417457514284, 0.45031063349515243, -0.11182457174188623], [0.44275887864320207, 0.8924607869103406, 0.0864772756855239], [0.13874068208955884, 0.027093858871898188, -0.9899580526187733]], "T": [-0.05335109928846759, 0.07380389190887526, -0.02892063415050028], "aligned_model": [[-0.030578895727357874, -0.21482370616617974, -0.5381853708577062, -0.5849174892896715, -0.5436113324702868, -0.07089417652853092, 0.6076357925154371, 0.19756279712605618, 0.6377328603873768, -0.03434938101477615, 0.6016495697290452, -0.15900491438249245, 0.012246105103191247], [-0.7177074737280377, -0.3366869630156352, -0.40783207658853315, 0.044877704861922066, 0.5894625254755592, 0.3593566215479053, 0.128889751768476, 0.543738357665334, 0.503306344101913, 0.7475172684212964, -0.16810309186862105, -0.058716482303641765, 0.01381051114791515], [-0.23157167159000863, -0.7118215799374984, 0.19358881163132668, -0.2744087716370545, -0.0812808617264998, -0.6863876703532276, -0.42754677879574665, -0.1991945423651598, 0.23358672263776636, 0.41143323167020707, 0.20167125134103717, 0.5826798726869011, 0.01166888894756666]], "inverted": false, "swapped": false, "error_lsq": 0.04987932577724189, "error_max": 0.31113147256479795, "target": "1091.xyz", "model": "15.xyz", "model_rescale": 4.355366556412066, "target_rescale": 3.7954781128326918},
{"mapping": [3, 2, 1, 7, 5, 4, 6, 9, 0, 11, 10, 12], "R": [[0.14188522420361943, -0.8805358535107681, 0.4522446172534859], [0.8390037895984153, 0.3494198637038168, 0.41710718033702604], [-0.5253010795650308, 0.3202536019021011, 0.7883504336756235]], "T": [0.08184082576074322, 0.06707954106088566, -0.02664807357494994], "aligned_model": [[-0.22263182460192812, 0.2982023756326937, 0.17829341206516633, -0.5993042621870655, -0.5888565423153818, -0.48405910465130597, -0.28273830079793194, -0.2876981629444345, 0.6343626037447685, 0.4315416305627685, 0.5500748667702029, -0.02937813664577138], [-0.6609804389314774, -0.35731420312233036, -0.43835144367822076, 0.35681072477669823, -0.21200622854400752, -0.1752450136661044, 0.433086574834959, 0.5741059855062182, -0.09684872791092815, 0.2323962955331073, 0.35710154663314664, 2.1356309919715044e-05], [-0.09110617121922157, 0.3950494095794779, -0.5933943595337177, -0.04369451764239421, -0.3675149950614593, 0.40885193323898583, -0.6358523092102968, 0.5350923696615209, -0.5005109351639354, 0.5585554180218839, -0.10152803084930748, -0.11468935061211487]], "inverted": false, "swapped": true, "error_lsq": 0.05582049411013015, "error_max": 0.3656982030929557, "target": "1091.xyz", "model": "16.xyz", "model_rescale": 3.795458400668931, "target_rescale": 3.7954781128326918},
{"mapping": [2, 10, 1, 5, 6, 9, 11, 8, 7, 3, 4, 0, 12], "R": [[0.5961832598828919, -0.3530607500061334, 0.7210503640110828], [-0.7556445681376343, -0.5501795150245032, 0.3553924420854939], [0.2712320174306432, -0.75673681557891, -0.5947962547528307]], "T": [0.0780835689955622, 0.0977063384345945, -0.019530872277450595], "aligned_model": [[-0.06136445868430242, 0.02593240054283276, -0.6370205898482831, -0.6212013747339823, -0.44466767553008263, -0.27975753416800564, 0.6569120360366817, 0.18401713732505043, 0.5690824057341632, -0.0026496017802297434, 0.5323113093558121, -0.14138506997632688, 0.10025287415077767], [-0.5966215759490755, -0.36017751266218867, -0.2660110242991822, -0.020295935346780286, 0.5241322852626034, 0.32540387115135827, 0.299073845322522, 0.7262950814493175, 0.2771599828536163, 0.7086061070243598, -0.35930161498474344, 0.023228865943918597, -0.03957937827987365], [-0.016238547143844317, -0.590955668366945, 0.2471755844949033, -0.3352089280247915, 0.028091593497687015, -0.8056920882605294, -0.548444005159948, -0.24611649311621017, 0.3779502107592492, 0.5026430111592541, -0.001735401422101504, 0.525718621135919, -0.11477098704303243]], "inverted": false, "swapped": false, "error_lsq": 0.052125628461288, "error_max": 0.3316956404993898, "target": "1091.xyz", "model": "17.xyz", "model_rescale": 3.7474275329858107, "target_rescale": 3.7954781128326918},
{"mapping": [7, 11, 2, 1, 0, 3, 10, 8, 5, 4, 9, 6, 13], "R": [[-0.6336168049113553, -0.08019134742511114, 0.7694797543354022], [-0.20387050154995695, -0.9421510751582849, -0.26606046338352657], [0.7463019249149065, -0.3254546041712008, 0.5806141037660664]], "T": [0.03524596019659515, 0.029972239080668248, -0.12553529782259282], "aligned_model": [[0.003741246449246935, 0.11208518552886387, -0.524695777910072, -0.5523669166165446, -0.606050613427306, -0.12772708053524795, 0.5387639901978998, 0.09196061726158011, 0.6919710292521619, 0.16943042226517682, 0.27579772779187806, -0.1432685542755905, -0.04917941755794142], [-0.719668430839734, -0.2952658682751553, -0.2146042178984035, -0.09885937278042588, 0.49986904752470773, 0.3411849190272797, 0.2571695988887623, 0.7404568654213923, 0.2722700897434355, 0.5861531775186923, -0.21519351424821098, 0.04874927586249471, 0.03965142754101706], [-0.19236045064161228, -0.7658887695708085, 0.23568531403023502, -0.46704948434832855, 0.1334590744197769, -0.7062035655489249, -0.5394076496695037, -0.21960705036384554, 0.05673886904824521, 0.4760319186031113, 0.4487057372467788, 0.6246505474669499, -0.0623375881624636]], "inverted": false, "swapped": false, "error_lsq": 0.042861186192895286, "error_max": 0.30890164259684827, "target": "1091.xyz", "model": "18.xyz", "model_rescale": 3.922800546911778, "target_rescale": 3.7954781128326918},
{"mapping": [10, 11, 2, 9, 3, 7, 13, 12, 8, 5, 6, 1, 14], "R": [[-0.42488660952256807, -0.7362755842406262, 0.5266589343204402], [-0.6734367702546694, 0.6458694822224078, 0.3596324907495412], [-0.6049415554558777, -0.20186846208579434, -0.7702563459639523]], "T": [0.0583044136445577, 0.1082465961141662, -0.0011683177804854977], "aligned_model": [[-0.0822129230054658, 0.08807964725543528, -0.544638860117702, -0.606521919232508, -0.4382117041078908, -0.2300779191705009, 0.5065225051098575, 0.11886392888767246, 0.6122221068753166, 0.09605208669224566, 0.39593900863678577, -0.0451981963692618, 0.0096440969701211], [-0.6706040098221869, -0.20890951505781108, -0.25285121840964286, -0.1872048955891285, 0.49423849098572126, 0.36917302111912564, 0.22328941853762307, 0.8491510603196227, 0.24147497845532226, 0.724812985236112, -0.39009256841013784, -0.08372058775521857, 0.13315583787645086], [-0.15688363172444442, -0.6381683565391114, 0.13738398194335116, -0.3664867392685277, -0.1179212427571578, -0.6989964125953414, -0.5087896710668052, -0.2580869130601143, 0.2220267567312353, 0.4471114176195495, 0.33562350112069333, 0.7062345617538226, -0.08063034964753966]], "inverted": false, "swapped": false, "error_lsq": 0.04551955581704648, "error_max": 0.3093514662653428, "target": "1091.xyz", "model": "19.xyz", "model_rescale": 3.9282355846067225, "target_rescale": 3.7954781128326918},
{"mapping": [12, 9, 10, 11, 0, 4, 6, 3, 5, 1, 7, 2, 13], "R": [[-0.4871399393150154, -0.5053849382730998, 0.7122364380533043], [0.6794236740525105, 0.2930908687590974, 0.6726672385266176], [-0.5487058872120391, 0.8115933752913048, 0.20059422355121892]], "T": [0.09518269924790476, 0.04964929955769107, -0.1986566551805849], "aligned_model": [[-0.04526561417342137, -0.16543612081855505, -0.5339601162720988, -0.5752504339240366, -0.5208319083596671, -0.11246053885062918, 0.6950545624423645, 0.13954563751210688, 0.5361807054777096, -0.12215270100775502, 0.47846900795346736, 0.11012640960362954, -0.003557031159009655], [-0.7818010946480413, -0.4809673637174875, -0.26479500399648315, 0.046405162640914516, 0.55662749729209, 0.4317538166458883, 0.2590003227664508, 0.8003731835597218, 0.41000691508760667, 0.5223992744607114, -0.36745601471642775, -0.005466853920245096, 0.11583315603115325], [-0.09021838472313673, -0.5577508106881159, 0.2988757021926398, -0.45138587954309023, -0.13786110902045506, -0.6571850279478141, -0.35087344428782147, -0.17036091629592315, 0.20551323444446196, 0.3405775994170976, 0.06059715625287371, 0.6232041027988178, -0.0907153200899238]], "inverted": true, "swapped": false, "error_lsq": 0.047980245103379456, "error_max": 0.2951840349437127, "target": "1091.xyz", "model": "20.xyz", "model_rescale": 4.067790424073018, "target_rescale": 3.7954781128326918},
{"mapping": [4, 2, 7, 0, 12, 3, 6, 11, 13, 10, 5, 1, 14], "R": [[-0.7495925567923425, -0.10209766579384688, 0.6539778784033652], [0.646945272492606, -0.32184805281611956, 0.6912855020163088], [0.1399028705959473, 0.9412703636776845, 0.3073065070269313]], "T": [-0.012579995016005666, 0.04956471743872428, -0.06182721317686625], "aligned_model": [[0.3037220535787661, -0.10185044869335115, -0.5950571835592566, -0.6160146296348821, -0.4469287121681957, -0.18353958380714003, 0.5330075822889051, 0.19616051906186688, 0.4864563520672926, 0.05309799389541291, 0.37315665612425447, -0.1019526471336722, -0.019796093595895153], [-0.6442543983415956, -0.278349244809152, -0.20326307363405868, -0.19415952755150323, 0.6762492171588289, 0.4371912364485797, 0.032371123931125505, 0.6416914140826503, 0.34375680828444216, 0.6493571256627579, -0.28867164587270977, -0.042973749126755466, 0.1129677112532424], [-0.3088910578989226, -0.7238129766205156, 0.3299155469308266, -0.3462971828877053, -0.136804520520464, -0.7995693886091023, -0.5614225279349462, -0.21624750615419935, 0.3312850393042547, 0.49244915323526417, 0.23018223762710815, 0.7485765519538141, -0.016946465915801838]], "inverted": false, "swapped": false, "error_lsq": 0.04381401326456248, "error_max": 0.23738691713013596, "target": "1091.xyz", "model": "21.xyz", "model_rescale": 4.186013935880536, "target_rescale": 3.7954781128326918},
{"mapping": [10, 4, 11, 3, 5, 6, 7, 0, 1, 2, 9, 8, 12], "R": [[0.873678363770973, -0.23886002110990706, 0.42383016291180914], [-0.31602021739696434, 0.38371727347933643, 0.8676936534457078], [-0.3698882789097964, -0.8920240716196841, 0.2597608838454892]], "T": [0.006934016119137456, 0.0867758247302446, -0.04180174012942728], "aligned_model": [[0.38310487478726263, -0.1394362029291921, -0.45726510048471547, -0.765237161290403, -0.5483670598659468, -0.07817214003329852, 0.5503588949739084, 0.18219103231573106, 0.6574333079954899, -0.06834100199901329, 0.348378656615577, -0.15522463689846788, -0.028961604762826963], [-0.6343099965821253, -0.3866436952439699, -0.311449093585648, 0.21102178159281793, 0.6139529440948946, 0.2561135797894678, -0.04776528999161474, 0.7616159363343151, 0.4165350651521467, 0.5912774317447971, -0.25926908709175156, -0.04478005416790172, 0.07561347544042395], [-0.2284301303304258, -0.572900474689767, 0.1160021675799911, -0.5323659762064735, 0.06894019385699605, -0.5651892790655911, -0.5160504400453367, -0.23065152977835482, 0.015055542228071025, 0.4962605267431325, 0.3443578599282384, 0.6958063893556459, -0.06841794706651565]], "inverted": true, "swapped": false, "error_lsq": 0.047241014560855506, "error_max": 0.3035322467829677, "target": "1091.xyz", "model": "22.xyz", "model_rescale": 4.166573947596378, "target_rescale": 3.7954781128326918},
{"mapping": [5, 7, 14, 10, 9, 8, 4, 3, 2, 11, 6, 12, 15], "R": [[0.11602231296908655, 0.011763462458390467, 0.9931769448815724], [-0.44877363201861425, 0.8926648848014938, 0.041852486749989926], [-0.8860818529335341, -0.45056744710789604, 0.10884817641351893]], "T": [0.004668855382371389, 0.09160871195686243, -0.08276095650559073], "aligned_model": [[0.13007000698846205, -0.1538240735817472, -0.6726276263264117, -0.6040303276815534, -0.41891313893347387, -0.1152002428072757, 0.49993549813674665, 0.21748263860909212, 0.6283167180215232, -0.022177592308698875, 0.4545805598260792, -0.1154909011157491, 0.052340339597111325], [-0.7139773522401396, -0.3501367292983564, -0.12159385366779396, -0.25332147274946953, 0.5170815310054637, 0.4796604156270022, 0.39124512863423294, 0.6538692740829426, 0.23406755691312253, 0.6380373707787128, -0.3109343711208248, 0.03504266197222844, 0.04287283754873099], [-0.24514206855005208, -0.6223261557621984, 0.2662260133030459, -0.35006173338408203, -0.08334458681808701, -0.7821366887118841, -0.5352899431353416, -0.08283817346669656, 0.12599263054966828, 0.48538366988009346, 0.3805382518228199, 0.5589112885982983, -0.09349560181597359]], "inverted": true, "swapped": false, "error_lsq": 0.041586230869711915, "error_max": 0.28489339907767713, "target": "1091.xyz", "model": "23.xyz", "model_rescale": 4.274766983524099, "target_rescale": 3.7954781128326918},
{"mapping": [1, 2, 3, 5, 4, 7, 6, 8, 10, 11, 12], "R": [[-0.3684062798580844, 0.8518754973632675, -0.37226999604213723], [0.7740516845231596, 0.05929132675641069, -0.6303400100408699], [-0.5148988275845908, -0.5203774356787106, -0.6812389608562208]], "T": [0.09685891452423248, 0.1356848835971528, 0.07208053103405482], "aligned_model": [[0.20419764223325568, 0.1632435445938641, -0.3089349810936044, -0.5418140960329263, -0.5681588213073956, -0.5131054243030245, -0.09072668881829651, 0.06684917244966058, 0.6126832689575524, 0.36272661059377975, -0.007065523314790281], [-0.1378659488396043, 0.7307351218371235, 0.30590451155422427, -0.20472675631116694, 0.4908750265143958, -0.15230706420537726, -0.6351597582807885, -0.2650758241539103, 0.05784355686110182, 0.665544319901479, 0.05981934636600636], [-0.6347527406744704, -0.14299952969843835, -0.5861643840049635, -0.2745183516887129, 0.08676216591365599, 0.3773632103135556, 0.16491946961651377, 0.6955653858503565, 0.2639889782244654, 0.44710953619428423, -0.01770730602466851]], "inverted": true, "swapped": true, "error_lsq": 0.05565384646867968, "error_max": 0.35330713304247086, "target": "1091.xyz", "model": "24.xyz", "model_rescale": 3.7841303162186577, "target_rescale": 3.7954781128326918},
{"mapping": [10, 7, 13, 11, 3, 6, 1, 4, 2, 5, 9, 12, 15], "R": [[-0.652139448876665, -0.26773365302088276, -0.7092480738492938], [0.08791664992900886, -0.9559580748218375, 0.28002646633521366], [-0.7529839320225232, 0.12026159080529406, 0.6469562179103624]], "T": [0.10563254072057376, -0.036520797678899944, -0.14630992727008718], "aligned_model": [[0.06844723201632516, -0.04796021606684281, -0.570251099763132, -0.6055414586244994, -0.4571858237711937, -0.26402153771036185, 0.6160139661089392, 0.1989875171868306, 0.5686762276515663, 0.032197938155941186, 0.3446654091251674, -0.0658997843849159, 0.06233348850028079], [-0.8086271532087362, -0.3141376133113051, -0.10271023012146176, -0.2053957316067203, 0.5249542372715861, 0.4031423887332789, 0.30552840814371696, 0.7014074431473689, 0.32584187577760154, 0.625059089655395, -0.29248863582101076, 0.07128161757923222, 0.008057301246906866], [-0.23419697890002017, -0.7138869959055492, 0.24202016534502913, -0.3811297912277477, -0.015990468434064653, -0.5845776503073814, -0.5652962459224522, -0.20505601325364986, 0.32600020898154103, 0.42488019630051455, 0.32218176122102155, 0.5845301421955611, -0.17706142758319227]], "inverted": false, "swapped": false, "error_lsq": 0.0384400155976917, "error_max": 0.22788741127386153, "target": "1091.xyz", "model": "25.xyz", "model_rescale": 4.19342608120988, "target_rescale": 3.7954781128326918},
{"mapping": [3, 2, 1, 7, 5, 4, 6, 9, 0, 11, 10, 12], "R": [[0.14188522420361943, -0.8805358535107681, 0.4522446172534859], [0.8390037895984153, 0.3494198637038168, 0.41710718033702604], [-0.5253010795650308, 0.3202536019021011, 0.7883504336756235]], "T": [0.08184082576074322, 0.06707954106088566, -0.02664807357494994], "aligned_model": [[-0.22263182460192812, 0.2982023756326937, 0.17829341206516633, -0.5993042621870655, -0.5888565423153818, -0.48405910465130597, -0.28273830079793194, -0.2876981629444345, 0.6343626037447685, 0.4315416305627685, 0.5500748667702029, -0.02937813664577138], [-0.6609804389314774, -0.35731420312233036, -0.43835144367822076, 0.35681072477669823, -0.21200622854400752, -0.1752450136661044, 0.433086574834959, 0.5741059855062182, -0.09684872791092815, 0.2323962955331073, 0.35710154663314664, 2.1356309919715044e-05], [-0.09110617121922157, 0.3950494095794779, -0.5933943595337177, -0.04369451764239421, -0.3675149950614593, 0.40885193323898583, -0.6358523092102968, 0.5350923696615209, -0.5005109351639354, 0.5585554180218839, -0.10152803084930748, -0.11468935061211487]], "inverted": false, "swapped": true, "error_lsq": 0.05582049411013015, "error_max": 0.3656982030929557, "target": "1091.xyz", "model": "26.xyz", "model_rescale": 3.795458400668931, "target_rescale": 3.7954781128326918},
{"mapping": [8, 11, 5, 10, 7, 4, 9, 3, 2, 0, 1, 6, 12], "R": [[-0.997805990207409, 0.04045724266833093, 0.05240627273416454], [0.06047688310158266, 0.2348841476631831, 0.9701401876980756], [0.02693979429263261, 0.9711810586560138, -0.23681553747855072]], "T": [0.08502383235341557, 0.020791591688098604, -0.13059942790131768], "aligned_model": [[-0.031209301695296537, -0.016990742097082914, -0.5691580547312648, -0.5405370011226055, -0.5544294575043643, -0.11254611662199279, 0.43927272594335953, 0.017639941564056155, 0.7924437909802067, 0.18769444494293397, 0.4516493625665279, -0.13977523167242561, -0.04359250212794635], [-0.6780721906385414, -0.3782270747927271, -0.21521449142811314, 0.12541309522734145, 0.46667370398656094, 0.28598045922242343, 0.1574866700244944, 0.7517529917322924, 0.5006342423345128, 0.6254341336407401, -0.19612641305840428, -0.2941954313566846, 0.09037330259195718], [0.03919745784011475, -0.7153658104276062, 0.15785794368537692, -0.4552752864544381, 0.09852222243260253, -0.8983911720834898, -0.3310899939245483, -0.2095386561429012, 0.0795028011594297, 0.4307732948635626, 0.28035734642413307, 0.598396810636548, -0.05253005549917433]], "inverted": true, "swapped": false, "error_lsq": 0.053754233864893336, "error_max": 0.3203533168016963, "target": "1091.xyz", "model": "27.xyz", "model_rescale": 3.6321398670334006, "target_rescale": 3.7954781128326918},
{"mapping": [7, 12, 4, 6, 13, 9, 10, 11, 0, 2, 3, 1, 14], "R": [[-0.7081040815518428, 0.6301279245251036, 0.318633658647838], [-0.48482923093153, -0.1058147689483771, -0.8681842267092528], [-0.5133509779127362, -0.7692477061428831, 0.3804323068167982]], "T": [0.09056092337518948, 0.05545798133771963, -0.10355208486964143], "aligned_model": [[0.07249750530417173, -0.14189133642599686, -0.5215966651725075, -0.6451995118399481, -0.5136190080611119, -0.10817098589760807, 0.6213774647099223, 0.14909613047563602, 0.6383119235947117, 0.03364448629139381, 0.4315272358138217, -0.18220790803554224, 0.046692527667162406], [-0.7194841389429723, -0.4521898828584776, -0.37099400543367234, -0.015643300642587746, 0.6044968137105636, 0.38700677768351877, 0.4038197998969343, 0.6947720896987757, 0.2730694684568077, 0.6140406388709702, -0.3335977906840537, 0.06955539338659616, 0.08706113434344914], [-0.09847201141404513, -0.7132809785185407, 0.25682139101507495, -0.3433616485103658, -0.10300171195917876, -0.6486696731922615, -0.5524947046020026, -0.12296694512999018, 0.10144980939521286, 0.4605308856455066, 0.3480424899436485, 0.5069113650851064, -0.06909136524855455]], "inverted": false, "swapped": false, "error_lsq": 0.037278345449965104, "error_max": 0.2333323610528355, "target": "1091.xyz", "model": "28.xyz", "model_rescale": 4.156811204709835, "target_rescale": 3.7954781128326918},
