[{"mapping": [5, 0, 12, 1, 11, 9, 3, 6, 4, 8, 13], "R": [[0.9679137686719333, 0.061277512915267125, 0.2436965383960446], [0.11997489866727443, -0.9648274434644705, -0.23391029910542976], [0.22079166674734985, 0.25564246663794665, -0.9412215303243939]], "T": [-0.07195958040254304, -0.11678821128765621, 0.056335916574452055], "aligned_model": [[0.1484516153935861, -0.2469505062849402, -0.6296495434974756, -0.2278937457926914, -0.3245148221501288, -0.47867468689524323, 0.38092741833973176, 0.6524724868382717, 0.4635591775743365, 0.15872077988871297, -0.11860541265398983], [0.03463644160954768, -0.740524819159843, -0.27202268306706123, -0.5985173976242391, 0.4639989254271511, -0.05301508755401241, -0.3759676763814505, 0.12763323339864588, 0.369517987434548, 0.6292212257532728, 0.01898320271659884], [-0.6514004324315034, 0.4755533475569268, 0.05832885614901798, -0.2205496925108588, -0.2368602507533545, 0.6623548788224263, 0.026009739076424926, 0.054716806227978476, 0.6809399251673692, 0.08524305832995507, 0.13334339496619196]], "inverted": true, "swapped": false, "error_lsq": 0.04462313191435725, "error_max": 0.21334158389364316, "target": "1092.xyz", "model": "0.xyz", "model_rescale": 3.8414455957264533, "target_rescale": 3.777731947298833},
{"mapping": [6, 0, 4, 7, 5, 1, 13, 8, 12, 10, 14], "R": [[0.584350880788737, 0.7578834074095305, 0.29008065929107896], [0.5626231433230006, -0.12076838702564446, -0.8178448479342342], [-0.5847984667548075, 0.6411144495864556, -0.49697385827896673]], "T": [-0.05583507014748064, -0.09120249173795517, 0.03432194143469622], "aligned_model": [[0.07336281854439296, -0.3025923038362259, -0.577567503362389, -0.1849003692008354, -0.37203029990649417, -0.4993068845809611, 0.49606451433924176, 0.7103127872550529, 0.4338491371395677, 0.0864138308285914, -0.08576296645977097], [0.301095541695095, -0.6600090648674362, -0.2417124690231882, -0.6748297032090175, 0.42343918452844687, 0.09014645692219145, -0.5286995545698834, 0.09131982435439903, 0.2646817757026375, 0.5770892082613954, -0.03857784724148236], [-0.6285787542247414, 0.40993786161665713, 0.0033501846643645694, -0.20163659040067, -0.22928250979829426, 0.7546990647469777, 0.3151246645271706, -0.028966779727617825, 0.4989134923576556, 0.07347234747943196, 0.1006466493596401]], "inverted": false, "swapped": false, "error_lsq": 0.04616368385695755, "error_max": 0.2465772697916968, "target": "1092.xyz", "model": "1.xyz", "model_rescale": 4.316132596720782, "target_rescale": 3.777731947298833},
{"mapping": [2, 9, 5, 0, 4, 7, 1, 8, 10, 6, 11], "R": [[0.9168485298068794, -0.003576621396837454, -0.39921921443030306], [-0.3283798491851327, 0.5619541687139706, -0.7591931156920092], [0.227058248121741, 0.8271606373881523, 0.514052363009365]], "T": [-0.04881347113781658, -0.04885877554218537, 0.14897883099387815], "aligned_model": [[0.334037408516801, -0.11268671736642608, -0.6495133418874754, -0.2920422839388069, -0.3879849401339691, -0.4628207115592458, 0.32529360618062236, 0.6779500412758224, 0.3450470421457297, 0.07684447326129457, -0.07628181573417644], [-0.018346246813020106, -0.6823315125422458, -0.2831878515421111, -0.4503285147702028, 0.34766814639289356, -0.0350011473531045, -0.42958871083027844, 0.16429151603019168, 0.16984453338173106, 0.7604918937863676, 0.06043124681293674], [-0.5948084983437756, 0.5292208659214811, 0.15204987957092098, -0.38353957403458067, -0.4185234561701711, 0.9419902374688185, 0.050561990562031825, 0.033143318133213945, 0.5897492443964125, 0.07646994832200299, 0.09136567477421982]], "inverted": false, "swapped": false, "error_lsq": 0.046969647008913755, "error_max": 0.2590951710367131, "target": "1092.xyz", "model": "2.xyz", "model_rescale": 3.795458400668931, "target_rescale": 3.777731947298833},
{"mapping": [2, 9, 8, 3, 1, 7, 5, 10, 4, 0, 11], "R": [[0.4318766452933118, -0.8871840369275901, 0.16244090578133183], [0.35163743650052326, 0.33147434534243214, 0.8754860773485473], [-0.8305622652766833, -0.32098168639452107, 0.4551231487166895]], "T": [-0.01285647894566715, 0.014553018390870934, 0.0354218668214466], "aligned_model": [[0.21089915247176155, -0.2334833152232288, -0.6964126674154106, -0.18551738515457644, -0.44021849385906975, -0.44586562244556577, 0.401258143326661, 0.70622725861979, 0.407940691402683, 0.06537840313244685, -0.012363404095320843], [0.2453905487011997, -0.6500894460518823, -0.33880477693588146, -0.7479842660840149, 0.39229971268056973, 0.14247320233690186, -0.5403662142482919, 0.10840453514309344, 0.12660494114308335, 0.757995666391479, 0.10801944947690152], [-0.660547071726959, 0.5493565284087836, -0.10041679747509571, -0.125186746860243, -0.23091999080144532, 0.6514103446363078, 0.15541495169150724, -0.07912596848050535, 0.5058778598303042, 0.2664635871574251, 0.13535293422049463]], "inverted": true, "swapped": false, "error_lsq": 0.040212650680409794, "error_max": 0.2481148568583571, "target": "1092.xyz", "model": "3.xyz", "model_rescale": 3.7530521520055578, "target_rescale": 3.777731947298833},
{"mapping": [8, 1, 3, 5, 9, 2, 7, 6, 0, 4, 10], "R": [[0.8269851033864294, 0.4332590132035422, -0.3583047114605521], [-0.5621189140734189, 0.6248580119030768, -0.5418254252076539], [-0.010861179395311699, 0.6494914105963431, 0.7602913535900008]], "T": [-0.09395972377302651, -0.03702422293323805, 0.07267265075995902], "aligned_model": [[0.46847878759011097, -0.21719055465650094, -0.8500752205436295, -0.24141112561436634, -0.3292392000648578, -0.41014289950529786, 0.37222154357922604, 0.4533797462264546, 0.5431073869421189, 0.016052302383586153, -0.02733800557667436], [-0.02659713844987839, -0.6095427110122584, -0.11182771599952872, -0.6323967961637121, 0.1779223202232486, 0.08531296206763704, -0.38710329133573, 0.4444600453702386, 0.07863905929860975, 0.6147271805718223, -0.029650562017290903], [-0.6519194337254395, 0.6036741704726929, 0.1252423955084975, -0.3032918756651526, -0.3698262989157709, 0.6612453273063029, -0.06614598051732293, -0.04950732549176359, 0.5835423869533852, 0.3933412749527091, 0.14132498972243585]], "inverted": true, "swapped": false, "error_lsq": 0.06494525471120265, "error_max": 0.3743017364540515, "target": "1092.xyz", "model": "4.xyz", "model_rescale": 3.7855080009869324, "target_rescale": 3.777731947298833},
{"mapping": [0, 8, 10, 7, 3, 15, 6, 1, 12, 2, 16], "R": [[-0.6136420376448491, -0.592930802701634, 0.5214177910684231], [0.44260353840428046, -0.8051722597101846, -0.39471475774944864], [0.6538696792382167, -0.011432208920036768, 0.7565208174082988]], "T": [0.01901158888273773, -0.05081489601025757, 0.155921262255293], "aligned_model": [[0.2460869440531968, -0.2984904387477692, -0.672467342543479, -0.15572970017010512, -0.3504398252760093, -0.5337337831958121, 0.3440822359546034, 0.6590235459984947, 0.5098776177436414, 0.025788328381927256, 0.0038451785614810035], [0.22601705832919805, -0.5589162948000402, -0.24914406931212024, -0.653309217202667, 0.3942648936642402, -0.06696780070363828, -0.6168487871470617, 0.21914373980859553, 0.23760728622924132, 0.67744854352314, -0.005351999835729905], [-0.5370973056426537, 0.5251573723014306, 0.03978900797018092, -0.25375610678888216, -0.22856051728522964, 0.7670920599882738, 0.15935296209205735, -0.1450952965667297, 0.5286523308727142, 0.03193688412870366, 0.18020823953070858]], "inverted": false, "swapped": false, "error_lsq": 0.04571668732649652, "error_max": 0.21526360258090896, "target": "1092.xyz", "model": "5.xyz", "model_rescale": 4.2253639853439635, "target_rescale": 3.777731947298833},
{"mapping": [7, 8, 5, 11, 6, 10, 9, 0, 1, 4, 13], "R": [[0.7255087451555408, 0.13518291962546294, -0.6748056304924912], [-0.14297205928332382, -0.9295215817058632, -0.33992443190702915], [-0.6731983741566216, 0.3430964986480719, -0.6550486559396297]], "T": [-0.03161529829363198, -0.01577397209245583, 0.06580080799432046], "aligned_model": [[0.24612678392651843, -0.12394536518517581, -0.6430580146198284, -0.3967236733878685, -0.37624940259927264, -0.4546743370895194, 0.42832034186200163, 0.7277656612021773, 0.3323486765089435, 0.0735216400908643, -0.03558954994867046], [0.15954790214724096, -0.590701485429151, -0.1576501808848578, -0.5697190511907885, 0.10930649648023551, 0.07405435090076688, -0.39641096746688137, 0.18094670018821166, 0.12722728198877903, 0.6316913960534775, 0.035650909766124825], [-0.6563576179788224, 0.520551716465077, 0.14796048472824108, -0.3408864337430826, -0.46268777149836265, 0.715003701141343, 0.1929664957891824, -0.10064493325268754, 0.6869180661150163, 0.3315942116846901, 0.03326171114997919]], "inverted": false, "swapped": false, "error_lsq": 0.0450031211550509, "error_max": 0.27468038979396947, "target": "1092.xyz", "model": "6.xyz", "model_rescale": 3.89814844738969, "target_rescale": 3.777731947298833},
{"mapping": [11, 1, 2, 10, 4, 0, 6, 8, 3, 7, 12], "R": [[0.8542691733247332, 0.3073119215989988, -0.4192655034106765], [-0.47830879732336373, 0.7805487756021325, -0.4024478889360575], [0.20358014124701493, 0.5443372040832251, 0.8137887528964153]], "T": [-0.00026034404714157106, -0.04389998789920825, 0.06658187587421341], "aligned_model": [[0.268219613349593, -0.34659376571368794, -0.6564018082672115, -0.2943275525328579, -0.48979462394791884, -0.18592178654784458, 0.45029561817067765, 0.6513301330297177, 0.46658165871991886, 0.025518304380997815, -0.11106302988121428], [0.23671419541373617, -0.6008653971437793, -0.30750542929431723, -0.4597788275674611, 0.2547285542422767, 0.01591125844280604, -0.37582304231094654, 0.0699033384792208, 0.2675051201778722, 0.6029747343687146, -0.09982115225496453], [-0.6437100090737049, 0.6000978606165734, 0.027359500640186968, -0.46207011803267817, -0.22782086019451395, 0.6260126857585832, 0.4463216050147598, -0.07542314306064543, 0.6475012676884762, 0.1768689309712286, -0.047458089727691805]], "inverted": true, "swapped": false, "error_lsq": 0.049304961384885874, "error_max": 0.2769438375497966, "target": "1092.xyz", "model": "7.xyz", "model_rescale": 3.7474275329858107, "target_rescale": 3.777731947298833},
{"mapping": [9, 0, 3, 6, 8, 1, 10, 11, 12, 4, 14], "R": [[-0.08805449641820456, 0.7243110726543955, 0.6838273727270471], [0.9749986817173653, -0.0779341301953757, 0.20809575199914693], [0.20401954884259652, 0.6850545535801726, -0.6993398904031818]], "T": [0.008347580016908905, 0.023196635862015473, 0.12765106949548727], "aligned_model": [[0.27593880305060964, -0.2639616374810116, -0.6355980888150072, -0.2128080044256889, -0.37190110896836437, -0.3274554610754802, 0.4519501168523588, 0.5930661263450215, 0.4708592106754514, -0.19471118128465156, -0.0075360141130677225], [0.20876146412295182, -0.49958293106635865, -0.22864542650833342, -0.7121508659842029, 0.41447225697617046, 0.006079942669460013, -0.5885188361460033, 0.060363011999825154, 0.09365493092887059, 0.7782837773320963, 0.07122602822868108], [-0.5610441257514494, 0.422205736908539, -0.06220173716872257, -0.1503639613861607, -0.28164666895812035, 0.7997709668777238, 0.1931058654039805, -0.08020185363668508, 0.5298465927938001, 0.0987305907521505, 0.1594782247655181]], "inverted": false, "swapped": false, "error_lsq": 0.05167634887462668, "error_max": 0.269901867632963, "target": "1092.xyz", "model": "8.xyz", "model_rescale": 4.019505241142653, "target_rescale": 3.777731947298833},
{"mapping": [7, 10, 11, 9, 8, 6, 1, 0, 2, 3, 12], "R": [[0.6704473349614816, 0.4374965032535729, 0.5992471782861759], [-0.7302364222294098, 0.5320762142386185, 0.42854366159248164], [-0.13135881657748977, -0.7249080713320805, 0.6762049611064422]], "T": [-0.047216934224741006, 0.01370756530261967, 0.13575928430266593], "aligned_model": [[0.29294140178558253, -0.16886335048700557, -0.6590041663174402, -0.2752511277330953, -0.3501374855996658, -0.3828652734147581, 0.38997029938535854, 0.5137483885376066, 0.29078762445414763, 0.20497711988028144, -0.07846066973084179], [0.10391680499938259, -0.7704104087470648, -0.03722350423848146, -0.48627879368617644, 0.03452540959777091, -0.05289453913594706, -0.49933729011188316, 0.2279423512990889, 0.23456888447348517, 0.811334066723265, 0.03780037137971739], [-0.698350174696401, 0.59242208156182, 0.03391659778692746, -0.27087828017774945, -0.4675173423784249, 0.7768257317558412, 0.1800040723755762, -0.11337409603459878, 0.5681310667111078, 0.33235768472164495, 0.1341422889748302]], "inverted": true, "swapped": false, "error_lsq": 0.05304393863578521, "error_max": 0.33728226114123283, "target": "1092.xyz", "model": "9.xyz", "model_rescale": 3.877068213659057, "target_rescale": 3.777731947298833},
{"mapping": [10, 7, 4, 2, 6, 5, 8, 11, 0, 12, 15], "R": [[-0.10315615329378713, 0.8753339797008957, -0.4723867398844097], [0.9945656919347993, 0.09748804376393999, -0.036539919941543236], [0.01406742563097313, -0.4735889623967945, -0.880633636782087]], "T": [-0.1356778915260241, -0.06069490081141968, -0.03540462489185775], "aligned_model": [[0.2760100063094383, -0.20679442259255143, -0.6698136336868266, -0.2842701015757491, -0.3053384227015226, -0.3346310543162508, 0.4339660445714267, 0.5599185698571318, 0.34719110023799704, 0.04311380072184978, -0.08150912606477334], [0.20431261335949455, -0.7501746212581252, -0.3698085254369843, -0.6584288771560668, 0.4471917409853744, 0.26753578995932004, -0.5221366302953793, 0.18378090232698369, 0.19784426424497434, 0.6307522305197736, -0.02692553469620748], [-0.5487221403427225, 0.395694810875118, 0.24251344893952403, -0.2823657687693112, -0.34129846002174474, 0.6455342085538918, 0.20522008740169187, -0.003273318432762462, 0.5423159585726147, 0.18397999414634006, 0.028080809677934623]], "inverted": false, "swapped": false, "error_lsq": 0.04856547806003193, "error_max": 0.23592901774622718, "target": "1092.xyz", "model": "10.xyz", "model_rescale": 4.260839863003843, "target_rescale": 3.777731947298833},
{"mapping": [6, 8, 4, 10, 5, 2, 7, 0, 1, 3, 11], "R": [[-0.8390987532158072, 0.17854699351229933, 0.513842634917926], [0.5410917048255725, 0.17675425865742433, 0.8221786296270538], [0.05597364844847716, 0.9679250503805464, -0.24492457517607946]], "T": [-0.09346840990883042, -0.11530199944265704, 0.13389833424484537], "aligned_model": [[0.25764920088661913, -0.10055084893504011, -0.8059683620808097, -0.22975689312043956, -0.30723185151975607, -0.3957799852992352, 0.4827494348866763, 0.665665065992597, 0.3221499895207992, -0.07655325974472375, -0.034529729826517475], [0.005764058347513784, -0.6688205155764996, -0.0044946947047455055, -0.5556218568265119, 0.30494143830514253, 0.11452614718531492, -0.4152830815382397, 0.24185529699654515, 0.11137127468435432, 0.5817362118079332, -0.1120309261276501], [-0.6179758358758403, 0.5912608801678496, 0.006743240076864193, -0.2913988143225314, -0.35015904490401273, 0.7049883976708973, 0.04677787162996902, -0.12337447975050181, 0.6808363709486251, 0.2668820970291417, 0.15309894793011347]], "inverted": true, "swapped": false, "error_lsq": 0.05041270932854128, "error_max": 0.2945708224472269, "target": "1092.xyz", "model": "11.xyz", "model_rescale": 3.890672605050136, "target_rescale": 3.777731947298833},
{"mapping": [10, 3, 0, 4, 11, 8, 7, 12, 5, 9, 13], "R": [[-0.15245951628044518, -0.0029116857394112516, 0.9883054274776029], [-0.9368061486754472, 0.3190304331763165, -0.14357514586866266], [-0.3148814629339246, -0.9477399985193653, -0.05136691062449317]], "T": [-0.23659031839320083, 0.10153956552867813, 0.07884466810773269], "aligned_model": [[0.24206514043341498, -0.274328352708677, -0.6486772300724735, -0.1757786059147613, -0.31924302367558743, -0.3299687309153727, 0.40239816300056025, 0.4867440571173958, 0.3726158408462203, 0.1372118162196117, -0.11519631357016141], [0.097047700762129, -0.7626722950096599, -0.3093612855145773, -0.48065545395190656, 0.4277520901607641, -0.08612962804062849, -0.35918366034233196, 0.02442211516009865, 0.28589853189208914, 0.7814313874308464, -0.014606149993665565], [-0.676409778637841, 0.4025372025797268, 0.17904151227851223, -0.30639284141409806, -0.35648978145709986, 0.7682297504079069, 0.4050225337968476, -0.08231496330912486, 0.5258925502201829, 0.14080829204029754, 0.0677551540952638]], "inverted": false, "swapped": false, "error_lsq": 0.048144678447665984, "error_max": 0.23352322956151067, "target": "1092.xyz", "model": "12.xyz", "model_rescale": 4.124412569039231, "target_rescale": 3.777731947298833},
{"mapping": [11, 3, 6, 9, 8, 0, 7, 10, 5, 4, 12], "R": [[0.6946465688018749, -0.5837465222528704, -0.4203642970204074], [0.6526072034672814, 0.26557510798667044, 0.7096292694079654], [-0.3026053245308095, -0.7672743054316024, 0.5654380229433249]], "T": [-0.09612282931491731, -0.03761354918409327, 0.18177240613641743], "aligned_model": [[0.17820125237156567, -0.4510759517850922, -0.6943346167358823, -0.09408806728377528, -0.37685893885976407, -0.239411003382468, 0.43452821054538293, 0.49488356960639013, 0.45182832018185115, 0.09947498854828951, -0.02530500244632794], [0.19374565989421433, -0.5502380580004917, -0.24813203168717923, -0.5602317578553525, 0.05675204139618619, 0.08460215463568954, -0.3713002938676594, 0.2167939550655374, 0.05441582587722415, 0.6876625186000539, 0.03987333849493497], [-0.7465443910389986, 0.5281504793098591, -0.031388192237887774, -0.186340809748469, -0.471816526611454, 0.7306796973124847, 0.19361744027358657, -0.17961095058197585, 0.6965791766466798, 0.4141349997186108, 0.12021870755813838]], "inverted": false, "swapped": false, "error_lsq": 0.0557134109149017, "error_max": 0.32017469432185547, "target": "1092.xyz", "model": "13.xyz", "model_rescale": 3.9028299243045295, "target_rescale": 3.777731947298833},
{"mapping": [3, 12, 1, 2, 6, 14, 5, 4, 10, 7, 15], "R": [[-0.33699076512559667, 0.8789055210591097, -0.3375830405572526], [0.7886962675652727, 0.06770395179062805, -0.6110436747406361], [-0.5141939534345701, -0.4721665595568444, -0.7160051105177812]], "T": [-0.014437848647990931, -0.15402432751801956, 0.07023677904668181], "aligned_model": [[0.14033092108345688, -0.24112644332561953, -0.6423653232407198, -0.2124671375729663, -0.4336675704261018, -0.2562593759546807, 0.3660546531992024, 0.6192425425419593, 0.3554727792324654, 0.1312154614980133, -0.0485877462748391], [0.13824987688233178, -0.6830084925445684, -0.24675309649838784, -0.5854458561378904, 0.22756470566643258, 0.12039965947193251, -0.4086992442866484, 0.0676620871679576, 0.282371518664725, 0.738935285557236, -0.047333091389962556], [-0.4582628544405202, 0.46142512646405154, -0.06871363584218863, -0.49262167112258315, -0.280540233285141, 0.8760062728093527, 0.2992956720460767, -0.02286300209020957, 0.5478112704765604, 0.11536103524190579, 0.09078165034326931]], "inverted": true, "swapped": false, "error_lsq": 0.046723023637191524, "error_max": 0.3097238190152798, "target": "1092.xyz", "model": "14.xyz", "model_rescale": 3.942246331269136, "target_rescale": 3.777731947298833},
{"mapping": [9, 13, 3, 4, 5, 12, 11, 6, 8, 0, 14], "R": [[-0.1622838029007821, 0.8880900217480238, 0.43006985547426524], [-0.5971528254021207, 0.25858374072797424, -0.7593042553189022], [-0.7855396046224055, -0.380040211428637, 0.48836151288461754]], "T": [-0.022653403305001315, -0.016890459709933046, -0.0022110484602061165], "aligned_model": [[0.31058699214010754, -0.12410744584504718, -0.7223615352111855, -0.2038746520009154, -0.43489771322060744, -0.5253080067924678, 0.4639804945165391, 0.5301006426116716, 0.5157696392172725, 0.020787671092930674, -0.05283332574812791], [0.22770692520539668, -0.5555944475092719, -0.17278438985717282, -0.5681497720020694, 0.33244533845300084, -0.05863561425014208, -0.5023927564204593, 0.004627682951738661, 0.19097635498696985, 0.6413384810066952, 0.06440554998847156], [-0.6930694017197809, 0.598151289871146, -0.05372360215590426, -0.08549373906815502, -0.33507541611343805, 0.6409622950701523, 0.20171539424982826, -0.084608400344606, 0.5132818621764124, 0.3226966577064476, 0.04284269092847154]], "inverted": false, "swapped": false, "error_lsq": 0.04735537930693117, "error_max": 0.2207148389413802, "target": "1092.xyz", "model": "15.xyz", "model_rescale": 4.355366556412066, "target_rescale": 3.777731947298833},
{"mapping": [2, 9, 5, 0, 4, 7, 1, 8, 10, 6, 11], "R": [[0.9168485298068794, -0.003576621396837454, -0.39921921443030306], [-0.3283798491851327, 0.5619541687139706, -0.7591931156920092], [0.227058248121741, 0.8271606373881523, 0.514052363009365]], "T": [-0.04881347113781658, -0.04885877554218537, 0.14897883099387815], "aligned_model": [[0.334037408516801, -0.11268671736642608, -0.6495133418874754, -0.2920422839388069, -0.3879849401339691, -0.4628207115592458, 0.32529360618062236, 0.6779500412758224, 0.3450470421457297, 0.07684447326129457, -0.07628181573417644], [-0.018346246813020106, -0.6823315125422458, -0.2831878515421111, -0.4503285147702028, 0.34766814639289356, -0.0350011473531045, -0.42958871083027844, 0.16429151603019168, 0.16984453338173106, 0.7604918937863676, 0.06043124681293674], [-0.5948084983437756, 0.5292208659214811, 0.15204987957092098, -0.38353957403458067, -0.4185234561701711, 0.9419902374688185, 0.050561990562031825, 0.033143318133213945, 0.5897492443964125, 0.07646994832200299, 0.09136567477421982]], "inverted": false, "swapped": false, "error_lsq": 0.046969647008913755, "error_max": 0.2590951710367131, "target": "1092.xyz", "model": "16.xyz", "model_rescale": 3.795458400668931, "target_rescale": 3.777731947298833},
{"mapping": [11, 1, 2, 10, 4, 0, 6, 8, 3, 7, 12], "R": [[0.8542691733247332, 0.3073119215989988, -0.4192655034106765], [-0.47830879732336373, 0.7805487756021325, -0.4024478889360575], [0.20358014124701493, 0.5443372040832251, 0.8137887528964153]], "T": [-0.00026034404714157106, -0.04389998789920825, 0.06658187587421341], "aligned_model": [[0.268219613349593, -0.34659376571368794, -0.6564018082672115, -0.2943275525328579, -0.48979462394791884, -0.18592178654784458, 0.45029561817067765, 0.6513301330297177, 0.46658165871991886, 0.025518304380997815, -0.11106302988121428], [0.23671419541373617, -0.6008653971437793, -0.30750542929431723, -0.4597788275674611, 0.2547285542422767, 0.01591125844280604, -0.37582304231094654, 0.0699033384792208, 0.2675051201778722, 0.6029747343687146, -0.09982115225496453], [-0.6437100090737049, 0.6000978606165734, 0.027359500640186968, -0.46207011803267817, -0.22782086019451395, 0.6260126857585832, 0.4463216050147598, -0.07542314306064543, 0.6475012676884762, 0.1768689309712286, -0.047458089727691805]], "inverted": true, "swapped": false, "error_lsq": 0.049304961384885874, "error_max": 0.2769438375497966, "target": "1092.xyz", "model": "17.xyz", "model_rescale": 3.7474275329858107, "target_rescale": 3.777731947298833},
{"mapping": [11, 4, 8, 5, 3, 0, 9, 7, 2, 1, 13], "R": [[-0.3784231657765537, -0.8108094905283534, -0.4465242184616678], [-0.0678023108103532, -0.4568221831530369, 0.8869703149644128], [-0.9231461174984312, 0.36592548838314803, 0.11789733966094129]], "T": [0.02786093696136525, -0.06934471940130293, 0.012279184334301377], "aligned_model": [[0.1651373296278175, -0.33367520076527, -0.6780348646033963, -0.1285971246797888, -0.4384878563723933, -0.3761053379615528, 0.43203844600916447, 0.7276227044144594, 0.3412408242635743, 0.03385294235332613, 0.03285089847422933], [0.3323966604190185, -0.656218186371479, -0.20283986754572148, -0.7320337047466642, 0.34603821948571123, 0.162760754110984, -0.5536630803872352, 0.15173110691163452, 0.1868645573620762, 0.6146706464946378, -0.045763753179804766], [-0.5720971649155673, 0.474985329641146, 0.03956680009388127, -0.2318194029613284, -0.25336154738237027, 0.7065994913046562, 0.23543928885097254, -0.15765677380072896, 0.595359433137606, 0.11526215331122341, 0.11540202332108371]], "inverted": true, "swapped": false, "error_lsq": 0.04166204397837192, "error_max": 0.2496713166501576, "target": "1092.xyz", "model": "18.xyz", "model_rescale": 3.922800546911778, "target_rescale": 3.777731947298833},
{"mapping": [10, 12, 3, 7, 2, 5, 13, 4, 8, 1, 14], "R": [[-0.08220747431422606, 0.8990689382257343, -0.43001973848246366], [0.14608560891361833, 0.43769026820225976, 0.8871788004621003], [0.9858503568164964, 0.010113033110028313, -0.1673224447768507]], "T": [-0.0010757673178446656, 0.02508817311338677, 0.09749183652517382], "aligned_model": [[0.2849847517184553, -0.25480886058063185, -0.5873821638327245, -0.23363001860686747, -0.3694980962214196, -0.3550839880682556, 0.42735221822505964, 0.6797199093748418, 0.36304273479432053, -0.13810456230328275, -0.03874916373932534], [0.29485999113053757, -0.5738533043228287, -0.2284595616933163, -0.6825353844810429, 0.37601063975722654, 0.09715600200737315, -0.5065798468638062, 0.03631250263646713, 0.10406619783512921, 0.7387261053513541, -0.051759988803936154], [-0.6067760052195064, 0.5396486735822686, 0.06421122407240357, -0.19129604411295162, -0.40673764769570675, 0.7698147707356248, 0.17227368296777817, -0.147984028104059, 0.5828482437686178, 0.2386549866451775, 0.05302177396092718]], "inverted": true, "swapped": false, "error_lsq": 0.04009751761684626, "error_max": 0.19278699418424275, "target": "1092.xyz", "model": "19.xyz", "model_rescale": 3.9282355846067225, "target_rescale": 3.777731947298833},
{"mapping": [8, 2, 10, 12, 11, 1, 7, 6, 5, 4, 13], "R": [[-0.25950576752829096, -0.6851927412216837, 0.6805642247405215], [0.9621284177661406, -0.12252867673323159, 0.24350694262140904], [-0.0834605556318408, 0.7179816367812744, 0.6910403062763464]], "T": [0.04803928707890119, 0.032200274261920604, 0.039285597364251024], "aligned_model": [[0.3300062038759319, -0.16990882502452637, -0.7175890682674794, -0.18354793250069518, -0.5240577961983336, -0.2713826169753462, 0.309503115970644, 0.6814491708841902, 0.3872950570046047, 0.007153992647377011, -0.07107854065619736], [0.34631430252468065, -0.4898295304950975, -0.35459747192523366, -0.6476075323661867, 0.332308214925927, 0.14044421571190513, -0.5332182940526625, 0.14391612143885796, -0.022872156891411914, 0.6445645805050714, 0.0445209031773081], [-0.5935244959565682, 0.6382010452663558, 0.11950451050572408, -0.4157122609191028, -0.27055843207966856, 0.7084295973047301, 0.045309314321342414, 0.15398321130793036, 0.6472022875016179, -0.11140014873804063, 0.1462450020862532]], "inverted": true, "swapped": false, "error_lsq": 0.058366766688065994, "error_max": 0.30213649071824206, "target": "1092.xyz", "model": "20.xyz", "model_rescale": 4.067790424073018, "target_rescale": 3.777731947298833},
{"mapping": [9, 4, 5, 8, 13, 6, 0, 12, 3, 11, 14], "R": [[0.8205357514967281, -0.3629333050070346, -0.44158860564146196], [0.3331606476120986, -0.3240869020964705, 0.8854217428842596], [-0.4644621226735145, -0.8736401410227118, -0.14500979482583104]], "T": [-0.04109684562066582, -0.08495525904140597, 0.05273577813422389], "aligned_model": [[0.28966028214303374, -0.46325586362976046, -0.5971230429315721, -0.1905362144459513, -0.5154483823635282, -0.3387837867368768, 0.501641224029187, 0.5771475497984838, 0.5072604708729983, 0.036684503442921484, -0.02940397941876535], [0.09487592533092579, -0.6202862123812265, -0.25638773705187834, -0.6023701933825046, 0.3754267957146099, 0.08992180976696673, -0.5346558755140659, 0.3406346125346664, 0.20425482353547333, 0.5404003518846836, -0.027870947884492743], [-0.6271983120757336, 0.4742509363980216, -0.04682271846474975, -0.13466101343636402, -0.17783414255256352, 0.7072259603289126, 0.14027304344346253, -0.1010855326206895, 0.6353220792386716, 0.19734793391738636, 0.0008613964242197361]], "inverted": false, "swapped": false, "error_lsq": 0.04849761190196327, "error_max": 0.23880706906746363, "target": "1092.xyz", "model": "21.xyz", "model_rescale": 4.186013935880536, "target_rescale": 3.777731947298833},
{"mapping": [10, 5, 8, 11, 9, 2, 6, 7, 0, 1, 12], "R": [[-0.529622199742664, -0.8458259677910616, 0.06386515286175787], [-0.7180663313551339, 0.40699597175168684, -0.5645662253022928], [0.4515319139484172, -0.3448662221618901, -0.8229132515021647]], "T": [0.01211163586915041, -0.11564916994772811, 0.05977900196188872], "aligned_model": [[0.20707324492553536, -0.1710509865796998, -0.7524181634225202, -0.28945572374645695, -0.3167500157986953, -0.4744297942509682, 0.515572462199335, 0.5839654781225209, 0.30434955751656523, 0.14265936877773308, 0.028327333016820944], [0.1243746650769339, -0.5675569028530588, -0.10594470095228053, -0.5670705714698622, 0.2707653583059804, -0.0029948419247123603, -0.30735585783573593, 0.27800429806312943, 0.07923168271643616, 0.5604263741675237, -0.15793615074119638], [-0.7152551664797773, 0.6604200185374138, 0.004388208682046972, -0.2630860233569315, -0.29797033298521136, 0.6077622517235431, 0.19988107613330208, -0.17758963561252883, 0.6909738145375774, 0.30676560891465704, 0.05138981050648225]], "inverted": false, "swapped": false, "error_lsq": 0.050092460010855634, "error_max": 0.22103209313706762, "target": "1092.xyz", "model": "22.xyz", "model_rescale": 4.166573947596378, "target_rescale": 3.777731947298833},
{"mapping": [11, 13, 10, 14, 9, 7, 6, 2, 1, 4, 15], "R": [[0.3589044234142166, 0.25380607334904187, -0.8982038142787245], [-0.2589910386995257, -0.8974502397534206, -0.3570808158384718], [-0.8967225082081132, 0.36078462314470755, -0.2563653622767355]], "T": [-0.025901841614209317, 0.05005080748249153, 0.0401080954841894], "aligned_model": [[0.23729721809855026, -0.36588609826512336, -0.6738256953494492, -0.4089134136853771, -0.397048046704598, -0.43393650558667, 0.612223155216691, 0.6093017870515473, 0.4429192558451086, 0.14554473784685507, 0.010166366292635634], [0.0838160981216916, -0.6376192898792518, -0.27289418710109314, -0.5744990305678976, 0.18073948696861825, -0.0007127922945594847, -0.3294911513052812, 0.2720414921571247, 0.11664144742437363, 0.7247486379742193, 0.04117264105521384], [-0.7026432004021076, 0.39834500218108465, 0.2320519501353927, -0.25858472108670005, -0.4133454630896403, 0.6251896432916487, 0.20699734590484353, 0.03334605166336569, 0.5729040471545381, 0.2751451591261829, 0.0982738157219656]], "inverted": false, "swapped": false, "error_lsq": 0.05045901842904779, "error_max": 0.24630926471133818, "target": "1092.xyz", "model": "23.xyz", "model_rescale": 4.274766983524099, "target_rescale": 3.777731947298833},
{"mapping": [2, 7, 9, 4, 1, 8, 5, 3, 6, 0, 10], "R": [[-0.6808323801299762, -0.6773274790612108, -0.2787377912575497], [0.5163033579769701, -0.17388274471896964, -0.8385676082646543], [0.5195171919275212, -0.7148372382560824, 0.4680914548399282]], "T": [0.007418765695360825, 0.03650932863947833, 0.169696230524423], "aligned_model": [[0.17999136493904486, -0.19366508692284065, -0.759077481960154, 0.00675551729888995, -0.43358165344837557, -0.43237465387662966, 0.4557873306416502, 0.5215022518946657, 0.4242088727100609, 0.07159730471984285, -0.0633010052359845], [0.11531950247703163, -0.4782618777359873, -0.31903409947052724, -0.43767438632945904, 0.2376045429728291, 0.1314404578612973, -0.6454868862321576, 0.10485966810078981, 0.057406981805118364, 0.7727257984134795, 0.06504365069074282], [-0.7750149291745123, 0.47890225534406866, 0.0524877449140429, -0.3429732258218085, -0.2662656090797814, 0.7550003877881506, 0.17906327280452844, -0.04723851566579035, 0.6996625982342539, 0.17567677585390218, 0.15837887540351966]], "inverted": false, "swapped": false, "error_lsq": 0.04956066446929364, "error_max": 0.27448813850611775, "target": "1092.xyz", "model": "24.xyz", "model_rescale": 3.7841303162186577, "target_rescale": 3.777731947298833},
{"mapping": [10, 3, 6, 11, 7, 4, 12, 9, 2, 8, 15], "R": [[-0.8771183422347437, 0.40927170660104084, 0.25131670038269727], [-0.3333569575328251, -0.14210317900279112, -0.9320299487579564], [-0.3457405856705762, -0.9012787341844766, 0.26107487571000526]], "T": [0.001024808771184306, 0.0429509722075866, 0.034536957873211496], "aligned_model": [[0.2210829001056446, -0.2687030060991948, -0.6612895999501703, -0.33869378552020585, -0.4272147568122499, -0.31737171064098285, 0.5468621224756034, 0.5794744905705023, 0.400378983907041, 0.0991620173879148, -0.05584489466373216], [0.1605633521494681, -0.6076804773736503, -0.20199180708534964, -0.49608052805181313, 0.15453545723556425, 0.036212447532815835, -0.40062956643809, 0.12865453685544143, 0.23704220972029566, 0.5855857504432219, 0.007731977565253463], [-0.7023462552615697, 0.4255964294810733, 0.18740654646218857, -0.39378988880286186, -0.44187183431078225, 0.7092832743283516, 0.3182090205281204, 0.02069596227887932, 0.6441580387501495, 0.24754956166214725, 0.052788775484877946]], "inverted": false, "swapped": false, "error_lsq": 0.04438613583864642, "error_max": 0.23125311163413542, "target": "1092.xyz", "model": "25.xyz", "model_rescale": 4.19342608120988, "target_rescale": 3.777731947298833},
{"mapping": [2, 9, 5, 0, 4, 7, 1, 8, 10, 6, 11], "R": [[0.9168485298068794, -0.003576621396837454, -0.39921921443030306], [-0.3283798491851327, 0.5619541687139706, -0.7591931156920092], [0.227058248121741, 0.8271606373881523, 0.514052363009365]], "T": [-0.04881347113781658, -0.04885877554218537, 0.14897883099387815], "aligned_model": [[0.334037408516801, -0.11268671736642608, -0.6495133418874754, -0.2920422839388069, -0.3879849401339691, -0.4628207115592458, 0.32529360618062236, 0.6779500412758224, 0.3450470421457297, 0.07684447326129457, -0.07628181573417644], [-0.018346246813020106, -0.6823315125422458, -0.2831878515421111, -0.4503285147702028, 0.34766814639289356, -0.0350011473531045, -0.42958871083027844, 0.16429151603019168, 0.16984453338173106, 0.7604918937863676, 0.06043124681293674], [-0.5948084983437756, 0.5292208659214811, 0.15204987957092098, -0.38353957403458067, -0.4185234561701711, 0.9419902374688185, 0.050561990562031825, 0.033143318133213945, 0.5897492443964125, 0.07646994832200299, 0.09136567477421982]], "inverted": false, "swapped": false, "error_lsq": 0.046969647008913755, "error_max": 0.2590951710367131, "target": "1092.xyz", "model": "26.xyz", "model_rescale": 3.795458400668931, "target_rescale": 3.777731947298833},
{"mapping": [11, 6, 1, 8, 9, 0, 5, 10, 7, 3, 12], "R": [[-0.9177936897714986, 0.388534455752087, -0.08182737750318128], [0.2177367631345467, 0.3201577897974875, -0.922003086552143], [-0.33203229510893806, -0.8640254431007329, -0.378437033969026]], "T": [-0.1241007285699338, 0.049397520677002864, -0.04681265037538282], "aligned_model": [[0.17060692365287222, -0.20058649760063335, -0.6263756042325542, -0.10998142487457457, -0.3720197854134966, -0.40174334447755194, 0.3648638435359954, 0.5812667543853024, 0.40302955731529855, -0.000366115237095857, -0.030851546293392013], [0.014908279886040453, -0.6514209598369137, -0.2527622645269485, -0.6341883081620567, 0.3563710051009956, 0.26232568733031114, -0.4604762820430687, 0.14944855914939328, 0.1246704951518009, 0.663849392879056, 0.031217747624547813], [-0.6976063839994237, 0.3823613751455168, 0.03548306053855467, -0.2983335639784995, -0.21615759783411062, 0.7074083820617603, 0.21357709674472505, -0.05834227305884276, 0.5669264958795107, 0.34333501533418154, 0.08902802376720159]], "inverted": false, "swapped": false, "error_lsq": 0.04027007021564863, "error_max": 0.23103912520545075, "target": "1092.xyz", "model": "27.xyz", "model_rescale": 3.6321398670334006, "target_rescale": 3.777731947298833},
{"mapping": [5, 9, 13, 11, 1, 6, 8, 3, 7, 4, 14], "R": [[-0.24750450569659094, 0.535265694459014, 0.8076089127759772], [0.25874825757583536, -0.7667533550037103, 0.587485005589099], [0.9336974129027861, 0.3543725848959878, 0.051275844340006704]], "T": [0.06900905789323938, -0.18329908854419588, 0.10889288608538511], "aligned_model": [[0.19296481820286154, -0.3077398812087285, -0.7462964561644696, -0.29411508143474674, -0.13621735171845348, -0.4574939269552043, 0.4937459110850979, 0.5898300309030989, 0.549471138634536, -0.12216286167317078, 0.01585642108934883], [0.10261787528689123, -0.6428166078577294, -0.1977783046486902, -0.5789699518573573, 0.35500750461020436, 0.04549027682525464, -0.3496454346218884, 0.17630025106366323, 0.25841050522966247, 0.5916746831099972, -0.1563474445868499], [-0.7126031765031575, 0.41463141416077687, 0.0695914489342539, -0.24340139967729946, -0.23077655426905924, 0.6326843239500088, 0.3517037476254763, -0.1575539359803092, 0.5271466460705567, 0.3310104287883424, 0.08524668750098437]], "inverted": false, "swapped": false, "error_lsq": 0.05382806485792808, "error_max": 0.2602156605029724, "target": "1092.xyz", "model": "28.xyz", "model_rescale": 4.156811204709835, "target_rescale": 3.777731947298833},
{"mapping": [1, 3, 2, 4, 7, 6, 5, 8, 9, 10], "R": [[-0.32884338486654713, 0.5514410951998938, -0.7666646899096461], [-0.394678657951978, 0.6572714520694798, 0.6420459448136897], [0.857957332964022, 0.5137187526450824, 0.0015026623183848342]], "T": [0.019287449880125485, -0.10569661306339886, 0.04533702694013329], "aligned_model": [[-0.7353397646859143, 0.006156980954313773, 0.06586689333789764, 0.5248377111299507, -0.10175788276028513, -0.4803663221787585, -0.389558757339551, -0.4838419767148792, 0.2559913575572518, -0.019062865189437464], [-0.08116054045771268, -0.5951014439391387, 0.008032060163012472, 0.07455821856513345, -0.29800967744152174, -0.4203444805462867, 0.5687278072495858, 0.24129114830895462, 0.4591313765842314, -0.038404137860053755], [-0.5540295796187039, -0.4459600988426672, -0.6489627054787225, -0.13085363749479284, 0.674944501411968, 0.15918643491914947, -0.2581037506916675, 0.4858236124897204, 0.4466030640912177, 0.03013888618959811]], "inverted": false, "swapped": true, "error_lsq": 0.05192044886389173, "error_max": 0.24451765285284555, "target": "1092.xyz", "model": "29.xyz", "model_rescale": 4.117894457231895, "target_rescale": 3.777731947298833},
{"mapping": [2, 10, 12, 11, 3, 7, 9, 5, 8, 1, 14], "R": [[-0.8613698865909079, -0.4703812188273122, 0.19179006087099282], [0.1883081222309675, -0.6463332538725841, -0.7394547829585829], [0.4717859361789135, -0.6008284563109592, 0.6453086056382451]], "T": [-0.08434452838697266, -0.03227060956872485, 0.14253751249688695], "aligned_model": [[0.23321135587281344, -0.17184421148851914, -0.7775742244713297, -0.22746754482190112, -0.28712857395294766, -0.3053317056123282, 0.30937046123907624, 0.7290612527593948, 0.3733563351654084, 0.00030144190731518083, -0.09811182583681212], [0.101213419246661, -0.5790449789802421, -0.22440477563647743, -0.5981202260171317, 0.21910965375198466, 0.012710454060664567, -0.49151465253627835, 0.08798254962769979, 0.3320385814895972, 0.8036571807370374, -0.059683853190357336], [-0.6236877334107104, 0.598281474722301, -0.12259448021171099, -0.2873853224870422, -0.2995516132894454, 0.7558441505425214, -0.012082759631117518, 0.001604959724641447, 0.5420101892483531, 0.32770829033785914, 0.18753247505492468]], "inverted": false, "swapped": false, "error_lsq": 0.046377232662008376, "error_max": 0.21872877402393298, "target": "1092.xyz", "model": "30.xyz", "model_rescale": 4.100398675895297, "target_rescale": 3.777731947298833},
