[{"mapping": [9, 2, 13, 6, 11, 4, 5, 12, 3, 10, 7, 1, 8, 14], "R": [[-0.4790054293863368, 0.8759591680958262, -0.0570029336725672], [-0.8142947370464105, -0.4676597721405353, -0.34382905453143353], [-0.32783819154718385, -0.11827879501555041, 0.937300510408877]], "T": [0.017734498521658294, 0.06131532023082304, 0.09153686456172153], "aligned_model": [[0.23132938438724523, 0.254369419079615, -0.47833265656840745, -0.3781035289722301, -0.5645939018443694, -0.1579302058583537, -0.7200406596196093, 0.05621771079567204, -0.33333814752697055, 0.04694312930546322, 0.5559891617235968, 0.23695515668918393, 0.6370616668773644, -0.015034427339896211], [-0.6468595344317101, -0.23551442564133468, -0.40675104028463677, -0.36410815098380306, 0.22921297458278825, 0.16894328088155122, 0.23318412347784534, 0.6858081902935889, 0.6181749094432764, -0.03176464337148354, 0.3504645289985559, 0.7528866911571903, -0.2258322013004077, 0.10742862898861438], [0.2975503937940308, -0.457844888898408, 0.4986623748423309, -0.30003916026187616, 0.5921308994915574, -0.6221409050443792, -0.21188323481662938, 0.5107903630677358, 0.19304886795114953, 0.8016443792266352, 0.5583927017192598, 0.007492281060327927, -0.026457402541969904, 0.05624141759006844]], "inverted": false, "swapped": true, "error_lsq": 0.048714978867812044, "error_max": 0.3183831608200536, "target": "1093.xyz", "model": "0.xyz", "model_rescale": 3.8414455957264533, "target_rescale": 4.2889678948967465},
{"mapping": [10, 1, 10, 4, 5, 2, 6, 11, 12, 8, 13, 7, 0, 9, 14], "R": [[0.8752802846569256, -0.29645205261513335, 0.3821002535868905], [0.4642385422672098, 0.7364495733949474, -0.4920615832596733], [-0.13552490237778425, 0.6080774673893734, 0.7822242609947725]], "T": [-0.029090547406890557, -0.1265812008196562, 0.012742426780682527], "aligned_model": [[0.1367456920784762, -0.8087470344182521, 0.1367456920784762, -0.2414017765090874, 0.1913031424016448, 0.3640546390295669, 0.6981092730601272, -0.6738033617806283, -0.1719211276184784, 0.37137858708560884, -0.15445329142108638, 0.00409901790573837, -0.584913665625002, 0.40353818449907336, -0.08878626071999163], [0.3725836185384749, -0.0061731776319709775, 0.3725836185384749, -0.5851303518988359, -0.1653100050779047, -0.6795962827169086, -0.10754287784508254, 0.3879552494501498, 0.621035137623822, 0.47623574309800254, 0.12599223927527772, -0.6556577456661884, -0.45568218934122817, -0.27732956571366163, -0.08736174322089493], [-0.42510928921333585, -0.3424132593372206, -0.42510928921333585, -0.18843871768834813, -0.6071361792348817, -0.2774573478478462, -0.2715903661832951, 0.2268989827298659, 0.0671370930252759, 0.32982065363515173, 0.7165448425275823, 0.37596613826265063, 0.34178736309726926, 0.518328216538131, -0.04168417540140742]], "inverted": false, "swapped": false, "error_lsq": 0.04732056719059886, "error_max": 0.47234396864470374, "target": "1093.xyz", "model": "1.xyz", "model_rescale": 4.316132596720782, "target_rescale": 4.2889678948967465},
{"mapping": [9, 10, 13, 4, 6, 2, 5, 0, 11, 7, 3, 14], "R": [[0.6265195805463866, 0.3961972063788899, -0.6711937044173933], [0.5135863125758634, 0.4378954796478097, 0.7378866094724462], [0.5862613024298188, -0.8070163087333352, 0.07086862995511223]], "T": [-0.027538501896128886, 0.018470485533489425, 0.06197638330541957], "aligned_model": [[-0.19323973764382363, 0.5525869629921212, 0.1560557054861635, -0.5915715172158869, -0.5366198535716449, -0.669840523817572, -0.1522362682450753, -0.29724605969529927, 0.5413064840764219, 0.4724332584302217, 0.35060681116226083, -0.034426707326106365], [-0.7199146044768362, -0.4007060688471541, -0.5364486389806025, 0.466072000928636, -0.13208450742744876, -0.005352804853210467, 0.3826593859146877, 0.40180474883833384, -0.014724380117758371, 0.00046065920130574853, 0.4923426137354689, 0.07866802382555861], [0.19200151008141994, 0.10090153411842731, -0.47586918336847994, -0.12049954977607011, -0.3953790895578298, 0.24309749794339866, -0.6575593962868266, 0.5759035572722153, -0.4795066347527339, 0.6459143980889743, -0.213887025030812, 0.03414084247773816]], "inverted": true, "swapped": true, "error_lsq": 0.0490151037015922, "error_max": 0.2907671238064417, "target": "1093.xyz", "model": "2.xyz", "model_rescale": 3.795458400668931, "target_rescale": 4.2889678948967465},
{"mapping": [7, 0, 8, 6, 10, 13, 2, 3, 4, 5, 9, 14], "R": [[0.09664777452312623, 0.9901803281124337, 0.1010055716229564], [-0.44551172009397627, 0.13378396580634033, -0.8852237896441975], [-0.8900441084230788, 0.04055574327122108, 0.454066863742649]], "T": [0.08843131075870114, -0.0002832960479482692, -0.019742457810930487], "aligned_model": [[-0.15844640955968362, -0.17949029043662734, -0.5884356562450141, 0.14470932755875415, 0.04939497579169429, 0.24507658537046853, -0.30535730194542415, 0.701184725221875, 0.2550676361343143, 0.7726008290471775, -0.4828221854357492, 0.13982159024177965], [-0.05363928445326463, -0.6371498342886127, -0.14521181422400983, 0.1338503443769992, 0.5415730263531792, 0.7565065758735462, -0.2952831366481296, -0.13216492297450258, -0.49762496678094054, -0.035299534159366014, 0.49057708405314626, -0.0403644918383354], [-0.7460235671545464, -0.09991410105990847, -0.047837319491414974, 0.6657103913469156, -0.48732945137076117, 0.16370036441288488, 0.4317328097811656, -0.24510834093548486, 0.5062436852827054, 0.42365438421677626, 0.12959442512028208, -0.005651849509513609]], "inverted": true, "swapped": true, "error_lsq": 0.05223981031051315, "error_max": 0.2910063811958945, "target": "1093.xyz", "model": "3.xyz", "model_rescale": 3.7530521520055578, "target_rescale": 4.2889678948967465},
{"mapping": [7, 1, 0, 4, 8, 5, 9, 11, 13, 6, 14], "R": [[-0.4333006530447457, -0.5009115499915542, 0.7492250417304908], [-0.42493813393120705, 0.8466614958905664, 0.32029969357995325], [-0.7947818105631635, -0.17958822472925978, -0.5797153983952232]], "T": [-0.09450257373518803, -0.08899055724123625, -4.896242115928415e-05], "aligned_model": [[-0.46415441599800744, -0.18637507497929506, 0.31489302497372784, 0.46675792900516166, 0.27637585818421373, -0.07907672879643152, 0.01119798616759729, -0.7616522905880899, -0.4440283611531666, 0.2910432308606462, -0.08678155523115133], [-0.7000803520087358, -0.15298127810369988, -0.3681321287474191, 0.3332767816581571, -0.6689770539464897, 0.725360397802841, -0.47024176610840274, 0.3077653828836897, 0.1577411661102162, 0.3427288976386951, -0.039256688864506076], [-0.2850165014855642, -0.7217530439025895, -0.48819206757966155, -0.24182317045660104, 0.07745806971745228, -0.050142789719830244, 0.6580170537539252, 0.12399278577581568, 0.6691857512245473, 0.39489078225381113, -0.04378609233598825]], "inverted": true, "swapped": true, "error_lsq": 0.04892014182530186, "error_max": 0.27137976314051077, "target": "1093.xyz", "model": "4.xyz", "model_rescale": 3.7855080009869324, "target_rescale": 4.2889678948967465},
{"mapping": [14, 12, 9, 13, 15, 8, 10, 1, 2, 5, 4, 6, 11, 7, 16], "R": [[0.20012658737577865, 0.7950177970625993, -0.572622084257197], [0.1314148607999261, -0.6009453242056384, -0.7884128687916732], [-0.9709168261938099, 0.08253132538080196, -0.2247422900671508]], "T": [-0.018698710430995136, -0.0009640570731379097, 0.014324728504580875], "aligned_model": [[-0.25685220340845183, -0.6669000105174934, 0.2964180599457514, -0.33403439080637626, 0.289696544746461, 0.3151668294685077, 0.6993632016850447, -0.5842159338568604, -0.22320553688015177, 0.506164975474184, -0.08334632618605642, -0.12572201442517028, -0.6840843322144916, 0.46102057579472555, -0.027521728773437247], [0.21299887807512313, -0.009071974014208735, 0.42367243678071925, -0.5761098752521132, -0.2477136931706745, -0.5774621483301949, -0.018056898976027587, 0.2943124237714012, 0.6819376094868478, 0.36931719178066896, -0.031410558122270775, -0.5296675579485777, -0.39876077919708136, -0.28503108559237805, 0.02764769812029207], [-0.5816619950876873, -0.19264048417427246, -0.4624344228117565, -0.2933087147177562, -0.7090873880345471, -0.2125973418372078, -0.10839120036459242, 0.42188577774522434, -0.1796029882457073, 0.5067809728396464, 0.750459553259122, 0.3818783825895139, 0.19168303953503574, 0.5148692336259963, -0.030287758624756796]], "inverted": false, "swapped": false, "error_lsq": 0.038573589445636706, "error_max": 0.23924286194103145, "target": "1093.xyz", "model": "5.xyz", "model_rescale": 4.2253639853439635, "target_rescale": 4.2889678948967465},
{"mapping": [9, 10, 1, 0, 7, 3, 4, 2, 11, 13, 12, 5, 6, 14], "R": [[0.8559232948380416, 0.5124701481514176, -0.06906272950916115], [0.4634800854275231, -0.7010672999770907, 0.5419325154619608], [0.22930661518082562, -0.49586186398683324, -0.8375795413438754]], "T": [0.10058970451322313, -0.0961370041179474, -0.005152612404602547], "aligned_model": [[0.672595884400252, -0.10145604458263902, -0.4872275760830973, 0.034661051755116495, -0.32982931351105915, -0.4640133098719573, 0.2845287656516393, 0.604724015050568, -0.28085059323569017, 0.34135419390269894, -0.6380509773436187, 0.03525415990923618, 0.6309544046169449, 0.0714174920993898], [-0.023855479091753312, 0.21218110564999476, -0.48622078222793386, -0.7678418751239438, -0.42609618564958274, 0.1214497919391346, -0.2824752689895672, -0.4724242326848676, 0.588867333471885, 0.6230637300998321, -0.09278564225912701, 0.3697993743857631, 0.1755327876575849, -0.0940955105424286], [-0.5122623496232056, -0.6198778881021839, 0.1837855805477143, 0.16299744947845743, -0.5502637272460543, 0.27328717293931193, 0.6899893140685764, 0.21885813120692446, -0.061390791192844824, -0.24116677697151698, -0.15227334471463788, 0.6615927542870997, 0.36351182337369925, 0.05477086088010896]], "inverted": false, "swapped": true, "error_lsq": 0.041892659581047195, "error_max": 0.25715375093700277, "target": "1093.xyz", "model": "6.xyz", "model_rescale": 3.89814844738969, "target_rescale": 4.2889678948967465},
{"mapping": [3, 11, 5, 7, 4, 13, 10, 1, 8, 9, 6, 2, 14], "R": [[-0.03709584824264692, 0.5125072955035092, 0.8578812097830546], [-0.9766582997420469, 0.1631595425531597, -0.1397051510103252], [-0.21157141486536554, -0.8430392848079635, 0.4944919622019602]], "T": [-0.0738564365410444, 0.01853848361017721, 0.018271274343167988], "aligned_model": [[0.2770170120218032, -0.12413073105389055, 0.5503599273302802, -0.5056560193000592, 0.5931082886419061, -0.4103463278364233, -0.6695950474443031, 0.24691349094134318, -0.3883001735925818, -0.6759973552350058, 0.17281527520391118, 0.0926772265288407, -0.01023376530159796], [-0.20862275842663058, 0.16497787958373913, 0.3947439544439657, -0.615606059459857, 0.16595489024897417, 0.6152880990154577, -0.048816042004966156, -0.6332612426815446, -0.12434517070016518, 0.3945587563697779, 0.6563003161270339, 0.1931673404977517, 0.009441302456948549], [-0.5003180477060746, -0.7523897241738301, -0.34879575086707115, -0.03358949022256537, 0.3101690021932259, -0.3837043106072867, -0.37457549155705766, -0.056934579799190047, 0.6188142663215519, 0.3108649222222227, 0.1712992740581199, 0.6409233409932289, 0.0005116199810222266]], "inverted": true, "swapped": true, "error_lsq": 0.04851764099378037, "error_max": 0.24651685749121235, "target": "1093.xyz", "model": "7.xyz", "model_rescale": 3.7474275329858107, "target_rescale": 4.2889678948967465},
{"mapping": [8, 5, 2, 6, 3, 0, 1, 9, 4, 13, 11, 10, 7, 12, 14], "R": [[-0.342756890813936, -0.5743722841889936, 0.7433802478914018], [-0.9386366311029978, 0.2417833434781782, -0.24597172513955445], [-0.03845762019650689, -0.7820724352462705, -0.6219997728912687]], "T": [0.02511178467967087, -0.051367528601514, 0.04488867391812586], "aligned_model": [[-0.2780455056297804, -0.5999977179354476, 0.4309292234745746, -0.3202367430393788, -0.11661366162573442, 0.2776657640263049, 0.7248244755844148, -0.6598480510680014, 0.12328262031850273, 0.4024709553034434, -0.24588711487493073, -0.047285898302376755, -0.5475519629160253, 0.3734177520227999, 0.06482357470782052], [0.4279973051145989, -0.13339725127037982, 0.37866886050769116, -0.715388006836323, -0.21405281746044247, -0.5850667644007155, -0.13638313232509397, 0.20813551105835432, 0.7149589102609535, 0.5938909222213791, -0.036749430888494306, -0.7033308052217979, -0.3732401381993349, -0.08216360652443222, -0.0072778886244371024], [-0.33394549743535584, -0.2950093966280833, -0.5542527169586079, -0.281836435745709, -0.6389109543671146, -0.24767730300073942, -0.21583400894665733, 0.25424157193534763, -0.07893427216162181, 0.5442416719869744, 0.6041970533022673, 0.4256324475056086, 0.22469937244398924, 0.5531968220891821, 0.03773631167677552]], "inverted": true, "swapped": false, "error_lsq": 0.0442167563837098, "error_max": 0.3641494883765947, "target": "1093.xyz", "model": "8.xyz", "model_rescale": 4.019505241142653, "target_rescale": 4.2889678948967465},
{"mapping": [5, 1, 11, 13, 6, 9, 10, 4, 2, 0, 12, 8, 14], "R": [[-0.5973709726768958, -0.5731638038617518, -0.5609199363062315], [0.7812812045759671, -0.2581027338552617, -0.568315632507822], [0.18096298068772307, -0.7777314656866903, 0.6019851882741364]], "T": [0.025615155281872967, -0.021733062137731192, 0.032191851637552], "aligned_model": [[-0.3524486000761547, -0.6112434419466547, -0.10934683152250185, 0.48449688718152106, 0.2531838602797562, 0.7897894438461458, 0.30529749314312377, -0.2957255420561052, 0.20634156152970037, -0.248912819136887, -0.44902112747665046, 0.3806391806265984, -0.03334929265071519], [-0.6158047068763669, 0.2604008014725757, 0.08088150859182547, -0.14456709831688686, -0.6796406312778845, 0.029114978858604583, 0.5035280412442537, -0.6282216046312585, -0.39894168493992255, 0.04243141518944065, 0.5179288087698453, 0.14861583239586026, -0.05234743236602748], [-0.38019328874558805, 0.2517453991122713, -0.7353665422380459, -0.6044079260967037, -0.047650318052942515, 0.08722009615895449, -0.36736824306968613, 0.31625105174751, 0.5527453221526818, 0.6680580131918694, -0.19304416362953408, 0.6021757840545757, 0.026538309458516606]], "inverted": true, "swapped": true, "error_lsq": 0.0605976661061748, "error_max": 0.40824948651717297, "target": "1093.xyz", "model": "9.xyz", "model_rescale": 3.877068213659057, "target_rescale": 4.2889678948967465},
{"mapping": [12, 5, 10, 1, 11, 8, 9, 3, 6, 13, 4, 7, 5, 2, 15], "R": [[0.5821575703194224, -0.6536532226862184, -0.4835597458346885], [-0.686030537590149, -0.07566834869966282, -0.7236272538391834], [0.4364111190306207, 0.7530018363038619, -0.4924769737860381]], "T": [0.05587026057810067, 0.027105371537996505, 0.004876256511436076], "aligned_model": [[-0.4035675129734682, -0.705732649217359, 0.4625714763734939, -0.47271137040881334, 0.18256226238077622, 0.35288144417521145, 0.6893214996015806, -0.4448852204859762, -0.05585008878646679, 0.30017111548455583, -0.2017273689031377, 0.07404342127932136, -0.705732649217359, 0.4980645028376548, 0.012538847906171116], [0.27822457257543176, -0.13804815823582856, 0.40082714512389084, -0.6603759942925624, -0.07299640410271963, -0.6358840442309523, -0.12936461238826913, 0.30563781778503785, 0.6256603703627138, 0.5352151585619923, -0.1772852362538452, -0.6915581090265023, -0.13804815823582856, -0.15402451333208295, -0.01137816689894973], [-0.5280883715998747, -0.055793024322156416, -0.44024949704393945, 0.034497890875494534, -0.7152515428801101, -0.255032048866998, -0.09463241551962605, 0.27768565389383804, -0.09287369000849639, 0.5338186282175382, 0.5964492617078356, 0.39150153678919614, -0.055793024322156416, 0.4653234031731954, -0.06401809439748572]], "inverted": true, "swapped": false, "error_lsq": 0.04303885714965146, "error_max": 0.29038056039559673, "target": "1093.xyz", "model": "10.xyz", "model_rescale": 4.260839863003843, "target_rescale": 4.2889678948967465},
{"mapping": [1, 4, 6, 5, 13, 11, 12, 0, 2, 9, 10, 14], "R": [[-0.6858498500603741, 0.5839460910644204, -0.4343005248704473], [-0.5771549957891308, -0.07294243137068401, 0.8133704645125626], [0.44328556710974815, 0.8085087287322981, 0.3870549593479876]], "T": [0.07381160614642134, 0.048110456688618755, 0.015700553729448695], "aligned_model": [[0.585152768136288, 0.14802639054666006, -0.3550482575287126, -0.41325112125035973, -0.6609700008628692, -0.48258919277521606, 0.27321731082340417, 0.7234394446485819, 0.2874687843695249, -0.10110033035396383, -0.11983618719746235, 0.07438904053825518], [0.15905114228391443, -0.6422137777767675, -0.4891510722440085, -0.3272849614231787, 0.25154457209280906, 0.4696845212605529, 0.5972318146625019, -0.19462964773209596, -0.5067006645542229, 0.12249424785910036, 0.7139302472601556, 0.019122083844173507], [-0.4938232733903436, -0.24834952143602992, 0.1514721411280144, -0.5207349091625774, 0.23847952943664036, -0.3456633003798757, -0.45964026879149195, -0.03786601651533334, 0.3197721318750041, 0.7596419763910559, 0.19723359407299507, -0.04434400583255312]], "inverted": false, "swapped": true, "error_lsq": 0.055002973543309956, "error_max": 0.35873441638033277, "target": "1093.xyz", "model": "11.xyz", "model_rescale": 3.890672605050136, "target_rescale": 4.2889678948967465},
{"mapping": [3, 11, 5, 1, 4, 8, 10, 0, 7, 9, 6, 13, 2, 14], "R": [[0.26183078809646704, 0.5993094494539548, 0.7564871593093836], [-0.9190737415467343, 0.3940409109512994, 0.005934483630218368], [-0.29453029726001057, -0.6968213144643811, 0.6539816203105882]], "T": [0.06616441390431406, -0.031099282815519456, 0.10094210458804471], "aligned_model": [[0.5548686972985709, 0.12375448633621879, 0.6262357921754604, 0.5556042228089795, 0.6040703078786865, -0.30579988712222456, -0.40660502109396457, 0.31882893601387485, -0.16564746312787082, -0.6574234045938023, 0.10294132385295389, -0.334617394630185, 0.06157599345279614, 0.13208924554419965], [-0.09490294175149891, 0.20140939129426325, 0.5304686539860849, -0.5700464351856309, 0.2320578316844438, -0.3252032027312502, -0.18652652277656498, -0.47007345638023224, -0.7376953314450723, 0.1456472147412421, 0.6206945858572619, 0.515477228511061, 0.09295222640600587, -0.02210672238234818], [-0.3471053351235002, -0.6477323747673569, -0.09109000159358423, 0.042831946441523175, 0.5404684489911702, 0.6060044083748183, -0.4149078159601243, 0.5776713553261157, -0.09467230644964504, 0.2873752529108136, 0.35553367699845256, -0.31324140611761725, 0.7570781149963661, 0.09657647132942956]], "inverted": true, "swapped": true, "error_lsq": 0.05020177633178221, "error_max": 0.38440209810555975, "target": "1093.xyz", "model": "12.xyz", "model_rescale": 4.124412569039231, "target_rescale": 4.2889678948967465},
{"mapping": [10, 9, 6, 7, 13, 11, 8, 3, 2, 1, 5, 4, 14], "R": [[0.6962698809266815, -0.6743739662179797, -0.24582108656861845], [0.47940862956959474, 0.6918047939175224, -0.5399754559301169], [0.5342055960101394, 0.258119896172623, 0.8049835404474345]], "T": [0.0436456396363334, 0.1335356674587061, -0.03321063248583249], "aligned_model": [[-0.2364553200662159, -0.11051929058828651, 0.6233958759318322, -0.6714929465783313, 0.419117318814082, 0.3559677279141673, -0.42740069635658295, 0.23170326527611929, 0.08601049351019796, -0.2395915560667568, 0.8014436935654117, 0.45597735562842595, 0.0791423865256945], [-0.334513774293054, 0.44108717552427407, 0.48887523995519483, -0.14792644505369829, -0.12452865065336155, -0.5652411240862942, 0.6252893591424367, -0.3791968215647014, 0.7960297892157417, -0.07991201656407437, -0.03154464271648966, 0.5369331874049927, 0.12213410019751066], [0.4318085913852122, 0.65324491483418, 0.1359877978276049, -0.05842177693922225, 0.6174380800921468, 0.14583205736474647, 0.09421049495163016, -0.41450974849866956, -0.10553664779531201, -0.6716532119116271, -0.28699287548259467, -0.5012179208872974, -0.08849167397295805]], "inverted": false, "swapped": true, "error_lsq": 0.040487149525113245, "error_max": 0.2408390247319799, "target": "1093.xyz", "model": "13.xyz", "model_rescale": 3.9028299243045295, "target_rescale": 4.2889678948967465},
{"mapping": [6, 1, 7, 11, 9, 14, 10, 2, 3, 4, 8, 12, 1, 13, 15], "R": [[0.22175936249118894, -0.34968476210176014, 0.9102435675693278], [-0.4898285373490374, -0.8471084695783664, -0.20609523227649168], [0.8431433977361172, -0.4001597280117452, -0.35913980972813647]], "T": [-0.029279074095257065, 0.04692975555571032, 0.12276501133659937], "aligned_model": [[-0.37444000440996505, -0.5831572471131146, 0.4598561285688104, -0.22827703092169613, 0.07612007424826792, 0.3991456863206711, 0.6893070026012624, -0.6785900817407198, -0.12167252706397653, 0.4414066796835769, -0.20297843087249093, -0.16480188272238103, -0.5831572471131146, 0.4504595454351238, 0.0027270451459304075], [0.23483246706303215, -0.19162790524260803, 0.3688574401036534, -0.5766097516456377, -0.12148643723789693, -0.6333137041352822, -0.0075721743379890336, 0.25882891560603033, 0.6412000557476936, 0.5148993180154274, 0.055844840093184224, -0.5494571739929625, -0.19162790524260803, -0.5131604064294376, 0.0469940890469267], [-0.4157187539170233, -0.11911919168551025, -0.5684204017571322, -0.2199520505029439, -0.6264829195894916, -0.24706158721079638, -0.06701431331374408, 0.39779906536661835, -0.04153868733265831, 0.2599607972909086, 0.8752649876027044, 0.45472357436248134, -0.11911919168551025, 0.420760345484249, 0.013462992584102523]], "inverted": false, "swapped": false, "error_lsq": 0.04911311904027454, "error_max": 0.327496578621663, "target": "1093.xyz", "model": "14.xyz", "model_rescale": 3.942246331269136, "target_rescale": 4.2889678948967465},
{"mapping": [9, 10, 2, 4, 5, 3, 1, 6, 7, 0, 8, 13, 11, 12, 14], "R": [[0.5099648507361154, 0.6435968013168193, 0.5707179761917881], [0.45113970440185847, -0.7650160867432323, 0.45959041997878425], [0.7323993569944579, 0.023098579151760834, -0.6804833851867909]], "T": [-0.08100320799402214, -0.09817790866965219, -0.02329971338285158], "aligned_model": [[-0.4390944722357847, -0.6547123505973561, 0.31891057088203656, -0.29347849873390197, 0.299334507191945, 0.3248016392989087, 0.7133007244664975, -0.5047690682692283, -0.16470388653527387, 0.38231592792031144, -0.1686460960818749, -0.09433589453128191, -0.6410272709617195, 0.4999273713341863, 0.004124506898720515], [0.39748142760485317, -0.28125452988429817, 0.49910745813439367, -0.6352887835889234, 0.011690044686723203, -0.6054437704128459, -0.2195157325310364, 0.2393903429467984, 0.7504223717180976, 0.4109258362203671, 0.28739516339485016, -0.690700401834443, -0.25716765209287573, -0.5146220470221035, -0.05581805992803142], [-0.5469931112503582, -0.4058455099891381, -0.28014028398320195, -0.1234502789881606, -0.5193358143084935, -0.3307923180486268, -0.128179793278686, 0.11547910526123434, 0.03875887721189014, 0.23528535599048056, 0.6419018023656872, 0.5331795594286304, 0.3952768447757727, 0.37314725633192, -0.0007470258226949071]], "inverted": true, "swapped": false, "error_lsq": 0.05003626174107736, "error_max": 0.3196878977765842, "target": "1093.xyz", "model": "15.xyz", "model_rescale": 4.355366556412066, "target_rescale": 4.2889678948967465},
{"mapping": [9, 10, 13, 4, 6, 2, 5, 0, 11, 7, 3, 14], "R": [[0.6265195805463866, 0.3961972063788899, -0.6711937044173933], [0.5135863125758634, 0.4378954796478097, 0.7378866094724462], [0.5862613024298188, -0.8070163087333352, 0.07086862995511223]], "T": [-0.027538501896128886, 0.018470485533489425, 0.06197638330541957], "aligned_model": [[-0.19323973764382363, 0.5525869629921212, 0.1560557054861635, -0.5915715172158869, -0.5366198535716449, -0.669840523817572, -0.1522362682450753, -0.29724605969529927, 0.5413064840764219, 0.4724332584302217, 0.35060681116226083, -0.034426707326106365], [-0.7199146044768362, -0.4007060688471541, -0.5364486389806025, 0.466072000928636, -0.13208450742744876, -0.005352804853210467, 0.3826593859146877, 0.40180474883833384, -0.014724380117758371, 0.00046065920130574853, 0.4923426137354689, 0.07866802382555861], [0.19200151008141994, 0.10090153411842731, -0.47586918336847994, -0.12049954977607011, -0.3953790895578298, 0.24309749794339866, -0.6575593962868266, 0.5759035572722153, -0.4795066347527339, 0.6459143980889743, -0.213887025030812, 0.03414084247773816]], "inverted": true, "swapped": true, "error_lsq": 0.0490151037015922, "error_max": 0.2907671238064417, "target": "1093.xyz", "model": "16.xyz", "model_rescale": 3.795458400668931, "target_rescale": 4.2889678948967465},
{"mapping": [3, 11, 5, 7, 4, 13, 10, 1, 8, 9, 6, 2, 14], "R": [[-0.03709584824264692, 0.5125072955035092, 0.8578812097830546], [-0.9766582997420469, 0.1631595425531597, -0.1397051510103252], [-0.21157141486536554, -0.8430392848079635, 0.4944919622019602]], "T": [-0.0738564365410444, 0.01853848361017721, 0.018271274343167988], "aligned_model": [[0.2770170120218032, -0.12413073105389055, 0.5503599273302802, -0.5056560193000592, 0.5931082886419061, -0.4103463278364233, -0.6695950474443031, 0.24691349094134318, -0.3883001735925818, -0.6759973552350058, 0.17281527520391118, 0.0926772265288407, -0.01023376530159796], [-0.20862275842663058, 0.16497787958373913, 0.3947439544439657, -0.615606059459857, 0.16595489024897417, 0.6152880990154577, -0.048816042004966156, -0.6332612426815446, -0.12434517070016518, 0.3945587563697779, 0.6563003161270339, 0.1931673404977517, 0.009441302456948549], [-0.5003180477060746, -0.7523897241738301, -0.34879575086707115, -0.03358949022256537, 0.3101690021932259, -0.3837043106072867, -0.37457549155705766, -0.056934579799190047, 0.6188142663215519, 0.3108649222222227, 0.1712992740581199, 0.6409233409932289, 0.0005116199810222266]], "inverted": true, "swapped": true, "error_lsq": 0.04851764099378037, "error_max": 0.24651685749121235, "target": "1093.xyz", "model": "17.xyz", "model_rescale": 3.7474275329858107, "target_rescale": 4.2889678948967465},
{"mapping": [0, 4, 2, 3, 7, 10, 8, 6, 12, 9, 11, 5, 13, 14], "R": [[-0.1187394892514319, -0.9034843368419753, 0.41184582888931337], [-0.9347080027633864, 0.24164824240107474, 0.26062823430041704], [-0.3349953481205235, -0.35400872874222733, -0.873187228898775]], "T": [0.0723265497279683, -0.06381762110934577, 0.011208260952723374], "aligned_model": [[0.5588893415484162, 0.2780725393373124, 0.6559532761903609, -0.45805168195282825, 0.12286635239134054, -0.24803005763557118, 0.7129658704109375, 0.14116405667336052, -0.35728063785709524, 0.39208610081163875, -0.6987092805621646, -0.39045406435564434, -0.34346924433057785, 0.048845077213390944], [-0.32660596273595366, 0.3619340200108667, 0.23629456099697668, -0.20154789053391967, -0.8160034869636781, -0.4014323407617997, -0.24102025082989173, 0.6333776234417754, -0.6563138005300797, 0.08646346458631379, -0.043630477760098804, 0.4741508551210728, 0.3047639273961743, -0.05002199992652472], [-0.41070097267458966, -0.561663411371723, -0.11222924148109925, -0.3674454013522503, 0.16267400504497753, 0.5563299458200293, 0.2064593210506132, 0.024804058099297813, -0.16664488111335204, 0.6929306377630261, 0.16282159700626847, -0.39170469244716516, 0.5788185331211212, -0.04965477880349875]], "inverted": true, "swapped": true, "error_lsq": 0.03837297973559871, "error_max": 0.21908372934539525, "target": "1093.xyz", "model": "18.xyz", "model_rescale": 3.922800546911778, "target_rescale": 4.2889678948967465},
{"mapping": [4, 11, 8, 7, 13, 12, 5, 10, 6, 1, 2, 3, 9, 0, 14], "R": [[0.9785546286150393, -0.14879223776132508, 0.14244896910142793], [0.07635090122881602, 0.9042809375281509, 0.4200553843301568], [-0.19131486794713534, -0.40017103344093446, 0.8962487184354488]], "T": [0.03597001103183885, 0.0030081477052753686, -0.03671367606326178], "aligned_model": [[-0.37987237036237964, -0.6082249632597606, 0.40772092641510815, -0.31574611045146933, -0.12037294819226056, 0.3989082578796936, 0.7797661971430593, -0.6493107911444541, -0.010524912940533523, 0.3520510732831642, -0.2645360256573818, 0.11444405857399863, -0.5710640766479548, 0.4598279198390751, -0.011118524431719526], [0.43453764555275415, -0.11775532492532882, 0.2994143473363211, -0.6983479072540726, -0.14219070384418214, -0.6165491663658652, -0.15295163453163518, 0.38247693666173455, 0.6907817295682339, 0.475570266564426, 0.038796616458625435, -0.5622189522435022, -0.31388431627821667, -0.29995839621195963, -0.0811194730758074], [-0.44257639351345207, -0.3154117771411978, -0.42185686470042394, -0.18706816757999015, -0.6896209584778137, -0.3577099503757104, 0.0338377238996943, 0.15562536739864294, -0.060661411849988266, 0.4373757984468451, 0.6125507309431697, 0.2522662418046596, 0.4035498456827662, 0.6167374560692647, -0.039492974910211615]], "inverted": true, "swapped": false, "error_lsq": 0.045038586056653236, "error_max": 0.3516177593717157, "target": "1093.xyz", "model": "19.xyz", "model_rescale": 3.9282355846067225, "target_rescale": 4.2889678948967465},
{"mapping": [2, 6, 13, 4, 0, 5, 3, 11, 1, 7, 9, 8, 10, 14], "R": [[-0.07766935340430575, 0.5669289004849846, -0.8200970023946217], [0.9560819736957199, 0.2755381323914431, 0.09992996133459028], [0.2826211795245611, -0.7763184651888183, -0.5634313707019016]], "T": [-0.03869583431114533, -0.09695506368936614, 0.0613101331707869], "aligned_model": [[-0.5974510051073, -0.09209922534837385, 0.6166687944476069, -0.5236037184891195, -0.6751104294156346, 0.13000881160859717, 0.2027761504498406, 0.6915494670854704, -0.2894523839052133, 0.003937418002011819, 0.06094349134085124, -0.47086135046068245, 0.5271803685720284, -0.051963569695406484], [-0.4625346098057873, -0.6844145111578231, -0.5452896336877978, -0.2147556393648689, 0.17030644828307567, -0.1756814753278024, 0.37504026746430963, 0.05804113856419145, 0.5818556480345224, 0.4128261193709494, -0.664404381710511, -0.2594745543824312, 0.0010872093446574055, -0.06971993819984834], [0.053030684710985126, -0.3169016229830711, 0.040981875921063754, -0.48893089886994623, 0.1470784936258593, -0.7332058960962975, -0.34187838313183005, -0.18487750480525586, -0.037327185085981665, 0.6354053093154156, 0.5689017510408398, 0.5778010522104485, 0.49019419889122795, 0.0019112825002253475]], "inverted": true, "swapped": true, "error_lsq": 0.04135868345445586, "error_max": 0.23866158363350728, "target": "1093.xyz", "model": "20.xyz", "model_rescale": 4.067790424073018, "target_rescale": 4.2889678948967465},
{"mapping": [6, 6, 3, 13, 11, 10, 12, 4, 2, 0, 8, 1, 5, 7, 14], "R": [[0.9823418408142026, -0.058308142633510696, -0.17777701844837465], [-0.16734982226732537, -0.6987070925736554, -0.6955590814405084], [-0.08365730555581011, 0.7130277408978554, -0.6961270688152001]], "T": [-0.0031054225597619937, -0.061443481464148804, 0.031292644878745335], "aligned_model": [[-0.48811906247714726, -0.48811906247714726, 0.3270268618061678, -0.25831611723243914, 0.13050237577984786, 0.27548640924773965, 0.6955652393531407, -0.6464952650423954, -0.12025489412770858, 0.37034687069763184, -0.1650006673692612, 0.04601277786742679, -0.5012797719279164, 0.3666429838639909, 0.03794903208425483], [0.2510580393999218, 0.2510580393999218, 0.501657758013956, -0.6491653751290177, -0.1928022278494723, -0.7928362820954727, -0.11049602924978957, 0.3307021907425691, 0.6733974693236661, 0.4376253543995365, -0.04223610049416455, -0.7298497148211289, -0.29911026230366544, -0.16956677987915852, -0.12283441204617554], [-0.43202309114486864, -0.43202309114486864, -0.5143030713511152, -0.25079596196114057, -0.5875175763927412, -0.2110665595853674, -0.27929875976022883, 0.3046857265322354, 0.028702298271999216, 0.3717654209584464, 0.5777255345819545, 0.5047117096354863, 0.24058416351933185, 0.6702444626989468, 0.006153460838184563]], "inverted": false, "swapped": false, "error_lsq": 0.0448406195710826, "error_max": 0.4154702397047109, "target": "1093.xyz", "model": "21.xyz", "model_rescale": 4.186013935880536, "target_rescale": 4.2889678948967465},
{"mapping": [9, 6, 13, 7, 0, 10, 8, 2, 11, 5, 4, 3, 14], "R": [[0.539616686234919, 0.2443742885816168, -0.8056643463732733], [-0.2931222974512494, 0.9516077383418193, 0.09231484747790415], [0.7892358016928442, 0.18634355209718445, 0.5851349672665764]], "T": [0.02759305955936529, -0.07306333582815008, 0.06518241428525452], "aligned_model": [[0.029303947796305557, -0.4658055943991234, 0.2900679993779272, 0.5554135339100592, -0.2842921193375932, 0.6841811583536309, -0.16617668417629697, -0.582825027185991, 0.5559763354228128, -0.21531665473350847, -0.6281799436113654, 0.2797435168335668, 0.006483567172801352], [-0.46301398482305234, 0.23654245810740723, 0.2675196377351272, -0.5583492696885539, -0.4599979815494949, -0.17327486480780918, -0.7331112964297506, -0.334470291502607, 0.4959440646538019, 0.7038090462753123, 0.17273607929776522, 0.3924908552100731, -0.02786779293212547], [-0.5962641356950745, -0.32431299996334734, -0.6026724093198644, 0.34300039306119423, 0.5518215818661916, -0.20429749981103362, -0.01686917785436634, -0.005389942881542528, -0.05701442692459856, 0.12331157077105885, 0.3128156934399133, 0.46932191227665365, 0.1094290023701614]], "inverted": true, "swapped": true, "error_lsq": 0.04974651947488267, "error_max": 0.29800678129703023, "target": "1093.xyz", "model": "22.xyz", "model_rescale": 4.166573947596378, "target_rescale": 4.2889678948967465},
{"mapping": [5, 6, 7, 12, 13, 14, 10, 2, 0, 8, 3, 11, 6, 9, 15], "R": [[-0.2545723098731909, -0.3846442340471287, 0.8872664494164793], [-0.8858295627017339, -0.2753096195756072, -0.37351117682445484], [0.3879419091687347, -0.8810524539341753, -0.2706430278560397]], "T": [-0.009388507649252722, -0.029699148776733908, 0.11118919575856667], "aligned_model": [[-0.18982479785464115, -0.6973567472413154, 0.30740489370996765, -0.23637570596601948, 0.2115427051698154, 0.35054585963376755, 0.5724889634456123, -0.6137923354378358, -0.07117720464033156, 0.513167381467325, -0.08169374024896353, -0.16323426421249185, -0.6973567472413154, 0.4314206319774876, -0.05381118251487625], [0.2807878100576668, -0.16258308520952897, 0.4233531747483194, -0.6364799470921216, -0.1480206468447977, -0.6267554873310546, -0.04097504133314586, 0.06710939268060126, 0.7702393596991863, 0.4675674539199818, -0.004673921907202852, -0.6102219948065448, -0.16258308520952897, -0.28915751073069845, 0.008995196770394329], [-0.6385458072738565, -0.18571010150834655, -0.34243529724641, 0.012826449633509485, -0.6975150525256679, -0.2629080416823505, -0.36022643400287785, 0.3907126445862166, -0.040587951465509975, 0.4768945536810827, 0.7074880666068138, 0.6224797548845266, -0.18571010150834655, 0.4255422251948876, 0.07523975832258421]], "inverted": false, "swapped": false, "error_lsq": 0.0460364832279894, "error_max": 0.3912605631862542, "target": "1093.xyz", "model": "23.xyz", "model_rescale": 4.274766983524099, "target_rescale": 4.2889678948967465},
{"mapping": [10, 3, 1, 8, 4, 2, 9, 6, 13, 5, 14], "R": [[0.2178484167514213, -0.612742097695737, 0.7596638658185125], [-0.3331865336230898, -0.7782880386289371, -0.5322165562431818], [0.9173487892460145, -0.1371672360243153, -0.3737062325280662]], "T": [-0.07035932562716965, 0.07585766713858257, -0.08810950813997681], "aligned_model": [[0.43017137951575346, 0.15763783643659068, -0.3854644712418608, -0.5347057037654901, -0.47541453259227073, -0.5789402148301309, 0.03802983165118701, -0.014001703783203673, 0.630622319647136, 0.19207204614563708, -0.08011208322527268], [-0.22597277142203642, 0.6739793096964946, 0.5589479050952723, -0.42859109124791483, 0.46268369714864854, -0.11993709238877802, -0.6699760683963883, 0.03893886750948965, -0.18432303052922727, 0.6696269514084056, 0.14020985436951766], [-0.5030035978634684, -0.2722754293313854, -0.5361326317244569, -0.1873888057125733, 0.3998184854469877, 0.2978104135744574, 0.05872306247507231, 0.6093612638506811, 0.1799402239550314, 0.40634234833732435, -0.07362889898609301]], "inverted": false, "swapped": true, "error_lsq": 0.05070634099277562, "error_max": 0.27325608542318475, "target": "1093.xyz", "model": "24.xyz", "model_rescale": 3.7841303162186577, "target_rescale": 4.2889678948967465},
{"mapping": [5, 12, 4, 9, 2, 8, 1, 13, 3, 6, 11, 10, 14, 7, 15], "R": [[-0.3602388478382026, 0.5084789389731006, 0.7820979101934711], [-0.5213308159990657, 0.5855124091951446, -0.6207973896274421], [-0.7735904296188991, -0.6313670780926797, 0.05416142448975658]], "T": [0.06166496645486953, -0.15077135918376644, 0.052970656792564116], "aligned_model": [[-0.2530482396109386, -0.5970603457787133, 0.3739328134658978, -0.29860436716407035, -0.014951748671811732, 0.3881313914246416, 0.7478134627639638, -0.5918238425924564, -0.13644990700557053, 0.3919215841104537, -0.11614895238113347, -0.11226964394720927, -0.6650705807442572, 0.3845524237967315, 0.08102366238065778], [0.37561434866461135, -0.004626218575515512, 0.369763854792393, -0.5280508529499843, -0.18603395448834864, -0.4584386848135686, -0.17671038086368673, 0.19524651716632185, 0.6297753762490375, 0.4492708415704468, 0.17544156081500878, -0.7239733446144703, -0.4569715349457804, -0.2365626532222691, -0.08714320737266994], [-0.5740958707341617, -0.2932871479245274, -0.38089133231485506, -0.21161751256388134, -0.696482114409734, -0.3320206077136901, -0.23262311409584557, 0.3083605606006896, 0.03062835717730985, 0.2829845173570152, 0.7248299502884137, 0.549399242270652, 0.1389698376669159, 0.6108139178065929, 0.07257598228536084]], "inverted": true, "swapped": false, "error_lsq": 0.04095194295870643, "error_max": 0.2542081780944643, "target": "1093.xyz", "model": "25.xyz", "model_rescale": 4.19342608120988, "target_rescale": 4.2889678948967465},
{"mapping": [9, 10, 13, 4, 6, 2, 5, 0, 11, 7, 3, 14], "R": [[0.6265195805463866, 0.3961972063788899, -0.6711937044173933], [0.5135863125758634, 0.4378954796478097, 0.7378866094724462], [0.5862613024298188, -0.8070163087333352, 0.07086862995511223]], "T": [-0.027538501896128886, 0.018470485533489425, 0.06197638330541957], "aligned_model": [[-0.19323973764382363, 0.5525869629921212, 0.1560557054861635, -0.5915715172158869, -0.5366198535716449, -0.669840523817572, -0.1522362682450753, -0.29724605969529927, 0.5413064840764219, 0.4724332584302217, 0.35060681116226083, -0.034426707326106365], [-0.7199146044768362, -0.4007060688471541, -0.5364486389806025, 0.466072000928636, -0.13208450742744876, -0.005352804853210467, 0.3826593859146877, 0.40180474883833384, -0.014724380117758371, 0.00046065920130574853, 0.4923426137354689, 0.07866802382555861], [0.19200151008141994, 0.10090153411842731, -0.47586918336847994, -0.12049954977607011, -0.3953790895578298, 0.24309749794339866, -0.6575593962868266, 0.5759035572722153, -0.4795066347527339, 0.6459143980889743, -0.213887025030812, 0.03414084247773816]], "inverted": true, "swapped": true, "error_lsq": 0.0490151037015922, "error_max": 0.2907671238064417, "target": "1093.xyz", "model": "26.xyz", "model_rescale": 3.795458400668931, "target_rescale": 4.2889678948967465},
