[{"mapping": [6, 8, 5, 4, 3, 10, 7, 2, 11, 1, 0, 12, 9, 13], "R": [[-0.805374625997399, -0.5672708238640873, 0.17197535925855684], [-0.38136177326541126, 0.7179677427389531, 0.5823104998866101], [-0.4538005175089723, 0.4033932730957376, -0.79456840959712]], "T": [0.038138057640964056, 0.20109282760774835, 0.003203824632901628], "aligned_model": [[-0.4202902156495987, 0.1521649022652734, 0.273094363447152, -0.4786245927313408, -0.40335009745284933, 0.864578265579846, 0.09766647898926675, -0.6874305191765975, 0.6137154467532514, 0.09505323087221582, -0.2859218966518183, 0.40420444600679273, 0.08471451044779113, 0.09257029789961288], [-0.14470308853280786, -0.5066624327926873, 0.3458515007382067, -0.6026733065394995, 0.3584205209020192, -0.16228546610452285, -0.5003594107483228, 0.11696890678758157, -0.12906521296286896, 0.7752712090864735, 0.5906030882991359, 0.43816018996390405, -0.05211445951983554, 0.056326787776831116], [-0.5015881986955182, -0.3076972877858791, -0.7012404395619429, 0.021108890655117826, -0.2281757588058651, 0.4508439959785053, 0.2785501644170098, 0.2434779424452133, -0.2130556913023144, 0.014337679378682619, 0.5851654534543507, 0.3838798982018867, 0.689104601388293, 0.054387681340825014]], "inverted": true, "swapped": false, "error_lsq": 0.05266614207634396, "error_max": 0.3529230312364336, "target": "1094.xyz", "model": "0.xyz", "model_rescale": 3.8414455957264533, "target_rescale": 4.11742322335101},
{"mapping": [13, 11, 8, 0, 9, 3, 1, 7, 10, 6, 2, 5, 4, 14], "R": [[0.34943019578082335, -0.05422006974406984, -0.9353922825817644], [0.8177119625474625, -0.46974400206652733, 0.3326976387492099], [-0.45743380349877166, -0.8811360601856392, -0.11980633896909049]], "T": [0.005801520303666957, 0.06315940468389064, 0.0222902808763068], "aligned_model": [[-0.41410702527844523, 0.15453281655605564, 0.08529354299856345, -0.4333815682509111, -0.5079148410978821, 0.4874081590846002, 0.3920078599261224, -0.5985372073223023, 0.646250260141544, 0.2219656348202655, -0.09466948301615108, 0.47876729712270805, -0.0904337501671996, 0.07496292508203029], [-0.18867400358814157, -0.6660985066480027, 0.3348832026500636, -0.48474484697462855, 0.4387809068775661, -0.208345336497945, -0.6698264426224854, 0.11507748889385022, 0.22076130300723995, 0.8136031113269424, 0.5607128620911359, 0.36908384982093906, -0.058320393493450196, 0.006845631510523552], [-0.5565911823478465, -0.39283295673501056, -0.7153746792833062, 0.20239168356197867, -0.22370497743482598, 0.5770128268738278, 0.2714374302734459, 0.2345029500516265, -0.16037978699290345, 0.03388737269859819, 0.5579682271578725, 0.364396101943478, 0.5436334175918316, 0.0327525037495973]], "inverted": false, "swapped": false, "error_lsq": 0.04323686663670101, "error_max": 0.2356758268930758, "target": "1094.xyz", "model": "1.xyz", "model_rescale": 4.316132596720782, "target_rescale": 4.11742322335101},
{"mapping": [4, 7, 0, 8, 1, 9, 6, 11, 3, 10, 12, 13], "R": [[-0.7533176751125225, -0.16881955091110212, 0.6356197287633842], [0.6569536973606769, -0.23784847636868028, 0.7154298999994574], [0.030402629609961707, 0.9565187199000713, 0.2900820894049275]], "T": [-0.10567719088424338, -0.026006384237606456, -0.10319950261587083], "aligned_model": [[-0.16154514329630615, 0.46601340129246444, 0.11133495975696195, -0.6227891330069619, -0.3675395910234134, -0.3767174050759207, -0.10361494303168733, -0.27469607562056525, 0.39547098089564753, 0.1978447109234286, 0.4232236136663174, -0.08917682084818437], [-0.6226454362818961, -0.43530092905249407, -0.6637406054934684, 0.2815118407298527, -0.12905200429508154, -0.09577961388202044, 0.5399690623638039, 0.5940502197239226, -0.02357300812087637, 0.10208942917175498, 0.44395915499115934, 0.02128831788632371], [0.16400669340983862, 0.0014501294415729948, -0.3955276646207856, 0.07720741064474479, -0.6579017186347811, 0.508641490679553, -0.6391274998758205, 0.4645575631081821, -0.6073312844246282, 0.6500835638168507, -0.02875561255448772, -0.08804460978081811]], "inverted": false, "swapped": true, "error_lsq": 0.048668491750050925, "error_max": 0.30781705189984127, "target": "1094.xyz", "model": "2.xyz", "model_rescale": 3.795458400668931, "target_rescale": 4.11742322335101},
{"mapping": [6, 8, 11, 4, 3, 7, 9, 1, 2, 0, 12, 13], "R": [[-0.4233551648574463, -0.4639740414003997, -0.7781378369512078], [-0.8058873687171768, -0.19954027581744405, 0.557430917037083], [-0.41390331398845964, 0.8630827116987563, -0.2894344130128483]], "T": [0.03511771239490827, 0.007980580302758021, 0.035669824520777674], "aligned_model": [[-0.009402094086363999, -0.26043812955384593, -0.7850764502705174, 0.29046485173154146, 0.3285844661835762, 0.20457328670878597, -0.3054646172581431, 0.513789877677673, 0.35951961531674037, 0.6754953732947209, -0.40764841802540774, -0.011093935975194723], [-0.008277869336322609, -0.5418491035305928, -0.24224529627948901, -0.012331459544931568, 0.5335194487156268, 0.6052880192364053, -0.2887599102143596, -0.21425816126405137, -0.5488268013028497, 0.2926535397274903, 0.4912033767211426, 0.019653262361641343], [-0.7423436245372289, -0.03399319860462417, 0.028307256245501386, 0.6397259454196381, -0.34247092577649946, 0.38180900868925666, 0.5342972008014768, -0.2935227707882244, 0.4889365183037377, 0.2550615344388203, -0.2410962222741686, 0.014060708721414905]], "inverted": false, "swapped": true, "error_lsq": 0.04078204073166584, "error_max": 0.1834900397771142, "target": "1094.xyz", "model": "3.xyz", "model_rescale": 3.7530521520055578, "target_rescale": 4.11742322335101},
{"mapping": [2, 1, 0, 3, 4, 6, 9, 8, 11, 12, 13], "R": [[-0.9274691302035831, -0.130940649630423, 0.3502221563433303], [0.34168064572713813, -0.6771950433570131, 0.6516603483319968], [0.15183987900052875, 0.7240589889829808, 0.6728173835581605]], "T": [-0.005401282934693892, -0.04314848249048135, 0.01746970851425961], "aligned_model": [[-0.409321323201625, -0.18992028808924719, 0.42340623959038826, 0.49272088195944513, 0.1234977277338967, -0.1610811297700573, -0.26996565528190686, -0.6033383281196536, -0.3974225277131789, 0.33573855362667765, -0.006114548289533936], [-0.6913453768440245, 0.04676887618151178, -0.3964433476201274, 0.32082016895480997, -0.6862826620944833, 0.6797542113690469, -0.4503721624842644, -0.002308026368458782, 0.18462002177753356, 0.467177085384433, -0.005185429941630786], [-0.17594988135170242, -0.5696865485606286, -0.46269881574242244, -0.33566680111565295, 0.0012829917594372776, -0.22895828861449016, 0.4831467099837973, 0.20541177635569474, 0.7453615365349069, 0.377104229338267, 0.05348386865810978]], "inverted": false, "swapped": true, "error_lsq": 0.04468673690503051, "error_max": 0.21545260225656893, "target": "1094.xyz", "model": "4.xyz", "model_rescale": 3.7855080009869324, "target_rescale": 4.11742322335101},
{"mapping": [15, 14, 13, 9, 8, 0, 2, 10, 1, 6, 7, 4, 5, 16], "R": [[-0.5958793494837473, -0.7818874836351843, 0.18324782070591095], [-0.6349945219667508, 0.5984276309623038, 0.4885348785635091], [-0.49163986609208576, 0.17474648332794646, -0.853084936353627]], "T": [0.07761630216391516, 0.04058872132721658, -0.015138249853570818], "aligned_model": [[-0.5862477893707785, 0.05011017814532383, 0.056754041820178486, -0.30941422264001206, -0.4545096631904707, 0.5366146959429846, 0.32762943559238134, -0.5919665891576108, 0.8215983683000765, 0.2112918074701352, -0.1616437647471021, 0.47284279924827954, -0.041968754598383506, 0.07105407778399597], [-0.1360896729046483, -0.4844815588146336, 0.32412650881528127, -0.5545242795830821, 0.4148848280139912, -0.121877789589382, -0.6469609710647312, 0.036000624327043734, -0.016300997230879598, 0.6755073895973273, 0.5872968057494511, 0.47072949375927226, 0.043955223311534064, -0.00852677803293625], [-0.47053622928290656, -0.4408635281564947, -0.6815005597384574, 0.03928516667440912, -0.2835674872298406, 0.594286881445865, 0.0875970468253674, 0.2722673434978934, 0.11276086734244053, -0.08645593370686527, 0.4378897434150738, 0.4384868329618808, 0.7853561757877642, -0.03590738872776535]], "inverted": false, "swapped": false, "error_lsq": 0.0438496681217952, "error_max": 0.34674438721340006, "target": "1094.xyz", "model": "5.xyz", "model_rescale": 4.2253639853439635, "target_rescale": 4.11742322335101},
{"mapping": [10, 5, 2, 8, 4, 12, 11, 1, 6, 3, 0, 7, 9, 13], "R": [[0.42271429721176745, -0.301777138348787, 0.854542674009191], [0.35098472003074516, -0.8148281140401572, -0.4613728111567693], [0.8355371620925671, 0.49496030481219155, -0.23852032915984656]], "T": [-0.0233142717017562, 0.015561717646134829, 0.060263301162952594], "aligned_model": [[-0.5135320800059667, 0.0988111333504644, 0.04058205496701398, -0.38518972001242774, -0.35351282322316285, 0.6483960554962073, 0.5146389888640717, -0.7352313302599383, 0.5759201897734646, 0.31893682808756413, -0.11538204253485024, 0.5625467333168422, -0.259982463695089, 0.0051430964748045045], [-0.2383506382718567, -0.4032910667660364, 0.14927241368819583, -0.6204381100608032, 0.566149154696071, -0.13690518357614012, -0.5426233212258403, 0.17234090815137526, 0.07944213299755336, 0.6086836188215828, 0.5672430526732462, 0.4479229462875395, -0.13084212876773865, 0.06513504770645887], [-0.49085146939099517, -0.3984185023584941, -0.5941145111438353, 0.1623184561791823, -0.23761872740284296, 0.6902655589655046, 0.1280094496828097, 0.14570432829075547, -0.1645818029379409, -0.1243445744473923, 0.6349230957224193, 0.37525832777957135, 0.6035408620277586, 0.03900844014186344]], "inverted": false, "swapped": false, "error_lsq": 0.04374031033894519, "error_max": 0.24065694549785457, "target": "1094.xyz", "model": "6.xyz", "model_rescale": 3.89814844738969, "target_rescale": 4.11742322335101},
{"mapping": [4, 0, 7, 2, 10, 3, 1, 9, 8, 6, 12, 11, 13], "R": [[-0.5045903086749073, 0.7309461471036252, 0.4594631110608641], [-0.3081997067748411, -0.6496184436818142, 0.6949883584437369], [0.8064747740228856, 0.20907799420977763, 0.5530685592238564]], "T": [-0.1312988476394945, 0.09103134977499167, -0.03724909753502799], "aligned_model": [[0.1617646734222954, -0.13842837501201422, 0.3402283211364711, -0.25547901692310093, 0.628147869888309, -0.2686457898471396, -0.7100477150637186, 0.23222691228127046, -0.32197713448180443, -0.6680465946539887, 0.13675906284209577, 0.1303443296326321, -0.11821474231708498], [-0.3354566986400836, 0.10002477569330431, 0.31021563675440966, -0.6579749147264411, 0.06315235693281723, 0.7011611041905028, 0.07758943687695563, -0.4152631957010106, -0.25343782718116864, 0.5769010205507583, 0.684658954198285, -0.006493989983780091, 0.11870460650593705], [-0.4406350850302821, -0.7714992272031201, -0.5219387720029143, -0.24770254088305066, 0.27649109029335167, -0.3751570214882897, -0.26474399485975014, 0.2161189301561, 0.45213996116910504, 0.2515134283647934, 0.24892704713673236, 0.7735636534039814, 0.0051975617796386]], "inverted": false, "swapped": true, "error_lsq": 0.04521891847335356, "error_max": 0.23304290512387416, "target": "1094.xyz", "model": "7.xyz", "model_rescale": 3.7474275329858107, "target_rescale": 4.11742322335101},
{"mapping": [10, 0, 6, 12, 7, 2, 1, 11, 3, 5, 9, 8, 4, 14], "R": [[-0.1266440346478887, 0.6980866055036468, 0.7047243288722906], [0.20573411777461992, 0.713481424636216, -0.6697893172353337], [-0.9703786690110223, 0.0601610165761145, -0.23397839817582583]], "T": [-0.03516759756563515, -0.04719319426839085, 0.11450835632626473], "aligned_model": [[-0.4946479901725492, 0.23237352099964786, 0.15148597455508417, -0.4786045178278696, -0.3433215478428345, 0.6683023713874291, 0.32685081397495497, -0.6263693767317724, 0.5923909645704017, 0.18438767795894123, -0.3244727979590296, 0.3402476380589389, 0.1900390950304345, -0.016517205402778613], [-0.12719467123870512, -0.32750090740931176, 0.24369897689746256, -0.46824441764853414, 0.43976060176303716, -0.2927365830604409, -0.7050019394440029, 0.13650963709780428, 0.1700855456624443, 0.603228492238059, 0.6290051983674432, 0.37502226134259636, -0.014276197557672114, -0.07861717065657228], [-0.4836060910670638, -0.4184668527196213, -0.6254107522029958, 0.1964972814185285, -0.2485271452202878, 0.5062071473015972, 0.08238135014816993, 0.17119769966964954, -0.1558520276955641, -0.08986525922456996, 0.3129993508586386, 0.49661806015577564, 0.863123252506545, 0.16180291717956233]], "inverted": true, "swapped": false, "error_lsq": 0.0471604484244242, "error_max": 0.34488622545530023, "target": "1094.xyz", "model": "8.xyz", "model_rescale": 4.019505241142653, "target_rescale": 4.11742322335101},
{"mapping": [8, 6, 1, 2, 9, 4, 0, 11, 10, 12, 3, 7, 13], "R": [[-0.5780428401029003, 0.6629458456264786, -0.4757828084035467], [-0.7195161167658507, -0.6891241218183739, -0.0860494186049259], [-0.3849195146000832, 0.29259314840687595, 0.8753434850305268]], "T": [-0.018027088153709542, -0.044753531427363234, -0.032223705437942333], "aligned_model": [[-0.21256045719281896, -0.7712642098291287, -0.19854267652242763, 0.47384110352866393, 0.33028239998233744, 0.6323995352039368, 0.40648138808103973, -0.29420348325195456, 0.23640553446171922, -0.3837797298202904, -0.2508237306804124, 0.4034078210779053, -0.05194272329739345], [-0.5981712188885266, 0.1252491790920783, 0.22694900516085373, -0.3165280361545573, -0.6144892250500574, -0.04616419042427354, 0.528813315573764, -0.7772535195849221, -0.44078220974019167, 0.04792044870706166, 0.6127873327280009, 0.37805475962406543, -0.06300741292923703], [-0.2567331824332838, -0.1384507933915557, -0.5618242330466204, -0.5844248020631977, 0.05000914838269246, -0.11848931500699206, -0.2056266766176491, 0.317856324459673, 0.641864409697657, 0.5709198101570181, 0.10470693401662376, 0.3536901053896182, 0.003205764499895458]], "inverted": false, "swapped": true, "error_lsq": 0.04457761664827098, "error_max": 0.2624510966711055, "target": "1094.xyz", "model": "9.xyz", "model_rescale": 3.877068213659057, "target_rescale": 4.11742322335101},
{"mapping": [0, 11, 12, 8, 5, 14, 9, 1, 6, 3, 4, 13, 2, 15], "R": [[-0.3713787818506751, -0.3762827611055788, -0.8488162840602619], [-0.4435926406922631, 0.8750205131208999, -0.1938160745173168], [0.8156613080898062, 0.30454947925156484, -0.4918803159029921]], "T": [0.08314238513277317, 0.04322224987509846, 0.09576822648959746], "aligned_model": [[-0.4047460860679571, 0.06880102641148389, 0.1208659465280465, -0.37400781345430434, -0.39868298087104814, 0.7175780647268739, 0.22429220535435812, -0.7673547662149758, 0.5738285670375662, 0.10520764618413371, -0.22989558929257264, 0.63221355558451, 0.10262826779919179, 0.03141657687369204], [-0.15834542306327284, -0.4917720089726708, 0.1777397325444475, -0.5721116252862997, 0.5076193608457316, -0.26628146917436646, -0.5383027510716987, 0.18900840588472254, 0.2971560306481149, 0.6703817652320704, 0.4873313282249562, 0.35215298278243495, -0.09277917373808928, 0.02194167149752751], [-0.500135581628302, -0.4123958658011285, -0.6381780899978473, 0.18352273531250946, -0.30818112954398125, 0.42926539737880753, 0.37424749937161095, 0.004622176280404705, -0.17818301186289823, 0.001188052667762035, 0.49933362743458376, 0.543787364482348, 0.7449825756081316, 0.025223181406363857]], "inverted": true, "swapped": false, "error_lsq": 0.039014782397852735, "error_max": 0.21039132404605967, "target": "1094.xyz", "model": "10.xyz", "model_rescale": 4.260839863003843, "target_rescale": 4.11742322335101},
{"mapping": [0, 3, 12, 7, 11, 9, 2, 1, 6, 5, 8, 13], "R": [[0.05250602631319877, -0.6795980061270672, -0.731703264492453], [0.5322160603186354, 0.6390265327051277, -0.5553297719713695], [0.8449788058523768, -0.3602660691308265, 0.3952457173623951]], "T": [0.006309673967117084, 0.030761204843305315, -0.13657042647319248], "aligned_model": [[0.3820635833065845, 0.24401997538415157, -0.417829790198697, -0.17268902376757922, -0.6194338256420066, -0.39178431861026336, 0.28153104698102843, 0.6195794129970792, 0.2815116034509167, -0.17141432547678107, -0.04800602994947009, -0.028649659380832686], [-0.16525499435879276, -0.6366993147034964, -0.48415139811359736, -0.3313971903291083, 0.317387654188509, 0.5635902538814694, 0.7068462609585157, 0.018329212791297442, -0.3339323526612776, 0.005059553482373927, 0.4991345977533316, 0.014166222643709543], [-0.736271697152507, -0.19396844276174682, 0.11064666059315417, -0.7214673969763437, 0.3749723502582254, -0.23803411424226523, -0.43302268781853104, -0.03346592783367028, 0.4949466234882297, 0.7147893661577011, 0.278393479002074, -0.10134013531881629]], "inverted": false, "swapped": true, "error_lsq": 0.04391331696234124, "error_max": 0.2731517789376543, "target": "1094.xyz", "model": "11.xyz", "model_rescale": 3.890672605050136, "target_rescale": 4.11742322335101},
{"mapping": [9, 12, 10, 5, 11, 3, 7, 9, 4, 2, 1, 0, 8, 13], "R": [[-0.9822787501197745, 0.08038491264177153, -0.16931250066875836], [-0.18294487970570328, -0.6075684493357827, 0.7729112176448069], [-0.04073853277425814, 0.7901891198892118, 0.6115075851991646]], "T": [-0.05642049551470615, 0.13448034033992504, 0.15264256664245487], "aligned_model": [[-0.7243504555543419, 0.07024812332024644, 0.13909302139565705, -0.332531433649698, -0.26910032655124644, 0.7030568873790184, 0.32305940935710376, -0.7243504555543419, 0.6026402571411276, 0.24756395864713596, 0.03777968299539724, 0.3106508868538504, -0.04271774257105315, 0.06110280739014263], [-0.10822209867233656, -0.35411458606319546, 0.20246237537387643, -0.5897694030000208, 0.5020583219863087, -0.14305922967804843, -0.6277063398743061, -0.10822209867233656, 0.23727143065235368, 0.6099535696562965, 0.8124369285336812, 0.34717368771432044, -0.22576185212760388, 0.02923812052461805], [-0.16482477120563185, -0.39541053812080373, -0.717238696554164, 0.08785644969370818, -0.19723724239815202, 0.5989933792878139, 0.10757998150919315, -0.16482477120563185, -0.06213629611235502, -0.27988811839396655, 0.5225067055956448, 0.5633914923573342, 0.7765246413697913, 0.09380671528558392]], "inverted": true, "swapped": false, "error_lsq": 0.052515053493338286, "error_max": 0.3393332310926401, "target": "1094.xyz", "model": "12.xyz", "model_rescale": 4.124412569039231, "target_rescale": 4.11742322335101},
{"mapping": [1, 6, 11, 0, 8, 2, 3, 4, 12, 7, 9, 10, 13], "R": [[0.6068035880177017, 0.7776943118663797, 0.16425882886323456], [0.03883913136477701, -0.23541698009056622, 0.9711181016538964], [0.7939023412509079, -0.58289827824048, -0.17305683973946562]], "T": [0.06824136677374494, 0.09723165419806554, 0.05333771047899986], "aligned_model": [[-0.28843993684900443, -0.1794035628760382, 0.815269041989309, -0.48477874268162857, 0.5664938529332986, 0.30294584856780543, -0.5818430256960111, 0.11411469645894531, 0.028196428463904563, -0.2592448734940909, 0.6718935722356532, 0.5739014597905195, 0.088193548667095], [-0.17915197606729547, 0.5069541773163987, 0.5052275587530164, -0.2784659925249654, 0.021745612038414394, -0.6547380773623566, 0.3846242550741137, -0.3855769699325874, 0.7983660257323867, 0.14442165545092672, -0.09177051350172957, 0.43067167505251724, 0.1451779464796378], [0.4814444745499292, 0.6684399134804465, 0.15761932689252703, -0.2504302956912628, 0.42825795693174235, 0.06664483509188004, 0.04333568787086982, -0.3885785800265818, -0.060471594295345994, -0.5758121677736557, -0.17592785127541183, -0.50262549269823, 0.05980186791093232]], "inverted": false, "swapped": true, "error_lsq": 0.046027157297335385, "error_max": 0.3180737663273013, "target": "1094.xyz", "model": "13.xyz", "model_rescale": 3.9028299243045295, "target_rescale": 4.11742322335101},
{"mapping": [11, 1, 6, 12, 9, 0, 8, 14, 3, 7, 10, 4, 5, 15], "R": [[0.32110588117207733, 0.7869771921725015, 0.526837652486029], [0.6022004014809117, 0.25967360004123924, -0.7549333069204534], [-0.730921124016082, 0.5596753705871902, -0.39053526092423324]], "T": [0.08084493365013203, -0.06036860523127812, 0.07077460854892251], "aligned_model": [[-0.5257672373316006, -0.04543816597183904, 0.22550739346995885, -0.36047813771846876, -0.2801154039568745, 0.8429848867679409, 0.31264732573948767, -0.7578675154845118, 0.6221283306646442, 0.08494719527038531, -0.21228829080275963, 0.4195513875719272, 0.02975732104474782, 0.04657553133596038], [-0.1813645015310947, -0.33977255092262065, 0.14817593570123277, -0.5860785015856768, 0.4527424692567264, -0.18735169293305753, -0.6770076913275946, 0.220888446837272, 0.20454396495640298, 0.8370543767604509, 0.511219491171654, 0.31852465062142105, -0.17189006043495358, 0.03405448978344575], [-0.3332530581192894, -0.502099522150643, -0.5456588504840556, 0.18524443214325903, -0.3844946704234937, 0.37116501542643143, 0.4739260045251438, 0.0932812989148831, -0.0889847714922449, -0.052688417008699806, 0.44854777173193294, 0.5191952956539808, 0.5678207377187305, 0.017097664672428875]], "inverted": true, "swapped": false, "error_lsq": 0.04416444023192834, "error_max": 0.27169191999894904, "target": "1094.xyz", "model": "14.xyz", "model_rescale": 3.942246331269136, "target_rescale": 4.11742322335101},
{"mapping": [9, 5, 10, 2, 6, 12, 1, 7, 4, 11, 8, 13, 0, 14], "R": [[0.28190948378202013, -0.8801212381304022, 0.38198645152094457], [0.021122288118317456, 0.40373109038166927, 0.914633836900798], [-0.9592084715526661, -0.24977552492395316, 0.1324057976470891]], "T": [0.11134112105331748, 0.04728481479749862, -0.015442095511088563], "aligned_model": [[-0.4843818869357359, 0.04534503028700937, 0.14437963630915668, -0.40873815252134804, -0.29463279784781116, 0.6659655775168485, 0.38460505215098284, -0.7294824088198216, 0.5847069077938961, 0.1827892788990766, -0.23384525534170245, 0.7280059683002897, -0.2716559324915506, 0.08908360329970824], [-0.041833804700480995, -0.5639012879113349, 0.29556067067608965, -0.4954646238065436, 0.4252453129206003, -0.12585035050538335, -0.6302792724220087, 0.048010760936223626, 0.22084903373778086, 0.7605473920133724, 0.4676101318591599, 0.4621132854843138, -0.2270310085759013, -0.011837413352280321], [-0.5496089940958007, -0.17316217048021515, -0.6834750826760972, 0.1171796023084301, -0.0869992640479842, 0.5594424015757827, 0.33509344826737775, 0.13946036651878674, -0.3145478807606012, -0.03164954257616599, 0.5350249059304883, 0.3140600328322999, 0.5491653512084713, 0.05911575710359161]], "inverted": false, "swapped": false, "error_lsq": 0.05080864071065323, "error_max": 0.30211327885568634, "target": "1094.xyz", "model": "15.xyz", "model_rescale": 4.355366556412066, "target_rescale": 4.11742322335101},
{"mapping": [4, 7, 0, 8, 1, 9, 6, 11, 3, 10, 12, 13], "R": [[-0.7533176751125225, -0.16881955091110212, 0.6356197287633842], [0.6569536973606769, -0.23784847636868028, 0.7154298999994574], [0.030402629609961707, 0.9565187199000713, 0.2900820894049275]], "T": [-0.10567719088424338, -0.026006384237606456, -0.10319950261587083], "aligned_model": [[-0.16154514329630615, 0.46601340129246444, 0.11133495975696195, -0.6227891330069619, -0.3675395910234134, -0.3767174050759207, -0.10361494303168733, -0.27469607562056525, 0.39547098089564753, 0.1978447109234286, 0.4232236136663174, -0.08917682084818437], [-0.6226454362818961, -0.43530092905249407, -0.6637406054934684, 0.2815118407298527, -0.12905200429508154, -0.09577961388202044, 0.5399690623638039, 0.5940502197239226, -0.02357300812087637, 0.10208942917175498, 0.44395915499115934, 0.02128831788632371], [0.16400669340983862, 0.0014501294415729948, -0.3955276646207856, 0.07720741064474479, -0.6579017186347811, 0.508641490679553, -0.6391274998758205, 0.4645575631081821, -0.6073312844246282, 0.6500835638168507, -0.02875561255448772, -0.08804460978081811]], "inverted": false, "swapped": true, "error_lsq": 0.048668491750050925, "error_max": 0.30781705189984127, "target": "1094.xyz", "model": "16.xyz", "model_rescale": 3.795458400668931, "target_rescale": 4.11742322335101},
{"mapping": [4, 0, 7, 2, 10, 3, 1, 9, 8, 6, 12, 11, 13], "R": [[-0.5045903086749073, 0.7309461471036252, 0.4594631110608641], [-0.3081997067748411, -0.6496184436818142, 0.6949883584437369], [0.8064747740228856, 0.20907799420977763, 0.5530685592238564]], "T": [-0.1312988476394945, 0.09103134977499167, -0.03724909753502799], "aligned_model": [[0.1617646734222954, -0.13842837501201422, 0.3402283211364711, -0.25547901692310093, 0.628147869888309, -0.2686457898471396, -0.7100477150637186, 0.23222691228127046, -0.32197713448180443, -0.6680465946539887, 0.13675906284209577, 0.1303443296326321, -0.11821474231708498], [-0.3354566986400836, 0.10002477569330431, 0.31021563675440966, -0.6579749147264411, 0.06315235693281723, 0.7011611041905028, 0.07758943687695563, -0.4152631957010106, -0.25343782718116864, 0.5769010205507583, 0.684658954198285, -0.006493989983780091, 0.11870460650593705], [-0.4406350850302821, -0.7714992272031201, -0.5219387720029143, -0.24770254088305066, 0.27649109029335167, -0.3751570214882897, -0.26474399485975014, 0.2161189301561, 0.45213996116910504, 0.2515134283647934, 0.24892704713673236, 0.7735636534039814, 0.0051975617796386]], "inverted": false, "swapped": true, "error_lsq": 0.04521891847335356, "error_max": 0.23304290512387416, "target": "1094.xyz", "model": "17.xyz", "model_rescale": 3.7474275329858107, "target_rescale": 4.11742322335101},
{"mapping": [11, 7, 12, 1, 10, 6, 2, 3, 9, 5, 8, 4, 0, 13], "R": [[0.6432973065413907, -0.09790315196216276, 0.7593309872726557], [-0.6108775076435685, -0.6634902970243841, 0.43198298162043003], [0.4615162467906999, -0.7417517095297917, -0.48662835445322905]], "T": [-0.01242646410117567, 0.019463657624857515, 0.018662574348908667], "aligned_model": [[-0.5300360751478058, 0.09870311760377753, 0.2521347375799088, -0.4152290631562946, -0.3686014636790116, 0.664910515444608, 0.28735512593357426, -0.6707651114754561, 0.6381910235613701, 0.22406206359365194, -0.26277797031916744, 0.45152502988745347, 0.002793817105383768, 0.029878873667005895], [-0.13454756861968892, -0.48141205071227106, 0.2290585898733063, -0.5200450358417641, 0.5482311939950737, -0.09840994278288251, -0.5645029759195441, 0.08476875333355066, 0.05595254842794583, 0.6826638420878269, 0.51321933748417, 0.48268850315681994, -0.17498638135777686, -0.03893998677115871], [-0.4610222123067261, -0.532874389873943, -0.6486561338065937, 0.17740403924720444, -0.24588162350875986, 0.36840425320209186, 0.2887490290124818, 0.17003843489845474, -0.13329008752877158, -0.14704387775030725, 0.477338825270788, 0.5279734575314836, 0.8317430846063583, 0.096216132114603]], "inverted": false, "swapped": false, "error_lsq": 0.03695134555121272, "error_max": 0.19999993928073448, "target": "1094.xyz", "model": "18.xyz", "model_rescale": 3.922800546911778, "target_rescale": 4.11742322335101},
{"mapping": [10, 2, 9, 6, 11, 5, 1, 4, 3, 7, 13, 12, 8, 14], "R": [[0.4487700136499767, -0.8620127372513471, 0.2356682321931402], [-0.27522207024103723, -0.3842148346459485, -0.8812671404802429], [0.8502107308784319, 0.33062516790835306, -0.40966902670904476]], "T": [0.07284013939680521, -0.017406829422100326, 0.1269997813486914], "aligned_model": [[-0.49376795837666754, 0.17447251542155917, 0.11987805297467408, -0.41083474394033564, -0.3673393424740422, 0.6538142398519755, 0.18037799445592895, -0.6468278221205401, 0.621187043276882, 0.2440000545224933, -0.23435568472551505, 0.5403741536218285, -0.07643469896517734, 0.09760081707593456], [-0.17850041019186408, -0.321163874317101, 0.1647855166125145, -0.49574628429464596, 0.45192993880118193, -0.1945420507229857, -0.7497906277570734, 0.04106808517349196, 0.20498944122197604, 0.7071288159037556, 0.5235617278956702, 0.5049372707662717, -0.13717401824006142, 0.06225529550247701], [-0.4240036388181968, -0.5137275246154026, -0.6650460314977802, 0.24109511453173926, -0.17830111039982943, 0.5891966313603579, 0.132709912832831, 0.1772576028362157, -0.11590928681025117, -0.1627646077074315, 0.41819987141654086, 0.48362652054185523, 0.7081740212598093, 0.07859145617790668]], "inverted": true, "swapped": false, "error_lsq": 0.038828175522627746, "error_max": 0.2334881643356964, "target": "1094.xyz", "model": "19.xyz", "model_rescale": 3.9282355846067225, "target_rescale": 4.11742322335101},
{"mapping": [3, 6, 5, 4, 1, 9, 8, 0, 7, 2, 10, 12, 11, 13], "R": [[-0.7946341441516827, -0.5835395564797798, -0.16744600016633615], [-0.5688282088027656, 0.8120409322525932, -0.13047602544749948], [0.21211092809791782, -0.008432696467982323, -0.9772092118946274]], "T": [0.1118968757658679, -0.028829085218447202, 0.019972058654117414], "aligned_model": [[-0.4834168587590595, 0.28789380577729184, 0.03452957815240784, -0.2870084654787287, -0.43812046745762145, 0.4277828963148904, 0.3165333161143438, -0.6566176012933002, 0.6526517872379552, 0.10721001947923589, -0.018596175685468036, 0.7098910005574872, -0.24473145251008968, -0.005856761850346601], [-0.18947715458484987, -0.3578356550645026, 0.1682134655021961, -0.5054301692784664, 0.41822768956111844, -0.18385938461550863, -0.7242095144398154, 0.04821087912289649, 0.22799270698764604, 0.7574641872019611, 0.6579476036929754, 0.30183946005291895, -0.11522208110427504, 0.0798767933193131], [-0.4114776191026154, -0.5163336486451343, -0.6455192536213208, 0.13440011613635625, -0.22317801554632252, 0.61546047460219, 0.25060502478341107, 0.22889149442206178, -0.15243579832023257, -0.22586759128956344, 0.5235032812036701, 0.5257938505437008, 0.6353708375438075, 0.02988577839835547]], "inverted": true, "swapped": false, "error_lsq": 0.04700112407969854, "error_max": 0.30101862770457677, "target": "1094.xyz", "model": "20.xyz", "model_rescale": 4.067790424073018, "target_rescale": 4.11742322335101},
{"mapping": [10, 12, 7, 11, 1, 2, 3, 13, 0, 8, 5, 4, 6, 14], "R": [[-0.025960117786584802, 0.35973949355719204, 0.9326915723108696], [0.5382680669809551, -0.7811745460623327, 0.31628123032025596], [0.8423737652331612, 0.5102487877099992, -0.17335689858607745]], "T": [0.030711759284535733, 0.04548485230679825, 0.06286367379680488], "aligned_model": [[-0.6599561314626249, 0.013777014718205263, 0.261925589621123, -0.3002941650955697, -0.3726705042202934, 0.663064420235124, 0.3920856977897945, -0.6601012062347784, 0.6900196854340059, 0.22698268703091248, -0.2061866331105106, 0.35217821703107755, 0.026702997761023584, -0.02538304889849126], [-0.12569811655048638, -0.5602905272039829, 0.4047598848150586, -0.5015551079233828, 0.5668538018862649, -0.06918363192705274, -0.7068869465981871, 0.08432206330753611, 0.01429117178375864, 0.5741100375530114, 0.5316887703872653, 0.5111545270731437, -0.15784515923919432, 0.018018058989854785], [-0.34329033322238345, -0.40592548019753594, -0.5487943784562973, 0.15885645433670745, -0.42576938810439624, 0.4379679025801573, 0.2274558043270759, 0.16959990377188444, -0.19943013538074797, -0.021995227740022466, 0.299403358800677, 0.6305639162515494, 0.774339421051148, 0.016117113090547926]], "inverted": true, "swapped": false, "error_lsq": 0.04292321748221834, "error_max": 0.2535685792277239, "target": "1094.xyz", "model": "21.xyz", "model_rescale": 4.186013935880536, "target_rescale": 4.11742322335101},
{"mapping": [0, 3, 7, 2, 8, 4, 1, 6, 10, 12, 5, 9, 13], "R": [[-0.3820600611444771, 0.8324876963720238, -0.40124100621382086], [-0.20147162428414778, 0.348702725654065, 0.9153226719194347], [0.9019086950942349, 0.4305469132517697, 0.03449726370000217]], "T": [-0.001839071114440649, -0.0624918812805292, 0.012307841435004185], "aligned_model": [[0.24882884827760837, -0.3945380649645858, 0.30775447753914176, 0.5221998582706369, -0.051902572085149076, 0.6219135288003508, -0.2684690250661892, -0.776804873859317, 0.3745709220952106, -0.35500976034981163, -0.629276866057529, 0.48760885866979703, -0.02830129584693815], [-0.3697229744888077, -0.022213826268425253, 0.20537217243849723, -0.599992517991147, -0.16924799985427721, -0.2040050406507946, -0.6133667366838688, -0.13009412419037727, 0.6452469584136494, 0.545073468072386, 0.16674269384506393, 0.08674925060616315, -0.02158466370196866], [-0.6057776011549508, -0.5788515645976245, -0.5688155417166563, 0.2514689096450219, 0.6292483983308154, -0.13399751578112362, -0.09873371031930188, 0.06139163304159295, 0.19503909837941463, -0.09850900031285231, 0.5698320242409834, 0.44916973144592753, 0.03141470013409951]], "inverted": false, "swapped": true, "error_lsq": 0.047521187943641754, "error_max": 0.2590692315066492, "target": "1094.xyz", "model": "22.xyz", "model_rescale": 4.166573947596378, "target_rescale": 4.11742322335101},
{"mapping": [2, 6, 11, 1, 3, 13, 5, 4, 14, 9, 8, 10, 7, 15], "R": [[-0.27830779167386555, -0.6039374963375079, -0.7468629550400792], [-0.24068889103908137, 0.7966254684029409, -0.5544878004268198], [0.9298460253310727, 0.025443341159880672, -0.3670681211527752]], "T": [0.024744533662773818, 0.09203415878144858, -0.011436428791276196], "aligned_model": [[-0.4345731952151881, 0.055271543301219556, 0.05081556369275762, -0.3486073310810737, -0.39200398876748466, 0.6924879260386478, 0.21462488629989235, -0.6935658358176324, 0.801453791832871, 0.16583777111440598, -0.3604088636668047, 0.5369708742855756, 0.1093210546144669, 0.004520423967345175], [-0.1926029608420569, -0.5799253695159641, 0.42518618304396394, -0.5093410102057968, 0.41842273296726906, -0.24308480364533316, -0.5870863133023531, 0.14181755047498137, 0.23599949950538876, 0.6719277453425065, 0.6132160840884442, 0.21907086147387805, -0.05817942587220451, 0.0283180528408844], [-0.41245784126187873, -0.3673101788483955, -0.7258756197301328, 0.07255971448325384, -0.2964238315114806, 0.38684385173501507, 0.4287939850608605, 0.13486921147253755, -0.05587146185465229, -0.07674563865377852, 0.4724079692128376, 0.520002264987496, 0.6825897513629191, 0.0057167546537626596]], "inverted": true, "swapped": false, "error_lsq": 0.04187249712689719, "error_max": 0.24213480002878401, "target": "1094.xyz", "model": "23.xyz", "model_rescale": 4.274766983524099, "target_rescale": 4.11742322335101},
{"mapping": [7, 9, 11, 12, 8, 6, 3, 1, 0, 2, 13], "R": [[-0.7562036440344986, 0.27831320124075276, -0.5921974423822429], [0.560085370643729, 0.7432538351684368, -0.36589358302419994], [0.3383200058226271, -0.6083711848226662, -0.717930411068958]], "T": [-0.029021961364991918, 0.09782500793282843, 0.02604313847725679], "aligned_model": [[0.4659074953007923, 0.0438842063835956, -0.624972356211811, -0.41004219942784226, -0.39518647011180325, -0.6254315043043892, 0.005864471925682825, -0.00527717832451139, 0.6110653493736603, 0.3862727660692469, -0.0721898767145456], [-0.25410375627360976, 0.6946117516609901, 0.5389220216078116, -0.30159008024568296, 0.5916252297266814, -0.27699643584777095, -0.6067077112400435, -0.035583364264559034, -0.2081884817324945, 0.6825575446568153, 0.09103981319534604], [-0.34340872704378794, -0.2759680791544161, -0.40484224373283084, -0.42277389262357734, 0.15489874454791988, 0.35974333272649334, 0.11391150146678483, 0.6331043021024471, 0.21551330383878523, 0.3521411304741214, -0.0027529385803616475]], "inverted": false, "swapped": true, "error_lsq": 0.05010871488666433, "error_max": 0.3250530461264311, "target": "1094.xyz", "model": "24.xyz", "model_rescale": 3.7841303162186577, "target_rescale": 4.11742322335101},
{"mapping": [4, 1, 2, 6, 5, 10, 7, 3, 9, 12, 13, 14, 11, 15], "R": [[-0.5143927702862606, 0.6724822295166931, -0.5321350663708267], [-0.605354829534228, 0.15477187707567608, 0.780763214057923], [0.6074089299942934, 0.7237494850089565, 0.32747683080251366]], "T": [0.15219095465725557, -0.08934684466468465, 0.02026180166289336], "aligned_model": [[-0.4230678756664417, 0.0858784984641881, 0.15411432362861419, -0.4671291752371078, -0.3699551129519089, 0.7678159232771467, 0.23240320435153408, -0.6015528171917599, 0.5518871391897688, 0.06112951607844985, -0.10440209789140392, 0.5415083438886676, -0.11447782870769913, 0.08799257936695046], [-0.1527188961063311, -0.596084464992975, 0.28683150984679695, -0.4368937085738023, 0.4964328974008797, -0.1814640696059726, -0.6193840377789736, 0.16090877224509267, 0.3171917153113605, 0.6628113090883195, 0.42534672173299215, 0.5105575852299734, -0.17978297544883098, -0.11001353199492267], [-0.4506581534133851, -0.5199752167844433, -0.6334041483268977, 0.1532287386720429, -0.3716110390770211, 0.48692594230161124, 0.3882728463541746, 0.15533341317722088, -0.1105436563611442, -0.013469972304188713, 0.5505923922982459, 0.3635482822375937, 0.7345003020184354, 0.036359200316119916]], "inverted": false, "swapped": false, "error_lsq": 0.03868767443872647, "error_max": 0.2193724639640143, "target": "1094.xyz", "model": "25.xyz", "model_rescale": 4.19342608120988, "target_rescale": 4.11742322335101},
{"mapping": [4, 7, 0, 8, 1, 9, 6, 11, 3, 10, 12, 13], "R": [[-0.7533176751125225, -0.16881955091110212, 0.6356197287633842], [0.6569536973606769, -0.23784847636868028, 0.7154298999994574], [0.030402629609961707, 0.9565187199000713, 0.2900820894049275]], "T": [-0.10567719088424338, -0.026006384237606456, -0.10319950261587083], "aligned_model": [[-0.16154514329630615, 0.46601340129246444, 0.11133495975696195, -0.6227891330069619, -0.3675395910234134, -0.3767174050759207, -0.10361494303168733, -0.27469607562056525, 0.39547098089564753, 0.1978447109234286, 0.4232236136663174, -0.08917682084818437], [-0.6226454362818961, -0.43530092905249407, -0.6637406054934684, 0.2815118407298527, -0.12905200429508154, -0.09577961388202044, 0.5399690623638039, 0.5940502197239226, -0.02357300812087637, 0.10208942917175498, 0.44395915499115934, 0.02128831788632371], [0.16400669340983862, 0.0014501294415729948, -0.3955276646207856, 0.07720741064474479, -0.6579017186347811, 0.508641490679553, -0.6391274998758205, 0.4645575631081821, -0.6073312844246282, 0.6500835638168507, -0.02875561255448772, -0.08804460978081811]], "inverted": false, "swapped": true, "error_lsq": 0.048668491750050925, "error_max": 0.30781705189984127, "target": "1094.xyz", "model": "26.xyz", "model_rescale": 3.795458400668931, "target_rescale": 4.11742322335101},
{"mapping": [1, 3, 6, 8, 11, 4, 0, 2, 7, 12, 9, 10, 13], "R": [[-0.00922174176534106, -0.739949155947573, 0.6725995882330645], [0.1602397249430898, 0.6628423216947114, 0.7314118450780847], [-0.987035050050897, 0.11452206417472344, 0.11245668849910283]], "T": [-0.07040515694436666, -0.12022219066397236, -0.08620924615578474], "aligned_model": [[0.0005495438116559503, 0.47010537227497473, 0.5741774500378714, -0.2519715493175456, -0.0524395415855729, -0.6272119789477522, -0.21431499792307154, -0.7986447784053405, -0.0707973479693908, 0.4932780765974478, -0.5812937784222733, -0.2036065508570571, -0.038153536472689605], [-0.7016586591495753, -0.4317133586078028, -0.3093402402711892, 0.05800324089548922, 0.6156906123954843, -0.1867406506168541, -0.6189037790311891, -0.37480264361134663, -0.09109404700572366, 0.28729242235265484, 0.30467793247088937, 0.6516917693769521, -0.0812210959408745], [-0.29545056241904083, 0.2545632364823253, -0.4815558072356506, -0.6604811455478086, -0.5260901893112644, 0.2544371910508035, 0.43327279961764453, -0.24613922218974105, 0.624040780610539, 0.06325183334667067, -0.19172324600981935, 0.1635420049279502, -0.09953101122318252]], "inverted": false, "swapped": true, "error_lsq": 0.04568010381133228, "error_max": 0.3290565250585223, "target": "1094.xyz", "model": "27.xyz", "model_rescale": 3.6321398670334006, "target_rescale": 4.11742322335101},
