[{"mapping": [3, 0, 9, 2, 7, 12, 6, 4, 5, 11, 13], "R": [[-0.7809172914510403, -0.4813351852849904, 0.3981012726925588], [-0.1416008493842962, -0.48432604125334383, -0.8633524687041269], [0.6083727339110596, -0.7305783497822315, 0.3100611092398638]], "T": [0.11577803528655495, -0.15495112241129, 0.04892562414012394], "aligned_model": [[-0.24758524954596833, -0.21786234619359712, 0.007302818326728827, -0.6413350545123014, 0.0014633912585075293, 0.4552302741036081, -0.3139420943285932, -0.5364362973781558, 0.48039951338097975, 0.6473370444885268, 0.13396747451692675], [-0.5147391514263782, -0.22014148928818333, 0.43850407052705315, -0.12898810434122204, 0.5708222363109814, -0.04456975114620419, -0.26979826414397645, 0.37097497831168696, -0.6046645133516918, 0.12632911733145463, 0.0018318654768858522], [0.157184587791588, -0.6437840888658809, -0.36675121313164327, -0.08284666565414903, 0.22663233871558097, -0.40682423972528137, 0.6707753072847129, 0.5087325699947198, 0.5359680290318539, 0.4030277101404226, 0.08927536100097522]], "inverted": true, "swapped": false, "error_lsq": 0.04834949346033062, "error_max": 0.2582574932473533, "target": "1095.xyz", "model": "0.xyz", "model_rescale": 3.8414455957264533, "target_rescale": 3.721769605043597},
{"mapping": [9, 8, 12, 13, 1, 10, 7, 0, 2, 3, 14], "R": [[-0.29278378165071695, 0.6616770278635922, 0.6902616663265524], [0.6213665648590214, -0.417027390669077, 0.6633187374912914], [0.7267607923365191, 0.6231144888616733, -0.2890451253577039]], "T": [0.031929167639245505, -0.08744867242006826, 0.13085480997458457], "aligned_model": [[-0.3811483007762842, -0.21093828511153048, -0.057194517826232104, -0.6857961815362061, 0.23216918128790764, 0.48732564404686723, -0.3122832861957922, -0.39219578740826094, 0.39755373241076225, 0.6173954829806407, 0.0736517922447898], [-0.6294407970430402, -0.30567209583621746, 0.29220816109390135, -0.012281166830489909, 0.7364325260777013, 0.011342415117187421, -0.366341426715062, 0.2513019088882221, -0.5877892261221662, 0.3448847831202057, -0.009084087489835899], [0.09737015785551217, -0.5886563680952609, -0.525047012954937, -0.10166867248201947, 0.3029640742940989, -0.3703793376142632, 0.5963562818967858, 0.6113581249229967, 0.5315825674049224, 0.420153719169265, 0.11735616218579883]], "inverted": true, "swapped": false, "error_lsq": 0.04133965286558025, "error_max": 0.2213303446150949, "target": "1095.xyz", "model": "1.xyz", "model_rescale": 4.316132596720782, "target_rescale": 3.721769605043597},
{"mapping": [8, 2, 0, 1, 5, 4, 10, 9, 6, 3, 11], "R": [[-0.8734923434325199, 0.28500562524499534, -0.3946934500894004], [-0.47048585957552463, -0.2858297558015799, 0.834831963114667], [0.12511667316646619, 0.9149170149675425, 0.38376121979511846]], "T": [-0.05981089010896142, 0.03410504318791001, 0.19457176636882878], "aligned_model": [[-0.3497557101439124, -0.16062070741245568, -0.11472996246978384, -0.5688362509040419, 0.1517571824506382, 0.5486970213684688, -0.22322461107853822, -0.5545594904401836, 0.4755236502372217, 0.5152662535951679, 0.04902209891408076], [-0.6672175903462797, -0.34166013126759315, 0.4310108416057124, -0.01638681116288844, 0.6430297741887747, -0.0093870775196951, -0.36875044813140206, 0.5209143646278322, -0.586000992003331, 0.1398143922222757, -0.019805327952999982], [0.08914557967662289, -0.5466187058761016, -0.39140070846236874, 0.013075160019114213, 0.18009749381582496, -0.2767628156877757, 0.6509041096254099, 0.4557077697492732, 0.26515078613568405, 0.4931162708483821, 0.15897475673883418]], "inverted": false, "swapped": false, "error_lsq": 0.053451710150681404, "error_max": 0.32622051103749405, "target": "1095.xyz", "model": "2.xyz", "model_rescale": 3.795458400668931, "target_rescale": 3.721769605043597},
{"mapping": [5, 9, 8, 3, 1, 7, 10, 2, 4, 0, 11], "R": [[0.39802233142101096, -0.17915572776268762, -0.8997118699339277], [-0.3497633930037489, -0.9363012489597942, 0.03171025245618356], [-0.8480824208794144, 0.30206488774127915, -0.4353309212417152]], "T": [-0.028719896625123816, 0.02785182463166146, 0.15890475441534896], "aligned_model": [[-0.41569055221706674, -0.10715895795785524, -0.2450542571733942, -0.6456541152370876, 0.13552546390029502, 0.562153461874419, -0.17334982351650963, -0.38185566445790076, 0.2939086849245066, 0.6402264558100546, 0.10548877816720059], [-0.5534410513911849, -0.4018118511771229, 0.43485749425538245, -0.06594803203041703, 0.6349665432618279, 0.003284220459489909, -0.3571335796254537, 0.3896428975374449, -0.4996956820440205, 0.1359220557840973, 0.004917979230362864], [0.08031137336418276, -0.5919554736930501, -0.4720538546642426, -0.33875354435177546, 0.18543816595892193, -0.32438336219490066, 0.7670816679500054, 0.7352099343832332, 0.3278993102186092, 0.55010744724615, 0.17248803236576554]], "inverted": false, "swapped": false, "error_lsq": 0.05664713796831577, "error_max": 0.27591194484580506, "target": "1095.xyz", "model": "3.xyz", "model_rescale": 3.7530521520055578, "target_rescale": 3.721769605043597},
{"mapping": [5, 3, 2, 1, 4, 9, 7, 0, 8, 6, 10], "R": [[-0.39795842982924345, 0.03562869210309205, -0.9167113419320537], [-0.29633189470680343, 0.9406888117215932, 0.1652028077282383], [0.8682260629048862, 0.3373946588208539, -0.36379712463382746]], "T": [-0.006561213881217474, -0.05128967042967986, 0.027569366545746724], "aligned_model": [[-0.19919194253144198, -0.10849553134323692, -0.314435735785434, -0.7890790243755795, 0.2644068813938401, 0.4458458355790377, -0.1667152015030102, -0.25326848629355175, 0.49462051778769195, 0.4409148069002636, -0.046062645711917066], [-0.7404964299346881, -0.14024486423332172, 0.43280371012187885, -0.05183503249148416, 0.6306259909201184, -0.2600427210684887, -0.33858001307094987, 0.46935996833151666, -0.522299382925399, 0.23498618692558398, 0.011283581685639324], [-0.04623569440809423, -0.7219412427943812, -0.33605524853885393, -0.08464226230386622, 0.06332166102379501, -0.19404695571157976, 0.528534335208534, 0.6177217715790825, 0.6345670721675668, 0.5415215889954597, 0.08864467136523689]], "inverted": true, "swapped": false, "error_lsq": 0.05274280343989543, "error_max": 0.23188406551678306, "target": "1095.xyz", "model": "4.xyz", "model_rescale": 3.7855080009869324, "target_rescale": 3.721769605043597},
{"mapping": [8, 7, 4, 6, 1, 3, 13, 11, 14, 2, 16], "R": [[-0.4887937396180462, 0.4583356669598885, 0.7422998696636287], [0.7459774176905685, 0.6607495139736548, 0.08323323902918939], [-0.4523255159792745, 0.5944228260893194, -0.6648782831602111]], "T": [0.0650326274118607, -0.11610441142435603, 0.06675001940766481], "aligned_model": [[-0.33684037837873604, -0.2946488346707229, -0.22776647519427437, -0.5679508179733322, 0.10766128095789367, 0.7004024282501917, -0.4105912890358687, -0.46964302637849686, 0.4311435246003461, 0.7312584369980935, 0.10551462494156749], [-0.6918706880669596, -0.17584424970474877, 0.4201188720663461, 0.011237613637008217, 0.6267032394004889, -0.1006303682972465, -0.3399359116346913, 0.2780911967523423, -0.2990831084572973, 0.12762737601944907, -0.13085297745428504], [0.01877965499833384, -0.5877955247924894, -0.3500641593588929, -0.02913029446605983, 0.20647664808773228, -0.21339704120729183, 0.5652968963329069, 0.5039776443793684, 0.6054326773101061, 0.2729627106012672, 0.09885048469791868]], "inverted": true, "swapped": false, "error_lsq": 0.04381921766915988, "error_max": 0.24408406687767661, "target": "1095.xyz", "model": "5.xyz", "model_rescale": 4.2253639853439635, "target_rescale": 3.721769605043597},
{"mapping": [3, 0, 9, 7, 8, 1, 6, 11, 2, 10, 13], "R": [[0.8215970909899084, -0.03686684664067037, 0.5688752549511127], [0.024948935123043234, -0.9946251416985604, -0.1004906868189527], [0.5695224058043251, 0.09675568779090946, -0.8162613344799334]], "T": [0.003779546304543264, 0.008772437140785492, 0.10839878730198953], "aligned_model": [[-0.22014126734467498, -0.2553565138500966, -0.07746721125379509, -0.682947452145409, 0.29063552192344316, 0.5507607418438724, -0.38614165379470144, -0.4554013782189556, 0.2908169015594242, 0.7254903581046703, -0.011708572707115414], [-0.6641722787444831, -0.190894657264791, 0.4318132758127383, -0.35622825598306385, 0.6863019371398698, 0.07136159620128531, -0.28185988162421044, 0.40128857892539566, -0.41415339387080763, 0.09215001129243452, -0.050045937623961395], [0.11218709498604024, -0.6237516091779721, -0.32407299291883646, -0.04835496750452338, 0.17572115714597947, -0.3769876060515244, 0.5293646779933324, 0.5989472006165747, 0.5430422160900815, 0.3924659600772454, 0.1128285653265022]], "inverted": true, "swapped": false, "error_lsq": 0.05024146399285306, "error_max": 0.3527099354139447, "target": "1095.xyz", "model": "6.xyz", "model_rescale": 3.89814844738969, "target_rescale": 3.721769605043597},
{"mapping": [7, 3, 6, 0, 5, 8, 4, 2, 11, 9, 12], "R": [[0.6058991879434074, -0.3152937481583864, -0.7303944320856749], [0.439666458887052, -0.6324440808275625, 0.6377365361619951], [-0.6630079780660559, -0.7075339829283225, -0.2445732692310111]], "T": [-0.09035871549215474, -0.047360588018247635, 0.14881947753848265], "aligned_model": [[-0.29901675791623017, -0.19967866900076453, 0.0734351535947845, -0.5993209123299921, 0.0719570130694216, 0.4470315460402768, -0.329274300905462, -0.47834233808639176, 0.49338977308950754, 0.6724439801462612, -0.08408501358474929], [-0.6418318586036872, -0.233219386562437, 0.33301098643067306, 0.058995123720126136, 0.7112238620288833, -0.2503335818913396, -0.3698431155539811, 0.25201995615330797, -0.5277268674173549, 0.40749566075039056, -0.01422978479417518], [-0.03649217704978591, -0.6295683380383653, -0.38584386029997253, -0.1351811073886178, 0.1767451007731518, -0.208532509839554, 0.6532202615040267, 0.6600805095868506, 0.43834721181948977, 0.24465120254384215, 0.3139634029718339]], "inverted": true, "swapped": false, "error_lsq": 0.05274652274414578, "error_max": 0.2886939884648699, "target": "1095.xyz", "model": "7.xyz", "model_rescale": 3.7474275329858107, "target_rescale": 3.721769605043597},
{"mapping": [10, 7, 9, 11, 8, 3, 12, 13, 1, 2, 14], "R": [[0.01843755721337739, 0.6204266716010659, 0.7840477036826439], [-0.727212058111807, 0.5464907133098437, -0.4153438609187435], [-0.6861651980542249, -0.5625110180539772, 0.461257710555699]], "T": [0.02189747225589128, -0.07738979804420087, 0.08465154937894007], "aligned_model": [[-0.3255202569741346, -0.2598896545035786, -0.34834659958091957, -0.5831931941385273, 0.2951519811863655, 0.6662302777619882, -0.394454993106821, -0.4200048532282115, 0.4349079930392367, 0.6687064076134679, 0.03495236604779617], [-0.7018483947745126, -0.18405062367991298, 0.38676522023858173, -0.04170812033822274, 0.5287754880215485, -0.07716057766770329, -0.30739487179527714, 0.30288332447121136, -0.3798213268592969, 0.24990455024225589, -0.050783673598265924], [-0.16954471745935332, -0.5261652115169673, -0.3926532655569738, -0.05345007591313261, -0.06735481619342079, -0.2299429836175406, 0.47757763585642143, 0.7689223405988262, 0.6348872262944654, 0.5125605427071807, 0.13655302138339387]], "inverted": true, "swapped": false, "error_lsq": 0.04710905438679487, "error_max": 0.25100334770365224, "target": "1095.xyz", "model": "8.xyz", "model_rescale": 4.019505241142653, "target_rescale": 3.721769605043597},
{"mapping": [8, 4, 3, 5, 2, 0, 11, 6, 9, 1, 12], "R": [[0.9737474354197913, 0.21797030479115606, 0.06561157095078742], [0.019197782865574844, -0.36584727233688286, 0.9304768769059815], [0.22682014272640322, -0.9047898759120339, -0.3604273897758893]], "T": [0.04945167961830913, -0.012734003933964674, 0.20536798003100643], "aligned_model": [[-0.05518640522540982, -0.08382680883958696, -0.25165944612464636, -0.5829557129990556, 0.08597646522030428, 0.4299395839105414, -0.37886940096991495, -0.33196913484059515, 0.2515711478266497, 0.6739420832921346, 0.011577102866240252], [-0.671144154149286, -0.24439009839108247, 0.41771476880743214, 0.06730940956197912, 0.553585073226978, 0.036009887118980816, -0.36432312119781324, 0.40860911802193445, -0.5640234760663912, 0.10863279836581119, -0.022419211038136683], [0.09727599753564037, -0.5795950570977328, -0.47471050936635883, -0.004819224291190888, 0.03827278232333847, -0.3195120689739196, 0.4885210632534096, 0.6581924204545107, 0.5554646808403266, 0.4324959994151991, 0.1998036124896769]], "inverted": true, "swapped": false, "error_lsq": 0.04944700447301844, "error_max": 0.22673193559763596, "target": "1095.xyz", "model": "9.xyz", "model_rescale": 3.877068213659057, "target_rescale": 3.721769605043597},
{"mapping": [3, 13, 2, 4, 8, 10, 5, 1, 12, 11, 15], "R": [[-0.337298438962271, -0.9412023502985146, -0.01918068992939323], [0.8846984469927776, -0.3238816927198675, 0.33527497223843195], [-0.3217738661889482, 0.09611859816635768, 0.9419250469779172]], "T": [0.021573527934488933, -0.01940034863116645, -0.003753497285871779], "aligned_model": [[-0.3355907946028118, -0.16075837424153333, -0.2361950479591647, -0.6541574066346412, 0.15890836005058043, 0.6907684805000361, -0.30540963820967665, -0.44738953086692645, 0.3554956243164916, 0.6537079963400982, 0.0491598054242095], [-0.5381828515603078, -0.31278989646945704, 0.36916060994249383, -0.009764870694643232, 0.7012407004916545, -0.08790875598023454, -0.31176513324266036, 0.2486734830444417, -0.47377989123358555, 0.15121504558501575, -0.01053744562231113], [0.07409060389894262, -0.6953575361923753, -0.4759092985883456, -0.04097635822153655, 0.23528323214059726, -0.22891009399839873, 0.6432397669912315, 0.6753022297747374, 0.4863796280237681, 0.3367632825851335, 0.0814842401691451]], "inverted": true, "swapped": false, "error_lsq": 0.037561136433466376, "error_max": 0.16880413439967445, "target": "1095.xyz", "model": "10.xyz", "model_rescale": 4.260839863003843, "target_rescale": 3.721769605043597},
{"mapping": [8, 9, 4, 2, 5, 10, 1, 3, 7, 6, 11], "R": [[-0.5423539089874548, -0.8378704472506101, 0.06184942222923685], [0.7292563477995039, -0.432935005843921, 0.5298607929532563], [-0.41717791959804995, 0.3324761560457937, 0.8458263350480738]], "T": [-0.004297043075616076, -0.05021229579893853, 0.14207655326611], "aligned_model": [[-0.18215284601768306, -0.12973942445238623, -0.17898683947256538, -0.6851932965650767, 0.17401000291339996, 0.48604165801826327, -0.4211380843518454, -0.3848320667488023, 0.3818681805626065, 0.7108043758359789, -0.0021421856052276827], [-0.6967952809082282, -0.2161687205952746, 0.394978413935529, -0.04105549323020589, 0.6015630181500127, -0.10920746045576396, -0.3305065294150556, 0.40054425837244717, -0.4723092100929703, 0.27659348057951355, -0.08207548207959808], [-0.11465514284042064, -0.6276350389426563, -0.41235249142954333, 0.06050712828234195, 0.13953889187915022, -0.24447398780049115, 0.6625948834434383, 0.5368482544331935, 0.461945658179579, 0.433766936807509, 0.19530460457079885]], "inverted": true, "swapped": false, "error_lsq": 0.03982628183802079, "error_max": 0.1926988117794002, "target": "1095.xyz", "model": "11.xyz", "model_rescale": 3.890672605050136, "target_rescale": 3.721769605043597},
{"mapping": [8, 7, 12, 5, 10, 4, 6, 9, 1, 2, 13], "R": [[-0.807592576026486, -0.48653270014551686, 0.33328690768768143], [0.21425440957618244, -0.7685795950099895, -0.6028104628417147], [0.549444518695078, -0.41541706491596286, 0.7249409514246943]], "T": [0.004627349641919739, -0.13147896168767415, 0.21756119501467075], "aligned_model": [[-0.3304983329882847, -0.2581892462230662, -0.16849811578353036, -0.6861163037432109, 0.31721793135122894, 0.5682651531296457, -0.2153983133925807, -0.5846326115017607, 0.490921396242401, 0.6139162922872421, 0.02155162473857738], [-0.734388212122763, -0.12260731049290707, 0.4052595033707941, 0.0069327186602176905, 0.6892058384584596, -0.03606980116588729, -0.38427286911574154, 0.3040483948372529, -0.5375702363671877, 0.2245523464114053, -0.08952937821323745], [0.00927711396292119, -0.593495462081133, -0.2693387331974554, -0.11211682045875349, 0.049322996384578655, -0.18773692044258256, 0.6863279727571165, 0.48006650149962304, 0.6691210108312857, 0.30458317896178344, 0.05537885836551534]], "inverted": true, "swapped": false, "error_lsq": 0.04229457549678058, "error_max": 0.2442216926492103, "target": "1095.xyz", "model": "12.xyz", "model_rescale": 4.124412569039231, "target_rescale": 3.721769605043597},
{"mapping": [4, 5, 7, 10, 9, 3, 2, 11, 1, 6, 12], "R": [[0.9673624795393493, -0.11486602954807783, -0.22586639509971818], [0.21603200580542575, -0.09202019614829092, 0.9720403571706857], [-0.13243868636907558, -0.9891097405023823, -0.06420214635153149]], "T": [0.10643382008907709, -0.032128323897685815, -0.003347562782993904], "aligned_model": [[-0.29897268865663973, -0.22000916976272716, -0.18518311935098525, -0.6186126883663471, 0.21263381595608993, 0.7433816351201886, -0.3694913083477802, -0.5327516001139486, 0.4175309710141394, 0.6272294357322159, -0.0072158091075439496], [-0.7058079839842507, -0.2797447565045416, 0.33905487992328653, 0.08430679876245185, 0.5939449357490311, 0.11632204919542828, -0.34405486826470766, 0.3525949813106804, -0.5184690954141206, 0.13336343150930197, -0.045949378022153736], [0.005457776607746372, -0.6404244464884705, -0.4159736215200222, 0.06986510746763956, 0.0701038254514914, -0.287975993234934, 0.6436397761120805, 0.6554261755869613, 0.5707216974599151, 0.38265401804702964, 0.03789538109346249]], "inverted": true, "swapped": false, "error_lsq": 0.04126407330916159, "error_max": 0.29117686480631033, "target": "1095.xyz", "model": "13.xyz", "model_rescale": 3.9028299243045295, "target_rescale": 3.721769605043597},
{"mapping": [6, 7, 10, 9, 13, 4, 1, 11, 2, 8, 15], "R": [[-0.5203170542126024, 0.7760735129955025, 0.35634262377989456], [-0.7720375599163052, -0.24913328246237304, -0.5847141298515037], [-0.3650043413084253, -0.5793466233580231, 0.7287861969258609]], "T": [0.10778895099957131, -0.03130733460443923, 0.1478365214434307], "aligned_model": [[-0.29668663175088006, -0.31478000542851353, -0.03978879833476612, -0.6230625499629382, 0.13254049490626127, 0.4802660523684845, -0.25251761566203645, -0.5020727780100961, 0.4093981313743106, 0.7613094106534904, 0.013933763963345447], [-0.5611528797352506, -0.19418813075177166, 0.3854906193810956, -0.10250174648565182, 0.7635615673591775, -0.026521095879714116, -0.28590906391527654, 0.1716293128530964, -0.4880236454244102, 0.11210245439014456, -0.04892639753103356], [0.13938291198041897, -0.6367227683153872, -0.45204086228082485, -0.10042321295060569, 0.16274093557560795, -0.4183800226078631, 0.6248647105426302, 0.512174382426833, 0.6403726960544517, 0.5336496896892581, 0.08577123646838089]], "inverted": true, "swapped": false, "error_lsq": 0.04200457946048537, "error_max": 0.21263852520557205, "target": "1095.xyz", "model": "14.xyz", "model_rescale": 3.942246331269136, "target_rescale": 3.721769605043597},
{"mapping": [0, 1, 3, 5, 4, 12, 7, 9, 8, 11, 14], "R": [[-0.25429572395153116, -0.23917201549072709, 0.9370861389360481], [0.9625851139601083, -0.15638186322943698, 0.2213020814075085], [0.09361401157077148, 0.9583013408416966, 0.2699906609100293]], "T": [0.018636495790921345, 0.0944833233839974, 0.16803251423315788], "aligned_model": [[-0.13727152591555364, -0.20734607799526206, -0.08526208061303048, -0.5431531326361856, 0.2569182837247008, 0.40931043617026286, -0.332250410359015, -0.5730804667849514, 0.4000270974219177, 0.5858230791491569, -0.00517572804537841], [-0.6210357064897165, -0.1784888602985169, 0.38679907191837903, 0.09920712837821305, 0.6115288683871059, -0.15092756177195366, -0.452808575617422, 0.24294164427249587, -0.4794164723812416, 0.2574430010813106, 0.010318456781752416], [0.10137901076627129, -0.5607057783391418, -0.4802764549170947, -0.12717869362864428, 0.028212376720263582, -0.5066701076071607, 0.7233067388366282, 0.6933833201631695, 0.5201988949340351, 0.5752849516227323, 0.12445543803184092]], "inverted": false, "swapped": false, "error_lsq": 0.043614540505244236, "error_max": 0.2913805897688189, "target": "1095.xyz", "model": "15.xyz", "model_rescale": 4.355366556412066, "target_rescale": 3.721769605043597},
{"mapping": [8, 2, 0, 1, 5, 4, 10, 9, 6, 3, 11], "R": [[-0.8734923434325199, 0.28500562524499534, -0.3946934500894004], [-0.47048585957552463, -0.2858297558015799, 0.834831963114667], [0.12511667316646619, 0.9149170149675425, 0.38376121979511846]], "T": [-0.05981089010896142, 0.03410504318791001, 0.19457176636882878], "aligned_model": [[-0.3497557101439124, -0.16062070741245568, -0.11472996246978384, -0.5688362509040419, 0.1517571824506382, 0.5486970213684688, -0.22322461107853822, -0.5545594904401836, 0.4755236502372217, 0.5152662535951679, 0.04902209891408076], [-0.6672175903462797, -0.34166013126759315, 0.4310108416057124, -0.01638681116288844, 0.6430297741887747, -0.0093870775196951, -0.36875044813140206, 0.5209143646278322, -0.586000992003331, 0.1398143922222757, -0.019805327952999982], [0.08914557967662289, -0.5466187058761016, -0.39140070846236874, 0.013075160019114213, 0.18009749381582496, -0.2767628156877757, 0.6509041096254099, 0.4557077697492732, 0.26515078613568405, 0.4931162708483821, 0.15897475673883418]], "inverted": false, "swapped": false, "error_lsq": 0.053451710150681404, "error_max": 0.32622051103749405, "target": "1095.xyz", "model": "16.xyz", "model_rescale": 3.795458400668931, "target_rescale": 3.721769605043597},
{"mapping": [7, 3, 6, 0, 5, 8, 4, 2, 11, 9, 12], "R": [[0.6058991879434074, -0.3152937481583864, -0.7303944320856749], [0.439666458887052, -0.6324440808275625, 0.6377365361619951], [-0.6630079780660559, -0.7075339829283225, -0.2445732692310111]], "T": [-0.09035871549215474, -0.047360588018247635, 0.14881947753848265], "aligned_model": [[-0.29901675791623017, -0.19967866900076453, 0.0734351535947845, -0.5993209123299921, 0.0719570130694216, 0.4470315460402768, -0.329274300905462, -0.47834233808639176, 0.49338977308950754, 0.6724439801462612, -0.08408501358474929], [-0.6418318586036872, -0.233219386562437, 0.33301098643067306, 0.058995123720126136, 0.7112238620288833, -0.2503335818913396, -0.3698431155539811, 0.25201995615330797, -0.5277268674173549, 0.40749566075039056, -0.01422978479417518], [-0.03649217704978591, -0.6295683380383653, -0.38584386029997253, -0.1351811073886178, 0.1767451007731518, -0.208532509839554, 0.6532202615040267, 0.6600805095868506, 0.43834721181948977, 0.24465120254384215, 0.3139634029718339]], "inverted": true, "swapped": false, "error_lsq": 0.05274652274414578, "error_max": 0.2886939884648699, "target": "1095.xyz", "model": "17.xyz", "model_rescale": 3.7474275329858107, "target_rescale": 3.721769605043597},
{"mapping": [7, 11, 3, 1, 8, 5, 2, 0, 9, 4, 13], "R": [[-0.2808823593463459, -0.47899175587351317, 0.83166820187695], [-0.2446671661943337, -0.8021852891902986, -0.5446436813120221], [0.9280318302700964, -0.3564627043771704, 0.10812614112068125]], "T": [0.020992575242828694, -0.08686011240701264, 0.028441428619283046], "aligned_model": [[-0.2500146261170617, -0.2814438938888116, -0.27835519757730476, -0.66576962826654, 0.23329132809715347, 0.7311965292181007, -0.373748804190046, -0.2820373727479085, 0.40298892674074677, 0.5538344487393738, -0.02140223589104024], [-0.7772644796443563, -0.25912585015017353, 0.37957382605509743, -0.010759823700870808, 0.5995413541022522, -0.031048300107695492, -0.2933843359235712, 0.4263251477107973, -0.5044793482974248, 0.27200432810162567, -0.07582152388527436], [-0.10314956099239243, -0.6044830214891366, -0.36324655085875074, -0.0044954610255378835, 0.0032081662632383323, -0.09691933891206715, 0.5810350517040924, 0.6149191606768746, 0.38536877012265197, 0.5542947096851328, 0.12485777140879395]], "inverted": false, "swapped": false, "error_lsq": 0.046051280760140624, "error_max": 0.2506604581503167, "target": "1095.xyz", "model": "18.xyz", "model_rescale": 3.922800546911778, "target_rescale": 3.721769605043597},
{"mapping": [8, 12, 7, 13, 9, 0, 6, 10, 1, 2, 14], "R": [[-0.13828799844615175, 0.5646619270685965, -0.8136543108746713], [0.9188560969693313, 0.3797111314833149, 0.10734490993963064], [0.3695671827260151, -0.7327867116336375, -0.5713525467739831]], "T": [-0.07712476808333818, -0.11190199849889886, 0.07445338947942343], "aligned_model": [[-0.357109591726312, -0.15551421095852325, -0.22366895477571708, -0.7129385242658097, 0.17841780446247296, 0.7198100929306905, -0.22381033909828935, -0.1882880517893684, 0.39435137208035653, 0.41946676275208855, -0.08217688549492698], [-0.6559520152800717, -0.2134674352689448, 0.4766889724098579, -0.062347833714658525, 0.6561651931247727, -0.18530913244792363, -0.3929777423034877, 0.3465344064850331, -0.49003731034818976, 0.2798281394467877, -0.03356424784276914], [0.07740834999305637, -0.7015321785989663, -0.4454470715417334, -0.18069166538517373, 0.16113654056992469, -0.1662722960275838, 0.6870279085494109, 0.7287311853768594, 0.5018957354453202, 0.4107171450573433, 0.018416043144441646]], "inverted": false, "swapped": false, "error_lsq": 0.04587749023395149, "error_max": 0.23984214030547704, "target": "1095.xyz", "model": "19.xyz", "model_rescale": 3.9282355846067225, "target_rescale": 3.721769605043597},
{"mapping": [6, 8, 9, 4, 10, 7, 3, 0, 5, 2, 13], "R": [[0.9652537972212646, -0.2454169402085396, -0.08975317492216268], [-0.04910834264384448, -0.507711786655736, 0.8601262188618688], [-0.25665828962397647, -0.8258324691785368, -0.5021227491538065]], "T": [-0.003907919714319686, -0.023283351337632745, 0.011308284188542059], "aligned_model": [[0.018828044780626375, -0.4595001494814108, -0.10118530099507707, -0.6315405264077406, 0.2742591762354122, 0.5652580194525582, -0.3575959202111294, -0.47654718766810866, 0.29014100616408406, 0.6448593026441924, 0.0015630096032550013], [-0.6743899158994886, -0.21246463092231446, 0.34348877463906197, -0.08677180125820952, 0.7690304499218817, -0.1451520860059629, -0.35448282542453824, 0.338848617019973, -0.4740828925527544, 0.1599240196793976, 0.061613285063359724], [-0.037552452195661626, -0.5677148092703791, -0.566999716737849, 0.04891643066927571, 0.2039121679916906, -0.21071856459837573, 0.58712663732665, 0.5457889181486427, 0.4562859859653669, 0.4848611964994337, 0.14748390278410473]], "inverted": false, "swapped": false, "error_lsq": 0.04818429155847275, "error_max": 0.27748653269747214, "target": "1095.xyz", "model": "20.xyz", "model_rescale": 4.067790424073018, "target_rescale": 3.721769605043597},
{"mapping": [13, 1, 7, 9, 0, 8, 11, 12, 6, 2, 14], "R": [[-0.805090370182743, -0.2471077434196981, -0.5392283922245182], [0.5777248037534569, -0.12068985180241693, -0.8072595684164671], [0.13440069556011985, -0.9614425218461766, 0.23992651003801285]], "T": [0.0764498374311923, -0.09788383758202847, 0.14173558696369698], "aligned_model": [[-0.2261301047470368, -0.2869562447205687, -0.07869228021418814, -0.607523746519157, 0.2536136866903914, 0.34538431854709917, -0.2690607608996175, -0.5153251253319928, 0.49633236046328477, 0.6569860500088021, -8.867916035523726e-05], [-0.7244984801053783, -0.22724358530459238, 0.3814434653798814, 0.1355767899159639, 0.5899170633183567, 0.030049016282655147, -0.33866240717019047, 0.24407637289764572, -0.47265083564136323, 0.22041839402315166, -0.11286479933572399], [0.0647747303939328, -0.5824930899078291, -0.4085736144645135, -0.14414230888564777, 0.14269514792650057, -0.344551701060583, 0.6323274344778118, 0.4879717416226456, 0.6221575543144529, 0.48141680042734825, 0.13980700173878088]], "inverted": false, "swapped": false, "error_lsq": 0.039778093586934175, "error_max": 0.25950235486341167, "target": "1095.xyz", "model": "21.xyz", "model_rescale": 4.186013935880536, "target_rescale": 3.721769605043597},
{"mapping": [4, 3, 5, 11, 2, 0, 10, 9, 7, 1, 12], "R": [[0.3839686054293879, 0.41528718101951356, 0.8246845865696029], [-0.5356714028046624, -0.6272954112460041, 0.5652933886461009], [0.7520799547002275, -0.6588148634560185, -0.018404277424866056]], "T": [-0.045833108168227554, 0.025739395642236065, 0.11792316390571934], "aligned_model": [[-0.3299371738417422, -0.258226669044034, -0.006882439556141151, -0.664920300272887, 0.12977822000276995, 0.6217054381698959, -0.31321091098872117, -0.22176283282083614, 0.31255984807064624, 0.5667703732983305, -0.0673340789006191], [-0.6415608888687617, -0.30525019111822466, 0.3904754952233474, 0.038068368118262724, 0.7297813389024276, 0.12395727994798494, -0.47482643636767863, 0.20318561403458915, -0.5023246595486314, 0.1642483950622566, -0.00019332112516655744], [0.07778142842023876, -0.7173453698552636, -0.5632443626190594, -0.006756520572197833, -0.03434241465169054, -0.14001864612448656, 0.7296767017140207, 0.6862649024752552, 0.4798991056678626, 0.492963785048367, 0.08651108707985336]], "inverted": true, "swapped": false, "error_lsq": 0.04877928817603177, "error_max": 0.26311636772096264, "target": "1095.xyz", "model": "22.xyz", "model_rescale": 4.166573947596378, "target_rescale": 3.721769605043597},
{"mapping": [10, 9, 3, 8, 2, 12, 7, 0, 13, 6, 15], "R": [[0.642519034052121, 0.7458196475364873, -0.17584750276668615], [0.1176726535493029, -0.32279862734909137, -0.9391241626048223], [-0.757180584462779, 0.582712707541283, -0.295166839232513]], "T": [0.0256656092285834, 0.017487103210680418, 0.0150614722057891], "aligned_model": [[-0.14940152034019633, -0.17100995649271314, -0.16304111064808918, -0.7754627497603769, 0.2228975687266494, 0.6288552290971643, -0.3241680024195416, -0.44918980924516777, 0.26688519342923783, 0.6440442682122479, 0.0381303635574473], [-0.6917401249046385, -0.21166382284613044, 0.42768742630336914, 0.011731908900747458, 0.6599431801965235, -0.07574152428068398, -0.32969860153784636, 0.24278398639619908, -0.6579383196021079, 0.3079034464276313, 0.04229343920734266], [0.18025672682434093, -0.5038390396629199, -0.38186688508820077, -0.09557021576513838, 0.049105304034851666, -0.22337522951626212, 0.5332006216914399, 0.6399689924125989, 0.4649800751907891, 0.35028350858305823, 0.07824583787834177]], "inverted": false, "swapped": false, "error_lsq": 0.041799942117489226, "error_max": 0.2584687117449905, "target": "1095.xyz", "model": "23.xyz", "model_rescale": 4.274766983524099, "target_rescale": 3.721769605043597},
{"mapping": [3, 2, 1, 0, 9, 4, 6, 8, 5, 7, 10], "R": [[0.5518523986792152, -0.3850473588686475, -0.7397279645249836], [-0.7689690886767653, -0.5782075334047493, -0.27269504757809687], [-0.32271577391200024, 0.7193153548634108, -0.6151747308904227]], "T": [-0.10972610929541429, -0.03913655618109699, 0.1560548389843003], "aligned_model": [[-0.17630906039833252, 0.0016619361766580243, -0.17094709354843318, -0.8326148613247446, 0.33117029019657596, 0.46190417545629503, -0.2823893490443369, -0.2881151524912764, 0.5103577543856708, 0.3423918207503629, -0.12857098604177733], [-0.568744219879501, -0.3123659700077358, 0.3619935797285072, -0.052147507176853264, 0.6831546263759266, -0.1289817698115769, -0.3905178550675056, 0.4698334569099123, -0.5287314364767903, 0.16046147839591174, 0.03160661127011097], [-0.020287773467324632, -0.7612291473119809, -0.3541705873284654, 0.00297998963304022, 0.048485007913256134, -0.23490201548034687, 0.7053577104031693, 0.6601758589251067, 0.3610763105498263, 0.5520125114770995, 0.1318918312695186]], "inverted": true, "swapped": false, "error_lsq": 0.061678518866361935, "error_max": 0.33053892621659053, "target": "1095.xyz", "model": "24.xyz", "model_rescale": 3.7841303162186577, "target_rescale": 3.721769605043597},
{"mapping": [6, 7, 10, 11, 9, 8, 3, 13, 4, 2, 15], "R": [[0.7058596146060823, 0.5171046682925851, 0.48411255560888805], [0.658428456674943, -0.7309973702034196, -0.1792060607131849], [0.2612167144514415, 0.44524780379660545, -0.8564579506931405]], "T": [0.061283715752095645, 0.03008242095177156, 0.02620439926527325], "aligned_model": [[-0.22494257134358778, -0.25439717627042785, -0.21656079498700967, -0.6954936308331734, 0.2836714785564663, 0.6260695017377229, -0.28201989414603384, -0.5344959865691199, 0.35901448338192077, 0.6787772904703079, 0.028916774119596485], [-0.6265655747649809, -0.18724516427989574, 0.5101292921325622, -0.09068647669648454, 0.564173386383767, 0.010759323662495168, -0.33540888958501036, 0.2765042628888004, -0.5224209324391689, 0.1538634448412392, -0.027541677882917465], [0.12062036475639286, -0.4990763401584139, -0.5193343570104649, -0.019952834391765747, 0.11240899383487692, -0.14729320157868492, 0.6567284836475987, 0.4692877090270452, 0.42969018260425984, 0.44114170926983337, 0.047168986582221864]], "inverted": true, "swapped": false, "error_lsq": 0.042187999642363146, "error_max": 0.22215472685817034, "target": "1095.xyz", "model": "25.xyz", "model_rescale": 4.19342608120988, "target_rescale": 3.721769605043597},
{"mapping": [8, 2, 0, 1, 5, 4, 10, 9, 6, 3, 11], "R": [[-0.8734923434325199, 0.28500562524499534, -0.3946934500894004], [-0.47048585957552463, -0.2858297558015799, 0.834831963114667], [0.12511667316646619, 0.9149170149675425, 0.38376121979511846]], "T": [-0.05981089010896142, 0.03410504318791001, 0.19457176636882878], "aligned_model": [[-0.3497557101439124, -0.16062070741245568, -0.11472996246978384, -0.5688362509040419, 0.1517571824506382, 0.5486970213684688, -0.22322461107853822, -0.5545594904401836, 0.4755236502372217, 0.5152662535951679, 0.04902209891408076], [-0.6672175903462797, -0.34166013126759315, 0.4310108416057124, -0.01638681116288844, 0.6430297741887747, -0.0093870775196951, -0.36875044813140206, 0.5209143646278322, -0.586000992003331, 0.1398143922222757, -0.019805327952999982], [0.08914557967662289, -0.5466187058761016, -0.39140070846236874, 0.013075160019114213, 0.18009749381582496, -0.2767628156877757, 0.6509041096254099, 0.4557077697492732, 0.26515078613568405, 0.4931162708483821, 0.15897475673883418]], "inverted": false, "swapped": false, "error_lsq": 0.053451710150681404, "error_max": 0.32622051103749405, "target": "1095.xyz", "model": "26.xyz", "model_rescale": 3.795458400668931, "target_rescale": 3.721769605043597},
{"mapping": [3, 4, 11, 10, 8, 9, 7, 5, 0, 1, 12], "R": [[0.935769655424773, -0.33417033826781967, 0.11254037945632243], [-0.03836986484424737, 0.22076564475073518, 0.974571846284114], [-0.35051805297022326, -0.9162929199332293, 0.19376372060373062]], "T": [0.1379649707431719, 0.0331166582412601, 0.06436162945557694], "aligned_model": [[-0.014997906855367421, -0.3214472789922599, -0.1138616693684614, -0.5658693233921869, 0.1448985259674218, 0.3941458805221143, -0.4282045208434463, -0.363210825084463, 0.36483618788242, 0.6359808957404203, 0.03626950854047031], [-0.6889459305133642, -0.22470632160837922, 0.4299804225482384, -0.015152482562536776, 0.7428729446667305, -0.14120845607051913, -0.3436936731791933, 0.3372701638294229, -0.5688160203060345, 0.2200757504541458, -0.022115402998104584], [0.046910702672113905, -0.5847384233029072, -0.4747645966209472, -0.035507309430728634, 0.22852511442604856, -0.23288639173283526, 0.5089672744498508, 0.5367745151765348, 0.5911250425961911, 0.3239374504391539, 0.18304631791042456]], "inverted": false, "swapped": false, "error_lsq": 0.040579934847022596, "error_max": 0.2255838722956409, "target": "1095.xyz", "model": "27.xyz", "model_rescale": 3.6321398670334006, "target_rescale": 3.721769605043597},
{"mapping": [6, 7, 3, 8, 0, 1, 9, 10, 13, 2, 14], "R": [[-0.38813102360115037, -0.9061480070885939, -0.16807765398080937], [-0.8952347101832894, 0.3273883111659057, 0.302277533725181], [-0.21888152549122336, 0.2677922384261829, -0.9382847088369977]], "T": [-0.07436215784600048, -0.024133611759463318, 0.07311074922626677], "aligned_model": [[-0.047241113457809784, -0.39702911939550517, 0.015000067450631038, -0.547725658764314, -0.001710408419427878, 0.5352125799530005, -0.3160364132257663, -0.4838834756712683, 0.3734596460782639, 0.655241960016373, -0.01674859044751508], [-0.8003267226507934, -0.145547850009004, 0.387646704043906, 0.12781854514459667, 0.5848156350402276, -0.08064884221546062, -0.34076514113776823, 0.37582068919581296, -0.5145928058079824, 0.1811088729995558, -0.04976809034268436], [0.09949522755916752, -0.6211744937960452, -0.4691174722535492, -0.06784014223996236, 0.18849806372484584, -0.1961323823668889, 0.6096833818776353, 0.599419100281652, 0.5478556731773762, 0.31600376555367526, 0.08469897506499294]], "inverted": false, "swapped": false, "error_lsq": 0.04472416859047004, "error_max": 0.23800742032036373, "target": "1095.xyz", "model": "28.xyz", "model_rescale": 4.156811204709835, "target_rescale": 3.721769605043597},
{"mapping": [3, 0, 6, 8, 5, 1, 7, 4, 9, 10], "R": [[-0.6473573071963354, 0.5487614200580104, -0.528951246028805], [-0.0023369609881476183, -0.6954175496402906, -0.7186020945319], [-0.7621830852445162, -0.4639561784352159, 0.4514660663426885]], "T": [-0.2502218955079546, -0.06698702871872199, 0.08390765523629576], "aligned_model": [[-0.697037440710033, -0.002274802307601881, 0.05625744388371745, 0.5991175732230759, 0.026160264988471793, -0.6651068285839754, -0.33808006931757684, -0.4409210248981722, 0.2646142336087659, -0.15980397577608357], [-0.16377360212435393, -0.48875079632866053, 0.11594450060125454, -0.0009993759927816176, -0.3208898482875914, -0.692072109129287, 0.6118240026736551, 0.4683478690883712, 0.4229959431387311, -0.03390625301313381], [-0.337498366666778, -0.43933370771344216, -0.6433703961086992, -0.06558157667231576, 0.5739770201702981, 0.04776442807912204, -0.383462069875145, 0.5046309672008673, 0.4463350569744442, 0.05532537158674782]], "inverted": true, "swapped": true, "error_lsq": 0.05659289604316423, "error_max": 0.2861129826928187, "target": "1095.xyz", "model": "29.xyz", "model_rescale": 4.117894457231895, "target_rescale": 3.721769605043597},
{"mapping": [8, 5, 9, 6, 11, 3, 7, 10, 4, 12, 14], "R": [[0.2639616571946484, 0.47627970759933275, -0.8387382688658895], [-0.24895937756414782, 0.8737565448570729, 0.41781422742925134], [0.9318494899145071, 0.09852482148435573, 0.3492125251155073]], "T": [0.05336364904840785, -0.06742797423976735, 0.06830474674821586], "aligned_model": [[-0.375739792646564, -0.30205580862182624, -0.2452979842329786, -0.5797543628593101, 0.23829153644561482, 0.5792735443988338, -0.22612458376555888, -0.4113700177321413, 0.47648638876302907, 0.5945892646459298, 0.020241289721633554], [-0.6050160379636675, -0.2202848662948299, 0.36714837823100555, -0.024301920460839732, 0.6304220242759621, -0.11041682044999351, -0.31175847601544027, 0.2761970185067705, -0.5080606933375973, 0.2889964241256153, -0.05736403635657934], [-0.10098493611598934, -0.6707916956668576, -0.26601341801292194, -0.02704287893299069, 0.0026489294639642086, -0.07773272151193249, 0.6060710477328299, 0.4928815336947001, 0.544054729568558, 0.4779563110468903, 0.11034279531664881]], "inverted": false, "swapped": false, "error_lsq": 0.04071534846062007, "error_max": 0.22459536559389215, "target": "1095.xyz", "model": "30.xyz", "model_rescale": 4.100398675895297, "target_rescale": 3.721769605043597},
