[{"mapping": [1, 2, 10, 3, 14, 4, 6, 7, 9, 12, 8, 11, 5, 15], "R": [[-0.7916840498840684, -0.6105895252526403, -0.02041560214432181], [0.44806385445705244, -0.6030226958918269, 0.6600018261856875], [-0.41530127315991844, 0.5133654252977196, 0.7509865462314503]], "T": [0.0415748479249445, 0.0701294512183545, 0.12985989562466424], "aligned_model": [[0.0771614632589753, 0.18280585143366274, -0.4281328846188153, -0.4247538168263663, -0.6308359271783484, -0.16351013199706949, -0.7287057031352573, 0.021854132341727082, -0.33873437088549024, 0.20806416275072367, 0.5788367989352826, 0.29131510357901846, 0.6939418901197227, 0.032185533350537324], [-0.5786941563286861, -0.28248083091410875, -0.38481266072173825, -0.3959680336955815, 0.2705784795507622, 0.22774775329063057, 0.1695144243687205, 0.48504309945414414, 0.6790991735797729, -0.2353230949838337, 0.5339227621009148, 0.7620524317815279, -0.18297978760709094, 0.1675737719346007], [0.17076044942426075, -0.44656396180918845, 0.4198063003339183, -0.20599104329203247, 0.4667677407668819, -0.6925339945478671, -0.038849970017686974, 0.6548319262516579, 0.06438107185532724, 0.6837207034482154, 0.48638811945982285, -0.1433440395624204, 0.3574955551767298, 0.12071922969221491]], "inverted": false, "swapped": true, "error_lsq": 0.040934817042229295, "error_max": 0.2974983427698562, "target": "1096.xyz", "model": "0.xyz", "model_rescale": 3.8414455957264533, "target_rescale": 4.363245622946907},
{"mapping": [9, 14, 8, 13, 7, 12, 5, 11, 2, 0, 1, 6, 3, 4, 15], "R": [[-0.7399815577095249, -0.045563370308131845, -0.671082166009461], [0.6636969694842534, 0.11257618553296528, -0.739481531309786], [0.10924114127563744, -0.9925978952914478, -0.053064030338684176]], "T": [0.05873652558202042, 0.012556457402234081, -0.07048726952872686], "aligned_model": [[-0.6203425106002609, -0.5869735782549619, -0.029117458155742675, -0.20206115675019026, -0.3790948713971229, 0.2694801474163273, 0.606981984758788, -0.24133555869274864, 0.5375791173378242, 0.25818204809972084, 0.5567321450363725, -0.46161702593354487, 0.18826189312287378, -0.00669775081659834, -0.017933271666191457], [0.12595347730414355, 0.08961499552421852, -0.6941434441851944, -0.3947404763261381, -0.4892054771190637, -0.43310952670400027, -0.47577396840078445, -0.09973464489555349, 0.4676263825734916, 0.17003562740423997, 0.12808948202087606, 0.5633557197784979, 0.6627888440433392, 0.7264223634402203, -0.000134826415277527], [0.143427385234504, -0.4982061059833848, 0.2812568707943488, -0.6712714358587208, -0.1388722382046933, -0.5003136307983618, -0.021239429499317022, 0.6458335029685119, 0.12992681770505182, 0.5794981274872719, -0.4736793074326851, -0.3103307038471785, -0.3990084480081113, 0.4084165959804424, -0.0102562131981433]], "inverted": false, "swapped": true, "error_lsq": 0.03292314570565772, "error_max": 0.17805129870859052, "target": "1096.xyz", "model": "1.xyz", "model_rescale": 4.316132596720782, "target_rescale": 4.363245622946907},
{"mapping": [1, 10, 12, 0, 5, 2, 8, 4, 7, 3, 9, 15], "R": [[0.5480505964916573, 0.6329670580977818, 0.5468027496713765], [0.6311125631376691, -0.7419449133353495, 0.22630660225809243], [0.5489421429758699, 0.22106661651827988, -0.8060968147351903]], "T": [0.016556193113648164, 0.026924188113742625, -0.07011942811712653], "aligned_model": [[-0.13808743369802576, 0.4521662297133158, 0.09081180133002914, -0.5267600319183976, -0.4671605864105032, -0.4729449466219537, -0.14484236099278572, -0.1952421758033305, 0.3928847741508492, 0.128957381471659, 0.43640399927032214, 0.04162190414060175], [-0.5649202306893978, -0.48630922747347793, -0.512264478145342, 0.4523790463913348, -0.33680460635113224, -0.01778089252404436, 0.23867458867529098, 0.5650888683866373, 0.14454094638010684, -0.20026847240215348, 0.6130044670966684, 0.11743641839649022], [0.15285337026982204, 0.17175234363403552, -0.4328085942107374, 0.03406725508109186, -0.4886698782475456, 0.4145812638560266, -0.8184370666960069, 0.5692203223768894, -0.6111194025399674, 0.6250457393405646, -0.06801531783345584, -0.0992115738212956]], "inverted": false, "swapped": true, "error_lsq": 0.04693901292739125, "error_max": 0.23764987283008282, "target": "1096.xyz", "model": "2.xyz", "model_rescale": 3.795458400668931, "target_rescale": 4.363245622946907},
{"mapping": [8, 0, 5, 3, 7, 10, 2, 9, 4, 6, 12, 15], "R": [[-0.9611117002809112, -0.10093563533071878, -0.25705310171931445], [0.20197347206522717, -0.8917182984787011, -0.40502492854164823], [-0.1883375059966893, -0.44119210518620405, 0.8774272107453204]], "T": [0.00108708109532505, 0.0396366891314089, 0.031612025742202315], "aligned_model": [[-0.24847055338248925, -0.10951632379655118, -0.7105823803526845, 0.18749467061332276, 0.1602293582148116, 0.09975463968653031, -0.2170916243419396, 0.6544958839573866, 0.38276275269994986, 0.7183474500184879, -0.3869539259837744, 0.06283387841051538], [-0.037248408624595816, -0.6489604995882476, 0.06724726149900642, 0.1069770707816849, 0.341673646373278, 0.6335937958794163, -0.37613973087744257, -0.08612590439380514, -0.632284117018214, 0.16366864862811298, 0.5529417289347416, 0.0004255536957742667], [-0.7185057532970514, 0.005921165798752681, -0.15339951972536525, 0.7445093716149086, -0.5442224011110155, 0.41780662054762163, 0.5376482812564491, -0.2458900597266129, 0.41381773043441317, 0.35071413352336966, -0.08553684242583239, -0.03409129625053714]], "inverted": true, "swapped": true, "error_lsq": 0.04430288997699756, "error_max": 0.29013691062023594, "target": "1096.xyz", "model": "3.xyz", "model_rescale": 3.7530521520055578, "target_rescale": 4.363245622946907},
{"mapping": [9, 0, 4, 2, 6, 5, 14, 7, 13, 1, 15], "R": [[0.1521530655839829, 0.31796967498714956, -0.9358123371819604], [-0.9847982925151421, -0.03150200755744348, -0.17082138794399235], [-0.08379598852365994, 0.947577389614388, 0.3083428659770246]], "T": [-0.07661300889578641, 0.06217149273387089, -0.0032227289563856436], "aligned_model": [[-0.3761370683336312, -0.008252223823171548, 0.36284947584316124, 0.4904422295876952, 0.17902853921516743, -0.2189863489363042, -0.22955600806301857, -0.6947423806604308, -0.3950223093957982, 0.36913109851012044, -0.14055540149858464], [-0.5860968208766025, 0.10335857880811859, -0.40425736128593537, 0.21165498076168188, -0.6536793952364501, 0.7812419395449963, -0.4954688639055781, -0.036758456870887454, 0.0984572191189335, 0.44866432268565176, 8.721557041746486e-05], [-0.10221885218285215, -0.6965405844713674, -0.5798958923476696, -0.3674310678944429, 0.2288923805610803, -0.06750773956554536, 0.5178037878405527, 0.23398355234561116, 0.698308953338159, 0.27218028357466406, -0.04474404395287378]], "inverted": false, "swapped": true, "error_lsq": 0.04803440965286834, "error_max": 0.23617593510491428, "target": "1096.xyz", "model": "4.xyz", "model_rescale": 3.7855080009869324, "target_rescale": 4.363245622946907},
{"mapping": [14, 10, 9, 3, 2, 8, 0, 6, 13, 1, 5, 12, 7, 7, 4, 16], "R": [[0.42604979842919377, 0.8390675256338138, 0.3383005419522599], [0.5331871568827058, -0.5349723338830759, 0.6553747460156151], [0.7308850969843211, -0.09884477430013289, -0.6753048834413797]], "T": [0.015085187953520658, -0.0720767247534985, 0.046767808401000845], "aligned_model": [[0.05052162530191996, -0.44985341247706306, -0.057793489775323774, 0.27787804119395876, 0.5360423909039808, -0.6790015292986576, 0.6829378865630296, -0.1485997489600605, -0.3493127595809459, 0.7134612339658395, 0.19367269576677146, 0.2843695143819661, -0.24554422150980826, -0.24554422150980826, 0.3389309302731379, 0.021713422376281502], [-0.6331796881556048, 0.3370192101942917, -0.13835880554198757, 0.19589350453589346, -0.2660366486015428, -0.07347409928137211, 0.32908303579648246, 0.04813537109535479, -0.5810131476327692, -0.13851917660358354, 0.6876726712660016, -0.6696353368754335, 0.5801926017230911, 0.5801926017230911, 0.4012646162461767, -0.10625395152336285], [-0.32953675163288565, -0.3372073052627989, -0.6583629619869364, -0.5376536815354838, -0.43982116415549427, 0.1631789343389617, 0.007812670152088454, 0.6671171950422592, 0.4115492390891852, 0.33130293441836733, -0.16768638698897134, 0.22972933339748225, 0.3075100346254493, 0.3075100346254493, 0.5137503497742659, 0.005844271474882735]], "inverted": true, "swapped": false, "error_lsq": 0.04214513028537841, "error_max": 0.3448376182102291, "target": "1096.xyz", "model": "5.xyz", "model_rescale": 4.2253639853439635, "target_rescale": 4.363245622946907},
{"mapping": [11, 4, 1, 5, 2, 10, 12, 8, 6, 9, 3, 13, 7, 15], "R": [[-0.11787160838543526, -0.6409572314877874, 0.7584722218645465], [0.8759660754089458, 0.2926614430595403, 0.38344845087567747], [-0.46774963246300905, 0.7095936211310097, 0.5269603155655098]], "T": [0.043933603079916284, -0.09059746718631231, -0.00291649664038314], "aligned_model": [[0.6592801528362584, -0.15888232218495435, -0.46883583811697277, 0.20475636961387958, -0.3508612620767809, -0.4720623449809112, 0.027561070315021724, 0.7861705408633077, -0.2834046659342226, 0.3545958365195779, -0.6609579330762607, 0.08570003920549096, 0.5328237264742814, 0.11817878330006831], [-0.006133157610683004, 0.10261599186174605, -0.423223164041698, -0.7664782537545943, -0.42318213280155115, 0.13092223996611094, -0.33917636181490873, -0.3193050441414784, 0.6213242095922559, 0.5248646435645655, 0.07614580802390455, 0.14357656269516764, 0.160453213551457, -0.0373054084553038], [-0.4824813000175439, -0.8182503843406976, 0.2214470078974572, 0.2395422382665427, -0.46124948201241905, 0.4401904856558197, 0.6018332182761283, 0.1633489118098604, -0.1359191385930399, -0.213776801040518, -0.15401164749115998, 0.7307495897978878, 0.3793110246144595, -0.039175513891328624]], "inverted": false, "swapped": true, "error_lsq": 0.03844682907030252, "error_max": 0.2620308326934247, "target": "1096.xyz", "model": "6.xyz", "model_rescale": 3.89814844738969, "target_rescale": 4.363245622946907},
{"mapping": [3, 10, 14, 2, 9, 12, 1, 4, 0, 5, 7, 11, 15], "R": [[0.9059686816814314, 0.06302043006694377, 0.41862772627549105], [-0.4199795120750287, 0.2582283222100756, 0.8700203118581721], [-0.053272481166460245, -0.9640262231924749, 0.26041406211574347]], "T": [-0.09754704272723033, 0.13203824441674797, -0.009877020329242276], "aligned_model": [[-0.03150644589092394, -0.04020693677215596, 0.5355451172891472, -0.4156329365809326, 0.5873562942629545, -0.43791570384599066, -0.5439396732732916, 0.18500601835321243, -0.23157125857049873, -0.7659071530479035, 0.169328398053291, 0.1654014218864204, -0.02732534095910613], [-0.3710905190592252, 0.23193697805918612, 0.39615024646438013, -0.48056621641259145, 0.14968254103571224, 0.6197390207909018, 0.0274695938162742, -0.6536610734036843, -0.2918373002564738, 0.39481287682573585, 0.7286643918111816, 0.06825208949258596, 0.14422863630650237], [-0.5483983561328548, -0.7158507819503334, -0.37765701822605435, -0.018921882949734865, 0.2145395539336533, -0.2820513608314, -0.4721651911795963, 0.20477488015488915, 0.5281064868217682, 0.15046415814629316, 0.13487315897826044, 0.7267079563873696, 0.057853427684035424]], "inverted": false, "swapped": true, "error_lsq": 0.04902692052992354, "error_max": 0.296753723522183, "target": "1096.xyz", "model": "7.xyz", "model_rescale": 3.7474275329858107, "target_rescale": 4.363245622946907},
{"mapping": [4, 0, 11, 9, 8, 14, 6, 10, 7, 13, 3, 1, 2, 5, 15], "R": [[0.7367421821863831, 0.5316583640436053, -0.41779222219869494], [0.4459467649468535, 0.08240776703800895, 0.891257786931057], [0.508273981058132, -0.8429402967436583, -0.17637804938549254]], "T": [0.055922024700007913, -0.008385407472168767, 0.04775914075169009], "aligned_model": [[-0.3717587592954968, 0.2547751362752866, 0.3700006158086897, -0.14669037095507853, 0.7862356724603828, -0.37861518514580755, -0.668886520644176, -0.38708759458717595, 0.3307075157156192, 0.07453798750641107, -0.6040396364016586, -0.07063034498998698, -0.11083717212345641, 0.6541912600276502, 0.07025111868754366], [0.2217102552285637, 0.285430817259611, -0.2701646666455431, -0.5838727075125635, -0.3120239674575699, -0.6172067191313484, -0.31767404048519604, -0.02312468046021552, -0.5994094063695896, -0.4438083457620768, 0.3159721533885361, 0.46414477611929605, 0.6149465210917053, 0.33367775231925784, -0.07947977960327404], [-0.6645471288670542, -0.5532306161261779, -0.6220126521756635, -0.3363362714136801, -0.025128542699098297, 0.26301940945402147, -0.05551541119479976, 0.6091786166184818, 0.20047273448416358, 0.6840830744419025, 0.12990486962110354, 0.47742303209382486, -0.19758418592375093, 0.30569664247341977, -0.018628915090432324]], "inverted": true, "swapped": true, "error_lsq": 0.044644332208851785, "error_max": 0.33168192638230465, "target": "1096.xyz", "model": "8.xyz", "model_rescale": 4.019505241142653, "target_rescale": 4.363245622946907},
{"mapping": [10, 7, 9, 6, 3, 4, 11, 1, 2, 5, 8, 0, 15], "R": [[0.6062173475960674, -0.46225989938735484, -0.6471601910593556], [-0.04618049834833221, -0.8328192157570772, 0.551615369109733], [-0.7939571078124363, -0.3045126258206051, -0.5262168485234502]], "T": [-0.08776541335450498, -0.09465733214225218, 0.0340744162610596], "aligned_model": [[-0.33991135412873474, -0.5448788396104954, 0.121292818209027, 0.23108256640506236, 0.26829268265667894, 0.7713925771492388, 0.2178405343546686, -0.21417911241922066, 0.4047816293043596, -0.4612658796150986, -0.4773545199806207, 0.4077181140586358, -0.06511044464232504], [-0.7283747237608769, 0.2487541581769142, 0.2168792597336982, -0.4227964047669547, -0.739692170837267, -0.07570123949027628, 0.6221252960389629, -0.6240548022259322, -0.32082598797686995, 0.04089888124691453, 0.5864158658312744, 0.27707602750888843, -0.017325931364416472], [-0.18154397104136893, -0.3141406593881062, -0.5815604664130855, -0.6157972893970727, -0.034173890074341476, -0.03465187154650874, -0.05863839401726549, 0.39138273069017665, 0.4616136784610434, 0.6534183859056941, 0.15747069097903577, 0.3555858548688203, -0.022261304983141876]], "inverted": false, "swapped": true, "error_lsq": 0.05549108759571463, "error_max": 0.3008882860831998, "target": "1096.xyz", "model": "9.xyz", "model_rescale": 3.877068213659057, "target_rescale": 4.363245622946907},
{"mapping": [0, 9, 11, 10, 12, 8, 6, 4, 7, 3, 14, 5, 2, 2, 13, 15], "R": [[0.8922395608508652, -0.27352927647296027, 0.3592913872678195], [-0.2669775088051592, 0.32216461984082023, 0.908258205311139], [-0.36418618294060323, -0.9063066217539177, 0.21442185411043072]], "T": [0.10468174248447827, 0.009518752870002797, 0.04456732761526906], "aligned_model": [[-0.018896076406632337, -0.3601241233114503, -0.04233103172190565, 0.21244317342053018, 0.5628992268758998, -0.6138805755710581, 0.6735185410222394, 0.06193922052303797, -0.5192215668275225, 0.6026937287056263, 0.06897694829712582, 0.36390717221121016, -0.2844336711285812, -0.2844336711285812, 0.40573186090271957, 0.0950892017525603], [-0.6696971563526364, 0.40961774945409357, -0.16968316503934505, 0.38030055902213145, -0.40644632707344497, -0.16528969570405705, 0.18651978802586067, -0.10975742528649685, -0.20988467185876603, -0.16722217073794754, 0.7709523839125131, -0.7055379997441453, 0.42319248434050055, 0.42319248434050055, 0.6294105108229461, -0.06668458975698115], [-0.35186716504495535, -0.1994031705064384, -0.6560960673908197, -0.5505117475411828, -0.37400764175003903, -0.1755079712846353, -0.11480614981404848, 0.7094259215175558, 0.5229953444199182, 0.39600444891935216, -0.12415000945488126, 0.22482120237647868, 0.3878144641357608, 0.3878144641357608, 0.3949122013982941, -0.0024013787402993314]], "inverted": false, "swapped": false, "error_lsq": 0.04156727898986907, "error_max": 0.28347902849055573, "target": "1096.xyz", "model": "10.xyz", "model_rescale": 4.260839863003843, "target_rescale": 4.363245622946907},
{"mapping": [4, 11, 7, 9, 13, 6, 3, 2, 5, 12, 1, 15], "R": [[0.27461530255254435, 0.5095942624094472, 0.8154140808959252], [-0.14909079995130786, -0.8151952489868423, 0.5596683298161149], [0.949925454429901, -0.2752642253338635, -0.14788927370669724]], "T": [0.023294495181201372, -0.03068948797581359, 0.009066398770753943], "aligned_model": [[0.48065331133155875, 0.12218203636435997, -0.5332442882013712, -0.349822815311565, -0.6383240614359119, -0.30363690965398876, 0.18923225127590343, 0.6631306685388229, 0.29556581587154984, -0.1987200607833171, 0.2412489137638914, -0.009366212665801815], [0.020490083757377868, -0.7137092747714227, -0.3817348287222881, -0.28029440107306225, 0.12207598444103504, 0.36665843219176875, 0.6426988854216295, 0.20072032273731313, -0.23844898797598407, 0.07597375404363133, 0.4604675088191158, -0.10181897333618042], [-0.7199319918019693, -0.3643947391964071, 0.13223143596602974, -0.555067947813215, 0.37481417227642694, -0.5966587912830797, -0.2488442482728781, -0.10756910871015196, 0.6603492529206821, 0.6149659235413988, 0.3767238645212396, -0.050439744752570945]], "inverted": true, "swapped": true, "error_lsq": 0.046318643420052354, "error_max": 0.26244106061971595, "target": "1096.xyz", "model": "11.xyz", "model_rescale": 3.890672605050136, "target_rescale": 4.363245622946907},
{"mapping": [12, 13, 14, 1, 10, 0, 8, 2, 5, 11, 6, 9, 4, 15], "R": [[-0.07306036713813174, 0.9242019048363325, -0.37485066606654993], [0.8714488680645628, 0.24194187798018446, 0.4266626278787654], [0.48501448751829435, -0.2954910603999997, -0.823071066264056]], "T": [0.09085112401269722, -0.05781083934669948, 0.09826687775442346], "aligned_model": [[0.387276088937474, 0.4305817811683351, 0.33362012964515214, 0.6255915799887932, 0.7708819998006013, -0.3927221346020624, -0.48593949020278626, 0.18698916134710047, 0.028236192314872857, -0.6741786401995918, 0.35417719677435294, -0.2440489920530931, -0.12247769548998598, 0.011888657364530847], [-0.3136288394812814, 0.17044242723497532, 0.6446187095343449, -0.42593592578243766, 0.12433208501501644, -0.3089771315297202, -0.23900201470420024, -0.41054862088787747, -0.7242917712834941, 0.07229181265664422, 0.632455310253787, 0.5790675834481818, 0.1306771730353998, 0.0006517223184265078], [-0.4256330510029701, -0.5554389924430267, -0.13298817260295037, 0.14774315168000718, -0.028416033136639388, 0.5343077233121084, -0.41685384493045174, 0.6838249074042906, -0.20726147725309885, 0.21476046701273005, 0.3912933972273361, 0.14292656723819208, 0.9120224753933627, 0.09450331745797147]], "inverted": false, "swapped": true, "error_lsq": 0.04739005245007823, "error_max": 0.2737789672030187, "target": "1096.xyz", "model": "12.xyz", "model_rescale": 4.124412569039231, "target_rescale": 4.363245622946907},
{"mapping": [0, 1, 12, 4, 5, 11, 3, 9, 10, 6, 7, 13, 15], "R": [[-0.5648338553471128, 0.028854830722582575, 0.8247000149131126], [-0.28268390895956913, 0.9321548620254874, -0.22622360800231028], [-0.7752757725281084, -0.3609081766131325, -0.5183558281573856]], "T": [0.1285315896604311, 0.07594288315214333, 0.07248542945167652], "aligned_model": [[-0.14048032425929174, 0.0010881386391181358, 0.5947589712237784, -0.6273872083586789, 0.5262197219690594, 0.1837267646184578, -0.48331984712789433, 0.08143824762472135, 0.061987762550187925, -0.3087237548122364, 0.6900628001285, 0.6445289300897089, 0.14339810522432667], [-0.46087629186584406, 0.6250076400621063, 0.5111743181110324, -0.3366472960715581, 0.16275773923861372, -0.7054389474241034, 0.4823831493581416, -0.332728661260925, 0.7408027954662676, 0.18324502268520787, -0.04140642672801281, 0.5256304145649091, -0.0064180796273579505], [0.4281776914889322, 0.3983648484298989, 0.21735561644584528, 0.03259553674226917, 0.6854881767571226, 0.025967432569141524, -0.01667325767146982, -0.5195757894693971, -0.18285711087976142, -0.5824699381700289, -0.27255038636603296, -0.28300818034886155, 0.020883441440180978]], "inverted": false, "swapped": true, "error_lsq": 0.0412883780077918, "error_max": 0.28969128635928026, "target": "1096.xyz", "model": "13.xyz", "model_rescale": 3.9028299243045295, "target_rescale": 4.363245622946907},
{"mapping": [1, 13, 12, 8, 2, 14, 0, 7, 9, 3, 5, 6, 10, 10, 4, 15], "R": [[-0.20460194342524388, -0.6924979062076393, -0.6917981603362713], [0.6269713587683856, -0.6354557749618004, 0.45066936145229824], [-0.7516947252912833, -0.3415298053841475, 0.5641918397172443]], "T": [0.1141188672778838, -0.02647890039671945, -0.04641694587305263], "aligned_model": [[0.07064271361783438, -0.4529102658925922, -0.204664843435387, 0.4623839004025125, 0.6680738414975304, -0.7661293025967717, 0.8754971707437914, -0.07465112054370625, -0.3357223416587269, 0.5890078996211308, 0.07277178867456174, 0.229282630480424, -0.3091793563388593, -0.3091793563388593, 0.34692833574422743, 0.061726663638107755], [-0.6369954641573743, 0.45122829045716595, -0.007351400959283168, 0.30809677733594165, -0.32727970678060453, -0.019732696847746742, 0.301416658072294, -0.03386795884774922, -0.4337867920495489, -0.11760526743669983, 0.44818405668947553, -0.6011987265225316, 0.4024829770350471, 0.4024829770350471, 0.4865702541166201, -0.06966121877532767], [-0.26454100502200606, -0.3343842248088065, -0.6646817544381486, -0.6491422084347406, -0.4269462232905722, 0.04396170731976888, -0.04841469270363809, 0.839551027222033, 0.4358574828534121, 0.3471130243050019, -0.23373306882116524, 0.2711404368976564, 0.39194697102944304, 0.39194697102944304, 0.3303370724575746, 0.045025229780565376]], "inverted": false, "swapped": false, "error_lsq": 0.044563871821715, "error_max": 0.3082742715131378, "target": "1096.xyz", "model": "14.xyz", "model_rescale": 3.942246331269136, "target_rescale": 4.363245622946907},
{"mapping": [9, 14, 9, 10, 1, 6, 0, 11, 8, 4, 2, 5, 13, 12, 15], "R": [[-0.001832436162259976, 0.2427877333100683, -0.9700777075739194], [0.07612353685722067, -0.9672306717322465, -0.24221898108268664], [-0.9970967101109396, -0.07428959694699305, -0.016709472504980782]], "T": [-0.021181009790667157, 0.009222473504214042, 0.04376250112563588], "aligned_model": [[-0.4129467841000435, -0.2968368224347615, -0.4129467841000435, 0.2218532726491656, 0.4605681698656107, 0.10012333200529482, 0.10049195998298995, -0.4329974985655625, -0.6696628764861712, 0.3767394820222518, 0.5862082242722466, -0.04199590303037374, -0.3772651713927879, -0.1358272495310591, -0.09121131462454686], [0.13075886580042403, -0.49821059113470884, 0.13075886580042403, -0.6562111854207758, -0.29761151132415853, -0.23781471925873476, 0.6960046480846304, 0.6534481410041676, 0.2558287923452647, 0.5555090136322731, 0.33279236774660453, 0.08097473747441153, -0.6686681095778422, -0.43468308707220427, 0.055268461781875104], [-0.5491246588422274, -0.4781077101524794, -0.5491246588422274, -0.05522729612837773, 0.3563036501880396, -0.7018449029738792, 0.06795247582545538, -0.13272677740043415, 0.4304453242360972, -0.4914621124723835, 0.0978505101569622, 0.7758030675255007, 0.13604611327859084, 0.5102234720312827, -0.00764401606940332]], "inverted": false, "swapped": true, "error_lsq": 0.043669932767056094, "error_max": 0.33497184538079283, "target": "1096.xyz", "model": "15.xyz", "model_rescale": 4.355366556412066, "target_rescale": 4.363245622946907},
{"mapping": [1, 10, 12, 0, 5, 2, 8, 4, 7, 3, 9, 15], "R": [[0.5480505964916573, 0.6329670580977818, 0.5468027496713765], [0.6311125631376691, -0.7419449133353495, 0.22630660225809243], [0.5489421429758699, 0.22106661651827988, -0.8060968147351903]], "T": [0.016556193113648164, 0.026924188113742625, -0.07011942811712653], "aligned_model": [[-0.13808743369802576, 0.4521662297133158, 0.09081180133002914, -0.5267600319183976, -0.4671605864105032, -0.4729449466219537, -0.14484236099278572, -0.1952421758033305, 0.3928847741508492, 0.128957381471659, 0.43640399927032214, 0.04162190414060175], [-0.5649202306893978, -0.48630922747347793, -0.512264478145342, 0.4523790463913348, -0.33680460635113224, -0.01778089252404436, 0.23867458867529098, 0.5650888683866373, 0.14454094638010684, -0.20026847240215348, 0.6130044670966684, 0.11743641839649022], [0.15285337026982204, 0.17175234363403552, -0.4328085942107374, 0.03406725508109186, -0.4886698782475456, 0.4145812638560266, -0.8184370666960069, 0.5692203223768894, -0.6111194025399674, 0.6250457393405646, -0.06801531783345584, -0.0992115738212956]], "inverted": false, "swapped": true, "error_lsq": 0.04693901292739125, "error_max": 0.23764987283008282, "target": "1096.xyz", "model": "16.xyz", "model_rescale": 3.795458400668931, "target_rescale": 4.363245622946907},
{"mapping": [3, 10, 14, 2, 9, 12, 1, 4, 0, 5, 7, 11, 15], "R": [[0.9059686816814314, 0.06302043006694377, 0.41862772627549105], [-0.4199795120750287, 0.2582283222100756, 0.8700203118581721], [-0.053272481166460245, -0.9640262231924749, 0.26041406211574347]], "T": [-0.09754704272723033, 0.13203824441674797, -0.009877020329242276], "aligned_model": [[-0.03150644589092394, -0.04020693677215596, 0.5355451172891472, -0.4156329365809326, 0.5873562942629545, -0.43791570384599066, -0.5439396732732916, 0.18500601835321243, -0.23157125857049873, -0.7659071530479035, 0.169328398053291, 0.1654014218864204, -0.02732534095910613], [-0.3710905190592252, 0.23193697805918612, 0.39615024646438013, -0.48056621641259145, 0.14968254103571224, 0.6197390207909018, 0.0274695938162742, -0.6536610734036843, -0.2918373002564738, 0.39481287682573585, 0.7286643918111816, 0.06825208949258596, 0.14422863630650237], [-0.5483983561328548, -0.7158507819503334, -0.37765701822605435, -0.018921882949734865, 0.2145395539336533, -0.2820513608314, -0.4721651911795963, 0.20477488015488915, 0.5281064868217682, 0.15046415814629316, 0.13487315897826044, 0.7267079563873696, 0.057853427684035424]], "inverted": false, "swapped": true, "error_lsq": 0.04902692052992354, "error_max": 0.296753723522183, "target": "1096.xyz", "model": "17.xyz", "model_rescale": 3.7474275329858107, "target_rescale": 4.363245622946907},
{"mapping": [4, 0, 2, 11, 6, 14, 3, 5, 9, 10, 7, 8, 12, 15], "R": [[0.056906878327293076, 0.16080868799692938, -0.9853436827136759], [-0.983458014837299, -0.16096609500925446, -0.08306773928397829], [-0.17196493901758575, 0.9737712678664217, 0.14898851508253969]], "T": [0.05422620019277198, 0.05042048499838271, 0.06435886461952961], "aligned_model": [[0.5258072325941936, 0.23407015228795874, 0.6839311597992018, -0.28988601081248627, 0.19223143267744658, -0.2371227819231096, 0.6768070904811341, 0.0015654464305067464, -0.2939091894066899, 0.24296579579614686, -0.6003685174457889, -0.5895075874841534, -0.12300865866457646, -0.008727916446907028], [-0.4091876623682045, 0.14906200142339815, 0.163147009869801, -0.07780095859743417, -0.7103600478390887, -0.5314529019973002, -0.2620507138154089, 0.7843732417195035, -0.5435751355689972, -0.10461997818968143, 0.006073559674300892, 0.4315761048751013, 0.46428302494056606, 0.000940697384676864], [-0.4920643281792007, -0.6027132648410576, -0.1950810422452699, -0.6291207992254706, 0.2483155324985482, 0.4913976119001506, 0.3138782569374146, 0.06207108510183727, -0.14950477016340016, 0.7366730892627689, 0.19731367239295733, -0.2024635813129838, 0.5387925767584697, 0.0073006797768908754]], "inverted": false, "swapped": true, "error_lsq": 0.03947967961153629, "error_max": 0.21940857961188645, "target": "1096.xyz", "model": "18.xyz", "model_rescale": 3.922800546911778, "target_rescale": 4.363245622946907},
{"mapping": [8, 0, 5, 7, 3, 11, 2, 13, 4, 12, 1, 10, 9, 6, 15], "R": [[-0.576097794155727, 0.8118901824473514, -0.09458151624134598], [-0.21367452396425957, -0.037899007288635655, 0.9761694848002489], [0.7889578755406101, 0.5825787473742434, 0.19531378274536854]], "T": [0.08562190672502534, 0.04941436926563535, -0.031550081675779024], "aligned_model": [[-0.10180135499232076, -0.42033219275408196, 0.3992447821379662, 0.05734686203231255, 0.2843333947090775, -0.6441816893404942, 0.028739502165428574, 0.5765102288896922, -0.5154544195539487, 0.6508228454530778, 0.6338459664524844, 0.6415280268882066, -0.43169308493856573, -0.06454293892006019, 0.0016849086588432566], [0.6930991496097298, -0.21043267524416326, 0.19989099805059934, 0.7043152084174595, -0.5667690043713132, 0.26860794400668553, -0.5902254077712862, 0.5546268333954912, -0.5557428440248492, 0.3479841943863484, -0.2823637701709027, -0.05885427561453764, 0.27927819697528694, -0.16194320090261388, 0.09614015829264409], [-0.45747195025557097, -0.43596222844035504, -0.6799808908047833, 0.1042559851325108, 0.32669136871713234, -0.21892373107550755, -0.2848681002220588, 0.2825149738420383, 0.09385759719731626, -0.1700625459662871, -0.14681058111238005, 0.40538570643577454, 0.4148964673512333, 0.7197494695417954, -0.010612373177529034]], "inverted": false, "swapped": true, "error_lsq": 0.043137152873844155, "error_max": 0.2880105984934263, "target": "1096.xyz", "model": "19.xyz", "model_rescale": 3.9282355846067225, "target_rescale": 4.363245622946907},
{"mapping": [14, 10, 1, 6, 9, 3, 4, 2, 11, 8, 12, 7, 5, 15], "R": [[-0.6833419566082103, -0.11030187800861183, -0.7217182733218249], [0.20662627117757817, -0.9773251524779792, -0.04627235020122493], [-0.7002494943933292, -0.18074579398057422, 0.6906385476935232]], "T": [0.03523660609497701, -0.07622910400127175, 0.07708362898665587], "aligned_model": [[-0.6333169231367418, -0.022971674961540754, 0.5090916562379882, -0.4627498526300268, -0.6171327761519635, 0.18414271870378482, 0.05351525207476541, 0.5571808922763287, -0.21856100129765524, -0.07433289211305952, 0.18330265757612027, -0.4394083051659433, 0.5512692157598653, -0.037506148087245596], [-0.44720960906557355, -0.756907421090832, -0.508870580605634, -0.24088841168568623, 0.19610033400041232, -0.3732815005719907, 0.44917838715947583, 0.1140940378523051, 0.652908536797058, 0.2372477656420371, -0.5475844961848321, -0.14120217914151742, -0.09956019794057341, -0.011142577739812906], [-0.06863048483502883, -0.13494330678402489, -0.033343181064000624, -0.5200506258624417, -0.06439982351502145, -0.5840456968660016, -0.6061790935909662, -0.3326674352391251, 0.21748687602930233, 0.7986054865037837, 0.5056653400217626, 0.5446609838457305, 0.6011361491012954, 0.08888796949841843]], "inverted": false, "swapped": true, "error_lsq": 0.042801883495591886, "error_max": 0.293603484228017, "target": "1096.xyz", "model": "20.xyz", "model_rescale": 4.067790424073018, "target_rescale": 4.363245622946907},
{"mapping": [2, 11, 3, 1, 6, 9, 10, 0, 4, 11, 8, 12, 5, 7, 15], "R": [[-0.8217217090920452, -0.5414814354471214, -0.17768311082647348], [0.463239831381143, -0.8162515792106413, 0.34516983943865137], [-0.3319371799434617, 0.20132365609202302, 0.921567411570593]], "T": [0.050754575108273955, -0.05568269999147052, 0.054222541045208926], "aligned_model": [[0.2863162995943053, 0.20589666875001922, -0.31084559945961415, 0.18604789358157992, -0.7117729967112573, -0.41596142031465055, -0.35984801498664615, 0.42307057248758695, -0.11856840903212922, 0.20589666875001922, 0.48112506977280045, 0.22440247917438993, 0.7174590443616158, -0.07143681646357167, 0.026662514403067328], [-0.16214526162745568, 0.7134820386808034, -0.4278521630920236, -0.667497124912396, -5.74190935119373e-05, 0.48486481207725035, -0.6383323672174486, 0.3785300176117428, 0.3546158788634844, 0.7134820386808034, 0.3159057296096074, -0.5133427138237141, -0.2893481242668042, 0.14183455774014786, 0.0367552406973618], [-0.5858720361569484, 0.06341667455332636, -0.4732623844938843, -0.12266771769608001, -0.16287202207141954, 0.1529710490849092, 0.11415145827666467, -0.34565160882947865, -0.6848443652374786, 0.06341667455332636, 0.6088127410331917, 0.4880144975497407, 0.26006388333657654, 0.6820713060993366, 0.07750142361935819]], "inverted": false, "swapped": true, "error_lsq": 0.05410922413925704, "error_max": 0.5344981897323987, "target": "1096.xyz", "model": "21.xyz", "model_rescale": 4.186013935880536, "target_rescale": 4.363245622946907},
{"mapping": [1, 12, 10, 4, 11, 3, 2, 5, 14, 7, 8, 9, 15], "R": [[0.8697601016761891, 0.3471271229577433, -0.35074225014860294], [0.1701982052479921, 0.4561333618594163, 0.8734843599797247], [0.4631953545347661, -0.8194175472284609, 0.33764618586844086]], "T": [-0.016619437278371688, -0.0717286201981871, 0.008112997292569306], "aligned_model": [[-0.03350976603346863, -0.3969945719205213, 0.2968174315187737, 0.5256677180021744, -0.15313033016385963, 0.5737323356997678, 0.132553281306933, -0.6881058878555446, 0.4234457101642524, -0.25456089018279765, -0.6794534801310079, 0.3212435004547594, -0.00913101543623573], [-0.2986154547060762, 0.19499382006298333, 0.1965211700268954, -0.5977009786900074, -0.14192559329890203, -0.3219614001916395, -0.7381461832284928, -0.2620178543323061, 0.5699290684274658, 0.5236772204736408, 0.16399960541681924, 0.2685696855169047, -0.038366445931192095], [-0.6019266877476228, -0.4522734069187271, -0.5762379042679359, 0.4234596092339154, 0.7776616686697613, -0.36117480665088597, -0.09278201027051858, -0.22504144097611234, -0.012887864277281787, 0.2005022509937067, 0.3768273161058284, 0.5464552670997418, 0.10029757034147677]], "inverted": false, "swapped": true, "error_lsq": 0.04799524467362811, "error_max": 0.2962973450310211, "target": "1096.xyz", "model": "22.xyz", "model_rescale": 4.166573947596378, "target_rescale": 4.363245622946907},
{"mapping": [12, 10, 14, 9, 11, 13, 3, 1, 5, 2, 8, 6, 7, 0, 4, 15], "R": [[0.565006223624538, -0.6140940522228387, -0.5510503264585479], [-0.5933650678071122, -0.7664894454478356, 0.2457881736848439], [-0.5733113147076377, 0.18810216649896183, -0.7974532659576968]], "T": [0.12392565230526313, 0.03441963084968582, -0.03714969594220206], "aligned_model": [[0.2007075242912425, -0.5340991353273198, -0.2840075297231813, 0.2675760784467115, 0.7228090617887272, -0.6842402522873742, 0.6917155254334185, 0.1053086461835163, -0.5253129693875151, 0.6056374010518081, 0.1868055056840659, 0.14344160608338813, -0.4711238570499943, -0.09007435890925623, 0.48474535987201345, 0.10398975146496697], [-0.5448064543076283, 0.2350111893255682, -0.2532380730176363, 0.2788063553553299, -0.248493354612096, -0.20136888181091678, 0.22831103750279816, -0.10734864473340211, -0.1690228213390566, -0.19862526216966886, 0.8404898817640135, -0.6204597577577634, 0.36515817537488104, 0.45176121778871736, 0.4805424653813565, 0.01626568562022932], [-0.33376905073362084, -0.33330445047670154, -0.651007438115561, -0.5663839070783273, -0.4653928884496453, -0.12706513870377512, -0.07519485877869146, 0.6611727396048753, 0.440513744098208, 0.37083695597944455, -0.05654079831310972, 0.34996752905834944, 0.18175152431853253, 0.6312706492369456, 0.4218024459042723, 0.026379687824625506]], "inverted": false, "swapped": false, "error_lsq": 0.04487163578222107, "error_max": 0.3253478439587321, "target": "1096.xyz", "model": "23.xyz", "model_rescale": 4.274766983524099, "target_rescale": 4.363245622946907},
{"mapping": [5, 2, 1, 12, 3, 14, 7, 9, 11, 4, 15], "R": [[-0.11505783774616857, -0.9933559450950542, -0.002379142174886273], [0.261032865061009, -0.02792370763217905, -0.9649259608436875], [0.9584485053101275, -0.11164332893811685, 0.26251138979556304]], "T": [-0.04816724671434777, 0.05135601688952104, -0.01581842699528046], "aligned_model": [[0.16318638064810922, 0.12531437124938044, -0.39650369015644216, -0.35572478003342056, -0.4721297210339179, -0.5641758931038178, -0.07899226999954426, 0.04931364711525796, 0.6305399717934416, 0.2763495609667803, 0.0027171265122480706], [-0.12505317827919826, 0.6931974299681881, 0.33704484355657305, -0.2926075629924158, 0.6496570193951537, -0.22072608158719217, -0.5988730460861575, -0.13488629982533068, -0.1076416571526499, 0.7037978886566187, 0.011677175589894256], [-0.6982218839627261, -0.20152895314391966, -0.48587688366861587, -0.4793690324193313, 0.08316072713652051, 0.4994769912771946, 0.14035410150225636, 0.6738031908722485, 0.3445206462702987, 0.4448805356998462, 0.05836699445780561]], "inverted": false, "swapped": true, "error_lsq": 0.04833368885724909, "error_max": 0.27816664437944016, "target": "1096.xyz", "model": "24.xyz", "model_rescale": 3.7841303162186577, "target_rescale": 4.363245622946907},
{"mapping": [0, 9, 8, 2, 1, 10, 4, 11, 11, 6, 12, 7, 14, 13, 3, 15], "R": [[-0.2846097642402102, 0.9574053905398652, -0.04870523857184417], [0.5642676652501522, 0.126235202216323, -0.8158839842002945], [-0.774983408888393, -0.2596913396449954, -0.5761606755594428]], "T": [0.045299022501459056, 0.011323926492204907, -0.0526321202949656], "aligned_model": [[0.07010777143349692, -0.32980076063111113, 0.14681136126867456, 0.2669919058684178, 0.5148764508382148, -0.6663740135838152, 0.7700890060288359, -0.07156009965139806, -0.07156009965139806, 0.5818951117615088, -0.07581754602235366, -0.055975350448801246, -0.6149331595387544, -0.15799007829840458, 0.5217003905638404, 0.09541746767826506], [-0.6731521376002383, 0.3316026363788643, -0.1147176394835446, 0.48077066804175156, -0.369317360367487, -0.2957703114308594, 0.1607698970731856, -0.13361789358576384, -0.13361789358576384, -0.2024900735552965, 0.7591512876953881, -0.5767927428253847, 0.4402903020516625, 0.47512855900080225, 0.40124070496745495, 0.0035047555899551212], [-0.32134570947969215, -0.36705605261144736, -0.6211974660233646, -0.5996833521189867, -0.485812963982265, 0.014223874356366725, -0.14776216031308292, 0.692192277482682, 0.692192277482682, 0.38138937988392724, -0.017179037311449916, 0.2055690507995428, 0.04421970853837305, 0.5436553956154286, 0.466991329911937, -0.005359806854829424]], "inverted": true, "swapped": false, "error_lsq": 0.04625079120138778, "error_max": 0.4334809280862225, "target": "1096.xyz", "model": "25.xyz", "model_rescale": 4.19342608120988, "target_rescale": 4.363245622946907},
{"mapping": [1, 10, 12, 0, 5, 2, 8, 4, 7, 3, 9, 15], "R": [[0.5480505964916573, 0.6329670580977818, 0.5468027496713765], [0.6311125631376691, -0.7419449133353495, 0.22630660225809243], [0.5489421429758699, 0.22106661651827988, -0.8060968147351903]], "T": [0.016556193113648164, 0.026924188113742625, -0.07011942811712653], "aligned_model": [[-0.13808743369802576, 0.4521662297133158, 0.09081180133002914, -0.5267600319183976, -0.4671605864105032, -0.4729449466219537, -0.14484236099278572, -0.1952421758033305, 0.3928847741508492, 0.128957381471659, 0.43640399927032214, 0.04162190414060175], [-0.5649202306893978, -0.48630922747347793, -0.512264478145342, 0.4523790463913348, -0.33680460635113224, -0.01778089252404436, 0.23867458867529098, 0.5650888683866373, 0.14454094638010684, -0.20026847240215348, 0.6130044670966684, 0.11743641839649022], [0.15285337026982204, 0.17175234363403552, -0.4328085942107374, 0.03406725508109186, -0.4886698782475456, 0.4145812638560266, -0.8184370666960069, 0.5692203223768894, -0.6111194025399674, 0.6250457393405646, -0.06801531783345584, -0.0992115738212956]], "inverted": false, "swapped": true, "error_lsq": 0.04693901292739125, "error_max": 0.23764987283008282, "target": "1096.xyz", "model": "26.xyz", "model_rescale": 3.795458400668931, "target_rescale": 4.363245622946907},
