[{"mapping": [8, 6, 3, 7, 4, 11, 5, 0, 2, 1, 12, 13], "R": [[-0.2098183807284995, 0.6619679116234292, -0.7195656544676006], [-0.9756529139041337, -0.18981670424003075, 0.10986814998818417], [-0.0638563912137527, 0.7250986848508062, 0.6856779554052963]], "T": [0.035630906181777576, 0.1534004628582897, 0.07183898184668297], "aligned_model": [[-0.38886068779212374, -0.33155588947997783, -0.013220989232796541, 0.17754917745929513, 0.11349522633443157, -0.40144903065144316, -0.6801893173478187, 0.7392912836641923, 0.4882220597539313, 0.10547959214155245, 0.30258227580815317, 0.045730007998962895], [-0.04143869677305115, -0.5092790773540037, -0.2667515233617759, 0.07422437602659716, -0.5540148634511953, 0.5192384599271932, 0.21469693810810112, 0.13681174703265234, -0.46677301563403273, 0.3805539001388054, 0.6646071100852744, 0.17393861415965045], [-0.5545983415483631, -0.031000544908981312, 0.37889941008104483, -0.6663918994005662, -0.5660520200969801, -0.33088366410430087, 0.30900012990762804, 0.38806567624358007, 0.11431661940650961, 0.5977349700651817, 0.12208376325881747, -0.08945594906872972]], "inverted": true, "swapped": false, "error_lsq": 0.04787353137800651, "error_max": 0.28041994872791315, "target": "1097.xyz", "model": "0.xyz", "model_rescale": 3.8414455957264533, "target_rescale": 3.657550362275372},
{"mapping": [5, 4, 0, 6, 2, 10, 1, 13, 7, 11, 8, 14], "R": [[0.33731029332355944, 0.33734925962282214, 0.878872711517378], [0.5601487558507646, 0.6784100121030654, -0.47538744913718484], [-0.7566076508579693, 0.6526525358184496, 0.03986891211122404]], "T": [0.05504332061282471, 0.018609762638563114, -0.04530211472075444], "aligned_model": [[-0.3518270481695219, -0.21550789728509026, 0.047565997453701624, 0.19990077772165252, 0.033221453223053025, -0.24139440914227459, -0.6630760830738555, 0.5775897063984096, 0.39479203786718386, -0.12007534257393146, 0.5197119664017164, -0.023827450164684523], [0.0256770278572419, -0.4527319251201116, -0.3797407756792126, 0.12574042367790772, -0.47835143629568505, 0.5478335527008058, 0.0669299996945002, 0.23127378597731685, -0.5163028210387834, 0.4529699029223834, 0.649439296142586, 0.0530769380652657], [-0.5636932235871581, -0.023941245755523966, 0.5603201336878383, -0.805280083065153, -0.5904242115723574, -0.36220612671837477, 0.4347682633575923, 0.46122161475213647, 0.06144215483393834, 0.6666881411579881, -0.14747621506123, -0.01970105219485584]], "inverted": false, "swapped": false, "error_lsq": 0.04237388413472559, "error_max": 0.23197243239758167, "target": "1097.xyz", "model": "1.xyz", "model_rescale": 4.316132596720782, "target_rescale": 3.657550362275372},
{"mapping": [5, 3, 6, 9, 7, 0, 4, 8, 10, 2, 1, 11], "R": [[0.9551066090285755, 0.29076441180591783, 0.05681040588743318], [0.2887473003321803, -0.9565206399513412, 0.041149263638063885], [0.0663050672333113, -0.02289808232660233, -0.9975366238314013]], "T": [0.04739852800691466, 0.039735765715517235, -0.07089223490449745], "aligned_model": [[-0.41757185670252317, -0.32728305089204024, -0.037331455866391625, 0.30049327362240696, 0.07785909530610094, -0.34130321985296186, -0.5943755442456674, 0.56899789660802, 0.5551330600780995, 0.005765116833866754, 0.3918608576948728, -0.025170463927423684], [0.04185348740596766, -0.49901888369983666, -0.4146198530621632, 0.1761433458914219, -0.6323397446059322, 0.6200637621784157, 0.09102303100068102, 0.1628464033849002, -0.31675873421891204, 0.639847690664554, 0.4558876170421268, 0.000885846922991429], [-0.5176113172314085, -0.09023521828961187, 0.609164942483912, -0.7544765581919731, -0.6606784521440426, -0.19755883002128485, 0.35316600135633736, 0.476660488931717, 0.04025233333095725, 0.511222649249017, -0.12343368014715546, 0.025245790508375998]], "inverted": false, "swapped": false, "error_lsq": 0.03904346058119066, "error_max": 0.25299435060349623, "target": "1097.xyz", "model": "2.xyz", "model_rescale": 3.795458400668931, "target_rescale": 3.657550362275372},
{"mapping": [5, 9, 7, 6, 3, 10, 4, 1, 8, 0, 2, 11], "R": [[-0.33010348948794477, -0.9142654935735991, 0.23484099618360071], [-0.8739335139366321, 0.20198509268461307, -0.4420884928965683], [0.3567518737809981, -0.351170371178737, -0.8656832393895213]], "T": [0.022465773455991635, 0.09429132677728971, 0.007202777418669398], "aligned_model": [[-0.4696216978562631, -0.3101955607572777, -0.059702984570313276, 0.42899536850880676, 0.08999287848238496, -0.38841006833570596, -0.5683171045260951, 0.5847977186513774, 0.5217107212055867, -0.02991548374439853, 0.38306956635302997, -0.025329644754772986], [-0.048791112171746004, -0.6976712004544482, -0.3808159116768428, 4.244506503880974e-05, -0.4187791734526709, 0.6577475687155038, 0.21271516612484143, 0.18518478359056947, -0.4945191820098118, 0.5036541536582343, 0.6997547609341799, 0.10729167058136695], [-0.4736318633791109, -0.12197320714285675, 0.5995065033810127, -0.4089067433364898, -0.6004721170903121, -0.22238128442577068, 0.22607744173819408, 0.2751393461825422, -0.11370877670133303, 0.6719480098482743, -0.2946320215396241, 0.13475286230031397]], "inverted": false, "swapped": false, "error_lsq": 0.04516561834873758, "error_max": 0.28614165969618194, "target": "1097.xyz", "model": "3.xyz", "model_rescale": 3.7530521520055578, "target_rescale": 3.657550362275372},
{"mapping": [7, 2, 9, 6, 10, 1, 3, 8, 4, 0, 11], "R": [[0.6832393071681575, -0.728621523745789, 0.04790328041732053], [0.7230609054764497, 0.6842546866858561, 0.09475468706094406], [-0.10181834860157885, -0.03010313742461493, 0.9943474367670698]], "T": [-0.010739066108062446, -0.030313698180673816, -0.00030837001741409846], "aligned_model": [[-0.29607810090702025, -0.29824750793108573, 0.2806603413004926, 0.5453436329792644, 0.15235555274149706, -0.18800765509777698, -0.11451335281169389, -0.6421990728084847, -0.46491025980210127, 0.2358550464739577, 0.12794097830815626], [-0.6477364677681327, 0.17259980024896387, -0.3556377604537359, 0.2241739278950618, -0.7179367647731183, 0.5890225923135967, -0.33559904522289835, -0.07910022924331497, 0.3821695140454971, 0.3333356570939494, -0.0980878658215229], [-0.3640615633235864, -0.6498630928752573, -0.6125666466764442, -0.3971400904510188, 0.18312785260523992, -0.020513407086218155, 0.6778519867410732, 0.1493106815652786, 0.6074992670855559, 0.49271517250162605, 0.026470617159067587]], "inverted": true, "swapped": true, "error_lsq": 0.056522287799019306, "error_max": 0.31269672897780665, "target": "1097.xyz", "model": "4.xyz", "model_rescale": 3.7855080009869324, "target_rescale": 3.657550362275372},
{"mapping": [12, 6, 7, 14, 13, 2, 0, 10, 8, 5, 9, 16], "R": [[0.7488162985894311, 0.6619107977651731, -0.03388579007041714], [0.38783695063606427, -0.4790704737287743, -0.7874477639326987], [-0.5374538591248028, 0.5765115584298031, -0.6154492442993953]], "T": [-0.04026033363107419, -0.010584753545268593, -0.05822210873046012], "aligned_model": [[-0.35127964158187286, -0.21489053171481937, 0.038072779071676305, 0.13197716782271735, 0.10175286488097403, -0.2397648321410803, -0.6061314447961018, 0.5453876962971349, 0.4999797821219537, -0.10356105269159349, 0.38007048071119026, -0.0245395593238201], [-0.06458716919460432, -0.6216729693147867, -0.3320607286116007, 0.30210383991754214, -0.5355495519835705, 0.6609694055240373, 0.3802923429055874, 0.10838230058964447, -0.4602882159668185, 0.3045150928036159, 0.5574706812278735, 0.026238941007294982], [-0.6610620478486274, 0.09061523380098026, 0.6140029970082039, -0.6329024417366224, -0.5368784058000894, -0.2927400272136331, 0.30985242766063376, 0.3587041427169065, -0.023332465842563585, 0.684615929079017, -0.1451073709335972, -0.09404982105576827]], "inverted": false, "swapped": false, "error_lsq": 0.04264402084861824, "error_max": 0.27274902917226923, "target": "1097.xyz", "model": "5.xyz", "model_rescale": 4.2253639853439635, "target_rescale": 3.657550362275372},
{"mapping": [5, 2, 3, 8, 10, 11, 6, 0, 1, 7, 9, 13], "R": [[0.2757824316334927, 0.33673651361473034, -0.9003069314411142], [0.6974509534822787, 0.5744198494656172, 0.428490377985969], [0.6614425280317097, -0.7460900461328344, -0.07644229962871919]], "T": [0.058796308971027084, 0.03621509349915684, -0.03234448999909571], "aligned_model": [[-0.4135728087185596, -0.35798552167875597, -0.17130725736018423, 0.24299940537549486, 0.031041665452379935, -0.4383129831806728, -0.5156408219223636, 0.6110353653235503, 0.6854182017838356, -0.08763551732484118, 0.5349222140400667, 0.03611176686640885], [-0.07874085354600288, -0.489418241690159, -0.18776486249235103, 0.20553395558822646, -0.5174734597688831, 0.5853277073080655, 0.12956009825081785, 0.19862043075928862, -0.3115898438683309, 0.380826512070205, 0.39796547384866066, 0.01296705244467801], [-0.43779955944920995, -0.01914924027789729, 0.6000278692751237, -0.7275172870895459, -0.5811351059285567, -0.2709057563974213, 0.24156546028017284, 0.5259736812929531, -0.1907190806023798, 0.6670780621573377, -0.15497080171301997, 0.019269908287284067]], "inverted": false, "swapped": false, "error_lsq": 0.04546513720427211, "error_max": 0.24400344339501898, "target": "1097.xyz", "model": "6.xyz", "model_rescale": 3.89814844738969, "target_rescale": 3.657550362275372},
{"mapping": [8, 6, 5, 7, 3, 11, 9, 2, 0, 10, 4, 12], "R": [[-0.7843400268394021, 0.22163059931148593, 0.5793881253066877], [-0.6189471898980436, -0.3419565428796518, -0.7070856375992319], [0.041413746689735464, -0.9132062199912071, 0.4053878406593987]], "T": [0.09632469227798358, 0.02275139211410613, -0.07057440377480803], "aligned_model": [[-0.4797352597311083, -0.22464915037021027, -0.14229013244665462, 0.325991510049879, 0.05122826406766891, -0.34928896085477473, -0.6736080758919089, 0.5506707948022218, 0.5139534209984875, -0.014849798192323058, 0.4766474708030586, 0.12300362542202276], [-0.0353425670369741, -0.5704234560380598, -0.2981938781711441, 0.11909160167573518, -0.5526661490940706, 0.6506296174003751, 0.06144427183199503, 0.19623874006187958, -0.3923780312147553, 0.4607145238883329, 0.5428902232586381, 0.1438090723422629], [-0.4205269661545815, -0.020621997595666394, 0.5947328206921941, -0.6782308827019307, -0.6355902461213033, -0.32064994351441, 0.38070408296259206, 0.444226143761856, -0.13587520240891046, 0.5079860433068305, -0.08806636921156576, 0.04363066681973561]], "inverted": true, "swapped": false, "error_lsq": 0.03383961772530319, "error_max": 0.18041840060888564, "target": "1097.xyz", "model": "7.xyz", "model_rescale": 3.7474275329858107, "target_rescale": 3.657550362275372},
{"mapping": [0, 10, 11, 3, 6, 1, 12, 4, 5, 13, 2, 14], "R": [[0.3496585652315129, -0.9019254980814535, 0.2535138727382822], [0.7437949963010675, 0.10270930473448864, -0.660469380212628], [0.5696559411063268, 0.419501125900134, 0.7067608606387208]], "T": [0.03571100180067109, -0.02830087451493569, 0.03916049569948368], "aligned_model": [[-0.28097531918286733, -0.5220293454014093, -0.09521443805580308, 0.3851511734261174, 0.008716070652070852, -0.28723065401123626, -0.4589239946085951, 0.5106794004204076, 0.5340925595094337, -0.05971671457427129, 0.37945555248616597, 0.04306941799634582], [-0.009343680948136156, -0.5345780827277538, -0.4078085026048511, -0.01906140366992144, -0.5468681662879351, 0.5701836787621845, 0.08287431780438204, 0.4795858781180836, -0.4707574947689439, 0.4543343123727936, 0.6989064760448285, 0.028346636809484387], [-0.5383891874801919, -0.0495663504937614, 0.5138313764261427, -0.5868912079300928, -0.5911547714432722, -0.28072502519823084, 0.39075531326556134, 0.39788310811472427, -0.22326935426251146, 0.7915358382100411, -0.20903025557002186, 0.05673866619645308]], "inverted": false, "swapped": false, "error_lsq": 0.0488796898440188, "error_max": 0.2936438707902173, "target": "1097.xyz", "model": "8.xyz", "model_rescale": 4.019505241142653, "target_rescale": 3.657550362275372},
{"mapping": [2, 0, 7, 5, 3, 6, 1, 8, 4, 9, 11, 12], "R": [[0.7482077376191173, -0.3751905187040131, 0.5471903288998226], [0.1120897723375628, 0.88437472477023, 0.4531194424485596], [-0.6539274151648604, -0.27769303351397534, 0.7037510318526082]], "T": [-0.09155488860813973, 0.14534068180854928, -0.031157773783527083], "aligned_model": [[-0.43857283293329086, -0.21977889813994872, 0.18176074810906975, 0.35285968487691943, 0.041734010901417734, -0.25083732115146373, -0.6689361006201803, 0.4486604920144096, 0.3973779735097006, 0.025524356450786073, 0.3448444363161699, -0.057562840677230734], [-0.08027701299152637, -0.4781032613445576, -0.4482266570433391, 0.14988347184300466, -0.43589666779031633, 0.6543876108784814, 0.1391291876708664, 0.14463374793462822, -0.5235879202659377, 0.4619744663089015, 0.5882444917186249, 0.1536525119853857], [-0.45382473999463807, 0.10121416884927559, 0.5953886068219713, -0.5341485978298046, -0.6499129922993666, -0.5246779543784551, 0.3194098452668372, 0.37418624574733245, -0.06392746879356256, 0.5632962263879406, -0.005832522240140588, -0.04945266770254937]], "inverted": false, "swapped": false, "error_lsq": 0.04575312362650261, "error_max": 0.28289345980318886, "target": "1097.xyz", "model": "9.xyz", "model_rescale": 3.877068213659057, "target_rescale": 3.657550362275372},
{"mapping": [8, 2, 13, 1, 7, 11, 10, 3, 4, 6, 5, 15], "R": [[0.26642053602102894, -0.945630080436118, -0.1865578970739352], [0.8162972605833996, 0.3242869716505095, -0.4780133286654037], [0.512522077914996, -0.024934133073420045, 0.8583119529970277]], "T": [-0.06292485491243847, 0.06249897487251761, 0.04788551500920084], "aligned_model": [[-0.43457793565371217, -0.20839197609407017, -0.019400160982742706, 0.42474078077484645, 0.1333008085054736, -0.5328179659950185, -0.6472742314248401, 0.5002895717439824, 0.4624553283641698, -0.029954232419066314, 0.5680170455145775, -0.05931332367724125], [-0.02531418528778888, -0.5842027347339044, -0.3791373169028208, 0.13500540107381143, -0.44114429856636733, 0.5778873522455927, 0.3226687295262713, 0.148511436024003, -0.35338357091490696, 0.34227474975790717, 0.45032580972623276, 0.13232259695618476], [-0.6225514859732022, 0.016715442876392747, 0.6808953749394594, -0.6661394538347937, -0.5637724871069927, -0.19342457779585992, 0.3545747459790072, 0.32744357491978265, -0.04755059385206398, 0.5964682607864693, -0.20211069835297008, -0.008829952750388774]], "inverted": false, "swapped": false, "error_lsq": 0.038048285699997096, "error_max": 0.23148913395467122, "target": "1097.xyz", "model": "10.xyz", "model_rescale": 4.260839863003843, "target_rescale": 3.657550362275372},
{"mapping": [2, 8, 7, 4, 9, 3, 1, 6, 10, 0, 5, 11], "R": [[0.05953885294426596, -0.9972005693281356, -0.04523438428588755], [0.4557703790332739, -0.013159400142927477, 0.8900001077436702], [-0.8881038715071269, -0.07360607800664701, 0.45371098586493636]], "T": [0.00032649865717396254, -0.01048316516117757, -0.043669544397414134], "aligned_model": [[-0.5083651913740617, -0.33243959304553306, -0.007246643215620555, 0.28015922375217683, 0.12880480950119602, -0.25669206119799726, -0.665209126331519, 0.6050518764546193, 0.518744075406221, -0.010518558633894465, 0.4381155590508764, -0.033330661710105], [0.07471447684846338, -0.645100659487784, -0.24359936204806953, 0.07208057531109864, -0.5518387057393835, 0.6437821613520084, 0.1286658370766233, 0.2874399320807222, -0.36285780699661774, 0.4459696380950228, 0.48351347060402156, -0.0069555881918905715], [-0.4956996898861985, -0.08993801277781802, 0.5688703445513889, -0.7152197907128722, -0.6147744064719342, -0.14221605029861215, 0.203232319079608, 0.4551334028991695, -0.023442830596306946, 0.7057085261296984, -0.18830344325989395, 0.008367781178611672]], "inverted": true, "swapped": false, "error_lsq": 0.039784344621746376, "error_max": 0.1857686848657551, "target": "1097.xyz", "model": "11.xyz", "model_rescale": 3.890672605050136, "target_rescale": 3.657550362275372},
{"mapping": [11, 6, 8, 2, 1, 10, 5, 3, 0, 7, 4, 13], "R": [[0.9334231531574135, -0.20205435819660061, -0.2964713366978869], [0.35169257754154193, 0.35189302702611097, 0.8674581421789684], [-0.0709475020832902, -0.9139722828752308, 0.39952611689848383]], "T": [-0.13274119557655464, -0.043992551525372084, -0.05450930482383857], "aligned_model": [[-0.3512462704778775, -0.34273206457367544, 0.015956547418462752, 0.10351074871793153, 0.2784976528132388, -0.27094503029848127, -0.6018051201085755, 0.630061335899268, 0.4059704361050088, -0.02600523353822759, 0.3962528567696829, -0.08044215007039691], [-0.009025206814258599, -0.5788976280258407, -0.3917825699351855, 0.2540404004146864, -0.560004339296144, 0.7109157675789872, 0.16347615879873484, 0.0628375099917154, -0.2833141407995285, 0.46691913598548485, 0.3920888662341072, 0.09856001477145675], [-0.558289992168514, -0.09738981337282065, 0.5587786619265472, -0.6552800697930221, -0.46671402925926603, -0.5133705412099024, 0.5302196501408787, 0.4551796119993226, -0.01973151671856522, 0.6196871444763359, -0.19961386537356776, 0.018242909187414162]], "inverted": false, "swapped": false, "error_lsq": 0.05204620008394765, "error_max": 0.285576045093962, "target": "1097.xyz", "model": "12.xyz", "model_rescale": 4.124412569039231, "target_rescale": 3.657550362275372},
{"mapping": [4, 1, 6, 10, 2, 5, 0, 9, 8, 3, 7, 12], "R": [[0.11763332080262467, 0.3469334100031768, -0.9304835360502165], [-0.015959990361779336, -0.9362074583036494, -0.3510852798456133], [-0.9929288396177234, 0.056149835620314115, -0.1045921384006131]], "T": [0.01773710937385298, 0.09791346713585934, 0.03456839093914805], "aligned_model": [[-0.4781594448741016, -0.34205072577569245, 0.13594717118922323, 0.3516890410020764, 0.06223874342711558, -0.3055744017197126, -0.5355060856530596, 0.5798665843091454, 0.4365934260574553, -0.11309224595901127, 0.3153550027694505, 0.049766643883469755], [-0.015163010609917857, -0.6269076778467301, -0.3155176135664852, 0.18269024590037936, -0.516236856617413, 0.6954869979988345, 0.22591721884505028, 0.17176513365295892, -0.48468554477209314, 0.29771302188419113, 0.6361412361345722, 0.0746108179008679], [-0.5650786497565773, 0.12429754101460858, 0.5471246684140975, -0.6180407397367879, -0.5681209967633903, -0.30027697796800074, 0.1541693946925064, 0.3298608845146058, 0.028746175161148097, 0.7066674859180673, -0.087136714645947, -0.08049392100948996]], "inverted": false, "swapped": false, "error_lsq": 0.0407661334198341, "error_max": 0.2018910380712203, "target": "1097.xyz", "model": "13.xyz", "model_rescale": 3.9028299243045295, "target_rescale": 3.657550362275372},
{"mapping": [3, 9, 14, 2, 6, 4, 10, 12, 1, 13, 8, 15], "R": [[-0.4307552767751319, -0.5030058259093936, 0.7492896840552313], [-0.707321909175466, 0.703817671854966, 0.06585135978117106], [-0.5604869385906804, -0.5016231891428707, -0.6589602171477292]], "T": [0.018323575112129217, 0.07984798245276094, -0.09629385661385083], "aligned_model": [[-0.2688883979024007, -0.30367360916113206, -0.13937290412032743, 0.529625382588205, -0.04130861803300197, -0.5072733815172558, -0.5850198569374672, 0.5525819896658147, 0.4514949766635096, 0.0513454862582433, 0.4707815381082898, -0.05321889695611838], [0.05648812741548184, -0.603912837548376, -0.28576737594461893, 0.16089992647675772, -0.47460549051004297, 0.48823458580325335, 0.1408754963689388, 0.17563686650812912, -0.39106208284621174, 0.3656233482079609, 0.70111306247802, -0.007709657505077058], [-0.6491528304651298, 0.0758526240795586, 0.6939642549703299, -0.6198879872125552, -0.46157951210749865, -0.22408859542763976, 0.3368400113724786, 0.3391745407824419, -0.20945304988128366, 0.6452540821648728, -0.17257394326952402, -0.08263144517121035]], "inverted": true, "swapped": false, "error_lsq": 0.043671950976834434, "error_max": 0.23105007925070137, "target": "1097.xyz", "model": "14.xyz", "model_rescale": 3.942246331269136, "target_rescale": 3.657550362275372},
{"mapping": [5, 0, 8, 3, 1, 10, 6, 13, 12, 11, 4, 14], "R": [[-0.05883100295154616, -0.8605975154753349, 0.5058762985645757], [0.8952199726685575, 0.17875156752416263, 0.40820225090384016], [-0.44172402428102336, 0.47688551400240214, 0.7599079502858503]], "T": [-0.12525613349708845, 0.07440736758266367, -0.04472074171605885], "aligned_model": [[-0.30994402358822903, -0.32323361021621144, -0.213511609157705, 0.30775392542204805, 0.17136359652164138, -0.2921334454264839, -0.4855950565703505, 0.6095431380593838, 0.5675946449792504, 0.0173094837672067, 0.23548502310341998, -0.12755835823761139], [-0.09205860751755876, -0.6286389288564972, -0.28452611189229327, 0.09605358899326234, -0.46940318535364267, 0.7653683003607397, 0.20882847905811067, 0.14198814856154074, -0.3550554926984798, 0.43736627864620314, 0.5278506307306603, -0.02195913112783024], [-0.628637705484649, 0.0404162458003318, 0.635145903013413, -0.6179411709351645, -0.567146099120677, -0.10575735516104054, 0.36132878069041796, 0.29650164188103006, -0.10468496910721761, 0.5569825890958704, -0.1337095160801812, -0.0607801947572932]], "inverted": false, "swapped": false, "error_lsq": 0.04576160702737484, "error_max": 0.26210731760789513, "target": "1097.xyz", "model": "15.xyz", "model_rescale": 4.355366556412066, "target_rescale": 3.657550362275372},
{"mapping": [5, 3, 6, 9, 7, 0, 4, 8, 10, 2, 1, 11], "R": [[0.9551066090285755, 0.29076441180591783, 0.05681040588743318], [0.2887473003321803, -0.9565206399513412, 0.041149263638063885], [0.0663050672333113, -0.02289808232660233, -0.9975366238314013]], "T": [0.04739852800691466, 0.039735765715517235, -0.07089223490449745], "aligned_model": [[-0.41757185670252317, -0.32728305089204024, -0.037331455866391625, 0.30049327362240696, 0.07785909530610094, -0.34130321985296186, -0.5943755442456674, 0.56899789660802, 0.5551330600780995, 0.005765116833866754, 0.3918608576948728, -0.025170463927423684], [0.04185348740596766, -0.49901888369983666, -0.4146198530621632, 0.1761433458914219, -0.6323397446059322, 0.6200637621784157, 0.09102303100068102, 0.1628464033849002, -0.31675873421891204, 0.639847690664554, 0.4558876170421268, 0.000885846922991429], [-0.5176113172314085, -0.09023521828961187, 0.609164942483912, -0.7544765581919731, -0.6606784521440426, -0.19755883002128485, 0.35316600135633736, 0.476660488931717, 0.04025233333095725, 0.511222649249017, -0.12343368014715546, 0.025245790508375998]], "inverted": false, "swapped": false, "error_lsq": 0.03904346058119066, "error_max": 0.25299435060349623, "target": "1097.xyz", "model": "16.xyz", "model_rescale": 3.795458400668931, "target_rescale": 3.657550362275372},
{"mapping": [8, 6, 5, 7, 3, 11, 9, 2, 0, 10, 4, 12], "R": [[-0.7843400268394021, 0.22163059931148593, 0.5793881253066877], [-0.6189471898980436, -0.3419565428796518, -0.7070856375992319], [0.041413746689735464, -0.9132062199912071, 0.4053878406593987]], "T": [0.09632469227798358, 0.02275139211410613, -0.07057440377480803], "aligned_model": [[-0.4797352597311083, -0.22464915037021027, -0.14229013244665462, 0.325991510049879, 0.05122826406766891, -0.34928896085477473, -0.6736080758919089, 0.5506707948022218, 0.5139534209984875, -0.014849798192323058, 0.4766474708030586, 0.12300362542202276], [-0.0353425670369741, -0.5704234560380598, -0.2981938781711441, 0.11909160167573518, -0.5526661490940706, 0.6506296174003751, 0.06144427183199503, 0.19623874006187958, -0.3923780312147553, 0.4607145238883329, 0.5428902232586381, 0.1438090723422629], [-0.4205269661545815, -0.020621997595666394, 0.5947328206921941, -0.6782308827019307, -0.6355902461213033, -0.32064994351441, 0.38070408296259206, 0.444226143761856, -0.13587520240891046, 0.5079860433068305, -0.08806636921156576, 0.04363066681973561]], "inverted": true, "swapped": false, "error_lsq": 0.03383961772530319, "error_max": 0.18041840060888564, "target": "1097.xyz", "model": "17.xyz", "model_rescale": 3.7474275329858107, "target_rescale": 3.657550362275372},
{"mapping": [3, 1, 2, 10, 11, 8, 0, 9, 7, 6, 5, 13], "R": [[-0.16631389963310766, 0.45586244104574336, 0.8743735595457153], [-0.13296579641298834, -0.8889922624865664, 0.43819271356707373], [0.9770669290141224, -0.04338423772330212, 0.20846588244621633]], "T": [0.07155423947731174, 0.035967768375268994, -0.052890837965978876], "aligned_model": [[-0.3813905328314575, -0.3636267481012232, -0.10511480147699251, 0.20491215225613055, 0.1822571921772854, -0.35485032224488144, -0.6383402496931925, 0.5390304803844356, 0.5034125908688686, 0.10380209287459563, 0.449257654079386, 0.017724200363403768], [-0.06963368637511758, -0.5017458151214274, -0.2623228691950734, 0.2700517987172087, -0.454125121878669, 0.5536002380508491, 0.18663915918296156, 0.2263456078568718, -0.570056472149433, 0.2955258446115872, 0.6218323304684923, 0.02970295473596478], [-0.5471362702180063, -0.05305510296207103, 0.5664987561634731, -0.6883904086201276, -0.571822892277623, -0.3119086506715222, 0.3624287221540489, 0.38636581625537353, 0.06395207481062778, 0.6727733353760019, -0.24608188887554558, 0.038094658700209935]], "inverted": false, "swapped": false, "error_lsq": 0.04101397488973966, "error_max": 0.23227471455723991, "target": "1097.xyz", "model": "18.xyz", "model_rescale": 3.922800546911778, "target_rescale": 3.657550362275372},
{"mapping": [13, 11, 2, 12, 7, 8, 6, 0, 3, 1, 5, 14], "R": [[0.3131397572448775, -0.919692183266403, 0.23687503133782684], [0.9212901323161856, 0.3547267019776955, 0.15935325224435404], [-0.23058183911454233, 0.1683307902396483, 0.9583823665572375]], "T": [-0.10166929356251238, 0.023249569432876958, 0.011229349276558186], "aligned_model": [[-0.41319838080505483, -0.4684673145271637, 0.06753241207141582, 0.3432035293613131, 0.14904649184352375, -0.33470843738083583, -0.6234271441244453, 0.6551637164328573, 0.48647858068788913, -0.03886010971623098, 0.40030430835266834, -0.06599394353957805], [-0.06499237950405376, -0.5445709566141959, -0.33610701691590633, 0.1120426547868155, -0.578140691622107, 0.5505311626605118, 0.3019670784898284, 0.1392398710277998, -0.2179505057517993, 0.4320071389501593, 0.5876207312329509, -0.05583311783578848], [-0.5945566963450176, -0.2130086376588526, 0.607352314314901, -0.631279797727302, -0.4510285526733255, -0.19384998394200037, 0.3659871080855679, 0.3461811078838921, -0.05986105324548258, 0.6251961885461835, -0.09850403167221927, -0.03090981573150422]], "inverted": true, "swapped": false, "error_lsq": 0.03937095558675383, "error_max": 0.2303345239886638, "target": "1097.xyz", "model": "19.xyz", "model_rescale": 3.9282355846067225, "target_rescale": 3.657550362275372},
{"mapping": [2, 7, 6, 10, 12, 1, 5, 4, 9, 3, 0, 13], "R": [[0.6440927344773345, -0.32279896955676035, -0.6935022528057164], [0.637767916161105, 0.7271957484250767, 0.25384725444253736], [0.42237025760466596, -0.6057946588783911, 0.6742523242565664]], "T": [0.09919151375356627, -0.08721777056331113, 0.06877640779862168], "aligned_model": [[-0.5237375615372221, -0.29196076896334633, -0.19846800997891723, 0.16815180870546653, 0.21058038199511697, -0.22596226243279305, -0.5345123228168065, 0.5318080843983206, 0.6036453568926207, -0.04346242477760959, 0.38777220248470123, 0.0732192246868276], [0.09960156500859348, -0.5432386939668785, -0.25882915148850527, 0.11361252543687107, -0.665250702906176, 0.5642209518096255, 0.10559518852709766, 0.1948151906655894, -0.49576281206481576, 0.5124492514406428, 0.6511916522617448, 0.04740900418042614], [-0.43696474474259017, -0.09597366207428909, 0.6244673254186267, -0.7661762968021187, -0.5446278589183133, -0.1084336628279639, 0.28998391800427137, 0.43301280977382495, -0.1700584607707663, 0.5005221497394192, -0.039249971255154406, -0.014783395710105854]], "inverted": true, "swapped": false, "error_lsq": 0.04911916404260319, "error_max": 0.23343250961946765, "target": "1097.xyz", "model": "20.xyz", "model_rescale": 4.067790424073018, "target_rescale": 3.657550362275372},
{"mapping": [13, 11, 3, 1, 10, 5, 6, 0, 12, 2, 8, 14], "R": [[-0.6830969627015971, -0.3581013131409999, 0.6365076504446309], [0.7289534990529911, -0.3877518617648733, 0.5641589225708264], [0.0447809754946662, 0.8493597254547488, 0.5259113242830772]], "T": [0.03987704889193264, 0.11064663350641071, -0.021393004873176205], "aligned_model": [[-0.38178849103598955, -0.2652423338837354, -0.013972061409017002, 0.3286914016162219, 0.039910775055022635, -0.2247569820756187, -0.6030153781021241, 0.5823052368774818, 0.37016771578202745, 0.006262375818260529, 0.2682194037408834, 0.05029204627294577], [-0.0754984281505379, -0.4584769466073675, -0.3613962255550386, 0.2622363180962516, -0.4222457381821807, 0.5236360317883779, 0.1580556998372447, 0.2423535848492302, -0.5741145112712814, 0.3624555185395948, 0.6176742462986331, 0.05113441926128867], [-0.5483386316082525, 0.010743684318763477, 0.6843129035473986, -0.7743285522244892, -0.6437373955543509, -0.3498358574646882, 0.3419231252926914, 0.41779143174503186, 0.07360234693799599, 0.6780240886492991, -0.14768894927880438, -0.07075004452575495]], "inverted": true, "swapped": false, "error_lsq": 0.040127351998297554, "error_max": 0.265947039950709, "target": "1097.xyz", "model": "21.xyz", "model_rescale": 4.186013935880536, "target_rescale": 3.657550362275372},
{"mapping": [10, 11, 5, 7, 4, 9, 8, 0, 6, 2, 1, 12], "R": [[-0.2867222380015306, -0.808070715966628, -0.5145989469796597], [-0.4434489486229595, 0.5880882908612932, -0.676391301035898], [0.8492016181099664, 0.034261934402832483, -0.5269561003066485]], "T": [0.004007892471993336, -0.013360171892397247, -0.005076847389915831], "aligned_model": [[-0.2431773302430152, -0.4985182790127047, 0.12529289845131206, 0.39291892620385915, 0.016542433588845263, -0.40003692103498534, -0.6396050183267437, 0.6326443890817077, 0.45614099179184575, -0.05373704929227026, 0.36347670334688076, 0.005131964101627064], [0.033544897354488845, -0.39491038015842683, -0.2897493431391194, 0.14523251898051545, -0.5220723108609784, 0.3953446141987029, 0.22101322829390266, 0.17733570955274144, -0.3259178555598149, 0.32541131952638996, 0.619922797177132, -0.0593412264613189], [-0.8006890725273517, 0.024126992373727216, 0.707269802393041, -0.6066749741524196, -0.5234116751928203, -0.2399362664956245, 0.3391609498402916, 0.29532234857521567, -0.09303254019645049, 0.6518847962145823, -0.07477685475736164, -0.0075253562399897785]], "inverted": false, "swapped": false, "error_lsq": 0.04822074255392501, "error_max": 0.3107545350263085, "target": "1097.xyz", "model": "22.xyz", "model_rescale": 4.166573947596378, "target_rescale": 3.657550362275372},
{"mapping": [3, 9, 10, 2, 11, 4, 8, 5, 12, 7, 1, 15], "R": [[0.1825464667856274, 0.9419903113516809, -0.2816576659415598], [-0.7463786961188518, -0.05370450744659386, -0.6633510894389498], [-0.6399965854940217, 0.33131567907281745, 0.6932779322584206]], "T": [0.06191623803271546, -0.04920977514546743, -0.011049619352940902], "aligned_model": [[-0.30557032311687315, -0.36117106760160755, 0.004118607917037463, 0.23857992253766214, -0.0025496694804853295, -0.31853489520556943, -0.6890919777543292, 0.5946978931120189, 0.47025279893923966, 0.019927803201808293, 0.4029083507757298, 0.10350626533172676], [-0.036159187945487725, -0.47517127438979967, -0.2499602289408315, 0.2510939616476824, -0.5593703979084041, 0.5201608480321358, 0.1897172841187706, 0.3527917527129544, -0.5177573235745496, 0.27800938183159485, 0.5668845355374408, 0.005574617782708971], [-0.48666496978251833, -0.009289149329413375, 0.7081860321257974, -0.5867377705548732, -0.6091078215181112, -0.2773718716050696, 0.170553410337891, 0.48453131330266297, -0.21866899011912488, 0.6234220051488071, -0.12173494023312353, -0.0053990979380843206]], "inverted": false, "swapped": false, "error_lsq": 0.039407832226136495, "error_max": 0.20561997716182087, "target": "1097.xyz", "model": "23.xyz", "model_rescale": 4.274766983524099, "target_rescale": 3.657550362275372},
{"mapping": [5, 0, 3, 10, 8, 7, 9, 2, 6, 1, 11], "R": [[-0.9965632037456323, 0.007188529441846912, 0.08252336629528009], [-0.05923893034838198, -0.7581946709232089, -0.6493316487857548], [0.05790103687690592, -0.6519886241554456, 0.7560147511130113]], "T": [-0.05164478226182835, 0.16446285090776422, 0.0684724471447895], "aligned_model": [[0.2966945555819815, 0.2836048217938968, -0.46284238180979503, -0.46073657043822797, -0.5443709228089932, -0.6166520126324934, 0.029096611015484025, 0.014922921500033576, 0.5805800517402323, 0.2695201852535468, -0.00992255523759026], [-0.07526334936695148, 0.5765972229424744, 0.4424153470177298, -0.22931630888569607, 0.5299892282081053, -0.3074472024386036, -0.5560316350025094, 0.028511773753129105, -0.18911549269936048, 0.6231860740999371, 0.07206087361522888], [-0.5425519068457461, -0.32379619268998205, -0.49502436669763816, -0.39050039119833135, 0.28554189269370167, 0.2987187457143546, 0.268417641270377, 0.7915508491094412, 0.15057877208576645, 0.38758983155621857, -0.05095844097658475]], "inverted": false, "swapped": true, "error_lsq": 0.0449585973933047, "error_max": 0.19479078937169583, "target": "1097.xyz", "model": "24.xyz", "model_rescale": 3.7841303162186577, "target_rescale": 3.657550362275372},
{"mapping": [5, 9, 10, 4, 2, 3, 13, 7, 8, 11, 6, 15], "R": [[-0.3157417944139783, 0.30781695790680785, 0.8975276261404099], [-0.8719729450173126, 0.27883909749867897, -0.40238282873894743], [-0.3741260515094824, -0.9096688837874585, 0.1803669023152622]], "T": [0.09887570496815203, -0.08429930409109701, 0.04775004878576988], "aligned_model": [[-0.3806483766462078, -0.19733721859853842, 0.10039958052792698, 0.24918922581622466, -0.041960985213242194, -0.2616819592703548, -0.5847705635359738, 0.48596843052404204, 0.4436737684649539, -0.07707575027629683, 0.31520069758795366, 0.10611685927587117], [0.029054334808179094, -0.5886459931623625, -0.36954582101464484, 0.20460947127488147, -0.48298206931811105, 0.5543163127864487, 0.2453962103233365, 0.1527830852731734, -0.4886772540392543, 0.49391121541224714, 0.5926074960469221, -0.0170130194866005], [-0.677885088968653, 0.053497192515465336, 0.7715505790863915, -0.6235486238072434, -0.5767578433476388, -0.2856718345274512, 0.23729857715364522, 0.5133214424251344, -0.21119116586235043, 0.521185630143698, -0.08273801096675876, 0.03265729599060107]], "inverted": true, "swapped": false, "error_lsq": 0.04344720114239085, "error_max": 0.23040584427455824, "target": "1097.xyz", "model": "25.xyz", "model_rescale": 4.19342608120988, "target_rescale": 3.657550362275372},
{"mapping": [5, 3, 6, 9, 7, 0, 4, 8, 10, 2, 1, 11], "R": [[0.9551066090285755, 0.29076441180591783, 0.05681040588743318], [0.2887473003321803, -0.9565206399513412, 0.041149263638063885], [0.0663050672333113, -0.02289808232660233, -0.9975366238314013]], "T": [0.04739852800691466, 0.039735765715517235, -0.07089223490449745], "aligned_model": [[-0.41757185670252317, -0.32728305089204024, -0.037331455866391625, 0.30049327362240696, 0.07785909530610094, -0.34130321985296186, -0.5943755442456674, 0.56899789660802, 0.5551330600780995, 0.005765116833866754, 0.3918608576948728, -0.025170463927423684], [0.04185348740596766, -0.49901888369983666, -0.4146198530621632, 0.1761433458914219, -0.6323397446059322, 0.6200637621784157, 0.09102303100068102, 0.1628464033849002, -0.31675873421891204, 0.639847690664554, 0.4558876170421268, 0.000885846922991429], [-0.5176113172314085, -0.09023521828961187, 0.609164942483912, -0.7544765581919731, -0.6606784521440426, -0.19755883002128485, 0.35316600135633736, 0.476660488931717, 0.04025233333095725, 0.511222649249017, -0.12343368014715546, 0.025245790508375998]], "inverted": false, "swapped": false, "error_lsq": 0.03904346058119066, "error_max": 0.25299435060349623, "target": "1097.xyz", "model": "26.xyz", "model_rescale": 3.795458400668931, "target_rescale": 3.657550362275372},
{"mapping": [10, 11, 8, 3, 4, 7, 5, 1, 9, 6, 0, 12], "R": [[-0.9173191591925894, 0.24905055868916987, 0.31064349243918404], [0.3366181949240183, 0.9017925121570126, 0.2710322044769592], [-0.2126352534842157, 0.35319128561468915, -0.9110664985288104]], "T": [0.14613963886138068, -0.07394821092936393, 0.01126007291180367], "aligned_model": [[-0.45770367067910256, -0.15535045223645125, -0.15165717651528046, 0.2938481835132133, -0.0694353896497851, -0.28738676017937415, -0.5002951498330197, 0.48436110345730543, 0.4925413414743297, -0.056743114468207484, 0.507477948719586, 0.05741684505314573], [-0.1102012931893311, -0.7223245798291003, -0.24746624971962886, 0.24239362232882322, -0.5164214163087287, 0.5172182420184348, 0.232502676012535, 0.0513612532173586, -0.27183762491738256, 0.432486448995473, 0.6568493559444635, 0.06125353435129827], [-0.3652308301112045, -0.005663311960860867, 0.6531013750045183, -0.6392678582453021, -0.6644677215737466, -0.33914709721074143, 0.24593087582171838, 0.4805754781917476, -0.14754776812174522, 0.6305737925273847, -0.15196594882806377, -0.02517283565886419]], "inverted": true, "swapped": false, "error_lsq": 0.04596001098667609, "error_max": 0.24321007107187562, "target": "1097.xyz", "model": "27.xyz", "model_rescale": 3.6321398670334006, "target_rescale": 3.657550362275372},
{"mapping": [0, 3, 7, 11, 5, 10, 8, 6, 1, 12, 9, 14], "R": [[0.3849041745075747, -0.7515251034673415, -0.535778681271516], [0.2950322131955524, 0.6502300763918881, -0.7001120202741373], [0.8745311713275732, 0.11140406910791742, 0.4720003853416029]], "T": [0.06636097283369422, 0.03407756819739143, -0.027871115749869273], "aligned_model": [[-0.321690760686003, -0.30576039958404233, -0.19365948691518833, 0.23817946777903784, 0.0004050616224269832, -0.37489357113929, -0.3728779187232588, 0.6730945829757202, 0.4293534855824095, -0.010024548645172035, 0.27096228332037664, 0.12398551306934233], [-0.08013701370811777, -0.5421315535655103, -0.2770468555905821, 0.3037538137148074, -0.6263389194976196, 0.5723282203687508, 0.16351222251551248, 0.24244655376777466, -0.5146653152031512, 0.39795759511254897, 0.6702011956143952, 0.015934025375406266], [-0.503036955865038, 0.0048215768498364245, 0.6327939563089144, -0.5848980126023107, -0.6036047365552549, -0.37464524375959646, 0.21159805178518293, 0.4107222372745013, -0.14780809816954332, 0.7105503824343153, -0.03543389362538656, -0.049341114240780325]], "inverted": false, "swapped": false, "error_lsq": 0.04429012010567096, "error_max": 0.2723173146741683, "target": "1097.xyz", "model": "28.xyz", "model_rescale": 4.156811204709835, "target_rescale": 3.657550362275372},
{"mapping": [4, 3, 0, 5, 7, 8, 1, 2, 6, 11], "R": [[-0.3383593147334223, 0.9357380981905425, -0.09953484680188818], [-0.8914688112092453, -0.2848752787101032, 0.3523200735425335], [0.30132429834698704, 0.20794299020305418, 0.9305715340859662]], "T": [-0.08729184538384005, -0.018169605498997612, 0.07393226440953357], "aligned_model": [[-0.6070686966679782, -0.0017715462350535865, 0.04427701162160169, 0.6101593893160943, -0.14443009284516878, -0.6341032181453244, -0.491038482473128, -0.48972364279309444, 0.28798691188961506, 0.06863774044302429], [-0.13366260576174055, -0.6091349657114753, 0.14813064386245484, 0.04641395260091172, -0.46207632341569826, -0.367664041215894, 0.42199617791456157, 0.3269034742596896, 0.5793178368710469, -0.03150381877765228], [-0.6060216965540315, -0.38138733393955615, -0.551492060635781, -0.1741613586360035, 0.7021262418487936, 0.025365935606987397, -0.16825066859685786, 0.588451018208847, 0.2573496707307398, 0.066806978941962]], "inverted": false, "swapped": true, "error_lsq": 0.04493098453998578, "error_max": 0.19434252703103097, "target": "1097.xyz", "model": "29.xyz", "model_rescale": 4.117894457231895, "target_rescale": 3.657550362275372},
