[{"mapping": [8, 7, 10, 11, 0, 2, 9, 4, 1, 6, 5, 3, 12, 13], "R": [[0.16431498524355242, 0.9593058417846534, -0.22963642468530449], [-0.1892976132146853, -0.19780702832309577, -0.9617893704846244], [-0.9680738604340247, 0.20150603331866856, 0.14909164725275886]], "T": [0.05793773185301055, -0.11234544811680185, 0.03067712253900033], "aligned_model": [[-0.5260392834806262, -0.19379617155471507, -0.49119487756392466, -0.6237633571571242, 0.7697482914987941, 0.6549396926735834, 0.2393512178238569, 0.041058999414354015, 0.3054023366375933, -0.033888285867836966, -0.38763015541327656, 0.33700855235603205, 0.10094001673723804, -0.026985043573997412], [0.10528740859180342, 0.547503859721276, 0.5434007609781295, -0.013838394893448708, 0.05843472484787941, 0.05370932356970161, 0.5801309750901047, 0.35643528529373636, -0.4597875739672094, -0.328886746734189, -0.7228503382951107, -0.4335026988652367, 0.06790610273639126, 0.023671791887884805], [-0.4406888890332911, -0.2388101968216496, 0.5634802861690601, 0.14311300004671063, 0.2747514847312164, -0.42459501254751963, 0.18658966909860758, -0.8020076671536078, 0.4193792604110885, -0.6968008033462322, -0.0032978292199970505, -0.2729308536955014, 0.5791112479208558, 0.0019143881300349441]], "inverted": true, "swapped": false, "error_lsq": 0.054347965927791946, "error_max": 0.26857632348159566, "target": "1098.xyz", "model": "0.xyz", "model_rescale": 3.8414455957264533, "target_rescale": 4.054412744329265},
{"mapping": [0, 13, 9, 7, 10, 1, 12, 11, 6, 4, 2, 3, 8, 14], "R": [[0.3216724872642803, 0.1343852964016222, -0.9372659190690015], [-0.01799575353671957, 0.9905657943488455, 0.13585124188128345], [0.9466799690454307, -0.026832800395961105, 0.32105612754011315]], "T": [-0.017505224806636792, -0.026992909561310095, -0.012648619815718853], "aligned_model": [[-0.4149902985389073, -0.3128758500442536, -0.5262218932771112, -0.6491966639871399, 0.6216632142778101, 0.4055308752091676, 0.4917452245936946, 0.2737637778525972, 0.10896539857820037, -0.17829966966934627, -0.2539360491614909, 0.4007156231916699, 0.1431899366052442, 0.0550983068998161], [0.13476546103241951, 0.6709823039090583, 0.1224660778526456, -0.12344539266644139, -0.05442430787804166, 1.7977979060248422e-05, 0.5376283089235845, 0.6279556605725454, -0.4039621057953832, -0.4154010608383959, -0.6964101556219571, -0.4876659669751701, 0.48976757729600323, -0.02465989782821569], [-0.596906452634484, 0.008179144516132303, 0.4167451881216312, -0.08060335698716825, 0.23044092186621104, -0.7668427335599471, 0.05182155382501716, -0.4735934545839236, 0.6596062279131246, -0.3577594561726789, 0.18881041718658143, -0.4883045232928016, 0.5630579563342964, -0.06544334784221595]], "inverted": false, "swapped": false, "error_lsq": 0.050452779712314044, "error_max": 0.3552800720987779, "target": "1098.xyz", "model": "1.xyz", "model_rescale": 4.316132596720782, "target_rescale": 4.054412744329265},
{"mapping": [0, 9, 7, 12, 1, 3, 6, 8, 5, 10, 4, 13], "R": [[0.6064541613102696, -0.559696905339515, -0.5647589967258848], [0.6242346951605019, -0.10479485040441737, 0.7741763911968585], [-0.49248796491623326, -0.8220446541898355, 0.2858289539752422]], "T": [-0.06006804240723274, 0.038346434795206184, 0.035175427671200236], "aligned_model": [[-0.13352380687104803, 0.3040709483827676, 0.07316931260152157, -0.5258457404234606, -0.5280438019490059, -0.4318342312858263, -0.12688109791033794, 0.0008044035337401098, 0.5528795785646273, 0.15308786140363506, 0.30175761650442956, -0.041832487919262126], [-0.7297660829460233, -0.4045598193191183, -0.43796191831310055, 0.5089463715781783, -0.23506856876108204, -0.3399518681031701, 0.31013759185955325, 0.635918655221044, 0.04281857590433421, 0.10593539079360798, 0.5798970859632737, -0.023568986136516992], [0.014401007844333479, 0.2153932977826686, -0.545836177174658, -0.025405873964591687, -0.44460550070926164, 0.44359335481642725, -0.6581287206812891, 0.4460535836213205, -0.43699531526431196, 0.7146917277227169, -0.17855895201190775, -0.09534397077202558]], "inverted": false, "swapped": true, "error_lsq": 0.04524633375739286, "error_max": 0.23742664242993147, "target": "1098.xyz", "model": "2.xyz", "model_rescale": 3.795458400668931, "target_rescale": 4.054412744329265},
{"mapping": [2, 12, 8, 5, 3, 9, 4, 1, 6, 7, 10, 13], "R": [[0.2021179758824216, -0.7351127619745379, 0.6471147896682315], [0.46449471945617465, 0.6536614872470605, 0.5974707655503244], [-0.8622024004968455, 0.17982182090093424, 0.4735727328566859]], "T": [0.01596285603257351, 0.07735673828288203, 0.05936065483427757], "aligned_model": [[0.052990816710001484, -0.19513535843225838, -0.6984898040861818, 0.23516538445394508, 0.06332348712912736, 0.14217533121073456, -0.2789592518918855, 0.6182900338575948, 0.31401779935115404, 0.7296499174422112, -0.5362354367952057, 0.14651090679432804], [-0.14427935484078075, -0.4769642411190588, -0.06111541898033712, 0.051613144330784566, 0.42252272264188334, 0.6411082459695301, -0.2677653042158582, -0.21854284444534444, -0.5494556610607101, 0.11343368844217333, 0.5255204255113471, 0.04969364305608036], [-0.7670215861922911, -0.24105414876560058, 0.05804518967749291, 0.8009518599395861, -0.5122531328286231, 0.22518068964638885, 0.5729646134685846, -0.21191821039596667, 0.3373436153899471, 0.32684066720850347, -0.01792105830639617, 0.11761293179747465]], "inverted": true, "swapped": true, "error_lsq": 0.043216139568309886, "error_max": 0.2677231046195771, "target": "1098.xyz", "model": "3.xyz", "model_rescale": 3.7530521520055578, "target_rescale": 4.054412744329265},
{"mapping": [0, 11, 5, 4, 7, 8, 1, 3, 2, 12, 13], "R": [[-0.8817623999559439, -0.46114662410504437, -0.09919103336721163], [-0.16289931558062018, 0.4950560994252011, -0.8534537312621413], [0.442672433078117, -0.7363852588818074, -0.5116423237910188]], "T": [-0.08990969761466347, 0.017306499485855817, -0.02617644204290745], "aligned_model": [[-0.5344627252549552, -0.06901796666037407, 0.4185608055593981, 0.471197423489376, 0.11984247458454991, -0.05308441781915324, 0.02518700085827895, -0.7115288580356909, -0.4365310199968596, 0.12730941456887493, -0.019272528848240322], [-0.6122202506003203, 0.036643494830138665, -0.313555518934467, 0.29791521864863185, -0.7162546918731831, 0.7319213764050388, -0.42946810866001306, -0.01821161754107592, 0.18459409800925375, 0.4153692476706249, -0.1095298896402822], [0.017330365524003605, -0.8564703357082392, -0.5064451884278697, -0.30239165824596614, -0.03557483369546929, -0.15879751423823188, 0.531579790053818, 0.2196954578216927, 0.7388528084968585, 0.4600798323506522, -0.01502794668593209]], "inverted": true, "swapped": true, "error_lsq": 0.05326711989430673, "error_max": 0.26014068359416226, "target": "1098.xyz", "model": "4.xyz", "model_rescale": 3.7855080009869324, "target_rescale": 4.054412744329265},
{"mapping": [11, 1, 4, 6, 9, 14, 2, 12, 10, 13, 8, 15, 5, 16], "R": [[0.8328178917997426, -0.25058438462404364, -0.49358061680015486], [-0.4375743198057658, -0.8441438272509785, -0.3097578305073037], [-0.33903255558242984, 0.47395006603719275, -0.8126673742427384]], "T": [0.0029079110034365783, 0.041210534902178034, 0.019733805946944308], "aligned_model": [[-0.5491410604282301, -0.23960397882854834, -0.5618267817911794, -0.6311114203861142, 0.6998580824715126, 0.510375965021605, 0.5343960580260446, -0.015787702340280756, 0.2595411511561705, -0.2283362195351738, -0.12483749710199034, 0.4395114222332294, 0.020791042671354627, 0.05132287136155103], [0.22727389775050616, 0.7480000983327162, 0.3703676158766443, -0.10735999271717721, -0.049797073332168, 0.07496765144650652, 0.5516439196669644, 0.3244686854924519, -0.4401943487727136, -0.3053142679778615, -0.6493511079021432, -0.6166072731056972, 0.2022719731436724, 0.04724470206001111], [-0.5216150524125704, -0.10167638845681293, 0.3657556645973584, -0.025247899381062797, 0.13327715882647445, -0.4263984947963385, -0.03283801987953515, -0.5987163191044075, 0.5028000458115799, -0.5729839615915278, -0.026261869491023812, -0.21684855209225107, 0.8127298029939864, -0.0027680303340948814]], "inverted": false, "swapped": false, "error_lsq": 0.03453527876599467, "error_max": 0.21203095610445924, "target": "1098.xyz", "model": "5.xyz", "model_rescale": 4.2253639853439635, "target_rescale": 4.054412744329265},
{"mapping": [6, 7, 12, 11, 1, 4, 0, 3, 8, 2, 5, 10, 9, 13], "R": [[0.2163622835541263, 0.05601865816866686, 0.9747047102544577], [-0.9136145309381396, 0.3636201308042997, 0.18190351654805192], [-0.3442322633251092, -0.9298614468891837, 0.12985314195361894]], "T": [0.04818786287673428, -0.005723511621005196, -0.018738710810321406], "aligned_model": [[-0.4742061433471346, -0.2945802076058475, -0.6102141868947342, -0.6724771527661854, 0.7620425191129385, 0.5716139997187104, 0.3768981728531353, -0.018065578114484435, 0.11228697496138021, 0.030589758398800668, -0.24930854186652307, 0.3733420025443207, 0.21458524102957083, 0.042645074506003376], [0.10215376773773457, 0.6942154690443061, 0.5109895711245304, -0.171316453640112, -0.08468632203288069, 0.0810399306322618, 0.7097689888550276, 0.4108077238172863, -0.5107302447995503, -0.3003965923122878, -0.5451937913311741, -0.6960189984955605, 0.1515926452589874, 0.02538878610314291], [-0.3781618082632287, -0.16701780316580037, 0.3946111355007253, 0.22369623220539941, 0.1325298791216788, -0.4871493176133429, 0.133191086149894, -0.588933137439884, 0.5167277950263973, -0.6212581663235233, -0.16437171848699175, -0.18084793524493364, 0.5470880884964582, -0.07089624527307406]], "inverted": true, "swapped": false, "error_lsq": 0.04942259837510538, "error_max": 0.333721190714693, "target": "1098.xyz", "model": "6.xyz", "model_rescale": 3.89814844738969, "target_rescale": 4.054412744329265},
{"mapping": [4, 5, 6, 10, 12, 7, 9, 8, 3, 0, 1, 2, 13], "R": [[0.48693617549136814, 0.4404329999354697, 0.7542625097177257], [-0.09589458220791391, 0.8852936195609347, -0.4550378404790848], [-0.8681574684934811, 0.14924469750226288, 0.4733166278153017]], "T": [-0.07293625603995456, -0.005523684740151427, -0.045816330999181795], "aligned_model": [[0.3289949782881687, -0.11797600768154325, 0.4488483046377907, -0.3589229841664138, 0.5222699441191396, -0.29968776701256244, -0.6527080961542591, 0.24839173421351907, -0.40890367933927046, -0.6837561813132017, 0.05875883741606398, 0.14483726299827637, -0.08151454510148544], [-0.21305118561806052, 0.19311356997274254, 0.43904941503916917, -0.6536932805381669, -0.055850034115152505, 0.6664048623545574, -0.03600346565977551, -0.6583577567450757, -0.035283595216005215, 0.42093868800525713, 0.660263725508736, 0.11012454467041304, 0.1261257778118468], [-0.5608512031552138, -0.7922643589271987, -0.34431371919168635, 0.05334956412935914, 0.2462112300769569, -0.327404869201412, -0.20130662529506888, -0.03259250985675215, 0.5324268242502316, 0.15630499218176774, 0.20583887288043706, 0.7743064752750071, -0.10742964233013197]], "inverted": false, "swapped": true, "error_lsq": 0.049979307331625894, "error_max": 0.27318480140941076, "target": "1098.xyz", "model": "7.xyz", "model_rescale": 3.7474275329858107, "target_rescale": 4.054412744329265},
{"mapping": [9, 11, 13, 4, 0, 6, 10, 7, 1, 8, 2, 3, 12, 14], "R": [[-0.8580216036516285, 0.10463852470612092, -0.5028416319423187], [-0.34214742615095145, 0.6137220065032959, 0.7115338625194502], [0.3830588289615148, 0.7825573959019844, -0.49078493831182113]], "T": [0.020051912170245247, 0.049211136471861525, -0.03227158674098908], "aligned_model": [[-0.3786257061084963, -0.17940585258010058, -0.674789009808781, -0.6648897326026412, 0.6419173381594007, 0.6917122493698634, 0.531644755742645, 0.19971047891152835, 0.2678271801546543, -0.37983150106283853, -0.17548637277478638, 0.3359718553977621, -0.036018361107895386, -0.014585389160363872], [0.3643438699786366, 0.6331303976318797, 0.20244125171963406, -0.3179264353132429, -0.13383645262714927, 0.04909127083794798, 0.6087378011917358, 0.4757244276669544, -0.3683603508824272, -0.34744104038876317, -0.7414900956328236, -0.483089448036415, 0.41823153556756026, 0.018057748248184104], [-0.5997995217755004, -0.10800039312931807, 0.5171175773467818, 0.05878220222507262, 0.08600863016499864, -0.4968256476024452, -0.01068377626327563, -0.5319583323671014, 0.5413513639625492, -0.4169410841921269, 0.1802039095373691, -0.3941903817598192, 0.45897447004229086, 0.005169068500299315]], "inverted": false, "swapped": false, "error_lsq": 0.04312334224107026, "error_max": 0.2661760187635102, "target": "1098.xyz", "model": "8.xyz", "model_rescale": 4.019505241142653, "target_rescale": 4.054412744329265},
{"mapping": [1, 12, 3, 0, 7, 9, 10, 6, 5, 4, 8, 11, 13], "R": [[0.14681134177203875, 0.4611296717827488, 0.8751033400282668], [0.08014601693065146, 0.8762353280514921, -0.4751718277051434], [-0.9859122911787062, 0.1398966607036392, 0.09168357773737609]], "T": [-0.04604774696829636, -0.019139487246486862, -0.05365406762583788], "aligned_model": [[-0.2559203859174496, -0.7063915650941218, 0.062237034170274735, 0.4547091451751445, 0.2687275181907649, 0.5509952202140245, 0.18336335559686115, -0.4257940209157782, 0.26226456795772846, -0.2394204805285157, -0.3537192990345398, 0.5342391849177971, -0.015589502991013984], [-0.6420126349783527, 0.03859558747414039, 0.127174570375671, -0.36515321724160854, -0.7115031389291459, 0.023985570530683127, 0.6540942528917892, -0.540305273268852, -0.3338562208023847, 0.07405768709514915, 0.6042019662814203, 0.29233205281828356, -0.15823297413273427], [-0.3568525705593423, -0.10557671766732565, -0.697852415263133, -0.5283552361398646, 0.007545860876836424, -0.10770552444711522, -0.13028947391661097, 0.3247426163838171, 0.5824016615915777, 0.5973440682364107, 0.16175837560653208, 0.4527557368616475, -0.023212887519550682]], "inverted": true, "swapped": true, "error_lsq": 0.04348035234122567, "error_max": 0.3032256291203634, "target": "1098.xyz", "model": "9.xyz", "model_rescale": 3.877068213659057, "target_rescale": 4.054412744329265},
{"mapping": [3, 12, 10, 6, 8, 1, 0, 5, 9, 4, 2, 7, 11, 15], "R": [[0.5469704327097986, -0.08768242602372478, 0.8325473787766373], [-0.8279472922612702, -0.20372907704816487, 0.522491860608693], [0.12380075516121314, -0.9750929470218195, -0.18403020863384473]], "T": [-0.13389833610237584, -0.057169807143607684, -0.01964818641919876], "aligned_model": [[-0.4556705962394227, -0.23892458834436792, -0.4020810943478376, -0.6889309465226099, 0.5636123912561233, 0.5408476927012991, 0.3848743218598459, 0.06132265766333003, 0.024651709108741093, -0.06890579508276845, -0.07916208137594971, 0.4717190210319812, 0.13081361937360864, -0.0790143785520222], [0.09059349789177744, 0.6822100033030231, 0.11859885470109642, 0.2083933812663094, -0.1712826201188014, 0.09673788583485156, 0.5466562865597432, 0.41385162529198677, -0.39348178312934706, -0.4009186020532678, -0.7158204079733573, -0.5141529072595334, 0.402047702403889, 0.0141815632433418], [-0.5463264193276239, -0.04160719271356311, 0.6131188837994215, 0.021819505299866312, 0.28983523307658554, -0.5430379349423745, -0.013730961769593642, -0.6121201402043382, 0.5256970637405265, -0.5990473712261347, 0.03983867258880834, -0.32078043703816317, 0.49387117623111, -0.018321992824751845]], "inverted": true, "swapped": false, "error_lsq": 0.04665718068010242, "error_max": 0.3160551978869121, "target": "1098.xyz", "model": "10.xyz", "model_rescale": 4.260839863003843, "target_rescale": 4.054412744329265},
{"mapping": [5, 6, 1, 7, 3, 9, 11, 4, 12, 2, 10, 13], "R": [[-0.8574737608994261, 0.2630902854260194, -0.4421789808250159], [0.2143263446939923, 0.9639157285891531, 0.15789454122468666], [0.46776379438676746, 0.04061982142868094, -0.8829196241833093]], "T": [0.0033535425660101196, 0.06775636566642726, 0.031645093116519744], "aligned_model": [[0.3009364161871788, 0.27668251922663567, -0.40132376859583563, -0.3258796842785197, -0.5268207153732347, -0.2598549303613968, 0.3182251539897815, 0.6616428474007083, 0.23966313741388373, -0.3891112549953638, 0.09942054033184666, -0.0346816118515535], [-0.029932775531108152, -0.5989471499409683, -0.5323960695425435, -0.2874532212658264, 0.2893011298231024, 0.47169780601862665, 0.637795147824251, -0.018025279486129336, -0.28913805418641203, -0.1880365894028351, 0.743072907595927, -0.02485934637315046], [-0.6758655157119924, -0.1678611783668661, 0.031266583455857165, -0.5579547344521388, 0.3750953545460953, -0.32723406175329084, -0.48421340378410427, -0.13915889038828694, 0.5404352335851214, 0.7485429817611913, 0.2472020658052397, -0.0740763573013205]], "inverted": true, "swapped": true, "error_lsq": 0.04463050488168222, "error_max": 0.2931368011812986, "target": "1098.xyz", "model": "11.xyz", "model_rescale": 3.890672605050136, "target_rescale": 4.054412744329265},
{"mapping": [8, 7, 3, 0, 10, 9, 12, 5, 2, 6, 1, 11, 4, 13], "R": [[-0.3613232207524836, 0.7836971782729428, 0.5052368384352824], [0.11733955812491798, -0.4993199038719796, 0.8584352402460691], [0.925028085110988, 0.36945685318356825, 0.08845719525055201]], "T": [-0.0020721422621387767, -0.06865923328679976, -0.13748109196675484], "aligned_model": [[-0.601953678040472, -0.10060645153307232, -0.6808116903886082, -0.507234046413328, 0.7545228980654022, 0.5145416189071611, 0.46306110287693886, 0.13663497002332128, 0.31403650346868445, -0.1595592536004277, -0.3688932666949458, 0.40571865558539, -0.016593611592185857, 0.01228818186609276], [0.19767321115735328, 0.7716963848431895, 0.3660701718598184, -0.21093652280622702, 0.035128782611386494, -0.00020850763496327307, 0.5001889679020997, 0.5411446360196807, -0.37242329421879283, -0.41972884427795476, -0.7277242716824182, -0.43618294365234045, 0.05934601754650087, 0.07357069229437921], [-0.43480283336277764, -0.03232599104309458, 0.3135024178337467, 0.13319059703777625, 0.32763448200410955, -0.7156204661228903, -0.01421335484297609, -0.5999438037774838, 0.42231070240595425, -0.5664406261216655, 0.053238147295233684, -0.10012936636706721, 0.5513300770140782, -0.048521897263169106]], "inverted": false, "swapped": false, "error_lsq": 0.05332116418157483, "error_max": 0.3530768196844874, "target": "1098.xyz", "model": "12.xyz", "model_rescale": 4.124412569039231, "target_rescale": 4.054412744329265},
{"mapping": [5, 0, 1, 11, 6, 4, 9, 8, 3, 10, 12, 2, 13], "R": [[0.0002745417122110294, -0.7537427687725927, -0.6571695086884922], [0.9404176005528583, -0.2232572140748184, 0.2564584818912331], [-0.34002155990062377, -0.618084181068062, 0.7087716726253739]], "T": [0.11463930391945262, 0.1098706428646747, -0.008123856992860654], "aligned_model": [[-0.1658086872336467, -0.1481155812362114, 0.5754572364751115, -0.6132391063258713, 0.5836524604007856, 0.15255646087911523, -0.44225074215461846, 0.1457267712135112, 0.07070821847847536, -0.3186986770762179, 0.7124045659986435, 0.684992300548506, 0.12991308754217457], [-0.3285529878597371, 0.7674064310460778, 0.48966522766907217, -0.2883706326031877, -0.2162650092100925, -0.5714932635136836, 0.3049186554368673, -0.3222910874089921, 0.7048039426303624, 0.0780565497366183, -0.026952448160046202, 0.6335664242349689, 0.12299357451024996], [0.5644175309137712, 0.29917196684855113, 0.40096014576743544, 0.03424641656795911, 0.4742320852945659, 0.0565508411421875, 0.10620629926485346, -0.5928363338569905, -0.3118496164282398, -0.5764126621290518, -0.26510516329967637, -0.3739672985663842, 0.13608386944885809]], "inverted": true, "swapped": true, "error_lsq": 0.047937519130110795, "error_max": 0.3508633516269445, "target": "1098.xyz", "model": "13.xyz", "model_rescale": 3.9028299243045295, "target_rescale": 4.054412744329265},
{"mapping": [13, 12, 8, 5, 6, 9, 1, 14, 3, 10, 4, 7, 2, 15], "R": [[-0.9131224872475744, 0.39329435316887906, -0.10736328538320986], [0.3990491311133567, 0.8083118776381493, -0.4328876290987822], [-0.08346924128371236, -0.4381226543270307, -0.8950315220845346]], "T": [-0.0029598242933967078, 0.049662128079627554, 0.05157595677029643], "aligned_model": [[-0.5541033664881642, -0.3199017664035172, -0.5944667564178506, -0.5078996053803772, 0.6522922900815211, 0.593825291845847, 0.4219656175153291, 0.04549343520017779, 0.26446647664340445, -0.1562857492044282, -0.2671751344517501, 0.441047316654431, 0.06571721761610924, 0.08017666531921892], [0.2607040723717632, 0.6570292232143138, 0.271552417507377, -0.00020614792739533094, 0.013339338580867569, -0.005344701722076406, 0.5233940451284879, 0.27341788776442344, -0.3937269957062629, -0.3618684845317387, -0.574232834728889, -0.6091253939601303, 0.31031063760922173, 0.012371416361749779], [-0.48167205817362596, -0.07046217677821424, 0.49586348558920224, -0.016620862650203932, 0.16876633103143363, -0.44002065661663287, 0.18278264644607872, -0.803196699808797, 0.39882040051819995, -0.5504924095161782, 0.06914351615666138, -0.383722349485565, 0.7367734377568697, -0.01675451977945376]], "inverted": false, "swapped": false, "error_lsq": 0.03750329047766811, "error_max": 0.26479706619199284, "target": "1098.xyz", "model": "14.xyz", "model_rescale": 3.942246331269136, "target_rescale": 4.054412744329265},
{"mapping": [3, 13, 12, 1, 6, 10, 11, 4, 7, 5, 2, 9, 8, 14], "R": [[-0.3466434944555124, -0.8524098508782574, -0.3914533610500472], [-0.03813902805721503, 0.4297924163072058, -0.9021218839068614], [0.9372212664523369, -0.2977850315420856, -0.18149482829810046]], "T": [0.02768440458526853, 0.04565732801745427, -0.07236085125780269], "aligned_model": [[-0.5153306217734351, -0.15079574544987742, -0.6578697430096491, -0.7635119636906186, 0.5353614092527001, 0.5169496182818538, 0.5058094732304584, 0.060372708090822035, 0.37465284938088156, -0.29491155458026147, -0.16127240175297577, 0.5277426456605708, 0.22782387687420802, -0.03986861798472612], [0.14368911115174204, 0.8313633150115276, 0.44893930612730426, -0.12923421938770918, -0.019204276170496207, 0.10479968764506753, 0.5603200110869488, 0.4492660903291493, -0.5412489289737742, -0.4314948450817858, -0.6647440930581779, -0.5511236502554974, 0.17134732564545657, 0.004939645891955793], [-0.5328740227793294, 0.035994049648511856, 0.1159352321055027, -0.08027850582799423, 0.15313065761224604, -0.5882312303330843, 0.07126980718701399, -0.49626581551483423, 0.4435203869644252, -0.33888891549468336, 0.13324329488633507, -0.27719377252930044, 0.6645157614908779, -0.014668842725911811]], "inverted": true, "swapped": false, "error_lsq": 0.05112196698683359, "error_max": 0.40678529047756995, "target": "1098.xyz", "model": "15.xyz", "model_rescale": 4.355366556412066, "target_rescale": 4.054412744329265},
{"mapping": [0, 9, 7, 12, 1, 3, 6, 8, 5, 10, 4, 13], "R": [[0.6064541613102696, -0.559696905339515, -0.5647589967258848], [0.6242346951605019, -0.10479485040441737, 0.7741763911968585], [-0.49248796491623326, -0.8220446541898355, 0.2858289539752422]], "T": [-0.06006804240723274, 0.038346434795206184, 0.035175427671200236], "aligned_model": [[-0.13352380687104803, 0.3040709483827676, 0.07316931260152157, -0.5258457404234606, -0.5280438019490059, -0.4318342312858263, -0.12688109791033794, 0.0008044035337401098, 0.5528795785646273, 0.15308786140363506, 0.30175761650442956, -0.041832487919262126], [-0.7297660829460233, -0.4045598193191183, -0.43796191831310055, 0.5089463715781783, -0.23506856876108204, -0.3399518681031701, 0.31013759185955325, 0.635918655221044, 0.04281857590433421, 0.10593539079360798, 0.5798970859632737, -0.023568986136516992], [0.014401007844333479, 0.2153932977826686, -0.545836177174658, -0.025405873964591687, -0.44460550070926164, 0.44359335481642725, -0.6581287206812891, 0.4460535836213205, -0.43699531526431196, 0.7146917277227169, -0.17855895201190775, -0.09534397077202558]], "inverted": false, "swapped": true, "error_lsq": 0.04524633375739286, "error_max": 0.23742664242993147, "target": "1098.xyz", "model": "16.xyz", "model_rescale": 3.795458400668931, "target_rescale": 4.054412744329265},
{"mapping": [4, 5, 6, 10, 12, 7, 9, 8, 3, 0, 1, 2, 13], "R": [[0.48693617549136814, 0.4404329999354697, 0.7542625097177257], [-0.09589458220791391, 0.8852936195609347, -0.4550378404790848], [-0.8681574684934811, 0.14924469750226288, 0.4733166278153017]], "T": [-0.07293625603995456, -0.005523684740151427, -0.045816330999181795], "aligned_model": [[0.3289949782881687, -0.11797600768154325, 0.4488483046377907, -0.3589229841664138, 0.5222699441191396, -0.29968776701256244, -0.6527080961542591, 0.24839173421351907, -0.40890367933927046, -0.6837561813132017, 0.05875883741606398, 0.14483726299827637, -0.08151454510148544], [-0.21305118561806052, 0.19311356997274254, 0.43904941503916917, -0.6536932805381669, -0.055850034115152505, 0.6664048623545574, -0.03600346565977551, -0.6583577567450757, -0.035283595216005215, 0.42093868800525713, 0.660263725508736, 0.11012454467041304, 0.1261257778118468], [-0.5608512031552138, -0.7922643589271987, -0.34431371919168635, 0.05334956412935914, 0.2462112300769569, -0.327404869201412, -0.20130662529506888, -0.03259250985675215, 0.5324268242502316, 0.15630499218176774, 0.20583887288043706, 0.7743064752750071, -0.10742964233013197]], "inverted": false, "swapped": true, "error_lsq": 0.049979307331625894, "error_max": 0.27318480140941076, "target": "1098.xyz", "model": "17.xyz", "model_rescale": 3.7474275329858107, "target_rescale": 4.054412744329265},
{"mapping": [6, 0, 8, 4, 11, 7, 1, 2, 10, 9, 5, 12, 3, 13], "R": [[-0.3183449470604869, 0.9182717248010084, -0.23544327153698252], [0.5169322974583872, -0.04003424244994552, -0.8550896206105256], [-0.7946304137933871, -0.39392169128196075, -0.46193961359912655]], "T": [0.06864331024350116, 0.029663525248198507, -0.03450391982915274], "aligned_model": [[-0.44070735264404687, -0.4182439495535677, -0.3951034649702054, -0.7536630253497905, 0.7355081960143977, 0.6682392508862376, 0.4247577573840432, 0.035624618517463826, 0.15291884835677, -0.1498373032070895, -0.26764371371194334, 0.3112418553851084, 0.2386144001146609, 0.023445815307912003], [0.13475642587627631, 0.7094228915968562, 0.09670118733995728, -0.07199707463986493, -0.03526360969462614, -0.05268322828825687, 0.6196364261225427, 0.5053255651767015, -0.38820930084161775, -0.3018976069846551, -0.594510864077132, -0.6478395733153884, 0.2962034174146726, 0.10796982427624649], [-0.6041671500923709, -0.03128042957134769, 0.5107477024140636, -0.08649656252153692, 0.23533372224463173, -0.48297131238189506, 0.02576957004304592, -0.5603252902368596, 0.5083766428684684, -0.5730738809250135, 0.10880450944084752, -0.237906035465677, 0.5660420782435418, -0.08964547937012382]], "inverted": false, "swapped": false, "error_lsq": 0.04050008951962376, "error_max": 0.31551699917939185, "target": "1098.xyz", "model": "18.xyz", "model_rescale": 3.922800546911778, "target_rescale": 4.054412744329265},
{"mapping": [4, 11, 10, 6, 3, 12, 7, 13, 0, 8, 1, 5, 9, 14], "R": [[-0.2900200841182009, 0.9141484677096636, 0.2832329955922267], [0.7683786850856418, 0.04599487273447067, 0.6383405580003516], [0.5705107773864857, 0.4027617790533437, -0.7157516344512626]], "T": [-0.019081779094762413, -0.03478531413840756, -0.06849125559374777], "aligned_model": [[-0.5983146876338508, -0.16775550548843052, -0.6186938079866551, -0.6732212494206646, 0.5489939069477293, 0.6726594371609442, 0.4866455002623413, 0.01879981113539403, 0.45845246270450524, -0.173491129469688, -0.3087599348784513, 0.41117867431767896, 0.0680760730667447, 0.04058238181235374], [0.3189455530490012, 0.6615903151374897, 0.3200808529389304, -0.23955026888147746, -0.009689884553760155, 0.020596259749545, 0.578772339636015, 0.41494621315067937, -0.5432744364228019, -0.29812051215398194, -0.6659297311113493, -0.6278282421570556, 0.4103731735447626, 0.036702848035714594], [-0.31994870797159436, -0.05432372935859878, 0.33787811521967004, -0.14556679376201778, 0.22444129283066308, -0.4386817681319306, 0.00895513533277184, -0.5862945824506204, 0.39177225165457075, -0.5987770087726454, 0.18788018377010204, -0.28228963711733257, 0.6075121582772249, -0.04334882483048837]], "inverted": false, "swapped": false, "error_lsq": 0.04517755072686985, "error_max": 0.31379118458715016, "target": "1098.xyz", "model": "19.xyz", "model_rescale": 3.9282355846067225, "target_rescale": 4.054412744329265},
{"mapping": [2, 10, 12, 7, 4, 0, 11, 1, 8, 5, 6, 3, 9, 13], "R": [[-0.9980926073937737, 0.010197444193772859, 0.060886445107373593], [0.043375746012776835, -0.5859541168400397, 0.8091824995735167], [0.04392825655239921, 0.8102800658353407, 0.5843941505406625]], "T": [-0.02224765182596495, -0.05722593342601906, 0.01898180825919933], "aligned_model": [[-0.5319774968600691, -0.17439849117071646, -0.5374938744140642, -0.6350674175359909, 0.5894816354932749, 0.5877802338824512, 0.47087315497864285, 0.08517242586014112, 0.2763556489525884, -0.2546131541160854, -0.11758546939140319, 0.414507286568936, -0.018062150967378572, 0.010179601249623964], [0.22921077204117474, 0.7724915755909076, 0.4331691825189458, -0.12845647349068187, -0.1886174855028574, 0.28387010176824734, 0.42965947922235764, 0.11947595058048216, -0.33475686349646905, -0.4413195319441376, -0.7033870648816916, -0.38728019902457583, 0.25694898014240436, 0.036606056437605394], [-0.5614022966252176, -0.1560991053461938, 0.4846300721167861, 0.10544521842111755, 0.10781527052734662, -0.37052616550990053, 0.20101926641698387, -0.7012529919310416, 0.6611922338570476, -0.5159654164008173, 0.0037980407804583255, -0.4974137520329283, 0.6351809891290064, -0.10721327871287244]], "inverted": false, "swapped": false, "error_lsq": 0.04777767715955105, "error_max": 0.34607640203731255, "target": "1098.xyz", "model": "20.xyz", "model_rescale": 4.067790424073018, "target_rescale": 4.054412744329265},
{"mapping": [4, 6, 3, 2, 9, 1, 13, 5, 12, 8, 0, 7, 11, 14], "R": [[0.4529307213878876, 0.7246317217387881, 0.5193867821507663], [-0.5769090442731704, -0.20594407916863, 0.790419503106548], [0.6797276780144126, -0.6576442078398204, 0.32476819369493437]], "T": [0.012527586133978929, 0.07104599844904308, -0.05085108137925549], "aligned_model": [[-0.5250326966337429, -0.48711371791336733, -0.480190054296107, -0.7173579284191312, 0.664899865191601, 0.7138238935048677, 0.4546917677422602, 0.10666408099250847, 0.23922032777691687, 0.008224070155739793, -0.30246389003662727, 0.3041832861962222, 0.10536718683375852, 0.08023574143505177], [0.2196625037543421, 0.6121783626851651, 0.021325790109476626, -0.07314536351935946, -0.2995486357773514, -0.06349632177832476, 0.6133073888865215, 0.35512222775184116, -0.1980022709266243, -0.17687399318738445, -0.5638769646401878, -0.5671283769568956, 0.4202849954260786, 0.07780513813441423], [-0.6265372558509078, 0.020501804767442837, 0.6408874850911261, -0.03678273683659878, 0.15192940601699095, -0.45506260349930994, -0.0746612897086486, -0.5596782987514595, 0.6297642993829293, -0.5643538118708005, -0.004902954074516054, -0.3044933026383135, 0.48528806614825687, -0.012690723486417393]], "inverted": false, "swapped": false, "error_lsq": 0.05395540898728746, "error_max": 0.3581256945239025, "target": "1098.xyz", "model": "21.xyz", "model_rescale": 4.186013935880536, "target_rescale": 4.054412744329265},
{"mapping": [4, 6, 5, 10, 3, 11, 8, 12, 7, 1, 2, 0, 13], "R": [[-0.11172420301016811, 0.5912840183022462, 0.7986869926085514], [0.12878702103602238, -0.7883254586664157, 0.6016285186317658], [0.9853586178008544, 0.170076985270597, 0.011925326278775239]], "T": [0.019784372234245756, -0.08525635936023791, 0.040118300444827754], "aligned_model": [[0.02038602883583157, -0.3098177261636602, 0.442734020751978, 0.30579862817835834, -0.029233731943838465, 0.7491998669145247, -0.13597254061391525, -0.6173011866840723, 0.2469841900048795, -0.34211044644204336, -0.6379701661554846, 0.3269306043669411, 0.038946494373726666], [-0.3290286317647301, 0.28038221069031766, 0.1591087659486321, -0.6801323155083286, -0.0896406211001244, -0.3729122252141614, -0.7827833627529536, -0.2516911244370455, 0.6298893471326746, 0.5336757551171503, -0.0536771325231873, 0.4266180888513653, 0.049147905106484105], [-0.6005469924359584, -0.5226213839474233, -0.5599394275588566, 0.3159163253320907, 0.7077281506526363, -0.23448226879948827, -0.09704851760699854, -0.052102728441660404, -0.0982406033733936, 0.13962705789766477, 0.5876244242381885, 0.529474926145995, -0.012509400767450322]], "inverted": true, "swapped": true, "error_lsq": 0.05516042898611617, "error_max": 0.3185352770654373, "target": "1098.xyz", "model": "22.xyz", "model_rescale": 4.166573947596378, "target_rescale": 4.054412744329265},
{"mapping": [11, 9, 14, 12, 0, 4, 8, 3, 5, 2, 6, 1, 10, 15], "R": [[-0.8941603312047927, -0.3490473936366618, -0.2804339834884302], [0.072813930807292, -0.7313422943458444, 0.6781125127745008], [-0.4417866380733202, 0.585921808346822, 0.6793527809050786]], "T": [-0.025071699969418382, 0.07700480031011178, -0.014735935766972165], "aligned_model": [[-0.6001917902621067, -0.221362637446178, -0.5908719983681179, -0.6568130039225235, 0.7566663287740931, 0.5588194799447321, 0.5411204865530902, 0.013392148988379426, 0.23541536885545045, 0.012927290814683107, -0.2456512277596552, 0.3423931286502628, 0.012296385981879737, 0.007011971725961512], [0.261667605220099, 0.6420084244404742, 0.27470465966999547, -0.09666552851518354, -0.1437806324204051, 0.09375153621797785, 0.6496769373926997, 0.3032207504085402, -0.48179780650762716, -0.3200290877328724, -0.6474326187000768, -0.5249843636761076, 0.35075774199780774, 0.01651686216639056], [-0.5219142650072011, -0.06660055632998377, 0.501754675146015, -0.02582182745691977, 0.06830146513299523, -0.4604310672408164, -0.08924883096846634, -0.5704098763656668, 0.5428912827133251, -0.5567040230506725, -0.08985404160409025, -0.11806892680963224, 0.6813992423225624, -0.006085165791674164]], "inverted": false, "swapped": false, "error_lsq": 0.040624292055840436, "error_max": 0.3044415586294048, "target": "1098.xyz", "model": "23.xyz", "model_rescale": 4.274766983524099, "target_rescale": 4.054412744329265},
{"mapping": [0, 1, 2, 3, 12, 8, 9, 4, 5, 6, 13], "R": [[0.36704612992337327, 0.40325008389308625, -0.8382520553798205], [0.11058188898926544, 0.8758437639811409, 0.46975456030028473], [0.9236064011990393, -0.2651170891051102, 0.27688290797482074]], "T": [-0.08311612459023517, -0.02033049649979414, 0.0703676635428262], "aligned_model": [[0.2528937822107559, 0.1838573437263758, -0.599247235130675, -0.39022298818112483, -0.4740872774950356, -0.6395393291270943, 0.15730741465010756, -0.00249498315848988, 0.5580948157175223, 0.28113112285738645, 0.05220203788834672], [-0.2183246107167403, 0.5157747400454737, 0.42710433015873095, -0.15481795788478742, 0.4995491226696481, -0.1215478207744989, -0.5373846117375032, 0.052024870717174765, -0.1385137529491699, 0.5621598711986691, 0.029562350516486507], [-0.5957553273754526, -0.33615805211332317, -0.4461708041016389, -0.5090487717162165, 0.20802665433473644, 0.5283710948138987, -0.11961443811297162, 0.747229712024701, 0.48696248409404164, 0.36538287303574124, 0.05034100913806151]], "inverted": false, "swapped": true, "error_lsq": 0.048550943509310995, "error_max": 0.30820498543657643, "target": "1098.xyz", "model": "24.xyz", "model_rescale": 3.7841303162186577, "target_rescale": 4.054412744329265},
{"mapping": [8, 0, 10, 9, 3, 4, 6, 1, 13, 2, 12, 5, 11, 15], "R": [[0.5959122105906483, -0.6437957464924472, 0.48001632687565926], [0.6366394341954814, 0.014407768833197129, -0.7710270079734604], [0.48946794389032705, 0.7650617314932712, 0.4184515251594787]], "T": [-0.09798983492343373, 0.11267796067577472, 0.0050364816258991335], "aligned_model": [[-0.35781905748819975, -0.3249359924167729, -0.6777634280073624, -0.5374107511205474, 0.6376806812453492, 0.45470672143956126, 0.5550019051608209, -0.017383854273605295, 0.14145719227437048, -0.16688597146417122, -0.0735722532823171, 0.3505026459436921, 0.2130668522064048, -0.03149275768727186], [0.2205835142278848, 0.7794018133833822, 0.3278665608449273, -0.2697728594273158, -0.18404477423780818, 0.053788187359432506, 0.4170110945179769, 0.5276210666810316, -0.34140348826194555, -0.3522798499161589, -0.6416140918452813, -0.5693795294958489, 0.28040893992811344, 0.12942789620332187], [-0.5148701929348966, -0.20781251456935246, 0.4770656675847658, -0.047701902280761585, 0.14555835842275766, -0.4927213450745876, 0.059896150514350335, -0.6068142260352046, 0.5953543249677679, -0.5847605891251666, 0.07999772253416838, -0.3158853470958623, 0.6866064524678864, 0.015295525313909972]], "inverted": false, "swapped": false, "error_lsq": 0.03988328907326673, "error_max": 0.23535287790465664, "target": "1098.xyz", "model": "25.xyz", "model_rescale": 4.19342608120988, "target_rescale": 4.054412744329265},
{"mapping": [0, 9, 7, 12, 1, 3, 6, 8, 5, 10, 4, 13], "R": [[0.6064541613102696, -0.559696905339515, -0.5647589967258848], [0.6242346951605019, -0.10479485040441737, 0.7741763911968585], [-0.49248796491623326, -0.8220446541898355, 0.2858289539752422]], "T": [-0.06006804240723274, 0.038346434795206184, 0.035175427671200236], "aligned_model": [[-0.13352380687104803, 0.3040709483827676, 0.07316931260152157, -0.5258457404234606, -0.5280438019490059, -0.4318342312858263, -0.12688109791033794, 0.0008044035337401098, 0.5528795785646273, 0.15308786140363506, 0.30175761650442956, -0.041832487919262126], [-0.7297660829460233, -0.4045598193191183, -0.43796191831310055, 0.5089463715781783, -0.23506856876108204, -0.3399518681031701, 0.31013759185955325, 0.635918655221044, 0.04281857590433421, 0.10593539079360798, 0.5798970859632737, -0.023568986136516992], [0.014401007844333479, 0.2153932977826686, -0.545836177174658, -0.025405873964591687, -0.44460550070926164, 0.44359335481642725, -0.6581287206812891, 0.4460535836213205, -0.43699531526431196, 0.7146917277227169, -0.17855895201190775, -0.09534397077202558]], "inverted": false, "swapped": true, "error_lsq": 0.04524633375739286, "error_max": 0.23742664242993147, "target": "1098.xyz", "model": "26.xyz", "model_rescale": 3.795458400668931, "target_rescale": 4.054412744329265},
{"mapping": [1, 7, 0, 3, 10, 4, 6, 12, 5, 9, 8, 11, 13], "R": [[0.39146214144763375, -0.06503748018838394, 0.9178929774129325], [-0.06710892489555266, 0.992825187186096, 0.09896736779492642], [-0.9177438553390569, -0.10034078861379718, 0.38428887848565874]], "T": [-0.1622330797637161, -0.07645471168753633, -0.1458962771545983], "aligned_model": [[0.045305207322604485, 0.3999475985095286, 0.5611204707874882, 0.060433856541836445, -0.25870858229870175, -0.568298567237774, -0.3546809154831977, -0.7213196799148203, 0.04147526147498584, 0.33063953734525503, -0.7726360993519794, 0.01856328955914799, -0.08216499443311673], [-0.7627972948998384, -0.46111621936662034, -0.19329144918219004, -0.03689249112446975, 0.5801707469382877, 0.03576402202510351, -0.6245073207956338, -0.39337559155983304, -0.03273443207810094, 0.26639238125611236, 0.3148066599666524, 0.5968315739007334, -0.16736908182328886], [-0.24493431423501696, 0.19788378983929278, -0.388657442581543, -0.7759591109760576, -0.41288240569526347, 0.39483940316650523, 0.3248554915553049, -0.31638553784209356, 0.5992623941672119, -0.1180738146665464, -0.20867816200434608, 0.3059848843774681, -0.06511851300548988]], "inverted": true, "swapped": true, "error_lsq": 0.047672842790985985, "error_max": 0.25463777874481275, "target": "1098.xyz", "model": "27.xyz", "model_rescale": 3.6321398670334006, "target_rescale": 4.054412744329265},
