[{"mapping": [6, 1, 5, 8, 4, 11, 12, 2, 9, 7, 10, 13], "R": [[0.36473226319585267, -0.7899794376871365, -0.49285176698024247], [-0.7870525132779211, -0.5443947808199373, 0.29014248906170276], [-0.4975125300200379, 0.2820758951905114, -0.8203136423500056]], "T": [-0.15918227859616108, -0.03411338214536029, -0.07602891169963068], "aligned_model": [[0.19910167227878606, -0.7265629118751117, -0.2213868514067172, 0.5805317834853503, 0.6015336927828071, 0.22885124744968588, -0.40440954600919143, -0.14838993322644037, 0.032060107861024645, 0.5161996697663954, 0.21784862700641888, -0.01633967214196283], [-0.46926681994866193, 0.06627243088505223, 0.27592662658820616, 0.05259584083899775, -0.6116031467278059, 0.5314718972013885, 0.3123951219609823, -0.783227333699815, -0.071468760026442, -0.055513846118570395, 0.7161477924199194, 0.00382896475097029], [-0.5925755023389067, -0.10837112784466195, -0.7633476474747759, -0.31242634956861237, -0.041085968169571566, -0.20488974862834164, 0.3175638370556389, 0.09708971317243355, 0.6302104932685066, 0.26278626866157667, 0.48109296976083626, -0.0074998642177870195]], "inverted": true, "swapped": false, "error_lsq": 0.05020661202619827, "error_max": 0.2638044205649147, "target": "1099.xyz", "model": "0.xyz", "model_rescale": 3.8414455957264533, "target_rescale": 3.8550077407315007},
{"mapping": [6, 7, 9, 8, 10, 13, 0, 2, 3, 12, 11, 14], "R": [[-0.595984268451346, -0.5304966567997459, 0.6028068089220681], [0.4302499158836201, -0.8448099781441981, -0.3180897840392515], [0.6780027740656022, 0.06978107159031335, 0.7317395987692998]], "T": [0.004285597605204597, -0.06590001690174402, 0.03001383997899146], "aligned_model": [[0.18543838606321922, -0.584723875358402, -0.19917945671767145, 0.5662355837323556, 0.6082842839600779, 0.0692803219299123, -0.46305917344411107, -0.4094437651213577, -0.018385433205564836, 0.693331120243513, 0.3646671668188121, 0.04659272707026169], [-0.6618228088095603, 0.0747880784498281, 0.09032861367448511, 0.15222528219069137, -0.3764052158565711, 0.6423367078702897, 0.39764832427116, -0.6498863652299203, -0.45402538040800156, 0.24974133439154117, 0.5726013197872102, -0.06997112220693008], [-0.44124709315924543, -0.18499709630240588, -0.6022078510844414, -0.4808050755753383, 0.11459166635210524, -0.2327092616574419, 0.3337063981293002, -0.14996584499302187, 0.709882657182111, 0.11876263688870922, 0.46441753442406686, 0.10911840347193696]], "inverted": true, "swapped": false, "error_lsq": 0.048732247159751475, "error_max": 0.23728179647341505, "target": "1099.xyz", "model": "1.xyz", "model_rescale": 4.316132596720782, "target_rescale": 3.8550077407315007},
{"mapping": [4, 8, 2, 0, 3, 1, 10, 6, 7, 5, 9, 11], "R": [[-0.6913093738169579, -0.4068301741417608, 0.5971436670354884], [0.7198694361683198, -0.45902460304738024, 0.5206576693643342], [0.06228438442748657, 0.7898010022815746, 0.6101926189749508]], "T": [0.07625573567532919, 0.04580804981784669, 0.00913040889755072], "aligned_model": [[0.2970409748554655, -0.6319508023657338, -0.1322682064028679, 0.5700253442236467, 0.25214062474976534, -0.05793093368550732, -0.44841503619027656, -0.3878565111826413, 0.2825418323809187, 0.7053588615274934, 0.3491537653974987, 0.061197972663283064], [-0.4900410682897627, 0.18003258317585563, 0.15416133840539886, 0.26521059438744443, -0.5240374608587992, 0.549222244439709, 0.0526377012410339, -0.6209119930667901, -0.11362587826986126, -0.018165436201624786, 0.5999217650909426, -0.06684562192932472], [-0.49924871333330006, -0.25060674657622556, -0.7943014377312926, -0.4512695864291999, 0.2836438122061274, -0.14307126594170522, 0.3582861558081188, -0.11807088721166488, 0.8649855302003635, 0.13521185894691656, 0.4195401567740074, -0.046551803035811024]], "inverted": false, "swapped": false, "error_lsq": 0.056226803896417016, "error_max": 0.3246858013133504, "target": "1099.xyz", "model": "2.xyz", "model_rescale": 3.795458400668931, "target_rescale": 3.8550077407315007},
{"mapping": [0, 2, 10, 4, 7, 5, 6, 1, 8, 9, 3, 11], "R": [[0.9133418508740907, 0.3459298634253779, -0.2148003562203516], [-0.11248998400362237, 0.7213400579299404, 0.6833846093705178], [0.3913472459859087, -0.6000008753461366, 0.6977437084224515]], "T": [0.036285578847352, -0.041522078098278806, -0.07523043121495403], "aligned_model": [[0.07146416765143088, -0.7059625683938221, -0.13564405902869453, 0.4414765838949174, 0.6232880772682525, 0.26805621894855436, -0.33807838189484807, -0.2924637904419751, 0.028424127804331838, 0.7097587751074621, 0.07894616307554306, 0.1097725719798926], [-0.6294409481442931, 0.023876990506735155, 0.31870135633837055, 0.030752580668910443, -0.5001746793308405, 0.6196329939243992, 0.1444612431801202, -0.5436657509125552, -0.13088558116032606, 0.2724712377703341, 0.4949180381588917, -0.13308871287552465], [-0.5903244161432505, -0.25555225784062774, -0.6914203469898226, -0.5667091758746053, 0.09319805463645213, -0.1298285692325703, 0.34017073118661195, 0.11462326509910244, 0.7009881584486234, 0.37465477004898834, 0.5142456936274962, -0.1454988332900634]], "inverted": false, "swapped": false, "error_lsq": 0.05274837549804685, "error_max": 0.25490938434543475, "target": "1099.xyz", "model": "3.xyz", "model_rescale": 3.7530521520055578, "target_rescale": 3.8550077407315007},
{"mapping": [3, 4, 0, 7, 2, 8, 5, 9, 10, 6, 11], "R": [[-0.9032820873995524, -0.3067457093610487, -0.29998090001147504], [-0.214266569454254, -0.28323639547161794, 0.9348085266483991], [-0.37171401345310207, 0.9086716756171244, 0.1901170116895246]], "T": [0.057874420893386826, -0.0140061023099851, 0.06627334680600509], "aligned_model": [[-0.37545639919024776, -0.2166654786086514, 0.1909721025608747, 0.5813397263663052, 0.3526917169934019, -0.11520215446401819, -0.14248200132905395, -0.6056384654591064, -0.47879126152605883, 0.20244641842620537, -0.05501460132444567], [-0.6236928562485662, 0.07477969801017932, -0.4024109125813292, 0.31092943143264073, -0.7275527259044882, 0.7481715073670256, -0.3944630649482783, 0.048330772579122924, 0.20052075593925156, 0.3541441506334416, -0.12155339796465399], [-0.12739685000064443, -0.5332512845290533, -0.6974567632641785, -0.3783559136765046, 0.1679081301223611, -0.08238915587843633, 0.5511996824240802, -0.055978673562967665, 0.6745989438216805, 0.49980623386461315, 0.07414642792436571]], "inverted": false, "swapped": true, "error_lsq": 0.0448645117072179, "error_max": 0.262533528570855, "target": "1099.xyz", "model": "4.xyz", "model_rescale": 3.7855080009869324, "target_rescale": 3.8550077407315007},
{"mapping": [1, 7, 5, 2, 12, 9, 8, 6, 13, 14, 15, 16], "R": [[0.5070274104565445, -0.8615897406413514, 0.024214125367226197], [0.7226396049706124, 0.40961024437592536, -0.5567867177207192], [0.46980336990452487, 0.29980421365261645, 0.8303024913261965]], "T": [0.027138664720741355, -0.03515146234225394, -0.08665218589017813], "aligned_model": [[0.30005328860426644, -0.7047446803139509, -0.35720329507921234, 0.6456682807402969, 0.52750281509209, 0.3501420359690797, -0.3691231443126141, -0.4168849901493187, 0.06536909531630655, 0.6293767311194166, 0.11492097469157703, 0.0739607742931076], [-0.6175975215922375, -0.00999630577068171, 0.2183312050977683, 0.10524689794288147, -0.43666071807185336, 0.5944412668286918, 0.18553674838446454, -0.4712240339319004, -0.28255489880668694, 0.16193147157541726, 0.5297736702577815, -0.009669013789423475], [-0.4858740980193203, -0.24502977027192713, -0.7523330702964568, -0.46545965956861296, 0.14026475397279137, -0.16536582375764397, 0.4514771352878006, 0.11022537578201692, 0.5931989836149316, 0.15033943225623841, 0.5070413101992368, -0.0799374955227201]], "inverted": false, "swapped": false, "error_lsq": 0.043796144425881915, "error_max": 0.27101774666693035, "target": "1099.xyz", "model": "5.xyz", "model_rescale": 4.2253639853439635, "target_rescale": 3.8550077407315007},
{"mapping": [12, 3, 6, 11, 9, 5, 4, 0, 1, 8, 10, 13], "R": [[0.16628033605677925, -0.954537027454251, -0.24740637231010706], [0.8972167860151509, 0.2505452194368426, -0.3636332381809829], [0.409087874097348, -0.16151209315759338, 0.8980873871903365]], "T": [0.05063985593241903, 0.013795850605079688, -0.010253659507632303], "aligned_model": [[0.2697792692193598, -0.6139624459275074, -0.15983197461766535, 0.5206358779950815, 0.3736760672036772, 0.3048146160057813, -0.5058363597381865, -0.3023396262737793, 0.02970851781327706, 0.736210258687383, 0.21266887013734082, -0.006485184533717048], [-0.5440356381932441, 0.028316207885787065, 0.2161891009155426, 0.10801290874302104, -0.46886747486775837, 0.5718421268475129, 0.14418929943404246, -0.6924195624190331, -0.11697156018968165, 0.09036301402953952, 0.6103373259311149, 0.020603020007378473], [-0.7258972245023387, -0.2574426808764419, -0.5833649479122249, -0.6232631814681755, 0.17757644440650408, -0.16748219179197157, 0.40717068345997204, 0.13020247198980434, 0.7116656887002148, 0.25431309567944643, 0.4655586366352456, -0.03048972064370064]], "inverted": true, "swapped": false, "error_lsq": 0.044362840687043055, "error_max": 0.22862642285206936, "target": "1099.xyz", "model": "6.xyz", "model_rescale": 3.89814844738969, "target_rescale": 3.8550077407315007},
{"mapping": [1, 3, 0, 2, 5, 4, 8, 6, 9, 10, 11, 12], "R": [[-0.46439427473658024, -0.8827954096706496, 0.07078292347957935], [-0.7069400216924671, 0.3213682128683394, -0.6300462502763304], [0.5334545560039207, -0.3426291529076884, -0.7733249642009626]], "T": [-0.0016751189145087914, 0.13461812492271408, -0.07630047791350056], "aligned_model": [[0.2398110279075537, -0.7822765777053953, -0.19126632340731992, 0.6070010430291487, 0.31788611799091937, 0.34426513777441764, -0.43917893476026293, -0.3480856247720651, 0.22589235295994176, 0.6830953733324215, 0.03954570176082038, 0.1623485918608652], [-0.5081815277441032, 0.004645235873466463, -0.03972795586839542, 0.08954402036581072, -0.5603805991552606, 0.6460194198107765, 0.14187394493960864, -0.4365491017009898, -0.29707430467658413, 0.1097511994695732, 0.6484983810995444, 0.16914005571077495], [-0.5695444940538823, -0.23801116808469328, -0.6098442968825277, -0.4355072421884767, 0.055737370532648906, -0.26147564572248794, 0.4396690333088398, 0.02926282863890381, 0.6718977384743362, 0.18709024329461524, 0.5478535859821837, -0.05858087962312539]], "inverted": true, "swapped": false, "error_lsq": 0.05130119481955645, "error_max": 0.2774377621091872, "target": "1099.xyz", "model": "7.xyz", "model_rescale": 3.7474275329858107, "target_rescale": 3.8550077407315007},
{"mapping": [4, 1, 12, 11, 8, 10, 0, 2, 3, 5, 6, 14], "R": [[-0.09954056345590712, -0.42605771636497775, 0.8992032576413082], [-0.8406394278778353, 0.5195071568565454, 0.15309365196524266], [-0.5323692595596657, -0.740666683671332, -0.40987295004086866]], "T": [0.11646235235566174, 0.024425820145530512, -0.14608242050038608], "aligned_model": [[0.1727821538766648, -0.6239327423005537, -0.10760807638916836, 0.500864945212745, 0.43005374922743556, 0.11922379332866079, -0.31096239698804207, -0.30189689320589286, 0.06118849144651198, 0.6141408455645279, 0.21775562807961077, 0.08742838811854489], [-0.7159092773277311, -0.09579887782690633, 0.2538584681848006, 0.30208840041749946, -0.5423321464586257, 0.7823388757101151, 0.3290629173317161, -0.6758513796580708, -0.13905249528648034, 0.0016213693886249561, 0.48924199494676834, -0.021709081297488227], [-0.39297889526545204, -0.09957493877644663, -0.6731457200908166, -0.5480999496099148, 0.06759059828124739, -0.17477970846928673, 0.25231130471803154, 0.061708053146121516, 0.5498731654879153, 0.3685218337036732, 0.517712498381946, -0.17059116783068357]], "inverted": false, "swapped": false, "error_lsq": 0.04682406956867771, "error_max": 0.24512776636092334, "target": "1099.xyz", "model": "8.xyz", "model_rescale": 4.019505241142653, "target_rescale": 3.8550077407315007},
{"mapping": [10, 2, 6, 11, 9, 5, 0, 1, 7, 8, 4, 12], "R": [[-0.34389488996531503, -0.03642139101716396, -0.9383015437118916], [-0.8893868725719367, 0.33316676463867545, 0.3130349786156605], [0.3012097202157551, 0.9421642050176668, -0.14696705491699236]], "T": [0.0139075167303616, 0.0119748820516921, -0.07569333873259755], "aligned_model": [[-0.011187130556262831, -0.5404722646256637, -0.06414493756038891, 0.5747086137380296, 0.5124113785945051, 0.1386737370427487, -0.3360428892156254, -0.27718205373150745, 0.1929562845095047, 0.594944223407184, 0.03839051452912227, 0.03598240983939857], [-0.6697591309961631, 0.17293253014757992, 0.09200025828109418, 0.11504173404529529, -0.44386625309141925, 0.6424166255227317, 0.04865568603122225, -0.5921069130044835, -0.06334537681819655, 0.059150407683589215, 0.5632393330930845, 0.043199867229886925], [-0.6862576288356258, -0.20502955083015378, -0.7937223015923348, -0.324949988810613, 0.0293914872339385, -0.2693459077837569, 0.470964973258306, 0.005899240713021822, 0.8085308338821525, 0.2653458769913545, 0.5432596151176439, -0.08553957566759801]], "inverted": true, "swapped": false, "error_lsq": 0.05125886566894742, "error_max": 0.29610994889694253, "target": "1099.xyz", "model": "9.xyz", "model_rescale": 3.877068213659057, "target_rescale": 3.8550077407315007},
{"mapping": [5, 8, 0, 12, 3, 11, 9, 4, 13, 6, 10, 15], "R": [[0.9586732295264433, -0.08597945683113825, 0.2712068804296124], [0.10738006488139665, 0.9920874052289579, -0.0650546082313994], [-0.26346757040555613, 0.09148832378558615, 0.960320116396349]], "T": [-0.00921909260216712, -0.07053741836454336, 0.0760044247868936], "aligned_model": [[0.23214918582405825, -0.6573579128099071, -0.02006051526017151, 0.5428548588820705, 0.40872185679177325, 0.0032186095122656994, -0.4259720181691904, -0.1881527939616111, 0.1869268804389097, 0.5735019500076198, 0.20894147173166838, -0.005733687016440725], [-0.4595349498825596, 0.24142843853009305, 0.17404349321673093, 0.14042665268940618, -0.5452213694009492, 0.5843231336417569, 0.3470001416395878, -0.7227624243420965, -0.32029169813548836, 0.009097616067790443, 0.5606243226922216, -0.04157458859227144], [-0.5575709194974147, -0.20313050616910844, -0.6815103782886723, -0.38105544933295715, 0.023451097809584445, -0.2640812074527242, 0.3720191016473101, 0.10200349862349668, 0.7808363572073374, 0.26147416063501433, 0.3152774994434746, -0.009166180949005745]], "inverted": false, "swapped": false, "error_lsq": 0.04362332043982739, "error_max": 0.20841871543782395, "target": "1099.xyz", "model": "10.xyz", "model_rescale": 4.260839863003843, "target_rescale": 3.8550077407315007},
{"mapping": [0, 5, 6, 7, 1, 10, 4, 3, 2, 8, 9, 11], "R": [[0.7794186145700387, -0.4851557947175032, 0.39639686945503183], [0.0333404071382158, 0.6639364141179557, 0.7470454171334221], [-0.6256157291129912, -0.5690450710270835, 0.5336596917757627]], "T": [0.09723571494546165, 0.01795441096360774, 0.0074599292189626715], "aligned_model": [[0.13388233548436504, -0.548888463682406, -0.1876370319897803, 0.5596204602946993, 0.4564458754093167, 0.09304678546396516, -0.4251904025536163, -0.2854883995610179, 0.081500404360721, 0.6990283594765011, 0.145957444131487, 0.1367605191368103], [-0.4911862642043604, 0.027767121313629142, 0.10763994216811225, 0.009653094096745266, -0.6015743053934195, 0.6089675432556193, 0.33161279794971066, -0.5739464680394697, -0.2744774808162981, 0.22514146214906633, 0.6192830826386796, -0.021321756993792934], [-0.7063096887584427, -0.19012083592771784, -0.7761594670445315, -0.45701511283264423, 0.10950341685946395, -0.20234884650403945, 0.4134060175476186, 0.09117774705592159, 0.6276156474158331, 0.339924281997054, 0.528769130062213, -0.01989521619439398]], "inverted": false, "swapped": false, "error_lsq": 0.03797275140456018, "error_max": 0.23583371824957008, "target": "1099.xyz", "model": "11.xyz", "model_rescale": 3.890672605050136, "target_rescale": 3.8550077407315007},
{"mapping": [8, 9, 5, 7, 0, 12, 11, 6, 1, 4, 10, 13], "R": [[-0.9409461615022192, 0.2872553670636495, -0.17917777553973485], [-0.025415281609982354, -0.5876804845888162, -0.8086938305033242], [-0.3376009250800787, -0.7563835020190366, 0.5602763722115123]], "T": [0.03936555911144341, -0.08853074556564398, 0.04442948001260666], "aligned_model": [[0.20068147925961258, -0.6289242280352834, -0.1386500682251754, 0.5107370345640668, 0.4322622275146874, 0.146680563254103, -0.2748476426314695, -0.36365063325651453, 0.09356464455524982, 0.6357963866258212, 0.08545784536429754, 0.15993027698164944], [-0.5896878575791087, 0.20289864361320187, 0.1325965490614333, 0.1988554860932315, -0.4959009937094152, 0.5796205981879086, 0.12542518180942402, -0.4996162191637796, -0.6105462414313637, 0.16568810164366093, 0.7492110327601941, 0.009014486838834226], [-0.44751540391567013, -0.22811058592197958, -0.6797150758807036, -0.6053260557536762, 0.21288193215305262, -0.26732269475327314, 0.4422423617633038, 0.06982684261951894, 0.6187643750027683, 0.3103243643921827, 0.3536296068528279, -0.021132592882017423]], "inverted": true, "swapped": false, "error_lsq": 0.04892365573431631, "error_max": 0.3370373241758101, "target": "1099.xyz", "model": "12.xyz", "model_rescale": 4.124412569039231, "target_rescale": 3.8550077407315007},
{"mapping": [8, 1, 2, 10, 9, 4, 0, 6, 3, 7, 5, 12], "R": [[0.392515069823845, -0.3682895278839775, -0.8427898573263559], [0.6145106984276147, -0.5767766906341282, 0.538242743248015], [-0.6843307106064929, -0.7291717718015012, -7.568799346152622e-05]], "T": [0.09978847052640226, -0.024756880901169225, 0.06695320016629702], "aligned_model": [[0.026340879341374177, -0.6417589950682221, -0.0643464620791455, 0.5985245221117976, 0.44643161024109645, -0.12712004353942308, -0.24625724619482442, -0.24462792644771375, -0.0819725953744349, 0.6895810926632987, 0.3596531448497186, 0.14458990546752298], [-0.48278503939200834, -0.10859933093083096, 0.15890360340008244, 0.25030729958322995, -0.5593009050887903, 0.6674639411179953, 0.28312793456875907, -0.5983324123995818, -0.3440338507163699, 0.056847755909547194, 0.616391789333304, 0.02756798273888473], [-0.4805061848816262, -0.25853427847450416, -0.758712630575004, -0.40231401556581303, 0.11932200666821388, -0.2290520625522533, 0.4165625474898007, 0.06808011886844159, 0.6783274777035042, 0.26332789466617224, 0.3754084039927458, -0.033362203663343]], "inverted": false, "swapped": false, "error_lsq": 0.045439412398506566, "error_max": 0.27090845218816667, "target": "1099.xyz", "model": "13.xyz", "model_rescale": 3.9028299243045295, "target_rescale": 3.8550077407315007},
{"mapping": [1, 14, 12, 2, 6, 5, 10, 9, 7, 3, 4, 15], "R": [[-0.32653430554523366, -0.5221905007983992, -0.7878403570381561], [0.7697308855302935, -0.630649311693829, 0.09897378198720252], [-0.5485341476725424, -0.5741067205111059, 0.6078747916315832]], "T": [0.1460670298048118, 0.1038811675847616, -0.13052390338319875], "aligned_model": [[0.24742905681818325, -0.7142204608890382, -0.1558185541823972, 0.76175954641849, 0.38261124424883186, 0.0014927995621527301, -0.3728491890019606, -0.20896504740602218, -0.05434253579955889, 0.6209770481367977, 0.2479470764451729, 0.10301690162039338], [-0.40476671697466393, -0.10316449743127964, 0.2444824695217742, 0.058472271759465184, -0.5027693741021605, 0.5932084142022469, 0.27797840618279834, -0.5171323939748664, -0.21508774097681885, -0.0015518893992426674, 0.5132294884685615, 0.024660330848407602], [-0.5219339502084788, -0.12113354999809861, -0.7415367158799623, -0.5317850735973468, 0.01241040716980496, -0.17246399545088587, 0.3752119084996405, 0.16803904973397676, 0.6933224398280047, 0.2593912030452027, 0.39996425121488477, -0.06093890068040751]], "inverted": false, "swapped": false, "error_lsq": 0.04135350565289294, "error_max": 0.24281712703342206, "target": "1099.xyz", "model": "14.xyz", "model_rescale": 3.942246331269136, "target_rescale": 3.8550077407315007},
{"mapping": [13, 0, 8, 11, 4, 6, 2, 1, 5, 10, 9, 14], "R": [[-0.8199323188214666, -0.07836983244667739, -0.5670706851128285], [0.04405559287958438, -0.9962855804945764, 0.07398747755271573], [-0.5707627329180501, 0.03568208879627165, 0.8203393756556209]], "T": [0.11017188690123698, -0.06726834507280935, -0.009215953072844474], "aligned_model": [[0.3383621378757928, -0.6033244676017754, -0.1843729489958414, 0.553945635073872, 0.6066340924314845, 0.22324010681778156, -0.4918459417885263, -0.4271531492152238, -0.14645883076200789, 0.7519300741983833, 0.22439924628545643, 0.013681931651648799], [-0.5659798369466574, 0.07045169836946438, 0.27057165298411945, 0.1086480066029624, -0.37896922062598526, 0.4468092285182531, 0.20014744177232122, -0.6199034862068862, -0.17649601888343022, 0.12980256984453165, 0.5651812130602524, -0.08270448036472361], [-0.6093375272046584, -0.1217931470928916, -0.6400474691268927, -0.5442199925925916, -0.0035750682104740365, -0.1982376854584372, 0.37641502276435274, 0.24081932869111325, 0.560862592580895, 0.2322586823940815, 0.47567782180755674, -0.010275484875719188]], "inverted": true, "swapped": false, "error_lsq": 0.04753827668286062, "error_max": 0.28876053703971444, "target": "1099.xyz", "model": "15.xyz", "model_rescale": 4.355366556412066, "target_rescale": 3.8550077407315007},
{"mapping": [4, 8, 2, 0, 3, 1, 10, 6, 7, 5, 9, 11], "R": [[-0.6913093738169579, -0.4068301741417608, 0.5971436670354884], [0.7198694361683198, -0.45902460304738024, 0.5206576693643342], [0.06228438442748657, 0.7898010022815746, 0.6101926189749508]], "T": [0.07625573567532919, 0.04580804981784669, 0.00913040889755072], "aligned_model": [[0.2970409748554655, -0.6319508023657338, -0.1322682064028679, 0.5700253442236467, 0.25214062474976534, -0.05793093368550732, -0.44841503619027656, -0.3878565111826413, 0.2825418323809187, 0.7053588615274934, 0.3491537653974987, 0.061197972663283064], [-0.4900410682897627, 0.18003258317585563, 0.15416133840539886, 0.26521059438744443, -0.5240374608587992, 0.549222244439709, 0.0526377012410339, -0.6209119930667901, -0.11362587826986126, -0.018165436201624786, 0.5999217650909426, -0.06684562192932472], [-0.49924871333330006, -0.25060674657622556, -0.7943014377312926, -0.4512695864291999, 0.2836438122061274, -0.14307126594170522, 0.3582861558081188, -0.11807088721166488, 0.8649855302003635, 0.13521185894691656, 0.4195401567740074, -0.046551803035811024]], "inverted": false, "swapped": false, "error_lsq": 0.056226803896417016, "error_max": 0.3246858013133504, "target": "1099.xyz", "model": "16.xyz", "model_rescale": 3.795458400668931, "target_rescale": 3.8550077407315007},
{"mapping": [1, 3, 0, 2, 5, 4, 8, 6, 9, 10, 11, 12], "R": [[-0.46439427473658024, -0.8827954096706496, 0.07078292347957935], [-0.7069400216924671, 0.3213682128683394, -0.6300462502763304], [0.5334545560039207, -0.3426291529076884, -0.7733249642009626]], "T": [-0.0016751189145087914, 0.13461812492271408, -0.07630047791350056], "aligned_model": [[0.2398110279075537, -0.7822765777053953, -0.19126632340731992, 0.6070010430291487, 0.31788611799091937, 0.34426513777441764, -0.43917893476026293, -0.3480856247720651, 0.22589235295994176, 0.6830953733324215, 0.03954570176082038, 0.1623485918608652], [-0.5081815277441032, 0.004645235873466463, -0.03972795586839542, 0.08954402036581072, -0.5603805991552606, 0.6460194198107765, 0.14187394493960864, -0.4365491017009898, -0.29707430467658413, 0.1097511994695732, 0.6484983810995444, 0.16914005571077495], [-0.5695444940538823, -0.23801116808469328, -0.6098442968825277, -0.4355072421884767, 0.055737370532648906, -0.26147564572248794, 0.4396690333088398, 0.02926282863890381, 0.6718977384743362, 0.18709024329461524, 0.5478535859821837, -0.05858087962312539]], "inverted": true, "swapped": false, "error_lsq": 0.05130119481955645, "error_max": 0.2774377621091872, "target": "1099.xyz", "model": "17.xyz", "model_rescale": 3.7474275329858107, "target_rescale": 3.8550077407315007},
{"mapping": [0, 3, 8, 4, 2, 5, 11, 1, 7, 9, 12, 13], "R": [[-0.6999222798488389, 0.20924705927609388, -0.6828795430787997], [0.7141916005946946, 0.19667337522017148, -0.6717513983011079], [-0.006257780052994877, -0.9578806040753787, -0.287098569353795]], "T": [0.045480871935855906, 0.020911022545420828, 0.002716773251296864], "aligned_model": [[0.17797071741534523, -0.5832990651411082, -0.1321624475660646, 0.5816779599511908, 0.37780520307652904, 0.25940322530241966, -0.5375403034452274, -0.3332141396763754, 0.07179994389929084, 0.6671754072951374, 0.2111373125668842, 0.09828407229302347], [-0.5598373115922931, -0.04643816886213758, 0.19233042140185352, 0.19024070760321832, -0.5964823057768398, 0.6903904115510159, 0.09768655349032937, -0.5506384772859728, -0.11892475934848706, 0.1752483766070096, 0.5597652733962184, -0.06578195305969275], [-0.5840712668636666, -0.24363472046341794, -0.6724962982681588, -0.608058113742846, 0.11325518686732379, -0.1683227283180767, 0.4221550746872072, 0.09458447286423065, 0.74242789429072, 0.19610770298108027, 0.4940730221491652, -0.02747315250722608]], "inverted": true, "swapped": false, "error_lsq": 0.042127353825908896, "error_max": 0.22621730323033185, "target": "1099.xyz", "model": "18.xyz", "model_rescale": 3.922800546911778, "target_rescale": 3.8550077407315007},
{"mapping": [13, 9, 7, 12, 8, 3, 2, 4, 1, 5, 0, 14], "R": [[-0.9582797515558902, 0.11154973030087452, 0.2631664405424518], [0.019381695488982595, 0.9439431259055444, -0.3295386546911335], [-0.28517410057358655, -0.31068960833196846, -0.906723607080225]], "T": [0.04111022012125085, -0.1445551107799734, 0.026757241280676584], "aligned_model": [[0.16239366401595873, -0.6365352316740758, -0.12807720141740359, 0.5797520760665887, 0.4852254332410313, 0.08296225731940134, -0.48253962894164715, -0.24779116800707277, 0.08799994437220313, 0.7181877257056415, 0.2268506482992913, 0.010609366991128417], [-0.5087161466211442, 0.27827118418693336, 0.19707028128138498, 0.14332772379259606, -0.5550230704361293, 0.4693095815525401, 0.21860278560329982, -0.7985340088015968, -0.10911606990117262, 0.1402375167332638, 0.5862064894396006, -0.09407749870535413], [-0.542883709698368, -0.13058872104645083, -0.6752959810256386, -0.4688257176159523, 0.11986140656291994, -0.14807922538168322, 0.35392102390134833, -0.08600236129097143, 0.7646789526275554, 0.2341046090754987, 0.3872161330584267, -0.049559335490350576]], "inverted": false, "swapped": false, "error_lsq": 0.04507461195375983, "error_max": 0.24257340122515256, "target": "1099.xyz", "model": "19.xyz", "model_rescale": 3.9282355846067225, "target_rescale": 3.8550077407315007},
{"mapping": [9, 2, 10, 11, 8, 0, 5, 7, 6, 4, 3, 13], "R": [[0.8181413630973683, -0.49519638586754483, -0.29227598158744056], [0.5683442272493638, 0.7736063971519397, 0.2802106022939154], [0.08734729155219162, -0.39536525101394177, 0.9143613995292995]], "T": [0.04577267856140492, -0.10034897999471142, 0.005742932014770181], "aligned_model": [[0.35163104997442, -0.7187936306295678, -0.24977518186054998, 0.5139002762115524, 0.6654657914707175, 0.31861886070978973, -0.4018328545158048, -0.41594031825511546, 0.015205596076864045, 0.6186119588487694, 0.164972825692612, -0.003026487752642658], [-0.5371919293616938, 0.15438866492615788, 0.12744989536675294, 0.11691759284258828, -0.5182075494295789, 0.617010303667788, 0.13236708063641972, -0.5175850985074607, -0.27013093213314393, 0.13242084801680304, 0.49101881649499685, 0.03910107560459268], [-0.4347610060637888, -0.16532226453362445, -0.7707836184492316, -0.4912630638965372, 0.14715099716947658, -0.2204154355666985, 0.4886328512837341, 0.0346030491099138, 0.6358887851737912, 0.13628492168535924, 0.4556657291037401, -0.057133871339800024]], "inverted": true, "swapped": false, "error_lsq": 0.04612476926336659, "error_max": 0.23709776013182443, "target": "1099.xyz", "model": "20.xyz", "model_rescale": 4.067790424073018, "target_rescale": 3.8550077407315007},
{"mapping": [3, 4, 0, 12, 11, 7, 5, 6, 13, 10, 1, 14], "R": [[0.8815748281736167, 0.011909448884333318, 0.4718940425115891], [0.23844919153426708, 0.8515265792283493, -0.46695231868395326], [-0.4073914645489181, 0.5241761630358035, 0.7478445993104117]], "T": [-0.004710048673842407, 0.009648306070017917, -0.061984372190511006], "aligned_model": [[0.19550672405202774, -0.8049500176715357, -0.08854044263756845, 0.6872891493002375, 0.4069430908387356, 0.08496842557507729, -0.3613537213963101, -0.3525531068018287, 0.1914431398435792, 0.6624728125783309, 0.1708240337608295, 0.06698779852947001], [-0.5743457085241325, -0.034710800629838154, 0.26543754400750724, -0.07152040595959701, -0.4783898581896187, 0.7250181431124411, 0.14096266642399818, -0.6397121442199728, -0.13374763201988704, 0.08989188245577871, 0.6619382897848528, 0.016736791882689592], [-0.6473127001298516, -0.050995450148740296, -0.7192532367537152, -0.38067327549335683, 0.039960205569514295, -0.2539940717243335, 0.38971015991026625, 0.007966433428311742, 0.5945862916766486, 0.40675310193957626, 0.4038596621470952, -0.032060046745080104]], "inverted": false, "swapped": false, "error_lsq": 0.0436075676600415, "error_max": 0.25974866028791405, "target": "1099.xyz", "model": "21.xyz", "model_rescale": 4.186013935880536, "target_rescale": 3.8550077407315007},
{"mapping": [1, 8, 2, 0, 7, 5, 11, 9, 4, 6, 3, 12], "R": [[-0.3626858044448155, -0.875897401261183, -0.31821808515250005], [0.92529477621385, -0.3790843774035387, -0.011162970927722282], [-0.11085388746263562, -0.29849418297929736, 0.9479518122573234]], "T": [0.031626898143377706, -0.07735538827352222, 0.001790883857167639], "aligned_model": [[0.30612434606198435, -0.6874528010792781, -0.18369666021752434, 0.5672059970846548, 0.49143445681368614, 0.06704705502621702, -0.4105294128068222, -0.379354490417017, 0.2028631187999461, 0.531133066614631, 0.31472986581649176, 0.03953334427407578], [-0.5110644425414707, 0.013937685943222797, 0.21951990757971818, 0.06663339883034693, -0.6268368155941687, 0.6559282387109053, 0.16061986822917274, -0.5348556571388217, -0.16206970817216335, 0.0708721986122854, 0.665312855929709, -0.05043876226451407], [-0.5194296484173387, -0.24772483001578066, -0.6425692846758058, -0.4610381331372059, 0.1598127491169138, -0.24229785205216176, 0.3849769387851178, -0.08328885805288233, 0.7025888501126581, 0.1976863130084702, 0.47150914354413576, 0.03832168546021417]], "inverted": false, "swapped": false, "error_lsq": 0.03947116853698902, "error_max": 0.20847483154233878, "target": "1099.xyz", "model": "22.xyz", "model_rescale": 4.166573947596378, "target_rescale": 3.8550077407315007},
{"mapping": [5, 2, 6, 13, 7, 12, 3, 0, 8, 10, 9, 15], "R": [[0.21296879748517955, -0.36872192567804773, -0.904814032175667], [-0.9698433757392505, 0.03256153606904194, -0.24154414276384295], [0.11852475620060066, 0.9289692610054958, -0.3506679259277806]], "T": [0.00010378985292293363, 0.1260000977439932, 0.03234037599857113], "aligned_model": [[0.2822808450246203, -0.6387984064774344, -0.2649152412937083, 0.7153608178753529, 0.4089699157510469, 0.054121645601296745, -0.4468898913833073, -0.14571149471200684, 0.010539932025584106, 0.7266257484736536, 0.17537439212805894, -0.017920377042112114], [-0.4169331689615535, 0.14200120358696866, 0.1639437661226732, -0.04176781762460599, -0.46042323448925937, 0.6677517219399773, 0.3063959963639923, -0.6765368039246387, -0.22791707477124987, -0.035140347295567115, 0.46788745243587204, 0.07829707474161259], [-0.5303865192538402, -0.17827108457548946, -0.6800028159580402, -0.38846177386896424, 0.05039069886890932, -0.3323082276880165, 0.3916182917017643, 0.0701317385749034, 0.759466817655422, 0.11684382988318086, 0.4936888548754334, -0.014162736538928446]], "inverted": true, "swapped": false, "error_lsq": 0.04665793221042306, "error_max": 0.23246362220838193, "target": "1099.xyz", "model": "23.xyz", "model_rescale": 4.274766983524099, "target_rescale": 3.8550077407315007},
{"mapping": [8, 9, 10, 6, 5, 1, 7, 2, 0, 3, 11], "R": [[-0.6424350234848796, 0.7538921624347722, 0.137563977913571], [-0.7402920251524766, -0.6569216045252034, 0.14290459406078437], [0.19810340253420072, -0.010030599556130823, 0.980129802106291]], "T": [-0.052753685764330954, 0.024956158310431867, 0.015334836136054835], "aligned_model": [[0.10156366936718023, 0.264315099690254, -0.47679489155571064, -0.5285129001233625, -0.43170874294855444, -0.4671637095009308, 0.19139978456465592, -0.2024280587630828, 0.6522980423893022, 0.29674472784993333, -0.01981831701160923], [-0.2401736683862818, 0.5080743713822424, 0.5455553360736255, -0.14301858965320757, 0.5155293064790952, -0.393865642170971, -0.6945101313586286, 0.15225371205125054, -0.12437651966268608, 0.6180093678752832, 0.17210898861376167], [-0.7187381018175224, -0.3384235140123306, -0.4879120331883106, -0.2843718360841998, 0.20447710600742808, 0.2936916584758374, 0.02251448486232086, 0.7688522985625309, 0.4974746316849659, 0.366248546611418, 0.05575319291943974]], "inverted": true, "swapped": true, "error_lsq": 0.06009001619970515, "error_max": 0.3162716363618387, "target": "1099.xyz", "model": "24.xyz", "model_rescale": 3.7841303162186577, "target_rescale": 3.8550077407315007},
{"mapping": [11, 0, 6, 3, 13, 4, 8, 10, 9, 12, 2, 15], "R": [[0.12925650793684443, 0.09950823144274788, -0.986605730284955], [0.2504826172222167, 0.959409786398097, 0.12958132671441036], [0.9594536016011829, -0.26387681527313994, 0.0990848764233183]], "T": [-0.036191351422559234, -0.03102778368823933, 0.008822627747970591], "aligned_model": [[0.1518281800708332, -0.7619288390778746, 0.022607938083744304, 0.5916615942672071, 0.6189629597083695, 0.13201021664291263, -0.3891613373501595, -0.3558830998120318, 0.06992971844374128, 0.6324957855652049, 0.16341465061387062, -0.01689988118477296], [-0.5377828348390727, 0.021733758606246108, 0.1619157448449184, 0.1615806359305732, -0.43812669415096284, 0.6511722344958376, 0.32906118760309944, -0.7122609933281351, -0.13341936830827947, -0.034037240199686375, 0.5123125885607978, -0.014590251091114281], [-0.5364071798311892, -0.10004090158142269, -0.6849654455090993, -0.4577655878273674, -0.12172737408145311, -0.24220667442274596, 0.3173771698105989, 0.2062399658229406, 0.5748570705653249, 0.3666219603727655, 0.492280704278431, -0.05571663392044826]], "inverted": true, "swapped": false, "error_lsq": 0.04628154535977807, "error_max": 0.2452884749099962, "target": "1099.xyz", "model": "25.xyz", "model_rescale": 4.19342608120988, "target_rescale": 3.8550077407315007},
{"mapping": [4, 8, 2, 0, 3, 1, 10, 6, 7, 5, 9, 11], "R": [[-0.6913093738169579, -0.4068301741417608, 0.5971436670354884], [0.7198694361683198, -0.45902460304738024, 0.5206576693643342], [0.06228438442748657, 0.7898010022815746, 0.6101926189749508]], "T": [0.07625573567532919, 0.04580804981784669, 0.00913040889755072], "aligned_model": [[0.2970409748554655, -0.6319508023657338, -0.1322682064028679, 0.5700253442236467, 0.25214062474976534, -0.05793093368550732, -0.44841503619027656, -0.3878565111826413, 0.2825418323809187, 0.7053588615274934, 0.3491537653974987, 0.061197972663283064], [-0.4900410682897627, 0.18003258317585563, 0.15416133840539886, 0.26521059438744443, -0.5240374608587992, 0.549222244439709, 0.0526377012410339, -0.6209119930667901, -0.11362587826986126, -0.018165436201624786, 0.5999217650909426, -0.06684562192932472], [-0.49924871333330006, -0.25060674657622556, -0.7943014377312926, -0.4512695864291999, 0.2836438122061274, -0.14307126594170522, 0.3582861558081188, -0.11807088721166488, 0.8649855302003635, 0.13521185894691656, 0.4195401567740074, -0.046551803035811024]], "inverted": false, "swapped": false, "error_lsq": 0.056226803896417016, "error_max": 0.3246858013133504, "target": "1099.xyz", "model": "26.xyz", "model_rescale": 3.795458400668931, "target_rescale": 3.8550077407315007},
{"mapping": [6, 2, 0, 7, 5, 3, 9, 1, 11, 10, 4, 12], "R": [[0.9861330117108063, -0.14202590948022498, -0.08585059260418697], [0.040458787335691804, -0.29595518092842504, 0.9543446009743801], [-0.1609495875779134, -0.9445841264376289, -0.2861049778325456]], "T": [-0.00815198878071638, -0.0989671240419537, 0.0998475455437747], "aligned_model": [[0.16693861131466275, -0.7579611300443445, -0.19580343261655686, 0.5813243891109297, 0.6294395125217247, 0.02435734843693748, -0.34989232154893735, -0.39770206198658314, 0.16925456781082482, 0.6373825144375846, 0.24305351502505163, 0.10864637350975113], [-0.7424415677484526, 0.203820053986898, 0.13243484127528748, 0.16804911799444, -0.44790834790758255, 0.5693683836364926, 0.12031775127469314, -0.4966555933654402, -0.1417995079191507, 0.1586815436384258, 0.5226022352141096, -0.07891014195549871], [-0.3864351723588031, -0.2479183101666839, -0.6763697295580854, -0.39150571335039763, -0.0965641843358099, -0.21215782463071378, 0.23949703008359155, -0.10126881973681448, 0.7914159747704588, 0.25665570128338777, 0.5992577067622691, -0.016059585086064462]], "inverted": true, "swapped": false, "error_lsq": 0.051065307310756536, "error_max": 0.23423269929152482, "target": "1099.xyz", "model": "27.xyz", "model_rescale": 3.6321398670334006, "target_rescale": 3.8550077407315007},
{"mapping": [12, 4, 6, 9, 8, 13, 1, 7, 3, 0, 2, 14], "R": [[-0.45166788522050927, 0.7693843292186145, -0.45171215991298674], [-0.30548188393700426, -0.609058625510699, -0.7319347028781441], [-0.8382582776487995, -0.19260151776100054, 0.5101251957210382]], "T": [0.21752146048801824, -0.016796522458002963, 0.026749859436864722], "aligned_model": [[0.11928904875401891, -0.6045010327762439, -0.1787286095277566, 0.5517613367304486, 0.4048697429934673, 0.10888965748789436, -0.27989315770752143, -0.2076319270101361, -0.0034684917202532084, 0.5856761289986414, 0.1758237022910103, 0.18695148745747558], [-0.5656501850587324, -0.008137214120644817, 0.13453524836673558, 0.1548966274160088, -0.4980016125281243, 0.6910731824606956, 0.3162146604126401, -0.6649536766172668, -0.32668979533807024, 0.019372970176955273, 0.675363789268664, 0.0395347736853608], [-0.5836760420406497, -0.07655207329314698, -0.6243968324017016, -0.5258597031260845, 0.0074651990191117144, -0.3651646008083615, 0.32499379623153846, 0.03167780169152365, 0.5983175985622627, 0.5293089127591677, 0.41741475876134004, 0.025018258321334273]], "inverted": false, "swapped": false, "error_lsq": 0.04338119218202963, "error_max": 0.30385602602318984, "target": "1099.xyz", "model": "28.xyz", "model_rescale": 4.156811204709835, "target_rescale": 3.8550077407315007},
{"mapping": [4, 3, 0, 2, 10, 9, 7, 6, 1, 11], "R": [[-0.29782460428515567, 0.4686999459386249, -0.8316374605316432], [-0.8785116491397913, -0.47543665104577476, 0.04666125982078201], [-0.3735207991639484, 0.7445000681796532, 0.5533550949186399]], "T": [-0.16225625331997248, 0.04310958790350569, 0.07157547046316975], "aligned_model": [[-0.5671925554565581, 0.11807704992982851, -0.0727162070765898, 0.5906044587376016, -0.3146784314846975, -0.5099208236445942, -0.40940271969153746, -0.2555811883923266, 0.17429047862076555, -0.11055468743130384], [-0.12049610419384493, -0.5626414457294812, 0.09768795583441217, 0.044585835819477566, -0.4336429381338659, -0.5362392159745056, 0.6895569109334387, 0.2699524458254008, 0.5714913108690474, -0.10153442462387485], [-0.4303653896586313, -0.3176296259002623, -0.7891572130151123, -0.1274074942218883, 0.7450488315562434, 0.020928626561834224, -0.241982640749356, 0.6046976043854801, 0.25096036651333614, 0.04369366150345619]], "inverted": false, "swapped": true, "error_lsq": 0.06317008672086447, "error_max": 0.2923850027631939, "target": "1099.xyz", "model": "29.xyz", "model_rescale": 4.117894457231895, "target_rescale": 3.8550077407315007},
