[{"mapping": [1, 0, 9, 12, 7, 11, 5, 3, 2, 4, 6, 13], "R": [[0.44780158226149525, 0.6516939541537834, 0.6121835778943336], [0.31616762052707603, -0.7558446443287591, 0.5733558313733089], [0.8363682075822514, -0.06319702333921934, -0.5445129544709786]], "T": [0.024821128452933328, 0.05119867123376297, -0.1729166038659552], "aligned_model": [[0.35977872095416835, 0.23361142693363163, -0.46249339799524225, -0.2114944227693983, -0.5883605691839888, -0.4584502424238968, 0.2731934778082391, 0.5023451111626791, 0.3208216293818577, -0.1851579091127605, 0.30076862457721065, -0.1256638002383694], [-0.1324629471679103, -0.6915441878281954, -0.472718025506654, -0.2711572867840918, 0.049575968305245785, 0.5124143575598281, 0.7043828077931978, 0.08812369692271994, -0.3361791575027732, 0.15881304154949538, 0.4963711195730347, 0.06745911861903692], [-0.605485597871335, -0.18524912807777452, -0.01550307537038148, -0.5916783554079059, 0.26912418044447095, -0.37488371411137716, -0.46285266623907384, 0.03638627287639773, 0.42170963728296706, 0.7532217106938158, 0.3840580408083005, -0.11266922763259976]], "inverted": true, "swapped": false, "error_lsq": 0.04747664434841817, "error_max": 0.25108927630106903, "target": "11.xyz", "model": "0.xyz", "model_rescale": 3.8414455957264533, "target_rescale": 3.890672605050136},
{"mapping": [2, 4, 0, 7, 13, 9, 6, 5, 1, 11, 12, 14], "R": [[-0.2826378138263806, 0.5905670557895738, 0.7558746052166844], [-0.9205038247980183, -0.3886222150367765, -0.04056454747841676], [0.2697935779955919, -0.7072505401878062, 0.6534585669163675]], "T": [0.036679720514773674, 0.07320512674282008, -0.05847401267596959], "aligned_model": [[0.33840512867971445, 0.17592474742857533, -0.3853743963709581, -0.3540926431518348, -0.658676394436749, -0.41564943532203397, 0.41627693379319103, 0.6763519517306452, 0.29183432800898496, -0.22610867806466992, 0.01481908559339571, 0.08518802120586944], [-0.07437801758365166, -0.42354989817135213, -0.5003072084293293, -0.21826998073766513, 0.26072761512675763, 0.34652818121747525, 0.5590633769944215, 0.11311622626035296, -0.44460416800398495, 0.005599721621796144, 0.49868944885022337, 0.050463208387890396], [-0.7155780540551427, -0.23070206657685266, 0.07743512363340462, -0.4771555427782337, 0.17851162062096804, -0.48998591594869145, -0.5379267111951818, -0.2119319082991779, 0.5859385506070821, 0.7493856093503124, 0.5745937152558137, 0.013593656781203875]], "inverted": true, "swapped": false, "error_lsq": 0.044879549540497214, "error_max": 0.2806250170800723, "target": "11.xyz", "model": "1.xyz", "model_rescale": 4.316132596720782, "target_rescale": 3.890672605050136},
{"mapping": [2, 4, 5, 0, 9, 1, 8, 6, 3, 7, 10, 11], "R": [[0.12762188328463897, -0.38993348020829505, 0.9119564331257985], [-0.9610254008662655, -0.27596781773754775, 0.016490678063962927], [0.24524035923296889, -0.8785178681084538, -0.4099555117539726]], "T": [-0.049972002235672754, 0.045582226354008576, -0.030658357319084173], "aligned_model": [[0.20350792109826923, 0.3441929549216095, -0.42148730621988173, -0.39916498818579205, -0.73623749103022, -0.3038026424630939, 0.35208141977540086, 0.7652260264943481, 0.1963848012549711, -0.2774298731573728, 0.17805673485120949, 0.057571091754682356], [0.05476520492890572, -0.5624099184093013, -0.45104375253742446, -0.3439255663399172, 0.2492332628731596, 0.3905410142902621, 0.6077332895062794, 0.005477410030857735, -0.336394536499404, 0.023766853233254143, 0.5555169385381307, -0.02018169408186872], [-0.8283982918316505, -0.29392489448636516, 0.14569043885669059, -0.5105145822244098, 0.16303583321400594, -0.36408106817138286, -0.36137779106746337, 0.06903989071910427, 0.4430705597347636, 0.8343550103412809, 0.2612410824911823, -0.04195811018025137]], "inverted": true, "swapped": false, "error_lsq": 0.04033228213447743, "error_max": 0.2674372270006409, "target": "11.xyz", "model": "2.xyz", "model_rescale": 3.795458400668931, "target_rescale": 3.890672605050136},
{"mapping": [0, 7, 8, 1, 6, 2, 10, 4, 9, 3, 5, 11], "R": [[0.4530313571714812, 0.6831307226877174, -0.5727957796104324], [-0.7481734934244181, 0.6407157839392782, 0.17239404847087614], [0.48476696788917906, 0.3504507097028531, 0.8013646404180174]], "T": [0.0021706091996510674, 0.036939918751008174, -0.11278757599032282], "aligned_model": [[0.32542434158887384, 0.3264060301175611, -0.4991734186090443, -0.3973209056190351, -0.540529552908161, -0.45437694695217434, 0.276978164488602, 0.6298120530994314, 0.25422414803598203, -0.3105248322345445, 0.24917913568141586, 0.09880043240522329], [-0.08419352415098982, -0.6542306416376461, -0.45079616714834025, -0.23833862561654895, 0.11581218006076874, 0.550981022771802, 0.7051071964589165, 0.156585346902528, -0.34095917540966425, 0.04363718043661892, 0.39086219413596884, -0.021388481270479417], [-0.8149568274410581, -0.13416384531383904, 0.2355378656924129, -0.513907376746159, 0.10297154215985707, -0.45197982791223457, -0.24334036974318085, -0.16480606064178868, 0.6276284766448821, 0.6215466347939473, 0.44178471540266007, -0.19013684949999457]], "inverted": false, "swapped": false, "error_lsq": 0.04932960829334976, "error_max": 0.22923181258164382, "target": "11.xyz", "model": "3.xyz", "model_rescale": 3.7530521520055578, "target_rescale": 3.890672605050136},
{"mapping": [8, 1, 7, 0, 10, 3, 9, 2, 4, 5, 11], "R": [[0.4743424114859067, 0.7658135451420128, -0.4341991371971594], [-0.5405309476856125, -0.13594076059936577, -0.8302688746434855], [-0.6948565112739671, 0.6285298112935368, 0.34946345310415927]], "T": [-0.014712557088611578, -0.07108580174751639, 0.0162267821248605], "aligned_model": [[-0.3985531519549112, -0.29943396976796505, 0.3510710233584388, 0.5653904621284236, 0.3064682364583254, -0.14718649731482764, -0.40565587171462175, -0.6684196463247825, -0.25257483743143044, 0.2901554800945266, -0.0030616250859708087], [-0.6430947269042833, 0.1315785110082608, -0.3687226101917847, 0.2944246522360556, -0.4930048063770028, 0.619782834207713, -0.5568849304673018, 0.13563724859444382, 0.04679958880112575, 0.36945906179283994, -0.06877146438572004], [-0.1864690351295388, -0.617114781834425, -0.43898781761540656, -0.5314198782128354, 0.3511313109554276, -0.07855852489615761, 0.5131128781685486, -0.0007952060415573753, 0.698595765070693, 0.4280357249129056, -0.044699658132337554]], "inverted": false, "swapped": true, "error_lsq": 0.05289666499603505, "error_max": 0.28234465298895656, "target": "11.xyz", "model": "4.xyz", "model_rescale": 3.7855080009869324, "target_rescale": 3.890672605050136},
{"mapping": [5, 9, 14, 2, 12, 1, 4, 7, 8, 13, 6, 16], "R": [[-0.23909968062010958, 0.9100286883059574, -0.33864307048498776], [-0.9355291454859975, -0.12250497456282913, 0.33132725386481515], [0.26003184549897085, 0.3960307029353903, 0.8806492614309627]], "T": [0.018615384593134124, -0.03594836129031623, -0.02936269666190932], "aligned_model": [[0.5485283827259767, -0.022336607316573345, -0.48355717478760113, -0.44615105103229197, -0.6218481521055209, -0.4088116918543031, 0.25408313637897595, 0.7160776025399812, 0.4014051769093044, -0.1944723077248225, 0.23104771617191333, -0.01506638081090838], [0.005756120589414604, -0.7100201906441445, -0.48036969496140436, -0.3107619563272117, 0.1035523730125468, 0.4763311536409601, 0.610560877649442, 0.2370381857930269, -0.20221228196064567, 0.03882618326953158, 0.48177564647748405, -0.07739791100606619], [-0.6397365126307044, -0.25489345394182683, 0.06013477434080964, -0.5336000771461664, 0.153424792785715, -0.38710524639669075, -0.30062184526302743, -0.04921896831816553, 0.5373278340031917, 0.6590194949612279, 0.30666025545269354, -0.03521297045155149]], "inverted": false, "swapped": false, "error_lsq": 0.042884109502435146, "error_max": 0.22796769493649244, "target": "11.xyz", "model": "5.xyz", "model_rescale": 4.2253639853439635, "target_rescale": 3.890672605050136},
{"mapping": [10, 8, 9, 1, 0, 4, 2, 5, 11, 12, 6, 13], "R": [[-0.678606920013004, 0.11461557867560843, 0.7255039057340217], [0.0001292317649341651, -0.9877312420106539, 0.15616330188377292], [0.7345016211075478, 0.1060672554606127, 0.6702664439679475]], "T": [-0.046757067527539053, 0.05289699985737584, -0.025091356246864954], "aligned_model": [[0.35266764802230244, 0.1992434526081801, -0.3910920473116757, -0.4221303232315602, -0.8345031725408957, -0.30863918356382336, 0.3303748442741097, 0.5822084726123604, 0.4394642261472595, -0.17513564236282175, 0.24320898691511472, -0.05676861247442025], [-0.054842091389965, -0.6230420477485066, -0.4423115291676215, -0.18440274766549558, 0.11516253306570215, 0.4705703418124824, 0.5226810202393886, 0.039936361180463884, -0.1596239097415923, -0.10033854203216108, 0.4766012293811788, 0.11268788759906027], [-0.6864268680820187, -0.1937775252510229, 0.06870822777854396, -0.6094624119007293, 0.1114433526632442, -0.5329083005554777, -0.32046587669806914, -0.0956295559141094, 0.5440988627253351, 0.8867099240188042, 0.36235203481524825, -0.018463786204244492]], "inverted": false, "swapped": false, "error_lsq": 0.050570619291521755, "error_max": 0.2543040437267441, "target": "11.xyz", "model": "6.xyz", "model_rescale": 3.89814844738969, "target_rescale": 3.890672605050136},
{"mapping": [10, 11, 8, 9, 6, 5, 2, 4, 7, 3, 0, 12], "R": [[-0.9890989517653664, 0.019928442345455502, -0.14589763809718576], [-0.14700349775879795, -0.1912153383001452, 0.9704775453586962], [-0.008557760415705593, 0.9813457859411459, 0.19206044140380013]], "T": [0.05647503165322908, 0.04533961082713938, 0.025037206655357504], "aligned_model": [[0.2210040712356811, 0.22093964430837582, -0.3440364143806528, -0.5051214718671193, -0.5930207631915919, -0.41563833782983506, 0.4345723161386292, 0.6916686576217271, 0.35639970343255745, -0.315763211028048, 0.060595601999631404, 0.1472988526547755], [0.06779496220301018, -0.7109189376020386, -0.4864522666208981, -0.2106298634115107, 0.18381169449480794, 0.4376886758858496, 0.5313151733490229, 0.00150453517848987, -0.2012925379897729, 0.004059930148487427, 0.49387402285822407, 0.062323117039262424], [-0.6900359472112861, -0.2123754474618889, 0.14534827427124306, -0.6207451673115405, 0.15292991775105177, -0.45009201947973493, -0.3248456889215365, -0.07547812578772245, 0.5546525897155276, 0.7406604422469183, 0.41209054870559536, -0.11593129912112188]], "inverted": true, "swapped": false, "error_lsq": 0.04290778464940261, "error_max": 0.24443702870029108, "target": "11.xyz", "model": "7.xyz", "model_rescale": 3.7474275329858107, "target_rescale": 3.890672605050136},
{"mapping": [4, 11, 10, 12, 0, 1, 2, 8, 7, 6, 3, 14], "R": [[-0.45953480482492726, 0.7148636510267047, -0.527065198619], [-0.18555417782107578, 0.5030662292327194, 0.8440936062420552], [0.8685605391955478, 0.4856895401862624, -0.09853050444403724]], "T": [0.029160496557417787, -0.06427251734823397, -0.10365319577922094], "aligned_model": [[0.5546416414904156, 0.0952040589636323, -0.4838896810262694, -0.32661890746206323, -0.4628685043507269, -0.428787746275062, 0.21097665831939985, 0.657341431157499, 0.12387191848517828, -0.16561899550925113, 0.14721493214003425, 0.03743184316134396], [0.15562128545735945, -0.6816730306613894, -0.4978559246969161, -0.39015552511302876, 0.25685036931044175, 0.44721300033388295, 0.6828527300563663, 0.201327398355151, -0.4868086443595197, 0.03605133613394733, 0.4875526700085024, -0.037897159291863186], [-0.6400691982000344, -0.13422785219945715, 0.24855172162187966, -0.4881839484181603, 0.19467680867271764, -0.40937822278544045, -0.44619697964137484, -0.09618901197603202, 0.42205641974130725, 0.6830704992309655, 0.3387116421346721, -0.15664380078553836]], "inverted": true, "swapped": false, "error_lsq": 0.04466552926930068, "error_max": 0.25175898383321593, "target": "11.xyz", "model": "8.xyz", "model_rescale": 4.019505241142653, "target_rescale": 3.890672605050136},
{"mapping": [10, 11, 5, 6, 3, 2, 1, 9, 8, 4, 0, 12], "R": [[-0.6067622435891606, 0.037417167046658095, 0.7940022262971627], [-0.7592906631927765, -0.32284263624829634, -0.5650224075278112], [0.23519623411721935, -0.9457127406514374, 0.22429922787790746]], "T": [0.03648504047727743, 0.041391567018315034, -0.05985502420572797], "aligned_model": [[0.4075183540143299, 0.18965971041567614, -0.45236115654256565, -0.2592627048712405, -0.7416335812641, -0.4246563400400808, 0.38518498654287686, 0.6972762035575846, 0.40124798963240016, -0.22819871491223084, -0.03662903075894936, 0.020752933320429698], [0.05335918020302275, -0.5613625337897316, -0.39233360391085215, -0.2502049681940816, 0.1881759104540013, 0.36548460642316727, 0.5479683205618727, -0.1334788824600328, -0.2902293430091879, 0.08468541984590788, 0.5539839043349802, 0.007030495073867778], [-0.896736625567692, -0.08163892746789114, 0.09323511559321171, -0.6561490538088182, 0.27398112536951025, -0.23953387994709813, -0.3393074218581265, -0.04911136911733796, 0.40178606402439254, 0.724786819684445, 0.33327282571410655, -0.04840659522319757]], "inverted": false, "swapped": false, "error_lsq": 0.04577998663385526, "error_max": 0.2217241251518895, "target": "11.xyz", "model": "9.xyz", "model_rescale": 3.877068213659057, "target_rescale": 3.890672605050136},
{"mapping": [1, 3, 6, 12, 10, 11, 8, 7, 13, 14, 9, 15], "R": [[0.7314698669892682, 0.6717017961885436, 0.11733938249277825], [0.6065061088841677, -0.719555831331622, 0.3382155311082629], [0.3116122166618127, -0.17622741725889984, -0.9337246509723138]], "T": [0.06110968073983834, -0.06034920273632694, -0.05310110774888427], "aligned_model": [[0.5591228498346086, 0.1278767453870617, -0.3876767524746795, -0.4757488638739784, -0.5471250870992034, -0.4364370669911665, 0.26360612676479434, 0.814649480438791, 0.12589103367289983, -0.1612772107547144, 0.04019837386979868, 0.035819020319918175], [-0.0054178289488214584, -0.6807271667200475, -0.4536480086241556, -0.27931459020042587, 0.17891086390782976, 0.40347470532911683, 0.6529842988607848, 0.2158758888281136, -0.4419408340573031, 0.12123815766214949, 0.49668131369439306, -0.03503829419869996], [-0.7615303828253988, -0.1690091903403581, 0.10249889795370895, -0.5243041190734741, 0.22260864391234864, -0.33940495402570714, -0.26634613267224144, -0.20197702412452603, 0.61609968362963, 0.6729096688057681, 0.3003462361505508, -0.13571324999479623]], "inverted": true, "swapped": false, "error_lsq": 0.04235372363708695, "error_max": 0.27749008263303165, "target": "11.xyz", "model": "10.xyz", "model_rescale": 4.260839863003843, "target_rescale": 3.890672605050136},
{"mapping": [0, 1, 2, 3, 4, 5, 6, 7, 8, 9, 10, 11], "R": [[1.0, 0.0, 0.0], [0.0, 1.0, 0.0], [0.0, 0.0, 1.0]], "T": [0.0, 0.0, 0.0], "aligned_model": [[0.45813360077801546, 0.19547973504961497, -0.4099933641112544, -0.37041169902843313, -0.6506974004222016, -0.3796644179421944, 0.2711996503202057, 0.6506974004222016, 0.2679611614317677, -0.268116070379703, 0.1476993590398983, 0.04661069393621335], [0.05035072849504884, -0.6436679089238685, -0.5394186591994042, -0.2549429367848901, 0.2307056622638734, 0.4324182656274467, 0.6436679089238685, 0.03446704814636293, -0.34359136213743996, 0.07895794151408404, 0.5138180728455912, -0.029686255237738875], [-0.746734676731445, -0.26596980909080337, 0.10625477699238935, -0.5492106550487997, 0.24386604742029547, -0.35423195161964616, -0.4641095854881692, -0.07078520296015703, 0.570749681460638, 0.746734676731445, 0.3278866868273955, -0.028271911097638085]], "inverted": false, "swapped": false, "error_lsq": 0.0, "error_max": 0.0, "target": "11.xyz", "model": "11.xyz", "model_rescale": 3.890672605050136, "target_rescale": 3.890672605050136},
{"mapping": [8, 6, 9, 5, 12, 7, 3, 0, 11, 10, 4, 13], "R": [[-0.3935331151064737, 0.0687289564320348, 0.9167377039602761], [-0.8980812772246343, 0.18432297316006882, -0.3993432872404426], [-0.19642226659206705, -0.980459775877214, -0.010813004838570783]], "T": [0.13558526732057138, -0.11456062056339858, 0.011995202539070056], "aligned_model": [[0.26631391148411243, 0.37694689846579893, -0.4022342592536162, -0.5057639948596907, -0.5411667035257087, -0.3660583190456709, 0.39205458171036767, 0.6388246533452088, 0.13602183561860653, -0.3167156457330236, 0.2321266290787602, 0.04854906180898627], [-0.04765502319333567, -0.6044385342569684, -0.6769559630223055, -0.1912230833000938, 0.16683311868304354, 0.4496605423515624, 0.6615169577261623, 0.15954004980791178, -0.39225789446179293, 0.11050626519611861, 0.5081258753432777, 0.02942619465935442], [-0.6934299943981038, -0.1719138419033063, 0.0287895955750502, -0.4213247399318921, 0.1459969943690821, -0.38420217485369496, -0.4181097140274278, -0.13053017275515627, 0.4870175150389921, 0.7497683962971241, 0.31858668498840526, 0.005529528996432021]], "inverted": true, "swapped": false, "error_lsq": 0.04263386806463518, "error_max": 0.22190382989816373, "target": "11.xyz", "model": "12.xyz", "model_rescale": 4.124412569039231, "target_rescale": 3.890672605050136},
{"mapping": [0, 4, 2, 1, 8, 6, 3, 7, 10, 11, 9, 12], "R": [[0.08216555817347809, -0.9759569999246125, -0.20188302392274404], [-0.8039215260772602, 0.05481919895388271, -0.5922035421505549], [0.5890322579958165, 0.21095684327417555, -0.7800885906845101]], "T": [0.15197273351118293, 0.06902180664528759, -0.14060933793449726], "aligned_model": [[0.34209841860343737, 0.17986932436790798, -0.38870658785961, -0.5203034374593652, -0.4792967235546344, -0.33029825716718864, 0.28941358019695385, 0.6532348034482993, 0.2634431551592319, -0.29960654409682275, 0.11124640406158039, 0.13780451339434038], [-0.06910491222193482, -0.7035760781914867, -0.5341435895390624, -0.14739418645727184, 0.1644508776756433, 0.49765125507455477, 0.6208575217932663, 0.19666035297672885, -0.32119350078777464, -0.11583601929491125, 0.6037314555666523, -0.019024671061469864], [-0.6712133586478741, -0.2841033946540765, 0.1530790852910635, -0.545668798734198, 0.1869395681490894, -0.31753955658977395, -0.5711215130414786, 0.2136820862473452, 0.475763950941682, 0.7268332259048556, 0.2073392637875755, -0.057812481258705334]], "inverted": false, "swapped": false, "error_lsq": 0.047216179967279746, "error_max": 0.327467166560218, "target": "11.xyz", "model": "13.xyz", "model_rescale": 3.9028299243045295, "target_rescale": 3.890672605050136},
{"mapping": [14, 13, 8, 12, 2, 1, 9, 10, 4, 0, 3, 15], "R": [[-0.22281299789900672, -0.1995331504732975, 0.9542226626052525], [-0.9608387059396277, 0.2103720384679832, -0.1803679200941426], [-0.16475238734391326, -0.9570423853168812, -0.23859279865799668]], "T": [-0.0253611931174688, 0.07520311006453767, -0.029655202894243032], "aligned_model": [[0.46672544887462863, 0.22113440690505343, -0.5182074253114186, -0.34406099316881306, -0.7092500297988693, -0.4281468263972696, 0.39230440238761494, 0.6945118386210481, 0.36935481687094845, -0.25282453446453745, 0.014997707457229077, 0.052359837118515745], [-0.03537198406277217, -0.5728795768664694, -0.4677728995925156, -0.33564622550823986, 0.20961931742876774, 0.4469200432158939, 0.5936990280012753, -0.10928497030448789, -0.09655029616006675, -0.06014733764599128, 0.44902871844671693, 0.1514646885808232], [-0.7567552909939698, -0.41937318023818937, 0.2128046987529251, -0.4921198500485163, 0.20778555143441302, -0.37863802621760656, -0.42659712544461525, -0.0853289707416086, 0.4938553631803856, 0.7559382631507051, 0.4676525679079496, -0.06304592334636808]], "inverted": false, "swapped": false, "error_lsq": 0.045443523387579114, "error_max": 0.27788972241941756, "target": "11.xyz", "model": "14.xyz", "model_rescale": 3.942246331269136, "target_rescale": 3.890672605050136},
{"mapping": [12, 11, 6, 8, 7, 0, 1, 3, 10, 9, 5, 14], "R": [[0.5664391423166981, -0.8172101513731207, 0.10636854113996813], [-0.26367088216516127, -0.3020026558227416, -0.916117930058274], [0.7807844542188129, 0.4908787674861608, -0.3865406468684743]], "T": [0.0953298743296424, -0.059121656047715444, -0.026762414689459706], "aligned_model": [[0.4566354502017364, 0.008897206766460206, -0.3381305336075315, -0.4938207467797647, -0.7283814306687317, -0.37989374116753566, 0.3821678051731349, 0.7379705163510499, 0.2881189340103246, -0.25913254102316435, 0.22079887879293147, 0.06366885104522092], [0.13915867626559988, -0.7623908562305052, -0.3744866690244786, -0.2962300877213358, 0.10550108887649859, 0.38330305994162805, 0.6242771982962732, 0.2599365949970359, -0.44236089735532763, 0.010724055655453, 0.5087264027329155, 0.01691993909917696], [-0.7326090331726854, -0.13654789054451896, 0.1327567775086135, -0.46894118347361047, 0.13254403841439888, -0.3719295753867031, -0.354377193189097, -0.06874774740487824, 0.543290721809732, 0.6927098077008796, 0.22737469249320777, -0.07934533735983386]], "inverted": false, "swapped": false, "error_lsq": 0.04482418720377173, "error_max": 0.2562385823366765, "target": "11.xyz", "model": "15.xyz", "model_rescale": 4.355366556412066, "target_rescale": 3.890672605050136},
{"mapping": [2, 4, 5, 0, 9, 1, 8, 6, 3, 7, 10, 11], "R": [[0.12762188328463897, -0.38993348020829505, 0.9119564331257985], [-0.9610254008662655, -0.27596781773754775, 0.016490678063962927], [0.24524035923296889, -0.8785178681084538, -0.4099555117539726]], "T": [-0.049972002235672754, 0.045582226354008576, -0.030658357319084173], "aligned_model": [[0.20350792109826923, 0.3441929549216095, -0.42148730621988173, -0.39916498818579205, -0.73623749103022, -0.3038026424630939, 0.35208141977540086, 0.7652260264943481, 0.1963848012549711, -0.2774298731573728, 0.17805673485120949, 0.057571091754682356], [0.05476520492890572, -0.5624099184093013, -0.45104375253742446, -0.3439255663399172, 0.2492332628731596, 0.3905410142902621, 0.6077332895062794, 0.005477410030857735, -0.336394536499404, 0.023766853233254143, 0.5555169385381307, -0.02018169408186872], [-0.8283982918316505, -0.29392489448636516, 0.14569043885669059, -0.5105145822244098, 0.16303583321400594, -0.36408106817138286, -0.36137779106746337, 0.06903989071910427, 0.4430705597347636, 0.8343550103412809, 0.2612410824911823, -0.04195811018025137]], "inverted": true, "swapped": false, "error_lsq": 0.04033228213447743, "error_max": 0.2674372270006409, "target": "11.xyz", "model": "16.xyz", "model_rescale": 3.795458400668931, "target_rescale": 3.890672605050136},
{"mapping": [10, 11, 8, 9, 6, 5, 2, 4, 7, 3, 0, 12], "R": [[-0.9890989517653664, 0.019928442345455502, -0.14589763809718576], [-0.14700349775879795, -0.1912153383001452, 0.9704775453586962], [-0.008557760415705593, 0.9813457859411459, 0.19206044140380013]], "T": [0.05647503165322908, 0.04533961082713938, 0.025037206655357504], "aligned_model": [[0.2210040712356811, 0.22093964430837582, -0.3440364143806528, -0.5051214718671193, -0.5930207631915919, -0.41563833782983506, 0.4345723161386292, 0.6916686576217271, 0.35639970343255745, -0.315763211028048, 0.060595601999631404, 0.1472988526547755], [0.06779496220301018, -0.7109189376020386, -0.4864522666208981, -0.2106298634115107, 0.18381169449480794, 0.4376886758858496, 0.5313151733490229, 0.00150453517848987, -0.2012925379897729, 0.004059930148487427, 0.49387402285822407, 0.062323117039262424], [-0.6900359472112861, -0.2123754474618889, 0.14534827427124306, -0.6207451673115405, 0.15292991775105177, -0.45009201947973493, -0.3248456889215365, -0.07547812578772245, 0.5546525897155276, 0.7406604422469183, 0.41209054870559536, -0.11593129912112188]], "inverted": true, "swapped": false, "error_lsq": 0.04290778464940261, "error_max": 0.24443702870029108, "target": "11.xyz", "model": "17.xyz", "model_rescale": 3.7474275329858107, "target_rescale": 3.890672605050136},
{"mapping": [6, 9, 12, 5, 10, 8, 0, 2, 7, 11, 1, 13], "R": [[0.9315327705051326, 0.31038728928029147, -0.18948991563738857], [-0.04886206943103241, -0.4095132192609269, -0.910994742806713], [-0.36035981413852036, 0.8578803260967026, -0.3663088184172835]], "T": [-0.042508821001937695, 0.06584721662958608, -0.019320845304635827], "aligned_model": [[0.4484339748257426, 0.15836982963655677, -0.30445604799890186, -0.558637204265545, -0.7241690545994691, -0.43808958243152096, 0.36791044290329217, 0.6641003944117515, 0.27290042701319506, -0.2705370978587477, 0.2949217147579869, 0.048150852699790254], [-0.13259531287655335, -0.4920302186582591, -0.6176363652991572, -0.2767524454981085, 0.06884276477242737, 0.5237658299099266, 0.662430474426208, 0.11046581935193978, -0.3635955276319276, 0.08604268093693702, 0.5056307001011748, 0.0985101059983264], [-0.5802081291402006, -0.32939293493927047, 0.13388087405893923, -0.39276013109280516, 0.08916750930791842, -0.4074971660879893, -0.4373960001669258, -0.06977201767196503, 0.5131406253239589, 0.6657571867334516, 0.39450223043189403, -0.06324396936150115]], "inverted": false, "swapped": false, "error_lsq": 0.046306926241884726, "error_max": 0.24757711495575066, "target": "11.xyz", "model": "18.xyz", "model_rescale": 3.922800546911778, "target_rescale": 3.890672605050136},
{"mapping": [0, 9, 10, 2, 6, 1, 5, 3, 11, 4, 8, 14], "R": [[-0.18454752849049844, 0.7779117378764724, 0.600662582322268], [-0.9661767052500543, -0.2556052713999453, 0.03418361397965736], [0.180124356932089, -0.5740376932802993, 0.7987715209828369]], "T": [0.10686139169844872, 0.10147820271015, 0.05053209401247883], "aligned_model": [[0.310060195606979, 0.16181953326404477, -0.4453731496098757, -0.160514077513973, -0.5443128415620768, -0.3958939727949569, 0.3919874175860316, 0.5798456612419008, 0.1579188712687533, -0.28066739758179565, 0.00714224924936957, 0.17688615993972964], [0.18836181938454732, -0.678377304632394, -0.4678904452176719, -0.36566147836090884, 0.26695529500999804, 0.3734110821230005, 0.7050625450737289, -0.08374871065765584, -0.42646994121250376, -0.019492576148307503, 0.6455099981704022, 0.03541822200069855], [-0.7554481284003277, -0.1765101405126045, 0.19701417962752799, -0.4221409849967377, 0.20660009769890333, -0.4198640969831378, -0.3194987306505408, -0.33821733031350987, 0.5258293734885533, 0.6497437821774638, 0.3122115776926737, 0.056458478567241066]], "inverted": false, "swapped": false, "error_lsq": 0.05246057498174692, "error_max": 0.3008569050482692, "target": "11.xyz", "model": "19.xyz", "model_rescale": 3.9282355846067225, "target_rescale": 3.890672605050136},
{"mapping": [2, 10, 11, 0, 4, 3, 5, 7, 9, 8, 6, 13], "R": [[0.998820051743522, 0.03766396194455908, 0.030658281192967853], [0.01657066864258966, 0.3290933845792949, -0.9441519777911193], [-0.045649941684582425, 0.9435459555298741, 0.3280809543807917]], "T": [0.07347492322666296, 0.04329170750417559, 0.023891680089992047], "aligned_model": [[0.5401031552642982, 0.24687153599454384, -0.37778297908570135, -0.5535419110287951, -0.5328422777379781, -0.4238221138727615, 0.23752624579993065, 0.6877252128122529, 0.1406658546087725, -0.17703580402759475, 0.13713804991961975, 0.03389368044754342], [-0.02950547095147789, -0.6894659348687302, -0.508837073792812, -0.21517764980989923, 0.10042387475937521, 0.47484148990418296, 0.5790705965862037, 0.13011544947294035, -0.43261791259882704, 0.10491254257745784, 0.6721455907426035, -0.012826996488083775], [-0.6511452627762516, -0.39471816357853867, 0.0937721908930951, -0.40065568957180564, 0.19266138181082557, -0.3405469448445733, -0.39290359078598786, 0.080953015109276, 0.5213052278258828, 0.739481525842152, 0.18922121130777023, -0.12124682383634011]], "inverted": false, "swapped": false, "error_lsq": 0.0435651108811553, "error_max": 0.23913705351402953, "target": "11.xyz", "model": "20.xyz", "model_rescale": 4.067790424073018, "target_rescale": 3.890672605050136},
{"mapping": [10, 11, 3, 12, 0, 7, 1, 13, 6, 2, 8, 14], "R": [[-0.5700256830768531, 0.314624337897971, 0.7590008212347537], [-0.18132127437946038, 0.852831163912807, -0.4896954168833271], [-0.801369650092999, -0.4167619606698654, -0.42908758086017146]], "T": [0.0493338019295313, 0.0647034987554061, 0.046894495291158085], "aligned_model": [[0.3898935755871287, 0.19835844072428027, -0.4136204142056572, -0.3373680457423075, -0.6298786151750723, -0.30763668742894035, 0.3289911960482031, 0.6870799835301415, 0.310164093340994, -0.34583232122800966, 0.012201723504733121, 0.06654572013863665], [-0.04368330327943515, -0.5211882417100191, -0.6344670638789645, -0.3220863425085861, 0.22814042196375195, 0.6530123463814987, 0.6645757283249552, -0.039149356910822386, -0.38400676645489645, -0.08658316218011675, 0.6100205448793126, 0.048493700906255835], [-0.6903694759325921, -0.1823537968848961, 0.19034809322097845, -0.4896399086382164, 0.1750229234563007, -0.2414260324914096, -0.43813143327847104, -0.22258258592542474, 0.5743255900063664, 0.6590039731385048, 0.2094319515392656, -0.027451220814901443]], "inverted": false, "swapped": false, "error_lsq": 0.042708694999367754, "error_max": 0.2580211576925068, "target": "11.xyz", "model": "21.xyz", "model_rescale": 4.186013935880536, "target_rescale": 3.890672605050136},
{"mapping": [2, 0, 7, 1, 10, 9, 8, 5, 6, 4, 11, 12], "R": [[0.9297984566035141, -0.3037531875034253, -0.2078673403380918], [0.36756054546850236, 0.7365905415974187, 0.5677443257700764], [-0.01934103183959382, -0.6042916308461755, 0.7965284360125817]], "T": [0.033840369573518964, 0.028901508809163354, -0.015384513075037395], "aligned_model": [[0.46017014891342845, 0.26888459138805465, -0.5388525214017664, -0.28245085791332236, -0.7155723912608385, -0.3936226299541602, 0.17897917086874945, 0.8017965111924824, 0.1352396543402189, -0.19663671907834404, 0.18849520624865299, 0.052468485750974875], [0.07275766496378487, -0.6054210409171876, -0.39822608957359773, -0.40271636258728766, 0.23857187321697793, 0.3745297439338501, 0.6543269680302914, -0.032837169555412396, -0.38774118387151624, 0.05456793545524451, 0.5723400276726534, 0.03292613876513366], [-0.6203793557640614, -0.26871741205705246, 0.1516741808232388, -0.5141721516933273, 0.28581024920609177, -0.3039451953547371, -0.4342470848336522, -0.08588611772603875, 0.33955196110279207, 0.6729741833313118, 0.2669671053377197, 0.026547715023220175]], "inverted": false, "swapped": false, "error_lsq": 0.040982740200856876, "error_max": 0.2702158231904036, "target": "11.xyz", "model": "22.xyz", "model_rescale": 4.166573947596378, "target_rescale": 3.890672605050136},
{"mapping": [13, 1, 2, 6, 11, 12, 14, 7, 4, 3, 9, 15], "R": [[0.8787166677820553, 0.0424975938836913, -0.475448180431998], [-0.4767591927476051, 0.1274119610876789, -0.8697510358156773], [0.023615458764394956, 0.9909390226880201, 0.1322201324362464]], "T": [0.08673797014150758, 0.041429987145479366, 0.014021500967323262], "aligned_model": [[0.5099592859411315, 0.08671975801384163, -0.37480556058457576, -0.32171794027240486, -0.5916077874829209, -0.3926562480095402, 0.12093091312054549, 0.769941898225998, 0.17528595168395963, -0.20346791476978404, 0.083746111370056, 0.09657018185782411], [0.2302003540307776, -0.6521215678519702, -0.4329119654985843, -0.36341936230961486, 0.37884419385387685, 0.30870365610345907, 0.6951904407785302, -0.08769040128715509, -0.4481110458532866, 0.009906194443284291, 0.5539016111455595, -0.0194136020219425], [-0.6945422613960713, -0.15055462456757712, 0.13562133812103555, -0.4843442336699937, 0.23332041489688762, -0.34392727290165187, -0.4302823085326467, -0.15316093109760265, 0.5547269155322713, 0.5395816277583378, 0.32677227979593976, -0.017032866543424608]], "inverted": true, "swapped": false, "error_lsq": 0.04395842140505019, "error_max": 0.2277277178916711, "target": "11.xyz", "model": "23.xyz", "model_rescale": 4.274766983524099, "target_rescale": 3.890672605050136},
{"mapping": [1, 2, 8, 7, 10, 6, 0, 5, 3, 4, 11], "R": [[-0.6816618549025177, -0.5915640732250285, -0.43056830217779807], [-0.5322465150582725, -0.002874281909582832, 0.8465845413848686], [-0.5020465743127651, 0.8062528671408972, -0.3128986280696991]], "T": [-0.08541075843270454, 0.1889504588983439, 0.0029649045418675135], "aligned_model": [[0.27662714191554283, 0.467416838926786, -0.31056007638018246, -0.5188779581203887, -0.631225703606902, -0.45121714887804787, -0.10596835863304957, 0.0701099323767807, 0.5543725488113488, 0.116666667237878, -0.08744917969169094], [-0.13840879467128808, 0.4986720910874582, 0.530504500316713, -0.21740569143167338, 0.38644493217539533, -0.35015269347882977, -0.6872083095717687, 0.08989533593565308, -0.07811967781395351, 0.7410719954337059, 0.14029284326207195], [-0.5309125354713413, -0.2593541460306996, -0.58717239175223, -0.2737777469705637, 0.24048494725765257, 0.5309883987734881, 0.047208174786798285, 0.6530512831046583, 0.15522761587035538, 0.4393470553333523, -0.03552422087989316]], "inverted": false, "swapped": true, "error_lsq": 0.05793102040713103, "error_max": 0.29996404707011426, "target": "11.xyz", "model": "24.xyz", "model_rescale": 3.7841303162186577, "target_rescale": 3.890672605050136},
{"mapping": [4, 6, 11, 3, 14, 12, 2, 1, 7, 10, 9, 15], "R": [[-0.01928190979495792, -0.5775972205253829, -0.8160941482427206], [-0.9986975636045237, 0.04969142014522743, -0.011573211064327626], [0.047237531741699756, 0.8148080839101335, -0.5778030823642681]], "T": [0.06487756094311821, 0.037922969312281195, 0.034686490692293216], "aligned_model": [[0.40633283698044104, 0.18612322725545438, -0.3831649372782233, -0.2502089364178414, -0.5815534495145, -0.45440725924256714, 0.25165994792751645, 0.7999910883669217, 0.19177062256388444, -0.16020108187970827, -0.11229555261574818, 0.06485214294850045], [-0.048076940809407186, -0.5907752457989112, -0.5744670739827631, -0.3057533996698864, 0.41800785872134816, 0.46063368014784484, 0.6414002035870028, 0.005893222253801955, -0.44882708276589295, 0.05490766318572676, 0.5794471125671764, -0.019311491903106187], [-0.6231255286443045, -0.3000738638294268, 0.1515792784225849, -0.6222830217032109, 0.29345547622224755, -0.3214466822890351, -0.3772851048719705, -0.0731030770084202, 0.44672786945741505, 0.7792039384369776, 0.1669816101413211, -0.004452816938673471]], "inverted": false, "swapped": false, "error_lsq": 0.04434936258637818, "error_max": 0.312721871069096, "target": "11.xyz", "model": "25.xyz", "model_rescale": 4.19342608120988, "target_rescale": 3.890672605050136},
{"mapping": [2, 4, 5, 0, 9, 1, 8, 6, 3, 7, 10, 11], "R": [[0.12762188328463897, -0.38993348020829505, 0.9119564331257985], [-0.9610254008662655, -0.27596781773754775, 0.016490678063962927], [0.24524035923296889, -0.8785178681084538, -0.4099555117539726]], "T": [-0.049972002235672754, 0.045582226354008576, -0.030658357319084173], "aligned_model": [[0.20350792109826923, 0.3441929549216095, -0.42148730621988173, -0.39916498818579205, -0.73623749103022, -0.3038026424630939, 0.35208141977540086, 0.7652260264943481, 0.1963848012549711, -0.2774298731573728, 0.17805673485120949, 0.057571091754682356], [0.05476520492890572, -0.5624099184093013, -0.45104375253742446, -0.3439255663399172, 0.2492332628731596, 0.3905410142902621, 0.6077332895062794, 0.005477410030857735, -0.336394536499404, 0.023766853233254143, 0.5555169385381307, -0.02018169408186872], [-0.8283982918316505, -0.29392489448636516, 0.14569043885669059, -0.5105145822244098, 0.16303583321400594, -0.36408106817138286, -0.36137779106746337, 0.06903989071910427, 0.4430705597347636, 0.8343550103412809, 0.2612410824911823, -0.04195811018025137]], "inverted": true, "swapped": false, "error_lsq": 0.04033228213447743, "error_max": 0.2674372270006409, "target": "11.xyz", "model": "26.xyz", "model_rescale": 3.795458400668931, "target_rescale": 3.890672605050136},
{"mapping": [0, 7, 5, 6, 8, 1, 2, 3, 10, 11, 9, 12], "R": [[0.019769035302208193, -0.09587131929478693, 0.9951974052316943], [-0.9843774690127827, -0.17605189000787044, 0.0025943254701469853], [0.17495766271646523, -0.9797011902418684, -0.09785394266690473]], "T": [-0.015859552361417485, 0.12826599932254804, 0.07394136069928248], "aligned_model": [[0.3736768924945911, 0.31165692232882564, -0.35205090923135973, -0.5589710726086387, -0.7347523210400837, -0.3450953810830268, 0.3884177838474969, 0.6982717332869071, 0.1716359225969734, -0.20355679441276986, 0.18912791610923738, 0.020537956805977843], [0.05770226280771834, -0.5846004918859569, -0.5436440611415342, -0.2044032939157058, 0.05001825076183024, 0.4257329141823719, 0.729339585209048, 0.006287411451807556, -0.4277696563763447, 0.18387747132943685, 0.500013756733196, -0.019475643622933747], [-0.6571915337261574, -0.13762995859510113, 0.025230888587682507, -0.45098527949625844, 0.16238448984379356, -0.3178115897695079, -0.42616392189286434, -0.06823560581494659, 0.47811486919639046, 0.7618742798424771, 0.13842417038957547, 0.008167268830421001]], "inverted": true, "swapped": false, "error_lsq": 0.04258383631401123, "error_max": 0.21853401856173782, "target": "11.xyz", "model": "27.xyz", "model_rescale": 3.6321398670334006, "target_rescale": 3.890672605050136},
{"mapping": [7, 3, 1, 4, 13, 6, 12, 8, 0, 11, 9, 14], "R": [[-0.17194837787306544, 0.8656110353218094, 0.47026725473492903], [0.6787645918910092, 0.45007800122761293, -0.5802658197808902], [-0.7139414430762884, 0.21942499479335076, -0.6649363033540014]], "T": [0.07138052199250947, -0.027029105865506116, 0.06443384980683478], "aligned_model": [[0.3773656429805572, 0.3319620035220846, -0.40074430831799646, -0.39483891661890436, -0.6511604717117302, -0.4045446190943949, 0.335991050029412, 0.5607658650178705, 0.346548342420839, -0.13933200680658267, -0.01174970607198167, 0.008635773744957415], [-0.12325089185640481, -0.620085645878916, -0.47989061128759836, -0.17731359036613017, 0.2729815339747074, 0.4644648689668017, 0.5554003830180047, 0.07518103743984661, -0.39623794645464244, 0.049623998056213196, 0.5900104055928101, -0.03780503567175831], [-0.641258616950823, -0.16347251647859212, -0.07442506296946824, -0.6037886140016417, 0.29768363075765425, -0.3041260095453676, -0.4592711146444042, -0.06627456014452185, 0.4855979471031199, 0.6663062351884627, 0.30717603341210986, 0.07203072566897678]], "inverted": false, "swapped": false, "error_lsq": 0.040595384756273105, "error_max": 0.21860051413998915, "target": "11.xyz", "model": "28.xyz", "model_rescale": 4.156811204709835, "target_rescale": 3.890672605050136},
{"mapping": [6, 7, 10, 9, 1, 0, 5, 3, 2, 11], "R": [[-0.043166299257605845, -0.2994534865159994, 0.953133925543423], [-0.9734820371847182, 0.22713203561636353, 0.02727199434324687], [-0.22465394251402293, -0.9266815244787064, -0.3013170395160667]], "T": [-0.0019109557912071196, 0.022175510965111393, -0.02907072918457121], "aligned_model": [[-0.6487248316398719, -0.10778821060912364, 0.1503687210769985, 0.6977565456364988, -0.07110534126219334, -0.7485027428712595, -0.45264189578433134, -0.4330494098565014, 0.27859277134919613, -0.021980231928824076], [-0.10829206868765931, -0.6053686028362381, 0.0040395067263528615, 0.32148051122420385, -0.32157162928312194, -0.4327380004449205, 0.4803274311189201, 0.30988086825665545, 0.3016752078560205, -0.030712893304009097], [-0.5466278326266973, -0.18586365449609876, -0.6371955333205045, -0.26701014463108175, 0.6036303722304222, 0.04635254345880299, -0.2377555155016156, 0.4558811573203685, 0.5308888270689865, -0.0035134925274824154]], "inverted": false, "swapped": true, "error_lsq": 0.05172200174181983, "error_max": 0.2599321529745277, "target": "11.xyz", "model": "29.xyz", "model_rescale": 4.117894457231895, "target_rescale": 3.890672605050136},
