[{"mapping": [2, 8, 4, 7, 6, 0, 9, 12, 5, 11, 5, 3, 1, 13], "R": [[0.22035723541273716, 0.8924651884811636, 0.3936350799287799], [-0.9329095364614144, 0.3106674283539271, -0.1821141008799334], [-0.284820093358254, -0.3270957601517315, 0.9010471009387672]], "T": [0.13984705804819408, 0.12039888716067354, -0.0024680298640383583], "aligned_model": [[0.5080372734433839, -0.4702527508992017, -0.17446349580455456, -0.46265226898904377, 0.17711279464560306, 0.614914547092025, -0.12403649627205104, 0.08057342534923265, 0.1460378151310986, -0.46281094206347007, 0.1460378151310986, 0.5476799928275836, 0.5554690634068578, -0.01016363059294878], [-0.1473291750019327, -0.367777790185738, -0.5281996406950493, 0.012057586380279803, -0.6423863334722437, 0.531849769669041, 0.5016043628402042, 0.6954948632605615, -0.171841696638305, 0.12735093497668493, -0.171841696638305, -0.2057303593136981, 0.43052782240174076, 0.11704611953622847], [-0.6221581906924988, 0.003926220683840208, -0.6301088921501452, -0.44592175455282346, -0.03874827583202133, -0.4501637822643735, -0.5697343049372915, 0.027045741734850602, 0.6953559996370747, 0.3494081483234799, 0.6953559996370747, -0.02510246604038547, 0.2507561901680445, -0.06591418418457845]], "inverted": true, "swapped": false, "error_lsq": 0.05416829500785309, "error_max": 0.3935475339298356, "target": "110.xyz", "model": "0.xyz", "model_rescale": 3.8414455957264533, "target_rescale": 3.885459448902853},
{"mapping": [4, 6, 2, 9, 5, 0, 7, 13, 10, 8, 12, 3, 11, 14], "R": [[-0.7907629452428003, -0.02900943556596905, -0.61143472021065], [-0.41252688988594144, 0.7632221262999972, 0.49730629500051954], [0.4522339323314478, 0.645484654019176, -0.615494948698834]], "T": [0.0937519027268618, 0.020029334020528432, -0.09354961193916249], "aligned_model": [[0.4068567997910914, -0.46434615240945415, -0.10556726869971365, -0.4863825680502379, 0.13598489687753984, 0.504449172529281, -0.031543363946036476, -0.08699941160557186, 0.06813900634602067, -0.4496189392831666, 0.13811215692780698, 0.7194394793332266, 0.5567337441681735, 0.16622559042665402], [-0.13620444013895439, -0.5249632144569435, -0.46956932417777053, 0.2887496822290188, -0.6358870382919041, 0.49855125677826884, 0.2704282171909411, 0.7413903300029673, -0.38104770992010695, 0.22501425773754696, 0.22031714651324413, -0.4507759302533189, 0.5356124998361586, -0.0007909659296785505], [-0.5099311270121454, -0.0543468474864499, -0.6084959677964297, -0.3317576098492315, -0.04545728697913508, -0.4511274237846977, -0.6719582024627636, 0.054146957017775096, 0.46040208701410895, 0.4422037889857518, 0.6414378055593845, -0.10885783366943301, 0.4025221729399198, -0.04478406294640675]], "inverted": false, "swapped": false, "error_lsq": 0.04672648032268302, "error_max": 0.3221682042594155, "target": "110.xyz", "model": "1.xyz", "model_rescale": 4.316132596720782, "target_rescale": 3.885459448902853},
{"mapping": [2, 3, 1, 11, 4, 0, 10, 5, 9, 6, 7, 13], "R": [[-0.7437508345756625, 0.6661521160964472, 0.05546218791420933], [0.6159761034507192, 0.650769528332465, 0.4439284412736023], [0.25963076868059104, 0.3643355310893609, -0.8943441645922218]], "T": [0.000634383464605856, 0.02904764253833218, -0.1733935806023843], "aligned_model": [[-0.2931442684139929, 0.4852631153462925, 0.25411458832225914, -0.603130186946954, -0.5615456914297364, -0.5024942566670727, -0.1555631365765897, -0.0757948782436316, 0.457341875679908, 0.07666771875317678, 0.5155245247690777, 0.0005691500390440085], [-0.6674753582677715, -0.3399911283098153, -0.5915398430005948, 0.3396087268782274, -0.36348394488607083, -0.030468359185803057, 0.502681804286012, 0.6021336770117527, 0.21151321973776166, -0.029410148550877858, 0.4026741378535492, -0.023466355825389282], [0.20727061975614258, 0.053688005846307146, -0.5011708793432907, -0.1135176365259001, -0.2830101629226736, 0.39882427843740786, -0.7021527613487157, 0.5233745474180493, -0.5942504761015457, 0.5564766769779029, 0.056455983318553116, -0.15272973430281564]], "inverted": false, "swapped": true, "error_lsq": 0.04525940325404503, "error_max": 0.23601361260425802, "target": "110.xyz", "model": "2.xyz", "model_rescale": 3.795458400668931, "target_rescale": 3.885459448902853},
{"mapping": [1, 3, 2, 5, 8, 11, 6, 9, 7, 12, 4, 13], "R": [[0.12176074035562279, 0.6089569051815373, 0.7838021496141583], [0.720496184301078, -0.5973694769878789, 0.3521859684468075], [0.6826855575707151, 0.5218440337830382, -0.5114872763709861]], "T": [0.09029578937662558, 0.032335851923828415, -0.014891561781676922], "aligned_model": [[-0.18054262369520724, -0.13988558642780818, -0.7560184415624756, 0.2205763976475446, 0.17495433008890193, 0.10143438434104438, -0.2569574452871632, 0.5918793982660968, 0.4781508741627216, 0.7055187959070144, -0.38380955186951143, 0.03800329417240701], [-0.21734433240639672, -0.5672338850166903, 0.022142210981527313, -0.01740608938463857, 0.5566056092963187, 0.6293064343633157, -0.30174839568273226, -0.20121733150722387, -0.4388552732673726, 0.10614753554472107, 0.501219239611475, 0.014153322757405894], [-0.663833283810433, -0.11565531437294013, -0.016823550508439956, 0.8797075448366232, -0.46184762596213447, 0.3138439362615908, 0.5416260757026554, -0.3508420649813875, 0.2768048461415889, 0.5202004879855842, -0.2085814505372628, -0.025828170116344633]], "inverted": false, "swapped": true, "error_lsq": 0.04025955503168439, "error_max": 0.28364998174461753, "target": "110.xyz", "model": "3.xyz", "model_rescale": 3.7530521520055578, "target_rescale": 3.885459448902853},
{"mapping": [9, 3, 1, 2, 8, 6, 10, 7, 12, 11, 13], "R": [[0.2191584949002273, -0.9569680314716487, -0.1902149858826725], [0.40553061165361953, 0.2666593663881315, -0.8743212826697757], [0.8874201243632627, 0.11447693679845944, 0.446520496524329]], "T": [-0.014999507598308148, -0.03593498853393629, 0.007271911270341019], "aligned_model": [[-0.438621420947356, -0.22450454980852094, 0.17439679453714868, 0.5755197331982707, 0.38551811018308246, -0.13199608983115435, -0.09501851080922219, -0.6743456121778085, -0.5350229198966965, 0.28968511724708007, 0.012588950750381842], [-0.5225669562316798, 0.09102881728604897, -0.4241534987439382, 0.36493936922480696, -0.5536053216433456, 0.6673680919009181, -0.5128291918079251, 0.11467240477117777, 0.12171305094040283, 0.13806735603296924, -0.017430763415088937], [-0.04497509192235519, -0.5948979139107452, -0.6011970099572206, -0.44763708614198816, 0.23835335661751794, -0.17599169971429093, 0.5499339918267198, -0.003662671775818624, 0.6196392523645637, 0.5916137938508406, -0.03834814399190704]], "inverted": false, "swapped": true, "error_lsq": 0.04906330111598032, "error_max": 0.2526972335213698, "target": "110.xyz", "model": "4.xyz", "model_rescale": 3.7855080009869324, "target_rescale": 3.885459448902853},
{"mapping": [9, 1, 2, 12, 3, 15, 14, 13, 5, 6, 7, 10, 8, 16], "R": [[-0.5838228327882515, -0.7063537178167727, 0.4002690660562271], [-0.25412024803802946, -0.3092560936417816, -0.9163970580935514], [0.7710861167549261, -0.6367300007631559, 0.0010519866727911054]], "T": [-0.015417222258556532, 0.01727138048940225, -0.001222215452347776], "aligned_model": [[0.45648619239400984, -0.7087863376404597, -0.14182808459656993, -0.5168336435319814, 0.25373458298943546, 0.5752370995857338, 0.011022093894939397, -0.15433730409842045, 0.24289911078816934, -0.24939279249643936, 0.2195968795846543, 0.6882171387612855, 0.4011396348735292, -0.005671428102272669], [-0.22246787604909216, -0.28622010371888046, -0.4507619484210859, 0.2605811707095044, -0.5847415042264528, 0.4718543112385614, 0.13895175176948116, 0.7238094322084184, -0.6367476519789534, 0.34726091531319636, -0.05738633798694894, -0.07909281525336676, 0.5424793500514998, 0.013306073463587819], [-0.4774010425358924, -0.01658866712280306, -0.5586724683813585, -0.3916670661938502, -0.21929192395649064, -0.3530743688407026, -0.6661975896876249, -0.08105222992122185, 0.3995707758408535, 0.5110661872131781, 0.7062833102381892, 0.16180202153507775, 0.21312994210226607, -0.053910430759373754]], "inverted": true, "swapped": false, "error_lsq": 0.035306679059538396, "error_max": 0.2283220461195889, "target": "110.xyz", "model": "5.xyz", "model_rescale": 4.2253639853439635, "target_rescale": 3.885459448902853},
{"mapping": [8, 4, 10, 2, 1, 11, 5, 6, 0, 3, 0, 9, 12, 13], "R": [[0.43057781046814025, 0.8986184367751411, 0.08418820713297165], [0.25072235315566277, -0.20869618867489168, 0.9452958280139935], [0.8670300172200209, -0.3859155424705979, -0.3151636770300073]], "T": [0.08771129699533495, 0.017133313608150944, -0.09430211166976765], "aligned_model": [[0.5682833531736317, -0.48160611815924803, -0.17876310112727187, -0.5096171442933561, 0.06980908797686611, 0.4776261688550961, -0.014550247301019198, -0.1385972667646281, 0.19809037041789723, -0.43070071518127084, 0.19809037041789723, 0.6087311999409194, 0.664872102104635, 0.03981508234546446], [-0.23524463187860772, -0.36790961241414066, -0.3507367340673052, 0.1337877827620375, -0.7163493941240118, 0.6339063635290647, 0.2657227249847347, 0.61788484535864, -0.239585414979904, 0.26782575629104477, -0.239585414979904, -0.2527651285959076, 0.6252371624261144, 0.03863646280761365], [-0.595521372124848, 0.0746089244658922, -0.7284751933734863, -0.3767239240201601, -0.0745939831837725, -0.36469291478079935, -0.667440094672337, -0.05430212177660457, 0.6573458138040601, 0.31971691870326807, 0.6573458138040601, 0.07389277266319677, 0.3161109468059536, -0.06327513678417576]], "inverted": false, "swapped": false, "error_lsq": 0.04484567252134781, "error_max": 0.3317035520319997, "target": "110.xyz", "model": "6.xyz", "model_rescale": 3.89814844738969, "target_rescale": 3.885459448902853},
{"mapping": [11, 10, 8, 5, 4, 9, 7, 0, 6, 3, 1, 2, 13], "R": [[0.33087740319507597, -0.9341381844297753, 0.13381328949370797], [-0.8574279439644076, -0.2383760096546415, 0.45606381015171504], [-0.3941287416109772, -0.26563646287995557, -0.8798294179127987]], "T": [-0.10011103598458201, 0.14160494792368408, -0.0936081513347347], "aligned_model": [[0.29024997469437563, 0.0689220804669605, 0.4537782597931085, -0.49251516282661145, 0.5602074149125994, -0.39876014653927616, -0.7581791505366, 0.13949892761639882, -0.41847270153668026, -0.4750989619099725, 0.01819227062683572, 0.25049321375592004, -0.089684217612836], [-0.35509711039209224, 0.21441482206653117, 0.4072111949919539, -0.6723054497730389, 0.125517653339216, 0.5860469466582934, 0.05668997019600634, -0.49393769021047873, -0.31551648801058996, 0.4005081211414955, 0.8029339756643352, 0.05531634610597494, 0.15199897369287912], [-0.34947983573191715, -0.7967722740222909, -0.41680397411069603, -0.15125990705252146, 0.12055071775877325, -0.45730578031130514, -0.22504346172040096, 0.25680086915798644, 0.3876348403344742, 0.37004459735369893, 0.23114905604410285, 0.6718893063007481, -0.03912912316435633]], "inverted": false, "swapped": true, "error_lsq": 0.04966506643672002, "error_max": 0.2760932870621786, "target": "110.xyz", "model": "7.xyz", "model_rescale": 3.7474275329858107, "target_rescale": 3.885459448902853},
{"mapping": [7, 4, 9, 8, 11, 6, 5, 3, 12, 2, 1, 10, 0, 14], "R": [[0.8657631197702786, -0.5001917394369555, 0.016200131007714752], [0.35520785778702946, 0.63697479219585, 0.68417139071537], [-0.3525359530771065, -0.5865759438521895, 0.7291413195546728]], "T": [0.06990788254390903, -0.07737331114184015, 0.02665174616898979], "aligned_model": [[0.4327386321197656, -0.691381841477615, -0.10235175756504752, -0.5120753694469616, 0.250035448334823, 0.5779316077086077, 0.026973354702420634, -0.015767835721006415, 0.2764811000749417, -0.5406147819411266, 0.0607462157416904, 0.8134029213410464, 0.4691789677454249, 0.02618648078864999], [-0.14603174671275274, -0.22568676912570543, -0.3782181996569178, 0.10470414394352812, -0.6124256891737081, 0.4525142338212646, 0.25663915092372774, 0.6171926555337426, -0.5358308434294613, 0.3432461983612843, 0.21126679949478117, -0.20911285007467495, 0.38773248008546607, -0.08516479687110551], [-0.5456396990852567, 0.12993252911347505, -0.6516987602303803, -0.27888648484030776, -0.23364225759319823, -0.3312158030171595, -0.6054983669574842, -0.12946464060836482, 0.3841245642782512, 0.42531300616961965, 0.7204851342694305, -0.04492465255341977, 0.2684625009252388, 0.06664937965980375]], "inverted": true, "swapped": false, "error_lsq": 0.04656143068024353, "error_max": 0.2933680080209553, "target": "110.xyz", "model": "8.xyz", "model_rescale": 4.019505241142653, "target_rescale": 3.885459448902853},
{"mapping": [9, 3, 8, 10, 12, 11, 4, 7, 5, 6, 2, 0, 13], "R": [[0.9505773815592957, -0.19212009770930993, 0.24391086430095418], [-0.04373815207188807, -0.8605971599373223, -0.5074046731763036], [0.30739163248405066, 0.4716591951441, -0.826467172920262]], "T": [-0.07771291823869284, -0.06428020828083464, -0.1012002432039843], "aligned_model": [[-0.33169255036157574, -0.6951003319450996, 0.213157642435677, 0.3418488900977288, 0.3313418748198007, 0.592414825653184, 0.16535248772701472, -0.2976552514936991, 0.2822304101318803, -0.20359104470531095, -0.24829776309481902, 0.2780743304911617, -0.10838274801476665], [-0.5265529188232454, -0.010967111075235958, 0.11462218380813324, -0.4282787594959671, -0.7296347446676403, 0.03466788014002409, 0.5602465415466835, -0.6310510416383068, -0.39647676304609397, 0.03402118925623995, 0.7176614952160956, 0.3440458085947281, -0.018925531701356413], [-0.47642582115943366, 0.09529699372742495, -0.7055046543714438, -0.5700138515428793, 0.14425551923141305, -0.02568166976725779, -0.28293858815714285, 0.19533918106593695, 0.6602727428844533, 0.6174098783737463, 0.17416025400626012, 0.4380577273164717, -0.08752421756367]], "inverted": false, "swapped": true, "error_lsq": 0.05122888875549807, "error_max": 0.25888824806467414, "target": "110.xyz", "model": "9.xyz", "model_rescale": 3.877068213659057, "target_rescale": 3.885459448902853},
{"mapping": [11, 13, 10, 6, 9, 0, 12, 5, 2, 4, 7, 8, 1, 15], "R": [[-0.4099966806709503, 0.44325307120444046, -0.7971382795391487], [0.5014070243720145, -0.6205279758575055, -0.6029394887454205], [-0.7619013832178051, -0.6468939217878138, 0.03216420688866567]], "T": [-0.04617847243669984, -0.03154464778032746, -0.06670375526182024], "aligned_model": [[0.4486816137686951, -0.7197738319556428, -0.05252717854109534, -0.5021844449664697, 0.2278665941569112, 0.5376458531506213, -0.02716623793290665, 0.01433896333310572, -0.0856689787189493, -0.23830641081589843, 0.33735662735815153, 0.6852330685081731, 0.42891444923688626, 0.017073055824031416], [-0.10798701880961062, -0.3695931767025641, -0.46426339046502346, 0.00032933512117307856, -0.6314509176960814, 0.41832036537407735, 0.41374007384368733, 0.7476746090044546, -0.4660055962069122, 0.22301502074615087, 0.03182509759812493, -0.22036457887257427, 0.5855711037790824, 0.020013840405484325], [-0.608852568094528, 0.10543275943430341, -0.6287757818919077, -0.48064478651629894, -0.041070326089685874, -0.36759686323521157, -0.666333030181688, -0.054438680205024736, 0.4333357853300702, 0.5302693682528143, 0.651050849051403, 0.09048125421129541, 0.3158684276740995, -0.10472995820939371]], "inverted": false, "swapped": false, "error_lsq": 0.03489967857387743, "error_max": 0.21847449493486187, "target": "110.xyz", "model": "10.xyz", "model_rescale": 4.260839863003843, "target_rescale": 3.885459448902853},
{"mapping": [1, 9, 10, 8, 11, 4, 2, 3, 7, 5, 6, 13], "R": [[0.8447794002498259, -0.3701010254952709, 0.3864880280692968], [-0.2199470470545004, 0.4182690234874013, 0.8812912801582127], [-0.48782277663671064, -0.8295036195932148, 0.27194242713524]], "T": [-0.004745600820819745, -0.03276069506724543, -0.0370447535023555], "aligned_model": [[0.40591297150423955, 0.19279450332428466, -0.4897892596442247, -0.4433029831482517, -0.6444589253668092, -0.3360798248247789, 0.15814745369440855, 0.6346169302418858, 0.3261590584689417, -0.1465122951322443, 0.277127293866625, 0.02428372611005375], [-0.05672197971511986, -0.6449877715636994, -0.5724788653955304, -0.23021000695165245, 0.1412734868763884, 0.3746056290678559, 0.742997619000718, 0.08141583650493206, -0.32361379841012966, 0.1850008816354229, 0.4664838140172549, 0.00931366046649356], [-0.6596235781069664, -0.10882121800465541, -0.07888016096626249, -0.5375212883779797, 0.12120801324503874, -0.49137237627920227, -0.333726925752851, -0.0653280094969598, 0.4762251719607059, 0.8302711977373385, 0.4247036257086013, -0.060956374271302516]], "inverted": true, "swapped": true, "error_lsq": 0.04255204964031325, "error_max": 0.20429221089065766, "target": "110.xyz", "model": "11.xyz", "model_rescale": 3.890672605050136, "target_rescale": 3.885459448902853},
{"mapping": [6, 12, 9, 10, 5, 1, 11, 2, 7, 4, 3, 8, 0, 13], "R": [[-0.14758601996585605, -0.6633797934103626, -0.7335840895258449], [0.5917113140269511, 0.5351075026066427, -0.6029408607040833], [0.7925251337106837, -0.5230556474687055, 0.3135549426941896]], "T": [0.15706342586822838, 0.022720839567505827, -0.1603678430860368], "aligned_model": [[0.5913149183079902, -0.46703360592775967, -0.03892085851652058, -0.7168079374196723, 0.054844747185765125, 0.5871497153014048, -0.08494625417205884, -0.26159709198888115, -0.07279154465363721, -0.17876073701365938, 0.3866431812141934, 0.7079255087374765, 0.5040606767718563, 0.06040242457911596], [-0.007259500789725745, -0.34501376454756577, -0.4773304547426166, 0.19525185745837803, -0.747131957802879, 0.6624415550565148, 0.271065889977304, 0.5959174976063186, -0.4959242588608632, 0.40905207839656293, 0.0909304855958448, -0.3140331586483122, 0.36176929278513187, -0.018910794364624117], [-0.5379723510668888, 0.014006187620492633, -0.7237143433453095, -0.23861356331051553, -0.1173539622513109, -0.265636452871056, -0.5875893483956417, -0.20199830870247326, 0.4761367717275723, 0.3182001764834146, 0.7316544302491143, 0.1595364491339133, 0.1762827086486598, -0.02894194438972436]], "inverted": false, "swapped": false, "error_lsq": 0.050427200059592135, "error_max": 0.26720556971115844, "target": "110.xyz", "model": "12.xyz", "model_rescale": 4.124412569039231, "target_rescale": 3.885459448902853},
{"mapping": [7, 9, 1, 12, 3, 6, 10, 0, 8, 11, 2, 4, 13], "R": [[-0.5602536136415605, -0.5562033332251106, -0.6138026885822918], [-0.27151854767891637, -0.57676206441292, 0.7704694668320601], [-0.7825557914090888, 0.598317117558426, 0.17211350954725047]], "T": [0.08760188793182262, 0.12301490402938615, 0.04940319975699135], "aligned_model": [[-0.2259726467180163, -0.17011974900630628, 0.6327384405116568, -0.6719334584838539, 0.500580232210826, 0.29237872541371085, -0.4844397462224726, 0.254725894469175, 0.02201398944139983, -0.21190533070907575, 0.8427709592990991, 0.44326967098596287, 0.14319132631765172], [-0.2466478380545441, 0.4307954262187745, 0.5299505833363612, -0.18196402206895723, -0.09079606654069915, -0.5836216518014304, 0.5625554543756, -0.34972014090378445, 0.7554489883389853, 0.08691663982670239, -0.06542893701409096, 0.38647861470606626, 0.1135183260894938], [0.5211657523010044, 0.5571892322670065, 0.3560764639657181, 0.06850624423921782, 0.5036657065511015, 0.024101043545984413, -0.03939842782048868, -0.5274026643922898, -0.22902260165824373, -0.56179015227919, -0.2831084734354081, -0.4856020152713656, 0.047317972954792356]], "inverted": false, "swapped": true, "error_lsq": 0.03819888797094822, "error_max": 0.2894401633436706, "target": "110.xyz", "model": "13.xyz", "model_rescale": 3.9028299243045295, "target_rescale": 3.885459448902853},
{"mapping": [4, 9, 7, 6, 10, 0, 3, 2, 14, 1, 12, 5, 8, 15], "R": [[0.7807166094613163, -0.6120432757778989, 0.1260341393682104], [0.022645322193338147, -0.17384808802393767, -0.9845120779722213], [0.6244747913999303, 0.7714790151815408, -0.12186617266712442]], "T": [0.09412760625598157, 0.04860169273516848, 0.0065267729879435535], "aligned_model": [[0.49956599183242356, -0.5142987745867875, -0.2179244435157475, -0.5203858858769735, 0.28595578607187594, 0.5360898220707405, -0.027785565194970524, 0.0275329731830741, -0.0830111724485452, -0.4176234886364736, 0.24525459672096284, 0.5881778135781308, 0.6535087184853011, 0.016426770722602707], [-0.1228718695666238, -0.4273667098103999, -0.5540522136498534, 0.16077588151671135, -0.6504713281741282, 0.551718467139167, 0.2541622757477459, 0.7812263817917131, -0.701340696543138, 0.32064419271364764, 0.10571286604948396, -0.03965943010868304, 0.528636623948336, -0.02628967393451017], [-0.508817584520131, -0.05763610830998172, -0.5935230109377786, -0.22627868572597962, -0.16624898605899321, -0.4821032714732555, -0.5692956567388352, 0.03776760182570659, 0.4415657581669345, 0.30029956074174224, 0.6833866075154075, 0.10765145095745107, 0.23710516671528897, -0.029876392627328482]], "inverted": false, "swapped": false, "error_lsq": 0.042256791157706176, "error_max": 0.26759595289154275, "target": "110.xyz", "model": "14.xyz", "model_rescale": 3.942246331269136, "target_rescale": 3.885459448902853},
{"mapping": [0, 3, 1, 5, 12, 7, 2, 9, 13, 10, 11, 8, 6, 14], "R": [[0.7877787865647868, -0.4866737698880008, -0.37756221360394804], [-0.39050937956934806, -0.8686472047607325, 0.3048843356581785], [-0.4763475704849085, -0.09273982620410365, -0.8743525128509426]], "T": [0.0061156517057797954, 0.011002970760786818, 0.043496852700282966], "aligned_model": [[0.44215542383588124, -0.5794866960927103, -0.24825586420633652, -0.3893510887211965, 0.02770826893780711, 0.5380789590286172, 0.07505882136690759, -0.10454892910562935, 0.13722861181518428, -0.3372049542213732, 0.33345110669958655, 0.7781522948156887, 0.36116135319459586, 0.03733583505859053], [-0.07250329020101734, -0.38696328919516154, -0.475428361526819, 0.11259390214603895, -0.7936952706829229, 0.5613568688422791, 0.28465106504657245, 0.8006494173695297, -0.6393701561529961, 0.4275587598584162, 0.023291931697307526, -0.037081166579673065, 0.39945271200129573, -0.023688355503380602], [-0.5426887018548986, -0.07995628290273551, -0.5525913342671283, -0.44236825004476266, -0.09817444736158737, -0.3374298261470956, -0.6657361685912535, -0.06774228629486745, 0.5133415440452574, 0.5099866726944877, 0.6813146213455662, 0.0655935429410881, 0.23280807192121833, -0.042360705953041665]], "inverted": true, "swapped": false, "error_lsq": 0.039562227937836654, "error_max": 0.2484504309616665, "target": "110.xyz", "model": "15.xyz", "model_rescale": 4.355366556412066, "target_rescale": 3.885459448902853},
{"mapping": [2, 3, 1, 11, 4, 0, 10, 5, 9, 6, 7, 13], "R": [[-0.7437508345756625, 0.6661521160964472, 0.05546218791420933], [0.6159761034507192, 0.650769528332465, 0.4439284412736023], [0.25963076868059104, 0.3643355310893609, -0.8943441645922218]], "T": [0.000634383464605856, 0.02904764253833218, -0.1733935806023843], "aligned_model": [[-0.2931442684139929, 0.4852631153462925, 0.25411458832225914, -0.603130186946954, -0.5615456914297364, -0.5024942566670727, -0.1555631365765897, -0.0757948782436316, 0.457341875679908, 0.07666771875317678, 0.5155245247690777, 0.0005691500390440085], [-0.6674753582677715, -0.3399911283098153, -0.5915398430005948, 0.3396087268782274, -0.36348394488607083, -0.030468359185803057, 0.502681804286012, 0.6021336770117527, 0.21151321973776166, -0.029410148550877858, 0.4026741378535492, -0.023466355825389282], [0.20727061975614258, 0.053688005846307146, -0.5011708793432907, -0.1135176365259001, -0.2830101629226736, 0.39882427843740786, -0.7021527613487157, 0.5233745474180493, -0.5942504761015457, 0.5564766769779029, 0.056455983318553116, -0.15272973430281564]], "inverted": false, "swapped": true, "error_lsq": 0.04525940325404503, "error_max": 0.23601361260425802, "target": "110.xyz", "model": "16.xyz", "model_rescale": 3.795458400668931, "target_rescale": 3.885459448902853},
{"mapping": [11, 10, 8, 5, 4, 9, 7, 0, 6, 3, 1, 2, 13], "R": [[0.33087740319507597, -0.9341381844297753, 0.13381328949370797], [-0.8574279439644076, -0.2383760096546415, 0.45606381015171504], [-0.3941287416109772, -0.26563646287995557, -0.8798294179127987]], "T": [-0.10011103598458201, 0.14160494792368408, -0.0936081513347347], "aligned_model": [[0.29024997469437563, 0.0689220804669605, 0.4537782597931085, -0.49251516282661145, 0.5602074149125994, -0.39876014653927616, -0.7581791505366, 0.13949892761639882, -0.41847270153668026, -0.4750989619099725, 0.01819227062683572, 0.25049321375592004, -0.089684217612836], [-0.35509711039209224, 0.21441482206653117, 0.4072111949919539, -0.6723054497730389, 0.125517653339216, 0.5860469466582934, 0.05668997019600634, -0.49393769021047873, -0.31551648801058996, 0.4005081211414955, 0.8029339756643352, 0.05531634610597494, 0.15199897369287912], [-0.34947983573191715, -0.7967722740222909, -0.41680397411069603, -0.15125990705252146, 0.12055071775877325, -0.45730578031130514, -0.22504346172040096, 0.25680086915798644, 0.3876348403344742, 0.37004459735369893, 0.23114905604410285, 0.6718893063007481, -0.03912912316435633]], "inverted": false, "swapped": true, "error_lsq": 0.04966506643672002, "error_max": 0.2760932870621786, "target": "110.xyz", "model": "17.xyz", "model_rescale": 3.7474275329858107, "target_rescale": 3.885459448902853},
{"mapping": [12, 1, 11, 3, 7, 5, 10, 8, 2, 0, 6, 9, 4, 13], "R": [[0.12234735225623522, -0.013658987832256275, 0.9923933481474407], [-0.3098295018545661, -0.9504603566357056, 0.025115537909412067], [0.942887482776413, -0.31054555626401414, -0.12051826545480115]], "T": [0.049261952624097216, -0.021907656981089742, -0.09833120622982457], "aligned_model": [[0.6237115905523529, -0.5484549632303457, -0.23841849443296753, -0.5388430388369811, 0.18969256550611793, 0.556142057565236, 0.0544462388149968, -0.1711478047595932, -0.025277572315425906, -0.3471494879339636, 0.4254902744880243, 0.6681240338809997, 0.3921297226100041, 0.031038020497158654], [-0.2377424270995504, -0.34770378809531727, -0.3684481724680887, 0.1729685921022235, -0.7509244282203259, 0.4173151316519075, 0.30296990367293264, 0.6622786642358258, -0.3846772953398127, 0.26225357507616054, 0.013399545286367921, -0.13186363920766245, 0.6024751086911644, -0.03147600316635648], [-0.5257184882183124, 0.02459066433083154, -0.6630313862484846, -0.37535999150496147, -0.22574028068606755, -0.3692109541450339, -0.7073197645982389, -0.11110101157001087, 0.5072055577379416, 0.5808247072180802, 0.574130289140602, 0.13111066486401052, 0.3280649432098298, 0.005551500000061299]], "inverted": false, "swapped": false, "error_lsq": 0.035370279604271936, "error_max": 0.19021479164305916, "target": "110.xyz", "model": "18.xyz", "model_rescale": 3.922800546911778, "target_rescale": 3.885459448902853},
{"mapping": [9, 12, 7, 13, 3, 10, 11, 4, 0, 8, 1, 2, 6, 14], "R": [[0.5740626345472517, -0.02307372217982237, -0.8184862216075705], [0.14964120169914383, -0.9798118250386454, 0.13257563225749722], [-0.8050214918688224, -0.19858597850605506, -0.5590205781275748]], "T": [0.006218407067815665, 0.02388531251318813, 0.05247408285290863], "aligned_model": [[0.5441064851570269, -0.6231368581433485, -0.18645043418773716, -0.5148630619916594, 0.030721196936603596, 0.5958222098899159, 0.023974082907426073, -0.0073386912355921236, 0.2639569924273774, -0.3867171463506979, 0.41151253081641864, 0.6940963679792285, 0.22776776915548336, -0.0019683009548317545], [-0.25910181451978315, -0.44157752560218666, -0.36852819841351414, 0.2685066358751064, -0.6027695200917664, 0.4550690678272803, 0.25981532260321005, 0.7023817197069738, -0.6712312249303056, 0.3367102829544787, 0.08389091543911176, -0.1664481054844866, 0.6131249904214237, -0.029017778666073038], [-0.48913268159718876, -0.024144068071521786, -0.6161823110521198, -0.3222901864947286, -0.07343293699351411, -0.2896495382466305, -0.6192888061810163, -0.1991724343152839, 0.43825440462463644, 0.4019491788893943, 0.6690120174588776, -0.008567408556340007, 0.33439650844239227, -0.027755288376709174]], "inverted": false, "swapped": false, "error_lsq": 0.04245805592805237, "error_max": 0.2838006845007037, "target": "110.xyz", "model": "19.xyz", "model_rescale": 3.9282355846067225, "target_rescale": 3.885459448902853},
{"mapping": [0, 6, 3, 5, 4, 10, 1, 2, 8, 7, 9, 11, 10, 13], "R": [[-0.4751612223975679, -0.314245234358272, 0.821870881229384], [0.7548668522125297, -0.6255126235215218, 0.19725616149051073], [0.4521038024175381, 0.7141315638580459, 0.5344326537004133]], "T": [-0.02090857671416778, -0.044236720108486546, 0.06724913145809722], "aligned_model": [[0.4998222655111153, -0.6090852332306508, -0.17254748010781434, -0.5697947503300197, 0.20718436992607103, 0.5514269425692502, 0.03397447419586576, -0.1680533536182014, 0.03626087912410671, -0.38155535648189254, 0.3677828835107224, 0.6767499102010174, 0.5514269425692502, 0.04789064856679269], [-0.1701791085899952, -0.3286286748320265, -0.3702222816291449, 0.10659038770138739, -0.6069556700148666, 0.5960040918413922, 0.23232614467627205, 0.7050335257263071, -0.6528091013758093, 0.3432287895226983, -0.09262919333466778, -0.20612242434792882, 0.5960040918413922, 0.029184189934458482], [-0.527036063491061, 0.07092212406354118, -0.5938818130598481, -0.33730655594680103, -0.10793316230770073, -0.0017298876115142414, -0.6270142399302159, -0.24203831364177789, 0.5200105357384995, 0.39573376651587155, 0.637338547708812, 0.04654102376886146, -0.0017298876115142414, -0.05787962466490512]], "inverted": false, "swapped": false, "error_lsq": 0.04463939594414035, "error_max": 0.37386896358850663, "target": "110.xyz", "model": "20.xyz", "model_rescale": 4.067790424073018, "target_rescale": 3.885459448902853},
{"mapping": [8, 10, 1, 13, 7, 4, 5, 6, 12, 11, 3, 0, 2, 14], "R": [[0.1228926497395659, 0.1430455954974183, 0.9820566960459961], [0.8081742038093479, 0.5598928125349073, -0.18268687629076766], [-0.5759790386265072, 0.8161237627226281, -0.046799048947007205]], "T": [0.07950441337309089, 0.020621416064038403, -0.06260133357246106], "aligned_model": [[0.40831402014459744, -0.634364401218883, -0.1743387482186488, -0.5756336918532455, 0.39382714784621076, 0.5164343977260193, -0.01858746627714672, 0.026210974584918112, -0.10029859192065022, -0.3840304123122286, 0.22959382471480044, 0.7053157764014333, 0.6611957534308733, 0.017844559357563752], [-0.09389966468868213, -0.38141953223979813, -0.5025095408059324, 0.11788433726653959, -0.6091829321880025, 0.5624890387648411, 0.2251010706274072, 0.7429614115107167, -0.41103423889029184, 0.14600974690352436, 0.2337849162196356, -0.23268579760567532, 0.4082757237455058, -0.024949771500319205], [-0.5141952454922849, -0.05618159886837952, -0.6415683037497222, -0.289443772980963, -0.310011233788578, -0.46002322901634485, -0.6076079159861183, 0.08886365596504231, 0.5443238197462779, 0.37034841621995557, 0.7472008073578615, 0.15797432902079397, 0.192508944889062, -0.04819222378635453]], "inverted": true, "swapped": false, "error_lsq": 0.04650602912320014, "error_max": 0.3243907674172891, "target": "110.xyz", "model": "21.xyz", "model_rescale": 4.186013935880536, "target_rescale": 3.885459448902853},
{"mapping": [3, 1, 9, 5, 0, 7, 6, 2, 10, 8, 4, 11, 13], "R": [[0.3255242086240026, 0.851022236337329, 0.41206206190224387], [0.04438852167932206, -0.4490722715655334, 0.892392152617949], [0.9444912115752278, -0.272204423495254, -0.18395951480359815]], "T": [0.05172663884559791, 0.019004653911909322, -0.058075498990314875], "aligned_model": [[-0.11976000779178189, -0.45033989315523837, 0.3705585057360158, 0.5804362555084515, -0.16406528021516595, 0.5869034805464434, 0.04238182467863532, -0.693314861667059, 0.4275690149148086, -0.14480107091640296, -0.5144779108226589, 0.1344610561328397, 0.0030229224743377123], [-0.3821964140677287, 0.17734828667100133, 0.3137527438739977, -0.5462338869926959, -0.39030572857343643, -0.29589979587691484, -0.7036791650821766, -0.3510818762943213, 0.6277491736467266, 0.672916423181779, 0.23055045863358348, 0.17354089234406173, -0.00750445191778356], [-0.5399994578629593, -0.5869190395969844, -0.5381439846424924, 0.4117397756688727, 0.5502112094324779, -0.32632980605549916, 0.08174490912937692, 0.09782364488130639, 0.0703218285070102, 0.06671163025256281, 0.2836905895751495, 0.6005887094475346, -0.06856044740100982]], "inverted": false, "swapped": true, "error_lsq": 0.04280178728395666, "error_max": 0.2581607244970705, "target": "110.xyz", "model": "22.xyz", "model_rescale": 4.166573947596378, "target_rescale": 3.885459448902853},
{"mapping": [0, 6, 1, 2, 5, 8, 4, 3, 13, 12, 14, 7, 9, 15], "R": [[-0.676588504374345, -0.32162962125312866, 0.6624065084833151], [0.5065196686413161, -0.8562179523483103, 0.10162993336590412], [0.5344771473393211, 0.4042835697985213, 0.7422189529801742]], "T": [0.05810735222278101, 0.1328321138621488, 0.023670589621341324], "aligned_model": [[0.37989590286369107, -0.5613485917253019, -0.18685541404798672, -0.4776244582165115, 0.15416301971806778, 0.680994351375795, 0.12927433613146255, -0.08920664530047956, 0.32930611815558547, -0.39416998284553706, 0.17243789721567065, 0.6094555595620992, 0.2835718220583525, 0.0415892274607063], [-0.225992260933877, -0.30787155895239626, -0.3070678874250282, 0.19102400620410853, -0.6897866009211711, 0.4975731240026602, 0.33105914472919806, 0.6561463177505856, -0.5200142977475661, 0.12830876868965874, 0.04180393148969258, -0.30766276487244704, 0.6162843882341986, 0.07702045687185224], [-0.6354598675467964, -0.010421025799811641, -0.480888914179406, -0.37933607302605393, -0.04797953272063108, -0.3410963524512902, -0.6802433383553462, -0.2329760198602428, 0.4895632071852892, 0.4978078131771045, 0.8012438400073365, -0.09195407782695725, 0.2991498765529563, -0.01341308562590323]], "inverted": false, "swapped": false, "error_lsq": 0.04554339400292401, "error_max": 0.28493967507425366, "target": "110.xyz", "model": "23.xyz", "model_rescale": 4.274766983524099, "target_rescale": 3.885459448902853},
{"mapping": [3, 0, 5, 7, 11, 10, 9, 8, 1, 4, 13], "R": [[-0.7149221103884966, -0.549405343032543, -0.4324813812465824], [0.6883313922106087, -0.44436534580064513, -0.5733579457449576], [0.12282618033246433, -0.7075967838386255, 0.6958595554608489]], "T": [-0.01668514952857955, 0.052760167282796394, -0.0025064824185479714], "aligned_model": [[0.4175510765623093, -0.02851439622019636, -0.5941187663337423, -0.31332240565851976, -0.40963373374995304, -0.5082081728391296, -0.13299223334007293, -0.011497837140216738, 0.6332375177278161, 0.2920836036098806, 0.035310051339899895], [-0.18977260535165466, 0.7854359005801538, 0.4173400191839486, -0.3026262341487801, 0.5543099979264301, -0.15279891053849973, -0.5754918614187792, 0.05474723677233992, -0.2593986499732195, 0.5137966150053594, 0.07004502320618478], [-0.42112017451067935, -0.21967047562633302, -0.5969867671630282, -0.49570652459406345, 0.23957645752030318, 0.4919263631185311, 0.10126247963236534, 0.691586244573787, 0.18978599904588303, 0.4149267814816732, -0.016013949456861534]], "inverted": false, "swapped": true, "error_lsq": 0.054579553143164095, "error_max": 0.295817397743159, "target": "110.xyz", "model": "24.xyz", "model_rescale": 3.7841303162186577, "target_rescale": 3.885459448902853},
{"mapping": [7, 14, 10, 9, 11, 1, 0, 2, 13, 12, 3, 6, 4, 15], "R": [[-0.8024762618964646, 0.5564367665733911, 0.21542974237097873], [0.5965760013020507, 0.7413420491444743, 0.3074232275556413], [0.011354460054649337, 0.3752200567342066, -0.9268662175639191]], "T": [0.06188203692833838, 0.06443822943084934, -0.13719480288788452], "aligned_model": [[0.4054458959694673, -0.6390027565212164, -0.2772445434669223, -0.5095843403633896, 0.3182224673215015, 0.4738540602781088, 0.36773980045622734, -0.2270792875894112, -0.13901488948849614, -0.43404575982397076, 0.385355127773224, 0.7373819436807725, 0.4888865312250588, 0.12056889295465938], [-0.3090519678311213, -0.28581046943460653, -0.41990310181955626, 0.18656058074155585, -0.6425943499122729, 0.6030817750869859, 0.17823926240707794, 0.7201779456656555, -0.45518691971440595, 0.10550865546267343, -0.047820813069435836, -0.05330275657890515, 0.5509088804820201, 0.05001804563380384], [-0.5437344779630743, -0.013157237752189882, -0.6428248480683508, -0.16274904835779283, 0.017149243501814265, -0.44244646382240804, -0.796611441087782, 0.09796430370266523, 0.4120138337913657, 0.43511695388642857, 0.5920273542832525, 0.09054054446498597, 0.23390870069919714, -0.10320096774786428]], "inverted": true, "swapped": false, "error_lsq": 0.049203462352600535, "error_max": 0.31353542926503136, "target": "110.xyz", "model": "25.xyz", "model_rescale": 4.19342608120988, "target_rescale": 3.885459448902853},
{"mapping": [2, 3, 1, 11, 4, 0, 10, 5, 9, 6, 7, 13], "R": [[-0.7437508345756625, 0.6661521160964472, 0.05546218791420933], [0.6159761034507192, 0.650769528332465, 0.4439284412736023], [0.25963076868059104, 0.3643355310893609, -0.8943441645922218]], "T": [0.000634383464605856, 0.02904764253833218, -0.1733935806023843], "aligned_model": [[-0.2931442684139929, 0.4852631153462925, 0.25411458832225914, -0.603130186946954, -0.5615456914297364, -0.5024942566670727, -0.1555631365765897, -0.0757948782436316, 0.457341875679908, 0.07666771875317678, 0.5155245247690777, 0.0005691500390440085], [-0.6674753582677715, -0.3399911283098153, -0.5915398430005948, 0.3396087268782274, -0.36348394488607083, -0.030468359185803057, 0.502681804286012, 0.6021336770117527, 0.21151321973776166, -0.029410148550877858, 0.4026741378535492, -0.023466355825389282], [0.20727061975614258, 0.053688005846307146, -0.5011708793432907, -0.1135176365259001, -0.2830101629226736, 0.39882427843740786, -0.7021527613487157, 0.5233745474180493, -0.5942504761015457, 0.5564766769779029, 0.056455983318553116, -0.15272973430281564]], "inverted": false, "swapped": true, "error_lsq": 0.04525940325404503, "error_max": 0.23601361260425802, "target": "110.xyz", "model": "26.xyz", "model_rescale": 3.795458400668931, "target_rescale": 3.885459448902853},
{"mapping": [1, 4, 8, 9, 12, 6, 2, 3, 0, 10, 7, 5, 13], "R": [[-0.4690730651568232, 0.6493578897445208, -0.5985856585075572], [-0.6808980024190675, -0.6975554490552145, -0.22314637750835656], [-0.5624485486212109, 0.3029038238780114, 0.7693509625872788]], "T": [-0.056708980306987664, -0.09353272711140939, -0.11595615006106391], "aligned_model": [[-0.11524344429059437, 0.3833585824997993, 0.5906176726075297, -0.10072163536869282, -0.08086430855716469, -0.5958397848165017, -0.17637536537740184, -0.6157095407522062, -0.060127952779539015, 0.46649242436597904, -0.542057387999057, -0.3768220210806352, -0.0770308556302588], [-0.7802846879870641, -0.48409308966974607, -0.2752550066759947, -0.026877405868178827, 0.7201069123312701, 0.01624908578738285, -0.6741538528664278, -0.414089448183135, -0.004247228625090693, 0.24929599866878913, 0.3078491690273699, 0.6271971150975554, -0.1398160577798159], [-0.4019010045202518, 0.25275297949407244, -0.28841132642572337, -0.7583080015738346, -0.2035807548937436, 0.3731194100521229, 0.4881253717530844, -0.20187722463589347, 0.6430763074618961, -0.48614800652624646, -0.36267245323441943, 0.3288258132141189, -0.09086444806575647]], "inverted": true, "swapped": true, "error_lsq": 0.05629970291382978, "error_max": 0.3260154174431161, "target": "110.xyz", "model": "27.xyz", "model_rescale": 3.6321398670334006, "target_rescale": 3.885459448902853},
