[{"mapping": [9, 2, 7, 1, 12, 0, 11, 8, 5, 6, 3, 4, 13], "R": [[0.06348736807335859, 0.9766143619758025, 0.20541115373249408], [0.44337462019769447, -0.21199997686782235, 0.8709046767428645], [0.8940851750586565, 0.03578264650133117, -0.4464653423835861]], "T": [0.049682626458030205, 0.06450845160827196, -0.12911674408030047], "aligned_model": [[-0.04004877347011891, 0.4446276764471302, -0.4873971239322129, 0.47687855488390385, 0.10680926564757655, 0.6621299435556148, -0.584954813038113, -0.6418561190318604, -0.11113872315916759, -0.06648960529541525, 0.3798472288324798, -0.2925082658159259, -0.08631515957180438], [-0.657904655743456, -0.12312682597564328, -0.34051833764719536, 0.15536352834071165, -0.29587347539700176, -0.4044711835020567, 0.16470569923793477, 0.22733632841437, 0.7604094859342279, 0.5341982280193974, 0.35863174432131595, -0.05740606101901219, -0.017227756584529227], [-0.04658947611642106, 0.5033938530679356, 0.2156920785760095, -0.506334330085076, -0.5785399541579275, -0.10965343982895337, -0.40161935471091437, 0.19621443740064307, -0.37863528922868334, 0.4628645146534065, 0.14960019085600915, 0.7548778664613509, -0.09218902115232103]], "inverted": true, "swapped": false, "error_lsq": 0.04897436291854772, "error_max": 0.3527303218882916, "target": "1100.xyz", "model": "0.xyz", "model_rescale": 3.8414455957264533, "target_rescale": 3.9037230713576494},
{"mapping": [0, 7, 4, 12, 11, 13, 1, 5, 10, 6, 8, 2, 14], "R": [[-0.3360528957446819, -0.7223358516247487, -0.6044000072130735], [-0.9080776878090646, 0.07820573685790044, 0.4114350199312836], [-0.24992671758929041, 0.6871060909205086, -0.6822183342999374]], "T": [-0.01384512404189707, 0.004340892317611828, 0.09464896882925548], "aligned_model": [[-0.030104893582349593, 0.10455529443231763, -0.43327505196478594, 0.28087083583153205, 0.17220816960932678, 0.6556448084735818, -0.5169781174623027, -0.49754695425762563, -0.1467051687221499, -0.026656490396850724, 0.6208593469012007, -0.35903955510460567, -0.06424813770520238], [-0.7113957914922128, -0.45227979945985297, -0.29661286281796045, 0.30663773607519157, -0.23570196786923248, -0.2820277035229704, -0.26775352854830664, 0.4333030251497897, 0.6122857240994165, 0.6356779018460866, 0.4542709602400866, 0.09380141084411872, 0.013911613854909112], [-0.019254450129848735, 0.5310362817531327, 0.26588742152195266, -0.5409992555190563, -0.7016104105973384, -0.11659321023553883, -0.5544424794538078, 0.22250362468705764, -0.19018886301150312, 0.5542973377760017, -0.043247971110290176, 0.7407467540032119, 0.02094729605108421]], "inverted": true, "swapped": false, "error_lsq": 0.045812900318870295, "error_max": 0.28884987291765196, "target": "1100.xyz", "model": "1.xyz", "model_rescale": 4.316132596720782, "target_rescale": 3.9037230713576494},
{"mapping": [10, 8, 9, 0, 1, 5, 2, 4, 7, 3, 6, 12], "R": [[0.5785010675074849, -0.7317791997093241, 0.3603272370574858], [0.5511097465301753, 0.6763264451213065, 0.48873365641116073], [-0.6013439632790427, -0.08415308967802332, 0.7945462197540782]], "T": [-0.06092589138792835, -0.00488772356422894, -0.08783620475820683], "aligned_model": [[-0.14072641844673356, 0.6004806694841475, 0.2531634153663267, -0.43955922674793124, -0.7441810378888687, -0.5801159097383435, -0.16238583277565866, -0.11278109660557888, 0.4700859029885093, 0.1610249655260872, 0.3915650770338464, -0.09876195356402215], [-0.6369462600015009, -0.20518001480188264, -0.6465984421937455, 0.5427447598201621, -0.17508887135056334, -0.12054035296631656, 0.274166921730043, 0.5137445586584367, 0.055695595762830744, -0.08155611656561905, 0.5592613775519921, -0.06692672790285639], [0.07755504282448006, 0.2046944107166643, -0.49440335000300006, -0.047784940649227475, -0.44075652722065517, 0.33802950361882944, -0.5875764607305938, 0.5258621753585915, -0.5527982122615425, 0.6773352860541832, -0.13479804448448798, -0.11610042201382054]], "inverted": true, "swapped": true, "error_lsq": 0.040854830068886905, "error_max": 0.21377640967072395, "target": "1100.xyz", "model": "2.xyz", "model_rescale": 3.795458400668931, "target_rescale": 3.9037230713576494},
{"mapping": [5, 10, 3, 7, 0, 6, 8, 1, 9, 2, 4, 12], "R": [[0.37710313088865055, 0.3984930374464649, -0.8360601221088518], [0.525608744236054, 0.6511804377619668, 0.547448157781842], [0.762580275549123, -0.645884925186232, 0.03611075685443245]], "T": [0.09808202994974295, -0.002159364963063122, 0.04773740323540382], "aligned_model": [[-0.10907264384036915, -0.06837406547915274, -0.6978252583768629, 0.3331703913812671, 0.24056502988339568, 0.010721482996519219, -0.4339899373700801, 0.6687141989219232, 0.3121961637608779, 0.6173339192549002, -0.41426419162315914, 0.13412873623430588], [-0.10311818966455438, -0.6241005907747464, -0.024091547963527523, 0.04164746736248976, 0.5373531922867103, 0.5688693742308564, -0.16681960099910365, -0.21152943458302415, -0.6606232400520227, 0.2416840229424658, 0.5532995812185821, -0.06680198871441598], [-0.5935033193139381, -0.08901734918466511, -0.03398287246016991, 0.7145566864974753, -0.3176301357716076, 0.4853582585823918, 0.5506650619945259, -0.45316366645425427, 0.49081983971762194, 0.14167257148371715, -0.23022089683204328, 0.023217252380046294]], "inverted": true, "swapped": true, "error_lsq": 0.04882284897969613, "error_max": 0.28379894182051024, "target": "1100.xyz", "model": "3.xyz", "model_rescale": 3.7530521520055578, "target_rescale": 3.9037230713576494},
{"mapping": [6, 0, 2, 1, 7, 5, 8, 4, 3, 10, 12], "R": [[0.025930520629417586, 0.25950028423590954, 0.9653948469830206], [0.9496371168567703, -0.3080678815918309, 0.05730206470523297], [0.3122770474880413, 0.9152889067463912, -0.25441946230417944]], "T": [0.043313007954847806, -0.06645087742740835, 0.012260446664614589], "aligned_model": [[-0.3739378704820949, -0.2827437588416822, 0.24085446904130367, 0.5315960816859883, 0.25063065547398705, -0.1010890490140808, -0.15200427426591726, -0.7386212435846019, -0.5026351878725562, 0.35462428823617265, 0.11152549206868681], [-0.6433538425605785, 0.06690245133833209, -0.33113415542371605, 0.3591045743104115, -0.7419224015385713, 0.598973374661143, -0.37771661695780295, 0.10351030754959617, 0.16557885286769777, 0.2964561749850742, -0.029195360917239975], [-0.12302581445656749, -0.5541073823949222, -0.4660972351039737, -0.43589240375440863, 0.06316374627449636, -0.013313330712426194, 0.6665651160232046, -0.07710470370336042, 0.5495968473060748, 0.4645923385956757, 0.018453599171523838]], "inverted": false, "swapped": true, "error_lsq": 0.04786252519557844, "error_max": 0.22265599844203562, "target": "1100.xyz", "model": "4.xyz", "model_rescale": 3.7855080009869324, "target_rescale": 3.9037230713576494},
{"mapping": [12, 13, 14, 4, 1, 6, 2, 9, 5, 10, 7, 15, 16], "R": [[0.7228285846009389, -0.49603484284964283, -0.4811114963944778], [0.09379933775503659, -0.6193527106042733, 0.7794895150698669], [-0.6846316685054235, -0.6085652426373607, -0.4011581034121216]], "T": [0.009412050449845444, 0.008006746505006929, 0.012894555203888332], "aligned_model": [[-0.0989485978540392, 0.2665560227326491, -0.5279327925975865, 0.501761363130216, 0.05457588044150328, 0.6537970367898227, -0.6358523559392548, -0.6292639125028014, 0.022391473489731584, -0.07378630882961326, 0.5341041319981845, -0.2670460119427636, -0.04077184286396182], [-0.6558739228734292, -0.5120332786765482, -0.3510192603823908, 0.17515689992834632, -0.31498395362374126, -0.09542194368355317, -0.08459025827129968, 0.2442788993803332, 0.732339163747642, 0.6257291005477948, 0.5428507676827952, 0.005371745744448564, -0.0076872411213347504], [-0.08999222594390735, 0.4468334778683419, 0.21304011363996805, -0.513084307849627, -0.6702900282581475, 0.025042126667714472, -0.33473359114285156, 0.22069855750223247, -0.3480449529249619, 0.39033514708998546, 0.0159871991784259, 0.7893493853099107, 0.023941174597974596]], "inverted": true, "swapped": false, "error_lsq": 0.042549730672414195, "error_max": 0.25172370148588824, "target": "1100.xyz", "model": "5.xyz", "model_rescale": 4.2253639853439635, "target_rescale": 3.9037230713576494},
{"mapping": [3, 1, 2, 12, 7, 0, 6, 5, 11, 8, 9, 10, 13], "R": [[-0.6966115567236583, -0.3605664748110305, 0.6202613612674807], [0.07057599415944961, -0.8947837541066842, -0.44088667754328237], [0.7139687444751676, -0.26335119257200146, 0.6487640412996529]], "T": [-0.002684857082521006, -0.0012587609462558734, 0.0922024477040832], "aligned_model": [[-0.14776438411992843, 0.35724318322578413, -0.5874907023331103, 0.3022037310219218, 0.1841280264154409, 0.6817526568792477, -0.39818130521362677, -0.5606494474436943, -0.25862077926537924, 0.06400087285805421, 0.5376843276285991, -0.39467043910652305, -0.020051654494698735], [-0.594183704454108, -0.182268058542088, -0.30675361358725617, 0.371962727003902, -0.2822919369618036, -0.37626339731960246, -0.07900666845971457, 0.2812324618434632, 0.593331985018137, 0.6081914313600507, 0.27213167436592023, 0.05048464838496271, -0.052450830252799646], [-0.26890891309636916, 0.7057113897268976, 0.2140491973851065, -0.7072301224636459, -0.625789555430146, -0.09213274021978424, -0.40905176975056073, 0.19026105977126617, -0.3396684095705254, 0.5044988848931395, 0.16872199801536855, 0.7646475365144823, 0.06397351995982824]], "inverted": true, "swapped": false, "error_lsq": 0.043153046877611984, "error_max": 0.2638840614689202, "target": "1100.xyz", "model": "6.xyz", "model_rescale": 3.89814844738969, "target_rescale": 3.9037230713576494},
{"mapping": [11, 4, 10, 3, 8, 7, 9, 5, 6, 1, 0, 2, 12], "R": [[0.41841761875707684, -0.9049980164160141, -0.07684586258698342], [-0.42564335973095613, -0.12064150307073854, -0.8968128890988226], [0.8023430853634881, 0.4079512446603307, -0.4356849266952961]], "T": [0.07365139659886015, -0.022975027722832417, 0.021977917116457656], "aligned_model": [[-0.04441176173215046, 0.25137224499367183, -0.5061467322759364, 0.5672648552807903, 0.033877771890890356, 0.6890129992178835, -0.7385126525662732, -0.570143458577644, -0.08876781734128662, -0.12465588057987971, 0.40965218285001787, -0.10240734369658604, -0.016550321411410926], [-0.7749080122029127, -0.43522137110982506, -0.30097294012004483, 0.35453353233550466, -0.18568461775596026, -0.2293031031032003, -0.10060237552105517, 0.4079414448567863, 0.47924797923550444, 0.7010750808242256, 0.4378053872538803, 0.05021291934146263, -0.10000720563530263], [-0.2536998779973239, 0.4845403894314477, 0.37617412475878, -0.4939823305389743, -0.6334840729360357, -0.07818945720241074, -0.3417657167139128, 0.071128523751888, -0.4008316159508202, 0.4108510020230739, 0.18258697128464937, 0.7040297398477372, 0.14172439597695913]], "inverted": false, "swapped": false, "error_lsq": 0.04489011064742877, "error_max": 0.26000246195774274, "target": "1100.xyz", "model": "7.xyz", "model_rescale": 3.7474275329858107, "target_rescale": 3.9037230713576494},
{"mapping": [8, 9, 5, 1, 2, 4, 3, 6, 0, 10, 12, 7, 14], "R": [[0.7579693702800523, 0.6345629817442187, 0.15103726665014602], [-0.5541985881878477, 0.7486023382108167, -0.36394843601243054], [-0.3440150557284629, 0.19215712691748943, 0.9190915514827445]], "T": [0.12493809996591772, 0.07022779861040353, 0.053589833209624155], "aligned_model": [[0.020393764097847406, 0.058359299910900844, -0.45446073239153845, 0.27110522781000684, 0.21757546365747457, 0.554612788991632, -0.4679765127486852, -0.6494555649228603, -0.24460961635129358, -0.06434512345530426, 0.599770604002991, -0.24846731593748922, 0.167081803388405], [-0.5915552191122375, -0.4139727769769491, -0.2988825907988162, 0.406640241259663, -0.2649808607783892, -0.5274160445532895, -0.10446478433023428, 0.30859220384620156, 0.5223566338579685, 0.6773831569602325, 0.44410667213629584, 0.09308457892638565, 0.053225507962231876], [-0.0741757143700855, 0.6379334872972757, 0.25626192678660864, -0.6023550266821359, -0.712988909887843, -0.2117916736530667, -0.30982356841397163, 0.15574148759884915, -0.2517415266756251, 0.46686648612704285, 0.17765151077464822, 0.6227326930362302, 0.014770903797131057]], "inverted": false, "swapped": false, "error_lsq": 0.04486666764327528, "error_max": 0.29393375664989857, "target": "1100.xyz", "model": "8.xyz", "model_rescale": 4.019505241142653, "target_rescale": 3.9037230713576494},
{"mapping": [9, 8, 7, 6, 10, 11, 1, 0, 2, 3, 5, 4, 12], "R": [[-0.8026343343184102, -0.5118400646786391, -0.30626438507114995], [-0.3653962343668318, 0.01608962398133107, 0.9307130147960108], [-0.47144853089577277, 0.858930074097948, -0.19993851686533953]], "T": [-0.0055181668228634455, 0.025899200755758633, -0.06318944814464336], "aligned_model": [[0.009308341884775102, 0.12221119036909335, -0.5353857927669244, 0.47239334321334975, 0.0893978477122328, 0.5362458866304353, -0.5006401554638108, -0.5639619779763472, -0.16834632276955733, -0.045441125941371854, 0.4806804990739748, -0.16486496284506774, 0.02798731493130512], [-0.6548263641514016, -0.45852836489868454, -0.3597560424935638, 0.3004072281821007, -0.2376890789059009, -0.271877657805454, -0.15075483846447177, 0.1838890760118594, 0.5707262138438047, 0.7752105923975685, 0.36934960208498013, 0.2068906387268003, 0.031075713871426006], [-0.1242872496747533, 0.38974771784148066, 0.5613858654936775, -0.5368008599796018, -0.9347925270903117, 0.008015726416314567, -0.48739796875917285, 0.22977093684285607, -0.22635402658376266, 0.35561767146151047, 0.24693536261529728, 0.7301864836945786, -0.042945056543054944]], "inverted": true, "swapped": false, "error_lsq": 0.05210067597325849, "error_max": 0.30381502800053706, "target": "1100.xyz", "model": "9.xyz", "model_rescale": 3.877068213659057, "target_rescale": 3.9037230713576494},
{"mapping": [10, 12, 11, 13, 14, 6, 9, 8, 2, 1, 3, 0, 15], "R": [[0.6605250470787316, -0.5974176809850258, 0.45475133493824227], [-0.5932644740509798, -0.786516245546784, -0.17155016560762998], [0.4601564147229218, -0.15647463033177333, -0.8739403664163141]], "T": [0.04865964571253026, 0.13228742463864113, 0.010262754202160735], "aligned_model": [[-0.07329776487776357, 0.2833005446748016, -0.3730927231029453, 0.4914535409480517, -0.01759764783145215, 0.5141300221327068, -0.45667563705007597, -0.7050559003389844, -0.15278545447283998, -0.15316331073144937, 0.6371078591790337, -0.2525290045954862, 0.017789562118490032], [-0.5320791323205456, -0.309008672839225, -0.39257558611056015, 0.176208800664156, -0.1957822498928275, -0.26807238671878486, -0.011017419845236881, 0.24986338369280298, 0.4809872977836288, 0.6940973802818464, 0.30296243294791436, -0.004571667918374822, 0.11310453867427026], [-0.2064265336184052, 0.5655974448154095, 0.3124200569593884, -0.6219104618026385, -0.6950753252630191, -0.04765032937964518, -0.3894187157740461, 0.12607167139275985, -0.517168405314871, 0.6399798956202944, 0.1756715941561817, 0.7343629001377181, 0.09262828380593087]], "inverted": false, "swapped": false, "error_lsq": 0.03996559516279934, "error_max": 0.22497107351381088, "target": "1100.xyz", "model": "10.xyz", "model_rescale": 4.260839863003843, "target_rescale": 3.9037230713576494},
{"mapping": [9, 10, 5, 1, 0, 2, 7, 8, 3, 4, 6, 12], "R": [[0.13418938992851404, -0.9649694384973637, 0.22544886426126906], [0.9848307303568502, 0.15511865711007589, 0.0777601103468859], [-0.11000745509012734, 0.21159438788032542, 0.9711468348515297]], "T": [-0.03188057799986395, 0.019863697061639797, -0.08162802669309466], "aligned_model": [[0.46741280067087265, 0.2249196956530593, -0.35029871412345376, -0.606562344833299, -0.6087709224383356, -0.3401542186609913, 0.31554000576358243, 0.6866285215657159, 0.3334836880460192, -0.20946813337588976, 0.08678969740515582, -0.040621426578305336], [-0.04707664942455466, -0.5420472485295039, -0.5422981885503625, -0.23588201704458103, 0.19024198180032068, 0.43367613551017337, 0.5712395022689333, 0.04381667749872571, -0.34109375336971937, 0.016821570018619454, 0.6513148182003903, -0.025634322845507207], [-0.7312176622644673, -0.3086304298867558, 0.13488828300789077, -0.555646777925898, 0.20653410448220327, -0.3492706362769822, -0.35932785056515903, 0.13359448665902549, 0.5322500620160424, 0.7037047141679107, 0.2536398461070063, -0.14434006212531147]], "inverted": true, "swapped": true, "error_lsq": 0.03866450789720439, "error_max": 0.23700605446505119, "target": "1100.xyz", "model": "11.xyz", "model_rescale": 3.890672605050136, "target_rescale": 3.9037230713576494},
{"mapping": [11, 10, 2, 5, 9, 12, 6, 0, 8, 3, 7, 4, 13], "R": [[-0.13527263549859708, -0.06814312381701185, 0.988462355763599], [0.3118183144123706, -0.9498679163945765, -0.022809651493479216], [0.9404629992095873, 0.30513514396195895, 0.1497394104336695]], "T": [-0.16809689372912517, -0.009551334989390484, -0.07760256816515324], "aligned_model": [[-0.28716388782224217, 0.2670371162511883, -0.31012221048539834, 0.45812865784941026, 0.18323843749445717, 0.5473501464353235, -0.5233316456538453, -0.5584185742632939, -0.21544836996685582, -0.15557307354388403, 0.5048513830383704, -0.10764906235460873, -0.04331483092653449], [-0.5467310959470059, -0.6457449892097582, -0.46947484750214585, 0.19939629546710214, -0.38735558903912604, -0.14204564407263187, -0.017563952221646615, 0.34187055343324757, 0.6615348686542808, 0.7644888974275756, 0.4821151372861069, 0.0215137637797724, 0.04211332034329203], [-0.08241081424881123, 0.37567056376608066, 0.44571693816429536, -0.48888668907408883, -0.6603957104354962, 0.08274997321027128, -0.5312570764990057, 0.1922977500815378, -0.33565719574498454, 0.42615136832556255, 0.10231093080651135, 0.6198485506566046, 0.02294348672658031]], "inverted": false, "swapped": false, "error_lsq": 0.05454577958792699, "error_max": 0.32915850846117667, "target": "1100.xyz", "model": "12.xyz", "model_rescale": 4.124412569039231, "target_rescale": 3.9037230713576494},
{"mapping": [6, 3, 1, 11, 8, 9, 2, 4, 10, 5, 7, 0, 12], "R": [[-0.34081490221213995, -0.2266750986118349, -0.9123944334000753], [0.7870388174153158, -0.5996154695133078, -0.14502133843623405], [-0.514213090373661, -0.767515269157331, 0.38275998915602305]], "T": [0.03745774642857145, 0.002228318704075815, 0.14806680056490482], "aligned_model": [[0.11720098951114588, 0.3324354379212329, -0.5774277769592313, 0.12056945572757041, 0.027441669439283008, 0.6120252127362111, -0.5142441419811196, -0.6380120114244247, 0.05211185916043463, -0.01815724443469271, 0.49309529587018264, -0.24731161153920037, -0.00014304797530544783], [-0.6534408534708471, -0.4181604505206715, -0.5112552572473009, 0.19325093871843185, -0.3343435550867462, -0.1787488456981855, 0.11691445986898671, 0.4044485325529379, 0.581651173627967, 0.6221684883122411, 0.4281763536016629, -0.027468818147506475, 0.08092455188809342], [0.04152213093660179, 0.643056517627077, 0.002757787544282686, -0.8251524264115992, -0.48558544860108843, -0.06585085795380768, -0.5037519081254823, 0.16342132911244517, -0.30873084004787255, 0.5797229576734193, 0.21163070244145235, 0.6528359420736413, 0.06320618946598817]], "inverted": false, "swapped": false, "error_lsq": 0.05619156417055387, "error_max": 0.4028722365873701, "target": "1100.xyz", "model": "13.xyz", "model_rescale": 3.9028299243045295, "target_rescale": 3.9037230713576494},
{"mapping": [3, 7, 6, 8, 0, 4, 2, 1, 12, 14, 10, 9, 15], "R": [[0.3764105414971467, -0.6339176750723923, 0.6756208148663256], [0.7353254535194871, 0.6480350995659596, 0.19836074999076192], [-0.563570387490494, 0.4221361047829836, 0.7100630446534058]], "T": [-0.018452318109293587, 0.09895753846338393, -0.05535123952262386], "aligned_model": [[-0.03061774179306651, 0.27332359561465663, -0.4727835014893032, 0.07074164090068659, 0.20995986713451104, 0.55954543774878, -0.480364373874989, -0.6584249271714683, -0.16139276467038025, 0.10915336829617457, 0.5687836312699278, -0.2034570015559392, -0.02488314435750363], [-0.5239769100848941, -0.3496931998538356, -0.27579482314076553, 0.2879573557756093, -0.414972565562684, -0.2508381148245372, -0.09872688737729207, 0.1907727255036442, 0.7457574714698526, 0.6882963261384186, 0.17989260323908846, 0.05443622172137977, 0.07100651539507946], [-0.07758006127723073, 0.6755436140747578, 0.2569820848759582, -0.7988770738348522, -0.6643833659762566, -0.10943329797656814, -0.5935964346466822, 0.0094853768428306, -0.26856044279638236, 0.5922962223898447, 0.3962637038698763, 0.6960717944083482, 0.05486995578141382]], "inverted": false, "swapped": false, "error_lsq": 0.050725661254443014, "error_max": 0.33773964480449875, "target": "1100.xyz", "model": "14.xyz", "model_rescale": 3.942246331269136, "target_rescale": 3.9037230713576494},
{"mapping": [7, 9, 6, 1, 0, 2, 8, 11, 12, 4, 5, 10, 14], "R": [[-0.18308206615351796, 0.27727556364080047, 0.9431856757079358], [-0.2835412890616243, 0.9037392510760268, -0.32071748231397484], [-0.9413210368679918, -0.3261497016282841, -0.08683937861103093]], "T": [-0.052464814415297975, 0.1572114699487795, 0.07241184443852659], "aligned_model": [[-0.03464222199134846, 0.1960726744290857, -0.37658167785745306, 0.5065580713688904, 0.10802160062723133, 0.4773557387970419, -0.565473399927786, -0.7457327221241565, -0.05317931200996859, -0.18238264735431947, 0.5815793280454788, -0.14113710027376325, -0.010874245676845737], [-0.6824311149146196, -0.42936736404056447, -0.2723876718747566, 0.4729686882878534, -0.20911417611286026, -0.3266754540586688, -0.21685808963584813, 0.18181984476175805, 0.7198145518120673, 0.6193109472614325, 0.1320105257535338, 0.1764309322688683, 0.13859509889086818], [-0.08778239082678692, 0.5646685805904975, 0.2246689477714141, -0.4219890334095079, -0.5446514541723831, -0.18795625039620217, -0.3700077325135226, 0.2537542296842146, -0.5205076441380139, 0.40893733630267365, 0.08392253564107963, 0.7800617254050417, -0.01403677420344683]], "inverted": true, "swapped": false, "error_lsq": 0.054001980768743914, "error_max": 0.3279223090997408, "target": "1100.xyz", "model": "15.xyz", "model_rescale": 4.355366556412066, "target_rescale": 3.9037230713576494},
{"mapping": [10, 8, 9, 0, 1, 5, 2, 4, 7, 3, 6, 12], "R": [[0.5785010675074849, -0.7317791997093241, 0.3603272370574858], [0.5511097465301753, 0.6763264451213065, 0.48873365641116073], [-0.6013439632790427, -0.08415308967802332, 0.7945462197540782]], "T": [-0.06092589138792835, -0.00488772356422894, -0.08783620475820683], "aligned_model": [[-0.14072641844673356, 0.6004806694841475, 0.2531634153663267, -0.43955922674793124, -0.7441810378888687, -0.5801159097383435, -0.16238583277565866, -0.11278109660557888, 0.4700859029885093, 0.1610249655260872, 0.3915650770338464, -0.09876195356402215], [-0.6369462600015009, -0.20518001480188264, -0.6465984421937455, 0.5427447598201621, -0.17508887135056334, -0.12054035296631656, 0.274166921730043, 0.5137445586584367, 0.055695595762830744, -0.08155611656561905, 0.5592613775519921, -0.06692672790285639], [0.07755504282448006, 0.2046944107166643, -0.49440335000300006, -0.047784940649227475, -0.44075652722065517, 0.33802950361882944, -0.5875764607305938, 0.5258621753585915, -0.5527982122615425, 0.6773352860541832, -0.13479804448448798, -0.11610042201382054]], "inverted": true, "swapped": true, "error_lsq": 0.040854830068886905, "error_max": 0.21377640967072395, "target": "1100.xyz", "model": "16.xyz", "model_rescale": 3.795458400668931, "target_rescale": 3.9037230713576494},
{"mapping": [11, 4, 10, 3, 8, 7, 9, 5, 6, 1, 0, 2, 12], "R": [[0.41841761875707684, -0.9049980164160141, -0.07684586258698342], [-0.42564335973095613, -0.12064150307073854, -0.8968128890988226], [0.8023430853634881, 0.4079512446603307, -0.4356849266952961]], "T": [0.07365139659886015, -0.022975027722832417, 0.021977917116457656], "aligned_model": [[-0.04441176173215046, 0.25137224499367183, -0.5061467322759364, 0.5672648552807903, 0.033877771890890356, 0.6890129992178835, -0.7385126525662732, -0.570143458577644, -0.08876781734128662, -0.12465588057987971, 0.40965218285001787, -0.10240734369658604, -0.016550321411410926], [-0.7749080122029127, -0.43522137110982506, -0.30097294012004483, 0.35453353233550466, -0.18568461775596026, -0.2293031031032003, -0.10060237552105517, 0.4079414448567863, 0.47924797923550444, 0.7010750808242256, 0.4378053872538803, 0.05021291934146263, -0.10000720563530263], [-0.2536998779973239, 0.4845403894314477, 0.37617412475878, -0.4939823305389743, -0.6334840729360357, -0.07818945720241074, -0.3417657167139128, 0.071128523751888, -0.4008316159508202, 0.4108510020230739, 0.18258697128464937, 0.7040297398477372, 0.14172439597695913]], "inverted": false, "swapped": false, "error_lsq": 0.04489011064742877, "error_max": 0.26000246195774274, "target": "1100.xyz", "model": "17.xyz", "model_rescale": 3.7474275329858107, "target_rescale": 3.9037230713576494},
{"mapping": [8, 3, 10, 6, 4, 0, 5, 12, 9, 7, 2, 11, 13], "R": [[-0.7493338317816999, 0.11902607696993939, 0.6514074005938998], [-0.5189163704322037, -0.7166523985138374, -0.46597761770479046], [0.41136918825408303, -0.6871987577881017, 0.5987764676819447]], "T": [0.004611560891515036, 0.029517601701736115, 0.11351879023914345], "aligned_model": [[0.023397309778312288, 0.07581523317349415, -0.5428362917937314, 0.34448935396640606, 0.0809163930797156, 0.743682039952123, -0.5579022695734408, -0.635235910912903, -0.13422001393511637, -0.07909204690015867, 0.5927161560307826, -0.2535257850384076, 0.10137991822501108], [-0.6549584681285111, -0.49414630229205303, -0.36576045497447573, 0.33598708913909425, -0.22210829254964837, -0.2679917808184765, -0.13055612008019424, 0.41520647706097136, 0.4885332927150236, 0.68041592460306, 0.4197311742200711, 0.049834343283119156, 0.049929836221083004], [-0.10555666864934228, 0.5393066881610763, 0.2566812048738745, -0.5074146607077004, -0.6739377507505975, -0.14026337043105513, -0.3121272256012704, 0.0807128827966939, -0.35312299431387617, 0.48330840789112506, 0.03802656012081505, 0.7878251022767997, 0.07564390006851532]], "inverted": true, "swapped": false, "error_lsq": 0.03941851707922354, "error_max": 0.22739486180233215, "target": "1100.xyz", "model": "18.xyz", "model_rescale": 3.922800546911778, "target_rescale": 3.9037230713576494},
{"mapping": [7, 9, 11, 5, 12, 3, 13, 4, 8, 6, 1, 10, 14], "R": [[0.3102260569024028, -0.6173967303381815, 0.722897690538924], [0.5557623153320981, 0.7347198180211888, 0.38899233651013854], [-0.7712898563286651, 0.281083735521346, 0.571055068403979]], "T": [0.06360411094988133, 0.09067468517329182, 4.753744550333068e-05], "aligned_model": [[-0.0753503503553698, 0.20212735693940784, -0.462462678446436, 0.5292952369525216, 0.11936079288789592, 0.4747341279086227, -0.5263601319237547, -0.5824646638825843, -0.14139680734443272, -0.13842663607900318, 0.5081551996847531, -0.2048693854790094, 0.05724202518947559], [-0.6842062920083434, -0.5052639145160222, -0.31561996273633997, 0.3157183844355242, -0.254065946477097, -0.3776943629138423, -0.07851997895640865, 0.2834518111174911, 0.5506622250420723, 0.6676507876528643, 0.6322559277331692, 0.07520986836824103, -0.0054618283422455255], [-0.13582794946827725, 0.5370872767905992, 0.2558247939462405, -0.5612196260074088, -0.7046929352641794, -0.1440072699527995, -0.3083825268815016, 0.2632950578352234, -0.34748194430471285, 0.3195000790468252, 0.23889290823544576, 0.7604970547835963, -0.004402843023993052]], "inverted": true, "swapped": false, "error_lsq": 0.04040782977529127, "error_max": 0.2517851222720483, "target": "1100.xyz", "model": "19.xyz", "model_rescale": 3.9282355846067225, "target_rescale": 3.9037230713576494},
{"mapping": [4, 0, 3, 9, 8, 11, 6, 5, 7, 2, 10, 1, 13], "R": [[0.1540281677585265, 0.18906385229479195, -0.9698093540961565], [-0.969586682468225, 0.21786440814290203, -0.11152024410305239], [0.19020249398263056, 0.9574914931319214, 0.21687104892721687]], "T": [-0.03652002839760831, 0.07548667897183431, -0.12076102080507793], "aligned_model": [[0.011814545293113966, 0.23684393531102582, -0.44786298655733486, 0.49428196049463474, 0.041002088322067955, 0.5742780626608364, -0.6371422296029212, -0.6445298759855278, -0.1938770511126343, -0.1254928889134833, 0.5976751546530401, -0.14979210928715048, 0.002385480776419993], [-0.5539766968674416, -0.3966181164730029, -0.3954703986899822, 0.11075251044324144, -0.32842735747046886, -0.28542168450138306, 0.000384218036491385, 0.23623352570703388, 0.6412730109868465, 0.6808147179327741, 0.44976293294205155, 0.06748609627188411, 0.07732396008101901], [-0.14917707969737845, 0.464547610312157, 0.29798886983873346, -0.5628361218416033, -0.7606558181838129, -0.020591082897547658, -0.36664035266890904, 0.18284172745224098, -0.3286609252949161, 0.43094361548068255, 0.3263945499986875, 0.6199185473443525, 0.035008535892371115]], "inverted": true, "swapped": false, "error_lsq": 0.036392294472613114, "error_max": 0.22437659342615854, "target": "1100.xyz", "model": "20.xyz", "model_rescale": 4.067790424073018, "target_rescale": 3.9037230713576494},
{"mapping": [5, 1, 13, 2, 4, 8, 6, 11, 3, 12, 0, 10, 14], "R": [[-0.15294160274200105, -0.40279292966686026, 0.9024226958366551], [-0.6843002126695013, 0.7019860906833624, 0.19735437017600116], [-0.7129811253400639, -0.5873443489959518, -0.38299416524450897]], "T": [0.03079298676076834, 0.015074406658953255, 0.032700908340694154], "aligned_model": [[0.0004231553003841357, 0.25788050595426876, -0.4855737682216501, 0.23044493078409956, 0.21853330033936755, 0.4836732401112479, -0.42648189066092057, -0.5315017783140887, -0.18629383871791108, -0.06463105148114218, 0.6053875716668023, -0.34248307672846356, 0.0002067860200928133], [-0.5676414150750606, -0.49024906127728646, -0.35893357836783785, 0.3056556411139038, -0.38000178129505036, -0.32592266772454903, 0.00733557995905244, 0.30777299252077256, 0.7804622841539377, 0.6432396715598317, 0.4075100653269727, -0.049964123356352225, 0.024853110860728743], [-0.05666387944401928, 0.6379979863596226, 0.3218494974126877, -0.6226032797805736, -0.6389693047143594, -0.0288488123097783, -0.5490178379067171, 0.15991878830672152, -0.26862901688767105, 0.46085569319694586, -0.1097538084061352, 0.7591455322406168, 0.10380051766771738]], "inverted": true, "swapped": false, "error_lsq": 0.04523784028387508, "error_max": 0.3359721907755486, "target": "1100.xyz", "model": "21.xyz", "model_rescale": 4.186013935880536, "target_rescale": 3.9037230713576494},
{"mapping": [6, 3, 0, 10, 7, 4, 1, 2, 9, 8, 11, 5, 12], "R": [[0.00784017528851666, 0.11384824562196398, -0.9934672156746022], [-0.1637522071430943, -0.9799400210600607, -0.11359035954064513], [-0.9864703474039199, 0.16357301762090484, 0.010959999962622202]], "T": [-0.030533084228561252, 0.05801789120238228, 0.002595567372781809], "aligned_model": [[0.05777594655704016, 0.38616318802850536, -0.5933512295327327, 0.4629591944312077, 0.011954230180406634, 0.6151999900223318, -0.6089509231458105, -0.6064678894636687, -0.03719923156674962, -0.118369213012801, 0.4440298483313791, -0.258282398439742, 0.0041225736627203725], [-0.4909983054701222, -0.4716672990932241, -0.3907608308936929, 0.21010378130017676, -0.2910902287752842, -0.22882544008623568, -0.002068624960484461, 0.32852262119183273, 0.5685200848366403, 0.7743723752833539, 0.3493484830515771, -0.08844632866399647, 0.037106430678522276], [0.02780627720333271, 0.633576130151985, 0.06277724993947215, -0.6528696762322596, -0.6413315158911745, -0.1658260728110275, -0.44119002289582354, 0.3831550161283274, -0.35066613874975866, 0.2610316297187704, 0.30072722957048703, 0.7273143116385321, 0.02457765796419472]], "inverted": true, "swapped": false, "error_lsq": 0.05070106505510468, "error_max": 0.3184718152620795, "target": "1100.xyz", "model": "22.xyz", "model_rescale": 4.166573947596378, "target_rescale": 3.9037230713576494},
{"mapping": [3, 8, 4, 12, 11, 9, 2, 1, 6, 5, 10, 0, 15], "R": [[0.19460312303116728, -0.01932870104866939, 0.9806916058691887], [-0.17286647442898728, 0.9834810401367389, 0.053686364284154554], [-0.9655292882792367, -0.17997623456259393, 0.1880471974469748]], "T": [0.11089965558318217, 0.046423925274926, -0.011388135483330373], "aligned_model": [[-0.06541462065345803, 0.2151394494653911, -0.3893048600792167, 0.26358842358062895, 0.204741813174565, 0.5599384126895013, -0.4895259226566665, -0.5277864454333289, -0.3365506958960674, -0.0744851242384723, 0.6802296239787956, -0.34067963784938815, 0.05969366996980231], [-0.5016406320619249, -0.5185536856970941, -0.3913218733660677, 0.2882904095326966, -0.3142972555970909, -0.34224546720875815, -0.05866669057866307, 0.3189907675737489, 0.543412819355203, 0.7662132891190323, 0.3281263540153539, 0.09789531179441573, 0.08791337151821124], [-0.18449263860897383, 0.5578337058869122, 0.3017054154686135, -0.6009371997260147, -0.7064904348287546, -0.09941917685437332, -0.296439581092625, 0.14950450485399966, -0.3745655770856736, 0.36089903365995224, 0.38540949786706247, 0.6669794646795286, 0.009095061515404072]], "inverted": false, "swapped": false, "error_lsq": 0.04268663020344009, "error_max": 0.26420967258966593, "target": "1100.xyz", "model": "23.xyz", "model_rescale": 4.274766983524099, "target_rescale": 3.9037230713576494},
{"mapping": [1, 7, 9, 10, 8, 3, 5, 4, 0, 6, 12], "R": [[-0.42535880733165776, -0.8806496253470554, 0.20862915041163602], [-0.9005435182121199, 0.4347650402394297, -0.0008553313655309397], [-0.08995141372723053, -0.18824345184281577, -0.9779944509079663]], "T": [0.021093479333226445, 0.10019953508337812, -0.028046805240072657], "aligned_model": [[0.395657916770464, 0.04420766236109695, -0.3933273648299054, -0.48327324113772197, -0.582933956658483, -0.5190959576449417, -0.028334174846339905, 0.1190588193710469, 0.5792520011339428, 0.2408311730892738, 0.007851826349642712], [-0.32987041821481233, 0.7926894318983702, 0.43881615464719537, -0.17829026706122195, 0.46729283544013844, -0.11488088334641705, -0.5738128458536191, -0.14768583786893338, -0.12684117711410403, 0.618051412668489, 0.07011812604839833], [-0.5712779691217335, -0.17554938189965644, -0.6520145379732407, -0.3462888888209352, 0.22403089525409228, 0.5220108476542501, 0.05889929737379567, 0.7317227270900976, 0.25792561092348415, 0.4288585219430778, -0.0987506884016543]], "inverted": false, "swapped": true, "error_lsq": 0.047525661445626866, "error_max": 0.26556370369797233, "target": "1100.xyz", "model": "24.xyz", "model_rescale": 3.7841303162186577, "target_rescale": 3.9037230713576494},
{"mapping": [8, 10, 9, 6, 4, 7, 2, 12, 3, 13, 11, 14, 15], "R": [[-0.8944992435859799, -0.21058966051003808, 0.39436416940484975], [-0.40871477103055964, 0.027731589051640027, -0.9122407549052544], [0.18117212579629172, -0.9771811264320132, -0.1108769903068928]], "T": [0.03473658048896566, -0.11882233374106779, -0.02627836106106268], "aligned_model": [[-0.15036185216024175, 0.30749964979022715, -0.4148658444901504, 0.46124159846648305, -0.1178198278798972, 0.6674699333119266, -0.6430997157320373, -0.5888453939422608, -0.011246354034215478, -0.05730345629663955, 0.5422633555512941, -0.3030611061225963, 0.06771309959019466], [-0.639825253198301, -0.35510478715532523, -0.28603450268352926, 0.2335791843851989, 0.014774943654362216, -0.22630644847159315, -0.2913854053092235, 0.27484575042740134, 0.6060189134147952, 0.5809463495353122, 0.4063660792382754, 0.060241390875284045, -0.07399949631359408], [-0.2354488938488089, 0.6629429499204633, 0.30844310304988987, -0.49096437538183946, -0.7443192043258984, 0.07813059165023029, -0.30832972124849045, 0.15076080720324025, -0.3748362813373364, 0.3111418795961724, 0.2104097726291536, 0.6687956405797395, -0.06764419275145807]], "inverted": true, "swapped": false, "error_lsq": 0.050178326102937196, "error_max": 0.4214876349580585, "target": "1100.xyz", "model": "25.xyz", "model_rescale": 4.19342608120988, "target_rescale": 3.9037230713576494},
{"mapping": [10, 8, 9, 0, 1, 5, 2, 4, 7, 3, 6, 12], "R": [[0.5785010675074849, -0.7317791997093241, 0.3603272370574858], [0.5511097465301753, 0.6763264451213065, 0.48873365641116073], [-0.6013439632790427, -0.08415308967802332, 0.7945462197540782]], "T": [-0.06092589138792835, -0.00488772356422894, -0.08783620475820683], "aligned_model": [[-0.14072641844673356, 0.6004806694841475, 0.2531634153663267, -0.43955922674793124, -0.7441810378888687, -0.5801159097383435, -0.16238583277565866, -0.11278109660557888, 0.4700859029885093, 0.1610249655260872, 0.3915650770338464, -0.09876195356402215], [-0.6369462600015009, -0.20518001480188264, -0.6465984421937455, 0.5427447598201621, -0.17508887135056334, -0.12054035296631656, 0.274166921730043, 0.5137445586584367, 0.055695595762830744, -0.08155611656561905, 0.5592613775519921, -0.06692672790285639], [0.07755504282448006, 0.2046944107166643, -0.49440335000300006, -0.047784940649227475, -0.44075652722065517, 0.33802950361882944, -0.5875764607305938, 0.5258621753585915, -0.5527982122615425, 0.6773352860541832, -0.13479804448448798, -0.11610042201382054]], "inverted": true, "swapped": true, "error_lsq": 0.040854830068886905, "error_max": 0.21377640967072395, "target": "1100.xyz", "model": "26.xyz", "model_rescale": 3.795458400668931, "target_rescale": 3.9037230713576494},
{"mapping": [1, 11, 9, 5, 6, 8, 0, 3, 7, 4, 10, 4, 12], "R": [[0.48437863765114353, -0.33842659993598256, -0.8067495099738164], [0.8299613727928066, -0.11385701724860299, 0.5460775579486228], [-0.2766612641102877, -0.9340792343688098, 0.22573109857056894]], "T": [-0.060820186940419976, -0.14487499039118085, 0.03578922272750615], "aligned_model": [[-0.1290689643536947, 0.39936702876012453, -0.3407334930886972, 0.4525964848048361, 0.2319364887063214, 0.5627644643052918, -0.6897023396053712, -0.6234338728863779, -0.11587044877569287, -0.07949131602117639, 0.2298475422219179, -0.07949131602117639, -0.059136171994218556], [-0.6490910654539537, -0.15638005341494207, -0.31050002085259076, 0.18785779879161496, -0.2969485848765887, -0.4749724369250173, -0.0150528305707186, 0.33086646743599685, 0.566157377376354, 0.32772772423651725, 0.48666429609576484, 0.32772772423651725, -0.01993967767989069], [-0.26663667659514567, 0.5832104058798703, 0.3161304085015664, -0.40301902703187975, -0.7207516620899784, -0.14567583900278253, -0.4923458328898629, 0.0828260650814737, -0.3535827578876598, 0.7251086303332732, 0.19185596920606043, 0.7251086303332732, -0.07314623810314987]], "inverted": true, "swapped": false, "error_lsq": 0.06134483301848023, "error_max": 0.36310920183636847, "target": "1100.xyz", "model": "27.xyz", "model_rescale": 3.6321398670334006, "target_rescale": 3.9037230713576494},
{"mapping": [9, 13, 11, 7, 12, 6, 10, 0, 3, 5, 1, 2, 14], "R": [[0.7256858297054988, -0.6535394719470391, 0.2150958743719349], [-0.4897248737151209, -0.27105010095451976, 0.8286744782103849], [-0.48326972244218935, -0.7066951261893136, -0.5167517527700504]], "T": [-0.01521943467412528, 0.028191368893222414, -0.09875134337974203], "aligned_model": [[-0.11609741496478015, 0.24503157182120466, -0.3696171125894756, 0.36511574505224775, 0.2930436583508436, 0.597957957424301, -0.7289212312459474, -0.5434023382369587, -0.029090708685809007, -0.20164835740545312, 0.3414009553763815, -0.10904199759588232, 0.014853358751414546], [-0.6321090484707134, -0.48613010341949753, -0.2509204181451999, 0.37548392785948437, -0.31659948718794434, -0.4492190947841439, -0.24416139812857754, 0.32947455778101986, 0.704652501323384, 0.6902082043123131, 0.37498273363605916, 0.18718012746083157, 0.02127421616204776], [-0.11873016070508827, 0.4793664375700344, 0.35844088385420725, -0.6780788962831316, -0.7840270994819442, -0.09833645604412944, -0.24409696203516906, 0.041473314570922126, -0.2160884817070806, 0.4480093793863794, 0.3482663776183519, 0.6754343998810977, -0.04255066088939171]], "inverted": false, "swapped": false, "error_lsq": 0.047695228443763046, "error_max": 0.2777833815324807, "target": "1100.xyz", "model": "28.xyz", "model_rescale": 4.156811204709835, "target_rescale": 3.9037230713576494},
