[{"mapping": [2, 7, 6, 3, 5, 0, 8, 1, 11, 9, 12, 13], "R": [[0.7293570893658365, 0.6463941140010525, 0.2240823187504748], [0.5526344926622484, -0.7497426674856562, 0.36397946380452845], [0.4032782584168584, -0.14163538377215984, -0.9040498129815515]], "T": [0.04135674391296558, 0.03823572865032608, 0.013704328541152014], "aligned_model": [[-0.5366628709610892, 0.38617925688632787, -0.39426793287903567, -0.47007722900542886, 0.03576573504594145, -0.23409803676943874, 0.29251600535939387, -0.08545564505178176, 0.6191042159746724, 0.33441700470099417, 0.3960086055610724, 0.14970794257165962], [0.2265404739847035, -0.10909952272731073, -0.5531113746231493, -0.053279514212337814, -0.4875244663270045, 0.7515818159473743, -0.6086932578138218, 0.35356659328696083, -0.34592400376260535, 0.4780703921779971, 0.4705811406929296, 0.0012704634308280185], [-0.45713841921557835, -0.6426372294328138, -0.19863038036812453, 0.07080561982626123, 0.5577137204075475, -0.08961294067279559, -0.3454349807593687, 0.480104561426533, 0.08914304116280902, -0.4936459686604753, 0.16343511925852328, -0.10219842885432842]], "inverted": false, "swapped": false, "error_lsq": 0.04443608769170818, "error_max": 0.31557935536412984, "target": "1101.xyz", "model": "0.xyz", "model_rescale": 3.8414455957264533, "target_rescale": 3.8674775996993103},
{"mapping": [9, 4, 13, 8, 11, 6, 0, 10, 1, 2, 5, 14], "R": [[0.5994192121275053, 0.5650979943019467, 0.566886994883776], [-0.735959107890003, 0.6675756544913021, 0.11272505065095806], [-0.3147392566017023, -0.48477520807733876, 0.8160466886075706]], "T": [0.04700880852259199, 0.008351767326681693, -0.12584513321186241], "aligned_model": [[-0.49542601540926795, 0.5013440534953292, -0.4827662802506824, -0.6570259311480042, 0.05196430602926506, -0.17743962866434324, 0.27040224924844447, 0.053504703777532144, 0.6949781285269057, 0.2560490299698921, 0.37417379219841085, 0.10337864365980559], [0.06802548956981753, 0.001523327195920847, -0.5336398854645762, 0.08305839391098428, -0.6825807929698309, 0.7564392889103249, -0.6000546127878917, 0.35370080339259047, -0.41506420704339714, 0.5470763386038288, 0.5562248854276363, -0.010730288690843371], [-0.5353731403775541, -0.4247599913724002, -0.14659131983012524, 0.2249488273717266, 0.37300659054635155, -0.12973523331692483, -0.45058259145115, 0.4649789920941162, 0.2606164614519881, -0.5848470392405287, 0.03883912499526673, -0.058596966752576266]], "inverted": true, "swapped": false, "error_lsq": 0.03984937967691945, "error_max": 0.19301742042975353, "target": "1101.xyz", "model": "1.xyz", "model_rescale": 4.316132596720782, "target_rescale": 3.8674775996993103},
{"mapping": [10, 6, 7, 9, 5, 1, 3, 0, 4, 8, 2, 11], "R": [[-0.4683351005010199, -0.2693216185012004, -0.8415034755998302], [0.7977742661252007, -0.5382554707190224, -0.2717301391996138], [-0.37976104848588343, -0.7985905797396673, 0.4669417865258634]], "T": [-0.012936105867124549, 0.02517171936285701, -0.07112212983277924], "aligned_model": [[-0.24483550644060328, 0.549715538692092, -0.5697873559473112, -0.7029065664984689, -0.10999707932307848, -0.21673788118308232, 0.13888220538654125, 0.15770578143929523, 0.7049883105378639, 0.14477514837119634, 0.5377582044885789, 0.10357625191026396], [0.10044330882231772, -0.12963813334783986, -0.6485116662428204, 0.0447513292490559, -0.3978378769198942, 0.516207874573777, -0.5978614182391614, 0.1792113316945796, -0.17323633490438442, 0.6074228235530885, 0.6368600530801543, -0.013832551264309052], [-0.6523214540092592, -0.6503914966890042, -0.2622464376085367, 0.20000313192806715, 0.40574465534048576, 0.03817377154759516, -0.2118272067027373, 0.6004932383026149, 0.12774593564830128, -0.5435064307665883, 0.081516530673052, -0.10148052354580078]], "inverted": false, "swapped": false, "error_lsq": 0.042851518031227755, "error_max": 0.2699996313960193, "target": "1101.xyz", "model": "2.xyz", "model_rescale": 3.795458400668931, "target_rescale": 3.8674775996993103},
{"mapping": [5, 2, 3, 9, 8, 4, 6, 7, 1, 10, 0, 11], "R": [[-0.6605468007527112, -0.563977038562666, -0.4955883614346116], [0.10500484065556596, 0.5842083998143516, -0.8047822867243376], [0.7434056143548132, -0.5836355417214066, -0.32667667040256]], "T": [0.1062300726898988, 0.04715691805415379, -0.09450818834313252], "aligned_model": [[-0.4833870442094932, 0.6238820016695684, -0.4400907411710693, -0.6901577805949992, -0.03475452970325317, -0.09196241804551454, 0.12998098447565742, -0.03688868591829257, 0.6202585557022813, 0.14726873064149099, 0.6134633035379774, 0.13552467504893365], [0.11103372246872673, -0.15447053294873164, -0.5214707750808378, -0.07163670850779513, -0.6200588215684899, 0.6558631159933054, -0.5170259170689752, 0.2412457625064623, -0.20250799145037718, 0.4523136471607354, 0.5948787453516505, 0.15581449319888982], [-0.4714644522070656, -0.6228150715470944, -0.2180644122990153, 0.23138919464084468, 0.28694880231136904, -0.12843803553040967, -0.2631199298164866, 0.6301633496722567, 0.1695202070497392, -0.7053883638385818, 0.1398487906462965, -0.01667636496366326]], "inverted": false, "swapped": false, "error_lsq": 0.04655878303911098, "error_max": 0.21573415440710306, "target": "1101.xyz", "model": "3.xyz", "model_rescale": 3.7530521520055578, "target_rescale": 3.8674775996993103},
{"mapping": [8, 7, 10, 5, 1, 3, 6, 4, 2, 0, 11], "R": [[-0.010991832397761178, -0.7337401348435683, 0.6793412942993251], [0.9549399458708269, -0.20921656818347562, -0.21051871027951852], [0.2965954810862133, 0.6464161524260293, 0.7029774381030776]], "T": [-0.056238502972137026, -0.01008515571608435, -0.037657047230611265], "aligned_model": [[-0.35904793278183655, -0.23095086055495798, 0.2340504026867938, 0.4892807822402974, 0.27582979729859813, -0.11388324115794887, -0.3459822927398867, -0.7002046183890083, -0.3056232810355111, 0.4001934865871008, -0.0054626397084356695], [-0.6937137797737589, 0.0954467131386213, -0.31405103381884353, 0.34494922128669847, -0.6463394374678876, 0.7169343991991125, -0.44632470838300226, -0.056910927607331734, 0.24280829728119938, 0.36629842383644906, -0.14189380937691076], [-0.1627927388993866, -0.6742547784552549, -0.5719724733567692, -0.2987344005878463, 0.2879415312462994, -0.06558432469335888, 0.48746580948463036, 0.007948962894480147, 0.7028003571783874, 0.37817455683337786, 0.0018382756007572845]], "inverted": true, "swapped": true, "error_lsq": 0.042251280205470594, "error_max": 0.2144944100379164, "target": "1101.xyz", "model": "4.xyz", "model_rescale": 3.7855080009869324, "target_rescale": 3.8674775996993103},
{"mapping": [5, 1, 3, 10, 14, 7, 2, 8, 12, 4, 6, 16], "R": [[0.3020921500455302, 0.5825736592426589, -0.7545516976572828], [0.6508343804573038, -0.7043918998260141, -0.2832784154754049], [-0.6965306469177264, -0.40551200107532837, -0.5919502300770366]], "T": [0.09427131108764149, -0.01092724176192869, 0.023654881123219368], "aligned_model": [[-0.4754272388856415, 0.5815516731097274, -0.3765749003823087, -0.5963904722029029, 0.21591417142090547, -0.24550763554846577, 0.08075835784395032, -0.0779498097286024, 0.7003988740187951, 0.22040197750042034, 0.37477359116897474, 0.09118846311843525], [0.16685015604412448, -0.1231340167742604, -0.4048322533105007, 0.11683404069083428, -0.6046126792498537, 0.6389329835261115, -0.6871138898963713, 0.35835276747025857, -0.3080508164766889, 0.4551657992909738, 0.577767301279025, -0.06218065253908881], [-0.5231010092034881, -0.5447388445795955, -0.3012440145667391, 0.2176333074552086, 0.3243840190157461, -0.12997267788669128, -0.2736239518905571, 0.5974858965710537, 0.10963291211960705, -0.5365674996664752, 0.052538681599237, 0.039476895150883644]], "inverted": true, "swapped": false, "error_lsq": 0.04010913658832959, "error_max": 0.22465872256285996, "target": "1101.xyz", "model": "5.xyz", "model_rescale": 4.2253639853439635, "target_rescale": 3.8674775996993103},
{"mapping": [6, 4, 7, 11, 9, 5, 0, 8, 1, 2, 10, 13], "R": [[-0.42565539370331995, -0.10087106492366643, -0.8992455249109877], [-0.9042953510635857, 0.011538255351160098, 0.42675143433647433], [-0.03267114714941127, 0.9948325974376883, -0.09612855569145218]], "T": [0.013148308412791219, -0.030336419730416626, -0.07379682229931492], "aligned_model": [[-0.4717335785382986, 0.56459994191657, -0.4345015859261741, -0.6876733182035933, 0.07567735095017808, -0.15693268880126765, 0.17965821287272085, 0.10469893158422111, 0.7048232957871877, 0.12602933026617116, 0.48016751448009576, 0.008323645045476415], [0.1150778093656128, -0.05802556560191747, -0.5373641354361587, 0.19295079175531465, -0.4113641106887473, 0.5770754929331531, -0.8067147252592464, 0.22343542546166129, -0.17021024488656045, 0.4555962065132771, 0.5823168228461785, -0.03879502694800374], [-0.47061192509439176, -0.5165673264134066, -0.4884336316052935, 0.18026155222685583, 0.3989657450087406, -0.02027589936500552, -0.18592990282209382, 0.6140136236692108, 0.12801201505694157, -0.522460359590319, 0.0489286433294113, -0.13399882028246035]], "inverted": false, "swapped": false, "error_lsq": 0.03823670314842763, "error_max": 0.2055918287497148, "target": "1101.xyz", "model": "6.xyz", "model_rescale": 3.89814844738969, "target_rescale": 3.8674775996993103},
{"mapping": [6, 0, 8, 9, 11, 5, 7, 10, 4, 1, 2, 12], "R": [[0.9341297359433689, -0.17600589139568018, -0.31052143665193893], [-0.09829357959790391, 0.7094835337461594, -0.697833423929302], [0.3431326400041282, 0.6823892155779387, 0.6454494169388666]], "T": [0.09678912384211186, -0.10646565145896586, -0.14839159837500837], "aligned_model": [[-0.3893399342311949, 0.3751196519274609, -0.4429906041750962, -0.6575131877895053, -0.12149126681964414, -0.27497662938293743, 0.3887728599807261, 0.07915143161777641, 0.615211654201397, 0.2282268091387089, 0.5430608344604198, 0.14990543250517638], [0.07054024877828549, 0.032850927098482474, -0.5134373816254951, 0.17249038990138715, -0.6116785087093213, 0.5749739369676525, -0.6655312612527531, 0.27902225712531853, -0.22027534994975395, 0.6399498177190364, 0.3979658628066944, -0.03289219880497039], [-0.583963981803685, -0.6525080487543684, -0.1748231776253008, 0.24039809887836994, 0.44528677342616574, -0.14576175450118228, -0.3313282576929074, 0.47610151383716026, 0.2173695544687373, -0.523071053762538, 0.07055645993661161, -0.006352412288872955]], "inverted": false, "swapped": false, "error_lsq": 0.03814284433271634, "error_max": 0.20300743872278396, "target": "1101.xyz", "model": "7.xyz", "model_rescale": 3.7474275329858107, "target_rescale": 3.8674775996993103},
{"mapping": [4, 12, 9, 8, 7, 2, 11, 3, 10, 1, 0, 14], "R": [[-0.6210689806631724, 0.7266580670194421, -0.2936688183882931], [0.24237285573318557, -0.17825696418229964, -0.9536665316158742], [-0.7453379904860269, -0.6634700508358148, -0.06541231980424628]], "T": [0.07792419137422427, -0.009354581428297296, -0.10585990954832411], "aligned_model": [[-0.5620920413219943, 0.43465917305585344, -0.3515632407665208, -0.5855937713136418, 0.16828601932039025, -0.32454665246091985, 0.15352993725831673, -0.09419117330074286, 0.7267563986118087, 0.3500868538759767, 0.5223119017059266, 0.055493646768833914], [0.17551049828426515, -0.13790675519055248, -0.6237906687475141, 0.07284827212521729, -0.5459252361430745, 0.7193400327319838, -0.600246340144089, 0.38161836694386314, -0.35814884436722516, 0.6586954787969583, 0.35719084080051244, 0.024793094964218658], [-0.5162621147491899, -0.5925395888703215, 0.02959960588488378, 0.029036050045459505, 0.3037793274312408, -0.2308033967986507, -0.28365376844377554, 0.4700315662251895, 0.07475761086527416, -0.31666413678972094, 0.21410454781563407, -0.14948198849783312]], "inverted": false, "swapped": false, "error_lsq": 0.054845133123587776, "error_max": 0.34651440339041767, "target": "1101.xyz", "model": "8.xyz", "model_rescale": 4.019505241142653, "target_rescale": 3.8674775996993103},
{"mapping": [4, 5, 8, 7, 9, 0, 11, 1, 6, 3, 2, 12], "R": [[0.29385707966858987, 0.8358866772235478, -0.46361781627632126], [-0.286443197845605, -0.3857317239756548, -0.8770184328318038], [-0.9119201232216734, 0.3905182453598628, 0.12608405491743346]], "T": [0.14673944428535535, -0.022021056254838287, 0.032135592372052366], "aligned_model": [[-0.37454448784686756, 0.3724076128720862, -0.34558118534071197, -0.7521216692615261, -0.16212709801140712, -0.25850137091523984, 0.22506664142036328, 0.08073256810165438, 0.8586289268658945, 0.23812399694861924, 0.45772042452208844, 0.15333269207833328], [0.23538975524836225, -0.10737155359465578, -0.44915510860438, 0.08298340785105658, -0.522238199476804, 0.4861571124170807, -0.6113096226657594, 0.1868778536061651, -0.16748913805106952, 0.5523767730509985, 0.4789571226449124, -0.04119966237134333], [-0.5591320352426793, -0.5942140619205912, -0.14482155033248373, 0.007503273220369561, 0.38102573282738306, 0.018685363678765082, -0.15185723270361362, 0.6711267033633639, 0.021447293319612322, -0.6004597008170803, -0.015654117963418958, -0.0017459533114374745]], "inverted": false, "swapped": false, "error_lsq": 0.04954167936389441, "error_max": 0.2507438675735492, "target": "1101.xyz", "model": "9.xyz", "model_rescale": 3.877068213659057, "target_rescale": 3.8674775996993103},
{"mapping": [5, 6, 4, 1, 2, 0, 13, 8, 14, 12, 11, 15], "R": [[0.22655095350791837, 0.7543623882757168, 0.6161266530670537], [0.3985298383643451, 0.5054035328019373, -0.7653373354048592], [-0.8887342872861055, 0.41893275854995826, -0.18613626840511324]], "T": [0.10030198935534784, -0.06984934305402654, -0.07875136110060302], "aligned_model": [[-0.4883753707638945, 0.45625050735200917, -0.41907380289507, -0.7114747357354457, 0.10515992951939532, -0.17924207261361164, 0.4035843308009442, -0.0459340500549853, 0.764623927913614, 0.15651401066969958, 0.3796577588994191, 0.07144661834121316], [0.2336078973894475, -0.09339979339591889, -0.5013466154237194, 0.21268392329350275, -0.5750064469152373, 0.6752701866284199, -0.7519433535873871, 0.2520795637753467, -0.4246625989763393, 0.49058700522085386, 0.590695564586118, 0.01541340745947653], [-0.49392374836642416, -0.5817927152152744, -0.12511481768805627, 0.039992532263631225, 0.3515369826706656, -0.05830534590217369, -0.27976399285657916, 0.6070326687027469, 0.1269315550849177, -0.5696144009656978, 0.09530625946458898, -0.08038126307415536]], "inverted": false, "swapped": false, "error_lsq": 0.03973768837226511, "error_max": 0.20827352146275302, "target": "1101.xyz", "model": "10.xyz", "model_rescale": 4.260839863003843, "target_rescale": 3.8674775996993103},
{"mapping": [7, 10, 8, 1, 2, 0, 9, 3, 4, 6, 5, 11], "R": [[-0.6768215337028426, 0.7257998912523403, 0.12299239559510741], [0.21455149379008842, 0.354310556778905, -0.9101822267367479], [-0.7041876653482182, -0.5896427284492821, -0.39552646530707986]], "T": [0.033267069073712865, -0.03074104668615333, -0.09052910357219508], "aligned_model": [[-0.3908288053448305, 0.34655763285286345, -0.3272755178459403, -0.5989241872860092, -0.06768206804121293, -0.33210575074462534, 0.36388415116805206, 0.03138339336677713, 0.6711128955628708, 0.25980545436603947, 0.5605134165596419, -0.023303563180339347], [0.18550652524930888, -0.11543739583321269, -0.6144738420277123, 0.025222080365918047, -0.40653867040246744, 0.7650566272124784, -0.7399547487242479, 0.29933937305073255, -0.3105702363697989, 0.6779278745664168, 0.36342736826770694, -0.005526215300558475], [-0.5410680100113989, -0.627194123049245, -0.302374504085771, 0.2565486786815264, 0.47422087993056955, -0.14747674804105465, -0.24363537720609024, 0.5378628439294573, 0.1351945877687426, -0.47747103034427807, 0.06196172226138204, -0.09466520571565058]], "inverted": false, "swapped": false, "error_lsq": 0.03926626690571631, "error_max": 0.17831793531832324, "target": "1101.xyz", "model": "11.xyz", "model_rescale": 3.890672605050136, "target_rescale": 3.8674775996993103},
{"mapping": [4, 7, 10, 11, 9, 0, 12, 6, 5, 3, 8, 13], "R": [[0.2952264834466888, 0.8634428000337364, -0.4090328281954919], [-0.40736353225351757, 0.501007795425338, 0.7635745815000523], [0.8642316101958082, -0.05880238084417572, 0.49964587854341114]], "T": [-0.07341977591506986, 0.09299794490413082, 0.056256417039082865], "aligned_model": [[-0.3553650560533182, 0.5321921900236524, -0.5292973638901248, -0.5171220776424044, 0.11144209745524887, -0.1467107802378071, 0.11433160290015558, -0.04019881880434979, 0.5891736600688814, 0.24750206876706027, 0.5089468779065555, -0.02175734906026254], [0.14621064535791037, -0.10318014747302445, -0.5866659055186626, -0.148425058553175, -0.48145174651220835, 0.64506102625327, -0.5256013746186353, 0.31101592285715723, -0.3108339942930617, 0.6218284850871849, 0.516117782247913, 0.03990310521989564], [-0.5830653418142525, -0.5109406149167421, -0.30398402995857227, 0.2744429536053227, 0.5478396305717361, -0.14008339717055185, -0.31417096907596265, 0.5886311659138569, 0.10975300861533023, -0.6296084277937406, 0.08803265975132163, -0.09494292360955585]], "inverted": true, "swapped": false, "error_lsq": 0.04428705467794395, "error_max": 0.33011955148452626, "target": "1101.xyz", "model": "12.xyz", "model_rescale": 4.124412569039231, "target_rescale": 3.8674775996993103},
{"mapping": [0, 9, 5, 4, 10, 1, 7, 2, 11, 6, 8, 12], "R": [[-0.08761983630083271, 0.5468031971701869, -0.8326638144239707], [-0.42765206213799706, 0.7342848299012195, 0.5271996797476793], [0.8996868777723358, 0.40228354694344476, 0.16950359825935057]], "T": [-0.016239643711075225, -0.009563418098132463, -0.28589467160488313], "aligned_model": [[-0.5475669682278617, 0.5644919691854231, -0.5236928724240643, -0.587544733797005, 0.15026256697319282, -0.18301867326779936, 0.12538199495302793, 0.0367955791485132, 0.6611120479061663, 0.29172698938762515, 0.5093465973045811, -0.004157445708511856], [0.08703242935586639, -0.11304604119962955, -0.5719130400078092, -0.01607693536126234, -0.4465398128164714, 0.7577130148229155, -0.6106498664739869, 0.26184530385776245, -0.07618518457176846, 0.5250425470281841, 0.3725684058266532, -0.04581208040588969], [-0.49832797848142396, -0.5322347059051509, -0.28594446134818013, 0.25433150684660333, 0.28501540589745433, -0.07063685016091686, -0.3941354566955288, 0.5301445948715666, 0.4402658391857327, -0.5446722396692142, 0.01845790896145827, -0.17035984938421023]], "inverted": false, "swapped": false, "error_lsq": 0.047857322285600586, "error_max": 0.35827764040298105, "target": "1101.xyz", "model": "13.xyz", "model_rescale": 3.9028299243045295, "target_rescale": 3.8674775996993103},
{"mapping": [12, 9, 2, 8, 3, 13, 6, 4, 7, 14, 10, 15], "R": [[0.701882833257614, -0.04891075650339938, -0.7106111639121142], [-0.7119746290124714, -0.07797199769319949, -0.6978628054412167], [-0.021274774283602638, 0.9957550429066363, -0.08955042437188608]], "T": [-0.08137406513114956, -0.0598281623257904, -0.07806468875622354], "aligned_model": [[-0.5262734385548882, 0.5916092982268754, -0.5944948101729906, -0.8144238611959326, 0.10986101263601719, -0.19950154850644977, 0.25092337743347615, 0.09584147260982798, 0.7996669301088134, 0.3361515427137758, 0.41525003812529415, 0.028527038009468778], [0.27525450671208035, -0.12363687234972114, -0.5878836223714683, 0.04180962809939938, -0.5148850876585742, 0.7153580560292763, -0.6006234462046748, 0.08291868034615245, -0.08518013838931508, 0.530501836131945, 0.4605064067870939, -0.07016120707762999], [-0.4952270569038162, -0.4573631169523667, -0.08184644488765627, 0.14287628889276055, 0.30277882894653313, -0.21141976492141168, -0.2818467607071269, 0.5603562272334364, 0.1311050936059056, -0.5881955665685438, 0.1167917668715444, -0.10610578049106908]], "inverted": true, "swapped": false, "error_lsq": 0.04572865405269469, "error_max": 0.25331062151394473, "target": "1101.xyz", "model": "14.xyz", "model_rescale": 3.942246331269136, "target_rescale": 3.8674775996993103},
{"mapping": [8, 12, 0, 6, 5, 11, 1, 10, 3, 13, 4, 14], "R": [[-0.41396995686257415, 0.9102890587490216, -0.0016444868557810577], [-0.3600294203610208, -0.1653884237280183, -0.9181641932526388], [-0.8360667983419183, -0.3795003278240768, 0.3961966808186463]], "T": [-0.043483451165244685, -0.007689218480872844, 0.03847202894950351], "aligned_model": [[-0.6040054182368911, 0.4303495915106237, -0.39296090769118397, -0.5392713070549865, 0.14098741082583935, -0.2299345199508601, 0.39016226855352476, 0.01139239523462076, 0.6430023998583808, 0.3188669744606425, 0.37999018898066583, -0.05544202505708837], [0.12478151433082707, -0.14827355192605862, -0.5255758359817817, 0.23230015360551853, -0.5448412592320521, 0.6705543266472809, -0.6362138298178365, 0.406490694732412, -0.21563616789463985, 0.4732919571352288, 0.37542671153948587, -0.08832597308382086], [-0.47835246318129165, -0.612523017898819, -0.34931198524123774, 0.13536832700186968, 0.3216994011828809, -0.10057011249418137, -0.2327283370051314, 0.6167834995392679, 0.08367350098884632, -0.5076864867371123, 0.17097198060538965, -0.01542059264229114]], "inverted": true, "swapped": false, "error_lsq": 0.0399184437416341, "error_max": 0.1994206463681668, "target": "1101.xyz", "model": "15.xyz", "model_rescale": 4.355366556412066, "target_rescale": 3.8674775996993103},
{"mapping": [10, 6, 7, 9, 5, 1, 3, 0, 4, 8, 2, 11], "R": [[-0.4683351005010199, -0.2693216185012004, -0.8415034755998302], [0.7977742661252007, -0.5382554707190224, -0.2717301391996138], [-0.37976104848588343, -0.7985905797396673, 0.4669417865258634]], "T": [-0.012936105867124549, 0.02517171936285701, -0.07112212983277924], "aligned_model": [[-0.24483550644060328, 0.549715538692092, -0.5697873559473112, -0.7029065664984689, -0.10999707932307848, -0.21673788118308232, 0.13888220538654125, 0.15770578143929523, 0.7049883105378639, 0.14477514837119634, 0.5377582044885789, 0.10357625191026396], [0.10044330882231772, -0.12963813334783986, -0.6485116662428204, 0.0447513292490559, -0.3978378769198942, 0.516207874573777, -0.5978614182391614, 0.1792113316945796, -0.17323633490438442, 0.6074228235530885, 0.6368600530801543, -0.013832551264309052], [-0.6523214540092592, -0.6503914966890042, -0.2622464376085367, 0.20000313192806715, 0.40574465534048576, 0.03817377154759516, -0.2118272067027373, 0.6004932383026149, 0.12774593564830128, -0.5435064307665883, 0.081516530673052, -0.10148052354580078]], "inverted": false, "swapped": false, "error_lsq": 0.042851518031227755, "error_max": 0.2699996313960193, "target": "1101.xyz", "model": "16.xyz", "model_rescale": 3.795458400668931, "target_rescale": 3.8674775996993103},
{"mapping": [6, 0, 8, 9, 11, 5, 7, 10, 4, 1, 2, 12], "R": [[0.9341297359433689, -0.17600589139568018, -0.31052143665193893], [-0.09829357959790391, 0.7094835337461594, -0.697833423929302], [0.3431326400041282, 0.6823892155779387, 0.6454494169388666]], "T": [0.09678912384211186, -0.10646565145896586, -0.14839159837500837], "aligned_model": [[-0.3893399342311949, 0.3751196519274609, -0.4429906041750962, -0.6575131877895053, -0.12149126681964414, -0.27497662938293743, 0.3887728599807261, 0.07915143161777641, 0.615211654201397, 0.2282268091387089, 0.5430608344604198, 0.14990543250517638], [0.07054024877828549, 0.032850927098482474, -0.5134373816254951, 0.17249038990138715, -0.6116785087093213, 0.5749739369676525, -0.6655312612527531, 0.27902225712531853, -0.22027534994975395, 0.6399498177190364, 0.3979658628066944, -0.03289219880497039], [-0.583963981803685, -0.6525080487543684, -0.1748231776253008, 0.24039809887836994, 0.44528677342616574, -0.14576175450118228, -0.3313282576929074, 0.47610151383716026, 0.2173695544687373, -0.523071053762538, 0.07055645993661161, -0.006352412288872955]], "inverted": false, "swapped": false, "error_lsq": 0.03814284433271634, "error_max": 0.20300743872278396, "target": "1101.xyz", "model": "17.xyz", "model_rescale": 3.7474275329858107, "target_rescale": 3.8674775996993103},
{"mapping": [8, 11, 0, 4, 2, 5, 1, 9, 7, 10, 12, 13], "R": [[-0.26729439758325363, 0.9616698188594713, 0.06119529814778896], [-0.6125143397717164, -0.21858622819265278, 0.7596355997572308], [0.7438950790229921, 0.1655633423777763, 0.6474634283618459]], "T": [0.06536842406073368, -0.02456414276271899, -0.11628344308696824], "aligned_model": [[-0.4984409344905589, 0.6637295517635426, -0.5552968753689256, -0.6855100239284584, 0.027322458882004373, -0.14033274129577378, 0.25817676166670733, 0.03777304484394477, 0.7434077912959203, 0.13574600063275521, 0.4914976728391039, 0.01506434459302567], [0.11785459237081664, -0.025608742088703708, -0.5848029992721772, 0.21301361449323705, -0.5905761639817438, 0.6669175003190855, -0.6417804687038196, 0.21369046354930646, -0.15592210776263707, 0.4804432581903185, 0.5341815745796733, -0.10343178163879282], [-0.539001271326615, -0.5208814305665468, -0.12331199355879795, 0.14632689110264008, 0.31034944380626645, -0.06374674617751146, -0.3620218583806837, 0.508374386026746, 0.18442735410309802, -0.5815294985908959, 0.13955637007864685, -0.06663793239815716]], "inverted": false, "swapped": false, "error_lsq": 0.03765601249466392, "error_max": 0.19850304493773205, "target": "1101.xyz", "model": "18.xyz", "model_rescale": 3.922800546911778, "target_rescale": 3.8674775996993103},
{"mapping": [0, 12, 9, 2, 11, 1, 7, 6, 13, 5, 8, 14], "R": [[-0.46501930580771744, -0.23927445892184934, 0.852352496643123], [-0.7652475119132693, -0.37546421582129846, -0.5228985256703713], [0.4451441235562469, -0.8954185367443281, -0.008506075357479825]], "T": [0.0684127692371359, 0.048509167791250044, -0.005163017919626756], "aligned_model": [[-0.39299008530843355, 0.5468587517235539, -0.4965089064640025, -0.6408610461770312, 0.15362782527350521, -0.3372912927330357, 0.18067864460133892, 0.004260113021592987, 0.6566035370632086, 0.23971377312504205, 0.5130991946993416, 0.0659465426082067], [0.2990796543671762, -0.11079874179646028, -0.5373529271732459, -0.0483436999239774, -0.5684003541620098, 0.6644820432664521, -0.680434459474959, 0.4334756070982569, -0.2734480577709708, 0.5351543683164063, 0.4506296924151996, -0.0400643851073043], [-0.6553664266704435, -0.6087559903372264, -0.024457885678012093, 0.020897288505142116, 0.3403867595610185, 0.057802486251784635, -0.3121623347842522, 0.5635663106901141, 0.14379641404974366, -0.5676273590636154, 0.11708149405299537, -0.043257042459059224]], "inverted": false, "swapped": false, "error_lsq": 0.046129905379814325, "error_max": 0.28445146015277356, "target": "1101.xyz", "model": "19.xyz", "model_rescale": 3.9282355846067225, "target_rescale": 3.8674775996993103},
{"mapping": [4, 1, 6, 8, 7, 11, 5, 12, 2, 0, 10, 13], "R": [[-0.39642950113365594, 0.9179492773132709, 0.014586806057681478], [0.4986066861687545, 0.2286171768491757, -0.8361372847549173], [-0.7708664106956106, -0.32419640764443475, -0.5483262406010765]], "T": [-0.07770071992717835, -0.04458519207856301, -0.051744121315515194], "aligned_model": [[-0.4626803309649838, 0.5039964637844127, -0.3788811305328061, -0.8216484525216163, 0.068816680958782, -0.14714047599315777, 0.20109168554899615, 0.05565754772322905, 0.7113496614754041, 0.146233770317943, 0.5634878335538802, 0.05285379808320374], [0.21091010837038446, -0.049241817959673556, -0.6107050084393574, 0.0803462842888586, -0.4111848786331934, 0.6601285434112786, -0.6251105874513788, 0.1919260183497701, -0.2604118785294842, 0.44808853194385034, 0.4776021400670625, 0.011631284636446013], [-0.48288295681226573, -0.5240866862025044, -0.17681517251486345, 0.046007996351758666, 0.4301636472826806, -0.16092215305910867, -0.32184634682399954, 0.7539061533437641, 0.045900885643020174, -0.6410852228292168, 0.18998295210193808, -0.12641938236301362]], "inverted": true, "swapped": false, "error_lsq": 0.03972143634982447, "error_max": 0.21907631810640607, "target": "1101.xyz", "model": "20.xyz", "model_rescale": 4.067790424073018, "target_rescale": 3.8674775996993103},
{"mapping": [5, 6, 10, 7, 12, 8, 11, 0, 3, 4, 2, 14], "R": [[-0.2151703314308116, -0.973802277119946, -0.07355850425316501], [-0.5791421797511572, 0.18788891728734458, -0.7932793268412257], [0.786318042591567, -0.1280893431812249, -0.6043980940227802]], "T": [-0.04242541959464935, -0.017566158717061686, -0.1378091179412024], "aligned_model": [[-0.28519117609930966, 0.5557167939992249, -0.49174030869879587, -0.5771777382448942, 0.015215464403904234, -0.3463698108469252, 0.22468343826295462, 0.07495556195747993, 0.6841537225793772, 0.178714839362327, 0.5398180650263371, -0.07964180026839265], [0.23183745674549552, 0.01659999322679831, -0.6963038878094816, 0.23362881516329337, -0.5777278535388018, 0.4648517069087077, -0.5987702566511055, 0.3268968359257801, -0.271904999364056, 0.668529118653614, 0.4121572421987008, -0.08581543140438112], [-0.6145991607491567, -0.5721079425697534, -0.23117960090804793, 0.3178277989171894, 0.3817197754266145, -0.13014708972315356, -0.23207951932906568, 0.47212938716607755, 0.2243227930343681, -0.48829842016649994, 0.035546743975071377, -0.13123105095545431]], "inverted": false, "swapped": false, "error_lsq": 0.043082321875526186, "error_max": 0.23022593910408212, "target": "1101.xyz", "model": "21.xyz", "model_rescale": 4.186013935880536, "target_rescale": 3.8674775996993103},
{"mapping": [5, 11, 6, 0, 7, 2, 4, 1, 10, 8, 9, 12], "R": [[-0.36160759577170587, 0.6671840472621253, 0.6512337474049829], [0.346105395805345, 0.744649961156867, -0.5707078852999162], [-0.8657083814279681, 0.0190232076161424, -0.5001870808980987]], "T": [0.02956801834440509, 0.0006862588267000785, -0.125330521072815], "aligned_model": [[-0.5418294200232461, 0.35565907347413467, -0.2987299333367368, -0.6219096295215254, 0.12511835597773702, -0.30008663480774683, 0.28801532473674163, -0.13262802139675559, 0.7244663289654927, 0.33585211175493507, 0.5341318863775169, 0.025077609232739856], [0.2077529576156003, -0.03234836776136442, -0.4475635751359739, 0.058806195659824576, -0.42446895337997576, 0.6587621747346524, -0.6669436306003094, 0.23564821733968577, -0.36060241372805546, 0.6334395140909441, 0.29361518856147734, -0.03211856734194208], [-0.6040445544940312, -0.6652743291884615, -0.09148690584635819, 0.1812431051248079, 0.46495493393391824, -0.21456673245606306, -0.24817786264230385, 0.5481741624122902, 0.1625692281758544, -0.43107797041590956, 0.0869398382292661, -0.15734919871482006]], "inverted": false, "swapped": false, "error_lsq": 0.048815508546364066, "error_max": 0.3095651410302329, "target": "1101.xyz", "model": "22.xyz", "model_rescale": 4.166573947596378, "target_rescale": 3.8674775996993103},
{"mapping": [9, 4, 11, 14, 6, 10, 2, 13, 1, 8, 7, 15], "R": [[-0.7559988043824657, -0.021523231823641964, -0.6542190445593494], [-0.6488680906735642, -0.10702540842133934, 0.7533364207695581], [-0.08623229486639866, 0.9940232957250605, 0.06694534246654654]], "T": [0.012500367728622827, -0.04389528131995873, -0.12329787574081535], "aligned_model": [[-0.4241567752727622, 0.5654742138459852, -0.512871504460523, -0.6370668572101515, 0.18037098103766558, -0.17298007988327435, 0.30388580072228777, -0.10159122398126107, 0.6345201831462672, 0.23597093916516731, 0.3531182238527121, 0.06846315047117439], [0.14435540628233656, -0.12550578576095706, -0.5506442431582615, 0.21335466206015763, -0.5813336769694183, 0.6317963567785706, -0.6423427737486195, 0.4033596118229448, -0.296825677799103, 0.4416353354302914, 0.5434016791820606, -0.05727215406543826], [-0.4898239789929917, -0.6001764393601619, -0.42210084261811665, 0.24800072395559108, 0.38864651580561477, 0.14123765469223426, -0.2221126895798039, 0.5864621598744475, 0.11590209213511002, -0.7302575647821321, 0.10131602392867206, -0.08518994094027416]], "inverted": false, "swapped": false, "error_lsq": 0.04231019012422243, "error_max": 0.26692996209873665, "target": "1101.xyz", "model": "23.xyz", "model_rescale": 4.274766983524099, "target_rescale": 3.8674775996993103},
{"mapping": [7, 4, 8, 10, 1, 9, 5, 0, 3, 2, 11], "R": [[0.8095689911476083, 0.22225470756595705, -0.543323930576424], [-0.18877958837318826, 0.9749604342153431, 0.11753475540570604], [0.5558419879659088, 0.007415974608941715, 0.8312548873448542]], "T": [0.011231201340442268, 0.13967929935751053, -0.006273348703623602], "aligned_model": [[0.1933426673888542, 0.3203720374081906, -0.4000666805570397, -0.4024467120477795, -0.7029158520062928, -0.6110649285379197, 0.014155803368581299, 0.08155792842049499, 0.6537719739900318, 0.3602055015646716, -0.12701703503371786], [-0.21096940319115995, 0.5967056750418609, 0.5288960058254228, -0.2708550185315045, 0.4034299775400362, -0.3072724122664172, -0.5225770703094171, -0.030240111327486136, -0.139497116596609, 0.6805984743034806, 0.18736753075527673], [-0.5455311311890599, -0.3446869333629819, -0.5103021132548179, -0.3562562571520032, 0.19752279294978486, 0.3144371186425571, 0.22439964791066708, 0.6930779423646661, 0.19832911011337995, 0.5036760780060252, 0.004900178993359608]], "inverted": true, "swapped": true, "error_lsq": 0.04884000223901992, "error_max": 0.22947473260625717, "target": "1101.xyz", "model": "24.xyz", "model_rescale": 3.7841303162186577, "target_rescale": 3.8674775996993103},
{"mapping": [4, 9, 1, 6, 7, 3, 8, 11, 10, 12, 13, 15], "R": [[-0.4799534451315492, 0.8732474656640917, 0.08416385339085791], [0.11009699384211274, -0.03522281325321075, 0.9932965344616174], [0.8703581690621895, 0.4860022810005836, -0.07923661028175638]], "T": [0.10460857935732605, -0.08533848873479727, -0.13288511490315427], "aligned_model": [[-0.5539288681507167, 0.5717393377212183, -0.3955818080212822, -0.5060959273302633, 0.042903775121304985, -0.31766234573545504, 0.032367020536362964, 0.1125474878501054, 0.7170336319220397, 0.3899319428226863, 0.35017986111671917, 0.049702943580567864], [0.04768281766686064, -0.09069863500261953, -0.5995010952815607, 0.09603705509549657, -0.3720868483814519, 0.5991699546069251, -0.5373997159559871, 0.27530219604956596, -0.35387453572950683, 0.48683023094022754, 0.6274014520556686, -0.054884136009054674], [-0.45744343806117016, -0.4848806148012156, -0.32905540879669853, 0.20795116522964238, 0.44743674016901713, -0.08665369216569276, -0.5068899112109717, 0.544833734895857, 0.26470644905760354, -0.5407888301527122, 0.07615201014426987, -0.1034644901897393]], "inverted": false, "swapped": false, "error_lsq": 0.046409205579020174, "error_max": 0.3476946391949522, "target": "1101.xyz", "model": "25.xyz", "model_rescale": 4.19342608120988, "target_rescale": 3.8674775996993103},
{"mapping": [10, 6, 7, 9, 5, 1, 3, 0, 4, 8, 2, 11], "R": [[-0.4683351005010199, -0.2693216185012004, -0.8415034755998302], [0.7977742661252007, -0.5382554707190224, -0.2717301391996138], [-0.37976104848588343, -0.7985905797396673, 0.4669417865258634]], "T": [-0.012936105867124549, 0.02517171936285701, -0.07112212983277924], "aligned_model": [[-0.24483550644060328, 0.549715538692092, -0.5697873559473112, -0.7029065664984689, -0.10999707932307848, -0.21673788118308232, 0.13888220538654125, 0.15770578143929523, 0.7049883105378639, 0.14477514837119634, 0.5377582044885789, 0.10357625191026396], [0.10044330882231772, -0.12963813334783986, -0.6485116662428204, 0.0447513292490559, -0.3978378769198942, 0.516207874573777, -0.5978614182391614, 0.1792113316945796, -0.17323633490438442, 0.6074228235530885, 0.6368600530801543, -0.013832551264309052], [-0.6523214540092592, -0.6503914966890042, -0.2622464376085367, 0.20000313192806715, 0.40574465534048576, 0.03817377154759516, -0.2118272067027373, 0.6004932383026149, 0.12774593564830128, -0.5435064307665883, 0.081516530673052, -0.10148052354580078]], "inverted": false, "swapped": false, "error_lsq": 0.042851518031227755, "error_max": 0.2699996313960193, "target": "1101.xyz", "model": "26.xyz", "model_rescale": 3.795458400668931, "target_rescale": 3.8674775996993103},
{"mapping": [3, 11, 2, 0, 1, 7, 9, 6, 8, 10, 5, 12], "R": [[-0.18063164797330813, 0.5691309719497576, 0.8021609218342486], [-0.982702729560419, -0.13829386618461303, -0.12316717050502657], [0.04083568372084412, -0.8105336164177503, 0.5842668085659277]], "T": [0.11751433353055497, -0.10134345322177536, -0.16932484276259926], "aligned_model": [[-0.49627436354742027, 0.7113272361240023, -0.5635316004623033, -0.6533467118150078, 0.07593585445654259, -0.2093546344512925, -0.020784637587501473, 0.19554248435010996, 0.7149074544872901, 0.2929047048637104, 0.38737904494892006, 0.0584322200662373], [0.10805572935564565, -0.1638601087842973, -0.6573847695418169, 0.0009284483832069784, -0.4481885481225281, 0.6423817220027359, -0.44192206531405676, 0.14573079652944304, -0.11416640011526843, 0.4838956486005372, 0.5203023671408079, 0.0482059199201544], [-0.5221590481949617, -0.5630919010904342, -0.1265533074140375, 0.1249316762879755, 0.30850659275876613, -0.15390926177556005, -0.3912570253959221, 0.614290421551094, 0.24745896351196148, -0.5359579561758078, 0.1586842721062526, -0.12903971205113665]], "inverted": false, "swapped": false, "error_lsq": 0.050524908601063574, "error_max": 0.3663868953300674, "target": "1101.xyz", "model": "27.xyz", "model_rescale": 3.6321398670334006, "target_rescale": 3.8674775996993103},
{"mapping": [8, 11, 12, 7, 6, 3, 9, 4, 13, 0, 1, 14], "R": [[0.4228983030798491, 0.522413717926133, 0.7404329359062706], [0.6958277865209013, 0.3362254165347318, -0.6346464848886109], [-0.5805004020305305, 0.7836047323738169, -0.22132082288784202]], "T": [0.06168811579988513, 0.06105788254319393, -0.2043273678771294], "aligned_model": [[-0.3927247825048506, 0.6169827564426267, -0.5406855536705226, -0.6316847002790932, 0.11205218382817698, -0.2279539912772091, 0.2300642618547497, -0.0392896044485367, 0.7182406991219138, 0.18185043991085717, 0.3527782205864527, 0.11350712186872268], [0.021725943077049184, -0.04114233404563357, -0.4835555839118327, 0.19466916376668036, -0.48729337237173714, 0.6821878633033759, -0.5612989090890571, 0.15021538596382988, -0.328092426860275, 0.4626598953112639, 0.45012133009477123, 0.06378178481612878], [-0.44720909256362085, -0.5104789875386274, -0.04924072968884055, 0.1154687350640769, 0.3440172309160277, -0.16114083327373435, -0.380093287694229, 0.6131820766898812, 0.0854623385280589, -0.666591938685591, 0.25519780098844097, -0.16666959862365346]], "inverted": true, "swapped": false, "error_lsq": 0.04600129454406557, "error_max": 0.2887633356541866, "target": "1101.xyz", "model": "28.xyz", "model_rescale": 4.156811204709835, "target_rescale": 3.8674775996993103},
{"mapping": [6, 4, 8, 10, 3, 2, 1, 0, 5, 11], "R": [[0.29028298289019094, 0.6713687051131366, 0.6819089760657825], [0.3905138430071159, 0.5674477253218454, -0.7249151794843846], [-0.8736330627123651, 0.47672543546760127, -0.09745835476776306]], "T": [-0.0214739738659811, -0.04467740162058288, 0.016483806897035738], "aligned_model": [[-0.5587102819049328, -0.08833616280239392, 0.0890777239942412, 0.5199243667856674, 0.009514762216161363, -0.7679167177168438, -0.3404179098105903, -0.4196533926727247, 0.25963562368882165, -0.06019263766681798], [-0.11762136222490098, -0.6124145918057713, -0.04644797356583176, 0.329636435895915, -0.3938228002351688, -0.35530540726786675, 0.526152108704393, 0.23019678406887567, 0.3019746397361044, 0.05637249732045553], [-0.48954658112409805, -0.28710942334549566, -0.7335000428739419, -0.15361283086848032, 0.656638062337376, 0.1605619318942255, -0.42343861497378965, 0.5538924181682857, 0.5574198846495524, -0.08251807688853419]], "inverted": false, "swapped": true, "error_lsq": 0.05364266120858795, "error_max": 0.26997106661834436, "target": "1101.xyz", "model": "29.xyz", "model_rescale": 4.117894457231895, "target_rescale": 3.8674775996993103},
