[{"mapping": [0, 3, 1, 2, 12, 11, 13, 9, 10, 7, 5, 4, 6, 14], "R": [[0.3676049079585674, 0.8861843635382441, -0.28203529116954634], [-0.005134381946482414, -0.3013310358495478, -0.9535057655598452], [-0.9299678864169458, 0.351961476093842, -0.10622075870112704]], "T": [-0.07928104790911854, 0.06486971654122121, 0.21565776896468367], "aligned_model": [[0.3647201867896566, 0.21553720142960608, -0.3634462585955733, -0.5094157293614139, -0.5149572847234122, -0.11599058256153885, -0.7679273353799558, 0.012479379459106293, -0.3807312963219506, -0.1313667066706966, 0.6654387563756462, 0.24255227251235784, 0.6457835489898915, 0.008815949186580171], [-0.6700507607407487, -0.504653356424775, -0.5800010346313215, -0.2786995233912643, 0.41023881315654454, 0.3743493692627437, 0.2736501523991115, 0.44302344080724604, 0.6638044204282117, -0.0499043597599301, 0.4264237484086348, 0.7089830593918334, -0.050400889788863854, 0.06851025269261235], [0.27827994741381834, -0.2997136019700768, 0.35553333609928217, -0.277227357047547, 0.44384452122604146, -0.44362733269604016, -0.03979356763599887, 0.640831674682323, -0.025991440837247526, 0.838768243318454, 0.3988844920476933, -0.017434446367085882, -0.018416541507750767, 0.06365016045396846]], "inverted": true, "swapped": true, "error_lsq": 0.05294267260025071, "error_max": 0.41387927022653, "target": "1102.xyz", "model": "0.xyz", "model_rescale": 3.8414455957264533, "target_rescale": 4.321686545461763},
{"mapping": [1, 0, 13, 11, 6, 5, 10, 4, 3, 2, 9, 8, 7, 9, 14], "R": [[0.600059991661634, 0.712030469918038, -0.36461022519306596], [-0.15047143694034254, -0.34718722482771275, -0.9256453843570659], [-0.7856757302298122, 0.6103061861268734, -0.10119291528126861]], "T": [-0.09129285202163438, -0.05162980746226389, 0.015285949728373866], "aligned_model": [[-0.04968035485364823, 0.30730898097504233, -0.3642543906993305, -0.4982706328485301, -0.21823346015458212, -0.05059210683641156, -0.5815513032810339, 0.4096484284176801, 0.14760236421017292, 0.4025160203085626, -0.05242741378006645, -0.774550442985985, 0.39851411018023675, -0.05242741378006645, -0.11576823270672518], [-0.6903614343925797, 0.07955195395556039, 0.511433730609077, -0.16916117740139527, -0.036075436145625625, -0.5293602256148682, -0.4536017502682693, -0.25728905045540473, -0.7945079867034583, -0.09487903857242053, 0.5959278863923279, 0.31326990380645947, 0.36208133425274974, 0.5959278863923279, -0.12934626186586187], [-0.5667692023037495, -0.5758361135632727, -0.41284773399274866, -0.7241874203962171, 0.7857866423454695, 0.4674362365751248, 0.2730581526050431, -0.03550129445261329, -0.05133212971633834, 0.5619915645109461, 0.22663445536173588, 0.17120151215293045, -0.02815634687938562, 0.22663445536173588, -0.022464646593297985]], "inverted": true, "swapped": false, "error_lsq": 0.049716777237539665, "error_max": 0.30769453565224036, "target": "1102.xyz", "model": "1.xyz", "model_rescale": 4.316132596720782, "target_rescale": 4.321686545461763},
{"mapping": [4, 9, 10, 3, 11, 6, 2, 0, 12, 8, 1, 14], "R": [[-0.9898581209586647, -0.11249199835619386, -0.08675511903058958], [-0.09580951303072269, 0.07774421245807878, 0.9923589948411253], [-0.10488773801068202, 0.9906065756571087, -0.08773354364152486]], "T": [0.10630450172010009, -0.006644665715622879, -0.0829349824767139], "aligned_model": [[-0.1641113659462889, 0.4905066957522515, 0.09645542183328464, -0.5512232834075531, -0.4267807197628877, -0.4344612676399835, -0.18538320896996413, -0.1223522562128653, 0.542762998966074, 0.14253139718771066, 0.27711062290099814, -0.06724648006899553], [-0.7127035873184855, -0.3910263111499116, -0.5155577945508117, 0.46702905484662427, -0.30482779636184637, -0.07603120488334857, 0.4267801033943737, 0.59698413017653, -0.23157301730643698, 0.0974020198023792, 0.6898438592148295, -0.0335430281229155], [-0.049071681408871116, 0.10898294285691869, -0.5818335646663351, 0.05909458837667185, -0.4812929344360956, 0.46163333835539005, -0.6054793951482887, 0.4867272906268199, -0.42945194737390396, 0.6833377774280092, -0.12655069720066406, -0.07683725620023021]], "inverted": true, "swapped": true, "error_lsq": 0.04474976473682777, "error_max": 0.26731103440988835, "target": "1102.xyz", "model": "2.xyz", "model_rescale": 3.795458400668931, "target_rescale": 4.321686545461763},
{"mapping": [4, 11, 13, 1, 9, 7, 2, 6, 3, 0, 12, 14], "R": [[0.14708710726213528, 0.9743166323804502, 0.17050654751086836], [-0.9687880462641294, 0.1766812834952309, -0.17387767389233372], [-0.1995372253314855, -0.13960954096800388, 0.9698938456231772]], "T": [0.039218650881254404, 0.1007987447015514, 0.01531481929888378], "aligned_model": [[-0.019116917826435237, -0.2580677353652651, -0.702922313968972, 0.11312215633984002, 0.02615039789943039, 0.16353827779857605, -0.2704313523326175, 0.6782520942555527, 0.4588627516381172, 0.7728144305833395, -0.45446402565044447, 0.08556606237244381], [-0.10074453522569463, -0.5044549998823505, -0.021759148785130633, 0.20508211912641017, 0.5487797352159347, 0.7067923577794732, -0.35865078601978206, -0.25165151956040954, -0.5163985736301298, 0.009063944723793876, 0.43095424032223206, -0.06124378877463743], [-0.7118494903036249, -0.2623014624182949, 0.14678616998311106, 0.7223060332917025, -0.3470873305457481, 0.1618379879811579, 0.5042058281030356, -0.23209543645870673, 0.36150592216997357, 0.45643691130113334, -0.07654133854094658, -0.03443236392369228]], "inverted": true, "swapped": true, "error_lsq": 0.04672132202732369, "error_max": 0.23829903113686138, "target": "1102.xyz", "model": "3.xyz", "model_rescale": 3.7530521520055578, "target_rescale": 4.321686545461763},
{"mapping": [11, 3, 6, 8, 4, 1, 10, 2, 13, 7, 14], "R": [[0.4447207961757055, -0.7522110446361134, 0.4862118445454554], [0.636506144035415, -0.11649833017060207, -0.762422499453308], [0.6301454927665632, 0.6485419673351207, 0.42697772137557344]], "T": [0.039761296354097635, 0.022287020790290712, 0.1001419233601922], "aligned_model": [[-0.3909657549132916, -0.28393297214136737, 0.3055372279877032, 0.6539019765372567, 0.22975065783866447, -0.19433790104244603, -0.1863577440586684, -0.6776124416682006, -0.5376677439182673, 0.4338096023309967, -0.013925304507174538], [-0.5637474288464674, 0.06804856202996923, -0.27014964237508615, 0.21658232622534107, -0.7064094526281015, 0.6870828250133738, -0.4613352825217087, 0.15967336111448902, -0.03901782954195849, 0.47131332450317526, -0.09483740465867987], [0.047038987469001106, -0.6548480650830395, -0.5614022681978349, -0.3292676742556182, 0.1756148163103099, -0.03920452054570883, 0.5723378781165405, -0.01162268529650351, 0.5960207228579415, 0.3175217265146508, -0.019358140644422317]], "inverted": false, "swapped": true, "error_lsq": 0.04783464152018773, "error_max": 0.3139169728631065, "target": "1102.xyz", "model": "4.xyz", "model_rescale": 3.7855080009869324, "target_rescale": 4.321686545461763},
{"mapping": [11, 13, 8, 6, 3, 0, 4, 12, 1, 2, 9, 10, 14, 15, 16], "R": [[-0.4531960955152155, 0.8185032737122371, -0.35308028822367654], [-0.8771801987950587, -0.47997911125117704, 0.013226927246768938], [-0.15864487968927576, 0.31570942919856076, 0.9354995234972032]], "T": [-0.15462706325680423, -0.044810999530303486, 0.012417150777916108], "aligned_model": [[0.1398190255409317, 0.10923208315577412, -0.4333357186479022, -0.43314488622571135, -0.19886008372750608, -0.26334020986288253, -0.5457179415838439, 0.4586962931590791, 0.11783792436905835, 0.30154276067221464, 0.0009583239765681151, -0.6345837176878536, 0.4351169092909085, -0.032481203304448036, -0.11390540695907142], [-0.4993237386897133, 0.11961414871370069, 0.42114441011735143, -0.3165895212277356, 0.050294915529839695, -0.6180444718234677, -0.6719577474475384, -0.24208721459144394, -0.7419695159170805, -0.1145293742811891, 0.4497726336488268, 0.46275697030344237, 0.26808338589500363, 0.7547999511123307, -0.018354497353707765], [-0.5699537782989619, -0.6419606914163021, -0.43537400098124096, -0.5116451790069878, 0.6990137646785757, 0.5301610269543906, -0.014706000432229555, -0.20663037478687743, 0.12571663240425152, 0.5893349330808666, 0.5003661607367594, 0.2197348778069582, 0.1219459093111487, -0.1457625672479358, 0.035407418212947406]], "inverted": true, "swapped": false, "error_lsq": 0.04296819573071306, "error_max": 0.284137053873743, "target": "1102.xyz", "model": "5.xyz", "model_rescale": 4.2253639853439635, "target_rescale": 4.321686545461763},
{"mapping": [11, 3, 8, 5, 6, 7, 9, 4, 1, 2, 0, 12, 10, 14], "R": [[0.4470377165780943, -0.6877390836504003, -0.5719897138728558], [-0.21427205775155486, -0.7031547207703184, 0.6779829820322412], [-0.8684726623351815, -0.18052255116224036, -0.46169994942421044]], "T": [0.05001869814631928, 0.0660343447837547, 0.11080164642266492], "aligned_model": [[0.6862651191156899, -0.15329504619740406, -0.5500112537720675, 0.0005558834903226714, -0.10250339182597668, -0.39333459180505215, 0.05387703425008538, 0.5811451097352633, -0.43671332916514943, 0.20856978895800085, -0.6648185667124008, 0.2965762937291119, 0.7292482168122296, 0.11850088614513035], [0.043935116025629384, 0.11157054299044122, -0.4212009888088556, -0.7778360583880041, -0.5034153691709534, 0.08738597708112911, -0.23095893420578834, -0.47258102808959623, 0.5825441009019738, 0.6583816532800445, -0.019463664791338042, 0.27799440286423704, 0.10469086982433878, 0.004052527121731521], [-0.24484453526186384, -0.6851078690228867, 0.06746771290375772, 0.1766583812513715, -0.38544506694736735, 0.5659221093512433, 0.6047380500090029, 0.13506850524550834, -0.0009253976960604399, -0.3014817900377062, -0.3612836389910109, 0.6162173920896217, 0.323268835491743, -0.03869447945390485]], "inverted": true, "swapped": true, "error_lsq": 0.05090681824782922, "error_max": 0.2937854418590543, "target": "1102.xyz", "model": "6.xyz", "model_rescale": 3.89814844738969, "target_rescale": 4.321686545461763},
{"mapping": [6, 5, 4, 0, 11, 9, 8, 3, 1, 7, 10, 2, 14], "R": [[-0.8559670750529248, 0.4164114101713552, 0.3064668071821878], [0.5006211571381088, 0.5193610481978874, 0.6925623139043107], [0.12922392754842985, 0.7462343057605267, -0.6530203193278622]], "T": [-0.1053129602643164, 0.2012774364394935, 0.09583424279050724], "aligned_model": [[0.08331650806308454, -0.0987373661919582, 0.38334308878373285, -0.4518028471878883, 0.6213866500877296, -0.33299937146917946, -0.541172397556164, 0.13776218621257819, -0.5082439443787461, -0.7214687375119738, 0.3524661028714349, 0.18743314095471936, 0.03734878822685285], [-0.30210717037654744, 0.22849129164012674, 0.50153845761447, -0.57796167334555, 0.23643215445718554, 0.621455243446884, -0.1546344206112887, -0.5814105392355582, -0.14973143881860276, 0.35264549022651515, 0.7412937963601177, -0.06277406140800887, 0.1105441355207422], [-0.4562704814080427, -0.7515836615241074, -0.39797670313078926, -0.022055152903990058, 0.1453712266520949, -0.22634982565696604, -0.435828567860005, 0.16791743543541093, 0.5760557734346107, 0.055928877914904404, 0.17835716541740837, 0.720788593895842, 0.04792035056992394]], "inverted": false, "swapped": true, "error_lsq": 0.04976262685145648, "error_max": 0.3596232047405289, "target": "1102.xyz", "model": "7.xyz", "model_rescale": 3.7474275329858107, "target_rescale": 4.321686545461763},
{"mapping": [13, 12, 0, 1, 8, 4, 4, 11, 13, 9, 5, 3, 7, 6, 14], "R": [[-0.2695220511900566, 0.41349590373500966, 0.8697005240407023], [-0.9478964463835804, -0.2732075208457102, -0.1638596273849091], [0.16985343934017033, -0.8685498190361383, 0.46558674916346865]], "T": [-0.07383135490212306, 0.03624707893803987, -0.07277003795235502], "aligned_model": [[0.07367957073821313, 0.18989147977214949, -0.37610018352622915, -0.6354955013843233, -0.31199257061339064, -0.33534383122387434, -0.33534383122387434, 0.5376482715284918, 0.07367957073821313, 0.4123069982326632, -0.03926083439668096, -0.5640968540119042, 0.4116070146143462, -0.08736432319431152, -0.10598082388417282], [-0.8328890213617274, -0.24148581624719195, 0.5094250512717107, -0.050419981585547724, -0.13540798728036357, -0.6175938272905317, -0.6175938272905317, -0.0757204477816762, -0.8328890213617274, -0.015066027184005598, 0.45182376107695393, 0.4685528847669234, 0.45720212247977693, 0.8492966173218184, -0.013624145545260667], [-0.24870978520979742, -0.5564613901623681, -0.4176604544144078, -0.564526102710559, 0.5428792854688691, 0.2683005411303202, 0.2683005411303202, -0.06677879347291697, -0.24870978520979742, 0.5115046464555046, 0.5095720989365038, 0.22199421974163513, 0.1531150492977406, 0.002764095397224234, -0.07993603536290865]], "inverted": false, "swapped": false, "error_lsq": 0.056722382736389056, "error_max": 0.4173430338691644, "target": "1102.xyz", "model": "8.xyz", "model_rescale": 4.019505241142653, "target_rescale": 4.321686545461763},
{"mapping": [11, 3, 2, 13, 10, 12, 1, 4, 9, 6, 0, 7, 14], "R": [[-0.8866600355009555, -0.4415102255999907, -0.1374870980713821], [-0.3465286844484225, 0.4375278904580906, 0.8297512976342604], [-0.3061892426260108, 0.7833505382406644, -0.5409344525339197]], "T": [0.08019664015386244, -0.03500000641556092, 0.09122993825721135], "aligned_model": [[-0.26254779812895424, -0.6252369889031638, -0.0573250552211505, 0.42881629655681164, 0.28040056538211156, 0.6245946254644498, 0.1953554862618113, -0.1244598460572838, 0.41027270182436526, -0.6027303810145678, -0.3756691698769925, 0.5107615938214415, -0.08253125836770211], [-0.5769491933972428, 0.297401134914541, 0.07888722342714974, -0.3446096205617416, -0.6884830664702913, -0.2760721601273214, 0.6058841925098662, -0.7103737577372455, -0.2159353990415415, -0.0005691868754208462, 0.6780271517542776, 0.31120218887420836, -0.09503127915517892], [-0.25604433290452133, -0.17098153555893483, -0.6257839363922834, -0.5134886632536034, -0.11092755215795999, 0.009511883803608442, -0.2123803558606618, 0.36468319586691167, 0.5276990007549199, 0.44650724911027395, 0.24917099224023068, 0.405730380766551, 0.06300716762934833]], "inverted": true, "swapped": true, "error_lsq": 0.05604846371400729, "error_max": 0.3884999778434435, "target": "1102.xyz", "model": "9.xyz", "model_rescale": 3.877068213659057, "target_rescale": 4.321686545461763},
{"mapping": [12, 6, 10, 11, 7, 1, 0, 3, 5, 4, 2, 9, 13, 14, 15], "R": [[0.3748010567943277, -0.768669063413425, 0.518335835898873], [-0.4089151088444287, 0.3647080675115381, 0.836526424717563], [-0.8320532444408857, -0.5254863427750787, -0.17762742460630412]], "T": [-0.06692815228103528, -0.006649635252688059, 0.021217512485221603], "aligned_model": [[-0.06420209423857111, 0.26363323950096723, -0.342002683999074, -0.6667879703770069, -0.2287768427509665, -0.1932823507308003, -0.5069744214308547, 0.5112330027417905, 0.15553294654586874, 0.3334669579852056, -0.06999676837986517, -0.5211859508046904, 0.46459109009027516, -0.1125655981515108, -0.11484840383545197], [-0.49120910483024144, 0.07499221064211228, 0.34276618572834844, -0.15773142197599596, -0.12180229507335791, -0.7052221324425416, -0.6554978196910461, -0.26348487315509667, -0.7549481268720833, -0.11879117496054672, 0.46448244254911325, 0.4648280318510311, 0.5546671770701217, 0.750702402144719, -0.08014116699591717], [-0.5474562997866285, -0.49295011619912393, -0.5314608438018037, -0.3812719514987007, 0.8129443818955011, 0.5201540744923407, -0.11706245783644631, -0.029048600578254435, 0.06066202023210486, 0.5552575020850703, 0.48852951405473016, 0.10490721198599633, 0.014201305785081244, -0.16278428539458573, 0.0010266755800807208]], "inverted": false, "swapped": false, "error_lsq": 0.04235058888006963, "error_max": 0.2757085077356946, "target": "1102.xyz", "model": "10.xyz", "model_rescale": 4.260839863003843, "target_rescale": 4.321686545461763},
{"mapping": [13, 11, 6, 4, 8, 9, 12, 2, 3, 0, 1, 14], "R": [[-0.17706917972987035, 0.8023885015666132, -0.5699291167710915], [0.9753763213520397, 0.06570438029019637, -0.21053257742317308], [-0.1314820799027533, -0.5931741961383408, -0.7942649656758629]], "T": [-0.03044252590689997, 0.12481808334286915, -0.12164939282585813], "aligned_model": [[0.5916009925180697, 0.24020101162040766, -0.46166561208194445, -0.366627945034375, -0.6463425087130875, -0.43470465623042165, 0.10069838513113938, 0.670698069975682, 0.16564720527845547, -0.19805798897679308, 0.3229030422599276, -0.025451346652929953], [0.19589767832717833, -0.480178498306958, -0.4018198707286218, -0.3425763124279473, 0.20469557194859575, 0.3809158409907854, 0.46810625109665066, -0.03458378234465426, -0.3593951452263221, 0.09665777956094909, 0.4940961747081881, -0.04873718206490979], [-0.5587854327239703, -0.42580938763377363, 0.23959274267917857, -0.6128850879744216, 0.3405181539446663, -0.442864482484257, -0.5971681468845176, 0.048598439115403985, 0.5139356505516679, 0.7223167175167824, 0.3832802336152839, -0.09455132232653783]], "inverted": false, "swapped": true, "error_lsq": 0.05029006531575538, "error_max": 0.27856266420857484, "target": "1102.xyz", "model": "11.xyz", "model_rescale": 3.890672605050136, "target_rescale": 4.321686545461763},
{"mapping": [13, 12, 4, 2, 11, 0, 7, 3, 1, 8, 5, 9, 6, 14], "R": [[0.6586840486708581, -0.7325944820117811, -0.17158277580356723], [0.01232423248261616, 0.23851535804152119, -0.971060521940852], [0.7523187072778941, 0.637507450077421, 0.16613492641676336]], "T": [0.10658286349350804, -0.015221935624611448, -0.013884818930537113], "aligned_model": [[0.6508201348663101, 0.19997644698405878, 0.4351731768274, 0.5499983176691372, 0.7994804703396923, -0.38602669740004675, -0.44945978446117246, 0.22304699223098776, -0.15637018332457825, -0.5412198929399663, -0.17893508603663216, -0.14458487064645703, 0.0020691455439098144, 0.20590766514105072], [-0.2190741869291017, 0.1064102784258384, 0.6515218705250188, -0.6058573743027276, 0.11529429479236002, -0.41436860485627774, -0.029307110757004876, -0.4477040600919982, -0.6805357513764961, 0.13330168089466254, 0.6904606904330097, 0.4273290959606164, 0.20034490928291107, 0.0043367878269543365], [-0.5091912060307147, -0.5949579926333974, 0.12849414146816157, 0.009004651043138245, 0.17223479497245014, 0.5685106639963451, -0.3217335629361408, 0.6762436470064592, -0.08011584415508712, 0.38310934650232314, 0.35946818920222556, -0.2845440494771833, 0.7185116470086037, 0.12975600938967782]], "inverted": true, "swapped": true, "error_lsq": 0.04965793502369094, "error_max": 0.3808102660507455, "target": "1102.xyz", "model": "12.xyz", "model_rescale": 4.124412569039231, "target_rescale": 4.321686545461763},
{"mapping": [2, 11, 6, 13, 3, 1, 10, 7, 4, 12, 8, 5, 14], "R": [[-0.11281262640312356, -0.9746664055351744, -0.19312873749179066], [-0.5273910530718984, -0.10599349478070713, 0.842985205210558], [-0.8420997497112463, 0.1969537432630208, -0.5020729374811401]], "T": [0.10423616507938868, 0.02140355683569853, -0.07512434851930663], "aligned_model": [[-0.2045832579147692, -0.21852971492070963, 0.7252838507682251, -0.6370965886201434, 0.5153686476559476, 0.2014490872566552, -0.4913514568936478, 0.2504363744621334, 0.01914552525478068, -0.3819848765850802, 0.8401062343587081, 0.6046924895962633, 0.14436199309139458], [-0.28969202698760277, 0.4798669893791888, 0.39891505489627066, -0.08704991188197236, -0.0743058256908021, -0.6747989101894247, 0.41150844567149125, -0.3208163578622042, 0.7707144255196212, -0.02489934256552187, 0.00801066051073479, 0.6242576174929354, 0.1257745582157629], [0.519721443234439, 0.391154064430537, 0.18096471043436682, 0.07232719752490102, 0.6310567731695896, 0.07328420795043059, -0.10803229049643748, -0.5905500914245212, -0.13902638687771143, -0.42527850068502726, -0.3151824972278714, -0.3991789514883124, 0.06043840242345605]], "inverted": false, "swapped": true, "error_lsq": 0.04318988734417866, "error_max": 0.274843369453306, "target": "1102.xyz", "model": "13.xyz", "model_rescale": 3.9028299243045295, "target_rescale": 4.321686545461763},
{"mapping": [7, 3, 4, 10, 12, 11, 14, 6, 9, 1, 8, 5, 2, 0, 15], "R": [[0.7077517599310735, -0.10424149931949478, 0.6987282419754424], [-0.4294409866360036, 0.7218585743236373, 0.5426791295715565], [-0.5609526587079916, -0.6841446546565064, 0.4661311040827096]], "T": [-0.08263827389966713, 0.012604845497937549, 0.05768882862026545], "aligned_model": [[-0.09095777085393, 0.2967844319953086, -0.3378961502458109, -0.6270337283120596, -0.3388431275147271, -0.03567903592003633, -0.5683841658791023, 0.4879182404146578, 0.05251498170187294, 0.374498525080174, -0.22658218886663758, -0.5163082250781542, 0.4345956082159165, 0.07001006006326418, -0.06680330263542075], [-0.47844919895819876, 0.19200020259451495, 0.29984257600613623, -0.2810157733616124, 0.0072798322514659106, -0.5680270826362546, -0.7118466813973492, -0.2959713786736517, -0.722952779050661, -0.2333253691227185, 0.679085033293775, 0.28113100613319025, 0.44894329167128305, 0.7714134364372681, -0.0844967811985688], [-0.7035106637802941, -0.40333737599469743, -0.5006132192162664, -0.3579710364673253, 0.7046594664230154, 0.5121314348286504, 0.20692544070705718, -0.09611052150427127, -0.1461101775902415, 0.44851235951100976, 0.42044421200861837, 0.101573998717827, 0.34790881610985513, -0.2391687427834938, 0.0003141400459193838]], "inverted": true, "swapped": false, "error_lsq": 0.04527283511154485, "error_max": 0.3386626731381234, "target": "1102.xyz", "model": "14.xyz", "model_rescale": 3.942246331269136, "target_rescale": 4.321686545461763},
{"mapping": [3, 5, 2, 1, 8, 13, 12, 10, 4, 11, 8, 0, 6, 7, 14], "R": [[0.8271609545676425, 0.5054521883373725, 0.2456070856952382], [-0.38476130842709233, 0.8279262274068196, -0.40804031358357634], [-0.40958941731472837, 0.24301491163480632, 0.8793066939054364]], "T": [0.041078137306827564, -0.08386264453162479, -0.03816492507694064], "aligned_model": [[-0.13010820264963435, -0.08392083237077315, -0.25744594482000493, -0.604419908987159, -0.21904584279131883, -0.1388295679564472, -0.6115455306797168, 0.7406049644026227, 0.3280813418461316, 0.36527863907039154, -0.21904584279131883, -0.5370684962019571, 0.3210445346404287, 0.003076574779260724, -0.048821733325189035], [-0.6258302718625781, -0.00662856336950296, 0.4724862233098968, -0.28537667556370794, 0.2987083849928445, -0.680078009745029, -0.5642318735664128, -0.20066812848454907, -0.5944660646861992, -0.19014248189023078, 0.2987083849928445, 0.3704855516323904, 0.29373510066023106, 0.7678158885252881, -0.05090713095666686], [-0.47806748069376614, -0.6555705554980562, -0.46712556229354546, -0.4846689041280412, 0.5821703460742957, 0.4844155016285246, 0.06862463407123004, -0.11574851312863252, -0.014138172628341966, 0.5924773312648237, 0.5821703460742957, -0.03253734360508992, 0.26486667150746074, 0.026480768550146583, -0.05770093617994114]], "inverted": false, "swapped": false, "error_lsq": 0.05053293211971396, "error_max": 0.3421119802960055, "target": "1102.xyz", "model": "15.xyz", "model_rescale": 4.355366556412066, "target_rescale": 4.321686545461763},
{"mapping": [4, 9, 10, 3, 11, 6, 2, 0, 12, 8, 1, 14], "R": [[-0.9898581209586647, -0.11249199835619386, -0.08675511903058958], [-0.09580951303072269, 0.07774421245807878, 0.9923589948411253], [-0.10488773801068202, 0.9906065756571087, -0.08773354364152486]], "T": [0.10630450172010009, -0.006644665715622879, -0.0829349824767139], "aligned_model": [[-0.1641113659462889, 0.4905066957522515, 0.09645542183328464, -0.5512232834075531, -0.4267807197628877, -0.4344612676399835, -0.18538320896996413, -0.1223522562128653, 0.542762998966074, 0.14253139718771066, 0.27711062290099814, -0.06724648006899553], [-0.7127035873184855, -0.3910263111499116, -0.5155577945508117, 0.46702905484662427, -0.30482779636184637, -0.07603120488334857, 0.4267801033943737, 0.59698413017653, -0.23157301730643698, 0.0974020198023792, 0.6898438592148295, -0.0335430281229155], [-0.049071681408871116, 0.10898294285691869, -0.5818335646663351, 0.05909458837667185, -0.4812929344360956, 0.46163333835539005, -0.6054793951482887, 0.4867272906268199, -0.42945194737390396, 0.6833377774280092, -0.12655069720066406, -0.07683725620023021]], "inverted": true, "swapped": true, "error_lsq": 0.04474976473682777, "error_max": 0.26731103440988835, "target": "1102.xyz", "model": "16.xyz", "model_rescale": 3.795458400668931, "target_rescale": 4.321686545461763},
{"mapping": [6, 5, 4, 0, 11, 9, 8, 3, 1, 7, 10, 2, 14], "R": [[-0.8559670750529248, 0.4164114101713552, 0.3064668071821878], [0.5006211571381088, 0.5193610481978874, 0.6925623139043107], [0.12922392754842985, 0.7462343057605267, -0.6530203193278622]], "T": [-0.1053129602643164, 0.2012774364394935, 0.09583424279050724], "aligned_model": [[0.08331650806308454, -0.0987373661919582, 0.38334308878373285, -0.4518028471878883, 0.6213866500877296, -0.33299937146917946, -0.541172397556164, 0.13776218621257819, -0.5082439443787461, -0.7214687375119738, 0.3524661028714349, 0.18743314095471936, 0.03734878822685285], [-0.30210717037654744, 0.22849129164012674, 0.50153845761447, -0.57796167334555, 0.23643215445718554, 0.621455243446884, -0.1546344206112887, -0.5814105392355582, -0.14973143881860276, 0.35264549022651515, 0.7412937963601177, -0.06277406140800887, 0.1105441355207422], [-0.4562704814080427, -0.7515836615241074, -0.39797670313078926, -0.022055152903990058, 0.1453712266520949, -0.22634982565696604, -0.435828567860005, 0.16791743543541093, 0.5760557734346107, 0.055928877914904404, 0.17835716541740837, 0.720788593895842, 0.04792035056992394]], "inverted": false, "swapped": true, "error_lsq": 0.04976262685145648, "error_max": 0.3596232047405289, "target": "1102.xyz", "model": "17.xyz", "model_rescale": 3.7474275329858107, "target_rescale": 4.321686545461763},
{"mapping": [11, 3, 2, 6, 10, 9, 13, 1, 4, 12, 5, 0, 7, 14], "R": [[0.16792502096195303, -0.9143917781851036, 0.3683596928579619], [-0.3198316678953261, 0.3029180741747576, 0.8977462584436373], [-0.9324746063814402, -0.2685671542198347, -0.24158392357116418]], "T": [0.019305807633676078, 0.0046586114515312915, 0.09740072480886544], "aligned_model": [[0.3678374791041478, 0.07809258011091184, 0.6671731741797868, -0.4689269046786867, 0.3553936642146306, -0.30773703340404857, 0.7224784353520515, 0.23858984288121882, -0.18382707962443567, 0.24626881065451117, -0.7379845499743782, -0.33531376666818774, -0.24972978699932402, 0.022532782734678916], [-0.48775651845619766, 0.3539665474634643, 0.22141815470862214, -0.032786198559968935, -0.6054678061373584, -0.2310825597115944, -0.20116139807787012, 0.6867316882644285, -0.7093276654102425, -0.2069170804235051, -0.35688679354628766, 0.673528488940035, 0.3108712149628699, -0.05472183250516198], [-0.3122761045026978, -0.645169178960301, -0.18415671166108546, -0.49759798948763734, 0.24833143608135763, 0.5093013750327604, 0.31249313360193504, 0.15091854180548825, -0.050082467410521164, 0.6120717964619158, -0.023831165814381078, -0.3125075406440151, 0.5852596777451279, -0.06796008358629058]], "inverted": true, "swapped": true, "error_lsq": 0.042803092148287966, "error_max": 0.26929957033241536, "target": "1102.xyz", "model": "18.xyz", "model_rescale": 3.922800546911778, "target_rescale": 4.321686545461763},
{"mapping": [12, 13, 11, 7, 2, 0, 3, 8, 5, 1, 10, 9, 6, 10, 14], "R": [[0.645673924143797, 0.7622667656757754, 0.045327272441026446], [-0.7631594537899925, 0.6461984836371828, 0.0038945906031471675], [-0.02632169773610849, -0.03710657207555151, 0.99896459924118]], "T": [0.03819107163664927, -0.08023949226774371, -0.02078036800712656], "aligned_model": [[-0.11619036609159038, 0.09941215156183718, -0.2833014372581463, -0.6194599706365509, -0.34429448015010944, -0.22238035173772697, -0.46096668293348403, 0.6072917839423885, 0.2830521829317327, 0.3782052345743664, -0.10860339416891933, -0.6913060555733153, 0.5441633074571762, -0.10860339416891933, -0.0491843755834238], [-0.6779033821635254, 0.046067919931029516, 0.42909875902978445, -0.1376698281865976, 0.12095723531141242, -0.6684602599726535, -0.4761492087691612, -0.1949630615479571, -0.7968031460969112, -0.14884622991304092, 0.6762999257198015, 0.21585948379658146, 0.32448691771792393, 0.6762999257198015, -0.08466471658786912], [-0.5082004034653727, -0.6931732321993549, -0.40086026126446633, -0.4706780032219349, 0.5504933337100135, 0.5126439447479038, 0.03619573239799921, -0.21405099672842848, 0.07468316624572399, 0.6331817933503014, 0.21733754627743607, 0.1863488758988245, 0.21577068684573558, 0.21733754627743607, -0.0613815978564541]], "inverted": true, "swapped": false, "error_lsq": 0.046033294261069176, "error_max": 0.28397439665830443, "target": "1102.xyz", "model": "19.xyz", "model_rescale": 3.9282355846067225, "target_rescale": 4.321686545461763},
{"mapping": [12, 13, 2, 10, 9, 11, 4, 3, 5, 8, 1, 7, 0, 14], "R": [[0.7374481579348782, 0.1909670719364981, 0.6478439563617581], [0.2768549672240765, 0.7894362903580199, -0.5478518692029114], [-0.6160531969577064, 0.5833711690697173, 0.5292981556896083]], "T": [-0.056313309215451225, -0.13208357655377215, 0.06047987810546093], "aligned_model": [[-0.5599271758574345, -0.19988793149267856, 0.404994494120732, -0.37456692576603073, -0.5817283187376485, 0.17727236167712834, -0.25056571360866314, 0.7606391616308493, -0.2359339147557442, 0.017646707756156933, 0.21223452096993442, -0.42012213883571903, 0.5140680219372641, 0.06839967004652989], [-0.4328382148699279, -0.7513139081495739, -0.6792241512576458, -0.2696755458852754, 0.096083658130143, -0.13137214168535133, 0.3395657449969325, -0.05199050091496002, 0.6965190776555659, 0.4173730677344827, -0.5752661714731118, -0.16539783892373414, 0.08920698541986624, -0.05878797335257373], [-0.07022020217899866, -0.36262588796864703, -0.12343237367186319, -0.5622339068023474, 0.12429089671306931, -0.6303307463560578, -0.4986297589856833, 0.11575862968141612, 0.05306257348467694, 0.6007940045463254, 0.5581188812260202, 0.5807547699673178, 0.6661715206348575, -0.03929524304640296]], "inverted": true, "swapped": true, "error_lsq": 0.04158951283575473, "error_max": 0.3204445774653109, "target": "1102.xyz", "model": "20.xyz", "model_rescale": 4.067790424073018, "target_rescale": 4.321686545461763},
{"mapping": [6, 11, 12, 3, 8, 4, 2, 13, 6, 5, 7, 0, 1, 9, 14], "R": [[-0.2876326340610775, 0.5101356844934667, 0.8105732855389872], [0.841299839956053, 0.5390339542741418, -0.04070596307056551], [-0.45769208766703195, 0.6702268120166222, -0.5842208258364548]], "T": [-0.045519960341514065, -0.025081530050801683, 0.021708381459192388], "aligned_model": [[-0.014936873890556424, 0.1172539907345366, -0.26680788777722697, -0.5909988734054864, -0.08480452115716386, -0.1421103515700108, -0.6324519470667443, 0.6332884265574723, -0.014936873890556424, 0.35218512384482253, -0.2327270955584098, -0.7112817028708248, 0.4314419122734552, 0.0710028744636562, -0.006282048521647314], [-0.7256238043310833, -0.0654662613026715, 0.4531032308692067, -0.2224066557136419, 0.02268846407168328, -0.639458778433834, -0.479365691777727, -0.03892627712961104, -0.7256238043310833, -0.23685734155735375, 0.5431473212118283, 0.14696824931752187, 0.5032964876054058, 0.7388593546222793, 0.02927584086769892], [-0.21464326220912572, -0.6027161282391006, -0.5345153635326665, -0.6005942513775259, 0.5885793082742061, 0.5273598303129442, 0.07517495888631866, -0.14902826349764656, -0.21464326220912572, 0.4030845638971707, 0.46750364649171927, 0.1995234683461204, 0.4299107134076233, -0.06115688969083655, -0.018190937844712447]], "inverted": false, "swapped": false, "error_lsq": 0.04970519088563794, "error_max": 0.37701824215882684, "target": "1102.xyz", "model": "21.xyz", "model_rescale": 4.186013935880536, "target_rescale": 4.321686545461763},
{"mapping": [7, 8, 9, 13, 2, 12, 1, 0, 4, 6, 3, 11, 14], "R": [[-0.2251280050333768, -0.7148336297283615, -0.6620651502375486], [0.5735017586513362, 0.45210503262997803, -0.6831520857718808], [0.7876630714801326, -0.533492194207209, 0.3081768397307966]], "T": [0.09111547822105148, -0.05832056686338418, -0.03773333155312655], "aligned_model": [[0.03889012048997447, -0.44772395289484135, 0.3750861092658088, 0.6255944724796694, 0.01373623097283122, 0.6210373261385708, -0.30123505572225673, -0.7653222180225916, 0.46025959701691355, -0.3971180818142685, -0.5623357722121662, 0.3544214940030086, 0.043283765722572726], [-0.34695462907218333, 0.19183657666097584, 0.08090911058059805, -0.4280943939911482, -0.4315120455286363, -0.30059718303480426, -0.6593338701426938, -0.09660462875589024, 0.600714124370587, 0.5363009048180457, 0.04250091517107544, 0.2695519414272387, 0.06023983704292859], [-0.6017506697897259, -0.5341056860541992, -0.5195723533572378, 0.3631131309272546, 0.595300622202031, -0.1848647914294671, -0.00583670541123546, -0.1165720570248289, 0.009134148948236748, 0.005279009162335133, 0.4518772002275895, 0.55804485788911, 0.08283285504548335]], "inverted": true, "swapped": true, "error_lsq": 0.048692015988967344, "error_max": 0.26058259561635666, "target": "1102.xyz", "model": "22.xyz", "model_rescale": 4.166573947596378, "target_rescale": 4.321686545461763},
{"mapping": [14, 5, 7, 10, 3, 11, 9, 6, 12, 2, 4, 8, 1, 0, 15], "R": [[-0.15846815827159844, -0.6717573482556389, 0.7236227662798899], [0.8892005212040899, 0.22148146875802277, 0.4003353495348171], [-0.4291972459189165, 0.7068861464630224, 0.562229223746219]], "T": [-0.10640267707466451, -0.1192256012764645, 0.02847853780965575], "aligned_model": [[-0.28701249069660045, 0.29707095499361924, -0.2776156161293803, -0.49549375776846205, -0.23923896400448463, -0.10076265972548176, -0.6119871991599851, 0.6474570777351935, 0.17344163082705288, 0.36336765906688717, -0.1489294198630965, -0.7477186078116137, 0.4314938803612767, -0.04152413551506608, -0.05471420014454387], [-0.7153936464004254, 0.22966757827659176, 0.3379911509132192, -0.13632688048096217, -0.11582042100625092, -0.713185358684876, -0.4104904167815484, -0.20952748318639958, -0.7109189035802966, -0.007805225207981076, 0.45676044597563714, 0.3391639763285612, 0.34841386591851264, 0.6882532572478438, -0.0771716053430072], [-0.4593139594848092, -0.6091299303652358, -0.49404286717542184, -0.6112533671928861, 0.6147972034157323, 0.547394064856251, 0.16989375820209296, -0.022986714238779356, -0.002627001456073249, 0.49721147911771335, 0.48266469224778935, 0.20923254840768596, 0.037405076181415135, -0.07411011029233475, 0.010513258792222577]], "inverted": true, "swapped": false, "error_lsq": 0.0409618028320701, "error_max": 0.24538167647989614, "target": "1102.xyz", "model": "23.xyz", "model_rescale": 4.274766983524099, "target_rescale": 4.321686545461763},
{"mapping": [11, 6, 5, 9, 8, 7, 12, 1, 2, 0, 14], "R": [[0.7361614154476617, -0.47382944633367713, 0.48327220713922325], [0.4267188279977467, 0.8791869325283406, 0.2119938194939576], [-0.5253355234879178, 0.05015967960950571, 0.8494154427034788]], "T": [-0.00037847151170662674, -0.06403412758418109, 0.00643844586130151], "aligned_model": [[0.5056567441071885, 0.040950622496748156, -0.4948079067343634, -0.532083379939563, -0.43896600757519433, -0.5110569044615332, -0.1930837508111365, 0.1620287687753758, 0.6779547302629241, 0.0527920982036736, 0.11050968963395512], [-0.16895959797774848, 0.6510835799833494, 0.3986864320104838, -0.20781653009182405, 0.5599817410813517, -0.12430106250676062, -0.6329185880175134, -0.02578411805117116, -0.22552044504047442, 0.6629797418522227, 0.028155378001567796], [-0.5080526588927544, -0.27763079832922155, -0.5037871456362862, -0.1632953939971986, 0.1389420765959509, 0.38024066945519275, -0.013509890829770145, 0.70524754142074, 0.25093313067986533, 0.46446733767857507, -0.09398843412351579]], "inverted": true, "swapped": true, "error_lsq": 0.0520584268773951, "error_max": 0.235720647476365, "target": "1102.xyz", "model": "24.xyz", "model_rescale": 3.7841303162186577, "target_rescale": 4.321686545461763},
{"mapping": [13, 10, 7, 11, 4, 5, 3, 9, 12, 2, 1, 6, 8, 0, 15], "R": [[-0.906189907774628, 0.321305620273207, -0.27492280630799], [0.2657804525805348, -0.07291521934962963, -0.9612721372292455], [-0.32890819702995694, -0.944164217267338, -0.019321717275074812]], "T": [-0.008739258963457106, 0.00618377689361569, -0.05902216665098503], "aligned_model": [[-0.24019727478438274, 0.2756104819951564, -0.2957463553129615, -0.5557191984020262, -0.3175622322892515, -0.056757989371716264, -0.5923084872422162, 0.5317356142212134, 0.218137849563099, 0.4038129823137573, -0.03771713380106255, -0.7094236468389309, 0.34334052455362774, 0.017052053381477597, -0.07642303582046758], [-0.6616340797849343, 0.19554381834536164, 0.44552393151101083, -0.1444705631978053, -0.025678297820521202, -0.623643379604888, -0.4981222478724612, -0.2117558098435321, -0.710547134174245, -0.20555069577119806, 0.5635075169320075, 0.09769762275124647, 0.34134540798930235, 0.7403737525749619, 0.0010204919543135849], [-0.39435259247683874, -0.7579807525452861, -0.4429658022097071, -0.5762685149475038, 0.6194448717521208, 0.5495422916528755, 0.17362408159712578, -0.1093208397446087, 0.04095525667348035, 0.5357569429600721, 0.43249276228069944, 0.09161998165733887, 0.2773768385774854, -0.09939340849643324, -0.04488298571545819]], "inverted": false, "swapped": false, "error_lsq": 0.03793935289428442, "error_max": 0.30859026184559857, "target": "1102.xyz", "model": "25.xyz", "model_rescale": 4.19342608120988, "target_rescale": 4.321686545461763},
{"mapping": [4, 9, 10, 3, 11, 6, 2, 0, 12, 8, 1, 14], "R": [[-0.9898581209586647, -0.11249199835619386, -0.08675511903058958], [-0.09580951303072269, 0.07774421245807878, 0.9923589948411253], [-0.10488773801068202, 0.9906065756571087, -0.08773354364152486]], "T": [0.10630450172010009, -0.006644665715622879, -0.0829349824767139], "aligned_model": [[-0.1641113659462889, 0.4905066957522515, 0.09645542183328464, -0.5512232834075531, -0.4267807197628877, -0.4344612676399835, -0.18538320896996413, -0.1223522562128653, 0.542762998966074, 0.14253139718771066, 0.27711062290099814, -0.06724648006899553], [-0.7127035873184855, -0.3910263111499116, -0.5155577945508117, 0.46702905484662427, -0.30482779636184637, -0.07603120488334857, 0.4267801033943737, 0.59698413017653, -0.23157301730643698, 0.0974020198023792, 0.6898438592148295, -0.0335430281229155], [-0.049071681408871116, 0.10898294285691869, -0.5818335646663351, 0.05909458837667185, -0.4812929344360956, 0.46163333835539005, -0.6054793951482887, 0.4867272906268199, -0.42945194737390396, 0.6833377774280092, -0.12655069720066406, -0.07683725620023021]], "inverted": true, "swapped": true, "error_lsq": 0.04474976473682777, "error_max": 0.26731103440988835, "target": "1102.xyz", "model": "26.xyz", "model_rescale": 3.795458400668931, "target_rescale": 4.321686545461763},
