[{"mapping": [0, 12, 10, 1, 2, 5, 3, 11, 6, 9, 7, 13], "R": [[0.32805374007505944, 0.9441168511145414, 0.03200179782962334], [-0.872287373570921, 0.31575128138673086, -0.3733843411437896], [-0.362623057087535, 0.09457536541933234, 0.9271245971951612]], "T": [-0.06837698351101922, -0.008476311752416116, -0.019481966597204074], "aligned_model": [[-0.668529900858636, 0.008296224589909959, 0.7032055697338658, -0.3535407199665518, -0.6462391046800867, 0.18103537073764153, -0.4611398866956159, 0.6221006297936404, -0.1306497405831813, -0.02838075651587387, 0.32282258404789715, 0.04700037987607282], [-0.470005039873986, -0.569745187504314, -0.6307364494061579, -0.24006891802958935, 0.1564614025711067, 0.4117078703431041, 0.3301620560352073, 0.017426473727970883, 0.7341438740484033, -0.5056515262874886, -0.021718365538898637, -0.025936462760251883], [0.12958225948758523, -0.1387223802383768, 0.16185090206392824, -0.46455569257014606, 0.46023583036411514, -0.5970977481565868, -0.08476338464149658, -0.11762243772272168, 0.15135025388664045, 0.5171373394684498, 0.6271879869561534, 0.094197712325749]], "inverted": false, "swapped": false, "error_lsq": 0.05043313488703547, "error_max": 0.2483930538557795, "target": "1103.xyz", "model": "0.xyz", "model_rescale": 3.8414455957264533, "target_rescale": 3.830520241182993},
{"mapping": [13, 12, 1, 8, 9, 10, 6, 3, 2, 0, 4, 14], "R": [[-0.4884620257914125, -0.3682259401355671, -0.7910843863779814], [0.4996101467226194, -0.8613057842710592, 0.09242319661761464], [-0.7153981762987324, -0.3500885644983186, 0.604684584189108]], "T": [-0.05979966155907137, -0.05106394017555102, 0.11829923418020996], "aligned_model": [[-0.5559568656607253, -0.09464105239593681, 0.6867950362695013, -0.6200831179941325, -0.7045244651391895, 0.12302312665322546, -0.29241867641543534, 0.7134351638557399, -0.018359677293516945, 0.06543186920242991, 0.27802785720669043, 0.015251451190431704], [-0.6208184507922445, -0.5180950635890982, -0.48815842598078807, -0.19412546799564656, 0.06890317279504767, 0.07341931561510671, 0.6173873568944827, 0.07282873996301484, 0.6334511682883367, -0.4791132193865485, 0.10418854987590662, -0.08382794836246397], [0.18197675838845373, -0.48416035045157735, 0.11176786206867176, -0.4201413337597736, 0.30657429744542014, -0.5293588913369717, -0.2119861441765781, 0.10666348693882735, 0.39092814241844687, 0.6897957326622596, 0.5152708537521659, 0.08145022727394804]], "inverted": false, "swapped": false, "error_lsq": 0.05048025699292231, "error_max": 0.2649388783428029, "target": "1103.xyz", "model": "1.xyz", "model_rescale": 4.316132596720782, "target_rescale": 3.830520241182993},
{"mapping": [6, 10, 7, 8, 4, 1, 2, 9, 0, 3, 5, 11], "R": [[-0.12880608766172336, -0.14168400451098218, -0.9814961205460838], [-0.023959376362947017, 0.9898965737656147, -0.13975235787419177], [0.9913803205962782, 0.005515080491660357, -0.1308993652451815]], "T": [0.015543818695735213, -0.05955910381619623, 0.03435151150352467], "aligned_model": [[-0.6389956347277755, 0.03966087659337988, 0.6355101452496142, -0.4100455676409498, -0.5415453486020945, 0.1183690946901427, -0.5952402799987739, 0.7289777211827995, 0.019756915360761164, -0.016825272636555484, 0.3481442581297784, -0.09178625812124502], [-0.5520594047005984, -0.5449128143448267, -0.6443456160135792, -0.13853639954492353, 0.10575907915760119, 0.2572714246195967, 0.4599313546799566, 0.08499779238061372, 0.6117640915479158, -0.4779859903475476, 0.11341286625215519, -0.08925665636125765], [0.1058883589343092, -0.36700362024857025, 0.30661537041811876, -0.5978449585987945, 0.5409591399443092, -0.3941839505910114, -0.20606032276923986, -0.10730608898453683, 0.26504931333322285, 0.5392160392662829, 0.5589632986146733, 0.09448806190452994]], "inverted": true, "swapped": false, "error_lsq": 0.04835071532902855, "error_max": 0.3084688152641509, "target": "1103.xyz", "model": "2.xyz", "model_rescale": 3.795458400668931, "target_rescale": 3.830520241182993},
{"mapping": [10, 1, 0, 6, 5, 8, 3, 7, 9, 4, 7, 11], "R": [[-0.4910508098116853, 0.5945677278133897, 0.6366775629988157], [-0.7704593144896009, 0.04464400428825738, -0.635924018729694], [-0.4065237347308299, -0.8028051631148949, 0.4361677695297587]], "T": [-0.10238481668519708, -0.211860951941167, 0.006988961504422443], "aligned_model": [[-0.5632693018549233, 0.2542825855024793, 0.3974772915202426, -0.37196226516422914, -0.6278716507634369, 0.058026334523853, -0.5175947518242094, 0.5596604959424744, -0.08828695603771505, -0.06646529442582169, 0.5596604959424744, 0.0023236661178939744], [-0.6686890383468083, -0.40517718910389405, -0.7757259916668686, -0.03896708251722983, 0.0825773438925495, 0.3548422932996033, 0.43611615265820464, 0.09718936129870692, 0.6061107554441665, -0.3449479194580041, 0.09718936129870692, -0.2544783194740273], [0.35036095541330164, -0.4743487978970086, 0.2177068628115656, -0.4877149962400625, 0.3689202985093705, -0.5065075150489243, -0.20466265604867132, 0.22944391094371108, 0.299013239689575, 0.6330499651785269, 0.22944391094371108, 0.08407546296819823]], "inverted": true, "swapped": false, "error_lsq": 0.06564726954281863, "error_max": 0.42859684735984915, "target": "1103.xyz", "model": "3.xyz", "model_rescale": 3.7530521520055578, "target_rescale": 3.830520241182993},
{"mapping": [5, 8, 6, 4, 3, 10, 1, 7, 2, 9, 11], "R": [[0.9347592014502408, 0.23176722679758732, -0.26927530129342403], [-0.27735904439238884, 0.002390648709467979, -0.9607633659192513], [-0.22202971827629173, 0.9727683369545413, 0.06651741742466319]], "T": [-0.06029676262372754, -0.1074227150026455, -0.007623989581881896], "aligned_model": [[-0.36418701470915166, -0.14761789120820376, 0.2682983080333452, 0.7075347588763945, 0.33700101764559887, -0.2652064495636018, -0.15036310559647542, -0.7331155296969503, -0.41960587500800667, 0.20485145779625055, -0.09939007412399423], [-0.6694797075483254, 0.0818112398025013, -0.3562085118279116, 0.05899930775200085, -0.5299436624021046, 0.5845653295787734, -0.3935304680276536, 0.12308294899913072, 0.23419859088014855, 0.40027203884564805, -0.06656374773786164], [-0.12986974606485446, -0.6867754641554815, -0.6295148282693913, -0.23502605207059749, 0.009739781038843027, -0.0684019050809947, 0.5232183969525623, 0.12394658872015787, 0.7766348985712848, 0.36922152758304444, 0.03965758002074341]], "inverted": true, "swapped": true, "error_lsq": 0.047739948424294194, "error_max": 0.3285149583427251, "target": "1103.xyz", "model": "4.xyz", "model_rescale": 3.7855080009869324, "target_rescale": 3.830520241182993},
{"mapping": [11, 14, 15, 1, 4, 2, 0, 9, 5, 8, 10, 16], "R": [[0.9034321779961567, 0.26758627543672087, -0.33497445418871025], [-0.35214862776649625, 0.017488859425889337, -0.9357806814409858], [-0.24454374603185952, 0.9633751735403427, 0.11003013806598874]], "T": [-0.07789710847864874, -0.15544758893596644, 0.11742206208701991], "aligned_model": [[-0.6940011353117193, 0.2949479201422433, 0.6119491276474532, -0.6611783632831583, -0.6965291003553404, 0.10523406124975006, -0.42346359276319434, 0.5726056869783777, -0.07247149359811163, 0.16648998658828484, 0.4343185114756294, -0.0419209592911324], [-0.6470535463844364, -0.4538558476943677, -0.5761997559152243, 0.0002440146424929901, 0.20040265472847163, 0.10421873913351076, 0.48600264496141055, 0.02079358381765914, 0.6209208332734303, -0.5136625300416893, 0.10912091539215041, -0.16489197858830207], [0.011707167102497806, -0.36178195946364966, 0.2798963405767708, -0.33935692315443666, 0.31149897100713053, -0.5495277563547537, -0.1611444213468863, -0.11214096058445341, 0.3461705709751953, 0.6717386482514514, 0.5630709589404985, 0.07865000527392858]], "inverted": false, "swapped": false, "error_lsq": 0.04851706912910405, "error_max": 0.2492254504368663, "target": "1103.xyz", "model": "5.xyz", "model_rescale": 4.2253639853439635, "target_rescale": 3.830520241182993},
{"mapping": [8, 11, 12, 5, 10, 6, 2, 7, 4, 9, 0, 13], "R": [[0.9386589678846584, -0.311718108501164, 0.147482754388995], [-0.24840027202473552, -0.9078342432658035, -0.33783767050470204], [0.23920001435565474, 0.2804796027993173, -0.9295776167409541]], "T": [-0.07484821329812871, -0.029820683091206786, 0.14070605190097113], "aligned_model": [[-0.5651779957161692, 0.00961083746446699, 0.6356739391825755, -0.48822319645629697, -0.8359374854334375, 0.19399244271638513, -0.35575230821797965, 0.6967672136402617, -0.17195164030855398, 0.026848985512214846, 0.4945155105681043, -0.04438565347248931], [-0.5594573216855612, -0.5845196235177809, -0.596580083139904, -0.11870738929428346, 0.14122172031859975, 0.07965162210357765, 0.4477456078875378, 0.06802326898540981, 0.62648990049366, -0.43293336099843766, 0.09600833082852944, 0.01909705534375849], [0.2985876883601914, -0.3984873670565546, -0.07209859503997157, -0.3304218959115493, 0.14100682670400191, -0.4332786902238828, -0.2377050198388726, -0.01558665419763744, 0.3871581862878507, 0.587644835348966, 0.6912100559988181, 0.12075127079193276]], "inverted": false, "swapped": false, "error_lsq": 0.05489304772814857, "error_max": 0.2839231646442326, "target": "1103.xyz", "model": "6.xyz", "model_rescale": 3.89814844738969, "target_rescale": 3.830520241182993},
{"mapping": [9, 10, 11, 5, 6, 2, 1, 4, 0, 8, 7, 12], "R": [[-0.8485586950138301, 0.2395296457742805, -0.4717771612866325], [-0.33255472658422647, 0.45207025486232777, 0.8276713348275391], [0.4115282431898398, 0.85921943266197, -0.30395142966126404]], "T": [0.043441502844848955, -0.008625179264719743, 0.17055082971473667], "aligned_model": [[-0.47023185252253774, 0.07664746441163248, 0.44411848438212037, -0.6083053871920557, -0.5825571285168785, 0.15138864778910022, -0.4628728508406301, 0.6246781239961556, -0.0640296588285777, -0.10243670649129022, 0.4910477844110675, 0.0985337288809758], [-0.7175717743198246, -0.3886368398611267, -0.6956991126250167, -0.09841146233054344, 0.033772683993971056, 0.23375796190313142, 0.5167459698514458, 0.034907992940084245, 0.5700436725024679, -0.42995032010904244, 0.18832561031692174, -0.06124465493736281], [-0.0068760238897761505, -0.4566589956063537, 0.3213080377878538, -0.24144555221752556, 0.4229473149361433, -0.4860660077917017, -0.25656454458388983, -0.10470294688909665, 0.23839400823194318, 0.6793645933337321, 0.608881393024651, 0.020199364887313442]], "inverted": true, "swapped": false, "error_lsq": 0.04576384703139211, "error_max": 0.2164034123823358, "target": "1103.xyz", "model": "7.xyz", "model_rescale": 3.7474275329858107, "target_rescale": 3.830520241182993},
{"mapping": [10, 12, 1, 11, 7, 13, 9, 2, 8, 0, 3, 14], "R": [[0.5965563230791393, -0.1451431651629272, -0.7893377065621437], [0.43868204434473573, -0.7646189010042058, 0.4721398100103866], [-0.6720703961370572, -0.6279262678321458, -0.39246653972354284]], "T": [-0.03558787776236458, -0.0661063270905786, 0.07493603547411574], "aligned_model": [[-0.5696185019956769, -0.09697347413541096, 0.5772671485938166, -0.5468230779028842, -0.6745699977933017, 0.1998228214560464, -0.5381761476382487, 0.7725045227209915, 0.16228961261966032, 0.09937609967758862, 0.19652373363971679, 0.014357910236784177], [-0.593928625099713, -0.45701193163243936, -0.4994310892867649, -0.04307440569375111, 0.019174117491286738, 0.00884428893978298, 0.4969147723711581, 0.15299106551140906, 0.5784222093697449, -0.5239958192403823, 0.1051672276055141, -0.05803208301073927], [0.18207274157243503, -0.39842137251169285, 0.11288583372701454, -0.27803429801571183, 0.2947239513764822, -0.7893995686419802, -0.028759251942725342, 0.16195615203289765, 0.17807565126237426, 0.5291773539374895, 0.73138413418315, 0.043119314243560525]], "inverted": false, "swapped": false, "error_lsq": 0.04926399173239796, "error_max": 0.2714739630979942, "target": "1103.xyz", "model": "8.xyz", "model_rescale": 4.019505241142653, "target_rescale": 3.830520241182993},
{"mapping": [3, 8, 7, 5, 2, 11, 6, 9, 10, 0, 1, 12], "R": [[-0.5728537059434982, -0.1727574173697881, 0.8012449727333839], [-0.2159021787759216, 0.9748180399834869, 0.05582148441740875], [-0.790711629348279, -0.14101299112661164, -0.595726829634956]], "T": [-0.051484174621058226, -0.054924684658963815, 0.07173140270549472], "aligned_model": [[-0.7368094551990388, 0.38858628765909453, 0.5002750070596139, -0.5138288527028855, -0.5272817069495291, 0.07076287103092413, -0.47585346832835307, 0.5899060617406626, 0.13720974861795182, -0.021539590679775983, 0.2503338773466962, -0.06578013011627862], [-0.5670258969679853, -0.36045473622691476, -0.7595909085405393, -0.22637503976526874, -0.03916283483302326, 0.10832800654925996, 0.5081360332213286, 0.10659687403845906, 0.8250150214462434, -0.5413306019885524, 0.19488808198361152, -0.0629842715915129], [0.15261660465312915, -0.3395182869035307, 0.2080813511002494, -0.38364414947675707, 0.42292997123455395, -0.5161918428254366, -0.1041525604787557, -0.10109629243117493, 0.23989939957154685, 0.5020320923986844, 0.6220083759647148, 0.035815978416069656]], "inverted": false, "swapped": false, "error_lsq": 0.04950378722316064, "error_max": 0.2979568252021593, "target": "1103.xyz", "model": "9.xyz", "model_rescale": 3.877068213659057, "target_rescale": 3.830520241182993},
{"mapping": [9, 6, 13, 11, 8, 12, 0, 3, 1, 2, 4, 15], "R": [[-0.4089764032597483, 0.7918225341769279, -0.4536026630723717], [-0.1506097443353248, 0.4316881908102637, 0.8893604504508897], [0.9000305586411875, 0.43204441934202686, -0.057294094175953436]], "T": [0.0041334416920720055, -0.14738674079413983, 0.0645971415661317], "aligned_model": [[-0.4852858881551889, 0.3299221072833612, 0.4911395809034243, -0.5804700469466866, -0.685711318566289, 0.04666707599430298, -0.38427389627406533, 0.600496323361043, -0.07073878153766147, -0.03723005922886987, 0.4093875586158127, -0.037922005970100474], [-0.5466713080522316, -0.38347353077581875, -0.728404277588148, -0.06272544568625513, 0.04129622719709125, 0.1714718331398296, 0.47356703615530327, 0.044861291025911215, 0.6640033045119963, -0.4795937946299099, 0.07007796301329189, -0.07836957098595422], [0.25613266782961486, -0.4027671147621007, 0.21586557274708743, -0.37781273902623536, 0.35414140440378905, -0.6097286813825149, -0.24736789227591613, -0.0361666930027381, 0.3628369021115324, 0.6375569064037911, 0.56115417057617, 0.024936137600813688]], "inverted": true, "swapped": false, "error_lsq": 0.04254701995986759, "error_max": 0.2449682024850086, "target": "1103.xyz", "model": "10.xyz", "model_rescale": 4.260839863003843, "target_rescale": 3.830520241182993},
{"mapping": [9, 5, 6, 4, 8, 3, 2, 0, 1, 10, 7, 11], "R": [[-0.45717808481863004, -0.2970116188911671, 0.838315153749005], [-0.15456967212789044, 0.9547789316092348, 0.25397914917056685], [-0.8758404051080575, -0.013464397453160866, -0.48241299192846926]], "T": [-0.0701858575157701, -0.0637696849997717, 0.08382087070885856], "aligned_model": [[-0.7953102183814824, 0.18163115311258993, 0.6340476253937757, -0.5035847896382087, -0.5281986205979514, 0.1451606316764737, -0.5069144374483595, 0.7802165313954847, 0.05097286711784596, -0.1249233880695214, 0.29687615587676286, -0.033992860958327285], [-0.3702547149838731, -0.4453506095824277, -0.5185368447178706, -0.4465575658053998, 0.16074425903074704, 0.26187809981857046, 0.3608968483995986, 0.1486250985574173, 0.648556897765916, -0.6147988958772828, 0.021877953054736762, -0.021040798335026353], [0.2102916136969028, -0.41376841112982765, 0.1061225891460376, -0.3653357417824722, 0.5892228937048393, -0.5089796701548019, -0.23127214575147892, 0.12551622184964756, 0.11805602912539494, 0.3782769855218906, 0.6200443219884061, 0.11060595500875517]], "inverted": true, "swapped": false, "error_lsq": 0.06273887551660541, "error_max": 0.34533640088763623, "target": "1103.xyz", "model": "11.xyz", "model_rescale": 3.890672605050136, "target_rescale": 3.830520241182993},
{"mapping": [9, 12, 10, 5, 6, 7, 8, 4, 0, 11, 2, 13], "R": [[0.8369373199262908, 0.46744429805633286, 0.2846607642953626], [0.5433265719463742, -0.6470841678344411, -0.5348628945393488], [-0.0658191365151436, 0.6023104747160151, -0.7955437972329177]], "T": [-0.11570627154925112, 0.031866151334229834, 0.17665815219124006], "aligned_model": [[-0.5628995674815285, 0.1628486523448539, 0.5049325705480934, -0.46986756828339765, -0.6037279546745382, 0.05777833995780496, -0.5002761606181372, 0.5648240822250599, 0.026926405059832903, -0.03479930864640193, 0.4609629264107488, -0.010721767363308016], [-0.6010914973870369, -0.4354887161782555, -0.6117455114310567, -0.24725992130733593, 0.11783936085305137, 0.0897925107915817, 0.5324139794293498, 0.18567978831515058, 0.5925327413597604, -0.3305423721983496, -0.1329267733719447, 0.02683613845019156], [0.104525032059962, -0.33237890827863326, 0.1872392520930741, -0.4570851659607882, 0.4707700152402371, -0.6561154045014931, -0.1708312980787444, 0.11126054905737749, 0.29499425885225833, 0.5827077665489254, 0.5585744542230381, 0.04512008996807915]], "inverted": false, "swapped": false, "error_lsq": 0.0439828918600709, "error_max": 0.2605912546549226, "target": "1103.xyz", "model": "12.xyz", "model_rescale": 4.124412569039231, "target_rescale": 3.830520241182993},
{"mapping": [5, 0, 3, 4, 10, 1, 2, 6, 8, 7, 9, 12], "R": [[-0.9528429278562361, 0.27369076109062696, -0.1310866969909195], [0.29165767463604675, 0.9452424790116621, -0.1464665719465764], [0.08382216687875375, -0.17779207846673353, -0.980491622184621]], "T": [0.013408683360548013, -0.13852218930998228, 0.1021854062909002], "aligned_model": [[-0.463550772569514, 0.04707846918594492, 0.6161512789487649, -0.6012971763038442, -0.6045249380714959, 0.20453188013784906, -0.4498983778639207, 0.6062579475217638, 0.1652516185806264, -0.17902889939092687, 0.34590577239282927, -0.09089615308899454], [-0.7265060486153215, -0.548075765793034, -0.5198805112307197, -0.15832090703070595, 0.1012625960057929, 0.2697922016403602, 0.5317444496727409, 0.15355900471110778, 0.5598982665118994, -0.41435900207473564, 0.014496367066569954, -0.07757092353884845], [0.12521880958938833, -0.30757013901195285, 0.09765004177351619, -0.3877339468891948, 0.4266402853302794, -0.5757641351243948, -0.17796582668027736, -0.0018873608809159836, 0.16581488697201685, 0.6312974019823567, 0.6262772676948791, 0.11680335646759248]], "inverted": false, "swapped": false, "error_lsq": 0.045586956433039984, "error_max": 0.22146954388831006, "target": "1103.xyz", "model": "13.xyz", "model_rescale": 3.9028299243045295, "target_rescale": 3.830520241182993},
{"mapping": [14, 9, 7, 11, 13, 1, 12, 3, 8, 10, 4, 15], "R": [[-0.7051690007680586, -0.6590081911612631, -0.2616197323179931], [0.5385719582173645, -0.2578486979783249, -0.8021560289449904], [0.4611690863205075, -0.7065566169340168, 0.5367502406977249]], "T": [0.08334439288393297, 0.10983169751771123, 0.038759919937274755], "aligned_model": [[-0.5507272885599575, 0.08227004802093159, 0.4751002026740601, -0.39990915589014736, -0.6022914152004264, 0.003081329025357113, -0.5441479808716336, 0.7064881351456338, -0.057880978606759836, -0.04178716076546801, 0.42173740081090455, 0.1040475136965882], [-0.507412367851401, -0.5986186663280839, -0.6904808080533237, -0.15108400100619096, 0.04483687429006729, 0.1650660240834056, 0.38947405995153467, 0.0903079086708276, 0.8374551335688754, -0.43120296689516985, 0.03691975066152768, 0.0007787862330374401], [0.04243678551564652, -0.27579116369388695, 0.20202422944631696, -0.45545227558097434, 0.4366676522337822, -0.6036618772424867, -0.07211730482922374, 0.03838125478632686, 0.25584674430493914, 0.5357269090159283, 0.6214582072820088, 0.013261479984916016]], "inverted": false, "swapped": false, "error_lsq": 0.036374983193445426, "error_max": 0.1821559231576075, "target": "1103.xyz", "model": "14.xyz", "model_rescale": 3.942246331269136, "target_rescale": 3.830520241182993},
{"mapping": [9, 0, 1, 6, 10, 8, 11, 12, 13, 5, 3, 14], "R": [[0.5776679178423159, 0.7987561187186784, 0.16819167489860093], [-0.09532392424581684, 0.27065105564244946, -0.9579464262400096], [-0.8106868237254765, 0.5373422269737426, 0.23248699952642046]], "T": [-0.10569483601984739, -0.08069724073441273, 0.09181274118406473], "aligned_model": [[-0.7363262909634399, 0.2589654699589631, 0.6117173596839909, -0.5358734192806562, -0.6998209026404448, -0.0727265638135052, -0.43198721655921557, 0.6632719128763128, 0.22610739789417103, 0.04612512841567604, 0.299405349279401, -0.03287757537217095], [-0.5801449774187779, -0.47513697856994885, -0.39314893075982926, -0.05361897928280768, 0.06224256263894909, 0.08138397372934866, 0.5111543591150046, 0.1953608930343619, 0.6613261747233968, -0.6085358660335655, -0.08232064018192026, -0.13252186366910587], [0.12372249657257749, -0.41034026072663937, 0.30237180329319757, -0.26456142117749454, 0.46002863657246895, -0.6641526675705107, -0.14767836682244884, 0.11544119934196682, 0.07637334393836219, 0.4098011721531984, 0.6854785857004857, 0.05229611994812973]], "inverted": true, "swapped": false, "error_lsq": 0.05503958346383764, "error_max": 0.312623886199545, "target": "1103.xyz", "model": "15.xyz", "model_rescale": 4.355366556412066, "target_rescale": 3.830520241182993},
{"mapping": [6, 10, 7, 8, 4, 1, 2, 9, 0, 3, 5, 11], "R": [[-0.12880608766172336, -0.14168400451098218, -0.9814961205460838], [-0.023959376362947017, 0.9898965737656147, -0.13975235787419177], [0.9913803205962782, 0.005515080491660357, -0.1308993652451815]], "T": [0.015543818695735213, -0.05955910381619623, 0.03435151150352467], "aligned_model": [[-0.6389956347277755, 0.03966087659337988, 0.6355101452496142, -0.4100455676409498, -0.5415453486020945, 0.1183690946901427, -0.5952402799987739, 0.7289777211827995, 0.019756915360761164, -0.016825272636555484, 0.3481442581297784, -0.09178625812124502], [-0.5520594047005984, -0.5449128143448267, -0.6443456160135792, -0.13853639954492353, 0.10575907915760119, 0.2572714246195967, 0.4599313546799566, 0.08499779238061372, 0.6117640915479158, -0.4779859903475476, 0.11341286625215519, -0.08925665636125765], [0.1058883589343092, -0.36700362024857025, 0.30661537041811876, -0.5978449585987945, 0.5409591399443092, -0.3941839505910114, -0.20606032276923986, -0.10730608898453683, 0.26504931333322285, 0.5392160392662829, 0.5589632986146733, 0.09448806190452994]], "inverted": true, "swapped": false, "error_lsq": 0.04835071532902855, "error_max": 0.3084688152641509, "target": "1103.xyz", "model": "16.xyz", "model_rescale": 3.795458400668931, "target_rescale": 3.830520241182993},
{"mapping": [9, 10, 11, 5, 6, 2, 1, 4, 0, 8, 7, 12], "R": [[-0.8485586950138301, 0.2395296457742805, -0.4717771612866325], [-0.33255472658422647, 0.45207025486232777, 0.8276713348275391], [0.4115282431898398, 0.85921943266197, -0.30395142966126404]], "T": [0.043441502844848955, -0.008625179264719743, 0.17055082971473667], "aligned_model": [[-0.47023185252253774, 0.07664746441163248, 0.44411848438212037, -0.6083053871920557, -0.5825571285168785, 0.15138864778910022, -0.4628728508406301, 0.6246781239961556, -0.0640296588285777, -0.10243670649129022, 0.4910477844110675, 0.0985337288809758], [-0.7175717743198246, -0.3886368398611267, -0.6956991126250167, -0.09841146233054344, 0.033772683993971056, 0.23375796190313142, 0.5167459698514458, 0.034907992940084245, 0.5700436725024679, -0.42995032010904244, 0.18832561031692174, -0.06124465493736281], [-0.0068760238897761505, -0.4566589956063537, 0.3213080377878538, -0.24144555221752556, 0.4229473149361433, -0.4860660077917017, -0.25656454458388983, -0.10470294688909665, 0.23839400823194318, 0.6793645933337321, 0.608881393024651, 0.020199364887313442]], "inverted": true, "swapped": false, "error_lsq": 0.04576384703139211, "error_max": 0.2164034123823358, "target": "1103.xyz", "model": "17.xyz", "model_rescale": 3.7474275329858107, "target_rescale": 3.830520241182993},
{"mapping": [1, 11, 7, 3, 0, 10, 8, 12, 4, 2, 9, 13], "R": [[-0.1575420838890601, 0.4796945574330518, 0.8631764729028479], [-0.13893454195200716, -0.8761645282087224, 0.46155488575181725], [0.9776899737935734, -0.04721070935598798, 0.2046789292175092]], "T": [0.0064423328556121595, -0.050928706637144466, 0.06402227191214044], "aligned_model": [[-0.4139141518623104, 0.12776254197674444, 0.45526208921653044, -0.446020670883001, -0.7051252550428098, 0.130061705268689, -0.4352558929145536, 0.7384901823133859, -0.1205861625628181, -0.1588050652652895, 0.4708341758215826, -0.04672284658706782], [-0.6003078378186195, -0.5370323658026546, -0.6451285420849463, -0.16809115734010238, 0.07969881809380283, 0.18766916486036053, 0.4552768842023299, -0.018752767933332276, 0.6949122059248413, -0.3548657716169732, 0.1514582296137936, -0.05879713277339386], [0.06521087931380651, -0.4562865798391637, 0.17762977118145917, -0.4280543193847256, 0.48324823534469835, -0.5717675337190238, -0.19193285769663743, -0.08533494547716691, 0.40579839237850657, 0.6838192400843008, 0.5011766040166081, 0.1552737550206311]], "inverted": false, "swapped": false, "error_lsq": 0.04648034209610149, "error_max": 0.227907511528296, "target": "1103.xyz", "model": "18.xyz", "model_rescale": 3.922800546911778, "target_rescale": 3.830520241182993},
{"mapping": [13, 6, 10, 8, 12, 1, 5, 2, 0, 11, 9, 14], "R": [[0.6811336924542032, -0.07573696398719545, -0.7282312855746486], [-0.45025722033611004, 0.740988628741792, -0.49820105139447335], [0.5773433367926774, 0.667232916125517, 0.4706112058799028]], "T": [-0.10106308143248044, -0.09406020048779101, 0.06156809918920731], "aligned_model": [[-0.5495520538048071, 0.12932711852710738, 0.5594318296143144, -0.5088043981772582, -0.7507514532472955, 0.22666944989027565, -0.525222255768998, 0.5716709211998936, 0.049786188138989856, 0.020041275022966376, 0.47662844074355837, -0.1032444126596646], [-0.5582536943281848, -0.43197803965201137, -0.5556474029698706, -0.2422862277995789, 0.18494965477508712, 0.21240614403642777, 0.48129719440269597, 0.13031509364757016, 0.7279407011615193, -0.6262152622121802, -0.047194855494171434, -0.08929357824219729], [0.2965059393870948, -0.4938593593058485, 0.09740626668366018, -0.3699023140122297, 0.40605694481605153, -0.5272041755678394, -0.20598859229263783, 0.1626307128090882, 0.0628531028284103, 0.5191578039438363, 0.6332492433242436, 0.157875068609464]], "inverted": false, "swapped": false, "error_lsq": 0.050973154873493236, "error_max": 0.2244930881365232, "target": "1103.xyz", "model": "19.xyz", "model_rescale": 3.9282355846067225, "target_rescale": 3.830520241182993},
{"mapping": [2, 7, 12, 5, 1, 6, 3, 9, 4, 10, 11, 13], "R": [[0.03900391899767425, 0.7135595295595552, 0.6995080357491037], [-0.910682627831233, 0.31350328003634104, -0.26902201540553433], [-0.4112612863730585, -0.6265369032875892, 0.6620541240333566]], "T": [0.054099278908050115, 0.011210990234842177, -0.01890549531654786], "aligned_model": [[-0.48243954660772126, 0.12222493176773566, 0.5822103436042037, -0.5348000407894369, -0.630374965337105, -0.058626535788919125, -0.5010550397151736, 0.7103750347135801, 0.1289611043361956, 0.0034679411289626552, 0.312312590775097, -0.056275168608336555], [-0.604641733681083, -0.5014138020849725, -0.6400851366273972, -0.05797925653264735, -0.011385405838429535, 0.20983307663072648, 0.518622451375312, -0.08855200979247144, 0.6221505087878756, -0.5008381637727147, 0.24860910161985347, -0.008279902758945773], [0.08864784735289036, -0.36628496232795765, 0.12147400371128855, -0.38782344454195866, 0.2852083125845998, -0.6310216701998085, -0.04521824429559714, 0.17545062474457956, 0.12433017308893637, 0.6720912344197877, 0.6058594153590081, 0.09606735132752492]], "inverted": false, "swapped": false, "error_lsq": 0.03958202415984988, "error_max": 0.1851827595800903, "target": "1103.xyz", "model": "20.xyz", "model_rescale": 4.067790424073018, "target_rescale": 3.830520241182993},
{"mapping": [13, 10, 1, 11, 6, 12, 3, 7, 2, 5, 8, 14], "R": [[0.3908422291483196, 0.7058955263002116, -0.5907231651659853], [0.10719548117696348, -0.67231105790801, -0.7324663611592358], [-0.9141944436112112, 0.22295593143928716, -0.33843636315624864]], "T": [-0.013880555292868437, 0.00024639493911376986, 0.13151514793900593], "aligned_model": [[-0.2900925007687069, 0.005204239402934328, 0.5243460519946368, -0.48033894245286557, -0.6858098893675766, 0.03233651024569008, -0.430370439974014, 0.7311223766419008, -0.17718862966811513, -0.01728694492546352, 0.39265429946344665, -0.008595481112784378], [-0.6409097702238065, -0.6315162138682839, -0.6185873496417613, -0.10265446677345919, 0.15742369760901626, 0.1383396110288138, 0.6204846592157967, 0.011652967841517758, 0.6743974458941073, -0.36056754832177224, -0.013992465092147022, -0.04803084034291534], [0.07908197020554783, -0.38982792363475033, 0.15724484002058675, -0.3042144008479132, 0.3986540036502347, -0.6206870279556769, -0.27540706592520914, 0.09272753764904523, 0.4009084753973134, 0.5987065602274672, 0.5311331698778639, 0.07046050255878394]], "inverted": false, "swapped": false, "error_lsq": 0.04785780360438765, "error_max": 0.3351623368061658, "target": "1103.xyz", "model": "21.xyz", "model_rescale": 4.186013935880536, "target_rescale": 3.830520241182993},
{"mapping": [8, 5, 3, 2, 9, 0, 1, 6, 7, 11, 4, 12], "R": [[-0.08966513431927958, 0.9457716600906277, -0.3122116760419504], [0.9446368160881952, 0.1800987093640638, 0.2742731131120147], [0.31562865740972107, -0.2703339080744713, -0.909559304700315]], "T": [-0.08174622370366408, -0.033610557570035365, 0.1261201190453666], "aligned_model": [[-0.6844247517649056, 0.12538674819836698, 0.7076925068528974, -0.46789970265145847, -0.6167483837162742, 0.09132830701628086, -0.3767444854599142, 0.4424315188248657, 0.08765306085743721, -0.06770907275508214, 0.39870283275263796, -0.04368792867576945], [-0.504118026960567, -0.5766470907026969, -0.5111013886802461, -0.33303631829300273, 0.10077138124543034, 0.21251643744158352, 0.528761535359164, 0.12104073923160166, 0.6616317391363473, -0.523368895394483, 0.06386965554197371, -0.054280040599998886], [0.18152268004455985, -0.38451285261740054, 0.09253959433962203, -0.43148987671957584, 0.41101473735250493, -0.5305800790275386, -0.23697338211868443, 0.020415248521530982, 0.2881872999965836, 0.5247499067388358, 0.6621074892047315, 0.14179987550812362]], "inverted": true, "swapped": false, "error_lsq": 0.04952240125151582, "error_max": 0.29510949882585025, "target": "1103.xyz", "model": "22.xyz", "model_rescale": 4.166573947596378, "target_rescale": 3.830520241182993},
{"mapping": [11, 9, 14, 3, 2, 8, 4, 10, 0, 12, 5, 15], "R": [[0.4384174520966904, -0.4090284017252358, -0.800303632554011], [0.8924939928547436, 0.09307116761245765, 0.44135272795967917], [-0.10604060738812732, -0.9077629229822912, 0.4058594156150675]], "T": [-0.01892574196653077, -0.0806597308957797, 0.12500272006954066], "aligned_model": [[-0.489645867550475, 0.04510376107721689, 0.5135039509820163, -0.5130089353782562, -0.6315297655908794, 0.04351792370878521, -0.43635292097988926, 0.7200845180652178, 0.03487625354568932, -0.0821867599433308, 0.4140973065940933, -0.022478815051105962], [-0.7044381242742852, -0.4374061970223564, -0.6585357195574238, -0.13314603996616148, 0.05156785395871817, 0.28704757371255524, 0.45378637062841487, -0.0982936103440135, 0.7340577318756497, -0.6325241102685187, 0.3557043556423278, -0.031780357059800896], [0.01815513352323604, -0.3536217129969964, 0.21749989308195827, -0.21345501342801765, 0.3700362182527417, -0.5926122651250889, -0.1577965517667455, 0.004611213029005301, 0.11517602315745601, 0.472601778775541, 0.684591323059605, 0.17359460166059842]], "inverted": true, "swapped": false, "error_lsq": 0.043670448624479365, "error_max": 0.2642815323439715, "target": "1103.xyz", "model": "23.xyz", "model_rescale": 4.274766983524099, "target_rescale": 3.830520241182993},
{"mapping": [10, 7, 2, 9, 1, 0, 4, 3, 6, 5, 11], "R": [[0.08322352415988571, 0.9946636474046564, -0.06097600805296116], [0.7216786223432964, -0.10235219579338356, -0.6846195980754239], [-0.6872072548213465, 0.012971374173106509, -0.7263456011933785]], "T": [0.08465452595189357, 0.12805888621417383, 0.04741722955915856], "aligned_model": [[0.18242387420959577, 0.170077077822325, -0.5527607956064167, -0.37681677386049184, -0.37692863965934564, -0.6115968002416171, 0.043907006133810836, -0.04477044268076344, 0.5750827323003171, 0.32015844063391197, 0.051119024906748585], [-0.03583303753203171, 0.6247660089659239, 0.5113869964035, -0.2105277112685775, 0.49622200226849733, -0.3419630507683371, -0.6588006182958275, -0.005232944320222338, -0.222497114527212, 0.6016053270332822, 0.15646067328448768], [-0.6512314522043314, -0.47134455910417933, -0.5072280862094694, -0.3300393124940721, 0.19960176563482573, 0.37439045739739846, 0.26688247255224024, 0.5971020875784288, 0.4869715187745371, 0.4262219915634535, -0.011760449467253888]], "inverted": false, "swapped": true, "error_lsq": 0.04523992404447383, "error_max": 0.2271281865541445, "target": "1103.xyz", "model": "24.xyz", "model_rescale": 3.7841303162186577, "target_rescale": 3.830520241182993},
{"mapping": [14, 3, 5, 11, 10, 6, 7, 4, 0, 9, 8, 15], "R": [[0.22331032000711215, 0.9746529160082879, -0.013571819880287384], [-0.448821038708601, 0.11517258073783886, 0.8861686926645056], [0.8652700019016342, -0.19179929604335832, 0.4631639600038182]], "T": [-0.03179455269116485, -0.06331424938334546, 0.1421371505780509], "aligned_model": [[-0.5352941187351856, 0.2668285050887763, 0.5791025524269011, -0.4827900924826033, -0.758972003413302, 0.19798456448664956, -0.38092475728008224, 0.6776195740291453, -0.07583099555856788, -0.14337337075909445, 0.26162044813250485, -0.009989656456059436], [-0.6231646752718514, -0.44559215420706455, -0.6838840857558084, -0.09018403206572476, 0.08048074748528161, 0.16325251210863745, 0.4328167758564585, -0.047491686195959046, 0.6515681468388377, -0.38384552012050893, 0.18722002368175727, -0.05513632502894983], [0.39184628124111454, -0.5010500387213761, 0.03708216218290364, -0.47859516453814877, 0.3783384615693413, -0.5043112326197481, -0.09188777574062368, -0.08848285324251176, 0.31046391797649164, 0.6185304548596149, 0.5900188302103502, 0.0768275980458857]], "inverted": true, "swapped": false, "error_lsq": 0.04732035793944919, "error_max": 0.2793918429711428, "target": "1103.xyz", "model": "25.xyz", "model_rescale": 4.19342608120988, "target_rescale": 3.830520241182993},
{"mapping": [6, 10, 7, 8, 4, 1, 2, 9, 0, 3, 5, 11], "R": [[-0.12880608766172336, -0.14168400451098218, -0.9814961205460838], [-0.023959376362947017, 0.9898965737656147, -0.13975235787419177], [0.9913803205962782, 0.005515080491660357, -0.1308993652451815]], "T": [0.015543818695735213, -0.05955910381619623, 0.03435151150352467], "aligned_model": [[-0.6389956347277755, 0.03966087659337988, 0.6355101452496142, -0.4100455676409498, -0.5415453486020945, 0.1183690946901427, -0.5952402799987739, 0.7289777211827995, 0.019756915360761164, -0.016825272636555484, 0.3481442581297784, -0.09178625812124502], [-0.5520594047005984, -0.5449128143448267, -0.6443456160135792, -0.13853639954492353, 0.10575907915760119, 0.2572714246195967, 0.4599313546799566, 0.08499779238061372, 0.6117640915479158, -0.4779859903475476, 0.11341286625215519, -0.08925665636125765], [0.1058883589343092, -0.36700362024857025, 0.30661537041811876, -0.5978449585987945, 0.5409591399443092, -0.3941839505910114, -0.20606032276923986, -0.10730608898453683, 0.26504931333322285, 0.5392160392662829, 0.5589632986146733, 0.09448806190452994]], "inverted": true, "swapped": false, "error_lsq": 0.04835071532902855, "error_max": 0.3084688152641509, "target": "1103.xyz", "model": "26.xyz", "model_rescale": 3.795458400668931, "target_rescale": 3.830520241182993},
{"mapping": [4, 3, 2, 10, 11, 7, 5, 0, 6, 9, 1, 12], "R": [[-0.4470329337680837, 0.8398552271706801, 0.3079038056289427], [0.44071085891278977, 0.5063225359348571, -0.741222927627611], [-0.7784185859568433, -0.1956545092722909, -0.5964761672006418]], "T": [-0.08662561449383496, -0.06146549830740509, 0.2264056025279292], "aligned_model": [[-0.6213140012414018, 0.16503999510651027, 0.6429115132239144, -0.5851844431015755, -0.7516431659942023, -0.02739004256789994, -0.3111086879702777, 0.6580498330104224, 0.18679735066740924, 0.006746181057492709, 0.2938422859773334, -0.060766168688643374], [-0.6444818751908139, -0.5034209864059203, -0.5180441227701102, -0.055394185201831196, -0.1830271811404609, 0.13135773994467406, 0.5694718653424357, -0.07401922907020689, 0.7172522205659163, -0.4383049294698921, 0.17408226992357612, 0.010568140797739344], [-0.04389685029041421, -0.3087731772568705, 0.41119319102965357, -0.28260192402122086, 0.4599628871426168, -0.5606893373859324, -0.11766686186495565, -0.14315369423130955, 0.22135029729184727, 0.40983962617693104, 0.6138518518886557, 0.07936463274429223]], "inverted": true, "swapped": false, "error_lsq": 0.051676226163552, "error_max": 0.2856667658530472, "target": "1103.xyz", "model": "27.xyz", "model_rescale": 3.6321398670334006, "target_rescale": 3.830520241182993},
{"mapping": [12, 9, 10, 6, 7, 13, 4, 11, 1, 8, 0, 14], "R": [[-0.8163256856405977, 0.13778721157540685, -0.560916267627961], [-0.3135500972772629, -0.921293425714956, 0.23001034809725385], [-0.48507598524440193, 0.3636387053940696, 0.7952786810159681]], "T": [0.02265347422210319, -0.02428462365886644, 0.17223550650614283], "aligned_model": [[-0.591856101820677, 0.15954855432890896, 0.5383947225955581, -0.4206616942867367, -0.658408656553817, 0.2056551558910858, -0.6092554797023396, 0.604212544775878, -0.0368613650139822, -0.12528337447611243, 0.4982969354452897, 0.0321994082960267], [-0.5668854569219878, -0.4728560590130785, -0.5880430322738159, -0.047512525233403824, -0.052872599331055675, 0.17591437041841793, 0.47400824485527204, -0.02771679027283523, 0.6385318357961081, -0.39586288033848527, 0.026548267316952236, 0.02278635232301826], [0.06512786180307617, -0.303806052233262, 0.31666214684211513, -0.4656042563647437, 0.5413215204294375, -0.597769739703789, -0.024900343853701795, -0.10035045077646654, 0.10590662039624511, 0.49945699686816, 0.5729735870656449, 0.1297627507505776]], "inverted": false, "swapped": false, "error_lsq": 0.04143148316652222, "error_max": 0.1966487903833589, "target": "1103.xyz", "model": "28.xyz", "model_rescale": 4.156811204709835, "target_rescale": 3.830520241182993},
{"mapping": [6, 3, 4, 9, 1, 5, 8, 7, 10, 11], "R": [[0.17500143975937638, 0.7491563678583288, -0.6388577561393943], [-0.4119196987130641, -0.5336423808158833, -0.738612192702838], [-0.8942576015300535, 0.3924162915762701, 0.21520408037777522]], "T": [-0.13216696146416165, -0.051190566599488965, 0.03967449605466647], "aligned_model": [[-0.5085199553881877, -0.15819248239633263, 0.20599302326237315, 0.5347146704214152, 0.003401728429003048, -0.6847743306592642, -0.5090166531045628, -0.2589087562622746, 0.11652392848978554, -0.09829579868136704], [-0.06114715653389338, -0.5301347018774214, -0.043771813820825636, 0.10461592163496415, -0.5117349163211258, -0.36110076046537337, 0.45533717563536125, 0.2841579146916561, 0.6105089182625488, -0.028010250579686907], [-0.6044346551665091, -0.2868314997119077, -0.7050173999184406, 0.0722829759630976, 0.4155511567815777, 0.18726223405958606, -0.286048009801096, 0.6678517680763782, 0.19726898087268802, 0.10090117581972477]], "inverted": true, "swapped": true, "error_lsq": 0.059410313059227934, "error_max": 0.29168631796254296, "target": "1103.xyz", "model": "29.xyz", "model_rescale": 4.117894457231895, "target_rescale": 3.830520241182993},
