[{"mapping": [12, 11, 7, 9, 1, 3, 2, 5, 0, 6, 4, 8, 13], "R": [[-0.00011542934696828766, -0.9359884690552759, 0.3520306413817224], [0.2580208829020826, -0.34013853028749497, -0.9042848025927963], [0.9661393329445269, 0.09072687589366182, 0.24154383314024078]], "T": [0.01708294291490411, -0.1296542010595548, -0.023577525748584724], "aligned_model": [[-0.12725161135474153, 0.6538981233209354, 0.1988934405712611, -0.28791705761705366, -0.22469057445983745, -0.16549619315803119, -0.530789995809658, 0.5514657018506502, -0.7390033196411501, 0.23912325716091584, 0.07494043975863032, 0.6193779399868665, 0.08324703591694685], [-0.22135865625717768, -0.04113759622500433, 0.5977143036347802, 0.4009004643110937, -0.6332478813241821, -0.2985956415187686, 0.17861735506669693, -0.6225194764061271, -0.14284413967618023, 0.014673980530918757, 0.6653165144131893, 0.32176225899428335, 0.01066078984423613], [-0.5766395813212805, -0.29504221501088734, -0.1198816471356985, -0.4263552789738235, -0.16843291887133222, 0.4361223269424498, 0.41921151669320267, 0.18599381711910107, -0.17710935851929732, 0.6936489092327067, 0.5037537725931804, 0.18628682977003713, -0.0733156236242105]], "inverted": true, "swapped": false, "error_lsq": 0.04853208248096652, "error_max": 0.22926828678609074, "target": "1104.xyz", "model": "0.xyz", "model_rescale": 3.8414455957264533, "target_rescale": 3.6632974453241567},
{"mapping": [1, 0, 4, 5, 12, 8, 6, 13, 10, 9, 2, 7, 14], "R": [[-0.7493751228035571, 0.14505155195002178, 0.6460626692512453], [-0.11486178893214574, -0.9893950315211898, 0.08890579871128443], [0.6521071190889279, -0.007584120125258123, 0.7580889039917843]], "T": [0.05180785883645935, 0.0242885522551896, 0.012391533244304677], "aligned_model": [[0.09007148047344984, 0.7157547706090133, 0.26425176179623955, -0.45706832677123865, -0.263707686083671, -0.24577133848282737, -0.48521463837826306, 0.45653035971093475, -0.606539029901794, 0.29194669599979833, -0.018522699903089697, 0.5850281877514619, 0.01903764970572063], [-0.06847081323128147, 4.398416020474222e-05, 0.4586907587918431, 0.4264184139817105, -0.6535073281487828, -0.5464364646460583, 0.3203187671065683, -0.5762155157355454, -0.12411636384324971, -0.014285669112098724, 0.7199548524846957, 0.2810662588064962, 0.00648139477325595], [-0.8469276662051842, -0.2776154817962683, -0.23656538250517395, -0.10448184700826804, -0.14035737604224335, 0.470673077610266, 0.49612712544726917, 0.2369835238668979, -0.10134788550252719, 0.6498513738030557, 0.24841428395025675, 0.26278381025210135, -0.069297006976033]], "inverted": false, "swapped": false, "error_lsq": 0.03638197316067017, "error_max": 0.1913604889322537, "target": "1104.xyz", "model": "1.xyz", "model_rescale": 4.316132596720782, "target_rescale": 3.6632974453241567},
{"mapping": [6, 3, 10, 7, 9, 5, 11, 4, 2, 8, 0, 12], "R": [[-0.22163541466969544, 0.5440100324308992, -0.8092779668190183], [0.5499119847037997, -0.6156320012047841, -0.5644413593737803], [-0.8052791764620021, -0.5701318476520363, -0.16271178276189735]], "T": [0.018535385220786023, 0.07291554952593648, -0.04555368472321693], "aligned_model": [[-0.20543966799094004, 0.5103052628813005, 0.18029644775389225, -0.5068541815691323, -0.5408762881295707, -0.5405633238904507, -0.22891848859980518, -0.19419439437084832, 0.48841601164499404, 0.18307100890928432, 0.46896166392416544, -0.016395495931108804], [-0.7099673417231329, -0.26080894077062644, -0.5342013145402968, 0.5408703424013315, -0.25920678056185964, -0.003181591097100228, 0.17552991782685665, 0.5626837847767125, 0.02459860605986508, -0.12699360423850792, 0.5933619188640094, 0.01009143074372934], [0.11363351751533714, 0.010704160881015938, -0.5510687116659588, -0.07627830281938233, -0.31199693901330405, 0.37733585205511816, -0.7620414178495385, 0.5380416633937514, -0.5294211327519314, 0.6273144580168349, 0.10965977528210487, -0.09662446183462661]], "inverted": false, "swapped": true, "error_lsq": 0.04047029891678547, "error_max": 0.24581739244662287, "target": "1104.xyz", "model": "2.xyz", "model_rescale": 3.795458400668931, "target_rescale": 3.6632974453241567},
{"mapping": [4, 0, 1, 10, 5, 9, 2, 8, 3, 6, 7, 12], "R": [[-0.9182332583801112, 0.1676271822389116, 0.35881584549638657], [0.294488292129313, -0.31680499757254754, 0.9016159045357499], [0.26480998660058963, 0.9335607753583592, 0.24153664258015728]], "T": [0.013122115000136998, -0.008684080855055759, 0.05682923154194133], "aligned_model": [[-0.04315604856729049, -0.3159692332616701, -0.7486590989716004, 0.21002608395065364, 0.31998941743551707, 0.1239499667161579, -0.22897286258959243, 0.569846024807266, 0.3187274801916037, 0.7400184460659284, -0.38649644145982137, 0.03400009142641357], [0.004069289612204069, -0.5549846991269757, -0.18533379392154603, 0.029823977247437794, 0.45773491838603886, 0.6370277616399784, -0.35751009160712977, -0.2742080965831005, -0.44508928420140126, 0.2945538628794876, 0.43465764122444894, 0.04502755974026673], [-0.7320817479587455, -0.24498858278571542, 0.1728701235725993, 0.8378855207574413, -0.37387191484661564, 0.3118038850390389, 0.5830995740705249, -0.31645707152387326, 0.3261440147388408, 0.3177496879859951, -0.3169528092523499, 0.12357075084195955]], "inverted": false, "swapped": true, "error_lsq": 0.045092345099887264, "error_max": 0.2551987753577694, "target": "1104.xyz", "model": "3.xyz", "model_rescale": 3.7530521520055578, "target_rescale": 3.6632974453241567},
{"mapping": [1, 9, 10, 6, 2, 5, 0, 7, 4, 8, 12], "R": [[0.7155189173907505, -0.697767727113356, 0.03395405506017571], [0.5854036073752216, 0.5723548351076543, -0.574206025047602], [0.381228665407057, 0.43073209971855014, 0.8180064565417582]], "T": [-0.03202558349444319, -0.09923312086900918, 0.03252517026012652], "aligned_model": [[-0.47801564910521727, -0.13047300368016773, 0.4545587776337777, 0.49989627184283114, 0.18362359880843998, -0.209341700357085, -0.16707029691502356, -0.7110425228238458, -0.43874819526761455, 0.34548576584098367, -0.010673443531873359], [-0.7495149408091403, 0.17219869142687558, -0.38152643923288965, 0.3875467367041088, -0.72952228658991, 0.5823082427596653, -0.4338699130945811, 0.08127107181139395, 0.30545530035101487, 0.327033618808537, -0.09417672382072811], [0.08916123422864708, -0.6084674559945227, -0.5452716040151612, -0.37798125027904445, -0.08358268960938878, -0.003224878989761211, 0.6388424277555013, -0.015580128329872801, 0.5770565399096489, 0.47475703987542994, -0.052878457306159705]], "inverted": true, "swapped": true, "error_lsq": 0.049104282155897884, "error_max": 0.25971289384494495, "target": "1104.xyz", "model": "4.xyz", "model_rescale": 3.7855080009869324, "target_rescale": 3.6632974453241567},
{"mapping": [1, 2, 14, 13, 4, 7, 8, 5, 6, 10, 15, 9, 16], "R": [[-0.415420433711752, 0.42472751919966273, 0.8043832405571614], [-0.8583228114781274, 0.10976105986043877, -0.5012329408913546], [-0.30117738054346443, -0.898642890236613, 0.31895633129969975]], "T": [0.021885688930568668, 0.01817000549929796, -0.04812661549838476], "aligned_model": [[0.07909765721362191, 0.674370041517481, 0.3283259366426697, -0.5067949280658308, -0.20981674647200707, -0.2763653390488067, -0.39507748885184246, 0.35273717840882846, -0.5939609723827795, 0.18534000260220088, 0.038863961848579015, 0.610507696915071, 0.05857018619854923], [-0.32046182474577195, 0.0970030363119006, 0.5892985145654948, 0.5003119315278937, -0.6652072876338154, -0.4955512205991511, 0.292052788677728, -0.6385835814209448, -0.19677259852097176, -0.006340520057735437, 0.7000272091900688, 0.3177934001993724, 0.05637242789369063], [-0.7227815000278179, -0.3855213553222719, -0.24204412179123713, -0.16172066135088933, -0.21033093271565856, 0.4084982831230772, 0.4483004218551931, 0.28997878610992356, -0.07281739906534199, 0.6615537319492095, 0.4145834435122012, 0.21770034384497888, -0.05715849122721808]], "inverted": true, "swapped": false, "error_lsq": 0.03574486520915157, "error_max": 0.18892713426361887, "target": "1104.xyz", "model": "5.xyz", "model_rescale": 4.2253639853439635, "target_rescale": 3.6632974453241567},
{"mapping": [1, 4, 0, 9, 10, 5, 11, 2, 8, 6, 7, 3, 13], "R": [[0.022921114098638257, -0.9683067575359989, -0.24870996328775724], [0.9983525241030891, 0.03525900960497422, -0.045266321461626], [0.05260095194450507, -0.24726266509887151, 0.9675196712743029]], "T": [-0.03186948832208497, 0.04914164609487276, 0.03348147013726871], "aligned_model": [[0.013213442905568695, 0.5600358291134715, 0.2326002686055082, -0.40425614575214097, -0.08630942964557928, -0.2190243520566852, -0.5198971506686951, 0.358032144899956, -0.6850159168015282, 0.17004705121327765, 0.28846371663430287, 0.6135142893885166, 0.024393438689762036], [-0.08879505641943983, -0.1422082934534906, 0.6994049635266608, 0.3793118748514573, -0.6958273792643677, -0.44439692382012413, 0.11684684969729853, -0.4455819615240804, -0.21558318859433612, 0.10044806265794162, 0.6872542216048252, 0.2206700235786594, 0.05839908254675423], [-0.6859952684510384, -0.30407535179479767, -0.35417303454423865, -0.3199477659146995, -0.1913960930679937, 0.3829582267855869, 0.635809283709617, 0.26455912053320296, -0.18829630255875612, 0.6420168682897758, 0.3792996229363022, 0.27236903340525137, 0.05511220956593656]], "inverted": false, "swapped": false, "error_lsq": 0.03931867236238859, "error_max": 0.27249607854383456, "target": "1104.xyz", "model": "6.xyz", "model_rescale": 3.89814844738969, "target_rescale": 3.6632974453241567},
{"mapping": [0, 1, 2, 4, 3, 8, 11, 6, 7, 9, 10, 5, 12], "R": [[0.46714175116889156, -0.5324153634592099, 0.705912505249382], [-0.6763776366232666, -0.729385036259121, -0.10252200523402374], [0.5694663089163272, -0.4295711229050181, -0.7008400483529291]], "T": [-0.06506180207866169, 0.011045893376739883, -0.0024504592920601975], "aligned_model": [[0.10340616576941655, 0.6726394123126005, 0.2030876114358781, -0.42290225182702884, -0.1601695333387202, -0.26347367023814317, -0.6100805342952758, 0.35827872719790316, -0.6218749408948785, 0.3268210755014887, 0.13587906587221044, 0.6742279114853018, -0.050041852455017966], [-0.20609361372999505, 0.05802926651153475, 0.587204234124306, 0.5034947598884748, -0.7660715883115378, -0.4189898513516974, 0.18895280081316262, -0.49776118625199506, -0.20900842167319783, 0.07063020528762057, 0.6460917304125519, 0.09638853991261237, 0.1770753997559185], [-0.5273117416618802, -0.41279920483464616, -0.31499694053890803, -0.21444129583804766, -0.20100744299937026, 0.48065280207558636, 0.5690773904601742, 0.1363803838923506, -0.2722835677415074, 0.7980639997080391, 0.3061645362975277, 0.21832987526152667, 0.022411754813303427]], "inverted": true, "swapped": false, "error_lsq": 0.03487431716942914, "error_max": 0.20657427063210165, "target": "1104.xyz", "model": "7.xyz", "model_rescale": 3.7474275329858107, "target_rescale": 3.6632974453241567},
{"mapping": [9, 5, 8, 4, 11, 12, 1, 10, 13, 0, 2, 3, 14], "R": [[0.7904748931053884, 0.6124771479896942, 0.004602886098427628], [-0.5237204702143792, 0.6719889113984103, 0.5235912260876886], [0.31759457244804135, -0.4162963441443967, 0.8519571828463892]], "T": [0.06166006372696141, -0.06201894739753901, 0.08034370114031247], "aligned_model": [[0.2242098232889303, 0.6717224340854625, 0.1582424548649678, -0.39168297385044304, -0.06571957432872556, -0.39611293186386565, -0.18753384947558976, 0.2993825034875828, -0.8117804118801026, 0.3726807978764251, -0.13862528190807516, 0.5965180560344477, 0.014496140194720453], [-0.22488425031600806, 0.06312685871660244, 0.44921102416134673, 0.46135805804143837, -0.568697535738921, -0.4369802921775134, 0.23788794610679453, -0.7341348495524459, -0.06911661675339228, -0.05305270669613717, 0.7359677479799489, 0.3949147992594926, -0.0256579076434474], [-0.6458745228530132, -0.273469661392106, -0.3607073999335772, -0.2840495566229811, -0.2566001985151843, 0.2549589731755769, 0.7228077615368707, 0.3392097193679188, -0.1321726214177194, 0.6612042240576257, 0.25836760451908997, 0.21917099029984638, 0.08539523667180116]], "inverted": true, "swapped": false, "error_lsq": 0.05658916166734992, "error_max": 0.34661078827326725, "target": "1104.xyz", "model": "8.xyz", "model_rescale": 4.019505241142653, "target_rescale": 3.6632974453241567},
{"mapping": [2, 3, 0, 1, 6, 11, 9, 5, 10, 8, 7, 4, 12], "R": [[-0.6328434333106316, 0.6894517578115202, 0.35237119996704747], [0.7183271541539955, 0.6926477980920283, -0.06515464222361228], [-0.28899011837887134, 0.211885113797241, -0.9335895297348273]], "T": [-0.03384720402243854, -0.015436156918654534, 0.010186572491915187], "aligned_model": [[0.13537653112053, 0.735054534454568, 0.27018508779207717, -0.5058177727511273, -0.24317726006732177, -0.11973549580878187, -0.4714638319733355, 0.43926568342357597, -0.8944888535280973, 0.06735979802465977, 0.23345220940702463, 0.7125001553320126, -0.012713598900050013], [-0.08099069980777596, -0.1000355648332829, 0.5229843066198318, 0.3765492669579913, -0.6640588777632833, -0.39697701887393533, 0.1669667467183628, -0.48205049459001387, -0.25441511349616025, 0.14129321860169214, 0.75585551724872, 0.28694773299278836, -0.042126744387176146], [-0.552874784366748, -0.36410457686817593, -0.19059651456499943, -0.2724731379245517, -0.24186765105384067, 0.4942312976831258, 0.502691322840695, 0.10484371566648382, -0.19072327711007414, 0.6592859308121515, 0.4016507049690166, 0.2079851406105515, 0.030192378200514184]], "inverted": true, "swapped": false, "error_lsq": 0.04346831305729813, "error_max": 0.23064749683687258, "target": "1104.xyz", "model": "9.xyz", "model_rescale": 3.877068213659057, "target_rescale": 3.6632974453241567},
{"mapping": [8, 7, 2, 9, 0, 12, 6, 5, 11, 3, 13, 4, 15], "R": [[0.43698169350079563, 0.8836012434431708, 0.16821367997537856], [0.42310120070124885, -0.03689267352210421, -0.9053310469687611], [-0.7937457864520217, 0.46678450405521577, -0.38997416999538315]], "T": [-0.021594280317678665, 0.09462259185756007, 0.07406250259611616], "aligned_model": [[-0.018923371258355828, 0.6209709144314538, 0.24401308931602908, -0.2783635047019966, -0.1441916375035378, -0.37047848731737604, -0.3442979522817879, 0.3202329455597675, -0.5807711184077028, 0.2558846299971456, 0.040423888726633675, 0.6398398197834395, -0.03854202981797768], [-0.09543407729901467, 0.0763008290793133, 0.6187161016614899, 0.4257353221902427, -0.6657611438080605, -0.4596588864574024, 0.17664625284804675, -0.5420367494896897, -0.2864916517139098, 0.006814681066582201, 0.7732512184843078, 0.1935980955473272, 0.008262283278525503], [-0.6737304263367556, -0.4289890384238032, -0.23437562106431267, -0.43591713338983673, -0.12731400591475414, 0.4335719859434989, 0.5931376746699172, 0.3720800741699164, -0.2204344810120243, 0.6380275439428705, 0.43910418486645164, 0.17798295601002165, 0.05509683543295875]], "inverted": true, "swapped": false, "error_lsq": 0.03970439319986325, "error_max": 0.22565461640523685, "target": "1104.xyz", "model": "10.xyz", "model_rescale": 4.260839863003843, "target_rescale": 3.6632974453241567},
{"mapping": [10, 6, 5, 9, 7, 11, 2, 3, 8, 4, 0, 12], "R": [[-0.5820742218085524, 0.663219498382529, -0.47045669011206015], [0.7155242152245145, 0.1429145099477626, -0.6838132349360706], [-0.3862831833426236, -0.7346532105773564, -0.5577364632647497]], "T": [0.008688856692411592, 0.08851618440227609, 0.0069624268622127325], "aligned_model": [[0.3460067305354173, 0.20267216153294038, -0.372116342262792, -0.36911705022749997, -0.6704076949568988, -0.3739902247018969, 0.3592177277755187, 0.6006587106937763, 0.35692544455933345, -0.30563330328631655, 0.185861421666819, -0.0011789322342703884], [0.02137698331876224, -0.6456426930921365, -0.4593800904921233, -0.2599004781128163, 0.18060268376485417, 0.43403229978416064, 0.5415429762523574, 0.059406378848071276, -0.33962514180060027, 0.0077632590182387246, 0.5764279332319016, 0.056474394812264656], [-0.7224290661744689, -0.32739102574075746, 0.23502990385745884, -0.4727324721710714, 0.16915933619487708, -0.5580978660674264, -0.3524068453074539, -0.06444418602600152, 0.4708734769611215, 0.7283437119796999, 0.48486564054149495, -0.07459253065196814]], "inverted": false, "swapped": true, "error_lsq": 0.03713882333512137, "error_max": 0.20395125066744976, "target": "1104.xyz", "model": "11.xyz", "model_rescale": 3.890672605050136, "target_rescale": 3.6632974453241567},
{"mapping": [0, 2, 11, 6, 3, 7, 5, 4, 8, 12, 9, 10, 13], "R": [[0.41795928272279786, 0.8980701208848337, 0.13704049022002368], [-0.8767779675952311, 0.43825829819463286, -0.19796479384759363], [-0.2378453983692354, -0.037412859252459726, 0.9705822193081508]], "T": [-0.014444003846866938, 0.12154239456796066, -0.0933369757600557], "aligned_model": [[-0.09084914094951992, 0.6767219913038711, 0.37004945229776387, -0.326869820396446, -0.22966092324453743, -0.23567768686467383, -0.43781955448738513, 0.44366602513566417, -0.6798344823823383, 0.20466978233460698, -0.13473427722580167, 0.7667305260142248, 0.019405294990305983], [-0.2719601710618016, 0.07480761855913624, 0.5057979079679822, 0.4918761347772545, -0.7730949236511404, -0.41692349462560074, 0.20773618553595552, -0.40871495093559973, -0.14727380555162228, 0.020279796991315394, 0.7627274245898821, 0.18432807576560853, 0.0003564770263888156], [-0.526941087380708, -0.253554208058529, -0.17862851402086366, -0.4052686573146572, -0.17314237944142655, 0.5296191334079698, 0.5534210588660811, -0.09774069126899348, -0.15802397187007378, 0.6115510875395879, 0.3312009182230494, 0.3372031693778994, 0.018544690834812125]], "inverted": false, "swapped": false, "error_lsq": 0.04446386613732859, "error_max": 0.30566688471537345, "target": "1104.xyz", "model": "12.xyz", "model_rescale": 4.124412569039231, "target_rescale": 3.6632974453241567},
{"mapping": [3, 0, 5, 7, 6, 8, 11, 1, 9, 2, 10, 4, 12], "R": [[0.12176157239709451, -0.24300927808718903, 0.9623516042751372], [0.6814616957518068, -0.6844685534148832, -0.25906129894140684], [0.721653709690776, 0.6873494672651461, 0.0822595474085574]], "T": [0.04255751327046135, 0.01599838928263199, -0.10159195451279338], "aligned_model": [[-0.011650849758266142, 0.5341736018099826, 0.36634034195333703, -0.2765937927738364, -0.14569022762978845, -0.29502452473724977, -0.48887702798225346, 0.450205858447022, -0.5778897471079237, 0.21031783061310377, -0.13587921589696272, 0.6750503083799041, 0.041314631208665895], [-0.31331756891072343, -0.02034327298921565, 0.6500674428392997, 0.5126527256386797, -0.6247646297356172, -0.36490147029592346, 0.14352722861519923, -0.5983754827985993, -0.08684040271614411, -0.00836569546995472, 0.5540628170849995, 0.3054975953885526, 0.08104298873720506], [-0.7319615515135248, -0.40779498922415247, -0.36017848595648505, -0.31267153321475316, -0.1415714028412865, 0.40422400558142824, 0.7301932249888007, 0.2437077282085481, -0.2160937097376852, 0.7431910832834122, 0.3709084978840831, 0.26504046296854833, 0.0012472184672149833]], "inverted": false, "swapped": false, "error_lsq": 0.04274670298187259, "error_max": 0.27259009284161356, "target": "1104.xyz", "model": "13.xyz", "model_rescale": 3.9028299243045295, "target_rescale": 3.6632974453241567},
{"mapping": [10, 14, 13, 5, 7, 6, 2, 9, 3, 1, 12, 11, 15], "R": [[0.08577005793296938, 0.8827266617803625, 0.4619925732566196], [0.9513100862678011, 0.06523313231811956, -0.30125364431507895], [-0.2960618464566559, 0.4653367372452606, -0.8341517272310904]], "T": [-0.16477158248260687, 0.10380937178903775, 0.057152506944203194], "aligned_model": [[0.06230364897614976, 0.6585581270276677, 0.26053252845119496, -0.24773400287532613, -0.07681605554809462, -0.13562179453154546, -0.5601709321605699, 0.33285933813316637, -0.6293711030450748, 0.08194642712889061, 0.19695965066533977, 0.5141512485040292, -0.11179989420009281], [-0.10080883743266304, 0.05227944455640397, 0.5831689900377325, 0.47405799477591853, -0.6972326269058765, -0.4288769463096303, 0.30557684553598863, -0.49040261999839213, -0.30637293163716595, 0.047143038188540445, 0.682815719950323, 0.10421150897019346, 0.004382695656385979], [-0.6224950706736612, -0.2630404174312107, -0.4139972796529131, -0.2865552579288836, -0.35663910419079775, 0.4569072300209042, 0.6446037903437732, 0.06815396715527598, 0.12488144232082042, 0.655582040066044, 0.19184642928327794, 0.3485634130350797, 0.04042936654643938]], "inverted": false, "swapped": false, "error_lsq": 0.045036568258757965, "error_max": 0.29435291078749715, "target": "1104.xyz", "model": "14.xyz", "model_rescale": 3.942246331269136, "target_rescale": 3.6632974453241567},
{"mapping": [8, 7, 0, 12, 11, 4, 3, 6, 13, 5, 1, 2, 14], "R": [[0.1113959685098663, -0.7868517114186883, 0.6070052079160695], [0.5609906116668787, 0.5539683103694419, 0.6151492865378675], [-0.8202929183050227, 0.2719990723217778, 0.5031262593372783]], "T": [0.03845142143075858, -0.11922576301913851, 0.14298832448783672], "aligned_model": [[0.17394851859440336, 0.815591275517054, 0.37430252484242604, -0.547889855132011, -0.19816826914658275, -0.40475707953929657, -0.3682628129634652, 0.34798935479561793, -0.7064905176333798, 0.2749528871861634, -0.11982047162468856, 0.6431742294364136, 0.06122740219308037], [-0.15975903401890693, -0.10703493400210873, 0.3995052222328112, 0.41340548071706845, -0.6914059961756771, -0.3910289464176324, 0.22564503999324653, -0.501806411364736, -0.19602193724833794, 0.2685067206308052, 0.6559476222994174, 0.3437654077690484, -0.0297759590272397], [-0.6178260529328825, -0.21322023662159034, -0.25555864155878194, -0.05846669222187864, -0.2185803791807226, 0.41382634080926484, 0.6248551020014562, -0.12273277865998489, -0.17338756200232608, 0.5862829624063497, 0.31819581959873033, 0.19395321327831633, 0.1108994539781982]], "inverted": true, "swapped": false, "error_lsq": 0.054129324602007596, "error_max": 0.2982104473616902, "target": "1104.xyz", "model": "15.xyz", "model_rescale": 4.355366556412066, "target_rescale": 3.6632974453241567},
{"mapping": [6, 3, 10, 7, 9, 5, 11, 4, 2, 8, 0, 12], "R": [[-0.22163541466969544, 0.5440100324308992, -0.8092779668190183], [0.5499119847037997, -0.6156320012047841, -0.5644413593737803], [-0.8052791764620021, -0.5701318476520363, -0.16271178276189735]], "T": [0.018535385220786023, 0.07291554952593648, -0.04555368472321693], "aligned_model": [[-0.20543966799094004, 0.5103052628813005, 0.18029644775389225, -0.5068541815691323, -0.5408762881295707, -0.5405633238904507, -0.22891848859980518, -0.19419439437084832, 0.48841601164499404, 0.18307100890928432, 0.46896166392416544, -0.016395495931108804], [-0.7099673417231329, -0.26080894077062644, -0.5342013145402968, 0.5408703424013315, -0.25920678056185964, -0.003181591097100228, 0.17552991782685665, 0.5626837847767125, 0.02459860605986508, -0.12699360423850792, 0.5933619188640094, 0.01009143074372934], [0.11363351751533714, 0.010704160881015938, -0.5510687116659588, -0.07627830281938233, -0.31199693901330405, 0.37733585205511816, -0.7620414178495385, 0.5380416633937514, -0.5294211327519314, 0.6273144580168349, 0.10965977528210487, -0.09662446183462661]], "inverted": false, "swapped": true, "error_lsq": 0.04047029891678547, "error_max": 0.24581739244662287, "target": "1104.xyz", "model": "16.xyz", "model_rescale": 3.795458400668931, "target_rescale": 3.6632974453241567},
{"mapping": [0, 1, 2, 4, 3, 8, 11, 6, 7, 9, 10, 5, 12], "R": [[0.46714175116889156, -0.5324153634592099, 0.705912505249382], [-0.6763776366232666, -0.729385036259121, -0.10252200523402374], [0.5694663089163272, -0.4295711229050181, -0.7008400483529291]], "T": [-0.06506180207866169, 0.011045893376739883, -0.0024504592920601975], "aligned_model": [[0.10340616576941655, 0.6726394123126005, 0.2030876114358781, -0.42290225182702884, -0.1601695333387202, -0.26347367023814317, -0.6100805342952758, 0.35827872719790316, -0.6218749408948785, 0.3268210755014887, 0.13587906587221044, 0.6742279114853018, -0.050041852455017966], [-0.20609361372999505, 0.05802926651153475, 0.587204234124306, 0.5034947598884748, -0.7660715883115378, -0.4189898513516974, 0.18895280081316262, -0.49776118625199506, -0.20900842167319783, 0.07063020528762057, 0.6460917304125519, 0.09638853991261237, 0.1770753997559185], [-0.5273117416618802, -0.41279920483464616, -0.31499694053890803, -0.21444129583804766, -0.20100744299937026, 0.48065280207558636, 0.5690773904601742, 0.1363803838923506, -0.2722835677415074, 0.7980639997080391, 0.3061645362975277, 0.21832987526152667, 0.022411754813303427]], "inverted": true, "swapped": false, "error_lsq": 0.03487431716942914, "error_max": 0.20657427063210165, "target": "1104.xyz", "model": "17.xyz", "model_rescale": 3.7474275329858107, "target_rescale": 3.6632974453241567},
{"mapping": [7, 11, 1, 2, 12, 5, 4, 10, 9, 8, 0, 3, 13], "R": [[-0.7035981206230008, 0.19645182255601118, -0.6829028965161906], [0.6628394766027517, -0.16492749358718967, -0.7303716520484882], [-0.2561123052740176, -0.9665431202349273, -0.014173348713674483]], "T": [0.020420333447942224, 0.027454508790501896, 0.011123961121484748], "aligned_model": [[-0.015701314335658065, 0.5986301735786901, 0.3950233079434401, -0.31639741409979494, -0.1484960449915522, -0.1879498846685638, -0.5073572567429322, 0.41207839970589966, -0.6028039735686549, 0.2072222942209975, -0.10782542850747354, 0.6518259942763422, -0.032451666285005176], [-0.11118558060062331, -0.19636312114834742, 0.5266230403945547, 0.5623234772915777, -0.6532042379439738, -0.5341125094980248, 0.09157349161064388, -0.46302631470732986, -0.1868179427335459, 0.11327209932349772, 0.7817405308951412, 0.17994452971275446, 0.11917481279143374], [-0.7283984754626365, -0.35943738482623505, -0.2872412603187091, -0.31183379970978325, -0.24850625842592874, 0.4166412515579183, 0.6487487672222428, 0.2983031584520415, -0.10464712990573144, 0.7000323874200407, 0.34838945324735243, 0.20775271360243988, 0.008437126041136559]], "inverted": false, "swapped": false, "error_lsq": 0.03860711638423008, "error_max": 0.2502817693370278, "target": "1104.xyz", "model": "18.xyz", "model_rescale": 3.922800546911778, "target_rescale": 3.6632974453241567},
{"mapping": [9, 11, 7, 3, 2, 1, 5, 6, 0, 8, 12, 13, 14], "R": [[0.4321303279833437, -0.6419376664992493, 0.633387252766036], [-0.2629196486177677, 0.5821570247875258, 0.7693935643487315], [-0.8626335479261849, -0.49900824724651055, 0.08278968034874881]], "T": [0.10968821653121709, -0.0521576971146428, 0.11897759323128183], "aligned_model": [[0.06332039875287236, 0.674521767109438, 0.23789949192316123, -0.3115390145772166, -0.17902946978973988, -0.3014012962032116, -0.439223414318316, 0.3493191558664142, -0.7183256693217395, 0.2525916901169811, -0.04742392115186077, 0.6483560087066276, 0.11673145941232439], [-0.15468219064389488, 0.03835865922697601, 0.523457977749444, 0.28862587810596535, -0.4813712580778577, -0.6104305917483426, 0.21572858647301435, -0.6214530040514944, -0.03276005680263022, -0.015707113645896192, 0.709546618631414, 0.3626227420241308, 0.008006028146929967], [-0.6872989967898028, -0.30530234047362736, -0.4199467825133936, -0.22099802092021525, -0.3765491764578403, 0.37843820984375653, 0.5766528938204816, 0.42597537551336695, 0.007356035896280963, 0.7128130975786808, 0.23617979514318407, 0.21699771259919617, 0.04392274565408101]], "inverted": false, "swapped": false, "error_lsq": 0.046503054420359353, "error_max": 0.3228541844432839, "target": "1104.xyz", "model": "19.xyz", "model_rescale": 3.9282355846067225, "target_rescale": 3.6632974453241567},
{"mapping": [9, 11, 4, 6, 12, 2, 5, 10, 7, 1, 3, 0, 13], "R": [[-0.7349124354762802, -0.41702230667866214, 0.5347860393790497], [-0.671625888838353, 0.33834330202330043, -0.659122504105316], [0.09392751260634438, -0.8435734738055588, -0.528735677505507]], "T": [-0.06329201196693177, 0.07673166328837064, -0.08388289787179662], "aligned_model": [[0.1070763586923455, 0.6160274882139902, 0.31283662433055826, -0.5519615066257951, -0.16625517474570192, -0.23333355281002352, -0.45729030363568557, 0.36624085921228333, -0.5810948775731308, 0.17408443116923158, 0.0862560003364933, 0.6439803307091427, 0.029230509252026693], [-0.2462197179199652, -0.006770278718532502, 0.5518320125014315, 0.5100117088131042, -0.6882636184332634, -0.3826023733201088, 0.2968644259026212, -0.6262715098760273, -0.2695535442993028, 0.11159655432462812, 0.6771446952841312, 0.2585405084965393, 0.04363341263250237], [-0.671336597232279, -0.2958159384317164, -0.2632561179310634, -0.1016193348589747, -0.44021862625416885, 0.5785477230694044, 0.44903085240540697, 0.16815360759674206, -0.09191556589638145, 0.6260027689250942, 0.3444798598083143, 0.24308554905605015, 0.043102368637720406]], "inverted": false, "swapped": false, "error_lsq": 0.03998543033542186, "error_max": 0.25368688896822283, "target": "1104.xyz", "model": "20.xyz", "model_rescale": 4.067790424073018, "target_rescale": 3.6632974453241567},
{"mapping": [1, 7, 8, 5, 10, 11, 6, 12, 13, 2, 4, 0, 14], "R": [[-0.5730968578237896, -0.046255650808200266, 0.8181811573978034], [0.8142493342416144, -0.1448485103955936, 0.5621538319030349], [0.09250953053381605, 0.9883720573774271, 0.12067585904366085]], "T": [0.03638195318233833, 0.002871145124897818, 0.10789308797495668], "aligned_model": [[0.03892465104239418, 0.6040179808295189, 0.23364433271837542, -0.3039036127275035, -0.22386440700571975, -0.27042778425986475, -0.42509007653221004, 0.3355790801009708, -0.559280933700793, 0.27623579892370015, -0.09317339654838175, 0.7087873803813777, 0.02434817330387068], [-0.050303502783242124, 0.05443813074629762, 0.43323186528780855, 0.3722794398699129, -0.6424839130815669, -0.49596441540659325, 0.21887044518931834, -0.6877311716454947, -0.22549259345713474, 0.39749265813366286, 0.7795624450124335, 0.14255718693511704, -0.06651429941276073], [-0.7109299043660358, -0.3735569544174372, -0.209982832606793, -0.20228325906795486, -0.32462916857361307, 0.3818695879508261, 0.6444979433929702, 0.25129248202071136, -0.18048033862341922, 0.6913876686633159, 0.25768805041174786, 0.28904711282019724, 0.07432016128963259]], "inverted": true, "swapped": false, "error_lsq": 0.043348121957893976, "error_max": 0.3658862284942369, "target": "1104.xyz", "model": "21.xyz", "model_rescale": 4.186013935880536, "target_rescale": 3.6632974453241567},
{"mapping": [9, 1, 2, 8, 10, 4, 3, 7, 11, 6, 5, 0, 12], "R": [[-0.5100131520547272, -0.2285752174354473, -0.8292405891570552], [0.8437112210075096, 0.054732346437617874, -0.5339997619844508], [0.16744539491195123, -0.9719864917928493, 0.16493725926851738]], "T": [0.027002156682639642, 0.020137615112989504, 0.007222791894739594], "aligned_model": [[-0.011462845001589336, 0.7129363527218336, 0.20174164977712092, -0.30904372873599034, -0.1265169719401009, -0.2934498070581753, -0.3791260434405531, 0.42755226497343224, -0.602871681524619, 0.16592971766455822, -0.06430781252653622, 0.6265613428850321, -0.0021452512686778724], [-0.202217873217902, -0.04143962929832401, 0.6841074752324918, 0.37609857604494845, -0.7715701168580336, -0.5079964110227462, 0.2474680190613962, -0.5826708505993394, 0.047694124453636244, -0.07893732873803372, 0.725613905797531, 0.31699997314817896, 0.016792411383954712], [-0.5711622361729786, -0.23940599313879996, -0.27261526354262156, -0.5827205002013918, -0.2070904762947935, 0.3893237447079708, 0.8045429454352971, 0.12766076055344638, -0.031059912383751692, 0.5370681819074551, 0.31136826517990235, 0.2796011383697915, 0.04272989447462231]], "inverted": false, "swapped": false, "error_lsq": 0.04923467648993306, "error_max": 0.3707987466835701, "target": "1104.xyz", "model": "22.xyz", "model_rescale": 4.166573947596378, "target_rescale": 3.6632974453241567},
{"mapping": [12, 6, 2, 3, 14, 10, 8, 13, 9, 7, 4, 1, 15], "R": [[-0.25685602141456937, 0.781602320940708, -0.568438911549145], [-0.08380832866320842, -0.603970344693118, -0.7925881571017547], [-0.9628089884861679, -0.15594112552939515, 0.2206382039875857]], "T": [-0.009465132943424385, 0.0470943369964219, -0.0030406708733912505], "aligned_model": [[0.08449767953168186, 0.6578695250270316, 0.28196675696259127, -0.328677515658064, -0.17247367085277238, -0.14327717232414433, -0.5162480153535912, 0.31361903761279636, -0.5932184815414983, 0.14581251252802252, -0.04049172308565013, 0.601527202806615, 0.05489105087271641], [-0.24667215420842215, 0.07307313229281232, 0.57038525207807, 0.5188614917323967, -0.7022361956661703, -0.5572107164017664, 0.34013197621403074, -0.693236281525158, -0.06581546897992524, -0.17618741738150917, 0.7232210238356889, 0.38347199071207305, 0.062155642685638], [-0.5811873596524407, -0.36786554452274456, -0.30970548940970594, -0.19530574427474912, -0.19774488913406035, 0.4186831411864257, 0.5549729421496241, 0.25061329205878546, -0.08630272703953046, 0.6583395213224232, 0.28286764906937606, 0.1440562380084952, 0.016819519132249845]], "inverted": false, "swapped": false, "error_lsq": 0.03657439361607377, "error_max": 0.2298432830196604, "target": "1104.xyz", "model": "23.xyz", "model_rescale": 4.274766983524099, "target_rescale": 3.6632974453241567},
{"mapping": [9, 2, 1, 7, 0, 4, 5, 8, 6, 3, 12], "R": [[-0.3671006902854684, 0.7070682159943067, 0.6043935978504088], [0.1627790970942532, 0.688565129693218, -0.7066689661501643], [-0.915827521283955, -0.16103602112940685, -0.3678686602004809]], "T": [-0.02401745267859543, 0.13686456048332396, -0.006633661159320729], "aligned_model": [[0.3686745587720407, 0.11199566190441507, -0.49163323861672914, -0.46335799829558505, -0.57553450472676, -0.6183782099109522, -0.02370116596213332, 0.02924706029056482, 0.714293563871178, 0.2795249994988068, 0.04876397713322921], [-0.2849528713094778, 0.7592715014850219, 0.5583675436278059, -0.29871809286335493, 0.5170621788607748, -0.2637213484612895, -0.5498693769041485, -0.0012156968327331485, -0.18258170506149135, 0.5400609105225337, 0.12188348817984203], [-0.40925222575720904, -0.23326126281205026, -0.48480929798303285, -0.3430969196353987, 0.21499257002912947, 0.32799543731648145, 0.15341039796334943, 0.6989752340039392, 0.1964966849215831, 0.3122225387665338, -0.05410672279174817]], "inverted": false, "swapped": true, "error_lsq": 0.04465298442803534, "error_max": 0.2501861366309271, "target": "1104.xyz", "model": "24.xyz", "model_rescale": 3.7841303162186577, "target_rescale": 3.6632974453241567},
{"mapping": [11, 7, 6, 3, 14, 9, 2, 10, 12, 8, 4, 0, 15], "R": [[0.5216255886718403, 0.21871999206724974, -0.8246625432944427], [0.38306390658260014, -0.9237179217163364, -0.0026915745817951697], [-0.7623442717804295, -0.31449446127102876, -0.5656186392910089]], "T": [0.06060744288794544, 0.0155414751536081, 0.07618027999007945], "aligned_model": [[0.2061150379000366, 0.6522539799642595, 0.2129353313894919, -0.38276095023879964, -0.30072656160761974, -0.21564252767348968, -0.421095478689587, 0.4371122703312289, -0.6715663712534693, 0.18373619766134253, -0.16000068055694688, 0.7427845570894519, 0.06265238220983568], [-0.04449413944064469, -0.01090172767062054, 0.5943376436927396, 0.4778696467491708, -0.6785184925041368, -0.4070478599477198, 0.15765312162678816, -0.6563882974140358, -0.17887862642035668, 0.09767482016170062, 0.7149717307284921, 0.09492596556665854, 0.06873849025972267], [-0.6752522412230856, -0.1922609468925692, -0.3285636661191994, -0.41236758599488543, -0.05427071004330636, 0.37155278404140013, 0.6388165774394827, -0.03340804478175158, 0.0402047825269726, 0.648501175139468, 0.21341626767163008, 0.3401167058451674, 0.03175545128482519]], "inverted": false, "swapped": false, "error_lsq": 0.04690875013889319, "error_max": 0.22643724861683828, "target": "1104.xyz", "model": "25.xyz", "model_rescale": 4.19342608120988, "target_rescale": 3.6632974453241567},
{"mapping": [6, 3, 10, 7, 9, 5, 11, 4, 2, 8, 0, 12], "R": [[-0.22163541466969544, 0.5440100324308992, -0.8092779668190183], [0.5499119847037997, -0.6156320012047841, -0.5644413593737803], [-0.8052791764620021, -0.5701318476520363, -0.16271178276189735]], "T": [0.018535385220786023, 0.07291554952593648, -0.04555368472321693], "aligned_model": [[-0.20543966799094004, 0.5103052628813005, 0.18029644775389225, -0.5068541815691323, -0.5408762881295707, -0.5405633238904507, -0.22891848859980518, -0.19419439437084832, 0.48841601164499404, 0.18307100890928432, 0.46896166392416544, -0.016395495931108804], [-0.7099673417231329, -0.26080894077062644, -0.5342013145402968, 0.5408703424013315, -0.25920678056185964, -0.003181591097100228, 0.17552991782685665, 0.5626837847767125, 0.02459860605986508, -0.12699360423850792, 0.5933619188640094, 0.01009143074372934], [0.11363351751533714, 0.010704160881015938, -0.5510687116659588, -0.07627830281938233, -0.31199693901330405, 0.37733585205511816, -0.7620414178495385, 0.5380416633937514, -0.5294211327519314, 0.6273144580168349, 0.10965977528210487, -0.09662446183462661]], "inverted": false, "swapped": true, "error_lsq": 0.04047029891678547, "error_max": 0.24581739244662287, "target": "1104.xyz", "model": "26.xyz", "model_rescale": 3.795458400668931, "target_rescale": 3.6632974453241567},
{"mapping": [0, 6, 5, 7, 2, 9, 4, 1, 3, 11, 10, 8, 12], "R": [[-0.06979559062266943, 0.26440813087134907, -0.9618819656583404], [0.9684282774087105, -0.2133674957072334, -0.12892239251123772], [-0.23932247500982995, -0.9405119096028203, -0.24116820033003122]], "T": [0.06809641152747774, -0.0577466542763931, 0.14584863436781448], "aligned_model": [[-0.18708707244554484, 0.6889524751408012, 0.3943239126785284, -0.2307168241052932, -0.22930897058927996, -0.13772257821994277, -0.54054091248206, 0.4673004262739897, -0.6118171835767763, 0.1320298319281209, -0.19891986707660497, 0.7582765537208462, 0.04102739527895032], [-0.31359398335457395, 0.08988555181450524, 0.5685408278880653, 0.483494638027302, -0.8398164908944769, -0.391258094148556, 0.22090757609421863, -0.4542520895645624, -0.06495441461837465, 0.17699944506624338, 0.5930559988030387, 0.11229019376050885, 0.04864311651441995], [-0.6029482177916116, -0.3775340551387928, -0.11530280648036251, -0.3813862396167469, -0.12755897935088129, 0.3212993483850455, 0.6466236440834117, -0.03792504423833201, -0.1418006490158199, 0.818441660151331, 0.25918284021243815, 0.3055062421971615, 0.021642805497308154]], "inverted": true, "swapped": false, "error_lsq": 0.05158332674649768, "error_max": 0.3010821251635314, "target": "1104.xyz", "model": "27.xyz", "model_rescale": 3.6321398670334006, "target_rescale": 3.6632974453241567},
{"mapping": [9, 11, 0, 8, 6, 4, 7, 13, 12, 1, 3, 2, 14], "R": [[0.7033731446232655, 0.4260907896645477, 0.5689576947241521], [0.7106479500580708, -0.43917496205275547, -0.5496406496832482], [0.015675155534832508, 0.7909310916059651, -0.6117044203125852]], "T": [0.021977873559753263, 0.11799312629582306, -0.02862584835271713], "aligned_model": [[0.0466549025810578, 0.5782689441902557, 0.3367776052749971, -0.367795588206207, -0.1894039400721803, -0.21264267633511863, -0.6584920493457422, 0.4762562603985683, -0.7240409499700751, 0.3095959912262775, -0.09062170145447306, 0.7772886206675412, 0.06395176757083351], [-0.2598891751048551, 0.05480324862575803, 0.6505593608757424, 0.39749166571590744, -0.6285976546962037, -0.3052067402912506, 0.2407461608262445, -0.5572615441369423, -0.15703333055783272, -0.0009315538139563623, 0.6199428435546842, 0.09674907842219296, 0.0785699159682692], [-0.5792329421564911, -0.34338467748309237, -0.11039398956445944, -0.2209454541124582, 0.014121920526569201, 0.6439232746462966, 0.32177358163885555, -0.09296564337812684, -0.25517847762380924, 0.5633200402190821, 0.426267432552396, 0.22137021054788575, -0.0004347269184993355]], "inverted": true, "swapped": false, "error_lsq": 0.05643273041939502, "error_max": 0.3146955875408409, "target": "1104.xyz", "model": "28.xyz", "model_rescale": 4.156811204709835, "target_rescale": 3.6632974453241567},
