[{"mapping": [1, 4, 2, 3, 0, 9, 12, 6, 8, 5, 7, 11, 10, 13], "R": [[0.8367483498391988, -0.2043807879236172, -0.5080164294283198], [0.043999946646412026, 0.9498301856195461, -0.30965565259018163], [0.5458170057230634, 0.23675116053286796, 0.803761584208806]], "T": [0.15397429725888087, -0.015856298686980776, -0.11669096414898283], "aligned_model": [[0.6286865148040256, -0.7906581850209997, -0.36426790995186287, -0.024634746238990562, 0.2755775902588077, 0.031303056635217846, 0.593044396529972, -0.4347757651857673, -0.3297051163910436, 0.3746385103891142, -0.32577273007661756, 0.2612843543634596, 0.4367131660750443, 0.08183201676099719], [-0.2653165021501859, 0.03867400544420826, -0.5767456571240464, -0.22820746589789767, -0.7626076227469853, -0.2817332198808068, -0.13301145916867496, 0.17167418767432419, 0.5882624611585849, 0.49056134289968234, 0.19384880654356804, 0.6371484353723154, 0.40620394384535996, 0.05730726895659415], [-0.3299092345303908, 0.01784581879230457, -0.2066153082783514, -0.5596425384352348, 0.034925439075835174, 0.5548776483282307, 0.2419340827623957, -0.5669708380542777, -0.008645231069787138, -0.6336529915504296, 0.4285255442937328, 0.10496464661609706, 0.7535692316406, 0.009730734896821469]], "inverted": false, "swapped": false, "error_lsq": 0.0471255694683651, "error_max": 0.32730687778652234, "target": "1105.xyz", "model": "0.xyz", "model_rescale": 3.8414455957264533, "target_rescale": 4.038570365976222},
{"mapping": [3, 7, 2, 4, 5, 6, 10, 0, 13, 1, 9, 11, 8, 14], "R": [[0.22100172587794706, 0.15884877532697714, -0.9622501253499989], [-0.3098107175368733, 0.9469756958497515, 0.08517247659406707], [0.9247570256333588, 0.2792921374600415, 0.2584963162111692]], "T": [0.006825415216969617, 0.03805828476802173, 0.025235725562386298], "aligned_model": [[0.4616960609026325, -0.6163975605734303, -0.2643730978516303, -0.12596857374255313, 0.35647465763517344, 0.05413786867080736, 0.6164662892957338, -0.32398705880523093, -0.27322431839718786, 0.5064927177350456, -0.5402658503798851, 0.3592045098380573, 0.11845037226224919, 0.08455913636157528], [-0.28522809343657607, -0.0012814013832735671, -0.6477091642030778, -0.22399631900654107, -0.5204946343454155, -0.5244890978363582, -0.09235156131926545, 0.3835547490204284, 0.714113777878362, 0.2615040802580602, 0.08228188824282179, 0.7827442493934098, 0.35553309888588924, 0.051876952777576646], [-0.5242690473021612, -0.12642347684748337, -0.002676638355442497, -0.43248730858049567, 0.034553923281240316, 0.5649848782775919, 0.3075698841517442, -0.5194776575369857, 0.2236497310592363, -0.6447661061074048, 0.43050736285862834, -0.19279452438920078, 0.7401147425058381, -0.01754875852755984]], "inverted": false, "swapped": false, "error_lsq": 0.046277805379323016, "error_max": 0.27531693162514187, "target": "1105.xyz", "model": "1.xyz", "model_rescale": 4.316132596720782, "target_rescale": 4.038570365976222},
{"mapping": [2, 6, 5, 7, 1, 3, 8, 9, 12, 0, 11, 13], "R": [[-0.8085019221677734, -0.12595491600444578, -0.5748565046908048], [-0.11810919644702211, -0.9222226295908147, 0.3681788141450323], [-0.5765196090035923, 0.3655691187790846, 0.7307423347729547]], "T": [-0.04189473342141012, -0.10623711948814266, -0.10131489527765997], "aligned_model": [[-0.30829759079188057, 0.5650832160744822, 0.24191994686481857, -0.6198572113285326, -0.5647554898653797, -0.4808994788240074, -0.1901593106493064, 0.0010434506984434988, 0.4715936336932175, 0.09881476291540439, 0.3764615088013694, 0.006861117043151878], [-0.6137715571127567, -0.26980543908837284, -0.6670944823802627, 0.39546923987304416, -0.19267364204776583, -0.17999986864151532, 0.5026625173509661, 0.5509221972340879, 0.08922818306652153, -0.036820734321243, 0.5491637223602535, -0.11450370855197604], [-0.0008357413531579483, 0.14015633634742594, -0.3771730588095032, -0.025359286936189107, -0.4095332776561776, 0.39145324378359636, -0.6332569164750996, 0.40950052281484267, -0.5475060462212026, 0.727243892352019, -0.18301952705462501, -0.04241167958250808]], "inverted": true, "swapped": true, "error_lsq": 0.04385701844424425, "error_max": 0.2802079948220559, "target": "1105.xyz", "model": "2.xyz", "model_rescale": 3.795458400668931, "target_rescale": 4.038570365976222},
{"mapping": [0, 7, 3, 10, 6, 5, 1, 11, 8, 12, 4, 13], "R": [[-0.384117424661201, -0.7371100687355507, -0.5559879051205325], [-0.3864236102859546, 0.6752537640146844, -0.6282588221406602], [0.8385288292510971, -0.02647830720934896, -0.5442134707650227]], "T": [-0.007176671017688437, 0.0005749184719393849, 0.0506780728110812], "aligned_model": [[-0.2457262052526723, -0.19844870242546056, -0.5868366113956159, 0.23862164039723902, 0.23684988141524335, 0.031452312413241694, -0.2901757535900114, 0.6735193166294989, 0.4441839986366077, 0.668515700422012, -0.37566444485585054, -0.002987306650666951], [0.03600111938723258, -0.7443560415474654, -0.19297042695565203, 0.12369162949973458, 0.49257452393170315, 0.6181022288211725, -0.24051707962464974, -0.28390004406860325, -0.5845266608822786, 0.14006197313232385, 0.6850351134467277, 0.03657271014946378], [-0.7573853934168783, 0.05414594481452676, -0.20917015463511104, 0.7425632738847834, -0.33903029506001175, 0.34796127660062154, 0.5381607720060455, -0.20811687274376792, 0.41072411742955456, 0.20862335322654907, -0.08254708003930741, -0.01715751142790426]], "inverted": true, "swapped": true, "error_lsq": 0.051002480594604736, "error_max": 0.3458267565341578, "target": "1105.xyz", "model": "3.xyz", "model_rescale": 3.7530521520055578, "target_rescale": 4.038570365976222},
{"mapping": [4, 3, 0, 9, 6, 7, 5, 1, 10, 11, 13], "R": [[0.8428864737373866, 0.5241090115254099, -0.12186934162623567], [-0.5269848232793917, 0.7582594604677774, -0.38383536398344514], [-0.10876299197678657, 0.3877529299037899, 0.9153241376295528]], "T": [-0.11716887532164319, -0.01732320235739672, 0.08817925969731957], "aligned_model": [[-0.32441775229474334, -0.27194450203194065, 0.33939705088351524, 0.5203075220621841, 0.28391405335923636, -0.16462301845586086, -0.3827551195234853, -0.6438037440605041, -0.49748171536094643, 0.5463530720260499, -0.06674624415829991], [-0.758661295845115, 0.019156424876010117, -0.2898584582695062, 0.3170021810203396, -0.5517811505440258, 0.6689391454712906, -0.5274122392264851, 0.296233415428971, 0.07515212596086547, 0.2867677223449008, -0.06833451290289923], [-0.08352884570986088, -0.5565689785289687, -0.5663431239999147, -0.3319217131404304, 0.1716799662483648, -0.2557847581629431, 0.46298934760873645, 0.10200592842723306, 0.7214960234476545, 0.3683848817997094, 0.060422049255736035]], "inverted": false, "swapped": true, "error_lsq": 0.05011129642932784, "error_max": 0.2378883744499154, "target": "1105.xyz", "model": "4.xyz", "model_rescale": 3.7855080009869324, "target_rescale": 4.038570365976222},
{"mapping": [1, 7, 6, 4, 11, 13, 12, 5, 10, 0, 8, 9, 15, 16], "R": [[0.30227683944937256, -0.951146333727551, 0.06284396684755439], [0.61798487994032, 0.14534767636255966, -0.7726375224781366], [0.7257571222507202, 0.27238704964194393, 0.6317292890864807]], "T": [0.11198883571295927, 0.08862360764969554, 0.014218004446190423], "aligned_model": [[0.5342737940771447, -0.5918507288699018, -0.24862744061014908, -0.14204223459599458, 0.3068845299112089, 0.13839460578228446, 0.6616149316435033, -0.2541695489996096, -0.3756163085607186, 0.2700913377914693, -0.36852978253438734, 0.30405340474785997, 0.02704590138180972, 0.15174269178683747], [-0.2876891120288938, 0.036917616202880504, -0.4554543982225424, -0.27883750613495817, -0.6783153252493548, -0.3456795910362991, -0.2723570275196009, 0.4656297837677634, 0.6186392531948848, 0.14540512999832914, 0.06259396679969073, 0.7570471013876163, 0.44980958442741137, 0.11834904933911344], [-0.48894011179246416, -0.23738849318894406, 0.010740527788167446, -0.5752235355212412, 0.09331648665026343, 0.5934857368407694, 0.18934481197454273, -0.6013286023130526, 0.12507337341606353, -0.7475256144156939, 0.5277685757422417, 0.1666491482117351, 0.7501850517874402, 0.03477964930771726]], "inverted": false, "swapped": false, "error_lsq": 0.04556887767668954, "error_max": 0.34836095453174476, "target": "1105.xyz", "model": "5.xyz", "model_rescale": 4.2253639853439635, "target_rescale": 4.038570365976222},
{"mapping": [7, 1, 4, 0, 3, 2, 6, 9, 8, 12, 10, 11, 5, 13], "R": [[0.3784343525372533, -0.34583884616726607, 0.8585935786513921], [-0.07939114982518025, 0.912033945952686, 0.40235696434808843], [-0.9222171578045737, -0.22043042873357388, 0.3176884321771681]], "T": [-0.02321970976072184, 0.048722102484820486, -0.006158720088677979], "aligned_model": [[0.5506606632636665, -0.7359497677841377, -0.3247845898876673, -0.1392542026218601, 0.34036341316356816, 0.08213786161612781, 0.5894615382576058, -0.2946046156475933, -0.4022472496470139, 0.6066982608437097, -0.48423089190571655, 0.4993081443968225, 0.11833751117025955, 0.007369077733585663], [-0.2532984356792046, -0.10150461690778462, -0.575691537566263, -0.31612798699421113, -0.5600699442073331, -0.26614473456298054, -0.05639815097253061, 0.33755701061442983, 0.6739784664186603, 0.40026071930131796, 0.11511444848600877, 0.6211478499323354, 0.3210857495571243, -0.0038503124935283725], [-0.46314463673317735, -0.09645589129985331, 0.13553652118181383, -0.7107742592305568, -0.01990751302992317, 0.5768766725920049, 0.15903628214467033, -0.47040117418773725, 0.09994254741868966, -0.5985840028588937, 0.6195993966935754, 0.06346307320806437, 0.5474845435806778, -0.0017345549918093874]], "inverted": false, "swapped": false, "error_lsq": 0.03976154697104606, "error_max": 0.2690092420060966, "target": "1105.xyz", "model": "6.xyz", "model_rescale": 3.89814844738969, "target_rescale": 4.038570365976222},
{"mapping": [1, 10, 5, 7, 4, 12, 8, 3, 9, 11, 6, 0, 13], "R": [[0.010978712655143108, 0.9931013802350319, -0.11674380687518554], [-0.6178264658872894, -0.08506250387151787, -0.7816999606526347], [-0.7862378303780977, 0.08070947286646604, 0.6126304392306665]], "T": [0.00291253984856496, 0.045620079394777774, -0.06893311425396159], "aligned_model": [[0.03720468080843854, -0.03889716600341876, 0.4475704993054259, -0.4195431743572714, 0.7503974859399117, -0.3401887870165923, -0.7161779544312833, 0.23682443528025332, -0.4922833364738368, -0.6765069154917861, 0.18492094235695003, 0.15173405465307757, 0.02357703633435415], [-0.36846337683754204, 0.24642992205062367, 0.4623573642251557, -0.5961102682591068, 0.24720065955352222, 0.6215212737912663, -0.04877405227366845, -0.4868698003705856, -0.12853143525153696, 0.3777930429576529, 0.5909478078790218, -0.03275544293567509, 0.07903557094135755], [-0.5197237027099264, -0.7846195130926106, -0.38487427201487073, -0.03382639459260173, 0.08156427573941982, -0.296051639789028, -0.4558466387809624, 0.2515763265517346, 0.5784359772163068, 0.12930457575234855, 0.2817459299106095, 0.7574063412230729, -0.002816234577196222]], "inverted": true, "swapped": true, "error_lsq": 0.045197006960265504, "error_max": 0.28223648811064195, "target": "1105.xyz", "model": "7.xyz", "model_rescale": 3.7474275329858107, "target_rescale": 4.038570365976222},
{"mapping": [1, 8, 4, 2, 13, 13, 12, 3, 5, 0, 9, 10, 11, 14], "R": [[-0.2395220916191416, 0.9148323407184825, -0.32513221311019563], [-0.9650309563004212, -0.18759249248729984, 0.1830964503869385], [0.1065101920394749, 0.3576182953065244, 0.9277740747907163]], "T": [0.07139175595377181, 0.14564964416807769, -0.02354576373711112], "aligned_model": [[0.464039688142046, -0.5793682638162376, -0.3268445111328817, -0.17877612166872267, 0.24218889842911653, 0.24218889842911653, 0.5823965775211493, -0.2847768478884306, -0.4850108466010663, 0.377664952978751, -0.428819592051392, 0.5566239018666277, 0.15995756747559442, 0.07180085126768598], [-0.16886792178157262, -0.044536232182898206, -0.5269802808716298, -0.3963026303828555, -0.6322723142527641, -0.6322723142527641, -0.06493533556939951, 0.40756949927295255, 0.595516228018995, 0.45617524925264763, 0.31300191090997176, 0.6922470721078088, 0.2503368646861971, 0.08737872997135114], [-0.5818540317282204, -0.09805109886200329, 0.011134278989082744, -0.6170887368778708, 0.39332063143226104, 0.39332063143226104, 0.2506269144115594, -0.5880601144170116, -0.056067519938090726, -0.5174929420850811, 0.5261107346613024, 0.1790483527390034, 0.5828176903723351, -0.03682778564198164]], "inverted": false, "swapped": false, "error_lsq": 0.05024994478161659, "error_max": 0.3893781583809113, "target": "1105.xyz", "model": "8.xyz", "model_rescale": 4.019505241142653, "target_rescale": 4.038570365976222},
{"mapping": [6, 9, 11, 12, 5, 10, 8, 4, 2, 3, 7, 1, 13], "R": [[-0.6553069879007779, 0.04902916503020059, 0.7537697875245806], [-0.5277225084425288, 0.684253614819558, -0.5032950870905589], [-0.5404458397393166, -0.7275940706072374, -0.42252238133104336]], "T": [-0.009579253686136664, -0.09380226529048746, 0.04974134264087153], "aligned_model": [[-0.24231137143852566, -0.7004861732327516, -0.17301443360740468, 0.3058342737809227, 0.3995916646599924, 0.7283989202514397, 0.31873545014581917, -0.08444977715544288, 0.07656415243078049, -0.41349943769740954, -0.18464565991689758, 0.35616023652117335, -0.06717707300051988], [-0.6444698200896259, 0.2793375960314433, 0.15214004866913, -0.18655424323167066, -0.6439635839347915, -0.08016155533710628, 0.5579534054824122, -0.7989812776448861, -0.3274561193666737, 0.03511294698727402, 0.6343164891169402, 0.22783786710473158, -0.14173352567311837], [-0.2602363783515293, -0.2296306655965593, -0.6741710663731281, -0.5770559995072433, 0.0830754646599766, -0.04763325218373578, -0.3285805670895661, 0.3949005878820304, 0.5757099141557371, 0.5608341928297929, 0.22499539885681819, 0.4220791796022435, 0.03241668515904216]], "inverted": false, "swapped": true, "error_lsq": 0.05229864947590905, "error_max": 0.32287107436219686, "target": "1105.xyz", "model": "9.xyz", "model_rescale": 3.877068213659057, "target_rescale": 4.038570365976222},
{"mapping": [1, 6, 12, 5, 0, 11, 8, 3, 13, 4, 10, 2, 9, 15], "R": [[-0.8342725893852493, -0.07384370913482949, -0.5463848032491774], [-0.5127635362347306, -0.2603052354542209, 0.8181165811198163], [-0.20263958771297813, 0.9626984424088021, 0.17930116138826585]], "T": [0.01187059942438528, 0.12446451026973428, 0.0049921804512341374], "aligned_model": [[0.5939091083266492, -0.6047767481384783, -0.39238813198343214, 0.031567933640077754, 0.22702866286601714, 0.02278578701306474, 0.6694582570420002, -0.30486946803434756, -0.360698099606802, 0.2552844641787021, -0.34847284969681, 0.334100195015185, 0.2588903729720655, 0.03144566935746497], [-0.2797452743515058, 0.11751595077306172, -0.4993480531955268, -0.3609265575829644, -0.6419420177282961, -0.42367134329156475, -0.0799527460124687, 0.14795050721479408, 0.7996858777652399, 0.4310955950472469, 0.05378440245006745, 0.6950182994809676, 0.3399995975146833, 0.03659428684230616], [-0.49575948891664184, 0.0034620205072431447, -0.07002767996567145, -0.6073826790230441, -0.0047071603429181905, 0.49903997265785266, 0.35300797562601144, -0.5444488813033085, -0.04892595511908316, -0.5471108425784391, 0.6119252084649673, 0.10983405801739704, 0.5778544340012636, 0.0041760224619165134]], "inverted": false, "swapped": false, "error_lsq": 0.03747767526044506, "error_max": 0.22400556420874698, "target": "1105.xyz", "model": "10.xyz", "model_rescale": 4.260839863003843, "target_rescale": 4.038570365976222},
{"mapping": [3, 1, 8, 7, 11, 9, 0, 2, 10, 12, 6, 13], "R": [[-0.16718476560087242, -0.9723997020114891, 0.1627515704346605], [0.971200638672823, -0.190851701700338, -0.14263571572220582], [0.1697603416363258, 0.13421791045181755, 0.9763027086521197]], "T": [0.12880455247657566, 0.012937444499542474, 0.012785180613532246], "aligned_model": [[0.3419336510558557, 0.2557987216819395, -0.5159782644336394, -0.25559644712212737, -0.5912526345009013, -0.44831742465711355, 0.15406953715560393, 0.6821772027412673, 0.18501897873078418, -0.20885288701878005, 0.2227660145210901, 0.13713220094015152], [0.0770707588728295, -0.5676281008750624, -0.4835109620534458, -0.3282675806199897, 0.2313564973079816, 0.41122292656873205, 0.7159875283643077, -0.08979735920899935, -0.5190595506784547, 0.03250667437077747, 0.6038434342235134, 0.08935423926074418], [-0.6128740348135535, -0.13777823728443278, 0.12896420267564696, -0.5593460575401077, 0.22505534010022815, -0.4376960563470896, -0.4521983906814949, -0.13514053793962033, 0.5305677617187878, 0.6345311332668992, 0.3217941400506468, 0.010298814189594652]], "inverted": false, "swapped": true, "error_lsq": 0.04102663753263786, "error_max": 0.19819959014894278, "target": "1105.xyz", "model": "11.xyz", "model_rescale": 3.890672605050136, "target_rescale": 4.038570365976222},
{"mapping": [1, 7, 4, 0, 2, 10, 11, 8, 5, 6, 12, 9, 9, 13], "R": [[-0.4248928496916563, 0.6029345269758971, -0.6752303477045851], [-0.87516126705202, -0.46428784074568924, 0.13612331757494328], [-0.23142779204928454, 0.6487732709630205, 0.7249375283092582]], "T": [0.06892439311290735, 0.017611148576590574, -0.12650211845275774], "aligned_model": [[0.533850073708397, -0.765331184349294, -0.21276105229586859, -0.004851312299555988, 0.3128931755964446, 0.08091008210822623, 0.5185101012662251, -0.28142673812117547, -0.352645239656723, 0.4494119035389986, -0.3562610032425034, 0.2853825207146786, 0.2853825207146786, -0.07979869473117177], [-0.3370780859732167, 0.12034868345102409, -0.618694594093818, -0.2903537332097626, -0.5928943524677985, -0.39158804106714806, -0.10037503570342937, 0.3585683493026411, 0.6186935122914166, 0.3436036441932453, 0.04791865244162467, 0.6056064903613667, 0.6056064903613667, -0.03330345496147144], [-0.6396667594867352, 0.016420240461216457, -0.04388640859887477, -0.6249088967217001, 0.14428635994824054, 0.6684525160370207, 0.16797048679019708, -0.6558350174437302, 0.13030757488559028, -0.41113607839594124, 0.48458787547664384, 0.33526381040724507, 0.33526381040724507, -0.06618250927887186]], "inverted": false, "swapped": false, "error_lsq": 0.04819303876518869, "error_max": 0.3093857091273667, "target": "1105.xyz", "model": "12.xyz", "model_rescale": 4.124412569039231, "target_rescale": 4.038570365976222},
{"mapping": [8, 10, 5, 7, 12, 11, 1, 9, 2, 3, 6, 4, 13], "R": [[-0.7981602929350938, 0.22974192064882532, -0.5569190216524785], [0.4667355836145242, 0.8203166417989946, -0.33051248414489487], [0.38091736869008014, -0.5237358657607943, -0.7619729005325693]], "T": [0.10971375283642278, 0.1221795642325883, -0.054547220774234136], "aligned_model": [[-0.2985709873627556, 0.06213060919285614, 0.5186319849810913, -0.5830184879461983, 0.4663347504225605, 0.2788426638774559, -0.3943506107904546, 0.007967002238332813, 0.03775956977786492, -0.21002932229295052, 0.7640636112953653, 0.5514152822629477, 0.16612224185364205], [-0.29093522589846293, 0.426416970134567, 0.621272188610031, -0.19407890220998286, -0.11549458609641122, -0.5939164193842887, 0.4197870956697404, -0.611285656351086, 0.6521413787521655, 0.21479957335132352, 0.04752209163671678, 0.6679463678512285, 0.10331050044293609], [0.5271255460065816, 0.6232839611468683, 0.1797643503338831, -0.16235156351700797, 0.5087431068466225, 0.2097439244690597, 0.12766718274729277, -0.4370531887122906, -0.2839395023683643, -0.6291535628382714, -0.19503816914449443, -0.41379128028712364, -0.10330272371491658]], "inverted": true, "swapped": true, "error_lsq": 0.042055127573461706, "error_max": 0.24739206900901664, "target": "1105.xyz", "model": "13.xyz", "model_rescale": 3.9028299243045295, "target_rescale": 4.038570365976222},
{"mapping": [3, 11, 9, 6, 7, 10, 4, 1, 12, 2, 14, 8, 13, 15], "R": [[0.07582924801238902, -0.9878386842014373, -0.13573746402909131], [0.8218306407882592, 0.1390061425963362, -0.5525139728387387], [0.5646630172124212, -0.06965648796530233, 0.822376830094881]], "T": [0.14457449516993706, 0.10203494276745272, -0.0555863364743207], "aligned_model": [[0.5308989629441438, -0.5930824546194383, -0.35025567808752966, -0.0558351806968079, 0.1766614091100465, 0.1745851702067187, 0.7139259785201556, -0.3079437899245837, -0.2127391794284453, 0.3046747195915298, -0.5040218912127445, 0.492744611122514, -0.05309202529248394, 0.09674450071828175], [-0.24269328136360763, 0.1425343835291799, -0.4946022861952569, -0.29689929498874856, -0.787079549273329, -0.2997777936277509, -0.14732374192158115, 0.20138232002987255, 0.6719023755235664, 0.4855428990425401, -0.08877097855385836, 0.791439480152628, 0.40156103932955584, -0.0011570467571696136], [-0.4028690776587514, -0.06445809297167757, -0.05204047785518589, -0.550657743459315, 0.11492409087260957, 0.5713095769781515, 0.21464025115126673, -0.5111695407619662, 0.12279061268067454, -0.6634015511322343, 0.5153484065068764, -0.05805893590111893, 0.6542470354953148, -0.049667549457099024]], "inverted": false, "swapped": false, "error_lsq": 0.043620501605659355, "error_max": 0.2566403232069271, "target": "1105.xyz", "model": "14.xyz", "model_rescale": 3.942246331269136, "target_rescale": 4.038570365976222},
{"mapping": [2, 4, 3, 5, 1, 12, 0, 10, 11, 9, 13, 6, 8, 14], "R": [[0.6822814855673179, -0.4789979595910622, 0.5523159685901298], [-0.09941571611455435, -0.8092392540943169, -0.5790063428169889], [0.7242986192458774, 0.34013642019118345, -0.5997488856330144]], "T": [0.00750606193186569, 0.07545238484204575, -0.046689323877460706], "aligned_model": [[0.6747859288184697, -0.5776769710286553, -0.35395377199101474, 0.18849389272978256, 0.16494254497161354, -0.1281139211143697, 0.6735850969932193, -0.40914919476205, -0.29157424276889155, 0.2813715217440409, -0.48436741719936766, 0.1860679326716405, 0.4092806367860666, 0.0795731171008726], [-0.17891425877746947, 0.07130629899162569, -0.5398898107744916, -0.38379927438407235, -0.7101006594443507, -0.4569221608451771, -0.10735883548664266, 0.42079122751856396, 0.6582088829684503, 0.3927483287746901, 0.0732420861263286, 0.6036709397828773, 0.4745318503475835, 0.018543910128124494], [-0.31628737376103283, -0.0814399329347359, -0.13182862887174418, -0.445576371536615, 0.07480801848470316, 0.5585055385144888, 0.20557295955375154, -0.5115979136575725, 0.2449557684661312, -0.7340635305641241, 0.6006015238967372, -0.09016582181085737, 0.48071346100363177, -0.013260692295216495]], "inverted": true, "swapped": false, "error_lsq": 0.04829357322897848, "error_max": 0.3127726281109323, "target": "1105.xyz", "model": "15.xyz", "model_rescale": 4.355366556412066, "target_rescale": 4.038570365976222},
{"mapping": [2, 6, 5, 7, 1, 3, 8, 9, 12, 0, 11, 13], "R": [[-0.8085019221677734, -0.12595491600444578, -0.5748565046908048], [-0.11810919644702211, -0.9222226295908147, 0.3681788141450323], [-0.5765196090035923, 0.3655691187790846, 0.7307423347729547]], "T": [-0.04189473342141012, -0.10623711948814266, -0.10131489527765997], "aligned_model": [[-0.30829759079188057, 0.5650832160744822, 0.24191994686481857, -0.6198572113285326, -0.5647554898653797, -0.4808994788240074, -0.1901593106493064, 0.0010434506984434988, 0.4715936336932175, 0.09881476291540439, 0.3764615088013694, 0.006861117043151878], [-0.6137715571127567, -0.26980543908837284, -0.6670944823802627, 0.39546923987304416, -0.19267364204776583, -0.17999986864151532, 0.5026625173509661, 0.5509221972340879, 0.08922818306652153, -0.036820734321243, 0.5491637223602535, -0.11450370855197604], [-0.0008357413531579483, 0.14015633634742594, -0.3771730588095032, -0.025359286936189107, -0.4095332776561776, 0.39145324378359636, -0.6332569164750996, 0.40950052281484267, -0.5475060462212026, 0.727243892352019, -0.18301952705462501, -0.04241167958250808]], "inverted": true, "swapped": true, "error_lsq": 0.04385701844424425, "error_max": 0.2802079948220559, "target": "1105.xyz", "model": "16.xyz", "model_rescale": 3.795458400668931, "target_rescale": 4.038570365976222},
{"mapping": [1, 10, 5, 7, 4, 12, 8, 3, 9, 11, 6, 0, 13], "R": [[0.010978712655143108, 0.9931013802350319, -0.11674380687518554], [-0.6178264658872894, -0.08506250387151787, -0.7816999606526347], [-0.7862378303780977, 0.08070947286646604, 0.6126304392306665]], "T": [0.00291253984856496, 0.045620079394777774, -0.06893311425396159], "aligned_model": [[0.03720468080843854, -0.03889716600341876, 0.4475704993054259, -0.4195431743572714, 0.7503974859399117, -0.3401887870165923, -0.7161779544312833, 0.23682443528025332, -0.4922833364738368, -0.6765069154917861, 0.18492094235695003, 0.15173405465307757, 0.02357703633435415], [-0.36846337683754204, 0.24642992205062367, 0.4623573642251557, -0.5961102682591068, 0.24720065955352222, 0.6215212737912663, -0.04877405227366845, -0.4868698003705856, -0.12853143525153696, 0.3777930429576529, 0.5909478078790218, -0.03275544293567509, 0.07903557094135755], [-0.5197237027099264, -0.7846195130926106, -0.38487427201487073, -0.03382639459260173, 0.08156427573941982, -0.296051639789028, -0.4558466387809624, 0.2515763265517346, 0.5784359772163068, 0.12930457575234855, 0.2817459299106095, 0.7574063412230729, -0.002816234577196222]], "inverted": true, "swapped": true, "error_lsq": 0.045197006960265504, "error_max": 0.28223648811064195, "target": "1105.xyz", "model": "17.xyz", "model_rescale": 3.7474275329858107, "target_rescale": 4.038570365976222},
{"mapping": [11, 4, 5, 10, 12, 9, 7, 8, 0, 3, 6, 1, 2, 13], "R": [[0.17309719235963758, -0.9397442258957018, 0.29481884589167484], [-0.44188528918858694, 0.19341848728498776, 0.8759718488485269], [-0.8802129021980591, -0.2819043785968489, -0.3817789519237472]], "T": [0.08442017015247993, 0.02239611513339676, -0.03342237983386094], "aligned_model": [[0.7087803262621236, -0.7352654732931884, -0.3394898816842564, 0.06304651104972306, 0.25890947137319215, -0.12081937706072854, 0.7094573686465024, -0.41771993213733394, -0.31170502735503947, 0.22765373622041202, -0.35046291052098905, 0.5039987187565294, 0.1619858535400363, 0.05489576915437329], [-0.08128789861982649, 0.007628285916691263, -0.5362767278268793, -0.32832270322826396, -0.6986443977050907, -0.3496337671306591, -0.184078719205551, 0.21112085845790865, 0.7470662233595833, 0.34384039697613866, 0.10911541199507699, 0.5715571315330731, 0.42651876481241935, 0.09745566559141938], [-0.3815038107675108, 0.09743318622999812, -0.21063654168542412, -0.6275426097596029, 0.060869644848073653, 0.4834863749946728, 0.33279603220975185, -0.5120587137536464, 0.09726982698791299, -0.6137213549590128, 0.5977315484246115, -0.06332950988458146, 0.5449383835195238, 0.03520454808277898]], "inverted": true, "swapped": false, "error_lsq": 0.04296306500125819, "error_max": 0.2447642593150403, "target": "1105.xyz", "model": "18.xyz", "model_rescale": 3.922800546911778, "target_rescale": 4.038570365976222},
{"mapping": [5, 4, 13, 8, 12, 7, 3, 6, 10, 1, 11, 2, 9, 14], "R": [[0.37710599727217115, -0.7933278081442662, 0.4779352002587548], [-0.53520873157578, 0.2344862520151228, 0.8115219105242603], [-0.7558721323520311, -0.5618248716823734, -0.33616979800790986]], "T": [0.07522831310176212, 0.0006520260205800585, -0.10079234759844927], "aligned_model": [[0.6117519220837855, -0.6395574886555372, -0.3805741719409538, -0.1224553784486754, 0.3627094276162356, 0.1208361836752998, 0.5892096366036993, -0.3022389712881166, -0.3607462246408888, 0.3395431174604058, -0.41122811471426446, 0.3283357115661879, 0.189423523641329, 0.08825597999285054], [-0.35680815313149455, 0.10718046732078582, -0.48489986847782107, -0.29568363820351834, -0.7136047850467039, -0.31331184350706004, -0.11088907315018873, 0.3558101230062802, 0.6400960953580492, 0.451477761402455, 0.019115527778462253, 0.6298916536336958, 0.43129485073502544, -0.023610592791926746], [-0.5093243016867272, -0.14079344623946938, 0.06742536608855718, -0.598283037185172, 0.05984968055117276, 0.6323908694978193, 0.2632557616839356, -0.5559285330132526, 0.1264479038811815, -0.6250793533978392, 0.4190757661651403, 0.1296921392367044, 0.5805661463874784, -0.008357957481983633]], "inverted": true, "swapped": false, "error_lsq": 0.03337507747500023, "error_max": 0.2023808160026867, "target": "1105.xyz", "model": "19.xyz", "model_rescale": 3.9282355846067225, "target_rescale": 4.038570365976222},
{"mapping": [12, 6, 5, 7, 2, 1, 10, 8, 4, 9, 3, 11, 0, 13], "R": [[0.21868165889198993, -0.4891072729678758, 0.844365091411396], [-0.8150769463165308, 0.3841914851281331, 0.4336432569962993], [-0.5364959493300638, -0.7830523470911553, -0.31464443117186475]], "T": [-0.039643453210562105, 0.024556023542026455, -0.10263086591432655], "aligned_model": [[0.5788544694427715, -0.657683041649597, -0.43296324472638553, 0.005135350549074602, 0.2665171917129674, 0.03807205639020213, 0.780378650540362, -0.2942030821693158, -0.263957604170315, 0.3330864429795938, -0.4930439166728887, 0.3718666765089876, 0.14799833154294006, 0.03320687267295962], [-0.11959873970301815, -0.12235314832349409, -0.48919737798573004, -0.45327666465169336, -0.6866500411717573, -0.24976428941828305, -0.1214127028573452, 0.5911106666564292, 0.5758641307608388, 0.38241452474416066, 0.09013394855984236, 0.5809810033676637, 0.36414972169436755, -0.006342506745940186], [-0.6678512381363843, -0.2552376036455266, 0.16013735185411074, -0.49983176874190305, 0.17873687099632066, 0.5903406066380894, 0.11757637571209989, -0.5417627490634314, 0.10976117144542885, -0.5624509860061103, 0.4944307930657673, 0.08287877343143088, 0.5971288564093976, 0.037080550528255735]], "inverted": false, "swapped": false, "error_lsq": 0.04561743637915155, "error_max": 0.2980240834000242, "target": "1105.xyz", "model": "20.xyz", "model_rescale": 4.067790424073018, "target_rescale": 4.038570365976222},
{"mapping": [5, 11, 10, 13, 1, 9, 7, 6, 3, 4, 12, 2, 0, 14], "R": [[0.3835969981037444, -0.5846363592130159, 0.7148801791432922], [0.21779743401602408, 0.8095342011652813, 0.5451776360781189], [-0.8974506230327282, -0.05342943598653732, 0.43786718829838]], "T": [0.07950732863137612, 0.06186810888205585, -0.058518952977048934], "aligned_model": [[0.38266576730449486, -0.5642703535344752, -0.34084486069386055, -0.20497319444355944, 0.41147442774629683, -0.005592522745056144, 0.56285889850415, -0.1736131894703261, -0.4445283242994721, 0.5808875826381303, -0.4202998706187189, 0.2226965539988417, 0.3721354105795943, 0.0346688279853173], [-0.17412737709204248, 0.034707281053968086, -0.6317856713835694, -0.44639860734294645, -0.6824273137750425, -0.4765220106641346, -0.1847337801444551, 0.4855464886180553, 0.689302041258197, 0.44252915359681455, 0.020693521798513526, 0.791597402046516, 0.4644055475917385, 0.0032718493644283073], [-0.5067010727888639, -0.1118559884777697, 0.057391752336811507, -0.44692503203099715, 0.03701779490424927, 0.49550631173534515, 0.4535579215631586, -0.6098659730611116, 0.1769769315117708, -0.5546918106235247, 0.5207144057428742, -0.08523853334977749, 0.44822599826895443, -0.0331757012435741]], "inverted": true, "swapped": false, "error_lsq": 0.05000537940606015, "error_max": 0.23517209225626104, "target": "1105.xyz", "model": "21.xyz", "model_rescale": 4.186013935880536, "target_rescale": 4.038570365976222},
{"mapping": [1, 7, 3, 5, 12, 2, 10, 8, 0, 9, 11, 6, 13], "R": [[0.20782330896685108, -0.9760491866808263, 0.06432307074266808], [0.6512999606141527, 0.08901462304146544, -0.75358128837491], [0.729806709721192, 0.19850537036685764, 0.6542001103496121]], "T": [0.08378337572503895, -0.07136988329072626, -0.002817126521621244], "aligned_model": [[-0.013812769097502064, -0.38218419226620737, 0.32579470550423534, 0.49292187776484847, -0.2415485443412561, 0.5615006845258612, -0.08287235110123244, -0.7044847885394488, 0.3888751810396754, -0.2841987989615275, -0.5063700592672564, 0.384428475551836, 0.12052461461119972], [-0.4392117544461299, 0.1550366395752688, 0.29086781654041494, -0.5329951945032338, -0.3310760362052074, -0.23096503154535608, -0.7914174489965514, -0.2964650822879326, 0.7140613683458824, 0.6764251123483968, 0.18543407690793823, 0.1365038173205252, -0.017241623507921792], [-0.48346311333318237, -0.5712654208409664, -0.5040166013837815, 0.2983758993604779, 0.569612246213124, -0.294318944164583, 0.08683240069771936, -0.06338872972382467, 0.031008909748819986, -0.007936714531082462, 0.44105053951098994, 0.5627677305935033, 0.037621359188131885]], "inverted": false, "swapped": true, "error_lsq": 0.03565549297516865, "error_max": 0.24766928857804174, "target": "1105.xyz", "model": "22.xyz", "model_rescale": 4.166573947596378, "target_rescale": 4.038570365976222},
{"mapping": [13, 0, 1, 5, 6, 2, 12, 7, 8, 10, 4, 9, 3, 15], "R": [[0.8058155900983467, 0.34237826033256763, 0.4831545938994039], [-0.07564244943503227, -0.7497118595292682, 0.6574270663158275], [0.5873154642931872, -0.5663119763282527, -0.5782311742454456]], "T": [0.17114495533380367, 0.09078805976945804, 0.07737640963104866], "aligned_model": [[0.40529154756284236, -0.6071171818733923, -0.2870048526053962, -0.06253467136529192, 0.27488309836118846, -0.013559974354793725, 0.7619060082441315, -0.1932690141422209, -0.3162369231131731, 0.29221821180982255, -0.4732151674370271, 0.43045866564944124, 0.06832479184429573, 0.13312061437093103], [-0.08222602549446166, -0.010776403689038053, -0.45528350587229893, -0.4011490226856668, -0.6604261264101707, -0.3183066685324015, -0.17292904410026777, 0.1800403465958802, 0.735965774393127, 0.39521790481764896, 0.17381161937291983, 0.618781146403833, 0.29734527389717785, 0.035993256229759005], [-0.7176422307438558, -0.14789779748128376, 0.07928940465874798, -0.5506790976074889, 0.14080570988394156, 0.5787094640105197, 0.1814726281985939, -0.531414306294545, 0.09422162662762448, -0.5961256090105477, 0.42053910296778674, 0.19749662604251325, 0.6325239425336552, 0.05963754070188429]], "inverted": false, "swapped": false, "error_lsq": 0.04262522261948271, "error_max": 0.29177587824144624, "target": "1105.xyz", "model": "23.xyz", "model_rescale": 4.274766983524099, "target_rescale": 4.038570365976222},
{"mapping": [4, 6, 0, 3, 9, 7, 1, 8, 10, 12, 13], "R": [[-0.0920062313206798, -0.2181810394593776, 0.9715615716044926], [0.9092194127168117, 0.37943693178994103, 0.17131162929799054], [-0.4060232911263367, 0.8991243789455725, 0.16346387444532456]], "T": [0.02324870016871354, 0.053992477539087945, 0.008732068773732355], "aligned_model": [[0.3108289314952056, 0.22863449287840604, -0.5181582868556859, -0.471870558608577, -0.6805963392186455, -0.5784340882201606, 0.044328243484536047, -0.027951408793878252, 0.6119239984056749, 0.4512122282673658, 0.00997749112383359], [0.013731483761264464, 0.5873359583749752, 0.4210409684579872, -0.2337549563465441, 0.48387415680769513, -0.2378478491891137, -0.5211471980746875, 0.0249095739324618, -0.1990845613616327, 0.4674914113793736, 0.10903754350170383], [-0.7245445517831779, -0.3474232199087292, -0.523509738267657, -0.3274894094257076, 0.1288917497418798, 0.388634947391789, 0.21997415900640346, 0.8286321846896949, 0.38780075848629136, 0.3919152901906641, -0.043315736099873686]], "inverted": false, "swapped": true, "error_lsq": 0.0488536617248531, "error_max": 0.27085294252944025, "target": "1105.xyz", "model": "24.xyz", "model_rescale": 3.7841303162186577, "target_rescale": 4.038570365976222},
{"mapping": [10, 3, 13, 11, 14, 12, 9, 6, 4, 7, 5, 1, 2, 15], "R": [[-0.4452646623271581, 0.5222717381492126, -0.7273043462081624], [0.11331652916922233, -0.7728694263459106, -0.6243654491055571], [-0.8881997211774629, -0.3604234750267298, 0.2849494234946505]], "T": [0.1819743006966014, 0.10630147749597779, -0.0713854692443741], "aligned_model": [[0.7365269084120846, -0.6191799661402143, -0.24743957044447115, -0.14960981171182855, 0.38324289670797473, -0.06527787734477816, 0.4972696146905369, -0.3588713137703269, -0.29916158398860937, 0.32675621202171934, -0.3992883185693521, 0.29861092757310714, 0.18741920006947313, 0.1222678354460415], [-0.3070970068617201, 0.02858757229425074, -0.5469885159703007, -0.26344383094115115, -0.6333237073028808, -0.35610437102745224, -0.17572425021590138, 0.4009444036753777, 0.6178000204602743, 0.18896351066355815, 0.11117832477513545, 0.8404654441073605, 0.3059438306804728, 0.1248571005890167], [-0.4275149452554373, -0.0380046768539478, -0.09994958973685371, -0.6568493472502954, 0.132929240410673, 0.47653706007273317, 0.33258366622042135, -0.4491393833304633, 0.18076893557921103, -0.6998842731620162, 0.5854621000198978, -0.05051536614172479, 0.6558739836422821, -0.10136039972693477]], "inverted": false, "swapped": false, "error_lsq": 0.04204366431239169, "error_max": 0.2719312245462168, "target": "1105.xyz", "model": "25.xyz", "model_rescale": 4.19342608120988, "target_rescale": 4.038570365976222},
{"mapping": [2, 6, 5, 7, 1, 3, 8, 9, 12, 0, 11, 13], "R": [[-0.8085019221677734, -0.12595491600444578, -0.5748565046908048], [-0.11810919644702211, -0.9222226295908147, 0.3681788141450323], [-0.5765196090035923, 0.3655691187790846, 0.7307423347729547]], "T": [-0.04189473342141012, -0.10623711948814266, -0.10131489527765997], "aligned_model": [[-0.30829759079188057, 0.5650832160744822, 0.24191994686481857, -0.6198572113285326, -0.5647554898653797, -0.4808994788240074, -0.1901593106493064, 0.0010434506984434988, 0.4715936336932175, 0.09881476291540439, 0.3764615088013694, 0.006861117043151878], [-0.6137715571127567, -0.26980543908837284, -0.6670944823802627, 0.39546923987304416, -0.19267364204776583, -0.17999986864151532, 0.5026625173509661, 0.5509221972340879, 0.08922818306652153, -0.036820734321243, 0.5491637223602535, -0.11450370855197604], [-0.0008357413531579483, 0.14015633634742594, -0.3771730588095032, -0.025359286936189107, -0.4095332776561776, 0.39145324378359636, -0.6332569164750996, 0.40950052281484267, -0.5475060462212026, 0.727243892352019, -0.18301952705462501, -0.04241167958250808]], "inverted": true, "swapped": true, "error_lsq": 0.04385701844424425, "error_max": 0.2802079948220559, "target": "1105.xyz", "model": "26.xyz", "model_rescale": 3.795458400668931, "target_rescale": 4.038570365976222},
{"mapping": [2, 0, 4, 5, 12, 7, 3, 1, 9, 6, 8, 11, 13], "R": [[-0.857943813024574, 0.503289278738273, -0.1031131204064918], [-0.38772283128321045, -0.7659943938856759, -0.5127607577003599], [-0.33705106407573593, -0.3999406086443649, 0.8523168951526123]], "T": [-0.14176523215837417, -0.07631972089608427, -0.13243142339748518], "aligned_model": [[-0.061435207628556435, 0.4272738409296129, 0.4463901839228485, 0.1122994290996332, -0.13520532875100208, -0.6955410952305938, -0.11764391788745476, -0.653588604007133, -0.06737863230943482, 0.48799023875705255, -0.8089309350945049, -0.1652540900200702, -0.0692994989591402], [-0.5933413144094646, -0.29531453979658506, -0.47185687536156984, -0.0733628779265881, 0.5880683373078266, -0.23369924428332972, -0.6397312102994258, -0.3605894198676566, 0.10394000985404186, 0.15515112856553198, 0.391631765991993, 0.6230023482005528, -0.07201660471841231], [-0.387173463829354, 0.4501175136380776, -0.4783237553402586, -0.7701240496861589, -0.37637610284034295, 0.37755203753780975, 0.2182425053863751, -0.31431267194545653, 0.6778817937007942, -0.19000289858462518, -0.024659454574611134, 0.21634468385029046, -0.10702947521311351]], "inverted": true, "swapped": true, "error_lsq": 0.048795731255873186, "error_max": 0.2925317466872797, "target": "1105.xyz", "model": "27.xyz", "model_rescale": 3.6321398670334006, "target_rescale": 4.038570365976222},
