[{"mapping": [13, 9, 12, 7, 2, 6, 8, 4, 5, 11, 3, 0, 10, 14], "R": [[-0.7508797466422817, -0.07188882591532825, 0.6565147392031183], [0.4609223958297709, 0.6548947693888683, 0.5988851192421175], [-0.4730012168112962, 0.7522930530954123, -0.4586120486417865]], "T": [-0.05375913009377591, 0.09098594539873753, 0.13990887863640022], "aligned_model": [[0.1824663067325376, 0.29770063448781053, -0.43109035145075525, -0.37891356262773496, -0.6577868659929379, -0.121397722739511, -0.8085583370419767, -0.2314445893184101, -0.30434076348276673, 0.24151130773998747, 0.680425431310727, 0.3096111491710643, 0.5895693000378586, 0.003740164302411017], [-0.664389057223676, -0.23368395741375916, -0.479409191362168, -0.25738542120205476, 0.5756204908952973, 0.2665013080043055, 0.14695892161099472, 0.23828425170743112, 0.6664424238167993, -0.2486230022848662, 0.5278678027231516, 0.6392125635093472, -0.04988933400406101, 0.10776553303329281], [0.16724944468745953, -0.40111135762009287, 0.42965830056655074, -0.2500804012172357, 0.48351539636095964, -0.5154491739823386, 0.022047504842990673, 0.7821139973728704, -0.11783245504488016, 0.7108698779618776, 0.35517726293066376, -0.1987750626950997, 0.2639277545923975, 0.16627699842371116]], "inverted": true, "swapped": true, "error_lsq": 0.04887637025874227, "error_max": 0.3166245134101573, "target": "1106.xyz", "model": "0.xyz", "model_rescale": 3.8414455957264533, "target_rescale": 4.083454541711549},
{"mapping": [4, 1, 11, 3, 12, 0, 7, 9, 13, 2, 5, 10, 8, 6, 14], "R": [[-0.6211669173938834, 0.46523322761913377, 0.6306422953263313], [-0.4017890029560589, 0.5018484353978274, -0.7659724179057159], [-0.6728426694547223, -0.7291818647003201, -0.12480605094789096]], "T": [-0.01775784251109078, 0.020018302053525443, -0.031407241820267044], "aligned_model": [[-0.05563642720221104, -0.02490750213443652, -0.354350944875516, 0.35443902793946624, 0.06394145768713982, -0.6300552062502797, -0.4511225526357454, -0.30072143098624327, -0.613864679543751, 0.26355648640735, 0.6027750348074818, 0.559856296243335, 0.040257367926066365, 0.5521905220790435, 0.012808002045241833], [0.06020729952851988, -0.7508517091142564, -0.7281451333750988, -0.37428394165022905, -0.49887439407613504, -0.15771480138045732, 0.4296158565682651, 0.5686747458356558, -0.05224934693699646, 0.5719866275028048, 0.06801590433239713, -0.2328532453495165, 0.07604081740570276, 0.5180105800179061, -0.06232745876651683], [-0.5724869883936748, -0.42409821372845347, 0.19929160832490395, -0.5965374146805135, 0.5220953671324676, -0.37640036031530527, -0.27094820593546914, 0.2591394743667376, 0.4314977445339846, -0.4324034309097846, -0.24810510365721722, 0.23467392556172567, 0.754594100819883, 0.16143913894048506, -0.050086210981196706]], "inverted": true, "swapped": false, "error_lsq": 0.03622056386849796, "error_max": 0.22333330272821583, "target": "1106.xyz", "model": "1.xyz", "model_rescale": 4.316132596720782, "target_rescale": 4.083454541711549},
{"mapping": [8, 7, 12, 1, 4, 5, 11, 0, 13, 6, 10, 14], "R": [[0.3156728113407111, 0.9483772793142873, 0.030515770687996435], [0.6179681025244653, -0.18107681496290357, -0.7650664097614026], [-0.7200459016219478, 0.26036843734085924, -0.6432279350231264]], "T": [-0.016758890046411616, 0.0184175655388674, -0.032430346246129726], "aligned_model": [[-0.21109931761353987, 0.3784910731813988, 0.16391219783881006, -0.6580346518977115, -0.5363481494250942, -0.398077335390054, 0.019878106080696116, -0.15709076139967929, 0.628431760898007, 0.1867412701647285, 0.2090419161167445, -0.028037553922525348], [-0.6939289593757777, -0.4235324877210299, -0.4853043872169347, 0.34260186403573845, -0.058094750960614054, -0.07247391662150299, 0.24508549322531, 0.49855905434536263, 0.025207057210005053, -0.04571241874051787, 0.6001932222059696, 0.08017665735497212], [0.17138414529756563, 0.1338142610544698, -0.5475093134680017, 0.05197775824625596, -0.4681701710898062, 0.5213808944707914, -0.7222090880388662, 0.5126093893539596, -0.49158640346344556, 0.6151419113191952, -0.27666194985522374, -0.050912972617472865]], "inverted": false, "swapped": true, "error_lsq": 0.046787239370046814, "error_max": 0.2791576014374763, "target": "1106.xyz", "model": "2.xyz", "model_rescale": 3.795458400668931, "target_rescale": 4.083454541711549},
{"mapping": [4, 1, 2, 6, 12, 7, 5, 10, 0, 9, 8, 14], "R": [[-0.7372205891988376, -0.5954094239458194, 0.31936408805284644], [0.19378920033389765, -0.6391517628127431, -0.7442652550853839], [0.6472646666513378, -0.48679835863514426, 0.5865797553060131]], "T": [0.16330796715972, 0.027654080260600896, -0.027538965256121907], "aligned_model": [[-0.2170054896362113, -0.16422396151640206, -0.6689375822498398, 0.17528783948627602, 0.09512067409711389, 0.18462236354107125, -0.2852133163014193, 0.7272409459151694, 0.2442015823806107, 0.7543395877932835, -0.44626977448446364, 0.19414095671837597], [-0.13044185448972845, -0.6119159774108544, -0.07207896461978053, 0.08291089643815769, 0.6246630834065333, 0.5790388105421737, -0.21134715409380345, -0.27023483039608326, -0.5326511859167398, 0.1976085533870935, 0.4554831033884459, -0.025265434945704882], [-0.5716563036932933, -0.1119650705891404, -0.15085260073002524, 0.6519299198172452, -0.4641336667672519, 0.24577445955824404, 0.4219929878823177, -0.23330530685653725, 0.4487082693650117, 0.35118852044647614, 0.15169112197705237, -0.05060089977099852]], "inverted": true, "swapped": true, "error_lsq": 0.04900972484336027, "error_max": 0.31986210657528397, "target": "1106.xyz", "model": "3.xyz", "model_rescale": 3.7530521520055578, "target_rescale": 4.083454541711549},
{"mapping": [12, 10, 9, 0, 7, 1, 8, 4, 2, 5, 14], "R": [[-0.44680022348630466, 0.578568431825968, -0.682369496670996], [-0.0011073851128498013, -0.7630932178925618, -0.6462874859569749], [-0.8946330722652722, -0.28800574733990203, 0.3415909183634489]], "T": [-0.06237105946438268, -0.10639812719603248, -0.11005882906810617], "aligned_model": [[-0.5329782313412155, -0.11544825992408109, 0.4343857451966888, 0.44781410985442627, 0.1796240421415301, -0.18775035419157846, -0.05238960932842743, -0.6712485145651875, -0.37091621246687767, 0.2819643029474934, -0.07485741587756616], [-0.6712973735429949, 0.040109933831641714, -0.4148736763686167, 0.42012246257618613, -0.6434511612285135, 0.5938179533124631, -0.367623142153008, 0.13679220001917983, 0.19620345703189035, 0.2404095319424021, -0.06300682710628397], [-0.004693173302951312, -0.7618380814236188, -0.5339844363822273, -0.20897474450589726, 0.06936263536631669, 0.021972467543347737, 0.6099467143286594, 0.07921091867708412, 0.6186508231448592, 0.3606103906484779, -0.15743273684873385]], "inverted": false, "swapped": true, "error_lsq": 0.04203126573621884, "error_max": 0.21254740096410946, "target": "1106.xyz", "model": "4.xyz", "model_rescale": 3.7855080009869324, "target_rescale": 4.083454541711549},
{"mapping": [6, 1, 0, 11, 2, 4, 7, 10, 5, 8, 13, 14, 9, 15, 16], "R": [[-0.6771355481993131, 0.310958587035276, -0.6669274372177535], [-0.35407597326887497, -0.9321928481570712, -0.07514452074840114], [-0.6450718212094796, 0.18525995518144925, 0.7413238796151468]], "T": [0.04369872894840312, -0.053096630269075885, -0.017601436702864494], "aligned_model": [[-0.07748952339854329, -0.09046334446916957, -0.5093808928658468, 0.3238293203776912, 0.13548647130612904, -0.5299757772724981, -0.5390365566042666, -0.20424416799733203, -0.7181429631160533, 0.2120275663910484, 0.5993686822077691, 0.6042224851998027, 0.17915152795853131, 0.555748724834433, 0.07806389895524612], [0.06322236671315729, -0.7727507254304838, -0.5841172669587862, -0.3871585874658389, -0.5465687123155714, -0.29422820099720026, 0.33650391240846117, 0.5436612962461633, -0.00137115988646435, 0.5982931111215437, 0.12122161008941099, -0.18970409255553927, 0.0812020255814597, 0.530661257959246, -0.06361503396751253], [-0.6483631718304026, -0.21048083001143653, 0.12590430765593988, -0.682707209343341, 0.5244742057791234, -0.41729370630003926, -0.28217746735024873, 0.3191010596788429, 0.2507732203819038, -0.22416058382515838, -0.4485442322087799, 0.33573822772549156, 0.6683507697416542, 0.2587129428183298, 0.022337898166692974]], "inverted": true, "swapped": false, "error_lsq": 0.0360349771689993, "error_max": 0.20927519712503873, "target": "1106.xyz", "model": "5.xyz", "model_rescale": 4.2253639853439635, "target_rescale": 4.083454541711549},
{"mapping": [8, 12, 9, 6, 7, 10, 0, 5, 11, 4, 13, 3, 1, 14], "R": [[0.7327388106190699, 0.6782215417038201, 0.05576177706498106], [-0.6190210516282296, 0.6983268402348898, -0.35937802082018844], [-0.2826778609188063, 0.22881250965899672, 0.9315245903195041]], "T": [0.05461024830527127, -0.04325088911206713, -0.02092759044025993], "aligned_model": [[0.5084314852301285, -0.15823528856751423, -0.4824279138947125, 0.14526325256826475, -0.10040808523944166, -0.4048960004926939, 0.25047681191310167, 0.629106187271096, -0.30948740806108227, 0.36328669854631146, -0.6903086746789168, 0.027651566842062943, 0.5560130821773145, 0.03959643914386554], [-0.29638386614709183, 0.19879296416374256, -0.4982248734353831, -0.707111336766262, -0.4696349905703736, 0.1996871665494623, -0.3349317629538423, -0.36624096409668666, 0.5854135249856411, 0.5498975563671931, 0.05847497960553045, 0.28064663542484863, 0.2524978806715323, -0.0077837671633200975], [-0.5837029462986514, -0.6901030089105086, 0.1410171343299004, 0.10535042710971254, -0.437275481936248, 0.40207725986627874, 0.6301144618645058, 0.1403291495932106, -0.04793282385471175, -0.15727310259497093, -0.2697025971356948, 0.7979721762181744, 0.408703243637606, 0.03198431704284515]], "inverted": true, "swapped": true, "error_lsq": 0.03615466030768722, "error_max": 0.23271466815897512, "target": "1106.xyz", "model": "6.xyz", "model_rescale": 3.89814844738969, "target_rescale": 4.083454541711549},
{"mapping": [10, 3, 1, 13, 4, 0, 9, 12, 7, 6, 5, 8, 14], "R": [[-0.0969389692745613, 0.901870401850605, -0.4209900408582302], [0.6438434867431699, 0.37938197129969925, 0.6644809135190806], [0.7589917000958465, -0.2066376009311539, -0.6174402813771013]], "T": [-0.01739538214353374, 0.027239415624151046, 0.0037022201455394928], "aligned_model": [[-0.11770308519861518, 0.11137910228113974, 0.4226120638618662, -0.27767100346036455, 0.6627359679438228, -0.2645596882212496, -0.7034627967302749, 0.18211058331695312, -0.3902476699710981, -0.5488900947575572, -0.01749885388942686, 0.09353704572440337, -0.00370976999537655], [-0.1937109984193684, 0.3148891064860094, 0.5262700218872084, -0.7116528541215038, -0.028591628042387164, 0.6269333868610497, -0.12993393657114696, -0.5764748154877958, -0.15080811750649203, 0.410068775580304, 0.6721283058357221, 0.17442115840465372, 0.030242860564232026], [-0.6209715140530819, -0.8190419638198361, -0.280580547018426, -0.11221228628414857, 0.0029477772668077724, -0.3520703805941494, -0.15830224878359045, 0.3876432143864361, 0.46027631037886174, 0.19298996532938495, 0.2146292625282145, 0.7471924025605996, -0.060224961060776724]], "inverted": true, "swapped": true, "error_lsq": 0.048189868974030055, "error_max": 0.24312592962269985, "target": "1106.xyz", "model": "7.xyz", "model_rescale": 3.7474275329858107, "target_rescale": 4.083454541711549},
{"mapping": [8, 3, 6, 2, 0, 5, 9, 11, 7, 4, 2, 1, 12, 13, 14], "R": [[-0.6329018205403698, -0.3246077100107014, 0.7028976598042521], [-0.6351841384905947, -0.3014037379674543, -0.7111236861117811], [0.4426922133566916, -0.8965409200593437, -0.015426694153277909]], "T": [-0.023900903179119738, -0.018374034800945377, 0.10659642751678097], "aligned_model": [[-0.08008832876517417, -0.10215318385597642, -0.5192616415550634, 0.5944731498522171, 0.07356298106350252, -0.5767563993986985, -0.6024612349369204, -0.3587361774232474, -0.6930194658573654, 0.34929273161638563, 0.5944731498522171, 0.6362812265686322, 0.20722252456791423, 0.46722183447815635, 0.029114285300361403], [0.0920000333636769, -0.5927845874279429, -0.6639486871696116, -0.19490111096257304, -0.6313495014424723, -0.22827569995363026, 0.40427693642654616, 0.4220727820591128, -0.037895235488352746, 0.4162029426170303, -0.19490111096257304, -0.35730784933812965, 0.2691940050868602, 0.73095409002188, 0.0019147937122249992], [-0.5641276991845977, -0.3153794421537842, 0.17580051332434093, -0.436580539750122, 0.3278996272019739, -0.2975242911896734, -0.1521979679502776, 0.39009580358235385, 0.23220257277702622, -0.4264093956145435, -0.436580539750122, 0.22527770226072974, 0.6010953682445671, 0.18020109175824867, 0.08789262752245225]], "inverted": true, "swapped": false, "error_lsq": 0.05498611173712599, "error_max": 0.3304392604181343, "target": "1106.xyz", "model": "8.xyz", "model_rescale": 4.019505241142653, "target_rescale": 4.083454541711549},
{"mapping": [1, 10, 4, 2, 5, 8, 12, 0, 6, 9, 13, 7, 14], "R": [[-0.8540533266698864, 0.07681418910165289, 0.5144827456356103], [0.4883770939265307, 0.45895027727559445, 0.7421943526573963], [-0.17911094140776831, 0.885135144111514, -0.4294823015290765]], "T": [-0.04513757685689633, -0.03003473012582293, -0.0035675736918910454], "aligned_model": [[-0.20658013973596906, -0.7044076909192455, -0.01197958086236521, 0.48238982522205476, 0.2772860949367042, 0.7182716107850551, 0.23668441158229558, -0.30309936275872496, 0.1748790061425632, -0.2765681465198015, -0.3078975884427232, 0.34720041678583924, -0.10647808447450609], [-0.5956184335307618, 0.07835218294690184, -0.012166301690423695, -0.36962506842053744, -0.6246578808616214, -0.044900845065849695, 0.6218930290108469, -0.670298113966824, -0.3425777659622612, 0.13183988786074408, 0.6882970843440893, 0.24822612739713257, -0.045385673947376595], [-0.4248823770962595, 0.048520704592398156, -0.6849467592849633, -0.5729346166787829, 0.049707121137654686, -0.06465383367403685, -0.22093995891899054, 0.26254464530726207, 0.5610423383830478, 0.6611683945152296, 0.2016102486339289, 0.3809079734883223, -0.020440386360931626]], "inverted": false, "swapped": true, "error_lsq": 0.03491896089726108, "error_max": 0.1956335620288915, "target": "1106.xyz", "model": "9.xyz", "model_rescale": 3.877068213659057, "target_rescale": 4.083454541711549},
{"mapping": [4, 1, 0, 7, 11, 5, 3, 6, 12, 13, 2, 9, 10, 14, 15], "R": [[-0.849013096407457, 0.37485750847167487, 0.3723689171655315], [0.3264173385416034, -0.1820666510662311, 0.9275254474508737], [0.41548583998499705, 0.9090289230337699, 0.03221698092661618]], "T": [0.031151866828625984, -0.010880120997114127, -0.02406747954627681], "aligned_model": [[0.01319606173662622, -0.25107652930033314, -0.3643422828938748, 0.3574312921311615, -0.019493064422791574, -0.638499411706713, -0.4343910047699452, -0.26847563658875506, -0.6074782508259925, 0.2548058783864764, 0.6143100854571779, 0.6310203427703284, 0.17776950623546298, 0.5708338111822047, -0.016445345884090832], [0.040106487758675466, -0.6771378250600198, -0.6645026323694024, -0.4671969966294987, -0.4065195316173933, -0.29005189625883065, 0.28791036721347646, 0.4569394540639901, -0.09423701239355356, 0.7097914467626566, 0.09901940423501876, -0.10535096879177958, 0.174278734102337, 0.45414466425527267, -0.08194189472890306], [-0.6987293463625754, -0.502977089387983, 0.1998254095691413, -0.6170288737821532, 0.5968671578885191, -0.31497249376180564, -0.33512281479526157, 0.243650244017859, 0.35461235513560907, -0.19214445744755326, -0.3210589682277387, 0.23454105547913479, 0.6448347895879406, 0.2953333574568497, 0.004035105708589795]], "inverted": false, "swapped": false, "error_lsq": 0.04045190960269343, "error_max": 0.35275073875819835, "target": "1106.xyz", "model": "10.xyz", "model_rescale": 4.260839863003843, "target_rescale": 4.083454541711549},
{"mapping": [12, 2, 1, 4, 3, 11, 13, 7, 5, 0, 9, 14], "R": [[-0.5984390316699438, 0.6874902677356519, 0.4113731361461289], [0.7070404879739448, 0.6946713363769838, -0.1323838463778015], [-0.37678173222637246, 0.21163380208505692, -0.9018018962474613]], "T": [0.0837942145246513, 0.0396822600150092, -0.02031178332771963], "aligned_model": [[0.3994009787414547, 0.07443044586568476, -0.45435357709994084, -0.25190354597473513, -0.7235952943061177, -0.3203403769984846, 0.22663593904337126, 0.6867477790828224, 0.16718680815935755, -0.18320275475475783, 0.31580976853444576, 0.02208247880103016], [0.11576340323051051, -0.7891683190849096, -0.41015190304572263, -0.3421350399928396, 0.16986875386526018, 0.3330012016671269, 0.72054746831404, 0.16401720226325836, -0.4672067232214909, -0.017990406490224292, 0.6367893386351711, 0.059743529392753666], [-0.6883598506011155, -0.1955391351000768, 0.15717334378691009, -0.4755248004999173, 0.3074180788905453, -0.5486625777423437, -0.3986769085797983, -0.0332529419799458, 0.4229501512362135, 0.6672081645338892, 0.3132587898802235, -0.011814236429079562]], "inverted": false, "swapped": true, "error_lsq": 0.047057742150581505, "error_max": 0.2262882295101658, "target": "1106.xyz", "model": "11.xyz", "model_rescale": 3.890672605050136, "target_rescale": 4.083454541711549},
{"mapping": [1, 3, 11, 2, 4, 6, 0, 8, 5, 9, 13, 10, 7, 14], "R": [[0.06335830944762877, -0.7477358919804801, 0.6609665350591467], [0.9360394647516309, 0.27423576014200235, 0.22051047205703997], [-0.346144254684978, 0.6047195909704711, 0.7172854182576747]], "T": [0.10321248524445306, 0.03305554546473328, 0.18222595628655522], "aligned_model": [[0.36868565823699617, 0.001125778223887125, 0.4626666073535851, 0.7081193262943787, 0.7661027430576468, -0.44261990270211693, -0.32460275150332707, 0.33347003632182126, 0.019859257615052583, -0.5570014546352199, -0.025095988559363125, -0.07795877800434328, -0.12548123638290234, 0.10260653947759857], [-0.2736310964990538, 0.20528929145937538, 0.6487649672416774, -0.560090372916451, 0.03772178469516401, -0.35768082857982275, -0.27870510893914036, -0.4844467762316556, -0.626356598630544, 0.29475743159997003, 0.7400931105019954, 0.5513194306003018, -0.027593545087498, 0.06271083061344648], [-0.4168751105595304, -0.6757641635463977, 0.04006416961408468, 0.17506909903883744, 0.020204166701313392, 0.30167003996148356, -0.33456860090803486, 0.6978992322267196, 0.04584497412097896, 0.3136302345002837, 0.5150565067456451, -0.20206236476010422, 0.7507332314976637, 0.12388902072391862]], "inverted": false, "swapped": true, "error_lsq": 0.04820399768035299, "error_max": 0.25541825978659355, "target": "1106.xyz", "model": "12.xyz", "model_rescale": 4.124412569039231, "target_rescale": 4.083454541711549},
{"mapping": [7, 9, 0, 12, 6, 8, 13, 4, 10, 11, 1, 3, 14], "R": [[0.459816933909835, 0.5096112425925118, 0.7272308909232849], [-0.703082257423758, -0.29132422595871627, 0.6486952556212103], [0.5424423716724857, -0.8095841999402354, 0.2243428104964767]], "T": [0.13349903503892674, 0.019296846417951388, 0.020187967643831163], "aligned_model": [[-0.17401453911415105, -0.06080005588592707, 0.7629136996616281, -0.510798270150538, 0.40911466810193114, 0.136067889096743, -0.5896973862931516, 0.15339900325556333, 0.03594165039272265, -0.2672321099470234, 0.7251415629964302, 0.5962258517292816, 0.15103634366624863], [-0.1818301532337439, 0.502510521913811, 0.3665713670369847, -0.32977598672726305, 0.05184073398102175, -0.7018187669432866, 0.339972951777898, -0.2907459262479364, 0.6413507622914737, 0.2449097489732695, -0.003978337784975375, 0.6401087847833931, 0.06836967668783112], [0.5143164774337933, 0.5205776308370365, 0.1949300177077927, -0.10111054778675935, 0.6429653894017551, 0.2785129441049463, 0.05617587903415055, -0.5874087722875383, -0.20922318597178594, -0.5428650486831119, -0.39559103031812165, -0.40018048388312216, -0.019401188621195643]], "inverted": true, "swapped": true, "error_lsq": 0.044953302875912045, "error_max": 0.2454088008318928, "target": "1106.xyz", "model": "13.xyz", "model_rescale": 3.9028299243045295, "target_rescale": 4.083454541711549},
{"mapping": [12, 2, 6, 8, 3, 1, 11, 14, 9, 13, 5, 4, 7, 10, 15], "R": [[0.47992562328679056, -0.8519711643463697, 0.20932398628699267], [0.4076969117709455, 0.42785535225134397, 0.8066740516976558], [-0.776823418960332, -0.30180280428148754, 0.5526847592277271]], "T": [0.05536820332325298, -0.14439822855210727, -0.06900677669791501], "aligned_model": [[-0.06720091028343317, -0.052540896537267075, -0.42762626038995877, 0.4604623267553871, 0.15380944507219363, -0.5420813839582717, -0.5693017849737059, -0.23937904194015597, -0.45891370167861045, 0.2921374815177545, 0.4765526909335548, 0.6348872548248429, 0.02575257556860463, 0.33144638486037636, 0.001161271735630895], [0.15962274474406896, -0.7692982642498333, -0.45117630270898423, -0.35632258450798304, -0.6203804812473293, -0.31619664696426575, 0.215603869614027, 0.6836348561697871, 0.13721744566566013, 0.5525060340977573, 0.058739813767949234, -0.18359565846411194, 0.03229816027436483, 0.4026304932730277, -0.11003167892208855], [-0.6828376566205555, -0.4431796526630996, 0.27306313353714445, -0.6914969196488391, 0.32142844492054956, -0.2580518766900145, -0.23038392308173422, 0.03363787634611175, 0.4379963699256427, -0.3705297598997551, -0.277430376162983, 0.2802560245244594, 0.818984921802444, 0.35513119286681105, 0.02507763192239089]], "inverted": false, "swapped": false, "error_lsq": 0.046678503396116275, "error_max": 0.2813546252351046, "target": "1106.xyz", "model": "14.xyz", "model_rescale": 3.942246331269136, "target_rescale": 4.083454541711549},
{"mapping": [8, 11, 10, 13, 4, 6, 7, 2, 9, 0, 12, 3, 5, 1, 14], "R": [[-0.19935882026442497, -0.9764037339961893, 0.08301692008907524], [-0.6708213995462751, 0.0742279030710864, -0.7378948897481582], [0.7143211537491758, -0.2027953812195154, -0.6697905065484864]], "T": [-0.00269708865775462, -0.11306181275715715, -0.0034234143570904194], "aligned_model": [[-0.1808659667072477, -0.18029450086932924, -0.35318950535198274, 0.5253490047247092, 0.20309578277287857, -0.4954384520225175, -0.6358023314015967, -0.2027011372086672, -0.7095972854313238, 0.01788693124934209, 0.7726285575310309, 0.5577827154876033, 0.06894475945648826, 0.600319627386192, 0.03104725189136242], [0.08524022845819815, -0.6300395235252847, -0.6466178620334084, -0.5434798118207331, -0.639021150293601, -0.18217707739231634, 0.4190656939285556, 0.59350899135031, -0.016454461299792944, 0.5708147115373923, 0.006691935296384288, -0.17322482876345222, 0.24201550586253734, 0.3717785998891738, -0.022849150651917144], [-0.7299033367446259, -0.4674322832391933, 0.3151256778778742, -0.4470871562280508, 0.1536754279338848, -0.25880238444325004, -0.22021265848084032, 0.20491284745457297, 0.36956644821057283, -0.27287968262993695, -0.2327821734046131, 0.4424361275962629, 0.5176975903910757, 0.23728813546370361, -0.019937148678864036]], "inverted": false, "swapped": false, "error_lsq": 0.04539684647605984, "error_max": 0.2579160269605452, "target": "1106.xyz", "model": "15.xyz", "model_rescale": 4.355366556412066, "target_rescale": 4.083454541711549},
{"mapping": [8, 7, 12, 1, 4, 5, 11, 0, 13, 6, 10, 14], "R": [[0.3156728113407111, 0.9483772793142873, 0.030515770687996435], [0.6179681025244653, -0.18107681496290357, -0.7650664097614026], [-0.7200459016219478, 0.26036843734085924, -0.6432279350231264]], "T": [-0.016758890046411616, 0.0184175655388674, -0.032430346246129726], "aligned_model": [[-0.21109931761353987, 0.3784910731813988, 0.16391219783881006, -0.6580346518977115, -0.5363481494250942, -0.398077335390054, 0.019878106080696116, -0.15709076139967929, 0.628431760898007, 0.1867412701647285, 0.2090419161167445, -0.028037553922525348], [-0.6939289593757777, -0.4235324877210299, -0.4853043872169347, 0.34260186403573845, -0.058094750960614054, -0.07247391662150299, 0.24508549322531, 0.49855905434536263, 0.025207057210005053, -0.04571241874051787, 0.6001932222059696, 0.08017665735497212], [0.17138414529756563, 0.1338142610544698, -0.5475093134680017, 0.05197775824625596, -0.4681701710898062, 0.5213808944707914, -0.7222090880388662, 0.5126093893539596, -0.49158640346344556, 0.6151419113191952, -0.27666194985522374, -0.050912972617472865]], "inverted": false, "swapped": true, "error_lsq": 0.046787239370046814, "error_max": 0.2791576014374763, "target": "1106.xyz", "model": "16.xyz", "model_rescale": 3.795458400668931, "target_rescale": 4.083454541711549},
{"mapping": [10, 3, 1, 13, 4, 0, 9, 12, 7, 6, 5, 8, 14], "R": [[-0.0969389692745613, 0.901870401850605, -0.4209900408582302], [0.6438434867431699, 0.37938197129969925, 0.6644809135190806], [0.7589917000958465, -0.2066376009311539, -0.6174402813771013]], "T": [-0.01739538214353374, 0.027239415624151046, 0.0037022201455394928], "aligned_model": [[-0.11770308519861518, 0.11137910228113974, 0.4226120638618662, -0.27767100346036455, 0.6627359679438228, -0.2645596882212496, -0.7034627967302749, 0.18211058331695312, -0.3902476699710981, -0.5488900947575572, -0.01749885388942686, 0.09353704572440337, -0.00370976999537655], [-0.1937109984193684, 0.3148891064860094, 0.5262700218872084, -0.7116528541215038, -0.028591628042387164, 0.6269333868610497, -0.12993393657114696, -0.5764748154877958, -0.15080811750649203, 0.410068775580304, 0.6721283058357221, 0.17442115840465372, 0.030242860564232026], [-0.6209715140530819, -0.8190419638198361, -0.280580547018426, -0.11221228628414857, 0.0029477772668077724, -0.3520703805941494, -0.15830224878359045, 0.3876432143864361, 0.46027631037886174, 0.19298996532938495, 0.2146292625282145, 0.7471924025605996, -0.060224961060776724]], "inverted": true, "swapped": true, "error_lsq": 0.048189868974030055, "error_max": 0.24312592962269985, "target": "1106.xyz", "model": "17.xyz", "model_rescale": 3.7474275329858107, "target_rescale": 4.083454541711549},
{"mapping": [1, 11, 4, 10, 5, 6, 2, 12, 0, 8, 9, 13, 7, 14], "R": [[-0.29090225007013515, -0.8612828508065862, 0.41661460825397445], [0.40133002974337106, 0.28543594564856667, 0.8703220830002498], [-0.8685102694443616, 0.42037860535259, 0.26262471329159776]], "T": [0.0031773944336886163, -0.0445371483604531, -0.0029850035014574866], "aligned_model": [[0.44280416265532213, 0.08775433967598244, 0.6181185566895517, -0.3293516253402286, 0.21935062557592752, -0.34028993666439616, 0.7961540341905174, 0.15950304681571617, -0.1896841350570276, 0.3636752255734043, -0.7166133615913326, -0.4473652149795671, -0.2465612626145236, -0.002646807046469671], [-0.5339913745963447, 0.39878247967184044, 0.10857739513166277, -0.03282008010038774, -0.5924320300137178, -0.42967978931909756, -0.19808034630055826, 0.667485849242969, -0.7515904466376984, 0.04969237873850267, -0.044725830144362974, 0.5814065530581822, 0.201785708336708, -0.06400222555646427], [-0.3040126688691072, -0.5729234030595551, -0.2561640538338492, -0.5846938278074203, 0.33384171964962517, 0.4426270895140314, 0.2527455629414633, 0.1393868035786976, -0.10386741332405025, 0.6662744605888374, 0.056501464633444895, -0.1828382711949278, 0.503113115353817, -0.06519585950935149]], "inverted": false, "swapped": true, "error_lsq": 0.03464631246799154, "error_max": 0.18456349377122924, "target": "1106.xyz", "model": "18.xyz", "model_rescale": 3.922800546911778, "target_rescale": 4.083454541711549},
{"mapping": [9, 11, 4, 7, 13, 10, 2, 1, 6, 0, 3, 12, 8, 5, 14], "R": [[-0.4666696573200505, 0.7318658263727201, 0.4965801477350482], [-0.45941772515311824, 0.27918001885263777, -0.8432045249455052], [-0.7557478314569754, -0.6216356885356701, 0.20594728934089646]], "T": [0.002262540137148144, -0.020659724035954792, 0.05852703902316958], "aligned_model": [[-0.13988691960760072, -0.1483913367634419, -0.4657307178017319, 0.4500051138692945, 0.20376556163935555, -0.700042451506862, -0.33308621852488435, -0.3502938779674703, -0.5890961683590838, 0.3071163403721975, 0.44314973084481674, 0.7765519341467177, 0.031780635715940087, 0.48346308641083036, 0.04986073903886433], [-0.0918389361236834, -0.6481840766788053, -0.5321809956329083, -0.44879785528678345, -0.6450565807331804, -0.2376628058215699, 0.3066939588427401, 0.6067624736365783, 0.026349259685280534, 0.7063566710047763, 0.17524852930487558, -0.13381994487077686, -0.05312387310809987, 0.46762339305323164, -0.0631174167296294], [-0.7398902934388895, -0.24273731164547202, 0.2663621619445707, -0.445888808562349, 0.2618466015160363, -0.27355428907396795, -0.4832383522278544, 0.23181403177466287, 0.410454311692221, -0.21887872425709576, -0.36145829992088246, 0.13780341199406893, 0.6688264860817769, 0.39402570074522913, -0.01382119554348231]], "inverted": false, "swapped": false, "error_lsq": 0.03817807688565855, "error_max": 0.2238317683368318, "target": "1106.xyz", "model": "19.xyz", "model_rescale": 3.9282355846067225, "target_rescale": 4.083454541711549},
{"mapping": [2, 8, 7, 5, 1, 6, 0, 9, 3, 11, 12, 4, 13, 14], "R": [[-0.26778124328425895, -0.9629293448137219, -0.03256198153910561], [-0.6461053164134689, 0.15439953108117271, 0.7474681965837513], [-0.7147315061247742, 0.22119643238201314, -0.6634990674101069]], "T": [0.02009494497130381, -0.09191503665627146, 0.0558267422855285], "aligned_model": [[-0.7054024802312621, -0.14239483190578883, 0.43592897409759207, -0.3372061468451225, -0.6282128315821852, 0.24943932252008835, -0.11614474892013718, 0.6740387388616772, -0.2605617190774057, 0.023533456143397496, 0.19852741934650844, -0.5123601063481513, 0.6472776089763352, 0.006060164049130505], [-0.525908004198357, -0.8153838872724258, -0.5238368811196009, -0.2096057233640764, 0.20763143210793675, -0.16487368198192623, 0.3694925465326956, 0.12296335837387343, 0.7430432377289767, 0.15281130779268842, -0.5762192059041626, -0.17566383180049067, -0.05142035802362119, -0.0301482214466737], [0.0002463716913639613, -0.13636070503279582, -0.08454858660290163, -0.50884727047055, -0.06003408001880135, -0.5821019303863395, -0.5061687957376181, -0.16285612794574017, 0.03822783035117003, 0.740379533916403, 0.5899573573016967, 0.47436477595617443, 0.5376394082840226, 0.07228537593759927]], "inverted": true, "swapped": true, "error_lsq": 0.03856865324231632, "error_max": 0.20585907279746168, "target": "1106.xyz", "model": "20.xyz", "model_rescale": 4.067790424073018, "target_rescale": 4.083454541711549},
{"mapping": [0, 8, 4, 7, 5, 2, 3, 11, 6, 12, 9, 1, 13, 10, 14], "R": [[-0.4994350122131985, -0.8419704731110004, -0.20408427422229347], [-0.6588515842477626, 0.5220922814381284, -0.5416033969584602], [0.5625648927100015, -0.13603445178324552, -0.8154847450554892]], "T": [-0.0508963576417835, -0.06094015966173442, -0.009753724743671904], "aligned_model": [[-0.16390603613175134, 0.09545406550568244, -0.5168938040139069, 0.4530564136005379, 0.027811573692661067, -0.6974799988128088, -0.6026182049942389, -0.14758359528701137, -0.6947350119066895, 0.14279274555535318, 0.6451067573582663, 0.7101514670433532, 0.20649450164483688, 0.5562830301863805, 0.0052315480662773126], [-0.17868297044238102, -0.5969643301126388, -0.7028255998675795, -0.34674494353722723, -0.4898826311080143, -0.21675172433034023, 0.5010692798095026, 0.5305627157411379, -0.008403135450771364, 0.6010855583194686, 0.20891380990877775, -0.3315364614476938, 0.08941281579148286, 0.3853482299542347, -0.009348812685912491], [-0.7010014897295889, -0.13792368636507016, 0.10558038279909678, -0.4798719939907341, 0.38808988597855093, -0.34348158217315206, -0.3314576410239056, 0.2327502555243172, 0.35117362398011615, -0.343250871555828, -0.2261062114087315, 0.13477638035766057, 0.6237030089053257, 0.31187756391504884, 0.006807805865466563]], "inverted": true, "swapped": false, "error_lsq": 0.039501438589276884, "error_max": 0.24740162566063748, "target": "1106.xyz", "model": "21.xyz", "model_rescale": 4.186013935880536, "target_rescale": 4.083454541711549},
{"mapping": [6, 9, 7, 2, 1, 8, 5, 0, 12, 10, 3, 4, 14], "R": [[0.398525484734201, 0.10103484665084603, -0.911575228809784], [-0.8597581618447636, -0.30493702923403665, -0.4096697588829734], [-0.3193639634628231, 0.9469980823444999, -0.03465964335010269]], "T": [0.031338940234271355, 0.09180808981570346, -0.024136477771018818], "aligned_model": [[-0.15966929699987453, -0.35591242082887303, 0.30957050591626284, 0.539473220701059, -0.17186913722885067, 0.6618237444949472, 0.008974691250090587, -0.5633048697163322, 0.6302278415355801, -0.4712493578079006, -0.6966468023666229, 0.3447629644192704, -0.017607047945531133], [-0.3221149920869355, 0.307483381863477, 0.1129127762892434, -0.43119351487563606, -0.29076904069039433, -0.2991393918899825, -0.5863200139784069, -0.34828065261694463, 0.527115661517381, 0.512008859377169, 0.09545450440994305, 0.13156407250634466, 0.11023500972083491], [-0.5311456832444607, -0.5943627133178424, -0.5730640144564572, 0.4072038309780089, 0.5553426044237856, -0.21491147207719088, -0.02788132022359916, -0.019913345601174227, -0.08349633017479732, 0.11705244136523577, 0.47210607075847427, 0.5807446435219052, 0.015204849383458039]], "inverted": true, "swapped": true, "error_lsq": 0.050491927862346346, "error_max": 0.3035212925214433, "target": "1106.xyz", "model": "22.xyz", "model_rescale": 4.166573947596378, "target_rescale": 4.083454541711549},
{"mapping": [2, 1, 0, 6, 7, 4, 3, 9, 8, 11, 12, 13, 10, 14, 15], "R": [[-0.35994721856617234, -0.8901857404348165, -0.2792979544733435], [-0.7684812762962704, 0.4526389564066715, -0.4522770203372428], [0.5290316888698933, 0.0518393930288259, -0.8470172073233646]], "T": [0.009365032851705129, 0.009934322758257397, -0.03990332721686795], "aligned_model": [[-0.1440989553498081, -0.0468121174019451, -0.4043690678736703, 0.44012426739532073, -0.025658184918043867, -0.6591685599912228, -0.42337828312930487, -0.12575536423555012, -0.6836463888196403, 0.057691237075329485, 0.5279627852704545, 0.6297609048671814, 0.24807754025442963, 0.6107627927112633, 0.01767284565214788], [-0.12919500898411884, -0.617971104196162, -0.6807313903308472, -0.32555503153831533, -0.45886506121245696, -0.22889713025275135, 0.3069159732797508, 0.5460607192220295, 0.05793829090158316, 0.666168682363943, 0.30717345685414804, -0.28499069336416494, -0.03175284962137587, 0.3645979183791626, -0.05564497095837906], [-0.6801384969500663, -0.37258630462585496, 0.09633444103444344, -0.569998608252203, 0.498975285696975, -0.22931263442686312, -0.3330957107184753, 0.1941055007957665, 0.374234244969889, -0.4747761484929923, -0.3083928495028662, 0.4550121562215571, 0.6687713171528693, 0.3322689871717792, -0.05973574899538525]], "inverted": true, "swapped": false, "error_lsq": 0.0428319799094743, "error_max": 0.2748869467983513, "target": "1106.xyz", "model": "23.xyz", "model_rescale": 4.274766983524099, "target_rescale": 4.083454541711549},
{"mapping": [10, 7, 12, 4, 8, 2, 1, 5, 0, 6, 14], "R": [[-0.28119209090031927, -0.46214394321933894, 0.8410433899394176], [0.3548939018695486, -0.864351060456806, -0.3562970147264813], [0.8916172533272975, 0.19829326774471107, 0.4070607491962478]], "T": [0.03148491193369886, 0.11582733668654918, -0.13194224047326933], "aligned_model": [[0.4593900543706927, -0.01824986041369782, -0.4837667327287126, -0.4850892628607215, -0.49497009891404864, -0.6213144832668643, -0.013510734333560467, 0.02773488575286555, 0.5634120918679077, 0.38360679763679256, 0.0626520468474219], [-0.16055414459871728, 0.72820717997714, 0.4427793722190717, -0.31747274375964474, 0.48931865183750123, -0.14288145551967749, -0.533962174496798, 0.03999115105154913, -0.15931560218082116, 0.4664459149533906, 0.06303038176048918], [-0.5673827769812717, -0.09074718718423529, -0.5553832626876014, -0.2372916126279629, 0.2804840915767963, 0.34209182782551595, 0.18302406440229887, 0.5423030553093515, 0.3023929241317962, 0.33491061540417055, -0.1548353051472803]], "inverted": true, "swapped": true, "error_lsq": 0.0500024237062112, "error_max": 0.29495593826837635, "target": "1106.xyz", "model": "24.xyz", "model_rescale": 3.7841303162186577, "target_rescale": 4.083454541711549},
{"mapping": [9, 10, 0, 14, 7, 8, 2, 4, 1, 5, 13, 11, 6, 3, 15], "R": [[0.4388961036098368, 0.44438274147813484, 0.7809572263014671], [-0.23207366387112396, -0.7835901210843567, 0.5763057666520752], [0.8680507040337772, -0.4341779603058875, -0.2407851199951591]], "T": [-0.02434207638187684, -0.10253458311692981, -0.05825097878859636], "aligned_model": [[-0.10379980107416163, 0.12062151157527944, -0.5023908824355848, 0.37969571821887943, 0.039953846104559, -0.6078479364565218, -0.4213677728454058, -0.2509138633025982, -0.6667645231082671, 0.0655984568419666, 0.723599455368621, 0.632443331290244, 0.1565147945009414, 0.45112361577171406, 0.002699501057276163], [-0.12934616348790873, -0.8278272035124306, -0.5502590475740659, -0.27743644458032835, -0.5996322364706123, -0.08930432319041948, 0.41207013400123255, 0.523186464755016, -0.012338648211795755, 0.748757950172305, 0.04678109728444568, -0.3254439365280546, 0.10769690887821476, 0.48308488449479997, -0.07473763548835298], [-0.6371363885812937, -0.2994796633259347, 0.2769237402890638, -0.718146244494721, 0.3559537018731988, -0.1520787738159173, -0.44080242551780147, 0.27915491695114997, 0.30533461920982685, -0.2494327475143077, -0.23228629112501312, 0.2709479239943359, 0.608922135381182, 0.2245636289886756, -0.0007727012338711522]], "inverted": false, "swapped": false, "error_lsq": 0.034084548832805615, "error_max": 0.2600708081787667, "target": "1106.xyz", "model": "25.xyz", "model_rescale": 4.19342608120988, "target_rescale": 4.083454541711549},
{"mapping": [8, 7, 12, 1, 4, 5, 11, 0, 13, 6, 10, 14], "R": [[0.3156728113407111, 0.9483772793142873, 0.030515770687996435], [0.6179681025244653, -0.18107681496290357, -0.7650664097614026], [-0.7200459016219478, 0.26036843734085924, -0.6432279350231264]], "T": [-0.016758890046411616, 0.0184175655388674, -0.032430346246129726], "aligned_model": [[-0.21109931761353987, 0.3784910731813988, 0.16391219783881006, -0.6580346518977115, -0.5363481494250942, -0.398077335390054, 0.019878106080696116, -0.15709076139967929, 0.628431760898007, 0.1867412701647285, 0.2090419161167445, -0.028037553922525348], [-0.6939289593757777, -0.4235324877210299, -0.4853043872169347, 0.34260186403573845, -0.058094750960614054, -0.07247391662150299, 0.24508549322531, 0.49855905434536263, 0.025207057210005053, -0.04571241874051787, 0.6001932222059696, 0.08017665735497212], [0.17138414529756563, 0.1338142610544698, -0.5475093134680017, 0.05197775824625596, -0.4681701710898062, 0.5213808944707914, -0.7222090880388662, 0.5126093893539596, -0.49158640346344556, 0.6151419113191952, -0.27666194985522374, -0.050912972617472865]], "inverted": false, "swapped": true, "error_lsq": 0.046787239370046814, "error_max": 0.2791576014374763, "target": "1106.xyz", "model": "26.xyz", "model_rescale": 3.795458400668931, "target_rescale": 4.083454541711549},
