[{"mapping": [12, 10, 5, 11, 1, 6, 8, 4, 7, 9, 0, 3, 2, 13], "R": [[-0.34834005089120235, 0.02414452488774882, -0.9370572292357917], [0.8756749482892574, -0.3482897837647284, -0.33449605597633736], [-0.334443708094084, -0.9370759139168308, 0.10018052541894323]], "T": [-0.03617253064489992, -0.18195597641094846, -0.022889832375084466], "aligned_model": [[0.25608272007687904, 0.6033031311851447, -0.711303189727103, -0.042074206343250736, -0.24707443301878054, -0.4084302253540052, -0.027875090836101707, 0.24341648583890338, 0.49874804680305107, 0.6946859492922245, 0.3064978120681664, -0.35616082899713875, 0.139625897130307, 0.07353157687513699], [-0.6770630820453085, -0.4878645229057537, -0.23581026002064706, -0.1913024913427909, -0.6643183489445382, 0.4838024099858406, 0.3893854145372376, 0.7312099824464238, 0.2557613785227712, -0.19771870837347805, -0.4604966171606641, 0.008004710178281832, 0.22826951353035746, -0.11390561366135818], [0.04475357343451812, 0.6932943365019492, 0.3143038356344341, 0.6749207821370918, -0.2593026970035055, -0.07519914187023456, 0.5101010672702203, -0.05979701401762737, 0.2831460731785736, -0.07126948046495513, -0.655665133928704, -0.3899357862635847, -0.6490433324083307, 0.07647826702447418]], "inverted": true, "swapped": false, "error_lsq": 0.041044395125843715, "error_max": 0.2507389872724756, "target": "1107.xyz", "model": "0.xyz", "model_rescale": 3.8414455957264533, "target_rescale": 4.151626017723322},
{"mapping": [7, 2, 8, 9, 13, 12, 10, 3, 5, 4, 0, 11, 1, 14], "R": [[-0.4128323872219231, -0.910657397482188, 0.016508315226478498], [0.19888521419501823, -0.10781944371646501, -0.9740737339294567], [0.8888273688603713, -0.3988459250984528, 0.22562764989493078]], "T": [0.09710032968125755, -0.11077543218335503, 0.11749192226017247], "aligned_model": [[0.37867768874681684, 0.6857302636165251, -0.6154243717251421, -0.0536400896924082, -0.4533476545016633, -0.5678713880588159, -0.13918589039559942, 0.5667634524461074, 0.41263380255822624, 0.6118464638851651, 0.2712933164421642, -0.3997633940712464, 0.23082975508099557, 0.09443169066230798], [-0.6870780328618754, -0.200343413630047, -0.15151920792068016, -0.6888629153920633, -0.5669933631590071, 0.23447763679593767, 0.48150220115363707, 0.46137257536147624, 0.3632044287342463, -0.12931056171333588, -0.461574890233147, 0.06662612832541809, 0.38149974215014426, -0.035046562864329764], [0.07819172572172264, 0.5534931896819064, 0.45653600807344685, 0.44703989709527037, -0.1349347340275182, -0.02708496674103955, 0.3660021386717172, -0.13832068614157422, 0.4493119094840046, -0.05717948680161608, -0.49251948181556615, -0.551776729685981, -0.5812780575514397, 0.06930462326098599]], "inverted": false, "swapped": false, "error_lsq": 0.054448977120323205, "error_max": 0.37511808962202325, "target": "1107.xyz", "model": "1.xyz", "model_rescale": 4.316132596720782, "target_rescale": 4.151626017723322},
{"mapping": [0, 9, 10, 2, 4, 3, 11, 6, 12, 8, 5, 13], "R": [[0.6147438251652524, 0.6452191820947046, -0.4536322701023755], [-0.6549426556370062, 0.7380610419778562, 0.1622221197670271], [0.4394771293802898, 0.19737807723149553, 0.8763000327399619]], "T": [0.02395703940206674, 0.08583493156122313, -0.012673360487141606], "aligned_model": [[-0.24271343026781278, 0.4548868991285632, 0.11429744841124491, -0.6530506240407343, -0.4834704560137182, -0.5173385237525074, -0.11236540655189463, -0.12317583811811687, 0.6384374656934103, 0.325755618359776, 0.18304249942116824, 0.013502902362402073], [-0.6172276245987033, -0.4382336134750028, -0.5340318285041845, 0.4445737633702974, -0.16698369605325575, -0.10672375190589739, 0.3530422016226679, 0.5278253098679917, 0.04840007819615888, 0.030677789532356378, 0.5307791949798047, -0.05932139529125299], [0.09431862436418495, 0.11294901431110668, -0.5322718158697651, -0.04046737054487407, -0.41090072717689285, 0.38107184681400164, -0.7022273495080754, 0.47649920048427963, -0.47879281374931437, 0.6353663115178325, -0.12649762543752377, 0.04021116600446117]], "inverted": false, "swapped": true, "error_lsq": 0.0385602270685494, "error_max": 0.21320999710735197, "target": "1107.xyz", "model": "2.xyz", "model_rescale": 3.795458400668931, "target_rescale": 4.151626017723322},
{"mapping": [10, 12, 11, 6, 0, 3, 5, 9, 7, 8, 4, 13], "R": [[-0.8763493396456985, -0.13350221056020467, -0.46280556897912023], [0.22383012022711385, 0.7379145461589628, -0.6366963168152678], [0.4265113271434467, -0.6615582229422826, -0.6167891094010862]], "T": [-0.003846381898023339, 0.03329324163145668, 0.15111286577849087], "aligned_model": [[-0.142733159837294, -0.11473548354182384, -0.7307808683888589, 0.15782907415674569, 0.25439239539400643, 0.17035368166441783, -0.20896986432750259, 0.48740604455556724, 0.39301250646539154, 0.6729353819082, -0.4385438352992532, 0.0931379529939691], [-0.028653416854086025, -0.6565912331681384, -0.13889311383019343, 0.1893740753586673, 0.5147845830682493, 0.7021948052781941, -0.2771642510628937, -0.1617370980348461, -0.5810294854093263, -0.019402038001461633, 0.4407722112404598, 0.1021140067050844], [-0.6484193843440806, -0.17754794085686032, 0.06516899128832085, 0.7881318551524104, -0.3764629146688547, 0.23678700159455518, 0.463810877630227, -0.29246754977582806, 0.39832753560950274, 0.3819152937417718, -0.20241785493235354, 0.051945520200289585]], "inverted": true, "swapped": true, "error_lsq": 0.04264643654529529, "error_max": 0.2247999990337936, "target": "1107.xyz", "model": "3.xyz", "model_rescale": 3.7530521520055578, "target_rescale": 4.151626017723322},
{"mapping": [0, 8, 9, 7, 10, 6, 4, 3, 2, 5, 13], "R": [[-0.1286598268994797, -0.5768707407367234, 0.8066391990376243], [0.3633984825424485, -0.7842449788251095, -0.5028929867013949], [0.9227069913185018, 0.22842933627156486, 0.3105347750292882]], "T": [0.04379210892991666, -0.0034872123512579567, 0.08516911422725619], "aligned_model": [[-0.3796296443384605, -0.06883416421565489, 0.21817232228641628, 0.5234347513166322, 0.2657876155514889, -0.24576218158423072, -0.21051194786933078, -0.6503522998565854, -0.41899386806237016, 0.3285869430287033, -0.02369792381140321], [-0.6030281899526776, 0.24580051979419412, -0.3960918817882454, 0.35614524374576173, -0.7818839676719772, 0.5987512221170412, -0.4318045083863783, -0.03439194814295091, 0.26980772491455973, 0.3553196610496755, -0.11142051736465673], [-0.1100794891643624, -0.5775910673385316, -0.4548146630070709, -0.4012585940063929, 0.1699938212172994, -0.013626399155130003, 0.5666861936398836, 0.03696684666522694, 0.6319272413431469, 0.24761625794169367, -0.002989370890446416]], "inverted": true, "swapped": true, "error_lsq": 0.04355755803245965, "error_max": 0.2931338821893295, "target": "1107.xyz", "model": "4.xyz", "model_rescale": 3.7855080009869324, "target_rescale": 4.151626017723322},
{"mapping": [7, 4, 13, 6, 8, 14, 12, 2, 1, 3, 10, 15, 9, 16], "R": [[-0.5143872730400335, -0.16738865173074585, -0.8410628826706127], [0.38748893925493716, -0.920301606792932, -0.05382633639242901], [-0.765021604459326, -0.35359014664737254, 0.5382526849950384]], "T": [0.11178191277987111, -0.0818092810788664, 0.0863926298954822], "aligned_model": [[0.36954321512144384, 0.5713334532921192, -0.5735600491696187, -0.03456711355997712, -0.3606122574001326, -0.19984081942118542, -0.1926807674235254, 0.4060928967046376, 0.4533918856562003, 0.6001509942211657, 0.19344518865164034, -0.47227976266989186, 0.1631222781172038, 0.09943450287335272], [-0.7847136788519606, -0.38515158617708045, -0.1216625271549403, -0.51861393819426, -0.5626945935974852, 0.467216109205254, 0.4080456938742676, 0.572434724246979, 0.2821821425465534, 0.14459723214389414, -0.4864126846935749, -0.1151731035242553, 0.20608216023832152, -0.03818218531533901], [0.11561574544342393, 0.580150274308072, 0.31787859673542274, 0.5488434079017952, -0.11585211823765502, -0.15683523062174326, 0.44751566002120197, -0.09004861759251963, 0.6555295281439999, -0.35252915865202, -0.5141000588456622, -0.49419062968793376, -0.5627581262100496, 0.05756607651798702]], "inverted": false, "swapped": false, "error_lsq": 0.0390426619693767, "error_max": 0.29899165942766753, "target": "1107.xyz", "model": "5.xyz", "model_rescale": 4.2253639853439635, "target_rescale": 4.151626017723322},
{"mapping": [2, 3, 1, 4, 10, 9, 0, 12, 7, 6, 5, 8, 11, 13], "R": [[-0.2441199485587347, 0.6058179390180343, -0.7572252475186112], [-0.8854070768405322, -0.4577443104264857, -0.08077409580357553], [-0.395549945008699, 0.6507340248028548, 0.6481400079978806]], "T": [0.01702949562013894, -0.07480932085358061, 0.016669140064477575], "aligned_model": [[0.2883328533724349, 0.5238188292856155, -0.6348295247762307, -0.08210243293885394, -0.3463975532833727, -0.3876865080425492, -0.1009081439886213, 0.43454465382874735, 0.5760230476162058, 0.6530319329337266, 0.1614909188808948, -0.495105636868388, 0.37190159857604016, 0.060859610397783204], [-0.6883672136289646, -0.2042144047390177, -0.22673658346513575, -0.5124699348201469, -0.7210997618301221, 0.3820660010498718, 0.3864650052429788, 0.7420081839866177, 0.3592882069114571, -0.11124912904709325, -0.4302841699570103, -0.025311931826368754, 0.2090467857248396, -0.09118728885553179], [0.027290454606133496, 0.4956559543358593, 0.3178397003148307, 0.5639692039500108, -0.22569818532566505, 0.008525179093134369, 0.661943778163852, -0.15605613579781485, 0.3751056912726579, -0.07216220706650393, -0.4868284222881673, -0.5135501449008458, -0.6150311766324393, 0.05578165949927703]], "inverted": true, "swapped": false, "error_lsq": 0.03687531754163383, "error_max": 0.23867636097402134, "target": "1107.xyz", "model": "6.xyz", "model_rescale": 3.89814844738969, "target_rescale": 4.151626017723322},
{"mapping": [9, 1, 0, 7, 10, 3, 6, 12, 5, 2, 4, 11, 13], "R": [[0.4285544807522067, -0.578387590926649, -0.6941245217461158], [-0.45822677070530904, -0.8012505769042252, 0.38474113325667525], [-0.7786971706871619, 0.15318390148025973, -0.6084122029439378]], "T": [-0.13574044723119416, 0.017083858326754534, 0.015340832976671655], "aligned_model": [[0.31539190679053564, -0.1807104009786622, 0.3290399871870826, -0.3222148860620182, 0.6686944047073721, -0.29914502980420815, -0.7896876520968782, 0.2699641720247208, -0.40724212864323, -0.5540041837054721, 0.18020457575650545, -0.014581567062510986, -0.04707739720901373], [-0.28517988287241225, 0.2822003325258908, 0.43510750103214113, -0.7148452742205675, 0.0826471927915347, 0.5791295324567397, 0.04817852064475801, -0.5619328050892145, -0.23701521622296023, 0.5944773996503859, 0.5776841922483252, 0.10403703854714212, 0.0592927339787224], [-0.4103886525670618, -0.905195344726776, -0.41604387237550877, -0.14438240203558267, 0.12005359595413956, -0.36217555624099906, -0.1510308827509627, 0.3258217062235326, 0.32832652231965737, 0.29725851243548324, 0.27203318816042815, 0.7523807969033736, -0.10438258046342805]], "inverted": false, "swapped": true, "error_lsq": 0.04256095076483909, "error_max": 0.26154768333600825, "target": "1107.xyz", "model": "7.xyz", "model_rescale": 3.7474275329858107, "target_rescale": 4.151626017723322},
{"mapping": [0, 6, 11, 10, 12, 4, 9, 8, 5, 3, 1, 13, 2, 14], "R": [[-0.44509008045005316, -0.6712519694714003, -0.5927188319648122], [0.5305582167840042, -0.7308872979021656, 0.42931542759170516], [-0.7213894918058779, -0.12338780833630768, 0.6814489341586938]], "T": [0.0281589962169835, -0.11668836643395805, 0.05112667138311422], "aligned_model": [[0.4841522283825852, 0.6258471321291427, -0.4606802781848156, -0.04993262252288739, -0.4563845641047521, -0.17614492750978858, -0.19986451557068272, 0.21038355685050197, 0.4315817716740484, 0.7300314701249376, 0.23151257887878562, -0.7223430391347596, 0.3617052896649072, 0.0131095643162101], [-0.5907011576980535, -0.3495984904257007, -0.11324781675735746, -0.6932897141536115, -0.4792033449445524, 0.46178560953281245, 0.40790147273075006, 0.533908043145691, 0.26413528368840467, 0.029634286707759666, -0.4987436917123932, 0.034693059282717986, 0.16305539082766815, -0.10237516547776185], [0.011185670342202525, 0.5565570471320829, 0.43518953343841915, 0.5376407457722608, -0.06905255854267398, -0.4345209495567674, 0.5542680221043246, -0.04230157488382118, 0.5041662676347956, 0.0411643156120631, -0.5632696737352882, -0.4199807341768555, -0.6693452546835063, -0.004915507232916783]], "inverted": false, "swapped": false, "error_lsq": 0.053724539436379594, "error_max": 0.3456463725255214, "target": "1107.xyz", "model": "8.xyz", "model_rescale": 4.019505241142653, "target_rescale": 4.151626017723322},
{"mapping": [10, 0, 9, 12, 11, 5, 8, 4, 2, 3, 1, 6, 13], "R": [[0.35822268465423035, -0.9287918422436165, 0.0949853777211247], [-0.614242677923147, -0.3110715514024752, -0.7252175001514086], [0.7031233468011975, 0.20144528708750198, -0.6819364746758433]], "T": [0.160355214876582, -0.09153811210998085, -0.0022426686989983173], "aligned_model": [[-0.3325130405042781, -0.5944232321483807, -0.1390633111680586, 0.41261767003942745, 0.38409380531161674, 0.6365860677105459, 0.2006967588495049, -0.2597463868988991, 0.20070708310500193, -0.2649400914704703, -0.4159659367184806, 0.4700665499002196, 0.021584835733426955], [-0.5372602572415828, -0.01587242761455937, 0.16621753374642512, -0.38693787431532334, -0.8069360209700477, -0.18642230566103662, 0.61330462956548, -0.5891620925934075, -0.30695987867139435, 0.16479645120346476, 0.6632314954673, 0.32040011400131807, -0.0350211388025779], [-0.47212711911957717, -0.04021084204109028, -0.5679633932978397, -0.6695938067480185, 0.05788314412735544, 0.018750402855422777, -0.12734014432220825, 0.23412563583222193, 0.7324481656150996, 0.48615421457536323, 0.1314460211535176, 0.43442557997111153, -0.0412943645574793]], "inverted": true, "swapped": true, "error_lsq": 0.0447114144865728, "error_max": 0.2299089088416652, "target": "1107.xyz", "model": "9.xyz", "model_rescale": 3.877068213659057, "target_rescale": 4.151626017723322},
{"mapping": [1, 7, 11, 8, 0, 6, 9, 13, 2, 4, 5, 12, 3, 15], "R": [[-0.5347096122181207, -0.8244850098298875, 0.18522985495690913], [0.11174253510494414, 0.14828546914678253, 0.982611329818784], [-0.8376152078668746, 0.54610977669854, 0.01284037944935823]], "T": [0.036539971572122174, 0.07790001669082426, 0.04609689125241381], "aligned_model": [[0.3404559648655307, 0.6116845287031151, -0.6322233903312446, -0.05449050647254221, -0.3605882415556535, -0.21712841796935184, -0.09881258245729437, 0.35289557127399085, 0.4642634832004302, 0.6917195560421864, 0.13308826399080403, -0.47802093139003654, 0.2813816857717422, -0.01125133867824371], [-0.7297678948650294, -0.36197410516861384, -0.17079050857094175, -0.38526263359239055, -0.6055134960389503, 0.46783356054936104, 0.24187928444656992, 0.7788148152806623, 0.30634477356750844, -0.024634286890478488, -0.4598239444047445, -0.1268301270661199, 0.13478043993452787, 0.002897887565012705], [-0.04453546426658046, 0.4229338118663457, 0.23468073118690425, 0.6564383917729718, -0.0487777027655866, -0.3587595705290494, 0.6709455047290354, -0.033124795290533374, 0.4991100793666301, -0.0892438211282379, -0.5129440832183827, -0.455408703027011, -0.5366367487304122, 0.032107719258225295]], "inverted": false, "swapped": false, "error_lsq": 0.04399765647693018, "error_max": 0.27486407471511926, "target": "1107.xyz", "model": "10.xyz", "model_rescale": 4.260839863003843, "target_rescale": 4.151626017723322},
{"mapping": [4, 10, 9, 0, 8, 3, 2, 11, 12, 7, 5, 13], "R": [[-0.7456619565858238, 0.009639556174370179, -0.6662547001390402], [-0.6168361076923048, 0.3681608826298253, 0.6956800850593869], [0.2519949657187792, 0.9297121293486439, -0.26857753776963955]], "T": [-0.01038360766106991, 0.12222932340859388, 0.0006422230978592111], "aligned_model": [[0.3299993852667469, 0.20858155260666306, -0.39229042804691505, -0.3400896719080081, -0.6664835106084612, -0.3619860468105267, 0.25538237233413863, 0.7408163594634354, 0.30698077067187335, -0.25053028953069234, 0.2416735032358898, -0.11315534758001355], [-0.00887645950335475, -0.6215491317531425, -0.4364159455098549, -0.2662595213906838, 0.20721897026333855, 0.37979238999771486, 0.7032430921098805, 0.11172414844302547, -0.3799236289262166, 0.09627969702280818, 0.35355538389910424, 0.03428951088031461], [-0.5883702122258827, -0.2467978965191626, 0.1355199788919269, -0.5625874909228294, 0.2770292458574834, -0.5426367227995491, -0.4231464946139549, -0.03186145223782195, 0.49397494153224397, 0.7338957067506643, 0.345888527950361, -0.07473005426797402]], "inverted": false, "swapped": true, "error_lsq": 0.036961708865066924, "error_max": 0.21214509327585204, "target": "1107.xyz", "model": "11.xyz", "model_rescale": 3.890672605050136, "target_rescale": 4.151626017723322},
{"mapping": [12, 10, 3, 4, 7, 0, 4, 1, 2, 11, 5, 8, 6, 13], "R": [[0.5312256219718712, -0.8472255904356574, -0.002852625378646001], [-0.1985817077766634, -0.127786082121993, 0.9717180777120572], [-0.8236289479474983, -0.51563506099456, -0.23612674557540914]], "T": [0.17350890757295015, -0.016028143566889128, -0.1400192339773297], "aligned_model": [[0.27562549498503136, 0.6892045730190993, -0.6986862133998911, -0.023457615725067993, -0.33552730771285577, -0.2391003057940739, -0.023457615725067993, 0.14331680251061943, 0.4915026666345581, 0.6939614192279772, 0.08032237587713753, -0.41645662935349737, 0.2844376837710157, 0.1012883166784479], [-0.710859665882056, -0.3893555416488514, -0.016945461282726004, -0.021429528744612084, -0.6902353363945058, 0.381314956677187, -0.021429528744612084, 0.7577501903738717, 0.18458683169519852, 0.12221947252465314, -0.6805936093378596, -0.014597789608036926, 0.30170781202466507, -0.13417903690594107], [0.10880501105834103, 0.4878542715347022, 0.1638524255788298, 0.5324627788402584, -0.024732795297799565, 0.003391496026695834, 0.5324627788402584, -0.06482736536107456, 0.4634687398590578, -0.02697524407856587, -0.5332636793928727, -0.5536974484928805, -0.6077766637174449, -0.04423895617318588]], "inverted": true, "swapped": false, "error_lsq": 0.05999248412518355, "error_max": 0.3932795104678636, "target": "1107.xyz", "model": "12.xyz", "model_rescale": 4.124412569039231, "target_rescale": 4.151626017723322},
{"mapping": [5, 11, 4, 7, 2, 6, 12, 8, 10, 9, 3, 0, 13], "R": [[0.3093807635086217, 0.7261728700326326, -0.613967837919375], [0.002541527706881208, 0.6450105467843437, 0.7641694414028066], [0.950934847299087, -0.23797974150236323, 0.1977082669660804]], "T": [0.09415271197298505, 0.0586637175352171, 0.03614281607524814], "aligned_model": [[-0.18839720107259575, -0.01893897218794935, 0.5257986928455795, -0.5435515838884688, 0.6376351145334331, 0.2553047436682827, -0.5936130652943035, -0.008151559422399618, 0.019933079773214096, -0.1547405018050735, 0.7483586524126826, 0.5360996365566937, 0.15156127139066222], [-0.12804083784307274, 0.4587805334003791, 0.5638226613044375, -0.33233842736955693, -0.0856847280088198, -0.5857396717735746, 0.40937940517715754, -0.4469662769669545, 0.837819822096799, 0.24135674935062876, -0.10187610826945354, 0.4129155334811812, 0.10405672192932615], [0.3847780123320488, 0.6627088882933424, 0.2323089341485788, -0.15478920567919532, 0.5572913910318077, 0.15889324213678238, 0.05136284606356934, -0.4618052271822718, -0.18698485027406656, -0.5809510092151682, -0.14093505765847178, -0.4698670146993118, -0.10031286832980488]], "inverted": true, "swapped": true, "error_lsq": 0.044157589430841644, "error_max": 0.24027339741232207, "target": "1107.xyz", "model": "13.xyz", "model_rescale": 3.9028299243045295, "target_rescale": 4.151626017723322},
{"mapping": [14, 11, 7, 9, 10, 3, 6, 2, 1, 12, 13, 4, 8, 15], "R": [[0.5404647696490725, 0.7192076751099115, -0.43662129223294976], [-0.2621412910098333, -0.3491706300957733, -0.8996453827071079], [-0.7994871958423555, 0.6006831037589758, -0.00018039570544067796]], "T": [0.06874403159371094, 0.041252333035892666, -0.06696936364871642], "aligned_model": [[0.2553013306290284, 0.5516014876974169, -0.6668626313058093, -0.09826267112920171, -0.3303335074553905, -0.40162804609549, -0.07080052974929114, 0.33545319272322466, 0.4702755696308298, 0.7157976769777651, 0.35079412759704925, -0.5026228923107375, 0.3979908715647677, 0.016269666219270965], [-0.7862799475351083, -0.27149836490936313, -0.2988906788866927, -0.3221514443356071, -0.5803422824803368, 0.4335427807739745, 0.28616501084243623, 0.7271134767665179, 0.25547820962078605, -0.13972889562417273, -0.5902933355647508, 0.004367217845767837, 0.3597720228135405, -0.009300004580616673], [0.18489836269302384, 0.396595482255003, 0.33776947162068793, 0.59702755825786, -0.16550795424508047, 0.04942547464727737, 0.5371443325198559, -0.09167734709322413, 0.3967961520009336, -0.24809822338339757, -0.4597150365866977, -0.4296573844435697, -0.6887803358505972, 0.020564796832244395]], "inverted": false, "swapped": false, "error_lsq": 0.041930765521726886, "error_max": 0.30290067551989563, "target": "1107.xyz", "model": "14.xyz", "model_rescale": 3.942246331269136, "target_rescale": 4.151626017723322},
{"mapping": [8, 13, 1, 12, 0, 5, 3, 10, 4, 11, 8, 2, 9, 14], "R": [[-0.29156951538436915, -0.3189420317381008, -0.9018110656281041], [-0.9525359820493933, 0.01053528955617572, 0.3042436697372118], [-0.08753525346808655, 0.9477156683651169, -0.3068755306888087]], "T": [0.12599203408424733, 0.012567150219930684, -0.011807548461366498], "aligned_model": [[0.34693780390670476, 0.5350790239379986, -0.5685195456231908, -0.09715215787996509, -0.3286576000788981, -0.43238604686671267, -0.19407797488788667, 0.5293823343101836, 0.43343293669750915, 0.8248653527623714, 0.34693780390670476, -0.5026485962534614, 0.08166889020023008, 0.048111420861845], [-0.6771824012335279, -0.3101088232083794, -0.09895726582455741, -0.3992891216504062, -0.5144668069082599, 0.3123259267160199, 0.31790664028769744, 0.5882784300628913, 0.328060598471963, -0.14763311143798805, -0.6771824012335279, -0.05521656307279296, 0.4478633236214512, -0.046444659844208744], [-0.2843317663853989, 0.6122580710129045, 0.39050750974405724, 0.6580113368176724, -0.24897078561539138, -0.045544068972603324, 0.5546471413968612, -0.13359960069947951, 0.37498432378130325, -0.01660184310288287, -0.2843317663853989, -0.4394338394449126, -0.6876144783389697, -0.013194884583442004]], "inverted": true, "swapped": false, "error_lsq": 0.053023593589547446, "error_max": 0.3850916517138447, "target": "1107.xyz", "model": "15.xyz", "model_rescale": 4.355366556412066, "target_rescale": 4.151626017723322},
{"mapping": [0, 9, 10, 2, 4, 3, 11, 6, 12, 8, 5, 13], "R": [[0.6147438251652524, 0.6452191820947046, -0.4536322701023755], [-0.6549426556370062, 0.7380610419778562, 0.1622221197670271], [0.4394771293802898, 0.19737807723149553, 0.8763000327399619]], "T": [0.02395703940206674, 0.08583493156122313, -0.012673360487141606], "aligned_model": [[-0.24271343026781278, 0.4548868991285632, 0.11429744841124491, -0.6530506240407343, -0.4834704560137182, -0.5173385237525074, -0.11236540655189463, -0.12317583811811687, 0.6384374656934103, 0.325755618359776, 0.18304249942116824, 0.013502902362402073], [-0.6172276245987033, -0.4382336134750028, -0.5340318285041845, 0.4445737633702974, -0.16698369605325575, -0.10672375190589739, 0.3530422016226679, 0.5278253098679917, 0.04840007819615888, 0.030677789532356378, 0.5307791949798047, -0.05932139529125299], [0.09431862436418495, 0.11294901431110668, -0.5322718158697651, -0.04046737054487407, -0.41090072717689285, 0.38107184681400164, -0.7022273495080754, 0.47649920048427963, -0.47879281374931437, 0.6353663115178325, -0.12649762543752377, 0.04021116600446117]], "inverted": false, "swapped": true, "error_lsq": 0.0385602270685494, "error_max": 0.21320999710735197, "target": "1107.xyz", "model": "16.xyz", "model_rescale": 3.795458400668931, "target_rescale": 4.151626017723322},
{"mapping": [9, 1, 0, 7, 10, 3, 6, 12, 5, 2, 4, 11, 13], "R": [[0.4285544807522067, -0.578387590926649, -0.6941245217461158], [-0.45822677070530904, -0.8012505769042252, 0.38474113325667525], [-0.7786971706871619, 0.15318390148025973, -0.6084122029439378]], "T": [-0.13574044723119416, 0.017083858326754534, 0.015340832976671655], "aligned_model": [[0.31539190679053564, -0.1807104009786622, 0.3290399871870826, -0.3222148860620182, 0.6686944047073721, -0.29914502980420815, -0.7896876520968782, 0.2699641720247208, -0.40724212864323, -0.5540041837054721, 0.18020457575650545, -0.014581567062510986, -0.04707739720901373], [-0.28517988287241225, 0.2822003325258908, 0.43510750103214113, -0.7148452742205675, 0.0826471927915347, 0.5791295324567397, 0.04817852064475801, -0.5619328050892145, -0.23701521622296023, 0.5944773996503859, 0.5776841922483252, 0.10403703854714212, 0.0592927339787224], [-0.4103886525670618, -0.905195344726776, -0.41604387237550877, -0.14438240203558267, 0.12005359595413956, -0.36217555624099906, -0.1510308827509627, 0.3258217062235326, 0.32832652231965737, 0.29725851243548324, 0.27203318816042815, 0.7523807969033736, -0.10438258046342805]], "inverted": false, "swapped": true, "error_lsq": 0.04256095076483909, "error_max": 0.26154768333600825, "target": "1107.xyz", "model": "17.xyz", "model_rescale": 3.7474275329858107, "target_rescale": 4.151626017723322},
{"mapping": [5, 4, 3, 8, 10, 1, 0, 2, 6, 9, 12, 11, 7, 13], "R": [[-0.5826439915134385, 0.12499549950952604, -0.8030579706693982], [-0.7776206131073491, -0.3730143393331802, 0.5061289210491549], [-0.23628830107273335, 0.9193674062931505, 0.3145336405250893]], "T": [0.031463576898138966, -0.060833958556580595, -0.010507089107304694], "aligned_model": [[0.321060272983053, 0.5133284534887188, -0.6243824532340129, -0.19498158580418448, -0.27678215553369706, -0.41457517576696545, 0.008540627002287936, 0.27925241438300674, 0.6877418274112662, 0.6871539555956089, 0.330150006309476, -0.48189807260032025, 0.12131006359731311, 0.0670554671618816], [-0.7206686884197978, -0.29265715642155476, -0.12484384332135763, -0.39474244544866083, -0.6736728111195959, 0.4670933649705912, 0.3904781221113555, 0.6012989874634412, 0.21877560345303115, -0.0934312041300396, -0.45630210833744866, -0.11455919251848834, 0.2382165576600182, 0.0229685788048805], [0.05251528432729802, 0.6245441432043944, 0.15184407572230346, 0.5845409441545988, -0.08700859033613167, -0.039842886421699086, 0.6930086072294007, 0.05284413520941378, 0.28294846493206527, -0.13985821094498707, -0.5705323409557395, -0.5157892655849768, -0.696011049427519, 0.04358203811589749]], "inverted": true, "swapped": false, "error_lsq": 0.04031991110270057, "error_max": 0.23705663070480693, "target": "1107.xyz", "model": "18.xyz", "model_rescale": 3.922800546911778, "target_rescale": 4.151626017723322},
{"mapping": [5, 1, 9, 2, 3, 11, 10, 4, 6, 8, 12, 7, 13, 14], "R": [[0.7916493273871603, 0.6072154619511595, 0.06768105506637029], [-0.5470615582647674, 0.7537987043645291, -0.36402083012828007], [-0.27205696814524233, 0.2511511418763565, 0.9289284741129542]], "T": [0.15751949303733137, -0.12540822262342377, 0.037471726942805955], "aligned_model": [[0.5506413621027008, 0.5201030784539218, -0.6128606592679393, -0.24490401339372125, -0.24507540206432105, -0.27354650297565875, -0.14015253382382703, 0.2797120131817406, 0.5720234449471922, 0.7331536308377721, 0.12127280659572162, -0.48381433810321905, 0.1743219240774982, 0.07209883442557251], [-0.7584400007356169, -0.3643975443109534, -0.08556325139114751, -0.23754495631678538, -0.6067422055365301, 0.4121234710377707, 0.43798804336851604, 0.5879134198916598, 0.2545620186558158, -0.03952681464861074, -0.5129731489126457, -0.1423044255108508, 0.2548495628803422, -0.1319904037245899], [-0.12763334308346794, 0.6369717449925392, 0.29760627888966085, 0.6193734688340871, -0.08656129654771587, -0.14276533406258618, 0.5320186500492138, 0.04788140669325347, 0.4369424536630703, -0.15136782713585087, -0.645970772612897, -0.43857076530050887, -0.5343109605312883, -0.006828354623190376]], "inverted": true, "swapped": false, "error_lsq": 0.04156460565518633, "error_max": 0.32071726478091817, "target": "1107.xyz", "model": "19.xyz", "model_rescale": 3.9282355846067225, "target_rescale": 4.151626017723322},
{"mapping": [2, 12, 6, 7, 5, 4, 8, 11, 9, 10, 1, 3, 0, 13], "R": [[-0.2526915404499537, 0.48923778190665257, -0.834741503784308], [0.7788594785139457, -0.40900596521724436, -0.4754913596961514], [-0.5740425925957184, -0.7702989764836565, -0.2776951362811692]], "T": [0.005312349592079546, -0.06342748292197636, 0.12346416573678763], "aligned_model": [[0.3297473843904826, 0.6365726572163859, -0.6053415135340081, 0.07133114963822751, -0.3753224019027195, -0.23968318710207012, -0.2605483982006701, 0.39598682494291, 0.3733286049491245, 0.8261564087682935, 0.08126727707991807, -0.4589248791208848, 0.17141139753196588, 0.07699232033647709], [-0.7784374389726079, -0.15866277535828316, -0.22135878302630044, -0.5183219260743701, -0.6021468450435268, 0.46883579876888787, 0.5170111349747317, 0.4951276458197213, 0.3292953859042878, -0.19506720912477304, -0.3708793497641606, -0.04314362160821644, 0.24497297672151486, -0.09927122847053102], [-0.12597296322301782, 0.6849220968057168, 0.2937686517423169, 0.5439523819916109, -0.10585828645321087, -0.11326528089676745, 0.5370226897275583, -0.09733618252302244, 0.5579266029297305, -0.10263395896094989, -0.5556565855822877, -0.46850494628567907, -0.5959086520440798, -0.0156702180035989]], "inverted": true, "swapped": false, "error_lsq": 0.043052165272500144, "error_max": 0.25169822825814847, "target": "1107.xyz", "model": "20.xyz", "model_rescale": 4.067790424073018, "target_rescale": 4.151626017723322},
{"mapping": [5, 4, 7, 8, 1, 12, 0, 3, 2, 6, 13, 10, 11, 14], "R": [[0.7738566824993286, 0.6216088766649459, -0.12144232953331288], [-0.5920236684354043, 0.7780639280941483, 0.21005832478383452], [0.22506401525659311, -0.09065830491493149, 0.9701171376625256]], "T": [0.08069132790452742, -0.06995249995582004, 0.03461360041175642], "aligned_model": [[0.2412641173223395, 0.6217519659159179, -0.5426499012410649, -0.04241468490841559, -0.49553810635795564, -0.3198953453383275, -0.11614625937854552, 0.3571165489553255, 0.5214810901945363, 0.8066132576355175, 0.11984568900156894, -0.3653889852754031, 0.2046386325996984, 0.032295625868240765], [-0.6371355757260246, -0.3909507260392478, -0.18089284768046335, -0.41646163374191403, -0.6489971513969832, 0.5074629485273556, 0.3169463587905605, 0.731882971987734, 0.28746372146808047, 0.004684270282421937, -0.4574152861191621, -0.20588223324734323, 0.22467587225362323, -0.06742692461226305], [0.06601198757287083, 0.5312885641277449, 0.42933110509426176, 0.47043951352060753, -0.04266532301332467, -0.2705676309424712, 0.5967721784431568, -0.03167357595664314, 0.5159450471948552, -0.08795722466261027, -0.5471621557201235, -0.6390497304548265, -0.5274036964102935, -0.02652370956888491]], "inverted": true, "swapped": false, "error_lsq": 0.04335480312068637, "error_max": 0.30041057621807427, "target": "1107.xyz", "model": "21.xyz", "model_rescale": 4.186013935880536, "target_rescale": 4.151626017723322},
{"mapping": [11, 12, 10, 2, 6, 4, 5, 7, 0, 9, 8, 3, 13], "R": [[-0.4847768286157707, -0.868420305617568, 0.10410379065300923], [0.8714558853405826, -0.4897231938163222, -0.027126248240453704], [0.07453902563421028, 0.07757168445657751, 0.99419644307756]], "T": [-0.01716434693655156, -0.09027386606021714, 0.028575090911245757], "aligned_model": [[0.22656663275888086, -0.42545729812111593, 0.24341375976728075, 0.49408227985043573, -0.16286224153630902, 0.6366171804175824, -0.2642504685434562, -0.788739907413709, 0.40847815167135443, -0.2835757554296253, -0.4635763657785849, 0.41658399365809934, 0.021294074122391888], [-0.5532184281633379, -0.0350043582309293, 0.37483410669879835, -0.5906646983651218, -0.40994991349332205, -0.07578790364118268, -0.4999779374272927, -0.08579791854967336, 0.53442492832135, 0.5335478899538407, 0.20156338925223372, 0.06784884117138268, 0.057138662019347614], [-0.5115598738661672, -0.6244923288613142, -0.5863658562963574, 0.3043310234806853, 0.605526320026163, -0.2002148313684478, -0.0570436386085751, 0.05417984788663931, 0.10231288154498626, -0.09791895281615683, 0.5077696598653137, 0.5500869393204405, 0.056268371028135984]], "inverted": false, "swapped": true, "error_lsq": 0.04881460166151205, "error_max": 0.3062428716371974, "target": "1107.xyz", "model": "22.xyz", "model_rescale": 4.166573947596378, "target_rescale": 4.151626017723322},
{"mapping": [9, 14, 2, 12, 3, 1, 6, 5, 13, 10, 8, 4, 0, 15], "R": [[0.31233580821138307, -0.24932171065373246, -0.9166706210551524], [0.5651774728015369, -0.7268239317839689, 0.3902581151286424], [-0.7635579658065329, -0.6399731687991217, -0.08610212581928861]], "T": [0.05655021905064143, -0.17991755688201627, 0.06277253104915703], "aligned_model": [[0.2575783861223047, 0.6439274622815406, -0.6027496146351815, 0.015104228718808455, -0.35560991079987564, -0.3117124865962802, -0.2990169640745434, 0.3125755840266048, 0.7247818962630896, 0.799416368746697, 0.1908164288607138, -0.37847924514724335, -0.010779233866283232, 0.03712074509308085], [-0.7451909142029344, -0.3377929162015224, -0.05617837888521374, -0.2671697560192406, -0.5835132629217862, 0.4144400542433526, 0.3162063928183062, 0.6109235060964019, 0.27056267763964936, -0.10993783916908612, -0.48557119191734743, -0.16601971757958897, 0.32132708578240676, -0.1141319749370233], [0.04034768257611146, 0.5687775787260075, 0.11589111837613253, 0.7108856684413478, -0.10652361611293548, -0.07586610207341407, 0.5172399520872739, 0.07190526324910287, 0.32228577304441214, -0.001988227506118434, -0.6738600642886492, -0.5291816299354745, -0.5783018139437908, 0.055173766584313264]], "inverted": true, "swapped": false, "error_lsq": 0.047326177033831095, "error_max": 0.2627780831609004, "target": "1107.xyz", "model": "23.xyz", "model_rescale": 4.274766983524099, "target_rescale": 4.151626017723322},
{"mapping": [10, 3, 1, 9, 8, 7, 12, 5, 11, 2, 13], "R": [[-0.7648545637721107, -0.5109181208927468, -0.3923775860321268], [-0.28629497390588166, -0.27604823197028416, 0.9175143386031147], [-0.5770898406601913, 0.8141007599612625, 0.06486345995466308]], "T": [0.022262310507234692, 0.11957893265832549, 0.09589385823395356], "aligned_model": [[0.33448468202786885, 0.03983082391667224, -0.523082605066342, -0.3753455826804086, -0.6747336392281327, -0.588928523617772, 0.0018507777907698503, 0.03899489208319335, 0.661536697645955, 0.486554963345823, -0.02126778225955181], [-0.35629112480762054, 0.756600630026108, 0.68113587745785, -0.20351982563432758, 0.2839721011483197, -0.22453374019551414, -0.6494583433873481, -0.014958997895666001, -0.17005798117360588, 0.6713300376046223, 0.14136789810066555], [-0.4858652187896263, -0.1851928293933514, -0.45813557861771437, -0.36632310447389166, 0.06051531563659528, 0.4184410886894183, 0.1623765224066313, 0.5626476588463764, 0.3659067362852982, 0.3562944794193806, -0.05109863598753882]], "inverted": false, "swapped": true, "error_lsq": 0.049664741981872644, "error_max": 0.2524574325443586, "target": "1107.xyz", "model": "24.xyz", "model_rescale": 3.7841303162186577, "target_rescale": 4.151626017723322},
{"mapping": [3, 13, 2, 12, 4, 8, 9, 10, 14, 11, 6, 1, 7, 15], "R": [[0.6176500342893132, 0.658301994627543, 0.4302870193391953], [-0.3005607447392409, 0.7031771105836988, -0.6443641748832363], [-0.7267542045727728, 0.2686641677272191, 0.6321771042320637]], "T": [0.03507783350562725, 0.01335586866335603, -0.02855873000748391], "aligned_model": [[0.2635221059295596, 0.6210351885754176, -0.5898458956472161, 0.05916184832334577, -0.3765515037620833, -0.5090850404848004, -0.11031869958027891, 0.42834333182899254, 0.3736708424638467, 0.765922511494474, 0.20923019921810632, -0.5266244801257454, 0.3581039239068636, 0.05640931285295028], [-0.7556075575200737, -0.28374102242941057, -0.14004520240410082, -0.2385948263744474, -0.5857214837427877, 0.22891558057852457, 0.2998053579510389, 0.6841255409364643, 0.30336388250436885, -0.1438252064682981, -0.49848559795392267, -0.005716648040161754, 0.24617651684119968, -0.0426955691320193], [0.04567300998352328, 0.39616166344410103, 0.36480048504191953, 0.6863627439519739, -0.19699850379308922, -0.11149581946926038, 0.4602635759274524, -0.002763384219897389, 0.6276036649094847, -0.20345222742383245, -0.5078454070712735, -0.5155527174148862, -0.5426153910891205, -0.06335634355277578]], "inverted": false, "swapped": false, "error_lsq": 0.047920325320219, "error_max": 0.3207447660395931, "target": "1107.xyz", "model": "25.xyz", "model_rescale": 4.19342608120988, "target_rescale": 4.151626017723322},
{"mapping": [0, 9, 10, 2, 4, 3, 11, 6, 12, 8, 5, 13], "R": [[0.6147438251652524, 0.6452191820947046, -0.4536322701023755], [-0.6549426556370062, 0.7380610419778562, 0.1622221197670271], [0.4394771293802898, 0.19737807723149553, 0.8763000327399619]], "T": [0.02395703940206674, 0.08583493156122313, -0.012673360487141606], "aligned_model": [[-0.24271343026781278, 0.4548868991285632, 0.11429744841124491, -0.6530506240407343, -0.4834704560137182, -0.5173385237525074, -0.11236540655189463, -0.12317583811811687, 0.6384374656934103, 0.325755618359776, 0.18304249942116824, 0.013502902362402073], [-0.6172276245987033, -0.4382336134750028, -0.5340318285041845, 0.4445737633702974, -0.16698369605325575, -0.10672375190589739, 0.3530422016226679, 0.5278253098679917, 0.04840007819615888, 0.030677789532356378, 0.5307791949798047, -0.05932139529125299], [0.09431862436418495, 0.11294901431110668, -0.5322718158697651, -0.04046737054487407, -0.41090072717689285, 0.38107184681400164, -0.7022273495080754, 0.47649920048427963, -0.47879281374931437, 0.6353663115178325, -0.12649762543752377, 0.04021116600446117]], "inverted": false, "swapped": true, "error_lsq": 0.0385602270685494, "error_max": 0.21320999710735197, "target": "1107.xyz", "model": "26.xyz", "model_rescale": 3.795458400668931, "target_rescale": 4.151626017723322},
{"mapping": [12, 5, 7, 9, 1, 4, 11, 10, 2, 8, 0, 3, 13], "R": [[-0.025515430790747723, -0.9330526108619475, -0.358833928378109], [-0.26468564882695517, 0.35244576763890256, -0.8976210158961735], [0.9639971317885838, 0.07207500424646546, -0.25595844128736145]], "T": [-0.008333448793043666, -0.11689266306621626, 0.029218454420932898], "aligned_model": [[0.006240472709914832, 0.33088482798873925, 0.6066282901486832, -0.1308935038276856, -0.05036772669241986, -0.626798717494769, -0.22680042308875203, -0.684733870311914, -0.06856180204031043, 0.41907692016040665, -0.5884435858321134, -0.19444112462554586, -0.09211337427297747], [-0.7845155550278343, -0.4149012635516182, -0.3017954160117761, -0.06469183751860935, 0.7732869073064039, -0.13652960131227948, -0.7041200929276034, -0.41408775347987065, 0.07614340311989132, 0.29661196208855395, 0.30049318811000625, 0.522090507152361, -0.026102944690710672], [-0.35849559251561147, 0.20911114233241476, -0.39931102508129007, -0.647821774570144, -0.325054530811358, 0.34082727846075556, 0.44503616084973624, -0.3121556696322137, 0.7687555092191521, -0.37129922378651886, -0.22791703949797731, 0.2345948472115338, -0.06413342007905298]], "inverted": true, "swapped": true, "error_lsq": 0.03671516649714613, "error_max": 0.23769269043460575, "target": "1107.xyz", "model": "27.xyz", "model_rescale": 3.6321398670334006, "target_rescale": 4.151626017723322},
