[{"mapping": [9, 4, 0, 1, 12, 7, 2, 3, 4, 8, 6, 5, 13], "R": [[-0.4916547372406144, 0.6845338123738289, 0.5382277204546548], [-0.362113414543203, -0.7228351468384508, 0.588543308094568], [0.7919277077844447, 0.09446062784031725, 0.603264200356103]], "T": [0.26233489920177844, 0.02321636921451435, -0.07745895178927278], "aligned_model": [[0.06482692133698892, -0.5858163321427594, 0.6580682363019592, 0.8386428291089945, 0.5615346799384926, -0.40809958043716854, 0.12334205950424004, 0.3576577888691341, -0.5858163321427594, -0.4508631212886939, -0.16290703741361456, 0.37910530914566476, 0.1277899987759852], [-0.33776559589477323, -0.3716689116015029, -0.5980414909194209, 0.04037847447083258, 0.0816193026229385, -0.0660231680603819, -0.6990673586596873, -0.19960901858181995, -0.3716689116015029, 0.32673102894936357, -0.03135800174791256, 0.6254096314986055, 0.041995044309676516], [-0.6836155250521759, 0.11775716018583979, -0.30734203448564057, -0.0525843564719185, -0.569585354809878, -0.41502138449422554, 0.1466960222145719, 0.3856422240423274, 0.11775716018583979, 0.02156915794332083, 0.5555791336094643, 0.3654058206444555, -0.16737498699147096]], "inverted": true, "swapped": false, "error_lsq": 0.051967437075221286, "error_max": 0.3658692224857083, "target": "1108.xyz", "model": "0.xyz", "model_rescale": 3.8414455957264533, "target_rescale": 4.09487989401957},
{"mapping": [0, 1, 13, 9, 7, 4, 12, 8, 3, 5, 10, 6, 14], "R": [[0.40211250277029514, 0.4619607682219754, 0.7905047651593075], [0.4498128059072195, -0.8516809696850215, 0.2689014048275983], [0.7974797644816348, 0.24745054960566182, -0.5502674356548573]], "T": [0.09760793738080556, -0.0862041609601985, -0.07959564999095003], "aligned_model": [[0.04279073846216924, -0.5889415296392706, 0.6621664752666695, 0.7276155000813024, 0.34864236984464414, -0.2453595507006757, 0.17280972423071153, 0.655666708365771, -0.6850339182746997, -0.31742643938200465, -0.11768556765882568, 0.23604834096791713, 0.02617256799275469], [-0.44249801385675475, -0.6055547688535949, -0.5785463296046818, 0.1345169946002781, 0.09617294817005831, 0.08145401527016455, -0.6249449050906084, -0.23510244991878246, -0.05789997055703405, 0.32861652558470644, -0.07554860982427664, 0.5527205376740414, -0.13245494880910016], [-0.7085369307143644, -0.1657505487718709, -0.19672740022952717, -0.2206003393515123, -0.6423347599859552, -0.46699889327935923, 0.4555610053310841, 0.4595723249227377, -0.086486268380083, 0.22039276495538251, 0.5699553228573169, 0.34776445333343176, -0.05092769416677106]], "inverted": false, "swapped": false, "error_lsq": 0.04072424273924636, "error_max": 0.20600376446769567, "target": "1108.xyz", "model": "1.xyz", "model_rescale": 4.316132596720782, "target_rescale": 4.09487989401957},
{"mapping": [0, 6, 3, 9, 4, 5, 11, 8, 7, 1, 10, 12], "R": [[0.27359177227044695, -0.6498390436561572, 0.7091239380291481], [-0.5516363752986628, 0.4979414175855431, 0.6691424766820986], [-0.7879370860628843, -0.5742504349088042, -0.22224217964594453]], "T": [-0.07501295661213181, 0.06700146336218299, -0.07514482748114286], "aligned_model": [[-0.2909136852239991, 0.551095356343222, 0.07984014724472463, -0.3522479688311676, -0.507717836055622, -0.5421090361797123, -0.22282391852126757, -0.17583416300949384, 0.5737942245976311, 0.13196032610019776, 0.4073683758949343, -0.05460326772766704], [-0.5664762823877145, -0.17059622399551277, -0.4344554042470283, 0.47371192869451256, -0.5873596095217504, 0.03630562965540424, 0.43728688021043777, 0.4506919942962777, -0.08781933949791554, -0.06930791245666051, 0.5590312031293722, -0.02823643613844204], [0.25538951407887905, 0.08324579160221175, -0.661004784279308, -0.018026255967593476, -0.42157054951929923, 0.32356459208396543, -0.7011559558090511, 0.6119248313240896, -0.5172335748165279, 0.6593286951535663, -0.05897157316990302, -0.1062322694716079]], "inverted": false, "swapped": true, "error_lsq": 0.05190213885260029, "error_max": 0.3494565098990431, "target": "1108.xyz", "model": "2.xyz", "model_rescale": 3.795458400668931, "target_rescale": 4.09487989401957},
{"mapping": [2, 0, 4, 9, 7, 11, 5, 6, 8, 10, 3, 12], "R": [[-0.40372206197655514, -0.3680344197471915, 0.8375912861024443], [0.6266353812206996, 0.5558111876602171, 0.5462618627308038], [-0.6665857751825995, 0.7454023004747752, 0.006230150168799409]], "T": [0.09301573221354933, -0.0036137680442721405, 0.19145696780973342], "aligned_model": [[-0.11560469863495054, -0.3295679178097942, -0.7311754354164977, 0.15626908930478578, 0.3172353492303748, -0.006573511760257278, -0.1260744772727059, 0.45731911212312026, 0.4862113384854373, 0.7423443158745342, -0.2970372468255791, 0.039957908445096973], [-0.09601684178190646, -0.5430055478993573, 0.040456666156685105, 0.008866981959196104, 0.4917379819775716, 0.6619060186013052, -0.477551730145514, -0.09834434063572116, -0.5516778165283246, 0.22254690783694117, 0.42563416477115, 0.0012166009776837699], [-0.7011372445223746, -0.10458305732831419, -0.04135072819629321, 0.6827597558322693, -0.3956673009812086, 0.5045299612941948, 0.5162222233265357, -0.38461684239699, 0.6091543094416834, 0.23910492734053287, -0.33983885237190536, 0.10419427920097062]], "inverted": false, "swapped": true, "error_lsq": 0.05683248529048294, "error_max": 0.2796082908924958, "target": "1108.xyz", "model": "3.xyz", "model_rescale": 3.7530521520055578, "target_rescale": 4.09487989401957},
{"mapping": [1, 10, 9, 11, 5, 7, 0, 6, 2, 3, 12], "R": [[0.0996284199390638, 0.9477780920533371, -0.30297007470075643], [0.8338853973710795, 0.0865931297231548, 0.5451025352500445], [0.5428713678135205, -0.3069500254251256, -0.7817111742196041]], "T": [0.06899608765459475, -0.13311458092845596, -0.08321855241831472], "aligned_model": [[-0.5344576027649612, -0.2221581741246073, 0.34716337466475833, 0.6147993858167897, 0.21627086066764675, -0.23993415712498095, -0.07684086969563111, -0.5729551053602969, -0.40568840565784364, 0.162540905920518, 0.04945939010381334], [-0.6185163605392203, 0.09721512877502173, -0.3564197851590682, 0.283328665042871, -0.7224486943805963, 0.6032762178743807, -0.4943090099444751, 0.09776711939661237, 0.20377932374251273, 0.46454534282053506, -0.09101458931422765], [-0.050077987939101426, -0.663928471050153, -0.4271559479187273, -0.36521693145887885, 0.012100002752422956, -0.03170743510248558, 0.5535155335584332, 0.007026530798974723, 0.6308979429076333, 0.4194964218424863, 0.00788111885471196]], "inverted": false, "swapped": true, "error_lsq": 0.03926092602876555, "error_max": 0.2615517851275268, "target": "1108.xyz", "model": "4.xyz", "model_rescale": 3.7855080009869324, "target_rescale": 4.09487989401957},
{"mapping": [12, 2, 15, 8, 13, 1, 9, 10, 0, 4, 5, 7, 16], "R": [[-0.5276056202310045, -0.733670221449787, -0.4282059266970484], [0.8480000502849259, -0.4250367893082819, -0.3166064472673777], [0.05028145003299633, -0.5301619883510398, 0.8464041835259628]], "T": [0.09301529858195094, -0.1126442778847666, -0.11664975888674262], "aligned_model": [[-0.075415603201939, -0.3757449323467002, 0.8012174910438076, 0.7743135136596723, 0.5295498225189099, -0.5906078640630366, 0.1929244573080322, 0.49096020900819654, -0.632031027359603, -0.3174376837220716, -0.20654872605500596, 0.23303012321760613, 0.09325563954859466], [-0.262095797937536, -0.6836342352211756, -0.5340798302712956, 0.05973765031900434, 0.003861988479614234, 0.033584127393999005, -0.7538837460613647, -0.20811683239176992, -0.025817540766290628, 0.4865023294890838, 0.039905287099736605, 0.4502566736874034, -0.16528904903499408], [-0.7588028072236133, -0.12112212955285778, -0.12929240349681403, -0.07887295483609169, -0.6829814092333952, -0.4071330871075963, 0.17617121663291352, 0.4862508246890567, 0.15765449970310624, 0.023180409730358564, 0.6196200761504205, 0.3575947344680048, -0.12738393340298207]], "inverted": true, "swapped": false, "error_lsq": 0.045520061843859275, "error_max": 0.23209296769324442, "target": "1108.xyz", "model": "5.xyz", "model_rescale": 4.2253639853439635, "target_rescale": 4.09487989401957},
{"mapping": [11, 12, 8, 10, 5, 6, 9, 1, 7, 3, 0, 4, 13], "R": [[0.8095989946168713, -0.42028681355552217, 0.40976635082287677], [0.42551302354951787, 0.9010904302117111, 0.08351468954992886], [-0.4043366601052872, 0.10674751019213222, 0.908359419152288]], "T": [0.13680531161451276, -0.09726021106280962, -0.04196215712869757], "aligned_model": [[-0.08477069006291033, -0.580296300874062, 0.6737223441453892, 0.8537978266200275, 0.39005921704591245, -0.29870698949484503, 0.19336472030328358, 0.619752744262902, -0.6490966157655405, -0.3346719254149053, -0.24218500964472295, 0.27681633786352455, 0.09967976057241053], [-0.4870626414602036, -0.6708319691488355, -0.5810086683945735, 0.1650635248676237, 0.0026599378496463127, 0.13070530369208055, -0.6180621796619329, -0.0810339342184895, -0.0618020100316331, 0.4238759079231625, -0.204401153268902, 0.47198232228318465, -0.04915341564671271], [-0.6779746802366312, -0.20966570557482542, -0.19549523436636432, -0.20202609867302593, -0.6134686659942932, -0.4567858881134125, 0.27134722715054405, 0.5104907976071492, 0.06046875884329631, 0.053619395221567785, 0.6565718822864276, 0.3546121271675222, -0.0368108787974451]], "inverted": true, "swapped": false, "error_lsq": 0.0419611739230838, "error_max": 0.22073423526308195, "target": "1108.xyz", "model": "6.xyz", "model_rescale": 3.89814844738969, "target_rescale": 4.09487989401957},
{"mapping": [0, 2, 7, 8, 3, 1, 4, 11, 2, 5, 10, 9, 12], "R": [[0.29900757453570526, 0.6237675410929896, -0.7221554715219435], [0.932910752608266, -0.350232355976823, 0.08375454909915708], [-0.20067884302575045, -0.698749849020184, -0.6866415734982239]], "T": [0.17379998562435767, -0.1477267554483423, -0.09401050420428986], "aligned_model": [[-0.032242207643484816, -0.4781504873909505, 0.5829153710005008, 0.7612277624117965, 0.6126798650279015, -0.5392173565225746, 0.051309251814205134, 0.686197020304911, -0.4781504873909505, -0.30492595161937414, -0.21159221393414335, 0.19083100341464324, 0.0765838500839833], [-0.2765184550449157, -0.38105277529982773, -0.6107152849125892, 0.18324657617710405, -0.03772004566896754, 0.0812382541713898, -0.712795596343061, -0.23137013622386032, -0.38105277529982773, 0.46078685505001243, -0.06247756654211736, 0.5951420734556987, -0.18578009873462342], [-0.6343527107518738, 0.05454047598886336, -0.31658836154643466, -0.03858457952951988, -0.7630881618257042, -0.4864106904955314, 0.1909263547045279, 0.5271122154945052, 0.05454047598886336, -0.03824970369716413, 0.5249475649429003, 0.4017734472406716, 0.038316710006406296]], "inverted": true, "swapped": false, "error_lsq": 0.054789037568790874, "error_max": 0.38865214880430493, "target": "1108.xyz", "model": "7.xyz", "model_rescale": 3.7474275329858107, "target_rescale": 4.09487989401957},
{"mapping": [0, 1, 10, 7, 6, 3, 12, 11, 2, 8, 4, 9, 14], "R": [[-0.6134896319200275, 0.3641442350142459, 0.7007349339318819], [0.0028914177308080324, -0.8862983742663731, 0.4631056374913721], [0.7896974808305616, 0.28613662449723887, 0.5426819703023043]], "T": [0.07614888186954547, -0.17020037768583318, 0.03029213934094519], "aligned_model": [[0.002700796058399263, -0.4290757962019749, 0.6997982919172501, 0.6586461720483832, 0.3550731425239434, -0.24654421799793083, 0.2637743393835539, 0.6003012085723229, -0.7647088300446949, -0.26527946791325363, -0.43808074274052966, 0.4520994267097953, 0.028761097241199733], [-0.44358651652043535, -0.6891358072826773, -0.47843505054675967, 0.13856846677947726, 0.036736834319689965, 0.17369200702153376, -0.6831237051955125, -0.16089287819725756, -0.1311432079839751, 0.40024484271187766, 0.049862060769409966, 0.4147055882757944, -0.18656160936675056], [-0.5647529307258083, -0.1703465025666395, -0.2718934981101585, -0.1406942330572228, -0.7088400176536772, -0.5098390743681049, 0.3172572358046318, 0.36444429698054814, 0.035018835763900615, 0.1827035836176996, 0.5774358701832525, 0.3415583259163796, 0.06283114473570889]], "inverted": false, "swapped": false, "error_lsq": 0.05327828582978755, "error_max": 0.3258371893379403, "target": "1108.xyz", "model": "8.xyz", "model_rescale": 4.019505241142653, "target_rescale": 4.09487989401957},
{"mapping": [6, 2, 10, 9, 11, 5, 1, 1, 3, 4, 0, 7, 12], "R": [[0.5455681798156035, -0.3669557522061128, -0.7534579199235583], [-0.3702194964508851, 0.7010366788267288, -0.6094957747082771], [0.7518596182934301, 0.6114663121239269, 0.24660913104997156]], "T": [0.0922674468940192, -0.1112494501221793, -0.09802532926876835], "aligned_model": [[0.033941273030718866, -0.32966202961999225, 0.6969785724918607, 0.7348308971618028, 0.3217106011513077, -0.35925727125721696, 0.44087757853247334, 0.44087757853247334, -0.7628492001847043, -0.4033324796824115, -0.16372320695292822, 0.1886833492340593, 0.07838975711902069], [-0.5925591023738284, -0.5074270019991957, -0.7716634649725536, 0.12209253188114949, 0.1457289655899351, 0.08369246543082681, -0.47998864794810564, -0.47998864794810564, -0.05516610603128158, 0.505569622123615, 0.015715151835849678, 0.5459739147764948, -0.09104865558038548], [-0.6393209177033702, 0.024412518041630124, -0.2887018663287575, -0.09607770374973922, -0.6162602729145508, -0.5548051423088465, 0.34785322176981714, 0.34785322176981714, -0.03406451199607745, 0.14998599332436396, 0.48592231655553114, 0.5170725592684269, -0.12898637920773515]], "inverted": true, "swapped": false, "error_lsq": 0.05764313955762927, "error_max": 0.3122248738183, "target": "1108.xyz", "model": "9.xyz", "model_rescale": 3.877068213659057, "target_rescale": 4.09487989401957},
{"mapping": [6, 10, 12, 5, 3, 13, 11, 0, 14, 2, 8, 7, 15], "R": [[0.4422490230662348, -0.4669791591870348, -0.7657325032163198], [-0.6596467620486234, -0.747816833687162, 0.07507418046755265], [-0.6076857336779662, 0.471911483372759, -0.6387625544325484]], "T": [0.05357053950902639, -0.043843382990648896, -0.05970395000227092], "aligned_model": [[0.00794569623953971, -0.3355264020718535, 0.5268226876148624, 0.8246253777337412, 0.3814908773128725, -0.4352577311351653, 0.12133080858011296, 0.6389432556859481, -0.7058061239462036, -0.40777076876931834, 0.022892371587719715, 0.15771809020979444, 0.12005728051441279], [-0.3952109269913702, -0.6369195075510901, -0.5998339099292909, 0.02955988983928909, 0.10602115008416745, 0.1780146911405338, -0.646437100734569, -0.37231800248997043, -0.1861196601334002, 0.417104769138035, 0.00655281048713386, 0.6250653379373495, -0.0845485160124029], [-0.5644452677328325, -0.05104023321028923, -0.21814054293847776, -0.16497426030219486, -0.5819780317918077, -0.6159992067908604, 0.36094392356263727, 0.368325538624645, -0.17206982827760436, 0.06295963984688563, 0.7096087364289616, 0.3963672946145197, -0.014674725513072695]], "inverted": false, "swapped": false, "error_lsq": 0.0407545632692848, "error_max": 0.22312266251208282, "target": "1108.xyz", "model": "10.xyz", "model_rescale": 4.260839863003843, "target_rescale": 4.09487989401957},
{"mapping": [8, 9, 11, 10, 7, 6, 1, 5, 4, 3, 2, 12], "R": [[0.5216748939658914, -0.019119509965951083, 0.8529300963996627], [-0.12358456826121542, 0.9875104494005386, 0.09772393162596038], [-0.8441458164875102, -0.15638911938945207, 0.5127965325967277]], "T": [0.04881194005201715, -0.09163838361360815, -0.08012450742482141], "aligned_model": [[0.42563262250434675, 0.18197505982653067, -0.309215284005271, -0.44279276267432444, -0.662603713190063, -0.26866128250482135, 0.36185127258135336, 0.6472796170742627, 0.35232566481972594, -0.27719475246693526, -0.0907102988326818, 0.04101250596200792], [-0.05503702699103671, -0.48594998336966444, -0.720415793324779, -0.09891346802301965, 0.18124832237780014, 0.5143342462778637, 0.4800036822420551, -0.15968150315434554, -0.11503651806697474, 0.027890603066910033, 0.6396271693837219, -0.03499122488559683], [-0.7773436761287473, -0.3490503924794506, 0.08511707043049066, -0.5631550223261658, 0.16438175818707784, -0.15468853082030587, -0.4997687209892841, -0.20380456421275026, 0.7216015389722066, 0.6256394903832803, 0.46261804291416114, 0.004631083464991997]], "inverted": true, "swapped": true, "error_lsq": 0.057073173423190855, "error_max": 0.30136295733158747, "target": "1108.xyz", "model": "11.xyz", "model_rescale": 3.890672605050136, "target_rescale": 4.09487989401957},
{"mapping": [0, 8, 1, 2, 4, 7, 6, 11, 5, 12, 9, 10, 13], "R": [[-0.34944191194601665, -0.7464590531892519, 0.5662942981236154], [-0.2862609470760482, -0.4904419294604144, -0.8231168714139383], [0.8921575087139246, -0.4497394754065422, -0.04230110999030484]], "T": [0.08364556216259711, -0.23161029719991189, -0.025227114601848205], "aligned_model": [[0.2613847315435872, -0.40093732344146876, 0.6640294338341525, 0.6939348667406089, 0.3545629869273348, -0.562921501314042, 0.10810927722149888, 0.4751211760761854, -0.6449977097191433, -0.2336253802112973, -0.20051785631639396, 0.38468749469629754, 0.018635223519143637], [-0.5136469778762658, -0.6719438294467553, -0.7146941369659623, 0.12862358807531143, 0.17903173277361117, 0.17051059294858928, -0.7377766473262235, -0.11011829329606983, -0.07285623848031686, 0.4381916138102372, -0.13767638130207852, 0.5882916926737758, -0.1050056908034378], [-0.5126269896203342, -0.3260208199827751, -0.21253129408181246, -0.08304273778358168, -0.5242600954790728, -0.4089118711530748, 0.249100238366977, 0.3418542123458189, 0.19578943006525867, 0.051171156827588576, 0.693276877776645, 0.16628002965158217, -0.11519510041270999]], "inverted": true, "swapped": false, "error_lsq": 0.05189446370247063, "error_max": 0.3076901356173099, "target": "1108.xyz", "model": "12.xyz", "model_rescale": 4.124412569039231, "target_rescale": 4.09487989401957},
{"mapping": [7, 10, 5, 0, 3, 9, 4, 4, 11, 8, 2, 1, 12], "R": [[0.36741218151744126, 0.5719415507665935, -0.7334106294425377], [0.7307324601244267, -0.665345672112985, -0.15279138824234828], [-0.5753593317163618, -0.4797895362627502, -0.6623923612932724]], "T": [0.1429169828874572, -0.032076167424741925, -0.19969216628936443], "aligned_model": [[-0.010493501997537763, -0.3086783555054095, 0.5255721974495171, 0.7211016391321594, 0.4925730209891014, -0.279977686049656, 0.41556252949779937, 0.41556252949779937, -0.7858489853539654, -0.4109860445645756, -0.2268030241484879, 0.29263059701794775, 0.07725050359177099], [-0.4800366735444719, -0.5750024972763906, -0.6803762822425462, -0.029343361889207997, 0.33674730717825385, 0.14090707024689597, -0.40613624047810315, -0.40613624047810315, -0.15141847279184195, 0.3520663759892023, -0.07379345859150754, 0.5158946614990285, -0.10244116283679346], [-0.6106353285397543, 0.014556107900096177, -0.283524301940905, -0.1500693041074438, -0.700155227230691, -0.6467695314842481, 0.4359332921453876, 0.4359332921453876, 0.1375081476528578, 0.04632015742101625, 0.577457946406998, 0.38355572552106937, -0.12522793936926102]], "inverted": true, "swapped": false, "error_lsq": 0.05137820358302389, "error_max": 0.3679515796699779, "target": "1108.xyz", "model": "13.xyz", "model_rescale": 3.9028299243045295, "target_rescale": 4.09487989401957},
{"mapping": [1, 2, 6, 9, 11, 12, 3, 7, 8, 5, 4, 10, 15], "R": [[0.776311093077769, -0.35159291286363725, -0.5231859233470092], [-0.6116993020490935, -0.21978924919470227, -0.7599451623709972], [0.15220069197297248, 0.9099863238326673, -0.38569397169317604]], "T": [-0.013458253273489804, -0.10244419518516357, -0.0296086624265239], "aligned_model": [[0.13008458336984374, -0.4068429897689675, 0.448651239936281, 0.7465201662196727, 0.3032746237587203, -0.34921323903386314, 0.11624218789175346, 0.746484754183142, -0.784952796780727, -0.3622625720624589, -0.07497487301154716, 0.3046588028652986, 0.09979553198931554], [-0.40234913659590443, -0.6833064296990204, -0.565608884834721, -0.031181003551359665, 0.09570773074827582, 0.23039282531773403, -0.5790138346424735, -0.04919759857063999, -0.12199600773170466, 0.22895104705075542, -0.028572960477107473, 0.44249722131922276, -0.09539194354864204], [-0.5878659829415454, -0.25320938506340895, -0.15744272985956373, -0.16451535568709155, -0.6670039771203911, -0.5402243655543179, 0.3508497709761569, 0.4605743454428947, -0.059957558985188085, 0.1453615472456158, 0.6413026730429396, 0.3668670533755392, -0.019852998351129993]], "inverted": true, "swapped": false, "error_lsq": 0.04528009715550811, "error_max": 0.2379054619948424, "target": "1108.xyz", "model": "14.xyz", "model_rescale": 3.942246331269136, "target_rescale": 4.09487989401957},
{"mapping": [8, 7, 11, 4, 13, 0, 6, 10, 2, 5, 9, 3, 14], "R": [[0.5378411097211305, -0.27612572495963267, 0.7965434857617383], [0.1395728489612181, -0.9026361314638128, -0.40714547032834825], [0.8314122686891218, 0.3301554152085957, -0.44693516451678755]], "T": [0.13036346158777068, -0.026701661979201152, -0.05894263644777686], "aligned_model": [[-0.034714865962881536, -0.5097387057429493, 0.6340663693737282, 0.67241255938212, 0.7095352929376882, -0.5025000234681031, 0.1085763339670959, 0.5375875751378482, -0.6194912839917158, -0.24599123290215474, -0.15960149008725466, 0.27513039056760236, 0.05219450034543968], [-0.5485510372931863, -0.5916897715711369, -0.502289464686685, 0.155720401638546, 0.09953707199043055, -0.06389199116220873, -0.582121071792395, -0.21165755608436806, 0.023852988040561685, 0.37112225412579414, -0.3854724437276865, 0.6719734028824209, 0.004398242424328413], [-0.605992269977747, -0.013807732800098997, -0.24390384119187666, 0.06977777066927429, -0.6153180657415619, -0.4315257433735352, 0.002895778887876503, 0.496899386632769, 0.07451149999163581, 0.2617953156243079, 0.6008801875709463, 0.02733378278136985, -0.10866303255285022]], "inverted": false, "swapped": false, "error_lsq": 0.05744834026971976, "error_max": 0.314977730904296, "target": "1108.xyz", "model": "15.xyz", "model_rescale": 4.355366556412066, "target_rescale": 4.09487989401957},
{"mapping": [0, 6, 3, 9, 4, 5, 11, 8, 7, 1, 10, 12], "R": [[0.27359177227044695, -0.6498390436561572, 0.7091239380291481], [-0.5516363752986628, 0.4979414175855431, 0.6691424766820986], [-0.7879370860628843, -0.5742504349088042, -0.22224217964594453]], "T": [-0.07501295661213181, 0.06700146336218299, -0.07514482748114286], "aligned_model": [[-0.2909136852239991, 0.551095356343222, 0.07984014724472463, -0.3522479688311676, -0.507717836055622, -0.5421090361797123, -0.22282391852126757, -0.17583416300949384, 0.5737942245976311, 0.13196032610019776, 0.4073683758949343, -0.05460326772766704], [-0.5664762823877145, -0.17059622399551277, -0.4344554042470283, 0.47371192869451256, -0.5873596095217504, 0.03630562965540424, 0.43728688021043777, 0.4506919942962777, -0.08781933949791554, -0.06930791245666051, 0.5590312031293722, -0.02823643613844204], [0.25538951407887905, 0.08324579160221175, -0.661004784279308, -0.018026255967593476, -0.42157054951929923, 0.32356459208396543, -0.7011559558090511, 0.6119248313240896, -0.5172335748165279, 0.6593286951535663, -0.05897157316990302, -0.1062322694716079]], "inverted": false, "swapped": true, "error_lsq": 0.05190213885260029, "error_max": 0.3494565098990431, "target": "1108.xyz", "model": "16.xyz", "model_rescale": 3.795458400668931, "target_rescale": 4.09487989401957},
{"mapping": [0, 2, 7, 8, 3, 1, 4, 11, 2, 5, 10, 9, 12], "R": [[0.29900757453570526, 0.6237675410929896, -0.7221554715219435], [0.932910752608266, -0.350232355976823, 0.08375454909915708], [-0.20067884302575045, -0.698749849020184, -0.6866415734982239]], "T": [0.17379998562435767, -0.1477267554483423, -0.09401050420428986], "aligned_model": [[-0.032242207643484816, -0.4781504873909505, 0.5829153710005008, 0.7612277624117965, 0.6126798650279015, -0.5392173565225746, 0.051309251814205134, 0.686197020304911, -0.4781504873909505, -0.30492595161937414, -0.21159221393414335, 0.19083100341464324, 0.0765838500839833], [-0.2765184550449157, -0.38105277529982773, -0.6107152849125892, 0.18324657617710405, -0.03772004566896754, 0.0812382541713898, -0.712795596343061, -0.23137013622386032, -0.38105277529982773, 0.46078685505001243, -0.06247756654211736, 0.5951420734556987, -0.18578009873462342], [-0.6343527107518738, 0.05454047598886336, -0.31658836154643466, -0.03858457952951988, -0.7630881618257042, -0.4864106904955314, 0.1909263547045279, 0.5271122154945052, 0.05454047598886336, -0.03824970369716413, 0.5249475649429003, 0.4017734472406716, 0.038316710006406296]], "inverted": true, "swapped": false, "error_lsq": 0.054789037568790874, "error_max": 0.38865214880430493, "target": "1108.xyz", "model": "17.xyz", "model_rescale": 3.7474275329858107, "target_rescale": 4.09487989401957},
{"mapping": [6, 4, 0, 1, 2, 9, 8, 3, 5, 12, 10, 11, 13], "R": [[-0.2248129299425426, -0.23102486084806162, 0.9466185399625253], [0.17921556005973893, -0.9647171280109087, -0.19287987441632645], [0.9577791653419505, 0.12628688210783232, 0.258284133938496]], "T": [0.10359257571363223, -0.017022156725276932, -0.02537600863110443], "aligned_model": [[-0.08071683991251388, -0.29715326261556285, 0.550110332943478, 0.7837820947369467, 0.4393480076787421, -0.3699409385762351, 0.0878788767962965, 0.5102984534949206, -0.5666063841391119, -0.46320066095799284, -0.1577153790686986, 0.3316985625741343, 0.14968255660206056], [-0.3191829645562779, -0.7079545955716107, -0.6564031200878212, 0.10815677395810067, -0.015752897911494642, 0.06105215671054123, -0.6312369362223191, -0.1396237989069636, -0.1807880632642024, 0.4678390283094138, 0.005022013978260919, 0.5125693359041872, -0.06276590755539896], [-0.7107428425111785, -0.2517406702554256, -0.32696557567360396, -0.03919159162549266, -0.6507554156295029, -0.49163192364118624, 0.3479170873838566, 0.5039144103467376, 0.19195787905803938, 0.028401137291286314, 0.6131156340463273, 0.4096379813726044, -0.10903307364195183]], "inverted": true, "swapped": false, "error_lsq": 0.04510185146440317, "error_max": 0.270258902497001, "target": "1108.xyz", "model": "18.xyz", "model_rescale": 3.922800546911778, "target_rescale": 4.09487989401957},
{"mapping": [2, 10, 1, 5, 0, 9, 6, 8, 11, 7, 13, 12, 14], "R": [[0.9358605445019726, -0.023797464665084797, 0.3515660989344474], [0.17369147988039033, -0.8369320947937591, -0.5190143914392842], [0.30658817828062385, 0.5467891269764282, -0.779118309089784]], "T": [0.11811508637455376, -0.14355909486367807, 0.02617071009948623], "aligned_model": [[-0.07161357775118624, -0.4432180857358467, 0.5869245236846958, 0.8186105752936663, 0.5642609556768401, -0.4688834577567271, 0.2054682198547576, 0.4810028825072423, -0.5708093443870275, -0.3833256954373104, -0.15718208004346684, 0.3007927595084311, 0.05543774414239523], [-0.3503943584907572, -0.6910376192077803, -0.605751422517191, 0.15892778379767597, 0.1344271061295257, -0.04470636946879948, -0.811245064210963, -0.28361845222907567, -0.1239597324727996, 0.47785189051256144, 0.06831422405029317, 0.5847187221186452, -0.07259568322691955], [-0.6328825278996645, -0.16296675983649966, -0.31232447108190303, 0.007691575179257219, -0.623537048080106, -0.5291706567954583, 0.1756118300132423, 0.4984910228682375, 0.20573297356959042, 0.0013403124326551372, 0.6187370892628443, 0.26038073037267495, 0.007778966515639391]], "inverted": true, "swapped": false, "error_lsq": 0.04138043408924042, "error_max": 0.2724036380050057, "target": "1108.xyz", "model": "19.xyz", "model_rescale": 3.9282355846067225, "target_rescale": 4.09487989401957},
{"mapping": [6, 3, 8, 9, 7, 5, 4, 11, 1, 2, 0, 10, 13], "R": [[-0.09077336747805967, -0.6415717402017285, -0.7616730912479575], [-0.7492319597928125, 0.5478491347272595, -0.3721730726471419], [0.6560576698596814, 0.5368864197883192, -0.5304161630881606]], "T": [0.16800458217394534, -0.12030875430772449, -0.14427243769449016], "aligned_model": [[-0.0009972093852437525, -0.4294636376268226, 0.7112157750548772, 0.841682709634557, 0.2574720511222956, -0.43542931658356376, 0.19892510620131018, 0.4447740035558807, -0.4907452011052309, -0.30516777791147975, -0.14905654229919604, 0.20682375012635737, 0.06743170877272192], [-0.47072610760952865, -0.5556105236337169, -0.6444674366214648, -0.03692307863653925, 0.2641332221501955, -0.09845271565075646, -0.670524739027357, -0.19712261433660644, 0.0562450828806461, 0.5519930232464918, -0.2673980427134607, 0.5679412372410747, -0.05815628250456261], [-0.6691439715118683, -0.0032080371842309052, -0.2380853089445712, -0.011496555427383481, -0.6262451704467973, -0.4951000244848244, 0.16503992269980516, 0.5121279657341843, 0.16617604742069492, -0.19751197101802614, 0.5754733318526188, 0.3724860845613366, -0.035629276730428414]], "inverted": true, "swapped": false, "error_lsq": 0.05493847531648252, "error_max": 0.37362879954587297, "target": "1108.xyz", "model": "20.xyz", "model_rescale": 4.067790424073018, "target_rescale": 4.09487989401957},
{"mapping": [5, 1, 8, 2, 4, 13, 7, 0, 10, 11, 12, 3, 14], "R": [[0.336996820980884, 0.333115113257363, 0.8806063047516255], [0.12473167703898906, 0.911276481431232, -0.3924502301354342], [-0.9332069177796636, 0.24209398115163488, 0.265547270553347]], "T": [0.08902895726916302, -0.07074690602544656, -0.0744688525987357], "aligned_model": [[0.03647484329056455, -0.330150439043965, 0.3520399785120689, 0.7687264434907416, 0.6527471474149624, -0.5151956864028615, 0.19213696778117104, 0.6185516836105216, -0.7114771882080696, -0.29993559402587566, -0.18892479689126382, 0.3253115421077045, 0.017160517920764534], [-0.2838140832119689, -0.7666698037431044, -0.5394637830368638, 0.23055192384730203, -0.07986332897601683, -0.003865609025565986, -0.7468483197512081, -0.24145757845065466, -0.16966349719884, 0.4248174223202048, 0.09658030416728033, 0.5977593711946078, -0.07713199335075727], [-0.6224711919802182, -0.18972966735222704, -0.2649881131328908, -0.04360991742087045, -0.6442154521213741, -0.4216906508318343, 0.2237250000123946, 0.3670303865049201, 0.06937912478533456, 0.07097814216678278, 0.6196184489526841, 0.39565338051752674, -0.04479645357971847]], "inverted": true, "swapped": false, "error_lsq": 0.047531782877256595, "error_max": 0.289429897283135, "target": "1108.xyz", "model": "21.xyz", "model_rescale": 4.186013935880536, "target_rescale": 4.09487989401957},
{"mapping": [1, 7, 0, 5, 2, 9, 6, 3, 10, 11, 4, 11, 12], "R": [[0.7897798946559201, -0.40791406524790697, -0.4580980608671146], [0.5961292031113677, 0.6863602697721617, 0.41658078841455415], [0.144491145732498, -0.6020927631613023, 0.7852430282108199]], "T": [0.06035430557441368, -0.08954545014186562, -0.11943667150548914], "aligned_model": [[-0.057900782292454656, -0.3925841463230164, 0.48975193851512944, 0.8186823789330236, 0.5358585778362032, -0.4020546432000735, 0.22219296509570363, 0.5951386947434419, -0.7511081967832168, 0.023204281934203208, -0.2583429715594384, 0.023204281934203208, 0.07142304072275521], [-0.5392742795072321, -0.6643227336694837, -0.6143936993646436, 0.05682840312189617, 0.12027011768939604, 0.15913125006886691, -0.4972678461380471, -0.0872975997566078, -0.11071643802641919, 0.4462152719920424, -0.1896466682603194, 0.4462152719920424, -0.08481002535707635], [-0.6841338914062094, -0.0665067837838527, -0.3683150135103064, -0.07413761685979536, -0.6481826572315492, -0.45078033464680733, 0.22323451944099182, 0.6331184819592541, 0.07390196709877545, 0.2130483703745099, 0.525565607906868, 0.2130483703745099, -0.07497798319587903]], "inverted": false, "swapped": false, "error_lsq": 0.053652155866858404, "error_max": 0.4093509393511367, "target": "1108.xyz", "model": "22.xyz", "model_rescale": 4.166573947596378, "target_rescale": 4.09487989401957},
{"mapping": [6, 12, 13, 7, 5, 2, 14, 10, 11, 3, 9, 8, 15], "R": [[-0.8367366425596906, 0.34185457700713007, 0.4277934538737276], [-0.521749064841703, -0.7349028342262659, -0.433238661228439], [0.16628200243786234, -0.5857074973273587, 0.7932824359834126]], "T": [0.017301065966128987, -0.011964610700609626, -0.05439243949273992], "aligned_model": [[-0.14449178864437742, -0.3101027498730712, 0.6612263250321186, 0.7205412072852212, 0.6413921651885991, -0.42149282234945096, 0.1697345571411178, 0.6296915548191389, -0.7156872214161957, -0.44604397345990043, -0.13900074410741955, 0.22936526144644195, 0.04233364849424143], [-0.31012264775158016, -0.5757354726053022, -0.557626387941785, 0.1171690180064827, -0.18261333909489502, 0.20641848064705193, -0.7045006292355449, -0.26827767243762185, -0.2089351271569253, 0.3417839486234077, -0.03588129514099979, 0.6208397400100341, -0.001587591137907178], [-0.7355917415371267, -0.12035084964935382, -0.12092532226918612, -0.06733296593713195, -0.5763611095966534, -0.5154542446549384, 0.29651446699419476, 0.2923390656368759, 0.16013987423566492, 0.09257688802677286, 0.5247853420693684, 0.4024079227423993, -0.1178642895403761]], "inverted": false, "swapped": false, "error_lsq": 0.0480042726786368, "error_max": 0.3710606878001089, "target": "1108.xyz", "model": "23.xyz", "model_rescale": 4.274766983524099, "target_rescale": 4.09487989401957},
{"mapping": [11, 7, 10, 9, 6, 1, 5, 0, 4, 2, 12], "R": [[0.7750789384327983, 0.45310476196904, -0.440396087492687], [0.6318644107498248, -0.5557199780410362, 0.5402986881659506], [7.500442282332154e-05, -0.6970447479803934, -0.7170276240754512]], "T": [-0.07995576041071009, -0.019823134777707363, -0.08218772844900643], "aligned_model": [[0.278416449678512, 0.08260801489542832, -0.5272037393040644, -0.21667433822216867, -0.3315148466241781, -0.6617231236185078, -0.1885714336584576, 0.06434660826686062, 0.6836007718557616, 0.21329185986662205, -0.01668151917773325], [-0.06597783262727094, 0.7481629989236727, 0.2879879800373652, -0.3984201522179166, 0.5697386940061044, -0.013527985167033282, -0.5592640319937351, -0.14953347741877213, -0.14057353905579734, 0.6036908795145564, 0.03330299724230999], [-0.730484270228733, -0.23753578060543015, -0.5067676995896487, -0.37116439651974775, 0.1681854829528238, 0.43003941583554317, 0.19221405168371938, 0.6385842072782417, 0.2890715733732564, 0.5293851186225271, -0.021961268780974597]], "inverted": false, "swapped": true, "error_lsq": 0.05744573706621819, "error_max": 0.2942448506811536, "target": "1108.xyz", "model": "24.xyz", "model_rescale": 3.7841303162186577, "target_rescale": 4.09487989401957},
{"mapping": [14, 12, 11, 7, 10, 9, 3, 6, 2, 8, 4, 0, 15], "R": [[-0.9180354465566435, -0.3571174712064267, 0.17227312798191008], [0.18680582150464065, -0.00632085958966172, 0.9823765224118624], [-0.34973490520324224, 0.9340380926349713, 0.0725143957383933]], "T": [0.07219213175787413, -0.0739538834168049, -0.036058515951613315], "aligned_model": [[-0.10260572044612494, -0.4182454560535724, 0.7096437911382154, 0.6770551257204831, 0.3987594078619332, -0.3414353380857643, 0.12172526399922348, 0.4808395354663291, -0.6635109766245688, -0.24896201870878687, -0.16454467185814176, 0.36218924265744196, 0.10655723448979654], [-0.3708915240586209, -0.6072845118614778, -0.4886154299043809, 0.16364455889916144, 0.16884389187880097, -0.03402472279822605, -0.7651748990802096, -0.29017940151551636, -0.03691035454766492, 0.406205900864251, -0.1882416239172365, 0.590952360768837, -0.10739321994330207], [-0.7506022240237664, -0.2601150259053204, -0.1415988067436484, -0.058268847868869184, -0.6991257521853746, -0.44771211650573134, 0.3747478422620386, 0.5191714157058144, 0.125687399646137, 0.0894977536491924, 0.6622239061695032, 0.08695087988643128, 0.014026612434102831]], "inverted": true, "swapped": false, "error_lsq": 0.04540721604192721, "error_max": 0.23105731917301398, "target": "1108.xyz", "model": "25.xyz", "model_rescale": 4.19342608120988, "target_rescale": 4.09487989401957},
{"mapping": [0, 6, 3, 9, 4, 5, 11, 8, 7, 1, 10, 12], "R": [[0.27359177227044695, -0.6498390436561572, 0.7091239380291481], [-0.5516363752986628, 0.4979414175855431, 0.6691424766820986], [-0.7879370860628843, -0.5742504349088042, -0.22224217964594453]], "T": [-0.07501295661213181, 0.06700146336218299, -0.07514482748114286], "aligned_model": [[-0.2909136852239991, 0.551095356343222, 0.07984014724472463, -0.3522479688311676, -0.507717836055622, -0.5421090361797123, -0.22282391852126757, -0.17583416300949384, 0.5737942245976311, 0.13196032610019776, 0.4073683758949343, -0.05460326772766704], [-0.5664762823877145, -0.17059622399551277, -0.4344554042470283, 0.47371192869451256, -0.5873596095217504, 0.03630562965540424, 0.43728688021043777, 0.4506919942962777, -0.08781933949791554, -0.06930791245666051, 0.5590312031293722, -0.02823643613844204], [0.25538951407887905, 0.08324579160221175, -0.661004784279308, -0.018026255967593476, -0.42157054951929923, 0.32356459208396543, -0.7011559558090511, 0.6119248313240896, -0.5172335748165279, 0.6593286951535663, -0.05897157316990302, -0.1062322694716079]], "inverted": false, "swapped": true, "error_lsq": 0.05190213885260029, "error_max": 0.3494565098990431, "target": "1108.xyz", "model": "26.xyz", "model_rescale": 3.795458400668931, "target_rescale": 4.09487989401957},
{"mapping": [10, 11, 4, 3, 7, 5, 9, 2, 8, 6, 1, 0, 12], "R": [[-0.11966399360224937, 0.0243214829361888, 0.9925164956326648], [0.2952580332699312, 0.9553398108630979, 0.012187681060501082], [-0.9478940987392702, 0.29450689507691497, -0.12150089023304322]], "T": [0.026857242539152858, -0.21465605694068504, 0.04421893795602933], "aligned_model": [[0.08927989415125534, -0.24881094637184933, 0.4125409785733042, 0.7348984221335728, 0.296087073223328, -0.37472561799080545, 0.2623768063600786, 0.565017992740727, -0.7014844647565314, -0.471189143399942, -0.20668253779280946, 0.5053376381916149, 0.05481932449452001], [-0.3312378238727562, -0.8355043978946348, -0.8130890279582417, -0.0853735808254894, 0.27563907965283485, 0.16150225232903606, -0.4574053962342615, -0.07736035364424054, -0.2041431355784602, 0.44277281941245217, 0.01999509840467778, 0.43644512869687835, -0.09130963770337999], [-0.6559228567498304, -0.17967607960932516, -0.3939468041946143, -0.12022037673459807, -0.545131616410324, -0.46968436070642855, 0.30875170236441263, 0.7271302138169687, 0.05685009008921298, 0.07461679422787386, 0.5348829542123821, 0.24017033277254124, -0.06293695655776113]], "inverted": true, "swapped": false, "error_lsq": 0.0602001331680519, "error_max": 0.3302978044619072, "target": "1108.xyz", "model": "27.xyz", "model_rescale": 3.6321398670334006, "target_rescale": 4.09487989401957},
{"mapping": [1, 4, 13, 11, 2, 3, 6, 9, 7, 8, 12, 10, 14], "R": [[-0.28000294677459114, -0.04667020333402777, -0.9588640372431882], [-0.6767579359480829, 0.7180076953415945, 0.162676505868374], [0.6808796119203722, 0.6944687477136845, -0.23262870098109314]], "T": [0.05309036040248709, -0.00465879356093947, -0.060269614912342624], "aligned_model": [[-0.008935569184308587, -0.3449776012913465, 0.6698617827878085, 0.6708418601105746, 0.500025005802952, -0.45573095181590256, 0.128847568596119, 0.5038248550748331, -0.6995262902136673, -0.23662440825815007, -0.29627937539588384, 0.40267810504246354, 0.08346043830097194], [-0.35867060571960374, -0.7055440756437221, -0.5380499207562067, 0.12658842739668397, -0.07936421620919691, 0.22294044949217567, -0.7018556744413939, -0.0853741574574882, -0.10909391720026704, 0.300711633023712, -0.20236613637692313, 0.6202357890398352, -0.049226570363190086], [-0.6242692754240643, -0.25202198541056114, -0.09982021379781789, -0.17724434730367034, -0.7145724395280718, -0.4613425967451483, 0.2745210537718947, 0.4264496127371738, 0.09318678335640507, 0.23947005744015848, 0.6624767618788312, 0.24299067333909474, -0.09494104779371479]], "inverted": false, "swapped": false, "error_lsq": 0.046346334900122424, "error_max": 0.23881208344261176, "target": "1108.xyz", "model": "28.xyz", "model_rescale": 4.156811204709835, "target_rescale": 4.09487989401957},
