[{"mapping": [11, 1, 13, 15, 14, 2, 6, 12, 9, 10, 0, 5, 1, 16], "R": [[0.8219304278189203, 0.31041624078082, 0.47756897856216607], [-0.5613069567645481, 0.29897550378439597, 0.771717661081168], [0.09677226933956004, -0.902361017329744, 0.41997585917585906]], "T": [-0.07794270705610068, 0.15467170810275832, 0.001537237506850836], "aligned_model": [[0.04592640300809511, 0.4812242133657629, -0.6636801037995583, -0.2605006846116187, -0.6116986888791094, 0.005034863741944187, -0.7573671018507249, -0.005659738461209485, -0.4231203330987227, 0.3336313991376662, 0.6256608096001255, 0.19409957591922988, 0.4812242133657629, -0.07328272630933949], [-0.5413060631794777, -0.2120853596178942, -0.33353844094930574, -0.4304623754280089, 0.23452030350596023, 0.40018368733943577, 0.14651498893389187, 0.3809423596957425, 0.7419206861944353, -0.04150588337059491, 0.36762414060330695, 0.6566924745882083, -0.2120853596178942, 0.07785817311222937], [0.3740391555677448, -0.12841716730730426, 0.3923054178427734, -0.28057830598025835, 0.613822650758909, -0.6580176136329425, -0.00942964735177551, 0.5124306263529553, 0.10255902765892563, 0.6991934493471793, 0.37504843267020704, 0.018686560861957746, -0.12841716730730426, 0.014362667698766284]], "inverted": true, "swapped": true, "error_lsq": 0.04958287199708854, "error_max": 0.34231577356927984, "target": "1109.xyz", "model": "0.xyz", "model_rescale": 3.8414455957264533, "target_rescale": 4.411966658274286},
{"mapping": [2, 4, 0, 9, 5, 12, 10, 3, 11, 1, 14, 8, 13, 15, 16], "R": [[0.4902214810650549, -0.8715972929374854, 0.0010288082578518432], [-0.07280510054587747, -0.04212471386322844, -0.9964561835908521], [0.8685518504020867, 0.4884093236476844, -0.08410716816730174]], "T": [-0.05556429965019115, 0.0482847678222292, -0.04357610496484383], "aligned_model": [[-0.7261891726494532, -0.6204997767694804, 0.23564253877398017, -0.33128873565164113, -0.27367109877827933, 0.25926699596527597, 0.6861661176638698, -0.3965996008991532, 0.6440147417521882, 0.1064969136217344, 0.34167555918746884, -0.5014621218923292, 0.4538295072036199, -0.0021856052681145516, -0.003152108755141547], [0.07648536436871853, 0.11374103665768567, -0.6403280500245512, -0.23641392804445824, -0.4795083395323843, -0.35696693320701994, -0.30263018564076244, -0.3604954181422528, 0.35147220757461295, 0.06343873743419105, 0.044788159163160327, 0.7046701845967271, 0.5799252877766933, 0.6912124956941844, 0.09765390936847015], [0.18367049442761435, -0.4709248698184282, 0.30417125221186186, -0.6067253266096568, -0.0297988409524265, -0.27614352358113886, 0.1023614353462659, 0.4887540177323331, 0.1954904855764783, 0.6179169481396877, -0.7565648439218297, -0.24585975598924012, -0.48176958440722295, 0.15414375361048752, -0.01353985442525081]], "inverted": true, "swapped": true, "error_lsq": 0.046121347142561255, "error_max": 0.26399058551430493, "target": "1109.xyz", "model": "1.xyz", "model_rescale": 4.316132596720782, "target_rescale": 4.411966658274286},
{"mapping": [8, 6, 4, 1, 2, 15, 5, 11, 9, 13, 12, 16], "R": [[0.6597833904121946, 0.6739416657039037, -0.3323981181722272], [-0.7053734639453539, 0.402919564264419, -0.5831844486049879], [-0.2591025937691914, 0.6192402247603258, 0.7412202034084465]], "T": [-0.07320450479856186, 0.13567582708703047, -0.1112425661146427], "aligned_model": [[-0.17014374007100552, 0.3185582819414625, 0.15830884969598819, -0.6495343058770418, -0.4690197493290754, -0.4068244350775079, -0.009188021110298816, -0.18792417841105002, 0.45028513686041394, 0.33356842347782967, 0.32959175512397765, -0.09986946259191176], [-0.653575801133488, -0.3693630344446183, -0.45545352158188673, 0.482042815906482, -0.2661341279388823, -0.1502840825695822, 0.31344062480434404, 0.5247642934778607, -0.08800097599369827, 0.0030551358430624953, 0.5194169349458597, 0.15286816642552736], [0.08438465776364809, 0.11954300566498569, -0.43222736807991546, -0.001970390366608482, -0.5402566254479171, 0.40083473561375094, -0.6503413692197132, 0.5771874269231428, -0.4987237149657978, 0.6311082643016177, -0.2003112206433434, -0.03996894033442902]], "inverted": false, "swapped": true, "error_lsq": 0.04138696882869141, "error_max": 0.1919223758702286, "target": "1109.xyz", "model": "2.xyz", "model_rescale": 3.795458400668931, "target_rescale": 4.411966658274286},
{"mapping": [13, 12, 9, 3, 15, 7, 5, 11, 0, 1, 8, 16], "R": [[0.9758089313244184, -0.11876785537645052, -0.18355142624554927], [-0.06222927056141389, 0.6539532412233823, -0.7539712701282637], [0.20958160089304384, 0.7471541707189431, 0.6307425764481082]], "T": [-0.05340356129388555, -0.008608013096573337, 0.03264863647010942], "aligned_model": [[-0.047699155536192465, -0.10483677850707634, -0.7003789966058912, 0.12895950245953824, 0.2119378105481752, 0.2560855833974178, -0.23086208940314137, 0.58140782888874, 0.3154442043474432, 0.575119881412328, -0.3989057300603738, 0.007031764802597755], [-0.0717659469269723, -0.569502237375046, -0.23530741286782625, 0.07374728183722234, 0.49253288199637, 0.5549095252424363, -0.25732084240538955, -0.12983884177026947, -0.5708791730804705, 0.12246022132812354, 0.6710258054144816, 0.005707783897049786], [-0.8218194749849151, 0.018952526584027532, 0.09779866426644608, 0.7584192579757959, -0.3330701768414233, 0.4009875931341631, 0.5153248761371421, -0.4372490955733862, 0.5098485196459438, 0.26034566947942506, -0.2662016317579914, -0.014565297426127104]], "inverted": true, "swapped": true, "error_lsq": 0.038792530369093754, "error_max": 0.2289312059696139, "target": "1109.xyz", "model": "3.xyz", "model_rescale": 3.7530521520055578, "target_rescale": 4.411966658274286},
{"mapping": [13, 4, 8, 2, 15, 5, 11, 12, 10, 1, 16], "R": [[0.33729267735707213, 0.8059076183451549, -0.48656609057201916], [0.10132036246755155, 0.48277445046815826, 0.8698637905583908], [0.935931532725948, -0.3426977395145876, 0.081181434951902]], "T": [-0.08248169336174958, 0.04999764988081841, -0.03535181290575423], "aligned_model": [[-0.44844606038786594, -0.061770732891695976, 0.2899049857393853, 0.4553755805140539, 0.30676634923472534, -0.180226604371033, -0.15538187620480265, -0.5936931997478381, -0.5246600351044463, 0.3180895805533011, -0.0677583848885791], [-0.7239651469080904, 0.0934909367263145, -0.4227536764174276, 0.3300067017028734, -0.49530470035421065, 0.6063063379468262, -0.42028272418119966, 0.23764727996495594, 0.1258618840882645, 0.14223527556850435, -0.006038809822463832], [-0.0008715345113795431, -0.7451003411715942, -0.5907072877302582, -0.4020649088034778, 0.04483421404748503, -0.12074811818104836, 0.6065268567972257, 0.1091670514532391, 0.6670198937187923, 0.5078805626659666, 0.01689438896036604]], "inverted": true, "swapped": true, "error_lsq": 0.04136386862466354, "error_max": 0.19940368546842624, "target": "1109.xyz", "model": "4.xyz", "model_rescale": 3.7855080009869324, "target_rescale": 4.411966658274286},
{"mapping": [14, 13, 1, 12, 0, 2, 5, 11, 4, 3, 15, 8, 9, 7, 10, 6, 16], "R": [[0.4086010838830456, 0.0949979882342853, 0.9077557691808071], [-0.4584173640398348, -0.8386609875672106, 0.29411097952908943], [0.7892393012238872, -0.5363050719173086, -0.29912906117493937]], "T": [-0.03491023734001804, 0.02377215957832528, 0.018499714067720517], "aligned_model": [[-0.3207392958807988, -0.7451880852056575, 0.2140527907657549, -0.39842329917196945, 0.657960367618381, 0.2670377433320738, 0.7135879089604309, -0.45700860746530286, 0.3562071643568489, 0.5058829463787726, -0.5294508357013649, -0.46296961488066063, 0.10200288593179825, 0.23149043086578974, 0.14034209843647327, -0.23596769839626486, -0.04398474271511822], [-0.057686326671246735, -0.05136517695133004, -0.6892185457315732, -0.5112203101058718, -0.3333621241768835, -0.2503969138337479, 0.2792735164812941, -0.563638846907175, -0.25773215638866426, 0.18348839125255756, 0.5859949400169421, 0.5256680859774777, 0.3735757599540361, 0.3735573158993904, 0.7309834281283524, -0.07727145500142318, 0.023351816311883836], [-0.5892532479526125, 0.1398562069553414, 0.0710887221156703, -0.1929395780917932, 0.047813729005108906, -0.5974908895384569, 0.19046722909552072, 0.3489804301429696, 0.5795552211676837, -0.38702471575410596, -0.32596109417340247, 0.26380671015033164, -0.5863194796498638, 0.6251713717812284, 0.00834518231928933, 0.6312338761423003, -0.03445525604388272]], "inverted": true, "swapped": false, "error_lsq": 0.04425725906234213, "error_max": 0.3400274334213206, "target": "1109.xyz", "model": "5.xyz", "model_rescale": 4.2253639853439635, "target_rescale": 4.411966658274286},
{"mapping": [1, 2, 9, 12, 5, 6, 14, 10, 8, 15, 4, 13, 11, 16], "R": [[-0.9495501794822294, 0.30682192740787295, 0.06492119458993426], [0.0010655129733093405, -0.2038516933120369, 0.979001201130989], [0.31361333091463106, 0.9296799406223271, 0.19324048922805215]], "T": [0.06993926027754759, -0.08652431330074303, -0.09923016570816136], "aligned_model": [[0.6388737660655045, -0.26668299321458205, -0.5176727438860539, 0.13900001387744798, -0.08500441543014704, -0.37279268617180744, -0.12404806058211428, 0.7098250435293225, -0.38888903249127077, 0.24902879703794134, -0.6342595276375801, 0.14963776092907047, 0.7478431095372294, 0.12920312119482255], [0.01880365777688353, 0.10205315343978669, -0.41434073548402206, -0.5769211274584022, -0.5553324902476541, 0.20092406644712793, -0.29012915495233793, -0.532377914999723, 0.5915135467247425, 0.5614183411248236, 0.0006722535079478342, 0.25699371427227147, 0.12456176096200455, -0.04273992447845892], [-0.4587939091253854, -0.6936189344091652, 0.047271997366173366, 0.1694273617577423, -0.3865232279051262, 0.3287489990260962, 0.6669804198377911, 0.19464707473279436, -0.08115762208021732, -0.0409571431807748, -0.14987016072578954, 0.681654417358078, 0.2673422472164583, -0.07359331093722601]], "inverted": false, "swapped": true, "error_lsq": 0.046139549465421405, "error_max": 0.254797773349618, "target": "1109.xyz", "model": "6.xyz", "model_rescale": 3.89814844738969, "target_rescale": 4.411966658274286},
{"mapping": [1, 10, 11, 3, 15, 12, 5, 7, 2, 9, 13, 8, 16], "R": [[0.48516634604129383, -0.22097143029705105, -0.8460409231599941], [-0.4795373277685162, -0.8763088795444329, -0.04611614585165805], [-0.7312028227144438, 0.4280822054513084, -0.5311196262899476]], "T": [-0.13724106948013326, 0.14046949589187158, -0.001531227308608215], "aligned_model": [[0.19918349446482586, -0.04919459754651684, 0.5029386918395579, -0.4129756566382101, 0.4870270481213236, -0.42255363913404465, -0.656855388523554, 0.10656429922807323, -0.3148735713322023, -0.7048917145435042, 0.3474024843115951, 0.12969818127679478, -0.06283783061991609], [-0.3281356047190658, 0.36858486819958874, 0.3450547638114094, -0.5354570501565026, 0.07820500327056618, 0.454679474072429, -0.04857997687512172, -0.5449421697300294, -0.40177103553611954, 0.4345683528421994, 0.8407378502504292, 0.1520934275685884, 0.14874336247211392], [-0.36387679634951825, -0.7982835589034619, -0.4337360801886788, -0.18558398729279976, 0.24688564220818604, -0.3720769293442898, -0.14501366279173833, 0.1391063370625161, 0.4187019356244889, 0.25438470688721, 0.09271353910508201, 0.7725447891936325, -0.023490904374332915]], "inverted": true, "swapped": true, "error_lsq": 0.04706380668388065, "error_max": 0.2478850093162862, "target": "1109.xyz", "model": "7.xyz", "model_rescale": 3.7474275329858107, "target_rescale": 4.411966658274286},
{"mapping": [2, 1, 0, 5, 10, 9, 4, 6, 12, 14, 8, 13, 15, 11, 16], "R": [[-0.7716812977212697, 0.5862941844420841, -0.2465098457194123], [-0.3726494993274057, -0.10270927945101965, 0.9222706514715115], [0.5154030708079367, 0.8035607837643919, 0.29774106434569175]], "T": [-0.03128887369826038, -0.059662001324627116, -0.09426437860376014], "aligned_model": [[-0.5531384701532731, 0.3489030414542083, 0.5448745440449368, -0.07404215491740926, 0.7787701023411489, -0.40218001009079246, -0.7071687945077233, -0.4229050243646154, 0.2766172224001074, 0.06411981515395498, -0.6833017690478024, 0.11538453280027405, -0.0901701039159036, 0.5938290894018443, 0.012561701739791313], [0.006107348102183198, 0.2673290296217427, -0.48701151859162833, -0.5419948489051108, -0.236843129980457, -0.5919747387341716, -0.24656465780773792, 0.02195477450197853, -0.4952909702497564, -0.3479780995298888, 0.39048226169437583, 0.26136429065394484, 0.6051379014549445, 0.38185368156930544, 0.002546638179868617], [-0.5691553157903997, -0.5553473562564292, -0.500866599720919, -0.3973371983855822, -0.01051245211182103, 0.13659764168689398, 0.02539059582644529, 0.4550805087976608, 0.08699931744857123, 0.6633210510397531, 0.11270104236133299, 0.6864828596423279, 0.0050964826440572375, 0.13546965778268796, -0.07712557926831873]], "inverted": false, "swapped": true, "error_lsq": 0.039906541081062834, "error_max": 0.25260662660038424, "target": "1109.xyz", "model": "8.xyz", "model_rescale": 4.019505241142653, "target_rescale": 4.411966658274286},
{"mapping": [1, 11, 15, 7, 3, 2, 6, 0, 5, 12, 13, 9, 16], "R": [[-0.6119135281219451, 0.7881048621785283, 0.06672750791028069], [-0.696525625710195, -0.4969882305159391, -0.5175468591902159], [-0.3747184100499666, -0.3631713437748068, 0.8530490538242372]], "T": [0.04576552049512812, 0.0012191898388271838, 0.04985251516255898], "aligned_model": [[-0.21565589126058277, -0.6976863256619145, -0.072447589141868, 0.29689783839489475, 0.32383764079138583, 0.6714121299150908, 0.2026139824904361, -0.256549801866721, 0.28800210296016465, -0.20717878154443448, -0.41954472679057886, 0.4192486768496176, -0.013248483394313594], [-0.5070565311789421, 0.05084228234350807, 0.22471510914225737, -0.4110774560749102, -0.6980657171504743, -0.2261163212039847, 0.6624186270388076, -0.6563377093418581, -0.3397530873292352, -0.021075325354095537, 0.7123175631979208, 0.261725107868105, 0.010841686156960316], [-0.32079715210727866, -0.2387704129670097, -0.5757461785063498, -0.5122446013291982, 0.028447108443095143, -0.19316784696065634, 0.04558905538450883, 0.4450001208447917, 0.4389351507543985, 0.552801244901378, -0.05952159293096962, 0.5664387678511881, -0.00026016933401903225]], "inverted": true, "swapped": true, "error_lsq": 0.047728779339560067, "error_max": 0.25652131214769835, "target": "1109.xyz", "model": "9.xyz", "model_rescale": 3.877068213659057, "target_rescale": 4.411966658274286},
{"mapping": [14, 6, 2, 15, 8, 13, 1, 4, 9, 5, 0, 12, 11, 7, 3, 16], "R": [[-0.7453173776268472, 0.5963089267598577, 0.2981906612788974], [-0.24081539125815377, 0.176280554710586, -0.9544281603997811], [-0.6216992471771393, -0.7831607944077861, 0.012215406744904955]], "T": [0.006410310154853226, 0.055022377093939014, -0.05690062899657053], "aligned_model": [[0.08517324507962823, -0.18586085612384684, -0.4927817291253246, 0.30130611568327254, -0.2893246444160406, 0.4325667535405068, 0.4060145235732902, -0.6388042832269744, -0.5285119994812633, -0.32276348381135295, 0.21208569319086346, 0.08772012027642552, 0.7977810343211766, -0.02468371948833877, -0.2019729161919286, 0.07746467151700133], [0.13619438180820864, -0.36283673359905194, -0.14522526588481066, -0.539913692269291, -0.7061074189621795, -0.3358135977480516, 0.11295287375189866, -0.1802239237939872, 0.2293798399158382, 0.5034281864156595, 0.8111707131675129, 0.5204280641425062, -0.035396005278047614, -0.20709358444899936, 0.37770693334127453, 0.02314810657506875], [-0.8652150352356611, -0.5571304512801232, 0.4044909620267627, 0.06304114024147857, -0.11860661660551308, -0.6891783724562707, 0.49175870895633234, -0.24242930512350408, -0.45397991035929985, 0.07311012645478801, 0.19972086413567589, -0.3638559210648217, -0.1204866853912807, 0.6354414235459167, 0.5905812509063995, -0.0522278516408378]], "inverted": false, "swapped": true, "error_lsq": 0.04071589215049847, "error_max": 0.27050252581973117, "target": "1109.xyz", "model": "10.xyz", "model_rescale": 4.260839863003843, "target_rescale": 4.411966658274286},
{"mapping": [10, 5, 9, 12, 6, 13, 11, 1, 2, 8, 15, 16], "R": [[0.8855746779996629, 0.4589538226356878, 0.07154633724994537], [0.3037146038665716, -0.4555873447888745, -0.8367781131616641], [-0.3514469079163519, 0.7627591755962775, -0.5428475945969756]], "T": [0.046679335812302235, -0.09088264279764581, -0.024432990477013847], "aligned_model": [[0.2705427777837217, 0.13468812571518055, -0.4745889312123681, -0.10932101550234077, -0.5621133596528357, -0.4509996815096312, 0.2595975299868397, 0.7029648606100114, 0.24374673122877977, -0.2700825428783992, 0.14399561891541238, 0.07046853560975994], [0.03816846289692248, -0.6467768396528369, -0.5406181802916386, -0.2819517695086795, 0.11389954346598806, 0.5796039391502285, 0.5690782939732839, 0.08391157611128015, -0.40764496328377664, 0.1888506600394858, 0.49449552308234535, -0.017937740449668074], [-0.8167927911184897, -0.1222187144000869, -0.009211361662879405, -0.5309818719242552, 0.19746794014411173, -0.21652816868203967, -0.42142631287931853, -0.07737475022050169, 0.5780618931944559, 0.6769916670582337, 0.2967529910189906, -0.038562443132715965]], "inverted": true, "swapped": true, "error_lsq": 0.04227128364867846, "error_max": 0.2631161542046125, "target": "1109.xyz", "model": "11.xyz", "model_rescale": 3.890672605050136, "target_rescale": 4.411966658274286},
{"mapping": [5, 9, 4, 3, 2, 11, 12, 1, 0, 13, 8, 6, 15, 16], "R": [[0.036028983515521376, -0.980658697022782, -0.1923809561791865], [0.8304845103267586, -0.07769789586792293, 0.551596333458646], [-0.5558753371522815, -0.17964285939406888, 0.811622481585226]], "T": [0.06457785229872634, -0.04602274404307942, 0.08916808626998718], "aligned_model": [[0.38235233329610896, 0.12766354163508706, 0.3578400932762976, 0.6859020664440612, 0.7410567913621543, -0.5122931043809957, -0.21700515864978712, 0.20516329888437598, 0.11928218844751162, -0.6912756422736558, 0.21498632971017698, -0.17946015051700048, -0.044786851827568225, 0.02045009938692719], [-0.2713901621852488, 0.27100839436343743, 0.5344857089279046, -0.4710342377563093, 0.1451612070262689, -0.3469058122126498, -0.29347629818834986, -0.5352284111298773, -0.8238449344543068, 0.31354210406806843, 0.6931274076507684, 0.5840146120732709, 0.19280660108249514, -0.06011365943770633], [-0.3286295430523719, -0.518882742984684, -0.1990519291796527, 0.0790129006857837, 0.17860495072431834, 0.5530382967108145, -0.3314422281231618, 0.5419153518014292, -0.17900599111570825, 0.2722960008264925, 0.4079465389295162, 0.016348473851530654, 0.7106971653594827, 0.15194319092307212]], "inverted": false, "swapped": true, "error_lsq": 0.0425825105492703, "error_max": 0.28712786889436154, "target": "1109.xyz", "model": "12.xyz", "model_rescale": 4.124412569039231, "target_rescale": 4.411966658274286},
{"mapping": [13, 4, 7, 14, 15, 11, 9, 10, 5, 12, 1, 3, 16], "R": [[-0.7736179662708226, -0.5517191488479217, 0.3116427811734478], [0.4362965972651496, -0.820458960930624, -0.3694487415643649], [0.459522057661924, -0.14984349910211572, 0.8754349800521943]], "T": [0.11282336874360985, 0.18228633000517142, 0.04174471802915299], "aligned_model": [[-0.24031344115871425, -0.22796499864385336, 0.7916331213096592, -0.6183745961668385, 0.44719526297478307, 0.34284900362421833, -0.46972874422877764, 0.09735886775506937, 0.026484523723014075, -0.2379104134141565, 0.7398638347682488, 0.5682599485512626, 0.14794593841584242], [-0.4838724972355833, 0.6865861109214488, 0.4380063957560071, -0.1786676435729837, -0.10760582237142141, -0.5820374640401347, 0.5491695075701222, -0.37768322296327367, 0.580472436261328, 0.04241575115044635, 0.020021548628521568, 0.6456566619943438, 0.11502361440965625], [0.44876318041817237, 0.4099954517431876, 0.1928529623025297, 0.0767652644256755, 0.5511134126839211, 0.004547424309168012, 0.026120135893284678, -0.5753436315305972, -0.35865430997375924, -0.3764147315974376, -0.1693404156020797, -0.3385803191052303, 0.05987365700100426]], "inverted": false, "swapped": true, "error_lsq": 0.04659278229265687, "error_max": 0.23848364911142328, "target": "1109.xyz", "model": "13.xyz", "model_rescale": 3.9028299243045295, "target_rescale": 4.411966658274286},
{"mapping": [3, 4, 2, 5, 0, 1, 9, 12, 7, 14, 10, 6, 15, 11, 13, 16], "R": [[-0.6937741127028049, -0.15710396450910094, 0.7028483654949756], [0.6313734837295226, 0.3368241992873252, 0.6985105459602585], [-0.3464751139500236, 0.9283683552932938, -0.13448863261756655]], "T": [-0.005257870699997303, 0.0538270732477192, 0.02289580829109962], "aligned_model": [[0.05584619685336648, -0.3930895722404218, 0.044919027377716705, -0.3787318094306903, -0.13245432049396486, 0.5257612761168361, -0.6600475567078277, -0.37392399838988233, 0.5041078530500313, -0.45357467696223064, 0.026949376656038478, -0.1864949904761647, 0.5650997184559161, 0.5079225137548604, 0.11626215457512243, 0.05928807944189111], [-0.5978262560072981, 0.3922797841605752, -0.062328532356644324, -0.35066468393476247, -0.6992212836293271, -0.37012135730471774, 0.21151090365660502, -0.10573316614257114, -0.19371062451777998, 0.5109600764615414, -0.31934965115402586, 0.7069774913181274, 0.40977786847771025, 0.11505943482308462, 0.7340035857175866, 0.07063869255299629], [-0.34912019682857826, -0.4681234550945035, -0.674358926402235, -0.1295167517589743, 0.3337920859077014, 0.07140284792217964, -0.12063340337334678, 0.4179415099355032, -0.4548915726089627, 0.5290638951915819, 0.7674123680716141, -0.02560110566054783, -0.03446046968237306, 0.632307643106274, 0.5295811284709445, 0.06336451242805446]], "inverted": false, "swapped": true, "error_lsq": 0.04482605419497092, "error_max": 0.337823919240836, "target": "1109.xyz", "model": "14.xyz", "model_rescale": 3.942246331269136, "target_rescale": 4.411966658274286},
{"mapping": [6, 8, 4, 7, 1, 2, 12, 9, 14, 5, 0, 10, 15, 11, 16], "R": [[0.6691278076253758, 0.5367089674377219, 0.5140150399885128], [-0.4067959282269795, -0.314313187136332, 0.8577437223146266], [0.62192045298447, -0.7830394017315704, 0.008015328780293568]], "T": [-0.053161029363070364, 0.002324567767719982, -0.042410865548088386], "aligned_model": [[-0.7060533893225396, -0.5359267969106387, -0.35460225131647966, 0.37469683752185895, 0.4446733017754861, 0.2055781784170836, -0.046598866034787176, -0.2992018699037166, -0.6768775376280868, 0.2962087807510138, 0.5863315264610479, 0.16508312243040368, -0.277563256683532, -0.1362180287485691, -0.06523571427633457], [0.004347137873577695, -0.4470700597148355, 0.15400449750877332, -0.5423270144550306, -0.38074673180235885, -0.20271749401317748, 0.48972219081573476, 0.5387137461192066, 0.4479275473337547, 0.40638606411219874, 0.3819961328099851, 0.2586579556063396, -0.6300843319308156, -0.3294717334064056, -0.05119321697529628], [-0.23090964111404555, -0.5277633572284078, -0.6686615916001444, -0.3056625197132765, 0.22118711838433935, -0.6694561479035395, 0.240141404213559, -0.39732622448474847, 0.2379110485444766, -0.2448978921777369, 0.3137015237550104, 0.7199970086845983, 0.028307694330363703, 0.6797380407630516, 0.013056015907016535]], "inverted": true, "swapped": true, "error_lsq": 0.044664726305288026, "error_max": 0.31017222013980783, "target": "1109.xyz", "model": "15.xyz", "model_rescale": 4.355366556412066, "target_rescale": 4.411966658274286},
{"mapping": [8, 6, 4, 1, 2, 15, 5, 11, 9, 13, 12, 16], "R": [[0.6597833904121946, 0.6739416657039037, -0.3323981181722272], [-0.7053734639453539, 0.402919564264419, -0.5831844486049879], [-0.2591025937691914, 0.6192402247603258, 0.7412202034084465]], "T": [-0.07320450479856186, 0.13567582708703047, -0.1112425661146427], "aligned_model": [[-0.17014374007100552, 0.3185582819414625, 0.15830884969598819, -0.6495343058770418, -0.4690197493290754, -0.4068244350775079, -0.009188021110298816, -0.18792417841105002, 0.45028513686041394, 0.33356842347782967, 0.32959175512397765, -0.09986946259191176], [-0.653575801133488, -0.3693630344446183, -0.45545352158188673, 0.482042815906482, -0.2661341279388823, -0.1502840825695822, 0.31344062480434404, 0.5247642934778607, -0.08800097599369827, 0.0030551358430624953, 0.5194169349458597, 0.15286816642552736], [0.08438465776364809, 0.11954300566498569, -0.43222736807991546, -0.001970390366608482, -0.5402566254479171, 0.40083473561375094, -0.6503413692197132, 0.5771874269231428, -0.4987237149657978, 0.6311082643016177, -0.2003112206433434, -0.03996894033442902]], "inverted": false, "swapped": true, "error_lsq": 0.04138696882869141, "error_max": 0.1919223758702286, "target": "1109.xyz", "model": "16.xyz", "model_rescale": 3.795458400668931, "target_rescale": 4.411966658274286},
{"mapping": [1, 10, 11, 3, 15, 12, 5, 7, 2, 9, 13, 8, 16], "R": [[0.48516634604129383, -0.22097143029705105, -0.8460409231599941], [-0.4795373277685162, -0.8763088795444329, -0.04611614585165805], [-0.7312028227144438, 0.4280822054513084, -0.5311196262899476]], "T": [-0.13724106948013326, 0.14046949589187158, -0.001531227308608215], "aligned_model": [[0.19918349446482586, -0.04919459754651684, 0.5029386918395579, -0.4129756566382101, 0.4870270481213236, -0.42255363913404465, -0.656855388523554, 0.10656429922807323, -0.3148735713322023, -0.7048917145435042, 0.3474024843115951, 0.12969818127679478, -0.06283783061991609], [-0.3281356047190658, 0.36858486819958874, 0.3450547638114094, -0.5354570501565026, 0.07820500327056618, 0.454679474072429, -0.04857997687512172, -0.5449421697300294, -0.40177103553611954, 0.4345683528421994, 0.8407378502504292, 0.1520934275685884, 0.14874336247211392], [-0.36387679634951825, -0.7982835589034619, -0.4337360801886788, -0.18558398729279976, 0.24688564220818604, -0.3720769293442898, -0.14501366279173833, 0.1391063370625161, 0.4187019356244889, 0.25438470688721, 0.09271353910508201, 0.7725447891936325, -0.023490904374332915]], "inverted": true, "swapped": true, "error_lsq": 0.04706380668388065, "error_max": 0.2478850093162862, "target": "1109.xyz", "model": "17.xyz", "model_rescale": 3.7474275329858107, "target_rescale": 4.411966658274286},
{"mapping": [13, 6, 15, 9, 10, 0, 11, 7, 12, 1, 5, 2, 3, 16], "R": [[0.38612849591053977, -0.4033775924628245, -0.8295729639668593], [-0.07403779296831794, 0.8828658788204726, -0.4637523533384337], [0.9194689716669319, 0.24048775002783473, 0.3110344872008648]], "T": [0.008093904126663515, -0.01564665761117872, -0.08375913108567498], "aligned_model": [[0.6255332718715026, 0.1541044482127744, 0.6023872522961837, -0.49018726676521124, 0.15284010672727996, -0.32384457160833735, 0.6828898773424531, 0.1029970420272991, -0.2007844608374684, 0.24564616447189844, -0.5372423830316857, -0.28376017488878896, -0.3986417769845166, 0.08291011904949334], [-0.375451218624328, 0.0013520155089484578, 0.2982271628384979, -0.14442692828916714, -0.705451601457383, -0.40560537275972397, -0.35219898720557413, 0.6103807624147279, -0.5382697059649255, 0.12870771197765327, -0.06131429647205943, 0.6294359410440693, 0.29949242073367455, -0.024469662233176585], [-0.5564604356927999, -0.7472320235243763, -0.14373522560144544, -0.541302434494648, 0.3610113248608928, 0.5625119489401049, 0.18056872874463173, 0.30106835946833355, -0.057869595222536485, 0.53817115321732, 0.08009676191126683, -0.054371236630221496, 0.4658180915836231, -0.0634806988984905]], "inverted": true, "swapped": true, "error_lsq": 0.04745478223146811, "error_max": 0.30778960141151684, "target": "1109.xyz", "model": "18.xyz", "model_rescale": 3.922800546911778, "target_rescale": 4.411966658274286},
{"mapping": [11, 13, 15, 1, 4, 10, 6, 3, 12, 7, 8, 2, 0, 5, 16], "R": [[0.14441357155604406, -0.8550180245760126, 0.49808523166277563], [-0.9845410532443009, -0.17457556158685034, -0.014222790627677506], [0.09911425138208055, -0.4883313945946639, -0.867011426814088]], "T": [0.03882259329559153, -0.024444752376515652, 0.02286319867117225], "aligned_model": [[-0.30980213596949563, -0.2731949680802556, 0.36398841068849247, 0.1346069137180862, 0.38817164784623975, -0.6832934778441248, 0.11205423067005485, 0.30266101101319326, -0.4867401843629687, 0.6322899561660241, 0.6443775687348684, 0.6756050552581241, -0.40700074581388473, -0.026976217045952662, 0.02930377190921699], [0.40303568297133013, -0.3171913319036944, 0.11896924189844345, 0.6489734259835097, -0.6186188232293004, 0.3904667119783746, -0.6110754827454312, 0.40090518083472815, -0.10104740521783905, 0.41678170497359884, -0.4229756091443917, -0.03528511559695503, 0.46258329647933905, -0.03439569584970604, 0.01648572360257227], [-0.5552436850845831, -0.7194855737481646, -0.5507203682141489, -0.014551503829170948, 0.19886318409884446, -0.008758609523522594, -0.3122574159550118, 0.5852228703399194, 0.2108820551865524, 0.06895914464972133, -0.35800644652370534, 0.33361163958194384, 0.516788790237558, 0.5902232680118313, -0.042868182064734285]], "inverted": false, "swapped": true, "error_lsq": 0.04073639087315745, "error_max": 0.27059326388260024, "target": "1109.xyz", "model": "19.xyz", "model_rescale": 3.9282355846067225, "target_rescale": 4.411966658274286},
{"mapping": [5, 3, 7, 0, 12, 1, 11, 15, 14, 6, 2, 9, 8, 16], "R": [[0.20429338279483567, 0.3144510591595449, -0.9270300670095244], [-0.17493093574109006, -0.920032296796589, -0.3506276380605787], [-0.963152833909027, 0.23379714336286037, -0.13294929216952128]], "T": [-0.05370383183933376, -0.05741516044176834, 0.039515893336358035], "aligned_model": [[-0.482631420775483, -0.14245981302436084, 0.4386207924362579, -0.5791436010622405, -0.5668327064996503, 0.20207138085028215, 0.19327233260799614, 0.5936489959625278, -0.4179098943186363, 0.07985549357261727, 0.18177342994004347, -0.49079104977014215, 0.5294177542418544, -0.006368875076389675], [-0.43299004680699194, -0.7697783321911764, -0.5886086760548972, -0.3238650734988705, 0.13846105480672, -0.31358060749489425, 0.42817387625868386, 0.125471367343679, 0.6332062740209697, 0.3444265716909214, -0.656070717535243, -0.04689496670282428, 0.0022145516791810538, -0.017283188090421342], [0.07544055313680316, -0.18729408000018827, -0.116877990803136, -0.5374024308847652, -0.08604905550536913, -0.5375671537698427, -0.5450286773657756, -0.013260285448157258, 0.27734072785728037, 0.5710132515473353, 0.3367296110754263, 0.5715482676528747, 0.611354045250695, -0.007763625499497655]], "inverted": true, "swapped": true, "error_lsq": 0.035101887849788065, "error_max": 0.22465477176046608, "target": "1109.xyz", "model": "20.xyz", "model_rescale": 4.067790424073018, "target_rescale": 4.411966658274286},
{"mapping": [5, 14, 3, 7, 0, 10, 1, 9, 12, 6, 13, 15, 8, 11, 16], "R": [[0.8140521009473733, -0.27196455909387657, 0.5131807240534674], [0.46778519924555634, 0.8307210152727107, -0.301793973019794], [-0.34423274729456366, 0.4857343650403482, 0.8034711832473439]], "T": [0.11307660627382529, -0.013346316618294617, -0.05608968238814337], "aligned_model": [[-0.05051249165783983, 0.23685936431760757, -0.18108252489998303, 0.12597230740884782, -0.6420428338739723, -0.6328595482641819, -0.3329126298659092, 0.428480101730641, -0.19045658001943436, 0.6815887520959893, 0.3187609168147244, 0.3336014744884386, 0.8714082998338198, -0.2897247049208408, 0.09136405071960838], [-0.010580869603958248, 0.7811802324616088, -0.5332499791560398, -0.7537970890302502, -0.0008594757836872628, 0.31293262554279483, -0.4905705928313285, 0.38770158281860445, 0.4311502407225845, 0.31403243117013624, 0.4826081038561273, -0.3014433772796782, -0.2167589806608675, 0.06254033601005327, -0.023990048308252496], [-0.6034076085894706, 0.08380336682877063, -0.5142951645605274, -0.032100346829402625, -0.38708208409566863, 0.12202372940381556, 0.13734539816387445, -0.5185781420133997, -0.22260005869733457, 0.12117116614390297, 0.6116381031303901, 0.5128280242204464, 0.17659398561587947, 0.6298247533535544, 0.01808445154631067]], "inverted": false, "swapped": true, "error_lsq": 0.04354168655199791, "error_max": 0.3304396987153822, "target": "1109.xyz", "model": "21.xyz", "model_rescale": 4.186013935880536, "target_rescale": 4.411966658274286},
{"mapping": [9, 6, 2, 0, 10, 5, 12, 13, 7, 15, 11, 1, 16], "R": [[-0.2462337123164266, -0.7696785038518758, -0.5890364671454644], [-0.22358203294520373, -0.5462484808323735, 0.80723210524137], [-0.9430694743564556, 0.3304657287778305, -0.03758149332286148]], "T": [0.021466449406174117, -0.024907175194144725, -0.09721877564297596], "aligned_model": [[0.05018739026560623, -0.46930954677110387, 0.49479416678653404, 0.48815815645932265, -0.08366081125128594, 0.48512855871683497, -0.018920770349511177, -0.83400767975933, 0.42648967823121164, -0.31078721151677796, -0.4270434100901836, 0.2801173983482535, -0.022571883646345426], [-0.43928025220907146, 0.01061302493784242, 0.36319830751260673, -0.47480698069356736, -0.4886660062647246, -0.3413080255282692, -0.573606856177835, -0.037027506215423965, 0.5848753335688759, 0.5519480020740128, 0.07651427579242612, 0.27700627827678403, 0.009497064472437249], [-0.6464768374654672, -0.5659207596711298, -0.45430282333868055, 0.4123950739045691, 0.5872365464019251, -0.20320888507795304, 0.024160063767619533, -0.05080401238012311, 0.017370097344733243, 0.012981496669743242, 0.556263350142011, 0.45596699077942815, -0.0427807397413304]], "inverted": false, "swapped": true, "error_lsq": 0.04506243696008762, "error_max": 0.2558688148546909, "target": "1109.xyz", "model": "22.xyz", "model_rescale": 4.166573947596378, "target_rescale": 4.411966658274286},
{"mapping": [14, 6, 8, 15, 13, 9, 4, 12, 11, 1, 0, 7, 2, 5, 3, 16], "R": [[0.20726863028636988, 0.894744918326045, -0.3955644650735599], [-0.6402426302304407, 0.42979036249817715, 0.6366864367483361], [0.7396817486830534, 0.12129210787765621, 0.6619358996396674]], "T": [-0.09776856712544787, 0.0463750735123715, 0.026689556749655667], "aligned_model": [[-0.832204823539062, -0.26215824224988743, 0.2973767788535615, 0.21406556200523089, -0.5469348794719956, -0.3740504168411879, 0.03007141227512944, -0.601013846322095, -0.3135761110507957, 0.22758649905096093, -0.304339347133951, 0.6152724757027112, 0.5147599970113793, -0.12096848443120084, 0.34029897522750463, -0.09695230806554647], [0.06026428341443175, 0.10069341217346356, 0.03620644913975871, -0.45893599193268403, -0.45096887454773865, 0.6336283573151235, 0.5661017566565263, 0.1683438462455838, -0.7140699171344037, -0.33868646895985016, 0.1243241797983897, -0.07184787509262267, 0.39971500217210365, 0.5106854693399404, 0.3158482980119864, -0.03159448897833019], [-0.3290844567960282, -0.6304480739417573, -0.6904869301319001, -0.29380801547776847, -0.5071979215875644, -0.20356308287951957, -0.4419304361599278, 0.24873256504332703, 0.14346632537794307, 0.484879722914297, 0.8211514562433682, 0.18979976292771158, -0.01950204202655842, 0.35865879201711104, 0.5764737746756914, 0.024119092965668477]], "inverted": true, "swapped": true, "error_lsq": 0.04191301355869796, "error_max": 0.3248659059527996, "target": "1109.xyz", "model": "23.xyz", "model_rescale": 4.274766983524099, "target_rescale": 4.411966658274286},
{"mapping": [2, 5, 9, 6, 14, 13, 15, 11, 1, 10, 16], "R": [[0.7720040366325573, 0.5905710648358994, 0.2350225197755087], [-0.04387568030211525, -0.31935907594556184, 0.9466175073857571], [0.6341014840710153, -0.7411043097903217, -0.22063478852879748]], "T": [0.04717302408087652, 0.09900300213049659, -0.08391391019438338], "aligned_model": [[0.342947303430335, 0.2561840138801734, -0.3544672075907989, -0.580199317629494, -0.6754054573350878, -0.6012904349439446, 0.022911541409789835, 0.08094274749824014, 0.6416212327768815, 0.1939624454309109, 0.05268783703106972], [-0.16222520657758102, 0.5280616651079512, 0.4458585937753551, -0.1291462762348291, 0.39980600273767775, -0.14235758416572167, -0.5370985159491942, -0.06700480002588219, -0.054309681518178055, 0.5754537921200709, 0.05854854197381491], [-0.6725151415189263, -0.3978390969311662, -0.522765457671531, -0.2110208120973519, 0.14752196995661399, 0.4214349079862862, 0.13988226919859117, 0.6969748840072321, 0.21137084586030352, 0.5839562813121055, -0.017434216080579462]], "inverted": true, "swapped": true, "error_lsq": 0.044530211151078594, "error_max": 0.2373388110426061, "target": "1109.xyz", "model": "24.xyz", "model_rescale": 3.7841303162186577, "target_rescale": 4.411966658274286},
{"mapping": [10, 0, 5, 7, 3, 2, 1, 11, 12, 9, 13, 15, 4, 8, 6, 16], "R": [[0.7861324823936253, -0.004157564965323407, -0.618044039514334], [-0.46765017642480156, -0.6578130307898099, -0.5904111525140567], [-0.40410275007167235, 0.7531697890759321, -0.5190724768351985]], "T": [-0.03604537245897166, -0.027751620076958944, 0.06905371253290182], "aligned_model": [[0.16286429609611697, -0.05293208340854261, -0.4055834482692243, 0.38607760612303943, -0.006852391182109979, -0.11422101166088305, 0.5200696130829207, 0.5802430482886622, -0.31064108205751834, -0.7148622369796933, 0.1377786474044251, 0.488828478581398, -0.5320100344626202, 0.009344249507696023, -0.26416710191750625, 0.03390599932661768], [-0.10001413063706405, -0.6110804072594767, -0.45511287322353766, -0.44073039056715413, -0.771446404879856, -0.39379933765096353, -0.4105959572642631, 0.24760073677507446, -0.025420435361696886, 0.07416835097748745, 0.7898349035393897, 0.2745204145275939, 0.11040924484538453, 0.3828966427091084, 0.5635956868911718, 0.001986424946763078], [-0.7370580387322294, -0.5134921012094565, -0.0153851578766932, 0.5165689187228515, 0.1824005853043182, 0.6707776099813286, -0.02168148067832132, -0.35856288622648597, -0.42290873718836963, 0.12413857268690434, -0.11929358599763934, 0.36643822515192614, 0.5599653264790982, 0.7760849319247901, 0.31415196214625574, 0.05147587132897595]], "inverted": true, "swapped": true, "error_lsq": 0.04199508484814512, "error_max": 0.26588669617055677, "target": "1109.xyz", "model": "25.xyz", "model_rescale": 4.19342608120988, "target_rescale": 4.411966658274286},
{"mapping": [8, 6, 4, 1, 2, 15, 5, 11, 9, 13, 12, 16], "R": [[0.6597833904121946, 0.6739416657039037, -0.3323981181722272], [-0.7053734639453539, 0.402919564264419, -0.5831844486049879], [-0.2591025937691914, 0.6192402247603258, 0.7412202034084465]], "T": [-0.07320450479856186, 0.13567582708703047, -0.1112425661146427], "aligned_model": [[-0.17014374007100552, 0.3185582819414625, 0.15830884969598819, -0.6495343058770418, -0.4690197493290754, -0.4068244350775079, -0.009188021110298816, -0.18792417841105002, 0.45028513686041394, 0.33356842347782967, 0.32959175512397765, -0.09986946259191176], [-0.653575801133488, -0.3693630344446183, -0.45545352158188673, 0.482042815906482, -0.2661341279388823, -0.1502840825695822, 0.31344062480434404, 0.5247642934778607, -0.08800097599369827, 0.0030551358430624953, 0.5194169349458597, 0.15286816642552736], [0.08438465776364809, 0.11954300566498569, -0.43222736807991546, -0.001970390366608482, -0.5402566254479171, 0.40083473561375094, -0.6503413692197132, 0.5771874269231428, -0.4987237149657978, 0.6311082643016177, -0.2003112206433434, -0.03996894033442902]], "inverted": false, "swapped": true, "error_lsq": 0.04138696882869141, "error_max": 0.1919223758702286, "target": "1109.xyz", "model": "26.xyz", "model_rescale": 3.795458400668931, "target_rescale": 4.411966658274286},
