[{"mapping": [1, 3, 6, 5, 11, 10, 12, 7, 9, 0, 8, 2, 13], "R": [[0.649213553379145, -0.10994879360078164, 0.752617449236036], [-0.13156306160454048, 0.9583493053050758, 0.2534911632434531], [-0.7491414572229096, -0.26358655467798786, 0.6077081579696986]], "T": [-0.023272453136586733, -0.07704171707728495, -0.17528507468000398], "aligned_model": [[-0.05815230428477532, -0.4038052883474658, -0.6093782037503561, -0.621707168839988, 0.0015370135290435488, 0.7103543408699877, 0.4281114722636867, 0.3328014771879408, 0.6631083204279079, 0.3712059966949502, -0.19774965515993276, -0.028948045570156254, 0.058880623236333536], [-0.5659728875442775, -0.3337369450266776, 0.17223088173717566, 0.059822111643621514, 0.4952157297948731, 0.46093171704106545, -0.23600306597617343, 0.5003711811990732, -0.002345938019075469, -0.6923079816617436, 0.6709917574990955, -0.34729946319356003, 0.06011637819650491], [-0.4798730257756254, 0.07472017940900871, 0.24766823806906113, -0.6174902802921061, -0.5739926689222095, -0.6086500893502813, -0.5010206260404477, 0.1581818405047093, 0.06975603623022614, 0.07219545155069063, -0.03181814988549758, 0.5445668432339397, -0.14400582918510207]], "inverted": false, "swapped": false, "error_lsq": 0.04842258588275424, "error_max": 0.25088135893760755, "target": "1110.xyz", "model": "0.xyz", "model_rescale": 3.8414455957264533, "target_rescale": 3.805588169726816},
{"mapping": [5, 4, 7, 2, 8, 12, 10, 13, 11, 1, 9, 0, 14], "R": [[0.031894380781788856, -0.8037267155486745, 0.5941431773469144], [-0.4500057827332695, -0.5423338904488912, -0.7094848460518293], [0.892455905903011, -0.24473928573874407, -0.3789790733469669]], "T": [-0.03258611831138216, 0.004748877360627957, -0.18519727344196935], "aligned_model": [[-0.1924992372459194, -0.33225277682925614, -0.49868409798757724, -0.7155196849424454, 0.302993675387225, 0.6894148859830528, 0.3072326909211032, 0.2687598471838148, 0.7388147432758582, 0.44658362436020177, -0.36272267400979824, -0.03527786692146465, 0.029415449082381702], [-0.4048048633391513, -0.38688195573892864, 0.18355858531947777, -0.17942771287692436, 0.6241158189383735, 0.17132564258722255, -0.1429416050680887, 0.5867799367883841, -0.010530670813752196, -0.6497103394485235, 0.600292453871941, -0.08974285980143057, -0.06001895472869788], [-0.6761313961651105, 0.04424208496602039, 0.21944425163493358, -0.39563836922764206, -0.5430704230947494, -0.3675603041020905, -0.7606032159748727, 0.1959555247643422, 0.1767041610398854, 0.1157634921244784, -0.14221607916886955, 0.5335387251031735, -0.19019053235313316]], "inverted": true, "swapped": false, "error_lsq": 0.04297241639758956, "error_max": 0.25378504976232497, "target": "1110.xyz", "model": "1.xyz", "model_rescale": 4.316132596720782, "target_rescale": 3.805588169726816},
{"mapping": [1, 2, 3, 6, 0, 9, 4, 8, 10, 11, 7, 12], "R": [[0.4035950448086019, -0.719802745618787, -0.5647964652913462], [-0.8495392395218935, -0.5240145502173502, 0.06076044497097871], [-0.3396971008391237, 0.4552941450976109, -0.822990352994086]], "T": [0.034772343013841765, 0.002732428525520628, 0.04521104306337367], "aligned_model": [[-0.11811120588245955, 0.5177205718294842, 0.09442330190932577, -0.6273114862286462, -0.6443906961597824, -0.5676420447372107, 0.07020070329747893, -0.16355930448596398, 0.4843628167805437, 0.28773974416451015, 0.37324656822857577, -0.10887041408407508], [-0.5504475406666615, -0.32099622630843516, -0.5343049870896803, 0.31382435687307675, -0.3750142000364394, -0.0029208666860568878, 0.45342132631871856, 0.5282490121351786, 0.0007376196283706378, -0.06700217980279359, 0.531307273156428, 0.035922840219274534], [0.1631864023331448, 0.03320712536565933, -0.6130317961294854, -0.18419621437697337, -0.3096031019163097, 0.4254240056505368, -0.7191776662677271, 0.554733744042055, -0.47516665716131234, 0.6594749252502109, -0.009798591763597604, -0.07579371381678054]], "inverted": true, "swapped": true, "error_lsq": 0.043129994531612925, "error_max": 0.24507372814601053, "target": "1110.xyz", "model": "2.xyz", "model_rescale": 3.795458400668931, "target_rescale": 3.805588169726816},
{"mapping": [9, 6, 8, 10, 1, 2, 7, 0, 4, 3, 11, 12], "R": [[-0.7360531536134614, -0.12044882010898839, -0.6661214880110315], [-0.6467584661262722, -0.16534844904691082, 0.7445558252352694], [-0.1998230255743068, 0.9788523750454581, 0.04380395322566477]], "T": [-0.030693543979355704, 0.08709443834293994, 0.06977414882510684], "aligned_model": [[-0.2097700216289318, 0.04808762583800357, -0.7170900157380355, 0.2828845861354335, 0.26539173313460523, 0.1078905524664541, -0.3884262651891823, 0.5904810073506106, 0.23965894974477597, 0.796728330609287, -0.484113078809251, 0.06158042182979536], [-0.06986173630121605, -0.6047472015962808, -0.14389335017900107, 0.09764795076637649, 0.4332440968301578, 0.5737131289057199, -0.10840062544863839, -0.20376096486588363, -0.5580400642371837, 0.17826734507180503, 0.5645951124934159, -0.07299464614956232], [-0.6016372940541654, -0.2510210305684067, -0.1552170287182435, 0.6817266828869222, -0.29875477248087995, 0.35644473665044685, 0.5501814839523282, -0.4395325739377017, 0.6169274664401428, 0.24952842706990014, -0.04238364280504925, 0.022508976203806333]], "inverted": false, "swapped": true, "error_lsq": 0.04944736770685715, "error_max": 0.24467367023163497, "target": "1110.xyz", "model": "3.xyz", "model_rescale": 3.7530521520055578, "target_rescale": 3.805588169726816},
{"mapping": [4, 8, 7, 11, 10, 9, 3, 6, 0, 1, 12], "R": [[0.5298098209896065, -0.1439021978457768, -0.8358191856126038], [-0.2510221421507284, 0.9147389432748128, -0.31660788020284397], [0.8101169284325693, 0.3775510867573206, 0.4485150378252055]], "T": [0.08854314190454293, -0.03440680087291559, -0.037744051816864695], "aligned_model": [[-0.4133916134088451, -0.06622604351835373, 0.10653199692386899, 0.589662452168599, 0.21412958314380956, -0.21644614914571397, 0.07293824930886861, -0.6680029394858473, -0.44388228533463236, 0.25539743061706494, -0.09251107882361376], [-0.766281498172884, 0.31928336186001477, -0.4237823552308382, 0.3067958484683989, -0.6917056557552796, 0.6070040143711731, -0.4176180562598296, 0.08657266804023894, 0.19743503723249814, 0.30217457364317557, -0.05267457988232187], [-0.07070886821054928, -0.690481574019205, -0.5327645627036895, -0.31816467795876585, 0.12073239880790718, -0.09315749484386884, 0.7226220962252108, -0.06536414283834063, 0.5888503570156988, 0.41189165395005933, 0.019375591820859885]], "inverted": true, "swapped": true, "error_lsq": 0.0535169788669348, "error_max": 0.3117488945956711, "target": "1110.xyz", "model": "4.xyz", "model_rescale": 3.7855080009869324, "target_rescale": 3.805588169726816},
{"mapping": [10, 7, 4, 5, 2, 14, 15, 12, 13, 8, 0, 6, 16], "R": [[-0.6919609694176236, 0.19441551812123614, -0.6952644267588224], [0.14653688836499457, 0.9808329221019056, 0.1284278757487735], [0.7069066113362696, -0.013014808284742094, -0.7071871446897093]], "T": [0.07528464517701357, 0.0782957635237819, -0.13870345116338756], "aligned_model": [[-0.11273489165826682, -0.44925395608771596, -0.508972992753777, -0.6838580589926412, 0.09124278457821973, 0.6041937655704464, 0.6421947453798276, 0.5212415468880065, 0.6613569284362216, 0.3247815583029548, -0.5401053386635001, -0.010686673665276578, 0.10685916092267739], [-0.47242954331207354, -0.4201548008848536, 0.1717969334200916, -0.014745755428969873, 0.6697502747378409, 0.3433816071639455, -0.37946631800729247, 0.5309800922825445, -0.10366620269926294, -0.5748245269582443, 0.5562356125698872, -0.16481663372393823, 0.09997273653022674], [-0.5772402959701658, 0.05565642766931389, 0.30503219943604587, -0.40355978028589923, -0.5810976040746594, -0.46685286286345024, -0.5239110856752561, 0.10473977285961375, 0.2463637644223859, -0.05811157523956792, -0.17534429999460077, 0.46094841676328413, -0.17638515750067868]], "inverted": true, "swapped": false, "error_lsq": 0.04009786227093599, "error_max": 0.26064440048047993, "target": "1110.xyz", "model": "5.xyz", "model_rescale": 4.2253639853439635, "target_rescale": 3.805588169726816},
{"mapping": [1, 8, 5, 10, 3, 7, 0, 6, 12, 9, 2, 11, 13], "R": [[-0.9880486262293542, 0.11226218100973431, -0.10562724516536491], [0.1508064934889351, 0.8458174894417008, -0.5117129821258305], [0.03189535589797103, -0.5215265834734376, -0.8526386743531316]], "T": [-0.0016714471841008313, -0.015454997223042326, -0.19536750563636782], "aligned_model": [[-0.2626844507412771, -0.369468495436317, -0.4402819847786379, -0.776645572022934, 0.2773062007521494, 0.7187737804281737, 0.5913446869452794, 0.18041644433545073, 0.7720934562115321, 0.21770076532949256, -0.40234297557590515, 0.1228199764947146, 0.017226746315454816], [-0.4573197046794466, -0.5655469953384528, 0.1995260682268487, -0.057873201314684104, 0.560177193716086, 0.3159346218411881, -0.23570482322013767, 0.5368007431815255, -0.07413507531908675, -0.5850601157017844, 0.5145060285560304, 0.054261583312220314, 0.03644715242959519], [-0.7200898838868045, 0.1332492932419662, 0.2073050713536053, -0.2736508128037557, -0.501681928092965, -0.21840682884852144, -0.6882006702439192, 0.07954259798893684, 0.3234660776799213, -0.1906485157982606, -0.2890438074880169, 0.5696130644711875, -0.2212157380270081]], "inverted": true, "swapped": false, "error_lsq": 0.04711121940929864, "error_max": 0.24531104768158737, "target": "1110.xyz", "model": "6.xyz", "model_rescale": 3.89814844738969, "target_rescale": 3.805588169726816},
{"mapping": [4, 10, 5, 2, 0, 3, 7, 6, 8, 11, 1, 9, 12], "R": [[0.39131564746793607, 0.7939077410850707, -0.4653843171959608], [0.466601699810972, 0.2647165588663973, 0.8439241655477374], [0.79319286291561, -0.5473898447241543, -0.2668509698550947]], "T": [0.09718101929001696, -0.018135171215148044, -0.22203784947590283], "aligned_model": [[-0.13550876960738345, -0.45837090054844143, -0.3450597265628831, -0.5788741784808235, 0.06512089774698807, 0.7285573975791929, 0.532733743658443, 0.2904471255165771, 0.6527480443408408, 0.38421127916494824, -0.4448720614956473, -0.006523811659216616, -0.03835046139541837], [-0.4588231116735443, -0.3965510457076151, 0.3314149521258877, -0.0433120954411961, 0.45509959449433746, 0.467677044024032, -0.14318419899530657, 0.5085060781600033, -0.10796561724742068, -0.7418573930611551, 0.6305314776240177, -0.14174532586227456, -0.11777688274986416], [-0.6308720330536635, 0.07303358822695383, 0.31164224009514846, -0.431473607107001, -0.5770468530220714, -0.3552005211701708, -0.6973601027866804, 0.15568302321765382, 0.15341193938614217, -0.0002718810645652714, -0.23641311741695353, 0.6565472156945213, -0.21144197145294788]], "inverted": true, "swapped": false, "error_lsq": 0.037180749786789785, "error_max": 0.19841194366110862, "target": "1110.xyz", "model": "7.xyz", "model_rescale": 3.7474275329858107, "target_rescale": 3.805588169726816},
{"mapping": [6, 10, 11, 7, 8, 2, 3, 4, 1, 0, 9, 12, 14], "R": [[-0.4648203077873837, 0.13294132971879566, 0.8753677423352088], [-0.8136097690974078, 0.3258572575732439, -0.4815144767461383], [-0.3492581067029149, -0.9360254540018893, -0.04330270618393628]], "T": [0.04894981495300286, 0.04600799708802138, -0.057808970450966723], "aligned_model": [[-0.1664863181742924, -0.40928239919419324, -0.4988645816365074, -0.5660674901675476, 0.18674667115998692, 0.8333503265956747, 0.3349722745425183, 0.3930325792869442, 0.7052095479740355, 0.2836386600067194, -0.5199264016857414, -0.023820650163703737, 0.09375635971328318], [-0.5249236056616156, -0.5322781005389624, 0.17468381253678883, -0.09715958742703733, 0.5585758717474558, 0.30568552018212214, -0.12451751533586373, 0.7468373630985966, -0.24177800519917692, -0.5562887420087071, 0.4936314528348455, -0.037713025030549116, 0.07725803649200524], [-0.6005450719981491, 0.11789472016870955, 0.20642932540664066, -0.31302336869369185, -0.48617390382332687, -0.2186595756232, -0.6928260877065155, -0.006126315032980674, 0.1686953335976944, -0.1857660793107775, -0.2951979594467876, 0.5490994811803114, -0.03356257917156091]], "inverted": true, "swapped": false, "error_lsq": 0.05203029719106665, "error_max": 0.26542815984992807, "target": "1110.xyz", "model": "8.xyz", "model_rescale": 4.019505241142653, "target_rescale": 3.805588169726816},
{"mapping": [5, 4, 0, 3, 6, 10, 11, 1, 9, 8, 2, 7, 12], "R": [[-0.3085879807971353, 0.5674027003954417, 0.7634314859183551], [-0.6239347062591604, 0.4850637910971482, -0.6127141265645486], [-0.7179686207856457, -0.6654076150378976, 0.20433738134941187]], "T": [0.08780423888157185, 0.07723660902355244, -0.170736103613379], "aligned_model": [[-0.21255703130773307, -0.48790570674745337, -0.33882702188437475, -0.7480920481541082, 0.2188929766492567, 0.7520163215810713, 0.45131099890216764, 0.30163622016964475, 0.6878946436257363, 0.3088737122490669, -0.332399287852865, -0.03762484714584269, 0.08303964817260948], [-0.2803231547442855, -0.45320263171360464, 0.13176737708962777, -0.0035555399782010305, 0.3533480174636875, 0.6735960716497106, -0.3201642625097036, 0.5895783281344741, -0.10606152624777544, -0.5184437601794047, 0.4671025711778005, -0.33897842587015337, 0.04735041141772977], [-0.6528759607570429, 0.10273590890917172, 0.3167659381694967, -0.35297450165673705, -0.8300084835342865, -0.37410143681946306, -0.48248104217201376, 0.21408482721996236, 0.1006185741986716, 0.058240133313837705, -0.3170429383482678, 0.62337760309521, -0.19610070207217292]], "inverted": false, "swapped": false, "error_lsq": 0.05564390149689675, "error_max": 0.339510555870624, "target": "1110.xyz", "model": "9.xyz", "model_rescale": 3.877068213659057, "target_rescale": 3.805588169726816},
{"mapping": [11, 0, 5, 12, 13, 2, 9, 4, 7, 8, 3, 1, 15], "R": [[0.9595396116975345, -0.01741310306142141, -0.2810347263686772], [-0.18032222824637742, 0.7285624468592222, -0.6608181709265905], [0.21625824281078015, 0.6847580192069863, 0.6959445578119843]], "T": [0.03679345145853369, 0.09408920840301195, -0.3173115168944227], "aligned_model": [[-0.22015335167238526, -0.3766434999399832, -0.45890325874584653, -0.6913777701250734, 0.26653521691721915, 0.6815934522321905, 0.5007718460308721, 0.26951184923520244, 0.5859426586385452, 0.40577301964796336, -0.2946004698762151, -0.008371873435943311, -0.013819240649369402], [-0.5665478341457219, -0.4872037636500325, 0.15481540959574341, -0.0722868467970446, 0.7286771467682628, 0.24556785302646522, -0.23635491375292617, 0.5202471428687825, 0.003898288832114724, -0.5528431459324054, 0.5943867831692815, -0.1199332158836252, 0.02959057159100796], [-0.5227191960034747, 0.03614909405654165, 0.2840141371598379, -0.3340714699681937, -0.6943464829770636, -0.357839743784318, -0.6507422224425472, 0.15419907892830026, 0.2798378075608001, -0.1156793196121581, -0.11081273163506011, 0.5223676513198908, -0.2801186830561894]], "inverted": true, "swapped": false, "error_lsq": 0.035455115706639846, "error_max": 0.2057954710215013, "target": "1110.xyz", "model": "10.xyz", "model_rescale": 4.260839863003843, "target_rescale": 3.805588169726816},
{"mapping": [8, 11, 1, 9, 0, 6, 5, 7, 2, 3, 4, 12], "R": [[0.22759707140347119, 0.8272917857351142, 0.513602837164836], [0.3926847431347221, 0.40467813340697323, -0.8258536800495989], [-0.8910658031805399, 0.3896458771724062, -0.23276130435440873]], "T": [0.06852456942357396, -0.11897973594724812, 0.013368091475100756], "aligned_model": [[0.28698130343981254, 0.3035347567116582, -0.3677758592057595, -0.36608908070388846, -0.7393065569219196, -0.2999697472887538, 0.2937826105457949, 0.6452404738603876, 0.2575334146940403, -0.2852106350483238, 0.2708191683176716, -0.040641199306589784], [-0.11190477163901597, -0.6936634696550138, -0.4837613733505901, -0.19911523796332087, 0.14173817044598344, 0.4548631556781835, 0.6506758780294343, 0.12322350376266775, -0.46422940772093313, 0.021993214581354864, 0.6961412317022273, 0.037117611661956734], [-0.712815841908419, -0.23297385924663983, 0.15435013368126047, -0.5453681859179531, 0.1097167875765318, -0.33688488692105256, -0.3798826475947715, -0.06225322614597751, 0.44145879245627095, 0.7751089203355246, 0.30202091688264726, 0.003701174198083107]], "inverted": false, "swapped": true, "error_lsq": 0.040553311170255596, "error_max": 0.2382654896615367, "target": "1110.xyz", "model": "11.xyz", "model_rescale": 3.890672605050136, "target_rescale": 3.805588169726816},
{"mapping": [12, 9, 11, 10, 4, 3, 7, 0, 8, 5, 2, 6, 13], "R": [[-0.275196417648247, 0.9583869704462669, 0.07590353478197565], [-0.7612557975414318, -0.2654478294340691, 0.5916308482139013], [0.5871597247965247, 0.10503268409199273, 0.802627929273148]], "T": [0.027937005804768086, 0.06007701537801696, 0.03403319743771019], "aligned_model": [[-0.1450793446259212, -0.3393411784523458, -0.5022997460435055, -0.647731735564437, 0.024719328183088335, 0.7770866265242848, 0.4788756058191502, 0.3847963837809759, 0.7114361593041666, 0.2255472994820808, -0.4478903047789822, 0.05702898119193586, 0.06911050343668523], [-0.3311831966344992, -0.6002552615026122, 0.1414002866873401, 0.07480950280953258, 0.5114016376892472, 0.40708127760150936, -0.28812269504671467, 0.5263276807670696, -0.09014298609035054, -0.6735517686581713, 0.5316015858447913, -0.010504713183409148, 0.04315212540616907], [-0.5759774055231226, 0.22081766012088733, 0.1564981982673141, -0.5514539588630892, -0.5020197623260523, -0.3800030857266635, -0.600297560884479, 0.09693185499028031, 0.2056545951787335, -0.1324334986351378, -0.2043301462530667, 0.6051988656136877, -0.12834783641292585]], "inverted": true, "swapped": false, "error_lsq": 0.0395388384794847, "error_max": 0.23123067816731735, "target": "1110.xyz", "model": "12.xyz", "model_rescale": 4.124412569039231, "target_rescale": 3.805588169726816},
{"mapping": [7, 10, 4, 5, 3, 6, 9, 1, 8, 11, 0, 2, 12], "R": [[-0.46518944501944615, 0.8133643090665997, -0.3493383474213971], [-0.6454208274215997, -0.041560859134598255, 0.7626956473708316], [0.6058306164043854, 0.5802682101619966, 0.5442959383483176]], "T": [0.01303393033004048, 0.09364143030611459, -0.2595173574002575], "aligned_model": [[-0.2285885796514483, -0.21107121254306294, -0.515832193599366, -0.7251040729870627, 0.1802888698860286, 0.6182756772881037, 0.43765966665071343, 0.32072436042288394, 0.6091468080315711, 0.3888376394595238, -0.30838766755176555, 0.0974714882398102, -0.017162205388753], [-0.3300964588784146, -0.5567010946612679, 0.18002787910694812, 0.034594924042934835, 0.5301751575514221, 0.3758226072009215, -0.2072180308937085, 0.5900317403908966, -0.11737090257760875, -0.6966827218742149, 0.5750963474517561, -0.1444850322307361, 0.008819061060973354], [-0.6533986065804249, 0.007767429773248291, 0.31590792895149244, -0.41892776242252977, -0.7982357123292214, -0.3003710711787261, -0.6307556106300003, 0.307745860331994, 0.07962767545119298, 0.21452079298582788, -0.30022009152728435, 0.5642311480932827, -0.17765406137248574]], "inverted": false, "swapped": false, "error_lsq": 0.04477706122865348, "error_max": 0.2575834666112852, "target": "1110.xyz", "model": "13.xyz", "model_rescale": 3.9028299243045295, "target_rescale": 3.805588169726816},
{"mapping": [0, 3, 6, 2, 12, 13, 5, 11, 10, 4, 1, 7, 15], "R": [[0.5657794966406351, -0.0038455061786897143, 0.8245476173413512], [0.14503967779313073, 0.9848614343597859, -0.09492864149691627], [-0.811700100435336, 0.17330079974718782, 0.5577721575699621]], "T": [0.036148336766444425, 0.047098089645982104, -0.17561327750803132], "aligned_model": [[-0.24538881517132577, -0.3386341018863602, -0.44831572142859144, -0.5773903589081093, 0.2424953083391106, 0.759990041655109, 0.4026079565038979, 0.07576534921890657, 0.656164906248618, 0.2664445819278804, -0.38805255469099925, 0.196313126234058, 0.04425886021498154], [-0.6331887866350888, -0.4033959960273817, 0.1462621892749978, 0.052862502348375424, 0.5504675701983857, 0.28112597978130577, -0.10693490928799432, 0.7602056784591478, -0.14596547443539404, -0.5876589708991443, 0.5367001519974735, -0.2687320689723961, 0.0602656098876148], [-0.5566159117288995, 0.03718392099074552, 0.2714541893369635, -0.5826597245038848, -0.6095261516337926, -0.40785342196612095, -0.4982322726035453, 0.013502421045368918, 0.18998009748764286, -0.11721475496367954, -0.1251932420986573, 0.6581891612981018, -0.06277639111387698]], "inverted": false, "swapped": false, "error_lsq": 0.04285481013726616, "error_max": 0.3218744181971422, "target": "1110.xyz", "model": "14.xyz", "model_rescale": 3.942246331269136, "target_rescale": 3.805588169726816},
{"mapping": [1, 5, 10, 3, 13, 8, 0, 11, 7, 2, 4, 9, 14], "R": [[-0.7805347710033249, 0.6065657279446875, 0.15114062636405412], [0.20961502184166492, 0.02618334989894211, 0.977433360800821], [0.5889202101075371, 0.7946020701401432, -0.14758230332900174]], "T": [0.012128107671280794, 0.09534205599621362, -0.13784360676823118], "aligned_model": [[-0.2101782600800492, -0.2633593110072669, -0.3321552037347857, -0.6016415870390674, -0.06170537591433503, 0.7462902884377645, 0.5266560151024928, 0.21389701027105212, 0.6933463187946932, 0.2570455372824972, -0.43838217624051873, 0.06448183743231542, 0.051963484952383815], [-0.4360874632497458, -0.47490948774673114, 0.3867805545987605, -0.07269543684113627, 0.6991266154559787, 0.2930511201780467, -0.3549580860528513, 0.7742112786582047, -0.26035449229625907, -0.6213100573669417, 0.470299343424996, -0.1877988531529424, 0.026658440080522455], [-0.7077593730985174, -0.09661961863349033, 0.41490689668041214, -0.4719066148322042, -0.677216083786577, -0.2819197830096076, -0.4084139255641176, -0.025875249083848487, 0.23685790443192065, -0.04259068175149254, -0.1484026605309485, 0.6139892328169119, -0.19481212409207513]], "inverted": false, "swapped": false, "error_lsq": 0.04948937023333832, "error_max": 0.281036477902264, "target": "1110.xyz", "model": "15.xyz", "model_rescale": 4.355366556412066, "target_rescale": 3.805588169726816},
{"mapping": [1, 2, 3, 6, 0, 9, 4, 8, 10, 11, 7, 12], "R": [[0.4035950448086019, -0.719802745618787, -0.5647964652913462], [-0.8495392395218935, -0.5240145502173502, 0.06076044497097871], [-0.3396971008391237, 0.4552941450976109, -0.822990352994086]], "T": [0.034772343013841765, 0.002732428525520628, 0.04521104306337367], "aligned_model": [[-0.11811120588245955, 0.5177205718294842, 0.09442330190932577, -0.6273114862286462, -0.6443906961597824, -0.5676420447372107, 0.07020070329747893, -0.16355930448596398, 0.4843628167805437, 0.28773974416451015, 0.37324656822857577, -0.10887041408407508], [-0.5504475406666615, -0.32099622630843516, -0.5343049870896803, 0.31382435687307675, -0.3750142000364394, -0.0029208666860568878, 0.45342132631871856, 0.5282490121351786, 0.0007376196283706378, -0.06700217980279359, 0.531307273156428, 0.035922840219274534], [0.1631864023331448, 0.03320712536565933, -0.6130317961294854, -0.18419621437697337, -0.3096031019163097, 0.4254240056505368, -0.7191776662677271, 0.554733744042055, -0.47516665716131234, 0.6594749252502109, -0.009798591763597604, -0.07579371381678054]], "inverted": true, "swapped": true, "error_lsq": 0.043129994531612925, "error_max": 0.24507372814601053, "target": "1110.xyz", "model": "16.xyz", "model_rescale": 3.795458400668931, "target_rescale": 3.805588169726816},
{"mapping": [4, 10, 5, 2, 0, 3, 7, 6, 8, 11, 1, 9, 12], "R": [[0.39131564746793607, 0.7939077410850707, -0.4653843171959608], [0.466601699810972, 0.2647165588663973, 0.8439241655477374], [0.79319286291561, -0.5473898447241543, -0.2668509698550947]], "T": [0.09718101929001696, -0.018135171215148044, -0.22203784947590283], "aligned_model": [[-0.13550876960738345, -0.45837090054844143, -0.3450597265628831, -0.5788741784808235, 0.06512089774698807, 0.7285573975791929, 0.532733743658443, 0.2904471255165771, 0.6527480443408408, 0.38421127916494824, -0.4448720614956473, -0.006523811659216616, -0.03835046139541837], [-0.4588231116735443, -0.3965510457076151, 0.3314149521258877, -0.0433120954411961, 0.45509959449433746, 0.467677044024032, -0.14318419899530657, 0.5085060781600033, -0.10796561724742068, -0.7418573930611551, 0.6305314776240177, -0.14174532586227456, -0.11777688274986416], [-0.6308720330536635, 0.07303358822695383, 0.31164224009514846, -0.431473607107001, -0.5770468530220714, -0.3552005211701708, -0.6973601027866804, 0.15568302321765382, 0.15341193938614217, -0.0002718810645652714, -0.23641311741695353, 0.6565472156945213, -0.21144197145294788]], "inverted": true, "swapped": false, "error_lsq": 0.037180749786789785, "error_max": 0.19841194366110862, "target": "1110.xyz", "model": "17.xyz", "model_rescale": 3.7474275329858107, "target_rescale": 3.805588169726816},
{"mapping": [3, 11, 7, 1, 0, 4, 8, 9, 5, 10, 2, 12, 13], "R": [[-0.18803614897260262, -0.8118746055972397, 0.5527223819114617], [0.9730074835830649, -0.07732836784371117, 0.21743219728913063], [-0.13378655975435239, 0.5786881269846084, 0.8045005954728317]], "T": [0.02020582397169409, 0.03478946886818404, -0.1247931598980198], "aligned_model": [[-0.13321206822326345, -0.43121181487875787, -0.5206266211192362, -0.5744257695601368, 0.052843375725390294, 0.7345431408119933, 0.4791421593382929, 0.26139249972744444, 0.6605878350882154, 0.2921157891508726, -0.32092180347505594, 0.1428254633506396, 0.0032063923207779448], [-0.45965387670457925, -0.5015680274245095, 0.12755859659683874, 0.01902466023221308, 0.460009643535191, 0.40127892812685084, -0.2031660330075091, 0.47711431917662717, -0.14061212384301067, -0.5931314222141046, 0.6446874126253989, -0.11540429232683846, 0.12587569091733336], [-0.5636301566092173, 0.04921664819155468, 0.3912624934124806, -0.4778981805252309, -0.844004522469937, -0.3360595700116432, -0.6244020773785461, 0.31554975203945984, 0.1622000417340561, -0.03413062164688209, -0.24924862905448153, 0.5974555378856242, -0.176072796020871]], "inverted": false, "swapped": false, "error_lsq": 0.03929650185406963, "error_max": 0.26196196972591584, "target": "1110.xyz", "model": "18.xyz", "model_rescale": 3.922800546911778, "target_rescale": 3.805588169726816},
{"mapping": [4, 11, 9, 10, 1, 5, 8, 3, 12, 13, 2, 7, 14], "R": [[0.9171340340950244, -0.24367923833886035, -0.31541336735652187], [0.15823226298450538, -0.5037178818508509, 0.8492531109477877], [-0.36582470454493593, -0.828787502503679, -0.4234188957029729]], "T": [0.11494206885162997, 0.053173582918253276, -0.24816501716829573], "aligned_model": [[-0.2303325421769911, -0.3229506166789249, -0.4937368126733429, -0.6708172268747548, 0.09124782952713553, 0.7946882867181104, 0.5004184432060118, 0.24033086533105502, 0.7285062979029491, 0.2525133162667385, -0.3964160087331162, 0.054921216681483004, 0.09788552976082215], [-0.5085410432636966, -0.4221878629443815, 0.27823966850291415, -0.04074803357919393, 0.5651392968089426, 0.3933751063810844, -0.201248752346574, 0.3991551355485098, -0.06512355559163888, -0.5978777332681039, 0.5500667559854423, -0.14959346585798752, 0.04135795931458496], [-0.5467102579685338, 0.05104244349241202, 0.24336164764256699, -0.4042473877211186, -0.7823117336789155, -0.3170251864644817, -0.649497664924009, 0.27502104776664105, 0.22949466128022603, -0.07781219976615056, -0.17932423103217038, 0.5222206267101442, -0.15397384579024506]], "inverted": true, "swapped": false, "error_lsq": 0.03417985283162048, "error_max": 0.22431324759964438, "target": "1110.xyz", "model": "19.xyz", "model_rescale": 3.9282355846067225, "target_rescale": 3.805588169726816},
{"mapping": [6, 3, 0, 4, 9, 12, 7, 10, 2, 5, 11, 1, 13], "R": [[0.9735152631687549, -0.19519886739641823, 0.11901863108196752], [-0.14316755313328666, -0.11463196880312472, 0.9830374171200947], [-0.17824445042496412, -0.9740415360216806, -0.13954211549646048]], "T": [0.028904624380262246, -0.0208978653200093, -0.2996847722674161], "aligned_model": [[-0.04168667122001457, -0.4529758871483153, -0.4565025105796276, -0.5995752653450539, 0.07606748970547687, 0.6295180882024111, 0.5991558719917695, 0.3938162859775351, 0.6205610357692551, 0.18084697004168393, -0.3328550292062943, 0.0028043981700600733, 0.0270838018982903], [-0.6007155229156952, -0.46096788791175486, 0.2090547301356277, 0.03211150098312428, 0.5418947218311047, 0.516547771301307, -0.16433575643907355, 0.5757974389079604, -0.1542012158854132, -0.6509465299534509, 0.5820052559329043, -0.19024745617374988, 0.006016425877011122], [-0.5923832638637865, 0.07512800361757671, 0.2933571363445182, -0.3393191037845099, -0.6990154538082365, -0.5702582373740924, -0.5054440062484399, 0.2033346529380856, 0.25788954381091034, -0.03960333110501024, -0.16184083607004918, 0.4297946932256569, -0.14140187813625768]], "inverted": false, "swapped": false, "error_lsq": 0.0409383189197489, "error_max": 0.23500930860765012, "target": "1110.xyz", "model": "20.xyz", "model_rescale": 4.067790424073018, "target_rescale": 3.805588169726816},
{"mapping": [13, 11, 12, 10, 7, 8, 5, 0, 2, 6, 9, 3, 14], "R": [[-0.7245730737844763, -0.07023486900648701, -0.6856098919372136], [0.5934765144530338, 0.4421843538535894, -0.6725017650532685], [0.3503990404370336, -0.8941700399715511, -0.27871213120006255]], "T": [0.14310549371940087, -0.01451222975422891, -0.1888592808079016], "aligned_model": [[-0.22537903385606242, -0.3220392961540962, -0.44943045792662895, -0.6116845713832122, 0.16821482592952783, 0.516928938309235, 0.3832078431595779, 0.4134272465614115, 0.6860663584396604, 0.40347117228688034, -0.43159952159275183, 0.04801527946217596, 0.06705979502145888], [-0.4291872278357213, -0.3859803659127507, 0.22750030774615806, -0.04732002255716857, 0.6981449606216136, 0.2780304418093388, -0.2122243456871223, 0.5177527336301178, -0.05198106807225624, -0.6641394855807475, 0.4781861900960929, -0.1579418830133083, -0.008826759554344539], [-0.6159275469911896, 0.06349761379100172, 0.23226415073829598, -0.5058804597651775, -0.4082976722765726, -0.5048382584543506, -0.6905832107380288, 0.19595000730095097, 0.3185966454322573, 0.05145518943218727, -0.36496240945967956, 0.6442858460273426, -0.20532197549067147]], "inverted": false, "swapped": false, "error_lsq": 0.03919176090413108, "error_max": 0.25178899482492295, "target": "1110.xyz", "model": "21.xyz", "model_rescale": 4.186013935880536, "target_rescale": 3.805588169726816},
{"mapping": [5, 11, 4, 3, 0, 1, 2, 7, 9, 8, 6, 10, 12], "R": [[-0.39150776865705417, 0.6707934579317106, -0.6298871358245005], [-0.6921583696542203, -0.6657393444392264, -0.2787613972257295], [-0.6063319704574271, 0.3268444003828846, 0.7249374314653413]], "T": [0.08128261585765088, -0.0006934341003321798, -0.12858474560874744], "aligned_model": [[-0.19032141169978306, -0.24428560556900092, -0.4374073574417295, -0.7949119548691264, 0.21118399157411544, 0.6713170539697976, 0.43891317330254476, 0.18435920278791906, 0.5250163942282586, 0.39000947262070834, -0.2791901830417638, 0.1361789367270259, 0.03539686566820999], [-0.253028419464347, -0.49606560220184076, 0.19779197406074606, -0.020072711368964574, 0.43295978866445756, 0.41375845847040704, -0.320908585594902, 0.6369471419196521, -0.20480250432125383, -0.7022432540843213, 0.4054123228649259, 0.1556147847753424, -0.0033499180299996854], [-0.8076260429469719, 0.08953844660005145, 0.33958232191553267, -0.4188366578816074, -0.6914870070885296, -0.25192260078128415, -0.693617349977695, 0.2194288359086452, 0.25467832543362057, -0.142138663760011, -0.25101972602893396, 0.6892499365274324, -0.12559189837388363]], "inverted": false, "swapped": false, "error_lsq": 0.053125344628158135, "error_max": 0.3141007857582029, "target": "1110.xyz", "model": "22.xyz", "model_rescale": 4.166573947596378, "target_rescale": 3.805588169726816},
{"mapping": [11, 12, 6, 2, 4, 8, 9, 7, 10, 14, 1, 13, 15], "R": [[0.4119862669800126, 0.424162170279377, -0.8064451432823952], [0.8459967910678007, 0.15069148406465194, 0.5114503945969511], [0.3384623248204415, -0.8929605422045712, -0.296757012963233]], "T": [0.047745181303768, 0.030438904746545835, -0.20315222181501566], "aligned_model": [[-0.21059924799042826, -0.2846102371357902, -0.6516027407483765, -0.5304728519855332, 0.01655466481892833, 0.6498728716971173, 0.4330986178311998, 0.4430969955127395, 0.6200863387819758, 0.2956264922902512, -0.3932131322322057, 0.24722613372956856, 0.011194673687729494], [-0.5409781113086198, -0.5188058755250846, 0.04103533407036746, 0.21863471675362797, 0.6092238677926564, 0.40356824081189596, -0.321801512330717, 0.4439954839530954, -0.058765037826933604, -0.5994550375637924, 0.566371244214646, -0.07950993097154144, 0.07850009362030161], [-0.6815182710301227, -0.07180762768396096, 0.09669412479237063, -0.4913457011151888, -0.6546925097160128, -0.5934032733833468, -0.49959544372408327, 0.2258670626546543, 0.2716208705037586, 0.20644055195499214, -0.040574996771344685, 0.6122812469850312, -0.16972811392038117]], "inverted": true, "swapped": false, "error_lsq": 0.04992994659273946, "error_max": 0.2938819318871726, "target": "1110.xyz", "model": "23.xyz", "model_rescale": 4.274766983524099, "target_rescale": 3.805588169726816},
{"mapping": [0, 10, 4, 6, 7, 8, 9, 11, 1, 2, 12], "R": [[0.8823656506118395, 0.46844790542125575, -0.04458047248273049], [0.4635919148370246, -0.8816298803885436, -0.08838150543990068], [-0.08070560772391323, 0.05731765794692349, -0.9950885844835089]], "T": [-0.007918159791507347, 0.13071744188647041, 0.10905727242012903], "aligned_model": [[0.35669407690636745, 0.03979961760833983, -0.4180061124455388, -0.33610743377292657, -0.5176562275314737, -0.5663763547848408, -0.04776993695220579, 0.0422502181271458, 0.531422892928466, 0.33699280640837254, -0.041348842533630935], [-0.31247794312962973, 0.7754433406034975, 0.5614940079119011, -0.3153138376946052, 0.48566365930552, -0.25686373184704336, -0.5795527169699926, 0.04821019931296455, -0.09461921536431811, 0.5371778936031469, 0.06642487551204206], [-0.5237806169304917, -0.1254209856316078, -0.5504312957223849, -0.4211396463492238, 0.21471006448798358, 0.44524439750600164, 0.1468076171957846, 0.7700044922363554, 0.14948329106374988, 0.3414570450151181, -0.06736792884970783]], "inverted": true, "swapped": true, "error_lsq": 0.04992568385421174, "error_max": 0.27290295482329546, "target": "1110.xyz", "model": "24.xyz", "model_rescale": 3.7841303162186577, "target_rescale": 3.805588169726816},
{"mapping": [2, 9, 14, 12, 3, 6, 4, 11, 7, 8, 13, 10, 15], "R": [[-0.7144973819880994, 0.38205398541090774, 0.5861128247733483], [-0.6864754678046823, -0.22109231994495743, -0.6927262216515981], [-0.13507376960200107, -0.8973031473771829, 0.42024057213994354]], "T": [0.1470600922303029, -0.09628064269191275, -0.09380884005260462], "aligned_model": [[-0.18811248839802439, -0.3592792025547741, -0.5559278546200639, -0.5373168276274609, 0.14043983180018885, 0.6659726959327745, 0.40325027051601525, 0.29164899599182603, 0.612456632267227, 0.24053102884926456, -0.27959536010220476, 0.02600095115949716, 0.1861899050429111], [-0.5628194963702972, -0.36562942237739837, 0.052255977551474736, 0.04876708224455342, 0.48415546584990987, 0.3100735251093514, -0.15527435931555722, 0.6162436458989466, 0.06902658627002586, -0.6754581731425402, 0.5591632868269699, -0.08864271204049587, -0.04984793081504105], [-0.5824742338862873, 0.021136633823552103, 0.24241100073663088, -0.3866591353997163, -0.6524249727285363, -0.38983662974859334, -0.7920857742321743, 0.15283007869262635, 0.32913931359609494, -0.16643360075823063, -0.1127397017030862, 0.6746581089151188, -0.1272831677610327]], "inverted": true, "swapped": false, "error_lsq": 0.03990466329652909, "error_max": 0.22296920607936763, "target": "1110.xyz", "model": "25.xyz", "model_rescale": 4.19342608120988, "target_rescale": 3.805588169726816},
{"mapping": [1, 2, 3, 6, 0, 9, 4, 8, 10, 11, 7, 12], "R": [[0.4035950448086019, -0.719802745618787, -0.5647964652913462], [-0.8495392395218935, -0.5240145502173502, 0.06076044497097871], [-0.3396971008391237, 0.4552941450976109, -0.822990352994086]], "T": [0.034772343013841765, 0.002732428525520628, 0.04521104306337367], "aligned_model": [[-0.11811120588245955, 0.5177205718294842, 0.09442330190932577, -0.6273114862286462, -0.6443906961597824, -0.5676420447372107, 0.07020070329747893, -0.16355930448596398, 0.4843628167805437, 0.28773974416451015, 0.37324656822857577, -0.10887041408407508], [-0.5504475406666615, -0.32099622630843516, -0.5343049870896803, 0.31382435687307675, -0.3750142000364394, -0.0029208666860568878, 0.45342132631871856, 0.5282490121351786, 0.0007376196283706378, -0.06700217980279359, 0.531307273156428, 0.035922840219274534], [0.1631864023331448, 0.03320712536565933, -0.6130317961294854, -0.18419621437697337, -0.3096031019163097, 0.4254240056505368, -0.7191776662677271, 0.554733744042055, -0.47516665716131234, 0.6594749252502109, -0.009798591763597604, -0.07579371381678054]], "inverted": true, "swapped": true, "error_lsq": 0.043129994531612925, "error_max": 0.24507372814601053, "target": "1110.xyz", "model": "26.xyz", "model_rescale": 3.795458400668931, "target_rescale": 3.805588169726816},
{"mapping": [8, 5, 10, 11, 9, 2, 1, 3, 0, 6, 4, 7, 12], "R": [[-0.5298724335082904, 0.7919469050796283, 0.30340616958592137], [-0.3121432195053354, -0.5147607702148659, 0.7984910519001713], [0.7885441108301086, 0.328392218212607, 0.5199583986171943]], "T": [0.03269776060833839, 0.04113069910742259, -0.2670424138128325], "aligned_model": [[-0.23166988820923518, -0.25332622228308277, -0.5028813571602123, -0.6044101273685168, 0.1613236086197679, 0.7992527854007992, 0.4275469910190183, 0.2676281076266305, 0.7463908652427859, 0.2597560910102888, -0.4867423929831448, 0.020343101740151658, 0.04304701560192595], [-0.5596175991913324, -0.5273807819490929, 0.12600405281442761, 0.16172505006242677, 0.3855214592225674, 0.4344347263702111, -0.26130072811761773, 0.5378409665519405, 0.06761262452592717, -0.7420072441013533, 0.6792822334203426, -0.048196648306704754, -0.011904635611840027], [-0.5832115749528628, 0.13525777882705364, 0.1951674421509046, -0.568911811613846, -0.488908782796646, -0.4474315764681976, -0.5879512600946826, 0.22607339521474007, 0.15865002459344985, -0.1392674703470937, -0.11936801275595421, 0.540469868469996, -0.11033010068049515]], "inverted": true, "swapped": false, "error_lsq": 0.04430935909394717, "error_max": 0.2734394400190873, "target": "1110.xyz", "model": "27.xyz", "model_rescale": 3.6321398670334006, "target_rescale": 3.805588169726816},
{"mapping": [1, 13, 11, 2, 3, 7, 4, 8, 12, 6, 0, 9, 14], "R": [[-0.7808310692713486, -0.2707832824043149, -0.5630091075914384], [0.5785430543123347, -0.6535166514550338, -0.4880613901733625], [-0.23577696148588748, -0.70681850587074, 0.6669458930011769]], "T": [0.03285746512109577, 0.131701508366042, -0.0879978387505464], "aligned_model": [[-0.16553692100424305, -0.3367279036507317, -0.5441877560069315, -0.6788813567173854, 0.13392197202756842, 0.7288781864713156, 0.3968350187968871, 0.3587005285416103, 0.7756951857102848, 0.340555901312924, -0.3542245520039379, -0.008600193169718336, -0.00016953205046622843], [-0.15001989673717753, -0.5751888263539529, 0.05349816472568647, -0.05384668093708153, 0.5383955570503468, 0.278537626511429, -0.3830169720797123, 0.5002161958740347, 0.02463937793150356, -0.5672140713851161, 0.6165168125760311, -0.12194392764963347, 0.08144011616354385], [-0.6611818524903945, 0.08575497930802772, 0.18297981020871334, -0.392042872695715, -0.6320070263299225, -0.3960265612148164, -0.6256338482093915, 0.07028304735445465, 0.25875791384286845, 0.05603730240248059, -0.15532782495310898, 0.5288630990447472, -0.1102182467215773]], "inverted": true, "swapped": false, "error_lsq": 0.04480581220437001, "error_max": 0.37534483275611935, "target": "1110.xyz", "model": "28.xyz", "model_rescale": 4.156811204709835, "target_rescale": 3.805588169726816},
