[{"mapping": [14, 5, 7, 3, 8, 6, 2, 11, 0, 13, 10, 1, 12, 15], "R": [[-0.9086523062721414, 0.376373160770742, -0.1808154588461942], [-0.10811486771060058, 0.20619868798332375, 0.9725190365508921], [0.4033139740775639, 0.9032305048687169, -0.14667137889978749]], "T": [-0.05760833297532622, 0.019116015065367628, 0.1849437291579925], "aligned_model": [[0.15811385009309278, 0.15807084942502617, -0.5524551559469463, -0.47876846713094556, -0.6749465095488106, 0.10743059110261549, -0.7405530960016801, -0.0856091936587505, -0.24349161302146902, 0.3855807776563317, 0.5368052367671435, 0.2321569839484006, 0.600988916403238, -0.031831068958942735], [-0.7224168587900672, -0.4803126732858424, -0.37522337362821473, -0.35113487360932116, 0.3088832734545036, 0.20312064411277309, 0.10986928411112633, 0.49184838335351627, 0.7812555125763715, -0.06191419520830828, 0.5943754618889728, 0.6953209920452617, -0.027623516438706724, 0.0692252712279702], [0.27941480389012585, -0.3353237078418695, 0.21817639903206826, -0.2914709822742855, 0.5437828444893489, -0.4648894362338336, -0.1043156938430384, 0.8251268207393831, 0.19032171122546065, 0.6318418273721291, 0.4176959621660672, -0.16109150973608632, -0.015792601991357735, 0.16411165018572163]], "inverted": true, "swapped": true, "error_lsq": 0.04150093088453967, "error_max": 0.30619629791269715, "target": "1112.xyz", "model": "0.xyz", "model_rescale": 3.8414455957264533, "target_rescale": 4.2343395372182515},
{"mapping": [6, 3, 0, 2, 4, 8, 11, 1, 13, 10, 9, 5, 14, 12, 15], "R": [[0.28722729344315956, 0.9459235664336144, -0.15076169396378197], [-0.53641077648556, 0.028445974527186918, -0.8434775073488074], [-0.7935766886517498, 0.3231399588393713, 0.5155740550394421]], "T": [0.03336168248299814, 0.10375350126013114, -0.14124052563805128], "aligned_model": [[-0.5881152364101637, -0.49734214988747466, 0.029209680096010028, -0.3356234122728981, -0.5088533479688941, 0.3189932749661177, 0.6734323734940255, -0.26283837387829395, 0.5296273902004085, 0.34701844229113593, 0.5605517883184837, -0.46522423290266557, 0.1406051975048055, -0.08610938699091847, 0.01671214694486601], [0.11544113827913968, 0.1416943452660806, -0.5940594947254391, -0.38987928075444545, -0.42322954203965235, -0.5411157028003398, -0.3149081071998232, -0.1960618843788228, 0.423487442516019, 0.039769825291218835, -0.03455973218241434, 0.6566920432681027, 0.7987096046438128, 0.5810490639897206, 0.0840148088698576], [0.17022140018726173, -0.6495184920096875, 0.21719763313968982, -0.5637300466335853, -0.00494079582048243, -0.45171645386952214, 0.08040400753033364, 0.5539815665645065, 0.0915489653180539, 0.6562242392639455, -0.4638065629198152, -0.2521268828360343, -0.4742070255936565, 0.34264541618598643, -0.08699518116745891]], "inverted": true, "swapped": true, "error_lsq": 0.030595700630406914, "error_max": 0.2102615635693408, "target": "1112.xyz", "model": "1.xyz", "model_rescale": 4.316132596720782, "target_rescale": 4.2343395372182515},
{"mapping": [7, 2, 3, 13, 14, 9, 12, 11, 6, 8, 1, 15], "R": [[0.026459167723059895, 0.6271279256172086, -0.7784667477512831], [0.6201065413107638, -0.6210978543458047, -0.4792758420269477], [-0.7840712913166793, -0.47005108258368516, -0.40531986121444946]], "T": [-0.04719000189939412, 0.038382344093287814, -0.09207683095321259], "aligned_model": [[-0.1442847223141622, 0.4509127333459635, 0.19722772418593687, -0.5635614115624261, -0.656219692758168, -0.4053520274849592, -0.17021836736422014, -0.18175047458870766, 0.4598536095983134, 0.1052476150813533, 0.5162355170543681, -0.010281948561511128], [-0.5659868169709943, -0.4564829615381432, -0.6203214726070452, 0.407242649991752, -0.2759174086272236, -0.07959760618017264, 0.427156397107291, 0.4850932604543377, 0.12096989224256235, -0.12234067084144798, 0.6081415055643226, 0.0848196591457413], [0.07160540525257528, 0.16350625417940592, -0.31071308932580505, -0.09033471672255318, -0.4603570888132297, 0.41675467495590424, -0.6488072435692747, 0.553242599535705, -0.5605474978523167, 0.6460070967817984, -0.22949472954097241, -0.1016032036718161]], "inverted": false, "swapped": true, "error_lsq": 0.04401599384643859, "error_max": 0.249782255898505, "target": "1112.xyz", "model": "2.xyz", "model_rescale": 3.795458400668931, "target_rescale": 4.2343395372182515},
{"mapping": [5, 14, 7, 11, 6, 0, 9, 12, 13, 10, 2, 15], "R": [[-0.8611702826692054, 0.4087546962725539, 0.30216773904997424], [0.10373693596413411, -0.44061314448577704, 0.8916830743168389], [0.49761872187872336, 0.7992369205570324, 0.33703998643231897]], "T": [-0.00917294316639753, 0.026490141189824762, 0.03443041095271536], "aligned_model": [[-0.042688046003103504, -0.17053841759915422, -0.632065115742346, 0.17454854949901885, 0.2376400939738826, 0.18597202484403197, -0.3033025842593761, 0.5539988664302572, 0.33337730715915637, 0.7807985668407876, -0.5620742881970883, 0.03763686879749869], [-0.1931694881701921, -0.6777529249086038, -0.08291256216941409, 0.08826097809078562, 0.41415610418624826, 0.6853090187616635, -0.2107521578078946, -0.1890120136286441, -0.43983796173864953, 0.10285278681426571, 0.5245151110954112, 0.06411215476473334], [-0.6847713101122199, -0.25424715095767075, -0.004527667395666221, 0.8067807898704625, -0.48727555858039684, 0.4129991077216731, 0.5426750886824633, -0.30116805370670285, 0.29500251108609266, 0.36388190169791623, -0.03333352485606571, 0.03275529718921488]], "inverted": true, "swapped": true, "error_lsq": 0.041065367547317926, "error_max": 0.2107801272807115, "target": "1112.xyz", "model": "3.xyz", "model_rescale": 3.7530521520055578, "target_rescale": 4.2343395372182515},
{"mapping": [2, 1, 0, 10, 8, 12, 7, 5, 14, 13, 15], "R": [[-0.18437960910068957, -0.9169037064436764, -0.35396575096713134], [0.8877996685943413, -0.30988584339724806, 0.3402682948876576], [-0.4216822360399529, -0.25151214120162185, 0.8711634373850413]], "T": [-0.08082852441239512, -0.07974875053377697, 0.07582804044955317], "aligned_model": [[-0.3578431561225123, 0.004874134751721507, 0.2938959585169096, 0.47997641155103693, 0.3030611945540332, -0.20078447447057268, -0.3111956223906105, -0.7552780552664086, -0.35665198552279676, 0.308042192013428, -0.06989699516902328], [-0.7597021815571818, 0.09975230398765506, -0.3933221883064031, 0.4006990635344515, -0.7474399574590135, 0.5825432485403187, -0.5005966314318874, 0.23278546837703526, 0.256866026960731, 0.35796177199637336, -0.062343566327733135], [-0.06290531689651403, -0.7124561227674063, -0.5379238566350734, -0.36359458843992815, 0.10140410050224792, -0.07651982906495856, 0.48971136137461596, 0.19442366773871317, 0.7207650583904918, 0.320551266400295, 0.019375036642832827]], "inverted": false, "swapped": true, "error_lsq": 0.04278415199770942, "error_max": 0.24015692409044861, "target": "1112.xyz", "model": "4.xyz", "model_rescale": 3.7855080009869324, "target_rescale": 4.2343395372182515},
{"mapping": [9, 14, 0, 1, 2, 11, 12, 4, 5, 7, 15, 10, 13, 8, 6, 16], "R": [[-0.5836004496868346, 0.18200813630601703, -0.7913807891550912], [0.36120765101024904, 0.9310205346279231, -0.052247458816622294], [0.727282302807502, -0.3163444363657228, -0.6090867340563826]], "T": [0.009241426400123686, 0.014361249032527432, -0.1122603570430278], "aligned_model": [[0.03381705078863027, 0.48277798578909004, -0.6090757373475304, -0.15754228040238585, -0.0441058411549304, 0.36881333078385814, 0.4818116411432761, -0.5054257758733832, -0.779409759402661, -0.47731970743355934, 0.5183607394938399, -0.23550730284343294, 0.6464243087215114, 0.27340584033341, 0.013068115660369228, 0.0348412706470055], [-0.17612452145112856, 0.15949706685158488, 0.4826974615708392, 0.7365997404877245, 0.4573334708971479, 0.43406508185827913, 0.5023275293868303, 0.24744127573195107, -0.12435128612607495, -0.39229027820473417, -0.5512255520602818, -0.6307364408697278, -0.07143971928075521, -0.5977963847868535, -0.04807064278229321, 0.023571021093376842], [-0.7978442171055335, -0.5731248922818795, -0.19483735360284044, 0.04155347716932668, -0.701085770284867, 0.4595726313281993, -0.07186772918905436, 0.3650154080269211, -0.23012207407208896, 0.28681641541309016, -0.4288471573844848, -0.34659196842041445, 0.22166150086464226, 0.11310616161393765, 0.5374816559134152, -0.1585915589366518]], "inverted": true, "swapped": false, "error_lsq": 0.034263726348438016, "error_max": 0.24762657425251072, "target": "1112.xyz", "model": "5.xyz", "model_rescale": 4.2253639853439635, "target_rescale": 4.2343395372182515},
{"mapping": [8, 11, 1, 4, 0, 12, 6, 2, 13, 9, 10, 5, 3, 15], "R": [[-0.8348184229574591, 0.502230496941226, 0.2254833222945551], [-0.05376114090267671, -0.4819927087970697, 0.874524309779497], [0.5478940959890548, 0.7179467644669988, 0.4293768775466422]], "T": [0.08783227916343321, 0.129342284498003, 0.08173345499008353], "aligned_model": [[0.4978464989956671, -0.13575131539464447, -0.4252532028657316, 0.21200201204300806, -0.0588986504982983, -0.4732507489037738, -0.08334260347254609, 0.693904829272117, -0.31806310595651144, 0.32286572281162457, -0.7083513816887226, 0.14219808064416284, 0.6626521364694388, 0.04550388130199363], [-0.05941068147357284, 0.13808302941826783, -0.5007930593419118, -0.6245238680700522, -0.4984205689775063, 0.23867441680272342, -0.34230737564043545, -0.30717703345163205, 0.5810743748211009, 0.45637885963798575, 0.00293629721558078, 0.2655507317831229, 0.008320251651076055, 0.08671377226024295], [-0.5428445276137858, -0.6824839922039525, 0.10683789514358485, 0.16268767026416645, -0.36528104615618395, 0.46833701912027825, 0.5630072341020276, 0.0605752876770575, -0.10235198130932696, -0.407056035006792, -0.21581927915169305, 0.8200534052752121, 0.5248681474344661, 0.08102841135639022]], "inverted": false, "swapped": true, "error_lsq": 0.04086396845409679, "error_max": 0.24587625804283847, "target": "1112.xyz", "model": "6.xyz", "model_rescale": 3.89814844738969, "target_rescale": 4.2343395372182515},
{"mapping": [11, 10, 1, 9, 4, 12, 13, 8, 7, 5, 6, 3, 15], "R": [[0.14790961473885045, -0.31282456036201683, 0.9382236089025451], [-0.8797903690236883, -0.4749550285871127, -0.019662842952573922], [0.4517650411895186, -0.8225317715773208, -0.3454704506971714]], "T": [-0.1489216680424097, 0.03666600729587085, 0.017389701348604566], "aligned_model": [[0.025384064330573858, -0.00495997856603006, 0.41617468507946265, -0.320996857448563, 0.5648783229854726, -0.3932238959406829, -0.5643746551285936, 0.22316641394696052, -0.28025332865029395, -0.4678274060207507, 0.16882039374230956, -0.10756019576851242, -0.11059576165713053], [-0.4911296433465883, 0.2133233665921898, 0.47294084869592246, -0.5699756298802394, 0.23822027756338104, 0.6055634266717744, -0.03391072020288372, -0.635277608383868, -0.28952786375308937, 0.5885525180161719, 0.6431312392968941, 0.15394511772278183, 0.06792593647803903], [-0.5528239373850393, -0.8111582661183303, -0.3715677137889511, -0.04164300042717342, 0.21776767535602054, -0.2874088272057673, -0.45707645550941794, 0.07967321096337081, 0.5444863674729153, 0.41782089399093697, 0.13829709302330379, 0.7426257975988427, -0.016717807134414852]], "inverted": true, "swapped": true, "error_lsq": 0.04633033208170077, "error_max": 0.23536199356542242, "target": "1112.xyz", "model": "7.xyz", "model_rescale": 3.7474275329858107, "target_rescale": 4.2343395372182515},
{"mapping": [13, 14, 5, 12, 3, 1, 10, 0, 6, 4, 11, 8, 9, 7, 15], "R": [[0.32264742349887415, -0.8160862066022113, -0.47948091046792557], [0.8021465529450379, 0.5046648684586001, -0.3191775025625358], [0.5024535279087329, -0.28163216069418734, 0.8174495570705214]], "T": [0.04013203594264747, -0.014150624503721877, -0.034600247600197115], "aligned_model": [[-0.3730884758434844, 0.375060874923871, 0.5429084515234813, -0.1591255993521532, 0.7599942745992918, -0.37569125028908373, -0.7752001882604238, -0.37750328281498113, 0.18091802988307562, 0.15502764246131223, -0.6055232267143115, -0.02934771385846041, -0.06126245748594086, 0.540461143830027, 0.004525499736526939], [0.16553558750155814, 0.17740847979841792, -0.4013963022683294, -0.4832217159340188, -0.09656654183786614, -0.6376459280995804, -0.27649312939570864, -0.14361662154187035, -0.6843623813030424, -0.4336613305053931, 0.3896742663849721, 0.4944601593672882, 0.6104520311013576, 0.36700258375432554, -0.05845119504251755], [-0.48143586256535276, -0.7102182088880838, -0.43942291428255853, -0.4998944569974848, 0.09361258468149228, 0.2805221054027608, -0.10412937334690617, 0.6167502158949079, 0.08529219491813819, 0.5987208800076521, 0.19809928027888782, 0.5401385051204748, -0.008152450768222283, 0.04204411072127259, -0.01513195448071665]], "inverted": true, "swapped": true, "error_lsq": 0.04432372467159169, "error_max": 0.2726221726414068, "target": "1112.xyz", "model": "8.xyz", "model_rescale": 4.019505241142653, "target_rescale": 4.2343395372182515},
{"mapping": [8, 9, 2, 4, 0, 6, 5, 11, 10, 13, 14, 12, 15], "R": [[0.7221326703531413, 0.5255168015800344, -0.44984052470373603], [0.27954944258872966, 0.3731282662972869, 0.8846623118672524], [0.6327531237038442, -0.7645962255642335, 0.12254018237278713]], "T": [-0.017716612795486114, 0.02700386149334373, -0.01898862278962836], "aligned_model": [[-0.43100044082645017, -0.6287993331382425, 0.0023718620981801886, 0.49132806759903913, 0.21806051860753006, 0.660022739227439, 0.29304413852141364, -0.36834218194089596, 0.2470171417993645, -0.25538085266709565, -0.31691569112640505, 0.3785584002524536, 0.02973640333484534], [-0.5195328410125025, -0.13910784452047292, -0.14956036841464765, -0.32542578615557216, -0.7168742362820225, 0.11319865658366211, 0.7055072315412726, -0.6143214496770447, -0.4066831105363991, 0.07871992786961436, 0.7283995413815764, 0.3137894557986318, -0.0047309484620366715], [-0.3715947901822738, -0.009313052134674857, -0.7447587274894213, -0.47390920964175903, -0.09956560533193724, -0.14790146479430216, -0.11740438751286573, 0.29701436214358945, 0.674016553593505, 0.567135553909903, 0.13546479736415667, 0.4677866151491463, -0.0002671510291874825]], "inverted": false, "swapped": true, "error_lsq": 0.04605809451516069, "error_max": 0.26265502851011163, "target": "1112.xyz", "model": "9.xyz", "model_rescale": 3.877068213659057, "target_rescale": 4.2343395372182515},
{"mapping": [6, 13, 5, 1, 3, 7, 4, 0, 12, 11, 14, 10, 2, 9, 8, 15], "R": [[0.7214346348274472, 0.24590816306495022, -0.6473493979370103], [0.030734098196655027, 0.9225326585346028, 0.38469326631111733], [0.6918001755416273, -0.2974267460654805, 0.6579892459953081]], "T": [0.03373797792296237, 0.015144605460235772, -0.14974143073956858], "aligned_model": [[-0.1372280347672277, 0.5837407955606047, -0.4443432710097327, -0.2135038714108308, -0.042014831881566024, 0.3931205458903323, 0.3799257395303241, -0.6476728388291216, -0.6769139942304315, -0.47889668387518186, 0.47469305649930366, -0.11484292790285816, 0.6719872097670607, 0.321827327424148, 0.020791896482917148, -0.045736238344633064], [-0.17042434424830188, -0.08654980298261741, 0.6319727223181377, 0.6919843434107426, 0.43993485424879486, 0.4670231745302436, 0.5960714065986433, 0.13484915334878972, 0.0002979087184944301, -0.4190684495366821, -0.6030880984777041, -0.6673393027703556, -0.020165716679174772, -0.46716821713917817, -0.10387132727455822, 0.027039518250611034], [-0.7124486037289803, -0.6834020380976382, -0.1939775688510546, 0.33364872976489346, -0.6151188034910788, 0.4272650666876522, -0.17746804570339925, 0.24410645317228474, -0.3798469843098392, 0.15574179737132116, -0.3310381187895751, -0.2736373906823947, 0.028433924319245324, 0.19670361794755442, 0.6124859254598221, -0.1091534320170957]], "inverted": true, "swapped": false, "error_lsq": 0.033484374531711, "error_max": 0.19360135488716526, "target": "1112.xyz", "model": "10.xyz", "model_rescale": 4.260839863003843, "target_rescale": 4.2343395372182515},
{"mapping": [10, 13, 9, 11, 2, 0, 1, 12, 14, 3, 6, 15], "R": [[0.9368617255977086, -0.08789334914533024, 0.33847432145747935], [0.30782815977392974, 0.6665295457490542, -0.6789552184744998], [-0.16592748765734988, 0.7402790850885745, 0.6515020683160903]], "T": [-0.04120684406426632, -0.04742609277528843, 0.07956213062931933], "aligned_model": [[0.34226958094062754, 0.28365777896361477, -0.4143684179713498, -0.3261324610352372, -0.634038390683465, -0.37817624826004675, 0.17704302456174575, 0.6412894948015477, 0.29481054531777806, -0.24323646332836524, 0.23794057591821494, -0.022160370130934297], [0.024472534947416823, -0.5031474534066351, -0.5436322331363911, -0.3105312593418088, 0.3060482372195956, 0.3894476220116724, 0.5871673200289298, 0.030485224939361934, -0.5580939341408311, 0.17962452193659076, 0.5760148737859793, -0.004776949310946271], [-0.6860754754357756, -0.21957230589739513, -0.04549270802536429, -0.6159142493382226, 0.3657917139191333, -0.4781394993865327, -0.3793667218205921, 0.013542668769504926, 0.5608546789459141, 0.7496849609630112, 0.20908730943681955, 0.041777705265004746]], "inverted": false, "swapped": true, "error_lsq": 0.040693820032288636, "error_max": 0.21640275849881105, "target": "1112.xyz", "model": "11.xyz", "model_rescale": 3.890672605050136, "target_rescale": 4.2343395372182515},
{"mapping": [10, 1, 4, 11, 0, 14, 12, 9, 13, 5, 2, 6, 7, 15], "R": [[0.47967216322085043, 0.40242622577372833, 0.7797228665625642], [0.07719490080783697, -0.9045346034721676, 0.41935438284429183], [0.8740455154740503, -0.14096199463316667, -0.4649453225366839]], "T": [0.04193619737009337, -0.03605918790381511, 0.2015631848218167], "aligned_model": [[0.34621524466367876, 0.29933484959845813, 0.321349754268848, 0.7103610362965258, 0.7250318292633253, -0.5933939774730166, -0.36395567818870583, 0.3294176989177618, -0.01276576268852761, -0.6743253320521746, 0.27606822902530553, -0.17061434225941013, -0.04415598761409774, 0.06130827303572234], [-0.39990448169051074, 0.2602294230611213, 0.6531925138706994, -0.4642375306938193, 0.2121125435725878, -0.3789660780329961, -0.19626338262333054, -0.4062631315526507, -0.6475796152064363, 0.19353097454972962, 0.5605725515104353, 0.4735050073554896, 0.09249686908674142, -0.020273143379296137], [-0.5149948299902517, -0.5104174955229935, 0.008830106851500069, 0.1385880115801342, -0.09378284874312967, 0.4915671173346472, -0.3330548065394586, 0.6274883343710898, 0.04109245383247767, 0.17185612765136363, 0.5856640547232431, -0.220983015998617, 0.8160083149375839, 0.14692891086927257]], "inverted": true, "swapped": true, "error_lsq": 0.045783350149100954, "error_max": 0.2768133125553747, "target": "1112.xyz", "model": "12.xyz", "model_rescale": 4.124412569039231, "target_rescale": 4.2343395372182515},
{"mapping": [7, 3, 4, 14, 8, 9, 5, 13, 6, 12, 0, 1, 15], "R": [[0.2592840797695297, 0.2406588150852757, 0.9353368915528885], [-0.45035032557318727, -0.8265975838783259, 0.3375218786725367], [0.85437483005657, -0.5087433233451477, -0.10594281814989692]], "T": [0.10079429537387596, 0.008878478308811305, -0.028653111407753035], "aligned_model": [[-0.10483044919830348, -0.19970743415663256, 0.547165748753981, -0.6400528338979053, 0.6308639017222794, 0.19887196971182258, -0.5281628020146374, -0.03132143170519852, 0.10023702441560867, -0.18671292971920633, 0.8699047918662439, 0.575532165268447, 0.13551058646325853], [-0.12338853881245218, 0.38262283669583963, 0.6017014056366126, -0.22861371827539273, -0.30502695897100185, -0.5743877970491225, 0.4224352629781125, -0.428375695112888, 0.6883641390829931, 0.21991269164000748, 0.15410505656722268, 0.49758689253123833, 0.040549799597308415], [0.5559024827223201, 0.529420738148485, 0.1703428331831341, -0.020002397649938497, 0.43430108487200814, 0.1978199078911598, -0.03156618025445949, -0.4691694169295376, -0.1758863245975454, -0.6194442349535386, -0.08172302106259537, -0.4722131829842364, -0.06608420741741645]], "inverted": true, "swapped": true, "error_lsq": 0.04591256363150991, "error_max": 0.3064995437886232, "target": "1112.xyz", "model": "13.xyz", "model_rescale": 3.9028299243045295, "target_rescale": 4.2343395372182515},
{"mapping": [8, 1, 13, 14, 12, 9, 11, 10, 5, 4, 2, 0, 6, 3, 7, 15], "R": [[0.663124943261074, -0.5119278306979186, 0.5460725279501991], [-0.2537350160595202, -0.840092866768555, -0.4794397947916571], [0.7041902095671827, 0.179370765069212, -0.6869805509533826]], "T": [0.018341476112555752, -0.025403759271393253, -0.14158521026000248], "aligned_model": [[-0.26595302343594335, 0.6107231017548078, -0.5478330393180958, -0.12682008552713564, -0.06081528791110517, 0.35641854529661776, 0.3744440814834672, -0.4655821409033398, -0.4597120991638729, -0.44526607222075043, 0.3974140888732023, -0.1843636969964082, 0.6089240411398092, 0.18989219302204857, 0.009399937385871457, 0.05406333542393447], [-0.28983993101881067, 0.15863283083954471, 0.5058257863697727, 0.8045536093475646, 0.4073744698929699, 0.37358265207455077, 0.6187690862838455, 0.22434910438561206, -0.02200985936983786, -0.4096073566195486, -0.4336047258315616, -0.8120218344419317, -0.11115867097802797, -0.5508990358353775, -0.025531608801972902, 0.013083306019093285], [-0.8092357986336386, -0.335010386606277, -0.314480958356887, 0.12887650621827124, -0.6807303669956878, 0.4305679120043634, -0.2055302478723281, 0.36713282759432064, -0.32476570666732985, 0.16957216277786452, -0.6230680185823202, -0.30699085059488096, 0.15551172889160547, 0.1467106639299205, 0.7642558289830135, -0.04052076703829237]], "inverted": true, "swapped": false, "error_lsq": 0.04358293779640376, "error_max": 0.3607311507813551, "target": "1112.xyz", "model": "14.xyz", "model_rescale": 3.942246331269136, "target_rescale": 4.2343395372182515},
{"mapping": [10, 11, 0, 9, 7, 8, 6, 1, 12, 4, 3, 5, 13, 14, 15], "R": [[0.7608185515691239, -0.6354095486737441, -0.13194634152749116], [-0.5024351917412857, -0.7054161813908655, 0.49994688631076345], [-0.41074810978038356, -0.3140743804995223, -0.8559458358013569]], "T": [-0.02824046534793853, -0.050029949273831836, 0.016689744846298406], "aligned_model": [[-0.8213074376851663, -0.3229243820130133, -0.12139292543652372, 0.10706895416254306, 0.5468666060735218, 0.3435710630807074, -0.07974570042017405, -0.43621502241345855, -0.5596406596753092, 0.21477359701251, 0.5980825037435471, 0.07570579868427738, -0.5130671823508085, 0.006085924428071501, -0.0635671006585146], [0.024530930471373752, -0.45064860877996915, 0.22745231590094386, -0.6320299599139318, -0.28597000663425076, -0.3253437167561367, 0.6326508952926586, 0.5622543065437942, 0.18108290695941912, 0.580071688008456, 0.19633205220497243, 0.24943243101615034, -0.4455115448687349, -0.4075422970174363, -0.008616702545657925], [-0.3056609610991283, -0.6052108982531266, -0.7111593754053346, -0.19325347426420994, 0.13943129348035685, -0.5995857744983168, 0.13782094659454935, -0.3291747477021815, 0.3914305572621256, -0.34964613342805567, 0.3141084044009072, 0.699435808515876, 0.12269802269674171, 0.7068625256866837, -0.008733713626371008]], "inverted": true, "swapped": true, "error_lsq": 0.04581984774141848, "error_max": 0.2848095823208862, "target": "1112.xyz", "model": "15.xyz", "model_rescale": 4.355366556412066, "target_rescale": 4.2343395372182515},
{"mapping": [7, 2, 3, 13, 14, 9, 12, 11, 6, 8, 1, 15], "R": [[0.026459167723059895, 0.6271279256172086, -0.7784667477512831], [0.6201065413107638, -0.6210978543458047, -0.4792758420269477], [-0.7840712913166793, -0.47005108258368516, -0.40531986121444946]], "T": [-0.04719000189939412, 0.038382344093287814, -0.09207683095321259], "aligned_model": [[-0.1442847223141622, 0.4509127333459635, 0.19722772418593687, -0.5635614115624261, -0.656219692758168, -0.4053520274849592, -0.17021836736422014, -0.18175047458870766, 0.4598536095983134, 0.1052476150813533, 0.5162355170543681, -0.010281948561511128], [-0.5659868169709943, -0.4564829615381432, -0.6203214726070452, 0.407242649991752, -0.2759174086272236, -0.07959760618017264, 0.427156397107291, 0.4850932604543377, 0.12096989224256235, -0.12234067084144798, 0.6081415055643226, 0.0848196591457413], [0.07160540525257528, 0.16350625417940592, -0.31071308932580505, -0.09033471672255318, -0.4603570888132297, 0.41675467495590424, -0.6488072435692747, 0.553242599535705, -0.5605474978523167, 0.6460070967817984, -0.22949472954097241, -0.1016032036718161]], "inverted": false, "swapped": true, "error_lsq": 0.04401599384643859, "error_max": 0.249782255898505, "target": "1112.xyz", "model": "16.xyz", "model_rescale": 3.795458400668931, "target_rescale": 4.2343395372182515},
{"mapping": [11, 10, 1, 9, 4, 12, 13, 8, 7, 5, 6, 3, 15], "R": [[0.14790961473885045, -0.31282456036201683, 0.9382236089025451], [-0.8797903690236883, -0.4749550285871127, -0.019662842952573922], [0.4517650411895186, -0.8225317715773208, -0.3454704506971714]], "T": [-0.1489216680424097, 0.03666600729587085, 0.017389701348604566], "aligned_model": [[0.025384064330573858, -0.00495997856603006, 0.41617468507946265, -0.320996857448563, 0.5648783229854726, -0.3932238959406829, -0.5643746551285936, 0.22316641394696052, -0.28025332865029395, -0.4678274060207507, 0.16882039374230956, -0.10756019576851242, -0.11059576165713053], [-0.4911296433465883, 0.2133233665921898, 0.47294084869592246, -0.5699756298802394, 0.23822027756338104, 0.6055634266717744, -0.03391072020288372, -0.635277608383868, -0.28952786375308937, 0.5885525180161719, 0.6431312392968941, 0.15394511772278183, 0.06792593647803903], [-0.5528239373850393, -0.8111582661183303, -0.3715677137889511, -0.04164300042717342, 0.21776767535602054, -0.2874088272057673, -0.45707645550941794, 0.07967321096337081, 0.5444863674729153, 0.41782089399093697, 0.13829709302330379, 0.7426257975988427, -0.016717807134414852]], "inverted": true, "swapped": true, "error_lsq": 0.04633033208170077, "error_max": 0.23536199356542242, "target": "1112.xyz", "model": "17.xyz", "model_rescale": 3.7474275329858107, "target_rescale": 4.2343395372182515},
{"mapping": [12, 5, 6, 14, 10, 11, 1, 2, 13, 0, 9, 7, 8, 15], "R": [[-0.6865222109272391, -0.4874304416467223, 0.5395357434495482], [0.5927207014308894, -0.8049561078810437, 0.02697840766754589], [0.4211524949455364, 0.3383152803836726, 0.8415303601534926]], "T": [-0.0027224356206771196, 0.004768292834558076, -0.05063726224438079], "aligned_model": [[0.35958958311801, 0.23656323253717357, 0.6630144477877564, -0.3735969771902515, 0.30242860991770565, -0.28646497589934955, 0.7091867465756738, 0.038730858783613514, -0.24704184414855138, 0.3091438078050552, -0.5933637275805884, -0.3953658113760952, -0.3556541177750275, 0.04767781532775163], [-0.44439890782242863, 0.1799633233385547, 0.14726670588207877, -0.07315602931800058, -0.7301134037084777, -0.3828341846975178, -0.20808526155242643, 0.7066334800001222, -0.5736977231153945, 0.004113964194314635, -0.027608645217074297, 0.4876432752076683, 0.29169662057175666, -0.01701497225194145], [-0.4290666774184606, -0.742499821408016, -0.19158866224949672, -0.730130986770054, 0.27379494410525484, 0.5844602272958032, 0.2792660221135029, 0.20232044649481276, -0.14220957222107172, 0.6692079629420536, 0.17564443113391806, -0.16956695954850867, 0.5714144731079586, -0.026251108916041134]], "inverted": true, "swapped": true, "error_lsq": 0.030261043544482714, "error_max": 0.1867238014703003, "target": "1112.xyz", "model": "18.xyz", "model_rescale": 3.922800546911778, "target_rescale": 4.2343395372182515},
{"mapping": [14, 7, 9, 13, 4, 5, 2, 10, 6, 11, 8, 0, 12, 1, 15], "R": [[0.4805250088502722, 0.6595520396963598, 0.5780024418649263], [-0.4220090927484882, 0.7516588178206506, -0.5068701482924993], [-0.768767872317154, -0.0003585036036363176, 0.6395278179783288]], "T": [0.007311533462852335, 0.08654898842966005, -0.09006587361456535], "aligned_model": [[-0.46844835580016947, -0.07913329532116113, 0.42166144144954676, 0.1400936790249201, 0.042003684920285986, -0.7452356034341819, 0.062133956890735184, 0.368950899449972, -0.3801039074333712, 0.7721476425756769, 0.6282631828233641, 0.5580157432976647, -0.3572655032130358, 0.11550863030126356, 0.017458641356107824], [0.5219200000662979, -0.15389995848003113, 0.2422917257770623, 0.7067489655680393, -0.5874140481537652, 0.09268357355431914, -0.6263181675821464, 0.5046693384164839, -0.22103153399645528, 0.3003994302356843, -0.256882252587713, -0.2740093178191433, 0.4823960311166582, -0.09323623209007739, 0.07929395100936568], [-0.5253088600394781, -0.669887344011977, -0.543019690420185, -0.06954069092656372, 0.2771617989106588, -0.10618741463659163, -0.30717330958034844, 0.5678223136326002, 0.3984852405936626, -0.03185895212265681, -0.3905838112338504, 0.33673702143579065, 0.34192799030264215, 0.6953818707065816, -0.031296995446955626]], "inverted": true, "swapped": true, "error_lsq": 0.044660236542611594, "error_max": 0.2844493327199414, "target": "1112.xyz", "model": "19.xyz", "model_rescale": 3.9282355846067225, "target_rescale": 4.2343395372182515},
{"mapping": [7, 9, 13, 8, 2, 11, 0, 10, 4, 6, 14, 3, 12, 15], "R": [[0.779194301692359, -0.6266458863966216, -0.013083320387030917], [0.3442263235434011, 0.4452811302325352, -0.8265790665378784], [0.5237981275166521, 0.639562075267936, 0.5626685289662294]], "T": [0.004324432572377489, -0.1579327397918037, 0.11454199532171551], "aligned_model": [[-0.5424648984778723, -0.1279091093238572, 0.514908345934095, -0.4217146312033397, -0.690408798175824, 0.244818924218984, 0.003038775210833046, 0.752226846195017, -0.3056981577827203, 0.03898160145939878, 0.06330929934018756, -0.5949638385446259, 0.5636753459220509, 0.034723114312349035], [-0.4732933974602309, -0.6043293009929511, -0.5164992558363926, -0.17583003203445882, 0.10454469180597761, -0.22757868378970328, 0.41034230401983685, 0.11640904522318404, 0.5441169300524801, 0.40958819919856637, -0.7770212128837345, -0.11804106896707692, -0.06282462346136981, -0.10670150744929104], [0.16977264869328917, -0.314821728331308, -0.0013653553285689207, -0.5273360320703374, 0.032249498832046294, -0.6413721353474522, -0.42629065145932254, -0.20764287352884314, 0.07851231224181911, 0.5146639233224983, 0.5820696364449272, 0.5396240804957224, 0.5073663801051649, 0.10675345317404761]], "inverted": false, "swapped": true, "error_lsq": 0.03903216207828385, "error_max": 0.21522511039714032, "target": "1112.xyz", "model": "20.xyz", "model_rescale": 4.067790424073018, "target_rescale": 4.2343395372182515},
{"mapping": [3, 0, 5, 14, 6, 1, 12, 2, 4, 8, 11, 13, 9, 10, 15], "R": [[-0.9071427192829717, -0.31452781456699097, 0.2795788631417048], [-0.31819084546528, 0.07786875205752058, -0.9448232868188077], [0.27540274638061596, -0.9460490004839691, -0.17071794272804847]], "T": [0.12212843792720868, -0.0719429186772792, -0.007818510911437539], "aligned_model": [[0.18191946022603192, 0.015121072775757943, -0.22631647737076122, 0.27228537500644295, -0.49118099243882146, -0.51318571076021, -0.43392010788061924, 0.3421359159799421, -0.17979358288646735, 0.6862291626487196, 0.438581723785646, 0.16519916580453337, 0.7179328361572772, -0.28211602483785286, 0.07555213769789615], [-0.14901759953152804, 0.6804137846130152, -0.5692491745807873, -0.8290500768412025, 0.05946240306010023, 0.4013842755011896, -0.4185886845946097, 0.3643213824322803, 0.5353099444172217, 0.45282139629026763, 0.30069168403218965, -0.3951608733750136, -0.07111002442072767, 0.1180280918230604, -0.039361388897609054], [-0.7371449698166072, 0.18698124518610004, -0.45267507129211243, -0.10566273680688837, -0.3077566326266169, 0.17465010575862805, 0.20869181912877083, -0.5731422130156103, -0.3688904388331573, 0.007986079767503615, 0.6207473978889012, 0.536585253869831, 0.2069493451114927, 0.7262945284205836, 0.011635860880321815]], "inverted": false, "swapped": true, "error_lsq": 0.036414791660792895, "error_max": 0.2539235975780127, "target": "1112.xyz", "model": "21.xyz", "model_rescale": 4.186013935880536, "target_rescale": 4.2343395372182515},
{"mapping": [9, 7, 8, 10, 12, 11, 13, 14, 2, 3, 5, 6, 15], "R": [[-0.06478471513942591, -0.2637656156715008, -0.9624087700523817], [-0.39002763782394945, 0.8944116399114115, -0.21887498743449457], [0.9185213021034265, 0.36118626549249366, -0.16082008332858266]], "T": [0.043434000493585555, -0.03717200034844048, 0.03768667899141585], "aligned_model": [[0.05336928336910008, -0.27412600690043043, 0.45507146315867175, 0.5583701117744213, -0.11525592932120665, 0.5909123090584202, -0.04039834661972564, -0.702931348382405, 0.18828438922282975, -0.32307867552171493, -0.5405968213521963, 0.12225581362167362, 0.08669779331578781], [-0.22687706017102705, 0.30709641816609184, 0.16491576348487105, -0.6382464576579571, -0.38067205064231713, -0.4602336823510262, -0.6649356365096619, -0.24908752500928133, 0.6580120455011259, 0.6008448551083427, 0.16727554736711603, 0.283336523580284, -0.042472081320467536], [-0.566483898805712, -0.3890641144990109, -0.5816291806639972, 0.3723130722915744, 0.6147960420769695, -0.35649683898615303, -0.0021297452328052774, -0.020299730123916282, -0.19481757099924285, 0.03172791161732304, 0.46632863895186577, 0.6496017880376539, 0.07903318767079667]], "inverted": false, "swapped": true, "error_lsq": 0.050636742568305936, "error_max": 0.3398370072129186, "target": "1112.xyz", "model": "22.xyz", "model_rescale": 4.166573947596378, "target_rescale": 4.2343395372182515},
{"mapping": [0, 8, 5, 13, 7, 14, 10, 6, 1, 2, 8, 4, 9, 3, 12, 15], "R": [[-0.14762689117454936, 0.5973974089823196, -0.78824021512693], [0.2717590088261288, -0.7417962279364754, -0.6130949333839391], [-0.9509749429527456, -0.3047206785901274, -0.05283905672506345]], "T": [0.04220341978388609, -0.0307854893689432, 0.04214784538179277], "aligned_model": [[-0.27764557003264745, 0.5138705929547367, -0.47723042119074033, -0.029414274257688666, 0.0385644939544309, 0.3802592328353023, 0.38938068739951837, -0.6464669206770319, -0.6145859163908832, -0.4184113304940148, 0.5138705929547367, -0.07933192747539677, 0.6192649727726266, 0.19200874011733915, -0.03839636243135483, -0.020802711135825505], [-0.06464005836497716, -0.2934402458281088, 0.5437394576648571, 0.8124038140764525, 0.40542764398464914, 0.548149163216441, 0.5981645614020401, 0.04386188015339027, -0.11195411910945835, -0.5061000215199772, -0.2934402458281088, -0.5757885715221037, -0.12708141032850281, -0.6108341741639453, 0.10257683368339326, -0.019546685200156844], [-0.7083894652893359, -0.5600329388380136, -0.2597984268050001, 0.015392596342026044, -0.5245041714317579, 0.46230341004592074, -0.16958550482596196, 0.35721698757077824, -0.22268886336586985, 0.16347132431955735, -0.5600329388380136, -0.43540247989787306, 0.17696707973233827, 0.09243244822843132, 0.6786221348280805, 0.016323337276411276]], "inverted": true, "swapped": false, "error_lsq": 0.04912323689992381, "error_max": 0.3720851794796322, "target": "1112.xyz", "model": "23.xyz", "model_rescale": 4.274766983524099, "target_rescale": 4.2343395372182515},
{"mapping": [13, 9, 11, 10, 0, 1, 12, 6, 5, 2, 15], "R": [[0.2056655595761802, -0.35274791796252297, -0.9128365592905021], [0.9671131942675584, -0.06937397620382084, 0.24470251510614316], [-0.14964540446608177, -0.9331431603986483, 0.32687932807598274]], "T": [0.1460715528571525, 0.1702248999923628, 0.02651826872752492], "aligned_model": [[0.11170554289239454, 0.2252346552789134, -0.37932110244089395, -0.5348273601430558, -0.5747121168963931, -0.5280259686941469, 0.11062258957524163, 0.0058715956273573955, 0.6564816365535007, 0.19190179780954603, 0.09496343439561117], [-0.1297990538684336, 0.5772956122810613, 0.43972270891945386, -0.25758028554773144, 0.4390005218482417, -0.12512247625763717, -0.5189486642613809, -0.1539259161126158, -0.24562794719039355, 0.7449168310080919, 0.14565520042482716], [-0.5316080587429906, -0.4521626741306136, -0.507736183491085, -0.2764403398713591, 0.1803646098304372, 0.37194547541716255, 0.030146584254275653, 0.6253913047093418, 0.39144659925638664, 0.5018597165895013, 0.04635940020052036]], "inverted": true, "swapped": true, "error_lsq": 0.05100296716328703, "error_max": 0.25334522097738665, "target": "1112.xyz", "model": "24.xyz", "model_rescale": 3.7841303162186577, "target_rescale": 4.2343395372182515},
{"mapping": [5, 3, 1, 0, 4, 7, 6, 8, 2, 9, 13, 12, 11, 14, 10, 15], "R": [[0.8354839360707579, 0.302861813212452, 0.4585207897853484], [0.5483367486753986, -0.514094072219125, -0.6595711447306118], [0.03596390718215339, 0.802484895189201, -0.5955876009231309]], "T": [-0.01781986656147886, 0.06313735702622925, -0.002762078240950136], "aligned_model": [[-0.17507064589988633, 0.42969542632281876, -0.4092170850107154, -0.19187875740829471, -0.15391846974157578, 0.3206339366573376, 0.4249728405295116, -0.5668226835582162, -0.629832851921755, -0.3614255908584137, 0.5158839032747862, -0.08047755628689804, 0.7429303652244725, 0.03964273817430008, 0.1112591474282068, 0.028559161977428964], [-0.23511378893644247, 0.005473242423436386, 0.6887351481887011, 0.6379256810533604, 0.4011677347697303, 0.43815601462777615, 0.5226504107214747, 0.2746878597448602, -0.11922662507133244, -0.3907895739987816, -0.47792541747940454, -0.5999105323843871, 0.03860333167776622, -0.6879610745308025, -0.14092421153770876, 0.09594962304763877], [-0.8124886936940299, -0.6701501214024292, -0.09480562709713262, 0.42226949050524426, -0.653851148025851, 0.4066467512164903, -0.34159658692289024, 0.05468420421496191, -0.40398086109033804, 0.13149944285395404, -0.18826506306293422, -0.36554771287183774, 0.09766070602889627, 0.2459308196876152, 0.7368003529708269, -0.04251142425882829]], "inverted": false, "swapped": false, "error_lsq": 0.04230244720126251, "error_max": 0.2614835611971623, "target": "1112.xyz", "model": "25.xyz", "model_rescale": 4.19342608120988, "target_rescale": 4.2343395372182515},
{"mapping": [7, 2, 3, 13, 14, 9, 12, 11, 6, 8, 1, 15], "R": [[0.026459167723059895, 0.6271279256172086, -0.7784667477512831], [0.6201065413107638, -0.6210978543458047, -0.4792758420269477], [-0.7840712913166793, -0.47005108258368516, -0.40531986121444946]], "T": [-0.04719000189939412, 0.038382344093287814, -0.09207683095321259], "aligned_model": [[-0.1442847223141622, 0.4509127333459635, 0.19722772418593687, -0.5635614115624261, -0.656219692758168, -0.4053520274849592, -0.17021836736422014, -0.18175047458870766, 0.4598536095983134, 0.1052476150813533, 0.5162355170543681, -0.010281948561511128], [-0.5659868169709943, -0.4564829615381432, -0.6203214726070452, 0.407242649991752, -0.2759174086272236, -0.07959760618017264, 0.427156397107291, 0.4850932604543377, 0.12096989224256235, -0.12234067084144798, 0.6081415055643226, 0.0848196591457413], [0.07160540525257528, 0.16350625417940592, -0.31071308932580505, -0.09033471672255318, -0.4603570888132297, 0.41675467495590424, -0.6488072435692747, 0.553242599535705, -0.5605474978523167, 0.6460070967817984, -0.22949472954097241, -0.1016032036718161]], "inverted": false, "swapped": true, "error_lsq": 0.04401599384643859, "error_max": 0.249782255898505, "target": "1112.xyz", "model": "26.xyz", "model_rescale": 3.795458400668931, "target_rescale": 4.2343395372182515},
