[{"mapping": [1, 12, 5, 2, 6, 0, 2, 7, 9, 8, 4, 11, 13], "R": [[0.8357145615315139, 0.3614450236642488, 0.4134472959308602], [0.0685172585634288, 0.678356674308913, -0.73153100255526], [-0.5448729731993889, 0.639679386324823, 0.5421473284891812]], "T": [0.042756486282436876, 0.09791117353693779, -0.15535138489760228], "aligned_model": [[-0.009299015411367642, 0.5090543971222969, -0.18978161476866823, -0.39247962713782913, -0.5480851085726288, 0.03756131722231218, -0.39247962713782913, 0.37287748668076476, 0.511759236198472, 0.08855700889056278, -0.2182834418670122, 0.4456584769520501, 0.14172864271390623], [0.10088549469215433, -0.016851521818082263, 0.8061159881579515, -0.5076150555911014, 0.26646054761365146, -0.5784689905270036, -0.5076150555911014, -0.07073692445293528, -0.4319382940372911, 0.44327069102080824, -0.1811473424531228, 0.6132601317738061, 0.09160019605471036], [-0.7300908837838749, -0.47864009499252436, -0.28486290001791637, 0.03217396491543631, 0.29966905692355783, -0.526693973971222, 0.03217396491543631, 0.5034144510531355, 0.034488373969527336, 0.5440828489191526, 0.7206558794422753, 0.08785074914303129, -0.02610531698866045]], "inverted": false, "swapped": false, "error_lsq": 0.053184240454990164, "error_max": 0.3284314509634235, "target": "1114.xyz", "model": "0.xyz", "model_rescale": 3.8414455957264533, "target_rescale": 4.155670891635629},
{"mapping": [11, 12, 0, 3, 4, 10, 5, 9, 8, 7, 2, 13, 14], "R": [[0.5935853031342135, 0.6873849973990082, 0.4185192388096749], [-0.7710272254111202, 0.3367338161084692, 0.5404880708802533], [0.23059381079702426, -0.643515502874479, 0.7298727916440735]], "T": [0.01336290276762419, -0.017525641213114146, 0.06453230976958405], "aligned_model": [[0.1453700743411917, 0.4121037394352971, -0.22176543720990027, -0.6895732097371708, -0.48545677145401755, 0.08856170528262591, -0.31626514624154134, 0.4685235086849242, 0.7618264942029737, -0.034006607127961004, -0.3110334432111216, 0.567141536043906, -0.02863831212417625], [0.3121334907177771, -0.1775885848024629, 0.662860339159135, -0.23911994938393136, 0.12820283298955734, -0.6199115162404103, -0.5819620315815763, 0.16344235876174443, -0.2395500458824867, 0.4283933831604462, -0.24545370695030913, 0.473966747899344, -0.03819345300438333], [-0.710170449692193, -0.5660825831168355, -0.020948395418628918, -0.20033306426597977, 0.22502959717397397, -0.2514703770517446, 0.14867323629601228, 0.5394945038435308, -0.057163267502066156, 0.5248228216955915, 0.6869634587197064, -0.09859787569745707, -0.012101485456555844]], "inverted": false, "swapped": false, "error_lsq": 0.05044784925022375, "error_max": 0.30998222995487074, "target": "1114.xyz", "model": "1.xyz", "model_rescale": 4.316132596720782, "target_rescale": 4.155670891635629},
{"mapping": [10, 4, 9, 8, 7, 6, 11, 5, 2, 3, 0, 12], "R": [[-0.6663228205488061, 0.610127142695141, -0.4286709327240958], [0.4492915643362242, -0.13030044220728343, -0.8838319325397191], [-0.5951058637185419, -0.7815156201300452, -0.1873028202151769]], "T": [-0.022217442206629745, 0.06088371767111429, -0.04884364911014753], "aligned_model": [[-0.25167709043235437, 0.4508944115459678, 0.08874249077812094, -0.6712054661821594, -0.5211428255353552, -0.37338377709985465, -0.0763832879890726, -0.20844337258294526, 0.5908886266356912, 0.22950490707483778, 0.4399778917545905, -0.09996395333568597], [-0.6289488202410175, -0.4032158150043526, -0.49024739811316936, 0.5215293003721008, -0.18004940180729723, -0.20837508894451845, 0.174629612105352, 0.4308831753650264, 0.053015788867375194, -0.07063429497981104, 0.6285407698720145, 0.18564860024927782], [0.09197577397753968, -0.023357066506792187, -0.4063359526537146, -0.07678283879503717, -0.4298062078535577, 0.5676871667565184, -0.8226885575072613, 0.5180082821592128, -0.41467406621486674, 0.6723863495499944, -0.1458005603932524, -0.08135386130936205]], "inverted": false, "swapped": true, "error_lsq": 0.04951648243523715, "error_max": 0.2666533214094252, "target": "1114.xyz", "model": "2.xyz", "model_rescale": 3.795458400668931, "target_rescale": 4.155670891635629},
{"mapping": [11, 9, 2, 3, 1, 5, 4, 7, 10, 6, 0, 12], "R": [[-0.36982634764506966, 0.7979030686406989, -0.47600332524181393], [-0.19269082316075153, 0.435318137527638, 0.8794136488644579], [0.9088997300346942, 0.41695181039686635, -0.007243517766634622]], "T": [0.07617966688456278, 0.0530062586606908, 0.0505633639092431], "aligned_model": [[-0.13342235251356127, -0.05720416149386602, -0.6122886219007501, 0.08675061557427943, 0.039181749608953695, 0.3731929698775055, -0.28937032012967123, 0.4603511680756194, 0.4393898932879146, 0.6396658624531162, -0.47298798587441837, 0.1200450087784434], [-0.14335871074904488, -0.5957381324547577, -0.10743481187994286, 0.20911661237721602, 0.5715686873867457, 0.6179937105586102, -0.37232434538083264, -0.308967616305394, -0.5231599462113853, 0.05171801916408735, 0.5298613450001656, 0.1564942337842419], [-0.6789678567078403, -0.02153261330069252, -0.04975078392024791, 0.809741638264509, -0.5257131563255795, 0.342921166721543, 0.40459705233898824, -0.3659638847435763, 0.34118615421353077, 0.5589037955673097, -0.07704468477837903, -0.04960539669046475]], "inverted": true, "swapped": true, "error_lsq": 0.05599948463314716, "error_max": 0.2596343661304211, "target": "1114.xyz", "model": "3.xyz", "model_rescale": 3.7530521520055578, "target_rescale": 4.155670891635629},
{"mapping": [0, 3, 4, 10, 2, 6, 1, 5, 8, 7, 12], "R": [[-0.030576958252798603, 0.6057357421410134, 0.7950781473018124], [0.05609497868059027, -0.7931564895673463, 0.6064290036138017], [0.9979571148054565, 0.06314264604908382, -0.009726420672034608]], "T": [0.018298997722401907, -0.09623643204399437, 0.021010863127798943], "aligned_model": [[-0.3519270231968232, -0.30043513095531477, 0.3952788268156802, 0.47063573682911325, 0.2756785740978265, -0.15724401404921437, -0.35356563150299897, -0.6275837549387082, -0.36309154049401965, 0.4155693998148819, -0.06511583997521764], [-0.7344630061875476, 0.10175345396067587, -0.2647203958348756, 0.4306828783806539, -0.7450270664155934, 0.5793754414973699, -0.3867261896314048, 0.16656801874756963, 0.2099003412360698, 0.21156276874272498, -0.10170288618129635], [0.050323518855328, -0.6572533921611358, -0.4979998599653946, -0.23608500459635484, -0.1293863324925445, -0.2767501047032958, 0.6372112075051908, -0.0606598065227487, 0.6494867495789034, 0.46771396024262385, 0.14622984150474438]], "inverted": false, "swapped": true, "error_lsq": 0.05541384104679583, "error_max": 0.28994600877101234, "target": "1114.xyz", "model": "4.xyz", "model_rescale": 3.7855080009869324, "target_rescale": 4.155670891635629},
{"mapping": [9, 2, 10, 13, 8, 12, 11, 4, 1, 7, 6, 5, 16], "R": [[0.469233453920606, 0.5519319802371752, 0.6893410294717768], [-0.19971947074588603, -0.6940602390143573, 0.691659249648493], [0.8601930589854359, -0.4622244842182246, -0.21544472020097083]], "T": [0.015902319227466315, 0.02361079730032521, -0.0793456286756789], "aligned_model": [[0.04851892639198479, 0.49009878695535125, -0.16640317696491463, -0.5822734287197672, -0.6273451375847081, -0.01818806524356826, -0.11570272390335723, 0.4159394947140627, 0.5643900208906555, 0.0014135260328212093, -0.19178028770289246, 0.5229290732559307, 0.015191122763431535], [0.3915107404234567, -0.07656808522435422, 0.7279765621199998, -0.3825130731788463, 0.26008985152929953, -0.6218412407921904, -0.6917789051316752, -0.031101342377902064, -0.4817387048264, 0.4630257081323421, -0.1568602091043347, 0.6085431595869789, 0.01847540368607043], [-0.6880325827301539, -0.6369185737413403, -0.11931873816604939, -0.03333676789665893, 0.08071760938746858, -0.2921713207783658, 0.24211030077208806, 0.5403136517889036, 0.050604595694551086, 0.5273454647863578, 0.5125793823627649, 0.15704651770067019, -0.13282341965288152]], "inverted": true, "swapped": false, "error_lsq": 0.039886771496364486, "error_max": 0.2329060108681336, "target": "1114.xyz", "model": "5.xyz", "model_rescale": 4.2253639853439635, "target_rescale": 4.155670891635629},
{"mapping": [4, 1, 2, 7, 6, 0, 12, 8, 9, 5, 11, 10, 13], "R": [[-0.36375259454767483, 0.6840830135402916, -0.6322297687909582], [-0.9182886348404333, -0.3772368170293676, 0.12015975616005992], [-0.15630109750967364, 0.6242778343519695, 0.7654065275747829]], "T": [0.04575638135208604, 0.014280691618465492, -0.011854129938170796], "aligned_model": [[0.07124957604716908, 0.6409885402514685, -0.18574465649784383, -0.5934599280317072, -0.5606677248706904, 0.01821507950007739, -0.38227764013638005, 0.6407372240918279, 0.41722168475382215, 0.015488312767224621, -0.20650727180872774, 0.48485718198915323, -0.0033122471703640743], [0.32493126135315903, 0.041492696625966725, 0.6369240572695979, -0.4262312742511566, 0.12786930547884579, -0.5734173159810644, -0.7093578906366214, 0.020862461609206098, -0.4686413925990781, 0.47350854193764313, -0.10535533854777535, 0.6578408731903191, 0.026793879393401988], [-0.6472733874007338, -0.44041447079312995, -0.10616277600134066, -0.17538679875500185, 0.1699848051563062, -0.5567533663869285, 0.39370455038970853, 0.42611773294252464, 0.025511849629117053, 0.42281228464438475, 0.7145094555981718, 0.027302657011584117, -0.045836416507307784]], "inverted": false, "swapped": false, "error_lsq": 0.04461826877920121, "error_max": 0.28369129524681197, "target": "1114.xyz", "model": "6.xyz", "model_rescale": 3.89814844738969, "target_rescale": 4.155670891635629},
{"mapping": [11, 11, 9, 3, 6, 7, 0, 2, 4, 5, 1, 10, 12], "R": [[-0.81840220631464, -0.5005701859577388, -0.28221856358071884], [0.5693638537626257, -0.7727871213394849, -0.2804012609108664], [-0.07773436002117125, -0.3901660595465308, 0.9174572552713461]], "T": [0.00021483295545846395, -0.08661782227915245, -0.02189089190651209], "aligned_model": [[0.3100661969862458, 0.3100661969862458, -0.10938754972675581, -0.6956442479406234, -0.622677207313778, -0.01853553111973179, -0.23067604342709996, 0.478342238906687, 0.5908665769350949, -0.16355899629473905, -0.16581127837001824, 0.5222499326432746, 0.1514878426202273], [0.17628926836869407, 0.17628926836869407, 0.7962458477790839, -0.4626306225036594, 0.12927176018842823, -0.62930671862034, -0.49841255776645427, -0.10512101741869694, -0.33687737281012187, 0.4738105981488227, -0.0730774890842497, 0.4045363490843966, -0.02379744889215324], [-0.7220425634165896, -0.7220425634165896, -0.10241999742927951, -0.18552600510565517, 0.1290165147340503, -0.391230661198945, 0.33605447612685974, 0.5002198817507105, -0.08510847716666681, 0.48965062395917, 0.8069930576117254, 0.13669850779675818, 0.017853325281806103]], "inverted": true, "swapped": false, "error_lsq": 0.05480579924267752, "error_max": 0.4087803342638154, "target": "1114.xyz", "model": "7.xyz", "model_rescale": 3.7474275329858107, "target_rescale": 4.155670891635629},
{"mapping": [1, 0, 2, 13, 4, 12, 11, 5, 10, 8, 9, 3, 14], "R": [[-0.9561450011547515, -0.18841733988001574, -0.22424460483882136], [0.2880349163771141, -0.7437569120191284, -0.6032093689353636], [-0.053128370146367274, -0.641345898760029, 0.7654102262377225]], "T": [0.09309805394621384, -0.06289659512507469, -0.0007233858875934085], "aligned_model": [[0.06618903201121218, 0.6038797556176978, -0.21235601586270697, -0.7553967552457731, -0.5883793324906913, -0.13724044685396283, -0.02819194043282472, 0.4458080321355862, 0.5807587566853609, -0.137503567728936, -0.025614553076235877, 0.5001074584820773, 0.04472770764422642], [0.2419615640808524, 0.0830237545954954, 0.6822339088236326, -0.2951679755317176, 0.2972786066747558, -0.5111663801302684, -0.6199786820369152, 0.15883827790728816, -0.6284571357240246, 0.4037184258149043, -0.26473708526074535, 0.5177343056922326, -0.03806172006304611], [-0.6871192099963419, -0.39062406862868737, -0.24581079717621643, -0.1857055291090811, 0.13376914784235872, -0.35658992505625425, 0.24712382772464075, 0.5819006621818819, -0.13335699252500324, 0.44007546866003194, 0.724196039679224, 0.10579252193868638, -0.0255350260078845]], "inverted": false, "swapped": false, "error_lsq": 0.039778763256188114, "error_max": 0.24303528736792282, "target": "1114.xyz", "model": "8.xyz", "model_rescale": 4.019505241142653, "target_rescale": 4.155670891635629},
{"mapping": [1, 2, 10, 7, 9, 0, 4, 5, 3, 11, 8, 6, 12], "R": [[0.5615590315188868, 0.31256500039283763, -0.7661296069523718], [-0.1657350204525583, 0.9496328839199264, 0.26594978618813325], [0.8106684631309893, -0.022371998286901312, 0.585077889325422]], "T": [0.04656847985127935, 0.07097369666955682, -0.013491893982275585], "aligned_model": [[-0.2343949050266698, 0.5084757170554101, -0.02168945667280217, -0.6028820968496708, -0.5599141097408671, -0.0651352651616122, 0.027441784445504575, 0.49439624858479714, 0.6501201566875769, -0.03279440700729111, -0.4188475946784048, 0.5512923064978, 0.06071975275125872], [0.2695754111464309, -0.03878774032016789, 0.9301434664914889, -0.55957756852167, 0.34889644774484097, -0.4690217132280811, -0.7237216702231715, -0.08953833035291305, -0.5407323570932909, 0.34279509609476816, -0.09763723217759869, 0.5879866089606436, 0.06683944632116454], [-0.5948026865324639, -0.3664313978424355, -0.3222764773788417, -0.02774112077683237, 0.13576585083115955, -0.35783664668030435, 0.2224913990814656, 0.460017237792661, -0.014864817776348307, 0.5406418290458243, 0.44595904314679463, 0.06405386867745448, 0.023140037939221397]], "inverted": false, "swapped": false, "error_lsq": 0.05620892584545161, "error_max": 0.34706979049196207, "target": "1114.xyz", "model": "9.xyz", "model_rescale": 3.877068213659057, "target_rescale": 4.155670891635629},
{"mapping": [10, 11, 6, 2, 13, 8, 7, 5, 0, 3, 4, 12, 15], "R": [[0.5422995844691859, 0.17820488493926384, -0.8210689250412124], [0.8338466813054407, 0.005658300248962939, 0.5519671147035805], [0.10300909066898548, -0.9839771352130477, -0.14552705802520854]], "T": [-0.05625795532544166, 0.014939759734809474, -0.019675471481420327], "aligned_model": [[-0.0316584050959418, 0.4473369122305525, -0.038743294287565525, -0.6390737200274577, -0.7179725966240703, 0.10645048019489343, -0.2168759846073443, 0.4793393658020403, 0.7044075234880867, -0.02727482121985872, -0.31861640634755, 0.578453938165964, 0.031015139213281487], [0.3336667453790358, -0.040194930206701826, 0.6300861670519456, -0.30044668390790474, 0.4053329121117056, -0.6681814441768186, -0.7246701838088601, 0.023882247064350312, -0.21635913537186885, 0.3669368433216816, -0.18535381814480273, 0.4090380593050916, -0.00651691377440964], [-0.652935884116325, -0.5563389149914271, -0.05958423415825842, -0.05449692364399211, 0.06614653054561256, -0.3393539374201678, 0.28604588776215006, 0.5495792902588358, -0.060355762748884496, 0.5075999535214709, 0.571206247293526, -0.024425024081069537, -0.024971108694116406]], "inverted": false, "swapped": false, "error_lsq": 0.04343767425423617, "error_max": 0.23763727221224606, "target": "1114.xyz", "model": "10.xyz", "model_rescale": 4.260839863003843, "target_rescale": 4.155670891635629},
{"mapping": [10, 6, 5, 3, 0, 2, 9, 7, 8, 1, 11, 12], "R": [[-0.4788338509176182, 0.14216371195033614, -0.8663184300359228], [-0.10082988487789869, -0.9891769625941735, -0.10659395380824693], [-0.8720960254071302, 0.036309994181586425, 0.487985764947728]], "T": [-0.04314244261623109, 0.0317416742336682, -0.10610398399251014], "aligned_model": [[0.4548574858065781, 0.16579468365214908, -0.28579079528030177, -0.411219199900021, -0.6717587323607569, -0.39247688752849796, 0.28399593526260614, 0.6008325176381318, 0.2255442337468457, -0.17125053313759683, 0.1985409428345188, -0.03817100163952493], [-0.07831251480525125, -0.6185996690259259, -0.6089547803399713, -0.4365969673537825, 0.2402932102447623, 0.6460210907444156, 0.48912492336455626, 0.15475567649710772, -0.3447504665326702, 0.08590108012127226, 0.6450521851439115, -0.0008552625254905702], [-0.6429791251666737, -0.4367544960587247, 0.04729301033364444, -0.6021002110852272, 0.22040407929190436, -0.20817794777864282, -0.46337055917100467, 0.04313268431713391, 0.5421409884769919, 0.6574571085467997, 0.3183337240474216, 0.040798821641881616]], "inverted": true, "swapped": true, "error_lsq": 0.045192803834288316, "error_max": 0.2590793282236894, "target": "1114.xyz", "model": "11.xyz", "model_rescale": 3.890672605050136, "target_rescale": 4.155670891635629},
{"mapping": [4, 0, 2, 12, 11, 7, 5, 6, 8, 11, 9, 1, 13], "R": [[-0.10310295967621941, 0.636201249053151, 0.7646030018311557], [-0.28595796656900296, -0.7552066476474033, 0.5898228214514013], [0.9526792855214837, -0.15783184105997516, 0.25979085604750196]], "T": [0.08084036578612627, 0.010037158535213139, 0.03801799931500845], "aligned_model": [[-0.09037243979534501, 0.5370286728468975, -0.22750115298453558, -0.5594197519947608, -0.1829147622442905, -0.1245530612349093, -0.15035441585894319, 0.4296525909552411, 0.6086747966689011, -0.1829147622442905, -0.2980555251820336, 0.5948138385258087, 0.002704103427289911], [0.23693899936196347, 0.16770215341760808, 0.6034823351681303, -0.32421353353223775, 0.4184304545256928, -0.6712522305863139, -0.7090193519493438, 0.06761712617545182, -0.4766959422521865, 0.4184304545256928, -0.23378139225791772, 0.5939720099125675, -0.06439121766666293], [-0.6024964608336245, -0.3021709447101869, -0.20346173855137084, -0.1449453936812607, 0.29571998247179937, -0.43168667245585235, 0.22370291928677205, 0.49307065873002276, -0.022585202008627195, 0.29571998247179937, 0.6726918006633728, 0.02578488617664472, -0.09122769803213397]], "inverted": true, "swapped": false, "error_lsq": 0.04619618861477072, "error_max": 0.3786506897730065, "target": "1114.xyz", "model": "12.xyz", "model_rescale": 4.124412569039231, "target_rescale": 4.155670891635629},
{"mapping": [0, 0, 5, 9, 7, 6, 8, 2, 1, 10, 11, 4, 12], "R": [[0.1973112693482637, 0.28681031897932097, 0.9374476539600264], [0.5386020733252633, -0.8307138180489488, 0.1407919000236383], [0.8191312895976474, 0.4771314215491562, -0.318385830357723]], "T": [-0.05903584426744621, -0.000850658879560609, -0.13658242956413516], "aligned_model": [[0.24552047036843563, 0.24552047036843563, -0.08266669641678606, -0.6068080076908284, -0.5716630087663974, -0.04167749955243941, -0.02136019062115249, 0.44404497293976997, 0.6211795204680132, -0.17895251372033855, -0.20650117814500632, 0.5472245575799008, -0.037072765926577045], [0.21684239400060673, 0.21684239400060673, 0.7438925325249091, -0.3237761130664869, 0.35315789144789156, -0.6460271267320725, -0.5657226831549723, -0.09938556484894077, -0.4479633828324819, 0.33038800618523095, -0.242326428784154, 0.45172110761984696, 0.03957683848246066], [-0.5800038762005691, -0.5800038762005691, -0.27276260710695643, -0.07096170100198716, -0.06609121714113006, -0.3128175792426011, 0.30432148537852655, 0.5559463260212526, -0.15275551108676563, 0.5118854659025037, 0.8176168626122207, 0.07766830455135348, -0.023925956957923697]], "inverted": false, "swapped": false, "error_lsq": 0.05604696526053522, "error_max": 0.41611722622638775, "target": "1114.xyz", "model": "13.xyz", "model_rescale": 3.9028299243045295, "target_rescale": 4.155670891635629},
{"mapping": [14, 9, 10, 12, 5, 1, 2, 3, 6, 4, 0, 7, 15], "R": [[0.993243836054405, -0.019340884121376918, -0.11442295373452702], [-0.09815626323489245, 0.3859574512285945, -0.9172797794723755], [0.06190339350708282, 0.922313816465161, 0.38145143049905667]], "T": [-0.085575525587677, -0.0649322030719748, 0.023154779861986], "aligned_model": [[-0.11421171304456275, 0.49031075809083025, -0.03000967648371068, -0.6294505128450557, -0.5178060230653251, 0.09032883665302133, -0.15492663930082637, 0.3367695064091045, 0.5179910551115486, -0.05602997927942919, -0.19423579309825548, 0.6106655292849053, 0.007392782452784796], [0.33293530944319943, 0.09356361931177541, 0.6602815826066772, -0.2835110171251862, 0.18512176803901792, -0.6133204905806183, -0.7151726075585007, -0.08802551731468612, -0.3406803811958804, 0.43121710233316124, -0.12487818858177559, 0.5127947040214549, -0.023106018556194305], [-0.7667389244019958, -0.4708892657670639, -0.13911044599977335, -0.3518966689337277, 0.13607794948186686, -0.2777217682617197, 0.36157405968470746, 0.4811731397811884, -0.040709037543716534, 0.4839434530322982, 0.8427985038851233, -0.02275785638713215, -0.02762701904270094]], "inverted": true, "swapped": false, "error_lsq": 0.04407190127152805, "error_max": 0.2517307803431457, "target": "1114.xyz", "model": "14.xyz", "model_rescale": 3.942246331269136, "target_rescale": 4.155670891635629},
{"mapping": [3, 1, 4, 9, 10, 2, 7, 8, 0, 11, 6, 13, 14], "R": [[-0.8427082625925835, -0.5165350486005006, 0.15177064184310546], [0.46224070279391466, -0.5496745781753596, 0.6958386240992439], [-0.27600057398269573, 0.6565435261085281, 0.7019788326482526]], "T": [0.01809215380127764, 0.07493780136277171, -0.04155695183368179], "aligned_model": [[0.11001433763816776, 0.48816905387223747, -0.15329176090273705, -0.649379517853364, -0.6341578607005907, 0.049542915323712855, -0.06490421500677157, 0.413411668554531, 0.4773512678878388, -0.040205368103297, -0.19515266518178043, 0.46685950289840356, 0.08853077245867871], [0.39759679816354415, -0.04709632205623861, 0.6290838456663098, -0.3727562571403976, 0.3522769339882271, -0.6413286739628219, -0.6977298945828191, -0.16822906436234875, -0.4992464246699797, 0.4438954462724291, -0.10660370643282459, 0.7230401459370833, 0.014317038022280924], [-0.6771585679446093, -0.6902300717651688, -0.12649040982329285, 0.005495185757304351, 0.04001167044250232, -0.30351325460915674, 0.3149198952908538, 0.5776629468747374, -0.031020179469484564, 0.5704746485425201, 0.4425491496178546, 0.1571917936892402, -0.07177668707594612]], "inverted": false, "swapped": false, "error_lsq": 0.04939615720857767, "error_max": 0.26129702346702216, "target": "1114.xyz", "model": "15.xyz", "model_rescale": 4.355366556412066, "target_rescale": 4.155670891635629},
{"mapping": [10, 4, 9, 8, 7, 6, 11, 5, 2, 3, 0, 12], "R": [[-0.6663228205488061, 0.610127142695141, -0.4286709327240958], [0.4492915643362242, -0.13030044220728343, -0.8838319325397191], [-0.5951058637185419, -0.7815156201300452, -0.1873028202151769]], "T": [-0.022217442206629745, 0.06088371767111429, -0.04884364911014753], "aligned_model": [[-0.25167709043235437, 0.4508944115459678, 0.08874249077812094, -0.6712054661821594, -0.5211428255353552, -0.37338377709985465, -0.0763832879890726, -0.20844337258294526, 0.5908886266356912, 0.22950490707483778, 0.4399778917545905, -0.09996395333568597], [-0.6289488202410175, -0.4032158150043526, -0.49024739811316936, 0.5215293003721008, -0.18004940180729723, -0.20837508894451845, 0.174629612105352, 0.4308831753650264, 0.053015788867375194, -0.07063429497981104, 0.6285407698720145, 0.18564860024927782], [0.09197577397753968, -0.023357066506792187, -0.4063359526537146, -0.07678283879503717, -0.4298062078535577, 0.5676871667565184, -0.8226885575072613, 0.5180082821592128, -0.41467406621486674, 0.6723863495499944, -0.1458005603932524, -0.08135386130936205]], "inverted": false, "swapped": true, "error_lsq": 0.04951648243523715, "error_max": 0.2666533214094252, "target": "1114.xyz", "model": "16.xyz", "model_rescale": 3.795458400668931, "target_rescale": 4.155670891635629},
{"mapping": [11, 11, 9, 3, 6, 7, 0, 2, 4, 5, 1, 10, 12], "R": [[-0.81840220631464, -0.5005701859577388, -0.28221856358071884], [0.5693638537626257, -0.7727871213394849, -0.2804012609108664], [-0.07773436002117125, -0.3901660595465308, 0.9174572552713461]], "T": [0.00021483295545846395, -0.08661782227915245, -0.02189089190651209], "aligned_model": [[0.3100661969862458, 0.3100661969862458, -0.10938754972675581, -0.6956442479406234, -0.622677207313778, -0.01853553111973179, -0.23067604342709996, 0.478342238906687, 0.5908665769350949, -0.16355899629473905, -0.16581127837001824, 0.5222499326432746, 0.1514878426202273], [0.17628926836869407, 0.17628926836869407, 0.7962458477790839, -0.4626306225036594, 0.12927176018842823, -0.62930671862034, -0.49841255776645427, -0.10512101741869694, -0.33687737281012187, 0.4738105981488227, -0.0730774890842497, 0.4045363490843966, -0.02379744889215324], [-0.7220425634165896, -0.7220425634165896, -0.10241999742927951, -0.18552600510565517, 0.1290165147340503, -0.391230661198945, 0.33605447612685974, 0.5002198817507105, -0.08510847716666681, 0.48965062395917, 0.8069930576117254, 0.13669850779675818, 0.017853325281806103]], "inverted": true, "swapped": false, "error_lsq": 0.05480579924267752, "error_max": 0.4087803342638154, "target": "1114.xyz", "model": "17.xyz", "model_rescale": 3.7474275329858107, "target_rescale": 4.155670891635629},
{"mapping": [3, 1, 10, 4, 5, 0, 6, 7, 2, 12, 9, 11, 13], "R": [[0.22391395159063004, 0.8253710799146187, -0.5182905774984199], [-0.9512219035530497, 0.3008767063950924, 0.06819162521713851], [0.2122249572599375, 0.47774029345389946, 0.8524815420445185]], "T": [0.036663544788006014, 0.047974589408485896, -0.029412055090142504], "aligned_model": [[0.15595442827000697, 0.6190097790653782, -0.25806713036481355, -0.6680584750660189, -0.6013078837494085, -0.00043432900389986373, -0.1697743467185401, 0.5964626969839669, 0.39873690412273755, -0.06982342329832125, -0.17238858426793877, 0.47064629334926456, 0.05583220156261616], [0.3577010291418541, -0.046606965001712686, 0.6592035231243778, -0.3893823221102962, 0.29628326908576263, -0.6062875099939912, -0.6430132169258488, 0.16015785700441637, -0.5565407454475492, 0.4421444944525267, -0.2149703480096478, 0.623425778349144, -0.05489497882659203], [-0.6213819858783629, -0.39058460360122665, -0.15579397696172126, -0.06562846987986792, 0.2041584752366775, -0.5487455161981791, 0.24429958132294016, 0.46197283042067644, 0.0560093485136438, 0.5971081240731891, 0.5492772683636652, -0.07686271266253902, -0.04571224322154087]], "inverted": false, "swapped": false, "error_lsq": 0.044682583911319455, "error_max": 0.3368552650053554, "target": "1114.xyz", "model": "18.xyz", "model_rescale": 3.922800546911778, "target_rescale": 4.155670891635629},
{"mapping": [7, 12, 11, 2, 10, 0, 1, 8, 5, 4, 6, 13, 14], "R": [[0.7997475110881882, -0.08927036164396307, -0.5936621270050872], [-0.5539196340932813, 0.271547472607067, -0.7870419360406914], [0.23146696843008452, 0.958275937636269, 0.1677208093025909]], "T": [0.04547289674743906, -0.02898667489099669, 0.00295586948463996], "aligned_model": [[0.08161460569299553, 0.6787567729081034, -0.1992892759543266, -0.5995085036477205, -0.6689616905596385, 0.00415916221675252, -0.16467992487642513, 0.4802528192274629, 0.570690804808628, -0.10287107131241435, -0.15708427416221893, 0.3972924771611083, 0.036416229382722466], [0.4110727268189753, 0.02511528457711667, 0.6311618768640351, -0.28455466381803324, 0.2624687668895084, -0.7474955542895253, -0.644390756881251, -0.05222182913246371, -0.5756925586011531, 0.4922721372172032, -0.06731628497732764, 0.5604010471605813, 0.016399673014778134], [-0.6628162528664026, -0.4603351348993736, -0.10446378048150898, -0.17540600695725894, 0.2379826619556311, -0.42187445104518845, 0.35664589107007616, 0.43285958037494915, -0.08531952886756458, 0.48269585847030966, 0.6611877476376333, 0.028623801863131744, -0.0816642667270796]], "inverted": true, "swapped": false, "error_lsq": 0.035736652862369205, "error_max": 0.1696721261435804, "target": "1114.xyz", "model": "19.xyz", "model_rescale": 3.9282355846067225, "target_rescale": 4.155670891635629},
{"mapping": [10, 12, 2, 0, 1, 11, 4, 6, 9, 5, 3, 7, 13], "R": [[0.5548493837445024, 0.795759696330461, 0.2427110773211617], [0.8083225672349994, -0.44660499960568856, -0.3836125670853644], [-0.1968674393010844, 0.40903603756057483, -0.8910290294484117]], "T": [0.16323716300409247, -0.05349964328185556, 0.09793414976445033], "aligned_model": [[-0.10193319490787539, 0.693875668336023, -0.10725011693794856, -0.560363214285404, -0.5213387560640932, -0.07061074646277499, -0.057187122562325804, 0.3603733467536644, 0.5835244393817648, -0.05282729005342637, -0.4063005712656496, 0.5762136403687779, 0.020612048584297715], [0.1585551165001206, 0.11351124214264674, 0.6875839213644124, -0.3529018349239095, 0.250947516249184, -0.5719751924337996, -0.611217212348734, 0.043264614045186216, -0.40053231737606504, 0.4402150740481749, -0.12924608777607505, 0.411386828782847, -0.01237180343154462], [-0.6938687355107378, -0.5449690202980283, -0.13944317004646736, -0.06625418667657698, 0.08495207011428516, -0.33779676662262514, 0.29726325558313893, 0.7132536258235667, -0.3279199962337368, 0.5420648537979313, 0.5839838535303614, 0.060135027892205456, 0.03671530817403794]], "inverted": false, "swapped": false, "error_lsq": 0.04377004981593425, "error_max": 0.23409372977021664, "target": "1114.xyz", "model": "20.xyz", "model_rescale": 4.067790424073018, "target_rescale": 4.155670891635629},
{"mapping": [4, 5, 2, 7, 0, 1, 9, 11, 13, 3, 12, 6, 14], "R": [[-0.49544284619556445, -0.1452485903616261, 0.8564106685180884], [-0.43912546440139455, -0.8087794897650393, -0.39120910450763113], [0.7494699544797631, -0.5698934847261931, 0.3369216576575904]], "T": [0.05422209897142499, 0.0005754758308869415, -0.02466252066346005], "aligned_model": [[0.11860772205423875, 0.3282832134556161, -0.1724424603401018, -0.5550408097441619, -0.6106198540798158, -0.01348656929976258, -0.23104833805708852, 0.4313679500187772, 0.6425437079138658, -0.026353683701490743, -0.16163874842795845, 0.5364796429729222, 0.07013635811998883], [0.4869893325191497, -0.11511839860272524, 0.7073486583050475, -0.38523192174554927, 0.24644783746420842, -0.7502895696710762, -0.6635171724022306, 0.0045086733964241135, -0.3788638773126621, 0.5555183563320667, -0.18082475347959556, 0.561776510006981, -0.061523809967594344], [-0.6584831153889444, -0.5345365774697547, -0.0777358437777197, -0.21601381344066187, 0.019946769499283458, -0.34857967205112006, 0.26108497589456076, 0.5004829743889367, -0.029855478835893866, 0.6150959957148063, 0.6877361867074979, -0.0308239481521319, 0.019797666438496044]], "inverted": false, "swapped": false, "error_lsq": 0.04502440564887283, "error_max": 0.328525624360098, "target": "1114.xyz", "model": "21.xyz", "model_rescale": 4.186013935880536, "target_rescale": 4.155670891635629},
{"mapping": [6, 7, 4, 5, 11, 0, 2, 9, 1, 11, 8, 10, 12], "R": [[-0.943371499625365, 0.2780179330344385, -0.1809868575500676], [-0.21821490629365597, -0.1091308707981462, 0.9697797212305943], [0.2498649002277849, 0.9543565800842455, 0.16361861044533504]], "T": [0.013231844789894845, -0.01626028625120675, -0.011881663274974634], "aligned_model": [[-0.0828223075835136, 0.5978073441299677, 0.017583564549213455, -0.6605086847069112, -0.34564120297365025, 0.025745033216744213, -0.2135979285468249, 0.40842922437073115, 0.5577030772867372, -0.34564120297365025, -0.15081168858852412, 0.5658325121942895, -0.01728960948957966], [0.08267646840394738, 0.17058936394614027, 0.6593610406017735, -0.38491156346720923, 0.37616601987261034, -0.5643869747930778, -0.6672502115672151, 0.03411562111531095, -0.48743053890218535, 0.37616601987261034, -0.17918612636755882, 0.5975855504158952, 0.01372519571140213], [-0.5511756159643465, -0.41397920576098224, -0.27858943220010446, -0.10520213710162024, 0.3289668493560471, -0.48218900367047424, 0.26099115312501336, 0.4642822364147987, -0.14100527046021516, 0.3289668493560471, 0.7190171125365055, 0.10696792161512245, -0.02893533771843681]], "inverted": false, "swapped": false, "error_lsq": 0.04641385953195751, "error_max": 0.29905603352684207, "target": "1114.xyz", "model": "22.xyz", "model_rescale": 4.166573947596378, "target_rescale": 4.155670891635629},
{"mapping": [6, 12, 2, 0, 4, 5, 7, 9, 14, 3, 8, 11, 15], "R": [[-0.7490542553192145, -0.20424706549043664, -0.6302387316142372], [-0.649656161744237, 0.41291895792802835, 0.6383140337571916], [0.12986375204776326, 0.8875703185788588, -0.44198906715200614]], "T": [0.0872652895470302, -0.030077189276562694, 0.022512928324785467], "aligned_model": [[0.03251689402580507, 0.6069249060529414, -0.1971956628861041, -0.6856279572810563, -0.539738626738104, -0.21668347982067807, -0.22643768595148325, 0.44405897279438444, 0.7843332058517379, 0.006660217522599793, -0.25811571267831335, 0.5665126376964206, 0.03958042229687895], [0.1596216734415047, 0.15794565566912763, 0.5149960591780604, -0.2930628109650897, 0.24703841164222526, -0.5872932213489898, -0.6705003723715336, 0.023232234477436192, -0.39792191739781, 0.47599080882819667, -0.15214793085159617, 0.590941243336701, -0.04161996879578832], [-0.7124187600913471, -0.32959876983458436, -0.2509580199476968, 0.03769036653589811, 0.28694920808820457, -0.5143179765257655, 0.07578803853678143, 0.5024145215872973, -0.04651126505887199, 0.336876818862872, 0.7435467954727335, 0.10467991118740597, -0.026024749285572867]], "inverted": true, "swapped": false, "error_lsq": 0.04282260553698626, "error_max": 0.2345275971012064, "target": "1114.xyz", "model": "23.xyz", "model_rescale": 4.274766983524099, "target_rescale": 4.155670891635629},
{"mapping": [0, 9, 11, 1, 7, 8, 5, 6, 3, 10, 12], "R": [[0.9921451697456853, -0.0837813462605257, 0.09289051711062525], [0.03327028483449118, -0.5390981338585334, -0.84158558104169], [0.12058627740061177, 0.8380655631208221, -0.532076180272752]], "T": [0.050908935257013996, 0.11897216519321109, -0.036241158497944174], "aligned_model": [[0.1332740248413955, 0.1469088785236689, -0.45212966202432636, -0.506240412575393, -0.44066357549989615, -0.6248480991718571, 0.07970220533293537, 0.222059407502047, 0.6806362869546531, 0.21312050081838618, -0.07192485074353831], [-0.30188213302300226, 0.7746836167514376, 0.45789144987738684, -0.27969354488438924, 0.5365500622432496, -0.2410072456330099, -0.5029130248061139, 0.0008586354125337675, -0.1777059868564972, 0.6143340182330435, 0.0344706839288445], [-0.6373712192877828, -0.10468722335706188, -0.5330247106778628, -0.40096121821662783, 0.15374027196054962, 0.18268271102510947, 0.2883055498199123, 0.6936116051117331, 0.30472713382113203, 0.4897387013788269, -0.05719516755635081]], "inverted": true, "swapped": true, "error_lsq": 0.05625683980911109, "error_max": 0.2744920101407826, "target": "1114.xyz", "model": "24.xyz", "model_rescale": 3.7841303162186577, "target_rescale": 4.155670891635629},
{"mapping": [7, 0, 11, 3, 13, 4, 5, 9, 8, 14, 12, 10, 15], "R": [[0.463889861162885, -0.1685682282925656, 0.8697073928170239], [-0.3708470361730889, -0.9285226576693948, 0.017836758567638167], [0.8045363089829541, -0.33080270041955523, -0.49324527460809486]], "T": [0.1334218970155348, -0.031740613338982815, -0.0682316683105389], "aligned_model": [[0.23240922049907753, 0.6656717950194955, -0.36773657846085056, -0.6338924311399852, -0.50295118415369, -0.1023454567444878, -0.33578029501788903, 0.3659563244265827, 0.6228798112758154, 0.07477184239864765, -0.20567601630255244, 0.46183282522227054, 0.08164827386259571], [0.3820625046708699, 0.04296183037315272, 0.4953470109093302, -0.2690535600484202, 0.278558023103499, -0.7004552859101446, -0.6679353416345897, -0.009725001888740113, -0.3630338121569505, 0.389982729127482, -0.17340143249106976, 0.6657949270868898, -0.04388272629886468], [-0.5599369147897155, -0.57068518887717, -0.31409013976340683, -0.1307870418964916, 0.2645506254734972, -0.3004789168354579, 0.3118266379052211, 0.46803669869166625, -0.0797880615107309, 0.6011027442389061, 0.5951812678978339, 0.03591024138183732, -0.11272583238863454]], "inverted": true, "swapped": false, "error_lsq": 0.042291837364133604, "error_max": 0.27621607263645537, "target": "1114.xyz", "model": "25.xyz", "model_rescale": 4.19342608120988, "target_rescale": 4.155670891635629},
{"mapping": [10, 4, 9, 8, 7, 6, 11, 5, 2, 3, 0, 12], "R": [[-0.6663228205488061, 0.610127142695141, -0.4286709327240958], [0.4492915643362242, -0.13030044220728343, -0.8838319325397191], [-0.5951058637185419, -0.7815156201300452, -0.1873028202151769]], "T": [-0.022217442206629745, 0.06088371767111429, -0.04884364911014753], "aligned_model": [[-0.25167709043235437, 0.4508944115459678, 0.08874249077812094, -0.6712054661821594, -0.5211428255353552, -0.37338377709985465, -0.0763832879890726, -0.20844337258294526, 0.5908886266356912, 0.22950490707483778, 0.4399778917545905, -0.09996395333568597], [-0.6289488202410175, -0.4032158150043526, -0.49024739811316936, 0.5215293003721008, -0.18004940180729723, -0.20837508894451845, 0.174629612105352, 0.4308831753650264, 0.053015788867375194, -0.07063429497981104, 0.6285407698720145, 0.18564860024927782], [0.09197577397753968, -0.023357066506792187, -0.4063359526537146, -0.07678283879503717, -0.4298062078535577, 0.5676871667565184, -0.8226885575072613, 0.5180082821592128, -0.41467406621486674, 0.6723863495499944, -0.1458005603932524, -0.08135386130936205]], "inverted": false, "swapped": true, "error_lsq": 0.04951648243523715, "error_max": 0.2666533214094252, "target": "1114.xyz", "model": "26.xyz", "model_rescale": 3.795458400668931, "target_rescale": 4.155670891635629},
{"mapping": [9, 2, 1, 11, 8, 4, 10, 7, 3, 6, 5, 0, 12], "R": [[0.0038317872723248603, -0.533317092800505, -0.8459067300436363], [0.5161148656537536, -0.7234841683120801, 0.45847148619405537], [-0.8565108072041518, -0.4383418035375995, 0.27248064227371627]], "T": [-0.05425625160979859, 0.02981281077561456, -0.08443554615984294], "aligned_model": [[0.03605630916875624, 0.5155639727477022, -0.1033399442459803, -0.6243906563588472, -0.6693516771892752, -0.06103757377847381, -0.10202937693980155, 0.39556861922781406, 0.6072387877567019, -0.13633872033535477, -0.23146894756587516, 0.7029511672472757, 0.027366171150387253], [0.012413626188294315, 0.41848570327988444, 0.6145879365306557, -0.3673704366791855, 0.31861895394612877, -0.7662946738847726, -0.5865056796714513, -0.2566344432923238, -0.2918983433523295, 0.5905024203833434, -0.008289600838166662, 0.3457523295450932, 0.00385207268727358], [-0.5038580060457252, -0.6313114081657776, -0.16177902660003157, -0.2540433885376101, 0.17824361023507806, -0.3394454855228828, 0.2699028166213917, 0.5286008759573744, -0.14770327135235398, 0.5156282751806183, 0.6463204558691706, 0.050072213469226634, 0.05748845841887634]], "inverted": false, "swapped": false, "error_lsq": 0.061486099380707225, "error_max": 0.41554330797298084, "target": "1114.xyz", "model": "27.xyz", "model_rescale": 3.6321398670334006, "target_rescale": 4.155670891635629},
{"mapping": [12, 6, 7, 10, 8, 9, 11, 1, 13, 3, 0, 4, 14], "R": [[0.349668638821056, -0.9126603115742514, -0.21161993928318762], [0.35204512494645657, -0.08132752520821789, 0.9324430618782791], [-0.8682143013256942, -0.400545864191227, 0.2928599283835867]], "T": [-0.017445994169504132, -0.015342908749604093, 0.08611450485473143], "aligned_model": [[-0.13629799010101687, 0.5235877721281266, -0.08496080164492656, -0.6498069225119563, -0.44695282250295343, -0.044795197223845666, -0.0073161156795559165, 0.4967701965877343, 0.5814084037089673, -0.16441501374442388, -0.39028618512566154, 0.6395164349456364, 0.04033637204890498], [0.3344444554999577, -0.00047305137102488307, 0.7388610545680494, -0.4618377529175641, 0.21678136125143424, -0.46575649314056655, -0.6412992825868552, 0.11631097173673949, -0.5465950239143145, 0.46833327050806467, -0.18015409775495608, 0.48635070107233414, -0.03774624810885453], [-0.6535021078132028, -0.47153125026952986, -0.07973336667624872, 0.01240125344152039, -0.08321305783365374, -0.4067868902625949, 0.22964791571440338, 0.49295127932614946, -0.07395401856159942, 0.5508913769838673, 0.5585964179543383, 0.029801620414333374, 0.10254694710957206]], "inverted": false, "swapped": false, "error_lsq": 0.048870045962830726, "error_max": 0.3206105177109087, "target": "1114.xyz", "model": "28.xyz", "model_rescale": 4.156811204709835, "target_rescale": 4.155670891635629},
