[{"mapping": [12, 2, 10, 0, 11, 4, 5, 9, 7, 13, 14, 6, 3, 16], "R": [[0.008211035739526196, 0.9501430091198652, -0.3117063379412305], [0.6240323897668206, -0.24843864670506255, -0.7408520873597297], [-0.7813553323642167, -0.18843168800391685, -0.5949599512084822]], "T": [-0.09770864897721479, 0.09164677301703718, 0.13792170274259866], "aligned_model": [[0.26535480707449477, 0.1842127845852177, -0.397591784702628, -0.5614869376382199, -0.5879242017036782, -0.15436450389230663, -0.709733255271937, 0.010385732264257305, -0.29526391174386835, 0.10739341917888551, 0.7023551713892868, 0.23745343267259342, 0.6104670421933382, -0.0397656932771325], [-0.5666074022930295, -0.3606730731829746, -0.5376931347936251, -0.3592649184986342, 0.26058218205247846, 0.06144956495102023, 0.2917127825050894, 0.6114904287098557, 0.6961381453410773, -0.059442365733874805, 0.3571807867007062, 0.6754060934062422, 0.04216602960870414, 0.12282821303699863], [0.22299164479620123, -0.29165879976789744, 0.2631157661532175, -0.24704629623042387, 0.41714783862551585, -0.5209354741502324, -0.09472876997555679, 0.6234015741172138, 0.07655090695931555, 0.753954909966371, 0.538977466332426, 0.04581939640562635, -0.05656565788875534, 0.16656358183681197]], "inverted": true, "swapped": true, "error_lsq": 0.048456016381343, "error_max": 0.31069291292241946, "target": "1115.xyz", "model": "0.xyz", "model_rescale": 3.8414455957264533, "target_rescale": 4.149300056846057},
{"mapping": [9, 11, 1, 5, 7, 4, 2, 6, 12, 3, 0, 15, 10, 13, 16], "R": [[0.055525981578845224, -0.6050004212260935, -0.7942866961531934], [0.9981604982692143, 0.014241610963788204, 0.058930435363315714], [-0.02434101609751671, -0.7960977746692962, 0.6046783013321505]], "T": [-0.05088371799657929, 0.0352930043530037, -0.04645750812176237], "aligned_model": [[-0.6813133614633563, -0.4934112982822976, 0.26045033234132364, -0.27925121079785, -0.5496247995944501, 0.3118369933145143, 0.6244149588816459, -0.3428073358371776, 0.5306522934301583, 0.3244569776207859, 0.3554007840377251, -0.1853608936597202, 0.2698462460948544, -0.2016236975113724, -0.0716218350702391], [0.132621287207861, 0.1679982182596887, -0.6937597954723187, -0.26805667041905384, -0.36222229863359673, -0.48585559432532816, -0.05651093115262555, -0.37720426397582113, 0.4825809359689109, -0.09762504943371175, -0.01833916283481251, 0.7565891771146596, 0.5009698663658761, 0.6252917742028756, 0.04056703517041144], [0.2862558777298447, -0.4116647950280304, 0.35734691364189486, -0.6161539469082556, -0.08444688892921166, -0.2336802644734371, 0.018010162362489465, 0.40765481820048416, 0.1382040772689066, 0.5726052028934512, -0.6778595265392069, -0.36490013470805693, -0.473012918928674, 0.22478151702824561, 0.02204169372909058]], "inverted": false, "swapped": true, "error_lsq": 0.049602554442986856, "error_max": 0.32467285981349775, "target": "1115.xyz", "model": "1.xyz", "model_rescale": 4.316132596720782, "target_rescale": 4.149300056846057},
{"mapping": [12, 3, 2, 11, 10, 13, 5, 9, 1, 14, 6, 16], "R": [[0.7275515939098393, 0.6630123460505108, -0.17630458639482505], [0.4614762897677114, -0.6631117482888448, -0.5893406852267534], [-0.5076497928508195, 0.34741536849412646, -0.7884124869334647]], "T": [-0.1306000508464938, 0.060537065605782134, -0.16578979927916893], "aligned_model": [[-0.20623939965391605, 0.45234948207002973, 0.12705468009543014, -0.5626734170172419, -0.6757318996722883, -0.4148869101837937, -0.33251049680554434, -0.12334185214278819, 0.7302017309047737, 0.2976267537312693, 0.40029063060156295, -0.0943307472957124], [-0.6757639141493345, -0.3192461107762171, -0.5158985872415119, 0.4598403293527842, -0.35204087060230094, -0.09375258042268557, 0.48256356817046714, 0.5308471490353186, 0.02080414543084451, -0.011266681135113268, 0.4207714407322922, 0.06591853934643659], [-0.009296720844385153, 0.0744622932987899, -0.4302672536211754, -0.19200440070394342, -0.35094617135140227, 0.41710589065973736, -0.6656423498021221, 0.37860736374250115, -0.387028300578203, 0.6606012585052844, 0.05776708224882049, -0.10410023034448104]], "inverted": true, "swapped": true, "error_lsq": 0.04492638876489191, "error_max": 0.24156834595746476, "target": "1115.xyz", "model": "2.xyz", "model_rescale": 3.795458400668931, "target_rescale": 4.149300056846057},
{"mapping": [10, 11, 5, 6, 2, 1, 7, 13, 9, 14, 4, 16], "R": [[-0.5331244678671393, 0.6893940477449317, -0.49042241863034597], [0.4791233046971831, 0.7237747203221291, 0.4965793120123654], [0.6972941708184787, 0.029765771558665666, -0.716166767021542]], "T": [0.035396084392176376, -0.006795997441218236, -0.06975875597898848], "aligned_model": [[-0.044643832400665266, -0.2207408218597132, -0.6190825651631815, 0.1693345523168484, 0.07704724005280744, -0.01255920721925239, -0.2438501256958606, 0.5777825639435695, 0.3299663090683164, 0.8729020146938958, -0.3869888562022302, 0.09413655420903093], [-0.11218725392473351, -0.5370887868574733, -0.19755200787584737, 0.10219263202240329, 0.6033739438052158, 0.7376900578366352, -0.2137214982100288, -0.355752570359927, -0.46945111345777746, 0.03333665798052531, 0.5014652981967462, -0.006536313866029298], [-0.7655737191304877, -0.06869185868914472, -0.0065400002341726715, 0.58733588363339, -0.377281389515004, 0.41495321042179145, 0.4663454008031811, -0.2383942078551734, 0.39584961324123435, 0.340642683186703, -0.031340607535700477, -0.028533577687516416]], "inverted": true, "swapped": true, "error_lsq": 0.04304867135578819, "error_max": 0.20241374988872052, "target": "1115.xyz", "model": "3.xyz", "model_rescale": 3.7530521520055578, "target_rescale": 4.149300056846057},
{"mapping": [13, 6, 3, 1, 12, 7, 10, 11, 8, 4, 16], "R": [[-0.4417770377097525, -0.6875376556062377, -0.5763028900464361], [-0.8551135306438463, 0.5169924232559955, 0.03872575377845666], [0.271318813690116, 0.5099125478151841, -0.8163181334004629]], "T": [-0.10907377478358915, -0.05348800621468991, 0.019046055439622685], "aligned_model": [[-0.4662042490872542, -0.061832525622626866, 0.40385541934537017, 0.5933363618334349, 0.2066559063647465, -0.3478755058954405, -0.1518537881997587, -0.6257397268989688, -0.5095660289483099, 0.41230534512259, -0.11488160556857745], [-0.59208133658879, 0.24194874861368865, -0.3154950782011603, 0.29168254129307924, -0.7261797398160668, 0.4909468842289914, -0.415189584118007, 0.14171749989651922, 0.1115949546338077, 0.31325104457178277, -0.07499257619949842], [-0.14455940722279467, -0.5909349182176523, -0.4392577990257035, -0.40401680038639765, 0.16100072236077503, -0.21498099197506415, 0.62651128667781, 0.22342022168761982, 0.727223465167775, 0.19759806122065138, -0.049173063041702623]], "inverted": false, "swapped": true, "error_lsq": 0.0478235656485668, "error_max": 0.2863640599892616, "target": "1115.xyz", "model": "4.xyz", "model_rescale": 3.7855080009869324, "target_rescale": 4.149300056846057},
{"mapping": [1, 3, 2, 9, 0, 4, 10, 7, 11, 8, 12, 6, 14, 13, 15, 11, 16], "R": [[-0.34217357653229447, 0.30001292929452505, -0.8904546511637841], [0.8898761416706114, -0.20083473375459615, -0.4096167259806985], [-0.30172453663652243, -0.9325543694465428, -0.19825400883118854]], "T": [-0.038074048003592306, -0.03358399325302738, 0.01972131805089978], "aligned_model": [[-0.021399709663195845, -0.5256168444541272, -0.11658444031855573, -0.18918833173780814, -0.5527120804398561, -0.3897062307449362, -0.4497916613101277, -0.5076666658688831, 0.5052000289797952, 0.13620701189630824, 0.5218256768132961, 0.08200776757491458, 0.35386650851962437, 0.6219394188913456, 0.2729022757789354, 0.5052000289797952, -0.02086288034587889], [0.2653191897602316, -0.48402178158856735, -0.517584604152825, -0.7272747330928083, 0.103392770617426, 0.5802896814029257, -0.30241776560233347, 0.39898660261787977, 0.4975892379549268, 0.026198746182548666, -0.02825399674141213, 0.5796920786298266, -0.5632233970869124, 0.12603125137351545, -0.5436972040502073, 0.4975892379549268, -0.08256868947412532], [-0.6756079511552958, -0.18478889164001006, -0.5328772835813019, 0.0733090961451145, -0.5502426676975177, -0.19595135868471064, 0.5574771025961675, 0.4118117728062021, -0.21510735146432228, 0.6989576614464557, -0.3669945366762006, 0.20826809020642711, -0.1337781952761053, 0.2722541596290437, 0.587520882072177, -0.21510735146432228, 0.005900050389430027]], "inverted": true, "swapped": false, "error_lsq": 0.046732650513473924, "error_max": 0.3781408402407035, "target": "1115.xyz", "model": "5.xyz", "model_rescale": 4.2253639853439635, "target_rescale": 4.149300056846057},
{"mapping": [4, 3, 9, 7, 6, 13, 11, 5, 12, 2, 14, 15, 8, 16], "R": [[0.4006436833343342, -0.5090011593555964, 0.761841491899041], [-0.6289309464425307, 0.4518771121876196, 0.632655467128737], [-0.66628109954523, -0.7326151071713143, -0.13908487025253058]], "T": [0.0959272719368659, -0.01821471807007183, 0.004856591245810431], "aligned_model": [[0.5839671786020287, -0.2727213000589258, -0.4048285834127423, 0.16526719285575758, -0.1926212195839554, -0.43588769639009084, 0.2288637231797762, 0.6536093479113442, -0.09799885699967606, 0.26656243996937845, -0.7971345605708452, 0.01597890990976586, 0.6317318086306974, 0.02927376871527089], [-0.021356688111914022, 0.18488574672522584, -0.4852172503363598, -0.6533256738772665, -0.5131453582555195, 0.19381433140062196, -0.28559366090705557, -0.3588334709590122, 0.7075061717130794, 0.4732530198650259, -0.08311927956096751, 0.30616624527266373, 0.014625663198811919, -0.03456064953234317], [-0.4423812809663365, -0.598993488280457, 0.22568397931151193, 0.010363388564553117, -0.36034859682846937, 0.34633604927624784, 0.5124529824655544, 0.2090533998296944, -0.0849898005703885, -0.44006525369433613, -0.2591208998526986, 0.7315912306240011, 0.6380995786322826, -0.016123079579711007]], "inverted": true, "swapped": true, "error_lsq": 0.0399162375850091, "error_max": 0.2902239334144238, "target": "1115.xyz", "model": "6.xyz", "model_rescale": 3.89814844738969, "target_rescale": 4.149300056846057},
{"mapping": [10, 15, 11, 2, 7, 13, 12, 4, 3, 14, 9, 6, 16], "R": [[0.5007995386839251, -0.8655626889278649, 0.0010264452894578335], [-0.384416030627973, -0.2234786250776739, -0.8957017469725209], [0.7755154011689267, 0.44817243965839404, -0.44465416548194164]], "T": [0.05563355804306487, -0.005841215211169634, -0.04577687522762891], "aligned_model": [[-0.059055789558540545, -0.006282140962627351, 0.4820353481357354, -0.31513735631515366, 0.5498403476238254, -0.3328159607171464, -0.6078055258728947, 0.23686076595694794, -0.5056553307670519, -0.551196979318874, 0.1299117998054985, 0.10985956731809893, 0.018073055576404824], [-0.21694114084561839, 0.30944159295798124, 0.28831680341257465, -0.5806878799739227, 0.21753247434590883, 0.4740849264084781, -0.22368969894757257, -0.6006734459233422, -0.1546912198809337, 0.523450276623821, 0.6751423223015152, 0.21463111831529785, 0.03786513667629822], [-0.7120766149189706, -0.7782529384076737, -0.3259023274916245, -0.01945982405203006, 0.29196284642502507, -0.2971124448906737, -0.33688020317297074, 0.18126024339408967, 0.40653379940497075, 0.42651897504752484, 0.17412467448804286, 0.5945690391164751, -0.0030101941058894854]], "inverted": true, "swapped": true, "error_lsq": 0.044379551158012495, "error_max": 0.25438897298900776, "target": "1115.xyz", "model": "7.xyz", "model_rescale": 3.7474275329858107, "target_rescale": 4.149300056846057},
{"mapping": [15, 13, 9, 11, 6, 5, 8, 0, 7, 4, 10, 2, 12, 3, 16], "R": [[0.43157980961300996, 0.6163229186974706, -0.6586994214530851], [-0.5935783783291779, 0.7438751890354853, 0.30710651558950114], [0.6792669406901103, 0.25844876286345814, 0.6868774710673269]], "T": [0.08885155572242481, -0.06968349790089148, 0.02526916400445722], "aligned_model": [[-0.4631939419151165, 0.12265215618192135, 0.4589839943750944, -0.21569305318408133, 0.7134916060709604, -0.2622003554500317, -0.6789258819726203, -0.5283852793284611, 0.3009070881100233, 0.06608382799567253, -0.5373341640072147, 0.06593361338337339, -0.025654294272186767, 0.6335237978638444, 0.1519646084875692], [0.11437835620512007, 0.25971536777802495, -0.34265159896368247, -0.4597325027009287, -0.3364225312549508, -0.6300671969508191, -0.36664663097087447, -0.05211899828766142, -0.671246222821645, -0.1732304674325557, 0.258781873498411, 0.39473025795700334, 0.6776298603481229, 0.3709286701334543, -0.0549302745574258], [-0.5234794017734434, -0.5533028758581945, -0.5279965233367736, -0.2939988277539914, 0.04159385498497853, 0.2026372412335626, -0.08193334073032796, 0.4557598057399651, -0.0115956539905652, 0.6787017867662095, -0.015646754255958243, 0.5276703755817952, 0.052867757699473245, 0.2510556848581035, -0.00553847346857211]], "inverted": true, "swapped": true, "error_lsq": 0.03478769870329219, "error_max": 0.22917388807109595, "target": "1115.xyz", "model": "8.xyz", "model_rescale": 4.019505241142653, "target_rescale": 4.149300056846057},
{"mapping": [5, 6, 11, 8, 0, 10, 13, 4, 2, 3, 14, 12, 16], "R": [[0.8010291176306978, 0.12112564901602146, -0.586243063803943], [0.5829150398376401, -0.38071325893781993, 0.7178213362669207], [-0.1362439321176128, -0.9167256904981952, -0.37556836839880325]], "T": [-0.06310328387806906, -0.04417736151827269, -0.046752596903048595], "aligned_model": [[-0.12745872784892942, -0.7205239424580695, 0.017130281557422744, 0.40673558462162285, 0.37027772733465153, 0.6347125847053692, 0.19582406804489672, -0.21616130471655393, 0.13117986900769857, -0.29226728051644707, -0.4264253588155922, 0.44701905578701395, -0.10034178496190758], [-0.5735137742692384, 0.11865467031240017, -0.09003693005071217, -0.4308354563344022, -0.6587462609666426, -0.16304051846728135, 0.5633056565869093, -0.6134969429102984, -0.26199730767191265, 0.20573169129559488, 0.7650974696699359, 0.18727273827553015, 0.014983192644176122], [-0.4761569614429507, 0.0068683601177112405, -0.6283685960575734, -0.6114725528261695, -0.013616789032907618, -0.07118068815387343, -0.1379266488739302, 0.25435036441574704, 0.5724572816259205, 0.6065588257315807, 0.24398348971058456, 0.46173199219913, -0.030524583369390058]], "inverted": false, "swapped": true, "error_lsq": 0.03986650402579184, "error_max": 0.25232575577327926, "target": "1115.xyz", "model": "9.xyz", "model_rescale": 3.877068213659057, "target_rescale": 4.149300056846057},
{"mapping": [6, 3, 10, 4, 2, 1, 5, 12, 13, 15, 11, 9, 7, 0, 8, 16], "R": [[-0.9018335559427746, 0.37174250110168383, 0.22023566979550696], [0.4172350400031761, 0.6167540065294836, 0.6674798999395998], [0.11229941571156515, 0.6938458101801112, -0.7113134561684791]], "T": [-0.010420110587992984, 0.03246799948136664, -0.12446259308138306], "aligned_model": [[0.4207531473980691, -0.149245376070963, -0.5053333757355586, 0.3123549108460663, -0.24235990530406676, 0.4355968635946577, 0.44007401395568024, -0.6925269873552259, -0.5011176180008584, -0.5411868034948425, 0.12307295161268696, 0.1405296561652981, 0.5698875463609397, -0.056999096715779546, -0.022704331934007713, -0.015387070005001656], [0.0534661062996557, -0.42002051446399685, 0.008134833580565048, -0.5106330995879298, -0.6108281235806385, -0.6196449081078501, 0.14810045045882586, -0.28957330663747866, 0.41278821944779537, 0.5169922303126505, 0.5192299426820756, 0.6000978932871384, 0.2904552155885673, -0.288447680788724, 0.34519247910995793, 0.04648913953293517], [-0.6490958945953275, -0.6881718952838406, 0.3816410773134492, 0.0732038394313186, -0.09305597298420214, -0.5335133251004298, 0.3779425714534167, -0.18251544223170452, -0.36728801414824225, 0.22665131077348466, 0.17895149445699143, -0.5399418328818073, -0.19439037903069412, 0.5548425953429656, 0.6444419335047661, -0.19466773891010258]], "inverted": false, "swapped": true, "error_lsq": 0.03973847044218129, "error_max": 0.257281975787683, "target": "1115.xyz", "model": "10.xyz", "model_rescale": 4.260839863003843, "target_rescale": 4.149300056846057},
{"mapping": [6, 9, 13, 14, 12, 3, 1, 7, 11, 10, 4, 16], "R": [[0.7252067083288046, -0.6638324865128062, -0.18276121044993393], [0.5652063674825203, 0.42236978532244385, 0.7086222735730844], [-0.39321367264137014, -0.6171954263415259, 0.6815077500300256]], "T": [0.04208038211012945, 0.030619213679276544, 0.14098264322277357], "aligned_model": [[0.3219212426480767, 0.21050116988553352, -0.3931593152938499, -0.3457730060408618, -0.6879668584623537, -0.3325543302974055, 0.2106605397284208, 0.6297857193776306, 0.35468576296608584, -0.3031223788851991, 0.27079746353018175, 0.02312263993787082], [0.017659417307451394, -0.5512002014689464, -0.47034539662490416, -0.2730433344743553, 0.20008097498638655, 0.3587642001107017, 0.6900846349454522, -0.11565220614962064, -0.3701949503598542, 0.03154404573342333, 0.6496864275032389, 0.005694894023960884], [-0.4779782088519523, -0.24726100905199952, 0.07779590696205121, -0.6519958941536549, 0.24425057368303554, -0.4010101492733309, -0.43189690387281365, -0.06251522881673291, 0.4383772922777024, 0.7594536341801305, 0.1925463732009583, 0.07641169111211085]], "inverted": true, "swapped": true, "error_lsq": 0.04203832002206858, "error_max": 0.3030718848087757, "target": "1115.xyz", "model": "11.xyz", "model_rescale": 3.890672605050136, "target_rescale": 4.149300056846057},
{"mapping": [4, 5, 7, 1, 6, 12, 0, 3, 2, 15, 9, 11, 13, 16], "R": [[0.8525190237820092, 0.27954179963583015, -0.4416646876830112], [-0.11122795264676669, -0.7286000666949194, -0.6758478270751247], [-0.5107246387631784, 0.6252985887306324, -0.5900525555335734]], "T": [0.04267693938468981, 0.02803267034694758, 0.10559756831674363], "aligned_model": [[0.2960373616667776, 0.055676500991125775, 0.46701382226653626, 0.7817747199708525, 0.6832150558178329, -0.3670231373519393, -0.3281569843679736, 0.3828359905141416, -0.0029832720153589107, -0.6869303840506078, 0.27618684142027133, -0.15236102490162928, -0.2734235940089635, 0.0780139388426282], [-0.3757633432892223, 0.30013976867389175, 0.4550542627649776, -0.46224633625001416, 0.1660651160210372, -0.496926633585389, -0.2653865322572868, -0.465782556775712, -0.6540058189726328, 0.3303952501120096, 0.5982352671188578, 0.5428923216223072, 0.2223767542803254, 0.03710500036461532], [-0.35371911177109483, -0.5225071265843496, -0.10840020052901836, 0.03584189978914436, 0.2851786510821603, 0.4646436709431718, -0.48006392721582636, 0.5324755700631313, 0.06884174854575911, 0.23212033302540702, 0.4770200385792014, -0.10344172822018172, 0.6594048709420821, 0.16739574670727447]], "inverted": true, "swapped": true, "error_lsq": 0.05134463202252191, "error_max": 0.3333970710511574, "target": "1115.xyz", "model": "12.xyz", "model_rescale": 4.124412569039231, "target_rescale": 4.149300056846057},
{"mapping": [15, 0, 2, 11, 12, 13, 5, 9, 4, 7, 3, 1, 16], "R": [[0.03535918710017949, -0.9990423675695468, -0.025769666056220997], [-0.714328375774195, -0.007232072150391455, -0.6997732980731775], [0.6989168043847673, 0.043151418672462916, -0.7139000319478481]], "T": [0.08620280845808585, 0.06060836124979798, -0.0250240837376721], "aligned_model": [[-0.23202755678100567, -0.1519591609675658, 0.5579345832307115, -0.4730599995415226, 0.6033152337965334, 0.21451005308988286, -0.5066119717822889, -0.047933400726563366, 0.15756178540484592, -0.2637945801707368, 0.8010712145258739, 0.5816324479865342, 0.12665965944505864], [-0.4261301795894283, 0.565106524831672, 0.4555892777139518, -0.12376810509949657, -0.04796072713313227, -0.5714190237590697, 0.39844363729322463, -0.4740536657967861, 0.7174351562101262, 0.11606080568511948, 0.10863209920748454, 0.6111137559628096, 0.018435820982001985], [0.5241325547031478, 0.48031985267985217, 0.27509514990868256, -0.018086810070772168, 0.5164166056112525, 0.1437074609913969, -0.08128003371527087, -0.4873621865909548, -0.06626720007952944, -0.5566547167858709, -0.19367570566036027, -0.5179725288487305, -0.06667436117500361]], "inverted": false, "swapped": true, "error_lsq": 0.03777921715270246, "error_max": 0.22437469014267747, "target": "1115.xyz", "model": "13.xyz", "model_rescale": 3.9028299243045295, "target_rescale": 4.149300056846057},
{"mapping": [14, 2, 3, 13, 9, 7, 12, 15, 6, 10, 11, 0, 4, 5, 8, 16], "R": [[0.9355547202601758, -0.2946499610263317, -0.19472741426436563], [0.17698574871951311, -0.08600169941009704, 0.9804487505467937], [-0.3056360746853977, -0.9517274337570379, -0.028310451871092376]], "T": [0.040712860859110106, 0.024067942113878825, 0.02971503136514954], "aligned_model": [[-0.14023722972679364, -0.14096863751222566, -0.03993115892956023, -0.4684949311487263, 0.1626978732991019, 0.6012249004597866, -0.6111592379781081, -0.5398466787581352, 0.4890984433050133, -0.47017894402497584, 0.12353601308245207, -0.007031430524465324, 0.3972160565415881, 0.4607113633458131, -0.026206892793166625, 0.03740976294299806], [-0.725439045229153, 0.48724268627023554, -0.08258513863285466, -0.3998009621193273, -0.6691820373169072, -0.2158135097253752, 0.21533167467938777, -0.03133351810515536, -0.38736990144666456, 0.4256495453089019, -0.08418207759112703, 0.7426805205512892, 0.5286489760068236, 0.3053952354642468, 0.38004392703904993, -0.03703409303226996], [-0.49654773117077755, -0.44046933208254035, -0.6940999653142763, 0.10343256791822811, 0.17849893469206396, 0.2207318320981152, -0.3031985893189859, 0.577108203780679, -0.2723787790490772, 0.311484348088063, 0.602637324709233, 0.24864072552635208, -0.20802009123570053, 0.4914324571179007, 0.7766852570002776, -0.00777705313522279]], "inverted": true, "swapped": true, "error_lsq": 0.046846406212455144, "error_max": 0.26653884965333813, "target": "1115.xyz", "model": "14.xyz", "model_rescale": 3.942246331269136, "target_rescale": 4.149300056846057},
{"mapping": [4, 2, 0, 12, 13, 10, 11, 5, 7, 8, 15, 9, 3, 14, 16], "R": [[0.9808618548354362, 0.19144301008654946, 0.03549078215239406], [-0.19401996096581392, 0.9763128260358274, 0.09575761309034575], [-0.01631798013270678, -0.10081091015826432, 0.9947717747892986]], "T": [-0.16415752445081905, -0.0060868500514273645, 0.011567846084390064], "aligned_model": [[-0.6803981670238526, -0.32493493649434674, -0.15555259339162505, 0.1952520927987353, 0.3878327478295827, 0.3313294503392964, 0.06257820107625647, -0.3539640561204367, -0.5047194153131392, 0.18547266272251434, 0.606852423809273, -0.06345522269664744, -0.42438850676772233, -0.11989401545234613, -0.16771662878333257], [-0.02729836790261633, -0.4936880017001102, 0.17920239317770292, -0.6099204206840978, -0.2005198719126921, 0.0003593494351018826, 0.5316030270072256, 0.6085642762303104, 0.4281726085435643, 0.6217622308700979, 0.18699661774016438, 0.1663219244311386, -0.6796293953813464, -0.5718760741529044, -0.041905605819887774], [-0.40226812055041494, -0.4412103411032585, -0.717956564965158, -0.26871821043622823, 0.3307766146520999, -0.4945183842108241, 0.09092906078874236, -0.22274869796405267, 0.3335004426774377, -0.4040352543141234, -0.07798895260599203, 0.702760140625348, 0.15442008600856988, 0.7527692021630271, 0.07365145959534278]], "inverted": false, "swapped": true, "error_lsq": 0.039521370070384386, "error_max": 0.2817382862472115, "target": "1115.xyz", "model": "15.xyz", "model_rescale": 4.355366556412066, "target_rescale": 4.149300056846057},
{"mapping": [12, 3, 2, 11, 10, 13, 5, 9, 1, 14, 6, 16], "R": [[0.7275515939098393, 0.6630123460505108, -0.17630458639482505], [0.4614762897677114, -0.6631117482888448, -0.5893406852267534], [-0.5076497928508195, 0.34741536849412646, -0.7884124869334647]], "T": [-0.1306000508464938, 0.060537065605782134, -0.16578979927916893], "aligned_model": [[-0.20623939965391605, 0.45234948207002973, 0.12705468009543014, -0.5626734170172419, -0.6757318996722883, -0.4148869101837937, -0.33251049680554434, -0.12334185214278819, 0.7302017309047737, 0.2976267537312693, 0.40029063060156295, -0.0943307472957124], [-0.6757639141493345, -0.3192461107762171, -0.5158985872415119, 0.4598403293527842, -0.35204087060230094, -0.09375258042268557, 0.48256356817046714, 0.5308471490353186, 0.02080414543084451, -0.011266681135113268, 0.4207714407322922, 0.06591853934643659], [-0.009296720844385153, 0.0744622932987899, -0.4302672536211754, -0.19200440070394342, -0.35094617135140227, 0.41710589065973736, -0.6656423498021221, 0.37860736374250115, -0.387028300578203, 0.6606012585052844, 0.05776708224882049, -0.10410023034448104]], "inverted": true, "swapped": true, "error_lsq": 0.04492638876489191, "error_max": 0.24156834595746476, "target": "1115.xyz", "model": "16.xyz", "model_rescale": 3.795458400668931, "target_rescale": 4.149300056846057},
{"mapping": [10, 15, 11, 2, 7, 13, 12, 4, 3, 14, 9, 6, 16], "R": [[0.5007995386839251, -0.8655626889278649, 0.0010264452894578335], [-0.384416030627973, -0.2234786250776739, -0.8957017469725209], [0.7755154011689267, 0.44817243965839404, -0.44465416548194164]], "T": [0.05563355804306487, -0.005841215211169634, -0.04577687522762891], "aligned_model": [[-0.059055789558540545, -0.006282140962627351, 0.4820353481357354, -0.31513735631515366, 0.5498403476238254, -0.3328159607171464, -0.6078055258728947, 0.23686076595694794, -0.5056553307670519, -0.551196979318874, 0.1299117998054985, 0.10985956731809893, 0.018073055576404824], [-0.21694114084561839, 0.30944159295798124, 0.28831680341257465, -0.5806878799739227, 0.21753247434590883, 0.4740849264084781, -0.22368969894757257, -0.6006734459233422, -0.1546912198809337, 0.523450276623821, 0.6751423223015152, 0.21463111831529785, 0.03786513667629822], [-0.7120766149189706, -0.7782529384076737, -0.3259023274916245, -0.01945982405203006, 0.29196284642502507, -0.2971124448906737, -0.33688020317297074, 0.18126024339408967, 0.40653379940497075, 0.42651897504752484, 0.17412467448804286, 0.5945690391164751, -0.0030101941058894854]], "inverted": true, "swapped": true, "error_lsq": 0.044379551158012495, "error_max": 0.25438897298900776, "target": "1115.xyz", "model": "17.xyz", "model_rescale": 3.7474275329858107, "target_rescale": 4.149300056846057},
{"mapping": [7, 11, 5, 9, 1, 3, 4, 10, 6, 2, 14, 13, 12, 16], "R": [[-0.5146621830618633, 0.5457566887237808, -0.6612658119389295], [0.8572368093928668, 0.3422613325632251, -0.3847105832362603], [0.01636734394870515, -0.7648573834024877, -0.6439916871410416]], "T": [0.10152754758137829, 0.057194548325013916, -0.019264615312116665], "aligned_model": [[0.26633034197262645, 0.2556732229262258, 0.6969862853050188, -0.329882540499821, 0.21877908832564347, -0.2723057870513367, 0.5997511733627099, 0.25171196085872516, -0.0954858371715032, 0.21099296621203195, -0.7614940352887662, -0.4679686425832571, -0.1971491094961989, 0.038908561010778275], [-0.3287544032696892, 0.2958160427638969, 0.06930504294490705, -0.12835998755377576, -0.7205528840499408, -0.3249405899474388, -0.22798998300094186, 0.7185805241729518, -0.5699195577711084, 0.04502955967848779, -0.29700600059257065, 0.3868470589774549, 0.41979804467675236, 0.02255537448224801], [-0.5010194506379926, -0.5351295091411347, -0.3569167986417886, -0.5643034921333411, 0.39650682971037254, 0.48670757858134217, 0.3103678142515295, 0.18490541463623694, -0.19103488082149833, 0.656369665405429, 0.015258901858244564, -0.12601202849537363, 0.5737459127772327, -0.024651238687603612]], "inverted": false, "swapped": true, "error_lsq": 0.041159354457753636, "error_max": 0.28114864128607625, "target": "1115.xyz", "model": "18.xyz", "model_rescale": 3.922800546911778, "target_rescale": 4.149300056846057},
{"mapping": [12, 3, 13, 10, 7, 2, 6, 8, 4, 15, 9, 11, 0, 5, 16], "R": [[0.4881897049422641, 0.5732334543413479, 0.6580837475673373], [0.7728783980561117, 0.06628058309299112, -0.6310830897140817], [-0.4053761140059977, 0.8167069799681762, -0.41068225559994365]], "T": [0.049208031271370516, -0.035484660321955436, -0.05907456903734705], "aligned_model": [[-0.2147064974261188, -0.381513628891644, 0.47232212752080605, 0.05779320285073885, 0.259654303593815, -0.5732452742274291, 0.042829334080187124, 0.3498931045163193, -0.5216043908704892, 0.5702230644917025, 0.6088912864926344, 0.5185676099399676, -0.2773108597562235, 0.11957768404317201, 0.06467977053017994], [0.5028194297208415, -0.2245544928192361, 0.19938400991502686, 0.6618648688163008, -0.5619294670427736, 0.20820642954976606, -0.6917036633845157, 0.40363683635823167, -0.15095411677225043, 0.5713453003616099, -0.4324915879643325, 0.004519012985765861, 0.4160218699443218, -0.11544968400993881, -0.07310324062423827], [-0.5205161749420696, -0.6252176047485961, -0.5175534321367751, 0.06462707690362832, 0.23549716684093464, -0.20665126535563438, -0.2349362538678162, 0.5780458835764056, 0.2556547117262166, -0.05141167028263276, -0.2752982503464323, 0.2943642340883356, 0.44702747772907797, 0.6172245336339639, -0.11819726565527709]], "inverted": false, "swapped": true, "error_lsq": 0.039601618896234626, "error_max": 0.2689380925460178, "target": "1115.xyz", "model": "19.xyz", "model_rescale": 3.9282355846067225, "target_rescale": 4.149300056846057},
{"mapping": [2, 4, 6, 0, 10, 5, 11, 9, 15, 13, 3, 12, 14, 16], "R": [[0.3803147205105738, -0.058748195954628435, -0.9229893622545391], [-0.7876103772261409, -0.5437030804512762, -0.2899256007900807], [-0.4847995534740728, 0.8372189736143524, -0.25304897385974523]], "T": [0.014917818552940283, -0.13796117441134442, -0.04812526966750062], "aligned_model": [[-0.4550765759219169, -0.19996571676863517, 0.6156918757719382, -0.6172669096694822, -0.6115114759046177, -0.0029037615897969313, 0.13124194298851866, 0.6544558963586702, -0.27863473103851916, 0.08378837457031477, 0.08388250023087807, -0.49332597963518, 0.5569012160359459, 0.06524616365655847], [-0.5783624247235384, -0.6957825434813527, -0.44766122205094605, -0.2161835203949328, 0.19239256049609138, -0.10861803026322286, 0.2988337716736103, 0.17389051955109802, 0.6044380258597586, 0.3431753513961728, -0.6105363228731062, -0.12608800543357127, -0.16466866290934096, -0.14194740942188436], [0.18374614726683836, -0.33251043677523917, 0.020779103302154878, -0.44916859501192397, -0.05930189916905901, -0.7319001891339744, -0.42561244649596797, 0.05842094161788543, 0.0011526575140152345, 0.40811610138573823, 0.5119667662657792, 0.5121405573611423, 0.7114778250483696, 0.0028766240679239524]], "inverted": true, "swapped": true, "error_lsq": 0.04655573760119007, "error_max": 0.2793333009348001, "target": "1115.xyz", "model": "20.xyz", "model_rescale": 4.067790424073018, "target_rescale": 4.149300056846057},
{"mapping": [7, 0, 6, 9, 1, 2, 3, 5, 4, 8, 10, 13, 11, 12, 16], "R": [[-0.39147506689669664, -0.8980221394891841, -0.20075733855950434], [0.1313783142731035, -0.27048045441920576, 0.9537190688645887], [-0.9107617748549754, 0.34698207556651767, 0.2238669888540223]], "T": [0.07385968630485698, -0.034966717761053145, 0.036540174661762834], "aligned_model": [[0.2713066894134887, 0.15565825324714064, -0.17252574004884838, 0.34298377260630386, -0.6845107862722113, -0.46304621388444644, -0.6102927489151623, 0.44693465314314407, -0.2767300382668747, 0.7428409511882734, 0.3060985611382079, 0.25801783464330486, 0.6505925139530715, -0.24774896753501854, 0.04886521949714228], [-0.2246174913190322, 0.7112620331362873, -0.4887330427605363, -0.68508178325836, -0.037099599701749406, 0.32714841258786037, -0.2787382149960849, 0.33612631572276874, 0.4211120439487789, 0.4554496643030375, 0.4042017799664717, -0.4456067846906745, -0.030814676839890337, 0.07841953741067831, -0.10213305358170802], [-0.5407392556736307, 0.09189051876666465, -0.40502719723821695, -0.11357696265375793, -0.4286206190501412, 0.25838929640844166, 0.1561118665323311, -0.40144589696272415, -0.29101675925397197, 0.06996939385505273, 0.5413850060592822, 0.5283248942753348, -0.08253837752154583, 0.7118637699757315, 0.04027989610229124]], "inverted": true, "swapped": true, "error_lsq": 0.043110509582081694, "error_max": 0.29543611518441054, "target": "1115.xyz", "model": "21.xyz", "model_rescale": 4.186013935880536, "target_rescale": 4.149300056846057},
{"mapping": [12, 10, 2, 14, 9, 3, 13, 15, 4, 5, 11, 6, 16], "R": [[0.5715546474145368, 0.8144520169226879, -0.09996597996023468], [0.7228459269452325, -0.44208251389579806, 0.5310902153177547], [0.3883542853085724, -0.3758070822085941, -0.8413976384827394]], "T": [-0.008404639592214255, 0.0799294148606475, 0.038463923200802996], "aligned_model": [[0.08924348437998184, -0.4626303422688396, 0.3487854304045192, 0.48324804302273733, -0.06459581170357212, 0.6588397144493694, -0.20985582336570763, -0.7054931297145839, 0.2949895839850822, -0.33250159595829654, -0.5176930633881285, 0.44608761909363603, 0.030149926487027405], [-0.3085865057556064, 0.048534543860795004, 0.1833519277963283, -0.6591959730249604, -0.28283739255697093, -0.18375180935058597, -0.5555288476354969, -0.26515942037393114, 0.633135321500181, 0.6537237346563904, 0.16969564753647814, 0.0568525072819461, 0.028722925611526562], [-0.603307648923396, -0.5040907203805876, -0.5362807016712066, 0.3273020357335693, 0.6572169617733363, -0.1259856769099193, 0.03984804546719878, -0.14792094415028578, -0.16186008128541535, 0.22406567632573038, 0.3202173976774291, 0.5429395351791491, 0.07073568249974319]], "inverted": true, "swapped": true, "error_lsq": 0.04138727068185989, "error_max": 0.22448257996185567, "target": "1115.xyz", "model": "22.xyz", "model_rescale": 4.166573947596378, "target_rescale": 4.149300056846057},
{"mapping": [13, 9, 6, 3, 14, 11, 7, 15, 12, 2, 10, 1, 4, 8, 0, 16], "R": [[-0.9140567559736422, -0.22379986650753184, -0.33825118863080555], [-0.24648905580742383, 0.9688210329942375, 0.025078903387977164], [0.3220922107504411, 0.10629875718553686, -0.9407216283230145]], "T": [-0.05789154878322116, 0.10744439426365673, -0.026701670513287316], "aligned_model": [[-0.6642082871692275, -0.37305103445614796, 0.22298758123415702, 0.19651669835718666, -0.280017719337504, -0.3368839725521215, 0.1379268377998842, -0.7788625824784905, -0.27162338050914686, 0.26631737303659325, -0.3784557648824088, 0.7324702272928493, 0.5585658600565752, -0.31244084925644666, 0.1384267403745142, -0.07043448648950965], [-0.13874328333841804, 0.22611735173623038, 0.042915081357548235, -0.5588646264785888, -0.5095083419971121, 0.6250212157633355, 0.536762923605232, 0.26320690875574, -0.49469184801306754, -0.33824085446674657, 0.12117866179037859, -0.22016499196740627, 0.1433489158323506, 0.7420222307015482, 0.34165048258017294, 0.0676976117604812], [-0.15383679061257835, -0.6624718765508555, -0.6419530679487055, -0.20862258641615128, -0.6911453778100454, -0.05979482459133026, -0.457451058761318, 0.282647313150155, 0.37839236464188186, 0.37933475664814553, 0.6047428016464736, -0.2706386292547074, 0.21184741297223136, 0.44412451438737977, 0.661207227779069, -0.08512164611555122]], "inverted": false, "swapped": true, "error_lsq": 0.04143896199583971, "error_max": 0.3045536768591845, "target": "1115.xyz", "model": "23.xyz", "model_rescale": 4.274766983524099, "target_rescale": 4.149300056846057},
{"mapping": [5, 2, 1, 6, 3, 14, 9, 13, 15, 12, 16], "R": [[-0.4920550184725826, -0.669411805241606, 0.5565695767818437], [0.005939205071339937, 0.6367244627657344, 0.7710685341516719], [-0.8705438441796411, 0.3827137226686042, -0.30932769329963283]], "T": [0.11964044404579943, 0.046810695704537095, -0.0989158592053889], "aligned_model": [[0.4651534110450303, 0.06335383989817872, -0.5573504769533713, -0.4924341850201841, -0.4640432845123752, -0.6061473612463616, -0.16868972100121188, 0.1469026783277707, 0.7291510190274862, 0.20360423526950158, 0.060394549123611974], [-0.1858543385073959, 0.7284898455626266, 0.41784846913656304, -0.2008826184892904, 0.45443756382988343, -0.0880924664771738, -0.5742512724377303, -0.12812088946885763, -0.14389017194861398, 0.6072992150287609, 0.028603195014711414], [-0.6422523486934525, -0.12644222743207212, -0.5410913339211701, -0.2589285790344865, 0.08800692800160323, 0.47247660934279134, 0.12190142902444914, 0.5437717863141803, 0.382631671266895, 0.4022360428596762, -0.06274354370683664]], "inverted": true, "swapped": true, "error_lsq": 0.04188283669952119, "error_max": 0.22738518492111254, "target": "1115.xyz", "model": "24.xyz", "model_rescale": 3.7841303162186577, "target_rescale": 4.149300056846057},
{"mapping": [1, 4, 0, 11, 5, 8, 7, 6, 4, 2, 3, 9, 10, 13, 12, 16], "R": [[-0.27706620154974176, 0.1899131857699813, 0.9418955896645311], [0.41849849855915294, -0.8585547587774416, 0.29621399846115315], [0.8649238848953895, 0.47625277747358696, 0.15839812273559783]], "T": [0.053223121255783365, 0.0076489445053746705, 0.1595077498629447], "aligned_model": [[0.11058404049616274, -0.23119456438399927, -0.5603617829150868, 0.25772226145125515, 0.07788301246931002, -0.1939332385669834, 0.5619722705180731, 0.592763191055447, -0.23119456438399927, -0.49252067470614685, 0.01570210294229124, 0.7271880207191567, -0.5115180607693823, 0.17211537007316646, -0.4767720149789549, 0.09940717945246799], [0.1392013075771149, -0.2608725779044688, -0.4283699053538203, -0.3835589681478601, -0.676472969179638, -0.6176646773828314, -0.34617145018935275, 0.13054218274417143, -0.2608725779044688, 0.23134985693413512, 0.5945063175607791, 0.13864213596664982, -0.06040686220150677, 0.44206802885241087, 0.5329974111022828, 0.06189521589436412], [-0.7185062520658214, -0.37454965240046667, 0.15588245632498152, 0.549320738689383, 0.14971661612076345, 0.6463940624020567, 0.0039773442856429475, -0.23468150040327607, -0.37454965240046667, -0.18796017247388425, -0.28318524065498796, 0.3745068782613589, 0.5815361525412429, 0.6509712693016079, 0.28386478298190204, 0.15088218530721637]], "inverted": false, "swapped": true, "error_lsq": 0.04521864462712892, "error_max": 0.3873709509034236, "target": "1115.xyz", "model": "25.xyz", "model_rescale": 4.19342608120988, "target_rescale": 4.149300056846057},
{"mapping": [12, 3, 2, 11, 10, 13, 5, 9, 1, 14, 6, 16], "R": [[0.7275515939098393, 0.6630123460505108, -0.17630458639482505], [0.4614762897677114, -0.6631117482888448, -0.5893406852267534], [-0.5076497928508195, 0.34741536849412646, -0.7884124869334647]], "T": [-0.1306000508464938, 0.060537065605782134, -0.16578979927916893], "aligned_model": [[-0.20623939965391605, 0.45234948207002973, 0.12705468009543014, -0.5626734170172419, -0.6757318996722883, -0.4148869101837937, -0.33251049680554434, -0.12334185214278819, 0.7302017309047737, 0.2976267537312693, 0.40029063060156295, -0.0943307472957124], [-0.6757639141493345, -0.3192461107762171, -0.5158985872415119, 0.4598403293527842, -0.35204087060230094, -0.09375258042268557, 0.48256356817046714, 0.5308471490353186, 0.02080414543084451, -0.011266681135113268, 0.4207714407322922, 0.06591853934643659], [-0.009296720844385153, 0.0744622932987899, -0.4302672536211754, -0.19200440070394342, -0.35094617135140227, 0.41710589065973736, -0.6656423498021221, 0.37860736374250115, -0.387028300578203, 0.6606012585052844, 0.05776708224882049, -0.10410023034448104]], "inverted": true, "swapped": true, "error_lsq": 0.04492638876489191, "error_max": 0.24156834595746476, "target": "1115.xyz", "model": "26.xyz", "model_rescale": 3.795458400668931, "target_rescale": 4.149300056846057},
