[{"mapping": [5, 1, 6, 0, 2, 9, 3, 12, 11, 7, 13], "R": [[0.8549138871494883, 0.5186674586208505, 0.010310816007467472], [-0.11332491693915779, 0.2061139096756908, -0.9719436812073701], [-0.5062407616536666, 0.8297596782237548, 0.2349875903836754]], "T": [0.06358954863719915, 0.004452747217095376, 0.030179216560630946], "aligned_model": [[0.15481801555725774, 0.09143979210238848, -0.4623715543435861, -0.16591665607758055, -0.598858871285896, 0.25075044283133024, -0.42098888149475155, 0.48143813343587816, 0.6050803594916727, 0.2101824291253491, 0.13413377973311888], [0.7428283165603997, 0.22051552385850526, 0.24424084071905636, -0.4398001744096909, -0.38485890915637355, -0.7034696435135681, 0.1881202221500096, -0.1813372381215772, 0.18780664156913263, -0.49665183627465553, -0.08572274071126967], [0.16758425963388976, -0.5042226489974017, 0.5305919187910836, -0.5575100535508017, 0.0009085731983117726, 0.00651785246510115, -0.038013961253235924, -0.3247918378976202, 0.43046772754912666, 0.5768045052815376, 0.14607466552807732]], "inverted": false, "swapped": false, "error_lsq": 0.05127455753529008, "error_max": 0.3210504248370625, "target": "1116.xyz", "model": "0.xyz", "model_rescale": 3.8414455957264533, "target_rescale": 3.6901257040902076},
{"mapping": [1, 4, 11, 7, 13, 9, 0, 2, 10, 8, 14], "R": [[0.6700224882181915, -0.6434842895602129, -0.3701321849975916], [-0.5825082084620665, -0.14666929317722063, -0.7994825235821031], [0.46016741774729875, 0.751276305714537, -0.47310660544501004]], "T": [0.15720178672160132, -0.06800689944167213, 0.03625572509049008], "aligned_model": [[-0.06213064614070732, 0.16860842938204668, -0.40802638161092497, -0.11216991679497482, -0.46069974014033155, 0.03923682953432456, -0.45643012714097597, 0.6204196290952169, 0.6101201146534463, 0.17877813054022146, 0.16200066769784008], [0.761322581754739, 0.21688303966068775, 0.3011957849473522, -0.33240917612978194, -0.414815048060147, -0.7255492075000548, 0.14694185797808418, -0.19527580088276458, 0.08976271212134465, -0.5696366435535437, 0.013250902334052975], [0.14852231264856083, -0.42691254449375216, 0.5563248528931019, -0.48382631032492734, 0.3060126745706609, -0.10242398497013955, -0.28432230828082505, -0.5239554715587202, 0.5244719049750433, 0.6463413409758754, 0.07417853431319035]], "inverted": false, "swapped": false, "error_lsq": 0.04046971540834096, "error_max": 0.23945912786402507, "target": "1116.xyz", "model": "1.xyz", "model_rescale": 4.316132596720782, "target_rescale": 3.6901257040902076},
{"mapping": [9, 1, 5, 8, 4, 6, 0, 10, 7, 3, 11], "R": [[-0.42690202668019855, -0.8790226465924712, -0.21230602062566795], [-0.28288005928684556, 0.35280170963202206, -0.8919135752630931], [0.8589141585014244, -0.32070257320185297, -0.3992697432407074]], "T": [-0.0013546769344666663, -0.030605579888026556, -0.02347729426924361], "aligned_model": [[0.21207772523272916, -0.052980250381312, -0.22593617847275488, 0.1521811367272672, -0.5574931993913398, 0.12500402957442777, -0.6494253028024444, 0.571616225964605, 0.6156688185579556, 0.13139815770082608, -0.04240417363477879], [0.676669989120199, 0.2796172657520533, 0.2543371010918934, -0.3331107700261912, -0.5132176084489692, -0.8430238145705474, 0.25839074165717185, -0.1781938530765699, 0.17859670650054119, -0.34128440081161604, -0.1471103545179962], [0.04101599546886542, -0.46585026995160017, 0.509561822156354, -0.7104659984526485, 0.2048323745240882, -0.03377546130254255, -0.0034860810274976034, -0.24063586452963112, 0.5896927711774194, 0.5394368767772261, 0.0040848359080350935]], "inverted": true, "swapped": false, "error_lsq": 0.05234397677338409, "error_max": 0.25391687185293643, "target": "1116.xyz", "model": "2.xyz", "model_rescale": 3.795458400668931, "target_rescale": 3.6901257040902076},
{"mapping": [0, 4, 1, 5, 6, 3, 10, 9, 7, 8, 11], "R": [[-0.9902361496430097, 0.044054649941493905, 0.13225564547012494], [0.12978627784610008, -0.054864922288102136, 0.9900229100304576], [0.050871308446332114, 0.997521442436629, 0.048611540359313754]], "T": [-0.08793570650101297, 0.005534118180895872, 0.06540204671386117], "aligned_model": [[-0.0840413947897819, 0.10888667810318865, -0.21124552214944453, -0.047241430174161415, -0.3412604758884816, 0.015544724754534223, -0.5280428714386929, 0.6014232622933295, 0.611992417534538, 0.1754144742379249, -0.02172287340777175], [0.7743644069241107, 0.38702385631331904, 0.13384253975475457, -0.33746398483986034, -0.4742849357496646, -0.7800613003252668, 0.23912430104402038, -0.4621570683255342, 0.22693698118270217, -0.5409116750242546, 0.12525788171564287], [0.2106355332900004, -0.41070850971391576, 0.6692236099903196, -0.5465790745207897, 0.29539451033141434, -0.03052325915097416, -0.4738122383719966, -0.18077636219780868, 0.2760764164284746, 0.557953175455333, 0.06752719920801142]], "inverted": true, "swapped": false, "error_lsq": 0.05680153242780483, "error_max": 0.26690360251908796, "target": "1116.xyz", "model": "3.xyz", "model_rescale": 3.7530521520055578, "target_rescale": 3.6901257040902076},
{"mapping": [3, 2, 5, 0, 7, 6, 1, 4, 9, 8, 10], "R": [[0.7445778824781348, -0.29815752658376443, 0.5972485799613332], [0.6618272792747198, 0.44648167964968805, -0.60219495360308], [-0.0871115912620079, 0.843656446119299, 0.5297691682130583]], "T": [0.050742595360555934, 0.002132247663117426, 0.07064354114565763], "aligned_model": [[0.17412618173226607, 0.10198801041292384, -0.3669672936987356, -0.1444358635024694, -0.36632971077508425, 0.3794161880872541, -0.5812188940528964, 0.5449563361094225, 0.42610470358824454, 0.08996237495554717, 0.022104956218708685], [0.7520312942156122, 0.3790642890449754, 0.21623193402035606, -0.5447957889237114, -0.38643030969866216, -0.6551075532583077, 0.34649414672736745, -0.19898493282246943, 0.0995916487736396, -0.6651275385797175, -0.05129618682911367], [0.12062049271550485, -0.49207497342697115, 0.6158403082618222, -0.5150146166230695, 0.25563211112926404, -0.009012319710960448, -0.256412156222461, -0.43434711478780663, 0.45400853913745304, 0.6988996024819466, -0.0037288722066536606]], "inverted": false, "swapped": false, "error_lsq": 0.04949552850914018, "error_max": 0.28079016888211045, "target": "1116.xyz", "model": "4.xyz", "model_rescale": 3.7855080009869324, "target_rescale": 3.6901257040902076},
{"mapping": [1, 4, 12, 7, 8, 10, 6, 5, 2, 9, 16], "R": [[-0.005589718168420521, 0.34019798285846564, 0.940337220102357], [0.5887953646038544, 0.7611830487633848, -0.27188303532271496], [-0.8082628122534228, 0.5521464468185135, -0.20456179407181244]], "T": [-0.04410555775737479, -0.05819030384225346, 0.15639720113675576], "aligned_model": [[0.15567634379316697, 0.040584234831877425, -0.26302403193260454, -0.09487864516603772, -0.5402950444527239, 0.11113256918068837, -0.5079888114182054, 0.5352046299641251, 0.5127727733396279, 0.3578539037937826, -0.027330932858515573], [0.6701252448943629, 0.3231705982224401, 0.4173559084149092, -0.30265920284809933, -0.5486766692497945, -0.7469103991309968, 0.1128145523535736, -0.2375244495956094, 0.14782875225338335, -0.4781813880203122, -0.06567194462388828], [0.10397972055345486, -0.4716093953834882, 0.591133632417604, -0.5500208924096726, 0.06404465593129843, -0.023963627106270813, -0.26980314400323635, -0.37964590831275286, 0.595974680608545, 0.5674326007430242, 0.20688867770956265]], "inverted": true, "swapped": false, "error_lsq": 0.04392616625666191, "error_max": 0.25588739664536975, "target": "1116.xyz", "model": "5.xyz", "model_rescale": 4.2253639853439635, "target_rescale": 3.6901257040902076},
{"mapping": [12, 9, 11, 1, 2, 4, 8, 0, 7, 3, 13], "R": [[0.8531446650639447, -0.416038172071209, -0.31473229871205927], [0.5206701459925718, 0.7164948020604203, 0.46426048474156556], [0.032353972630943584, -0.5599530676762532, 0.8278923737146936]], "T": [-0.1152132999950058, -0.09958702771712614, 0.0388542854490557], "aligned_model": [[0.27787498131369787, 0.03482242244696644, -0.3963452567008399, -0.09728164111607847, -0.37738642778765674, 0.07116153103770624, -0.6328319017454844, 0.6315525330644904, 0.5341971743606766, 0.3164967730059147, -0.08255319880421172], [0.6910445428981562, 0.2645337590778406, 0.5053489513118073, -0.4232355809352522, -0.6005415140365475, -0.7728696911334526, 0.21604541591678728, -0.08574304206862664, 0.08295474229282247, -0.4527479079398683, -0.13311867271369776], [0.3417190855054717, -0.42751655637160635, 0.43956749088187297, -0.6196560421601096, 0.4000764687893036, -0.07457494229702186, -0.383415793109981, -0.25305628983543127, 0.45638961811645307, 0.47693336306881595, 0.07794459816030115]], "inverted": false, "swapped": false, "error_lsq": 0.051059414628371914, "error_max": 0.3091705612257493, "target": "1116.xyz", "model": "6.xyz", "model_rescale": 3.89814844738969, "target_rescale": 3.6901257040902076},
{"mapping": [6, 8, 5, 11, 10, 4, 9, 7, 0, 2, 12], "R": [[0.34120819827249105, -0.8913332400893603, -0.2984996156504116], [-0.9237359641162479, -0.2591580363248757, -0.2820442887322145], [0.17403687548869304, 0.37197065384252753, -0.9117834165250518]], "T": [0.1678110177134428, -0.05067788253600688, 0.044220218448883596], "aligned_model": [[0.10839495807395257, 0.06536616020584426, -0.3571046072455171, -0.1310128679572296, -0.4456629237302409, 0.2643981182682439, -0.6543810455665282, 0.7146832010875179, 0.6069592131920649, 0.040868068268674146, 0.06719871447839983], [0.6167964496252121, 0.31883781209572587, 0.28951896660182114, -0.3450560726555826, -0.41988117734098057, -0.687977733156453, 0.26590836914557564, -0.19810059062035665, 0.10138972957752565, -0.47196329574048856, -0.17780145486203028], [0.1354539775001788, -0.5131396068936054, 0.5039008625219906, -0.6481569444887844, 0.20621501258384847, 0.04026790395635587, -0.1031542547825543, -0.2881531254562866, 0.4116908856078651, 0.5991543881738687, 0.09033190202519123]], "inverted": false, "swapped": false, "error_lsq": 0.03818052114419999, "error_max": 0.20979030486714337, "target": "1116.xyz", "model": "7.xyz", "model_rescale": 3.7474275329858107, "target_rescale": 3.6901257040902076},
{"mapping": [2, 3, 4, 6, 11, 10, 8, 0, 1, 12, 14], "R": [[0.28623264509907753, -0.42455376752844287, 0.8589673866666828], [-0.6138659006668508, 0.607072830596924, 0.5046099824116786], [-0.735689831979525, -0.6717266384686881, -0.08685501881581068]], "T": [-0.0698312629651633, -0.14341373432677768, 0.08975382397547857], "aligned_model": [[0.12567424920006354, 0.05961903767964334, -0.41289376351194856, 0.115851453726994, -0.4101621203953764, 0.17202741056389603, -0.5060827012533777, 0.5015665486466708, 0.584071713206305, 0.11288250351410038, -0.06284734230178907], [0.6685934966287117, 0.24872524712201166, 0.4334858749176764, -0.37290299087890433, -0.6267325813728889, -0.8422753331525348, 0.36167940147437566, -0.17938600536618265, 0.17085446058712733, -0.46823730330088625, -0.10213326398853663], [0.1946887916404905, -0.4964237735799786, 0.49189908059018594, -0.6716886940432598, 0.28225773344409344, -0.07865106732442587, -0.05087306753018783, -0.2364727448818665, 0.2858359992732463, 0.5814325273756149, 0.13240621578415548]], "inverted": true, "swapped": false, "error_lsq": 0.050998111824998166, "error_max": 0.25758406458153216, "target": "1116.xyz", "model": "8.xyz", "model_rescale": 4.019505241142653, "target_rescale": 3.6901257040902076},
{"mapping": [9, 1, 11, 2, 5, 3, 6, 0, 7, 4, 12], "R": [[0.6169063331166859, 0.7867049041759483, -0.02284666071960967], [0.5434755208954555, -0.4468117451456185, -0.7106290330315391], [-0.5692635016826024, 0.42597495013843134, -0.7031958528792835]], "T": [-0.0409350634492565, 0.05615564826519087, -0.015022831471239409], "aligned_model": [[0.08136665003565043, 0.2762611591373591, -0.42613227160576295, -0.08693041022553752, -0.43364631182904356, -0.017619975125599166, -0.7153582739549762, 0.5336592329753386, 0.7645758235017845, 0.36764096637224236, -0.0641096002062744], [0.6770286273283765, 0.4155523091811617, 0.2844078603701852, -0.3367049164202307, -0.3911668531908571, -0.8025567671558405, 0.05877052729651891, -0.23237193831405295, 0.07422993435387443, -0.49744370250226216, 0.04192592172309578], [0.24362576446213047, -0.4909702011139232, 0.41715023859513956, -0.4549286929991799, 0.295146757994025, -0.03804894707950009, -0.28559321696400997, -0.1111441317650425, 0.39778404984425875, 0.4477817254729172, 0.01360765430125287]], "inverted": true, "swapped": false, "error_lsq": 0.05252145636683412, "error_max": 0.22776599661150895, "target": "1116.xyz", "model": "9.xyz", "model_rescale": 3.877068213659057, "target_rescale": 3.6901257040902076},
{"mapping": [13, 3, 2, 5, 8, 0, 4, 12, 10, 11, 15], "R": [[-0.8465384540738518, -0.4858594260490461, -0.21751612329559566], [0.041063816126339456, 0.3477940249188677, -0.9366712759745952], [0.5307413765473684, -0.8018602960304404, -0.27446977405641404]], "T": [-0.0048450422247108445, 0.02934693725076444, 0.09574248466153273], "aligned_model": [[0.039517510539352776, 0.07470298619647646, -0.4654217422726773, -0.04136184267550483, -0.37614608137018135, 0.09988057051172429, -0.5167935752026239, 0.5567287801814715, 0.5358819534594178, 0.361072105070986, 0.011646324636739883], [0.7990114935292574, 0.2801974114400607, 0.3680132785814704, -0.30858141445574944, -0.5024148219972262, -0.739157087249325, 0.27608996485398907, -0.3237391736130932, 0.03388430842332861, -0.53512363323155, -0.05650932361119353], [0.15307424448588847, -0.4817585919621669, 0.4326839789481584, -0.6081512535122666, 0.5136993072390255, -0.08370150659460907, -0.2718405095804857, -0.24800197859085954, 0.5548770051031313, 0.3992764903973874, 0.07425381481486486]], "inverted": true, "swapped": false, "error_lsq": 0.04001580428640795, "error_max": 0.25515482541263707, "target": "1116.xyz", "model": "10.xyz", "model_rescale": 4.260839863003843, "target_rescale": 3.6901257040902076},
{"mapping": [0, 7, 3, 8, 2, 9, 1, 10, 5, 4, 11], "R": [[0.08926689416422912, 0.9888285957734635, 0.11937097547960665], [0.4958588716556984, 0.059820381988242965, -0.8663402918594508], [-0.8638028716128525, 0.13652666435338276, -0.48497945205331006]], "T": [0.07047913357731822, -0.04930895720593176, 0.019939311104823852], "aligned_model": [[0.07202509059909526, 0.15419717364589441, -0.28024104617737994, -0.17722282369665346, -0.48682855959603916, 0.21375956191742057, -0.5802973076876807, 0.6308819537371531, 0.42189020293925134, 0.2696322816211801, 0.04191046177293972], [0.82779899073647, 0.33673102693467283, 0.22757165098937998, -0.43145525019704506, -0.376928828876404, -0.824459732895886, 0.23953730549545482, -0.229395574260926, 0.09518391108606869, -0.5694331178218148, -0.0034793785200016997], [-0.006772617469948429, -0.5030999318722624, 0.57145137419229, -0.5352375599682936, 0.24891634261205478, -0.09983236734692949, -0.10780458565426454, -0.19651225751225157, 0.5787263667803745, 0.49524104660456303, -0.010664809617264223]], "inverted": false, "swapped": false, "error_lsq": 0.03690580150154141, "error_max": 0.190287460017276, "target": "1116.xyz", "model": "11.xyz", "model_rescale": 3.890672605050136, "target_rescale": 3.6901257040902076},
{"mapping": [9, 5, 11, 7, 4, 3, 12, 8, 6, 0, 13], "R": [[-0.4033195171361187, -0.7015451950354041, -0.5875097500636266], [-0.9099485614060894, 0.3752467414498826, 0.17658850083239702], [0.09657630502393727, 0.6058252407699616, -0.789714375552289]], "T": [0.032952274405476156, -0.002889680098438284, 0.23506266202152046], "aligned_model": [[0.05266013977853787, 0.12937307373103007, -0.2044188156412021, -0.13915789500505144, -0.45395943039152353, 0.11255921592232038, -0.49195379691788915, 0.6032193052300872, 0.5075419340337839, 0.23046646891006145, -0.06662321057497327], [0.7526786228726507, 0.32688235756214773, 0.3142045810915145, -0.26513921298522786, -0.5050145058540056, -0.8582183843261076, 0.1624914959569232, -0.26362222441301175, 0.2299084500459425, -0.5284044185060324, -0.07409575877482438], [0.04919024446252032, -0.46273789291496414, 0.6169898265774105, -0.5577597912191413, 0.27801257374159183, -0.10425827542352609, -0.2671871061610924, -0.11990930831960958, 0.4644706599569113, 0.41813899154781, 0.1194610785001575]], "inverted": false, "swapped": false, "error_lsq": 0.04008827743276915, "error_max": 0.18361508679157149, "target": "1116.xyz", "model": "12.xyz", "model_rescale": 4.124412569039231, "target_rescale": 3.6901257040902076},
{"mapping": [3, 0, 7, 4, 10, 2, 5, 1, 6, 8, 12], "R": [[0.6034471416519257, -0.7115874303210666, -0.35985396515973284], [0.7781147778542509, 0.6241361806100963, 0.07064998611656871], [0.17432423731928615, -0.32264122034002846, 0.9303298894588665]], "T": [0.007587799983254425, 0.044470979481106926, 0.12278435661391036], "aligned_model": [[0.2762257631213053, 0.06725128161101662, -0.5343035036138909, -0.18574785381081235, -0.5044087205441087, 0.11881742210073552, -0.6102719184000482, 0.686211871201939, 0.6207756714287728, 0.3936263049531109, -0.04846932897283859], [0.7010435321659578, 0.34719442563550706, 0.21621713518231792, -0.3523529446638667, -0.46992786739115733, -0.7970119328710963, 0.24479094590124859, -0.25200637245437374, 0.14069225576351246, -0.4234774443946939, -0.06349073020338745], [0.19694299459941228, -0.36870946583199093, 0.3872361435310839, -0.5279293699569464, 0.25643712165028854, -0.02530343164622169, -0.266917014342046, -0.2154978460817616, 0.37249401819467337, 0.5060527562651659, 0.11960509436641087]], "inverted": true, "swapped": false, "error_lsq": 0.04540867722808272, "error_max": 0.26328971428579384, "target": "1116.xyz", "model": "13.xyz", "model_rescale": 3.9028299243045295, "target_rescale": 3.6901257040902076},
{"mapping": [12, 5, 1, 4, 6, 7, 2, 10, 14, 9, 15], "R": [[0.37283144883145547, 0.1796905184465597, 0.9103340202050261], [0.8414780450118068, 0.3479708864335094, -0.4133170235518806], [-0.39103888620614946, 0.9201236763474161, -0.02147113642939788]], "T": [-0.08337480221300173, 0.03821612417549321, -0.06877253606001507], "aligned_model": [[0.08517661101114057, 0.17023923696808826, -0.4082503706244196, 0.05990213562497293, -0.4289068727850298, 0.22184778961925358, -0.7682415588204933, 0.5708332382354935, 0.6667753435496893, 0.15734851779858341, -0.04701708150209805], [0.689789271865341, 0.2849522468743058, 0.18512435310898678, -0.30067305014542417, -0.35816728344599186, -0.8109544105093478, 0.30625257767827113, -0.28797854212147606, 0.06201526286353688, -0.4283489266802541, -0.05034049681797899], [0.10809787771960641, -0.43877664217366585, 0.47443331172127357, -0.6379729581387138, 0.3409786623736488, 0.011080631037052369, -0.10432186577764482, -0.21355334121361055, 0.4000120760945154, 0.5015035312847722, -0.007070282179165437]], "inverted": false, "swapped": false, "error_lsq": 0.04076648863055359, "error_max": 0.20349812485424323, "target": "1116.xyz", "model": "14.xyz", "model_rescale": 3.942246331269136, "target_rescale": 3.6901257040902076},
{"mapping": [4, 3, 11, 1, 8, 0, 13, 5, 9, 7, 14], "R": [[-0.5117048660224942, -0.2602883212413662, 0.8187845381504544], [-0.8550028845718642, 0.24792437681667895, -0.455525598351896], [-0.08442865309059977, -0.9331578072359534, -0.34941137550442514]], "T": [0.04618327908723541, 0.021831553182221367, 0.07331877922840835], "aligned_model": [[-0.05320661297351789, 0.17555803205064902, -0.4229486153536265, 0.13358250652524273, -0.44828687713542886, -0.0029433129463139474, -0.6804575681600048, 0.5640663384605795, 0.6942756626147804, 0.2771362865928192, 0.04293114940000228], [0.5884035490936483, 0.29769537285270603, 0.3170469362367181, -0.2764759714490685, -0.4402756815803916, -0.7065170757445929, 0.3211775664397928, -0.11439451999480944, -0.012436663084029562, -0.6184742398278597, -0.06407827027214452], [-0.039737842548904986, -0.5776107536652165, 0.5281529994481108, -0.6750230087082338, 0.44854816836654154, -0.015068638223717706, -0.13480351646315628, -0.26729706301910927, 0.5497264385915599, 0.5906665422378717, 0.026857674732322437]], "inverted": true, "swapped": false, "error_lsq": 0.047156169017240596, "error_max": 0.2683666377540205, "target": "1116.xyz", "model": "15.xyz", "model_rescale": 4.355366556412066, "target_rescale": 3.6901257040902076},
{"mapping": [9, 1, 5, 8, 4, 6, 0, 10, 7, 3, 11], "R": [[-0.42690202668019855, -0.8790226465924712, -0.21230602062566795], [-0.28288005928684556, 0.35280170963202206, -0.8919135752630931], [0.8589141585014244, -0.32070257320185297, -0.3992697432407074]], "T": [-0.0013546769344666663, -0.030605579888026556, -0.02347729426924361], "aligned_model": [[0.21207772523272916, -0.052980250381312, -0.22593617847275488, 0.1521811367272672, -0.5574931993913398, 0.12500402957442777, -0.6494253028024444, 0.571616225964605, 0.6156688185579556, 0.13139815770082608, -0.04240417363477879], [0.676669989120199, 0.2796172657520533, 0.2543371010918934, -0.3331107700261912, -0.5132176084489692, -0.8430238145705474, 0.25839074165717185, -0.1781938530765699, 0.17859670650054119, -0.34128440081161604, -0.1471103545179962], [0.04101599546886542, -0.46585026995160017, 0.509561822156354, -0.7104659984526485, 0.2048323745240882, -0.03377546130254255, -0.0034860810274976034, -0.24063586452963112, 0.5896927711774194, 0.5394368767772261, 0.0040848359080350935]], "inverted": true, "swapped": false, "error_lsq": 0.05234397677338409, "error_max": 0.25391687185293643, "target": "1116.xyz", "model": "16.xyz", "model_rescale": 3.795458400668931, "target_rescale": 3.6901257040902076},
{"mapping": [6, 8, 5, 11, 10, 4, 9, 7, 0, 2, 12], "R": [[0.34120819827249105, -0.8913332400893603, -0.2984996156504116], [-0.9237359641162479, -0.2591580363248757, -0.2820442887322145], [0.17403687548869304, 0.37197065384252753, -0.9117834165250518]], "T": [0.1678110177134428, -0.05067788253600688, 0.044220218448883596], "aligned_model": [[0.10839495807395257, 0.06536616020584426, -0.3571046072455171, -0.1310128679572296, -0.4456629237302409, 0.2643981182682439, -0.6543810455665282, 0.7146832010875179, 0.6069592131920649, 0.040868068268674146, 0.06719871447839983], [0.6167964496252121, 0.31883781209572587, 0.28951896660182114, -0.3450560726555826, -0.41988117734098057, -0.687977733156453, 0.26590836914557564, -0.19810059062035665, 0.10138972957752565, -0.47196329574048856, -0.17780145486203028], [0.1354539775001788, -0.5131396068936054, 0.5039008625219906, -0.6481569444887844, 0.20621501258384847, 0.04026790395635587, -0.1031542547825543, -0.2881531254562866, 0.4116908856078651, 0.5991543881738687, 0.09033190202519123]], "inverted": false, "swapped": false, "error_lsq": 0.03818052114419999, "error_max": 0.20979030486714337, "target": "1116.xyz", "model": "17.xyz", "model_rescale": 3.7474275329858107, "target_rescale": 3.6901257040902076},
{"mapping": [11, 1, 12, 2, 9, 6, 7, 0, 8, 4, 13], "R": [[0.1354060495157372, 0.7439021248689317, 0.6544271008829251], [0.7763700932711664, -0.4900268559364265, 0.3963876369605658], [0.6155604600919898, 0.45440434535394714, -0.64389596278808]], "T": [0.055838537081578876, 0.07597295227832547, 0.12338567993910904], "aligned_model": [[-0.11224452948146707, 0.23158483119266862, -0.5569058062241796, -0.05069023754243157, -0.3887877449774762, -0.042516335726613674, -0.5935320499061951, 0.6477449095476535, 0.6992801121069265, 0.36606369051026755, 0.07971014957602832], [0.7722178908460858, 0.345673879479201, 0.19982778961639763, -0.3083067703204938, -0.3964514195296553, -0.6810520537178122, 0.284460286299835, -0.36267576962872783, 0.03487230670097359, -0.59724906568748, 0.0003539286116447521], [0.02996335894678731, -0.48889943892536497, 0.533801654686991, -0.46382249335734965, 0.28723575799905826, 0.01275896186538203, -0.19641137186727403, -0.2720590517039236, 0.4414236142814208, 0.4972282814799191, 0.05319172734242189]], "inverted": true, "swapped": false, "error_lsq": 0.044859818593653726, "error_max": 0.21152192801535416, "target": "1116.xyz", "model": "18.xyz", "model_rescale": 3.922800546911778, "target_rescale": 3.6901257040902076},
{"mapping": [7, 3, 13, 0, 8, 1, 12, 2, 10, 6, 14], "R": [[0.8093782783535997, -0.05759945399125781, -0.5844562476603976], [0.5324657073179679, 0.4918161066760233, 0.6889101448987486], [0.24776414805160818, -0.868791816325377, 0.42873500769859385]], "T": [-0.008129320619341688, -0.08366317743806152, 0.1122112530958577], "aligned_model": [[-0.01978035454869748, -0.00823889529672317, -0.35827136886607436, 0.04479676666950955, -0.45741454984319535, 0.18738133349671807, -0.6250153286693992, 0.6415404092163338, 0.6990237806174223, 0.17169509426735866, 0.003990102031928438], [0.6996940370313108, 0.2192993682079375, 0.32231480894479625, -0.28865130106488796, -0.3935216715845027, -0.7734921806859415, 0.3005081272497782, -0.1542707148436609, -0.06480980266918714, -0.5835128270707711, 0.008113159155097499], [-0.044079332051867454, -0.4511384850901038, 0.5416250016441407, -0.696257258432652, 0.388835818939508, -0.07189348432551493, -0.18858453526066246, -0.181170376500379, 0.49974149570197657, 0.5521899792700046, 0.08514217685361797]], "inverted": false, "swapped": false, "error_lsq": 0.038743817088404846, "error_max": 0.1977697075481968, "target": "1116.xyz", "model": "19.xyz", "model_rescale": 3.9282355846067225, "target_rescale": 3.6901257040902076},
{"mapping": [7, 9, 2, 11, 0, 4, 10, 8, 6, 3, 13], "R": [[-0.027441942507551886, 0.9272087304380396, -0.3735383648179809], [0.9866850424802653, 0.08505191723607369, 0.1386318806053829], [0.16031084410335222, -0.3647603892611516, -0.9171969754032794]], "T": [0.10199146420243332, 0.029370492176279947, 0.09023460461668742], "aligned_model": [[0.19964575594469622, 0.16371650107117175, -0.45638554615496296, -0.20651900314256522, -0.38537054865699, 0.2691154316385689, -0.6958276525893161, 0.682729533030277, 0.6397110957584631, 0.11300569177979344, -0.04411426960395476], [0.6363950826496853, 0.17741578823409215, 0.4445517045818368, -0.3652918714096975, -0.6051278331089637, -0.5640135802611089, 0.23119076140346728, -0.1669720163788309, 0.05149991763463979, -0.5311899920573185, -0.016786958617832845], [0.1906465672732072, -0.5825933342922823, 0.5313195006737454, -0.4220407916627502, 0.09956904775331851, -0.048807716371698256, -0.16469202169402902, -0.36011469745513636, 0.46065590587404565, 0.5922362972913481, 0.1382322433582994]], "inverted": false, "swapped": false, "error_lsq": 0.0509280251091819, "error_max": 0.24599727711950778, "target": "1116.xyz", "model": "20.xyz", "model_rescale": 4.067790424073018, "target_rescale": 3.6901257040902076},
{"mapping": [10, 11, 9, 3, 0, 2, 12, 6, 5, 8, 14], "R": [[-0.923886037294555, 0.04256536668913671, 0.38029301814624994], [0.3683047553882002, 0.3686269294136319, 0.8535020761951991], [-0.10385661871350657, 0.9286023780228526, -0.35624630002247143]], "T": [0.12280439311185952, -0.07927641610678615, 0.14404791958156923], "aligned_model": [[-0.009356076734478483, 0.10773503891311258, -0.4148579186666017, -0.1928784871594748, -0.3654833980215819, 0.13512707284985825, -0.5046173795128678, 0.626127449789719, 0.6101609923289933, 0.1925605543312897, 0.09518914095721315], [0.7286795429700766, 0.28991170698993407, 0.40768651168198655, -0.3334851213720084, -0.5877231512944404, -0.7712360269235282, 0.20972302004577348, -0.2882332506443735, -0.03205076244511407, -0.32521143189377755, -0.006390034444559559], [0.17610411954118274, -0.38652280926379556, 0.42303939780504063, -0.6039275278241553, 0.23073690404902647, -0.1293784509486882, -0.18736588827446313, -0.35651161195475, 0.4737741752750214, 0.6537713178151944, 0.1406913745284548]], "inverted": false, "swapped": false, "error_lsq": 0.04405471426914225, "error_max": 0.2431901460553587, "target": "1116.xyz", "model": "21.xyz", "model_rescale": 4.186013935880536, "target_rescale": 3.6901257040902076},
{"mapping": [3, 6, 11, 7, 9, 1, 4, 0, 5, 2, 12], "R": [[-0.4140211217010891, 0.45491039764396096, 0.7884434291062268], [-0.49995060707078304, 0.6101863116299009, -0.6145909660815503], [-0.7606812087037038, -0.6486364121870674, -0.025197291722752202]], "T": [-0.07104379580884031, -0.13094655225074303, 0.09854866345266755], "aligned_model": [[0.18055177398479388, 0.13315289008926517, -0.4094155018220873, -0.2555087071949571, -0.4784481608934324, 0.16393265318778716, -0.4941564477605226, 0.581888706703789, 0.5209524863123423, 0.4126835811559283, -0.07592628468772526], [0.7570918741540759, 0.18854888964646255, 0.23468905906481852, -0.3239336543354815, -0.5703770593179023, -0.7553886578005847, 0.33491923572358906, -0.27592492949401326, 0.20530252481517303, -0.4179605952501564, -0.08529568453601245], [0.0779070253089102, -0.3089795258696595, 0.48685417077832954, -0.5848636679967293, 0.26094716408322094, -0.20142027021507353, -0.264164584336733, -0.17430451739900382, 0.4659935385589521, 0.5815910702462194, 0.09485059758963532]], "inverted": true, "swapped": false, "error_lsq": 0.04819888627810329, "error_max": 0.22100033478448472, "target": "1116.xyz", "model": "22.xyz", "model_rescale": 4.166573947596378, "target_rescale": 3.6901257040902076},
{"mapping": [14, 7, 12, 0, 2, 4, 5, 8, 9, 3, 15], "R": [[0.06317368051791705, 0.7959820032648471, -0.6020147311887816], [-0.13248633893193015, -0.5911919639608345, -0.795574906432163], [-0.9891695790339661, 0.13001812268530902, 0.06810896921224158]], "T": [-0.010157208239232818, 0.0005159392689007419, 0.1414998646098589], "aligned_model": [[0.0758575570143298, 0.050806542905896285, -0.2855806672849253, -0.10087408037255084, -0.3792676513519594, 0.11612883944405213, -0.5343440094260482, 0.6502663049368199, 0.5158499285150778, 0.23559394934535777, -0.06472972465086889], [0.7614461522716861, 0.19051441523865065, 0.31719956744010186, -0.3848159673642327, -0.5155997976182224, -0.6866426927650837, 0.25443958159279495, -0.30456400526692545, 0.13108395998751504, -0.4544291598041081, -0.016961051042207534], [0.34040796981966615, -0.5452123369896924, 0.6447242212191618, -0.5726748574846967, 0.36553393816046903, -0.08591684969740512, -0.45163836761922826, -0.21183588352129615, 0.3997974649302053, 0.44818859507015485, 0.10303710686072941]], "inverted": true, "swapped": false, "error_lsq": 0.04280617976300371, "error_max": 0.22907464555407572, "target": "1116.xyz", "model": "23.xyz", "model_rescale": 4.274766983524099, "target_rescale": 3.6901257040902076},
{"mapping": [0, 3, 8, 5, 7, 4, 6, 2, 1, 9, 10], "R": [[0.19960041972138123, -0.7293179305375721, 0.6544119716535157], [-0.46985476495623524, 0.5148299583094461, 0.717068067811568], [-0.85988148735449, -0.45060567042979793, -0.23991322906739215]], "T": [-0.023947922183568667, 0.029688797813510595, 0.042181506676892744], "aligned_model": [[0.1939852513194466, 0.10957825480799549, -0.4615414570253077, -0.32893049557601534, -0.4407640152047199, 0.3024340540253568, -0.584098410613073, 0.8507364761966956, 0.5236966644495789, 0.10649417493965097, 0.008116491755572917], [0.73321667860295, 0.15107941435332042, 0.17953821069010378, -0.5017714318030165, -0.41130936430431037, -0.5548089057331291, 0.2910273378934037, -0.11846119958107663, -0.003985479986506876, -0.5098757450010741, 0.03702148753930497], [0.1031978569370717, -0.49021811960586675, 0.6175667510389711, -0.4970555496120644, 0.22333735695251883, -0.15660945656132708, -0.22790857810558557, -0.33391728655684355, 0.39422529692160907, 0.6898854664275356, 0.11190726291204936]], "inverted": true, "swapped": false, "error_lsq": 0.05631406925393769, "error_max": 0.3099470008984373, "target": "1116.xyz", "model": "24.xyz", "model_rescale": 3.7841303162186577, "target_rescale": 3.6901257040902076},
{"mapping": [0, 6, 8, 3, 12, 13, 4, 11, 10, 14, 15], "R": [[0.592202070655343, 0.7950972665272942, -0.1308321224789596], [0.22291993989331937, -0.31768576327272524, -0.9216194747355253], [-0.7743406278308556, 0.5166198724155424, -0.36537720169143795]], "T": [-0.02112776215469955, 0.05008263502495189, 0.14050134360774205], "aligned_model": [[0.17594574557103335, 0.029245724724403514, -0.3491962767853764, -0.21096866053976795, -0.3324323692367432, 0.2014458868107452, -0.5923399286478556, 0.5668114905967627, 0.6108744615367068, 0.19934727321175957, -0.019026358166486654], [0.7498514810607542, 0.21105138603858864, 0.43900708149758116, -0.35179825199342796, -0.6310223661223725, -0.6668210799346783, 0.20072990415026096, -0.19449859273688824, 0.04817893203202098, -0.5649785172296955, 0.05197102590782565], [0.25370710327566115, -0.5620497401290776, 0.44144420908696136, -0.5314019779965062, 0.26032340105015794, -0.07974858609560423, -0.3152687782888529, -0.2883751272591608, 0.5941803826223644, 0.5903785491626642, 0.07122156531946097]], "inverted": false, "swapped": false, "error_lsq": 0.042026448233800424, "error_max": 0.21802579405983982, "target": "1116.xyz", "model": "25.xyz", "model_rescale": 4.19342608120988, "target_rescale": 3.6901257040902076},
{"mapping": [9, 1, 5, 8, 4, 6, 0, 10, 7, 3, 11], "R": [[-0.42690202668019855, -0.8790226465924712, -0.21230602062566795], [-0.28288005928684556, 0.35280170963202206, -0.8919135752630931], [0.8589141585014244, -0.32070257320185297, -0.3992697432407074]], "T": [-0.0013546769344666663, -0.030605579888026556, -0.02347729426924361], "aligned_model": [[0.21207772523272916, -0.052980250381312, -0.22593617847275488, 0.1521811367272672, -0.5574931993913398, 0.12500402957442777, -0.6494253028024444, 0.571616225964605, 0.6156688185579556, 0.13139815770082608, -0.04240417363477879], [0.676669989120199, 0.2796172657520533, 0.2543371010918934, -0.3331107700261912, -0.5132176084489692, -0.8430238145705474, 0.25839074165717185, -0.1781938530765699, 0.17859670650054119, -0.34128440081161604, -0.1471103545179962], [0.04101599546886542, -0.46585026995160017, 0.509561822156354, -0.7104659984526485, 0.2048323745240882, -0.03377546130254255, -0.0034860810274976034, -0.24063586452963112, 0.5896927711774194, 0.5394368767772261, 0.0040848359080350935]], "inverted": true, "swapped": false, "error_lsq": 0.05234397677338409, "error_max": 0.25391687185293643, "target": "1116.xyz", "model": "26.xyz", "model_rescale": 3.795458400668931, "target_rescale": 3.6901257040902076},
{"mapping": [2, 1, 3, 6, 7, 5, 0, 8, 11, 10, 12], "R": [[0.26638143960316485, 0.68936815079972, 0.6736560556381277], [0.9262956385074064, 0.010142628799181375, -0.37666101094113613], [-0.2664907479015023, 0.7243401685285835, -0.6358569033508102]], "T": [0.1733257422535514, 0.05724835821867627, 0.11262089653499732], "aligned_model": [[-0.19102595166776243, 0.2154639142495178, -0.4073507128575105, 0.012718227476686994, -0.4455020198310721, 0.08786811808026052, -0.5989881783406805, 0.6431226840396569, 0.7868793643120877, 0.1274893303253343, 0.04903221328866306], [0.8460285242823876, 0.2856367830439669, 0.22786823379502122, -0.3419734249667927, -0.4376556057857657, -0.6682592216878448, 0.2701478775978953, -0.28804347390325924, -0.08900219584637156, -0.4606449962767042, -0.052431497582564005], [-0.02847696546289255, -0.43182035136774033, 0.5354450578430058, -0.5916618263137745, 0.29242736448162754, -0.06957738515029735, -0.10981604913135987, -0.32420411907705793, 0.4498705370505234, 0.5998291941042209, 0.11239554377181331]], "inverted": false, "swapped": false, "error_lsq": 0.04713085048085634, "error_max": 0.3187537365020292, "target": "1116.xyz", "model": "27.xyz", "model_rescale": 3.6321398670334006, "target_rescale": 3.6901257040902076},
{"mapping": [13, 6, 11, 12, 8, 7, 9, 4, 1, 3, 14], "R": [[-0.13123586233390308, 0.8949569898451843, -0.42641427598606946], [0.03929179158290802, 0.43449216455845174, 0.8998181561023968], [0.9905722101652574, 0.10133383079977937, -0.09218541741381625]], "T": [-0.08149612699447152, -0.0915030386549402, 0.20885246050593317], "aligned_model": [[0.047512924327179115, 0.13810330503267615, -0.34401311862625167, -0.265826816701773, -0.35590331361334904, 0.19470284643664115, -0.5173849248209004, 0.6643385853004896, 0.5340076293937793, 0.22653550262508493, -0.042365630278395114], [0.6949503618346458, 0.23735256130741805, 0.41809108654193444, -0.40463721026330374, -0.5180980540594055, -0.7376016470238342, 0.28833773531465556, -0.12194544739205421, 0.07309992374930047, -0.5969029028177921, -0.0409754045215963], [0.031863631905072715, -0.46012999140705846, 0.49854970434533386, -0.5337638053158735, 0.11012554138789424, -0.11849765686572009, -0.1262506632930527, -0.15069043546783814, 0.4121458120598041, 0.5570586816168497, 0.214000181782657]], "inverted": true, "swapped": false, "error_lsq": 0.04476341758522067, "error_max": 0.2096413928986569, "target": "1116.xyz", "model": "28.xyz", "model_rescale": 4.156811204709835, "target_rescale": 3.6901257040902076},
{"mapping": [3, 7, 1, 0, 9, 5, 6, 4, 2, 10], "R": [[0.4380130944319716, 0.8047969821876736, 0.4005575446396462], [-0.887088263248801, 0.45914686408055244, 0.04752441910451034], [-0.14566723142956728, -0.3761462144786362, 0.9150382959313982]], "T": [-0.05372119513622063, 0.0009469380526098484, -0.052230682957885285], "aligned_model": [[-0.6088757403563381, -0.07959476261134024, 0.013152476114565867, 0.6412085073235186, -0.16689329089592786, -0.6345093226692881, -0.2285828942991734, -0.4927085114455937, 0.25544562777917923, -0.055716714829014566], [-0.13265973495545078, -0.6810239978349125, 0.02709374540724677, 0.28385008047165966, -0.42917526440899667, -0.46146054567064737, 0.6648029704852324, 0.20174403488787632, 0.5089798231306892, -0.06343078088649315], [-0.44328570055573435, -0.32004718598173515, -0.63257179668825, -0.2469961967706195, 0.6270186616024882, 0.16763661117596423, -0.2776970984865555, 0.42923116454672433, 0.42705872897158637, 0.02843953916123118]], "inverted": false, "swapped": true, "error_lsq": 0.05162767256766654, "error_max": 0.30167219120782274, "target": "1116.xyz", "model": "29.xyz", "model_rescale": 4.117894457231895, "target_rescale": 3.6901257040902076},
{"mapping": [9, 10, 2, 13, 3, 4, 11, 7, 8, 1, 14], "R": [[0.152121167873801, -0.8627487280454871, 0.48220719876481016], [-0.7769926267633498, 0.1971455837163912, 0.5978428529107906], [-0.6108531805926041, -0.46561599100226103, -0.6403593840047023]], "T": [0.006588191869147209, 0.009160432752056857, 0.07016390485383697], "aligned_model": [[-0.09365947562806513, 0.2596232494431833, -0.5367244464483502, 0.03742103464446914, -0.4086039768693368, 0.04577073791830734, -0.5634431021492353, 0.48853452610720144, 0.6184163285302221, 0.39658283839643466, 0.03578927513035049], [0.6253744539844586, 0.29484445917793717, 0.2091407658816623, -0.4255818024846101, -0.26707699319032246, -0.757158098124584, 0.3579379156259623, -0.23664449640083007, 0.025107648533739695, -0.5490751036516934, 0.014802253318248582], [0.07755970151974464, -0.5370254077800023, 0.6789168074742775, -0.5879430979486967, 0.2961385684530533, -0.03351217472521634, -0.2107670859405781, -0.29632119521538336, 0.4268173839561653, 0.5960019877603908, 0.024545513194313112]], "inverted": false, "swapped": false, "error_lsq": 0.04657386000338216, "error_max": 0.22554014428299454, "target": "1116.xyz", "model": "30.xyz", "model_rescale": 4.100398675895297, "target_rescale": 3.6901257040902076},
