[{"mapping": [0, 9, 3, 1, 12, 2, 5, 6, 4, 8, 11, 10, 5, 13], "R": [[0.6492956001554681, -0.3816579902273954, 0.6578391916831468], [-0.7328999669681293, -0.5450477079552375, 0.40716168099522476], [0.20315723476377998, -0.7464986098770228, -0.633614207080939]], "T": [-0.10674728362885447, 0.052884945615313504, -0.10061154212785312], "aligned_model": [[-0.6633466930662862, -0.7468840064939113, 0.18152831033936354, -0.20812558397927153, -0.5801078362842153, -0.18822477376473082, 0.5120107235517003, 0.5200869654599328, 0.08712302242743161, 0.2712650963411878, 0.03780275587645168, -0.6509339491467093, 0.5120107235517003, -0.14692383578193208], [-0.335163673383773, -0.07826444154305398, -0.3066427877716619, 0.17764166243474075, 0.3572274321143639, -0.7117192166944302, 0.44729579517016665, -0.328456710623737, -0.5525615831346252, 0.1403083156538456, 0.6151186745334086, 0.7142139389960617, 0.44729579517016665, 0.07673150802925957], [-0.46807283435797425, 0.2307009780880248, -0.34726371958758556, -0.6548698891551845, -0.23635116815869417, -0.1009843550526347, -0.2849478400861366, 0.11433879998354546, 0.6130081267892613, 0.577653101343403, 0.2867647103569231, 0.4303628077499821, -0.2849478400861366, 0.05545590602687267]], "inverted": true, "swapped": false, "error_lsq": 0.06088037050851376, "error_max": 0.4913187619949439, "target": "1117.xyz", "model": "0.xyz", "model_rescale": 3.8414455957264533, "target_rescale": 3.8290829372222324},
{"mapping": [8, 13, 6, 10, 12, 9, 5, 2, 7, 4, 1, 11, 3, 14], "R": [[0.10795005473081704, 0.9826354572220115, 0.15091170893506567], [0.4219110901654703, -0.18273273289356573, 0.8880314072850313], [0.900187656924376, -0.03219171538357596, -0.43431080550875645]], "T": [-0.06709070077049117, -0.004898385179174944, 0.06260711496574474], "aligned_model": [[-0.6552964374967759, -0.7545351845562157, 0.22008356663871564, -0.08628298650046518, -0.6480645650922497, -0.2558202692682802, 0.4251643744292858, 0.5778725483935588, 0.053030092840217674, 0.36514371765725273, -0.010869708998963959, -0.6668427941320937, 0.43838137737798266, -0.06468281226125763], [-0.25079866948846474, -0.18483209811892165, -0.40278192439464766, 0.28658844420325613, 0.35627811049256, -0.6576428039936418, 0.13871035988300795, -0.3597885753901101, -0.42015487145418845, 0.09067459962560064, 0.8219754156310278, 0.5674518885005825, 0.5933277758544504, 0.08401705760022056], [-0.40413634664830944, 0.3269760641629326, -0.5450496986576995, -0.5563019129821649, -0.2754911722473093, 0.12437728312678652, -0.3513786991199801, 0.010837551144631613, 0.5380942837558023, 0.3786078221645212, 0.3108344478415916, 0.26003556493447655, 0.06317324859820835, 0.050268347780178524]], "inverted": true, "swapped": false, "error_lsq": 0.04772410896934278, "error_max": 0.2816600894547505, "target": "1117.xyz", "model": "1.xyz", "model_rescale": 4.316132596720782, "target_rescale": 3.8290829372222324},
{"mapping": [8, 5, 1, 10, 11, 9, 4, 12, 0, 6, 3, 13], "R": [[-0.07211762039461823, -0.635230158416668, -0.7689484343351985], [0.16178343361640918, 0.7532958371620149, -0.637472746336394], [0.9841875682185296, -0.17037613551291309, 0.0484438129360477]], "T": [0.03597177479926258, -0.04324765106898421, 0.12126929887240734], "aligned_model": [[-0.1759995952034959, 0.5474762508965216, 0.0717390681934374, -0.4995102553739667, -0.5534144605936836, -0.5203997519583455, -0.06693442176167103, -0.3266445256256679, 0.4770640126586129, 0.28235177229609026, 0.2991237724823231, 0.06295668862162608], [-0.6498478120550107, -0.5416762424726088, -0.48639604246409196, 0.35398354022130596, -0.04099804959299725, -0.09782016481775391, 0.26083040714193995, 0.5273981318290276, 0.023144906872087916, 0.22068828990021078, 0.4965005405902435, -0.05303107741137275], [0.2789907123903169, -0.055682182328981644, -0.5339069672293306, -0.059812430265379996, -0.6621873814541981, 0.4209090526640133, -0.5990166241268013, 0.6160757297529722, -0.5140672321272362, 0.613653587400123, -0.10376814045038296, 0.04807033698430588]], "inverted": false, "swapped": true, "error_lsq": 0.05571527904507626, "error_max": 0.30222698064960546, "target": "1117.xyz", "model": "2.xyz", "model_rescale": 3.795458400668931, "target_rescale": 3.8290829372222324},
{"mapping": [0, 3, 4, 9, 5, 8, 10, 2, 12, 7, 1, 13], "R": [[-0.8384830279759582, 0.513268195086679, 0.1830354383957682], [0.25642936477155487, 0.6680206217388819, -0.6985645494973635], [-0.4808224128294407, -0.5387988575007007, -0.6917409908895196]], "T": [0.11448611658333616, 0.008648600869575352, 0.09105679218705727], "aligned_model": [[-0.2894281314681916, -0.05447411398885804, -0.6191662906269308, 0.1665678075391399, 0.22933412341345744, 0.25238024329948094, -0.320105264108109, 0.41775254624450087, 0.3377139916741465, 0.8157361029308164, -0.40361411503739675, 0.060606925871509336], [-0.032153592066526335, -0.5269673067795534, -0.20726093463159623, 0.08377561705187551, 0.47238732082152224, 0.6126711101732815, -0.31514842975679425, -0.11511673972569277, -0.5739150295583187, 0.15143300565628268, 0.5126095678045964, 0.023454456300632504], [-0.5706163166400757, -0.21843791429294268, -0.10130271374138435, 0.7187150160656854, -0.4685288147043068, 0.3232499862364366, 0.5195542033649152, -0.42649159969038203, 0.6502969259391199, 0.4588165753296917, -0.2322251738059335, 0.035741256578276585]], "inverted": true, "swapped": true, "error_lsq": 0.0515182837389202, "error_max": 0.28194728027369975, "target": "1117.xyz", "model": "3.xyz", "model_rescale": 3.7530521520055578, "target_rescale": 3.8290829372222324},
{"mapping": [3, 12, 10, 9, 4, 7, 0, 2, 5, 8, 13], "R": [[0.29536893632277217, -0.3710142953302499, -0.8804008087889019], [-0.6982737972666795, 0.545101582721596, -0.463980569167701], [0.6520512982168865, 0.7518062630591803, -0.09806348616413728]], "T": [-0.048554352060440766, -0.0029955974508656807, 0.034419933435554474], "aligned_model": [[-0.39093779482969315, -0.0673930701079436, 0.3542159160074264, 0.37209100651361926, 0.1671647364816743, -0.1602718604860532, -0.2658502255717994, -0.6302484165935806, -0.2851624238760549, 0.2911914753355719, -0.04659974042796204], [-0.5199265961259582, 0.07756191614670409, -0.35146202313652564, 0.3037410107625845, -0.7552685946247699, 0.7504270606843467, -0.5791535893466521, -0.017233449454466213, 0.1196328772516466, 0.49646529652756227, -0.05758055037012588], [-0.12921030248432686, -0.7993163465830229, -0.40566128398945217, -0.32790802931029067, 0.1314538151900013, -0.22492478738867575, 0.507122073690853, 0.2256632958935899, 0.720246875192242, 0.30438891210620717, 0.09097655492819126]], "inverted": true, "swapped": true, "error_lsq": 0.05302027567114101, "error_max": 0.250582305564308, "target": "1117.xyz", "model": "4.xyz", "model_rescale": 3.7855080009869324, "target_rescale": 3.8290829372222324},
{"mapping": [0, 5, 2, 1, 4, 3, 14, 15, 10, 8, 6, 7, 13, 16], "R": [[-0.7924600591014257, 0.0634616027496605, -0.6066132867860787], [0.595134941800957, -0.13723198254387148, -0.7918218132980742], [-0.13349702534714594, -0.9885039240911101, 0.07098264773830748]], "T": [0.007122200642909318, 0.08844606343662828, -0.050474433639666826], "aligned_model": [[-0.6556129757968189, -0.6914634545514537, 0.0032653262267986344, -0.3280831273547081, -0.6377888072194429, -0.2476435411988957, 0.5351386344191637, 0.6752669050634902, -0.047118322106035435, 0.3276704861737509, -0.12447458009143085, -0.4681818476301593, 0.5560452819105102, 0.040260941185942714], [-0.08775082076698315, -0.24294369850877398, -0.4325759796232783, 0.28632249505700147, 0.4450002123587804, -0.5545704184981233, -0.21421029383127374, -0.15824473355901436, -0.2813578398267227, 0.2929466572190369, 0.7041907290979602, 0.2949406430018114, 0.5595465892036137, 0.05173116762669694], [-0.4222413326864418, 0.18882068259494308, -0.5742175412259249, -0.699771164634493, -0.11340069754999943, -0.11404192645864192, -0.34593200013678627, 0.3643079325697047, 0.5750392056180204, 0.5417570901324983, 0.1216239744788718, 0.49064987941726773, -0.010282589328273417, -0.07146472893707886]], "inverted": true, "swapped": false, "error_lsq": 0.04054923040036684, "error_max": 0.345801779269366, "target": "1117.xyz", "model": "5.xyz", "model_rescale": 4.2253639853439635, "target_rescale": 3.8290829372222324},
{"mapping": [2, 10, 3, 6, 5, 4, 7, 0, 9, 9, 11, 8, 12, 13], "R": [[-0.9957850443411905, 0.060077208351022454, 0.06930277413755462], [-0.0910718187995396, -0.5581498065263094, -0.8247270562405402], [-0.010865969213875733, -0.8275623979564268, 0.5612685704737544]], "T": [-0.13291150509161367, -0.0027309036065511494, 0.044096894713252496], "aligned_model": [[-0.5868985929010513, -0.8796662070491067, 0.10122939848749313, -0.06190724667721306, -0.6423842480606108, -0.2652522799885541, 0.5336453712744609, 0.5401159482224989, 0.15901635542562062, 0.15901635542562062, -0.11336485777482569, -0.46055754238614555, 0.5724564355442012, -0.1181679705116764], [-0.17526506678987708, -0.16631935320163874, -0.31120646025043475, 0.2554111871310141, 0.3325601536633682, -0.6812079459775798, 0.03573080464800485, -0.40939928752287436, 0.0633947325427798, 0.0633947325427798, 0.765453431900775, 0.31606090693106714, 0.6039220528778778, -0.029505179544530014], [-0.4188278277570083, 0.19936668782379308, -0.5500666694025115, -0.5407441301813497, -0.12548700056324663, -0.10777849658390438, -0.38440496478581043, 0.20131496598689913, 0.5760761724892384, 0.5760761724892384, -0.07864080965272098, 0.6245146161674036, -0.031876937498387145, -0.008674994677967257]], "inverted": true, "swapped": false, "error_lsq": 0.0557797206881964, "error_max": 0.42198136819804716, "target": "1117.xyz", "model": "6.xyz", "model_rescale": 3.89814844738969, "target_rescale": 3.8290829372222324},
{"mapping": [2, 5, 0, 7, 3, 1, 8, 6, 9, 11, 4, 10, 13], "R": [[-0.024930516230582928, 0.19302200864187638, -0.9808776547257728], [-0.9764390939097611, 0.20567846815254273, 0.06529214059217797], [0.21434823359468566, 0.9593950551875277, 0.18334656483435735]], "T": [-0.07060010915696652, -0.052497875080889905, -0.00940267043436591], "aligned_model": [[0.3509768348358048, -0.11015043088325632, 0.326372720895261, -0.3598602463574189, 0.5335025003547833, -0.3189304555208855, -0.6864714840668824, 0.2361402801035174, -0.4963042526920979, -0.3599936780524062, 0.1729250964548132, -0.08624902046936636, -0.05332606369764338], [-0.19380314565190335, 0.08896073262213447, 0.526634823916063, -0.801691130338268, 0.1177708084030133, 0.6138522843328768, -0.15859693342415013, -0.580372866464277, -0.2861206081287956, 0.7903716871500734, 0.6604447142373274, 0.1686944108799394, 0.01763648793645238], [-0.43065132103111864, -0.7303776705928784, -0.3405230878435307, -0.05863911022627358, 0.12207944236697049, -0.35757682205946295, -0.22669763281603375, -0.0012848653682368295, 0.39865102440982114, 0.39926324259533585, 0.22356363660328704, 0.644931571987683, -0.04046337718926683]], "inverted": false, "swapped": true, "error_lsq": 0.0515209362912367, "error_max": 0.3264388464359977, "target": "1117.xyz", "model": "7.xyz", "model_rescale": 3.7474275329858107, "target_rescale": 3.8290829372222324},
{"mapping": [5, 6, 8, 9, 7, 3, 4, 13, 1, 12, 11, 10, 13, 14], "R": [[-0.9493946957280949, -0.30734150553132045, 0.06473724353955407], [0.13104585599332788, -0.5749265496199116, -0.8076425237499071], [0.2854412292405114, -0.7582879805983241, 0.5861080473170295]], "T": [-0.09470241219992215, -0.021358176640678905, 0.07978351170461544], "aligned_model": [[-0.5846734344833421, -0.8937882209006163, 0.03283102841736524, -0.21410304191490012, -0.6249484195305629, -0.4647482989847735, 0.5437535245992376, 0.7478099257912822, 0.1604062438794061, 0.1924935206464755, -0.09972461611933293, -0.5665980674919608, 0.7478099257912822, -0.03923915066884881], [-0.141067167461617, -0.17986833111461453, -0.31494557526678707, 0.37626482306980413, 0.34974057465987607, -0.613919010112044, -0.21809429747494236, 0.2917243416283798, -0.4833286567311802, 0.35218985350814713, 0.5927380923388927, 0.4033025160080898, 0.2917243416283798, -0.04343679572965209], [-0.4287630632136122, 0.13700675575413815, -0.5225054361840171, -0.5589495153209976, -0.1323544632482443, -0.08168548622980641, -0.3275182945404822, 0.09603545864852682, 0.6148579636906949, 0.47805852237911745, -0.016862778876184828, 0.4948029646508931, 0.09603545864852682, 0.08268869769511321]], "inverted": true, "swapped": false, "error_lsq": 0.060743347263502785, "error_max": 0.5643559205806348, "target": "1117.xyz", "model": "8.xyz", "model_rescale": 4.019505241142653, "target_rescale": 3.8290829372222324},
{"mapping": [1, 8, 2, 0, 4, 3, 6, 11, 10, 9, 7, 12, 13], "R": [[-0.010512053251066356, -0.5308434191596214, 0.8474047209399824], [-0.941224986148582, 0.291382441440439, 0.1708560747231747], [-0.3376166793658878, -0.7958024485732196, -0.502706117586428]], "T": [-0.028248693936460838, 0.013857947549273178, -0.04857986125051619], "aligned_model": [[-0.35500509084221327, -0.6851241742940559, 0.20905549809165036, 0.24959495458949066, 0.3131117558358448, 0.589874706353096, 0.2379449991561527, -0.11607313593663282, 0.19984252049730197, -0.2904479546482005, -0.3484387876525396, 0.3354963758061665, -0.02013089521488456], [-0.6297472590689036, 0.08850004804511727, 0.2367872222350556, -0.48854163507124304, -0.6960736072400349, -0.11599053830080157, 0.5625963448441988, -0.8907256061409019, -0.2779330509597988, 0.16323543239733912, 0.7356135089813693, 0.4263343376196669, -0.05067696922700461], [-0.3740308265755192, -0.021843716619061787, -0.56736110971751, -0.5710934094278892, -0.01203957536670655, -0.15940299113715042, -0.07747035765829025, 0.31911706137254203, 0.5346496199034179, 0.5093173800031296, 0.1061243763374752, 0.5834908205457044, -0.09275377761626229]], "inverted": true, "swapped": true, "error_lsq": 0.04632024186787893, "error_max": 0.2889044633392532, "target": "1117.xyz", "model": "9.xyz", "model_rescale": 3.877068213659057, "target_rescale": 3.8290829372222324},
{"mapping": [10, 6, 11, 9, 14, 12, 8, 1, 5, 4, 2, 13, 7, 15], "R": [[0.516991488168081, 0.3048382491678315, 0.799870891460643], [0.8044422331284826, 0.14634881324875484, -0.5757210421896538], [-0.29256195022766207, 0.9410928045123775, -0.16956367115044085]], "T": [-0.11619336694038217, 0.017866118094513876, 0.05362064164060271], "aligned_model": [[-0.616877903792432, -0.6628776711537167, -0.10066321395806775, -0.153197124908743, -0.6647372181380344, -0.2580694693077612, 0.41739864875628474, 0.693913590539219, 0.25518064888263475, 0.18898189850609626, -0.04079110794777045, -0.6394719690694425, 0.58974078021642, -0.07124896959397536], [-0.10357113045223768, -0.21526457200033544, -0.4213523967767069, 0.37905592990101233, 0.4678315307489689, -0.7149484289395387, 0.11467586619340647, -0.2035978856385663, -0.4989906580930532, 0.32067063125558404, 0.6752013365800971, 0.49651639456020585, 0.4228234685532696, -0.05602537694137399], [-0.4340050023554047, 0.2182138613901705, -0.5392547135617948, -0.49757618857802094, -0.272189605844861, 0.08601241445172422, -0.495223934961822, 0.2717651412207945, 0.5074222012710322, 0.5763712168807736, 0.0028243048944693247, 0.3613736487044563, 0.11649427366732132, 0.028619166674827543]], "inverted": true, "swapped": false, "error_lsq": 0.04185469217098099, "error_max": 0.24278364550332882, "target": "1117.xyz", "model": "10.xyz", "model_rescale": 4.260839863003843, "target_rescale": 3.8290829372222324},
{"mapping": [12, 10, 4, 3, 5, 2, 7, 9, 11, 1, 8, 13], "R": [[-0.47954755480481903, -0.4561924037838794, -0.7496149901186642], [-0.5103338828589442, 0.8399139964050256, -0.18467215991873864], [0.7138581586609714, 0.2939948458269714, -0.635589143976156]], "T": [-0.04013548799265853, 0.10123272008080997, -0.11100486409045193], "aligned_model": [[0.467230729474563, 0.34175921246412966, -0.27478091841402924, -0.40463520869141695, -0.5488537502237646, -0.5576031467945521, 0.361006408330292, 0.5931379927277092, 0.15332723392996433, -0.3293485626969096, 0.25306392033514613, -0.09540526134700122], [-0.08475449674616439, -0.4724996697703353, -0.6096455674752154, -0.31314186760665796, 0.49978023369692315, 0.3233812219537262, 0.7305490622067571, 0.136375162603449, -0.6219683742442109, -0.018806368398184614, 0.534365005635675, 0.06944416367717202], [-0.7512773619098347, -0.1590860371064104, 0.1369034736284885, -0.437581942389463, 0.2407696738716862, -0.3518824056685792, -0.41172451467451054, -0.11741769853386083, 0.5220337741609875, 0.6162242266320501, 0.294213831748537, -0.06499694236358652]], "inverted": true, "swapped": true, "error_lsq": 0.0558750144875598, "error_max": 0.30497202794356426, "target": "1117.xyz", "model": "11.xyz", "model_rescale": 3.890672605050136, "target_rescale": 3.8290829372222324},
{"mapping": [12, 11, 5, 12, 10, 9, 7, 8, 6, 0, 4, 2, 3, 13], "R": [[-0.221469105370932, 0.9653108829879142, 0.13829799185560213], [-0.9733099182318325, -0.21006386668546873, -0.09241739546586075], [-0.06016010669657008, -0.15507440503913855, 0.9860693132148544]], "T": [-0.06741122247820412, -0.03936304732282672, 0.19024996629194846], "aligned_model": [[-0.28779472956227115, -0.5862260489769697, 0.12008780592013306, -0.28779472956227115, -0.7890759426487531, -0.41420770851432503, 0.33177653793899126, 0.6287630094314354, 0.009029852631867424, 0.2906945194916508, -0.11739200780396589, -0.5639901584934185, 0.6430628491877006, -0.03965233000909278], [0.06733802667253558, -0.09234938018092023, -0.4608164224751198, 0.06733802667253558, 0.3223035475754277, -0.6759236067081845, 0.15266325731424138, -0.22474825492480904, -0.4713885784888484, 0.2858440579150171, 0.6532761455891695, 0.44136208861494153, 0.53917059913821, 0.05895520223653568], [-0.5134389830021526, 0.3657087598320815, -0.4360034558603618, -0.5134389830021526, -0.19437687915494284, -0.09319891363069338, -0.5382685307532102, 0.17741215239992975, 0.5638393751331127, 0.5289166992585292, 0.09638882755189168, 0.3572135481003775, 0.07367994696878696, 0.056413220012470705]], "inverted": true, "swapped": false, "error_lsq": 0.05478633255471531, "error_max": 0.41788360404884356, "target": "1117.xyz", "model": "12.xyz", "model_rescale": 4.124412569039231, "target_rescale": 3.8290829372222324},
{"mapping": [2, 3, 4, 6, 0, 5, 12, 8, 10, 9, 1, 11, 13], "R": [[-0.9682909169615179, -0.1272808450749724, 0.21497043193617166], [-0.14119455724972874, 0.9886881630438324, -0.050594597143032535], [-0.20609899837911977, -0.07934294381993624, -0.9753091305494431]], "T": [-0.014331252136511943, 0.01307044582675039, -0.048619531626674345], "aligned_model": [[-0.11302288992527533, -0.021215824558962815, 0.5320100008274704, -0.5741816245004385, 0.5384252320435899, 0.33531635340993765, -0.6869953647016045, 0.07983878930986028, 0.005500969078806754, -0.2608708266407162, 0.7611227312079728, 0.7148776487875754, 0.056493113171541334], [-0.314735756656547, 0.337516857008583, 0.5251687568673996, -0.08308775384568581, 0.004635628776468354, -0.6041453699168989, 0.5000603434350813, -0.3705674116398064, 0.6787875513237196, 0.20118114510929208, -0.13883880755837852, 0.5987598064562663, 0.012750387148983995], [0.459266064813181, 0.5044682211890428, 0.19862835367438572, 0.17527493657320034, 0.4963685092793353, 0.14675422614809483, -0.15963496392487247, -0.5793978835812973, -0.23233571232473146, -0.6019223602065261, -0.0987237648507884, -0.3425717671757996, -0.014475778645385615]], "inverted": false, "swapped": true, "error_lsq": 0.045307532441502874, "error_max": 0.2537303770803279, "target": "1117.xyz", "model": "13.xyz", "model_rescale": 3.9028299243045295, "target_rescale": 3.8290829372222324},
{"mapping": [7, 10, 3, 6, 9, 4, 2, 8, 5, 12, 11, 14, 1, 15], "R": [[0.3599352646691421, -0.020694694399212607, -0.9327477337797602], [-0.2041043456751474, 0.973790519928112, -0.10036652516978789], [0.9103779552054602, 0.22650331768400417, 0.34627767146332805]], "T": [0.01572959229780317, -0.02731546493488858, 0.009206844733831876], "aligned_model": [[-0.7932271279431912, -0.6563752906807501, -0.0002481325515481664, -0.06324213942830474, -0.5547890398768529, -0.23853130143801066, 0.6954532344969933, 0.6350575753368717, 0.05326241868475652, 0.31373226132750887, -0.0751530838203567, -0.5726618344570736, 0.2733499425980965, -0.07934656321742758], [-0.12405047832764006, -0.23202881971324102, -0.31536578619641936, 0.28813417610504427, 0.43489182530344817, -0.6535895011634668, -0.011321932471166224, -0.34631580346035346, -0.33579852723364795, 0.2828346492928348, 0.6869305753735031, 0.4417476384502051, 0.5321271050422711, 0.014829587949359901], [-0.3868478456790055, 0.25764208921567333, -0.5434785720883586, -0.5727409637552063, -0.23922497218130462, -0.04074816848145506, -0.27340551647951605, 0.3426416854494086, 0.41606225009713693, 0.5562366472643594, 0.1748861174969367, 0.4748526186296746, -0.19780649240006198, -0.03722209323461548]], "inverted": false, "swapped": false, "error_lsq": 0.04076116806381297, "error_max": 0.36184928745211264, "target": "1117.xyz", "model": "14.xyz", "model_rescale": 3.942246331269136, "target_rescale": 3.8290829372222324},
{"mapping": [13, 12, 11, 4, 3, 8, 6, 7, 0, 2, 5, 1, 9, 14], "R": [[0.135034667285247, 0.9627047201034336, -0.23444671147561982], [0.740311107610689, -0.2552923427878436, -0.6219045615382874], [-0.6585629070782821, -0.08958482909769966, -0.7471743142106388]], "T": [-0.06249977394082152, 0.10074504365442172, -0.12450559472446616], "aligned_model": [[-0.6754252356180173, -0.8221939641068875, 0.006097290808621779, -0.3372667347586814, -0.5986246255189296, 0.10143223413937058, 0.3980141002722792, 0.6312278670612407, 0.006728969657458651, 0.2556372531186261, -0.04817012019893086, -0.5686719813731336, 0.671360893702361, -0.08286502815466647], [-0.2908288033970425, -0.09593643007973446, -0.34152973481273186, 0.2974987185549793, 0.5767909100931303, -0.6438102875428701, -0.17464928764051108, -0.17726565556339013, -0.20566235088964735, 0.25843569827610274, 0.6038394475819207, 0.34347592154053674, 0.4318110115473922, 0.08085555128259761], [-0.4877164800768045, 0.10409316616551322, -0.6846827878483394, -0.603520297608049, -0.07452152658653281, 0.008176664075565374, -0.28222155233902785, 0.29074314923411165, 0.5403548210748026, 0.5511943446704167, 0.2621082176899204, 0.4598854157508449, -0.12202536857452674, -0.03102098177422853]], "inverted": false, "swapped": false, "error_lsq": 0.05299978944990717, "error_max": 0.4046738960887851, "target": "1117.xyz", "model": "15.xyz", "model_rescale": 4.355366556412066, "target_rescale": 3.8290829372222324},
{"mapping": [8, 5, 1, 10, 11, 9, 4, 12, 0, 6, 3, 13], "R": [[-0.07211762039461823, -0.635230158416668, -0.7689484343351985], [0.16178343361640918, 0.7532958371620149, -0.637472746336394], [0.9841875682185296, -0.17037613551291309, 0.0484438129360477]], "T": [0.03597177479926258, -0.04324765106898421, 0.12126929887240734], "aligned_model": [[-0.1759995952034959, 0.5474762508965216, 0.0717390681934374, -0.4995102553739667, -0.5534144605936836, -0.5203997519583455, -0.06693442176167103, -0.3266445256256679, 0.4770640126586129, 0.28235177229609026, 0.2991237724823231, 0.06295668862162608], [-0.6498478120550107, -0.5416762424726088, -0.48639604246409196, 0.35398354022130596, -0.04099804959299725, -0.09782016481775391, 0.26083040714193995, 0.5273981318290276, 0.023144906872087916, 0.22068828990021078, 0.4965005405902435, -0.05303107741137275], [0.2789907123903169, -0.055682182328981644, -0.5339069672293306, -0.059812430265379996, -0.6621873814541981, 0.4209090526640133, -0.5990166241268013, 0.6160757297529722, -0.5140672321272362, 0.613653587400123, -0.10376814045038296, 0.04807033698430588]], "inverted": false, "swapped": true, "error_lsq": 0.05571527904507626, "error_max": 0.30222698064960546, "target": "1117.xyz", "model": "16.xyz", "model_rescale": 3.795458400668931, "target_rescale": 3.8290829372222324},
{"mapping": [2, 5, 0, 7, 3, 1, 8, 6, 9, 11, 4, 10, 13], "R": [[-0.024930516230582928, 0.19302200864187638, -0.9808776547257728], [-0.9764390939097611, 0.20567846815254273, 0.06529214059217797], [0.21434823359468566, 0.9593950551875277, 0.18334656483435735]], "T": [-0.07060010915696652, -0.052497875080889905, -0.00940267043436591], "aligned_model": [[0.3509768348358048, -0.11015043088325632, 0.326372720895261, -0.3598602463574189, 0.5335025003547833, -0.3189304555208855, -0.6864714840668824, 0.2361402801035174, -0.4963042526920979, -0.3599936780524062, 0.1729250964548132, -0.08624902046936636, -0.05332606369764338], [-0.19380314565190335, 0.08896073262213447, 0.526634823916063, -0.801691130338268, 0.1177708084030133, 0.6138522843328768, -0.15859693342415013, -0.580372866464277, -0.2861206081287956, 0.7903716871500734, 0.6604447142373274, 0.1686944108799394, 0.01763648793645238], [-0.43065132103111864, -0.7303776705928784, -0.3405230878435307, -0.05863911022627358, 0.12207944236697049, -0.35757682205946295, -0.22669763281603375, -0.0012848653682368295, 0.39865102440982114, 0.39926324259533585, 0.22356363660328704, 0.644931571987683, -0.04046337718926683]], "inverted": false, "swapped": true, "error_lsq": 0.0515209362912367, "error_max": 0.3264388464359977, "target": "1117.xyz", "model": "17.xyz", "model_rescale": 3.7474275329858107, "target_rescale": 3.8290829372222324},
{"mapping": [11, 7, 3, 10, 12, 1, 8, 0, 2, 6, 5, 12, 4, 13], "R": [[-0.3608585210958131, 0.8912862791068686, 0.27457220621974043], [0.2829060875747814, 0.38515017839913157, -0.8784210184713521], [-0.8886761352515733, -0.23930756100664718, -0.39113503790810805]], "T": [-0.08562527451654729, 0.012167669906053842, 0.0020376044235593093], "aligned_model": [[-0.6429971636452165, -0.7298513747603279, 0.003349894308976309, -0.24601346715170336, -0.6448740137446922, -0.11382873093447933, 0.45209937196805533, 0.6485910438771848, 0.05990882475399616, 0.29595228137789226, -0.05135412185003778, -0.6448740137446922, 0.5722915350878708, -0.02111914651211505], [-0.2521757918840724, -0.18415489683263633, -0.3204348584835656, 0.3251854010395835, 0.5015180577628141, -0.677450342655107, 0.1552535325541581, -0.35839635592747027, -0.3764291596249901, 0.1757582466140996, 0.7166670679755124, 0.5015180577628141, 0.49018528434652425, -0.03401953369693239], [-0.3737226558808065, 0.3394534659210888, -0.5828112296784984, -0.5918772868889097, 0.08578704555404439, -0.044330257366188605, -0.4531910103316611, 0.1528722534378827, 0.5779239246618636, 0.6521418295369533, -0.15835573360820937, 0.08578704555404439, 0.1689820680789659, 0.07218732486309656]], "inverted": true, "swapped": false, "error_lsq": 0.0532726700649477, "error_max": 0.33854622997718925, "target": "1117.xyz", "model": "18.xyz", "model_rescale": 3.922800546911778, "target_rescale": 3.8290829372222324},
{"mapping": [12, 3, 13, 8, 5, 7, 4, 10, 9, 2, 1, 0, 6, 14], "R": [[0.5763259769497607, -0.8086728896981712, -0.11788352624567039], [-0.6398634840535671, -0.35679922182309437, -0.6806386979016585], [0.5083533122423172, 0.46769912633406124, -0.723072912754047]], "T": [-0.053557942382719013, 0.0695895203444285, -0.07392453668357052], "aligned_model": [[-0.7177277149148474, -0.5535100640413004, 0.014135512516846784, -0.04183636480442508, -0.6725470331907925, -0.3193422041955734, 0.5856686431667831, 0.6627377313095377, 0.07074151641236262, 0.10347524657270726, 0.03257682175186844, -0.6300759777050458, 0.4867956380223895, -0.0838108318697994], [-0.2052275961920082, -0.1497687157220311, -0.35575538757053843, 0.38071815740353726, 0.48973832706974185, -0.6789856627942896, -0.06528984422854667, -0.07376580529924096, -0.39364180580476776, 0.11565833633472195, 0.7555102666116735, 0.37973230945620035, 0.4823267839499244, -0.018224654263644446], [-0.3932489959405035, 0.25936075237671746, -0.6090068222198739, -0.600661880947708, -0.22512376238795417, 0.010957383771176832, -0.38547560542075326, 0.2680848282798171, 0.5838820982269408, 0.6234614429199259, 0.19079523247527114, 0.44557622461224694, -0.18982851111041668, -0.04792560078122049]], "inverted": false, "swapped": false, "error_lsq": 0.04170537930939332, "error_max": 0.30367756433184595, "target": "1117.xyz", "model": "19.xyz", "model_rescale": 3.9282355846067225, "target_rescale": 3.8290829372222324},
{"mapping": [5, 1, 7, 6, 3, 2, 7, 12, 10, 11, 4, 0, 8, 13], "R": [[0.36023935606190727, 0.6449149856092771, 0.6740269042706594], [-0.8237557966295905, 0.5589981170600551, -0.09459118691750218], [-0.4377830442847818, -0.5211581012129611, 0.7326255794584638]], "T": [0.010890033887501718, 0.11941918846303524, -0.05142730717753199], "aligned_model": [[-0.48569443653725086, -0.6617192650376134, 0.26961384148666173, -0.09186790741693183, -0.667225130893243, -0.3187295681409284, 0.26961384148666173, 0.6955443823996166, 0.04708565972291691, 0.11594919376258596, -0.12117656725432087, -0.4800616871324364, 0.4656384775448111, -0.09968991495981787], [-0.09605537303749938, -0.13033572295937568, -0.3218122053646521, 0.3197453561214864, 0.43698416515603705, -0.6354207455100696, -0.3218122053646521, -0.3515407136562881, -0.43388241147091744, 0.37648754420952574, 0.7122376536280894, 0.33011846576236703, 0.7191186481364281, 0.059192253300252226], [-0.49263556789769625, 0.1647208168635092, -0.4070600177960742, -0.6647414893934798, -0.12670929714799992, -0.0345808714127804, -0.4070600177960742, 0.1281264143844966, 0.6079523749270777, 0.6090585781569632, 0.12319378307793563, 0.5441977513701576, -0.1618174796879561, 0.048201806205587526]], "inverted": false, "swapped": false, "error_lsq": 0.053490188977103996, "error_max": 0.3761001763443981, "target": "1117.xyz", "model": "20.xyz", "model_rescale": 4.067790424073018, "target_rescale": 3.8290829372222324},
{"mapping": [5, 1, 4, 6, 13, 8, 2, 0, 7, 12, 11, 10, 3, 14], "R": [[-0.2621550482750756, 0.7134999151573919, 0.6497634967696232], [-0.27141738652134856, 0.5916182233759892, -0.7591577438604966], [-0.9260709114089559, -0.37537414514032963, 0.03856057834567622]], "T": [-0.07580612853348696, 0.044798190963251015, -0.013576236027701059], "aligned_model": [[-0.5142396036122022, -0.698516327770409, -0.008483946252838617, 0.04270704047674938, -0.6923545690060873, -0.16833879172855143, 0.5420320833394661, 0.5048220376894355, -0.07058538023046791, 0.19375808468283795, -0.0910082060867103, -0.6043836197769996, 0.6143427967779748, -0.11247067947148591], [-0.2035738127289373, -0.3006778238295194, -0.39090318056560874, 0.36499291282687407, 0.3709593313861942, -0.5168655118789325, -0.08978971051902665, -0.30433196208968183, -0.4981653059895246, 0.470952845113121, 0.6901406231449444, 0.4439992898472346, 0.5403781234295767, 0.0859088908040179], [-0.32107185643588715, 0.3940797859418481, -0.6829823409872545, -0.6700721397142358, -0.0736631406410004, -0.04733253731634607, -0.40585671255331296, 0.1995835592874596, 0.49811443417526047, 0.5632610136338964, 0.022951781206065117, 0.4686385915690902, -0.05647155137712723, 0.04166789706521028]], "inverted": true, "swapped": false, "error_lsq": 0.04749961122049227, "error_max": 0.26254363775078315, "target": "1117.xyz", "model": "21.xyz", "model_rescale": 4.186013935880536, "target_rescale": 3.8290829372222324},
{"mapping": [0, 2, 5, 11, 10, 1, 4, 3, 8, 6, 12, 9, 13], "R": [[-0.456624706577388, -0.361725931351774, 0.8128026992639765], [0.8066512001593594, -0.5536820636099907, 0.20676076445507652], [0.37524354574673185, 0.7500603462550691, 0.5446115664867451]], "T": [-0.014355453952534444, 0.11800588826020855, 0.018872312355661964], "aligned_model": [[-0.010205672517163242, -0.310443575208611, 0.29287142942964534, 0.4701865586033077, -0.10067158290220145, 0.5840514741653761, 0.010998498103264726, -0.49790333193084135, 0.531896458416902, -0.50333657735698, -0.5486958958174941, 0.12999789555695973, 0.009828356881060284], [-0.4211103529975252, 0.23941927295168605, 0.23642101422808803, -0.6659765262524663, -0.28289783145459546, -0.2802833913214645, -0.6700574477572508, -0.2745493575789816, 0.4849513308477932, 0.48301204190346825, 0.27492149157619394, 0.33512706389749103, 0.05997935150365678], [-0.5396608553242539, -0.503368378605721, -0.6391316515873996, 0.35320175606211396, 0.5748848571798373, -0.31307728304494964, 0.005518766498074774, -0.13377355901909874, 0.08765858779009879, -0.0029345775522385646, 0.6448262887288867, 0.5970867385601798, -0.02835112835018357]], "inverted": false, "swapped": true, "error_lsq": 0.05163079040629553, "error_max": 0.2751608667293098, "target": "1117.xyz", "model": "22.xyz", "model_rescale": 4.166573947596378, "target_rescale": 3.8290829372222324},
{"mapping": [11, 9, 2, 6, 12, 3, 1, 0, 8, 7, 13, 14, 5, 15], "R": [[0.8678050125739812, -0.16837714972454865, 0.46750785619292984], [0.027780294548786867, -0.9229284955598667, -0.38396776859312526], [0.4961277208403647, 0.3461966602008721, -0.7962444078795825]], "T": [-0.14013621642571017, -0.015749847592816016, 0.02919507064237315], "aligned_model": [[-0.8043547646966095, -0.5995724324477973, 0.0028259719473053557, 0.02504348136639134, -0.5904417740619474, -0.31274784963888924, 0.4576015727594238, 0.6477919662270305, 0.03965041087699353, 0.3469239007915702, -0.01350970042737995, -0.6346813023346365, 0.45380211640724943, -0.08105067773799289], [-0.2725567020191116, -0.21386244648440422, -0.3068246231478229, 0.31426310832239746, 0.3034278003395741, -0.5778300331221287, 0.002136078730211169, -0.17277275273690607, -0.5442834503072876, 0.23390489819386379, 0.7771225614992919, 0.5513876578492537, 0.5654142149449818, 0.0034983968888189568], [-0.30985844589885675, 0.36103679172310277, -0.5604205048984128, -0.6363233350627411, -0.32397895027575946, -0.0960955560256932, -0.3587336468905995, 0.1750331626474253, 0.6143515793355309, 0.4894499975825341, 0.29776946860752873, 0.27364950636511626, 0.0057948482606804685, -0.000828131616189394]], "inverted": true, "swapped": false, "error_lsq": 0.042581227010378433, "error_max": 0.24112046740310228, "target": "1117.xyz", "model": "23.xyz", "model_rescale": 4.274766983524099, "target_rescale": 3.8290829372222324},
{"mapping": [5, 8, 7, 6, 9, 12, 3, 10, 4, 11, 13], "R": [[-0.9761562737306746, -0.21655522915765624, -0.01492521292040952], [0.007735719973903127, -0.10341936439329263, 0.9946077587194727], [-0.21693106714514154, 0.9707771463075151, 0.1026286719893994]], "T": [-0.004764623432407966, 0.03999283720021866, -0.08797931241029769], "aligned_model": [[0.42635990063659446, -0.00811883916174777, -0.6632806318198177, -0.4881596642774929, -0.3868829752078176, -0.7195883834357206, 0.09288459980314713, -0.07860459964004916, 0.5438599021047152, 0.58954462145716, 0.07188077349910378], [0.023347845767656868, 0.6309852466563463, 0.2967892421783398, -0.2838180384237096, 0.4900489478031047, -0.07552227730859834, -0.5442399717916122, 0.1190485487061115, -0.15699294978237316, 0.39324850913987147, 0.022691428298346014], [-0.6839946691772054, -0.3854492814715271, -0.472424966290764, -0.27313687505578976, 0.14385355765172078, 0.33349885472134977, 0.15769442953205584, 0.5943857431075162, 0.44312584794196364, 0.6071411928311393, -0.08512739976888176]], "inverted": false, "swapped": true, "error_lsq": 0.06575895419114573, "error_max": 0.44014414201451824, "target": "1117.xyz", "model": "24.xyz", "model_rescale": 3.7841303162186577, "target_rescale": 3.8290829372222324},
{"mapping": [6, 1, 3, 11, 7, 4, 13, 12, 2, 9, 10, 0, 14, 15], "R": [[-0.5377482354915698, 0.3786455973782339, 0.7532956569712743], [0.1432975230541655, 0.9215250311447386, -0.3609119516727448], [-0.8308385252937205, -0.08613436340839328, -0.5498074356790627]], "T": [-0.11794961442918847, 0.07148426684080948, 0.07651064860702333], "aligned_model": [[-0.5108069220416495, -0.7241449874347263, 0.05330396385617539, -0.10201739905805529, -0.5514036592592414, -0.34597832689534974, 0.4519542877796956, 0.5949361076032758, 0.12117552617838381, 0.3040465133823136, -0.036662318139872946, -0.7565510677562052, 0.5827189999089345, -0.1432897990929671], [-0.22255225174057142, -0.20646686690252875, -0.4554731625115099, 0.34921406567478386, 0.48440648358144506, -0.6381828469447486, 0.10301853761852652, -0.18708795868102662, -0.42768018540965447, 0.19147458429798328, 0.8433638581912816, 0.34842335552723264, 0.441561047272882, 0.039006048976636856], [-0.45380257378051864, 0.4056105282798567, -0.5082884341624396, -0.6390589793927219, -0.17729714095571897, 0.04364977885809797, -0.45848012634582097, 0.08681879776546403, 0.5888065051841822, 0.46337276920653186, 0.1298902064527, 0.314886138785332, 0.11400240472870674, 0.020736909230014422]], "inverted": false, "swapped": false, "error_lsq": 0.04221839465251391, "error_max": 0.2217659794843217, "target": "1117.xyz", "model": "25.xyz", "model_rescale": 4.19342608120988, "target_rescale": 3.8290829372222324},
{"mapping": [8, 5, 1, 10, 11, 9, 4, 12, 0, 6, 3, 13], "R": [[-0.07211762039461823, -0.635230158416668, -0.7689484343351985], [0.16178343361640918, 0.7532958371620149, -0.637472746336394], [0.9841875682185296, -0.17037613551291309, 0.0484438129360477]], "T": [0.03597177479926258, -0.04324765106898421, 0.12126929887240734], "aligned_model": [[-0.1759995952034959, 0.5474762508965216, 0.0717390681934374, -0.4995102553739667, -0.5534144605936836, -0.5203997519583455, -0.06693442176167103, -0.3266445256256679, 0.4770640126586129, 0.28235177229609026, 0.2991237724823231, 0.06295668862162608], [-0.6498478120550107, -0.5416762424726088, -0.48639604246409196, 0.35398354022130596, -0.04099804959299725, -0.09782016481775391, 0.26083040714193995, 0.5273981318290276, 0.023144906872087916, 0.22068828990021078, 0.4965005405902435, -0.05303107741137275], [0.2789907123903169, -0.055682182328981644, -0.5339069672293306, -0.059812430265379996, -0.6621873814541981, 0.4209090526640133, -0.5990166241268013, 0.6160757297529722, -0.5140672321272362, 0.613653587400123, -0.10376814045038296, 0.04807033698430588]], "inverted": false, "swapped": true, "error_lsq": 0.05571527904507626, "error_max": 0.30222698064960546, "target": "1117.xyz", "model": "26.xyz", "model_rescale": 3.795458400668931, "target_rescale": 3.8290829372222324},
{"mapping": [6, 9, 7, 2, 5, 4, 10, 3, 11, 8, 0, 1, 13], "R": [[-0.5832265112135344, 0.2981501667403186, -0.7556145278449914], [0.6621079307782665, 0.7133806662838051, -0.22956722974544186], [0.4705952875010662, -0.634188065990834, -0.6134701071255179]], "T": [-0.02271086073766075, -0.14758476365743323, -0.11870196012294354], "aligned_model": [[0.03459319536733603, 0.4501629124269453, 0.6492740985948844, -0.2739210607738641, -0.05658528393590506, -0.6405551364348071, -0.1533181084730686, -0.6159640968698921, -0.28665684069200253, 0.5447305162503107, -0.6748536047862144, -0.20038851824686138, -0.07684168960560428], [-0.5319306156154768, -0.4404102232912037, -0.3944428067867951, -0.03598336403645161, 0.5043540506979575, -0.047635583046230154, -0.5414598036447746, -0.3722920957238357, 0.06604180864160542, 0.18152981169326599, 0.2727159270514697, 0.5545000790274117, -0.09310568171002837], [-0.589660645070293, 0.18618336576055206, -0.48596686271088874, -0.6660439810088108, -0.458125032829222, 0.3610308550254504, 0.4336823411690366, -0.21238304740946518, 0.8010163513178803, -0.03229859638673899, -0.14477900839974647, 0.20133438067302223, -0.1018534580313506]], "inverted": true, "swapped": true, "error_lsq": 0.04791370028903068, "error_max": 0.25780932007168134, "target": "1117.xyz", "model": "27.xyz", "model_rescale": 3.6321398670334006, "target_rescale": 3.8290829372222324},
