[{"mapping": [12, 14, 6, 11, 0, 10, 5, 1, 9, 3, 2, 7, 13, 15], "R": [[0.158613312488697, -0.9727522621088172, 0.16910012910563316], [-0.23291069673866283, -0.20329828220242072, -0.951011259553879], [0.9594761197893742, 0.11145781720329792, -0.25881022108526286]], "T": [-0.08544024837578694, 0.16815558654669416, 0.15842718933562627], "aligned_model": [[0.112281439631105, 0.20468062052672803, -0.5023128994593041, -0.34946418913313787, -0.5947665275611025, 0.07812927550547881, -0.8601181068066386, -0.00979592794621982, -0.39363062507735236, 0.36245870908633887, 0.664069934535119, 0.17498123418871897, 0.5814577749546684, -0.09647861131609796], [-0.5487852747912442, -0.2736578794697986, -0.6436013950913559, -0.1347109169189003, 0.31221752316317414, 0.24671569056777132, 0.02218596037942941, 0.5862403590145423, 0.8570154034967283, -0.14624588183943155, 0.4815982412416797, 0.6059363944511316, -0.25905552344650307, 0.1294206310528112], [0.2600502154412897, -0.31081860459222777, 0.237063662806881, -0.24435203914910142, 0.5192395827950448, -0.6162578086924927, -0.003416595633825986, 0.597778711316509, 0.08781190256451588, 0.7747788899850487, 0.40608878377669355, -0.1178167666127693, 0.1261740472593619, 0.18126410591490574]], "inverted": false, "swapped": true, "error_lsq": 0.04393536232497909, "error_max": 0.24387707587052276, "target": "1118.xyz", "model": "0.xyz", "model_rescale": 3.8414455957264533, "target_rescale": 4.213570935165987},
{"mapping": [3, 13, 6, 14, 12, 11, 5, 4, 9, 0, 10, 2, 7, 1, 15], "R": [[0.7138809471990585, -0.5540424186482801, 0.42826509496401766], [-0.05916280450838321, 0.5616684791260987, 0.8252443772113071], [-0.6977633952772802, -0.6144636017654254, 0.36818572258655397]], "T": [0.0651558259278641, 0.09808539578994911, -0.05127254391246893], "aligned_model": [[-0.7200980218305476, -0.5984610342425501, -0.04722447425706171, -0.10828250951664119, -0.46063230166242325, 0.3232375677027609, 0.642126883444386, -0.27724721633180965, 0.642158975674966, 0.3157471123915791, 0.37976136330680027, -0.4603568321462174, 0.21977336025157412, -0.022058485898591315, 0.0435997666183202], [0.13422891540893161, -0.009229710794121007, -0.7776666089613476, -0.2697533463550714, -0.43316406742917546, -0.36358090365969764, -0.3871729236415547, -0.20536841646992077, 0.5649415585632316, 0.08858794301833754, 0.07476950797003484, 0.7389481581495815, 0.5366182140406628, 0.5909398095296585, 0.06394639867346513], [0.19656050247684592, -0.4712709986642579, 0.19233573534737775, -0.6293509780549712, -0.12016489990095164, -0.26085763314396254, 0.2302502598715926, 0.531955692737796, 0.1023775875166435, 0.5381903379246102, -0.7817129935605241, -0.23695895551861332, -0.39705353376778074, 0.2994907533687412, -0.028609089293011196]], "inverted": true, "swapped": true, "error_lsq": 0.040296241154377396, "error_max": 0.2640576681620583, "target": "1118.xyz", "model": "1.xyz", "model_rescale": 4.316132596720782, "target_rescale": 4.213570935165987},
{"mapping": [7, 1, 2, 11, 14, 8, 12, 5, 3, 9, 4, 15], "R": [[-0.8545390445586888, -0.027119549858593495, 0.5186786590367785], [-0.26011717736250806, -0.8420272490792412, -0.47257715332949307], [0.4495576440965996, -0.5387528578332675, 0.7124909001599967]], "T": [-0.03435175664726651, -0.002484840077628621, -0.02086072773912097], "aligned_model": [[-0.16678002868968714, 0.5085172286321819, 0.3092800711404709, -0.5129895504141017, -0.6048393462451811, -0.509945844065868, -0.13983799108366182, -0.2480275088982945, 0.4744356350507818, 0.0903367456590897, 0.4215725769412757, -0.02391343339522501], [-0.5435323555580299, -0.24292545534769333, -0.6843300053757012, 0.29902931549215295, -0.0077628785525386615, -0.11364896082301273, 0.37036846575803833, 0.6018196684723379, 0.035375754588552945, -0.272255603003141, 0.5339838512812759, 0.03665463080873955], [0.1388654326257982, 0.12415056630336492, -0.39281827225377985, 0.03966152835173144, -0.4380859964727606, 0.46339707937028624, -0.663728031831495, 0.4657449243918434, -0.6682038699234394, 0.6763997596605585, -0.25283827144413995, -0.04328638756854682]], "inverted": true, "swapped": true, "error_lsq": 0.046917284310018674, "error_max": 0.2741884843375752, "target": "1118.xyz", "model": "2.xyz", "model_rescale": 3.795458400668931, "target_rescale": 4.213570935165987},
{"mapping": [4, 12, 13, 10, 1, 7, 14, 5, 11, 8, 2, 15], "R": [[-0.4844327936777171, 0.7611252132536568, -0.43129256677941713], [-0.00034699123360032447, -0.49316956342646234, -0.8699331361126765], [-0.8748284106078668, -0.421274484700092, 0.2391716131441724]], "T": [0.11507255793148016, 0.07448605063974076, -0.06138528578367498], "aligned_model": [[-0.01231823238573826, -0.35221990630750855, -0.6272393325913163, 0.20628383766065128, 0.08380254394614975, 0.11860215116608921, -0.1799615789959558, 0.7943317541121281, 0.34664577372681726, 0.6140100398317269, -0.5031389930242284, 0.1045057686047501], [-0.2515829499229947, -0.5075726883779165, -0.10550674298208793, 0.07018343373982691, 0.5621052131292831, 0.5202861242146765, -0.3185797855055834, -0.34604782860804373, -0.36268791051216664, 0.12982774608700332, 0.6565834133279363, 0.03876102069977602], [-0.7147839611452639, -0.1405729186424767, 0.15045952210682215, 0.7290105107602797, -0.4285316307852507, 0.30879297387071974, 0.4465664628579644, -0.15825905751003094, 0.21954289103421804, 0.40877586464785737, -0.043351538340169325, -0.0888776882155692]], "inverted": false, "swapped": true, "error_lsq": 0.048688943157573335, "error_max": 0.3155571491037842, "target": "1118.xyz", "model": "3.xyz", "model_rescale": 3.7530521520055578, "target_rescale": 4.213570935165987},
{"mapping": [13, 1, 4, 0, 12, 9, 14, 7, 10, 11, 15], "R": [[0.25506705280653563, 0.9138581404722568, 0.31591786537829314], [-0.5024179537585871, 0.40441641304541365, -0.7642143446707317], [-0.8261458698762725, 0.03620309312849879, 0.5622920395437828]], "T": [-0.04908994785891944, -0.0013958247581356623, -0.04939937354382232], "aligned_model": [[-0.35476647881178563, -0.221003767723176, 0.47997503435297756, 0.37281132834116165, 0.21180609516453744, -0.1986210640368167, -0.16295780383925104, -0.5681703096742027, -0.4271614062623429, 0.2194186264422894, -0.013130651508186007], [-0.7207187775883114, 0.16635527612224998, -0.3218420569189651, 0.3287889204123045, -0.690800824465801, 0.7257433900563266, -0.40037376589683055, 0.2412288175026046, 0.14521496938860384, 0.023316838219890938, -0.0297094285177266], [0.0826571263105142, -0.611406407968446, -0.4579133787394324, -0.4005831298906066, 0.09230209120488436, -0.2023852617794803, 0.522799530950419, 0.03703539084030097, 0.6351667464451415, 0.4515600029813961, -0.05640193310937434]], "inverted": false, "swapped": true, "error_lsq": 0.04890849931928192, "error_max": 0.26246024760497627, "target": "1118.xyz", "model": "4.xyz", "model_rescale": 3.7855080009869324, "target_rescale": 4.213570935165987},
{"mapping": [8, 13, 12, 11, 6, 10, 7, 14, 9, 15, 2, 3, 4, 1, 0, 16], "R": [[-0.5655679168304336, 0.24943542156720208, 0.7860756337145149], [0.04732686128017097, 0.9614092811984936, -0.2710209627072479], [-0.8233426380635533, -0.11607826882318746, -0.5555472399837483]], "T": [0.004766267262863574, 0.03827017151291413, 0.08860218325859742], "aligned_model": [[0.2802632905962521, 0.48436005501717166, 0.16685924276056624, 0.653073484582033, 0.6345055143610223, -0.2911356075940096, 0.2661464644185412, -0.32313312014341145, -0.6560203879678087, -0.1838798704686051, -0.5731602598100581, -0.6445054104619616, 0.3433902456040717, 0.12216507053879334, -0.2215937492876542, -0.0336953980951879], [0.5333364377245952, -0.07786790486362626, -0.5805263043331683, -0.42079315481431695, 0.16270887762635955, 0.6998947169959985, 0.6327901469235325, -0.31574824068572066, 0.13409315045672088, 0.3448493092732202, -0.414387671397552, 0.09537317392398247, 0.05852977340130311, -0.5543279813274099, -0.1804774740515151, 0.01562739704170637], [-0.328915069267915, -0.4418404477944043, -0.14352289463029128, 0.05125459038310687, 0.20701061687723107, 0.013373762134836098, 0.4622274811822329, -0.3855816988966444, -0.1585677425504256, -0.6528423350264885, 0.17159311129152674, 0.32860664367396675, 0.7458115362725704, 0.5448355547133665, 0.8023139554662453, 0.05868968991691087]], "inverted": false, "swapped": false, "error_lsq": 0.04542376009850227, "error_max": 0.33807940825334737, "target": "1118.xyz", "model": "5.xyz", "model_rescale": 4.2253639853439635, "target_rescale": 4.213570935165987},
{"mapping": [3, 0, 11, 12, 6, 8, 14, 13, 9, 1, 5, 7, 2, 15], "R": [[-0.6507552613605063, 0.7584753291557695, -0.035110751539472795], [0.05090023174301944, 0.08971558961458809, 0.9946659134546706], [0.7575795378837304, 0.64549693108655, -0.09698946199314479]], "T": [0.021516062228229858, 0.02786738811413003, 0.03654382841294456], "aligned_model": [[0.7376763259494868, -0.22279224711896994, -0.4065647924379729, 0.26497104159471097, -0.26485200854902985, -0.5258491923402099, 0.03177259376931576, 0.5823780164800307, -0.2981804847697953, 0.30591285957194303, -0.716018173589157, 0.0819978108345472, 0.7781309798322659, 0.02547942353061805], [-0.1964590689653331, 0.28546155577421517, -0.324230945298092, -0.6693061013329181, -0.7117154653572286, 0.19733284634134338, -0.5223666882739721, -0.45486415723237056, 0.7136225420733294, 0.5164513991947017, -0.07779797554658363, 0.37711810762225206, 0.3162746293901366, -0.004421531754490081], [-0.3042541992123961, -0.4966647408128173, 0.16476790021640061, -0.09800765850951698, -0.4216334629383252, 0.4169719530752866, 0.4800504655530421, 0.32063306544544906, 0.08159558844058618, -0.195729342286386, -0.26760154597136654, 0.4949628513135631, 0.29287019668018494, 0.003597137937744195]], "inverted": true, "swapped": true, "error_lsq": 0.04782599099118811, "error_max": 0.2616774362912643, "target": "1118.xyz", "model": "6.xyz", "model_rescale": 3.89814844738969, "target_rescale": 4.213570935165987},
{"mapping": [7, 2, 13, 9, 14, 3, 1, 8, 0, 4, 12, 5, 15], "R": [[-0.699019322666847, -0.317740539212537, 0.6406347916553616], [0.6987503026601463, -0.11300379460355325, 0.7063838594826128], [-0.15205262599092584, 0.9414197215621329, 0.3010131339047176]], "T": [-0.03183862469749961, 0.01576225717694177, 0.01120508609999497], "aligned_model": [[0.12168620138956708, -0.13770872839755932, 0.3638431828433944, -0.327779458702499, 0.6349397746096469, -0.31188972404591386, -0.5513693757782059, 0.2789250120599483, -0.557573060839511, -0.46556680999812994, 0.21392575729273056, -0.07245768413464339, -0.040343285394602565], [-0.3821441391074204, 0.13401881008230396, 0.5740276948087888, -0.6816749511441064, 0.2501165204496104, 0.7160722303280768, -0.08910001495624645, -0.564571519651916, -0.10303403931298977, 0.5488487647893021, 0.7131359347857558, -0.20620438612853334, 0.05429036052786029], [-0.3810738135613357, -0.8231539410986991, -0.3888926263708126, -0.011066816455057322, 0.004458387013558145, -0.32119302095124536, -0.2931604878636907, 0.21043232072387058, 0.35738917891634703, 0.2890141432370592, 0.14041470773271356, 0.7836733560695787, 0.03543364344400926]], "inverted": false, "swapped": true, "error_lsq": 0.046555629161544765, "error_max": 0.3164126468970161, "target": "1118.xyz", "model": "7.xyz", "model_rescale": 3.7474275329858107, "target_rescale": 4.213570935165987},
{"mapping": [0, 4, 3, 1, 13, 7, 9, 8, 2, 10, 5, 11, 6, 12, 15], "R": [[0.42643921967947057, -0.5696115036018082, 0.7026324265813894], [0.0329944286594141, 0.7860835793185528, 0.6172389926140207], [-0.9039142434969166, -0.24003195889343487, 0.3540108742866204]], "T": [-0.04011167723621305, -0.11604093852522898, 0.022609040872657978], "aligned_model": [[-0.4520715292966636, 0.16495994904970618, 0.597455408038759, -0.18459760491653776, 0.7268999663310542, -0.17782872192574728, -0.7288612576119355, -0.5125493561624105, 0.3512260456108191, -0.09709180774786015, -0.5451759668477336, -0.10422949147582523, 0.19310619932723005, 0.590211947824629, -0.019300057858736838], [0.09429827380663275, 0.28396455771405804, -0.19717236051016945, -0.49881811199865955, -0.2292622278145061, -0.60575418082526, -0.43104238609776324, -0.10935111675003871, -0.8535273151817248, -0.2511058245161468, 0.5081005454343449, 0.301723511989468, 0.7663181077992739, 0.2912556639337931, -0.08050917500370905], [-0.4205604296127386, -0.5668148020627255, -0.49341138745661367, -0.43143077260156665, 0.18746245903980802, 0.3000924880664469, -0.007287079028221198, 0.5224197123178381, -0.13332911466806927, 0.8046411799535971, 0.07723319486712249, 0.40343660932924497, -0.05464272182609869, 0.007545531499058657, 0.0014397878791785335]], "inverted": false, "swapped": true, "error_lsq": 0.04694285939911688, "error_max": 0.36036560819348146, "target": "1118.xyz", "model": "8.xyz", "model_rescale": 4.019505241142653, "target_rescale": 4.213570935165987},
{"mapping": [0, 4, 1, 9, 8, 7, 2, 5, 11, 12, 3, 14, 15], "R": [[-0.7811046891791259, -0.5921814196700527, -0.19798138988284297], [0.5578114883983419, -0.8042755879689197, 0.20490759382725449], [-0.2805740685687255, 0.049617988621159126, 0.958549032262817]], "T": [0.06382546932320007, -0.06370366319482451, 0.026937627129954143], "aligned_model": [[-0.35447745172767575, -0.6678654671077238, -0.03515101531321094, 0.326713945751263, 0.5123537661324115, 0.5987419134963303, 0.34213370866406445, -0.20844085513653324, 0.11250934001128089, -0.2827864511552072, -0.37392151250850214, 0.3271425194950316, 0.022748331139647512], [-0.4064962810436953, 0.05425933423123483, 0.10982126441418524, -0.48158541161491947, -0.5830643807472871, -0.006936003328756386, 0.6616306050924614, -0.8051510757752667, -0.41203073794475725, 0.27085059685013274, 0.6345079813582846, 0.08605963377246895, -0.058487297150026825], [-0.31638229788603717, 0.04080630886265762, -0.5506776903928482, -0.5481798980110818, 0.07319379968949191, -0.18852452289895763, -0.316257362043267, 0.18105806634103044, 0.474113204330062, 0.6025754713229796, 0.01179637156361326, 0.665526664317041, 0.04765537884919498]], "inverted": false, "swapped": true, "error_lsq": 0.04827861269703445, "error_max": 0.3014098403630035, "target": "1118.xyz", "model": "9.xyz", "model_rescale": 3.877068213659057, "target_rescale": 4.213570935165987},
{"mapping": [7, 8, 11, 9, 2, 4, 13, 0, 5, 1, 12, 3, 14, 10, 6, 15], "R": [[-0.8181098953324732, 0.48335879177858865, 0.3115453058054841], [-0.41434114439527536, -0.8711387594230713, 0.263512196856324], [0.39877012829486513, 0.08649589725053705, 0.9129626742307275]], "T": [0.0003977211834610664, 0.028485739393523182, 0.14299841911916455], "aligned_model": [[0.2892159843667463, 0.4407528213054844, 0.04431286459647704, 0.6299025431956708, 0.5389798496494492, -0.09466288885912932, 0.15618462066213945, -0.3241362159527248, -0.6771622979337278, -0.2879304778713283, -0.586008911904282, -0.5151302568785282, 0.539894876183537, 0.20682755901881064, -0.29836544448343133, -0.03903506104540806], [0.513150714107202, -0.1766327126575607, -0.6770387010401653, -0.16993026446746712, 0.41363866948711747, 0.6845992169860892, 0.40965572714462367, -0.4092623306251013, 0.14910409246039963, 0.27289135749121196, -0.43445999181680317, 0.3482977598247687, -0.08562773553637436, -0.5430204378159676, -0.13902380231160727, -0.023267309336256134], [-0.4468917762175507, -0.45644861126199254, -0.0690440303890627, 0.14326744488843976, 0.18706506508717202, 0.0067293298703889615, 0.7972754081324702, -0.43736386986560893, -0.22762143415353675, -0.6380517416743297, 0.1449287917162243, 0.32931137666969745, 0.6956669284670676, 0.5090287333317218, 0.6558197324469961, 0.0807754066977276]], "inverted": false, "swapped": false, "error_lsq": 0.04281120268564587, "error_max": 0.3044243249797996, "target": "1118.xyz", "model": "10.xyz", "model_rescale": 4.260839863003843, "target_rescale": 4.213570935165987},
{"mapping": [9, 1, 4, 0, 6, 5, 8, 7, 13, 12, 14, 15], "R": [[0.41606959258883536, 0.8244683491578724, 0.3835857601108959], [0.8816043149181529, -0.2623602069318154, -0.3923530982882506], [-0.22284507183389798, 0.5014170550106849, -0.8360149585406694]], "T": [0.10704839306941553, -0.03033135083204297, -0.04773160495052623], "aligned_model": [[0.361386359027603, 0.2487739631912672, -0.5060265117320241, -0.2854988808356317, -0.7143957793317028, -0.4413188112160768, 0.3093380652788323, 0.6655703829982096, 0.2984210960424891, -0.25125152340143525, 0.20758480934600154, 0.06631547972659832], [-0.016522629095344465, -0.551052816230844, -0.42826767449796294, -0.22606467935888017, 0.21399910898156563, 0.4051850997057597, 0.5266914910767576, 0.04090199914212188, -0.1254545168670986, -0.030090192123727044, 0.4028591613824681, -0.039105846581881626], [-0.7616063787742721, -0.3346283081316939, 0.07582032324108082, -0.5145803870822613, 0.2754525491397161, -0.4442731001496129, -0.39681220249826854, -0.1847027850068236, 0.7155708534745252, 0.6118488796748236, 0.5016310089711256, -0.02754237546283393]], "inverted": true, "swapped": true, "error_lsq": 0.04242972557071178, "error_max": 0.2635994361611234, "target": "1118.xyz", "model": "11.xyz", "model_rescale": 3.890672605050136, "target_rescale": 4.213570935165987},
{"mapping": [12, 6, 11, 13, 14, 1, 4, 2, 3, 0, 8, 5, 7, 15], "R": [[-0.44663955281177703, -0.5473513636087, 0.7077567340688415], [-0.7966209506096218, 0.6034019721196359, -0.03607105615250772], [-0.40731826734621046, -0.5799246026836863, -0.7055347505886936]], "T": [0.0374678696511111, 0.04833062682738177, 0.22818645464330606], "aligned_model": [[0.4122373338507916, 0.11385700835281248, 0.29360202543063607, 0.6423866090033606, 0.7240340090763399, -0.405514645643908, -0.30201815850794156, 0.1630445986931249, 0.027115223424666747, -0.5672664114347027, 0.1378415486307106, -0.23713581204161083, 0.1742716898345388, 0.03342081612487542], [-0.23347316317789218, 0.21527042347028735, 0.4858535155178842, -0.4507779105047892, 0.11940363490624045, -0.2676253915671766, -0.258237457280162, -0.6307485288761014, -0.7283420021085015, 0.18059828120337393, 0.6671532016097755, 0.7027688222808267, 0.0935074457730136, 0.0368016485809866], [-0.3579532698604169, -0.6691494374309777, -0.02995475328037489, 0.11300590967104834, 0.07607979416257926, 0.5065477048790694, -0.35511833878919, 0.7225851427914696, -0.047537371839609543, 0.0634005316709231, 0.5110938016366773, -0.1511943476808249, 0.7894581155720852, 0.18352695385440304]], "inverted": false, "swapped": true, "error_lsq": 0.04084877138337223, "error_max": 0.25305277753508737, "target": "1118.xyz", "model": "12.xyz", "model_rescale": 4.124412569039231, "target_rescale": 4.213570935165987},
{"mapping": [8, 6, 12, 9, 14, 10, 0, 7, 4, 1, 13, 3, 15], "R": [[0.12504677606052728, -0.6682981606088217, 0.7333081700920385], [0.835183178790638, 0.4698782711339442, 0.2858031983399435], [-0.5355673269179457, 0.5767078799904172, 0.616908145103406]], "T": [0.03190941338308674, 0.06229166972921197, -0.03618795968650868], "aligned_model": [[-0.26357466587841527, 0.16905721931956036, 0.5976795771362161, -0.6094529566934043, 0.5909086291872446, 0.22715363314971881, -0.5096105481706014, 0.019952152902008455, 0.01819552083923172, -0.2183707824322364, 0.8183606823716622, 0.484270710972456, 0.04272913480631663], [-0.45368522611869566, 0.6948652452046065, 0.4897194923525342, -0.294661096107628, -0.13551844958329937, -0.631091238701285, 0.40340457431304844, -0.4710223624753158, 0.8027763016853161, 0.14907233653787477, 0.09292438720646559, 0.5957899816674547, 0.10491143052740087], [0.30951396875644693, 0.6118529729378124, 0.21005355235684142, -0.2252242197980287, 0.3484572091030468, 0.3016927325712132, -0.06358870948708456, -0.26249587939793195, -0.0673917180824837, -0.5869834203618385, -0.1303081452138352, -0.47219253066570654, -0.021687731750612074]], "inverted": false, "swapped": true, "error_lsq": 0.052927499719457836, "error_max": 0.3209429600618686, "target": "1118.xyz", "model": "13.xyz", "model_rescale": 3.9028299243045295, "target_rescale": 4.213570935165987},
{"mapping": [10, 4, 0, 8, 5, 14, 12, 3, 9, 7, 6, 11, 12, 2, 1, 15], "R": [[-0.8478657782645894, 0.5290647277471541, 0.03484445295325507], [-0.33997666703433965, -0.49205515659800986, -0.8014347064717934], [-0.4068654420321338, -0.6913553621106424, 0.5970663910829839]], "T": [0.039146889158404204, -0.03338146922726733, 0.0762723160927457], "aligned_model": [[0.1040044583880225, 0.3473783710604586, 0.4847162379737848, 0.6868887626596746, 0.5238451954435962, -0.18917211931586264, 0.28074880842976085, -0.12288599123204105, -0.6352402605549833, -0.4301034423045639, -0.5768237253375821, -0.3755891226734749, 0.28074880842976085, 0.08429950586517912, -0.3866042496925183, -0.05257167308945652], [0.49974843703536515, -0.11298064549380403, -0.682172544100452, -0.29903094381133316, 0.12535879667304645, 0.8201732449709149, 0.2615130338940533, -0.504132632334688, 0.307792214805869, 0.17209554643900593, -0.2857974785504812, 0.37530735720200975, 0.2615130338940533, -0.6573751617353623, -0.15741320222706368, 0.00847519523297597], [-0.4403693400007172, -0.5220759090946119, -0.18402464087345444, 0.4024133615376539, 0.031877344290563506, 0.12490803365031239, 0.6584286813367515, -0.29899843062692233, -0.09591347335682715, -0.6708630654091257, 0.04057045950212705, 0.5310515724134068, 0.6584286813367515, 0.46452852334567335, 0.5511942599098489, 0.023290695784394716]], "inverted": true, "swapped": false, "error_lsq": 0.05021368923693146, "error_max": 0.32907647082989055, "target": "1118.xyz", "model": "14.xyz", "model_rescale": 3.942246331269136, "target_rescale": 4.213570935165987},
{"mapping": [11, 6, 5, 4, 3, 0, 7, 8, 10, 9, 1, 2, 12, 13, 15], "R": [[-0.7275067465708186, 0.041029970979736874, 0.6848725977693552], [0.6799312756458346, 0.17667632776141573, 0.7116733348997764], [-0.09180083928032046, 0.983413451550335, -0.15643078091375118]], "T": [-0.05188748469831558, 0.05816357744473679, -0.02372839394949975], "aligned_model": [[-0.5614868112846413, -0.3978201028822493, -0.29495634834394996, 0.27015832124995237, 0.34833558847512797, 0.31278085268919326, -0.0675212871873965, -0.42997166401199366, -0.6814376594420662, 0.2121483785087461, 0.5385981251511252, 0.3470078071040786, -0.3070532843634418, -0.2630600635564382, -0.05142781557383656], [0.0057198372295147945, -0.6638340239234828, 0.053607368408626004, -0.5621992730558464, -0.5416443615835084, 0.03631018937117791, 0.5596156347280267, 0.5822811114857822, 0.4953374554963555, 0.7100345067402508, 0.20374095685727547, 0.16815269546120643, -0.6270741167768416, -0.3358052717542688, 0.013901981197382639], [-0.2711673714131774, -0.4686620819463285, -0.7908809832854803, -0.27053939074629474, 0.3755247917494254, -0.5499337879365813, 0.2662432012364167, -0.25911315415813074, 0.189834484579974, -0.3062970208449118, 0.036940141666363745, 0.717981129736366, 0.14587414464678364, 0.6308686263589502, -0.037310249282859136]], "inverted": true, "swapped": true, "error_lsq": 0.04798813076199017, "error_max": 0.3051586785782783, "target": "1118.xyz", "model": "15.xyz", "model_rescale": 4.355366556412066, "target_rescale": 4.213570935165987},
{"mapping": [7, 1, 2, 11, 14, 8, 12, 5, 3, 9, 4, 15], "R": [[-0.8545390445586888, -0.027119549858593495, 0.5186786590367785], [-0.26011717736250806, -0.8420272490792412, -0.47257715332949307], [0.4495576440965996, -0.5387528578332675, 0.7124909001599967]], "T": [-0.03435175664726651, -0.002484840077628621, -0.02086072773912097], "aligned_model": [[-0.16678002868968714, 0.5085172286321819, 0.3092800711404709, -0.5129895504141017, -0.6048393462451811, -0.509945844065868, -0.13983799108366182, -0.2480275088982945, 0.4744356350507818, 0.0903367456590897, 0.4215725769412757, -0.02391343339522501], [-0.5435323555580299, -0.24292545534769333, -0.6843300053757012, 0.29902931549215295, -0.0077628785525386615, -0.11364896082301273, 0.37036846575803833, 0.6018196684723379, 0.035375754588552945, -0.272255603003141, 0.5339838512812759, 0.03665463080873955], [0.1388654326257982, 0.12415056630336492, -0.39281827225377985, 0.03966152835173144, -0.4380859964727606, 0.46339707937028624, -0.663728031831495, 0.4657449243918434, -0.6682038699234394, 0.6763997596605585, -0.25283827144413995, -0.04328638756854682]], "inverted": true, "swapped": true, "error_lsq": 0.046917284310018674, "error_max": 0.2741884843375752, "target": "1118.xyz", "model": "16.xyz", "model_rescale": 3.795458400668931, "target_rescale": 4.213570935165987},
{"mapping": [7, 2, 13, 9, 14, 3, 1, 8, 0, 4, 12, 5, 15], "R": [[-0.699019322666847, -0.317740539212537, 0.6406347916553616], [0.6987503026601463, -0.11300379460355325, 0.7063838594826128], [-0.15205262599092584, 0.9414197215621329, 0.3010131339047176]], "T": [-0.03183862469749961, 0.01576225717694177, 0.01120508609999497], "aligned_model": [[0.12168620138956708, -0.13770872839755932, 0.3638431828433944, -0.327779458702499, 0.6349397746096469, -0.31188972404591386, -0.5513693757782059, 0.2789250120599483, -0.557573060839511, -0.46556680999812994, 0.21392575729273056, -0.07245768413464339, -0.040343285394602565], [-0.3821441391074204, 0.13401881008230396, 0.5740276948087888, -0.6816749511441064, 0.2501165204496104, 0.7160722303280768, -0.08910001495624645, -0.564571519651916, -0.10303403931298977, 0.5488487647893021, 0.7131359347857558, -0.20620438612853334, 0.05429036052786029], [-0.3810738135613357, -0.8231539410986991, -0.3888926263708126, -0.011066816455057322, 0.004458387013558145, -0.32119302095124536, -0.2931604878636907, 0.21043232072387058, 0.35738917891634703, 0.2890141432370592, 0.14041470773271356, 0.7836733560695787, 0.03543364344400926]], "inverted": false, "swapped": true, "error_lsq": 0.046555629161544765, "error_max": 0.3164126468970161, "target": "1118.xyz", "model": "17.xyz", "model_rescale": 3.7474275329858107, "target_rescale": 4.213570935165987},
{"mapping": [9, 1, 0, 2, 8, 14, 5, 4, 7, 11, 13, 3, 12, 15], "R": [[0.15596634281097932, -0.8880512110238352, 0.4324806891749825], [-0.9255344966931727, -0.28433683011592625, -0.25007691310983177], [0.3450512937826542, -0.36127221542588445, -0.8662690061523556]], "T": [0.0611909459568271, -0.08686897433478738, 0.014575731830332384], "aligned_model": [[0.5372403542583364, 0.12702114726223174, 0.6116038690349981, -0.5607440394804103, 0.36540548264264605, -0.36457361875797406, 0.7573167635902235, 0.1846878939559094, -0.089263914058317, 0.20954327393137245, -0.6962572848650876, -0.4157745919513875, -0.31421822792745635, 0.06286054024779147], [-0.4724222409237875, 0.06843248376446778, 0.19254611044574207, -0.10093175089427013, -0.6851041483799829, -0.2876040425191553, -0.0828419305072637, 0.6414152592629957, -0.5696361745496171, -0.2533175117115948, 0.04559113455919611, 0.5616407237803815, 0.3492167197719255, -0.04657639058780362], [-0.4317664170913082, -0.5728717481693666, -0.15667118939745495, -0.5636518960421976, 0.1649785698327636, 0.54182409861725, 0.418331791576693, 0.07646122671974534, -0.26841061597311583, 0.5379822070509996, 0.20700511725268828, -0.16231470152022112, 0.4965742002492046, 0.03732407555597482]], "inverted": true, "swapped": true, "error_lsq": 0.04468477399130675, "error_max": 0.30501761614207723, "target": "1118.xyz", "model": "18.xyz", "model_rescale": 3.922800546911778, "target_rescale": 4.213570935165987},
{"mapping": [2, 1, 7, 13, 5, 3, 0, 14, 4, 10, 8, 11, 12, 6, 15], "R": [[-0.9982514018493186, 0.057850400007823044, -0.01214371956219559], [-0.05711153932372237, -0.8909253790264734, 0.45054438303302563], [0.015245024825998068, 0.45045010847536676, 0.8926714339512524]], "T": [0.09474499668623344, -0.01110436176610654, -0.1204083657522872], "aligned_model": [[-0.2296711404907536, -0.2411233381147781, 0.4019504593547361, -0.11840228664024514, 0.38214349162669536, -0.6597604923451204, -0.10356325658673408, 0.3741993434325052, -0.5201811580042821, 0.8121164622610079, 0.7573983583343561, 0.46351441518545916, -0.21099298011938028, -0.07806171600713248, 0.06648467500128455], [0.5483686603274388, -0.15725484221438402, 0.20439024872034847, 0.7203490689271895, -0.6565061779222421, 0.31387029975284597, -0.6180925008194464, 0.4902357701245703, -0.2672539155161505, 0.33295624919327454, -0.1793416388202637, -0.07772541559708285, 0.31381221355138483, -0.2316685549044256, -0.018527959768478146], [-0.6709464524630516, -0.6096723014683736, -0.5619612890882092, 0.09833048661516358, 0.2649290547611884, -0.0535943350053954, -0.17131926101794606, 0.29205279931139766, 0.20475692443271276, -0.1124082643947415, -0.19550538553925062, 0.3076554358935208, 0.4832296156752529, 0.7516037764641315, -0.0844916370130703]], "inverted": false, "swapped": true, "error_lsq": 0.03935937831144839, "error_max": 0.23409252375989154, "target": "1118.xyz", "model": "19.xyz", "model_rescale": 3.9282355846067225, "target_rescale": 4.213570935165987},
{"mapping": [1, 3, 13, 4, 0, 12, 6, 14, 5, 8, 2, 9, 10, 15], "R": [[-0.46507741007278774, -0.5284597379085482, 0.7102346851918854], [-0.5843724357199774, 0.7859137940333298, 0.2021097838275958], [-0.664990119483507, -0.3210448781054842, -0.6743280560910586]], "T": [-0.0633957344104403, -0.10677612155721614, 0.12749613509802382], "aligned_model": [[-0.5158825065338434, -0.0925044682265333, 0.5289328718959826, -0.40770290459319025, -0.6636228954994217, 0.30696007382293256, 0.021967322559202224, 0.6255668563798648, -0.3189184368600487, 0.05156131835396671, 0.04191439156982496, -0.5041117829222351, 0.5258721151396688, -0.06750913600149373], [-0.49012390043792553, -0.7313634137022955, -0.5464701525459419, -0.17358036569861096, 0.0917337953026672, -0.16812543463618676, 0.3702388367632897, -0.003628411325260053, 0.6473376934478859, 0.36568301063901865, -0.9214191729140067, 0.03526071979571732, 0.14866690391816148, -0.10132802118167697], [0.27530310898705135, -0.40952767668218737, -0.16253585014059768, -0.5255498059163504, 0.02418180151498553, -0.5225024349709385, -0.649733417519989, 0.008114516702837082, 0.010676490384647339, 0.6139322212379611, 0.343400173208916, 0.7275716092746348, 0.5971511015137412, 0.08170131964897037]], "inverted": false, "swapped": true, "error_lsq": 0.0462635602383684, "error_max": 0.3887271806216579, "target": "1118.xyz", "model": "20.xyz", "model_rescale": 4.067790424073018, "target_rescale": 4.213570935165987},
{"mapping": [14, 9, 13, 12, 2, 1, 3, 8, 7, 5, 0, 4, 6, 0, 15], "R": [[0.43007789389122164, -0.7526839218179856, -0.49849766200333123], [0.5745383857350198, -0.19772955073063947, 0.7942346429644436], [-0.6963753646583779, -0.6279888045216697, 0.3474066966717184]], "T": [0.04324220282321458, 0.0969808977703529, -0.06929173025096876], "aligned_model": [[0.2830994798224606, -0.06671689460312921, -0.1944466902746563, 0.2329095138277161, -0.7720124207351489, -0.43234963955114236, -0.3939788809512698, 0.365091970198865, -0.2474655442348254, 0.7489882003983236, 0.16688791499521005, 0.11694473382351142, 0.7335012315360833, 0.16688791499521005, 0.06110306466030657], [-0.24742302465566013, 0.8333945354502238, -0.5338726907997015, -0.6271567633322345, -0.030210002014613907, 0.27810800892659737, -0.5565392412572557, 0.6225367149844278, 0.4492438618319491, 0.3490856028112682, 0.3152849649716917, -0.34471158494235876, -0.4434474331356607, 0.3152849649716917, 0.06131722611748312], [-0.6379878682133456, 0.07248141797512352, -0.4862213539090549, -0.12475579887515297, -0.2706134906472881, 0.26916368648928635, 0.17789307935683696, -0.37467121827811845, -0.4259174689456872, 0.2239524196354481, 0.5201213300295076, 0.5214323366272455, 0.1960299459347889, 0.5201213300295076, -0.04577877358795633]], "inverted": true, "swapped": true, "error_lsq": 0.044994058699099816, "error_max": 0.3356661386556533, "target": "1118.xyz", "model": "21.xyz", "model_rescale": 4.186013935880536, "target_rescale": 4.213570935165987},
{"mapping": [3, 2, 13, 6, 0, 12, 4, 1, 10, 7, 9, 11, 15], "R": [[0.23878227446616435, -0.13583632722120653, -0.9615256198395439], [0.8455254482582535, 0.5160403412828509, 0.13707327426000643], [0.4775664788785383, -0.8457250489229537, 0.23807435787128015]], "T": [-0.025442047322645336, 0.029253742567029138, 0.10243447052584768], "aligned_model": [[-0.03532983081353962, -0.4234645430233572, 0.36322957409996165, 0.6608139384738806, -0.31635571089031156, 0.5615709986047794, 0.04467907541940497, -0.5999425328911483, 0.2622462417766942, -0.28758081631774896, -0.6010952636938981, 0.4313969321118828, -0.0015940274333743898], [-0.46585219550321877, 0.21669447579364565, 0.10136182246826755, -0.5308070841896592, -0.3847074443864844, -0.29713854868432016, -0.706318546696462, -0.13008877375626673, 0.7651347538197735, 0.5384217754254249, 0.27959327066428435, 0.14298552284389504, -0.01032236825278681], [-0.5564460346779897, -0.6240585727127762, -0.584615285104091, 0.3354591295440863, 0.4953187531970182, -0.23269096885745827, 0.0433102710558567, -0.03212352672060366, 0.19612604351460017, 0.014041667349232359, 0.5272275608405667, 0.42185753816114263, 0.0994729857457615]], "inverted": true, "swapped": true, "error_lsq": 0.042276468463498834, "error_max": 0.2516358869109293, "target": "1118.xyz", "model": "22.xyz", "model_rescale": 4.166573947596378, "target_rescale": 4.213570935165987},
{"mapping": [3, 9, 14, 10, 8, 2, 0, 12, 6, 11, 6, 1, 7, 13, 5, 15], "R": [[0.3569027600668879, 0.6120601390316535, -0.7056931387403387], [0.2048783590320235, 0.6857644537873295, 0.6983924197198244], [0.9113974313421029, -0.39383943445307645, 0.11935334939874236]], "T": [0.07086948806239843, 0.06737145386850389, -0.009562267581109743], "aligned_model": [[0.13264562074440017, 0.49929904065985453, 0.2031943477310583, 0.5236617982962359, 0.7552248296453113, -0.42472874395123095, 0.1570243270496143, -0.3001003433636378, -0.676035365004514, -0.09672336898455, -0.676035365004514, -0.3767511931477432, 0.3775751373084537, 0.0854577125489028, -0.18964119821305916, 0.029572327735173], [0.53072264215883, -0.005907213008558135, -0.6857822232177612, -0.4529408014865602, 0.48351668127485636, 0.5115499357481633, 0.48268572640925483, -0.3168553655026422, -0.01944719233782262, 0.11262899476533582, -0.01944719233782262, 0.36797038291526096, -0.06667203461228295, -0.6516046827757095, -0.21697078496730066, 0.0796273788688678], [-0.38760464319112375, -0.4237210797823696, -0.21260766503043294, 0.2823204380122666, 0.10250938974149834, -0.10904647662524698, 0.6881820706840234, -0.389210118459905, 0.10749880666160601, -0.7789501519965175, 0.10749880666160601, 0.4566727273260219, 0.6223820619026454, 0.43728629461668594, 0.7268789417163318, 0.04435735150873526]], "inverted": true, "swapped": false, "error_lsq": 0.04947447499673309, "error_max": 0.34949798600309034, "target": "1118.xyz", "model": "23.xyz", "model_rescale": 4.274766983524099, "target_rescale": 4.213570935165987},
{"mapping": [13, 11, 10, 7, 8, 9, 1, 0, 4, 5, 15], "R": [[-0.7095542779482383, -0.265569470481931, -0.652691031800883], [0.6702450731947434, -0.5402576337296144, -0.5088155177026845], [-0.21749544478799404, -0.7984951756553227, 0.5613387443884915]], "T": [0.03803406460631481, -0.0026684566970274215, -0.04146446247628987], "aligned_model": [[0.35579339903754126, 0.08368816709123553, -0.4532215312058448, -0.4884917773734722, -0.4828042408509859, -0.5679078537700455, -0.07792466065335474, 0.13043765130278814, 0.696551488057503, 0.10044720336743891, 0.08332685895527146], [-0.15666446575734555, 0.5617842854082378, 0.42723015288939126, -0.13899622726234523, 0.4416638137684376, -0.08545357271128917, -0.5408567079048572, -0.04553917529285775, -0.15125079330997623, 0.5996800882877513, 0.0039891331283368175], [-0.7511241032709447, -0.09602334781508634, -0.4963475796781456, -0.2413829064696916, 0.02448335376057103, 0.4062817720657052, 0.2239666591874515, 0.5909723819414492, 0.26473372139773443, 0.4885422896546284, -0.0345358067520946]], "inverted": true, "swapped": true, "error_lsq": 0.04278381064356599, "error_max": 0.19117348399224188, "target": "1118.xyz", "model": "24.xyz", "model_rescale": 3.7841303162186577, "target_rescale": 4.213570935165987},
{"mapping": [7, 11, 13, 3, 6, 0, 1, 14, 10, 10, 9, 8, 4, 5, 2, 15], "R": [[-0.7943434258917891, 0.4624035503854519, -0.39395618834259344], [-0.3945927982128109, 0.1003092896328387, 0.913364423443315], [0.4618604175950564, 0.8809772999369986, 0.10278108607441311]], "T": [-0.030858368942474013, 0.02752544286494165, 0.0904324783225772], "aligned_model": [[0.12626239039508969, 0.4368015242298208, 0.22836628954743038, 0.645641173333102, 0.6665180671155069, -0.16109950686101493, 0.005270545434116897, -0.44445812505808696, -0.45115285993667065, -0.45115285993667065, -0.5380052635529053, -0.3631858783806566, 0.38881973410813064, 0.20241215536739326, -0.305709036076983, 0.038311214322151996], [0.5090515096029558, -0.03676793430910428, -0.5957871902171294, -0.3949416713723666, 0.212701017035931, 0.7516326591220589, 0.5748296167659847, -0.5142762726886012, 0.18776834311975774, 0.18776834311975774, -0.26236207240878695, 0.30469922333564853, 0.026985627246883255, -0.6000635422659316, -0.2497176586291567, 0.03155425443620837], [-0.31730674487929267, -0.515032760260382, -0.3048951518048001, 0.20388640871764382, 0.12788331816018578, 0.08443792165462499, 0.5926169430162488, -0.3153816479407958, -0.5443350846759215, -0.5443350846759215, 0.12056492431595028, 0.49316179874642474, 0.7073395550183303, 0.6570502274924064, 0.7357125736121113, 0.09307955724901203]], "inverted": true, "swapped": false, "error_lsq": 0.04661767855405571, "error_max": 0.4434791085973539, "target": "1118.xyz", "model": "25.xyz", "model_rescale": 4.19342608120988, "target_rescale": 4.213570935165987},
{"mapping": [7, 1, 2, 11, 14, 8, 12, 5, 3, 9, 4, 15], "R": [[-0.8545390445586888, -0.027119549858593495, 0.5186786590367785], [-0.26011717736250806, -0.8420272490792412, -0.47257715332949307], [0.4495576440965996, -0.5387528578332675, 0.7124909001599967]], "T": [-0.03435175664726651, -0.002484840077628621, -0.02086072773912097], "aligned_model": [[-0.16678002868968714, 0.5085172286321819, 0.3092800711404709, -0.5129895504141017, -0.6048393462451811, -0.509945844065868, -0.13983799108366182, -0.2480275088982945, 0.4744356350507818, 0.0903367456590897, 0.4215725769412757, -0.02391343339522501], [-0.5435323555580299, -0.24292545534769333, -0.6843300053757012, 0.29902931549215295, -0.0077628785525386615, -0.11364896082301273, 0.37036846575803833, 0.6018196684723379, 0.035375754588552945, -0.272255603003141, 0.5339838512812759, 0.03665463080873955], [0.1388654326257982, 0.12415056630336492, -0.39281827225377985, 0.03966152835173144, -0.4380859964727606, 0.46339707937028624, -0.663728031831495, 0.4657449243918434, -0.6682038699234394, 0.6763997596605585, -0.25283827144413995, -0.04328638756854682]], "inverted": true, "swapped": true, "error_lsq": 0.046917284310018674, "error_max": 0.2741884843375752, "target": "1118.xyz", "model": "26.xyz", "model_rescale": 3.795458400668931, "target_rescale": 4.213570935165987},
