[{"mapping": [9, 1, 10, 11, 2, 12, 13, 4, 6, 3, 0, 7, 8, 14], "R": [[-0.30994249384040296, -0.3517887236259538, 0.883278180666552], [0.9336547328560352, 0.06279042058267356, 0.3526275696802174], [-0.1795118111086773, 0.9339711221513614, 0.3089877872340739]], "T": [0.003813725216245102, 0.0929938197553746, 0.07938767387675785], "aligned_model": [[0.015111642222948925, 0.3635945659391409, -0.570388077912156, -0.32053011540056153, -0.5699923436985126, 0.10246030764553396, -0.7124055097224224, -0.01294371351709258, -0.6493266495015836, 0.3041264326104439, 0.6552730021693696, 0.262588097236203, 0.5765569491790076, -0.0726324861220157], [-0.6185566215856146, -0.01740482582502241, -0.3002758905755435, -0.4826543212728591, 0.2590451662797457, 0.473791614085706, 0.07286577775579686, 0.4660080907256148, 0.6554367785383344, -0.08378619641797805, 0.3299799340871167, 0.7006106021046816, -0.3655493695319294, 0.14576259344198533], [0.39192594279523907, -0.29566689083722764, 0.34286386911757205, -0.2127553403826172, 0.5936116551761302, -0.6505738522354538, -0.06907806125672136, 0.6351000634477524, 0.09952581679020955, 0.7643006398813403, 0.16549147129417563, -0.07036675218490371, 0.12681041383939648, 0.07639911173494124]], "inverted": true, "swapped": true, "error_lsq": 0.05904934452399991, "error_max": 0.3808882555154567, "target": "1119.xyz", "model": "0.xyz", "model_rescale": 3.8414455957264533, "target_rescale": 4.229624484266157},
{"mapping": [8, 10, 7, 13, 9, 3, 2, 6, 12, 11, 0, 1, 5, 4, 14], "R": [[-0.38332736379431587, 0.848990119858763, -0.36369755092480793], [0.3840197228380444, -0.2116236982107383, -0.8987459389766397], [-0.8399934432112501, -0.4841809442117826, -0.2449077961688741]], "T": [-0.049214764027066635, -0.07697224093266603, 0.057066287380236315], "aligned_model": [[0.12744437430390465, 0.01873627297919153, -0.30159760583152045, 0.3996681673669619, -0.3143439886814002, -0.03935139691299343, -0.7633611235905268, -0.6460325598637677, 0.5381279085892042, 0.8019419403215915, 0.24166410540508593, 0.4915944483151857, -0.40937755854926283, -0.23928103673614842, 0.0032542846692717106], [-0.05487576555475386, 0.5511186730461084, -0.641973676474884, -0.5885460830730229, -0.5698411953888541, 0.43271649787279637, -0.05567532553253862, 0.22347625853396363, 0.21442765858649276, -0.0628951852773168, -0.5515074256627726, 0.24961347908739534, 0.46506962096228804, -0.12402305248795881, -0.013959029389558883], [-0.7127425798852707, -0.20611760414329847, 0.23036164546308432, -0.27706440348815237, -0.3331853852118196, 0.6516224122028856, 0.24185304592945514, -0.34736713300501676, -0.3333235528452399, 0.09706007785301987, 0.5215264162160741, 0.648137395195085, 0.16097088967439432, 0.5644894519664186, 0.09367684825156636]], "inverted": false, "swapped": false, "error_lsq": 0.042036289789185936, "error_max": 0.2802139061697033, "target": "1119.xyz", "model": "1.xyz", "model_rescale": 4.316132596720782, "target_rescale": 4.229624484266157},
{"mapping": [2, 4, 6, 11, 13, 10, 5, 9, 7, 3, 1, 14], "R": [[-0.3055406206662975, 0.13848597291956188, -0.9420544381443019], [0.6448283039141789, 0.7580571911821006, -0.09770237135437382], [0.7006007333667426, -0.6373154087275994, -0.32091693972795515]], "T": [0.13817076779822665, 0.12808985641688442, -0.058770725031417025], "aligned_model": [[-0.1568523017710736, 0.4114786588708058, -0.030721935836107356, -0.4984648534612064, -0.45298243650378456, -0.524463528693172, -0.35638977866159094, -0.25270884237502056, 0.6954869496136056, 0.3398452932972994, 0.3137014972833466, 0.10987983286867908], [-0.5803082558777939, -0.42299398287110834, -0.5903182974267784, 0.4671183671502181, -0.17203117171309867, -0.09550113452935977, 0.3502234429838046, 0.39641132565699183, -0.018481531073869656, 0.017904354501014116, 0.6057087593419173, 0.05504455159904366], [0.12119110500091554, 0.2055134341157617, -0.5045340646199299, -0.0996608784846498, -0.3684196594672685, 0.19561351017051706, -0.5972433771241022, 0.5571258267818305, -0.4144450420514534, 0.6745308556801964, -0.21162747949508745, -0.1087857692973088]], "inverted": false, "swapped": true, "error_lsq": 0.05332313567650138, "error_max": 0.2732202194884439, "target": "1119.xyz", "model": "2.xyz", "model_rescale": 3.795458400668931, "target_rescale": 4.229624484266157},
{"mapping": [0, 1, 9, 13, 4, 2, 11, 7, 5, 6, 3, 14], "R": [[-0.9889525744285096, 0.1330239500974052, 0.06540209653907468], [-0.1393063755175331, -0.9848401320076089, -0.10336173434789159], [0.050661023197241487, -0.11133078230084936, 0.9924912682945325]], "T": [0.016004027245794313, -0.07227886150667685, -0.015015792034604715], "aligned_model": [[-0.007177652780769466, -0.0759310474346219, -0.7228629436056547, 0.2732466633405348, 0.1750981543003194, 0.1807186422850494, -0.30039140572235334, 0.5240118622544169, 0.19728937831070065, 0.7185427175208617, -0.4575435448495707, 0.08830300212465236], [-0.1327202378834884, -0.5524029075638177, 0.05151000420259724, -0.0007910490529947217, 0.5329009305794365, 0.6133790651382597, -0.3777066782839037, -0.14951447368486587, -0.5608641473925934, 0.26967323223336065, 0.4324973906191386, -0.04019208362141953], [-0.7105622833469164, -0.22316209455108924, 0.1920198550192865, 0.666257225136344, -0.2530981223542517, 0.3371135316105284, 0.5581552371804721, -0.45609562348603166, 0.5438279261483034, 0.34946758210539114, -0.3489294030094787, 0.033777600186542314]], "inverted": false, "swapped": true, "error_lsq": 0.045349232030330956, "error_max": 0.24520323200684413, "target": "1119.xyz", "model": "3.xyz", "model_rescale": 3.7530521520055578, "target_rescale": 4.229624484266157},
{"mapping": [10, 4, 3, 0, 9, 7, 11, 13, 5, 1, 14], "R": [[0.6047001151636888, 0.2787915789309423, -0.7460650281565366], [-0.7446298169713073, 0.5302751037712267, -0.4053822270372648], [0.2826025590795298, 0.8006769447396417, 0.5282539387113871]], "T": [-0.04162838957412748, 0.04620902453477206, -0.011991461268938125], "aligned_model": [[-0.43776305300251905, -0.132717913666767, 0.352302202813468, 0.5048388230966324, 0.2206237570430831, -0.002837335455373652, -0.18732068479096695, -0.7233460437473388, -0.42856249832433, 0.3038813280626088, -0.13089897958329214], [-0.5832264572905377, 0.06128442945363853, -0.34680661831820814, 0.39802562295760985, -0.6803753302803286, 0.691902839121134, -0.37175877755613396, -0.11997564286387215, 0.09277472265935356, 0.25916193209840127, 0.06619663833328952], [0.014023609133855424, -0.6750994078283011, -0.5419934048464082, -0.2680659394858801, 0.07409471632303626, -0.21239971922547907, 0.5589673126592868, 0.19551974659648677, 0.6452755261047649, 0.33089355588526204, -0.0283852180713072]], "inverted": false, "swapped": true, "error_lsq": 0.04778094028706815, "error_max": 0.289205794713258, "target": "1119.xyz", "model": "4.xyz", "model_rescale": 3.7855080009869324, "target_rescale": 4.229624484266157},
{"mapping": [5, 3, 6, 4, 7, 14, 8, 10, 0, 1, 11, 12, 9, 13, 16], "R": [[-0.5326897809939688, -0.8389629035007139, -0.11127822686514001], [0.7524542078594815, -0.4093190917427707, -0.5160140949716717], [0.38736838061354173, -0.35860720528807744, 0.8493212643142269]], "T": [-0.04818865038118575, 0.012764097167019962, 0.1167586508877522], "aligned_model": [[0.00538843113482039, 0.046565549070451684, -0.0743058811400085, 0.32997956025466985, -0.3002439999989048, -0.04934319499989216, -0.6933926914228858, -0.6248843661889918, 0.5527931116360094, 0.7001255259689714, 0.3004262908183582, 0.30983457514204976, -0.275754956224879, -0.2700086350998651, -0.048093087165127085], [0.03512808080942984, 0.5377861726738766, -0.6358868940580159, -0.4952186766795209, -0.46743273989054707, 0.531292302848299, -0.23317273927374718, 0.1661173240973826, 0.06807009681983986, -0.0977638221288652, -0.4815328883511034, 0.06265566006199957, 0.6791021160585047, -0.2581513535399441, 0.062132809799796476], [-0.6905409175446685, -0.32797730146599213, 0.18492645785872078, -0.2652663349508668, -0.4002022473288406, 0.5512981375544369, 0.25290817115347974, -0.30141489350889106, -0.3774437888529102, 0.14698134962360357, 0.633067028875631, 0.6932961301100379, 0.011301359658229787, 0.7510049372963096, 0.1379594356949056]], "inverted": false, "swapped": false, "error_lsq": 0.039783658510171745, "error_max": 0.20437183249075697, "target": "1119.xyz", "model": "5.xyz", "model_rescale": 4.2253639853439635, "target_rescale": 4.229624484266157},
{"mapping": [11, 9, 2, 13, 10, 4, 6, 5, 0, 1, 3, 7, 12, 14], "R": [[-0.08388898756056723, 0.8840181243481577, 0.45986366848233257], [0.19858929707399026, 0.46706460206257366, -0.8616338831474705], [-0.9764860105775823, 0.019042408568651525, -0.21473811450737634]], "T": [0.02287553351914943, 0.077772267956728, 0.006315806461580115], "aligned_model": [[0.4295177779672689, -0.18650490601470512, -0.4360958871127025, 0.2583984844967909, -0.11167465650356848, -0.5732246000293618, 0.003871176547965073, 0.7052570308629885, -0.17372734837347034, 0.3632565040468827, -0.662020729632194, 0.05402191927018655, 0.6752624359143674, 0.027724951317335753], [-0.2543701015054797, -0.016459868652485707, -0.542816651099419, -0.6109282722056507, -0.5593540277258297, 0.019812466316554964, -0.5194207803831333, -0.26337909319198466, 0.7302585227575741, 0.4733971955995775, 0.2663950648364148, 0.40741605661327046, 0.3071198814061701, 0.007428753869410359], [-0.4899107359906567, -0.736241921267706, 0.16590084942377284, 0.08140049612880257, -0.35389914457865657, 0.30555151656374246, 0.6278777689413758, -0.03678294429302589, 0.15988815414021357, -0.093272106159609, -0.28674257775646184, 0.5970387475995685, 0.4638886856667521, 0.06686142051333666]], "inverted": false, "swapped": true, "error_lsq": 0.048355359862811746, "error_max": 0.2880095812862682, "target": "1119.xyz", "model": "6.xyz", "model_rescale": 3.89814844738969, "target_rescale": 4.229624484266157},
{"mapping": [4, 3, 2, 0, 6, 9, 8, 7, 1, 11, 10, 5, 14], "R": [[-0.8350892655910481, -0.4890362864954719, 0.2519313973789749], [0.4703280873355225, -0.3971614731236996, 0.7880699553526465], [-0.28533735955516465, 0.7765991725188301, 0.5616727841770109]], "T": [-0.07494229779056757, -2.1522359229447785e-05, 0.03521707403773805], "aligned_model": [[0.33241139713339574, -0.24187998232505167, 0.5375473696732667, -0.3098854985535789, 0.7622592021573282, -0.5241769756778734, -0.7691725980144982, 0.16011187550271858, -0.4755641272478204, -0.34527847899900366, 0.07680600641629748, -0.0669446324590525, 0.01239824329809408], [-0.12887985118388798, 0.06020824559181817, 0.38994421067511964, -0.5953176514779577, 0.0656734115060782, 0.550848596014436, -0.06783368007220697, -0.6308305002936332, -0.25133538400051014, 0.5602856478544851, 0.7241887947740946, 0.27125442514585385, 0.015575000936795733], [-0.4802392445260923, -0.7124786206647973, -0.27143564755195565, -0.24478235973943013, 0.23045487755054386, -0.2791746559843481, -0.1971433675608633, 0.10882608779739497, 0.2773730847401942, 0.40249282076302123, -0.04403158504390153, 0.7495220922910828, 0.06289154876544742]], "inverted": false, "swapped": true, "error_lsq": 0.055241030510342654, "error_max": 0.30865652755672185, "target": "1119.xyz", "model": "7.xyz", "model_rescale": 3.7474275329858107, "target_rescale": 4.229624484266157},
{"mapping": [10, 0, 9, 7, 11, 2, 13, 12, 6, 5, 8, 3, 1, 4, 14], "R": [[-0.6577633018193817, -0.751638659972158, -0.04885451478547492], [-0.11674531083301487, 0.16581136432706545, -0.9792227141250862], [0.7441222824093956, -0.6383932301452266, -0.1968149194715073]], "T": [-0.06475023347290207, -0.012643376610749393, 0.0360340815092217], "aligned_model": [[0.027055721519921694, 0.20565056099949983, 0.10961311025454062, 0.3191768958722152, -0.26296905580430074, -0.12366560595155364, -0.9092509996139013, -0.5943172667753952, 0.6571866021762428, 0.5788070295711382, 0.1526499782709113, 0.5361107303183851, -0.29333072826736656, -0.38908967463431676, -0.10454106615124359], [0.0010330775334947834, 0.5351428025450315, -0.7517226465619699, -0.4224356671622226, -0.5012303979282506, 0.427150278667302, -0.21073828191098293, 0.026196765049052363, 0.1343152460960796, -0.30569383366978586, -0.25395700031434215, 0.27078080969763163, 0.6947039043305138, -0.175119293650928, 0.00469968652676055], [-0.7167261598147728, -0.21100225165164366, 0.09685921760405829, -0.3493850019329606, -0.2933167597884926, 0.7513661830625623, 0.2720186004377437, -0.2781200517349526, -0.31631300155342573, 0.14995046673383172, 0.6357967002220842, 0.30579577225097637, 0.1465447216954594, 0.7293098918001766, 0.07711919684254126]], "inverted": false, "swapped": false, "error_lsq": 0.05104524933154231, "error_max": 0.4039771793739704, "target": "1119.xyz", "model": "8.xyz", "model_rescale": 4.019505241142653, "target_rescale": 4.229624484266157},
{"mapping": [3, 4, 10, 9, 8, 11, 13, 0, 1, 7, 6, 5, 14], "R": [[-0.5550492715593742, -0.5901024324785801, -0.5862588381630345], [0.6577710114874457, 0.12004821630055867, -0.7435897539704519], [0.5091734503960228, -0.7983530202522675, 0.32151959888301035]], "T": [-0.009205749007239902, -0.0866724925393998, 0.08714086373936303], "aligned_model": [[-0.3493111291188524, -0.6426998007432836, 0.20313892511478437, 0.33371351556155093, 0.23105011397641673, 0.6590923201004916, 0.19904347763420055, -0.33429933156778796, 0.26247279904613285, -0.4132368285871937, -0.3602650338927673, 0.567961783128437, -0.03696003891095284], [-0.582814878542434, -0.06844944661102927, 0.22830415242953483, -0.4263166838611546, -0.7798076321217624, 0.06811852047971444, 0.5877620137518433, -0.6099840398259173, -0.3627956903072378, -0.06660705906646437, 0.7004756590128247, 0.3734699221288932, 0.0020233906472480606], [-0.3911014708277798, -0.12870613076185666, -0.5527715785012706, -0.5220881936182117, 0.0382903583099132, -0.13943072122059902, -0.1056999032330817, 0.4164350466496963, 0.45079287733495926, 0.630229238725338, 0.10939264512101915, 0.2847082181253841, 0.08665310794036846]], "inverted": true, "swapped": true, "error_lsq": 0.05202543863691985, "error_max": 0.31060057490697385, "target": "1119.xyz", "model": "9.xyz", "model_rescale": 3.877068213659057, "target_rescale": 4.229624484266157},
{"mapping": [12, 11, 4, 5, 3, 9, 13, 6, 0, 1, 7, 8, 10, 2, 15], "R": [[0.2228366373328013, -0.003629370930209881, 0.9748490450981939], [-0.07175893129167749, -0.99734127591299, 0.01268996217982634], [0.9722111338809518, -0.07278191414699162, -0.22250461597686916]], "T": [-0.11473188189972458, -0.022279221790899577, 0.08491183236570235], "aligned_model": [[0.031186367714294172, 0.205834924564863, -0.08005273162963264, 0.3087780104147301, -0.289002338851966, -0.15703818048941937, -0.8375412196856479, -0.5527106985343877, 0.5654281255817348, 0.6430706703911973, 0.3466603933528344, 0.45356840847761215, -0.40175866929363824, -0.2868910808521799, -0.0404457493756174], [0.1495037497745239, 0.6105482746382792, -0.6679732186068965, -0.45352610453390235, -0.5076914948275872, 0.4207226290505751, -0.23313297759008875, 0.05646449299511017, 0.17646255957883977, -0.4443163966279755, -0.39919710991082974, 0.28548747757945947, 0.6175506337284213, -0.13920786606625343, 0.0014308000657092396], [-0.627403891750552, -0.11861103765134826, 0.2848300625431893, -0.4107301144858241, -0.28490714463147404, 0.5723591024886567, 0.2601997407864547, -0.34202909877799526, -0.2779243623483776, 0.06196569978658406, 0.6428873187172865, 0.5063823230572898, -0.022065542645708994, 0.7150263142763165, 0.03991815480868839]], "inverted": true, "swapped": false, "error_lsq": 0.03272264656509137, "error_max": 0.23185919738490088, "target": "1119.xyz", "model": "10.xyz", "model_rescale": 4.260839863003843, "target_rescale": 4.229624484266157},
{"mapping": [12, 6, 2, 13, 9, 11, 1, 7, 4, 3, 8, 14], "R": [[-0.590284826985777, 0.3988674911110733, -0.7017610330911298], [0.7312759208851947, 0.6323384550148294, -0.2557021819284492], [0.34175919967702784, -0.6641180639345815, -0.6649419873882991]], "T": [0.03683221279533837, 0.0756827996176809, -0.043193978195531904], "aligned_model": [[0.5793340920053831, 0.08963251777235991, -0.3004800769301686, -0.35330131268512494, -0.5888356085942453, -0.5192270231014241, 0.2572409963203511, 0.6953989452553946, 0.17029339214443845, -0.10578248188407847, 0.000318133965409681, 0.03430707482583501], [0.17909568426060463, -0.7284495629408898, -0.6121681510200012, -0.3385468953476245, 0.4143595427705914, 0.3318474411191187, 0.5309597233796352, -0.0768966984229654, -0.38282319542530785, 0.1296836092450282, 0.7341612219029714, -0.008144213988226762], [-0.6617240294778385, -0.34966297671150554, 0.14210104671424506, -0.5032231046481148, 0.26977516399704565, -0.4267237066576471, -0.20579450600812216, -0.0831698910238325, 0.4260576431543069, 0.7099923392339385, 0.2817959643172667, -0.08324586549423761]], "inverted": false, "swapped": true, "error_lsq": 0.05253513222464851, "error_max": 0.28217841766680885, "target": "1119.xyz", "model": "11.xyz", "model_rescale": 3.890672605050136, "target_rescale": 4.229624484266157},
{"mapping": [9, 10, 2, 3, 4, 1, 11, 0, 8, 12, 6, 13, 7, 14], "R": [[0.07169284949716792, -0.9205897680257549, -0.38389401445876103], [-0.7530911805189666, -0.3023237403246047, 0.5843406796216489], [-0.6539983250403061, 0.24721414814372591, -0.71496248559071]], "T": [0.03317945067549316, -0.04220397863365445, 0.1330781614203327], "aligned_model": [[0.2535936953191987, 0.2232098317687147, 0.542397451660698, 0.7010594879441552, 0.6305145026076819, -0.33907121672419366, -0.34123682541784406, 0.1728494552035681, 0.043753831339980426, -0.6386596633516026, 0.09968282417264304, -0.14335887000865935, -0.028873960555135525, 0.034015290834488746], [-0.4295063860309245, 0.2375136985501513, 0.5174454461859134, -0.4133345106993604, 0.14608449493249548, -0.39459403043817587, -0.051910969971165136, -0.48036710307088526, -0.7706342183217852, 0.09424381965007099, 0.80640132263709, 0.5653800101855474, 0.05487289489151338, 0.05055805132727942], [-0.5037312677044501, -0.52982074231289, -0.08769843634560104, 0.050962076951358876, 0.3696685341711373, 0.2728877920605411, -0.48468836123320713, 0.6588926135444411, 0.03396639781958563, 0.5995501768753907, 0.27014135757366364, -0.23447200242150137, 0.8003968054826185, 0.1387354908957738]], "inverted": false, "swapped": true, "error_lsq": 0.05606117605855704, "error_max": 0.3450317266488483, "target": "1119.xyz", "model": "12.xyz", "model_rescale": 4.124412569039231, "target_rescale": 4.229624484266157},
{"mapping": [7, 0, 3, 12, 4, 6, 1, 13, 8, 11, 10, 9, 14], "R": [[-0.22325802662972083, 0.9674633376481708, -0.11904009346461562], [-0.8428744353008387, -0.13026546253406668, 0.5221049660624554], [0.48961060023420133, 0.21689997597382812, 0.8445329244978301]], "T": [0.07968263097412544, 0.09510891321113177, 0.00648970498775839], "aligned_model": [[-0.26875079349961606, -0.13232041538498363, 0.6213411782830981, -0.6916514275245864, 0.5192002383526524, 0.23703482250639052, -0.3748886464440788, 0.21836695983691368, -0.0058545505377550905, 0.04597838292254873, 0.609284041185708, 0.49382905627540286, 0.09572946153806342], [-0.1059589449237737, 0.46721962195793476, 0.5646307539100801, -0.2011820546629919, -0.039563504302639996, -0.7464754614126003, 0.367337916815325, -0.47116709401842083, 0.8243460982606673, 0.1418832583009689, -0.05539916636898615, 0.598247227903137, 0.0035667250497773556], [0.5512415595660145, 0.5583626981795382, 0.2834372209103316, 0.07604091311539582, 0.49323843974555676, 0.10805743598660214, -0.032910347716611804, -0.43568146734669516, -0.03148517911513579, -0.7136446118591543, -0.4941680079471918, -0.41712145839072245, 0.00633088583991156]], "inverted": true, "swapped": true, "error_lsq": 0.04485798227613311, "error_max": 0.3051273332939473, "target": "1119.xyz", "model": "13.xyz", "model_rescale": 3.9028299243045295, "target_rescale": 4.229624484266157},
{"mapping": [12, 5, 6, 2, 1, 10, 9, 11, 8, 0, 3, 4, 13, 7, 15], "R": [[0.2913261143666291, -0.8287813053975226, -0.4777558402695043], [0.7708583660981909, -0.09236034813196464, 0.6302752934308702], [-0.5664860761788139, -0.5518977386405208, 0.6119660215886257]], "T": [0.006335476451042366, -0.03891338531110175, 0.03392142424420808], "aligned_model": [[-0.12649341978376638, 0.24437602437953765, -0.24553209378882468, 0.4039322111722491, -0.2871677647398597, -0.22945069726120706, -0.6740127004314009, -0.6444828733650334, 0.589689466691566, 0.8119637311556636, 0.2816589113270619, 0.3790499316635336, -0.17755235421968865, -0.3388433561042683, -0.07804878491078553], [0.2646715735882529, 0.41110631071617876, -0.6357378864234167, -0.5076840333545795, -0.4782457892251095, 0.45538186935677594, -0.22979516482005782, -0.08370927932019506, 0.16886573140354308, -0.17103876163856643, -0.44145564838874574, 0.18909502838033823, 0.7114746676658271, -0.11539058114782522, -0.06441258754503568], [-0.5779878386502226, -0.020123042489846817, 0.19131108140991518, -0.37144345537379303, -0.34428703946909955, 0.5393219421979681, 0.3525685032013076, -0.31290056433283125, -0.42763368653387074, 0.17787422691452967, 0.42231063352086917, 0.5520520757639551, -0.15516688178220922, 0.86796624792569, 0.10603532187082393]], "inverted": false, "swapped": false, "error_lsq": 0.04389248476217589, "error_max": 0.3213507800850166, "target": "1119.xyz", "model": "14.xyz", "model_rescale": 3.942246331269136, "target_rescale": 4.229624484266157},
{"mapping": [2, 6, 3, 5, 1, 11, 12, 0, 9, 10, 4, 11, 8, 13, 14], "R": [[0.8593262046094042, 0.5071816230136088, -0.06576682559526772], [-0.4421134167346201, 0.801335606845155, 0.40298507657895677], [0.257087924288242, -0.3172192403991113, 0.9128404859041772]], "T": [0.0420558285210981, -0.042890834388867385, 0.045299266335424346], "aligned_model": [[-0.05432718633601116, 0.2653146634347769, -0.057617501297878404, 0.10906483563948965, -0.46726864502383725, 0.157322949120999, -0.664967585506581, -0.45662278309692705, 0.6767406751694545, 0.7159780905602191, 0.2488266621709969, 0.157322949120999, -0.33865874306767696, -0.34800723573729964, -0.03401491336594645], [-0.02513002609711608, 0.46975515026353093, -0.7504132513183528, -0.45931142296842936, -0.5930327295086326, 0.3913119443618298, -0.37660833587095127, 0.18526635604447306, 0.15083961054278927, -0.08094267124395281, -0.3273060627949633, 0.3913119443618298, 0.6300661795634829, -0.0851426316592306, -0.04753860442892281], [-0.7116966298062684, 0.033510441492351065, 0.12292134673593784, -0.42891929568126097, -0.26222945047461027, 0.6041306026886493, 0.2836829473707438, -0.4445797203914416, -0.41055813052668266, 0.2763433281141043, 0.5143597924139242, 0.6041306026886493, 0.07733360166649099, 0.7573353876341191, -0.015867299751519973]], "inverted": false, "swapped": false, "error_lsq": 0.04997463766388565, "error_max": 0.3012906703393288, "target": "1119.xyz", "model": "15.xyz", "model_rescale": 4.355366556412066, "target_rescale": 4.229624484266157},
{"mapping": [2, 4, 6, 11, 13, 10, 5, 9, 7, 3, 1, 14], "R": [[-0.3055406206662975, 0.13848597291956188, -0.9420544381443019], [0.6448283039141789, 0.7580571911821006, -0.09770237135437382], [0.7006007333667426, -0.6373154087275994, -0.32091693972795515]], "T": [0.13817076779822665, 0.12808985641688442, -0.058770725031417025], "aligned_model": [[-0.1568523017710736, 0.4114786588708058, -0.030721935836107356, -0.4984648534612064, -0.45298243650378456, -0.524463528693172, -0.35638977866159094, -0.25270884237502056, 0.6954869496136056, 0.3398452932972994, 0.3137014972833466, 0.10987983286867908], [-0.5803082558777939, -0.42299398287110834, -0.5903182974267784, 0.4671183671502181, -0.17203117171309867, -0.09550113452935977, 0.3502234429838046, 0.39641132565699183, -0.018481531073869656, 0.017904354501014116, 0.6057087593419173, 0.05504455159904366], [0.12119110500091554, 0.2055134341157617, -0.5045340646199299, -0.0996608784846498, -0.3684196594672685, 0.19561351017051706, -0.5972433771241022, 0.5571258267818305, -0.4144450420514534, 0.6745308556801964, -0.21162747949508745, -0.1087857692973088]], "inverted": false, "swapped": true, "error_lsq": 0.05332313567650138, "error_max": 0.2732202194884439, "target": "1119.xyz", "model": "16.xyz", "model_rescale": 3.795458400668931, "target_rescale": 4.229624484266157},
{"mapping": [4, 3, 2, 0, 6, 9, 8, 7, 1, 11, 10, 5, 14], "R": [[-0.8350892655910481, -0.4890362864954719, 0.2519313973789749], [0.4703280873355225, -0.3971614731236996, 0.7880699553526465], [-0.28533735955516465, 0.7765991725188301, 0.5616727841770109]], "T": [-0.07494229779056757, -2.1522359229447785e-05, 0.03521707403773805], "aligned_model": [[0.33241139713339574, -0.24187998232505167, 0.5375473696732667, -0.3098854985535789, 0.7622592021573282, -0.5241769756778734, -0.7691725980144982, 0.16011187550271858, -0.4755641272478204, -0.34527847899900366, 0.07680600641629748, -0.0669446324590525, 0.01239824329809408], [-0.12887985118388798, 0.06020824559181817, 0.38994421067511964, -0.5953176514779577, 0.0656734115060782, 0.550848596014436, -0.06783368007220697, -0.6308305002936332, -0.25133538400051014, 0.5602856478544851, 0.7241887947740946, 0.27125442514585385, 0.015575000936795733], [-0.4802392445260923, -0.7124786206647973, -0.27143564755195565, -0.24478235973943013, 0.23045487755054386, -0.2791746559843481, -0.1971433675608633, 0.10882608779739497, 0.2773730847401942, 0.40249282076302123, -0.04403158504390153, 0.7495220922910828, 0.06289154876544742]], "inverted": false, "swapped": true, "error_lsq": 0.055241030510342654, "error_max": 0.30865652755672185, "target": "1119.xyz", "model": "17.xyz", "model_rescale": 3.7474275329858107, "target_rescale": 4.229624484266157},
{"mapping": [6, 2, 13, 4, 12, 1, 5, 9, 7, 11, 0, 3, 8, 14], "R": [[-0.161284275482861, 0.06888047740702963, 0.9845013267203596], [0.7921845587710996, -0.5859018245535241, 0.17077083131931375], [0.5885838999892935, 0.8074493989204716, 0.039930700674570996]], "T": [-0.0042523792028877246, -0.03680093795484442, 0.041691758591467475], "aligned_model": [[0.4595329011190041, 0.27174665056274516, 0.7000681629345735, -0.2850751665182411, 0.12106898507842599, -0.155123170956868, 0.6470809579779405, 0.004356195981879179, -0.29849238821967333, 0.5179194074911291, -0.6693700469503934, -0.5098621752447013, -0.44378256942774635, 0.054779904054802514], [-0.38038254461377957, 0.22780974874650411, -0.03616242237725127, 0.03423277076449531, -0.8030965434148976, -0.23142803706588877, -0.2567126325301513, 0.7038726163655588, -0.6246214759399606, 0.2525949309602674, -0.23540190468865124, 0.5006850794700168, 0.27947017856669176, -0.0704515227317202], [-0.598772814272237, -0.6475531016731642, -0.1566750009743462, -0.5619053689473222, 0.332668628296215, 0.5124935611551406, 0.37529330522059945, 0.27714965589685975, -0.12103055133743224, 0.44851347166922434, 0.12012399626553158, -0.17281274616588324, 0.5390159647565362, -0.02171428122806702]], "inverted": false, "swapped": true, "error_lsq": 0.045313975158218604, "error_max": 0.3270501186504918, "target": "1119.xyz", "model": "18.xyz", "model_rescale": 3.922800546911778, "target_rescale": 4.229624484266157},
{"mapping": [12, 3, 6, 13, 8, 2, 1, 5, 7, 11, 10, 9, 0, 2, 14], "R": [[-0.7451510275513141, -0.1474529967340591, -0.6503903134990298], [-0.03216009660283404, -0.9661706062194358, 0.2558907733078007], [-0.6661198648334375, 0.2115938879828844, 0.715200917394944]], "T": [-0.04432880046053139, -0.14986000068954888, -0.006618867268676498], "aligned_model": [[0.07489810152701315, 0.044644218439729405, -0.3167422966714377, 0.39700032073864383, -0.3321754118852422, -0.06814075367189609, -0.6969480035484843, -0.5939032267250945, 0.6193692831420488, 0.6331951555120783, 0.2546068590203575, 0.4201898106718277, -0.49215067457932016, -0.06814075367189609, 0.03338360348644978], [0.18064949950099093, 0.4760603555928993, -0.7003360479453035, -0.46769819467284535, -0.5620088957614731, 0.18185933448866307, -0.17113998407725872, 0.12454353438130142, 0.24338824353543195, -0.3262375550353217, -0.4238102010646492, 0.2773317650184711, 0.5525920042252929, 0.18185933448866307, -0.09392774342747756], [-0.7102966775574229, -0.1038647056584618, 0.3072836341436926, -0.42616771549398774, -0.3554286587079685, 0.6278291103787985, 0.34211937554921346, -0.45961375699957835, -0.21415607187278513, 0.12413227106301838, 0.6906539677596748, 0.5076503629385294, 0.060159763510434616, 0.6278291103787985, -0.0182324852587699]], "inverted": true, "swapped": false, "error_lsq": 0.04061597819127399, "error_max": 0.34037735722236134, "target": "1119.xyz", "model": "19.xyz", "model_rescale": 3.9282355846067225, "target_rescale": 4.229624484266157},
{"mapping": [2, 4, 0, 6, 13, 7, 12, 1, 5, 11, 3, 10, 8, 14], "R": [[0.3610057182500552, 0.5419500432083534, -0.7589235943474323], [0.06478029125276796, 0.7972644111310019, 0.6001441265305724], [0.9303109078453121, -0.2658187529321453, 0.25270932973206733]], "T": [0.04497781687434132, -0.12226073985875102, 0.06276168832253774], "aligned_model": [[-0.6368232516723671, -0.12487594166016291, 0.6364400344642259, -0.6528116128894766, -0.619025501091476, 0.2648457363944453, 0.2525514780967587, 0.48401008854397987, -0.21308637134741226, -0.15057711613177688, 0.21375494440879803, -0.5274668312950089, 0.6398241926120672, -0.034237029347917565], [-0.5163207534051688, -0.7489713592889895, -0.42723177364476034, -0.1720319838345651, 0.18498562634651572, -0.23987884030470835, 0.4028322245145181, 0.175181150424704, 0.5959100383741016, 0.4059613194641734, -0.7632882963237235, -0.10573888037636198, -0.149557926419995, -0.11896845810090466], [0.09617973736352094, -0.10039534716210004, -0.1497014509727148, -0.4411755208157285, 0.05196959567854943, -0.5668515249642329, -0.5445047210303154, 0.029974081711825598, 0.023776184640876427, 0.5151519780254632, 0.45153234104164836, 0.5379696787643654, 0.49399042829719253, 0.014267696665332355]], "inverted": false, "swapped": true, "error_lsq": 0.04695978436599897, "error_max": 0.28726480424885453, "target": "1119.xyz", "model": "20.xyz", "model_rescale": 4.067790424073018, "target_rescale": 4.229624484266157},
{"mapping": [3, 0, 13, 6, 11, 7, 10, 12, 2, 4, 5, 8, 12, 1, 14], "R": [[0.775263393896128, 0.15222421646403927, 0.6130207647433865], [-0.6163954396184892, -0.029595808195139236, 0.7868803912633774], [0.13792509598396716, -0.9879027665004213, 0.07088576612146907]], "T": [0.041506565426392486, -0.0614711748151464, 0.08845913821897075], "aligned_model": [[-0.0069488720074592225, 0.2621588034459266, -0.29162730822805066, 0.38327168303420583, -0.36856260068554536, -0.02338277364272244, -0.7152072210768872, -0.5597105102150607, 0.6027520053122176, 0.8201860029649257, 0.2849078026824428, 0.3677607751492685, -0.5597105102150607, -0.2515794063256707, -0.03522163840775308], [0.14026758454958277, 0.6037345428407298, -0.6460847973564138, -0.5294981684966217, -0.33785333968846165, 0.4982454812025514, -0.2894002774834435, 0.2766686142769833, 0.1612650427266717, -0.23244663673034488, -0.4243325026495769, 0.10893824368261838, 0.2766686142769833, -0.06310389267091608, -0.06994305923295768], [-0.7365854425182726, -0.026744909348206503, 0.28177814825254166, -0.37165415246862643, -0.3280602874064704, 0.577509847103362, 0.30460582689673454, -0.24502755999784945, -0.3464133317552306, 0.1715146600934176, 0.4853893780878218, 0.5239895245876014, -0.24502755999784945, 0.8548813773752801, 0.09974200526893208]], "inverted": true, "swapped": false, "error_lsq": 0.04584927535257519, "error_max": 0.49578371712643693, "target": "1119.xyz", "model": "21.xyz", "model_rescale": 4.186013935880536, "target_rescale": 4.229624484266157},
{"mapping": [11, 5, 10, 8, 0, 9, 1, 12, 2, 6, 7, 4, 14], "R": [[0.6975536204364144, -0.7145320906587118, -0.05350549537142453], [-0.6620694212874099, -0.6712895564268164, 0.3332182660486109], [-0.2740128245396654, -0.19701325552149757, -0.9413303082003768]], "T": [0.026440327378166976, -0.06243582772961136, 0.057224571993299764], "aligned_model": [[0.12435938444717531, -0.38099845304122215, 0.46373567510559444, 0.34115187096805305, -0.03525082209776039, 0.6975179919547888, -0.20780167676296596, -0.786715392582578, 0.3379974700057748, -0.2956254032739273, -0.4485958219031163, 0.2567055599324334, -0.007906347329024566], [-0.25464358065655013, -0.0993807502591741, 0.2532777518675082, -0.7134719315724025, -0.3781815790068783, -0.330345405585127, -0.5389983649354256, -0.22406167790185516, 0.6581739121412349, 0.7315155587275525, 0.016325283541827537, 0.3775116434212931, 0.02123579976408993], [-0.6322573262269281, -0.5881551413205696, -0.45549971624763086, 0.19009371486351384, 0.6772844839943404, -0.22911625506332978, 0.07496921732532784, 0.04183634119456324, -0.012821891374481406, -0.03897749063198415, 0.533382174220971, 0.5062912299937797, 0.03585022060777373]], "inverted": false, "swapped": true, "error_lsq": 0.04752119230727826, "error_max": 0.255785813439218, "target": "1119.xyz", "model": "22.xyz", "model_rescale": 4.166573947596378, "target_rescale": 4.229624484266157},
{"mapping": [9, 8, 6, 14, 12, 0, 2, 3, 10, 13, 5, 7, 4, 1, 15], "R": [[0.4457571938156177, -0.385039859898386, -0.8081118922841424], [0.5929368389350355, 0.803320857256355, -0.05569116025584958], [0.6706164546112432, -0.4543345756007858, 0.586390368456287]], "T": [-0.08084342121429368, -0.054096357940115976, -0.06215416896607444], "aligned_model": [[-0.006428228420339646, 0.002000598205461071, -0.3315804884296603, 0.44593898217026884, -0.15596935776133372, -0.022458975310697085, -0.698833356954117, -0.5663299683728148, 0.6609145225385877, 0.6625165446760604, 0.3399646473642351, 0.4609955090779506, -0.48799960051837743, -0.3082602612598452, -0.08538433522060129], [0.1276085913825818, 0.7420864716005643, -0.6383009283764861, -0.47707222333247606, -0.6555031849386211, 0.42464544462333087, -0.16237836432785613, 0.20312305139961745, 0.015991640046400878, -0.4015825834908773, -0.26759204331897307, 0.22611958147209588, 0.4959901824502228, -0.0947310403682674, -0.06527914557387218], [-0.6295119544552386, -0.17751842084750147, 0.35610839805655176, -0.4739423183829974, -0.3112470779914764, 0.5967489390800526, 0.18110019503594316, -0.3062189964260755, -0.13846968850055563, 0.14637022543352923, 0.6222449418933463, 0.3110471822765272, 0.20520730376416546, 0.6121821449862447, 0.0057966502506701795]], "inverted": true, "swapped": false, "error_lsq": 0.04839481570954903, "error_max": 0.2966972161579983, "target": "1119.xyz", "model": "23.xyz", "model_rescale": 4.274766983524099, "target_rescale": 4.229624484266157},
{"mapping": [6, 5, 12, 7, 1, 8, 4, 9, 10, 11, 14], "R": [[0.06610929063971799, 0.5577652387987516, -0.8273617709798327], [-0.1954914048726127, -0.8058660752835162, -0.5588944259232459], [-0.9784746661575074, 0.19869022898701846, 0.05576307553426946]], "T": [-0.10717097072550485, -0.02281727467581493, 0.0520473478171342], "aligned_model": [[0.40710136014633835, 0.16166329508894373, -0.4598858756443811, -0.5087984654085926, -0.5215816939168189, -0.5484066958357142, -0.023201851537262258, 0.10008506135895151, 0.5803439520243671, 0.23836164363691037, -0.04578602595466709], [-0.1850178672742704, 0.6628764404661974, 0.44845847267419614, -0.18960258037725403, 0.30475682642673463, 0.046564179496590447, -0.6755082118261311, 0.003366008571749804, -0.0023065548704566396, 0.5334235038881094, -0.03142368593198251], [-0.6206746699817707, -0.15151720702038585, -0.5319674668953436, -0.4670545065896579, 0.10909996915012585, 0.6360360651790244, -0.07116160318748609, 0.8006936033228921, 0.3361090006454434, 0.35720412501591925, -0.017200875617183475]], "inverted": true, "swapped": true, "error_lsq": 0.053094151884384135, "error_max": 0.3190314109095015, "target": "1119.xyz", "model": "24.xyz", "model_rescale": 3.7841303162186577, "target_rescale": 4.229624484266157},
{"mapping": [11, 6, 9, 10, 14, 4, 5, 13, 7, 0, 8, 1, 3, 2, 15], "R": [[0.35924059640055933, 0.11299700339932778, -0.926378902566624], [0.7555671711044539, -0.6178612897160309, 0.21763657004202158], [-0.5477813832606793, -0.7781253780035806, -0.3073376844121162]], "T": [0.03786828614286812, -0.09616434255234177, 0.05348424615101852], "aligned_model": [[0.016507753404081824, 0.12037979660369542, -0.18348525877633404, 0.35783548422858896, -0.36760217416858315, -0.12302030026369516, -0.7022209637514796, -0.5376931105650876, 0.5568015153577188, 0.7631803144682664, 0.2837889344103144, 0.48207152571923234, -0.48319524028260924, -0.30649446540833364, 0.03223242080900131], [0.24311343829780738, 0.61777495917171, -0.630475690875255, -0.5884839750364496, -0.6556392675463074, 0.41823280691209375, 0.12724975879890488, -0.013246093579895798, 0.06365210751697195, -0.1069209058046644, -0.30467545333451096, 0.11411073063409444, 0.5126027325385286, -0.29631983516616756, -0.027849863279475542], [-0.6348920203088292, -0.02073823250791012, 0.1409753870235476, -0.456905288319551, -0.33623421174952495, 0.5694443010441432, 0.46784252946621885, -0.4698260249864502, -0.30424828801962256, 0.17651557250771682, 0.5489677827846466, 0.6116099213797306, -0.029565963647052544, 0.6939099655344796, 0.04304209397164352]], "inverted": false, "swapped": false, "error_lsq": 0.047574978689972174, "error_max": 0.42264464583562916, "target": "1119.xyz", "model": "25.xyz", "model_rescale": 4.19342608120988, "target_rescale": 4.229624484266157},
{"mapping": [2, 4, 6, 11, 13, 10, 5, 9, 7, 3, 1, 14], "R": [[-0.3055406206662975, 0.13848597291956188, -0.9420544381443019], [0.6448283039141789, 0.7580571911821006, -0.09770237135437382], [0.7006007333667426, -0.6373154087275994, -0.32091693972795515]], "T": [0.13817076779822665, 0.12808985641688442, -0.058770725031417025], "aligned_model": [[-0.1568523017710736, 0.4114786588708058, -0.030721935836107356, -0.4984648534612064, -0.45298243650378456, -0.524463528693172, -0.35638977866159094, -0.25270884237502056, 0.6954869496136056, 0.3398452932972994, 0.3137014972833466, 0.10987983286867908], [-0.5803082558777939, -0.42299398287110834, -0.5903182974267784, 0.4671183671502181, -0.17203117171309867, -0.09550113452935977, 0.3502234429838046, 0.39641132565699183, -0.018481531073869656, 0.017904354501014116, 0.6057087593419173, 0.05504455159904366], [0.12119110500091554, 0.2055134341157617, -0.5045340646199299, -0.0996608784846498, -0.3684196594672685, 0.19561351017051706, -0.5972433771241022, 0.5571258267818305, -0.4144450420514534, 0.6745308556801964, -0.21162747949508745, -0.1087857692973088]], "inverted": false, "swapped": true, "error_lsq": 0.05332313567650138, "error_max": 0.2732202194884439, "target": "1119.xyz", "model": "26.xyz", "model_rescale": 3.795458400668931, "target_rescale": 4.229624484266157},
