[{"mapping": [12, 8, 13, 11, 3, 7, 1, 4, 0, 5, 2, 10, 14, 15], "R": [[-0.7399942647039842, -0.33662717596720626, 0.5823148912792401], [-0.4402368973008315, -0.4121474809603672, -0.7977004000205598], [0.5085272484932807, -0.8466502219561319, 0.15679106862792241]], "T": [-0.05095108981448698, 0.1512083735651999, 0.218841629732615], "aligned_model": [[0.07503804057933139, 0.3057007764182755, -0.437118672582824, -0.38554656684233723, -0.5526518036541075, -0.059450183262995865, -0.5895750356669263, -0.006637537852046821, -0.58390732173552, 0.29722748514939096, 0.5918411975651354, 0.21954340736088024, 0.5022952483569649, -0.005266932704916544], [-0.6839011285773238, -0.31507148538628815, -0.5225542538121823, -0.289913294028546, 0.2906199386306562, 0.3301127378419597, 0.30608184724953164, 0.534928513937739, 0.6418976849048693, 0.06853216693334574, 0.45628123113260866, 0.6623708397409982, -0.29987606223879887, 0.0557645954814657], [0.04482466558423137, -0.35844023379012024, 0.4393100138914975, -0.13628864685403708, 0.6964083322536998, -0.6176685321351472, -0.3479178818871109, 0.5512696956162827, 0.1520214031596505, 0.8734519546033368, 0.37335616418086937, -0.1373724138127277, 0.22716045003806007, 0.13747311633134862]], "inverted": false, "swapped": true, "error_lsq": 0.04899759282632133, "error_max": 0.2904352127429567, "target": "112.xyz", "model": "0.xyz", "model_rescale": 3.8414455957264533, "target_rescale": 4.234829367726312},
{"mapping": [13, 0, 8, 1, 11, 7, 9, 12, 2, 14, 10, 3, 4, 5, 15], "R": [[-0.9506307055472457, -0.2862403845688271, 0.11986535743339767], [0.27377959276605496, -0.9554445408268312, -0.11031982591111697], [0.1461026907883608, -0.07205672519686118, 0.986641693877927]], "T": [-0.04820142330999914, 0.1417367005049445, -0.09698864565567876], "aligned_model": [[-0.7300600547262054, -0.2804912816454463, 0.18470480911247547, -0.3223399029331841, -0.4547047393710424, 0.20922069258932754, 0.6025706316906427, -0.2681240561633431, 0.6109300066804851, 0.23219706179817393, 0.4915559953010093, -0.5291826091516665, 0.08560811348773245, 0.07262369084382633, -0.032464204008240335], [0.08239927798537114, 0.22760045351489097, -0.5445344344624264, -0.35939712929620415, -0.36653010694965005, -0.5727675815456363, -0.23785718352742055, -0.3150348190058261, 0.43099750267468295, 0.016835982659306373, 0.009635986844423516, 0.6091560496549927, 0.5922290297434423, 0.7402937680507413, 0.03401773170232689], [0.3310717069783793, -0.781058909385416, 0.29372663010504557, -0.6528940967234437, -0.0017002482088554621, -0.49074712776374163, 0.09518995692808664, 0.6005476328848853, 0.012556143456589966, 0.5475300755050744, -0.48757041065855744, -0.319216899945128, -0.29413053659074745, 0.33162432815047327, -0.019746457393109887]], "inverted": false, "swapped": true, "error_lsq": 0.042361641855671185, "error_max": 0.35412007714420024, "target": "112.xyz", "model": "1.xyz", "model_rescale": 4.316132596720782, "target_rescale": 4.234829367726312},
{"mapping": [2, 14, 9, 0, 10, 4, 7, 3, 8, 5, 11, 15], "R": [[-0.256596016670858, -0.36570393370404863, -0.8946614539042318], [-0.7500509135695794, -0.5084577966992402, 0.42295897676866234], [-0.6095753532436236, 0.7795712294903778, -0.14382832429244458]], "T": [-0.025629051895779405, 0.12185805079498475, 0.05981470917438169], "aligned_model": [[-0.19610561541574492, 0.5299882739333069, 0.1325062353643397, -0.6134609268014896, -0.45511493430473127, -0.4043634897956508, -0.16974179487117252, -0.2847918648652659, 0.5267079266415766, 0.10215297783898836, 0.3497140214459666, 0.08031774546165735], [-0.5828147511882975, -0.32584421295434, -0.4472957707078216, 0.5485636923310804, -0.20353619448842303, -0.03724379528356646, 0.1904365077702066, 0.5264426208956877, -0.06401609223813522, -0.2755405820610641, 0.57749145790065, 0.10613354776500328], [0.12689747842465582, 0.03790690307081112, -0.4457399941441562, 0.019080566102089754, -0.35371067891666125, 0.3614106045795921, -0.7806356282077588, 0.5778447354356204, -0.5217749018017271, 0.6781385985036459, -0.23031586115620206, -0.019843360680488788]], "inverted": true, "swapped": true, "error_lsq": 0.04942958966995283, "error_max": 0.27078476551069697, "target": "112.xyz", "model": "2.xyz", "model_rescale": 3.795458400668931, "target_rescale": 4.234829367726312},
{"mapping": [7, 0, 10, 5, 8, 14, 4, 11, 3, 6, 9, 15], "R": [[0.8341154320304034, 0.29296186931114365, 0.4673593790419255], [-0.5055706241943229, 0.0672444600520671, 0.8601607562218061], [0.22056697395688352, -0.9537565337768474, 0.20420255698075168]], "T": [0.0722556792400066, -0.09538839626663072, 0.10268649393027543], "aligned_model": [[-0.2866033946772947, -0.13030049561881812, -0.576599855282969, 0.15219803656810474, 0.17138216444724103, 0.21712751871529362, -0.19478784642131303, 0.5118469786302471, 0.2939752252202368, 0.6359828313840605, -0.31476288295771343, 0.11384554573648932], [-0.040655406512788664, -0.7787641038653865, -0.05213839185214121, 0.12472380357296879, 0.5411185326488841, 0.596305599230624, -0.3056954709009187, -0.10023973713345999, -0.6770763786925681, 0.24029925542369407, 0.5328707957409239, 0.00502054762987747], [-0.6719442064389849, -0.043093910706934774, -0.09342244794911067, 0.8110212958572037, -0.4100558193972026, 0.20367881252974734, 0.4823863039952072, -0.3865945359583641, 0.4368850578553922, 0.4770557308142295, -0.14233477010206919, 0.025189920139986416]], "inverted": false, "swapped": true, "error_lsq": 0.049001905011897724, "error_max": 0.25307995636104963, "target": "112.xyz", "model": "3.xyz", "model_rescale": 3.7530521520055578, "target_rescale": 4.234829367726312},
{"mapping": [0, 7, 10, 9, 4, 8, 3, 11, 13, 14, 15], "R": [[0.6326713597206324, 0.6941773452449274, -0.3432852515590372], [0.17053929699064962, -0.5572859186868473, -0.8126184547592381], [-0.7554093584085264, 0.4555767972384699, -0.4709633563736748]], "T": [-0.011952548576923148, -0.1511448005315948, 0.11835576011240079], "aligned_model": [[-0.3712298831734124, -0.23512474507825823, 0.26668341313611105, 0.4208339292488843, 0.24590601063808795, -0.010556032158402083, -0.27108798780012444, -0.5555258683426694, -0.4855934856054987, 0.3584282824696405, -0.024534030889153586], [-0.7357488264062435, 0.06237705232988258, -0.29655514525549403, 0.30938321361568094, -0.5842820524642289, 0.6189577374336823, -0.6755669831519644, 0.21832586271317644, 0.13569722151143532, 0.4352408489586485, -0.020625570970228824], [-0.12339042468091224, -0.6794103999333354, -0.48377430651401476, -0.3345661011973424, 0.19328466261343552, -0.17286913797281767, 0.5146376605473482, 0.09228955100926012, 0.7057855053638659, 0.2874645764442796, 0.09337919156554933]], "inverted": true, "swapped": true, "error_lsq": 0.04566405390843191, "error_max": 0.23664683155633556, "target": "112.xyz", "model": "4.xyz", "model_rescale": 3.7855080009869324, "target_rescale": 4.234829367726312},
{"mapping": [11, 1, 7, 13, 6, 8, 15, 0, 3, 5, 4, 2, 9, 14, 10, 16], "R": [[0.6894356177655931, -0.36248883047664415, 0.6271207034820727], [0.09317960059827343, -0.8141976397322848, -0.5730617466614945], [0.7183286789405816, 0.4535240360047651, -0.5275602882869665]], "T": [0.019945157438501504, 0.06498412924926558, 0.0660621615626992], "aligned_model": [[0.28379838356391196, -0.08939800953357557, -0.5921267749151709, 0.5460089915209221, -0.13604575124782364, 0.14779626333049944, 0.5166097880443661, -0.5003927785348374, -0.2257481518371659, -0.7300268783795101, -0.5599974128846874, 0.1600352685605454, 0.18106584369641737, 0.6022176354888307, -0.2394835183415966, 0.05660256533876343], [-0.1194213086939512, 0.5046567514377324, -0.36444100964744, -0.37968365878052146, -0.41750354300828163, -0.5783923171220446, -0.24203878670103532, 0.6010624849688545, 0.5686384019285812, 0.2460445304020206, 0.03412910958949215, 0.7830787070314382, 0.38888026162530753, 0.35773996823901033, -0.16354972978142765, 0.09620050445211095], [-0.6611326801547893, -0.540432682705415, 0.11434747593772757, -0.15842623376008377, -0.3449725700521252, 0.32107337100345656, 0.64776593537921, -0.15830876399696556, 0.4764080848862787, 0.310729938854058, -0.3918847422963354, 0.16853472230140665, 0.679287600647431, 0.24758400205416353, 0.7074928371105782, 0.08990591464425397]], "inverted": false, "swapped": false, "error_lsq": 0.03743628294327526, "error_max": 0.2237824401125908, "target": "112.xyz", "model": "5.xyz", "model_rescale": 4.2253639853439635, "target_rescale": 4.234829367726312},
{"mapping": [3, 6, 2, 4, 5, 9, 10, 0, 12, 11, 14, 7, 1, 15], "R": [[-0.5532551175040088, -0.20698311838482564, 0.8068870823475356], [-0.23061741382947631, -0.8927194234733408, -0.3871274200983834], [0.8004526115856139, -0.40026243847895526, 0.4461676780635853]], "T": [0.09395472776517091, -0.07705119766119062, -0.012843196604359536], "aligned_model": [[0.6041781097268579, -0.23641136680650585, -0.42314099830327434, 0.16590756711015642, -0.2758327624004365, -0.5063557731313562, 0.005446170871824557, 0.7555249719753642, -0.28492877722420196, 0.2798575194991565, -0.5732087461153186, 0.17540890349623925, 0.6653977162848433, 0.022219617774434847], [-0.3382243902206469, 0.10349477459265491, -0.5617253525054737, -0.5786714710482451, -0.4765329736203264, 0.027717155455207143, -0.33550723871137805, -0.2893598821722956, 0.6424843707030029, 0.553695011469467, 0.13325303059240723, 0.2691769570098567, 0.26227709164854063, 0.03302206344221939], [-0.4259652246855631, -0.6677387780120032, 0.15397733031771807, -0.06681676642789955, -0.5229901121373434, 0.47004322312001234, 0.6090165101216216, 0.20287217730894427, -0.29968618651927603, -0.028947354747802564, -0.15529639030103531, 0.7651796431785105, 0.42718761465090926, 0.010722523064655674]], "inverted": true, "swapped": true, "error_lsq": 0.04190761719920699, "error_max": 0.2620194908514048, "target": "112.xyz", "model": "6.xyz", "model_rescale": 3.89814844738969, "target_rescale": 4.234829367726312},
{"mapping": [8, 7, 10, 12, 2, 1, 11, 14, 13, 3, 4, 5, 15], "R": [[-0.8550679833047958, -0.48999758962339296, 0.16959099648959752], [-0.0011392292521566205, -0.3252938693310585, -0.945612288801462], [0.5185146536827872, -0.8087559957978014, 0.2775901532427368]], "T": [-0.06075376763099679, 0.19959799638966677, 0.03862058482197182], "aligned_model": [[0.04853427731835395, 0.005360939491385892, 0.40586816663186487, -0.31900122546142307, 0.651676821111737, -0.47872997988853044, -0.5585139104390731, 0.2353815473386127, -0.7040176555281784, -0.4455663744694218, 0.1511989409108473, 0.2190705974706201, -0.06263034358257222], [-0.4449697804152215, 0.25649091717849964, 0.4897797908604091, -0.6202166996942303, 0.20730905417641526, 0.5026848832695867, -0.09013485094312548, -0.44390514235586476, -0.2013670712308618, 0.6048612560457969, 0.5632447295792602, 0.05565805562525927, 0.08434612337456274], [-0.4618395183224909, -0.8123907535989595, -0.3606303153279559, -0.030481947450978056, 0.1886516159666109, -0.5686290482750084, -0.27910522405230015, 0.12713876006585068, 0.31633693925704903, 0.4709284543885009, 0.32593636716696905, 0.7150508996234874, -0.02869119860447876]], "inverted": false, "swapped": true, "error_lsq": 0.04872684335044096, "error_max": 0.2594564583269282, "target": "112.xyz", "model": "7.xyz", "model_rescale": 3.7474275329858107, "target_rescale": 4.234829367726312},
{"mapping": [9, 10, 7, 8, 1, 12, 14, 6, 11, 13, 5, 3, 4, 0, 15], "R": [[-0.1403127395860841, -0.47448006508594187, 0.8690115090986357], [0.0983494505811079, 0.8666743808917812, 0.48908373830688945], [-0.9852104956202212, 0.1540914836773534, -0.07494060299910846]], "T": [0.009060661964731808, 0.07973085734024467, 0.027864661101252484], "aligned_model": [[-0.28020889303763913, 0.18991421088259483, 0.48391465642155407, -0.1992890284492552, 0.7555489453928138, -0.37071097012648396, -0.6172155178860785, -0.5638436306082815, 0.23999519026545074, -0.0903051576447569, -0.6003856293746879, 0.23309102514503766, -0.01290239883229703, 0.664282751968511, -0.02973183177773532], [-0.14421743474358145, 0.2891917453204531, -0.2873208061288677, -0.6109458168165922, -0.18482563097606192, -0.6761342908709018, -0.22775636661862708, -0.1186525177202616, -0.5113012640131028, -0.34991707879407796, 0.4395180502673146, 0.4398752134847835, 0.5884550417239878, 0.3846341509819176, -0.041485033116788514], [-0.658210179333121, -0.5924263310132217, -0.5817376825193289, -0.3689072491739837, -0.0620408398565449, 0.19520990464303908, -0.12332275685920072, 0.4784770612168084, 0.201099320981371, 0.7040427983654602, 0.2638874278263039, 0.5929448193165123, 0.048615183642296896, 0.11153832710953873, -0.01237514864966787]], "inverted": true, "swapped": true, "error_lsq": 0.04059265356923346, "error_max": 0.33505674199627417, "target": "112.xyz", "model": "8.xyz", "model_rescale": 4.019505241142653, "target_rescale": 4.234829367726312},
{"mapping": [6, 3, 11, 12, 14, 8, 7, 5, 2, 4, 0, 10, 15], "R": [[-0.780708907137685, 0.486196046533658, 0.3925646528292164], [-0.1470616155670907, 0.46761435172288845, -0.8716132739292011], [-0.6073437935326904, -0.7382074385955646, -0.29356991340990113]], "T": [-0.06682045329344656, 0.001241632136163559, 0.03466593821614389], "aligned_model": [[-0.20143034505188456, -0.769705037615447, 0.058388026125523726, 0.2859864742543713, 0.3591187184475356, 0.6728598581459811, 0.5222890998871963, -0.3180809943984568, 0.1790195188629482, -0.351868801532276, -0.442740205618122, 0.2863258204660245, 0.03953863976778185], [-0.6822210912858292, 0.06929511196001743, 0.15276342785636876, -0.4368958858799496, -0.567394583536936, -0.11101522859053088, 0.6155171085837127, -0.6368756711022462, -0.27701728660368086, -0.007618456275579208, 0.616592566530295, 0.35713953144040655, -0.028891314981990213], [-0.2575423946908057, 0.011619656424920938, -0.5930473357553467, -0.6188827076691441, -0.03502307022556861, -0.3090537798566965, -0.051611697595160586, 0.32835420905040574, 0.6609732084331741, 0.4570191008678, 0.13115871223654144, 0.4928876959368244, -0.04014810311306512]], "inverted": false, "swapped": true, "error_lsq": 0.049370015197675844, "error_max": 0.3043567137522189, "target": "112.xyz", "model": "9.xyz", "model_rescale": 3.877068213659057, "target_rescale": 4.234829367726312},
{"mapping": [13, 14, 12, 4, 3, 5, 1, 10, 11, 11, 6, 9, 8, 7, 0, 15], "R": [[-0.813388308207456, -0.5816977975750075, 0.005208873947273429], [-0.5632915345370479, 0.78982369641762, 0.24265443679460186], [-0.14526564353043267, 0.19443816722442453, -0.9700988052441339]], "T": [0.02062317142189332, 0.0802711084011398, -0.014188115129255968], "aligned_model": [[0.16085348446167144, -0.072068297259028, -0.5976327445063574, 0.5888503034397086, 0.023047185785374506, -0.0018079898932764904, 0.4048351615664233, -0.5181146343250792, -0.48025425865994653, -0.48025425865994653, -0.4259355404492081, 0.09575868621901718, 0.23894560404516071, 0.7598913609166668, -0.259883837107051, -0.015314761704240357], [0.11706485331766373, 0.6562717507974949, -0.2771648589933675, -0.27225131807025904, -0.5058876215941881, -0.6131659231463419, -0.3309090435523858, 0.5169826581521902, 0.38241768377680707, 0.38241768377680707, -0.09515606442458507, 0.735823144512552, 0.5256467404349613, 0.11762447651218909, -0.08453944783403802, 0.06022565227434619], [-0.7735432202042498, -0.5329877857453288, 0.20534404047898933, -0.11876605266149351, -0.2574439683637777, 0.3458637818567194, 0.646280384855482, -0.1633704814895309, 0.4357946881944621, 0.4357946881944621, -0.4016351424907312, 0.0016702033820492346, 0.5768269418803187, 0.32986687946999216, 0.7123924615127185, 0.06588479098276773]], "inverted": false, "swapped": false, "error_lsq": 0.04495134707305353, "error_max": 0.3319468619310239, "target": "112.xyz", "model": "10.xyz", "model_rescale": 4.260839863003843, "target_rescale": 4.234829367726312},
{"mapping": [7, 9, 14, 8, 6, 11, 1, 10, 2, 5, 4, 15], "R": [[-0.629244436216906, -0.15932747407527573, -0.7607011210027634], [0.7646074225273849, 0.048622499731145685, -0.6426595848004791], [0.13938051838796484, -0.9860276915607834, 0.09122753185971394]], "T": [-0.01009462695970477, 0.22793163994320975, 0.047724531628186705], "aligned_model": [[0.4137295421059911, 0.16557863401311795, -0.39871411680105034, -0.24990693793082114, -0.7023809106526443, -0.3463791034293385, 0.2683593780869811, 0.6043099902402196, 0.2815890730197786, -0.2612680540574783, 0.2564475859166799, -0.07246643141730504], [0.05744010885799827, -0.49407632820478775, -0.3695109234022613, -0.3284392898755154, 0.10858723873088755, 0.3914444040171082, 0.6273041155201023, -0.0389750351788547, -0.3010961938558966, 0.04365444541989383, 0.32748559898810453, 0.14926036451615482], [-0.675555475422154, -0.18112432453141622, 0.08853087077606542, -0.5097817503657956, 0.3254356088231292, -0.4934189789927501, -0.58337204159431, -0.06457229729721733, 0.4541433854316693, 0.7256125590581135, 0.47052178090454205, -0.040241259394371724]], "inverted": false, "swapped": true, "error_lsq": 0.04467404257286772, "error_max": 0.25863243749594006, "target": "112.xyz", "model": "11.xyz", "model_rescale": 3.890672605050136, "target_rescale": 4.234829367726312},
{"mapping": [9, 8, 12, 2, 14, 0, 7, 4, 10, 1, 13, 11, 3, 15], "R": [[0.1532337236281478, 0.5817002425658095, -0.7988393165974811], [-0.7022114781204205, -0.5046771258304058, -0.5021952196700947], [-0.6952830113982266, 0.637907380786928, 0.3311430319341999]], "T": [0.1338544352463193, -0.04570672231913668, 0.2588065103013596], "aligned_model": [[0.39295041191721447, 0.2522952966872884, 0.41309026340825483, 0.6143503945362232, 0.7156413174599761, -0.4768713292523919, -0.3833390091531385, 0.22098401448830057, -0.01767022484733105, -0.6403105652578438, 0.17618769153250155, -0.17137591351165726, -0.04286257939016086, 0.15680606617645848], [-0.29592213728961003, 0.23566210165875617, 0.669192528239222, -0.5796070999709443, 0.1486579015266956, -0.2849753941038642, -0.21367075497797594, -0.4126173726523612, -0.6252763534704652, 0.02119383416350569, 0.7278595385010692, 0.4889561856145043, 0.029649540338235067, 0.023050002250997695], [-0.4302435028614675, -0.5058340312198392, -0.13427040224802822, 0.13964219372897116, -0.10639795075763048, 0.5735251646032047, -0.4015928248421222, 0.6015867126109015, -0.06132175255373218, 0.08129380809434872, 0.4857226269129742, 0.02722503156499645, 0.9387342097770688, 0.14672115254721566]], "inverted": true, "swapped": true, "error_lsq": 0.04316046345990517, "error_max": 0.27776406482418853, "target": "112.xyz", "model": "12.xyz", "model_rescale": 4.124412569039231, "target_rescale": 4.234829367726312},
{"mapping": [11, 0, 10, 13, 7, 8, 3, 14, 4, 5, 9, 2, 15], "R": [[0.9945374659166837, -0.1031235070284757, 0.016148411258378587], [0.05910006381070446, 0.6838478662837941, 0.7272271159938092], [-0.08603726719040107, -0.7223002409505693, 0.686206929852182]], "T": [0.011502271602348443, 0.1600710948687001, 0.0163962443149824], "aligned_model": [[-0.18854101176179439, -0.11711259553554827, 0.6194599395825927, -0.6620084095203437, 0.5768709545410253, 0.41172926039581026, -0.5631164838156882, 0.20516460442204887, 0.0008077984645147012, -0.17124513508076145, 0.7139652472733725, 0.4887149089535346, 0.05260922959099452], [-0.33604528694328195, 0.6464280115064928, 0.4186015469239317, -0.2845825110259298, -0.04359658531596697, -0.5583684570494917, 0.5665843563766296, -0.3195943665525087, 0.6387518433898232, 0.31928244118279003, -0.13511977096583314, 0.4020436369231194, 0.033100518058702455], [0.3991640495120431, 0.541942106895412, 0.17416906818570763, -0.002427188522653896, 0.625252537257028, 0.05557248946839318, 0.07779168582377538, -0.47558325491483017, -0.15814207595242105, -0.6891769164484601, -0.13831807368711022, -0.4774088813559449, 0.018862534706900254]], "inverted": true, "swapped": true, "error_lsq": 0.04138137513235261, "error_max": 0.25027455362472717, "target": "112.xyz", "model": "13.xyz", "model_rescale": 3.9028299243045295, "target_rescale": 4.234829367726312},
{"mapping": [8, 5, 11, 2, 1, 6, 3, 13, 10, 14, 12, 4, 7, 3, 9, 15], "R": [[-0.3693065403062844, -0.7823446388636226, -0.5015471516501225], [0.41262385086301645, -0.6216271625297513, 0.6658237217944294], [-0.8326789519292402, 0.03894273804650389, 0.5523850343442185]], "T": [0.02788732461379058, 0.07500063498493448, 0.011696090054787958], "aligned_model": [[0.2191467141111878, -0.042247048238109125, -0.5722050591145736, 0.4505306575250805, -0.09530590969267864, 0.1993453534576044, 0.5852564617314686, -0.5753965739363419, -0.24854932085045817, -0.797007101392406, -0.4406405547613331, 0.37133266510743945, 0.07753748568905362, 0.5852564617314686, -0.29573789124727906, -0.00040087625023414383], [0.1867851132078861, 0.4804300949556626, -0.3463572858711836, -0.381069182505726, -0.5629134212822927, -0.39813877471124304, 0.042998917144266166, 0.5155979371672512, 0.6544060388367136, 0.20738583715862752, -0.04198213308572703, 0.6423265914122935, 0.335691712397307, 0.042998917144266166, -0.12797783876075652, 0.06521784273250097], [-0.7281898713711125, -0.2929511754633309, 0.1022682814876185, -0.3826675800207612, 0.002323812817619189, 0.44890256940588763, 0.2891938022653437, -0.2613861445469007, 0.3901465638037375, 0.3033705609504948, -0.48933978409362217, 0.1515168007513531, 0.8778386761801598, 0.2891938022653437, 0.6861676723459977, 0.12158422307502217]], "inverted": false, "swapped": false, "error_lsq": 0.054269839829608015, "error_max": 0.44855039066831753, "target": "112.xyz", "model": "14.xyz", "model_rescale": 3.942246331269136, "target_rescale": 4.234829367726312},
{"mapping": [14, 12, 6, 11, 1, 13, 4, 5, 2, 3, 0, 10, 8, 7, 15], "R": [[0.5667042874696739, 0.2634448859862764, -0.7806683307341004], [0.07188018998264836, -0.9596991628898166, -0.2716813483414777], [-0.8207798053385252, 0.09784839700405337, -0.5628020987453668]], "T": [-0.030613582516081997, 0.1014558339244252, 0.004385895091666196], "aligned_model": [[-0.6830562118962651, -0.3629648711723339, -0.34890595740246383, 0.195060844972408, 0.5613306840717932, 0.15017077255309957, 0.00925477609742957, -0.42515001546508707, -0.5774903461835044, 0.46189348944326036, 0.6161295390584608, -0.13531028304007758, -0.46429608461450383, 0.07282085962701905, -0.09519315951702521], [-0.0919622254318021, -0.5096935544755137, 0.12070631956784078, -0.47843563643910897, -0.325851627318093, -0.15505710297957714, 0.5972956346773786, 0.6202661690686317, 0.47497690278009586, 0.5115278175872089, 0.27295420727535813, 0.1411672949051186, -0.5950161369552258, -0.47025209555331576, -0.014481276827345374], [-0.2113360355930707, -0.5051257253297461, -0.6804105783064986, -0.2088203609001652, 0.324273704688014, -0.739392242936298, 0.11514085874089028, -0.35859508493028025, 0.30693164531201855, -0.2930815794042052, 0.29003415908031205, 0.6743145371231661, 0.07307426132700667, 0.6323027817936941, -0.009947860304321508]], "inverted": false, "swapped": true, "error_lsq": 0.03951489529965989, "error_max": 0.2110390531105431, "target": "112.xyz", "model": "15.xyz", "model_rescale": 4.355366556412066, "target_rescale": 4.234829367726312},
{"mapping": [2, 14, 9, 0, 10, 4, 7, 3, 8, 5, 11, 15], "R": [[-0.256596016670858, -0.36570393370404863, -0.8946614539042318], [-0.7500509135695794, -0.5084577966992402, 0.42295897676866234], [-0.6095753532436236, 0.7795712294903778, -0.14382832429244458]], "T": [-0.025629051895779405, 0.12185805079498475, 0.05981470917438169], "aligned_model": [[-0.19610561541574492, 0.5299882739333069, 0.1325062353643397, -0.6134609268014896, -0.45511493430473127, -0.4043634897956508, -0.16974179487117252, -0.2847918648652659, 0.5267079266415766, 0.10215297783898836, 0.3497140214459666, 0.08031774546165735], [-0.5828147511882975, -0.32584421295434, -0.4472957707078216, 0.5485636923310804, -0.20353619448842303, -0.03724379528356646, 0.1904365077702066, 0.5264426208956877, -0.06401609223813522, -0.2755405820610641, 0.57749145790065, 0.10613354776500328], [0.12689747842465582, 0.03790690307081112, -0.4457399941441562, 0.019080566102089754, -0.35371067891666125, 0.3614106045795921, -0.7806356282077588, 0.5778447354356204, -0.5217749018017271, 0.6781385985036459, -0.23031586115620206, -0.019843360680488788]], "inverted": true, "swapped": true, "error_lsq": 0.04942958966995283, "error_max": 0.27078476551069697, "target": "112.xyz", "model": "16.xyz", "model_rescale": 3.795458400668931, "target_rescale": 4.234829367726312},
{"mapping": [8, 7, 10, 12, 2, 1, 11, 14, 13, 3, 4, 5, 15], "R": [[-0.8550679833047958, -0.48999758962339296, 0.16959099648959752], [-0.0011392292521566205, -0.3252938693310585, -0.945612288801462], [0.5185146536827872, -0.8087559957978014, 0.2775901532427368]], "T": [-0.06075376763099679, 0.19959799638966677, 0.03862058482197182], "aligned_model": [[0.04853427731835395, 0.005360939491385892, 0.40586816663186487, -0.31900122546142307, 0.651676821111737, -0.47872997988853044, -0.5585139104390731, 0.2353815473386127, -0.7040176555281784, -0.4455663744694218, 0.1511989409108473, 0.2190705974706201, -0.06263034358257222], [-0.4449697804152215, 0.25649091717849964, 0.4897797908604091, -0.6202166996942303, 0.20730905417641526, 0.5026848832695867, -0.09013485094312548, -0.44390514235586476, -0.2013670712308618, 0.6048612560457969, 0.5632447295792602, 0.05565805562525927, 0.08434612337456274], [-0.4618395183224909, -0.8123907535989595, -0.3606303153279559, -0.030481947450978056, 0.1886516159666109, -0.5686290482750084, -0.27910522405230015, 0.12713876006585068, 0.31633693925704903, 0.4709284543885009, 0.32593636716696905, 0.7150508996234874, -0.02869119860447876]], "inverted": false, "swapped": true, "error_lsq": 0.04872684335044096, "error_max": 0.2594564583269282, "target": "112.xyz", "model": "17.xyz", "model_rescale": 3.7474275329858107, "target_rescale": 4.234829367726312},
{"mapping": [6, 3, 13, 4, 14, 9, 12, 1, 2, 8, 10, 0, 7, 15], "R": [[0.6969240281218485, 0.3497838606328846, 0.6260576250371621], [0.38453970530712944, 0.5546057784984479, -0.7379306508733979], [-0.6053314084604591, 0.7550256163183376, 0.25201231048183254]], "T": [-0.0031970081405712676, -0.018752742887928997, -0.10981374259790644], "aligned_model": [[0.598120485927468, 0.07391943091455706, 0.7754616723441946, -0.3277947101066074, 0.2780360595117682, -0.23658458056765963, 0.7293760966665447, -0.09420051658352875, -0.4418124246852016, 0.2537425444348081, -0.6174521129277991, -0.33667669044413, -0.30178616483474513, 0.062498558233207505], [-0.42926346770312956, 0.27374460010045637, 0.11471029076132944, -0.11502176736464703, -0.6065055174309741, -0.4240422242769341, -0.22376986724031417, 0.7169442456965134, -0.5998972777144809, -0.20406670049140804, -0.026118365995464243, 0.5810737815266636, 0.3490315554158732, -0.04641104377224965], [-0.31112207135336645, -0.7483335193239204, -0.27584406031157754, -0.4907098738553328, 0.1818753373687827, 0.5113135205033082, 0.29622525822970536, 0.18307906091045656, -0.1061177304979029, 0.6501287644005597, 0.17997790408479492, -0.35123190716957875, 0.6025116623123704, 0.0030423733633559435]], "inverted": false, "swapped": true, "error_lsq": 0.04315558273095528, "error_max": 0.24905356493243522, "target": "112.xyz", "model": "18.xyz", "model_rescale": 3.922800546911778, "target_rescale": 4.234829367726312},
{"mapping": [0, 3, 4, 10, 6, 1, 13, 9, 11, 2, 5, 14, 7, 8, 15], "R": [[0.3613499802617054, 0.7686719752471785, -0.5277969176060677], [0.7918785138275022, 0.045869394181636824, 0.6089535433969949], [0.4922952478982621, -0.6379963896034292, -0.5921199166974354]], "T": [0.07103528466367054, 0.042407611021184434, -0.09718701844055894], "aligned_model": [[-0.3829991771626418, -0.07691902807416715, 0.3117890420764583, 0.12869069282203272, 0.3945761674377419, -0.6810102613648326, -0.16658596552008426, 0.3603870270743074, -0.42729822458649114, 0.7084886401779069, 0.7166059461998497, 0.511990575473591, -0.38614175693028296, 0.025336419305353353, 0.05914073995887689], [0.36025038386078384, -0.18182978376591852, 0.22807074723551243, 0.708959146259517, -0.6359946960979364, 0.3019455733238004, -0.7290857837136382, 0.3964369192875608, -0.2534557388967376, 0.3904031236702905, -0.24288513788776686, -0.20976123110979925, 0.5772039816763525, -0.002264527634558887, 0.009618528827116647], [-0.5684745817322852, -0.7506671315422617, -0.506185898811752, 0.01997820434127409, -0.021566690775884356, -0.04834610597335076, -0.09251029021554533, 0.5316748246600882, 0.21392158631099412, -0.045433204913836386, -0.3388994943659353, 0.40440762692665794, 0.3894445173523941, 0.7236587796459621, 0.031657026256809245]], "inverted": true, "swapped": true, "error_lsq": 0.044081215306708985, "error_max": 0.28184377384977805, "target": "112.xyz", "model": "19.xyz", "model_rescale": 3.9282355846067225, "target_rescale": 4.234829367726312},
{"mapping": [5, 6, 13, 14, 2, 12, 8, 11, 10, 0, 3, 4, 1, 15], "R": [[-0.5191792339535332, -0.8335912072080868, 0.18862296333370232], [0.827642556800097, -0.4353087491116585, 0.35427967923695747], [-0.2132151992819009, 0.3400470441162634, 0.915918820956842]], "T": [-0.06692322696556108, -0.04789803210086821, 0.12927143005445546], "aligned_model": [[-0.6103035199375321, -0.12777331883554832, 0.41240441280446216, -0.30920500323583106, -0.766316357069281, 0.26963028364434116, 0.12549568060408983, 0.545649305417142, -0.3241049179422361, 0.1705140520894154, 0.03784281469840588, -0.41972874964568757, 0.5521347768389524, -0.02371664034601624], [-0.5492958486284388, -0.6613779522887497, -0.6494652666371861, -0.12220550564632746, 0.13105527970101585, -0.2586095852404613, 0.3144729707040279, -0.040933878384456154, 0.5623168638827629, 0.09962707643994914, -0.5164973692569235, -0.13787827546078232, 0.3635819804365389, -0.011908402196133358], [0.02969010938967745, -0.3072677788747868, -0.11577890055145895, -0.5381158802524011, 0.03466130240581958, -0.636166628332502, -0.5845450945786537, -0.1102413365154091, 0.2803943707155818, 0.8009433506754657, 0.647583964949201, 0.48584551067936366, 0.41696793527466075, 0.008212232259124486]], "inverted": true, "swapped": true, "error_lsq": 0.04766962647505647, "error_max": 0.3556035930257886, "target": "112.xyz", "model": "20.xyz", "model_rescale": 4.067790424073018, "target_rescale": 4.234829367726312},
{"mapping": [11, 14, 1, 0, 7, 9, 10, 12, 8, 6, 5, 4, 3, 2, 15], "R": [[0.9318965674771545, -0.3253370916316908, 0.16038879116986404], [-0.1592005608419703, 0.030458867885954508, 0.9867762860926018], [-0.32592018800911915, -0.9451074193845582, -0.023409333018299464]], "T": [0.14167627290759785, -0.06271047595229613, 0.052109482595927646], "aligned_model": [[0.20773597624504642, 0.061150951254522676, -0.09771910195977218, 0.15101327571939724, -0.5743524619311153, -0.5087638691102264, -0.47241912148874887, 0.28306173920644917, -0.29057034413129756, 0.6545806273901402, 0.5126221801590128, 0.22250609760525364, 0.699378487392519, -0.17477382510407832, 0.09499334266041291], [0.013853617619611985, 0.6442159194002404, -0.5703301097581567, -0.7874985037411061, -0.23916935428434166, 0.3582047015716326, -0.2682299044665495, 0.6241995634295534, 0.49309982651850054, 0.4914888619745423, 0.2665311183708277, -0.2965036245709884, -0.48376263636126215, 0.1606076021684858, 0.03418806205685655], [-0.5978397672591472, 0.11040721687904145, -0.5138675962465364, -0.010167505435183737, -0.3814725421673414, 0.1175803512125547, 0.2570275045763582, -0.4496153354801037, -0.3746335082418434, 0.07258004881146657, 0.6094042511836598, 0.4976659426551545, 0.15647645185155298, 0.668643736265319, -0.02693967498381094]], "inverted": false, "swapped": true, "error_lsq": 0.040460195722323726, "error_max": 0.261187567696276, "target": "112.xyz", "model": "21.xyz", "model_rescale": 4.186013935880536, "target_rescale": 4.234829367726312},
{"mapping": [2, 5, 14, 7, 0, 9, 10, 4, 12, 13, 3, 11, 15], "R": [[-0.4972191784591567, 0.7759558359744598, 0.3881567070006375], [0.7503035541425704, 0.15990187342148016, 0.6414639253436846], [0.4356806918070027, 0.6101835227974272, -0.6617086997260151]], "T": [-0.06728449577735257, -0.04859221023638041, 0.06108060615496279], "aligned_model": [[-0.10981060677037224, -0.4732153273724811, 0.29494325241311564, 0.5665966871678765, -0.3893551881979741, 0.5242978734967805, 0.11527845160649042, -0.49228960488069456, 0.46522353436568703, -0.1063422483579502, -0.696897639156544, 0.3039652501716009, 0.05617960093769089], [-0.4233803249166055, 0.17145221357812448, 0.2335395259376247, -0.4990751386547243, -0.39174527560420347, -0.34514968336805196, -0.6999024396553102, -0.29214454168643966, 0.6196008568828023, 0.7305179194672713, 0.10858563554511191, 0.3075690545891395, -0.0009111425686457869], [-0.5616966521590225, -0.5249048579504976, -0.48556427270178737, 0.41757469329574304, 0.6158776238993766, -0.3471011733861442, -0.000632763099902442, -0.07951162365700777, -0.0551788805314299, 0.26880563161351007, 0.3405292786830506, 0.47093759558837156, 0.043744961741085664]], "inverted": false, "swapped": true, "error_lsq": 0.05153615799426439, "error_max": 0.3165700306187602, "target": "112.xyz", "model": "22.xyz", "model_rescale": 4.166573947596378, "target_rescale": 4.234829367726312},
{"mapping": [10, 7, 11, 13, 14, 12, 6, 8, 4, 3, 9, 0, 1, 5, 2, 15], "R": [[0.42967101257636653, -0.9026535607860698, 0.024482037330032513], [0.860864910043503, 0.4176620001772716, 0.2906373346005514], [-0.27257004165423615, -0.10380271098651504, 0.9565200309373862]], "T": [-0.11710912445840167, 0.03425980029292764, 0.0933299673226364], "aligned_model": [[0.1806428709034988, 0.2980326924271087, -0.6476387548858362, 0.5814302609068853, 0.06253152052048218, -0.04993432019958484, 0.32631815114192125, -0.5318696839469764, -0.3975072351050994, -0.664480303982807, -0.5684815364793812, 0.15691894274765938, 0.2644977321145542, 0.6898345695546374, -0.2136095544280961, -0.06576988741907762], [0.040972229367782366, 0.468539301033829, -0.4993553125066691, -0.14660249416034427, -0.5527752199264145, -0.6028600689000173, -0.21411787047799705, 0.6295472075444049, 0.6447511072245529, 0.1173097780014665, -0.13242971880454169, 0.7984614387508174, 0.37952478593841743, 0.23396035695944936, 0.08752480868740947, 0.06295003720770076], [-0.5938671846345007, -0.2945466042300249, 0.3297333303630286, -0.3495522929162779, -0.40576610251551926, 0.23097869845217298, 0.6597118313357326, -0.2640014212814499, 0.39087118643567353, 0.32766764044571084, -0.26573369858009965, 0.18085274721222852, 0.5865513755875948, 0.08847779656948457, 0.757152040686796, 0.1294428669222998]], "inverted": true, "swapped": false, "error_lsq": 0.045771440458685975, "error_max": 0.36829518541909495, "target": "112.xyz", "model": "23.xyz", "model_rescale": 4.274766983524099, "target_rescale": 4.234829367726312},
{"mapping": [0, 10, 7, 11, 8, 12, 13, 14, 5, 2, 15], "R": [[-0.09065840472968856, 0.93601957375142, 0.34007118549809306], [0.9911827967149354, 0.0516728142776523, 0.12201058872485844], [0.09663186404197778, 0.3481339940580892, -0.9324510738011594]], "T": [0.12683453084836777, 0.03369887751083929, -0.06627101262440793], "aligned_model": [[0.35055379591659735, 0.17609026269781863, -0.420061585640883, -0.44099210693288743, -0.5964210948028363, -0.5188994039306765, -0.13514534822544566, -0.11736793051360184, 0.6072530823263932, 0.4685655230032346, 0.006319510060361785], [-0.024255009151569154, 0.6720480028535945, 0.5282531414646631, -0.2683197160523606, 0.29414362060195903, -0.26069274191793507, -0.708446591795958, 0.15547323126776585, -0.08932402090022463, 0.5659102381999255, 0.05079637667362299], [-0.7561074610263311, -0.293046345723307, -0.500032438789547, -0.20417551140829793, 0.228587676010504, 0.4235496742013132, 0.11337985376121745, 0.593398636766744, 0.4910814203087933, 0.2944187585767647, -0.011487828656276025]], "inverted": true, "swapped": true, "error_lsq": 0.051880030753976965, "error_max": 0.2696886279354553, "target": "112.xyz", "model": "24.xyz", "model_rescale": 3.7841303162186577, "target_rescale": 4.234829367726312},
{"mapping": [9, 14, 0, 2, 8, 1, 4, 10, 11, 7, 10, 13, 3, 5, 6, 15], "R": [[0.5611091785197329, 0.5762303100722507, -0.5942349026563055], [-0.24338912977152638, -0.5713065004857765, -0.7838179724985612], [-0.7911499360361284, 0.584437774495056, -0.1803171274540954]], "T": [-0.04392669695036511, 0.054005129737344795, 0.0682618451985125], "aligned_model": [[0.1542918696710227, 0.029706584186731416, -0.5667810238740134, 0.5922238426894837, 0.02627925706236317, -0.07413638549978935, 0.41483581215914, -0.6281356752539276, -0.4001570839555605, -0.6631929010184177, -0.6281356752539276, 0.13158105969282613, 0.37165419410073264, 0.8120461639067851, -0.11005345234750305, -0.04111112239605674], [0.10865448361622504, 0.6050466588283168, -0.46316224134207956, -0.27294902756656914, -0.4931816199178127, -0.657682751800512, -0.2753077709602318, 0.2874596799585124, 0.6303973591724118, 0.049213918990316255, 0.2874596799585124, 0.813041402799863, 0.4220684945567409, 0.1399766678904681, 0.06847271559816268, 0.06589271615752226], [-0.4793361428303945, -0.49762713281451665, 0.09042515857014641, -0.17091695374662524, -0.14414241243736883, 0.2818598971397889, 0.5559034313333034, -0.3893995448353629, 0.4292320356349084, 0.26648387449642374, -0.3893995448353629, 0.13940227536643926, 0.6520629843753312, 0.2393118424136411, 0.7875979234144157, 0.13651451860808322]], "inverted": true, "swapped": false, "error_lsq": 0.0483906893484001, "error_max": 0.38939521231299085, "target": "112.xyz", "model": "25.xyz", "model_rescale": 4.19342608120988, "target_rescale": 4.234829367726312},
{"mapping": [2, 14, 9, 0, 10, 4, 7, 3, 8, 5, 11, 15], "R": [[-0.256596016670858, -0.36570393370404863, -0.8946614539042318], [-0.7500509135695794, -0.5084577966992402, 0.42295897676866234], [-0.6095753532436236, 0.7795712294903778, -0.14382832429244458]], "T": [-0.025629051895779405, 0.12185805079498475, 0.05981470917438169], "aligned_model": [[-0.19610561541574492, 0.5299882739333069, 0.1325062353643397, -0.6134609268014896, -0.45511493430473127, -0.4043634897956508, -0.16974179487117252, -0.2847918648652659, 0.5267079266415766, 0.10215297783898836, 0.3497140214459666, 0.08031774546165735], [-0.5828147511882975, -0.32584421295434, -0.4472957707078216, 0.5485636923310804, -0.20353619448842303, -0.03724379528356646, 0.1904365077702066, 0.5264426208956877, -0.06401609223813522, -0.2755405820610641, 0.57749145790065, 0.10613354776500328], [0.12689747842465582, 0.03790690307081112, -0.4457399941441562, 0.019080566102089754, -0.35371067891666125, 0.3614106045795921, -0.7806356282077588, 0.5778447354356204, -0.5217749018017271, 0.6781385985036459, -0.23031586115620206, -0.019843360680488788]], "inverted": true, "swapped": true, "error_lsq": 0.04942958966995283, "error_max": 0.27078476551069697, "target": "112.xyz", "model": "26.xyz", "model_rescale": 3.795458400668931, "target_rescale": 4.234829367726312},
