[{"mapping": [4, 2, 0, 9, 12, 1, 6, 3, 5, 7, 10, 11, 8, 13], "R": [[0.9268282919724775, -0.08261788239470448, -0.3662835004583132], [-0.25024224260640576, 0.5913699142558813, -0.7665901411630004], [0.2799430963869212, 0.8021570357614568, 0.5274238833838456]], "T": [0.13570984600402272, 0.041682067220542456, -0.12275458719528365], "aligned_model": [[-0.7586503745043327, -0.4311161380530665, 0.22724337456581561, 0.12442668441537755, 0.6252867679766262, 0.540397884688848, -0.5125871549330561, -0.14014638946035549, 0.2907648660297434, -0.21320014102701842, 0.6113432877658372, 0.33270156166103504, -0.2710785573353186, 0.0949223960106968], [-0.05368859800810772, -0.3759105248716445, -0.6325131604053893, -0.586601160146924, -0.24439953565615735, 0.0038326548702571836, 0.4305254436219309, 0.1351752647708984, 0.7705950501940426, -0.1555231126674182, -0.1422096235803462, 0.42683023610863113, 0.4229391344108785, 0.017607263251096607], [0.20039933711505376, -0.4319195532524757, -0.48675299759850593, 0.25390978361447547, -0.006171732791492968, -0.5324363255643978, -0.23702668086828385, -0.556762265888834, -0.25331133523648985, 0.5181560309495751, 0.7463746320660565, 0.4248921902150651, 0.4247354814349641, 0.0331192399607656]], "inverted": false, "swapped": false, "error_lsq": 0.03353923756731813, "error_max": 0.19798262253419566, "target": "1120.xyz", "model": "0.xyz", "model_rescale": 3.8414455957264533, "target_rescale": 3.872100058942807},
{"mapping": [6, 8, 12, 10, 1, 11, 9, 13, 0, 5, 3, 4, 7, 14], "R": [[0.7856242142655495, -0.16639384607000673, 0.5959091222239085], [0.6186721773989787, 0.22103736551033626, -0.7539145972593029], [-0.006271433013654182, 0.9609659572733475, 0.2765955496563065]], "T": [-0.0334222429851828, 0.06194652164221023, 0.058593580956493536], "aligned_model": [[-0.6604604027375883, -0.47092811086445996, 0.12846555492167772, -0.054740641109301755, 0.8166341264918175, 0.5594205479163746, -0.5891450267632721, -0.0815164298256026, 0.4009093307246395, -0.08777778086898501, 0.5055653112379469, 0.199981202581052, -0.18633419702746662, 0.040234583124000384], [-0.24363718379203955, -0.33724134024426294, -0.49565396554471747, -0.6150896927424924, -0.08188494684541778, -0.12385413098896317, 0.37700473183028105, 0.25761718575381387, 0.6139847044824577, -0.2818920609012578, -0.1200436399452954, 0.3698258792749647, 0.6859025817471348, 0.011621209807542728], [0.4099750246484351, -0.4644169963689347, -0.4365463805138378, 0.15631149499195945, 0.13080555055306264, -0.5247424670363047, -0.18103152577579734, -0.672328399173816, -0.12064731357473096, 0.6181856552734506, 0.5968768516588054, 0.441412555916778, 0.07446089025681257, 0.06889086329959204]], "inverted": true, "swapped": false, "error_lsq": 0.048261302877762036, "error_max": 0.34210456035874615, "target": "1120.xyz", "model": "1.xyz", "model_rescale": 4.316132596720782, "target_rescale": 3.872100058942807},
{"mapping": [2, 7, 5, 9, 4, 3, 11, 0, 8, 1, 6, 13], "R": [[0.3302009807666109, -0.5977747405169991, 0.7305016576987371], [0.5959055902600223, -0.46816957416823385, -0.6524674530733231], [0.7320272124706997, 0.6507554144399946, 0.20162725703487655]], "T": [-0.07187071262683097, 0.07295590904914842, -0.07531341550212467], "aligned_model": [[-0.0963287640643286, 0.4501490145537623, 0.21356074833913918, -0.49204211299889034, -0.4550458755888084, -0.5939870213624208, -0.22109391259824512, -0.10100295847468017, 0.3447854542992811, 0.1452912979717973, 0.5895143361386835, -0.1859916515835095], [-0.5422240676530706, -0.3389043107928963, -0.5490719130245058, 0.47793242603251085, -0.4456314510520373, -0.056535428793752146, 0.40977572224964587, 0.5788574668066698, 0.09455369103615466, -0.08937616596272177, 0.44226152276471153, 0.03113893613027123], [0.15698336108477592, 0.08125500421753445, -0.407003854842773, 0.012806367659755125, -0.4719968630419395, 0.3252728110062606, -0.6763001292443931, 0.5176794708833394, -0.6503951382997195, 0.656781643291426, 0.05477547026828275, -0.15059968177312827]], "inverted": true, "swapped": true, "error_lsq": 0.048535856225223696, "error_max": 0.27456253041522755, "target": "1120.xyz", "model": "2.xyz", "model_rescale": 3.795458400668931, "target_rescale": 3.872100058942807},
{"mapping": [12, 8, 6, 2, 9, 3, 7, 11, 5, 4, 0, 13], "R": [[0.8898137856842614, -0.21362055140493696, 0.40323403480323217], [-0.40809709560965723, -0.7679108751668606, 0.49373033971534375], [0.20417685314747577, -0.6038867011434489, -0.7704756094912266]], "T": [0.03573382077796443, 0.06716495628575708, 0.07005194137319828], "aligned_model": [[-0.10787790317775107, 0.07084670963679278, -0.6506909087655525, 0.14121187074066727, 0.13560565150802623, 0.21934293254530673, -0.2798025489648936, 0.375702371163039, 0.25663569068910913, 0.7360142875286649, -0.48118519758420747, 0.17750087042436352], [-0.0774492826393281, -0.6157112025696829, -0.2189234995959381, 0.11965734911366491, 0.499902497581883, 0.6781133030731343, -0.2657356042258162, -0.18133655767758058, -0.48818905542799634, -0.05435837217091022, 0.6056919292679657, 0.08410754056031382], [-0.5985769377634881, -0.12291191592395359, -0.12415007544360518, 0.7174508308527777, -0.31863677593500883, 0.27710889712698994, 0.5762743455476169, -0.4952520143673026, 0.5403630760872872, 0.3307302136706064, -0.1562422587723167, 0.06261404555949722]], "inverted": false, "swapped": true, "error_lsq": 0.056102074378458204, "error_max": 0.33094045658443183, "target": "1120.xyz", "model": "3.xyz", "model_rescale": 3.7530521520055578, "target_rescale": 3.872100058942807},
{"mapping": [4, 3, 2, 1, 5, 0, 8, 9, 12, 6, 13], "R": [[-0.29250395134855345, -0.0195870033153821, -0.956063694398342], [-0.9539824251551301, -0.0630506093671176, 0.29315892132693444], [-0.06602250328955767, 0.9978181046461114, -0.00024310454951376181]], "T": [-0.1006066819385365, -0.07092496371037205, 0.03263690969112354], "aligned_model": [[-0.32934539553902087, -0.28207777363774833, 0.25987775386761514, 0.4511619249127734, 0.2690805150304067, -0.10662419123425851, -0.02547814512841083, -0.5784902724637587, -0.42014321343563205, 0.3026468187465108, -0.20240841867327175], [-0.743670501685851, 0.07404063723521126, -0.3636770441541492, 0.3222669672474899, -0.7327636575848998, 0.7000563913969695, -0.4200428929229632, 0.25821120249380347, 0.20363939700103878, 0.3290269648652233, -0.15988410557752672], [-0.22852559748440227, -0.5965657513905277, -0.43357504142712816, -0.3552106460028925, 0.09354009171438754, -0.08558820122915986, 0.6468520088048214, -0.07512087047452737, 0.5904119541659868, 0.5504834180961654, -0.013870587527406816]], "inverted": false, "swapped": true, "error_lsq": 0.04986015637999281, "error_max": 0.21882061363703598, "target": "1120.xyz", "model": "4.xyz", "model_rescale": 3.7855080009869324, "target_rescale": 3.872100058942807},
{"mapping": [7, 5, 0, 4, 1, 2, 10, 3, 14, 6, 11, 13, 8, 16], "R": [[0.06526411910237102, -0.929065267003898, 0.36411306541343424], [0.9340201459620107, 0.1853026122693568, 0.30540024365291096], [-0.3512078610949597, 0.32015726062847416, 0.8798592880523426]], "T": [0.06462964187905189, 0.12255273284732526, 0.012846012968498799], "aligned_model": [[-0.5740042031174781, -0.4312757833356578, 0.17119955154750882, -0.04683476639046806, 0.5850551194884968, 0.4897706102282176, -0.583639772680084, -0.03880214038845144, 0.4791856663439732, -0.06489806563542062, 0.5354768943563768, 0.2664897784470672, -0.35819030156180665, 0.09077548049855855], [-0.21645715185322845, -0.3516001304742821, -0.5385112859786393, -0.5876012968555431, -0.426643718851765, 0.1195176545999601, 0.3587373733067964, 0.05717282575109081, 0.6077840608321755, -0.1261459125918314, -0.06253164029426903, 0.4996245047015996, 0.5258938765822793, 0.15742017301740518], [0.20928577975764506, -0.41652575609165127, -0.3872928387910314, 0.18679348679681163, -0.012541359591105396, -0.5913324647265097, -0.2215209126683546, -0.6708527069105834, -0.2116339626524188, 0.6022937416177292, 0.626428010710999, 0.597599809887184, 0.4050820275858063, -0.018577050769045485]], "inverted": false, "swapped": false, "error_lsq": 0.04029721363725425, "error_max": 0.2575958642767631, "target": "1120.xyz", "model": "5.xyz", "model_rescale": 4.2253639853439635, "target_rescale": 3.872100058942807},
{"mapping": [12, 7, 3, 0, 4, 2, 11, 6, 5, 9, 1, 8, 8, 13], "R": [[-0.726098440926709, -0.3915176553724123, -0.5652388695193309], [-0.6769447045063584, 0.5511409770855663, 0.4878416653156701], [0.12052767783626078, 0.736856532107069, -0.6652184077177528]], "T": [0.10616902756136337, 0.019222995057640246, 0.026145424922927055], "aligned_model": [[-0.8139913365067146, -0.35659059626449, 0.19186628752410753, -0.035228073948677996, 0.7051979748910497, 0.5422780539245036, -0.48170955302477825, -0.12597200720698026, 0.19333638873443365, -0.1440427097934573, 0.5785089992377581, 0.07467297068167464, 0.07467297068167464, 0.11730869887072923], [-0.12345717643982915, -0.52472933354939, -0.45820584588161556, -0.7156396136709675, -0.3491397058990961, 0.1627947930251682, 0.48128490117206935, 0.03165207687453894, 0.5844522140073815, -0.06116602072485636, -0.1333423404464163, 0.5702235993385258, 0.5702235993385258, -0.018291815252289907], [-0.03936058646981681, -0.3193406251376443, -0.4912781483442933, 0.3143232438190791, -0.053757973074101836, -0.46310672682522597, -0.18938034666625464, -0.5735828685775385, -0.2452565788321554, 0.5770792867582536, 0.5668158897326332, 0.5173390813170434, 0.5173390813170434, -0.020626924861547324]], "inverted": false, "swapped": false, "error_lsq": 0.04589594487179136, "error_max": 0.31028808946406206, "target": "1120.xyz", "model": "6.xyz", "model_rescale": 3.89814844738969, "target_rescale": 3.872100058942807},
{"mapping": [4, 10, 11, 2, 8, 9, 3, 5, 1, 0, 12, 6, 13], "R": [[-0.5297044216927317, -0.8382188296084392, 0.12962414639652436], [0.4551324979749789, -0.4098594346695491, -0.79048697212504], [0.7157287439569721, -0.35972828287780817, 0.5986049845862954]], "T": [-0.08057390788518971, 0.04647100704883473, 0.03622126875754672], "aligned_model": [[0.12204373350556581, 0.017700531922732396, 0.39915205760524103, -0.29678400143041817, 0.6162617602748439, -0.34049450835466244, -0.6626661162709846, 0.3452772543698234, -0.6519972040825133, -0.6346830931861662, 0.21792032652262255, 0.07688430379829385, -0.05998324377015616], [-0.3544916644909407, 0.23241568411575209, 0.459206952232533, -0.572840794199714, 0.04515675999296304, 0.5112396284735257, -0.022400880189296805, -0.5835816024608537, -0.22002488650570245, 0.4918796725391847, 0.668496991155405, 0.2754024549982363, 0.03332294980939386], [-0.5731134836968501, -0.8782081720854662, -0.2742818997551938, -0.015860212707250743, 0.17480747966903598, -0.21823204950274022, -0.28976660736218846, 0.026589303800149178, 0.4965793596133339, 0.35715703906771945, 0.14841329385087876, 0.7528363962608716, -0.10464541631600346]], "inverted": true, "swapped": true, "error_lsq": 0.04121951866605738, "error_max": 0.22511129426187512, "target": "1120.xyz", "model": "7.xyz", "model_rescale": 3.7474275329858107, "target_rescale": 3.872100058942807},
{"mapping": [13, 4, 9, 11, 7, 5, 2, 8, 3, 12, 10, 0, 1, 14], "R": [[0.9359547810079812, 0.25072039853827477, -0.24724063109673328], [0.16592995088253293, 0.30526000748863924, 0.9377012206604813], [0.31057350065390726, -0.9186705664082446, 0.244107540044819]], "T": [0.056094646176381345, 0.012675556250895594, 0.07171702004388819], "aligned_model": [[-0.7162751425260971, -0.578061055397396, 0.28750623668827946, 0.17700922956346032, 0.6571353724411237, 0.550259291420282, -0.4857876011969993, -0.08053695722286666, 0.32472189310118643, -0.18629994827079965, 0.5668358765766343, 0.31924931120295036, -0.3129660685551683, -0.002482370023757209], [-0.42725263982106826, -0.07866306497630532, -0.5602750627278433, -0.5811834158089587, -0.301869391254368, 0.029287702567231462, 0.5632087285430151, 0.03571859667702009, 0.5640832393948501, -0.23684922084971086, -0.1325781901089911, 0.5392587956582902, 0.580494358359824, 0.023278896238763662], [0.2059553174598091, -0.377426217998621, -0.37383511391692253, 0.21024911169852797, 0.010978619553923263, -0.4464979971136835, -0.26274725613130534, -0.5961236339275477, -0.2996635208626442, 0.581250988484693, 0.6132962888734068, 0.3678132069104713, 0.3975663976146796, 0.0663896135106884]], "inverted": true, "swapped": false, "error_lsq": 0.04543302204836157, "error_max": 0.35215290563056834, "target": "1120.xyz", "model": "8.xyz", "model_rescale": 4.019505241142653, "target_rescale": 3.872100058942807},
{"mapping": [7, 6, 8, 5, 2, 4, 11, 1, 3, 0, 12, 9, 13], "R": [[0.8403973475840345, -0.4379060552143861, 0.31932833413321515], [0.04038474052471834, 0.6381581946350806, 0.7688453624447803], [-0.5404640329443491, -0.6332396113847186, 0.5539911765243739]], "T": [0.05181592234949768, -0.046348787571502334, 0.043383440766323944], "aligned_model": [[-0.20836391265048915, -0.6941790873299041, -0.05387870431096785, 0.2716313148485812, 0.28507194958647464, 0.762345372478594, 0.23669708837059228, -0.3240879450576179, 0.3615129478843067, -0.41134478285573245, -0.2363753028081969, 0.1401820765864295, 0.19048975699910609], [-0.5610281320121692, 0.03434448570949454, 0.23476737066535341, -0.38551986695238943, -0.6585567732977081, -0.13684950997906625, 0.6045281038732975, -0.653556631400771, -0.2861467303566199, -0.003673628871537063, 0.590140392282469, 0.2964978746665245, -0.01156872621281909], [-0.32275687683480364, -0.1231097375744245, -0.6005033233416391, -0.6008622033981762, -0.018255835663650133, -0.20171109785638888, -0.15429915002682748, 0.3587707160255109, 0.5878349724045098, 0.669551652333405, 0.022658454785106447, 0.5155726720716438, 0.043813251119613074]], "inverted": false, "swapped": true, "error_lsq": 0.04913123800407216, "error_max": 0.2975876129798276, "target": "1120.xyz", "model": "9.xyz", "model_rescale": 3.877068213659057, "target_rescale": 3.872100058942807},
{"mapping": [13, 14, 9, 2, 8, 11, 6, 10, 12, 4, 1, 5, 3, 15], "R": [[-0.19600813308298198, 0.26451389336788245, -0.9442527267531127], [0.9542349768518038, -0.17034711231662353, -0.2457996547557077], [-0.22586814896740415, -0.9492177102966168, -0.21901898945362336]], "T": [0.03694825631727647, -0.005066927390539294, 0.03518270490091966], "aligned_model": [[-0.7159018479428476, -0.42783982924374475, 0.11192246514860432, -0.1599943829605981, 0.665868500084887, 0.5120277121245056, -0.36503120001803935, -0.07258123269355554, 0.22294519587716186, -0.09863500440254275, 0.6578828119291409, 0.3329684827950177, -0.25818700890905344, 0.11486340601189687], [-0.17777154764850048, -0.3982589705161361, -0.5346455535650001, -0.6249537639310646, -0.4396216436433875, 0.14364253978197408, 0.4003711757670213, 0.030893364664510863, 0.6905104108576128, -0.1395611277467851, 0.07922264744113483, 0.5415571394350518, 0.4059539923542619, 0.03932066864105505], [0.06725029945905128, -0.45358472382344295, -0.3515609448322595, 0.1667473835481537, -0.06943307483518832, -0.5096478020522779, -0.19792035453247975, -0.6647608127433396, -0.1642477860063188, 0.6845047892535825, 0.6353844671652655, 0.5090704525011801, 0.418220981682949, 0.027182929370599598]], "inverted": false, "swapped": false, "error_lsq": 0.0403828097937798, "error_max": 0.25636674650268937, "target": "1120.xyz", "model": "10.xyz", "model_rescale": 4.260839863003843, "target_rescale": 3.872100058942807},
{"mapping": [10, 12, 6, 8, 7, 5, 4, 9, 0, 1, 2, 13], "R": [[0.000689154874741331, 0.49089267251105334, -0.8712197823399755], [-0.6205558829939083, 0.6833876389774385, 0.3845669395235285], [0.7841619227858553, 0.540375535130707, 0.3050972957680754]], "T": [0.04568568371151621, -0.007205727678356288, -0.028202481204930952], "aligned_model": [[0.7227349546788031, 0.11420506064536917, -0.42518888347038714, -0.41731431331901553, -0.5566484075180198, -0.4784120970697821, 0.16884504247866522, 0.5863103885414496, 0.3298504506718643, -0.10559645596282027, -0.106623877426339, 0.12673678684434236], [0.23301355647453617, -0.6557771794351318, -0.5656544310894756, -0.20515894332264764, 0.2172887945903744, 0.4604487775395962, 0.5810354356065354, -0.2424517360801731, -0.4330767618603075, 0.12306504127233442, 0.5953910265442482, 0.06495492529304504], [-0.6317863369642475, -0.27972256056978195, 0.21086262476637502, -0.5294343045022754, 0.2029748496940419, -0.31979990544308184, -0.48854791594392116, -0.0017577229029652648, 0.5602785164972519, 0.7265275748464898, 0.18786542898652353, -0.12128217106890439]], "inverted": true, "swapped": true, "error_lsq": 0.053952049539919465, "error_max": 0.3414567410768584, "target": "1120.xyz", "model": "11.xyz", "model_rescale": 3.890672605050136, "target_rescale": 3.872100058942807},
{"mapping": [9, 5, 8, 6, 0, 3, 12, 7, 4, 11, 1, 2, 10, 13], "R": [[-0.7338446699801725, 0.22949163199056144, 0.6393790668985033], [-0.632580127545743, -0.5739350919241705, -0.5200393182175804], [0.24761741169777135, -0.7860865735428275, 0.5663510539584028]], "T": [0.03450723932499872, -0.10102059446841177, 0.08695807935799987], "aligned_model": [[-0.6968471091616368, -0.5329048807175152, 0.24271001632785041, 0.047137163374687874, 0.6175116590321976, 0.6468468848044691, -0.45453584171675737, -0.1258789159074405, 0.37131680594775346, -0.13065898780365587, 0.6482150467876713, 0.1983601624272618, -0.33273603195202556, 0.02177209635797199], [-0.32246064419008863, -0.281102713431957, -0.5797056662419227, -0.6211127048851603, -0.1505754648030815, 0.05251702295452415, 0.3611785905052641, 0.1366603238030903, 0.5027190810145103, 0.04180614919547396, -0.27200305502211536, 0.45288046322969916, 0.6816265277804616, 0.014231421983050302], [0.2349632730180589, -0.4136276758263831, -0.40973423138137793, 0.33475441839937686, 0.007304446828139161, -0.5872299616307144, -0.23294960270032306, -0.7160040820019069, -0.02756163031814947, 0.5920153064181704, 0.5335294797326754, 0.5015783532694984, 0.31529197123537556, -0.035124260886964964]], "inverted": true, "swapped": false, "error_lsq": 0.04231069714863622, "error_max": 0.22086138269136152, "target": "1120.xyz", "model": "12.xyz", "model_rescale": 4.124412569039231, "target_rescale": 3.872100058942807},
{"mapping": [7, 12, 11, 1, 8, 5, 0, 2, 9, 3, 4, 10, 13], "R": [[-0.9220693653906035, -0.32271664238044756, -0.21364001062268317], [0.2826164065295645, -0.18430986944336863, -0.9413595693389878], [0.26441643702403556, -0.9283769927978929, 0.26115150214972055]], "T": [0.036001401107218875, 0.10671124498565766, 0.058413231420771525], "aligned_model": [[-0.14234113812653004, 0.10518739097442242, 0.5464594686780108, -0.6595056424722826, 0.4526153142968558, 0.42854148492472915, -0.6375601577988538, -0.013716022168849401, -0.03821657999170332, -0.16250297724308788, 0.6410024866705504, 0.7000915382832221, 0.14724314148327344], [-0.5200076566475154, 0.6284975728721945, 0.5334440875103716, -0.21478774941720957, -0.017100402594795824, -0.5378521771419005, 0.4994016663467461, -0.4398757896756237, 0.6529680773110976, 0.20578274792377077, -0.11756829331212838, 0.5412092801832059, 0.13337401315026381], [0.26350946089103194, 0.5183637833388819, 0.2912905004521831, -0.091194808015875, 0.6204553444162296, 0.15253313019147346, 0.03528972544390472, -0.3045980408437437, -0.1523241539726749, -0.5745351237975598, -0.3375491257394134, -0.44219663448737573, -0.027345976909223246]], "inverted": true, "swapped": true, "error_lsq": 0.046390947922805945, "error_max": 0.2926867150315073, "target": "1120.xyz", "model": "13.xyz", "model_rescale": 3.9028299243045295, "target_rescale": 3.872100058942807},
{"mapping": [2, 8, 5, 4, 10, 13, 1, 12, 11, 3, 7, 9, 6, 15], "R": [[0.042773595695248065, 0.10317347302761981, 0.9937432535492848], [-0.38166999031298765, 0.9209007230752118, -0.07918255321746087], [-0.9233084197632898, -0.3758950554383113, 0.07876845365528963]], "T": [-0.023470568505551896, -0.04382803161115049, -0.0035484414826520106], "aligned_model": [[-0.7594882412549163, -0.4512537642895977, 0.11005955087002417, 0.19354233265100038, 0.6932056005546599, 0.4652062074925104, -0.3474553965273251, -0.07589804525878494, 0.1211863281902043, -0.23119086021236807, 0.5554428335680504, 0.3931192848433272, -0.19035683160100839, 0.04418906877505619], [-0.037244751061871056, -0.46387272276878483, -0.41770502623651007, -0.6299091278366684, -0.2307953221012148, -0.1476553424338072, 0.5190390542605446, 0.1453522273964456, 0.6379518287598871, -0.2336410046752552, -0.006217573313052935, 0.4987673638580484, 0.3694334753898607, 0.013156252654126989], [-0.023154955033078423, -0.49044797361705444, -0.3267937566298415, 0.2587064407625031, 0.0787382709134379, -0.6224719019547115, -0.023876515587541527, -0.6711579667622081, -0.2487163279782698, 0.5527902691136463, 0.6922048784255932, 0.3609904280032304, 0.49220569543455434, 0.06818921906521482]], "inverted": false, "swapped": false, "error_lsq": 0.050835804400963795, "error_max": 0.3094139087904042, "target": "1120.xyz", "model": "14.xyz", "model_rescale": 3.942246331269136, "target_rescale": 3.872100058942807},
{"mapping": [7, 2, 1, 0, 12, 3, 9, 5, 4, 8, 13, 11, 6, 14], "R": [[0.10390729535238219, -0.8793951685346175, 0.464615337166698], [0.864822957010488, 0.31059955731554334, 0.3944732792256331], [-0.49120721391301714, 0.3608213582278081, 0.7927946899711495]], "T": [0.06547646255016129, 0.12904046455990045, -0.006421633490267358], "aligned_model": [[-0.7309886115880838, -0.45965390250932325, 0.3482425201514978, -0.22744946581130207, 0.7012780850666854, 0.5593415911861067, -0.6221527668194791, -0.07194674781338473, 0.48795455574365576, -0.14284385400346192, 0.7599839776279657, 0.18403941980961558, -0.31841334284932765, 0.052916609609667944], [-0.10485920570425625, -0.32112690765977836, -0.4793398670868848, -0.5384108351773492, -0.38258990742357124, 0.06136226101707018, 0.46858602038488995, -0.05244045498679009, 0.5296355545892439, -0.17132092019226677, 0.13130730536504517, 0.5113654710404065, 0.33171038407450226, 0.03278043365148793], [0.19830706029083792, -0.3292766401431114, -0.4609083379322826, 0.09063837805356295, 0.03904173013538253, -0.5241714050819725, -0.25144645788235853, -0.5988396407140336, -0.07497680498429726, 0.6756535900361045, 0.4161703913262613, 0.5884577149848026, 0.3462012675991375, -0.01764504153255821]], "inverted": false, "swapped": false, "error_lsq": 0.05229643602582569, "error_max": 0.42489531829946914, "target": "1120.xyz", "model": "15.xyz", "model_rescale": 4.355366556412066, "target_rescale": 3.872100058942807},
{"mapping": [2, 7, 5, 9, 4, 3, 11, 0, 8, 1, 6, 13], "R": [[0.3302009807666109, -0.5977747405169991, 0.7305016576987371], [0.5959055902600223, -0.46816957416823385, -0.6524674530733231], [0.7320272124706997, 0.6507554144399946, 0.20162725703487655]], "T": [-0.07187071262683097, 0.07295590904914842, -0.07531341550212467], "aligned_model": [[-0.0963287640643286, 0.4501490145537623, 0.21356074833913918, -0.49204211299889034, -0.4550458755888084, -0.5939870213624208, -0.22109391259824512, -0.10100295847468017, 0.3447854542992811, 0.1452912979717973, 0.5895143361386835, -0.1859916515835095], [-0.5422240676530706, -0.3389043107928963, -0.5490719130245058, 0.47793242603251085, -0.4456314510520373, -0.056535428793752146, 0.40977572224964587, 0.5788574668066698, 0.09455369103615466, -0.08937616596272177, 0.44226152276471153, 0.03113893613027123], [0.15698336108477592, 0.08125500421753445, -0.407003854842773, 0.012806367659755125, -0.4719968630419395, 0.3252728110062606, -0.6763001292443931, 0.5176794708833394, -0.6503951382997195, 0.656781643291426, 0.05477547026828275, -0.15059968177312827]], "inverted": true, "swapped": true, "error_lsq": 0.048535856225223696, "error_max": 0.27456253041522755, "target": "1120.xyz", "model": "16.xyz", "model_rescale": 3.795458400668931, "target_rescale": 3.872100058942807},
{"mapping": [4, 10, 11, 2, 8, 9, 3, 5, 1, 0, 12, 6, 13], "R": [[-0.5297044216927317, -0.8382188296084392, 0.12962414639652436], [0.4551324979749789, -0.4098594346695491, -0.79048697212504], [0.7157287439569721, -0.35972828287780817, 0.5986049845862954]], "T": [-0.08057390788518971, 0.04647100704883473, 0.03622126875754672], "aligned_model": [[0.12204373350556581, 0.017700531922732396, 0.39915205760524103, -0.29678400143041817, 0.6162617602748439, -0.34049450835466244, -0.6626661162709846, 0.3452772543698234, -0.6519972040825133, -0.6346830931861662, 0.21792032652262255, 0.07688430379829385, -0.05998324377015616], [-0.3544916644909407, 0.23241568411575209, 0.459206952232533, -0.572840794199714, 0.04515675999296304, 0.5112396284735257, -0.022400880189296805, -0.5835816024608537, -0.22002488650570245, 0.4918796725391847, 0.668496991155405, 0.2754024549982363, 0.03332294980939386], [-0.5731134836968501, -0.8782081720854662, -0.2742818997551938, -0.015860212707250743, 0.17480747966903598, -0.21823204950274022, -0.28976660736218846, 0.026589303800149178, 0.4965793596133339, 0.35715703906771945, 0.14841329385087876, 0.7528363962608716, -0.10464541631600346]], "inverted": true, "swapped": true, "error_lsq": 0.04121951866605738, "error_max": 0.22511129426187512, "target": "1120.xyz", "model": "17.xyz", "model_rescale": 3.7474275329858107, "target_rescale": 3.872100058942807},
{"mapping": [1, 3, 8, 0, 4, 5, 11, 10, 12, 2, 6, 9, 7, 13], "R": [[-0.18428781362560753, 0.6053907928272116, -0.7742996769398354], [0.22563373931873076, -0.7406952237645136, -0.6328190903990526], [-0.9566229233246193, -0.29132897805140734, -9.548498424255536e-05]], "T": [-0.013916764693141279, 0.027033515726645252, -0.008096168938895955], "aligned_model": [[-0.6338262534681671, -0.45351853899957073, 0.17441859122318804, 0.004385610317368685, 0.7103380407938437, 0.5546698415212787, -0.581782286612908, 0.0014482139516807657, 0.21440260345434192, -0.1060153073979478, 0.48628127139455213, 0.48315811587024804, -0.3279116437521307, -0.0057401904949453235], [-0.18818178514154782, -0.2968000008116367, -0.519406473167127, -0.7351341005043646, -0.37788465550641215, 0.19530411702044623, 0.3645501321464054, 0.14533966344890997, 0.721378322920714, -0.10699535102759622, -0.1217421262407189, 0.341223893686856, 0.6267348622190916, -0.03172716715127111], [0.2107942529816986, -0.4111734752987598, -0.4356328146996349, 0.3352810851397396, 0.018775253704715247, -0.4223596269509252, -0.3002398740934, -0.6879542006674462, -0.1661862640266816, 0.6828356982650327, 0.559941280981041, 0.31116099286986776, 0.32233505382338257, 0.07962844212684475]], "inverted": true, "swapped": false, "error_lsq": 0.04102314226090015, "error_max": 0.26676257693597716, "target": "1120.xyz", "model": "18.xyz", "model_rescale": 3.922800546911778, "target_rescale": 3.872100058942807},
{"mapping": [7, 11, 10, 2, 1, 6, 13, 4, 8, 3, 0, 5, 12, 14], "R": [[-0.4756224079565099, -0.3452079666857654, -0.809082681056968], [-0.8139530180781094, -0.17606691007108993, 0.5536071960691588], [-0.3335623021433756, 0.9218632777775122, -0.19724169861901214]], "T": [0.06584850346042423, 0.0237627949677197, -0.004750964057949051], "aligned_model": [[-0.677665667153654, -0.4964925286225699, 0.05972556387199429, 0.2534592555158204, 0.793586579872575, 0.5027812450509044, -0.4406958372261375, -0.05853238732690763, 0.27561595429718255, -0.13834696378412767, 0.4057716697256879, 0.38718876349886033, -0.3277247518340246, -0.018362828084771146], [-0.10297415930092026, -0.21899112688139594, -0.5932476324537634, -0.6534140175255536, -0.10542981030187824, 0.0012197536437906498, 0.38891149784778695, 0.02458015838434234, 0.5556978774255071, -0.12439875499557741, -0.15179536166428126, 0.4888345905094554, 0.5135137416532964, -0.005847424449060223], [0.2585652746692204, -0.3681883174374708, -0.5242327147742388, 0.13439907411109092, 0.0363536198645596, -0.5379951506434253, -0.29092049864122094, -0.7177698032313332, -0.2225429258969803, 0.5830428857349507, 0.7382660009926816, 0.5080671152408716, 0.46838553580654607, 0.03177570836022315]], "inverted": false, "swapped": false, "error_lsq": 0.04280597470760717, "error_max": 0.30882033870962583, "target": "1120.xyz", "model": "19.xyz", "model_rescale": 3.9282355846067225, "target_rescale": 3.872100058942807},
{"mapping": [9, 11, 0, 10, 1, 3, 8, 4, 6, 12, 2, 7, 7, 13], "R": [[0.09529717641772334, -0.6361059638136832, -0.7656942281142483], [0.2979484166472943, 0.7521586482572984, -0.5877789625948892], [0.9498132391076572, -0.17212370740958094, 0.2612053601352801]], "T": [0.03972550038554721, 0.10676060927604568, -0.022904731827383888], "aligned_model": [[-0.6279058554158117, -0.3260650098224086, 0.23993674475028506, 0.028736365670569176, 0.6714063495369704, 0.5501716493528566, -0.5528611609356675, -0.10421973586164077, 0.22525219352297904, -0.4493533443438654, 0.6021710125299768, 0.06495560632430791, 0.06495560632430791, 0.13312764616797343], [-0.006483731201512313, -0.4428165484177473, -0.5086508841252115, -0.6421608128729249, -0.2888253000572049, 0.11867614268895847, 0.4395055770389262, 0.05113601541336606, 0.717315306736385, -0.03862364727697333, -0.14805603918066984, 0.3947115602472165, 0.3947115602472165, -0.02377986734807576], [0.11805241534304867, -0.3013386049624061, -0.49341630407231407, 0.40280678006305665, -0.10031202772986811, -0.5757680225326776, -0.3645820860386944, -0.635728946801927, -0.16307199476587014, 0.6571391247379368, 0.522475623427327, 0.5289516516355058, 0.5289516516355058, -0.026953455783148388]], "inverted": false, "swapped": false, "error_lsq": 0.05085907461180629, "error_max": 0.34095241151099853, "target": "1120.xyz", "model": "20.xyz", "model_rescale": 4.067790424073018, "target_rescale": 3.872100058942807},
{"mapping": [4, 6, 11, 13, 9, 12, 2, 3, 0, 5, 1, 7, 8, 14], "R": [[0.8970808002370002, 0.39136738723709197, 0.20512826731914735], [0.21856458679912802, 0.010443428641185873, -0.9757665992416134], [-0.38402546692045036, 0.9201752566796331, -0.07617045195547636]], "T": [0.01849756324998704, -0.03873305326516438, 0.006104849059552705], "aligned_model": [[-0.7156583758754012, -0.5854778084730069, 0.16482032091626486, 0.12426007795307219, 0.7846266553156696, 0.6015360664826096, -0.4940606862978692, -0.06240644948473244, 0.06369831567627075, -0.24358664384437229, 0.46633911317740623, 0.42275110074085365, -0.09200016864215706, 0.0854665501562246], [0.14359848190693258, -0.3380114229062646, -0.48396656865528964, -0.699300623864458, -0.002012020966504019, -0.0066980593776192615, 0.3806313079718816, 0.08200126855283713, 0.6504063553017408, -0.24279143323591837, -0.12757814580070187, 0.4630164752272843, 0.27596180284390925, -0.07859808510608166], [0.2711383621573949, -0.29918699575849644, -0.43930397588830883, 0.2124741302847992, 0.13159460779078974, -0.489933183567559, -0.3332172764843234, -0.832121123402162, -0.15973180871282525, 0.49409887239725536, 0.6879036441375269, 0.3822570061615852, 0.4686254383420567, 0.0026081066977419213]], "inverted": false, "swapped": false, "error_lsq": 0.050469551988194486, "error_max": 0.3127128898831604, "target": "1120.xyz", "model": "21.xyz", "model_rescale": 4.186013935880536, "target_rescale": 3.872100058942807},
{"mapping": [12, 6, 8, 10, 3, 11, 9, 0, 5, 7, 1, 2, 13], "R": [[-0.9607661779987009, -0.21615015966308074, -0.17380293349478676], [-0.15157089584374442, -0.11562036437779732, 0.9816609368179372], [-0.23228132672880392, 0.9694900926872694, 0.07832206224517202]], "T": [0.014860895229945596, -0.030940199040305406, 0.029222840276186112], "aligned_model": [[0.0025990035132220438, -0.4400107500335312, 0.3813869593419141, 0.6940174388930844, -0.1264433298593966, 0.4695823288914454, -0.0751966764846555, -0.678287351776676, 0.43915215234053184, -0.13978357782382103, -0.6389614290692784, 0.03856522118238532, 0.13195404630800095], [-0.3777610918475881, 0.2075720721505909, 0.2544263232898134, -0.6255033777220768, -0.3229802241109933, -0.37577046062897695, -0.6132692257201603, -0.3877681974405853, 0.5962161634574276, 0.6338961900089289, 0.24736842885903546, 0.3700689834375022, -0.08753892418682471], [-0.5775449058152506, -0.5425669988081009, -0.508375900217103, 0.28545614506873845, 0.6162394593091244, -0.3845653767266383, 0.06235318355922537, 0.0038274780482645196, 0.10035724834277653, 0.056144375474750916, 0.3525414020996248, 0.5504100743176075, 0.08860337668232661]], "inverted": true, "swapped": true, "error_lsq": 0.048359896794549516, "error_max": 0.35669915330393415, "target": "1120.xyz", "model": "22.xyz", "model_rescale": 4.166573947596378, "target_rescale": 3.872100058942807},
{"mapping": [8, 4, 2, 3, 12, 6, 7, 1, 13, 9, 11, 14, 10, 15], "R": [[0.7925191513928587, 0.5921478262429474, -0.14585728144763666], [-0.3848266126908897, 0.6711226771677983, 0.6336425099028496], [0.4730981640636527, -0.4460440606788517, 0.7597518167748741]], "T": [0.02371204112830117, -0.015328339073441867, 0.007142210129356458], "aligned_model": [[-0.7353577384993039, -0.4492214537799716, 0.2342056752560402, -0.060384176985934825, 0.6596207139132055, 0.5678481481239289, -0.4413029019566891, -0.0015391821059786495, 0.13748601378437417, -0.0673037003196939, 0.4908960102492883, 0.3718825640218223, -0.209981844760674, 0.02345994086041857], [-0.17884880857989374, -0.49932836113811135, -0.521062578744192, -0.5902827683032038, 0.03200485613517913, -0.010415737082290023, 0.489280123780499, -0.08927036160355348, 0.8206231740150719, -0.1039235432275136, -0.4967548345633864, 0.5186737911318874, 0.6494802366111768, -0.0035158565399212617], [0.23331308785165378, -0.2790944077234959, -0.38367046623290957, 0.16135596575454583, 0.15800997917729043, -0.5248346647178336, -0.19415619913922608, -0.7013731488407017, -0.06394709853814556, 0.5939268306603175, 0.4219445677203355, 0.475753749834119, 0.2608309140528416, -0.06085330570331653]], "inverted": false, "swapped": false, "error_lsq": 0.050420947984699545, "error_max": 0.43719022080563585, "target": "1120.xyz", "model": "23.xyz", "model_rescale": 4.274766983524099, "target_rescale": 3.872100058942807},
{"mapping": [0, 11, 10, 3, 4, 2, 1, 7, 6, 8, 13], "R": [[-0.6616051748489631, 0.7498130769380265, 0.0076773866518692335], [0.7031833828113654, 0.6168403387259931, 0.3536115476880908], [0.2604068408299556, 0.23934984055380393, -0.9353608560741844]], "T": [0.0007309045557208418, 0.09715967780149475, 0.011609575347331185], "aligned_model": [[0.3579802270028592, 0.1579133909761732, -0.5332328355683716, -0.44365918286959616, -0.6396190423306578, -0.4782124082360642, 0.018700545049638608, 0.03599336868332637, 0.7143724467200288, 0.29535506652878885, -0.10569687199805003], [-0.4340186460785244, 0.7426230792635269, 0.6704244118866024, -0.2478333150448686, 0.48342417690626627, -0.1910557804745437, -0.6685094088944686, -0.16239539412932885, -0.07473138388021015, 0.6164615775521309, 0.18119721413690115], [-0.43409003991441, -0.22412511324262938, -0.504786357650371, -0.35354800211379367, 0.12936141343778132, 0.35881491109390357, 0.16294416568780531, 0.6425095908538963, 0.23944537030646743, 0.3967198889163338, -0.03367939335340632]], "inverted": false, "swapped": true, "error_lsq": 0.05077745063392107, "error_max": 0.3261708044638376, "target": "1120.xyz", "model": "24.xyz", "model_rescale": 3.7841303162186577, "target_rescale": 3.872100058942807},
{"mapping": [3, 5, 2, 4, 8, 9, 13, 12, 14, 6, 0, 7, 11, 15], "R": [[-0.43627355156872444, 0.2798844930865737, -0.8551783783113813], [0.25805611719260924, 0.9493898680891553, 0.17906959191647004], [0.8620164897385005, -0.14256068497074675, -0.4864195951229614]], "T": [0.1850249050951163, 0.04266608767514364, 0.07909017596170796], "aligned_model": [[-0.6054212736987243, -0.3448748393787, 0.2750351771612425, -0.13001678335732395, 0.6334109809976844, 0.4301762149705247, -0.4046804822750558, -0.1534194186048294, 0.18913831886478047, -0.2726883147155199, 0.7112456469175598, 0.319546703925906, -0.2583961965896665, 0.13125233358295474], [-0.11211268677822843, -0.4488349291266636, -0.4973785580048952, -0.6267104303558547, -0.3387647635947976, 0.14172231666031365, 0.4831684018407262, 0.07303223887357452, 0.5905749337847278, -0.13687622226991508, -0.04386157391252922, 0.3385310876758312, 0.566021189524583, 0.02814832757487617], [0.09459040312390181, -0.41787235455046007, -0.4396033361647935, 0.17598266537181378, 0.025069658794176233, -0.44266590430160135, -0.18587258480365448, -0.5989254898195603, -0.4945629757707526, 0.6085140322368119, 0.5859773863030227, 0.6422716276397449, 0.4239158320714336, 0.1203868440253924]], "inverted": false, "swapped": false, "error_lsq": 0.044885068989872004, "error_max": 0.3331847647983126, "target": "1120.xyz", "model": "25.xyz", "model_rescale": 4.19342608120988, "target_rescale": 3.872100058942807},
{"mapping": [2, 7, 5, 9, 4, 3, 11, 0, 8, 1, 6, 13], "R": [[0.3302009807666109, -0.5977747405169991, 0.7305016576987371], [0.5959055902600223, -0.46816957416823385, -0.6524674530733231], [0.7320272124706997, 0.6507554144399946, 0.20162725703487655]], "T": [-0.07187071262683097, 0.07295590904914842, -0.07531341550212467], "aligned_model": [[-0.0963287640643286, 0.4501490145537623, 0.21356074833913918, -0.49204211299889034, -0.4550458755888084, -0.5939870213624208, -0.22109391259824512, -0.10100295847468017, 0.3447854542992811, 0.1452912979717973, 0.5895143361386835, -0.1859916515835095], [-0.5422240676530706, -0.3389043107928963, -0.5490719130245058, 0.47793242603251085, -0.4456314510520373, -0.056535428793752146, 0.40977572224964587, 0.5788574668066698, 0.09455369103615466, -0.08937616596272177, 0.44226152276471153, 0.03113893613027123], [0.15698336108477592, 0.08125500421753445, -0.407003854842773, 0.012806367659755125, -0.4719968630419395, 0.3252728110062606, -0.6763001292443931, 0.5176794708833394, -0.6503951382997195, 0.656781643291426, 0.05477547026828275, -0.15059968177312827]], "inverted": true, "swapped": true, "error_lsq": 0.048535856225223696, "error_max": 0.27456253041522755, "target": "1120.xyz", "model": "26.xyz", "model_rescale": 3.795458400668931, "target_rescale": 3.872100058942807},
{"mapping": [4, 11, 10, 3, 0, 7, 5, 2, 8, 9, 1, 6, 13], "R": [[-0.2332524766447603, -0.38939790530431506, -0.8910457639670913], [0.9680092915990259, -0.18011996608921868, -0.17468488541934807], [-0.09247320431907602, -0.9032862609165659, 0.41895421864725507]], "T": [-0.0774186127722917, -0.002311942970148251, -0.03216862748640596], "aligned_model": [[0.027880495332215066, 0.5697584067272045, 0.6086695392101468, -0.14165739372431527, -0.10501831997670533, -0.6877218608901334, -0.4070468647785055, -0.5898653196493829, 0.07700199271464916, 0.3304084737948718, -0.7284004363055727, -0.25275770147785626, -0.001574628155358776], [-0.7397553791203176, -0.12020320974836034, -0.5159416254936503, -0.03636979727488197, 0.7109113169074992, -0.07803415473902778, -0.5834071298072986, -0.35729836035836726, -0.18054360739545797, 0.23468764866348354, 0.34411300550293156, 0.5545233925796956, -0.11080059645933397], [-0.167087452826512, 0.2211369877652803, -0.4141137644755749, -0.6989191152059162, -0.3467738959183293, 0.2652253843719211, 0.3312620773348559, -0.24285656854812931, 0.6380369856782395, -0.38688448872004305, -0.2884626715832958, 0.46776191799803596, -0.08618873377110649]], "inverted": true, "swapped": true, "error_lsq": 0.05975265084594383, "error_max": 0.3228806037178358, "target": "1120.xyz", "model": "27.xyz", "model_rescale": 3.6321398670334006, "target_rescale": 3.872100058942807},
