[{"mapping": [7, 9, 11, 12, 6, 8, 2, 1, 0, 3, 5, 13], "R": [[0.21620993372959862, 0.6746876950829792, -0.7057264191315638], [0.4028541900768675, -0.7200721149507423, -0.5649819915783831], [-0.8893603128620895, -0.16215012603751514, -0.427487509211514]], "T": [0.026226243240965723, 0.04153111850961078, -0.07078579877497355], "aligned_model": [[-0.14203789922037502, -0.4484609876839074, 0.5725336124686676, -0.0030824443599423365, 0.08311364075132219, 0.32564013716241164, -0.6431846270665826, 0.06181541876488097, -0.6176771443534939, -0.10177034766546489, 0.7045063469589947, 0.02423081972685829], [-0.652159877108506, -0.1942513185091516, -0.2862102278210792, 0.2925935165451451, -0.3224561973760584, -0.6720319580816602, -0.046235667524545075, 0.6165083665604867, 0.4408182416844364, 0.18736036845350823, 0.1721526988621953, -0.10121703521357722], [-0.31953157951419403, -0.5765741408258714, -0.35573440655563066, -0.5915818059575989, 0.5991569913694521, 0.037649377598273456, 0.29724181349485207, -0.1051178280237851, -0.2169728546033805, 0.41455017596300575, 0.23788127768128003, -0.14926410882953356]], "inverted": false, "swapped": false, "error_lsq": 0.04779843940321602, "error_max": 0.32668401526102947, "target": "1121.xyz", "model": "0.xyz", "model_rescale": 3.8414455957264533, "target_rescale": 3.824804527054565},
{"mapping": [6, 8, 10, 12, 7, 5, 9, 11, 13, 0, 1, 14], "R": [[0.30777867954755217, 0.3270015237703937, 0.8935000211907138], [0.5867161995109017, -0.8045116993852787, 0.09233107160482393], [0.7490236215550543, 0.4958134013961826, -0.4394686397781974]], "T": [0.014903777728755353, -0.1523132298651846, 0.05649050589472974], "aligned_model": [[-0.11430655227775664, -0.4285849086701103, 0.3324397786251976, 0.08356635854411561, -0.3426919423815714, 0.4301313019748977, -0.648647049102346, 0.1916573866411189, -0.5090335528219645, 0.00042561918863013963, 0.7263048580014573, 0.09436522776170113], [-0.8590631784157181, -0.08982949934253952, -0.31780724780808456, 0.26042953037261285, -0.19150263943571103, -0.6477580118159301, -0.29701325679373536, 0.6496929689174111, 0.38814813369033896, 0.3283679648578104, 0.3292061388435462, -0.11799999259880689], [-0.24983672865530057, -0.5944441805038008, -0.5267452256668747, -0.5816461626443311, 0.5889794665985287, -0.07174114436639398, 0.12185014490903001, -0.1711267627399696, -0.03427396291559117, 0.59894174008277, 0.15918175047731278, 0.0325639772214894]], "inverted": true, "swapped": false, "error_lsq": 0.047662377927966654, "error_max": 0.27075899198288006, "target": "1121.xyz", "model": "1.xyz", "model_rescale": 4.316132596720782, "target_rescale": 3.824804527054565},
{"mapping": [7, 10, 6, 8, 5, 3, 9, 2, 1, 0, 4, 11], "R": [[-0.667459261045006, 0.03589816726012457, -0.7437805163034447], [0.4246902621883776, -0.8021128070600271, -0.41982523262978233], [-0.6116668341896768, -0.596092582018639, 0.5201320194092366]], "T": [-0.07190911298768068, -0.051274113122297994, -0.056685834482074184], "aligned_model": [[-0.33012727976961864, -0.24243013653264903, 0.5757873262831621, -0.07117016994067407, -0.07255014189124362, 0.30421109103026167, -0.7528261517597691, 0.20698412699443083, -0.4463062460390037, -0.049550190116548695, 0.6399359461742217, 0.0536683510508002], [-0.9076332608122382, -0.23520719635768197, -0.14388465282528143, 0.3884192424782041, -0.3263626987331734, -0.5860449831134973, -0.2127328542863392, 0.7370610134296904, 0.33857670470428686, 0.33843330825512696, 0.09546578943507059, -0.05121950170297339], [-0.035864972557280696, -0.6348960038928093, -0.5546904263196432, -0.684145253741069, 0.5264828727249835, 0.003069647086301426, 0.18874147949007905, -0.09504845537197751, -0.10608613820280133, 0.5362241611140921, 0.20036230085639642, -0.0724462993894025]], "inverted": false, "swapped": false, "error_lsq": 0.04279349593901511, "error_max": 0.2519449311541175, "target": "1121.xyz", "model": "2.xyz", "model_rescale": 3.795458400668931, "target_rescale": 3.824804527054565},
{"mapping": [0, 4, 7, 9, 2, 1, 10, 3, 5, 6, 8, 11], "R": [[0.4101910366534339, -0.8987309397444909, 0.15500326253071406], [0.30079187410346653, 0.29376892255587406, 0.9073169614934382], [-0.860968966875407, -0.32554956317947226, 0.39083234256027144]], "T": [-0.03811832583846928, -0.1161433617351108, -0.03822941523386257], "aligned_model": [[-0.10720742097188543, -0.46538855911070576, 0.38575354619474644, 0.1610741034180392, -0.2448944675857109, 0.40077165725993125, -0.7531792039236285, 0.12373143956950242, -0.4642651555561885, 0.17663971220598715, 0.6413550231859356, -0.038764149202653475], [-0.8749238736938856, -0.26730272531045385, -0.27891950978959074, 0.5151381085755691, -0.3022333000780004, -0.46749094682584413, -0.21385839701991652, 0.6584100889745388, 0.4222245293209967, 0.20302141109587696, 0.2570661941896162, -0.21626066896771184], [-0.21623721220064196, -0.49160092722660176, -0.6523457383678232, -0.600688946379482, 0.676151067048963, 0.2449653925335945, 0.09649418296457192, 0.06637283601881473, -0.18784060783174417, 0.4082110953607111, 0.05971716389661329, -0.13149539402010632]], "inverted": false, "swapped": false, "error_lsq": 0.05374411711100521, "error_max": 0.2715135767848167, "target": "1121.xyz", "model": "3.xyz", "model_rescale": 3.7530521520055578, "target_rescale": 3.824804527054565},
{"mapping": [2, 1, 0, 6, 5, 8, 10, 3, 7, 9, 11], "R": [[0.2955824675849974, 0.5189563766760221, -0.8020693760290682], [0.7638345278406258, -0.632626303712408, -0.12783103664472356], [-0.5737489162820724, -0.5748636698891929, -0.5833900428587007]], "T": [0.021264938165114884, -0.023077381995919546, 0.09962814277547676], "aligned_model": [[-0.3742402045392338, -0.1564250384619537, 0.32201041679933684, 0.42837310519375504, 0.24922327242131628, -0.045371449190233, -0.11518802859127342, -0.6561377727503672, -0.48161196218054736, 0.18683842064162673, -0.0192711568972216], [-0.6643455959313516, 0.09691419858225098, -0.3728151885653517, 0.3642065741064872, -0.6925507046011273, 0.6584055893897861, -0.43135650036419376, 0.09825517258863505, 0.27598739536316447, 0.2665043727344249, -0.1320019549883781], [-0.034326981945946675, -0.6767200979030429, -0.5663653794383433, -0.42579898108960385, -0.031523858819007, -0.008880760293841175, 0.7365397510373016, -0.0429152872621283, 0.6389128418860227, 0.5326957223237596, -0.028786191249854473]], "inverted": true, "swapped": true, "error_lsq": 0.0459836716348548, "error_max": 0.20585788078692183, "target": "1121.xyz", "model": "4.xyz", "model_rescale": 3.7855080009869324, "target_rescale": 3.824804527054565},
{"mapping": [14, 13, 1, 6, 9, 2, 15, 7, 8, 10, 5, 16], "R": [[-0.6634204895129845, -0.41293246439656683, -0.6239872065529313], [-0.511638567971211, 0.8588546032163051, -0.024387420907756002], [0.5459846425117842, 0.3030768060765152, -0.7810539160389236]], "T": [0.06469146026077316, -0.07441640291418472, -0.15955854594628338], "aligned_model": [[-0.21805709019746616, -0.5089328365012369, 0.6219423353871363, 0.00635970329662533, -0.04844908137936166, 0.38629232397794094, -0.6711766627560192, 0.204996648807256, -0.516612686446952, -0.11303792630753423, 0.6214855784488169, 0.050816219154164136], [-0.6782461478725902, -0.11369667115502767, -0.3435402756279544, 0.370884148478486, -0.3999112769213121, -0.6923629486183341, -0.16651669353609222, 0.6578425936964692, 0.31919390581843526, 0.29169455926748245, 0.3108995773248115, -0.12136986038317968], [-0.04492742080960474, -0.600330443379202, -0.5956178794042605, -0.6332482050331392, 0.4634714084551914, 0.08641022989197814, 0.2000714704329939, -0.08552687822494306, -0.1098968117494648, 0.44487449632949394, 0.283854523260031, -0.13743157797220465]], "inverted": false, "swapped": false, "error_lsq": 0.04050316405607648, "error_max": 0.19585454918945747, "target": "1121.xyz", "model": "5.xyz", "model_rescale": 4.2253639853439635, "target_rescale": 3.824804527054565},
{"mapping": [5, 2, 6, 3, 8, 11, 10, 0, 1, 9, 12, 13], "R": [[0.7817212616595001, 0.04780928918967026, 0.6217926832447114], [0.6161194367747248, -0.21346262084775636, -0.7581758035767188], [0.0964816495395649, 0.9757807035230741, -0.19632450161439124]], "T": [-0.047364066378250795, 0.00819617075411929, -0.07390552609956214], "aligned_model": [[-0.16474229423948594, -0.34594725622899986, 0.33828599982262547, 0.11455697629729827, -0.2673374964755653, 0.47300899460900697, -0.7409607724051365, 0.1499438935501382, -0.613529673872999, 0.04675377659208405, 0.8626292374866059, -0.03703485965220257], [-0.6118103967159793, -0.299567343914829, -0.27075882111292865, 0.22762530460587702, -0.2853267811916082, -0.5386607527234686, -0.34648301702396567, 0.7852085145439222, 0.4045912840490702, 0.29683151512452455, 0.05007420072990056, 0.023147204100679223], [-0.12445722605898019, -0.589949429090771, -0.5065440670027324, -0.7286130209812629, 0.5674374728728903, 0.11507376233323874, -0.03342395578823583, -0.05430869284073807, 0.17314345893023392, 0.4556489065135283, 0.12981531720200498, -0.1321196142923062]], "inverted": false, "swapped": false, "error_lsq": 0.04761487485782767, "error_max": 0.2097185834616023, "target": "1121.xyz", "model": "6.xyz", "model_rescale": 3.89814844738969, "target_rescale": 3.824804527054565},
{"mapping": [10, 9, 1, 6, 4, 2, 11, 3, 8, 7, 0, 12], "R": [[-0.2600606270793533, 0.15940452795920712, 0.9523437754871905], [0.4851521839205799, 0.8743198490137567, -0.013862180840469987], [-0.8348627603865116, 0.4584266550787208, -0.3047116230686815]], "T": [-0.0035061911693206414, -0.03465993194649192, -0.013438637566891988], "aligned_model": [[-0.20683828819391772, -0.5308502319782874, 0.7011688343235036, 0.09034398071852344, -0.0015427821372036108, 0.37582748067469407, -0.7694382702170345, 0.15724206714299896, -0.506675495193521, -0.01603606533246036, 0.5472217675836893, -0.0247964719076152], [-0.7247370235668613, -0.26128565855644253, -0.22664050241624192, 0.338352086436659, -0.4016277750578032, -0.6290054749024612, -0.12192355022075571, 0.7562611725972948, 0.38613854334068776, 0.34019632335300487, 0.17989045364648004, -0.20074768418236655], [-0.1595664206626425, -0.6979055262447863, -0.43931794094126086, -0.5697029905557641, 0.5164920517986878, 0.052947998849467166, 0.23369185515778243, -0.04483514225616809, -0.17907699966492963, 0.5256350769307179, 0.027515421547668416, 0.005825527838097307]], "inverted": true, "swapped": false, "error_lsq": 0.043354376809766844, "error_max": 0.24962448915319324, "target": "1121.xyz", "model": "7.xyz", "model_rescale": 3.7474275329858107, "target_rescale": 3.824804527054565},
{"mapping": [4, 8, 11, 5, 1, 12, 2, 6, 3, 0, 10, 14], "R": [[0.4547903996926341, -0.717441818000041, -0.5276769183242815], [0.8814891829002836, 0.44714529457525126, 0.15178242971109251], [0.12705318877228194, -0.5341706874436374, 0.8357745891679091]], "T": [0.08059760219039826, -0.1362249315343618, -0.09894160179604475], "aligned_model": [[-0.40130979618371415, -0.43399346541855854, 0.5982075115798445, -0.09207389553315855, -0.20190898334658236, 0.49084668983794677, -0.6993182292607514, 0.15520241292784887, -0.4197133102345445, 0.04230394728165936, 0.7291717008138822, 0.04821194301949723], [-0.7006515391353262, -0.18258766441010604, -0.2937381425204104, 0.36719613808511653, -0.2594371692317319, -0.5112902234132789, -0.35625255257329647, 0.6764347530676682, 0.3769564188082527, 0.29475912458965814, 0.2073636206625918, -0.18388185345794303], [-0.34675949838522857, -0.5442020267092533, -0.40512704504340225, -0.5782882869404942, 0.5864857055529522, 0.16876034386646319, 0.1288930700202862, -0.06801495252550158, -0.07729836835775175, 0.3980489182217719, 0.0922700743176251, -0.08306502222059738]], "inverted": true, "swapped": false, "error_lsq": 0.04111114489338901, "error_max": 0.25782043000811844, "target": "1121.xyz", "model": "8.xyz", "model_rescale": 4.019505241142653, "target_rescale": 3.824804527054565},
{"mapping": [9, 1, 6, 2, 8, 11, 7, 3, 0, 4, 5, 12], "R": [[-0.8115056788774616, -0.5742623076304327, 0.10808022568722155], [-0.23134487292617406, 0.48558274736472684, 0.843023691975793], [-0.5365986236661466, 0.6591147073891575, -0.5269057976364495]], "T": [0.01773221245620587, -0.12652018533220574, -0.19309141782656974], "aligned_model": [[-0.22469676157338048, -0.44631018223732327, 0.6227919208895717, 0.10211172892169654, -0.11356647704179107, 0.3869955475459494, -0.6978005236952993, 0.21655465410843747, -0.46913641486236946, -0.16236341336122512, 0.5534215289339123, 0.04762491785519088], [-0.7500965419448496, -0.27417798847946717, -0.2085799259346791, 0.34519843449379695, -0.4303812597462987, -0.5361252835796402, -0.07126769316979883, 0.6931755403682704, 0.2960765738727984, 0.36706704509543187, 0.12948001288410257, -0.12549800338847253], [-0.05266071799527994, -0.6612443108726089, -0.5870848012350764, -0.5399830480616613, 0.39560717481496505, 0.0952101202218752, 0.35876368605585346, -0.02868533002693352, -0.10932390077226078, 0.44841609012896716, 0.11999894271941708, -0.1673109931803879]], "inverted": true, "swapped": false, "error_lsq": 0.0502304907595292, "error_max": 0.3505560901586934, "target": "1121.xyz", "model": "9.xyz", "model_rescale": 3.877068213659057, "target_rescale": 3.824804527054565},
{"mapping": [5, 0, 6, 11, 4, 3, 1, 9, 8, 2, 13, 15], "R": [[0.4068301127070336, 0.04434514192337041, 0.9124268561274262], [-0.6249741971602762, 0.7419923127184812, 0.242599795446221], [-0.6662555908047985, -0.6689401439998023, 0.3295793856825291]], "T": [0.09463480125267085, 0.00015161679961203656, -0.07846330165301396], "aligned_model": [[-0.25324909330795, -0.4909368578108759, 0.6095229623342866, -0.14185448221104355, -0.017121187283733796, 0.3053949639218426, -0.6697486559590043, 0.07122705114654035, -0.5230269198490396, 0.13684839166230783, 0.7567514444729887, 0.03181890836705052], [-0.693025806638179, -0.18624347699774568, -0.20945939032488733, 0.26218270190885407, -0.3069479994062445, -0.5839626559133663, -0.37999877905793744, 0.6595622977857822, 0.461029035332977, 0.38640532497089575, 0.04798838608022804, -0.02265872726918225], [-0.1758147155308302, -0.5845549304551806, -0.34540520993100093, -0.7265896824669694, 0.5142348546604992, 0.05250239222472594, 0.07681134880194754, -0.06188213957137878, -0.11599914025817276, 0.45947855734121357, 0.31770798736112327, -0.13878641037910766]], "inverted": false, "swapped": false, "error_lsq": 0.041246194382165625, "error_max": 0.22033948473712467, "target": "1121.xyz", "model": "10.xyz", "model_rescale": 4.260839863003843, "target_rescale": 3.824804527054565},
{"mapping": [2, 4, 3, 5, 8, 1, 9, 6, 10, 7, 0, 11], "R": [[0.27296523841827314, -0.3437062178999463, -0.8985299184735976], [0.37966530058352527, 0.896675066290772, -0.22765782443232946], [0.8839367840225211, -0.2789979592566127, 0.37525444778519124]], "T": [-0.04569954571702945, -0.0679054466264831, -0.038510101169685236], "aligned_model": [[-0.06768503099188244, -0.5217332270932812, 0.4342986142332255, 0.020328425900324514, -0.36729664056827815, 0.46787412020531743, -0.8169876964478802, 0.22411221694328776, -0.47660121945247247, 0.18367430921173256, 0.7330125915921367, 0.002630061951139434], [-0.7314386938107681, -0.16360266955119737, -0.31210678753625853, 0.2563315004616027, -0.40419532992508, -0.5102994310621413, -0.26890018957000206, 0.7178787935644639, 0.37425275966616167, 0.226162325483128, 0.3211802193642611, -0.07039158661297572], [-0.21054903414637222, -0.5865400586730065, -0.500895809161405, -0.6276803748215333, 0.5083882715038821, 0.21405730636247433, -0.01732135395649654, -0.15252797368051782, 0.0717335391106749, 0.5004865679887193, 0.07218778129857717, 0.0003640499718730941]], "inverted": false, "swapped": false, "error_lsq": 0.05176835143477582, "error_max": 0.32477724752191495, "target": "1121.xyz", "model": "11.xyz", "model_rescale": 3.890672605050136, "target_rescale": 3.824804527054565},
{"mapping": [7, 12, 4, 10, 8, 3, 5, 11, 9, 6, 1, 13], "R": [[-0.7438794113155363, -0.19615978112844265, 0.6388777361033119], [0.5418858848195659, -0.7365439338173496, 0.4047996064600116], [0.39115611877378026, 0.6473209202740984, 0.6541960844588777]], "T": [0.05927802157039463, 0.05906422900773973, 0.024887031948522535], "aligned_model": [[-0.293382508392524, -0.37562521110224756, 0.4790392297806272, -0.002540337265531052, -0.0363125642375269, 0.4309225781468625, -0.667996755063015, 0.11251159684470738, -0.6122341210989439, 0.022495873734664933, 0.7226448726131895, 0.03610387152310609], [-0.6793242271752205, -0.1522124789995704, -0.23138585468632195, 0.28512554259569445, -0.4106294672914298, -0.7848769065031752, -0.2144983786643045, 0.5672444340410203, 0.45262386539476873, 0.35661384132070933, 0.313307557413163, -0.06711701697413916], [-0.21464836973235524, -0.5419934471734458, -0.45521329172262426, -0.8380239005655367, 0.5628845388199344, 0.07691432633967332, 0.059630100200405704, -0.17927278185208637, 0.02652131342517327, 0.5169943838084083, 0.3420668567942034, -0.08415681654488119]], "inverted": true, "swapped": false, "error_lsq": 0.04530578445621461, "error_max": 0.2598501262867843, "target": "1121.xyz", "model": "12.xyz", "model_rescale": 4.124412569039231, "target_rescale": 3.824804527054565},
{"mapping": [8, 9, 10, 7, 1, 2, 6, 5, 3, 0, 4, 12], "R": [[-0.941147596173053, 0.1840348465626738, -0.2835002248117935], [0.23166007357059434, 0.9619942235840674, -0.14457082729290346], [0.24611950863544152, -0.2017381695206458, -0.9480120771527695]], "T": [-0.07263151400959729, 0.02096611460892881, -0.09154476126289877], "aligned_model": [[-0.19146035845641995, -0.4780659033036831, 0.4957727287863731, 0.01248323097272426, -0.1238740300755553, 0.4695604523827333, -0.6216216845476298, 0.3583085330503813, -0.6876598236290818, -0.061774013043699325, 0.6127569013111519, 0.031200492036075236], [-0.6848092879272011, -0.1470345747170382, -0.17714612651890765, 0.3133233895787848, -0.4049990948689717, -0.6222674177067959, -0.30803761842965394, 0.6373705746626409, 0.36446767510635003, 0.4236107693469051, 0.07369995886177333, -0.03330733691669125], [-0.1430899627935866, -0.5563457900527712, -0.5184848378361304, -0.6395961990630734, 0.6004033175482295, 0.09466481994380095, 0.10333764195344768, -0.18144524256332176, 0.020259675448544318, 0.32621927509942006, 0.2902118595886011, -0.12443164547629094]], "inverted": true, "swapped": false, "error_lsq": 0.038013008130624006, "error_max": 0.2208857900727928, "target": "1121.xyz", "model": "13.xyz", "model_rescale": 3.9028299243045295, "target_rescale": 3.824804527054565},
{"mapping": [9, 10, 3, 5, 11, 6, 14, 8, 13, 12, 2, 15], "R": [[0.3789761240474092, 0.3682647710498702, 0.8489747674728558], [-0.915694807901252, 0.2817912836173413, 0.28652520178857], [-0.13371655164822432, -0.8859879970298006, 0.4440103072389536]], "T": [0.11535509109153652, -0.03816269021358758, -0.14250512103891644], "aligned_model": [[-0.17410089010557517, -0.4696496036449296, 0.5604967152118415, -0.09319264080959896, -0.20462665715122547, 0.42154688197533713, -0.7031500572499066, 0.3476933554299297, -0.5710550743017564, -0.14302470478302837, 0.7671006469704067, 0.07758855394187489], [-0.7485219746825169, -0.18808099897593955, -0.29381949900573245, 0.39072136281726755, -0.2907776166194801, -0.612448667426618, -0.2834096567710405, 0.6966711157908541, 0.3601928341412682, 0.3741126645344847, 0.17505853313290154, -0.14482718646425397], [-0.030923857460883275, -0.5791360978180549, -0.49631011793961716, -0.32869896151134315, 0.4736556275376035, 0.0018917827405018905, 0.08761202372842275, -0.09205348048210621, -0.08953991683885532, 0.3549978456980222, 0.1256631281304318, -0.15545506398725342]], "inverted": true, "swapped": false, "error_lsq": 0.03989999170610974, "error_max": 0.3095118866034996, "target": "1121.xyz", "model": "14.xyz", "model_rescale": 3.942246331269136, "target_rescale": 3.824804527054565},
{"mapping": [11, 13, 8, 12, 10, 6, 4, 1, 3, 5, 2, 14], "R": [[0.6539320351080482, -0.6130115610853125, 0.44338439241271776], [0.16826742691130253, 0.6892270875896616, 0.7047354785827962], [-0.7376035293435736, -0.38624195487857294, 0.5538575500898066]], "T": [0.048955286400706934, -0.10278271505160323, 0.020607610113408024], "aligned_model": [[-0.1441760785891309, -0.4362786171267397, 0.513738225376157, -0.17787658576213872, -0.3007479538887135, 0.3169060230921347, -0.5279613915787124, 0.06693238415518116, -0.4141805420601421, 0.14741866594662512, 0.6618813710479999, 0.109971024870849], [-0.7467191967867131, -0.22910224817874592, -0.4600147690181699, 0.35654433029530236, -0.48369452943761554, -0.5878326988893546, -0.19816882442760692, 0.6883588963191623, 0.44459625977477285, 0.40638677433623044, 0.2810711482161566, -0.03655423173222412], [-0.22870566270679443, -0.6193308876528801, -0.48456860225606063, -0.6162928729659571, 0.512150435750603, 0.09622708659889567, 0.06223228704794747, -0.15378622720492593, 0.06989648121587186, 0.38643673983662113, 0.26479144465787946, -0.01734731052433095]], "inverted": true, "swapped": false, "error_lsq": 0.05185834386166054, "error_max": 0.3136367489495544, "target": "1121.xyz", "model": "15.xyz", "model_rescale": 4.355366556412066, "target_rescale": 3.824804527054565},
{"mapping": [7, 10, 6, 8, 5, 3, 9, 2, 1, 0, 4, 11], "R": [[-0.667459261045006, 0.03589816726012457, -0.7437805163034447], [0.4246902621883776, -0.8021128070600271, -0.41982523262978233], [-0.6116668341896768, -0.596092582018639, 0.5201320194092366]], "T": [-0.07190911298768068, -0.051274113122297994, -0.056685834482074184], "aligned_model": [[-0.33012727976961864, -0.24243013653264903, 0.5757873262831621, -0.07117016994067407, -0.07255014189124362, 0.30421109103026167, -0.7528261517597691, 0.20698412699443083, -0.4463062460390037, -0.049550190116548695, 0.6399359461742217, 0.0536683510508002], [-0.9076332608122382, -0.23520719635768197, -0.14388465282528143, 0.3884192424782041, -0.3263626987331734, -0.5860449831134973, -0.2127328542863392, 0.7370610134296904, 0.33857670470428686, 0.33843330825512696, 0.09546578943507059, -0.05121950170297339], [-0.035864972557280696, -0.6348960038928093, -0.5546904263196432, -0.684145253741069, 0.5264828727249835, 0.003069647086301426, 0.18874147949007905, -0.09504845537197751, -0.10608613820280133, 0.5362241611140921, 0.20036230085639642, -0.0724462993894025]], "inverted": false, "swapped": false, "error_lsq": 0.04279349593901511, "error_max": 0.2519449311541175, "target": "1121.xyz", "model": "16.xyz", "model_rescale": 3.795458400668931, "target_rescale": 3.824804527054565},
{"mapping": [10, 9, 1, 6, 4, 2, 11, 3, 8, 7, 0, 12], "R": [[-0.2600606270793533, 0.15940452795920712, 0.9523437754871905], [0.4851521839205799, 0.8743198490137567, -0.013862180840469987], [-0.8348627603865116, 0.4584266550787208, -0.3047116230686815]], "T": [-0.0035061911693206414, -0.03465993194649192, -0.013438637566891988], "aligned_model": [[-0.20683828819391772, -0.5308502319782874, 0.7011688343235036, 0.09034398071852344, -0.0015427821372036108, 0.37582748067469407, -0.7694382702170345, 0.15724206714299896, -0.506675495193521, -0.01603606533246036, 0.5472217675836893, -0.0247964719076152], [-0.7247370235668613, -0.26128565855644253, -0.22664050241624192, 0.338352086436659, -0.4016277750578032, -0.6290054749024612, -0.12192355022075571, 0.7562611725972948, 0.38613854334068776, 0.34019632335300487, 0.17989045364648004, -0.20074768418236655], [-0.1595664206626425, -0.6979055262447863, -0.43931794094126086, -0.5697029905557641, 0.5164920517986878, 0.052947998849467166, 0.23369185515778243, -0.04483514225616809, -0.17907699966492963, 0.5256350769307179, 0.027515421547668416, 0.005825527838097307]], "inverted": true, "swapped": false, "error_lsq": 0.043354376809766844, "error_max": 0.24962448915319324, "target": "1121.xyz", "model": "17.xyz", "model_rescale": 3.7474275329858107, "target_rescale": 3.824804527054565},
{"mapping": [11, 12, 2, 9, 3, 1, 10, 4, 5, 8, 0, 13], "R": [[0.8557650884109304, -0.07432400053393895, -0.5119981019512317], [0.23572875397070925, -0.8249190801228145, 0.5137513657410037], [-0.46054106006788326, -0.5603431575329182, -0.6884166454971798]], "T": [0.00011093710736349328, -0.11236843208347083, -0.13360273941721873], "aligned_model": [[-0.3158016755703033, -0.5673765134267337, 0.6452708274043835, -0.021523397852202968, -0.05067205452064432, 0.417787959671693, -0.6123619003638714, 0.11288150779637941, -0.5364649663810924, -0.06445716970933688, 0.7062860608362478, 0.10205784759885114], [-0.7566578261970787, -0.1307131548910266, -0.16375715349956366, 0.24394460418791722, -0.4101121490296983, -0.6257344150431082, -0.1279903484595599, 0.7057999958744106, 0.3715255048215439, 0.25639426350425665, 0.15821936193074046, -0.08604777272763889], [-0.05097671694278946, -0.6202837313872404, -0.42508282290979466, -0.6995507419669202, 0.47414634374917225, 0.06769229075332084, 0.18431603881415487, -0.049287593091019516, -0.16755703652975684, 0.4801557514761295, 0.22310628925725556, -0.1449751594256426]], "inverted": false, "swapped": false, "error_lsq": 0.042344434849300026, "error_max": 0.20964451068434084, "target": "1121.xyz", "model": "18.xyz", "model_rescale": 3.922800546911778, "target_rescale": 3.824804527054565},
{"mapping": [4, 10, 7, 2, 8, 13, 6, 0, 1, 5, 12, 14], "R": [[-0.028530560171047034, 0.7535861882727506, 0.6567296734432462], [-0.3356501826593291, 0.6116281118962217, -0.71641468970075], [-0.9415545454285086, -0.24087114726095632, 0.2354912490945373]], "T": [0.009613084642371308, -0.05758565587904194, -0.07667691906392489], "aligned_model": [[-0.3031821989699214, -0.44095173314790614, 0.7071284895237332, -0.2284442845768497, -0.14356104510635143, 0.3319963185395443, -0.6424630872487002, 0.12756901824800138, -0.5657180224715365, 0.17252433883338353, 0.7121386669264483, 0.08859006493352412], [-0.7060763578417553, -0.3427015266344147, -0.20582178803571463, 0.3116927736158938, -0.24768558814800204, -0.6433282482558079, -0.25732953587180374, 0.76963565796941, 0.39020648147332043, 0.4236774425219365, 0.007973919966916342, -0.06537232028878442], [-0.15074485483897948, -0.6819049194706523, -0.43682873168615033, -0.6424428541094731, 0.4843848919236678, 0.08076644471471058, 0.02660338094742523, -0.09197173252937867, 0.05161705136467261, 0.4928662957680285, 0.2708483214839088, -0.1314903817709099]], "inverted": false, "swapped": false, "error_lsq": 0.04390682646704224, "error_max": 0.25848603455076113, "target": "1121.xyz", "model": "19.xyz", "model_rescale": 3.9282355846067225, "target_rescale": 3.824804527054565},
{"mapping": [3, 1, 11, 10, 6, 4, 5, 12, 2, 7, 9, 13], "R": [[-0.38811443989041317, 0.5460666822309022, 0.7424138738640904], [0.837321500977718, -0.12762925469600256, 0.5316046250233009], [0.38504530324232267, 0.8279625304946339, -0.40769861729953155]], "T": [0.06390156537531777, -0.10136719702972527, 0.04512664138515186], "aligned_model": [[-0.2755802996854952, -0.461276899567893, 0.564891688418863, 0.06579238273273696, -0.1614674435258893, 0.37358092168559937, -0.598956871359125, 0.3677076119128198, -0.5825436958608, -0.14910726069532734, 0.6781475455145819, -0.005561154086701922], [-0.7574717162830008, -0.26792157412301415, -0.19020156980347616, 0.4274374571444681, -0.37810547477593115, -0.6430402108446984, -0.252835414268307, 0.6922995735313414, 0.3221976136840634, 0.3742883909424005, 0.2156912989334451, -0.10746746366609661], [-0.09851872836903461, -0.4627591880465932, -0.45933398359232047, -0.6350177635208192, 0.5923640574250417, -0.05515739183881498, 0.20439441673574915, 0.06940190991065684, -0.24021102824547588, 0.3864135852117794, 0.069634012890712, -0.09950698676401087]], "inverted": false, "swapped": false, "error_lsq": 0.04023264361223834, "error_max": 0.22649995657970318, "target": "1121.xyz", "model": "20.xyz", "model_rescale": 4.067790424073018, "target_rescale": 3.824804527054565},
{"mapping": [1, 7, 4, 0, 13, 5, 9, 3, 12, 11, 6, 14], "R": [[-0.9085013469266692, -0.4109998223748746, -0.07552780044625727], [0.41755736000434746, -0.8999673165654412, -0.12531831558155856], [-0.01646674644936924, -0.1453890474617017, 0.9892375200827916]], "T": [0.055593613450951686, -0.052961078808941145, -0.08641066381485296], "aligned_model": [[-0.39295326813267417, -0.4188259739467625, 0.7536026654021474, -0.07432013159062298, 0.03120588103099744, 0.33027272029377824, -0.711602172285061, 0.13994440357190122, -0.5148534336584527, -0.021465849953352344, 0.7001860113810809, -0.0055643266296099975], [-0.7400314462674198, -0.3201101871862498, -0.2727361780234941, 0.24991616073787798, -0.39018873106585844, -0.5714573282027738, -0.17087093367383072, 0.7925252269581454, 0.4372193887372685, 0.291683555390607, 0.18682143995003958, -0.057900056883117765], [-0.07969452944344521, -0.5965296364039715, -0.41345005577812255, -0.7155734616142225, 0.5266197221676839, -0.021764329916932112, -0.04694179071802895, -0.044186646749726236, 0.05962749071343351, 0.4551742041388671, 0.18664956200292648, -0.03822761660159259]], "inverted": false, "swapped": false, "error_lsq": 0.04074970549845351, "error_max": 0.2327244718922292, "target": "1121.xyz", "model": "21.xyz", "model_rescale": 4.186013935880536, "target_rescale": 3.824804527054565},
{"mapping": [10, 4, 11, 3, 1, 9, 7, 5, 6, 0, 2, 12], "R": [[0.675242762133064, 0.7244593534231658, -0.13858519915416304], [0.6360821375954273, -0.6670628890111558, -0.3878487028934382], [-0.37342566384615616, 0.1737404597144233, -0.9112450418187628]], "T": [0.0730863751914545, -0.09079262998464191, -0.04533800537377959], "aligned_model": [[-0.2757119695209043, -0.3958192261216093, 0.36425668776263714, -0.10064028434280944, -0.08855630642414497, 0.2914351928085102, -0.5710355043031896, 0.4045251864640663, -0.37480406916480513, -0.12813571863958773, 0.6295971190219072, 0.06051541794329893], [-0.8217958576939374, -0.2482937856108046, -0.1920346192153774, 0.5600807801024018, -0.2020706560963107, -0.6534303324421459, -0.3739733325652015, 0.6046410626144335, 0.22600757066879598, 0.3971038134018088, 0.21162538359604163, -0.07298911628850974], [-0.24602041228174937, -0.5772562996654153, -0.5966418121860152, -0.676623603613845, 0.6593690829382046, 0.10031009745254309, 0.16260293317157054, -0.116465142916836, -0.13959632987346723, 0.44787104816384016, 0.34006871476506434, -0.08591536415702557]], "inverted": false, "swapped": false, "error_lsq": 0.051509163468533965, "error_max": 0.28105048368276475, "target": "1121.xyz", "model": "22.xyz", "model_rescale": 4.166573947596378, "target_rescale": 3.824804527054565},
{"mapping": [2, 3, 12, 9, 1, 6, 4, 10, 8, 7, 13, 15], "R": [[-0.32008260344018136, -0.8752357886241374, -0.3626423048769126], [0.41648772832923775, 0.21381139770624927, -0.8836417024801688], [0.8509319004045545, -0.4338744063924308, 0.29608765653351554]], "T": [0.014572518463024658, -0.04420707694135682, -0.14730065937517478], "aligned_model": [[-0.19933837907188265, -0.439277599812028, 0.5101846404693994, -0.09090723217087843, -0.08079975970429243, 0.3897946793954209, -0.6718479799252366, 0.31718636699850766, -0.6364495074984832, 0.02304488844845571, 0.6739328708951743, 0.020103537459213047], [-0.6817571696354983, -0.23868406565984635, -0.3033319919282459, 0.292274790940437, -0.4756884428991638, -0.6630582963888757, -0.2094553881033611, 0.6205491628263144, 0.4348231094706647, 0.40442060194048796, 0.33076141455171615, -0.07598281464343505], [-0.12319160691362782, -0.4902662888729036, -0.48877431602029986, -0.6332051161103261, 0.4120087543266707, 0.08794204529471622, 0.05610388436736302, 0.01842572195431827, -0.11938037212336505, 0.4095216393325315, 0.22880530298610546, -0.08628673642431375]], "inverted": true, "swapped": false, "error_lsq": 0.03849366792964306, "error_max": 0.2813400303966806, "target": "1121.xyz", "model": "23.xyz", "model_rescale": 4.274766983524099, "target_rescale": 3.824804527054565},
{"mapping": [2, 5, 10, 3, 9, 8, 1, 6, 0, 4, 11], "R": [[0.04376406604405317, -0.9948908415244335, -0.09097757951328556], [0.45575531129400154, -0.061154997640875425, 0.8880017806800009], [-0.8890285725164291, -0.08032608364876864, 0.45075039382684007]], "T": [-0.18019928728655055, 0.1477365893420903, 0.019143216477385948], "aligned_model": [[0.16243934086298623, 0.44811865687318797, -0.3456420993182694, -0.4680748561302511, -0.5640397369485848, -0.6034136451364007, 0.12811999807070773, 0.04901471692997533, 0.5846471505350349, 0.03587192505731013, -0.047146746837621656], [-0.017688168636402407, 0.3719597044589332, 0.6502891163580897, -0.4042463199799664, 0.4918417473194542, -0.15988121067430036, -0.5712182130580683, -0.10119063013002771, -0.06920402123876662, 0.6677061111954053, 0.057218415629132977], [-0.6448045491610104, -0.24974511546235592, -0.5385639476398865, -0.30698126233985595, 0.20101638295483612, 0.4739998168214766, 0.2107978756708079, 0.7100091690946699, 0.17489444737503, 0.39384304614254806, -0.044899429434682496]], "inverted": false, "swapped": true, "error_lsq": 0.06022355967274289, "error_max": 0.33847817590239143, "target": "1121.xyz", "model": "24.xyz", "model_rescale": 3.7841303162186577, "target_rescale": 3.824804527054565},
{"mapping": [11, 13, 3, 12, 0, 6, 10, 2, 9, 8, 4, 15], "R": [[0.23848373907839315, -0.9572506910693683, 0.1636967337560706], [-0.9694058957349896, -0.24473750248987297, -0.01886171225690933], [0.0581181168778884, -0.1541903671512472, -0.9863303783055309]], "T": [-0.07783843426747068, -0.04971013564137934, 0.0359844691119084], "aligned_model": [[-0.18841661843554353, -0.20577591545953677, 0.4575020477433038, -0.10733204283735286, -0.14344758836305088, 0.4422762648973308, -0.8188052688271936, 0.1816948740582568, -0.42128562526113494, -0.009576376268050302, 0.6563903718417163, -0.02759759760537519], [-0.7412732194259136, -0.27252686289634676, -0.27968053119763864, 0.34682509549289536, -0.21391325959825602, -0.5511625638045508, -0.24740466173875103, 0.6566331835530166, 0.4060134943470008, 0.3445378836286183, 0.08209389681765138, -0.09527154470653124], [-0.2785636758439998, -0.7029233087823669, -0.520366205482201, -0.609818785719584, 0.7501712250331157, 0.028730901369307678, 0.16690478728627955, -0.01416137045797402, -0.09247061484703525, 0.4711471678559878, 0.05147963498297035, 0.02157315640236957]], "inverted": false, "swapped": false, "error_lsq": 0.04448297281979183, "error_max": 0.30469591649998706, "target": "1121.xyz", "model": "25.xyz", "model_rescale": 4.19342608120988, "target_rescale": 3.824804527054565},
{"mapping": [7, 10, 6, 8, 5, 3, 9, 2, 1, 0, 4, 11], "R": [[-0.667459261045006, 0.03589816726012457, -0.7437805163034447], [0.4246902621883776, -0.8021128070600271, -0.41982523262978233], [-0.6116668341896768, -0.596092582018639, 0.5201320194092366]], "T": [-0.07190911298768068, -0.051274113122297994, -0.056685834482074184], "aligned_model": [[-0.33012727976961864, -0.24243013653264903, 0.5757873262831621, -0.07117016994067407, -0.07255014189124362, 0.30421109103026167, -0.7528261517597691, 0.20698412699443083, -0.4463062460390037, -0.049550190116548695, 0.6399359461742217, 0.0536683510508002], [-0.9076332608122382, -0.23520719635768197, -0.14388465282528143, 0.3884192424782041, -0.3263626987331734, -0.5860449831134973, -0.2127328542863392, 0.7370610134296904, 0.33857670470428686, 0.33843330825512696, 0.09546578943507059, -0.05121950170297339], [-0.035864972557280696, -0.6348960038928093, -0.5546904263196432, -0.684145253741069, 0.5264828727249835, 0.003069647086301426, 0.18874147949007905, -0.09504845537197751, -0.10608613820280133, 0.5362241611140921, 0.20036230085639642, -0.0724462993894025]], "inverted": false, "swapped": false, "error_lsq": 0.04279349593901511, "error_max": 0.2519449311541175, "target": "1121.xyz", "model": "26.xyz", "model_rescale": 3.795458400668931, "target_rescale": 3.824804527054565},
{"mapping": [4, 10, 7, 5, 9, 3, 11, 6, 8, 1, 0, 12], "R": [[0.07336563635111129, 0.7881456042738432, 0.6111006380839533], [-0.007577600586663236, 0.6131747785458431, -0.7899109259433023], [-0.9972763224764466, 0.05332164118887073, 0.05095821041578902]], "T": [-0.07539530963013988, -0.05628357663140021, 0.09970353852609273], "aligned_model": [[-0.34416860617051115, -0.18989730041397565, 0.42208297843146314, -0.07435063583688203, -0.09657886296330823, 0.4479899766302755, -0.7507731511786064, 0.13418272844782989, -0.5153844595918131, 0.007377001243361742, 0.7462922459657078, 0.028854610919828397], [-0.8203399763952779, -0.3698041817235257, -0.14893083399331594, 0.3222752289221881, -0.3014659680101479, -0.572646095658156, -0.2643701475719189, 0.7122459689308402, 0.512831242385611, 0.3970111562518938, 0.00544091843606348, -0.037376401103059925], [-0.10727934889039928, -0.529804644739572, -0.5360164762917731, -0.5511056556888789, 0.45157161343682917, 0.032516114715507194, -0.010475143045638291, -0.11622780062862789, -0.0154901279552343, 0.4712217752846031, 0.2105766181284076, -0.027784012528353746]], "inverted": true, "swapped": false, "error_lsq": 0.04554987684247228, "error_max": 0.31265345923768534, "target": "1121.xyz", "model": "27.xyz", "model_rescale": 3.6321398670334006, "target_rescale": 3.824804527054565},
{"mapping": [2, 13, 4, 6, 0, 1, 11, 12, 9, 8, 7, 14], "R": [[0.31281292554948303, -0.2942925957836139, 0.903072500786131], [0.7102275539835236, 0.7037748154605487, -0.016668253839328906], [-0.630654338898699, 0.6466010185503992, 0.4291645694111196]], "T": [-0.017682450398894926, -0.04220194428575109, 0.09615362735236704], "aligned_model": [[-0.28525371190594245, -0.4420759162828126, 0.5885556129713677, 0.03616454860013466, -0.1958945014908423, 0.2519775855534486, -0.610901216949616, 0.21962180863792075, -0.5170467279224873, 0.10988551579424738, 0.6875269469321338, -0.026933418454182352], [-0.778993167361435, -0.2255757309471014, -0.1589031351676323, 0.25297500921380944, -0.3526878646707722, -0.5871726578982246, -0.2867789257470938, 0.734376767566337, 0.33392841324013106, 0.3196091530688763, 0.2676715218745702, -0.08357847270027066], [-0.04164324251984958, -0.5767071103895254, -0.4564072244339819, -0.6206995681920786, 0.6072804729671459, -0.18233799273914858, 0.06787940640797285, -0.05915871536735745, -0.13992566801472334, 0.4423454233657169, 0.1830186081539093, 0.04805852255878887]], "inverted": false, "swapped": false, "error_lsq": 0.03967167643438643, "error_max": 0.236175995050067, "target": "1121.xyz", "model": "28.xyz", "model_rescale": 4.156811204709835, "target_rescale": 3.824804527054565},
{"mapping": [7, 8, 9, 4, 1, 3, 10, 2, 5, 11], "R": [[0.48301422258263604, 0.579235822577442, -0.6566453552915198], [-0.8754477097590928, 0.3340127200305384, -0.3493233607066101], [0.016987297031930026, 0.7435868239155636, 0.6684235685841079]], "T": [-0.03348567079418141, -0.03601974479439336, -0.028905612431839357], "aligned_model": [[-0.6178801834856108, -0.014581809025167487, 0.0538407095651941, 0.5699456363639585, -0.019225861589800275, -0.647745983411203, -0.34574194715376994, -0.4421641325068243, 0.15954822007752328, -0.05306927472371202], [-0.10655095395905939, -0.674053692750611, -0.023049608771103805, 0.1939961567117255, -0.5699552049008988, -0.3425774989966306, 0.6058761970727363, 0.3537748203275584, 0.50019803377529, -0.0189379178828028], [-0.5643132204491036, -0.2994401864134095, -0.5683734781039111, -0.2299488351650581, 0.5739193043477487, 0.12149805337010623, -0.31427075581731695, 0.48746182213606076, 0.40992099373497337, 0.14233302933500977]], "inverted": true, "swapped": true, "error_lsq": 0.039328088599546784, "error_max": 0.18183231109612388, "target": "1121.xyz", "model": "29.xyz", "model_rescale": 4.117894457231895, "target_rescale": 3.824804527054565},
