[{"mapping": [4, 5, 1, 6, 8, 2, 10, 12, 7, 9, 13], "R": [[0.3509088644625559, 0.10653568366309232, -0.9303295743703073], [0.32081043094510475, 0.9197052537030044, 0.22632479693552932], [0.8797406641950887, -0.3778788091670793, 0.2885549676301801]], "T": [0.07661466191690189, -0.1731118146387529, 0.05030467364899295], "aligned_model": [[-0.6760081880104059, 0.7203577600031359, 0.44228534301654676, -0.04669436810699355, -0.0963495235132357, -0.4884501512018967, -0.004197012972542519, 0.1656425499514237, -0.48518763208627813, -0.4789230665809695, -0.014613998666908296], [-0.018603648574160414, -0.06380852468207307, -0.5160001273306115, -0.2582713862679518, 0.39960504111598705, -0.6654935582809731, 0.6623936435117387, -0.07792745768369375, 0.3282646712368599, -0.00027036290472506885, -0.03814228869187747], [-0.5181056526098935, -0.33185874023645573, 0.33623590913477147, -0.6994212860603868, -0.45234622440610206, -0.12150982199257902, 0.6078251012962003, 0.6143381667296525, -0.015984724743621323, 0.4955538584232331, 0.05095337169808694]], "inverted": false, "swapped": false, "error_lsq": 0.056610122274683955, "error_max": 0.3231847502369583, "target": "1122.xyz", "model": "0.xyz", "model_rescale": 3.8414455957264533, "target_rescale": 4.091961684110943},
{"mapping": [1, 6, 8, 10, 5, 12, 7, 9, 0, 13, 14], "R": [[-0.8321265898008192, 0.4709877927670158, -0.29280682644179173], [0.5473969318633789, 0.7822661643156636, -0.29734869623628446], [0.0890052668835852, -0.4077133150037088, -0.90876174833433]], "T": [-0.09585103348013013, 0.09875793589539766, -0.032313393306173104], "aligned_model": [[-0.8119739501360002, 0.6630779411191929, 0.17953011407651914, 0.08890673735091542, 0.22961436024803628, -0.3232828604820886, -0.06976697201772228, 0.2578183014848151, -0.6620206547412095, -0.36485336124964296, -0.14918794382093914], [0.14532610925824524, 0.03103285317924534, -0.5969732847842644, -0.33689823961817983, 0.21182943492480205, -0.6214209177331975, 0.5496378934333519, 0.10277509562963977, 0.4388219272456616, -0.2500117975474869, 0.07762692746070213], [-0.5155289400745684, -0.2039738094432456, 0.22150876814262754, -0.5267318024141022, -0.5941050794097559, -0.14143134196644766, 0.424831974999489, 0.5511345854601983, 0.2665608465593265, 0.5848125430537342, -0.10139778767434998]], "inverted": true, "swapped": false, "error_lsq": 0.04530539824692604, "error_max": 0.22024575556137238, "target": "1122.xyz", "model": "1.xyz", "model_rescale": 4.316132596720782, "target_rescale": 4.091961684110943},
{"mapping": [3, 8, 2, 6, 10, 4, 9, 1, 5, 0, 11], "R": [[0.9337929779317495, -0.02544506488997117, -0.35690786351396103], [0.319281929245039, 0.5095275174345316, 0.7990248798595505], [0.1615231377324035, -0.8600780532310706, 0.4839173672511979]], "T": [-0.10827543149485519, 0.09426110145124217, -0.0022541432606913293], "aligned_model": [[-0.590634481650302, 0.6060372774863321, 0.26697632274869737, -0.023770433714692035, 0.2774616487933375, -0.4710915685512713, -0.137553572701031, 0.28364187934786667, -0.6964738949043588, -0.3351283233988603, -0.1416031416238422], [0.1179105027704927, -0.12155541803311595, -0.6023617194506852, -0.3189436770422119, 0.3889900821679237, -0.5782093851339558, 0.7093658375592948, 0.15657974959271742, 0.21352434793880623, -0.21000179490785398, -0.0035525240128931324], [-0.4469871658590673, -0.17608365605557527, 0.2709274228831087, -0.7080987999521338, -0.40422122077542466, -0.10461442120125831, 0.4109533824415478, 0.36803556893833206, 0.2334548459547043, 0.5976424427609403, -0.0753284419022677]], "inverted": false, "swapped": false, "error_lsq": 0.04720947003630958, "error_max": 0.22799414834264795, "target": "1122.xyz", "model": "2.xyz", "model_rescale": 3.795458400668931, "target_rescale": 4.091961684110943},
{"mapping": [2, 8, 7, 1, 6, 0, 5, 9, 10, 4, 11], "R": [[-0.6922284324449034, 0.48662839986596457, -0.5329283232844384], [0.31926164764496595, -0.45577228633515066, -0.83086919749853], [-0.6472185084327344, -0.7452948567196211, 0.16013675058956978]], "T": [-0.10608810657730705, -0.006947458300262516, -0.02943474960311177], "aligned_model": [[-0.5382337242483317, 0.6224986617891187, 0.286136042030396, -0.011013438397493788, 0.13935206349728296, -0.5372303596632022, -0.1189107353444708, 0.529447563732398, -0.7654401736999322, -0.42857701240753854, -0.14016717545635032], [0.25321764764814025, 0.052928472129109436, -0.5874728316531611, -0.3380609664093041, 0.3587543489719104, -0.6595629477278274, 0.527263424115359, 0.1570293623438533, 0.2709336268691844, -0.1552532660995438, -0.12803086873920114], [-0.6067471383404083, -0.3053679497583677, 0.2746257785132687, -0.5563061705189492, -0.42099267340561475, -0.049863277180467735, 0.4269411139670893, 0.5395649488701955, 0.1350270681125354, 0.5043826595482002, 0.024415597425424488]], "inverted": true, "swapped": false, "error_lsq": 0.043438790317495146, "error_max": 0.2402046658570998, "target": "1122.xyz", "model": "3.xyz", "model_rescale": 3.7530521520055578, "target_rescale": 4.091961684110943},
{"mapping": [8, 1, 0, 7, 5, 6, 3, 2, 9, 4, 10], "R": [[-0.2867681442200403, -0.017652862439310246, -0.9578373598415824], [0.5615103856356607, 0.8069838658684403, -0.18298395298855732], [0.7761894860688887, -0.5903095939214658, -0.22150500003473628]], "T": [-0.09749183265946407, 0.051845330372900504, 0.01685545271017437], "aligned_model": [[-0.6935355492915825, 0.688861575046368, 0.13872681897216974, -0.011359603502375401, 0.03847887688900009, -0.5635283347277398, 0.06568395452464651, 0.285292295376979, -0.5441108307661744, -0.30823461732808033, -0.058412873361334744], [-0.17129764664116884, 0.12378051554546782, -0.7353485705270747, -0.20484957213905913, 0.49531827644136883, -0.5218281767466935, 0.7184988846135218, 0.0717272757505279, 0.3646011569878974, -0.35396896683877044, -0.03488717499749728], [-0.6437644014622305, -0.020554681389636384, 0.08575317964757634, -0.5177845258531698, -0.5330567714132317, 0.023505912016852246, 0.3470318997649175, 0.5776022784688147, 0.02574546349386235, 0.5918451389657498, 0.029356464993401978]], "inverted": false, "swapped": false, "error_lsq": 0.06253483532938808, "error_max": 0.323607867173346, "target": "1122.xyz", "model": "4.xyz", "model_rescale": 3.7855080009869324, "target_rescale": 4.091961684110943},
{"mapping": [5, 14, 12, 2, 9, 1, 8, 13, 7, 6, 16], "R": [[0.8430043301794311, -0.3478969525853112, 0.4102577356742743], [0.45377868615066225, 0.8694935495381105, -0.19510477007750537], [-0.28884009987207077, 0.35064038229141714, 0.8908550493836925]], "T": [-0.1252905276613114, 0.005497149696009954, -0.00797284311946509], "aligned_model": [[-0.7691615067326113, 0.5154485767127216, 0.2913651313773974, 0.12453040758456596, 0.21302643741873514, -0.31535879091360935, -0.024491797270367793, 0.2738694790167834, -0.7589271125372267, -0.4319790949414166, -0.08046001788309584], [0.20014436043226383, -0.07981219250268523, -0.5040995664098733, -0.3253280638887988, 0.3108424637678588, -0.7236654657497325, 0.5558222200616754, 0.0013789551432436854, 0.3593999501133421, -0.046202857616383874, 0.0032661980976092467], [-0.4581348920325933, -0.2076553781405762, 0.16458008132770802, -0.6194708937689601, -0.5549827969250911, -0.08077308027532494, 0.4189836029522853, 0.5966112853670238, 0.1781103588076991, 0.5659141666747429, -0.03750249675400795]], "inverted": false, "swapped": false, "error_lsq": 0.04408494475221805, "error_max": 0.2212826189803881, "target": "1122.xyz", "model": "5.xyz", "model_rescale": 4.2253639853439635, "target_rescale": 4.091961684110943},
{"mapping": [3, 11, 9, 7, 6, 0, 10, 8, 4, 1, 13], "R": [[-0.003550504102534183, -0.7181979619110135, -0.6958297790605722], [0.8633849101973703, 0.3488721189908862, -0.36449244359010796], [0.5045333395962025, -0.6020630632231774, 0.6188426109587377]], "T": [-0.02405418805580327, 0.02812224707160601, 0.013051069072834438], "aligned_model": [[-0.46651770472024734, 0.6982315075210713, 0.12322176551388893, -0.13244662949747033, 0.10219510710327233, -0.4476453400320001, -0.08631999565064129, 0.4338792227999135, -0.7049415509954164, -0.4195818185216098, -0.06221285168888482], [0.11607644103023551, 0.09386594511006455, -0.4897266054849649, -0.3313695327137308, 0.26779046331934186, -0.6435175803113674, 0.5908449353233154, 0.028151692952261935, 0.20032344847047606, -0.1218736567576996, 0.041180450510586476], [-0.5342144687462055, -0.26896830782607123, 0.30069457567669283, -0.68581083068419, -0.5703340779060497, -0.09890038275807167, 0.5496874634037365, 0.5928457447587022, 0.10051796242369798, 0.6128551240197819, -0.03269284512911718]], "inverted": true, "swapped": false, "error_lsq": 0.04332706181951555, "error_max": 0.2532874428436757, "target": "1122.xyz", "model": "6.xyz", "model_rescale": 3.89814844738969, "target_rescale": 4.091961684110943},
{"mapping": [5, 4, 11, 10, 2, 9, 3, 7, 6, 8, 12], "R": [[-0.9409222832501216, 0.21907326032552807, -0.258209534087573], [-0.11631502915894175, 0.5070359658293614, 0.854040598184443], [0.31801897879707214, 0.8336194791185185, -0.45159992599538507]], "T": [-0.016556765999798995, 0.10382434931751156, 0.01120395835364537], "aligned_model": [[-0.618676364196034, 0.5906215441125124, 0.21882317840338042, 0.01599221476741086, 0.2156165911439882, -0.6353727703053, -0.24814782380634548, 0.40506138751120024, -0.6474873562750874, -0.30328804304583484, 0.044719153521985355], [0.08260314429837445, 0.004740288879301502, -0.619812230341654, -0.35307464543668293, 0.2361818926843952, -0.5160938368174532, 0.546874882964248, 0.2701915916572986, 0.2919213733594673, -0.21497506647810172, 0.023188606679326568], [-0.4782633581756285, -0.1811827279853759, 0.28740452239171893, -0.5624575581312488, -0.6446350900930243, -0.16405035500018686, 0.645596378902077, 0.4864246995383984, 0.16587118445282414, 0.5345001264713366, -0.1235278651379843]], "inverted": true, "swapped": false, "error_lsq": 0.05240560524382148, "error_max": 0.3115306434434445, "target": "1122.xyz", "model": "7.xyz", "model_rescale": 3.7474275329858107, "target_rescale": 4.091961684110943},
{"mapping": [10, 13, 8, 11, 12, 5, 1, 2, 0, 3, 14], "R": [[-0.9761988437190892, -0.15109587086923354, -0.15558231045906523], [0.010447436097281673, -0.7493036685400709, 0.6621441409477128], [-0.21662564160437303, 0.6447589085221385, 0.7330479392787586]], "T": [-0.09870664885418867, -0.07002739201672592, -0.0734430517071192], "aligned_model": [[-0.6232329104864126, 0.7351083429253389, 0.15303336992866967, -0.026923035138090926, 0.10784705472369371, -0.45094392611656064, -0.028660301622166942, 0.2688775347052261, -0.5853149190584823, -0.4640337010243339, -0.047895797005005014], [0.16028682764207894, 0.13521827164793873, -0.5840805818493563, -0.2270718754565084, 0.3492916944685198, -0.6745505906714616, 0.557805360301639, 0.04665887003475094, 0.3000873279288349, -0.2615243476321158, -0.05037495496580101], [-0.5705254601358843, -0.33941035368825734, 0.2974836214004213, -0.6706566639204183, -0.4761211986766247, 0.07986078652573556, 0.33364583834719097, 0.6747919916417329, 0.17240389880348936, 0.5130717374732744, -0.048864240537753484]], "inverted": true, "swapped": false, "error_lsq": 0.0418568567363276, "error_max": 0.22227340024474634, "target": "1122.xyz", "model": "8.xyz", "model_rescale": 4.019505241142653, "target_rescale": 4.091961684110943},
{"mapping": [7, 11, 5, 8, 9, 4, 10, 6, 1, 2, 12], "R": [[-0.6503835554030102, -0.6113461702929698, -0.45084042734592744], [0.7570889547290572, -0.5699840777675487, -0.31927177407146473], [-0.0617862888398637, -0.5489754194493555, 0.833551704066281]], "T": [-0.13860988292387583, -0.044021606531983934, 0.07683542967110193], "aligned_model": [[-0.660368396434275, 0.4365034661531432, 0.22879269043663703, 0.02045062953822735, 0.01421527447830645, -0.4301908025829422, 0.11616049830540798, 0.33453718648139485, -0.5320434724914325, -0.3805955859238511, -0.10959977612874008], [-0.192449944246115, -0.044342385956061756, -0.5930254465214226, -0.1439840902025632, 0.39739839447540504, -0.735723407929323, 0.7711119438031886, 0.06237989551044798, 0.4989833319352779, -0.198409309975438, -0.07019297944487671], [-0.647954934654014, -0.16084935487970847, 0.1957255129702616, -0.5718896173401908, -0.4222967325926391, -0.2754767280492496, 0.4067279973110085, 0.6180123037549964, 0.1584500703350725, 0.5941163193101082, 0.07111512106726044]], "inverted": true, "swapped": false, "error_lsq": 0.05950543037511721, "error_max": 0.34418477351986876, "target": "1122.xyz", "model": "9.xyz", "model_rescale": 3.877068213659057, "target_rescale": 4.091961684110943},
{"mapping": [7, 10, 12, 8, 9, 1, 13, 6, 4, 3, 15], "R": [[0.4492377453000268, 0.8582988733385482, 0.2480090567369007], [-0.4532162834574853, -0.020291614489991935, 0.8911695970971932], [0.7699223653114207, -0.5127487634379712, 0.3798792663282624]], "T": [-0.03293242718027898, -0.008118762041160113, 0.00569475653120079], "aligned_model": [[-0.7008986705944842, 0.6647558761356035, 0.2969835749271608, -0.087537336120142, 0.2179577228328957, -0.6558735261772857, -0.030634188536958075, 0.32137290140652264, -0.6799827196890074, -0.2855275799486682, -0.022754342403761316], [0.017428989514476877, 0.10308657239152533, -0.585220581313706, -0.19553882504559753, 0.3066985722611931, -0.5775742590517302, 0.6721241831382648, 0.05098540495665565, 0.13405698305159797, -0.0789430956961192, -0.0953579427580415], [-0.46276546533013785, -0.05814241500543352, 0.34672868073712415, -0.7407735681224176, -0.5173630629771019, -0.19572876321830765, 0.37298585306967036, 0.5069721315476089, 0.14426840560150184, 0.5835709935305, -0.014072832600100827]], "inverted": false, "swapped": false, "error_lsq": 0.04210431190036287, "error_max": 0.18740392115495091, "target": "1122.xyz", "model": "10.xyz", "model_rescale": 4.260839863003843, "target_rescale": 4.091961684110943},
{"mapping": [6, 8, 1, 7, 10, 0, 4, 2, 5, 3, 11], "R": [[0.17740657319763917, -0.5812085934910447, 0.7941810112552633], [-0.5771960122183639, 0.5921657865134519, 0.5623028052234166], [-0.7971020457039922, -0.5581543264501913, -0.2304171794798389]], "T": [0.002688743044003114, 0.047180767474287434, -0.00767033875125633], "aligned_model": [[-0.6918909962975099, 0.7032036259632749, 0.2002452810425977, 0.04187793039777566, -0.009342518712387185, -0.5383421215710817, -0.05316358227724331, 0.3278535117418827, -0.5973157218295791, -0.35102237486254556, 0.005758678236691961], [0.010833402484746825, 0.009985751432812641, -0.5963630393637194, -0.3477916887286804, 0.45056637345914186, -0.6073271447009199, 0.6965032746696104, 0.02414938686165736, 0.3231992377642954, -0.1988102536372761, -0.013199298793149246], [-0.47617134132096334, -0.1609962551809862, 0.25706240594752017, -0.5292703729899352, -0.4877423059259517, -0.22889254805433015, 0.32604159991293163, 0.5957321428861494, 0.13522594684927253, 0.5564306575380225, -0.021739972428823532]], "inverted": false, "swapped": false, "error_lsq": 0.04010766413152295, "error_max": 0.2766740882178049, "target": "1122.xyz", "model": "11.xyz", "model_rescale": 3.890672605050136, "target_rescale": 4.091961684110943},
{"mapping": [3, 6, 11, 0, 8, 4, 5, 9, 7, 12, 13], "R": [[-0.739909312526024, 0.17136007017300287, -0.6505151309443696], [-0.44950069094227896, -0.8453823534113766, 0.2885789413367794], [-0.5004831046895396, 0.5059292469218855, 0.702532745876926]], "T": [0.06184522975689352, -0.16245949893089343, -0.01807343360611946], "aligned_model": [[-0.6114598946662871, 0.5980390156873688, 0.33484466666562385, -0.05473883264951057, 0.025212890759171255, -0.5002370398514929, -0.059823365452006644, 0.441887080685075, -0.6308506776945705, -0.40358849466558666, -0.1014236369859082], [0.02943036189393805, -0.02191541151411755, -0.5599848780617165, -0.26145127099217735, 0.42333674521189035, -0.5622855828282469, 0.48963358552580905, 0.10294523408211362, 0.3171514427572798, -0.06283332068267519, -0.1422809039435781], [-0.6204866196671049, -0.17555971035202123, 0.24689268552925941, -0.5884271179145513, -0.4360350083063508, -0.1416034649844567, 0.38805898812193756, 0.6071856608969337, 0.11273136251916721, 0.5551439941845452, 0.01777918720554783]], "inverted": false, "swapped": false, "error_lsq": 0.04186732984737428, "error_max": 0.25268720920318893, "target": "1122.xyz", "model": "12.xyz", "model_rescale": 4.124412569039231, "target_rescale": 4.091961684110943},
{"mapping": [9, 1, 2, 8, 6, 11, 5, 4, 7, 10, 12], "R": [[-0.13958032609261983, 0.30472254806483856, 0.9421578961452004], [-0.6268170099106689, -0.7637634574938569, 0.15416165892879446], [0.7665623057876813, -0.5690426607012007, 0.2976116288849815]], "T": [-0.06852182559596948, 0.24010740248852616, -0.050422814535777544], "aligned_model": [[-0.5395753072276188, 0.6648104891520619, 0.2389749058425128, -0.04102786837294195, 0.12148010026122333, -0.416939890598, -0.19990906518692492, 0.35706253953971, -0.640194311665633, -0.420806030676702, -0.0860138492358112], [0.1849833099817313, -0.022165909531661893, -0.5329360749540278, -0.35600415268430463, 0.19449382768253454, -0.6920785615660839, 0.6082745844785372, 0.06551437440481847, 0.3891523235613946, -0.231694422022218, 0.14420670209779962], [-0.4790382877380359, -0.28770055233894404, 0.17373127484716053, -0.44890897113860084, -0.6902911484514791, -0.06409913481253574, 0.5983731460330405, 0.5872851738461692, 0.15946728692057238, 0.39444632300523064, 0.022414847060327994]], "inverted": false, "swapped": false, "error_lsq": 0.04667690068492102, "error_max": 0.22535503743489227, "target": "1122.xyz", "model": "13.xyz", "model_rescale": 3.9028299243045295, "target_rescale": 4.091961684110943},
{"mapping": [10, 12, 1, 14, 13, 9, 0, 2, 4, 3, 15], "R": [[0.5777886065442478, 0.5283238600156741, -0.6221207479949492], [0.6664788133146675, -0.7453920594288355, -0.014023877606153007], [-0.47113301471063285, -0.4065274611617008, -0.7827956986156048]], "T": [-0.05142480241358456, -0.014691675529003998, 0.06604936020370801], "aligned_model": [[-0.560934309960224, 0.5579298525510472, 0.31653776060021493, -0.09315341265369566, 0.1358677847749104, -0.3896368111687658, -0.1736129542921696, 0.36268221380174903, -0.5580105886225906, -0.43384709477911015, -0.1259607284194899], [0.08865673235569775, 0.03530861148408608, -0.5165850324934903, -0.374581024768339, 0.2605459136291068, -0.6731215500764283, 0.5726447915514175, 0.03159361743383943, 0.43432832591616727, -0.01046332444141062, -0.0965810591421269], [-0.4678717672638729, -0.2662564699173257, 0.25287913887413427, -0.7412851628872283, -0.6563197338845601, -0.164011922720887, 0.6381702733179848, 0.6731101646807898, 0.0994432727610934, 0.5584158462556403, 0.03940631801713744]], "inverted": false, "swapped": false, "error_lsq": 0.04647726335447889, "error_max": 0.2586374710893804, "target": "1122.xyz", "model": "14.xyz", "model_rescale": 3.942246331269136, "target_rescale": 4.091961684110943},
{"mapping": [7, 13, 4, 6, 8, 9, 1, 3, 2, 5, 14], "R": [[0.06030645860473194, -0.5825656159187546, 0.810543295697249], [-0.897286845743975, -0.387390935706023, -0.2116709223952128], [0.437309327027659, -0.7145247134158582, -0.546090639374639]], "T": [0.019728563778174335, -0.0927446273002645, -0.021005533883833187], "aligned_model": [[-0.655441223186462, 0.8120656150351544, 0.4467958101679671, -0.14319020203277233, 0.05061376711485166, -0.6296644717612744, -0.02637184775932233, 0.2403614017053495, -0.6663428676204202, -0.37654867111507606, -0.014415598716119388], [0.04495182084867111, 0.06485180467961241, -0.4313961800280321, -0.30160143226390906, 0.26132332454226936, -0.5605834879066275, 0.4849928211868662, -0.02174756381845315, 0.2270528183689372, -0.014303350345841015, -0.0017945738149740542], [-0.5271329437979122, -0.11208356821660781, 0.1948478186931346, -0.513576036558767, -0.7084085568482922, -0.10805604813712186, 0.5453297276461831, 0.6593094654406026, 0.07739925970684491, 0.46847467752847033, -0.010423838223628839]], "inverted": false, "swapped": false, "error_lsq": 0.050047249023407576, "error_max": 0.23911379516112197, "target": "1122.xyz", "model": "15.xyz", "model_rescale": 4.355366556412066, "target_rescale": 4.091961684110943},
{"mapping": [3, 8, 2, 6, 10, 4, 9, 1, 5, 0, 11], "R": [[0.9337929779317495, -0.02544506488997117, -0.35690786351396103], [0.319281929245039, 0.5095275174345316, 0.7990248798595505], [0.1615231377324035, -0.8600780532310706, 0.4839173672511979]], "T": [-0.10827543149485519, 0.09426110145124217, -0.0022541432606913293], "aligned_model": [[-0.590634481650302, 0.6060372774863321, 0.26697632274869737, -0.023770433714692035, 0.2774616487933375, -0.4710915685512713, -0.137553572701031, 0.28364187934786667, -0.6964738949043588, -0.3351283233988603, -0.1416031416238422], [0.1179105027704927, -0.12155541803311595, -0.6023617194506852, -0.3189436770422119, 0.3889900821679237, -0.5782093851339558, 0.7093658375592948, 0.15657974959271742, 0.21352434793880623, -0.21000179490785398, -0.0035525240128931324], [-0.4469871658590673, -0.17608365605557527, 0.2709274228831087, -0.7080987999521338, -0.40422122077542466, -0.10461442120125831, 0.4109533824415478, 0.36803556893833206, 0.2334548459547043, 0.5976424427609403, -0.0753284419022677]], "inverted": false, "swapped": false, "error_lsq": 0.04720947003630958, "error_max": 0.22799414834264795, "target": "1122.xyz", "model": "16.xyz", "model_rescale": 3.795458400668931, "target_rescale": 4.091961684110943},
{"mapping": [5, 4, 11, 10, 2, 9, 3, 7, 6, 8, 12], "R": [[-0.9409222832501216, 0.21907326032552807, -0.258209534087573], [-0.11631502915894175, 0.5070359658293614, 0.854040598184443], [0.31801897879707214, 0.8336194791185185, -0.45159992599538507]], "T": [-0.016556765999798995, 0.10382434931751156, 0.01120395835364537], "aligned_model": [[-0.618676364196034, 0.5906215441125124, 0.21882317840338042, 0.01599221476741086, 0.2156165911439882, -0.6353727703053, -0.24814782380634548, 0.40506138751120024, -0.6474873562750874, -0.30328804304583484, 0.044719153521985355], [0.08260314429837445, 0.004740288879301502, -0.619812230341654, -0.35307464543668293, 0.2361818926843952, -0.5160938368174532, 0.546874882964248, 0.2701915916572986, 0.2919213733594673, -0.21497506647810172, 0.023188606679326568], [-0.4782633581756285, -0.1811827279853759, 0.28740452239171893, -0.5624575581312488, -0.6446350900930243, -0.16405035500018686, 0.645596378902077, 0.4864246995383984, 0.16587118445282414, 0.5345001264713366, -0.1235278651379843]], "inverted": true, "swapped": false, "error_lsq": 0.05240560524382148, "error_max": 0.3115306434434445, "target": "1122.xyz", "model": "17.xyz", "model_rescale": 3.7474275329858107, "target_rescale": 4.091961684110943},
{"mapping": [3, 5, 4, 8, 10, 0, 7, 9, 1, 2, 13], "R": [[0.2561576719997857, 0.2518255196449769, -0.9332562106577097], [0.4970757551172422, -0.862351609206398, -0.09625692584826817], [-0.8290349454337095, -0.4392420855913888, -0.3460743409948988]], "T": [-0.07424530709694332, 0.09837367739057037, 0.02174414409416995], "aligned_model": [[-0.4594325053941616, 0.6060536169122115, 0.3297737880906455, -0.034610451288706046, 0.20952829453360838, -0.5204079863809807, -0.16239971941987622, 0.3807499373092736, -0.7565229211153577, -0.4323306659323187, -0.12253967548246192], [0.16288713517464246, 0.02134332563862959, -0.6268392632602313, -0.3508830039025074, 0.3386084469170837, -0.6072406013067022, 0.6803941589785908, 0.013845092468802694, 0.208781364004708, -0.11573895941969978, 0.026588306155202995], [-0.5332856004618461, -0.21166458661497023, 0.013960606529261822, -0.5381236650691091, -0.5598047953697624, 0.06853884564771831, 0.491744400090211, 0.5050229577772504, 0.05048117517830401, 0.5959944191098431, 0.0828162004160054]], "inverted": true, "swapped": false, "error_lsq": 0.043378952330359134, "error_max": 0.2156166658532136, "target": "1122.xyz", "model": "18.xyz", "model_rescale": 3.922800546911778, "target_rescale": 4.091961684110943},
{"mapping": [7, 4, 8, 13, 11, 12, 2, 1, 3, 0, 14], "R": [[-0.05219897576510349, 0.9899067009794285, 0.13175731586936248], [-0.8830590474015014, -0.10736705268010824, 0.45681400460268284], [0.4663496389313786, -0.09250426668436264, 0.8797505185640765]], "T": [0.015532648622865214, -0.03774127337932852, 0.06335298760760388], "aligned_model": [[-0.5448380331407542, 0.6074618922773665, 0.3325590294209432, 0.0811965098988528, 0.09163393343950624, -0.5500253176841092, -0.0706624667484717, 0.2789670161659423, -0.6110200228736751, -0.5225177082690884, -0.054893120654636585], [0.12505954084481674, 0.0475336579777076, -0.5600351303045314, -0.3249566302650659, 0.2902423169313035, -0.5383523503222987, 0.6019618952610264, 0.022244697728505028, 0.06488565080068864, 0.02805967713115913, -0.004897324334791814], [-0.4822582411683326, -0.3443418684806573, 0.09642948859979969, -0.5571382233789112, -0.564244790993475, -0.15607075986570906, 0.3739640320110472, 0.7525460238487393, 0.1411264268976527, 0.6994462858251185, 0.00622158393763364]], "inverted": true, "swapped": false, "error_lsq": 0.045360396126944286, "error_max": 0.22380410641672419, "target": "1122.xyz", "model": "19.xyz", "model_rescale": 3.9282355846067225, "target_rescale": 4.091961684110943},
{"mapping": [0, 8, 12, 11, 4, 10, 5, 7, 1, 2, 13], "R": [[-0.16321211805611363, -0.981319196679111, -0.10185498882578992], [0.35922544431661657, -0.15526190476967325, 0.9202449788414075], [-0.9188682629600212, 0.1136062285104012, 0.3778554487743639]], "T": [0.07866899627644591, 0.07499053553750745, 0.015160142631594594], "aligned_model": [[-0.512114854233771, 0.7230904115849381, 0.3174728999088274, -0.07316889230874171, 0.12928477485067838, -0.45273833546974646, -0.16180079144853482, 0.2776653300276668, -0.6436037227274303, -0.4858214454569641, -0.08040366289504633], [0.13676948641468753, 0.12731709022724375, -0.6983044838100604, -0.2673621199832525, 0.334854790908152, -0.6026438105764239, 0.560101046748013, -0.08771760322199113, 0.2653347176903602, -0.07556562104709127, 0.058962508098882094], [-0.5208946972884225, -0.3855948327514787, 0.2755096268441556, -0.5956615057845618, -0.5586660128195113, 0.040700105916656015, 0.4562182174394103, 0.5826319896113502, 0.07509350571028364, 0.5960212234985873, 0.00032233685643683584]], "inverted": true, "swapped": false, "error_lsq": 0.041151240766424006, "error_max": 0.20335855790923646, "target": "1122.xyz", "model": "20.xyz", "model_rescale": 4.067790424073018, "target_rescale": 4.091961684110943},
{"mapping": [3, 10, 13, 11, 12, 6, 7, 1, 0, 8, 14], "R": [[0.36493400395970277, 0.582924178258005, 0.725963205098006], [0.8013761890241753, 0.2002569403931138, -0.5636429379398612], [-0.47394026672042655, 0.7874621008192194, -0.3940609893840706]], "T": [-0.2006799662230469, -0.10090197294976322, 0.07395534487865371], "aligned_model": [[-0.6186251418396849, 0.5947879864158792, 0.35540143156174936, 0.027698459276306625, 0.02096151866721166, -0.5439199200786478, -0.100012412335037, 0.4025606168911275, -0.6543854727824827, -0.3167248530690618, -0.12988050087548408], [-0.0007347279464142709, -0.056692654873451875, -0.5258135037878564, -0.2890714336313174, 0.3597784763748133, -0.705658260020971, 0.5092483473460699, 0.08484534317088316, 0.44442784879800357, 0.015378167838865878, -0.08396160182010551], [-0.6602335748538879, -0.11725944030630919, 0.055322710182149876, -0.5009079456630169, -0.49671307257883535, -0.179052698512112, 0.4913838866027228, 0.598268070946662, 0.10895146396568531, 0.6200143250448311, 0.045906232405016366]], "inverted": false, "swapped": false, "error_lsq": 0.04841118384060029, "error_max": 0.21088022427450653, "target": "1122.xyz", "model": "21.xyz", "model_rescale": 4.186013935880536, "target_rescale": 4.091961684110943},
{"mapping": [3, 2, 9, 11, 5, 4, 0, 1, 6, 7, 12], "R": [[0.23638002673505965, 0.805820218037291, -0.5429348572002586], [0.3528027942664248, -0.5918146448254076, -0.7247659032597901], [-0.9053478178681027, -0.020228751135684786, -0.42418878616596567]], "T": [-0.015095490044517573, -0.13178680332093312, 0.004463685490448236], "aligned_model": [[-0.6172437238805294, 0.5976971040615822, 0.3426087800015428, -0.06012885140536128, 0.0945512932448552, -0.6618287681559277, 0.0035427058021506863, 0.25733710042059366, -0.48921370713681955, -0.378754839627896, -0.05070538149231475], [0.20098921051355845, 0.25448204337415675, -0.5959638115084624, -0.4839459783629816, 0.43415845661673885, -0.4578749071753102, 0.5356298852441403, 0.0827057396106386, 0.15362719510158296, -0.24015493186200332, -0.13190690010353873], [-0.611179298584889, -0.1535895256333797, 0.20949568421070022, -0.5179555814878158, -0.5115036795465568, -0.05047959686865294, 0.28013744645943217, 0.6485884161223056, 0.06449380079004925, 0.6324222558260665, -0.024749964054353556]], "inverted": false, "swapped": false, "error_lsq": 0.055498483767095215, "error_max": 0.2828727516494781, "target": "1122.xyz", "model": "22.xyz", "model_rescale": 4.166573947596378, "target_rescale": 4.091961684110943},
{"mapping": [2, 8, 9, 3, 4, 11, 5, 10, 6, 12, 15], "R": [[0.6227040701346221, 0.523011862944444, -0.581977862342854], [0.7808555657300922, -0.4629458195820201, 0.41945888189412506], [-0.050042247212864766, -0.7156394059517083, -0.6966749702285656]], "T": [-0.04581424649579274, 0.006907515537396176, 0.07275028232330336], "aligned_model": [[-0.5117636635496444, 0.6723556139312921, 0.23568608785209522, -0.06038738783881384, 0.14060329880977512, -0.42665696763938243, -0.10167922466625602, 0.4294608977890579, -0.7303928146675054, -0.5409184836280723, -0.06844564456066984], [0.12216662593489126, -0.036686372908835516, -0.5228253093348778, -0.3057979101767006, 0.22989162065676966, -0.6629201325509422, 0.7419642628421618, 0.07584184520213384, 0.3302323204145842, -0.29200878205630476, 0.07188783342563954], [-0.39885942644724925, -0.29658799715157746, 0.09703736318869297, -0.4405036434253714, -0.6020682866498337, -0.09572247818947174, 0.4569802442693979, 0.6474700649328515, 0.14969757933859726, 0.3808122836083604, 0.06742425375850966]], "inverted": true, "swapped": false, "error_lsq": 0.044568886945793425, "error_max": 0.25504797505707194, "target": "1122.xyz", "model": "23.xyz", "model_rescale": 4.274766983524099, "target_rescale": 4.091961684110943},
{"mapping": [5, 2, 0, 3, 4, 6, 9, 1, 7, 8, 10], "R": [[-0.10161827683166533, 0.5793137738590448, -0.8087454959571364], [-0.21673410214475375, 0.7805342978147174, 0.5863382461535267], [0.970927419934812, 0.23486541114450576, 0.04624050028548356]], "T": [-0.11350832405307332, -0.11998663369091261, 0.030469658500654306], "aligned_model": [[-0.5233065763887892, 0.7097224279261397, 0.2616661338580597, 0.05552456509121448, 0.07106404883944153, -0.5913607363087782, -0.1261260147932839, 0.4037766345640309, -0.6255230291165351, -0.5155305906270535, -0.08204515121257047], [0.13634705875093872, 0.1019663712836702, -0.7015934942793518, -0.36453769295615435, 0.4340058724820159, -0.5723159549554322, 0.6066915481917783, 0.14417129971578152, 0.2476135444706361, -0.1825136486782026, -0.09808890257716006], [-0.6272532155990915, -0.418417313184007, 0.2895969013906966, -0.44664347859756337, -0.35255246772651627, -0.11809114838491425, 0.47706239231674413, 0.3264768177225465, 0.09165402983984379, 0.6464888118391325, 0.09735862761603464]], "inverted": false, "swapped": false, "error_lsq": 0.0536877669113954, "error_max": 0.2854195768541313, "target": "1122.xyz", "model": "24.xyz", "model_rescale": 3.7841303162186577, "target_rescale": 4.091961684110943},
{"mapping": [12, 11, 6, 3, 13, 4, 10, 7, 9, 8, 15], "R": [[-0.9520491181024383, -0.3030721430193676, -0.04183004716729104], [0.3055034339707957, -0.9490916579381045, -0.076763771822079], [-0.01643558798526613, -0.08586210431819485, 0.996171456371658]], "T": [-0.18520849737308992, -0.014728401542245582, 0.13609212711037716], "aligned_model": [[-0.5581560914113817, 0.5213805093384849, 0.28617878306363764, 0.03234744706105733, 0.06846053353549153, -0.3585182825372208, 0.04944958005292574, 0.35195223451071705, -0.6164641043925073, -0.5966714912145263, -0.1420974061748022], [0.1934716578984455, 0.12465812503208296, -0.5481873627144235, -0.41431020776379085, 0.27250601445738915, -0.7215441052584731, 0.6593896167694572, 0.03189502704902983, 0.37726274858032893, -0.16060483031463804, -0.06279068228688842], [-0.49059338714543993, -0.12986076527205231, 0.012633547697701947, -0.52874294928921, -0.5459257687650101, -0.028466744436714098, 0.4455361274778551, 0.4995342327182806, 0.08606965050216918, 0.5346847209534117, 0.11081129279191308]], "inverted": true, "swapped": false, "error_lsq": 0.04536882337787456, "error_max": 0.1936652211800598, "target": "1122.xyz", "model": "25.xyz", "model_rescale": 4.19342608120988, "target_rescale": 4.091961684110943},
{"mapping": [3, 8, 2, 6, 10, 4, 9, 1, 5, 0, 11], "R": [[0.9337929779317495, -0.02544506488997117, -0.35690786351396103], [0.319281929245039, 0.5095275174345316, 0.7990248798595505], [0.1615231377324035, -0.8600780532310706, 0.4839173672511979]], "T": [-0.10827543149485519, 0.09426110145124217, -0.0022541432606913293], "aligned_model": [[-0.590634481650302, 0.6060372774863321, 0.26697632274869737, -0.023770433714692035, 0.2774616487933375, -0.4710915685512713, -0.137553572701031, 0.28364187934786667, -0.6964738949043588, -0.3351283233988603, -0.1416031416238422], [0.1179105027704927, -0.12155541803311595, -0.6023617194506852, -0.3189436770422119, 0.3889900821679237, -0.5782093851339558, 0.7093658375592948, 0.15657974959271742, 0.21352434793880623, -0.21000179490785398, -0.0035525240128931324], [-0.4469871658590673, -0.17608365605557527, 0.2709274228831087, -0.7080987999521338, -0.40422122077542466, -0.10461442120125831, 0.4109533824415478, 0.36803556893833206, 0.2334548459547043, 0.5976424427609403, -0.0753284419022677]], "inverted": false, "swapped": false, "error_lsq": 0.04720947003630958, "error_max": 0.22799414834264795, "target": "1122.xyz", "model": "26.xyz", "model_rescale": 3.795458400668931, "target_rescale": 4.091961684110943},
{"mapping": [8, 7, 0, 6, 5, 1, 4, 3, 11, 9, 12], "R": [[-0.6195157719420786, -0.46874112563754733, -0.6296681391424025], [-0.6049550399566808, 0.7962558682925559, 0.0024478236617754556], [0.5002295552504087, 0.3824373796397438, -0.7768603752980746]], "T": [-0.2059177414435413, -0.03533276479152911, 0.08004204548645928], "aligned_model": [[-0.6153367070566087, 0.5682704746155844, 0.37574639901693235, -0.08220924804003499, 0.07859745694486237, -0.44535691539069716, -0.1407754308963775, 0.36113744616808413, -0.6395531098649303, -0.36753708407960467, -0.05512156958533404], [0.016946477836804558, 0.1298874394898899, -0.6176678306149821, -0.3956676777309108, 0.1985749621238086, -0.5462076943902393, 0.6305724626768657, -0.044469678189337565, 0.5328579966868318, -0.12985647472049616, -0.02322398171971528], [-0.5202867823176919, -0.10310540560639835, 0.1976255941133287, -0.6521067910574972, -0.5766152053343488, -0.09892403744057406, 0.5812305230509656, 0.5527380258630248, 0.10639005410231307, 0.4664598847001265, 0.012274097159657604]], "inverted": false, "swapped": false, "error_lsq": 0.04520823862433675, "error_max": 0.26094696695665826, "target": "1122.xyz", "model": "27.xyz", "model_rescale": 3.6321398670334006, "target_rescale": 4.091961684110943},
{"mapping": [12, 0, 3, 8, 10, 7, 13, 2, 6, 4, 14], "R": [[-0.9923019178222211, 0.08098741652654498, -0.09369067323217316], [0.0970992692070273, 0.03921917004496034, -0.9945016785407885], [-0.07686765123121155, -0.9959432187958008, -0.04678107661070258]], "T": [-0.011977813642610455, 0.017172217293882408, -0.024180265048676604], "aligned_model": [[-0.712281361910079, 0.5893796275554799, 0.205150768462788, -0.07835675684308879, 0.3804704228912701, -0.4521781721437592, -0.14498132883858694, 0.4883011060989753, -0.6825971157968279, -0.5429973703621578, -0.0120481072821374], [-0.03176070122837714, -0.09774802893615456, -0.6288669831393807, -0.21423622515840654, 0.3142966659894168, -0.6080324237444084, 0.6809042257398105, 0.2328360398333076, 0.33489733242788666, -0.273421626391288, 0.04287772605611347], [-0.4608612019223127, -0.14490416136568354, 0.05977573711139591, -0.4814259150618357, -0.6261545806348388, -0.15157800915546482, 0.4321608549743804, 0.55603847115543, 0.20653154637856763, 0.541541133479508, 0.03455608227375963]], "inverted": false, "swapped": false, "error_lsq": 0.0488233010594181, "error_max": 0.24300471088170317, "target": "1122.xyz", "model": "28.xyz", "model_rescale": 4.156811204709835, "target_rescale": 4.091961684110943},
{"mapping": [0, 3, 4, 1, 2, 5, 8, 9, 7, 10], "R": [[0.9776650364234248, 0.19760047490249644, -0.07159000540223143], [-0.11928939389889372, 0.802170780055191, 0.5850573306342562], [0.17303501685617917, -0.563450168110681, 0.8078259657857175]], "T": [-0.033712390952832266, 0.08355869248389336, -0.02408318704482622], "aligned_model": [[-0.6263034634953312, -0.08238369519050584, 0.22780493080750472, 0.6529355318912955, 0.13598688859789884, -0.6681530285501559, -0.6044815550814743, -0.5438800322100324, 0.24056622385639467, -0.08916642651500634], [-0.04027529846347061, -0.4541961049465636, -0.05403678229217665, -0.06226779352202186, -0.3373782087753304, -0.4835588709980667, 0.48057126658087224, 0.35862069491510046, 0.4415530236366286, 0.06968840449123226], [-0.637013556938685, -0.35417248972316767, -0.579268670076527, -0.12848582341424333, 0.5318453420223122, 0.16806606355153655, -0.15493094771781565, 0.4254359870797451, 0.4561887196534447, 0.031122102538499837]], "inverted": false, "swapped": true, "error_lsq": 0.06055613649574414, "error_max": 0.27777241795395896, "target": "1122.xyz", "model": "29.xyz", "model_rescale": 4.117894457231895, "target_rescale": 4.091961684110943},
{"mapping": [1, 10, 9, 8, 7, 5, 12, 11, 3, 2, 14], "R": [[0.17823839020307766, 0.33447888196545056, 0.9253944854908949], [0.9099206318758379, 0.30193694867441845, -0.2843914954984731], [-0.37453373672406587, 0.8927250173173843, -0.2505324799525688]], "T": [-0.060306905561759695, 0.0439422178553378, -0.035301507101363115], "aligned_model": [[-0.7073340382035777, 0.6442568637583108, 0.21103910022492925, -0.2453147910331637, 0.22473960018450587, -0.34073632674548116, 0.07137851597319744, 0.24283465710154659, -0.46351459777218146, -0.5863920991412441, -0.013095172514965885], [0.128767151788238, 0.05708479119569453, -0.4376293669241377, -0.3111160270098461, 0.3084442592329367, -0.7401217745466497, 0.6706546144416006, 0.0510604250385492, 0.2611697167468107, -0.29179014906278805, 0.055222360548111096], [-0.5960055717088468, -0.16848608736740203, 0.25501584767949875, -0.6196775946715174, -0.5604594076636873, -0.08584621091070205, 0.3862058410927772, 0.6231498232347571, 0.26468511214942486, 0.5270853703619617, -0.05998716496335857]], "inverted": false, "swapped": false, "error_lsq": 0.04803442581270216, "error_max": 0.21640533450247598, "target": "1122.xyz", "model": "30.xyz", "model_rescale": 4.100398675895297, "target_rescale": 4.091961684110943},
