[{"mapping": [9, 2, 10, 11, 13, 7, 12, 5, 4, 8, 3, 0, 6, 14], "R": [[-0.8941752381174478, -0.2418750302779792, -0.37675869368288306], [0.338788808083755, -0.9156854430171167, -0.21619970620640422], [-0.29269914085079674, -0.3209620525460502, 0.9007278022636096]], "T": [-0.018203354931819026, 0.03891370967897151, 0.09234562636858816], "aligned_model": [[0.042840011921077226, 0.28245840149422313, -0.46837716442058913, -0.3330183039219455, -0.6346010990345792, -0.18266248004101632, -0.728345752931731, -0.1411381322052095, -0.267881405562933, 0.2288079901938181, 0.6846912133064934, 0.2166498658956843, 0.716103787650092, -0.044034831215080575], [-0.5321743092682976, -0.3188846259017934, -0.24319472525195496, -0.47635548732590866, 0.2578839526043721, 0.2803389878771234, 0.09115198602177947, 0.46559694538551016, 0.7646341148944191, -0.06382002622595702, 0.46380294564281865, 0.5967222638359806, -0.17881328667478985, 0.12838459619673265], [0.2001050221185798, -0.3923681998755492, 0.4035907106478261, -0.29726153043574394, 0.6433662933355933, -0.5802426929212573, -0.2287886622553777, 0.7223069351001788, 0.16698379282107656, 0.7248303872269658, 0.4473469632571845, -0.10198838307326412, 0.14811103752096855, 0.04159641371265255]], "inverted": false, "swapped": true, "error_lsq": 0.03864075195970037, "error_max": 0.23805394715340808, "target": "1124.xyz", "model": "0.xyz", "model_rescale": 3.8414455957264533, "target_rescale": 4.048962082818414},
{"mapping": [4, 5, 10, 2, 0, 7, 6, 1, 9, 8, 13, 12, 11, 13, 14], "R": [[0.8002827031094085, -0.5623558625801184, 0.20809487962386225], [-0.5911918868134105, -0.681999729240121, 0.4305444486721455], [-0.10019854325237627, -0.4675812797131351, -0.8782528102954916]], "T": [-0.04144852962986303, -0.12074022580421286, -0.06229910389269121], "aligned_model": [[0.03517966088965887, -0.43401109260654536, -0.25199861449070055, -0.5773082470489724, 0.5316664962007445, -0.04511904423248617, -0.8089097059932476, 0.611954971344887, -0.32745278120851234, -0.24194705664172547, 0.3162999863220927, 0.21783402885503708, 0.7051162941729252, 0.3162999863220927, 0.005097673889605719], [-0.6056147288734033, -0.12443753792458566, 0.39868126734710707, -0.6075222397224194, -0.5306006819643604, -0.6395610893216126, 0.008342412221450393, -0.11847598248589343, -0.20564851637882758, 0.5348663045115274, 0.10850015665738456, 0.596674943225613, 0.2902418361486767, 0.10850015665738456, -0.09084986880929014], [-0.2964829452210383, -0.5916418558169585, -0.4550474643322192, -0.20548556202221502, 0.10820292879473727, 0.31686634948714043, -0.12839138119426602, -0.6293587385739806, 0.5512983457956814, 0.3304894086353625, 0.5656434468413418, -0.08173036680851285, -0.06196632282793062, 0.5656434468413418, -0.13303817770645224]], "inverted": true, "swapped": false, "error_lsq": 0.04591203276663836, "error_max": 0.38549717021691304, "target": "1124.xyz", "model": "1.xyz", "model_rescale": 4.316132596720782, "target_rescale": 4.048962082818414},
{"mapping": [9, 2, 11, 5, 10, 8, 4, 3, 7, 6, 0, 14], "R": [[-0.03231968384548989, 0.15042018361873657, -0.9880937234879255], [0.08812792245655585, -0.9843307571315948, -0.15272992453423306], [-0.9955847062503616, -0.09201482991804535, 0.018557040592031837]], "T": [-0.035736455965446196, -0.05460781438525371, -0.11936389327093064], "aligned_model": [[-0.15064342528550623, 0.5009201300691184, 0.1778375567219108, -0.6379959927777074, -0.5073663132298178, -0.5397668998251558, -0.1490148449185672, -0.08146957132235275, 0.5446636791385936, 0.16619602615085763, 0.26666059409041776, 0.007787615819989761], [-0.5755824409828049, -0.4083635957035365, -0.6791399210702458, 0.4262638947455483, -0.3767433873376961, -0.003608726031479617, 0.6023930981774062, 0.5616444207660326, 0.03990230092132058, -0.09681862244337523, 0.5045118355899466, 0.018317571109863998], [0.11909308867230742, 0.08118831919107958, -0.4035299062758144, -0.12764901676910018, -0.3493836330155622, 0.34427195788976983, -0.5067885942031678, 0.5277522098514931, -0.5574409838678104, 0.6203409978974761, -0.11570783273377, -0.18288814542747991]], "inverted": false, "swapped": true, "error_lsq": 0.045464378701299414, "error_max": 0.2857520470862273, "target": "1124.xyz", "model": "2.xyz", "model_rescale": 3.795458400668931, "target_rescale": 4.048962082818414},
{"mapping": [3, 8, 13, 11, 0, 7, 10, 6, 9, 2, 4, 14], "R": [[0.5921111101035492, -0.42728604692043914, 0.6832503694832861], [-0.6150246227720835, 0.3082521127265342, 0.7257584642177345], [-0.5207198351090527, -0.8499454506653544, -0.08027193916474526]], "T": [0.04538831596782735, 0.021582899820270014, 0.10387173643436612], "aligned_model": [[0.13148480972139942, -0.10651554434007299, -0.7923681506107579, 0.2847397927477877, 0.07073847543539513, 0.21534989803225063, -0.317309377322448, 0.6117025007158832, 0.27833664436477096, 0.6905831466618231, -0.490829282007485, 0.017390912345018925], [-0.10608488369107913, -0.5595675014142335, -0.11703253854007684, 0.037783676663635836, 0.4781503034627238, 0.705337494022563, -0.2988814059659273, -0.30866870041978994, -0.4397241649202307, 0.08534220397097009, 0.48708960019092723, 0.122024961930227], [-0.777550930001094, -0.2289874322847377, 0.20618392828106846, 0.7812585827163033, -0.33768879282033104, 0.30709755063938493, 0.48448721470040046, -0.29605817037563975, 0.3766551188311502, 0.28559409514059364, -0.19671816847933096, 0.08449843429133273]], "inverted": true, "swapped": true, "error_lsq": 0.04358970395632553, "error_max": 0.24591313866078143, "target": "1124.xyz", "model": "3.xyz", "model_rescale": 3.7530521520055578, "target_rescale": 4.048962082818414},
{"mapping": [4, 7, 12, 11, 13, 1, 5, 0, 3, 9, 14], "R": [[0.07829107459167114, 0.8598344652288488, 0.5045346371101807], [-0.6836804285789853, 0.41464020967010073, -0.6005452256931119], [-0.7255698306967684, -0.29792312587201975, 0.6203146232786297]], "T": [0.062488939898697034, 0.0555887532167552, 0.08309305792254273], "aligned_model": [[-0.440334428504856, -0.17517446726720065, 0.2994857182243557, 0.5974661038655628, 0.24623891072032955, -0.42886007460006, -0.15314285014784013, -0.5629025296817438, -0.5808974317906845, 0.5474655242971397, -0.011144872669797044], [-0.5132791209748886, 0.13683399044197886, -0.3409647274494742, 0.25619458550401686, -0.7654357883536516, 0.6375690741541626, -0.5390222630706909, 0.05227499661885847, 0.20102838087063896, 0.32448817255372275, 0.01751605801967266], [-0.05158468078880249, -0.605836062054535, -0.546776895573503, -0.35275240575600714, 0.23695199334293604, -0.052005226032165563, 0.5235058915525532, -0.030690308360746904, 0.6876746301870547, 0.26740453412443044, 0.016939306604101978]], "inverted": false, "swapped": true, "error_lsq": 0.046822943808953535, "error_max": 0.2667819619287141, "target": "1124.xyz", "model": "4.xyz", "model_rescale": 3.7855080009869324, "target_rescale": 4.048962082818414},
{"mapping": [6, 4, 0, 11, 8, 13, 1, 7, 12, 2, 9, 3, 10, 15, 16], "R": [[-0.40432214211058387, -0.8812414438298937, 0.2448205936511736], [-0.1924518665674127, 0.3436549383457319, 0.9191646002785954], [-0.894139745483796, 0.3245224199145499, -0.3085438615804518]], "T": [0.02159663964265614, -0.050883998410266716, 0.01289485498005116], "aligned_model": [[-0.024532651299448215, -0.2242973471852365, -0.35039382066630764, -0.5259158474776041, 0.5528083067277012, -0.024575558740588793, -0.6912604843929715, 0.41171920438588294, -0.5187508618669792, -0.3090955255482331, 0.3179413264212806, 0.13375591215076002, 0.7207811200170028, 0.5673497512729504, 0.017169031976644447], [-0.5909719474432207, -0.10522100433167175, 0.45232714505780847, -0.6269563172701079, -0.5029701485939113, -0.6903102400094911, 0.06309723556858637, -0.18701309999024704, -0.2458899814285137, 0.5443388274273255, 0.4512963669230696, 0.6345400917709008, 0.14324071106379196, -0.1907064873864879, -0.025704720069079867], [-0.35077280084531703, -0.6825074896340069, -0.45280410985580793, -0.015512682596657003, 0.10639432839289181, 0.35034092256144533, -0.2150238542161915, -0.6121193241047939, 0.37767219420157494, 0.2994924248615218, 0.42143949946924064, 0.007352329471595946, -0.053595246911520594, 0.6144938239022077, 0.060151097195848116]], "inverted": true, "swapped": false, "error_lsq": 0.03983524466268151, "error_max": 0.23328089701749896, "target": "1124.xyz", "model": "5.xyz", "model_rescale": 4.2253639853439635, "target_rescale": 4.048962082818414},
{"mapping": [8, 10, 4, 5, 13, 7, 0, 3, 11, 9, 12, 1, 6, 14], "R": [[-0.961526262691595, -0.14614428311913572, 0.23261361668210145], [-0.22160361272734388, 0.9130587147251421, -0.3423676712113177], [-0.1623548120029804, -0.3807435251925704, -0.9103160347063055]], "T": [0.028503302702256893, 0.05709772594332069, 0.023456380874589833], "aligned_model": [[0.5930373058103932, -0.09926272543922174, -0.308748260765609, 0.16471799299112605, -0.2258912926431649, -0.5245358842032641, -0.021496689479459194, 0.6841035402094946, -0.3104506466386133, 0.27408562160134714, -0.730304812268207, 0.21595510742500942, 0.704176263376218, -0.04132336721826519], [-0.17001914718981845, 0.07840172977150717, -0.617014536762406, -0.6511807332167638, -0.4873934333978048, 0.19840505590023963, -0.2806228095834112, -0.4143598723813238, 0.6640352819126123, 0.4838413447923045, 0.11019420430109643, 0.23663254807770595, 0.2874957746064699, 0.006683739804582027], [-0.29485963051152897, -0.5784880615539766, 0.18598063018115124, -0.24822353379412881, -0.5850916360517164, 0.4837692226215949, 0.5596624665495815, 0.4088570135310081, -0.15859184763399867, -0.2912801975685197, -0.15416485356354462, 0.7521576659579714, 0.30648393263471874, 0.08534703813283592]], "inverted": false, "swapped": true, "error_lsq": 0.04522590542416003, "error_max": 0.3140572620470196, "target": "1124.xyz", "model": "6.xyz", "model_rescale": 3.89814844738969, "target_rescale": 4.048962082818414},
{"mapping": [10, 12, 4, 9, 5, 7, 2, 8, 6, 1, 0, 3, 14], "R": [[-0.33231817214676573, 0.6440529323466369, -0.6890286298817572], [-0.44447056680765706, 0.5374012802353165, 0.7166908533273767], [0.8318717134887526, 0.5444223400423075, 0.10767436073711104]], "T": [-0.07742139706313472, 0.0022388093603406406, -0.13224808403714577], "aligned_model": [[0.1742062385664228, 0.00177790574207215, 0.4787732016287645, -0.33924714622265423, 0.6679029771825098, -0.3689212134610267, -0.7498484070272857, 0.2284464744033416, -0.4516251768897266, -0.5684717306856832, -0.004795027000718932, 0.13503791170251903, -0.05460420703431248], [-0.411661868974927, 0.23577432342034166, 0.5354285957223642, -0.5181114310184164, -0.037709439310392015, 0.6000565028648952, 0.009981012841251455, -0.4605549685969999, -0.2031734998742637, 0.4158068111840983, 0.5649750347107205, 0.12882432858273385, 0.10414586391907936], [-0.5123597673065268, -0.8734275011759745, -0.16284729169997703, -0.1787541031000934, 0.05989381191102622, -0.44103584027557974, -0.09838647406770962, 0.2725636773043182, 0.506108493470625, 0.29926967000259547, 0.15432734529952014, 0.727667455147706, -0.15074444467363413]], "inverted": true, "swapped": true, "error_lsq": 0.04742520180943729, "error_max": 0.23018935973847165, "target": "1124.xyz", "model": "7.xyz", "model_rescale": 3.7474275329858107, "target_rescale": 4.048962082818414},
{"mapping": [0, 6, 5, 10, 1, 12, 7, 3, 11, 9, 4, 8, 2, 13, 14], "R": [[-0.6518871366459619, 0.13928280678217608, 0.7454149588050996], [-0.354291543311185, 0.8131644804197288, -0.4617802833836582], [-0.6704630216601868, -0.5651228428568358, -0.4807447441914475]], "T": [0.012504746120215529, -0.114646504316572, 0.030954283983005183], "aligned_model": [[0.10217828348364101, -0.35643127153060084, -0.2753683693917857, -0.5478015201918908, 0.6040525326810751, -0.037065682752477166, -0.6341861717816984, 0.21283233426139397, -0.47600340501999855, -0.45997672640020115, 0.5029833247244114, 0.23001454726326898, 0.8223904321116059, 0.3005832724219441, 0.06450097589616556], [-0.533624975860145, -0.19404560885484284, 0.3771684144173453, -0.6114057636957028, -0.5639546526316759, -0.5447237007349683, 0.012725531049689737, 0.10756513742931434, -0.10598405245186404, 0.45386347019758155, 0.35176955321231396, 0.5292563929678684, 0.0829621083696834, -0.12720658539315496, -0.11126883673269129], [-0.4696742556616133, -0.6932833120282913, -0.4029450350969538, -0.08967111069301997, -0.08304231299450568, 0.47052111223739607, -0.1406407428500968, -0.620678573296881, 0.4153560318811233, 0.21506866987192472, 0.4235261513590877, -0.026394309129096717, -0.0857740659081625, 0.8824029528643081, 0.06022991133681273]], "inverted": true, "swapped": false, "error_lsq": 0.0443220930923744, "error_max": 0.31179562199504546, "target": "1124.xyz", "model": "8.xyz", "model_rescale": 4.019505241142653, "target_rescale": 4.048962082818414},
{"mapping": [1, 7, 0, 3, 6, 8, 4, 2, 9, 11, 12, 10, 14], "R": [[-0.45157334433888235, -0.3095645933204141, 0.836810179936265], [0.8886525172000277, -0.23999618620413304, 0.39076659821628296], [0.07986374870147267, 0.9200932524314251, 0.3834712355229662]], "T": [0.09258472285196435, -0.0002036078366244587, 0.06235339475377502], "aligned_model": [[-0.2810545529841412, -0.6091459808973242, -0.08865249462988341, 0.5357683638189955, 0.27848707299068076, 0.7612944864057002, 0.08872265219878825, -0.3178180060471225, 0.23753766152317868, -0.31672925206234775, -0.3424822829118285, 0.3399237742555076, 0.03384933008097303], [-0.5332396370731951, 0.13688979313489072, 0.002809778275419117, -0.3760567035589393, -0.7347595653400273, -0.15651182889077317, 0.5497275937288882, -0.5039135536837956, -0.285142985929001, -0.012611566522616996, 0.5959662492460788, 0.3271261077445716, 0.05309454698255894], [-0.35554943776018955, -0.10039621309665386, -0.5469216795378852, -0.61804376639897, -0.06250519397041679, 0.06324220892650209, -0.4781471596949669, 0.23901840159047905, 0.5515140041421085, 0.6528723585677733, 0.3181980669360789, 0.5214762337033603, -0.008054329363340898]], "inverted": false, "swapped": true, "error_lsq": 0.05123847941226946, "error_max": 0.3380307821410277, "target": "1124.xyz", "model": "9.xyz", "model_rescale": 3.877068213659057, "target_rescale": 4.048962082818414},
{"mapping": [9, 14, 6, 2, 8, 7, 13, 11, 4, 3, 5, 12, 0, 1, 15], "R": [[0.09318907597671117, 0.4308803421208371, -0.8975844956840762], [0.9799039726592788, -0.19937879475238812, 0.006024995406539335], [-0.1763632628558751, -0.8801080768729007, -0.4408012846373227]], "T": [-0.05607886501554478, -0.03107584000306616, -0.07742780302648462], "aligned_model": [[-0.020130588738205515, -0.473237605606555, -0.2850830707958476, -0.41894786859497846, 0.4589560918917986, 0.025504547579322343, -0.8144790700490798, 0.5543558590950929, -0.36731984913736393, -0.326827543953656, 0.24159574440623544, 0.33018387384645737, 0.7089645696731065, 0.4094027051333891, 0.029764761025137143], [-0.5493306014187124, -0.2787551964362935, 0.46968124031369485, -0.5859020483239188, -0.605574317108348, -0.6253111925184663, -0.010659096901995804, 0.011995369558082142, -0.14892535327791695, 0.42774280786567975, 0.40782803731588685, 0.6019922824182268, 0.1408017344647789, -0.12510788810909074, -0.007379346552855399], [-0.48457031812697476, -0.6891099657416729, -0.3551038649627157, -0.04828466058988941, -0.08109233236337428, 0.4762102213424005, -0.22592285873511175, -0.4899439781888817, 0.5119203298871042, 0.2674518048795039, 0.4968096527551021, -0.1680978899037659, 0.06016826548069286, 0.648789445449551, -0.06422273928993642]], "inverted": false, "swapped": false, "error_lsq": 0.03334376933527646, "error_max": 0.1930303741924439, "target": "1124.xyz", "model": "10.xyz", "model_rescale": 4.260839863003843, "target_rescale": 4.048962082818414},
{"mapping": [2, 11, 12, 7, 4, 0, 6, 9, 10, 13, 8, 14], "R": [[-0.6509495789433497, 0.6966654976743202, 0.30153246926934346], [-0.7147221361817077, -0.6963054542297964, 0.06581020028607622], [0.25580639891396834, -0.17267280839793142, 0.9511819949487265]], "T": [0.015569873393778329, 0.09732930323746415, -0.05660069880185266], "aligned_model": [[0.32061740936720706, 0.3041378101361093, -0.3222882518090688, -0.4171840052015256, -0.7118314704000134, -0.4755605573573973, 0.4502323956374819, 0.5870702327973996, 0.2153500079791694, -0.24013842063571025, 0.3354169044446599, -0.08692340586418129], [-0.04220379098384795, -0.5371877200341689, -0.5965786249830338, -0.27024517403962695, 0.21528823023591387, 0.3981990149993242, 0.6165104491680127, -0.01959288609542799, -0.20945347069287057, -0.030572420473438153, 0.5626620531489303, 0.08625284528316741], [-0.6404167233227255, -0.23130395345283294, 0.06382342116381981, -0.5206277456914395, 0.17045230820923363, -0.3255624845336376, -0.4188730205930982, -0.022011014828276373, 0.4384622848087686, 0.7494838743558604, 0.33425618858739187, -0.08150505730755939]], "inverted": false, "swapped": true, "error_lsq": 0.04303461250152433, "error_max": 0.19692777659112043, "target": "1124.xyz", "model": "11.xyz", "model_rescale": 3.890672605050136, "target_rescale": 4.048962082818414},
{"mapping": [10, 9, 8, 13, 5, 7, 11, 4, 12, 1, 3, 6, 0, 14], "R": [[0.10338176788964659, -0.39459745877778163, 0.9130197454568705], [-0.9764080504419927, -0.21521975352332456, 0.01754356649677591], [0.18957723782162939, -0.8932935145961135, -0.4075379340385936]], "T": [0.026552863096133597, -0.004062376377869587, 0.020086455894428895], "aligned_model": [[0.4098921468855835, -0.008877664219677325, 0.5029959022736592, 0.786564813435488, 0.7321552539965208, -0.48729175769639943, -0.32657670668700334, 0.3246524588502744, -0.015954768755058878, -0.5747785698593689, 0.19757596833765334, -0.2159183584020905, -0.12109777357965242, 0.006534890213765156], [-0.2633944867161676, 0.1704845071413547, 0.4713966814654261, -0.3961032581922442, 0.057852983832049266, -0.437632573497924, -0.36678769023757096, -0.3055296762012426, -0.7825664112126344, 0.3446665775186806, 0.7147255413126079, 0.7210297528581341, 0.06291484213570044, -0.05890427037840441], [-0.38600833642390986, -0.5364725873185144, -0.11609912544914763, 0.03435894601081316, 0.3239195477735254, 0.31281261783034453, -0.4899472564746883, 0.6641626855076934, -0.027692862463499876, 0.35944632209653926, 0.5247770670071104, -0.05182262930482524, 0.6347290083905537, 0.10862703817486703]], "inverted": false, "swapped": true, "error_lsq": 0.05399023342388432, "error_max": 0.31679827347147715, "target": "1124.xyz", "model": "12.xyz", "model_rescale": 4.124412569039231, "target_rescale": 4.048962082818414},
{"mapping": [10, 9, 6, 12, 8, 5, 11, 4, 2, 7, 0, 1, 14], "R": [[0.7242591620221334, 0.6841282207639254, 0.08612342179328142], [0.5263812491283573, -0.6292436245009887, 0.5718174897560667], [0.44538909595214377, -0.3688103016175728, -0.8158477275985314]], "T": [0.1110982881169712, 0.07492578064854202, 0.05119401642401976], "aligned_model": [[-0.27211786536224974, -0.02740216362619663, 0.6646975967631406, -0.5821532919460745, 0.5027898047926789, 0.40069921938255953, -0.4989588510607711, 0.21647508021256273, 0.05072181242019807, -0.16955449621655017, 0.463835164922671, 0.5112133558461323, 0.10705294138165646], [-0.16266205703027423, 0.4071516219997413, 0.5729540629943175, -0.15640684054043724, -0.08443020168234974, -0.6145360533045615, 0.45124854105047885, -0.5582514516308386, 0.7340535963520969, 0.21343402958125748, -0.04220155542591733, 0.5538754745231673, 0.0332562096217965], [0.47049406340290206, 0.5115455349396897, 0.2388571217996785, -0.2245699395170721, 0.5922940298147791, 0.23773214584319619, 0.10234087424149309, -0.37607921654884263, -0.07237716881787988, -0.6119481219243977, -0.46449000362604165, -0.4058526088214862, -0.04624862981817883]], "inverted": true, "swapped": true, "error_lsq": 0.04474947657049345, "error_max": 0.29673391322235615, "target": "1124.xyz", "model": "13.xyz", "model_rescale": 3.9028299243045295, "target_rescale": 4.048962082818414},
{"mapping": [5, 13, 11, 8, 4, 0, 12, 10, 2, 1, 6, 9, 7, 3, 15], "R": [[-0.6038131768246601, -0.4954105814109616, 0.6244821881518842], [-0.5601967338192616, 0.8210629303019029, 0.10970544153452173], [-0.5670884118998939, -0.28359129096307945, -0.7732960059244783]], "T": [-0.029837690100998484, -0.06565934946622874, -0.0009661970600558113], "aligned_model": [[-0.11065659770697958, -0.22635669975680703, -0.3332309961983708, -0.5328641575344517, 0.45738266051393256, 0.06592871248459917, -0.6397636516898105, 0.476474912600105, -0.4473204345140367, -0.3769947888484504, 0.15879376548428617, 0.3363540047049474, 0.8262037445330878, 0.3506085137305722, 0.0481435679722302], [-0.4725984375242789, -0.21695637680523383, 0.560992880398065, -0.647823104278173, -0.5352095514042505, -0.7395224109471716, -0.03774506862296381, -0.10583419193917847, -0.18854381810543588, 0.41597275291480706, 0.41095109023029536, 0.6058229784263026, 0.21992208041683375, -0.16251964862500018, 0.016187257154133106], [-0.30091738715439637, -0.7567048027680843, -0.24818305117672154, 0.06653858204708156, -0.03972457279144291, 0.47227135401981485, -0.33480957840204456, -0.5462974105691331, 0.5929675829528359, 0.2630626318357325, 0.4252601805672562, -0.12690500143280792, -0.08011330650020872, 0.48335623033224606, -0.014800339068096061]], "inverted": false, "swapped": false, "error_lsq": 0.04230157950039127, "error_max": 0.2832156658078032, "target": "1124.xyz", "model": "14.xyz", "model_rescale": 3.942246331269136, "target_rescale": 4.048962082818414},
{"mapping": [5, 9, 6, 2, 3, 1, 7, 10, 0, 8, 13, 11, 4, 12, 14], "R": [[0.6273542279762072, -0.6682148528459293, 0.3998944649235229], [-0.1110566277082849, 0.43149921717547723, 0.8952512781443065], [-0.7707743496526341, -0.6060506051585495, 0.19649317012180248]], "T": [0.06653052953357637, -0.033626358434059346, -0.05066998984746464], "aligned_model": [[-0.0005596799671089975, -0.2859071568415887, -0.2374276788567164, -0.5206911296745428, 0.5675801667384209, 0.10942748779114318, -0.7641909922754675, 0.3790990535738145, -0.5305473795315663, -0.4145723171873337, 0.5519277850703601, 0.21619884323693572, 0.6341386427767911, 0.33705494413229914, 0.011171966789413568], [-0.6530604141450301, -0.14339727753372616, 0.3604782262042858, -0.5198283717905694, -0.5241036759661646, -0.682654533741622, 0.043366245364179566, 0.13170491439953902, -0.2127013305366385, 0.47120199476206315, 0.3733710734742315, 0.6661580871947134, 0.07052926934095882, -0.17605219530073768, -0.08191558043673111], [-0.1714172987355987, -0.7661420918017597, -0.30577854175747377, -0.08843563302252799, 0.10721982155292624, 0.43261430992835403, -0.23762827474725967, -0.6703207011725558, 0.33939104094273814, 0.28478389815224087, 0.45891066249594126, -0.09552698691341317, -0.15380394112382517, 0.7073588224424071, 0.013776025651838275]], "inverted": false, "swapped": false, "error_lsq": 0.046676013878022116, "error_max": 0.35622947869938293, "target": "1124.xyz", "model": "15.xyz", "model_rescale": 4.355366556412066, "target_rescale": 4.048962082818414},
{"mapping": [9, 2, 11, 5, 10, 8, 4, 3, 7, 6, 0, 14], "R": [[-0.03231968384548989, 0.15042018361873657, -0.9880937234879255], [0.08812792245655585, -0.9843307571315948, -0.15272992453423306], [-0.9955847062503616, -0.09201482991804535, 0.018557040592031837]], "T": [-0.035736455965446196, -0.05460781438525371, -0.11936389327093064], "aligned_model": [[-0.15064342528550623, 0.5009201300691184, 0.1778375567219108, -0.6379959927777074, -0.5073663132298178, -0.5397668998251558, -0.1490148449185672, -0.08146957132235275, 0.5446636791385936, 0.16619602615085763, 0.26666059409041776, 0.007787615819989761], [-0.5755824409828049, -0.4083635957035365, -0.6791399210702458, 0.4262638947455483, -0.3767433873376961, -0.003608726031479617, 0.6023930981774062, 0.5616444207660326, 0.03990230092132058, -0.09681862244337523, 0.5045118355899466, 0.018317571109863998], [0.11909308867230742, 0.08118831919107958, -0.4035299062758144, -0.12764901676910018, -0.3493836330155622, 0.34427195788976983, -0.5067885942031678, 0.5277522098514931, -0.5574409838678104, 0.6203409978974761, -0.11570783273377, -0.18288814542747991]], "inverted": false, "swapped": true, "error_lsq": 0.045464378701299414, "error_max": 0.2857520470862273, "target": "1124.xyz", "model": "16.xyz", "model_rescale": 3.795458400668931, "target_rescale": 4.048962082818414},
{"mapping": [10, 12, 4, 9, 5, 7, 2, 8, 6, 1, 0, 3, 14], "R": [[-0.33231817214676573, 0.6440529323466369, -0.6890286298817572], [-0.44447056680765706, 0.5374012802353165, 0.7166908533273767], [0.8318717134887526, 0.5444223400423075, 0.10767436073711104]], "T": [-0.07742139706313472, 0.0022388093603406406, -0.13224808403714577], "aligned_model": [[0.1742062385664228, 0.00177790574207215, 0.4787732016287645, -0.33924714622265423, 0.6679029771825098, -0.3689212134610267, -0.7498484070272857, 0.2284464744033416, -0.4516251768897266, -0.5684717306856832, -0.004795027000718932, 0.13503791170251903, -0.05460420703431248], [-0.411661868974927, 0.23577432342034166, 0.5354285957223642, -0.5181114310184164, -0.037709439310392015, 0.6000565028648952, 0.009981012841251455, -0.4605549685969999, -0.2031734998742637, 0.4158068111840983, 0.5649750347107205, 0.12882432858273385, 0.10414586391907936], [-0.5123597673065268, -0.8734275011759745, -0.16284729169997703, -0.1787541031000934, 0.05989381191102622, -0.44103584027557974, -0.09838647406770962, 0.2725636773043182, 0.506108493470625, 0.29926967000259547, 0.15432734529952014, 0.727667455147706, -0.15074444467363413]], "inverted": true, "swapped": true, "error_lsq": 0.04742520180943729, "error_max": 0.23018935973847165, "target": "1124.xyz", "model": "17.xyz", "model_rescale": 3.7474275329858107, "target_rescale": 4.048962082818414},
{"mapping": [7, 1, 0, 2, 12, 10, 4, 3, 11, 5, 9, 6, 8, 14], "R": [[-0.5445569416431784, 0.7751067868650692, 0.3204172377758979], [0.8206073126592601, 0.5713557115690788, 0.012501570602895556], [-0.17338216666766965, 0.26974454547423177, -0.9471940162757178]], "T": [-0.009187831465023753, -0.09700639737587712, 0.07169538841328581], "aligned_model": [[0.3868167677283665, 0.1340682896975161, 0.5250105571024539, -0.311105540593094, 0.23204513748731587, -0.2625509348169987, 0.7198123990465942, 0.20384851097261739, -0.37177432296196766, 0.2984002708060908, -0.5918195187416787, -0.3613242798128863, -0.2783257959273297, 0.09174610789587659], [-0.45865830794090423, 0.2696628114365737, 0.16702188347018643, -0.12196684464266909, -0.8390291673033727, -0.4332580108974076, -0.10523212514170564, 0.7708929794295842, -0.6613578189486295, 0.1607248223203071, -0.14061752423648427, 0.5157655670150082, 0.3548593973443883, -0.11839942039364149], [-0.4284008713529962, -0.5941933931359525, -0.14964885527719973, -0.5296259126071335, 0.10867048654594606, 0.520980510090848, 0.3228349765334111, 0.11623497340282189, -0.18607009274277514, 0.7297128435998863, 0.08257160050036079, -0.2286914406430568, 0.5132696828176916, 0.047150210929803184]], "inverted": true, "swapped": true, "error_lsq": 0.035176066042317475, "error_max": 0.22467704532758193, "target": "1124.xyz", "model": "18.xyz", "model_rescale": 3.922800546911778, "target_rescale": 4.048962082818414},
{"mapping": [6, 4, 13, 10, 1, 2, 11, 8, 9, 7, 3, 12, 5, 0, 14], "R": [[-0.920401343838828, 0.13611446801022092, -0.36651632686413044], [-0.24648607822616891, 0.5256668834325519, 0.8141983424835689], [0.30348966951176853, 0.8397304205878232, -0.45027418451320855]], "T": [0.0628543706190311, -0.06248533924699566, -0.07373722013661849], "aligned_model": [[0.08221963929923057, -0.38212729456850336, -0.2390415896622764, -0.5258389767467837, 0.5163142355063743, -0.09164105630965147, -0.6338978327952743, 0.3749192045923397, -0.4688397581058893, -0.38145239534073255, 0.14183160203887943, 0.28696854951919054, 0.7854821124238399, 0.5798588475518552, 0.00794726837225461], [-0.607591374445818, -0.2617439995199023, 0.39154393322340714, -0.6138799377547337, -0.6441264451228401, -0.5200207263000315, 0.06078737329228322, -0.005357933708699053, -0.18234513197688262, 0.5112037558012178, 0.24112101962420707, 0.6879415581414606, 0.1733987297864345, -0.10452343175110544, -0.0033109580002464445], [-0.4959364251001943, -0.6086712749932337, -0.4915050931546489, -0.0715493519896489, -0.010091333955948356, 0.45533885703956506, -0.154877950656644, -0.5969414373934112, 0.5309760751374146, 0.2604533527462698, 0.4836988922164757, -0.0013055208720288425, -0.0051692032772300694, 0.5815350937046662, -0.020953567559371312]], "inverted": false, "swapped": false, "error_lsq": 0.030552058562868634, "error_max": 0.19661315051064857, "target": "1124.xyz", "model": "19.xyz", "model_rescale": 3.9282355846067225, "target_rescale": 4.048962082818414},
{"mapping": [1, 2, 11, 6, 3, 9, 8, 10, 5, 4, 7, 0, 12, 14], "R": [[0.6172784090652269, 0.6565634318025126, 0.4334649071396779], [0.051507049524572024, -0.5835033528670374, 0.8104757004637455], [0.7850569339552231, -0.4779626525290787, -0.3940016665398656]], "T": [0.04074646695552573, -0.08319886167631978, 0.007112852237973713], "aligned_model": [[-0.5559020900525162, -0.047765192381169684, 0.566612010285232, -0.49537560667160274, -0.7803892696913508, 0.26471592341311123, -0.12586872261271762, 0.5709742773078019, -0.05969367839574024, -0.09363973501059916, 0.06786862793832996, -0.4353227385257516, 0.6363988526437072, 0.019910160837942035], [-0.5705050086571388, -0.718463335808803, -0.56252894223914, -0.2692734812883621, 0.24927463352532486, -0.2138439188148591, 0.3968215076998965, 0.18605187365401454, 0.6716771483663412, 0.30989879214497573, -0.5645386679144774, -0.09788337442013477, -0.20393937619432978, -0.08986576262847229], [0.07725351711751123, -0.19775141536483298, -0.09344876235257714, -0.5102566132071924, -0.11864510210030792, -0.5165754682481893, -0.4548672570967232, -0.15250431773412848, 0.12584271477881526, 0.6567240241598616, 0.5596383225505308, 0.428081499915485, 0.4978044640067681, 0.11088755081866195]], "inverted": false, "swapped": true, "error_lsq": 0.04502713149530418, "error_max": 0.3306266058303098, "target": "1124.xyz", "model": "20.xyz", "model_rescale": 4.067790424073018, "target_rescale": 4.048962082818414},
{"mapping": [5, 13, 11, 1, 8, 7, 10, 6, 9, 12, 0, 3, 2, 0, 14], "R": [[0.5780985962301894, 0.44513948166588885, 0.6838514859959788], [-0.4475366084742329, 0.8737557133988028, -0.19042567415747894], [-0.6822851288955853, -0.1959637598260787, 0.7043331652866854]], "T": [0.07365241508715978, -0.08771079563156402, -0.10144217498030979], "aligned_model": [[0.11643108279592822, -0.3966714170898834, -0.22665866173641788, -0.4394785532272061, 0.27179399759551065, -0.0450234574900549, -0.7397598750692131, 0.4576933784130539, -0.561915935374417, -0.3276729751171381, 0.42803982705439225, 0.3193901920661568, 0.7715389226590702, 0.42803982705439225, -0.0030437967593205384], [-0.5770273543670731, -0.2175140325139513, 0.4110781441066253, -0.7101734635083918, -0.5872373150124122, -0.46912317207597765, -0.06313872436477046, 0.1841706494180838, -0.1400355263231685, 0.45791860831332964, 0.014056651088881364, 0.7227491400802285, 0.15709045014085704, 0.014056651088881364, -0.07377427478239092], [-0.42886455019951747, -0.6035080249027608, -0.38260957122508077, 0.04869755239136879, 0.0892960394430063, 0.5287201799504235, -0.1965393941294135, -0.672537544442194, 0.34281551366277013, 0.2566644454915763, 0.5056088760426887, -0.020741157500493365, -0.019291677986776293, 0.5056088760426887, -0.09831845074625453]], "inverted": true, "swapped": false, "error_lsq": 0.04448605616427178, "error_max": 0.33043481866998137, "target": "1124.xyz", "model": "21.xyz", "model_rescale": 4.186013935880536, "target_rescale": 4.048962082818414},
{"mapping": [8, 3, 5, 11, 2, 10, 9, 6, 4, 0, 1, 7, 14], "R": [[0.8561579605287555, 0.22731284688888814, 0.46402846492700345], [0.4047810299645922, -0.8532253315293601, -0.32887513043314454], [0.32116329865669, 0.4693989809063105, -0.8225075880015158]], "T": [0.12439738765900163, -0.07848212012473527, 0.017953862117722454], "aligned_model": [[-0.05986546915950988, -0.5495467132519594, 0.2983788605243073, 0.41045839369491266, -0.21404288559799758, 0.6070623609761797, 0.08432592014482236, -0.5972312675616527, 0.36660138933046016, -0.1379845569374936, -0.5134034791837316, 0.22015095539685917, 0.14367052704802885], [-0.2770485859309835, 0.26969599663683747, 0.2588918874698495, -0.5235074688150873, -0.37377909327877795, -0.38722039555717785, -0.6606985868358646, -0.32503455952990434, 0.6370286083024657, 0.49341881976315943, 0.12883476454183065, 0.260357673954826, 0.01801759882492024], [-0.6130963388062105, -0.4565868989821408, -0.6528158596901916, 0.5042933258378883, 0.5195737512345501, -0.2075019675086752, -0.012015601940308405, -0.07252146190394596, -0.13684184352143472, 0.10827083590800873, 0.40344868428998226, 0.6611698944454846, 0.05750304197233887]], "inverted": false, "swapped": true, "error_lsq": 0.04868051202648671, "error_max": 0.2487732672796547, "target": "1124.xyz", "model": "22.xyz", "model_rescale": 4.166573947596378, "target_rescale": 4.048962082818414},
{"mapping": [7, 0, 4, 5, 10, 13, 1, 8, 6, 2, 12, 3, 9, 14, 15], "R": [[0.27450220258361235, -0.46650010111855855, 0.8408484979073936], [0.6046732006618252, -0.5961728185184235, -0.5281555555527018], [0.7476756390160972, 0.6534184158073397, 0.11842935744863642]], "T": [0.08490005875133448, 0.05628575966499596, 0.04282120286253608], "aligned_model": [[0.030164880457663926, -0.35498304998866176, -0.16414859019423317, -0.41999153222836044, 0.45091824076177717, 0.09019803964039262, -0.6110218179403971, 0.424809016891843, -0.5328347117483109, -0.3927037779981796, 0.12235392186657391, 0.18519029636330164, 0.6644578031769851, 0.5404172765560965, 0.019876560158362214], [-0.5567475204496483, -0.19581403200658107, 0.38528155300959743, -0.6037030213419612, -0.5961474490413767, -0.7400576018315561, 0.01590120597470048, 0.09431017743430697, 0.0819360836679901, 0.5294381749852302, 0.1624662561911863, 0.618684588102805, 0.2119425823028811, -0.3189525534474462, 0.03455798773862338], [-0.32129952626347213, -0.5972602829831322, -0.5651179814187022, 0.06651237219392556, 0.00672644259243884, 0.33026218966611504, -0.10604413975365296, -0.6900465778798873, 0.4865028975053911, 0.07164144206806153, 0.68834755052343, -0.1444648831865329, 0.024574539479217637, 0.5697728475854494, 0.034894221763381764]], "inverted": false, "swapped": false, "error_lsq": 0.04205963476911305, "error_max": 0.26726238217043957, "target": "1124.xyz", "model": "23.xyz", "model_rescale": 4.274766983524099, "target_rescale": 4.048962082818414},
{"mapping": [3, 4, 13, 8, 10, 9, 6, 2, 1, 7, 14], "R": [[0.05011975802084423, 0.5380373165537314, 0.841429649971756], [-0.9957506747941088, 0.09208914823391101, 0.00042711196389727535], [-0.0772567375897337, -0.8378755484994251, 0.5403665068486189]], "T": [-0.10550756119634488, 0.1697135062098184, 0.08933687703326514], "aligned_model": [[0.3171642046175749, 0.20631523945589478, -0.5791385864494745, -0.41240174727388934, -0.6900742585271251, -0.5125101345813907, 0.08075344140229532, 0.08366558237461438, 0.560460081779568, 0.3560853829636339, -0.030424501803626325], [-0.35426411028761995, 0.6729272583819504, 0.6525410637115674, -0.2538972644761988, 0.35981954974193653, -0.15239759799353358, -0.5740776940834552, -0.11501811842986326, -0.1539144394973756, 0.5906877396145133, 0.2431801445615625], [-0.5000811595782406, -0.4047507184623651, -0.43417923855546064, -0.35560769405670706, 0.053888338542287265, 0.3578014877384836, 0.13180209746453075, 0.6694282989275374, 0.3132309269793561, 0.47329086482467847, 0.07474323019747715]], "inverted": true, "swapped": true, "error_lsq": 0.05002145682038932, "error_max": 0.22729825877603801, "target": "1124.xyz", "model": "24.xyz", "model_rescale": 3.7841303162186577, "target_rescale": 4.048962082818414},
{"mapping": [3, 13, 14, 5, 6, 4, 12, 11, 2, 9, 8, 10, 7, 1, 15], "R": [[-0.7994111780576273, -0.04671488010611556, 0.5989653482240753], [0.3673044906875986, -0.8269478581921087, 0.4257283769637727], [0.4754252617575558, 0.5603346855301352, 0.6782299467544943]], "T": [0.10339176768057505, 0.0358740132491903, 0.04792657449805171], "aligned_model": [[-0.04324891867685686, -0.1955687943425693, -0.3759392347660722, -0.5445683315417101, 0.5123952825529235, 0.04614927980403464, -0.6122492521733037, 0.43594406962998733, -0.4632545351622606, -0.3472101990219301, 0.07525047821935381, 0.30362953414804367, 0.7179857421803703, 0.41135560549194705, 0.13203182943289574], [-0.6600916720221192, -0.07904462454350553, 0.5059063593943323, -0.5534022762419027, -0.5407108938867803, -0.6353088268376071, -0.047063328358503374, -0.056293910464304785, -0.1097607989907036, 0.4006428233180182, 0.15280869081244894, 0.7424817330119574, 0.19114046792079858, -0.1651345802166271, -0.023072731606750538], [-0.3303988960463054, -0.66580747002674, -0.3746965980580058, 0.09525426093146194, -0.10137989531520758, 0.3687711406248289, -0.1890359425751868, -0.637887984598776, 0.523842004869476, 0.12565875143224978, 0.6267116232419696, -0.2087161197852282, -0.09689101650011986, 0.6942935087982126, 0.025283744899402834]], "inverted": true, "swapped": false, "error_lsq": 0.03769115475688368, "error_max": 0.21513451741847656, "target": "1124.xyz", "model": "25.xyz", "model_rescale": 4.19342608120988, "target_rescale": 4.048962082818414},
{"mapping": [9, 2, 11, 5, 10, 8, 4, 3, 7, 6, 0, 14], "R": [[-0.03231968384548989, 0.15042018361873657, -0.9880937234879255], [0.08812792245655585, -0.9843307571315948, -0.15272992453423306], [-0.9955847062503616, -0.09201482991804535, 0.018557040592031837]], "T": [-0.035736455965446196, -0.05460781438525371, -0.11936389327093064], "aligned_model": [[-0.15064342528550623, 0.5009201300691184, 0.1778375567219108, -0.6379959927777074, -0.5073663132298178, -0.5397668998251558, -0.1490148449185672, -0.08146957132235275, 0.5446636791385936, 0.16619602615085763, 0.26666059409041776, 0.007787615819989761], [-0.5755824409828049, -0.4083635957035365, -0.6791399210702458, 0.4262638947455483, -0.3767433873376961, -0.003608726031479617, 0.6023930981774062, 0.5616444207660326, 0.03990230092132058, -0.09681862244337523, 0.5045118355899466, 0.018317571109863998], [0.11909308867230742, 0.08118831919107958, -0.4035299062758144, -0.12764901676910018, -0.3493836330155622, 0.34427195788976983, -0.5067885942031678, 0.5277522098514931, -0.5574409838678104, 0.6203409978974761, -0.11570783273377, -0.18288814542747991]], "inverted": false, "swapped": true, "error_lsq": 0.045464378701299414, "error_max": 0.2857520470862273, "target": "1124.xyz", "model": "26.xyz", "model_rescale": 3.795458400668931, "target_rescale": 4.048962082818414},
