[{"mapping": [11, 7, 8, 6, 2, 1, 0, 4, 3, 10, 12, 13, 9, 14], "R": [[-0.4203895214920106, 0.4960196086484243, 0.7597612770179741], [-0.2624253333637292, 0.7350917510505017, -0.6251184383350433], [-0.8685652506453702, -0.4621738475657961, -0.17885675832233527]], "T": [-0.07192492618911146, 0.0570464163177709, 0.23035947041859547], "aligned_model": [[0.2866663061536508, 0.13897794907406985, -0.4702910488047409, -0.46923927017324973, -0.8036151003456926, -0.2038594814592533, -0.7394677794443569, -0.16332998126433257, -0.19521770335300792, 0.40204628810881676, 0.6195470050466321, 0.4504816399990175, 0.5316407338330105, -0.012847456242260052], [-0.5938681897725139, -0.3679334877888945, -0.6039565193158752, -0.22097903428902532, 0.11390972394772969, 0.32862407659648624, 0.3932090059859806, 0.4539804149627293, 0.7456333864122702, -0.010346424497222957, 0.5356102899174657, 0.4163907666346482, -0.05078670029747904, 0.09578602331373534], [0.33084526046803375, -0.2990597497776447, 0.26656981828211046, -0.2706053600219416, 0.4454367856869945, -0.4115330614455238, -0.0824313475696494, 0.639759017531585, -0.034178119976423865, 0.7985855287318748, 0.4008561294873631, -0.15251749708679177, 0.0529125269129945, 0.21294815595685254]], "inverted": false, "swapped": true, "error_lsq": 0.05105415983019074, "error_max": 0.3239164047213851, "target": "1125.xyz", "model": "0.xyz", "model_rescale": 3.8414455957264533, "target_rescale": 4.175270727353285},
{"mapping": [7, 4, 9, 0, 13, 8, 2, 5, 6, 3, 12, 10, 11, 1, 14], "R": [[-0.10043228553982969, -0.9740780282983941, 0.2026952165384246], [-0.9640020012850687, 0.04485651604190172, -0.2620840218078254], [0.24619808597880738, -0.22172029170758215, -0.943518211114908]], "T": [0.06598609131011782, 0.011426531700435581, -0.047621993642624705], "aligned_model": [[0.3795896813370888, 0.4874831375388362, 0.10417390779724742, 0.0572978825943317, -0.482760155541205, -0.4764461220221968, 0.7749818551308423, 0.4212174350636526, 0.3713925442508188, 0.3510936386136846, -0.6423521668064265, -0.1350360060907311, -0.6478392228767803, -0.10578102217299418, 0.038364772954000495], [0.11362200976145576, 0.35505614845201067, -0.3834536233183709, 0.6219422428428261, 0.026168545878356854, -0.5589601438752737, -0.19332960768021587, -0.15929112873739987, -0.6767058967349515, 0.44961427267383675, -0.0678830540956383, -0.26922420769704763, 0.4715536590059853, 0.7400658176369397, 0.059932356583654874], [-0.5991325327270527, -0.038894946042096035, -0.6027085038711744, -0.4384063983785084, -0.5706011808230464, -0.1163877683104621, -0.04546377942038837, 0.480572059534977, 0.16029104880887357, 0.5355435679016314, 0.22487836517612564, 0.5433150412795398, 0.02310176243333656, 0.3860584657792433, 0.022721782144980968]], "inverted": false, "swapped": false, "error_lsq": 0.047788341168510044, "error_max": 0.447961765082223, "target": "1125.xyz", "model": "1.xyz", "model_rescale": 4.316132596720782, "target_rescale": 4.175270727353285},
{"mapping": [7, 9, 11, 2, 8, 6, 5, 0, 10, 1, 4, 14], "R": [[0.6420516466236819, -0.7223463481362928, -0.25687630564530606], [0.3559545626862676, -0.015886896054376484, 0.9343682121287014], [-0.6790184330124236, -0.6913489421904973, 0.24692227068742484]], "T": [0.09820445139060502, 0.031155241944292797, -0.02095982697563574], "aligned_model": [[-0.05133445727064179, 0.5054908371715949, 0.060552653788119304, -0.43535086300905074, -0.5795759733350994, -0.4678695182917671, -0.15745998332000943, -0.325910238571337, 0.5532124148128583, 0.02175353881987266, 0.309672864029207, 0.16462727980803338], [-0.6264992386041205, -0.4597699588587384, -0.5683976986427718, 0.5753726606866855, -0.18736621074500187, -0.17591231791667633, 0.4266653547640971, 0.48488551399404867, -0.010634444050778027, -0.009813585885915868, 0.5471905152306936, 0.017055837769458473], [0.203765230401112, 0.0017811477251109958, -0.46984010489764094, -0.08427116773083805, -0.3206158104461975, 0.3294768819465873, -0.6207733200501112, 0.499340483831966, -0.6068717108704589, 0.6830742545950236, -0.1709870902654806, 0.005179666970348391]], "inverted": true, "swapped": true, "error_lsq": 0.050256799920228745, "error_max": 0.2615982867140684, "target": "1125.xyz", "model": "2.xyz", "model_rescale": 3.795458400668931, "target_rescale": 4.175270727353285},
{"mapping": [3, 4, 12, 11, 1, 7, 10, 2, 5, 8, 13, 14], "R": [[0.5662376373629652, -0.7658260915711115, -0.30477095580537666], [0.7593461535253845, 0.3408729917430535, 0.5542553767229899], [-0.3205750413862725, -0.5452669080084136, 0.7745422143893346]], "T": [0.10063921711883286, 0.028878392338489173, 0.05047931520964816], "aligned_model": [[-0.13135126180578582, -0.0626575809606181, -0.750295761163455, 0.12680028066118004, 0.1247197676138514, 0.1870450909113475, -0.31423276816602674, 0.674623368187629, 0.4249482554052706, 0.7804182549140897, -0.498436101197111, 0.031722281343193576], [0.03459170322276868, -0.488151998538292, -0.08123164819956136, 0.22610869803208175, 0.5010792854472294, 0.6965303847589299, -0.34341975170872624, -0.3832225658763421, -0.6239490099983537, 0.08287134875747106, 0.4151589480288617, 0.049403651363642234], [-0.6604925807073265, -0.14835026809400093, 0.04710807453651947, 0.7735219803456528, -0.47832463573520384, 0.2788375740774854, 0.5417497988408262, -0.24205648228395898, 0.27455253859140705, 0.4136829196628499, -0.15083598482350716, 0.03937849622835733]], "inverted": false, "swapped": true, "error_lsq": 0.047163186795228164, "error_max": 0.2557531748897808, "target": "1125.xyz", "model": "3.xyz", "model_rescale": 3.7530521520055578, "target_rescale": 4.175270727353285},
{"mapping": [0, 5, 4, 10, 3, 11, 1, 6, 7, 9, 14], "R": [[-0.7842550869776178, 0.6064644150328178, 0.1309384277003182], [-0.20885763186860523, -0.4567817064483052, 0.8647132254478433], [0.5842280788869767, 0.6508082559042077, 0.4848980984567336]], "T": [-0.03459223439121156, -0.026966942451147065, -0.0469306837942236], "aligned_model": [[-0.448428331681046, -0.1307763157131917, 0.27937538910000154, 0.4874911061601401, 0.1678827404793015, -0.10576059102155615, -0.21846079558696835, -0.6721345061039545, -0.322610123956277, 0.2775868985535355, 0.024034132215220202], [-0.7234534860433611, 0.07584773938812384, -0.30304126831841377, 0.4091691273060407, -0.7194651253783916, 0.7174943068606433, -0.47112124187272886, -0.12361402639576033, 0.3055240391531741, 0.33218263975436346, -0.03231934613934398], [-0.05708068956939021, -0.796428210602266, -0.44533596807910225, -0.3457377695500815, 0.15000436186896401, 0.008633725896653018, 0.47470758685781234, 0.21825188238110366, 0.5115208314192847, 0.37846639108035857, -0.004171364458019897]], "inverted": false, "swapped": true, "error_lsq": 0.046483809304135586, "error_max": 0.29819428100692147, "target": "1125.xyz", "model": "4.xyz", "model_rescale": 3.7855080009869324, "target_rescale": 4.175270727353285},
{"mapping": [15, 8, 14, 10, 3, 2, 13, 6, 12, 4, 0, 1, 5, 7, 16], "R": [[0.18014373003574216, 0.3672336309804753, 0.9125172309637258], [-0.21278540257035966, 0.9202765851866781, -0.3283494772496472], [-0.9603492119962299, -0.13502024675596874, 0.243924012725639]], "T": [0.08328622641093616, 0.006172894258644434, -0.01586983729047273], "aligned_model": [[0.5023932480412756, 0.6260267201747296, 0.14192747968393266, 0.0021855650439745744, -0.5367373907375423, -0.43496924160396666, 0.7792921511925888, 0.46011150256941624, 0.2891751128194485, -0.13364557740290728, -0.599849001378487, -0.21983237530824132, -0.5303562161217964, 0.07527709113295217, 0.07438109166479208], [0.0983593280034989, 0.4038390911608513, -0.484003037262528, 0.5977422904028628, 0.06179700971880632, -0.46227820450936685, -0.19475388626695775, 0.2135888781318134, -0.6334853453133182, 0.22159599476119102, -0.046418925797882885, -0.43971097740273796, 0.5227229619589656, 0.6967916104105752, -0.02667939729960508], [-0.7195523456274411, -0.222277749527356, -0.4784562163644704, -0.43352113484106186, -0.3239173618002986, -0.2561832275008154, -0.00739514485643503, 0.47510713665939897, 0.09142585699085894, 0.6575796887538254, 0.3570031227599286, 0.515553370024974, 0.09239938687114613, 0.27456279608371614, -0.05744119413999042]], "inverted": false, "swapped": false, "error_lsq": 0.03536326916292638, "error_max": 0.23052348388791982, "target": "1125.xyz", "model": "5.xyz", "model_rescale": 4.2253639853439635, "target_rescale": 4.175270727353285},
{"mapping": [2, 4, 13, 1, 3, 9, 7, 6, 10, 5, 12, 11, 8, 14], "R": [[-0.5263686546578626, 0.7693086611605643, 0.36207764810467413], [0.7446601555865479, 0.6226477936738828, -0.2403975409917178], [-0.410386759137634, 0.14308706753716902, -0.9006157887957125]], "T": [0.06748594337451244, -0.027886466252339138, -0.002732622245166079], "aligned_model": [[0.6748128293351036, -0.05681667094779705, -0.5485677477912687, 0.07736215814022647, -0.14317853162150396, -0.40441155798782713, 0.10468537059351771, 0.5674875510560226, -0.3374283213480692, 0.42562067327414743, -0.7743085727595561, 0.059634324736117544, 0.7314012085811978, -0.0022305605025271097], [0.0036945669556107223, 0.15627929190154177, -0.41988667500490395, -0.7368669208322846, -0.5708597894544961, -0.028829129528422693, -0.28515860761250805, -0.43406097972695484, 0.595085223958568, 0.5582565050494589, 0.05588329893882413, 0.39724721384389805, 0.2026689462638761, -0.048353798117217295], [-0.4664339163838595, -0.5357910675831481, 0.1215470650983971, 0.01815637737751174, -0.47191671221643827, 0.42705658696128485, 0.6589318699988364, 0.26399431186261857, 0.001965435050175539, -0.33401001571784344, -0.14622667299874886, 0.6149846241299198, 0.31819160594821855, 0.0011087174045237083]], "inverted": true, "swapped": true, "error_lsq": 0.034838256803416526, "error_max": 0.20468788855928377, "target": "1125.xyz", "model": "6.xyz", "model_rescale": 3.89814844738969, "target_rescale": 4.175270727353285},
{"mapping": [3, 0, 6, 12, 7, 2, 4, 9, 10, 5, 8, 11, 14], "R": [[-0.8393399045280964, -0.1845735254971148, -0.5113131509675183], [-0.3832050383447435, 0.8680355776721517, 0.31570260449128057], [0.3855676636518808, 0.4609195695356622, -0.7993064038058811]], "T": [-0.04800167095312261, 0.03292660769920694, -0.04644583653675904], "aligned_model": [[-0.10240787927319142, 0.014537914436299225, 0.46761422648755097, -0.30793719883173115, 0.6301411076584662, -0.35885427960996946, -0.59089906916002, 0.23307435746278812, -0.47516834403707836, -0.6265132639118061, 0.135724774946071, 0.16969616292961143, -0.04037670819276784], [-0.2703004612488503, 0.3669963004240463, 0.4512688691280856, -0.7798092668128084, 0.021520717168312525, 0.6374031093786798, -0.054830458805411195, -0.43272576327645385, -0.25378834509122594, 0.49126180707600897, 0.726492996942619, 0.09963179754289264, -0.03934003695540961], [-0.727934332529256, -0.7819341669026441, -0.25917241942661434, 0.0436643359350753, 0.1665446089769621, -0.3969326592042439, -0.22274270221674308, 0.28757667828980404, 0.4896460675013251, 0.14544465519607694, 0.2401582364378093, 0.6680700562937046, -0.050113327514960795]], "inverted": true, "swapped": true, "error_lsq": 0.04524410700371731, "error_max": 0.28172680248144477, "target": "1125.xyz", "model": "7.xyz", "model_rescale": 3.7474275329858107, "target_rescale": 4.175270727353285},
{"mapping": [4, 8, 13, 8, 11, 12, 2, 3, 1, 6, 10, 0, 7, 5, 14], "R": [[0.5353626487059069, -0.6050214608578255, -0.5893520732737423], [-0.20946299301726481, -0.771076857245766, 0.6013033633501828], [-0.818237183784045, -0.19846791207007566, -0.5395353546818777]], "T": [-0.039437989276632536, -0.014179629152752803, -0.027579121497665383], "aligned_model": [[0.47500084539650556, 0.4293095159108729, -0.01995022672961868, 0.4293095159108729, -0.5645172376095139, -0.37586686212922443, 0.7792559523832625, 0.3998889366102756, 0.32309605732970625, -0.2010140236143441, -0.6996514940750855, 0.000551817824648769, -0.5058705703073022, 0.02631809293749284, -0.00048016006837959396], [0.026312268908341006, 0.4331966136383723, -0.40659548291618797, 0.4331966136383723, 0.11584469837577557, -0.4738901141633724, -0.20317097180696467, 0.2618254083558834, -0.6369734155784891, 0.30394116313021063, -0.124617543931245, -0.2611977098315265, 0.4495772333538175, 0.6562601183350925, -0.04460148881191149], [-0.615744861248868, -0.24051242002823886, -0.8361221651994796, -0.24051242002823886, -0.33395374970763525, -0.26448522585504763, -0.07868683266720254, 0.4673426990409198, 0.18572531983110757, 0.7070163080026158, 0.32905087548714207, 0.5820077228262083, 0.1491914975405307, 0.21574812042598557, -0.06117788493381944]], "inverted": false, "swapped": false, "error_lsq": 0.04746454134585324, "error_max": 0.426226499727272, "target": "1125.xyz", "model": "8.xyz", "model_rescale": 4.019505241142653, "target_rescale": 4.175270727353285},
{"mapping": [10, 5, 4, 12, 9, 13, 3, 11, 7, 6, 2, 1, 14], "R": [[-0.23299433950586695, -0.9576141310342573, -0.16937772522303268], [-0.320855444040692, -0.08872001957404624, 0.9429637013990684], [-0.9180225606093106, 0.274050970022522, -0.28658444487103546]], "T": [-0.06332065134762005, -0.03528069990808146, 0.046364793959005265], "aligned_model": [[-0.24349559151050507, -0.7693402392569559, -0.17287640745955055, 0.42819769738529356, 0.3038471180797568, 0.6523507394612251, 0.42266375820627256, -0.29930419505166944, 0.1726542656703604, -0.07525421228222097, -0.5480613563963677, 0.44920574065720825, -0.0008865457616709232], [-0.5421868288613646, 0.05966208516007047, 0.20312158797908997, -0.3462483045659044, -0.5572585525729375, -0.1941960642868124, 0.4970335347828081, -0.7112839668419113, -0.3680269143362189, 0.20252685624782107, 0.5553719702460861, 0.32310716930393746, -0.05824434414060528], [-0.46613352573513, -0.22583180419143112, -0.4681071275127173, -0.5844559295968168, 0.057934373790965235, -0.05942803230705135, -0.15311946665500636, 0.269313757922284, 0.6285747627194892, 0.7016721697892727, 0.0782720088729487, 0.3811214333254299, 0.016890873621641975]], "inverted": true, "swapped": true, "error_lsq": 0.052848404432750073, "error_max": 0.27337459970845496, "target": "1125.xyz", "model": "9.xyz", "model_rescale": 3.877068213659057, "target_rescale": 4.175270727353285},
{"mapping": [5, 12, 1, 3, 4, 7, 0, 11, 8, 14, 2, 9, 13, 6, 15], "R": [[-0.6099998049439751, -0.45030979395159565, 0.6520132877783889], [-0.7728759856137917, 0.15657546533581035, -0.6149364475426586], [0.1748226210472279, -0.8790365254789736, -0.44354462914573933]], "T": [0.011671958894878806, 0.10785667176015787, 0.05394856960820761], "aligned_model": [[0.35746298424070155, 0.6733461648565191, 0.19624956613304723, -0.05811015571037077, -0.43555077694444666, -0.3394876064533211, 0.7081766992274677, 0.6330804530321854, 0.1535273741853027, -0.3295315884169256, -0.5776858955103316, -0.1313433966268664, -0.5799965000200326, 0.13271106098260893, 0.09253177679463175], [0.13784268394034102, 0.42241760300216613, -0.41721122488346474, 0.526602526546337, 0.025991803635336777, -0.5568384173837265, -0.21184603227722906, -0.08096953852380542, -0.6282413878206465, 0.3048709657285472, -0.1409357592939247, -0.2126648156001583, 0.5792093547457942, 0.7047993980534829, 0.07608023082711829], [-0.6464262215617376, -0.09245457726617988, -0.6117401121522, -0.4177968154342294, -0.44743017710954625, -0.2640985456896289, -0.1615447327452676, 0.40445024148368625, 0.23659474022849158, 0.7279567697901964, 0.2303430243129727, 0.6129278967080322, 0.21330219815543477, 0.15045500678281465, 0.030348287983140758]], "inverted": true, "swapped": false, "error_lsq": 0.04086130537737498, "error_max": 0.30930423259593226, "target": "1125.xyz", "model": "10.xyz", "model_rescale": 4.260839863003843, "target_rescale": 4.175270727353285},
{"mapping": [3, 4, 5, 2, 8, 6, 1, 13, 10, 11, 7, 14], "R": [[0.2937069033042331, -0.9365165643674723, -0.19150190499518355], [-0.8886112794874707, -0.19366527271489248, -0.41576887342838326], [0.3522871682577702, 0.29228494112699827, -0.8890800100504505]], "T": [0.05001262690613165, -0.02330526193273101, -0.022267085700924637], "aligned_model": [[0.46033750975716164, 0.15251835398019112, -0.447636553074808, -0.4955509567222322, -0.676733214395423, -0.31476749567392265, 0.2646903705819777, 0.7464204591641899, 0.23369445778629874, -0.12861704246244718, 0.04248841262563537, 0.12205434752750874], [-0.02202638833356975, -0.5491030786985903, -0.5986925585008351, -0.27257956951033513, 0.15936059448725776, 0.5277043502454036, 0.4769886689378872, 0.22896436425029576, -0.5131569032281907, 0.12473559373684491, 0.6292169443163721, -0.018333512169606162], [-0.6475391193089519, -0.23801857318403594, 0.03105768907762444, -0.4966982124783029, 0.16589588862121168, -0.24463270785677035, -0.47702704876275076, -0.01945254801953252, 0.505348034293819, 0.690859997370896, 0.25974498665280765, -0.013360309010509299]], "inverted": true, "swapped": true, "error_lsq": 0.04287326441232756, "error_max": 0.22277152288793226, "target": "1125.xyz", "model": "11.xyz", "model_rescale": 3.890672605050136, "target_rescale": 4.175270727353285},
{"mapping": [2, 0, 3, 5, 4, 11, 6, 10, 8, 7, 13, 1, 9, 14], "R": [[0.7328780680263769, -0.05379817371529044, 0.6782296763713787], [-0.20955342579284902, -0.9662552946513068, 0.14979341539866756], [0.6472844036004626, -0.2519056610384457, -0.7194209051677449]], "T": [0.1310476290592145, -0.01718286885690577, 0.15919134589739975], "aligned_model": [[0.4580715636039624, 0.24274517485563754, 0.41100626856215283, 0.575239107828557, 0.7079626648985021, -0.2869272951519638, -0.34677809321249087, 0.4177965632235361, -0.20401624655373488, -0.5738059038137274, -0.008225758857054094, -0.13752677457847098, -0.1786936198098488, 0.1330281837986369], [-0.3069854157601357, 0.23765373481243754, 0.6235214886177395, -0.6276878543084357, 0.008364565494817396, -0.46568009607456873, -0.03413318203757637, -0.2781421561793103, -0.6445198337707764, 0.041639037884675725, 0.6272614569825947, 0.5359036240354405, 0.17626165210603537, 0.038695498024827565], [-0.46844870086367424, -0.6017546489903298, -0.10624103249185751, 0.051737300276175235, 0.16517821239823577, 0.5910733786857052, -0.3482708364153065, 0.7930262293159618, -0.14265657867454157, 0.2305645403460137, 0.4967208839512539, -0.1945745314712733, 0.682685835662888, 0.20575038362761025]], "inverted": true, "swapped": true, "error_lsq": 0.045291492555963396, "error_max": 0.2821776380236161, "target": "1125.xyz", "model": "12.xyz", "model_rescale": 4.124412569039231, "target_rescale": 4.175270727353285},
{"mapping": [8, 11, 10, 6, 5, 2, 7, 0, 9, 1, 4, 12, 14], "R": [[0.9146997284766714, -0.07447986851563053, 0.39721172680397815], [0.3331181834725666, -0.41753760695775294, -0.8453961335468306], [0.22881582673548012, 0.9056020626974562, -0.3571109372078533]], "T": [0.1419920728773592, 0.12393246009886542, -0.05405862057664255], "aligned_model": [[-0.23457998225194482, -0.08508350787269192, 0.6343712678869973, -0.47290629500373565, 0.5630368430921509, 0.2640502670435667, -0.5035687598139158, -0.015296269797041684, 0.008192072346264928, -0.2597820169880658, 0.6868756571578476, 0.6263573650348981, 0.15563166667542777], [-0.18355763030196198, 0.5605321199580336, 0.5707759427610344, -0.20442272476404533, -0.23853781901216015, -0.6194577943388695, 0.41864598750323717, -0.564497831400059, 0.7453230160245911, -0.00783057960149254, -0.042200348602990254, 0.734567694251738, 0.17814534403142163], [0.5464203294769696, 0.5117967566837637, 0.2775510756724547, -0.06839285267269316, 0.4683448415374445, 0.07760354216897575, -0.01201340132637952, -0.4512751288536685, -0.11218126350153432, -0.6236227144075757, -0.14903883959292652, -0.4128633001997676, -0.10063096401722416]], "inverted": true, "swapped": true, "error_lsq": 0.04040286816612877, "error_max": 0.22602271378726038, "target": "1125.xyz", "model": "13.xyz", "model_rescale": 3.9028299243045295, "target_rescale": 4.175270727353285},
{"mapping": [1, 11, 2, 6, 3, 0, 12, 13, 8, 10, 4, 5, 7, 9, 15], "R": [[0.5032183982415631, 0.8446746409636481, -0.18247190080702239], [-0.6703871585984638, 0.514821546004628, 0.5343592736686458], [0.5453001937075336, -0.14657259867498057, 0.8253267062564917]], "T": [0.054757123002382044, 0.011424074558416014, -0.01643857511728913], "aligned_model": [[0.4323477205640777, 0.6487609448389333, 0.12780284068430348, -0.07993048868510404, -0.4872131449149048, -0.4708530062615968, 0.70387743194229, 0.44990635375466853, 0.22152772976783924, -0.17508346395627522, -0.5216918672846763, 0.0781041130401019, -0.51890283471482, 0.05982168366473256, 0.02690614733059945], [0.2090180836209235, 0.44597634760134175, -0.40204200361371367, 0.434694779857664, 0.025632564993510187, -0.6044251996524259, -0.19974461029796217, -0.07790941075146532, -0.7426844843801179, 0.3194108153716425, -0.14843956682609039, -0.32263581551697573, 0.6841451608668301, 0.7863785028248655, 0.12173222659814203], [-0.50692884409152, -0.08109512911395103, -0.6213021092182263, -0.5135395905483934, -0.32426286384605585, -0.1944275430726412, 0.11880527878621361, 0.668052451583207, -0.012564867287233824, 0.6220518900571882, 0.30217318179545477, 0.37080907375116867, 0.18101660659515767, -0.0327309291270651, -0.011169622777323324]], "inverted": false, "swapped": false, "error_lsq": 0.045975577700834734, "error_max": 0.32578842742063524, "target": "1125.xyz", "model": "14.xyz", "model_rescale": 3.942246331269136, "target_rescale": 4.175270727353285},
{"mapping": [1, 0, 3, 2, 5, 4, 12, 8, 13, 6, 10, 11, 9, 7, 14], "R": [[0.927408420521756, 0.3473427768748317, -0.13880423948216877], [0.3467323988595271, -0.659086210267088, 0.6673694711453965], [0.14032200513982193, -0.6670519940669163, -0.7316770955038098]], "T": [-0.022653023125802384, -0.019026490624927193, 0.01250974665207091], "aligned_model": [[0.3748822533562053, 0.5107280749798707, -0.05761265435526926, 0.07651297695511325, -0.1658716550572621, -0.2798333797632232, 0.6088369908682735, 0.47750981194485514, 0.35146233142897204, -0.1457474765227152, -0.6921010407594892, -0.05526714365209282, -0.6090192260197724, 0.04961160033023838, 0.05128869603646447], [-0.0077589060992483624, 0.4796145819563922, -0.389313089545588, 0.6674802040412976, 0.2448872388272791, -0.5453974151941033, -0.42971093578479896, 0.19896521849788965, -0.7138568441055552, 0.22104739930414596, -0.19032049942362175, -0.3377635526703929, 0.5254497751173023, 0.7773260310962915, 0.02845818467887789], [-0.6935215425072335, -0.07454866929260048, -0.6024809763224437, -0.30611633709797786, -0.5466123554539208, -0.00884185400559823, -0.30472030692457086, 0.5612880984987769, 0.20790249952089554, 0.5024094019445191, 0.18998715445137904, 0.6539565714766014, 0.1012936318985875, 0.3151316121443907, -0.03023994484482506]], "inverted": true, "swapped": false, "error_lsq": 0.05042937190282928, "error_max": 0.37785846302537573, "target": "1125.xyz", "model": "15.xyz", "model_rescale": 4.355366556412066, "target_rescale": 4.175270727353285},
{"mapping": [7, 9, 11, 2, 8, 6, 5, 0, 10, 1, 4, 14], "R": [[0.6420516466236819, -0.7223463481362928, -0.25687630564530606], [0.3559545626862676, -0.015886896054376484, 0.9343682121287014], [-0.6790184330124236, -0.6913489421904973, 0.24692227068742484]], "T": [0.09820445139060502, 0.031155241944292797, -0.02095982697563574], "aligned_model": [[-0.05133445727064179, 0.5054908371715949, 0.060552653788119304, -0.43535086300905074, -0.5795759733350994, -0.4678695182917671, -0.15745998332000943, -0.325910238571337, 0.5532124148128583, 0.02175353881987266, 0.309672864029207, 0.16462727980803338], [-0.6264992386041205, -0.4597699588587384, -0.5683976986427718, 0.5753726606866855, -0.18736621074500187, -0.17591231791667633, 0.4266653547640971, 0.48488551399404867, -0.010634444050778027, -0.009813585885915868, 0.5471905152306936, 0.017055837769458473], [0.203765230401112, 0.0017811477251109958, -0.46984010489764094, -0.08427116773083805, -0.3206158104461975, 0.3294768819465873, -0.6207733200501112, 0.499340483831966, -0.6068717108704589, 0.6830742545950236, -0.1709870902654806, 0.005179666970348391]], "inverted": true, "swapped": true, "error_lsq": 0.050256799920228745, "error_max": 0.2615982867140684, "target": "1125.xyz", "model": "16.xyz", "model_rescale": 3.795458400668931, "target_rescale": 4.175270727353285},
{"mapping": [3, 0, 6, 12, 7, 2, 4, 9, 10, 5, 8, 11, 14], "R": [[-0.8393399045280964, -0.1845735254971148, -0.5113131509675183], [-0.3832050383447435, 0.8680355776721517, 0.31570260449128057], [0.3855676636518808, 0.4609195695356622, -0.7993064038058811]], "T": [-0.04800167095312261, 0.03292660769920694, -0.04644583653675904], "aligned_model": [[-0.10240787927319142, 0.014537914436299225, 0.46761422648755097, -0.30793719883173115, 0.6301411076584662, -0.35885427960996946, -0.59089906916002, 0.23307435746278812, -0.47516834403707836, -0.6265132639118061, 0.135724774946071, 0.16969616292961143, -0.04037670819276784], [-0.2703004612488503, 0.3669963004240463, 0.4512688691280856, -0.7798092668128084, 0.021520717168312525, 0.6374031093786798, -0.054830458805411195, -0.43272576327645385, -0.25378834509122594, 0.49126180707600897, 0.726492996942619, 0.09963179754289264, -0.03934003695540961], [-0.727934332529256, -0.7819341669026441, -0.25917241942661434, 0.0436643359350753, 0.1665446089769621, -0.3969326592042439, -0.22274270221674308, 0.28757667828980404, 0.4896460675013251, 0.14544465519607694, 0.2401582364378093, 0.6680700562937046, -0.050113327514960795]], "inverted": true, "swapped": true, "error_lsq": 0.04524410700371731, "error_max": 0.28172680248144477, "target": "1125.xyz", "model": "17.xyz", "model_rescale": 3.7474275329858107, "target_rescale": 4.175270727353285},
{"mapping": [2, 3, 1, 4, 8, 11, 6, 13, 5, 7, 10, 12, 9, 14], "R": [[0.9478656908796287, 0.05735608682228032, -0.31346596523022907], [0.007172248473765887, 0.9795803230587523, 0.2009252336764626], [0.31858937663568554, -0.19269839122459115, 0.9280992075820019]], "T": [0.03961604486895749, -0.08747336085479758, -0.012579587708230394], "aligned_model": [[0.3133002291404276, 0.3172522126009467, 0.6264567224159233, -0.23396301491748878, 0.2601797483946598, -0.2513126902785417, 0.6818395509560734, 0.021977719657355378, -0.2683013896658562, 0.3360794840184734, -0.6989444922024433, -0.5213391273613439, -0.18547154167785496, 0.01709423680254604], [-0.6252305709598874, 0.37314532625629804, 0.30728869211145676, -0.11295514076623336, -0.7502764998081084, -0.29503832368369076, -0.2568071846248354, 0.6469656011147792, -0.7288812120688347, 0.05673115203893504, -0.10740338175362815, 0.5511948920547391, 0.3200287918798794, -0.018353900279636085], [-0.48244802516133245, -0.5322735788875179, -0.0670600026644948, -0.5205408554135645, 0.3175344676380536, 0.6467019512475845, 0.19954684821045465, 0.08186645705825021, -0.2870820483589982, 0.6172514532152105, 0.06617628616914997, -0.12944738065734715, 0.424094751651793, -0.009525605385586385]], "inverted": false, "swapped": true, "error_lsq": 0.038860223702782346, "error_max": 0.24269638826674644, "target": "1125.xyz", "model": "18.xyz", "model_rescale": 3.922800546911778, "target_rescale": 4.175270727353285},
{"mapping": [7, 13, 9, 12, 3, 2, 11, 4, 10, 8, 1, 6, 5, 8, 14], "R": [[0.5216643310277079, -0.3327552872643061, 0.785582742001798], [-0.7912800903860042, 0.1555534029840737, 0.5913365855236694], [-0.3189704442297616, -0.9300951873962815, -0.18215597187615054]], "T": [-0.036810409341698096, 0.0606533385558687, 0.009129855326914457], "aligned_model": [[0.3587150115053358, 0.5597179350356744, 0.06822480275474607, -0.0012568183643953332, -0.2636885786613577, -0.31615846117054447, 0.6098640732588876, 0.5121504593185284, 0.2556376159024383, -0.022996142260111173, -0.6313591676002906, -0.03530778082424434, -0.5778418200270934, -0.022996142260111173, 0.002675173162706837], [0.1333855225114099, 0.4010930960358217, -0.5407274698318617, 0.7218569759334859, 0.12346731759382247, -0.5674082046937992, -0.18656406796300667, -0.12647538300343597, -0.6718939083909564, 0.46683188175018686, -0.16273385824789816, -0.1837133444636727, 0.5987194425074754, 0.46683188175018686, 0.0564375092084102], [-0.6811459518251901, 0.017403470109288135, -0.5294348236465202, -0.4153224230905076, -0.5856221466946716, -0.19244476266369503, -0.1580206165125358, 0.4421332563984939, 0.1777991494641061, 0.46653428369983585, 0.3893836630569182, 0.6541495745996491, -0.008294283556407461, 0.46653428369983585, -0.07876568955261892]], "inverted": false, "swapped": false, "error_lsq": 0.047046638723559506, "error_max": 0.32739309238968883, "target": "1125.xyz", "model": "19.xyz", "model_rescale": 3.9282355846067225, "target_rescale": 4.175270727353285},
{"mapping": [7, 9, 10, 13, 1, 12, 3, 4, 0, 2, 11, 6, 5, 14], "R": [[-0.9225679275928268, -0.30876556731847765, -0.23137035984666596], [0.20230338281812588, 0.123518325161658, -0.9715022206097123], [0.32854491363802896, -0.9430837968005589, -0.05148972649784184]], "T": [0.0036715828793658714, -0.12869884282457864, 0.10737926857569471], "aligned_model": [[-0.5734924617393793, -0.152863472454558, 0.5807479223341522, -0.28543345343582593, -0.5932279595602821, 0.28886374746949683, -0.15425017484006487, 0.46512605362227666, -0.2901600397901388, 0.1815978461837217, 0.0198147772377432, -0.5577976949865299, 0.6074142962738822, -0.003816567229817461], [-0.5322429506371767, -0.647625563918626, -0.5668297947072637, -0.272327672305977, 0.18488925505413092, -0.3569103077671575, 0.42500170452859753, 0.17279738315304474, 0.615190624694639, 0.45274661461581955, -0.8276856916176841, 0.024258113633571055, -0.0006858208240742569, -0.14769380647700797], [0.20436623188029507, -0.22969452059006631, -0.05722792375274027, -0.5592696585713058, -0.11298546545376031, -0.6690296958756456, -0.3699148580551602, -0.06489745562850788, 0.2367944186769371, 0.5711956364449674, 0.37854651000950656, 0.4914092412897828, 0.5553482197477165, 0.037542477121663614]], "inverted": false, "swapped": true, "error_lsq": 0.04684084620002595, "error_max": 0.3127438051841334, "target": "1125.xyz", "model": "20.xyz", "model_rescale": 4.067790424073018, "target_rescale": 4.175270727353285},
{"mapping": [9, 1, 12, 7, 0, 3, 10, 13, 11, 5, 2, 6, 4, 8, 14], "R": [[0.2955407801631021, 0.5864211464610466, 0.7541656888535151], [-0.3371932940773036, 0.8026527685426152, -0.4919849749536791], [-0.8938435711520683, -0.10889798957826102, 0.4349539035069474]], "T": [-0.006151812477466732, 0.033391772814563556, 0.04272939572237948], "aligned_model": [[0.513157925182549, 0.595101333546896, 0.16824999749596223, 0.061269346147508764, -0.4963358956439355, -0.4480228968519913, 0.77925918252742, 0.5779953745726698, 0.22080751540999677, 0.13931120952135542, -0.7430183942411702, -0.3118123208245726, -0.5064335701153022, -0.1167097656988719, 0.06256111874165424], [0.09386041344302176, 0.5739620769782711, -0.4545596970750873, 0.5460232050076127, 0.16500163107932897, -0.6683639888864574, -0.1574856165925137, -0.06314146095995975, -0.5676690909338218, 0.4140589197320193, -0.05419045955192618, -0.31326746799399924, 0.41455699887306824, 0.59260932478088, 0.0077126027957315525], [-0.5323452423385617, -0.09721167019817899, -0.5216297440177409, -0.49516219122256927, -0.4541170990209524, -0.14709634637789953, -0.09136837716084657, 0.41632932039534276, 0.11516940907179683, 0.46981153459800645, 0.0982174556317844, 0.6206185953916512, 0.5396234771470285, 0.027877955477499702, 0.01616990610961927]], "inverted": false, "swapped": false, "error_lsq": 0.05193772874980356, "error_max": 0.40274985959362186, "target": "1125.xyz", "model": "21.xyz", "model_rescale": 4.186013935880536, "target_rescale": 4.175270727353285},
{"mapping": [3, 0, 13, 10, 5, 12, 4, 2, 7, 6, 8, 11, 14], "R": [[0.43095363294461286, -0.5329154681058442, -0.7282033164613915], [-0.8531621315570805, 0.022228428172460707, -0.5211720198341053], [0.2939274460284702, 0.8458764690157253, -0.445083874833351]], "T": [0.03820484901069835, -0.021446210528927145, 0.010195782625604237], "aligned_model": [[-0.050176416578711545, -0.6111348107729793, 0.5786525004241203, 0.5069783844496772, -0.32148409570816294, 0.752189722594926, -0.034304790462185895, -0.6902405980057105, 0.22894104052376812, -0.3712967974730619, -0.3925503820896899, 0.3638296962339633, 0.09917058228727182], [-0.19647346970036345, 0.028463896623203533, 0.10436328773093179, -0.43904459958149256, -0.4854459528540426, -0.4146374998336903, -0.5858555482579296, -0.2500782115698412, 0.66087070434198, 0.5382611572069267, 0.31239300594931374, 0.273614762576855, -0.027474873085758005], [-0.7115295608787383, -0.4718040419370477, -0.48043652468463693, 0.4076052921433767, 0.4969163196507997, -0.25785670078579354, -0.08831271557491731, 0.054431933860331086, 0.06881306105201403, -0.061628060826728934, 0.5578571253159121, 0.6178818622401745, -0.029058428239399484]], "inverted": true, "swapped": true, "error_lsq": 0.052000557503819475, "error_max": 0.2622427530314843, "target": "1125.xyz", "model": "22.xyz", "model_rescale": 4.166573947596378, "target_rescale": 4.175270727353285},
{"mapping": [5, 1, 13, 0, 7, 14, 6, 2, 12, 3, 9, 11, 8, 4, 15], "R": [[-0.10300153363268412, -0.5715765046934053, 0.8140583414914344], [0.6973619723295675, 0.5420898701413345, 0.4688548306659184], [-0.7092791859472058, 0.6159860972234852, 0.34275963065893333]], "T": [-0.035569194234939906, -0.011166935129282733, 0.04577684047997643], "aligned_model": [[0.3387960496958837, 0.5478457893946829, -0.059305635570165306, 0.10555631547847044, -0.2068427211482128, -0.32620511693769044, 0.6955022912507344, 0.48706988463299467, 0.17451864384246094, -0.10924985313686528, -0.5533063370276763, -0.043187906846818475, -0.6029952074746201, 0.02884315518663185, 0.018340808430359103], [0.0363652026299816, 0.35301236928133267, -0.39933710946741613, 0.6936249613291192, 0.25467194693329637, -0.7093778336399253, -0.2149019315669352, 0.19149552809970596, -0.6088701847578887, 0.21371923006749893, -0.16382768396559513, -0.38272007662225505, 0.5637905907730412, 0.6868500860769771, 0.014612295525230495], [-0.6949345346304608, -0.1415716369159949, -0.7062694586285205, -0.3416605557954916, -0.5956159529100199, -0.18662381540534567, -0.010206784832994864, 0.4180476537693443, 0.21309474419797444, 0.5984286524040199, 0.30863062687013676, 0.7414660999135577, 0.0849010417930636, 0.26595131836723535, 0.011249585289475963]], "inverted": true, "swapped": false, "error_lsq": 0.04135344057435328, "error_max": 0.35628255249847635, "target": "1125.xyz", "model": "23.xyz", "model_rescale": 4.274766983524099, "target_rescale": 4.175270727353285},
{"mapping": [6, 9, 11, 8, 10, 5, 2, 4, 3, 12, 14], "R": [[-0.45944016254111464, -0.8490208881523927, 0.26091812609536413], [0.42749157741986227, -0.468866345880352, -0.7729264524751913], [0.7785664315132474, -0.24357315365558724, 0.5783653089000063]], "T": [0.040347955431781435, 0.07231441584205221, -0.020560266850281145], "aligned_model": [[0.2162927241580504, 0.11857802379327473, -0.45775183731912705, -0.43912672968285626, -0.4136822124967349, -0.5646582833168861, -0.10369918863280955, -0.002671163538634891, 0.6927451740875288, 0.2529694165400802, 0.08089878036618975], [-0.3256871712529301, 0.6755252340980463, 0.44951371922163424, -0.30786607537392763, 0.5571302048319489, -0.2635585827631972, -0.65700174620118, -0.02279728233663393, -0.07337572244709985, 0.7536452309398304, 0.13005872252699266], [-0.5653178051062551, -0.2140122502969957, -0.4352796567129823, -0.4922576892404191, 0.3124286483996427, 0.29994801522047054, 0.15891272366454326, 0.5474384944357595, 0.3148283341966903, 0.45568164460818583, -0.0028040251470626137]], "inverted": true, "swapped": true, "error_lsq": 0.04669294264808823, "error_max": 0.21645808590736493, "target": "1125.xyz", "model": "24.xyz", "model_rescale": 3.7841303162186577, "target_rescale": 4.175270727353285},
{"mapping": [11, 10, 13, 7, 6, 3, 14, 9, 12, 8, 4, 2, 1, 0, 15], "R": [[-0.35433586243858506, 0.9324985141414165, 0.06994724950957681], [0.30776494298213863, 0.18692506542440673, -0.9329200178939685], [-0.8830214246897441, -0.30903970786960716, -0.35322460630420804]], "T": [0.04878441208100962, 0.08072846813371018, 0.025439974232376546], "aligned_model": [[0.1501639565620436, 0.7112457964426803, 0.31937671195351414, 0.06917560545214939, -0.5089362099254565, -0.36456086646088254, 0.7630733032664679, 0.46235802550205823, 0.2731636203434006, -0.07375998362642863, -0.648847427613507, -0.10964754290503509, -0.4726258843179956, -0.07323738802584778, -0.0015615568769919708], [0.04908391034413287, 0.4556697642606732, -0.48532017095511115, 0.5935740940166689, 0.10353636603037847, -0.4882913699521545, -0.26433034995931903, -0.09616456282652125, -0.628308571411362, 0.3300413595860533, -0.137833800208199, -0.2625123096086769, 0.48979075902929314, 0.8006460751372306, 0.06952619721308136], [-0.7349207158915976, -0.1352430801493808, -0.4418594401760331, -0.37378317557970087, -0.43331263864877617, -0.36745185847099404, 0.020464605316220276, 0.39934695518577273, 0.1740749427991248, 0.5472481160577356, 0.17458652618728787, 0.6780333484412502, 0.3628354969939609, 0.11576864507724233, -0.020900743656132183]], "inverted": false, "swapped": false, "error_lsq": 0.04443346707211606, "error_max": 0.32263102109604574, "target": "1125.xyz", "model": "25.xyz", "model_rescale": 4.19342608120988, "target_rescale": 4.175270727353285},
{"mapping": [7, 9, 11, 2, 8, 6, 5, 0, 10, 1, 4, 14], "R": [[0.6420516466236819, -0.7223463481362928, -0.25687630564530606], [0.3559545626862676, -0.015886896054376484, 0.9343682121287014], [-0.6790184330124236, -0.6913489421904973, 0.24692227068742484]], "T": [0.09820445139060502, 0.031155241944292797, -0.02095982697563574], "aligned_model": [[-0.05133445727064179, 0.5054908371715949, 0.060552653788119304, -0.43535086300905074, -0.5795759733350994, -0.4678695182917671, -0.15745998332000943, -0.325910238571337, 0.5532124148128583, 0.02175353881987266, 0.309672864029207, 0.16462727980803338], [-0.6264992386041205, -0.4597699588587384, -0.5683976986427718, 0.5753726606866855, -0.18736621074500187, -0.17591231791667633, 0.4266653547640971, 0.48488551399404867, -0.010634444050778027, -0.009813585885915868, 0.5471905152306936, 0.017055837769458473], [0.203765230401112, 0.0017811477251109958, -0.46984010489764094, -0.08427116773083805, -0.3206158104461975, 0.3294768819465873, -0.6207733200501112, 0.499340483831966, -0.6068717108704589, 0.6830742545950236, -0.1709870902654806, 0.005179666970348391]], "inverted": true, "swapped": true, "error_lsq": 0.050256799920228745, "error_max": 0.2615982867140684, "target": "1125.xyz", "model": "26.xyz", "model_rescale": 3.795458400668931, "target_rescale": 4.175270727353285},
