[{"mapping": [6, 9, 0, 5, 1, 3, 2, 12, 13, 8, 11, 4, 10, 14], "R": [[-0.06146800343583518, -0.14396589850327327, 0.9876717595546396], [0.9284342996926971, 0.35498456601035966, 0.10952492432578204], [-0.3663760850652562, 0.9237206168331322, 0.11184268563332314]], "T": [-0.025250554168523995, 0.06766883713434799, 0.09609611683183744], "aligned_model": [[0.13695948151947945, 0.3863089561008177, -0.6076405091329521, -0.21694219356804106, -0.7737068660861983, -0.25739419464506036, -0.8667385812420044, 0.09310826190337461, -0.4596448431170665, 0.2613180202526508, 0.787949457412332, 0.32588395813637433, 0.5860117703741019, -0.023980616779504], [-0.5547128105621689, -0.4298657278210696, -0.36011142089672843, -0.27499521487707346, 0.19734326416734219, 0.42934165577649763, 0.0962174889372, 0.42990322550290994, 0.8299730286578836, -0.09120033879228892, 0.4483236370828535, 0.5652428967538556, -0.1505424229036574, 0.10035607078447924], [0.35836528749121277, -0.26269836957914394, 0.22986961319517535, -0.26384819416271815, 0.4983981519957679, -0.4645962277139693, -0.19672015040299085, 0.5704843902568998, 0.23407007770147437, 0.8024279850943354, 0.23799770461821482, -0.10711855816538224, 0.15889230555256223, 0.10206407129839566]], "inverted": false, "swapped": true, "error_lsq": 0.04692211567195621, "error_max": 0.308091634200618, "target": "1126.xyz", "model": "0.xyz", "model_rescale": 3.8414455957264533, "target_rescale": 4.098407329736402},
{"mapping": [2, 9, 6, 10, 12, 5, 4, 7, 0, 3, 1, 11, 13, 8, 14], "R": [[-0.6767336625730319, -0.7097628893302896, 0.1956225724961434], [0.21304039702511066, -0.4431271331286501, -0.8707767412606786], [0.704730685564261, -0.5476084228850965, 0.4510872155242534]], "T": [-0.03536919802070174, 0.1176734007453871, -0.06534667181505636], "aligned_model": [[-0.4848652112612961, 0.05132691494731379, 0.15264330569833273, 0.39954121610365995, 0.6285433097239389, -0.11963698570086156, -0.5660628683226796, -0.45100032249051114, -0.4517129862666524, -0.399583892540364, -0.22886575598563616, 0.28673726057705345, 0.29331581839971704, 0.7093980762038956, -0.027279264765588805], [-0.04953934962293782, 0.6496267274465435, -0.15382305319291736, -0.40907088661937896, 0.018526699631723265, -0.4784123393449543, 0.009646636863867117, 0.5802981997049383, 0.49784947259846746, -0.5172772683060791, -0.2660050960709033, 0.21439432557683172, 0.7543842767799748, 0.31301614473826966, 0.05559084935058009], [-0.6262369978267485, -0.4836995398597864, -0.7731377057564796, -0.10747371568417861, 0.2975302461413949, -0.3334949804111298, -0.015229993604178406, -0.22716158427592364, 0.39033015872007115, 0.21315321365547718, 0.6855513134700664, 0.7176973206651468, 0.18246862424091076, -0.24273133043570982, -0.0009703651515996226]], "inverted": true, "swapped": false, "error_lsq": 0.04265876400279754, "error_max": 0.2483551094351879, "target": "1126.xyz", "model": "1.xyz", "model_rescale": 4.316132596720782, "target_rescale": 4.098407329736402},
{"mapping": [4, 12, 11, 5, 10, 3, 6, 2, 8, 13, 7, 14], "R": [[0.020714927095638463, -0.9994341391131898, -0.02650081829869244], [0.6330458695198176, -0.007404414397249676, 0.7740788730687154], [-0.7738370751516891, -0.03281122098477485, 0.6325342717182746]], "T": [-0.13442890094507817, 0.07083854090477797, -0.049630586172203464], "aligned_model": [[-0.19666011880409895, 0.41735000196711625, 0.03221934829166956, -0.5641832966465878, -0.2208208593567139, -0.5085364708371329, -0.11906937564230985, -0.3002037146355087, 0.43797233837834093, 0.30298874858744107, 0.43469302012416944, -0.1179410667946041], [-0.5485779273429469, -0.1856295631949006, -0.7535068825189944, 0.3849048818993701, -0.2176237047834198, -0.08808342193909545, 0.40980857583742175, 0.6186488238765643, 0.07651948245008221, -0.10315528250285073, 0.370544429198512, 0.048927016761237715], [0.10728375051938217, -0.044067376448396714, -0.3946108465956721, -0.02968724133226057, -0.6280137697666106, 0.5281765950447161, -0.655699500855944, 0.633802729229813, -0.5774470496827278, 0.7035193602906231, -0.16317507228004602, -0.030823116913456045]], "inverted": true, "swapped": true, "error_lsq": 0.05048623787006745, "error_max": 0.3896707485686931, "target": "1126.xyz", "model": "2.xyz", "model_rescale": 3.795458400668931, "target_rescale": 4.098407329736402},
{"mapping": [4, 3, 9, 0, 12, 7, 5, 13, 2, 1, 10, 14], "R": [[-0.3871358765552854, -0.7259369192863149, 0.5684552773093634], [0.5700808425356051, -0.6730189355330357, -0.47122536581541796], [0.7246610559824955, 0.14163721838229598, 0.6743925061203307]], "T": [-0.08095470605869146, 0.07375940722212979, 0.009949362457103782], "aligned_model": [[-0.1415887599459646, 0.01904250788621606, -0.8077873209750185, 0.1456145047606032, 0.2590593705506322, 0.3013133890510886, -0.30629487794263244, 0.7058258825180379, 0.3791026942869816, 0.6943779191157529, -0.5944438698639922, -0.06091761369813954], [-0.0828246894426192, -0.6015096967505109, 0.04173762076139256, 0.05901886957235283, 0.45404054601137045, 0.5521581922218576, -0.23970651636093668, -0.16169004620755015, -0.531282334447574, 0.09607951412955987, 0.42800890325368424, 0.07173868254868308], [-0.6097090328325442, -0.17194620432167584, 0.13779423870638452, 0.7088903230484775, -0.3217786565744012, 0.23715287655163828, 0.3769441387979081, -0.32825583100100547, 0.47570699343011275, 0.380368541955855, -0.17988561310430318, -0.01651034401734621]], "inverted": true, "swapped": true, "error_lsq": 0.044771081120741685, "error_max": 0.227723278819608, "target": "1126.xyz", "model": "3.xyz", "model_rescale": 3.7530521520055578, "target_rescale": 4.098407329736402},
{"mapping": [9, 2, 0, 1, 6, 13, 10, 4, 11, 12, 14], "R": [[0.5919125065239985, -0.7297600203759635, 0.34218401084993844], [-0.8028565278742346, -0.5713018856378151, 0.17039821336036803], [0.07114056697979038, -0.37558550042240746, -0.9240533272502426]], "T": [-0.11192132575658598, -0.10328817267085075, -0.020502451976259113], "aligned_model": [[-0.42203855822517977, -0.028780305991390448, 0.3792715738015109, 0.4929400025825915, 0.2498767485010452, -0.0676472012587687, -0.23537298032887294, -0.5911781921022492, -0.4464510165317277, 0.1256491041517135, -0.11806957215346678], [-0.7661592217046738, 0.11279300757345631, -0.2975740980954199, 0.32800913456478764, -0.6742014046865292, 0.7651748915665426, -0.475968164795205, 0.21032995779733885, 0.037111156436257425, 0.2996927940971298, -0.07200469443933898], [0.07991981535652004, -0.8813479584184707, -0.531434807322349, -0.4529080967403344, 0.1395486770999605, -0.2012082917238056, 0.5001418192723867, 0.26954602496205265, 0.8129879862120849, 0.3686420284906091, -0.011056419943337208]], "inverted": true, "swapped": true, "error_lsq": 0.04864890967122412, "error_max": 0.22742618848218338, "target": "1126.xyz", "model": "4.xyz", "model_rescale": 3.7855080009869324, "target_rescale": 4.098407329736402},
{"mapping": [0, 5, 4, 6, 8, 1, 2, 3, 9, 12, 14, 15, 10, 7, 16], "R": [[0.25914328371706064, -0.8590431869119937, -0.4414629786566764], [-0.3109403072713622, -0.5069459810386923, 0.803941476491112], [-0.9144183308630303, -0.0710673999018111, -0.39848279869131903]], "T": [0.042770702853904385, -0.019596764655810728, 0.028916261846905055], "aligned_model": [[-0.36319671610280446, 0.018646115196800428, 0.21003688025022052, 0.5593142677992551, 0.636299486069297, -0.3454226128655007, -0.6913801248382219, -0.40878177851040925, -0.3259467252470665, -0.24137430926237508, -0.3726137892193214, 0.21957421172065328, 0.3023689435848918, 0.5912066333050557, 0.003768132439847069], [0.07118964232179814, 0.5641572208314766, -0.14913562639065836, -0.34348324189429635, 0.09411138050817669, -0.4661305701022312, 0.05921266412026527, 0.4955341256014052, 0.46706201464190894, -0.6061521583373831, -0.11354851220450207, 0.23197089683786432, 0.6484665379365845, 0.27958528451450554, -0.013634318850889003], [-0.6309490019564244, -0.5312199120585003, -0.6797744274280508, -0.204230394664731, 0.38961546503682265, -0.44333097129870325, 0.05335646875369145, -0.0857882623697964, 0.39514666746077715, 0.22456810886769907, 0.5545836390071057, 0.7936203468555214, 0.1603105205228565, -0.3846990225906253, 0.06538543974969072]], "inverted": true, "swapped": false, "error_lsq": 0.03919907566971017, "error_max": 0.2486768433161228, "target": "1126.xyz", "model": "5.xyz", "model_rescale": 4.2253639853439635, "target_rescale": 4.098407329736402},
{"mapping": [8, 1, 5, 6, 0, 3, 9, 10, 13, 12, 2, 4, 11, 14], "R": [[0.30445432982231346, -0.4359759613710064, -0.8468958154100614], [-0.8656002211548433, -0.49771033518110874, -0.054960707697365496], [-0.3975472527752303, 0.7498062305426219, -0.5289109551241418]], "T": [0.01898464758401619, -0.06717426250689139, 0.07300898340003201], "aligned_model": [[0.6817907782033564, -0.33365677950966544, -0.34006988389966786, 0.3291117041464135, -0.34600305626709504, -0.5191303626627441, 0.14409163828868993, 0.5492619997090269, -0.2679981461470668, 0.3889367149476862, -0.8271372257752846, 0.15598324972756997, 0.7364049731444474, 0.022476548852117348], [-0.1390284788099359, 0.17339934468367824, -0.4451768784441125, -0.653495536577907, -0.42811314894725216, 0.2225394906363075, -0.6403382650601361, -0.3162069948135019, 0.7359087901138548, 0.3523315405771415, -0.023184110088643184, 0.3685973063490667, 0.27200108462132855, -0.034134997604897896], [-0.32922313346966425, -0.6730591091983793, 0.18217907976142486, -0.13315769990591741, -0.45289638206657046, 0.42737035231224985, 0.5218815982379187, 0.3593475466318621, -0.1750663665627641, -0.16660976472720965, -0.20412119088325267, 0.5241255065507485, 0.5164010858877196, 0.07438668636328291]], "inverted": true, "swapped": true, "error_lsq": 0.04595148262902632, "error_max": 0.3017943744742999, "target": "1126.xyz", "model": "6.xyz", "model_rescale": 3.89814844738969, "target_rescale": 4.098407329736402},
{"mapping": [5, 6, 10, 2, 4, 8, 0, 3, 1, 7, 12, 13, 14], "R": [[-0.542666906738262, 0.48929239460332496, -0.6827192548291505], [0.2884374209694919, -0.654829230877946, -0.6985717805438936], [-0.7888703838499671, -0.5760135683915282, 0.2142239167629602]], "T": [0.07900933189394853, 0.0697612043685842, -0.12153585051462082], "aligned_model": [[0.01065653852110797, -0.20826354556408788, 0.38942459747683916, -0.3398516296850222, 0.6470098261429927, -0.1871977705939034, -0.5853535827863678, 0.3823916197058296, -0.6320213378961804, -0.45465879842686197, 0.03737806064934458, -0.0006022605485743598, 0.0897200839091066], [-0.3458160984230569, 0.3504879749795261, 0.48526211975063865, -0.6761859282661739, 0.14536541478358522, 0.7960803952848119, -0.19959271035514553, -0.4999595538234783, -0.0667253495830649, 0.4233522224015758, 0.5314210254520726, -0.05650102986336954, 0.07659278313256418], [-0.44764571730257974, -0.6882129217686309, -0.5167604663222088, 0.1290172611488343, 0.16800004807556682, -0.2101918289954997, -0.28321375053299436, 0.16560740278870953, 0.34177402697666104, 0.00803053976952589, 0.27267708975195504, 0.7539998341487958, -0.0908064869018393]], "inverted": true, "swapped": true, "error_lsq": 0.06091998104844188, "error_max": 0.36513529225526387, "target": "1126.xyz", "model": "7.xyz", "model_rescale": 3.7474275329858107, "target_rescale": 4.098407329736402},
{"mapping": [3, 5, 6, 10, 12, 0, 2, 8, 4, 1, 1, 13, 4, 9, 14], "R": [[-0.3002864283084958, 0.5426345644046313, 0.7844589157420054], [0.5447566366152194, -0.5775323544367592, 0.608026797470644], [0.7829867609592136, 0.6099213958307496, -0.12217865226982105]], "T": [0.13143962927936098, 0.05020723738121645, -0.050614311920769386], "aligned_model": [[-0.39563260934583094, 0.0773690811159734, 0.11259082745238876, 0.6450064204993311, 0.4656774011272076, -0.1091802569510282, -0.6548378440751048, -0.20180863011356548, -0.18552344572371599, -0.34667174468477946, -0.34667174468477946, 0.2979302665751584, -0.18552344572371599, 0.519349843025364, 0.10042449582741819], [0.040502838280052064, 0.3755821980567874, -0.25802291952823553, -0.44848405438859734, -0.20908373584589857, -0.5124366155262231, 0.18366334765735426, 0.6348333754569182, 0.6115665726364828, -0.42187881154477236, -0.42187881154477236, 0.31523969974422783, 0.6115665726364828, 0.6558656607416917, 0.06217002270252722], [-0.53665465684424, -0.6864043517991629, -0.8066414221747646, -0.3012525096425859, 0.3984913792839602, -0.2950467213163069, 0.21873062932581688, -0.16182668599308164, 0.3928222130203826, 0.28605480835227165, 0.28605480835227165, 0.7920899602169759, 0.3928222130203826, -0.3016999155949589, -0.0009450843196277744]], "inverted": false, "swapped": false, "error_lsq": 0.056125164195411435, "error_max": 0.44307004009393747, "target": "1126.xyz", "model": "8.xyz", "model_rescale": 4.019505241142653, "target_rescale": 4.098407329736402},
{"mapping": [10, 4, 12, 8, 6, 7, 1, 9, 5, 3, 13, 0, 14], "R": [[-0.7775013375920025, 0.3696287483549324, -0.5087890117054545], [0.6282605643755428, 0.4924669122791373, -0.6022997622121207], [0.027934446355199385, -0.7879409423934123, -0.615116849067728]], "T": [-0.06099138546945641, -0.10169645707174875, 0.07297007725794623], "aligned_model": [[-0.19467448397699938, -0.6766718372435409, -0.08513778640369667, 0.2983141282553889, 0.40823828439395476, 0.44751308948011553, 0.46442658105044027, -0.1527393728070876, 0.05291684478647106, -0.4961026491746185, -0.25451665477991064, 0.5875010829490448, -0.07936645478838553], [-0.6734173824611496, -0.03661424845742077, 0.14030264120020497, -0.30236609055773395, -0.6054666484966839, 0.08325911871913887, 0.5785694522390409, -0.792423413182528, -0.2604861493010507, 0.22392503197936542, 0.7536272189737901, 0.03349610528809786, -0.07902740782901321], [-0.21069373322161977, -0.09695191101079421, -0.4848114061021448, -0.5880117054199948, -0.019199549502984678, -0.29285824967300955, 0.07781656675487984, 0.31819229529470694, 0.5684849538212964, 0.5243265182838411, -0.06778599507209244, 0.39116788777984957, 0.05702782211194516]], "inverted": false, "swapped": true, "error_lsq": 0.06163454368026951, "error_max": 0.35431583713182685, "target": "1126.xyz", "model": "9.xyz", "model_rescale": 3.877068213659057, "target_rescale": 4.098407329736402},
{"mapping": [8, 1, 0, 12, 6, 11, 9, 7, 2, 10, 14, 13, 4, 5, 15], "R": [[-0.834194823149936, 0.5492487228948704, 0.04944529733150885], [0.5513692179363407, 0.8323961725790533, 0.05575479699551656], [-0.01053482520573101, 0.07377297793973937, -0.9972194167703454]], "T": [0.04471429857866704, 0.09296490204632388, 0.055448586186269966], "aligned_model": [[-0.5479447509746062, 0.1643018413059019, 0.16562347910973393, 0.5546319708352039, 0.43553885859379615, -0.1330048045600335, -0.585426138264657, -0.31703095418064164, -0.4174118256606634, -0.13476915337862216, -0.3560402986271775, 0.09732945419096474, 0.18218934028253053, 0.6229434145650639, 0.0615681810835281], [0.11966436392104053, 0.5811139028800762, -0.1292825438137946, -0.3607467418030845, -0.2494595959690837, -0.4953895208122234, -0.07367511725786041, 0.7592702148447084, 0.45637082896407444, -0.5626094737743073, -0.18669313203562196, 0.2314630071604771, 0.7527143586398762, 0.3119991649770154, 0.06446562361273217], [-0.43787212646049234, -0.6518815933005846, -0.6993713118726974, -0.24840158654607009, 0.3875723606630828, -0.35309794696028113, 0.15936892933841287, -0.24698185484035573, 0.36323249662684265, 0.2584724953712809, 0.6643070947335252, 0.8141899230352347, 0.11807403770563635, -0.42274648209709137, -0.02826977150910996]], "inverted": true, "swapped": false, "error_lsq": 0.043594944216932136, "error_max": 0.22740933913758052, "target": "1126.xyz", "model": "10.xyz", "model_rescale": 4.260839863003843, "target_rescale": 4.098407329736402},
{"mapping": [10, 4, 13, 12, 1, 7, 6, 9, 3, 2, 0, 14], "R": [[-0.21784186289655666, -0.8899554216701708, 0.40065480180527846], [-0.9333868142479049, 0.07001463507463185, -0.35197585977381124], [0.28519112496342747, -0.45064098605789876, -0.8459247743900518]], "T": [0.11107741771816859, -0.017231879346534883, -0.09720356306041031], "aligned_model": [[0.49916373341195686, 0.20545397643136265, -0.580075135482692, -0.328002230295055, -0.6331030330434126, -0.3888812391842714, 0.310492059639185, 0.8183955113188969, 0.20587875687245055, -0.1503106200344631, -0.092207210643686, 0.09209408010385822], [0.014331469407164517, -0.6353357082006572, -0.507134192240089, -0.19741669174916981, 0.24116824664639283, 0.3436613895334366, 0.5782481740703922, 0.16535347641051865, -0.47181442709980176, 0.10282699299027598, 0.5833852297402026, -0.04419545397573159], [-0.6202656160877267, -0.242848050060059, 0.16952994550009107, -0.4780044184978822, 0.24670640621049036, -0.31264060887755385, -0.3940089462928875, -0.20683503493568323, 0.4351884129903506, 0.7465503421027951, 0.27428507105636557, -0.10147942571279576]], "inverted": false, "swapped": true, "error_lsq": 0.04365889650578664, "error_max": 0.25547580063287617, "target": "1126.xyz", "model": "11.xyz", "model_rescale": 3.890672605050136, "target_rescale": 4.098407329736402},
{"mapping": [4, 3, 13, 11, 12, 6, 5, 8, 10, 0, 1, 2, 7, 14], "R": [[0.6829880310163574, 0.516945436286769, 0.5160375619959084], [0.4016935621375408, 0.3242334332182177, -0.8564548808435742], [-0.6100570724331066, 0.7922373991966104, 0.01379390041060674]], "T": [0.03663638986944892, -0.08933783582795207, 0.002762553266469847], "aligned_model": [[0.5517592691972192, 0.10169620959066164, 0.5714814881197372, 0.7296303615151807, 0.5350252541198238, -0.3688712384219702, -0.44086876456627233, 0.21176525806226626, 0.1041787409848717, -0.5282139105478376, -0.029701739242951025, -0.3527932574591027, 0.0573783980584302, 0.06740976538363697], [-0.2267478104230915, 0.2344831926213638, 0.6174500717149095, -0.6771656406928209, -0.028273949573083074, -0.46866662653356644, -0.06894969208627352, -0.37489279930999164, -0.7325052384779253, 0.28378415199499957, 0.6710657112143129, 0.6772292857349179, 0.10262048930535228, -0.07727862566133867], [-0.35492238176279894, -0.621722005535748, -0.05410982308918934, -0.02060886658042373, 0.3464870609882395, 0.4200506562420701, -0.2323914287453016, 0.705652241186884, 0.08627822667431193, 0.28875814318950505, 0.3980282027279311, -0.23256251872011816, 0.6267317042293084, -0.0008787754478093877]], "inverted": false, "swapped": true, "error_lsq": 0.053693976797197056, "error_max": 0.30251985866444187, "target": "1126.xyz", "model": "12.xyz", "model_rescale": 4.124412569039231, "target_rescale": 4.098407329736402},
{"mapping": [1, 8, 6, 13, 0, 2, 12, 3, 10, 4, 5, 9, 14], "R": [[-0.6477191821042904, -0.7212984732388911, -0.2453331890254441], [-0.4806434569505572, 0.13701344021596207, 0.8661461680864293], [-0.5911359644149283, 0.6789372796536008, -0.43543362510467765]], "T": [0.10501651289817654, 0.161313011720218, -0.07248668548457828], "aligned_model": [[-0.11942960979116918, -0.10514419752322196, 0.519674855149679, -0.589195825757544, 0.47969479645991836, 0.29642982517955874, -0.4434928417331579, 0.06400086642797978, 0.20901426346579355, -0.27687195955761507, 0.5912214096735466, 0.6681341363414961, 0.07326258917449335], [-0.3648426992070641, 0.7395748544493981, 0.5948778656904197, -0.39022065989982374, -0.15966712970128455, -0.6924476309266439, 0.3435958050467115, -0.37306571536702476, 0.781381440557261, 0.2333173170406641, -0.04462466181777516, 0.524706190083289, 0.15490040056035015], [0.5690998957662363, 0.40470445867801985, 0.27756489007068863, -0.020306895421870766, 0.4721758612121211, 0.09813629225817698, 0.11771653888584897, -0.5327375905046338, -0.24540503664174745, -0.5835132692282851, -0.1426202519368599, -0.3831300459225083, -0.07998676624734774]], "inverted": false, "swapped": true, "error_lsq": 0.04359267731485819, "error_max": 0.2521461741815324, "target": "1126.xyz", "model": "13.xyz", "model_rescale": 3.9028299243045295, "target_rescale": 4.098407329736402},
{"mapping": [3, 0, 2, 1, 12, 6, 7, 4, 10, 9, 14, 13, 5, 8, 15], "R": [[-0.7158190523383183, -0.3439932682549053, 0.6076773121524127], [-0.5657344273759541, 0.795816821824668, -0.21591698354341227], [-0.4093258384112507, -0.4983414667636977, -0.7642696778707979]], "T": [0.04077402225762036, 0.05708339526316161, -0.06007915288260002], "aligned_model": [[-0.33118938140291576, 0.05564847498835615, 0.4536151021058452, 0.2836506751463339, 0.6458333419382336, -0.2470744580754701, -0.8502032447156115, -0.3494624982006236, -0.4307378948680062, -0.4390183441242257, -0.08119548331947854, 0.2871752096657869, 0.2055932228245066, 0.6403726130036015, -0.05050872064601092], [0.0931657595758357, 0.5889154839668189, -0.0605351149193418, -0.5331467631513295, 0.0038017317514656146, -0.4704479795782385, -0.03201485337571722, 0.6030933577636954, 0.3329784218627764, -0.4769082305599013, -0.19104928705507948, 0.3615435947016188, 0.5057775360163513, 0.49618144115078266, -0.0021497586157119206], [-0.5591089461425091, -0.695806916414912, -0.6583081210945919, -0.18189067664938546, 0.2794861176648252, -0.34863099082010063, 0.07721238969583177, -0.15469338454738074, 0.44678478187217074, 0.23232071916971914, 0.7805184110311824, 0.6321937655512894, 0.12325123966975887, -0.2702733384128618, -0.026460386685703136]], "inverted": true, "swapped": false, "error_lsq": 0.05202756050293643, "error_max": 0.345029429366687, "target": "1126.xyz", "model": "14.xyz", "model_rescale": 3.942246331269136, "target_rescale": 4.098407329736402},
{"mapping": [2, 7, 9, 10, 11, 5, 1, 0, 12, 3, 12, 13, 8, 6, 14], "R": [[0.4130641336232992, 0.5853762796511306, 0.697647928926787], [-0.900626106141045, 0.3762075050683521, 0.21757879048166737], [-0.13509492385449828, -0.7181939322718117, 0.6826029865131708]], "T": [0.08540437153584018, -0.010348336186454962, -0.0194575560045543], "aligned_model": [[-0.38482539669669236, 0.12754104894295729, 0.32589571110468074, 0.6009512267384276, 0.7131678118809388, -0.37465425792962825, -0.7068905695334038, -0.3603058977561949, -0.399586200152245, -0.3333243844162991, -0.399586200152245, 0.22190478915853962, 0.2545307278198998, 0.5051009946630329, 0.002579210648553834], [0.17648234534327983, 0.5356195928269151, -0.16759073913281292, -0.4781128104726088, 0.17755634678085858, -0.3060344516661659, -0.0923760540879935, 0.5418063501771667, 0.11300969023929404, -0.5196715846803844, 0.11300969023929404, 0.08100453969879487, 0.7420644960578276, 0.2616846547790302, 0.04075327343152954], [-0.5909697432294638, -0.6760571516752946, -0.7715220801249264, -0.1756892836711282, 0.2716024339315232, -0.3414751591817537, 0.12947738157749128, -0.2122917880344763, 0.6267956458078292, 0.26655640865978086, 0.6267956458078292, 0.7767535558003734, 0.04466834961872697, -0.26974176585492493, -0.028307785544253294]], "inverted": false, "swapped": false, "error_lsq": 0.058840141068735384, "error_max": 0.5247724327698244, "target": "1126.xyz", "model": "15.xyz", "model_rescale": 4.355366556412066, "target_rescale": 4.098407329736402},
{"mapping": [4, 12, 11, 5, 10, 3, 6, 2, 8, 13, 7, 14], "R": [[0.020714927095638463, -0.9994341391131898, -0.02650081829869244], [0.6330458695198176, -0.007404414397249676, 0.7740788730687154], [-0.7738370751516891, -0.03281122098477485, 0.6325342717182746]], "T": [-0.13442890094507817, 0.07083854090477797, -0.049630586172203464], "aligned_model": [[-0.19666011880409895, 0.41735000196711625, 0.03221934829166956, -0.5641832966465878, -0.2208208593567139, -0.5085364708371329, -0.11906937564230985, -0.3002037146355087, 0.43797233837834093, 0.30298874858744107, 0.43469302012416944, -0.1179410667946041], [-0.5485779273429469, -0.1856295631949006, -0.7535068825189944, 0.3849048818993701, -0.2176237047834198, -0.08808342193909545, 0.40980857583742175, 0.6186488238765643, 0.07651948245008221, -0.10315528250285073, 0.370544429198512, 0.048927016761237715], [0.10728375051938217, -0.044067376448396714, -0.3946108465956721, -0.02968724133226057, -0.6280137697666106, 0.5281765950447161, -0.655699500855944, 0.633802729229813, -0.5774470496827278, 0.7035193602906231, -0.16317507228004602, -0.030823116913456045]], "inverted": true, "swapped": true, "error_lsq": 0.05048623787006745, "error_max": 0.3896707485686931, "target": "1126.xyz", "model": "16.xyz", "model_rescale": 3.795458400668931, "target_rescale": 4.098407329736402},
{"mapping": [5, 6, 10, 2, 4, 8, 0, 3, 1, 7, 12, 13, 14], "R": [[-0.542666906738262, 0.48929239460332496, -0.6827192548291505], [0.2884374209694919, -0.654829230877946, -0.6985717805438936], [-0.7888703838499671, -0.5760135683915282, 0.2142239167629602]], "T": [0.07900933189394853, 0.0697612043685842, -0.12153585051462082], "aligned_model": [[0.01065653852110797, -0.20826354556408788, 0.38942459747683916, -0.3398516296850222, 0.6470098261429927, -0.1871977705939034, -0.5853535827863678, 0.3823916197058296, -0.6320213378961804, -0.45465879842686197, 0.03737806064934458, -0.0006022605485743598, 0.0897200839091066], [-0.3458160984230569, 0.3504879749795261, 0.48526211975063865, -0.6761859282661739, 0.14536541478358522, 0.7960803952848119, -0.19959271035514553, -0.4999595538234783, -0.0667253495830649, 0.4233522224015758, 0.5314210254520726, -0.05650102986336954, 0.07659278313256418], [-0.44764571730257974, -0.6882129217686309, -0.5167604663222088, 0.1290172611488343, 0.16800004807556682, -0.2101918289954997, -0.28321375053299436, 0.16560740278870953, 0.34177402697666104, 0.00803053976952589, 0.27267708975195504, 0.7539998341487958, -0.0908064869018393]], "inverted": true, "swapped": true, "error_lsq": 0.06091998104844188, "error_max": 0.36513529225526387, "target": "1126.xyz", "model": "17.xyz", "model_rescale": 3.7474275329858107, "target_rescale": 4.098407329736402},
{"mapping": [13, 12, 7, 4, 2, 5, 1, 8, 3, 0, 9, 10, 6, 14], "R": [[-0.050756961511654514, -0.8229439556216475, 0.5658506664871047], [0.6185255167063016, -0.47074555768472043, -0.6291460920194167], [0.7841236611921026, 0.31805953188970404, 0.5329054495243929]], "T": [-0.07946548012234687, -0.048727994971911444, -0.023268476951625462], "aligned_model": [[0.5210864449203043, 0.2622077942580469, 0.4547981093191843, -0.31827181179783864, 0.302444613730785, -0.2881854698247018, 0.7386699830628105, 0.1605778278338536, -0.20152399272568017, 0.2889548268148499, -0.7408430099689893, -0.5133236643999621, -0.1845259461903931, -0.06721805714939251], [-0.46260680034411567, 0.24593815002317826, 0.3060282325476334, -0.15800144711844757, -0.7705283372022576, -0.3096483199071029, -0.24099409240574435, 0.6914584627594613, -0.718730761652633, -0.1506996627300234, 0.1004837611806347, 0.43268231708383326, 0.4496922649165576, -0.05466552563974088], [-0.5301063330306283, -0.4315551801269949, 0.10053041996645287, -0.6091033028878576, 0.3342331842394304, 0.39155774462587906, 0.15711263910311724, -0.050997327001906186, -0.21107639726323213, 0.604376019196318, 0.2699395927484828, -0.09546495963740953, 0.44895569857094014, -0.05360707984093713]], "inverted": true, "swapped": true, "error_lsq": 0.05190589303840234, "error_max": 0.3687419828832095, "target": "1126.xyz", "model": "18.xyz", "model_rescale": 3.922800546911778, "target_rescale": 4.098407329736402},
{"mapping": [12, 0, 5, 8, 6, 13, 7, 3, 9, 11, 11, 10, 2, 1, 14], "R": [[-0.39004487927738024, -0.7050612771161144, -0.592244533669064], [0.21267643723705149, 0.5568146625252195, -0.8029484196641028], [0.8958982783740841, -0.43914237680770385, -0.06723278737366378]], "T": [0.0838877054601579, 0.020813117731499728, -0.06779842631336751], "aligned_model": [[-0.4084999713023607, 0.07312340446110145, 0.2218990538668386, 0.42265997276826184, 0.6930184881755553, -0.21922117674760028, -0.7118293514715736, -0.35530174935011294, -0.34902943664312, -0.30789237977050543, -0.30789237977050543, 0.21752290756568998, 0.12114339123944447, 0.7134710190370144, -0.01067317773780617], [-0.18567385522158275, 0.7139226507241455, 0.11053665167839753, -0.4159736830770495, -0.1277244440041751, -0.5928963794656112, 0.004798915015085656, 0.4072078085617257, 0.5180911303524118, -0.22414004721765124, -0.22414004721765124, 0.14812932473964957, 0.6558790127837281, 0.3972440731312557, 0.03394422875134643], [-0.6453203309538715, -0.5346238120579688, -0.8130743989253687, -0.33017467440754616, 0.21971514591455238, -0.010357975435805376, 0.001403666703507625, -0.3265666802912777, 0.40973744893781155, 0.4741885888141655, 0.4741885888141655, 0.7173976405734815, 0.2614921529724864, -0.16733540948172465, -0.05407528728927483]], "inverted": false, "swapped": false, "error_lsq": 0.05605663476238474, "error_max": 0.38261703504662825, "target": "1126.xyz", "model": "19.xyz", "model_rescale": 3.9282355846067225, "target_rescale": 4.098407329736402},
{"mapping": [9, 5, 2, 6, 10, 0, 7, 1, 8, 12, 3, 4, 13, 14], "R": [[0.36549206888180613, 0.407697939467184, -0.8367783085971515], [-0.1909015539154601, 0.9126969611837649, 0.36130437827209394], [0.9110280699831154, 0.02768839468322437, 0.4114136707776082]], "T": [-0.12334784937652585, -0.15096772465691044, 0.0919880847290941], "aligned_model": [[-0.745625788011632, -0.137499308258189, 0.6079488499287093, -0.47569917410066775, -0.7544095230757901, 0.25732194034883726, 0.12358046779251369, 0.666839128285588, -0.3404696825112503, -0.017894124223722135, 0.1456750268644579, -0.2770907891266142, 0.5906295030493961, -0.11078370787696007], [-0.488139215313967, -0.6034626154972816, -0.6244178266278912, 0.021595553798321426, 0.013229190654560824, -0.24126620712141417, 0.3696200170476591, 0.07923569475695902, 0.5608378760261774, 0.3968940919937296, -0.6732201096300513, -0.16872287202879852, 0.01958453706778701, -0.13888602770095454], [-0.11953238774006995, -0.18867604576995478, -0.09697918787135797, -0.48118430455672584, 0.0906912730394994, -0.530110020386916, -0.21563268864615043, -0.15592351523379328, -0.13704590279456785, 0.33487434850198994, 0.4843564591419983, 0.7150606791279049, 0.5919792434579044, 0.12030520697392241]], "inverted": false, "swapped": true, "error_lsq": 0.057573455490536496, "error_max": 0.33573737621976457, "target": "1126.xyz", "model": "20.xyz", "model_rescale": 4.067790424073018, "target_rescale": 4.098407329736402},
{"mapping": [3, 2, 6, 13, 5, 11, 12, 0, 7, 10, 9, 1, 8, 4, 14], "R": [[0.9297355543902637, -0.3313130710383172, -0.1606967574712958], [0.13501078677481076, -0.09930031304474636, 0.9858557375618718], [-0.3425841303345443, -0.9382809263692696, -0.047592193210121966]], "T": [0.022609319271914355, 0.09416727367239207, -0.06711882426236569], "aligned_model": [[-0.5106864416642768, -0.0032201040783002705, 0.33649938670302443, 0.32119501747367535, 0.588368729029622, -0.2062545156229384, -0.7025360500096381, -0.36119057395938314, -0.18333901947202652, -0.1569038807690406, -0.4233507775179137, 0.19654031351696755, 0.28508002922715914, 0.6227093089527719, -0.010412807489381358], [0.04689076627687916, 0.5573746603174123, -0.08003809914245559, -0.5075021973949975, 0.08477378743663751, -0.4603203164863169, -0.15008302259184658, 0.6884112609587939, 0.5296647716267777, -0.5491026982526536, -0.0621057311523099, 0.03267564481380526, 0.5203421222735172, 0.5310855645920477, 0.03713882625873426], [-0.7282584312038883, -0.6489209292652767, -0.7141755577455317, 0.1302740162664957, 0.1010898959183517, -0.30835959904216387, -0.028133531111741113, -0.13059917595139148, 0.5026102062888843, 0.4075026836618704, 0.5499291799505611, 0.7324259775468038, 0.20610639704864625, -0.3695339432315744, -0.02536252524271318]], "inverted": true, "swapped": false, "error_lsq": 0.055661954024993035, "error_max": 0.47353196199422065, "target": "1126.xyz", "model": "21.xyz", "model_rescale": 4.186013935880536, "target_rescale": 4.098407329736402},
{"mapping": [7, 8, 12, 2, 5, 13, 0, 6, 4, 10, 9, 3, 14], "R": [[0.9104746957306833, 0.21091427278622443, -0.355740070794924], [0.3903176107113432, -0.15389999533415794, 0.9077262551037808], [0.13670402774866502, -0.9653134003893264, -0.22244560644366068]], "T": [0.015347666657619184, 0.018994346075672443, 0.04475860285746301], "aligned_model": [[-0.07686146851371428, -0.37618478884767126, 0.19805789300729867, 0.4610898497740323, -0.13845260018604194, 0.8526029782912258, -0.1306037384834556, -0.6509320400510965, 0.33641773321964824, -0.4556966800291982, -0.5391669739670244, 0.5357727353761959, 0.04253113583302684], [-0.31296768712209283, 0.08098877504038951, 0.18526404440587788, -0.6684876261646284, -0.22593436687739202, -0.0846078723541264, -0.7008158194548546, -0.13745537306995986, 0.5730705424264366, 0.46550947268326626, 0.2505244698503215, 0.06152421640088963, 0.032343883781966204], [-0.5101417618487978, -0.6254090613071995, -0.5113332564844362, 0.39595788477631483, 0.49206123828886733, -0.23293370175549039, 0.07007401456921754, -0.07377817098547261, 0.0904223266147859, -0.018031602552862944, 0.4743661824172917, 0.5205976100541357, 0.031027859548992134]], "inverted": false, "swapped": true, "error_lsq": 0.04627697949717356, "error_max": 0.24338602969971848, "target": "1126.xyz", "model": "22.xyz", "model_rescale": 4.166573947596378, "target_rescale": 4.098407329736402},
{"mapping": [5, 7, 0, 4, 3, 1, 6, 10, 14, 6, 12, 11, 9, 8, 15], "R": [[0.08037240387959213, 0.9885808423663978, 0.1274684070692008], [0.06584202933430233, 0.12233734822124168, -0.9903021763095019], [-0.9945879065561559, 0.08798574507463353, -0.05525762206162174]], "T": [0.02858723454803474, 0.12057490784992853, 0.047911192157976804], "aligned_model": [[-0.5574177334466147, -0.0997758429102931, 0.1908699416333202, 0.5843920797377763, 0.5389255974197011, -0.11961329622413047, -0.4808182140323725, -0.22062867584577608, -0.42840047711336743, -0.4808182140323725, -0.3599319019072944, 0.20439685106670544, 0.3287710021296651, 0.6930393668759302, -0.0004918690305556819], [0.003520656045609097, 0.37752292314234687, -0.13175288030870425, -0.25047214852593414, -0.06530321582056017, -0.46449955011039157, -0.435738360934517, 0.7596936006207828, 0.6952160207188829, -0.435738360934517, 0.09353181038550931, 0.04191075794175342, 0.5497286749456132, 0.40695196771907116, 0.07463344464908092], [-0.5299801997328063, -0.6069859642207407, -0.7115299004503033, -0.2574714684221691, 0.3056527886034676, -0.33132955220953925, 0.1485554562658894, -0.2526881419423121, 0.3427460374721812, 0.1485554562658894, 0.5748864351407494, 0.812761672765256, 0.3414515065104941, -0.31343446458471114, 0.005405002425987668]], "inverted": true, "swapped": false, "error_lsq": 0.05181150246773418, "error_max": 0.4796750740165111, "target": "1126.xyz", "model": "23.xyz", "model_rescale": 4.274766983524099, "target_rescale": 4.098407329736402},
{"mapping": [9, 8, 11, 4, 12, 13, 3, 1, 0, 7, 14], "R": [[-0.8635082552793553, -0.322209791820092, -0.3879875553669951], [-0.48294185627687747, 0.7499615282247283, 0.452023085293964], [0.14532947574476418, 0.5777010959294464, -0.8032065657361555]], "T": [0.05970296587595568, -0.017891175076240134, -0.06758510450622607], "aligned_model": [[0.42870306101671285, 0.11326605415683354, -0.5394221954454801, -0.5118837797103385, -0.3328091270883439, -0.5511773815931007, -0.20729800477558602, 0.1378459071934337, 0.631714828825599, 0.18309333117361584, 0.02786201020472917], [-0.13055213446003955, 0.7586884959560908, 0.3615942084540229, -0.14162489431960604, 0.4141904670167754, -0.15196799581808326, -0.6673101307642343, 0.059568884727277976, -0.052459195183914786, 0.48172631976701086, -0.016267494131817134], [-0.6975071594576867, -0.08549267669552729, -0.6362399039528575, -0.3324438473567021, 0.10418947703856354, 0.5630427570566465, 0.010127857442087496, 0.7849070392876456, 0.3924984072224477, 0.33462492451250064, -0.058140441075540894]], "inverted": false, "swapped": true, "error_lsq": 0.0547394915350704, "error_max": 0.25442070191623123, "target": "1126.xyz", "model": "24.xyz", "model_rescale": 3.7841303162186577, "target_rescale": 4.098407329736402},
{"mapping": [1, 0, 7, 11, 13, 6, 4, 8, 2, 3, 5, 12, 9, 10, 15], "R": [[0.15313553673982577, 0.9646061104444498, 0.2146731447588075], [-0.8146588174874431, 0.2461899668411776, -0.525091907494965], [-0.5593572369044371, -0.09447513916354042, 0.823525305988021]], "T": [0.05693339559151961, 0.15352355768832993, -0.07489601715063159], "aligned_model": [[-0.5522816848919996, -0.07446936445661209, 0.2916718340009115, 0.5304240073068738, 0.5122588245934826, -0.18865060949913565, -0.6250787251243373, -0.30739171523602243, -0.4209506792227031, -0.11406264962619825, -0.3872407658221681, 0.1550158387098522, 0.21752860782266306, 0.7188122061092703, 0.036913489656444365], [0.2987293605291543, 0.37492447417721037, -0.021270466995110843, -0.4368375339041599, -0.2648778854611319, -0.4887113068833471, -0.12111063683966256, 0.5980635077595167, 0.5201970208604916, -0.533379541891877, -0.03510777129678844, 0.18255318051714425, 0.6120950302927739, 0.4462557796669271, 0.08768212900288387], [-0.47590556109692556, -0.7641310265496103, -0.6555426175611947, -0.20415541260732356, 0.40428973320685424, -0.2968179120038922, 0.05214676796908953, -0.21313215587733725, 0.37894361352468703, 0.3097159586641574, 0.6575425683303895, 0.6765752210072182, 0.2507757360732998, -0.3603419694433198, -0.08336827974875957]], "inverted": false, "swapped": false, "error_lsq": 0.044404258354302915, "error_max": 0.3106136868198032, "target": "1126.xyz", "model": "25.xyz", "model_rescale": 4.19342608120988, "target_rescale": 4.098407329736402},
{"mapping": [4, 12, 11, 5, 10, 3, 6, 2, 8, 13, 7, 14], "R": [[0.020714927095638463, -0.9994341391131898, -0.02650081829869244], [0.6330458695198176, -0.007404414397249676, 0.7740788730687154], [-0.7738370751516891, -0.03281122098477485, 0.6325342717182746]], "T": [-0.13442890094507817, 0.07083854090477797, -0.049630586172203464], "aligned_model": [[-0.19666011880409895, 0.41735000196711625, 0.03221934829166956, -0.5641832966465878, -0.2208208593567139, -0.5085364708371329, -0.11906937564230985, -0.3002037146355087, 0.43797233837834093, 0.30298874858744107, 0.43469302012416944, -0.1179410667946041], [-0.5485779273429469, -0.1856295631949006, -0.7535068825189944, 0.3849048818993701, -0.2176237047834198, -0.08808342193909545, 0.40980857583742175, 0.6186488238765643, 0.07651948245008221, -0.10315528250285073, 0.370544429198512, 0.048927016761237715], [0.10728375051938217, -0.044067376448396714, -0.3946108465956721, -0.02968724133226057, -0.6280137697666106, 0.5281765950447161, -0.655699500855944, 0.633802729229813, -0.5774470496827278, 0.7035193602906231, -0.16317507228004602, -0.030823116913456045]], "inverted": true, "swapped": true, "error_lsq": 0.05048623787006745, "error_max": 0.3896707485686931, "target": "1126.xyz", "model": "26.xyz", "model_rescale": 3.795458400668931, "target_rescale": 4.098407329736402},
