[{"mapping": [9, 4, 11, 1, 6, 2, 0, 3, 5, 12, 8, 13], "R": [[-0.6026158792530614, 0.7978582182581049, -0.01662424825554544], [0.7929237116625347, 0.5962758822931473, -0.12540757424828183], [-0.09014482544976948, -0.08875435625100844, -0.9919660148871532]], "T": [-0.016168387468077056, 0.08703185447366278, 0.05344040764011272], "aligned_model": [[-0.23416295740974435, 0.6257350072878203, 0.3600440249462187, -0.4799503514003115, 0.5789109302465708, -0.07400053059760997, -0.6694980779980276, 0.013063768593700443, 0.290697332109922, -0.446742297900949, 0.7308464425339142, 0.0658541279931275], [0.16035444332619186, -0.3862108404911421, 0.6748447926031208, 0.11382234319550572, -0.36237050198261384, -0.6282345388805884, -0.24560265175966184, -0.3665940054815054, 0.30014627263477595, 0.4475084260283129, 0.23206042129807591, 0.1500114627691695], [-0.6421495126463569, -0.47325268143015764, 0.052022184699069635, 0.3958329792128269, 0.22215440180618112, -0.2227980313374317, -0.18723995158260776, 0.31145080671279807, 0.7113286469036859, -0.08721007045490205, -0.12408336593585893, -0.07243944838046039]], "inverted": false, "swapped": false, "error_lsq": 0.048703637832765316, "error_max": 0.28160902949980454, "target": "1127.xyz", "model": "0.xyz", "model_rescale": 3.8414455957264533, "target_rescale": 3.801257378165697},
{"mapping": [9, 6, 4, 11, 10, 8, 13, 12, 3, 0, 5, 14], "R": [[0.47073381955851323, -0.7756160559198371, -0.42051088561797023], [-0.8009779785000637, -0.5755339700099429, 0.16490884549515797], [-0.3699242477613556, 0.2591917883806329, -0.8921746845513185]], "T": [0.07942826976448698, 0.11373108469482107, -0.08656590669191544], "aligned_model": [[-0.127394890134911, 0.6724071030119343, 0.217975543178489, -0.4909630192203081, 0.4649511045083356, -0.0897670939459397, -0.6260612831973924, -0.14529664791105734, 0.49050109468238895, -0.42452575436699463, 0.7269452145259405, 0.09202604727414607], [-0.013157359136599461, -0.2109272862218124, 0.6376681426080192, -0.0601405513496443, -0.35225398326932805, -0.6376897623890779, -0.12825726504210172, -0.4811591586886387, 0.48280438546415855, 0.6251287162000562, 0.11435444824778485, 0.1133652968368243], [-0.7242438687893287, -0.47771833132698827, -0.040611067741064856, 0.5222754796801502, 0.23376417421823648, -0.2627534118311373, -0.22284917746488353, 0.3352087411592337, 0.46857453798249127, 0.013534910286212093, 0.03608890424987854, 0.002345067143987023]], "inverted": false, "swapped": false, "error_lsq": 0.04591716177614438, "error_max": 0.23990181314258877, "target": "1127.xyz", "model": "1.xyz", "model_rescale": 4.316132596720782, "target_rescale": 3.801257378165697},
{"mapping": [10, 7, 6, 2, 5, 9, 1, 0, 4, 8, 3, 11], "R": [[-0.8301582103244527, 0.518040701811158, 0.2060853636188287], [0.02357507472871634, 0.4019277898284701, -0.915367831866041], [-0.5570292287505544, -0.7550416432426785, -0.34587650294138017]], "T": [0.0444829957165015, -0.03417074775047398, -0.043438187960155195], "aligned_model": [[-0.04687647453097157, 0.6744087003432107, 0.24280489358639024, -0.5240083336844364, 0.45785648734455064, -0.027974596613594548, -0.46083758111110684, -0.09765390669432758, 0.29633469259244527, -0.5230823815530007, 0.6775464041042514, 0.09227951462122053], [0.2588901046251208, -0.286423586035467, 0.7628979146062697, 0.2400469370780773, -0.4801715855621096, -0.6876737920461626, -0.22447900393565523, -0.42384588695604336, 0.27242361395438797, 0.45607167166096774, 0.1393259208707977, 0.06267331499945733], [-0.5938967082777903, -0.6265532983864465, -0.005412731833677409, 0.5064233141185277, 0.17095745333777934, -0.3864180323271461, -0.09849402931396656, 0.5326385824833506, 0.6175461925574476, -0.20018010496845023, -0.05554751399082452, 0.022552834167982885]], "inverted": false, "swapped": false, "error_lsq": 0.05399725883310833, "error_max": 0.28138342395753085, "target": "1127.xyz", "model": "2.xyz", "model_rescale": 3.795458400668931, "target_rescale": 3.801257378165697},
{"mapping": [5, 3, 2, 0, 8, 9, 4, 7, 1, 10, 6, 11], "R": [[-0.14527083370113109, -0.6225720573271339, 0.7689606090764587], [-0.9890823160008393, 0.11082464038585454, -0.09712914731305816], [-0.0247498899026653, -0.7746753723456077, -0.6318746002420101]], "T": [0.03089553933089681, 0.061163033622445455, 0.03333004178512514], "aligned_model": [[-0.0733159081527133, 0.5617153194227507, 0.26404290667285335, -0.4811826081573235, 0.6889345140300882, 0.09823355475061415, -0.5896978615249279, -0.16919895678605615, 0.31503110689519076, -0.37320700854541844, 0.594709918214897, -0.07526755841532354], [-0.023496037801002297, -0.21520516131813205, 0.7899188913976981, 0.22661737621841427, -0.348029996466629, -0.702710878147274, -0.015637015002017883, -0.5794275948698212, 0.17702334013280588, 0.5725114963855438, 0.18383989085515373, 0.024331311874901444], [-0.6564506707520655, -0.49479968415774583, 0.08110572885238415, 0.6013166398285201, 0.1338721172296576, -0.37473475871135703, -0.10780931016562689, 0.39789572301082327, 0.5829773928929907, -0.30465607602128614, -0.08650330701252235, 0.1114021625730145]], "inverted": false, "swapped": false, "error_lsq": 0.047639839542816524, "error_max": 0.23001919953409636, "target": "1127.xyz", "model": "3.xyz", "model_rescale": 3.7530521520055578, "target_rescale": 3.801257378165697},
{"mapping": [3, 6, 7, 5, 4, 0, 8, 9, 2, 10, 11], "R": [[0.6139905389003417, -0.7769730049359136, -0.13902721942743862], [0.01262935838993473, 0.1857848834854789, -0.9825092754650951], [0.789212339898159, 0.6014955749372927, 0.12388283126942652]], "T": [-0.031735538569667335, -0.027794638373109484, -0.01904812661960121], "aligned_model": [[-0.47254301753033834, -0.2955644175556367, 0.2077128537378491, 0.5764336221839577, 0.5306616532718488, -0.10236148071016195, -0.19446012820848346, -0.6170777887966853, -0.3749186144636261, 0.18539512926768276, -0.10507820875120143], [-0.6800116251327635, 0.09463995719994116, -0.47851858764058064, 0.21718970691467432, -0.27829264856427377, 0.6454792807605767, -0.45860111150200267, 0.21978886719765917, 0.08123442854395657, 0.15197049765609483, -0.04767540711893597], [-0.3226890571001405, -0.7243045862299229, -0.33833808691838574, -0.49299461836043523, 0.20671019103096883, -0.1223605614361909, 0.5572586563940122, 0.0906900475817867, 0.6878455386651954, 0.5566015341266071, -0.005588280508178474]], "inverted": false, "swapped": true, "error_lsq": 0.06450529567752689, "error_max": 0.46357735954491525, "target": "1127.xyz", "model": "4.xyz", "model_rescale": 3.7855080009869324, "target_rescale": 3.801257378165697},
{"mapping": [3, 0, 12, 8, 4, 5, 10, 7, 11, 14, 1, 16], "R": [[-0.7639801975965581, -0.6397494723117749, 0.08399327566614745], [0.5707660619275587, -0.6093396990850091, 0.55039189099286], [-0.30093248450778765, 0.46842901681663135, 0.8306707506420181]], "T": [-0.03609649959419703, 0.11124373608520058, 0.0347864384803108], "aligned_model": [[-0.13679102026613912, 0.5033401672355191, 0.28341755766317006, -0.5506463255361995, 0.49641814764583003, 0.002107173189915462, -0.6315877361444178, -0.10297825251491384, 0.46825325727414224, -0.2198556708745922, 0.7026173197834102, -0.05349719905109397], [-0.07101521767275179, -0.22749461134579627, 0.706149403751326, 0.04347365770691755, -0.3806873217843637, -0.6043840300046652, -0.2916674286692077, -0.5840772203557867, 0.43525546840095264, 0.7099892081286078, 0.20421073721903082, 0.14998297788537723], [-0.6278287535285537, -0.4154782589809449, 0.1188297416270229, 0.510134276450861, 0.1811857849389222, -0.3414058320494488, -0.08360720401124963, 0.3057570467317432, 0.557360785696984, -0.22101392354196817, -0.10219154789012722, 0.001873842123545695]], "inverted": false, "swapped": false, "error_lsq": 0.041823376812833345, "error_max": 0.22354304431595842, "target": "1127.xyz", "model": "5.xyz", "model_rescale": 4.2253639853439635, "target_rescale": 3.801257378165697},
{"mapping": [4, 10, 6, 12, 8, 1, 0, 9, 11, 3, 5, 13], "R": [[-0.8693298164344174, 0.32251683695476796, 0.3744977438367202], [0.05946646757278365, -0.6839742890122502, 0.7270783391111315], [0.49064183422586083, 0.6543409370128681, 0.5754203060864334]], "T": [0.06646977322053625, 0.01612877967535916, -0.03660763764608828], "aligned_model": [[-0.09811830531999945, 0.6870761390453761, 0.07990468981423311, -0.33116230428641935, 0.5229948834298275, -0.002637375066223427, -0.7058363850593656, -0.14724060150659812, 0.3575868120595755, -0.3012957043023444, 0.6599506507118121, 0.039574918884757504], [0.005867141506505878, -0.20882761066633157, 0.6466415538255273, 0.2607617263379434, -0.49406173471147, -0.5924810240120704, -0.19412971971769974, -0.4723996116417007, 0.30811926124661243, 0.537336426231586, 0.23065114078161678, 0.062258074079121574], [-0.7248784966768567, -0.4522455034995989, 0.08984833403057217, 0.7717160702913414, 0.24116086016600707, -0.44098875845848057, -0.08556895546451941, 0.2604854691344906, 0.6233516165375054, -0.3466086302445456, 0.01341106973691493, -0.06606711798604382]], "inverted": false, "swapped": false, "error_lsq": 0.05040258479270258, "error_max": 0.30971498439583306, "target": "1127.xyz", "model": "6.xyz", "model_rescale": 3.89814844738969, "target_rescale": 3.801257378165697},
{"mapping": [6, 1, 7, 11, 2, 5, 9, 10, 4, 8, 0, 12], "R": [[-0.6113792602210839, 0.24717886767253028, 0.7517433122733089], [-0.04417953322437363, 0.937822070332671, -0.3442933825112228], [-0.7901035179111636, -0.24370550213950545, -0.5624447165822921]], "T": [0.10693490973844824, 0.14655849977312915, -0.0001944521329644549], "aligned_model": [[-0.060709238514505576, 0.6006045512442364, 0.2741511443646166, -0.4879003922355468, 0.5340035407197681, -0.012484050315009071, -0.6247550409374715, -0.07390502110881456, 0.35124032780164616, -0.45675102856244254, 0.6071302293194385, 0.1101723966287153], [0.1125078018352576, -0.3687534220782718, 0.7579674811185356, 0.3455851974682735, -0.35623415144951387, -0.5115520670235331, -0.33879460150849894, -0.4573841014175667, 0.1544174656945244, 0.47386630402070995, 0.25040166841139455, 0.02770804818832978], [-0.6544970125392827, -0.45356022089721776, 0.17153926020557, 0.5115669242457941, 0.25740946637219575, -0.39415663036223875, -0.16453575001876572, 0.3759091465340777, 0.5962524338039865, -0.18134228279953765, -0.300247157611093, 0.11927778063329825]], "inverted": true, "swapped": false, "error_lsq": 0.053482307711566375, "error_max": 0.34424911841731964, "target": "1127.xyz", "model": "7.xyz", "model_rescale": 3.7474275329858107, "target_rescale": 3.801257378165697},
{"mapping": [3, 6, 9, 13, 10, 0, 2, 12, 11, 8, 7, 14], "R": [[-0.8607960440016941, 0.11124085313462741, 0.49664438305986514], [0.34297132573962225, -0.594190389487681, 0.7275358759270117], [0.37603303093137946, 0.7965947863464576, 0.47332431377883166]], "T": [-0.015705390448532766, -0.027734276873450068, 0.016786815875311507], "aligned_model": [[-0.06276086879483524, 0.5463392980463708, 0.28651149222486294, -0.5209650453329921, 0.6305557431626644, 0.1069029407611461, -0.7832002198268792, -0.01844298869129409, 0.33949012996972455, -0.31279817302396035, 0.6227293761388016, -0.0735642662289786], [-0.024929064279780453, -0.19201511105083532, 0.6634371396205694, 0.10015491625359457, -0.39221323072150394, -0.5651188183966807, -0.061440683171731986, -0.31336978892114853, 0.1894532771800375, 0.5126360746137986, 0.20282705329471282, -0.029686141161391247], [-0.6986937566942847, -0.5524720655261066, 0.12302931649170404, 0.7492271643815357, 0.17415580606607606, -0.3443202171174101, -0.32731354870136886, 0.563639152994269, 0.4784638287630378, -0.2746682880972586, -0.0390715207243428, 0.031640085730935706]], "inverted": false, "swapped": false, "error_lsq": 0.049667272130262945, "error_max": 0.26085138264957164, "target": "1127.xyz", "model": "8.xyz", "model_rescale": 4.019505241142653, "target_rescale": 3.801257378165697},
{"mapping": [8, 3, 5, 10, 2, 0, 9, 1, 6, 11, 5, 12], "R": [[-0.550704363611423, 0.17027290309580273, 0.8171486048269709], [-0.7771888013727118, -0.4616954743962618, -0.4275685394680695], [0.3044704762701712, -0.8705426051568861, 0.3865919058729463]], "T": [0.015558205559873722, -0.06991071572849908, -0.03618805536900819], "aligned_model": [[-0.32847179021035244, 0.8356514826149145, 0.4728760053176869, -0.4401088445052853, 0.48444231508567126, 0.1805699631109888, -0.6542642222268671, -0.30948407734018624, 0.21545711062540382, -0.19771137515970372, 0.4728760053176869, 0.028964845774674168], [0.14054175942931327, -0.17726424639528615, 0.38740914451037844, 0.007930065773079031, -0.30644768637928643, -0.6263325475754238, 0.02403630744289978, -0.5626335930127064, 0.3442025849248831, 0.5070977073024471, 0.38740914451037844, -0.0362130172710354], [-0.5779352741864104, -0.2693897794712675, -0.21575334877985528, 0.7540575459714408, 0.23615385394023983, -0.3291248113165923, -0.1354449619375271, 0.29225826094226615, 0.5264951947304246, -0.13013958374415308, -0.21575334877985528, -0.051807789801923715]], "inverted": true, "swapped": false, "error_lsq": 0.062151966433902854, "error_max": 0.42470000962217846, "target": "1127.xyz", "model": "9.xyz", "model_rescale": 3.877068213659057, "target_rescale": 3.801257378165697},
{"mapping": [6, 14, 4, 0, 9, 10, 12, 11, 7, 3, 2, 15], "R": [[0.8567621122660513, -0.07282489001296878, -0.5105440415674378], [0.10206287967597223, 0.9943422031217158, 0.02944064678808787], [0.5055114752185776, -0.07733122581242284, 0.8593474442486495]], "T": [0.06429077723714245, 0.0864844153098839, -0.014880146403926799], "aligned_model": [[-0.20747633495349277, 0.5708821990816123, 0.240936755515416, -0.48863055245744763, 0.543306177301144, 0.05343324630790146, -0.6576530809782096, -0.22473677283742927, 0.4522136128554333, -0.23657265706807284, 0.7162908770017448, -0.0011960513639686782], [-0.021772891614876125, -0.3203798394883838, 0.7370243569851823, -0.08682128666295955, -0.3480445442920673, -0.5683830376798119, -0.09255067805141107, -0.5342865226585906, 0.4962937607339858, 0.5553951537523427, 0.20781490337034406, 0.06544624886588625], [-0.5577683184557859, -0.4477174785734548, 0.04582127358096511, 0.5310220174187282, 0.11693083063677195, -0.2873531037717865, -0.08515614973204813, 0.26036845783474255, 0.5749153634346461, -0.3187966744172031, 0.008144634234862634, 0.04320510537634847]], "inverted": true, "swapped": false, "error_lsq": 0.04511214227566662, "error_max": 0.19790831670370104, "target": "1127.xyz", "model": "10.xyz", "model_rescale": 4.260839863003843, "target_rescale": 3.801257378165697},
{"mapping": [2, 9, 5, 0, 10, 8, 1, 7, 6, 3, 4, 11], "R": [[0.33037983587473685, -0.7506236882579174, -0.572200351864155], [0.6972978475947986, -0.21446262554275763, 0.6839455343702214], [-0.6361013093737842, -0.6249558871403547, 0.4525541551478335]], "T": [0.07451205075089208, -0.025579247864802455, -0.03478012264179147], "aligned_model": [[-0.13413581160540533, 0.6496417401297713, 0.3218372648951898, -0.46633344832832313, 0.5990160552596273, 0.05465843927322529, -0.625410910188332, -0.1550967848423041, 0.2025018664786543, -0.3087361304892573, 0.6022027243586048, 0.02065241346318024], [0.07195062031001914, -0.33241480914876076, 0.5741728515952349, 0.17648937534273404, -0.24263155529571398, -0.6764771904862139, -0.11802069288377465, -0.4235040275104677, 0.24078220787693336, 0.5536624759543581, 0.3108372968241928, -0.0451109293189004], [-0.6807763459197597, -0.4939217564365532, 0.1542663263850347, 0.6260441256238067, 0.23189878003972608, -0.33735426142640484, -0.19233351401806514, 0.4327038681469098, 0.7500291004305066, -0.18118001463591646, -0.4148713222875827, -0.010889028334915292]], "inverted": true, "swapped": false, "error_lsq": 0.04759547327953873, "error_max": 0.3145667445081019, "target": "1127.xyz", "model": "11.xyz", "model_rescale": 3.890672605050136, "target_rescale": 3.801257378165697},
{"mapping": [4, 3, 1, 9, 8, 7, 12, 5, 6, 11, 0, 13], "R": [[-0.33887483450002054, 0.6779181737538422, 0.6523732031872855], [-0.007072466808179467, -0.6952166547826868, 0.7187654576605765], [0.9408048824043331, 0.23895763768297154, 0.24038598261367655]], "T": [0.01463282345144247, 0.1409764623959592, 0.03333937159310443], "aligned_model": [[0.009296919380256619, 0.6054314449868883, 0.4961402600680143, -0.5088741305148997, 0.554529586544477, -0.04066014330352906, -0.545485898242315, -0.2350501445041952, 0.2310308627684054, -0.3193610499740106, 0.5386678392585404, -0.02486812806300119], [0.1526998826162078, -0.30928098112636593, 0.7482637462437872, 0.052060441186222786, -0.2824570277346473, -0.6651938692096727, -0.29905261077466905, -0.5140186425290391, 0.36524431785176437, 0.5755330082190864, 0.24162588721996625, 0.024311471296999926], [-0.667296863104491, -0.5155580499226035, -0.03485911629265359, 0.6024218140761889, 0.2533543948883564, -0.2386831542070589, -0.1852323079946724, 0.3704031784193702, 0.518039445381613, 0.0820308995192947, -0.21954703618293028, -0.08145724701362708]], "inverted": true, "swapped": false, "error_lsq": 0.04228412646788517, "error_max": 0.23577411446503094, "target": "1127.xyz", "model": "12.xyz", "model_rescale": 4.124412569039231, "target_rescale": 3.801257378165697},
{"mapping": [10, 2, 9, 3, 1, 4, 5, 0, 6, 7, 8, 12], "R": [[0.04993177356377537, 0.9952234380630169, 0.08388758143374994], [-0.24503168567688613, 0.09363220938326161, -0.9649831513453241], [-0.9682284291442385, 0.02762820471976435, 0.24853649893092822]], "T": [-0.0035562131809092207, 0.051357519915030916, 0.03985044876008844], "aligned_model": [[0.007702723478823122, 0.600889099569277, 0.07818409190313834, -0.23314971602477863, 0.5952327003920523, -0.028722988948770158, -0.6658794937363055, -0.27807667613410314, 0.42517385350184667, -0.4397444621967686, 0.6712963246439039, 0.02789196195631575], [0.145979508126931, -0.2757877908040526, 0.6801876052379727, 0.21925361057864484, -0.42651462983870153, -0.6341312321995564, -0.2047445029735881, -0.3729797318314085, 0.23161975786924327, 0.41441519324743614, 0.27835958632027297, 0.03407824952644674], [-0.6919484225082608, -0.47978146251727377, 0.12067444468889982, 0.6939537295634219, 0.3154486061933182, -0.3445296494127524, -0.22375058496115355, 0.3250588034663773, 0.5207962568029677, -0.22662020960773868, -0.049257547163967345, -0.07642800697705182]], "inverted": false, "swapped": false, "error_lsq": 0.05495965298160526, "error_max": 0.3389889340841179, "target": "1127.xyz", "model": "13.xyz", "model_rescale": 3.9028299243045295, "target_rescale": 3.801257378165697},
{"mapping": [2, 8, 11, 7, 5, 0, 3, 4, 14, 1, 12, 15], "R": [[0.9627777255250274, 0.2559412141292658, 0.08690883811725972], [-0.25288379584794923, 0.9664625013105235, -0.04472157598004522], [-0.0954402275269052, 0.021079100328135057, 0.9952119545599163]], "T": [0.044282982891759415, 0.028147835674755286, 0.020584223564531406], "aligned_model": [[-0.050760726346649715, 0.5129979828731346, 0.21187378814033037, -0.5524632312845943, 0.43290942805840393, -0.127454986989316, -0.5056462077551722, -0.09761245740084407, 0.3609796090148036, -0.06374913825699557, 0.6631058764806568, -0.0233825181291258], [0.004560243894416938, -0.3418309416150584, 0.7422780763197996, -0.0016383071688884122, -0.292986991469998, -0.6781142845988964, -0.24318731652571832, -0.5774335294314095, 0.5242158020691325, 0.5737361505796493, 0.30212652103890963, 0.07801020016770169], [-0.7091829231363824, -0.4692413706067179, 0.1088339245856258, 0.7014914840617722, 0.10971189921580732, -0.3780588453736118, -0.0918638341906272, 0.2898427761548448, 0.6813946899636193, -0.31536399741921606, -0.14138551218039136, 0.09743766649206399]], "inverted": false, "swapped": false, "error_lsq": 0.04845658137241934, "error_max": 0.2652638889091554, "target": "1127.xyz", "model": "14.xyz", "model_rescale": 3.942246331269136, "target_rescale": 3.801257378165697},
{"mapping": [8, 13, 1, 9, 4, 11, 7, 10, 5, 0, 12, 14], "R": [[0.18946470415909544, -0.9382714799363241, 0.28939550068376524], [-0.5635094565772271, -0.345268701118404, -0.7504975791939963], [0.8040896829495732, -0.02088429951209536, -0.594141084093622]], "T": [0.07620779900625299, -0.029821616671696274, 0.059567377656581474], "aligned_model": [[-0.2616663026421705, 0.6708366963575263, 0.4531589598133361, -0.5521719122579402, 0.4984088583197118, 0.06690771333341372, -0.7419903524653129, 0.02081830521735506, 0.06384700967525314, -0.22131202847994355, 0.6964915127055469, 0.06746895882785514], [-0.042728891271040376, -0.2909153235150868, 0.6839525067690917, -0.1524897201604474, -0.4000246205693007, -0.64601126837177, 0.17037590354709642, -0.5948052726797702, 0.40835522341775216, 0.5520058314154754, 0.3398402214774353, 0.06218103320020571], [-0.6365040410825299, -0.42948926240354784, 0.13081173780632338, 0.547679845219503, 0.22797158883429602, -0.3069498063890915, -0.08689847486815534, 0.4916854037382549, 0.518509450129192, -0.2775917179840537, -0.3234136898890169, 0.02780492445561243]], "inverted": false, "swapped": false, "error_lsq": 0.05945655877345227, "error_max": 0.3771892948331665, "target": "1127.xyz", "model": "15.xyz", "model_rescale": 4.355366556412066, "target_rescale": 3.801257378165697},
{"mapping": [10, 7, 6, 2, 5, 9, 1, 0, 4, 8, 3, 11], "R": [[-0.8301582103244527, 0.518040701811158, 0.2060853636188287], [0.02357507472871634, 0.4019277898284701, -0.915367831866041], [-0.5570292287505544, -0.7550416432426785, -0.34587650294138017]], "T": [0.0444829957165015, -0.03417074775047398, -0.043438187960155195], "aligned_model": [[-0.04687647453097157, 0.6744087003432107, 0.24280489358639024, -0.5240083336844364, 0.45785648734455064, -0.027974596613594548, -0.46083758111110684, -0.09765390669432758, 0.29633469259244527, -0.5230823815530007, 0.6775464041042514, 0.09227951462122053], [0.2588901046251208, -0.286423586035467, 0.7628979146062697, 0.2400469370780773, -0.4801715855621096, -0.6876737920461626, -0.22447900393565523, -0.42384588695604336, 0.27242361395438797, 0.45607167166096774, 0.1393259208707977, 0.06267331499945733], [-0.5938967082777903, -0.6265532983864465, -0.005412731833677409, 0.5064233141185277, 0.17095745333777934, -0.3864180323271461, -0.09849402931396656, 0.5326385824833506, 0.6175461925574476, -0.20018010496845023, -0.05554751399082452, 0.022552834167982885]], "inverted": false, "swapped": false, "error_lsq": 0.05399725883310833, "error_max": 0.28138342395753085, "target": "1127.xyz", "model": "16.xyz", "model_rescale": 3.795458400668931, "target_rescale": 3.801257378165697},
{"mapping": [6, 1, 7, 11, 2, 5, 9, 10, 4, 8, 0, 12], "R": [[-0.6113792602210839, 0.24717886767253028, 0.7517433122733089], [-0.04417953322437363, 0.937822070332671, -0.3442933825112228], [-0.7901035179111636, -0.24370550213950545, -0.5624447165822921]], "T": [0.10693490973844824, 0.14655849977312915, -0.0001944521329644549], "aligned_model": [[-0.060709238514505576, 0.6006045512442364, 0.2741511443646166, -0.4879003922355468, 0.5340035407197681, -0.012484050315009071, -0.6247550409374715, -0.07390502110881456, 0.35124032780164616, -0.45675102856244254, 0.6071302293194385, 0.1101723966287153], [0.1125078018352576, -0.3687534220782718, 0.7579674811185356, 0.3455851974682735, -0.35623415144951387, -0.5115520670235331, -0.33879460150849894, -0.4573841014175667, 0.1544174656945244, 0.47386630402070995, 0.25040166841139455, 0.02770804818832978], [-0.6544970125392827, -0.45356022089721776, 0.17153926020557, 0.5115669242457941, 0.25740946637219575, -0.39415663036223875, -0.16453575001876572, 0.3759091465340777, 0.5962524338039865, -0.18134228279953765, -0.300247157611093, 0.11927778063329825]], "inverted": true, "swapped": false, "error_lsq": 0.053482307711566375, "error_max": 0.34424911841731964, "target": "1127.xyz", "model": "17.xyz", "model_rescale": 3.7474275329858107, "target_rescale": 3.801257378165697},
{"mapping": [11, 12, 8, 0, 9, 7, 1, 2, 4, 3, 5, 13], "R": [[-0.21218790633113366, -0.22324861394199735, 0.9513865401506307], [-0.6042051003496386, -0.7351994849369646, -0.3072749811811979], [0.76805760794246, -0.640032634887784, 0.021112488254760087]], "T": [0.07012820405637957, 0.010525715920559165, -0.051004275111222505], "aligned_model": [[-0.16091149953504175, 0.6390696057000756, 0.07671693925552747, -0.37595889775451863, 0.5507551680151664, 0.010728516631283574, -0.6090102023706537, -0.2566323058683251, 0.4698082934444491, -0.34485521152803633, 0.7361281732379398, 0.02495883917676442], [-0.015857729490784355, -0.26082493059154144, 0.6965976899756078, 0.19959471748700094, -0.38412326077330866, -0.6427575590885977, -0.09257088439829743, -0.4648856860285612, 0.3026662552169349, 0.48289626580190326, 0.2917741482870846, -0.02277340313779978], [-0.7348618852748218, -0.4533864708488961, 0.16374275328121973, 0.6304659010707522, 0.19592501145948216, -0.4212905451286357, -0.1326163620109006, 0.36257073847180527, 0.6154306830557194, -0.3064333449210683, -0.07473815409942586, 0.03880763251155636]], "inverted": false, "swapped": false, "error_lsq": 0.04852063953135572, "error_max": 0.3041681632714573, "target": "1127.xyz", "model": "18.xyz", "model_rescale": 3.922800546911778, "target_rescale": 3.801257378165697},
{"mapping": [8, 1, 4, 7, 2, 0, 12, 3, 10, 13, 6, 14], "R": [[-0.26418529297554316, 0.5353561584998741, 0.8022467915371704], [-0.24846940790843694, 0.7659436758612533, -0.5929529818980438], [-0.931916887017859, -0.3559832425331407, -0.06933142668757072]], "T": [0.04804008138244984, 0.01580109245124395, -0.053147856045230694], "aligned_model": [[-0.011671625714226135, 0.6190313277425377, 0.2613866938503421, -0.518443519626339, 0.5045369276768186, 0.07335979459167594, -0.7076987037066956, -0.261760527226175, 0.6122104002574033, -0.3958224712461917, 0.5960097529193294, -0.010340631113848038], [0.281914843240084, -0.2978524113710739, 0.7034427729420282, -0.007834292959537855, -0.3494907998066484, -0.8164895660315451, -0.15379955851142985, -0.487248919334758, 0.32749309919625336, 0.5392505408977543, 0.3472782946892127, 0.0030716203093016058], [-0.6008782985973264, -0.40467808242125985, 0.021009283142106504, 0.5096564770966299, 0.36073790785796267, -0.12451877170536418, -0.18992706671532084, 0.19203271441852796, 0.4317857388882491, -0.024855522892666466, -0.30931162277535335, 0.022563201270601636]], "inverted": true, "swapped": false, "error_lsq": 0.053955121331104035, "error_max": 0.28850977859290083, "target": "1127.xyz", "model": "19.xyz", "model_rescale": 3.9282355846067225, "target_rescale": 3.801257378165697},
{"mapping": [10, 2, 0, 8, 5, 7, 9, 6, 3, 11, 1, 13], "R": [[0.07202128331931168, -0.703474285958384, -0.7070621357026419], [-0.8559058528921195, -0.40755939741893016, 0.31830882576600383], [-0.5120918918847017, 0.5822536101827624, -0.6314607095418422]], "T": [-0.04705900523623169, -0.07463701440555959, 0.04511247537593295], "aligned_model": [[0.012996074140691427, 0.5390713059224543, 0.206700259563877, -0.6693985322127463, 0.5658214463452054, -0.045797284031089104, -0.7007435778523547, 0.0807909152618882, 0.4574607275300983, -0.36202968664796975, 0.6179810921556494, 0.05794467822892725], [0.20595330330292805, -0.28077421934070795, 0.6832507142388425, -0.0592250083926576, -0.3558124531118393, -0.6559161450258546, -0.03874721409363943, -0.4515254117565311, 0.2474312224657761, 0.5446376364734795, 0.23086740292091773, 0.019595795578926836], [-0.7672278535753919, -0.49588190670434723, 0.007570305817210007, 0.4822366709559672, 0.22679372643464002, -0.17896509321257448, -0.1781210951170189, 0.5632375450530379, 0.5012779707715592, -0.12997478274305252, -0.11578971902059919, -0.031539811092643755]], "inverted": false, "swapped": false, "error_lsq": 0.05053581289369433, "error_max": 0.27221742730489484, "target": "1127.xyz", "model": "20.xyz", "model_rescale": 4.067790424073018, "target_rescale": 3.801257378165697},
{"mapping": [6, 4, 13, 12, 8, 2, 3, 0, 1, 11, 5, 14], "R": [[-0.6398168909409002, 0.7525573696105335, -0.15585811339675232], [0.05034761811631988, 0.2434098839256188, 0.9686158917534494], [0.7668764329517066, 0.6118897236040098, -0.19362722621334816]], "T": [0.0785616412994794, 0.040097705537197485, 0.06849504103072943], "aligned_model": [[-0.029414756254297167, 0.5626496532808771, 0.22841281518044107, -0.5736267370106837, 0.5587204766588992, -0.07576995464749456, -0.690184238672725, -0.07921850544224593, 0.5850641504163395, -0.39912000078611, 0.619701191696761, 0.053583323984869626], [0.07413286810406144, -0.3440444180649222, 0.7183529540645378, 0.1430594295844297, -0.2300151104846535, -0.5688044820613182, -0.20950859976830982, -0.6082761478951183, 0.36396076970431895, 0.4462081999027259, 0.20518145955482553, 0.09948870061906362], [-0.6627638788982704, -0.441961735069491, -0.018900317019977478, 0.4571633693983347, 0.21564957263640117, -0.33043078662290093, -0.1969696101534059, 0.31175375310585407, 0.6269509705412206, -0.08938709589346128, -0.09997294409748708, 0.11248465963997023]], "inverted": false, "swapped": false, "error_lsq": 0.04592855212997948, "error_max": 0.2614824550040187, "target": "1127.xyz", "model": "21.xyz", "model_rescale": 4.186013935880536, "target_rescale": 3.801257378165697},
{"mapping": [11, 3, 10, 1, 6, 5, 8, 0, 7, 9, 4, 12], "R": [[-0.16998101511355473, -0.8357216300599413, 0.5221836952174213], [-0.685285060907749, 0.481038003155351, 0.5467968771097506], [-0.7081601794775167, -0.26489959715006683, -0.6544748762420938]], "T": [-0.022192871646176976, -0.012910253934655991, -0.012451966902645937], "aligned_model": [[0.029423845049814074, 0.6281357326062861, 0.1857218368905916, -0.31445980254969397, 0.4635515191854078, -0.07357782346848164, -0.6498319755787382, -0.017273024875203408, 0.3024959793177505, -0.4153371449608094, 0.6071587528275437, 0.014789523960164155], [0.1173905136405859, -0.51026053028018, 0.7934698071890599, 0.013718769393151708, -0.2197687827893653, -0.7383700971167968, 0.04891088650725829, -0.5256901786303009, 0.3508278932503312, 0.46758637217641397, 0.3132483537591984, -0.02132738383971549], [-0.6283443302573867, -0.4391299061573753, 0.04067150845475681, 0.6576183071352284, 0.16394186755001489, -0.27628217512607744, -0.44824484489953226, 0.4962925514395671, 0.5358138903445572, -0.009085530489995474, -0.17104971016515594, -0.03858567026181461]], "inverted": false, "swapped": false, "error_lsq": 0.05550835262995227, "error_max": 0.37630421301380723, "target": "1127.xyz", "model": "22.xyz", "model_rescale": 4.166573947596378, "target_rescale": 3.801257378165697},
{"mapping": [0, 4, 6, 14, 3, 8, 10, 9, 12, 5, 2, 15], "R": [[0.4201293194669287, -0.38326520131631936, -0.8225564663804039], [0.037286896854798246, 0.912959401115354, -0.40634322836493025], [0.9066978781530235, 0.14004612588377957, 0.3978517819210436]], "T": [0.06681196493911908, -0.002495269263025777, 0.05481360516189365], "aligned_model": [[0.0320965778026749, 0.4879987181452599, 0.32093399372374176, -0.4761229383696867, 0.5489640191171848, -0.008725918984881773, -0.6757346344307764, -0.020228931086669108, 0.12751591496606304, -0.33847026138837566, 0.6895667869801555, 0.07300409192994087], [0.03918951456034163, -0.2652798677253643, 0.7131518838363311, 0.07145279307543047, -0.3591068722093335, -0.6939495625617811, -0.10011739178815722, -0.49973501789947594, 0.3085460705604547, 0.5962267979006599, 0.23050330293485435, 0.0488539725756805], [-0.7599335847882038, -0.48685002394684634, 0.10358633026554959, 0.6255422079721011, 0.09705355440429735, -0.3578171360489244, 0.04883848491451065, 0.37981465297109973, 0.6283549468288718, -0.35547919823053475, -0.04861432224399587, 0.0091200454688617]], "inverted": false, "swapped": false, "error_lsq": 0.048167002942411385, "error_max": 0.2621859478004437, "target": "1127.xyz", "model": "23.xyz", "model_rescale": 4.274766983524099, "target_rescale": 3.801257378165697},
{"mapping": [0, 10, 2, 9, 8, 3, 6, 7, 5, 4, 11], "R": [[0.2796762631837081, -0.6984837055365829, -0.6587121533048269], [0.9557978356771701, 0.13772291916088286, 0.2597747001781396], [-0.09072863454518998, -0.702248467878492, 0.7061270453933033]], "T": [-0.014982550095141045, 0.06746244186334341, 0.03977988295711686], "aligned_model": [[0.30787071136063027, 0.09190882956142862, -0.4334360485815719, -0.38862673301809314, -0.532519817705712, -0.6247220729933076, 0.034341145131180306, 0.03293093351131238, 0.736013571837482, 0.24437035825900555, -0.08823617340427971], [-0.20017710859159296, 0.6251376993497473, 0.5059978392507855, -0.15073711468235954, 0.5900004816866234, -0.25020122065750905, -0.6893581713847514, -0.005796517106437499, -0.1280026389883787, 0.5677782214133756, 0.05094506095398066], [-0.5016017714016624, -0.25755209162164344, -0.47202475738460925, -0.43849262001549993, 0.09733152135434402, 0.5288642905171481, 0.12207395233160637, 0.6354065384963713, 0.26849490557497596, 0.3750810343879768, 0.021985431782569894]], "inverted": false, "swapped": true, "error_lsq": 0.036687062703664224, "error_max": 0.16315064261428547, "target": "1127.xyz", "model": "24.xyz", "model_rescale": 3.7841303162186577, "target_rescale": 3.801257378165697},
{"mapping": [2, 5, 14, 7, 3, 4, 1, 6, 13, 9, 12, 15], "R": [[0.09451270680601498, 0.03291292817799518, -0.9949794406976211], [0.5166830949061079, -0.8559248429274696, 0.02076638384102164], [-0.8509441389952965, -0.5160517439349825, -0.0979013273210173]], "T": [-0.14884690934499378, 0.1002527982957192, 0.07935762791017034], "aligned_model": [[0.0021342437141038673, 0.5035182592633365, 0.23660208268927463, -0.5385563161611248, 0.47076299174296277, -0.027225192359599595, -0.6677040448058706, -0.09292042695166224, 0.5365973218672241, -0.044876260822456465, 0.5122155910441767, -0.1297508308157337], [0.06794701151367076, -0.21062178094629241, 0.7920830732412352, 0.05119769108363655, -0.39452254481334115, -0.5580280289477049, -0.33512483435848456, -0.5370445481052821, 0.26083139117642223, 0.5762931775918155, 0.33525263780607134, 0.04147237801789423], [-0.6588524068960222, -0.4177494311942147, 0.1251714633656292, 0.5975523160300793, 0.22177538648765877, -0.25015542691405535, -0.2276765457072927, 0.41514144687764165, 0.42050381164580264, -0.244241460548922, -0.20864124784711893, 0.11078805226760105]], "inverted": true, "swapped": false, "error_lsq": 0.04911052688348456, "error_max": 0.2487189567751806, "target": "1127.xyz", "model": "25.xyz", "model_rescale": 4.19342608120988, "target_rescale": 3.801257378165697},
{"mapping": [10, 7, 6, 2, 5, 9, 1, 0, 4, 8, 3, 11], "R": [[-0.8301582103244527, 0.518040701811158, 0.2060853636188287], [0.02357507472871634, 0.4019277898284701, -0.915367831866041], [-0.5570292287505544, -0.7550416432426785, -0.34587650294138017]], "T": [0.0444829957165015, -0.03417074775047398, -0.043438187960155195], "aligned_model": [[-0.04687647453097157, 0.6744087003432107, 0.24280489358639024, -0.5240083336844364, 0.45785648734455064, -0.027974596613594548, -0.46083758111110684, -0.09765390669432758, 0.29633469259244527, -0.5230823815530007, 0.6775464041042514, 0.09227951462122053], [0.2588901046251208, -0.286423586035467, 0.7628979146062697, 0.2400469370780773, -0.4801715855621096, -0.6876737920461626, -0.22447900393565523, -0.42384588695604336, 0.27242361395438797, 0.45607167166096774, 0.1393259208707977, 0.06267331499945733], [-0.5938967082777903, -0.6265532983864465, -0.005412731833677409, 0.5064233141185277, 0.17095745333777934, -0.3864180323271461, -0.09849402931396656, 0.5326385824833506, 0.6175461925574476, -0.20018010496845023, -0.05554751399082452, 0.022552834167982885]], "inverted": false, "swapped": false, "error_lsq": 0.05399725883310833, "error_max": 0.28138342395753085, "target": "1127.xyz", "model": "26.xyz", "model_rescale": 3.795458400668931, "target_rescale": 3.801257378165697},
{"mapping": [9, 4, 8, 6, 10, 3, 0, 7, 5, 1, 11, 12], "R": [[0.3775357246890039, -0.9115262936375859, -0.16305395607244372], [-0.45344208149741927, -0.02845446974230309, -0.8908314216949088], [0.8073766502140354, 0.4102562116032005, -0.4240669587814565]], "T": [0.04530622655197041, 0.1021708851460144, -0.15154566074527098], "aligned_model": [[0.015702978340680324, 0.6782714000901308, 0.19656351077506176, -0.3595105424904146, 0.5443962542885593, -0.11565739950337986, -0.6789030827184794, -0.032231372798351816, 0.1626432891470051, -0.3774082925569739, 0.7169502430900675, 0.009980432740725874], [0.08839903869058947, -0.34737607985655855, 0.7120117224204796, 0.4189199070528737, -0.3004794129901345, -0.595251002251771, -0.30340264554210983, -0.5179059428897365, 0.09885362410676334, 0.5156970703931876, 0.31928724002101966, 0.0009821041050377816], [-0.5796908161026069, -0.4615872676004915, 0.2171915048185037, 0.4941945349209106, 0.15904781976260013, -0.33257046819850755, -0.1035437892806993, 0.3677815450215046, 0.5921488177880855, -0.17726919084212478, -0.2669986608262448, -0.025088071894142666]], "inverted": true, "swapped": false, "error_lsq": 0.06161253565587618, "error_max": 0.445938273013087, "target": "1127.xyz", "model": "27.xyz", "model_rescale": 3.6321398670334006, "target_rescale": 3.801257378165697},
{"mapping": [6, 7, 10, 2, 3, 4, 13, 1, 0, 9, 8, 14], "R": [[-0.07027571691126797, 0.5700579493546385, 0.8185934631978148], [-0.1768988807726894, 0.8004936449541418, -0.5726401229126393], [-0.9817169192766199, -0.18505096261737544, 0.04458734843434366]], "T": [0.11948316228092584, 0.07896857742103952, -0.011931159655043476], "aligned_model": [[-0.2991068474076446, 0.6780067202614998, 0.2591674262592537, -0.38162385158430023, 0.5934695743942009, -0.009074351888475524, -0.6898566927896387, -0.12917179695657813, 0.30734297018803536, -0.20834255654267766, 0.5763130742804258, 0.06367375019053047], [-0.1073629023220766, -0.3189739489895963, 0.8233999047276017, -0.08719954207110966, -0.2978338381974467, -0.6749548712048679, 0.0819036265776335, -0.48945673992780897, 0.2800695302764609, 0.5601996536588871, 0.2704474649306966, 0.049497285801267256], [-0.6396017903097122, -0.3732904889361589, 0.16408570975817352, 0.5836555934313012, 0.3119776248481114, -0.33058402959604094, -0.11887841953044202, 0.23772974234957717, 0.5481391873136137, -0.3398322279073133, -0.15914489181056066, -0.0006400520437623066]], "inverted": false, "swapped": false, "error_lsq": 0.05037618336111724, "error_max": 0.29104609813258897, "target": "1127.xyz", "model": "28.xyz", "model_rescale": 4.156811204709835, "target_rescale": 3.801257378165697},
{"mapping": [10, 4, 8, 3, 5, 1, 2, 0, 6, 11], "R": [[-0.635484059837773, -0.2981908825083782, 0.7122093844375939], [-0.561113869101396, 0.811989658720594, -0.16069853774342358], [-0.5303878162195688, -0.5017519224872863, -0.6833255246850868]], "T": [-0.03956546699825492, 0.051705235871745484, 0.012534851725356736], "aligned_model": [[-0.5738373799868014, -0.1270130794730018, -0.01043528477330724, 0.7516611791066073, -0.10225249831774663, -0.7073009039979369, -0.45334933100692804, -0.47397660839812394, 0.35291275546253825, -0.013483474504711691], [-0.08623583249799015, -0.5540702212179808, 0.0916271130833466, 0.267288359464317, -0.46618470322766503, -0.5209224315976354, 0.429813076953093, 0.3194631287509333, 0.3219875747868364, 0.11595426612894907], [-0.31359326361107254, -0.2228280237447799, -0.7235090964963644, -0.1859099952833611, 0.6308977562120786, 0.06646762630838912, -0.5488722994861974, 0.46920970772813475, 0.6082620406019588, -0.021337725253686237]], "inverted": false, "swapped": true, "error_lsq": 0.05585439214300214, "error_max": 0.3048289354065243, "target": "1127.xyz", "model": "29.xyz", "model_rescale": 4.117894457231895, "target_rescale": 3.801257378165697},
