[{"mapping": [11, 6, 9, 10, 12, 1, 3, 4, 7, 8, 13, 0, 5, 14], "R": [[-0.11272433183318697, 0.9870789068184183, 0.11387913209591288], [0.9272127373453333, 0.0632991520754358, 0.36914733786268217], [0.35716909821166765, 0.14720206880573275, -0.9223674897902553]], "T": [-0.05404254737718393, 0.08543124306494448, 0.09141897213046155], "aligned_model": [[0.20214454855899966, 0.09795606017553475, -0.4229209162871802, -0.37211495529750577, -0.67449810081615, -0.272609563697903, -0.7744779212599804, -0.016692341058779564, -0.29138311519944016, 0.1592768022426893, 0.5981676390418346, 0.4108851362250892, 0.7053587771531094, 0.022400051347986047], [-0.5294934514880072, -0.2830991504688617, -0.35288547553248706, -0.4170823974956586, 0.3476982255757635, 0.2760816825477118, 0.07784605175910575, 0.5104454413816784, 0.6482312734277516, -0.09123764621765462, 0.49525781652407214, 0.6325404377590138, -0.20464602325350095, 0.1256165472911077], [0.2660509975601453, -0.5555519023258367, 0.4151613774019911, -0.2900857018431249, 0.49760530399138414, -0.5691100031031708, -0.12020227503709324, 0.6515170323461483, 0.03329266327113273, 0.7568957066429931, 0.563468445371918, -0.01368599929308692, 0.16974938340727558, 0.09248305878915793]], "inverted": true, "swapped": true, "error_lsq": 0.045345731732433926, "error_max": 0.2972154117112417, "target": "1129.xyz", "model": "0.xyz", "model_rescale": 3.8414455957264533, "target_rescale": 4.2293154545578435},
{"mapping": [1, 5, 3, 6, 12, 0, 4, 10, 13, 9, 2, 7, 8, 11, 14], "R": [[-0.36998249582797493, -0.6473199697951256, 0.6664006373686482], [0.9232069845003391, -0.33641664807117033, 0.18577594750222412], [0.10393178797025154, 0.6839595716158934, 0.7220785884128615]], "T": [0.036098645044327, -0.020541001918965233, 0.02593212263544602], "aligned_model": [[-0.24026986437988143, -0.009258139366661644, -0.004086325937735141, 0.05617881846397597, -0.7017187120975922, 0.3477365100055104, 0.4220026594914429, -0.5087816223195105, -0.10075915623259071, 0.32625917238506175, 0.5726961332511002, 0.6213348666913764, -0.44697518025071514, -0.5073144477548117, -0.01919585525615196], [-0.707408379149868, 0.3059978771873879, -0.28690598824962016, 0.7453524557093318, -0.10351673653486623, -0.6546637289925972, -0.23226020653256577, 0.2671374819574138, -0.2504158676388334, 0.2962147576860928, 0.36831401696184, -0.10233258663623046, 0.3668767026535176, -0.6450466987834678, -0.06542856091905441], [-0.42165199712677703, -0.5447147975545742, -0.7094669147614607, -0.12582812242646496, 0.20208580222272632, 0.18806656573222363, -0.2935523134167276, -0.2719401395214909, 0.7353505386490495, 0.5560097934760605, -0.29881337396122915, 0.2784468819602148, 0.5166964234960268, 0.22831850381814942, -0.02876362080883225]], "inverted": false, "swapped": false, "error_lsq": 0.04680273458751842, "error_max": 0.3202142690482686, "target": "1129.xyz", "model": "1.xyz", "model_rescale": 4.316132596720782, "target_rescale": 4.2293154545578435},
{"mapping": [6, 11, 10, 0, 1, 2, 7, 13, 9, 5, 8, 14], "R": [[0.41131602250854404, 0.100264914308268, 0.9059614100978619], [-0.8758924736438354, -0.23158958032517132, 0.4232949809516929], [0.2522528577476057, -0.9676327884293539, -0.007435221220616406]], "T": [-0.003468271128498561, 0.04868737435126059, -0.21183833811887431], "aligned_model": [[-0.19704177458136576, 0.518391942782934, 0.15185393910476574, -0.5418275610274663, -0.5522714213282864, -0.511250064128089, -0.41210179289729965, -0.08288221932907155, 0.5887167825865313, 0.14050969147328427, 0.5393900459244447, -0.04367901394860064], [-0.6630691382706166, -0.21395666874984964, -0.5955497855368187, 0.3760103166646802, -0.328373146027986, -0.10925972509046597, 0.3638260495982974, 0.7248239249252986, -0.03662690013395677, -0.026051392492735102, 0.43834287391552207, 0.08266001893961082], [-0.0290228421886308, 0.15277183200909328, -0.4569287800397902, 0.1481092182435465, -0.48943178927294434, 0.2675845516649085, -0.5437409553766277, 0.38204670343256497, -0.48577314523236, 0.5885711248934136, 0.05843886181820335, -0.14336631874195577]], "inverted": false, "swapped": true, "error_lsq": 0.04828819562892204, "error_max": 0.2932690326665908, "target": "1129.xyz", "model": "2.xyz", "model_rescale": 3.795458400668931, "target_rescale": 4.2293154545578435},
{"mapping": [5, 0, 4, 3, 11, 9, 7, 6, 1, 10, 8, 14], "R": [[-0.828283214738679, -0.30994118153377603, 0.46677979837564343], [-0.4085886939630349, -0.23594721633467713, -0.8816939323084279], [0.3834086531988302, -0.9210132328546448, 0.06879265628608355]], "T": [0.001511992915922085, -0.014746068964718664, 0.08064513056613984], "aligned_model": [[-0.0015317650374951433, -0.32809981400123694, -0.6983524553225634, 0.284397789315989, 0.20422122508497723, 0.0800830993320931, -0.2620719718860318, 0.7035033829114457, 0.4289772083354042, 0.6559379092320226, -0.43753926157228473, -0.036221520648754606], [0.025308839341769033, -0.6082955320651456, 0.02313603090229552, 0.0637855894935039, 0.4644234418743434, 0.6112689185809995, -0.38813903639063235, -0.20259844489909057, -0.5069268551692339, 0.19672501331534628, 0.4720155875545433, -0.064934507248989], [-0.7350491659212273, -0.1754571312561908, 0.147702153626549, 0.7717866646504712, -0.3705378694201359, 0.26755087800957067, 0.4899790681627314, -0.14163647748738026, 0.3895937041491676, 0.2426406036711783, -0.21914381388480428, 0.021342816339170498]], "inverted": true, "swapped": true, "error_lsq": 0.042511072304338704, "error_max": 0.1889641331172768, "target": "1129.xyz", "model": "3.xyz", "model_rescale": 3.7530521520055578, "target_rescale": 4.2293154545578435},
{"mapping": [11, 6, 10, 1, 9, 2, 8, 5, 13, 7, 14], "R": [[-0.36562017180189577, 0.9129734075872631, -0.18111169760690077], [-0.4557901938508248, -0.3452765173033637, -0.8203898011240068], [-0.8115276884746323, -0.21740212427058114, 0.5423643860004629]], "T": [0.09056164125505714, -0.05545748416283156, 0.08695609856999148], "aligned_model": [[-0.38945909366903186, -0.06728330594780946, 0.27401998480917766, 0.4712444304342319, 0.2227015811664265, -0.26842178560132113, -0.2812627587404197, -0.7237803905138257, -0.4486256186492438, 0.5151614639334865, 0.03390509522353415], [-0.5117550008161946, 0.07868650198431812, -0.3455831366402203, 0.3620583964251619, -0.7000659768581524, 0.5218642127731848, -0.4672209106498425, -0.024030568357592492, 0.24415714753543397, 0.30583003522279495, 0.003262657695454599], [-0.10181154362495903, -0.6441936150140133, -0.5306246442064837, -0.36157345597586305, 0.08238781136353523, -0.13769140366837423, 0.5471449964323094, 0.03375600720316197, 0.7470127809834957, 0.34315798382809076, 0.11526585992441706]], "inverted": false, "swapped": true, "error_lsq": 0.04578135682973823, "error_max": 0.2123123901034452, "target": "1129.xyz", "model": "4.xyz", "model_rescale": 3.7855080009869324, "target_rescale": 4.2293154545578435},
{"mapping": [8, 7, 10, 4, 13, 9, 5, 6, 14, 1, 0, 2, 11, 15, 16], "R": [[0.06095407343759429, 0.4109286556828529, 0.9096275286456804], [0.9456247289705125, 0.2679331483384808, -0.18440634474137477], [-0.3194972189093507, 0.8714066031194126, -0.37225268185612514]], "T": [-0.02072720571114076, -0.06284077978572145, 0.04313614104002724], "aligned_model": [[-0.5632828253976769, -0.09004989346960388, 0.06541465544406513, 0.10748764009862163, -0.6986699968288298, 0.3331002711690848, 0.5419282706800341, -0.4612686575462548, 0.0036060178742214725, 0.25229000997983964, 0.6201814361663884, 0.5504325113243553, -0.48140667178426555, -0.3666893028469547, -0.00522460817020814], [-0.36368155942472097, 0.1521437707948443, -0.5305213816437645, 0.6023743664969359, -0.10310392619287903, -0.6764298607343026, 0.05121395571090295, 0.36305070261391953, -0.4744501421415452, 0.5405657237602207, 0.3802411756253962, -0.19889914280414933, 0.46985901332400004, -0.8108553323544453, -0.09959282431193198], [-0.2891861405126517, -0.6712485451406911, -0.5089677517887596, -0.253596982044454, 0.29540601615069473, 0.11544503118703067, -0.5274018303668886, -0.18184550821477058, 0.579497050860874, 0.40983237827757457, 0.005875211418305319, 0.4915225670916748, 0.41251614626470173, 0.05326348899779564, 0.07913209759645823]], "inverted": true, "swapped": false, "error_lsq": 0.04144908313156442, "error_max": 0.2268927174003335, "target": "1129.xyz", "model": "5.xyz", "model_rescale": 4.2253639853439635, "target_rescale": 4.2293154545578435},
{"mapping": [8, 9, 7, 4, 12, 1, 0, 13, 10, 11, 3, 2, 5, 14], "R": [[-0.09408310302128386, 0.8596420754516839, -0.5021592096526838], [-0.9844845996751314, -0.005291812152426009, 0.17539119056166882], [0.14811631486228205, 0.5108693559387419, 0.846802254622856]], "T": [-0.02647069975868016, 0.021728394184204483, 0.030616021199255713], "aligned_model": [[0.5532294773209141, -0.04662024117304142, -0.3719298358525503, 0.222225847775573, -0.35538676412363396, -0.6106784054227259, 0.16855555491320282, 0.6696644681209172, -0.3840659267642127, 0.4102659625397937, -0.7202574050106194, 0.12301545392419011, 0.689387502024954, 0.026656464485022444], [-0.14373904603181747, 0.18076376869791738, -0.45571264612767315, -0.6221568730050215, -0.4876437308972278, 0.17212984612069443, -0.3299518135257213, -0.48669500800562415, 0.604242142284398, 0.48585724951250114, 0.04639856675882434, 0.1618738900802309, 0.3230346420792527, -0.0033018413057427677], [-0.36453528711478683, -0.6075874631666545, 0.20138231004856677, -0.10832185585887516, -0.4704734527391922, 0.4262148302465704, 0.6346185612686452, 0.3009271843362625, -0.14837900328612222, -0.23035532944476317, -0.2555999907957744, 0.7166547027688337, 0.28306883933058574, 0.09394416333815234]], "inverted": true, "swapped": true, "error_lsq": 0.0407022419410598, "error_max": 0.2389888719495246, "target": "1129.xyz", "model": "6.xyz", "model_rescale": 3.89814844738969, "target_rescale": 4.2293154545578435},
{"mapping": [7, 4, 0, 3, 2, 8, 9, 1, 10, 11, 5, 6, 14], "R": [[0.3947457981512585, 0.4850622050660458, 0.7803143033793445], [-0.1605249706059746, 0.8726321446950767, -0.46124274938130155], [-0.9046587691797816, 0.05681370663261194, 0.42233246866039875]], "T": [-0.09435131048575085, 0.051210346540915684, -0.10213722159621143], "aligned_model": [[0.19635952112209432, -0.06793701678203773, 0.5768470146399253, -0.36908282487438443, 0.5316411399229781, -0.44135390516948825, -0.7517272141537154, 0.2569698310589953, -0.4113052095792086, -0.4700041389274515, 0.0645599880592504, 0.06104654779540217, -0.027381932208137436], [-0.322421875587109, 0.24806645102712607, 0.23911485543090005, -0.6476162167012554, 0.23196325117478842, 0.6046724926904162, 0.022589681840575325, -0.507823719559577, -0.26865114932280826, 0.5120327916633272, 0.7946170933381541, -0.047109766037222826, 0.10434737551317076], [-0.49244384729673296, -0.7776310431481682, -0.3039241904614342, -0.09645876842602383, 0.19467548411272573, -0.40684228818093077, -0.10843965378961644, 0.18850349520780596, 0.4423484818034925, 0.24540871631140115, 0.1962994609262778, 0.6352054403698163, -0.11442625659231712]], "inverted": true, "swapped": true, "error_lsq": 0.04261379999534906, "error_max": 0.23682596271377696, "target": "1129.xyz", "model": "7.xyz", "model_rescale": 3.7474275329858107, "target_rescale": 4.2293154545578435},
{"mapping": [1, 10, 0, 11, 4, 3, 6, 12, 8, 9, 7, 5, 13, 2, 14], "R": [[0.759263467791359, 0.5546597440109264, -0.34039911111983523], [0.03201514689666335, -0.5542620144405066, -0.831726306976963], [-0.649995397558033, 0.620601472542634, -0.43858841233129864]], "T": [-0.0646701928319775, -0.020520354425596018, -0.038321622485251575], "aligned_model": [[-0.5391633502082965, 0.2225065368289657, 0.0628403620006949, 0.013002832517815643, -0.4944306393713172, 0.3055379031185931, 0.6332878563489933, -0.4668916001811611, 0.04549417712477401, 0.32411469818146454, 0.5258074623571308, 0.5813321357192671, -0.8233464864987212, -0.46451770205451803, -0.11772532919086778], [-0.4890883454722806, 0.33711663884304666, -0.39848034677707517, 0.59543358726787, -0.13757086389545806, -0.6323677393008965, -0.2503039184965476, 0.3526170579999377, -0.2665739550092732, 0.4017514476965191, 0.31522807173980644, -0.15225044621334424, 0.36247376558275196, -0.6981980564311493, -0.037872358815426235], [-0.38487912336985025, -0.6423817740225574, -0.5628218991438017, -0.005954997156684086, 0.6049753405642244, 0.013863435706931562, -0.3946812353261138, -0.32050778394214324, 0.588201923032684, 0.462550889977357, -0.08818909659258121, 0.24158843172118294, 0.2546589471088649, 0.2607843744837983, -0.016964203264417152]], "inverted": true, "swapped": false, "error_lsq": 0.04797875556676759, "error_max": 0.4150519264418298, "target": "1129.xyz", "model": "8.xyz", "model_rescale": 4.019505241142653, "target_rescale": 4.2293154545578435},
{"mapping": [1, 0, 7, 3, 10, 9, 4, 6, 11, 5, 13, 8, 14], "R": [[0.18970432563680775, 0.6126417076529068, 0.7672564153389758], [-0.7333003329268076, -0.4312389183618004, 0.5256459045969806], [0.6529034312699831, -0.6623466866636198, 0.36744247999055274]], "T": [0.04572455837562481, -0.09273125369982908, -0.041181751020776466], "aligned_model": [[-0.26573344875196425, -0.5963009805707582, -0.10726436881292276, 0.4163691729133223, 0.29953204083063123, 0.6893565422232543, 0.11697178774277209, -0.22840424677971224, 0.2760754868383445, -0.2761241611596268, -0.3362676018074231, 0.3564608015766231, -0.02497025250136381], [-0.5919598123333547, 0.2345183340278582, 0.08178970168820983, -0.472074113463763, -0.7497795605971207, -0.1598079153248415, 0.589762154797097, -0.7630118337487498, -0.1942688668300801, 0.03689347993385138, 0.6847236356639873, 0.4161953486420686, -0.04960232434110352], [-0.45853341791850155, -0.12629456785337045, -0.6091517426403347, -0.5727734926626725, 0.014541818020064115, 0.07815195191482842, -0.19887932045661688, 0.18918075079817065, 0.5998245791173153, 0.698129871793215, 0.21535779238823105, 0.3638034661540207, -0.016654194610470564]], "inverted": false, "swapped": true, "error_lsq": 0.043554888601465794, "error_max": 0.23320588604906872, "target": "1129.xyz", "model": "9.xyz", "model_rescale": 3.877068213659057, "target_rescale": 4.2293154545578435},
{"mapping": [13, 5, 6, 1, 2, 10, 12, 4, 9, 8, 0, 11, 7, 14, 15], "R": [[0.545760484596201, 0.6046546723011679, -0.58011914355388], [-0.29959531259653316, -0.5057472355025754, -0.8089884933988173], [-0.7825523254859739, 0.6153149283463467, -0.09486515077005175]], "T": [-0.06048130334942971, -0.0946857080277434, -0.069346350087751], "aligned_model": [[-0.6278155319708497, 0.1534735738850425, 0.0581355711207439, 0.017563873015740125, -0.6011762727983828, 0.2929516630302644, 0.5547476928698497, -0.5875181648506075, -0.09169745183333, 0.13347351480640907, 0.5954261764716676, 0.6188950424578813, -0.4430123096738403, -0.2813592587049458, 0.015760738867174315], [-0.5898768286273479, 0.4522704031470471, -0.5409217013556669, 0.7680582117110637, -0.13442616508048694, -0.677566287691258, -0.11174893511087411, 0.2827431266060464, -0.32293046490613825, 0.2630826984576571, 0.35638243745014836, -0.162522312770288, 0.5350407748049335, -0.7688170809574351, -0.04685333695892078], [-0.2441494481081166, -0.5851542263349655, -0.47813486567303065, -0.11923111332546674, 0.3133088524580129, 0.12698537833904544, -0.49289958665436884, -0.2639492821081567, 0.5491802757991275, 0.5861734677996494, -0.05991546022187082, 0.21083439885516395, 0.2819386559065673, 0.2566618821832781, -0.07140569913797434]], "inverted": false, "swapped": false, "error_lsq": 0.03516971659621807, "error_max": 0.26153367540070904, "target": "1129.xyz", "model": "10.xyz", "model_rescale": 4.260839863003843, "target_rescale": 4.2293154545578435},
{"mapping": [5, 11, 9, 8, 12, 4, 0, 2, 10, 3, 7, 14], "R": [[0.43817156585471057, -0.44172763682169697, -0.7828680436346539], [-0.8903921733139523, -0.09380564829079002, -0.4454237062056773], [0.12331851676730446, 0.8922315816068516, -0.4344137983600987]], "T": [0.06151814155289065, 0.021936653043176907, 0.013947427170019656], "aligned_model": [[0.4600270018420628, 0.1215661656825256, -0.37466156808508155, -0.3415473387238346, -0.6488615927034744, -0.410664609106004, 0.36528979401242584, 0.7101380421355792, 0.23403203272349035, -0.1795725153083434, -0.0778309379447977, 0.10098417456958196], [-0.24053879450446916, -0.5932918099128562, -0.456027555750285, -0.19743734432817658, 0.2243978378340809, 0.4025763844873739, 0.5951020014162985, 0.2581796921771865, -0.46205688841263337, 0.00016142643534013124, 0.5768553717758201, 0.06515818431525436], [-0.6488256661052195, -0.2896126584272363, 0.13352760042331754, -0.5419208966501651, 0.2843295676862437, -0.34368197397942174, -0.3112256705838304, -0.17609834047924136, 0.4989474695160347, 0.7247704360842908, 0.23553293377062295, -0.04956472385989056]], "inverted": false, "swapped": true, "error_lsq": 0.047831437744006076, "error_max": 0.3069307314693053, "target": "1129.xyz", "model": "11.xyz", "model_rescale": 3.890672605050136, "target_rescale": 4.2293154545578435},
{"mapping": [6, 10, 11, 2, 5, 7, 3, 0, 1, 12, 8, 9, 4, 14], "R": [[0.5093444127423716, -0.8374111185453461, -0.19826973481790194], [0.30696251033584765, -0.03844460009504114, 0.9509448091092602], [-0.8039541569371, -0.5452198008694887, 0.23747227687330538]], "T": [0.07575950972328985, 0.0026210406671049284, 0.11800519691725897], "aligned_model": [[0.49736093032444795, 0.053451128448973595, 0.47864438589198655, 0.6070971366669894, 0.8456900035509968, -0.32014021422529404, -0.52363838257141, 0.3333027198415447, -0.028830749429805902, -0.6756062485894032, 0.16955864539183257, -0.18516461577084029, -0.1727461015926737, 0.13089719685634912], [-0.2696497032694583, 0.03723656685686583, 0.5178651449238467, -0.46794772139367724, 0.21972259139240027, -0.39021457806163934, -0.13043878301129458, -0.44170095141169824, -0.6209741622884944, 0.17276367404788393, 0.6213756670619865, 0.5436576937070406, 0.1651919512668704, -0.024734869992866993], [-0.4526176419125677, -0.5873599095098456, -0.09755881210124923, 0.21224589480828687, 0.28245822002974585, 0.3737329277710271, -0.31429731910235287, 0.6306285861550325, -0.22928079238055243, 0.27686797305018773, 0.4756653149103336, -0.15069516152162038, 0.7564075809286759, 0.1785935742317602]], "inverted": false, "swapped": true, "error_lsq": 0.04285003454853835, "error_max": 0.24272691457164847, "target": "1129.xyz", "model": "12.xyz", "model_rescale": 4.124412569039231, "target_rescale": 4.2293154545578435},
{"mapping": [2, 10, 3, 5, 1, 0, 11, 13, 9, 8, 7, 12, 14], "R": [[-0.7041714465689293, 0.6298680939381283, -0.32773275404782376], [0.4467059366940185, 0.7517839662078829, 0.48505120788950185], [0.5519025094700528, 0.1951590438373134, -0.8107506198882393]], "T": [0.12332998581257665, 0.13539521310805872, 0.020535594590136735], "aligned_model": [[-0.039556076278626756, 0.02034818491782625, 0.6263438964831098, -0.6049144102242021, 0.5031399476056806, 0.2313941895990085, -0.5231548822904302, -0.07651188238649037, -7.935758290944506e-06, -0.24344380263998028, 0.7023253071633031, 0.6694027697960641, 0.10193300152278581], [-0.4589107416394026, 0.6274124514988062, 0.6408917703631591, -0.23207152094158742, 0.059445449510155346, -0.5811126679649813, 0.3690418876287884, -0.5307672156659837, 0.7491794384670738, 0.20718153414839546, -0.05828297748515218, 0.5027453351890053, 0.05273263340020071], [0.3850962969439371, 0.5170732242862269, 0.25573434372949744, -0.01945370987812005, 0.6291353679664091, -0.01782924786673276, -0.021022788441111884, -0.5560556809023846, -0.18209368173914123, -0.595824720287215, -0.04034349405848239, -0.4102715577400593, 0.007553728955015923]], "inverted": false, "swapped": true, "error_lsq": 0.04453364206669396, "error_max": 0.2754343806723539, "target": "1129.xyz", "model": "13.xyz", "model_rescale": 3.9028299243045295, "target_rescale": 4.2293154545578435},
{"mapping": [5, 10, 13, 7, 0, 12, 14, 4, 2, 6, 9, 1, 3, 8, 15], "R": [[0.21666585046573356, -0.9691050582552481, -0.11786133931893372], [0.881053229214428, 0.24610780232966706, -0.40395068625178754], [0.4204772485316999, -0.01631979462352373, 0.9071562973218326]], "T": [-0.004630611096479954, -0.0870712902633157, 0.05848769409967057], "aligned_model": [[-0.28788581440917627, -0.049000447832720964, 0.09256078072746073, 0.044210658452069174, -0.7727703933245036, 0.2706304653979966, 0.6049608761347341, -0.5662062569588392, -0.1482099805028476, 0.2829997966821083, 0.5495146240618362, 0.47480515089123226, -0.31733121108175977, -0.42378175640349786, 0.053352364858724986], [-0.3740652922068457, 0.2180654875487383, -0.5102258387644658, 0.7642084118604375, -0.1049307929073674, -0.7162140076508723, -0.06317465208958156, 0.18679396260231088, -0.35397576204201164, 0.35347585104738366, 0.437879173295459, -0.17205033909121487, 0.34965119994701765, -0.7210449756522656, 0.007522112821758367], [-0.2569528966616846, -0.6199483503904867, -0.6079546614220557, -0.24739685107734566, 0.36970903393471544, -0.05398928081603874, -0.5825098270828866, -0.20417918833857862, 0.7295292257362671, 0.4678716545247594, -0.07640309737411453, 0.48874188307448274, 0.37500190634215796, 0.19595348322478967, 0.03277019610291364]], "inverted": true, "swapped": false, "error_lsq": 0.035493681740589936, "error_max": 0.2351343756601624, "target": "1129.xyz", "model": "14.xyz", "model_rescale": 3.942246331269136, "target_rescale": 4.2293154545578435},
{"mapping": [10, 5, 4, 2, 6, 13, 3, 9, 8, 0, 1, 12, 7, 11, 14], "R": [[0.3505169418214352, 0.9307750348819187, 0.10390239620293445], [0.3098094414649833, -0.21992912464648456, 0.9250131296967552], [0.8838302911053139, -0.2920428300314767, -0.3654517778748686]], "T": [-0.034779765817316885, -0.10558607928154651, -0.047274646123803075], "aligned_model": [[-0.5017434834094208, 0.12505199399415945, 0.038446902885173245, -0.055642192114504274, -0.531581121619751, 0.3694558392571785, 0.4978724262257782, -0.694099108661286, -0.16527317526720975, 0.1490273275214125, 0.6697812464243886, 0.7445750165182338, -0.521505814447225, -0.3362357242774116, 0.019718723663300637], [-0.396178533822921, 0.38420669179434186, -0.5742057609063862, 0.6547066177373995, -0.1453551858473697, -0.7740868683191232, -0.131234009156107, 0.27634425260573303, -0.14177287678992034, 0.41446872168602067, 0.2806018443677104, -0.25626401435246415, 0.44569896146810917, -0.6976326822831584, -0.03738261946338409], [-0.501698927890681, -0.4178639176178428, -0.3917995739696329, 0.01728302319702877, 0.2064894576699374, 0.1777367250366563, -0.5291166913061242, -0.3072545143225366, 0.714632770865966, 0.4390127578845767, -0.152603196085518, 0.1476061925859559, 0.3888011105513481, 0.2223846753166159, -0.0033666621388552045]], "inverted": true, "swapped": false, "error_lsq": 0.045769980205485984, "error_max": 0.29689061310827236, "target": "1129.xyz", "model": "15.xyz", "model_rescale": 4.355366556412066, "target_rescale": 4.2293154545578435},
{"mapping": [6, 11, 10, 0, 1, 2, 7, 13, 9, 5, 8, 14], "R": [[0.41131602250854404, 0.100264914308268, 0.9059614100978619], [-0.8758924736438354, -0.23158958032517132, 0.4232949809516929], [0.2522528577476057, -0.9676327884293539, -0.007435221220616406]], "T": [-0.003468271128498561, 0.04868737435126059, -0.21183833811887431], "aligned_model": [[-0.19704177458136576, 0.518391942782934, 0.15185393910476574, -0.5418275610274663, -0.5522714213282864, -0.511250064128089, -0.41210179289729965, -0.08288221932907155, 0.5887167825865313, 0.14050969147328427, 0.5393900459244447, -0.04367901394860064], [-0.6630691382706166, -0.21395666874984964, -0.5955497855368187, 0.3760103166646802, -0.328373146027986, -0.10925972509046597, 0.3638260495982974, 0.7248239249252986, -0.03662690013395677, -0.026051392492735102, 0.43834287391552207, 0.08266001893961082], [-0.0290228421886308, 0.15277183200909328, -0.4569287800397902, 0.1481092182435465, -0.48943178927294434, 0.2675845516649085, -0.5437409553766277, 0.38204670343256497, -0.48577314523236, 0.5885711248934136, 0.05843886181820335, -0.14336631874195577]], "inverted": false, "swapped": true, "error_lsq": 0.04828819562892204, "error_max": 0.2932690326665908, "target": "1129.xyz", "model": "16.xyz", "model_rescale": 3.795458400668931, "target_rescale": 4.2293154545578435},
{"mapping": [7, 4, 0, 3, 2, 8, 9, 1, 10, 11, 5, 6, 14], "R": [[0.3947457981512585, 0.4850622050660458, 0.7803143033793445], [-0.1605249706059746, 0.8726321446950767, -0.46124274938130155], [-0.9046587691797816, 0.05681370663261194, 0.42233246866039875]], "T": [-0.09435131048575085, 0.051210346540915684, -0.10213722159621143], "aligned_model": [[0.19635952112209432, -0.06793701678203773, 0.5768470146399253, -0.36908282487438443, 0.5316411399229781, -0.44135390516948825, -0.7517272141537154, 0.2569698310589953, -0.4113052095792086, -0.4700041389274515, 0.0645599880592504, 0.06104654779540217, -0.027381932208137436], [-0.322421875587109, 0.24806645102712607, 0.23911485543090005, -0.6476162167012554, 0.23196325117478842, 0.6046724926904162, 0.022589681840575325, -0.507823719559577, -0.26865114932280826, 0.5120327916633272, 0.7946170933381541, -0.047109766037222826, 0.10434737551317076], [-0.49244384729673296, -0.7776310431481682, -0.3039241904614342, -0.09645876842602383, 0.19467548411272573, -0.40684228818093077, -0.10843965378961644, 0.18850349520780596, 0.4423484818034925, 0.24540871631140115, 0.1962994609262778, 0.6352054403698163, -0.11442625659231712]], "inverted": true, "swapped": true, "error_lsq": 0.04261379999534906, "error_max": 0.23682596271377696, "target": "1129.xyz", "model": "17.xyz", "model_rescale": 3.7474275329858107, "target_rescale": 4.2293154545578435},
{"mapping": [4, 12, 7, 9, 13, 5, 0, 1, 8, 2, 11, 10, 6, 14], "R": [[-0.899145075160616, -0.0498267989003321, -0.4348050412837417], [0.2730714023609619, 0.7125119798568111, -0.6463425467762007], [0.34200898091574744, -0.6998885401775581, -0.6270453638303204]], "T": [0.01581804705701961, 0.03698757336637844, -0.03870135127434684], "aligned_model": [[0.3989653799415327, 0.24956499654131956, 0.5819810553912784, -0.44385476506751, 0.3885735313325928, -0.28119568525338656, 0.5678746657860211, 0.2544796078483077, -0.2092439836121466, 0.22495463627824308, -0.6108367473444001, -0.4568384208499825, -0.305193528437664, 0.05561690532867106], [-0.45803977754140285, 0.06855967825812899, 0.19195413228056202, 0.025549127477101155, -0.7550703268494321, -0.46306745587900505, -0.19019450593802872, 0.6839955006558482, -0.6116633286756173, 0.052859893885869605, -0.21919391006599132, 0.5621502036182195, 0.4846132132093036, -0.012044202924322532], [-0.36101794547471844, -0.7891025545640962, -0.21730118527308387, -0.5094157121896259, 0.1846017710005576, 0.5346211199487703, 0.37379721778613045, 0.17305100230586015, -0.2581903377206645, 0.6458758169563843, 0.08753401857513182, -0.04469359843548917, 0.48481788906408396, 0.020217216682414628]], "inverted": false, "swapped": true, "error_lsq": 0.042243800715832676, "error_max": 0.29269317542184786, "target": "1129.xyz", "model": "18.xyz", "model_rescale": 3.922800546911778, "target_rescale": 4.2293154545578435},
{"mapping": [0, 9, 3, 10, 1, 12, 7, 2, 8, 4, 11, 13, 6, 5, 14], "R": [[-0.30928700087037453, -0.06729000241154026, -0.9485850550520305], [-0.7799932732049131, 0.5885800757093506, 0.21256525641096846], [0.544014746902779, 0.8056336326478866, -0.23452591562314679]], "T": [-0.03500272281872274, -0.07618763840107122, 0.07987272822356203], "aligned_model": [[-0.5692880560918977, 0.04130874289516473, -0.01641163451440855, -0.07207632107036763, -0.7606595180231783, 0.3542053779724366, 0.5690311190756127, -0.41982228055499193, -0.04289032178087049, 0.24459325808171178, 0.511826598984014, 0.6008617950612293, -0.3289567628470796, -0.3317639655145681, 0.0278908250200105], [-0.5261584472336035, 0.289712003262917, -0.4281129812212123, 0.7194233772188344, -0.020580985246633723, -0.7556273182067178, -0.19739645620459265, 0.25816392823751094, -0.25479186143346, 0.46525489051464264, 0.3555070352133868, -0.09753186064548196, 0.3459823655249456, -0.7668131369385004, -0.08511601412355418], [-0.3789388774760398, -0.6433403789210379, -0.45393638382089574, -0.04752157070792007, 0.2151987775799463, 0.00575916434587298, -0.4287160638193781, -0.42336866579900234, 0.6650470367156796, 0.4704277364334749, -0.06798197869667849, 0.33878291708885666, 0.5393629697404256, 0.2121712761719804, 0.007297270941611186]], "inverted": true, "swapped": false, "error_lsq": 0.04048613157271, "error_max": 0.2987595507204626, "target": "1129.xyz", "model": "19.xyz", "model_rescale": 3.9282355846067225, "target_rescale": 4.2293154545578435},
{"mapping": [2, 6, 11, 1, 7, 10, 3, 9, 12, 4, 5, 0, 8, 14], "R": [[0.5524088730168503, 0.07170136525427806, 0.8304838055211712], [-0.6596448710934679, 0.6467046357940073, 0.3829383215122547], [-0.5096205265217797, -0.7593629094597744, 0.40454281687412397]], "T": [-0.03292517022400821, -0.0886177370273214, 0.04773891048032637], "aligned_model": [[-0.4798952558086576, -0.10628729302122253, 0.544412256142418, -0.5360361842900336, -0.5042624819599109, 0.2006481042477517, -0.07053499741268669, 0.5466671793336657, 0.041818431772249746, -0.07407311001571415, 0.17133983424500351, -0.5899549965094752, 0.461977229202254, -0.07329589684096575], [-0.6342885739812651, -0.6811561525344416, -0.46018281515364906, -0.16750857555912768, 0.30382386372461484, -0.2521189449948136, 0.34854177986804796, 0.16199124471901288, 0.6937435631352793, 0.3420817254438695, -0.7488393943843854, -0.2572384497846314, 0.002687059904840583, -0.12865424297851516], [0.17060885417283717, -0.42237359215908726, 0.10141796817042893, -0.4632143172643573, 0.06458573976681267, -0.5987490726555599, -0.5616421468296191, -0.13738209974000298, 0.015172208655829453, 0.603208769084863, 0.4828871801194314, 0.4811187724652975, 0.563792565287034, 0.11275232816977541]], "inverted": false, "swapped": true, "error_lsq": 0.049512828450850976, "error_max": 0.35841793707749386, "target": "1129.xyz", "model": "20.xyz", "model_rescale": 4.067790424073018, "target_rescale": 4.2293154545578435},
{"mapping": [7, 0, 9, 2, 5, 10, 12, 8, 13, 6, 3, 11, 4, 1, 14], "R": [[-0.5211520445191313, 0.7196619720021924, -0.45878883219564637], [0.4729289891274002, 0.6909933738903745, 0.54668668218874], [0.7104496588333791, 0.0679323435008149, -0.7004616184845696]], "T": [-0.022492187271626315, 0.0029285814654679693, 0.0327598586345645], "aligned_model": [[-0.4180696300546955, -0.09622274012242286, 0.06687013078758251, -0.004643535317635519, -0.4641031701794158, 0.25085248910736907, 0.5749038062510206, -0.5758464044478943, 0.04738329917043145, 0.1844860322927953, 0.6657900637531181, 0.5700881526027357, -0.5280767177748017, -0.4785630967627285, 0.013000177387358744], [-0.2662582735149415, 0.3262869259424489, -0.6514527764933291, 0.7338027781107025, -0.07323686501164794, -0.7597284061927928, -0.24928357832612186, 0.03432686879957676, -0.44687228472601653, 0.48963770849493876, 0.46509021813149404, -0.11963343339489181, 0.5630200719496712, -0.6772659750053217, -0.06651844004528852], [-0.5397092506418659, -0.5953016161864763, -0.37693431259072363, -0.10589895226665573, 0.41700546419960344, 0.15492298165030166, -0.37530989064126524, -0.10133396900406243, 0.5646622014053723, 0.5502839112036446, -0.1580782433506278, 0.2604863333512791, 0.3032303737362034, -0.018619048927618828, 0.030837247839785663]], "inverted": true, "swapped": false, "error_lsq": 0.045908140661986806, "error_max": 0.2831224590162978, "target": "1129.xyz", "model": "21.xyz", "model_rescale": 4.186013935880536, "target_rescale": 4.2293154545578435},
{"mapping": [1, 2, 10, 12, 4, 3, 7, 0, 11, 5, 13, 8, 14], "R": [[-0.38864106838088536, -0.795303156754503, -0.46524295676999405], [-0.7718848160469696, 0.5567568302206533, -0.3069457000167727], [0.5031420780693063, 0.23982226931411776, -0.8302610001783335]], "T": [0.09768174423186622, -0.018727119641202668, -0.049742394209402796], "aligned_model": [[0.045792620124500874, -0.5098571606075788, 0.5768842510187687, 0.5080621023262941, -0.08249254598297288, 0.637606657749039, -0.051688840988384374, -0.6084295111846925, 0.2826277581979444, -0.32291177296028933, -0.5772218555773628, 0.14645234249199024, 0.013749990815968935], [-0.360590639897142, 0.12363506563256188, 0.1546950618140866, -0.5638790184624074, -0.28355790293760263, -0.465047943029437, -0.6134431609480736, -0.1826896860533217, 0.6391153731880854, 0.6753976746451867, 0.09053892169720812, 0.3093234353590314, -0.004540521462082503], [-0.6828731154187702, -0.40083416295816293, -0.5391558557752167, 0.34158070631130427, 0.5772694279314661, -0.32019946232754987, -0.028427010670245084, -0.0172393373359932, 0.03569049727354329, 0.041157048675304855, 0.5407935623116997, 0.5902424397120294, -0.03512517639406389]], "inverted": true, "swapped": true, "error_lsq": 0.04234543346223486, "error_max": 0.24631473629039827, "target": "1129.xyz", "model": "22.xyz", "model_rescale": 4.166573947596378, "target_rescale": 4.2293154545578435},
{"mapping": [9, 7, 14, 0, 3, 12, 13, 8, 2, 1, 5, 6, 4, 11, 15], "R": [[0.09489155145322618, -0.9905356784701305, 0.09916987012454054], [0.9460395193548734, 0.12073612376657501, 0.3007191650637233], [-0.30984644790863797, 0.06528290814249, 0.9485427352643945]], "T": [-0.06777118729913147, -0.11588820003073481, -0.036021856244466244], "aligned_model": [[-0.501999468929953, 0.12303053236411758, 0.19284411726268924, -0.027588454946164367, -0.5657461487770731, 0.21201576801693583, 0.565721007787673, -0.6984149205479324, -0.06031819612741115, 0.2699715380333476, 0.6272032335132591, 0.5204776076829094, -0.4645693035353095, -0.3626339498813126, -0.022144505222958334], [-0.4184177432031854, 0.4175215310009542, -0.6287288524086547, 0.6968659408017159, -0.19963698265242377, -0.6997252253316286, -0.08279145905381162, 0.31835821289715266, -0.08313641781148705, 0.33773294968902495, 0.3201997862121207, -0.20744809569977674, 0.3850943707161745, -0.7816797056405462, -0.07229377079714802], [-0.31951937161612937, -0.47243726644954137, -0.5792086487173549, 0.03159335963457485, 0.2902199730271525, 0.06514603763489404, -0.5967404874638622, -0.296401722582983, 0.6360503220765448, 0.39786380251721076, -0.16981200488209575, 0.4379905620254721, 0.3264988081649332, 0.26708035378810463, -0.008080487380026233]], "inverted": true, "swapped": false, "error_lsq": 0.03884396558333798, "error_max": 0.23381373089079704, "target": "1129.xyz", "model": "23.xyz", "model_rescale": 4.274766983524099, "target_rescale": 4.2293154545578435},
{"mapping": [5, 6, 10, 9, 3, 12, 4, 7, 0, 1, 14], "R": [[0.12369453828825053, 0.8260677136065916, 0.549828876773888], [-0.5149265594357563, -0.42021373511544774, 0.7471753845035176], [0.8482631075234334, -0.3755430060021131, 0.3733860616809172]], "T": [-0.014031954555202418, 0.008408426412642472, -0.04434798150740497], "aligned_model": [[0.5080869733928607, 0.20182100142248385, -0.34453865455047467, -0.6054357899907054, -0.5671006344191244, -0.5917784397746382, -0.015723812414758224, 0.008939738142720623, 0.625977017629573, 0.09312466385300858, 0.0665226406671291], [-0.20491493946454573, 0.6561071903478681, 0.5661858513813061, -0.09402959464929819, 0.40370074762892316, -0.26266125921755956, -0.6223973533620683, -0.0012194871508665328, -0.14448840354793888, 0.6418273777903574, -0.022523598512694393], [-0.6349881529427162, -0.37808942730545203, -0.3252136030187557, -0.3140698699328807, 0.27459908535881605, 0.41550702221458075, 0.2684189437900453, 0.5687039671129248, 0.26150222991561506, 0.2838524892240973, -0.040656250394697405]], "inverted": true, "swapped": true, "error_lsq": 0.052598628611266296, "error_max": 0.3219679548215152, "target": "1129.xyz", "model": "24.xyz", "model_rescale": 3.7841303162186577, "target_rescale": 4.2293154545578435},
{"mapping": [12, 10, 13, 0, 2, 3, 11, 9, 4, 1, 7, 6, 8, 5, 15], "R": [[-0.9986149604500131, -0.010841058432788661, 0.05148429097769141], [0.05241459579279132, -0.2899568177739596, 0.9556033455227525], [0.00456846946985949, 0.9569783253963778, 0.29012344580927496]], "T": [-0.026548131287322314, 0.04453129952834198, -0.0670605808410479], "aligned_model": [[-0.48675129040258586, 0.01666327977803414, 0.08229310236094506, 0.1948184993749068, -0.6599661285442272, 0.2542794040726372, 0.5861341072513773, -0.5575819848686809, 0.008347399750801739, 0.00824462929095015, 0.4957699411941013, 0.5730419639197606, -0.3472689891487186, -0.38728601614918806, 0.027110938812703482], [-0.5209994970878845, 0.4929323146770974, -0.5590358818420241, 0.7132187706245775, -0.11772073379829787, -0.6918184865786676, -0.18607818010415852, 0.08196766502337854, -0.26971053694732183, 0.4082382126962236, 0.4083280554378894, -0.19311830496699825, 0.4025914006928256, -0.6761814155532666, 0.009301156445108587], [-0.2757706113788331, -0.7013510575506584, -0.5527150266166379, 0.14550430379366006, 0.3087704268733825, 0.10005248123658558, -0.4681432551683259, -0.3094286344602859, 0.6087638882190214, 0.5806609171258157, -0.1998811803323871, 0.2585785375949877, 0.27701626947816904, 0.27903204576166707, -0.04084587479926673]], "inverted": true, "swapped": false, "error_lsq": 0.041440597485433314, "error_max": 0.32208995248456385, "target": "1129.xyz", "model": "25.xyz", "model_rescale": 4.19342608120988, "target_rescale": 4.2293154545578435},
{"mapping": [6, 11, 10, 0, 1, 2, 7, 13, 9, 5, 8, 14], "R": [[0.41131602250854404, 0.100264914308268, 0.9059614100978619], [-0.8758924736438354, -0.23158958032517132, 0.4232949809516929], [0.2522528577476057, -0.9676327884293539, -0.007435221220616406]], "T": [-0.003468271128498561, 0.04868737435126059, -0.21183833811887431], "aligned_model": [[-0.19704177458136576, 0.518391942782934, 0.15185393910476574, -0.5418275610274663, -0.5522714213282864, -0.511250064128089, -0.41210179289729965, -0.08288221932907155, 0.5887167825865313, 0.14050969147328427, 0.5393900459244447, -0.04367901394860064], [-0.6630691382706166, -0.21395666874984964, -0.5955497855368187, 0.3760103166646802, -0.328373146027986, -0.10925972509046597, 0.3638260495982974, 0.7248239249252986, -0.03662690013395677, -0.026051392492735102, 0.43834287391552207, 0.08266001893961082], [-0.0290228421886308, 0.15277183200909328, -0.4569287800397902, 0.1481092182435465, -0.48943178927294434, 0.2675845516649085, -0.5437409553766277, 0.38204670343256497, -0.48577314523236, 0.5885711248934136, 0.05843886181820335, -0.14336631874195577]], "inverted": false, "swapped": true, "error_lsq": 0.04828819562892204, "error_max": 0.2932690326665908, "target": "1129.xyz", "model": "26.xyz", "model_rescale": 3.795458400668931, "target_rescale": 4.2293154545578435},
