[{"mapping": [0, 12, 9, 4, 1, 5, 11, 8, 2, 6, 3, 13], "R": [[-0.5564427914842639, -0.7911539164737027, 0.2538639404356624], [0.2602697504529957, -0.45612462096546824, -0.8510052803292372], [0.789069754080294, -0.40746264932804527, 0.4597206897652476]], "T": [0.08588696991097516, -0.21347479344473314, 0.03506581261472963], "aligned_model": [[-0.45610453301478854, 0.27874988598060424, -0.0016963563689671446, -0.23781083312908025, 0.017010790771358447, 0.4658127077104088, 0.753977473583854, 0.4237749504309582, -0.6435634629449811, -0.1379314979684343, -0.3000106414804119, 0.1534609239435668], [-0.323514011190552, -0.32530760695609573, 0.2721048059856733, 0.5847675654150757, -0.7444016365889061, -0.6333407883415625, -0.04582853737227732, 0.31189441967985315, 0.024532085840884926, -0.03881189040512639, -0.4022077706268, -0.06610405265216185], [-0.503031776949456, -0.4991786308761297, -0.5064919270021774, 0.4491106114469939, -0.18037994064827143, 0.5368329304377782, 0.14736742689648522, 0.5045315026749093, 0.08519601138436253, 0.7449562604484388, 0.3328294817285888, 0.019081828441527608]], "inverted": true, "swapped": false, "error_lsq": 0.054874839553665754, "error_max": 0.3553014091487877, "target": "113.xyz", "model": "0.xyz", "model_rescale": 3.8414455957264533, "target_rescale": 3.863210152683444},
{"mapping": [13, 7, 0, 3, 9, 6, 2, 5, 11, 10, 8, 14], "R": [[0.14069269834394083, -0.9316756266994303, 0.3349419221998423], [-0.7049068519080772, -0.3318211297612383, -0.6268979725418005], [0.6952063684732365, -0.14790288860667933, -0.7034293431298237]], "T": [0.014912169858817086, -0.06937739306175186, 0.07054259540907351], "aligned_model": [[-0.4773731860671266, 0.33053311580142364, -0.12611389297886164, 0.12914440737304977, 0.1978731743223154, 0.47543479134643446, 0.7506001397160051, 0.36214941406538, -0.7985960533048574, -0.1481086302926111, -0.3501074770914626, -0.02976639537560141], [-0.4606943874701981, -0.17202293567807556, 0.2423124584079727, 0.6565996735540658, -0.6593511401419254, -0.4560836105753472, -0.0487851494554693, 0.14354920330313364, 0.15625274376418646, -0.06522998877647132, -0.7207972428600472, -0.001967041283819776], [-0.3529820660539127, -0.47973216614047876, -0.5685805974093777, 0.34125494588544303, -0.21922615479585908, 0.5689444314993346, 0.12480029651315105, 0.5886268991462072, -0.04590831412350005, 0.7352141821089059, 0.328835518520859, 0.10957680283227764]], "inverted": false, "swapped": false, "error_lsq": 0.05014628586459169, "error_max": 0.2594848320102802, "target": "113.xyz", "model": "1.xyz", "model_rescale": 4.316132596720782, "target_rescale": 3.863210152683444},
{"mapping": [1, 8, 10, 7, 2, 4, 6, 3, 9, 5, 0, 11], "R": [[0.3130643766201985, -0.4226379241841457, 0.8505103650942315], [-0.04896381913329753, -0.9015183544735604, -0.42996185989360225], [0.9484688927462451, 0.09296150595058295, -0.3029272485335571]], "T": [-0.0236711330616968, -0.09510374298317192, 0.07644833650709004], "aligned_model": [[-0.36437741102866117, 0.2419420930096393, 0.14210668514018931, -0.15697194830661862, 0.14397827888649997, 0.44007488632884123, 0.7922710257802839, 0.32995486551545544, -0.7118829795156592, -0.28584224187748103, -0.3474161447946455, 0.09183229837624393], [-0.302447866923351, -0.26785800483056676, 0.3205964887800853, 0.7364226075410742, -0.867165484732081, -0.5408712106317646, -0.0495171762502028, 0.2360700337810112, 0.1810561431921539, -0.05247671655593519, -0.6500918382812385, -0.12993439230117987], [-0.29168874370378, -0.621148749899118, -0.3673385840904935, 0.37853431899986356, -0.20020983406820025, 0.5013727126286942, -0.014415415106514173, 0.5194941485324045, 0.06925967181389286, 0.663993337538732, 0.37826192142649384, 0.11470899391107475]], "inverted": true, "swapped": false, "error_lsq": 0.04921870586306293, "error_max": 0.2868608058317166, "target": "113.xyz", "model": "2.xyz", "model_rescale": 3.795458400668931, "target_rescale": 3.863210152683444},
{"mapping": [9, 8, 6, 2, 7, 0, 1, 2, 5, 10, 4, 11], "R": [[-0.23189765267915147, -0.896669410477553, -0.3771040267561956], [-0.7592054911790505, -0.07552664006703075, 0.6464539804222433], [-0.6081369096227236, 0.4362106084840475, -0.6632418896605526]], "T": [0.01431124160578443, -0.1393559967078366, 0.07761284879072862], "aligned_model": [[-0.47566295795969527, 0.23920065552240674, 0.09251460286589877, 0.25098072014505124, 0.1893563215506799, 0.4203971577574605, 0.6353372842510554, 0.25098072014505124, -0.6787238636258415, -0.3397573360818189, -0.318354512067729, 0.04940061501156873], [-0.47939555416572077, -0.02017871967825058, 0.3526858513103622, 0.4927722854696309, -0.8264820467756557, -0.5501009324464746, -0.05668996100469213, 0.4927722854696309, -0.03665961833384088, 0.05572231070431788, -0.550940786909808, -0.25972253085149394], [-0.5539352696700004, -0.661159420030582, -0.23714952301911735, 0.44110522039471983, -0.20614639409177915, 0.6054298347281434, 0.016279147963760926, 0.44110522039471983, 0.02301969597209695, 0.6904673434888172, 0.43939481369615196, 0.13241310815611884]], "inverted": false, "swapped": false, "error_lsq": 0.050720512771430276, "error_max": 0.3152764573629083, "target": "113.xyz", "model": "3.xyz", "model_rescale": 3.7530521520055578, "target_rescale": 3.863210152683444},
{"mapping": [5, 10, 4, 0, 6, 8, 7, 9, 3, 2, 11], "R": [[0.25245085122330546, -0.11205927386564263, -0.9610989995090692], [-0.895562913243017, 0.3490389606693719, -0.27593273158240206], [0.3663818174259058, 0.9303840728836399, -0.01224094702793116]], "T": [0.08000860469354798, 0.04260475764050327, 0.11548649185004409], "aligned_model": [[-0.27009423252073383, -0.2786730782586591, 0.28612233313599816, 0.5469836049978141, 0.21505290054668413, -0.1202135660614137, -0.4720517865626419, -0.5723672106756602, -0.38053991401845355, 0.3423310775654247, 0.04164947429684631], [-0.6883118650314397, 0.021337167031387008, -0.2805853678185401, 0.43897133148997153, -0.6593386572156024, 0.6795276855468937, -0.37848083713764075, 0.09136890909292768, 0.1207609078879676, 0.2680841276385349, -0.14613004317011336], [-0.21432975972041715, -0.6314341091045144, -0.5405052013985595, -0.41137313651585405, 0.2804385629819841, -0.16348795901345284, 0.5190057495693431, 0.09417173808614387, 0.8327589269497626, 0.29751095037529257, 0.030075015035587932]], "inverted": false, "swapped": true, "error_lsq": 0.04674682553635971, "error_max": 0.3012432428024403, "target": "113.xyz", "model": "4.xyz", "model_rescale": 3.7855080009869324, "target_rescale": 3.863210152683444},
{"mapping": [5, 7, 4, 11, 10, 15, 8, 13, 0, 12, 9, 16], "R": [[0.21689565799075836, 0.7588305439400527, 0.6141111292985985], [-0.701230923399323, -0.3165455320263831, 0.6388067925614651], [0.6791402400191647, -0.5691881338694422, 0.46345809157779666]], "T": [-0.045297296558284156, -0.09877134197993462, 0.165087720933827], "aligned_model": [[-0.36885444567234216, 0.21207305661540152, -0.24713078693433474, 0.07033454958367127, 0.21723461859865625, 0.4775280005132212, 0.6436847661587233, 0.47399528451098005, -0.7288881271275416, -0.1699613408476566, -0.2031189843353204, -0.061227183549370755], [-0.3949654017833423, -0.09123774662886358, 0.33883777359334966, 0.6574405570939867, -0.6987041899109676, -0.6021644382111566, -0.2339513150014499, 0.21620267127991624, 0.012365826843873079, 0.28992764750650946, -0.7534759505429479, -0.12649285145090272], [-0.5151204051670466, -0.53852667497081, -0.39594907642899874, 0.38236419954381423, -0.15447736722768296, 0.5556862438377054, 0.11671452472208002, 0.5600487634339744, -0.19383565443753914, 0.7095482196330325, 0.3961033256937686, 0.20826767935075224]], "inverted": false, "swapped": false, "error_lsq": 0.04830507029916301, "error_max": 0.24401117424439184, "target": "113.xyz", "model": "5.xyz", "model_rescale": 4.2253639853439635, "target_rescale": 3.863210152683444},
{"mapping": [5, 2, 6, 7, 10, 1, 4, 0, 11, 9, 8, 13], "R": [[0.09421174260979213, 0.6816951128367811, 0.7255452575056052], [-0.797029546577089, 0.48834432657200366, -0.35533606710838733], [-0.5965467705365157, -0.5448041775164586, 0.589338916688071]], "T": [0.010313493812211715, -0.07886553828994373, 0.12395111312378795], "aligned_model": [[-0.2926698828391217, 0.2549676529434666, -0.15239896980639553, 0.03829524374316453, 0.14924939418554015, 0.44721908039432146, 0.7046010044010701, 0.3853094957058032, -0.7288909664546922, -0.13975702238735413, -0.39530418853581845, 0.04504856616410316], [-0.35352543281885235, -0.18197888929909295, 0.3497791049478964, 0.711803376875588, -0.7826593729296017, -0.5302649626894983, -0.15731917662469147, 0.3270869108951398, 0.0812556789926392, -0.15612273300956966, -0.6560801352996503, -0.03819178625230184], [-0.3592716949689282, -0.4922335923831528, -0.3271657144605724, 0.18269551105818305, -0.18245307793729623, 0.503500648788581, 0.01116285363330563, 0.7050218978747106, -0.05905640177832641, 0.7105571082491641, 0.3434106318606742, 0.09465560804670725]], "inverted": true, "swapped": false, "error_lsq": 0.044903164040265654, "error_max": 0.25780917675542586, "target": "113.xyz", "model": "6.xyz", "model_rescale": 3.89814844738969, "target_rescale": 3.863210152683444},
{"mapping": [5, 9, 6, 3, 10, 4, 11, 7, 1, 0, 2, 12], "R": [[0.10207660346365555, -0.15884201606458445, 0.9820130248412502], [-0.5961743218362773, -0.800018024272977, -0.06743395896295262], [0.7963394659367187, -0.5785675196300779, -0.17636065383390048]], "T": [0.11319130952432437, -0.06060643233108988, 0.16377146487890037], "aligned_model": [[-0.36842287546936875, 0.24269917428945842, -0.18566437046088907, 0.03827833794369524, 0.15492821155944025, 0.3159910947073963, 0.8937951542469869, 0.40935931646179474, -0.7237908551362086, -0.3324739930877906, -0.252734837699768, 0.12370505015934069], [-0.23057433855782095, -0.20010551489558837, 0.3955755691930327, 0.7313009747657314, -0.727567141600546, -0.5033111649672454, -0.21236252118583926, 0.22752465441097391, -0.15984404290281856, 0.1653296718187265, -0.6438198649803837, -0.22836369831021702], [-0.420809831170323, -0.7089905862909774, -0.23617742567312927, 0.30395934575331984, -0.14007900221210356, 0.5861226874597326, 0.012219175807713423, 0.6742023299972626, 0.09736841734324214, 0.4821198626407928, 0.3296267972505962, 0.15126200707692328]], "inverted": false, "swapped": false, "error_lsq": 0.04472418791101663, "error_max": 0.22664571297665514, "target": "113.xyz", "model": "7.xyz", "model_rescale": 3.7474275329858107, "target_rescale": 3.863210152683444},
{"mapping": [8, 2, 4, 13, 3, 0, 1, 12, 9, 11, 5, 14], "R": [[0.004193472012565425, -0.45539512519104647, 0.8902795598825748], [-0.7524428970080221, -0.5878246812035036, -0.2971394132560916], [0.6586441387689219, -0.6686384853717519, -0.34512385363100395]], "T": [0.04470801033810014, -0.16323947097356933, 0.25089121342135784], "aligned_model": [[-0.31950832406854857, 0.3941238519596677, -0.09550342678653422, 0.07897066947657776, 0.10345370786258047, 0.513143764347666, 0.7696785537430294, 0.27555841974546913, -0.7146111420327868, -0.3206168432365527, -0.4370713745911485, 0.06805155109466778], [-0.2264869175123546, -0.1406772415635811, 0.27847564831292976, 0.7256205734355208, -0.780529756306694, -0.6057481576408211, -0.13085977808358082, 0.28996329175863467, -0.11349952525158341, 0.1212291680621525, -0.6786215470787409, -0.12508317534387725], [-0.3223073020287715, -0.5146079774846735, -0.37954859507639577, 0.12102312521490358, -0.10915903812740008, 0.38861283197296753, 0.055516991136625005, 0.6001160165606869, 0.286957856330428, 0.6657349193585331, 0.12723279717480535, 0.21125215295134164]], "inverted": true, "swapped": false, "error_lsq": 0.05665998526233738, "error_max": 0.3105441458963246, "target": "113.xyz", "model": "8.xyz", "model_rescale": 4.019505241142653, "target_rescale": 3.863210152683444},
{"mapping": [10, 1, 2, 3, 9, 8, 0, 3, 6, 5, 11, 12], "R": [[-0.4259015915642733, -0.9042646401513579, 0.03022076893386566], [0.18183175071276494, -0.11826592944973607, -0.9761917764272146], [0.8863097927563193, -0.41026653592917534, 0.21479367020684054]], "T": [0.07157222741524234, -0.18198007155747578, 0.062078482653886005], "aligned_model": [[-0.4665581464720166, 0.24842647509644972, 0.013951202115446426, 0.2202697251408391, 0.13940191170704247, 0.31552581064374313, 0.6595301145093727, 0.2202697251408391, -0.6306371298731263, -0.19279739734391987, -0.2675393503465718, 0.05582646719598945], [-0.4528881826165989, -0.24547466955621927, 0.38631853569296837, 0.5552498604290755, -0.8496648542143311, -0.6860598800015337, 0.0893159185136698, 0.5552498604290755, -0.012149108765050542, 0.04726126963966368, -0.5891381742865799, -0.1842379924761345], [-0.6272721206534042, -0.5867638042484463, -0.0918327666336947, 0.477821058408424, -0.0680607749426791, 0.43960613374063556, 0.004198547907788723, 0.477821058408424, -0.016160258264863767, 0.6348627597886497, 0.38838377100042615, 0.09822017347178962]], "inverted": false, "swapped": false, "error_lsq": 0.055589510629371015, "error_max": 0.35273124992394655, "target": "113.xyz", "model": "9.xyz", "model_rescale": 3.877068213659057, "target_rescale": 3.863210152683444},
{"mapping": [13, 6, 3, 1, 10, 11, 12, 0, 2, 8, 9, 15], "R": [[0.8705222873312365, 0.23194350619565401, -0.4340428057153567], [-0.033169081659724015, -0.8523113607389523, -0.5219819502407782], [-0.49100993806789983, 0.46879372253581025, -0.734262682171425]], "T": [-0.060131837833574786, -0.06352698040477928, 0.01441178491600309], "aligned_model": [[-0.4517966035505297, 0.2580670408574466, 0.09696589167952069, 0.009082366888064686, 0.1644232851405849, 0.39146782876875985, 0.6844654512246479, 0.4917738490948592, -0.7182255334846801, -0.2276095599133172, -0.38865919274308774, 0.005714583551818003], [-0.28167684202803456, -0.2925750212672133, 0.3115755925522532, 0.6856487640195617, -0.7363732091275095, -0.40457423821158395, -0.029995662547576046, 0.17035035268223356, -0.14492422018572543, -0.09371708557273029, -0.5310608147983817, -0.03889503272728889], [-0.6153880603787609, -0.46160401702937903, -0.4728044975203185, 0.44667525553828485, 0.022394810629198847, 0.48812032962553564, -0.037025007008015726, 0.5383082836998276, 0.039760060001668096, 0.7669825164522663, 0.3447558399147689, 0.07064826405797363]], "inverted": false, "swapped": false, "error_lsq": 0.0499878000310425, "error_max": 0.25446084731481766, "target": "113.xyz", "model": "10.xyz", "model_rescale": 4.260839863003843, "target_rescale": 3.863210152683444},
{"mapping": [9, 4, 5, 6, 2, 1, 3, 0, 10, 7, 8, 11], "R": [[-0.4223846800231149, -0.44013402837937465, -0.7923845147050229], [0.11187455501926946, 0.8421959059645667, -0.5274373326905891], [0.8994861121890717, -0.3114291139875439, -0.3064908496838398]], "T": [-0.0007405360764439831, -0.14854758124956335, 0.08945071381573153], "aligned_model": [[-0.5139454867864534, -0.020673014947532715, 0.24998981749394789, -0.030838014625523054, 0.3256562473895186, 0.41074232637941566, 0.703110771040172, 0.3752907750219927, -0.5490876340597513, -0.23466617139677226, -0.41495018453474947, 0.015039976539823027], [-0.5059006383530591, -0.15566875671767172, 0.3599936796282859, 0.6686759584938617, -0.7047543289614966, -0.5284904438889801, -0.11502491988292851, 0.338966835000519, 0.12777201665582094, -0.009388333642316476, -0.7089754736924808, -0.15342301185154927], [-0.40517311527333855, -0.6424337331752038, -0.2781509429149357, 0.2751794475335973, -0.14390806507256418, 0.547256260064124, 0.003995227988923267, 0.7147221880386966, -0.03820794037148986, 0.6857049634673471, 0.2625528557862449, 0.14928663191164898]], "inverted": false, "swapped": false, "error_lsq": 0.05486910787853505, "error_max": 0.35102220228009734, "target": "113.xyz", "model": "11.xyz", "model_rescale": 3.890672605050136, "target_rescale": 3.863210152683444},
{"mapping": [10, 2, 4, 3, 11, 6, 1, 8, 12, 7, 9, 13], "R": [[0.11932761649737605, -0.09912906882731429, -0.9878938949373484], [0.8429882411088256, -0.5155493874447877, 0.15355668157899297], [-0.5245300232525334, -0.8511064897054502, 0.02204535978302463]], "T": [0.11382949853107932, -0.19210823832873164, 0.18170616351715416], "aligned_model": [[-0.44296671765389856, 0.14855330071036127, 0.013018252493555607, 0.1873853118745591, 0.14885988995091473, 0.49273520981971713, 0.8556967136937335, 0.28081273713119387, -0.6224839037185865, -0.4858158492964582, -0.2522546945025124, -0.007870842988491916], [-0.33847037570720706, -0.2023742653501321, 0.2948249725085375, 0.7203195799583066, -0.6063324205123403, -0.522723360493357, -0.16737215309135178, 0.13720082227234354, -0.1336216017220544, 0.3436956114534682, -0.8332580322292367, -0.07810619429897177], [-0.5024696931356931, -0.5284015747297248, -0.31204497286757416, 0.3047028087615243, -0.1787842836052985, 0.46309992124905275, -0.05135917398324644, 0.8004655565535649, 0.08396142580185259, 0.4650855234990806, 0.42814017377889757, 0.15842806666061426]], "inverted": false, "swapped": false, "error_lsq": 0.05716929312089417, "error_max": 0.4117913003863101, "target": "113.xyz", "model": "12.xyz", "model_rescale": 4.124412569039231, "target_rescale": 3.863210152683444},
{"mapping": [3, 5, 7, 11, 0, 1, 4, 2, 9, 8, 6, 12], "R": [[0.6586904031339373, -0.1574399274713838, 0.7357578555863722], [0.7499002363521057, 0.05750044620345633, -0.6590472928443449], [0.061453952991710914, 0.9858531168101103, 0.15593923091218492]], "T": [-0.007144885664509267, -0.15225678174110147, -0.02287870176752875], "aligned_model": [[-0.44206784283167067, 0.38197021846399465, -0.17940910321966685, -0.04399150101624549, 0.254934984991315, 0.25257487827202824, 0.7783797650398986, 0.48386866566149994, -0.6065661201692781, -0.20926969369178144, -0.41437037756184947, 0.05961553357584344], [-0.6654981822120796, -0.06138247615877533, 0.2334026316525688, 0.6635406932171275, -0.6105927458855874, -0.5921597520726773, -0.12549195241109884, 0.18342590861525948, 0.06692307512860826, 0.05735167852088313, -0.4800992181103483, -0.05563707749587567], [-0.2598990847253823, -0.6663669886820661, -0.48620313532030784, 0.546041036091331, -0.2637306869426491, 0.6110734413970312, -0.00027510036906006063, 0.6005139012189495, 0.01311638078196159, 0.6329459518289802, 0.39461327474043384, 0.008994787963828008]], "inverted": false, "swapped": false, "error_lsq": 0.057834384256990716, "error_max": 0.3919238975384338, "target": "113.xyz", "model": "13.xyz", "model_rescale": 3.9028299243045295, "target_rescale": 3.863210152683444},
{"mapping": [7, 4, 10, 13, 3, 2, 8, 12, 9, 11, 6, 15], "R": [[-0.6645546970061225, 0.5316140533907634, 0.5251224170843818], [-0.7265062157772861, -0.2952760581368571, -0.6204843011133537], [-0.1748020970242301, -0.7938504567792363, 0.5824480055312489]], "T": [0.11819340811532085, -0.14229478315373364, 0.1311683832636131], "aligned_model": [[-0.5422419092264918, 0.2910646983594152, -0.18100112204475255, 0.2048042488407829, 0.11205403065673299, 0.5260267567864276, 0.869041323959156, 0.31804698815896315, -0.6568132404581537, -0.3278881231243434, -0.305891742163822, 0.008467497770173235], [-0.2616817854149891, -0.15539800346055097, 0.293594093271067, 0.6483694390612905, -0.6805591931232395, -0.6274083092919991, -0.052648948499277565, 0.30113819041527967, -0.15653091525025534, 0.09833342320298927, -0.6413309123252218, -0.15209449579708817], [-0.4772721570818347, -0.5240469221968452, -0.3940326473716972, 0.13121049233113344, -0.18335216970987991, 0.5059837992021711, 0.2883249649256572, 0.6288289437427094, 0.1284327528968452, 0.6687239823697417, 0.2557596724594946, 0.10226306641555419]], "inverted": true, "swapped": false, "error_lsq": 0.05110316047542695, "error_max": 0.32408758500176515, "target": "113.xyz", "model": "14.xyz", "model_rescale": 3.942246331269136, "target_rescale": 3.863210152683444},
{"mapping": [7, 8, 0, 1, 6, 4, 13, 3, 2, 5, 9, 14], "R": [[0.04013306091343338, -0.5048785328431917, 0.8622569248755414], [-0.5559186509928273, -0.7283410434465943, -0.40059178462549805], [0.8302673008736607, -0.4632677319922385, -0.30990194835582086]], "T": [0.15606386757498367, -0.2087963820870739, 0.15930583231308382], "aligned_model": [[-0.4723340301441059, 0.24231994713601565, -0.19133451475211263, 0.044493561566055245, 0.04427703220793805, 0.5689712566983113, 0.9496051797352377, 0.3110844068358686, -0.5433259831093179, -0.28551849484610525, -0.4715783178087499, 0.11900936399505269], [-0.3852755037920909, -0.24121489570746243, 0.2225530765761286, 0.5692830812778333, -0.6447323843552457, -0.3666885987365339, -0.06517510841760699, 0.20473364424873436, 0.07155021087353247, 0.07574354794627136, -0.699932329676898, -0.12706215744865745], [-0.3929175915594404, -0.6090364449313724, -0.32439809710628364, 0.35624707047175513, -0.17273768095511177, 0.5443272769775096, 0.056373999773977404, 0.7263238921900306, 0.03720938185420744, 0.515426041799071, 0.2733806947681324, 0.12062523470057437]], "inverted": false, "swapped": false, "error_lsq": 0.046190210987497815, "error_max": 0.2302794783821347, "target": "113.xyz", "model": "15.xyz", "model_rescale": 4.355366556412066, "target_rescale": 3.863210152683444},
{"mapping": [1, 8, 10, 7, 2, 4, 6, 3, 9, 5, 0, 11], "R": [[0.3130643766201985, -0.4226379241841457, 0.8505103650942315], [-0.04896381913329753, -0.9015183544735604, -0.42996185989360225], [0.9484688927462451, 0.09296150595058295, -0.3029272485335571]], "T": [-0.0236711330616968, -0.09510374298317192, 0.07644833650709004], "aligned_model": [[-0.36437741102866117, 0.2419420930096393, 0.14210668514018931, -0.15697194830661862, 0.14397827888649997, 0.44007488632884123, 0.7922710257802839, 0.32995486551545544, -0.7118829795156592, -0.28584224187748103, -0.3474161447946455, 0.09183229837624393], [-0.302447866923351, -0.26785800483056676, 0.3205964887800853, 0.7364226075410742, -0.867165484732081, -0.5408712106317646, -0.0495171762502028, 0.2360700337810112, 0.1810561431921539, -0.05247671655593519, -0.6500918382812385, -0.12993439230117987], [-0.29168874370378, -0.621148749899118, -0.3673385840904935, 0.37853431899986356, -0.20020983406820025, 0.5013727126286942, -0.014415415106514173, 0.5194941485324045, 0.06925967181389286, 0.663993337538732, 0.37826192142649384, 0.11470899391107475]], "inverted": true, "swapped": false, "error_lsq": 0.04921870586306293, "error_max": 0.2868608058317166, "target": "113.xyz", "model": "16.xyz", "model_rescale": 3.795458400668931, "target_rescale": 3.863210152683444},
{"mapping": [5, 9, 6, 3, 10, 4, 11, 7, 1, 0, 2, 12], "R": [[0.10207660346365555, -0.15884201606458445, 0.9820130248412502], [-0.5961743218362773, -0.800018024272977, -0.06743395896295262], [0.7963394659367187, -0.5785675196300779, -0.17636065383390048]], "T": [0.11319130952432437, -0.06060643233108988, 0.16377146487890037], "aligned_model": [[-0.36842287546936875, 0.24269917428945842, -0.18566437046088907, 0.03827833794369524, 0.15492821155944025, 0.3159910947073963, 0.8937951542469869, 0.40935931646179474, -0.7237908551362086, -0.3324739930877906, -0.252734837699768, 0.12370505015934069], [-0.23057433855782095, -0.20010551489558837, 0.3955755691930327, 0.7313009747657314, -0.727567141600546, -0.5033111649672454, -0.21236252118583926, 0.22752465441097391, -0.15984404290281856, 0.1653296718187265, -0.6438198649803837, -0.22836369831021702], [-0.420809831170323, -0.7089905862909774, -0.23617742567312927, 0.30395934575331984, -0.14007900221210356, 0.5861226874597326, 0.012219175807713423, 0.6742023299972626, 0.09736841734324214, 0.4821198626407928, 0.3296267972505962, 0.15126200707692328]], "inverted": false, "swapped": false, "error_lsq": 0.04472418791101663, "error_max": 0.22664571297665514, "target": "113.xyz", "model": "17.xyz", "model_rescale": 3.7474275329858107, "target_rescale": 3.863210152683444},
{"mapping": [5, 10, 8, 0, 12, 7, 11, 1, 4, 2, 9, 13], "R": [[0.49625529089299325, -0.6915249842385881, 0.5249036887225418], [-0.12006606879242687, 0.5441289812011371, 0.8303660583993935], [-0.8598341848202145, -0.4750966722582186, 0.18699819952000601]], "T": [0.07464057788440281, -0.09063327060733542, 0.10516218790816287], "aligned_model": [[-0.28412304238173214, 0.2809224164606198, -0.14068793480496095, -0.25854746310835514, 0.11134513109601707, 0.4472333657625003, 0.7735131200548627, 0.5201336842041351, -0.7147457133857847, -0.06893059536349594, -0.3764545180230223, 0.026010957003303775], [-0.3990058977143174, -0.17842549199262459, 0.39536024667332126, 0.617337650431985, -0.8137670029897613, -0.5866565224257849, -0.23489954199338986, 0.2861017617544478, 0.08407102728321439, 0.03406042567762793, -0.549692272378271, -0.04070179953844201], [-0.44202601033350997, -0.5476622137507429, -0.37888159523842657, 0.3999592284004544, -0.0818332777526318, 0.5324265441479215, -0.006646016382122477, 0.47681393944801287, -0.0834472325190106, 0.7890273238294918, 0.28819828598014996, 0.18489480215346382]], "inverted": true, "swapped": false, "error_lsq": 0.053887219459035525, "error_max": 0.3592288512244085, "target": "113.xyz", "model": "18.xyz", "model_rescale": 3.922800546911778, "target_rescale": 3.863210152683444},
{"mapping": [10, 4, 6, 5, 11, 7, 13, 12, 2, 3, 9, 14], "R": [[0.29484291592283907, 0.1737077827787028, -0.9396239998702804], [0.937609166597096, 0.13703988988818142, 0.31954517566775187], [0.1842734534413921, -0.9752157067959593, -0.12246476871019277]], "T": [0.011804834907767906, 0.08014770099097536, 0.06133916333421813], "aligned_model": [[-0.3442962327951322, 0.25830950593773677, -0.11894353858286055, 0.07287386925089076, 0.22458861479836562, 0.262909834892851, 0.6549482683706981, 0.5025712085417324, -0.6631312973222666, -0.13625344927924438, -0.424432565012294, 0.026525188713610977], [-0.4306588590395146, -0.19072231931025524, 0.261854811550835, 0.7335277570701154, -0.5814508556890247, -0.4904978460939048, -0.149168035522811, 0.20122591472790186, -0.15744288634258352, -0.017179084111601656, -0.573581682494074, 0.007875668042921932], [-0.4513686823966407, -0.5629460426050088, -0.5910833690132276, 0.4510811235439617, -0.09439787652212259, 0.5608598912658473, -0.013457653448574705, 0.6639190146692562, 0.09511627109438561, 0.675957325261036, 0.27365498939112104, 0.12348878674301611]], "inverted": true, "swapped": false, "error_lsq": 0.04758019445178352, "error_max": 0.2823472445391656, "target": "113.xyz", "model": "19.xyz", "model_rescale": 3.9282355846067225, "target_rescale": 3.863210152683444},
{"mapping": [5, 2, 7, 9, 1, 0, 10, 11, 6, 4, 3, 13], "R": [[0.05297293190322797, -0.6849776443800731, 0.7266357376189957], [0.40498471304188033, 0.6798668873323352, 0.6113660096140671], [-0.9127876262789508, 0.2618905156903699, 0.31342001707528244]], "T": [-0.07485544082004388, 0.05695209867962471, 0.09718065235383329], "aligned_model": [[-0.38360860712885625, 0.291468203094112, -0.1469939003595463, 0.15772149857622797, 0.1909223209718935, 0.3037435340498546, 0.7727248357358818, 0.3769509001049674, -0.7121843118122848, -0.22607661219054376, -0.3428445327849636, 0.03384607925734527], [-0.39846784330052165, -0.26429865056864355, 0.3495487918934487, 0.661800963504436, -0.628500868203905, -0.48450563054255624, 0.044125193777934904, 0.10341655239650423, 0.00362026900302799, -0.09601468635458939, -0.6160551463759182, -0.06088636244121323], [-0.33288249532296416, -0.5671394168724084, -0.44805415408759847, 0.33902904126511935, -0.04779247561837889, 0.5484935503413157, -0.05669427833823411, 0.6513243667156393, -0.03627975450964836, 0.6914038132500092, 0.3011369315710297, 0.08827864958916891]], "inverted": false, "swapped": false, "error_lsq": 0.04710435193376611, "error_max": 0.22380726116590766, "target": "113.xyz", "model": "20.xyz", "model_rescale": 4.067790424073018, "target_rescale": 3.863210152683444},
{"mapping": [10, 7, 8, 4, 12, 3, 0, 2, 13, 6, 11, 14], "R": [[-0.3355253975101538, 0.2596351032796579, 0.9055453167956946], [0.8368926635125599, -0.359151496260183, 0.41306279485439634], [0.4324735568615805, 0.89643729054465, -0.09678226457600708]], "T": [-0.026975824168280132, -0.056611292598972296, 0.02907266810376924], "aligned_model": [[-0.5394807364942312, 0.3449260012607874, 0.1336136355751067, 0.057816449111666876, 0.15974658752991863, 0.3375779075188463, 0.680782473739598, 0.4675905609165574, -0.7175234303503811, -0.2295686450345833, -0.31675283486718225, -0.063058561392016], [-0.548777198276986, 0.03183376882530997, 0.4066894414006918, 0.6755046848775079, -0.7935700143872144, -0.54614552046917, -0.04705403234722977, 0.16160200253850932, -0.13698339822235964, 0.08748874921932315, -0.5623410160584061, -0.11446488431197148], [-0.3788467573757957, -0.6116538418526773, -0.26201383453720367, 0.3441741765926292, -0.06600861421581243, 0.6216955103123192, -0.02962043234238773, 0.5404521554791337, -0.05343692716266622, 0.7260290724625866, 0.3088922257819288, -0.008838955159004243]], "inverted": true, "swapped": false, "error_lsq": 0.049432386038200694, "error_max": 0.2817633552492603, "target": "113.xyz", "model": "21.xyz", "model_rescale": 4.186013935880536, "target_rescale": 3.863210152683444},
{"mapping": [4, 3, 11, 8, 6, 0, 5, 2, 10, 9, 7, 12], "R": [[-0.7566567022203046, 0.3302727496350166, 0.5642610617733771], [-0.5381708758324673, -0.8046980351086994, -0.25066547568006536], [0.37127179180596037, -0.4933365820012985, 0.7866233364631815]], "T": [0.011194721855467799, -0.1146166879051014, 0.17734482653972933], "aligned_model": [[-0.3905108840377356, 0.43951871883285987, -0.07618744188174784, 0.07711194752967643, 0.1296744551213142, 0.47582176537805965, 0.7548735658367188, 0.5514105031388352, -0.8186586650343952, -0.4049199121773701, -0.4385783668389922, 0.01611372164686388], [-0.3421131770647892, -0.2800348708724648, 0.3399973755488791, 0.6228134482954902, -0.5880368576677445, -0.5831893148873113, 0.005282476827866561, 0.192899492593801, -0.16125675935783704, 0.20637232294027394, -0.6794320545721503, -0.11951949899600849], [-0.3834529109578965, -0.6236008851621779, -0.2523718120517055, 0.3761408131345506, -0.09040271254206811, 0.47119826735133113, 0.0009794574166993308, 0.5814486637508585, 0.10340233104375207, 0.5078980393490392, 0.30777300656178475, 0.1318115200888827]], "inverted": true, "swapped": false, "error_lsq": 0.04999314273736514, "error_max": 0.2606607889110321, "target": "113.xyz", "model": "22.xyz", "model_rescale": 4.166573947596378, "target_rescale": 3.863210152683444},
{"mapping": [4, 2, 1, 5, 3, 9, 12, 13, 0, 7, 8, 15], "R": [[0.8922976330624679, 0.3926827709164405, 0.22272219345297445], [-0.34972507412433257, 0.9132373288868938, -0.2090214191327337], [-0.2854773310787529, 0.10861778193702089, 0.9522105181561662]], "T": [0.20345462018935387, -0.19249111594484708, 0.12534095058711792], "aligned_model": [[-0.37438698586945307, 0.20076357378559523, -0.11887192254941817, -0.023719915177215167, 0.15611073427168415, 0.35967747788527504, 0.846045821932447, 0.3283141345119148, -0.5615840532016768, -0.2712650518690499, -0.4010642288652446, 0.17564982265922918], [-0.41984293205363865, -0.15570957147877965, 0.272957652921515, 0.593205018115674, -0.6836625165372685, -0.7030406167620207, -0.08673737502785801, 0.40711609051610437, 0.07844713109557211, 0.12837162777579197, -0.6817674426803788, -0.13555448309670776], [-0.26742328325298975, -0.5465586813855714, -0.3077434572065592, 0.2741203060255688, -0.21807696350933425, 0.3999002196543794, 0.05271830292368643, 0.709887303359054, 0.035540854012719336, 0.553217077875193, 0.34725259393886954, 0.09798950554803379]], "inverted": false, "swapped": false, "error_lsq": 0.04740683056168298, "error_max": 0.29014135083970366, "target": "113.xyz", "model": "23.xyz", "model_rescale": 4.274766983524099, "target_rescale": 3.863210152683444},
{"mapping": [5, 6, 3, 9, 2, 8, 10, 0, 4, 1, 11], "R": [[-0.6341443627201935, 0.7494293433815474, 0.19030655929027343], [-0.5639065224297531, -0.6166517583338691, 0.5493177977318141], [0.5290277508707669, 0.2410316747285517, 0.8136543311420199]], "T": [-0.15810510379634665, 0.20522343641585, 0.030577209272661138], "aligned_model": [[0.41289006805719186, 0.3686494642538367, -0.7472756372425997, -0.4646817915181648, -0.30549656468679787, -0.6094235847062482, 0.050788621048721144, -0.0229701829568785, 0.4844681321799087, 0.20127526924335779, 0.011670910285747904], [-0.16382783239195708, 0.5132498135915152, 0.4820683634456617, -0.21050396732841786, 0.47503397550161797, -0.22274377436061493, -0.5953443914950249, 0.016526264224379306, -0.14249348975987186, 0.6225993503032705, 0.14102221951292515], [-0.5202000056109384, -0.37663291004577604, -0.525235742141498, -0.3714276737761635, 0.2719585669301271, 0.4003638684136567, 0.08007275311733589, 0.8044538855931461, 0.2390296103520472, 0.4535726472099233, -0.07638856602028325]], "inverted": true, "swapped": true, "error_lsq": 0.047829057084331744, "error_max": 0.23760860620880359, "target": "113.xyz", "model": "24.xyz", "model_rescale": 3.7841303162186577, "target_rescale": 3.863210152683444},
{"mapping": [5, 2, 9, 10, 4, 6, 1, 7, 13, 11, 3, 15], "R": [[0.03934223139932849, -0.3611143150421051, -0.9316912795020639], [-0.3041868831452059, 0.883829817369808, -0.35540848899605143], [0.9517996264713106, 0.29739082938067, -0.07507440075918467]], "T": [0.10601736012787301, 0.03653096791338624, 0.06447528030918367], "aligned_model": [[-0.27567588637277757, 0.15749504217118326, -0.05813269236559797, 0.0704312660748392, 0.2788070215594375, 0.17027265518422796, 0.792707257396414, 0.3528250379601007, -0.6568609913372739, -0.2705656469926438, -0.3446586413817432, 0.09902498561792125], [-0.5614714386932308, -0.16659614890002405, 0.38560944290643234, 0.7691638998516563, -0.666355149554084, -0.515690023831754, -0.23069382012935918, 0.21347871658269307, -0.002769308310900373, 0.02372726214007491, -0.6153595499205659, -0.01926129935293308], [-0.4513174423150996, -0.6600124356624127, -0.3752288100618789, 0.32377765636227984, -0.11663016309941701, 0.5259399978946815, -0.035945292523448524, 0.6394370394759881, 0.23321207660908666, 0.7333914731384686, 0.20915348203507333, 0.10504619612972865]], "inverted": false, "swapped": false, "error_lsq": 0.050651679822697866, "error_max": 0.2756573471374764, "target": "113.xyz", "model": "25.xyz", "model_rescale": 4.19342608120988, "target_rescale": 3.863210152683444},
{"mapping": [1, 8, 10, 7, 2, 4, 6, 3, 9, 5, 0, 11], "R": [[0.3130643766201985, -0.4226379241841457, 0.8505103650942315], [-0.04896381913329753, -0.9015183544735604, -0.42996185989360225], [0.9484688927462451, 0.09296150595058295, -0.3029272485335571]], "T": [-0.0236711330616968, -0.09510374298317192, 0.07644833650709004], "aligned_model": [[-0.36437741102866117, 0.2419420930096393, 0.14210668514018931, -0.15697194830661862, 0.14397827888649997, 0.44007488632884123, 0.7922710257802839, 0.32995486551545544, -0.7118829795156592, -0.28584224187748103, -0.3474161447946455, 0.09183229837624393], [-0.302447866923351, -0.26785800483056676, 0.3205964887800853, 0.7364226075410742, -0.867165484732081, -0.5408712106317646, -0.0495171762502028, 0.2360700337810112, 0.1810561431921539, -0.05247671655593519, -0.6500918382812385, -0.12993439230117987], [-0.29168874370378, -0.621148749899118, -0.3673385840904935, 0.37853431899986356, -0.20020983406820025, 0.5013727126286942, -0.014415415106514173, 0.5194941485324045, 0.06925967181389286, 0.663993337538732, 0.37826192142649384, 0.11470899391107475]], "inverted": true, "swapped": false, "error_lsq": 0.04921870586306293, "error_max": 0.2868608058317166, "target": "113.xyz", "model": "26.xyz", "model_rescale": 3.795458400668931, "target_rescale": 3.863210152683444},
{"mapping": [6, 1, 8, 11, 0, 3, 9, 4, 5, 10, 7, 12], "R": [[-0.8515416484382333, -0.24717329127581264, 0.4623658562815588], [-0.08862779112327226, -0.801338812521515, -0.5916090112457876], [0.5167416526812082, -0.544758177200206, 0.6604669505416626]], "T": [0.16735469572538256, -0.052808335565460676, 0.019486524303088643], "aligned_model": [[-0.4051727895269748, 0.2574724226568461, -0.23322416985381497, 0.16177210441082096, 0.25192516876469406, 0.3863440627479179, 0.5944119003797853, 0.37256478283066696, -0.5852491213326384, -0.2166657291575512, -0.31926046635934313, 0.05075124195367882], [-0.28361419121657316, -0.14037953097845585, 0.37192036643835097, 0.6254579989113125, -0.8738954567064083, -0.5649620177221785, -0.020445422225769214, 0.23050539480942184, -0.07279408334657016, 0.059211913418373355, -0.5577858979504104, -0.15943649064308799], [-0.5283527726660463, -0.5589279046126105, -0.4162815473263196, 0.24641868580293208, -0.08019781087196273, 0.5040676030012177, 0.050293599924502, 0.7787528365861343, 0.02645303817743966, 0.6091187873277326, 0.4298661584790874, 0.06961310416094343]], "inverted": true, "swapped": false, "error_lsq": 0.043458226097764556, "error_max": 0.24575819202631038, "target": "113.xyz", "model": "27.xyz", "model_rescale": 3.6321398670334006, "target_rescale": 3.863210152683444},
{"mapping": [0, 3, 8, 12, 2, 13, 4, 6, 10, 9, 11, 14], "R": [[-0.44804699015678984, 0.8181860424688256, -0.36031305072206665], [-0.6976611309867495, -0.5720098983249635, -0.4313625186876513], [-0.559037423543121, 0.058105732311588845, 0.8271039130307649]], "T": [0.04391425271580265, -0.08049325230975976, -0.007742300213689601], "aligned_model": [[-0.33590983199951774, 0.21388932006625538, -0.18879474377369035, 0.10885143745638304, 0.1396739332111814, 0.23454024303388143, 0.8658971775444536, 0.47508703795995655, -0.732547381824156, -0.25285623214919933, -0.29204580231154353, 0.07988425030008317], [-0.3766306139290676, -0.06466374285437484, 0.337708456362775, 0.6977626265396221, -0.8703132682995878, -0.5077384032960629, 0.018405364395123774, 0.12369393522757932, -0.06316339005253113, 0.007995362800795464, -0.562322700852583, -0.12695104325368362], [-0.40453950527336585, -0.6728873844410812, -0.20263578294409945, 0.2635705817773675, -0.029145329570909678, 0.6612873289418453, 0.024357345625912186, 0.6056947860886928, 0.030710774543571906, 0.584430989904192, 0.25205966352341236, 0.017920309807512014]], "inverted": true, "swapped": false, "error_lsq": 0.04552625067853721, "error_max": 0.2425912571107689, "target": "113.xyz", "model": "28.xyz", "model_rescale": 4.156811204709835, "target_rescale": 3.863210152683444},
{"mapping": [0, 2, 1, 6, 9, 8, 4, 10, 5, 11], "R": [[-0.889951575374001, -0.4152949617541525, -0.18845765633412503], [-0.41101892047974364, 0.9094380336518836, -0.06313406334984309], [0.1976098188274064, 0.02127340332463974, -0.9800498976143954]], "T": [-0.02350364308033706, -0.22292793606467093, -0.0396863716375539], "aligned_model": [[-0.6781097620709293, -0.053776564501163034, 0.021360046523343307, 0.5874376545657599, -0.07101881191586469, -0.6694434574642618, -0.26242258284733844, -0.537873248515091, 0.25793516823949014, 0.04883693209664308], [-0.06698473877506342, -0.4701371090937557, -0.06142334752475226, 0.17522155553879848, -0.336955907718562, -0.505427290813399, 0.4909151975019221, 0.26010294280947693, 0.46975613647687703, -0.036347107775338505], [-0.48681692077880473, -0.3409472296471203, -0.71361927910754, -0.11967648627329189, 0.603093836586502, 0.12323185554860366, -0.1426696165771521, 0.3951702981802461, 0.41481427396570303, 0.02620599507795414]], "inverted": true, "swapped": true, "error_lsq": 0.05280477058338924, "error_max": 0.27351565525582605, "target": "113.xyz", "model": "29.xyz", "model_rescale": 4.117894457231895, "target_rescale": 3.863210152683444},
