[{"mapping": [8, 6, 5, 11, 12, 4, 2, 3, 9, 0, 13], "R": [[-0.15861600892373937, -0.907495251251306, -0.3889644336818384], [0.9523267596069475, -0.036636900525538404, -0.30287205294713665], [0.2606044985214867, -0.41846159498359087, 0.8700432109235459]], "T": [0.03807732900566055, 0.17203273832997587, 0.03306997141965318], "aligned_model": [[-0.6015431567883233, 0.02681429674050522, 0.031713479919272786, -0.5599415478275473, 0.015473148283376398, -0.32184415361833796, 0.38337864129341737, 0.4243060024080496, -0.2060086030983452, 0.5343631535406802, -0.11237726358728559], [-0.20156204303822303, -0.49372676383243086, 0.2961843868123592, 0.4000735894164096, 0.6769329233627301, -0.6916082027646168, -0.40521127285165903, -0.13910785589641536, 0.20743287257636991, 0.2538002951722652, 0.14412798548885764], [-0.21571046412505732, -0.342674241539524, -0.7132189337943464, -0.2451972275639931, 0.3153546896411162, 0.22796757997878708, 0.405648286270361, -0.1319125981566846, 0.7229337695772914, 0.6182424943513656, 0.08896811621861694]], "inverted": false, "swapped": false, "error_lsq": 0.05129917524080803, "error_max": 0.3036938375470165, "target": "1130.xyz", "model": "0.xyz", "model_rescale": 3.8414455957264533, "target_rescale": 3.784880932335493},
{"mapping": [6, 8, 10, 4, 1, 9, 13, 12, 0, 11, 14], "R": [[0.026036598176158693, 0.9129945718862494, -0.4071400339706939], [-0.5496913476070381, -0.3271013317732502, -0.7686638674467046], [-0.834961985913953, 0.24381474618736795, 0.4933486106397966]], "T": [-0.2303285380789357, 0.02744269116622891, 0.05157360246510491], "aligned_model": [[-0.5731608646368401, 0.21541165789718206, 0.04233463675615898, -0.5973072218852772, 0.10794062695875398, -0.4203631190021725, 0.2078286616615971, 0.5014685123011963, -0.22055399220720434, 0.5349692931041208, -0.18423419368205296], [-0.2614157230511016, -0.5451618744749538, 0.1739372163697668, 0.3713948652793624, 0.7994858870243888, -0.6149480226554247, -0.42807458526179953, -0.003317175003123868, 0.20422479833621568, 0.24842798245353534, 0.10278254542878046], [-0.5879996819881986, -0.2610637059269294, -0.5588159842617878, 0.25855375224475124, 0.2465637737111584, 0.18092084380591444, 0.4703447569522018, -0.1624741762088513, 0.7545458027296017, 0.3544764462139681, 0.03534964358610366]], "inverted": false, "swapped": false, "error_lsq": 0.04883530458545158, "error_max": 0.21518075365996603, "target": "1130.xyz", "model": "1.xyz", "model_rescale": 4.316132596720782, "target_rescale": 3.784880932335493},
{"mapping": [5, 0, 9, 3, 10, 4, 2, 1, 6, 8, 11], "R": [[-0.8974284092262004, 0.43117822129951794, 0.09331447792660871], [-0.44096547959717874, -0.870453222849022, -0.21877073075569567], [-0.013103286509946122, -0.2374795323996047, 0.9713041622344174]], "T": [-0.05391448473749563, 0.08601292027331126, -0.01756988020403416], "aligned_model": [[-0.46286100518497286, 0.030625159696282184, 0.10997643572988422, -0.6889887264631248, 0.09495590154732461, -0.41700349690533334, 0.4111190248900556, 0.46566351387565297, -0.3083675462288291, 0.4961703714496135, -0.11695563514109077], [-0.14142321139536213, -0.558511327484188, 0.3076522800300088, 0.20788471782930684, 0.6596692162409905, -0.47899629794382487, -0.4820389289519767, 0.04377367316349984, 0.2021053836219418, 0.24407557686930867, 0.04314483246594157], [-0.46118619115584, -0.3027989130146602, -0.7060226858683067, 0.09576582156817401, 0.19688725018183117, 0.3609280507142042, 0.38465683852585664, -0.16873804075895601, 0.7556520429531178, 0.4918012648329757, 0.08345603287953639]], "inverted": true, "swapped": false, "error_lsq": 0.041224356562724475, "error_max": 0.22479965944536762, "target": "1130.xyz", "model": "2.xyz", "model_rescale": 3.795458400668931, "target_rescale": 3.784880932335493},
{"mapping": [8, 9, 3, 1, 2, 7, 4, 5, 0, 10, 11], "R": [[0.16897316927901515, -0.9668961520133958, -0.19120643107775961], [0.9523913367650043, 0.21012294745008578, -0.22090515749945044], [0.25376920561560223, -0.14477630391945098, 0.9563686590978655]], "T": [-0.0552356876329533, 0.0754787719499756, 0.09700223994430374], "aligned_model": [[-0.530117846726631, 0.07369910122782605, 0.10282089059254007, -0.6237081660901815, -0.010584721779805108, -0.4485175087955056, 0.31439962528143306, 0.5650874519346515, -0.2842232395105769, 0.5420258446389393, -0.0865474335072273], [0.0019365740335238607, -0.5994261905622251, 0.03586015061689482, 0.329884854566275, 0.8339501024654215, -0.5700919363273858, -0.2724949116083532, -0.07849157498935128, 0.025672087045394296, 0.34106398385175457, -0.0005272246463016717], [-0.5191482425934282, -0.43444272861321714, -0.6843545981644337, 0.18857422432913848, 0.19924138826572158, 0.20595253307518246, 0.48845949728043786, -0.19508841435603091, 0.8435221254126344, 0.43129835521859355, 0.20638733100333428]], "inverted": true, "swapped": false, "error_lsq": 0.05510802050486079, "error_max": 0.25822890646759405, "target": "1130.xyz", "model": "3.xyz", "model_rescale": 3.7530521520055578, "target_rescale": 3.784880932335493},
{"mapping": [2, 1, 0, 4, 6, 3, 5, 7, 9, 8, 10], "R": [[-0.9035421593289092, 0.3902578571029788, 0.17694736868527605], [-0.13709716313902687, -0.6545268303140093, 0.7435045368108572], [0.405975287640126, 0.6475287123892556, 0.6448958307021606]], "T": [-0.07201169537241713, -0.04192225852231155, 0.11674645634229777], "aligned_model": [[-0.5892350355423266, 0.013194580841183343, 0.057596278840357965, -0.5564720057881416, 0.011934684829585082, -0.5289366106967239, 0.37344976131247726, 0.5118931933733057, -0.18789815423184958, 0.5702259936731108, -0.06141868934551618], [-0.24515205748777533, -0.6195599031757537, 0.39329785134785855, 0.464517427716002, 0.6922485137549164, -0.6059080776522634, -0.5239389321039857, 0.029759886899208547, 0.022623894748452965, 0.44148281675702394, -0.002035506358037835], [-0.2738091072116595, -0.4161705285463312, -0.571734200433901, -0.10354416135693315, 0.09995881133894788, 0.34741809020891146, 0.4113372895118662, 0.0024324524756673682, 0.645677351255966, 0.5587077397345649, 0.030127733880833438]], "inverted": false, "swapped": false, "error_lsq": 0.05249870911531389, "error_max": 0.2566527510438656, "target": "1130.xyz", "model": "4.xyz", "model_rescale": 3.7855080009869324, "target_rescale": 3.784880932335493},
{"mapping": [13, 8, 6, 12, 0, 15, 10, 7, 2, 5, 16], "R": [[0.47717291716110244, -0.6615236283691489, 0.5785261413603362], [0.7313282914832969, 0.6639465256220558, 0.15599340111210738], [-0.4873037422430549, 0.3486567082729328, 0.8006082453810961]], "T": [-0.1093783269908769, 0.0760511159185715, 0.09258356076396448], "aligned_model": [[-0.5465149603212631, 0.000284164853889185, 0.04942690573371275, -0.7371779826517648, 0.1816241203567348, -0.34215976035012624, 0.35813455782682035, 0.581507573484722, -0.39362023991600104, 0.607951557174177, -0.14512193892543862], [-0.19682085312403536, -0.5213862929655179, 0.16721531446256593, 0.3088471976701878, 0.7322318337510649, -0.7087948743073943, -0.4359233544423753, 0.020030980392863718, 0.3526221756854593, 0.2667141338358825, 0.06259965348694477], [-0.41665124871667625, -0.2628774839538529, -0.5339521964199991, -0.028820062259889284, 0.397900321691116, 0.18822707907698197, 0.3168113875436642, -0.19185955976386712, 0.7158817810524378, 0.41536629806835734, 0.13037515453965948]], "inverted": true, "swapped": false, "error_lsq": 0.04644744638227309, "error_max": 0.21155654377488967, "target": "1130.xyz", "model": "5.xyz", "model_rescale": 4.2253639853439635, "target_rescale": 3.784880932335493},
{"mapping": [10, 1, 8, 5, 11, 4, 7, 9, 6, 12, 13], "R": [[0.8760185165367964, 0.45273075465043755, -0.16621198054988545], [-0.11333407686348672, 0.5282385765380051, 0.8414983025999536], [0.4687717415823734, -0.7183306133325706, 0.5140565963423493]], "T": [-0.054422182606449404, -0.08561708785626632, 0.07824148330493111], "aligned_model": [[-0.6519539399125212, -0.032203451385989526, 0.004323440982573541, -0.5063181467106189, 0.053816233774001285, -0.37287699443096134, 0.319499087634763, 0.4625820372741425, -0.22240238140363464, 0.6320888596307404, -0.07222074818703264], [-0.09981801536590751, -0.5874480118109969, 0.27168994054472195, 0.3520199914047391, 0.6665674548059648, -0.7171416062842737, -0.16764013619638404, -0.09950420984652911, 0.1738539463870611, 0.367644203864527, -0.11288764305727626], [-0.42302352351054817, -0.4569013328703033, -0.5657659038911188, 0.0074948160127948915, 0.24574267080117138, 0.10421507867818905, 0.773112924097474, -0.24596556775021025, 0.6423118719302029, 0.5193770121200975, 0.1298034252401833]], "inverted": false, "swapped": false, "error_lsq": 0.056156156629538385, "error_max": 0.4329451739280373, "target": "1130.xyz", "model": "6.xyz", "model_rescale": 3.89814844738969, "target_rescale": 3.784880932335493},
{"mapping": [10, 9, 11, 4, 7, 5, 6, 8, 0, 3, 12], "R": [[0.7282564339459139, 0.596098511835875, -0.3380963333185326], [-0.6834173888963475, 0.6683040383716561, -0.29378629112032256], [0.05082557398081941, 0.4450126700254628, 0.8940808042600675]], "T": [-0.1232783533666508, 0.07687222844021288, 0.13366026324528016], "aligned_model": [[-0.6114655630115274, 0.05563230197781141, 0.061638504282659545, -0.5695151197872579, 0.08659965607779566, -0.2716903700430026, 0.2944816209905575, 0.4945561361253139, -0.17343638471074876, 0.5124323570747986, -0.26489914171093787], [-0.2424900065470739, -0.6451920884076425, 0.289872162750772, 0.49478595814006743, 0.694074527917626, -0.6789469339794331, -0.3645105674945146, 0.02261014161928901, 0.1740181481446488, 0.2503748844820102, 0.05273968781989707], [-0.31196814053437194, -0.36086979526872864, -0.6251395476164598, -0.0705862819081482, 0.2129522692571503, 0.23003386466263512, 0.4303649688124246, -0.13656731092652022, 0.7159464726344196, 0.6007262731907488, 0.045508698554782914]], "inverted": true, "swapped": false, "error_lsq": 0.04059973223232745, "error_max": 0.19782187081258962, "target": "1130.xyz", "model": "7.xyz", "model_rescale": 3.7474275329858107, "target_rescale": 3.784880932335493},
{"mapping": [5, 10, 9, 8, 4, 0, 12, 11, 2, 13, 14], "R": [[0.2755576882918286, 0.8315487090902376, 0.48228073238895114], [0.8069581151479737, -0.4727385314047214, 0.3540294921643351], [0.5223854523434714, 0.29162480233283805, -0.8012917158215478]], "T": [-0.08440897742670286, -0.11828403542499316, 0.08594463306152544], "aligned_model": [[-0.5589668870825097, 0.15110007156043434, 0.01621661068637817, -0.42869831540907566, -0.04738389083543183, -0.40565403503777153, 0.47298170645322435, 0.3977386725372086, -0.49768436392452475, 0.5897161791680232, -0.07503175085049289], [0.004684521986908982, -0.7698226966787756, 0.28252901408217285, 0.4644739435710566, 0.6058171721393899, -0.6605328261229222, -0.2979375565943762, -0.10058325337051735, 0.2602801127824234, 0.3438402674345749, -0.08541278478428939], [-0.4362574238982633, -0.2227562260643694, -0.5540271088537417, 0.0018714177987345232, 0.3801085839668614, 0.27824933808471575, 0.2800653600709426, -0.30610164168012344, 0.7140227623232562, 0.4602549730806905, 0.13497143602922923]], "inverted": false, "swapped": false, "error_lsq": 0.04676311332867176, "error_max": 0.21863264795342807, "target": "1130.xyz", "model": "8.xyz", "model_rescale": 4.019505241142653, "target_rescale": 3.784880932335493},
{"mapping": [9, 1, 7, 11, 5, 10, 2, 0, 6, 3, 12], "R": [[0.08897966583716327, 0.6314373759527544, 0.7703047833925263], [-0.8651576062705516, 0.4322096465163637, -0.25435632048449186], [-0.49354324570367325, -0.6438025020983531, 0.5847507186076678]], "T": [-0.0519660399539201, 0.028341876638103232, 0.04545774566762233], "aligned_model": [[-0.5552967150675667, -0.009421858410560875, 0.230614596330912, -0.5757289113347541, -0.01254880056439283, -0.5968176703283434, 0.372607818445332, 0.5113668385543471, -0.32669382069566666, 0.6387366630689837, -0.0624841427328284], [-0.07297526741158752, -0.6118457306905761, 0.22141989718363797, 0.36028515100527975, 0.5833281582257882, -0.6655165498538352, -0.14976782065300934, -0.02261670516066277, -0.0776698575398291, 0.41863922425698225, 0.06405541508345827], [-0.40591031837955605, -0.16585984046789787, -0.79266697778037, 0.09776110271371324, 0.42090578152656943, 0.2901554021383218, 0.4169225982600288, -0.27501903820874235, 0.7097980174201328, 0.37569790709607315, 0.05861683653965946]], "inverted": true, "swapped": false, "error_lsq": 0.05570171059392444, "error_max": 0.297624531371116, "target": "1130.xyz", "model": "9.xyz", "model_rescale": 3.877068213659057, "target_rescale": 3.784880932335493},
{"mapping": [2, 13, 4, 8, 0, 14, 6, 3, 11, 12, 15], "R": [[0.8502998333453533, -0.5260347055154818, 0.016663793268785365], [-0.07401781408363331, -0.1508724425474253, -0.9857783063539461], [0.5210677082790154, 0.8369737120561279, -0.16722275178886586]], "T": [-0.05333842748364543, 0.02761301035525709, 0.025068262111599612], "aligned_model": [[-0.5060430449375224, 0.04357375333611648, 0.06677457973428427, -0.6770784187938181, 0.02574843379470624, -0.40493958376744216, 0.36877858712445616, 0.5265011405371083, -0.23813942301118615, 0.45016724771138567, -0.04100927446262611], [-0.22360693039531648, -0.6760709901801156, 0.1223437819310329, 0.4719645456636206, 0.7210670241374649, -0.6545183509598336, -0.3439337011173359, -0.014526103994788323, 0.28234740715880924, 0.2583555806519157, 0.10391365155019272], [-0.3900250149415493, -0.28001427190659434, -0.6342417000144815, 0.11899947160867606, 0.40799493234530676, 0.16857777207140606, 0.2781983517830831, -0.22943461238596757, 0.6926117104360247, 0.5265013254538741, 0.07123350640815465]], "inverted": false, "swapped": false, "error_lsq": 0.04465720748472989, "error_max": 0.18302754426668558, "target": "1130.xyz", "model": "10.xyz", "model_rescale": 4.260839863003843, "target_rescale": 3.784880932335493},
{"mapping": [2, 4, 3, 1, 0, 9, 10, 5, 7, 6, 11], "R": [[0.21127963669132105, -0.8876021380569974, 0.40929617593648593], [-0.4467952182312447, 0.28473532352745384, 0.8481154570584191], [-0.8693301720780651, -0.36206109988835244, -0.33641761526762914]], "T": [-0.1219267292786414, -0.05107824990562569, 0.10607174922653959], "aligned_model": [[-0.5575823093745622, 0.12051377951594533, -0.04516435495945126, -0.6256882030645192, 0.13160603188317394, -0.3008316732585812, 0.16873065677500354, 0.48708979130706703, -0.19984070112412572, 0.5820535978461698, -0.1465526182806581], [-0.17078609680672874, -0.6143233525829803, 0.3218088795061108, 0.44510925746811747, 0.7725942429226332, -0.8266705647617636, -0.40947480501870887, -0.043405657584766486, 0.28987027577505103, 0.2804359799732425, 0.002177755555438969], [-0.40990438691062525, -0.2940287539056353, -0.49300737578177034, -0.046515859040330426, 0.27135645218109583, 0.15279265795960398, 0.530811652293979, -0.18659002010565914, 0.6604084204920075, 0.41874625900194906, 0.12633242467331804]], "inverted": true, "swapped": false, "error_lsq": 0.04604205830510271, "error_max": 0.24351322168515116, "target": "1130.xyz", "model": "11.xyz", "model_rescale": 3.890672605050136, "target_rescale": 3.784880932335493},
{"mapping": [8, 7, 5, 6, 11, 3, 4, 12, 1, 10, 13], "R": [[-0.1274134697632601, -0.6072175603773036, -0.7842529197218986], [0.7866393129806579, -0.5434683376479041, 0.2929859335318714], [-0.6041228343608651, -0.5795938235899858, 0.5469063911311838]], "T": [-0.12109537533657523, 0.15543724818474242, 0.10992209817891103], "aligned_model": [[-0.6364759587331781, 0.164311930732001, 0.037914075325749794, -0.5628962821429279, 0.08965049942649801, -0.328804530352292, 0.19968612790932871, 0.5328695579772615, -0.5993506442103712, 0.7352922017700229, -0.017862980436630704], [-0.1812519184211775, -0.47504782192067957, 0.11391490846223257, 0.5200065513521277, 0.5901086783395899, -0.7428307555057418, -0.312240891660345, -0.001187091473309615, 0.24925453209860654, 0.2597729198511598, 0.02683680332318339], [-0.2645299083401104, -0.388069283567039, -0.6503173849703752, 0.04699733457435713, 0.3733781437970343, 0.16500981432874048, 0.5215450184730539, -0.21090624995694324, 0.716361299932654, 0.34498568497612236, 0.07594700161043795]], "inverted": true, "swapped": false, "error_lsq": 0.05306437484797388, "error_max": 0.25870306389980985, "target": "1130.xyz", "model": "12.xyz", "model_rescale": 4.124412569039231, "target_rescale": 3.784880932335493},
{"mapping": [8, 1, 3, 9, 7, 2, 4, 0, 10, 5, 12], "R": [[-0.1405177588919549, -0.7244139093362525, 0.6748920264724942], [-0.3012211024086836, -0.6180619425121028, -0.7261303482721702], [0.9431440011470569, -0.30532592942351533, -0.1313600773522412]], "T": [-0.02843624560711153, 0.08309582789937486, -0.02632212720177894], "aligned_model": [[-0.6622068589447079, -0.02505013435306089, 0.19636904295768146, -0.4909098997540534, -0.05978647694463138, -0.35770959554007853, 0.3487067896018706, 0.5273245376885777, -0.3084442954311913, 0.516756496188232, -0.07071560820317664], [-0.22897651247808615, -0.6472333415710636, 0.4236352682228495, 0.484859923911436, 0.6196356989543648, -0.6179602498765214, -0.42693428560740676, -0.0044513489357766445, 0.07425932376803179, 0.3324637284868909, 0.03803770957092779], [-0.15218627991995098, -0.386144496406262, -0.611342509396623, -0.20892826722992291, 0.29650879492220644, 0.35116290625824936, 0.4383376085825286, -0.1685643043954015, 0.656412873018631, 0.4366318699971466, 0.07851327542733091]], "inverted": false, "swapped": false, "error_lsq": 0.05427439661996733, "error_max": 0.2924958382495438, "target": "1130.xyz", "model": "13.xyz", "model_rescale": 3.9028299243045295, "target_rescale": 3.784880932335493},
{"mapping": [3, 6, 7, 4, 10, 2, 11, 9, 5, 14, 15], "R": [[-0.21084619746081268, 0.8657585340093901, 0.453878884512408], [0.22964395870460375, -0.4074525127165133, 0.883881271501709], [0.9501618458172241, 0.2905935489148226, -0.1129064040800804]], "T": [-0.17564983584408525, -0.10210987743379651, 0.2311388980397972], "aligned_model": [[-0.4986636001246214, 0.03646461742115911, 0.09751171797538741, -0.5786275451238317, 0.039942438334857305, -0.5593235820923037, 0.49843584631721427, 0.4678321875720082, -0.38872304692658466, 0.598029794289928, -0.09854483037775], [-0.17074557057518858, -0.45819964751016956, 0.37516694246375126, 0.39663032685442323, 0.6048070489237017, -0.7285992445206949, -0.34563876656744547, -0.03482705948199438, 0.20662398764043965, 0.27657205502179194, -0.0744541578029689], [-0.297671743825956, -0.2909873286642242, -0.48873439535327295, 0.011524580808653428, 0.1355301505707858, 0.2806898710140941, 0.410467818184855, -0.19576784167328937, 0.5795424584843893, 0.43379742051134373, 0.1520104808005535]], "inverted": false, "swapped": false, "error_lsq": 0.04376071868654456, "error_max": 0.22967154057654582, "target": "1130.xyz", "model": "14.xyz", "model_rescale": 3.942246331269136, "target_rescale": 3.784880932335493},
{"mapping": [9, 5, 10, 6, 11, 2, 12, 4, 8, 13, 14], "R": [[0.2653251104245846, -0.8975027922620781, 0.3522659842504742], [0.20624483625398427, 0.4097362277631449, 0.8885827430110242], [-0.9418416285643512, -0.16311027417119262, 0.29381862630379507]], "T": [-0.01347267821680024, -0.0743777558064645, 0.05927154421424108], "aligned_model": [[-0.614396025099741, -0.06087648908292038, 6.50815288069928e-05, -0.4333764972791493, 0.03301487436603658, -0.5122559560613115, 0.5561075652003563, 0.44867093283974535, -0.3639492714748775, 0.5937846345754911, -0.03245485224697435], [-0.08645391716064271, -0.6485241824097334, 0.29270557094790844, 0.29503059431153295, 0.6320063454293405, -0.6510569406872975, -0.3289183341819894, 0.1682348052780812, 0.22536844824080698, 0.2958400836452302, -0.1468965589675905], [-0.4763660232045448, -0.20697705714017062, -0.552338688142261, 0.062036130688569, 0.17316374602232026, 0.09538633491486026, 0.5873470108209131, -0.20761121072923328, 0.6806887124879016, 0.45310800001451457, 0.12196451512506298]], "inverted": false, "swapped": false, "error_lsq": 0.04816818956083626, "error_max": 0.29751411749126827, "target": "1130.xyz", "model": "15.xyz", "model_rescale": 4.355366556412066, "target_rescale": 3.784880932335493},
{"mapping": [5, 0, 9, 3, 10, 4, 2, 1, 6, 8, 11], "R": [[-0.8974284092262004, 0.43117822129951794, 0.09331447792660871], [-0.44096547959717874, -0.870453222849022, -0.21877073075569567], [-0.013103286509946122, -0.2374795323996047, 0.9713041622344174]], "T": [-0.05391448473749563, 0.08601292027331126, -0.01756988020403416], "aligned_model": [[-0.46286100518497286, 0.030625159696282184, 0.10997643572988422, -0.6889887264631248, 0.09495590154732461, -0.41700349690533334, 0.4111190248900556, 0.46566351387565297, -0.3083675462288291, 0.4961703714496135, -0.11695563514109077], [-0.14142321139536213, -0.558511327484188, 0.3076522800300088, 0.20788471782930684, 0.6596692162409905, -0.47899629794382487, -0.4820389289519767, 0.04377367316349984, 0.2021053836219418, 0.24407557686930867, 0.04314483246594157], [-0.46118619115584, -0.3027989130146602, -0.7060226858683067, 0.09576582156817401, 0.19688725018183117, 0.3609280507142042, 0.38465683852585664, -0.16873804075895601, 0.7556520429531178, 0.4918012648329757, 0.08345603287953639]], "inverted": true, "swapped": false, "error_lsq": 0.041224356562724475, "error_max": 0.22479965944536762, "target": "1130.xyz", "model": "16.xyz", "model_rescale": 3.795458400668931, "target_rescale": 3.784880932335493},
{"mapping": [10, 9, 11, 4, 7, 5, 6, 8, 0, 3, 12], "R": [[0.7282564339459139, 0.596098511835875, -0.3380963333185326], [-0.6834173888963475, 0.6683040383716561, -0.29378629112032256], [0.05082557398081941, 0.4450126700254628, 0.8940808042600675]], "T": [-0.1232783533666508, 0.07687222844021288, 0.13366026324528016], "aligned_model": [[-0.6114655630115274, 0.05563230197781141, 0.061638504282659545, -0.5695151197872579, 0.08659965607779566, -0.2716903700430026, 0.2944816209905575, 0.4945561361253139, -0.17343638471074876, 0.5124323570747986, -0.26489914171093787], [-0.2424900065470739, -0.6451920884076425, 0.289872162750772, 0.49478595814006743, 0.694074527917626, -0.6789469339794331, -0.3645105674945146, 0.02261014161928901, 0.1740181481446488, 0.2503748844820102, 0.05273968781989707], [-0.31196814053437194, -0.36086979526872864, -0.6251395476164598, -0.0705862819081482, 0.2129522692571503, 0.23003386466263512, 0.4303649688124246, -0.13656731092652022, 0.7159464726344196, 0.6007262731907488, 0.045508698554782914]], "inverted": true, "swapped": false, "error_lsq": 0.04059973223232745, "error_max": 0.19782187081258962, "target": "1130.xyz", "model": "17.xyz", "model_rescale": 3.7474275329858107, "target_rescale": 3.784880932335493},
{"mapping": [8, 6, 5, 3, 11, 0, 2, 9, 1, 7, 13], "R": [[-0.35784020700790287, -0.5857071887058365, -0.7272533776799164], [0.8687552789403339, -0.4943733916048571, -0.029312369170940433], [-0.3423662535382892, -0.6422943552386371, 0.6857428888925787]], "T": [-0.019501840199579658, 0.09870511953829111, -0.0035596947077354], "aligned_model": [[-0.6315684694031545, 0.2882050001783208, 0.06089168458288271, -0.6103259635842958, -0.05073764245635099, -0.45819668887838494, 0.20067497765609335, 0.536252910018172, -0.25239331318332886, 0.5515751191159233, -0.020043616780414955], [-0.007148594887483886, -0.5963958050403175, 0.2327470150136609, 0.3795415755594139, 0.7434164088635461, -0.5878311863831369, -0.413613283114572, -0.15524166986987561, 0.09404216498959464, 0.3570806805516108, 0.0007386087632057781], [-0.3655319088020498, -0.134517766222799, -0.7098100668143386, 0.17712489651523516, 0.3206444691766872, 0.18447519879692464, 0.43562676568448944, -0.2762717252743456, 0.6477913899432484, 0.4142111252956595, 0.036659092559220875]], "inverted": true, "swapped": false, "error_lsq": 0.04844082978132574, "error_max": 0.26466362328073517, "target": "1130.xyz", "model": "18.xyz", "model_rescale": 3.922800546911778, "target_rescale": 3.784880932335493},
{"mapping": [8, 13, 4, 1, 2, 12, 7, 11, 0, 9, 14], "R": [[0.9396956195079467, 0.12424684674312299, 0.31864535733628274], [0.3418362957500408, -0.31134713559212507, -0.8866853489634695], [-0.010958539385655969, 0.9421388869126303, -0.3350436213115588]], "T": [-0.155617831363484, 0.038890050426279056, 0.01597351016270296], "aligned_model": [[-0.580100799680113, 0.07513851942355446, 0.12351444348954488, -0.6316133190443998, 0.08100056847495224, -0.2841279172510257, 0.4086916749805822, 0.5081069416849562, -0.49709956871934485, 0.4949702632365836, -0.08414680932982788], [-0.15288686996547465, -0.49269891283460215, 0.11717975363828587, 0.6038541647918962, 0.6153796979508381, -0.678599965392725, -0.4225583519616084, -0.0779560895939016, 0.2213857350379341, 0.31822966261993824, -0.003992909844934452], [-0.38079654470003177, -0.3527790186840237, -0.6472180418028767, 0.06316322432084123, 0.3692444853965787, 0.31145156280237907, 0.34282389190033846, -0.21437409232750262, 0.7566003958665803, 0.41777905783362934, 0.06450655025202037]], "inverted": false, "swapped": false, "error_lsq": 0.045794121196019395, "error_max": 0.22521689271386008, "target": "1130.xyz", "model": "19.xyz", "model_rescale": 3.9282355846067225, "target_rescale": 3.784880932335493},
{"mapping": [10, 2, 12, 11, 8, 1, 5, 7, 4, 6, 13], "R": [[-0.6492138542657977, -0.5119678213759562, 0.5625036189260519], [0.23853946191029118, -0.8392836538744735, -0.4885712572907477], [0.722232854791927, -0.18300791844800104, 0.6669991043805332]], "T": [-0.006839326215075256, 0.08665622203557502, 0.13758784814369845], "aligned_model": [[-0.5271052274607221, 0.06348005057429923, 0.03884650873369007, -0.673781052615384, 0.06638755178694082, -0.29058714674417924, 0.3683858416979449, 0.46973781412230764, -0.3152777450600129, 0.5257217647466043, -0.11147436251602662], [-0.21121717708424262, -0.6391370117251345, 0.3366182021931543, 0.3448208562887761, 0.8121950741277957, -0.5904152593560129, -0.44747693295395374, 0.0074658150367710036, 0.3546073346954143, 0.11480429845562726, -0.034929285232548984], [-0.48114406398733595, -0.24581217459365595, -0.6737235336501857, 0.09396530198874231, 0.3540428725043411, 0.2877949709368493, 0.38577728860031824, -0.25573248584226393, 0.6197037967956811, 0.5149874033164901, 0.1305420947889519]], "inverted": true, "swapped": false, "error_lsq": 0.039962489228899487, "error_max": 0.2057884763921559, "target": "1130.xyz", "model": "20.xyz", "model_rescale": 4.067790424073018, "target_rescale": 3.784880932335493},
{"mapping": [12, 0, 3, 11, 6, 9, 8, 2, 13, 4, 14], "R": [[-0.6418080211964068, -0.09991596068764166, -0.7603283926881982], [-0.532788347804197, -0.6550120495961285, 0.5358132056304261], [-0.5515605500505155, 0.7489833213655328, 0.367157927797056]], "T": [-0.04757511963470756, -0.0550099329021029, 0.1993803584723805], "aligned_model": [[-0.58313534576043, 0.2962374320373617, -0.09077841405161766, -0.522388559401082, 0.17338334708881722, -0.5894108439764936, 0.3248595881914869, 0.5272920884479142, -0.4819828161351955, 0.6841389611472302, -0.12388144032252918], [-0.22202581103361654, -0.4557068338901223, 0.2854239375809733, 0.33680572513479273, 0.6494810285211128, -0.6121843583996049, -0.3923621138013338, 0.143009879160752, 0.2151744414072507, 0.16925264319856978, -0.06953262343312716], [-0.3224383912308206, -0.27569116495572094, -0.5790689152958324, 0.001731828213523967, 0.1501183655005765, 0.19484087971033767, 0.468924030581379, -0.2296158870133062, 0.677306986918004, 0.437651833228409, 0.2066419052013823]], "inverted": false, "swapped": false, "error_lsq": 0.0466460386012906, "error_max": 0.233424618779207, "target": "1130.xyz", "model": "21.xyz", "model_rescale": 4.186013935880536, "target_rescale": 3.784880932335493},
{"mapping": [9, 7, 0, 8, 5, 10, 4, 6, 11, 3, 12], "R": [[0.041297659656645336, -0.9991409070708046, -0.0034570398629750754], [0.8908583872812039, 0.03838819620684608, -0.45265624949040284], [0.45240008523166414, 0.015613910775811396, 0.8916783998015588]], "T": [-0.11026548129633532, 0.051338295127754584, -0.03491633531084827], "aligned_model": [[-0.679717943997101, 0.10249922955166652, 0.27665831808299324, -0.763969977872116, 0.15514806319140326, -0.3377755204671445, 0.20538747281213174, 0.438639657349854, -0.28057150240134515, 0.5796597141378305, -0.0816235131227103], [-0.18814336054122385, -0.5793989107850421, 0.3043615031517296, 0.4132264937000812, 0.7729293714763832, -0.7312630770511762, -0.4320538849968433, -0.03976934864430278, 0.1326250222811006, 0.3429349406642516, 0.051887165190688055], [-0.09674828142618766, -0.34350261947775357, -0.5899457675768256, 0.13647646965568966, 0.05111124777352828, 0.14417500166003233, 0.4058912888580769, -0.05089741885691193, 0.5678724385361246, 0.5048181139821157, 0.001150997730044248]], "inverted": false, "swapped": false, "error_lsq": 0.057092374876995255, "error_max": 0.32357577333965637, "target": "1130.xyz", "model": "22.xyz", "model_rescale": 4.166573947596378, "target_rescale": 3.784880932335493},
{"mapping": [6, 11, 2, 5, 0, 14, 9, 3, 7, 8, 15], "R": [[-0.11203078478415046, 0.9916892278486688, 0.06325803213473247], [0.8249025600062783, 0.05731694300438828, 0.5623615692236806], [0.5540621533327612, 0.11518352058147552, -0.8244682448892261]], "T": [-0.04272796935074872, -0.0562891341767225, 0.06761013741372393], "aligned_model": [[-0.5505466091538599, 0.27471495899106146, 0.05815743487453886, -0.7354751207215449, -0.04495907130927898, -0.40328696051893154, 0.3305889692063718, 0.497881175107281, -0.28309362195054644, 0.5522148806609976, -0.08186203792062688], [0.03506441698830122, -0.6305068890357003, 0.16484850013666352, 0.37682549488252903, 0.7431916272334234, -0.6795905268315438, -0.45901397584008, -0.08300674741143292, 0.34573730598228386, 0.2369879526864636, -0.0032012443452614087], [-0.49174877216484125, -0.37010813348308835, -0.5598685642914983, 0.2211519348626915, 0.23368631619056887, 0.39543684624414943, 0.3102958015466858, -0.19402811301511133, 0.6079699639308014, 0.530331107072686, 0.047283083964888624]], "inverted": true, "swapped": false, "error_lsq": 0.048671675380585804, "error_max": 0.23816257023321005, "target": "1130.xyz", "model": "23.xyz", "model_rescale": 4.274766983524099, "target_rescale": 3.784880932335493},
{"mapping": [3, 5, 2, 0, 1, 6, 7, 4, 8, 9, 10], "R": [[0.2750885448973387, -0.7278971588421095, -0.628085996194669], [-0.4446792715040175, -0.6755425070412063, 0.5881349051664407], [-0.852400514993346, 0.11750764796415006, -0.509514783602019]], "T": [-0.13282755117332534, -0.006563406027853422, 0.1066521140777412], "aligned_model": [[-0.3542599075401548, 0.19052017186583603, 0.07034608864942676, -0.7513992269313924, 0.0802537167673123, -0.5455273344423092, 0.25907648916462256, 0.43390296318122756, -0.21298711430696113, 0.561747410239039, -0.11733925938118438], [-0.15741427052363716, -0.6917222791431554, 0.43626058464510503, 0.3976518764910782, 0.6079991377871317, -0.5218695756566558, -0.3612486576300855, -0.022926598957926925, 0.004620125054768151, 0.29713451294950016, 0.05885105942952383], [-0.3875401683656694, -0.19706571089976996, -0.7246714728217187, 0.0944689499466703, 0.0631477062979066, 0.24504827207692123, 0.4554243491315818, -0.30106025626080446, 0.8404507927186239, 0.4978025365869272, 0.14439647244726397]], "inverted": true, "swapped": false, "error_lsq": 0.05531942102148199, "error_max": 0.2866965137950757, "target": "1130.xyz", "model": "24.xyz", "model_rescale": 3.7841303162186577, "target_rescale": 3.784880932335493},
{"mapping": [7, 8, 10, 11, 13, 1, 2, 9, 3, 12, 15], "R": [[0.9551741702820243, -0.18530548440955041, -0.23087698428771292], [-0.2958437056493916, -0.6261880436926885, -0.7213633174510333], [-0.010899828149246504, 0.7573311107990125, -0.6529401062595646]], "T": [-0.0803448955069815, -0.06503675717162069, 0.033572091325310596], "aligned_model": [[-0.5943500552419057, 0.10434837762148812, -0.022176621126850905, -0.5476212889512626, 0.001811109006944825, -0.3117903599418047, 0.45887281370544314, 0.4852108277668265, -0.30505708385291574, 0.4793182725467536, -0.13423199426725452], [-0.009375667551718175, -0.6160813987345046, 0.2254822149438576, 0.5428783052250564, 0.6729715676488571, -0.7707124549418599, -0.4524225063243944, -0.029104596421085732, 0.25937811073731587, 0.27793074039718, -0.053608400533058355], [-0.3607705248962435, -0.07457586984265825, -0.6857819828091193, -0.005410189311357769, 0.2797307813791466, 0.07218815498072408, 0.39130043986966556, -0.11132895153553819, 0.7358977376757483, 0.41346989385065724, 0.07568198149690797]], "inverted": true, "swapped": false, "error_lsq": 0.045588853586123815, "error_max": 0.25212791443320365, "target": "1130.xyz", "model": "25.xyz", "model_rescale": 4.19342608120988, "target_rescale": 3.784880932335493},
{"mapping": [5, 0, 9, 3, 10, 4, 2, 1, 6, 8, 11], "R": [[-0.8974284092262004, 0.43117822129951794, 0.09331447792660871], [-0.44096547959717874, -0.870453222849022, -0.21877073075569567], [-0.013103286509946122, -0.2374795323996047, 0.9713041622344174]], "T": [-0.05391448473749563, 0.08601292027331126, -0.01756988020403416], "aligned_model": [[-0.46286100518497286, 0.030625159696282184, 0.10997643572988422, -0.6889887264631248, 0.09495590154732461, -0.41700349690533334, 0.4111190248900556, 0.46566351387565297, -0.3083675462288291, 0.4961703714496135, -0.11695563514109077], [-0.14142321139536213, -0.558511327484188, 0.3076522800300088, 0.20788471782930684, 0.6596692162409905, -0.47899629794382487, -0.4820389289519767, 0.04377367316349984, 0.2021053836219418, 0.24407557686930867, 0.04314483246594157], [-0.46118619115584, -0.3027989130146602, -0.7060226858683067, 0.09576582156817401, 0.19688725018183117, 0.3609280507142042, 0.38465683852585664, -0.16873804075895601, 0.7556520429531178, 0.4918012648329757, 0.08345603287953639]], "inverted": true, "swapped": false, "error_lsq": 0.041224356562724475, "error_max": 0.22479965944536762, "target": "1130.xyz", "model": "26.xyz", "model_rescale": 3.795458400668931, "target_rescale": 3.784880932335493},
{"mapping": [5, 8, 6, 7, 0, 11, 9, 1, 3, 2, 12], "R": [[0.9367885652946057, -0.2927327074415066, 0.19166310528434982], [-0.15315931222242474, -0.8355721246711041, -0.5275997057923467], [0.31459403842544165, 0.4648943820553033, -0.8275891520075584]], "T": [-0.04151773387913644, -0.152096361334845, 0.14994481199524515], "aligned_model": [[-0.525333340986485, 0.02280818322386776, 0.024648495049745513, -0.6481408228392946, 0.12043703948379303, -0.2457250715352834, 0.20544617626011713, 0.46466207448312774, -0.2557251311080162, 0.6015551520565527, -0.1502987568226628], [-0.062398414608278274, -0.5255465248837109, 0.14597954444551453, 0.38444096893025054, 0.6600013217293133, -0.8329027914773, -0.2248762234791026, -0.057367968012721676, 0.32390959739983416, 0.2726048564097214, -0.036508452007874226], [-0.4199123670879179, -0.47226806302451463, -0.6168405192536092, 0.08403411633926053, 0.22438402638995966, 0.22979817546485318, 0.49358155169343554, -0.14187997046193365, 0.6720655615057056, 0.5752929669457854, 0.1021459923469081]], "inverted": false, "swapped": false, "error_lsq": 0.04727585610065799, "error_max": 0.24906208379066572, "target": "1130.xyz", "model": "27.xyz", "model_rescale": 3.6321398670334006, "target_rescale": 3.784880932335493},
{"mapping": [6, 9, 12, 4, 3, 13, 11, 8, 1, 0, 14], "R": [[0.5595863404235843, -0.8282092359162068, -0.03053832271807322], [0.027109521125649516, 0.05511985565906084, -0.9981116547643666], [0.8283285588917468, 0.5577017689188525, 0.05329667409045849]], "T": [0.08493838287680106, 0.05164129013828851, 0.09392237167045403], "aligned_model": [[-0.5278060493500485, 0.13701606378555362, -0.004302146944005797, -0.6719570978991227, 0.18742694402445104, -0.3895545981362029, 0.2462877773302543, 0.41404628313886177, -0.3724042775250208, 0.5580347713758773, 0.03754632746486498], [-0.21522441018669491, -0.5271730989172598, 0.14573099378566912, 0.3850477784843149, 0.6814431293007501, -0.596228794860731, -0.4809802461552422, 0.2824663506049262, 0.22336260325572466, 0.12228021277835655, 0.02661139635583289], [-0.30260555408738987, -0.2359775819422245, -0.7225903265558498, 0.04476347553979216, 0.3477053856483758, 0.2408852780339506, 0.4145569119254554, -0.23078888042936713, 0.5506681190443206, 0.49467372103465496, 0.129110922646215]], "inverted": true, "swapped": false, "error_lsq": 0.04761284392009348, "error_max": 0.23822592353650665, "target": "1130.xyz", "model": "28.xyz", "model_rescale": 4.156811204709835, "target_rescale": 3.784880932335493},
{"mapping": [3, 2, 4, 9, 1, 0, 8, 5, 6, 10], "R": [[0.9885178747408551, 0.10640552132813459, 0.10728595597146731], [-0.0985721808272942, -0.08403462763166779, 0.9915753660341501], [0.11452482911916936, -0.9907653841297118, -0.07258110722171594]], "T": [-0.06444448657650768, -0.10429481882383244, -0.00922553918920593], "aligned_model": [[-0.572428262552394, -0.033020322885764744, 0.12175538476684526, 0.6400581634237725, -0.026178362787210363, -0.7422222898470985, -0.30464848655291593, -0.5417462240795514, 0.2707498820379961, -0.16939410741309094], [-0.023808466236544465, -0.8323201557070227, 0.0883110672454377, 0.3205900970975799, -0.34504323447958696, -0.43986680853733995, 0.606988398893831, 0.2645530126338684, 0.28128345628575124, -0.0019670365697703335], [-0.46391001667239345, -0.2389736127769555, -0.693004361579709, -0.26743448699639344, 0.6471416588158544, 0.09518078856518188, -0.31681037158873054, 0.595668411802846, 0.3678497697720505, 0.03307894763334848]], "inverted": false, "swapped": true, "error_lsq": 0.060287098499607596, "error_max": 0.33495175262542665, "target": "1130.xyz", "model": "29.xyz", "model_rescale": 4.117894457231895, "target_rescale": 3.784880932335493},
{"mapping": [5, 1, 2, 9, 11, 8, 4, 3, 10, 12, 14], "R": [[0.5972344516202498, 0.39570225292259964, -0.6976609038994794], [-0.35479077285840643, 0.910437573266615, 0.21266624715485888], [0.7193292134290072, 0.12051204178992209, 0.6841361929405796]], "T": [-0.057801766035095514, -0.013630380954804358, 0.1617435186944242], "aligned_model": [[-0.6344360587075673, 0.10782182970521056, 0.038205516681696416, -0.49461578231145736, 0.025412398599052616, -0.4662167493612901, 0.5452587139457796, 0.3846315076276195, -0.3736390023235744, 0.5567168551051576, -0.07480523169516519], [-0.09658095959542216, -0.8066361724666528, 0.29415689248576377, 0.41652385231775735, 0.7059829874655186, -0.5776658335561307, -0.4531315059414209, 0.05387876713230692, 0.1747533899703364, 0.352253870471721, -0.016199373838131297], [-0.4353861703575099, -0.1279788777844896, -0.6140209101216426, 0.043485904171845, 0.18886607579839082, 0.03193251661591534, 0.3683467877330454, -0.1536158229183808, 0.7774377282813202, 0.43792009570870627, 0.21341414373073272]], "inverted": false, "swapped": false, "error_lsq": 0.04526780927146721, "error_max": 0.26156980011529457, "target": "1130.xyz", "model": "30.xyz", "model_rescale": 4.100398675895297, "target_rescale": 3.784880932335493},
