[{"mapping": [5, 8, 7, 11, 1, 10, 12, 3, 9, 0, 4, 2, 13], "R": [[0.8303852789872814, -0.5553723322932149, -0.0449651082997688], [-0.01872237769307622, -0.10846540124494775, 0.9939239051890696], [-0.5568749958605905, -0.8244979255619553, -0.10046596303873156]], "T": [0.035736487339233874, -0.11323452811848525, 0.10534809336756217], "aligned_model": [[-0.17008972037331152, -0.6236202019243456, -0.3073358663332647, -0.12327777828423109, 0.48841188584509787, 0.31795521467381105, 0.5589965147075855, -0.13792917490176554, 0.2524197576486976, 0.5363502839372905, -0.7370057123371888, -0.1531248305351584, -0.02302131817160232], [-0.8261035280064487, -0.03838715734877973, 0.45555439541617226, -0.2663929838798478, -0.4098420390165518, 0.2361022866834511, -0.010231895407220554, -0.2747655513546987, 0.5697419886770431, 0.2492142934133368, 0.43779909516297133, 0.30733532901884963, -0.010935379949279608], [-0.04248499379158639, -0.3072361514054707, -0.25544963817376387, -0.5567083933466047, 0.30573043163464186, -0.7967302316172002, -0.11983896084876274, 0.5711251560149078, -0.04740860742840909, 0.5673319816217955, 0.21775656930969928, 0.7207427986485982, -0.007000768802042742]], "inverted": false, "swapped": false, "error_lsq": 0.04871438961470383, "error_max": 0.29243958094145567, "target": "1132.xyz", "model": "0.xyz", "model_rescale": 3.8414455957264533, "target_rescale": 3.956911491467506},
{"mapping": [5, 4, 0, 2, 6, 7, 9, 10, 13, 8, 1, 12, 14], "R": [[-0.6581858749199445, -0.19754051219252916, -0.7264771848438056], [0.5444116446521657, -0.7913966225950526, -0.27804198767860244], [-0.5200070338206895, -0.5785059479278128, 0.6284294335795797]], "T": [-0.04272037636733679, 0.0502875959571263, 0.0013898473481017866], "aligned_model": [[-0.2425273280213171, -0.3749820629311566, -0.3182999658936164, 0.04425292540297052, 0.36690552038670965, 0.15180684142648815, 0.5901089358047104, -0.12651238435615259, 0.30294176284080077, 0.5220920896680052, -0.8641823054219483, -0.053746896016884774, -0.11912807893699447], [-0.5693683278576012, -0.0653269634995295, 0.577077956428212, -0.5185827491407323, -0.605552287945635, 0.20854691612050186, 0.15002832076226352, -0.29179073907273567, 0.7186226185844932, 0.16950236391295093, 0.2708021465640191, 0.32319766743996653, 0.05193193111282378], [0.10350009724768015, -0.4134024863944594, -0.41341754826875293, -0.46059164888940446, 0.11142550145393518, -0.5902757264805112, -0.23331961020450967, 0.5881969813459681, 0.09462601890753973, 0.5409054771614425, 0.1597297452047655, 0.7139121646229518, 0.04854022610915662]], "inverted": true, "swapped": false, "error_lsq": 0.04093272717646527, "error_max": 0.20400119217435242, "target": "1132.xyz", "model": "1.xyz", "model_rescale": 4.316132596720782, "target_rescale": 3.956911491467506},
{"mapping": [0, 1, 3, 9, 4, 7, 6, 11, 5, 10, 8, 12], "R": [[0.41663443678285683, -0.5372899924536191, 0.7333043093394592], [-0.4470249285508029, -0.8234722560609793, -0.3493739497329334], [0.7915708808065017, -0.18224408771488482, -0.5832689200979151]], "T": [0.01160791047271325, -0.017213345502718094, -0.053784375203150894], "aligned_model": [[-0.2052023360387789, 0.3685599405706035, 0.09618681299703608, -0.5369173535472673, -0.5299026406143666, -0.40896901299923183, -0.12027013275517118, -0.2674348025913119, 0.5600632609520365, 0.298971103765757, 0.2549400231549843, 0.08778369173749134], [-0.738798519327688, -0.5108082942381499, -0.48980695165498017, 0.5052666003403952, -0.1922513505076452, -0.12491090836406445, 0.3652607251204077, 0.5302072280450533, -0.01930091025971599, 0.032859131115645784, 0.647538029711337, 0.007521647760385372], [0.1651984137354982, 0.10170315170905651, -0.4573048222784422, -0.06455549151417668, -0.4766844716705686, 0.3583053480546559, -0.6957223804621326, 0.531931018969467, -0.6274362073313707, 0.7505883842486882, -0.09415438445691515, -0.04261009779433873]], "inverted": true, "swapped": true, "error_lsq": 0.04069045063703512, "error_max": 0.22792383041889425, "target": "1132.xyz", "model": "2.xyz", "model_rescale": 3.795458400668931, "target_rescale": 3.956911491467506},
{"mapping": [8, 2, 10, 0, 9, 7, 1, 6, 3, 4, 11, 12], "R": [[0.8414897830002979, -0.49190358892209696, -0.2234408295537605], [0.1393797119657867, -0.20191866948521656, 0.9694339311194212], [-0.5219849049526684, -0.8469118667954069, -0.10135111682992509]], "T": [0.10153923537879467, -0.06471643762512841, 0.06696954728841056], "aligned_model": [[-0.043548270494889574, -0.3993666214467895, -0.7461603812388076, 0.08247999222806168, 0.3026013303390631, -0.062385333144479055, -0.1444347808731201, 0.6889123192650914, 0.4714905024288887, 0.7392241578789036, -0.35014310168383656, 0.05463401248547895], [-0.13908042545127436, -0.4902612593196872, 0.0313700703329986, 0.047751640670208956, 0.5347210134355478, 0.4514216136434089, -0.42874120227188794, -0.12775443162945418, -0.41865845990330486, 0.19244081571871924, 0.5536361841986159, -0.1210765141341816], [-0.6230697693541202, -0.14536709497306377, 0.13233878238582764, 0.8432639402494897, -0.3504391879568709, 0.32198307925342495, 0.5166470431520432, -0.40924648270042996, 0.42916861328627665, 0.2400145079072263, -0.2993905822257461, 0.03286858161504251]], "inverted": false, "swapped": true, "error_lsq": 0.05253075498790382, "error_max": 0.25059204399181556, "target": "1132.xyz", "model": "3.xyz", "model_rescale": 3.7530521520055578, "target_rescale": 3.956911491467506},
{"mapping": [10, 9, 8, 6, 2, 4, 1, 7, 0, 3, 12], "R": [[0.477222771695921, 0.3708261150486959, -0.7967097454987949], [0.6859673644817836, -0.7238627801902943, 0.07396925253842906], [-0.5492788008295778, -0.5818166960934255, -0.5998184151109]], "T": [-0.025551223421725132, -0.046589567534184785, 0.0005571974162391167], "aligned_model": [[-0.46879620253509485, -0.21232133565392572, 0.3077633204737117, 0.4866921019090572, 0.2101613676096749, -0.05651905741724093, -0.055977464985504564, -0.6166401340812147, -0.4954215051395787, 0.22298765919174368, 0.01627085307357711], [-0.7774423153984059, 0.22234804478233441, -0.3736895388337447, 0.35428267856658247, -0.691758868367202, 0.6614654637767844, -0.2749182493330972, 0.02803926106433017, 0.1633161853116722, 0.2712591817661464, -0.11569848502105398], [0.039138842696659744, -0.6826490392950916, -0.5329610020504223, -0.39017398068541753, 0.07320752440795457, -0.019827542457941848, 0.5855079245084336, -0.05728821083270954, 0.5928466546990225, 0.48069015289162115, 0.004339453363207622]], "inverted": false, "swapped": true, "error_lsq": 0.04575981911523098, "error_max": 0.22636139177327583, "target": "1132.xyz", "model": "4.xyz", "model_rescale": 3.7855080009869324, "target_rescale": 3.956911491467506},
{"mapping": [7, 5, 2, 10, 8, 9, 15, 6, 14, 13, 1, 11, 16], "R": [[-0.7965973019534414, -0.35999363634477366, -0.4856308477761322], [-0.35357731931855196, 0.9290654136461491, -0.10872229040089536], [0.4903221571416131, 0.08510017013952882, -0.867376586759303]], "T": [-0.08893550365324786, 0.06339936244725161, 0.031539889949582275], "aligned_model": [[-0.2949792349711123, -0.6041120878736537, -0.29551990816030665, 0.1444801679164352, 0.44562806713875036, 0.1604727012176702, 0.7017273887460723, -0.1588787240649046, 0.27364730323141667, 0.40502856341483845, -0.6772972448508258, -0.15495312332904554, -0.06651481446372032], [-0.6567473338414316, -0.3464645555425996, 0.6533666847625071, -0.4152087113413414, -0.37875697905118244, 0.2656145892988212, 0.03164318554468214, -0.29623506325226634, 0.6132005143911952, 0.1318083899658173, 0.44844003623668705, 0.26390947438810264, 0.10451862185000554], [0.04898089006469293, -0.4393187941800693, -0.3622203543531188, -0.46586910679688903, 0.15007019163842727, -0.6039273150433087, -0.19902863022854095, 0.5717695576254577, -0.12321733930197805, 0.5570751830317098, 0.312036021851792, 0.7982690449985793, 0.0052098425090478725]], "inverted": true, "swapped": false, "error_lsq": 0.03859092129388328, "error_max": 0.21745871313794948, "target": "1132.xyz", "model": "5.xyz", "model_rescale": 4.2253639853439635, "target_rescale": 3.956911491467506},
{"mapping": [3, 0, 9, 4, 2, 1, 10, 6, 8, 5, 12, 11, 13], "R": [[0.9968874377934462, -0.047194941708978255, 0.06315119829982695], [-0.04668230792389842, -0.9988639489835593, -0.00956940687126721], [0.06353108291628794, 0.0065915778123048765, -0.9979580916077728]], "T": [-0.029601813194869358, 0.04705488840632258, -0.001132721894436601], "aligned_model": [[-0.26355293969540966, -0.6392705549083252, -0.2927792306021628, 0.17095944474093316, 0.4109960395534869, 0.194756251882184, 0.7394886523587052, -0.16729480030203986, 0.2949490696050292, 0.4254907995729793, -0.8042531635019902, -0.14630575555939385, -0.04445475919238136], [-0.6202516990012229, -0.06496023011811805, 0.517740994902813, -0.46237330228704315, -0.42520259006874744, 0.16143407856410502, 0.09205338520831077, -0.2874974501734786, 0.710268982972862, 0.10592724213181826, 0.3202014796737689, 0.3835201973490855, -0.011772235745155991], [0.05344072870167231, -0.5098755723858084, -0.2871198957386228, -0.449651854762387, 0.18057588608861697, -0.6905430797017421, -0.12355602633148667, 0.5306880582330417, -0.027183918427085625, 0.4349475760113939, 0.44231963136954194, 0.6907668911476703, 0.005020767610997714]], "inverted": true, "swapped": false, "error_lsq": 0.03554915371770078, "error_max": 0.25291574852699333, "target": "1132.xyz", "model": "6.xyz", "model_rescale": 3.89814844738969, "target_rescale": 3.956911491467506},
{"mapping": [3, 0, 2, 7, 8, 4, 11, 6, 10, 9, 1, 5, 12], "R": [[-0.0885334080842371, 0.21179416011782223, 0.973295982419005], [0.41019355729957446, 0.8981836657897415, -0.1581371179022259], [-0.9076910714570848, 0.3852393233413329, -0.16639586097196446]], "T": [-0.001051123331671601, -0.012325620524094652, -0.07387818094299069], "aligned_model": [[-0.2649377829044093, -0.5652776247481416, -0.2893534519194527, 0.030709704054484525, 0.4189460265875243, 0.11080086182921675, 0.7946598346108378, -0.21123945174954653, 0.2694517353332088, 0.46092172528436165, -0.7230014682778255, -0.1966428626547094, 0.04369180850606589], [-0.770537735485524, -0.16595165679613538, 0.6094785173728107, -0.44688191179303155, -0.465395406871634, 0.28765409917113566, -0.042667693401919476, -0.3042416928940315, 0.6624011203844397, 0.23148217920786401, 0.3075006343627396, 0.3694211977208211, 0.14682720243146208], [0.014779341553239109, -0.16905109487852432, -0.2521735144380537, -0.5652301516404628, 0.20183350737196137, -0.6333396090784909, -0.2196993016584094, 0.49881870600226563, 0.028472645185581583, 0.650749118408933, 0.22827323499119195, 0.5731070138592551, -0.10671070386268486]], "inverted": false, "swapped": false, "error_lsq": 0.03965210174465314, "error_max": 0.19548380334437995, "target": "1132.xyz", "model": "7.xyz", "model_rescale": 3.7474275329858107, "target_rescale": 3.956911491467506},
{"mapping": [13, 12, 0, 11, 9, 10, 5, 4, 3, 8, 1, 2, 14], "R": [[-0.34890765589637535, -0.7401287054848664, 0.5748677647722062], [-0.5228832785627708, -0.35531659314151415, -0.7748181694034773], [0.777725224392487, -0.5709287328166308, -0.2630282444682545]], "T": [-0.00905707603020824, 0.0487467331000144, -0.07320202911459472], "aligned_model": [[-0.4976685195333271, -0.4666983824080936, -0.18207664057761433, 0.12300049207172715, 0.6057686645610344, -0.023379424886245826, 0.6789327062033288, -0.0808999923041664, 0.2903463173384743, 0.37110685165680474, -0.6274143515622452, -0.2659934415770724, -0.046295225030990206], [-0.6522368067399792, -0.26224816750317337, 0.6433916402857484, -0.4483943911438534, -0.4010373588246595, 0.1260694838100173, 0.24224411842572827, -0.29209001645261135, 0.651628736299956, 0.0003505839358896867, 0.43753593448830097, 0.3381525224251407, 0.03572257440249275], [0.20606981487215437, -0.34612917194746023, -0.2983128957311517, -0.42233159944975385, -0.07810299293053866, -0.8275755587629692, -0.025764855545227908, 0.6274367875243203, 0.1738312383648194, 0.4910173579044901, 0.10365683193089398, 0.67433893231462, -0.02830469672839469]], "inverted": false, "swapped": false, "error_lsq": 0.05098993553697113, "error_max": 0.2711396717691707, "target": "1132.xyz", "model": "8.xyz", "model_rescale": 4.019505241142653, "target_rescale": 3.956911491467506},
{"mapping": [7, 0, 2, 4, 8, 3, 5, 9, 6, 11, 1, 10, 12], "R": [[0.9394185684236284, 0.18303413474724217, 0.28981245456023663], [0.038056362381625436, 0.7845748187578688, -0.6188651444808763], [-0.3406530002556549, 0.5924026158689594, 0.7300785396985966]], "T": [-0.02318314654592808, 0.09624059194459668, 0.06035276751902606], "aligned_model": [[-0.33198420408541524, -0.4343215216666573, -0.19327502545408728, 0.11298972077985601, 0.21787478625916384, 0.13622933707026333, 0.5629254416053866, -0.07834070110387274, 0.28099237582371167, 0.4876029366626346, -0.6450763382216411, -0.2524026407567007, 0.015514887038972709], [-0.7418982484891529, -0.17644523509074328, 0.49846948918135076, -0.45652002636704714, -0.505568396432859, 0.19257032467797724, 0.17064773498666613, -0.24548654134296416, 0.7399091031470763, 0.00024998138260913516, 0.20490470713641484, 0.64668349342703, 0.09157246719263888], [-0.08712326814290823, -0.3630309287993716, -0.3387121760350965, -0.5425629150528611, 0.24970414967912835, -0.7785566736011702, -0.2581829747479085, 0.6498612678654552, 0.2060577339561293, 0.4025996139287214, 0.3006573042792188, 0.755083502335866, 0.054034556150599725]], "inverted": false, "swapped": false, "error_lsq": 0.05236765894282983, "error_max": 0.3092044217448371, "target": "1132.xyz", "model": "9.xyz", "model_rescale": 3.877068213659057, "target_rescale": 3.956911491467506},
{"mapping": [12, 11, 9, 0, 5, 8, 7, 6, 2, 4, 14, 13, 15], "R": [[0.41586186094360844, 0.8007137749526412, 0.43118019807687175], [0.8290784146763943, -0.13894880212847038, -0.5415922938011032], [-0.3737484380304433, 0.5827097742342707, -0.7216380145763177]], "T": [-0.020373368290909775, 0.008488520629245738, 0.0952645917498731], "aligned_model": [[-0.2654522566570638, -0.42853993287175435, -0.2846194254795862, 0.07227872089748763, 0.42660097099320843, 0.12164266599657939, 0.6647119755537813, -0.4153613658680045, 0.14561981627414305, 0.5786907964070733, -0.5518812450555947, -0.1717168814233685, -0.01324478481528681], [-0.6963122112882515, -0.2463085769014112, 0.5115499105773061, -0.5501162292739633, -0.6320447276713033, 0.230720960398865, 0.34577583300118264, -0.23562028885515915, 0.649249133001164, 0.13723120736086633, 0.557199532343917, 0.405166505600149, -0.057402194884364544], [0.058015665868705116, -0.4643189774441556, -0.24051593642800911, -0.4643266513806721, 0.12570371272277808, -0.6298334185407326, -0.19314815065053725, 0.5010970030072683, 0.14246054772304684, 0.3827330716442829, 0.2563147367319379, 0.7413142904850561, 0.034333298076833635]], "inverted": true, "swapped": false, "error_lsq": 0.04798190934621443, "error_max": 0.2824693978661311, "target": "1132.xyz", "model": "10.xyz", "model_rescale": 4.260839863003843, "target_rescale": 3.956911491467506},
{"mapping": [11, 9, 6, 8, 5, 2, 10, 7, 4, 3, 1, 12], "R": [[-0.3287300294740374, -0.522628536645104, 0.7866358626494193], [-0.9311657851851745, 0.0402846320925761, -0.3623636694229205], [0.15769225796619302, -0.8516082204284805, -0.4998965799804601]], "T": [0.03772166743078751, 0.03932467383762466, 0.04225663122910656], "aligned_model": [[0.43859627071230584, 0.26827218274084175, -0.3833632661767051, -0.36390775821202337, -0.714747910699923, -0.3278652488523587, 0.31723409934428587, 0.6304595685301494, 0.21712848828976716, -0.1319890677049913, 0.026770193544613498, -0.017688902421831708], [-0.11590219737451313, -0.6031472129108444, -0.5868733835617571, -0.15667902218225047, 0.10497671634601971, 0.5056056498711742, 0.6366535625814037, 0.02986343671372981, -0.462591592344253, 0.12221036312204217, 0.6148445433423098, 0.08411764192987256], [-0.6897275311172274, -0.2864645434024173, 0.12179346029925925, -0.5082077192632015, 0.2859026802476408, -0.3127224954134102, -0.5028776577312949, -0.04065247086773568, 0.5098138214189333, 0.6402995121562038, 0.2950095565503457, 0.004011464518408954]], "inverted": false, "swapped": true, "error_lsq": 0.03592925211011508, "error_max": 0.17812854092006758, "target": "1132.xyz", "model": "11.xyz", "model_rescale": 3.890672605050136, "target_rescale": 3.956911491467506},
{"mapping": [10, 11, 6, 2, 4, 1, 0, 12, 8, 7, 9, 5, 13], "R": [[-0.8306125686055191, 0.5438537183618963, 0.1196072485198169], [0.5433465295920183, 0.7445363111712572, 0.3878662528859749], [0.12189056425684476, 0.38715476798231, -0.9139222483196873]], "T": [-0.007703607090214282, 0.12078339728800605, -0.05111635046682701], "aligned_model": [[-0.3163335421675852, -0.40562942593549284, -0.21616117921992523, -0.02560493892579436, 0.42136530708243136, 0.21155784561534205, 0.5025637225227368, -0.15350541146200294, 0.36964193059681627, 0.35219834441322057, -0.717851283841966, -0.21192789799310208, 0.06841558326693616], [-0.7006720776844213, -0.1381711355730663, 0.5696918457287651, -0.510517736780487, -0.433253514814963, 0.19627062445810609, 0.1991255198348979, -0.2647372845957847, 0.7053712638512404, 0.07188770655431226, 0.28726751722782295, 0.4002000191336593, 0.03662610606891496], [0.12063629217521109, -0.3292525697951814, -0.34621801003832803, -0.3777699194187599, -0.05122000014282517, -0.7937632277118992, -0.3377943996992918, 0.5695669700975817, 0.1361225805621255, 0.7202745796121413, 0.22053366523969908, 0.6454401600020908, 0.0732730709332384]], "inverted": true, "swapped": false, "error_lsq": 0.04481673936164528, "error_max": 0.31031960900516825, "target": "1132.xyz", "model": "12.xyz", "model_rescale": 4.124412569039231, "target_rescale": 3.956911491467506},
{"mapping": [4, 5, 7, 0, 1, 3, 6, 2, 9, 8, 10, 11, 12], "R": [[0.7680320609764966, -0.6329577570513515, -0.09742294955870362], [0.15331007507498096, 0.03401947555256241, 0.9875923734839351], [-0.6217899759506413, -0.7734385257224075, 0.1231668491748083]], "T": [0.006204798837320457, 0.048219046041998254, -0.12680688370335], "aligned_model": [[-0.4159402753670247, -0.6373406390613181, -0.4089604743280114, 0.00042919622614870714, 0.5084413798522756, 0.4079549448974643, 0.66870120203572, -0.08955665397202868, 0.21519419138039686, 0.3758061088285625, -0.5472276365949688, -0.12986985256300587, -0.06890243738259601], [-0.5878449660833293, -0.09646732206302935, 0.48704430290417855, -0.3645656539116344, -0.525087822162217, 0.17847832623491322, 0.12578161668405025, -0.2990694462832081, 0.6510377894622653, 0.19716334546784606, 0.21192999394453363, 0.40205200800006224, 0.038636681214565816], [0.0615872896501963, -0.4991790138589761, -0.29458013667724037, -0.5346583607053251, 0.1594481607395661, -0.7015961632051547, -0.07488985211775184, 0.6558909896189484, -0.0871298325770598, 0.4699397863499848, 0.3331071704913978, 0.7934315558408572, -0.031542401733640424]], "inverted": true, "swapped": false, "error_lsq": 0.039480354159576514, "error_max": 0.23484281322454068, "target": "1132.xyz", "model": "13.xyz", "model_rescale": 3.9028299243045295, "target_rescale": 3.956911491467506},
{"mapping": [6, 1, 12, 9, 7, 14, 10, 3, 5, 4, 2, 0, 15], "R": [[-0.0623014394961391, 0.3701381083319647, -0.9268852741289746], [-0.9830481475851781, 0.1376954958168075, 0.12106316517055882], [0.1724380183313974, 0.9187152612165528, 0.35528495414489797]], "T": [-0.08059835509933955, 0.14267465856674585, 0.012774315028933603], "aligned_model": [[-0.33275540747725896, -0.6172041449392968, -0.3131182908588368, 0.10700833470382859, 0.5231676568211384, 0.3285510933814848, 0.6486838972143917, -0.09538293286507864, 0.1514412010348154, 0.40885207267025325, -0.7383031670044281, -0.15766078714955978, -0.034550471579838926], [-0.47443397999158843, -0.08694165546919952, 0.632138248080616, -0.4785125655997401, -0.5315021417512505, 0.09773698274078035, 0.09726044798220426, -0.22612564594223708, 0.5941789773808831, 0.18424141376043784, 0.22445600215446887, 0.34031842456182937, 0.046274345501792685], [0.014192554076327333, -0.27275909874533566, -0.4238034706811082, -0.4112252356041966, 0.0525260520953862, -0.7705697899990871, -0.13364135348427125, 0.5152255035960633, 0.07913189286597516, 0.47975799515227485, 0.3335327315882867, 0.8141573274359316, -0.02669591648044446]], "inverted": true, "swapped": false, "error_lsq": 0.036484487762840044, "error_max": 0.21041461058342967, "target": "1132.xyz", "model": "14.xyz", "model_rescale": 3.942246331269136, "target_rescale": 3.956911491467506},
{"mapping": [11, 8, 0, 13, 4, 12, 3, 6, 5, 10, 7, 9, 14], "R": [[0.7055868097270681, -0.699177533630132, -0.1153170863578522], [-0.18794922174582512, -0.02774359007876065, -0.9817868318808727], [0.6832439856920202, 0.7144095951738243, -0.150985384521997]], "T": [0.04752695857374818, 0.06851805750741405, 0.0230492614232859], "aligned_model": [[-0.15499495143004316, -0.6598928982103274, -0.43733606838374955, 0.19733176753688092, 0.502179068503974, 0.24179880176651652, 0.6948050781797199, -0.3690594474121083, 0.3061854357310259, 0.32606893475894433, -0.6805174891541557, -0.10168762605172134, 0.013848448116658252], [-0.6125586051416513, -0.14448798785893724, 0.505890348927966, -0.5403112175228901, -0.2981343111121938, 0.03566514306289795, 0.24381550986736278, -0.11685999579184991, 0.6442317637248969, -0.2097517833179907, 0.4160715467135949, 0.3597640463552081, 0.13575439550258334], [0.11912464963367891, -0.20722556818858787, -0.3150791264050749, -0.49445946273787256, 0.07326356659850478, -0.7702069362315035, -0.2355039624516363, 0.3469012847938114, 0.08960058640725832, 0.6180120999544093, 0.3061346944681883, 0.7586259656815711, -0.03935859970694478]], "inverted": false, "swapped": false, "error_lsq": 0.054097863115527806, "error_max": 0.3746004704991349, "target": "1132.xyz", "model": "15.xyz", "model_rescale": 4.355366556412066, "target_rescale": 3.956911491467506},
{"mapping": [0, 1, 3, 9, 4, 7, 6, 11, 5, 10, 8, 12], "R": [[0.41663443678285683, -0.5372899924536191, 0.7333043093394592], [-0.4470249285508029, -0.8234722560609793, -0.3493739497329334], [0.7915708808065017, -0.18224408771488482, -0.5832689200979151]], "T": [0.01160791047271325, -0.017213345502718094, -0.053784375203150894], "aligned_model": [[-0.2052023360387789, 0.3685599405706035, 0.09618681299703608, -0.5369173535472673, -0.5299026406143666, -0.40896901299923183, -0.12027013275517118, -0.2674348025913119, 0.5600632609520365, 0.298971103765757, 0.2549400231549843, 0.08778369173749134], [-0.738798519327688, -0.5108082942381499, -0.48980695165498017, 0.5052666003403952, -0.1922513505076452, -0.12491090836406445, 0.3652607251204077, 0.5302072280450533, -0.01930091025971599, 0.032859131115645784, 0.647538029711337, 0.007521647760385372], [0.1651984137354982, 0.10170315170905651, -0.4573048222784422, -0.06455549151417668, -0.4766844716705686, 0.3583053480546559, -0.6957223804621326, 0.531931018969467, -0.6274362073313707, 0.7505883842486882, -0.09415438445691515, -0.04261009779433873]], "inverted": true, "swapped": true, "error_lsq": 0.04069045063703512, "error_max": 0.22792383041889425, "target": "1132.xyz", "model": "16.xyz", "model_rescale": 3.795458400668931, "target_rescale": 3.956911491467506},
{"mapping": [3, 0, 2, 7, 8, 4, 11, 6, 10, 9, 1, 5, 12], "R": [[-0.0885334080842371, 0.21179416011782223, 0.973295982419005], [0.41019355729957446, 0.8981836657897415, -0.1581371179022259], [-0.9076910714570848, 0.3852393233413329, -0.16639586097196446]], "T": [-0.001051123331671601, -0.012325620524094652, -0.07387818094299069], "aligned_model": [[-0.2649377829044093, -0.5652776247481416, -0.2893534519194527, 0.030709704054484525, 0.4189460265875243, 0.11080086182921675, 0.7946598346108378, -0.21123945174954653, 0.2694517353332088, 0.46092172528436165, -0.7230014682778255, -0.1966428626547094, 0.04369180850606589], [-0.770537735485524, -0.16595165679613538, 0.6094785173728107, -0.44688191179303155, -0.465395406871634, 0.28765409917113566, -0.042667693401919476, -0.3042416928940315, 0.6624011203844397, 0.23148217920786401, 0.3075006343627396, 0.3694211977208211, 0.14682720243146208], [0.014779341553239109, -0.16905109487852432, -0.2521735144380537, -0.5652301516404628, 0.20183350737196137, -0.6333396090784909, -0.2196993016584094, 0.49881870600226563, 0.028472645185581583, 0.650749118408933, 0.22827323499119195, 0.5731070138592551, -0.10671070386268486]], "inverted": false, "swapped": false, "error_lsq": 0.03965210174465314, "error_max": 0.19548380334437995, "target": "1132.xyz", "model": "17.xyz", "model_rescale": 3.7474275329858107, "target_rescale": 3.956911491467506},
{"mapping": [3, 1, 2, 11, 10, 7, 12, 8, 9, 5, 0, 4, 13], "R": [[0.4994146687746228, -0.24899612521384545, -0.8298107725507216], [-0.8543890623814866, 0.017143262414073684, -0.5193509782764322], [0.14354204504471388, 0.9683527447073684, -0.2041779692378395]], "T": [-0.013604534868167505, 0.04717185772006795, -0.013290733211050131], "aligned_model": [[-0.29230125954054964, -0.5270482123936528, -0.4405427765637715, 0.15526830378897505, 0.36524561240609055, 0.2201042933815344, 0.7126274019414762, -0.2144113593221579, 0.31409618370692394, 0.5198753995127803, -0.7720825101030744, -0.06791085344520584, -0.09419116941775357], [-0.5707284163785203, -0.15484185405528073, 0.5394710472748782, -0.4722496918495822, -0.48180328711233644, 0.2105127458224439, 0.13440437081676931, -0.26011677407811273, 0.6285478787921823, 0.055432931125196996, 0.24267506544257333, 0.4319246375652745, 0.11586020004351104], [0.020124356718655593, -0.4305250403737385, -0.29471207133455823, -0.4859638549480458, 0.21713763423373011, -0.7105132370850831, -0.16890109896490207, 0.6048555012990426, 0.03506551792363148, 0.4751259443803162, 0.2793388067103944, 0.7203590089579234, -0.011562275701563755]], "inverted": true, "swapped": false, "error_lsq": 0.028946483468002167, "error_max": 0.1758704913015096, "target": "1132.xyz", "model": "18.xyz", "model_rescale": 3.922800546911778, "target_rescale": 3.956911491467506},
{"mapping": [4, 10, 2, 11, 13, 9, 7, 8, 3, 12, 1, 5, 14], "R": [[0.06420174919152397, 0.6413471131830621, 0.7645600145263298], [-0.17399919003465325, 0.7615991717261152, -0.6242523395978428], [-0.9826507096970081, -0.0929547311213813, 0.16048987723254826]], "T": [-0.09596460326130417, 0.040933990023837435, 0.11959671845166095], "aligned_model": [[-0.2862430962560039, -0.46754899233597036, -0.3757502831830837, 0.17862989641632743, 0.3193266705198074, 0.054183425357782686, 0.6289082818675973, -0.23254452808920778, 0.2898490749228663, 0.5713021562778684, -0.7455993350381589, -0.04079097783300527, -0.014993238675205342], [-0.629536039555108, -0.21130815487433421, 0.4537214170091848, -0.38072635711536995, -0.4998544937345638, 0.31158898313588923, 0.07477215152973068, -0.26309881364475984, 0.5438476602934734, 0.1653929941552796, 0.3573706179447742, 0.44107440751400917, 0.05584448075079171], [-0.07567533185825775, -0.550402975127734, -0.394655628379455, -0.3844310835256103, 0.2026311726001449, -0.6333605380511905, -0.21450700539687564, 0.6327249991466889, 0.033719541233085, 0.5169367145144977, 0.28030017116841666, 0.7671901383793222, 0.06935901711277001]], "inverted": false, "swapped": false, "error_lsq": 0.04148579353662163, "error_max": 0.2346831215791801, "target": "1132.xyz", "model": "19.xyz", "model_rescale": 3.9282355846067225, "target_rescale": 3.956911491467506},
{"mapping": [0, 11, 9, 4, 3, 8, 6, 1, 7, 5, 10, 2, 13], "R": [[0.10850471476692686, 0.4984508894323927, -0.8601008299597231], [0.8978687858843328, 0.3222234353015054, 0.3000061683984029], [0.42668298560868606, -0.8048097716644309, -0.41258073297901904]], "T": [0.04418580836461555, 0.14683848918511605, -0.05103332080272607], "aligned_model": [[-0.34952965809311887, -0.5284192420759344, -0.32332108811814825, 0.0698645360783362, 0.34932434799620926, 0.2102765689691058, 0.695842855864435, -0.07859278685528476, 0.2014478700876594, 0.508311044325289, -0.7315823827653487, -0.10362545220191718, -0.04126755925966792], [-0.5403567246808618, -0.15259319261836507, 0.46558523249583206, -0.3581164986996071, -0.5115396493133306, 0.16549592740916397, 0.16296942080641214, -0.2734236615425108, 0.7173400376620258, 0.05982777725832028, 0.2736756525228821, 0.3430808575544001, 0.06714367455463596], [0.06275533288691112, -0.36059316230072913, -0.5427283684737438, -0.43014927680188453, 0.1484253654467715, -0.7931164282569543, -0.0949302403519556, 0.5570833929358703, 0.14363152838091175, 0.46346357287403217, 0.30157183602121684, 0.7353234522121851, 0.05909218724317056]], "inverted": false, "swapped": false, "error_lsq": 0.034864024114995666, "error_max": 0.27175150071136916, "target": "1132.xyz", "model": "20.xyz", "model_rescale": 4.067790424073018, "target_rescale": 3.956911491467506},
{"mapping": [0, 8, 5, 7, 12, 1, 10, 2, 13, 11, 4, 6, 14], "R": [[0.7031140223976706, -0.031248416674744595, 0.7103901800863308], [-0.6903582114121221, 0.20940698733659294, 0.692498558547574], [-0.17040015094953284, -0.9773291411341081, 0.12566438813937247]], "T": [-0.004129925078794531, 0.005709605673898069, 0.0784520240001662], "aligned_model": [[-0.2830804903774874, -0.4216707522079941, -0.26647222830960926, -0.0987757540864363, 0.5992001705333897, 0.14549795663070142, 0.7246103865754003, -0.5024923745335771, 0.3604661499976788, 0.5052196039206464, -0.7571542563960887, -0.19642400421767292, 0.06980464642266382], [-0.6474706771662351, -0.022702781035724137, 0.4752071815096231, -0.4153799458273473, -0.4521006603356396, 0.1780911608755787, 0.22053431706548032, -0.2748523432717969, 0.5920769002579718, 0.1345099931059191, 0.2529588371350405, 0.3675311120894132, 0.010685759006713397], [0.07809181658474955, -0.30887250489876644, -0.16488860778543302, -0.5301444875546754, 0.19428130770060253, -0.7097111556271224, -0.22826400606565694, 0.5545211296100078, -0.03716200178469502, 0.4552885555155661, 0.19801233816124048, 0.6946217143604674, 0.05405509359951742]], "inverted": false, "swapped": false, "error_lsq": 0.0454641178342724, "error_max": 0.30848875242542273, "target": "1132.xyz", "model": "21.xyz", "model_rescale": 4.186013935880536, "target_rescale": 3.956911491467506},
{"mapping": [11, 4, 6, 10, 9, 7, 1, 11, 0, 2, 3, 5, 12], "R": [[0.37743032962706446, -0.5661870998314597, 0.7327881783039668], [-0.09288463609677686, 0.7641784132292302, 0.6382819103904054], [-0.9213678910482906, -0.3089717151114271, 0.2358340276684608]], "T": [0.06806978420652997, 0.005254606465260336, 0.05166265588562355], "aligned_model": [[-0.32343284925083415, -0.48232914787563785, -0.23814874413016796, 0.04026536150769282, 0.44393689553685145, 0.18567990036887458, 0.7028768110714868, -0.32343284925083415, 0.3010145755720099, 0.45974063889883066, -0.7662688340876828, -0.14326882713674594, 0.022096122727770964], [-0.4229147300032945, -0.15493032635220325, 0.4050978723667142, -0.5342797371506908, -0.4816277337052254, 0.11941237024642688, 0.27133285050414435, -0.4229147300032945, 0.6888260882911659, 0.1878112636312047, 0.34507442876523103, 0.4101590982163428, 0.008042138602475074], [0.3013878769104243, -0.3944516250217909, -0.1854205038574522, -0.5842846994631936, -0.03271898719297078, -0.6635013850347911, -0.1960178694376323, 0.3013878769104243, 0.06763746156207184, 0.6541294278938314, 0.253504705844269, 0.6761041023240782, 0.05207281037853403]], "inverted": true, "swapped": false, "error_lsq": 0.0482839515908915, "error_max": 0.37330724948207206, "target": "1132.xyz", "model": "22.xyz", "model_rescale": 4.166573947596378, "target_rescale": 3.956911491467506},
{"mapping": [11, 2, 1, 3, 9, 4, 8, 12, 7, 10, 6, 13, 15], "R": [[0.44317742771296936, 0.5916393895500465, -0.6734661092427474], [0.8697562697111341, -0.46570543539139575, 0.16322523930165814], [-0.21706634668664967, -0.6580891126433859, -0.7209722053979282]], "T": [0.006021189703845246, 0.013160766783002587, 0.056752130224917915], "aligned_model": [[-0.22928570698358822, -0.4847489595946495, -0.38953509729640345, 0.04543239696895468, 0.3931366836772102, 0.12538331954098136, 0.7083704925807436, -0.4077222413790838, 0.3650562567778228, 0.4695985649550183, -0.7292368797219386, 0.04217082400701383, -0.02989059958046655], [-0.7390114292200988, -0.053446163168452396, 0.5093701980047932, -0.38135323785065917, -0.43565607177931487, 0.14699910582112302, 0.051968605221480724, -0.3210547712652441, 0.6184150282736404, 0.27723062337774673, 0.19914289171140898, 0.47626579261053786, 0.07021828167203563], [0.02575246316855579, -0.3987886655651702, -0.2679176790402265, -0.39516833723133926, 0.1524297453225899, -0.6557740056668497, -0.3423450366971913, 0.4395023132321418, 0.18383772031609602, 0.582398742596141, 0.11931292080694021, 0.7645939754762208, 0.04199503509789367]], "inverted": true, "swapped": false, "error_lsq": 0.045166915183802926, "error_max": 0.23514117371489643, "target": "1132.xyz", "model": "23.xyz", "model_rescale": 4.274766983524099, "target_rescale": 3.956911491467506},
{"mapping": [10, 1, 0, 7, 3, 4, 9, 6, 8, 5, 12], "R": [[0.1960830683885764, -0.9602494091352964, 0.19867687974858772], [0.33168532344043367, 0.2556171851530673, 0.9080994994319938], [-0.9227872325219588, -0.11216473113120909, 0.36862283785019045]], "T": [-0.010171115511588752, 0.06497632171046736, 0.0031443452688000514], "aligned_model": [[0.40756296611070586, -0.024293799875205524, -0.5816436507991589, -0.30271469441676035, -0.33325862082261026, -0.6142431157335254, -0.08912737116803315, -0.003422704086633987, 0.5832839239478926, 0.27323118344092423, 0.06452058736047973], [-0.029601271161303344, 0.5878887428458999, 0.3395347930617621, -0.2719143059507425, 0.5674424664868891, -0.04508921317461005, -0.6505947726508405, -0.08014480797316867, -0.20950743450942155, 0.6120317154655099, 0.09554061880350924], [-0.7375672787119485, -0.3455535839508312, -0.45911326164424165, -0.39588524392664504, 0.19411370354777177, 0.3576849893495873, 0.23916382461377342, 0.747897292388249, 0.27737860510901413, 0.50344184377546, -0.0019944565286122828]], "inverted": true, "swapped": true, "error_lsq": 0.050678910031738994, "error_max": 0.22751796052373438, "target": "1132.xyz", "model": "24.xyz", "model_rescale": 3.7841303162186577, "target_rescale": 3.956911491467506},
{"mapping": [10, 7, 1, 11, 13, 6, 3, 9, 4, 12, 8, 2, 15], "R": [[-0.1828358522395988, 0.23323554047359973, -0.9550770826461119], [0.16420196168681633, 0.965051731524214, 0.20423729155156317], [0.9693341874266177, -0.11948363127267572, -0.21474378906938008]], "T": [-0.1109374916796275, -0.005705895638904987, 0.03915456586855266], "aligned_model": [[-0.5144368917381087, -0.3954240758929735, -0.5018582613196999, 0.2194780687944045, 0.5273478941733628, 0.18496420596046548, 0.6455754379543762, -0.2042349546335156, 0.16770949614086483, 0.4000626133572258, -0.5261824132870906, -0.05379687393966358, -0.07047519161803345], [-0.6707373356917804, -0.2496248602801937, 0.5979905852739886, -0.48308063311994204, -0.45530740666317215, 0.23435916338555324, 0.1686195102443338, -0.15988297518294098, 0.6771699803421858, -0.09253593668932021, 0.35805042742747917, 0.48010781927213325, 0.013960515090672605], [0.05244076814171344, -0.4922365162839463, -0.14996947966930518, -0.463206346797061, 0.08865451296181648, -0.5747162715331954, -0.17602147320962258, 0.5956307289481259, -0.07372030750891637, 0.5927892315567157, 0.25060379416532197, 0.6131868054996152, -0.013606254455459176]], "inverted": true, "swapped": false, "error_lsq": 0.04333147175342898, "error_max": 0.23728847260911087, "target": "1132.xyz", "model": "25.xyz", "model_rescale": 4.19342608120988, "target_rescale": 3.956911491467506},
{"mapping": [0, 1, 3, 9, 4, 7, 6, 11, 5, 10, 8, 12], "R": [[0.41663443678285683, -0.5372899924536191, 0.7333043093394592], [-0.4470249285508029, -0.8234722560609793, -0.3493739497329334], [0.7915708808065017, -0.18224408771488482, -0.5832689200979151]], "T": [0.01160791047271325, -0.017213345502718094, -0.053784375203150894], "aligned_model": [[-0.2052023360387789, 0.3685599405706035, 0.09618681299703608, -0.5369173535472673, -0.5299026406143666, -0.40896901299923183, -0.12027013275517118, -0.2674348025913119, 0.5600632609520365, 0.298971103765757, 0.2549400231549843, 0.08778369173749134], [-0.738798519327688, -0.5108082942381499, -0.48980695165498017, 0.5052666003403952, -0.1922513505076452, -0.12491090836406445, 0.3652607251204077, 0.5302072280450533, -0.01930091025971599, 0.032859131115645784, 0.647538029711337, 0.007521647760385372], [0.1651984137354982, 0.10170315170905651, -0.4573048222784422, -0.06455549151417668, -0.4766844716705686, 0.3583053480546559, -0.6957223804621326, 0.531931018969467, -0.6274362073313707, 0.7505883842486882, -0.09415438445691515, -0.04261009779433873]], "inverted": true, "swapped": true, "error_lsq": 0.04069045063703512, "error_max": 0.22792383041889425, "target": "1132.xyz", "model": "26.xyz", "model_rescale": 3.795458400668931, "target_rescale": 3.956911491467506},
{"mapping": [4, 9, 1, 11, 10, 8, 5, 3, 6, 7, 2, 0, 12], "R": [[0.9213470915622332, 0.11519772153754294, -0.37128024701345586], [-0.2689196492104685, 0.8785551218379247, -0.3947443731845561], [0.280716510270295, 0.4635411339297821, 0.8404331371481967]], "T": [-0.08905091568792192, 0.021286230086648067, -0.08593453582074158], "aligned_model": [[-0.15052811110410375, -0.5029190415156333, -0.2790370109531205, -0.014415193255327266, 0.3933460013331418, 0.2515411627119105, 0.6523012077949251, -0.24661780144939754, 0.3720710636159199, 0.43604828403648876, -0.8357896878137528, -0.2265974925040997, 0.029325673054663173], [-0.8071274521350635, -0.09311406362334974, 0.5530277056998514, -0.4800195863272335, -0.48106588283954244, 0.282674536306192, 0.15254533268285378, -0.2129320278252887, 0.7032475673064178, -0.03053844990136409, 0.3264598997768603, 0.4611430557289983, 0.04478821855966623], [0.007951076432737833, -0.08612776711269994, -0.26344357015366, -0.5906092618571369, 0.064471573085768, -0.6745132473021651, -0.09127727606773041, 0.5962612154266439, -0.1449448265859724, 0.5319595745431133, 0.2663226875700898, 0.6060771000893063, 0.02770191374750773]], "inverted": true, "swapped": false, "error_lsq": 0.04732385146941201, "error_max": 0.2904290744716126, "target": "1132.xyz", "model": "27.xyz", "model_rescale": 3.6321398670334006, "target_rescale": 3.956911491467506},
{"mapping": [10, 9, 6, 11, 0, 13, 1, 8, 4, 3, 12, 7, 14], "R": [[-0.6605712383456057, -0.6924907298928107, 0.2900038414971009], [0.750190346210341, -0.5937448067888151, 0.29100094306397245], [-0.029327180624156124, 0.40978493557454637, 0.9117106026874993]], "T": [0.03938799903661337, -0.0342924110103551, 0.040062553107300336], "aligned_model": [[-0.28643118733523676, -0.47358925648427563, -0.2973028432282894, 0.11819802645154003, 0.33938734419594907, 0.04296432042833624, 0.6071712254500862, -0.24309616012222685, 0.25708052267577397, 0.4699699310975881, -0.6601876931169338, -0.06771727323810726, 0.0722820971774105], [-0.7403326067449189, -0.15571232549058567, 0.5592368595607903, -0.4392788803609655, -0.5624847503656251, 0.15287057553993932, 0.2908701637631025, -0.16216928099509234, 0.7649238122972329, -0.013676200837788505, 0.3244292230361526, 0.41026609469170405, -0.009853830684948467], [0.03550922512758953, -0.3706486604066469, -0.3317838114722137, -0.45217801373019495, 0.1829784016693944, -0.7545660131454662, -0.09835241687971913, 0.45343867934319315, 0.058246224700245486, 0.5746037130033476, 0.29584052533094274, 0.6659887305937247, -0.00924739231839461]], "inverted": false, "swapped": false, "error_lsq": 0.03590900792172087, "error_max": 0.21215503525182822, "target": "1132.xyz", "model": "28.xyz", "model_rescale": 4.156811204709835, "target_rescale": 3.956911491467506},
