[{"mapping": [1, 0, 12, 5, 11, 3, 6, 4, 8, 9, 10, 13], "R": [[-0.15055790753334158, -0.9142448791406526, 0.3761497274281551], [-0.735452853975719, -0.15068134403565137, -0.6606089858142858], [0.6606371288825292, -0.3761002971611473, -0.64969773773436]], "T": [0.06283989264610837, -0.07708663089561676, -0.11665253112955225], "aligned_model": [[-0.12188900389912677, -0.6622759823240894, 0.002526473122315527, 0.5955935595794662, 0.7234315125717894, -0.16931645775992607, 0.17377830213361256, -0.006599015481654147, 0.5984276632620377, -0.21923601973148096, 0.5148927078023124, 0.125517085396823], [-0.15804262563793833, 0.12168209621177808, 0.38281902773730314, -0.5373242145629692, 0.1452214298321943, -0.5441913966931743, -0.6650361309456508, -0.18363778014642249, -0.1104910252584699, 0.5502254045164405, 0.8235115205715892, 0.025207814977452198], [-0.6573608398500977, -0.2901760038095823, -0.4630177784572438, -0.393701547353568, -0.08116057904622676, -0.08323288820668685, 0.3593247150481942, 0.8305693632766302, 0.4513342803604767, 0.13564879991679557, -0.11626974551385803, -0.006437840149580126]], "inverted": true, "swapped": false, "error_lsq": 0.053235343376919785, "error_max": 0.2758763212256077, "target": "1133.xyz", "model": "0.xyz", "model_rescale": 3.8414455957264533, "target_rescale": 4.0091924582634615},
{"mapping": [0, 1, 12, 7, 13, 4, 2, 5, 9, 10, 8, 14], "R": [[-0.3597694277626725, -0.25380666830048887, -0.8978575243174861], [-0.5477291556066661, -0.7215829333627942, 0.42345110978477096], [-0.7553533815014851, 0.644127507102244, 0.12058616690367513]], "T": [0.12105457388264836, -0.028171057939728617, 0.005747068805494155], "aligned_model": [[0.09191337218557542, -0.6307849478575116, 0.0160781402340769, 0.4803325167770976, 0.5944129073882691, -0.12490895793803826, 0.1642901905827277, -0.2479140035309792, 0.7948696344409857, -0.17990912682037669, 0.5576204161140028, 0.03885068309625027], [-0.40199177656104046, -0.0011621081861140532, 0.7019977100529009, -0.5385577368776242, 0.2333456686800653, -0.5127110166566604, -0.5467940097589067, -0.0644648138600072, -0.1163155918889374, 0.47063490306343625, 0.6231514857626814, 0.002811406832339141], [-0.6146771652475154, -0.42145983815116567, -0.18950421158371517, -0.1471574760824851, -0.5256547475615366, -0.017495226026965557, 0.5289732559495983, 0.5506027718545279, 0.06668544171684171, 0.3649054802860541, 0.10317194736544737, -0.012870296303832681]], "inverted": true, "swapped": false, "error_lsq": 0.051275653878937205, "error_max": 0.3160779700645055, "target": "1133.xyz", "model": "1.xyz", "model_rescale": 4.316132596720782, "target_rescale": 4.0091924582634615},
{"mapping": [4, 0, 5, 6, 3, 2, 8, 1, 10, 9, 7, 11], "R": [[-0.04763785400953781, 0.9735890657127989, -0.2232822563255874], [-0.27046889610877545, 0.20261245229940128, 0.9411667070242782], [0.9615493804808293, 0.10522606757691827, 0.25367353744376137]], "T": [0.11669012362773906, 0.021409565123148698, 0.01755091770475971], "aligned_model": [[0.007074403047771946, -0.5494678278205694, -0.07803180793918513, 0.6653428205137453, 0.5426882012371472, -0.35046103281115787, 0.2245474069992584, -0.2132979334256424, 0.5929742859832479, -0.09140658280490013, 0.648482835137814, 0.1564060565545501], [-0.3045833316592353, 0.06460285821397233, 0.5182615514559034, -0.5141028473630969, 0.22031203758229795, -0.6721009669637519, -0.6098505221392079, -0.0753837961954521, -0.07642455891302377, 0.6098774027168019, 0.7407059934074924, -0.051369699540567394], [-0.6724076000235943, -0.22386569676203386, -0.3443625456549786, -0.27960667898828034, -0.4406853239455896, -0.02167076848218095, 0.4381619309534968, 0.43747494751442456, 0.4185717144880133, 0.4179917624268613, 0.033991113017009786, -0.07807291832789495]], "inverted": false, "swapped": false, "error_lsq": 0.04324185087506751, "error_max": 0.27008125715262243, "target": "1133.xyz", "model": "2.xyz", "model_rescale": 3.795458400668931, "target_rescale": 4.0091924582634615},
{"mapping": [1, 2, 0, 8, 7, 6, 3, 5, 9, 4, 7, 11], "R": [[0.9359439971045975, -0.3467130066246056, 0.06163542261715653], [0.19204613982756835, 0.3558344733225741, -0.9146037982495898], [0.2951730246164093, 0.8678547796910336, 0.39962603381940487]], "T": [-0.02514430202159848, 0.020811278824496807, -0.03319779014515119], "aligned_model": [[0.012112191802114564, -0.6925964678539822, -0.1335591256182407, 0.4763463454006598, 0.646122744274286, -0.09713639232936112, 0.2014872460653184, -0.09870354086837162, 0.6402316845186103, -0.05877157953788526, 0.646122744274286, 0.013194974544646007], [-0.09351500115078591, -0.23204996809726236, 0.6674552773989765, -0.5509686347940584, 0.35941807990480307, -0.5595668527616419, -0.6249895969292601, -0.07989569100194342, -0.11762954855262685, 0.5748137420566176, 0.35941807990480307, 0.14745423462451146], [-0.6511057908496479, -0.3130086325830587, -0.4601705168009156, -0.21246797160792813, -0.16754169002651143, -0.10582464420482733, 0.37747165822345713, 0.6583741585036382, 0.507786106711358, 0.28759062963209364, -0.16754169002651143, -0.06804168075589345]], "inverted": false, "swapped": false, "error_lsq": 0.0589526854707288, "error_max": 0.40874465430316237, "target": "1133.xyz", "model": "3.xyz", "model_rescale": 3.7530521520055578, "target_rescale": 4.0091924582634615},
{"mapping": [3, 0, 5, 1, 6, 2, 8, 4, 10, 9, 11], "R": [[0.8080203274955683, 0.15680328494854723, -0.5679048161296923], [0.40838055708720244, -0.8438507759880409, 0.34805342759054647], [-0.4246509989945875, -0.5131555297312174, -0.7458839932316372]], "T": [0.1157323293323709, -0.008805579303681817, 0.00983193123238915], "aligned_model": [[-0.48748793504568233, -0.14574661560841065, 0.32227385556001537, 0.45025417296642645, 0.34908302152102866, -0.1674333067282969, -0.19006491686452517, -0.6260828244127628, -0.4615579497234168, 0.321841402407118, -0.026879301626289237], [-0.5449529889462964, 0.004994965645499748, -0.3308637468799334, 0.3515973039308446, -0.8594322930505058, 0.6798227972524874, -0.47550994503047866, -0.003450408996618838, 0.29253913948580856, 0.3864072378454277, -0.0339487029418888], [-0.24644296108778782, -0.648090801833398, -0.31237198177231973, -0.5262497016230263, 0.1330505909938068, 0.0012020186118751035, 0.4818955816207182, 0.12266530473176554, 0.6847751481459143, 0.4009698701857126, 0.0014277092720552092]], "inverted": true, "swapped": true, "error_lsq": 0.045546924823606644, "error_max": 0.22030781506227987, "target": "1133.xyz", "model": "4.xyz", "model_rescale": 3.7855080009869324, "target_rescale": 4.0091924582634615},
{"mapping": [12, 2, 0, 13, 6, 14, 15, 9, 8, 3, 7, 16], "R": [[0.35749792809071385, -0.7508984752137157, -0.5552897543918527], [0.7059081610720667, -0.1720288387779229, 0.6870951511694526], [-0.6114645529731877, -0.6376186623291672, 0.4685654083549739]], "T": [0.18423894213803305, 0.07326795147657747, -0.08925942743461987], "aligned_model": [[-0.0014840363345319796, -0.5525318706598354, -0.19633478606852833, 0.5697180337935525, 0.7614032903101188, -0.2348687732076047, 0.2735345350404162, -0.2833889967591131, 0.7286124755785103, -0.3447035595854918, 0.6919496584044479, 0.14294485416013913], [-0.358393153862413, 0.06410245084208019, 0.6988308541192918, -0.5108484051976406, 0.1628283148498096, -0.4543907587069065, -0.5098437780544655, -0.06457955168953758, -0.18988770347831033, 0.3813525341649119, 0.5891485446176078, 0.04162477299770478], [-0.5814391998907349, -0.1428360136078639, -0.35816196657602295, -0.27656022998888496, -0.38069951489430454, -0.029072991769004207, 0.4863490459718992, 0.42962032345446355, 0.27090224642645877, 0.23894831954807114, 0.10430326030403353, -0.07583334276285789]], "inverted": true, "swapped": false, "error_lsq": 0.045964511223837934, "error_max": 0.23836805256283497, "target": "1133.xyz", "model": "5.xyz", "model_rescale": 4.2253639853439635, "target_rescale": 4.0091924582634615},
{"mapping": [12, 0, 3, 11, 6, 9, 8, 1, 5, 4, 2, 13], "R": [[0.5885964932544575, -0.005172806533940533, -0.808410421878094], [0.21285082427844024, 0.9656885577335566, 0.14879561843841987], [0.7799030034129525, -0.25965140387651614, 0.5695019347925082]], "T": [0.12463985642208336, -0.02026820625684443, 0.029670456992060914], "aligned_model": [[0.07980647869825497, -0.6299234564785239, 0.055044157040430655, 0.6412341013715801, 0.5046386558619904, -0.26467905317465773, 0.26692892724484546, -0.33872588764121137, 0.7357956983085685, -0.139047454957282, 0.5210476998588337, 0.12273095853925067], [-0.48022158377127233, 0.04717199497979159, 0.5827948905121838, -0.45816396706634166, 0.2136093420850359, -0.48917778964751957, -0.6070588945399539, -0.003746917394527524, -0.053705797173584396, 0.5698910097372561, 0.4948132236335161, 0.033738609247548255], [-0.7813638352693539, -0.23329090026071456, -0.33704579931691453, -0.35364596264492704, -0.4336007086646522, 0.063597094316899, 0.4554584136880207, 0.5986388359036342, 0.19126170332796624, 0.31792800468383586, 0.19617437370622995, 0.001408716745229372]], "inverted": true, "swapped": false, "error_lsq": 0.04750606509233737, "error_max": 0.28383167900760886, "target": "1133.xyz", "model": "6.xyz", "model_rescale": 3.89814844738969, "target_rescale": 4.0091924582634615},
{"mapping": [10, 9, 11, 2, 4, 5, 1, 6, 0, 8, 7, 12], "R": [[0.8407565545112548, -0.42455670367613163, -0.33597622149494616], [-0.008835863186907517, -0.6312309791667445, 0.7755445689719808], [-0.5413412450276683, -0.6490755397516151, -0.5344629080937643]], "T": [0.2155013309065184, 0.09070420159911734, 0.031177336174406534], "aligned_model": [[0.004710633682442289, -0.6384317025489181, -0.049002746592718194, 0.5227877686696547, 0.6527215782923699, -0.24542159375143324, 0.31245708543442796, -0.18479153398566894, 0.5730534592175793, -0.2385110205097173, 0.6205182551936089, 0.22476064157045217], [-0.24607909733075117, -0.05490829898978154, 0.6597196014118102, -0.45471499715889324, 0.15607049788519056, -0.5312103690237746, -0.6900519980997033, -0.046230318726575195, -0.119042655699112, 0.565577137083527, 0.5906551821322298, 0.02015943711796596], [-0.5861134823040712, -0.18686223152021667, -0.48029058753664, -0.29994316653416686, -0.4379297848224613, 0.08904726270392864, 0.34071885250076245, 0.5588044871886013, 0.4544657943941596, 0.1925937300774243, 0.16264971978009257, -0.12162065771215962]], "inverted": false, "swapped": false, "error_lsq": 0.03685028522423026, "error_max": 0.20635419951942716, "target": "1133.xyz", "model": "7.xyz", "model_rescale": 3.7474275329858107, "target_rescale": 4.0091924582634615},
{"mapping": [12, 1, 4, 10, 11, 0, 6, 3, 7, 8, 9, 14], "R": [[0.4132626085411628, -0.14321680587882024, -0.8992791351385963], [-0.7977200968303693, 0.41932297151407094, -0.4333715411440347], [0.43915448704835036, 0.8964692923209796, 0.059043580775748006]], "T": [0.06980480194991481, 0.03460959248915685, -0.10591166477198309], "aligned_model": [[0.15565266256204732, -0.5932905948577104, -0.2371020664432991, 0.5033287813055183, 0.6307271231281134, -0.1983429602014319, 0.24071535601968233, -0.24248611124257027, 0.6693072491501177, -0.05435297365589642, 0.6533604223850332, 0.027333936522475413], [-0.1098011344926324, -0.2421308719293328, 0.7427957084981378, -0.5787409661021897, 0.11157630252345421, -0.5410378066954408, -0.4916339211516808, -0.06105349999839124, -0.1124904978870927, 0.591527820228841, 0.4754422648295009, 0.06549072277895891], [-0.6995599660078803, -0.3261865615165488, -0.2343890755129776, -0.21136976682027347, -0.36266491351564556, 0.06998628033311081, 0.4947508405138511, 0.5324123088164564, 0.18190079349951715, 0.2677690147184486, 0.10732490091095297, -0.13445391920375838]], "inverted": true, "swapped": false, "error_lsq": 0.05504975265844276, "error_max": 0.2939217054968075, "target": "1133.xyz", "model": "8.xyz", "model_rescale": 4.019505241142653, "target_rescale": 4.0091924582634615},
{"mapping": [5, 2, 4, 11, 8, 6, 10, 1, 9, 0, 7, 12], "R": [[-0.016532347057050926, 0.09523157478422634, -0.9953178530825728], [0.213322981821911, 0.9728698856763467, 0.08954044321255666], [0.9768418433540786, -0.21084385859732496, -0.036398906087922206]], "T": [0.058845915124577874, -0.05277657469798082, -0.028803232303775364], "aligned_model": [[-0.03624932666052577, -0.5326785437494139, 0.07859647767057458, 0.49891502973394397, 0.6690489173351581, -0.2013199078397262, 0.0750531401212494, -0.034635773827866284, 0.6706456055547543, -0.1521862922564144, 0.4507043463531703, 0.06895715223717563], [-0.16182706975230793, -0.04490070652807147, 0.6310049788122538, -0.38536869198691653, 0.17287973197359235, -0.7195643768164395, -0.7495147394527097, -0.015815931254811066, -0.12124513121342709, 0.5496559155064701, 0.7561292726243657, -0.06148913130986631], [-0.6842340857583532, -0.03179446466850326, -0.49746875653333483, -0.31685041919714013, -0.21009983662564774, -0.15438033799680773, 0.5648911451749979, 0.6391790929395068, 0.26843952536859295, 0.09443061152599375, 0.07937389151859015, -0.06596642953264117]], "inverted": true, "swapped": false, "error_lsq": 0.052997285078030476, "error_max": 0.32439621278577374, "target": "1133.xyz", "model": "9.xyz", "model_rescale": 3.877068213659057, "target_rescale": 4.0091924582634615},
{"mapping": [5, 1, 4, 12, 6, 0, 11, 8, 10, 2, 13, 15], "R": [[-0.6333251785256941, -0.3520145966971167, -0.6891915132657717], [0.5061594509978722, 0.4852482117019905, -0.712977407219579], [0.5854074037889604, -0.800387341699122, -0.12914439529798694]], "T": [0.1813942762171337, 0.11359884664777954, 0.010589872342660085], "aligned_model": [[-0.11312571408141545, -0.5873557544431015, -0.18445776603997213, 0.4406741993294673, 0.7539099843360918, -0.13515781391443513, 0.2554752659710374, -0.3446343220727971, 0.709212370034798, 0.0005877196816529706, 0.6097814631594077, 0.14994119271134565], [-0.21049348671118462, -0.119695377471546, 0.5581622112497744, -0.5009205247225191, 0.06495728233266466, -0.6121203304692563, -0.5338414750845907, -0.1218264399273697, -0.12328809428998551, 0.6638193869683028, 0.7552166317024446, 0.029974337025398215], [-0.636880263659777, -0.3172878572393964, -0.34522802739684133, -0.3260628855474923, -0.21338409333834166, -0.07243112398777371, 0.3569831647371163, 0.5236120785191936, 0.4210815488864279, 0.3345060714940435, -0.03890287388244068, -0.00048580236946489837]], "inverted": true, "swapped": false, "error_lsq": 0.047544035154103804, "error_max": 0.23791729034193143, "target": "1133.xyz", "model": "10.xyz", "model_rescale": 4.260839863003843, "target_rescale": 4.0091924582634615},
{"mapping": [3, 1, 2, 5, 4, 0, 6, 7, 10, 8, 9, 11], "R": [[-0.5335735567220168, 0.7691378703652937, 0.3517473467376228], [-0.15146945962697586, -0.4960770519405526, 0.8549646550228157], [0.8320794807993577, 0.40290755131656575, 0.38119449461496746]], "T": [0.13083183959176445, 0.028602453260130327, -0.013798738053481786], "aligned_model": [[-0.06079593088304047, -0.5620945172579243, -0.027919025773629813, 0.541399848253823, 0.7412504627791395, -0.33755142440046504, 0.31794692698986965, -0.21475168202172776, 0.5625535776890673, -0.07565459282192452, 0.5972829691204254, 0.07318421299846659], [-0.25837584458385965, 0.09090733603603071, 0.44914122354589847, -0.4312585592468352, 0.22121230318537455, -0.7042003919268331, -0.7285821815622635, -0.14757548862558995, 0.03166868443804743, 0.6464331154528, 0.6684763819895245, 0.012097541899838159], [-0.6340852247370049, -0.21186894961138045, -0.5317779186908135, -0.2905163950384271, -0.36931724499654595, 0.10304037163546062, 0.29428356833736774, 0.5145373213484619, 0.4411086493593938, 0.28829732802877855, 0.07957127989156143, 0.002247150688401006]], "inverted": false, "swapped": false, "error_lsq": 0.049967600697962807, "error_max": 0.3089026647319587, "target": "1133.xyz", "model": "11.xyz", "model_rescale": 3.890672605050136, "target_rescale": 4.0091924582634615},
{"mapping": [5, 7, 8, 9, 6, 12, 10, 4, 11, 0, 1, 13], "R": [[0.5983053872599887, -0.5201863670094166, 0.6094561568753079], [-0.33834269051777727, 0.5254634248225046, 0.7806487128965217], [-0.7263297373430795, -0.6732713663533813, 0.13838634289475463]], "T": [0.20781348170181418, 0.06678052280704969, -0.013429779627975952], "aligned_model": [[-0.07660004558542521, -0.5839007953084636, -0.08548156616238295, 0.5526588840180098, 0.6356567315342299, -0.18171169798496806, 0.16519727492361724, -0.1919547570769719, 0.6346824943995932, 0.057221686946059114, 0.5750053944142652, 0.05407722055451669], [-0.30947397205926186, -0.1458004104469001, 0.510922005225439, -0.46685624139491244, 0.32086090885240537, -0.5683144980612596, -0.6507374605272674, 0.06744294408655632, -0.17470931942638188, 0.6016495695689987, 0.6594335029478043, 0.005527091836912183], [-0.6319066849558849, -0.2478695814351227, -0.49913277975425363, -0.46302278270391595, -0.3040354487768031, -0.020952784568472646, 0.5184464343111835, 0.5621064575342878, 0.23602495773282828, 0.18639953232455111, 0.3318684027580491, 0.01759421374880598]], "inverted": true, "swapped": false, "error_lsq": 0.045267386823319246, "error_max": 0.2687786024675523, "target": "1133.xyz", "model": "12.xyz", "model_rescale": 4.124412569039231, "target_rescale": 4.0091924582634615},
{"mapping": [6, 1, 0, 9, 7, 8, 11, 2, 10, 4, 5, 12], "R": [[-0.15953804640419827, 0.6231099549527479, 0.7656902740588497], [-0.09325459567802763, 0.7626436966737795, -0.6400610692025251], [-0.9827772851131936, -0.17351822948190945, -0.06356281855773824]], "T": [0.18046483667549135, 0.07112956248922037, -0.21650488236770646], "aligned_model": [[-0.1679959593918406, -0.6308463826922848, -0.009279508490173727, 0.49927729188104747, 0.8048420494518247, -0.09814026323677905, 0.26194317650112664, -0.2501269884805089, 0.4984453561669767, -0.10307398169378712, 0.559605148603098, 0.19020088605337995], [-0.3346416311064441, 0.004938121476741497, 0.579170227530124, -0.4299534894093618, 0.10556733188880946, -0.5675629217518372, -0.6434633128188645, -0.1442739022932959, -0.03903977639560523, 0.558425390861644, 0.7049298802683874, 0.0558482023518346], [-0.6184223202030789, -0.2004706261206374, -0.4230458214971551, -0.4529698174134763, -0.1712852989941041, -0.04519455058557917, 0.471442182481528, 0.49804920314117396, 0.44027573419395527, 0.3316052980505315, -0.04829174338422415, -0.09617230345368044]], "inverted": true, "swapped": false, "error_lsq": 0.04121289081814696, "error_max": 0.24286812116070292, "target": "1133.xyz", "model": "13.xyz", "model_rescale": 3.9028299243045295, "target_rescale": 4.0091924582634615},
{"mapping": [6, 2, 11, 7, 9, 3, 4, 5, 10, 12, 14, 15], "R": [[0.2875370881464326, -0.1183124028275831, -0.9504339000043268], [-0.47901451278433166, -0.8770792474673927, -0.03573639886756835], [-0.829377790564867, 0.46554717161550485, -0.3088661708872367]], "T": [-0.05178272398225581, -0.02373673514201892, 0.041708240235270796], "aligned_model": [[-0.0034288113203055637, -0.7517309203232629, 0.11008591369671972, 0.7061921600267224, 0.5273312954024381, -0.11057199497048605, 0.14669049842533438, -0.07494735886602535, 0.6225706883872325, -0.2716888846606015, 0.6128341948960334, 0.041514043978280485], [-0.17242683649755686, -0.11238286260420272, 0.6101257689485736, -0.45067504739359615, 0.09442496848666727, -0.600148676422259, -0.5582303533976212, 0.011880287163274966, -0.09834213761380173, 0.5997560043554456, 0.5595183477405745, -0.033555342163365934], [-0.6063360600547615, -0.16891976379247903, -0.30161894829177044, -0.21092926406787366, -0.4597997066721868, -0.18847112635602187, 0.40816181971552445, 0.5519010087727704, 0.34998427108526176, 0.2588219736805382, 0.07559794686282055, -0.02287221466656912]], "inverted": true, "swapped": false, "error_lsq": 0.04837156971739984, "error_max": 0.2288783634501044, "target": "1133.xyz", "model": "14.xyz", "model_rescale": 3.942246331269136, "target_rescale": 4.0091924582634615},
{"mapping": [3, 12, 0, 5, 2, 4, 10, 11, 9, 8, 7, 14], "R": [[0.28567716798920006, 0.6005862696049952, -0.7467828924470795], [-0.9174266487121275, 0.3966174337062067, -0.03198367572899197], [0.2769781578437278, 0.6942555322374165, 0.6642983938225625]], "T": [0.0520589299936889, -0.08028666718181103, 0.004003929761270616], "aligned_model": [[-0.107893637478792, -0.5800391940826247, 0.1568717031884469, 0.4485035372652434, 0.5999282165263902, -0.21407818398958567, 0.2692735017296358, -0.3017892212475636, 0.8069588202890055, -0.16529900757502647, 0.5873309584628377, 0.05508333158411252], [-0.555031063138779, 0.003101431860538309, 0.5650884019574077, -0.2300204351224312, 0.2846145928687283, -0.5867004467649998, -0.5919497168214993, -0.057641772678065216, -0.1358115203250405, 0.6081150891153372, 0.5613508682282172, -0.015171308577280856], [-0.5113414545850543, -0.5074397569140631, -0.33248200690923946, -0.4684270496343672, -0.3824339487226634, 0.13198868405461464, 0.4512390687006711, 0.6272131396359418, 0.2782400551129522, 0.2827501856835116, 0.18501397594795754, -0.06880095615500834]], "inverted": false, "swapped": false, "error_lsq": 0.05592576486388426, "error_max": 0.32276954857187307, "target": "1133.xyz", "model": "15.xyz", "model_rescale": 4.355366556412066, "target_rescale": 4.0091924582634615},
{"mapping": [4, 0, 5, 6, 3, 2, 8, 1, 10, 9, 7, 11], "R": [[-0.04763785400953781, 0.9735890657127989, -0.2232822563255874], [-0.27046889610877545, 0.20261245229940128, 0.9411667070242782], [0.9615493804808293, 0.10522606757691827, 0.25367353744376137]], "T": [0.11669012362773906, 0.021409565123148698, 0.01755091770475971], "aligned_model": [[0.007074403047771946, -0.5494678278205694, -0.07803180793918513, 0.6653428205137453, 0.5426882012371472, -0.35046103281115787, 0.2245474069992584, -0.2132979334256424, 0.5929742859832479, -0.09140658280490013, 0.648482835137814, 0.1564060565545501], [-0.3045833316592353, 0.06460285821397233, 0.5182615514559034, -0.5141028473630969, 0.22031203758229795, -0.6721009669637519, -0.6098505221392079, -0.0753837961954521, -0.07642455891302377, 0.6098774027168019, 0.7407059934074924, -0.051369699540567394], [-0.6724076000235943, -0.22386569676203386, -0.3443625456549786, -0.27960667898828034, -0.4406853239455896, -0.02167076848218095, 0.4381619309534968, 0.43747494751442456, 0.4185717144880133, 0.4179917624268613, 0.033991113017009786, -0.07807291832789495]], "inverted": false, "swapped": false, "error_lsq": 0.04324185087506751, "error_max": 0.27008125715262243, "target": "1133.xyz", "model": "16.xyz", "model_rescale": 3.795458400668931, "target_rescale": 4.0091924582634615},
{"mapping": [10, 9, 11, 2, 4, 5, 1, 6, 0, 8, 7, 12], "R": [[0.8407565545112548, -0.42455670367613163, -0.33597622149494616], [-0.008835863186907517, -0.6312309791667445, 0.7755445689719808], [-0.5413412450276683, -0.6490755397516151, -0.5344629080937643]], "T": [0.2155013309065184, 0.09070420159911734, 0.031177336174406534], "aligned_model": [[0.004710633682442289, -0.6384317025489181, -0.049002746592718194, 0.5227877686696547, 0.6527215782923699, -0.24542159375143324, 0.31245708543442796, -0.18479153398566894, 0.5730534592175793, -0.2385110205097173, 0.6205182551936089, 0.22476064157045217], [-0.24607909733075117, -0.05490829898978154, 0.6597196014118102, -0.45471499715889324, 0.15607049788519056, -0.5312103690237746, -0.6900519980997033, -0.046230318726575195, -0.119042655699112, 0.565577137083527, 0.5906551821322298, 0.02015943711796596], [-0.5861134823040712, -0.18686223152021667, -0.48029058753664, -0.29994316653416686, -0.4379297848224613, 0.08904726270392864, 0.34071885250076245, 0.5588044871886013, 0.4544657943941596, 0.1925937300774243, 0.16264971978009257, -0.12162065771215962]], "inverted": false, "swapped": false, "error_lsq": 0.03685028522423026, "error_max": 0.20635419951942716, "target": "1133.xyz", "model": "17.xyz", "model_rescale": 3.7474275329858107, "target_rescale": 4.0091924582634615},
{"mapping": [11, 7, 12, 3, 10, 1, 0, 2, 8, 9, 5, 13], "R": [[0.5877591316872024, 0.8029069769683415, 0.09939612393783562], [0.11011463540024963, 0.04232270858755818, -0.9930173993483111], [-0.8015073113758704, 0.5946000123388597, -0.0635362505791118]], "T": [0.12523056070332375, 0.006645081777166412, 0.02572991536414081], "aligned_model": [[0.009827282430527814, -0.547138554821979, -0.044748461505661724, 0.48393440684470956, 0.6090342911086615, -0.12252489844750827, 0.25747553047411004, -0.38221662930162814, 0.80915414163897, -0.14438699384437423, 0.5377467516422586, 0.08869395845399351], [-0.1887598409210146, 0.0976463669988025, 0.6338135775823351, -0.48770453914972833, 0.17204839274787384, -0.6328800607884911, -0.493547077700371, -0.2292469553253396, -0.13710446458528555, 0.5493496050772627, 0.6002107484167876, -0.03388163175069944], [-0.660007396844597, -0.3014669987594948, -0.3444102380802796, -0.2701403000378947, -0.43796725481189497, -0.06450999430454536, 0.6825871771405415, 0.4624048745699452, 0.1943687441653749, 0.3094592591504498, -0.0012909704501375026, 0.11649303447778558]], "inverted": true, "swapped": false, "error_lsq": 0.052060404488875195, "error_max": 0.3111434796472811, "target": "1133.xyz", "model": "18.xyz", "model_rescale": 3.922800546911778, "target_rescale": 4.0091924582634615},
{"mapping": [12, 5, 8, 7, 13, 3, 9, 2, 11, 6, 4, 14], "R": [[0.656774280426507, -0.2367091117323735, 0.7159723046271517], [-0.3155012241776609, -0.9486163069323397, -0.024209084337221215], [0.6849135143305624, -0.20999023464180444, -0.6977088069119084]], "T": [0.010168029861356023, 0.06851547373786883, 0.011370630816583484], "aligned_model": [[0.007946556291352505, -0.5916665969361492, -0.08508998552793663, 0.4722769953360731, 0.5507405161130199, -0.150185308215867, 0.258061208726226, -0.15691130429183986, 0.6993192691518471, -0.03306038759969941, 0.5233178396657543, 0.06010202195929906], [-0.2878357952576351, 0.02709489808188663, 0.5576091934032085, -0.5544132227928927, 0.18533947726383532, -0.5431587944324847, -0.5021508927617431, -0.22252501459721885, -0.03282413988253745, 0.684124433221052, 0.5521079147097457, -0.013423936353084073], [-0.6897876128823586, -0.4561902080969742, -0.3437404756129879, -0.18000899747501034, -0.39599564924111236, -0.08501733633108335, 0.5363773507101329, 0.6442283502420358, 0.1598444159251067, 0.3194691294188275, 0.17471922378492424, 0.0016217457737524657]], "inverted": false, "swapped": false, "error_lsq": 0.046720637334442254, "error_max": 0.22829243911413044, "target": "1133.xyz", "model": "19.xyz", "model_rescale": 3.9282355846067225, "target_rescale": 4.0091924582634615},
{"mapping": [5, 6, 3, 2, 1, 7, 12, 9, 10, 4, 0, 13], "R": [[-0.009185313516581917, 0.9439530409211847, -0.3299519458212833], [0.9899404901480945, 0.0551724981508952, 0.13028361912819522], [0.14118589157898626, -0.3254360950838711, -0.9349641126993105]], "T": [-0.02246313592297855, -0.0020688926756659374, 0.05449127062063021], "aligned_model": [[-0.03211649499993968, -0.5440841243052991, 0.0024851593835859, 0.5436697250716434, 0.5343761168611862, -0.13112817264811572, 0.11305621726056542, -0.11692089832643673, 0.7582087419096079, -0.18025838593703256, 0.480856364406672, 0.12670657599564317], [-0.09720915127825823, -0.017985896412196035, 0.5489135955510777, -0.43924117042145716, 0.2010068920179034, -0.608304116115407, -0.6402038551746636, -0.1356830517464902, -0.21861405666008668, 0.5978029371405242, 0.6199167951119413, 0.039545198589244955], [-0.6372784136675405, -0.33857646848824996, -0.45751551582884653, -0.35427540320745854, -0.4039747243413485, -0.03914921225998426, 0.5996633717196157, 0.7265402367349404, 0.34756798431137936, 0.1754139393217068, 0.055013737966026224, 0.012090403955013006]], "inverted": true, "swapped": false, "error_lsq": 0.03902872071178614, "error_max": 0.1924387019358363, "target": "1133.xyz", "model": "20.xyz", "model_rescale": 4.067790424073018, "target_rescale": 4.0091924582634615},
{"mapping": [0, 3, 12, 8, 7, 2, 4, 6, 5, 11, 10, 14], "R": [[0.12359514858864185, -0.991621210504041, -0.03757145357651209], [-0.6462413456214291, -0.05169932453741938, -0.761379867774148], [0.7530580073638127, 0.11838308460618452, -0.6472164111210166]], "T": [0.21597511667143882, 0.03264880197977888, 0.012699907430411755], "aligned_model": [[0.033392986904140914, -0.6157520068597628, -0.09435512497511805, 0.6103762503447957, 0.6644054778473123, -0.277177118281034, 0.2507323742362668, -0.2323374510790518, 0.6192251471094199, -0.14488149689886543, 0.5073869143851777, 0.23383487193879865], [-0.3045600844051751, 0.11565632659453687, 0.5825257486999432, -0.35968595497050915, -0.060571782987315075, -0.519270486956115, -0.7006231731229376, -0.1651876116789663, -0.16904935552352351, 0.5261199250520604, 0.7964346734993836, 0.10815589640075052], [-0.5851395044132837, -0.1456817818226812, -0.4212866724116226, -0.11255615418331892, -0.5762687597521936, -0.06416297828701496, 0.3345331535561216, 0.5671667664246884, 0.3937161630802543, 0.22317795644146943, 0.06744594083880827, 0.0045758067440260265]], "inverted": true, "swapped": false, "error_lsq": 0.05257373155435674, "error_max": 0.3375580889262629, "target": "1133.xyz", "model": "21.xyz", "model_rescale": 4.186013935880536, "target_rescale": 4.0091924582634615},
{"mapping": [7, 0, 1, 4, 9, 6, 3, 5, 11, 2, 8, 12], "R": [[0.0068356391753485735, -0.5817934736741373, -0.8133078310376985], [-0.07514892671938894, -0.8113257746064834, 0.5797440178838535], [-0.9971488920166279, 0.05715628967463632, -0.04926708536782659]], "T": [0.1908960830223582, 0.009364074599708054, -0.08460870801196801], "aligned_model": [[0.06287976732513839, -0.5300952624859726, -0.2287401947580691, 0.49885909836985387, 0.5627401393617374, -0.10950146228445742, 0.07975238160832807, -0.1552359901984897, 0.7025751921479898, -0.09960556515716343, 0.5708853408976043, 0.2003373798455798], [-0.24429204344065664, 0.04992716251826517, 0.3748980787230411, -0.6264751562220867, 0.4108111258065703, -0.4581208801045038, -0.6950858841317736, 0.015256773754440282, -0.10762499983021248, 0.5753202925458786, 0.5858011496137527, -0.030471498630582794], [-0.7610657551161102, -0.1023444517789927, -0.5593860475433501, -0.2533789734454629, -0.3779055253842737, -0.11734982766349006, 0.5016813123839032, 0.6072703566368807, 0.26676577094216686, 0.2961819886155095, 0.2485528040993325, -0.06350171553086]], "inverted": true, "swapped": false, "error_lsq": 0.055061513017915835, "error_max": 0.3371286419843548, "target": "1133.xyz", "model": "22.xyz", "model_rescale": 4.166573947596378, "target_rescale": 4.0091924582634615},
{"mapping": [5, 13, 6, 0, 1, 7, 8, 9, 4, 12, 2, 15], "R": [[-0.24281748736069786, -0.48077299840224497, -0.8425538510025057], [0.8369060311244142, 0.3353786002717659, -0.43256154423079757], [0.49053844181615225, -0.8101719067500837, 0.3209260329320691]], "T": [0.0382900447645666, 0.0637331839806185, 0.16602813104156972], "aligned_model": [[-0.08366651763279875, -0.6014930314717697, 0.1293566799082192, 0.5143191839949559, 0.4866562663701258, -0.07323486776920152, 0.3096999018658915, -0.17905644055124426, 0.7298847323593196, -0.3046432310415436, 0.5609070055672505, 0.0661211430728748], [-0.12363421646633899, -0.1353802918268909, 0.608987640674415, -0.4512721316645451, 0.1261217535891403, -0.5370632065947876, -0.5963029895641596, -0.035865603322234985, -0.17055170807739967, 0.6219372912686181, 0.4782552246008667, 0.06471235798544954], [-0.6346478554469179, -0.35150889952645364, -0.3569556903009547, -0.25220810160550095, -0.3845846717268537, -0.2054493764957176, 0.546512137672324, 0.7167456204776317, 0.24764241170783935, 0.17967724020351422, 0.07741532547441143, 0.10288179578193149]], "inverted": false, "swapped": false, "error_lsq": 0.049962492908590866, "error_max": 0.2284571724519638, "target": "1133.xyz", "model": "23.xyz", "model_rescale": 4.274766983524099, "target_rescale": 4.0091924582634615},
{"mapping": [2, 9, 10, 4, 8, 3, 0, 5, 1, 7, 11], "R": [[0.9765522560732443, -0.2151707834785638, 0.006872051766260087], [-0.05670229473790575, -0.2878752890025433, -0.955987796864143], [0.20767893713545632, 0.9331823787014644, -0.29332594012695845]], "T": [0.051810766763683055, 0.1347133808290813, 0.12804487664808173], "aligned_model": [[0.2430123478654334, 0.3159859393715388, -0.4151991044761906, -0.537403038055616, -0.5960139777509088, -0.6346258245242005, 0.06693330988906922, 0.11901824083647763, 0.6790782923450337, 0.2065130153477545, -0.06740449689031633], [-0.0786930200665027, 0.529321177768673, 0.4369927629918598, -0.1013159834178815, 0.4669394523386409, -0.30411445347273197, -0.5671911640493938, -0.020662607396286337, -0.22916884543128635, 0.7178158902715415, 0.0656633217068512], [-0.5592439689451298, -0.22714404900052598, -0.6270379050229147, -0.2721638211256213, 0.19221612092416146, 0.3587838864396285, 0.22037761700249128, 0.5987227756685358, 0.18552353320739612, 0.4268822483867628, 0.08264999648679333]], "inverted": true, "swapped": true, "error_lsq": 0.043923113700890866, "error_max": 0.19955030610274155, "target": "1133.xyz", "model": "24.xyz", "model_rescale": 3.7841303162186577, "target_rescale": 4.0091924582634615},
{"mapping": [11, 10, 13, 6, 3, 7, 1, 8, 4, 9, 5, 15], "R": [[0.2251006209726069, -0.8757631703688066, 0.4270463439292318], [-0.6757058649487723, 0.17545573144724463, 0.7159866411995017], [-0.7019624594745639, -0.44972675674001134, -0.5522631164223557]], "T": [0.0009869915444889188, 0.005911229625614946, 0.05045595404161522], "aligned_model": [[-0.0112241613316926, -0.7451527589929821, 0.08237172032150239, 0.5092590444200784, 0.6706184513291249, -0.23790024277284022, 0.22457036924550206, -0.05689627392857373, 0.7014469341023585, -0.2997393330374172, 0.6637032638796532, 0.05379381143736577], [-0.14162317827383192, -0.05655798037852638, 0.470468959135489, -0.3988584458754666, 0.18461168135381226, -0.5328288151373718, -0.47755077389443673, -0.10873458198462779, -0.08274249019839039, 0.45071133439680194, 0.5639224075416842, -0.020873996083003294], [-0.7028780060278088, -0.1607978642588785, -0.5736935786391065, -0.2655305683029496, -0.36022852856271553, -0.2243123366129866, 0.5694081273402607, 0.6274859784747177, 0.2917042280075611, 0.28252760897845347, 0.18745746186758272, 0.01437741395112345]], "inverted": false, "swapped": false, "error_lsq": 0.04962011056494577, "error_max": 0.2639359428268984, "target": "1133.xyz", "model": "25.xyz", "model_rescale": 4.19342608120988, "target_rescale": 4.0091924582634615},
{"mapping": [4, 0, 5, 6, 3, 2, 8, 1, 10, 9, 7, 11], "R": [[-0.04763785400953781, 0.9735890657127989, -0.2232822563255874], [-0.27046889610877545, 0.20261245229940128, 0.9411667070242782], [0.9615493804808293, 0.10522606757691827, 0.25367353744376137]], "T": [0.11669012362773906, 0.021409565123148698, 0.01755091770475971], "aligned_model": [[0.007074403047771946, -0.5494678278205694, -0.07803180793918513, 0.6653428205137453, 0.5426882012371472, -0.35046103281115787, 0.2245474069992584, -0.2132979334256424, 0.5929742859832479, -0.09140658280490013, 0.648482835137814, 0.1564060565545501], [-0.3045833316592353, 0.06460285821397233, 0.5182615514559034, -0.5141028473630969, 0.22031203758229795, -0.6721009669637519, -0.6098505221392079, -0.0753837961954521, -0.07642455891302377, 0.6098774027168019, 0.7407059934074924, -0.051369699540567394], [-0.6724076000235943, -0.22386569676203386, -0.3443625456549786, -0.27960667898828034, -0.4406853239455896, -0.02167076848218095, 0.4381619309534968, 0.43747494751442456, 0.4185717144880133, 0.4179917624268613, 0.033991113017009786, -0.07807291832789495]], "inverted": false, "swapped": false, "error_lsq": 0.04324185087506751, "error_max": 0.27008125715262243, "target": "1133.xyz", "model": "26.xyz", "model_rescale": 3.795458400668931, "target_rescale": 4.0091924582634615},
{"mapping": [7, 5, 6, 3, 0, 10, 4, 11, 9, 8, 1, 12], "R": [[-0.7680873569295619, 0.23859237655149468, 0.5942352143524227], [-0.4113682181095396, 0.5273195080464446, -0.7434449041879554], [-0.49073210742149553, -0.8154801127465743, -0.3068781263962818]], "T": [0.23254061361552342, 0.04746974160815754, 0.0971424426497701], "aligned_model": [[-0.006193369440879726, -0.4135529895409707, -0.08227595059961529, 0.6010020798097071, 0.7092503783539068, -0.23391800309712302, 0.17450923561344905, -0.12477182775499013, 0.5845090587041277, -0.258936765351844, 0.4302381912262745, 0.17499078675003774], [-0.32605068058197606, 0.1326547631089549, 0.6487686980414402, -0.4873027114882653, 0.0916601610064075, -0.4832148482823213, -0.7150327565577144, -0.14025535611838802, -0.03418039557919451, 0.5516568586896389, 0.6047335873061603, 0.006506801057390342], [-0.5838103296996384, -0.27990799953588996, -0.37244999294080317, -0.25404287906388545, -0.5826135423399877, 0.005073699546962726, 0.4349078673080232, 0.6876182665907139, 0.32914623329683024, 0.28421741970069386, 0.07020093868390581, -0.05281974533167144]], "inverted": true, "swapped": false, "error_lsq": 0.04302175815132608, "error_max": 0.2847062076391389, "target": "1133.xyz", "model": "27.xyz", "model_rescale": 3.6321398670334006, "target_rescale": 4.0091924582634615},
{"mapping": [2, 13, 4, 0, 3, 11, 10, 9, 8, 6, 7, 14], "R": [[-0.2961497567509693, 0.45168522606726785, 0.841591217949013], [0.7934073142019809, -0.3742408133331255, 0.48005067170722754], [0.531789578073077, 0.8098915175431352, -0.24753903624385548]], "T": [0.19698443366599475, 0.005685102295952024, -0.009281281174062194], "aligned_model": [[-0.13067691357110786, -0.6121920167322376, 0.04591828725643779, 0.5020526004225109, 0.7602968099758107, -0.16668602032429866, 0.3245583368715488, -0.2330331447699159, 0.5898052940469863, -0.3487945419643763, 0.6758318883807468, 0.14777024507997424], [-0.34751446051466356, -0.023060212011308326, 0.7479959434066766, -0.5002617950767958, 0.110818082751018, -0.5203329300070497, -0.6302939358431282, -0.15324364895010512, 0.026717395633771512, 0.5190192707229819, 0.6080325979771816, 0.012067812513553244], [-0.6427887981693797, -0.11361014074965599, -0.3448716370210175, -0.21018634554665377, -0.3876809416906592, -0.06906980018302748, 0.4195860587635891, 0.4769272085540723, 0.32579935103414615, 0.196924389034007, 0.08436696260878356, -0.04987637041895114]], "inverted": false, "swapped": false, "error_lsq": 0.04381206052132967, "error_max": 0.2241410530065515, "target": "1133.xyz", "model": "28.xyz", "model_rescale": 4.156811204709835, "target_rescale": 4.0091924582634615},
{"mapping": [3, 0, 4, 2, 1, 5, 8, 7, 9, 11], "R": [[0.1806928787758375, -0.8753691717014669, 0.4484182163944594], [-0.4506337794798942, -0.4789362771034762, -0.7533586392057428], [0.8742306791410186, -0.06594585437273509, -0.48101129294402595]], "T": [-0.15028819294158965, 0.035127216659092714, 0.08282448849364447], "aligned_model": [[-0.5309687352553271, -0.09762166752124724, 0.04161062822502751, 0.5859870493851999, 0.09614251780415481, -0.5252523213417717, -0.509173367955533, -0.4745811090709454, 0.19667171531385677, -0.1398893354728265], [-0.19147130894300568, -0.6197740109473426, 0.1560727494912347, 0.0007458248671787515, -0.519421603428322, -0.27556666050983547, 0.5298659887029634, 0.40194365950475386, 0.40691297572191254, 0.02941271616666643], [-0.6387993647396074, -0.18128654034219532, -0.6324354578706095, -0.022925127443926316, 0.48398048076849337, 0.19713740997408882, -0.3179297870665115, 0.5449120330013052, 0.3878772372974793, -0.0617441566034173]], "inverted": true, "swapped": true, "error_lsq": 0.05824241676194947, "error_max": 0.2660354568761195, "target": "1133.xyz", "model": "29.xyz", "model_rescale": 4.117894457231895, "target_rescale": 4.0091924582634615},
