[{"mapping": [7, 10, 11, 8, 5, 12, 1, 3, 6, 9, 4, 0, 13], "R": [[0.6555516522005926, 0.1727639400432343, -0.7351222023023186], [-0.5895311274656189, 0.725440589685181, -0.3552309116424598], [0.47191639200836166, 0.6662496317882319, 0.5774134975005831]], "T": [-0.1887243277218748, 0.04242007259864765, 0.10998374301639331], "aligned_model": [[0.2532223593937843, -0.4497101086764011, -0.5159202752501881, 0.006826211405610738, -0.696702939191767, -0.45985510806402136, -0.5456933963984497, -0.026159253632872387, 0.16791455103877662, 0.16090833789352316, 0.6517759928637108, 0.04665118747224617, -0.13123638464762577], [-0.10344360121461686, 0.22553198538336705, -0.3163998183342018, -0.600589009981942, -0.4725094100461864, 0.4916436196661419, 0.3612983380260913, -0.06869209840499634, -0.5701473640271277, 0.48390866034804747, -0.3767029926916659, 0.7418440474480381, 0.007655430178814551], [-0.4856683340257843, -0.8459374745415721, -0.39126762968523626, -0.2886118389818497, 0.3318093921957461, -0.13456914019041594, 0.43237147427975153, 0.594160351227722, 0.3965428641933771, -0.3586184313126833, -0.0669323213990795, 0.33540979482409333, -0.0384292560568424]], "inverted": true, "swapped": false, "error_lsq": 0.05376399012881569, "error_max": 0.3471740238207268, "target": "1135.xyz", "model": "0.xyz", "model_rescale": 3.8414455957264533, "target_rescale": 3.8636485108522334},
{"mapping": [0, 1, 4, 7, 2, 3, 5, 6, 9, 11, 13, 12, 14], "R": [[-0.11305638851102912, -0.9108633599915528, -0.3969208893995657], [-0.16010787097592027, -0.37756025799543425, 0.9120382235597253], [-0.9806037541578154, 0.1666619062873103, -0.1031507941039646]], "T": [-0.07999789216049813, -0.023537522107862228, 0.04731254497800476], "aligned_model": [[0.03640100556043584, -0.3028329434639178, -0.48879221573047316, -0.051594620904383576, -0.6259988172937894, -0.7086346242546391, -0.6310217175877856, -0.32546771438182975, 0.26127343851222207, 0.3860060865198113, 0.6533416321121329, 0.3636839621491397, -0.10434229703059723], [-0.2755243313638657, 0.5021788111941754, -0.22120713657465793, -0.6416640072658132, -0.44580304448584235, 0.33484341207699136, 0.188214865124928, -0.09745271247184116, -0.5384626635620733, 0.4869145252591884, -0.13682840429366352, 0.5936712399354664, 0.05451723277677126], [-0.6223674637407093, -0.6026603529022108, -0.25207208953369775, -0.12608844885810538, 0.30842467794557143, -0.25228025719662495, 0.3403252670485426, 0.7850850605922197, 0.33696001614368376, -0.4512297313866802, -0.10833230329036476, 0.11431478434637155, 0.010180291359230917]], "inverted": true, "swapped": false, "error_lsq": 0.04362904901680083, "error_max": 0.3233174426391159, "target": "1135.xyz", "model": "1.xyz", "model_rescale": 4.316132596720782, "target_rescale": 3.8636485108522334},
{"mapping": [10, 3, 8, 11, 7, 9, 6, 1, 4, 0, 2, 12], "R": [[-0.46673833784048213, -0.8113270562620079, -0.35199961898719373], [-0.7854248953034395, 0.5632123573791914, -0.256709123976838], [0.40652559307808117, 0.15665327405643162, -0.9001092677558183]], "T": [-0.11430242197376819, -0.032564362829215494, -0.027092188679752886], "aligned_model": [[-0.2502733983770733, 0.48514482619188903, 0.18124373337842734, -0.7520961827141479, -0.3812098973715651, -0.4775823258832269, -0.1760116224614495, -0.13580371334555716, 0.5139514488229902, 0.15806781783764987, 0.5171921258727046, -0.0848142573188607], [-0.6677654784532164, -0.2871627368771905, -0.5254991648909538, 0.16964916821747622, -0.17433929471837584, 2.0793462085437475e-05, 0.4277363997138751, 0.6418776035307647, 0.016996360271076018, 0.0031160379951857067, 0.31081853726435626, 0.09732820222589778], [0.25445395361215006, -0.01074010382194224, -0.4118963252489798, -0.053707526936869726, -0.6926992078018691, 0.56658661206412, -0.6015273124689171, 0.5993854568911975, -0.6560361341872591, 0.5458106898441473, -0.017980184723072227, -0.07239145601328442]], "inverted": false, "swapped": true, "error_lsq": 0.05520782047982254, "error_max": 0.33686896795148474, "target": "1135.xyz", "model": "2.xyz", "model_rescale": 3.795458400668931, "target_rescale": 3.8636485108522334},
{"mapping": [1, 2, 0, 8, 11, 10, 3, 6, 4, 7, 9, 12], "R": [[0.29405013150619047, -0.23758891490753836, -0.9257894078429775], [-0.8811402061297209, -0.4426591572285389, -0.16626727778908645], [-0.37030589693234106, 0.8646411845585302, -0.33951312885123625]], "T": [0.05876245976766627, 0.09566377971707889, 0.04796889180340352], "aligned_model": [[-0.42093222736766017, -0.14678291017589284, -0.5651508896164895, 0.23572498415178006, 0.35208698695508495, -0.2279109422593772, -0.2171980979894621, 0.6667771674918512, 0.4013298019318554, 0.7519896227771795, -0.34213339191689496, 0.10550372176159056], [-0.039822024545569004, -0.5919604235648463, 0.011772138733616697, -0.016966215541527704, 0.5187908609084786, 0.5949657944757138, -0.27309908992213433, -0.2362629117954574, -0.6239511144832429, 0.20076809871117263, 0.5459571639506877, -0.00442323163718264], [-0.7262049361549802, 0.006686151968667058, -0.03788372488494327, 0.7070631352007688, -0.380170997159296, 0.45997939237554325, 0.5087122505382591, -0.20855267749997347, 0.4448715223861518, 0.2547577170203383, -0.3013260890726902, -0.03916031407874473]], "inverted": true, "swapped": true, "error_lsq": 0.056295349499999786, "error_max": 0.35705244293651944, "target": "1135.xyz", "model": "3.xyz", "model_rescale": 3.7530521520055578, "target_rescale": 3.8636485108522334},
{"mapping": [5, 0, 9, 10, 11, 3, 6, 2, 4, 8, 12], "R": [[-0.8727041414483853, -0.20285664717672847, -0.444113343860611], [-0.2611509246617498, 0.9624927423222037, 0.07353853088957767], [0.4125380904197213, 0.1801579908671846, -0.8929476033225855]], "T": [0.07242437591283435, -0.08590263633766786, -0.007676249602904238], "aligned_model": [[-0.5609689646500534, -0.1579333790178123, 0.3068161975260793, 0.602967901298749, 0.39868277517197004, -0.1898792059763031, -0.190454814526188, -0.6228584922823184, -0.4107518561153022, 0.20003403007854392, -0.03745458906215976], [-0.6252754259565844, 0.08701789625026952, -0.3456316260632408, 0.28967984263107927, -0.6705743476676517, 0.5104374985892934, -0.47581110727060616, 0.09670597261012377, 0.2947152702066985, 0.4672272331292177, -0.16128784814425307], [-0.04840302097481998, -0.5739890085194822, -0.6102456856886013, -0.28820817847423946, 0.002019960564127633, -0.007698246665890045, 0.5619959757987858, -0.0036715292538956213, 0.6360631511306213, 0.3875067411939561, 0.037460618134753695]], "inverted": true, "swapped": true, "error_lsq": 0.045408896295654845, "error_max": 0.24002219339544056, "target": "1135.xyz", "model": "4.xyz", "model_rescale": 3.7855080009869324, "target_rescale": 3.8636485108522334},
{"mapping": [6, 11, 4, 7, 5, 1, 2, 9, 10, 13, 8, 14, 16], "R": [[0.592289463863747, 0.6062424066615868, 0.5307196391327178], [0.3853828781008745, -0.7916100099278889, 0.4741662466357703], [0.7075826653209374, -0.07631341000856133, -0.7024977118754079]], "T": [-0.10894851227455649, 0.032266817392851435, 0.0028694957796143727], "aligned_model": [[-0.004820852441199397, -0.14016725175775885, -0.5809565979706122, -0.08892344940809616, -0.531578159130359, -0.7474201983639446, -0.5260411802508884, -0.0076352719291450655, 0.19514732566735493, 0.40115675187130373, 0.5426633023254513, 0.053586855118196774, -0.10299009952397677], [-0.16092329142011402, 0.42284670673093766, -0.32110730691234324, -0.6795552778088524, -0.6125240094579961, 0.3205819811308921, 0.4107817816025946, 0.09780445261446404, -0.49482237872609736, 0.372288999969389, -0.20676241848795568, 0.5865283484667123, 0.06826019864813257], [-0.6118760453847162, -0.6891629952568022, -0.44360097264403153, -0.23010641180689834, 0.24930856700583715, -0.2840664054426802, 0.4809341522523279, 0.7045492410689552, 0.4037023471720266, -0.3831941954967969, -0.11365063738003564, 0.3551106178125642, 0.04231218862747736]], "inverted": false, "swapped": false, "error_lsq": 0.034866271560081596, "error_max": 0.20472134094928032, "target": "1135.xyz", "model": "5.xyz", "model_rescale": 4.2253639853439635, "target_rescale": 3.8636485108522334},
{"mapping": [11, 12, 6, 5, 2, 7, 3, 4, 10, 9, 8, 0, 13], "R": [[-0.1990537533000481, 0.8466933566980422, -0.49344499492908594], [0.9013885074445643, -0.03939597710500797, -0.4312153935503723], [-0.38454695674783906, -0.5306206900520783, -0.7553577439496018]], "T": [-0.02082866324506233, -0.016337601880594427, 0.01645227727398907], "aligned_model": [[-0.10827181817233966, -0.21769897415578576, -0.5943286100285972, -0.0608521372352884, -0.383044108798211, -0.5802313398682386, -0.6653902847089186, -0.17276767513021027, 0.28333079398674643, 0.43851842912989863, 0.6309069075682943, -0.03140338717849206, -0.07674662120253135], [-0.25209247789073863, 0.44360124755558394, -0.15481296342156345, -0.6263315376088164, -0.48896576260453123, 0.4981512737228372, 0.16228848266463033, 0.027824751210133263, -0.628316395877661, 0.3521866492975769, -0.2879706865885422, 0.7641196235694697, -0.00628441767861442], [-0.7199763492112898, -0.7716099664163627, -0.2397514569074038, -0.1480067947020872, 0.3256354021865158, -0.2110582901598218, 0.25233892537910896, 0.7062896026220604, 0.392592483398629, -0.14412964109050283, -0.20108183183840816, 0.20040157404654801, 0.038615793220240904]], "inverted": false, "swapped": false, "error_lsq": 0.0513034320458801, "error_max": 0.28113246306469397, "target": "1135.xyz", "model": "6.xyz", "model_rescale": 3.89814844738969, "target_rescale": 3.8636485108522334},
{"mapping": [5, 1, 10, 9, 11, 2, 4, 7, 8, 1, 6, 0, 12], "R": [[-0.7737436727482272, -0.5107419228282404, -0.3747844942734373], [0.5674797830363758, -0.2958398089172014, -0.7684045180143215], [0.2815802278695583, -0.8072307574204205, 0.5187398958508802]], "T": [-0.106711393321908, -0.008979161896648446, 0.13313551301911697], "aligned_model": [[0.06617595179044942, 0.12760821805174266, -0.6416705145756519, -0.056796078701966166, -0.48959820642968316, -0.5371118550855086, -0.6847242817447915, -0.0870930930264095, 0.2047923056403695, 0.12760821805174266, 0.5128095209014787, 0.17756477760822093, -0.2575437882736673], [-0.13107821607427766, 0.48935078860386744, -0.23336085727121025, -0.7482308388720759, -0.6235147003993222, 0.3836233495841865, 0.2017156434589169, 0.1714610397490059, -0.5488229950577634, 0.48935078860386744, -0.1409471905186775, 0.5107918547781224, -0.016940880234876513], [-0.6137101141982867, -0.5083925005498113, -0.3167258616513317, -0.365824704322932, 0.4951909362465701, -0.2695635744067011, 0.32550127971758536, 0.7642703127802672, 0.3962340756253519, -0.5083925005498113, -0.103833107876589, 0.12717427703250905, 0.05833093268040593]], "inverted": false, "swapped": false, "error_lsq": 0.05720279959503039, "error_max": 0.45062000804579166, "target": "1135.xyz", "model": "7.xyz", "model_rescale": 3.7474275329858107, "target_rescale": 3.8636485108522334},
{"mapping": [12, 13, 1, 0, 3, 4, 8, 5, 6, 11, 10, 9, 14], "R": [[0.6829158508916334, -0.4677136325461418, -0.5611326924457787], [-0.5969676012763641, 0.08539643418925724, -0.797707422589325], [0.4210173673701601, 0.8797450806672649, -0.22089130678785693]], "T": [-0.12325011287775323, -0.02726447776289349, -0.09047837048956958], "aligned_model": [[0.11246608377502179, -0.32131331617601344, -0.5180813857491131, -0.09251706613340999, -0.4396328698207793, -0.7181775746250565, -0.5634406364897582, -0.0676031982715303, 0.19298805162989557, 0.35652952728036247, 0.5682634646205339, 0.12306978947784011, -0.1705296953116671], [0.026370810056487854, 0.535038370227737, -0.5173535595442037, -0.6848704508450706, -0.4010210691644524, 0.46936772081470857, 0.3065437227678748, 0.028675389720970657, -0.5400642051289327, 0.35564161298510816, -0.3300710826644772, 0.5687453358114376, -0.013604808687424499], [-0.6581083109749513, -0.7633069544048385, -0.5012371536353308, -0.06178862264448515, 0.4332987753249747, -0.19838397942818733, 0.3095400091345718, 0.6214174197371904, 0.46085452470161486, -0.18883678725040984, -0.1638302065385656, 0.3150327241983815, -0.12439198769273761]], "inverted": true, "swapped": false, "error_lsq": 0.04740044259471256, "error_max": 0.274033726045853, "target": "1135.xyz", "model": "8.xyz", "model_rescale": 4.019505241142653, "target_rescale": 3.8636485108522334},
{"mapping": [1, 10, 2, 0, 3, 6, 5, 8, 4, 9, 7, 11, 12], "R": [[0.4916293430234846, 0.48254975718370297, -0.7248767625743332], [-0.21083053340891467, -0.7416976270387514, -0.6367378708916234], [-0.8448970796853362, 0.46586517565389496, -0.2629040943997565]], "T": [-0.15083533928562226, 0.024474726244334836, -0.0978961797115251], "aligned_model": [[0.0674687824511137, -0.2530884518850854, -0.5971840860330784, 0.04571777914660918, -0.6311836925897498, -0.7389065121789324, -0.5439703002208452, 0.35404846465953915, 0.022742836105243303, 0.39917932648668236, 0.60258513686014, -0.10274503546020364, -0.16264307313510698], [-0.07655977986744267, 0.5917993275742199, -0.31709573808928754, -0.5944918256811891, -0.5723596386559455, 0.42951876415482165, 0.07769922413732025, 0.18916310962451102, -0.5151046706208454, 0.4196702384920095, -0.4225352324779304, 0.5553341096813676, 0.03835989807815441], [-0.72911772653804, -0.8091393560636057, -0.28248918171470777, -0.12778526305448798, 0.2913531081412065, -0.23270515913037426, 0.443524889749627, 0.3193651440168904, 0.5073470463965469, -0.19087163865161727, 0.1304099152642938, 0.22323488650260148, -0.06286721439110637]], "inverted": true, "swapped": false, "error_lsq": 0.06195620149656033, "error_max": 0.58637791350061, "target": "1135.xyz", "model": "9.xyz", "model_rescale": 3.877068213659057, "target_rescale": 3.8636485108522334},
{"mapping": [13, 14, 6, 3, 12, 10, 11, 0, 5, 2, 4, 8, 15], "R": [[-0.6930773097039776, -0.7083088046472314, -0.13394954286113403], [-0.7144891925531913, 0.6996411498094098, -0.0027304245193560117], [0.09565059591129318, 0.09381310544149567, -0.9909843917788198]], "T": [-0.04001198701186208, 0.013936949930869726, -0.057605736871615035], "aligned_model": [[0.018760465377818378, -0.29467588153744045, -0.4760752300705637, 0.05788577221291491, -0.5504196819174472, -0.6671896671014, -0.5474895433637373, -0.21280791025186457, 0.11131971694512073, 0.37289743355211546, 0.5753774698411622, 0.13801315461973618, -0.06357492410008828], [-0.11065000806999645, 0.4217296948650272, -0.3252109831132018, -0.604052430017385, -0.3816446832372605, 0.3007313262158193, 0.3241803416572885, -0.016032958205236023, -0.564479378301274, 0.3794342860532585, -0.2489025800734184, 0.6203327897615986, 0.007962368814543676], [-0.8183043530790224, -0.6727259890522075, -0.33170809492405784, -0.16374949664186483, 0.31815265916862245, -0.2237620572109567, 0.37928194200354065, 0.7189310678915195, 0.4459106073064571, -0.4267572852179044, -0.159103902402996, 0.3850160770860031, 0.02907827560009371]], "inverted": false, "swapped": false, "error_lsq": 0.03878850760924691, "error_max": 0.20621334127990873, "target": "1135.xyz", "model": "10.xyz", "model_rescale": 4.260839863003843, "target_rescale": 3.8636485108522334},
{"mapping": [9, 10, 7, 11, 6, 5, 1, 0, 8, 4, 2, 12], "R": [[-0.47084373285774606, 0.4842846700097202, 0.737410698065983], [0.7849801474673544, -0.1514981170758843, 0.6007116517969271], [0.4026317763300785, 0.8616940750150477, -0.3088219127154801]], "T": [0.04934251378179726, -0.1048233053840756, -0.0492993682506585], "aligned_model": [[0.34002517133994026, 0.49782867063999653, -0.5205964425421493, -0.33904208388009693, -0.6336543663115506, -0.2570751725491111, 0.22254705203523256, 0.5974906034148069, 0.10078664384488778, -0.19139643812797189, 0.17405994185189333, -0.03207493062174711], [-0.09654595655754396, -0.6413894740264158, -0.5109035905804883, -0.2283850347434474, 0.12023407194114637, 0.6537612099642143, 0.6164596583150568, 0.1901744439868246, -0.48676641529871756, 0.0691120432387581, 0.47865122306048313, 0.008676326233063927], [-0.6824847104207189, -0.1597244909743327, 0.16198438332338333, -0.5805897530168415, 0.11959399325149647, -0.20558927366524382, -0.5947895937580484, -0.17652494137444358, 0.5250519482958268, 0.7900580821652663, 0.3516784945355304, -0.03248606096636995]], "inverted": true, "swapped": true, "error_lsq": 0.05285318318024598, "error_max": 0.3204811035613312, "target": "1135.xyz", "model": "11.xyz", "model_rescale": 3.890672605050136, "target_rescale": 3.8636485108522334},
{"mapping": [0, 3, 4, 2, 10, 7, 12, 9, 11, 8, 6, 5, 13], "R": [[-0.5743693666064764, -0.24879448581360464, -0.779872511717665], [-0.23330212450682852, -0.8634314813656154, 0.4472764197757126], [-0.7846463849433551, 0.43884778775279615, 0.43788431095416214]], "T": [0.04679238117878477, -0.0813914569235625, -0.04522709795298702], "aligned_model": [[0.13929724185590608, -0.27279901134241175, -0.502892401102326, -0.2751896839262184, -0.6273666314419247, -0.5032436628965876, -0.564466113176089, 0.20798080220513682, 0.09053747600964497, 0.318271533132994, 0.6188780897897078, -0.05958674628401782, -0.10739971861748841], [-0.1424274405324819, 0.2863853511294112, -0.31637138669931386, -0.7137241306511135, -0.5071930265360866, 0.5645900673258663, 0.13522790163489104, 0.06956710112171086, -0.53880298050634, 0.49544023489226285, -0.08779007864787625, 0.5771698370340688, -0.01867366321523599], [-0.6252374420014479, -0.8298701488282013, -0.4108609538201542, -0.09047169049145865, 0.3594247937518991, -0.1296805811416692, 0.3216124491542052, 0.7011308742703456, 0.25746619346123223, -0.3810176803242752, 0.023586734847727046, 0.35471375414412354, -0.07053685249509964]], "inverted": false, "swapped": false, "error_lsq": 0.04922288210165785, "error_max": 0.2826359818942727, "target": "1135.xyz", "model": "12.xyz", "model_rescale": 4.124412569039231, "target_rescale": 3.8636485108522334},
{"mapping": [4, 5, 10, 2, 11, 7, 9, 6, 8, 0, 1, 3, 12], "R": [[0.41178683158135715, -0.26301135553226407, -0.8725002190241951], [0.6630928495216771, 0.743238271765028, 0.08890862892294199], [0.625091575890613, -0.6151600590454618, 0.4804566822365723]], "T": [-0.09901568526294055, 0.1313270586378375, -0.039783081481433336], "aligned_model": [[0.14477167984888384, -0.287939431193801, -0.6190430026657376, 0.0017507173411209775, -0.6093042171562552, -0.6622119733274257, -0.4734860137414636, 0.20616921031865806, -0.10497877660676838, 0.29631606003745636, 0.6032401947051508, 0.11590668562923245, -0.149169958982725], [-0.2019167477671565, 0.4443467331902569, -0.2991862781968241, -0.7102145054318434, -0.6951334832375524, 0.37681685000423637, 0.22835539585550957, 0.1172937259952865, -0.4080799768244175, 0.44065355919822835, -0.2560772898272243, 0.7325344861482281, 0.034005317243035835], [-0.7089561098187027, -0.7031625962682271, -0.3378426866946305, -0.19486190562681002, 0.17729167125986955, -0.1647725928866379, 0.4691361133485053, 0.5554295358813641, 0.43339829234248367, -0.33098287647248426, 0.10028421930406617, 0.278197074129499, -0.09289868797106834]], "inverted": true, "swapped": false, "error_lsq": 0.04504341198436274, "error_max": 0.30901034702026636, "target": "1135.xyz", "model": "13.xyz", "model_rescale": 3.9028299243045295, "target_rescale": 3.8636485108522334},
{"mapping": [5, 13, 10, 4, 7, 14, 9, 6, 3, 12, 0, 1, 15], "R": [[-0.2755744493887009, 0.3428432759182015, 0.8980630328667305], [-0.2673751413632711, -0.9247084347467045, 0.27097019114520793], [0.923346769434477, -0.16544726914027838, 0.34649378711448664]], "T": [0.048386180796013215, 0.04318316433022157, -0.033344526755696435], "aligned_model": [[0.1203030043094596, -0.24143950052842833, -0.5588637356765598, 0.00312039337786503, -0.6316518455909835, -0.7118761397715276, -0.5945791055465998, -0.04061638261464347, 0.1958463969697456, 0.16129335531368424, 0.6558222272156469, 0.15226972474143435, -0.047607217992767], [-0.06769838397493472, 0.264895465781661, -0.26804778969299237, -0.6054171780545201, -0.45030450441240294, 0.4258219249615102, 0.1693554290571378, 0.08361505858886453, -0.41201391970921264, 0.6086703210824476, -0.5197100803494981, 0.5422817034775713, 0.031949739594132276], [-0.5279505178196339, -0.7400948940178319, -0.3329032593121475, -0.22473908840915477, 0.30524986082894495, -0.27550033521537753, 0.3808072046613109, 0.6260886145726925, 0.36633102236651766, -0.42285259400412395, -0.07061453948376639, 0.36952966360790485, 0.026908312751891907]], "inverted": true, "swapped": false, "error_lsq": 0.048400652685945005, "error_max": 0.31831925972134023, "target": "1135.xyz", "model": "14.xyz", "model_rescale": 3.942246331269136, "target_rescale": 3.8636485108522334},
{"mapping": [6, 7, 8, 11, 13, 0, 1, 3, 4, 9, 10, 5, 14], "R": [[-0.9414295625754225, -0.32177696234352754, 0.10084624541360294], [0.13712693368252674, -0.0920962127103151, 0.9862628917602265], [-0.3080691201141012, 0.9423257791811643, 0.13082638542257086]], "T": [-0.1086040615084448, -0.026179939923009307, 0.010764947617103185], "aligned_model": [[0.0073429305519748245, -0.21560076401853112, -0.6136462918770949, -0.055418931104120245, -0.4478934603383079, -0.6655939896974244, -0.5123930666687909, -0.061647108713180264, 0.17285724683855974, 0.4522533135057535, 0.5696886428662907, 0.0171417224835511, -0.1850690696223539], [-0.15104290320158004, 0.38720217094494885, -0.2317044981427463, -0.6802507222593721, -0.6995738358080948, 0.3895530919938982, 0.4184049003734179, 0.08565210975864541, -0.40520229792340223, 0.35868590676091905, -0.24329694185698753, 0.5404401634753302, 0.034530642234786815], [-0.5219215687993124, -0.729941771803855, -0.5383551920614853, -0.2781533423098644, 0.31466165923421274, -0.22933034375169542, 0.5547688031832534, 0.7191691879691989, 0.35830711910427543, -0.4199084681875033, -0.031421907046053486, 0.2674928471960299, 0.014892427800025601]], "inverted": true, "swapped": false, "error_lsq": 0.041483804543638945, "error_max": 0.24603047522123933, "target": "1135.xyz", "model": "15.xyz", "model_rescale": 4.355366556412066, "target_rescale": 3.8636485108522334},
{"mapping": [10, 3, 8, 11, 7, 9, 6, 1, 4, 0, 2, 12], "R": [[-0.46673833784048213, -0.8113270562620079, -0.35199961898719373], [-0.7854248953034395, 0.5632123573791914, -0.256709123976838], [0.40652559307808117, 0.15665327405643162, -0.9001092677558183]], "T": [-0.11430242197376819, -0.032564362829215494, -0.027092188679752886], "aligned_model": [[-0.2502733983770733, 0.48514482619188903, 0.18124373337842734, -0.7520961827141479, -0.3812098973715651, -0.4775823258832269, -0.1760116224614495, -0.13580371334555716, 0.5139514488229902, 0.15806781783764987, 0.5171921258727046, -0.0848142573188607], [-0.6677654784532164, -0.2871627368771905, -0.5254991648909538, 0.16964916821747622, -0.17433929471837584, 2.0793462085437475e-05, 0.4277363997138751, 0.6418776035307647, 0.016996360271076018, 0.0031160379951857067, 0.31081853726435626, 0.09732820222589778], [0.25445395361215006, -0.01074010382194224, -0.4118963252489798, -0.053707526936869726, -0.6926992078018691, 0.56658661206412, -0.6015273124689171, 0.5993854568911975, -0.6560361341872591, 0.5458106898441473, -0.017980184723072227, -0.07239145601328442]], "inverted": false, "swapped": true, "error_lsq": 0.05520782047982254, "error_max": 0.33686896795148474, "target": "1135.xyz", "model": "16.xyz", "model_rescale": 3.795458400668931, "target_rescale": 3.8636485108522334},
{"mapping": [5, 1, 10, 9, 11, 2, 4, 7, 8, 1, 6, 0, 12], "R": [[-0.7737436727482272, -0.5107419228282404, -0.3747844942734373], [0.5674797830363758, -0.2958398089172014, -0.7684045180143215], [0.2815802278695583, -0.8072307574204205, 0.5187398958508802]], "T": [-0.106711393321908, -0.008979161896648446, 0.13313551301911697], "aligned_model": [[0.06617595179044942, 0.12760821805174266, -0.6416705145756519, -0.056796078701966166, -0.48959820642968316, -0.5371118550855086, -0.6847242817447915, -0.0870930930264095, 0.2047923056403695, 0.12760821805174266, 0.5128095209014787, 0.17756477760822093, -0.2575437882736673], [-0.13107821607427766, 0.48935078860386744, -0.23336085727121025, -0.7482308388720759, -0.6235147003993222, 0.3836233495841865, 0.2017156434589169, 0.1714610397490059, -0.5488229950577634, 0.48935078860386744, -0.1409471905186775, 0.5107918547781224, -0.016940880234876513], [-0.6137101141982867, -0.5083925005498113, -0.3167258616513317, -0.365824704322932, 0.4951909362465701, -0.2695635744067011, 0.32550127971758536, 0.7642703127802672, 0.3962340756253519, -0.5083925005498113, -0.103833107876589, 0.12717427703250905, 0.05833093268040593]], "inverted": false, "swapped": false, "error_lsq": 0.05720279959503039, "error_max": 0.45062000804579166, "target": "1135.xyz", "model": "17.xyz", "model_rescale": 3.7474275329858107, "target_rescale": 3.8636485108522334},
{"mapping": [5, 4, 9, 12, 7, 6, 2, 1, 11, 8, 10, 0, 13], "R": [[0.8474229806963313, 0.3302342231663109, 0.41571582798528195], [-0.5091455891908541, 0.7274216951532504, 0.4600309189911801], [-0.1504827591295544, -0.6015006527595085, 0.7845711592549409]], "T": [-0.05171631639314876, -0.04667974728284369, 0.028552639248166686], "aligned_model": [[0.11258598604937702, -0.14938490267648574, -0.5789406726383746, -0.1915852469323413, -0.45384080978968755, -0.6589166435312632, -0.6102978524035401, -0.009701366433652672, 0.26436328858212, 0.45656921893727387, 0.5231404757297086, -0.1270172909220676, -0.11495300976474077], [-0.21841417800356608, 0.47219574575269846, -0.16721799948412042, -0.7055418191711749, -0.5782652347253914, 0.3391845085410593, 0.25362983454128435, 0.10652559366292866, -0.5470127386421244, 0.38550361297339114, -0.3427469292736172, 0.7711321066039516, 0.03442528357444412], [-0.6546252112325174, -0.6121148969991003, -0.36543869795881273, -0.2963694680488558, 0.3794543967064946, -0.24968350193619493, 0.3473528062847787, 0.7018143151924219, 0.44267489520914033, -0.23924916976401128, -0.21294945755787897, 0.185574693935103, 0.053818746696659425]], "inverted": true, "swapped": false, "error_lsq": 0.04737374474792832, "error_max": 0.29308165148382004, "target": "1135.xyz", "model": "18.xyz", "model_rescale": 3.922800546911778, "target_rescale": 3.8636485108522334},
{"mapping": [12, 5, 3, 7, 9, 0, 2, 10, 11, 8, 13, 6, 14], "R": [[-0.14699301442776475, -0.6898166575483418, 0.7089048121421331], [-0.5940866034996224, -0.5114536712298388, -0.6208673366571983], [0.7908565996764025, -0.5124140134250371, -0.33463071824613555]], "T": [-0.04572658657442902, 0.11060964063359491, -0.03459743152073599], "aligned_model": [[0.025224946651064617, -0.20907095255107672, -0.5125333222253001, -0.11995877685433143, -0.529940542127583, -0.7871668453916185, -0.6256908453835359, -0.05749726098498106, 0.2139019163506834, 0.3938575682343256, 0.5280746558619553, 0.21149149852606303, -0.06867086589933938], [-0.2265817514234112, 0.4491130460295463, -0.20845286176210792, -0.6731042881577295, -0.3885224602131457, 0.2849750490979265, 0.11431797923774917, 0.04124832465398395, -0.43103153621618573, 0.4674356489690926, -0.2492907147404838, 0.6059645786389475, 0.01732677223558081], [-0.7416206911254843, -0.6988773294739605, -0.33366236544157396, -0.17058669140316512, 0.3886603824258836, -0.3785533627285636, 0.38582696063151106, 0.7689267475384902, 0.3481054411866092, -0.2666138633484129, -0.1487798084458066, 0.3706557165288024, -0.043221685817102805]], "inverted": false, "swapped": false, "error_lsq": 0.041729814464012145, "error_max": 0.20814712448553824, "target": "1135.xyz", "model": "19.xyz", "model_rescale": 3.9282355846067225, "target_rescale": 3.8636485108522334},
{"mapping": [11, 9, 4, 0, 3, 8, 6, 5, 1, 12, 10, 7, 13], "R": [[-0.5661542382246946, 0.6923789501690341, -0.44730388764579515], [-0.7200316940446323, -0.6795606142926732, -0.140540851973301], [-0.40127763220921325, 0.24250517698595805, 0.8832709103234276]], "T": [-0.13971394624728384, 0.07585735147962762, 0.011607136278354108], "aligned_model": [[-0.07271456433948786, -0.06240213269768244, -0.6015419203623695, -0.0948815787641573, -0.4972949748280266, -0.6987323533553149, -0.595488033314548, -0.1704046294251469, 0.13962159657751283, 0.4016034035760533, 0.6486069757255698, 0.11402632847846911, -0.04837694306454529], [-0.273243319200918, 0.40275366219252046, -0.26199960131050776, -0.6982620530228035, -0.49076541335599694, 0.36285056575262153, 0.29643957073171323, -0.01889991535811411, -0.5229453982014622, 0.6233525669417779, -0.14359200394297544, 0.5822587893750801, -0.054549664251171845], [-0.6104884961450868, -0.5930303673267036, -0.2566007061049961, -0.18569008771503523, 0.35428704451740933, -0.4170592778525417, 0.42447215073815403, 0.7028157115985023, 0.36502999603102304, -0.34897414595057363, -0.2578858198001662, 0.2709741215697363, 0.0324093269675049]], "inverted": true, "swapped": false, "error_lsq": 0.04431416247243722, "error_max": 0.26125548320491515, "target": "1135.xyz", "model": "20.xyz", "model_rescale": 4.067790424073018, "target_rescale": 3.8636485108522334},
{"mapping": [11, 6, 13, 10, 1, 4, 8, 7, 9, 3, 12, 0, 14], "R": [[0.8457237938082461, -0.5275173538176618, -0.08047798461566258], [-0.4033461344230547, -0.5332000496606476, -0.7436461543555927], [0.3493753861286827, 0.6613797309134101, -0.6637120543611809]], "T": [-0.18641686504035182, 0.08489813919762074, -0.08403585500846827], "aligned_model": [[0.13529614043089522, -0.3416800511936747, -0.466027023076397, -0.05468439023322946, -0.5176142757510351, -0.7458053039341916, -0.5363577030536196, -0.14291468075389782, 0.13258271977129976, 0.475356336782782, 0.5330331509798191, 0.1488445844999176, -0.15800833026234232], [-0.17793103019094053, 0.4176976035412552, -0.4665835099983778, -0.7216559019484126, -0.48534564557792054, 0.6569773084333663, 0.2345607040891623, 0.004672765551754388, -0.4808745842329177, 0.45363562695071075, -0.17798386339655542, 0.5339671266297208, 0.012261186498918622], [-0.579468821017316, -0.7264490882575041, -0.4123796614070619, -0.14237928090943958, 0.4042626216860876, -0.1318113015760377, 0.3405938934615493, 0.6564608746227127, 0.3428018070843648, -0.47111971042628, -0.06675598063570028, 0.3523067105290055, -0.08580261262715352]], "inverted": false, "swapped": false, "error_lsq": 0.04195282093305002, "error_max": 0.3052928130357532, "target": "1135.xyz", "model": "21.xyz", "model_rescale": 4.186013935880536, "target_rescale": 3.8636485108522334},
{"mapping": [6, 0, 7, 4, 10, 1, 9, 8, 11, 5, 3, 2, 12], "R": [[0.9121424095728472, -0.34499074440900906, 0.22130885868116146], [0.31935803634514875, 0.2597538081915494, -0.9113387974577613], [0.25691763131480705, 0.901947529184545, 0.34710803119127526]], "T": [-0.13693310353999644, 0.0002617440549702657, -0.01050951704170084], "aligned_model": [[-0.0008335286824603938, -0.14794989549846083, -0.6833066602510386, -0.0879397385806108, -0.6626423270265324, -0.696145351038359, -0.5590573896889761, -0.029740128623519255, 0.2193594230863652, 0.5208752084165871, 0.6565418913441392, 0.03667286815941617, -0.10381319741022456], [-0.18702728659573853, 0.45364022208601035, -0.29248203754069585, -0.7109943221483738, -0.6166393254793511, 0.40490371787374557, 0.010496588752724273, 0.3012712222015503, -0.3011564266659714, 0.38874865736525893, -0.3197950607351171, 0.7026993971103307, -0.03026755987460886], [-0.5167234774761306, -0.5727505925240717, -0.4030662068902473, -0.14954407119053936, 0.1878898664917651, -0.25272795400350934, 0.44463561940991414, 0.6863197955579451, 0.4151296500250811, -0.13259522063688187, -0.3573520302054836, 0.15117385571310996, -0.020129783743724927]], "inverted": false, "swapped": false, "error_lsq": 0.05801322457677478, "error_max": 0.33631499850393254, "target": "1135.xyz", "model": "22.xyz", "model_rescale": 4.166573947596378, "target_rescale": 3.8636485108522334},
{"mapping": [1, 2, 4, 0, 8, 3, 9, 10, 7, 6, 5, 12, 15], "R": [[0.2105796929895445, -0.9775599743162235, 0.005717474555595304], [-0.9775357851089754, -0.21062078476322538, -0.007916682202950578], [0.008943250628749327, -0.003921943470751321, -0.9999523171769761]], "T": [-0.1560718766257788, 0.1343655022459675, 0.05965555702139852], "aligned_model": [[0.16187035114498807, -0.22908289386994202, -0.55173528285129, -0.05731212686166427, -0.7114915622565094, -0.6957787976392806, -0.5754919537817506, 0.09808666809687719, 0.1307876983917625, 0.3594231844395891, 0.5838564533176287, 0.059683382891835196, -0.11079394681591836], [-0.13669091641370323, 0.29329743540102543, -0.28643832534418684, -0.6161956598505816, -0.4252025797763998, 0.2487146622192376, 0.29274193277602545, -0.13332237502177863, -0.4747077178971911, 0.42277691698667835, -0.2387504655877341, 0.7512174648890457, 0.10595741396932665], [-0.5178738522476851, -0.5901284618446092, -0.3944679074946906, -0.24638401005583727, 0.23985454319184232, -0.17923220122417935, 0.458971060618655, 0.711336358957767, 0.30075936117101154, -0.4201270289811972, -0.0063180914757532125, 0.10787048627662477, 0.01599919363527786]], "inverted": true, "swapped": false, "error_lsq": 0.04134383787710456, "error_max": 0.24812576938547481, "target": "1135.xyz", "model": "23.xyz", "model_rescale": 4.274766983524099, "target_rescale": 3.8636485108522334},
{"mapping": [11, 9, 10, 7, 8, 4, 6, 2, 5, 0, 12], "R": [[-0.2430927745224577, 0.7552385197721059, -0.6087040998937104], [0.6701316826397574, -0.3229398810869154, -0.6683063377867794], [-0.7013055189411969, -0.5703723445750221, -0.42760490835187015]], "T": [-0.05795512395118091, 0.17690895663110723, -0.030963886303928982], "aligned_model": [[0.26494856030908265, 0.4076068483866068, -0.35017985776120286, -0.4690661829192658, -0.7413421366472672, -0.555587414281465, -0.010688256484250036, 0.0325063240039315, 0.5763739622392889, 0.21703637260317982, 0.00828648450943599], [-0.07118439211350247, 0.5812309763893835, 0.7245342043688103, -0.3442949779389231, 0.17912775901667466, -0.2516526993454572, -0.5544818490730132, 0.11662766266355346, -0.21938825360642977, 0.6797263158103535, 0.07534178507203393], [-0.5625299410968421, -0.355408571418686, -0.3714753941026775, -0.3370792100348557, 0.07573072622261948, 0.5702238453433021, 0.06119826122201056, 0.6796436711312992, 0.3355656916673386, 0.24331831670912074, 0.04037903837894776]], "inverted": false, "swapped": true, "error_lsq": 0.06295292619086111, "error_max": 0.3646471133264398, "target": "1135.xyz", "model": "24.xyz", "model_rescale": 3.7841303162186577, "target_rescale": 3.8636485108522334},
{"mapping": [8, 1, 2, 9, 12, 4, 3, 13, 14, 0, 10, 7, 15], "R": [[-0.18350416539187414, -0.8193042213718891, 0.5432005284662695], [-0.8779478812537114, 0.3851645806664719, 0.2843514789870803], [-0.44219197085197154, -0.4247220722333885, -0.7899857101693839]], "T": [-0.07861703920355628, 0.05485142395825983, -0.022536919760891835], "aligned_model": [[-0.09756522841847257, -0.2055750476186184, -0.5749968876786106, -0.015493350294118913, -0.47145111712323734, -0.7296286423185121, -0.671711772621159, -0.20089252283290815, 0.14743096881477416, 0.3362923529349816, 0.6637522948567325, 0.3914292922747456, -0.10956916576927123], [-0.03503165208065498, 0.41677602582328743, -0.3575892152229054, -0.5203688088982235, -0.5112359147974211, 0.3521257753277151, 0.2947483142683756, -0.13453568437592134, -0.5952736671308682, 0.4225302322512967, -0.13925971985769092, 0.5003517420897516, 0.1101603589530222], [-0.606505910723701, -0.6596622139278445, -0.4127840121356279, -0.10784689653454571, 0.2943201750841512, -0.2335255343492627, 0.4670445411268652, 0.7265833820405385, 0.3718469368025574, -0.5062645699929563, 0.10577419032138222, 0.035699434080923576, 0.005579928734746723]], "inverted": true, "swapped": false, "error_lsq": 0.04471031187649312, "error_max": 0.33366486249347665, "target": "1135.xyz", "model": "25.xyz", "model_rescale": 4.19342608120988, "target_rescale": 3.8636485108522334},
{"mapping": [10, 3, 8, 11, 7, 9, 6, 1, 4, 0, 2, 12], "R": [[-0.46673833784048213, -0.8113270562620079, -0.35199961898719373], [-0.7854248953034395, 0.5632123573791914, -0.256709123976838], [0.40652559307808117, 0.15665327405643162, -0.9001092677558183]], "T": [-0.11430242197376819, -0.032564362829215494, -0.027092188679752886], "aligned_model": [[-0.2502733983770733, 0.48514482619188903, 0.18124373337842734, -0.7520961827141479, -0.3812098973715651, -0.4775823258832269, -0.1760116224614495, -0.13580371334555716, 0.5139514488229902, 0.15806781783764987, 0.5171921258727046, -0.0848142573188607], [-0.6677654784532164, -0.2871627368771905, -0.5254991648909538, 0.16964916821747622, -0.17433929471837584, 2.0793462085437475e-05, 0.4277363997138751, 0.6418776035307647, 0.016996360271076018, 0.0031160379951857067, 0.31081853726435626, 0.09732820222589778], [0.25445395361215006, -0.01074010382194224, -0.4118963252489798, -0.053707526936869726, -0.6926992078018691, 0.56658661206412, -0.6015273124689171, 0.5993854568911975, -0.6560361341872591, 0.5458106898441473, -0.017980184723072227, -0.07239145601328442]], "inverted": false, "swapped": true, "error_lsq": 0.05520782047982254, "error_max": 0.33686896795148474, "target": "1135.xyz", "model": "26.xyz", "model_rescale": 3.795458400668931, "target_rescale": 3.8636485108522334},
{"mapping": [10, 11, 5, 7, 6, 8, 1, 2, 0, 4, 3, 9, 12], "R": [[0.031442713360549795, 0.2727031326808528, -0.961584295422183], [0.6629192614127767, 0.7143162255765091, 0.22425517324260102], [0.7480303527427651, -0.6445039420392862, -0.15832011897214937]], "T": [-0.14909982516355744, 0.11164643568637725, -0.01731375815659865], "aligned_model": [[0.057547955244276444, -0.21370237411200418, -0.5422977807615346, 0.07916086489222984, -0.7977616678149342, -0.8469572663390593, -0.5139866043841783, 0.21325584858314509, 0.1053504801925669, 0.44565741104547996, 0.5187655956733175, 0.09338470839195631, -0.1363959964049357], [-0.10742601226529794, 0.6031279224868468, -0.38401784091183244, -0.6258995436369592, -0.373937323424522, 0.2249980307638125, 0.16092849485353578, 0.20833316087077403, -0.45150240210862713, 0.381749818586806, -0.1891805226375143, 0.4054338459980229, -0.049209842225281436], [-0.6630616856873097, -0.5329173370184002, -0.4254470213172719, -0.27055491671628573, 0.13963587214470247, -0.19309236264404694, 0.4461321260040828, 0.7790435465602558, 0.5389160690616344, -0.5390140314547033, 0.07507390142971716, 0.18083895730334665, -0.05529366713849487]], "inverted": false, "swapped": false, "error_lsq": 0.05774114906205292, "error_max": 0.3518055129438513, "target": "1135.xyz", "model": "27.xyz", "model_rescale": 3.6321398670334006, "target_rescale": 3.8636485108522334},
{"mapping": [12, 7, 6, 9, 13, 4, 1, 2, 11, 8, 10, 3, 14], "R": [[0.5262389050458074, -0.8497943566972929, -0.030367188569632053], [0.23236869754441045, 0.17806452343981233, -0.9561892144830262], [0.8179715173633515, 0.49612758119014755, 0.2911700876888105]], "T": [-0.01288538579948946, 0.03251924939690162, -0.01284565366192212], "aligned_model": [[-0.06989256941788091, -0.13895497514823985, -0.6088190600686861, 0.05354304814858499, -0.49136412773953503, -0.7679894857901368, -0.4883667725345158, -0.19740422538072216, 0.13682922200373165, 0.32831543093190274, 0.6896701772923252, 0.0780331591877234, -0.06157864727822528], [-0.07385090337157191, 0.5706314789174608, -0.3291697984814409, -0.6080541049926741, -0.5664234596426697, 0.3353528354823073, 0.30379266512637726, -0.028305852581776175, -0.40527587818758093, 0.18220562317732106, -0.2997118843433473, 0.7060622137092755, 0.016144851538082435], [-0.8307364180527788, -0.5563795266502639, -0.3562863700274095, -0.19124184765025332, 0.26787316778377346, -0.16961577095153385, 0.3713357890618302, 0.7589682931810292, 0.4326280255743794, -0.37090376062343544, 0.013796184469445659, 0.0853061337133536, 0.025515550699089756]], "inverted": true, "swapped": false, "error_lsq": 0.045887981543266024, "error_max": 0.2594228083732026, "target": "1135.xyz", "model": "28.xyz", "model_rescale": 4.156811204709835, "target_rescale": 3.8636485108522334},
