[{"mapping": [5, 6, 1, 3, 0, 2, 12, 4, 8, 10, 11, 7, 9, 13], "R": [[-0.5143060783206272, 0.7892792598678048, -0.3354512002437724], [0.44281310149533704, -0.09057645026003341, -0.8920271653948508], [-0.7344425198383722, -0.6073171795699692, -0.30291917808656543]], "T": [0.12305896142546091, -0.22223355170241954, -0.11737406589377489], "aligned_model": [[-0.392687152345215, -0.4444385844166916, 0.45281150100318934, 0.06326648362538914, 0.8498878721105677, 0.33812499363274157, 0.5357136632597584, -0.2712710166700817, -0.5433938329195319, 0.2077795557501918, -0.29376938264066, -0.055107179936134704, 0.5364083396379656, 0.0778273475500224], [-0.7710475134328482, 0.010625656576201625, -0.6756421451190435, -0.2473105263261454, -0.09276253505456128, 0.2871652970509746, -0.38931549815281735, 0.6287300592278212, 0.11212300479656334, -0.11656952096981965, -0.33942517465682187, 0.40866318314943795, 0.27041308474999237, -0.11401876766881226], [-0.18955745720919007, -0.5737394992590126, -0.2542244348409175, -0.6360226084926925, -0.3418054028792724, -0.6517125916328773, 0.25265232262196247, -0.30113757657752105, 0.11634691660157903, 0.8811681005409883, 0.42996686619123703, 0.2589510840777013, 0.23360279215770327, -0.0043098192099438465]], "inverted": true, "swapped": false, "error_lsq": 0.04468237030295524, "error_max": 0.24441986401381038, "target": "1136.xyz", "model": "0.xyz", "model_rescale": 3.8414455957264533, "target_rescale": 4.133520163276853},
{"mapping": [7, 0, 2, 4, 5, 1, 6, 11, 13, 8, 9, 12, 10, 14], "R": [[0.48652487766587854, -0.5757365847101129, -0.6571308305341769], [-0.12708205646091056, 0.6975171216540548, -0.7052092001137737], [0.8643747418439921, 0.4266113571223551, 0.2661936431178524]], "T": [0.0890795814817857, -0.11987720335523128, -0.08483773662372672], "aligned_model": [[-0.30351913609036174, -0.4501568991165881, 0.42554247393656713, 0.14543343239207612, 0.73688133969669, 0.1651495188466769, 0.607107375623241, -0.2683771315314469, -0.577172985498883, 0.007995509591191968, -0.2505723969970803, 0.08276128957614527, 0.6160912529852172, 0.12398896422806582], [-0.6035845088122341, -0.09346687556286196, -0.7621908746518038, -0.34058394936764735, -0.21205075511605853, 0.4738419751005925, -0.5004729969442722, 0.6477624593109403, 0.07865279777215878, 0.09317137413720411, -0.5506376393622806, 0.5573953066586543, 0.23115643846937606, -0.04736414746164595], [-0.242471780355887, -0.5686185569183577, -0.2220623600879989, -0.5787304482528642, -0.1634488261211146, -0.7095046822289709, 0.3588076399811791, -0.18085569720150307, 0.21771863214638815, 0.6716925498914014, 0.32086124079654005, 0.26666129642467173, 0.17480698374798165, -0.12467729973172216]], "inverted": false, "swapped": false, "error_lsq": 0.04208780634796526, "error_max": 0.29786862694633714, "target": "1136.xyz", "model": "1.xyz", "model_rescale": 4.316132596720782, "target_rescale": 4.133520163276853},
{"mapping": [0, 10, 2, 5, 3, 1, 4, 7, 6, 8, 12, 13], "R": [[0.12252225274385398, -0.11218052459676377, 0.9861053835588597], [0.41854799024639266, 0.9067531794770733, 0.05114930467683662], [-0.8998921476728624, 0.40646549842442115, 0.15805037534694466]], "T": [0.09456034291362733, 0.09578772472728131, 0.09660882796968018], "aligned_model": [[-0.08207443246130522, 0.5327317784872556, 0.07259815070565956, -0.5821730485805542, -0.5835516599914177, -0.4519325186473039, -0.10974444990903845, -0.34887091612217813, 0.5513061177763434, 0.1960527447846249, 0.4035555347062403, -8.874611654538511e-05], [-0.6499382702156054, -0.3771103404044529, -0.42397799980684087, 0.591593729563447, -0.1511319251043669, -0.2314126470463983, 0.20603084061715543, 0.6636304081890223, -0.06686034798593352, -0.1349435208268625, 0.5104596325721726, 0.07643686818964304], [0.06407421510295006, 0.06455317710890929, -0.5389110828231352, -0.10314994334053568, -0.3351216499531461, 0.37263689862997385, -0.5631827215548882, 0.49643341592946644, -0.43613920037245457, 0.6863621285419761, -0.28064919476234906, 0.022352418702654184]], "inverted": false, "swapped": true, "error_lsq": 0.04762212615008781, "error_max": 0.24083539428174988, "target": "1136.xyz", "model": "2.xyz", "model_rescale": 3.795458400668931, "target_rescale": 4.133520163276853},
{"mapping": [11, 8, 10, 3, 12, 4, 0, 7, 1, 5, 6, 13], "R": [[0.1235834348993024, 0.71439900542451, -0.688738844313983], [0.9922720536444638, -0.08119773671810443, 0.09382483204384695], [0.011104331348107566, -0.6950115024949792, -0.7189128634438134]], "T": [-0.02264424555320719, -0.023610710564603916, -0.03759960914806088], "aligned_model": [[0.200362395250903, -0.20997569725799814, -0.6651087644323841, 0.28760619636048607, -0.00365588879848381, 0.1562345843424224, -0.3888570233880376, 0.7126626755260459, 0.18609383949030198, 0.7962688051435922, -0.5080425022390036, 0.029715205745720633], [-0.08163225300625114, -0.6182340776199471, -0.06045484516307589, 0.13283196729935862, 0.5327614265436315, 0.5701296471078686, -0.2917776374802724, -0.29012260017787245, -0.5104540114242914, 0.17913149772235054, 0.507375664620999, 0.016214266867211485], [-0.6964216147334603, -0.1881869572300622, 0.012761123939707068, 0.7282115682053767, -0.3535804990444699, 0.28596434694344586, 0.5807371155406825, -0.2968898717805744, 0.411085178959076, 0.1412082673215595, -0.0010816424968077623, 0.06496441501462732]], "inverted": false, "swapped": true, "error_lsq": 0.05094065180354623, "error_max": 0.3128901219874043, "target": "1136.xyz", "model": "3.xyz", "model_rescale": 3.7530521520055578, "target_rescale": 4.133520163276853},
{"mapping": [5, 11, 12, 9, 4, 8, 3, 1, 0, 10, 13], "R": [[0.6401768698699014, -0.3587811360398956, 0.679300869795923], [-0.7642798461525024, -0.2079145030269337, 0.6104489136661402], [-0.07778105199007479, -0.9099712390251604, -0.4073112472033299]], "T": [-0.06475682054390997, 0.004801096453983814, -0.06316523179780661], "aligned_model": [[-0.48685183165922497, -0.09807867027306938, 0.4013610916003426, 0.6223931799571207, 0.17712449549342554, -0.34194057488328156, -0.3285668268700993, -0.6579208928547795, -0.1671672892248149, 0.31116601643859204, -0.09331909527900628], [-0.7313574810274359, 0.09607184846527779, -0.2927823033522215, 0.31156447328257814, -0.6181077069458328, 0.5815369312796833, -0.5399886242571105, 0.06354357573889009, 0.24398113299947055, 0.4409867733514618, -0.08824526122041469], [-0.21679333698132888, -0.7543267183055037, -0.3855510992926756, -0.29765388562825623, 0.14346713109461876, -0.10665677128150461, 0.5206197014559145, 0.29266019065733717, 0.6584098581702135, 0.22851683418263083, 0.010138873173870605]], "inverted": false, "swapped": true, "error_lsq": 0.052231953647952994, "error_max": 0.3169702057831739, "target": "1136.xyz", "model": "4.xyz", "model_rescale": 3.7855080009869324, "target_rescale": 4.133520163276853},
{"mapping": [8, 6, 15, 13, 14, 12, 9, 1, 7, 3, 10, 0, 2, 16], "R": [[0.7626312078709581, -0.6449027689803783, -0.0499405580938446], [-0.642996326062929, -0.7474467409075556, -0.16697033921103924], [0.07035172670844365, 0.15944838684701276, -0.9846963219597331]], "T": [-0.0013687278644083506, -0.03343590049526802, -0.0863049747591432], "aligned_model": [[-0.23838462748608008, -0.5321889002849043, 0.3323639574622377, 0.04068430354473906, 0.6566975934156077, 0.3711694570378022, 0.4910602608615623, 0.022850940415101297, -0.701787643151594, 0.24996036701135416, -0.1523896441093192, -0.1085804885954011, 0.5781512986801334, 0.051545732840272654], [-0.6651801139460235, -0.008123075329868619, -0.7835030846252402, -0.3057005401831838, -0.13551960943120786, 0.24495201174765058, -0.30647451764264744, 0.7124566160109831, -0.17495910900255104, 0.0666769868175125, -0.5660078526194597, 0.6160800106666058, 0.31740502339845766, -0.040474141690906074], [-0.28638642332856024, -0.46533831564168804, -0.15937905170751376, -0.7563580677303714, -0.205573712070051, -0.5830752779345126, 0.34944452192169906, -0.2134336516096965, 0.13898150161623732, 0.553404100729136, 0.38753473731811605, 0.3321548235835827, 0.20840313937058744, -0.08019963242722176]], "inverted": false, "swapped": false, "error_lsq": 0.04171427435409026, "error_max": 0.25677969825660685, "target": "1136.xyz", "model": "5.xyz", "model_rescale": 4.2253639853439635, "target_rescale": 4.133520163276853},
{"mapping": [1, 9, 10, 8, 5, 11, 2, 12, 0, 3, 4, 7, 6, 13], "R": [[0.648390258544858, 0.19057264601885068, -0.7370699690080353], [-0.7506544677889981, -0.0013661477928096216, -0.6606935777110476], [-0.12691706982336204, 0.9816721449799735, 0.14216841125183122]], "T": [0.06074075323096437, -0.11571144468643993, -0.09321330070482839], "aligned_model": [[-0.36750054732026183, -0.41777969761577616, 0.41028595303114035, 0.09058392478778746, 0.6563268222904984, 0.4582367520785503, 0.5632921409358708, -0.11027150140072559, -0.6713564374940401, 0.107491496109425, -0.06091640917704241, -0.13115855519096625, 0.4646022176526051, 0.06931644895444605], [-0.7097366542056653, -0.06261800392799274, -0.7962322402998793, -0.3596946276304917, -0.20598202467504598, 0.41405629338944805, -0.37281164109606757, 0.7791524543671359, 0.04995625580742061, 0.07397064516274152, -0.5702525297162105, 0.5304950094365022, 0.304053513127708, -0.1027278455694811], [-0.14270290482631282, -0.46844082122437214, -0.24560120843849811, -0.7899531855618748, -0.2878147477226176, -0.5017434261635341, 0.26943419171616745, -0.29647956796393204, 0.18901101729812567, 0.5885817898679193, 0.4354673676208789, 0.3250965008824046, 0.17957098379412065, -0.03424729718873163]], "inverted": true, "swapped": false, "error_lsq": 0.03763843477509043, "error_max": 0.2619598758339819, "target": "1136.xyz", "model": "6.xyz", "model_rescale": 3.89814844738969, "target_rescale": 4.133520163276853},
{"mapping": [11, 9, 6, 7, 4, 10, 8, 5, 1, 0, 2, 3, 13], "R": [[0.9917510433968123, 0.10668572923542294, -0.07104944122820586], [0.12435302103571369, -0.9352316946083435, 0.33147851145933666], [-0.031083662599919053, -0.3375793722630461, -0.9407837016774167]], "T": [-0.10015056711936327, 0.00842343859175769, -0.1366651849114133], "aligned_model": [[-0.09317414779535269, 0.05809005524725128, 0.29356616799238927, -0.1730635775000971, 0.5154499499357661, -0.29559870135485106, -0.7207858756150229, 0.29695852527105354, -0.5254860877249816, -0.45811082066305236, 0.18159754475207734, 0.1190249503335645, -0.04983618197452219], [-0.47357130017357446, 0.3753609467222941, 0.5735304242400552, -0.8079467984258928, 0.12129221820571749, 0.5867876204643929, -0.02574947530788743, -0.5925113317493431, -0.10233222679115687, 0.524704229961437, 0.6829231081796963, 0.08745896058914139, 0.013834889555605953], [-0.6414198754785878, -0.8160624117875939, -0.34769311524087293, -0.052050618687339206, 0.17560957197002983, -0.34630595303814027, -0.29474932912750007, 0.3375468086591127, 0.40066981703343396, 0.3034304930784242, 0.23775770499224738, 0.6713644471790133, -0.025822508715931836]], "inverted": false, "swapped": true, "error_lsq": 0.048398745687639286, "error_max": 0.2782831218886979, "target": "1136.xyz", "model": "7.xyz", "model_rescale": 3.7474275329858107, "target_rescale": 4.133520163276853},
{"mapping": [0, 1, 10, 12, 11, 13, 7, 4, 3, 5, 6, 8, 9, 14], "R": [[0.05663854381146957, -0.3329963007041793, -0.9412255516464949], [-0.8838962723916366, 0.421637157175752, -0.20235979675054086], [0.4642407295865868, 0.8434071207940341, -0.2704532743133863]], "T": [0.03740834984286709, -0.05943628352295629, -0.13472968205638464], "aligned_model": [[-0.39495107442800326, -0.5602137665352526, 0.3330653611600203, 0.27940128144843746, 0.6537655706195977, 0.3226549519380757, 0.45989500124079297, -0.04390172014300672, -0.48061621641772523, 0.0725701472144715, -0.12092572146375194, -0.07529224473440028, 0.6009747779053873, 0.01472625983686849], [-0.5561325948990955, -0.16130038638787567, -0.7574527098074467, -0.20723961474222446, -0.11581778595013295, 0.4551416917396155, -0.35452611483087765, 0.7048546712345052, -0.09021578983111112, -0.026154703182468354, -0.6246243287740268, 0.5025383577475336, 0.22107049685431537, -0.018512585000588805], [-0.11082695969133649, -0.5788843067234202, -0.15969686019688634, -0.6826678310593399, -0.19308084460098085, -0.8144029212385513, 0.3105844236861208, -0.28126928366750575, 0.36008109766305907, 0.579887312170261, 0.43310030461787435, 0.23499101577829046, 0.2942799535132938, -0.1719164081611354]], "inverted": true, "swapped": false, "error_lsq": 0.0395773646843484, "error_max": 0.2487290367938432, "target": "1136.xyz", "model": "8.xyz", "model_rescale": 4.019505241142653, "target_rescale": 4.133520163276853},
{"mapping": [4, 5, 12, 6, 2, 10, 11, 3, 0, 1, 7, 8, 13], "R": [[-0.3000585118844752, -0.4756031207982326, 0.8269017843327322], [-0.43759734335659745, 0.8388831284421202, 0.323703045865203], [-0.8476281345807977, -0.2647201698060488, -0.45983668531874905]], "T": [0.10712633262390493, 0.054329166456523845, -0.004866621955056785], "aligned_model": [[-0.25641926386554437, -0.7524623426316324, 0.07260040359202895, 0.4603400177014133, 0.22449380260528928, 0.7083663547197597, 0.08268410985004422, -0.41955133700157554, 0.33713019318654414, -0.12194925803225616, -0.4710695718510607, 0.432603098670335, 0.022934564797830806], [-0.43376375299909026, 0.0758236665195836, 0.05715947038916372, -0.3826714707956451, -0.7576833002125921, -0.17665569973556078, 0.6942153884768743, -0.5479508205215452, -0.444537891867073, -0.016824137616891013, 0.6298552329807273, 0.39816899518140153, -0.03175745168529398], [-0.3495676272420704, -0.07074939777434293, -0.6440492132593655, -0.45560168363748604, -0.04208132691526867, 0.03768662857296835, -0.28252305873980904, 0.25410414305118506, 0.5304795153108641, 0.6465684154073043, 0.11087247510327781, 0.42778291033965393, 0.013781713826968502]], "inverted": false, "swapped": true, "error_lsq": 0.04933416837853281, "error_max": 0.3011022803866019, "target": "1136.xyz", "model": "9.xyz", "model_rescale": 3.877068213659057, "target_rescale": 4.133520163276853},
{"mapping": [3, 6, 5, 12, 0, 11, 1, 10, 13, 7, 4, 9, 8, 15], "R": [[0.15997875134066186, -0.21039016164314472, 0.9644391007229303], [0.364727113028682, -0.8952865887823611, -0.255804724288288], [0.9172681898666528, 0.3926804092773351, -0.06649183429970079]], "T": [-0.05160563216081249, -0.01678605723606924, -0.01927976055976742], "aligned_model": [[-0.3078418407675181, -0.4440739153150365, 0.29285857998624476, 0.15823441122028598, 0.6703611357047503, 0.4036286654848924, 0.6005879172241694, -0.1924932474182477, -0.809569621012572, 0.2952034543853281, -0.16246027766480897, -0.020954264723834826, 0.5497683623426317, 0.02790324819522673], [-0.5834872716624087, -0.08010229442004249, -0.6952345370468225, -0.232047429374997, -0.1302505693617569, 0.3797949065801985, -0.517069252258276, 0.5320217566898846, 0.003851860202005064, -0.15233892568601642, -0.4847565759882335, 0.6050662277187455, 0.3561864512566165, -0.030005742478775084], [-0.145589228513671, -0.4907288839566474, -0.19829794129824763, -0.7032570361853651, -0.33496287100380506, -0.4437094363003854, 0.2586894987521692, -0.4460952273610148, 0.131395930682783, 0.7071054311676186, 0.4569612717904329, 0.19982188998256084, 0.2882324545663036, -0.059387160232987984]], "inverted": true, "swapped": false, "error_lsq": 0.03867036960120963, "error_max": 0.2585278368035624, "target": "1136.xyz", "model": "10.xyz", "model_rescale": 4.260839863003843, "target_rescale": 4.133520163276853},
{"mapping": [7, 8, 0, 1, 2, 3, 5, 11, 9, 6, 12, 13], "R": [[0.03170986567711698, -0.8835559944364233, -0.46725077754264066], [-0.863138761301844, -0.25992476661920544, 0.4329325518325804], [-0.5039702006637471, 0.38957402427961574, -0.7708736060143244]], "T": [0.061292345514695465, -0.04932620817804045, -0.019943294217544795], "aligned_model": [[0.5481509040681483, 0.18247816001664227, -0.6222914717492195, -0.2724456549662383, -0.6618127154076248, -0.5810061502517107, 0.12948727552260098, 0.7589698422369744, 0.31877834966022073, -0.15321482934945774, 0.33435354623092456, -0.02254860691712994], [0.13674534416307385, -0.6536338761534566, -0.3920371870347562, -0.25007985907509545, 0.12957302517078212, 0.365567288068063, 0.6204646940488557, -0.05609489349645105, -0.20596008308131125, 0.09114488777431276, 0.35976766147340944, 0.027621503675507315], [-0.658130114169936, -0.19734907664315077, -0.08017579529184149, -0.5945935752623078, 0.3259446044966196, -0.36996106038555565, -0.5588540875084955, -0.0385226305890076, 0.7083633776103482, 0.6532179815911892, 0.3897324579320909, -0.06349400438444866]], "inverted": true, "swapped": true, "error_lsq": 0.051960994210439315, "error_max": 0.3186661938868096, "target": "1136.xyz", "model": "11.xyz", "model_rescale": 3.890672605050136, "target_rescale": 4.133520163276853},
{"mapping": [6, 9, 1, 11, 2, 10, 0, 12, 5, 3, 8, 7, 4, 13], "R": [[0.833373534176292, 0.4676807188415326, -0.2945561029046667], [0.2563789293329361, 0.1450312631312731, 0.9556337045691959], [0.4896513015694073, -0.8719178160459936, 0.0009617343555107993]], "T": [0.03454763260534072, -0.18738581884895827, -0.10233564002832574], "aligned_model": [[-0.20951681578856934, -0.5656623391211288, 0.4962633545675036, 0.1776223195982763, 0.6398984279671709, 0.3579052141354379, 0.3803503319190339, -0.11218886329508243, -0.6383557598658367, 0.3360684762509912, -0.29173645569626505, -0.1872952125798959, 0.6180883220411499, 0.059711607508725485], [-0.7008499129864079, -0.0907963351530279, -0.8133986362280294, -0.25384418303161227, -0.054374117767843455, 0.44911592234728953, -0.4510279543885222, 0.5358019399643656, 0.18338858416965492, -0.021897749271055478, -0.39399986208132687, 0.4562400774205166, 0.16338009023491484, -0.03610925905879442], [-0.19638622749774132, -0.5883797506817371, -0.08734114236035277, -0.6294742211123623, -0.4507928620757328, -0.6407090349539234, 0.29717388083784524, -0.2052920046616002, 0.018906053716158763, 0.7548469750990635, 0.5059738015378034, 0.4109826120997627, 0.0634973621831951, -0.03282675004063523]], "inverted": false, "swapped": false, "error_lsq": 0.046559663971114565, "error_max": 0.24550607984648531, "target": "1136.xyz", "model": "12.xyz", "model_rescale": 4.124412569039231, "target_rescale": 4.133520163276853},
{"mapping": [10, 8, 1, 9, 0, 2, 11, 4, 7, 12, 3, 5, 13], "R": [[0.09353099453765096, 0.3224622888921258, 0.9419501182670182], [0.5346062845790908, -0.8144011740336246, 0.22571408511919366], [0.8399095627204982, 0.4824611901232114, -0.24856211794148425]], "T": [0.011806195759847038, 0.1467294582053904, 0.03365137540910395], "aligned_model": [[-0.19852040208881905, -0.10780488733439794, 0.5761212256366792, -0.6838991822863603, 0.4610474998944997, 0.35344976290291663, -0.48158279759169825, 0.2838386594044191, 0.11883508061846942, -0.3511720842085532, 0.8032033354340355, 0.47451347794182897, 0.11926861918673771], [-0.28236128904723, 0.45003308507045436, 0.4037760614793608, -0.22098539458766142, -0.1867271034226844, -0.5999041142618776, 0.6021654533563066, -0.23256810932569283, 0.911138502990408, -0.05478828427283022, -0.055420561320086686, 0.4978762725561395, 0.11525085729387152], [0.46758478570346407, 0.5859616773046483, 0.3457116542315742, 0.07885796032804537, 0.5583937661174188, 0.05215231580933427, -0.15684862940468303, -0.48726183788454996, -0.2547232521937781, -0.45357732157006553, -0.16640447790618956, -0.6037598969239708, -0.014388662643408844]], "inverted": true, "swapped": true, "error_lsq": 0.048424629512447664, "error_max": 0.2645074269481235, "target": "1136.xyz", "model": "13.xyz", "model_rescale": 3.9028299243045295, "target_rescale": 4.133520163276853},
{"mapping": [11, 1, 13, 12, 5, 8, 10, 2, 6, 7, 9, 3, 4, 15], "R": [[-0.6369467293815517, 0.6165287330746999, -0.46280793556663435], [0.210265704419482, 0.716517019285369, 0.6651253224914756], [0.7416786349053905, 0.3263367622069506, -0.5860180203348366]], "T": [0.09162412964885283, -0.008941409466434735, -0.0931291040318441], "aligned_model": [[-0.34649549572534144, -0.5161323090005006, 0.5845863262430411, 0.12265011593635539, 0.5684495979097302, 0.42218640472132873, 0.5273043730489577, -0.2194216184955373, -0.487892525666729, 0.08237910115299577, -0.3083998080346494, -0.013455711886816546, 0.5963562169425889, 0.04903794049608785], [-0.5765791596062687, -0.07287849661386173, -0.5721806654289652, -0.344068713410803, -0.044149084776031855, 0.3304535508216681, -0.40972067395906964, 0.5270409399138912, 0.10124243641880687, -0.17338980713199897, -0.45488512814647664, 0.4742971360516512, 0.24625461926407877, -0.05980834922649897], [-0.27116074957861, -0.3139070828027424, -0.3622037499333895, -0.7022000090065874, -0.2761584078939353, -0.7030854982007795, 0.3595421991369589, -0.4907762255728245, 0.2173998456121714, 0.7976566220496362, 0.39876570740009565, 0.28651306995117715, 0.28034617073074575, -0.0005531998021726658]], "inverted": true, "swapped": false, "error_lsq": 0.046878903894096484, "error_max": 0.35193696301988814, "target": "1136.xyz", "model": "14.xyz", "model_rescale": 3.942246331269136, "target_rescale": 4.133520163276853},
{"mapping": [7, 0, 9, 2, 5, 1, 10, 12, 8, 11, 6, 13, 4, 14], "R": [[-0.9060884995038238, 0.3134828179230734, 0.2841340421947336], [0.20776549357831828, 0.9147024873410078, -0.3466307247350291], [-0.36856089150243165, -0.2550448637380939, -0.8939323166413385]], "T": [0.16697847734393742, -0.03449605163421172, -0.01122892575054981], "aligned_model": [[-0.3171191324852267, -0.3619448287081585, 0.39036855200171855, 0.036570775968641944, 0.4942284243601702, 0.24098564755624197, 0.6431857246540919, -0.011194071799142169, -0.5893873224268552, -0.05136930612981297, -0.08421278984533151, 0.0023627604564894766, 0.5511618112832151, 0.11751636275546948], [-0.7001548423017828, -0.08813900733357932, -0.8060326466575876, -0.39802695228587137, -0.13258538900216832, 0.4100840190910559, -0.33594008206906845, 0.7350603634094068, -0.10095138890742145, -0.019778720362140796, -0.4466029656319191, 0.6400563140076755, 0.23003415035205393, -0.015394248138531182], [-0.2425887898015913, -0.5192447251968015, -0.06591405367842543, -0.6696262482943853, -0.5460798510201079, -0.6846626160658634, 0.42621669391849726, -0.22126160168412742, 0.13822137158198974, 0.6715731467923494, 0.271366594492706, 0.4116311199689312, 0.3438639002583851, -0.09331624918181286]], "inverted": true, "swapped": false, "error_lsq": 0.044017985081849, "error_max": 0.29612289615817466, "target": "1136.xyz", "model": "15.xyz", "model_rescale": 4.355366556412066, "target_rescale": 4.133520163276853},
{"mapping": [0, 10, 2, 5, 3, 1, 4, 7, 6, 8, 12, 13], "R": [[0.12252225274385398, -0.11218052459676377, 0.9861053835588597], [0.41854799024639266, 0.9067531794770733, 0.05114930467683662], [-0.8998921476728624, 0.40646549842442115, 0.15805037534694466]], "T": [0.09456034291362733, 0.09578772472728131, 0.09660882796968018], "aligned_model": [[-0.08207443246130522, 0.5327317784872556, 0.07259815070565956, -0.5821730485805542, -0.5835516599914177, -0.4519325186473039, -0.10974444990903845, -0.34887091612217813, 0.5513061177763434, 0.1960527447846249, 0.4035555347062403, -8.874611654538511e-05], [-0.6499382702156054, -0.3771103404044529, -0.42397799980684087, 0.591593729563447, -0.1511319251043669, -0.2314126470463983, 0.20603084061715543, 0.6636304081890223, -0.06686034798593352, -0.1349435208268625, 0.5104596325721726, 0.07643686818964304], [0.06407421510295006, 0.06455317710890929, -0.5389110828231352, -0.10314994334053568, -0.3351216499531461, 0.37263689862997385, -0.5631827215548882, 0.49643341592946644, -0.43613920037245457, 0.6863621285419761, -0.28064919476234906, 0.022352418702654184]], "inverted": false, "swapped": true, "error_lsq": 0.04762212615008781, "error_max": 0.24083539428174988, "target": "1136.xyz", "model": "16.xyz", "model_rescale": 3.795458400668931, "target_rescale": 4.133520163276853},
{"mapping": [11, 9, 6, 7, 4, 10, 8, 5, 1, 0, 2, 3, 13], "R": [[0.9917510433968123, 0.10668572923542294, -0.07104944122820586], [0.12435302103571369, -0.9352316946083435, 0.33147851145933666], [-0.031083662599919053, -0.3375793722630461, -0.9407837016774167]], "T": [-0.10015056711936327, 0.00842343859175769, -0.1366651849114133], "aligned_model": [[-0.09317414779535269, 0.05809005524725128, 0.29356616799238927, -0.1730635775000971, 0.5154499499357661, -0.29559870135485106, -0.7207858756150229, 0.29695852527105354, -0.5254860877249816, -0.45811082066305236, 0.18159754475207734, 0.1190249503335645, -0.04983618197452219], [-0.47357130017357446, 0.3753609467222941, 0.5735304242400552, -0.8079467984258928, 0.12129221820571749, 0.5867876204643929, -0.02574947530788743, -0.5925113317493431, -0.10233222679115687, 0.524704229961437, 0.6829231081796963, 0.08745896058914139, 0.013834889555605953], [-0.6414198754785878, -0.8160624117875939, -0.34769311524087293, -0.052050618687339206, 0.17560957197002983, -0.34630595303814027, -0.29474932912750007, 0.3375468086591127, 0.40066981703343396, 0.3034304930784242, 0.23775770499224738, 0.6713644471790133, -0.025822508715931836]], "inverted": false, "swapped": true, "error_lsq": 0.048398745687639286, "error_max": 0.2782831218886979, "target": "1136.xyz", "model": "17.xyz", "model_rescale": 3.7474275329858107, "target_rescale": 4.133520163276853},
{"mapping": [7, 2, 11, 1, 3, 0, 10, 6, 9, 5, 12, 4, 8, 13], "R": [[-0.6576860150520101, -0.428958022781385, -0.619228649447433], [0.5201756239026103, -0.8531889439491815, 0.03854797297408358], [-0.5448544997543265, -0.29675518633103165, 0.7842639437607071]], "T": [0.09005402020765749, -0.12874127320804352, -0.07130833276322414], "aligned_model": [[-0.38863144081400347, -0.3244161567903803, 0.31460662200360096, 0.2571268024047644, 0.7256785921656921, 0.2525647581189695, 0.5311609063289271, -0.42541947731650787, -0.4965405110999389, 0.11417381643181765, -0.2582301708145307, 0.05006442928988308, 0.6549331017538739, 0.05408133597934411], [-0.682840090849496, 0.08135366713622594, -0.810873005426968, -0.3163292276247847, -0.27669653483243284, 0.521050251229438, -0.3739603716284217, 0.44182246879487286, 0.04223910169873979, 0.0112585020561847, -0.524833055318812, 0.6366205542295953, 0.2818607357249147, -0.059044391018934064], [-0.24809637458483996, -0.607878283683545, -0.14882665790467853, -0.7158359594917744, -0.25753353350162594, -0.5718117049932261, 0.3995756011841455, -0.13248758678095118, 0.20144931257936238, 0.6379435512852881, 0.4588297112798677, 0.24782788852817478, 0.09948998312549222, -0.14246725495194612]], "inverted": false, "swapped": false, "error_lsq": 0.04906989460798998, "error_max": 0.4342459615894317, "target": "1136.xyz", "model": "18.xyz", "model_rescale": 3.922800546911778, "target_rescale": 4.133520163276853},
{"mapping": [9, 2, 11, 10, 4, 6, 13, 1, 3, 12, 7, 5, 8, 14], "R": [[0.15059062360971145, 0.8029211665868916, -0.5767495681208468], [0.8317798415716093, 0.21239506323838833, 0.5128651209305125], [0.5342890221929948, -0.5569613427866481, -0.6358689357134435]], "T": [0.07827467970874687, 0.02621543770381922, -0.029392509795740894], "aligned_model": [[-0.4274611867403983, -0.4506223520169547, 0.2950566872355626, 0.1366479115365689, 0.6664695783453655, 0.4422134266452682, 0.5809302772851359, -0.1158670372589022, -0.4564925441486363, 0.03002737044598859, -0.11965788833498857, -0.10050360168051344, 0.5388404967794409, 0.041571469548574214], [-0.5474075118320502, -0.07404485153818337, -0.6417740423430094, -0.33978553196522965, -0.21371762532401256, 0.3052263319583621, -0.31662909156279595, 0.6213483391661533, -0.11059879314941408, -0.02432613414102143, -0.6373882388579725, 0.6042042092704959, 0.400808908825158, -0.05428736433635918], [-0.3085539882767186, -0.5019861693179971, -0.1478797602837818, -0.7457977744822849, -0.3762729295027423, -0.5446296215012804, 0.28936872655093515, -0.4244986313197215, 0.2938026728865059, 0.7540178496142363, 0.36893383633258187, 0.43590419794251656, 0.11876117244297207, 0.009009111004521828]], "inverted": true, "swapped": false, "error_lsq": 0.044735512900609696, "error_max": 0.25922420375523264, "target": "1136.xyz", "model": "19.xyz", "model_rescale": 3.9282355846067225, "target_rescale": 4.133520163276853},
{"mapping": [8, 9, 4, 11, 0, 10, 3, 10, 7, 5, 6, 2, 1, 13], "R": [[0.7159363775731213, 0.6465027431215852, 0.2635703063771457], [-0.6018074092090934, 0.7628371455442082, -0.236447312522269], [-0.3539250563163278, 0.01066266918881606, 0.9352130035437136]], "T": [-0.062229401558559466, -0.1622591217833197, -0.013711445172445422], "aligned_model": [[-0.3484791640751528, -0.45416664089098746, 0.2803617560139873, 0.21533302735609453, 0.6820299782128584, 0.06827132342226483, 0.5618788489065913, 0.06827132342226483, -0.5571685942766004, 0.10478559845416321, -0.20432859965296435, 0.035278170601153444, 0.5467445105737138, 0.06234106957412508], [-0.8152797427455357, -0.23544570429456432, -0.6532369968566327, -0.2142504448228011, -0.12136949761392596, 0.5588048117745938, -0.4068209187310519, 0.5588048117745938, 0.11524368598345885, -0.03682693493261316, -0.5280613164592067, 0.5940586814416202, 0.21795746462105547, -0.06194929496886953], [-0.2787524253726807, -0.5789138423741774, -0.21604747726116857, -0.6722091078179223, -0.30457739789704413, -0.46677955649008535, 0.3283901308493284, -0.46677955649008535, 0.24343669029190307, 0.652669008113207, 0.5086300392305222, 0.29804465221202786, 0.20096719389518763, -0.027899658799268878]], "inverted": true, "swapped": false, "error_lsq": 0.044565023857221366, "error_max": 0.3340712176232965, "target": "1136.xyz", "model": "20.xyz", "model_rescale": 4.067790424073018, "target_rescale": 4.133520163276853},
{"mapping": [9, 7, 10, 1, 13, 5, 11, 4, 0, 3, 12, 2, 6, 14], "R": [[-0.4340723830627639, -0.18331563672513085, 0.8820297861151138], [-0.8467234820183566, -0.25132333128390466, -0.46893062189525525], [0.30763697967072057, -0.9503851642804726, -0.04612513690663794]], "T": [0.07527919611400616, 0.0033449113381283785, -0.07175825398051132], "aligned_model": [[-0.18323845657197627, -0.544413328346763, 0.38936911815618513, -0.012309117009209086, 0.6638236494067422, 0.310336983036854, 0.49137315715754937, 0.08809395169681164, -0.5857266803828575, 0.04033533666711425, -0.08445508003073501, -0.15914114500636956, 0.5521802180459779, 0.09492400082218677], [-0.7014656236250713, -0.1981971434934866, -0.7245525659917168, -0.35955642532591137, -0.2490895025795105, 0.2615904265143062, -0.3141590625291966, 0.78738628716504, 0.124705515815155, 0.00447015428276628, -0.608600809478101, 0.5615864120031434, 0.459275113906224, -0.07176417249351888], [-0.2729065388936782, -0.4351119831074815, -0.2786389077934136, -0.8024675043191817, -0.35462889269299847, -0.5477028007044018, 0.3078327050012582, -0.2378527986443124, 0.15802613286625183, 0.7782550854242838, 0.3607012963787199, 0.36083331105885796, 0.263279010158611, -0.07943942264277086]], "inverted": false, "swapped": false, "error_lsq": 0.04755561262273157, "error_max": 0.29172649487626695, "target": "1136.xyz", "model": "21.xyz", "model_rescale": 4.186013935880536, "target_rescale": 4.133520163276853},
{"mapping": [4, 3, 2, 9, 11, 6, 12, 5, 0, 1, 7, 8, 13], "R": [[0.07106011202532606, 0.6818795502381634, -0.7280046287256341], [0.7677329610557184, 0.42857011952094515, 0.476354650614877], [0.636817525659876, -0.5927629641102782, -0.493047165483821]], "T": [0.04897861286199979, -0.028571900261494258, 0.13490555106233798], "aligned_model": [[-0.11411521845670888, -0.2906036015481629, 0.4115751408745204, 0.6448638192426226, -0.14341135438394878, 0.5594693512996742, 0.07549547923741981, -0.7659471096769681, 0.368884810678323, -0.2076263412098805, -0.6854979447695001, 0.21176395231650727, -0.006276948180672676], [-0.2953846539126187, 0.31189910924501485, 0.08390935112074367, -0.5158096344828543, -0.4163081447842763, -0.3798424051288478, -0.6589416169571605, -0.13180953128855583, 0.5957530598357695, 0.6153681208756838, -0.04037573534476466, 0.34882450884169014, 0.0016742315262693944], [-0.49073830807026847, -0.5549928609276134, -0.5933773810882925, 0.30456412731070526, 0.6824378345489663, -0.23238152806554346, 0.026806931769537856, -0.12764597263243338, -0.17532657692886905, 0.09747329836560076, 0.5081898281963111, 0.6272666527987873, 0.03060351605845793]], "inverted": true, "swapped": true, "error_lsq": 0.05299425479111455, "error_max": 0.27874398935682393, "target": "1136.xyz", "model": "22.xyz", "model_rescale": 4.166573947596378, "target_rescale": 4.133520163276853},
{"mapping": [11, 12, 2, 6, 1, 5, 4, 13, 9, 8, 3, 10, 0, 15], "R": [[0.7257879797093075, -0.05904415737035856, 0.6853798917315173], [0.5930272118345861, -0.4512338344461915, -0.6668633688205435], [0.34864098229149576, 0.8904503434394372, -0.2924853010587191]], "T": [-0.025700580304456905, -0.06569048745510297, -0.03113556795085265], "aligned_model": [[-0.545201631033693, -0.4454688176946011, 0.2879544529859511, 0.20785062665740375, 0.6248255375575226, 0.4398703663827942, 0.49322293605969814, -0.10892549007993682, -0.49789596733056585, 0.1259706944846041, -0.05966585159611573, -0.2253931785925274, 0.7304163448771991, 0.033592584963778344], [-0.6546636632672225, -0.20761668949944323, -0.6208179265322817, -0.2374805641560761, -0.14621039205619946, 0.48468549840023645, -0.39243074019743873, 0.6955690149907523, -0.10830080400521902, 0.011753034758808095, -0.5849052418335924, 0.6446879457195449, 0.14339728090612391, -0.0560381490578708], [-0.10409160876591947, -0.5138704178227649, -0.24622458595107033, -0.7347332052696514, -0.31119159057774365, -0.44513067540484846, 0.3736022543078645, -0.3922044301149786, 0.3371917914413816, 0.759482839052267, 0.2700106609776088, 0.09703065604505903, 0.19541522859061744, -0.06510822441807848]], "inverted": true, "swapped": false, "error_lsq": 0.04641034194896053, "error_max": 0.2884829866503803, "target": "1136.xyz", "model": "23.xyz", "model_rescale": 4.274766983524099, "target_rescale": 4.133520163276853},
{"mapping": [8, 11, 7, 1, 5, 3, 0, 4, 6, 12, 13], "R": [[-0.1039518140714285, 0.23975045598477507, -0.9652531995317871], [-0.4274635349374437, -0.887071411153545, -0.17429640791721318], [-0.8980361611037967, 0.39449211699240727, 0.194697259818429]], "T": [0.1006983855180967, 0.06501138133066775, -0.03586191401546774], "aligned_model": [[0.2073861655375744, 0.25138049659409534, -0.4250240341515894, -0.41100340145509107, -0.6243210451951934, -0.5242921151038034, 0.019673343998410364, -0.09023063564546877, 0.5942787245179617, 0.3699272018582447, 0.012120003002935129], [-0.14922765463962767, 0.6555717036187476, 0.5744793985744601, -0.32684940781572047, 0.4718416787069993, -0.26604885865380357, -0.6970306935565134, 0.14663862761854057, -0.04122555421292076, 0.5136871716372977, 0.03375011996602391], [-0.6308963028615763, -0.375977046601904, -0.4140081458499966, -0.29376195270555766, 0.19333489777528842, 0.41909126946406233, -0.0028100882251687886, 0.6320467499023118, 0.47793154895752893, 0.3328660549089956, 0.04174944925759325]], "inverted": true, "swapped": true, "error_lsq": 0.04815759579575907, "error_max": 0.21629418215766413, "target": "1136.xyz", "model": "24.xyz", "model_rescale": 3.7841303162186577, "target_rescale": 4.133520163276853},
{"mapping": [3, 6, 5, 4, 2, 8, 12, 0, 11, 14, 13, 10, 9, 15], "R": [[0.9856132041264845, 0.16194637989372274, 0.04837335930905889], [0.029317627595837253, -0.44567897942853213, 0.8947126488474911], [0.16645446393436578, -0.8804224084692872, -0.44401497058259515]], "T": [0.035821207631700394, 0.0844038083987365, -0.1034199252684048], "aligned_model": [[-0.24888100323522233, -0.509483180617758, 0.41395934080855, 0.10276349791894959, 0.7157456809156777, 0.42919290314510466, 0.42342076046963373, -0.11095691900769226, -0.6480989109422822, 0.2698716746346406, -0.18623344452376012, -0.09390091280250941, 0.5179518757953664, -0.014198754917187369], [-0.6632589427705501, -0.1912129948257203, -0.6915668819878741, -0.33733070177013236, -0.15191667729898056, 0.37303984291708486, -0.4482080443237718, 0.7128966448143417, -0.0627772435358334, 0.029308986676132118, -0.42720815659791833, 0.6331472759128227, 0.15025241073470616, 0.04646308622581499], [-0.19800823995161967, -0.48904273862265146, -0.2590469966349811, -0.7152720933303289, -0.3284718450476479, -0.4371948979450503, 0.27242992162190194, -0.4566661360988835, 0.21283721460968422, 0.6525456174818065, 0.44516454953872986, 0.4325911600720648, 0.22116394511424378, -0.1328507687175251]], "inverted": true, "swapped": false, "error_lsq": 0.03467976900321895, "error_max": 0.27662131638279946, "target": "1136.xyz", "model": "25.xyz", "model_rescale": 4.19342608120988, "target_rescale": 4.133520163276853},
{"mapping": [0, 10, 2, 5, 3, 1, 4, 7, 6, 8, 12, 13], "R": [[0.12252225274385398, -0.11218052459676377, 0.9861053835588597], [0.41854799024639266, 0.9067531794770733, 0.05114930467683662], [-0.8998921476728624, 0.40646549842442115, 0.15805037534694466]], "T": [0.09456034291362733, 0.09578772472728131, 0.09660882796968018], "aligned_model": [[-0.08207443246130522, 0.5327317784872556, 0.07259815070565956, -0.5821730485805542, -0.5835516599914177, -0.4519325186473039, -0.10974444990903845, -0.34887091612217813, 0.5513061177763434, 0.1960527447846249, 0.4035555347062403, -8.874611654538511e-05], [-0.6499382702156054, -0.3771103404044529, -0.42397799980684087, 0.591593729563447, -0.1511319251043669, -0.2314126470463983, 0.20603084061715543, 0.6636304081890223, -0.06686034798593352, -0.1349435208268625, 0.5104596325721726, 0.07643686818964304], [0.06407421510295006, 0.06455317710890929, -0.5389110828231352, -0.10314994334053568, -0.3351216499531461, 0.37263689862997385, -0.5631827215548882, 0.49643341592946644, -0.43613920037245457, 0.6863621285419761, -0.28064919476234906, 0.022352418702654184]], "inverted": false, "swapped": true, "error_lsq": 0.04762212615008781, "error_max": 0.24083539428174988, "target": "1136.xyz", "model": "26.xyz", "model_rescale": 3.795458400668931, "target_rescale": 4.133520163276853},
{"mapping": [10, 11, 9, 2, 4, 1, 8, 0, 7, 12, 3, 5, 13], "R": [[0.44641991223864874, 0.49394087163935974, 0.7461445418154495], [0.7354910817785304, 0.27239223929386824, -0.6203670982545091], [-0.5096686478302199, 0.8257268817815138, -0.24168778645660516]], "T": [-0.03182327657478025, -0.14259052991603768, -0.013377262359044219], "aligned_model": [[-0.025288977122788894, 0.4934378418531177, 0.5794274476111556, -0.3449467050151981, -0.05303464829737235, -0.6766205714791216, -0.16144601799442337, -0.6607551473341858, -0.008872461110540367, 0.5056627346404645, -0.660582200199462, -0.17905310847288192, -0.10825180425750684], [-0.6111070056379423, -0.19580714740748273, -0.4694781066731296, 0.01022321339003332, 0.4562253562979812, -0.19117648685333036, -0.7021932785253145, -0.4140221223702891, 0.1397425181662804, 0.1486135433070255, 0.38296964706864733, 0.620133201385534, -0.05224182889109899], [-0.45734118726499634, 0.44314617117340044, -0.38858505235161694, -0.7571016613938439, -0.3741936892617242, 0.2391734851965017, 0.2719108017169467, -0.3585369312088721, 0.7603782583439734, -0.20328095086608408, -0.2021764251074684, 0.3611506145991997, -0.04240677147598984]], "inverted": false, "swapped": true, "error_lsq": 0.04983292599412107, "error_max": 0.27877581208863494, "target": "1136.xyz", "model": "27.xyz", "model_rescale": 3.6321398670334006, "target_rescale": 4.133520163276853},
