[{"mapping": [6, 0, 2, 9, 7, 12, 1, 10, 3, 8, 11, 5, 13], "R": [[-0.00700405191378467, 0.8972663632793523, 0.44143404556539906], [0.9987153542871561, 0.028431409692373066, -0.04194396326034329], [-0.05018549957776251, 0.44057318151511476, -0.8963128289619536]], "T": [-0.13601057382247705, 0.07286836436086055, -0.01483953974964225], "aligned_model": [[-0.01212485367852037, -0.6349846788551592, -0.3735579118308139, 0.10291649943088016, 0.5195389949310256, -0.19930720411500838, -0.6308607397782413, 0.5392718367981971, -0.46360479112635244, 0.5569614031195896, 0.41156207722726323, -0.15630357983925686, 0.017378235849057205], [-0.6458231635259103, 0.19225137756519853, -0.4619162971905325, 0.2940999380583882, -0.03538112947292807, 0.62257425672364, 0.34551505725313214, 0.7998651842258877, -0.3264907712707652, -0.2321355764924887, 0.33386588101945225, 0.03534265914229068, 0.08310744985994802], [0.21468409797825172, -0.5911944419112475, -0.5136730524412204, -0.6711272938865962, -0.375299374498667, -0.18494767144491664, 0.10276661455969524, -0.19061841918085787, 0.06512679925843277, 0.1784001219651066, 0.33027830818594117, 0.7405287649840483, -0.06875518173869254]], "inverted": false, "swapped": false, "error_lsq": 0.05655690356829561, "error_max": 0.5012864100634375, "target": "1137.xyz", "model": "0.xyz", "model_rescale": 3.8414455957264533, "target_rescale": 4.062832337201011},
{"mapping": [8, 2, 6, 5, 10, 4, 7, 1, 9, 12, 0, 13, 14], "R": [[-0.10293812237663283, 0.48765131812745927, -0.8669486345165582], [-0.9145040574520584, -0.3892348142038971, -0.11035664146475171], [-0.3912621523547805, 0.7814681384037414, 0.4860262099871727]], "T": [-0.01493984523979234, 0.11677013945514289, -0.06402683633800368], "aligned_model": [[0.08668435998683163, -0.5388230265436382, -0.307892248426625, 0.05966364965612766, 0.42054418252257497, -0.1591989344654396, -0.5576923891332571, 0.6457208050168428, -0.556905885398984, 0.5975847325954414, -0.06421928501710684, -0.01637651243005065, 0.06779583976994313], [-0.6335710212914532, 0.25190952752740925, -0.3679718648076562, 0.10533468663924762, -0.24456696147006649, 0.6124372745814757, 0.36787583058138473, 0.6753612713174733, -0.19946935665023327, -0.2812955975294291, 0.6716612312505796, -0.0980840850771508, 0.14525393082373111], [0.16172316012285753, -0.5659117691232445, -0.6018290793176946, -0.7187224403790751, -0.44895600056074825, -0.23525954693861073, 0.17117650147059654, -0.06518604985687085, 0.20388186529489302, 0.156533482971184, 0.3998533018102781, 0.6630787947963872, -0.08421294846067436]], "inverted": false, "swapped": false, "error_lsq": 0.03894205325227625, "error_max": 0.2455956787628334, "target": "1137.xyz", "model": "1.xyz", "model_rescale": 4.316132596720782, "target_rescale": 4.062832337201011},
{"mapping": [6, 5, 10, 0, 11, 8, 9, 2, 7, 1, 4, 12], "R": [[0.35408731132871324, 0.6842223600573929, -0.6375436753301646], [0.5018568214345664, -0.7142585530825868, -0.48782624993737633], [-0.7891526510983771, -0.14722255719101315, -0.5962915494274107]], "T": [-0.08667509213599404, 0.051387367948245374, -0.07137793289109165], "aligned_model": [[-0.13924741510299482, 0.3472929542946971, 0.263000282857941, -0.7124698115604194, -0.5533020358661124, -0.5408355951053017, -0.2213977712647528, -0.00825093788318991, 0.6645131546757493, 0.2150092965950015, 0.29244945589106813, -0.008953022899905044], [-0.615666503704189, -0.41439333036418663, -0.570897042858339, 0.47366550443772126, -0.3066036499500132, -0.10358285445270406, 0.5499441820796354, 0.5669098638323044, -0.048573892887411166, -0.1667781483423555, 0.6388919260055624, 0.009860373944955633], [0.13900345966709393, 0.16449313716584288, -0.46222117730832535, 0.006532033626485231, -0.40216481194229114, 0.33964423646885544, -0.613773101924042, 0.37410446427466215, -0.5517947900138508, 0.7242449330418859, -0.1891008299105517, -0.0797090919363431]], "inverted": false, "swapped": true, "error_lsq": 0.04677338966966218, "error_max": 0.28890937584087495, "target": "1137.xyz", "model": "2.xyz", "model_rescale": 3.795458400668931, "target_rescale": 4.062832337201011},
{"mapping": [9, 4, 7, 1, 11, 6, 3, 0, 2, 8, 10, 12], "R": [[-0.6163857989931238, -0.7660677278850362, 0.1822327717307366], [-0.4398764504085385, 0.5269226695580502, 0.7272284432568645], [-0.6531288197404805, 0.36809338027038213, -0.6617628035977323]], "T": [0.08444285105307767, 0.03394969759700883, -0.0009431577942036959], "aligned_model": [[0.008300748863710752, -0.21132000338516585, -0.8110766210390237, 0.18321091572298165, 0.2695050977370782, 0.13343425206117257, -0.17419726165555824, 0.7228580171486373, 0.3124149517867322, 0.6529261831264822, -0.5001918141792407, 0.007439359555758765], [-0.3167403864613736, -0.6041057282105831, 0.013475423733802352, 0.03297121283707405, 0.549781870717707, 0.6479901731796096, -0.35485722458310454, -0.21879559856752012, -0.5501615715260636, 0.23158428747469995, 0.5999006669521406, 0.05472591974332066], [-0.6583018588061119, -0.09130529958786074, -0.05292461253840237, 0.8719081008213061, -0.394627507100883, 0.3345254460078928, 0.5120710731601219, -0.3242908178524966, 0.2769257042394213, 0.1913691559880589, -0.014020084471301313, 0.03744213077935515]], "inverted": false, "swapped": true, "error_lsq": 0.04582125417755914, "error_max": 0.26532437984949464, "target": "1137.xyz", "model": "3.xyz", "model_rescale": 3.7530521520055578, "target_rescale": 4.062832337201011},
{"mapping": [7, 11, 9, 0, 4, 8, 3, 5, 1, 2, 12], "R": [[0.3471018289240564, -0.9177626692969756, -0.19295596182151348], [-0.8880851610281593, -0.38777654786492505, 0.24684832526786527], [-0.30137197467442683, 0.08567982125828577, -0.9496493569260102]], "T": [-0.10125024720102523, -0.013508456333881265, -0.11877990739693334], "aligned_model": [[-0.46916996547743167, -0.24585812339263052, 0.42368496799532057, 0.5260924803942119, 0.29947001154637626, -0.08067384094856604, -0.1408180015705603, -0.702948816072187, -0.4369445878581461, 0.3344746742061498, -0.16910919637733213], [-0.8317583316247544, 0.2319581498005767, -0.389605119951784, 0.3732887776098916, -0.5347513952586972, 0.6171128641343016, -0.2452593175817412, -0.054684484499869755, 0.3130925791432681, 0.051692885730147096, -0.06388324918699223], [-0.10541521834164894, -0.7304603307221853, -0.49811608553052855, -0.2999892345467905, 0.14670979482885543, -0.08546147900677319, 0.5338877438037324, 0.19295467980179282, 0.624366431471649, 0.40682539677636376, -0.0924709212891506]], "inverted": false, "swapped": true, "error_lsq": 0.04986987954827076, "error_max": 0.22896605332544107, "target": "1137.xyz", "model": "4.xyz", "model_rescale": 3.7855080009869324, "target_rescale": 4.062832337201011},
{"mapping": [12, 15, 14, 9, 2, 10, 8, 5, 13, 1, 7, 6, 16], "R": [[0.5552538045869753, 0.5110967254101024, 0.65610467897033], [0.09619621133449618, -0.8230625305348952, 0.5597449059655515], [0.8260989658730837, -0.2476857042797695, -0.5061741701024032]], "T": [0.050414222776532, 0.05760302277231012, -0.011863837556482515], "aligned_model": [[0.0028414562076953392, -0.6448734423151887, -0.13908462147017653, 0.01762733765759593, 0.46760983668768197, -0.14329245664297274, -0.5763473062960924, 0.5715911366172085, -0.5353142078978297, 0.6150875792869827, 0.09148974239419394, -0.09486777025059913, 0.044418004154160834], [-0.62072151398058, 0.16087426198332483, -0.35521438507652187, 0.19384181709188325, -0.2385447824485855, 0.7096898898769108, 0.3495149973629049, 0.6761510593606701, -0.29413828212670295, -0.3852682138449558, 0.6784848757584973, 0.09572981078402239, 0.03447533115444542], [0.01417301575026439, -0.44224532020760743, -0.5132313418275534, -0.709916865868508, -0.5448084733066108, -0.2730624481428727, 0.1195411042409476, -0.041464437744594684, 0.22910898000410362, 0.22920255830508304, 0.4054945194899368, 0.6233656946639088, -0.0599877135272191]], "inverted": true, "swapped": false, "error_lsq": 0.03497280706652472, "error_max": 0.19370177173125036, "target": "1137.xyz", "model": "5.xyz", "model_rescale": 4.2253639853439635, "target_rescale": 4.062832337201011},
{"mapping": [11, 2, 6, 3, 7, 4, 10, 0, 5, 12, 1, 8, 13], "R": [[0.9715835622062502, 0.15284822628677489, -0.18072852948995224], [-0.13994574883964764, -0.2448425383541769, -0.959409880496336], [-0.19089413042920925, 0.9574390587046626, -0.21649452610725697]], "T": [-0.008045339173534786, 0.11326633679166338, 0.013882516321606253], "aligned_model": [[0.0006681821624130134, -0.5634601931758247, -0.07220099009402661, 0.069933171628795, 0.5378285885198815, -0.18953445510859296, -0.7000359510429695, 0.6727818902148315, -0.5348039011492688, 0.6736400601050235, -0.03112696459146078, -0.17982442211833924, -0.006979727217801702], [-0.6515035849745853, 0.14718800429113527, -0.32922352592432585, 0.19116390653601817, -0.10494439837960655, 0.7083972550586892, 0.3624888695684231, 0.5092248818690399, -0.2291969823035499, -0.5238081313176531, 0.7786314022463724, 0.026506842425836105, 0.11995032679951939], [0.1574263428024494, -0.3609978278749156, -0.448507732247351, -0.6867320661553189, -0.5188434415098933, -0.3234484830340467, 0.2737855686892947, -0.13696099076493545, 0.09124891025483649, -0.014133603372160602, 0.32285233717598044, 0.7272054532854466, -0.04672519542010738]], "inverted": false, "swapped": false, "error_lsq": 0.041973923682377026, "error_max": 0.24184483212422134, "target": "1137.xyz", "model": "6.xyz", "model_rescale": 3.89814844738969, "target_rescale": 4.062832337201011},
{"mapping": [9, 1, 10, 2, 4, 0, 6, 7, 5, 11, 3, 8, 12], "R": [[-0.5831688483403327, 0.3460357331371334, -0.7349648737985081], [-0.13721475948514866, 0.849778904569243, 0.5089675069476735], [0.8006785897629852, 0.3976620232576199, -0.44808337522587605]], "T": [0.06147641068167377, 0.1337128500444093, -0.08338691250711679], "aligned_model": [[-0.28034484565165196, -0.6620166890790067, 0.014122598556665894, -0.0855773845152482, 0.5103178538321084, -0.16809578661395425, -0.45732829855530255, 0.5475268449028455, -0.6335471428113477, 0.6514395542759424, -0.021513359287517034, 0.17812845271354405, 0.08377349036558202], [-0.6027393444580096, 0.31873054722990507, -0.5125514961841651, 0.007844440014441817, 0.0743303914300905, 0.6528145283056368, 0.2507895945373161, 0.5645583557438942, -0.2085667995593748, -0.3407819750944681, 0.7575876042956478, 0.027557115801824905, 0.01530190383257321], [0.28909432590079515, -0.4797740948941094, -0.4283560043445002, -0.7646212108184071, -0.5422015492656095, -0.25321164958491466, 0.33435769918794433, 0.013575993585478063, -0.13200281095476335, 0.20321127195992522, 0.4228491250863448, 0.5744960812630112, -0.20124790529191627]], "inverted": true, "swapped": false, "error_lsq": 0.05744098620066725, "error_max": 0.2885883250339633, "target": "1137.xyz", "model": "7.xyz", "model_rescale": 3.7474275329858107, "target_rescale": 4.062832337201011},
{"mapping": [1, 6, 3, 5, 8, 7, 10, 9, 0, 4, 11, 12, 14], "R": [[-0.8539942894352526, 0.30683760139612715, -0.420171917173732], [0.40489865243776946, -0.11519678341238676, -0.9070759518064174], [-0.3267274626750199, -0.944764725982565, -0.025860736127041484]], "T": [0.026693725608183918, 0.001176905244312687, 0.04329213642323752], "aligned_model": [[-0.20773953529397335, -0.5735382219105899, -0.1419115575651063, 0.05038946459880872, 0.5348939103578121, -0.16654170451228476, -0.5768375643930452, 0.42629770553834845, -0.5611984149015813, 0.7510833036971303, 0.12441420069393128, -0.04412315368620072, 0.061696855509411036], [-0.6722705213598128, 0.17314215082540443, -0.299660842597154, 0.26614062162555613, -0.10294100542333608, 0.6032379082426685, 0.4189179301919623, 0.5985505598834497, -0.27570610123386563, -0.29284682606706114, 0.5581321315977099, 0.07137912720306433, -0.04120026699327245], [0.28059243105625004, -0.48309903170916874, -0.5853599493478518, -0.6217298218435672, -0.39954231205064955, -0.20980912619468867, 0.23435698864206306, -0.20929807727367544, -0.06594096056395267, 0.07547334875871296, 0.30161662263489886, 0.6521428869675842, 0.0667662727533234]], "inverted": true, "swapped": false, "error_lsq": 0.03986222773579788, "error_max": 0.20345785458393226, "target": "1137.xyz", "model": "8.xyz", "model_rescale": 4.019505241142653, "target_rescale": 4.062832337201011},
{"mapping": [10, 7, 9, 8, 11, 4, 0, 5, 1, 6, 3, 2, 12], "R": [[0.8231754884813747, 0.566356693321759, 0.040276681753757614], [0.5498232245569088, -0.7774213376465389, -0.3054676505126357], [-0.1416916966561329, 0.2735985374623001, -0.951350252744591]], "T": [-0.0048415055068575935, 0.011917185159828037, -0.03801280944135394], "aligned_model": [[0.09828102524373594, -0.6695080200085567, -0.15807750298356965, -0.04589302490928059, 0.43471602318282454, -0.18393556249278187, -0.5288849883389403, 0.5226220451444392, -0.48819576478806304, 0.5679073275068562, 0.10935261625825012, -0.008408021238682353, 0.026909135556428612], [-0.8787473832643375, 0.3873633429760979, -0.38053743480337515, 0.15659677004218614, -0.10181098192876681, 0.7969680638870089, 0.3722350560087465, 0.42700231472945255, -0.4184872161489718, -0.2855243069972506, 0.7495034824446434, 0.14997085929174975, 0.030342299658129863], [0.14708751044809498, -0.5246775782061159, -0.5763790061674279, -0.6964348031954531, -0.4635766788850338, -0.23604085746770007, 0.09687802834688403, -0.03465765125546092, 0.1554452313305082, 0.2959769673358653, 0.38788267580560076, 0.5372268147509212, -0.05256138101140487]], "inverted": false, "swapped": false, "error_lsq": 0.04554553361840065, "error_max": 0.26382822435011083, "target": "1137.xyz", "model": "9.xyz", "model_rescale": 3.877068213659057, "target_rescale": 4.062832337201011},
{"mapping": [7, 13, 2, 14, 9, 6, 3, 11, 4, 8, 12, 5, 15], "R": [[-0.19818631786954372, 0.8231405653405441, -0.5321294890345412], [0.9234483942682412, 0.3388017866348212, 0.18015663322914421], [0.32858065453206386, -0.45568954241226867, -0.8272737119015556]], "T": [-0.01202810321340003, 0.1169763678866832, -0.0521830807038861], "aligned_model": [[0.0173291577556329, -0.5690679747172042, -0.12001844548707144, 0.016291662257020945, 0.38981473086801516, -0.2531122374714543, -0.5551469077130404, 0.656863836806966, -0.49083794978806894, 0.6164901430416966, 0.11470527238000572, -0.18968628193087356, 0.04326028213103583], [-0.6747262214164026, 0.1610094124375997, -0.38947665304246226, 0.21056406900023375, -0.09497035877016616, 0.6707900325414385, 0.29622666308116896, 0.41896942168054657, -0.3222399465862536, -0.32649402931776034, 0.7239275273264298, 0.19554999835975392, 0.13574495060118663], [0.14436648234827146, -0.5864172695258612, -0.46715149096768327, -0.8267544975032453, -0.5309797240259923, -0.176575364128392, 0.22286716670519413, 0.02552820740634896, 0.13734485831546606, 0.007997952320222552, 0.36464321078811907, 0.7049557430078566, 0.016343997088973557]], "inverted": false, "swapped": false, "error_lsq": 0.04200417874238601, "error_max": 0.297826436978511, "target": "1137.xyz", "model": "10.xyz", "model_rescale": 4.260839863003843, "target_rescale": 4.062832337201011},
{"mapping": [9, 0, 8, 11, 5, 10, 7, 4, 2, 1, 3, 12], "R": [[-0.7071746777134318, 0.5039390409866884, 0.4959328766782062], [-0.4095988194119338, -0.8637275194664407, 0.29360446054632716], [0.5763096236722532, 0.004496118967117463, 0.8172190664546317]], "T": [-0.03947208686080386, -0.06442441361845845, -0.11220689856197552], "aligned_model": [[0.5097106988250131, 0.21110757023453017, -0.365801027895874, -0.4232338705198456, -0.43325607159348045, -0.4837677346279614, 0.12187563050626712, 0.6288663774112202, 0.38733736443784883, -0.3310030319091056, 0.19746240092874648, -0.060399656703228194], [-0.17314849819477623, -0.7768374614641816, -0.555316233201712, -0.30815132908008613, 0.39616775988761066, 0.5328615175204412, 0.788146172852296, 0.16046390564578045, -0.2529049661123027, 0.053536431806194815, 0.2875038491396073, 0.020757356734062413], [-0.6096794685778131, -0.18760784688785415, 0.11528244119455788, -0.6108473671819691, 0.1939043704336314, -0.4410230954795483, -0.34060720856398535, -0.03801356887176621, 0.39046310405515094, 0.7079884164232351, 0.43666255601421056, -0.10034425516234488]], "inverted": true, "swapped": true, "error_lsq": 0.054929488102589456, "error_max": 0.2777671802070341, "target": "1137.xyz", "model": "11.xyz", "model_rescale": 3.890672605050136, "target_rescale": 4.062832337201011},
{"mapping": [3, 10, 7, 12, 5, 11, 2, 9, 4, 8, 6, 0, 13], "R": [[-0.7165643682280144, -0.6963396016366761, -0.04057912491000826], [-0.6565793888284566, 0.6930005659491479, -0.2977477485386102], [0.2354549051339499, -0.18671201029027606, -0.9537817427806673]], "T": [0.025950004219843625, 0.18414273819764002, 0.05882373246493698], "aligned_model": [[-0.08258201018483412, -0.6124414863265957, 0.15135575108494154, -0.10071116524556407, 0.5500114343994836, -0.21795217861143593, -0.6577678047404673, 0.41687638524416654, -0.5765565884455842, 0.5458671155183531, 0.3902591086194938, -0.10137808363328922, -0.028095189546008006], [-0.7087550126026727, 0.4146345822104093, -0.48796061313026173, 0.04452067411221808, 0.03231336546784064, 0.6763336547483398, 0.37800681980967693, 0.6814451486019011, -0.1720130046188282, -0.26219219967957164, 0.48520075979457455, -0.1397244945070947, 0.06306518568878158], [0.2686273655770469, -0.5233019576433512, -0.45060207573819233, -0.6620054942699773, -0.49550436605579073, 0.026855142092959985, 0.08142482177322659, -0.3947038777714623, 0.02424141792863868, 0.2816742797994494, 0.38852251624374, 0.5358898844512815, -0.04494838455828962]], "inverted": false, "swapped": false, "error_lsq": 0.05977606667346401, "error_max": 0.37978429048113826, "target": "1137.xyz", "model": "12.xyz", "model_rescale": 4.124412569039231, "target_rescale": 4.062832337201011},
{"mapping": [6, 2, 1, 4, 0, 10, 11, 5, 8, 3, 7, 9, 12], "R": [[0.49145432277783424, 0.8422649079957393, -0.22150050424752848], [-0.7808867379953349, 0.5387762871688699, 0.316126580355928], [0.38560154440300926, 0.01760503176527914, 0.9224974318720667]], "T": [0.11496065369057003, 0.04983795371990723, -0.035187250964639885], "aligned_model": [[-0.03387366866651671, -0.6027582285742593, -0.1683548460740682, 0.05911835358356142, 0.5645531764152723, -0.28231295694144376, -0.8131908003254029, 0.5843815517637299, -0.5390692690940114, 0.6119105670535749, 0.2854113969901243, -0.02129198192538366, 0.03236199392748315], [-0.5718748106296417, 0.15401697532297473, -0.5281295006704301, 0.346191925320991, -0.07552757708556859, 0.6716137871435393, 0.35581428387965713, 0.6044512944757657, -0.21354113253199014, -0.374975514927596, 0.5276282492495628, -0.02184963433419155, 0.1310565206822398], [0.16213076118181546, -0.5003988707112588, -0.5337353912353661, -0.7613636873659803, -0.3800313325289389, -0.048535043413655124, 0.15313753531295504, -0.249182441985435, 0.09812605642045345, 0.2499928258817376, 0.3332427316946955, 0.5852459694604791, -0.07245984088222385]], "inverted": true, "swapped": false, "error_lsq": 0.046430654913124404, "error_max": 0.3092694554956312, "target": "1137.xyz", "model": "13.xyz", "model_rescale": 3.9028299243045295, "target_rescale": 4.062832337201011},
{"mapping": [14, 7, 9, 6, 1, 3, 4, 2, 10, 12, 0, 5, 15], "R": [[-0.32624708900750543, -0.4931280109366881, 0.806466119402269], [0.2647002030819684, 0.7713572017580683, 0.5787416261029854], [-0.9074671561012518, 0.4022845163880767, -0.12112195701819631]], "T": [0.08011718696290072, 0.08090155041887392, 0.005137836349628458], "aligned_model": [[-0.13332442474305745, -0.7142495341289902, -0.21378589189850605, 0.09292409987932868, 0.5514096277234314, -0.1476129937426608, -0.45460245751013084, 0.6356349128342123, -0.5666092717384201, 0.560431846468458, 0.04095575066224989, 0.012476564665388129, 0.01323705966135763], [-0.7766848683594453, 0.01419515123846643, -0.32413183289979713, 0.20149000279546922, -0.030421050486585194, 0.5981238830323121, 0.39479591591098473, 0.5578161883733672, -0.2508509799560861, -0.3170840055109859, 0.8541830348311092, 0.04465230589485353, 0.03879112103164997], [-0.04001596196560882, -0.42516406298068204, -0.5868202661347269, -0.6503792651696269, -0.4280935908950161, -0.2581290789281506, 0.2788320142373736, -0.07297908821403651, 0.16956942776208928, 0.31359466330625, 0.30131099012425555, 0.511312284679249, -0.07686879399209082]], "inverted": true, "swapped": false, "error_lsq": 0.04240872711998604, "error_max": 0.2803601653393802, "target": "1137.xyz", "model": "14.xyz", "model_rescale": 3.942246331269136, "target_rescale": 4.062832337201011},
{"mapping": [13, 1, 3, 5, 4, 2, 0, 9, 12, 11, 7, 8, 14], "R": [[0.7290189404927041, 0.5762531456339295, 0.36940993022643054], [-0.12687228946373502, 0.6440896055173062, -0.7543553554067147], [-0.6726327427126376, 0.5030714583551347, 0.5426640776938461]], "T": [0.12311805941340696, 0.040778881923277825, -0.09479573268730926], "aligned_model": [[0.005448866497027041, -0.5961862633496022, -0.14349906802196927, -0.09911803673655055, 0.38639742215960104, -0.21673756638506553, -0.42459124756926253, 0.590832423973674, -0.5240011880146012, 0.54243913824814, 0.13549450384895234, -0.01242240141650687, 0.03282870489882399], [-0.7338201754231772, 0.04172413998289692, -0.2474806493461319, 0.3858998134523985, -0.41438355752633516, 0.7204145819976349, 0.4221050917400787, 0.6842820715417817, -0.45832518156165514, -0.3291703076238263, 0.7679268633391753, 0.08988825610418122, 0.07581391921829125], [0.12218377763960395, -0.46794695340388137, -0.6967672274369319, -0.5788228170303374, -0.3539773442820364, -0.1671931596930625, 0.2139473961748152, -0.21852618272754323, -0.10922041929688968, 0.3540009413811003, 0.35473974408283215, 0.6655055096721688, -0.08175399325055907]], "inverted": false, "swapped": false, "error_lsq": 0.05187050398487106, "error_max": 0.3208358579845603, "target": "1137.xyz", "model": "15.xyz", "model_rescale": 4.355366556412066, "target_rescale": 4.062832337201011},
{"mapping": [6, 5, 10, 0, 11, 8, 9, 2, 7, 1, 4, 12], "R": [[0.35408731132871324, 0.6842223600573929, -0.6375436753301646], [0.5018568214345664, -0.7142585530825868, -0.48782624993737633], [-0.7891526510983771, -0.14722255719101315, -0.5962915494274107]], "T": [-0.08667509213599404, 0.051387367948245374, -0.07137793289109165], "aligned_model": [[-0.13924741510299482, 0.3472929542946971, 0.263000282857941, -0.7124698115604194, -0.5533020358661124, -0.5408355951053017, -0.2213977712647528, -0.00825093788318991, 0.6645131546757493, 0.2150092965950015, 0.29244945589106813, -0.008953022899905044], [-0.615666503704189, -0.41439333036418663, -0.570897042858339, 0.47366550443772126, -0.3066036499500132, -0.10358285445270406, 0.5499441820796354, 0.5669098638323044, -0.048573892887411166, -0.1667781483423555, 0.6388919260055624, 0.009860373944955633], [0.13900345966709393, 0.16449313716584288, -0.46222117730832535, 0.006532033626485231, -0.40216481194229114, 0.33964423646885544, -0.613773101924042, 0.37410446427466215, -0.5517947900138508, 0.7242449330418859, -0.1891008299105517, -0.0797090919363431]], "inverted": false, "swapped": true, "error_lsq": 0.04677338966966218, "error_max": 0.28890937584087495, "target": "1137.xyz", "model": "16.xyz", "model_rescale": 3.795458400668931, "target_rescale": 4.062832337201011},
{"mapping": [9, 1, 10, 2, 4, 0, 6, 7, 5, 11, 3, 8, 12], "R": [[-0.5831688483403327, 0.3460357331371334, -0.7349648737985081], [-0.13721475948514866, 0.849778904569243, 0.5089675069476735], [0.8006785897629852, 0.3976620232576199, -0.44808337522587605]], "T": [0.06147641068167377, 0.1337128500444093, -0.08338691250711679], "aligned_model": [[-0.28034484565165196, -0.6620166890790067, 0.014122598556665894, -0.0855773845152482, 0.5103178538321084, -0.16809578661395425, -0.45732829855530255, 0.5475268449028455, -0.6335471428113477, 0.6514395542759424, -0.021513359287517034, 0.17812845271354405, 0.08377349036558202], [-0.6027393444580096, 0.31873054722990507, -0.5125514961841651, 0.007844440014441817, 0.0743303914300905, 0.6528145283056368, 0.2507895945373161, 0.5645583557438942, -0.2085667995593748, -0.3407819750944681, 0.7575876042956478, 0.027557115801824905, 0.01530190383257321], [0.28909432590079515, -0.4797740948941094, -0.4283560043445002, -0.7646212108184071, -0.5422015492656095, -0.25321164958491466, 0.33435769918794433, 0.013575993585478063, -0.13200281095476335, 0.20321127195992522, 0.4228491250863448, 0.5744960812630112, -0.20124790529191627]], "inverted": true, "swapped": false, "error_lsq": 0.05744098620066725, "error_max": 0.2885883250339633, "target": "1137.xyz", "model": "17.xyz", "model_rescale": 3.7474275329858107, "target_rescale": 4.062832337201011},
{"mapping": [5, 11, 10, 3, 8, 1, 7, 0, 12, 4, 2, 9, 13], "R": [[0.37191236520682674, -0.9041148845458439, -0.21037459007427653], [0.5952890004097598, 0.40619189491980034, -0.6932814367142763], [0.7122585194979512, 0.13260625944546442, 0.6892774342443464]], "T": [-0.044335737494290005, 0.10287749947919558, -0.05788344487281736], "aligned_model": [[0.025755514025051475, -0.6278385411240812, -0.2050748847944435, 0.006448591484073625, 0.4860271739518547, -0.11409455842301916, -0.6878179750067537, 0.6714992627128751, -0.5712000739823081, 0.6452740090906446, 0.0966084290342746, -0.06827668723922695, 0.019575028403718907], [-0.6104888234355889, 0.1922741837965449, -0.4072262815594129, 0.20966131101713428, -0.1691790958234328, 0.7291965405205644, 0.3782246276162228, 0.5341555616966042, -0.34849058242158315, -0.2558628167457774, 0.6765187811307634, -0.0976077124851415, 0.17369917258841538], [0.0391507885800503, -0.4741398235570268, -0.49422783816645377, -0.7261703225181007, -0.4598222988461683, -0.343149255199485, 0.22056556494575277, -0.08475120081324519, 0.22125406405737327, 0.23361201812871005, 0.335693924543156, 0.5800481161625342, -0.011894465487818452]], "inverted": false, "swapped": false, "error_lsq": 0.03939736316670523, "error_max": 0.2541781990448821, "target": "1137.xyz", "model": "18.xyz", "model_rescale": 3.922800546911778, "target_rescale": 4.062832337201011},
{"mapping": [5, 7, 3, 9, 2, 11, 13, 10, 12, 1, 4, 8, 14], "R": [[0.16540408093692005, -0.415705734359636, -0.8943322830077918], [0.731191051755722, -0.5568419902482626, 0.39406426345041146], [-0.6618165424358735, -0.7191075999576626, 0.2118563755032076]], "T": [0.03157016690964966, 0.010556466075797064, 0.025954922619595977], "aligned_model": [[-0.10826895513187255, -0.5530869287167951, -0.200963505478911, 0.14944988257848887, 0.5199114280822036, -0.18146927765532261, -0.4960486969133886, 0.5062411174936472, -0.6752624727052231, 0.6664687960192347, 0.11985906274172271, -0.04203074525540766, -0.027914416925716203], [-0.6997948078274063, 0.17875780845238715, -0.3420295137850302, 0.24783403843943375, -0.005722401691411486, 0.6484890945405184, 0.3879266806068865, 0.6193246848019175, -0.33440966966696783, -0.33294572136186246, 0.6646709142440438, -0.05549228414382813, 0.02826604328663251], [0.2675740605132401, -0.49182438173218956, -0.4544204114642588, -0.7438157654440875, -0.49786448699444596, -0.20835207550112755, 0.25183941200085264, -0.20790270886592313, 0.026126189339186756, 0.1899457818653427, 0.3229507115837977, 0.6297852980931357, -0.047872351564244214]], "inverted": false, "swapped": false, "error_lsq": 0.03360420092590052, "error_max": 0.18329701869955173, "target": "1137.xyz", "model": "19.xyz", "model_rescale": 3.9282355846067225, "target_rescale": 4.062832337201011},
{"mapping": [8, 3, 4, 0, 11, 1, 5, 10, 6, 9, 2, 7, 13], "R": [[0.11516492469244821, -0.1443128616979982, 0.9828076302456741], [0.31789806280030597, -0.9320024942931369, -0.17410391236036138], [0.9411045966248363, 0.33248330571610074, -0.061457217897480876]], "T": [-0.016086637182881097, -0.012663688988714061, 0.0388297132738854], "aligned_model": [[0.018456871116091112, -0.5716564671509639, -0.1258723420583247, 0.07107399413307715, 0.4710104893824888, -0.1989021663027681, -0.5901945727727163, 0.645707881474151, -0.5894554545306298, 0.5466419312225599, -0.002212169860551682, -0.004454768062165975, 0.006742061542412654], [-0.7710618174806181, 0.13698083194607408, -0.34899769268692893, 0.25278156179248845, -0.1284780770757431, 0.632266179901553, 0.35573453442917446, 0.533924797739992, -0.23845079298870292, -0.40186444733505994, 0.7685820971927653, 0.09136705933437746, 0.12209063112594115], [-0.008716094770169006, -0.4462514660404542, -0.48480602070646794, -0.7109294689860898, -0.4736998840468368, -0.29605047848491584, 0.18840571243121443, -0.03535512508676475, 0.2558837089007948, 0.14024052749395352, 0.29994028580989296, 0.6529470305706043, -0.04543945525548346]], "inverted": false, "swapped": false, "error_lsq": 0.03513123492631437, "error_max": 0.1816955368233226, "target": "1137.xyz", "model": "20.xyz", "model_rescale": 4.067790424073018, "target_rescale": 4.062832337201011},
{"mapping": [12, 1, 10, 13, 11, 5, 8, 6, 7, 3, 4, 0, 14], "R": [[-0.173524168078946, -0.9321983115800482, 0.3176407892255295], [-0.984020566747136, 0.15104481689906757, -0.09428142715600091], [0.03991099235993592, -0.3289251756482539, -0.9435122370767698]], "T": [0.005696707483058044, 0.10199761815316445, -0.024582543095996612], "aligned_model": [[0.13320113995485544, -0.7223519276193526, -0.1672445572690838, 0.025499222668126497, 0.4614487055798666, -0.1998760654673684, -0.43363855989211636, 0.6366518772907945, -0.6644972267527947, 0.6828020182294595, 0.05869150274186331, -0.1261108560910517, -0.007689985240538148], [-0.6533323012809951, 0.09257654460679854, -0.31826302433717985, 0.20124991500216521, -0.2006734792696, 0.6034571012728617, 0.39929697092299554, 0.48750282068717266, -0.10261263445951806, -0.283750686664007, 0.8376103745407131, -0.10674241429805605, 0.0485556791719623], [-0.03985341095994625, -0.40294946762504374, -0.7063149927220952, -0.7173165086554607, -0.3691294586166758, -0.2585576329425106, 0.18461954677902584, -0.05353448961907756, 0.23161794919086443, 0.31669690272592443, 0.2893249576931195, 0.641384719280976, -0.07981884269982173]], "inverted": false, "swapped": false, "error_lsq": 0.04614333683151928, "error_max": 0.29021369281312887, "target": "1137.xyz", "model": "21.xyz", "model_rescale": 4.186013935880536, "target_rescale": 4.062832337201011},
{"mapping": [9, 7, 10, 4, 11, 6, 0, 3, 1, 8, 5, 2, 12], "R": [[0.766624665320484, 0.26561817191283954, 0.5845798570528555], [0.3875815909019432, -0.9172842490873511, -0.09148834226377273], [0.5119249289848802, 0.29670961077446695, -0.8061614441027862]], "T": [-0.023106652209769603, 0.04233318840408421, -0.059088347619124806], "aligned_model": [[-0.045415744254201675, -0.6127171931129234, -0.1486364150408282, 0.07981014692531774, 0.577645359933671, -0.20549373539771698, -0.49000548039395214, 0.4099728708990148, -0.6787230299170055, 0.43558053812970526, 0.29858567349872966, 0.05444726087006623, 0.001835035992783278], [-0.577947795413696, -0.005402061554377786, -0.4307340524181311, 0.20189575475994082, -0.04007441258843566, 0.5210700793039931, 0.44810329368770097, 0.83127600823739, -0.14962744729261657, -0.42664238214052563, 0.5503750282018142, 0.010473745591228635, 0.07210910752102792], [-0.0733909964832993, -0.4931442148161329, -0.7349204990756087, -0.7602046494137604, -0.23592721754348317, -0.27680097976268253, 0.31393249215357627, -0.26487952438316326, 0.20252494630399992, 0.337567808710828, 0.4276829669733134, 0.6775727476849851, -0.08384360851929408]], "inverted": false, "swapped": false, "error_lsq": 0.05823646660448355, "error_max": 0.2852094815655386, "target": "1137.xyz", "model": "22.xyz", "model_rescale": 4.166573947596378, "target_rescale": 4.062832337201011},
{"mapping": [5, 11, 14, 9, 10, 3, 2, 8, 6, 7, 4, 1, 15], "R": [[0.802654553633769, 0.27402852570448105, -0.5297679063809019], [-0.117208780340961, 0.9433592016505397, 0.31037963604631214], [0.5848143032980296, -0.18703417805707437, 0.7893101081935763]], "T": [-0.05417766599644233, 0.06649797792580829, -0.13510223781229677], "aligned_model": [[0.14780815527187982, -0.6249026023196521, -0.04511939075408286, 0.06978436371409585, 0.49348941383706113, -0.2230377176614425, -0.5281313474962674, 0.5679700543737397, -0.6055196173438373, 0.5562821428693473, 0.09548923530485051, -0.16885358741668804, -0.058373814246344274], [-0.5797156507763056, 0.3909911775841328, -0.43441603368743836, 0.3233503127127786, -0.3558852093854524, 0.641950703230982, 0.32649667666942694, 0.5830838416145346, -0.29447788201281555, -0.2278582065674442, 0.6199686003110021, -0.028535427764243296, 0.03992196396615542], [0.34725826563668327, -0.5722183984158312, -0.7474590486990574, -0.6634103482806294, -0.4224947322297782, -0.17713907768646217, 0.26561939079474417, -0.1473659932055097, 0.24545802442337297, 0.09311455837136212, 0.32437964667936536, 0.5619753372943115, -0.07154835285329318]], "inverted": true, "swapped": false, "error_lsq": 0.04589145807122616, "error_max": 0.33813839107328475, "target": "1137.xyz", "model": "23.xyz", "model_rescale": 4.274766983524099, "target_rescale": 4.062832337201011},
{"mapping": [11, 8, 0, 9, 2, 4, 7, 3, 5, 1, 12], "R": [[0.5995027937325753, -0.734756812788745, -0.31737804959915317], [0.8003621490961786, 0.5483147968215724, 0.2424279560625467], [-0.0041025115458201145, -0.3993536147915065, 0.9167877942861006]], "T": [0.0011286588612973852, 0.048216104580080896, -0.08615852844745125], "aligned_model": [[0.2529076051783148, 0.18526348535660875, -0.4543705039980157, -0.594862101206042, -0.41916777809085326, -0.5621906878126092, 0.08093576460541672, -0.07474977787263866, 0.5375024559038779, 0.3813953711332307, 0.047230870760784985], [-0.03879452871275263, 0.6125447626480919, 0.4760873635633433, -0.294694615497368, 0.44621611263735844, -0.18015361859923307, -0.7528730626956792, 0.11433679878699042, -0.018805439556765585, 0.5543127912135559, -0.002590032544058228], [-0.706122031202773, -0.3025939399410203, -0.5168028325660969, -0.38298990911512126, 0.28169369268092176, 0.27890898905498057, 0.3100274939837301, 0.6002230333934662, 0.32460460086277293, 0.5228478582302718, -0.030230521359554202]], "inverted": true, "swapped": true, "error_lsq": 0.04929469786055711, "error_max": 0.2285100724777802, "target": "1137.xyz", "model": "24.xyz", "model_rescale": 3.7841303162186577, "target_rescale": 4.062832337201011},
{"mapping": [3, 2, 12, 9, 13, 8, 1, 10, 4, 11, 0, 6, 15], "R": [[-0.42759137138747705, -0.8901166909024264, -0.15766386932931653], [0.26319858688214215, -0.2894442933109531, 0.9202980522270854], [-0.8648075641310156, 0.35201459862715645, 0.3580413375228366]], "T": [0.035832358406043624, 0.1544207503527723, -0.08900541242347984], "aligned_model": [[-0.056749214111430205, -0.5874685841491708, -0.021721917594116222, 0.029464690863310942, 0.4680142703482877, -0.38066795744716453, -0.5009727684746944, 0.6630281151771648, -0.5838465473333826, 0.6395609015257564, -0.0036596039616915016, -0.020347234269243508, 0.03225113755903406], [-0.6262048596898602, 0.12705524195445905, -0.2986516727147443, 0.30587901313527155, -0.4542019939692739, 0.569373051200135, 0.49674105727119705, 0.5889816719599024, -0.16599331920486227, -0.19747849500789755, 0.7589686841661785, -0.20796566426848895, 0.10837215106329634], [0.08721659814532293, -0.5127271275704679, -0.6944678730252604, -0.6539483794308552, -0.323093317610588, -0.1506484051681613, 0.2953036520403113, -0.24078615355179764, 0.17564004978862416, 0.22896681356461887, 0.3284776770327045, 0.5335268293984319, -0.037291091783604874]], "inverted": true, "swapped": false, "error_lsq": 0.046320843480458875, "error_max": 0.34359305886980596, "target": "1137.xyz", "model": "25.xyz", "model_rescale": 4.19342608120988, "target_rescale": 4.062832337201011},
{"mapping": [6, 5, 10, 0, 11, 8, 9, 2, 7, 1, 4, 12], "R": [[0.35408731132871324, 0.6842223600573929, -0.6375436753301646], [0.5018568214345664, -0.7142585530825868, -0.48782624993737633], [-0.7891526510983771, -0.14722255719101315, -0.5962915494274107]], "T": [-0.08667509213599404, 0.051387367948245374, -0.07137793289109165], "aligned_model": [[-0.13924741510299482, 0.3472929542946971, 0.263000282857941, -0.7124698115604194, -0.5533020358661124, -0.5408355951053017, -0.2213977712647528, -0.00825093788318991, 0.6645131546757493, 0.2150092965950015, 0.29244945589106813, -0.008953022899905044], [-0.615666503704189, -0.41439333036418663, -0.570897042858339, 0.47366550443772126, -0.3066036499500132, -0.10358285445270406, 0.5499441820796354, 0.5669098638323044, -0.048573892887411166, -0.1667781483423555, 0.6388919260055624, 0.009860373944955633], [0.13900345966709393, 0.16449313716584288, -0.46222117730832535, 0.006532033626485231, -0.40216481194229114, 0.33964423646885544, -0.613773101924042, 0.37410446427466215, -0.5517947900138508, 0.7242449330418859, -0.1891008299105517, -0.0797090919363431]], "inverted": false, "swapped": true, "error_lsq": 0.04677338966966218, "error_max": 0.28890937584087495, "target": "1137.xyz", "model": "26.xyz", "model_rescale": 3.795458400668931, "target_rescale": 4.062832337201011},
{"mapping": [4, 2, 3, 0, 7, 1, 1, 6, 9, 10, 8, 11, 12], "R": [[-0.9697823833011304, -0.15643754673892898, 0.1872149112893653], [0.24395370285504428, -0.6310786378213576, 0.7363601997316616], [0.0029529480341300707, 0.7597809203025865, 0.6501724642293479]], "T": [-0.04794205841792719, 0.07457488322669895, 0.02442778663676494], "aligned_model": [[-0.049691440676603124, -0.7295960810745318, -0.06308963287706733, -0.07494410209881014, 0.5855603692642702, -0.29388785333732126, -0.29388785333732126, 0.35965182688422825, -0.4483406808432008, 0.47833679220115466, 0.16296084667012117, -0.04451070986995183, 0.08832380722769355], [-0.7244003417058996, 0.1228247916868058, -0.42718804761693374, 0.1852560906199278, -0.15286528156362789, 0.6058720049139074, 0.6058720049139074, 0.7748929129224816, -0.07974904744531616, -0.3837784731465784, 0.5863270466747186, -0.17366470331674966, 0.06547590895866996], [0.27039264640783384, -0.5304187269405151, -0.5169418385428067, -0.7991581239153442, -0.4307136685069378, -0.06267677696115494, -0.06267677696115494, -0.13244426830985773, 0.008956597371211905, 0.16805647667340584, 0.4981169230309463, 0.695203401319659, -0.06952659283600716]], "inverted": false, "swapped": false, "error_lsq": 0.05514479559770147, "error_max": 0.420860169256276, "target": "1137.xyz", "model": "27.xyz", "model_rescale": 3.6321398670334006, "target_rescale": 4.062832337201011},
{"mapping": [7, 10, 12, 9, 6, 11, 0, 13, 8, 4, 2, 3, 14], "R": [[-0.5190325957087336, 0.8340079710725767, 0.18717870813545656], [0.6544125194856125, 0.24686066382162464, 0.7147055806400561], [0.5498630910802681, 0.4934475826721122, -0.6739139887424077]], "T": [-0.06535095862154877, 0.07724882094933236, -0.016883824114615857], "aligned_model": [[-0.04591128238184772, -0.707805251090198, -0.02874233472702553, -0.041975860022828076, 0.5627935869988265, -0.12758440320188114, -0.5250865218809075, 0.509933316228248, -0.4405744459070001, 0.6277498196546216, 0.15980550784679626, -0.25260414743776605, -0.01311269594637822], [-0.6698717326812751, 0.3415506783633149, -0.5855289530843172, 0.24247820650507526, -0.11112455107003372, 0.6932400230400765, 0.38294234144888883, 0.558204557583905, -0.2672152819043764, -0.29133152519470906, 0.7543498898916426, -0.15576656576590828, 0.11294777876302986], [0.18883530803951015, -0.3662670567585602, -0.5097277768658891, -0.6639734748853579, -0.4338458603507608, -0.18778635113273756, 0.2739879304767053, -0.3396947818327345, -0.10395524439186524, 0.24812012292832253, 0.3356532261043439, 0.6013395601037085, -0.006516329605406403]], "inverted": true, "swapped": false, "error_lsq": 0.044656736189545465, "error_max": 0.255342790768549, "target": "1137.xyz", "model": "28.xyz", "model_rescale": 4.156811204709835, "target_rescale": 4.062832337201011},
