[{"mapping": [7, 5, 8, 6, 14, 12, 11, 10, 13, 3, 1, 2, 0, 15], "R": [[-0.2817209486743902, -0.6886200995490148, -0.6681584135331285], [-0.2897817994531088, -0.6027820827870826, 0.7434246897814099], [-0.9146911040256818, 0.40305845626654735, -0.029733231380190683]], "T": [-0.07745349909544301, 0.08951343259884244, 0.1885178366760349], "aligned_model": [[0.1109389809811817, 0.3317485962122222, -0.5812827395188407, -0.2817488011113718, -0.7502797994417217, -0.255554258114669, -0.6719772831281593, -0.08633092214715458, -0.35739394783713013, 0.34885225322453295, 0.6748261339412325, 0.3291382664484801, 0.6196969999208509, -0.059141378301149405], [-0.518607938730429, -0.42716088437082483, -0.4691810200595838, -0.28969377436171734, 0.29488799148926104, 0.35877578432722224, 0.18059462662947517, 0.47528649449867577, 0.6952329735124603, -0.07951098179505044, 0.442525254127848, 0.5375949540296562, -0.08279852251314311, 0.11732837502618407], [0.23583376277792345, -0.3296150324251566, 0.30362789036154914, -0.2657885123314347, 0.6082451732140659, -0.4966771280503561, -0.14614266246039115, 0.7237805790066048, 0.0283242078845882, 0.7286370333112269, 0.47650168845369056, -0.2581450491663828, 0.07163812041541881, 0.21736801618848745]], "inverted": false, "swapped": true, "error_lsq": 0.03779725056352188, "error_max": 0.26421808084546977, "target": "1138.xyz", "model": "0.xyz", "model_rescale": 3.8414455957264533, "target_rescale": 4.132986470699531},
{"mapping": [0, 1, 12, 9, 2, 13, 11, 5, 8, 6, 14, 3, 4, 7, 15], "R": [[-0.304656379220833, -0.7620247510925919, -0.5714042083519559], [0.47320320097573454, -0.6417416149662531, 0.6035283176511472], [-0.8265973755017437, -0.08652154843031185, 0.5561032282507004]], "T": [0.017537965339119693, 0.05480263306038419, -0.07554466907463878], "aligned_model": [[-0.6544662790903462, -0.7690464606438165, 0.1533378644098067, -0.2033235041932466, -0.4461125561630306, 0.21910442222750995, 0.5924906805545973, -0.33102977531579614, 0.5874613949164929, 0.2616307535088205, 0.664820962369461, -0.37854877924793595, 0.2736257805500918, -0.09418107762608321, -0.0037192727519805915], [0.15820688718091047, 0.08377378309398942, -0.6362063216509535, -0.3788669026465927, -0.5365268016389002, -0.5083646078021447, -0.30249833887201955, 0.08678528503811339, 0.4789624055728625, -0.02200437853104159, 0.1454621712302398, 0.5963767653492364, 0.5934641467074231, 0.5309026311040783, 0.05757780390781356], [0.18347068167682665, -0.4678740008515797, 0.20334463876819978, -0.7031654281463565, -0.04457144170061863, -0.4119052465334425, 0.049024003116152265, 0.6862545267837491, 0.19741959817901786, 0.4958118997324775, -0.5693569277404719, -0.3032447869800744, -0.37079590781914196, 0.3348085604501547, -0.11403838159535727]], "inverted": true, "swapped": true, "error_lsq": 0.04026642894837666, "error_max": 0.30225806585575826, "target": "1138.xyz", "model": "1.xyz", "model_rescale": 4.316132596720782, "target_rescale": 4.132986470699531},
{"mapping": [7, 4, 8, 2, 6, 0, 13, 1, 14, 3, 10, 15], "R": [[0.7249225909527393, -0.6118885581806504, -0.31635364624731693], [0.3684857633118581, 0.7325016753929656, -0.5724155289498842], [0.5819840885821921, 0.29838513353400065, 0.7564792348260803]], "T": [-0.11620567012410196, -0.008003309654356024, -0.14051650813016772], "aligned_model": [[-0.20080668180606792, 0.49962001540815826, 0.16062760041374705, -0.6583222206802362, -0.466654709794059, -0.5333345232073474, -0.09418313330070602, -0.1523139958488552, 0.5656806809211908, 0.1744723434163782, 0.3989762924306868, -0.09595311332110897], [-0.556528075977618, -0.23868485301688044, -0.6629890767380251, 0.5090885369112642, -0.4346849416568549, -0.02132011311006537, 0.5147161798654858, 0.512758025272707, 0.05051110089703903, -0.06297781081466294, 0.3789533452104325, 0.02393411089815858], [0.17492821798217842, -0.03826564038413341, -0.4117925753339182, -0.07473417711773488, -0.4355710632402252, 0.45546778604000815, -0.5845932570595063, 0.5672832602818135, -0.5906854152421124, 0.5033147511004475, 0.001813952309270478, -0.11790737812666635]], "inverted": true, "swapped": true, "error_lsq": 0.04498674047415848, "error_max": 0.21679908044134605, "target": "1138.xyz", "model": "2.xyz", "model_rescale": 3.795458400668931, "target_rescale": 4.132986470699531},
{"mapping": [12, 6, 8, 3, 13, 10, 7, 2, 0, 1, 14, 15], "R": [[-0.27801632919772706, -0.9572815135650783, -0.07949229199094865], [-0.685359796395784, 0.13969737450435737, 0.7146793637995427], [-0.673044478607284, 0.2531733543308665, -0.6949204144886715]], "T": [-0.011938716534771465, -0.0005821063219070373, 0.04104532583392874], "aligned_model": [[0.09691314142388013, -0.34173181138361725, -0.7595342607472093, 0.15418310153036852, 0.14994564638214897, 0.14278344104337753, -0.2330607466544916, 0.6354044694710459, 0.4512257978485111, 0.7569198192543924, -0.4752047786819411, 0.015460006257099777], [-0.212489584275677, -0.46840446486208087, -0.09336243258535547, 0.08554098894687782, 0.39105159842341775, 0.6062103573577108, -0.4336394075671366, -0.16168429375530857, -0.454575165523476, 0.13164543096123554, 0.6659707213932679, 0.029505296776234154], [-0.6779544849547418, -0.21254428441269435, 0.14933398049615676, 0.7244346348812685, -0.49871509337269226, 0.2490593331287153, 0.45469801507168345, -0.306221908412213, 0.3708028595450529, 0.4470614851600007, -0.06912209422283437, 0.05793898773139862]], "inverted": false, "swapped": true, "error_lsq": 0.04585207416913891, "error_max": 0.24566338872012417, "target": "1138.xyz", "model": "3.xyz", "model_rescale": 3.7530521520055578, "target_rescale": 4.132986470699531},
{"mapping": [6, 2, 0, 1, 7, 9, 8, 13, 14, 10, 15], "R": [[-0.6890071882847282, -0.05832541827392501, -0.7224037929545672], [-0.6323247249463508, -0.4387101078067113, 0.6385130253407096], [-0.3541673851634215, 0.896733843953375, 0.26539381378455157]], "T": [-0.08665028130697988, -0.15503929058819055, 0.04109501534123567], "aligned_model": [[-0.4039061243703108, -0.21116222142127583, 0.39182781854915305, 0.5269174159544632, 0.26193661131071416, -0.14506007769612095, -0.20670335626156125, -0.5710564849076335, -0.3674329754739731, 0.1266433046503228, -0.06380430788857283], [-0.6895661858670468, 0.1091768125956526, -0.3213109710915605, 0.3210762941439236, -0.6877491507139214, 0.6149363537705632, -0.653337293605435, 0.3273630440600936, 0.15889317294801364, 0.4050858680393066, -0.1173645859652433], [-0.03346142804782858, -0.6519333208992621, -0.4811918143290081, -0.37160986972580995, 0.0885240033091326, -0.1446000974704956, 0.6036961873799847, -0.01859948382543549, 0.7436990744732754, 0.3170868994915661, 0.041220626889197615]], "inverted": false, "swapped": true, "error_lsq": 0.042986534274692796, "error_max": 0.2430085205640977, "target": "1138.xyz", "model": "4.xyz", "model_rescale": 3.7855080009869324, "target_rescale": 4.132986470699531},
{"mapping": [13, 15, 14, 8, 7, 11, 1, 6, 4, 9, 10, 0, 2, 3, 5, 16], "R": [[-0.3950147862364234, -0.9132075120658961, 0.10007676334199317], [-0.9010307409017272, 0.36387491798955274, -0.23609033865912699], [0.17918404673596855, -0.18343141487900275, -0.9665640141401964]], "T": [0.0013753873457444422, -0.0730174869861826, -0.04053626715649408], "aligned_model": [[-0.05496422182293685, -0.5743671193070269, 0.12593066469893754, -0.5923280089967493, -0.38806671816451527, 0.4595837765986835, 0.7289083951517455, -0.02231741096683015, 0.2546892926593135, -0.22908029899836801, -0.6600637552683499, 0.4547325698160134, 0.40777425962900987, -0.00945441897123447, -0.1558073551902328, 0.008198837699711877], [-0.3578830176475012, -0.6534442322563444, -0.7343657164242631, -0.12185688799760529, 0.566466727147921, -0.005537969046235214, 0.13474740003260732, 0.3327407707139926, 0.6209496221723554, -0.5168699471934588, -0.01266897592306955, 0.34483721919346555, -0.41179381765742656, -0.12173179246180421, 0.47097313887649317, -0.12222541789202432], [-0.7042719952555351, -0.14514728997018353, 0.02875948188668015, -0.4152906721257398, -0.06818148744739327, -0.6870096347263883, -0.015368564357221923, -0.5512964414880491, -0.07578538978781882, 0.4662173114679248, 0.2591645701874843, 0.43731160920862355, 0.47507622489786816, 0.6522308200643155, 0.5377984361440311, -0.020072341408534422]], "inverted": false, "swapped": false, "error_lsq": 0.03538080984127647, "error_max": 0.2531805425215845, "target": "1138.xyz", "model": "5.xyz", "model_rescale": 4.2253639853439635, "target_rescale": 4.132986470699531},
{"mapping": [2, 6, 14, 13, 11, 4, 10, 9, 7, 0, 8, 3, 1, 15], "R": [[0.1406656088650952, 0.9899232733899708, 0.01628186977891416], [0.016786708106161563, -0.01882772340523617, 0.9996818110090505], [0.9899148412432106, -0.140347531621548, -0.019265966214234514]], "T": [0.007118930867914763, -0.00709538362322501, -0.06177594234765235], "aligned_model": [[0.7055663992293311, -0.25701369007957753, -0.4703446699793819, 0.22417400532009063, -0.28091817707120864, -0.4435219583510978, 0.09742916168479353, 0.5486646915579494, -0.24800878758443695, 0.4413460573459911, -0.7422296323724538, 0.06780324550559305, 0.7009792769691068, 0.030136230583084615], [-0.09830170720651844, 0.11848328100019889, -0.5828233831079472, -0.654303169917024, -0.48521524781865977, 0.02424525767367293, -0.27396469462450623, -0.49453134055127146, 0.5755729534815652, 0.5758435031256002, 0.08542398857841277, 0.42930220650999207, 0.23971484402267004, -0.01434734453119459], [-0.32531756661771294, -0.6153036223492138, 0.27230601973599144, -0.13201832134291108, -0.46450163469999295, 0.426947949570073, 0.5349071396233022, 0.2542798266462897, -0.11608599567602321, -0.09340114073402747, -0.1574347941775191, 0.49311967934981615, 0.41897266445576986, -0.024911994852393662]], "inverted": true, "swapped": true, "error_lsq": 0.03949327662232206, "error_max": 0.24897056951917115, "target": "1138.xyz", "model": "6.xyz", "model_rescale": 3.89814844738969, "target_rescale": 4.132986470699531},
{"mapping": [11, 8, 4, 12, 10, 7, 6, 13, 2, 0, 3, 1, 15], "R": [[-0.748153688766428, 0.3252249111816786, 0.5783552672294568], [-0.48677405209474134, 0.32331226594242457, -0.8114925759971198], [-0.450906952920947, -0.8886495011184355, -0.0835762165301992]], "T": [-0.050515887839933285, 0.06387824185533647, -0.06487992547366996], "aligned_model": [[-0.03901240052564821, -0.009111011921014656, 0.42355674941556765, -0.4049149830218092, 0.5541655717425925, -0.36212824776162944, -0.5024292923271352, 0.20649720250821868, -0.36757024676243605, -0.5000711243732584, 0.13407352957453744, 0.03784418836315666, -0.022268134006919474], [-0.4681842917860846, 0.2699343471574498, 0.44720313770864784, -0.6053006011234188, 0.12731941105726347, 0.5778960771451063, -0.05268483249585329, -0.5580629662609586, -0.3127300777047472, 0.42540407131997166, 0.6935444337110046, 0.34817753188783684, 0.07126502485426774], [-0.5013763097010184, -0.7963580434746539, -0.33176500971195, -0.082633560363569, 0.19152096715795142, -0.2798811529765489, -0.48215232993829615, 0.06950095422358753, 0.5036658988635812, 0.378482522374271, 0.20248093087727642, 0.7626725513675975, -0.031882387861932614]], "inverted": false, "swapped": true, "error_lsq": 0.04454454609413431, "error_max": 0.26648591610065964, "target": "1138.xyz", "model": "7.xyz", "model_rescale": 3.7474275329858107, "target_rescale": 4.132986470699531},
{"mapping": [4, 3, 1, 10, 0, 13, 14, 11, 2, 12, 8, 6, 7, 5, 15], "R": [[0.09377095539280034, -0.7507450038242052, -0.6539028575849137], [0.26648437823810434, 0.6517582938130965, -0.7100684492363343], [0.9592669514164305, -0.10767109955246018, 0.26117781345549207]], "T": [-0.0319031302783695, -0.08070184046229215, 0.009317628852728226], "aligned_model": [[-0.4486866689634233, 0.17449173783575211, 0.5381202146722777, -0.26104889333946973, 0.6682742709506571, -0.2692473819285642, -0.8232570118339918, -0.46537764294750916, 0.48275567176583084, 0.039335891358142965, -0.5077080841645911, -0.030734650071357263, 0.16232210546331535, 0.5701669908494079, -0.02725282730773073], [0.15331640805710806, 0.08853551229911125, -0.45866205293692885, -0.4438121521053833, 0.05210480191001818, -0.6777676468809879, -0.23557529570409222, -0.15560525148611506, -0.5658736134849343, -0.3680591602641068, 0.5063855426779602, 0.28964027821782434, 0.5187662605636227, 0.3939345713636895, -0.10821024024719245], [-0.45375626439249456, -0.6470317221354559, -0.5435803321700258, -0.4917302611782116, -0.13726033257498577, 0.2503673017541332, -0.13496758841751202, 0.5386958388804128, 0.2649273223024255, 0.7065012536321058, 0.09971547070340081, 0.5140693349128794, -0.09294027711627227, 0.34857007243630544, -0.02478516094044311]], "inverted": false, "swapped": true, "error_lsq": 0.04310071585319901, "error_max": 0.3383393522468381, "target": "1138.xyz", "model": "8.xyz", "model_rescale": 4.019505241142653, "target_rescale": 4.132986470699531},
{"mapping": [2, 13, 6, 5, 0, 7, 8, 1, 3, 10, 14, 4, 15], "R": [[-0.04495486990492892, -0.47809763269408734, 0.8771554669978067], [-0.10933589592340673, -0.8704137735146733, -0.48002658753299576], [0.9929877751183329, -0.11748411164177222, -0.013143895057657451]], "T": [-0.04850125072331396, -0.023476948173906255, -0.055007298817135536], "aligned_model": [[-0.45573489586284943, -0.7227606701797256, 0.1824034194263276, 0.4519210402920039, 0.2652358858756919, 0.5856390026696492, 0.3815328826769266, -0.1501723411473132, 0.31268904411567133, -0.3233362498107405, -0.33401326159900746, 0.19171740667961648, -0.06542049139507461], [-0.6051575046502957, 0.08399608419833998, 0.13897509059696353, -0.43208676843531174, -0.6796845994138503, -0.07011681085043514, 0.5943072556652469, -0.7411357485418262, -0.26737795144305027, 0.034621429466541905, 0.6746421642658602, 0.372010297808537, -0.039614710552661685], [-0.3028179840763435, -0.12391737339762951, -0.6137749637615003, -0.5893067655061917, -0.07321783969753713, -0.11186666845765483, -0.16746636245331198, 0.4430946254234648, 0.503641486391045, 0.5420657026215625, 0.26461368517239303, 0.4233182433243723, -0.017662291538789315]], "inverted": true, "swapped": true, "error_lsq": 0.044909329500307654, "error_max": 0.22925177023900709, "target": "1138.xyz", "model": "9.xyz", "model_rescale": 3.877068213659057, "target_rescale": 4.132986470699531},
{"mapping": [14, 13, 6, 2, 7, 10, 11, 9, 8, 3, 4, 0, 12, 5, 1, 15], "R": [[-0.543897498478073, -0.7462954033169131, 0.38369086793581747], [0.7102925265661866, -0.16596386467559274, 0.6840617825358796], [-0.44683334460793994, 0.6445922483322212, 0.6203553784215097]], "T": [-0.039252540371296454, -0.09442225156721054, -0.012003641913394607], "aligned_model": [[-0.07580034639622706, -0.4882957796952673, 0.14990733531418876, -0.5281748460386416, -0.530811221951795, 0.45160832897127484, 0.6554088886627631, 0.026222320428332335, 0.11260494161355612, -0.25935462679786914, -0.6512547127782636, 0.49434184763246014, 0.5322201254233925, 0.0065418674315049635, -0.16540454032056334, 0.023608907068325996], [-0.3428949732393211, -0.6207748873822877, -0.6813739978157426, 0.09584149132571232, 0.5472427431551183, -0.3114660435409957, 0.1362432597355803, 0.1935404029490468, 0.6447609099121694, -0.5017013224650453, -0.03531716638843269, 0.29198902925406733, -0.3448400139236717, -0.070672377455166, 0.46668522660386347, -0.054925177087792765], [-0.7512242524879399, -0.3568972022354558, -0.015284515470621473, -0.41834099573507805, 0.10167426503269701, -0.47585531947182885, -0.10631269328962543, -0.6022881971127265, -0.1728467168612057, 0.4220933203974365, 0.270928522430169, 0.4349072963939445, 0.3989770781446453, 0.7679542145994958, 0.6377275956400514, 0.038922237316104585]], "inverted": true, "swapped": false, "error_lsq": 0.03350751798845476, "error_max": 0.21991780951970652, "target": "1138.xyz", "model": "10.xyz", "model_rescale": 4.260839863003843, "target_rescale": 4.132986470699531},
{"mapping": [0, 6, 8, 7, 4, 3, 1, 2, 11, 14, 10, 15], "R": [[-0.38771354335796493, 0.8663572227705837, -0.3148068786574598], [0.9210640385355559, 0.37757611234177657, -0.09527495109126113], [0.03632141535490488, -0.32689668389586224, -0.9443618548228773]], "T": [0.09325460675939462, -0.038628991859018566, -0.009839702815690195], "aligned_model": [[0.25878600138781876, 0.1164929083664587, -0.4881607256611417, -0.2798755193983951, -0.5209529315568635, -0.2826930643841095, 0.3235729226328977, 0.8129688996677533, 0.22588248748839376, -0.2602373495529237, -0.04254702974447, 0.0956620498487117], [0.10138853018471462, -0.658454042726524, -0.5050037089760347, -0.2640169339349769, 0.15312909736168373, 0.4314554193030218, 0.7018331588437159, 0.09295574174821279, -0.4882093719535078, 0.05933155855999518, 0.5433924412003729, 0.005276615922260433], [-0.704365114258242, -0.09472681986308701, 0.14405816545004735, -0.47622614151211135, 0.1601262480630631, -0.38362920058195626, -0.424744472679318, -0.1839041785420395, 0.49418340226610674, 0.7226165377191951, 0.2698294485707611, -0.0070397972369146775]], "inverted": true, "swapped": true, "error_lsq": 0.043036045015606185, "error_max": 0.2100940323001076, "target": "1138.xyz", "model": "11.xyz", "model_rescale": 3.890672605050136, "target_rescale": 4.132986470699531},
{"mapping": [0, 1, 9, 5, 2, 8, 3, 6, 7, 14, 13, 10, 11, 15], "R": [[-0.5168882611997382, 0.839541922743582, 0.16731971010589652], [0.3874413274472045, 0.40371736084309, -0.8287952161661158], [-0.7633582011217668, -0.3635679475832547, -0.5339500016576837]], "T": [0.053092368967484274, -0.03036480580402395, 0.146115026577149], "aligned_model": [[0.486825591316238, 0.3122459407654332, 0.1956873146687541, 0.573732721174218, 0.7384063956043333, -0.44349920996107073, -0.18950799043050098, 0.2202237340656329, -0.023526297019523496, -0.6038908859161098, 0.17032652354790742, -0.29381432903447235, 0.020415792687158138, 0.046250533325696085], [-0.33348589526599054, 0.23544725860763366, 0.7210174521764352, -0.687172832005772, 0.26272382963419183, -0.47012113483203893, -0.17543114185674, -0.4407115438501154, -0.6448060777391549, 0.351416071897024, 0.5781417166192425, 0.4354005128732464, 0.10130153408625181, -0.0015672305164483834], [-0.3532487618383723, -0.6511678993301441, -0.0680070320592733, 0.12618477233141054, 0.04588836387352166, 0.5192703484116997, -0.5036044647884348, 0.5883950242714454, -0.009234994487555465, 0.4521564308654906, 0.4409044106462313, -0.1671329232225162, 0.8209099433269432, 0.11347721735641483]], "inverted": true, "swapped": true, "error_lsq": 0.04409734263325293, "error_max": 0.2888618142943763, "target": "1138.xyz", "model": "12.xyz", "model_rescale": 4.124412569039231, "target_rescale": 4.132986470699531},
{"mapping": [10, 8, 7, 13, 3, 1, 11, 2, 6, 12, 0, 5, 15], "R": [[0.16298384575035463, 0.17909937351878377, 0.970236919741567], [-0.6813478896526735, -0.6908066458348939, 0.24197361702506304], [0.713583435409114, -0.7005066684018952, 0.009438656377065091]], "T": [0.03392234519616527, 0.10378885953942943, 0.09990311291389502], "aligned_model": [[-0.13512625345777457, -0.04951323932179166, 0.5372039141460414, -0.5547775186431398, 0.5352345800821583, 0.47953342364339435, -0.5390615824586202, 0.06542493961367625, 0.033541497040411455, -0.33656365042530345, 0.6890450306466882, 0.6061600011554291, 0.03619716548858848], [-0.3786226338248271, 0.7633109482272975, 0.47518174215954356, -0.18126977781276135, -0.16009122228352504, -0.654266924584506, 0.44528840373001877, -0.3068059103575784, 0.6615189111249348, 0.21149696196044243, -0.07272482441778641, 0.4817637146598961, 0.06270598792732834], [0.5171651284605542, 0.47044708758537274, 0.2276415753054844, -0.10769953489717816, 0.5254473988194467, 0.0838131711160244, -0.06985979038297509, -0.5293990154180716, -0.1844663290066756, -0.5519046239450315, -0.1628292273304907, -0.38232032975785757, 0.11566257041923653]], "inverted": true, "swapped": true, "error_lsq": 0.03987448205563701, "error_max": 0.242373365177012, "target": "1138.xyz", "model": "13.xyz", "model_rescale": 3.9028299243045295, "target_rescale": 4.132986470699531},
{"mapping": [10, 7, 9, 4, 0, 13, 12, 5, 8, 6, 3, 1, 11, 6, 2, 15], "R": [[0.5407356435539789, 0.8411317966809536, -0.010112586342560737], [0.5920943845212009, -0.38912208656528624, -0.7056969899082316], [-0.5975192077320403, 0.37560791040571717, -0.708441595356968]], "T": [0.0126638901135291, 0.010040087656940588, -0.012668260400929767], "aligned_model": [[-0.08932037090914983, -0.47602486400858485, 0.06546051357652433, -0.5132176448995744, -0.5739271451366573, 0.507574649861637, 0.6600044884124271, 0.077101770043826, 0.1283585327399519, -0.1735030878235556, -0.5701920628877925, 0.3171835427412655, 0.6151697786279909, -0.1735030878235556, -0.041086976098451536, -0.0067095478491293985], [-0.4418940629948674, -0.7416623782258822, -0.7412457303822704, 0.04476118948223198, 0.5946130481519656, -0.0028041186736325607, 0.2520436677782602, 0.25939451393284063, 0.7603766115238493, -0.3149051998049296, 0.005403243460670698, -0.04613014675958654, -0.34203733357479577, -0.3149051998049296, 0.5425660360609561, -0.10123703653277832], [-0.5963696703934545, -0.14210805419491818, 0.17071001701415195, -0.43882120255082085, -0.05010915337806981, -0.6352031735138591, -0.09406055710875771, -0.4551295167634028, -0.15450270676884253, 0.5388393811883168, 0.20857116412592083, 0.5585685045852548, 0.22999371046005124, 0.5388393811883168, 0.49297660332622223, 0.001939910073954285]], "inverted": false, "swapped": false, "error_lsq": 0.043642351384844805, "error_max": 0.30744955289544584, "target": "1138.xyz", "model": "14.xyz", "model_rescale": 3.942246331269136, "target_rescale": 4.132986470699531},
{"mapping": [2, 1, 9, 3, 7, 10, 11, 13, 12, 14, 8, 6, 0, 5, 15], "R": [[-0.32130842803079074, 0.9302043729967154, -0.17742806580180495], [0.38866062110976085, 0.30039261177208815, 0.8710380016918426], [0.8635414383079466, 0.21091254882185417, -0.45805248724847236]], "T": [0.00598295535680736, 0.01315612215374428, -0.02813919156429933], "aligned_model": [[-0.7391794618381673, -0.33611931149815855, -0.42356307287482775, 0.28746266055734276, 0.32116169310786785, 0.13936107309260792, -0.01768553004115042, -0.34434489939998414, -0.5404830506805088, 0.45611455616960694, 0.6359154199206932, 0.01522277760218484, -0.27031581865080007, -0.21010719115675447, 0.0008541922222581174], [-0.07726855013141756, -0.6127037279672524, 0.1367243262429078, -0.5702297101413212, -0.38358794289413234, 0.01829451305546167, 0.6665922304737807, 0.5206767999619929, 0.44680578686177197, 0.5809898719748366, 0.2381048229849373, 0.18076783817938563, -0.6436692974131876, -0.4023897647819163, -0.0009625065241962508], [-0.07459344742118831, -0.5426702191271987, -0.6846283237749298, -0.315305937434634, 0.36018880871205045, -0.6743510313684378, 0.18683294270291076, -0.3291673822213087, 0.26688132747151416, -0.41022733771414727, 0.3349267686677569, 0.5749776075060951, 0.11886574685261683, 0.6671931312094158, -0.06956017369999948]], "inverted": false, "swapped": true, "error_lsq": 0.04125275866885707, "error_max": 0.30804008660796023, "target": "1138.xyz", "model": "15.xyz", "model_rescale": 4.355366556412066, "target_rescale": 4.132986470699531},
{"mapping": [7, 4, 8, 2, 6, 0, 13, 1, 14, 3, 10, 15], "R": [[0.7249225909527393, -0.6118885581806504, -0.31635364624731693], [0.3684857633118581, 0.7325016753929656, -0.5724155289498842], [0.5819840885821921, 0.29838513353400065, 0.7564792348260803]], "T": [-0.11620567012410196, -0.008003309654356024, -0.14051650813016772], "aligned_model": [[-0.20080668180606792, 0.49962001540815826, 0.16062760041374705, -0.6583222206802362, -0.466654709794059, -0.5333345232073474, -0.09418313330070602, -0.1523139958488552, 0.5656806809211908, 0.1744723434163782, 0.3989762924306868, -0.09595311332110897], [-0.556528075977618, -0.23868485301688044, -0.6629890767380251, 0.5090885369112642, -0.4346849416568549, -0.02132011311006537, 0.5147161798654858, 0.512758025272707, 0.05051110089703903, -0.06297781081466294, 0.3789533452104325, 0.02393411089815858], [0.17492821798217842, -0.03826564038413341, -0.4117925753339182, -0.07473417711773488, -0.4355710632402252, 0.45546778604000815, -0.5845932570595063, 0.5672832602818135, -0.5906854152421124, 0.5033147511004475, 0.001813952309270478, -0.11790737812666635]], "inverted": true, "swapped": true, "error_lsq": 0.04498674047415848, "error_max": 0.21679908044134605, "target": "1138.xyz", "model": "16.xyz", "model_rescale": 3.795458400668931, "target_rescale": 4.132986470699531},
{"mapping": [11, 8, 4, 12, 10, 7, 6, 13, 2, 0, 3, 1, 15], "R": [[-0.748153688766428, 0.3252249111816786, 0.5783552672294568], [-0.48677405209474134, 0.32331226594242457, -0.8114925759971198], [-0.450906952920947, -0.8886495011184355, -0.0835762165301992]], "T": [-0.050515887839933285, 0.06387824185533647, -0.06487992547366996], "aligned_model": [[-0.03901240052564821, -0.009111011921014656, 0.42355674941556765, -0.4049149830218092, 0.5541655717425925, -0.36212824776162944, -0.5024292923271352, 0.20649720250821868, -0.36757024676243605, -0.5000711243732584, 0.13407352957453744, 0.03784418836315666, -0.022268134006919474], [-0.4681842917860846, 0.2699343471574498, 0.44720313770864784, -0.6053006011234188, 0.12731941105726347, 0.5778960771451063, -0.05268483249585329, -0.5580629662609586, -0.3127300777047472, 0.42540407131997166, 0.6935444337110046, 0.34817753188783684, 0.07126502485426774], [-0.5013763097010184, -0.7963580434746539, -0.33176500971195, -0.082633560363569, 0.19152096715795142, -0.2798811529765489, -0.48215232993829615, 0.06950095422358753, 0.5036658988635812, 0.378482522374271, 0.20248093087727642, 0.7626725513675975, -0.031882387861932614]], "inverted": false, "swapped": true, "error_lsq": 0.04454454609413431, "error_max": 0.26648591610065964, "target": "1138.xyz", "model": "17.xyz", "model_rescale": 3.7474275329858107, "target_rescale": 4.132986470699531},
{"mapping": [1, 4, 10, 7, 2, 12, 9, 14, 0, 13, 6, 8, 11, 15], "R": [[0.8115914874213845, 0.3843875802660649, -0.4399607319776889], [0.16095488135944314, -0.871036365476999, -0.4641003945087605], [-0.5616162245801949, 0.3058461020739336, -0.7687947568333624]], "T": [-0.032359389132917915, -0.06203325878678291, -0.04692425311292272], "aligned_model": [[0.5633073409318422, 0.10478372729085428, 0.5795852332914263, -0.4504493964350589, 0.147927944205383, -0.24762095589300143, 0.6824726395674225, 0.2376229215643857, -0.0973029921005841, 0.30074063203465673, -0.6350956870897667, -0.5102813998493201, -0.2707879401868697, 0.009945580551506593], [-0.6199806086603741, 0.4477808565155448, 0.15352415155694144, -0.12087439195760032, -0.6897314110574481, -0.27594760188822703, -0.2121599364491913, 0.6956328947106956, -0.6984083610216409, 0.021587439893964847, -0.054941872046322754, 0.5038477062056763, 0.27767652430395645, -0.06759714859474149], [-0.37457130829381113, -0.4521301548718827, -0.1671933230631275, -0.525756783880167, 0.32602769328059156, 0.6470623071311452, 0.2648994527534901, 0.10830631304362962, -0.3935943468843589, 0.5471942287086559, 0.12215443372984522, -0.22186139762029147, 0.5021668619887724, -0.057909257360836464]], "inverted": true, "swapped": true, "error_lsq": 0.03616931895762021, "error_max": 0.2532371087262459, "target": "1138.xyz", "model": "18.xyz", "model_rescale": 3.922800546911778, "target_rescale": 4.132986470699531},
{"mapping": [9, 1, 10, 13, 7, 2, 3, 11, 0, 14, 4, 8, 12, 6, 15], "R": [[-0.23872467547721926, 0.9330197301291177, 0.2692298507002608], [0.22476041006227304, -0.21663011892586015, 0.9500284993845218], [0.9447186286863063, 0.28730745685407477, -0.15799094230084437]], "T": [0.0718117272483425, 0.0015571490681858674, 0.060149765412265827], "aligned_model": [[-0.17416835349024293, -0.43083914980306537, 0.27934048356707786, 0.011740551550043665, 0.13552423317124795, -0.6284708688483658, 0.11616685548585469, 0.29781079318022824, -0.4726673072440084, 0.7658275297088121, 0.6491412120332148, 0.6835116596623408, -0.2744227727690701, 0.07080601693061753, 0.06674995375293291], [0.4848049200853547, -0.2314370962055312, 0.13224163017174784, 0.6741143927774429, -0.5863512483809371, 0.2676137663981934, -0.5363463708068789, 0.5056644275270336, -0.47655962712323724, 0.39457823051940205, -0.21852618803285634, -0.19000951025422919, 0.5271644828402684, -0.03304595353038883, 0.0037056490491946953], [-0.5201279817302877, -0.6228820557897169, -0.5524343095964998, -0.06225539614599307, 0.3006628803925555, -0.006331880354983277, -0.39890036213503555, 0.4707009039706628, -0.005561919613628008, -0.12672311219299512, -0.18716477134753376, 0.4704656524032006, 0.4815436853857469, 0.685234198767004, 0.01643363515083212]], "inverted": false, "swapped": true, "error_lsq": 0.036898528377437914, "error_max": 0.2140417867878893, "target": "1138.xyz", "model": "19.xyz", "model_rescale": 3.9282355846067225, "target_rescale": 4.132986470699531},
{"mapping": [4, 10, 9, 3, 7, 1, 0, 2, 5, 6, 13, 8, 12, 15], "R": [[0.23728073714617834, -0.8566657580412679, 0.45806291137675226], [0.6444994641543461, -0.21398561080952824, -0.7340508150470472], [0.7268550697932343, 0.4693974194284128, 0.5013459585454136]], "T": [-0.0773229347680981, -0.1520610152353063, 0.12829561001591736], "aligned_model": [[-0.6253030792952341, -0.08348086868557725, 0.48337234170859716, -0.42910636549304254, -0.5429868859047533, 0.1982970374812169, 0.005474022756507324, 0.6213245598328487, -0.09732664004518121, -0.1588774476146257, 0.43159232039236844, -0.6932965334248951, 0.4908828730888127, -0.06804251571236587], [-0.522913135189943, -0.7389513471357274, -0.6460258709233038, -0.20876153297136807, 0.2699454314217026, -0.2101981097809803, 0.3464333237185741, 0.05512453837287412, 0.6852722008917249, 0.28066656208632446, -0.5405712127764264, -0.12004131597383105, 0.05226102778441896, -0.17935847209920333], [0.05690264332183252, -0.1732465685039957, -0.14073301378444839, -0.4841323962444062, 0.01600238105077284, -0.7048492756076998, -0.3951727787927546, -0.05762768575103497, 0.09178107032502605, 0.5732952057964334, 0.37525695367761225, 0.574148706913761, 0.5855798725505501, 0.09497804229203405]], "inverted": false, "swapped": true, "error_lsq": 0.04113138038995199, "error_max": 0.32435198176019836, "target": "1138.xyz", "model": "20.xyz", "model_rescale": 4.067790424073018, "target_rescale": 4.132986470699531},
{"mapping": [10, 7, 9, 13, 1, 0, 2, 4, 3, 8, 6, 12, 11, 5, 15], "R": [[-0.291296882843062, -0.8077871556286397, -0.5124705232960306], [0.14569516413584774, -0.5669148531841404, 0.8107900273107909], [-0.9454729214490196, 0.16151613058947556, 0.2828312117961165]], "T": [0.12433015280877088, 0.048434368781050924, -0.011082639741265067], "aligned_model": [[0.08310383029802229, 0.05739964720638094, -0.14292242661636526, 0.27654660012072485, -0.6680088923797638, -0.5317211073065058, -0.3793293242091458, 0.4104810206225087, -0.23787697402183608, 0.72985319388059, 0.37692659275085527, 0.21766489678297649, 0.6753708160750332, -0.2013867635823097, 0.10234284428634983], [-0.09480052670827893, 0.6516258704155963, -0.5729186133440078, -0.6137596823562581, -0.01421846062160953, 0.29293170055168205, -0.4499851234789778, 0.4137020130482437, 0.4913752761168636, 0.5000111719181469, 0.17597116292624204, -0.4931760480822147, -0.27726377094961563, 0.3934066934679349, 0.03799347702410026], [-0.6538812258483394, 0.18696393421386528, -0.42731983478390917, -0.1072803923021159, -0.3875798532014422, 0.186879212858027, 0.24092289232152003, -0.4881651465104315, -0.4289868674989986, 0.08194400695748728, 0.5473601412603851, 0.5101284653019706, 0.24195267908187496, 0.6801213534764394, -0.04780979170519193]], "inverted": true, "swapped": true, "error_lsq": 0.03744233634592424, "error_max": 0.1915133470135442, "target": "1138.xyz", "model": "21.xyz", "model_rescale": 4.186013935880536, "target_rescale": 4.132986470699531},
{"mapping": [8, 4, 11, 5, 0, 6, 7, 3, 13, 10, 1, 2, 15], "R": [[0.9452446231672216, -0.1526137160982377, 0.2884816389861649], [-0.32289964295429974, -0.3088980924678505, 0.8946048228406267], [-0.0474175384582882, -0.9387710168770711, -0.34126317544989665]], "T": [0.04405915941488289, 0.036429694965733776, -0.04559106519322563], "aligned_model": [[0.09661713244384594, -0.4366684043910867, 0.5702631327613202, 0.3667036850997849, -0.09906028023044527, 0.5286684968218743, -0.08663889355468221, -0.6171814174773855, 0.31258920339065943, -0.44055288277141524, -0.4799026925769656, 0.33222043738005025, 0.011516518527670709], [-0.32668817649219284, 0.00013770426875982927, 0.24903579692909375, -0.6468141231397442, -0.34823920619871906, -0.3273197018068947, -0.5867204471685947, -0.17071723045587744, 0.6679481831576762, 0.4807456000103324, 0.19029816245754685, 0.27580289818320164, 0.06148719980150562], [-0.7123869787195082, -0.5043877414809249, -0.4350265376546264, 0.3176427021378152, 0.5551732469116829, -0.2029730890416011, -0.09189489859420048, 0.10234690983582974, -0.04467983207071845, -0.10163044730329325, 0.6438037155200527, 0.6065325386640832, -0.0296400268692455]], "inverted": false, "swapped": true, "error_lsq": 0.04388209078831989, "error_max": 0.24814870856154977, "target": "1138.xyz", "model": "22.xyz", "model_rescale": 4.166573947596378, "target_rescale": 4.132986470699531},
{"mapping": [1, 0, 5, 4, 3, 6, 12, 2, 11, 7, 8, 14, 13, 10, 9, 15], "R": [[-0.5311884896064492, -0.8336051801907614, -0.15146350078070964], [-0.8352628152968589, 0.545204856551184, -0.0713280714401318], [0.1420380860613975, 0.08862317954198899, -0.9858859539297047]], "T": [-0.016877504355554813, 0.056734335660550514, 0.021382863026772107], "aligned_model": [[-0.06890450380322803, -0.5158417824646131, 0.23308799073867403, -0.6557017262976568, -0.35208334490193327, 0.47387792844686916, 0.5711987193673482, -0.054974164297444755, 0.18069851097201997, -0.20322504118865486, -0.769330125538065, 0.5321537305182298, 0.4620753244319609, 0.07300365545202733, -0.14126200242418907, -0.01140468044417283], [-0.39475948788396437, -0.5592688737874838, -0.734158708873955, 0.013836581388690546, 0.5050873884279083, -0.13596824062720636, 0.33985525901983404, 0.18002349843827387, 0.8067122186910795, -0.5595568209483335, 0.06884989835334113, 0.15281404018149347, -0.4918914483987956, -0.2712918037875633, 0.49007683690091286, 0.00197676654287042], [-0.5277487965019495, -0.17439879586609267, -0.034001472038149017, -0.3390570203145322, -0.19780481124769791, -0.5273725052693665, -0.03684301676232116, -0.639039476110792, -0.12211006557505155, 0.3325893113085137, 0.31760474985722426, 0.5829086030711457, 0.45315488129271847, 0.6886620115504534, 0.4178572500192418, -0.020266210123282204]], "inverted": true, "swapped": false, "error_lsq": 0.039669754256498116, "error_max": 0.25023934462962366, "target": "1138.xyz", "model": "23.xyz", "model_rescale": 4.274766983524099, "target_rescale": 4.132986470699531},
{"mapping": [6, 4, 14, 13, 10, 9, 2, 1, 0, 3, 15], "R": [[-0.33705973253516175, -0.10790958130482409, 0.9352787065714385], [0.6531197937640285, -0.7423042961905085, 0.14972931192905026], [0.6781041746641576, 0.6613167577793047, 0.3206787710206437]], "T": [0.0764810945456047, 0.05640402753023632, -0.15240240937612004], "aligned_model": [[0.41643684687816873, 0.003839992842735951, -0.505785320802913, -0.532832050768603, -0.3854271501319384, -0.5591369389448975, -0.016862427221143284, 0.04810906873115814, 0.5696863918956401, 0.28774490174428247, 0.05412138973558507], [-0.16643035587965052, 0.7160008268501077, 0.5115283582362589, -0.24816853352655488, 0.3981747464733088, -0.13922519012226084, -0.6039726079528261, 0.014592126812083536, -0.14358162055561008, 0.5087061000904642, 0.06796268081816298], [-0.6285366961182544, -0.20305635329548638, -0.505775642758314, -0.23545577649803234, 0.17200384276292202, 0.28173558348375316, 0.1951480668100088, 0.725620075766052, 0.3437078318524719, 0.3504146872124769, -0.11623918519602025]], "inverted": true, "swapped": true, "error_lsq": 0.04230749515877656, "error_max": 0.2283529837561877, "target": "1138.xyz", "model": "24.xyz", "model_rescale": 3.7841303162186577, "target_rescale": 4.132986470699531},
{"mapping": [5, 12, 13, 2, 8, 3, 6, 4, 1, 14, 9, 7, 11, 10, 0, 15], "R": [[0.9839740912659657, -0.10123489535677263, 0.14678720543501347], [0.08011258647151451, -0.48445380460549814, -0.8711409097798716], [0.15930147898297012, 0.86893958775358, -0.4685798028388304]], "T": [-0.02779261006746119, 0.015362902282569951, 0.09337730600812236], "aligned_model": [[-0.20248021325151638, -0.3613091305088218, 0.18753770447954843, -0.5901086516236895, -0.4022288916783005, 0.41692269751684663, 0.624966010824222, 0.10935866776501393, -0.04210227615664603, -0.38321822933469335, -0.565346797796151, 0.3938369219691918, 0.5999706779919389, -0.11647865085934087, 0.05048135815988374, 0.03356729106968615], [-0.2756872916561328, -0.5780798346259195, -0.7344713687247576, 0.09709915432988642, 0.46963046639582584, -0.3378579014038179, 0.15677185793016615, 0.28728194581372735, 0.733438413084536, -0.6307348432413356, -0.1959317279818293, 0.23295228096711448, -0.3571414823034492, -0.12520282345503111, 0.6539515626697817, 0.016318695838337054], [-0.7153950793672298, -0.24093445721803866, 0.03522733669569458, -0.4025187339407903, 0.039560627859798414, -0.47799406768545716, -0.18218782668698716, -0.5877643118749543, -0.0994936043078595, 0.38583122495603606, 0.1857395439785347, 0.5379995727677689, 0.331245561123697, 0.8533978111221103, 0.4503193994552309, 0.06110164041250932]], "inverted": false, "swapped": false, "error_lsq": 0.04669376112684462, "error_max": 0.36493755103277714, "target": "1138.xyz", "model": "25.xyz", "model_rescale": 4.19342608120988, "target_rescale": 4.132986470699531},
{"mapping": [7, 4, 8, 2, 6, 0, 13, 1, 14, 3, 10, 15], "R": [[0.7249225909527393, -0.6118885581806504, -0.31635364624731693], [0.3684857633118581, 0.7325016753929656, -0.5724155289498842], [0.5819840885821921, 0.29838513353400065, 0.7564792348260803]], "T": [-0.11620567012410196, -0.008003309654356024, -0.14051650813016772], "aligned_model": [[-0.20080668180606792, 0.49962001540815826, 0.16062760041374705, -0.6583222206802362, -0.466654709794059, -0.5333345232073474, -0.09418313330070602, -0.1523139958488552, 0.5656806809211908, 0.1744723434163782, 0.3989762924306868, -0.09595311332110897], [-0.556528075977618, -0.23868485301688044, -0.6629890767380251, 0.5090885369112642, -0.4346849416568549, -0.02132011311006537, 0.5147161798654858, 0.512758025272707, 0.05051110089703903, -0.06297781081466294, 0.3789533452104325, 0.02393411089815858], [0.17492821798217842, -0.03826564038413341, -0.4117925753339182, -0.07473417711773488, -0.4355710632402252, 0.45546778604000815, -0.5845932570595063, 0.5672832602818135, -0.5906854152421124, 0.5033147511004475, 0.001813952309270478, -0.11790737812666635]], "inverted": true, "swapped": true, "error_lsq": 0.04498674047415848, "error_max": 0.21679908044134605, "target": "1138.xyz", "model": "26.xyz", "model_rescale": 3.795458400668931, "target_rescale": 4.132986470699531},
