[{"mapping": [5, 8, 11, 6, 4, 12, 9, 2, 1, 0, 3, 13], "R": [[0.7628386407240062, 0.6230322547993692, 0.1729393468761951], [0.2709319589742963, -0.5508489560495327, 0.7894056632844046], [0.5870886490341143, -0.5553343471268046, -0.589008218174029]], "T": [-0.012200841023556605, -0.027548169676331696, -0.1530168320436364], "aligned_model": [[-0.03176994451199959, -0.2289208528243643, -0.5867817243093509, 0.4461696332256106, 0.2617421712431962, -0.38305770885471424, -0.28030130778085377, 0.5909892098136086, 0.07944701730142732, 0.25676330096006894, 0.4961306645005514, -0.11236938922320579], [0.7058330981999582, 0.3286992857538189, 0.32806655296752474, 0.3713863083240341, -0.13237763694981927, -0.3227844639549343, -0.6738906508731851, -0.4248049047464052, -0.047752920849121555, -0.6832341004414199, 0.08972829832491308, -0.05913212463892154], [-0.3378687364385381, 0.5078154603023876, 0.0215019877000526, 0.3109810933685607, 0.7565821100360338, -0.485312667251825, 0.06402396709109123, 0.110814732448233, -0.7224345622887185, -0.4582162506282055, -0.18535282348474164, -0.02848339076823085]], "inverted": true, "swapped": false, "error_lsq": 0.04947893403276083, "error_max": 0.27899418585923896, "target": "1139.xyz", "model": "0.xyz", "model_rescale": 3.8414455957264533, "target_rescale": 3.7076156101033417},
{"mapping": [7, 9, 13, 2, 10, 11, 12, 5, 0, 1, 4, 14], "R": [[0.09573123281829632, 0.943346845835805, 0.31769837820600755], [0.04037655660712147, 0.3152215121020476, -0.9481588115841411], [-0.9945879874297906, 0.10359597849210611, -0.007912553356662327]], "T": [0.07006480346397037, -0.0016380485414152143, 0.05867508803483606], "aligned_model": [[0.08699668665799934, -0.218956100516, -0.6559743538717507, 0.6564836483810561, 0.14577515000126673, -0.4511304761150101, -0.42032893117409487, 0.6106352335369267, -0.04576668767951041, 0.22920237765715257, 0.4843040657962363, 0.08680045686570258], [0.5936546820104103, 0.5692273753937958, 0.15539102221018405, 0.39919979133264466, -0.533253917135213, -0.5228678951011444, -0.567840587658108, -0.2255204476055173, 0.1835784212182539, -0.6130673923190433, 0.1263395396828591, -0.08510385091268], [-0.1827682353741518, 0.29550681059605427, -0.09316697989581049, 0.25879178416396764, 0.48297900281391815, -0.3690401557078711, 0.2043398181262817, 0.3619621904683795, -0.6325522945943609, -0.5323640656735374, -0.2697222403692011, 0.030085285532431096]], "inverted": true, "swapped": false, "error_lsq": 0.049675268588849276, "error_max": 0.3011408181714478, "target": "1139.xyz", "model": "1.xyz", "model_rescale": 4.316132596720782, "target_rescale": 3.7076156101033417},
{"mapping": [6, 3, 4, 7, 5, 2, 0, 9, 8, 1, 10, 11], "R": [[0.5730915166198087, 0.5423103820255896, 0.6143822614021883], [-0.3158182755108886, 0.8379586571547657, -0.44506640600331837], [-0.7561910674107017, 0.06103063531245022, 0.6514985273364959]], "T": [0.08916421813155863, -0.07525877859369232, -0.03267125919394209], "aligned_model": [[-0.2239056368709742, -2.608989653142546e-05, -0.6515823485183933, 0.6784991308312063, 0.006766866592261403, -0.4803308012994054, -0.314397215111368, 0.6331650150348582, 0.11317461679227327, 0.2384207703663852, 0.5165091081453641, -0.008252346525702073], [0.6203647349894478, 0.4389536440719287, 0.10271385622651691, 0.29630546018053006, -0.21887117461276356, -0.38342956783684123, -0.6227391115556538, -0.4966670545887798, -0.009728217338037776, -0.5042897201226737, 0.2521213766197947, 0.005002515082973363], [-0.3395770366541425, 0.36563475653933625, 0.08543884362628257, 0.5286535103621396, 0.5905029043317688, -0.5631725214408688, 0.17059583899270486, 0.2437879658708687, -0.7956688752521865, -0.3297439712200312, -0.3604430968200125, -0.041957398249759685]], "inverted": false, "swapped": false, "error_lsq": 0.054709631519769146, "error_max": 0.29213574121100744, "target": "1139.xyz", "model": "2.xyz", "model_rescale": 3.795458400668931, "target_rescale": 3.7076156101033417},
{"mapping": [3, 6, 2, 8, 1, 10, 0, 7, 5, 4, 9, 11], "R": [[0.9890279006235617, -0.13983481720710955, 0.04764489148696387], [-0.07131280291842598, -0.1694693124849932, 0.9829520009979033], [-0.12937656637918646, -0.9755646447173648, -0.1775818911077759]], "T": [-0.008297992414093139, -0.09503726124389247, -0.013600240560821694], "aligned_model": [[0.22862527455169301, -0.14847967631747444, -0.737946244084208, 0.39247591728262277, -0.10010595224017127, -0.5288944625044039, -0.13272236856148872, 0.6548299138356651, 0.04123356903623332, 0.07319158269109043, 0.731043160346142, 0.034790355504273625], [0.6375264541985312, 0.44957144996333365, 0.0530228485040416, 0.4474072536909305, -0.12067409639657802, -0.304701680459575, -0.8258666529813847, -0.4193839505821447, 0.1544711259682451, -0.5637783197348516, 0.19621693246320196, -0.22407462351730764], [-0.2240468939516988, 0.16260062151459698, 0.16920277952132246, 0.380984552043846, 0.6086399808614026, -0.48691924719865115, 0.23662949182260123, 0.18226425771311017, -0.6686703167208572, -0.4432466097501219, -0.3644567600819361, 0.0010690643124852232]], "inverted": false, "swapped": false, "error_lsq": 0.05454939771551717, "error_max": 0.2970009220785177, "target": "1139.xyz", "model": "3.xyz", "model_rescale": 3.7530521520055578, "target_rescale": 3.7076156101033417},
{"mapping": [2, 6, 4, 7, 1, 9, 0, 5, 8, 10, 11], "R": [[0.8048911487072283, 0.1959727866408814, 0.5601293650836083], [0.532865527762914, -0.654084155902227, -0.5368689284356309], [0.2611600429903278, 0.7305946782545565, -0.6308936899759034]], "T": [-0.003857789087676526, -0.14348018402948334, 0.02343549020521539], "aligned_model": [[-0.5489884800350845, -0.2315537357356793, 0.41719859803809756, 0.6157665873761019, 0.18674998378189844, -0.21827527545902678, -0.016900420618136562, -0.7190889076516225, -0.39775376305741383, 0.2919853932588475, -0.040940377452777], [-0.5985212039226996, -0.017213814182393233, -0.23998507453117576, 0.3452499800670831, -0.687098001899608, 0.6575716955419998, -0.37482160403095527, 0.13696051306204896, 0.06112944583469282, 0.18704674645199768, -0.0031153240766443324], [0.0013867892825543127, -0.701368888755093, -0.5859061647222532, -0.25284280721540014, 0.0889513509774764, -0.11317866365129649, 0.7311112608916768, 0.00888613466104081, 0.5648976730690372, 0.43940957484692755, -0.08851548213935372]], "inverted": false, "swapped": true, "error_lsq": 0.046448179759768254, "error_max": 0.25992877037543805, "target": "1139.xyz", "model": "4.xyz", "model_rescale": 3.7855080009869324, "target_rescale": 3.7076156101033417},
{"mapping": [13, 8, 6, 15, 10, 1, 5, 9, 12, 2, 14, 16], "R": [[-0.9599790501161031, 0.22385829938285434, 0.16830830382248083], [-0.23406844893115014, -0.31127598254222183, -0.9210424658545012], [-0.1537926674232218, -0.9235771351055583, 0.35121658696174857]], "T": [-0.08485914932559249, -0.09204856708069904, -0.04408402697476411], "aligned_model": [[-0.0651811797285999, -0.06762744321033844, -0.6401378848062367, 0.5124244740647699, 0.09978323674449385, -0.40319110123681023, -0.3306582305815562, 0.5521538387991335, 0.0292092262861426, 0.3381765954789575, 0.5169503585481883, -0.03386082081817018], [0.6146881935120289, 0.43157922301545554, 0.249287900284753, 0.34937595498224366, -0.19420432244747676, -0.38731536944944683, -0.7423530827143539, -0.3454377692946796, 0.1507588797417878, -0.5677805869782075, 0.018151207743631895, -0.09701348727929389], [-0.20220919136941518, 0.4258381790412904, -0.008984026455492435, 0.3132880077971777, 0.6533653726135304, -0.6642341884684936, 0.3703916577396773, 0.14806795560884697, -0.6694624823623783, -0.4189246483601572, -0.3328377704903308, -0.06024794520815596]], "inverted": true, "swapped": false, "error_lsq": 0.03775000343604243, "error_max": 0.18296105155180648, "target": "1139.xyz", "model": "5.xyz", "model_rescale": 4.2253639853439635, "target_rescale": 3.7076156101033417},
{"mapping": [0, 4, 3, 1, 10, 6, 5, 8, 7, 11, 9, 13], "R": [[0.12486228983996095, 0.927068024358506, -0.3534887364371576], [0.45611143030414614, -0.37003244323446277, -0.8093443977070827], [-0.8811196126076344, -0.06017365840590688, -0.4690494207567274]], "T": [0.0623151499857677, -0.06871132589060566, -0.03893924714334718], "aligned_model": [[0.1805287837022915, -0.25785984393352335, -0.5636089502088671, 0.40829272516244597, 0.10408769137016272, -0.4353401324134938, -0.06955922934210834, 0.6686864717643172, -0.28082323904967577, 0.12772929857639578, 0.6196008243634226, 0.006306669548606647], [0.6522793987746296, 0.4024009676590855, 0.22186997235921216, 0.37122435525379927, -0.3064257067515209, -0.3352750217967104, -0.6450791065972359, -0.41977606561023684, 0.18866086393788753, -0.7165805799004612, 0.11308240487726334, -0.046644741089270136], [-0.36948510035713955, 0.38112323909132895, -0.20261882009406446, 0.43588903327931355, 0.7028554699498253, -0.34716154362447166, 0.18722572779947247, 0.19543704058391737, -0.7063273035992284, -0.4650146016125595, -0.2091748018090077, -0.04869741952128704]], "inverted": false, "swapped": false, "error_lsq": 0.04507547754437427, "error_max": 0.24755300755173834, "target": "1139.xyz", "model": "6.xyz", "model_rescale": 3.89814844738969, "target_rescale": 3.7076156101033417},
{"mapping": [9, 8, 6, 11, 7, 1, 0, 4, 5, 2, 10, 12], "R": [[0.6799078248840651, 0.44370780766585727, 0.5838225167615397], [-0.7213211379021095, 0.2613790720480122, 0.6413866203086298], [0.13198926349148943, -0.8572073040470893, 0.4977694970679657]], "T": [0.020065841178272266, -0.09555250657049527, 0.09740535301543163], "aligned_model": [[0.04709913391175483, -0.14199247193118159, -0.5884500299166175, 0.5605735354936514, 0.051907100740286975, -0.3916029524047482, -0.3577791868220539, 0.5669084785447739, -0.2258671000364912, 0.30720069820583384, 0.5220819466121026, 0.15796191714266328], [0.6783556401406109, 0.46920508603648525, 0.16713756948885186, 0.40637835964068525, -0.3200484621941291, -0.4882848172458495, -0.5518114249428457, -0.4240783062066983, 0.11668265756057838, -0.5266296293006734, 0.06228482526435372, -0.10945475712492767], [-0.34788248712034064, 0.4327749059859123, -0.03704987965827386, 0.4309577584233026, 0.713735118355458, -0.5279639367448973, 0.10585056997146253, 0.18976182174240375, -0.607612254960809, -0.3855790490716329, -0.4144255464195591, 0.0014838995830729756]], "inverted": false, "swapped": false, "error_lsq": 0.040726605421636065, "error_max": 0.19528039013365428, "target": "1139.xyz", "model": "7.xyz", "model_rescale": 3.7474275329858107, "target_rescale": 3.7076156101033417},
{"mapping": [2, 4, 13, 8, 9, 12, 11, 5, 1, 10, 3, 14], "R": [[-0.5956862987022852, -0.7749483538751971, -0.2112176184992482], [0.7339223866829971, -0.4182901532523227, -0.5351553774537647], [0.3263675288136136, -0.4738020647045245, 0.8179216586066325]], "T": [0.07949944510836432, -0.14063938080947758, -0.12679936409235668], "aligned_model": [[0.1530724176028592, -0.19938355741931996, -0.7593537938772816, 0.3136667323371636, 0.1475465632502897, -0.46540509861132523, -0.21856111192380911, 0.6804212167131976, -0.030684229862876833, 0.10188730654995926, 0.7381272963192302, 0.046707328461887264], [0.6870449785846781, 0.48229398962301806, 0.12310068002933522, 0.2902772924208259, -0.38228464215175084, -0.3395502196434609, -0.5952447984120435, -0.2356567415581552, 0.2543764000234708, -0.8400489354697984, 0.12627415446711732, -0.09084541679679453], [-0.26139176648735185, 0.25582856581903946, 0.0599578377623462, 0.3472120473531455, 0.5924485747102525, -0.3369329768899134, 0.17481922654478235, 0.25120353217902336, -0.756580207491567, -0.41935434729754106, -0.22219881524444418, -0.13096075087167233]], "inverted": false, "swapped": false, "error_lsq": 0.047908821889353116, "error_max": 0.22227990709455242, "target": "1139.xyz", "model": "8.xyz", "model_rescale": 4.019505241142653, "target_rescale": 3.7076156101033417},
{"mapping": [3, 2, 6, 0, 1, 11, 9, 7, 5, 8, 4, 12], "R": [[0.15300607726264187, 0.9878992270887115, -0.025382226817701553], [-0.27679848368577353, 0.0674988835424814, 0.9585543803821331], [0.9486684034740249, -0.13963888368948427, 0.2837767474829459]], "T": [-0.09134100559814715, -0.06433216922930618, 0.04422478822957256], "aligned_model": [[0.21304288612535607, -0.15245691908901576, -0.7755564721343347, 0.4741620786967281, -0.10429581534297389, -0.3530088161692434, -0.10497106124628264, 0.750170415147338, -0.17261576326540884, 0.21416698515349983, 0.616049655633004, -0.09664610396869268], [0.683656314757068, 0.4951959996977231, 0.1594993341902727, 0.15100442528085445, -0.18618343164489753, -0.4180586040379709, -0.7425993289624286, -0.39365976224738175, 0.22468385682351444, -0.5610035437430367, 0.13000061901255167, -0.06279913800982674], [-0.24958549413778644, 0.22633803736867436, -0.05482313651645943, 0.2818852409532845, 0.708521216733263, -0.39584008224007744, 0.1285334060633053, 0.0988677686344881, -0.5560991823002746, -0.29653809811756915, -0.3423342513235351, 0.005125494968785879]], "inverted": true, "swapped": false, "error_lsq": 0.05510195336421835, "error_max": 0.2662947362780737, "target": "1139.xyz", "model": "9.xyz", "model_rescale": 3.877068213659057, "target_rescale": 3.7076156101033417},
{"mapping": [0, 5, 12, 1, 4, 10, 13, 7, 11, 9, 8, 15], "R": [[-0.8957195889143414, -0.07060423279037, -0.4389777447060459], [0.44344321589650737, -0.07009401851036245, -0.8935574647690168], [0.032319225091061776, -0.9950386278336898, 0.09409355348992343]], "T": [-0.07345838011350464, -0.20362114849099475, 0.010064253450659914], "aligned_model": [[0.048866707897710526, -0.13277634262450713, -0.5511770692338195, 0.43876716307525926, 0.185208570054053, -0.4182807532942693, -0.3650125651956441, 0.6931657380074041, -0.11039374524925413, 0.2171694856887455, 0.5669813725343469, -0.06447749212005108], [0.5465724292576508, 0.44962288688951213, 0.3567858856717391, 0.40727310235470315, -0.2865343117512454, -0.3743884138431793, -0.8673154713043467, -0.1916765771852991, 0.15618005917193986, -0.5576811761042832, -0.040769169440637715, -0.11833250260011169], [-0.2266047229309635, 0.4352101717021044, -0.11612618136762012, 0.3526132534376455, 0.6299896489573806, -0.585877733237642, 0.27866153376095454, 0.29012024454613766, -0.6332351683043164, -0.4651433268396377, -0.3882309787023734, -0.017325820935570252]], "inverted": false, "swapped": false, "error_lsq": 0.04313886085791918, "error_max": 0.2374145427635689, "target": "1139.xyz", "model": "10.xyz", "model_rescale": 4.260839863003843, "target_rescale": 3.7076156101033417},
{"mapping": [6, 10, 5, 10, 9, 3, 2, 8, 0, 1, 7, 11], "R": [[0.8649588903370359, -0.19738383400300458, 0.46139542704842446], [0.2959317242788005, 0.9431515447989814, -0.1512930206872447], [-0.405303013302763, 0.26740378759017114, 0.8741994519502578]], "T": [0.01062690576277233, -0.10292627549936573, 0.007375326246764284], "aligned_model": [[-0.09598422571814139, 0.18824681615533548, -0.5665605856351833, 0.18824681615533548, 0.1076724708869552, -0.5128456568079158, -0.1885025082125695, 0.5735629680125034, 0.05241525182026587, 0.18404122651531588, 0.5339902001187474, 0.0437582962493255], [0.6546232284011874, 0.3757839923528907, 0.24614775586199034, 0.3757839923528907, -0.22077676689514497, -0.36990093395419493, -0.7490854665746169, -0.4340372343010881, 0.1931141031854009, -0.6119146272546894, 0.1328526850710144, -0.11285398712919806], [-0.33614781771680186, 0.37154759170249535, -0.032784637034637694, 0.37154759170249535, 0.7899522752586251, -0.39078805653895965, 0.1221921474023038, 0.3058412871852171, -0.8176386722871921, -0.4764830975474531, -0.30901805730519544, -0.04416963473479737]], "inverted": false, "swapped": false, "error_lsq": 0.052078112998938775, "error_max": 0.31451568251691464, "target": "1139.xyz", "model": "11.xyz", "model_rescale": 3.890672605050136, "target_rescale": 3.7076156101033417},
{"mapping": [1, 8, 3, 6, 5, 4, 7, 9, 2, 10, 11, 13], "R": [[-0.827647922383447, 0.5388716323036534, -0.1568957630809692], [0.028182717196140794, -0.23929260274570363, -0.9705383994065506], [-0.5605396070090015, -0.8076858387823714, 0.18286315868597253]], "T": [0.10754321438743766, 0.034202358979210055, -0.013440131006479745], "aligned_model": [[0.09142573164368063, -0.23847183208762393, -0.8077569744586606, 0.431224634305746, 0.15958036217912697, -0.3656714603041552, -0.4376643069207936, 0.740515561661561, 0.13776456987930827, 0.2714151145242024, 0.5317852243829743, -0.006105555265391915], [0.7265069343415547, 0.3018312119919933, 0.1255783876693887, 0.4555151534625305, -0.42588190324455155, -0.14880955574052446, -0.5105321056743478, -0.2842129136973417, -0.05047715402870596, -0.6290378002410422, 0.009151406333299562, -0.08989492005581104], [-0.36805667330619635, 0.559132511097608, 0.06986137967095911, 0.209683627356184, 0.6115292992369381, -0.4967946122645807, 0.35122038509574005, 0.3087060124346688, -0.7187628822457008, -0.5903274648816675, -0.36294453816285804, -0.019196123944995015]], "inverted": false, "swapped": false, "error_lsq": 0.05410846214920226, "error_max": 0.3149452582211652, "target": "1139.xyz", "model": "12.xyz", "model_rescale": 4.124412569039231, "target_rescale": 3.7076156101033417},
{"mapping": [1, 4, 0, 2, 10, 3, 7, 11, 6, 9, 8, 12], "R": [[0.368288844749148, 0.8451932464510823, -0.3873134428170777], [0.07374393978400529, 0.38872602864868144, 0.9183974662400574], [0.9267821524924134, -0.3667975610667337, 0.08083558014281057]], "T": [-0.14004574242955606, -0.10267816461554771, -0.057291249060581854], "aligned_model": [[0.06351819745645212, -0.2443591569803227, -0.6434697426148858, 0.4644065984134743, 0.21788649572915017, -0.5499814084904385, -0.2546872791112471, 0.7921710658496262, 0.07334349923388975, 0.12088680868791649, 0.5386872553071511, -0.07036126394079203], [0.6382505173917765, 0.416076992212822, 0.18504379216545383, 0.376802142195505, -0.30218215013873123, -0.2461295128556025, -0.6663974286146114, -0.25545678749563594, 0.021945469204018936, -0.5966794728828462, 0.000927106509412301, -0.09246392657511882], [-0.3264579436305223, 0.5243341067813554, -0.08069520209287676, 0.3262860139239183, 0.55646142502286, -0.623089654983803, 0.19201896729578494, 0.2560510176209693, -0.6790201258388648, -0.3679650059148054, -0.2658184330844132, 0.04194575498649678]], "inverted": false, "swapped": false, "error_lsq": 0.041765710007037056, "error_max": 0.21465978900761615, "target": "1139.xyz", "model": "13.xyz", "model_rescale": 3.9028299243045295, "target_rescale": 3.7076156101033417},
{"mapping": [14, 11, 9, 12, 2, 7, 3, 8, 10, 4, 13, 15], "R": [[-0.9644701728039325, 0.2194105361637824, 0.14716080453665126], [-0.2574691757966216, -0.9054658422731866, -0.33740366327459675], [0.05921916316667512, -0.3633051404767495, 0.9297862472724623]], "T": [0.06538526880500847, -0.15393510861238263, 0.0856810665009044], "aligned_model": [[-0.0459555383605707, -0.13291420607623758, -0.5896107335327906, 0.513602725570587, 0.17171149804397054, -0.5997567521720177, -0.2580780742181529, 0.7536529696949955, 0.010900191181661162, 0.15007340736687513, 0.5682892885060029, -0.033873706464348424], [0.6198403164408535, 0.5281720559625935, 0.21282827037244512, 0.32530460683536444, -0.4621011397743083, -0.2564242711785921, -0.6866503366743384, -0.37126652594613396, -0.0167094907708234, -0.6185934471573222, 0.3286901037471837, -0.12335340074047957], [-0.32895789576187423, 0.288816052742159, -0.10747772108277198, 0.3173504333775924, 0.7458917902622768, -0.52070991242626, 0.10227614858356353, 0.3605661088530449, -0.6447661308880339, -0.4004092764295955, -0.2974792173995794, 0.03895054025557782]], "inverted": true, "swapped": false, "error_lsq": 0.0428709768847516, "error_max": 0.21740470261594597, "target": "1139.xyz", "model": "14.xyz", "model_rescale": 3.942246331269136, "target_rescale": 3.7076156101033417},
{"mapping": [3, 12, 13, 1, 0, 11, 8, 2, 4, 6, 5, 14], "R": [[0.22624807897693877, 0.19497295450203395, -0.9543570368431263], [0.2695518582508324, -0.9540333355182073, -0.13100454356062063], [-0.9360307700459253, -0.22760918639798172, -0.26840353163563396]], "T": [0.09205668145139909, -0.12357182929220556, -0.19407314960717253], "aligned_model": [[0.22099368149034906, -0.2586609661955037, -0.6558908463815254, 0.3604002177481178, 0.26814374401733676, -0.4983822115754418, -0.29251664246884757, 0.7141699029858786, -0.15128350484741618, 0.013523823029985851, 0.6675355272036773, 0.12000834453336338], [0.582869329948058, 0.42134412497599816, 0.19070482086339574, 0.43809396172819026, -0.339366495821676, -0.41724829847665723, -0.652940022960527, -0.30775136938068054, 0.21076746397869323, -0.6610125965737068, 0.13039824360411834, -0.11612242076876393], [-0.22346820111035606, 0.3040633704109285, -0.14178042276197514, 0.32473772297148, 0.48647331549465384, -0.4755817102321423, 0.21910187426172345, 0.20804742341076643, -0.6096050588870476, -0.3274125704490762, -0.10979469237298034, -0.10073013064987536]], "inverted": false, "swapped": false, "error_lsq": 0.04760505838031334, "error_max": 0.24642307321634624, "target": "1139.xyz", "model": "15.xyz", "model_rescale": 4.355366556412066, "target_rescale": 3.7076156101033417},
{"mapping": [6, 3, 4, 7, 5, 2, 0, 9, 8, 1, 10, 11], "R": [[0.5730915166198087, 0.5423103820255896, 0.6143822614021883], [-0.3158182755108886, 0.8379586571547657, -0.44506640600331837], [-0.7561910674107017, 0.06103063531245022, 0.6514985273364959]], "T": [0.08916421813155863, -0.07525877859369232, -0.03267125919394209], "aligned_model": [[-0.2239056368709742, -2.608989653142546e-05, -0.6515823485183933, 0.6784991308312063, 0.006766866592261403, -0.4803308012994054, -0.314397215111368, 0.6331650150348582, 0.11317461679227327, 0.2384207703663852, 0.5165091081453641, -0.008252346525702073], [0.6203647349894478, 0.4389536440719287, 0.10271385622651691, 0.29630546018053006, -0.21887117461276356, -0.38342956783684123, -0.6227391115556538, -0.4966670545887798, -0.009728217338037776, -0.5042897201226737, 0.2521213766197947, 0.005002515082973363], [-0.3395770366541425, 0.36563475653933625, 0.08543884362628257, 0.5286535103621396, 0.5905029043317688, -0.5631725214408688, 0.17059583899270486, 0.2437879658708687, -0.7956688752521865, -0.3297439712200312, -0.3604430968200125, -0.041957398249759685]], "inverted": false, "swapped": false, "error_lsq": 0.054709631519769146, "error_max": 0.29213574121100744, "target": "1139.xyz", "model": "16.xyz", "model_rescale": 3.795458400668931, "target_rescale": 3.7076156101033417},
{"mapping": [9, 8, 6, 11, 7, 1, 0, 4, 5, 2, 10, 12], "R": [[0.6799078248840651, 0.44370780766585727, 0.5838225167615397], [-0.7213211379021095, 0.2613790720480122, 0.6413866203086298], [0.13198926349148943, -0.8572073040470893, 0.4977694970679657]], "T": [0.020065841178272266, -0.09555250657049527, 0.09740535301543163], "aligned_model": [[0.04709913391175483, -0.14199247193118159, -0.5884500299166175, 0.5605735354936514, 0.051907100740286975, -0.3916029524047482, -0.3577791868220539, 0.5669084785447739, -0.2258671000364912, 0.30720069820583384, 0.5220819466121026, 0.15796191714266328], [0.6783556401406109, 0.46920508603648525, 0.16713756948885186, 0.40637835964068525, -0.3200484621941291, -0.4882848172458495, -0.5518114249428457, -0.4240783062066983, 0.11668265756057838, -0.5266296293006734, 0.06228482526435372, -0.10945475712492767], [-0.34788248712034064, 0.4327749059859123, -0.03704987965827386, 0.4309577584233026, 0.713735118355458, -0.5279639367448973, 0.10585056997146253, 0.18976182174240375, -0.607612254960809, -0.3855790490716329, -0.4144255464195591, 0.0014838995830729756]], "inverted": false, "swapped": false, "error_lsq": 0.040726605421636065, "error_max": 0.19528039013365428, "target": "1139.xyz", "model": "17.xyz", "model_rescale": 3.7474275329858107, "target_rescale": 3.7076156101033417},
{"mapping": [5, 10, 8, 12, 11, 0, 1, 7, 4, 2, 9, 13], "R": [[-0.2937625182574734, -0.6529539385826235, -0.6981079694119438], [0.588503303554772, 0.45196125331269094, -0.6703692170805144], [0.7532379734002713, -0.6077681956087053, 0.2514962739970336]], "T": [0.021737677423184304, -0.0800898268150109, -0.0010908983345649242], "aligned_model": [[0.08442769992360091, -0.193982556517961, -0.6116777207916227, 0.5892871789884957, 0.06079252974267055, -0.46757902661209794, -0.18359879413738464, 0.6300896514958225, -0.16906748368048866, 0.21386936896821343, 0.5412498993259431, 0.014230322834782762], [0.6340884031850852, 0.4289325875204729, 0.22429047408891808, 0.3402519306136641, -0.19070985424210352, -0.47545672852903054, -0.7041152076673454, -0.3911650578154032, 0.3068093899157933, -0.6528012733706694, 0.10809829815308472, -0.1484862207360236], [-0.09721245441394284, 0.4121890707371399, -0.1527220855775298, 0.24474907715404326, 0.7116324630395287, -0.5519053561712978, 0.21558322173710237, 0.31602005754093615, -0.7104062080593004, -0.37381027789223353, -0.37847193491526837, -0.08159465309307788]], "inverted": true, "swapped": false, "error_lsq": 0.03978093248326423, "error_max": 0.2368772660259882, "target": "1139.xyz", "model": "18.xyz", "model_rescale": 3.922800546911778, "target_rescale": 3.7076156101033417},
{"mapping": [9, 11, 10, 7, 13, 1, 8, 12, 2, 5, 3, 14], "R": [[0.25783743284419663, -0.8932566963018097, -0.3682557979669717], [-0.9587511756940906, -0.283739514378276, 0.0169726569982194], [-0.11964966079982634, 0.34868949294803364, -0.929569575759733]], "T": [-0.051380405835131156, -0.1612403882767378, -0.04526557077783828], "aligned_model": [[0.03572419655017798, -0.14578269111359907, -0.6413775594655303, 0.49608665152001385, 0.047794785258682436, -0.40210511238637003, -0.1986725959708313, 0.6605194574420631, -0.19934944666819848, 0.3416107674807534, 0.5012693990436959, 0.01232321784911642], [0.6208648950862571, 0.36634368452493926, 0.38870311942808766, 0.33239367242388895, -0.1785149135953982, -0.4481482992232446, -0.7092899783561158, -0.38585230411307736, 0.29841785964629347, -0.7535172862458106, 0.041224180552911466, -0.09288788901228837], [-0.2537536996820288, 0.4237620056278592, -0.0533984856701629, 0.26265691019060916, 0.6342045308945649, -0.6306364402159275, 0.18350792322982257, 0.2024482086062617, -0.5743670930389799, -0.3232938679233845, -0.2957361980400462, -0.021342873892488214]], "inverted": true, "swapped": false, "error_lsq": 0.04183347902461865, "error_max": 0.21890693950580067, "target": "1139.xyz", "model": "19.xyz", "model_rescale": 3.9282355846067225, "target_rescale": 3.7076156101033417},
{"mapping": [1, 2, 10, 5, 7, 11, 9, 6, 0, 4, 3, 13], "R": [[0.18833169666315117, -0.36478217762046783, 0.911847100627319], [-0.19050156059317425, 0.8972584216098838, 0.39829195354878216], [-0.9634522964026522, -0.24871929507098858, 0.09949062677381475]], "T": [0.06906758814405103, -0.2127449638070176, 0.06570078124854548], "aligned_model": [[0.09097497329372489, -0.13272788206785305, -0.7049898259311453, 0.5374352829988239, 0.032749277453666306, -0.3757822663629333, -0.38322006092547733, 0.6799769667290853, -0.07958152465649873, 0.25665845917988556, 0.5721306353794277, 0.014417034449268028], [0.48590165239551775, 0.5140350025349393, 0.1635139440696529, 0.2668360365085026, -0.17310055599594898, -0.3930852610078358, -0.7334273188827547, -0.31379528796297146, 0.09369504121674402, -0.46182692414635607, 0.11105283795631829, -0.08006242556936485], [-0.20432471467964206, 0.39704000181535126, 0.026987696249540886, 0.2614657393012655, 0.6863513090156046, -0.46622887150319736, 0.11814687595280193, 0.27408172375982204, -0.658312307570631, -0.48396792540787414, -0.3908489128933358, -0.006339693953606104]], "inverted": true, "swapped": false, "error_lsq": 0.0417475808659643, "error_max": 0.2227997132318843, "target": "1139.xyz", "model": "20.xyz", "model_rescale": 4.067790424073018, "target_rescale": 3.7076156101033417},
{"mapping": [10, 9, 1, 12, 0, 5, 8, 3, 13, 6, 11, 14], "R": [[-0.2920993368003792, 0.9334251841861222, -0.20831563303766476], [-0.7434416661945616, -0.3586320459389524, -0.5645153182965859], [-0.6016414766342436, -0.010024028768191307, 0.7987033569734272]], "T": [0.02128523511569016, -0.2106347747784688, -0.014004690708611118], "aligned_model": [[-0.02683720644239463, -0.15442995576865734, -0.6654809136190566, 0.47077460191083187, 0.07942104600809707, -0.4140356718060167, -0.4754561651326061, 0.8354652047326508, -0.09025655931802515, 0.4038061750134153, 0.5184419344337832, 0.02662857952795225], [0.5688314230586572, 0.48263122439755723, 0.23795529501632598, 0.3144907781917632, -0.4342031477792805, -0.37334507373347503, -0.4329690253317562, -0.333011265890086, 0.14135735410296998, -0.6535105554946022, 0.0949998072186026, -0.133490072640234], [-0.261801984078599, 0.290226020344422, -0.03460341669746572, 0.3164742490946661, 0.6576316987214221, -0.37799258538193836, 0.1562403063847648, 0.2001914533942957, -0.6088016933718873, -0.46687959185704975, -0.2923120254839683, -0.02432151098256326]], "inverted": true, "swapped": false, "error_lsq": 0.04236687110867446, "error_max": 0.30035358651116106, "target": "1139.xyz", "model": "21.xyz", "model_rescale": 4.186013935880536, "target_rescale": 3.7076156101033417},
{"mapping": [3, 6, 0, 4, 7, 2, 1, 10, 5, 8, 11, 12], "R": [[0.0699380081426769, -0.35154884471283376, -0.9335534718472782], [-0.3718693832044473, 0.8592003169488729, -0.3514085616346029], [0.9256467127647452, 0.3717367686092249, -0.07063949328663674]], "T": [0.07097835756157352, -0.12922569751935273, -0.04470854550344453], "aligned_model": [[0.12214605884708997, -0.09511784494367852, -0.6340741972431172, 0.5414550246335661, 0.043459907255319064, -0.37369797375573294, -0.4083505883597669, 0.665588573184848, -0.29465790420071153, 0.27218825428610877, 0.5795373795853263, 0.08956438025072316], [0.7660889893303254, 0.3295846200289899, -0.01620863205775161, 0.2852798757037953, -0.17585362449788167, -0.3938128517719024, -0.5649777877034047, -0.3528718880115565, 0.24311917265179042, -0.569025151180546, 0.01568483643825913, -0.08727081781367538], [-0.264098911274157, 0.2231682788799236, 0.06445408035448419, 0.3219697662034856, 0.6869965256825358, -0.5757036500342773, 0.2951254042933826, 0.4963279649028621, -0.6158549346687725, -0.6394850991124732, -0.390157003277138, -0.048691501863756245]], "inverted": true, "swapped": false, "error_lsq": 0.05136275241599888, "error_max": 0.2429368819161054, "target": "1139.xyz", "model": "22.xyz", "model_rescale": 4.166573947596378, "target_rescale": 3.7076156101033417},
{"mapping": [4, 3, 8, 2, 12, 7, 14, 6, 0, 5, 1, 15], "R": [[-0.1718350752777973, -0.5635017168594167, 0.8080461137835907], [0.024047493353599736, 0.8176029141755505, 0.5752800994255375], [-0.9848321811190385, 0.11828478274121898, -0.12694205451378324]], "T": [-0.07861663155413462, -0.08810859318193054, 0.1197514431001489], "aligned_model": [[-0.035387675271615016, -0.13397183867218737, -0.6693485734110469, 0.45260504469843804, 0.16737854445184244, -0.2950049312895915, -0.34814528926004645, 0.6572517080496063, 0.009390165793086408, 0.2543141970500151, 0.4767803516423946, -0.027820634240921814], [0.5716895687846606, 0.45398237148714904, 0.3590377131676062, 0.31354124045551957, -0.41016436821954516, -0.332427003285434, -0.7560713647327383, -0.27614252618921753, 0.16105934958667859, -0.5604487631948837, 0.04866635254401938, -0.0929858292873725], [-0.20064074807938959, 0.37371962828311367, -0.20455565489357969, 0.21613702816092037, 0.6346764923800676, -0.5165458662390547, 0.44710110587324364, 0.16717146812659023, -0.6528583567051336, -0.47783855711608164, -0.3056023697956557, 0.07328675009105938]], "inverted": true, "swapped": false, "error_lsq": 0.044000341278377784, "error_max": 0.24305286569059842, "target": "1139.xyz", "model": "23.xyz", "model_rescale": 4.274766983524099, "target_rescale": 3.7076156101033417},
{"mapping": [7, 10, 3, 4, 1, 2, 6, 5, 9, 8, 11], "R": [[-0.49233276988574204, 0.5678821612670836, 0.6596349707309787], [-0.3608965073086294, -0.8228178374226891, 0.43900400616791824], [0.7920619639327883, -0.02192389868785158, 0.610046873573875]], "T": [-0.1450363960210615, 0.15231550334988736, 0.06332219250301357], "aligned_model": [[0.24956420251076217, 0.2105149924139274, -0.3690775836272522, -0.3550741093203347, -0.6896900056697901, -0.5513854092266783, -0.09516756364490367, 0.19056371036964292, 0.6467234120050573, 0.1606921593317321, -0.017769101184087532], [-0.042643674300626905, 0.5812651783691363, 0.5064512401772847, -0.3428839489272492, 0.31515819012928264, 0.06881346185195927, -0.6132387610011532, -0.03995332984217137, -0.11292935581898128, 0.5751893669399262, 0.020358163666076318], [-0.6475944872280073, -0.18038063039974037, -0.5364243905545154, -0.4549061248594554, -0.05060185173692623, 0.6400576897139392, 0.13092245822517, 0.7272645737889809, 0.1586320573632435, 0.5301285553010209, 0.06246858440786746]], "inverted": true, "swapped": true, "error_lsq": 0.06037962949069447, "error_max": 0.33730346343534884, "target": "1139.xyz", "model": "24.xyz", "model_rescale": 3.7841303162186577, "target_rescale": 3.7076156101033417},
{"mapping": [1, 4, 6, 2, 12, 7, 13, 9, 0, 10, 8, 15], "R": [[-0.9372366037763034, 0.17990476707203482, -0.2987002231780517], [-0.05779783502935621, -0.9249277459892429, -0.3757234022059027], [-0.3438705553079245, -0.33487749922026133, 0.8772742454376534]], "T": [0.013081669855871364, -0.12210350846539261, -0.028339104199380273], "aligned_model": [[0.06916643182862034, -0.19539264139428902, -0.6560629845272432, 0.5016719252539021, 0.23407406764115157, -0.3152461409640964, -0.28087108440852615, 0.5350581910405626, 0.05106735398764878, 0.19831582156851382, 0.41822394785565986, -0.051963818341930285], [0.5544564945085027, 0.5187494998789198, 0.15038192585321755, 0.2670505636725701, -0.36046533106126666, -0.24530760614797065, -0.6669738797119658, -0.3338984901643216, 0.14133620719240733, -0.7128400779761346, 0.2691875488426011, -0.10194011377011751], [-0.33191356895823787, 0.2918955380602779, -0.023484020499817786, 0.3943093293665688, 0.6568746639620757, -0.5759038574995253, 0.4498952045542233, 0.129217570001371, -0.7142593279621526, -0.49947997459715965, -0.20780728156461017, -0.015293354776914014]], "inverted": false, "swapped": false, "error_lsq": 0.04015107262708113, "error_max": 0.210497652212725, "target": "1139.xyz", "model": "25.xyz", "model_rescale": 4.19342608120988, "target_rescale": 3.7076156101033417},
{"mapping": [6, 3, 4, 7, 5, 2, 0, 9, 8, 1, 10, 11], "R": [[0.5730915166198087, 0.5423103820255896, 0.6143822614021883], [-0.3158182755108886, 0.8379586571547657, -0.44506640600331837], [-0.7561910674107017, 0.06103063531245022, 0.6514985273364959]], "T": [0.08916421813155863, -0.07525877859369232, -0.03267125919394209], "aligned_model": [[-0.2239056368709742, -2.608989653142546e-05, -0.6515823485183933, 0.6784991308312063, 0.006766866592261403, -0.4803308012994054, -0.314397215111368, 0.6331650150348582, 0.11317461679227327, 0.2384207703663852, 0.5165091081453641, -0.008252346525702073], [0.6203647349894478, 0.4389536440719287, 0.10271385622651691, 0.29630546018053006, -0.21887117461276356, -0.38342956783684123, -0.6227391115556538, -0.4966670545887798, -0.009728217338037776, -0.5042897201226737, 0.2521213766197947, 0.005002515082973363], [-0.3395770366541425, 0.36563475653933625, 0.08543884362628257, 0.5286535103621396, 0.5905029043317688, -0.5631725214408688, 0.17059583899270486, 0.2437879658708687, -0.7956688752521865, -0.3297439712200312, -0.3604430968200125, -0.041957398249759685]], "inverted": false, "swapped": false, "error_lsq": 0.054709631519769146, "error_max": 0.29213574121100744, "target": "1139.xyz", "model": "26.xyz", "model_rescale": 3.795458400668931, "target_rescale": 3.7076156101033417},
{"mapping": [7, 0, 3, 6, 1, 4, 9, 8, 10, 11, 5, 12], "R": [[-0.33616732631538854, -0.14760840465349673, 0.9301630435539852], [-0.6067524335544519, -0.721422623935587, -0.3337677067207719], [0.7203075822825369, -0.6765804878575368, 0.15295695589525882]], "T": [0.0003221734040380897, -0.18216143813099608, 0.05439257115080832], "aligned_model": [[-0.050277829065719065, -0.3416579412097531, -0.6230200615095726, 0.6239461847028308, 0.1986349680674742, -0.43582033908932105, -0.3242103586666615, 0.6997715890491212, 0.027254307825948343, 0.15909257391764786, 0.5552297037002889, 0.01909827181769045], [0.5575873544017178, 0.43902049427618084, 0.1925012088067046, 0.2415703462851532, -0.23980155565918568, -0.42103695958523574, -0.4355546229356474, -0.3792579392176598, 0.015687523244035162, -0.7096638999675294, 0.24230487115225183, -0.02362007968434285], [-0.2779016694340509, 0.4885075330589851, -0.07268582201812518, 0.39014758166141156, 0.6091022455529621, -0.6176054769732398, 0.1762318900825243, 0.10611485183639835, -0.6295788296603173, -0.40179566237837755, -0.22626104629284405, 0.009775324650772854]], "inverted": false, "swapped": false, "error_lsq": 0.04823845335312771, "error_max": 0.2583298907736807, "target": "1139.xyz", "model": "27.xyz", "model_rescale": 3.6321398670334006, "target_rescale": 3.7076156101033417},
{"mapping": [10, 12, 7, 9, 6, 3, 4, 13, 0, 1, 11, 14], "R": [[-0.2515270605938757, -0.1841079471355319, -0.9501780894077412], [-0.021552311130969018, 0.9825628086719893, -0.184677624252441], [0.9676102705500387, -0.025972886172931392, -0.25110908687247707]], "T": [0.019021697265091085, 0.0030468878994936097, -0.12801812093638987], "aligned_model": [[0.26864981601224075, -0.3602835364114457, -0.7259640476933472, 0.4367038457333917, 0.14914107016120812, -0.4799778185089742, -0.2784576845594758, 0.6949439000854877, 0.07888880589960232, 0.042901532706113764, 0.624502707375151, 0.05699247874002149], [0.6977380723937319, 0.33228539465018186, -0.06326681653335972, 0.3551032438189603, -0.22972433113885285, -0.19476387310471263, -0.6714919057260091, -0.30845835697152385, 0.16576605972850386, -0.6505498049310485, 0.09527584850280249, -0.048176789572231433], [-0.3724799656348164, 0.5286699909082776, 0.07566328817344922, 0.25691058197862965, 0.6019092353979852, -0.5563059517820004, 0.2500965252260618, 0.20749788474190856, -0.7274762884867796, -0.26769028253845073, -0.32144097801602245, -0.1213031198821436]], "inverted": false, "swapped": false, "error_lsq": 0.05407166436907268, "error_max": 0.31510962197035736, "target": "1139.xyz", "model": "28.xyz", "model_rescale": 4.156811204709835, "target_rescale": 3.7076156101033417},
{"mapping": [0, 10, 1, 4, 9, 8, 2, 5, 6, 11], "R": [[0.414949141525794, -0.4294899542819102, 0.8020945013637293], [-0.9052704613096123, -0.1066037064450894, 0.4112432876685664], [-0.0911186140549157, -0.8967575084397633, -0.4330396855134867]], "T": [-0.045146366173295704, -0.030800307244082867, -0.1234152081669942], "aligned_model": [[-0.5742625396477169, -0.11066392127199762, 0.002673161183260414, 0.6758379986456008, -0.040643558439543925, -0.6911297171763918, -0.44305592438914526, -0.5147836163672161, 0.3203523641415004, 0.018601127432237977], [-0.2835198372422024, -0.6324354515186671, 0.17699979977267696, 0.16133647053670472, -0.34851561265489883, -0.2665704146867728, 0.5531172834087917, 0.17124226511326388, 0.42329408681729963, -0.03622825891999175], [-0.5823954619770353, -0.18298267038864321, -0.662559336693054, -0.15753165245135953, 0.6546330607025983, 0.00818418802330409, -0.19706421370843674, 0.45019953491383696, 0.3799127042863371, 0.048390574267551695]], "inverted": false, "swapped": true, "error_lsq": 0.051629673051513926, "error_max": 0.2317817500844182, "target": "1139.xyz", "model": "29.xyz", "model_rescale": 4.117894457231895, "target_rescale": 3.7076156101033417},
