[{"mapping": [10, 12, 8, 11, 7, 2, 5, 1, 6, 9, 0, 13], "R": [[0.6560585408557781, -0.3147610417962624, 0.6859392666537754], [-0.754382776309073, -0.30026000531767083, 0.5837384311614642], [0.022222011124163443, -0.9004273517469157, -0.43443844955025995]], "T": [-0.04194304825432747, -0.11401947763261286, 0.16237071276498188], "aligned_model": [[0.5558638316213973, 0.4302750483843402, -0.37131513825359763, -0.14354517974498188, 0.1850276231932042, 0.016372574525566688, -0.6594689465605643, 0.02612028307263066, -0.6642784069353392, 0.6145513570316433, 0.4771576886687492, 0.009199743078085632], [-0.5815409014764585, -0.44085367746169113, 0.002025845975935636, -0.5359659244610857, 0.18951936121634846, 0.6161847227818306, -0.5509225531940652, -0.39788602490666247, 0.30862288445510144, 0.11580520251547824, 0.15129033287728136, -0.08976037767817019], [-0.5005618458425278, 0.23523553968885363, -0.5366476280679322, -0.3841638641180029, -0.4916499062435857, 0.3961641242345956, 0.17573962923628156, 0.6601972685957835, 0.02592138410431344, -0.06771380211438546, 0.6678977288123435, 0.00961020340628399]], "inverted": false, "swapped": false, "error_lsq": 0.05976954760263841, "error_max": 0.4036586168232961, "target": "114.xyz", "model": "0.xyz", "model_rescale": 3.8414455957264533, "target_rescale": 3.8747236061175343},
{"mapping": [6, 9, 3, 5, 10, 11, 4, 7, 0, 8, 13, 14], "R": [[0.8569724630351937, 0.45834515227130196, 0.23562240765426049], [-0.28586750197209837, 0.8031789883431032, -0.5226693830715377], [-0.4288099449821866, 0.3805564794791261, 0.8193282596193224]], "T": [0.020050395331203227, -0.1204413602927659, 0.010707661079005582], "aligned_model": [[0.44534181608855383, 0.4067229397809885, -0.5640797252241159, -0.0637510010930236, 0.29416486386222607, -0.04097123879088663, -0.4833009254156697, -0.15831664881771884, -0.4611075575211548, 0.7854793816813517, 0.3323535983663736, -0.016575024835789768], [-0.6407803812296265, -0.46622818880943623, -0.026258562556328177, -0.37313480235089996, 0.0710535310675021, 0.716869308725475, -0.32647303852744547, -0.479116048938233, 0.06527708692378638, 0.07313395273630958, 0.2299030161208908, -0.057726982518152156], [-0.38728942999617566, 0.4539068178771125, -0.5024185270176668, -0.5921572784229161, -0.5864290612344559, 0.15717474218349617, 0.008334832730633662, 0.5131941458940454, 0.5201318971314018, 0.0415210111281425, 0.6061675908212418, -0.04210790940283924]], "inverted": false, "swapped": false, "error_lsq": 0.04456183695187027, "error_max": 0.2549700476845249, "target": "114.xyz", "model": "1.xyz", "model_rescale": 4.316132596720782, "target_rescale": 3.8747236061175343},
{"mapping": [7, 5, 6, 3, 10, 8, 4, 0, 2, 9, 1, 11], "R": [[-0.37343971622319794, -0.23279884092107728, -0.8979685284089529], [-0.919423691061642, -0.035777496934680464, 0.39163764761278413], [-0.12329985669790428, 0.9718665908337893, -0.20068003129206552]], "T": [0.09314408073825722, -0.08832041628676822, 0.030213232648419977], "aligned_model": [[0.6768217773979255, 0.26341391338483516, -0.5076939489619046, -0.026053583434496888, 0.26488082412865815, -0.14832356610530903, -0.5875498332096217, -0.025840532553159157, -0.4835166461807845, 0.8018770188058868, 0.27052069882239116, -0.022575644013286503], [-0.47241025385349045, -0.6920574438041396, 0.047106913289390775, -0.5375373223751077, 0.3249389600769593, 0.6368738870333573, -0.44208376502006286, -0.3573027652376302, 0.2671495063852506, -0.1478876993986183, 0.2759336476480811, -0.11620477410014735], [-0.5285858930486321, 0.17944348297318968, -0.5145335557490959, -0.43348181474726943, -0.41358737281129765, -0.022915985045426093, 0.10661362364261678, 0.6762822818523065, 0.5219742943946233, 0.24021529576378714, 0.3913970856496157, -0.012792611182396912]], "inverted": true, "swapped": false, "error_lsq": 0.05721609466438132, "error_max": 0.3107637882141245, "target": "114.xyz", "model": "2.xyz", "model_rescale": 3.795458400668931, "target_rescale": 3.8747236061175343},
{"mapping": [2, 6, 4, 10, 0, 7, 5, 3, 9, 1, 8, 11], "R": [[-0.5309582639577832, -0.8432226257470298, -0.08401741107188286], [0.7102644942161366, -0.38876528917674896, -0.5868440152095055], [0.46217709829764664, -0.3712642635099741, 0.8053292348161489]], "T": [0.07676426994975233, -0.09977819428767477, -0.05058561638895051], "aligned_model": [[0.5570112372823948, 0.3475584584805003, -0.3921260496177629, -0.15867556529914373, 0.28294424484975034, -0.05027515572420932, -0.5127529712042949, -0.1394549475802875, -0.5166324436219867, 0.6758946851204783, 0.32279868476709356, 0.059670300628602305], [-0.6431682494290059, -0.4388109296984735, 0.054621641977614196, -0.5468241483452096, 0.3179574446829062, 0.6424118771972117, -0.46031838947876236, -0.42091176641258155, 0.13814736682022788, 0.09136432596682047, 0.04220937516519095, 0.009840342197903959], [-0.299212665915504, 0.34819202641308633, -0.45955663260002866, -0.5832475488929768, -0.679230745265185, 0.07715309634004544, 0.07710465568734151, 0.6474061488640241, 0.5374844563923654, -0.02272660478112966, 0.677335762523423, -0.13067311707344093]], "inverted": false, "swapped": false, "error_lsq": 0.05025110092401026, "error_max": 0.3279168944647335, "target": "114.xyz", "model": "3.xyz", "model_rescale": 3.7530521520055578, "target_rescale": 3.8747236061175343},
{"mapping": [10, 5, 8, 2, 7, 4, 1, 9, 0, 3, 11], "R": [[-0.9343871440868448, -0.33419204894488236, -0.12343556775602288], [0.06032847292989062, 0.19304592859179753, -0.9793333165006072], [0.35111414144004194, -0.9225231400220552, -0.16021833791632661]], "T": [0.0002467675063425809, -0.03407082438730158, -0.07925310154660618], "aligned_model": [[-0.5652014696511102, -0.22104392385339094, 0.5161250581837633, 0.5054990394668231, 0.16202301111556133, -0.25165725654646964, -0.20080742094154436, -0.6363351288880568, -0.2783838290855387, 0.3312339459188479, -0.02325242327367968], [-0.48095023008418475, -0.04780660670862023, -0.43718027762766304, 0.456027533448937, -0.6860782633828297, 0.5029930439733233, -0.4613734923991837, -0.016961337366961888, 0.30208948470663577, 0.4467770131662977, -0.11033350941140445], [-0.3237933718809503, -0.6811167850384287, -0.5296027482678973, -0.2756172913337834, 0.14910326058616058, -0.04588799963520901, 0.5759037921161312, 0.11620191590464206, 0.7711815410409671, 0.35896696417103213, -0.02250850041734785]], "inverted": false, "swapped": true, "error_lsq": 0.05333474450635723, "error_max": 0.3205330243672996, "target": "114.xyz", "model": "4.xyz", "model_rescale": 3.7855080009869324, "target_rescale": 3.8747236061175343},
{"mapping": [8, 10, 12, 13, 6, 0, 14, 9, 2, 7, 5, 16], "R": [[0.41502608645637457, -0.898313571876794, 0.1441737637112339], [0.8566536264287011, 0.4392123454760089, 0.2706235021353814], [-0.3064276617527565, 0.011191164524737507, 0.9518281598846081]], "T": [0.0166822866046803, -0.06686057671608453, -0.043500546913115425], "aligned_model": [[0.41646568417100976, 0.474838159977731, -0.5474730725145169, -0.08862497307985429, 0.3817226570636244, -0.028064303768767892, -0.5597891315355116, -0.20546091155679114, -0.5563518942177581, 0.7506252778742563, 0.4641713230426439, -0.02609833737493081], [-0.5935217218111226, -0.44074135465105363, -0.010025825786283568, -0.42475836638051556, 0.09418011322717851, 0.6286995436879064, -0.41209005910391205, -0.43546195757007405, 0.09092985380742391, 0.08274176105960457, 0.2979679383400922, -0.09140103417540223], [-0.28456308494241134, 0.3822583445487121, -0.41975020455281375, -0.664537737495489, -0.5601130633940437, 0.3067390066413767, 0.03520591464207195, 0.5236849966193057, 0.3952701166721505, -0.02571577887345012, 0.52373570147818, -0.022185379651569005]], "inverted": true, "swapped": false, "error_lsq": 0.04195583873428436, "error_max": 0.2214665891523088, "target": "114.xyz", "model": "5.xyz", "model_rescale": 4.2253639853439635, "target_rescale": 3.8747236061175343},
{"mapping": [10, 2, 9, 8, 1, 0, 11, 6, 12, 4, 3, 13], "R": [[-0.5698578508133503, -0.6560322747575835, -0.49485723632455864], [0.7584738573755425, -0.18819399395525957, -0.623939442828415], [0.3161952522481239, -0.730893066813168, 0.604827154929561]], "T": [0.02786556707614549, -0.12559915993884613, 0.0031834865433707105], "aligned_model": [[0.4895959538925313, 0.520181482460005, -0.31525888650205525, -0.2312380139392751, 0.3893718566911682, -0.011118966413636907, -0.5831423876167926, -0.06176792951509413, -0.8010002799267483, 0.6949674498621098, 0.3283439863546314, 0.0570262127342913], [-0.6088034729753157, -0.49209436826219577, 0.18223640614044256, -0.4487949727440903, 0.15511141884854457, 0.6751911986915753, -0.557568097066639, -0.32876240140858926, 0.09623544526880945, 0.10997532269675742, 0.11340817040229134, -0.10961575894774807], [-0.3990988970411998, 0.27425158457965676, -0.3969406205767677, -0.6085964383387995, -0.5705939576663978, 0.019846529475099475, 0.2167856997150181, 0.6068460592836759, 0.370762838620675, 0.02295855470798948, 0.5995036088681558, 0.0543038700649152]], "inverted": false, "swapped": false, "error_lsq": 0.04345778669532278, "error_max": 0.23907711966664139, "target": "114.xyz", "model": "6.xyz", "model_rescale": 3.89814844738969, "target_rescale": 3.8747236061175343},
{"mapping": [1, 2, 9, 5, 6, 8, 10, 4, 11, 0, 7, 12], "R": [[-0.13200481458943103, 0.6235342232562517, 0.7705710878001022], [0.5226130400282762, 0.7043325729964357, -0.4804073656893948], [-0.8422887505586272, 0.3392944135178815, -0.418842406685311]], "T": [0.11577522129023658, -0.014503519185359262, 0.10546279531769787], "aligned_model": [[0.5681429584328564, 0.17597288280919637, -0.5587178103623722, -0.0060016363714046755, 0.2829814441646263, -0.14950717409161446, -0.40883563805801143, 0.030291358811619498, -0.5499292135463894, 0.7011091403940415, 0.3681784835232697, 0.02227568237531692], [-0.535773707202553, -0.7154894500534505, 0.018139626886422358, -0.3585269848414034, 0.24877112462229883, 0.5907641748797304, -0.526006818804851, -0.31945204936219074, 0.2857258684619831, -0.09018648260275562, 0.33767424063905577, -0.1491206519784442], [-0.3828377612156995, 0.18635043833942738, -0.47929309759935756, -0.5796611759757381, -0.4946241916998585, -0.03932339717430047, 0.06016948693344217, 0.6668848215893795, 0.4548054486750575, 0.053822891529539424, 0.5989585888612043, 0.14477677942892478]], "inverted": true, "swapped": false, "error_lsq": 0.04463631042794288, "error_max": 0.28105246312786464, "target": "114.xyz", "model": "7.xyz", "model_rescale": 3.7474275329858107, "target_rescale": 3.8747236061175343},
{"mapping": [6, 10, 8, 5, 3, 2, 11, 12, 13, 0, 1, 14], "R": [[0.7038349955862927, -0.038776956036074395, 0.7093043399476839], [-0.6700851941515296, 0.29520717049397704, 0.6810569426030739], [-0.2358010423364364, -0.9546460465374149, 0.18179327342763207]], "T": [-0.04605508411134322, -0.14114634376726365, 0.040307394072178274], "aligned_model": [[0.5513109260983811, 0.315461641728033, -0.37843817522112483, -0.020658853768657295, 0.3470908593148148, -0.021717311984996254, -0.38688896404124595, -0.13526422830842516, -0.6933062069936717, 0.6106366034506523, 0.3556467171910596, -0.06791252938368492], [-0.48513817712259205, -0.7689143741630681, 0.18074183848907754, -0.325215736642299, 0.12181685134296338, 0.6945348347730861, -0.6385005560008055, -0.27985794136483855, 0.10244481560690469, -0.09852367280572283, 0.3737957577599337, -0.09066474922879741], [-0.3975984940233119, 0.2649767436497558, -0.46081114951261, -0.6514259028804005, -0.4985999840268685, -0.05784624330914337, 0.19180329981008448, 0.6348184873941685, 0.6146253893455997, 0.07425696010834743, 0.41215698053828015, 0.06367274459811896]], "inverted": true, "swapped": false, "error_lsq": 0.04631240986246615, "error_max": 0.22237717567809465, "target": "114.xyz", "model": "8.xyz", "model_rescale": 4.019505241142653, "target_rescale": 3.8747236061175343},
{"mapping": [3, 5, 7, 4, 0, 1, 8, 11, 9, 2, 10, 12], "R": [[0.1674250688082517, 0.37562288861135606, -0.9115241586956505], [-0.9740950918697396, 0.20558480253741196, -0.09420000510051568], [0.15201183615046573, 0.9036826514418181, 0.4003124619010127]], "T": [0.11731344222424318, -0.06620895470637683, 0.12165072606277476], "aligned_model": [[0.6140302210399798, 0.3186043159584421, -0.5223183754343, -0.06466404975954833, 0.10876001581117221, 0.11489349969154192, -0.5072320604111233, -0.15633896002270553, -0.4709938020768803, 0.6713349159039749, 0.25492684731985943, 0.11495791006072203], [-0.5157049269649687, -0.7054987612560171, 0.003445049472634104, -0.5223320805806535, 0.09306209248003888, 0.6087650769402133, -0.32128054679474677, -0.41415374373383124, 0.14819073850817077, 0.007520785049332096, 0.5090099420270848, -0.10450473450341463], [-0.41657471026292386, 0.1579170539028506, -0.5152193137541056, -0.5465038651038872, -0.5085918070114607, 0.09501423508812032, 0.08973945166729567, 0.5590273492676551, 0.39599980895311165, -0.07224691289642483, 0.820482272142742, 0.130985269699047]], "inverted": false, "swapped": false, "error_lsq": 0.05080584348737002, "error_max": 0.3653093340379315, "target": "114.xyz", "model": "9.xyz", "model_rescale": 3.877068213659057, "target_rescale": 3.8747236061175343},
{"mapping": [0, 12, 7, 1, 8, 9, 3, 6, 13, 11, 10, 15], "R": [[0.30084909270173704, 0.8050060133601213, -0.5113268444689619], [-0.730002689920483, 0.539401103474582, 0.41969336697077186], [0.6136659483215615, 0.24700560322480067, 0.7499348877376963]], "T": [-0.09593234713373648, -0.07111500380764738, 0.06863141122128841], "aligned_model": [[0.4907846804613705, 0.35784071865748884, -0.4027170558194284, -0.10949350192639966, 0.2601110247881471, 0.08432976467774227, -0.44640078475467, -0.07230079421807002, -0.6460331830475807, 0.6399079099815822, 0.3482533177487972, -0.028321618467844797], [-0.4476112692423647, -0.6243189554454038, 0.10506891484967545, -0.47841942026982653, 0.29276723862885967, 0.5625895816041493, -0.573147333786453, -0.2858457635302202, 0.1520095271342286, -0.017015942923977068, 0.2162348517609595, -0.1157925381357847], [-0.3157898775719619, 0.2836909573203474, -0.6669832560740243, -0.6974141602785591, -0.5111493807664873, 0.029016093817762392, 0.23565463300741818, 0.6462444526777713, 0.5638515743634296, 0.05227036346538527, 0.5412199585618269, 0.029417473169112265]], "inverted": false, "swapped": false, "error_lsq": 0.04136365822890637, "error_max": 0.2304924840919058, "target": "114.xyz", "model": "10.xyz", "model_rescale": 4.260839863003843, "target_rescale": 3.8747236061175343},
{"mapping": [6, 5, 1, 0, 7, 8, 3, 4, 2, 10, 9, 11], "R": [[-0.31945024706312286, -0.8815055760862147, -0.3477059950306015], [-0.4199210498510766, 0.46062418177123243, -0.7819793316063748], [0.8494809306531135, -0.10379442420714874, -0.5173092556297704]], "T": [0.042062369172625604, -0.06151324152378313, 0.03228624939073947], "aligned_model": [[0.5347203301095879, 0.17878901620249812, -0.555367729152102, -0.0268464147392923, 0.2556982702043762, 0.02323801268178389, -0.49196319725190585, 0.12235893823714261, -0.5274652452552864, 0.6561866289168543, 0.2856586137659518, 0.02095325436152619], [-0.6070439069746847, -0.697126697045898, 0.10907892438301703, -0.4762571454253999, 0.14049937244798089, 0.6555902351753211, -0.5290954103481884, -0.25032517519151626, 0.09788023260499812, 0.020232411210725602, 0.37346032291391873, -0.05037427310643166], [-0.3713717261682215, 0.2164390701649621, -0.3381678418111595, -0.7379561430619581, -0.5535091371299233, 0.06424957787051792, 0.036370513729713436, 0.735141407515328, 0.37954572435241457, 0.12976872932848488, 0.6545338922288623, -0.025015235327000243]], "inverted": true, "swapped": false, "error_lsq": 0.047758651180638274, "error_max": 0.31188679877395276, "target": "114.xyz", "model": "11.xyz", "model_rescale": 3.890672605050136, "target_rescale": 3.8747236061175343},
{"mapping": [9, 6, 7, 5, 12, 4, 8, 0, 3, 11, 2, 13], "R": [[-0.4640159289104975, 0.8712731526206215, -0.1599134492150417], [0.760255915298209, 0.4843488090708918, 0.43291705256976376], [0.4546428938974093, 0.07930526258787846, -0.8871361306780696]], "T": [0.15679063011665545, -0.17322658217482675, 0.10762730751268614], "aligned_model": [[0.5817449295896004, 0.3077227847275164, -0.45852999940656775, -0.06247625722719263, 0.14328516606755415, -0.018289321807853226, -0.43573716264661283, -0.17572759947345457, -0.6928789082514575, 0.6964733405621215, 0.5224813733012141, 0.0678921326462667], [-0.5232312503923878, -0.6959299856454257, 0.07571496011621365, -0.4204922488627557, 0.2153376674529546, 0.4841563244500534, -0.5827134125840356, -0.11870717589423058, 0.11745930540099173, -0.08736467108239346, 0.3778344390878017, -0.055545061402943935], [-0.4425826447844121, 0.29751933116384643, -0.4275108070720478, -0.5964706288761191, -0.52795712676579, 0.2757099310544352, 0.12817959114838232, 0.5925539010052332, 0.32355911697023676, 0.17191158370090004, 0.36871381589793834, 0.026402768249417605]], "inverted": false, "swapped": false, "error_lsq": 0.04420731985537671, "error_max": 0.27984603141275594, "target": "114.xyz", "model": "12.xyz", "model_rescale": 4.124412569039231, "target_rescale": 3.8747236061175343},
{"mapping": [8, 9, 4, 2, 1, 0, 10, 7, 5, 6, 3, 12], "R": [[0.7860786358517173, -0.5901473501544409, 0.18386539468642532], [0.47924553454686186, 0.394011121149393, -0.7842696947016959], [0.3903896718336641, 0.7046143211121175, 0.5925492069096998]], "T": [0.05891650945491032, -0.07523478819876371, 0.1042819403886391], "aligned_model": [[0.44972172304796454, 0.42903580588117435, -0.5272808578947175, -0.1384778805103504, 0.3762840892532518, -0.059087602922102724, -0.4303092119123045, -0.2139928237819522, -0.5956722197365435, 0.715859927263424, 0.4866430983291279, -0.01676356893583699], [-0.5228752922296147, -0.47674577361714365, 0.14805634445042753, -0.40246358538265414, 0.21680074682895367, 0.4927171791565421, -0.617412772926096, -0.3406636095807696, 0.1591223730178754, -0.035632665749070834, 0.31553519759173754, -0.14991925091634517], [-0.2979435996730725, 0.4366099515488197, -0.3698382683581868, -0.6679565478730817, -0.586266656368136, 0.12080421727096725, -0.0020707686847455248, 0.6024242003184854, 0.4048417442117853, -0.0160086763677304, 0.5203374164266843, 0.04509581924023139]], "inverted": true, "swapped": false, "error_lsq": 0.03892982393115854, "error_max": 0.21270029966633813, "target": "114.xyz", "model": "13.xyz", "model_rescale": 3.9028299243045295, "target_rescale": 3.8747236061175343},
{"mapping": [7, 6, 13, 10, 4, 8, 11, 1, 12, 3, 2, 15], "R": [[0.6935851943237306, 0.683392455407655, 0.22784716392092513], [-0.6988375749783734, 0.5615452652082642, 0.4430496122563775], [0.17483026629636866, -0.4665208109120923, 0.8670598081866466]], "T": [0.05338721750493721, -0.05653722400038613, 0.015269495827796555], "aligned_model": [[0.46307777076674106, 0.4005971956284978, -0.6144669044992962, -0.04352161077621645, 0.4162407593898767, -0.08946868966088017, -0.4457281239261817, -0.05375083105281155, -0.5821040838649425, 0.676217465915818, 0.27424596463755063, 0.07462156552297874], [-0.6821661839684732, -0.520356749444471, 0.08265893351847126, -0.2907743181767991, 0.1576583212755842, 0.6867050160264736, -0.5197820796296486, -0.3167313619477167, 0.13951121206126835, -0.07808632817933382, 0.2924235362070099, -0.16454110709852268], [-0.4959740966547469, 0.34500414847670663, -0.3936885133237223, -0.6855116859700155, -0.5155985192269744, 0.16918610307117002, 0.3018785815509245, 0.6009479100380941, 0.22010139168848034, 0.032806970323182534, 0.6248575298362348, -0.013980988117313173]], "inverted": true, "swapped": false, "error_lsq": 0.043256314557274154, "error_max": 0.20246417141550385, "target": "114.xyz", "model": "14.xyz", "model_rescale": 3.942246331269136, "target_rescale": 3.8747236061175343},
{"mapping": [2, 0, 10, 9, 5, 4, 6, 8, 11, 1, 12, 14], "R": [[-0.42210634632621313, -0.6057405302702802, -0.674466190686394], [0.5614629358198263, -0.7588086772285896, 0.33010417001786], [-0.7117482729811975, -0.23934870242071155, 0.6603988147761963]], "T": [-0.0034797054181027604, -0.01408025265960755, 0.021834447022046392], "aligned_model": [[0.44943913357777127, 0.43894430322733247, -0.526293086585268, -0.2685343074861559, 0.44450844216121965, -0.2201129015090567, -0.4293827747392062, -0.16632962962957676, -0.62066206490849, 0.7926692767456952, 0.5024093377155577, 0.07930474951131176], [-0.5538347883832698, -0.5532021133142325, 0.22318832940453148, -0.41891001279996953, -0.033308534730975475, 0.5292809934577928, -0.3760012126160261, -0.5077200296189082, 0.06420157553649855, 0.13406789962544266, 0.33723437262711925, -0.05847758854416107], [-0.2717255725443957, 0.2549140445990474, -0.40168686823964317, -0.6216103675188782, -0.4272940991494761, -0.016799624621634153, 0.04206273477728809, 0.5951062840031427, 0.378301717840426, 0.05082339240977945, 0.559170997295434, 0.048766192840930624]], "inverted": false, "swapped": false, "error_lsq": 0.04919827449184324, "error_max": 0.2815728959318867, "target": "114.xyz", "model": "15.xyz", "model_rescale": 4.355366556412066, "target_rescale": 3.8747236061175343},
{"mapping": [7, 5, 6, 3, 10, 8, 4, 0, 2, 9, 1, 11], "R": [[-0.37343971622319794, -0.23279884092107728, -0.8979685284089529], [-0.919423691061642, -0.035777496934680464, 0.39163764761278413], [-0.12329985669790428, 0.9718665908337893, -0.20068003129206552]], "T": [0.09314408073825722, -0.08832041628676822, 0.030213232648419977], "aligned_model": [[0.6768217773979255, 0.26341391338483516, -0.5076939489619046, -0.026053583434496888, 0.26488082412865815, -0.14832356610530903, -0.5875498332096217, -0.025840532553159157, -0.4835166461807845, 0.8018770188058868, 0.27052069882239116, -0.022575644013286503], [-0.47241025385349045, -0.6920574438041396, 0.047106913289390775, -0.5375373223751077, 0.3249389600769593, 0.6368738870333573, -0.44208376502006286, -0.3573027652376302, 0.2671495063852506, -0.1478876993986183, 0.2759336476480811, -0.11620477410014735], [-0.5285858930486321, 0.17944348297318968, -0.5145335557490959, -0.43348181474726943, -0.41358737281129765, -0.022915985045426093, 0.10661362364261678, 0.6762822818523065, 0.5219742943946233, 0.24021529576378714, 0.3913970856496157, -0.012792611182396912]], "inverted": true, "swapped": false, "error_lsq": 0.05721609466438132, "error_max": 0.3107637882141245, "target": "114.xyz", "model": "16.xyz", "model_rescale": 3.795458400668931, "target_rescale": 3.8747236061175343},
{"mapping": [1, 2, 9, 5, 6, 8, 10, 4, 11, 0, 7, 12], "R": [[-0.13200481458943103, 0.6235342232562517, 0.7705710878001022], [0.5226130400282762, 0.7043325729964357, -0.4804073656893948], [-0.8422887505586272, 0.3392944135178815, -0.418842406685311]], "T": [0.11577522129023658, -0.014503519185359262, 0.10546279531769787], "aligned_model": [[0.5681429584328564, 0.17597288280919637, -0.5587178103623722, -0.0060016363714046755, 0.2829814441646263, -0.14950717409161446, -0.40883563805801143, 0.030291358811619498, -0.5499292135463894, 0.7011091403940415, 0.3681784835232697, 0.02227568237531692], [-0.535773707202553, -0.7154894500534505, 0.018139626886422358, -0.3585269848414034, 0.24877112462229883, 0.5907641748797304, -0.526006818804851, -0.31945204936219074, 0.2857258684619831, -0.09018648260275562, 0.33767424063905577, -0.1491206519784442], [-0.3828377612156995, 0.18635043833942738, -0.47929309759935756, -0.5796611759757381, -0.4946241916998585, -0.03932339717430047, 0.06016948693344217, 0.6668848215893795, 0.4548054486750575, 0.053822891529539424, 0.5989585888612043, 0.14477677942892478]], "inverted": true, "swapped": false, "error_lsq": 0.04463631042794288, "error_max": 0.28105246312786464, "target": "114.xyz", "model": "17.xyz", "model_rescale": 3.7474275329858107, "target_rescale": 3.8747236061175343},
{"mapping": [5, 8, 7, 12, 9, 2, 11, 3, 1, 4, 0, 13], "R": [[-0.18433514018044012, 0.9020640874810546, -0.3902575280140411], [-0.9824267335336652, -0.157270891729186, 0.10051656506805118], [0.029296234110045588, 0.4019281635960328, 0.915202426775241]], "T": [0.014533514269511008, -0.13239522471418425, 0.003536216950832472], "aligned_model": [[0.4740961018902251, 0.4705240605571468, -0.5685765151803378, -0.09170174832370194, 0.28008408164059345, -0.06440477302187647, -0.6174149589898461, -0.18860499510991058, -0.4516990069915825, 0.8385736278946868, 0.35372503695686125, 0.04135956675887619], [-0.5645497294934285, -0.46004317278507284, 0.08954742309763719, -0.40358017134248203, 0.13322060555501702, 0.5704857740002589, -0.4818545261409282, -0.4785379143851856, 0.11470836710117424, -0.031764498080330675, 0.3348352732173439, -0.0359485401001611], [-0.35039124557313356, 0.45250603223905406, -0.4185341997731682, -0.6852378512438536, -0.5502284376953215, 0.06320004397669493, 0.01953576686806626, 0.5508105226729866, 0.4508453581945023, 0.011097302478439786, 0.6083396259363988, 0.03808591361135485]], "inverted": true, "swapped": false, "error_lsq": 0.041189528061688456, "error_max": 0.22380975386599172, "target": "114.xyz", "model": "18.xyz", "model_rescale": 3.922800546911778, "target_rescale": 3.8747236061175343},
{"mapping": [7, 12, 2, 9, 11, 6, 0, 5, 1, 13, 8, 14], "R": [[-0.020224221420732512, 0.15589328755790413, -0.9875668401492194], [-0.14892321768410913, 0.9762797709795459, 0.15716133115603498], [0.9886419251187645, 0.15025009707322673, 0.0034716317416047734]], "T": [0.05593562949186205, -0.016394844123730296, 0.03733218612773443], "aligned_model": [[0.455568172407441, 0.4628050452191643, -0.5113876187945536, -0.16074164790349332, 0.4704952357004183, -0.10234403356049014, -0.5550829259970793, -0.10429456295439925, -0.5796238076495884, 0.7407353559948573, 0.2694553440554993, 0.09037592156335816], [-0.5461492426890775, -0.6236559510208224, -0.04582958096681489, -0.24786640433842425, 0.10511088103533558, 0.6461663913771978, -0.5588990426856858, -0.3780061620636661, 0.23678928352917397, 0.03398830784276098, 0.24686962495207534, -0.08199921432821022], [-0.4074881449073368, 0.3276858862287583, -0.39902419460768507, -0.7124778299345313, -0.5289012502062399, 0.14562775108137985, 0.21279772424771912, 0.6900934444389886, 0.3200776959080422, 0.01931498880047037, 0.5467355673851775, -0.02441280674272197]], "inverted": true, "swapped": false, "error_lsq": 0.042343500844092025, "error_max": 0.2203453110773666, "target": "114.xyz", "model": "19.xyz", "model_rescale": 3.9282355846067225, "target_rescale": 3.8747236061175343},
{"mapping": [6, 3, 12, 7, 8, 11, 2, 1, 10, 4, 0, 13], "R": [[0.7394055689367393, -0.4887389530348675, 0.4630482052785851], [0.4617435966181095, -0.13240689131229952, -0.8770754050337893], [0.48997168857752343, 0.8623239825723245, 0.12776968917977316]], "T": [0.07800046685146565, -0.14225047487151712, -0.12159338526397408], "aligned_model": [[0.4563243093363065, 0.5709712879160163, -0.5869297301211718, -0.30262632638858855, 0.5434879052981793, 0.10991287405509499, -0.5388245388140784, -0.03462941731042472, -0.6221369352190114, 0.6145842408510098, 0.2414141953759008, 0.02441261310190152], [-0.5960277087439391, -0.42869020292658544, 0.171436704938866, -0.4499898200365753, 0.22688107006709, 0.5191757391761325, -0.5777221760107842, -0.4105281813119884, 0.18219771265362536, 0.14600250562324393, 0.1475406930949271, -0.14375744588017], [-0.4005223122035491, 0.3696164689859567, -0.5485155463707775, -0.5069730890429832, -0.5966564613999118, 0.15201241321810688, 0.2079631656532424, 0.5689443600673958, 0.2615193146366144, 0.04679876911414747, 0.6060837550223103, 0.029757994011468183]], "inverted": true, "swapped": false, "error_lsq": 0.05143152055592721, "error_max": 0.28959782281232516, "target": "114.xyz", "model": "20.xyz", "model_rescale": 4.067790424073018, "target_rescale": 3.8747236061175343},
{"mapping": [1, 7, 11, 10, 13, 6, 12, 0, 3, 5, 4, 14], "R": [[0.6192511401597993, -0.7675408287859921, 0.16555694354904318], [0.7741207277467627, 0.561509492846892, -0.29230837879822924], [0.13139681991437782, 0.30917335847278093, 0.9418846586111539]], "T": [0.07156128901208109, -0.07897320638793703, 0.09469100615641611], "aligned_model": [[0.591326434247242, 0.3317246758853248, -0.41209080792103386, -0.04308673054629533, 0.21581731370390872, -0.056146033460143796, -0.5704472861623602, -0.07658168970915052, -0.7028425719845042, 0.6072044485812844, 0.5435906413954357, 0.04749208405142695], [-0.5854159928028912, -0.7461568244374118, 0.10860741907456675, -0.39852394969629457, 0.08485522590207939, 0.6485026035998585, -0.47189824645342743, -0.39470789795345407, 0.13714085654903616, 0.12090199594004858, 0.4002005012791379, -0.11698680035740575], [-0.28827765988004705, 0.3040829571618014, -0.2912188435007863, -0.6509831690810577, -0.570496147350553, 0.13970976185832112, -0.04830818681230005, 0.7134181608203984, 0.3727888100407245, -0.05228664506632537, 0.5306420849547352, 0.03095770854710954]], "inverted": true, "swapped": false, "error_lsq": 0.04013112735397509, "error_max": 0.2411013506201111, "target": "114.xyz", "model": "21.xyz", "model_rescale": 4.186013935880536, "target_rescale": 3.8747236061175343},
{"mapping": [5, 2, 4, 3, 6, 7, 11, 9, 10, 0, 1, 12], "R": [[0.21278434737620794, -0.2556494571381574, -0.9430621276335123], [-0.896321687602954, -0.4353312440987416, -0.08422671929996323], [-0.38901189421953947, 0.8632091652527838, -0.32177582752487555]], "T": [0.029492518921419218, -0.16556726011957026, 0.0914160595138515], "aligned_model": [[0.4738199435317804, 0.5656946942081182, -0.5093220202416752, -0.01314151526604648, 0.1330077178014439, -0.06520281396825822, -0.4180190395064207, -0.22181028867398625, -0.6401848413394637, 0.7019924527663207, 0.45864093574801895, 0.010485253021303004], [-0.6625356016276214, -0.6166931319340658, 0.12092307900264307, -0.38047564613947693, 0.1316117620962662, 0.5597006159626198, -0.5903521211174613, -0.17610826814007655, 0.2646874592687801, 0.0624180237311355, 0.2455094230028446, -0.17216670346174515], [-0.30118346085355435, 0.33363884511094366, -0.30256151185864066, -0.8054314077200194, -0.3677375981791511, 0.14923510251004501, -0.04370316803111261, 0.6590308463921625, 0.34184078320528977, -0.04107918693856964, 0.5179964538835913, 0.04998313417103636]], "inverted": false, "swapped": false, "error_lsq": 0.049745132773209, "error_max": 0.25394382670202964, "target": "114.xyz", "model": "22.xyz", "model_rescale": 4.166573947596378, "target_rescale": 3.8747236061175343},
{"mapping": [8, 7, 2, 4, 3, 12, 1, 5, 6, 9, 14, 15], "R": [[-0.025833626361123158, -0.47391737555052893, 0.8801902890286469], [0.9851651519849186, 0.1373574876045752, 0.10287149222934122], [-0.1696533143312159, 0.8697903435600203, 0.4633384412998513]], "T": [0.123475240539338, -0.044374647817809795, 0.024833546071246833], "aligned_model": [[0.6049597964098735, 0.2744425069560181, -0.4323486480501135, -0.042641124928507246, 0.14991943295490712, -0.0068861053457788535, -0.49905153045945394, -0.23291263723525824, -0.5706954556442829, 0.6497167055740243, 0.513938290126145, 0.06751924772356115], [-0.541883558691127, -0.6474038381353181, 0.05732942426769201, -0.47590990496666463, 0.08636477888522599, 0.5566678654694801, -0.3915591840148013, -0.475620672997566, 0.15854180051981953, 0.18157137105830184, 0.3584681666142262, -0.08004735736542617], [-0.39318158078540766, 0.3783223404423006, -0.3405776275176565, -0.5461622405382681, -0.5613699672318672, 0.25096441957050136, 0.02956409388719495, 0.6397128249084233, 0.261602613985223, -0.1553538100730648, 0.582717079604988, 0.04379068543965394]], "inverted": false, "swapped": false, "error_lsq": 0.04283063333205944, "error_max": 0.2367078864102527, "target": "114.xyz", "model": "23.xyz", "model_rescale": 4.274766983524099, "target_rescale": 3.8747236061175343},
{"mapping": [1, 9, 10, 7, 5, 8, 6, 2, 3, 4, 11], "R": [[-0.3795458628392466, 0.5828713465703378, 0.7184747256159351], [-0.6571885834395609, -0.7164606353269712, 0.23406692167749008], [0.6511897602068967, -0.38333425541445415, 0.6549860646055997]], "T": [-0.04334333831760179, 0.14085061150434042, 0.08583003551677865], "aligned_model": [[0.2236116397752163, 0.16611026855626465, -0.4697179822307899, -0.27568228601941, -0.5091471205333363, -0.6815818012765897, -0.00046321486615345797, 0.0672616253540631, 0.5728233474310509, 0.33057039786150744, -0.04389017009374792], [-0.12463070866770654, 0.5959948474515611, 0.5211939729030871, -0.3477165222906951, 0.5540892767788748, -0.2718364867679432, -0.5650629638158281, 0.0008875713769436189, -0.10838024537620433, 0.5541562951256682, 0.10689149452572588], [-0.6286597267664107, -0.3531515361483715, -0.41693874476245546, -0.37324800881168657, 0.23964413532700474, 0.3177426692936896, 0.1264744829251971, 0.7944992412222798, 0.3875361450060064, 0.2916780275908398, -0.006010250854515967]], "inverted": true, "swapped": true, "error_lsq": 0.04577596424780351, "error_max": 0.22009340796061197, "target": "114.xyz", "model": "24.xyz", "model_rescale": 3.7841303162186577, "target_rescale": 3.8747236061175343},
{"mapping": [2, 4, 14, 12, 9, 10, 3, 6, 11, 8, 0, 15], "R": [[-0.5107796775926289, -0.451969130275513, -0.7313193736230206], [0.03513082407378107, 0.8389730684688256, -0.5430377662593099], [0.8589935658421823, -0.30306450742704966, -0.41265234541891627]], "T": [0.06966320166946044, -0.04153297821675616, 0.07164446343114839], "aligned_model": [[0.5187104634416693, 0.30344685146186684, -0.2948921121652664, -0.18196300997939013, 0.18857555673797666, -0.09476142389185721, -0.3940672049693085, -0.14713468548094358, -0.6194095307869893, 0.6582707909912178, 0.499119288978838, 0.04006549374332126], [-0.4531894701266951, -0.7141895738896864, 0.24909630554370366, -0.37001258052538516, 0.10507205693526889, 0.7119564289685346, -0.6890314197860923, -0.3891762443308404, 0.08621392048220672, -0.01451483696876487, 0.34566528881261477, -0.08137098447102231], [-0.37297730536847506, 0.2943160876804026, -0.5701756086188832, -0.5639318946144831, -0.4819867531799241, -0.030694976892601603, 0.1928953016017545, 0.6667657014118491, 0.3851521482181167, 0.024011392197011455, 0.5265894276124938, 0.12006531164475973]], "inverted": false, "swapped": false, "error_lsq": 0.04264156138263964, "error_max": 0.2657892387117119, "target": "114.xyz", "model": "25.xyz", "model_rescale": 4.19342608120988, "target_rescale": 3.8747236061175343},
{"mapping": [7, 5, 6, 3, 10, 8, 4, 0, 2, 9, 1, 11], "R": [[-0.37343971622319794, -0.23279884092107728, -0.8979685284089529], [-0.919423691061642, -0.035777496934680464, 0.39163764761278413], [-0.12329985669790428, 0.9718665908337893, -0.20068003129206552]], "T": [0.09314408073825722, -0.08832041628676822, 0.030213232648419977], "aligned_model": [[0.6768217773979255, 0.26341391338483516, -0.5076939489619046, -0.026053583434496888, 0.26488082412865815, -0.14832356610530903, -0.5875498332096217, -0.025840532553159157, -0.4835166461807845, 0.8018770188058868, 0.27052069882239116, -0.022575644013286503], [-0.47241025385349045, -0.6920574438041396, 0.047106913289390775, -0.5375373223751077, 0.3249389600769593, 0.6368738870333573, -0.44208376502006286, -0.3573027652376302, 0.2671495063852506, -0.1478876993986183, 0.2759336476480811, -0.11620477410014735], [-0.5285858930486321, 0.17944348297318968, -0.5145335557490959, -0.43348181474726943, -0.41358737281129765, -0.022915985045426093, 0.10661362364261678, 0.6762822818523065, 0.5219742943946233, 0.24021529576378714, 0.3913970856496157, -0.012792611182396912]], "inverted": true, "swapped": false, "error_lsq": 0.05721609466438132, "error_max": 0.3107637882141245, "target": "114.xyz", "model": "26.xyz", "model_rescale": 3.795458400668931, "target_rescale": 3.8747236061175343},
{"mapping": [4, 10, 0, 3, 9, 1, 7, 5, 6, 11, 8, 12], "R": [[-0.21058788186885724, -0.953896393933414, -0.21385605825138], [-0.8065687877393393, 0.29314820546055115, -0.5133331474587934], [0.5523581579506915, 0.06438788143810803, -0.8311165177453949]], "T": [0.12115491861651233, 0.029285162943244014, -0.06010780904503098], "aligned_model": [[0.6484245233318882, 0.26056232913944605, -0.625816978484213, -0.14480649842969606, 0.2939414364154954, -0.08592869497838639, -0.3814102785998073, -0.1331357699233871, -0.41751250394454936, 0.7975012743640792, 0.263332839727305, 0.0008087994629597112], [-0.5487322413262369, -0.6396072967665127, 0.03726268945527919, -0.40363369639567254, 0.1666294595762049, 0.5805293885596269, -0.6007216412214487, -0.2636434377130099, 0.28261522073193973, -0.08544337845612368, 0.33678887457313506, -0.07552505037333862], [-0.3546342542777943, 0.14196861150905948, -0.4251318303167923, -0.5957591366073935, -0.4284224212513718, -0.00011321548609234677, 0.04346703289319427, 0.5851747248265339, 0.5115986273085095, 0.14229663900069162, 0.5848562335097663, -0.015272179416290006]], "inverted": true, "swapped": false, "error_lsq": 0.0481166600142983, "error_max": 0.2941182712461045, "target": "114.xyz", "model": "27.xyz", "model_rescale": 3.6321398670334006, "target_rescale": 3.8747236061175343},
{"mapping": [5, 3, 9, 11, 13, 6, 8, 7, 12, 1, 4, 14], "R": [[-0.375407998647605, -0.9014572433217953, 0.2155079418816622], [0.7756826296624646, -0.43283614083756994, -0.4593139810900202], [0.5073315410964746, -0.005264375319954995, 0.8617348744023112]], "T": [-0.03392499347864682, -0.22369389044751703, -0.058887114285317246], "aligned_model": [[0.686705507373843, 0.2885261386775507, -0.48532975023203445, -0.0086642810229966, 0.1572822617785662, -0.10068828911551832, -0.40535330736781267, -0.09476217118624937, -0.6157837966864769, 0.6220675018730721, 0.419424106859535, 0.012536557129655908], [-0.6966853840172127, -0.6888928333011479, 0.122275462559234, -0.23192740994666045, 0.3988441109923115, 0.5414650516344008, -0.472007893865266, -0.26050155015531373, 0.11295249195332474, -0.10508735407583814, 0.25340282474243003, -0.18731862587642029], [-0.2290048670937792, 0.32992555384845623, -0.4097590475896701, -0.7006191003835663, -0.5511914451766442, 0.059357939939163426, 0.2007487444527713, 0.7130140568494759, 0.4223812902520339, -0.005281781356181736, 0.44442250209068146, -0.0839650141407198]], "inverted": false, "swapped": false, "error_lsq": 0.051421972327884674, "error_max": 0.2756488038460673, "target": "114.xyz", "model": "28.xyz", "model_rescale": 4.156811204709835, "target_rescale": 3.8747236061175343},
{"mapping": [3, 3, 0, 1, 8, 2, 4, 5, 10, 11], "R": [[0.3064363677884483, -0.5949658846006941, 0.7430426290987193], [0.8529963841980063, 0.5180928783004961, 0.06306296852698073], [-0.42248540926492417, 0.6144878889088226, 0.6662662480890267]], "T": [-0.10686762842869113, 0.01555625243263108, 0.10840875039647634], "aligned_model": [[-0.32692479590270845, -0.32692479590270845, 0.123088763975151, 0.633376439107798, -0.10916099052385603, -0.7068137174395903, -0.4863620204414004, -0.379340424634941, 0.23130306815996582, -0.009316152287121918], [-0.34762439745336016, -0.34762439745336016, 0.157847806099939, 0.050307729915095536, -0.4401984152446215, -0.397562429914777, 0.3037991980463973, 0.3442222643590932, 0.5745571553275555, 0.020995816944241973], [-0.4852903651011946, -0.4852903651011946, -0.8085160095636235, -0.21263948178388947, 0.7593502760089463, 0.049818663505884916, -0.24642427624118024, 0.5870896077917711, 0.498782195301565, 0.10190648215801443]], "inverted": false, "swapped": true, "error_lsq": 0.05655004236854309, "error_max": 0.31228247399002373, "target": "114.xyz", "model": "29.xyz", "model_rescale": 4.117894457231895, "target_rescale": 3.8747236061175343},
