[{"mapping": [9, 7, 10, 8, 4, 2, 1, 12, 0, 11, 3, 6, 5, 13], "R": [[0.07451320708765354, -0.9551395352121087, 0.2866291161838057], [0.9047993306022953, 0.18560003965096872, 0.3832633515263332], [-0.4192683547695333, 0.23078365097284503, 0.8780392662816926]], "T": [-0.1562385172565494, 0.12450756842023937, 0.21374063114790587], "aligned_model": [[-0.4366091252579476, 0.08115036026439615, 0.191994118861228, 0.4927627101446994, -0.002399648751597261, -0.6509762457317693, -0.4474424756088826, -0.33780156952341217, -0.9179613330422741, 0.47002769329553096, -0.32714595662186985, 0.11605974790501963, 0.34500104255192454, -0.08121202115620924], [-0.35330063938111117, -0.10548794847127614, -0.8010006082866644, 0.22793076312533872, 0.5008120950682211, 0.5270050046555605, 0.08019641621347516, -0.3976928177287852, 0.005236485565963775, -0.18287414240333955, 0.6135365294788885, 0.7958780500801558, 0.39671596708118767, 0.048281579590389284], [-0.2656702682805639, -0.4660704201851974, 0.019839701204927174, -0.20896515453684628, -0.651206033319005, -0.21578077606816876, 0.7100075853701403, 0.3853839320103516, 0.18267303891963638, 0.23294891621419556, 0.2833224406473721, -0.030516641688309032, 0.710794704487062, 0.09085659733872284]], "inverted": true, "swapped": false, "error_lsq": 0.048479386516910486, "error_max": 0.3065386618786606, "target": "1140.xyz", "model": "0.xyz", "model_rescale": 3.8414455957264533, "target_rescale": 4.0409911126448685},
{"mapping": [6, 9, 2, 0, 13, 8, 3, 5, 10, 4, 12, 11, 1, 14], "R": [[-0.9165103107523486, -0.14719266474791298, 0.3719451165549054], [-0.24739993174029667, 0.939247571088837, -0.237922831982592], [-0.3143280516586617, -0.3100779251222645, -0.8972455384633246]], "T": [-0.05593698873232288, 0.0403171132512402, -0.01892807111594704], "aligned_model": [[-0.610459022689763, -0.04991452699124268, 0.003662223196627311, 0.6297845134078618, 0.06946604515369523, -0.631707730058799, 0.05700785200717199, -0.3658968982544353, -0.6586036073274082, 0.33816067714866693, -0.4861414350153916, 0.042363873818616414, 0.2227034675397611, -0.06497813460652431], [-0.4915444475591575, -0.10615163330383472, -0.695242856670219, 0.2753228124565493, 0.5836147446690636, 0.3567102574349981, -0.10295623627196944, -0.3751391753146569, 0.10627388859956417, -0.23769623270607654, 0.6655605607261774, 0.8647399819436866, 0.4320174771325084, 0.07972759345137083], [-0.15912710025550256, -0.6852765656971264, -0.016880583626225125, -0.027629355549834776, -0.5326875123209676, -0.45788801148231695, 0.7427103551118702, 0.3880654322260443, 0.2985998032938544, 0.2324935748594221, 0.06034556671534367, 0.17324184361742742, 0.7003967597028623, 0.0612534155194664]], "inverted": false, "swapped": false, "error_lsq": 0.050968138249229425, "error_max": 0.33249058167348516, "target": "1140.xyz", "model": "1.xyz", "model_rescale": 4.316132596720782, "target_rescale": 4.0409911126448685},
{"mapping": [12, 11, 10, 7, 6, 9, 8, 2, 5, 3, 1, 13], "R": [[-0.02097425159480258, -0.5740105889878124, 0.8185792108891496], [0.29823594067533266, 0.7778904091616207, 0.5531200909602416], [-0.9542617064828376, 0.25573102092673716, 0.15487491880944215]], "T": [0.02066174769768988, 0.14297429950785726, 0.09013566110998628], "aligned_model": [[-0.1572397948150628, 0.48121570441788597, 0.15400405802728803, -0.5594530255524074, -0.534114314943989, -0.4483485522367946, -0.15750199798555473, -0.3590714321105276, 0.5301653730206233, 0.22356207526136793, 0.4040327435961722, 0.020557717952779775], [-0.6264432080707926, -0.4598146234424727, -0.4393568703061219, 0.4113927099313919, -0.16515623223775636, 0.01800798691224334, 0.13689384972776644, 0.7363539799383217, 0.05958557744347698, -0.15213819204032739, 0.45984980648123464, 0.03360164340401689], [0.14521626627023615, -0.023784587835376236, -0.6876085248158087, -0.165646897861226, -0.255033085366585, 0.39879685439230395, -0.5639152533882198, 0.4140865159502977, -0.5682597994004431, 0.6495108793500307, 0.10022288617761449, 0.005673207736597019]], "inverted": true, "swapped": true, "error_lsq": 0.052663802804126435, "error_max": 0.29229033465961274, "target": "1140.xyz", "model": "2.xyz", "model_rescale": 3.795458400668931, "target_rescale": 4.0409911126448685},
{"mapping": [4, 3, 12, 7, 5, 8, 9, 1, 2, 0, 10, 13], "R": [[0.39510547598626067, 0.6140705028002568, 0.6832342793188222], [0.9124245751048796, -0.34866803022991144, -0.21427085532165474], [0.10664453849283717, 0.7080593352864106, -0.6980536656471452]], "T": [0.04244636239586093, -0.11363803994067058, 0.07263924947770319], "aligned_model": [[0.13683619710430478, -0.26841562626326687, -0.7481283851672832, 0.2177777125610562, 0.1375924176948174, 0.07584035423999365, -0.2075461568763874, 0.4258525711568373, 0.5076863878486171, 0.779340113168176, -0.4091354458886974, -0.0543963138346021], [-0.13660319420227857, -0.6332715237376684, -0.07882946559752393, 0.10554107640975814, 0.5528403680843386, 0.5355789239274836, -0.4080808105899674, -0.15877920436519313, -0.5072593896942146, 0.1035922325111669, 0.7279388873237366, -0.016898854779928613], [-0.7992252172861731, -0.2003194047141178, 0.09422777720532312, 0.7013090700323925, -0.4241363189664187, 0.26489966151273875, 0.4988623930153625, -0.24112358114971022, 0.5520710392890442, 0.3385891956862911, -0.15006667259213574, 0.053683488606503495]], "inverted": true, "swapped": true, "error_lsq": 0.04723353340175749, "error_max": 0.25167078500331014, "target": "1140.xyz", "model": "3.xyz", "model_rescale": 3.7530521520055578, "target_rescale": 4.0409911126448685},
{"mapping": [3, 2, 9, 7, 12, 0, 11, 1, 5, 8, 13], "R": [[0.25451285886720365, 0.09872014355612718, -0.9620174311973255], [0.8204970521185232, 0.5044886677013317, 0.2688415362732276], [0.511866967224939, -0.8577560943631898, 0.04739926631025289]], "T": [-0.11615326197297805, -0.09171920255455013, -0.030449945375366466], "aligned_model": [[-0.38162329111654314, -0.13747515236725194, 0.21652021651991177, 0.3685828653763322, 0.30670600351979305, -0.18957692148199812, -0.236919089053025, -0.5657486891013497, -0.2759538933259384, 0.2772895603663035, -0.04360200689102897], [-0.6837425252189775, 0.20915289489308708, -0.33824777750320467, 0.326144562362905, -0.7146571770372954, 0.6910708115628512, -0.5356001547840934, 0.1178706276121696, 0.20171272582493616, 0.31944104804558215, -0.12594167744361423], [-0.17255768415903974, -0.7447763744778203, -0.42971300578550564, -0.2842748288729732, 0.21414043545762299, -0.23728206354738363, 0.5834128821842494, 0.007249053568063907, 0.7366182831624699, 0.33794099476498085, 0.08207308495065191]], "inverted": true, "swapped": true, "error_lsq": 0.04178983010109047, "error_max": 0.22590283310452797, "target": "1140.xyz", "model": "4.xyz", "model_rescale": 3.7855080009869324, "target_rescale": 4.0409911126448685},
{"mapping": [15, 14, 13, 1, 2, 3, 7, 8, 10, 6, 5, 0, 4, 16], "R": [[0.5798532049800638, 0.6032190986610384, -0.5476285051792983], [0.4180227039377045, 0.3566654312521861, 0.835491944391029], [0.6993048545998793, -0.7133838301785768, -0.045345685271975536]], "T": [-0.05381976295899073, 0.026018634342841726, 0.002940223950642605], "aligned_model": [[-0.5805450858159877, -0.10092544454898536, 0.19652495687751548, 0.5763989940013531, -0.04287227829806896, -0.43333897521248044, -0.2533829430644827, -0.3620430005476085, -0.7520691443112019, 0.2637827617441352, -0.3927631484331377, 0.1474706423490254, 0.29657427983857276, -0.06736431724981176], [-0.549703547246137, -0.16167526597189746, -0.6531511821975313, 0.43464419717058767, 0.4525536816368237, 0.5528549889244961, 0.12937501591805523, -0.5365235995538269, 0.0226529109120414, -0.21104969831941994, 0.6651639531002306, 0.7775729775884096, 0.40924751228684575, 0.023274790339326532], [-0.2624321758453326, -0.6453262745509011, -0.02744925491780218, -0.09168221930906642, -0.6001631615382891, -0.24368748824091974, 0.7176859601462287, 0.2925167161881106, 0.2112686843715037, 0.5215964781478691, 0.3658643035776948, 0.05881620448048109, 0.5295904169128277, -0.04898056730808661]], "inverted": true, "swapped": false, "error_lsq": 0.040274519325224405, "error_max": 0.23693474151049712, "target": "1140.xyz", "model": "5.xyz", "model_rescale": 4.2253639853439635, "target_rescale": 4.0409911126448685},
{"mapping": [8, 9, 1, 0, 12, 11, 2, 10, 5, 4, 6, 7, 3, 13], "R": [[0.5732942490171143, -0.40613220551371604, -0.7116110845739181], [0.5884625477788584, -0.40024133982616694, 0.7025088609802511], [-0.5701276470278547, -0.8215007617395859, 0.009537534050402169]], "T": [-0.11491410303880673, 0.041553363277478605, 0.03789513006461103], "aligned_model": [[-0.5284678232833646, 0.05990654548903576, 0.23138148323351243, 0.6394669304921696, -0.12740036440740993, -0.6957111686606949, -0.3083806044773938, -0.46092175341697983, -0.7103850478441385, 0.3057822256639221, -0.30635006238924345, 0.2556655173795021, 0.229556633054317, -0.08869521350439752], [-0.42919246491245006, -0.15005232908761354, -0.605442450200148, 0.13973056299907816, 0.7406110244107151, 0.4554193707657884, 0.048947116365949755, -0.5562917547292582, 0.01484442269749986, -0.20140517925309562, 0.6077145154675677, 0.7396196572720422, 0.47392114298047566, 0.07681309981145279], [-0.3535592878595646, -0.5146638504858652, 0.024420478714700704, -0.215744659854401, -0.5805757618591689, -0.2734623577590785, 0.6803028333758436, 0.40034843070405374, 0.25106701572598467, 0.5525766411313976, 0.2756592807296721, -0.031136820119556326, 0.4822007543239762, 0.08018492534632345]], "inverted": false, "swapped": false, "error_lsq": 0.04612682646995899, "error_max": 0.29486021518684025, "target": "1140.xyz", "model": "6.xyz", "model_rescale": 3.89814844738969, "target_rescale": 4.0409911126448685},
{"mapping": [1, 0, 7, 4, 9, 8, 5, 3, 11, 10, 6, 12, 13], "R": [[-0.6048905523617568, 0.7382634814250342, -0.2984534329802174], [0.6256637470859399, 0.2087727855773528, -0.7516374123103865], [-0.4925974982131659, -0.6413898627172564, -0.5881893817110856]], "T": [0.11115256965395297, -0.019109165796238475, -0.11159598527062616], "aligned_model": [[-0.060341381072968395, 0.1341973171878144, 0.36865936882897554, -0.45189687877173385, 0.6121184660319757, -0.24425605923585103, -0.7157634485013806, 0.3132865184150258, -0.410612778718159, -0.6692991131639876, 0.15579394783210648, 0.09134625327837835, 0.025399588794026942], [-0.33376995614905414, 0.21887811619739864, 0.5658704834700309, -0.6917939765619829, 0.13642509703362232, 0.5463225742637647, 0.03981338228242007, -0.520453359549421, -0.24828197689959278, 0.43335215404842553, 0.6443955248875607, 0.12900324121162202, 0.044019961235691685], [-0.45665188132807316, -0.888617064975368, -0.3675166155334431, -0.1190089202217431, 0.12441510921219683, -0.22792974969324986, -0.2246014623570458, 0.27435275034402784, 0.40190474471048626, 0.2730463247180168, 0.17059373922903975, 0.6658077435496994, -0.023519686818248522]], "inverted": true, "swapped": true, "error_lsq": 0.04063620403389311, "error_max": 0.23189512389813, "target": "1140.xyz", "model": "7.xyz", "model_rescale": 3.7474275329858107, "target_rescale": 4.0409911126448685},
{"mapping": [10, 12, 0, 2, 13, 11, 5, 6, 7, 3, 9, 4, 8, 14], "R": [[0.5330522383671408, -0.27733462619642657, -0.799337736056712], [0.7891552282504485, -0.17771531344336208, 0.5879211623106542], [-0.3051054520928198, -0.9441942451001364, 0.1241285246146916]], "T": [-0.06719043817060302, 0.06300800664629205, -0.04293234635129443], "aligned_model": [[-0.6177195592251712, -0.21604057487485195, 0.09382596114778627, 0.758457725779722, 0.05878395193628322, -0.6170734313132623, -0.2479416847210364, -0.30008275876707735, -0.6649409880616882, 0.2592276562241296, -0.5392238757251101, 0.3634646316663246, 0.1860652108939961, -0.02135496763120752], [-0.42489779152924134, 0.07151280332339258, -0.575479540631427, 0.1991893731772579, 0.688994746884039, 0.29314802515780447, 0.0674147809285017, -0.54462098019297, -0.03573175583124935, -0.22571243692296347, 0.5417259246869129, 0.7161961592979428, 0.49206704195694706, 0.0914303842830568], [-0.22767264695146883, -0.6416091573570016, -0.01802032618461346, 0.04844183285192682, -0.6756905013965584, -0.2194096007549651, 0.6501268367151866, 0.45051094295115995, 0.2682305873905015, 0.5264763558139397, 0.3153329587868494, -0.05329062346675265, 0.42287902780318387, -0.06868806408706989]], "inverted": false, "swapped": false, "error_lsq": 0.04805491860204782, "error_max": 0.28779390123743964, "target": "1140.xyz", "model": "8.xyz", "model_rescale": 4.019505241142653, "target_rescale": 4.0409911126448685},
{"mapping": [11, 3, 1, 5, 10, 8, 0, 12, 6, 9, 2, 7, 13], "R": [[-0.982086437591666, -0.06578573348263052, 0.17657425171486044], [-0.00326883803706899, -0.9309876085934505, -0.36503614525596717], [0.18840261090653174, -0.3590742401169993, 0.9140952610576217]], "T": [-0.11056240836956348, 0.025997428702659198, -0.043641235637316894], "aligned_model": [[-0.24457540247593207, -0.7545617202370493, -0.11982967251796023, 0.3894675518618706, 0.45595666562391873, 0.5439269644962431, 0.38715552320865193, -0.3162506199122977, 0.253191480416072, -0.3387073210965489, -0.19431051916695272, 0.31568434926549843, -0.057446507724337785], [-0.6745812311116013, -0.13235598676437021, 0.2323669357271138, -0.36329912744834225, -0.7720095866062638, -0.1283091934721781, 0.6527907554302733, -0.6293427286514365, -0.22954795931619032, 0.11064083112133535, 0.7600306167138118, 0.33699189774074434, -0.09999699524883698], [-0.3259040823343652, -0.08037871647710526, -0.4962016226699, -0.5899474097241595, -0.10701886671991037, 0.04235305522008298, -0.18625172347174723, 0.3499420092464539, 0.5257813059553648, 0.4775538969096307, 0.1917784368262236, 0.3986284247560754, -0.02363121347276484]], "inverted": false, "swapped": true, "error_lsq": 0.05036703722147898, "error_max": 0.26312141169762143, "target": "1140.xyz", "model": "9.xyz", "model_rescale": 3.877068213659057, "target_rescale": 4.0409911126448685},
{"mapping": [13, 6, 14, 11, 12, 5, 7, 2, 4, 9, 1, 0, 8, 15], "R": [[0.014178396781823532, 0.9915290295467655, -0.12910908810283978], [0.2892541658595124, -0.12766850256692708, -0.9487005749894095], [-0.9571473243955786, -0.023894288404725184, -0.2886140370529766]], "T": [-0.12497470058928264, 0.024127979567797483, -0.03100683854920152], "aligned_model": [[-0.4201401005797655, -0.11487399641623172, 0.19412740216743588, 0.5369572740878632, 0.04266335933070062, -0.5137848025455789, -0.42388680930517897, -0.2439738498562344, -0.7549033960657684, 0.3233944293772464, -0.4484142805107789, 0.14723294804009648, 0.2644659903130525, -0.09341687070802138], [-0.6654216497993103, -0.14578985432198321, -0.6878111602037307, 0.3420531296306996, 0.4906631428391345, 0.6776930975460361, 0.17664025664349847, -0.4289258691629361, 0.014710353591597444, -0.2986333206617939, 0.7271840044578063, 0.7722214898136438, 0.2723176366634232, 0.10833547755191873], [-0.21818907929819403, -0.623738211623262, -0.05995603398193377, -0.10466100422365399, -0.5899680518826322, -0.2117685143030929, 0.7130886701195507, 0.4390322774544735, 0.21636297909481952, 0.33015181116974757, 0.3614287284035147, -0.02599369686934496, 0.5871038135094453, -0.03527606545511926]], "inverted": false, "swapped": false, "error_lsq": 0.04045846271296532, "error_max": 0.2443432174055486, "target": "1140.xyz", "model": "10.xyz", "model_rescale": 4.260839863003843, "target_rescale": 4.0409911126448685},
{"mapping": [0, 5, 10, 8, 6, 7, 2, 1, 11, 12, 9, 13], "R": [[-0.41964953198729144, 0.07269585616132097, 0.9047704586246282], [-0.5384654416412504, 0.7825099768178644, -0.3126229427578834], [-0.7307183030833021, -0.6183796962041026, -0.2892357392536085]], "T": [0.1939032282060237, 0.1123973823745826, 0.02588098769781782], "aligned_model": [[0.26316500344688426, 0.15031167959764444, -0.39809824282208117, -0.30053619755241145, -0.5247841284865958, -0.24375625925578395, 0.36255643609752586, 0.6076953644100273, 0.1958268768904306, -0.23346458447989712, -0.019386181643151396, 0.09936888289153835], [0.19099025496498442, -0.7022184106170294, -0.657983478634591, -0.20096073270834783, 0.18277290364063145, 0.4185075923138891, 0.7547464825837287, -0.05966115441166439, -0.4488311140901201, 0.06073700268042728, 0.6088213035260724, 0.02615785628495318], [-0.7803179529822196, -0.15994982864880808, 0.15938517899402516, -0.3160228538551745, 0.045834362223282736, -0.4085807748046514, -0.3743497186144229, -0.19012152955625772, 0.5488160985229839, 0.6902408982219895, 0.22318757938094969, 0.0780566185138078]], "inverted": true, "swapped": true, "error_lsq": 0.05096970224821657, "error_max": 0.24934557282816286, "target": "1140.xyz", "model": "11.xyz", "model_rescale": 3.890672605050136, "target_rescale": 4.0409911126448685},
{"mapping": [8, 0, 3, 2, 1, 6, 12, 7, 5, 4, 9, 11, 10, 13], "R": [[0.7782596762311244, 0.6182234368436983, -0.11005298037668829], [-0.6216614469914978, 0.7338230081177802, -0.27393582840039304], [-0.08859414019596809, 0.2816089041456937, 0.9554305330210034]], "T": [-0.16107904646910334, 0.18059168420982213, -0.027892582985904947], "aligned_model": [[-0.6117934480580121, 0.06272806993180105, 0.026393440636841514, 0.5057468516984245, 0.16927521198119636, -0.4774745212034256, -0.1540764905138286, -0.3389949045800533, -0.7648166088867584, 0.44336567381714553, -0.648756663935362, 0.04881693288252295, 0.35484974039298234, -0.11981598683463673], [-0.2981908551446032, -0.1463368643536213, -0.7094981256931256, 0.41082481440816904, 0.3199683341487318, 0.4540163951859704, 0.06404157948797684, -0.485910804518133, 0.012765607084693348, -0.14140002970152715, 0.6657922106516982, 0.6859113523113627, 0.45829458615966784, 0.06495853456074444], [-0.3225361881223699, -0.46575402057744253, -0.1880717104878393, 0.06098970410679532, -0.7183551118502869, -0.4243660057229277, 0.7079736983753848, 0.47319079353789034, 0.432875846268789, 0.12051550343680914, 0.3362109827537911, 0.030054589309408554, 0.647562145014583, 0.0873273960717329]], "inverted": false, "swapped": false, "error_lsq": 0.05343805664162958, "error_max": 0.32833293587346596, "target": "1140.xyz", "model": "12.xyz", "model_rescale": 4.124412569039231, "target_rescale": 4.0409911126448685},
{"mapping": [9, 6, 10, 2, 12, 3, 7, 1, 8, 0, 11, 5, 13], "R": [[0.054682974402390075, 0.9894504814929881, -0.1341548246758269], [-0.9095465832561798, 0.10479566454950888, 0.4021727011852444], [0.41198881683550176, 0.10002806288697738, 0.9056818433851714]], "T": [0.06566535560449333, -0.05848789722208117, -0.06120171499263256], "aligned_model": [[-0.2193866091952439, -0.029502494506929017, 0.7107422456629631, -0.6728385959117704, 0.48262886352663625, 0.3127468706324976, -0.47318259143836955, 0.09857808964203281, 0.06681234405967679, -0.48536243492372505, 0.8279163361467479, 0.5894918309867403, 0.15865445282850088], [-0.21466117715497546, 0.44177789406804924, 0.6664653346925781, -0.27851458735741974, -0.034774841997618405, -0.6426368509769348, 0.3446745956334124, -0.18896865078393502, 0.6189932176301501, 0.24408421674326072, -0.06244649484577128, 0.4275398555827564, 0.025952865274925463], [0.4133657269644145, 0.4511844540130067, 0.08055300010112815, -0.147463285635303, 0.6113049815799445, 0.13598166446136312, 0.08408835690977462, -0.5401345750194833, -0.08528312561188825, -0.5767104491584807, 0.024821700245579136, -0.4964201116598402, -0.003590256222376638]], "inverted": false, "swapped": true, "error_lsq": 0.05187583719497458, "error_max": 0.33509587279697245, "target": "1140.xyz", "model": "13.xyz", "model_rescale": 3.9028299243045295, "target_rescale": 4.0409911126448685},
{"mapping": [0, 3, 2, 6, 7, 10, 12, 8, 5, 1, 13, 9, 11, 15], "R": [[-0.7363792357093426, 0.5609452328094885, -0.3782671899655504], [-0.1424381844275674, 0.41802958529065753, 0.8971970962050088], [0.6614053105570769, 0.7145570037512964, -0.22792828599554515]], "T": [-0.1380975079764896, 0.07008785704387069, 0.04586150615751779], "aligned_model": [[-0.4443639826536848, 0.021793499593662585, 0.1159938581293549, 0.48000200436826146, -0.003703791221076891, -0.5071784544761732, -0.25646045710783416, -0.5500703574369353, -0.6361693656515449, 0.43203164027928154, -0.6666910093455156, 0.32546099832055986, 0.26787875468880307, -0.08307604015832135], [-0.5854456876108635, -0.16764785755142633, -0.6118520098755305, 0.08964587776509106, 0.6528737766508708, 0.6704576820769212, 0.060999248337209086, -0.5037916838331172, 0.04183090546931052, -0.02439094640411213, 0.4577625535059482, 0.6731943693572789, 0.44446424227439385, 0.15713626442603032], [-0.3587284437497082, -0.5078586767347226, 0.15786760033189623, -0.2030937888532261, -0.6345257781458118, -0.19639441259299772, 0.7315348237261645, 0.35802781348084556, 0.1608736921857175, 0.34288888831443715, 0.4963596657860602, -0.10320727832960268, 0.5366591066732239, -0.0027855899779580806]], "inverted": false, "swapped": false, "error_lsq": 0.05246491550143773, "error_max": 0.33167952990156774, "target": "1140.xyz", "model": "14.xyz", "model_rescale": 3.942246331269136, "target_rescale": 4.0409911126448685},
{"mapping": [3, 4, 12, 8, 11, 10, 2, 1, 5, 0, 9, 6, 7, 14], "R": [[-0.8400787977381605, 0.21141200320324677, 0.49957239564691447], [0.3310076175025382, 0.9293876719365946, 0.16331721405770538], [-0.4297692063725602, 0.3025615972886635, -0.8507378615649079]], "T": [-0.12482222185542502, 0.09558096859508534, -0.059768208105614416], "aligned_model": [[-0.5719348010709802, -0.3886460317256285, 0.126571140801234, 0.6266744654060868, 0.21945205122642236, -0.5494800860624176, -0.1801841300392384, -0.25650147985339167, -0.5592920191640927, 0.28266853600618524, -0.47088548755896276, 0.10902727107085575, 0.19757241825616023, -0.08959454996339575], [-0.45334227700313434, 0.032281435045938875, -0.6673198516172677, 0.2569725227525083, 0.43598361141439734, 0.5584157218772621, 0.08146940720039862, -0.6306705501370324, -0.1023325129029254, -0.09471698902478094, 0.7247892010204018, 0.6031507332789572, 0.5710314932716797, 0.03952478941160105], [-0.18354842643543087, -0.5794355471992273, -0.21096335979456535, 0.029933640088368442, -0.5886465403448389, -0.3980731084019948, 0.7014044671768981, 0.2746876788705544, 0.3583774689699905, 0.5220010351956584, 0.30423663047647526, -0.037933877905188144, 0.5734679269507416, 0.01210963446687622]], "inverted": false, "swapped": false, "error_lsq": 0.04711239258559902, "error_max": 0.32994653236716226, "target": "1140.xyz", "model": "15.xyz", "model_rescale": 4.355366556412066, "target_rescale": 4.0409911126448685},
{"mapping": [12, 11, 10, 7, 6, 9, 8, 2, 5, 3, 1, 13], "R": [[-0.02097425159480258, -0.5740105889878124, 0.8185792108891496], [0.29823594067533266, 0.7778904091616207, 0.5531200909602416], [-0.9542617064828376, 0.25573102092673716, 0.15487491880944215]], "T": [0.02066174769768988, 0.14297429950785726, 0.09013566110998628], "aligned_model": [[-0.1572397948150628, 0.48121570441788597, 0.15400405802728803, -0.5594530255524074, -0.534114314943989, -0.4483485522367946, -0.15750199798555473, -0.3590714321105276, 0.5301653730206233, 0.22356207526136793, 0.4040327435961722, 0.020557717952779775], [-0.6264432080707926, -0.4598146234424727, -0.4393568703061219, 0.4113927099313919, -0.16515623223775636, 0.01800798691224334, 0.13689384972776644, 0.7363539799383217, 0.05958557744347698, -0.15213819204032739, 0.45984980648123464, 0.03360164340401689], [0.14521626627023615, -0.023784587835376236, -0.6876085248158087, -0.165646897861226, -0.255033085366585, 0.39879685439230395, -0.5639152533882198, 0.4140865159502977, -0.5682597994004431, 0.6495108793500307, 0.10022288617761449, 0.005673207736597019]], "inverted": true, "swapped": true, "error_lsq": 0.052663802804126435, "error_max": 0.29229033465961274, "target": "1140.xyz", "model": "16.xyz", "model_rescale": 3.795458400668931, "target_rescale": 4.0409911126448685},
{"mapping": [1, 0, 7, 4, 9, 8, 5, 3, 11, 10, 6, 12, 13], "R": [[-0.6048905523617568, 0.7382634814250342, -0.2984534329802174], [0.6256637470859399, 0.2087727855773528, -0.7516374123103865], [-0.4925974982131659, -0.6413898627172564, -0.5881893817110856]], "T": [0.11115256965395297, -0.019109165796238475, -0.11159598527062616], "aligned_model": [[-0.060341381072968395, 0.1341973171878144, 0.36865936882897554, -0.45189687877173385, 0.6121184660319757, -0.24425605923585103, -0.7157634485013806, 0.3132865184150258, -0.410612778718159, -0.6692991131639876, 0.15579394783210648, 0.09134625327837835, 0.025399588794026942], [-0.33376995614905414, 0.21887811619739864, 0.5658704834700309, -0.6917939765619829, 0.13642509703362232, 0.5463225742637647, 0.03981338228242007, -0.520453359549421, -0.24828197689959278, 0.43335215404842553, 0.6443955248875607, 0.12900324121162202, 0.044019961235691685], [-0.45665188132807316, -0.888617064975368, -0.3675166155334431, -0.1190089202217431, 0.12441510921219683, -0.22792974969324986, -0.2246014623570458, 0.27435275034402784, 0.40190474471048626, 0.2730463247180168, 0.17059373922903975, 0.6658077435496994, -0.023519686818248522]], "inverted": true, "swapped": true, "error_lsq": 0.04063620403389311, "error_max": 0.23189512389813, "target": "1140.xyz", "model": "17.xyz", "model_rescale": 3.7474275329858107, "target_rescale": 4.0409911126448685},
{"mapping": [4, 8, 0, 1, 3, 10, 9, 6, 5, 2, 12, 11, 7, 13], "R": [[0.38962429053258024, 0.4835344657211499, -0.7838286373224352], [-0.7445615740248558, 0.6662980874306635, 0.04092580080913566], [0.5420525571497774, 0.567662997865813, 0.6196271024909945]], "T": [-0.0787385258712881, 0.1483559024095616, 0.05104066845408113], "aligned_model": [[-0.5730851556758847, -0.33082102554219645, 0.2545238664633988, 0.5954445682850622, 0.151311695635696, -0.46728793135587265, -0.3972331890370417, -0.16753634224975525, -0.8001623001832514, 0.38257069890435585, -0.5057037216962326, 0.16513884859788935, 0.2154795803262321, -0.027192295143562972], [-0.5124866306104834, -0.10159364011545968, -0.5628083725044448, 0.20246380633190353, 0.35831145911882023, 0.5741304602313999, -0.05404504399667667, -0.5027920196379265, 0.1893275357046191, -0.25491530515676897, 0.5913863551774508, 0.820729929705756, 0.5491810305560849, 0.05834716978373054], [-0.039150119174664, -0.5741265817837243, -0.23588082380863795, -0.09410721164265694, -0.5519392160368752, -0.32867600996899055, 0.6035976087641883, 0.4549220159807849, 0.01804067159180263, 0.40936852962952813, 0.4760837989572639, -0.04982387162602479, 0.6168977216646646, 0.0724111095676594]], "inverted": false, "swapped": false, "error_lsq": 0.05258013769564101, "error_max": 0.31409337231310036, "target": "1140.xyz", "model": "18.xyz", "model_rescale": 3.922800546911778, "target_rescale": 4.0409911126448685},
{"mapping": [0, 3, 5, 13, 7, 9, 6, 1, 2, 8, 10, 11, 4, 14], "R": [[0.4359840172412097, 0.24253403191903267, -0.8666574756334329], [-0.8964188250013624, 0.2023119738720789, -0.39433888397057726], [0.07969458509455729, 0.9488135267738762, 0.30561685902044977]], "T": [-0.0235508885997648, 0.021921333255677453, 0.06751103537576247], "aligned_model": [[-0.502067107955747, -0.21621688434850667, 0.12495906003236316, 0.5758384153900071, 0.10458591925801818, -0.5717943395279032, -0.08969016410905449, -0.445590397186154, -0.7292817502465946, 0.4113716093207537, -0.4329793942538434, 0.08461850571673564, 0.2057863798256469, -0.024092554586884418], [-0.5427433204102136, -0.1007495715837289, -0.7052755829472971, 0.3516193197680382, 0.43618276408741186, 0.5072470024878988, 0.037840830432688446, -0.4314119940874088, 0.13893671349311415, -0.25015871176998394, 0.6121997823704892, 0.722026005140263, 0.5072008517805353, 0.07232264582619774], [-0.32058520576876987, -0.5299677565266216, -0.11043041681534951, 0.00549936895292516, -0.6034430945436511, -0.28834188257445775, 0.7539073769728379, 0.47291770952907614, 0.03035845141586166, 0.4009859578557437, 0.4343083888719223, -0.005949452693558968, 0.5530780701954852, -0.014719892757125833]], "inverted": true, "swapped": false, "error_lsq": 0.0375911864114033, "error_max": 0.2528001379021734, "target": "1140.xyz", "model": "19.xyz", "model_rescale": 3.9282355846067225, "target_rescale": 4.0409911126448685},
{"mapping": [12, 9, 7, 6, 8, 11, 1, 2, 10, 5, 0, 4, 3, 13], "R": [[-0.05681880403441869, -0.5750988375133439, 0.8161084184095265], [0.9958967493030155, -0.09031767741620737, 0.005690507343677709], [0.07043641271235263, 0.8130830487944897, 0.5778708052214376]], "T": [-0.02086544781377654, 0.07324522286842834, -0.015581479738906202], "aligned_model": [[-0.46088863753106174, -0.3390600140884399, 0.11088207481516275, 0.6317117728423897, 0.21980760086187212, -0.5563796415147606, -0.2013851408792458, -0.24969498111968846, -0.8295747971182387, 0.38914539608323373, -0.41826255096117143, 0.04760505902147305, 0.2679546015624728, -0.11641344464516047], [-0.47644121037788506, 0.06185132198124952, -0.5268158457658552, 0.043112708294085846, 0.414949308140096, 0.5194008065022514, 0.14347930895678576, -0.47772215145469693, -0.16622373507531546, -0.1331383160160982, 0.6354352934121097, 0.6972075736677107, 0.5273912360961343, 0.09275043622743236], [-0.4920463398110184, -0.6296231902550866, -0.11886303942039717, -0.0066900960915441746, -0.6511413753254728, -0.18151193162493595, 0.7082835697513248, 0.5525630507094271, 0.16014033313688955, 0.5107141548743332, 0.39211308140826917, -0.08872940806616253, 0.5104313023198933, 0.1119775105087982]], "inverted": true, "swapped": false, "error_lsq": 0.0528906971112887, "error_max": 0.3244294814597867, "target": "1140.xyz", "model": "20.xyz", "model_rescale": 4.067790424073018, "target_rescale": 4.0409911126448685},
{"mapping": [1, 5, 10, 6, 4, 8, 12, 9, 7, 11, 0, 2, 3, 14], "R": [[-0.3618183132016807, -0.698932337397363, 0.616912551316756], [-0.32369958329619253, -0.5263843651462142, -0.7862175779664866], [0.8742460111466118, -0.48416225366077, -0.035788603274819364]], "T": [-0.0507658712853711, 0.09674975793382888, 0.005687984654836782], "aligned_model": [[-0.5765962777749245, -0.05568602136126586, -0.039080050615964056, 0.608330650927059, 0.02385392058549394, -0.4702095787001133, -0.07435447867302858, -0.5064964682949116, -0.7941054340702949, 0.43220730658546924, -0.45503894607869705, 0.08930529887395597, 0.3662958938814647, -0.052978517955405986], [-0.46382265137455003, -0.01835442674562776, -0.7011804005239972, 0.37882879772985145, 0.6260029251355671, 0.24801421666027995, -0.11566754324525456, -0.41940729355459594, 0.06464260168819351, -0.17340373660678476, 0.5929408985469277, 0.8254448359201557, 0.484986096050877, 0.02621241490696237], [-0.2816551182936229, -0.5732705109650081, 0.1913159065104122, -0.17756073269566788, -0.5916356013555906, -0.3497750043628995, 0.7414436062160945, 0.3661618680597149, 0.06118016541323624, 0.3400324968334939, 0.3136095046809316, 0.061414837675889435, 0.6374134364550694, 0.038942767942264735]], "inverted": false, "swapped": false, "error_lsq": 0.0507477017844129, "error_max": 0.3140827487139186, "target": "1140.xyz", "model": "21.xyz", "model_rescale": 4.186013935880536, "target_rescale": 4.0409911126448685},
{"mapping": [10, 6, 8, 4, 3, 5, 11, 12, 0, 7, 9, 1, 13], "R": [[0.551772112291871, -0.07638422469771981, 0.8304896063854713], [0.3160514557733952, 0.9406742675238109, -0.1234641637158713], [-0.7717894877494021, 0.3306015315086579, 0.5431791729840583]], "T": [-0.023075885347318754, 0.06860350155745809, 0.19377703380185907], "aligned_model": [[0.06781711557505288, -0.44797867954230264, 0.11965385091752698, 0.5398399124025615, -0.2786922638513433, 0.5675106539432863, 0.012162938242720252, -0.6070880477050561, 0.44471775017508275, -0.17787420182910504, -0.5564483839479383, 0.42458566108706225, -0.04963227004432179], [-0.3966511023699822, 0.2220995416878292, 0.23181146762834476, -0.5579822080411535, -0.3312527200697307, -0.2717859987118352, -0.6772817251410987, -0.40358798006609703, 0.7302848218896003, 0.6682014497859907, 0.25292889197551727, 0.059603660599752424, -0.007431439621044145], [-0.6647405243820004, -0.36992408289726264, -0.44852606684309637, 0.43893135414401685, 0.6584659936888337, -0.29137730588877, 0.018119100001951244, -0.056525047216596236, 0.12837282924749938, -0.10709850918179564, 0.3051184059445001, 0.4105794835853165, 0.08148393113274943]], "inverted": true, "swapped": true, "error_lsq": 0.051269219118554386, "error_max": 0.32175578925769666, "target": "1140.xyz", "model": "22.xyz", "model_rescale": 4.166573947596378, "target_rescale": 4.0409911126448685},
{"mapping": [6, 12, 13, 9, 11, 2, 0, 5, 1, 7, 4, 3, 8, 15], "R": [[-0.08191921723213527, 0.31694096313754355, -0.9449008772001014], [-0.24410654049538644, 0.9128287727088202, 0.32734634349918107], [0.9662821734542394, 0.25747244046762724, 0.002589143525504281]], "T": [0.011558514007812423, 0.10049036294631748, -0.020946824057172846], "aligned_model": [[-0.606211258097934, -0.001881613972871607, 0.21441613652383235, 0.5308097510031619, 0.09165658084053661, -0.5735285284019759, -0.3254514363316293, -0.3044221240097194, -0.6443318637209524, 0.13084310697791346, -0.29382948942573234, -0.03186225959183807, 0.35448962012971746, -0.045249324593671994], [-0.21260604484803286, -0.09178466336103173, -0.7170820494564637, 0.3694552355790626, 0.5142981133060139, 0.3926534247113307, 0.07655816018511113, -0.5907873447889852, -0.018464954344649828, -0.27666586795560094, 0.6060035796619839, 0.6934051787909964, 0.5391116245349816, 0.07114234257328847], [-0.3362859749178807, -0.6472303321009246, 0.06412534742556866, -0.15690717287455722, -0.6876107370285527, -0.179449623191294, 0.722428791551261, 0.3157330660277631, 0.2315536823941312, 0.5747997756159029, 0.4161436339137682, -0.11035213479396755, 0.5656439920638789, 0.005025308029220337]], "inverted": true, "swapped": false, "error_lsq": 0.05079297097125154, "error_max": 0.36917348358729546, "target": "1140.xyz", "model": "23.xyz", "model_rescale": 4.274766983524099, "target_rescale": 4.0409911126448685},
{"mapping": [9, 8, 0, 1, 5, 4, 3, 11, 12, 10, 13], "R": [[-0.23349008531621818, -0.10235420276657614, -0.9669570813821282], [0.9717297122767035, -0.060338770545061426, -0.2282555564444061], [-0.03498208595353014, -0.9929163358234818, 0.11354912468711853]], "T": [-0.040793302686302574, -0.01898172996810321, -0.19751930920492244], "aligned_model": [[0.4005492841018139, 0.06238771682350963, -0.4818268701927466, -0.5361431856066917, -0.38546965717984993, -0.6220800224121082, 0.03962791850167274, 0.031004949729747197, 0.6176376282667853, 0.22406225171448144, 0.030144690211461406], [-0.2544985290535263, 0.6507637077994121, 0.3880849443332296, -0.058061813344208, 0.5273121353548649, -0.214947859455429, -0.6355210369878515, -0.0573421423108721, -0.1318755633286211, 0.650781105464747, 0.050891582771738136], [-0.4814339643437059, -0.17863501139253546, -0.7458958952212589, -0.1733036097628764, 0.3342639445451483, 0.4296070840972367, 0.03608777642512859, 0.5652491651809258, 0.2272274676106239, 0.4680969927125802, -0.10169751582968956]], "inverted": true, "swapped": true, "error_lsq": 0.0470448196091433, "error_max": 0.26038445783078507, "target": "1140.xyz", "model": "24.xyz", "model_rescale": 3.7841303162186577, "target_rescale": 4.0409911126448685},
{"mapping": [10, 7, 11, 6, 1, 8, 12, 14, 9, 13, 2, 4, 5, 15], "R": [[-0.7892239969129611, 0.42395680330307073, -0.44428156796087315], [0.36897216396001786, 0.9056819959915934, 0.20880532646306077], [0.4909022559730116, 0.0008666427898193774, -0.8712142239488994]], "T": [-0.13199771515300912, 0.07797423115691278, -0.05492877345800149], "aligned_model": [[-0.5364686850463763, 0.014797952739838499, 0.36025901328985827, 0.5529975305044532, -0.1427346036772753, -0.49279528928673916, -0.20606472345527405, -0.5017897446541009, -0.6241977849167264, 0.17351763518504254, -0.41558880547300775, 0.2642338732164657, 0.11255463321687859, -0.06327370431420028], [-0.5467627086481267, -0.2532914516027674, -0.5097180469557998, 0.17051378531706812, 0.6510027403885638, 0.4998307185376885, 0.07795735473360123, -0.4153198487147969, 0.04635178128387976, -0.3867964024198467, 0.6670105774413052, 0.7067216124338507, 0.5635899078585138, 0.08414671493487093], [-0.28156084496102635, -0.5948543603807875, -0.09650603541813033, -0.265272293884806, -0.5288058045913674, -0.25820198416918216, 0.6998466795241913, 0.4442843753988257, 0.2595228452605907, 0.4952063246256563, 0.32111019283973413, 0.011264895226785386, 0.633337387915709, -0.06175375527187515]], "inverted": true, "swapped": false, "error_lsq": 0.05226389321789746, "error_max": 0.3470011284895575, "target": "1140.xyz", "model": "25.xyz", "model_rescale": 4.19342608120988, "target_rescale": 4.0409911126448685},
{"mapping": [12, 11, 10, 7, 6, 9, 8, 2, 5, 3, 1, 13], "R": [[-0.02097425159480258, -0.5740105889878124, 0.8185792108891496], [0.29823594067533266, 0.7778904091616207, 0.5531200909602416], [-0.9542617064828376, 0.25573102092673716, 0.15487491880944215]], "T": [0.02066174769768988, 0.14297429950785726, 0.09013566110998628], "aligned_model": [[-0.1572397948150628, 0.48121570441788597, 0.15400405802728803, -0.5594530255524074, -0.534114314943989, -0.4483485522367946, -0.15750199798555473, -0.3590714321105276, 0.5301653730206233, 0.22356207526136793, 0.4040327435961722, 0.020557717952779775], [-0.6264432080707926, -0.4598146234424727, -0.4393568703061219, 0.4113927099313919, -0.16515623223775636, 0.01800798691224334, 0.13689384972776644, 0.7363539799383217, 0.05958557744347698, -0.15213819204032739, 0.45984980648123464, 0.03360164340401689], [0.14521626627023615, -0.023784587835376236, -0.6876085248158087, -0.165646897861226, -0.255033085366585, 0.39879685439230395, -0.5639152533882198, 0.4140865159502977, -0.5682597994004431, 0.6495108793500307, 0.10022288617761449, 0.005673207736597019]], "inverted": true, "swapped": true, "error_lsq": 0.052663802804126435, "error_max": 0.29229033465961274, "target": "1140.xyz", "model": "26.xyz", "model_rescale": 3.795458400668931, "target_rescale": 4.0409911126448685},
{"mapping": [11, 5, 4, 3, 2, 6, 10, 12, 8, 1, 9, 0, 13], "R": [[-0.2799509399607399, 0.18875032914757656, -0.9412761467612889], [-0.003167805232498086, -0.9806576589969428, -0.19570518864006808], [-0.9600090813242899, -0.05180607201204494, 0.27513395769620236]], "T": [-0.12197418104047916, 0.07653251827748508, -0.14213463031243148], "aligned_model": [[0.023748832200924636, 0.39636677777122686, 0.5988437628521236, -0.1746917167302166, -0.23707367653066022, -0.6886398092350118, -0.13993741059420525, -0.6384796833999707, -0.16933814395433017, 0.35589880309597655, -0.640919179862624, 0.17165143184350348, -0.15775360463547988], [-0.6662991647873662, -0.38448145301032866, -0.3317162660413362, -0.1069933141819395, 0.8370099966539841, -0.06470097993151133, -0.7012573685697036, -0.5074578502242246, -0.03888302997497611, 0.20125286828040775, 0.242292310263989, 0.6854049846850416, -0.042289229905122086], [-0.266264199106117, 0.3256484116002514, -0.4308194229092185, -0.7782947442972671, -0.24045553534699568, 0.28307770796668197, 0.45493822630103675, -0.27947889991034436, 0.5241969666721562, -0.20186238644859633, -0.32673894370981393, 0.3095168771514818, -0.08132739586382906]], "inverted": false, "swapped": true, "error_lsq": 0.045566264869088144, "error_max": 0.242178680751636, "target": "1140.xyz", "model": "27.xyz", "model_rescale": 3.6321398670334006, "target_rescale": 4.0409911126448685},
