[{"mapping": [9, 7, 10, 8, 11, 3, 4, 5, 2, 6, 12, 1, 13, 14], "R": [[0.8185381082923437, -0.5359335045306398, -0.2068106476821195], [-0.07033308255913148, -0.450802953439254, 0.889848276206779], [-0.5701303559458324, -0.713829094315966, -0.4066932521411266]], "T": [0.007502386960898312, 0.06833425399045095, 0.15950727174568155], "aligned_model": [[-0.03368668556245521, 0.411520056683099, -0.5688217292415377, -0.22796956498328283, -0.627212000348139, -0.148117636848732, -0.8138172668384419, -0.06848961239724186, -0.4918109485273894, 0.47858719383605125, 0.7984717134773703, 0.15110161446201148, 0.5189710479083106, -0.007234080491319184], [-0.5921048171830579, -0.24610500691373072, -0.34016312808214527, -0.29225947408926645, 0.24259706171753515, 0.3418750760533763, 0.08600901302367225, 0.4376503204687143, 0.7043600409792152, -0.049592366137742094, 0.2591975965777103, 0.6958185517943112, -0.13297322465281652, 0.12096368825425871], [0.5171001604704601, -0.4695877631309642, 0.22642146319229492, -0.22606594491476936, 0.4746828478843058, -0.5433195998111512, -0.13297294512878852, 0.7234354774331127, 0.023352859691375988, 0.7471532509393799, 0.34307649652159156, -0.08521015737951185, 0.09640808431486739, 0.20311385709763016]], "inverted": true, "swapped": true, "error_lsq": 0.05098659641400727, "error_max": 0.3107901971180192, "target": "1141.xyz", "model": "0.xyz", "model_rescale": 3.8414455957264533, "target_rescale": 4.162418034005494},
{"mapping": [5, 6, 8, 10, 11, 9, 7, 3, 1, 0, 11, 13, 2, 4, 14], "R": [[0.04504923637868036, -0.8827072937628999, -0.46775891208984477], [-0.2685710909874763, 0.4402941112590614, -0.8567442236025813], [0.9622058695453352, 0.16422219438422628, -0.21723474741425441]], "T": [-0.01585294890654626, 0.039382233603408937, -0.08935850640890709], "aligned_model": [[-0.6215931571816784, -0.35563980324082256, 0.4638007242211271, -0.2348851091236749, 0.4629571196304944, 0.3305069209992578, 0.09906955148399885, -0.6279882807012267, -0.1951452708183085, 0.21988123928559217, 0.4629571196304944, 0.7398450718980134, -0.5483331039237933, -0.3556503753048674, -0.04235950076770288], [-0.010734200494772236, 0.4274036583603361, 0.05851810121596776, -0.31602182121893607, -0.6485926109373951, 0.6178766881950417, 0.5239668854364825, -0.39292661257909506, -0.7056812747635911, -0.02092156790470749, -0.6485926109373951, 0.05324231135362735, 0.5490962481166792, 0.10344416960209543, -0.04626769187531746], [-0.34409352185549946, -0.6758833919294313, -0.7169479979767763, -0.6316630066823639, 0.06457957749687752, -0.19370737568407004, 0.3167517449353869, 0.13818550937930124, 0.3121791916620059, 0.5935105978477067, 0.06457957749687752, -0.029563855844171108, -0.053844628276482204, 0.33046408971637115, -0.0843095420290676]], "inverted": true, "swapped": false, "error_lsq": 0.052732787272988274, "error_max": 0.3717840954303886, "target": "1141.xyz", "model": "1.xyz", "model_rescale": 4.316132596720782, "target_rescale": 4.162418034005494},
{"mapping": [3, 2, 4, 13, 8, 0, 9, 12, 11, 1, 5, 14], "R": [[-0.7951573626285218, -0.3853591938719661, 0.46821262302078326], [0.024224079479826605, -0.7916838084695594, -0.610450605192991], [0.6059191056824407, -0.47406227344673013, 0.6388481809189951]], "T": [-0.0985586347151731, 0.10610546797488755, -0.12353991422087518], "aligned_model": [[-0.2156806165465374, 0.5094575366723529, 0.19998289264748922, -0.5394003802450069, -0.4116147269846273, -0.40598798496850497, -0.31071347313944897, -0.30449503267558153, 0.5271199297588546, 0.09760417829694867, 0.48464573358514396, -0.033109501769302], [-0.5960535487244453, -0.4071372618456381, -0.5995324118698456, 0.38522634716314363, -0.2686987909094546, -0.0664725799822271, 0.49271247695458176, 0.6681401879542667, -0.03666987224498654, -0.12564095747416593, 0.44423082167050737, 0.12267201704924374], [0.17016562057112633, 0.07464905684108813, -0.539918572481702, 0.06046141659730672, -0.43282818251415694, 0.5218300842991185, -0.7328627560997409, 0.4573784318925219, -0.47096912944484876, 0.49456820522888734, -0.04785588632257684, -0.10535982735760238]], "inverted": true, "swapped": true, "error_lsq": 0.04018363904218706, "error_max": 0.2630673572543728, "target": "1141.xyz", "model": "2.xyz", "model_rescale": 3.795458400668931, "target_rescale": 4.162418034005494},
{"mapping": [7, 8, 9, 11, 0, 5, 10, 3, 4, 2, 6, 14], "R": [[-0.00412618627966604, -0.1421618288030922, -0.9898348291599696], [-0.0933055804028384, 0.985579741776027, -0.14116175567904102], [0.9956289686687884, 0.09177465353821891, -0.017331177555634538]], "T": [-0.01729328820533179, 0.12450214801444551, -0.016291538398757792], "aligned_model": [[-0.0675646627464322, -0.05109226984141787, -0.7261436468174525, 0.14152338653935742, 0.3479858338476783, 0.019747044899889744, -0.22474415795428507, 0.6051252596314172, 0.37317896456163785, 0.7094913706262022, -0.5418857197663818, 0.007682422763351748], [-0.1931810627528794, -0.44274412623033454, -0.05922992998310056, 0.044344907331781036, 0.286274193736211, 0.6232022473001196, -0.3975590111368875, -0.22766638377929946, -0.511536439888429, 0.11478106118681182, 0.6775560424087163, 0.1715275470969999], [-0.760880724225738, -0.12226736339907804, 0.15553009325617953, 0.6914637893787929, -0.633705007023105, 0.4420864571367863, 0.4171982421493045, -0.30191412337894935, 0.4347177548585908, 0.3632742566763395, -0.025754651532177958, 0.029022706742155444]], "inverted": false, "swapped": true, "error_lsq": 0.049853931305543546, "error_max": 0.3691379436662407, "target": "1141.xyz", "model": "3.xyz", "model_rescale": 3.7530521520055578, "target_rescale": 4.162418034005494},
{"mapping": [9, 5, 11, 2, 10, 1, 8, 13, 7, 3, 14], "R": [[-0.581789955913255, 0.5259323197442196, 0.620415701160856], [0.5285029190926138, -0.33535702305870646, 0.7798848194418123], [0.618227394822519, 0.781620663834872, -0.08284941856944472]], "T": [-0.18278436593859745, -0.04215649699371584, -0.0373012658952019], "aligned_model": [[-0.48719191832942155, -0.15093517936715029, 0.3485338800990385, 0.5264741219408277, 0.16286857207138997, -0.014297531793164203, 0.011747728268954621, -0.6891108943815906, -0.4665690449995563, 0.2605806578922183, -0.1639007889563406], [-0.7299253083143276, 0.008184715695771262, -0.3071197138077445, 0.2981505402546103, -0.657530152697787, 0.6223850750216089, -0.29354768520967445, 0.04980353180660777, 0.12449976486323483, 0.37511322256807433, -0.022810631866027907], [-0.04498792423634375, -0.7130494095959147, -0.4616371453249044, -0.2686541357784772, 0.03574952057632659, -0.1024210634226384, 0.4455044062952888, 0.1658814086648801, 0.7040183921918541, 0.43420824759107013, -0.1017815197158251]], "inverted": true, "swapped": true, "error_lsq": 0.0456778831802001, "error_max": 0.2760487937838728, "target": "1141.xyz", "model": "4.xyz", "model_rescale": 3.7855080009869324, "target_rescale": 4.162418034005494},
{"mapping": [5, 3, 9, 10, 15, 2, 1, 7, 8, 11, 13, 14, 0, 4, 16], "R": [[-0.7350442289458012, 0.4891056787243722, -0.46955895959191746], [0.2908431522104204, 0.8530450721918533, 0.4332716995391023], [0.6124706052585535, 0.1819058543553976, -0.7692788947094896]], "T": [0.021565063418095297, -0.06365942143841782, 0.01661620407624196], "aligned_model": [[-0.662218689473848, -0.09532507799700643, 0.27908949903647695, -0.23996093089093537, 0.4808961363515574, 0.30655787617237584, -0.033993179847000184, -0.659412373903657, 0.03442693045264674, 0.20079606081067022, 0.4353297195983705, 0.6598072415330638, -0.39477182196387844, -0.5787970676678381, 0.06499882387590529], [0.13455188262174386, 0.28691949562672026, -0.018508941323653577, -0.46619307697986034, -0.6393878131954629, 0.5334607352080643, 0.5795071102787359, -0.3748566747342372, -0.7673103274658915, -0.00849689829790709, -0.4741766109284298, 0.04285232496003605, 0.5944628498305695, 0.17079052487156995, -0.049804908902977695], [-0.36842314825424843, -0.571471989266077, -0.645619870487718, -0.5315945989287707, -0.3533431059140552, -0.3120360479829457, 0.41203248228642597, 0.044820304411924534, 0.02107140179588455, 0.7894483811462546, 0.4468976065382108, -0.18086687997675113, -0.02824533012289262, 0.379382407158266, -0.0118146441468426]], "inverted": true, "swapped": false, "error_lsq": 0.03613773632343053, "error_max": 0.2403715659619949, "target": "1141.xyz", "model": "5.xyz", "model_rescale": 4.2253639853439635, "target_rescale": 4.162418034005494},
{"mapping": [2, 5, 9, 10, 11, 13, 8, 4, 12, 1, 6, 7, 3, 14], "R": [[-0.10133892646970416, 0.553830555760404, 0.8264394336477962], [0.7570877841532437, -0.4959910904398431, 0.42521867937595004], [0.6454056933959441, 0.6687784040400957, -0.3690351436132921]], "T": [-0.028087235501823328, -0.014768901588564889, 0.0433570380982177], "aligned_model": [[0.6520739306675443, -0.18411915012711547, -0.5718123259688487, 0.04287230186064649, 0.19500218271064565, -0.36645337161399166, 0.18360875159713932, 0.6299460008707245, -0.49325578837738526, 0.3669591607315644, -0.741507548021721, 0.01825451580762196, 0.6659029251404598, -0.023409432519500815], [-0.02989984072252996, -0.014000508304074021, -0.4996047149513755, -0.7153520754026262, -0.5043418118183445, 0.29851507974459324, -0.30385107917549387, -0.5868694900792945, 0.6748393664026164, 0.5053869441694172, 0.14903451976882748, 0.292528520250256, 0.18728186014631915, -0.008567623393300758], [-0.41439013594988106, -0.61682294742497, 0.23056344977217777, 0.13079311600407362, -0.4497098949434267, 0.34908224889386796, 0.49696246788991905, 0.03257628837849935, -0.018429735989689548, -0.174863362400397, -0.16961074514986926, 0.7925456830795473, 0.30899011424233613, -0.02612833747073942]], "inverted": true, "swapped": true, "error_lsq": 0.05199387846482105, "error_max": 0.39061084377749866, "target": "1141.xyz", "model": "6.xyz", "model_rescale": 3.89814844738969, "target_rescale": 4.162418034005494},
{"mapping": [3, 4, 2, 7, 1, 10, 8, 0, 13, 9, 5, 12, 14], "R": [[-0.040854176202594905, -0.4385213540557228, 0.8977917121047305], [-0.9166954390024239, -0.34101178724661574, -0.20827969913321603], [0.39749265200624956, -0.8315106631883953, -0.38805876952471297]], "T": [-0.11016327376453411, 0.18079244108204628, 0.04528304750411333], "aligned_model": [[0.1809987970390634, -0.09713623326049109, 0.5214985305234328, -0.39988583763513696, 0.52631408241321, -0.529533146926855, -0.46320068581126483, 0.22184870867345707, -0.30140946494347465, -0.7812000577393652, 0.24150061800775152, 0.08788926469085914, -0.059052774126963054], [-0.326533411840778, 0.36333645745698734, 0.3477582569530717, -0.576668264407453, -0.08210214489554446, 0.5265864114916279, -0.035582520119873534, -0.4584270318778816, -0.14777985456665038, 0.48491877308248815, 0.7125602671421021, -0.07163633580403439, 0.22735066285642383], [-0.45556913828449436, -0.807319454479255, -0.4502029906111536, 0.058587361682914764, 0.04009517861362902, -0.4108447269251954, -0.3580630125348237, 0.19348875566003482, 0.44724267288354314, 0.19682772484735217, 0.2771011841677553, 0.8152271077640159, 0.05570436805197268]], "inverted": true, "swapped": true, "error_lsq": 0.04875871976154138, "error_max": 0.24722854538163933, "target": "1141.xyz", "model": "7.xyz", "model_rescale": 3.7474275329858107, "target_rescale": 4.162418034005494},
{"mapping": [12, 11, 7, 10, 6, 8, 4, 1, 0, 2, 3, 5, 13, 1, 14], "R": [[0.2613261393990295, 0.9253278893738492, -0.27473067905448145], [-0.8141161820264278, 0.05838089076363076, -0.5777599101325374], [-0.5185783364444678, 0.3746464583318284, 0.7685808612175469]], "T": [-0.023314655247934364, 0.01774635881892141, -0.13288195754431295], "aligned_model": [[-0.5982795174133042, -0.11379280573474004, 0.33327956268102826, -0.20786406051818468, 0.41503542252777503, 0.46215718672080514, 0.000621391401262418, -0.4579424569693961, -0.09163306999429915, -0.0012197719386328257, 0.4710335736258871, 0.6801118405922603, -0.5861079642354462, -0.4579424569693961, -0.050033727688715425], [0.10069456743158513, 0.27403119583556507, -0.11110249444640817, -0.43762919544281964, -0.6425970624667211, 0.3840193355112216, 0.6622806461770471, -0.2791905559814223, -0.6208698763834205, 0.13216840667745614, -0.34183473594514574, -0.060013535226393064, 0.7144916371078011, -0.2791905559814223, 0.04855189470209688], [-0.34067421140008824, -0.6919988882392314, -0.698670052749451, -0.7106690993910932, -0.32969118922958407, 0.17594082830052302, 0.3100948634475831, 0.40352177347316964, 0.01447860695478373, 0.7007899844959922, 0.2418923770654666, -0.2431816758120115, -0.05593043232481226, 0.40352177347316964, -0.08918768980775191]], "inverted": true, "swapped": false, "error_lsq": 0.05571246815996992, "error_max": 0.44186936746016026, "target": "1141.xyz", "model": "8.xyz", "model_rescale": 4.019505241142653, "target_rescale": 4.162418034005494},
{"mapping": [13, 8, 9, 6, 12, 5, 11, 0, 1, 3, 4, 2, 14], "R": [[0.44829985680946266, 0.865535856822355, -0.22332693285720673], [0.8706313391708602, -0.479405297659047, -0.1103251187626604], [-0.2025544609189585, -0.14497669168260305, -0.9684799684198934]], "T": [-0.022696921815880747, -0.0714438388594105, -0.07793631065494035], "aligned_model": [[-0.17103058380474662, -0.5601239729851315, -0.15469647161435507, 0.38793242877939055, 0.27951389083251926, 0.6439225479155696, 0.2998815721543597, -0.17824784268888083, 0.18238889389162, -0.4109135929905855, -0.2822960426888515, 0.2400340137532243, 0.043335931187043805], [-0.5745005292732546, 0.14054594859428537, 0.045967493982356555, -0.4680316737732426, -0.8471558600278489, 0.04465832478037335, 0.5830042692001601, -0.6042354316614775, -0.2762808549226406, -0.009333567154511592, 0.71065822288268, 0.37312020792762357, -0.05503832244044458], [-0.25411091295141364, -0.09727738031459346, -0.8090585153975627, -0.5831659668451178, -0.12988278552572768, -0.12613311831261848, -0.06357272846012714, 0.40449031866662666, 0.546744013425197, 0.5842101345507337, 0.20727888800677158, 0.5590220054319829, -0.06184045823027188]], "inverted": false, "swapped": true, "error_lsq": 0.04410485404829504, "error_max": 0.2637089864632932, "target": "1141.xyz", "model": "9.xyz", "model_rescale": 3.877068213659057, "target_rescale": 4.162418034005494},
{"mapping": [12, 3, 13, 6, 14, 4, 1, 11, 10, 8, 9, 2, 5, 0, 15], "R": [[0.8278375996530245, 0.18547361179980826, -0.5294189720123876], [0.0872454232676671, 0.8897069416748473, 0.44811805816596584], [0.5541418092145411, -0.4171583599324413, 0.7203511352242815]], "T": [0.03866000452884845, -0.016836648853257734, -0.09407067680318962], "aligned_model": [[-0.7005535511430356, -0.1177547105925255, 0.4911585380352106, -0.2237162777491345, 0.44697443337004644, 0.3710240789002033, -0.12804699041637374, -0.41180005750425985, -0.12387988442215049, 0.15570243137733764, 0.3846331309701689, 0.6980876444628556, -0.4443904280824572, -0.567130761779776, -0.03288444933920602], [-0.04652550358180706, 0.3646665803978139, -0.17105249943162049, -0.2511826316451296, -0.6526161699700427, 0.5562749105517579, 0.703054091268203, -0.4172890788165202, -0.7064719217263314, -0.0662001458929145, -0.46817338730623703, -0.04119585577894756, 0.5974233585522752, 0.14374762094531998, -0.0006496959967993016], [-0.19836404538129065, -0.5765134876033183, -0.7016075436422771, -0.6005736106270164, -0.29050202452341356, -0.23251901478019357, 0.3607619411203099, 0.33181529398400444, -0.12863589586739385, 0.6669728510488839, 0.24095625972982757, -0.023948107836259336, -0.11257378731777304, 0.3968430380003972, -0.041874898047822406]], "inverted": true, "swapped": false, "error_lsq": 0.04878018085293357, "error_max": 0.3767934613394399, "target": "1141.xyz", "model": "10.xyz", "model_rescale": 4.260839863003843, "target_rescale": 4.162418034005494},
{"mapping": [3, 2, 11, 4, 9, 8, 7, 1, 5, 6, 13, 14], "R": [[-0.5717437275690733, 0.3969654486553468, -0.7180024669590495], [-0.8161630469863969, -0.1860350113103979, 0.5470547096046436], [0.08358822117560744, 0.8987821800306233, 0.4303528809478314]], "T": [-0.009866867252150963, 0.07590047938449318, 0.040410624414787606], "aligned_model": [[0.35519709778222025, 0.2645398908785767, -0.3176386057309249, -0.33540313965128027, -0.665036888806205, -0.2865975354207778, 0.17114814553303767, 0.6364143799059299, 0.04819058587519406, -0.04746987890817599, 0.12692865778799342, 0.008625939848542616], [0.062050078179657575, -0.6126998663883944, -0.5844927196642384, -0.3850603144297574, 0.32830468228579446, 0.28673756758906754, 0.7850333689396285, -0.12841377137951424, -0.41967192323244795, 0.25026858239380245, 0.5745999024497574, 0.016422918789578078], [-0.6374863090106295, -0.31017620866171897, -0.0010972429390399344, -0.624393354217639, 0.3102130367631804, -0.42122715764066876, -0.30919915698404, -0.08132736782059657, 0.4999990141681722, 0.7815834504367026, 0.23711413050159214, 0.07217524280019005]], "inverted": false, "swapped": true, "error_lsq": 0.05068633264195931, "error_max": 0.28150757453089936, "target": "1141.xyz", "model": "11.xyz", "model_rescale": 3.890672605050136, "target_rescale": 4.162418034005494},
{"mapping": [10, 9, 6, 11, 5, 3, 8, 2, 4, 7, 12, 13, 1, 14], "R": [[-0.7695145566969397, -0.6376139682842032, -0.035996867646834074], [0.581898471783209, -0.6768175134784682, -0.45090156573823265], [0.26313782618217124, -0.3679218407456873, 0.8918475225813136]], "T": [0.08732469150657016, 0.054751314271674185, 0.08400522610697048], "aligned_model": [[0.18345734179521334, 0.2193390544473, 0.45246566721880743, 0.605777502972972, 0.7353054703775628, -0.4228475801940391, -0.3084866388541254, 0.3006594030729175, 0.05762986738465338, -0.6949562156089067, 0.09114102614805242, -0.17588835911862874, 0.018910497556652667, 0.1473687975952625], [-0.40416387012361615, 0.22656922585526307, 0.7068151513276628, -0.4553610804905644, 0.12206694322804884, -0.3630929024954755, -0.24442853346143562, -0.5434967489390652, -0.8112847611497542, 0.26391398838342806, 0.827453930016706, 0.5380530820462901, 0.02071080028434464, 0.04839729534593288], [-0.4485851175658716, -0.6362723549205113, -0.06646138190197168, 0.024360021766261925, 0.27314453563098245, 0.48167122695419257, -0.2125860612856445, 0.6026266567656666, -0.013579514379983837, 0.03763231080956324, 0.3981310838917471, 0.027043038736877772, 0.7684061639501515, 0.11925982690540082]], "inverted": true, "swapped": true, "error_lsq": 0.047317009050237856, "error_max": 0.308842986473346, "target": "1141.xyz", "model": "12.xyz", "model_rescale": 4.124412569039231, "target_rescale": 4.162418034005494},
{"mapping": [11, 9, 8, 5, 4, 2, 6, 1, 13, 12, 3, 7, 14], "R": [[0.3041332735768889, 0.8917464660228813, 0.3350987798233651], [0.4748592159817654, 0.16303143757226465, -0.864829159638078], [-0.8258399826241092, 0.4221480672688477, -0.37387074290533623]], "T": [0.07889551313918527, 0.15468796593846346, 0.02083410522851866], "aligned_model": [[-0.0518336708189876, -0.1644942956984255, 0.5591209684870198, -0.47828569218334327, 0.5984152562303575, 0.27702758021669, -0.6029016169552552, 0.18905870177504872, 0.011248954687555976, -0.35462649888230413, 0.7561018204471973, 0.5930272471429499, 0.03543955306125425], [-0.31397210756190985, 0.7011040969128285, 0.37131157464431236, -0.2254484014129276, -0.2448278419626922, -0.6377014205508714, 0.4634521398324303, -0.3176645509823066, 0.5789519460207259, 0.3607092114431346, -0.13491239037135427, 0.6465419486052808, 0.09994117189182697], [0.5647395559978434, 0.4768382644851972, 0.25874019274193133, 0.0931501390487802, 0.5960813597742987, 0.09324527016612441, -0.1239855694726115, -0.4680330279223583, -0.32777802576793114, -0.6613483211149598, -0.20395698777831991, -0.36853860693457885, 0.022543837744423402]], "inverted": true, "swapped": true, "error_lsq": 0.04749006500805209, "error_max": 0.26502910456542444, "target": "1141.xyz", "model": "13.xyz", "model_rescale": 3.9028299243045295, "target_rescale": 4.162418034005494},
{"mapping": [12, 1, 2, 8, 0, 6, 9, 13, 5, 10, 4, 3, 11, 14, 15], "R": [[0.7007016757745135, 0.6880869571251482, 0.18855636027735373], [0.6991704909220511, -0.7148772543251329, 0.010542099998468266], [0.14204853463027023, 0.12444617584648329, -0.9820057856889538]], "T": [0.04218473330565803, -0.038176058293330276, -0.08134056245721782], "aligned_model": [[-0.6038357556261333, -0.08023580821965365, 0.23463105452487124, -0.12062007278542047, 0.5836002124195996, 0.38672701575276536, 0.05617189970076794, -0.6135590182012276, -0.15291116174154612, -0.02548407113141113, 0.4191032310045461, 0.6643230326032397, -0.45741565734328954, -0.5596303545273043, 0.06655859965709945], [-0.11576314382349318, 0.46459296141386985, -0.0640158812532931, -0.6244965837024617, -0.5954264508963405, 0.525345841068761, 0.615247365862894, -0.35072854798333986, -0.5014769662496287, -0.15645280077164436, -0.47504710278616197, -0.01169501348395138, 0.5058089377287837, 0.28409313177964246, 0.0438239246653843], [-0.328075361381388, -0.47432310606204087, -0.7915845251590303, -0.5569769741786399, -0.3704040298209454, -0.17157329928103282, 0.33541793404147735, 0.24263848832151153, 0.015570190701307163, 0.6513149822182802, 0.2742426352038418, -0.11187146567129957, -0.09968346583061823, 0.4816974664265041, -0.006152501271262462]], "inverted": true, "swapped": false, "error_lsq": 0.04780977633068226, "error_max": 0.3455063856308936, "target": "1141.xyz", "model": "14.xyz", "model_rescale": 3.942246331269136, "target_rescale": 4.162418034005494},
{"mapping": [12, 12, 0, 1, 2, 8, 11, 3, 5, 10, 9, 7, 13, 4, 14], "R": [[-0.29099083428241623, 0.9291535741406053, -0.22803063396255008], [-0.35162380327182474, 0.11779840915794518, 0.9287002938367764], [0.8897668432439372, 0.35042427207828586, 0.2924342562049171]], "T": [0.01990737857815099, -0.014274878849983807, 0.06054750700093712], "aligned_model": [[-0.5455424807784602, -0.5455424807784602, 0.36339705160169056, -0.3525652784967563, 0.4483445606306386, 0.43727567032657694, 0.06354135721599861, -0.601280379013005, -0.015662859911078006, 0.015873882973098066, 0.5845336196469765, 0.8524470545141594, -0.5165852856819884, -0.4244566912332393, 0.033645405070752366], [0.1636596361710993, 0.1636596361710993, -0.07324313556845329, -0.42446314421040165, -0.5189675473145708, 0.5443298542484356, 0.624083491936806, -0.36970676753840204, -0.6359343569035418, -0.07620409520816372, -0.4142006786995249, -0.07465504142123021, 0.590394777546644, 0.08318501772187649, -0.0381279753626518], [-0.5021975712365799, -0.5021975712365799, -0.58695158341852, -0.530765559379968, -0.3194193469120122, -0.27501975524440764, 0.3841300946214972, -0.005345382015267512, -0.062146460532562196, 0.7712858689300144, 0.4721527409855832, -0.12441581933505627, -0.025939915978117394, 0.4302854127442689, -0.03321818373562733]], "inverted": false, "swapped": false, "error_lsq": 0.04626750037943351, "error_max": 0.35632558763616856, "target": "1141.xyz", "model": "15.xyz", "model_rescale": 4.355366556412066, "target_rescale": 4.162418034005494},
{"mapping": [3, 2, 4, 13, 8, 0, 9, 12, 11, 1, 5, 14], "R": [[-0.7951573626285218, -0.3853591938719661, 0.46821262302078326], [0.024224079479826605, -0.7916838084695594, -0.610450605192991], [0.6059191056824407, -0.47406227344673013, 0.6388481809189951]], "T": [-0.0985586347151731, 0.10610546797488755, -0.12353991422087518], "aligned_model": [[-0.2156806165465374, 0.5094575366723529, 0.19998289264748922, -0.5394003802450069, -0.4116147269846273, -0.40598798496850497, -0.31071347313944897, -0.30449503267558153, 0.5271199297588546, 0.09760417829694867, 0.48464573358514396, -0.033109501769302], [-0.5960535487244453, -0.4071372618456381, -0.5995324118698456, 0.38522634716314363, -0.2686987909094546, -0.0664725799822271, 0.49271247695458176, 0.6681401879542667, -0.03666987224498654, -0.12564095747416593, 0.44423082167050737, 0.12267201704924374], [0.17016562057112633, 0.07464905684108813, -0.539918572481702, 0.06046141659730672, -0.43282818251415694, 0.5218300842991185, -0.7328627560997409, 0.4573784318925219, -0.47096912944484876, 0.49456820522888734, -0.04785588632257684, -0.10535982735760238]], "inverted": true, "swapped": true, "error_lsq": 0.04018363904218706, "error_max": 0.2630673572543728, "target": "1141.xyz", "model": "16.xyz", "model_rescale": 3.795458400668931, "target_rescale": 4.162418034005494},
{"mapping": [3, 4, 2, 7, 1, 10, 8, 0, 13, 9, 5, 12, 14], "R": [[-0.040854176202594905, -0.4385213540557228, 0.8977917121047305], [-0.9166954390024239, -0.34101178724661574, -0.20827969913321603], [0.39749265200624956, -0.8315106631883953, -0.38805876952471297]], "T": [-0.11016327376453411, 0.18079244108204628, 0.04528304750411333], "aligned_model": [[0.1809987970390634, -0.09713623326049109, 0.5214985305234328, -0.39988583763513696, 0.52631408241321, -0.529533146926855, -0.46320068581126483, 0.22184870867345707, -0.30140946494347465, -0.7812000577393652, 0.24150061800775152, 0.08788926469085914, -0.059052774126963054], [-0.326533411840778, 0.36333645745698734, 0.3477582569530717, -0.576668264407453, -0.08210214489554446, 0.5265864114916279, -0.035582520119873534, -0.4584270318778816, -0.14777985456665038, 0.48491877308248815, 0.7125602671421021, -0.07163633580403439, 0.22735066285642383], [-0.45556913828449436, -0.807319454479255, -0.4502029906111536, 0.058587361682914764, 0.04009517861362902, -0.4108447269251954, -0.3580630125348237, 0.19348875566003482, 0.44724267288354314, 0.19682772484735217, 0.2771011841677553, 0.8152271077640159, 0.05570436805197268]], "inverted": true, "swapped": true, "error_lsq": 0.04875871976154138, "error_max": 0.24722854538163933, "target": "1141.xyz", "model": "17.xyz", "model_rescale": 3.7474275329858107, "target_rescale": 4.162418034005494},
{"mapping": [8, 13, 9, 0, 4, 2, 10, 6, 3, 11, 1, 12, 5, 14], "R": [[-0.39892435097408324, 0.45444502961800726, -0.7964540647491197], [0.08227913328463962, -0.8473155819843465, -0.5246774711691523], [-0.9132850083220653, -0.27483816980546316, 0.30062347545085105]], "T": [0.07034452343001861, 0.00038688621412028, -0.030235044640777226], "aligned_model": [[0.39760723238802537, 0.026952780277931146, 0.753038193235241, -0.5022464062129328, 0.3212529707950921, -0.32136929683628057, 0.6808937043658569, 0.11717699685120501, -0.268310605732433, 0.24485558439262928, -0.5990631958555366, -0.37764560373837397, -0.09790473677495522, 0.039610030727408235], [-0.41264350983152165, 0.29218190468151206, 0.3101552709328148, -0.10065777440891516, -0.7442099443639103, -0.4768653691647653, -0.27401403446458195, 0.7611063394788233, -0.6645558738599489, -0.17216598850186737, -0.15481589529891723, 0.6229458849308761, 0.3539828849899552, 0.019964346391679974], [-0.267819963262659, -0.49829404024636914, -0.09124226987715403, -0.4804883365485285, 0.3479759533760539, 0.509367772606426, 0.20520271673767157, -0.046606138797408075, -0.22042340875587754, 0.6570326749833003, 0.015034196776456954, -0.35808270803761955, 0.5237019718019488, 0.02943629790541291]], "inverted": true, "swapped": true, "error_lsq": 0.042291864552390444, "error_max": 0.23528559320163547, "target": "1141.xyz", "model": "18.xyz", "model_rescale": 3.922800546911778, "target_rescale": 4.162418034005494},
{"mapping": [5, 1, 6, 8, 4, 2, 3, 12, 13, 7, 11, 10, 0, 3, 14], "R": [[0.8784135837597895, -0.4553625129379168, -0.1450329537627536], [0.12864155892551804, 0.517577548687167, -0.8459106515538126], [0.4602618006998799, 0.72440214170435, 0.5132256929564762]], "T": [-0.007141521586543605, -0.06312600803937249, -0.1238011857783412], "aligned_model": [[-0.7366103667136873, -0.04713024720519279, 0.31122199777623544, -0.2685716868260006, 0.49792614004784225, 0.35503064015261715, -0.2740960076687254, -0.6246943820384654, 9.570776337647184e-05, 0.0098445896098496, 0.49566787425700404, 0.7903820829287007, -0.4386528810662925, -0.2740960076687254, 0.001105692738367331], [0.07909715432904532, 0.3709022904136058, -0.1744332301560101, -0.4540607357672143, -0.5475405163130993, 0.5536561576321881, 0.2978056642209185, -0.27896316167031976, -0.7028314289807225, -0.15121529656698077, -0.3703481970269501, 0.031685211855469575, 0.6511921204141546, 0.2978056642209185, -0.05894202503598356], [-0.29752941106287295, -0.7221350072369435, -0.7254847768432253, -0.5152280133985842, -0.3085073860999929, -0.08455773844673087, 0.33184437154126384, 0.31284149677417034, 0.1262754899628643, 0.6700267353303706, 0.27624987448013694, -0.19841740443333825, -0.07918959894860489, 0.33184437154126384, -0.02779603490311229]], "inverted": false, "swapped": false, "error_lsq": 0.04868376424078973, "error_max": 0.4016814100791161, "target": "1141.xyz", "model": "19.xyz", "model_rescale": 3.9282355846067225, "target_rescale": 4.162418034005494},
{"mapping": [7, 13, 6, 0, 3, 12, 1, 5, 2, 4, 9, 8, 11, 14], "R": [[-0.6339464353081175, -0.7350461852445871, -0.2404558643857772], [-0.42495462761291214, 0.07130245533793167, 0.9024020857318282], [-0.6461621171428285, 0.6742574177717015, -0.3575632153191031]], "T": [0.018432858656961017, -0.16095253450193875, 0.09064307579183642], "aligned_model": [[-0.6818798640468982, -0.11474464580852348, 0.542081972212047, -0.43427117364869433, -0.6170759459353692, 0.1704502272231021, -0.13151550346505705, 0.6388332912065143, 0.025061199572664818, -0.2046818226971379, 0.26639798440718093, -0.4016314934741147, 0.4045265781654696, 0.07097201537349211], [-0.5336307738522822, -0.603975795664353, -0.6283650959558131, -0.09562979291120344, 0.2706346513353138, -0.4933310781631138, 0.30224343381129926, 0.07925845831910555, 0.6582012572295228, 0.37491996194649674, -0.7290083675899142, -0.24713211008251365, 0.28672591594956703, -0.11802857694727607], [-0.07828267560802996, -0.21283763515507545, -0.20680016775906543, -0.485195809304369, 0.037081477286522224, -0.6591396758677587, -0.39639787308438523, -0.04196968496490902, 0.127026632814821, 0.741399216447665, 0.5167590780738407, 0.478277701580311, 0.5185229282805357, 0.07373964450357987]], "inverted": true, "swapped": true, "error_lsq": 0.052507338886200954, "error_max": 0.3110147165632511, "target": "1141.xyz", "model": "20.xyz", "model_rescale": 4.067790424073018, "target_rescale": 4.162418034005494},
{"mapping": [11, 12, 9, 13, 1, 0, 2, 6, 5, 4, 8, 7, 3, 6, 14], "R": [[0.23205797092643332, 0.7039174441693318, -0.6713042007343784], [0.48889073130094285, -0.6810434772438416, -0.545129007622642], [-0.8409131649448331, -0.20169287022037463, -0.5021802814973235]], "T": [-0.006013315902774572, -0.05509694065543537, -0.08386603452049243], "aligned_model": [[-0.5444761863489498, -0.08391659557981254, 0.36174069938477266, -0.3146464314347438, 0.5012898578810575, 0.39993663393962375, -0.09118695437777588, -0.6145332766517235, 0.05535192495543603, 0.03162164156789335, 0.46218939178702667, 0.7210009006773308, -0.45901040494115664, -0.6145332766517235, -0.013404778120351579], [0.01673534168513284, 0.38363525647372176, -0.08276074663882772, -0.6254863310082055, -0.6112145509262223, 0.5111025984393032, 0.4411984209264183, -0.04454655399760553, -0.5769460321276664, -0.18897768794057196, -0.22045386651635973, -0.004548693823271013, 0.6641620007692237, -0.04454655399760553, -0.07354292974844348], [-0.4344799451740179, -0.7071308298647113, -0.7680016917897874, -0.3475420638580552, -0.4104878260384177, 0.05426705229370615, 0.46400100858412696, 0.3370247463322599, 0.18515804210073997, 0.7055211013126379, 0.1965108694976823, -0.2437383612108755, -0.11858244496643416, 0.3370247463322599, -0.15930743529444946]], "inverted": false, "swapped": false, "error_lsq": 0.05398715518984663, "error_max": 0.41328871533173145, "target": "1141.xyz", "model": "21.xyz", "model_rescale": 4.186013935880536, "target_rescale": 4.162418034005494},
{"mapping": [8, 3, 10, 6, 12, 9, 13, 0, 11, 2, 1, 5, 14], "R": [[0.648696985889532, 0.15497692883739117, 0.7451002429377989], [0.760955198728343, -0.1168933804739112, -0.638187373057231], [-0.01180703291028029, 0.9809781287722535, -0.19375888326562973]], "T": [0.03858492231845486, -0.06709041510779007, -0.044895762802754535], "aligned_model": [[0.0031173085034273754, -0.6161249778487163, 0.4840214787519259, 0.42515306797943275, -0.1545055665407621, 0.6924751935041504, -0.05091515926680679, -0.6415128701318544, 0.37660728353213263, -0.2696255006846609, -0.538915197510388, 0.3005350038318708, 0.0482639713034735], [-0.11469785236967184, 0.15184031979773308, 0.17781678936716663, -0.4658789507963321, -0.5884843468433243, -0.37653027089321395, -0.6054363433514038, -0.3149458992375345, 0.5795308963759831, 0.6904458257513326, 0.1501424256105483, 0.2563043880344232, -0.021150321899612766], [-0.6198889476113602, -0.3861171930567119, -0.539975395268675, 0.47729974888764826, 0.5768947022092151, -0.25086534646642744, 0.04609762422746333, 0.08484657691176026, -0.05858101993816679, 0.014482781893457558, 0.26095944274077976, 0.49081135698472256, 0.006915229821640334]], "inverted": false, "swapped": true, "error_lsq": 0.05159649878976654, "error_max": 0.2727610252492269, "target": "1141.xyz", "model": "22.xyz", "model_rescale": 4.166573947596378, "target_rescale": 4.162418034005494},
{"mapping": [9, 9, 8, 3, 4, 7, 13, 11, 2, 6, 1, 0, 14, 12, 15], "R": [[-0.9327067524912845, 0.0643844477589724, -0.35484187569103764], [-0.2945197364349644, 0.43184704799877854, 0.8525058662466903], [0.20812553593310162, 0.8996459136913327, -0.3838241671274053]], "T": [-0.03058750328403244, 0.0025322053869707185, -0.048232821059631274], "aligned_model": [[-0.4211675019181722, -0.4211675019181722, 0.266020126816622, -0.19197333213785556, 0.40237197105139644, 0.509690150886127, 0.09632594839137228, -0.7260649424160184, 0.03210633442376283, 0.01040748702503351, 0.49669661682035166, 0.7774440984249539, -0.5085516873675886, -0.5466727045649346, 0.021958082570025184], [0.11351098526390027, 0.11351098526390027, -0.0028593372553123407, -0.4825768224019934, -0.4961635330532371, 0.46244548899843785, 0.7570684717808377, -0.36832349247800045, -0.619421066304942, -0.21631967861842788, -0.2883459451684772, -0.06958887466867039, 0.6187097819106485, 0.029929978615776783, -0.007767270315420138], [-0.4904772572779713, -0.4904772572779713, -0.8006117051700212, -0.3645404204290978, -0.37026103008697503, -0.1375047405658423, 0.3142325391832234, -0.07773723506675632, 0.200871273114443, 0.6794559143236445, 0.33315991495185715, -0.1411803508236445, 0.08538303182839102, 0.3546155155016241, -0.004691223948239044]], "inverted": false, "swapped": false, "error_lsq": 0.04631185908452609, "error_max": 0.2597309150146684, "target": "1141.xyz", "model": "23.xyz", "model_rescale": 4.274766983524099, "target_rescale": 4.162418034005494},
{"mapping": [5, 13, 9, 11, 8, 4, 2, 3, 1, 7, 14], "R": [[0.6167197235993112, -0.6792581409960968, 0.3978255401732224], [0.6572994329623149, 0.16627683446440014, -0.735057460167515], [0.4331445924296052, 0.7148149356379072, 0.5490221943036239]], "T": [0.007630390135508758, 0.18330348454571613, -0.09602462194559103], "aligned_model": [[0.15957772746135582, 0.2875625714952087, -0.4423549854003107, -0.39311715487283466, -0.3890135995885781, -0.619149245008727, 0.011095524386679434, 0.07400632824352973, 0.514620554112641, 0.14940799497531487, 0.0272589881537962], [-0.25836695657796016, 0.6590016059351131, 0.6010247576235002, -0.39451746652827047, 0.3963545104334292, -0.26706773766410974, -0.5833633484740868, 0.014414327470542249, -0.16928136082683118, 0.7922240441849208, 0.125164155667236], [-0.5879833501052536, -0.13417787461526998, -0.5305025619109662, -0.2911909025323424, 0.2665003952224254, 0.3098523289404802, 0.1948199974390168, 0.6523592848766051, 0.2087520219939044, 0.4206742768017735, -0.12953718208879575]], "inverted": true, "swapped": true, "error_lsq": 0.048831315489345224, "error_max": 0.20293377477987404, "target": "1141.xyz", "model": "24.xyz", "model_rescale": 3.7841303162186577, "target_rescale": 4.162418034005494},
{"mapping": [1, 8, 2, 4, 5, 9, 10, 6, 3, 11, 13, 12, 0, 7, 15], "R": [[0.6229722627332869, -0.378454733699786, -0.6846003026622126], [0.37075666750707115, -0.6277772384954501, 0.6844232844710051], [-0.68879971934084, -0.6801968489836242, -0.25077319088915606]], "T": [-0.013344969769549445, 0.07913849045922441, -0.02793650655637355], "aligned_model": [[-0.5836184947229145, -0.17907093324252282, 0.2737873373421587, -0.2523792045784412, 0.3980809184785445, 0.4496219178009539, 0.08282690712295705, -0.4650843957402574, 0.08684073930100229, -0.07176894886378445, 0.49543946150010876, 0.6931816578693588, -0.6187992208973805, -0.4666417331602764, -0.044992862122603776], [0.11945246769712395, 0.35291348256985866, -0.002303277474816831, -0.47182089118043924, -0.5576488107786132, 0.38252112380684833, 0.7026014240769192, -0.4513771989753689, -0.709905510265202, -0.1585932070631601, -0.27842549923498994, -0.17004336932812011, 0.4934130624682319, 0.27213684954911077, 0.020889025701637427], [-0.5035406316223047, -0.5249676347210389, -0.7205513378845133, -0.4706675052801159, -0.4690367410895034, -0.21704321538095706, 0.4273656412279186, 0.16314213309343817, 0.10002550441552993, 0.6997295211119572, 0.4467069312394177, -0.1458365982367769, -0.08389790512346137, 0.3964209345099544, -0.007612128002880303]], "inverted": true, "swapped": false, "error_lsq": 0.049855776445016604, "error_max": 0.2803295838362958, "target": "1141.xyz", "model": "25.xyz", "model_rescale": 4.19342608120988, "target_rescale": 4.162418034005494},
{"mapping": [3, 2, 4, 13, 8, 0, 9, 12, 11, 1, 5, 14], "R": [[-0.7951573626285218, -0.3853591938719661, 0.46821262302078326], [0.024224079479826605, -0.7916838084695594, -0.610450605192991], [0.6059191056824407, -0.47406227344673013, 0.6388481809189951]], "T": [-0.0985586347151731, 0.10610546797488755, -0.12353991422087518], "aligned_model": [[-0.2156806165465374, 0.5094575366723529, 0.19998289264748922, -0.5394003802450069, -0.4116147269846273, -0.40598798496850497, -0.31071347313944897, -0.30449503267558153, 0.5271199297588546, 0.09760417829694867, 0.48464573358514396, -0.033109501769302], [-0.5960535487244453, -0.4071372618456381, -0.5995324118698456, 0.38522634716314363, -0.2686987909094546, -0.0664725799822271, 0.49271247695458176, 0.6681401879542667, -0.03666987224498654, -0.12564095747416593, 0.44423082167050737, 0.12267201704924374], [0.17016562057112633, 0.07464905684108813, -0.539918572481702, 0.06046141659730672, -0.43282818251415694, 0.5218300842991185, -0.7328627560997409, 0.4573784318925219, -0.47096912944484876, 0.49456820522888734, -0.04785588632257684, -0.10535982735760238]], "inverted": true, "swapped": true, "error_lsq": 0.04018363904218706, "error_max": 0.2630673572543728, "target": "1141.xyz", "model": "26.xyz", "model_rescale": 3.795458400668931, "target_rescale": 4.162418034005494},
