[{"mapping": [8, 2, 6, 5, 3, 0, 1, 9, 7, 10, 12, 11, 13], "R": [[0.5343143634822738, 0.40120007260740126, 0.7440071657694897], [0.6514185443717506, -0.7563449730143348, -0.059968006841442725], [0.5386669110174883, 0.5167018323324987, -0.6654751501289258]], "T": [-0.19406587261697753, 0.12704010480794714, 0.0505426958373556], "aligned_model": [[0.023782961164714705, -0.37363798707059104, -0.597174120585686, -0.61770665622255, -0.6648982717095969, -0.1764272811351179, -0.45357491942427586, 0.4224438350964925, 0.38547722025740605, 0.7326954156334186, 0.13298335096218725, 0.13655079334902762, -0.05591379079197539], [-0.6177078504761708, 0.1135751600759137, -0.4864490614783916, -0.11806042621890586, 0.0823310117171629, 0.7364711978935563, 0.61371307677645, 0.3020786533528004, -0.29403457230123003, 0.16184594152657758, 0.5722528525725159, -0.20445000738752644, 0.041481152764679285], [0.1425834495434305, -0.6970071663014354, -0.1631886014883867, 0.6274789805326492, -0.17198427951039935, -0.4224214227294153, 0.22039141206295462, -0.30445090774246863, -0.190746347168051, 0.4446632268585241, 0.22358668607623644, 0.5681030947720463, 0.038987166075595006]], "inverted": false, "swapped": false, "error_lsq": 0.056994801307362855, "error_max": 0.3917197469040865, "target": "1143.xyz", "model": "0.xyz", "model_rescale": 3.8414455957264533, "target_rescale": 3.7519606583955043},
{"mapping": [3, 12, 1, 0, 11, 8, 13, 10, 5, 2, 9, 7, 14], "R": [[0.6213291069046776, -0.7810434936571155, 0.06261950118711583], [0.5708169352764848, 0.5059384338954735, 0.6466794627239657], [-0.5367663992041577, -0.36605650127170664, 0.7601871286480191]], "T": [0.007404035459669681, 0.08844888446344341, 0.08838093368133991], "aligned_model": [[0.0808800308535316, -0.37192936634697676, -0.47283214360028275, -0.5002220534302493, -0.7805722002423027, -0.0256932831489484, -0.5320585652901236, 0.20481328698716933, 0.5121010619679208, 0.6453143559209806, 0.14315081393630474, 0.016648350791508962, -0.024999738875078815], [-0.6757582255226482, 0.2820380353450521, -0.5997860891437898, -0.10611816776535656, 0.02571157552455554, 0.753368160701028, 0.6124051745975819, 0.024516619770915418, -0.24872036903103106, -0.06720084543859083, 0.6706473816932568, 0.2066568050932583, 0.025287072993200252], [-0.06642750661712289, -0.5448006791295564, -0.12186588459301574, 0.5679398826881188, -0.2300886632443787, -0.33716497581512955, 0.18480141418454715, -0.563787413720638, -0.16836912165302986, 0.4252018241391644, 0.41720824694774683, 0.719963416235711, 0.03338475155886331]], "inverted": false, "swapped": false, "error_lsq": 0.045451697830919686, "error_max": 0.2488746764777474, "target": "1143.xyz", "model": "1.xyz", "model_rescale": 4.316132596720782, "target_rescale": 3.7519606583955043},
{"mapping": [2, 7, 4, 11, 3, 0, 6, 9, 5, 8, 10, 12], "R": [[0.3048809107352507, 0.5480704233931886, -0.7788879516790942], [0.5389238676797672, 0.5750141593305417, 0.6155646037699628], [0.7852443537615058, -0.6074352044218391, -0.12005739175358457]], "T": [0.022979026818451258, -0.04699395392052613, 0.043511516377107616], "aligned_model": [[-0.14293113561133616, 0.5982597767696357, -0.009914708424549605, -0.4759723855859901, -0.6725358755168228, -0.4520663541206252, 0.018548186249741798, -0.026504449154531047, 0.5877274289623261, 0.062222984522419485, 0.24051303555523545, -0.129537949013723], [-0.7061678842924122, -0.21802609646318433, -0.45853449741633084, 0.41677260392278415, -0.1310623735288483, -0.26828130558561064, 0.17375744625836748, 0.5994968775839971, 0.08280084907517113, -0.08316760027182162, 0.593188211925102, 0.012000196533766404], [0.08133881436065078, 0.1707482877106497, -0.5728845307139557, -0.13760135953114733, -0.3252721792780191, 0.5163067875895996, -0.8140989740591675, 0.5306419682931895, -0.4349566860742878, 0.659269873410985, -0.10559589505495973, -0.1186376454441164]], "inverted": false, "swapped": true, "error_lsq": 0.05247910475739411, "error_max": 0.30936857259947853, "target": "1143.xyz", "model": "2.xyz", "model_rescale": 3.795458400668931, "target_rescale": 3.7519606583955043},
{"mapping": [0, 2, 8, 5, 11, 10, 7, 3, 1, 6, 9, 12], "R": [[-0.8465083962196709, 0.39650555178531677, 0.35525608021963817], [0.5248870162768342, 0.5100696101057001, 0.6814122195782971], [0.08897839779183994, 0.7632904691204002, -0.6398988236247638]], "T": [-0.017825653717613056, -0.03577932228036974, 0.03550940744990655], "aligned_model": [[-0.3132157938329442, 0.005256399108114061, -0.6138136000817683, 0.25533650509764105, 0.30789699777280055, 0.0484017053360201, -0.3194827792789953, 0.5534718146420623, 0.16116537366428058, 0.7946806726735164, -0.4701792505360102, 0.183785781178848], [-0.20308994209032202, -0.6761681942105578, -0.06273579864413986, 0.03214516678946141, 0.467726575859139, 0.5787111019449933, -0.25589556793696255, -0.06364370049888207, -0.5540145217649979, 0.1668104603887888, 0.6223906415454692, 0.03353282390771991], [-0.5832986371494244, -0.19435287413945238, -0.1259795746335958, 0.7322790739407876, -0.33492327304515923, 0.34760350546520186, 0.522275211530888, -0.5118959924131761, 0.6704618385958208, 0.32367154213781163, -0.1054998438802715, -0.0515695457703301]], "inverted": false, "swapped": true, "error_lsq": 0.052981740874580845, "error_max": 0.29747272191635993, "target": "1143.xyz", "model": "3.xyz", "model_rescale": 3.7530521520055578, "target_rescale": 3.7519606583955043},
{"mapping": [7, 2, 4, 3, 5, 0, 10, 8, 9, 11, 12], "R": [[-0.739455776866335, 0.3908037178566196, 0.5481583787268498], [0.07658454022571123, -0.7601321974346931, 0.6452393746676665], [0.6688347794914835, 0.5191064404652946, 0.5321546215246375]], "T": [-0.1095865618581256, -0.09463326213530562, -0.016100239514237544], "aligned_model": [[-0.5021266267820768, -0.17817987283330924, 0.3822885606891337, 0.5073900710182635, 0.0870678270551638, -0.3555071654957089, 0.03163199759608348, -0.6769421571556693, -0.4126654652531115, 0.34502493303041976, 0.11021750057601676], [-0.5536751434123878, 0.06989890005778265, -0.33965941373806197, 0.36442310084344454, -0.8130039967963877, 0.5407324907044777, -0.3548906853499425, 0.14380610118398324, 0.16706511544843636, 0.27249003769085334, -0.02998314831785201], [-0.12371984595103362, -0.6731325691949492, -0.5145104646083952, -0.20429424266039342, 0.08384878884251666, -0.20050466262890926, 0.6097676880033991, 0.04100732275330589, 0.6891317962617008, 0.3780858553368272, 0.007151111091247234]], "inverted": false, "swapped": true, "error_lsq": 0.048626281686894084, "error_max": 0.251881114271615, "target": "1143.xyz", "model": "4.xyz", "model_rescale": 3.7855080009869324, "target_rescale": 3.7519606583955043},
{"mapping": [12, 4, 1, 2, 0, 7, 5, 6, 13, 15, 10, 9, 16], "R": [[-0.49156040339520496, -0.5471740271313109, -0.6774724746045754], [0.13844463306857674, -0.8171578335068401, 0.5595410250490259], [-0.8597682556296496, 0.18125578382857455, 0.4774357416870238]], "T": [-0.004443448751722423, 0.02273296132594002, 0.04090686181637443], "aligned_model": [[0.028690142110942618, -0.4197087559249947, -0.5605964477436564, -0.46606079424884506, -0.7757581989141489, -0.00038135041144123083, -0.511488378370661, 0.18729660036418888, 0.5886281707935987, 0.6601406086222824, 0.18535649075799743, -0.019018373958174573, -0.00249916355363461], [-0.6553542209377144, 0.20505228140707235, -0.3967744119813563, -0.2800313793999357, 0.09035445166565412, 0.6581309650961258, 0.653454512146874, 0.07830484896631482, -0.33603523015231307, 0.09315859226570333, 0.6603625841816885, 0.1345699524474242, -0.0021458168881060107], [-0.005624863022017396, -0.5433149916338276, -0.2554229281853404, 0.5318537712675975, -0.05382841960835741, -0.3561099489584911, 0.05501392731792726, -0.5805628373130971, -0.16985147787321342, 0.5232826156399861, 0.33817563093487313, 0.7438962488067911, 0.08848856360844952]], "inverted": true, "swapped": false, "error_lsq": 0.04276626652005514, "error_max": 0.2096109810230855, "target": "1143.xyz", "model": "5.xyz", "model_rescale": 4.2253639853439635, "target_rescale": 3.7519606583955043},
{"mapping": [10, 12, 8, 1, 9, 7, 0, 11, 5, 2, 3, 4, 13], "R": [[0.5071833220618969, 0.5765693744004058, -0.6405722709622879], [-0.7918207274408727, 0.6051954560392561, -0.08220946164793896], [0.34027196977897745, 0.5489136694353325, 0.7634846233486128]], "T": [-0.08002410956043242, 0.04263176551266526, 0.019102871033248016], "aligned_model": [[0.1474161654577435, -0.28191976585787376, -0.34907379058580057, -0.5151978208064174, -0.6677373475382415, -0.05612206341603197, -0.6240934908554601, 0.13641806931386574, 0.3788202076569108, 0.515903363973401, 0.25039231792293876, 0.0072565514242485946, -0.04746184716582964], [-0.6202910948188582, 0.541289766552206, -0.6013213501545981, -0.2314943879924067, -0.017726086054998876, 0.8117219392596914, 0.5897664102285484, -0.02728369766501554, -0.34974659859055734, -0.04588172839035727, 0.61534974581216, 0.15024630430218966, 0.08841790632942823], [0.3616180925032827, -0.7437353204834761, -0.22338739590805137, 0.5427291451669819, -0.1343458407409404, -0.17408153015585312, 0.23749435029805213, -0.7250868897307556, -0.1712714402372428, 0.31441189514510004, 0.2756736647513475, 0.7131579909377992, 0.04281856943503584]], "inverted": true, "swapped": false, "error_lsq": 0.045886228879015986, "error_max": 0.26840001117285955, "target": "1143.xyz", "model": "6.xyz", "model_rescale": 3.89814844738969, "target_rescale": 3.7519606583955043},
{"mapping": [5, 3, 6, 9, 8, 7, 11, 0, 1, 2, 4, 10, 12], "R": [[-0.6875775448500746, -0.18184714303808014, 0.7029713624229881], [-0.6953709517157916, 0.44361797425357474, -0.5653868873868843], [-0.2090367415738638, -0.8775731932369192, -0.4314729785098239]], "T": [-0.07498984057391737, 0.16519100143433052, -0.013862961572937822], "aligned_model": [[-0.007121701873143968, -0.34926279686481737, -0.3392572039427379, -0.5824338714922013, -0.7444015078079802, -0.12451675793124035, -0.5903570340091862, 0.27976890007614447, 0.4810409407150899, 0.5526998569338456, 0.2574606610711467, 0.06465933689248078, -0.0036782722439463594], [-0.5691747984912798, 0.1351960892210814, -0.37186375889417744, -0.35121848321496474, 0.1757136133971947, 0.7061095960427191, 0.6161403538742909, 0.0588697208806189, -0.45539270584863745, 0.08516757925017637, 0.649930617078027, 0.04353991761526933, 0.1800293879071131], [0.22837120545091372, -0.7729786229570783, -0.328681633341877, 0.5093651709699015, -0.1111463965612503, -0.38295487154919666, 0.41785651527243783, -0.4763047511012092, -0.1570490102924424, 0.30417750765309676, 0.2507120889624829, 0.6964910234871395, 0.13813706498836145]], "inverted": true, "swapped": false, "error_lsq": 0.03998887106701405, "error_max": 0.1941228586099086, "target": "1143.xyz", "model": "7.xyz", "model_rescale": 3.7474275329858107, "target_rescale": 3.7519606583955043},
{"mapping": [4, 7, 11, 12, 10, 6, 0, 5, 8, 2, 3, 1, 14], "R": [[0.45584792610482755, -0.8562193894212203, -0.24308645672904272], [-0.7804001000051318, -0.25316162076351384, -0.5717384696558134], [0.4279934020261391, 0.45033049080818843, -0.7835968969250376]], "T": [-0.14109621215045415, -0.04205434421095408, 0.05481983305062325], "aligned_model": [[0.3838859458345177, -0.3819768689401404, -0.5400177091503644, -0.6210592483609202, -0.8106815459034502, -0.20704666646085043, -0.2521164311120807, 0.18155721548464637, 0.48584348921884773, 0.5246699098904712, 0.336579979797516, -0.08889394098285387, -0.11614357979188547], [-0.5908041851188504, 0.10740073108020062, -0.3836344001927936, -0.3094885869422689, 0.26420744076775315, 0.6835842226395801, 0.5650840666733984, 0.21534315732373424, -0.2138448723248885, -0.03662224091299646, 0.4873992417912735, 0.1876190471290523, -0.07319649309576307], [0.24321620176967929, -0.564467920403538, -0.27784314982643366, 0.33545665972473365, -0.12717620968879323, -0.31401252219102277, 0.28562429279414153, -0.5305541976860578, -0.15168668295754198, 0.569907649685995, -0.020272729164819446, 0.7684912394031387, 0.09931265952179832]], "inverted": false, "swapped": false, "error_lsq": 0.05955126010520988, "error_max": 0.31712662303309563, "target": "1143.xyz", "model": "8.xyz", "model_rescale": 4.019505241142653, "target_rescale": 3.7519606583955043},
{"mapping": [6, 3, 2, 1, 0, 4, 7, 5, 6, 11, 8, 9, 12], "R": [[-0.7231764812300424, -0.4799613071273048, -0.49664164208852196], [-0.20929255515267742, 0.837558655131638, -0.5046703137413037], [0.6581887292816536, -0.2610223034047693, -0.706155049384957]], "T": [-0.09614726490290582, -0.012174188488110999, 0.10433144315506784], "aligned_model": [[0.30162980086269675, -0.2776188885212073, -0.3720689940576212, -0.5560146920408839, -0.6667256008173512, -0.26705099248941633, -0.5176599687936488, 0.31748738191422665, 0.30162980086269675, 0.4970611116717296, 0.14112505475411224, 0.05667659706914563, -0.0638700608910252], [-0.6023871981235176, 0.09238521213003972, -0.35173437118119566, -0.2823713998338977, 0.25633068667815373, 0.6651032668137857, 0.7644948084222508, 0.09078845745372358, -0.6023871981235176, 0.108836064596887, 0.5744694630721436, 0.18861171301388677, 0.0009076238986890396], [-0.042242248805393984, -0.7290929321217042, -0.29383716927736514, 0.5188440709591112, -0.05375578804385267, -0.3425262922372426, 0.30104519400300245, -0.4141565428533641, -0.042242248805393984, 0.2482406666363298, 0.340314501434111, 0.7396817012020921, 0.08572237889095005]], "inverted": true, "swapped": false, "error_lsq": 0.054781489339350724, "error_max": 0.301888358757275, "target": "1143.xyz", "model": "9.xyz", "model_rescale": 3.877068213659057, "target_rescale": 3.7519606583955043},
{"mapping": [9, 1, 8, 11, 0, 5, 12, 4, 2, 13, 3, 10, 15], "R": [[-0.24976881704334444, -0.4732415226967143, 0.8447828118685086], [0.8094610050597494, -0.5808336138060222, -0.08605343898240003], [0.5314023139961186, 0.6623252782951382, 0.5281446832174292]], "T": [0.02648704326785306, 0.05945252481039408, 0.08573353465090221], "aligned_model": [[0.030468257473524135, -0.354526178354681, -0.3978996573132984, -0.6176969556546956, -0.7402676759414364, -0.27999962888587665, -0.45413839315212057, 0.4022879067295034, 0.4672651762796233, 0.7577928139988694, 0.25703643541450255, -0.1153350756702193, -0.06038647540024138], [-0.5803311192708549, 0.22370935678436338, -0.5142235368644288, -0.1286284992841487, 0.19684932260355292, 0.6624892004972656, 0.5600396831061971, 0.2222576818521081, -0.3973391347048476, 0.09167418063751989, 0.6428535330915794, -0.15427197840117152, 0.07796843877029652], [0.24792583594544443, -0.676339446304418, -0.20771942655277514, 0.39282925290728915, -0.07850822666533479, -0.3059399643392502, 0.3625130543574238, -0.45311604696447955, -0.10768666906493214, 0.3343137642648915, -0.010451620365513212, 0.7471102070296328, 0.07106457673330067]], "inverted": false, "swapped": false, "error_lsq": 0.04644623535882289, "error_max": 0.27196361624353493, "target": "1143.xyz", "model": "10.xyz", "model_rescale": 4.260839863003843, "target_rescale": 3.7519606583955043},
{"mapping": [0, 2, 4, 3, 6, 11, 9, 8, 1, 5, 10, 12], "R": [[-0.7152874451114283, 0.4429389248761339, 0.5405265763082701], [-0.6985295662824745, -0.47586616903163875, -0.534422898274737], [0.02050160713660465, -0.7598397844287481, 0.6497870313449553]], "T": [0.14140572772540608, 0.01975980445808964, -0.04295569710855244], "aligned_model": [[0.4212677748125323, 0.2426438292054031, -0.3405850517028127, -0.4475601330258604, -0.6730273398600491, -0.31220373417610825, 0.42752886279284674, 0.7157534009760648, 0.1259723076437461, -0.0895095818080286, -0.035202740973208246, -0.07617894479039575], [-0.13188238152904444, -0.627764042454481, -0.505433824847227, -0.1745769417213265, 0.06814403581127976, 0.40974219108156995, 0.7449992771616175, 0.10685696422723578, -0.4698889515649264, 0.0858775700764833, 0.6299264204097614, 0.037078188881991686], [-0.6729187567149387, -0.22715958262784827, 0.162588079036178, -0.5350556226123642, 0.30143406887635915, -0.4157639589950768, -0.2662410428203403, -0.2540144807575203, 0.6380553196568894, 0.6691017656418426, 0.23253190720402275, -0.11637961849169884]], "inverted": true, "swapped": true, "error_lsq": 0.05161917013853576, "error_max": 0.27176980891692304, "target": "1143.xyz", "model": "11.xyz", "model_rescale": 3.890672605050136, "target_rescale": 3.7519606583955043},
{"mapping": [11, 3, 0, 6, 8, 7, 5, 4, 2, 10, 12, 9, 13], "R": [[-0.3241010036220789, -0.8402789972262729, -0.43461448005280606], [0.05731420762219319, 0.44112784289796303, -0.8956122530564388], [0.9442847139797412, -0.31517841461718105, -0.09481005170127763]], "T": [-0.1676297283496908, -0.07624618906765089, 0.08449130039614001], "aligned_model": [[0.17003534726230596, -0.3952750938595206, -0.375273752324516, -0.5627748617564892, -0.8192622817995878, -0.18150188194214417, -0.36722285325343573, 0.26706555537051857, 0.43863007598970527, 0.7089816056712742, 0.26149416435290357, -0.15009948345000698, -0.10019599073755342], [-0.3904057069111585, 0.20259886972588148, -0.3174398719988397, -0.38253354159755976, 0.1495726746564215, 0.7223439301992058, 0.6037392404332744, -0.046559684033852425, -0.4109144838109604, 0.05855858703845214, 0.5250121517189754, 0.13593584937108633, 0.05313911402650549], [0.3845717195432938, -0.7660886057563405, -0.4129060320945431, 0.3710340112905201, -0.12424753621283634, -0.21388020467841679, 0.40504485597252066, -0.46433997199586446, -0.07678583934365892, 0.1981607591241978, 0.18182186646537768, 0.8331513628404652, 0.0004589058265649232]], "inverted": true, "swapped": false, "error_lsq": 0.05426777650847746, "error_max": 0.35763560698503977, "target": "1143.xyz", "model": "12.xyz", "model_rescale": 4.124412569039231, "target_rescale": 3.7519606583955043},
{"mapping": [5, 11, 10, 4, 2, 8, 1, 9, 7, 3, 6, 0, 12], "R": [[0.7639386826232162, 0.4111556045536068, 0.4973416914316189], [0.5346412411033149, -0.8348557883853256, -0.13105172990473607], [0.3613259366602577, 0.3660148650583402, -0.857599373864576]], "T": [0.03608740183154231, 0.03964886743131623, 0.10343530818503874], "aligned_model": [[0.03961149185658881, -0.45495437628314234, -0.3524566144027356, -0.6149499415533088, -0.7793919302479678, -0.20514015741174768, -0.3904995509461731, 0.4402799783226917, 0.3164982510459444, 0.6494506236434007, 0.23055792051139856, 0.07606306878990991, -0.06046821380140535], [-0.6725572319892378, 0.1567224328191473, -0.36288108806644953, -0.25792536993764187, 0.2074131690324078, 0.5574564061803639, 0.6462342198625616, 0.2046274977194969, -0.43865360992307945, 0.24137072641904017, 0.6797668632550172, -0.05572060193985539, -0.002806284614339391], [0.36130335934661206, -0.754308601015047, -0.37782642379976694, 0.42882155024546353, -0.11847483513512352, -0.33082352980748975, 0.43950387387427114, -0.3635247379196299, -0.18926619559577515, 0.4064983800051485, 0.09687912247110306, 0.6744642074161725, 0.04274912089534152]], "inverted": true, "swapped": false, "error_lsq": 0.0545514043206693, "error_max": 0.33528673211126886, "target": "1143.xyz", "model": "13.xyz", "model_rescale": 3.9028299243045295, "target_rescale": 3.7519606583955043},
{"mapping": [8, 14, 13, 4, 10, 9, 7, 11, 12, 2, 6, 3, 15], "R": [[0.03508313870297128, -0.4387213038648642, 0.8979380774384511], [0.9425828596350107, -0.2840689604397919, -0.17561998302283788], [0.33212456413375074, 0.8525423410305025, 0.4035651504394261]], "T": [0.0006205537665355393, -0.006622783518659109, 0.12456527412532188], "aligned_model": [[0.2573848230535812, -0.34677401836707217, -0.33897372832393247, -0.5231367919844756, -0.7155795534130721, -0.16190851351463786, -0.6136586096109258, 0.2607576451327461, 0.27321616093808493, 0.6323738859000101, 0.2433533540235695, -0.02891838341393556, -0.04353572089648658], [-0.7102164180213718, 0.16327440965364678, -0.47090694360477026, -0.12328960953081897, 0.06095462994950142, 0.6744670897481102, 0.6517252482893263, 0.24059600256155914, -0.4192428205098313, -0.13821250457513246, 0.6024979908494551, 0.2765795243405407, 0.09482052966721678], [0.3130732767734227, -0.6713634964234205, -0.4247682257268424, 0.5386067797293045, -0.06996827494487322, -0.2079198282263931, 0.2238977174256272, -0.5212429434148991, -0.36500252402429506, 0.4791377521975995, 0.24481889012835453, 0.6791942936073738, 0.09753187388032078]], "inverted": true, "swapped": false, "error_lsq": 0.044564581924310204, "error_max": 0.31620456898906113, "target": "1143.xyz", "model": "14.xyz", "model_rescale": 3.942246331269136, "target_rescale": 3.7519606583955043},
{"mapping": [13, 1, 12, 8, 0, 5, 2, 3, 4, 10, 9, 6, 14], "R": [[0.971932128115614, -0.012952057037932618, 0.2349046243800662], [0.2179767310521985, 0.4252280585480205, -0.8784459248828462], [-0.08851035564526544, 0.9049935593372849, 0.41611605893257864]], "T": [-0.016715107448804722, 0.042863295586434993, 0.1085554954155938], "aligned_model": [[0.014210237460011904, -0.38491183648953714, -0.36472430451187526, -0.5437555759965684, -0.7305097966975806, -0.040513326877735026, -0.4558129186344611, 0.18298318311075681, 0.4693845149389532, 0.6526783826092639, 0.2189564210456511, -0.017763784339178863, -0.10562064609424733], [-0.7593412259555027, 0.13934762379793098, -0.4562701568602441, -0.23453596519908593, 0.21953687022542973, 0.5370458556459924, 0.6632182936349967, 0.006133244202963642, -0.24380529662166184, 0.15405867595424244, 0.7155481018148837, 0.0999168142393579, 0.062194293938128475], [-0.019668430453402982, -0.6068208942660203, -0.43718405196110527, 0.6026394163403611, 0.10959110768895673, -0.28893261795901864, 0.03783981647788566, -0.5808786396354662, -0.050165178343408987, 0.32889264365868753, 0.48287673213459553, 0.6649125620773926, 0.07289282522182328]], "inverted": false, "swapped": false, "error_lsq": 0.05048184400763768, "error_max": 0.28700884477228933, "target": "1143.xyz", "model": "15.xyz", "model_rescale": 4.355366556412066, "target_rescale": 3.7519606583955043},
{"mapping": [2, 7, 4, 11, 3, 0, 6, 9, 5, 8, 10, 12], "R": [[0.3048809107352507, 0.5480704233931886, -0.7788879516790942], [0.5389238676797672, 0.5750141593305417, 0.6155646037699628], [0.7852443537615058, -0.6074352044218391, -0.12005739175358457]], "T": [0.022979026818451258, -0.04699395392052613, 0.043511516377107616], "aligned_model": [[-0.14293113561133616, 0.5982597767696357, -0.009914708424549605, -0.4759723855859901, -0.6725358755168228, -0.4520663541206252, 0.018548186249741798, -0.026504449154531047, 0.5877274289623261, 0.062222984522419485, 0.24051303555523545, -0.129537949013723], [-0.7061678842924122, -0.21802609646318433, -0.45853449741633084, 0.41677260392278415, -0.1310623735288483, -0.26828130558561064, 0.17375744625836748, 0.5994968775839971, 0.08280084907517113, -0.08316760027182162, 0.593188211925102, 0.012000196533766404], [0.08133881436065078, 0.1707482877106497, -0.5728845307139557, -0.13760135953114733, -0.3252721792780191, 0.5163067875895996, -0.8140989740591675, 0.5306419682931895, -0.4349566860742878, 0.659269873410985, -0.10559589505495973, -0.1186376454441164]], "inverted": false, "swapped": true, "error_lsq": 0.05247910475739411, "error_max": 0.30936857259947853, "target": "1143.xyz", "model": "16.xyz", "model_rescale": 3.795458400668931, "target_rescale": 3.7519606583955043},
{"mapping": [5, 3, 6, 9, 8, 7, 11, 0, 1, 2, 4, 10, 12], "R": [[-0.6875775448500746, -0.18184714303808014, 0.7029713624229881], [-0.6953709517157916, 0.44361797425357474, -0.5653868873868843], [-0.2090367415738638, -0.8775731932369192, -0.4314729785098239]], "T": [-0.07498984057391737, 0.16519100143433052, -0.013862961572937822], "aligned_model": [[-0.007121701873143968, -0.34926279686481737, -0.3392572039427379, -0.5824338714922013, -0.7444015078079802, -0.12451675793124035, -0.5903570340091862, 0.27976890007614447, 0.4810409407150899, 0.5526998569338456, 0.2574606610711467, 0.06465933689248078, -0.0036782722439463594], [-0.5691747984912798, 0.1351960892210814, -0.37186375889417744, -0.35121848321496474, 0.1757136133971947, 0.7061095960427191, 0.6161403538742909, 0.0588697208806189, -0.45539270584863745, 0.08516757925017637, 0.649930617078027, 0.04353991761526933, 0.1800293879071131], [0.22837120545091372, -0.7729786229570783, -0.328681633341877, 0.5093651709699015, -0.1111463965612503, -0.38295487154919666, 0.41785651527243783, -0.4763047511012092, -0.1570490102924424, 0.30417750765309676, 0.2507120889624829, 0.6964910234871395, 0.13813706498836145]], "inverted": true, "swapped": false, "error_lsq": 0.03998887106701405, "error_max": 0.1941228586099086, "target": "1143.xyz", "model": "17.xyz", "model_rescale": 3.7474275329858107, "target_rescale": 3.7519606583955043},
{"mapping": [7, 4, 9, 2, 6, 8, 0, 5, 12, 11, 3, 1, 13], "R": [[0.9307722754552681, -0.3655796565211385, 0.003806045416097137], [0.28376354789125685, 0.7289528679704331, 0.622981512699893], [-0.23052379515353583, -0.5787739031915371, 0.782227299991789]], "T": [0.007633770071687543, 0.07549741316231302, 0.04246627591008424], "aligned_model": [[0.15977837450869736, -0.49379550448287024, -0.289065231836613, -0.561649560980499, -0.7067963443869818, 0.006824660500917361, -0.6333937645703683, 0.18782723293928383, 0.3733582942921485, 0.6228662375955591, 0.3426781589261208, -0.021552263077262115, -0.09247973990467942], [-0.5768986457040862, 0.34720869527772075, -0.39878457844268844, -0.13360736774194032, -0.11661061585041128, 0.7402684216860697, 0.5708278600629618, 0.07644462794478198, -0.47350070304675723, -0.02380695233661674, 0.5933630138984379, 0.2147274935276235, 0.08341587954233605], [0.3869233614121721, -0.5608309011191946, -0.324617448275403, 0.41128113922065296, -0.17589793407807064, -0.2312732038634953, 0.24952626476548984, -0.6580687734587778, -0.30978869438289786, 0.40765706947339075, 0.32557342590917226, 0.7194312506319486, 0.07607973474629232]], "inverted": true, "swapped": false, "error_lsq": 0.04531629996373613, "error_max": 0.2375731943085007, "target": "1143.xyz", "model": "18.xyz", "model_rescale": 3.922800546911778, "target_rescale": 3.7519606583955043},
{"mapping": [6, 0, 1, 8, 5, 3, 12, 2, 10, 11, 7, 13, 14], "R": [[0.9919467069884303, -0.10346924173152051, 0.0730468788540176], [0.05985092971879682, 0.8912092326383959, 0.449626478170356], [-0.11162256360881966, -0.4416335807834207, 0.8902247938682729]], "T": [-0.08411809188653216, 0.0075160272308347625, 0.06624124512732381], "aligned_model": [[-0.04861333127944889, -0.4484158993588999, -0.3658571931783857, -0.49029730284318995, -0.8174387954257668, -0.13109319646230322, -0.4644236326365295, 0.26869299374694355, 0.6098141760599883, 0.5362541569096609, 0.26290930347973374, 0.019413805337279932, -0.03634453482562915], [-0.679433335719692, 0.29171746357826256, -0.47811880579881055, -0.2715436643318201, 0.16834109959094895, 0.5630719240640303, 0.6414902710337536, -0.05390381965876649, -0.3852587319113681, 0.13148918009942684, 0.7101427916478378, 0.17383791575244084, 0.09121484047118798], [0.11730744362702496, -0.6301489376910175, -0.41621591534122276, 0.42891849993275233, -0.07127152535891575, -0.24728742761101546, 0.33467819943109073, -0.5541464586918061, -0.05535909758061831, 0.39336896186832365, 0.22147859839274803, 0.7245967133024045, 0.0700762367015315]], "inverted": false, "swapped": false, "error_lsq": 0.04129090752165084, "error_max": 0.2121271865395792, "target": "1143.xyz", "model": "19.xyz", "model_rescale": 3.9282355846067225, "target_rescale": 3.7519606583955043},
{"mapping": [11, 2, 10, 0, 1, 5, 3, 7, 9, 8, 6, 4, 13], "R": [[0.26546068218091695, 0.9340108225436328, 0.23906988431713747], [0.1478394059817802, 0.20559917920773912, -0.9674050276632116], [-0.9527193376094543, 0.29215194827430335, -0.08350510681708158]], "T": [0.05222545402266865, 0.08903266930256917, -0.017047202318303506], "aligned_model": [[-0.06790260064283457, -0.4501423034484019, -0.35416121398707595, -0.5652231914735592, -0.68824284516566, -0.24614997860903065, -0.40897403950419386, 0.3027459523527748, 0.5032897511099041, 0.6585489936397331, 0.28259521271114096, 0.030531147941563034, -0.10231433540090706], [-0.5198196793206527, 0.16396766642784552, -0.5553420219598745, -0.18876394184879605, 0.19112034725107002, 0.6908377432635378, 0.49835138913437516, 0.24423841431704635, -0.43530499566868497, 0.02500486446987965, 0.6939922418996335, 0.04701299023388367, 0.04775211061816777], [0.3410466951223309, -0.6656823793008664, -0.4193722976278478, 0.40931321001441967, -0.06982598796973812, -0.20807836837576044, 0.41435548880377837, -0.5659082348306865, -0.011060698875055924, 0.4378085821263128, 0.07125763255531323, 0.613136539612918, -0.03099489027383757]], "inverted": false, "swapped": false, "error_lsq": 0.04900886979369035, "error_max": 0.28560437038260444, "target": "1143.xyz", "model": "20.xyz", "model_rescale": 4.067790424073018, "target_rescale": 3.7519606583955043},
{"mapping": [11, 4, 6, 3, 2, 8, 0, 5, 13, 10, 7, 12, 14], "R": [[-0.18713305784041945, -0.7587969909557621, -0.6238656467379619], [-0.17845754079018483, -0.5982571293668455, 0.7811794373233727], [-0.9659886773655341, 0.2575180259287159, -0.0234593589717082]], "T": [-0.034768526878955756, 0.09899119046399184, 0.00905000571991766], "aligned_model": [[0.04344837796356466, -0.41866557907528706, -0.401957013961756, -0.6355319978175141, -0.7698457850546272, -0.008751342716246328, -0.48983055808073134, 0.2065925509385613, 0.5172506839918195, 0.679191266839054, 0.14167084387652484, 0.005800200623929962, 0.025228901996161478], [-0.46747412775318675, 0.21794925447677582, -0.4493059055400541, -0.27632206514152097, 0.1339629230652543, 0.5776945274897932, 0.5762525571446176, 0.13712454757987258, -0.29792763605214356, -0.12459641380285903, 0.8024205050736616, -0.007307665212801573, 0.08057662749002244], [0.3107641304027283, -0.6844516359923254, -0.325763094625254, 0.480185048784501, -0.10122389858538558, -0.2997122296225205, 0.27286464737881866, -0.5283109512240393, -0.15784439521629817, 0.3430512298584164, 0.18432209421083073, 0.7667231532764932, 0.055391192335314234]], "inverted": true, "swapped": false, "error_lsq": 0.0433499715489036, "error_max": 0.2776202765360799, "target": "1143.xyz", "model": "21.xyz", "model_rescale": 4.186013935880536, "target_rescale": 3.7519606583955043},
{"mapping": [7, 8, 1, 0, 2, 8, 5, 9, 10, 4, 11, 6, 12], "R": [[0.37869702798271343, -0.03047585395802771, -0.925018801604913], [-0.9121573841970992, -0.18151697810883638, -0.36745134795363366], [-0.15670822394426565, 0.9829154638033557, -0.09653871536574693]], "T": [-0.0719997667339904, 0.07170548466874621, 0.09230193859101399], "aligned_model": [[0.19185726554646454, -0.20088797233116573, -0.43514611884673643, -0.6450540399784074, -0.7291771956838311, -0.20088797233116573, -0.573558550521067, 0.0964176752828126, 0.6471287211679503, 0.5656369007594946, 0.2692371435762799, -0.04072656762076221, -0.050238739496412874], [-0.6004848668051885, 0.530237270189557, -0.5298892137677154, -0.23156419740732087, 0.3068938366988689, 0.530237270189557, 0.5685351545287036, -0.04813534690059097, -0.273452028217327, 0.037758885648615875, 0.5974512596905062, -0.07925612102137464, 0.09471522599114018], [0.2221608535039023, -0.5083681562436246, -0.11100025444362688, 0.4107744505228383, -0.15770499893917517, -0.5083681562436246, 0.4087475763674429, -0.4931248292900071, -0.15268773838341362, 0.4385435557476396, 0.014105200804013368, 0.6271714830987188, 0.1257463044801965]], "inverted": true, "swapped": false, "error_lsq": 0.05703516099665154, "error_max": 0.3461948863230465, "target": "1143.xyz", "model": "22.xyz", "model_rescale": 4.166573947596378, "target_rescale": 3.7519606583955043},
{"mapping": [10, 6, 13, 14, 12, 2, 11, 1, 7, 8, 3, 9, 15], "R": [[-0.7894191528217249, -0.5878932966277569, -0.17663202693276986], [0.5218458727999221, -0.4911884030156679, -0.6974316007929421], [0.3232557597320088, -0.6427405577082143, 0.6945432234764197]], "T": [-0.02030630131474037, 0.11294229407752611, 0.021061537318686784], "aligned_model": [[0.004222446893171097, -0.4065656870430254, -0.2801452607409225, -0.573616504705829, -0.6697620664679598, -0.02142669315046096, -0.4674248889040366, 0.1925182231460374, 0.3676545070306727, 0.676911956520976, 0.1380971978597192, -0.06009022581380451, -0.005772455101084005], [-0.6021722293753137, 0.26428517645642996, -0.6698505268086036, -0.3581157511490325, 0.20000040037298994, 0.6769294578316455, 0.6594270449793311, 0.22444872446571584, -0.46924022716443414, 0.08712863661617054, 0.6432934939553862, 0.14116871752566829, 0.1057442111114779], [0.24230979598358443, -0.6169091915215298, -0.17007258739272876, 0.33399907113476884, 0.017987376179254257, -0.3459894986855865, 0.37253374545234424, -0.6500353995222358, -0.127058585549694, 0.4300841482464718, 0.25571572597396214, 0.6194507707218898, -0.04602008003922101]], "inverted": false, "swapped": false, "error_lsq": 0.046817911080819216, "error_max": 0.2654596798190743, "target": "1143.xyz", "model": "23.xyz", "model_rescale": 4.274766983524099, "target_rescale": 3.7519606583955043},
{"mapping": [3, 8, 2, 4, 7, 5, 6, 10, 11, 9, 12], "R": [[0.2421108603453329, -0.22676024408859774, 0.9433780382241908], [0.7394348045099599, -0.58639481467643, -0.3307223778336038], [0.6281866770173978, 0.7776380347060418, 0.025701863674930547]], "T": [-0.08283644772360774, 0.2337568249677906, -0.010109912735571498], "aligned_model": [[0.33535018334287037, -0.002521415490285478, -0.3272851922709952, -0.4283068463464633, -0.6066069083237752, -0.5535999302758478, -0.1351871215749757, 0.08616361731678182, 0.5394544296124876, 0.43603943999103545, 0.03639444797724227], [-0.226844537885031, 0.8465592929574636, 0.3376562286822443, -0.3149467969489814, 0.4753347234786509, -0.16066049484140155, -0.6358556536446092, 0.03223487107169576, -0.08974113306397802, 0.6094855120621245, 0.0423645193753055], [-0.49977941235989237, -0.0046687743615038, -0.6369408964537677, -0.37061822415061885, 0.19892059838727527, 0.4229443456381819, 0.14888728951762, 0.6303704934300745, 0.06015345657965123, 0.48717356139206724, -0.05687600359750989]], "inverted": false, "swapped": true, "error_lsq": 0.06237741562802899, "error_max": 0.40750065084421727, "target": "1143.xyz", "model": "24.xyz", "model_rescale": 3.7841303162186577, "target_rescale": 3.7519606583955043},
{"mapping": [14, 0, 10, 11, 7, 1, 6, 8, 9, 5, 4, 3, 15], "R": [[-0.8599439684679894, -0.4147838141135636, 0.29740672259538875], [0.33154667715901753, -0.8969977189023582, -0.29235576469223246], [0.3880375909114218, -0.15280536585267723, 0.9088879734083236]], "T": [-0.05058939751152287, 0.0010379488186371133, -0.005440689585941669], "aligned_model": [[0.11556643650910564, -0.4185296200138831, -0.4492450434138466, -0.6321614434732792, -0.682009057634383, -0.00811051600541094, -0.3895145975553946, 0.21073800660222686, 0.3262569700512403, 0.6342390315495317, 0.24429377068288616, 0.019900427974858102, -0.0768238157501983], [-0.7668510997109452, 0.2769594830913585, -0.5808886356227878, -0.17099096227524024, 0.05236872733581001, 0.6234036682395945, 0.5089538322366223, 0.21784705335683338, -0.4057791798547802, 0.20422508483644142, 0.6486098520750896, 0.25148015557116293, 0.04370914953827205], [0.104275354271843, -0.579737867831747, -0.33360258802592946, 0.46531145142501307, -0.15200099828994235, -0.4102775082163962, 0.38079449315894753, -0.48934107570624374, -0.19152493824442057, 0.5035423709871325, 0.21905628163371405, 0.7569973559056089, 0.042502959913699664]], "inverted": false, "swapped": false, "error_lsq": 0.042650455533811756, "error_max": 0.25586720739834784, "target": "1143.xyz", "model": "25.xyz", "model_rescale": 4.19342608120988, "target_rescale": 3.7519606583955043},
{"mapping": [2, 7, 4, 11, 3, 0, 6, 9, 5, 8, 10, 12], "R": [[0.3048809107352507, 0.5480704233931886, -0.7788879516790942], [0.5389238676797672, 0.5750141593305417, 0.6155646037699628], [0.7852443537615058, -0.6074352044218391, -0.12005739175358457]], "T": [0.022979026818451258, -0.04699395392052613, 0.043511516377107616], "aligned_model": [[-0.14293113561133616, 0.5982597767696357, -0.009914708424549605, -0.4759723855859901, -0.6725358755168228, -0.4520663541206252, 0.018548186249741798, -0.026504449154531047, 0.5877274289623261, 0.062222984522419485, 0.24051303555523545, -0.129537949013723], [-0.7061678842924122, -0.21802609646318433, -0.45853449741633084, 0.41677260392278415, -0.1310623735288483, -0.26828130558561064, 0.17375744625836748, 0.5994968775839971, 0.08280084907517113, -0.08316760027182162, 0.593188211925102, 0.012000196533766404], [0.08133881436065078, 0.1707482877106497, -0.5728845307139557, -0.13760135953114733, -0.3252721792780191, 0.5163067875895996, -0.8140989740591675, 0.5306419682931895, -0.4349566860742878, 0.659269873410985, -0.10559589505495973, -0.1186376454441164]], "inverted": false, "swapped": true, "error_lsq": 0.05247910475739411, "error_max": 0.30936857259947853, "target": "1143.xyz", "model": "26.xyz", "model_rescale": 3.795458400668931, "target_rescale": 3.7519606583955043},
{"mapping": [0, 10, 7, 6, 5, 11, 8, 4, 3, 2, 9, 1, 12], "R": [[0.6884698145118894, 0.19098586121959588, -0.6996668602414824], [0.36200326060957017, 0.7454508618602284, 0.5596933552043319], [0.6284607814446375, -0.6386136651889405, 0.4440829121008189]], "T": [-0.041363553285206356, 0.18650377807015528, 0.06821301756564144], "aligned_model": [[0.18270396812819722, -0.3071976135692406, -0.31977237221790744, -0.6583825155228393, -0.7561222098404331, -0.1345256098864951, -0.6012745371073163, 0.2581307739830109, 0.3725148494153878, 0.6715994709359215, 0.3673302383345798, -0.059311859279561036, -0.12109203384985076], [-0.5674187648495227, 0.11553109424748716, -0.4741123518066226, -0.08649686618063396, -0.009651713169865017, 0.8025327884998754, 0.5664934015614664, 0.39223978470243837, -0.3272591983048694, -0.08143122325634422, 0.3127673579613053, 0.21057669395870024, 0.04927612545401672], [0.3377825581634144, -0.5890400227872686, -0.3142565330087048, 0.5435499592751141, -0.06408798022344603, -0.2830755835191824, 0.33813761137002396, -0.6846741095296119, -0.263191313625334, 0.5094946453917208, 0.10564539926814995, 0.6593572669530352, 0.020353393253369656]], "inverted": false, "swapped": false, "error_lsq": 0.0523436765113605, "error_max": 0.3072175887809166, "target": "1143.xyz", "model": "27.xyz", "model_rescale": 3.6321398670334006, "target_rescale": 3.7519606583955043},
{"mapping": [6, 2, 13, 9, 11, 5, 0, 1, 4, 7, 3, 8, 14], "R": [[-0.4268672931969024, 0.3292944202163535, -0.8422288874249835], [0.8449668459663646, -0.18659766007994666, -0.5012108762490521], [-0.32220388454580084, -0.925606016654529, -0.19859042956933237]], "T": [-0.11654444300722003, 0.06593661196913998, 0.19482239085600445], "aligned_model": [[0.04026333116646094, -0.40736882350531933, -0.4664588842968356, -0.5613577952562867, -0.715066570307503, -0.0889680265521498, -0.3726548861266481, 0.15303046518686744, 0.5442392905232029, 0.5896407476606434, 0.3127186158708859, -0.011133840711200577, -0.12228307412866396], [-0.6904100988500872, 0.26210743848134743, -0.4876526857820312, -0.385216243209021, 0.07894179678770609, 0.7078663695967272, 0.6342960749656166, 0.1200334519988848, -0.2774833490802674, 0.08760878773131166, 0.5992562880424745, 0.2110311766472901, 0.04266812148747992], [0.10962607560470605, -0.5195877506354427, -0.29259540232187203, 0.4073649610525891, -0.037831783227530724, -0.40445638325207783, 0.166775002967406, -0.4148251277293254, -0.1683509014074131, 0.5137583989877039, 0.14131136995471566, 0.6794519277385717, 0.1353549032492487]], "inverted": true, "swapped": false, "error_lsq": 0.03997539448193066, "error_max": 0.22045307682288898, "target": "1143.xyz", "model": "28.xyz", "model_rescale": 4.156811204709835, "target_rescale": 3.7519606583955043},
