[{"mapping": [10, 3, 6, 11, 8, 13, 14, 1, 9, 0, 5, 7, 4, 15], "R": [[0.6055589689159944, -0.732431344032793, 0.3111955357065951], [0.6206509617054103, 0.6794270501083699, 0.3913710098042368], [-0.49808705955841426, -0.04385441664593648, 0.8660173619743994]], "T": [-0.010061595821025913, 0.09087731052549915, 0.11754143144755493], "aligned_model": [[-0.05524571683543824, 0.34775211134264666, -0.581920926863511, -0.27101272867883724, -0.5809789985231942, -0.18513137552124967, -0.6764048207130737, 0.04415037049252047, -0.44017392801950844, 0.08538128549619675, 0.7063017205479312, 0.2249103825759056, 0.7341210533517835, 0.01974367247613216], [-0.5983580558446449, -0.5255555186229354, -0.3748588288630916, -0.24486541364540898, 0.24540420234933996, 0.3882696098097421, 0.10896249729983552, 0.48623909411376337, 0.609553298519089, -0.22885518749068323, 0.5615731302960325, 0.82039833165234, -0.05960490940357509, 0.04697108164023139], [0.24577799500242659, -0.19147399929151265, 0.35013670829884325, -0.298615060481447, 0.5709634912225746, -0.4865672729657766, -0.13204017151501357, 0.5400987447570194, 0.11952135384797902, 0.7957641455264999, 0.242900547714282, -0.03712864265299069, 0.05906573034761431, 0.11918451736933532]], "inverted": false, "swapped": true, "error_lsq": 0.04783865088304, "error_max": 0.25680718953440396, "target": "1144.xyz", "model": "0.xyz", "model_rescale": 3.8414455957264533, "target_rescale": 4.251558804270387},
{"mapping": [0, 8, 5, 9, 1, 7, 12, 2, 3, 4, 13, 6, 11, 10, 15], "R": [[-0.6707376379672769, 0.27251873982316155, 0.6898148718745301], [0.7402093728078462, 0.30478416862857377, 0.5993302052798644], [-0.046915939951079455, 0.91260075991563, -0.40615113883863674]], "T": [-0.021163878603137384, 0.06832794304432332, -0.13697213631185565], "aligned_model": [[-0.5950620694546023, -0.667387333778627, 0.12545847641849617, -0.21134701509793813, -0.4038681820637465, 0.18462625020504736, 0.770777150520469, -0.23440695577006138, 0.42686660362479223, 0.3295038858782038, 0.4543096534089754, -0.44061105402256057, 0.2724825718173587, -0.1299852333941887, -0.009312594787073518], [0.2242469789970088, 0.10192519964125032, -0.6677588469600223, -0.22229860461160894, -0.36810217346851, -0.6645161843052738, -0.2121015197373433, -0.23651746039012184, 0.5188467419002535, -0.09431314337902769, -0.04484551630689304, 0.6914491421927571, 0.5352379462214227, 0.6903926876718289, 0.09539928057729427], [0.3295623045812176, -0.5066791495341645, 0.29560616458726263, -0.714373126364393, -0.10746400593543018, -0.3156491930771357, 0.1283034856703811, 0.4618301726202412, 0.3100313504676365, 0.5191163618531885, -0.6321040607928089, -0.32086843059469394, -0.3600678723462655, 0.1708020950860162, -0.09286430888151727]], "inverted": true, "swapped": true, "error_lsq": 0.04418383494111914, "error_max": 0.26085841978168056, "target": "1144.xyz", "model": "1.xyz", "model_rescale": 4.316132596720782, "target_rescale": 4.251558804270387},
{"mapping": [13, 11, 12, 1, 5, 9, 2, 8, 3, 14, 10, 15], "R": [[-0.4567236787358783, -0.4992516662422063, -0.736309211565594], [-0.7784042253617395, -0.17642861244125074, 0.6024614565688375], [-0.43068589856292777, 0.8483046141961246, -0.30804048161338765]], "T": [-0.027213857672729658, 0.0569797159090534, -0.039610410406109006], "aligned_model": [[-0.039014222791245, 0.476721223966168, 0.014790556285825346, -0.5589856025970887, -0.6049374001787029, -0.44018038893669525, -0.3022627979662931, -0.2640630765384613, 0.604132359518593, 0.14653529297645074, 0.5571068159814365, 0.007965794911793521], [-0.5792300466798641, -0.1610706319026116, -0.6250082391283985, 0.2909838343241665, -0.11167816840807207, -0.0651399388577819, 0.3857816824630994, 0.5044130581239115, -0.05543272752585862, -0.07551588677302898, 0.4346741230102019, 0.06999936909521715], [0.241702268930302, 0.189536650803369, -0.595767304830035, -0.055902866017689415, -0.6626961912676043, 0.4786277133347955, -0.5992575156168108, 0.5073106598523722, -0.47810330079340446, 0.6378019394932429, -0.13681070086065306, -0.07718289181846341]], "inverted": false, "swapped": true, "error_lsq": 0.047011742515806455, "error_max": 0.2474957113957243, "target": "1144.xyz", "model": "2.xyz", "model_rescale": 3.795458400668931, "target_rescale": 4.251558804270387},
{"mapping": [3, 11, 6, 9, 2, 1, 14, 12, 13, 7, 0, 15], "R": [[-0.9953455464280357, -0.02574401819960458, -0.09286812549423878], [0.0895686061892125, 0.10848440344940569, -0.9900548464572801], [0.035562733179509975, -0.9937647507006703, -0.10567361200241981]], "T": [0.021584112031386958, 0.04482544582815443, 0.033238195093567235], "aligned_model": [[-0.04445252203597325, -0.19048968888394974, -0.7385001516764509, 0.10553561313944163, 0.17481511320408788, 0.1443456356159282, -0.27065109035466384, 0.7345873542960653, 0.36562699966471246, 0.7199329499653871, -0.4171230259065204, 0.009676638715500646], [-0.2752670340016357, -0.5061971729520935, -0.05511856145907885, 0.03716832007977292, 0.6451153452212126, 0.5481345775952382, -0.39892453479333007, -0.2498461574701404, -0.48453845551622493, 0.1712433139862889, 0.6090851286938143, 0.04491427590588638], [-0.6715245916925072, -0.040271483901859445, 0.134810417268521, 0.7017580772287464, -0.30312445459189125, 0.2967037269038094, 0.5068581746788652, -0.39217625641590204, 0.32555187183173934, 0.36135860879342996, -0.21267097754764752, -0.01850168191620344]], "inverted": true, "swapped": true, "error_lsq": 0.03855294505730949, "error_max": 0.20648901779106207, "target": "1144.xyz", "model": "3.xyz", "model_rescale": 3.7530521520055578, "target_rescale": 4.251558804270387},
{"mapping": [6, 9, 1, 5, 0, 12, 10, 11, 3, 4, 15], "R": [[-0.28276269977591834, 0.315188973085924, -0.9059255857190892], [-0.9260575451853504, 0.1563837254182932, 0.34345531504051424], [0.2499253460950227, 0.9360555761648648, 0.24766364228514975]], "T": [-0.12348183100977628, -0.06835048190249828, -0.13717604763621558], "aligned_model": [[-0.5088245620518845, -0.2525276288527636, 0.3163387546802561, 0.5976344357142562, 0.2867485996504072, -0.038715408350371294, -0.2877995030884505, -0.6816702761974964, -0.27665498517925724, 0.29955478136946323, -0.11588460524895436], [-0.7238898163147809, -0.1410487638128353, -0.22314266762859747, 0.4018643101212681, -0.6308290738746039, 0.7784517613696822, -0.42071379938494713, -0.015971643584686848, 0.1614316240444329, 0.3483632810343671, -0.06731185365495253], [0.003582502788920333, -0.7945096469519726, -0.4841656611499361, -0.23379510914997498, 0.15719292339818167, 0.09069024474193263, 0.44794907267140105, 0.06203994896928558, 0.5889429418891725, 0.3395437713659605, -0.08464021132765423]], "inverted": true, "swapped": true, "error_lsq": 0.04960831740328952, "error_max": 0.27182688759167234, "target": "1144.xyz", "model": "4.xyz", "model_rescale": 3.7855080009869324, "target_rescale": 4.251558804270387},
{"mapping": [9, 2, 3, 7, 5, 0, 15, 1, 14, 12, 10, 8, 4, 11, 13, 16], "R": [[0.9205827944179383, 0.3848844473294601, 0.0662667399647546], [-0.2212787082848237, 0.6538400564024045, -0.7235529793342717], [-0.32181213756081395, 0.6514270050033213, 0.6870806395692891]], "T": [0.0249024123887713, -0.009094636874265965, -0.042537883132810844], "aligned_model": [[-0.46667592509292305, 0.05834749076292842, -0.038110122957004784, 0.20070394816331685, 0.27956529842778083, 0.6262381633188573, -0.7890768447466742, 0.6860791417843645, -0.35524692649836004, 0.13525559308394636, -0.41025348705058257, -0.4188103672032358, 0.6947356639172566, 0.41670676811884955, -0.19575038595425773, -0.005578309805838542], [-0.1468598652078927, 0.15516883933597989, -0.35971346349568717, -0.6097467403266608, -0.7435718128308038, -0.2572341219214399, 0.06520393971626338, 0.2744674077165852, 0.4281823676196543, 0.6582016186624107, -0.5925848166967138, -0.12270236372838057, -0.26462990849348367, 0.5655409265856187, 0.4896110047967966, 0.01375558765592699], [0.4537337151175421, 0.6769651569542791, 0.5537107765781822, -0.45446062165720147, 0.1828358888383195, 0.3879223286572995, -0.14853598290684344, 0.193135276905775, 0.3067080188007272, 0.032316280861862584, -0.07634361205823378, -0.5768805892581927, -0.22426824375155222, -0.4281796136786885, -0.5194788275108785, -0.004649296339424826]], "inverted": true, "swapped": false, "error_lsq": 0.04023208782634871, "error_max": 0.2797580238182712, "target": "1144.xyz", "model": "5.xyz", "model_rescale": 4.2253639853439635, "target_rescale": 4.251558804270387},
{"mapping": [10, 3, 5, 2, 4, 7, 1, 0, 13, 11, 12, 9, 8, 15], "R": [[0.9922643281018325, -0.05144236103283848, -0.11298312558955845], [0.06115835593726277, -0.5894381994250667, 0.8054950431614004], [-0.10803313693339608, -0.8061738600016143, -0.5817323686837683]], "T": [0.12494574203149539, 0.06436228783353772, 0.04444432775740144], "aligned_model": [[0.5977453821427805, 0.05760629477724297, -0.48597603294710573, 0.059486992054062146, -0.27781816341111965, -0.4995821234457756, 0.12928600110774122, 0.6389819139825623, -0.28534042118618325, 0.21712937828985773, -0.6701689119595289, 0.10727708406167852, 0.653940566701851, 0.13149419258972025], [-0.024577458789267634, -0.008064095202200125, -0.5156237807240491, -0.6370508468613912, -0.4376136213824955, 0.036985870028691734, -0.2487637608645411, -0.4893981589060359, 0.6229941013737887, 0.524604520265109, 0.0167609021794584, 0.39694394810586864, 0.168196132215014, 0.03970539519704082], [-0.46749495874140284, -0.7260947278425448, 0.24652502687502825, 0.07094530256897986, -0.3625858240779649, 0.5140729679727987, 0.5340745964529415, 0.023457538410469617, 0.1047327624580466, -0.32118411894870547, -0.33199853366512416, 0.630193913074456, 0.559031359782589, -0.0021170953881189114]], "inverted": true, "swapped": true, "error_lsq": 0.042439060177149976, "error_max": 0.27092540129238674, "target": "1144.xyz", "model": "6.xyz", "model_rescale": 3.89814844738969, "target_rescale": 4.251558804270387},
{"mapping": [6, 10, 0, 14, 1, 3, 11, 9, 13, 12, 2, 7, 15], "R": [[-0.320177076969411, 0.21449547690151027, 0.922755834320281], [0.31984929074808155, -0.8923623312891695, 0.31841152759300007], [0.8917303799867274, 0.3970908713190877, 0.2171077366741559]], "T": [-0.028107707952886786, 0.08513711130375046, -0.007653475533860504], "aligned_model": [[0.08565345399248733, -0.1158942033423653, 0.5110362215145455, -0.2169016325858528, 0.49135287736944305, -0.5342198896033254, -0.5099241952020387, 0.16105943212994275, -0.49870473821391803, -0.5981011926250867, 0.38036819045778447, 0.03488805996884555, -0.04198058295623906], [-0.28798890632558183, 0.25749228198853924, 0.37150978428721004, -0.5894188801822751, 0.09022747032652279, 0.550238533316817, -0.13149113778351101, -0.46847027725902846, -0.2587361431965238, 0.5716364339093378, 0.6558781704850141, 0.07687176379005475, 0.12603217211391038], [-0.6753878402683621, -0.6830191821292169, -0.45334258159450536, -0.13399591594700513, 0.2529983013382511, -0.3696503610832551, -0.2813868689304393, 0.32665173137240266, 0.3722525051175305, 0.45560484264184253, 0.058449617581234764, 0.7716403073069973, -0.03853952456917957]], "inverted": false, "swapped": true, "error_lsq": 0.043036598829589115, "error_max": 0.23952602084692323, "target": "1144.xyz", "model": "7.xyz", "model_rescale": 3.7474275329858107, "target_rescale": 4.251558804270387},
{"mapping": [9, 7, 12, 13, 4, 11, 14, 6, 3, 10, 8, 0, 1, 2, 15], "R": [[0.5323795740518866, -0.7961527720670598, 0.2875982487121024], [-0.0772139121708309, 0.2926588465096892, 0.9530943349568779], [-0.8429768685436198, -0.5296145419921499, 0.09433152183039524]], "T": [-0.01394511825908431, -0.05379913964327722, -0.00800740840698293], "aligned_model": [[-0.49267895716006527, 0.1454908356276675, 0.6047106098626001, -0.22863339192148727, 0.7401664831574225, -0.24853697099459846, -0.6834314684251099, -0.5329602258907937, 0.3966508200296994, 0.011017374619531782, -0.5886232286986086, 0.125095452837492, 0.009219227974558824, 0.5246241865734804, 0.02004297474695789], [0.20437212415814987, 0.20513082642807645, -0.47859411050094247, -0.4183083559655387, -0.15599547672918881, -0.5931238938555009, -0.28037056001855254, -0.12016371694912645, -0.6270477139118781, -0.30738237241590244, 0.39277295765277775, 0.35925209389537643, 0.5148722323013436, 0.3680508508859137, -0.07434692299541432], [-0.4057344868934238, -0.728334439691034, -0.46952312387038664, -0.5603487073823495, 0.019263872439850827, 0.08199463863737168, -0.09217843838800395, 0.5614246505566267, 0.31804115527759225, 0.6466711610341315, 0.15241464928399973, 0.6095528411523181, -0.12582440225412672, 0.16214906228933884, 0.027226223504355867]], "inverted": false, "swapped": true, "error_lsq": 0.04264922812674431, "error_max": 0.2555047574434291, "target": "1144.xyz", "model": "8.xyz", "model_rescale": 4.019505241142653, "target_rescale": 4.251558804270387},
{"mapping": [1, 7, 2, 0, 8, 10, 3, 9, 14, 13, 12, 11, 15], "R": [[0.8829068560569473, 0.3655510160207227, 0.29469974247334224], [-0.46817833122076435, 0.7332585776674314, 0.4930932046301955], [-0.03584039205947914, -0.5733274046854492, 0.8185420901417775]], "T": [0.03877075448334283, -0.06324600345061546, -0.00850726318175812], "aligned_model": [[-0.25635714568307105, -0.7416078964661517, -0.08328831659284566, 0.4320746429125111, 0.19358200965175848, 0.7090579735523463, 0.41045799369992747, -0.27945115664879794, 0.21118595102307758, -0.29074439220842535, -0.4086187937044663, 0.3549699592749839, 0.06843994293032926], [-0.45085611995352326, -0.10159625133541843, -0.003996165737999907, -0.29745558108070635, -0.7908000621415014, 0.10217943897862056, 0.6164858918240259, -0.5592102789500583, -0.35827042919273067, 0.08024384675492682, 0.6949191516802404, 0.15854002491889616, -0.026805237650712847], [-0.32546543135691774, 0.021056267551324757, -0.7002865452047059, -0.6099905870297616, 0.037485912954997785, -0.13843446675909826, -0.06615936696732791, 0.31826417318742134, 0.6158843864222878, 0.5872018648115108, 0.026286738329231733, 0.44407854841350486, -0.033218000308588305]], "inverted": true, "swapped": true, "error_lsq": 0.040897176452227686, "error_max": 0.2477946456010788, "target": "1144.xyz", "model": "9.xyz", "model_rescale": 3.877068213659057, "target_rescale": 4.251558804270387},
{"mapping": [12, 3, 5, 8, 1, 1, 10, 4, 6, 13, 11, 9, 7, 2, 14, 15], "R": [[0.6310139958705497, 0.7587164354361278, 0.1617736307763983], [-0.07105780641012777, 0.2641838476663143, -0.9618511749644031], [-0.7725102751185016, 0.5954462740090983, 0.22061643094978012]], "T": [-0.029247408526029126, 0.028540944096330047, 0.026490218700061595], "aligned_model": [[-0.4955489392756905, 0.11439633209733434, 0.18203782551145187, 0.11264916258256437, 0.5203470402510337, 0.5203470402510337, -0.6817698566143345, 0.6019205217458822, -0.44466281432363064, 0.017329974549124966, -0.547007641424958, -0.14154538305114545, 0.7000402618672151, 0.34248813111512555, -0.3331360656155075, -0.04975589139707542], [-0.24675547975978265, 0.27973252516396885, -0.3212937425406173, -0.5441718355336302, -0.5834319648122076, -0.5834319648122076, 0.11591638060962584, 0.19528934596548972, 0.37159517668214964, 0.7975175218716911, -0.4742445552724032, 0.010323920971037716, -0.23970615148984833, 0.3037070433700884, 0.5264756413757634, -0.05443326240094464], [0.5412425641498791, 0.5913181642805657, 0.692800720002484, -0.47069020223809893, 0.30279025641068846, 0.30279025641068846, -0.23768920384233486, 0.20513146258098638, 0.32657088994667216, -0.03788420310266675, -0.1277380508119987, -0.623665615608654, -0.22344889176243277, -0.4493791586795601, -0.4923876744271924, 0.054769342243945474]], "inverted": true, "swapped": false, "error_lsq": 0.043056269614262496, "error_max": 0.45276224220463973, "target": "1144.xyz", "model": "10.xyz", "model_rescale": 4.260839863003843, "target_rescale": 4.251558804270387},
{"mapping": [12, 2, 0, 3, 6, 11, 13, 7, 1, 8, 9, 15], "R": [[0.8912808563686454, 0.2982489298200622, 0.34156406563331826], [0.050722066859980736, 0.6829527421449328, -0.7286994057429774], [-0.45060593316580483, 0.6668006657599441, 0.5935749027189995]], "T": [-0.03205782145698528, 0.01312412934325199, -0.06839011621838853], "aligned_model": [[0.43401235538663707, 0.1443959899147499, -0.38498792613516236, -0.3775612567394806, -0.7283332569205778, -0.3751821885902627, 0.25500658843010665, 0.7422464642326561, 0.27466990110547235, -0.2118126405007077, 0.24507770193891415, -0.058633083028214614], [-0.006032135593040005, -0.6688777413974433, -0.5860225069930898, -0.15357820088186133, 0.1537194094446682, 0.40980796251787194, 0.6121512002559399, 0.10908982350724616, -0.2314682218854814, 0.13195907721904132, 0.4203195255682239, -0.017989686229141322], [-0.8157816204476503, -0.04183760417680282, 0.22790013531397268, -0.743925701977212, 0.23733409615227657, -0.3493038067452281, -0.2752705818881774, -0.01760585264922812, 0.36044230580335546, 0.6450405149500982, 0.39140671922997017, -0.10222052616986985]], "inverted": false, "swapped": true, "error_lsq": 0.046112543635406254, "error_max": 0.2384235685158312, "target": "1144.xyz", "model": "11.xyz", "model_rescale": 3.890672605050136, "target_rescale": 4.251558804270387},
{"mapping": [7, 5, 2, 9, 1, 11, 12, 14, 13, 3, 0, 4, 10, 15], "R": [[0.14084099860418528, -0.6801111898844495, -0.7194529744925198], [0.22602074330855573, 0.7295938065808971, -0.6454513932071452], [0.9638871493626338, -0.07170527730059373, 0.2564759569644319]], "T": [0.14138389717297178, -0.04357760253771742, 0.21972359161501098], "aligned_model": [[0.43304352940207785, 0.27588197352255706, 0.2690965869327614, 0.6377153541852173, 0.661665261497872, -0.2611972130430245, -0.4123150408914002, 0.22725532442427565, -0.0012665209357539675, -0.5967888673264294, 0.34716809415590166, -0.2637185560447178, -0.20960876386096294, 0.10294467277531938], [-0.2914748912930521, 0.2928157644856797, 0.5897587825537178, -0.4983982860248044, 0.1345779934321286, -0.3637929015992157, -0.11621895296441975, -0.6248229997400891, -0.6873651133092586, 0.18944564293135063, 0.6132708414585633, 0.4182697688637736, 0.2838413647916485, -0.007754493758257375], [-0.46205142690335754, -0.5671662570300727, -0.06230836992617972, 0.19111328620775336, 0.031647953092004466, 0.5187144080163546, -0.4616890242191878, 0.6214837565025259, -0.0021489694956319527, 0.2853875478115324, 0.532017122873933, -0.23023321674587544, 0.7326880962475281, 0.22733552892553496]], "inverted": true, "swapped": true, "error_lsq": 0.0440434831481172, "error_max": 0.27264148024364865, "target": "1144.xyz", "model": "12.xyz", "model_rescale": 4.124412569039231, "target_rescale": 4.251558804270387},
{"mapping": [11, 13, 12, 14, 3, 10, 9, 0, 7, 1, 4, 5, 15], "R": [[-0.3988150011894257, 0.910085947269055, -0.11265062542953495], [-0.9103590443527583, -0.4077064046399542, -0.07086535105885515], [-0.11042194162127021, 0.07429035064494559, 0.9911044034861515]], "T": [0.01572168506424411, 0.01832693363009663, -0.04599642458781997], "aligned_model": [[-0.09523727938923324, -0.20960152695926998, 0.6237959400363164, -0.6033723112156281, 0.573496975566239, 0.1904515146434258, -0.5595185025781392, 0.1687108410216927, 0.008442773934730672, -0.08817343083230857, 0.7703319488281594, 0.529894505449701, 0.05807685900407137], [-0.17477178838163787, 0.476544713971353, 0.5311813582235696, -0.04668064246110243, -0.2928438413278228, -0.6461229298553687, 0.3504800758000256, -0.5115786840416532, 0.7807888784030794, 0.2038619749649658, 0.11585196397387044, 0.5731208069616671, -0.012346509722468701], [0.5057334804499419, 0.42655500127855717, 0.33269668657013385, 0.29915279343031, 0.3962366502025082, 0.10065785202548302, -0.15912615361982438, -0.5628316191070792, -0.21901198153503387, -0.5869096464401773, -0.07639938073311474, -0.46822377177222174, -0.03683182978164371]], "inverted": true, "swapped": true, "error_lsq": 0.05183269428646768, "error_max": 0.36022470535823753, "target": "1144.xyz", "model": "13.xyz", "model_rescale": 3.9028299243045295, "target_rescale": 4.251558804270387},
{"mapping": [1, 6, 11, 13, 14, 9, 8, 7, 2, 3, 12, 5, 10, 4, 0, 15], "R": [[0.5011994788140932, 0.11907416698246565, -0.8571000088635594], [0.5270375970656003, 0.7435751550097491, 0.4114940584401501], [0.6863165841765733, -0.6579645367416542, 0.3099229173109681]], "T": [-0.03418547780825834, 0.015400525206040683, 0.017253355304677906], "aligned_model": [[-0.3031482619128466, 0.12006507167175354, -0.047445801330359146, 0.008227503215554183, 0.4073249712928343, 0.5236844178043268, -0.6698856510232672, 0.8399731449448234, -0.6474419544921715, 0.11319612447411895, -0.45836474630547464, -0.11598113857607374, 0.5968087169111612, 0.2860691488385654, -0.29814912758925727, 0.06319728034473637], [-0.08873687352602874, 0.2775596562518815, -0.5454910127017989, -0.6402182928978142, -0.7458790026583506, -0.17355773870582192, 0.06499658915532988, 0.2147275804143186, 0.3720752344343699, 0.6147617475912652, -0.5331141461205822, -0.12099919117100419, -0.20409898946787125, 0.36187346338844095, 0.6912386866520093, 0.007950888749828931], [0.5995017376079976, 0.6104545186916364, 0.49796276322321875, -0.43109523249728227, 0.10984199700587992, 0.521159507809567, -0.41855931061127444, 0.14664958077359141, 0.2143559051560292, 0.10519784716016353, -0.041431331603402614, -0.4693742445157298, -0.3129267339455413, -0.4693232071202572, -0.3837234275298848, 0.07584028594826087]], "inverted": true, "swapped": false, "error_lsq": 0.04588991140782536, "error_max": 0.3071788055909701, "target": "1144.xyz", "model": "14.xyz", "model_rescale": 3.942246331269136, "target_rescale": 4.251558804270387},
{"mapping": [10, 2, 0, 5, 7, 1, 14, 6, 11, 8, 9, 13, 4, 12, 15], "R": [[-0.393968031972758, -0.8043779042765138, -0.4447081929706671], [0.7121209047882919, -0.5730291759906181, 0.4056123524093147], [-0.5810963833539293, -0.15688770052249934, 0.7985694977130959]], "T": [-0.11379425845609129, 0.03887811332570586, -0.018306859995119832], "aligned_model": [[-0.7496734041455655, -0.13344209133222137, -0.33842526847871995, 0.2077169980262988, 0.5166320271837742, 0.3211706230405508, 0.006709906685909733, -0.40619262654070754, -0.4463708882747839, 0.2261333229128428, 0.47833833712185525, 0.11755802400645424, -0.4259121715158122, -0.2377095742074358, -0.16223917795022985], [0.22594643252337848, -0.49898097730343655, -0.0015127821823714555, -0.7633452698594675, -0.34158588166638415, -0.10684103133108973, 0.6915949881874851, 0.6910822264065076, 0.37387272328568333, 0.5542515009879134, 0.3494800138136454, 0.16019160551068662, -0.6552281752628102, -0.5997800347822562, 0.01899935155416665], [-0.25110455609492394, -0.47359698335384426, -0.7388856195146335, -0.0775860236684463, 0.2446483255574125, -0.37520466468168756, 0.23873549319140064, -0.3135470978835434, 0.34387581897273733, -0.43574705452577955, 0.06494437177030438, 0.6265172184937831, 0.007596613765992698, 0.5757833664865037, -0.027066728154759846]], "inverted": true, "swapped": true, "error_lsq": 0.04576047530427526, "error_max": 0.30857079432941453, "target": "1144.xyz", "model": "15.xyz", "model_rescale": 4.355366556412066, "target_rescale": 4.251558804270387},
{"mapping": [13, 11, 12, 1, 5, 9, 2, 8, 3, 14, 10, 15], "R": [[-0.4567236787358783, -0.4992516662422063, -0.736309211565594], [-0.7784042253617395, -0.17642861244125074, 0.6024614565688375], [-0.43068589856292777, 0.8483046141961246, -0.30804048161338765]], "T": [-0.027213857672729658, 0.0569797159090534, -0.039610410406109006], "aligned_model": [[-0.039014222791245, 0.476721223966168, 0.014790556285825346, -0.5589856025970887, -0.6049374001787029, -0.44018038893669525, -0.3022627979662931, -0.2640630765384613, 0.604132359518593, 0.14653529297645074, 0.5571068159814365, 0.007965794911793521], [-0.5792300466798641, -0.1610706319026116, -0.6250082391283985, 0.2909838343241665, -0.11167816840807207, -0.0651399388577819, 0.3857816824630994, 0.5044130581239115, -0.05543272752585862, -0.07551588677302898, 0.4346741230102019, 0.06999936909521715], [0.241702268930302, 0.189536650803369, -0.595767304830035, -0.055902866017689415, -0.6626961912676043, 0.4786277133347955, -0.5992575156168108, 0.5073106598523722, -0.47810330079340446, 0.6378019394932429, -0.13681070086065306, -0.07718289181846341]], "inverted": false, "swapped": true, "error_lsq": 0.047011742515806455, "error_max": 0.2474957113957243, "target": "1144.xyz", "model": "16.xyz", "model_rescale": 3.795458400668931, "target_rescale": 4.251558804270387},
{"mapping": [6, 10, 0, 14, 1, 3, 11, 9, 13, 12, 2, 7, 15], "R": [[-0.320177076969411, 0.21449547690151027, 0.922755834320281], [0.31984929074808155, -0.8923623312891695, 0.31841152759300007], [0.8917303799867274, 0.3970908713190877, 0.2171077366741559]], "T": [-0.028107707952886786, 0.08513711130375046, -0.007653475533860504], "aligned_model": [[0.08565345399248733, -0.1158942033423653, 0.5110362215145455, -0.2169016325858528, 0.49135287736944305, -0.5342198896033254, -0.5099241952020387, 0.16105943212994275, -0.49870473821391803, -0.5981011926250867, 0.38036819045778447, 0.03488805996884555, -0.04198058295623906], [-0.28798890632558183, 0.25749228198853924, 0.37150978428721004, -0.5894188801822751, 0.09022747032652279, 0.550238533316817, -0.13149113778351101, -0.46847027725902846, -0.2587361431965238, 0.5716364339093378, 0.6558781704850141, 0.07687176379005475, 0.12603217211391038], [-0.6753878402683621, -0.6830191821292169, -0.45334258159450536, -0.13399591594700513, 0.2529983013382511, -0.3696503610832551, -0.2813868689304393, 0.32665173137240266, 0.3722525051175305, 0.45560484264184253, 0.058449617581234764, 0.7716403073069973, -0.03853952456917957]], "inverted": false, "swapped": true, "error_lsq": 0.043036598829589115, "error_max": 0.23952602084692323, "target": "1144.xyz", "model": "17.xyz", "model_rescale": 3.7474275329858107, "target_rescale": 4.251558804270387},
{"mapping": [12, 3, 2, 11, 7, 9, 5, 0, 13, 1, 14, 6, 8, 15], "R": [[-0.5318713242205366, 0.602875024805045, -0.5946886571460813], [0.8456353163124657, 0.4153342214030461, -0.33525870061288726], [0.04487545294488915, -0.6812042197445947, -0.7307167746296436]], "T": [0.018996235606072897, -0.0031752941752310054, -0.027260435941615473], "aligned_model": [[0.48222390684864525, 0.1785420906023136, 0.6570435118007039, -0.3951000397622358, 0.3109373870564909, -0.30902516980844186, 0.8054116702702268, 0.24809740615593817, -0.26857623990870483, 0.24786340869507775, -0.6794149414416399, -0.530581457318382, -0.3735727725349446, 0.04099888722782956], [-0.5744166967596912, 0.1508683771115214, 0.2595481485157748, -0.05294373063425596, -0.6334043025661595, -0.3077267293118434, -0.3039785343123764, 0.6979602890059072, -0.6268827060479375, 0.03237949748925166, -0.12853288084094672, 0.5405317780239552, 0.28239538499429706, 0.02461034684373691], [-0.5123231302316994, -0.7717913525669912, 0.1170988420364098, -0.4515861054534291, 0.3317901785856067, 0.47640185157768283, 0.17648950556695137, 0.13780261693315235, -0.1383012837732131, 0.5058063836194319, 0.028763194052681802, -0.04677422406429959, 0.5382090737062349, -0.06679083132686436]], "inverted": true, "swapped": true, "error_lsq": 0.03958699678335797, "error_max": 0.29201209884807094, "target": "1144.xyz", "model": "18.xyz", "model_rescale": 3.922800546911778, "target_rescale": 4.251558804270387},
{"mapping": [4, 3, 10, 2, 14, 12, 11, 1, 13, 0, 6, 8, 7, 9, 15], "R": [[-0.9017166127904361, 0.11736250121313692, 0.4160927703370244], [0.3329904306084067, -0.42527933707102533, 0.8415787892904962], [0.2757254492080322, 0.8974204860428727, 0.34440085349720484]], "T": [0.0646415209461181, 0.055624642583216546, 0.0185393782792053], "aligned_model": [[-0.30864348660874147, -0.16826661232281176, 0.4090244765342995, 0.15682341920783133, 0.19300970620085972, -0.7689896613516675, -0.0325010588303659, 0.2519191444838988, -0.4275786547585235, 0.663570945056421, 0.68676236270664, 0.6672427193327635, -0.4091473887680537, 0.11791831107498503, 0.06490661493008282], [0.5611940905709178, 0.0008959719668821392, -0.07511615627626105, 0.742893794205127, -0.6015019716834874, 0.23652900614681371, -0.4716224878553694, 0.4410972849403336, -0.3579336813225469, 0.44505543967665434, -0.367382797576405, -0.08495350151301832, 0.3280367480370781, -0.14841149106281692, 0.06883125678067706], [-0.411495455030786, -0.7205608804075009, -0.5796569395743308, -0.10846907025436747, 0.2600710857512158, -0.2017220481392212, -0.23948906780141024, 0.4111492278261197, 0.2844862630952434, -0.22834412255566727, -0.16052533813153452, 0.43390233570437753, 0.5776916800307368, 0.6585051263653029, -0.03288362971484878]], "inverted": false, "swapped": true, "error_lsq": 0.038196516384269866, "error_max": 0.25919972868814006, "target": "1144.xyz", "model": "19.xyz", "model_rescale": 3.9282355846067225, "target_rescale": 4.251558804270387},
{"mapping": [1, 8, 6, 9, 7, 14, 13, 11, 12, 4, 0, 2, 3, 15], "R": [[-0.5821176762209403, -0.35757066619331546, -0.7302617542424092], [0.8128546412076568, -0.23364775921629466, -0.5335504258084478], [0.020157958683954313, -0.9041857902506947, 0.4266634662241695]], "T": [-0.016191977930069497, -0.11754584597794909, 0.04188854528830305], "aligned_model": [[-0.5233999894131467, -0.12042745084117815, 0.5040944973122957, -0.3417629513327118, -0.6896378932766157, 0.2610801039479467, -0.0278154989836163, 0.5015761467102277, -0.12278764873109962, -0.0996970580940977, 0.016405824889947455, -0.35768510294643935, 0.5197045849591646, 0.012875254883999439], [-0.39844613728329353, -0.7687584202069695, -0.6649832919039942, -0.2621216078262047, 0.2317134657880442, -0.2326436870995886, 0.3536453395777754, 0.06321861821789737, 0.7244108342079376, 0.28204300331370963, -0.6948892878907094, -0.24088562435744598, 0.24072182688180893, -0.11014294399413188], [0.08238076277441461, -0.305205036687161, -0.12438843845965514, -0.5300613732244182, -0.14738404905060828, -0.6034826838951262, -0.4698562100328591, -0.18886082944235372, 0.27838113392539393, 0.6847164962770103, 0.5286494692602735, 0.6461544468357834, 0.4754433478083112, 0.08569612115467756]], "inverted": false, "swapped": true, "error_lsq": 0.04079695530298814, "error_max": 0.22791158635417513, "target": "1144.xyz", "model": "20.xyz", "model_rescale": 4.067790424073018, "target_rescale": 4.251558804270387},
{"mapping": [10, 12, 6, 0, 14, 13, 8, 3, 11, 4, 5, 1, 2, 7, 15], "R": [[0.11486512931994361, -0.8716550048142331, 0.4764698885014791], [0.7430658123940224, -0.24293786808078519, -0.6235658671732881], [0.6592868878701625, 0.42567445875300325, 0.6197919446457928]], "T": [-0.02526963802559487, 0.0054216336007647005, 0.013196261563633354], "aligned_model": [[0.21704109300622726, 0.2567802053878455, -0.26760097925642745, 0.43037001050509216, -0.7001280390729029, -0.5124442212263829, -0.3873193829115832, 0.36564099453408727, -0.30023742019348687, 0.6392558708808339, 0.4800426314782801, 0.055255146787861475, 0.6051568403595524, -0.128951823609798, 0.015583027238315998], [-0.16542308873598355, 0.8227599220310091, -0.4761518170932602, -0.579867165515772, -0.058239761448892924, 0.4883366490733164, -0.6420681294362063, 0.4065088039219234, 0.24904415335289423, 0.3730490197674176, 0.22797555829939653, -0.3305480233488293, -0.1735502918959591, 0.28448109450848486, 0.01458821644830855], [-0.6236939972377535, 0.1822774282257009, -0.5412370901481751, -0.13224718479943226, -0.20393206269132, 0.12935540885772728, 0.08456708393430565, -0.5251610338049347, -0.4548269034479127, 0.06912545266004276, 0.6807103997733333, 0.48057695102876935, 0.2730020358875215, 0.736184092989834, -0.01945100760656545]], "inverted": false, "swapped": true, "error_lsq": 0.039023833632401396, "error_max": 0.2773853111602156, "target": "1144.xyz", "model": "21.xyz", "model_rescale": 4.186013935880536, "target_rescale": 4.251558804270387},
{"mapping": [13, 9, 7, 3, 10, 12, 11, 6, 5, 1, 0, 4, 15], "R": [[0.8462739464509292, -0.4979637187163059, -0.18934767598414762], [0.2853940418803344, 0.12363356645120843, 0.9504025368788536], [-0.449856253060437, -0.8583396041712061, 0.24674374458867582]], "T": [-0.10587838170752907, -0.04427131149929479, -0.024628635117257203], "aligned_model": [[0.12492601109536493, -0.4004323926309823, 0.2558669876422259, 0.29155159849846063, -0.29288233761141524, 0.7665244377872984, -0.1227100310821517, -0.7574549975490737, 0.46273676458640767, -0.25509747341707795, -0.4461340805469537, 0.5190482121157568, -0.08736866346463415], [-0.3302476574486102, 0.12283900128481215, 0.40192944460868074, -0.5080016937454673, -0.4110775831077265, -0.13299301797597765, -0.6365847163624574, -0.3981884265983549, 0.609208071593929, 0.5119562501175275, 0.24752368336694072, 0.10228401060670189, -0.05969070679390476], [-0.6153788327525797, -0.6071553700686758, -0.5550819843598322, 0.4554902686308562, 0.5445938968196061, -0.10962400064252839, -0.07835406993976758, 0.19497190717468144, -0.015281170381606302, -0.10304497660402058, 0.5839812597683912, 0.385079079428864, 0.022683554261957246]], "inverted": false, "swapped": true, "error_lsq": 0.05151615059226294, "error_max": 0.3097913592509982, "target": "1144.xyz", "model": "22.xyz", "model_rescale": 4.166573947596378, "target_rescale": 4.251558804270387},
{"mapping": [6, 2, 12, 10, 14, 11, 5, 3, 1, 4, 13, 7, 9, 8, 0, 15], "R": [[0.5080473021699874, -0.8090041943749536, 0.2956351674641058], [-0.4195569518250954, -0.5321972251186625, -0.7353489496499129], [0.7522366003678844, 0.2495562603096303, -0.6098046982495624]], "T": [0.1125711435399405, -0.043821341842892096, 0.055680612462183324], "aligned_model": [[-0.3944943585370987, 0.04339269078939098, 0.13506153574713503, -0.01638623436640821, 0.16363908530845045, 0.6646037219580612, -0.6946059995853046, 0.5668470942552489, -0.4287633672484342, 0.19946750576376648, -0.4204485010671667, -0.2761816333712117, 0.6568543071583159, 0.48020120118226894, -0.3109966221006898, 0.049939272382099345], [-0.06460097682894855, 0.3801955816192112, -0.4971984913882534, -0.48927861029591657, -0.8288778964240118, -0.19335226593846516, -0.11486521793222546, 0.3018896292582184, 0.3870285954003764, 0.6807746319778865, -0.6214688870870473, -0.021778561317156574, -0.24102260892022503, 0.35700624204470355, 0.5347949558250724, -0.01615752060504585], [0.6227435854555452, 0.5735929887208169, 0.5282530384010087, -0.532434214565641, -0.028319593805392215, 0.5988139869942306, -0.13000678206883154, 0.24421161012064274, 0.22721585628724678, -0.029543857730226983, -0.25900416764651385, -0.5441318931766853, -0.10343150004582506, -0.5428714144610547, -0.33489497666396273, 0.06433798973761465]], "inverted": false, "swapped": false, "error_lsq": 0.04659095378419796, "error_max": 0.3257753927119434, "target": "1144.xyz", "model": "23.xyz", "model_rescale": 4.274766983524099, "target_rescale": 4.251558804270387},
{"mapping": [13, 12, 5, 1, 2, 0, 8, 10, 11, 3, 15], "R": [[0.03216895622965937, 0.14252832835717363, -0.9892678271685602], [0.5859569060304509, -0.8045327330085981, -0.09685858657309496], [-0.8097034411007008, -0.5765524756112197, -0.10939643657934345]], "T": [0.006939637389162284, -0.031853594953652045, -0.010521574397992235], "aligned_model": [[0.526305669604472, 0.24560007123402927, -0.5118758290113528, -0.4926724541705306, -0.6127165824199207, -0.5402574136601817, -0.2091578899724971, 0.09831381628353889, 0.5660068523446898, 0.3046888259785513, 0.005659637747276392], [-0.05186704403612806, 0.7341590293108508, 0.47623539331475295, -0.21348601148263485, 0.2956652937525456, -0.10491417302693352, -0.7421445041194686, 0.03541175284912401, -0.05451769041899107, 0.536519944201744, 0.004524540898622344], [-0.4730119209162266, -0.3744560322442139, -0.4828794425909169, -0.2454725979713713, 0.06514269675896575, 0.5057746613319533, 0.054328162071194626, 0.6827732717504156, 0.19180263148637283, 0.427436824315099, 0.028128180030305122]], "inverted": false, "swapped": true, "error_lsq": 0.05174610065322027, "error_max": 0.27506347860833497, "target": "1144.xyz", "model": "24.xyz", "model_rescale": 3.7841303162186577, "target_rescale": 4.251558804270387},
{"mapping": [10, 9, 14, 11, 13, 12, 0, 5, 8, 2, 7, 6, 3, 4, 1, 15], "R": [[0.1741522491938075, 0.3735757360673013, -0.9111049135651239], [0.5911028517481065, 0.7003441494183931, 0.40014433774662306], [0.7875712112285429, -0.6082427490707979, -0.09885517410234262]], "T": [-0.0707999060232751, -0.0300201597277992, 0.03863997802653614], "aligned_model": [[-0.5749995663524629, -0.01046914345122315, 0.10611766695427913, -0.02260521520245276, 0.4444580166191304, 0.5615522524239249, -0.7491292587269937, 0.7418213665205391, -0.31361186488172804, 0.26431121235632604, -0.5535609492569106, 0.05545421693109534, 0.5959009320469708, 0.28962480479571695, -0.3704998040542191, -0.04623496845356887], [-0.4611287492476925, 0.0931754185262913, -0.39212861083102285, -0.7486585281204416, -0.6029611631492842, -0.047956272020765606, 0.1505249616884048, 0.2997338773100874, 0.5018999965457895, 0.5980490586937741, -0.3598342121793296, -0.16919348405560108, -0.2151303837923442, 0.4169823896872795, 0.5374355901669425, -0.047721289833914354], [0.4450673292755614, 0.6072556277515844, 0.7219236704427372, -0.22718653760599444, 0.1737246811711009, 0.4569472215821754, -0.18182021734885495, 0.022901874259835503, 0.1255944697107782, 0.2876833941951, -0.2459123476391143, -0.6590111772621225, -0.37396889863071264, -0.43779164509038215, -0.3371396606379901, -0.023737128620729873]], "inverted": true, "swapped": false, "error_lsq": 0.045742521259733174, "error_max": 0.305555696268031, "target": "1144.xyz", "model": "25.xyz", "model_rescale": 4.19342608120988, "target_rescale": 4.251558804270387},
{"mapping": [13, 11, 12, 1, 5, 9, 2, 8, 3, 14, 10, 15], "R": [[-0.4567236787358783, -0.4992516662422063, -0.736309211565594], [-0.7784042253617395, -0.17642861244125074, 0.6024614565688375], [-0.43068589856292777, 0.8483046141961246, -0.30804048161338765]], "T": [-0.027213857672729658, 0.0569797159090534, -0.039610410406109006], "aligned_model": [[-0.039014222791245, 0.476721223966168, 0.014790556285825346, -0.5589856025970887, -0.6049374001787029, -0.44018038893669525, -0.3022627979662931, -0.2640630765384613, 0.604132359518593, 0.14653529297645074, 0.5571068159814365, 0.007965794911793521], [-0.5792300466798641, -0.1610706319026116, -0.6250082391283985, 0.2909838343241665, -0.11167816840807207, -0.0651399388577819, 0.3857816824630994, 0.5044130581239115, -0.05543272752585862, -0.07551588677302898, 0.4346741230102019, 0.06999936909521715], [0.241702268930302, 0.189536650803369, -0.595767304830035, -0.055902866017689415, -0.6626961912676043, 0.4786277133347955, -0.5992575156168108, 0.5073106598523722, -0.47810330079340446, 0.6378019394932429, -0.13681070086065306, -0.07718289181846341]], "inverted": false, "swapped": true, "error_lsq": 0.047011742515806455, "error_max": 0.2474957113957243, "target": "1144.xyz", "model": "26.xyz", "model_rescale": 3.795458400668931, "target_rescale": 4.251558804270387},
