[{"mapping": [13, 6, 7, 12, 10, 1, 3, 8, 2, 9, 0, 4, 11, 16], "R": [[0.17555721176550154, -0.9278182862618984, 0.3291396255013317], [-0.11319834107666726, 0.31308986450059395, 0.9429532715487497], [-0.9779395691833996, -0.20280030676760263, -0.05006230718168035]], "T": [-0.014569366464445337, 0.027151748266979303, 0.0774391197885509], "aligned_model": [[0.16269792693887195, 0.3456983128253104, -0.5816320167752176, -0.6626031176059273, -0.6801498753068688, 0.06769940205991032, -0.6558970084154729, -0.0052380795506499, -0.30280992168785203, 0.381607020089249, 0.557718670067626, 0.17464436147369344, 0.6340072849816076, -0.0642508579659766], [-0.5699236047621429, -0.38284846256411703, -0.43730579770304573, -0.3593154312391604, 0.16076416176791708, 0.37258571803833307, 0.30058717792005585, 0.38182231071920586, 0.6803803638149801, 0.024595370083620963, 0.5495362945621983, 0.6956298775732986, -0.2433075832248197, 0.06207293682371076], [0.3114506330276951, -0.35016100792624993, 0.3481606138788697, -0.2249578579706379, 0.5485034436685772, -0.5537903549262186, -0.09440513976233424, 0.5602066363532099, 0.2004778384315964, 0.710315300473957, 0.34694040417873206, -0.13922195768624018, 0.22071351428812086, 0.013356021150756514]], "inverted": true, "swapped": true, "error_lsq": 0.04066307335763879, "error_max": 0.2779864563090862, "target": "1145.xyz", "model": "0.xyz", "model_rescale": 3.8414455957264533, "target_rescale": 4.273471796693928},
{"mapping": [1, 3, 0, 2, 4, 8, 9, 5, 13, 11, 15, 12, 7, 6, 16], "R": [[-0.7159316526458059, -0.5777860564391931, -0.39192491847838723], [0.3824720026796201, 0.14505621321616663, -0.9125096504550659], [0.5840864969386689, -0.8031948505760177, 0.11713665567226555]], "T": [-0.024156205969392337, 0.09302659693699052, -0.07970471488629734], "aligned_model": [[-0.6914582418493136, -0.4768022023207853, 0.11721816535589574, -0.30893144705744496, -0.4660426728018889, 0.21602328217442499, 0.6182014972242581, -0.31179147314915184, 0.5018593841967555, 0.40522149408487984, 0.48219779411869795, -0.27817941027021664, 0.2608781979444886, -0.08818772411794792, -0.10816249002810713], [-0.00789330517402105, 0.15567796974238374, -0.662250852792547, -0.4056709125987964, -0.4728254688045355, -0.387550474828152, -0.27691005201560115, -0.16516776305288217, 0.45659825424257044, 0.035376105110040364, 0.13332904122784084, 0.7712686926789056, 0.6033862574291681, 0.4654254649415849, 0.10425157193705567], [0.18310052433775365, -0.633586413025236, 0.20769642344857042, -0.5214428999887666, 0.03926863011165743, -0.3448504246465528, 0.009838466432049206, 0.636555161300876, 0.10416292158106959, 0.4918184136040535, -0.3575923408266682, -0.4487689733185909, -0.5982212471938387, 0.501633302653044, -0.10442975712988571]], "inverted": true, "swapped": true, "error_lsq": 0.038157313197809684, "error_max": 0.22429773070696238, "target": "1145.xyz", "model": "1.xyz", "model_rescale": 4.316132596720782, "target_rescale": 4.273471796693928},
{"mapping": [6, 11, 5, 3, 1, 14, 2, 7, 0, 13, 8, 16], "R": [[-0.6176410864836004, -0.7465475821286796, 0.24735843609058558], [-0.7702710680573313, 0.6377151888272736, 0.001348945074183247], [-0.15875128346308273, -0.1896998828592612, -0.9689231055362477]], "T": [-0.04544082890719637, 0.08144095296506942, -0.02868968259549913], "aligned_model": [[-0.1518163871696171, 0.47396108755873034, 0.07026214881189938, -0.5810391954135454, -0.4357206057788974, -0.42071152185662797, -0.10053320202513355, -0.25399403881036703, 0.5720153530025727, 0.20498122942032615, 0.3441060815281355, -0.12370239463569468], [-0.5651858985459886, -0.3782686779436901, -0.6075550638236784, 0.5189176875345569, -0.27260832763145887, -0.24342855559492643, 0.555812882838759, 0.528468249386233, -0.01565667625934318, -0.07337604094836636, 0.478042505311749, 0.0876143434171345], [0.19778945188125235, 0.15356338139092285, -0.44621081318410866, -0.22194346539617, -0.525554080765916, 0.6010850865557305, -0.5735427551790384, 0.5773162114698466, -0.5600559094806495, 0.5679714858514487, -0.2520798548998023, -0.06908027703409444]], "inverted": true, "swapped": true, "error_lsq": 0.04633844424162436, "error_max": 0.23681680713830608, "target": "1145.xyz", "model": "2.xyz", "model_rescale": 3.795458400668931, "target_rescale": 4.273471796693928},
{"mapping": [12, 13, 6, 0, 3, 4, 11, 10, 9, 8, 1, 16], "R": [[0.8768259026524565, -0.40609560330659006, -0.2574154179779481], [-0.45066686189274, -0.5075745719698921, -0.7343483052893437], [0.16755809747504014, 0.7599042142695603, -0.6280683634015547]], "T": [0.012742216781291504, -0.011609506014822323, -0.005026691661335979], "aligned_model": [[-0.11004338381339404, -0.1680506294382716, -0.6662110267915793, 0.2079982437422378, 0.29605856265139024, 0.07681043737544875, -0.2941880230435326, 0.7313302824908872, 0.3172553691460364, 0.542951812532842, -0.3430434183227371, 0.0024355992142372565], [-0.048122709391766515, -0.6519201068527704, -0.1456487951445402, 0.16415033771033735, 0.4032528455264282, 0.6207635765486915, -0.4085954595712047, -0.07817469175650774, -0.4404647292655557, -0.009356962076566243, 0.6188924156750313, 0.060993323888132424], [-0.8077340093541416, -0.004443558538954638, 0.037291210644446106, 0.7721565007218281, -0.5180760123870326, 0.3493832605870165, 0.5073437363213785, -0.4074587429345269, 0.5249256287775454, 0.2739275455433324, 0.015645417428431098, -0.05418954617022215]], "inverted": false, "swapped": true, "error_lsq": 0.047508151700735246, "error_max": 0.3113877112938247, "target": "1145.xyz", "model": "3.xyz", "model_rescale": 3.7530521520055578, "target_rescale": 4.273471796693928},
{"mapping": [6, 1, 5, 4, 11, 3, 13, 12, 7, 8, 16], "R": [[-0.4483267884008489, -0.4371253092453379, 0.7796951678825184], [-0.3173096459399194, 0.8932883751086722, 0.31835588181968844], [-0.8356540428883616, -0.10467732759712685, -0.5391891854362998]], "T": [-0.006881908335182214, -0.00834647615231094, 0.0916425652203046], "aligned_model": [[-0.2714927391152953, -0.042728126723342426, 0.28972191167953587, 0.4316947759902469, 0.2659274572801864, -0.287473301514851, -0.17680303477331272, -0.783449877878355, -0.5071159453518705, 0.4643976004534487, -0.04447911760118579], [-0.5901437973343683, 0.06875853470993262, -0.4364024908413469, 0.23123302417676442, -0.6643887904923967, 0.6406417398082102, -0.4877492292312418, 0.22472693030028282, 0.1784496443757157, 0.25743683448616045, 0.044640958356633495], [-0.17710978945463446, -0.6276023815276002, -0.5338338987118192, -0.43737446823121423, 0.18916695570303632, -0.03358240704358802, 0.520575974928853, 0.149673001165595, 0.6621196518014708, 0.3489315315940209, 0.031866607021196994]], "inverted": true, "swapped": true, "error_lsq": 0.04815426773037219, "error_max": 0.2412197204194581, "target": "1145.xyz", "model": "4.xyz", "model_rescale": 3.7855080009869324, "target_rescale": 4.273471796693928},
{"mapping": [5, 2, 9, 14, 3, 0, 1, 13, 10, 7, 15, 4, 12, 6, 11, 8, 16], "R": [[0.28668719373581875, 0.9537204718197267, 0.09070675046455456], [-0.9309888071173125, 0.2996795505894483, -0.20845145233552637], [-0.22598737568759242, -0.024686607512255515, 0.9738173737613081]], "T": [0.05211604754948143, -0.01005021388217399, 0.022566238076466794], "aligned_model": [[0.11982964684729769, -0.47589163483768404, 0.1399125199818292, -0.12849056990230212, -0.0869469917734508, -0.4627778362572983, -0.648643422448212, 0.22809214626276794, 0.637844875704184, 0.4807470824833848, 0.59656240381781, -0.14073917098538452, -0.3924294773044148, 0.210425411501995, -0.25358184028948794, 0.706922130394114, 0.037827494599427164], [0.5091137083233858, -0.32855979147657943, -0.4797849935877347, -0.6617731674665187, -0.07348491114820264, 0.4300890125021704, 0.24987546306164657, -0.28473883428557545, -0.004395245173272224, 0.5996301655663948, -0.628832377377159, 0.7011748503340107, -0.3218599536109387, 0.4031722030190278, 0.10391400240368319, -0.09461124315019813, -0.0590318037418328], [-0.5946751530903747, -0.3843062528828744, -0.5052168948602034, 0.004240299170304454, -0.6549690862249871, -0.36426141493799225, 0.14289390182515863, 0.669440424744884, -0.4108550757415141, -0.05447104304669276, 0.024781181069315872, 0.08554684286795078, 0.43271160932037933, 0.5024229328533998, 0.7478228733977048, 0.26626338652597337, 0.005731948510262253]], "inverted": false, "swapped": false, "error_lsq": 0.038716703385395686, "error_max": 0.30486093805817416, "target": "1145.xyz", "model": "5.xyz", "model_rescale": 4.2253639853439635, "target_rescale": 4.273471796693928},
{"mapping": [1, 12, 10, 2, 3, 15, 8, 4, 13, 6, 7, 9, 0, 16], "R": [[-0.5579363169259612, 0.33910812598697126, -0.7574382781089811], [-0.2374752242777023, 0.8092989794645564, 0.5372529010548783], [0.7951808499387726, 0.4796257298427935, -0.3710075136212464]], "T": [0.09153461961289536, 0.06749192075401401, -0.021844256796022525], "aligned_model": [[0.6591556711217896, -0.39230751590926194, -0.5186892114033547, 0.1933599628278775, -0.09549323281765454, -0.3739706640150451, 0.04245380376091365, 0.6925577569786485, -0.23694501203178878, 0.3266988886293942, -0.676238611211511, 0.026574837709259225, 0.6162372216598019, 0.11066825745871489], [-0.12764759377526724, -0.014967170845986796, -0.4668838069542528, -0.6290664097585622, -0.5354757976352182, 0.14179192556969783, -0.22573874712075354, -0.33307683186538395, 0.6368185556838396, 0.6295636017119364, 0.0726377198918441, 0.2873622668363828, -0.002282238654241972, 0.01206367355095618], [-0.42714703158100753, -0.6697993800242317, 0.13570175464553394, 0.1495233591769555, -0.36396856323495463, 0.3143469585423061, 0.49829957405144265, 0.06716545879518956, 0.08136607789928135, -0.35276423940081364, -0.1669951284060686, 0.6887412637852492, 0.6049323376439978, -0.08784423296143137]], "inverted": false, "swapped": true, "error_lsq": 0.042557099947425646, "error_max": 0.29593130814094326, "target": "1145.xyz", "model": "6.xyz", "model_rescale": 3.89814844738969, "target_rescale": 4.273471796693928},
{"mapping": [8, 0, 11, 10, 13, 4, 2, 7, 3, 1, 6, 12, 16], "R": [[0.1843112267175769, 0.6987224847674609, 0.6912425485936522], [-0.8111934531471214, 0.5052518135126688, -0.2944245005318145], [-0.5549725698420698, -0.5064656890871728, 0.6599226867598539]], "T": [0.01014063022857159, 0.1268188228228767, -0.02457712865833347], "aligned_model": [[-0.11547007665785308, -0.11535764882752331, 0.5429538806445684, -0.1939537309732571, 0.6697711601800442, -0.5616283963143401, -0.6130006712080269, 0.2810647372279358, -0.5325724426157287, -0.47648903006313637, 0.34599322561047763, -0.0210010340878809, -0.06167817201105705], [-0.19740747154219834, 0.3563278982752145, 0.47751680302466093, -0.6731589319935843, 0.07074222860389508, 0.4321301407934277, -0.14605893532015235, -0.4785569367635105, -0.19850584489549744, 0.6399901354576515, 0.6723055183363904, -0.1293622942300925, 0.13781895572428138], [-0.5124726258638714, -0.8021412221533483, -0.35237041988729273, 0.009073600151945322, 0.04195886438755045, -0.3554427299210185, -0.2738990404236556, 0.3885709158732505, 0.31487081904270486, 0.13159650902829342, 0.24071920007063494, 0.7462341242570067, 0.025577036274096066]], "inverted": false, "swapped": true, "error_lsq": 0.049722565320770726, "error_max": 0.23886436326801816, "target": "1145.xyz", "model": "7.xyz", "model_rescale": 3.7474275329858107, "target_rescale": 4.273471796693928},
{"mapping": [1, 12, 14, 6, 7, 11, 5, 0, 13, 9, 4, 8, 2, 10, 16], "R": [[0.5092488098437498, -0.3834186396408324, 0.7704906206104641], [0.17849461167182873, -0.8287524152301669, -0.5303858103817336], [0.841905768644477, 0.40762676681756166, -0.35360301992066434]], "T": [0.017538027639518186, -0.03964171638442639, -0.017983125472637765], "aligned_model": [[-0.519163676626783, 0.5437100734918415, 0.34717550173046846, -0.20536553325434193, 0.7929004629577843, -0.22147201611046718, -0.7543415310666172, -0.5453983746632788, 0.3287474205104066, 0.03249754164037115, -0.5809760603640173, 0.0378663778608483, -0.08312370242418891, 0.6254141447887877, 0.0036830938679330016], [0.19092192223628235, 0.07052861931331016, -0.5194682230790825, -0.5762010802180267, -0.05245282591779972, -0.659235440359486, -0.27427978680987686, 0.004231387805763306, -0.6208574189475208, -0.3022211461756771, 0.36760034310141915, 0.22140725959550267, 0.6476335702111463, 0.47154918819470626, 0.01996159302893275], [-0.4461596272552807, -0.6276994783020916, -0.5694268756288848, -0.39633863880289566, -0.11400373845923249, 0.25276637334228486, -0.12556336273980356, 0.5771705613552712, 0.07157735530367602, 0.680817833601164, 0.05645918870878093, 0.5208887945164854, 0.1880476117175517, 0.20988037160429024, -0.08162171326505473]], "inverted": false, "swapped": true, "error_lsq": 0.04636808610342579, "error_max": 0.4273380915477217, "target": "1145.xyz", "model": "8.xyz", "model_rescale": 4.019505241142653, "target_rescale": 4.273471796693928},
{"mapping": [8, 3, 15, 9, 0, 11, 14, 4, 5, 1, 12, 6, 16], "R": [[0.07918873619981669, -0.9703991389465764, -0.2281548929802285], [0.358665483924144, 0.24128171408852528, -0.9017439797902524], [0.9301011851946734, -0.010423318965031791, 0.3671554707766422]], "T": [-0.03941202485758773, -0.014652893098653877, -0.06187004803575309], "aligned_model": [[-0.15568614536283298, -0.7444163308641273, 0.04298368654575349, 0.37715938973716234, 0.20029452580719687, 0.6663679190029476, 0.19645009361484822, -0.2618722390291784, 0.33692618050676443, -0.2352892279567949, -0.4187377226388441, 0.42343986713792264, -0.10791922475964177], [-0.4792692324263332, 0.11685977811694122, 0.02878174814356417, -0.41827909509721517, -0.7980694133445841, -0.14178080838526907, 0.7455046018871153, -0.569490681713349, -0.323675242345276, -0.11016300602298536, 0.7042736866521515, 0.3063528200471585, 0.0023330726021398088], [-0.42180718416667995, -0.02620670715752557, -0.6333283332625049, -0.5320281810227845, -0.01909764305424773, -0.06824491354673741, 0.03567068358391094, 0.3531881986351773, 0.5902812592090106, 0.6288204522104919, -0.06413798595250787, 0.3424297182862285, -0.0088358697179525]], "inverted": true, "swapped": true, "error_lsq": 0.04738745707149688, "error_max": 0.2667829455728552, "target": "1145.xyz", "model": "9.xyz", "model_rescale": 3.877068213659057, "target_rescale": 4.273471796693928},
{"mapping": [7, 10, 4, 9, 8, 15, 11, 2, 3, 1, 6, 14, 13, 0, 5, 16], "R": [[-0.21739283768919831, -0.7173101812755485, -0.6619716443775203], [0.924667808541624, 0.06586588390496857, -0.3750348372941484], [0.3126176546010622, -0.6936337572349385, 0.6489548619556478]], "T": [-0.028674797358960617, 0.0762199588456058, -0.09970749283355532], "aligned_model": [[0.22782615055333566, -0.22705875820411092, -0.5869014855637825, 0.38324739036177, -0.1283046486634047, 0.30489389655015486, 0.5158670949103215, -0.6369515316645017, -0.5838779069511213, -0.5266291243596646, 0.28948484224291465, 0.3872918501041841, 0.6275600100852171, -0.11943916463857435, -0.10873011743508523, -0.1028699720105577], [0.048768709361202575, -0.39088968590739565, -0.025823548614982247, -0.5003253686908351, -0.5131592856120203, -0.298572734272952, 0.05140439250832754, -0.3138805366256517, 0.1252519315984992, 0.4905810709250828, 0.6320172325398444, 0.6902456841880479, 0.12327318578876932, -0.40737910618647166, 0.37064656261666956, 0.11964037351741422], [-0.8372877809177126, -0.7517839238469345, 0.3558986461227578, 0.13568605204474168, -0.05910263145875319, -0.3886755822491652, 0.3663244697423328, -0.15214589543359744, -0.5524147943074492, 0.22415943124596502, 0.16599662291654102, -0.4045495950015534, -0.19883332280133473, 0.5567404694499639, 0.6548325693309153, -0.11981040772667499]], "inverted": true, "swapped": true, "error_lsq": 0.04056386959172915, "error_max": 0.29646853203389045, "target": "1145.xyz", "model": "10.xyz", "model_rescale": 4.260839863003843, "target_rescale": 4.273471796693928},
{"mapping": [12, 1, 5, 6, 11, 13, 7, 3, 4, 0, 8, 16], "R": [[-0.13681523587286726, 0.978289917290263, 0.1556612635219896], [-0.884122543625697, -0.049720298033695834, -0.4646022167578072], [-0.4467761397902531, -0.20118829412182768, 0.8717306643811893]], "T": [0.03786950835569547, 0.1039667977892367, -0.05384349137138763], "aligned_model": [[0.44924519279055447, 0.17298885479416626, -0.40361139441259636, -0.44048657554570153, -0.6702750640198268, -0.41491443228936875, 0.29992023167861454, 0.7430943674776564, 0.2001821282497102, -0.2407480812625341, 0.16088945632150733, 0.1026139653119486], [0.13886068167967833, -0.6065469524545634, -0.539283700660905, -0.22942260966010916, 0.15832347111357414, 0.4787718563296649, 0.6598601586426066, 0.021003953347179347, -0.37652376761572104, 0.011321184590673466, 0.409622476382154, 0.0470917538387019], [-0.7540584717414268, -0.01568067664649888, 0.17799695683891734, -0.4290258508170013, 0.04567581123561507, -0.3655996942291592, -0.5364229962341097, -0.16049053811490308, 0.4680667467669604, 0.7121977492704871, 0.4465398160860525, -0.07302077501942866]], "inverted": true, "swapped": true, "error_lsq": 0.03979765229016699, "error_max": 0.25402451638293416, "target": "1145.xyz", "model": "11.xyz", "model_rescale": 3.890672605050136, "target_rescale": 4.273471796693928},
{"mapping": [3, 2, 4, 12, 1, 13, 8, 14, 7, 9, 5, 0, 6, 16], "R": [[0.7612510929168855, 0.6436737448785158, 0.07861859631737633], [0.2612461467926048, -0.4153905448216965, 0.8713214940874298], [0.5935041906497914, -0.6427556343018718, -0.4843737918739354]], "T": [0.04759395350279767, -0.04247869617152053, 0.09946614960618999], "aligned_model": [[0.5311505490136728, 0.18939188458279094, 0.2818758215189953, 0.5237882427133419, 0.631848382661599, -0.34881375295753203, -0.3136032584296383, 0.2531974927524047, -0.03016191002344361, -0.6825482054285714, 0.1942009981834979, -0.3407791106555155, 0.18804774325614582, 0.1322809576059464], [-0.28505467065357193, 0.15654147792101522, 0.5824644464106816, -0.6986669998603675, 0.3808954147766489, -0.36072771891223254, 0.09528106231007216, -0.536308831543258, -0.8152952079261866, 0.10432521814337745, 0.6569274059333765, 0.6563635995378813, 0.03667372554328002, -0.04126640185295162], [-0.3726868378911203, -0.5825991589803035, -0.19064579697992345, 0.1578139399417325, 0.16227181561145376, 0.528724287114736, -0.3582472747883571, 0.6968299688026749, 0.014145263563508093, 0.046216145813056074, 0.4890352236870801, -0.08442501934340377, 0.7738121067562929, 0.07454577204943469]], "inverted": true, "swapped": true, "error_lsq": 0.04578062414498999, "error_max": 0.23910382437800015, "target": "1145.xyz", "model": "12.xyz", "model_rescale": 4.124412569039231, "target_rescale": 4.273471796693928},
{"mapping": [12, 1, 4, 14, 3, 10, 6, 15, 5, 11, 8, 0, 16], "R": [[-0.5839544199991138, 0.30846108946169626, 0.7508987892196941], [0.6144591447408118, -0.4365358332243006, 0.6571730561698007], [0.5305065454901468, 0.8451557386655252, 0.06538029208287344]], "T": [0.09725120835829401, 0.04237293878112371, -0.03819836291003923], "aligned_model": [[-0.2899303876994761, 0.089127237852384, 0.5505060493095189, -0.6684162999201476, 0.34520511647723673, 0.5296501012832392, -0.5121206618832935, 0.1740546802616541, -0.022815632696599558, -0.16259172459274182, 0.63210351625535, 0.5980130363396313, 0.10451327652300196], [-0.42507025191636577, 0.5893769537736394, 0.5748714321087628, -0.16488527782331638, -0.21852857581451282, -0.644585267027312, 0.36872372439174084, -0.4188880304876255, 0.8442838553340536, 0.32536931176967937, -0.06742368381727071, 0.5287149042224214, 0.05552628179458271], [0.5024825325879716, 0.4364215230834591, 0.16332650020053605, 0.07919775650995681, 0.5831290766826976, 0.11630376942077386, -0.09201222110369434, -0.3796361141980979, -0.10855047932564812, -0.6437742689547811, -0.28481642031629134, -0.4691731156986891, 0.04879954207964559]], "inverted": true, "swapped": true, "error_lsq": 0.04523608724230362, "error_max": 0.25530876286128934, "target": "1145.xyz", "model": "13.xyz", "model_rescale": 3.9028299243045295, "target_rescale": 4.273471796693928},
{"mapping": [10, 14, 12, 15, 8, 2, 13, 9, 3, 11, 0, 6, 1, 4, 5, 16], "R": [[-0.41642556363113853, -0.6416059255047329, -0.6441518348275537], [-0.8929374260744276, 0.42191140092144164, 0.15701440344147763], [0.17103363140056738, 0.6405720928433597, -0.7486086366054117]], "T": [-0.017796197875225052, 0.03954942114505591, 0.015897307515703514], "aligned_model": [[0.0220260009866484, -0.34166908328607387, 0.06129377713353886, -0.4431737529615943, -0.02572078218207883, 0.49872713739153446, -0.6605354100890198, -0.5031137340556965, 0.48713299962617934, -0.506435055044893, 0.04879857042913401, -0.19804818806572488, 0.5791635590123919, 0.5557362168788652, 0.19296126239072933, 0.06069575341665614], [-0.7092175123455614, 0.5107567278198365, 0.10092276061919384, -0.3464772400565308, -0.4674983096028803, -0.4485526130223769, 0.17270847451424928, -0.2562850266767187, -0.24913060470662, 0.35297347531958567, -0.08559819538637622, 0.7081905977923347, 0.44095038009292487, 0.04761132901951767, 0.6293575747860684, 0.051540463954453816], [-0.3312533223467447, -0.5462900088390812, -0.7907789873304558, -0.0567494098368427, 0.3349310918436124, 0.15692502287015175, -0.09291000116562426, 0.5000908565937638, -0.405183297886022, 0.4369969447037525, 0.8239402297449271, -0.018206061352934504, 0.09991960400659469, 0.46378394670181255, 0.5356416865450888, -0.022698184627666512]], "inverted": false, "swapped": true, "error_lsq": 0.040897257594273456, "error_max": 0.24590421265435639, "target": "1145.xyz", "model": "14.xyz", "model_rescale": 3.942246331269136, "target_rescale": 4.273471796693928},
{"mapping": [1, 3, 4, 10, 15, 2, 11, 5, 6, 0, 9, 13, 12, 7, 16], "R": [[0.9640060364403796, 0.2125051738511745, -0.15979334401967976], [-0.25931223758733246, 0.884209046171431, -0.38849906834644926], [0.058732658240202865, 0.41595181662674613, 0.907488050114683]], "T": [-0.1019981210059561, 0.0007411279000235941, -0.01273538791004053], "aligned_model": [[-0.6458511986584072, -0.26882841496269727, -0.1694255806578604, 0.3308545753658152, 0.35978580676048433, 0.12135219340655037, 0.03805441881073768, -0.44465065206985444, -0.5703514520885888, 0.30857230692195814, 0.5482580451811199, 0.025705009888604774, -0.5245658438037488, 0.027297021335953964, -0.1619121988978574], [0.16243531462694266, -0.6040456198914065, 0.24929024388846052, -0.6968127230753715, -0.17922238254475045, -0.2579490989879582, 0.6155884487901053, 0.6997917139138173, 0.374184050938923, 0.5756302738402848, 0.3349844503509112, 0.11906192892901424, -0.6381646362389652, -0.6161023599537169, -0.04052491470463929], [-0.46287119786284997, -0.3620191848070515, -0.6933848875204636, -0.1065887642910465, 0.2866121225803508, -0.651580260861258, 0.3288426163530652, -0.25010452204734207, 0.33643560650394033, -0.4298259618204552, 0.1387335664792447, 0.6294298223259605, 0.2592655308591522, 0.4491713845102038, -0.06275339004093466]], "inverted": false, "swapped": true, "error_lsq": 0.03803573417916298, "error_max": 0.3079568236428711, "target": "1145.xyz", "model": "15.xyz", "model_rescale": 4.355366556412066, "target_rescale": 4.273471796693928},
{"mapping": [6, 11, 5, 3, 1, 14, 2, 7, 0, 13, 8, 16], "R": [[-0.6176410864836004, -0.7465475821286796, 0.24735843609058558], [-0.7702710680573313, 0.6377151888272736, 0.001348945074183247], [-0.15875128346308273, -0.1896998828592612, -0.9689231055362477]], "T": [-0.04544082890719637, 0.08144095296506942, -0.02868968259549913], "aligned_model": [[-0.1518163871696171, 0.47396108755873034, 0.07026214881189938, -0.5810391954135454, -0.4357206057788974, -0.42071152185662797, -0.10053320202513355, -0.25399403881036703, 0.5720153530025727, 0.20498122942032615, 0.3441060815281355, -0.12370239463569468], [-0.5651858985459886, -0.3782686779436901, -0.6075550638236784, 0.5189176875345569, -0.27260832763145887, -0.24342855559492643, 0.555812882838759, 0.528468249386233, -0.01565667625934318, -0.07337604094836636, 0.478042505311749, 0.0876143434171345], [0.19778945188125235, 0.15356338139092285, -0.44621081318410866, -0.22194346539617, -0.525554080765916, 0.6010850865557305, -0.5735427551790384, 0.5773162114698466, -0.5600559094806495, 0.5679714858514487, -0.2520798548998023, -0.06908027703409444]], "inverted": true, "swapped": true, "error_lsq": 0.04633844424162436, "error_max": 0.23681680713830608, "target": "1145.xyz", "model": "16.xyz", "model_rescale": 3.795458400668931, "target_rescale": 4.273471796693928},
{"mapping": [8, 0, 11, 10, 13, 4, 2, 7, 3, 1, 6, 12, 16], "R": [[0.1843112267175769, 0.6987224847674609, 0.6912425485936522], [-0.8111934531471214, 0.5052518135126688, -0.2944245005318145], [-0.5549725698420698, -0.5064656890871728, 0.6599226867598539]], "T": [0.01014063022857159, 0.1268188228228767, -0.02457712865833347], "aligned_model": [[-0.11547007665785308, -0.11535764882752331, 0.5429538806445684, -0.1939537309732571, 0.6697711601800442, -0.5616283963143401, -0.6130006712080269, 0.2810647372279358, -0.5325724426157287, -0.47648903006313637, 0.34599322561047763, -0.0210010340878809, -0.06167817201105705], [-0.19740747154219834, 0.3563278982752145, 0.47751680302466093, -0.6731589319935843, 0.07074222860389508, 0.4321301407934277, -0.14605893532015235, -0.4785569367635105, -0.19850584489549744, 0.6399901354576515, 0.6723055183363904, -0.1293622942300925, 0.13781895572428138], [-0.5124726258638714, -0.8021412221533483, -0.35237041988729273, 0.009073600151945322, 0.04195886438755045, -0.3554427299210185, -0.2738990404236556, 0.3885709158732505, 0.31487081904270486, 0.13159650902829342, 0.24071920007063494, 0.7462341242570067, 0.025577036274096066]], "inverted": false, "swapped": true, "error_lsq": 0.049722565320770726, "error_max": 0.23886436326801816, "target": "1145.xyz", "model": "17.xyz", "model_rescale": 3.7474275329858107, "target_rescale": 4.273471796693928},
{"mapping": [7, 3, 12, 8, 13, 11, 14, 1, 15, 6, 0, 4, 5, 16], "R": [[0.4270319573670536, 0.42696847270445143, -0.7970832018702257], [0.6805183897222087, 0.4287074177085019, 0.5942261112165977], [0.5954312963198652, -0.7961833164027844, -0.10748812978514746]], "T": [-0.001021488224512871, -0.05056230132171478, -0.04736157134686673], "aligned_model": [[0.5136377755457705, 0.2708182864017266, 0.7750213929306391, -0.46692115882634566, 0.18470109074371277, -0.26580928331445874, 0.702997766036855, 0.013896967489413933, -0.03223438772349102, 0.26045579929434404, -0.8081488677266121, -0.456227001053705, -0.3117965749865127, 0.03445584307153951], [-0.5022290859443138, 0.30574864918585454, 0.0009195047031253165, -0.20993759296777034, -0.6169715586945748, -0.38328777916983153, -0.2285227385045935, 0.6496902360311047, -0.5835790961193493, 0.0009249478310753775, 0.013883054560382212, 0.516056607545858, 0.3724762597770526, 0.0252368332772138], [-0.423784135272812, -0.6083822229633361, -0.28369951977803554, -0.3886528973155955, 0.24822553198746236, 0.5301405107907923, 0.29274359307318454, 0.1369404934957291, -0.27132372091755974, 0.5927271210470415, 0.08463215053814085, -0.08393779172698879, 0.5746382726751174, -0.07547266697148532]], "inverted": true, "swapped": true, "error_lsq": 0.038658476797046495, "error_max": 0.2377125561460084, "target": "1145.xyz", "model": "18.xyz", "model_rescale": 3.922800546911778, "target_rescale": 4.273471796693928},
{"mapping": [10, 2, 8, 15, 5, 3, 4, 13, 1, 9, 0, 11, 14, 6, 16], "R": [[-0.44958566127785626, -0.8757674720180268, 0.175795529318886], [-0.5966483988960285, 0.14796970775329987, -0.7887430847127654], [0.6647431242729467, -0.45949570242011806, -0.5890503188941366]], "T": [-0.010626168088148188, 0.10549769134295005, 0.039725743710018024], "aligned_model": [[-0.2584815651813311, -0.20148216528881963, 0.2701044873975097, 0.2269520345338264, 0.22016742747741586, -0.6385227928676567, -0.031159077390430084, 0.3064206031433977, -0.34947192568576413, 0.6881770475573162, 0.5762610112486316, 0.6054527346049505, -0.2653435293568277, 0.03792693527910109, -0.09095038858370194], [0.6345448925736846, -0.08840726720801935, 0.16368047142447356, 0.6112472838076131, -0.6150611626218775, 0.15308517000743557, -0.5389533117988987, 0.5314195653588369, -0.5276502446554537, 0.2836422127314059, -0.35082098894473535, 0.03545831880486176, 0.42552966135389014, -0.07052793756827337, 0.07042484176963561], [-0.5445927045925651, -0.6317678329632532, -0.48634252087950514, -0.11197837763327828, 0.3396521328634727, -0.30535365081460186, -0.2977178380613808, 0.44066958132360395, 0.13380374961072525, -0.153750662381117, -0.30721352187457385, 0.40009880993739616, 0.7294236155912366, 0.708599735552952, 0.029128651484217734]], "inverted": true, "swapped": true, "error_lsq": 0.040298134018961575, "error_max": 0.2623095111887132, "target": "1145.xyz", "model": "19.xyz", "model_rescale": 3.9282355846067225, "target_rescale": 4.273471796693928},
{"mapping": [9, 0, 4, 11, 13, 5, 6, 1, 14, 12, 2, 15, 3, 16], "R": [[0.6197876718323188, 0.580501420818625, 0.5280921721368648], [0.5802779385985528, 0.11404187370928609, -0.806394422734117], [-0.5283377289390647, 0.8062335588825568, -0.26617042042848893]], "T": [-0.05123160492734197, -0.10238195085672279, 0.1263672488624612], "aligned_model": [[-0.6290345856471775, -0.0815014707033343, 0.47036553240961304, -0.4896072735835555, -0.6361325680347598, 0.24352074637085253, -0.07255050858931544, 0.6118688488836794, -0.21292680307874137, 0.10595754078038433, 0.3284173550938296, -0.5452441720896524, 0.4085379429169378, 0.03085223435591611], [-0.5553036776841032, -0.8176980804094385, -0.562480454210867, -0.14214965664225526, 0.19302156989817282, -0.1969062429005775, 0.35991193530743265, -0.050238991563517785, 0.6812803364837241, 0.5440115032069707, -0.6087377300948795, -0.18928946012947062, -0.05119890140601235, -0.08134006243034256], [-0.009648004878002658, -0.27417828323267823, -0.08776509392309798, -0.43982421841513486, 0.010990985638651751, -0.6263696203751301, -0.38993180208183253, -0.16020268579042496, 0.07428430795698918, 0.5935028080175159, 0.47907004176115686, 0.4155710894135739, 0.6755400690061869, 0.15114356414590935]], "inverted": true, "swapped": true, "error_lsq": 0.041595855061142724, "error_max": 0.2400009825845701, "target": "1145.xyz", "model": "20.xyz", "model_rescale": 4.067790424073018, "target_rescale": 4.273471796693928},
{"mapping": [1, 10, 5, 6, 0, 8, 11, 3, 2, 12, 7, 13, 14, 15, 16], "R": [[-0.548857459695311, -0.5010867679667099, 0.6690796214991805], [0.5755862138360224, -0.8069838602739768, -0.1322027219811431], [0.6061814904619924, 0.3125525559421767, 0.7313377471423786]], "T": [0.014350163883252894, 0.009100762580638688, -0.025895016628068965], "aligned_model": [[0.16251998696629555, 0.04966039628205022, -0.210171863555832, 0.28069911998986635, -0.7656965334804374, -0.47331613091054175, -0.3091749955826539, 0.3492927619243971, -0.2405939275521612, 0.786019521354266, 0.4334954942691932, 0.08855595014919149, 0.6714201515512559, -0.11790675582185581, 0.06364077832448167], [-0.15221345947122533, 0.789804440110943, -0.5966103509935761, -0.6306684990392692, -0.115365753243524, 0.3480511241070168, -0.5772468163178719, 0.5797036173808094, 0.5788442556661384, 0.24186346264243838, 0.36708425255035765, -0.3061391908236269, -0.34131072050741973, 0.21564948916709634, 0.03944928869956055], [-0.7162332328572851, 0.24244477431548989, -0.5210015615041634, -0.04799407342511268, -0.2474021037028284, 0.05307961967298595, 0.230728175666779, -0.3048652053077271, -0.3937599788906941, 0.07944483248914265, 0.5279425061827558, 0.5553117726442116, 0.2715194656424515, 0.4985913261945362, -0.0925567434994008]], "inverted": false, "swapped": true, "error_lsq": 0.03971391884004395, "error_max": 0.22484726894645207, "target": "1145.xyz", "model": "21.xyz", "model_rescale": 4.186013935880536, "target_rescale": 4.273471796693928},
{"mapping": [8, 15, 2, 5, 6, 4, 11, 13, 3, 12, 14, 1, 16], "R": [[-0.2964042489862663, -0.27823125588568615, -0.9136366287705204], [-0.06493694813785336, -0.9485400202224669, 0.3099274476436448], [-0.9528524093213122, 0.15119258673835934, 0.2630838036936795]], "T": [-0.025555380247441684, -0.038431520349332664, -0.07200509221282747], "aligned_model": [[0.11061859307237738, -0.4388737659250875, 0.4966952496143882, 0.40087573188143755, -0.19902265643495368, 0.6889901472778234, -0.26785734040234543, -0.6468940645373088, 0.2313559368435354, -0.32195869864007615, -0.5679639654311307, 0.5457862136418682, 0.026822654462697434], [-0.1644529135844368, -0.04877024166718783, 0.2100744993559616, -0.5618444624171642, -0.28428790498949347, -0.17177389811483856, -0.7017211502388936, -0.2651829586173381, 0.6246806810500675, 0.6642975834201859, 0.16030830669931417, 0.03252462626803617, 0.025104492381880693], [-0.6416699175909012, -0.47734595614605957, -0.5083854376807829, 0.3825518166294434, 0.552653682693792, -0.10737974527322983, 0.05315121764506506, 0.00014810232622700092, -0.17138975685703267, 0.20918067409291274, 0.4841243516237195, 0.3674006836304495, -0.04016015375825738]], "inverted": false, "swapped": true, "error_lsq": 0.04938251690464263, "error_max": 0.289165002474274, "target": "1145.xyz", "model": "22.xyz", "model_rescale": 4.166573947596378, "target_rescale": 4.273471796693928},
{"mapping": [2, 8, 0, 5, 4, 10, 9, 3, 1, 6, 12, 11, 13, 7, 14, 16], "R": [[0.08571699053678383, -0.9345046937530908, -0.34547586730010427], [-0.8180265752247293, 0.131935052925494, -0.5598443212497987], [0.5687575228156702, 0.33059661093693843, -0.7531405984791906]], "T": [-0.06761054926111713, 0.06245780888861485, 0.00193039291792272], "aligned_model": [[-0.6842224544311902, -0.2238187713700847, 0.07718845864581957, 0.24541912719037212, -0.3687080705963825, -0.6050163205188667, 0.3162481852510319, -0.7532666444744783, -0.29898061241278817, 0.4141283628867561, -0.36002099943555593, 0.6182327274873003, 0.472375991191544, -0.1783353010607549, 0.25160863039285847, -0.135599067724825], [0.033462087152090536, 0.30533378442789094, -0.18511871673371727, -0.6683437317472867, -0.45972358229612953, 0.6869590265934921, 0.3921638766115779, 0.1058166544655522, -0.6164613638948442, -0.28084174693115427, 0.26423261893211625, -0.008229408838064806, 0.40538611044301637, 0.7177122885969972, 0.1376363103681058, 0.019723230472035974], [-0.37738184608194014, -0.5230010384967481, -0.7666847673044699, -0.1723341030549676, -0.4058363836097711, -0.06087529256532279, -0.5471059494643442, 0.21072277225112945, 0.10232998554364062, 0.3636041109852117, 0.7330470800975504, -0.19542662342616077, 0.1849570985016791, 0.41296881558601806, 0.7336624878096155, 0.03861418639297279]], "inverted": true, "swapped": true, "error_lsq": 0.04294185689853016, "error_max": 0.294178343961441, "target": "1145.xyz", "model": "23.xyz", "model_rescale": 4.274766983524099, "target_rescale": 4.273471796693928},
{"mapping": [12, 15, 13, 6, 11, 5, 1, 4, 2, 8, 16], "R": [[-0.44279155413706867, 0.8872249391538796, 0.12948956300904832], [-0.8895197822531975, -0.416533127187299, -0.1877623789149299], [-0.11265077258991064, -0.19832312346008532, 0.9736414854226025]], "T": [0.019714781812346177, 0.12577349951375547, -0.03520364306840288], "aligned_model": [[0.3274337941927721, 0.15424608269912274, -0.3434116943639368, -0.5794564854860406, -0.6233331721193426, -0.5532133479207729, -0.0511170306538033, 0.10470166491420312, 0.5914114562630156, 0.290365938131783, 0.06226749830107472], [-0.194954342333413, 0.6556416914049586, 0.5046351833459012, -0.1408511227300772, 0.42906887697239793, -0.23685018133770133, -0.5401492826780383, -0.18937637692343165, 0.060715447381046464, 0.5192867704604045, 0.04841986768143609], [-0.7157851712452226, -0.22594226363450912, -0.44421103378100285, -0.26023685417614695, 0.05875761420113532, 0.4150007648821053, 0.2406099352701113, 0.6152305594270676, 0.40509072483371, 0.3265117326173365, -0.03545957437300713]], "inverted": true, "swapped": true, "error_lsq": 0.050765452028415294, "error_max": 0.25387522676667285, "target": "1145.xyz", "model": "24.xyz", "model_rescale": 3.7841303162186577, "target_rescale": 4.273471796693928},
{"mapping": [14, 12, 10, 4, 3, 2, 1, 6, 7, 15, 11, 5, 8, 0, 9, 16], "R": [[-0.9352234861622251, 0.1941112530017199, -0.2961044619533396], [0.17386664556500445, 0.9803200362611564, 0.09350409651399336], [0.308427334214313, 0.035964537575608385, -0.9505677942926667]], "T": [0.013445120676193432, -0.028170174301042357, 0.0423185746660685], "aligned_model": [[0.17146362762608872, -0.04717772664283327, -0.6848013326425509, 0.36512085286294005, -0.08612678059057874, -0.1498585954381777, 0.6504990839215263, 0.5070221731334957, -0.5302927787591473, -0.5299285805385919, 0.14198286791332992, 0.7196047081301082, -0.37219380466846275, 0.08518707213583668, -0.3751251394929576, 0.05246690152275256], [0.016752656888445808, -0.545736326363646, -0.46696289216658543, -0.1995533285147033, -0.739022139820707, -0.4719483803764276, -0.32384430709818307, 0.27163350144011206, -0.2337009700081093, 0.14770805345317936, 0.6770421010028888, 0.2778103738357611, 0.026919827919206656, 0.36183105119791503, 0.5452426191295568, -0.10735937215074262], [-0.7425359603514027, -0.5815393452434782, 0.09393377786237134, 0.6559624946525326, 0.06164336847013707, 0.5912462276835933, 0.21918712077663996, -0.3413926346355858, -0.47986642845268546, -0.052823755040438215, 0.02038300521737322, 0.3071602743672951, 0.4975003699413698, 0.7604984196657915, 0.32107553987644766, 0.04318754102729193]], "inverted": false, "swapped": true, "error_lsq": 0.035552835451217304, "error_max": 0.29874692007887355, "target": "1145.xyz", "model": "25.xyz", "model_rescale": 4.19342608120988, "target_rescale": 4.273471796693928},
{"mapping": [6, 11, 5, 3, 1, 14, 2, 7, 0, 13, 8, 16], "R": [[-0.6176410864836004, -0.7465475821286796, 0.24735843609058558], [-0.7702710680573313, 0.6377151888272736, 0.001348945074183247], [-0.15875128346308273, -0.1896998828592612, -0.9689231055362477]], "T": [-0.04544082890719637, 0.08144095296506942, -0.02868968259549913], "aligned_model": [[-0.1518163871696171, 0.47396108755873034, 0.07026214881189938, -0.5810391954135454, -0.4357206057788974, -0.42071152185662797, -0.10053320202513355, -0.25399403881036703, 0.5720153530025727, 0.20498122942032615, 0.3441060815281355, -0.12370239463569468], [-0.5651858985459886, -0.3782686779436901, -0.6075550638236784, 0.5189176875345569, -0.27260832763145887, -0.24342855559492643, 0.555812882838759, 0.528468249386233, -0.01565667625934318, -0.07337604094836636, 0.478042505311749, 0.0876143434171345], [0.19778945188125235, 0.15356338139092285, -0.44621081318410866, -0.22194346539617, -0.525554080765916, 0.6010850865557305, -0.5735427551790384, 0.5773162114698466, -0.5600559094806495, 0.5679714858514487, -0.2520798548998023, -0.06908027703409444]], "inverted": true, "swapped": true, "error_lsq": 0.04633844424162436, "error_max": 0.23681680713830608, "target": "1145.xyz", "model": "26.xyz", "model_rescale": 3.795458400668931, "target_rescale": 4.273471796693928},
