[{"mapping": [1, 12, 9, 11, 0, 6, 3, 4, 5, 6, 10, 7, 8, 13], "R": [[0.11405022287446943, 0.4029618105827373, -0.9080827747921254], [-0.9841400933538385, -0.07918273186480053, -0.15873994969107508], [-0.13587061240673715, 0.9117849933982842, 0.38754006566793703]], "T": [-0.019422885117198502, 0.009702417811687312, -0.1720684863430256], "aligned_model": [[0.16090989078033627, -0.09471802620777112, -0.6397691371874942, 0.3414782161763057, -0.5480384823945803, 0.08439053606240493, 0.0072623554450988725, -0.5080590433191665, 0.7198514790166007, 0.08439053606240493, -0.10094198940057794, -0.4187178703448209, 0.09342434356557469, -0.07704582239811839], [-0.17221221003068313, -0.5463418208673007, -0.3417322634598626, -0.26506615484529, -0.13049720131860398, 0.7322765066079836, 0.45697279412704467, 0.6003837354216467, 0.1675740358645507, 0.7322765066079836, -0.8198427408979383, -0.028886578665148627, 0.24541984598589942, -0.029358453899703464], [-0.6892060614011847, -0.3144245692255678, -0.0035236433304680903, 0.3583223765198861, -0.7164231976218247, 0.05521051394261828, -0.4412104827029084, 0.3986630727416842, -0.14122651511006093, 0.05521051394261828, 0.3941809197845947, 0.4686099716984887, 0.5643294554359103, -0.02478064687328302]], "inverted": false, "swapped": false, "error_lsq": 0.0533029468576436, "error_max": 0.3399123981007843, "target": "1147.xyz", "model": "0.xyz", "model_rescale": 3.8414455957264533, "target_rescale": 4.136533343636132},
{"mapping": [11, 12, 8, 5, 13, 7, 0, 9, 3, 4, 10, 6, 2, 14], "R": [[0.5236150413706002, 0.47921300673332967, 0.7044020035661926], [0.5654294944122086, 0.42298902742580746, -0.7080746920531222], [-0.637272920575807, 0.7690482279122497, -0.04947775101810672]], "T": [-0.04885434793378297, 0.07857391637232206, -0.00902816245948214], "aligned_model": [[0.03503152121993868, -0.19365109942166825, -0.6782300526156998, 0.3099828119380378, -0.5813949007554245, -0.21654130083482237, 0.10476076782531638, -0.6545466182124632, 0.7255407449925597, 0.34498797410912757, 0.06735361319892791, -0.2599593554455273, 0.08278572024912154, 0.018297159608772783], [-0.2523026258860285, -0.5766034580369744, -0.39874335560904506, -0.13890778414184748, 0.12072502527396747, 0.698909484073811, 0.5599766181815857, 0.3635469025442387, -0.013721125602529166, 0.4474594662168011, -0.5617237189042357, -0.11708893045818636, 0.4414521290480181, 0.027987373931001813], [-0.7898926045167809, -0.37243709560198074, -0.02791841722158949, 0.49916509568065104, -0.5470531100763298, -0.013485898023385089, -0.5288081201417946, 0.12302088475540733, 0.06287974613559169, 0.05900794069153274, 0.20285847807978508, 0.7170420131828521, 0.6199352886507737, -0.040582493794229915]], "inverted": true, "swapped": false, "error_lsq": 0.044754485914879134, "error_max": 0.2701064529924572, "target": "1147.xyz", "model": "1.xyz", "model_rescale": 4.316132596720782, "target_rescale": 4.136533343636132},
{"mapping": [11, 5, 12, 1, 3, 2, 8, 4, 9, 7, 6, 13], "R": [[0.03031765175765072, 0.992915511979394, -0.11488962556558552], [0.18779944842602886, -0.11855394139819203, -0.975026322798433], [-0.9817393784313542, 0.007984300198055683, -0.19006326259318543]], "T": [-0.15009969243924542, 0.0693802322248721, -0.1247594682291415], "aligned_model": [[-0.2033295509852573, 0.5646480390566728, 0.06014957510722779, -0.5977826661379764, -0.3974327397713475, -0.5971828166886157, -0.17746682406571354, -0.15878913283121987, 0.5514490452147591, 0.1904226394024855, 0.4719411998338244, -0.10881821350305845], [-0.6136993396897319, -0.008270834210331257, -0.61595286922998, 0.41741795138712445, -0.1845909628952367, -0.16012965820185515, 0.2834730968540907, 0.5959182806029529, -0.06932818764520181, -0.2716170499313939, 0.5423612510716532, 0.0971947496288901], [0.11730698697134231, 0.12162448105734841, -0.4147800988428869, 0.11340268515611554, -0.5348704591179423, 0.48900341847953643, -0.7561232854441658, 0.5067343385188364, -0.47576239141790144, 0.48143526939671044, -0.13869949474663668, -0.060012988800935904]], "inverted": false, "swapped": true, "error_lsq": 0.05150327485842223, "error_max": 0.32208162688463554, "target": "1147.xyz", "model": "2.xyz", "model_rescale": 3.795458400668931, "target_rescale": 4.136533343636132},
{"mapping": [6, 4, 0, 10, 9, 3, 1, 7, 2, 11, 8, 13], "R": [[0.542475256312116, -0.3144507422361094, -0.7790002098820412], [-0.8382853603061389, -0.1421823630521131, -0.5263666310978732], [0.054756287177925966, 0.9385653447384883, -0.3407298675936872]], "T": [0.06719698372250633, 0.09940635622390669, 0.04113376763140984], "aligned_model": [[-0.23495393264962167, -0.16339490315924216, -0.6393115407880726, 0.028666343771904565, 0.20072273251433465, 0.08570066482592505, -0.2457582894986145, 0.6785037544470965, 0.41877367610523175, 0.763786318938347, -0.3752046920695628, 0.07577369330583959], [0.0020103989390368032, -0.6798940915835789, -0.12656804397461818, 0.059481254697069455, 0.5491257223911999, 0.5458776434716127, -0.2973537204729876, -0.29622897391362424, -0.4283289264829059, 0.12514855940357694, 0.5987661128943712, 0.03373310992055738], [-0.6730504462998219, -0.08384800894639147, -0.04652790124542573, 0.7902180199735268, -0.6027117691532323, 0.34803282685139786, 0.39172177185727075, -0.22246324005154106, 0.517738731572008, 0.24638465113792374, 0.029927745084785885, -0.006650950141400054]], "inverted": true, "swapped": true, "error_lsq": 0.04567386779124261, "error_max": 0.23270385508929606, "target": "1147.xyz", "model": "3.xyz", "model_rescale": 3.7530521520055578, "target_rescale": 4.136533343636132},
{"mapping": [11, 9, 5, 6, 7, 8, 2, 3, 10, 0, 13], "R": [[-0.36586079629164353, 0.380346496230968, -0.8494012129386622], [0.8514085928974335, -0.23177954207831475, -0.47051211654364344], [-0.3758314591372799, -0.8953294291370038, -0.23903122734059268]], "T": [-0.08403231147410523, 0.007042325137390254, 0.07157943447364246], "aligned_model": [[-0.4699632775297606, -0.04130711066184614, 0.3212634866671456, 0.5352786951111135, 0.14785360988029833, -0.2744071126972763, -0.13410289906040562, -0.5950227520472291, -0.5120553699931544, 0.3717586574713263, -0.011096324695006585], [-0.6074546384746455, 0.07464804867881081, -0.33489965445556635, 0.2296098838654074, -0.7180635654832167, 0.6219274272342679, -0.5333391220335526, 0.18698891646567634, 0.03241975976576618, 0.5450041577518411, -0.029637855000442588], [0.033133897773895166, -0.7210224406779543, -0.47285610520409516, -0.3500338944342299, -0.0703960271775918, -0.1041440145748048, 0.6501499303558949, 0.052239759881506725, 0.6883112142949521, 0.3180646312286537, 0.06938382577908948]], "inverted": false, "swapped": true, "error_lsq": 0.05103984285085646, "error_max": 0.30063595202506505, "target": "1147.xyz", "model": "4.xyz", "model_rescale": 3.7855080009869324, "target_rescale": 4.136533343636132},
{"mapping": [1, 4, 7, 3, 6, 13, 12, 8, 2, 14, 5, 10, 9, 16], "R": [[-0.27682541287823426, 0.8602591231969758, 0.4281611048906306], [-0.6939523853712937, 0.12923415725253506, -0.7083280450728452], [-0.6646787025490486, -0.4932066235925846, 0.5612035716405552]], "T": [-0.08382083559468764, 0.09196869790489587, -0.03440013708590257], "aligned_model": [[0.2967744615714647, -0.26544697524335137, -0.6427053695079512, 0.36217397133518814, -0.6033404375722445, -0.4004210504592568, 0.207847244723854, -0.6701519483358025, 0.6502142750032317, 0.343248090062236, -0.07507250028337423, -0.3444286838771281, 0.2898085844225897, -0.04408267598325889], [-0.15795828510606091, -0.493307478157289, -0.39687429902229404, -0.23794583541005448, 0.02741338315397729, 0.6920783923426259, 0.5092195482775079, 0.3846549311025979, 0.0650742220118703, 0.5993904908415075, -0.6616621792792339, -0.0631474091878329, 0.2123127223260302, 0.12171779673722602], [-0.6392039581117116, -0.4484828908872391, 0.06584992018942329, 0.3835252609200113, -0.4242835331999884, -0.28836922470280396, -0.4859493833445822, 0.22223280914650667, 0.04468735342069618, 0.0991388284788515, 0.2606714003474178, 0.628160665262288, 0.5595968254759616, -0.013842365194327768]], "inverted": true, "swapped": false, "error_lsq": 0.039891891901600064, "error_max": 0.2890463959416206, "target": "1147.xyz", "model": "5.xyz", "model_rescale": 4.2253639853439635, "target_rescale": 4.136533343636132},
{"mapping": [9, 9, 11, 7, 8, 2, 1, 5, 0, 4, 12, 6, 3, 13], "R": [[-0.6126419505128367, 0.40395879392902995, 0.67932844286047], [0.7625953662164313, 0.5279439190723674, 0.3737961018252291], [-0.20764909799239278, 0.7470558955807212, -0.6314976967345427]], "T": [-0.11349003473199758, 0.12439811305990071, -0.05034546518965279], "aligned_model": [[0.06570060372447305, 0.06570060372447305, -0.667479772165168, 0.2896469157422964, -0.5383135905315003, -0.3217335166469188, 0.2035871372786927, -0.7144863511448105, 0.6503912631622568, 0.2834296874015786, -0.07973982602245698, -0.28490607381247857, 0.2393508481527083, -0.08673094300694917], [-0.25015193307363587, -0.25015193307363587, -0.37695640268576264, -0.26835934508330234, 0.0033439192720015193, 0.6679690185445457, 0.4512404137259321, 0.29639326391821014, -0.11146783548705909, 0.7092294293007407, -0.7606311424506894, 0.03866228663090575, 0.3073693329699055, 0.14447692812242116], [-0.49778194729220904, -0.49778194729220904, 0.167123634163214, 0.508772942897658, -0.6425749006307828, 0.2833264320204445, -0.6259685705661703, 0.04946616835144458, -0.11291755457487279, -0.01376161722450344, 0.24448992069790473, 0.5636446631801814, 0.5370507526634484, 0.000643731406954999]], "inverted": true, "swapped": false, "error_lsq": 0.051038053620662154, "error_max": 0.3782683602437476, "target": "1147.xyz", "model": "6.xyz", "model_rescale": 3.89814844738969, "target_rescale": 4.136533343636132},
{"mapping": [6, 5, 12, 0, 3, 7, 4, 8, 1, 2, 11, 10, 13], "R": [[0.7683414444212582, 0.19377275342809946, 0.6100029055779552], [-0.6361299296305651, 0.12600512891406776, 0.7612236334452324], [0.07064090467191886, -0.9729207714486531, 0.22007961075685936]], "T": [0.016550778580288403, 0.023974075577985025, -0.02938934410461185], "aligned_model": [[-0.10469490299828206, -0.05664469302389878, 0.6235763665070095, -0.29066829241341063, 0.45704294878546137, -0.29902430324717955, -0.7825831256230263, 0.4596718005225696, -0.42030662378380806, -0.47306641877998007, 0.12191823056079469, -0.0397368399730018, -0.046852345629025224], [-0.3859249666698632, 0.22364509498242524, 0.4891572075190471, -0.6562926252271746, 0.04486847150842329, 0.6206353877057276, -0.13411041394494405, -0.4677904385899339, -0.17482760991520718, 0.5120746404119267, 0.7381900100941339, 0.12267411401705489, 0.03148239357886952], [-0.683700050154397, -0.7590282720749643, -0.14394400352478656, -0.0018765991506399446, 0.2858821282929922, -0.40901325165753843, -0.14117730432492495, 0.05437465045719834, 0.3551948600032321, 0.35957830178781763, 0.05319750162492574, 0.7131036507873297, -0.08031658122994842]], "inverted": false, "swapped": true, "error_lsq": 0.052304677708470575, "error_max": 0.28039909867324825, "target": "1147.xyz", "model": "7.xyz", "model_rescale": 3.7474275329858107, "target_rescale": 4.136533343636132},
{"mapping": [5, 7, 11, 0, 9, 4, 8, 13, 3, 2, 10, 12, 1, 14], "R": [[0.38850893587671587, 0.534926500830532, 0.7502762460941601], [-0.9201575197930485, 0.2682532040307071, 0.28521984029089764], [-0.04869235578863673, -0.8011827864079848, 0.596435409119286]], "T": [-0.05951540375578824, -0.0011432917797095654, 0.049600727671015934], "aligned_model": [[0.20747944467896295, -0.15338130793362348, -0.6008068326397502, 0.45750466187667194, -0.4372513757857701, -0.2583253596486871, 0.044577153062075804, -0.7355703666025422, 0.6075592706224143, 0.3467413464814474, -0.13691971383055476, -0.4631772803292049, 0.29291883769655835, -0.06693149179180095], [-0.18535509181050205, -0.554495663269198, -0.28654185614474836, -0.2620519423405793, -0.10776267122966428, 0.7368824100915967, 0.4304399814294538, 0.5179487742517193, 0.04686605580915916, 0.7302921301914722, -0.7217659847954667, -0.07637145799906686, 0.27883591612445885, 0.0540454003219436], [-0.5889924351960845, -0.33623340369096416, -0.06008611778002472, 0.3639733814163345, -0.6033068335110168, -0.11778657967561339, -0.4681935690894918, 0.3352665164628578, -0.20893557216310493, 0.14205164558082217, 0.2731513187702775, 0.5100792083928147, 0.6514342334208338, 0.07130991486286237]], "inverted": true, "swapped": false, "error_lsq": 0.03908471528610729, "error_max": 0.25860697691852486, "target": "1147.xyz", "model": "8.xyz", "model_rescale": 4.019505241142653, "target_rescale": 4.136533343636132},
{"mapping": [1, 3, 8, 0, 4, 6, 9, 2, 7, 11, 12, 5, 13], "R": [[0.11798472495308654, -0.6947811865305138, 0.7094777709844022], [-0.5912990791961763, -0.6231490279260974, -0.5119088668274014], [0.7977750332139373, -0.35911612583955543, -0.4843455425029633]], "T": [-0.06681772465780234, -0.08764160974254814, -0.06563372542100501], "aligned_model": [[-0.1451439504144551, -0.5109386991691336, -0.12387773195375337, 0.286289501339911, 0.39751448645742304, 0.6849596099598279, 0.30043765921094323, -0.3876007568630125, 0.1497094878709178, -0.44679107472099744, -0.38214990958618905, 0.4994910618976689, -0.002198912287974447], [-0.6673529577957105, 0.16269229888545095, 0.22243790769267485, -0.4353005597383221, -0.7607825198672309, 0.06268639257830305, 0.6179863860792811, -0.6529170506141038, -0.14120646690383834, 0.03428469911511492, 0.5455761457903385, 0.1954730213377543, -0.12019906844565353], [-0.2555580932667537, -0.2499039706893286, -0.6536812002914079, -0.6245181807223722, 0.02026833254349128, -0.21753030557328398, -0.02289821716705736, 0.38914634570121887, 0.6759547299624363, 0.5416401144496854, 0.24677476976011584, 0.35477027337233047, -0.02776110403519541]], "inverted": true, "swapped": true, "error_lsq": 0.053547335869317744, "error_max": 0.29896075278763723, "target": "1147.xyz", "model": "9.xyz", "model_rescale": 3.877068213659057, "target_rescale": 4.136533343636132},
{"mapping": [10, 6, 3, 2, 12, 1, 11, 5, 9, 8, 13, 4, 7, 15], "R": [[-0.70114051190142, 0.6640786530589672, 0.2596180369735553], [-0.24992365817089002, 0.11212016538977687, -0.9617521684921999], [-0.6677875018724853, -0.7392080972664983, 0.08735697612983429]], "T": [-0.04555469695225771, -0.02176418690408688, -0.03262180298144727], "aligned_model": [[0.2867475136674999, -0.29258611555871245, -0.615896971787854, 0.3959049453379549, -0.5159005599140903, -0.39209262886618673, 0.14905069680906347, -0.7384974000076336, 0.6120876525150333, 0.4201309793043584, 0.032442503421597046, -0.28438043951224606, 0.12098858096324362, -0.07358177051583079], [-0.24306440926682546, -0.46447163968250416, -0.2601654945902687, -0.18183218514808946, 0.1149954672031363, 0.6856083402620335, 0.3563493724779456, 0.33489917081642034, 0.0013028034841340852, 0.5912414206961638, -0.755851531222194, -0.04838217829493233, 0.41744154286004087, 0.05289532103551722], [-0.6189768420655355, -0.3837487951090474, 0.11103002874060369, 0.43625662275027716, -0.5967731850737819, 0.3313042606068421, -0.6357918894364663, 0.0275205430350815, -0.08380537496723306, 0.01918468105446558, 0.19687918527241763, 0.6001059638898651, 0.6349470945417435, -0.07440058543872906]], "inverted": false, "swapped": false, "error_lsq": 0.04792995057792325, "error_max": 0.41695748542740996, "target": "1147.xyz", "model": "10.xyz", "model_rescale": 4.260839863003843, "target_rescale": 4.136533343636132},
{"mapping": [9, 6, 0, 8, 10, 3, 12, 5, 4, 2, 11, 13], "R": [[0.43193353590680983, -0.9009765836034811, -0.04092207664868025], [0.1256786404090252, 0.10505728022954494, -0.9864927000316372], [0.8931059846983334, 0.42095624911500096, 0.15861127458995383]], "T": [-0.058826238588995335, 0.0101230572881632, -0.018958340954223676], "aligned_model": [[0.4392552198630791, 0.3729143274419263, -0.32821625258058457, -0.3989573249924431, -0.6768005385151848, -0.39149093575232574, 0.15884727271423668, 0.6898879468155807, 0.08100669434850369, -0.13863250741132774, 0.15263485452519282, -0.0015501073625229927], [0.01251919222874543, -0.5869416746389716, -0.6865098357815151, -0.1511215419874936, 0.2940351914428532, 0.33864981236266617, 0.6492299021165457, -0.08861387642864549, -0.5412923335536588, 0.29258393893644996, 0.6708279030288123, -0.030288172192854082], [-0.6406679423095794, -0.27963827827315524, -0.013048552764130528, -0.5698812099053818, 0.2999578012592817, -0.29331285533764206, -0.39599794630833074, -0.10426452336357568, 0.5747503993671847, 0.7180014955961583, 0.19732989509890114, 0.022949794335774557]], "inverted": true, "swapped": true, "error_lsq": 0.04873611601119493, "error_max": 0.2721280077556729, "target": "1147.xyz", "model": "11.xyz", "model_rescale": 3.890672605050136, "target_rescale": 4.136533343636132},
{"mapping": [3, 0, 2, 6, 4, 12, 7, 10, 8, 5, 1, 11, 9, 13], "R": [[-0.46394956337106635, -0.8658692050445558, -0.18713984718201065], [-0.31723503231361555, -0.03484660094643005, 0.9477065203297168], [-0.8271110789493612, 0.4990553417788348, -0.25851697994761214]], "T": [-0.009962386967338623, -0.02153764165414275, 0.096323528152002], "aligned_model": [[0.15017599050285643, 0.05776678440897789, -0.6959481343335046, 0.3375427816865634, -0.5007281618081013, -0.2623867620542194, 0.15176500844619276, -0.8016293900095568, 0.6387609133923847, 0.39260795206400806, -0.07706094193071927, -0.3653220348155237, 0.1347388444415206, -0.05586586413468179], [-0.16108119706300622, -0.4806768923539303, -0.20823263481691695, -0.29390604442971924, -0.0814148359013173, 0.6658687895233555, 0.5662896998894783, 0.38568772990231814, -0.08360368650500324, 0.6438976355469895, -0.794753674375179, -0.09069592888731896, 0.4538970081112154, 0.0796900319896118], [-0.802534887955397, -0.26877707107885507, 0.10784167058568582, 0.4666125434763319, -0.4002856941537999, -0.04110456207298081, -0.49971962161394884, 0.17981818365411772, -0.2110800038463992, 0.10658002967535744, 0.15048108584440573, 0.5106890864256591, 0.6953593062593303, -0.03014835739900408]], "inverted": false, "swapped": false, "error_lsq": 0.040004097805010505, "error_max": 0.24830935327011447, "target": "1147.xyz", "model": "12.xyz", "model_rescale": 4.124412569039231, "target_rescale": 4.136533343636132},
{"mapping": [0, 10, 3, 4, 8, 6, 2, 5, 11, 7, 9, 12, 13], "R": [[0.8234165993867407, 0.4023752734526446, 0.4000990416987844], [-0.144398380325702, -0.5333001626422594, 0.8335106743677936], [0.5487569695354129, -0.7441001786316475, -0.38102586860561155]], "T": [0.10765764660447191, 0.12119348639007596, 0.09720198893065682], "aligned_model": [[-0.07774302789297466, -0.14481709397251713, 0.44734928727289197, -0.601212784271608, 0.5930385988898479, 0.22146210714883235, -0.5374370813596476, 0.18307722846567032, 0.06762690233008217, -0.20107212659151802, 0.7217953728021671, 0.6368790454678075, 0.05835187922072364], [-0.39853066023913053, 0.6835709821915814, 0.482738534192108, -0.2954466669702207, -0.014630682803880163, -0.6375015341829339, 0.5681015617721207, -0.2737062165639441, 0.6801185317640663, 0.15891474879151474, -0.2054838431519432, 0.5270951654515763, 0.07224545625756221], [0.6006070884756509, 0.5263801554774761, 0.31574442593303315, 0.10119517846355797, 0.5344228833172873, -0.05203155524239922, -0.018508663147926208, -0.5477516292015325, -0.36542920468658724, -0.6120015772979401, -0.2910382521029773, -0.29416320951618846, 0.054272440496384314]], "inverted": false, "swapped": true, "error_lsq": 0.04567917404517159, "error_max": 0.20928567803107165, "target": "1147.xyz", "model": "13.xyz", "model_rescale": 3.9028299243045295, "target_rescale": 4.136533343636132},
{"mapping": [2, 3, 7, 5, 6, 11, 1, 9, 8, 12, 4, 10, 13, 15], "R": [[0.8312914858763708, -0.20353594395689734, -0.5172306884041498], [0.222293314108424, 0.9746262116376064, -0.026257000811615902], [0.5094508298277169, -0.09314970266459478, 0.8554431511686492]], "T": [-0.005131587712189814, 0.007173984710496156, -0.03534955197578818], "aligned_model": [[0.37375707539571973, -0.22047377609840235, -0.8208370130378215, 0.3381094633745979, -0.4762153887049727, -0.2141536876828496, -0.08948127444355346, -0.731584999655166, 0.7596181787059653, 0.4218562058480514, -0.03362567184642716, -0.3365731460283675, 0.251866923704099, -0.1178459036746764], [-0.03801871277200937, -0.4840777247576098, -0.312703394365311, -0.10080088318132441, 0.04547397976474502, 0.7154606628640192, 0.4502376665857667, 0.27512090881218465, -0.09166744640607295, 0.5398980778768466, -0.6025726578653348, -0.1321867890932581, 0.3186715569867753, 0.018130756181160508], [-0.6650723248039114, -0.3531371305307902, 0.19471799742458515, 0.3288328781436971, -0.5054787098359168, -0.05763029729611445, -0.5030871492397412, 0.0009181003402202459, -0.07888489182549599, 0.09928608101760814, 0.25920162001230895, 0.6173967005563401, 0.6499039627113166, -0.023235128873603142]], "inverted": false, "swapped": false, "error_lsq": 0.04227847937411905, "error_max": 0.23989514904468784, "target": "1147.xyz", "model": "14.xyz", "model_rescale": 3.942246331269136, "target_rescale": 4.136533343636132},
{"mapping": [9, 5, 1, 4, 2, 8, 6, 0, 10, 11, 3, 12, 13, 14], "R": [[0.8156683356742906, 0.22372483450061387, 0.5335094793965767], [-0.5568823966158366, 0.5534892914604626, 0.6192992819130323], [-0.15673915438630925, -0.8022448520659191, 0.576052111198281]], "T": [-0.005957515097343699, 0.05417947988542099, -0.03238016455714759], "aligned_model": [[0.20993012153721718, -0.26448887621295675, -0.6138261872409099, 0.4391167203707828, -0.5541525811109977, -0.25995618791289693, 0.17790714945806452, -0.6934379265534628, 0.6625271384690796, 0.4481668228589258, -0.05887575001739695, -0.4190121750427177, 0.1341893572204319, -0.10367063996696638], [-0.027658529017316247, -0.4698824059095788, -0.4168993307366978, -0.14663963571345262, -0.09280244419671507, 0.7850105035622932, 0.47954402349246467, 0.2666574335801714, -0.08535922752527175, 0.5723251663004643, -0.5674821424208283, -0.03184019127098356, 0.283114260939734, 0.05287851954629436], [-0.8036501398443625, -0.27996900389731527, 0.2230055582033197, 0.29203405315710995, -0.5427980347682965, -0.017833160496385468, -0.34550662384846903, -0.1838439751723382, -0.2389176505578593, 0.16613219773249355, 0.3243892543469324, 0.6676646356051735, 0.7350034205608007, -0.0319788232203002]], "inverted": false, "swapped": false, "error_lsq": 0.044013845885152315, "error_max": 0.3829454290946346, "target": "1147.xyz", "model": "15.xyz", "model_rescale": 4.355366556412066, "target_rescale": 4.136533343636132},
{"mapping": [11, 5, 12, 1, 3, 2, 8, 4, 9, 7, 6, 13], "R": [[0.03031765175765072, 0.992915511979394, -0.11488962556558552], [0.18779944842602886, -0.11855394139819203, -0.975026322798433], [-0.9817393784313542, 0.007984300198055683, -0.19006326259318543]], "T": [-0.15009969243924542, 0.0693802322248721, -0.1247594682291415], "aligned_model": [[-0.2033295509852573, 0.5646480390566728, 0.06014957510722779, -0.5977826661379764, -0.3974327397713475, -0.5971828166886157, -0.17746682406571354, -0.15878913283121987, 0.5514490452147591, 0.1904226394024855, 0.4719411998338244, -0.10881821350305845], [-0.6136993396897319, -0.008270834210331257, -0.61595286922998, 0.41741795138712445, -0.1845909628952367, -0.16012965820185515, 0.2834730968540907, 0.5959182806029529, -0.06932818764520181, -0.2716170499313939, 0.5423612510716532, 0.0971947496288901], [0.11730698697134231, 0.12162448105734841, -0.4147800988428869, 0.11340268515611554, -0.5348704591179423, 0.48900341847953643, -0.7561232854441658, 0.5067343385188364, -0.47576239141790144, 0.48143526939671044, -0.13869949474663668, -0.060012988800935904]], "inverted": false, "swapped": true, "error_lsq": 0.05150327485842223, "error_max": 0.32208162688463554, "target": "1147.xyz", "model": "16.xyz", "model_rescale": 3.795458400668931, "target_rescale": 4.136533343636132},
{"mapping": [6, 5, 12, 0, 3, 7, 4, 8, 1, 2, 11, 10, 13], "R": [[0.7683414444212582, 0.19377275342809946, 0.6100029055779552], [-0.6361299296305651, 0.12600512891406776, 0.7612236334452324], [0.07064090467191886, -0.9729207714486531, 0.22007961075685936]], "T": [0.016550778580288403, 0.023974075577985025, -0.02938934410461185], "aligned_model": [[-0.10469490299828206, -0.05664469302389878, 0.6235763665070095, -0.29066829241341063, 0.45704294878546137, -0.29902430324717955, -0.7825831256230263, 0.4596718005225696, -0.42030662378380806, -0.47306641877998007, 0.12191823056079469, -0.0397368399730018, -0.046852345629025224], [-0.3859249666698632, 0.22364509498242524, 0.4891572075190471, -0.6562926252271746, 0.04486847150842329, 0.6206353877057276, -0.13411041394494405, -0.4677904385899339, -0.17482760991520718, 0.5120746404119267, 0.7381900100941339, 0.12267411401705489, 0.03148239357886952], [-0.683700050154397, -0.7590282720749643, -0.14394400352478656, -0.0018765991506399446, 0.2858821282929922, -0.40901325165753843, -0.14117730432492495, 0.05437465045719834, 0.3551948600032321, 0.35957830178781763, 0.05319750162492574, 0.7131036507873297, -0.08031658122994842]], "inverted": false, "swapped": true, "error_lsq": 0.052304677708470575, "error_max": 0.28039909867324825, "target": "1147.xyz", "model": "17.xyz", "model_rescale": 3.7474275329858107, "target_rescale": 4.136533343636132},
{"mapping": [2, 6, 4, 12, 0, 3, 1, 8, 7, 11, 9, 5, 10, 13], "R": [[-0.04604782037619811, 0.985231403623117, 0.16492022178442528], [-0.6366417019141309, 0.09827828051758089, -0.7648717035963524], [-0.7697836979453905, -0.14021576549493392, 0.6227138969737142]], "T": [-0.021421393946073494, 0.08402568437522404, -0.0006328834802358952], "aligned_model": [[0.07723352277806388, -0.2477492949880401, -0.7024918311258855, 0.4175829286923542, -0.5903769159150906, -0.18305193210324638, 0.14586014996392827, -0.6766646317684168, 0.7151753632329516, 0.46363374025870585, 0.08426942814292063, -0.25132904011204404, -0.0940432622509038, -0.05363123894910023], [-0.21034461825666292, -0.5905751625319885, -0.3802198032397396, -0.18559494291628245, 0.07457393228623296, 0.7427325286732605, 0.49130369606677393, 0.33357358789930625, -0.026767539068312515, 0.6000156603133342, -0.5676463059195483, -0.1578124806415598, 0.43518798692052285, 0.0425394610452417], [-0.6389478967332906, -0.2984385080448855, 0.09858913448679515, 0.5414158646570597, -0.6132850435060376, -0.02450847183276207, -0.5341681897808971, 0.1582274147491424, -0.11274604501193053, 0.14153787061154713, 0.10834983555116649, 0.6411433336282132, 0.5891556141852038, -0.09259320515882158]], "inverted": false, "swapped": false, "error_lsq": 0.042726769692065035, "error_max": 0.3156280623471829, "target": "1147.xyz", "model": "18.xyz", "model_rescale": 3.922800546911778, "target_rescale": 4.136533343636132},
{"mapping": [7, 3, 0, 8, 9, 10, 11, 2, 13, 4, 5, 1, 6, 14], "R": [[0.2748723654773944, 0.4395798078370911, -0.8551109724701046], [-0.7409899829339615, 0.6635802315509689, 0.1029326065262628], [0.6126818325104716, 0.6053353358566382, 0.508124102237772]], "T": [0.005890227192606165, -0.02771246116253638, 0.0514668868456834], "aligned_model": [[0.08513098407807666, -0.3087117203801428, -0.6275288215159095, 0.43703482753763717, -0.5005448004411931, -0.2189939772270602, 0.22333173660386746, -0.662501906481212, 0.6340661280248175, 0.4012656201824359, -0.01273407919973997, -0.41191031027513036, 0.06669650580707691, -0.00018320085732693309], [-0.14987610747517616, -0.43195592548659123, -0.5690478334856839, -0.14247042889918723, 0.26367234238737663, 0.7433770769553901, 0.4314845353410808, 0.21597535181670402, 0.0341902394130071, 0.5747616262002827, -0.7233016007913033, -0.021160416787585998, 0.4141990276810141, -0.03888188623874987], [-0.734031658682234, -0.3316285056087616, 0.11611175579780211, 0.470197822478455, -0.5154207959987362, -0.02234819339489387, -0.4476332245105596, -0.03218219106998671, -0.2194147110809378, 0.11907170743298448, 0.365063130808571, 0.6625174621191421, 0.5775701128595976, -0.04414100334993941]], "inverted": true, "swapped": false, "error_lsq": 0.04796571345469954, "error_max": 0.35044216492363817, "target": "1147.xyz", "model": "19.xyz", "model_rescale": 3.9282355846067225, "target_rescale": 4.136533343636132},
{"mapping": [10, 1, 5, 4, 2, 12, 12, 7, 11, 9, 3, 6, 8, 13], "R": [[-0.7407530482870349, 0.04116189991624691, 0.6705151895734734], [0.5745190261264806, 0.5561046308614941, 0.6005626762903953], [-0.3481563012098824, 0.8300923668662945, -0.4355844951305858]], "T": [-0.07053291466851315, 0.007930666288803977, 0.09717430428256542], "aligned_model": [[0.1454612719206994, -0.18355466542367438, -0.6487573879641602, 0.3779567839330716, -0.5570130956622825, -0.051397353142619964, -0.051397353142619964, -0.5495812003949283, 0.6226501588101212, 0.3274790326313693, -0.09288705712926167, -0.4651549569195538, 0.2797526569508808, -0.04913984861084493], [0.09751888214842697, -0.6119262875648914, -0.38200624966025415, -0.2678754898333893, -0.14817113267339166, 0.757361320200031, 0.757361320200031, 0.39176031078399204, -0.013409149836372015, 0.5733157728646343, -0.7120961570483999, -0.07354245233877155, 0.32894605455473974, -0.09627074116580742], [-0.7320149454850733, -0.308416914707773, 0.1331716973923585, 0.4466822432956474, -0.5491116016607049, -0.3038018428020774, -0.3038018428020774, -0.009058084040879738, -0.08283961244725989, 0.0784394088577839, 0.3149281449635889, 0.6114501337435457, 0.6912035274188778, -0.023098603925454056]], "inverted": false, "swapped": false, "error_lsq": 0.04931868673633901, "error_max": 0.3455274267591451, "target": "1147.xyz", "model": "20.xyz", "model_rescale": 4.067790424073018, "target_rescale": 4.136533343636132},
{"mapping": [4, 2, 3, 7, 6, 13, 5, 11, 8, 1, 0, 12, 9, 14], "R": [[-0.13798458471887476, 0.8382512878202324, -0.5275367597122324], [-0.09904523840779797, 0.5182832688041014, 0.8494542330381776], [0.9854695810265796, 0.16946159371803848, 0.01150969703512375]], "T": [-0.08618432593017242, 0.07090718504763774, -0.028409421387323254], "aligned_model": [[0.1623638438688498, -0.2218796314163146, -0.7590476132445, 0.5253763725414643, -0.5557836360327248, -0.22350549172172984, 0.2098417469584303, -0.6768431782722231, 0.45830842837585706, 0.5024295666159616, 0.11477635399373051, -0.44319849556243873, 0.1140197768750579, -0.10244105712322378], [-0.17546139464135282, -0.584014208096542, -0.4318514699576893, -0.06724330508494417, 0.012286125919049318, 0.7525565680098868, 0.38753241651022385, 0.2888085271369718, -0.01864490463799215, 0.5820498342752064, -0.5731259604099973, -0.011451975135411366, 0.3172000600693513, 0.12232568667381744], [-0.7495188617414658, -0.3545791385746204, 0.10662297492041872, 0.3760308231109183, -0.5972652573187311, -0.1097760067281782, -0.42913769319915995, 0.11880939277984295, -0.17220079966232335, 0.22766084030100645, 0.1936134202245847, 0.6444737172878954, 0.681032638545961, 0.027965657854354765]], "inverted": false, "swapped": false, "error_lsq": 0.041524864522552406, "error_max": 0.23474336056499362, "target": "1147.xyz", "model": "21.xyz", "model_rescale": 4.186013935880536, "target_rescale": 4.136533343636132},
{"mapping": [8, 0, 6, 12, 11, 9, 3, 10, 5, 4, 2, 7, 13], "R": [[0.1953912788458364, 0.955183982219023, 0.2223641343904146], [-0.6553275121232646, 0.2958463363736825, -0.6949969763305469], [-0.729635593981901, -0.009924986976298622, 0.6837641366934941]], "T": [-0.06955721889180526, -0.08178859688374265, -0.04692362145421898], "aligned_model": [[-0.014802637503122912, -0.35052621550062285, 0.3725947051467246, 0.39244651770134537, 0.026571248446050647, 0.7022159502857991, -0.13190045201859696, -0.723170413927387, 0.5612791821671826, -0.37509985759815034, -0.5564694916541235, 0.20947283716341464, -0.054037337285287826], [-0.4713337944499689, 0.22308317627202442, 0.3731153371569643, -0.5890279469387784, -0.26719178312364056, -0.17870384610672524, -0.6202059725664237, -0.4018583092652863, 0.3223413899161105, 0.6798585354776494, 0.11822975565036811, 0.3330257887278517, -0.0023756712040521183], [-0.5858683859124814, -0.6682230000302509, -0.5034368491397249, 0.30981013047410805, 0.6490736949490581, -0.21893326926340034, -0.05620154942265147, 0.1389554024975277, 0.08083962494781764, -0.09830058538951032, 0.5465172670731977, 0.544496633655176, -0.03584955310352025]], "inverted": false, "swapped": true, "error_lsq": 0.05413288472517846, "error_max": 0.4051688442199517, "target": "1147.xyz", "model": "22.xyz", "model_rescale": 4.166573947596378, "target_rescale": 4.136533343636132},
{"mapping": [14, 13, 6, 7, 12, 3, 9, 2, 10, 8, 5, 1, 0, 15], "R": [[0.605370139810709, 0.2575439621179285, -0.7531255548726002], [-0.21328390616151335, 0.9640891839494405, 0.15824670854140704], [0.7668356859184696, 0.06483172809898922, 0.6385607863262897]], "T": [-0.11939282057812516, 0.1779980900442109, -0.07408272888643405], "aligned_model": [[0.09691503190333513, 0.21687312613176896, -0.7337121103804398, 0.41619295127655076, -0.5054325650639624, -0.3041362742327709, 0.1356508753544608, -0.7039362242094304, 0.5129028133690208, 0.44668240458468045, -0.02570235645603551, -0.4242620165273489, 0.11648326591463327, -0.14010193580826558], [-0.20430477699009486, -0.5876068265108132, -0.25066297908361385, -0.1470495373732913, -0.04016028819019832, 0.7500378671699961, 0.5269442340760073, 0.35720315902603383, -0.18066822276510297, 0.6940192481798457, -0.5426598902105451, -0.0421009621121074, 0.12760424267593556, 0.14037073273852604], [-0.7321353058378923, -0.20670046422306934, 0.05996625454064752, 0.27070933678112075, -0.5565364498925623, -0.06589727021265204, -0.49078222254161197, 0.20699340263568736, -0.25436567442268543, 0.18545559975583623, 0.32957077800910717, 0.5314833215723955, 0.7060318106565092, -0.020061409020327728]], "inverted": true, "swapped": false, "error_lsq": 0.048891423315963266, "error_max": 0.43113451379069184, "target": "1147.xyz", "model": "23.xyz", "model_rescale": 4.274766983524099, "target_rescale": 4.136533343636132},
{"mapping": [8, 1, 10, 3, 2, 11, 9, 7, 6, 4, 13], "R": [[0.2779602190456014, 0.38452611477056114, -0.8802714261451287], [-0.5400257338225007, -0.6953106694874225, -0.4742523375866714], [-0.7944245234366768, 0.607192506505482, 0.014385291307419723]], "T": [-0.020960536800806964, 0.0189122527197656, -0.026308522597744327], "aligned_model": [[0.21548075420385698, 0.03566961273553031, -0.4927987125199457, -0.32011166492581095, -0.5020591653146836, -0.6627257931931985, 0.23976578327183945, -0.2107087307318553, 0.6951983485417179, 0.3654407667339679, 0.01674350515665636], [-0.2564345849815153, 0.6116612065410634, 0.45222395862706727, -0.18449269959508752, 0.5860724788146956, -0.10045065247266874, -0.7159731939331219, 0.018252073160374915, -0.18566520552071758, 0.6462710083444516, 0.04412214225894124], [-0.586205494497829, -0.180299477240389, -0.41850176898480107, -0.4300424164145057, 0.2496196899345198, 0.29293611822309185, 0.13672176738849198, 0.7244922844802848, 0.21055590004385816, 0.33868089518426236, 0.04160893590459308]], "inverted": false, "swapped": true, "error_lsq": 0.05310930308003745, "error_max": 0.2597073143464375, "target": "1147.xyz", "model": "24.xyz", "model_rescale": 3.7841303162186577, "target_rescale": 4.136533343636132},
{"mapping": [7, 11, 14, 3, 10, 8, 0, 9, 6, 1, 13, 12, 5, 15], "R": [[-0.6906971278350734, 0.7231299192415162, 0.004538446665863616], [0.511402268521185, 0.48400908696242323, 0.7100724776311131], [0.5112780039780378, 0.4927659927750292, -0.7041139673466745]], "T": [-0.06798812497608545, 0.13491768938471876, -0.030826916334265424], "aligned_model": [[0.10876064970554167, 0.1288259415155615, -0.750940948390033, 0.4167717960877657, -0.5845950474003387, -0.13577424201611626, 0.06820577594229987, -0.6065449865160878, 0.6231653536893196, 0.31493972120372227, -0.18314630195025172, -0.389356831231788, 0.098889065766706, -0.00478296055010409], [0.0008829329119994234, -0.5584284847910739, -0.24080178343204067, -0.3035303891132693, -0.05839156253860356, 0.7220321742630371, 0.5493577937728407, 0.24788082401488923, -0.0681137122415964, 0.7587021603631363, -0.5844131251334861, -0.10415481788432954, 0.13305099623717165, 0.10689299420190274], [-0.642055281845963, -0.2953318787631376, 0.11651378085349506, 0.44010087964378275, -0.5794651633617451, -0.04345258944762281, -0.6232968063531499, 0.16750751241886983, -0.08660837495083987, -0.16233962366505267, 0.25430773752528063, 0.6131749449485749, 0.830269631162106, -0.02559306036409495]], "inverted": true, "swapped": false, "error_lsq": 0.04774262198660058, "error_max": 0.3218992939851243, "target": "1147.xyz", "model": "25.xyz", "model_rescale": 4.19342608120988, "target_rescale": 4.136533343636132},
{"mapping": [11, 5, 12, 1, 3, 2, 8, 4, 9, 7, 6, 13], "R": [[0.03031765175765072, 0.992915511979394, -0.11488962556558552], [0.18779944842602886, -0.11855394139819203, -0.975026322798433], [-0.9817393784313542, 0.007984300198055683, -0.19006326259318543]], "T": [-0.15009969243924542, 0.0693802322248721, -0.1247594682291415], "aligned_model": [[-0.2033295509852573, 0.5646480390566728, 0.06014957510722779, -0.5977826661379764, -0.3974327397713475, -0.5971828166886157, -0.17746682406571354, -0.15878913283121987, 0.5514490452147591, 0.1904226394024855, 0.4719411998338244, -0.10881821350305845], [-0.6136993396897319, -0.008270834210331257, -0.61595286922998, 0.41741795138712445, -0.1845909628952367, -0.16012965820185515, 0.2834730968540907, 0.5959182806029529, -0.06932818764520181, -0.2716170499313939, 0.5423612510716532, 0.0971947496288901], [0.11730698697134231, 0.12162448105734841, -0.4147800988428869, 0.11340268515611554, -0.5348704591179423, 0.48900341847953643, -0.7561232854441658, 0.5067343385188364, -0.47576239141790144, 0.48143526939671044, -0.13869949474663668, -0.060012988800935904]], "inverted": false, "swapped": true, "error_lsq": 0.05150327485842223, "error_max": 0.32208162688463554, "target": "1147.xyz", "model": "26.xyz", "model_rescale": 3.795458400668931, "target_rescale": 4.136533343636132},
{"mapping": [11, 3, 2, 7, 4, 9, 12, 5, 8, 1, 6, 0, 13], "R": [[-0.14943841195577964, -0.9710866138340192, 0.18616914208459223], [0.04917225711063575, -0.19534915619383864, -0.9795002788692817], [0.9875475938722044, -0.13722060926381874, 0.07694318833065178]], "T": [-0.007521324073684402, -0.06261860602145639, 0.024887316918034745], "aligned_model": [[0.13477673908915305, 0.21888321628908358, 0.5203953717957525, -0.2496866122041227, 0.01675173741761546, -0.7253953238776925, -0.1809974947920543, -0.6823586802395868, -0.06603895882095345, 0.4275334384840418, -0.669541184729315, -0.0003292848756319272, -0.04431658071503318], [-0.6998567396431246, -0.349537853660847, -0.16982819807999627, -0.3439074390225457, 0.5440902185562814, -0.3035188768388206, -0.795685471957281, -0.16284047447540537, 0.06489568041489585, 0.3493022717929385, 0.3527917855133309, 0.6656032112855524, -0.029626610628064515], [-0.2940266376522737, 0.4252426073018187, -0.5574124825720332, -0.6547737975351554, -0.5295650898677193, 0.27234981722737406, 0.19957895637186757, -0.30999949690076467, 0.6772068532230153, -0.11410928088551825, 0.026924690457198204, 0.19085283234735909, -0.04013230941574237]], "inverted": false, "swapped": true, "error_lsq": 0.05819761332163365, "error_max": 0.33975977338347835, "target": "1147.xyz", "model": "27.xyz", "model_rescale": 3.6321398670334006, "target_rescale": 4.136533343636132},
