[{"mapping": [11, 8, 7, 4, 12, 1, 10, 2, 5, 3, 9, 0, 13], "R": [[0.06824213597954754, 0.005060872235523761, 0.997655951943938], [-0.9275112632621771, -0.3680452694701637, 0.06531107212743645], [0.36751308466332133, -0.9297940993536422, -0.020422179325433]], "T": [-0.14984142221495092, 0.09003992308777393, 0.05492529346896176], "aligned_model": [[-0.20858284574699582, -0.022937825825921743, 0.46142036903027595, 0.3725938988645746, -0.011117178694828977, -0.4678767748889101, 0.3269207997795476, 0.1770902152228668, -0.8362155540978576, -0.3776112403309432, 0.5498494149311901, 0.1476135747787989, -0.033118591888153276], [-0.37675638159366776, 0.13858415603698174, 0.06118751448186753, 0.6882877334974145, -0.37813180254395673, -0.040663026853192716, -0.7615259226617394, 0.7494051417228177, -0.00026089919454889976, 0.5479316424063269, -0.07398619013518772, 0.22539598776038122, 0.044573512488231444], [-0.46054778627474363, -0.7145667898519803, -0.3888325724407972, -0.4766432526656686, 0.3658764593332874, 0.5184060015348438, -0.19599764026450556, 0.27766159115367245, -0.2502591966656453, 0.16289005222217603, 0.19730274378651463, 0.753932943713521, -0.04923059279338372]], "inverted": false, "swapped": false, "error_lsq": 0.04692572041146635, "error_max": 0.23297722105714486, "target": "1148.xyz", "model": "0.xyz", "model_rescale": 3.8414455957264533, "target_rescale": 3.962185565951664},
{"mapping": [9, 13, 8, 11, 2, 4, 6, 1, 7, 0, 10, 3, 14], "R": [[-0.6194374649076595, -0.32892859789229567, 0.7128135833143059], [0.7346799503165596, -0.5628792659889834, 0.3786981681003504], [0.2766633291053043, 0.7582696811875785, 0.5903257515305074]], "T": [0.02579341312501801, 0.018948881672201892, -0.02494239392384028], "aligned_model": [[-0.25562903312371943, -0.08414189392506752, 0.4856138458769844, 0.27323096143891956, -0.2652984259178529, -0.32574144321902787, 0.29339408354608165, 0.15428823483136098, -0.5947373004543872, -0.5050465258493155, 0.6872274898553402, 0.1407956078404796, 0.07407266023384695], [-0.3595913356924616, 0.3067271137160934, -0.1605581787839106, 0.7992686767578228, -0.5422899427046108, 0.07319525843026048, -0.7117060724888636, 0.7427902970635278, -0.09730221960641333, 0.5119584104360776, -0.07343193414781869, 0.25678166885909154, 0.0781997235729324], [-0.517911348908159, -0.7177229638482756, -0.6419065601205254, -0.2618834819856498, 0.35569030418971276, 0.3865157573284889, 0.042588287501206634, 0.4311722597847191, -0.14486869250453108, -0.05078679844230359, 0.12456361738916295, 0.7123410946947499, 0.02220048570869527]], "inverted": true, "swapped": false, "error_lsq": 0.04558653316892528, "error_max": 0.2609801105530358, "target": "1148.xyz", "model": "1.xyz", "model_rescale": 4.316132596720782, "target_rescale": 3.962185565951664},
{"mapping": [3, 7, 9, 0, 1, 2, 8, 6, 5, 10, 4, 12], "R": [[-0.030478563709725126, 0.15885512980308175, 0.9868313457169052], [-0.21510528094159548, -0.9651991065155453, 0.14872929399627444], [0.9761151444707891, -0.20773957859983977, 0.06358845978580929]], "T": [0.03555518627201682, 0.06842923335840492, -0.02505614172803918], "aligned_model": [[-0.33738279523488035, 0.3935414458325987, 0.13994931999970825, -0.6152919888565711, -0.6001850724443905, -0.4397960684783901, -0.04919394891754506, -0.13130763312662522, 0.5735117336061724, 0.275445151207327, 0.2952460534190825, 0.09327235762529468], [-0.7745894785419762, -0.499120834036208, -0.3344319592995717, 0.3604025400547999, -0.27191769307728764, -0.1128138900235062, 0.2881678130470499, 0.6958589079778392, 0.1514574010221459, -0.0922534957558914, 0.601010074040352, 0.0010070423332342177], [0.12209613596827287, 0.14491358963752268, -0.6048533498734373, -0.1042021812447888, -0.2778246340545557, 0.4096827849796409, -0.7228892457710896, 0.41668379209837814, -0.45626443750441414, 0.6906351987035844, -0.13475798340966327, -0.03396120832002893]], "inverted": false, "swapped": true, "error_lsq": 0.048270908615563636, "error_max": 0.27098660575412153, "target": "1148.xyz", "model": "2.xyz", "model_rescale": 3.795458400668931, "target_rescale": 3.962185565951664},
{"mapping": [2, 10, 6, 5, 1, 8, 4, 7, 11, 9, 0, 12], "R": [[-0.23073349588068842, 0.953712310404774, 0.19285974919890536], [-0.7143905037852047, -0.03147419149196323, -0.6990390428090899], [-0.6606120359032205, -0.29906889549452575, 0.688585168129177]], "T": [0.0329130863515323, 0.005083335986412827, 0.0328176729191257], "aligned_model": [[-0.15898486103101972, -0.042280440623444424, -0.7353146460323301, 0.3279170573818743, 0.2016832776864364, 0.10514977540923315, -0.27993903418250227, 0.5659209169761292, 0.25619555467778293, 0.6469682669939082, -0.40750414401840224, 0.11349210250589972], [-0.009128185013627922, -0.6954492568578132, -0.1571479129212236, -0.03330321165431247, 0.591564911880274, 0.5927959939964658, -0.04639769844985701, -0.40628102285478956, -0.571832577131954, 0.3288484943406861, 0.5247151265307506, -0.03261561657488911], [-0.6081027823810553, -0.282111286284543, 0.02046699269907556, 0.6602972724506206, -0.4270188211240078, 0.47078364509739923, 0.5452524943161052, -0.12792736551850364, 0.3925584793774404, 0.19856578193353436, -0.19330180482712828, 0.039308824900162846]], "inverted": false, "swapped": true, "error_lsq": 0.05209243229673071, "error_max": 0.2772114936219085, "target": "1148.xyz", "model": "3.xyz", "model_rescale": 3.7530521520055578, "target_rescale": 3.962185565951664},
{"mapping": [0, 6, 4, 11, 8, 10, 1, 2, 3, 7, 12], "R": [[-0.5434313385490089, 0.2410904562091879, 0.8040881619621559], [0.8275170706291948, 0.3148122042620493, 0.4648750088625397], [-0.14105983872140607, 0.9180243286386889, -0.37058528563257276]], "T": [0.04272444907522462, -0.09761073903792974, -0.021847464706598624], "aligned_model": [[-0.4664230788264349, -0.3303191797082755, 0.3231291224429309, 0.5637610940920734, 0.3410947944237861, -0.1332611321820434, -0.36408443339391844, -0.591384062713835, -0.35475644292026925, 0.25429436584803244, 0.09614855538315903], [-0.5939190894407641, -0.0962629810612797, -0.27652619726818817, 0.36569012480362106, -0.7679476918164432, 0.6371547341614997, -0.45966510588528, 0.0829207726952155, 0.18357724924689736, 0.4409311584584279, -0.04874961557936028], [-0.11962971728508726, -0.7128481888742042, -0.5243200215385427, -0.18301074655330188, 0.04188641304705812, -0.17910204831120194, 0.5141719250462525, 0.09269767097786338, 0.7746193175502811, 0.3581100928864267, 0.03025608029977285]], "inverted": false, "swapped": true, "error_lsq": 0.04431764690096741, "error_max": 0.20482433276746984, "target": "1148.xyz", "model": "4.xyz", "model_rescale": 3.7855080009869324, "target_rescale": 3.962185565951664},
{"mapping": [2, 9, 14, 15, 4, 7, 1, 8, 5, 10, 13, 6, 16], "R": [[0.30352951546258866, -0.3621968069056653, 0.8812963782464933], [0.6159883219986162, 0.7802457152173721, 0.10851272296952366], [-0.7269306847316155, 0.5099314629950495, 0.45993660720076757]], "T": [0.05648608176136572, -0.015168062118273373, -0.024676351887398567], "aligned_model": [[0.008897243366373549, -0.11063588580804079, 0.4487175733441665, 0.316780189357027, -0.26763501461793715, -0.43199872999291045, 0.12823160087045712, 0.18283582292852757, -0.7469418487021473, -0.3974206319067436, 0.6995523701357094, 0.17389642219877843, 0.0737491499603827], [-0.36964998405328314, 0.2645705758946002, 0.053833844408266635, 0.715532029719275, -0.4556179079936437, 0.1669010816967617, -0.7677945209204855, 0.6119463149347374, -0.1076475098044368, 0.5507307092717915, 0.21395138128994168, -0.042883457492024775, -0.009831091539772631], [-0.6711000187345897, -0.6577091801099759, -0.5715681075752157, -0.3033203183130734, 0.47326966126622544, 0.5134712927527669, 0.014181504306414076, 0.2687059498351584, 0.007794510837234942, -0.09317124148156215, 0.21788841942977685, 0.6168248070239551, -0.07527531844982416]], "inverted": false, "swapped": false, "error_lsq": 0.03991712398767501, "error_max": 0.19038859558488624, "target": "1148.xyz", "model": "5.xyz", "model_rescale": 4.2253639853439635, "target_rescale": 3.962185565951664},
{"mapping": [9, 8, 1, 10, 7, 6, 0, 2, 11, 5, 4, 3, 13], "R": [[0.20703855927974052, 0.41340648834175103, 0.8866961770349028], [0.9595807828339249, 0.09079099105710359, -0.26638640573178907], [-0.1906298932151035, 0.9060088693494182, -0.37789968572755867]], "T": [-0.02669671479273456, 0.030091488158655977, -0.06866903832132254], "aligned_model": [[-0.0449988320828589, -0.21113431793422838, 0.5775904371986051, 0.24708796230767782, -0.21002091367312356, -0.37807443431925686, 0.3156168105956985, 0.12599339280246447, -0.8013532990123888, -0.32050015198486115, 0.6313897374013223, 0.15672387538533114, -0.010292005550739104], [-0.3723110732104845, 0.237011407484892, -0.0009452615005366982, 0.7035015285189263, -0.5116272602748482, 0.11987529896576044, -0.6919192867809554, 0.5645361329443401, 0.10271958929487573, 0.5907728438369901, 0.1385872218193146, -0.08219124357203672, 0.026031567885489736], [-0.5272904928910329, -0.7535279968902647, -0.4840959754198392, -0.3516413735700907, 0.48117116730883436, 0.4625470511003026, -0.0009598031030432774, 0.3071317928907748, -0.08231177498496545, -0.07623370219241238, 0.16810555791442378, 0.6071704011553667, -0.010072890530762997]], "inverted": true, "swapped": false, "error_lsq": 0.040662371587248405, "error_max": 0.22584334558566643, "target": "1148.xyz", "model": "6.xyz", "model_rescale": 3.89814844738969, "target_rescale": 3.962185565951664},
{"mapping": [4, 7, 0, 3, 10, 9, 2, 6, 11, 8, 1, 5, 12], "R": [[0.05463575952946709, -0.1395042662591079, -0.9887130491078522], [-0.7835406098683599, -0.6197700624778715, 0.044149545221826625], [-0.6189337981301045, 0.7722846815466973, -0.1431688659610032]], "T": [-0.010326219951074089, 0.05937246608440634, -0.1221695332900258], "aligned_model": [[-0.14000000886918568, -0.09527703514507166, 0.5379985289968279, 0.21757596873629903, -0.23759967953133188, -0.4134022003694168, 0.2993578091484804, 0.21859967432303695, -0.813950261399776, -0.4362883937248734, 0.7448225104456816, 0.24461256467993164, -0.04842121615695903], [-0.46845119361451276, 0.21484539839853473, 0.1617511751891631, 0.7766587620102167, -0.4953108410090166, 0.17187664315498713, -0.5684273836584252, 0.5880761527051133, 0.003346702877009909, 0.580650446082038, -0.06949596814242294, 0.026125006988540513, -0.0976034355694979], [-0.4686990141627714, -0.7545350967590352, -0.3218416572371926, -0.4153297262536124, 0.30159557435151985, 0.6670189379803528, -0.014880226718909845, 0.23200725549242715, -0.20210627756757113, -0.05499612785139779, 0.23551738801677, 0.6102766603510924, -0.07403572885438142]], "inverted": false, "swapped": false, "error_lsq": 0.04227789784447582, "error_max": 0.21999900905514175, "target": "1148.xyz", "model": "7.xyz", "model_rescale": 3.7474275329858107, "target_rescale": 3.962185565951664},
{"mapping": [1, 0, 12, 10, 4, 8, 13, 7, 2, 3, 11, 9, 14], "R": [[-0.1880283864927155, 0.7399990314671454, 0.6457915757430046], [-0.9412262795746402, -0.32361581430059083, 0.09677755614111484], [0.2806036644647164, -0.5896390744873108, 0.7573554946831247]], "T": [0.021203240874211823, 0.12235545495957398, -0.04796503958417421], "aligned_model": [[-0.299419864120647, -0.18878718492089597, 0.48031772147392393, 0.5285392244493725, -0.26166054454330356, -0.40547584690465793, 0.33524387308624815, 0.32788335841620936, -0.6948887031085371, -0.5953480031230567, 0.5950192225178419, 0.2557735722011295, 0.0008314357100158362], [-0.15761641157254816, 0.45983347472915315, -0.17219689329939017, 0.5866087866802071, -0.5050817472714684, 0.010519998968014047, -0.7152912276878516, 0.6650712058198488, -0.3119733832128738, 0.4883962458137663, 0.1400950717770965, 0.26918478752799946, 0.066491557139774], [-0.6673343950933306, -0.5735369612787737, -0.33622781317476824, -0.36787503230771845, 0.3242398529162894, 0.47227346599944364, 0.04056938909866152, 0.22641526436749781, -0.13258350059963692, -0.04432636662960611, 0.19057317705079524, 0.6617943188233704, -0.05398943838493274]], "inverted": false, "swapped": false, "error_lsq": 0.05104235398720373, "error_max": 0.28411127974705797, "target": "1148.xyz", "model": "8.xyz", "model_rescale": 4.019505241142653, "target_rescale": 3.962185565951664},
{"mapping": [1, 0, 2, 3, 9, 8, 10, 5, 7, 4, 6, 11, 12], "R": [[-0.30985787135463694, -0.783921768044253, 0.5380100009720508], [-0.7609122674297213, 0.5437483842450179, 0.3540483242523442], [-0.5700882570572157, -0.29967374963000193, -0.7649804069047528]], "T": [0.06217483868764366, 0.010311709779323122, -0.022827649797192692], "aligned_model": [[-0.014977265403567405, -0.29973797539158326, 0.41438219629107065, 0.227529359075695, -0.30119365540397797, -0.4546945001086547, 0.503030848830728, 0.30772177569640174, -0.8233056833920281, -0.40994979763849276, 0.759775325954913, 0.10075559159827156, 0.068692041024867], [-0.5297335392178437, 0.20377596280580418, 0.18643028039729231, 0.7793634706815334, -0.4520267752012342, 0.0823295151231908, -0.7889248612917718, 0.565023439075782, 0.12549220751832138, 0.6851516524229896, -0.07103104714064094, 0.0019000690737809162, 0.03629109116452355], [-0.42120433591278816, -0.5270466259149609, -0.4643074211912548, -0.36877284687646145, 0.32580758112176217, 0.4058872364755282, 0.04821205741664608, 0.2644462930665949, -0.17196412432238928, -0.1191814293272533, 0.16371659167926023, 0.59821203798329, 0.006186946589316879]], "inverted": true, "swapped": false, "error_lsq": 0.04987113983862877, "error_max": 0.2652562970774967, "target": "1148.xyz", "model": "9.xyz", "model_rescale": 3.877068213659057, "target_rescale": 3.962185565951664},
{"mapping": [7, 2, 4, 13, 0, 11, 1, 6, 8, 10, 3, 12, 15], "R": [[-0.4222565284529763, 0.8784970907676646, -0.2234777073705344], [-0.25399413747020516, -0.35132286870154567, -0.9011432849764143], [-0.8701645834608573, -0.3237516076254541, 0.371481485743673]], "T": [0.014252426576820725, 0.15828569504835488, -0.04863150035740109], "aligned_model": [[-0.048254107051299996, -0.09988897693653988, 0.4664094424943722, 0.34653803196373134, -0.21465471217215434, -0.5374058969897528, 0.14336639439507506, 0.26678473270029796, -0.6050559435736249, -0.39287832918865584, 0.6382153018963667, 0.12502256722926003, -0.01017024363343284], [-0.41882904466285353, 0.26414132737489937, -0.10889634394321007, 0.754278339047875, -0.39829525984264913, 0.08921759990051681, -0.6996169441284623, 0.6043020834540316, -0.2712574868140738, 0.657077601379787, 0.15535401348680494, 0.09824129225355693, 0.09832428790550445], [-0.6224939227886569, -0.6937064441106463, -0.475548905415822, -0.4119736816614533, 0.47250686717675544, 0.4367116447843334, -0.06409937710610585, 0.2942990913989523, -0.213776083632775, 0.24913008438442835, 0.06722650840509795, 0.6877921965361636, 0.013923982817018898]], "inverted": true, "swapped": false, "error_lsq": 0.04240486749412209, "error_max": 0.2902427568064334, "target": "1148.xyz", "model": "10.xyz", "model_rescale": 4.260839863003843, "target_rescale": 3.962185565951664},
{"mapping": [4, 5, 9, 8, 1, 0, 6, 11, 7, 3, 2, 12], "R": [[0.5400348037584087, -0.19977352599362597, 0.8175897192612509], [0.6124126753767731, -0.5730843403479645, -0.5445411406733209], [0.577332768659012, 0.7947734753752245, -0.18714164975362235]], "T": [0.07402250940279093, 0.061190007259047656, -0.06886338304562639], "aligned_model": [[0.30853516617823845, 0.23097341066792743, -0.2864883249057069, -0.3797995940300949, -0.6326189899478778, -0.41096331703286004, 0.3459829825264655, 0.6832151415908272, 0.3385683666368938, -0.284706230065053, -0.05271476897161792, 0.09891480644698877], [-0.00038863587602239874, -0.5528179874136092, -0.5390459252948433, -0.28523757957216433, 0.18425873079508553, 0.5277344022088981, 0.6841107180090699, -0.3122293232570571, -0.2477023468423012, 0.11591825262152819, 0.6036622898475132, -0.005184089693163453], [-0.6205227679301668, -0.3527508869301292, 0.06937135172502493, -0.5341288190446642, 0.19458584979192944, -0.31834209649565903, -0.4621224012571798, -0.029584638322090295, 0.4912776292113658, 0.7912154448156257, 0.30190245202345073, -0.014723040192002698]], "inverted": false, "swapped": true, "error_lsq": 0.04555024380700518, "error_max": 0.35064692207618675, "target": "1148.xyz", "model": "11.xyz", "model_rescale": 3.890672605050136, "target_rescale": 3.962185565951664},
{"mapping": [8, 6, 0, 1, 7, 12, 3, 2, 5, 9, 4, 10, 13], "R": [[0.8569027387241757, 0.22239661232382718, -0.46503488384624686], [-0.4338160460814648, 0.7984088397268227, -0.41754875500749966], [0.27842653345048013, 0.5595382663169285, 0.7806379404037411]], "T": [-0.021760467766796906, 0.19180211324198915, -0.1118129524917746], "aligned_model": [[-0.15662691470054768, -0.1772316419523558, 0.4492381185342668, 0.5430861385566044, -0.24190286027546126, -0.32428057260025406, 0.42743439581701265, 0.45233566539563835, -0.708508318660817, -0.723085186574973, 0.5054272385137906, 0.043327386930675754, -0.011185187849936534], [-0.32363511603917694, 0.44691246711086846, -0.020709703270049284, 0.4873713217937722, -0.5585839406155062, -0.019664922937689233, -0.6119620853246808, 0.5377099873939992, -0.15540334057166194, 0.5145554033640287, -0.018597521610647594, 0.4737055985512879, 0.0723433175671832], [-0.5969176319173118, -0.6045662023925906, -0.3976338742108971, -0.5577786963233468, 0.22792557560466936, 0.5354083585958699, -0.18427151744055387, 0.2896154132059569, 0.0013150456764983026, -0.012846450454810907, 0.29911545955298957, 0.7342570804156158, 0.006369400475202069]], "inverted": false, "swapped": false, "error_lsq": 0.056722604753510514, "error_max": 0.3613736760526928, "target": "1148.xyz", "model": "12.xyz", "model_rescale": 4.124412569039231, "target_rescale": 3.962185565951664},
{"mapping": [6, 8, 9, 11, 0, 4, 3, 10, 1, 2, 7, 5, 12], "R": [[-0.07960726058280715, -0.4667753622370777, -0.8807856976989045], [0.9132273794583122, 0.3200540003042411, -0.2521531088385725], [0.39959784467662635, -0.8244308328160088, 0.4007934186486813]], "T": [0.05948495915907501, -0.06677387300330975, 0.024914622038066245], "aligned_model": [[-0.09862558789004963, -0.10532726995313488, 0.5218958054263108, 0.1428195118606954, -0.186136178852655, -0.43342950075093756, 0.22145101963952749, 0.24473958692678174, -0.7025451062694711, -0.45810892316139273, 0.6370994989285538, 0.24804519232857944, 0.04615021290083521], [-0.3619508868147795, 0.2595097448292033, -0.08341491707619147, 0.8180870097139635, -0.4494770330485194, 0.2512120869170379, -0.7507782266593211, 0.6282296276955229, -0.14359292162166945, 0.6117684126678807, 0.05156490956312078, -0.05934639216154435, 0.05223005140702375], [-0.5542955299907544, -0.5925576856548646, -0.416152897630947, -0.42300214690380256, 0.3854363845535332, 0.5485523978475302, -0.09615732020286502, 0.19002225119107433, -0.25126161166257, -0.09371274912669984, 0.2380696137779558, 0.7584919867840211, 0.046559267805679504]], "inverted": false, "swapped": false, "error_lsq": 0.03796788379497742, "error_max": 0.23072308752341839, "target": "1148.xyz", "model": "13.xyz", "model_rescale": 3.9028299243045295, "target_rescale": 3.962185565951664},
{"mapping": [10, 4, 5, 0, 9, 6, 14, 2, 7, 3, 12, 1, 15], "R": [[0.918683378566276, 0.2601963559809001, -0.29718463331793143], [-0.08580018589342675, -0.6029580244667594, -0.7931456038028557], [-0.3855634552790319, 0.7541481797799447, -0.5316026193388163]], "T": [0.13005268061301065, 0.10523538501049286, -0.006677761926640293], "aligned_model": [[-0.09761346604561075, -0.12265007813572362, 0.44552707319509854, 0.0989095026360797, -0.3662931017124269, -0.34846017370726134, 0.18941294110321596, 0.3171679552551929, -0.6804091698714543, -0.3450737707227255, 0.7727270714774667, 0.17476832207112378, 0.04001515559066787], [-0.40087119589091075, 0.25315371936006226, 0.08439275353793496, 0.8454223404422138, -0.41127031351368565, 0.17844827098428842, -0.7769438040545741, 0.7260418320975592, -0.23714053479371955, 0.5053106858255267, -0.09944929640843385, 0.11823311029717799, 0.03871389752828826], [-0.5040477011900424, -0.6179262841880333, -0.4093480066597401, -0.37865865218707523, 0.2894779137296978, 0.45166008707439, 0.029195496051814516, 0.34223053377080886, -0.2224514264102531, -0.06038115248088384, 0.16453583998722368, 0.6414197047318613, 0.01428560855752253]], "inverted": false, "swapped": false, "error_lsq": 0.04308615719259458, "error_max": 0.2868050326578603, "target": "1148.xyz", "model": "14.xyz", "model_rescale": 3.942246331269136, "target_rescale": 3.962185565951664},
{"mapping": [7, 9, 6, 10, 0, 1, 8, 4, 2, 5, 13, 12, 14], "R": [[-0.1300237771084991, -0.045653949523681514, -0.9904592542246899], [-0.929123991715086, 0.35435739758527507, 0.10563826388206393], [0.3461537597742723, 0.9339949419935212, -0.08849306709937757]], "T": [0.09823990706142234, 0.16330058046168452, -0.011300830904904306], "aligned_model": [[-0.2170126484879803, -0.20500671373138285, 0.2968326440887606, 0.34412351140472025, -0.3024399007611243, -0.42924238168125756, 0.3557945552649662, 0.4380636105687561, -0.6005299645815029, -0.49233293680633655, 0.7123162160389163, 0.14274756018401635, 0.0347147096330917], [-0.41190878821508914, 0.3013758461020434, -0.07800106980173868, 0.6718726249298381, -0.44176013452319907, 0.17189649545508673, -0.5629042361851293, 0.6219048213326674, -0.10301247262155663, 0.39140257378846954, 0.1318709509085264, 0.027758651587961425, 0.10354620265384716], [-0.5596889384848168, -0.7441985141652969, -0.4751152633221805, -0.4470716935653085, 0.10733603374317291, 0.6037845136521167, -0.0829464431606999, 0.12236284296467759, -0.16442151168023, 0.03311487482414302, 0.5205377833795843, 0.7935120122415369, 0.032786264360592204]], "inverted": true, "swapped": false, "error_lsq": 0.045738506430937624, "error_max": 0.27669394894376287, "target": "1148.xyz", "model": "15.xyz", "model_rescale": 4.355366556412066, "target_rescale": 3.962185565951664},
{"mapping": [3, 7, 9, 0, 1, 2, 8, 6, 5, 10, 4, 12], "R": [[-0.030478563709725126, 0.15885512980308175, 0.9868313457169052], [-0.21510528094159548, -0.9651991065155453, 0.14872929399627444], [0.9761151444707891, -0.20773957859983977, 0.06358845978580929]], "T": [0.03555518627201682, 0.06842923335840492, -0.02505614172803918], "aligned_model": [[-0.33738279523488035, 0.3935414458325987, 0.13994931999970825, -0.6152919888565711, -0.6001850724443905, -0.4397960684783901, -0.04919394891754506, -0.13130763312662522, 0.5735117336061724, 0.275445151207327, 0.2952460534190825, 0.09327235762529468], [-0.7745894785419762, -0.499120834036208, -0.3344319592995717, 0.3604025400547999, -0.27191769307728764, -0.1128138900235062, 0.2881678130470499, 0.6958589079778392, 0.1514574010221459, -0.0922534957558914, 0.601010074040352, 0.0010070423332342177], [0.12209613596827287, 0.14491358963752268, -0.6048533498734373, -0.1042021812447888, -0.2778246340545557, 0.4096827849796409, -0.7228892457710896, 0.41668379209837814, -0.45626443750441414, 0.6906351987035844, -0.13475798340966327, -0.03396120832002893]], "inverted": false, "swapped": true, "error_lsq": 0.048270908615563636, "error_max": 0.27098660575412153, "target": "1148.xyz", "model": "16.xyz", "model_rescale": 3.795458400668931, "target_rescale": 3.962185565951664},
{"mapping": [4, 7, 0, 3, 10, 9, 2, 6, 11, 8, 1, 5, 12], "R": [[0.05463575952946709, -0.1395042662591079, -0.9887130491078522], [-0.7835406098683599, -0.6197700624778715, 0.044149545221826625], [-0.6189337981301045, 0.7722846815466973, -0.1431688659610032]], "T": [-0.010326219951074089, 0.05937246608440634, -0.1221695332900258], "aligned_model": [[-0.14000000886918568, -0.09527703514507166, 0.5379985289968279, 0.21757596873629903, -0.23759967953133188, -0.4134022003694168, 0.2993578091484804, 0.21859967432303695, -0.813950261399776, -0.4362883937248734, 0.7448225104456816, 0.24461256467993164, -0.04842121615695903], [-0.46845119361451276, 0.21484539839853473, 0.1617511751891631, 0.7766587620102167, -0.4953108410090166, 0.17187664315498713, -0.5684273836584252, 0.5880761527051133, 0.003346702877009909, 0.580650446082038, -0.06949596814242294, 0.026125006988540513, -0.0976034355694979], [-0.4686990141627714, -0.7545350967590352, -0.3218416572371926, -0.4153297262536124, 0.30159557435151985, 0.6670189379803528, -0.014880226718909845, 0.23200725549242715, -0.20210627756757113, -0.05499612785139779, 0.23551738801677, 0.6102766603510924, -0.07403572885438142]], "inverted": false, "swapped": false, "error_lsq": 0.04227789784447582, "error_max": 0.21999900905514175, "target": "1148.xyz", "model": "17.xyz", "model_rescale": 3.7474275329858107, "target_rescale": 3.962185565951664},
{"mapping": [7, 11, 1, 3, 9, 5, 2, 8, 12, 10, 0, 4, 13], "R": [[-0.5286510802204964, 0.30021404563303344, 0.7939770539419571], [0.8121023504406308, 0.45107754500724295, 0.3701605338215325], [-0.24701782889197565, 0.8404763977619394, -0.48226716352516574]], "T": [0.009218345986710577, 0.0347972689880839, -0.041688109853561486], "aligned_model": [[-0.25342598456038545, -0.2072676439395355, 0.4904611621124395, 0.2615364815856954, -0.2893005233782934, -0.49687622453146996, 0.4421957480989087, 0.22846935579651922, -0.719608660178511, -0.38010454016263184, 0.7900104015786773, 0.11918006515567055, 0.09275862355655907], [-0.4450535739497592, 0.2628486836226878, 0.02002504567136855, 0.5973777026409086, -0.4573131217795353, 0.25348633556609257, -0.5261448789596803, 0.6028466263511867, -0.12627166527422684, 0.604258628497738, 0.013437324856532498, 0.04813397712800614, -0.023589618959591857], [-0.5595494872506469, -0.6919673039347374, -0.5383827345026869, -0.3252864092632832, 0.299542037975812, 0.42656749825119084, -0.08300638336060724, 0.3405466001289897, -0.08756748227018525, -0.06578833411017972, 0.2567242047248373, 0.7810854765929183, -0.012925722194130972]], "inverted": true, "swapped": false, "error_lsq": 0.038563752440666295, "error_max": 0.24601402455504548, "target": "1148.xyz", "model": "18.xyz", "model_rescale": 3.922800546911778, "target_rescale": 3.962185565951664},
{"mapping": [5, 8, 1, 6, 3, 7, 0, 10, 12, 13, 2, 9, 14], "R": [[-0.2569691003320525, 0.24860125405151057, 0.9338973701422187], [-0.43158010750332276, 0.8351154472883999, -0.34105835352284886], [-0.8646996543783029, -0.4906929856685467, -0.10730750921408795]], "T": [-0.02052968519915342, 0.1663212385625341, -0.08247854242777959], "aligned_model": [[-0.1738074904177551, -0.20419621758773823, 0.5856483489776798, 0.37878401457119926, -0.14309868517700922, -0.503191037501363, 0.24664063140621276, 0.46400630385828256, -0.6996278266343452, -0.596615388110256, 0.5583217757138882, 0.23082573645958485, -0.06566190442473775], [-0.4059745812460328, 0.3313141178942205, -0.012410667434692574, 0.6055355939838323, -0.3686769819390162, 0.05338278150776521, -0.625516340358342, 0.6866869430839734, -0.2294995395202597, 0.5391680583334522, 0.0040612580559304945, 0.09878203104390043, 0.14718879200699647], [-0.5636408115665015, -0.6423308521236596, -0.4679472449134086, -0.4337719967941797, 0.2460073596893559, 0.544014827824888, -0.07500149684867743, 0.29836926986650775, -0.11014929420133057, -0.05207691897904362, 0.30704892478425216, 0.6888852455254122, 0.0005849485236752716]], "inverted": true, "swapped": false, "error_lsq": 0.03677842212962011, "error_max": 0.22148721608797237, "target": "1148.xyz", "model": "19.xyz", "model_rescale": 3.9282355846067225, "target_rescale": 3.962185565951664},
{"mapping": [6, 5, 7, 2, 4, 0, 8, 10, 3, 1, 12, 11, 13], "R": [[-0.7110267565623343, -0.3244333004846575, -0.6238461228452731], [-0.3679400389892323, 0.9277061742117787, -0.06309819361873695], [0.5992170551319863, 0.18467346280929842, -0.7789959133223829]], "T": [0.08801162242243857, -0.04927176408112276, -0.05656493320498239], "aligned_model": [[-0.08154488454489334, -0.24176473516344446, 0.5299462604750033, 0.14538835831437674, -0.30774299031560226, -0.4584185000409159, 0.21554889682594583, 0.36108587235739664, -0.6580976677784744, -0.39713746068808486, 0.9085609170744431, 0.04656639157124673, 0.01563780304664561], [-0.39766908121566025, 0.17658423655828148, 0.07531908467426039, 0.7211796138440251, -0.41965300096756275, 0.2036876865496557, -0.7787611088439786, 0.6364160682721528, -0.052866150087484534, 0.5217746270648438, 0.11694982771697061, -0.06302073635576155, 0.08410039820198552], [-0.5826010103095457, -0.6292138423990482, -0.4775977970949462, -0.342622261010976, 0.2683410082593842, 0.47033413283907227, 0.11721975726966687, 0.38784141190790183, -0.15486588236969911, -0.06266268875920049, 0.0912984589303656, 0.6585968875929665, -0.0040762140686507325]], "inverted": true, "swapped": false, "error_lsq": 0.04248806132520105, "error_max": 0.2579401284469483, "target": "1148.xyz", "model": "20.xyz", "model_rescale": 4.067790424073018, "target_rescale": 3.962185565951664},
{"mapping": [10, 12, 11, 3, 5, 8, 13, 2, 7, 0, 6, 4, 14], "R": [[0.4221327604634978, 0.7211309329644431, -0.5493397037037278], [-0.23192297793862662, 0.6717204082891354, 0.7035647982893665], [0.8763650294526515, -0.16959325048394297, 0.4508020236675342]], "T": [-0.032687239089237055, 0.017667918116165346, -0.01339136601809316], "aligned_model": [[-0.09569035320799292, -0.10319678488909059, 0.41217433985190194, 0.3903098487202484, -0.024387703166691026, -0.42348666478846203, 0.2172132994493461, 0.1660251183041072, -0.7776977520353455, -0.4055382435228161, 0.654582618357604, 0.10987529887510865, -0.0421547608142754], [-0.5438270707869596, 0.24914100037102, -0.045470753471957184, 0.6697821992488379, -0.3980778281831774, -0.03283005189320028, -0.6206129136733713, 0.6477352225535525, 0.05768734564209886, 0.6202551885347727, 0.11895444235418236, 0.12379777072228669, -0.022493086006358153], [-0.6067216337456779, -0.740345617013452, -0.4783041940958222, -0.3591737321074183, 0.40559874483818814, 0.3987902209349665, -0.15576694568462598, 0.329027270211182, -0.018053793396536934, 0.034865649464449776, 0.24147739579502486, 0.7681998774661504, -0.07960128187913793]], "inverted": true, "swapped": false, "error_lsq": 0.041176352986012424, "error_max": 0.22524284165046812, "target": "1148.xyz", "model": "21.xyz", "model_rescale": 4.186013935880536, "target_rescale": 3.962185565951664},
{"mapping": [6, 7, 4, 10, 5, 2, 3, 9, 0, 1, 11, 8, 12], "R": [[-0.1270476984499791, -0.22199721200780984, -0.9667347724062287], [0.7090272065509335, -0.7018948326631036, 0.06800047243522489], [-0.6936420566035073, -0.6768019516384343, 0.24657618613577326]], "T": [0.005993815066700581, 0.09309305721927691, 0.003869328300001914], "aligned_model": [[-0.10068083523162358, -0.12635935246175117, 0.49612975494806255, 0.46853748802465356, -0.20091812796474826, -0.40799259494173445, 0.26031698626179056, 0.1498001027333404, -0.6712896586165426, -0.5900564310556208, 0.5741157562260644, 0.1936144877338615, 0.0328106854778911], [-0.24958488945504353, 0.41400650760984, -0.023305448157411507, 0.6420584530565046, -0.5467502684872854, 0.017797845314192484, -0.7780766971359585, 0.6693334805136282, -0.12910186103255322, 0.502306173192275, -0.05247446350594459, 0.2993336519106726, 0.05849898158881155], [-0.4216247290780024, -0.6425213711105502, -0.5194224613844464, -0.4215596051515298, 0.38639611493666703, 0.6143159568085782, -0.16560526692447392, 0.18474908512043378, -0.1131988381031398, -0.1074498782437732, 0.23841897250158223, 0.7179641616329967, -0.010470180217051468]], "inverted": true, "swapped": false, "error_lsq": 0.04155386572041074, "error_max": 0.21863985396985572, "target": "1148.xyz", "model": "22.xyz", "model_rescale": 4.166573947596378, "target_rescale": 3.962185565951664},
{"mapping": [5, 13, 7, 14, 1, 2, 0, 9, 6, 12, 8, 3, 15], "R": [[0.513490166844492, 0.6415661619127863, -0.5698427050006982], [-0.774861921223326, 0.06136606206529847, -0.6291448239194967], [-0.36866902716679667, 0.7646090937957087, 0.5286360582601164]], "T": [0.03887558669458447, 0.168008216850348, 0.08121844579642676], "aligned_model": [[-0.14929412304286827, 0.013140015896373154, 0.41221698224553865, 0.02753097665133237, -0.28600646144780967, -0.39513274125134557, 0.28705537972653855, 0.3861182415954887, -0.6871901781929081, -0.43644160647094293, 0.7859903299288082, 0.11181095719799006, 0.00823048829744744], [-0.3204616732907774, 0.2108710249636732, -0.20359294493168517, 0.7774784536550299, -0.46643812709554117, -0.10044434721593382, -0.6072796323577847, 0.6301712752770796, -0.03111408185298989, 0.6114087023554827, -0.013375568341232213, 0.22752122842462574, 0.10929715582178041], [-0.5645766517106582, -0.7639523055740136, -0.40243269560667694, -0.4231574988048771, 0.07587500910837122, 0.5198290148766859, 0.01725514351411009, 0.24332030366707313, -0.029625801615440178, -0.0015519025432572386, 0.33221371095659036, 0.6749905276586134, 0.06180510686077005]], "inverted": true, "swapped": false, "error_lsq": 0.047697765644559915, "error_max": 0.31929031915898687, "target": "1148.xyz", "model": "23.xyz", "model_rescale": 4.274766983524099, "target_rescale": 3.962185565951664},
{"mapping": [0, 9, 3, 2, 7, 10, 6, 11, 4, 5, 12], "R": [[0.8608461758307114, 0.5027155282980944, -0.07887305728579028], [0.48439132595341816, -0.8570309131901359, -0.17567884669922842], [-0.1559131325409413, 0.11302703855471677, -0.9812828255181181]], "T": [0.04334997614461482, 0.06830331889667324, -0.019879514178816136], "aligned_model": [[0.284595841202685, 0.1948128920208968, -0.6482672235329819, -0.40951258998239126, -0.4593415572197191, -0.5834998905082498, 0.14445521888383087, -0.06986457607141953, 0.49309794715539623, 0.42815331612638463, 0.005265325883642896], [-0.29559060699203277, 0.7537924606578279, 0.44072225468131987, -0.23763315013057745, 0.47117586986782384, -0.1997505051428769, -0.7056265581580139, 0.23652563317082032, -0.14845674010742188, 0.46072667675485207, 0.13970119664176198], [-0.5895251900695098, -0.14842405868215336, -0.5242473014878192, -0.40604553117275566, 0.23340270109122527, 0.34176481603549363, 0.06646654259531598, 0.6664033702421153, 0.31754904389185323, 0.4045752131335743, 0.01764682844423781]], "inverted": true, "swapped": true, "error_lsq": 0.050707771022476616, "error_max": 0.25904807217616804, "target": "1148.xyz", "model": "24.xyz", "model_rescale": 3.7841303162186577, "target_rescale": 3.962185565951664},
{"mapping": [6, 3, 11, 13, 8, 2, 0, 14, 4, 5, 10, 9, 15], "R": [[-0.30188453561187467, -0.9397338355910364, 0.16051805320200574], [0.3259689303882515, -0.25997262528901377, -0.9089326105503519], [0.8958850281034628, -0.22206880092821968, 0.38480574849443294]], "T": [0.06741630710489159, -0.043910738015679296, 0.025220264104456356], "aligned_model": [[-0.11634517252462305, -0.28741615802907977, 0.5114333172860046, 0.2695477503061348, -0.18224623480942403, -0.522759773834317, 0.23087663507560108, 0.4670658163549793, -0.627506197280557, -0.6391216270493165, 0.8068639457867754, 0.11988962662722613, 0.047746333224238914], [-0.24741542971356972, 0.3384202960186841, 0.11363919574661155, 0.6324793543436473, -0.37912486365814646, 0.12400952816690736, -0.7533023930825125, 0.5681750516875037, -0.1582648010820798, 0.4718804157011571, -0.08376336382853938, 0.24709915905328478, -0.049790683941220576], [-0.6432436551195712, -0.588716857866772, -0.5809599749367131, -0.3118840519441001, 0.44326079894946635, 0.4637268269055482, 0.13186992539243517, 0.33332774228399775, -0.22117414333454613, -0.03882955082300674, 0.2637240652079295, 0.5298988737882249, -0.04100803771560191]], "inverted": true, "swapped": false, "error_lsq": 0.04688312446731029, "error_max": 0.2060460790601301, "target": "1148.xyz", "model": "25.xyz", "model_rescale": 4.19342608120988, "target_rescale": 3.962185565951664},
{"mapping": [3, 7, 9, 0, 1, 2, 8, 6, 5, 10, 4, 12], "R": [[-0.030478563709725126, 0.15885512980308175, 0.9868313457169052], [-0.21510528094159548, -0.9651991065155453, 0.14872929399627444], [0.9761151444707891, -0.20773957859983977, 0.06358845978580929]], "T": [0.03555518627201682, 0.06842923335840492, -0.02505614172803918], "aligned_model": [[-0.33738279523488035, 0.3935414458325987, 0.13994931999970825, -0.6152919888565711, -0.6001850724443905, -0.4397960684783901, -0.04919394891754506, -0.13130763312662522, 0.5735117336061724, 0.275445151207327, 0.2952460534190825, 0.09327235762529468], [-0.7745894785419762, -0.499120834036208, -0.3344319592995717, 0.3604025400547999, -0.27191769307728764, -0.1128138900235062, 0.2881678130470499, 0.6958589079778392, 0.1514574010221459, -0.0922534957558914, 0.601010074040352, 0.0010070423332342177], [0.12209613596827287, 0.14491358963752268, -0.6048533498734373, -0.1042021812447888, -0.2778246340545557, 0.4096827849796409, -0.7228892457710896, 0.41668379209837814, -0.45626443750441414, 0.6906351987035844, -0.13475798340966327, -0.03396120832002893]], "inverted": false, "swapped": true, "error_lsq": 0.048270908615563636, "error_max": 0.27098660575412153, "target": "1148.xyz", "model": "26.xyz", "model_rescale": 3.795458400668931, "target_rescale": 3.962185565951664},
{"mapping": [7, 10, 3, 4, 6, 8, 0, 9, 5, 11, 2, 1, 12], "R": [[0.6261235368802232, -0.1369593276294263, -0.7676011067865234], [0.292063145168819, 0.9539772125607102, 0.06801909400304484], [0.7229581148301039, -0.26677634919571325, 0.6373083584193053]], "T": [0.017582175607038793, 0.16074394842501424, 0.06899518822093637], "aligned_model": [[-0.09672130239776872, -0.3032437667014794, 0.5177502281945118, 0.13147254859531976, -0.41376789378423373, -0.5879482101802134, 0.49640016855186914, 0.36928715872307544, -0.6143962442847353, -0.30730767759831135, 0.8327260007450893, 0.07613894363319845, -0.022361692362679014], [-0.346246674571436, 0.2707523497402991, -0.00850207281198656, 0.7349126022049277, -0.4677575176204778, 0.1909143281472322, -0.5152054522764944, 0.39107977330097154, -0.19456845946808624, 0.7950623214267797, -0.003507792518588959, -0.058477826997516136, 0.035585886856103505], [-0.555587329737333, -0.5576269426451372, -0.44701281783532304, -0.5278486126128643, 0.3853968071970057, 0.4729437123944146, -0.0024116000871063914, 0.15630671521175818, -0.1340241149709968, 0.008485877450332024, 0.357780270653366, 0.6156816510587804, -0.03209165528960553]], "inverted": false, "swapped": false, "error_lsq": 0.054353270746518495, "error_max": 0.3211722362433273, "target": "1148.xyz", "model": "27.xyz", "model_rescale": 3.6321398670334006, "target_rescale": 3.962185565951664},
{"mapping": [13, 11, 9, 10, 4, 3, 6, 8, 1, 0, 12, 7, 14], "R": [[0.6963375551400428, 0.6801994886661771, -0.22900363516734634], [-0.6585607707468155, 0.7323957235339891, 0.17289943719539713], [0.28532739184128114, 0.03041643909789793, 0.957947347038268]], "T": [-0.04500806905575903, 0.13071261081036603, -0.029969569385294215], "aligned_model": [[-0.07822209968077923, -0.16900612475190044, 0.4400065486603013, 0.2431166601247832, -0.21977551724098016, -0.4469361808942698, 0.303191059331506, 0.2505882283897873, -0.6013148050911322, -0.36455915496201535, 0.6840448043466018, 0.1158866641881024, -0.07899182128636176], [-0.41290089939072927, 0.2499598315332489, 0.052741944358539045, 0.7560300196352487, -0.5675856826964165, 0.35813758546619423, -0.560742573563968, 0.44649150893565914, -0.23350198629840532, 0.6563545956082751, -0.04703401667795851, 0.041098386132485856, 0.08499275236955434], [-0.6381295085546987, -0.6487832884899676, -0.4830187466221928, -0.3914027051819173, 0.38027802012544565, 0.47825454828227404, -0.09745684324467452, 0.25276021721283376, 0.04170845263589246, -0.13484712434198368, 0.3170142559729455, 0.7230042412838589, -0.05938955829052501]], "inverted": false, "swapped": false, "error_lsq": 0.0429172907671661, "error_max": 0.2660316177926662, "target": "1148.xyz", "model": "28.xyz", "model_rescale": 4.156811204709835, "target_rescale": 3.962185565951664},
