[{"mapping": [7, 4, 3, 0, 2, 6, 12, 10, 9, 11, 5, 1, 8, 13], "R": [[-0.13397724759304103, -0.7572229904984638, -0.6392678936001372], [0.7670392438220914, -0.48768289808817417, 0.41691268792056896], [-0.6274558913296033, -0.43448674729257625, 0.6461581624206956]], "T": [-0.10638024011701096, -0.001295963866984915, 0.0856898618271238], "aligned_model": [[0.5981929565829759, 0.37252380829834797, -0.49210097663955465, -0.4285565728295909, -0.28055899848638516, -0.13621628259770405, -0.05467708272971544, 0.6790472480871127, 0.313096220403716, 0.36827724250338506, -0.31659109965137416, -0.5756779686053307, 0.4725941689704992, 0.055562722482511], [0.02194413119665908, 0.4436532312287332, 0.2574368594832059, -0.5795950858923501, 0.017318855355072407, 0.7027236390230746, -0.5282183922566879, -0.47080131868870667, -0.5134911033191331, 0.1651253951930919, 0.494665039300013, -0.25599011553140144, 0.5233799672467407, -0.0029112445933855667], [-0.18713057536346367, -0.6115011828701903, -0.15405405433234348, -0.31077573653569945, -0.6630246993027751, -0.21097913470481333, 0.3197824630551181, 0.5077056283675642, -0.22805973571018634, 0.5694935888532249, 0.6169481213516292, 0.30462968133608886, 0.09479659309653538, 0.06803398495668858]], "inverted": true, "swapped": false, "error_lsq": 0.0492209166652357, "error_max": 0.3175255265481121, "target": "1149.xyz", "model": "0.xyz", "model_rescale": 3.8414455957264533, "target_rescale": 3.965686179839263},
{"mapping": [0, 7, 6, 8, 9, 2, 12, 11, 13, 1, 5, 10, 4, 14], "R": [[0.9645366801291099, -0.2277545249712057, -0.13340490635900865], [0.2226360783817449, 0.9734974714958448, -0.05230534957339141], [0.14178211907117544, 0.020749683041857918, 0.9896803935439712]], "T": [0.043654104172794514, 0.07443217649567285, -0.004902476394738018], "aligned_model": [[0.7587836244015181, 0.33366808121326225, -0.6951057447455384, -0.39100155396665826, -0.08776535228118841, -0.21199602898413616, -0.07152232033900444, 0.5007443207146025, 0.3271675866182426, 0.5404731059120758, -0.3642333233347498, -0.43521630247109133, 0.30976959262669895, 0.06114970042485899], [0.11826495255749958, 0.3366244677010661, 0.2891185295277384, -0.555186091041953, -0.012182491816708801, 0.7381601578334434, -0.6026446964835364, -0.5457392365734746, -0.5200994962315459, 0.06889901916251548, 0.45513823283534877, -0.10095052766256488, 0.5430242196525552, 0.06281281828454274], [-0.11529190771547689, -0.5149045329481985, -0.13970169461055634, -0.20227951034461017, -0.6687823643955098, -0.20165842630366035, 0.327649539356853, 0.35940694495413933, -0.38040107297688186, 0.7033617079668972, 0.34583037084096485, 0.4515023232439747, 0.06872685704777744, 0.08240670808166545]], "inverted": true, "swapped": false, "error_lsq": 0.040993484446916674, "error_max": 0.26145423404850626, "target": "1149.xyz", "model": "1.xyz", "model_rescale": 4.316132596720782, "target_rescale": 3.965686179839263},
{"mapping": [3, 8, 4, 10, 2, 11, 5, 9, 1, 7, 12, 13], "R": [[0.8671348517043282, -0.10809091380707231, -0.4862031502490135], [0.382671290810444, 0.7694138266492891, 0.5114343032593396], [0.31881002517044743, -0.629538495815188, 0.7085488339822239]], "T": [-0.025733927969329835, -0.0713115737608586, 0.004281528206597468], "aligned_model": [[-0.20113600062928605, 0.40241975593696416, 0.17759781188823065, -0.4743524285931028, -0.5732388783066568, -0.5875523840275503, -0.149358971183251, -0.0729986430300768, 0.5159826374170626, 0.3411130528987613, 0.17859850433890634, 0.040734097921779504], [-0.7189689179021239, -0.5031991037501142, -0.48313805700004925, 0.34162133645222037, -0.21029855624263655, -0.07577179532722432, 0.2993819531173939, 0.7032311170736293, 0.07387946559340376, -0.011398505785405036, 0.6052365607848968, -0.007799069273010814], [-0.06640848664399301, 0.28838113660085385, -0.6488378677108019, -0.15006697991654533, -0.31575750180297824, 0.3750390289957283, -0.6795924105550759, 0.5026829617923849, -0.49384447013861443, 0.745527867163384, -0.14643380907474587, 0.038568992499824595]], "inverted": false, "swapped": true, "error_lsq": 0.049572327089544045, "error_max": 0.29021543614633133, "target": "1149.xyz", "model": "2.xyz", "model_rescale": 3.795458400668931, "target_rescale": 3.965686179839263},
{"mapping": [8, 3, 4, 10, 0, 12, 2, 7, 11, 9, 1, 13], "R": [[0.39652803710866774, -0.16898762111051482, 0.9023351371293021], [0.6974392170961395, 0.6945932404228405, -0.17640512695276872], [-0.5969456040905833, 0.6992734903242848, 0.3932842883800743]], "T": [0.011514626379913469, -0.056975045001657613, 0.079124629130404], "aligned_model": [[0.01780205886515774, -0.3496506791849619, -0.772676413957763, 0.11079844033262087, 0.1571085610051, 0.19132510273491266, -0.2928226342795179, 0.6588389746484086, 0.3757558067353429, 0.8240780880879908, -0.39426934345142844, 0.06701586420770272], [-0.19714684676468647, -0.6014491748699212, -0.002677043075994971, 0.013018538616865506, 0.36767078480164306, 0.601107728421179, -0.3839921063990518, -0.04055015598061632, -0.531951129868309, 0.2952988101368912, 0.5489971067456969, 0.01744253352601361], [-0.577280228618052, -0.08919216941784022, -0.060896559606030604, 0.6962463609937746, -0.38336620594452775, 0.3174091021018227, 0.550232584913434, -0.4388655534623931, 0.38709715529710187, 0.3364144927047039, -0.09638578789608684, 0.04735823957319346]], "inverted": false, "swapped": true, "error_lsq": 0.046495609147143326, "error_max": 0.24538474158016782, "target": "1149.xyz", "model": "3.xyz", "model_rescale": 3.7530521520055578, "target_rescale": 3.965686179839263},
{"mapping": [5, 9, 0, 7, 1, 11, 4, 2, 3, 8, 13], "R": [[0.8497113805326596, -0.4902091321439131, -0.19412773257830407], [-0.2787761990922872, -0.73022799941298, 0.6237394485624382], [-0.44752027955494866, -0.4758803165040856, -0.7571416801042142]], "T": [-0.11663900553594567, -0.007558568890026936, -0.006115456318964716], "aligned_model": [[-0.5842716968051979, -0.05534589515516791, 0.4690176224217534, 0.5262537376083328, 0.12022446165340897, -0.44885936595101705, -0.16319566911202243, -0.7211496713070293, -0.20498022127050092, 0.4528309495083579, -0.05232464914571225], [-0.6353464563642005, 0.14883836398999933, -0.22267220889729394, 0.4029941409062811, -0.7156509406443884, 0.5571911377397628, -0.4892237781208302, 0.036075070114813444, 0.24310829416549162, 0.17475810721485938, -0.03286837179014849], [-0.09319266742197123, -0.9129437069931712, -0.16783089500471846, -0.3313043420368469, 0.06577109544515629, -0.1604151534110606, 0.6289757948784371, 0.22662257922515375, 0.6140336822610623, 0.298875696025535, -0.07576130572225963]], "inverted": false, "swapped": true, "error_lsq": 0.06449118088025697, "error_max": 0.3661186071768749, "target": "1149.xyz", "model": "4.xyz", "model_rescale": 3.7855080009869324, "target_rescale": 3.965686179839263},
{"mapping": [9, 10, 6, 13, 8, 7, 12, 2, 14, 0, 4, 1, 5, 16], "R": [[-0.5798697524575345, 0.14471216682176966, 0.8017539890506226], [0.5493102610021809, -0.6573218251056029, 0.5159324135946053], [0.6016720928733136, 0.7395852939408594, 0.3016691658818633]], "T": [0.029722775395786702, -0.028985159742569846, -0.04678192879925665], "aligned_model": [[0.7006191502201786, 0.3949533259491237, -0.5850821267948223, -0.45132423159665497, -0.18556343363980016, -0.17306634320735836, -0.19326142941761348, 0.555282626190824, 0.3255808582213315, 0.2208254453884227, -0.31483214602302867, -0.15653338687087526, 0.37128814949264055, 0.06602892787652462], [-0.1669354603727144, 0.39416180614306584, 0.18577226413930348, -0.43394241390671706, 0.08261248195455312, 0.6800154760394563, -0.6330844349266894, -0.35149922087593904, -0.6298469717634371, 0.2651427135789535, 0.44497621431765727, -0.16053049109866785, 0.6667461264711549, -0.06834823195505374], [-0.24115730803382962, -0.5142405518650542, -0.09118068099995873, -0.4066027706620457, -0.707469213776307, -0.17931171304698895, 0.1732348276896747, 0.3601052929001363, -0.14233545419032842, 0.6499550710633577, 0.40448662305247957, 0.6750964590234284, 0.1864439643189294, -0.0511596032761156]], "inverted": true, "swapped": false, "error_lsq": 0.0360332926549382, "error_max": 0.25715462932716493, "target": "1149.xyz", "model": "5.xyz", "model_rescale": 4.2253639853439635, "target_rescale": 3.965686179839263},
{"mapping": [3, 2, 8, 11, 5, 10, 12, 7, 6, 0, 1, 9, 4, 13], "R": [[0.24032548839079998, -0.970363106956768, -0.025280432886550464], [-0.6521534070895469, -0.14211596610970306, -0.7446468866504454], [0.7189851133724668, 0.1954443471526195, -0.6669796952792995]], "T": [-0.002965386016598223, 0.05653356045809725, 0.019277986314884227], "aligned_model": [[0.7010326379350204, 0.3183632344883071, -0.7297244156632732, -0.31587096741576465, -0.20339736579906237, -0.2601623277387798, -0.06001096661329289, 0.5126880284515334, 0.33856932041120663, 0.29473546588758814, -0.15273140823591458, -0.36958008599272885, 0.4435914592022405, 0.057412776871812884], [-0.023441025113516145, 0.3181887405059119, 0.17980951402600714, -0.5693013497766976, 0.05459288268509836, 0.6652564449503184, -0.8381071350015181, -0.49085635401561817, -0.35115258183146586, 0.01220768646243768, 0.6740154298016722, -0.009267050056323653, 0.6007673904926749, 0.05252726461594483], [-0.012349859536623535, -0.5084114075862939, -0.03061417436830023, -0.3212723786443158, -0.5811922641563178, -0.3952321552418281, 0.27948481218798316, 0.27197751877730747, -0.3424733396169447, 0.7625626350172787, 0.3866906447506463, 0.5028691037919572, 0.09213287249706234, 0.011692934325766475]], "inverted": false, "swapped": false, "error_lsq": 0.04675963481300542, "error_max": 0.3001017977624283, "target": "1149.xyz", "model": "6.xyz", "model_rescale": 3.89814844738969, "target_rescale": 3.965686179839263},
{"mapping": [3, 4, 5, 6, 10, 1, 8, 11, 7, 0, 12, 9, 13], "R": [[0.7028491513291314, -0.6347872979816427, -0.32101114746545023], [-0.5163385778428091, -0.7656765146885903, 0.38358043209423265], [-0.48928268261526, -0.1038487418098941, -0.8659202592140438]], "T": [-0.009923282025396496, 0.023475765260471043, -0.08673941874207941], "aligned_model": [[-0.08406068412948364, -0.0787266006026954, 0.5063910419158625, -0.33504125282977243, 0.5838681951086161, -0.20871936330027605, -0.6453288599431247, 0.31009878791668744, -0.5866627087173579, -0.5266448699818833, 0.1388961081331174, 0.12915099290974313, -0.054588985575210615], [-0.414066734778366, 0.27722403046179467, 0.5771419678109097, -0.6622967863192377, 0.11086802860105267, 0.7014497495369532, -0.1628442067589805, -0.507432701770635, -0.17557643334416, 0.35624582020882434, 0.6244842878714856, 0.16114901968883213, 0.07743522426201233], [-0.5949551278480887, -0.8406543445223296, -0.3041184916606656, -0.0640501142922506, 0.10132940746264454, -0.3387278709859047, -0.19673770359338744, 0.17564021065039254, 0.47483183589333594, 0.10737997278458161, 0.28585389709161124, 0.8145145650392074, -0.018031205182851298]], "inverted": true, "swapped": true, "error_lsq": 0.04567952067133295, "error_max": 0.31014605081940455, "target": "1149.xyz", "model": "7.xyz", "model_rescale": 3.7474275329858107, "target_rescale": 3.965686179839263},
{"mapping": [3, 6, 11, 9, 7, 10, 4, 2, 8, 1, 12, 13, 0, 14], "R": [[-0.18575955675107603, -0.5577083803143152, -0.8089837758588408], [-0.7316847865100748, 0.62804064188939, -0.26495721414007495], [0.6558435486191431, 0.5427027866727299, -0.5247312884441936]], "T": [0.024212959623626424, 0.042744200792552256, 0.017659408383998508], "aligned_model": [[0.6794219721788695, 0.4167574613866318, -0.5675685842342468, -0.38472840732206653, -0.19369580929069677, -0.1964034382165258, -0.02001961256724562, 0.5769517489294332, 0.20254908745806047, 0.44336697741726444, -0.37384097470736444, -0.52029055239846, 0.4833158228895968, 0.02909969426564251], [-0.05764583886975319, 0.4394630315384555, 0.11316499618869971, -0.3395774448366311, 0.21152806998675672, 0.7233243139373919, -0.6566666018170748, -0.400062044681471, -0.5965295583745808, 0.25657035461011624, 0.32906741238321047, -0.275710192520813, 0.515363109516495, 0.012950250684124379], [-0.2557588184912347, -0.578546161755179, -0.15930237142970274, -0.49900059371833183, -0.6051611162088372, -0.23413907112700913, 0.36564483134861403, 0.4726230944247597, -0.13961615299114807, 0.6036543788068603, 0.39211194565325785, 0.658139348325601, 0.02597599930448543, 0.06923963005524209]], "inverted": false, "swapped": false, "error_lsq": 0.04368313793660743, "error_max": 0.2273661166190138, "target": "1149.xyz", "model": "8.xyz", "model_rescale": 4.019505241142653, "target_rescale": 3.965686179839263},
{"mapping": [8, 7, 0, 1, 4, 5, 12, 3, 2, 11, 9, 10, 13], "R": [[0.2842593717656431, -0.8499474037601287, 0.44360570375595787], [-0.3832686612434042, -0.5248535676475, -0.7600222798289402], [0.8788069997855561, 0.04602329159358215, -0.4749527489748865]], "T": [-0.028129345611240253, -0.1292695978492917, 0.06603387356253021], "aligned_model": [[-0.4851867968652518, -0.7508465856005017, -0.19666116002180156, 0.41987443345237374, 0.42978055771992874, 0.7478840119918111, 0.30382868986819456, -0.14631589441279216, 0.2956397307402336, -0.30914286262696145, -0.24429274694964828, 0.30343725951845857, -0.048297865072867464], [-0.4812711355644298, 0.13737364531768864, -0.010990882060245802, -0.20830471098940512, -0.7508679947005967, 0.004619600935476642, 0.43717383548382815, -0.744423150738768, -0.3140935478169037, 0.04175907913962426, 0.7672328987757313, 0.24970683653019976, -0.06453624619814122], [-0.27711100370053765, -0.24087586886804718, -0.5447251787814057, -0.5303828014104829, -0.1375435012051432, 0.08207624143321121, -0.23584347513490422, 0.3167150391153802, 0.597557838581627, 0.6533171020284401, 0.055499184094776166, 0.44291058808145367, -0.004890670190488347]], "inverted": true, "swapped": true, "error_lsq": 0.048177737369671486, "error_max": 0.24074568534842153, "target": "1149.xyz", "model": "9.xyz", "model_rescale": 3.877068213659057, "target_rescale": 3.965686179839263},
{"mapping": [3, 5, 8, 7, 1, 0, 2, 13, 4, 10, 11, 9, 12, 15], "R": [[0.7383296120212837, -0.4511134715994119, 0.5013641588247284], [0.6734380335794672, 0.4526066696383375, -0.5844898780368344], [0.036750495794226484, 0.769183878107452, 0.6379698760274336]], "T": [0.13698089479716877, -0.02452542104412685, 0.11393524476711833], "aligned_model": [[0.6832253717802129, 0.350295458069107, -0.6286874413868621, -0.3697806691574532, -0.1744480730194041, -0.15673524176576062, -0.10581160616608073, 0.5833736707626851, 0.2469081929117092, 0.13528820481120596, -0.19811088125356327, -0.32549454605392336, 0.4273705605113136, 0.10752238574570605], [-0.06608918512116085, 0.30786251515232405, 0.05414333565680564, -0.4407679284655223, 0.09800372426503064, 0.6356541247374412, -0.6301087428484156, -0.5678132632001393, -0.48767907247607717, 0.25944758952731667, 0.5845014898305712, -0.18416483040503742, 0.6596217009871633, 0.052628400104626175], [-0.2064563400310692, -0.5606094900056734, 0.06021223766210668, -0.37209094972307943, -0.6866303157948795, -0.2202201593310036, 0.2350797856181149, 0.4351988531869567, -0.3672044065187213, 0.7639869684995305, 0.361836434190027, 0.5569668796287167, 0.03770025820412114, 0.07809518661223047]], "inverted": false, "swapped": false, "error_lsq": 0.0348710161383228, "error_max": 0.28052495655648585, "target": "1149.xyz", "model": "10.xyz", "model_rescale": 4.260839863003843, "target_rescale": 3.965686179839263},
{"mapping": [9, 10, 2, 11, 3, 6, 7, 12, 1, 4, 8, 13], "R": [[0.8215137536419994, 0.5601543255421979, 0.10650016034447074], [0.5686871159719002, -0.8184775693442088, -0.08178895162525694], [0.04135355733906164, 0.12775601769295072, -0.9909431281555181]], "T": [0.002274663534315357, -0.015749847223270032, 0.002826810166530455], "aligned_model": [[0.5858039015485655, 0.06572033570605428, -0.43252568108759065, -0.3440653870719038, -0.6199076800478021, -0.4811914791363551, 0.25899599241729065, 0.6683050505028237, 0.45105841923537726, -0.19513556831887802, -0.09059252084914787, 0.09243326619569671], [-0.07844130377608463, -0.580528632588842, -0.49723746067347613, -0.12604787727800937, 0.12412669342823465, 0.5013168368295298, 0.6583687467447292, -0.2921580192086902, -0.06316762461456818, -0.11954678081968095, 0.6277783946831857, 0.018615532806606168], [-0.7085927087342839, -0.26660811645299715, 0.027774176429037557, -0.5637452589011139, 0.22315993392039252, -0.27176930253410764, -0.4061605963220699, -0.04393086552878378, 0.6020024775265574, 0.7694852680144963, 0.16956640062421074, -0.015003330645833753]], "inverted": false, "swapped": true, "error_lsq": 0.05803444748741791, "error_max": 0.3363611387235985, "target": "1149.xyz", "model": "11.xyz", "model_rescale": 3.890672605050136, "target_rescale": 3.965686179839263},
{"mapping": [12, 2, 6, 9, 11, 1, 5, 7, 12, 3, 0, 8, 4, 13], "R": [[-0.6779628711726546, -0.24200914916482966, -0.6941166451194252], [-0.6508125412480733, -0.24141034829093905, 0.7198361479477622], [-0.3417738747557449, 0.9397619993692887, 0.006164663484868715]], "T": [-0.07679788725535862, 0.06303488727010162, -0.06070164615118619], "aligned_model": [[0.4719580838603622, 0.28360859128788946, -0.6517169880174, -0.3359955013897634, -0.13109851282254226, -0.4022795044770545, -0.05741958816147162, 0.4419336460857777, 0.4719580838603622, 0.31463535323903125, -0.09435253126009639, -0.3375991654076735, 0.5257580269907758, 0.07552539200069595], [-0.4267902118974596, 0.48595531197706954, 0.09080766448912878, -0.5567202890533326, 0.16276368027280722, 0.7693579007793641, -0.6877540791441494, -0.3870179344766541, -0.4267902118974596, 0.3362504150669142, 0.534032946403178, -0.05414516892551281, 0.41648407048779257, 0.01880576366323984], [-0.17932037627170222, -0.504333946887304, -0.08817971679061373, -0.45381808471454943, -0.59909534392679, -0.08233051177520839, 0.14156696552622666, 0.44460442370325154, -0.17932037627170222, 0.7299920047710945, 0.29503309001321737, 0.6006927698989074, -0.005410698294473534, -0.004215256782976282]], "inverted": true, "swapped": false, "error_lsq": 0.054921170181983614, "error_max": 0.4093325323534995, "target": "1149.xyz", "model": "12.xyz", "model_rescale": 4.124412569039231, "target_rescale": 3.965686179839263},
{"mapping": [12, 9, 7, 5, 0, 1, 10, 4, 11, 2, 8, 6, 13], "R": [[-0.5080515586605177, 0.8325266345222408, 0.22086877677410655], [0.24523228955858878, 0.3856286806980131, -0.8894670566024143], [-0.8256783501463942, -0.39773096866372043, -0.40008166499522024]], "T": [0.11867101149642476, 0.1153487756654488, -0.10146516346462495], "aligned_model": [[-0.2090550415280991, -0.08058261311936626, 0.7117459854395422, -0.5296155977311531, 0.5106049379279917, 0.11926993057565956, -0.48012531131461367, 0.1327527833248974, -0.04088630619382547, -0.3223755928498703, 0.7837238589497151, 0.6281204722331181, 0.1437208017957618], [-0.08420459131531952, 0.5898510986538972, 0.48699329563307114, -0.32975155181439253, -0.1302446797118987, -0.5981135856412427, 0.28995238987743543, -0.552959449441238, 0.7487629992603753, 0.18241224919669816, 0.05500273706063927, 0.5832049370009664, 0.10657952774948604], [0.51087324137193, 0.6638451401190305, 0.34323118705279376, -0.056849279857609916, 0.3474124357592999, 0.13013338066903601, -0.020519804790423063, -0.538129352528821, -0.2640962775067887, -0.5731477007556138, -0.16942153779035252, -0.41463021776028375, -0.007003133014358745]], "inverted": true, "swapped": true, "error_lsq": 0.0447828694929225, "error_max": 0.22843200217692697, "target": "1149.xyz", "model": "13.xyz", "model_rescale": 3.9028299243045295, "target_rescale": 3.965686179839263},
{"mapping": [1, 11, 10, 7, 9, 14, 3, 2, 6, 8, 13, 4, 12, 15], "R": [[0.07054668877146753, 0.4644135341484341, -0.8828041878033561], [0.764968650377698, 0.5428033067661037, 0.3466807380041569], [0.6401922591243239, -0.699774706218755, -0.31696881848811276]], "T": [0.08208218931920047, -0.030815372760947698, 0.13886038426604605], "aligned_model": [[0.6210094597559443, 0.35924571323477633, -0.6235856869118421, -0.5937578615688142, -0.1195218264788554, -0.2282262331469136, -0.007649687715163445, 0.699450591627131, 0.261183182474654, 0.38845434094003867, -0.1792033244175229, -0.45418932068181267, 0.420898724021396, 0.030807314655876675], [-0.05165650526626822, 0.37137411424841327, 0.17327357401674903, -0.38759511039426775, -0.07432134258037049, 0.5998608073858059, -0.6463237198008378, -0.331182862038224, -0.4663093154178234, 0.13800401288458944, 0.7086896933379004, -0.2741362314010669, 0.5701293220979828, -0.05456657932765664], [-0.22352311441774156, -0.41546865690695023, 0.013428521058506948, -0.34753081658688445, -0.6083400626475188, -0.39873322760545304, 0.18113461053055807, 0.40491563561960053, -0.33302532478767943, 0.8274410108444485, 0.2711989248379782, 0.4743765555522853, 0.2300147505585561, 0.03997613614767112]], "inverted": false, "swapped": false, "error_lsq": 0.04349497343431426, "error_max": 0.2697327598063434, "target": "1149.xyz", "model": "14.xyz", "model_rescale": 3.942246331269136, "target_rescale": 3.965686179839263},
{"mapping": [8, 0, 5, 9, 2, 1, 10, 11, 6, 13, 3, 4, 12, 14], "R": [[-0.7182954433542601, 0.19111948046485266, 0.6689730938112174], [-0.49260651805390215, -0.8187177717783831, -0.29502547101064014], [0.49131504600135917, -0.5414559579144773, 0.6822279466656274]], "T": [0.030349538790237662, -0.044278875496390105, 0.02156221568637238], "aligned_model": [[0.7550901177434024, 0.30167783083685157, -0.4890099264242613, -0.35095078201532515, -0.17869827059841809, -0.2018672969816006, -0.29370676573692095, 0.490927566729927, 0.27956853602289455, 0.4793477731120567, -0.4088247549333895, -0.12550572630677026, 0.2693791897116109, 0.04748789462883538], [-0.11173455561380469, 0.3038307134164068, 0.19745649682154498, -0.6100123367494417, 0.12791117242974182, 0.7213529541998684, -0.6065955925647725, -0.45676037359598665, -0.5111854776090428, 0.20177218892700677, 0.42100343712005306, -0.11909188743801478, 0.6883359783754152, 0.028957140025952052], [-0.24119575417623687, -0.5665858565796926, -0.251584839673068, -0.40589307122043206, -0.6920886229066239, -0.10698613444186976, 0.31785250787428754, 0.38465713242474986, -0.15920698982271572, 0.6530598845477217, 0.34895531243597444, 0.5817194494238012, 0.2939893803185877, -0.04082745600710566]], "inverted": false, "swapped": false, "error_lsq": 0.046881696166116905, "error_max": 0.2648729091042797, "target": "1149.xyz", "model": "15.xyz", "model_rescale": 4.355366556412066, "target_rescale": 3.965686179839263},
{"mapping": [3, 8, 4, 10, 2, 11, 5, 9, 1, 7, 12, 13], "R": [[0.8671348517043282, -0.10809091380707231, -0.4862031502490135], [0.382671290810444, 0.7694138266492891, 0.5114343032593396], [0.31881002517044743, -0.629538495815188, 0.7085488339822239]], "T": [-0.025733927969329835, -0.0713115737608586, 0.004281528206597468], "aligned_model": [[-0.20113600062928605, 0.40241975593696416, 0.17759781188823065, -0.4743524285931028, -0.5732388783066568, -0.5875523840275503, -0.149358971183251, -0.0729986430300768, 0.5159826374170626, 0.3411130528987613, 0.17859850433890634, 0.040734097921779504], [-0.7189689179021239, -0.5031991037501142, -0.48313805700004925, 0.34162133645222037, -0.21029855624263655, -0.07577179532722432, 0.2993819531173939, 0.7032311170736293, 0.07387946559340376, -0.011398505785405036, 0.6052365607848968, -0.007799069273010814], [-0.06640848664399301, 0.28838113660085385, -0.6488378677108019, -0.15006697991654533, -0.31575750180297824, 0.3750390289957283, -0.6795924105550759, 0.5026829617923849, -0.49384447013861443, 0.745527867163384, -0.14643380907474587, 0.038568992499824595]], "inverted": false, "swapped": true, "error_lsq": 0.049572327089544045, "error_max": 0.29021543614633133, "target": "1149.xyz", "model": "16.xyz", "model_rescale": 3.795458400668931, "target_rescale": 3.965686179839263},
{"mapping": [3, 4, 5, 6, 10, 1, 8, 11, 7, 0, 12, 9, 13], "R": [[0.7028491513291314, -0.6347872979816427, -0.32101114746545023], [-0.5163385778428091, -0.7656765146885903, 0.38358043209423265], [-0.48928268261526, -0.1038487418098941, -0.8659202592140438]], "T": [-0.009923282025396496, 0.023475765260471043, -0.08673941874207941], "aligned_model": [[-0.08406068412948364, -0.0787266006026954, 0.5063910419158625, -0.33504125282977243, 0.5838681951086161, -0.20871936330027605, -0.6453288599431247, 0.31009878791668744, -0.5866627087173579, -0.5266448699818833, 0.1388961081331174, 0.12915099290974313, -0.054588985575210615], [-0.414066734778366, 0.27722403046179467, 0.5771419678109097, -0.6622967863192377, 0.11086802860105267, 0.7014497495369532, -0.1628442067589805, -0.507432701770635, -0.17557643334416, 0.35624582020882434, 0.6244842878714856, 0.16114901968883213, 0.07743522426201233], [-0.5949551278480887, -0.8406543445223296, -0.3041184916606656, -0.0640501142922506, 0.10132940746264454, -0.3387278709859047, -0.19673770359338744, 0.17564021065039254, 0.47483183589333594, 0.10737997278458161, 0.28585389709161124, 0.8145145650392074, -0.018031205182851298]], "inverted": true, "swapped": true, "error_lsq": 0.04567952067133295, "error_max": 0.31014605081940455, "target": "1149.xyz", "model": "17.xyz", "model_rescale": 3.7474275329858107, "target_rescale": 3.965686179839263},
{"mapping": [8, 3, 7, 2, 1, 11, 6, 4, 0, 5, 12, 9, 10, 13], "R": [[0.4268419560433659, 0.87640789159363, 0.22296894876525203], [0.9014226577377107, -0.4320782522243397, -0.027305238908353603], [0.07240950682165793, 0.21264428397482993, -0.9744430572458692]], "T": [0.018847545694135832, 0.06547700134367405, -0.02189968816880854], "aligned_model": [[0.7343829815550366, 0.38831501851212424, -0.7042940431779102, -0.37241564060198373, -0.15019475897174162, -0.18006513288376505, -0.11521443750156285, 0.48426011720138856, 0.32496790290499733, 0.3357975360043588, -0.29430531451164876, -0.2722490620728709, 0.3922431509116311, 0.0036870684208391083], [0.008299305939875025, 0.3659426896377279, 0.27405360969119996, -0.478381769076223, 0.039935335007469076, 0.6939907130799174, -0.6366519821198938, -0.46770450899411486, -0.6069522140404141, 0.23038174210071727, 0.4645152663689481, -0.20184011558791337, 0.6238755306193383, -0.034223744881707874], [-0.061827152330224414, -0.5054318360108148, -0.053225762454499656, -0.2563426038144905, -0.6921912212525073, -0.3170961012001146, 0.26799871938526026, 0.4120754693431467, -0.41339894484741746, 0.6070431286186126, 0.5275915970251018, 0.5180340946212671, 0.13686483863265375, -0.05422928351859577]], "inverted": true, "swapped": false, "error_lsq": 0.034764030051291715, "error_max": 0.2081287114413212, "target": "1149.xyz", "model": "18.xyz", "model_rescale": 3.922800546911778, "target_rescale": 3.965686179839263},
{"mapping": [8, 4, 9, 2, 10, 11, 0, 5, 1, 12, 7, 3, 13, 14], "R": [[-0.7822435552200085, -0.5575370857435442, 0.27793419785509904], [0.440904232602005, -0.18028916068358242, 0.8792606417972129], [-0.44011189258005584, 0.8103383346236346, 0.3868504949576725]], "T": [0.15291871365135085, -0.010539491602624278, -0.041015950263438655], "aligned_model": [[0.7639682284265805, 0.33091394599708723, -0.6528366077323293, -0.42803336331547365, -0.23759170932465878, -0.14193373121179126, -0.11640270911475342, 0.5175093973319702, 0.27261950168916155, 0.3088410822155073, -0.29331602726177686, -0.2290745983420856, 0.39349650024242194, 0.08675547618903323], [0.00021245914549066283, 0.44344164785364043, 0.07815400684790037, -0.3474946427902375, 0.14905490965683235, 0.6105661503694146, -0.692135894160776, -0.4618730010463757, -0.6761943847966393, 0.1753910416209474, 0.4796492054276789, -0.14489334305752255, 0.6220795565352941, 0.03928214613927829], [-0.0709080908640236, -0.5758859918364772, -0.11608266265630127, -0.29018431331110117, -0.7284982292328965, -0.22684767532009864, 0.3606492721991308, 0.4548725622191564, -0.3419450257045421, 0.7071365050309719, 0.4048546771214372, 0.4541399805064811, 0.07615578417879174, 0.008408149866849304]], "inverted": false, "swapped": false, "error_lsq": 0.03345779858966411, "error_max": 0.18603989699760043, "target": "1149.xyz", "model": "19.xyz", "model_rescale": 3.9282355846067225, "target_rescale": 3.965686179839263},
{"mapping": [11, 0, 5, 2, 1, 3, 12, 9, 10, 8, 6, 7, 4, 13], "R": [[0.6554186426556514, -0.14491989335178387, -0.7412318310557979], [0.7002259428948273, -0.2511918244840183, 0.6682711247760448], [-0.28303715614115665, -0.9570271113313863, -0.0631591356830411]], "T": [0.012647330027513455, 0.04245644667853107, 0.11684193650411251], "aligned_model": [[0.6900469329909088, 0.40281832858193, -0.6161685768987392, -0.5080715564454966, -0.20194190037208112, -0.11129657851440522, 0.13310328195202775, 0.48994594610272174, 0.218278116898026, 0.422007045740935, -0.3764088171893274, -0.4063355505184769, 0.42377222574216983, 0.01516648771869986], [-0.02108365639656315, 0.2853450710551539, 0.28130618553912523, -0.3737223715227148, 0.14334510239772452, 0.6805794245023571, -0.7516549860425565, -0.31463597921975706, -0.6159508868278367, 0.2992703216976408, 0.4469130522308957, -0.3301345530032671, 0.5217007363000086, 0.023962397034715612], [-0.10778131369985722, -0.5381150821103304, -0.07085864871429343, -0.3672688389500187, -0.5939841587191117, -0.26235727479538634, 0.39553844049220666, 0.46769212632385754, -0.39934612192761204, 0.7042879645585043, 0.4513478745603911, 0.3883692263759139, 0.09097543444777752, -0.04263468564466322]], "inverted": true, "swapped": false, "error_lsq": 0.043701796345906985, "error_max": 0.33013016571364334, "target": "1149.xyz", "model": "20.xyz", "model_rescale": 4.067790424073018, "target_rescale": 3.965686179839263},
{"mapping": [7, 0, 6, 4, 2, 3, 5, 1, 8, 10, 11, 13, 12, 14], "R": [[-0.7017655691700042, -0.606061761900595, 0.3744519017036056], [-0.689331569950804, 0.7103651559871209, -0.14213842488417144], [-0.1798529193442795, -0.35786936991217905, -0.9162873138279282]], "T": [0.03452077584970495, 0.014726248285580506, 0.004536149714240515], "aligned_model": [[0.736443390002318, 0.3795627670521129, -0.6964092954896839, -0.3657268434529065, -0.2576237941951218, -0.23146497951971937, -0.1251018092570528, 0.5575614734991521, 0.2589632549799452, 0.28671257200207323, -0.22474755103030905, -0.16343213148746083, 0.35479734924446726, 0.06538098344107794], [-0.18313056753574292, 0.1886621965119452, 0.07385751154556164, -0.5020071463260072, 0.14253046511612522, 0.7642656555316469, -0.5364980895617549, -0.4537205892823641, -0.4544515838738476, 0.16225640654644688, 0.48064800822179177, -0.14095761253261202, 0.6912441946819815, 0.04254100870175601], [-0.15301156173532357, -0.5914087636314743, -0.09446701797470983, -0.45942606520423274, -0.6678027260713163, -0.2974361529504114, 0.14287804700673898, 0.4291431329985362, -0.22927067674107182, 0.7699908981550837, 0.370226048773443, 0.6577594553568843, 0.16812175921517755, 0.07056856500005426]], "inverted": true, "swapped": false, "error_lsq": 0.0395336932651014, "error_max": 0.24414736216312719, "target": "1149.xyz", "model": "21.xyz", "model_rescale": 4.186013935880536, "target_rescale": 3.965686179839263},
{"mapping": [12, 9, 10, 1, 8, 5, 0, 7, 2, 11, 6, 3, 13], "R": [[0.46041926680354583, -0.6111756264390502, 0.643800009632588], [0.8718222120177455, 0.17476219526758005, -0.457585189596147], [0.16715301190397638, 0.7719601859889481, 0.6133003683835012]], "T": [0.06602108213180043, -0.014271942454472494, 0.07169080477392785], "aligned_model": [[0.15994904820767297, -0.4463230788080556, 0.27225602970865, 0.4704148581061951, -0.2645862742310935, 0.7472664108209629, -0.17571017060240512, -0.7240907895398826, 0.4703990586944098, -0.21446264555318112, -0.44168935254356995, 0.18535420675453063, 0.019796734408991774], [-0.3922542060870633, -0.07231026764172138, 0.29543641710668633, -0.6459287966528691, -0.2796267157522483, -0.08929544716621367, -0.6116221457185356, -0.26445969308727585, 0.4936118170080327, 0.5838275165903545, 0.2945555183027222, 0.2945825972810112, -0.08755993463678695], [-0.5369890615845736, -0.6929590077386795, -0.4354023699136389, 0.059771163522127344, 0.5921143085661236, -0.31645437705427604, 0.08426789542394687, 0.09892566809050819, 0.07773825201230268, -0.05764175543303908, 0.5442965664617501, 0.6595610960505506, 0.02565118293224368]], "inverted": true, "swapped": true, "error_lsq": 0.05031886037078021, "error_max": 0.2947044259404444, "target": "1149.xyz", "model": "22.xyz", "model_rescale": 4.166573947596378, "target_rescale": 3.965686179839263},
{"mapping": [7, 1, 11, 12, 6, 2, 14, 10, 13, 8, 3, 9, 4, 15], "R": [[-0.9884708547778341, 0.12449639330901004, 0.08617434251461609], [-0.14200806010114236, -0.5648409256850212, -0.8128889466203849], [-0.05252694661874446, -0.815754483116297, 0.5760082839287772]], "T": [0.04212488033040102, 0.03785970201515196, 0.01929967199121294], "aligned_model": [[0.7317707470557961, 0.34630972475488664, -0.7347881149918363, -0.4616563268593214, -0.10483197494967489, -0.19327025936557743, -0.14691514792812216, 0.4395254397726825, 0.42597090827898126, 0.40203649816921616, -0.26586270613011875, -0.20665479908655715, 0.26372734062964903, 0.07955405643888876], [-0.14590238262952823, 0.41489777998387867, 0.1090361834341052, -0.2760403580821862, 0.08527279237918636, 0.5624494285358993, -0.727627106478557, -0.5533025906264125, -0.6705289569850822, 0.3265571061089727, 0.4814120337191905, -0.11184996355096116, 0.7234093377499723, 0.05745655418644843], [0.06412959956014688, -0.5035893497440318, 0.13520236229066374, -0.2582838339715342, -0.7258602528002284, -0.33027719541492706, 0.08465697424871468, 0.2506893265088893, -0.24081736613526575, 0.6835259711056954, 0.2835564176803227, 0.5447945372633411, 0.16340921330534433, -0.035271461699752704]], "inverted": false, "swapped": false, "error_lsq": 0.041558086142751416, "error_max": 0.23433614529468288, "target": "1149.xyz", "model": "23.xyz", "model_rescale": 4.274766983524099, "target_rescale": 3.965686179839263},
{"mapping": [3, 1, 5, 10, 12, 9, 11, 7, 8, 0, 13], "R": [[0.06162533231524993, -0.8138739468979695, -0.5777642399610381], [0.600854218309162, 0.4924725778238218, -0.6296387602678585], [0.7969796275671801, -0.30835038292870787, 0.5193683804301127]], "T": [0.03170229717286778, 0.008410377921627521, -0.08800554218131396], "aligned_model": [[0.5306260091210371, 0.06899359659372607, -0.4373000849228462, -0.5475475168558441, -0.5081033098911897, -0.6227619667780737, -0.15609065606333222, 0.2237253551103756, 0.6352451298292245, 0.18617144667040908, 0.006936701144588608], [-0.2731904292158895, 0.7505442933346929, 0.4051752908835578, -0.1332000654263374, 0.4456935459263622, -0.08740824373083195, -0.637003080929776, -0.10900308032825859, 0.0554882493068041, 0.43978032410189516, 0.058709727321264754], [-0.44437489522456, -0.1905403944579524, -0.5809505449223344, -0.2880349017296069, 0.11093558404480883, 0.5546838393795192, -0.05200180093460269, 0.7100882136802611, 0.2019508791435164, 0.3652920405204072, -0.007481585477878874]], "inverted": false, "swapped": true, "error_lsq": 0.060217022201127304, "error_max": 0.2852853241027336, "target": "1149.xyz", "model": "24.xyz", "model_rescale": 3.7841303162186577, "target_rescale": 3.965686179839263},
{"mapping": [9, 2, 6, 3, 4, 1, 13, 14, 12, 10, 7, 11, 8, 15], "R": [[0.9191026937428703, -0.3777614853075991, 0.11201115378745131], [-0.012085932723101378, 0.25711648848573004, 0.9663048388469242], [-0.3938326657157989, -0.8894871396298902, 0.23175085727613567]], "T": [0.06234852526033977, 0.1177880201516168, 0.04462396043554992], "aligned_model": [[0.6331456435774225, 0.47244072769023643, -0.650748894079954, -0.44186086495762206, -0.2720470926320414, -0.0833405554906406, -0.038521304322640816, 0.5745207874215155, 0.39826725148431735, 0.34785302855800593, -0.2724432454461092, -0.42472316136460236, 0.33658720746895354, -0.004214142117948259], [-0.009375189638905018, 0.140589108894743, 0.12300323191887164, -0.40225997045828654, 0.20902081319827467, 0.7692711393640246, -0.6433664212204828, -0.40261366985019975, -0.49892573696813647, 0.16682351676336638, 0.38729030801574493, -0.25276047439029414, 0.5836724162784868, 0.10487078583771903], [0.031940257395448535, -0.5879086662214049, -0.07152819985200133, -0.3079733536662227, -0.6161032836414847, -0.2830661842658274, 0.1945212290246336, 0.3547217147429915, -0.24172313240709434, 0.7666612198245586, 0.5325671407378267, 0.5081782231100975, -0.19454681174376057, 0.030124789159617263]], "inverted": true, "swapped": false, "error_lsq": 0.04525390873959234, "error_max": 0.3384920423033704, "target": "1149.xyz", "model": "25.xyz", "model_rescale": 4.19342608120988, "target_rescale": 3.965686179839263},
{"mapping": [3, 8, 4, 10, 2, 11, 5, 9, 1, 7, 12, 13], "R": [[0.8671348517043282, -0.10809091380707231, -0.4862031502490135], [0.382671290810444, 0.7694138266492891, 0.5114343032593396], [0.31881002517044743, -0.629538495815188, 0.7085488339822239]], "T": [-0.025733927969329835, -0.0713115737608586, 0.004281528206597468], "aligned_model": [[-0.20113600062928605, 0.40241975593696416, 0.17759781188823065, -0.4743524285931028, -0.5732388783066568, -0.5875523840275503, -0.149358971183251, -0.0729986430300768, 0.5159826374170626, 0.3411130528987613, 0.17859850433890634, 0.040734097921779504], [-0.7189689179021239, -0.5031991037501142, -0.48313805700004925, 0.34162133645222037, -0.21029855624263655, -0.07577179532722432, 0.2993819531173939, 0.7032311170736293, 0.07387946559340376, -0.011398505785405036, 0.6052365607848968, -0.007799069273010814], [-0.06640848664399301, 0.28838113660085385, -0.6488378677108019, -0.15006697991654533, -0.31575750180297824, 0.3750390289957283, -0.6795924105550759, 0.5026829617923849, -0.49384447013861443, 0.745527867163384, -0.14643380907474587, 0.038568992499824595]], "inverted": false, "swapped": true, "error_lsq": 0.049572327089544045, "error_max": 0.29021543614633133, "target": "1149.xyz", "model": "26.xyz", "model_rescale": 3.795458400668931, "target_rescale": 3.965686179839263},
{"mapping": [9, 0, 7, 11, 3, 5, 12, 10, 1, 8, 2, 4, 13], "R": [[0.7269868678917804, -0.6828393971326483, -0.07225269293542186], [-0.5308886165630959, -0.49221869556913167, -0.689839135259768], [0.4354852129712571, 0.5398621244871172, -0.7203481906881108]], "T": [-0.08617020920634103, -0.004681507532000667, -0.12271451970295905], "aligned_model": [[-0.03694532582314595, 0.417106361440323, 0.6205220953259724, -0.2739454365434618, -0.0749772314461449, -0.7003705617443078, -0.21933992585781326, -0.6294024900143802, -0.030996544219057336, 0.5265240717202218, -0.6468349539860098, -0.21751976324932182, -0.03414391278161737], [-0.898769218851439, -0.22649184072496234, -0.3450782301079416, -0.08928997923625567, 0.6378691196172795, -0.10419077803588259, -0.5992255236680555, -0.30471746266407307, -0.005824057898976859, 0.2693642589957651, 0.27593533431832773, 0.5930520018281082, -0.0807521203149797], [-0.34348226539682253, 0.21333951854720873, -0.39165405952087123, -0.7635755546004077, -0.32820517523753323, 0.3602308584947304, 0.2658308104529287, -0.22505084812491002, 0.6253639164390972, -0.13043715271328216, -0.291276866340147, 0.39009318352986994, -0.08903970343043516]], "inverted": false, "swapped": true, "error_lsq": 0.04731567816115507, "error_max": 0.25309418096048836, "target": "1149.xyz", "model": "27.xyz", "model_rescale": 3.6321398670334006, "target_rescale": 3.965686179839263},
