[{"mapping": [11, 7, 0, 9, 5, 8, 1, 6, 4, 12, 14, 2, 13, 15], "R": [[0.29132444212902414, -0.7276284983677239, -0.6210369053295821], [0.13115077939776815, -0.6126871607574016, 0.7793676386060636], [-0.9475914428072738, -0.308498316699079, -0.08306170063431112]], "T": [0.009727378391073745, 0.1357536292691257, 0.14380204315727563], "aligned_model": [[0.16138794555371444, 0.19043743081553982, -0.44214270842993203, -0.43610619706876036, -0.6535068691304464, 0.0992647967336085, -0.8156591423702496, -0.018432785449268303, -0.3442379152874611, 0.4014448547140471, 0.5415605874960084, 0.28763295423911106, 0.44969928468049025, -0.04985013536809873], [-0.6133982322615571, -0.545626118162711, -0.5010727900726196, -0.07627952819862333, 0.13740542390454896, 0.2453654093666319, 0.1949928285685179, 0.4014065780628975, 0.7788025614474213, -0.0067219618119151725, 0.5527513748554955, 0.726378153558932, -0.18194167019909235, 0.12321130275210812], [0.45274717278577803, -0.26040368673500625, 0.15869743556701413, -0.304421142153393, 0.544564632761281, -0.5950671023178041, -0.09401887569372519, 0.6587016907437419, 0.35188836680342916, 0.693314961150897, 0.3768910164405921, -0.2661999526174196, 0.09026016020861981, 0.0906334102358286]], "inverted": true, "swapped": true, "error_lsq": 0.04691570829430603, "error_max": 0.2231951825760065, "target": "1150.xyz", "model": "0.xyz", "model_rescale": 3.8414455957264533, "target_rescale": 4.236599017062747},
{"mapping": [0, 5, 8, 1, 9, 3, 2, 7, 14, 13, 4, 10, 6, 12, 15], "R": [[0.35100226915089866, -0.8942162940524041, 0.2778032154279442], [-0.834702509711919, -0.43325202850183386, -0.3399476431447497], [0.4243455282332359, -0.11256064698743883, -0.8984770299892063]], "T": [0.04608239662396832, 0.06885917637535223, 0.027185209972425385], "aligned_model": [[-0.7334627278666539, -0.36949912668627083, 0.24585486009248037, -0.3659701465634754, -0.34873341447446216, 0.20620030658246438, 0.7187542439871623, -0.3689769665067365, 0.6740900754952388, 0.04824323916375739, 0.3451763857603434, -0.5032516503488407, 0.20393113023031698, 0.11410432014981182, 0.005583624489408648], [0.024477652013047066, 0.2627201040506572, -0.6217605398854067, -0.39795117773218674, -0.4613847970658067, -0.5039369314501903, -0.3074688116265928, -0.1908634283999504, 0.3961325368553827, 0.17705925522615457, 0.09682060621147516, 0.6290270602333824, 0.5225592897654269, 0.7189218021811067, 0.0026919076665155584], [0.04439031469371483, -0.5974770883464936, 0.24875839451039136, -0.5674842577001665, -0.05994380160870529, -0.4027511633275454, 0.019419546406546785, 0.6757117313896647, 0.1249740354897918, 0.5616572752424727, -0.6741451119851803, -0.16184742400900554, -0.29797031515933964, 0.24740764934445536, 0.00448200239893333]], "inverted": true, "swapped": true, "error_lsq": 0.043937585984087785, "error_max": 0.265106993973577, "target": "1150.xyz", "model": "1.xyz", "model_rescale": 4.316132596720782, "target_rescale": 4.236599017062747},
{"mapping": [4, 14, 6, 9, 5, 3, 0, 8, 12, 2, 13, 15], "R": [[-0.020799365924449045, -0.7802323154026155, -0.6251439197325803], [0.5478298933622555, 0.5141593979928432, -0.6599413014763794], [0.8363311511093205, -0.3561988875012262, 0.41674039668245283]], "T": [0.02619792211267165, 0.07310499921024367, -0.10747000510491492], "aligned_model": [[-0.25269653786387464, 0.5992217912022272, 0.1571069389817492, -0.5347695095278973, -0.4786539456117587, -0.4918132723581689, -0.3907975651469389, -0.12083063432008569, 0.5716179092270476, 0.1550893932160088, 0.4311856865127686, -0.04685169967929642], [-0.6127695801130757, -0.28408832250917215, -0.454371013544354, 0.4258456662185583, -0.30733706198664557, -0.0680530190718495, 0.4579646264718241, 0.46781899538006705, -0.08475843411799976, -0.06461637831672133, 0.4330523230550983, 0.10408862627525094], [0.07664196632986126, 0.12730803468996169, -0.3102457837025858, -0.03317853049175501, -0.5556680399784292, 0.3928471219190006, -0.6440836159642458, 0.5158619855514393, -0.4990086320966448, 0.6399189733849446, -0.1690747906411895, -0.09206022779093584]], "inverted": true, "swapped": true, "error_lsq": 0.04479259591397781, "error_max": 0.28780379693114005, "target": "1150.xyz", "model": "2.xyz", "model_rescale": 3.795458400668931, "target_rescale": 4.236599017062747},
{"mapping": [7, 13, 11, 6, 9, 5, 12, 8, 14, 4, 0, 15], "R": [[0.5022686100032433, -0.29779251391660233, 0.8118163967675452], [-0.3836801864799022, 0.7646016783655029, 0.5178549873694409], [-0.7749295180260961, -0.5715801711885102, 0.2697783349269471]], "T": [0.16346710297981815, -0.02714633678453399, 0.06869939268555016], "aligned_model": [[-0.2798563380706718, -0.15436494268949874, -0.6574580799009975, 0.16900927285628675, 0.24197077648148424, 0.07759875395656785, -0.2654633527263063, 0.5810042244297369, 0.35053823111006377, 0.6860265302970701, -0.34053435026592604, 0.18483310026575608], [-0.16174548580026593, -0.43054013122476137, -0.06479876211116786, 0.01372770257754492, 0.4005748175759124, 0.6630217090230471, -0.35189696629681544, -0.19095669163306817, -0.5818095658375494, 0.26673612434824034, 0.49469472896322814, 0.028761565705364697], [-0.5988814271667529, -0.11468150111367938, 0.0028156210321653857, 0.6473052415795066, -0.4367919010895216, 0.41044161120592665, 0.5002802253828665, -0.535277614832433, 0.47908609684858466, 0.5405765168964602, -0.2204731746089802, 0.014371736504957183]], "inverted": true, "swapped": true, "error_lsq": 0.04687258460898464, "error_max": 0.2519600938188599, "target": "1150.xyz", "model": "3.xyz", "model_rescale": 3.7530521520055578, "target_rescale": 4.236599017062747},
{"mapping": [5, 3, 9, 8, 0, 14, 10, 6, 12, 13, 15], "R": [[0.6989674202133427, 0.4707002746272526, -0.5384104353986219], [0.47941702272171327, -0.8670441807688678, -0.13562340107625787], [-0.5306636070100841, -0.16332678917027715, -0.8316973584990968]], "T": [-0.02844007254765632, 0.05276042187287355, -0.014640179521446238], "aligned_model": [[-0.46483468665747707, -0.047066029743450616, 0.3569981067026602, 0.48513405302732304, 0.2643574881940859, -0.3592835162440855, -0.325852398848938, -0.5904565212222157, -0.2832259855136938, 0.2942281210595393, 0.0082009716914569], [-0.5837033475655448, 0.0036376635570755517, -0.3532030707432932, 0.31253432966968925, -0.647130951211791, 0.6701054398862341, -0.512744542697087, 0.06804730641560142, 0.22154285476943375, 0.28307509691628174, 0.005042579317746473], [-0.0851147118380469, -0.7466363814582374, -0.37693938371898406, -0.4991176713851361, 0.1707728479486876, 0.12850972824803156, 0.478350016314387, 0.12815321561720225, 0.6036663393283687, 0.3598096864843383, -0.06862290829529483]], "inverted": true, "swapped": true, "error_lsq": 0.046442207451165764, "error_max": 0.2606908315504489, "target": "1150.xyz", "model": "4.xyz", "model_rescale": 3.7855080009869324, "target_rescale": 4.236599017062747},
{"mapping": [4, 11, 15, 13, 12, 1, 2, 7, 8, 6, 0, 5, 3, 10, 9, 16], "R": [[0.32075501170110177, 0.8000065265378327, 0.5070559929292802], [-0.9260624812364098, 0.15251830573980643, 0.3451759656472672], [0.1988077043650234, -0.5802824518380089, 0.7897770399131507]], "T": [0.008700569417855235, -0.057376162565447586, -0.07226641462876801], "aligned_model": [[0.2742071114461554, 0.011646430629961062, -0.5845313253130675, -0.45479596421615315, 0.1932000246892279, 0.6344966542164249, 0.5953597315794804, -0.24619787337672283, -0.6930067560455548, -0.25860485813546485, 0.7003472554039616, 0.28098367120134193, 0.3956076747591543, -0.3440331579638588, 0.06422559892220847, 0.02027238115576193], [-0.7031186608249067, -0.5725979051767476, 0.5069726904448999, -0.1625294917626579, -0.058328175895080436, -0.401997611181411, 0.38240650744458177, -0.48725707832847065, -0.06059506805074677, -0.6486619331319798, -0.2614479444147273, -0.1510120391085656, 0.3502997546678737, 0.22462639438934523, 0.6289428422965737, -0.008581429411438343], [0.17170835035145512, -0.6780502920492838, -0.16662953171230174, -0.6190583124687049, -0.7272658861440814, -0.3227045435029199, -0.16286397634739871, 0.48594380921127633, -0.018355914704496545, -0.14301960532036442, 0.22514483757566642, 0.6841709454523353, 0.3358020155929624, 0.49958824305327443, 0.10883359617406932, -0.09155162619920804]], "inverted": true, "swapped": false, "error_lsq": 0.034960998115379886, "error_max": 0.26101841775555323, "target": "1150.xyz", "model": "5.xyz", "model_rescale": 4.2253639853439635, "target_rescale": 4.236599017062747},
{"mapping": [3, 5, 12, 14, 6, 11, 13, 2, 0, 9, 10, 7, 8, 15], "R": [[-0.8544977766851186, 0.0988737873165684, -0.5099583549878044], [-0.15546239386931485, -0.9853980583496803, 0.06944141914666127], [-0.4956460367365117, 0.13861688491074337, 0.8573916056767937]], "T": [0.08748216231337202, -0.1092482290372035, 0.003488806806302338], "aligned_model": [[0.6919668077680828, -0.24360084879798577, -0.4435695319788474, 0.13593136289723523, -0.18421518986085628, -0.5927899209196283, -0.047807344124212725, 0.7621985309052787, -0.2896922054718611, 0.3329886680482078, -0.6603622769341889, 0.03187136187476419, 0.7573779061539403, 0.12376483319785567], [0.05315943660867113, 0.12804392099512102, -0.509483218829364, -0.8132272453094561, -0.4903021096391408, 0.13533559442919968, -0.15943232694507797, -0.4777704984402019, 0.5741144845719606, 0.5058642525582293, 0.05350964027068604, 0.3916102315525864, 0.09379133619195719, -0.0401143513801801], [-0.37965669410014186, -0.6557300673345525, 0.18652534219754016, 0.11807663865757206, -0.33924231231585494, 0.39982853287541936, 0.5293696113836125, 0.05934248374378684, -0.023180171142268256, -0.07392470203074833, -0.2524952955210155, 0.6409564504286925, 0.2791225004841797, -0.017434108394773554]], "inverted": false, "swapped": true, "error_lsq": 0.0438347905346666, "error_max": 0.2562909357925757, "target": "1150.xyz", "model": "6.xyz", "model_rescale": 3.89814844738969, "target_rescale": 4.236599017062747},
{"mapping": [5, 10, 12, 1, 14, 11, 0, 4, 9, 7, 13, 8, 15], "R": [[-0.1625095122667392, -0.9584371930111272, 0.23449691997077104], [0.08583253841465774, -0.2504867013890525, -0.9643076209262936], [0.9829666493692059, -0.1365816952603215, 0.12297156885920363]], "T": [0.08255308873278148, 0.06689088553290053, 0.07485999863927202], "aligned_model": [[-0.07834903810729978, -0.0962978684218359, 0.409868734853242, -0.3917397147442071, 0.7632819113266099, -0.26890823084799187, -0.6157394350821301, 0.47495595504009835, -0.49389485266893435, -0.5103076974434279, 0.043598568597678466, -0.10807529081593949, 0.02023875921835959], [-0.43826307548374716, 0.10275102144295357, 0.5080604447919164, -0.6513299886254191, 0.2686408977357559, 0.652261184508379, 0.07745879298023413, -0.5799872626952233, -0.20216789237020694, 0.5816825390934733, 0.603928283397091, 0.018565759677422203, 0.022180561017856586], [-0.4903152219645623, -0.7112797317883761, -0.34220139988682857, 0.05170630942032017, 0.15834265709841736, -0.3871931220125143, -0.2747572305795949, -0.023485963412583716, 0.2747219650313176, 0.28419799560632475, 0.16114843073845075, 0.8010037921652828, 0.10038655042064196]], "inverted": true, "swapped": true, "error_lsq": 0.05106946090945357, "error_max": 0.293488348411418, "target": "1150.xyz", "model": "7.xyz", "model_rescale": 3.7474275329858107, "target_rescale": 4.236599017062747},
{"mapping": [6, 4, 3, 5, 8, 0, 10, 11, 9, 7, 12, 13, 14, 2, 15], "R": [[0.9097740957238637, -0.0378397399121125, 0.4133754332724793], [0.025448801576205285, -0.9888789332229292, -0.14652922550200256], [0.41432288525757444, 0.14382840300603164, -0.8986934612205507]], "T": [0.028496248754006546, -0.01620338121670281, 0.012063241636753128], "aligned_model": [[-0.3046323097090848, 0.13050787947628636, 0.6013809171866455, -0.349091253085739, 0.7363590550171449, -0.2967986801784851, -0.7270912583095256, -0.5875182754735202, 0.3105547582549982, 0.07597978290164856, -0.5098497468447809, -0.05598307412345022, 0.03510378940142969, 0.6756586164572899, 0.06757352136788972], [0.2431932401117832, 0.07358177355775092, -0.25057435924026505, -0.4404055607413624, -0.10528701130374671, -0.6966805466721327, -0.2764797547674588, -0.1724318677540667, -0.6172165623273473, -0.32416408785052253, 0.3947502023454217, 0.17071479861151947, 0.6935520758144437, 0.3832940134086916, -0.08672839121311542], [-0.38571167900892706, -0.7386933964109288, -0.3822105371654944, -0.5151684323719427, 0.2507129014195698, 0.21477084621744139, -0.10033345991738293, 0.5372254054710606, 0.07415844332277227, 0.7625446021579372, 0.14247437433942486, 0.5173326281165815, -0.07318746638575888, -0.11344841453678653, 0.0063288404486945525]], "inverted": true, "swapped": true, "error_lsq": 0.04532716338834859, "error_max": 0.31959168554564704, "target": "1150.xyz", "model": "8.xyz", "model_rescale": 4.019505241142653, "target_rescale": 4.236599017062747},
{"mapping": [13, 8, 14, 12, 11, 10, 4, 7, 0, 9, 3, 5, 15], "R": [[-0.9997073017335291, 0.024182709464297, 0.0007123367406743561], [-0.003028145083881422, -0.15428638351763369, 0.9880215292180635], [0.024002941445116246, 0.9877301799702262, 0.15431445291341722]], "T": [-0.029537700323446534, -0.0036706509531430204, -0.09308418590724661], "aligned_model": [[-0.1697449953525521, -0.767549508872283, -0.03558652250842176, 0.38645432911142197, 0.32280899153552106, 0.7172530118066408, 0.18201185968733397, -0.3662429637527995, 0.21679198371880398, -0.28206505763802286, -0.37715455032743117, 0.5519801747047719, -0.059255980371807265], [-0.497480902723226, 0.06943314423570345, 0.08222259778541226, -0.34088478650023035, -0.7369900542455412, -0.2141740172671321, 0.7232209395447253, -0.6704772433936024, -0.3275271438496954, 0.05116697247149132, 0.5895970389765064, 0.31817999228758415, 0.017091690792063043], [-0.2771104463301004, 0.03322381592211994, -0.8027671525681, -0.5277605949594123, 0.04022370537858934, 0.12890963163319957, -0.1878400602152478, 0.2267834260702597, 0.5735453928084613, 0.5216128366883888, 0.16338098715674665, 0.3053404282988269, -0.020838475839852794]], "inverted": true, "swapped": true, "error_lsq": 0.04862054848699098, "error_max": 0.3099480957994713, "target": "1150.xyz", "model": "9.xyz", "model_rescale": 3.877068213659057, "target_rescale": 4.236599017062747},
{"mapping": [0, 8, 14, 9, 2, 7, 4, 12, 10, 11, 1, 5, 3, 6, 13, 15], "R": [[0.35093942091522495, 0.8417601975554942, 0.410221029030719], [-0.011360012796169772, 0.44187890931726576, -0.8970027756979655], [-0.9363292545664467, 0.3101335185237466, 0.1646351351659892]], "T": [0.015431902614948319, -0.026813657466043216, -0.015919039455359857], "aligned_model": [[0.09927622957517529, 0.10038682098018403, -0.5306313339853952, -0.2934705337094084, 0.15301639003752365, 0.66383733399414, 0.6245937670835867, -0.1972725882971579, -0.691034710316236, -0.4145913794777667, 0.7338385750946532, 0.4937760804896877, 0.2800912754875686, -0.3408512114515762, -0.11364305676985456, 0.021854940217731968], [-0.7708145800272683, -0.5990854730617001, 0.3673240524961129, -0.11333050556366295, 0.2757467859678551, -0.17483269440222546, 0.26536516978142466, -0.34392841209211955, -0.08010492537525704, -0.6258609903758862, -0.5057367851982342, -0.281799884796999, 0.2875162404576834, 0.2556839087919784, 0.7307945972485645, -0.10981565189372372], [0.2546337126992295, -0.526419349669276, -0.4108772066806118, -0.5927547385307407, -0.5902734986869872, -0.4891497767065002, -0.05646574746424211, 0.6262571417113003, -0.05163661269384576, 0.01370436439222484, 0.07028479377314603, 0.5472543917426996, 0.4677269822900444, 0.4006887410939266, -0.09963214005358582, 0.018351051745498476]], "inverted": true, "swapped": false, "error_lsq": 0.04480931392298318, "error_max": 0.27634753647018867, "target": "1150.xyz", "model": "10.xyz", "model_rescale": 4.260839863003843, "target_rescale": 4.236599017062747},
{"mapping": [0, 5, 6, 10, 14, 13, 7, 9, 3, 2, 8, 15], "R": [[-0.37449904244181265, -0.8783923629068684, -0.29694666860743524], [-0.714058596211617, 0.06891657386816341, 0.6966856012740389], [-0.5914987644843059, 0.4729454118956674, -0.6530328085022814]], "T": [-0.10253842530231275, 0.010486044087200665, -0.030043869724996432], "aligned_model": [[0.3746814373301842, 0.11018475554530408, -0.4858125079041119, -0.19432722816963502, -0.7415720351833239, -0.3002007069316741, 0.2068417477816665, 0.5621954231714859, 0.3497022882451194, -0.1865403362475111, 0.28590008377595755, -0.022154272319331036], [-0.05132972049166523, -0.6878309648605619, -0.42477176043567794, -0.41628326527093196, 0.06886311590973475, 0.4757600145887665, 0.6542329768434625, 0.05662365929486689, -0.1845950969959154, 0.20700877571689258, 0.4691983764234161, 0.006202394810547266], [-0.6451831632259424, -0.29003473895194765, -0.04178066326843683, -0.7088163369315205, 0.2850629606121273, -0.23454831870499912, -0.41758812578449667, -0.05514151661164713, 0.514015039511603, 0.7105592420896797, 0.42234736204501117, -0.022713663383926]], "inverted": false, "swapped": true, "error_lsq": 0.04787068735225313, "error_max": 0.2872462639667487, "target": "1150.xyz", "model": "11.xyz", "model_rescale": 3.890672605050136, "target_rescale": 4.236599017062747},
{"mapping": [3, 1, 9, 2, 8, 12, 5, 14, 4, 10, 7, 0, 13, 15], "R": [[-0.9690106576016378, 0.1112645719398411, -0.22054147112388134], [-0.21565331317316053, -0.8164542675470434, 0.5356268080685095], [-0.12046573775094982, 0.5665885844554804, 0.815147460275044]], "T": [0.06814302496829708, -0.05801141719875148, 0.20915203264580745], "aligned_model": [[0.5299940085719713, 0.11768099153709272, 0.29380477439029906, 0.7177843347572732, 0.7952698031344091, -0.3913045934238064, -0.4429106749018503, 0.13129125164132593, 0.03639296024100158, -0.7177284966328408, 0.22355697348392783, -0.28135449513251476, 0.09937284153479728, 0.09802615559260783], [-0.19193077983524648, 0.15114772520302688, 0.4036654244922749, -0.46969301999307844, 0.13093634673122323, -0.2353456586869142, -0.09276637950741527, -0.630484968202057, -0.6453148258154323, 0.09532649365090586, 0.678542334955759, 0.5919920965817452, 0.15921011972968419, -0.013132389476710207], [-0.34522841846268265, -0.6245921870338442, -0.2157725835122653, 0.2606777626802285, 0.1698494025264728, 0.6920254892596885, -0.37231959794421526, 0.6326499505473672, -0.2768211312328063, 0.10824253551079716, 0.5151778977768, -0.04639297702310041, 0.7083632277421338, 0.14893106452228688]], "inverted": false, "swapped": true, "error_lsq": 0.04389245394720394, "error_max": 0.27111808229913176, "target": "1150.xyz", "model": "12.xyz", "model_rescale": 4.124412569039231, "target_rescale": 4.236599017062747},
{"mapping": [3, 4, 14, 1, 2, 8, 5, 7, 6, 0, 13, 12, 15], "R": [[-0.33168325526289966, 0.7481874550817407, 0.5746318388642548], [0.8753909287914374, 0.4711568407518738, -0.10817556656832704], [-0.3516773236475041, 0.4671474750772202, -0.8112313458940718]], "T": [0.16762681623655748, 0.1208148887845643, -0.07046840345449266], "aligned_model": [[-0.18984492070342449, -0.15827396631024862, 0.7125487840293162, -0.644318663339051, 0.49153477555556246, 0.2893199667438605, -0.5084532791086795, 0.32557700979050797, 0.1354753478658106, -0.3182500532143798, 0.5914148187908979, 0.5311708278314623, 0.10939765957812309], [-0.1918156898474117, 0.48051838705925803, 0.46457594501062444, -0.11061962367907614, -0.11698323998929223, -0.5626978911086128, 0.4946513117759943, -0.44178523609933223, 0.6861489594665872, -0.03852784458104648, -0.0038464419254978233, 0.6228730734857716, 0.064993666940511], [0.48904432196759096, 0.518178646701606, 0.23929366142184083, 0.0983912585986524, 0.5873356389173015, 0.2192907423838627, -0.13092567977431235, -0.6351360855226036, 0.05542759617499095, -0.6607987325977823, -0.390211419600945, -0.37292443854159063, -0.06526742916077198]], "inverted": false, "swapped": true, "error_lsq": 0.04428287932470097, "error_max": 0.25707391914876243, "target": "1150.xyz", "model": "13.xyz", "model_rescale": 3.9028299243045295, "target_rescale": 4.236599017062747},
{"mapping": [2, 6, 14, 9, 7, 3, 4, 12, 11, 1, 0, 8, 5, 13, 10, 15], "R": [[0.09682654936569188, 0.9722602673727936, 0.2129192143187596], [-0.2848988556148849, 0.2320474913170191, -0.9300465600403064], [-0.9536546866697938, 0.029392758660299584, 0.29946419540752317]], "T": [0.07774399937581039, -0.14255789454722118, 0.005314495522818628], "aligned_model": [[0.2962254601477867, -0.00010075845960769159, -0.6331701844272952, -0.3508273009798672, 0.16794107185811405, 0.5468576122153752, 0.6172629977736641, -0.3573674681793015, -0.6491257285225578, -0.3024445860290624, 0.868248541443392, 0.353115663332881, 0.2085626432524015, -0.26047132580125876, 0.04463559741701237, 0.03983436391117987], [-0.8147502861915268, -0.5093663135724651, 0.3739176954904177, -0.01472794834152863, 0.2994277459836185, -0.3139783150801293, 0.2606932547913143, -0.19685199014843924, -0.255451584664701, -0.6590369177972497, -0.31088931127723823, -0.3165905408013927, 0.16052131446708995, 0.4079497752903863, 0.5770023972854215, -0.11074812347703482], [0.21164677479641228, -0.5458660916344065, -0.09911079330029131, -0.627798134131776, -0.7802688148379198, -0.3678301184153743, -0.06999177783893963, 0.5456573967862376, -0.0637659049865679, -0.09911162100625966, 0.1896606708477153, 0.7055931859632092, 0.39663445301630235, 0.4692143242149311, -0.18570755081328133, -0.09726388969771184]], "inverted": true, "swapped": false, "error_lsq": 0.04671467432295376, "error_max": 0.3268014537488035, "target": "1150.xyz", "model": "14.xyz", "model_rescale": 3.942246331269136, "target_rescale": 4.236599017062747},
{"mapping": [13, 7, 11, 9, 1, 0, 6, 12, 14, 10, 5, 4, 8, 3, 15], "R": [[-0.5148154034804538, 0.7088692164258603, 0.4821509456000729], [-0.8354515477158246, -0.5409954971571379, -0.09666738578721501], [0.19231695650277622, -0.45257961295167504, 0.8707386991411495]], "T": [-0.19839789464709806, 0.010987805512207977, 0.02572119375357044], "aligned_model": [[-0.5952787451871147, -0.3795291202828827, -0.17956312164088656, 0.15596349514643343, 0.5363166909765225, 0.32144081891928894, -0.08674169574705372, -0.4326309080002959, -0.7108921139765931, 0.29063042467021444, 0.5333663635766115, 0.10986097644510501, -0.46791359826776957, 0.030757849402345383, -0.15149327950171465], [0.005197753794568643, -0.4415699517267102, 0.23171524842836838, -0.5470895127672394, -0.3837772507054697, -0.16296614836091897, 0.5416958509080244, 0.6036371402421665, 0.4092407965218979, 0.5005060192820644, 0.2591321813018057, 0.23192672298457478, -0.6683048027852625, -0.4264281025950932, -0.054771254641125755], [-0.3482097900302977, -0.6244324117873342, -0.7683828168506143, -0.061499061741938386, 0.2394640506929667, -0.5305737552256934, 0.23155606668416542, -0.23811205633483998, 0.32540166008884197, -0.38962506092163346, 0.08435981487786029, 0.6877376131362383, 0.20427690934099782, 0.568614718875864, 0.02878659955593262]], "inverted": true, "swapped": true, "error_lsq": 0.03899528045136525, "error_max": 0.24705386308936958, "target": "1150.xyz", "model": "15.xyz", "model_rescale": 4.355366556412066, "target_rescale": 4.236599017062747},
{"mapping": [4, 14, 6, 9, 5, 3, 0, 8, 12, 2, 13, 15], "R": [[-0.020799365924449045, -0.7802323154026155, -0.6251439197325803], [0.5478298933622555, 0.5141593979928432, -0.6599413014763794], [0.8363311511093205, -0.3561988875012262, 0.41674039668245283]], "T": [0.02619792211267165, 0.07310499921024367, -0.10747000510491492], "aligned_model": [[-0.25269653786387464, 0.5992217912022272, 0.1571069389817492, -0.5347695095278973, -0.4786539456117587, -0.4918132723581689, -0.3907975651469389, -0.12083063432008569, 0.5716179092270476, 0.1550893932160088, 0.4311856865127686, -0.04685169967929642], [-0.6127695801130757, -0.28408832250917215, -0.454371013544354, 0.4258456662185583, -0.30733706198664557, -0.0680530190718495, 0.4579646264718241, 0.46781899538006705, -0.08475843411799976, -0.06461637831672133, 0.4330523230550983, 0.10408862627525094], [0.07664196632986126, 0.12730803468996169, -0.3102457837025858, -0.03317853049175501, -0.5556680399784292, 0.3928471219190006, -0.6440836159642458, 0.5158619855514393, -0.4990086320966448, 0.6399189733849446, -0.1690747906411895, -0.09206022779093584]], "inverted": true, "swapped": true, "error_lsq": 0.04479259591397781, "error_max": 0.28780379693114005, "target": "1150.xyz", "model": "16.xyz", "model_rescale": 3.795458400668931, "target_rescale": 4.236599017062747},
{"mapping": [5, 10, 12, 1, 14, 11, 0, 4, 9, 7, 13, 8, 15], "R": [[-0.1625095122667392, -0.9584371930111272, 0.23449691997077104], [0.08583253841465774, -0.2504867013890525, -0.9643076209262936], [0.9829666493692059, -0.1365816952603215, 0.12297156885920363]], "T": [0.08255308873278148, 0.06689088553290053, 0.07485999863927202], "aligned_model": [[-0.07834903810729978, -0.0962978684218359, 0.409868734853242, -0.3917397147442071, 0.7632819113266099, -0.26890823084799187, -0.6157394350821301, 0.47495595504009835, -0.49389485266893435, -0.5103076974434279, 0.043598568597678466, -0.10807529081593949, 0.02023875921835959], [-0.43826307548374716, 0.10275102144295357, 0.5080604447919164, -0.6513299886254191, 0.2686408977357559, 0.652261184508379, 0.07745879298023413, -0.5799872626952233, -0.20216789237020694, 0.5816825390934733, 0.603928283397091, 0.018565759677422203, 0.022180561017856586], [-0.4903152219645623, -0.7112797317883761, -0.34220139988682857, 0.05170630942032017, 0.15834265709841736, -0.3871931220125143, -0.2747572305795949, -0.023485963412583716, 0.2747219650313176, 0.28419799560632475, 0.16114843073845075, 0.8010037921652828, 0.10038655042064196]], "inverted": true, "swapped": true, "error_lsq": 0.05106946090945357, "error_max": 0.293488348411418, "target": "1150.xyz", "model": "17.xyz", "model_rescale": 3.7474275329858107, "target_rescale": 4.236599017062747},
{"mapping": [4, 5, 6, 1, 2, 8, 14, 11, 3, 13, 9, 0, 7, 15], "R": [[-0.4847860348356634, -0.8729808053389854, -0.053730940230110324], [-0.6041334004783708, 0.3786456429898036, -0.7011778030366325], [0.6324597495926167, -0.3074605512167942, -0.710958982354615]], "T": [0.14820845384192968, -0.012261350603476683, 0.0808837815933553], "aligned_model": [[0.3902366372147015, 0.09298592909311737, 0.6249331702003127, -0.43597652140563403, 0.2477842058046356, -0.2992120569500628, 0.7786203389403765, 0.13299882436201926, -0.18988043857689366, 0.20454987403790986, -0.5065653389135852, -0.35262045768183514, -0.3454304592313143, 0.07242394098912894], [-0.4511852222345788, 0.2029224045775074, 0.024947946281541518, -0.1720357064803029, -0.7340017485212312, -0.4874184779438825, -0.2586738162315992, 0.786617939088725, -0.6053438741089449, 0.2256467112342829, -0.053585270925880425, 0.5488536313232307, 0.36153444215136754, -0.02787071669900155], [-0.49433050000854395, -0.6615039021700811, -0.24749883693775743, -0.5311056388465724, 0.332569978977728, 0.4550493821165871, 0.3109400866730698, 0.28395293252505294, -0.18842539472876413, 0.5683237402967141, -0.03825174901288507, -0.12953654748538093, 0.6071100486628767, 0.05750111859961127]], "inverted": true, "swapped": true, "error_lsq": 0.03766962973207966, "error_max": 0.23527713331593147, "target": "1150.xyz", "model": "18.xyz", "model_rescale": 3.922800546911778, "target_rescale": 4.236599017062747},
{"mapping": [3, 4, 5, 9, 12, 2, 6, 7, 14, 0, 10, 11, 8, 13, 15], "R": [[-0.5972346037433698, 0.6678869234723825, -0.4441147211544514], [0.6619793672754188, 0.7231052238440414, 0.19723628609131483], [0.4528732111674705, -0.17619844693996245, -0.8739908248390305]], "T": [0.010196876536547536, 0.03777176822868761, 0.013633102853237286], "aligned_model": [[-0.37530424819057706, -0.30734781263146926, 0.42261702820869407, 0.18038170390469938, 0.19653120787452066, -0.75162327814406, 0.003852385528665986, 0.348436165072736, -0.4492572552537347, 0.7205915135118395, 0.7096308109387026, 0.6990595485687571, -0.40874768725188154, 0.084787376702163, 0.022443378048562446], [0.5049838669013444, -0.11146800175591551, -0.007624888642259645, 0.6724110895667534, -0.5882067530181465, 0.14687132192506108, -0.4494743554840971, 0.4437274787293055, -0.49110394581327615, 0.3597765768260155, -0.29155518948641224, -0.14742853911109852, 0.6151765924635517, -0.05202396038371554, 0.11355021231746844], [-0.40070993015674683, -0.6638594342490394, -0.6408451708707483, -0.09994381851865221, 0.23530116608078666, 0.0571970056270917, -0.30106849147975157, 0.6309749045625909, 0.15595854497332862, -0.02647549282441384, -0.21793808773035883, 0.4269678311667999, 0.2524812286091098, 0.5463105843238193, -0.011691672350487266]], "inverted": true, "swapped": true, "error_lsq": 0.04293226541080788, "error_max": 0.27877468938878147, "target": "1150.xyz", "model": "19.xyz", "model_rescale": 3.9282355846067225, "target_rescale": 4.236599017062747},
{"mapping": [6, 12, 13, 10, 5, 11, 0, 7, 1, 3, 14, 4, 8, 15], "R": [[0.7909944609706558, 0.06382995351196852, -0.6084845928603302], [0.24021487215862541, 0.8822813639131082, 0.40481651409674624], [0.5626940357845969, -0.46637466904441316, 0.6825467677501353]], "T": [0.037831400468344926, -0.15982205207522893, 0.13062551687676768], "aligned_model": [[-0.45685599024000806, -0.07864006004763285, 0.4536525299109065, -0.4253769155292374, -0.6235289347711589, 0.20786502953358021, 0.03407318712117723, 0.7089617394056662, -0.279284308258283, -0.05464860627482849, -0.0016620276428186836, -0.573998831779944, 0.5742611141883833, 0.04770489346887459], [-0.4627183236907275, -0.7479126107760272, -0.43204110045035693, -0.16979219300620352, 0.17218454047527398, -0.30449681951921276, 0.3275637966409307, 0.038884026279610795, 0.6351953120529295, 0.31323547450751804, -0.8027829497578476, -0.10383431373086677, 0.13937371843734997, -0.07997647003753494], [0.13556163180653555, -0.21038799605908878, -0.09378903895391733, -0.5301527683747727, -0.09930312033912722, -0.6629954940850696, -0.4796180793648954, -0.28219008108192867, 0.22398503082566143, 0.6840172734218898, 0.44063471800542486, 0.5829886635357738, 0.5650036458154685, 0.138428772091729]], "inverted": true, "swapped": true, "error_lsq": 0.041421340908241774, "error_max": 0.27795196346896034, "target": "1150.xyz", "model": "20.xyz", "model_rescale": 4.067790424073018, "target_rescale": 4.236599017062747},
{"mapping": [12, 4, 11, 7, 10, 5, 0, 14, 6, 2, 3, 9, 8, 1, 15], "R": [[-0.8751263861242742, 0.4824097174269708, 0.037877075403176585], [0.2800110004896403, 0.5686870455439439, -0.7734267152324719], [-0.3946487652506446, -0.6662401284540962, -0.6327530666252129]], "T": [0.14523580862955648, 0.02571398819161821, -0.07933892812839147], "aligned_model": [[-0.03462342809041713, 0.026370480218651557, -0.25383456027726126, 0.27327304968308164, -0.6264857873001903, -0.5430643063703287, -0.39181362596092767, 0.480947459413275, -0.12006292709984201, 0.8227859668290705, 0.35548726308414963, 0.0874230800493934, 0.7437717875321963, -0.19069763398235584, 0.13896713617901998], [0.04431518121661118, 0.7445504204718643, -0.565510000860984, -0.7763604634651897, -0.05429612406218662, 0.27635491444636473, -0.48412167612625845, 0.4160502289849035, 0.4666976343518816, 0.37029345497623767, 0.3237312394778252, -0.27092704304743065, -0.16551713736436444, 0.11258617296768378, 0.0030483379608890575], [-0.7449296228779132, 0.14704237348798374, -0.49270748984717816, -0.05484823115767082, -0.3014502747368968, 0.173475483079456, 0.16885824479241887, -0.5753222526955342, -0.34698820564393196, 0.04857216800272399, 0.5574957875957447, 0.5150443217387585, 0.3343573908452192, 0.7086540454940844, -0.0020041644561232252]], "inverted": false, "swapped": true, "error_lsq": 0.04155382906374479, "error_max": 0.3497165745403273, "target": "1150.xyz", "model": "21.xyz", "model_rescale": 4.186013935880536, "target_rescale": 4.236599017062747},
{"mapping": [3, 4, 2, 7, 0, 8, 9, 5, 14, 6, 10, 13, 15], "R": [[0.830343569422222, -0.3117108938573476, -0.4619154417962418], [-0.39368847677184293, -0.9147903376330467, -0.0903771067819871], [-0.3943842542194478, 0.2568948361175637, -0.8823072612190724]], "T": [0.04743601059749855, 0.03858947506033287, 0.059949705856715274], "aligned_model": [[0.0028794180003826886, -0.3944059739484498, 0.4893490118277688, 0.48860306181498714, -0.2654159272175378, 0.5904602904021018, 0.01569705627589997, -0.7152030510747721, 0.27216295937180035, -0.3256796428805151, -0.5716228867764362, 0.43389325322963657, 0.037856466398358934], [-0.29677901734564127, 0.24354366947780892, 0.19449341936287037, -0.4183292150197042, -0.5050438410390029, -0.34870385161457534, -0.6220883055423767, -0.09769695136732953, 0.6987478537182599, 0.4792216558482774, 0.09899324564805348, 0.13091336157252131, -0.038315364153068195], [-0.5912960969500116, -0.5273089384188125, -0.5520775270453746, 0.5668162552668026, 0.5252913213205681, -0.2880270410825588, -0.024472860554963644, 0.042608416392583504, -0.09738072724371166, 0.004145391518632566, 0.5741546806094102, 0.43344590992615545, 0.036980777596626394]], "inverted": true, "swapped": true, "error_lsq": 0.044221912722600336, "error_max": 0.3368701561860125, "target": "1150.xyz", "model": "22.xyz", "model_rescale": 4.166573947596378, "target_rescale": 4.236599017062747},
{"mapping": [9, 8, 1, 4, 0, 8, 7, 11, 2, 3, 10, 14, 13, 12, 5, 15], "R": [[0.49449322883017727, -0.04533170060307451, -0.8679985504374644], [0.4285999310862472, -0.856067110089412, 0.2888792171410516], [-0.7561603968166876, -0.5148729357264722, -0.4038902256089321]], "T": [-0.03962334130135539, -0.11071923872799416, 0.06211620571805507], "aligned_model": [[0.17466681869839157, 0.29921682731017807, -0.3713579368545512, -0.29614183563243035, 0.057995894447374546, 0.29921682731017807, 0.49632880999325835, -0.4722420601700307, -0.6912886168711093, -0.3789018917099658, 0.6904736414235548, 0.3906896705585783, 0.5199094386052863, -0.25464456931187507, 0.18320944434444733, -0.05795386318842861], [-0.6508995774322243, -0.542500326539408, 0.41256121587097383, -0.24888756556683164, 0.24805895758546115, -0.542500326539408, 0.2345505853559402, -0.6143124720901182, -0.033796471579273346, -0.5722431883576315, 0.006271940555182126, -0.11749760337054063, 0.43540219459091634, -0.07254712311969333, 0.684985460775575, -0.04952484818237692], [0.21289450417894143, -0.5318800674730196, -0.29034483441971193, -0.6123919772488148, -0.6648669120363481, -0.5318800674730196, -0.2618184910187106, 0.4879427276993793, -0.08696261806276254, -0.1204005364371685, 0.18133320488341118, 0.7260156927016281, 0.38690473257112756, 0.6799269504644148, -0.02877692950464572, 0.03599673013757905]], "inverted": true, "swapped": false, "error_lsq": 0.04996223604289685, "error_max": 0.3633008581624604, "target": "1150.xyz", "model": "23.xyz", "model_rescale": 4.274766983524099, "target_rescale": 4.236599017062747},
{"mapping": [8, 9, 7, 13, 11, 12, 14, 6, 4, 5, 15], "R": [[0.2033048177988206, 0.08693845916197435, 0.9752480993974459], [-0.276235794484845, 0.9606803507989801, -0.02805440133161885], [-0.9393406926696595, -0.2636948386057087, 0.2193264580199899]], "T": [0.015993159883552543, 0.06113201655543414, 0.007235756530711082], "aligned_model": [[0.26381242730255894, 0.2669756934733797, -0.4725054975522135, -0.46918937273563227, -0.7187879848269059, -0.49245318787020365, -0.0724440950265406, 0.07329691554435469, 0.6409394107551161, 0.30115661945161676, 0.05909377544254504], [-0.05413634678526488, 0.552476352004872, 0.3771071350460989, -0.06697870483352474, 0.4200523564927514, -0.16298446606754402, -0.6213541498527277, -0.105823636963903, -0.0916917590117272, 0.5525582665173342, 0.11636148469711827], [-0.6936623251211999, -0.3672214140210977, -0.5600785668505555, -0.20620713504515226, 0.1118750959085122, 0.41584368110531666, 0.2007703431107245, 0.5598008843302372, 0.4173459289674898, 0.5341846069067417, -0.033084665269439796]], "inverted": true, "swapped": true, "error_lsq": 0.04618416112264516, "error_max": 0.21510182071246636, "target": "1150.xyz", "model": "24.xyz", "model_rescale": 3.7841303162186577, "target_rescale": 4.236599017062747},
{"mapping": [4, 3, 14, 13, 11, 6, 7, 2, 12, 5, 1, 1, 0, 8, 10, 15], "R": [[-0.7672711779995005, 0.2841330382091878, 0.574946394031022], [-0.007600251613166353, -0.9004663405142819, 0.43485929422772407], [0.6412777678874229, 0.3292852656874188, 0.6930613524172955]], "T": [0.015621509163997866, 0.017120200478443856, -0.005255223170373], "aligned_model": [[0.20328519305021753, -0.0033167021167529835, -0.6428666371085918, -0.3670716931740323, 0.22832917391541194, 0.5312219073146119, 0.5271484343940424, -0.3921941863214388, -0.6814062035718295, -0.4273363771175076, 0.48033389831687734, 0.48033389831687734, 0.5690234200703032, 0.06394883853988352, -0.03478698862474548, 0.054530623069529244], [-0.6911349413218795, -0.5926050761695181, 0.3950263547689469, -0.02947059620849342, 0.1805542596324372, -0.35930245999960975, 0.381597766233785, -0.3942357958092963, -0.230082294553687, -0.7391835209181032, -0.21200300780961479, -0.21200300780961479, 0.3217554722883242, -0.006589254181117402, 0.7886522540313935, -0.02385530021741037], [0.1356750387395955, -0.5314475062791268, -0.23521013631295556, -0.6859719100668972, -0.7246107172253881, -0.3436169561553267, -0.17348681629727872, 0.47772058446503235, -0.17322903230824457, -0.03889652853206252, 0.5282064386150015, 0.5282064386150015, 0.3719365391020332, 0.5834383428162139, -0.09158238557161, -0.04543928464170778]], "inverted": true, "swapped": false, "error_lsq": 0.04559268946833425, "error_max": 0.44397917434489864, "target": "1150.xyz", "model": "25.xyz", "model_rescale": 4.19342608120988, "target_rescale": 4.236599017062747},
{"mapping": [4, 14, 6, 9, 5, 3, 0, 8, 12, 2, 13, 15], "R": [[-0.020799365924449045, -0.7802323154026155, -0.6251439197325803], [0.5478298933622555, 0.5141593979928432, -0.6599413014763794], [0.8363311511093205, -0.3561988875012262, 0.41674039668245283]], "T": [0.02619792211267165, 0.07310499921024367, -0.10747000510491492], "aligned_model": [[-0.25269653786387464, 0.5992217912022272, 0.1571069389817492, -0.5347695095278973, -0.4786539456117587, -0.4918132723581689, -0.3907975651469389, -0.12083063432008569, 0.5716179092270476, 0.1550893932160088, 0.4311856865127686, -0.04685169967929642], [-0.6127695801130757, -0.28408832250917215, -0.454371013544354, 0.4258456662185583, -0.30733706198664557, -0.0680530190718495, 0.4579646264718241, 0.46781899538006705, -0.08475843411799976, -0.06461637831672133, 0.4330523230550983, 0.10408862627525094], [0.07664196632986126, 0.12730803468996169, -0.3102457837025858, -0.03317853049175501, -0.5556680399784292, 0.3928471219190006, -0.6440836159642458, 0.5158619855514393, -0.4990086320966448, 0.6399189733849446, -0.1690747906411895, -0.09206022779093584]], "inverted": true, "swapped": true, "error_lsq": 0.04479259591397781, "error_max": 0.28780379693114005, "target": "1150.xyz", "model": "26.xyz", "model_rescale": 3.795458400668931, "target_rescale": 4.236599017062747},
