[{"mapping": [7, 9, 3, 5, 1, 6, 4, 10, 2, 8, 11, 13, 12, 14], "R": [[-0.030196947244051316, -0.3620791297257748, -0.9316581176559164], [-0.052074668450955264, 0.9313872537872857, -0.3602860146998508], [0.9981865423270657, 0.037636249807912026, -0.0469802023998766]], "T": [0.018794531011321967, 0.15218346871957444, 0.11891545540176103], "aligned_model": [[0.07831785529057805, 0.27617574484494567, -0.5030029123042552, -0.38024120497989133, -0.7183994219046935, -0.1416218333015671, -0.7533722029513416, -0.06909127159543049, -0.35700964707145494, 0.39402402705999584, 0.6433310128590156, 0.2825295479792341, 0.7259120019921255, -0.10605959478895724], [-0.5300159025483665, -0.23919345370895628, -0.4708181178382923, -0.3324079760237363, 0.3727057247717841, 0.32918690862046585, 0.12034760688443619, 0.540502560546178, 0.7096877396734751, -0.08778103345061072, 0.5607868035815924, 0.371580042331485, -0.23983119869675684, 0.13052362766733738], [0.23698705301461406, -0.38080089631159875, 0.31338082971834047, -0.31882701459982965, 0.5338420893814443, -0.5750759527900865, -0.1033733823346797, 0.737068793093173, 0.043906882303629685, 0.7402217581687995, 0.3794517117810392, -0.01931100561196354, 0.12813605356319768, 0.18198116780375373]], "inverted": true, "swapped": true, "error_lsq": 0.0412921472724067, "error_max": 0.2886508055950679, "target": "1151.xyz", "model": "0.xyz", "model_rescale": 3.8414455957264533, "target_rescale": 3.962452162089852},
{"mapping": [7, 2, 5, 9, 6, 8, 10, 13, 0, 12, 4, 1, 11, 14, 14], "R": [[-0.710711067305354, -0.3545796907351473, 0.6075878716102321], [0.09147582672234315, -0.9029316146851019, -0.4199365098769322], [0.697511255776671, -0.24287392227310492, 0.6741589619255458]], "T": [-0.10443488961498351, 0.0005167717631488419, -0.11937952282445902], "aligned_model": [[-0.6951813414763598, -0.38136987140318046, 0.14452475540738724, -0.29537301115233966, 0.22082956702590376, 0.4332758436278926, 0.5429365441368447, -0.16587473466341748, -0.6727766725454162, 0.5009328546515842, -0.5014115735840631, -0.09288268998811142, 0.09367674716027286, -0.0671544744085904, -0.0671544744085904], [0.0975230178903585, -0.561350306562949, -0.6085166677799596, 0.3067393550427113, -0.3807970381350545, 0.45838250847911893, -0.21261720719478167, 0.7553689359067471, 0.26058175076237516, 0.3865799835227843, -0.3294518135676642, -0.11945721406944815, 0.525823439088214, -0.02042930741237119, -0.02042930741237119], [-0.35296766456248374, -0.5095296603019386, -0.1570643957991637, -0.6984132379281813, -0.7184037171694517, -0.4736795820927601, -0.057206906778060784, -0.15502158179248549, 0.24786861397238807, 0.13902836133257496, 0.05193153907139833, 0.7373413655493233, 0.5217679537891793, -0.0404147745085159, -0.0404147745085159]], "inverted": true, "swapped": false, "error_lsq": 0.04163604954939546, "error_max": 0.4312581671190952, "target": "1151.xyz", "model": "1.xyz", "model_rescale": 4.316132596720782, "target_rescale": 3.962452162089852},
{"mapping": [3, 4, 1, 8, 0, 7, 10, 12, 2, 9, 13, 14], "R": [[-0.8076109463694516, 0.5882341741115275, 0.04177458212319779], [-0.005319094661406343, 0.0635694760849232, -0.997963240276049], [-0.5896916707366839, -0.8061882398780185, -0.048210531485981645]], "T": [0.11578380639579552, 0.1347892889452873, 0.014079291707777677], "aligned_model": [[-0.2764916069722555, 0.4478774357839719, 0.0841635860721157, -0.5958669499737489, -0.4530399425267351, -0.38274180253514256, -0.12683392574583008, -0.277707398071357, 0.5807386444572569, 0.22499221288150084, 0.29054728833306837, 0.08217101292893614], [-0.5909414325152711, -0.5886057125310769, -0.4231245478481588, 0.40184975158344793, -0.2333043346977281, -0.09190421787108499, 0.24498407455788795, 0.6122137091730924, 0.024287944082327928, 0.1822366125829739, 0.45982942522814946, 0.015255155996421105], [0.1469523533404562, -0.10029206693751522, -0.6582163379054936, -0.06736743394108123, -0.3857228350499243, 0.44182007964109105, -0.671211103343949, 0.5346618803941576, -0.46474481982092036, 0.6885862911127368, 0.03865988158005271, -0.053867427860189776]], "inverted": true, "swapped": true, "error_lsq": 0.0499426388148533, "error_max": 0.3479751925487314, "target": "1151.xyz", "model": "2.xyz", "model_rescale": 3.795458400668931, "target_rescale": 3.962452162089852},
{"mapping": [10, 2, 11, 9, 0, 7, 13, 4, 6, 5, 8, 14], "R": [[0.33581272610979895, 0.12532783853043933, -0.9335538259104259], [-0.562984149994008, 0.8213025199941075, -0.09225517604369503], [0.7551679679635714, 0.5565564693188078, 0.3463614248457145]], "T": [0.0012962766518169883, -0.015300089068894143, 0.09820951420504066], "aligned_model": [[-0.3335255541919158, 0.09323344012009738, -0.7851935048009484, 0.1539875066481864, 0.1104173056523121, 0.20467467521761945, -0.2559637472240829, 0.7291977341636571, 0.3211516176919629, 0.7052832553084984, -0.43814709590563883, 0.0881881930638171], [-0.028131130925787708, -0.5892127292033531, -0.09476664046429521, 0.09539853651602426, 0.43994345100979626, 0.6229874345451376, -0.21838161474814632, -0.2561684602313288, -0.558498575280337, 0.07755250427736154, 0.5834797080544278, 0.011566561740210209], [-0.5562818044778137, -0.247966622901247, 0.097478633305172, 0.7566687911460023, -0.53404125401229, 0.2828880853765643, 0.26959429840494814, -0.1442965897289954, 0.47412927652927217, 0.3836172694435137, -0.08277097020434603, -0.010247682241680295]], "inverted": false, "swapped": true, "error_lsq": 0.05036169137450739, "error_max": 0.32205241319782946, "target": "1151.xyz", "model": "3.xyz", "model_rescale": 3.7530521520055578, "target_rescale": 3.962452162089852},
{"mapping": [5, 2, 1, 10, 3, 11, 7, 13, 12, 8, 14], "R": [[-0.9476248099147031, -0.10213059865978291, -0.30261619330683065], [-0.25360364799932295, -0.33534275595680957, 0.9073204647470084], [-0.1941453305015556, 0.9365439535038845, 0.2918784229773686]], "T": [-0.210959071055388, -0.043627754746375626, -0.0513361835537329], "aligned_model": [[-0.4511533404828013, -0.18579255063668346, 0.4194666737614964, 0.3733246483228452, 0.19171618096297796, -0.21010883270615682, -0.07803447915771664, -0.4458076075231475, -0.4232812198727183, 0.25506859537284843, -0.10719846559573928], [-0.7677915855278521, 0.013086854272054603, -0.30561949393214866, 0.32715481630102267, -0.7473983952663159, 0.7398282837646982, -0.3916550998290195, 0.23998759422482688, 0.22026722325188283, 0.26650631860583446, -0.1271631575506373], [0.008415938431016373, -0.724994982804831, -0.5973882049642371, -0.2998558015981101, 0.15060404885793433, 0.05391378614920975, 0.5352539036434878, -0.08606468710606856, 0.6828670460599549, 0.46927569638581657, -0.09919596580885648]], "inverted": false, "swapped": true, "error_lsq": 0.04459854806334618, "error_max": 0.2555347175762192, "target": "1151.xyz", "model": "4.xyz", "model_rescale": 3.7855080009869324, "target_rescale": 3.962452162089852},
{"mapping": [7, 5, 3, 4, 0, 1, 2, 6, 8, 12, 10, 15, 13, 14, 16], "R": [[-0.1640041899673712, 0.9852723930742429, -0.04838323179471432], [0.4499345779278076, 0.031065626079949338, -0.8925210375454387], [-0.8778732831440266, -0.16814647876781547, -0.4484030111628518]], "T": [-0.05331277894078522, 0.06987692090456847, -0.053277008534975814], "aligned_model": [[-0.7159567747390867, -0.37247584739646744, 0.07597657432825601, -0.20560845465456012, 0.18915277850243511, 0.45423005845325626, 0.5476019547784351, -0.36670947115411795, -0.5878463719849487, 0.49848271110756814, -0.5910866088382998, -0.25342533709055676, -0.061571646297646505, 0.4049979150640525, -0.018764011698503148], [0.09801982146575715, -0.41904568003033443, -0.5917953093179096, 0.30502410153109444, -0.16759437476526418, 0.2993090480403866, -0.3556299946486204, 0.6161771277060047, 0.23689842234333658, 0.4331995512294371, -0.3954588502316633, -0.108567670922105, 0.6233124312532533, -0.07958018892190367, 0.04368169382624105], [-0.40181737041057286, -0.6138061073766922, -0.22028218295458857, -0.7377568215810792, -0.755624301907103, -0.5659807302274452, -0.11353508014585101, -0.22478696575440937, 0.37297119372288284, 0.10976797441840795, 0.10555057739609651, 0.7261013324550867, 0.4141719896139889, 0.42139264355581363, -0.021544612531228538]], "inverted": true, "swapped": false, "error_lsq": 0.03444550795491111, "error_max": 0.26932740379663955, "target": "1151.xyz", "model": "5.xyz", "model_rescale": 4.2253639853439635, "target_rescale": 3.962452162089852},
{"mapping": [6, 2, 3, 5, 4, 0, 7, 9, 10, 13, 1, 8, 12, 14], "R": [[-0.6972317924285698, -0.3417317215847746, -0.6301486000060225], [0.46003323567527965, 0.460859357837556, -0.7589321935243544], [0.5497610842001973, -0.8190409530397499, -0.1641178465090311]], "T": [0.1496933443674441, 0.0795286724382258, -0.011812984071631658], "aligned_model": [[0.4939400533646189, -0.1050300843088878, -0.3300514227054969, 0.18160069479811122, -0.26270014401435016, -0.5528097826802422, 0.1505415404167767, 0.6989861028756652, -0.3558278781504969, 0.42454595873918144, -0.6837821002770975, 0.015490940011404053, 0.6824877949012306, 0.016670479787366826], [-0.2402261033122325, 0.22170788095306726, -0.5183322089937726, -0.6835970021893247, -0.4623310092876757, 0.10839152521980021, -0.2916867249055116, -0.30659754463992217, 0.6134492578335409, 0.2964423860349895, 0.05373564324421386, 0.43237908054213325, 0.19034547198167479, 0.03141849415401008], [-0.5756735954372477, -0.6221957541298931, 0.3207943751852905, -0.059750262595681766, -0.43958279434319636, 0.3411054284296736, 0.5756206886037369, 0.12354368088859864, -0.009306522223774505, -0.13098534428477976, -0.2743058488043472, 0.6529335563712183, 0.586204864395809, -0.016844263123958245]], "inverted": true, "swapped": true, "error_lsq": 0.039227561783389056, "error_max": 0.2434912654054132, "target": "1151.xyz", "model": "6.xyz", "model_rescale": 3.89814844738969, "target_rescale": 3.962452162089852},
{"mapping": [13, 11, 8, 6, 7, 10, 2, 9, 4, 1, 0, 3, 14], "R": [[0.15599305293885168, -0.9372265139847535, -0.3118856022948213], [0.9874651353784316, 0.14027847436571494, 0.07235023180117495], [-0.02405771907045437, -0.3192622920321382, 0.9473609739901223]], "T": [-0.018001057648421602, -0.04426773382376961, -0.12416058012539437], "aligned_model": [[-0.040428947540831976, 0.09357759245974948, 0.4849829016911031, -0.348103902217397, 0.5595540573714678, -0.287934109445998, -0.6916307713065168, 0.37625229419337514, -0.5063250239084471, -0.5923605778441486, 0.011018262754887896, 0.16092229899898425, -0.07089227430200545], [-0.2081467716147899, 0.14230807710428467, 0.5010087097742211, -0.6964678149090693, 0.027254997259531497, 0.5998460936042153, -0.033078129777172935, -0.596669136720147, -0.1511896750782285, 0.48633566838124576, 0.6653471785485437, 0.19189007918157605, 0.03534198971627557], [-0.4549750612772228, -0.884174602972186, -0.3087747604286327, -0.058169152197085586, 0.2555689269019463, -0.35412297952847804, -0.18551104933894402, -0.03167057280876161, 0.505739981053929, 0.2667617553135061, 0.21421741686476792, 0.6571436181961924, -0.01975848894273549]], "inverted": true, "swapped": true, "error_lsq": 0.04423037745159052, "error_max": 0.2415653501958322, "target": "1151.xyz", "model": "7.xyz", "model_rescale": 3.7474275329858107, "target_rescale": 3.962452162089852},
{"mapping": [1, 13, 11, 2, 4, 8, 9, 3, 0, 5, 12, 10, 6, 7, 14], "R": [[0.018751376016862303, 0.6355926956318834, -0.7717968069102586], [0.32693569577605786, 0.7255989799121763, 0.6054908514402467], [0.9448605382409089, -0.26368171269507124, -0.1941919608668049]], "T": [-0.12007380986405115, -0.00940469958992704, -0.09758536233910166], "aligned_model": [[-0.8045467976051819, -0.27532655966818087, 0.13092348304137447, -0.352879548946213, 0.0390863718503459, 0.3294343315252772, 0.6082338712623363, -0.026999111222195685, -0.5275456626066785, 0.4500961581444046, -0.4683598617527291, -0.27088152437106106, -0.004256364552825187, 0.313132978079368, -0.14311429479822485], [0.20877706803655258, -0.697729558352733, -0.5272394722943451, 0.4112570135241047, -0.11353040849487382, 0.24247372015560112, -0.2285253234792313, 0.7015263027737404, 0.40023496012046056, 0.38796513637642305, -0.5144645009084491, -0.1851573501427646, 0.5165147192777749, -0.046102600427323864, -0.018049577607226926], [-0.3182553996753194, -0.6545569066571113, 0.13763254242620088, -0.7885518642914199, -0.8565660729946549, -0.5444746197035318, -0.054059348427127396, -0.10456729155182963, 0.21923521155377268, 0.075691540527958, -0.032362345303334025, 0.6246551784484443, 0.5163634813092798, 0.4266882063994831, -0.15205077378750365]], "inverted": true, "swapped": false, "error_lsq": 0.0463003328647033, "error_max": 0.3185969578945876, "target": "1151.xyz", "model": "8.xyz", "model_rescale": 4.019505241142653, "target_rescale": 3.962452162089852},
{"mapping": [13, 2, 8, 12, 9, 7, 0, 6, 5, 4, 1, 3, 14], "R": [[0.17567811134992808, -0.9745697521237294, 0.13910786979181033], [0.8558906596288979, 0.2210214273848465, 0.4675475456002045], [-0.4864035155635006, 0.03692325665834509, 0.8729537749303853]], "T": [-0.08674386725581602, -0.14903904685791147, -0.13305824300105895], "aligned_model": [[-0.25967434113843824, -0.7176574667081488, 0.3091839543408988, 0.44766773621605876, 0.28177058771476915, 0.601498276932369, 0.12097641380171169, -0.38457344014720407, 0.2370194538136135, -0.25363962133817375, -0.4058343243183595, 0.42764308158442893, -0.08467953901234923], [-0.4096205343498298, -0.012606807768259037, 0.17183270963005604, -0.5213595439346919, -0.7057057286164188, -0.07711954296152408, 0.6093729428214522, -0.6468796874259981, -0.2975088618801126, 0.08241551346152895, 0.5973724973273309, 0.3014459406686286, -0.02826066885810341], [-0.3305168710508889, 0.06942719498798516, -0.7028688561338614, -0.6121796495332636, 0.02009762110970084, -0.06957402152023642, -0.15669407200873686, 0.3165415172638998, 0.5442975593044347, 0.6187674737020787, 0.1914416616747765, 0.3472434053288382, -0.05927946908084741]], "inverted": true, "swapped": true, "error_lsq": 0.04815878022423946, "error_max": 0.35931692077970845, "target": "1151.xyz", "model": "9.xyz", "model_rescale": 3.877068213659057, "target_rescale": 3.962452162089852},
{"mapping": [7, 1, 5, 8, 0, 11, 12, 9, 2, 10, 4, 13, 14, 6, 15], "R": [[0.8533550196126963, 0.5184981484092777, -0.054266754076181534], [-0.4791963111317493, 0.8211214283204246, 0.31004918214817], [0.20531952147698446, -0.23857759754255206, 0.9491704926151496]], "T": [-0.05863134958773312, -0.00118795079863767, -0.01060048020988548], "aligned_model": [[-0.7879447589373887, -0.3871488400983014, 0.03281052095764047, -0.2962077804113825, 0.25608473524579306, 0.42803495226479205, 0.5937714502220871, -0.18828368546691118, -0.609630668591051, 0.43672212986711795, -0.5979413075793689, -0.22380234412737718, -0.030189691423225695, 0.389507494288394, -0.018784737831001562], [-0.0524401828025912, -0.4901501530692915, -0.7140711004939271, 0.3802878092143207, -0.1927230263819874, 0.31008179661289104, -0.3187432071640519, 0.6426212188304311, 0.31535927884415815, 0.48991160041809234, -0.39302569826311157, 0.07757994918674138, 0.6162804887413083, -0.10928532077969472, -0.023733324335577663], [-0.37359046502241805, -0.6477023820927044, -0.31789747244088035, -0.6377819689734882, -0.7163158168734208, -0.4698632930428576, -0.18871410031944807, -0.07651958823066045, 0.18058780346057335, 0.11846129045275748, 0.10644066049712321, 0.7405004826828199, 0.46631182293561174, 0.39902265187300145, -0.08811808663270254]], "inverted": false, "swapped": false, "error_lsq": 0.03447536169785922, "error_max": 0.24585406519802694, "target": "1151.xyz", "model": "10.xyz", "model_rescale": 4.260839863003843, "target_rescale": 3.962452162089852},
{"mapping": [10, 2, 4, 1, 3, 0, 8, 13, 6, 5, 7, 14], "R": [[-0.2769778691740695, 0.11660982284257876, -0.9537742967832668], [0.5028377853216885, -0.8282527372197778, -0.24728842459914216], [-0.8188024313841356, -0.5480871760081315, 0.17077185322780786]], "T": [0.24755042685166825, 0.04737583621781994, 0.02335925222411577], "aligned_model": [[0.2131531709913421, 0.20355299865228693, -0.37678154144020903, -0.37394795198197983, -0.5333774706667214, -0.2957767405988264, 0.31507939756736103, 0.606773926869903, 0.3507675182232363, -0.22017076996821386, -0.04676597896720172, 0.11639209041315299], [0.02515576251219568, -0.5773817081991293, -0.4350346046004693, -0.2884452148574228, 0.31380968904814366, 0.3377334915391691, 0.7103741189720855, -0.03889715664112236, -0.49542519170770827, -0.02598059682108391, 0.6183386826642842, 0.02883123362399139], [-0.7107744395444205, -0.2323912422826862, 0.17878471499603488, -0.4916291825760006, 0.15521125810903585, -0.46590870582282273, -0.3511734887261887, 0.041051565523975785, 0.5064751580396886, 0.6246350398097611, 0.28842375701133305, -0.0265263571422054]], "inverted": true, "swapped": true, "error_lsq": 0.04610141420196062, "error_max": 0.24888418179524263, "target": "1151.xyz", "model": "11.xyz", "model_rescale": 3.890672605050136, "target_rescale": 3.962452162089852},
{"mapping": [13, 9, 6, 11, 2, 0, 7, 10, 8, 3, 4, 5, 1, 14], "R": [[-0.3962436616758573, 0.6965176206322207, -0.5982091312664316], [-0.7311654204776595, 0.1546954165416134, 0.6644294213825457], [0.5553270103996711, 0.7006657778497867, 0.44797252066473564]], "T": [0.1969001546277151, -0.049828416385177064, -0.011570642183139287], "aligned_model": [[0.5218350658654315, 0.1026967934393197, 0.5394554185398801, 0.6676105140252613, 0.5966561112487969, -0.32124310132351036, -0.42818221913431004, 0.30173270165898214, -0.1084513103695382, -0.5862000848581765, -0.00027651123274322065, -0.20908156235353537, 0.016699753266689293, 0.11662426602114642], [-0.13019782383325126, 0.1819131817579642, 0.5689113008151047, -0.6777710618352614, 0.22029845136513246, -0.3239563775179444, -0.1388249362917951, -0.4815151853845598, -0.7503339599474185, 0.17966800371044128, 0.6240626330377183, 0.5690531173423504, 0.10553929706990722, -0.014694120460622635], [-0.16890986811702058, -0.6491904154372939, -0.20779692952813383, -0.10644653421145563, 0.46265791969383174, 0.5130973870528385, -0.3017973740860118, 0.5743353663452891, -0.032880853992824075, 0.16816732985620075, 0.38042365684100826, -0.2060991738888283, 0.8296414536530244, 0.09958847117623669]], "inverted": true, "swapped": true, "error_lsq": 0.047403806147969796, "error_max": 0.3080470156131563, "target": "1151.xyz", "model": "12.xyz", "model_rescale": 4.124412569039231, "target_rescale": 3.962452162089852},
{"mapping": [1, 0, 8, 4, 10, 2, 3, 6, 7, 5, 13, 12, 14], "R": [[-0.08877036002975694, -0.10516524841561836, 0.9904847771197035], [-0.45507545134174243, 0.8888389598899755, 0.053587656860660554], [-0.8860170183276938, -0.4459883114022023, -0.12676067736611182]], "T": [0.27523524527776355, 0.05336190865064033, -0.10512074116104807], "aligned_model": [[-0.218002935212249, -0.026038788054197404, 0.5845963064458777, -0.4510949373114831, 0.45851774049830246, 0.1843091704469913, -0.4384236090569461, 0.11689211899426749, 0.03704497757928196, -0.35577390406733533, 0.5874002146099995, 0.7237407990805133, 0.1641311535567342], [-0.21844714098192192, 0.3828717087380257, 0.6504166237108149, -0.2906872502777604, -0.03960505252295239, -0.5769130876974442, 0.4673610314576394, -0.4451565240880379, 0.6924101006094026, 0.12849715087977148, -0.0933222960196527, 0.6366747165853095, 0.05338539611528298], [0.5635234385494704, 0.5426078765108698, 0.2585041478690149, -0.07788186049200145, 0.6008494078904434, 0.12324728709339138, 0.0272276492979399, -0.6199940546069467, -0.238397577792331, -0.5315700415210046, -0.2386660377241916, -0.44032899430189726, -0.017423159804917848]], "inverted": false, "swapped": true, "error_lsq": 0.03960871959127897, "error_max": 0.26049844463293426, "target": "1151.xyz", "model": "13.xyz", "model_rescale": 3.9028299243045295, "target_rescale": 3.962452162089852},
{"mapping": [1, 11, 14, 6, 9, 7, 10, 3, 2, 4, 12, 8, 0, 5, 15], "R": [[-0.015128781242328693, -0.5031670323372623, 0.8640567444022609], [-0.5915020082546858, -0.6922250943028917, -0.41346075152065676], [0.8061615807074878, -0.517346456821988, -0.28715178809288244]], "T": [-0.09583870673795766, 0.034098633006103156, -0.03568357555597361], "aligned_model": [[-0.6585861479612309, -0.4043373004065205, 0.18623006056154803, -0.313311970868567, 0.05340998888167567, 0.5396993637629536, 0.6025270254816234, -0.01257558676875889, -0.6979146772225173, 0.4584931142726215, -0.4186444827227036, -0.35175341670048565, -0.05522658893974566, 0.12080851211235102, -0.051820425102427556], [-0.03048955578564972, -0.487409373328508, -0.7064916885472265, 0.34579625867064323, -0.10091776009087208, 0.26434904672842674, -0.19515473127107946, 0.6419512253658486, 0.39003069756812947, 0.3489795344331855, -0.5275633788219039, 0.03367363569791034, 0.6696381542831291, -0.14211026191154263, 0.033668325567218944], [-0.3540268478393146, -0.4584301963246607, -0.42940154430851313, -0.5833680027516931, -0.784242762871568, -0.6387623960776759, -0.15848748867756715, -0.14646229216111833, 0.19446129346672114, 0.1943805981310039, 0.21842762927586318, 0.6930239378948669, 0.4950297011082168, 0.3934041096221041, -0.14072420021335827]], "inverted": false, "swapped": false, "error_lsq": 0.043325249927789286, "error_max": 0.2969969082102885, "target": "1151.xyz", "model": "14.xyz", "model_rescale": 3.942246331269136, "target_rescale": 3.962452162089852},
{"mapping": [13, 11, 10, 8, 6, 7, 9, 0, 12, 2, 4, 3, 1, 5, 14], "R": [[-0.19477953676559875, -0.6456507473082221, 0.7383739192019945], [0.9202498050228235, 0.14020271031712384, 0.3653539330227451], [-0.33941306458773013, 0.7506519250092332, 0.5668513553543808]], "T": [-0.08684630211790584, -0.04053247824004764, -0.09454477569612503], "aligned_model": [[-0.8945604621670691, -0.4292849290031929, 0.0827973068513696, -0.23029173537706332, 0.11279127319621676, 0.5125720360953858, 0.6617413057863815, 0.07866841248998765, -0.7132287128575379, 0.49051798651292616, -0.4012533660609396, -0.2999447495586305, -0.1823102267744569, 0.28689599274084127, -0.07811266349440239], [-0.09419141586763966, -0.36689838916273015, -0.7322403764201223, 0.36072931541380565, -0.14589999361469022, 0.3255593143360569, -0.30417989107158766, 0.668389400994217, 0.3774177909219924, 0.44073228107982126, -0.5022148754166436, -0.10201749435068991, 0.46683977577564534, 0.09125352616800403, 0.05467115977227043], [-0.16970061761190147, -0.6333695186887581, -0.13651792871499097, -0.7404962498167255, -0.6062399140010473, -0.5820424304095295, -0.22970742265057947, -0.19823725979928364, 0.2233214008406902, 0.03843126834974246, 0.0833921209908685, 0.5890900500645829, 0.5300362604591702, 0.4011655270664792, -0.07430374780541082]], "inverted": true, "swapped": false, "error_lsq": 0.045576427478650636, "error_max": 0.3052298037770493, "target": "1151.xyz", "model": "15.xyz", "model_rescale": 4.355366556412066, "target_rescale": 3.962452162089852},
{"mapping": [3, 4, 1, 8, 0, 7, 10, 12, 2, 9, 13, 14], "R": [[-0.8076109463694516, 0.5882341741115275, 0.04177458212319779], [-0.005319094661406343, 0.0635694760849232, -0.997963240276049], [-0.5896916707366839, -0.8061882398780185, -0.048210531485981645]], "T": [0.11578380639579552, 0.1347892889452873, 0.014079291707777677], "aligned_model": [[-0.2764916069722555, 0.4478774357839719, 0.0841635860721157, -0.5958669499737489, -0.4530399425267351, -0.38274180253514256, -0.12683392574583008, -0.277707398071357, 0.5807386444572569, 0.22499221288150084, 0.29054728833306837, 0.08217101292893614], [-0.5909414325152711, -0.5886057125310769, -0.4231245478481588, 0.40184975158344793, -0.2333043346977281, -0.09190421787108499, 0.24498407455788795, 0.6122137091730924, 0.024287944082327928, 0.1822366125829739, 0.45982942522814946, 0.015255155996421105], [0.1469523533404562, -0.10029206693751522, -0.6582163379054936, -0.06736743394108123, -0.3857228350499243, 0.44182007964109105, -0.671211103343949, 0.5346618803941576, -0.46474481982092036, 0.6885862911127368, 0.03865988158005271, -0.053867427860189776]], "inverted": true, "swapped": true, "error_lsq": 0.0499426388148533, "error_max": 0.3479751925487314, "target": "1151.xyz", "model": "16.xyz", "model_rescale": 3.795458400668931, "target_rescale": 3.962452162089852},
{"mapping": [13, 11, 8, 6, 7, 10, 2, 9, 4, 1, 0, 3, 14], "R": [[0.15599305293885168, -0.9372265139847535, -0.3118856022948213], [0.9874651353784316, 0.14027847436571494, 0.07235023180117495], [-0.02405771907045437, -0.3192622920321382, 0.9473609739901223]], "T": [-0.018001057648421602, -0.04426773382376961, -0.12416058012539437], "aligned_model": [[-0.040428947540831976, 0.09357759245974948, 0.4849829016911031, -0.348103902217397, 0.5595540573714678, -0.287934109445998, -0.6916307713065168, 0.37625229419337514, -0.5063250239084471, -0.5923605778441486, 0.011018262754887896, 0.16092229899898425, -0.07089227430200545], [-0.2081467716147899, 0.14230807710428467, 0.5010087097742211, -0.6964678149090693, 0.027254997259531497, 0.5998460936042153, -0.033078129777172935, -0.596669136720147, -0.1511896750782285, 0.48633566838124576, 0.6653471785485437, 0.19189007918157605, 0.03534198971627557], [-0.4549750612772228, -0.884174602972186, -0.3087747604286327, -0.058169152197085586, 0.2555689269019463, -0.35412297952847804, -0.18551104933894402, -0.03167057280876161, 0.505739981053929, 0.2667617553135061, 0.21421741686476792, 0.6571436181961924, -0.01975848894273549]], "inverted": true, "swapped": true, "error_lsq": 0.04423037745159052, "error_max": 0.2415653501958322, "target": "1151.xyz", "model": "17.xyz", "model_rescale": 3.7474275329858107, "target_rescale": 3.962452162089852},
{"mapping": [8, 0, 10, 3, 12, 9, 11, 2, 7, 13, 5, 4, 6, 14], "R": [[-0.5619278534470328, -0.3907582472717353, 0.729071381765552], [0.10521155510594342, -0.9079920280158594, -0.40556257930415096], [0.8204679251455226, -0.15119017576803093, 0.551338294115902]], "T": [0.0828343275329988, -0.0013792432829167894, 0.10427987676980377], "aligned_model": [[0.5138200579130716, 0.19606531056288223, 0.6460217483434727, -0.4424709476171562, 0.22254474455628637, -0.32167711237761565, 0.8110630931100102, 0.17440381654497478, -0.22167653541105525, 0.26694400709450516, -0.6814200954862017, -0.4738876018851772, -0.3182172314710863, 0.04333439400596542], [-0.49037175146736117, 0.04003604714228448, 0.27865548720977623, -0.09106083834597402, -0.7760092795198104, -0.41344624085390036, -0.1760347571686921, 0.6627871550817546, -0.5348510679537403, -0.01978653318917313, -0.02299315973367587, 0.5393267344367495, 0.29865008736829407, 0.06550635850470155], [-0.29514381558333486, -0.6731251861581348, -0.27654772075253303, -0.5393286299473973, 0.28922566072036393, 0.4726664961088947, 0.3573805677263156, 0.19463529940682994, -0.22062142683781283, 0.42453347594108015, 0.07074075825425291, -0.10635025754789978, 0.6407756829878924, -0.014046185656861415]], "inverted": false, "swapped": true, "error_lsq": 0.03673547218678137, "error_max": 0.2517908710336959, "target": "1151.xyz", "model": "18.xyz", "model_rescale": 3.922800546911778, "target_rescale": 3.962452162089852},
{"mapping": [12, 7, 9, 13, 11, 4, 10, 8, 5, 6, 3, 0, 1, 2, 14], "R": [[0.6264273152330768, -0.6746096287441078, -0.3905005346163006], [-0.7147801405716828, -0.6969853406980056, 0.057452462927281], [-0.3109311328481032, 0.2431322349212921, -0.918808220994987]], "T": [-0.0818588473076565, 0.12165630474800368, -0.09276945673249579], "aligned_model": [[-0.8346845075664441, -0.3899243016408912, 0.17526992362748448, -0.21497188574237922, 0.19844927159558032, 0.4239326122817436, 0.6829087592209632, -0.18809259094703495, -0.6702491148385559, 0.4434252456906521, -0.4862065164008301, -0.4500690838283432, 0.14819129797977038, 0.27155738332247703, -0.11253902437437587], [0.07551059227154064, -0.4781539058850095, -0.6500584225779228, 0.23886834563166726, -0.20644289667044688, 0.35203989845832395, -0.12012062567889464, 0.7158425864625303, 0.4226794856831865, 0.5599448228434487, -0.34068526004549826, -0.13473635675715886, 0.39812815476971175, -0.33456946652921393, 0.03970317658144616], [-0.3157899558855406, -0.5211786141106889, -0.05983982417095052, -0.7563627081227943, -0.6593573892498664, -0.5564132189548592, -0.17806348454886303, -0.19300771467948397, 0.2889577466474781, -0.004749183716816707, 0.0858152109977399, 0.6123026392439065, 0.5542415715619636, 0.3315935675020413, -0.13332710423995942]], "inverted": false, "swapped": false, "error_lsq": 0.03978494774772687, "error_max": 0.2745487505644729, "target": "1151.xyz", "model": "19.xyz", "model_rescale": 3.9282355846067225, "target_rescale": 3.962452162089852},
{"mapping": [3, 7, 12, 5, 4, 9, 6, 13, 2, 10, 8, 0, 11, 14], "R": [[-0.18232897868694128, -0.06583724468552957, -0.9810308867427133], [-0.35069995656495434, 0.9364849732074283, 0.0023313991552883495], [0.9185671907902633, 0.3444725709964435, -0.1938374675721495]], "T": [0.033591907428403976, -0.022558024129462742, 0.029457235810787], "aligned_model": [[-0.6734602684607754, -0.13236696222242136, 0.5811186410427286, -0.42841791785845557, -0.6736563359014025, 0.2274918854443621, 0.03169485300994684, 0.3676854990113288, -0.14237698165671422, -0.017730537772782794, 0.22919648121428499, -0.4471344739590192, 0.7099262714841462, -0.09944733429054972], [-0.4655162019401784, -0.6863448118529909, -0.60803683822923, -0.18387229252713866, 0.27445151132143875, -0.29847967306200485, 0.4065145758535105, 0.12895250573216244, 0.6213142661734506, 0.15729815331218538, -0.5557844504001814, -0.2996059342428653, 0.05239545795318114, -0.02040418066650357], [-0.0162111755187822, -0.09188799270018133, -0.07639488218520532, -0.5589316535381537, -0.21189846161049447, -0.5667033625094693, -0.5660096460966811, -0.017697844682850752, 0.1395912554811851, 0.7405457973349853, 0.5411310458747526, 0.5871683755640282, 0.4317450020033316, 0.07773669982721795]], "inverted": true, "swapped": true, "error_lsq": 0.045306335538576284, "error_max": 0.25904438269610197, "target": "1151.xyz", "model": "20.xyz", "model_rescale": 4.067790424073018, "target_rescale": 3.962452162089852},
{"mapping": [3, 11, 13, 12, 10, 9, 1, 0, 2, 7, 6, 4, 8, 5, 14], "R": [[0.14531726993349203, 0.9831423651418356, 0.11096837802903417], [0.48044557358960044, 0.02792637355917127, -0.8765798129537288], [-0.8649016949210107, 0.18069645132971382, -0.4682882131760439]], "T": [-0.10420945503739887, 0.01833327172799973, -0.05712549263799293], "aligned_model": [[-0.860175455542943, -0.3703302277960559, 0.16987641646770346, -0.20959187401940796, 0.34251980624069117, 0.410916200665174, 0.7155551232098176, -0.2649221735406107, -0.6928626849197754, 0.39611508304229837, -0.6658256266332334, -0.2884515188277063, 0.2042104695079271, 0.1784487694473576, -0.0684848389214206], [0.19025642866854467, -0.3300270758317517, -0.6075040296768066, 0.24758509808462656, -0.3230589169129929, 0.2428744124451823, -0.012378413553871394, 0.7074572480862019, 0.3180703600319067, 0.5716743935373996, -0.39937866681661377, -0.023339569254331085, 0.2491087353792014, -0.29130282595275614, -0.002087049676229819], [-0.4074151596823814, -0.5323696998973056, -0.20986092496735212, -0.7805562168813989, -0.6530878758523311, -0.5940395774144228, -0.075778372231491, 0.004010395680788266, 0.285463159221747, -0.04475954266078496, 0.18300137985800846, 0.7218422416045934, 0.3633358400016232, 0.3584415127919911, -0.12340562129797669]], "inverted": false, "swapped": false, "error_lsq": 0.05043572089375514, "error_max": 0.4552137742315177, "target": "1151.xyz", "model": "21.xyz", "model_rescale": 4.186013935880536, "target_rescale": 3.962452162089852},
{"mapping": [3, 7, 5, 1, 10, 4, 0, 8, 6, 13, 11, 2, 14], "R": [[0.44952337381082663, -0.5187132144641775, -0.7272312820127944], [0.8626598537236716, 0.04079702750310776, 0.5041364689450315], [-0.23183337372170096, -0.8539743577456828, 0.46581228315885287]], "T": [-0.08399540101461368, 0.1444031334151944, 0.019950009368359032], "aligned_model": [[0.11801464430631235, -0.35621597879010647, 0.3402280569431161, 0.40559113112429207, -0.2006069159585622, 0.6689278327315249, -0.15199099131842547, -0.7501646083011042, 0.41748548141495023, -0.19094314496906017, -0.6367659877529717, 0.4071805268306985, -0.012166010837438235], [-0.4025948003905393, -0.05289999969532799, 0.21656248524731453, -0.5384574870924, -0.34583975145811297, -0.06930576657017481, -0.6384355855540224, -0.2305306104741639, 0.6781069876656427, 0.4363746159595515, 0.3217012226687872, 0.12060367918057167, 0.02367167005896728], [-0.5785527329094652, -0.588200745917555, -0.612904114913933, 0.26131177461751937, 0.5553870726068677, -0.1647184088083071, -0.017934729601069174, 0.013246739929360127, -0.028679434758631533, 0.2202308213698948, 0.5565054205712866, 0.4845421663382767, 0.002645732811101014]], "inverted": false, "swapped": true, "error_lsq": 0.0374980513692282, "error_max": 0.21833878698961628, "target": "1151.xyz", "model": "22.xyz", "model_rescale": 4.166573947596378, "target_rescale": 3.962452162089852},
{"mapping": [6, 1, 4, 5, 0, 7, 8, 13, 12, 10, 2, 11, 14, 9, 15], "R": [[0.5269983691119501, 0.6080166242225313, -0.5937916331697362], [0.012033212084336498, -0.7039565831995338, -0.7101410639985353], [-0.8497811016728243, 0.3670979619108169, -0.37830036426184704]], "T": [-0.061240338163350415, -0.027240499566245947, 0.015247055082491676], "aligned_model": [[-0.7823303655478128, -0.38719788379757925, 0.1293579847459592, -0.22251633718059757, 0.18750467344339117, 0.3317438936245062, 0.673844287090787, -0.05025311607997914, -0.5314000860173727, 0.3744227738854582, -0.5145112316995415, -0.3511446577287808, -0.0491895281487131, 0.27983243060400786, -0.09116536881391596], [0.02563339911134823, -0.2592195656586448, -0.6825028148430232, 0.38075164737073597, -0.28430249034277966, 0.25506233035516856, -0.359662480407618, 0.7666544423116916, 0.24295165597331767, 0.5738601866972323, -0.5180640129184647, -0.2404565205580102, 0.6765755609852994, -0.008016572960803194, -0.031314636557740055], [-0.22211586369837222, -0.5746990883968515, -0.2570709407364956, -0.6908651466107568, -0.7187834721687816, -0.5113060319226888, -0.041545203101781114, -0.27873124531953003, 0.38311573520074227, -0.08383296751339554, -0.0650462510057435, 0.7170930077787714, 0.37646097246101806, 0.5089564567889316, -0.04680842348176029]], "inverted": true, "swapped": false, "error_lsq": 0.042295795699208806, "error_max": 0.24598346905337917, "target": "1151.xyz", "model": "23.xyz", "model_rescale": 4.274766983524099, "target_rescale": 3.962452162089852},
{"mapping": [2, 0, 8, 13, 7, 9, 6, 5, 4, 3, 14], "R": [[-0.10039794263267254, -0.631791563567637, -0.7686089209213534], [-0.8466208783222688, 0.4600451199431588, -0.267566021769048], [0.522640738465685, 0.6238572816127461, -0.5810755120247265]], "T": [-0.15562973818682327, 0.0061439684548383056, -0.15285701326689205], "aligned_model": [[0.36475301150586703, 0.17070712460118784, -0.5301955683031593, -0.35056435069565434, -0.4106279913106077, -0.5633883061165096, -0.010351637793483054, 0.035705660146537366, 0.5469977360092869, 0.16523495564735566, -0.03837592973274555], [-0.3315158260344985, 0.7098334732165955, 0.6085384259493728, -0.2599232843982876, 0.4841008728098062, -0.2064116721824946, -0.6429390191680098, -0.03178240635485888, -0.07334793826144934, 0.5756366654073914, 0.08339724025991617], [-0.4227713245625759, -0.2840837122985349, -0.43785353141035843, -0.32020779461347776, 0.28235902382010836, 0.3547752027389407, 0.15742229807196895, 0.5871627245766066, 0.23010902150770035, 0.36766603798135555, -0.13501151179015597]], "inverted": false, "swapped": true, "error_lsq": 0.04491943177616902, "error_max": 0.2624201262663833, "target": "1151.xyz", "model": "24.xyz", "model_rescale": 3.7841303162186577, "target_rescale": 3.962452162089852},
{"mapping": [3, 5, 2, 13, 12, 14, 9, 11, 6, 10, 4, 1, 7, 8, 15], "R": [[-0.6340452376295187, 0.6882672254006481, -0.35252640054132217], [0.7314532644696805, 0.6817176215631069, 0.015401504698841495], [0.2509238102213, -0.24809133578106712, -0.9356751202070038]], "T": [0.005547453864898355, 0.0811125203140591, 0.021721447724909124], "aligned_model": [[-0.6770464951163786, -0.377413870877095, 0.08993670766121538, -0.13561568966924092, 0.07849473389755585, 0.513957411654556, 0.4836536878731015, -0.27607120754869097, -0.6743564950411118, 0.5858072304605264, -0.5687277420290542, -0.16689934977473586, -0.031029486162041597, 0.2139406684990374, -0.06163263544782743], [0.07128005488119735, -0.517478706929171, -0.6573273182812626, 0.3946780482172785, -0.20206705584943782, 0.2384241664417152, -0.1448546051656362, 0.764127910591972, 0.2736794563806954, 0.5965630871862949, -0.3847899349023439, -0.26827252575601257, 0.606378110236075, -0.33065021373484815, 0.09825965524119365], [-0.4060293103934239, -0.4924457545186651, -0.10625545076164476, -0.68095175077449, -0.6780356018343183, -0.5665568224189804, -0.22826654344878816, -0.18710497624920036, 0.17230380937112016, 0.07524163133335061, 0.12095473076364138, 0.6551475154710125, 0.4032496217860151, 0.3911554778058989, 0.02241496214177841]], "inverted": false, "swapped": false, "error_lsq": 0.03876112778850111, "error_max": 0.2456798231129232, "target": "1151.xyz", "model": "25.xyz", "model_rescale": 4.19342608120988, "target_rescale": 3.962452162089852},
{"mapping": [3, 4, 1, 8, 0, 7, 10, 12, 2, 9, 13, 14], "R": [[-0.8076109463694516, 0.5882341741115275, 0.04177458212319779], [-0.005319094661406343, 0.0635694760849232, -0.997963240276049], [-0.5896916707366839, -0.8061882398780185, -0.048210531485981645]], "T": [0.11578380639579552, 0.1347892889452873, 0.014079291707777677], "aligned_model": [[-0.2764916069722555, 0.4478774357839719, 0.0841635860721157, -0.5958669499737489, -0.4530399425267351, -0.38274180253514256, -0.12683392574583008, -0.277707398071357, 0.5807386444572569, 0.22499221288150084, 0.29054728833306837, 0.08217101292893614], [-0.5909414325152711, -0.5886057125310769, -0.4231245478481588, 0.40184975158344793, -0.2333043346977281, -0.09190421787108499, 0.24498407455788795, 0.6122137091730924, 0.024287944082327928, 0.1822366125829739, 0.45982942522814946, 0.015255155996421105], [0.1469523533404562, -0.10029206693751522, -0.6582163379054936, -0.06736743394108123, -0.3857228350499243, 0.44182007964109105, -0.671211103343949, 0.5346618803941576, -0.46474481982092036, 0.6885862911127368, 0.03865988158005271, -0.053867427860189776]], "inverted": true, "swapped": true, "error_lsq": 0.0499426388148533, "error_max": 0.3479751925487314, "target": "1151.xyz", "model": "26.xyz", "model_rescale": 3.795458400668931, "target_rescale": 3.962452162089852},
