[{"mapping": [2, 1, 12, 0, 4, 9, 5, 3, 6, 8, 11, 13], "R": [[-0.9832402547327872, 0.13086656173357414, -0.1269351980068435], [0.05343821694221089, 0.8725329206520023, 0.48562398967567905], [0.1743070808746482, 0.47070186466437486, -0.8649027668810174]], "T": [-0.06273873536743504, -0.06214640927856332, -0.029026206371278215], "aligned_model": [[0.33122224868305794, -0.33582712400944537, -0.639442436748354, -0.34020230928699646, 0.6035874430150169, -0.40656074898461136, 0.13915166667664142, 0.3210985673060738, 0.6956306997080821, 0.32398467398045405, -0.20309277628820857, -0.07413119376474823], [-0.3031633628129585, -0.5459934337809974, -0.08436161855236107, -0.5218109584282989, 0.418465400216969, 0.22396328912181182, -0.12498669211485455, -0.41608954995948044, 0.00751981742360331, 0.6006938490143461, 0.4803346264894771, 0.09424398107774826], [-0.6438138254436455, 0.12704718114889768, -0.07418296958649406, -0.5832237361234244, -0.5173149930403429, -0.6092596380155632, 0.6973983422620493, -0.05338773421716746, 0.03856596024569463, 0.1181706966913686, 0.38699892492793153, -0.07320900790383374]], "inverted": false, "swapped": false, "error_lsq": 0.038324016400249836, "error_max": 0.22279861936995893, "target": "1152.xyz", "model": "0.xyz", "model_rescale": 3.8414455957264533, "target_rescale": 3.6160852720434704},
{"mapping": [8, 11, 0, 13, 6, 9, 1, 12, 10, 5, 4, 14], "R": [[0.7782322153025042, -0.05660521244526056, -0.6254202339142727], [0.09516382731990497, -0.9737968440449035, 0.20655157345809144], [-0.6207241456840422, -0.22026247172910085, -0.7524533065331052]], "T": [-0.0295107370773375, 0.13099517440812022, -0.11420977795781692], "aligned_model": [[0.3329927781432038, -0.13735685615873822, -0.6980863875350071, -0.37136769546969634, 0.49507849085710615, -0.24358297291171477, -0.08838765806900642, 0.33972532996506105, 0.6352090160325033, 0.4373202827811959, -0.2880601646193938, 0.0019345472714486014], [-0.2959952156429234, -0.6532446402799174, -0.010624057531445047, -0.4332932213206385, 0.5702375688245834, 0.21862688546051134, -0.15632173777634387, -0.5366407959616034, 0.01328795000437552, 0.5352693394442959, 0.47967817697216386, 0.09783509550194541], [-0.6715003715958036, 0.20138890674655066, 0.1275917155593209, -0.4877863123974395, -0.49090519160932267, -0.756084719871226, 0.6997192062392489, -0.09949645982043767, -0.0016310963207120388, 0.1159075472583391, 0.2134937345176964, -0.03690775776074373]], "inverted": false, "swapped": false, "error_lsq": 0.04908017074721264, "error_max": 0.24596996808923044, "target": "1152.xyz", "model": "1.xyz", "model_rescale": 4.316132596720782, "target_rescale": 3.6160852720434704},
{"mapping": [9, 2, 8, 1, 7, 10, 4, 0, 5, 3, 6, 11], "R": [[-0.6922142384024591, -0.09135140667448285, 0.7158871200486127], [-0.2688557485301382, 0.9531950777599468, -0.13833195659900094], [-0.6697432602387295, -0.2882257175076541, -0.6843755556213235]], "T": [0.0443709986651465, -0.03063997642309918, -0.15240061337302366], "aligned_model": [[0.3873926116191767, -0.4197244176484417, -0.7183485403306548, -0.17323997932322438, 0.5274855693427651, -0.33878600819888693, 0.13395340852657245, 0.3436882649761883, 0.6836264926288461, 0.34619865126403526, -0.37851285531076817, 0.021685512741353843], [-0.23043185527827797, -0.5710726265182007, -0.09277325971277767, -0.44559943401776736, 0.5805076295233971, 0.341380414936017, -0.04800241612715478, -0.6254285869754626, -0.08249394958865536, 0.49887132867884115, 0.487293346758022, 0.016564756017023355], [-0.7787957629566913, 0.2872280902086516, -0.19027508702703452, -0.426355672126263, -0.5923551963979116, -0.48710546110202557, 0.613107889955114, 0.09366795721598678, -0.08589151007753223, 0.09159703976117298, 0.32614957394754085, -0.0371826604555375]], "inverted": false, "swapped": false, "error_lsq": 0.04220545494429232, "error_max": 0.30239273817896073, "target": "1152.xyz", "model": "2.xyz", "model_rescale": 3.795458400668931, "target_rescale": 3.6160852720434704},
{"mapping": [7, 3, 6, 8, 0, 1, 5, 9, 4, 10, 2, 11], "R": [[0.46387204413323335, 0.5979269829122086, -0.6536865072625863], [-0.8288428289704098, 0.03238650032759261, -0.55854335504136], [-0.3127975248239403, 0.8008960217793785, 0.5106106841439788]], "T": [0.04492988468055153, 0.058541826297974615, -0.11841774745626411], "aligned_model": [[0.42179644182857884, -0.33177209612421027, -0.5193330753405252, -0.44669093207510185, 0.43801144709805195, -0.2948106147290579, 0.2134980277275199, 0.25798042858191417, 0.6636841823324207, 0.2782865814255272, -0.4175066774174111, 0.15227499697925534], [-0.31078231095791725, -0.5427589914070362, -0.06117543490597407, -0.4822175993844477, 0.5702144390513542, 0.2581438683288619, -0.22173373788099754, -0.7761821376225532, 0.1463059408887717, 0.5226321062217587, 0.6380007679842941, 0.08836843737888952], [-0.6705713278662401, 0.24709965270551093, 0.002294248380861494, -0.39491576390386246, -0.561007813794504, -0.6093395944315853, 0.50355894408698, -0.007062403590745656, 0.02439441116838552, 0.4004036086622944, 0.07678745828827045, -0.1978522187598949]], "inverted": false, "swapped": false, "error_lsq": 0.05780344677851138, "error_max": 0.32322901947954225, "target": "1152.xyz", "model": "3.xyz", "model_rescale": 3.7530521520055578, "target_rescale": 3.6160852720434704},
{"mapping": [6, 2, 1, 3, 7, 5, 8, 9, 4, 0, 11], "R": [[-0.02123430106380461, -0.8905812401899682, -0.45432825036533925], [-0.3854251036896037, 0.42659650771924207, -0.8182071308951085], [0.9224947663288885, 0.15773545645619855, -0.3523108455219123]], "T": [-0.16578811534117768, -0.10928001244003692, -0.09026524773723216], "aligned_model": [[-0.36880616207018113, 0.008888820671255543, 0.2880670468501174, 0.5903518883027101, 0.27231649968059657, -0.23612718751931164, -0.1945891597221762, -0.7474713053399223, -0.4093650342929277, 0.3363982636815196, -0.20146406779647505], [-0.7190932287630523, 0.14950045017801444, -0.35904828483287465, 0.26404957659162887, -0.580229762132062, 0.6454358667040064, -0.4302394190094208, -0.10637406967808896, 0.4053736498083138, 0.19310284538322453, 0.004725734064656331], [-0.20361037371842797, -0.7205668000523369, -0.5607397395990825, -0.3784335868959135, 0.11910101386556154, -0.10114345412330236, 0.5174153054344912, 0.32612732735410943, 0.6922201532843788, 0.35125906452801675, 0.051201867167821796]], "inverted": false, "swapped": true, "error_lsq": 0.05128880135295269, "error_max": 0.36255213598971925, "target": "1152.xyz", "model": "4.xyz", "model_rescale": 3.7855080009869324, "target_rescale": 3.6160852720434704},
{"mapping": [8, 5, 3, 10, 13, 14, 4, 7, 6, 11, 1, 16], "R": [[0.3826111860865326, -0.4827623126545863, -0.7877494714449846], [-0.12421310756496778, 0.8180073964487005, -0.5616360060254977], [0.9155215913295061, 0.31273702824516086, 0.253013373112717]], "T": [-0.05741813691959139, 0.05723049290152558, -0.17358522369170387], "aligned_model": [[0.395674567125047, -0.3735564896131768, -0.7077474747727456, -0.17302690576896537, 0.46885166143453394, -0.36850957756328284, 0.15362073785193328, 0.2639663075135077, 0.5524203586666379, 0.46231752191561304, -0.16448171704201292, -0.09411027946012732], [-0.22516647074189197, -0.5705469528498587, -0.1812315846559787, -0.5853684356889538, 0.4151357089069905, 0.4840488668015154, -0.11491837229149832, -0.5729322900836968, 0.008636125103345917, 0.6057555225951693, 0.48393075428158905, 0.08147247631827222], [-0.6321360174213804, 0.2277316899580421, -0.12235832359344162, -0.4971057077630912, -0.5197233385704157, -0.5963683711709649, 0.514039779790042, 0.0733487304188164, 0.05403873108103627, 0.07426829158508888, 0.4425058537789291, -0.20445211714719003]], "inverted": true, "swapped": false, "error_lsq": 0.04408280682822399, "error_max": 0.2590082421031063, "target": "1152.xyz", "model": "5.xyz", "model_rescale": 4.2253639853439635, "target_rescale": 3.6160852720434704},
{"mapping": [8, 12, 6, 11, 10, 5, 0, 9, 1, 4, 3, 13], "R": [[0.24368412481853025, -0.40984878452991413, 0.8790005808478053], [0.6163382037883127, 0.7652174024989584, 0.18592887205526612], [-0.7488292634923018, 0.4964537246633359, 0.4390767967058582]], "T": [0.03619585439404217, 0.013939204472951819, -0.09563127905289108], "aligned_model": [[0.4202359393229662, -0.48688643682658583, -0.5976198169072569, -0.46790048148829344, 0.40395326156382, -0.17320817674989036, 0.2385861137416676, 0.3831558362447523, 0.7479977449166119, 0.28917023737867215, -0.3453033775783174, 0.003237866668815842], [-0.31806668615364847, -0.7229469709774198, 0.12345719277741093, -0.4201767242180699, 0.44927385191786673, 0.17402832211831823, -0.1848432009499349, -0.4750720702860043, 0.1528482585672895, 0.6006214953846921, 0.39862475375992973, 0.051067125754574116], [-0.6324274949073938, 0.13830769912418373, -0.09441753536613724, -0.4993440896248666, -0.6283138379891801, -0.6711855272370946, 0.6544263104308041, 0.01875041370499199, 0.017276317225564178, 0.20886693652582766, 0.36206385624201015, -0.0602138471832388]], "inverted": true, "swapped": false, "error_lsq": 0.05124032476410004, "error_max": 0.2830395196865757, "target": "1152.xyz", "model": "6.xyz", "model_rescale": 3.89814844738969, "target_rescale": 3.6160852720434704},
{"mapping": [6, 0, 7, 3, 9, 8, 2, 1, 5, 10, 4, 12], "R": [[-0.44836519459218216, 0.8112436109309946, -0.37530315213431886], [0.16039554471864587, 0.4860778304209841, 0.8590702020252117], [0.8793417546737581, 0.32498022477817035, -0.3480602418984484]], "T": [-0.09601195019363223, 0.0481795517970756, -0.09147752190370766], "aligned_model": [[0.2077879737102602, -0.17647391172860502, -0.7476140822552735, -0.44412840130503856, 0.5468515101322287, -0.2186918396992685, 0.18452077081835722, 0.4444688686266525, 0.6705784703618975, 0.3500141766094297, -0.3694702543857201, -0.03242457059795796], [-0.3112169775990138, -0.5203303868276221, -0.031959615511293185, -0.48276958021765964, 0.49142111535884897, 0.2426382756974993, 0.027502309014965795, -0.532912038694543, -0.058323443592982124, 0.535302864778753, 0.31824208448689145, 0.15122074080115905], [-0.5771889505543144, 0.05457969256786828, -0.10781933642353977, -0.5907669092817195, -0.5253085566900504, -0.7277339338357507, 0.5584622357611896, 0.2000866390988344, -0.15125078607983555, 0.22895224452091778, 0.42599960096243766, 0.025777260899433593]], "inverted": false, "swapped": false, "error_lsq": 0.047030400695048984, "error_max": 0.21795989163569052, "target": "1152.xyz", "model": "7.xyz", "model_rescale": 3.7474275329858107, "target_rescale": 3.6160852720434704},
{"mapping": [12, 6, 7, 10, 13, 11, 3, 0, 1, 4, 8, 14], "R": [[0.5348384615907413, 0.35120662390849844, -0.7685061660950053], [0.8435787262272276, -0.2738224431307996, 0.4619482679854192], [-0.048194944341681145, -0.8953631536760236, -0.4427212106723912]], "T": [0.03622134016131318, 0.027708081687407043, -0.09001969519939364], "aligned_model": [[0.269389854970634, -0.3857757434728808, -0.6177119358797796, -0.25129955216768984, 0.45300050923453117, -0.3218369555452797, -0.011439571976485978, 0.20949877793590937, 0.7336446045587466, 0.3275148752260499, -0.07512815961976299, 0.08556200702296987], [-0.02220440698904408, -0.5789409683924522, -0.144906161580006, -0.5502385591063225, 0.6275894366633086, 0.1583147552771688, -0.1726104215932284, -0.575185222934114, -0.23045074189057488, 0.7384604409283699, 0.5175955738897451, 0.06139162342215365], [-0.6590397352463979, 0.25759142349387304, -0.1703516653694303, -0.48823166960227377, -0.6139942297633201, -0.5811572617521615, 0.5968103213856499, 0.11174212088029585, 0.018408309190214092, 0.05899374751105478, 0.37130649063740967, -0.0882886504194431]], "inverted": false, "swapped": false, "error_lsq": 0.05173830768594976, "error_max": 0.2726888131375994, "target": "1152.xyz", "model": "8.xyz", "model_rescale": 4.019505241142653, "target_rescale": 3.6160852720434704},
{"mapping": [5, 7, 0, 4, 6, 2, 9, 8, 11, 10, 1, 12], "R": [[0.5459486745076918, 0.6404023182977988, 0.5402082149709495], [-0.42739991116158926, 0.7674535454053357, -0.4778539228507456], [-0.7206034698378578, 0.02999877270132084, 0.6926981398084265]], "T": [0.03297763238408009, 0.04825568783965455, -0.1509950928416888], "aligned_model": [[0.32086256133330016, -0.4549535609919846, -0.5908167251005304, -0.31870964322007445, 0.4794928495061868, -0.25940911078210044, 0.27154228748432446, 0.2202203774269545, 0.617823635276056, 0.365000153091315, -0.29445789161344493, 0.05882377787696021], [-0.2003820909375399, -0.6043328590987224, -0.13430444148542797, -0.645007446535942, 0.5308046348762451, 0.3705000614255101, -0.08278734029176138, -0.5310033314690668, -0.15441117312924799, 0.7997291804853628, 0.4529188444579968, 0.027091309397597747], [-0.7040106819443858, 0.24351134438229807, -0.16508327307410578, -0.4396072165249676, -0.46056336085243466, -0.5517951905582336, 0.4761051316404057, 0.14147041685887338, -0.08672363448512108, 0.2530202457432008, 0.27951508063938224, -0.17204966087944099]], "inverted": false, "swapped": false, "error_lsq": 0.044574412842353715, "error_max": 0.2569900551547107, "target": "1152.xyz", "model": "9.xyz", "model_rescale": 3.877068213659057, "target_rescale": 3.6160852720434704},
{"mapping": [6, 2, 4, 13, 12, 3, 8, 9, 11, 0, 1, 15], "R": [[0.3740553630800277, 0.9087465265047046, -0.18510088037797878], [0.4939777779495974, -0.3641503990444739, -0.7895444520530359], [-0.7849003377773811, 0.20389761509489163, -0.5851129996125266]], "T": [0.021414016819660694, -0.08456412845712834, -0.15034042276230336], "aligned_model": [[0.19571915229006653, -0.31868205731747024, -0.6468784851116186, -0.30777833389952364, 0.4380352131686574, -0.324934498366299, 0.22363344258767903, 0.2665030260500191, 0.7145538174298042, 0.39851755965087265, -0.28956262235758123, 0.06629249616235597], [-0.10654077090012869, -0.5907545210930014, 0.006981323399614034, -0.6130117938879953, 0.44302078868769423, 0.2073147991818059, -0.09586552978575873, -0.5858118849591959, 0.06429261657512454, 0.5476449959741257, 0.5640356728689301, -0.01249034836621106], [-0.7414743518007436, 0.11131068980776915, -0.09470552497551236, -0.6086132204410606, -0.4763406523136817, -0.5948747188037357, 0.5941745320761873, 0.20226043948249928, 0.05473069302984648, 0.15276117176303955, 0.3349619961573425, -0.1204018530364799]], "inverted": false, "swapped": false, "error_lsq": 0.04038760283846553, "error_max": 0.19868796569162883, "target": "1152.xyz", "model": "10.xyz", "model_rescale": 4.260839863003843, "target_rescale": 3.6160852720434704},
{"mapping": [1, 9, 4, 2, 0, 3, 10, 8, 7, 6, 5, 11], "R": [[0.9920535908663248, -0.07895633246890013, -0.0979569824580741], [-0.03795072445843646, 0.5545204895398514, -0.8313042578945231], [0.11995588923563011, 0.8284159125967732, 0.5471175928391858]], "T": [0.03520544679027211, -0.05591027335740615, -0.08832949603429856], "aligned_model": [[0.30600707722788023, -0.31016216870954433, -0.6524253009673897, -0.339347820637916, 0.5588708973089331, -0.25833443154999314, 0.10904314527654453, 0.2722570764889431, 0.6849446526184935, 0.2988911508398578, -0.34088466962906583, 0.08655910202021891], [-0.19915408010846003, -0.622714994150439, -0.10601170240638286, -0.4277994756678227, 0.5753874514924191, 0.27333719288102587, -0.049166520612798616, -0.7310746842847545, -0.0026479860788286777, 0.6765408219436007, 0.4927575843599945, -0.05063825967254988], [-0.7436220504869578, 0.3534700963239497, 0.15815916526011176, -0.5262397576236332, -0.40021400669096807, -0.6444441579632226, 0.5344355544649814, -0.02855533662511804, -0.02044928945084866, 0.22350471813479728, 0.030543160566725, -0.12279889496434569]], "inverted": false, "swapped": false, "error_lsq": 0.05170505081544255, "error_max": 0.2588196100871926, "target": "1152.xyz", "model": "11.xyz", "model_rescale": 3.890672605050136, "target_rescale": 3.6160852720434704},
{"mapping": [9, 8, 7, 5, 10, 12, 0, 6, 11, 2, 4, 13], "R": [[-0.37701434481955576, 0.7232495827253206, -0.5785933156267288], [0.6836799738997906, 0.6387507151827077, 0.35295781212768434], [0.6248534844974968, -0.26250250463801245, -0.7352894382283125]], "T": [0.11602342501335322, -0.11015673344783351, 0.019867354991122743], "aligned_model": [[0.34318410002020705, -0.3311378894273032, -0.6964496527235506, -0.3157081808695391, 0.27140874294426365, -0.22243686545475322, 0.0009689658117749966, 0.4249586880105827, 0.6100753954194125, 0.4455678857688077, -0.09682767524799113, -0.018184803964949092], [-0.4027542674845277, -0.6195997617715018, -0.0040986100125897235, -0.4271051284745313, 0.641710639126357, 0.23818506316047233, -0.09396727803849943, -0.5866447075443745, 0.07594300909391892, 0.5104506194777318, 0.5114780609344901, -0.014782290771941417], [-0.6646800333082394, 0.264214660272453, -0.21593625541914901, -0.5441572164655106, -0.4384898872037134, -0.54514129207281, 0.5988275545718862, 0.11772724340187188, -0.13518650745362937, 0.12854621929696547, 0.26342768705675906, -0.015362971731412989]], "inverted": false, "swapped": false, "error_lsq": 0.05334743060713246, "error_max": 0.3076641045103701, "target": "1152.xyz", "model": "12.xyz", "model_rescale": 4.124412569039231, "target_rescale": 3.6160852720434704},
{"mapping": [4, 8, 6, 1, 5, 0, 11, 2, 10, 7, 9, 12], "R": [[0.9214175509744897, -0.38708064270231013, -0.03403340713681671], [-0.3572239268523013, -0.809356888256856, -0.46618933226254855], [0.15290769385611544, 0.44171258016536696, -0.8840301090365978]], "T": [-0.0733760654570618, 0.14972182313881496, -0.18396089809930963], "aligned_model": [[0.44261580077256757, -0.2750489110588247, -0.6996314122365943, -0.41984256586943336, 0.452102030301343, -0.14212878680418123, 0.27886415070416426, 0.26836884473814215, 0.5679722682955125, 0.23546331984896826, -0.3191062815181003, 0.02579025311339818], [-0.22482061818126178, -0.3460105528479547, -0.036950963575418744, -0.5300599356295072, 0.5479761719704694, 0.2498208749592, -0.3473155109666052, -0.6304886784938564, 0.03173383608314803, 0.6381663557539781, 0.38628593086417284, 0.09047843775864013], [-0.6441202285321369, 0.29402821855905326, -0.04053730828762897, -0.4680771127836948, -0.5568041943874529, -0.7514295197217308, 0.6030801300310951, -0.05404745327280941, 0.16152545763830758, 0.05918072145232642, 0.35668256653435526, -0.14569207628421318]], "inverted": false, "swapped": false, "error_lsq": 0.05273118796367854, "error_max": 0.28998754929148157, "target": "1152.xyz", "model": "13.xyz", "model_rescale": 3.9028299243045295, "target_rescale": 3.6160852720434704},
{"mapping": [5, 14, 11, 12, 0, 2, 7, 10, 4, 3, 6, 15], "R": [[-0.10359780285093706, 0.9394256975545803, -0.3267213706180677], [0.5963590813927342, 0.32156200321497364, 0.7354955636363739], [0.7960046113464875, -0.11864753205382614, -0.5935481630437952]], "T": [-0.018221238798271214, 0.0064530895144508365, -0.19034013028570335], "aligned_model": [[0.26913995008187347, -0.3291729652491928, -0.6884833290533794, -0.39550415186854837, 0.5533307542119295, -0.20079185927787757, 0.2782388959986407, 0.34546260356647895, 0.6518037450670704, 0.2677353334559096, -0.30111973235704237, -0.03522053428889967], [-0.29346893651235867, -0.735292052387224, -0.2651968010244113, -0.36371583779846667, 0.4917279209302597, 0.5754995916995262, -0.024142617529848198, -0.5070099066516127, 0.0020367175137969134, 0.5137640294012563, 0.43815275366609835, -0.0035395136120120966], [-0.48962621262919664, 0.17867724202271285, -0.039304519666871096, -0.6429689602535873, -0.5439685603152395, -0.6204608301414609, 0.6651148638687681, 0.2089622819533848, -0.08830929897815704, 0.032266909796043325, 0.2315746769476641, -0.07816839165858892]], "inverted": true, "swapped": false, "error_lsq": 0.0446658912344059, "error_max": 0.22001346599874344, "target": "1152.xyz", "model": "14.xyz", "model_rescale": 3.942246331269136, "target_rescale": 3.6160852720434704},
{"mapping": [0, 6, 11, 8, 1, 12, 10, 9, 5, 3, 4, 14], "R": [[-0.1392152343159973, 0.05706966423443169, 0.9886162915704513], [-0.20965704802290114, 0.9740076373424533, -0.08574989570194959], [-0.9678135361466409, -0.21920806514072771, -0.12363164412315147]], "T": [0.013130292459166092, -0.036978954898399315, -0.0717798434812926], "aligned_model": [[0.23579864879226498, -0.20133782482934842, -0.6626880988787734, -0.41363155776072175, 0.47297594146286703, -0.130484485891725, -0.05874835526000985, 0.40080842492569396, 0.6365392972398872, 0.2895229554563611, -0.20887541221919032, 0.0555391772496565], [-0.28511658747967583, -0.5434322005870981, -0.19141651965901052, -0.4655892800751229, 0.4514436456282523, 0.5739299332373236, -0.11844285856474115, -0.6033168953800582, 0.08164007040788271, 0.6224660400348434, 0.3424121184494094, -0.03576211831700081], [-0.7271911656699875, 0.029698853477839807, 0.11133095679209878, -0.5544893199126062, -0.5263420264307398, -0.5954604560675787, 0.6333425632288229, 0.3490874858644527, -0.06339546617509434, 0.0009341510415028786, 0.3160859290185103, -0.15981230422175013]], "inverted": true, "swapped": false, "error_lsq": 0.05055726224913101, "error_max": 0.25539846630331536, "target": "1152.xyz", "model": "15.xyz", "model_rescale": 4.355366556412066, "target_rescale": 3.6160852720434704},
{"mapping": [9, 2, 8, 1, 7, 10, 4, 0, 5, 3, 6, 11], "R": [[-0.6922142384024591, -0.09135140667448285, 0.7158871200486127], [-0.2688557485301382, 0.9531950777599468, -0.13833195659900094], [-0.6697432602387295, -0.2882257175076541, -0.6843755556213235]], "T": [0.0443709986651465, -0.03063997642309918, -0.15240061337302366], "aligned_model": [[0.3873926116191767, -0.4197244176484417, -0.7183485403306548, -0.17323997932322438, 0.5274855693427651, -0.33878600819888693, 0.13395340852657245, 0.3436882649761883, 0.6836264926288461, 0.34619865126403526, -0.37851285531076817, 0.021685512741353843], [-0.23043185527827797, -0.5710726265182007, -0.09277325971277767, -0.44559943401776736, 0.5805076295233971, 0.341380414936017, -0.04800241612715478, -0.6254285869754626, -0.08249394958865536, 0.49887132867884115, 0.487293346758022, 0.016564756017023355], [-0.7787957629566913, 0.2872280902086516, -0.19027508702703452, -0.426355672126263, -0.5923551963979116, -0.48710546110202557, 0.613107889955114, 0.09366795721598678, -0.08589151007753223, 0.09159703976117298, 0.32614957394754085, -0.0371826604555375]], "inverted": false, "swapped": false, "error_lsq": 0.04220545494429232, "error_max": 0.30239273817896073, "target": "1152.xyz", "model": "16.xyz", "model_rescale": 3.795458400668931, "target_rescale": 3.6160852720434704},
{"mapping": [6, 0, 7, 3, 9, 8, 2, 1, 5, 10, 4, 12], "R": [[-0.44836519459218216, 0.8112436109309946, -0.37530315213431886], [0.16039554471864587, 0.4860778304209841, 0.8590702020252117], [0.8793417546737581, 0.32498022477817035, -0.3480602418984484]], "T": [-0.09601195019363223, 0.0481795517970756, -0.09147752190370766], "aligned_model": [[0.2077879737102602, -0.17647391172860502, -0.7476140822552735, -0.44412840130503856, 0.5468515101322287, -0.2186918396992685, 0.18452077081835722, 0.4444688686266525, 0.6705784703618975, 0.3500141766094297, -0.3694702543857201, -0.03242457059795796], [-0.3112169775990138, -0.5203303868276221, -0.031959615511293185, -0.48276958021765964, 0.49142111535884897, 0.2426382756974993, 0.027502309014965795, -0.532912038694543, -0.058323443592982124, 0.535302864778753, 0.31824208448689145, 0.15122074080115905], [-0.5771889505543144, 0.05457969256786828, -0.10781933642353977, -0.5907669092817195, -0.5253085566900504, -0.7277339338357507, 0.5584622357611896, 0.2000866390988344, -0.15125078607983555, 0.22895224452091778, 0.42599960096243766, 0.025777260899433593]], "inverted": false, "swapped": false, "error_lsq": 0.047030400695048984, "error_max": 0.21795989163569052, "target": "1152.xyz", "model": "17.xyz", "model_rescale": 3.7474275329858107, "target_rescale": 3.6160852720434704},
{"mapping": [9, 0, 8, 4, 12, 5, 1, 2, 7, 11, 3, 13], "R": [[-0.3186295367974787, -0.9064273879491082, -0.27724467290821186], [0.9475819422992505, -0.31192599335166754, -0.06921442985357412], [-0.0237419651377902, -0.2847658073704297, 0.9583030596027873]], "T": [0.04531192253354478, 0.026291292572232366, -0.09762048427039549], "aligned_model": [[0.3335456832321704, -0.3550123091696602, -0.6732312082487132, -0.4526131335436982, 0.43058014324595373, -0.21652647793683205, 0.1737545870876882, 0.3598808314320524, 0.784486434093051, 0.2970283951346756, -0.3139056202543036, 0.04743138521457792], [-0.23459545943303603, -0.6318704846574521, 0.049612599145746714, -0.4179142171839547, 0.4237703051000039, 0.2702001489612047, -0.0653074609034654, -0.574186250901172, 0.14713355558786229, 0.605456208330194, 0.33302023711832407, -0.07650383346925113], [-0.6422153499069934, 0.22750406922560085, -0.09510312771337615, -0.5915617010698504, -0.6004283561484537, -0.7262452200901307, 0.5759005377427312, 0.11286905263875951, -0.01738663252237166, 0.2530124856317113, 0.38968772707057414, -0.07224428391273037]], "inverted": true, "swapped": false, "error_lsq": 0.04356061296087421, "error_max": 0.2063491840346949, "target": "1152.xyz", "model": "18.xyz", "model_rescale": 3.922800546911778, "target_rescale": 3.6160852720434704},
{"mapping": [2, 12, 5, 0, 10, 1, 13, 7, 11, 4, 8, 14], "R": [[-0.9631052047790736, 0.0999743903391676, -0.24986693619559], [0.048590324060592736, 0.9777789641713355, 0.20392958988758214], [0.26470237047511663, 0.18426453402742105, -0.9465617975412446]], "T": [-0.0018523213430337304, 0.022403025884363992, -0.11752733272155491], "aligned_model": [[0.24163145337314781, -0.2820646579580376, -0.7322667084818364, -0.4480975720782404, 0.6298221130372739, -0.39510383347606604, 0.21820623982071577, 0.4211361573483361, 0.6706296918075932, 0.4053782628677097, -0.3663872906120642, 0.05253485463843019], [-0.0634654127122314, -0.5358603624915685, -0.19603795798978454, -0.44407515921791846, 0.39715370510330705, 0.3574374634745587, 0.0340189319803996, -0.6034313929854518, 0.009911418014388232, 0.5595670373300585, 0.3692480341347099, -0.05565095694546321], [-0.7857123561175667, 0.360423585442953, -0.08130469048694391, -0.6482870850547848, -0.450918971246827, -0.6477048480591552, 0.5330516764727887, 0.14251698294578719, 0.11668520855347514, 0.14607315131273446, 0.23061552653806494, -0.10164897935505474]], "inverted": true, "swapped": false, "error_lsq": 0.044298169749786794, "error_max": 0.2442363833820397, "target": "1152.xyz", "model": "19.xyz", "model_rescale": 3.9282355846067225, "target_rescale": 3.6160852720434704},
{"mapping": [7, 8, 11, 9, 2, 10, 3, 6, 5, 1, 0, 13], "R": [[0.5518250245057272, -0.0899141145994611, -0.8290986638060928], [-0.08836120018993408, -0.9948785201620479, 0.049081854296347205], [-0.8292656031876927, 0.046175557559908695, -0.5569437828486674]], "T": [0.02627106104564035, -0.15879370074509683, -0.13031783480861953], "aligned_model": [[0.3915264177155321, -0.33099549983425947, -0.6570639766255448, -0.4914718311740365, 0.47241750740973687, -0.28184326944324767, 0.23472054240752704, 0.47577032795522817, 0.6796495029984103, 0.24055972920024032, -0.33611252363837674, 0.018261783315752286], [-0.32009048315063793, -0.8081198215214871, 0.040238207605777676, -0.44548565342688085, 0.4306281434088918, 0.47913192641932256, 0.07582408930483897, -0.5545241342190869, 0.0026547666265140657, 0.5220008478839055, 0.4060568832636776, 0.0005005755001690482], [-0.6085119886720813, 0.04102326499734968, -0.047839370497725076, -0.4883329840150385, -0.49398175711969655, -0.6205736889763505, 0.5536839016318675, 0.13081792897584404, 0.0560183029191991, 0.09793629015777214, 0.3053643239876144, -0.11181502244328417]], "inverted": false, "swapped": false, "error_lsq": 0.04437703977571875, "error_max": 0.25529079003405925, "target": "1152.xyz", "model": "20.xyz", "model_rescale": 4.067790424073018, "target_rescale": 3.6160852720434704},
{"mapping": [11, 9, 1, 10, 6, 5, 0, 12, 3, 2, 8, 14], "R": [[0.10557547634605341, -0.9934914984474628, -0.04276051106943281], [-0.9098094961331631, -0.07914767441317955, -0.4074092860759376], [0.4013732670971296, 0.08191634847574986, -0.912244053042921]], "T": [0.0034034027334515493, 0.09099302118914936, -0.11984789182723188], "aligned_model": [[0.3586479792197925, -0.34604477860446425, -0.7857880219292878, -0.2993712756050022, 0.4605255878188629, -0.39263478057495405, 0.18500763969450346, 0.30052183822573975, 0.8320278675081064, 0.5043272184989501, -0.3860777232382193, -0.015722840727065604], [-0.2702898649823919, -0.5761930606047203, -0.1336841502458062, -0.5691035642957277, 0.5000046408762595, 0.4446488827380017, 0.1342651403708759, -0.597891722720821, -0.06765211946861817, 0.5466424339506818, 0.39836823525159676, 0.019700496825673278], [-0.5214798390323183, 0.07198172082174686, -0.12131933791943272, -0.49917204547674665, -0.5337388262037137, -0.377815738296133, 0.5654297558020158, 0.03562658130709606, -0.010494188765042295, 0.18866608676682706, 0.16120873417001713, -0.14510370222884522]], "inverted": false, "swapped": false, "error_lsq": 0.04418017919378039, "error_max": 0.24580964229854804, "target": "1152.xyz", "model": "21.xyz", "model_rescale": 4.186013935880536, "target_rescale": 3.6160852720434704},
{"mapping": [11, 9, 2, 8, 3, 5, 7, 10, 4, 6, 0, 12], "R": [[0.25621279399944796, 0.45671439616659476, -0.8519195763246551], [-0.31364492401819183, 0.8729326375090753, 0.37365153821317626], [0.9143204393584449, 0.17146594619816719, 0.3669026621131933]], "T": [-0.02424571349850039, -0.04700080262738226, -0.047862891888367634], "aligned_model": [[0.23275156703258879, -0.16454819724058736, -0.720339559567243, -0.4330946199248966, 0.4407268185746073, -0.3075755425944085, 0.27177350603943645, 0.4831638272231205, 0.701358639412249, 0.26615988333993945, -0.3660082220231516, 0.01105061001530764], [-0.28774737155779634, -0.6385028824225708, 0.05563101692930595, -0.5113854692776654, 0.574992452097109, 0.4701288982533395, -0.05694703708613234, -0.6101799860363496, -0.05815145595958018, 0.4050252195452972, 0.5147266410173327, -0.028774677807285678], [-0.5722286669535578, 0.07819766059376361, -0.28157055103693013, -0.5004748490853265, -0.5471259390201831, -0.5487020442380569, 0.6234026546467542, 0.30094106164047124, -0.016396485425222526, 0.09770466500824525, 0.2512175451677579, -0.07117585035224461]], "inverted": true, "swapped": false, "error_lsq": 0.048053871534096154, "error_max": 0.2941360275900512, "target": "1152.xyz", "model": "22.xyz", "model_rescale": 4.166573947596378, "target_rescale": 3.6160852720434704},
{"mapping": [7, 13, 14, 10, 4, 9, 6, 5, 1, 2, 12, 15], "R": [[0.5889389060587255, 0.08601616977433246, 0.8035870727355594], [-0.6411086651605152, 0.6551268229889203, 0.39973556916610065], [-0.49206772337398275, -0.7506064643591857, 0.4409753862470655]], "T": [0.01222733756945751, 0.17090928177048234, -0.19608713967425903], "aligned_model": [[0.19800833213711544, -0.2573074064239283, -0.707600260911017, -0.33623755196234184, 0.6098424088057417, -0.4204047373882901, 0.24524346800005667, 0.3218015129754249, 0.6502950316478147, 0.43251734017879534, -0.3868978402536778, 0.06615841348126841], [-0.44499057546202747, -0.6150549622212836, -0.13199222554009551, -0.4214687136563924, 0.4577806000989604, 0.4091542725713978, 0.10815830932755849, -0.5554136128418256, 0.029123346409422796, 0.56965269217616, 0.28394447829813496, 0.13992173853499418], [-0.5084049834946878, -0.03353140202524196, -0.06929333637512755, -0.49374762479397905, -0.5129697468276431, -0.5374344384157602, 0.5256284763293587, 0.0640683213198536, 0.08828133110697736, 0.1462127954028364, 0.31116377654258, -0.1661839678236957]], "inverted": true, "swapped": false, "error_lsq": 0.0442435072986029, "error_max": 0.25594770502426223, "target": "1152.xyz", "model": "23.xyz", "model_rescale": 4.274766983524099, "target_rescale": 3.6160852720434704},
{"mapping": [7, 0, 3, 1, 5, 10, 6, 9, 8, 4, 11], "R": [[0.9897876549133999, -0.14178665303864915, -0.014728991857245216], [0.009668996359756377, 0.16986434310939744, -0.9854200198135861], [0.1422213369731423, 0.9752141559473546, 0.16950056445174824]], "T": [-0.15721930237046344, -0.017402068000117246, 0.03985228350149995], "aligned_model": [[0.28186831436936843, 0.16455834527133295, -0.4912444233905768, -0.42052773666417087, -0.49930927637533834, -0.5193468808446678, -0.01931931761834982, 0.14945915969265078, 0.5219644431294366, 0.29527876869444625, -0.08348669230605597], [-0.21955053171767347, 0.5649994947321274, 0.4229151593867561, -0.28165033158541686, 0.6179842792346397, -0.2190696646992586, -0.6545341003053917, -0.027734544264301858, -0.07410446781076695, 0.6603786059043542, 0.12595263236841597], [-0.4333301500040709, -0.2697245817642095, -0.6592268512496663, -0.5522258103817365, 0.27206041883323595, 0.43944677744975374, 0.07118870479511985, 0.6860628648621764, 0.13266593136828353, 0.5617146830741794, 0.1309344470385112]], "inverted": false, "swapped": true, "error_lsq": 0.05277895165071704, "error_max": 0.26163960735677544, "target": "1152.xyz", "model": "24.xyz", "model_rescale": 3.7841303162186577, "target_rescale": 3.6160852720434704},
{"mapping": [6, 0, 8, 1, 3, 4, 10, 7, 11, 13, 9, 15], "R": [[-0.7957390020890008, -0.3511974882607478, -0.49341642128504765], [0.5177236178720741, 0.028296251542073714, -0.8550798662383058], [0.3142637364569006, -0.9358737342120519, 0.15930680324499047]], "T": [-0.04928251788541738, 0.07805315385397028, -0.025449611904048958], "aligned_model": [[0.3547479847565637, -0.25588845136001215, -0.6106602681497121, -0.4847791975888339, 0.39003835423372707, -0.21937094302351948, 0.10593874609165094, 0.26896546247618286, 0.7128885871729767, 0.5176662493281466, -0.35816073211868454, -0.0059670815315235395], [-0.14002613802086644, -0.6264187642567318, -0.10294004982416753, -0.3733972514351673, 0.4716215047374106, 0.16152970552025253, -0.16543236728376376, -0.4764811914084187, 0.005891976015852687, 0.6048961009434269, 0.3992507123366082, 0.07032111037056846], [-0.5833270425581909, 0.023163701067945852, -0.06487378430356096, -0.4249137120867529, -0.574178153294521, -0.7471184665834665, 0.6969604278122098, 0.0929372244437294, 0.03213111568573123, 0.08859249316314487, 0.3534528633095396, -0.07903746571033733]], "inverted": true, "swapped": false, "error_lsq": 0.044563116339475094, "error_max": 0.2876854328375269, "target": "1152.xyz", "model": "25.xyz", "model_rescale": 4.19342608120988, "target_rescale": 3.6160852720434704},
{"mapping": [9, 2, 8, 1, 7, 10, 4, 0, 5, 3, 6, 11], "R": [[-0.6922142384024591, -0.09135140667448285, 0.7158871200486127], [-0.2688557485301382, 0.9531950777599468, -0.13833195659900094], [-0.6697432602387295, -0.2882257175076541, -0.6843755556213235]], "T": [0.0443709986651465, -0.03063997642309918, -0.15240061337302366], "aligned_model": [[0.3873926116191767, -0.4197244176484417, -0.7183485403306548, -0.17323997932322438, 0.5274855693427651, -0.33878600819888693, 0.13395340852657245, 0.3436882649761883, 0.6836264926288461, 0.34619865126403526, -0.37851285531076817, 0.021685512741353843], [-0.23043185527827797, -0.5710726265182007, -0.09277325971277767, -0.44559943401776736, 0.5805076295233971, 0.341380414936017, -0.04800241612715478, -0.6254285869754626, -0.08249394958865536, 0.49887132867884115, 0.487293346758022, 0.016564756017023355], [-0.7787957629566913, 0.2872280902086516, -0.19027508702703452, -0.426355672126263, -0.5923551963979116, -0.48710546110202557, 0.613107889955114, 0.09366795721598678, -0.08589151007753223, 0.09159703976117298, 0.32614957394754085, -0.0371826604555375]], "inverted": false, "swapped": false, "error_lsq": 0.04220545494429232, "error_max": 0.30239273817896073, "target": "1152.xyz", "model": "26.xyz", "model_rescale": 3.795458400668931, "target_rescale": 3.6160852720434704},
{"mapping": [0, 5, 10, 7, 2, 3, 8, 6, 1, 9, 11, 12], "R": [[0.7551687482714161, -0.5950787697443607, 0.2749571229005005], [0.6547830741235363, 0.6647238255580971, -0.35972400750678346], [0.03129356923577943, 0.45168959865702785, 0.8916261654917598]], "T": [0.03289980274557213, 0.12475625438624073, -0.016145757414642664], "aligned_model": [[0.35643501620639223, -0.24599030108013265, -0.6647518042810827, -0.3894210505664836, 0.6207761190540128, -0.19387658064810165, 0.1705793516663938, 0.3696637840736695, 0.6060519949746687, 0.15480992208529884, -0.34020139978049424, -0.02865634141717873], [-0.1364567633450795, -0.5494389534412067, -0.0199023919125733, -0.39102831462410215, 0.4975547402209962, 0.25237092039909065, -0.18442592201684882, -0.6141569182753627, 0.02054085699533198, 0.5243497092824071, 0.4354122570258588, -0.006003872613507558], [-0.7361220883530094, 0.16970794744707685, -0.022668009583382248, -0.48070950315682626, -0.5549013973685408, -0.707060750594825, 0.6289917734342301, 0.13144930965427534, 0.08868213029118155, -0.11532883924883117, 0.50908079601817, -0.09733216759404778]], "inverted": false, "swapped": false, "error_lsq": 0.05072278237322784, "error_max": 0.3386383262399448, "target": "1152.xyz", "model": "27.xyz", "model_rescale": 3.6321398670334006, "target_rescale": 3.6160852720434704},
{"mapping": [6, 7, 8, 12, 13, 9, 3, 4, 1, 2, 0, 14], "R": [[-0.020975246957283478, 0.9881794494143992, 0.15185985239732086], [0.7297094514094835, -0.08870053448215837, 0.6779795953465342], [0.6834355533177594, 0.12503435902836674, -0.7192233683103003]], "T": [-0.073199120732831, 0.09077021853470406, -0.06667239076090954], "aligned_model": [[0.24953196110436035, -0.23261611105648625, -0.546419869393654, -0.4503016702428353, 0.4658133343662463, -0.23888774868826215, -0.08276397606111255, 0.4994523060262661, 0.539293278210403, 0.48234108011535237, -0.257898293952492, -0.012125580140823392], [-0.24953849103709141, -0.6384533062225107, -0.10218009168858184, -0.495291763983628, 0.38761956337157294, 0.30284054539828237, -0.1287675000431115, -0.5079381212345275, 0.03623073807718811, 0.618961943498206, 0.4990487249035625, 0.10628310665564249], [-0.6863029808277187, 0.1423889833393009, 0.009890763668561883, -0.5114585760900927, -0.6031641163560365, -0.6783468272468975, 0.5839210180793967, -0.07594167771147738, 0.19628331359724144, 0.14741229027455355, 0.3676161894124979, -0.078509179193859]], "inverted": true, "swapped": false, "error_lsq": 0.0454455536262691, "error_max": 0.23667517874654279, "target": "1152.xyz", "model": "28.xyz", "model_rescale": 4.156811204709835, "target_rescale": 3.6160852720434704},
{"mapping": [2, 5, 3, 0, 9, 10, 1, 6, 7, 11], "R": [[-0.6681714675817225, 0.18431976151929402, 0.7208142031225231], [-0.1406730104648976, 0.9200537680862617, -0.36566674439578795], [-0.7305874307955416, -0.3457271891878657, -0.5888248607352]], "T": [-0.1432665675172288, -0.03854920364947141, 0.09789466259082721], "aligned_model": [[-0.5244849437763428, 0.005405978906668746, 0.07000941102946584, 0.5446285296009387, -0.06995903667824262, -0.6169783204304548, -0.3857106202467766, -0.49020823621659704, 0.1225982293315234, -0.012375617409594974], [-0.027109109417378135, -0.6456635410029103, 0.21622238588956594, -0.0012044441012112467, -0.47900056600931645, -0.35612326997405336, 0.5107131080911609, 0.3006389506624057, 0.5674290550515324, -0.1671822385635917], [-0.49312232574763015, -0.33102331791471606, -0.7290082778981433, -0.1550400613947525, 0.656799983677769, 0.17679871694615362, -0.26161436348760714, 0.5343788870230212, 0.23814376852080613, 0.12247371725019857]], "inverted": true, "swapped": true, "error_lsq": 0.05130844560166524, "error_max": 0.21929728505707047, "target": "1152.xyz", "model": "29.xyz", "model_rescale": 4.117894457231895, "target_rescale": 3.6160852720434704},
