[{"mapping": [11, 11, 7, 10, 5, 1, 6, 4, 3, 9, 2, 12, 0, 13], "R": [[0.9377532967334528, -0.32595599949846554, -0.11988094450953327], [0.00872247991584188, -0.32296473096497397, 0.9463708051798937], [-0.34719255868992815, -0.8885080016205137, -0.3000180965319634]], "T": [0.11319171521443461, -0.10652296298487035, 0.08129554209124547], "aligned_model": [[0.13508007060871566, 0.13508007060871566, -0.18845870831001543, 0.5679354336946796, 0.022487971389700087, 0.531761798813416, -0.6195542296116171, -0.7155796789365293, -0.15049020027466592, 0.2899710949577155, -0.2602746144877097, 0.6621215383026448, 0.4480742941028726, 0.0732382192098667], [-0.38896598095026297, -0.38896598095026297, 0.33888425919056314, 0.12484659610946255, -0.8561600396010163, -0.2973165172805939, -0.2892609990985955, 0.3383851580839258, -0.21163065801742603, 0.5655157568411522, 0.378901265552702, 0.031873584540083294, 0.396007625720781, -0.03388480304399166], [-0.5565200130216849, -0.5565200130216849, -0.44975427750852903, -0.7876723527523325, 0.034196235725087745, 0.4297794271965948, 0.2006122411988276, -0.08781674798603382, 0.5201856487086931, -0.15077380469201368, 0.5462089365393039, -0.0397096351993383, 0.5616382326287486, -0.05894453111472352]], "inverted": false, "swapped": false, "error_lsq": 0.049374075653313636, "error_max": 0.3551182000551419, "target": "1154.xyz", "model": "0.xyz", "model_rescale": 3.8414455957264533, "target_rescale": 3.8084882227293324},
{"mapping": [3, 1, 4, 1, 10, 12, 6, 2, 8, 0, 9, 11, 13, 14], "R": [[-0.5061836411687292, 0.8116831624097469, -0.29145937156605517], [-0.5771243425130064, -0.06767092587179255, 0.8138477370310644], [0.6408631793855046, 0.5801647090716282, 0.502696027093646]], "T": [-0.05680734911380603, 0.051287885943211764, 0.017280517317242654], "aligned_model": [[-0.03858641343911254, 0.5053175029199817, -0.18735410562663202, 0.5053175029199817, -0.08230376842684164, 0.4533626282046974, -0.7203448634735682, -0.7462847802953662, 0.03590289537636615, 0.3284694532191517, -0.30811694375238485, 0.7877878948567607, 0.40590846716942697, -0.0076824095846721036], [-0.2392814863831646, -0.1387038291379784, 0.2820633624493817, -0.1387038291379784, -0.6310685319949929, -0.42415412065441405, -0.2805492383929093, 0.1845233426189694, -0.23778753654078988, 0.6061017241046023, 0.42483405209585745, -0.06173872669273353, 0.36584666071068506, -0.0031525759480146576], [-0.7097781594132192, -0.6123357865498363, -0.4576062677752907, -0.6123357865498363, 0.06333431098449703, 0.3270724417961315, 0.261471556737703, -0.2095981123377117, 0.7467615713432123, -0.24589387367831797, 0.5299367660733604, 0.029497752205567978, 0.5289384608864373, -0.03455552702178191]], "inverted": false, "swapped": false, "error_lsq": 0.04586829532283617, "error_max": 0.3955845538493465, "target": "1154.xyz", "model": "1.xyz", "model_rescale": 4.316132596720782, "target_rescale": 3.8084882227293324},
{"mapping": [6, 4, 8, 9, 10, 2, 12, 3, 5, 0, 11, 13], "R": [[-0.4697448743821355, 0.8817286631148024, -0.043523759413624796], [-0.8424895271939591, -0.4330207982108145, 0.32047524847539854], [0.263725519357174, 0.18720991682774812, 0.9462564649613425]], "T": [-0.08455876091157363, -0.07281756783455214, -0.008560199190891168], "aligned_model": [[-0.20465528223664614, 0.4656006226671815, 0.22652938068968273, -0.554020374083933, -0.5353146413990794, -0.4361647521937335, -0.19502231532714762, -0.03617108352993336, 0.5464797174443934, 0.24457128257409258, 0.1881714815517643, -0.11219548152486093], [-0.8181082510662401, -0.39532078113589897, -0.4646584903168877, 0.48989454670583926, -0.20008408034549147, 0.010852586339592157, 0.27451155117215936, 0.6211484274563894, 0.04537110292439929, -0.059328111714548895, 0.514337346671365, -0.0058394189496972365], [-0.029471463889730806, 0.14372810404511532, -0.6209909266860667, 0.014686605391848337, -0.4352437386686324, 0.4417959243277965, -0.7992616756573542, 0.45115271692641407, -0.2840887486194721, 0.7614567514637135, -0.2209552182890489, 0.026450130864838398]], "inverted": true, "swapped": true, "error_lsq": 0.0471344564669745, "error_max": 0.23816177791261778, "target": "1154.xyz", "model": "2.xyz", "model_rescale": 3.795458400668931, "target_rescale": 3.8084882227293324},
{"mapping": [7, 6, 0, 5, 9, 11, 4, 10, 8, 12, 3, 13], "R": [[-0.14850072878163234, -0.5291358351652509, -0.8354416804872118], [-0.771059307189335, -0.46702123071439655, 0.4328495291191995], [-0.6192051989026146, 0.7084535538805509, -0.3386421173539858]], "T": [0.01187367748940122, -0.01748856150598113, 0.0026925481508579333], "aligned_model": [[-0.09363477804592032, 0.010115630802397503, -0.820754351187586, 0.05054963391717555, 0.2081672506164669, 0.1616253202924635, -0.35575930817494117, 0.5596223123056329, 0.4346570304492377, 0.816108022899027, -0.3725050199463042, -0.004887918184084121], [-0.3444889480947747, -0.7500082820077102, 0.06483698829849277, 0.02367090759555697, 0.5747941626608913, 0.520226296123195, -0.3564974700524435, -0.16340398449529286, -0.49967664778335175, 0.24017766806351384, 0.7212307396228389, 0.05490761535879381], [-0.6385788129595794, -0.18096590192852016, 0.0399447287255704, 0.6990431589134798, -0.38233933600771197, 0.3934373501417323, 0.42671418086505025, -0.2803562007473161, 0.4654402356320664, 0.21450324300203072, -0.03988615879277093, -0.02818505620493094]], "inverted": true, "swapped": true, "error_lsq": 0.05133473704517602, "error_max": 0.2746219846253345, "target": "1154.xyz", "model": "3.xyz", "model_rescale": 3.7530521520055578, "target_rescale": 3.8084882227293324},
{"mapping": [6, 2, 0, 3, 4, 9, 8, 10, 12, 11, 13], "R": [[0.6471180660417707, -0.5589757527599692, -0.5184441304796344], [0.546999998431398, 0.814106457463528, -0.1949914809222067], [0.531064224287806, -0.15740642853012832, 0.832582732188808]], "T": [-0.08498415304218446, -0.11216764459431018, -0.01278810266000934], "aligned_model": [[-0.5366086662316079, -0.12675465857635257, 0.5031078908864746, 0.47333137763173994, 0.2543022594605495, -0.1745339378168187, -0.28801873824243407, -0.6748757603271329, -0.3432201301581036, 0.31155631041474297, -0.06008634459585212], [-0.7062220361365256, 0.07563470696858184, -0.34119343594864865, 0.4213770708892083, -0.6699354399562634, 0.5984255580423802, -0.5326886614998602, 0.03578526155442595, 0.3325706790098819, 0.29790911323726216, -0.04445945784609634], [-0.12877662327075431, -0.5572452703148053, -0.5633601597143398, -0.32723991132950797, 0.04767026301458265, -0.1696883271007953, 0.6254325236991563, 0.16490348712110597, 0.6897576554875043, 0.35982031974611395, -0.048443180092943794]], "inverted": false, "swapped": true, "error_lsq": 0.041925512170185475, "error_max": 0.2192211612732252, "target": "1154.xyz", "model": "4.xyz", "model_rescale": 3.7855080009869324, "target_rescale": 3.8084882227293324},
{"mapping": [15, 8, 14, 13, 10, 7, 3, 2, 5, 12, 0, 6, 4, 16], "R": [[0.5335153936314989, -0.4704663280975154, -0.7028675258430054], [0.3260574008578649, 0.8811900043906837, -0.3423313416965509], [0.780415207504339, -0.04653611810613398, 0.6235274601872571]], "T": [0.08430484048950226, 0.042828579802047115, -0.06271905698845281], "aligned_model": [[-0.022140027538213647, 0.47152482376702753, -0.3152709021066712, 0.5258898583771889, -0.04623465756955017, 0.4767313569415077, -0.5344139643712028, -0.5847749729859334, -0.12608398590635117, 0.09675691494639665, -0.19152944148011775, 0.7249068340281263, 0.4142780913718016, 0.04175313259378041], [-0.4280404138695919, -0.4411577742966681, 0.2188038487647464, 0.17009199677582687, -0.6720213395836263, -0.3966236206132456, -0.12013009347072785, 0.35521560176588396, -0.29953281706494395, 0.6299922743945308, 0.32778694932776586, 0.09249447356804862, 0.2212786206208573, 0.05007156077766403], [-0.7307534779242875, -0.3960773740594482, -0.579506565714323, -0.6227854222994645, -0.008744004648769593, 0.4001552937930632, 0.20755509404371292, -0.039648745180132894, 0.6398679200345785, -0.4064471538970086, 0.608986280081353, 0.05234376471224897, 0.5746772251620472, -0.09471348740265415]], "inverted": true, "swapped": false, "error_lsq": 0.037755028781683485, "error_max": 0.23870412542464295, "target": "1154.xyz", "model": "5.xyz", "model_rescale": 4.2253639853439635, "target_rescale": 3.8084882227293324},
{"mapping": [8, 10, 9, 1, 5, 2, 11, 12, 6, 0, 7, 4, 3, 13], "R": [[-0.484932083621173, -0.5835874958132824, -0.651357435672005], [0.8618526852198979, -0.19243364676414532, -0.469232608172433], [0.14849519606397918, -0.7889201013559197, 0.596283699611591]], "T": [0.07829339610772677, -0.0356905935871751, -0.08354228549257396], "aligned_model": [[-0.1501202861964463, 0.5083484273355986, -0.16448451495006905, 0.5440700175125718, 0.00011133193552316512, 0.4743833149493866, -0.6113339772608017, -0.7467175808723555, -0.11273225171194419, 0.15687593611573947, -0.1724578312200054, 0.7656473155556098, 0.3366884155142704, 0.10311474336071133], [-0.39804723909428663, -0.6238301502728086, 0.2605826849170898, 0.11796830682095191, -0.6540814301376415, -0.4260977831740407, -0.351473683107995, 0.3398313509956832, -0.14535355693405208, 0.7585585891398607, 0.5011210723980383, 0.10984566408147056, 0.23644591386628175, -0.01724047240203106], [-0.6855304305517379, -0.3622123527160918, -0.5588079562832702, -0.6295705477980335, 0.02700908068113135, 0.29177972898049837, 0.09037986688227038, 0.13935661865033683, 0.5207765082480856, -0.16136046762197365, 0.4440449331573167, 0.0017519073341625974, 0.5182743044709038, -0.030981846732683185]], "inverted": false, "swapped": false, "error_lsq": 0.045828952161846626, "error_max": 0.3277623604265043, "target": "1154.xyz", "model": "6.xyz", "model_rescale": 3.89814844738969, "target_rescale": 3.8084882227293324},
{"mapping": [4, 0, 1, 6, 5, 2, 7, 8, 10, 9, 11, 12, 13], "R": [[0.6647228310514092, -0.710694239402753, 0.23034160709420853], [0.6530380790985407, 0.40297425979071616, -0.6412121436727576], [0.36288403812552655, 0.5766501920799709, 0.7319765917349029]], "T": [-0.1182081779111972, 0.07897436341116085, -0.037112277769279806], "aligned_model": [[0.306664962218794, -0.0038564197440966175, 0.41558975024760236, -0.3597310594167061, 0.5733827467756903, -0.5541113552248853, -0.7725582318767953, 0.26642617647568845, -0.4576183171860349, -0.4693161562458492, 0.30064095581821765, 0.04470935191286102, -0.14159060285026404], [-0.20838805167592525, 0.3428598170292074, 0.4361557632314933, -0.6125964562389117, 0.04172104665320886, 0.34540283905696756, -0.1511736311108214, -0.5292052203382618, -0.1581563657545856, 0.6466333452384548, 0.5280047203360118, 0.12656336393054038, 0.1559600951131072], [-0.4455006400218666, -0.8237016229930738, -0.435652936022247, -0.22072915350636388, 0.054584439146147246, -0.30628209994237965, -0.2565391519023976, 0.2908519637156176, 0.44247738694918937, 0.26631153790242135, 0.25815279746707265, 0.8168442223851131, -0.03854171234093713]], "inverted": false, "swapped": true, "error_lsq": 0.046703021686776834, "error_max": 0.25659052014226075, "target": "1154.xyz", "model": "7.xyz", "model_rescale": 3.7474275329858107, "target_rescale": 3.8084882227293324},
{"mapping": [5, 8, 7, 9, 3, 2, 0, 10, 1, 11, 12, 4, 13, 14], "R": [[-0.8997266683217692, 0.32734352247532705, -0.2886834609118681], [-0.05290379680864227, -0.7383471665522615, -0.6723426581197096], [-0.43323562941410865, -0.5896521686025515, 0.6816283514265447]], "T": [0.007672570641484015, 0.00017435384944235188, -0.00028711578155493633], "aligned_model": [[-0.0007925384962333484, 0.5289014403265146, -0.2660458949252619, 0.32157698771452614, -0.11217787583348479, 0.42224693347864534, -0.534738688715374, -0.6499258357133486, -0.1319149888954142, 0.024345617638499094, -0.07705026349553362, 0.7658454352502427, 0.5930382960347002, 0.048084435699311284], [-0.3059297359522589, -0.3428163212184586, 0.20079143404222444, 0.2579604096493895, -0.6798125948273223, -0.6052396893419295, -0.3257423486992415, 0.3603948800141263, -0.303340143178155, 0.5743207223258191, 0.4861170239858228, -0.101031591145112, 0.500195545048106, -0.007638323606490558], [-0.6477823606720838, -0.27576520579935504, -0.590802670755957, -0.6447642732243448, -0.19364729030988423, 0.4122555242384598, 0.18351050756994924, -0.11460626630973557, 0.6729112824388137, -0.23810619125509794, 0.37028592899622137, 0.16450702827166552, 0.46386545027804527, 0.043047883234218806]], "inverted": true, "swapped": false, "error_lsq": 0.04918845413327467, "error_max": 0.24467130329327116, "target": "1154.xyz", "model": "8.xyz", "model_rescale": 4.019505241142653, "target_rescale": 3.8084882227293324},
{"mapping": [10, 9, 7, 6, 8, 4, 0, 12, 5, 11, 3, 1, 13], "R": [[-0.276212404176026, -0.9585586723530991, 0.06979956615884975], [0.10961345435809525, -0.10356998956046642, -0.9885636792266499], [0.9548254282343895, -0.26540257896092273, 0.13367824309851525]], "T": [0.007695855310689628, -0.08054746037051858, -0.08255040492831853], "aligned_model": [[-0.31034302145267223, -0.7023740119075718, -0.055667549430371, 0.4169718110216941, 0.3797343738826238, 0.6474620171079581, 0.37854218129068773, -0.45169892528624445, 0.33056184142787587, -0.22939416260540624, -0.33698020479134894, 0.3034117987315908, -0.05052537624764013], [-0.5669638599215105, 0.09913380216106207, -0.016988845545079886, -0.3834105294704758, -0.7593168214298804, -0.0021348858349413274, 0.6701803204757186, -0.6971577823658373, -0.22963829244485634, -0.03608642292574287, 0.6027555983232029, 0.4094936665562242, -0.026487719463824458], [-0.3349129040777873, -0.04946005014148411, -0.8045169048576396, -0.6403010762769444, 0.07945586514437789, 0.03755839410757819, -0.10031150904734862, 0.32585709380238537, 0.5188010592020672, 0.5546747220669597, 0.24845031827323874, 0.4111754415614125, -0.06976695571293612]], "inverted": false, "swapped": true, "error_lsq": 0.04688753414643412, "error_max": 0.26520803391564846, "target": "1154.xyz", "model": "9.xyz", "model_rescale": 3.877068213659057, "target_rescale": 3.8084882227293324},
{"mapping": [2, 13, 9, 14, 4, 3, 1, 8, 5, 10, 0, 6, 12, 15], "R": [[-0.696383762015426, 0.004164688130715188, -0.7176575167682819], [-0.24649686350562178, -0.9405364155868284, 0.2337317848239132], [-0.674009608450157, 0.33966734657287134, 0.6560008699605598]], "T": [0.07208071914665196, -0.024442694587230508, -0.055520216254018644], "aligned_model": [[-0.1112303990088791, 0.5914610830290489, -0.12782122815347055, 0.4105683909338419, -0.0847555250297651, 0.3946654789199503, -0.5793062405870442, -0.6205809233495496, -0.04919764842197602, 0.39629800256231096, -0.31420258432565107, 0.6703642268747714, 0.32238815709246826, 0.032742269531733106], [-0.3075404333248936, -0.39316918920044674, 0.28400069858933047, 0.16627421105923454, -0.6819695537729183, -0.437989864460163, -0.29029446976179346, 0.2767513459698364, -0.25256690141229293, 0.5622193950764398, 0.36701211817730034, 0.06910866324816645, 0.32496333118930226, 0.021429915719417776], [-0.627016552402988, -0.49361073857481735, -0.6037420587329566, -0.7327016576619403, -0.021586432100008997, 0.30180198258103347, 0.4523424349902528, -0.21307952177251316, 0.6822103213156653, -0.2877303046350023, 0.5200789278174446, 0.061139815258657755, 0.5555909286071927, 0.01121220201089592]], "inverted": true, "swapped": false, "error_lsq": 0.03737535529106326, "error_max": 0.23550146551180465, "target": "1154.xyz", "model": "10.xyz", "model_rescale": 4.260839863003843, "target_rescale": 3.8084882227293324},
{"mapping": [3, 9, 10, 12, 8, 5, 1, 2, 7, 6, 4, 13], "R": [[-0.17265643436917194, 0.10981541739181, -0.9788413200176965], [0.20962738650673834, -0.966902328318979, -0.145451869419723], [-0.9624168091306794, -0.23030514886645537, 0.14392158944481348]], "T": [0.024359543258810297, 0.019689480324062918, -0.019071992331090016], "aligned_model": [[0.6007198657687499, 0.2714298694093143, -0.3095611805007904, -0.6284541945942442, -0.7113502160884595, -0.3513885457357522, 0.2860809696179211, 0.5483390682198003, 0.32644550880784773, -0.12986896360106062, -0.021703034585424927, 0.078209502376229], [0.05082575710318666, -0.5276732899905571, -0.4936303578150587, -0.3607976401256577, 0.22886939883428015, 0.5201565709163646, 0.6203622937687174, -0.210214799026675, -0.33350049635405665, 0.04640781239764667, 0.642563297459055, -0.010290041634311534], [-0.6208239728780472, -0.43970222855479413, 0.14352003047048334, -0.45163680076162893, 0.1818295956423315, -0.3296201680829555, -0.3959638905432738, 0.05862990953551811, 0.5406521856275877, 0.719723213622918, 0.18038187221402247, -0.07081166889665708]], "inverted": false, "swapped": true, "error_lsq": 0.05211868643595704, "error_max": 0.29548570993814166, "target": "1154.xyz", "model": "11.xyz", "model_rescale": 3.890672605050136, "target_rescale": 3.8084882227293324},
{"mapping": [3, 7, 0, 8, 4, 12, 2, 1, 10, 6, 11, 5, 9, 13], "R": [[0.5576232669017722, 0.5274226854029784, -0.6410004704616883], [0.7274782412679806, 0.061405219051557824, 0.6833775000355777], [0.3997895705135899, -0.8473810890004219, -0.34944754872944556]], "T": [0.050131597784281993, 0.10786105163921983, -0.023380745569672443], "aligned_model": [[0.004435946891336681, 0.5990631127301469, -0.28990797847108474, 0.37665066153315396, -0.30618996637811124, 0.4472123475168769, -0.5078245779271001, -0.6087765028241694, -0.09165248327531395, 0.05035951453760756, -0.20359655934709237, 0.8243485663119945, 0.5372947981989554, 0.09997618057058835], [-0.4233238765220371, -0.49773242885209606, 0.06040254165653311, 0.24015561416719106, -0.4931300542047922, -0.410878115420842, -0.16183152192299438, 0.43422891178950257, -0.4091265392763593, 0.6778976664245464, 0.26209543596658286, 0.04832140615102348, 0.4336406860900272, -0.05249045894976545], [-0.777580742643277, -0.26606345727788805, -0.5038131717832965, -0.6519302627695709, -0.07724796597687644, 0.33490503630662, 0.32520920755234, -0.2775901576765547, 0.6922739264893825, -0.10774039113315191, 0.4398642661305378, 0.021511326046130028, 0.4888302089795565, -0.035718475543036164]], "inverted": true, "swapped": false, "error_lsq": 0.048413791506667976, "error_max": 0.3052511944262353, "target": "1154.xyz", "model": "12.xyz", "model_rescale": 4.124412569039231, "target_rescale": 3.8084882227293324},
{"mapping": [10, 11, 3, 8, 9, 7, 5, 6, 1, 4, 2, 0, 13], "R": [[0.22237578443968958, -0.429009110084323, 0.8754999679951396], [-0.8207029801134087, 0.40238096646709925, 0.40563059088038905], [-0.5263037420803724, -0.808727853662566, -0.2626092720802836]], "T": [0.06693874179408645, 0.019881977172312076, 0.040290414774851464], "aligned_model": [[-0.07803823130045125, -0.08265015352129053, 0.6062376543579301, -0.6985052237569863, 0.4872004129291186, 0.4636056385412336, -0.45104428760333226, -0.09531522331227953, 0.11699794911343821, -0.18671761074488552, 0.6367488134963477, 0.5205133917775975, 0.12826517753331723], [-0.4917901269008794, 0.5454201078958568, 0.6155582746982556, -0.15755216835017918, 0.05044562334688149, -0.5582531644142912, 0.4855206471654616, -0.5543260892749287, 0.7323943125047373, 0.24570157138472284, -0.07074783867497306, 0.45335890686819424, 0.05175532025961871], [0.3846881601909266, 0.447325006025026, 0.2629843003237213, -0.0491478094984041, 0.6403116938337919, -0.1538883087937438, -0.014191828893007748, -0.4226106601556656, -0.20704273004532658, -0.5205476749786163, 0.01682076496992025, -0.5145090476982775, 0.08150621568749483]], "inverted": true, "swapped": true, "error_lsq": 0.05321071112205585, "error_max": 0.357451862972122, "target": "1154.xyz", "model": "13.xyz", "model_rescale": 3.9028299243045295, "target_rescale": 3.8084882227293324},
{"mapping": [8, 0, 1, 2, 5, 4, 14, 11, 10, 6, 9, 3, 7, 15], "R": [[0.45290109019321434, 0.8531377529724139, 0.25891422702311806], [0.8373358092345372, -0.5067570858821787, 0.2050999719203911], [0.3061851483585397, 0.12390815292539448, -0.943873627432866]], "T": [0.027644229768304183, -0.08456807388086143, -0.11045556564205275], "aligned_model": [[0.08262233948126185, 0.729815349156989, -0.2021907992819069, 0.27807498646002066, -0.031847030365127996, 0.48405569325353537, -0.6867826663014195, -0.6050692578120282, -0.06385895729980381, 0.1999140879997001, -0.18374962205110087, 0.6155315084227616, 0.29411845397686015, 0.020758974428047382], [-0.6173260570634203, -0.42200574703308535, 0.41631510409492334, 0.0475003238772132, -0.5927315908736508, -0.4469936216044572, -0.026916938638757604, 0.29657667705270485, -0.3222640522508182, 0.5591728759770044, 0.4793193994626136, 0.1171759817151555, 0.23128339939938172, -0.010876487018286807], [-0.6669207472709361, -0.39384213038848404, -0.45468028466317867, -0.7901556053450189, -0.09222198068439649, 0.23552069400480488, 0.4085060991853504, -0.1265493472874129, 0.5898874864917586, -0.09231865106805145, 0.3775905523457145, -0.06169770611070524, 0.6956816996523378, -0.023890732160866734]], "inverted": true, "swapped": false, "error_lsq": 0.04748226643889116, "error_max": 0.28963260625421927, "target": "1154.xyz", "model": "14.xyz", "model_rescale": 3.942246331269136, "target_rescale": 3.8084882227293324},
{"mapping": [2, 7, 5, 9, 0, 8, 12, 3, 13, 10, 4, 6, 11, 14], "R": [[0.004679340258717302, -0.9470822683042939, -0.32095682083161403], [-0.9847190173308806, 0.051511794284769596, -0.1663580234207797], [0.17408779590094264, 0.3168307310113039, -0.9323688793633101]], "T": [0.021729129239716316, 0.03608726206034209, -0.013632433138187369], "aligned_model": [[0.00021800267429900044, 0.5917437731079909, -0.31441995684035584, 0.48707685376278936, 0.002100619770917231, 0.4473063618803467, -0.5993023268911399, -0.6542509474151459, -0.1996127477899009, 0.29262913847767225, -0.14143132539162917, 0.5798909464568027, 0.4559527569941208, -0.016508088728978014], [-0.3681401641264462, -0.4296759757800991, 0.06105441525467328, 0.278198187057361, -0.6672744584182811, -0.5341021452206899, -0.2988510507089936, 0.2779437628091576, 0.03780469466305346, 0.6943149525722214, 0.5175292061526937, 0.0017872531555255602, 0.18697363758650742, -0.0493330479001636], [-0.6607687232593471, -0.448520257963339, -0.551368419824979, -0.6243665008064712, -0.22720793419025562, 0.2906848111484938, 0.3989357615859909, -0.04686343540822984, 0.7686300997774427, -0.06210931919159334, 0.2783543772414501, -0.005368987823421231, 0.536634926821434, -0.04175705140626002]], "inverted": true, "swapped": false, "error_lsq": 0.05155260859805816, "error_max": 0.41067737949350025, "target": "1154.xyz", "model": "15.xyz", "model_rescale": 4.355366556412066, "target_rescale": 3.8084882227293324},
{"mapping": [6, 4, 8, 9, 10, 2, 12, 3, 5, 0, 11, 13], "R": [[-0.4697448743821355, 0.8817286631148024, -0.043523759413624796], [-0.8424895271939591, -0.4330207982108145, 0.32047524847539854], [0.263725519357174, 0.18720991682774812, 0.9462564649613425]], "T": [-0.08455876091157363, -0.07281756783455214, -0.008560199190891168], "aligned_model": [[-0.20465528223664614, 0.4656006226671815, 0.22652938068968273, -0.554020374083933, -0.5353146413990794, -0.4361647521937335, -0.19502231532714762, -0.03617108352993336, 0.5464797174443934, 0.24457128257409258, 0.1881714815517643, -0.11219548152486093], [-0.8181082510662401, -0.39532078113589897, -0.4646584903168877, 0.48989454670583926, -0.20008408034549147, 0.010852586339592157, 0.27451155117215936, 0.6211484274563894, 0.04537110292439929, -0.059328111714548895, 0.514337346671365, -0.0058394189496972365], [-0.029471463889730806, 0.14372810404511532, -0.6209909266860667, 0.014686605391848337, -0.4352437386686324, 0.4417959243277965, -0.7992616756573542, 0.45115271692641407, -0.2840887486194721, 0.7614567514637135, -0.2209552182890489, 0.026450130864838398]], "inverted": true, "swapped": true, "error_lsq": 0.0471344564669745, "error_max": 0.23816177791261778, "target": "1154.xyz", "model": "16.xyz", "model_rescale": 3.795458400668931, "target_rescale": 3.8084882227293324},
{"mapping": [4, 0, 1, 6, 5, 2, 7, 8, 10, 9, 11, 12, 13], "R": [[0.6647228310514092, -0.710694239402753, 0.23034160709420853], [0.6530380790985407, 0.40297425979071616, -0.6412121436727576], [0.36288403812552655, 0.5766501920799709, 0.7319765917349029]], "T": [-0.1182081779111972, 0.07897436341116085, -0.037112277769279806], "aligned_model": [[0.306664962218794, -0.0038564197440966175, 0.41558975024760236, -0.3597310594167061, 0.5733827467756903, -0.5541113552248853, -0.7725582318767953, 0.26642617647568845, -0.4576183171860349, -0.4693161562458492, 0.30064095581821765, 0.04470935191286102, -0.14159060285026404], [-0.20838805167592525, 0.3428598170292074, 0.4361557632314933, -0.6125964562389117, 0.04172104665320886, 0.34540283905696756, -0.1511736311108214, -0.5292052203382618, -0.1581563657545856, 0.6466333452384548, 0.5280047203360118, 0.12656336393054038, 0.1559600951131072], [-0.4455006400218666, -0.8237016229930738, -0.435652936022247, -0.22072915350636388, 0.054584439146147246, -0.30628209994237965, -0.2565391519023976, 0.2908519637156176, 0.44247738694918937, 0.26631153790242135, 0.25815279746707265, 0.8168442223851131, -0.03854171234093713]], "inverted": false, "swapped": true, "error_lsq": 0.046703021686776834, "error_max": 0.25659052014226075, "target": "1154.xyz", "model": "17.xyz", "model_rescale": 3.7474275329858107, "target_rescale": 3.8084882227293324},
{"mapping": [7, 12, 1, 11, 9, 5, 6, 2, 4, 3, 0, 10, 8, 13], "R": [[-0.9826189532964026, -0.10604511886573226, 0.15236280841279948], [-0.1323841548651526, -0.17506225025472338, -0.9756165456143064], [0.13013234864291817, -0.9788297304947913, 0.15798079166839452]], "T": [0.0872655715757512, -0.002281767762262389, -0.08045989338708605], "aligned_model": [[-0.09020549365456847, 0.4073530569224931, -0.17748642948177457, 0.45114577810873463, -0.14687757944613983, 0.5303974082370145, -0.4993275864152542, -0.6157543851780325, -0.035046365331254825, 0.4005398576595315, -0.428693375682374, 0.7756837939478032, 0.371637624017853, -0.011973243636242456], [-0.27952786239360095, -0.6260077048299886, 0.5308799521871653, 0.19022812591785548, -0.6193047282383677, -0.43246748695307663, -0.33359348171134134, 0.03309795958617739, -0.20468449025448657, 0.5978275337101322, 0.47097119896460166, 0.023352190919749403, 0.3386989250634821, 0.018759135128218328], [-0.7579980148636446, -0.34074220255712184, -0.4328281313516912, -0.6739814161095881, 0.02992043516341991, 0.29609602412290503, 0.2952259150467635, -0.17180505805572616, 0.7153408040481437, -0.12859750107844056, 0.3766619558056409, -0.03730179180870714, 0.4849772420476517, -0.05005891370868955]], "inverted": false, "swapped": false, "error_lsq": 0.04526722749797728, "error_max": 0.2736371929853796, "target": "1154.xyz", "model": "18.xyz", "model_rescale": 3.922800546911778, "target_rescale": 3.8084882227293324},
{"mapping": [6, 4, 2, 10, 8, 13, 5, 0, 12, 9, 3, 11, 7, 14], "R": [[0.7104696470448596, -0.3254770445371403, 0.62393715557524], [0.6277988770984252, 0.693740456692954, -0.35297698035623826], [-0.31796454290047704, 0.642486476298778, 0.6972156604891135]], "T": [-0.008139088498407665, -0.11100784044751205, -0.06965484608013335], "aligned_model": [[0.028687314882990866, 0.5532241334898933, -0.11812790680495105, 0.4475683522618174, -0.11097426562294647, 0.4866198609939762, -0.6629992094389794, -0.7160519108500203, -0.11898354974734876, 0.2605193591747433, -0.22098892173591828, 0.6851043486076092, 0.3833413030862992, 0.03445415177062418], [-0.46913833192559734, -0.4366078643159859, 0.4722391334254871, 0.14215597549680603, -0.7135501043441179, -0.42866667971001954, -0.3212023893761649, 0.31994303665025, -0.18097087808814846, 0.6501166508980094, 0.3570572087869363, 0.050487535880257006, 0.31332338127882847, -0.04695740756002015], [-0.6580035003666604, -0.39015928684176754, -0.4707214117563381, -0.6851542026968431, -0.04211577228059281, 0.28547919981771425, 0.2612683984768107, 0.037971420024947786, 0.7058660906720862, -0.17574600067304808, 0.310817625671796, -0.04564665783126033, 0.4825200685362147, -0.011466624052144311]], "inverted": false, "swapped": false, "error_lsq": 0.03574354451366069, "error_max": 0.23090384168075323, "target": "1154.xyz", "model": "19.xyz", "model_rescale": 3.9282355846067225, "target_rescale": 3.8084882227293324},
{"mapping": [3, 0, 5, 1, 4, 11, 8, 6, 9, 2, 7, 10, 12, 13], "R": [[-0.02499887916574353, -0.8197048073152101, 0.5722404083117438], [0.944519798273798, -0.20689385904593058, -0.25510249265326085], [0.32750176596360664, 0.534115118634005, 0.7793995338318481]], "T": [-0.03764013268573392, -0.0036204967602661113, 0.01612175696434318], "aligned_model": [[-0.15531475989738946, 0.44401959600450425, -0.2345117653213344, 0.3726936007222547, -0.15937577827707738, 0.38626993591458547, -0.4962825608823988, -0.6463793447922841, 0.054728660104946356, 0.39807811453409153, -0.16488699149593578, 0.7942835479864266, 0.24387306147117255, 0.09419774399622753], [-0.2663377755156585, -0.4973472302823736, 0.38375481498796216, 0.083634035650941, -0.6097399853716876, -0.5488290083380846, -0.4548698597650609, 0.1206936259636132, -0.19113172472980292, 0.632976024089931, 0.5642600083075477, 0.15399268568565486, 0.3413528777302799, -0.004179221316741152], [-0.6792108128865998, -0.3893838614436817, -0.530570185869963, -0.6047757145297644, -0.1149028325511359, 0.20693869533284057, 0.42188365090439756, -0.18593423674124626, 0.6754641344447639, -0.27303337275149897, 0.23842278095317682, 0.17516710662166332, 0.7403717398264397, -0.07552774460847658]], "inverted": false, "swapped": false, "error_lsq": 0.04955156388724181, "error_max": 0.34675181257462134, "target": "1154.xyz", "model": "20.xyz", "model_rescale": 4.067790424073018, "target_rescale": 3.8084882227293324},
{"mapping": [13, 10, 5, 1, 11, 12, 6, 4, 3, 7, 2, 9, 0, 14], "R": [[-0.912324291313945, -0.4059828212352288, 0.05331356619465935], [0.24627053382379205, -0.4400164305115294, 0.863560284548819], [-0.32713179553301225, 0.8009765850146787, 0.5014192842418117]], "T": [0.0032020397859747335, 0.025453063380364214, -0.029959305003433828], "aligned_model": [[-0.057844065678218294, 0.4802852012300497, -0.28892864020343123, 0.43187296041619283, 0.01862474500678758, 0.5612973289473996, -0.6653112270048406, -0.6524265363656108, -0.06698195408506266, 0.532405472038867, -0.39416530447089976, 0.756386219605319, 0.2185466852994229, 0.057632175331813605], [-0.40588111204493993, -0.47764609149474013, 0.19858198209069117, 0.23919773306463823, -0.6126091158878326, -0.3611962872516946, -0.24814745785448186, 0.48573835435530577, -0.3342856123520202, 0.5448566920291611, 0.28214288882638394, -0.04751572608035906, 0.46827090920355513, -0.02327788950714645], [-0.5779991823800945, -0.46650222269212005, -0.5128176322310029, -0.6961871633720409, 0.07334146716376388, 0.3250699821959747, 0.1306323186886638, -0.05754763191603646, 0.7377693637575031, -0.11258832561367355, 0.5444372990687548, -0.20726989832314682, 0.4818971871798293, -0.05732621482545926]], "inverted": true, "swapped": false, "error_lsq": 0.050718047377526033, "error_max": 0.32419838225095976, "target": "1154.xyz", "model": "21.xyz", "model_rescale": 4.186013935880536, "target_rescale": 3.8084882227293324},
{"mapping": [5, 4, 1, 12, 10, 11, 8, 6, 3, 2, 7, 9, 13], "R": [[0.9422372213830406, 0.3308409788214557, -0.052280640516620736], [-0.09958944664419993, 0.1276936542920245, -0.9868010299805382], [-0.31979831262448694, 0.9350072606060394, 0.15326598401641794]], "T": [-0.06786951417798211, -0.006367895400817242, 0.01808891126739038], "aligned_model": [[0.21055223725453043, -0.33346030487670225, 0.2168448734928582, 0.45334935678779725, -0.14490808196334348, 0.5881430346699927, -0.23556966960322684, -0.7911503057636178, 0.48128934870049483, -0.15784244685628013, -0.6044759199508891, 0.3930286360082344, -0.017226722476623088], [-0.3579748983722231, -0.06787991768470199, 0.2826040494571943, -0.6243101405417976, -0.35120588171924066, -0.09148862613293592, -0.7553276382255062, -0.2160179036562134, 0.6138010200404747, 0.510426231328399, 0.2528344476284948, 0.27223288393886275, 0.05126303348528666], [-0.51758631534153, -0.5781939077392679, -0.6197091518396906, 0.34139497194307306, 0.544005534057973, -0.14514809395471698, -0.17249570997820135, 0.07492576990167174, -0.07720639202717511, 0.2594948096196634, 0.435411276173346, 0.5156168450786163, 0.04236992544158434]], "inverted": false, "swapped": true, "error_lsq": 0.050408861470086684, "error_max": 0.3303892740921196, "target": "1154.xyz", "model": "22.xyz", "model_rescale": 4.166573947596378, "target_rescale": 3.8084882227293324},
{"mapping": [8, 0, 3, 4, 7, 5, 14, 9, 13, 2, 12, 1, 6, 15], "R": [[0.4943622276227647, -0.28337908244110316, 0.8217677795671333], [-0.8315952246189787, 0.12107206205689805, 0.5420248501500657], [-0.2530916242999134, -0.9513347735808513, -0.1758032374135995]], "T": [-0.059859434835462064, 0.05120153231667761, -0.04796902744699011], "aligned_model": [[-0.18057246056967197, 0.5508314632792211, -0.12228947268957767, 0.3391170276955885, 0.11597742524325054, 0.4399365433584837, -0.6324290541966522, -0.6157143246054324, -0.11897873447738781, 0.373969528658487, -0.2812631195711272, 0.6507616940788802, 0.40658698467989285, 0.0054595591838340896], [-0.32482335184388267, -0.396962659682405, 0.42883442553551393, 0.08627804078268418, -0.6416595531231759, -0.41956983669920767, -0.09776024255840367, 0.07743010218319483, -0.49806299005514304, 0.5541885774324157, 0.4451088661125471, 0.06419894106183437, 0.39121482124955725, 0.03981412670099098], [-0.7537400895707607, -0.35286449610421017, -0.51156641780717, -0.6639567986443065, -0.027608217763109247, 0.4206889283132977, 0.47734248378314986, -0.27332778570516286, 0.5936122470375824, -0.1556987915263565, 0.42658210361953336, 0.006324060267363721, 0.4479405742317993, -0.028818453430735018]], "inverted": true, "swapped": false, "error_lsq": 0.04599067723765782, "error_max": 0.25604413969001644, "target": "1154.xyz", "model": "23.xyz", "model_rescale": 4.274766983524099, "target_rescale": 3.8084882227293324},
{"mapping": [4, 2, 3, 11, 9, 12, 8, 10, 6, 7, 13], "R": [[0.8539698173639225, 0.5172730648270575, 0.056250577204610935], [0.2804176493199589, -0.5485970918149098, 0.7876592999527731], [0.438293843193465, -0.6568636138930567, -0.6135378551988916]], "T": [5.33623477413786e-05, 0.06575288052573006, -0.052557365451454625], "aligned_model": [[0.3845386339576911, 0.07317383402648173, -0.46709799951053843, -0.6087033887300326, -0.5366156524375904, -0.6239066426018937, 0.14917098905794507, -0.06596080401937428, 0.6756105897399004, 0.44992716185572174, -0.05024201738023565], [-0.26439928042806315, 0.638143502101782, 0.5398148817710361, -0.11466415642213654, 0.5302069627167707, -0.34094818465314136, -0.6746438610335986, 0.020574696309331314, -0.06030536151947424, 0.5160162837166367, 0.12579104868434038], [-0.46854537461099244, -0.0742478875538482, -0.5548530545399274, -0.2997601844411546, 0.1314217586948476, 0.39834915973527235, 0.18188481260029105, 0.5759627482853937, 0.26057265557549214, 0.2998155589657017, -0.07103375868949866]], "inverted": true, "swapped": true, "error_lsq": 0.05090867825571579, "error_max": 0.27673677336461083, "target": "1154.xyz", "model": "24.xyz", "model_rescale": 3.7841303162186577, "target_rescale": 3.8084882227293324},
{"mapping": [10, 14, 7, 11, 9, 12, 8, 0, 2, 6, 4, 13, 3, 15], "R": [[-0.17928807619324505, -0.2458891429850643, -0.9525724723594503], [-0.8555886584771095, 0.5169199539724844, 0.027600881696512147], [0.4856169614215152, 0.8199587127088506, -0.3030575460743048]], "T": [-0.03031263771411656, -0.021385612936114573, -0.03122659453051683], "aligned_model": [[-0.07992562542629654, 0.4102678801902446, -0.20158917172000795, 0.45216457482879835, -0.008309474130042863, 0.4953838212579162, -0.55296904790755, -0.6771856546613094, -0.1693029603839905, 0.08396042348128044, -0.10544181288390495, 0.7450764329853357, 0.5460040002347102, -0.006740325797394017], [-0.37650810075693714, -0.6471081583343818, 0.29520499271108347, 0.338301532944687, -0.6000725217350129, -0.4215507303758763, -0.18273138585601975, 0.16027160176265423, -0.345157832774848, 0.6908299431914946, 0.3982750675892048, -0.069468196718032, 0.4247000964115087, 0.043242959036995196], [-0.7216479697582971, -0.24017411362083704, -0.5727432585540059, -0.5079534194812718, 0.05110220300225202, 0.34117509482765884, 0.19295101827561242, -0.3310363769678402, 0.6355914224666585, 0.01021156828955114, 0.5811008204344579, -0.12320404528740221, 0.3120933151344191, -0.022556912060040294]], "inverted": true, "swapped": false, "error_lsq": 0.050744401744386505, "error_max": 0.3355441509159554, "target": "1154.xyz", "model": "25.xyz", "model_rescale": 4.19342608120988, "target_rescale": 3.8084882227293324},
{"mapping": [6, 4, 8, 9, 10, 2, 12, 3, 5, 0, 11, 13], "R": [[-0.4697448743821355, 0.8817286631148024, -0.043523759413624796], [-0.8424895271939591, -0.4330207982108145, 0.32047524847539854], [0.263725519357174, 0.18720991682774812, 0.9462564649613425]], "T": [-0.08455876091157363, -0.07281756783455214, -0.008560199190891168], "aligned_model": [[-0.20465528223664614, 0.4656006226671815, 0.22652938068968273, -0.554020374083933, -0.5353146413990794, -0.4361647521937335, -0.19502231532714762, -0.03617108352993336, 0.5464797174443934, 0.24457128257409258, 0.1881714815517643, -0.11219548152486093], [-0.8181082510662401, -0.39532078113589897, -0.4646584903168877, 0.48989454670583926, -0.20008408034549147, 0.010852586339592157, 0.27451155117215936, 0.6211484274563894, 0.04537110292439929, -0.059328111714548895, 0.514337346671365, -0.0058394189496972365], [-0.029471463889730806, 0.14372810404511532, -0.6209909266860667, 0.014686605391848337, -0.4352437386686324, 0.4417959243277965, -0.7992616756573542, 0.45115271692641407, -0.2840887486194721, 0.7614567514637135, -0.2209552182890489, 0.026450130864838398]], "inverted": true, "swapped": true, "error_lsq": 0.0471344564669745, "error_max": 0.23816177791261778, "target": "1154.xyz", "model": "26.xyz", "model_rescale": 3.795458400668931, "target_rescale": 3.8084882227293324},
{"mapping": [8, 10, 6, 4, 0, 11, 12, 5, 9, 7, 1, 3, 13], "R": [[0.9182150568147336, -0.39414308081582206, -0.03914513103475106], [0.04876803382137647, 0.014423864933469293, 0.9987059782526478], [-0.3930684270148298, -0.918935897636714, 0.032465793055061073]], "T": [-0.0025953647125674523, -0.058245324532549964, -0.049743189895484895], "aligned_model": [[-0.08362466240657158, 0.37000163371632755, 0.5466876568855167, -0.21166454840599225, -0.16555637693813374, -0.6038112050138426, -0.23435674776219156, -0.6019320493113602, 0.018973338973199996, 0.6983670789486269, -0.6087310920774105, -0.40693466360726865, -0.017741980179643534], [-0.770100826067946, -0.47863731011882804, -0.27515016223573907, -0.02943432611466654, 0.6674465540983188, -0.1167711249303175, -0.717134457685133, -0.3245432088271807, 0.14274323421949614, 0.13418859814782694, 0.32411973392799565, 0.5700196633156186, -0.004864864472530768], [-0.38453048685581953, 0.24330719327884467, -0.5204438500848204, -0.6704970864051092, -0.43477521587556517, 0.2654687498829777, 0.4700647652097718, -0.29052333842548883, 0.6550389993575578, -0.07992735093189365, -0.2900552346317054, 0.3204715742632337, 0.008537943317442925]], "inverted": true, "swapped": true, "error_lsq": 0.052423179558266905, "error_max": 0.3677404451141322, "target": "1154.xyz", "model": "27.xyz", "model_rescale": 3.6321398670334006, "target_rescale": 3.8084882227293324},
