[{"mapping": [5, 13, 2, 1, 4, 12, 0, 11, 8, 3, 7, 10, 6, 14], "R": [[0.6203695088751439, 0.1999370084592192, 0.7583975640166514], [-0.5627580591376331, 0.7869977668141799, 0.2528594113438093], [-0.5463012349735783, -0.5836606100105366, 0.6007455809146427]], "T": [-0.019388963235161545, 0.0920314547538936, 0.19770267602871877], "aligned_model": [[0.09486809044318553, 0.348334978529818, -0.510406924850906, -0.3717100105106615, -0.6552679872228825, -0.016378276714821345, -0.8188376943445641, 0.16109275198926906, -0.40916405168610664, 0.10761599136553562, 0.6429636006531959, 0.2950282367621689, 0.5795720745950232, -0.07621867787995043], [-0.5579501253570166, -0.35057181249143166, -0.4251443610387986, -0.414402495319075, 0.39834350723446366, 0.24502355715963345, 0.1803821374000291, 0.3121701238490908, 0.7259051436114876, -0.17194589460185514, 0.5942636329092311, 0.6264107671002961, -0.032628006783761654, 0.10541715813774138], [0.11604710856671031, -0.3586528647463518, 0.46316923510567315, -0.32414667533358393, 0.5899431619170689, -0.3523130943491482, -0.07114977701347236, 0.7233921264483958, -0.09794037514314385, 0.6429131671836166, 0.3910472323561632, -0.10506281024506486, 0.1599293699141325, 0.12041228251883872]], "inverted": false, "swapped": true, "error_lsq": 0.04956920485278438, "error_max": 0.3441784106334438, "target": "1156.xyz", "model": "0.xyz", "model_rescale": 3.8414455957264533, "target_rescale": 3.9055109978547495},
{"mapping": [13, 11, 0, 4, 9, 1, 3, 5, 8, 6, 10, 2, 12, 1, 14], "R": [[-0.41752815970388013, 0.08617793840550358, -0.9045681836027997], [0.8884940455375283, 0.2473030736938482, -0.3865482127573886], [0.19039056410086985, -0.9650982088232019, -0.17982458237849527]], "T": [-0.15264547238894163, 0.03160459015875473, -0.003951506946156522], "aligned_model": [[-0.402091415659555, 0.3560261766022039, -0.0437473045669865, -0.020146726308114565, -0.821419019663747, 0.6721670526030659, 0.49167706430238955, 0.043866089184559864, -0.4477165516517988, -0.5121382256571924, 0.1443908969231852, -0.4425951173721172, 0.15531095664191083, 0.6721670526030659, -0.06374853455979425], [-0.03167641222462954, 0.018188110531846338, -0.625716422145232, -0.3916518940384258, 0.016404854634791202, -0.21116336407641456, -0.10263670291093481, 0.2927516417215394, 0.6412540858143219, 0.5288071195978661, 0.6349385394625617, -0.10450245904634035, 0.5240112664237172, -0.21116336407641456, 0.043979404921073745], [-0.7171269669575887, -0.6875731520957402, -0.2895870182815822, 0.3108742634733584, -0.1381922999224966, -0.10010716294995704, 0.4205536473060406, 0.5683318220181789, -0.4108457783854781, 0.4793514817168609, 0.12308723255377253, 0.6608859184062696, -0.4989141791299595, -0.10010716294995704, -0.006814629644794418]], "inverted": false, "swapped": false, "error_lsq": 0.04591585584686471, "error_max": 0.299983128407846, "target": "1156.xyz", "model": "1.xyz", "model_rescale": 4.316132596720782, "target_rescale": 3.9055109978547495},
{"mapping": [2, 0, 4, 6, 11, 5, 10, 13, 8, 1, 12, 14], "R": [[-0.2969884922316376, 0.5021438679705571, -0.8121880147733936], [0.6898869645901836, 0.7009050794427273, 0.18107469646509694], [0.6601922534917547, -0.5065408231040732, -0.5545832516029733]], "T": [-0.16950175702845083, -0.011607350699221987, -0.12879837383859113], "aligned_model": [[-0.1747483040295273, 0.5878484222033823, 0.1421279800916867, -0.6097835134535378, -0.5424985976978682, -0.4309453826855767, -0.011449116129463643, -0.24057681561676755, 0.5124569040469401, 0.2191804248263985, 0.2233266663232616, -0.07713011324714772], [-0.6459396066459071, -0.37503181523537765, -0.6617436682259986, 0.4104351806518908, -0.1942384259473676, -0.011656670929290463, 0.5269991606774993, 0.5319912734973218, 0.04621462618082851, -0.012681414835139388, 0.3949850224264416, 0.0034427661260790724], [0.2914836979518082, -0.012397674109618478, -0.49243484201459997, -0.06753496278205726, -0.5588022443423792, 0.4826307624209156, -0.5300573343666142, 0.45438162332594145, -0.5443874621012977, 0.5796204426477137, -0.04941659243215324, -0.10382695298823841]], "inverted": false, "swapped": true, "error_lsq": 0.04403740847624555, "error_max": 0.26705209616854697, "target": "1156.xyz", "model": "2.xyz", "model_rescale": 3.795458400668931, "target_rescale": 3.9055109978547495},
{"mapping": [2, 0, 1, 10, 3, 6, 12, 4, 8, 9, 5, 14], "R": [[-0.7574175161416314, 0.2134468251518122, 0.6170568523843273], [0.5390194923009091, -0.32893237636839895, 0.7754105226886647], [0.36847889106638376, 0.9199151833779295, 0.1340871441609462]], "T": [0.06791534503027447, 0.15271584598106125, 0.045866437564685524], "aligned_model": [[-0.16493806569214958, -0.07580756872132699, -0.6707673581926059, 0.2818621894097496, 0.16883433007378051, -0.026116561558548662, -0.180129921408215, 0.5306375443176151, 0.3324971949769754, 0.8415554438807709, -0.4689610836237929, 0.024637682281312738], [0.017875544545133515, -0.6622017498130751, -0.15330167605321043, 0.11641205551007211, 0.5199359660276586, 0.6977605161147608, -0.10056494300674984, -0.3616730467215876, -0.5207065913423637, 0.0022742057138160354, 0.45891251568103375, 0.07104624863422176], [-0.6659195831479143, -0.1397643638426508, -0.07089550753907345, 0.7008436489041939, -0.32694909697102664, 0.31007362320961457, 0.4933654688746776, -0.3704435896544466, 0.3888299229348397, 0.4942885409725987, -0.1995019799559385, 0.07484434685422597]], "inverted": false, "swapped": true, "error_lsq": 0.04649029565303963, "error_max": 0.23370159925240544, "target": "1156.xyz", "model": "3.xyz", "model_rescale": 3.7530521520055578, "target_rescale": 3.9055109978547495},
{"mapping": [6, 2, 1, 0, 12, 4, 10, 11, 9, 8, 14], "R": [[0.05719806537073768, 0.3926114709775299, -0.9179240786550407], [-0.9759595799563638, -0.1716957321721888, -0.13425153200337847], [-0.2103123382239923, 0.9035357261396568, 0.37335226258861864]], "T": [-0.19852322367299716, -0.17175098729677585, -0.09978940881221346], "aligned_model": [[-0.5221255189999259, -0.15129576288905863, 0.40761214350189146, 0.4891047931993633, 0.25308498766886156, -0.13308029273762273, -0.11188952731349228, -0.7205309628868642, -0.3673212219692574, 0.29673415079734355, -0.10209318592603389], [-0.684209167621885, 0.14251032427266175, -0.3914359821101615, 0.3061048402478188, -0.4198321467734069, 0.6330665609497488, -0.36912133263408564, 0.06865508016798094, 0.1538352104932008, 0.19486799893739992, -0.16723802761492634], [-0.008196304697778545, -0.7912019861181476, -0.5868937419593093, -0.234055103601058, 0.14605354320705463, -0.10257189644130472, 0.5556691438309698, 0.06482202569601661, 0.7295084484624358, 0.4115186574985529, -0.09182200863211462]], "inverted": false, "swapped": true, "error_lsq": 0.04111178549590883, "error_max": 0.24473187495647944, "target": "1156.xyz", "model": "4.xyz", "model_rescale": 3.7855080009869324, "target_rescale": 3.9055109978547495},
{"mapping": [12, 13, 14, 9, 2, 15, 10, 5, 1, 0, 4, 3, 6, 8, 16], "R": [[-0.08252905333839344, -0.9328063690184687, -0.3508008455999633], [0.9963249150309863, -0.06912895099604577, -0.0505752095663915], [0.022926383133122508, -0.3536855468530866, 0.9350833732366683]], "T": [0.03983390434614072, 0.11296073881587632, -0.07611867302108266], "aligned_model": [[-0.29770109494483393, 0.36457835975546354, -0.22081018132538582, -0.09636051723908702, -0.6225051409310675, 0.47487898573110027, 0.46414936142200586, -0.014027201787726526, -0.5526923632057685, -0.5057898046221677, -0.031382814506739395, -0.3030353507035553, 0.386928963683698, 0.7208381233453215, 0.01493306874981851], [0.028040043543772666, -0.006078056243459251, -0.464332921760388, -0.4903426239625198, -0.1830904365938017, -0.5838122285065965, -0.1259307918093465, 0.41691340118246956, 0.5402621631509537, 0.5309712165341183, 0.8385671381290353, -0.10137463616894041, 0.5972591188609059, -0.04073862489426472, 0.0655116431273869], [-0.6608612341351999, -0.712702086901088, -0.31380352444367576, 0.27657120667266005, 0.0633315984684921, -0.14365618746487888, 0.4659620438065152, 0.6720891890771443, -0.2746886959640922, 0.29271176505303714, 0.0480759971422149, 0.4886092494079617, -0.3426841751705172, -0.16511099439789503, -0.08002813599375119]], "inverted": true, "swapped": false, "error_lsq": 0.04289824281234827, "error_max": 0.2895733245383112, "target": "1156.xyz", "model": "5.xyz", "model_rescale": 4.2253639853439635, "target_rescale": 3.9055109978547495},
{"mapping": [4, 2, 12, 8, 0, 13, 10, 9, 5, 3, 1, 6, 7, 14], "R": [[-0.6752181850142635, 0.0842712035056983, 0.7327883506755175], [0.4309802897387633, -0.7611605481909505, 0.4846551451644183], [0.5986120550763538, 0.6430653031670679, 0.47763021615043516]], "T": [0.0707144596071887, 0.04969007724888684, 0.009319214273349617], "aligned_model": [[0.4645061624304547, -0.12967708005406384, -0.25015358530693454, 0.18649498935837458, -0.2006685457555747, -0.5750884211907819, 0.22648287647645848, 0.7708014021426697, -0.38430092778522523, 0.26182683707521986, -0.6998597359698195, 0.05534134482734926, 0.6366566755278098, 0.01170016098184732], [-0.2814131856938189, 0.31723861017232446, -0.3338515880023892, -0.7420515178324845, -0.5341828376866771, 0.26728669980819614, -0.3341293924240689, -0.4399618875873648, 0.5313713052918121, 0.5233972380986981, -0.01716327123328383, 0.40958214393416703, 0.10498833424739783, -0.026011504457518014], [-0.6130315947311952, -0.6742764048034438, 0.284768817768212, -0.02009850585628106, -0.5426313649529046, 0.4291291549350209, 0.5611390941278075, 0.31321606967630117, -0.04673925773103062, -0.14268166019296802, -0.22451459543910207, 0.5052652763842007, 0.6457009457344086, -0.0036877659875770505]], "inverted": false, "swapped": true, "error_lsq": 0.04879403390171083, "error_max": 0.2863602110995779, "target": "1156.xyz", "model": "6.xyz", "model_rescale": 3.89814844738969, "target_rescale": 3.9055109978547495},
{"mapping": [6, 10, 11, 13, 3, 8, 12, 5, 1, 0, 4, 2, 14], "R": [[-0.16807267417522503, -0.5740989654619809, 0.8013500820809042], [-0.9741365636122866, 0.22127185631216334, -0.04578996656271833], [-0.15102824778575083, -0.7883204573393061, -0.5964405459986044]], "T": [0.032697794340526, 0.0885828506585631, -0.10001031009208672], "aligned_model": [[0.250471511703576, -0.2027101713520831, 0.5463019275033602, -0.2612844560198048, 0.5272615943496959, -0.48533611968740886, -0.48936673269179587, 0.10342844785016654, -0.49994912425033633, -0.5358999706054406, 0.09445486431886688, 0.16292412614987511, -0.061664096364448445], [-0.37047397620136513, 0.16768886858575854, 0.3351021359376946, -0.6536510091949584, -0.007403278677672986, 0.6599420537839658, -0.011006315402455252, -0.47202582356753564, -0.2577711905203563, 0.5259420363637057, 0.8318194309687293, 0.11274223656222686, 0.10287609683274833], [-0.44288429070809787, -0.7437584692449853, -0.28118182503695616, -0.1575721988254395, 0.07382867171560395, -0.3152190729942691, -0.30848962060994023, 0.25057983456807076, 0.39924748897745393, 0.3523383194858767, 0.20951716107792978, 0.6493223154051051, -0.0834532829740564]], "inverted": false, "swapped": true, "error_lsq": 0.04419429556697098, "error_max": 0.20391639294656114, "target": "1156.xyz", "model": "7.xyz", "model_rescale": 3.7474275329858107, "target_rescale": 3.9055109978547495},
{"mapping": [8, 5, 3, 0, 2, 6, 10, 12, 4, 13, 12, 1, 11, 7, 14], "R": [[-0.8137890931423668, 0.17057217283780168, 0.5555649788601831], [0.5660664742862872, 0.4491009252539846, 0.6912865582557696], [-0.13159049574956638, 0.87704817016479, -0.4620286231814834]], "T": [-0.0020047782052000796, 0.09651790924154847, -0.034102284624491906], "aligned_model": [[-0.3119602561436689, 0.27195433530501145, -0.11519362727216562, 0.07376400862491404, -0.7987106297680153, 0.5007119008296376, 0.647240449043247, 0.03925378627016955, -0.6279887064793885, -0.4339136587036502, 0.03925378627016955, -0.47749174337996714, 0.3995679090080215, 0.633779831361577, -0.058264991544815806], [0.09525091583851232, -0.18633560812787653, -0.5402210506833192, -0.4704107968557272, -0.15478801001841452, -0.5380732121774041, 0.02025721270056481, 0.46485817666100826, 0.44527741845171925, 0.8566218938645698, 0.46485817666100826, -0.20655506037707916, 0.5710749565941226, 0.08555784512883143, 0.11445154692880959], [-0.6416681759319095, -0.6324013368202405, -0.3437574449969712, 0.29310433323664353, -0.13751706538778866, -0.14137831938605844, 0.35051219865254074, 0.45911754167423696, -0.3483263641018965, 0.17520246973944975, 0.45911754167423696, 0.4627485391498971, -0.0379676801056791, -0.27810113535269365, -0.024869086886840655]], "inverted": false, "swapped": false, "error_lsq": 0.05520483439992639, "error_max": 0.34296445266322156, "target": "1156.xyz", "model": "8.xyz", "model_rescale": 4.019505241142653, "target_rescale": 3.9055109978547495},
{"mapping": [8, 12, 10, 9, 4, 11, 6, 0, 2, 1, 13, 3, 14], "R": [[0.41201680348367664, 0.47610114539512116, -0.7768975820534825], [-0.9022462127839606, 0.09409513647483617, -0.4208299856340829], [-0.12725535416670658, 0.8743419266198071, 0.46832923268857607]], "T": [0.10014822833484417, 0.01817135536903927, 0.05494410466469882], "aligned_model": [[-0.24546733761964318, -0.42427220737222304, -0.08982635846756594, 0.3352932203605194, 0.34532624817398483, 0.6647328745540984, 0.19963056528598594, -0.3464084253982411, 0.2127747049262188, -0.5170314434014697, -0.3754070456163956, 0.5479857434400278, 0.012370232875879322], [-0.5636550230063119, 0.04987480235158952, 0.090616487076805, -0.31650052758104597, -0.7469757769696821, -0.028593422020513543, 0.599575398043692, -0.6616283253575485, -0.20743449731111818, 0.05253271565330439, 0.6478664106796095, 0.17045791535442847, -0.022757928799150222], [-0.37301995072508176, -0.16846380333867764, -0.6044099156139936, -0.7543368329511405, 0.13531455865094064, -0.13595197778091989, -0.11177041971937124, 0.2950801231917299, 0.7728990009258411, 0.5753677411109525, 0.18903868326171588, 0.300457942589628, 0.056498344442255384]], "inverted": true, "swapped": true, "error_lsq": 0.05020964210738043, "error_max": 0.26432844238999414, "target": "1156.xyz", "model": "9.xyz", "model_rescale": 3.877068213659057, "target_rescale": 3.9055109978547495},
{"mapping": [0, 1, 5, 3, 12, 4, 2, 14, 11, 10, 9, 6, 8, 7, 15], "R": [[0.8973148024616993, 0.43560916069731315, -0.07120958081398865], [0.43690527267597634, -0.8995026900789492, 0.0029484315600805666], [-0.06276884570431696, -0.03375751260558322, -0.9974570177965723]], "T": [-0.010106427966371826, 0.03609696629965207, 0.09089294555698027], "aligned_model": [[-0.33249283331322405, 0.27887318307104897, -0.16450618391299762, -0.10675426773638354, -0.6872494757042961, 0.4882818150287196, 0.5658325803740543, 0.013791954518860476, -0.45934139139851554, -0.4584999452488413, 0.18055806408423863, -0.4716209829653948, 0.27037155386058137, 0.7156721039216113, -0.050913781158386066], [0.10092597663168135, -0.2621047049078193, -0.5360972276304911, -0.5832622973485561, -0.14880417955257316, -0.4214784773983715, 0.225531211354535, 0.47707384917945755, 0.5175349273902903, 0.5079795101071352, 0.6539102420670417, -0.15007654274370869, 0.5677196644620004, 0.030686814778494907, 0.04228563820020882], [-0.6341106687103519, -0.6709949450786215, -0.41876376443395635, 0.1899618121557484, -0.16500561808935874, 0.07287761003989073, 0.360641501478672, 0.7347017702237326, -0.24236478280758997, 0.37281651315769104, 0.22355458905766606, 0.45510210960887953, -0.3928759500088279, -0.2826078206107081, 0.010883659174060395]], "inverted": true, "swapped": false, "error_lsq": 0.03855888463312055, "error_max": 0.21288950965922246, "target": "1156.xyz", "model": "10.xyz", "model_rescale": 4.260839863003843, "target_rescale": 3.9055109978547495},
{"mapping": [9, 4, 2, 11, 5, 6, 10, 8, 0, 1, 12, 14], "R": [[-0.5250639498489637, 0.7914328073323912, -0.31295680220595234], [0.7874768708119956, 0.5912609902577136, 0.17404200451504806], [0.32278170100728, -0.15506306097016967, -0.9336848615123888]], "T": [-0.14624171751209064, 0.04949281014208526, -0.09849597190376955], "aligned_model": [[0.48186821186564294, 0.22582848281075812, -0.47786254366991776, -0.22544066362263307, -0.7083175993936934, -0.47962641435017034, 0.28485485944457295, 0.6508520698445417, 0.34917191844965584, -0.23912984040519614, 0.18063787389615427, -0.08393770577558483], [0.09835846645679105, -0.6630758169866665, -0.5255199682039153, -0.15521359730170206, 0.14565867295348828, 0.5090533977320737, 0.5202007475302934, 0.0017957872775006684, -0.35491126478603385, 0.10573560394408252, 0.4307582216577768, 0.06023825525924557], [-0.7506647665808178, -0.17486038165023807, 0.27356570235936806, -0.6545597228625394, 0.2435876294761157, -0.32953674556163026, -0.36055730787793083, -0.039404729943559175, 0.45848556440418564, 0.7022166834400889, 0.17301722114356652, -0.02511106895110468]], "inverted": false, "swapped": true, "error_lsq": 0.03931205819318523, "error_max": 0.2050877089189077, "target": "1156.xyz", "model": "11.xyz", "model_rescale": 3.890672605050136, "target_rescale": 3.9055109978547495},
{"mapping": [6, 7, 10, 13, 12, 2, 11, 1, 5, 4, 8, 9, 0, 14], "R": [[-0.7873930106749245, -0.5893090863188797, 0.18090618431188485], [0.5877779828674194, -0.8061728924733214, -0.06784032943247181], [0.18582058442644575, 0.05291567086606859, 0.9811578069710336]], "T": [0.027332961332078416, -0.09432611768626192, 0.051740132178510805], "aligned_model": [[0.34477703351044964, 0.1547691681155828, 0.4287069863412208, 0.7020732791661938, 0.5104574611506216, -0.4243887948955967, -0.35759479066056216, 0.3354384110911267, 0.1693110947541387, -0.6249031863783272, 0.08958803463004605, -0.07436458894331904, -0.11256389718982554, 0.06856962410194403], [-0.30373059191335894, 0.27736759345368606, 0.4157503589050015, -0.52456935859342, 0.11528543687726164, -0.5566043835237091, 0.03737289336361049, -0.481574666465336, -0.741353656120183, 0.2606223500007971, 0.6197596524342008, 0.7347590254357723, 0.14320623530712626, -0.06413836933368403], [-0.428988643803105, -0.7058441835416847, -0.18236933980581255, 0.06805866205575067, 0.2721640627413155, 0.4533471751237049, -0.38628963584904796, 0.6905216323445275, 0.11001478047777821, 0.36894889359418165, 0.40857497558539424, -0.3011189136496797, 0.8537457484683236, 0.13402522161521496]], "inverted": true, "swapped": true, "error_lsq": 0.05009358984383526, "error_max": 0.30351933156369293, "target": "1156.xyz", "model": "12.xyz", "model_rescale": 4.124412569039231, "target_rescale": 3.9055109978547495},
{"mapping": [4, 2, 1, 11, 0, 8, 3, 10, 5, 6, 12, 13, 14], "R": [[0.37182597188207, 0.4672496556005021, -0.8021366504375465], [0.6340779461262662, -0.7589415690774619, -0.14816495186965192], [-0.6780048708307707, -0.4535255825942487, -0.5784668884753019]], "T": [0.002636052786024773, 0.07204328190595302, -0.059878955610535974], "aligned_model": [[-0.20585990017960715, -0.0890991106159629, 0.6250316276676867, -0.5618946032783471, 0.4834461819410074, 0.3684603498112142, -0.4481460269142995, 0.17952880323228096, 0.07718978681042087, -0.12591247988290397, 0.5217582952308266, 0.45057636099315257, 0.09221902269428836], [-0.3109161933678597, 0.523405957631221, 0.5247316873357977, -0.1189416076718581, -0.12092761232607827, -0.6091092202803304, 0.353579161553078, -0.4194863486598357, 0.7307048764783705, 0.27278619990228115, -0.08342852668567693, 0.5542463368676538, 0.0508406657317142], [0.6197483564563969, 0.5458423927139331, 0.18635095243107735, -0.10693202947803643, 0.6115297217124002, 0.14827757006299655, -0.020385335964222658, -0.5106493427390538, -0.11284125422582594, -0.6245901069678307, -0.2395275276297384, -0.5153783862835486, -0.029746929120708837]], "inverted": false, "swapped": true, "error_lsq": 0.03500787909351979, "error_max": 0.18696476488520605, "target": "1156.xyz", "model": "13.xyz", "model_rescale": 3.9028299243045295, "target_rescale": 3.9055109978547495},
{"mapping": [0, 8, 2, 1, 3, 12, 11, 9, 4, 7, 10, 6, 5, 12, 15], "R": [[-0.7641379169986012, -0.6287973026884466, -0.14389995113540838], [-0.10888052356385441, 0.3456123842428246, -0.9320392220536919], [0.6357973540315339, -0.6965386076806686, -0.33255930691648966]], "T": [0.0014745533491624836, 0.08208026807206993, -0.04381211229751727], "aligned_model": [[-0.47613969555329433, 0.23571785945224158, -0.15551948809096847, 0.09781427482279248, -0.6185938539556829, 0.6623316340285156, 0.45259993605602955, -0.08777115869183638, -0.3521336608887098, -0.496322662518793, 0.04569894129993929, -0.3859343122066339, 0.23119991636990522, 0.6623316340285156, -0.03327697073094463], [-0.012576168425286624, -0.16878198428326624, -0.5816780622877563, -0.4541202684276563, 0.03562773150397823, -0.11551742491295293, -0.10926670592932401, 0.2572016610939747, 0.5574549737831244, 0.6555411358738001, 0.8131877567743935, -0.19555801234265513, 0.33051322935519434, -0.11551742491295293, 0.12531396772671055], [-0.7147377397106403, -0.7356974810160142, -0.3211702190584603, 0.31031554613457313, -0.08905343574161673, -0.13580863181779987, 0.5091154715288086, 0.705996634685355, -0.3729676893068397, 0.45011958420653275, 0.09358747111791879, 0.42227759836595835, -0.4280114811000157, -0.13580863181779987, 0.05565901868696705]], "inverted": true, "swapped": false, "error_lsq": 0.046633148608589296, "error_max": 0.3725899266031605, "target": "1156.xyz", "model": "14.xyz", "model_rescale": 3.942246331269136, "target_rescale": 3.9055109978547495},
{"mapping": [12, 3, 13, 11, 8, 4, 10, 9, 0, 7, 2, 6, 5, 3, 14], "R": [[0.8766924659421579, -0.37392126924303665, -0.30264369243044636], [-0.2386766577312434, 0.20812397841057162, -0.9485345869628574], [0.4176646659875612, 0.9038071110686352, 0.09321444505690409]], "T": [0.009776980291418703, 0.038454291332422105, -0.013106607835124814], "aligned_model": [[-0.11666816732294123, 0.529386694512001, -0.13545181090133682, -0.23645178406950076, -0.7548001279619008, 0.39237305760724156, 0.4495348298922587, 0.19254955551780478, -0.4990695706498305, -0.4998376827419144, -0.11212265947757048, -0.27555310036806546, 0.3537283654513109, 0.529386694512001, -0.03500190057848139], [-0.135352992198516, 0.042850072026130434, -0.6496292385389602, -0.568623236891911, -0.0532042460119536, -0.4038503787650609, -0.21188939325486028, 0.4463450156825638, 0.5184700643396425, 0.5610840300193524, 0.7919639449360736, -0.014496729706145614, 0.5527619206401231, 0.042850072026130434, 0.10254550028671651], [-0.801699602350754, -0.509628865644726, -0.4210030415456264, 0.2783368600671062, 0.06345372363406586, -0.053736613435741314, 0.48982637909739885, 0.6565064512270422, -0.23977272380249368, 0.43201198264441476, -0.009700966958304044, 0.46498577212950737, -0.1544029817149876, -0.509628865644726, -0.07173149254524923]], "inverted": false, "swapped": false, "error_lsq": 0.06127972063942839, "error_max": 0.4250225230472766, "target": "1156.xyz", "model": "15.xyz", "model_rescale": 4.355366556412066, "target_rescale": 3.9055109978547495},
{"mapping": [2, 0, 4, 6, 11, 5, 10, 13, 8, 1, 12, 14], "R": [[-0.2969884922316376, 0.5021438679705571, -0.8121880147733936], [0.6898869645901836, 0.7009050794427273, 0.18107469646509694], [0.6601922534917547, -0.5065408231040732, -0.5545832516029733]], "T": [-0.16950175702845083, -0.011607350699221987, -0.12879837383859113], "aligned_model": [[-0.1747483040295273, 0.5878484222033823, 0.1421279800916867, -0.6097835134535378, -0.5424985976978682, -0.4309453826855767, -0.011449116129463643, -0.24057681561676755, 0.5124569040469401, 0.2191804248263985, 0.2233266663232616, -0.07713011324714772], [-0.6459396066459071, -0.37503181523537765, -0.6617436682259986, 0.4104351806518908, -0.1942384259473676, -0.011656670929290463, 0.5269991606774993, 0.5319912734973218, 0.04621462618082851, -0.012681414835139388, 0.3949850224264416, 0.0034427661260790724], [0.2914836979518082, -0.012397674109618478, -0.49243484201459997, -0.06753496278205726, -0.5588022443423792, 0.4826307624209156, -0.5300573343666142, 0.45438162332594145, -0.5443874621012977, 0.5796204426477137, -0.04941659243215324, -0.10382695298823841]], "inverted": false, "swapped": true, "error_lsq": 0.04403740847624555, "error_max": 0.26705209616854697, "target": "1156.xyz", "model": "16.xyz", "model_rescale": 3.795458400668931, "target_rescale": 3.9055109978547495},
{"mapping": [6, 10, 11, 13, 3, 8, 12, 5, 1, 0, 4, 2, 14], "R": [[-0.16807267417522503, -0.5740989654619809, 0.8013500820809042], [-0.9741365636122866, 0.22127185631216334, -0.04578996656271833], [-0.15102824778575083, -0.7883204573393061, -0.5964405459986044]], "T": [0.032697794340526, 0.0885828506585631, -0.10001031009208672], "aligned_model": [[0.250471511703576, -0.2027101713520831, 0.5463019275033602, -0.2612844560198048, 0.5272615943496959, -0.48533611968740886, -0.48936673269179587, 0.10342844785016654, -0.49994912425033633, -0.5358999706054406, 0.09445486431886688, 0.16292412614987511, -0.061664096364448445], [-0.37047397620136513, 0.16768886858575854, 0.3351021359376946, -0.6536510091949584, -0.007403278677672986, 0.6599420537839658, -0.011006315402455252, -0.47202582356753564, -0.2577711905203563, 0.5259420363637057, 0.8318194309687293, 0.11274223656222686, 0.10287609683274833], [-0.44288429070809787, -0.7437584692449853, -0.28118182503695616, -0.1575721988254395, 0.07382867171560395, -0.3152190729942691, -0.30848962060994023, 0.25057983456807076, 0.39924748897745393, 0.3523383194858767, 0.20951716107792978, 0.6493223154051051, -0.0834532829740564]], "inverted": false, "swapped": true, "error_lsq": 0.04419429556697098, "error_max": 0.20391639294656114, "target": "1156.xyz", "model": "17.xyz", "model_rescale": 3.7474275329858107, "target_rescale": 3.9055109978547495},
{"mapping": [4, 2, 0, 3, 9, 10, 8, 1, 11, 12, 6, 5, 13, 14], "R": [[0.6438622190715739, -0.2936330207998816, 0.7065557953538879], [-0.5988687126305303, 0.3813590985327215, 0.7042169431351121], [-0.4762328294904501, -0.8765528432799968, 0.06969508629217426]], "T": [-0.05127868916290146, -0.07578071109662192, -0.01225225102737984], "aligned_model": [[0.5374193676686921, 0.09982696971228872, 0.7517695390852571, -0.38077302597346263, 0.15861629627894624, -0.03134050007204986, 0.6254650462439456, 0.1748876406973799, -0.24649848913758193, 0.14379704832901552, -0.6187970016519931, -0.4010929244136885, -0.4213876249415407, 0.022955306057668073], [-0.3805994601455091, 0.32301680837508434, 0.1849619153023193, -0.12581982830267657, -0.9118408439322266, -0.42674958187064066, -0.343452747756692, 0.6965528248156502, -0.5757122769975018, 0.08898572080686036, -0.09726048613303655, 0.46989306229025946, 0.4907738762114376, -0.03234074115209465], [-0.47327495494047644, -0.6424661634233094, -0.09182978673533838, -0.428132341509486, 0.2691400407465062, 0.5814730096445607, 0.3216562455505335, 0.060424514172021535, -0.27558045034837775, 0.4983654874580654, 0.21836152370911605, -0.1608069357394566, 0.4151647731206175, 0.032299756956678805]], "inverted": true, "swapped": true, "error_lsq": 0.044477977774268214, "error_max": 0.3123686901174172, "target": "1156.xyz", "model": "18.xyz", "model_rescale": 3.922800546911778, "target_rescale": 3.9055109978547495},
{"mapping": [4, 13, 11, 9, 10, 7, 3, 0, 6, 1, 5, 2, 8, 12, 14], "R": [[0.4522222276352591, -0.6414667672086586, -0.6196897961072756], [0.8918389806559207, 0.3167458770139514, 0.3229478007004718], [-0.01087609374788212, -0.6987076899258629, 0.7153245938895516]], "T": [-0.009808630583813926, 0.147207177024586, -0.06270151476044135], "aligned_model": [[-0.38821078591309127, 0.28840283152408813, -0.09482456520875457, -0.1970203418996027, -0.69786047700098, 0.45512795230348113, 0.3696450073797616, 0.1732213925814589, -0.575729384347015, -0.4311063134529993, 0.4231744571812556, -0.423892072621846, 0.06687279178765129, 0.7763217674706615, 0.03788013363700658], [-0.0004907154010663495, -0.05505282848358442, -0.47124948342883144, -0.5407017768320466, -0.26559431085096763, -0.5019392591290552, -0.06374903679789876, 0.36294564178446076, 0.4440028203427314, 0.6505770642377534, 0.7184831550733043, -0.10231809051137622, 0.6195671338061302, 0.16239397528801636, 0.06495011549175495], [-0.6617543342240869, -0.6474874250382863, -0.40552400931040383, 0.3303331303601526, -0.14504370026072877, -0.037130097498825135, 0.4070448594363109, 0.7236823362436661, -0.3223432265106342, 0.2795119317782712, 0.19941129072532987, 0.4658824489376911, -0.4439975738982793, -0.08225664144709534, -0.04651297413615508]], "inverted": true, "swapped": false, "error_lsq": 0.0484615443960612, "error_max": 0.3681801336512433, "target": "1156.xyz", "model": "19.xyz", "model_rescale": 3.9282355846067225, "target_rescale": 3.9055109978547495},
{"mapping": [5, 1, 0, 13, 6, 12, 10, 8, 7, 11, 2, 3, 4, 14], "R": [[0.7912537774060836, -0.38765034538259874, 0.4729108472697109], [0.1927266222527808, -0.5758642207297774, -0.7945041525116909], [0.5803222456666967, 0.7197969220606866, -0.38094419824473486]], "T": [-0.05553992247824528, -0.07203675000581433, 0.08345952903596207], "aligned_model": [[-0.547370066269871, -0.062239729703725086, 0.638374864061144, -0.575169709817256, -0.5936323646966759, 0.08159287328505917, 0.06244602641973397, 0.6682987978220721, -0.2651868590586662, -0.09706746210287352, -0.023422354535014914, -0.354870467067695, 0.5979563146056704, 0.0028129561427743255], [-0.5194726709469443, -0.7975765421179807, -0.5490989078680021, -0.32672981806744655, 0.18184632207171564, -0.08913400062564866, 0.4488970405356718, 0.10532805621541108, 0.754769135431572, 0.33335076594270535, -0.6946743014111487, -0.08763844779227839, -0.1221139849848949, -0.11487055895789551], [0.0733320019070487, -0.27217980273436804, -0.017037858298945247, -0.46950191850436995, -0.06392106054142102, -0.470467610255473, -0.35333981452043384, -0.20932796936038497, 0.055703684351706945, 0.5208615258417755, 0.519731117003431, 0.5241232250699793, 0.5551127322121705, 0.01909490507296703]], "inverted": true, "swapped": true, "error_lsq": 0.0441687364848592, "error_max": 0.23421079946873197, "target": "1156.xyz", "model": "20.xyz", "model_rescale": 4.067790424073018, "target_rescale": 3.9055109978547495},
{"mapping": [4, 2, 6, 11, 5, 3, 12, 9, 8, 1, 7, 10, 0, 3, 14], "R": [[0.6469777623369801, -0.6799407616344546, -0.3451091649165402], [0.30956062520400895, 0.6478367643824916, -0.696045793060864], [0.6968443114245368, 0.3434939408233889, 0.6296188674530657]], "T": [-0.10512863850822388, 0.04200584605679917, -0.04224283476862868], "aligned_model": [[-0.42270724409646243, 0.2552978676787324, -0.13433132110188511, 0.09840452973865735, -0.6788039996774639, 0.6427199259653765, 0.47248496584439204, -0.007678454737660212, -0.37593702154474695, -0.6159847969903773, -0.08926023334681502, -0.27138522668070364, 0.3710994606352246, 0.6427199259653765, -0.10463598423056913], [0.03475524654602866, -0.021000344766084277, -0.5800388872520386, -0.47286573955317596, 0.04518132323771446, -0.3429164014841775, 0.029606938045664714, 0.4338352957223662, 0.48149359549928106, 0.5105546431692152, 0.7766231540094726, -0.057577568507718856, 0.49096523038551126, -0.3429164014841775, 0.03612432102144396], [-0.7781529874473664, -0.6901972198103431, -0.4419482960616192, 0.29169391632954655, -0.18135651917782464, -0.1699237049630244, 0.4609695041546119, 0.6218528236471995, -0.2844849336948465, 0.3968392889214433, 0.0871772632949505, 0.7538279610696473, -0.3181056599741291, -0.1699237049630244, 0.03554828383170541]], "inverted": false, "swapped": false, "error_lsq": 0.04889476077392841, "error_max": 0.41651564200069313, "target": "1156.xyz", "model": "21.xyz", "model_rescale": 4.186013935880536, "target_rescale": 3.9055109978547495},
{"mapping": [13, 6, 5, 0, 8, 1, 12, 10, 3, 11, 9, 4, 14], "R": [[-0.09504136442586508, -0.7413872791845739, -0.6643132102490246], [-0.27211924663833775, -0.6225681322516038, 0.7337302203901195], [-0.9575584862853306, 0.25050713157122784, -0.14257602314169848]], "T": [0.03590310504929959, 0.06643520043438628, -0.03118889141775882], "aligned_model": [[0.03577023911118273, -0.30618531215020695, 0.4013424860377866, 0.5196476160956883, -0.1546792223669815, 0.5952295201949706, -0.12007773385807044, -0.5865294969385801, 0.1679389518467009, -0.2010927099365351, -0.6609248528200685, 0.3077806518573943, 0.060353898349944535], [-0.2999311708980543, 0.20693303850791772, 0.11703870733781097, -0.41348876283844577, -0.41373442254155574, -0.4468906408809504, -0.4799809790916933, -0.22014557360032877, 0.5639989920011454, 0.5815110649791713, 0.12135557850101242, 0.22647994287681822, -0.024189114806754508], [-0.7428248247276747, -0.5200211746795097, -0.5844444421428299, 0.47365761576265464, 0.580563343034082, -0.3079247828653004, -0.08625550509689227, 0.04965342876689019, -0.16911455756659927, 0.1583207887744188, 0.5464343609752754, 0.7121078766167277, -0.007272565515896907]], "inverted": false, "swapped": true, "error_lsq": 0.05035742765678321, "error_max": 0.28615252554503134, "target": "1156.xyz", "model": "22.xyz", "model_rescale": 4.166573947596378, "target_rescale": 3.9055109978547495},
{"mapping": [0, 1, 4, 3, 8, 2, 12, 14, 7, 10, 13, 9, 5, 6, 15], "R": [[0.5286886030149904, 0.6664306159086183, -0.5256981978490296], [-0.37847365908852426, 0.7394393392033292, 0.5567648992300857], [0.7597671027480732, -0.09539233626557074, 0.6431595849892893]], "T": [-0.0007111722183714385, -0.026923990991166394, 0.08966959388284207], "aligned_model": [[-0.2756731050979969, 0.2997884348671967, -0.250726148379831, -0.09309959636134871, -0.7629004400067877, 0.4063656595156109, 0.4938423606652844, 0.052325330628397254, -0.36988843314305625, -0.38141793209137137, 0.05767382406358337, -0.33585108099093147, 0.19235123577662655, 0.7208403289485072, 0.02837195502719274], [0.03719805443250003, -0.04106179504035708, -0.5105901499840177, -0.6168375027641572, -0.25203912376864773, -0.4844771752777803, 0.04325922750709062, 0.4837431986094983, 0.46592492573618305, 0.5993190004516425, 0.8171455095498253, -0.17059947120701136, 0.605689949195833, 0.054499184716718815, -0.009349427567995127], [-0.6765158024774645, -0.5565495403937801, -0.4036995090255994, 0.1596201459042456, -0.060229830011717056, -0.18915432152560074, 0.5137833453490466, 0.6916529109701091, -0.27392048154144816, 0.24401761544399508, 0.12050803355447653, 0.566626367830713, -0.41390611095367796, -0.13801731744130566, 0.029600509474934422]], "inverted": false, "swapped": false, "error_lsq": 0.041611045417315785, "error_max": 0.2352454984671077, "target": "1156.xyz", "model": "23.xyz", "model_rescale": 4.274766983524099, "target_rescale": 3.9055109978547495},
{"mapping": [0, 11, 10, 12, 6, 13, 1, 5, 2, 3, 14], "R": [[0.7121126710027932, 0.6720678727336773, 0.20302787551589477], [0.28340904334337463, -0.01060536163787322, -0.958940478056758], [-0.6423199031234057, 0.7404136011336907, -0.1980223252761648]], "T": [-0.010825463888441633, 0.21514562637899198, -0.06616876953487946], "aligned_model": [[0.37974894184506813, 0.16448223295402564, -0.5359313975540997, -0.40312277979772243, -0.4506664615392647, -0.5666740739952968, -0.006746162054877103, -0.03140816327662525, 0.6155401861067108, 0.23736720933899297, -0.022694828068835906], [-0.38598751108888546, 0.7863547250736869, 0.389038915144418, -0.11901818582046597, 0.46818214371251815, -0.16610324110890767, -0.5658749373528442, -0.04748001590100165, -0.0764791058033627, 0.4997880287091648, 0.13316571567916347], [-0.5192651642757972, -0.08544202665668488, -0.4786142172586212, -0.31187257056960105, 0.2776822832852992, 0.3654927424811949, 0.14100856991523253, 0.544406766332053, 0.25267765924235475, 0.3098708303111015, -0.1163784387849543]], "inverted": true, "swapped": true, "error_lsq": 0.05082553597010042, "error_max": 0.2677497696236773, "target": "1156.xyz", "model": "24.xyz", "model_rescale": 3.7841303162186577, "target_rescale": 3.9055109978547495},
{"mapping": [14, 10, 11, 6, 13, 7, 1, 4, 12, 5, 2, 3, 9, 0, 15], "R": [[0.0018275182722728711, 0.056234552978049135, 0.998415912948268], [0.9595231375873396, 0.28108009005445567, -0.017587819919654468], [-0.28162387791434085, 0.958035311471523, -0.05344467571377251]], "T": [0.10324514285490675, 0.07253399264656955, -0.07113084639090692], "aligned_model": [[-0.30306231113065285, 0.3080365444973328, -0.2208038069645627, 0.021572129195223375, -0.6243147784295109, 0.42439748161978186, 0.668546452958001, 0.042370077295221006, -0.5213793140158164, -0.4714829151670898, 0.049148200338380646, -0.5162096007332633, 0.029101843379656184, 0.8142468807840072, 0.08183550979436752], [0.25011944684560145, -0.16073186224936203, -0.6134814090948695, -0.4055902711478079, -0.13349272375480253, -0.4831120001377729, 0.1953580947723878, 0.23535009899000175, 0.4864806880173513, 0.5470676125490777, 0.7905892791021313, -0.11747630208583508, 0.5166493333906189, -0.11553582343661838, 0.029630242829223156], [-0.728912437500948, -0.784504961445693, -0.18861580652247795, 0.46436253307690545, -0.27165403791877274, -0.17565006045613243, 0.39618602954651905, 0.6544651050632224, -0.18802536165445125, 0.39130211993845165, 0.15306361012130595, 0.4075901539579083, -0.44450069491224065, -0.050244911127485845, -0.02104526500918398]], "inverted": true, "swapped": false, "error_lsq": 0.04702543832709905, "error_max": 0.25598259298205345, "target": "1156.xyz", "model": "25.xyz", "model_rescale": 4.19342608120988, "target_rescale": 3.9055109978547495},
{"mapping": [2, 0, 4, 6, 11, 5, 10, 13, 8, 1, 12, 14], "R": [[-0.2969884922316376, 0.5021438679705571, -0.8121880147733936], [0.6898869645901836, 0.7009050794427273, 0.18107469646509694], [0.6601922534917547, -0.5065408231040732, -0.5545832516029733]], "T": [-0.16950175702845083, -0.011607350699221987, -0.12879837383859113], "aligned_model": [[-0.1747483040295273, 0.5878484222033823, 0.1421279800916867, -0.6097835134535378, -0.5424985976978682, -0.4309453826855767, -0.011449116129463643, -0.24057681561676755, 0.5124569040469401, 0.2191804248263985, 0.2233266663232616, -0.07713011324714772], [-0.6459396066459071, -0.37503181523537765, -0.6617436682259986, 0.4104351806518908, -0.1942384259473676, -0.011656670929290463, 0.5269991606774993, 0.5319912734973218, 0.04621462618082851, -0.012681414835139388, 0.3949850224264416, 0.0034427661260790724], [0.2914836979518082, -0.012397674109618478, -0.49243484201459997, -0.06753496278205726, -0.5588022443423792, 0.4826307624209156, -0.5300573343666142, 0.45438162332594145, -0.5443874621012977, 0.5796204426477137, -0.04941659243215324, -0.10382695298823841]], "inverted": false, "swapped": true, "error_lsq": 0.04403740847624555, "error_max": 0.26705209616854697, "target": "1156.xyz", "model": "26.xyz", "model_rescale": 3.795458400668931, "target_rescale": 3.9055109978547495},
