[{"mapping": [3, 6, 2, 0, 9, 4, 8, 1, 5, 12, 11, 13], "R": [[-0.7283740810626688, 0.6841878602173427, -0.036853357612665116], [0.34971873649684826, 0.41747999602576663, 0.8386937809840812], [0.5892096429787628, 0.5979945023572876, -0.5433549224690057]], "T": [-0.09146602025753996, -0.06659577997252925, 0.022706831671180067], "aligned_model": [[0.02287497492359139, 0.5760744757927434, -0.04192762775817668, -0.6903902791185675, -0.3472402928236952, 0.5972951952198443, 0.6133733301580674, -0.5387022999590614, 0.2030697366656048, -0.5810649037329604, 0.18224029688890564, -0.026250801539241364], [-0.48677560434444705, -0.34324433714345265, -0.12526915568140695, -0.06073396851793586, 0.5670487373224691, 0.27803123491716264, 0.23531270540171784, -0.4139262304038473, -0.53604918211551, 0.16517054761934302, 0.22296479259478297, 0.08217255015475389], [-0.2663871976851959, -0.22709618299405845, -0.7423824625038252, -0.4637783231844089, -0.24152283918254772, -0.5431946043346114, 0.1731458166033872, 0.13399646166828263, 0.5377441619218023, 0.22690553555493292, 0.595682719132337, 0.03514955862564591]], "inverted": false, "swapped": false, "error_lsq": 0.04529614036159741, "error_max": 0.252927964146813, "target": "1157.xyz", "model": "0.xyz", "model_rescale": 3.8414455957264533, "target_rescale": 3.7264249638729092},
{"mapping": [0, 7, 4, 1, 5, 2, 9, 11, 13, 12, 8, 14], "R": [[0.20470326955635818, -0.36054340412253616, 0.9100027610818939], [0.8228216861001333, -0.4401558668605649, -0.3594819686042108], [0.5301519068307413, 0.8223571405490187, 0.20656158663161614]], "T": [0.02619463366803982, 0.07616721983871494, -0.10032604497395337], "aligned_model": [[0.030359024471485592, 0.5431833135313725, 0.08162663290079322, -0.7074643589512303, -0.09832971564222276, 0.4823714288577097, 0.6286034754876584, -0.600976121118055, 0.11774488720532772, -0.501269295914945, 0.054689293500101537, -0.06118675961094152], [-0.6148500204715139, -0.26420013451211555, -0.0500593504980916, -0.21719064453437148, 0.6336307664075094, 0.41843982223857834, 0.015521875059484574, -0.4043712773964102, -0.41873426507318956, 0.11384312476363356, 0.29394091332950073, 0.07873128049061498], [-0.3194041154201728, -0.2730332281497156, -0.6264547186368302, -0.45272289105530145, -0.42903696000156655, -0.5686815987953397, 0.21421395160453494, 0.21905616985026255, 0.46671722669813, 0.44981200410467326, 0.6586634610701075, -0.1208666576470416]], "inverted": false, "swapped": false, "error_lsq": 0.04624103812758387, "error_max": 0.26660792145698475, "target": "1157.xyz", "model": "1.xyz", "model_rescale": 4.316132596720782, "target_rescale": 3.7264249638729092},
{"mapping": [0, 5, 9, 1, 10, 7, 3, 2, 4, 8, 6, 11], "R": [[-0.8537015724528347, 0.39353914317164446, 0.34105801263609903], [0.39283582754997654, 0.9165991930080977, -0.07433661258107767], [-0.34186786597263374, 0.07051852358516915, -0.9370984473611539]], "T": [-0.01593273952923259, -0.02582948538999296, -0.11968614193647276], "aligned_model": [[-0.05295903746918128, 0.4809828763829476, 0.005928042250383028, -0.48277998143100587, -0.19002841162479384, 0.6118868579519048, 0.5753368746951316, -0.5892054522932353, 0.21815734404610515, -0.6686181657668382, 0.04248294701824441, 0.018167910957392043], [-0.7284057192461886, -0.35925266037725967, -0.023171241694536347, -0.12932785639469185, 0.5798592755168754, 0.46193227920265345, 0.14666993174988285, -0.46617043665715213, -0.4406696565505161, 0.2557095882729042, 0.3222312900351467, -0.03470270405348862], [-0.21418348299827938, -0.3598188947233999, -0.8609462482368537, -0.3764720514659643, -0.12790930787097915, -0.5300422480197711, 0.1076048680495933, 0.30243190456513847, 0.4864814885915375, 0.1662746948768301, 0.6229694088911956, 0.0018725119626925996]], "inverted": false, "swapped": false, "error_lsq": 0.03789501766625508, "error_max": 0.21416800122367882, "target": "1157.xyz", "model": "2.xyz", "model_rescale": 3.795458400668931, "target_rescale": 3.7264249638729092},
{"mapping": [4, 5, 9, 7, 8, 3, 6, 0, 10, 1, 2, 11], "R": [[0.2938623395657292, -0.606953010834157, -0.738412464699986], [0.06682567642736059, 0.7836763706732339, -0.6175643084071928], [0.9535089167674219, 0.1321339800648581, 0.2708530172570317]], "T": [-0.034746144580396474, -0.06114962156655308, -0.0015106702225008983], "aligned_model": [[-0.06990401694707672, 0.5579350683107689, 0.1415966259482922, -0.603494182039319, -0.09223237672738498, 0.5005391692909961, 0.24290799999371354, -0.6344620247242563, 0.3317542750319011, -0.4463879645763048, 0.18365126008480248, -0.1425520289290782], [-0.6893095425716788, -0.3063932136871782, -0.023163258670360162, -0.12435166795800302, 0.6337921692504328, 0.36196850677890485, 0.4510603290335669, -0.44837707299231916, -0.569277341350249, 0.32592571955141586, 0.11718468118964771, -0.14435721877055052], [-0.12453006290950465, -0.2885806546493891, -0.8512252730883445, -0.5073105000312199, -0.3540928273447222, -0.415649182987265, 0.08706381328119087, 0.31880746560705625, 0.3812351961321794, 0.27596461568331754, 0.7113881735912224, -0.014808119662781012]], "inverted": true, "swapped": false, "error_lsq": 0.05526199132952225, "error_max": 0.43443597611826523, "target": "1157.xyz", "model": "3.xyz", "model_rescale": 3.7530521520055578, "target_rescale": 3.7264249638729092},
{"mapping": [3, 7, 9, 10, 4, 8, 2, 0, 1, 6, 11], "R": [[0.15425526108691473, 0.8713612279791898, 0.4657627344492111], [0.6035053506918482, -0.4563410836599475, 0.6538609233241992], [0.7822957280423545, 0.18022881495105975, -0.5962641764755111]], "T": [0.025337383575403584, -0.031050996726917704, 0.0562661394561442], "aligned_model": [[-0.3488218401887526, -0.40305112094457435, 0.2560409124791332, 0.5245371084335754, 0.4273079362779624, -0.10388271497887563, -0.33067276448810085, -0.6401216663118899, -0.34470494512914895, 0.3071167503997607, -0.00554805310388411], [-0.6535453334846513, -0.009657537916722372, -0.35677052777089746, 0.33172025840744557, -0.6596163514576157, 0.6053768547365801, -0.41045418872857214, 0.1354055952514518, 0.2619248980350253, 0.3250231471831574, -0.10220345594085505], [-0.20726479306278536, -0.6723776565610479, -0.5578487097973192, -0.2629411020473691, 0.22338586243583344, 0.030351669535228193, 0.4690852352986632, -0.007016431250150959, 0.6098806514276105, 0.4320916450859742, 0.035484406180679204]], "inverted": false, "swapped": true, "error_lsq": 0.045725504706107284, "error_max": 0.22088803876972732, "target": "1157.xyz", "model": "4.xyz", "model_rescale": 3.7855080009869324, "target_rescale": 3.7264249638729092},
{"mapping": [8, 7, 6, 13, 1, 4, 5, 15, 10, 14, 3, 16], "R": [[0.6417119414415774, -0.43766432363491936, 0.6298061003423756], [0.3764277628410475, 0.8952066009110132, 0.23855247021951853], [-0.6682124838505832, 0.08399453257527335, 0.7392137680831544]], "T": [-0.08995955021872576, 0.06763015266658964, -0.05895406142827912], "aligned_model": [[-0.16397712789584512, 0.5467672569026707, 0.06336939214387899, -0.6050479844858658, -0.047658257173060395, 0.45742466984924307, 0.6641138729852762, -0.5271007823966096, 0.22582643748861847, -0.6734193303904101, 0.15558488530257408, -0.12653122761341667], [-0.6179115010558267, -0.2637984019336881, -0.0935846618419014, -0.2225938525146071, 0.7759364148264233, 0.3432012436796016, 0.14676467901830337, -0.5496369711437347, -0.45335205415506863, 0.16155648959161217, 0.28079427892009734, 0.07732642641241855], [-0.1998934568078764, -0.27367145281628785, -0.6726128323131417, -0.4776682486445823, -0.322803978201432, -0.4729973843835318, 0.22426713088577005, 0.2684706592004282, 0.34082215624507933, 0.27036330326226715, 0.5547931103471558, -0.02080636315210839]], "inverted": true, "swapped": false, "error_lsq": 0.03870723563945325, "error_max": 0.20511538268049329, "target": "1157.xyz", "model": "5.xyz", "model_rescale": 4.2253639853439635, "target_rescale": 3.7264249638729092},
{"mapping": [11, 5, 8, 9, 1, 10, 2, 12, 6, 0, 3, 13], "R": [[-0.8558521716191289, -0.3745622226861001, 0.35667941021492966], [-0.23225620649499729, -0.3378541888375085, -0.9120918822298019], [0.4621407955151492, -0.8634568248739469, 0.2021588402697928]], "T": [-0.02050896142012595, 0.026463027222111468, -0.05087836099172997], "aligned_model": [[0.032045418011375865, 0.5053085223753196, -0.03977390171586534, -0.5458219178462328, -0.16966579357588726, 0.5357355513861498, 0.6066441785894419, -0.579410521295636, 0.224473426916713, -0.6801648107499725, 0.0858668076697086, -0.005885155048060434], [-0.7435881806548135, -0.25975838821849295, -0.09839791242673776, 0.04196915756078695, 0.6627306456636446, 0.32985724804802513, 0.15313358680763653, -0.6787993710452626, -0.3667515192520145, 0.35433584414164265, 0.1520585006261891, 0.03791247855302618], [-0.14993876308584259, -0.2566319551982184, -0.7788230590451597, -0.3613655349911825, -0.38497645901424854, -0.5059129345479435, 0.1511244121270124, 0.1972703049887774, 0.39530984814095754, 0.2660068322514539, 0.6389907900139472, 0.007209161982186935]], "inverted": false, "swapped": false, "error_lsq": 0.03547792100116541, "error_max": 0.17782748461110848, "target": "1157.xyz", "model": "6.xyz", "model_rescale": 3.89814844738969, "target_rescale": 3.7264249638729092},
{"mapping": [10, 2, 5, 9, 6, 1, 0, 11, 4, 8, 7, 12], "R": [[-0.6298548566165907, 0.06605609399763096, 0.7738988642208169], [0.6141544788215556, 0.6523287178861332, 0.4441638436033011], [-0.4754967252672914, 0.7550522076431605, -0.4514410570531575]], "T": [0.016116991744405017, 0.02214682092905599, 0.06811923307635137], "aligned_model": [[-0.03757631327576075, 0.5367536912702274, -0.0032546873175749898, -0.625123359438452, -0.17297089260238452, 0.5715448356502082, 0.4756678221674408, -0.5801936866865268, 0.28252677077638766, -0.6042977322150223, 0.08044888441202756, 0.04582647197648398], [-0.5964730791688292, -0.37412102618853277, 0.07596050966677967, -0.1280109982962349, 0.5723589997300896, 0.26407843070512754, 0.3950883878259719, -0.42064231162353866, -0.47847429320624074, 0.2579535893556471, 0.15257177342600184, -0.13558789242261168], [-0.323454656823142, -0.2029104054664036, -0.7060289626714572, -0.5353783397232459, -0.2766824219661572, -0.5215973246351904, 0.09528556161519305, 0.3901312330166837, 0.37455049470338964, 0.19914408023630673, 0.7085295850366606, 0.01667380029910269]], "inverted": true, "swapped": false, "error_lsq": 0.04354925265232257, "error_max": 0.2599396462652937, "target": "1157.xyz", "model": "7.xyz", "model_rescale": 3.7474275329858107, "target_rescale": 3.7264249638729092},
{"mapping": [12, 10, 0, 1, 3, 6, 7, 13, 11, 4, 9, 14], "R": [[-0.8797763457456861, 0.04334770209252134, 0.47340739135512555], [-0.11839552574040083, -0.9844350407454797, -0.1298851417102811], [0.4604086021687921, -0.17031919232941345, 0.871214836749946]], "T": [-0.07578063282191429, 0.005292445160526099, -0.06002176321444797], "aligned_model": [[-0.12283858932622681, 0.5511659159651267, 0.06347300861137924, -0.5311946184039351, -0.07098757666201184, 0.5230465018959207, 0.5688318727274536, -0.6303799656396717, 0.24877056153428156, -0.7255791805997835, 0.22962971929935988, -0.13458584468483825], [-0.6098050998361496, -0.34535008257844035, 0.07617079911757993, -0.13627322816725465, 0.6468638094663057, 0.39761903337851223, 0.11270055681386612, -0.5527620410315115, -0.3336004484653591, 0.1339331335117204, 0.1998418089310465, -0.004636151336686586], [-0.06914194238244126, -0.30343746195450194, -0.7001763694736451, -0.6408479695114809, -0.38017445818995593, -0.4529899671452585, 0.13185279779989548, 0.3748421225838646, 0.3477748582547695, 0.35643863880695514, 0.6102136446550882, -0.056091249821549005]], "inverted": false, "swapped": false, "error_lsq": 0.040842346958117136, "error_max": 0.2467537140216381, "target": "1157.xyz", "model": "8.xyz", "model_rescale": 4.019505241142653, "target_rescale": 3.7264249638729092},
{"mapping": [5, 6, 11, 8, 9, 10, 1, 4, 2, 7, 0, 12], "R": [[0.28926348060537654, -0.7849929848583641, 0.5478253850555111], [0.8643477793982361, -0.03175122929270336, -0.501891199053879], [0.411375199832709, 0.6186904501942456, 0.6693224722068134]], "T": [0.06681820863205717, -0.07534264505544534, -0.05254361466199525], "aligned_model": [[-0.08317644383638195, 0.6109758774671259, -0.11429791092266736, -0.5393946718338636, -0.14346765666168945, 0.7657996201918964, 0.387079341501262, -0.5926404566023433, 0.4299788287788144, -0.6598645038780824, -0.14191881100537274, 0.05027859151835627], [-0.7028003469881411, -0.3823489962325115, -0.14963155559508068, 0.08581051986566456, 0.4706428649414572, 0.37293282528987176, 0.46426314984135125, -0.3989979628919591, -0.3623375036479327, 0.29547159959406427, -0.004584238906737828, -0.10371826546641646], [-0.23780871029031342, -0.4236249665941892, -0.6432445821584623, -0.3028884416091935, -0.406124919543242, -0.4381001568166937, 0.19758374301342252, 0.33210710394714604, 0.3158589875719724, 0.3399013131681595, 0.5590675221424841, -0.0744642492093507]], "inverted": true, "swapped": false, "error_lsq": 0.05739444782871441, "error_max": 0.359044820612952, "target": "1157.xyz", "model": "9.xyz", "model_rescale": 3.877068213659057, "target_rescale": 3.7264249638729092},
{"mapping": [6, 12, 11, 9, 8, 0, 5, 13, 3, 2, 4, 15], "R": [[-0.6658096131937512, 0.3288046617330262, 0.669764923985586], [0.7235705824944463, 0.06551587866224673, 0.6871341075741777], [0.18205266031408374, 0.9421226905587956, -0.28153448244721424]], "T": [-0.08056214260341309, -0.051310548737715705, -0.044012981949524896], "aligned_model": [[0.02779045391683256, 0.5305089654995558, 0.07583104850257678, -0.6220359869717632, -0.22382583286028368, 0.5054356185036786, 0.6563227019545179, -0.5308984222644582, 0.26693036040260915, -0.6523164995985267, -0.05168689680585938, -0.012703705561826054], [-0.6567797353256795, -0.3375052819055503, 0.035259386757139494, 0.13150460285215895, 0.6174971086303911, 0.294191965864373, 0.07684954555904586, -0.5332983645486776, -0.3452635171207362, 0.16226188132710184, 0.15670559080464427, -0.016721093090581472], [-0.08841291488503931, -0.3647619355913593, -0.7600451685918614, -0.3742098930704257, -0.40107707746721544, -0.4575352570628487, 0.1830798588297668, 0.35912902354543513, 0.3982561165206775, 0.21644647808757517, 0.5994046006630388, -0.09201118735600367]], "inverted": true, "swapped": false, "error_lsq": 0.03863939007037132, "error_max": 0.22721044562575654, "target": "1157.xyz", "model": "10.xyz", "model_rescale": 4.260839863003843, "target_rescale": 3.7264249638729092},
{"mapping": [1, 2, 8, 7, 10, 9, 4, 0, 3, 6, 5, 11], "R": [[-0.861566251636663, -0.3301535852142992, 0.38561924771838724], [-0.10162560877315788, 0.8564193540690893, 0.5061799340327204], [-0.49736890703202935, 0.39691875761423595, -0.7714140718004411]], "T": [0.01480448356912678, -0.026900141087317468, -0.10367541959036372], "aligned_model": [[-0.04366806890729047, 0.5871058209188295, 0.11746817298885275, -0.5844899928947149, -0.15564776095463528, 0.5076912581441163, 0.5932945440252175, -0.6844867034192004, 0.20632282762917475, -0.6103308396358731, 0.06254743360496384, -0.02645488678238636], [-0.7326441233804092, -0.3934188595422552, -0.05948811355990618, -0.09933946278702366, 0.5641032251987915, 0.4459505364648711, 0.3602482724098334, -0.408319018199052, -0.4855943050653141, 0.26186572477905024, 0.20270975234878416, -0.07137153886374031], [-0.2512119750783939, -0.19582928240327563, -0.8136131619196464, -0.3590267548793371, -0.22612886142643338, -0.5150245721903306, 0.12341093949218601, 0.2644899582472432, 0.40303303626348386, 0.37494283857166555, 0.530052289923774, -0.11683181097919594]], "inverted": false, "swapped": false, "error_lsq": 0.04045408432973227, "error_max": 0.21407619283859414, "target": "1157.xyz", "model": "11.xyz", "model_rescale": 3.890672605050136, "target_rescale": 3.7264249638729092},
{"mapping": [5, 7, 8, 6, 0, 3, 7, 9, 12, 11, 10, 13], "R": [[0.6266495438706428, -0.40670671677767145, 0.6647555909465087], [0.7787224186648336, 0.29392752002542205, -0.5542544610921021], [0.03002904986020527, 0.8649833868344707, 0.5009011845313018]], "T": [-0.20766152887899117, 0.11105906718892763, -0.07395978590166227], "aligned_model": [[0.054188878726577155, 0.5762967135241119, -0.001610421102631654, -0.681568334301825, -0.09033244308462779, 0.5229003080222313, 0.5762967135241119, -0.5400464394048521, 0.23712787103146057, -0.5861633055541018, -0.05100672235524742, -0.04673101430815252], [-0.6194532204495087, -0.22069056090946373, -0.0637036532283507, 0.015128464483563697, 0.5649663161706975, 0.45656076371473986, -0.22069056090946373, -0.5472199367933503, -0.24894716844153822, 0.2004121338658345, 0.1682043953498196, 0.10013511695064953], [-0.12647972003257682, -0.12208284379720244, -0.7419358171891777, -0.3874370628773103, -0.43298156058347204, -0.5211411094867735, -0.12208284379720244, 0.17505716169873028, 0.40320899637516927, 0.3152889757206053, 0.8045242421289867, -0.025675774538036406]], "inverted": false, "swapped": false, "error_lsq": 0.05579687287575288, "error_max": 0.4552286532146761, "target": "1157.xyz", "model": "12.xyz", "model_rescale": 4.124412569039231, "target_rescale": 3.7264249638729092},
{"mapping": [4, 2, 10, 5, 9, 11, 8, 0, 1, 3, 6, 12], "R": [[0.3952152283736113, 0.9182542820555202, -0.02477895777258665], [-0.38955121348161553, 0.14311093147479997, -0.9098181759931026], [-0.8318982962697996, 0.3692266712726972, 0.4142666893249908]], "T": [-0.17619085449658559, 0.014763675732372514, -0.04854091143706389], "aligned_model": [[-0.06887743464667898, 0.5714539293974832, 0.10150222988701177, -0.7006972671216227, -0.12121739259758388, 0.645033600442279, 0.48779829444475997, -0.5411085618905719, 0.2751937135846211, -0.6256037722792956, 0.05073499186077038, -0.10486052636411812], [-0.7224395677727329, -0.36041306833730663, -0.004769795886732223, -0.30972029088551284, 0.6516420332061224, 0.29320637784949605, 0.25644419671317137, -0.3725757712544295, -0.38615094214485196, 0.27112357574596574, 0.2871996594004873, -0.01884431683004708], [-0.3001188584737566, -0.25509647653804707, -0.7319987862688204, -0.48825565714767777, -0.046271931761144566, -0.5370211235077008, 0.07637929015194916, 0.18291235173349668, 0.497704216485588, 0.44243872842693144, 0.5188179783689071, -0.1412270878479847]], "inverted": false, "swapped": false, "error_lsq": 0.04802381932266545, "error_max": 0.2851806229547694, "target": "1157.xyz", "model": "13.xyz", "model_rescale": 3.9028299243045295, "target_rescale": 3.7264249638729092},
{"mapping": [12, 8, 2, 1, 3, 0, 5, 11, 13, 9, 10, 15], "R": [[-0.6970330287746608, 0.7170225757153539, -0.004856203428876077], [0.7042361426082517, 0.6832975596446825, -0.19275865850298804], [-0.1348940778591596, -0.1377790655293509, -0.9812341804382815]], "T": [-0.03015365248850353, 0.055400664746801984, -0.05507626373990321], "aligned_model": [[0.0460548996239102, 0.5578803550871694, 2.4713522455366288e-05, -0.5314375386877441, -0.05396392352548839, 0.5307248158543029, 0.4318624713274972, -0.5760567926545758, 0.27811510905554654, -0.6855961290311748, 0.08417405780102669, -0.11243023365587132], [-0.6361553495550673, -0.2747237585355932, -0.032082479354018936, -0.20429167687051958, 0.6209182522109276, 0.44818671753584166, -0.09009748608864761, -0.41371642144511805, -0.4319599445847293, 0.2256135285223837, 0.26670746679191965, 0.10630324117625123], [-0.041554997943816244, -0.43156136390268934, -0.7855457944384314, -0.37674862637789114, -0.3164426244293604, -0.5223565540674132, 0.11067422070178776, 0.11158389747911923, 0.4927388135656872, 0.32210830303422566, 0.650353542915864, 0.005013827084657779]], "inverted": true, "swapped": false, "error_lsq": 0.043798572834692025, "error_max": 0.27092237313557155, "target": "1157.xyz", "model": "14.xyz", "model_rescale": 3.942246331269136, "target_rescale": 3.7264249638729092},
{"mapping": [13, 11, 4, 3, 5, 10, 6, 12, 8, 1, 0, 14], "R": [[0.13119645319955753, 0.8967038742162632, 0.4227406446432624], [0.3325622840405566, 0.3619074071477706, -0.8708762000912107], [-0.9339110331833462, 0.2548434629672155, -0.2507289203129407]], "T": [0.084971906240638, 0.08350806107427092, -0.07301456419692473], "aligned_model": [[-0.06441707718679524, 0.5835091076756489, 0.023651270080497222, -0.546223570866032, -0.2889726303118043, 0.44832080207371494, 0.6298432116525177, -0.5416979449159028, 0.44298920426636545, -0.6886163341432351, -0.06081856630846755, 0.03178433270054694], [-0.7000299520672739, -0.40672506264234054, -0.13509076809285844, 0.11418145841360891, 0.5962865057084754, 0.2558695709970652, 0.10417946178735737, -0.41590611393816246, -0.2833396749202557, 0.18319674804104016, 0.17724642965942136, 0.09483348685755208], [-0.23011631497658652, -0.23189555063945386, -0.6134942663044883, -0.41535845982877795, -0.07119563862960049, -0.6623104201446656, 0.05139340608526491, 0.08806503603488078, 0.5067157862228536, 0.14667802969564, 0.6416012341431069, 0.00817980196356645]], "inverted": false, "swapped": false, "error_lsq": 0.05171499647200276, "error_max": 0.2812981249212627, "target": "1157.xyz", "model": "15.xyz", "model_rescale": 4.355366556412066, "target_rescale": 3.7264249638729092},
{"mapping": [0, 5, 9, 1, 10, 7, 3, 2, 4, 8, 6, 11], "R": [[-0.8537015724528347, 0.39353914317164446, 0.34105801263609903], [0.39283582754997654, 0.9165991930080977, -0.07433661258107767], [-0.34186786597263374, 0.07051852358516915, -0.9370984473611539]], "T": [-0.01593273952923259, -0.02582948538999296, -0.11968614193647276], "aligned_model": [[-0.05295903746918128, 0.4809828763829476, 0.005928042250383028, -0.48277998143100587, -0.19002841162479384, 0.6118868579519048, 0.5753368746951316, -0.5892054522932353, 0.21815734404610515, -0.6686181657668382, 0.04248294701824441, 0.018167910957392043], [-0.7284057192461886, -0.35925266037725967, -0.023171241694536347, -0.12932785639469185, 0.5798592755168754, 0.46193227920265345, 0.14666993174988285, -0.46617043665715213, -0.4406696565505161, 0.2557095882729042, 0.3222312900351467, -0.03470270405348862], [-0.21418348299827938, -0.3598188947233999, -0.8609462482368537, -0.3764720514659643, -0.12790930787097915, -0.5300422480197711, 0.1076048680495933, 0.30243190456513847, 0.4864814885915375, 0.1662746948768301, 0.6229694088911956, 0.0018725119626925996]], "inverted": false, "swapped": false, "error_lsq": 0.03789501766625508, "error_max": 0.21416800122367882, "target": "1157.xyz", "model": "16.xyz", "model_rescale": 3.795458400668931, "target_rescale": 3.7264249638729092},
{"mapping": [10, 2, 5, 9, 6, 1, 0, 11, 4, 8, 7, 12], "R": [[-0.6298548566165907, 0.06605609399763096, 0.7738988642208169], [0.6141544788215556, 0.6523287178861332, 0.4441638436033011], [-0.4754967252672914, 0.7550522076431605, -0.4514410570531575]], "T": [0.016116991744405017, 0.02214682092905599, 0.06811923307635137], "aligned_model": [[-0.03757631327576075, 0.5367536912702274, -0.0032546873175749898, -0.625123359438452, -0.17297089260238452, 0.5715448356502082, 0.4756678221674408, -0.5801936866865268, 0.28252677077638766, -0.6042977322150223, 0.08044888441202756, 0.04582647197648398], [-0.5964730791688292, -0.37412102618853277, 0.07596050966677967, -0.1280109982962349, 0.5723589997300896, 0.26407843070512754, 0.3950883878259719, -0.42064231162353866, -0.47847429320624074, 0.2579535893556471, 0.15257177342600184, -0.13558789242261168], [-0.323454656823142, -0.2029104054664036, -0.7060289626714572, -0.5353783397232459, -0.2766824219661572, -0.5215973246351904, 0.09528556161519305, 0.3901312330166837, 0.37455049470338964, 0.19914408023630673, 0.7085295850366606, 0.01667380029910269]], "inverted": true, "swapped": false, "error_lsq": 0.04354925265232257, "error_max": 0.2599396462652937, "target": "1157.xyz", "model": "17.xyz", "model_rescale": 3.7474275329858107, "target_rescale": 3.7264249638729092},
{"mapping": [4, 5, 9, 2, 7, 12, 10, 0, 8, 1, 3, 13], "R": [[-0.8103973182842106, -0.19991864431675127, 0.5507165533850535], [-0.3169833940069708, 0.940135409237932, -0.12516764845936756], [-0.49272478569844824, -0.2760035288752276, -0.8252541048712451]], "T": [-0.01547753970988594, 0.0440885737101773, -0.05968034194783085], "aligned_model": [[0.09525805069266083, 0.6206338032168556, 0.03675154591718008, -0.6793587285226144, -0.18601984556816417, 0.4733017768337565, 0.6026003606828564, -0.5864958442663337, 0.2063843236202692, -0.527182950180645, 0.021336112661861945, -0.10785680037062934], [-0.760264388007877, -0.23979866547815107, -0.10903329883605442, -0.0017725204021438457, 0.6748668485518025, 0.36148883992216596, 0.13438899451075634, -0.5041317046448108, -0.4561214684352919, 0.33856460486560214, 0.15139195023165553, -0.00487710247402405], [-0.23282699659122674, -0.2545914280775327, -0.708949146541561, -0.3066444101786201, -0.43445143466532116, -0.5282833445429789, 0.23402855051679022, 0.20964290814901565, 0.40660463374321537, 0.3008191126697565, 0.6094384230673018, -0.07652422392709862]], "inverted": false, "swapped": false, "error_lsq": 0.037132246922338276, "error_max": 0.1872887739877701, "target": "1157.xyz", "model": "18.xyz", "model_rescale": 3.922800546911778, "target_rescale": 3.7264249638729092},
{"mapping": [2, 9, 3, 5, 12, 7, 11, 1, 10, 8, 4, 14], "R": [[0.9348007472526163, 0.17173134898057907, 0.31089533080003096], [-0.31457828081070216, -0.00604234943885498, 0.949212302520064], [0.16488804740833432, -0.9851252883722807, 0.04837455975301019]], "T": [-0.12098677312601604, -0.003406954204227746, -0.00893886920714812], "aligned_model": [[0.12656947529379575, 0.545203346473598, -0.0012890337826716725, -0.7617859690330336, -0.22846713826951942, 0.4625746126256788, 0.5321663415870502, -0.5996049467163557, 0.3771686164160898, -0.5619368944166124, 0.12564181957570286, -0.046888425036668416], [-0.6612177827633388, -0.39274351484789416, -0.045161912228121576, 0.11746639699799258, 0.5808574014049135, 0.33248866367822555, 0.18510721437717575, -0.5566194860829636, -0.43686665626105775, 0.30274827857777176, 0.13653476552055036, 0.022108721430376028], [-0.14724931887191614, -0.2684594907557952, -0.6358983720951903, -0.4055491863696993, -0.5243970910251411, -0.4388705637884872, 0.20342174332136914, 0.10447877676212651, 0.45426145659828887, 0.28469801198393585, 0.6569873965570174, -0.06516071869476892]], "inverted": false, "swapped": false, "error_lsq": 0.04200401791226774, "error_max": 0.2410458522163703, "target": "1157.xyz", "model": "19.xyz", "model_rescale": 3.9282355846067225, "target_rescale": 3.7264249638729092},
{"mapping": [5, 2, 7, 6, 9, 12, 10, 3, 1, 4, 0, 13], "R": [[0.5394771978186208, -0.6995393544108496, 0.46862463087659056], [-0.22081048615852336, 0.41954364525753196, 0.8804691129883315], [-0.8125312807739807, -0.5784702424105099, 0.07186860517166348]], "T": [-0.12217624656708687, 0.06254982945594309, -0.14251569850343102], "aligned_model": [[-0.17006688530575376, 0.5303850640867132, 0.11352520961464707, -0.5938001045232338, -0.03499255580964239, 0.41729589901106307, 0.6777823197514026, -0.47712308811863086, 0.1597853817292751, -0.5691454961253901, -0.05556947797389536, -0.028724461619500333], [-0.6295791276825327, -0.43868236717917364, -0.06749584937562836, -0.27213483091424406, 0.7278662108456269, 0.5366782266817309, 0.251525034169934, -0.40300795152527336, -0.43524274848588884, 0.24777269416857706, 0.05915163957720758, 0.007851159523294335], [-0.2222285936973746, -0.18308947395024366, -0.7043259167717254, -0.4464913040649906, -0.3103785650291523, -0.5974513119224936, 0.1155327720761046, 0.33037304251498845, 0.3414274653299906, 0.2640292870476697, 0.6548229866736771, -0.023957744584710103]], "inverted": false, "swapped": false, "error_lsq": 0.04759537967986411, "error_max": 0.2646998052408632, "target": "1157.xyz", "model": "20.xyz", "model_rescale": 4.067790424073018, "target_rescale": 3.7264249638729092},
{"mapping": [2, 8, 5, 6, 13, 1, 7, 3, 0, 11, 12, 14], "R": [[0.2129043463621524, 0.7959571268468316, -0.5666780316209915], [0.3262799749288484, 0.48876443496671285, 0.8091048789076112], [0.9209848626663387, -0.3571576393322796, -0.1556447988403677]], "T": [-0.005250366863571398, -0.018539296000226493, -0.10871551176642602], "aligned_model": [[-0.18377595683047576, 0.46424498006993153, 0.1080731553249463, -0.6322607923539123, -0.22270169971226914, 0.5867827112176982, 0.7168397989781445, -0.5447001295769677, 0.3160005993071615, -0.528375580400247, -0.10473677049856972, -0.006038510808386292], [-0.739900404970724, -0.1932012529557027, 0.08488158103918565, -0.2779240411451548, 0.5754769790984405, 0.5150816021231789, -0.014719662772851385, -0.37751849042808544, -0.524157303217077, 0.2769891539491415, 0.20719837253588338, 0.0524955565473946], [-0.07013189178650628, -0.38117691586859714, -0.6787400922619281, -0.40390084847523655, -0.4086873235045082, -0.30378132840892813, 0.07899479696880995, 0.442531173599759, 0.27286839386035816, 0.13010492331373896, 0.6166525516285258, -0.07647079544374724]], "inverted": false, "swapped": false, "error_lsq": 0.054251316177652255, "error_max": 0.2566935201003997, "target": "1157.xyz", "model": "21.xyz", "model_rescale": 4.186013935880536, "target_rescale": 3.7264249638729092},
{"mapping": [0, 5, 6, 7, 4, 3, 5, 1, 2, 9, 8, 12], "R": [[-0.9606893823346514, 0.27452320742184977, 0.04138742872281584], [-0.09535103459775811, -0.18625554661187343, -0.9778635137673609], [-0.26073759006058805, -0.9433694291968192, 0.20510979787973188]], "T": [-0.11489298049667893, 0.06906134754105672, -0.02113928300245215], "aligned_model": [[0.006899629162723353, 0.6257993199338951, -0.02748678080388857, -0.7144466479935181, -0.2599873311572319, 0.5661103543161426, 0.6257993199338951, -0.5385383433767686, 0.24155248523881187, -0.525007207033747, 0.05988936732164157, -0.09123236082490167], [-0.6009315879195575, -0.15415880942040897, -0.015514923286152005, -0.03259243564220332, 0.5845994666775395, 0.3343050223069449, -0.15415880942040897, -0.5222050764374332, -0.3740365063077088, 0.20190410818300122, 0.2208276144368184, 0.09666402663319848], [-0.2621049811248056, -0.01184123353932108, -0.5643334100743685, -0.4316580377950607, -0.5118369759785614, -0.5852482314398012, -0.01184123353932108, 0.05665440773292558, 0.45458135427978574, 0.42563793483129264, 0.7096727734301549, -0.04941972316117914]], "inverted": true, "swapped": false, "error_lsq": 0.057666938167280885, "error_max": 0.3682926119342949, "target": "1157.xyz", "model": "22.xyz", "model_rescale": 4.166573947596378, "target_rescale": 3.7264249638729092},
{"mapping": [1, 0, 4, 2, 9, 8, 7, 6, 5, 12, 13, 15], "R": [[-0.9268661179722165, -0.17220514110058022, 0.33356347032257994], [0.3753353305869378, -0.44056829682701937, 0.8154894024106836], [0.0065260223955694585, 0.8810476520651247, 0.4729825005454471]], "T": [-0.11954545989627606, 0.15720454599999642, -0.09003475739506586], "aligned_model": [[-0.053944827226929684, 0.48379071401497165, 0.11107923518170072, -0.4923911409433537, -0.1425932959501668, 0.4538958162517268, 0.5421919055803448, -0.5413895717990977, 0.2270015696817531, -0.6773571437244525, 0.16568469244596146, -0.10661614879540422], [-0.5503989562659992, -0.3521823509746391, -0.12534291352013996, -0.28721165656274095, 0.7409737313806122, 0.431933560559267, 0.03414556082931036, -0.4158378509085816, -0.38154838387314793, 0.2583637679372131, 0.14124120529392728, 0.09056637590854857], [-0.14564861755078737, -0.2980400777085214, -0.727869137546764, -0.43104733225609426, -0.22835142933080702, -0.5898029152345065, 0.15152226061732346, 0.17973845952065268, 0.4397882489429875, 0.23859009320368033, 0.706960895569284, -0.0775778046047074]], "inverted": false, "swapped": false, "error_lsq": 0.040563058329454366, "error_max": 0.24660168269785332, "target": "1157.xyz", "model": "23.xyz", "model_rescale": 4.274766983524099, "target_rescale": 3.7264249638729092},
{"mapping": [7, 9, 10, 8, 6, 1, 0, 2, 3, 4, 11], "R": [[-0.9357041935752408, 0.060201771781451044, -0.34761100212749635], [-0.03192847036024617, 0.9668373251982447, 0.2533893434696069], [0.35133777893383883, 0.2481961588701115, -0.9027515892071081]], "T": [-0.11689574497604557, 0.1597246989035576, 0.05416464152670355], "aligned_model": [[0.3487262240076173, 0.40705181467034424, -0.3768287637370583, -0.5923147254341727, -0.6733258495667366, -0.5475592268857437, -0.05189847579457939, 0.07222212516268442, 0.6235948679991717, 0.21029802557684532, -0.0400713120402979], [-0.2546116664479353, 0.47730914098199695, 0.5303747100126258, -0.15132160328744834, 0.3233312825974157, -0.28124382405867, -0.5251164133953744, -0.06936592173370207, -0.013820408236889431, 0.7288263130716499, 0.1512249217398144], [-0.5171651500176907, -0.3471749355349998, -0.47285528874268623, -0.2614883240122884, 0.15929143491622463, 0.44059827737635404, 0.017884705621803436, 0.6481861329289111, 0.19017428934898256, 0.4461739800368859, 0.0759413121000807]], "inverted": false, "swapped": true, "error_lsq": 0.05260338951126154, "error_max": 0.26787838847022694, "target": "1157.xyz", "model": "24.xyz", "model_rescale": 3.7841303162186577, "target_rescale": 3.7264249638729092},
{"mapping": [13, 12, 4, 6, 1, 2, 9, 11, 14, 7, 10, 15], "R": [[0.9697687362678903, -0.08349059894961977, -0.2292987528191402], [0.24354838199199405, 0.272396144452073, 0.9308515059432023], [-0.015257253568750795, -0.9585560288134853, 0.28449526505525485]], "T": [-0.022993772828547646, 0.07380798991446624, -0.06623021504255219], "aligned_model": [[0.02633680396235073, 0.538812090671193, -0.10785444818436377, -0.622185800714678, -0.2014421917781503, 0.5673405546718775, 0.5260821460403103, -0.5328320040536398, 0.45720640455712974, -0.5680694842674006, -0.039852430812328005, -0.0741898353752466], [-0.7029860214412355, -0.4115697375329426, 0.16761113219701312, -0.0675215942104257, 0.7108449685591186, 0.2656797985627455, 0.08099785123781628, -0.4508290118613386, -0.3518374332148008, 0.1991393339527886, 0.09706507585382435, 0.048107727701066416], [0.012239877262963605, -0.22100275738593952, -0.8015559789964818, -0.44441180450959783, -0.40590129626214, -0.49458009393582425, 0.13527573955580213, 0.16668299521322025, 0.4001738219451574, 0.26541731336861407, 0.7112207473221451, -0.10529591995617896]], "inverted": true, "swapped": false, "error_lsq": 0.04245596077838364, "error_max": 0.30763748129414703, "target": "1157.xyz", "model": "25.xyz", "model_rescale": 4.19342608120988, "target_rescale": 3.7264249638729092},
{"mapping": [0, 5, 9, 1, 10, 7, 3, 2, 4, 8, 6, 11], "R": [[-0.8537015724528347, 0.39353914317164446, 0.34105801263609903], [0.39283582754997654, 0.9165991930080977, -0.07433661258107767], [-0.34186786597263374, 0.07051852358516915, -0.9370984473611539]], "T": [-0.01593273952923259, -0.02582948538999296, -0.11968614193647276], "aligned_model": [[-0.05295903746918128, 0.4809828763829476, 0.005928042250383028, -0.48277998143100587, -0.19002841162479384, 0.6118868579519048, 0.5753368746951316, -0.5892054522932353, 0.21815734404610515, -0.6686181657668382, 0.04248294701824441, 0.018167910957392043], [-0.7284057192461886, -0.35925266037725967, -0.023171241694536347, -0.12932785639469185, 0.5798592755168754, 0.46193227920265345, 0.14666993174988285, -0.46617043665715213, -0.4406696565505161, 0.2557095882729042, 0.3222312900351467, -0.03470270405348862], [-0.21418348299827938, -0.3598188947233999, -0.8609462482368537, -0.3764720514659643, -0.12790930787097915, -0.5300422480197711, 0.1076048680495933, 0.30243190456513847, 0.4864814885915375, 0.1662746948768301, 0.6229694088911956, 0.0018725119626925996]], "inverted": false, "swapped": false, "error_lsq": 0.03789501766625508, "error_max": 0.21416800122367882, "target": "1157.xyz", "model": "26.xyz", "model_rescale": 3.795458400668931, "target_rescale": 3.7264249638729092},
{"mapping": [7, 3, 10, 5, 11, 4, 9, 6, 0, 8, 1, 12], "R": [[0.4419142713599305, 0.19010727612253236, -0.8766818124802711], [0.4625934675393167, 0.7890269828389549, 0.4042817138357945], [0.7685825008145666, -0.5842051385577905, 0.26073990013862447]], "T": [0.059857377416643584, 0.08501366614583503, 0.04073312575970142], "aligned_model": [[0.008232823815358933, 0.6289807961440598, -0.027179991782395593, -0.5540818086706284, -0.06358259519922996, 0.4820974387507591, 0.41714241181959294, -0.5879006782796171, 0.3532729644916708, -0.608966435655953, -0.09954941633303672, 0.020886295616473295], [-0.6026648543078076, -0.33120321220603277, -0.01210216012791572, -0.2363136681214779, 0.684357325385319, 0.3681456608773226, 0.28387963549306017, -0.31399200219824575, -0.6225924796591874, 0.34473622283319283, 0.08542885151043063, -0.06297722967502814], [-0.38896590449470025, -0.17821573420285183, -0.659752021234372, -0.25369494341746646, -0.32956991638733824, -0.6229029091272814, 0.17178281306447948, 0.36071896542414594, 0.36395754899113464, 0.16710800744505475, 0.6107703809271063, -0.022973643366170485]], "inverted": false, "swapped": false, "error_lsq": 0.05325864561421567, "error_max": 0.24218036049918093, "target": "1157.xyz", "model": "27.xyz", "model_rescale": 3.6321398670334006, "target_rescale": 3.7264249638729092},
{"mapping": [8, 0, 11, 9, 13, 2, 1, 12, 3, 6, 4, 14], "R": [[-0.8265470160409012, -0.3873485055868023, 0.40838849823856854], [0.13316738223568408, -0.839523526662292, -0.5267510764004222], [0.5468879945495032, -0.3810005031495093, 0.74548785236075]], "T": [0.013090179374579906, -0.1761758107538879, -0.08069557897495719], "aligned_model": [[-0.11736837953865942, 0.47014676486227097, 0.07936598394946201, -0.5300953396811461, -0.22333711688403418, 0.5300143290069967, 0.4215222959744649, -0.675842647066145, 0.5362227174752991, -0.5503586672812597, 0.003669324682450157, 0.02541253921735463], [-0.6716626888613146, -0.42743155297002156, 0.07807978680648667, -0.0648152979312551, 0.5664354104363319, 0.3505454248897779, 0.2765861067849721, -0.4666457670335007, -0.4630214440221524, 0.28125587297110666, 0.23863283358646123, -0.11325659485326231], [-0.013591675778495682, -0.4233054502361324, -0.6667735987435558, -0.453684170345083, -0.3238170294071677, -0.37868522171649266, 0.1939988845705923, 0.2721620353842391, 0.25932208265084844, 0.19713366546753672, 0.6364601143277054, -0.0809569925522543]], "inverted": false, "swapped": false, "error_lsq": 0.04338565991928814, "error_max": 0.2293852804782506, "target": "1157.xyz", "model": "28.xyz", "model_rescale": 4.156811204709835, "target_rescale": 3.7264249638729092},
{"mapping": [1, 6, 8, 10, 4, 2, 0, 3, 9, 11], "R": [[0.039937565649654186, -0.4822223926366333, -0.8751380204800726], [0.6963085042848368, 0.6415841003447456, -0.32175193712771455], [0.7166306285043872, -0.5965160569713308, 0.3613988600767621]], "T": [-0.077212462055328, -0.015559751349099319, -0.026979446117723474], "aligned_model": [[-0.5432046621521933, 0.0959310444146795, 0.03748091310758361, 0.6007552602044035, -0.03104716417789638, -0.6866235139544006, -0.5398712101616971, -0.4660055681374067, 0.29175414298088576, -0.11624386801337029], [-0.27188772456389726, -0.45187429405025553, 0.12606272736965143, 0.028668721651329245, -0.4177683725757106, -0.21491549782255231, 0.3959515744146744, 0.3506849215122864, 0.3615935106100367, 0.012204764080641452], [-0.5233688773171908, -0.383468105412654, -0.6508370476225864, -0.17223859945588477, 0.6216350175657602, 0.146182529179267, -0.32889589054223384, 0.5312746507604356, 0.4810298457140126, 0.03747320410617391]], "inverted": true, "swapped": true, "error_lsq": 0.046548089710039695, "error_max": 0.22143747239088624, "target": "1157.xyz", "model": "29.xyz", "model_rescale": 4.117894457231895, "target_rescale": 3.7264249638729092},
