[{"mapping": [9, 12, 11, 0, 7, 5, 1, 6, 4, 2, 13], "R": [[-0.6284011874208985, -0.3909929492138513, 0.6724852870606611], [-0.6539759157894345, 0.7336615101019882, -0.1845434641547651], [-0.4212213779182813, -0.5557565134660369, -0.7167337361424391]], "T": [-0.14856186484660272, -0.04286023018414035, 0.10846146588888286], "aligned_model": [[0.17999031128665877, -0.38556052665544804, -0.6063550780105924, 0.22506074464389292, 0.1591341312977017, -0.6841319094970749, -0.3933050843981031, 0.15395873957619066, 0.5763763290968649, 0.5907428588122169, -0.12290800302897176], [-0.3843416711929381, -0.51167722133143, 0.2924649365976946, -0.7080722839493887, 0.2179207729622091, 0.3626720823893604, -0.4395201382817963, 0.5977041428176341, 0.5220753257808385, -0.10710128622539919, 0.011811471248581985], [-0.45027556059932117, -0.13477107939653846, -0.29779491541115943, 0.22383695628246567, -0.5308435668069477, 0.4564694128864727, 0.4487639595830918, 0.3960459789075166, -0.153677159993691, 0.30985624661610045, -0.042842026112103]], "inverted": false, "swapped": false, "error_lsq": 0.04857382577612781, "error_max": 0.21445456374857855, "target": "1158.xyz", "model": "0.xyz", "model_rescale": 3.8414455957264533, "target_rescale": 3.7740887125420293},
{"mapping": [6, 8, 12, 9, 10, 11, 13, 1, 3, 4, 14], "R": [[0.179288584211997, 0.982420094354381, -0.052022704466287734], [0.44903525456491655, -0.03466834633415716, 0.8928412210019627], [0.8753416154445521, -0.18343626678272762, -0.4473568958893311]], "T": [0.12647554986997972, -0.1150984185447806, 0.08633213202895237], "aligned_model": [[0.3741343207258502, -0.4823320534084005, -0.5467735107324931, 0.049483930691874844, -0.03031535067737967, -0.5152153259797454, -0.4777812563169253, 0.09512366313493738, 0.5305610323371321, 0.5825132072473029, 0.11360385610118218], [-0.47630965801611963, -0.4541358993430258, 0.14939385591278198, -0.7875038090647457, 0.15935126244258707, 0.3647766192712299, -0.3908792514152059, 0.7151422745890684, 0.5517429859942179, 0.049406669153304175, -0.02704891870872593], [-0.5603662114677516, -0.28610482411931293, -0.15670918753878285, 0.1726626675854309, -0.5206895204035372, 0.3765358019958721, 0.45193525706678017, 0.32761068853889364, 0.012749891700186672, 0.3328782048499148, 0.07426547774819303]], "inverted": true, "swapped": false, "error_lsq": 0.03966555716757266, "error_max": 0.19940391592184273, "target": "1158.xyz", "model": "1.xyz", "model_rescale": 4.316132596720782, "target_rescale": 3.7740887125420293},
{"mapping": [2, 0, 9, 4, 1, 7, 5, 10, 8, 6, 11], "R": [[-0.20189783184206084, -0.12016880921242062, 0.972006544623], [-0.7439056799224432, -0.6267219542171152, -0.23199985233057374], [0.6370569871499745, -0.7699214566400585, 0.03713954400161873]], "T": [-0.07220020554852416, 0.012669369220825804, 0.05275269526282919], "aligned_model": [[0.4332351973440778, -0.3195222339423076, -0.711792190968142, 0.22778403447347648, -0.10448374576239346, -0.5801285011431531, -0.5905328789974698, 0.15881393133917457, 0.5426434228036595, 0.6237141533937716, 0.013271324582641991], [-0.36452313216737703, -0.5322738105717054, 0.325075589163806, -0.6712723397828728, 0.1789368722907425, 0.4082426082076051, -0.32159001909863355, 0.5845302585055939, 0.33144444474088486, -0.027249022260534883, -0.05738531821214196], [-0.49768919280920476, -0.32906244803983575, -0.15527603150331296, 0.24396703980911538, -0.4629120736122241, 0.6740350617529788, 0.24079998418922652, 0.18253478360230432, -0.2749451529369935, 0.4888784684510056, 0.11443780705282725]], "inverted": true, "swapped": false, "error_lsq": 0.046913828413233764, "error_max": 0.21652862467836487, "target": "1158.xyz", "model": "2.xyz", "model_rescale": 3.795458400668931, "target_rescale": 3.7740887125420293},
{"mapping": [9, 8, 6, 7, 5, 2, 1, 10, 5, 4, 11], "R": [[-0.529593040503158, -0.7488724219373607, 0.3983984275976655], [0.7318571457973558, -0.6408447943898378, -0.23173922337143232], [0.4288546718831081, 0.16884325620266466, 0.8874545764369652]], "T": [-0.06855432225004142, -0.03787568273740368, 0.14009515078905282], "aligned_model": [[0.32076636666657776, -0.4973578137762196, -0.5559302308834266, 0.2345239395968472, 0.28957987934936363, -0.5759802266564823, -0.544227400164903, 0.18453542720844263, 0.28957987934936363, 0.5377309603165018, 0.009781732117270653], [-0.38063969492129746, -0.4920597529963112, 0.06721285928579088, -0.7375201359350672, 0.33961277716059585, 0.4684668931189668, -0.32430817898910663, 0.6144929192473293, 0.33961277716059585, 0.062015003057254665, -0.10294933537338408], [-0.5566809078842929, -0.32938044283573403, -0.17409813150725179, 0.18418032881504204, -0.3322045123886985, 0.4118697979278532, 0.43667632011318863, 0.36229218331579427, -0.3322045123886985, 0.3228374293079449, 0.23148069348073969]], "inverted": true, "swapped": false, "error_lsq": 0.04949097563494865, "error_max": 0.3148589522387538, "target": "1158.xyz", "model": "3.xyz", "model_rescale": 3.7530521520055578, "target_rescale": 3.7740887125420293},
{"mapping": [2, 3, 9, 1, 4, 8, 5, 6, 4, 0, 10], "R": [[-0.2511470331981558, -0.8775423656426137, -0.4084661114684174], [0.007842007265702056, -0.4238221984527014, 0.9057114590313868], [-0.9679171817039973, 0.22426355165537742, 0.11332338135224668]], "T": [-0.121372130821297, -0.0766881006573543, 0.06303837076861503], "aligned_model": [[0.2783939162833476, -0.42298666526859, -0.5737282605069844, 0.18391847025931835, 0.3298063367579277, -0.5071273774568466, -0.6271415448627728, 0.10253691966768566, 0.3298063367579277, 0.6298480358543233, -0.030323654362000088], [-0.38555948668917567, -0.5345743979293642, 0.15149832491016918, -0.7930441309140314, 0.34129841580136333, 0.5128273289403859, -0.44775893816014356, 0.6142969802122131, 0.34129841580136333, 0.11968707499771038, -0.0660334561551238], [-0.3909897753854736, -0.4655811488058819, -0.1386263409826194, 0.19926449754495357, -0.33875282732205847, 0.6505278940908934, 0.41526482543270055, 0.19993211702723046, -0.33875282732205847, 0.3411128883645715, 0.09136894331362866]], "inverted": false, "swapped": false, "error_lsq": 0.053064046952263605, "error_max": 0.340275265784256, "target": "1158.xyz", "model": "4.xyz", "model_rescale": 3.7855080009869324, "target_rescale": 3.7740887125420293},
{"mapping": [0, 2, 9, 1, 5, 15, 14, 8, 7, 6, 16], "R": [[0.9359317410030124, -0.26248957226290737, -0.23479991617610632], [-0.2561040019634412, -0.9649162749095717, 0.057856050616560406], [-0.2417488704448902, 0.005983884012265583, -0.970320399028459]], "T": [0.015508517476129632, -0.0289650581196087, 0.11986290146748069], "aligned_model": [[0.24263127848619703, -0.4496936804825747, -0.6363489117942072, 0.2995745606961301, 0.21584547416638886, -0.5392834292205225, -0.5802804150021842, 0.04717469224812004, 0.5328807691031606, 0.5964771753209754, -0.03597500039814794], [-0.4568679316039286, -0.5147031391851348, 0.10117269540152263, -0.721907215740468, 0.15576951452831678, 0.4700216194393821, -0.2458786665301427, 0.5793181195857221, 0.44362801690214515, 0.08722354159343207, -0.04384042357548015], [-0.4915193567110989, -0.1858021426508526, -0.13520586624543163, 0.00922119020788853, -0.6422666715527355, 0.46991475217682177, 0.3558320370669107, 0.47242311343082033, -0.14537512477266412, 0.39382037255677926, 0.12372594244944905]], "inverted": true, "swapped": false, "error_lsq": 0.03956137097394399, "error_max": 0.19859606944921945, "target": "1158.xyz", "model": "5.xyz", "model_rescale": 4.2253639853439635, "target_rescale": 3.7740887125420293},
{"mapping": [5, 10, 4, 8, 2, 0, 1, 7, 6, 11, 13], "R": [[0.09319266527109532, 0.2828261882672538, 0.9546331621989076], [0.615772820883071, -0.7698142616231023, 0.1679578389459199], [0.782393098257759, 0.5721847165312038, -0.24589772257329046]], "T": [-0.021293550572358797, -0.006417118109000036, 0.11694428949516594], "aligned_model": [[0.3445434024246229, -0.23120234671018614, -0.6239314420694164, 0.10501036684149942, -0.05099463042304425, -0.44990297620679354, -0.6702359583168254, 0.15068408415970436, 0.4014541224004511, 0.7483922429299026, -0.030814351906578902], [-0.29237547466174063, -0.564214875375982, 0.1774020588977092, -0.7141992485579028, 0.07551200646563594, 0.411229375527533, -0.3312340773035316, 0.7268405438257605, 0.4027000293480856, -0.08539267796475954, 0.0476684706145588], [-0.31332586818512775, -0.3863572440620369, -0.20546754977734377, 0.28711083104143065, -0.5483203769642588, 0.6507307785870395, 0.2268236615751849, 0.3662395168719558, -0.14310480736110204, 0.2000131105982253, 0.09042619363191945]], "inverted": false, "swapped": false, "error_lsq": 0.04897091140520218, "error_max": 0.2757934917510705, "target": "1158.xyz", "model": "6.xyz", "model_rescale": 3.89814844738969, "target_rescale": 3.7740887125420293},
{"mapping": [10, 5, 0, 9, 2, 3, 6, 7, 4, 11, 12], "R": [[-0.45858027174413285, -0.33308222820818656, -0.8238691422907809], [-0.6915613920862406, 0.7159804671008531, 0.09547152300966666], [0.5580743457128434, 0.6135374479051086, -0.5586813265854407]], "T": [-0.04129651092531725, 0.06545915048726429, 0.05830959920990015], "aligned_model": [[0.38108184424271996, -0.34269453690650487, -0.5250205190391074, 0.12203412261726052, 0.01664769188248874, -0.5691575905374029, -0.5637539268359896, 0.038824757503609086, 0.3966166865625671, 0.671732000795949, 0.06669198283774617], [-0.34042591891441487, -0.5804745449188596, 0.37536970501155453, -0.802976548069153, 0.09779115209646665, 0.3285151108024613, -0.27811907328696733, 0.6415236765477981, 0.4245825192521041, -0.03797342563925944, 0.02612347793363591], [-0.3841353110043137, -0.24910786141727392, -0.08652451154128185, 0.18903228528244648, -0.6467754705184813, 0.6101666269293305, 0.3159296755546314, 0.3632766854765143, -0.24951864162775256, 0.42740635196098703, -0.06498158313891989]], "inverted": true, "swapped": false, "error_lsq": 0.046480345099761615, "error_max": 0.23131457605069922, "target": "1158.xyz", "model": "7.xyz", "model_rescale": 3.7474275329858107, "target_rescale": 3.7740887125420293},
{"mapping": [6, 10, 11, 0, 5, 13, 12, 4, 8, 2, 14], "R": [[-0.034026836175117946, 0.7765964550615757, 0.6290787871210617], [-0.727701647112165, 0.4121976062770065, -0.5482184292503751], [-0.6850492589662107, -0.4764358082316024, 0.5511047390692134]], "T": [-0.041004186981021803, -0.05098094524393236, 0.0141085870233532], "aligned_model": [[0.2302236416565937, -0.4654988006067164, -0.6068824160010255, 0.22450432935550885, 0.2718715145896029, -0.48455406683990826, -0.5383755763788238, 0.13554215967959343, 0.3578839392564998, 0.5979736221059275, -0.02968583369391659], [-0.5391193673236487, -0.6028604739302094, 0.09550874702664432, -0.6540408840340847, 0.10474364621826564, 0.41534840197995826, -0.19308012219671528, 0.6076311254752581, 0.4909122906948268, 0.15543314670744857, -0.02654037980237726], [-0.5817894279589035, -0.28671805492853164, -0.19755755474127346, 0.02020576720386079, -0.6110954684677391, 0.6417328955770263, 0.3503706034884862, 0.3978889586283845, -0.09747232284506421, 0.5217404201348861, 0.06746242986475437]], "inverted": true, "swapped": false, "error_lsq": 0.04412780878549928, "error_max": 0.2415361080007, "target": "1158.xyz", "model": "8.xyz", "model_rescale": 4.019505241142653, "target_rescale": 3.7740887125420293},
{"mapping": [7, 4, 2, 8, 0, 6, 5, 10, 1, 9, 12], "R": [[0.690999802644376, 0.06411717920137483, -0.7200057361415202], [0.5704789678865435, -0.6600838327939393, 0.48871574650625604], [-0.44392907084864097, -0.7484506136114272, -0.4926953004039521]], "T": [-0.08506656123902248, 0.023140912132386997, 0.07637709378220278], "aligned_model": [[0.38560628985373624, -0.29394932857706535, -0.5067403382670066, 0.257096904217033, -0.06288909384032873, -0.45337822241494674, -0.6192867491923431, 0.23349142193880626, 0.3131715043487546, 0.5445770714853719, -0.10469694642867554], [-0.5080045689672904, -0.6319277330849866, 0.3478526812006929, -0.5484038974291846, -0.06250950963092375, 0.4011481241560236, -0.3165515256650664, 0.7491471890322342, 0.5110797395594194, -0.08431844090448734, -0.0035759274510645082], [-0.4857043373532708, -0.3871396058149065, -0.18193600114746447, 0.1877217162676709, -0.5676867565173127, 0.5758957679745156, 0.2994074899803432, 0.5342148985487873, -0.16781022361285466, 0.3199780885358513, 0.09782720909452758]], "inverted": true, "swapped": false, "error_lsq": 0.050294701307367816, "error_max": 0.31776150890421495, "target": "1158.xyz", "model": "9.xyz", "model_rescale": 3.877068213659057, "target_rescale": 3.7740887125420293},
{"mapping": [6, 10, 11, 13, 12, 8, 9, 1, 5, 4, 15], "R": [[-0.2760154994718559, 0.9438323960580071, -0.18164760445076922], [-0.022344750399678426, 0.18263702374511204, 0.9829264619935225], [0.9608934156194839, 0.27536180873339827, -0.02932095002201368]], "T": [0.020165204095777416, -0.09341971688124937, 0.08584042527747648], "aligned_model": [[0.18005570711559968, -0.4697279616141426, -0.581665787913015, 0.33788994354066837, 0.03744299335178823, -0.5267085032184271, -0.5234383651467596, 0.2334620962274907, 0.46308458464038665, 0.548978375412064, -0.006370569272317685], [-0.4155325113092999, -0.4472274523415113, 0.1572162759642852, -0.790976273672505, 0.1974344979237775, 0.2892578174799574, -0.33185270641892606, 0.70519054869192, 0.5082371073908721, -0.0025845032845637217, -0.015226669608639928], [-0.4151415602615931, -0.285690935416439, -0.26004442899016855, 0.1863607515099116, -0.602127974754172, 0.47289337869824954, 0.37444079413821374, 0.3497204922236912, -0.14400067284749923, 0.4983889358289355, 0.04996946582675665]], "inverted": true, "swapped": false, "error_lsq": 0.03735004623832014, "error_max": 0.19673494016065596, "target": "1158.xyz", "model": "10.xyz", "model_rescale": 4.260839863003843, "target_rescale": 3.7740887125420293},
{"mapping": [0, 7, 10, 1, 6, 9, 8, 4, 5, 3, 11], "R": [[0.4898207283594223, 0.18164877784486996, 0.8526894954066869], [0.6650691864749076, -0.7102405298198722, -0.23074090881937714], [0.5637008349036302, 0.680119189046047, -0.4686995385322006]], "T": [-0.04545768148376139, -0.024601335263778737, 0.10853315022400659], "aligned_model": [[0.3577256509073131, -0.31008585427749774, -0.4907238476153345, 0.20250344361576306, 0.10052298753490466, -0.5652043008875006, -0.6009699196261852, 0.023417974618865217, 0.3640114348592984, 0.6505938759398912, -0.03878893194618166], [-0.46583298630285097, -0.44921327352910045, 0.3177596645738969, -0.6731380357558224, 0.14510210304029564, 0.38209576971490633, -0.3151512577815051, 0.6282838406870384, 0.453286945943955, -0.08604810010533039, -0.08320853967011632], [-0.5339558380539178, -0.31488421046005943, -0.17050229399560887, 0.3114520298177074, -0.6996411638660079, 0.5559637901868418, 0.4586764107013165, 0.4327243740739509, -0.13757401280350373, 0.23331133706522353, 0.0891978232899441]], "inverted": true, "swapped": false, "error_lsq": 0.040898433222142934, "error_max": 0.18677316453923065, "target": "1158.xyz", "model": "11.xyz", "model_rescale": 3.890672605050136, "target_rescale": 3.7740887125420293},
{"mapping": [9, 6, 8, 11, 5, 3, 0, 7, 12, 10, 13], "R": [[-0.1724180346214495, 0.7293487309198922, 0.6620592496467511], [0.3140285529568704, -0.5963543512963154, 0.7387472880611913], [0.9336263113607556, 0.3352788636277172, -0.12621408138324336]], "T": [-0.08363638483128494, -0.19704513719475952, 0.07654363730818028], "aligned_model": [[0.33179700559295017, -0.3730097254403341, -0.6656759602450033, 0.24995987233590056, 0.08490237020859615, -0.5849525207345714, -0.5533776949192957, -0.0067705084695334206, 0.4921916413801605, 0.746515682822295, -0.028577649407828316], [-0.3163132085451755, -0.562591039403074, 0.14521155617019454, -0.6326868224507542, 0.30226474879975285, 0.4261214448778548, -0.19334003313003317, 0.6517831641631311, 0.27419611527425053, -0.19052853802635739, -0.05018125691442257], [-0.5707666756780861, -0.2621267143097695, -0.1750141777905341, 0.11767784650945048, -0.4955197399786493, 0.5385054310454636, 0.4343479323465217, 0.05317010224351802, 0.03799609593467393, 0.40872669369174475, 0.13777145194155338]], "inverted": false, "swapped": false, "error_lsq": 0.05064170350664852, "error_max": 0.3354849915421125, "target": "1158.xyz", "model": "12.xyz", "model_rescale": 4.124412569039231, "target_rescale": 3.7740887125420293},
{"mapping": [11, 2, 1, 10, 8, 0, 4, 3, 9, 7, 12], "R": [[0.01892180866008436, 0.2189466357612806, 0.9755533485390988], [0.9998123883106265, -0.00010171640369877055, -0.019369507850596823], [-0.0041416588020102285, 0.9757368294486943, -0.21890748347139108]], "T": [-0.007564031066185032, 0.12975624997205992, 0.16318995636951497], "aligned_model": [[0.31072115476460144, -0.37247884422891053, -0.6933333345435905, 0.24507806534988646, 0.020128241963471124, -0.38340863259221175, -0.545956118367127, 0.06629588968780638, 0.5312534780155954, 0.5209489845902473, -0.006246371516432765], [-0.5017438394083858, -0.4789410565811739, 0.2608718777784126, -0.5613135534043776, 0.06191239118061034, 0.3244267430806582, -0.39810905698072696, 0.8151706501385473, 0.34675415105109, -0.02629929289781263, 0.011207116858525157], [-0.5371349960130525, -0.3254001394963062, -0.2556100597023484, 0.10658456548441089, -0.5506212719935442, 0.5601932661927742, 0.3862783554334326, 0.34623418030612363, -0.10369742593731665, 0.4621854987064822, 0.13575627297523077]], "inverted": true, "swapped": false, "error_lsq": 0.037666307149011, "error_max": 0.17307653674886825, "target": "1158.xyz", "model": "13.xyz", "model_rescale": 3.9028299243045295, "target_rescale": 3.7740887125420293},
{"mapping": [14, 10, 5, 7, 12, 0, 4, 2, 1, 6, 15], "R": [[-0.6235435527275827, 0.7578075082534523, -0.19214894817968386], [0.38745688717762483, 0.0860776975519274, -0.9178604417681289], [-0.6790217952543867, -0.6467753941043624, -0.34729093156985374]], "T": [-0.02169605942553062, 0.06490908986116774, 0.006847775575218035], "aligned_model": [[0.21363274084342893, -0.2767534495704524, -0.4850259468069276, 0.1251960356279567, -0.01854372044048625, -0.5375932530423562, -0.5370457820561304, 0.08178358141147418, 0.5531977728995161, 0.531308248831421, 0.04284628542589162], [-0.4490771765817001, -0.6093511877065008, 0.09445986922118461, -0.7699536210273973, 0.4208645385860263, 0.3703810885816148, -0.25115773500594113, 0.7266020520415724, 0.3638634469319719, -0.01467336664885334, -0.028021777576610882], [-0.6739525816919077, -0.182020982761904, -0.20891598540773834, 0.3263081365212425, -0.5910870622147323, 0.5793452453170046, 0.3132457185932758, 0.3127957405773579, -0.041340705266260054, 0.3705250087289008, 0.019865713560647494]], "inverted": false, "swapped": false, "error_lsq": 0.04375322424265381, "error_max": 0.22924453563286115, "target": "1158.xyz", "model": "14.xyz", "model_rescale": 3.942246331269136, "target_rescale": 3.7740887125420293},
{"mapping": [12, 3, 5, 13, 1, 9, 10, 7, 0, 8, 14], "R": [[0.904287950007729, -0.001135368145759652, -0.42692155533539494], [0.3473676801010888, -0.5793905719757025, 0.7373210019569876], [-0.24819145491335254, -0.8150492476193336, -0.5235415223868604]], "T": [-0.08304051972158798, -0.09109331051340654, 0.14190204042971594], "aligned_model": [[0.33207445040743067, -0.3959027623009411, -0.44985025858837346, 0.31829341256417387, -0.036584395780810866, -0.5542460376864997, -0.6108151615082871, 0.13837322277875058, 0.37201626023052536, 0.6137365113234567, -0.03409272831608913], [-0.45467492571605866, -0.39583167075120695, 0.2269689107581805, -0.7954433687091754, 0.0010962255720384645, 0.43018184570414253, -0.29235275932785887, 0.670573521784143, 0.423720577136819, 0.07774411498982746, -0.03804634062548433], [-0.4610608347327296, -0.4288866065040165, -0.2668357692495195, 0.08064914808183815, -0.6618294780298801, 0.5348395386175966, 0.5777335190920381, 0.4609930922297462, -0.12002823840480992, 0.43316930437347595, 0.07602457048214767]], "inverted": true, "swapped": false, "error_lsq": 0.047975973257808495, "error_max": 0.27959471124007323, "target": "1158.xyz", "model": "15.xyz", "model_rescale": 4.355366556412066, "target_rescale": 3.7740887125420293},
{"mapping": [2, 0, 9, 4, 1, 7, 5, 10, 8, 6, 11], "R": [[-0.20189783184206084, -0.12016880921242062, 0.972006544623], [-0.7439056799224432, -0.6267219542171152, -0.23199985233057374], [0.6370569871499745, -0.7699214566400585, 0.03713954400161873]], "T": [-0.07220020554852416, 0.012669369220825804, 0.05275269526282919], "aligned_model": [[0.4332351973440778, -0.3195222339423076, -0.711792190968142, 0.22778403447347648, -0.10448374576239346, -0.5801285011431531, -0.5905328789974698, 0.15881393133917457, 0.5426434228036595, 0.6237141533937716, 0.013271324582641991], [-0.36452313216737703, -0.5322738105717054, 0.325075589163806, -0.6712723397828728, 0.1789368722907425, 0.4082426082076051, -0.32159001909863355, 0.5845302585055939, 0.33144444474088486, -0.027249022260534883, -0.05738531821214196], [-0.49768919280920476, -0.32906244803983575, -0.15527603150331296, 0.24396703980911538, -0.4629120736122241, 0.6740350617529788, 0.24079998418922652, 0.18253478360230432, -0.2749451529369935, 0.4888784684510056, 0.11443780705282725]], "inverted": true, "swapped": false, "error_lsq": 0.046913828413233764, "error_max": 0.21652862467836487, "target": "1158.xyz", "model": "16.xyz", "model_rescale": 3.795458400668931, "target_rescale": 3.7740887125420293},
{"mapping": [10, 5, 0, 9, 2, 3, 6, 7, 4, 11, 12], "R": [[-0.45858027174413285, -0.33308222820818656, -0.8238691422907809], [-0.6915613920862406, 0.7159804671008531, 0.09547152300966666], [0.5580743457128434, 0.6135374479051086, -0.5586813265854407]], "T": [-0.04129651092531725, 0.06545915048726429, 0.05830959920990015], "aligned_model": [[0.38108184424271996, -0.34269453690650487, -0.5250205190391074, 0.12203412261726052, 0.01664769188248874, -0.5691575905374029, -0.5637539268359896, 0.038824757503609086, 0.3966166865625671, 0.671732000795949, 0.06669198283774617], [-0.34042591891441487, -0.5804745449188596, 0.37536970501155453, -0.802976548069153, 0.09779115209646665, 0.3285151108024613, -0.27811907328696733, 0.6415236765477981, 0.4245825192521041, -0.03797342563925944, 0.02612347793363591], [-0.3841353110043137, -0.24910786141727392, -0.08652451154128185, 0.18903228528244648, -0.6467754705184813, 0.6101666269293305, 0.3159296755546314, 0.3632766854765143, -0.24951864162775256, 0.42740635196098703, -0.06498158313891989]], "inverted": true, "swapped": false, "error_lsq": 0.046480345099761615, "error_max": 0.23131457605069922, "target": "1158.xyz", "model": "17.xyz", "model_rescale": 3.7474275329858107, "target_rescale": 3.7740887125420293},
{"mapping": [0, 4, 9, 8, 2, 12, 5, 7, 1, 3, 13], "R": [[0.13374676253293777, -0.11209898201940756, 0.984655077548565], [-0.22531124798984814, -0.9710017427089542, -0.07994033515961237], [0.9650630264605597, -0.21116210333861174, -0.15512550103834744]], "T": [0.00606162830100716, 0.036390271835853596, 0.11023736393968978], "aligned_model": [[0.34629146538043815, -0.40922075180095013, -0.6095592325298228, 0.1644567643107713, 0.0872385116995114, -0.5281026179730043, -0.5263279608135577, -0.062799326271202, 0.6249007403038029, 0.5854589518052474, 0.02066596901210188], [-0.3493002013530527, -0.5921791624284315, 0.18061795359567473, -0.660809842616836, 0.3290207464339796, 0.34620303264761726, -0.3245409488434365, 0.7843550292654208, 0.2910523461568008, -0.18438955200462837, 0.033906729962258644], [-0.5490265495525402, -0.23857036691806463, -0.10869983568652877, 0.18558610324105274, -0.5313313718539612, 0.532044825412587, 0.4411601887972023, 0.1670367707590411, -0.064987629048811, 0.3861797351158517, 0.005376375690057597]], "inverted": true, "swapped": false, "error_lsq": 0.04328343763184888, "error_max": 0.2766504437853631, "target": "1158.xyz", "model": "18.xyz", "model_rescale": 3.922800546911778, "target_rescale": 3.7740887125420293},
{"mapping": [1, 5, 3, 8, 2, 7, 12, 11, 10, 4, 14], "R": [[0.25603143166361225, -0.9419618487700423, -0.21715381981905107], [0.9661059305733208, 0.2570050366975372, 0.02424339132950007], [0.03297327571441411, -0.2160006633643087, 0.9758362959609772]], "T": [0.007982785496894542, -0.08192618325484143, 0.008809206368089207], "aligned_model": [[0.2674486967041527, -0.4130392396961532, -0.5807500769997426, 0.1993161515627919, 0.06257097496933539, -0.49311308576278595, -0.6519283389177146, 0.16538136582125, 0.5793025187665392, 0.6102084537750309, -0.05239490709936766], [-0.39316215672944066, -0.6911262615755858, 0.10227939717159092, -0.6166394442549478, 0.3530637986194542, 0.420235136960664, -0.30178853885812845, 0.46876250398568325, 0.4731976371860738, 0.05228665736528969, -0.013172599055286394], [-0.6107007884443847, -0.17598646203909693, -0.16033914373140784, 0.23654573299951095, -0.5577001122021413, 0.3761618371529765, 0.37594936629197023, 0.4321427266874584, -0.11780814480895382, 0.387198287832912, 0.03930494621704331]], "inverted": false, "swapped": false, "error_lsq": 0.04170505345575265, "error_max": 0.2608843582011791, "target": "1158.xyz", "model": "19.xyz", "model_rescale": 3.9282355846067225, "target_rescale": 3.7740887125420293},
{"mapping": [10, 12, 9, 2, 11, 6, 7, 3, 0, 1, 13], "R": [[-0.36067465575987695, -0.9220571900315409, -0.14044333734155295], [-0.8825353395225917, 0.38610175189329976, -0.2684339987383655], [0.3017369171749428, 0.027128868315206056, -0.9530051717161342]], "T": [-0.1854046874073371, 0.10146499286037948, 0.09698567761945073], "aligned_model": [[0.2515147792891612, -0.5535788883003063, -0.5755635622010009, 0.24842408204208657, 0.029536651056378288, -0.4707510307188475, -0.497349881111685, 0.2647057232230655, 0.49258437036239, 0.5325891171660988, -0.029108847684004513], [-0.4508914421660061, -0.5276573710351267, 0.025977547344125593, -0.547220242742417, 0.3165026029554924, 0.32816522336634163, -0.3862870254595317, 0.5792327296148413, 0.42126976705951386, 0.025211258167850373, 0.06963308371028247], [-0.39923816027838266, -0.340561067667175, -0.46914374506317014, 0.3610240730637898, -0.5517995091642515, 0.6392296484520986, 0.32695511282602896, 0.46508033541851, -0.18275122044871053, 0.2974128734942041, 0.07855990532294511]], "inverted": false, "swapped": false, "error_lsq": 0.052545144949781346, "error_max": 0.3277028747928567, "target": "1158.xyz", "model": "20.xyz", "model_rescale": 4.067790424073018, "target_rescale": 3.7740887125420293},
{"mapping": [2, 3, 12, 6, 0, 10, 11, 1, 8, 5, 14], "R": [[0.8368572227572733, -0.33768222163145606, 0.43086042509498096], [-0.44797216602402085, -0.8748093873026164, 0.1844707953985345], [0.31462823647398624, -0.34738919540087176, -0.8833627905521062]], "T": [0.04762062944347829, 0.016241113010299242, 0.04728393360397048], "aligned_model": [[0.28543571532111384, -0.42343580961019395, -0.6866638501126707, 0.1994701800055757, 0.07150678847942989, -0.46261847302584197, -0.4593022764844172, 0.16294464742219855, 0.509130072528763, 0.5081928332304587, -0.011657314631079718], [-0.444992284781468, -0.5485821664670854, 0.11635959063322909, -0.6938362266267647, 0.1386907533352819, 0.3685889262879618, -0.2963776595676202, 0.7482145598235049, 0.32776712606051644, 0.08826110889328276, 0.04984240322452778], [-0.48603554778538033, -0.380297065549764, -0.14718061437099955, 0.18972265173710381, -0.6519253101219334, 0.5828153503699902, 0.298940295448135, 0.3997330012952579, -0.0757139276018235, 0.4094337453527895, 0.08527566718251108]], "inverted": true, "swapped": false, "error_lsq": 0.030579734963166325, "error_max": 0.1465272747409445, "target": "1158.xyz", "model": "21.xyz", "model_rescale": 4.186013935880536, "target_rescale": 3.7740887125420293},
{"mapping": [9, 10, 11, 7, 8, 3, 4, 5, 2, 0, 12], "R": [[-0.17230898895400976, 0.13835599793229336, -0.975278027109094], [0.9850083795121758, 0.01590631403799586, -0.1717715967921422], [-0.008252552117046008, -0.9902548192308303, -0.13902261820895023]], "T": [0.039103923417733916, -0.053854892832295116, 0.02837114056001901], "aligned_model": [[0.10817947228931295, -0.32742823528074794, -0.482769068675301, 0.11566213257054649, 0.07601096006258615, -0.4836143283611576, -0.5642306181352703, 0.1317112511865326, 0.5352690453457593, 0.5831126582601803, 0.0010992438608953825], [-0.3153183489125545, -0.7552716677310798, 0.19595910029807, -0.7416794948691087, 0.3256381712831162, 0.4003637716373507, -0.37887745625973934, 0.6678067581956687, 0.461997777043104, 0.035363889109915274, -0.042046368979376074], [-0.5304814248997708, -0.23614373079560866, -0.2250209028667318, 0.2720100071742494, -0.6366784934057536, 0.6389361975696868, 0.26912809892372885, 0.29136756714025147, -0.16505946102505004, 0.49515047426090253, 0.05155991387998253]], "inverted": false, "swapped": false, "error_lsq": 0.04359037689051465, "error_max": 0.2637230221795173, "target": "1158.xyz", "model": "22.xyz", "model_rescale": 4.166573947596378, "target_rescale": 3.7740887125420293},
{"mapping": [14, 9, 3, 10, 12, 4, 8, 1, 6, 5, 15], "R": [[-0.15410661518914703, 0.9822664857845722, 0.1067881175944757], [0.19129978214062526, 0.13569634987455403, -0.9721064211204824], [-0.9693583158501782, -0.1293794865314824, -0.208819069907316]], "T": [-0.0681308470701411, -0.004783428156548393, -0.015217127406831323], "aligned_model": [[0.30480283701955435, -0.4304531403118288, -0.6237864013389933, 0.24172688671273707, 0.18652711287307344, -0.5355450891245136, -0.6309025842164397, 0.1671238824788432, 0.405996235370115, 0.6372367694546521, -0.02972399579386388], [-0.526313712148254, -0.4015602419080884, 0.19863203959324768, -0.6697846509212698, 0.09765537199679729, 0.31096194286692597, -0.35087671710209767, 0.5320760885861181, 0.5725966364311009, 0.05431654833725792, 0.03623282508362841], [-0.4787949454385664, -0.28306014518283096, -0.12149837931125079, 0.13545732842574584, -0.6102271868931564, 0.4556143715039563, 0.45124460461132276, 0.3904134093810275, -0.15993548381097464, 0.4207022453422009, 0.02485242732841241]], "inverted": false, "swapped": false, "error_lsq": 0.04073612930006741, "error_max": 0.19020926212368672, "target": "1158.xyz", "model": "23.xyz", "model_rescale": 4.274766983524099, "target_rescale": 3.7740887125420293},
{"mapping": [2, 5, 6, 4, 3, 8, 7, 0, 0, 1, 10], "R": [[0.0015870262747165187, -0.6789398918618672, 0.7341921441872006], [-0.6343714617700673, 0.5668680499525646, 0.5255791685699546], [-0.7730267329396256, -0.4665846516780987, -0.42980045716485216]], "T": [-0.07999861710324106, -0.011147719956410278, 0.08419689808295161], "aligned_model": [[0.6992417547475477, -0.5405306098381735, -0.615317967676301, 0.11002407913289729, 0.0033276820725492845, -0.4067696238921146, -0.5412181411233735, 0.26447667439302064, 0.26447667439302064, 0.4937509767179016, -0.03845898580363861], [-0.38756788396176334, -0.5535561778830886, 0.3070727271356774, -0.6728254017026605, -0.007265230562802115, 0.31387516688275685, -0.32605509552180767, 0.6362751683372467, 0.6362751683372467, -0.09337778913395303, 0.0010854788885143393], [-0.3395528202387965, -0.31573346716768214, -0.1750018597675776, -0.03308322514589973, -0.47173109899373333, 0.6609047616128989, 0.3827640964804882, -0.0071799010638340655, -0.0071799010638340655, 0.3825808785794583, 0.14798078272439913]], "inverted": true, "swapped": false, "error_lsq": 0.07310729442542101, "error_max": 0.4224202102345993, "target": "1158.xyz", "model": "24.xyz", "model_rescale": 3.7841303162186577, "target_rescale": 3.7740887125420293},
{"mapping": [0, 7, 6, 10, 1, 3, 11, 5, 2, 9, 15], "R": [[-0.9393883096912102, 0.1713592556421857, -0.29696061880533453], [-0.28925555210638, -0.8611095478742633, 0.4181166967909981], [-0.18406745826224813, 0.4786714447985572, 0.858482858735885]], "T": [0.05568419597919749, -0.046852540650728566, 0.06715133066760327], "aligned_model": [[0.09209394027023698, -0.2763467249030388, -0.6113990612655917, 0.23413847233690788, 0.11519950161090427, -0.4970326553453662, -0.567318555579354, 0.08663316393353912, 0.549291871105672, 0.576885634578134, -0.00914307361870774], [-0.3919640448673439, -0.5380377567620637, 0.14141238068877132, -0.7915794726989333, 0.16745262874170047, 0.4479255585237607, -0.3789070557778767, 0.7691454140792047, 0.5231568535825017, -0.07145598806499723, -0.023212386629357203], [-0.5816185280108033, -0.19986573086969706, -0.1367670342232113, 0.20423150140324703, -0.6424736523836212, 0.3813178509594552, 0.3688712996733594, 0.38735165031580465, 0.05186141669385261, 0.33150798237861284, 0.0603514900188873]], "inverted": false, "swapped": false, "error_lsq": 0.04143633399111893, "error_max": 0.2518148781534044, "target": "1158.xyz", "model": "25.xyz", "model_rescale": 4.19342608120988, "target_rescale": 3.7740887125420293},
{"mapping": [2, 0, 9, 4, 1, 7, 5, 10, 8, 6, 11], "R": [[-0.20189783184206084, -0.12016880921242062, 0.972006544623], [-0.7439056799224432, -0.6267219542171152, -0.23199985233057374], [0.6370569871499745, -0.7699214566400585, 0.03713954400161873]], "T": [-0.07220020554852416, 0.012669369220825804, 0.05275269526282919], "aligned_model": [[0.4332351973440778, -0.3195222339423076, -0.711792190968142, 0.22778403447347648, -0.10448374576239346, -0.5801285011431531, -0.5905328789974698, 0.15881393133917457, 0.5426434228036595, 0.6237141533937716, 0.013271324582641991], [-0.36452313216737703, -0.5322738105717054, 0.325075589163806, -0.6712723397828728, 0.1789368722907425, 0.4082426082076051, -0.32159001909863355, 0.5845302585055939, 0.33144444474088486, -0.027249022260534883, -0.05738531821214196], [-0.49768919280920476, -0.32906244803983575, -0.15527603150331296, 0.24396703980911538, -0.4629120736122241, 0.6740350617529788, 0.24079998418922652, 0.18253478360230432, -0.2749451529369935, 0.4888784684510056, 0.11443780705282725]], "inverted": true, "swapped": false, "error_lsq": 0.046913828413233764, "error_max": 0.21652862467836487, "target": "1158.xyz", "model": "26.xyz", "model_rescale": 3.795458400668931, "target_rescale": 3.7740887125420293},
{"mapping": [3, 0, 1, 7, 9, 8, 6, 11, 4, 10, 12], "R": [[0.494346105825244, -0.6377436257899327, 0.5906818055600893], [-0.4725087672850154, -0.7675056803959616, -0.4332095282870953], [0.7296282563704699, -0.06494688848776847, -0.6807528987683752]], "T": [-0.09957253641464417, 0.09008916890293288, -0.02919459423128592], "aligned_model": [[0.32343250437855986, -0.2944407172527006, -0.6833652577896424, 0.2436899063007498, -0.060989543640149024, -0.48618128987056164, -0.6763610321917165, 0.2056028402705716, 0.6897503494304692, 0.49536236571870584, -0.06349761223095055], [-0.34617752439930227, -0.615413199721011, 0.1103110903306473, -0.607732552836578, 0.2834937406751019, 0.36990280356278044, -0.2835229580870689, 0.681837648612747, 0.34403084493523356, -0.024205528457027836, -0.05858823380015572], [-0.4484971897712259, -0.42361314356154445, -0.1247472127960022, 0.20622808674695278, -0.4106134118079695, 0.521250418204906, 0.427878670553579, 0.23210278034315315, -0.13571308883026786, 0.34587288354865753, 0.03461945332564826]], "inverted": true, "swapped": false, "error_lsq": 0.044501626479613685, "error_max": 0.24794068157476787, "target": "1158.xyz", "model": "27.xyz", "model_rescale": 3.6321398670334006, "target_rescale": 3.7740887125420293},
{"mapping": [6, 13, 1, 9, 4, 5, 11, 3, 7, 8, 14], "R": [[-0.6073239246541065, -0.6896725496184389, -0.3943468331881659], [0.26983754721015074, 0.2877936166319504, -0.9188920134278629], [0.7472250990553937, -0.6644746861459087, 0.011315600423895067]], "T": [0.05048254517672375, -0.060226185639106915, 0.16687031308885591], "aligned_model": [[0.17117892336205415, -0.41825713560747796, -0.4176440978909807, 0.16665237266804395, 0.02400222262723825, -0.6061599562943498, -0.38223635861605915, 0.05839139171456888, 0.5946615638254743, 0.5039300936823361, -0.0015165063475123183], [-0.40769101476774877, -0.592067432256526, 0.28139689318327465, -0.7181243724058055, 0.28169703600815454, 0.4704713593336927, -0.4632096195492064, 0.6109498950564376, 0.43115616451834804, 0.028520120380163168, -0.06916289868541728], [-0.517679183991022, -0.23798192164476156, -0.16692350682455037, 0.15116336399120692, -0.5873541597142108, 0.41007817190607565, 0.4176382111801185, 0.3118537563189768, -0.08472453109535155, 0.39825533792137946, 0.1304427079080249]], "inverted": true, "swapped": false, "error_lsq": 0.042633051762185674, "error_max": 0.22346553299599822, "target": "1158.xyz", "model": "28.xyz", "model_rescale": 4.156811204709835, "target_rescale": 3.7740887125420293},
{"mapping": [6, 2, 5, 7, 0, 1, 6, 3, 9, 10], "R": [[0.4762939872186348, 0.8791973049305356, -0.012495468869076432], [0.3367774950144201, -0.16928084568175752, 0.9262423625256415], [0.8122345453076885, -0.4453718606829041, -0.37672131492744176]], "T": [0.03288719980186963, -0.0942197356954954, 0.08584373720244938], "aligned_model": [[-0.5534956913157998, -0.09465475865590586, 0.17768412218703333, 0.7187656243288731, -0.2041161640277368, -0.6694692131071442, -0.5534956913157998, -0.49657009671346897, 0.3068599996423229, 0.011417243088213853], [0.1106534919887316, -0.4876859846840453, 0.1567743623673314, 0.15549659038407992, -0.40066575329719395, -0.42124538507735915, 0.1106534919887316, 0.2647674923864793, 0.4470276008278889, -0.017055576258440924], [-0.35604333463833066, -0.40680138555892414, -0.7209073430327957, -0.26006512095461726, 0.7593139218469057, 0.12679997936312917, -0.35604333463833066, 0.5091781913799228, 0.4313472806566418, 0.032007872551498215]], "inverted": false, "swapped": true, "error_lsq": 0.06179764509438115, "error_max": 0.3675132903304774, "target": "1158.xyz", "model": "29.xyz", "model_rescale": 4.117894457231895, "target_rescale": 3.7740887125420293},
{"mapping": [10, 7, 8, 13, 6, 0, 4, 2, 9, 11, 14], "R": [[0.26745680161028823, -0.8641236134924462, -0.42632996596199074], [0.9459814337530432, 0.1513246493115026, 0.28674026139572284], [-0.18326479822085756, -0.4799908656584081, 0.8579177015410979]], "T": [-0.03192288276389659, 0.015119359434427387, 0.07876234280853356], "aligned_model": [[0.3128768649369343, -0.2797287884161513, -0.5596705722704592, 0.011897676740420422, 0.02316069083206069, -0.4816086877845723, -0.4867103148467583, 0.0984692064468449, 0.41259056571564445, 0.663676593391776, -0.0219507216224037], [-0.37589782188329285, -0.49404375987737253, 0.22757926716176474, -0.7691044212373, 0.16088339068892363, 0.4848170103099782, -0.4861045083045436, 0.7106774974982751, 0.365383021607835, 0.053994471770855944, -0.024248016919756823], [-0.41372081689638607, -0.24734931277992311, -0.34329553294563514, 0.15705105734381045, -0.5437391353840124, 0.49282664306579727, 0.45488880848859276, 0.5314848104279026, -0.18495563855045805, 0.27909637566776724, 0.042480987518430845]], "inverted": true, "swapped": false, "error_lsq": 0.043589535869980496, "error_max": 0.2091107686287025, "target": "1158.xyz", "model": "30.xyz", "model_rescale": 4.100398675895297, "target_rescale": 3.7740887125420293},
