[{"mapping": [12, 5, 1, 11, 0, 3, 8, 6, 9, 10, 7, 2, 4, 13], "R": [[0.8072503633946715, 0.5825818344536879, 0.0945793685945673], [0.5207459782147644, -0.77846278241214, 0.350455878210507], [0.27779574685786557, -0.23365380922151774, -0.9317915112641644]], "T": [0.11911669578137021, 0.04057608042052045, -0.19021960797038973], "aligned_model": [[-0.2732663867060696, 0.06193936704869879, 0.15695513504036232, -0.445932675849134, 0.37592957894129775, 0.6186782382894258, -0.04378371429171243, 0.608201732432694, -0.10932261237446028, -0.8304272692136444, -0.11122774194552582, 0.7552909199633333, 0.4807432791299283, 0.0320986333989374], [-0.3759386087126542, 0.5636852336765736, -0.2817250337654351, 0.45000160306119547, -0.6840480885315678, 0.1088632454184718, 0.6993486549579673, 0.6125145985222729, -0.3839265403185104, -0.06116561036078562, 0.20548228455326678, -0.17184717432721452, 0.4279451423251927, 0.08276179534811112], [-0.2778029299418462, -0.7338084482718888, -0.6674348190983534, -0.1778993046598637, -0.12404263769970103, -0.32797095693382894, 0.19715783465892212, -0.055206858116910784, 0.3614652470321802, 0.1314072123355874, 0.5105955362169188, 0.18583485981128683, 0.6051266378281449, -0.059116272655630075]], "inverted": true, "swapped": false, "error_lsq": 0.04787936023641794, "error_max": 0.3431240873403933, "target": "1159.xyz", "model": "0.xyz", "model_rescale": 3.8414455957264533, "target_rescale": 4.034560292552708},
{"mapping": [8, 7, 13, 9, 12, 0, 2, 4, 10, 6, 5, 1, 3, 14], "R": [[0.9102482284940038, -0.1692624793247101, 0.3778867232602653], [0.3393340953757643, 0.8279205383258282, -0.44654221965429297], [-0.23727733612597712, 0.5346941137801343, 0.8110497336475965]], "T": [0.0965597737569035, 0.08577757422308997, -0.07729391325152334], "aligned_model": [[-0.38989793306529347, 0.09772921612593918, 0.14377087426277377, -0.3504613476531333, 0.15066187216585325, 0.6615887156392498, -0.211124803138527, 0.3723113753042071, -0.09338062706254582, -0.6067327843947018, -0.07461645743796722, 0.880558079569641, 0.5403542166129257, 0.15511608693570972], [-0.49580848041841263, 0.5726321253620704, -0.254551874167129, 0.23138586817153822, -0.6749918608420256, 0.30883480384165846, 0.7097830773272594, 0.5348395424130266, -0.33978921719875904, 0.18431255124337242, 0.21728328701402372, -0.08746896715884257, 0.23964214376054754, 0.04584850249855571], [-0.2995976649526404, -0.49672958242491294, -0.7531592690634363, -0.5717431237273586, -0.05295518926019148, -0.4729012143183417, 0.1687793702532548, 0.057322719516007856, 0.4239015083016364, 0.24781777484323897, 0.5453839572078034, 0.24493299988687012, 0.549403038050477, -0.022150223807389985]], "inverted": true, "swapped": false, "error_lsq": 0.03894597781720599, "error_max": 0.2403383012418974, "target": "1159.xyz", "model": "1.xyz", "model_rescale": 4.316132596720782, "target_rescale": 4.034560292552708},
{"mapping": [3, 0, 9, 7, 6, 1, 10, 5, 8, 2, 11, 13], "R": [[0.03814634723846397, 0.9924634191430325, -0.11645264211379815], [-0.94201732602018, -0.0031649366975906312, -0.3355493118060152], [-0.33338898252664667, 0.12250038709580502, 0.9347970054997103]], "T": [0.10590235507514487, -0.009527806851351336, -0.1185748976135837], "aligned_model": [[-0.21099372871068736, 0.4751326465335115, 0.08238713042962101, -0.5234083200165698, -0.5614176852487097, -0.5017534294873564, -0.1069021650095584, -0.20722127620588468, 0.5667284969860533, 0.31577948491994656, 0.2877119251140736, -0.018234524672659333], [-0.6280693604183369, -0.45704164314654944, -0.5756808746041339, 0.5226473866460062, -0.20926653061262857, -0.13146637739452238, 0.25559921966754584, 0.4797832954127417, 0.06272413160328222, -0.02006478697446286, 0.6834741016660859, 0.03013786589595268], [0.1272648933240292, 0.10547030246895994, -0.5583880935867174, -0.09236974845586983, -0.294602147116615, 0.3417127146032649, -0.7073881711527392, 0.4998432411875498, -0.41437913560925127, 0.6160655309009957, -0.05007339570534858, -0.12389752964883742]], "inverted": true, "swapped": true, "error_lsq": 0.040109239482307636, "error_max": 0.2268763924414593, "target": "1159.xyz", "model": "2.xyz", "model_rescale": 3.795458400668931, "target_rescale": 4.034560292552708},
{"mapping": [10, 7, 6, 2, 8, 0, 1, 11, 5, 4, 9, 13], "R": [[0.6274448953331997, -0.7782585385908316, 0.025030989408592073], [-0.7765854264575174, -0.6231034508753452, 0.09304388706966214], [-0.056815303696327694, -0.07781861356834328, -0.9953473186020017]], "T": [0.026313126076987603, 0.11998862894359068, 0.01518273464843102], "aligned_model": [[-0.14082963984786712, -0.12145873592803486, -0.6438223680520296, 0.3842416936938352, 0.3325431301678975, 0.09956105398472331, -0.37366389288579, 0.5958993259649552, 0.25700959541716434, 0.7015893743617476, -0.4529897968535501, -0.04477591427948621], [-0.04770636818490122, -0.6754577285877833, -0.1319595828265081, 0.06764622412819067, 0.4526029531156861, 0.6171629514320541, -0.3188082794984159, -0.265388760237286, -0.5966609323441816, 0.35190077492736854, 0.6206615963680914, 0.01177619699739453], [-0.6221718438965052, -0.14405809331461233, -0.04513065233592324, 0.6882380146455377, -0.3021059648748326, 0.38158187165814494, 0.5085942372525514, -0.197078070813976, 0.4064694620029351, 0.1845151021555892, -0.1695148479797835, -0.0005677838600251887]], "inverted": false, "swapped": true, "error_lsq": 0.045848092809465744, "error_max": 0.2627325266225171, "target": "1159.xyz", "model": "3.xyz", "model_rescale": 3.7530521520055578, "target_rescale": 4.034560292552708},
{"mapping": [1, 0, 2, 4, 5, 8, 7, 10, 12, 11, 13], "R": [[-0.6620273241744815, 0.6216989472089562, 0.41858122400037456], [0.15743121135477176, 0.6613881176328521, -0.733335647262181], [-0.7327586476717594, -0.41959048713400104, -0.5357318241143666]], "T": [-0.2194707039675446, 0.011820658564530462, -0.16531006122480996], "aligned_model": [[-0.2913645739054903, -0.08014655413365321, 0.39497481279785845, 0.41462996754653797, 0.27153463020562657, -0.13802684011783228, -0.28706952102090144, -0.6126399516272993, -0.3221187212034998, 0.2598801490171122, -0.27145379511325357], [-0.7566577322043007, 0.09792402785116783, -0.3148878079890612, 0.33147972438923556, -0.581812992758131, 0.557681780620032, -0.42508380522880934, 0.2648913451804707, 0.19830970908019158, 0.16907710997268574, -0.07371800059913543], [-0.18116842953186757, -0.7652857978647637, -0.4808639894196415, -0.3502130781266112, 0.19025372699693094, -0.187304500628458, 0.5307315766469187, 0.32830147158771283, 0.7420637024565614, 0.3480046463022889, -0.08168855117375412]], "inverted": true, "swapped": true, "error_lsq": 0.0508793370286734, "error_max": 0.29326630902358003, "target": "1159.xyz", "model": "4.xyz", "model_rescale": 3.7855080009869324, "target_rescale": 4.034560292552708},
{"mapping": [10, 2, 5, 9, 7, 0, 14, 1, 8, 15, 13, 6, 11, 16], "R": [[-0.9571976076326463, -0.2803775207389195, 0.07184139340683318], [0.28735124979236054, -0.9502984978726945, 0.1198416629710591], [0.034669859894540155, 0.1353558672728938, 0.9901902796986526]], "T": [0.12021739489809385, 0.10889614362409694, -0.021713380258667696], "aligned_model": [[-0.31592226676741264, 0.031262508158136415, 0.3142483963761621, -0.45362075413404684, 0.3511365344829247, 0.6310768790355721, -0.30473343693422716, 0.736512591307301, -0.225834465936116, -0.6607391585573501, -0.0019138438178763484, 0.5034970528396115, 0.5867764689573728, 0.0841299788540796], [-0.40321066700250296, 0.6914668292912227, -0.29229871601093294, 0.2689804526384648, -0.5973661033747277, 0.2443542114080239, 0.6305943430529692, 0.5376618078691232, -0.3563579350281776, 0.023605334707208755, 0.17305126106460111, -0.22227058467990707, 0.3462174861837354, 0.1475237817277827], [-0.3018795525679488, -0.46722893768074886, -0.6973596632256873, -0.4115810654696909, -0.11783549693053985, -0.5954272311107698, 0.04860857769587306, -0.11889452573878598, 0.3771558036528296, 0.22758653192573894, 0.6895079076055921, 0.3899932749457602, 0.5769830696046824, -0.03132359220128719]], "inverted": false, "swapped": false, "error_lsq": 0.041024291571881547, "error_max": 0.29690119731745174, "target": "1159.xyz", "model": "5.xyz", "model_rescale": 4.2253639853439635, "target_rescale": 4.034560292552708},
{"mapping": [1, 2, 4, 10, 0, 3, 5, 6, 9, 8, 11, 7, 12, 13], "R": [[-0.6639577542100251, 0.6909234589986097, -0.2859805490409728], [0.5314901869677513, 0.16702110692991018, -0.8304349047317869], [-0.5260021689892205, -0.7033695498422603, -0.4781139974664322]], "T": [0.036376037462919966, 0.06474880816277302, -0.03311504428958906], "aligned_model": [[-0.36938611669234667, 0.07743872322530349, 0.11672727841259149, -0.5715164979317091, 0.41827795545754726, 0.6546262571521299, -0.21850148062400898, 0.48586153816442035, -0.15591474961942697, -0.6366786084513952, 0.07010762014029935, 0.7987962973466148, 0.5189394585357704, 0.0870988087483412], [-0.44630286308215666, 0.5152904808841083, -0.1348497442232945, 0.3118531923152292, -0.6402738267822463, 0.12461770738291489, 0.6442066086925132, 0.5208401575945544, -0.3922591018823393, 0.07280120727247766, 0.5456767113958488, -0.03737904385951564, 0.03383433336866577, 0.07389568277012372], [-0.36910469521846573, -0.5285922577077979, -0.7073667837532407, -0.454918983499815, -0.020598712007082243, -0.3754480013047647, -0.03583067124624412, 0.027394738024737825, 0.32292491251980193, 0.2715117406135525, 0.577723986090023, 0.1609892194119184, 0.7653338296902688, -0.06571322110787481]], "inverted": true, "swapped": false, "error_lsq": 0.04371612590266029, "error_max": 0.30796769738993296, "target": "1159.xyz", "model": "6.xyz", "model_rescale": 3.89814844738969, "target_rescale": 4.034560292552708},
{"mapping": [2, 5, 1, 4, 3, 7, 11, 0, 8, 10, 6, 9, 13], "R": [[0.5918988559839865, -0.27184941951155017, 0.7587843154652588], [-0.08059903751426746, -0.9566496903623891, -0.2798663343121478], [0.80197228096526, 0.10449527760037006, -0.5881506588643763]], "T": [-0.11550957438475229, 0.029296142529373334, 0.06975527209492983], "aligned_model": [[0.17426198496322476, -0.1114007228583137, 0.4076705528317838, -0.34104432372170135, 0.6103533204211634, -0.32354777612394975, -0.7059839962601299, 0.23090797763345805, -0.4703697271513507, -0.5410509915801716, 0.1862263188965122, 0.1411900629902424, -0.10858087913654545], [-0.42414354385209707, 0.184284886863409, 0.40522181244389216, -0.6418499611203038, 0.12737343692721143, 0.6909841380634304, -0.04226897626727029, -0.4665755501153625, -0.2780343219097704, 0.4781158241654329, 0.6706025844793289, 0.1078484610887102, 0.15222247470387512], [-0.4727213550489564, -0.7644355718566629, -0.3556171513691194, -0.1229924646889242, 0.15316921867271976, -0.376135045566219, -0.3354819567140672, 0.21433064196634977, 0.3607938958224843, 0.3521637894639169, 0.1875631019470364, 0.7349264821518723, 0.026711446055865333]], "inverted": true, "swapped": true, "error_lsq": 0.033622479476731595, "error_max": 0.20011289957143116, "target": "1159.xyz", "model": "7.xyz", "model_rescale": 3.7474275329858107, "target_rescale": 4.034560292552708},
{"mapping": [7, 8, 9, 5, 11, 4, 3, 2, 10, 6, 0, 12, 1, 14], "R": [[0.8668825424194316, 0.48727471210971995, -0.10525213815791162], [0.29325076704309766, -0.6691877583378122, -0.6827823457877694], [-0.4031360133714891, 0.5610268255878713, -0.7230008683907228]], "T": [0.20103609536015526, 0.03558272203447556, 0.0007561086332473592], "aligned_model": [[-0.32710496625903335, 0.1913628189709709, -0.0008657600165687396, -0.3821344413049464, 0.2284318784470427, 0.7355800344993331, -0.2394415986262653, 0.5459914112044097, -0.15034459050075122, -0.5841487972560973, -0.09314039549900938, 0.5860074564862106, 0.5115827253755307, 0.25410070834330495], [-0.34759175176913504, 0.45164154058608874, -0.24393496265039782, 0.19206465793348693, -0.5450517657529448, 0.3797639147497731, 0.6006563847818936, 0.8033533391453913, -0.5127310842258557, 0.08569309072804253, 0.22252601367946467, -0.37094837581471657, 0.4134785285285261, 0.06303197192726628], [-0.19449238324594698, -0.5396250559958122, -0.6785420179888145, -0.38453208600152566, -0.21968213271966155, -0.4553446801801154, 0.029140853730478155, 0.011873906156163887, 0.38953232081255407, 0.21964359972020567, 0.5599748811737317, 0.2599319878998925, 0.5713324576612783, -0.0009065505174102109]], "inverted": false, "swapped": false, "error_lsq": 0.04505784202520985, "error_max": 0.23460019659327552, "target": "1159.xyz", "model": "8.xyz", "model_rescale": 4.019505241142653, "target_rescale": 4.034560292552708},
{"mapping": [8, 10, 11, 4, 0, 2, 5, 9, 3, 6, 7, 1, 13], "R": [[-0.09291603850906316, 0.34588498220467256, 0.9336649232315926], [-0.7778757402702263, -0.6105537580858602, 0.14877311983782712], [0.6215110155796355, -0.712451884391154, 0.3257857730789727]], "T": [-0.036127467169864425, -0.16788607505734202, -0.027769610469399353], "aligned_model": [[-0.22593555200181178, -0.7025295504930638, -0.08652886393992593, 0.3433649905855227, 0.36266561544568493, 0.7098151198768632, 0.3656428230111281, -0.32924678306223315, 0.2635857163846199, -0.31151594850124714, -0.27743597910190393, 0.2866573779209736, -0.07883819438343073], [-0.5150323457838969, -0.03792919949882689, 0.21012605904485562, -0.3836737406509869, -0.6429211504078728, -0.0744004764629067, 0.5717698376148888, -0.6825544599524253, -0.3049786558594597, 0.07409790079868939, 0.6159280585025684, 0.2943373107660796, -0.0613909099966479], [-0.41318312936594265, -0.0638063818660898, -0.6381509227696398, -0.6175796337161583, 0.01807412335329389, -0.1644667080083255, -0.13455220474706342, 0.376848023239754, 0.631648023590198, 0.5901317783736097, 0.0578731259510888, 0.49961899277898786, 0.0342484072301657]], "inverted": true, "swapped": true, "error_lsq": 0.04065345107521144, "error_max": 0.2445552840613463, "target": "1159.xyz", "model": "9.xyz", "model_rescale": 3.877068213659057, "target_rescale": 4.034560292552708},
{"mapping": [11, 1, 8, 0, 9, 7, 5, 4, 10, 12, 3, 2, 13, 15], "R": [[-0.8228601276844034, -0.34237830537760633, 0.4535177022718804], [0.2177795318095616, -0.9271757291352849, -0.3048232977107571], [0.5248554903895124, -0.1520600648073362, 0.8374989259090266]], "T": [0.11207910524281656, 0.03515628153735145, 0.10837309079701804], "aligned_model": [[-0.40664740294664886, 0.06641849591982907, 0.20849148094979023, -0.46333794369966125, 0.3700959770829711, 0.6340301162400666, -0.25700120196652215, 0.5405147009015243, -0.1669513060283399, -0.619626259530587, 0.030640826160068038, 0.7563141391577821, 0.5392159039461162, 0.04371895767774267], [-0.3884362228515761, 0.6110141207937896, -0.2503205583749096, 0.14798639972206523, -0.5453924221056552, 0.2958736899298022, 0.7014029444014707, 0.5587751327014585, -0.5772992710634268, 0.1626417539978256, 0.5601563917448475, -0.11989343984617828, -0.012084560904049663, 0.04752754370141975], [-0.2017034742490764, -0.539090783041974, -0.6019300582121528, -0.4300789682115289, -0.07061238471398165, -0.46248603761986296, -0.06738399524850777, 0.08948079545950512, 0.33254045045092195, 0.18930472359211278, 0.45550999997030417, 0.07264966815895144, 0.7509934717083263, 0.051111692461980496]], "inverted": false, "swapped": false, "error_lsq": 0.04594176346808192, "error_max": 0.34515878921664556, "target": "1159.xyz", "model": "10.xyz", "model_rescale": 4.260839863003843, "target_rescale": 4.034560292552708},
{"mapping": [9, 10, 11, 8, 2, 0, 3, 6, 7, 5, 1, 13], "R": [[0.3807521164563583, -0.8893999163466139, -0.2529735452900952], [0.477476766840757, -0.04517596765706769, 0.8774822329104702], [-0.7918609492463313, -0.4548922078348713, 0.4074669511872286]], "T": [-0.08315508189797265, -0.04329813679526361, -0.16337698869404021], "aligned_model": [[0.29773508332799853, 0.3016213621336637, -0.45578542409208556, -0.34950565622714663, -0.6033481200098186, -0.3774003503947555, 0.23411201396501224, 0.6138090956957434, 0.288071318645422, -0.24524704869117459, 0.24211038573370341, 0.012725989007568175], [0.09267915171393676, -0.5991605495435731, -0.5374640664294894, -0.3503312575130645, 0.41910093612339244, 0.38900419566440386, 0.6189287187506088, 0.07588574079314786, -0.3410446401272891, 0.038347142906306815, 0.4274455694237902, -0.06031243622923678], [-0.7557879679237778, -0.23578721771678215, 0.20397227671324764, -0.5373679741896131, 0.151967738951795, -0.5000226611796521, -0.22857795412094156, -0.035966922257660267, 0.5100226337396707, 0.6654613551748603, 0.3548719785795715, -0.07660720837521337]], "inverted": true, "swapped": true, "error_lsq": 0.03984009972496222, "error_max": 0.23971372442009112, "target": "1159.xyz", "model": "11.xyz", "model_rescale": 3.890672605050136, "target_rescale": 4.034560292552708},
{"mapping": [4, 0, 2, 3, 10, 1, 8, 6, 12, 7, 5, 11, 9, 13], "R": [[-0.5506344723826545, 0.6090304953140706, -0.5708620968337041], [-0.2911170451014686, -0.7810458599835729, -0.5524655922805604], [-0.7823378706641173, -0.13801891312432066, 0.6073699331912273]], "T": [0.19691396563981806, 0.1599750061855944, -0.02267045905835138], "aligned_model": [[-0.14928441480431487, 0.032546783152917064, 0.39293157162973763, -0.5906580480726757, 0.24547794686457747, 0.5567677837697458, -0.1649001781472776, 0.5809523734125897, -0.15247162280433663, -0.5981749090904067, -0.11811597462326734, 0.658176264922933, 0.5320739597517561, 0.050554947902153535], [-0.2616874602599908, 0.40967957583770614, -0.39216578336228064, 0.36838815303165906, -0.7292281434154657, 0.4106468899663782, 0.7803592003652566, 0.5856014089113875, -0.3477938786325831, 0.07410896956568175, 0.25931723886533464, -0.1397043598542248, 0.09655955817900087, 0.07787013264902423], [-0.4624482320233189, -0.5319106744414132, -0.4255125873494696, -0.457822661673256, 0.0579508961133236, -0.6652956426991299, 0.03568211419934467, 0.03576763296742083, 0.39593749230319253, 0.2730065189291373, 0.6815024170019954, -0.03650999392330263, 0.6769484910297733, -0.008990669929280017]], "inverted": false, "swapped": false, "error_lsq": 0.05228685342033601, "error_max": 0.30675428353563083, "target": "1159.xyz", "model": "12.xyz", "model_rescale": 4.124412569039231, "target_rescale": 4.034560292552708},
{"mapping": [6, 9, 8, 1, 10, 7, 3, 5, 0, 2, 11, 4, 13], "R": [[-0.5120477750377468, 0.47654505021120197, -0.7146410925759142], [0.6635192726752809, 0.7477982514565842, 0.023236822221248718], [0.5454807520594652, -0.4622797748525006, -0.6991052559486032]], "T": [0.1695310838276242, 0.1879310106649274, 0.054063299818330836], "aligned_model": [[-0.2552541248030543, -0.058025900368662564, 0.5987433106697526, -0.44648372362965594, 0.5048574000090146, 0.20382367749823777, -0.5541918845121477, 0.08265761332438173, -0.05316974900998933, -0.047908400134706514, 0.7364384052798436, 0.5219763901544955, 0.13383529303224806], [-0.17654707445763906, 0.577021948920438, 0.5263727343533795, -0.24898466151598875, -0.07970360314224978, -0.6342155336023148, 0.3119614748220717, -0.42906786826745474, 0.7304011212786332, 0.27587635415208883, -0.12061919042462371, 0.5466163158603146, 0.06837335853182276], [0.504519111801255, 0.6120453514822315, 0.13353207916691018, -0.10596702810340167, 0.5815167576927015, 0.10724365304667408, 0.11960331259327242, -0.5218517470268473, -0.1531236004198116, -0.6731517193907144, -0.26438871072910197, -0.4803353000329144, 0.09205592088758591]], "inverted": true, "swapped": true, "error_lsq": 0.04168772842695831, "error_max": 0.2605621588005959, "target": "1159.xyz", "model": "13.xyz", "model_rescale": 3.9028299243045295, "target_rescale": 4.034560292552708},
{"mapping": [8, 1, 2, 12, 0, 6, 11, 9, 4, 13, 10, 3, 7, 15], "R": [[0.9616071438396299, 0.2324759435158184, 0.1458308492844346], [0.26983960940995777, -0.8977599630140258, -0.3481574844844446], [0.04998285816228282, 0.3741416636723113, -0.9260236116830091]], "T": [0.045066698906540914, 0.058224526341409844, -0.050211680358870955], "aligned_model": [[-0.4034254287476925, 0.18610198441580372, 0.18184312335260983, -0.556221093295089, 0.22201407306575854, 0.6258783623805981, -0.10946243324905003, 0.39814027272589503, 0.15584041720228664, -0.6711432349566538, -0.056907628177045255, 0.5936522823142172, 0.6001995475154743, 0.10936623931701812], [-0.4737674743391205, 0.4289022431457984, -0.24896760257228434, 0.24716115365838365, -0.747739078758507, 0.32959692813323693, 0.7500123765399598, 0.7034488734174226, -0.3938118407999043, 0.21093909957606627, 0.19060280158734574, -0.23560639977161468, 0.29701997350990794, 0.1341604485201931], [-0.3853929480361223, -0.5649017174188593, -0.7052498282594383, -0.3451629149185225, -0.12976482785934235, -0.23303151890893298, -0.2585551611084124, 0.19447189055348996, 0.44249064356433354, 0.26022823581279175, 0.6760319639559935, -0.012705817150929569, 0.6246454976011019, 0.005201602677866332]], "inverted": true, "swapped": false, "error_lsq": 0.04631194961930484, "error_max": 0.30737402476143044, "target": "1159.xyz", "model": "14.xyz", "model_rescale": 3.942246331269136, "target_rescale": 4.034560292552708},
{"mapping": [1, 8, 12, 0, 3, 13, 6, 11, 5, 2, 9, 4, 10, 14], "R": [[-0.5342998949968938, 0.3044176785473908, -0.7885768822341458], [0.26244131058391557, -0.8270587160645222, -0.49708997040847736], [-0.8035223585596764, -0.47255026946296574, 0.36200561062664965]], "T": [0.11881100633654199, 0.11911055133464515, 0.018757746600988733], "aligned_model": [[-0.21396974323242632, -0.056183672862775785, 0.22157074725941595, -0.5115765720570871, 0.282524961887617, 0.7061539427086448, 0.08078296977890648, 0.6104540707074823, -0.24892390119622984, -0.6304494223760275, -0.18693185518331443, 0.664659667979802, 0.5157754976071938, 0.04198979284292892], [-0.5397776555651197, 0.7205812516521408, -0.29209893399111336, 0.20137239885406027, -0.5800775339603887, 0.10308826003789656, 0.6555827658558833, 0.632084357793465, -0.3365734713129516, 0.02714014409326082, 0.35464129192347665, -0.06788505169366058, 0.21916113360060616, 0.09471254455932836], [-0.31555459134864006, -0.4356108099687858, -0.680115241134506, -0.3507851769112419, -0.010935563082028702, -0.543115377672378, 0.17218792883600625, -0.07745033933595709, 0.26350796105377006, 0.13188675612903586, 0.7253048993089224, 0.1224199863652671, 0.6030603990865279, -0.036495730820974764]], "inverted": true, "swapped": false, "error_lsq": 0.05082381586899241, "error_max": 0.3395404912184718, "target": "1159.xyz", "model": "15.xyz", "model_rescale": 4.355366556412066, "target_rescale": 4.034560292552708},
{"mapping": [3, 0, 9, 7, 6, 1, 10, 5, 8, 2, 11, 13], "R": [[0.03814634723846397, 0.9924634191430325, -0.11645264211379815], [-0.94201732602018, -0.0031649366975906312, -0.3355493118060152], [-0.33338898252664667, 0.12250038709580502, 0.9347970054997103]], "T": [0.10590235507514487, -0.009527806851351336, -0.1185748976135837], "aligned_model": [[-0.21099372871068736, 0.4751326465335115, 0.08238713042962101, -0.5234083200165698, -0.5614176852487097, -0.5017534294873564, -0.1069021650095584, -0.20722127620588468, 0.5667284969860533, 0.31577948491994656, 0.2877119251140736, -0.018234524672659333], [-0.6280693604183369, -0.45704164314654944, -0.5756808746041339, 0.5226473866460062, -0.20926653061262857, -0.13146637739452238, 0.25559921966754584, 0.4797832954127417, 0.06272413160328222, -0.02006478697446286, 0.6834741016660859, 0.03013786589595268], [0.1272648933240292, 0.10547030246895994, -0.5583880935867174, -0.09236974845586983, -0.294602147116615, 0.3417127146032649, -0.7073881711527392, 0.4998432411875498, -0.41437913560925127, 0.6160655309009957, -0.05007339570534858, -0.12389752964883742]], "inverted": true, "swapped": true, "error_lsq": 0.040109239482307636, "error_max": 0.2268763924414593, "target": "1159.xyz", "model": "16.xyz", "model_rescale": 3.795458400668931, "target_rescale": 4.034560292552708},
{"mapping": [2, 5, 1, 4, 3, 7, 11, 0, 8, 10, 6, 9, 13], "R": [[0.5918988559839865, -0.27184941951155017, 0.7587843154652588], [-0.08059903751426746, -0.9566496903623891, -0.2798663343121478], [0.80197228096526, 0.10449527760037006, -0.5881506588643763]], "T": [-0.11550957438475229, 0.029296142529373334, 0.06975527209492983], "aligned_model": [[0.17426198496322476, -0.1114007228583137, 0.4076705528317838, -0.34104432372170135, 0.6103533204211634, -0.32354777612394975, -0.7059839962601299, 0.23090797763345805, -0.4703697271513507, -0.5410509915801716, 0.1862263188965122, 0.1411900629902424, -0.10858087913654545], [-0.42414354385209707, 0.184284886863409, 0.40522181244389216, -0.6418499611203038, 0.12737343692721143, 0.6909841380634304, -0.04226897626727029, -0.4665755501153625, -0.2780343219097704, 0.4781158241654329, 0.6706025844793289, 0.1078484610887102, 0.15222247470387512], [-0.4727213550489564, -0.7644355718566629, -0.3556171513691194, -0.1229924646889242, 0.15316921867271976, -0.376135045566219, -0.3354819567140672, 0.21433064196634977, 0.3607938958224843, 0.3521637894639169, 0.1875631019470364, 0.7349264821518723, 0.026711446055865333]], "inverted": true, "swapped": true, "error_lsq": 0.033622479476731595, "error_max": 0.20011289957143116, "target": "1159.xyz", "model": "17.xyz", "model_rescale": 3.7474275329858107, "target_rescale": 4.034560292552708},
{"mapping": [5, 3, 10, 8, 12, 11, 0, 1, 9, 4, 2, 7, 2, 13], "R": [[0.1029077174633217, -0.9627042097320947, 0.25022111471774744], [-0.24843988480518686, 0.2187075747017647, 0.9436337321260073], [-0.9631654195020058, -0.15927209841078557, -0.2166674256628124]], "T": [0.10810721507126064, 0.06563724981138794, -0.055133647005386824], "aligned_model": [[-0.3223595792524946, 0.19730413511948364, 0.040527139771853044, -0.4353401470842936, 0.2989953805532033, 0.7017544682215221, -0.28445059588053945, 0.5167139986997175, -0.04763900927164583, -0.6971841748377472, 0.22965913062034599, 0.7646289811532574, 0.22965913062034599, 0.0836076254311229], [-0.4576854453797201, 0.502414483262499, -0.15749305282941586, 0.33271645147378404, -0.6540177964694063, 0.05342899819874866, 0.7365446356873945, 0.621616514805149, -0.40960364089343115, 0.00027185483000316535, 0.3459027891905003, -0.19232040375974238, 0.3459027891905003, 0.12427332454002085], [-0.30821788664278116, -0.5668549960831233, -0.7048144701250217, -0.44267476201674516, -0.12509968130079258, -0.46643713498690886, 0.25296379767506355, -0.005676897420712493, 0.3894036126940609, 0.1358086597208895, 0.5855761805082591, 0.20916978025379507, 0.5855761805082591, 0.02958271772077556]], "inverted": true, "swapped": false, "error_lsq": 0.04389626151985488, "error_max": 0.34818969799804234, "target": "1159.xyz", "model": "18.xyz", "model_rescale": 3.922800546911778, "target_rescale": 4.034560292552708},
{"mapping": [10, 1, 2, 6, 9, 0, 8, 5, 11, 4, 13, 3, 12, 14], "R": [[-0.2852082058413515, 0.9485989661253678, -0.13717244908013054], [-0.9571021072451376, -0.28950176353017926, -0.012011878280847262], [-0.051106121234886955, 0.1278621538173041, 0.9904743479734979]], "T": [0.08741390219625164, 0.1384368643708903, 0.008007833997924239], "aligned_model": [[-0.42317257681966725, 0.07095612552307966, 0.2182567560584162, -0.47912723776481103, 0.2643535463825074, 0.8023784968314567, -0.15235836406517692, 0.5675228393421851, -0.22673543011539068, -0.6131854417105673, -0.16080664149192195, 0.691356576666888, 0.5854921279332937, 0.1309457070938394], [-0.40147943787196894, 0.44539709104339487, -0.3055279594127512, 0.3374982232641603, -0.6395836685635576, 0.2265779135950993, 0.6829802451135943, 0.7309472439622495, -0.39898459803017716, 0.02981841535765782, 0.13728483753256532, -0.0667216258788734, 0.34525721774338025, 0.0684876039921105], [-0.30566792420125555, -0.6654070342400636, -0.5387136175875707, -0.33136435702587796, -0.1536077548622555, -0.4156658842531029, 0.15073982355451984, -0.0229853706576249, 0.35403092792035645, 0.1537120924925198, 0.6484756172200757, 0.05609612172786951, 0.5805088969174894, 0.058153563499938166]], "inverted": false, "swapped": false, "error_lsq": 0.039448631489210406, "error_max": 0.26865047114303514, "target": "1159.xyz", "model": "19.xyz", "model_rescale": 3.9282355846067225, "target_rescale": 4.034560292552708},
{"mapping": [2, 0, 10, 1, 12, 11, 3, 4, 7, 5, 6, 9, 8, 13], "R": [[0.3628329093354219, -0.4915851498964422, -0.7916415352320054], [0.903589623724535, -0.02204529115124365, 0.4278315054263894], [-0.22776758285705911, -0.8705504267642111, 0.43619248349794293]], "T": [0.10757773580968005, 0.06988945764044312, 0.081462719445032], "aligned_model": [[-0.49810181396008707, 0.14669613397354975, 0.1758826896717866, -0.39690034985527417, 0.45221141424956357, 0.6302036079027395, -0.25853729708756795, 0.39247502319057087, -0.09788693758166878, -0.570335894892372, -0.16247746693106585, 0.7358264361627205, 0.680808567901628, 0.046012371119608125], [-0.3329655469962392, 0.5743277750971081, -0.34628562789469935, 0.28941028174293043, -0.7034023135488229, 0.25846757913150387, 0.7243507727749176, 0.6339742142604787, -0.46210006731149117, 0.16474076615172617, 0.24786660961477835, -0.2190966402913911, 0.26743393121928716, 0.09522976789679678], [-0.30528828390175833, -0.5383830057184321, -0.6697809696793279, -0.4272742117638205, 0.003733641465624743, -0.37093496096439094, 0.018254817876808854, 0.08458808850124738, 0.3322000116638488, 0.21976127630898187, 0.6491231592370114, 0.09614028547734774, 0.5408146250966973, -0.064649373094821]], "inverted": true, "swapped": false, "error_lsq": 0.03733261751087221, "error_max": 0.25677739258524496, "target": "1159.xyz", "model": "20.xyz", "model_rescale": 4.067790424073018, "target_rescale": 4.034560292552708},
{"mapping": [2, 8, 0, 4, 3, 7, 5, 1, 11, 6, 13, 12, 10, 14], "R": [[0.8977939480102405, 0.4369131257800211, -0.05543417210816263], [-0.42919532220635886, 0.8961932546408601, 0.11237893811743656], [0.0987795642446646, -0.07710104316644624, 0.992117950059508]], "T": [0.08265990328070855, 0.08705723834779835, -0.03321687520358531], "aligned_model": [[-0.3259423048268705, 0.08467443892488906, 0.291730775162532, -0.5630446850882, -0.016177997653783388, 0.6237839333173527, -0.19226240720429372, 0.5341087003158644, 0.08299753708176427, -0.5952364142121016, 0.029045483271587173, 0.6229684589649285, 0.562320685601669, 0.13691028020879284], [-0.321433489335068, 0.48090908574886637, -0.2098864870173274, 0.3198864945837082, -0.7576990979085292, 0.35410028599899157, 0.6082903721699326, 0.7680610226656414, -0.26507373622401786, -0.14753516115728307, 0.4165188983377087, -0.41228042128214426, 0.26748064080107636, 0.09061309446532809], [-0.5021534300440724, -0.44558147197440134, -0.6436034936822459, -0.44713548645010825, -0.0141690841382075, -0.4720069753959778, 0.0014221816749009353, 0.04249924381413982, 0.509033912467274, 0.14838679083734924, 0.5821724435540415, 0.18065793216607984, 0.6060481334619096, 0.02273440421433555]], "inverted": false, "swapped": false, "error_lsq": 0.046324135168281266, "error_max": 0.285581176082284, "target": "1159.xyz", "model": "21.xyz", "model_rescale": 4.186013935880536, "target_rescale": 4.034560292552708},
{"mapping": [1, 5, 2, 9, 10, 0, 6, 7, 4, 11, 12, 8, 13], "R": [[-0.7119411061821446, -0.6595239961687105, -0.24118034705547367], [0.6731797539404039, -0.73874302706657, 0.03298118926385629], [-0.1999221853944216, -0.13887706231835245, 0.9699197293327644]], "T": [0.14807020357740358, -0.07679822459496122, 0.041589596088650205], "aligned_model": [[-0.12549607822241587, -0.3827725522934006, 0.3438044727125662, 0.5290959204511778, -0.23140940479190042, 0.7421241626724306, -0.14969585316576212, -0.6625455477290141, 0.4634614723722597, -0.2506741485093393, -0.6284321861932642, 0.3744443438387247, 0.036669434281162414], [-0.45667150205312623, 0.1907219447035574, 0.27442976831657084, -0.5824408408790109, -0.2250098599010512, -0.03819649219737552, -0.7299034147700257, -0.17488278118650272, 0.5811470934156618, 0.5175047511323878, 0.08995488449724914, 0.2134165090752757, -0.14111340060751748], [-0.5722809407463428, -0.5638455244831243, -0.6081665040532043, 0.3787288209592752, 0.5859311368945153, -0.13842621828756388, 0.010186211346942836, -0.07334775942682083, -0.03645533785194774, 0.1177849729219992, 0.5293183810814222, 0.453428617888192, 0.02002370509200294]], "inverted": false, "swapped": true, "error_lsq": 0.03645020413023228, "error_max": 0.23293927098028397, "target": "1159.xyz", "model": "22.xyz", "model_rescale": 4.166573947596378, "target_rescale": 4.034560292552708},
{"mapping": [3, 1, 2, 4, 11, 6, 0, 5, 9, 8, 10, 12, 13, 15], "R": [[0.43336978117753, 0.9009106684909209, -0.023464870794052704], [-0.8892186640264423, 0.4232212008005325, -0.17370659958672985], [-0.1465632979608772, 0.09614459211103454, 0.984517860223284]], "T": [0.09347909424313218, 0.006802481298071955, 0.03861452320844813], "aligned_model": [[-0.2568512094655664, 0.19205375531035834, 0.148757625377072, -0.46615030057706985, 0.2120935779023858, 0.6887737064890453, -0.28150110859056243, 0.4504800916740568, -0.15007207179502075, -0.6924799029476927, 0.11449490982538536, 0.6409381935099964, 0.5624905776404711, 0.11284863951127182], [-0.3682475189651814, 0.5047831236512433, -0.05472940568953939, 0.17199017633025085, -0.7495583375985921, 0.17045245854604063, 0.7030173864385513, 0.7546238150726351, -0.4349651946280175, 0.08017985268192232, 0.26205876098808467, -0.35328790074550287, 0.4422121870255278, 0.06342209873946048], [-0.27448742124729764, -0.4617826959126673, -0.6291933459189749, -0.40790700956206005, -0.15096987311841276, -0.4063019201206234, -0.16493010624919427, 0.10476225020117089, 0.3641499534006343, 0.21457860001043447, 0.7424211729911178, 0.04080692345543938, 0.5929246850271741, 0.004233887548277707]], "inverted": false, "swapped": false, "error_lsq": 0.039593487027398275, "error_max": 0.25845753916728414, "target": "1159.xyz", "model": "23.xyz", "model_rescale": 4.274766983524099, "target_rescale": 4.034560292552708},
{"mapping": [1, 7, 5, 2, 11, 4, 0, 8, 9, 10, 13], "R": [[0.7124781628237568, -0.6423188495203797, -0.2824913503987338], [-0.6622149324305674, -0.4823627204784139, -0.5734087452756911], [0.2320479492804522, 0.5956111998976172, -0.7690260384351477]], "T": [0.05754921502244746, 0.03553457257693773, 0.10424585156681762], "aligned_model": [[0.2113462571513144, 0.10005663742206578, -0.401546397412225, -0.48388611823896155, -0.4852003200309204, -0.5847434824987121, -0.028629314645699733, -0.07837862826604276, 0.6515122886697371, 0.36983068398715024, 0.10953309782036957], [0.029192547716221005, 0.7360552285161951, 0.3410756295288, -0.3398449651500519, 0.49710580161350537, -0.21366191614434457, -0.5757210075796139, 0.0038692549220911907, -0.2525191969555032, 0.5657971539833265, 0.12423800079285752], [-0.65224968841458, -0.3286432818658551, -0.5405708966832177, -0.28278642013939237, 0.2060975253638634, 0.35686395534779625, 0.17998071961196857, 0.638663433586627, 0.38487158500859264, 0.3933497324757552, 0.023989769730019858]], "inverted": true, "swapped": true, "error_lsq": 0.04828513965918149, "error_max": 0.2632403879842189, "target": "1159.xyz", "model": "24.xyz", "model_rescale": 3.7841303162186577, "target_rescale": 4.034560292552708},
{"mapping": [4, 12, 3, 2, 6, 13, 9, 14, 7, 8, 10, 11, 10, 15], "R": [[-0.521982145886086, -0.6143856855829981, -0.5916627998504438], [0.8330184480606466, -0.516298830277675, -0.19878577173564693], [-0.1833436788296474, -0.5966286510088282, 0.7812933816618424]], "T": [-0.031748567960932256, 0.025646350829217818, 0.022733604790050235], "aligned_model": [[-0.3990759457063242, 0.1328294411933563, 0.28590969150831724, -0.5659573771676131, 0.11691931779321549, 0.642705502111909, -0.1267543655970322, 0.37460594472707587, 0.17845796899563446, -0.6019332350743051, 0.28716150795516615, 0.674270638517098, 0.28716150795516615, -0.01042411334753304], [-0.3749346789516703, 0.5230441408710056, -0.3033448497950826, 0.3490110142082137, -0.655156482962586, 0.1986606000383347, 0.6027910916063002, 0.706944275807172, -0.3372549188291035, 0.10661145894054659, 0.33858907485853396, -0.2678742926725497, 0.33858907485853396, -0.033724006130764796], [-0.4884510770977511, -0.5256106518521547, -0.640485746356989, -0.4001721418852471, -0.16813759128067798, -0.33388632483226505, 0.01842603761046231, 0.025581366961845955, 0.5196455088549109, 0.15611981208374398, 0.6596153208358938, 0.09208835289806924, 0.6596153208358938, -0.006043086270718024]], "inverted": true, "swapped": false, "error_lsq": 0.04604191397014272, "error_max": 0.29263662554691944, "target": "1159.xyz", "model": "25.xyz", "model_rescale": 4.19342608120988, "target_rescale": 4.034560292552708},
{"mapping": [3, 0, 9, 7, 6, 1, 10, 5, 8, 2, 11, 13], "R": [[0.03814634723846397, 0.9924634191430325, -0.11645264211379815], [-0.94201732602018, -0.0031649366975906312, -0.3355493118060152], [-0.33338898252664667, 0.12250038709580502, 0.9347970054997103]], "T": [0.10590235507514487, -0.009527806851351336, -0.1185748976135837], "aligned_model": [[-0.21099372871068736, 0.4751326465335115, 0.08238713042962101, -0.5234083200165698, -0.5614176852487097, -0.5017534294873564, -0.1069021650095584, -0.20722127620588468, 0.5667284969860533, 0.31577948491994656, 0.2877119251140736, -0.018234524672659333], [-0.6280693604183369, -0.45704164314654944, -0.5756808746041339, 0.5226473866460062, -0.20926653061262857, -0.13146637739452238, 0.25559921966754584, 0.4797832954127417, 0.06272413160328222, -0.02006478697446286, 0.6834741016660859, 0.03013786589595268], [0.1272648933240292, 0.10547030246895994, -0.5583880935867174, -0.09236974845586983, -0.294602147116615, 0.3417127146032649, -0.7073881711527392, 0.4998432411875498, -0.41437913560925127, 0.6160655309009957, -0.05007339570534858, -0.12389752964883742]], "inverted": true, "swapped": true, "error_lsq": 0.040109239482307636, "error_max": 0.2268763924414593, "target": "1159.xyz", "model": "26.xyz", "model_rescale": 3.795458400668931, "target_rescale": 4.034560292552708},
{"mapping": [11, 7, 12, 8, 9, 2, 5, 4, 1, 10, 0, 3, 13], "R": [[-0.16948941464875544, -0.7556187188494691, -0.6327034771884139], [0.9775082100885598, -0.21064630144604632, -0.01028760888457042], [-0.1255031375364088, -0.6202164843112354, 0.7743258197019707]], "T": [-0.12714051852966987, 0.03715014539483591, -0.12007029887010578], "aligned_model": [[-0.03481889866637364, 0.48527517918023866, 0.6330372968625935, -0.22908360908842315, -0.047043772026823805, -0.7353621955466207, -0.11825292484158376, -0.6860307155727521, -0.0467704487483305, 0.4868796361413166, -0.687337209042095, -0.29661394339530966, -0.024202012434579825], [-0.6538943901779466, -0.3528259168709927, -0.443145728497461, -0.0008107170079574288, 0.7190695171000767, -0.2544237965841565, -0.5814380957095022, -0.33682186074182413, 0.08627462590519774, 0.043148891328096795, 0.30346039570601524, 0.5694029422943787, 0.02388563651298984], [-0.2987683377262974, 0.2708193994577501, -0.36519779820358234, -0.6615938921770904, -0.327647732520556, 0.2389659454780249, 0.46060375454510827, -0.41373914623595814, 0.646158577352005, -0.4119991254018056, -0.16539592080986473, 0.36101150568399604, -0.041080567342303614]], "inverted": true, "swapped": true, "error_lsq": 0.04617313375731695, "error_max": 0.27537542924603015, "target": "1159.xyz", "model": "27.xyz", "model_rescale": 3.6321398670334006, "target_rescale": 4.034560292552708},
