[{"mapping": [10, 3, 7, 9, 0, 1, 6, 14, 15, 12, 13, 4, 2, 16], "R": [[0.8488945165848275, 0.09302957224896966, -0.5203110592706889], [-0.29596361694618906, 0.8992591539559635, -0.3220846340180401], [0.4379310872230265, 0.4274090227330012, 0.7909095334676901]], "T": [-0.07121346568044197, 0.049663792374984174, 0.08156411866663449], "aligned_model": [[0.12026223488598502, 0.16082385694745766, -0.5486071099858436, -0.36027228273426404, -0.686333530794317, 0.2199960487357327, -0.8168556776918803, -0.002584614657179393, -0.4012454509684586, 0.4560480070292149, 0.4635622727688473, 0.26239337127231993, 0.5381860900055293, -0.03388111368484023], [-0.650110642419891, -0.4780725213948466, -0.48185408996273216, -0.20536251650302098, 0.26615202552513106, 0.2686039709790771, 0.22567163796449272, 0.4554924278177511, 0.666758255006266, -0.03837077601319166, 0.5498173869327622, 0.6864265179694877, -0.10574543702569103, 0.07586709293444073], [0.3199177002587249, -0.3449868619766955, 0.3490506317319625, -0.33352223768233963, 0.5520937057045701, -0.5727643105616969, -0.02033411062015711, 0.6691591281639803, 0.17301179519243745, 0.6662303167148423, 0.399244495626975, -0.16089896423115999, 0.015112453417067934, 0.18627434544132254]], "inverted": false, "swapped": true, "error_lsq": 0.041252690146145576, "error_max": 0.31883125685852254, "target": "116.xyz", "model": "0.xyz", "model_rescale": 3.8414455957264533, "target_rescale": 4.335531566048546},
{"mapping": [10, 12, 1, 13, 2, 4, 8, 3, 6, 9, 15, 11, 0, 7, 16], "R": [[0.9346705251930467, -0.28752240484911684, 0.20909776671484254], [0.244941846554139, 0.09452304694688428, -0.9649191082171219], [0.2576713044597763, 0.9530982427355837, 0.15877417470212074]], "T": [-0.018461868303859007, 0.004659686989676455, -0.02474389078676383], "aligned_model": [[-0.6737596873835818, -0.6825445318564274, 0.21750364278247683, -0.21245884706613619, -0.4829970938173729, 0.2552780617233519, 0.6087810893132458, -0.2963763892217755, 0.6241797523815356, 0.20558586834023843, 0.529166540792749, -0.30434606734733116, 0.3040728895293636, -0.1454978463689515, -0.0745432282968401], [0.23996802147064042, 0.013994652527282915, -0.6781745547964109, -0.3458919818208168, -0.4240234323612421, -0.5902263344413343, -0.21765387641322667, -0.2540516861158631, 0.42099340601426405, 0.03939382435889815, 0.09866421018394184, 0.659558455570323, 0.6664165929496757, 0.6842739373304457, 0.03380329358643677], [0.2889030275638263, -0.45659616108614814, 0.17259123586912392, -0.7150613758717062, -0.005418303905999389, -0.40779181096275274, 0.08680792615140172, 0.5836347902502123, 0.08024325576060846, 0.4943767624042215, -0.45989402560766046, -0.32611095938052553, -0.3482977028180444, 0.29767092982576643, -0.1198758008527887]], "inverted": true, "swapped": true, "error_lsq": 0.033214407724904964, "error_max": 0.2252496453788373, "target": "116.xyz", "model": "1.xyz", "model_rescale": 4.316132596720782, "target_rescale": 4.335531566048546},
{"mapping": [0, 14, 11, 9, 7, 8, 10, 1, 12, 4, 2, 16], "R": [[0.7775429922933782, 0.6205762766316254, -0.10154791980877004], [0.37411295561911284, -0.5863152369738333, -0.7185220520834763], [-0.5054368324265572, 0.5206913939891329, -0.6880509288215969]], "T": [-0.09331276855824183, 0.05112496363030672, 0.006144815114811089], "aligned_model": [[-0.24202954131849463, 0.4146756111336311, 0.0638282844831849, -0.6261413371049387, -0.5123427073629776, -0.43328824589051856, -0.07288607550203534, -0.1337488673398055, 0.5884608216128979, 0.2660159593003935, 0.2853399399638103, -7.52873433669532e-05], [-0.7368722994191367, -0.45505689663247006, -0.49517428668339303, 0.24260693488422647, -0.2120520697320995, 0.046787817074558036, 0.3014338049304674, 0.5762001034322136, 0.03974062750748755, 0.1635465997030855, 0.545957416177768, -0.004341323501726585], [-0.05370146131590846, 0.026205377500684676, -0.5214043304059578, 0.023990609822618247, -0.5744727397659148, 0.5889816020353009, -0.7150263625784095, 0.5386337782562527, -0.3971472349079884, 0.6647743604699257, -0.10201544146028006, -0.029559696440901506]], "inverted": false, "swapped": true, "error_lsq": 0.04772909836900884, "error_max": 0.2461306564549165, "target": "116.xyz", "model": "2.xyz", "model_rescale": 3.795458400668931, "target_rescale": 4.335531566048546},
{"mapping": [2, 10, 12, 0, 4, 15, 11, 9, 7, 6, 13, 16], "R": [[0.8930200213276965, 0.3969279354792734, 0.21204588075235684], [0.27440508268910135, -0.8537548094516928, 0.4424981083942527], [0.35667505113515907, -0.33697320275396697, -0.8713391811019782]], "T": [0.14494049445983595, 0.004237073871256482, -0.0835156317872165], "aligned_model": [[-0.22011153988784196, -0.1427502718430719, -0.6398145548933205, 0.2180754903976717, 0.07764725773059773, 0.2892693670328602, -0.23340784593054922, 0.651426107165751, 0.2898910522861872, 0.7254061295456954, -0.46479421547387123, 0.04246684961345683], [-0.09610161793452408, -0.6999723330585794, -0.10412869462747126, 0.12216888755736925, 0.6866883712062677, 0.5811310741391343, -0.2514277568788841, -0.2271083623909561, -0.5875307022581356, 0.13226419303985018, 0.5077247742741894, 0.022061212221449036], [-0.590077404933333, -0.15046910468625851, -0.08113199846805311, 0.7085584187700134, -0.40798517426036357, 0.2965525905913893, 0.5433274985295442, -0.18763918534798668, 0.3755761024669672, 0.41046111100126254, -0.19206630904782837, -0.036335113976252637]], "inverted": true, "swapped": true, "error_lsq": 0.04137951350408854, "error_max": 0.22137784563628637, "target": "116.xyz", "model": "3.xyz", "model_rescale": 3.7530521520055578, "target_rescale": 4.335531566048546},
{"mapping": [9, 10, 7, 11, 6, 12, 8, 2, 4, 14, 16], "R": [[-0.3406270960972158, 0.4171761036563511, 0.8425777589887381], [0.8664831570770082, 0.48713878263525096, 0.10909970189925883], [-0.3649385152409096, 0.7672417513344485, -0.5274087362786186]], "T": [-0.1451387948524656, -0.10208534694850113, 0.06088055281308466], "aligned_model": [[-0.28693103460803077, -0.2543947197756511, 0.26097372431044097, 0.4748733602504712, 0.3335557320738315, -0.11964335142251345, -0.22072688021744524, -0.6428756803796405, -0.41328241840877783, 0.29931181463074413, -0.09266094400822408], [-0.6284996109922768, 0.09470192829322299, -0.3453498879017555, 0.20814629823115371, -0.6849025785114409, 0.6608513921201074, -0.5811440450712402, 0.2716347547380692, 0.06934304458904283, 0.40306664450483143, -0.0006445816853677261], [-0.09298004812137356, -0.6688437406908289, -0.5373334310035518, -0.2866615831038555, 0.22975904066240715, -0.15093734897772995, 0.530018124660788, -0.051043301877052555, 0.7495458856543799, 0.3097978422588621, 0.061509337783271556]], "inverted": false, "swapped": true, "error_lsq": 0.04442354229417044, "error_max": 0.22034915259115578, "target": "116.xyz", "model": "4.xyz", "model_rescale": 3.7855080009869324, "target_rescale": 4.335531566048546},
{"mapping": [11, 10, 3, 5, 15, 9, 6, 4, 8, 7, 0, 1, 2, 14, 12, 13, 16], "R": [[0.3085617413680426, -0.689499698936328, -0.655270796641079], [0.6386390547677494, -0.3603590631313146, 0.6799128645234453], [-0.7049324857667415, -0.6282766196396572, 0.3291484159537894]], "T": [0.009247968361005266, 0.10175482901504879, -0.00672256835265047], "aligned_model": [[-0.34034490704969406, -0.06152451878058511, 0.5873813493924809, 0.2075909326601056, -0.11340949925943425, 0.4865054141601706, -0.569402592939804, -0.16716194875271106, -0.5404791235377361, -0.42479751596281706, 0.4428592196959044, 0.27372430193268, 0.736018076285741, 0.36829471748450704, 0.11674732499548555, -0.45009336502972264, 0.04736013919789328], [0.41775589459085727, -0.1892350655667951, -0.18777813597780085, -0.6683569774831675, 0.571494705672349, 0.211686744080959, -0.010051126622068862, -0.44647522882762786, 0.23672656938550618, -0.49596447729984044, -0.422651312588109, 0.014996252117048359, 0.20860585970754558, 0.6602095275394724, 0.6250023640647002, 0.6569607643247233, 0.13565643092324262], [0.6338743223027544, -0.6710119709395994, -0.2603937360457963, -0.157358283322252, -0.6727688885142301, -0.5234955588699963, 0.2738839608965667, 0.45730774174260097, -0.4249242274808069, -0.13204463453596352, 0.37466091934075413, 0.6972867762618141, 0.07185067802110325, -0.1367655619075112, 0.41484731719159657, 0.06824107424251824, -0.02360143140510068]], "inverted": false, "swapped": false, "error_lsq": 0.03255983870629758, "error_max": 0.18170545327239762, "target": "116.xyz", "model": "5.xyz", "model_rescale": 4.2253639853439635, "target_rescale": 4.335531566048546},
{"mapping": [1, 9, 0, 15, 6, 11, 14, 4, 10, 3, 7, 12, 5, 16], "R": [[-0.1844711704950825, -0.23825226046856932, 0.9535230713715276], [-0.7023466394468144, 0.7106138143904253, 0.041679789529900535], [-0.687516970927948, -0.6620150052522279, -0.29842343659128384]], "T": [0.07104882859799959, -0.0106154361237473, -0.026616000682677173], "aligned_model": [[0.7437483112308167, -0.005836505940612427, -0.5119628724132304, 0.08408872948224261, -0.29178414131675706, -0.5660035979464758, -0.029036409916787895, 0.7319934878312852, -0.2625862379301854, 0.22510576543386024, -0.6521127745043247, 0.0516439384456034, 0.8081749464765506, 0.048629513825798325], [-0.013360860320235528, 0.05452228032924719, -0.5441694590518815, -0.7097179343702037, -0.5657895341160399, -0.013603668163473075, -0.32809638688279413, -0.35019766448721057, 0.671343562104548, 0.5696908307937842, 0.16117885307526328, 0.33668123753579116, 0.19152107722474335, -0.014903187036548023], [-0.35578365568789355, -0.5840528351237977, 0.12189461502359591, 0.06917033756970678, -0.42345132677580083, 0.4156503881454188, 0.6088865458589294, 0.12630458180107798, 0.05571989960305295, -0.41879424056917297, -0.19833962613035244, 0.6851408255428169, 0.28392008328800034, 0.08529261638586699]], "inverted": true, "swapped": true, "error_lsq": 0.039717125012900714, "error_max": 0.2203520455967594, "target": "116.xyz", "model": "6.xyz", "model_rescale": 3.89814844738969, "target_rescale": 4.335531566048546},
{"mapping": [8, 6, 0, 1, 14, 7, 9, 4, 2, 10, 11, 12, 16], "R": [[-0.11313382996240057, 0.9646188638712986, 0.23814110099200375], [0.09491990487385554, -0.22809065587984947, 0.9690019939912602], [0.9890353624500878, 0.13223123747415055, -0.06575676131986691]], "T": [-0.12364370844193948, 0.006356030479250402, -0.024452579538921746], "aligned_model": [[-0.05508426728900051, 0.06235974888565196, 0.39418890597403233, -0.34169961637558244, 0.5257318298346151, -0.35216398242716307, -0.5249547519758719, 0.22413428181773395, -0.367705347425367, -0.5939921593576412, 0.16967358129193802, 0.05734609928222659, -0.049202521331349156], [-0.4206467952779446, 0.16966193943754357, 0.49622294238323283, -0.7074534235148002, 0.171997953654868, 0.6985944545460442, -0.02090385045210634, -0.6615346547370032, -0.22718644163268803, 0.47211804180118155, 0.7078437823207823, 0.23521263720502025, 0.049854679736355136], [-0.5423995324593178, -0.7566262018005017, -0.3966322860585485, -0.08618717918986019, 0.23157253504754757, -0.24928459274667294, -0.42332153846262194, 0.067857436324883, 0.5101757969658973, 0.3563330778698322, 0.12826999228154568, 0.7120639864888425, 0.05045353657527002]], "inverted": false, "swapped": true, "error_lsq": 0.04207126207541712, "error_max": 0.2055133434697797, "target": "116.xyz", "model": "7.xyz", "model_rescale": 3.7474275329858107, "target_rescale": 4.335531566048546},
{"mapping": [3, 10, 7, 9, 0, 8, 1, 4, 6, 15, 5, 13, 12, 11, 16], "R": [[-0.13909569460685056, 0.12445182660680426, 0.9824276719413332], [0.9756615837256551, 0.18704899979458534, 0.11444276175360207], [-0.16951950266498625, 0.974435433741033, -0.14744057679668968]], "T": [-0.021810200875515967, -0.06906249910488584, -0.04070938736514844], "aligned_model": [[-0.4070710271294151, 0.15758754148035733, 0.5656547212636257, -0.12093239462973066, 0.6847410169276711, -0.28900722918740707, -0.7408109433169385, -0.5184034106829654, 0.33161017075687127, 0.15159147937982545, -0.6683534764165413, -0.18943265371272908, 0.11667440585732541, 0.6969024290980776, 0.03140309265071971], [-0.05855039192278074, 0.334081245628724, -0.2007820093439266, -0.5042542265081376, -0.30542915192309544, -0.6397839405197602, -0.2657239682488539, -0.051982017125544955, -0.7438178602303531, -0.37097570284172504, 0.3840625148957568, 0.462475123526757, 0.7087441102293676, 0.22230623635334973, 0.01874800000981551], [-0.6454872527076511, -0.6639679247935945, -0.509217574506259, -0.3895260329953245, 0.2618697327548782, 0.2005034659117414, 0.031717647041425406, 0.5325724613314226, 0.09022404122289372, 0.5731877044664466, 0.19867786725554182, 0.5306311411470955, 0.017841455065999573, -0.041544790190766304, 0.009312714692412467]], "inverted": false, "swapped": true, "error_lsq": 0.043762564366666576, "error_max": 0.32978733032733215, "target": "116.xyz", "model": "8.xyz", "model_rescale": 4.019505241142653, "target_rescale": 4.335531566048546},
{"mapping": [4, 14, 15, 8, 1, 9, 7, 5, 2, 12, 11, 10, 16], "R": [[0.38116123834258, 0.900702703677589, 0.2084484348059078], [0.06822930233697638, 0.1974489972473991, -0.977935915992764], [-0.9219874579883183, 0.386973556039529, 0.013805587215369008]], "T": [0.11500339159568122, -0.02144627668294652, -0.03686982188178859], "aligned_model": [[-0.21209653081029384, -0.5823502589076753, -0.24067587331827334, 0.3188085306280783, 0.359017839210437, 0.6595890301000186, 0.40083941218301583, -0.1573381656461249, 0.07839411743250806, -0.4061938082352495, -0.2383785073902706, 0.32780029746301886, 0.012284689031986623], [-0.6772447569263516, 0.13404290402569313, -0.059537109278255895, -0.35732917447428914, -0.7265784480830807, -0.005472495073693545, 0.685268106030631, -0.7068546910988589, -0.34841522629769156, 0.09703023966246838, 0.6609416305809067, 0.3541706407641969, 0.013356608282383976], [-0.23303972530460132, -0.10164401841478754, -0.6452535113802603, -0.5854561874530008, -0.1011274798060329, -0.19198726706280364, -0.008277232975320022, 0.3328491589431142, 0.5032104850177385, 0.5478575530019656, 0.06759194085038778, 0.5930421096915558, -0.0010623310640764383]], "inverted": true, "swapped": true, "error_lsq": 0.0450073511420453, "error_max": 0.2618427616770848, "target": "116.xyz", "model": "9.xyz", "model_rescale": 3.877068213659057, "target_rescale": 4.335531566048546},
{"mapping": [8, 1, 10, 13, 2, 4, 14, 3, 9, 7, 0, 6, 15, 12, 11, 16], "R": [[-0.21482936026144508, 0.975861177825837, -0.039284953634035225], [-0.7041063956944507, -0.1268783045465387, 0.6986673596051021], [0.6768179441414268, 0.1777550490078012, 0.7143672816138813]], "T": [-0.08077891364662342, -0.00062883458158868, -0.10653640548381119], "aligned_model": [[0.1466663981255984, -0.08369922041980592, -0.692251666649048, 0.4509591840999028, -0.29176071749037635, 0.4320383583610892, 0.47295545566812774, -0.7251622679585291, -0.42463565571105555, -0.47568024103096124, 0.3068329556744697, 0.11039414279647448, 0.5579744638722579, -0.03156837012592824, -0.00978096728160427, -0.02787332661351706], [0.12812056963072432, -0.4369355941841911, -0.05016812132007783, -0.526014893050048, -0.5859072670406447, -0.4545586619776665, -0.00881890149632363, -0.23846218160417817, 0.23511026208037206, 0.5842064739266634, 0.6590069045058552, 0.6825390410319603, 0.257203985879041, -0.3910771953065124, 0.3680395609716902, -0.02048510491311526], [-0.7286240820079221, -0.7152328484860181, 0.3482234924433757, 0.1732556877936702, 0.006916253421643398, -0.4329024488572062, 0.34951826971185407, -0.3126869979671921, -0.49004614513249234, 0.18326626719529984, 0.14100282848977416, -0.41325913922558744, -0.2601779495623765, 0.581008290509847, 0.5720556576263409, -0.007282808842968683]], "inverted": false, "swapped": true, "error_lsq": 0.03344218353386592, "error_max": 0.2526344191630019, "target": "116.xyz", "model": "10.xyz", "model_rescale": 4.260839863003843, "target_rescale": 4.335531566048546},
{"mapping": [1, 2, 10, 3, 7, 9, 8, 4, 12, 11, 15, 16], "R": [[0.1480533348733663, 0.7945335744090798, -0.5888943956004387], [-0.9526370345152597, 0.27451110884541313, 0.13086761092964674], [0.2656367642154348, 0.5416272244424137, 0.7975443932722244]], "T": [0.008164906819662485, 0.07715896628193823, -0.0028534667396030097], "aligned_model": [[0.384015643648075, 0.1868940516618981, -0.5116155050720288, -0.3022972343160289, -0.7070945921098524, -0.3320524445107435, 0.21467873161514903, 0.739679850554397, 0.16336155294938248, -0.28632185243024016, 0.3664735695602543, 0.04317687754386828], [0.06429830406963295, -0.5041698921903103, -0.473182240252839, -0.29342903919113333, 0.172349783336949, 0.2806139171032113, 0.5896995029629503, 0.1506697119282404, -0.5293136040427439, 0.037520405760196135, 0.6404502100262335, 0.03757144602254689], [-0.6505063856576851, -0.1761979848500027, 0.09770752550499084, -0.5325424926523664, 0.24475013395979917, -0.40751176457074645, -0.39009382445356183, -0.190018352078074, 0.48263013900754737, 0.7134918518953595, 0.2260728130785106, 0.09839641821173387]], "inverted": false, "swapped": true, "error_lsq": 0.04540580580143617, "error_max": 0.2725140698083237, "target": "116.xyz", "model": "11.xyz", "model_rescale": 3.890672605050136, "target_rescale": 4.335531566048546},
{"mapping": [11, 12, 13, 0, 14, 9, 10, 6, 7, 3, 4, 2, 8, 16], "R": [[-0.14110259743518164, 0.9034694418322065, 0.4047629240338678], [0.4964841272134533, 0.41830083411152386, -0.7606102310689089], [-0.8565007696564789, 0.0936342878277234, -0.5075815714945278]], "T": [0.018156597964969698, 0.026274587103290375, 0.17898893430024726], "aligned_model": [[0.4207880803404642, 0.2013611277428392, 0.4531987112123922, 0.6296370902987802, 0.6737068808494613, -0.36275658611238637, -0.3819235569283109, 0.26356438752143363, -0.07659022363730773, -0.6959095260512894, 0.24063149264546924, -0.2872792863486767, 0.036035172655641365, 0.09541207060518374], [-0.38478779794537643, 0.31586488836637266, 0.6560460704795683, -0.49431902434461866, 0.15680402419155154, -0.25688803048514686, -0.1905794087886881, -0.507703682213686, -0.6894146065814941, 0.062273672396290156, 0.6636317311925088, 0.4879519350424318, 0.06411471670788789, 0.049158031810164246], [-0.3409724944444102, -0.5352679289209763, -0.04725378694393356, 0.22036333569875033, -0.08156929026344167, 0.48820435978881627, -0.43425640606844923, 0.6809715474417894, -0.06754098960129387, 0.12325464106938835, 0.5251528103066929, -0.12678650264823133, 0.8524496513238113, 0.09804148861834876]], "inverted": false, "swapped": true, "error_lsq": 0.04109805577252941, "error_max": 0.28641322512588463, "target": "116.xyz", "model": "12.xyz", "model_rescale": 4.124412569039231, "target_rescale": 4.335531566048546},
{"mapping": [2, 9, 7, 4, 10, 12, 8, 14, 6, 15, 11, 0, 16], "R": [[0.2672245002052641, -0.24687235560334458, 0.931474694518806], [-0.9081310909661058, -0.3878358616011228, 0.15773796650402772], [0.3223181473494129, -0.8880525798031167, -0.32783170590147565]], "T": [0.004283958180314976, 0.08752831466242117, 0.12983595599262504], "aligned_model": [[-0.12312522016622844, -0.07183432005406225, 0.6579627369744923, -0.6535627719702833, 0.5495010816083262, 0.3466192318176535, -0.5074534253383868, 0.18072093848618825, 0.03160189316766153, -0.20556557437498585, 0.7071115164592762, 0.3989247121846957, 0.056397508715411014], [-0.4047850327391613, 0.5599768154701769, 0.464132468776721, -0.1859842398181722, -0.09574472634827624, -0.6262215664196367, 0.5024069578563599, -0.28434971232590023, 0.7721316723927036, 0.2601144061724522, -0.01883172963337912, 0.39966686093002524, 0.004973202194564319], [0.5057749671512421, 0.4329671536062989, 0.2431424024015402, -0.13088841783563188, 0.6321395635023108, 0.09890091672657997, -0.016114096923931287, -0.4577450348061885, -0.22781791604933205, -0.5215215336925101, -0.18026926273966443, -0.49743284212271327, 0.0705621817498385]], "inverted": false, "swapped": true, "error_lsq": 0.037695143885457076, "error_max": 0.31013587199938764, "target": "116.xyz", "model": "13.xyz", "model_rescale": 3.9028299243045295, "target_rescale": 4.335531566048546},
{"mapping": [6, 11, 0, 15, 8, 9, 14, 4, 7, 13, 1, 12, 10, 3, 2, 16], "R": [[0.02512216906924277, 0.9945857899059198, -0.1008364177193643], [-0.9705474489022439, 9.024153534645902e-05, -0.24091002736667516], [-0.23959659023158753, 0.10391871041195153, 0.9652949681707215]], "T": [0.052774233638358516, 0.012573813886884926, 0.11011038562223122], "aligned_model": [[0.05127158010130757, -0.019642155202469667, -0.21163699311347337, -0.49229927741817636, -0.06431121506418885, 0.483243226265338, -0.541158327257859, -0.5017710108447043, 0.525551314659866, -0.6092300247954016, 0.03620611324804477, -0.16231952283714912, 0.579388102454591, 0.651399347769122, 0.1179879966317296, -0.014839883015980236], [-0.6352346809349391, 0.3697428142358212, -0.20648458782181678, -0.38686727298614987, -0.6190224787962103, -0.3517786903983934, 0.27410176032971, -0.13600200520925718, 0.03770603771265722, 0.39915969811222457, -0.26666215901658724, 0.7728915185777867, 0.5484033992118631, 0.10468649279779878, 0.4540702446221738, 0.09354219168441891], [-0.3114180419401159, -0.5744555017845017, -0.6170333839891717, -0.09343580158720294, 0.31669687353092557, 0.16334383536317823, -0.1957031884076947, 0.6060473117908731, -0.4880661673503547, 0.33228429593123354, 0.8048306496231421, 0.05318084290310596, -0.026725728099732143, 0.49411025823583643, 0.5581770521260631, 0.06632680327874771]], "inverted": true, "swapped": true, "error_lsq": 0.042559279369951186, "error_max": 0.3063656096224053, "target": "116.xyz", "model": "14.xyz", "model_rescale": 3.942246331269136, "target_rescale": 4.335531566048546},
{"mapping": [15, 8, 6, 1, 2, 9, 11, 0, 14, 7, 10, 12, 4, 5, 16], "R": [[-0.3737573125578141, 0.9271783014516508, 0.025413945518005743], [-0.06133171869141829, 0.0026346987012033085, -0.99811396075053], [-0.925496564873105, -0.374611072553903, 0.05588070085545832]], "T": [0.014215886624429602, -0.024169968091586877, -0.06982062637588816], "aligned_model": [[-0.6672312080637762, -0.27418012983047557, -0.3069358236590689, 0.045721942810949275, 0.3253487297597676, 0.2872652023046651, -0.06834806555631937, -0.4576090882884708, -0.49744903061522294, 0.32762865630646565, 0.6558840533245637, 0.07766955024836823, -0.4391710844961847, -0.006641475344620368, -0.027658192368430493], [-0.006378163969331614, -0.4214960947364265, 0.18116890017235965, -0.7685670722632518, -0.31008918812719977, -0.14017127757127212, 0.7249220703162839, 0.5729191783877693, 0.2839311190730275, 0.5988367756628741, 0.31992895459405185, 0.23602847587513842, -0.5955505429584513, -0.6121083434858356, 0.03476989891191516], [-0.252584609458951, -0.53270348736094, -0.7421612002937649, -0.14574029520105491, 0.40069209864263794, -0.5523948368027566, 0.11317826481804248, -0.3296353412810584, 0.3276053771498237, -0.3790131530910544, 0.16043472884509202, 0.6757393720852617, 0.13877738420752306, 0.5085738586649837, 0.0185943194367318]], "inverted": true, "swapped": true, "error_lsq": 0.039245956925715184, "error_max": 0.24994929514441636, "target": "116.xyz", "model": "15.xyz", "model_rescale": 4.355366556412066, "target_rescale": 4.335531566048546},
{"mapping": [0, 14, 11, 9, 7, 8, 10, 1, 12, 4, 2, 16], "R": [[0.7775429922933782, 0.6205762766316254, -0.10154791980877004], [0.37411295561911284, -0.5863152369738333, -0.7185220520834763], [-0.5054368324265572, 0.5206913939891329, -0.6880509288215969]], "T": [-0.09331276855824183, 0.05112496363030672, 0.006144815114811089], "aligned_model": [[-0.24202954131849463, 0.4146756111336311, 0.0638282844831849, -0.6261413371049387, -0.5123427073629776, -0.43328824589051856, -0.07288607550203534, -0.1337488673398055, 0.5884608216128979, 0.2660159593003935, 0.2853399399638103, -7.52873433669532e-05], [-0.7368722994191367, -0.45505689663247006, -0.49517428668339303, 0.24260693488422647, -0.2120520697320995, 0.046787817074558036, 0.3014338049304674, 0.5762001034322136, 0.03974062750748755, 0.1635465997030855, 0.545957416177768, -0.004341323501726585], [-0.05370146131590846, 0.026205377500684676, -0.5214043304059578, 0.023990609822618247, -0.5744727397659148, 0.5889816020353009, -0.7150263625784095, 0.5386337782562527, -0.3971472349079884, 0.6647743604699257, -0.10201544146028006, -0.029559696440901506]], "inverted": false, "swapped": true, "error_lsq": 0.04772909836900884, "error_max": 0.2461306564549165, "target": "116.xyz", "model": "16.xyz", "model_rescale": 3.795458400668931, "target_rescale": 4.335531566048546},
{"mapping": [8, 6, 0, 1, 14, 7, 9, 4, 2, 10, 11, 12, 16], "R": [[-0.11313382996240057, 0.9646188638712986, 0.23814110099200375], [0.09491990487385554, -0.22809065587984947, 0.9690019939912602], [0.9890353624500878, 0.13223123747415055, -0.06575676131986691]], "T": [-0.12364370844193948, 0.006356030479250402, -0.024452579538921746], "aligned_model": [[-0.05508426728900051, 0.06235974888565196, 0.39418890597403233, -0.34169961637558244, 0.5257318298346151, -0.35216398242716307, -0.5249547519758719, 0.22413428181773395, -0.367705347425367, -0.5939921593576412, 0.16967358129193802, 0.05734609928222659, -0.049202521331349156], [-0.4206467952779446, 0.16966193943754357, 0.49622294238323283, -0.7074534235148002, 0.171997953654868, 0.6985944545460442, -0.02090385045210634, -0.6615346547370032, -0.22718644163268803, 0.47211804180118155, 0.7078437823207823, 0.23521263720502025, 0.049854679736355136], [-0.5423995324593178, -0.7566262018005017, -0.3966322860585485, -0.08618717918986019, 0.23157253504754757, -0.24928459274667294, -0.42332153846262194, 0.067857436324883, 0.5101757969658973, 0.3563330778698322, 0.12826999228154568, 0.7120639864888425, 0.05045353657527002]], "inverted": false, "swapped": true, "error_lsq": 0.04207126207541712, "error_max": 0.2055133434697797, "target": "116.xyz", "model": "17.xyz", "model_rescale": 3.7474275329858107, "target_rescale": 4.335531566048546},
{"mapping": [11, 15, 14, 6, 10, 3, 12, 4, 7, 2, 9, 8, 1, 16], "R": [[-0.7347743655607353, -0.6080778404709322, -0.3005793932441587], [0.25825023116369605, -0.6605374355228757, 0.7049802226848358], [-0.6272267929694303, 0.44037669806776863, 0.6423822179825753]], "T": [0.01899174127345527, -0.04119610436252451, 0.03262223247383186], "aligned_model": [[0.4638490575145786, 0.06451417968886446, 0.6308006157400796, -0.4142327339122332, 0.1518926699108221, -0.3316795207344455, 0.7538442082039811, 0.1431720734842612, -0.13554323947666258, 0.2476784184646727, -0.5318818996767427, -0.44432293804671047, -0.31368807306603574, 0.13044482978844693], [-0.5156556513694326, 0.4081393099355101, 0.10918320568069108, 0.0004790105180105114, -0.7217774817580642, -0.30067945393845985, -0.23704824210351438, 0.6941875008646691, -0.7218973209798153, -0.02748417098112839, -0.16930258713005197, 0.4225217204906482, 0.4702820648158921, -0.050539662533721004], [-0.3897927161545481, -0.5097012482308454, -0.31052592788712036, -0.6060670958180485, 0.3524752694570434, 0.6018240704418051, 0.2544850300848763, 0.1716863730404754, -0.27515979910064364, 0.6220711763407246, 0.06451364107815183, -0.1273969634223169, 0.4669005993942309, 0.009482309437870408]], "inverted": true, "swapped": true, "error_lsq": 0.0347246193298053, "error_max": 0.2103453576529744, "target": "116.xyz", "model": "18.xyz", "model_rescale": 3.922800546911778, "target_rescale": 4.335531566048546},
{"mapping": [12, 11, 14, 2, 6, 10, 0, 1, 7, 4, 15, 8, 3, 9, 16], "R": [[-0.4217900443777567, 0.7133077562640937, -0.5597188609626217], [0.7616245346874213, -0.05621058456940986, -0.6455760515574712], [-0.49195652920352584, -0.6985931684720729, -0.5195636229935376]], "T": [0.07210446752388153, 0.10090575808976157, 0.03345710827111145], "aligned_model": [[-0.2000437057441917, -0.317538519487389, 0.26669769424460366, -0.05385274681667754, 0.27192087110434693, -0.6672393215806492, 0.125552940130381, 0.490247087187192, -0.5170571489712478, 0.7528832611983405, 0.6268815739838635, 0.5797254556156186, -0.28996375085410087, -0.03528086126273826, 0.0631180081402666], [0.5045764447755203, -0.24409546750024394, 0.022209176534547403, 0.7203517061376111, -0.6192277415906914, 0.28769633235973857, -0.6095368115903382, 0.5021550296234585, -0.3832341234216706, 0.4323441668466106, -0.28197442183730637, -0.09677895690151361, 0.4493273944194459, -0.08075096050858296, 0.11454973768799355], [-0.5915026164095224, -0.5415183515515676, -0.6525567544825783, 0.014558206972922899, 0.23049889742332763, -0.007035807579881176, -0.3394404082647716, 0.5078401266274746, 0.054954789977590984, -0.013844606500624884, -0.1756230070727771, 0.4316311181247716, 0.5451226666482789, 0.5591560039452736, -0.07958109069458773]], "inverted": false, "swapped": true, "error_lsq": 0.03532224856542858, "error_max": 0.24002806908536295, "target": "116.xyz", "model": "19.xyz", "model_rescale": 3.9282355846067225, "target_rescale": 4.335531566048546},
{"mapping": [6, 0, 11, 15, 8, 14, 13, 12, 1, 3, 7, 9, 10, 16], "R": [[-0.9035601702338156, 0.0563739431747505, -0.424736385653464], [-0.4247539091163574, 0.012267880811884346, 0.9052257264300206], [0.05624175901775545, 0.9983343516234006, 0.0128602842609844]], "T": [-0.04927591104929174, 0.004561398639170738, 0.07853044952805766], "aligned_model": [[-0.604675135274789, -0.14749547050367845, 0.42343042875511483, -0.4437777954614519, -0.7154704024621195, 0.2189608154620049, 0.23716454285700128, 0.6895781751846922, -0.4543501862043752, 0.014485355529296584, 0.12360668294053154, -0.38326586294186, 0.5412533533580941, 0.03307831784621501], [-0.53285860840789, -0.7245553761128365, -0.5883100019463392, -0.2229120331080566, 0.09423945546607115, -0.19008895971096573, 0.3560693673939499, 0.11588256908809177, 0.6304704364203265, 0.3438325568017826, -0.6173213548972235, -0.052816662612923865, -0.07233020368548279, -0.01641909726366799], [0.07106339325351727, -0.24609177520721387, -0.08424700917083172, -0.4606480605311821, 0.019848237995851302, -0.5577359980149229, -0.5783207853467491, -0.18470242311633922, 0.14949652890097417, 0.7071179590880026, 0.4851487411593523, 0.5324561827546648, 0.5565707226516589, 0.002227442826900919]], "inverted": true, "swapped": true, "error_lsq": 0.03367120693366949, "error_max": 0.18225553307539596, "target": "116.xyz", "model": "20.xyz", "model_rescale": 4.067790424073018, "target_rescale": 4.335531566048546},
{"mapping": [12, 15, 2, 10, 5, 4, 3, 14, 13, 0, 6, 9, 7, 8, 16], "R": [[-0.18311202367195983, -0.07701874511098017, 0.9800704564919249], [-0.4062650503178578, 0.9137460885655959, -0.004098111919301484], [-0.8952199147008453, -0.3989187868885151, -0.1986079197575147]], "T": [0.06456647697036431, -0.03155086269742184, 0.07259283769232472], "aligned_model": [[0.12614419975426533, 0.14297887128854198, -0.33787966755614274, 0.325025844844876, -0.6500117326709517, -0.5309175138939475, -0.19934433908485705, 0.27320039223415327, -0.2501963331053929, 0.7181742142708767, 0.4403758797147094, 0.06851489018901728, 0.7385129236722877, -0.1962482236211771, 0.10011454787125637], [-0.12806448942105292, 0.65473585065841, -0.34912102146064733, -0.6910587539471826, -0.011603537939888994, 0.4323265292215314, -0.6784590745414645, 0.45659454928311494, 0.36890662826586823, 0.4297149714242258, 0.30531389074840826, -0.284517176519909, -0.3538566718733286, 0.2845150655127997, 0.005468380516962808], [-0.7112965759935571, 0.21733885025864283, -0.29770699472251855, -0.21090300429371195, -0.33926494076531377, -0.003336200410712767, 0.2343133424815752, -0.4099635236670001, -0.5419132255920925, 0.1542549334848378, 0.6579420922993272, 0.5794286644327792, 0.2271248340203542, 0.6086701429341262, -0.029438820845595334]], "inverted": false, "swapped": true, "error_lsq": 0.04335878762125692, "error_max": 0.3336025407978423, "target": "116.xyz", "model": "21.xyz", "model_rescale": 4.186013935880536, "target_rescale": 4.335531566048546},
{"mapping": [13, 4, 2, 11, 0, 12, 14, 15, 3, 9, 6, 7, 16], "R": [[-0.8192173131387279, 0.4583836978730962, -0.34462643453158015], [0.24491717757166587, 0.823021597688876, 0.5124949032604902], [0.5185543076516601, 0.33543976398429, -0.7864995834417661]], "T": [0.003363558020591983, 0.1218978020334984, -0.02466292240852293], "aligned_model": [[0.011937972514285473, -0.4317996607123787, 0.38195501618544436, 0.343727338410293, -0.2487620796717411, 0.5749829227994828, -0.019024804601594593, -0.5855667325052688, 0.33156988071967697, -0.11896718516780283, -0.5288082261400612, 0.30076101854586934, 0.04656857504702016], [-0.41357638373111905, 0.005520189490791166, 0.2465799856118739, -0.4200933993329208, -0.38264721966884485, -0.34861685388164265, -0.5911708620521898, -0.2613904343104203, 0.7516747044992456, 0.6139975688067768, 0.13480619689119877, 0.16631658429049054, 0.01755658293285381], [-0.6164850293667905, -0.6351036331227499, -0.5156400418044784, 0.413335156382, 0.5484905699213036, -0.3065433391710717, -0.10020454830078411, 0.04122034896442249, -0.12443435074586039, 0.22785066133742546, 0.5356681267576099, 0.6764409984161522, -0.041715357931833175]], "inverted": true, "swapped": true, "error_lsq": 0.04325819811502403, "error_max": 0.31990019165430983, "target": "116.xyz", "model": "22.xyz", "model_rescale": 4.166573947596378, "target_rescale": 4.335531566048546},
{"mapping": [13, 4, 1, 2, 5, 15, 8, 14, 12, 10, 11, 3, 9, 0, 7, 16], "R": [[0.26818915473142674, 0.945029547360362, 0.18706611638752857], [0.9529690726084661, -0.23179351113265095, -0.19524782930562307], [-0.14115425582037178, 0.23063157375491145, -0.9627484371584978]], "T": [0.018627375377276434, 0.11700089778521959, 0.005543008129117788], "aligned_model": [[-0.6659239050953202, -0.34412690436431825, 0.23753185433069168, 0.040476387505592494, -0.22195221112254104, -0.4088124617628463, 0.14712264179927292, -0.6778567391874095, -0.42524963307270264, 0.3142852784180241, -0.30444816297579325, 0.628281672357078, 0.5406571706852242, -0.3158069000926929, 0.3212691961482671, -0.07821404254977041], [-0.19659586717368682, 0.13243095812028627, 0.05894131291080028, -0.48031851403274806, -0.41705245769693744, 0.6592849797026662, 0.6022731015724911, 0.13325053044404458, -0.48516830325790694, -0.3914960503033563, 0.11879934858282272, -0.2450531492251472, 0.3329318279822428, 0.6793187803615581, 0.2702996258013059, 0.07786131383324374], [-0.2592326401079313, -0.6605800155712219, -0.7083150940791961, -0.20101887558146672, -0.5754520169726962, -0.14044508998125904, -0.4453457929670512, 0.17677537458416584, 0.26622435318467513, 0.4925511102299146, 0.7105701313496183, -0.10184032516315181, -0.036275975102812816, 0.47307937698399105, 0.6888236341158935, 0.05174237824262261]], "inverted": true, "swapped": true, "error_lsq": 0.032449359583496706, "error_max": 0.19561031410801225, "target": "116.xyz", "model": "23.xyz", "model_rescale": 4.274766983524099, "target_rescale": 4.335531566048546},
{"mapping": [15, 11, 7, 9, 10, 3, 1, 2, 13, 12, 16], "R": [[0.17057003107542118, 0.9841979981292714, -0.04754119242577312], [0.48411386309143917, -0.041682427010720946, 0.8740116377035143], [0.8582188718861951, -0.17209554252458267, -0.4835736677917403]], "T": [-0.03292793561384466, -0.018341783664041364, -0.08172681087829259], "aligned_model": [[0.44721934994502516, 0.10424391561322832, -0.4868546910276037, -0.5151469602689384, -0.4685518081943561, -0.6161115035058025, -0.0703432347582589, -0.03631618683438614, 0.6771864192986417, 0.2975492011415032, 0.04702020254902255], [-0.2068985394281435, 0.7113630294819193, 0.48696964743025495, -0.25421160718384184, 0.5070658030357906, -0.16314037490799588, -0.7128140125308281, -0.03439352660553306, 0.006250128793732088, 0.5149141020642443, 0.06048188109388415], [-0.563384675644844, -0.3056889757332702, -0.42896713668274444, -0.2626144549477269, 0.2608200367701493, 0.309710245576576, 0.19610748346429407, 0.5504650367200594, 0.2818558774851735, 0.4020213998610582, -0.06075840284714759]], "inverted": false, "swapped": true, "error_lsq": 0.04047609344265634, "error_max": 0.16430785829559127, "target": "116.xyz", "model": "24.xyz", "model_rescale": 3.7841303162186577, "target_rescale": 4.335531566048546},
{"mapping": [0, 15, 13, 1, 4, 5, 8, 6, 14, 12, 7, 9, 2, 3, 10, 16], "R": [[0.9087271117236484, 0.34718850316123656, 0.23167904456609031], [-0.12092294651444943, 0.7502493880969905, -0.6500026897377852], [-0.3994905223214439, 0.562659754143436, 0.7237550163160105]], "T": [0.0330720203376601, 0.03475068812452507, 0.082905851832412], "aligned_model": [[0.11679745720948001, 0.21117067504015, -0.5483613118849117, 0.3183832935883545, 0.0020286838146306996, -0.35267628371128606, 0.5936547460778131, 0.6223332702839188, -0.42978955547918957, -0.7564619964851174, 0.1473892305487305, 0.5253926194603116, -0.33964064963222157, 0.16920970794946696, -0.29358142804125303, -0.0680059102660984], [0.13937954854268308, -0.40955493668300313, -0.5103180581203864, -0.4167709725950378, -0.7125578450910589, -0.4861566949281313, -0.3405360454541351, 0.07543050901389613, -0.21471646510741782, 0.09878124223694405, 0.7353240689926986, 0.2553194329628361, -0.024753609568574378, 0.3442212634324166, 0.6786727295314332, 0.025048301202798363], [-0.7099880847470532, -0.4357103315082769, 0.03937571817456895, 0.6078907503268616, 0.2098503451244048, 0.5932983354563648, 0.0684929611800772, -0.4155524219060586, -0.4051515185811391, 0.09410555696878306, -0.1965462889865583, 0.25570619223580304, 0.5903308956246793, 0.7153512392626569, 0.33154527471260065, 0.030621392479539156]], "inverted": true, "swapped": true, "error_lsq": 0.03621206327133376, "error_max": 0.2663034642732474, "target": "116.xyz", "model": "25.xyz", "model_rescale": 4.19342608120988, "target_rescale": 4.335531566048546},
{"mapping": [0, 14, 11, 9, 7, 8, 10, 1, 12, 4, 2, 16], "R": [[0.7775429922933782, 0.6205762766316254, -0.10154791980877004], [0.37411295561911284, -0.5863152369738333, -0.7185220520834763], [-0.5054368324265572, 0.5206913939891329, -0.6880509288215969]], "T": [-0.09331276855824183, 0.05112496363030672, 0.006144815114811089], "aligned_model": [[-0.24202954131849463, 0.4146756111336311, 0.0638282844831849, -0.6261413371049387, -0.5123427073629776, -0.43328824589051856, -0.07288607550203534, -0.1337488673398055, 0.5884608216128979, 0.2660159593003935, 0.2853399399638103, -7.52873433669532e-05], [-0.7368722994191367, -0.45505689663247006, -0.49517428668339303, 0.24260693488422647, -0.2120520697320995, 0.046787817074558036, 0.3014338049304674, 0.5762001034322136, 0.03974062750748755, 0.1635465997030855, 0.545957416177768, -0.004341323501726585], [-0.05370146131590846, 0.026205377500684676, -0.5214043304059578, 0.023990609822618247, -0.5744727397659148, 0.5889816020353009, -0.7150263625784095, 0.5386337782562527, -0.3971472349079884, 0.6647743604699257, -0.10201544146028006, -0.029559696440901506]], "inverted": false, "swapped": true, "error_lsq": 0.04772909836900884, "error_max": 0.2461306564549165, "target": "116.xyz", "model": "26.xyz", "model_rescale": 3.795458400668931, "target_rescale": 4.335531566048546},
