[{"mapping": [2, 1, 5, 0, 12, 8, 6, 4, 7, 9, 10, 11, 13], "R": [[-0.6571589556806378, 0.3678613158908681, -0.6578906894308301], [0.5948589714269447, -0.28292294081482516, -0.7523944535106362], [-0.46290918232587636, -0.8857949321551406, -0.03290025967463878]], "T": [-0.055049845274728997, -0.2508387936669805, -0.0941232044698084], "aligned_model": [[0.016273987456402274, 0.04312911156558872, -0.670109236978493, 0.49312357938469575, 0.4211015948485717, -0.42593097090388726, -0.6849849351853372, -0.25069210595494273, 0.13187304867024396, 0.5861606606177557, 0.5024764076064744, -0.1887418812541496, -0.013198962937502681], [0.19859234344476417, -0.7724078124547139, -0.6323389173337443, -0.3194085563565965, -0.5392614734770652, 0.2460348865794671, 0.14681912333162733, 0.6822496964135192, 0.3902893222437216, 0.09472120384870186, -0.20993290238048795, -0.2682995039474153, -0.1386095694112009], [-0.7139480259223617, -0.32077440013733594, 0.12624208490407965, -0.6328406802606672, 0.06465957738415093, 0.38142160745972975, -0.26615880466725517, -0.16101268141730102, 0.2600082021909096, -0.01550674935834885, 0.7442801054281951, 0.5906274099552251, 0.016298564787620193]], "inverted": true, "swapped": false, "error_lsq": 0.04398692738063974, "error_max": 0.2551342978243629, "target": "1160.xyz", "model": "0.xyz", "model_rescale": 3.8414455957264533, "target_rescale": 3.9183062622440903},
{"mapping": [9, 10, 5, 8, 12, 4, 2, 7, 0, 13, 11, 1, 14], "R": [[-0.022014000486495364, -0.9877850387545858, -0.154259848940618], [0.5670596991310369, 0.11473968912603892, -0.8156458185761011], [0.8233824636242859, -0.10543017097520818, 0.5576072073100742]], "T": [-0.08319417224832383, -0.08131880392799287, -0.04703574350739839], "aligned_model": [[0.08737321100952163, -0.10297744088335511, -0.601403253451499, 0.4575498606405114, 0.4812823034338608, -0.4855961571735074, -0.7419985664209455, -0.17952810068715452, 0.05467142121418918, 0.616420158780272, 0.5495133761126971, -0.0913020358474336, -0.08352447979173705], [0.29257794445402463, -0.7626852883418126, -0.4853947196987539, -0.38867762799969896, -0.584748247958887, 0.16438573777964224, 0.08650451240502693, 0.5443263410794077, 0.46121855362722675, 0.20238777128871152, -0.2314712450089023, -0.2831612672827548, -0.13681462384265308], [-0.5916619174206312, -0.10810649436291139, -0.09708359496053603, -0.5343024483631144, 0.054031794066432326, 0.22410841660065947, -0.3341190630023887, -0.15768351300743258, 0.41357652652391086, -0.11701693839251595, 0.5037825612124105, 0.7942084384656372, 0.023562442987120236]], "inverted": true, "swapped": false, "error_lsq": 0.038188197515306305, "error_max": 0.23535018298775015, "target": "1160.xyz", "model": "1.xyz", "model_rescale": 4.316132596720782, "target_rescale": 3.9183062622440903},
{"mapping": [5, 8, 11, 3, 2, 6, 4, 0, 10, 7, 9, 12], "R": [[0.5901744144825353, 0.5787594227806392, 0.5627892065710024], [0.7450466996644223, -0.12209303095684015, -0.6557428666107811], [-0.31080472295212835, 0.8063069033156008, -0.5032589808997524]], "T": [-0.031707655953174096, 0.013589083454377137, -0.0008127589909583954], "aligned_model": [[-0.1179010524825227, 0.5136339403196593, 0.09596559650238884, -0.3372723117265707, -0.6814500542089124, -0.5493458812686316, -0.10825913453948993, -0.17577251653223588, 0.5652482580018463, 0.17508261651819762, 0.34632515938402636, -0.12844606533597444], [-0.6490262568366355, -0.2715645427187142, -0.5344034526597515, 0.7321767598206678, -0.42570527196041563, -0.17946388671254676, 0.28673226358646353, 0.5394075225278118, 0.13975695490923168, -0.13915254049385034, 0.5478510396276327, -0.03383216134891309], [0.1644336049157681, 0.10296942659669767, -0.5183506917468443, -0.12133683720738597, -0.2767239259501031, 0.29704086740703234, -0.704097582482718, 0.5272873018728459, -0.5622850283684881, 0.684794405225905, -0.013187901316442832, -0.13128517773684534]], "inverted": false, "swapped": true, "error_lsq": 0.04980605702552652, "error_max": 0.38311598820498804, "target": "1160.xyz", "model": "2.xyz", "model_rescale": 3.795458400668931, "target_rescale": 3.9183062622440903},
{"mapping": [11, 5, 2, 0, 4, 3, 6, 8, 7, 9, 1, 12], "R": [[0.7761120327396495, 0.6045915549822035, 0.17921820298432428], [0.6258947711160011, -0.7039260169255516, -0.33577358172580635], [-0.07684951611023891, 0.372769653190183, -0.9247361448186682]], "T": [0.14938561693440225, -0.02994927749608531, 0.048558818212062274], "aligned_model": [[-0.027376507415036416, -0.15952508555563635, -0.6541375532594362, 0.3043200405231017, 0.07572967229484093, 0.1308959035794251, -0.34925804379938485, 0.5508722231382998, 0.38522934880509985, 0.6977238209435263, -0.3839274153140574, 0.022757421802822697], [-0.17525678129430836, -0.6202320325120343, -0.05814659307925499, 0.09568587864407271, 0.6155549462437401, 0.6659667442258758, -0.2382415108790318, -0.4355567155615141, -0.601527038389724, 0.3042711946740927, 0.5004851342020397, 0.03276581901575586], [-0.6808811530028521, -0.12445909587930017, -0.16316532589701271, 0.7809115482107407, -0.3425626049209022, 0.42222053972507495, 0.36778351882088595, -0.2039721708076846, 0.44076539833245193, 0.1755221256666602, 0.061121112546439774, -0.044512462155401125]], "inverted": false, "swapped": true, "error_lsq": 0.05113766506141346, "error_max": 0.265568156802084, "target": "1160.xyz", "model": "3.xyz", "model_rescale": 3.7530521520055578, "target_rescale": 3.9183062622440903},
{"mapping": [3, 2, 6, 5, 0, 11, 9, 4, 10, 8, 12], "R": [[-0.5035930871268288, 0.8619152512939073, -0.059127846105119064], [-0.2531574737557226, -0.08178456258922995, 0.9639619177144442], [0.8260177335140515, 0.5004132141631042, 0.25938642796272215]], "T": [0.04169810287478772, -0.09374821155691843, 0.029336361274574264], "aligned_model": [[-0.43332959998401266, -0.1168163957699529, 0.30229570584809234, 0.4654608909279942, 0.2505949265131471, -0.15085711020062814, -0.14152579413174765, -0.7115922314342618, -0.4083175448599103, 0.35090915925853083, -0.06862240372204587], [-0.725056471512973, 0.16808184446318225, -0.25691563265946593, 0.3355980787173896, -0.8193287766828539, 0.6391527336957921, -0.3903387561411624, -0.009445173354244496, 0.2756001225304519, 0.2769732179652952, -0.027117828707065084], [0.021422870180998706, -0.7437030053343267, -0.5178389729390147, -0.3021475962070765, 0.10695304629122329, -0.07176005426908807, 0.5833768325962814, 0.052217328618965574, 0.6197544581974919, 0.4248549240418249, -0.08029905393196327]], "inverted": false, "swapped": true, "error_lsq": 0.03722938996275128, "error_max": 0.17553158252080522, "target": "1160.xyz", "model": "4.xyz", "model_rescale": 3.7855080009869324, "target_rescale": 3.9183062622440903},
{"mapping": [4, 10, 9, 7, 8, 2, 3, 1, 12, 6, 13, 14, 16], "R": [[-0.3750057088992538, 0.48914571400197077, 0.7874688493943559], [-0.6193102326171448, -0.7642783803171627, 0.17981488580057237], [0.6898010974684418, -0.4202559075768918, 0.5895417017294509]], "T": [0.018794902370090554, -0.08341094919538959, -0.004555908754613314], "aligned_model": [[0.22447495328927825, -0.09108296027246567, -0.5422478158856877, 0.3407631728084138, 0.477193302788603, -0.6556589814786932, -0.6309001933201359, -0.09563163537424654, 0.06839138172714536, 0.6267956163135263, 0.5465281595903853, -0.29041612465641825, -0.017728578594285043], [0.32980452966024343, -0.7477743369112541, -0.4834466375197727, -0.30164901157920015, -0.6111240320335277, 0.1519719394740356, -0.20554224250861775, 0.6611381135604348, 0.3525829908963203, 0.06402891553655855, -0.10921135938558683, -0.13083076766439256, -0.09150026102466412], [-0.5824395203524318, -0.2829664301759278, 0.17465496035785769, -0.644929278620837, 0.07729568047148466, 0.18383873517567476, -0.21762123964855823, -0.07977026641747732, 0.515554403053223, -0.1907646255190543, 0.4911250238351671, 0.595308492684952, 0.03401027550256736]], "inverted": false, "swapped": false, "error_lsq": 0.036983584119346276, "error_max": 0.21476366274745018, "target": "1160.xyz", "model": "5.xyz", "model_rescale": 4.2253639853439635, "target_rescale": 3.9183062622440903},
{"mapping": [2, 6, 11, 3, 7, 8, 5, 10, 1, 4, 0, 9, 13], "R": [[0.3916272862669226, -0.7217217310834588, -0.5707414576961287], [-0.7567379841523131, 0.10022407002793449, -0.6459897515658662], [0.5234268735862726, 0.6848889535311046, -0.5069037673353484]], "T": [-0.036259764870739244, -0.10359581695382025, 0.0616993087601278], "aligned_model": [[0.019843470391477602, -0.05950013827595131, -0.6371863424700716, 0.49493861797439176, 0.3635639791248547, -0.6165712674028752, -0.5118726467683962, -0.294664878325941, 0.20214853169708313, 0.5110448811841048, 0.5798731067750285, -0.09867222102105962, 0.007535204052773983], [0.11264010091563129, -0.5509755912651123, -0.5904710608224719, -0.3624350162094892, -0.7884220587072528, 0.21043993721337473, 0.0034351942451514295, 0.587360493183519, 0.4943265448114105, 0.2948613367665441, -0.29398967524015807, -0.11572296103931842, -0.12259940335125163], [-0.5709665326233793, -0.3998515451056981, -0.024286353159655938, -0.3305251418924849, 0.03834961132896181, 0.3940921196514389, -0.34212988244008263, -0.19191190788995793, 0.4143409333409259, -0.14470038422020062, 0.5383470954233847, 0.6687858307477248, 0.023752367185663016]], "inverted": false, "swapped": false, "error_lsq": 0.04642318742775567, "error_max": 0.27202177529788235, "target": "1160.xyz", "model": "6.xyz", "model_rescale": 3.89814844738969, "target_rescale": 3.9183062622440903},
{"mapping": [2, 5, 9, 1, 6, 11, 10, 4, 7, 0, 3, 8, 12], "R": [[-0.03730602611878378, -0.6460829896267914, -0.7623549245135971], [0.9184221173477871, -0.3228308515268305, 0.2286505098810616], [-0.3938388944500436, -0.691633582048594, 0.6054204434944351]], "T": [0.01909186347390353, 0.004803197551219024, 0.049643739708724155], "aligned_model": [[-0.008154583280069887, -0.048061475629143965, -0.5650985438623907, 0.47260483652591057, 0.2912908596496998, -0.6503049087044286, -0.5472942571944984, -0.17200837593558047, 0.24104722659480937, 0.5944616423858055, 0.6025013902030749, -0.15771167215891374, -0.09279184165885415], [0.19286018895641216, -0.6345611480864765, -0.6709683127251415, -0.3325712947195618, -0.5957242087240916, 0.20648913745625055, -0.043286468596248726, 0.585390666097027, 0.47453849170577533, 0.05071616606798038, -0.1411056240495296, -0.2621509183828087, 0.048821165500990416], [-0.6325879244962411, -0.3854197804804784, 0.049084356409429264, -0.5790859695244271, 0.20014421087381848, 0.4577749836301668, -0.414896688430905, -0.15503815555678885, 0.45133920863183197, -0.08396765316312979, 0.5888337586914911, 0.6455990921373693, -0.06848322837549653]], "inverted": false, "swapped": false, "error_lsq": 0.03793448911172643, "error_max": 0.23591627070478885, "target": "1160.xyz", "model": "7.xyz", "model_rescale": 3.7474275329858107, "target_rescale": 3.9183062622440903},
{"mapping": [1, 4, 13, 2, 8, 11, 12, 10, 7, 3, 5, 9, 14], "R": [[0.27163943002334545, 0.8595710007789086, 0.4328391325614374], [0.9168971917727362, -0.36780109723352583, 0.15498997578258067], [0.2924235964758359, 0.3547675964540167, -0.8880475171579377]], "T": [-0.006070621720284195, 0.01419901497318768, -0.048259827222386434], "aligned_model": [[0.06971226727860855, -0.03193501757888456, -0.6805518385867946, 0.3906426704498807, 0.36126879292533043, -0.46890258735011053, -0.5775290138426091, -0.2491724088806057, 0.023993941083899847, 0.7074061664701059, 0.4957742396156632, -0.06366644109915826, -0.016560473549905884], [0.06603503961999489, -0.7608064076238639, -0.5406197287025513, -0.49904606932677087, -0.522051489992187, 0.08369705241423586, 0.12815136936508736, 0.7166390363239368, 0.3531692291079337, 0.06649172858304919, 0.03457529299031795, -0.21780835110784433, -0.02997886115076226], [-0.7941631723909477, -0.1527752510485422, -0.26124592642351935, -0.5847181602803082, 0.15839802099229516, 0.36093028748340766, -0.2509733832586453, 0.10254765658554348, 0.5417172468380003, -0.09674572003106442, 0.4623848696723918, 0.6750628834418211, -0.087123141233792]], "inverted": true, "swapped": false, "error_lsq": 0.05275250026426887, "error_max": 0.32727384307229074, "target": "1160.xyz", "model": "8.xyz", "model_rescale": 4.019505241142653, "target_rescale": 3.9183062622440903},
{"mapping": [10, 11, 8, 6, 5, 7, 9, 1, 0, 2, 3, 4, 12], "R": [[-0.3429185940604218, -0.3435710862020397, 0.8742801304922663], [0.9162932771495247, 0.08266718524800107, 0.3918836137602043], [-0.20691415635042468, 0.9354811837814393, 0.2864637615697118]], "T": [0.025164113163719852, -0.06436870564363881, -0.06295594626582876], "aligned_model": [[0.06517213096385929, -0.17542982080475267, -0.5432333616352065, 0.5150117101835812, 0.3393103590709328, -0.6244947371436266, -0.5887268530557949, -0.0997526038126067, -0.020037243156482705, 0.5541896666077707, 0.5882180572194867, -0.07964578715008508, 0.029898779648344226], [0.2251035671536704, -0.5913426904365269, -0.39317057051200555, -0.2767769534399266, -0.626383202942384, 0.12488793215799987, -0.07211087302207325, 0.5609902297599646, 0.3132218063475304, 0.17052524855284887, -0.1891053396056705, -0.26420978363077846, -0.10318152988207198], [-0.9305877345326327, -0.32622390291750025, 0.09500156601956353, -0.5559000667590904, 0.12671893385908653, 0.5384667780646143, -0.3636518090055705, -0.28572784283558106, 0.46432796275487187, 0.05922816195538, 0.5741247675945376, 0.7349620317170392, -0.05744263556807818]], "inverted": true, "swapped": false, "error_lsq": 0.04626198812849786, "error_max": 0.2567266958176659, "target": "1160.xyz", "model": "9.xyz", "model_rescale": 3.877068213659057, "target_rescale": 3.9183062622440903},
{"mapping": [14, 11, 12, 9, 8, 3, 6, 13, 4, 2, 7, 5, 15], "R": [[0.9902864953763547, -0.10370381550160883, 0.09261844160654806], [0.13619231819664263, 0.5892953289591597, -0.7963558675184985], [0.028005526944546534, 0.8012343813874465, 0.5976948690956233]], "T": [-0.040848406958008725, -0.11435614947266833, 0.003931754893525274], "aligned_model": [[0.11395798823768213, -0.11310509858272066, -0.6661481577510161, 0.42377123635521835, 0.5466813393707215, -0.4626065768369231, -0.5800353630802433, -0.10648620435567593, 0.13815475503560035, 0.5000543311839571, 0.6200712938123345, -0.39417334433147916, -0.059655902122035795], [0.1805947675242186, -0.7929698828854789, -0.5178787282417493, -0.2218699434147311, -0.614101881089901, 0.21232395643797436, 0.05158831482490288, 0.6012571310911957, 0.30534846776744257, 0.2535439025950477, -0.08169552225722566, -0.3013552133064713, -0.1963375285446476], [-0.7021564005147046, -0.2769910950184787, 0.06999964267029433, -0.45237370755386475, 0.023577027030928465, 0.34767802363083844, -0.24515545120401705, -0.2810731717254341, 0.5038283262046243, -0.10755428687225237, 0.4818491138378749, 0.675637256581463, 0.036030933279368155]], "inverted": true, "swapped": false, "error_lsq": 0.041375085265754, "error_max": 0.22405591966394217, "target": "1160.xyz", "model": "10.xyz", "model_rescale": 4.260839863003843, "target_rescale": 3.9183062622440903},
{"mapping": [11, 2, 6, 5, 7, 8, 10, 4, 3, 0, 9, 12], "R": [[-0.5030709077703349, 0.855112834134238, -0.12530643500651684], [-0.7759400119699114, -0.5107431905327088, -0.3702141152746646], [-0.38057424975852583, -0.08901367436175334, 0.9204563032525525]], "T": [-0.039658333928672074, 0.018875445207540073, -0.01099476012901916], "aligned_model": [[0.1968783746569715, 0.11952953292708862, -0.32103835287180404, -0.4419514385832539, -0.7498157696709382, -0.31672749348833457, 0.4446569599120777, 0.7177679421079433, 0.39415304172619964, -0.29250944599809087, 0.13552283401971293, 0.07243246435655819], [0.00019414347067224502, -0.7217055520113579, -0.5364021618036462, -0.24750757024347209, 0.16534916872382383, 0.4639648582835341, 0.6363183259797682, 0.03082218811128737, -0.07699037933181808, 0.015571119017930776, 0.5285423800800759, -0.08507801474386449], [-0.737729364594431, -0.3537347438591765, 0.06917773171160109, -0.5019072763732452, 0.09084466681290332, -0.3495340996140855, -0.2788170695226085, -0.04620243519501242, 0.6423669275686567, 0.7046761039987112, 0.3605546515611263, -0.08351701509893486]], "inverted": true, "swapped": true, "error_lsq": 0.04757530233263794, "error_max": 0.30352842474019504, "target": "1160.xyz", "model": "11.xyz", "model_rescale": 3.890672605050136, "target_rescale": 3.9183062622440903},
{"mapping": [6, 12, 10, 5, 7, 2, 11, 1, 0, 8, 3, 4, 13], "R": [[-0.005308223867129647, -0.9976985153348036, 0.0675980418215259], [0.020013581348289206, -0.0676914493555204, -0.9975055509849378], [0.999785616680392, -0.003942103864352342, 0.02032684176479005]], "T": [-0.025165747130088255, -0.007063232238560493, -0.14404307160563054], "aligned_model": [[0.054904312129237805, -0.1013394402634146, -0.7027364948517542, 0.38014829306258435, 0.47655669076648466, -0.635435185556315, -0.5472209544872667, -0.1878397104250145, 0.17306752973586392, 0.679484247822703, 0.5568256316641603, -0.19638239294248316, 0.01044777028063408], [0.41036474135935724, -0.7477341116491807, -0.5631605392910157, -0.541647629425713, -0.6506402797190761, 0.010670449803495387, 0.06072236522862867, 0.7223804902823272, 0.36902489636387104, 0.14115901650960583, -0.023343642999268464, -0.1691051545322087, -0.1402427614302465], [-0.5331459068686254, -0.11690705103147567, 0.03257564587208067, -0.5376319852475178, 0.1030345468542021, 0.2204028951862342, -0.3041231676279703, 0.0721682318246692, 0.26578107020951836, -0.1703032206379677, 0.5729535387327078, 0.5158692857883445, -0.04737767270756013]], "inverted": false, "swapped": false, "error_lsq": 0.04465609379233923, "error_max": 0.2242167308020878, "target": "1160.xyz", "model": "12.xyz", "model_rescale": 4.124412569039231, "target_rescale": 3.9183062622440903},
{"mapping": [4, 10, 11, 5, 7, 8, 2, 1, 6, 0, 3, 9, 12], "R": [[-0.48571540953899417, -0.8484344828136405, 0.21033180764952739], [-0.4507109608878714, 0.4492549093123739, 0.7713816540430962], [-0.7489593918710808, 0.27987310487340766, -0.6006087532634035]], "T": [0.13677004944533727, -0.0825693101483017, 0.05317012675234074], "aligned_model": [[0.07833897994356301, -0.2535255507828349, -0.7862779304859104, 0.6106777057861724, 0.31564110420276636, -0.5190885717066938, -0.5835117633750322, -0.15715715204784758, -0.017479790598761452, 0.5820701049144197, 0.6311936906312453, 0.00480487790827358, 0.054794592546059784], [0.06463143593524602, -0.6017954450134296, -0.4546742431444361, -0.4239163823587985, -0.6815637523580171, 0.056214698671185157, 0.07398601327676772, 0.6697890970911767, 0.3285781334198989, 0.21693695420029924, 0.12468138461840177, -0.36298714442207014, -0.13143290941564706], [-0.7170207627152332, -0.2970915434501837, 0.044614022423847835, -0.42915713624143964, 0.10100817110911804, 0.30906969465934536, -0.39301375291656354, -0.048947091125904355, 0.5579250982759336, -0.1676720150802441, 0.523644130626215, 0.6122696739912874, -0.022332279209538744]], "inverted": false, "swapped": false, "error_lsq": 0.04952338547178402, "error_max": 0.27383138053733086, "target": "1160.xyz", "model": "13.xyz", "model_rescale": 3.9028299243045295, "target_rescale": 3.9183062622440903},
{"mapping": [10, 6, 1, 7, 3, 12, 11, 13, 8, 4, 0, 2, 15], "R": [[0.19007771662369355, 0.9586383229526496, -0.21185614791564228], [-0.9108298954607319, 0.09165182086022526, -0.40247837863417874], [-0.36641419620166876, 0.2694670842599089, 0.8905774123131287]], "T": [-0.0277954196658925, -0.07038903799889071, -0.0026940486560028936], "aligned_model": [[0.24647202567796445, -0.11292892337350421, -0.538071044930099, 0.3854417780025252, 0.41508626731474796, -0.5585586872716247, -0.7121467678968492, -0.23332801916337853, 0.006295645825906564, 0.6242812301798604, 0.5864674144804828, -0.12024694979385694, -0.02828367211675479], [0.2603752785139496, -0.7178975362546087, -0.4548965797650174, -0.37830015759705826, -0.5026055428760089, 0.33661215835362557, -0.13458557046195235, 0.667202202472952, 0.31801659262734616, 0.09149669985504527, -0.10927427488462069, -0.3743443036191896, -0.12335112586388612], [-0.6115659049569181, -0.13645986447726535, 0.11550701872073213, -0.7477133213786126, 0.07303011847141493, 0.18934935500315014, -0.273616040624387, -0.21802371293440223, 0.6640038026297898, -0.0918698552861355, 0.5526306475205063, 0.6615451256136845, -0.10352115795491668]], "inverted": true, "swapped": false, "error_lsq": 0.043259107424576775, "error_max": 0.2606339575368851, "target": "1160.xyz", "model": "14.xyz", "model_rescale": 3.942246331269136, "target_rescale": 3.9183062622440903},
{"mapping": [8, 4, 3, 11, 10, 1, 12, 0, 2, 6, 9, 5, 14], "R": [[-0.2617906914628582, -0.9452072844750197, -0.19506107566287562], [0.8799274905937444, -0.3167824780640169, 0.3540854033831622], [-0.396476033526359, -0.07894334023196754, 0.9146445778947281]], "T": [0.032015371243024435, -0.14286514381027532, -0.04480918082386842], "aligned_model": [[0.2517227126838788, -0.05541167385063876, -0.5507638721515578, 0.3940368635141105, 0.4580560473598882, -0.6997072990213236, -0.7102708870171296, -0.12180786831503816, 0.01939433143935687, 0.5563027532081815, 0.6352926589316998, -0.1957581757697312, -0.020605294076276467], [0.39075981119774433, -0.7082953857135947, -0.49017456333984927, -0.35484019529094823, -0.6976735333971924, 0.07326551507612308, -0.06016624450322769, 0.5749833380886431, 0.41316373862643524, -0.006531815570824495, -0.11284899190406036, -0.0812850587373446, -0.061908774031326996], [-0.5603807256141837, -0.1725163859845362, 0.19245112153435429, -0.6262883647506295, 0.09546736454640803, 0.22815768143446885, -0.3768457164856707, -0.0029827433047732166, 0.4779914598508952, -0.18382484203402383, 0.4874669232011948, 0.5443484064078948, -0.029747968454758862]], "inverted": true, "swapped": false, "error_lsq": 0.04217167723312238, "error_max": 0.24569538972247004, "target": "1160.xyz", "model": "15.xyz", "model_rescale": 4.355366556412066, "target_rescale": 3.9183062622440903},
{"mapping": [5, 8, 11, 3, 2, 6, 4, 0, 10, 7, 9, 12], "R": [[0.5901744144825353, 0.5787594227806392, 0.5627892065710024], [0.7450466996644223, -0.12209303095684015, -0.6557428666107811], [-0.31080472295212835, 0.8063069033156008, -0.5032589808997524]], "T": [-0.031707655953174096, 0.013589083454377137, -0.0008127589909583954], "aligned_model": [[-0.1179010524825227, 0.5136339403196593, 0.09596559650238884, -0.3372723117265707, -0.6814500542089124, -0.5493458812686316, -0.10825913453948993, -0.17577251653223588, 0.5652482580018463, 0.17508261651819762, 0.34632515938402636, -0.12844606533597444], [-0.6490262568366355, -0.2715645427187142, -0.5344034526597515, 0.7321767598206678, -0.42570527196041563, -0.17946388671254676, 0.28673226358646353, 0.5394075225278118, 0.13975695490923168, -0.13915254049385034, 0.5478510396276327, -0.03383216134891309], [0.1644336049157681, 0.10296942659669767, -0.5183506917468443, -0.12133683720738597, -0.2767239259501031, 0.29704086740703234, -0.704097582482718, 0.5272873018728459, -0.5622850283684881, 0.684794405225905, -0.013187901316442832, -0.13128517773684534]], "inverted": false, "swapped": true, "error_lsq": 0.04980605702552652, "error_max": 0.38311598820498804, "target": "1160.xyz", "model": "16.xyz", "model_rescale": 3.795458400668931, "target_rescale": 3.9183062622440903},
{"mapping": [2, 5, 9, 1, 6, 11, 10, 4, 7, 0, 3, 8, 12], "R": [[-0.03730602611878378, -0.6460829896267914, -0.7623549245135971], [0.9184221173477871, -0.3228308515268305, 0.2286505098810616], [-0.3938388944500436, -0.691633582048594, 0.6054204434944351]], "T": [0.01909186347390353, 0.004803197551219024, 0.049643739708724155], "aligned_model": [[-0.008154583280069887, -0.048061475629143965, -0.5650985438623907, 0.47260483652591057, 0.2912908596496998, -0.6503049087044286, -0.5472942571944984, -0.17200837593558047, 0.24104722659480937, 0.5944616423858055, 0.6025013902030749, -0.15771167215891374, -0.09279184165885415], [0.19286018895641216, -0.6345611480864765, -0.6709683127251415, -0.3325712947195618, -0.5957242087240916, 0.20648913745625055, -0.043286468596248726, 0.585390666097027, 0.47453849170577533, 0.05071616606798038, -0.1411056240495296, -0.2621509183828087, 0.048821165500990416], [-0.6325879244962411, -0.3854197804804784, 0.049084356409429264, -0.5790859695244271, 0.20014421087381848, 0.4577749836301668, -0.414896688430905, -0.15503815555678885, 0.45133920863183197, -0.08396765316312979, 0.5888337586914911, 0.6455990921373693, -0.06848322837549653]], "inverted": false, "swapped": false, "error_lsq": 0.03793448911172643, "error_max": 0.23591627070478885, "target": "1160.xyz", "model": "17.xyz", "model_rescale": 3.7474275329858107, "target_rescale": 3.9183062622440903},
{"mapping": [12, 4, 6, 5, 8, 2, 9, 7, 1, 10, 3, 0, 13], "R": [[-0.9496094059834085, -0.1642946121140748, -0.26692556359053343], [-0.13190463336379948, 0.9820033562604755, -0.13516869456469358], [0.284329287561095, -0.09314874515229657, -0.9541908443867783]], "T": [0.05768558149987127, 0.01507264454132605, 0.018708431286346323], "aligned_model": [[0.09142316499766437, -0.14149746139687303, -0.6153402951230036, 0.2805361991506344, 0.45510751422171114, -0.5668333922348773, -0.41189308508301514, -0.21547634531143725, 0.03973989648093312, 0.6944705966269994, 0.5919382429770105, -0.21766705798648514, -0.024027680383841565], [0.29092949180220234, -0.7765430833107715, -0.3558959202847106, -0.3495078112323915, -0.5565239703892781, 0.10216348330727623, -0.08249058891776688, 0.6978231583323646, 0.3540176127921692, -0.025292748431842357, 0.05117783149608071, -0.4551300041748273, -0.01627961048792769], [-0.6755549903286187, -0.13260738698852284, -0.04775437611187695, -0.5649341221235258, 0.19811737312094874, 0.3446286071853266, -0.44787645619214894, -0.14455080947846674, 0.6214626744869336, -0.24456870411116868, 0.43567328650653125, 0.6529266775147873, 0.07833443686644143]], "inverted": false, "swapped": false, "error_lsq": 0.04511977235792663, "error_max": 0.21838048186215303, "target": "1160.xyz", "model": "18.xyz", "model_rescale": 3.922800546911778, "target_rescale": 3.9183062622440903},
{"mapping": [5, 2, 9, 1, 6, 7, 3, 12, 13, 8, 4, 11, 14], "R": [[0.47712401103526975, 0.8752258409815851, 0.07957641215645028], [0.6069461914330743, -0.262675089693338, -0.750078741172874], [-0.6355855558447675, 0.40617917786695357, -0.6565435832211172]], "T": [0.059134305431911206, -0.10430567007988797, -0.047722840969029456], "aligned_model": [[0.15752870255192875, -0.25497532814524215, -0.5880410145880083, 0.4006427799412519, 0.6442026037444073, -0.6116835585149405, -0.5073703869620466, -0.2293579531117945, 0.12137302193009271, 0.5863804072123696, 0.4363502168927598, -0.1658859821775358, -0.02868321183782222], [0.3178068065696976, -0.7241566150246083, -0.564089041221106, -0.5011629421075305, -0.4606034360436202, 0.16843703048055572, 0.025691449821822643, 0.6196447108897605, 0.33304659751606536, 0.20438965497202635, -0.26426669947790704, -0.19169753690851962, -0.08459213896605935], [-0.6759531489436261, -0.2216449699030731, 0.132572868059543, -0.571038511872287, 0.03299122343170138, 0.2896579998613811, -0.31478542894793893, -0.1539401052002552, 0.4782648803872034, -0.08103047477904968, 0.548924261015764, 0.6223309960807805, -0.013053378843503036]], "inverted": true, "swapped": false, "error_lsq": 0.04115695456650935, "error_max": 0.3392559913112462, "target": "1160.xyz", "model": "19.xyz", "model_rescale": 3.9282355846067225, "target_rescale": 3.9183062622440903},
{"mapping": [8, 11, 0, 9, 10, 3, 4, 6, 5, 7, 2, 1, 13], "R": [[-0.9368089496943662, -0.04293025340124022, -0.34719732878500675], [-0.26311694784334666, -0.5676028345998053, 0.780125947467374], [-0.23056119259350735, 0.8221824709255067, 0.5204397380799128]], "T": [0.08189048469823021, -0.010892078162208663, -0.08401025701689704], "aligned_model": [[-0.09406172702019427, -0.17346382502542126, -0.4828362698947323, 0.3430165055167542, 0.41800218612576934, -0.5588882471067831, -0.4910680676661523, -0.026796223685488355, 0.03112471892880861, 0.6446621767050181, 0.47057454645147934, -0.16468167977886058, 0.044896203385223016], [0.17256897287527556, -0.6218558872537159, -0.5274795686409772, -0.3018017862658258, -0.7575720380987996, 0.16250648537810722, -0.07053106992170702, 0.6333153144282595, 0.41731760607551005, 0.24479443866346368, -0.13762112453559622, -0.2230981455076273, -0.11209535669579009], [-0.8009512874174469, -0.35765340385582023, 0.14926650034351113, -0.6546323458115184, 0.18381862601113072, 0.2705184783065897, -0.3438747079797666, -0.08931014471073498, 0.4653070061375295, -0.006484750446510826, 0.6312384125408772, 0.5910242228383817, 0.03502960439041809]], "inverted": true, "swapped": false, "error_lsq": 0.040925505847342496, "error_max": 0.2812831211214186, "target": "1160.xyz", "model": "20.xyz", "model_rescale": 4.067790424073018, "target_rescale": 3.9183062622440903},
{"mapping": [2, 8, 7, 4, 5, 12, 0, 3, 11, 6, 13, 10, 14], "R": [[-0.8545907775245298, -0.1458788202866948, 0.4983913851199494], [0.27610220437140304, -0.940479945803468, 0.19815409226851083], [0.4398206176514143, 0.30694761985274904, 0.8440029519826697]], "T": [-0.007745167264560232, -0.14089541684169987, 0.030640975303932203], "aligned_model": [[0.026221173049907925, -0.0681735898397265, -0.5792274000243132, 0.44028212326655103, 0.39513037183642064, -0.5273919142288427, -0.5311333070069381, -0.16157622589202755, 0.11756894992967587, 0.5822975449913563, 0.39377117669266326, -0.09757396266140292, -0.02971464317790425], [0.17483068226102122, -0.6333219877597984, -0.6158798990484371, -0.3698592486608825, -0.5722723727275426, 0.29739396552554687, -0.07932514850398131, 0.675246850973219, 0.3504377401231505, 0.2511905746092028, -0.2585710322509766, -0.2043302248079008, -0.1370920592320441], [-0.6423265199066109, -0.2504859972973701, -0.0361554056722205, -0.5933138350744371, 0.022194509614455505, 0.3840296318440985, -0.44552284813795145, -0.15373044530754262, 0.4317897692419557, -0.18307630457070928, 0.5919435498129668, 0.8425483802520036, 0.10540172554800156]], "inverted": false, "swapped": false, "error_lsq": 0.03887126220493587, "error_max": 0.27052359353828603, "target": "1160.xyz", "model": "21.xyz", "model_rescale": 4.186013935880536, "target_rescale": 3.9183062622440903},
{"mapping": [9, 2, 0, 8, 5, 7, 1, 10, 4, 11, 3, 6, 12], "R": [[0.7654366350629511, 0.18290162520346093, 0.6169714362929937], [-0.6426957774795308, 0.16902770449653587, 0.7472427803081229], [0.03238665332337293, -0.968491936265122, 0.24693009957465123]], "T": [-0.004603427507763986, -0.08303640247013952, -0.032299343321595564], "aligned_model": [[-0.07103104808876648, 0.032572133339359384, -0.45938387532006864, 0.3979619274466169, 0.32767361287303365, -0.5730942624038639, -0.6849515031069497, -0.12926611270639465, 0.14540954313915666, 0.5968727705825432, 0.494476103799646, -0.14042515991866766, 0.02366616729977513], [0.22290044384341232, -0.7180232296730118, -0.5983638867051295, -0.21603778108266777, -0.7555954621944767, 0.3285119109136563, -0.2156794649612326, 0.7374531573863835, 0.4583028543218971, 0.10514232686916716, -0.27922069220206414, -0.11537834149855418, -0.07556399451680247], [-0.5684343799774709, -0.4132309773709653, 0.1899634949713755, -0.6709854156460486, 0.15689646988088896, 0.18163965796368162, -0.26608460789961486, -0.11922189346470763, 0.42820480048386184, -0.0745027515599462, 0.7192124667179703, 0.5065506404419543, 0.003288705805661367]], "inverted": false, "swapped": false, "error_lsq": 0.051645506611914124, "error_max": 0.2722605214016111, "target": "1160.xyz", "model": "22.xyz", "model_rescale": 4.166573947596378, "target_rescale": 3.9183062622440903},
{"mapping": [0, 3, 2, 8, 9, 6, 1, 5, 13, 10, 14, 12, 15], "R": [[0.17807323779857598, 0.28407541654565677, -0.9421205229132541], [0.6315502483831392, -0.7672082700926527, -0.1119631817546925], [-0.7546086440978044, -0.5750588039634301, -0.31602716060019637]], "T": [0.013495045611584794, -0.2170284634887305, 0.00027213334843158646], "aligned_model": [[-0.12925597505806824, -0.105017639637462, -0.6170204252461527, 0.44645945842380474, 0.4570124953015885, -0.6306355314180678, -0.5475608159964076, -0.1459158460503695, 0.3057107256539314, 0.6259379738894657, 0.4668370548049061, -0.13373091168876575, -0.032340266042983054], [0.1746188401959189, -0.774064737569371, -0.43211890802781083, -0.43082477664370955, -0.6109810001784991, 0.04875189551255288, 0.11714710337785283, 0.5976106109943411, 0.5082736414345066, 0.20759674405697365, -0.05670021930206004, -0.30144043198005244, -0.16942092137006648], [-0.701860545318735, -0.19232066197237532, -0.09457290271628807, -0.6485052506136587, 0.09269960187519317, 0.3061548436663888, -0.28545863421406314, -0.04459798082849775, 0.3248641724175598, 0.07475921829112804, 0.6285663638144033, 0.6331864184626421, -0.019618432517057197]], "inverted": true, "swapped": false, "error_lsq": 0.047518347516731715, "error_max": 0.29111125452275827, "target": "1160.xyz", "model": "23.xyz", "model_rescale": 4.274766983524099, "target_rescale": 3.9183062622440903},
{"mapping": [2, 4, 3, 6, 9, 7, 5, 8, 11, 10, 12], "R": [[-0.13300508134753658, -0.571900239588257, 0.8094688161347722], [0.9400860725079724, -0.3314834092391907, -0.07973033096443694], [0.3139232782261784, 0.750365821022025, 0.5817244279121103]], "T": [-0.17170207928812142, 0.07797391273095386, 0.03013703446148295], "aligned_model": [[0.27262334940955635, 0.25352060831881895, -0.4885488967978551, -0.3337994937296593, -0.4432752110901412, -0.6437359101742566, 0.058754727960908026, -0.07271501421399168, 0.5691832089942924, 0.24956522805956638, -0.04167789277916309], [-0.3338466998400206, 0.6355110478401989, 0.6133247482507951, -0.39449216068546566, 0.6284073362078493, -0.3334563849612904, -0.5608236175272134, -0.02862699434447591, -0.04728521124384477, 0.6595262697854658, 0.07734819776148523], [-0.5392928412189784, -0.2586793044093678, -0.45696833202045173, -0.34991007059035145, 0.257664773069695, 0.40968752746662407, 0.1424852739104552, 0.6370296087686015, 0.17099487889466677, 0.44469284015915483, -0.07813792000847061]], "inverted": false, "swapped": true, "error_lsq": 0.04662601184221557, "error_max": 0.21667084748843796, "target": "1160.xyz", "model": "24.xyz", "model_rescale": 3.7841303162186577, "target_rescale": 3.9183062622440903},
{"mapping": [7, 4, 2, 6, 3, 9, 8, 10, 14, 11, 13, 12, 15], "R": [[0.826544324314058, 0.181876827996428, 0.5326774815797781], [0.022075486734238814, 0.9351542948221279, -0.35355214291696074], [-0.5624385769394411, 0.3039856317553287, 0.7689314552394446]], "T": [-0.09268046397743424, -0.05324624068167168, -0.11876400350051607], "aligned_model": [[0.18753352350715252, -0.13239006385054214, -0.6432327086911892, 0.3974601526464326, 0.4443145213684503, -0.45562705365210404, -0.642493224860346, -0.07132207249736702, -0.07730519162450436, 0.6459566686686061, 0.4573550970809279, -0.10890179780242742, -0.04086755335766947], [0.2994594671160508, -0.7780575739576122, -0.48161368499685386, -0.42554423009685055, -0.6191176543148347, 0.1348176703988715, -0.1244215252577542, 0.7241359934458867, 0.37082227874832335, 0.15528508654171053, -0.029785684606295618, -0.2548011185537339, -0.09273118396633087], [-0.5876822959621715, -0.29132130323317346, 0.16791802666312466, -0.49715908176663165, 0.08230269334242236, 0.29961674046213327, -0.3239414644329652, -0.0969514737657843, 0.5514810667081999, -0.13767011377143967, 0.4370331547783719, 0.6121836047198349, -0.1425133433952814]], "inverted": false, "swapped": false, "error_lsq": 0.03855269684413466, "error_max": 0.21235174857350939, "target": "1160.xyz", "model": "25.xyz", "model_rescale": 4.19342608120988, "target_rescale": 3.9183062622440903},
{"mapping": [5, 8, 11, 3, 2, 6, 4, 0, 10, 7, 9, 12], "R": [[0.5901744144825353, 0.5787594227806392, 0.5627892065710024], [0.7450466996644223, -0.12209303095684015, -0.6557428666107811], [-0.31080472295212835, 0.8063069033156008, -0.5032589808997524]], "T": [-0.031707655953174096, 0.013589083454377137, -0.0008127589909583954], "aligned_model": [[-0.1179010524825227, 0.5136339403196593, 0.09596559650238884, -0.3372723117265707, -0.6814500542089124, -0.5493458812686316, -0.10825913453948993, -0.17577251653223588, 0.5652482580018463, 0.17508261651819762, 0.34632515938402636, -0.12844606533597444], [-0.6490262568366355, -0.2715645427187142, -0.5344034526597515, 0.7321767598206678, -0.42570527196041563, -0.17946388671254676, 0.28673226358646353, 0.5394075225278118, 0.13975695490923168, -0.13915254049385034, 0.5478510396276327, -0.03383216134891309], [0.1644336049157681, 0.10296942659669767, -0.5183506917468443, -0.12133683720738597, -0.2767239259501031, 0.29704086740703234, -0.704097582482718, 0.5272873018728459, -0.5622850283684881, 0.684794405225905, -0.013187901316442832, -0.13128517773684534]], "inverted": false, "swapped": true, "error_lsq": 0.04980605702552652, "error_max": 0.38311598820498804, "target": "1160.xyz", "model": "26.xyz", "model_rescale": 3.795458400668931, "target_rescale": 3.9183062622440903},
{"mapping": [11, 10, 7, 4, 3, 6, 5, 8, 1, 9, 2, 0, 12], "R": [[0.7643353258279929, 0.46170696068651507, -0.4501313054487957], [0.5029122843824252, 0.010061277036296015, 0.8642788930210259], [0.4035724766490734, -0.8869754523987796, -0.2245079128523389]], "T": [0.0800896574183772, 0.011770992062281632, -0.02613226450064887], "aligned_model": [[0.22584172346218373, -0.18368584185056053, -0.41686795882442307, 0.4451626278656675, 0.27994895979112866, -0.6008942132513653, -0.6546311120683099, -0.30395298509275026, 0.06378242233952547, 0.5059509143699454, 0.6374746448574886, 0.006295982778586673, -0.043944867441697025], [0.20683581264917605, -0.4235854559351331, -0.6268111057064557, -0.4486308160096568, -0.6701291232208192, 0.3158776874284196, -0.028673368173039476, 0.5984343331186319, 0.44251066862055055, 0.017891335443102285, -0.045528537434321975, -0.3663868577225109, -0.09335673255736635], [-0.6986504001272644, -0.5247039019628382, 0.04771982211150137, -0.6207876975116212, 0.17423003454742075, 0.3273745181740381, -0.18553776155228954, -0.22384185733782813, 0.37951607541187937, 0.028448147186507605, 0.6527444942679599, 0.7106338627895605, 0.006150874349614258]], "inverted": false, "swapped": false, "error_lsq": 0.05047303105121434, "error_max": 0.3729083765515646, "target": "1160.xyz", "model": "27.xyz", "model_rescale": 3.6321398670334006, "target_rescale": 3.9183062622440903},
{"mapping": [6, 2, 5, 13, 11, 3, 1, 7, 8, 9, 10, 0, 14], "R": [[-0.3044862145672272, -0.5522147450774761, 0.7761101857710275], [-0.7417846275835847, -0.37366869758406374, -0.556890717041066], [0.5975313476456305, -0.7452721514754512, -0.29584744179382205]], "T": [0.02638346545231791, 0.046487815943717176, 0.011954636394066038], "aligned_model": [[0.2878502446101118, -0.20013479407513748, -0.6145292092256461, 0.35215676223497566, 0.3357093203768917, -0.5905445253968223, -0.4706543503759379, -0.33847176483238434, 0.09375369590621142, 0.6820239959643632, 0.5217528344718743, -0.11444001266076755, 0.016008099937687426], [0.301358841580157, -0.6975934632562004, -0.5304358635620035, -0.37049507208840005, -0.5155269367915845, 0.14548361354568176, -0.21391138299102716, 0.730211104649736, 0.41305317102387806, 0.024952225520766175, -0.11575061956361016, -0.300692428421358, 0.007794650854541625], [-0.6740361221651473, -0.15679426516467704, 0.18035693160265634, -0.6097159854836315, 0.04330379271082398, 0.29684016801377966, -0.35193114647897383, 0.028998973247689453, 0.36989416801652875, -0.11549682226862563, 0.5889810753705725, 0.5110000453045043, -0.038104602358859305]], "inverted": true, "swapped": false, "error_lsq": 0.04132196603673643, "error_max": 0.21020888127941703, "target": "1160.xyz", "model": "28.xyz", "model_rescale": 4.156811204709835, "target_rescale": 3.9183062622440903},
