[{"mapping": [9, 7, 6, 8, 5, 1, 0, 4, 2, 3, 12, 11, 13, 14], "R": [[-0.3527279709948245, 0.8441133603625777, -0.4038014528642409], [0.8396685846543066, 0.4759806818880811, 0.26153213648420187], [0.41296446145220306, -0.24680969455585586, -0.8766671707385518]], "T": [0.04250880802607911, 0.07765598251993566, 0.10207537691858967], "aligned_model": [[-0.032294004957134324, 0.22834516033622657, -0.5656762637600925, -0.3582781966031674, -0.5452623675538625, 0.05591564260331585, -0.6961887754233088, -0.10796436228031364, -0.415622084538616, 0.3809478450550838, 0.7075090074361063, 0.20234774304639017, 0.5504921335663566, -0.03277937579868071], [-0.5960185780026931, -0.46526276868537775, -0.2477849297112386, -0.5184322027318449, 0.2801460175162862, 0.27694533110242736, 0.15201767924594642, 0.25038329262003084, 0.6839934927360081, -0.14348100376286965, 0.5455154188042524, 0.8416342704458124, -0.0016261232286703953, 0.17724343546196533], [0.26558553653865835, -0.3288919774438468, 0.3609724406585896, -0.16195446989925757, 0.528408564636063, -0.5592421602248491, -0.2247849228156278, 0.8769576196185331, -0.007560687081516165, 0.5948115659327547, 0.3121504688250818, 0.033666975615800565, 0.026679281000475646, 0.1807898518189746]], "inverted": true, "swapped": true, "error_lsq": 0.05022751620518727, "error_max": 0.31417330526230136, "target": "1161.xyz", "model": "0.xyz", "model_rescale": 3.8414455957264533, "target_rescale": 4.116126748846018},
{"mapping": [1, 10, 3, 9, 7, 4, 0, 12, 11, 13, 2, 5, 6, 8, 14], "R": [[0.28351018312226084, 0.9588152910211406, 0.017181785996439297], [-0.9513549150480097, 0.2789605905811494, 0.13078537577501037], [0.12060597696622019, -0.05342496239270248, 0.9912618078557057]], "T": [-0.11539795775314343, 0.044685154555912696, 0.07113000028831583], "aligned_model": [[-0.19072026495281652, 0.049309610267209064, -0.5844117117575114, 0.028957987666660467, -0.3524335846690438, -0.6016645854651639, -0.18827955710359245, 0.5391583768763096, 0.44984392799980644, 0.4905157891401726, -0.7475574894641326, -0.4999465795153393, -0.27975394913367524, 0.5496280355606733, -0.11148422494120261], [0.5408606959051254, -0.4243875095587236, 0.1497199567979724, -0.0817414049850262, 0.3205901816393496, 0.28560453603625685, 0.7565302885827455, -0.034611186481477776, 0.5338312713516437, 0.35939166178867565, -0.2456650026545007, -0.38289680593025066, -0.7043551076240118, -0.35597464513959237, 0.06274154493729857], [-0.6335928341463828, -0.39921407932533104, -0.5472312783447804, 0.7258722137265801, 0.6008898796089338, 0.03480021569084703, 0.18724264880521074, -0.31300231931211836, -0.338141412278064, 0.4007894401203753, 0.3174546646913382, -0.25076875638852836, 0.2192953387261405, 0.21780839210353858, -0.01674860080011864]], "inverted": false, "swapped": false, "error_lsq": 0.04441321156448801, "error_max": 0.283972208686679, "target": "1161.xyz", "model": "1.xyz", "model_rescale": 4.316132596720782, "target_rescale": 4.116126748846018},
{"mapping": [2, 5, 0, 13, 1, 11, 7, 12, 6, 10, 3, 14], "R": [[0.21992070402610547, -0.7726477190105994, -0.5955253027776235], [-0.6014437598259919, 0.37324708411890756, -0.706365357278447], [0.7680496648700765, 0.5135193438464136, -0.38261938762759007]], "T": [-0.018798198117015674, 0.1059306498086092, -0.1709582155307484], "aligned_model": [[-0.08819723030164937, 0.5427827093426255, 0.054786190496648, -0.3010774653020646, -0.6243188544354503, -0.4108570469035753, -0.2720806044482862, -0.33390403740572416, 0.5971120495707871, 0.09951729533295607, 0.2864963299249685, 0.047549218760545645], [-0.607335285525562, -0.35645090740592966, -0.6234098193277283, 0.5382197318187973, -0.16957483704413942, -0.1745060814838109, 0.4148033142328861, 0.46517510460619105, -0.14935967874985692, 0.028021981693465925, 0.6314855986531662, 0.015707306273501337], [0.10469489504537224, 0.02669637204428385, -0.5183618066299476, -0.11212074880378303, -0.35717941220556526, 0.44672788417489095, -0.7671750222302285, 0.519621970485707, -0.48450242843901237, 0.6447676679081982, 0.02092390282367726, -0.07483481296417188]], "inverted": true, "swapped": true, "error_lsq": 0.04866875249555386, "error_max": 0.2657789033037458, "target": "1161.xyz", "model": "2.xyz", "model_rescale": 3.795458400668931, "target_rescale": 4.116126748846018},
{"mapping": [1, 0, 8, 4, 13, 3, 6, 11, 5, 10, 7, 14], "R": [[-0.7658239211990212, -0.6031659510060157, 0.2229451889285004], [0.5856565996553786, -0.5110384084460315, 0.6291630093807542], [-0.2655561503702286, 0.612397404174737, 0.7446135577335325]], "T": [0.03305062453786568, 0.10035611768848135, -0.0193029977555114], "aligned_model": [[-0.02874449784397365, -0.26377670194968383, -0.7143095706029833, 0.4152853207499756, 0.10371978864625293, 0.13040125683058046, -0.3568555276832583, 0.7268788754636024, 0.1708779672479434, 0.8216702345153721, -0.5355049201618607, 0.12366160053159797], [-0.09140917352245304, -0.6492900410435527, -0.059400695203037784, 0.037040497451574395, 0.5723885434528033, 0.5840468824126785, -0.2601950346764217, -0.0851931031438406, -0.4293142407785748, 0.049318362320927095, 0.41126362346391027, 0.006513424555696534], [-0.6800936669858494, -0.10855327632560305, 0.020617011524010014, 0.6897859655867601, -0.2247501706975063, 0.3841788468971255, 0.4913873364971169, -0.3324560973812947, 0.4990502515134126, 0.22758015629920186, -0.327701921586538, 0.04972699529826478]], "inverted": false, "swapped": true, "error_lsq": 0.04944084767356941, "error_max": 0.25943407137890456, "target": "1161.xyz", "model": "3.xyz", "model_rescale": 3.7530521520055578, "target_rescale": 4.116126748846018},
{"mapping": [1, 8, 0, 6, 2, 3, 11, 13, 12, 4, 14], "R": [[0.6710295215826124, -0.7393626351286907, -0.05533782558222633], [-0.3073983274909572, -0.20951444427415247, -0.9282294791140041], [0.6747041199076619, 0.6398801383197102, -0.3678692147537978]], "T": [-0.15221635592925106, 0.015033986707662261, -0.05530556854734338], "aligned_model": [[-0.46020732613214654, -0.06778881286789036, 0.3157186501154623, 0.4251370515172186, 0.29567458649771194, -0.22919322919918877, -0.17045225763815716, -0.6320671692686672, -0.5108556738255174, 0.4017059095472941, -0.02947212630091403], [-0.5889435021117528, 0.05525554915454428, -0.4973513311528078, 0.21534814861133644, -0.5704684759467211, 0.6154371061208468, -0.4453576962649767, 0.16261298037020577, 0.09293365327575781, 0.43745124932199286, -0.009714323064079156], [-0.18793146299541524, -0.8148563065326697, -0.4754716707441272, -0.4668463781414615, 0.15947275313369674, 0.14424932523395623, 0.5784120097774721, 0.07878738490524416, 0.700047821054276, 0.35414915268922076, 0.0228181488651244]], "inverted": true, "swapped": true, "error_lsq": 0.04743439292548069, "error_max": 0.24291753418073972, "target": "1161.xyz", "model": "4.xyz", "model_rescale": 3.7855080009869324, "target_rescale": 4.116126748846018},
{"mapping": [2, 9, 14, 6, 11, 12, 1, 5, 0, 4, 13, 15, 8, 7, 16], "R": [[-0.5893457936918932, 0.35250155485536866, -0.7269210337321519], [-0.4588697572944677, -0.8866139882324234, -0.05791529772963874], [-0.6649135893469085, 0.29942994121353983, 0.6842745275155778]], "T": [-0.08202204189899319, -0.004351539372451835, -0.02374577966845941], "aligned_model": [[-0.15480164301738358, -0.14374803699895922, -0.614809003337235, -0.012946489302789951, -0.4442691947869557, -0.6176013514927403, -0.013745802805859103, 0.7033018818378993, 0.44618166718427243, 0.434833065946029, -0.6629418689868074, -0.5268045878612844, -0.22601142740745545, 0.49764403370292765, -0.1131194621653046], [0.4309207606338157, -0.2086518304273338, 0.05868333831894376, -0.054947536337279015, 0.3659221070018588, 0.40661881468453165, 0.7375074307258132, -0.023463903913503968, 0.5511072878332373, 0.31291536829940536, -0.18015181182937687, -0.6464606283872154, -0.6454416484835006, -0.32493792522409715, 1.8651770185818504e-05], [-0.616220962344488, -0.7029845534828317, -0.4358890271549441, 0.623359838597699, 0.5796700432311205, 0.06183128636862699, 0.11074422980960062, -0.2186926876907328, -0.16845312678834404, 0.3995783168063289, 0.3718475185251949, -0.2867714652921049, 0.22840576766865156, 0.3263700324262771, -0.0673416978024129]], "inverted": false, "swapped": false, "error_lsq": 0.037922552826928184, "error_max": 0.28925972754566376, "target": "1161.xyz", "model": "5.xyz", "model_rescale": 4.2253639853439635, "target_rescale": 4.116126748846018},
{"mapping": [1, 11, 5, 0, 2, 4, 6, 8, 12, 13, 10, 3, 7, 14], "R": [[-0.871901600111653, -0.004095816951940029, 0.489663990922587], [-0.3125282401411954, 0.7744748796023583, -0.5500134179991977], [-0.3769797061341453, -0.6325914045799302, -0.6765459452355063]], "T": [0.14329318574005198, 0.02619881347091732, 0.07338927721175202], "aligned_model": [[0.5452844739041438, -0.24874533544993885, -0.37801941317180676, 0.2773351178747646, -0.18644207043493408, -0.5882426811908223, 0.07172712932710881, 0.670033627233781, -0.23510570168811354, 0.304803401928872, -0.6281179695192495, -0.07513928307834206, 0.8318074580232001, 0.012883398999120388], [-0.07519261364784188, 0.14398310200917835, -0.49195729497099394, -0.7579539642982237, -0.4661288440488476, -0.003173525805372085, -0.5193395447914132, -0.3893413154482319, 0.6983603084439732, 0.5178818776347612, 0.2188694623608141, 0.44805521985662555, 0.16007590172862712, -0.03903962238806474], [-0.47920429436891165, -0.5946853280652972, 0.24067519283195515, -0.08528844278324989, -0.4149111385395582, 0.41531314266617975, 0.5633839279422915, 0.44153872545247486, -0.25866865183661236, 0.02670419308758963, -0.15743508040219528, 0.4983080099228459, 0.22522406531540207, 0.050603887708534204]], "inverted": true, "swapped": true, "error_lsq": 0.05181206319746818, "error_max": 0.2967684084228589, "target": "1161.xyz", "model": "6.xyz", "model_rescale": 3.89814844738969, "target_rescale": 4.116126748846018},
{"mapping": [3, 9, 6, 12, 5, 7, 13, 10, 11, 1, 0, 2, 14], "R": [[-0.5213563260362093, 0.7909677957554246, 0.32024604194248973], [0.4455886561194511, 0.572398078950987, -0.6883394429719115], [-0.7277625511385479, -0.21617211959691918, -0.6508696366164948]], "T": [-0.11756895522841845, 0.11576028619711781, -0.11566320685248806], "aligned_model": [[-0.016422602428901423, 0.06462658113176858, 0.5079726673738859, -0.46315973538764266, 0.5971077862767425, -0.537502059454289, -0.534795970167369, 0.1159375993500768, -0.2974701388528188, -0.5888792790488424, 0.188333948012981, 0.1239004217243341, -0.011017417625703366], [-0.3038610260967332, 0.3695991258501667, 0.46762088237653293, -0.6399046787025138, 0.1007784254552008, 0.5353204083074989, -0.10532540904886029, -0.5921425886290557, -0.29302268485920485, 0.4420124008375109, 0.7384129726477362, 0.18039181436204382, 0.06390162297016315], [-0.5846182900275259, -0.7389922344443021, -0.2821575243499506, 0.0059375129946943744, 0.12360621255807362, -0.5189674005901459, -0.3325964130734847, 0.24464949380036793, 0.5280937858429621, 0.26990521633364073, 0.3047752346827623, 0.6103288475859203, -0.027689410476717052]], "inverted": false, "swapped": true, "error_lsq": 0.04587797431825745, "error_max": 0.22791604489772777, "target": "1161.xyz", "model": "7.xyz", "model_rescale": 3.7474275329858107, "target_rescale": 4.116126748846018},
{"mapping": [5, 11, 9, 1, 2, 8, 3, 10, 6, 0, 4, 13, 13, 12, 14], "R": [[0.7840144328661838, -0.5597127004409446, 0.2684083866473298], [0.47802922705532824, 0.8202442422157967, 0.314145573250236], [-0.3959917008453616, -0.11798760984501519, 0.9106423539374053]], "T": [-0.026363367647685224, 0.05928444568817445, -0.014852089378102337], "aligned_model": [[-0.18897860811346207, 0.02615530076916618, -0.39201246706923804, 0.1671071546222947, -0.4712088537693819, -0.6432934633399934, -0.0741870831395519, 0.6580474649719299, 0.43024480769052564, 0.46716326750480375, -0.7496353579186062, -0.41577064613872466, -0.41577064613872466, 0.21268985566614862, -0.059388945088832405], [0.6278129625490069, -0.315075506536869, 0.07017852041645159, 0.029233122516917343, 0.2679014842258138, 0.3479299685439645, 0.7543174987381963, -0.023679044144467573, 0.6949247133739463, 0.3829859699024446, -0.12530646923179287, -0.730702934551063, -0.730702934551063, -0.5051927303779776, 0.03501385379197683], [-0.41902169870835315, -0.508386658813366, -0.6830754766644356, 0.710728984684673, 0.668654253356757, -0.05078723959222958, 0.15478424042518896, -0.3310201320958588, -0.24810843486181, 0.2781701303312264, 0.21973194261059947, 0.16513051870811596, 0.16513051870811596, 0.0548737517642196, 0.02864881302479747]], "inverted": true, "swapped": false, "error_lsq": 0.05409619468698854, "error_max": 0.44283603596776, "target": "1161.xyz", "model": "8.xyz", "model_rescale": 4.019505241142653, "target_rescale": 4.116126748846018},
{"mapping": [3, 9, 13, 12, 10, 11, 1, 4, 5, 6, 8, 2, 14], "R": [[0.6482878671922465, 0.5718157614491465, 0.5027420573312533], [-0.5325910476290133, -0.1313063022481787, 0.8361252483781004], [0.5441227961009889, -0.8098057729778437, 0.21941967280761052]], "T": [-0.02344491847500274, 0.06788304210846845, -0.06932623295933299], "aligned_model": [[-0.3706148504825581, -0.7172719252503691, -0.04901195342653582, 0.38800797448799734, 0.4359238125564764, 0.7304512212357375, 0.37391692037707996, -0.11080013239656572, 0.004608534032722746, -0.4443133149804482, -0.5260344681540947, 0.5624422687373367, 0.042396685004397014], [-0.40954167831413585, 0.13291651064849275, 0.027977444461155174, -0.4349611425596763, -0.6176548931130372, -0.13313676077097814, 0.6151581359679167, -0.6564786063151943, -0.23032541175519433, 0.08276716156008154, 0.5888568227109611, 0.11173912433864723, -0.013938478744979985], [-0.30968050292521504, -0.04602002641840902, -0.5867923213156465, -0.6014009498863659, -0.0022804143514659897, -0.14089905125606367, -0.2101467331377601, 0.27793254314551535, 0.6224265248316516, 0.5352205512697192, 0.17897433523416487, 0.42500362195377844, 0.03436591689997566]], "inverted": true, "swapped": true, "error_lsq": 0.04541321433154607, "error_max": 0.24585222532794987, "target": "1161.xyz", "model": "9.xyz", "model_rescale": 3.877068213659057, "target_rescale": 4.116126748846018},
{"mapping": [13, 6, 3, 8, 7, 4, 2, 10, 14, 9, 1, 5, 0, 11, 15], "R": [[-0.026668229911279775, -0.9509218706945353, -0.30827974527724744], [0.6762958820223726, 0.20993811520624067, -0.7060806382724514], [0.7361471900869963, -0.22731824303926135, 0.6375058673522644]], "T": [-0.0856443750092493, 0.04302297703437366, -0.06434213310389472], "aligned_model": [[-0.04656081456235657, 0.0738289770561391, -0.5336032548628256, 0.08057217882168981, -0.5197433628978637, -0.6848683670317676, -0.07364285877133157, 0.594893494477729, 0.49577559400610255, 0.40096389022038165, -0.7172530172425922, -0.6775559932744248, -0.14424938457075032, 0.3933537614520894, -0.09074906231186498], [0.6285527202654599, -0.08345836133313309, -0.029218057985654064, -0.008179074213268661, 0.34121251905355954, 0.35646940196620636, 0.6705836269399105, -0.05870913009674439, 0.528551816523975, 0.33720648678658127, -0.2706754205416003, -0.46608040048408383, -0.6662256358572783, -0.4611285415241112, -0.039263474834334317], [-0.5675974272223007, -0.6464720981036709, -0.5080485873591707, 0.6873714712619555, 0.5592984967152962, -0.03654598540280945, 0.15101559777112203, -0.23676477092348364, -0.25337681852605076, 0.2707903223517576, 0.44119762657664086, -0.10241875853905616, 0.2924461705151479, 0.18273540101331803, -0.028177127251054826]], "inverted": true, "swapped": false, "error_lsq": 0.03623327185334042, "error_max": 0.2318162808125379, "target": "1161.xyz", "model": "10.xyz", "model_rescale": 4.260839863003843, "target_rescale": 4.116126748846018},
{"mapping": [7, 1, 2, 0, 4, 6, 9, 13, 11, 10, 3, 14], "R": [[0.6957527322993797, -0.7165299515394586, 0.050129472815984344], [0.3157956688735578, 0.3678288196029386, 0.8746285239975946], [-0.6451365987282458, -0.5926945149200975, 0.4821949615715415]], "T": [0.08817523702538278, 0.027948417430709842, -0.07939905316349058], "aligned_model": [[0.5701718416368415, 0.32667566275200616, -0.41992877031313236, -0.4365531521557918, -0.4126939694862646, -0.4666387186969009, 0.12698437519502365, 0.5823674320467068, 0.060284107860022695, -0.1682023893923143, 0.23239184578404054, -0.035959616136107236], [0.10641783409255716, -0.5841712505237195, -0.5279902904502908, -0.37328462518182126, 0.4526514023046815, 0.34020835928103876, 0.585995315942671, 0.10443291460887769, -0.5082570626059381, -0.016200034509673406, 0.5863147609591071, 0.006961181615444307], [-0.6052798424762494, -0.2930902594328576, 0.06997172159760653, -0.5502637899823561, 0.3914266059670378, -0.4502140498424597, -0.4956273036225979, 0.061815247351699826, 0.4912118361752369, 0.7066025119327441, 0.19200488310944677, -0.0023794833817470523]], "inverted": false, "swapped": true, "error_lsq": 0.053960288934554186, "error_max": 0.35732291152144985, "target": "1161.xyz", "model": "11.xyz", "model_rescale": 3.890672605050136, "target_rescale": 4.116126748846018},
{"mapping": [13, 7, 9, 12, 3, 2, 1, 10, 11, 0, 6, 8, 5, 14], "R": [[0.21278296043456907, -0.2932180962981553, 0.9320657486207646], [0.5169019866367494, 0.8432794536639452, 0.14728237925570156], [-0.8291777541394141, 0.45044745646026707, 0.33100051511862244]], "T": [0.13644569760988048, 0.0006457441528177716, 0.03285539778814607], "aligned_model": [[0.4643929171924589, 0.13681648750227196, 0.38212827061817717, 0.6068870352637267, 0.7592080907774436, -0.42728631723949917, -0.3449560624350382, 0.38041042218199755, -0.012876618967582049, -0.615593975762706, -0.026517027262470683, -0.14849795158044102, -0.051599014405034976, 0.10735957891038987], [-0.17816491347196373, 0.33442381562374857, 0.6447895510627094, -0.6947931830621059, 0.095822636798191, -0.32748930523981484, -0.2616819790043321, -0.5642632630320632, -0.750614129403389, 0.24240460828841554, 0.6029680347310348, 0.6772820917434317, 0.15272430137147747, -0.04125574657757449], [-0.32838503805263214, -0.6024562126019349, -0.0714867124272133, 0.01556644421103251, 0.1294983551836293, 0.4379267030425892, -0.3874699329904296, 0.5867832452880519, 0.1977871021255374, 0.21732875240012822, 0.42462008109356, -0.18309246071579383, 0.7468221020414401, 0.17134800675889628]], "inverted": false, "swapped": true, "error_lsq": 0.046224737187355355, "error_max": 0.3012385236786697, "target": "1161.xyz", "model": "12.xyz", "model_rescale": 4.124412569039231, "target_rescale": 4.116126748846018},
{"mapping": [6, 1, 11, 9, 2, 5, 7, 4, 13, 3, 10, 12, 14], "R": [[0.8949496358474671, 0.4415025255127628, 0.06434803231131771], [-0.4395624429728934, 0.8477593453615124, 0.2967978286307393], [0.07648534515963142, -0.29390408693666054, 0.9527698461106648]], "T": [-0.018337828154034036, 0.16745502928514766, 0.06929384797842576], "aligned_model": [[-0.30275978052479335, 0.04202675646414064, 0.7201557409709441, -0.6464169227375708, 0.538325579465437, 0.248611600894841, -0.6317898216691525, 0.3042308241856052, -0.0955485684920426, -0.12358938121524553, 0.7182519464975373, 0.5029598418327222, 0.09284049183733473], [-0.4941684583581639, 0.6303376363528492, 0.41759889570600606, -0.07063131945819257, -0.03720186990457544, -0.5286785143900545, 0.5266852167499145, -0.4305772368326447, 0.5890461897658595, 0.0760298078087771, 0.01578135341113368, 0.5824155928592546, 0.07084808279831363], [0.2248157825050674, 0.5785410194024423, 0.146406190651044, -0.11778898959287089, 0.5569315841905764, 0.18052894929755547, 0.16757459300404842, -0.3680004029533373, -0.22450315265222964, -0.5526346365821097, -0.2769829681609852, -0.4418868749756132, 0.07869698683425069]], "inverted": true, "swapped": true, "error_lsq": 0.04920158290900166, "error_max": 0.3216950939707519, "target": "1161.xyz", "model": "13.xyz", "model_rescale": 3.9028299243045295, "target_rescale": 4.116126748846018},
{"mapping": [13, 12, 5, 6, 3, 4, 10, 11, 14, 9, 0, 8, 2, 1, 15], "R": [[0.3127536308066291, -0.9416957425514934, -0.12407374773763577], [0.1615306293079346, 0.18145568967169665, -0.9700421065506134], [0.9359984093002794, 0.283342480306361, 0.20886363168628955]], "T": [-0.12970219362838045, 0.03460533215888001, 0.06051022747646774], "aligned_model": [[-0.09560998992064423, 0.0812342050800273, -0.4493163962914062, 0.21191013252994825, -0.38895885520825857, -0.6717585787194326, -0.16847696265954515, 0.5797747476259044, 0.457079731165291, 0.46633658454825955, -0.884988749068015, -0.601573776473792, -0.27459799354372794, 0.35411648464746925, -0.06400880320372414], [0.33026037486831605, -0.2451866021296601, 0.13308930845547204, -0.05168028424391355, 0.037718101953380934, 0.4220977050431445, 0.7653422688308131, -0.02593977847394892, 0.5546968560269367, 0.4337015848490437, -0.20901232556674323, -0.4332750239681442, -0.6629905471057105, -0.3779639594284615, 0.10878079555496002], [-0.6771056408195347, -0.5407073688793699, -0.32711007839519746, 0.6264290142894897, 0.627489715049708, 0.18455784019534122, -0.08046015494080945, -0.13655181286831453, -0.3496634336952237, 0.35428805588090934, 0.30011211657824793, -0.333104230097233, 0.24629226631698314, 0.19431912827658254, 0.11666809598606169]], "inverted": true, "swapped": false, "error_lsq": 0.041507939073547294, "error_max": 0.2427821970202382, "target": "1161.xyz", "model": "14.xyz", "model_rescale": 3.942246331269136, "target_rescale": 4.116126748846018},
{"mapping": [3, 10, 5, 8, 0, 1, 12, 11, 13, 13, 2, 9, 7, 6, 14], "R": [[-0.09708181020967281, -0.0970468981709641, -0.9905337054748858], [0.24386595221752136, 0.9625777873891599, -0.11820913913074206], [0.9649375728384998, -0.2530334024993224, -0.0697823598351422]], "T": [-0.07045584417495716, 0.022445079767163784, -0.08559097580751136], "aligned_model": [[-0.31452658266497896, 0.1660832010831133, -0.6726909755501618, 0.22469856935864435, -0.44518716348906273, -0.6198817313087184, -0.04886213050654875, 0.6278146895713145, 0.5245503101696072, 0.5245503101696072, -0.7493177600747366, -0.35306159581795304, -0.33696938606526083, 0.1565203078658789, -0.13255828223239063], [0.5557388516459153, -0.34860103611898563, 0.06539739072204456, -0.11218780625165184, 0.06202850943165293, 0.61281459247918, 0.8103783697599904, -0.13039984203665908, 0.5732823183178521, 0.5732823183178521, -0.1858639306202511, -0.7044708309426081, -0.5943553177418225, -0.454940899953429, 0.05753578765640401], [-0.5010126386862258, -0.64717318350053, -0.2811606659699688, 0.6169748819322963, 0.5458574174039718, -0.00661965957133108, 0.13067529575103637, -0.029308507515597576, -0.026634556112445647, -0.026634556112445647, 0.19441219198132498, -0.2853146700143882, 0.4430935329033843, 0.09709411419538398, -0.0187954838068249]], "inverted": true, "swapped": false, "error_lsq": 0.04927919596538193, "error_max": 0.3533521734090228, "target": "1161.xyz", "model": "15.xyz", "model_rescale": 4.355366556412066, "target_rescale": 4.116126748846018},
{"mapping": [2, 5, 0, 13, 1, 11, 7, 12, 6, 10, 3, 14], "R": [[0.21992070402610547, -0.7726477190105994, -0.5955253027776235], [-0.6014437598259919, 0.37324708411890756, -0.706365357278447], [0.7680496648700765, 0.5135193438464136, -0.38261938762759007]], "T": [-0.018798198117015674, 0.1059306498086092, -0.1709582155307484], "aligned_model": [[-0.08819723030164937, 0.5427827093426255, 0.054786190496648, -0.3010774653020646, -0.6243188544354503, -0.4108570469035753, -0.2720806044482862, -0.33390403740572416, 0.5971120495707871, 0.09951729533295607, 0.2864963299249685, 0.047549218760545645], [-0.607335285525562, -0.35645090740592966, -0.6234098193277283, 0.5382197318187973, -0.16957483704413942, -0.1745060814838109, 0.4148033142328861, 0.46517510460619105, -0.14935967874985692, 0.028021981693465925, 0.6314855986531662, 0.015707306273501337], [0.10469489504537224, 0.02669637204428385, -0.5183618066299476, -0.11212074880378303, -0.35717941220556526, 0.44672788417489095, -0.7671750222302285, 0.519621970485707, -0.48450242843901237, 0.6447676679081982, 0.02092390282367726, -0.07483481296417188]], "inverted": true, "swapped": true, "error_lsq": 0.04866875249555386, "error_max": 0.2657789033037458, "target": "1161.xyz", "model": "16.xyz", "model_rescale": 3.795458400668931, "target_rescale": 4.116126748846018},
{"mapping": [3, 9, 6, 12, 5, 7, 13, 10, 11, 1, 0, 2, 14], "R": [[-0.5213563260362093, 0.7909677957554246, 0.32024604194248973], [0.4455886561194511, 0.572398078950987, -0.6883394429719115], [-0.7277625511385479, -0.21617211959691918, -0.6508696366164948]], "T": [-0.11756895522841845, 0.11576028619711781, -0.11566320685248806], "aligned_model": [[-0.016422602428901423, 0.06462658113176858, 0.5079726673738859, -0.46315973538764266, 0.5971077862767425, -0.537502059454289, -0.534795970167369, 0.1159375993500768, -0.2974701388528188, -0.5888792790488424, 0.188333948012981, 0.1239004217243341, -0.011017417625703366], [-0.3038610260967332, 0.3695991258501667, 0.46762088237653293, -0.6399046787025138, 0.1007784254552008, 0.5353204083074989, -0.10532540904886029, -0.5921425886290557, -0.29302268485920485, 0.4420124008375109, 0.7384129726477362, 0.18039181436204382, 0.06390162297016315], [-0.5846182900275259, -0.7389922344443021, -0.2821575243499506, 0.0059375129946943744, 0.12360621255807362, -0.5189674005901459, -0.3325964130734847, 0.24464949380036793, 0.5280937858429621, 0.26990521633364073, 0.3047752346827623, 0.6103288475859203, -0.027689410476717052]], "inverted": false, "swapped": true, "error_lsq": 0.04587797431825745, "error_max": 0.22791604489772777, "target": "1161.xyz", "model": "17.xyz", "model_rescale": 3.7474275329858107, "target_rescale": 4.116126748846018},
{"mapping": [10, 2, 11, 5, 3, 9, 12, 1, 4, 13, 6, 0, 7, 14], "R": [[-0.2545848369470883, -0.9650064636852881, 0.0628417523804014], [0.18381649681062964, -0.1120872730297266, -0.9765489945338266], [0.9494198524872399, -0.23706321576823086, 0.20591982768236045]], "T": [0.00813893038069113, 0.012159579822705262, 0.1504620236447499], "aligned_model": [[0.49473140729256937, 0.07117256710714617, 0.6350456164818777, -0.33304347644846016, 0.07840103967184772, -0.5030922133810254, 0.7978376957114548, 0.2006084910660636, -0.05171611869544186, 0.3430190816370458, -0.6819749385033671, -0.47168808280631347, -0.17537397404085187, 0.010920552790331306], [-0.40281380559123375, 0.31860308121285086, 0.15822925606571478, -0.2276634235070486, -0.5743480540964411, -0.23120750506936877, -0.27340122067946965, 0.6744366949964999, -0.6694680193699865, -0.04704098672237184, -0.14369848863467993, 0.5108290102467069, 0.29827246364916865, -0.030320760989107992], [-0.3753724410690925, -0.5507286056732482, -0.2962399749441027, -0.4774843501874082, 0.3898435847644129, 0.5573817040041054, 0.15941472305890564, 0.19022838545891235, -0.27932929526137473, 0.5433587782939187, -0.0551581820287515, -0.27278290999642085, 0.7825151957716765, 0.009148106470122291]], "inverted": false, "swapped": true, "error_lsq": 0.04206652565472325, "error_max": 0.24759929195698666, "target": "1161.xyz", "model": "18.xyz", "model_rescale": 3.922800546911778, "target_rescale": 4.116126748846018},
{"mapping": [13, 8, 12, 2, 9, 7, 11, 6, 4, 10, 3, 5, 0, 1, 14], "R": [[-0.11963379256976635, 0.8976011366672951, 0.42426401583089035], [-0.7490797979850612, 0.19885270785998854, -0.6319312121009768], [-0.651588222672904, -0.3934079308177835, 0.6485853745218406]], "T": [-0.06401077915757238, 0.009169559210221015, -0.05521498578377114], "aligned_model": [[-0.20537059250856698, 0.1390678967020998, -0.7547813195526164, 0.05677055953953111, -0.24001155489176135, -0.6915896878362184, -0.07217881806589439, 0.6183232073986247, 0.4204725674076777, 0.4469422284864879, -0.6205921949984738, -0.35533181737788283, -0.4130496971169138, 0.3601775432254452, -0.13768653990318436], [0.491380664137382, -0.15654048044907026, -0.05045074283919625, -0.06606535720549421, 0.350707600034214, 0.48479112774698685, 0.7157540550355401, -0.0373790102954864, 0.5060942130210769, 0.44258278289716785, -0.12226387283343489, -0.6381940358349387, -0.6373966956907384, -0.566112114655479, 0.06273034159695495], [-0.5235136087525811, -0.6081072792630863, -0.4265578525152977, 0.6468395266027258, 0.6625027021172976, 0.07946929682931426, 0.03375268344767658, -0.14477688270657846, -0.26066306785820137, 0.39387370119919374, 0.2313013733772173, -0.33554719707273784, 0.3429891671955739, 0.13739416977225416, -0.02350321949513]], "inverted": true, "swapped": false, "error_lsq": 0.04181206985484492, "error_max": 0.3137314352881967, "target": "1161.xyz", "model": "19.xyz", "model_rescale": 3.9282355846067225, "target_rescale": 4.116126748846018},
{"mapping": [5, 2, 1, 10, 4, 11, 12, 13, 3, 9, 0, 6, 7, 14], "R": [[-0.6524498733283173, 0.5491290606924117, 0.5222704639331353], [-0.446558323068252, 0.2782240674241727, -0.8503981611012692], [-0.6122865561910809, -0.7880663950512159, 0.06369089494305707]], "T": [0.08120747729383568, -0.0668347147590519, 0.10275714259329935], "aligned_model": [[-0.6007513301294125, -0.13624355042695285, 0.6284133526231421, -0.38232012979451735, -0.685913151029493, 0.10289537990677133, 0.15087085858702837, 0.40338330652876697, -0.14740656726722656, 0.004981847383885102, -0.0045356145603850095, -0.38701391379837646, 0.6241445250774881, -0.037982194016041804], [-0.3834961682330269, -0.7398063971936941, -0.47528367344652167, -0.01759506273759942, 0.12372505135259204, -0.33812124966736956, 0.3083673150299818, 0.30665181876240405, 0.5276301944540176, 0.27186363946493525, -0.8058686295930885, -0.2355120308553531, 0.11009614129700215, -0.12976886120944364], [0.15656109157850595, -0.19619657076521527, -0.0019904146931971067, -0.5814903620464964, -0.06496973607694209, -0.6319702012541135, -0.6453202008172357, -0.06072933064989247, 0.07870322824876483, 0.7074401379018599, 0.4260502483048745, 0.6460298645928723, 0.5374335913407324, 0.04263181157916575]], "inverted": true, "swapped": true, "error_lsq": 0.04934810887908392, "error_max": 0.2904816440211755, "target": "1161.xyz", "model": "20.xyz", "model_rescale": 4.067790424073018, "target_rescale": 4.116126748846018},
{"mapping": [12, 0, 3, 5, 6, 11, 10, 7, 9, 1, 6, 2, 4, 8, 14], "R": [[-0.2173682530290283, -0.9264552782568507, 0.3072973478003507], [-0.5747305492863248, -0.132984010894597, -0.8074651995989829], [0.7889460300249618, -0.352130473314093, -0.5035556488328228]], "T": [-0.09035459479518212, 0.056503770158296704, 0.05312252722059646], "aligned_model": [[-0.18365472006910294, 0.04663156129700699, -0.7514971175547458, 0.09387947423488235, -0.7378243574448505, -0.5299119270285453, 0.10548663393141441, 0.5867848843664318, 0.4010843499093164, 0.639682849829148, -0.7378243574448505, -0.4630006142493711, -0.17830831715895995, 0.33387293608434665, -0.07423949819376688], [0.5421409307460062, -0.33929119673673064, 0.051376058213662736, -0.0788158032632476, -0.13977563656753972, 0.5292455262057038, 0.8456257086614053, -0.03880333536931298, 0.5739471334672639, 0.33462097133876645, -0.13977563656753972, -0.5422494888340796, -0.6446894865782649, -0.3064321384819801, 0.13251486843137156], [-0.5320829937529035, -0.5204968297929282, -0.48223649980720357, 0.5973766422399711, 0.3528127066477964, 0.016559735365340222, 0.1542145687353544, -0.24531111465892302, -0.2547573663485081, 0.30412303146857383, 0.3528127066477964, -0.18426199327281853, 0.4313614122731633, 0.1692105325801884, 0.04612897455274138]], "inverted": true, "swapped": false, "error_lsq": 0.04642470036558714, "error_max": 0.48802593613633166, "target": "1161.xyz", "model": "21.xyz", "model_rescale": 4.186013935880536, "target_rescale": 4.116126748846018},
{"mapping": [3, 9, 4, 11, 1, 10, 13, 7, 5, 6, 8, 2, 14], "R": [[-0.9490105542157395, -0.2826031138985668, 0.1396941230044009], [-0.2889812197041776, 0.9569461237664988, -0.02727582934685145], [-0.12597151521443575, -0.06625402797646661, -0.9898189638168551]], "T": [-0.05296591771906211, -0.1325084137719104, 0.03969099638385204], "aligned_model": [[-0.04522924283152823, -0.5801159544677857, 0.4521138139614005, 0.5938922657332886, -0.16920597440321772, 0.7408509930353041, -0.17764311203753103, -0.737799549848396, 0.34117114683711686, -0.20487303942143062, -0.687814266675758, 0.45908504016708873, 0.07414191537467382], [-0.23522912395663442, 0.12916435436715826, 0.22746299774164733, -0.45951461395999116, -0.4051472997453778, -0.22487868003420863, -0.6089105457615323, -0.33484286578899936, 0.508385637081798, 0.5802559550528846, 0.2715666422263958, 0.12821668460664878, -0.057572482283695894], [-0.5892923897340923, -0.3342189497192108, -0.4782225448821528, 0.3372350342650744, 0.6637047459779533, -0.17664087732194858, -0.1261821131041048, 0.11105237675113877, -0.006654941821720106, -0.06856674893026535, 0.17880976087672518, 0.5489801059767736, 0.04287610300117527]], "inverted": false, "swapped": true, "error_lsq": 0.050472579762118594, "error_max": 0.34903914634948113, "target": "1161.xyz", "model": "22.xyz", "model_rescale": 4.166573947596378, "target_rescale": 4.116126748846018},
{"mapping": [0, 8, 4, 12, 6, 1, 5, 10, 7, 13, 2, 3, 11, 9, 15], "R": [[0.12507784709981712, -0.17433145920552776, -0.9767108448748516], [0.6890698108949882, -0.6930119135440588, 0.21193697978207413], [-0.7138195345309766, -0.6995305783289774, 0.03344610746718485]], "T": [-0.055474370549488033, -0.05287837472243836, 0.060231466131892245], "aligned_model": [[-0.2776364490301365, 0.058206950712806654, -0.5427134784243703, -0.015053023636339792, -0.4488199345152988, -0.5386922688762412, 0.050462784527770366, 0.651592944573989, 0.2826745566650892, 0.5411661984267815, -0.7175918880202345, -0.4012944034408865, -0.2465519389336079, 0.24273577287028456, -0.08732404239125172], [0.48789399227801383, -0.250826372128227, -0.06387469202614487, -0.21143726729954682, 0.31653474475819066, 0.4697719054632015, 0.7675452951519921, 0.1658587108946645, 0.45686038060344253, 0.4899990523028969, -0.06521038601794132, -0.5094966300395686, -0.7190057098334607, -0.5632958973663714, 0.008321347924342908], [-0.5098255668147252, -0.715637264866002, -0.4896145542480309, 0.6947443088133188, 0.5968140286801664, 0.022334128155602345, 0.14235516724949787, -0.05444692051481842, -0.31018904084992704, 0.31736425201064705, 0.17963646495888813, -0.12234708074094429, 0.43687063523768727, -0.04461999652687482, 0.06201495233315517]], "inverted": true, "swapped": false, "error_lsq": 0.04341265104299888, "error_max": 0.2767346120160454, "target": "1161.xyz", "model": "23.xyz", "model_rescale": 4.274766983524099, "target_rescale": 4.116126748846018},
{"mapping": [9, 5, 4, 3, 10, 12, 13, 11, 1, 2, 14], "R": [[-0.3666848233266444, -0.41899366591852605, 0.8306542892576081], [0.8521672808062193, -0.5095180063829794, 0.11917351507297386], [0.3733003694951852, 0.7515555262864273, 0.5438852131131067]], "T": [0.14771602290495986, -0.041914826463136795, -0.058981123229025], "aligned_model": [[0.2580891379760457, 0.08705648482296648, -0.41964264636550386, -0.36005290903263654, -0.5058405074323402, -0.523306537987038, -0.055108813068742546, -0.11027257039017382, 0.5957310075737917, 0.3133716348938914, 0.0998704229678143], [-0.26229441112814866, 0.6770365170211654, 0.4515405464079639, -0.23309814201594295, 0.36301520986390967, -0.24552838645522343, -0.5056406991964643, 0.1932600408876416, -0.19867656891229432, 0.5796668474720489, 0.0963055772988275], [-0.7112226894887357, -0.2773078101149576, -0.35482791478921155, -0.3934226757681094, 0.24822004995181107, 0.40310058224790624, 0.05865256016370262, 0.6424643033264029, 0.44296030983041973, 0.3602367179837386, -0.03928699932138944]], "inverted": true, "swapped": true, "error_lsq": 0.04938985580327975, "error_max": 0.2668430550754431, "target": "1161.xyz", "model": "24.xyz", "model_rescale": 3.7841303162186577, "target_rescale": 4.116126748846018},
{"mapping": [13, 6, 11, 8, 9, 14, 12, 4, 5, 2, 10, 7, 0, 1, 15], "R": [[-0.1916477431772255, -0.9812723163287965, 0.019385142294937707], [-0.5681958604662501, 0.12703317286998395, 0.8130289276154956], [-0.8002653351758366, 0.14480060150877672, -0.5819004890173256]], "T": [-0.12834862378148137, 0.00040958572152225564, 0.024557274766993768], "aligned_model": [[-0.4273473401900397, 0.12380349307177113, -0.5598990836324821, 0.15332353615861066, -0.25795443857120953, -0.6449054829295499, -0.06421444129138505, 0.588069741991161, 0.47941795418246014, 0.39892951417274414, -0.8611280403032936, -0.4650787252715882, -0.17061850577606075, 0.36319075312837873, -0.10442715423116335], [0.5353052367912065, -0.31082193110434164, -0.06590330849935436, -0.18105970985859596, 0.38263255796974255, 0.5824522294685835, 0.7559297000627607, -0.03740861481830949, 0.6088219020438892, 0.3673444353351498, -0.11928659632779665, -0.5283819129735894, -0.6845660742448212, -0.508932481994308, -0.016486957184730627], [-0.4617414064195934, -0.5767585367195535, -0.6069444036354683, 0.5115762402243997, 0.44793493216585867, 0.17848691595924684, 0.008807040157152338, -0.1804277289526464, -0.14804917210257085, 0.4196896694169024, 0.25685504919018465, -0.14806355178212055, 0.28979594404700254, 0.25258379253462737, -0.03829127120578067]], "inverted": false, "swapped": false, "error_lsq": 0.04538202653505866, "error_max": 0.32388702877560105, "target": "1161.xyz", "model": "25.xyz", "model_rescale": 4.19342608120988, "target_rescale": 4.116126748846018},
{"mapping": [2, 5, 0, 13, 1, 11, 7, 12, 6, 10, 3, 14], "R": [[0.21992070402610547, -0.7726477190105994, -0.5955253027776235], [-0.6014437598259919, 0.37324708411890756, -0.706365357278447], [0.7680496648700765, 0.5135193438464136, -0.38261938762759007]], "T": [-0.018798198117015674, 0.1059306498086092, -0.1709582155307484], "aligned_model": [[-0.08819723030164937, 0.5427827093426255, 0.054786190496648, -0.3010774653020646, -0.6243188544354503, -0.4108570469035753, -0.2720806044482862, -0.33390403740572416, 0.5971120495707871, 0.09951729533295607, 0.2864963299249685, 0.047549218760545645], [-0.607335285525562, -0.35645090740592966, -0.6234098193277283, 0.5382197318187973, -0.16957483704413942, -0.1745060814838109, 0.4148033142328861, 0.46517510460619105, -0.14935967874985692, 0.028021981693465925, 0.6314855986531662, 0.015707306273501337], [0.10469489504537224, 0.02669637204428385, -0.5183618066299476, -0.11212074880378303, -0.35717941220556526, 0.44672788417489095, -0.7671750222302285, 0.519621970485707, -0.48450242843901237, 0.6447676679081982, 0.02092390282367726, -0.07483481296417188]], "inverted": true, "swapped": true, "error_lsq": 0.04866875249555386, "error_max": 0.2657789033037458, "target": "1161.xyz", "model": "26.xyz", "model_rescale": 3.795458400668931, "target_rescale": 4.116126748846018},
