[{"mapping": [7, 4, 9, 6, 11, 8, 3, 12, 1, 5, 0, 2, 13], "R": [[0.11674001744924017, -0.9860252569079455, 0.11885268640451846], [-0.9253936858940031, -0.1514406052271532, -0.3474367125045146], [0.3605804964684894, -0.06942575766999773, -0.9301407257713665]], "T": [-0.0006540674909227481, -0.10247483770018877, 0.14339785883730588], "aligned_model": [[-0.3587244331472707, -0.28903773392287907, 0.17765008144768704, -0.28942680357685213, -0.6237256141184124, -0.7091083661620249, 0.19515721311305953, 0.19103224044878847, 0.37007314940132974, -0.399922944477563, 0.740161118844331, 0.4253135472671616, -0.09810212961930626], [-0.2938538777997738, 0.31846043689286, -0.5632952618665551, 0.5861549120297267, -0.3953731383501237, 0.03658544250438618, 0.3784296286378053, -0.6364973182960717, -0.17748843279463083, 0.1574719832016131, -0.2382835755282811, 0.30822989386903243, -0.1709033039110482], [-0.4942181374525923, -0.6647188296115942, -0.3975229661515594, -0.0207534703318889, 0.25765316113391246, -0.15548987390955987, 0.20330731086392534, 0.2582723883913708, 0.5792629808983669, 0.7311165624825711, -0.024415373672023316, -0.3476535234575267, 0.0322165544068793]], "inverted": false, "swapped": false, "error_lsq": 0.04557359771015744, "error_max": 0.2448741630682655, "target": "1162.xyz", "model": "0.xyz", "model_rescale": 3.8414455957264533, "target_rescale": 3.896062381626415},
{"mapping": [2, 6, 3, 8, 7, 9, 12, 0, 11, 13, 1, 10, 14], "R": [[0.26737000453737336, -0.19282985812331643, 0.9441027097142698], [-0.8393100947541805, -0.5279136683019511, 0.12986810102448598], [0.4733622772437761, -0.8271177695081393, -0.30299232638215]], "T": [-0.1017535898833963, -0.1058431208252901, -0.07090184388648031], "aligned_model": [[-0.45508540586425295, -0.4003150332958182, 0.4790949781934679, -0.25750066390814297, -0.5911292163249092, -0.7522972192354715, 0.32022265168747677, -0.09066230715931822, 0.4415050596622546, -0.3099045301970939, 0.6723874985107225, 0.2870984474801097, -0.01207493405097565], [-0.3945492521602222, 0.2644761432014967, -0.48953580761302773, 0.6470842532779543, -0.49557145075697395, 0.049255251101017666, 0.4541540980486506, -0.642036849722788, 0.009459858290789755, 0.11502774725320888, -0.45400751075350043, 0.3559899025274874, -0.11010899410515314], [-0.6509105724102136, -0.6903789467577591, -0.4297496460376422, 0.11115753038272343, 0.07599378991098478, 0.06418021017208032, 0.2301441829437118, 0.41683849486529667, 0.5755041158870712, 0.6238903885975218, 0.09638540611969336, -0.3932148159950714, -0.07278335408811573]], "inverted": true, "swapped": false, "error_lsq": 0.04339971417963463, "error_max": 0.23269533641640386, "target": "1162.xyz", "model": "1.xyz", "model_rescale": 4.316132596720782, "target_rescale": 3.896062381626415},
{"mapping": [3, 11, 8, 4, 9, 5, 7, 0, 10, 1, 2, 12], "R": [[0.8557845993485754, 0.05544236555437479, -0.5143528590564395], [-0.1668250485888188, -0.9115522578351907, -0.37582161246913987], [-0.48969594921863163, 0.4074292887573268, -0.7708432084292904]], "T": [0.0223576880283331, -0.10677224349174641, -0.06558077704639163], "aligned_model": [[-0.07270838069010516, 0.4568455211451346, 0.05064761016275188, -0.615561493168467, -0.5262474043895087, -0.5619185264148319, -0.10575033795133279, -0.11444116992007769, 0.5895875825696817, 0.1718274159756203, 0.40364714697990195, -0.07811940966698627], [-0.6845316833842042, -0.26926987729192947, -0.4484537275440281, 0.48681536676742143, -0.349209136000692, -0.06912555930081572, 0.4302131493679795, 0.5944708447009243, 0.02544618570358248, -0.09623539105275886, 0.4673156062893469, -0.07465935051384615], [0.3910510383651677, 0.14403964413976567, -0.7855643474781095, -0.040004535692033064, -0.4753172877111296, 0.31625174594958805, -0.5830682441683859, 0.40979127914800506, -0.5350712312755063, 0.7235447710499967, -0.11888282249173858, 0.002488451373800743]], "inverted": false, "swapped": true, "error_lsq": 0.046952379721664446, "error_max": 0.2986312083810857, "target": "1162.xyz", "model": "2.xyz", "model_rescale": 3.795458400668931, "target_rescale": 3.896062381626415},
{"mapping": [5, 4, 0, 10, 3, 11, 2, 9, 7, 8, 1, 12], "R": [[-0.343338566835653, -0.2663491151143088, -0.9006535279457158], [-0.3740985923623137, -0.8408114937366629, 0.3912624121901531], [-0.8614922354355697, 0.4712686928686718, 0.18904218419727975]], "T": [0.12450062021291652, 0.10333368516685537, 0.0732909929437843], "aligned_model": [[-0.09702726490478772, -0.17515584670822043, -0.660494485168346, 0.3062801325686082, 0.16389057623328873, 0.0030372131183452333, -0.2608734739975652, 0.6730488176041349, 0.19154141850409395, 0.8810853265628663, -0.5002477360079798, 0.0682191479391272], [-0.07819299150078554, -0.6519341774670584, -0.23334623370668, 0.11895407272957795, 0.6537534625069132, 0.5575503820392586, -0.0960782367397856, -0.23186464771751059, -0.5741046007488744, 0.020466724291281824, 0.5448200961183941, 0.055745195484978353], [-0.5643339006930319, -0.24249015661797016, -0.009556486433935404, 0.7988011343426811, -0.42354161742928287, 0.2683799780627698, 0.6113628392017608, -0.2648867047512058, 0.40365618062780373, 0.3112732335474723, -0.17155711473687374, -0.02833595448108782]], "inverted": true, "swapped": true, "error_lsq": 0.04488084708995283, "error_max": 0.22255792524159337, "target": "1162.xyz", "model": "3.xyz", "model_rescale": 3.7530521520055578, "target_rescale": 3.896062381626415},
{"mapping": [11, 8, 6, 9, 3, 7, 1, 2, 0, 5, 12], "R": [[0.6217662078703033, -0.5261743596778128, -0.58012699124263], [0.30623070402623176, 0.8450707527758902, -0.4382672457695061], [0.7208533406055501, 0.09484706648301792, 0.6865671819402561]], "T": [-0.09960345988236678, -0.05013557301062822, -0.04566284816638384], "aligned_model": [[-0.3362293993217693, 0.029063478472068263, 0.14236016487991177, 0.4546286230444055, 0.3524511728289367, -0.35296956308582617, -0.16907879348046972, -0.749926717605632, -0.37240707196168826, 0.3735918238956771, -0.033284115220408736], [-0.5005705097399106, 0.09352695690903558, -0.3631413348883787, 0.30185380219766517, -0.6217650277443862, 0.6463555263144126, -0.5430426716283369, 0.15149608293154293, 0.23048597377954871, 0.08358736280599656, -0.011582802622842864], [-0.06123242277719, -0.8194385226365257, -0.44974007188985277, -0.3563998437800768, 0.09661335566797684, -0.19818833260078217, 0.5847236409369969, 0.07360137366369647, 0.7180544586939723, 0.4511232658292486, 0.053713876137852876]], "inverted": true, "swapped": true, "error_lsq": 0.05081417154857788, "error_max": 0.2523098365665068, "target": "1162.xyz", "model": "4.xyz", "model_rescale": 3.7855080009869324, "target_rescale": 3.896062381626415},
{"mapping": [8, 15, 13, 9, 7, 10, 2, 6, 1, 0, 12, 14, 16], "R": [[-0.05220433655785317, 0.8311330485166553, -0.5536177046554471], [-0.6476475318724029, 0.3938048819868124, 0.6522809129377756], [0.7601495785068486, 0.3926010323302325, 0.5177229449320326]], "T": [-0.07218723901650669, -0.09338449986841918, 0.06639510066432584], "aligned_model": [[-0.3801111037727759, -0.21144550788552918, 0.26764585591132817, -0.23116318420904508, -0.6780597312697838, -0.7380791439437157, 0.22059764637935186, -0.09516186671005207, 0.396156228440966, -0.09134189146798775, 0.604710003320019, 0.3183738914311246, -0.05078187072585155], [-0.39510686578455084, 0.13128551811620653, -0.4758069603489306, 0.566906692794015, -0.4973471291470623, 0.0919499570070188, 0.5384970060546659, -0.7449229486463356, -0.16377374218115595, 0.07595050708228265, -0.11681846841393617, 0.3470018440894297, -0.048178022032707504], [-0.4898929374806221, -0.7142768049760956, -0.4465709490769795, -0.14727803520352656, 0.24275322821448142, -0.1642634871259056, 0.31294826112835233, 0.09875069235064936, 0.6569911470834667, 0.8275998287309493, 0.0006209762264636071, -0.2671004314973163, 0.046775295216363755]], "inverted": true, "swapped": false, "error_lsq": 0.0448574804152279, "error_max": 0.22513508327052073, "target": "1162.xyz", "model": "5.xyz", "model_rescale": 4.2253639853439635, "target_rescale": 3.896062381626415},
{"mapping": [12, 11, 7, 5, 9, 8, 2, 0, 4, 1, 3, 6, 13], "R": [[0.04554834464772245, -0.9938756887198872, 0.10068000631417522], [-0.9082377089810088, 0.0007659090855604567, 0.41845391307550395], [-0.41596828278701853, -0.11050126132693107, -0.9026404926438746]], "T": [-0.10906502704004614, 0.005280041221442766, 0.07203545526470731], "aligned_model": [[-0.25677361699442136, -0.35848616069523276, 0.31477579653515453, -0.16682281906231722, -0.578695284134614, -0.8001557674507853, 0.3337554535627988, 0.008971486516418714, 0.32859943174878425, -0.3161883177811038, 0.5801064264873628, 0.29099273492223265, -0.04874003815622857], [-0.4751620784671586, 0.2188908290933383, -0.5022152261598146, 0.6103678129878979, -0.3796984931523825, 0.25322883326128054, 0.4967108426892897, -0.7682198810766302, -0.012432233533690829, -0.12948230974428274, -0.14931915510114505, 0.14960611144589825, -0.0026376636536606553], [-0.7145402286664995, -0.6334525447778859, -0.36636929594544265, -0.10480937041617974, 0.13396587733701878, 0.15437536444131905, 0.18418446936901273, 0.247614215366575, 0.6279557814289921, 0.7631539929650447, 0.007605114293466109, -0.41050132123052263, 0.06787472942538292]], "inverted": false, "swapped": false, "error_lsq": 0.045913221311848634, "error_max": 0.2619468242621072, "target": "1162.xyz", "model": "6.xyz", "model_rescale": 3.89814844738969, "target_rescale": 3.896062381626415},
{"mapping": [8, 11, 9, 4, 3, 7, 2, 6, 1, 0, 5, 10, 12], "R": [[-0.18152448445826375, 0.9282152229004125, -0.32475430946809464], [0.9685168520010755, 0.2259612720751476, 0.104482586645372], [0.17036422433154244, -0.2955638738041551, -0.9400095890839588]], "T": [-0.14207416829245223, -0.0032323131173249767, 0.0010071619953922052], "aligned_model": [[-0.39385263367032575, -0.33301236481929647, 0.425448367430486, -0.23294590509368857, -0.6782907142609025, -0.7808224680117812, 0.2890108738318442, -0.026867218286290434, 0.3659998614898301, -0.26310814480066347, 0.560515655990371, 0.43588008812758494, -0.036616072429118754], [-0.46407194803303664, 0.14786090705197386, -0.4179931903586775, 0.6318621493414263, -0.5344102626776311, 0.14286368004384153, 0.485648411188838, -0.650607597979219, -0.10718570400746005, -0.0518675640387654, -0.31658419198623355, 0.32502461498309426, 0.11909808506078909], [-0.4255150620181406, -0.7710380524505998, -0.5502073744522633, -0.061387866566427945, 0.2885897386590087, 0.044953150821158736, 0.27797136253318944, 0.1591477647767064, 0.66872797552233, 0.5789308389344211, 0.10471223828572741, -0.3106335440944321, -0.04719438636039694]], "inverted": false, "swapped": false, "error_lsq": 0.044941248391398646, "error_max": 0.26815219945496843, "target": "1162.xyz", "model": "7.xyz", "model_rescale": 3.7474275329858107, "target_rescale": 3.896062381626415},
{"mapping": [10, 7, 0, 9, 12, 11, 8, 1, 2, 4, 3, 5, 14], "R": [[0.1690751610472332, 0.7843957723194324, 0.5967720354408823], [-0.18289697044883435, 0.6199425502691245, -0.7630333757880139], [-0.9684845316872597, 0.019862193565050756, 0.24828049691688248]], "T": [-0.11912341213706318, -0.11297557506023698, 0.011900604040168301], "aligned_model": [[-0.41628108488320914, -0.22291629735617474, 0.21629396153444658, -0.3122575254873801, -0.641955593803293, -0.6575978933199422, 0.22049242903706956, 0.10375713268702416, 0.3985806885254513, -0.0915313615335194, 0.5866604224518079, 0.2678115851047325, -0.11971713745896444], [-0.3838998902189224, 0.2153770199571886, -0.6011770551243172, 0.6079915946106209, -0.4300413636956571, 0.1259041820936012, 0.39325416368908456, -0.7576171096722537, -0.2413140176833543, 0.1931854592814975, -0.07166450086179238, 0.38431540322615315, -0.12467649701290943], [-0.6311862428725594, -0.5757125699503678, -0.2768341149139435, -0.1405657680081549, 0.09411017945863764, -0.18674896260124063, 0.31784642912347366, 0.32743724952185355, 0.6631311347680637, 0.7314351380549136, -0.10766992312356033, -0.3286936631551916, 0.0705078972883571]], "inverted": true, "swapped": false, "error_lsq": 0.04685400705296294, "error_max": 0.2670901121760699, "target": "1162.xyz", "model": "8.xyz", "model_rescale": 4.019505241142653, "target_rescale": 3.896062381626415},
{"mapping": [0, 7, 1, 8, 3, 4, 11, 2, 6, 5, 10, 9, 12], "R": [[-0.44640043948304015, 0.8478780560436225, 0.28605847253496347], [0.360190933475851, -0.12237875632641165, 0.9248167015370106], [0.8191392672013373, 0.5158742502584217, -0.25076805787254425]], "T": [0.01674210816179838, -0.08335052930160237, 0.017128305697735595], "aligned_model": [[-0.4026882892442944, -0.4495189116784601, 0.3881016206729402, -0.1470796965031724, -0.6909074657028074, -0.7888394745615269, 0.17435117540406098, -0.10736681708899415, 0.3906776289608481, -0.3293961324694006, 0.9173520454950852, 0.3745795582049524, 0.0020740840088177594], [-0.34816101734847266, 0.2142073462930743, -0.40232470291559425, 0.5422838239839273, -0.45598549408679856, 0.06864110428899921, 0.4420606662504952, -0.6375477816905515, -0.2571508449192328, 0.05732875859268445, -0.24409313228087326, 0.39110649732378405, -0.060727834902501374], [-0.40310927618093856, -0.6995612799143348, -0.44833156497353355, -0.17750212278509736, 0.3315103525301597, -0.10749724601042476, 0.3109853823600629, 0.18276206534319814, 0.6154823100654284, 0.5747324443770069, 0.05238897191052912, -0.3207813725638575, 0.045978119432082715]], "inverted": false, "swapped": false, "error_lsq": 0.05464412823000575, "error_max": 0.2852117720935496, "target": "1162.xyz", "model": "9.xyz", "model_rescale": 3.877068213659057, "target_rescale": 3.896062381626415},
{"mapping": [2, 13, 9, 3, 7, 4, 12, 8, 0, 1, 11, 6, 15], "R": [[0.5169075362241721, 0.8480897199448771, -0.11640629673035868], [0.8478664153016942, -0.48846798758487586, 0.20620758208232], [0.11802178103261879, -0.20528724273223029, -0.9715595746907583]], "T": [-0.012488308859322596, -0.0007490324769229978, -0.10594114915843104], "aligned_model": [[-0.41022268936098, -0.2817692400096802, 0.15174595907289826, -0.2694267247512139, -0.6056214298705895, -0.6768012081764744, 0.47208838418072613, 0.06377286696893067, 0.33355455099231157, -0.3739919367762182, 0.6426146703535792, 0.2558139667135458, 0.02958215616121309], [-0.3960505209963378, 0.23016147306272983, -0.5709691377665451, 0.5767558896251435, -0.47399135354830835, 0.09990434399571471, 0.448212108300081, -0.6984501903473136, -0.057097611419023225, -0.09789496061591739, -0.23210974094878212, 0.4845627728470873, -0.0033956835995892776], [-0.46076427931034597, -0.792822954503346, -0.39494191154481806, -0.04908995642620566, 0.19492655552788113, -0.024406191315379286, 0.24307824621682816, 0.21455887139649243, 0.6087932157847263, 0.6768643221129256, 0.1429917443399653, -0.3757390654966013, -0.026391813191841113]], "inverted": false, "swapped": false, "error_lsq": 0.04285571256626789, "error_max": 0.23905801703254786, "target": "1162.xyz", "model": "10.xyz", "model_rescale": 4.260839863003843, "target_rescale": 3.896062381626415},
{"mapping": [8, 3, 5, 9, 4, 7, 10, 11, 1, 0, 2, 12], "R": [[0.7445394395194109, 0.529231275736146, -0.406909424544103], [0.5506480736964442, -0.8314628403512838, -0.07386639323380421], [-0.3774224714223003, -0.16906744777652188, -0.9104770596603827]], "T": [0.09119322471207782, -0.02366334258544553, -0.10912968705387407], "aligned_model": [[0.1524180994321897, 0.34526874474207087, -0.37471376429874287, -0.34676105338089225, -0.7325990143671245, -0.3498616041265671, 0.45066609093869014, 0.5799668749297299, 0.34727941358629566, -0.2684837215767778, 0.1558828847138714, -0.00016430149861271226], [0.14942450461814186, -0.7203729031834183, -0.4787102238500224, -0.21998856696899394, 0.07863499985645078, 0.5749576976059924, 0.5896857426700739, -0.05078264673550796, -0.3823100167035527, 0.13736280509270563, 0.5806323009512648, -0.08545518782020024], [-0.8851548218247007, -0.07174572063309302, 0.14475031738589159, -0.6543632691255514, 0.15703318203255054, -0.24942133075260742, -0.34201358721782205, 0.03047955795082702, 0.562408683035491, 0.6531940382470834, 0.22017509869015747, -0.04916407039272172]], "inverted": false, "swapped": true, "error_lsq": 0.052157542607955236, "error_max": 0.34991101361068405, "target": "1162.xyz", "model": "11.xyz", "model_rescale": 3.890672605050136, "target_rescale": 3.896062381626415},
{"mapping": [1, 2, 0, 10, 6, 11, 12, 8, 7, 5, 3, 4, 13], "R": [[0.7833758611894024, -0.49232476926267366, 0.37939238484215393], [0.10944246923146711, 0.7101211004271, 0.6955216521839733], [-0.6118370747464404, -0.5033332338507557, 0.6101729670077649]], "T": [-0.20755029826549182, -0.11512043907102273, 0.027526240496614066], "aligned_model": [[-0.3598336577036615, -0.23731033234008747, 0.09511414303600602, -0.23169131229530002, -0.6125224814449233, -0.6244499172941103, 0.018919944389140658, 0.08405811383604883, 0.45759173090703503, -0.13570083062940128, 0.6646665554620468, 0.2812722762406247, -0.06877490666536945], [-0.5208570889775266, 0.3198021002614664, -0.47505125719326413, 0.7661205100599908, -0.5238750818549994, 0.16103763335216228, 0.48643606362679714, -0.6944412351903382, 0.058581500002046066, -0.03557446969353337, -0.4018041850386931, 0.19777996734044148, -0.028517068105609555], [-0.6186052010469085, -0.534186193778386, -0.32959920228886136, -0.12204683682295159, 0.058759504735017676, -0.20202460481778628, 0.40431948618845565, 0.3414418263050178, 0.531885128260982, 0.7979042480950043, -0.07303889199776792, -0.3651604923399996, 0.06740801309846511]], "inverted": false, "swapped": false, "error_lsq": 0.04137657568245031, "error_max": 0.2566967474295781, "target": "1162.xyz", "model": "12.xyz", "model_rescale": 4.124412569039231, "target_rescale": 3.896062381626415},
{"mapping": [1, 2, 0, 11, 6, 8, 10, 3, 7, 9, 5, 4, 12], "R": [[-0.362239467650647, 0.9168153716676636, -0.16802423143719486], [-0.8766361325823883, -0.2738606834420663, 0.39561271101373585], [0.31668858382829207, 0.29060265026067555, 0.9029166298913219]], "T": [0.006120085659135799, -0.17516291008208765, 0.05677190491672556], "aligned_model": [[-0.4521780083102001, -0.24206775822842738, 0.2953155811922036, -0.41092813442995896, -0.592753769599366, -0.6345741677645657, 0.20898658928968777, -0.06698436249324427, 0.35690011328728066, -0.30460646622526766, 0.7634954089102479, 0.387605965289302, 0.023128334580357], [-0.3565965913762613, 0.42118666366946755, -0.602581750848443, 0.7268709420621932, -0.470923904822272, 0.14335407877778403, 0.533804672642839, -0.8223904492030623, 0.021620404731142906, -0.10684518024287923, -0.16435206565741645, 0.04682878803329202, -0.06033821917744414], [-0.5912319340108311, -0.5134609367205322, -0.2086456779886911, 0.11116467137295821, 0.0953510995972168, 0.0024219064261211606, 0.08540441523979064, 0.347470422335838, 0.5377161571376655, 0.611229270044143, 0.05336244083690341, -0.5939695686041921, 0.020244517923890724]], "inverted": true, "swapped": false, "error_lsq": 0.05403902460200679, "error_max": 0.35448359689362874, "target": "1162.xyz", "model": "13.xyz", "model_rescale": 3.9028299243045295, "target_rescale": 3.896062381626415},
{"mapping": [5, 4, 8, 7, 13, 10, 6, 12, 1, 11, 2, 3, 15], "R": [[-0.30441959374999883, -0.08398786201367053, -0.948828092952279], [-0.9314935896224906, -0.18197788113965635, 0.3149662573485109], [-0.19911906848238559, 0.9797091863457719, -0.022836522423812566]], "T": [-0.016144368896958396, -0.04670272870159081, -0.015352659117498509], "aligned_model": [[-0.2644588484706199, -0.22987619018633423, 0.23277535379184922, -0.40474092066586576, -0.6465904765463414, -0.7091672992138056, 0.3098744174957315, -0.10284071648518658, 0.3556802792476399, -0.13629899373540075, 0.689887867561185, 0.2949406658459807, -0.05784581314078307], [-0.38181761741417863, 0.16296895758090485, -0.6881347560424154, 0.7699306790486502, -0.5293195193872422, 0.1835690066541616, 0.45079425223049724, -0.6656147778077222, -0.0567479521998593, -0.13248655333423642, -0.25154590187703585, 0.39985947176784864, 0.048182099369567216], [-0.31223607773895706, -0.623398517932843, -0.36622455242842017, -0.06760735399474296, 0.032292807542599666, -0.16383413271025007, 0.28567353099182125, 0.2907060080477967, 0.5174177231860054, 0.7085677024549987, -0.05667486913960965, -0.3194870825375179, 0.031861597849400146]], "inverted": false, "swapped": false, "error_lsq": 0.04760272336037793, "error_max": 0.3274768827947801, "target": "1162.xyz", "model": "14.xyz", "model_rescale": 3.942246331269136, "target_rescale": 3.896062381626415},
{"mapping": [9, 10, 5, 11, 7, 6, 13, 0, 12, 8, 1, 4, 14], "R": [[0.06574535062516107, -0.9783044024430996, -0.19646385171737002], [0.351650988893824, -0.1615422348552069, 0.9220876793277204], [-0.9338196457995358, -0.1297096855228448, 0.33340105968696976]], "T": [-0.0017431360523385009, -0.040641975570471, -0.076458511516639], "aligned_model": [[-0.5128666709344554, -0.22122588868882348, 0.27104943129625153, -0.3556748736934188, -0.6545605032631072, -0.5561418831988689, 0.3077265087842462, -0.06493883555014401, 0.6329823828483392, -0.4349362224464812, 0.6609637739678469, 0.23314104799000723, 0.025821058386656645], [-0.3708261317946638, 0.29082555868833326, -0.5323688458226334, 0.5649244732913202, -0.5662177165055212, 0.027829569376138882, 0.593632488286402, -0.5821930491058518, 0.05200704743732497, -0.011581731036448384, -0.4720286565580356, 0.4289700123574399, -0.1133356300248651], [-0.6036145237184245, -0.6688748440655162, -0.3706836947700311, 0.07231186779266797, 0.09259513008156077, -0.049199273937374326, 0.32709357920909454, 0.41694418525944993, 0.43011422003798666, 0.5641194918332504, 0.10064744168270941, -0.3371460213895936, -0.01725077442549918]], "inverted": false, "swapped": false, "error_lsq": 0.05226474536214214, "error_max": 0.3126045094675587, "target": "1162.xyz", "model": "15.xyz", "model_rescale": 4.355366556412066, "target_rescale": 3.896062381626415},
{"mapping": [3, 11, 8, 4, 9, 5, 7, 0, 10, 1, 2, 12], "R": [[0.8557845993485754, 0.05544236555437479, -0.5143528590564395], [-0.1668250485888188, -0.9115522578351907, -0.37582161246913987], [-0.48969594921863163, 0.4074292887573268, -0.7708432084292904]], "T": [0.0223576880283331, -0.10677224349174641, -0.06558077704639163], "aligned_model": [[-0.07270838069010516, 0.4568455211451346, 0.05064761016275188, -0.615561493168467, -0.5262474043895087, -0.5619185264148319, -0.10575033795133279, -0.11444116992007769, 0.5895875825696817, 0.1718274159756203, 0.40364714697990195, -0.07811940966698627], [-0.6845316833842042, -0.26926987729192947, -0.4484537275440281, 0.48681536676742143, -0.349209136000692, -0.06912555930081572, 0.4302131493679795, 0.5944708447009243, 0.02544618570358248, -0.09623539105275886, 0.4673156062893469, -0.07465935051384615], [0.3910510383651677, 0.14403964413976567, -0.7855643474781095, -0.040004535692033064, -0.4753172877111296, 0.31625174594958805, -0.5830682441683859, 0.40979127914800506, -0.5350712312755063, 0.7235447710499967, -0.11888282249173858, 0.002488451373800743]], "inverted": false, "swapped": true, "error_lsq": 0.046952379721664446, "error_max": 0.2986312083810857, "target": "1162.xyz", "model": "16.xyz", "model_rescale": 3.795458400668931, "target_rescale": 3.896062381626415},
{"mapping": [8, 11, 9, 4, 3, 7, 2, 6, 1, 0, 5, 10, 12], "R": [[-0.18152448445826375, 0.9282152229004125, -0.32475430946809464], [0.9685168520010755, 0.2259612720751476, 0.104482586645372], [0.17036422433154244, -0.2955638738041551, -0.9400095890839588]], "T": [-0.14207416829245223, -0.0032323131173249767, 0.0010071619953922052], "aligned_model": [[-0.39385263367032575, -0.33301236481929647, 0.425448367430486, -0.23294590509368857, -0.6782907142609025, -0.7808224680117812, 0.2890108738318442, -0.026867218286290434, 0.3659998614898301, -0.26310814480066347, 0.560515655990371, 0.43588008812758494, -0.036616072429118754], [-0.46407194803303664, 0.14786090705197386, -0.4179931903586775, 0.6318621493414263, -0.5344102626776311, 0.14286368004384153, 0.485648411188838, -0.650607597979219, -0.10718570400746005, -0.0518675640387654, -0.31658419198623355, 0.32502461498309426, 0.11909808506078909], [-0.4255150620181406, -0.7710380524505998, -0.5502073744522633, -0.061387866566427945, 0.2885897386590087, 0.044953150821158736, 0.27797136253318944, 0.1591477647767064, 0.66872797552233, 0.5789308389344211, 0.10471223828572741, -0.3106335440944321, -0.04719438636039694]], "inverted": false, "swapped": false, "error_lsq": 0.044941248391398646, "error_max": 0.26815219945496843, "target": "1162.xyz", "model": "17.xyz", "model_rescale": 3.7474275329858107, "target_rescale": 3.896062381626415},
{"mapping": [3, 10, 8, 12, 1, 11, 9, 0, 6, 2, 4, 5, 13], "R": [[-0.25569218914240843, 0.8060094909615061, -0.5338260061963417], [0.21196731692745413, -0.4920052666756825, -0.8443936724762726], [-0.9432345206607627, -0.329058532852993, -0.04504576551127387]], "T": [-0.14986285986221864, -0.008726098386713947, 0.009543928573754818], "aligned_model": [[-0.46813444490363143, -0.17946842819335643, 0.19770927438382835, -0.1549044757332726, -0.6674411361129935, -0.7982619327202871, 0.2251481024805259, 0.11239290801348528, 0.3772645896967148, -0.18794116299246322, 0.6656066086566612, 0.33199410183714156, -0.12262467891430395], [-0.4306497122491481, 0.14848593285482653, -0.44092715263496535, 0.7302786960965597, -0.4218882266239843, 0.14815438730422595, 0.4272575578865164, -0.7447768345867163, -0.02476379112853818, -0.20579508959072168, -0.1641042521511774, 0.3553308466108995, -0.06696497319883707], [-0.41621755809422045, -0.6619076765476833, -0.4478949322820406, -0.10483884615060171, 0.2093643493355045, -0.26741061161691654, 0.35160999739887133, 0.30719072720634294, 0.5724633329233868, 0.6903864796428242, 0.019187437628449017, -0.3885720669993439, 0.09369615114570855]], "inverted": true, "swapped": false, "error_lsq": 0.043573876314361555, "error_max": 0.28610105145841874, "target": "1162.xyz", "model": "18.xyz", "model_rescale": 3.922800546911778, "target_rescale": 3.896062381626415},
{"mapping": [5, 12, 8, 7, 0, 3, 11, 1, 10, 2, 6, 13, 14], "R": [[-0.16523863614309803, 0.9520418935720247, -0.25751199197195207], [-0.6283655076345811, -0.3028722917484234, -0.7165369241750166], [-0.7601664172671039, 0.04341206946059761, 0.6482764921578169]], "T": [0.020068627096704685, -0.07332796261115654, -0.011973669854698013], "aligned_model": [[-0.3892086261984508, -0.3756645394256978, 0.3364846118846691, -0.29219927445669447, -0.7273987508275053, -0.5926106596081652, 0.31142625507151744, -0.012701788500618504, 0.4223549424577761, -0.227939510052571, 0.5588124629209344, 0.3445566396907817, -0.024572437457926977], [-0.5042178474934205, 0.19735123019062367, -0.3533627854196344, 0.6600819912131233, -0.43130473419110577, 0.11017647058434543, 0.5464163595472009, -0.7700383331464318, 0.07367374426896095, -0.15392158382776533, -0.4608655476195654, 0.3838256483970758, 0.011822776085533171], [-0.490888857781577, -0.635465514279982, -0.45452544830204095, -0.0649794841542616, 0.09567290754180517, -0.002000795368630185, 0.18365690173924715, 0.2360258934231912, 0.6715150761469101, 0.6552036640788869, 0.17600896625927254, -0.4088764947943364, -0.004290030918203885]], "inverted": true, "swapped": false, "error_lsq": 0.043151976821776745, "error_max": 0.2736047911119992, "target": "1162.xyz", "model": "19.xyz", "model_rescale": 3.9282355846067225, "target_rescale": 3.896062381626415},
{"mapping": [8, 4, 6, 0, 9, 11, 1, 7, 2, 10, 5, 3, 13], "R": [[-0.31090495614167907, 0.2616126038250738, 0.9137269579947864], [0.7052681294196432, 0.7079600020721757, 0.03727601227173816], [-0.6371302644447667, 0.6560117994257652, -0.4046153051266248]], "T": [-0.07423025923980532, -0.19432992325188622, -0.02494146318714559], "aligned_model": [[-0.4956769306461164, -0.289540535904288, 0.34201901706716253, -0.2091677411648608, -0.7069093241878198, -0.6680941857990218, 0.312421958267845, 0.12913233985161754, 0.3746657478770226, -0.3650244778199301, 0.6230932517056597, 0.33191864437458485, -0.04749843812380654], [-0.4875247557776724, 0.12830660349612769, -0.479815544783202, 0.5940606105674024, -0.4661750377218179, 0.2064747778251335, 0.39399534737543196, -0.6992755109625098, -0.08332387507711154, 0.10346823574648331, -0.15659448711940985, 0.31557858656835147, -0.05953756154826764], [-0.5862266602740658, -0.5238552847139242, -0.43976498461507557, -0.045659338384689996, 0.04019116882723396, -0.018278156786784145, 0.23171830176311312, 0.2779964563970112, 0.6568842054577553, 0.7293723494459136, -0.02246958309823967, -0.4009620063058565, 0.05811031587788994]], "inverted": true, "swapped": false, "error_lsq": 0.03671765033159813, "error_max": 0.2549392826601449, "target": "1162.xyz", "model": "20.xyz", "model_rescale": 4.067790424073018, "target_rescale": 3.896062381626415},
{"mapping": [10, 12, 7, 3, 13, 11, 2, 5, 4, 6, 8, 0, 14], "R": [[-0.181825690376838, 0.3074219444579206, -0.9340402380972125], [0.253925817771589, -0.9029783467753141, -0.3466291740808186], [-0.94997952472041, -0.3002030201724024, 0.08612229265034782]], "T": [-0.04047145192481359, -0.10980774133001721, -0.020491409970452474], "aligned_model": [[-0.6036867833246798, -0.3593541337267244, 0.4631751517607683, -0.2711659161465116, -0.5557054064099599, -0.6530809064918491, 0.30273828683249715, 0.04927252606367562, 0.40346422466168286, -0.29013274860763794, 0.45678864023187365, 0.4815541036355784, -0.09252771298066434], [-0.5124771845626429, 0.23524603465560145, -0.3357989015020533, 0.7085923999865328, -0.5706139906168285, 0.09206996556420351, 0.458249143069359, -0.5768482130246334, -0.13438663162476375, 0.16936287755712665, -0.38433324877324904, 0.29572216175219324, -0.1351470238919058], [-0.4585925758174912, -0.6256902151762915, -0.5224197428316905, -0.04780971008840543, 0.09048191043142163, -0.06507057117115436, 0.3160206742814274, 0.3292017942414079, 0.6464339891124187, 0.617701276593873, 0.02986773256009827, -0.28028526395656184, -0.07278251458877101]], "inverted": false, "swapped": false, "error_lsq": 0.04766227728576247, "error_max": 0.3178541990740561, "target": "1162.xyz", "model": "21.xyz", "model_rescale": 4.186013935880536, "target_rescale": 3.896062381626415},
{"mapping": [6, 7, 0, 10, 3, 4, 9, 5, 8, 11, 2, 1, 12], "R": [[0.07401483965033562, 0.5885621359568591, -0.8050567778917428], [-0.7459302303965987, 0.5684747148779484, 0.3470224631416709], [0.6618987044042406, 0.5748313758506357, 0.4811018545439758]], "T": [-0.023619095248965456, -0.03145469312658548, 0.011177689455055343], "aligned_model": [[-0.3736775040569423, -0.2248326951769091, 0.24045634738149022, -0.36655244432488787, -0.6576446320722934, -0.7239708537928602, 0.24120130422370353, 0.09060954348565901, 0.405173312174018, -0.2946352112252173, 0.6050010024043599, 0.4546093353707109, -0.06439817889278253], [-0.2876210629338886, 0.3512472352458926, -0.4553387892180917, 0.7275265299799396, -0.6889522318199884, 0.1573208221020587, 0.5029278772880719, -0.7694601519543072, 0.06805001864384824, -0.005827483485872344, -0.3846580893534224, 0.1441920116300236, -0.04976929753532434], [-0.33766432409802855, -0.5815921318962659, -0.5107177739153278, -0.04023878359746183, 0.1455177802864819, -0.02738871980351723, 0.18367750017521753, 0.21326315886880257, 0.6387954189492923, 0.5811421530131241, 0.18375618343719416, -0.5137690118275909, 0.022275333998361097]], "inverted": false, "swapped": false, "error_lsq": 0.045192516870213965, "error_max": 0.29211951039037626, "target": "1162.xyz", "model": "22.xyz", "model_rescale": 4.166573947596378, "target_rescale": 3.896062381626415},
{"mapping": [13, 14, 7, 11, 5, 6, 3, 0, 4, 2, 8, 9, 15], "R": [[0.2893491632499686, 0.9105212860710838, -0.29534395090809434], [-0.9529620563624865, 0.3030886229585592, 0.0007783100062807302], [0.09022405920775531, 0.2812263754425324, 0.9553906765797602]], "T": [-0.06322962087916564, 0.030588163877742693, -0.038193924401322625], "aligned_model": [[-0.45195690847416725, -0.2813869648271622, 0.057058706547271146, -0.08713246026753985, -0.5211984254094135, -0.768961962066308, 0.26086283894751483, 0.11911378773304968, 0.330575979253408, -0.2688916411789465, 0.7155559800564053, 0.32798240248624233, -0.10028200730230473], [-0.4225277170324435, 0.20072226121676578, -0.6429977601037185, 0.8171895484580854, -0.660189646077231, 0.029699751768843197, 0.4005273811741107, -0.6665516162627262, -0.13315681972217686, 0.21159454333476763, -0.18082587533982866, 0.37225846350869823, -0.016105126334206812], [-0.6385190306910424, -0.779435804912966, -0.2460457200375588, 0.014534089707547687, -0.10263438181971596, 0.24649661863322148, 0.30754543552997965, 0.345866970665322, 0.5601021920950823, 0.576419013301069, 0.015436589472022345, -0.3392981014007969, -0.0034110869518832465]], "inverted": true, "swapped": false, "error_lsq": 0.04922440208728744, "error_max": 0.2719832245035063, "target": "1162.xyz", "model": "23.xyz", "model_rescale": 4.274766983524099, "target_rescale": 3.896062381626415},
{"mapping": [9, 6, 3, 5, 1, 0, 4, 2, 7, 10, 12], "R": [[-0.5311703501114562, 0.39306144685516187, -0.7505736194129127], [-0.7554386300689683, -0.6208240929306308, 0.20949921679180494], [-0.38362812118247197, 0.6782920791465769, 0.6266971517447806]], "T": [0.0030528227113830048, 0.22652270123034784, 0.0015237816892685122], "aligned_model": [[0.3896879257611069, 0.17032052308775109, -0.4503231678804525, -0.406094935816207, -0.7782985588857302, -0.48684847668304587, -0.05965366894731841, 0.06698699743934049, 0.507293188765297, 0.49685370768705367, -0.07002883056972006], [-0.07571399420762465, 0.6135859984978422, 0.5261512811592464, -0.24037243458176638, 0.37305791664951815, -0.2902193880952892, -0.6394375409916582, 0.17282839796416707, -0.22682149283384895, 0.5719111528324421, 0.13061663485045444], [-0.5340072439930549, -0.3753063202506572, -0.5044693683603593, -0.3197223654610411, 0.11636630259821548, 0.4804900832758177, 0.07976719488465286, 0.6876935579991345, 0.33734955801317773, 0.4448298344222333, -0.033424799106541635]], "inverted": true, "swapped": true, "error_lsq": 0.05168423010504948, "error_max": 0.28133200049845336, "target": "1162.xyz", "model": "24.xyz", "model_rescale": 3.7841303162186577, "target_rescale": 3.896062381626415},
{"mapping": [7, 10, 8, 14, 6, 11, 12, 4, 5, 3, 2, 9, 15], "R": [[0.9349512355188695, 0.3414195759710765, 0.09643059859541589], [0.3339139823261045, -0.755010067572048, -0.5643237105349853], [-0.11986508919974123, 0.5598146755923626, -0.8199023657622634]], "T": [-0.08164174493767892, -0.1159531707269213, -0.14287791460827307], "aligned_model": [[-0.6009904989039405, -0.3307253614172737, 0.35600750668917136, 0.008230744770846343, -0.5338163950667071, -0.8066046365628451, 0.24868448995457051, 0.11518117035033984, 0.34856429383121756, -0.3145359630171629, 0.637028116483499, 0.32806362604187145, -0.12374776765553809], [-0.2936860113975266, 0.29411258569136606, -0.4151666939628933, 0.668757750519192, -0.5445300029974509, 0.09164901046355442, 0.4030268619946588, -0.6310697617338143, -0.07606778263662245, -0.14030378880377253, -0.17489037412961494, 0.2752947440988125, -0.14748914851694858], [-0.4914370476131451, -0.7552981401819742, -0.404396907612677, -0.2167065539105719, 0.2230270414454519, 0.0011974451661199426, 0.30064909765406245, 0.3597352373737638, 0.6204507599922194, 0.6279458124639885, 0.07810413051566065, -0.2885051327412447, -0.09770895896137313]], "inverted": true, "swapped": false, "error_lsq": 0.04339638866160689, "error_max": 0.2561216724466865, "target": "1162.xyz", "model": "25.xyz", "model_rescale": 4.19342608120988, "target_rescale": 3.896062381626415},
{"mapping": [3, 11, 8, 4, 9, 5, 7, 0, 10, 1, 2, 12], "R": [[0.8557845993485754, 0.05544236555437479, -0.5143528590564395], [-0.1668250485888188, -0.9115522578351907, -0.37582161246913987], [-0.48969594921863163, 0.4074292887573268, -0.7708432084292904]], "T": [0.0223576880283331, -0.10677224349174641, -0.06558077704639163], "aligned_model": [[-0.07270838069010516, 0.4568455211451346, 0.05064761016275188, -0.615561493168467, -0.5262474043895087, -0.5619185264148319, -0.10575033795133279, -0.11444116992007769, 0.5895875825696817, 0.1718274159756203, 0.40364714697990195, -0.07811940966698627], [-0.6845316833842042, -0.26926987729192947, -0.4484537275440281, 0.48681536676742143, -0.349209136000692, -0.06912555930081572, 0.4302131493679795, 0.5944708447009243, 0.02544618570358248, -0.09623539105275886, 0.4673156062893469, -0.07465935051384615], [0.3910510383651677, 0.14403964413976567, -0.7855643474781095, -0.040004535692033064, -0.4753172877111296, 0.31625174594958805, -0.5830682441683859, 0.40979127914800506, -0.5350712312755063, 0.7235447710499967, -0.11888282249173858, 0.002488451373800743]], "inverted": false, "swapped": true, "error_lsq": 0.046952379721664446, "error_max": 0.2986312083810857, "target": "1162.xyz", "model": "26.xyz", "model_rescale": 3.795458400668931, "target_rescale": 3.896062381626415},
{"mapping": [8, 11, 1, 4, 5, 10, 3, 6, 0, 7, 2, 9, 12], "R": [[-0.8498792917253681, 0.36165774277246404, 0.3832869246258122], [0.03404162521232523, -0.6881342920801643, 0.7247843567684354], [0.5258767510066312, 0.629026925620881, 0.5725196674304318]], "T": [-0.011725821152187614, -0.04949327419717056, -0.12956761820054094], "aligned_model": [[-0.35730333207730836, -0.40245998818962986, 0.3216013929551142, -0.26102723510598325, -0.6163394500700111, -0.5986499612836709, 0.20636416603959784, -0.16466791247634874, 0.4573879968287646, -0.34100270122114745, 0.8571755625209534, 0.30876560025263766, -0.0785048126749191], [-0.5690691066701129, 0.22667704816161402, -0.5209410920870488, 0.743559431160169, -0.4042171715466776, 0.2946904675469134, 0.415672329711009, -0.827001891535242, -0.19428050287054308, 0.015869665448147635, 0.018199849977405397, 0.18458727595390978, -0.07410891466060385], [-0.505558107919389, -0.6611984633281873, -0.2598868182194415, -0.21776849213401342, 0.1451573065082142, 0.08196023849732395, 0.40065335203289154, 0.1012483828528922, 0.5414331837999726, 0.6103732720078529, -0.006024345257054309, -0.2934756258215554, 0.02014290057077392]], "inverted": true, "swapped": false, "error_lsq": 0.05456516759720647, "error_max": 0.3416164269896439, "target": "1162.xyz", "model": "27.xyz", "model_rescale": 3.6321398670334006, "target_rescale": 3.896062381626415},
{"mapping": [9, 12, 10, 7, 13, 6, 3, 11, 5, 1, 0, 8, 14], "R": [[0.7926177852218643, -0.47836277642606845, -0.3780556846285082], [-0.39819640621360836, 0.06343070574212632, -0.915104457232956], [0.46173224776763616, 0.8758684831063391, -0.14020603293884026]], "T": [-0.0496009823300036, -0.031304159211954535, -0.004949024781739964], "aligned_model": [[-0.3427912842334531, -0.3923191272935812, 0.3921282020709172, -0.07065078994685076, -0.640508824566151, -0.8171705775835059, 0.3660234943463954, 0.007880635162150866, 0.3970725275110384, -0.20614226306092126, 0.5275647637029954, 0.1965133449156673, -0.08626077552665277], [-0.45540684370560114, 0.356282707007193, -0.4755248096008847, 0.7303043711965322, -0.5513716100663376, 0.014597834535208631, 0.42688128725436725, -0.6638734097313467, -0.08455304236796912, 0.08067071976529108, -0.2219017043177047, 0.20786755819428124, -0.05433566957408957], [-0.43009431888162253, -0.6497981738911223, -0.4656169902548555, -0.14776616665264913, 0.21146516250664993, -0.11736504033635951, 0.29318260889066955, 0.09032869226969434, 0.7497804987018217, 0.6355380165012667, 0.13634489449888446, -0.39128339202328594, 0.042340992261189314]], "inverted": true, "swapped": false, "error_lsq": 0.04205629573581688, "error_max": 0.21049441321842866, "target": "1162.xyz", "model": "28.xyz", "model_rescale": 4.156811204709835, "target_rescale": 3.896062381626415},
