[{"mapping": [10, 5, 8, 0, 11, 1, 2, 14, 13, 4, 7, 12, 6, 15], "R": [[0.5591234176624775, -0.7536686122149721, 0.3454918621087753], [0.8290364444788059, 0.5037508860468005, -0.24276247348592345], [0.008920624830755314, 0.42215952881466684, 0.9064776636429646]], "T": [-0.029415750049996102, 0.07557051106222702, 0.10051397363089869], "aligned_model": [[0.0022768944024800855, 0.3754921498861301, -0.5885475699899846, -0.3602361993463074, -0.6921110656189006, -0.144896979194956, -0.6850896264395139, 0.04249703660146779, -0.37003530156582626, 0.3318015039457909, 0.6267045600378712, 0.23356155122858993, 0.6333874181115122, -0.033312270930049605], [-0.6573195755421998, -0.08768998564512535, -0.32141742140672713, -0.47479025301443156, 0.3759213154128797, 0.24630835974847487, 0.10688524354150164, 0.5315895495685528, 0.6745220336508279, -0.16160998116543457, 0.4058591964901655, 0.618662940142005, -0.00020997398611222184, -0.02143811598434238], [0.3452537640515493, -0.4725513958800373, 0.2969460947091893, -0.18757399473816821, 0.533137425312002, -0.5952571280704152, -0.08408878946691399, 0.6160459694224119, 0.0928972365708595, 0.6848321610949675, 0.451938725219911, -0.0886703540735053, 0.10079885198636095, 0.20387952104162205]], "inverted": false, "swapped": true, "error_lsq": 0.044426685806859656, "error_max": 0.34360273353562176, "target": "1163.xyz", "model": "0.xyz", "model_rescale": 3.8414455957264533, "target_rescale": 4.162574792929204},
{"mapping": [5, 6, 13, 7, 12, 14, 11, 1, 8, 2, 9, 3, 10, 0, 15], "R": [[0.4643404826972052, -0.8244710244163481, -0.32347402681882254], [0.8413938450316684, 0.5246781092167521, -0.12949625188228053], [0.27648564821948995, -0.21203870308646905, 0.9373341318452331]], "T": [-0.04479923759876718, -0.004085389253099314, -0.046164338247788816], "aligned_model": [[-0.7135322128603226, -0.550825868830634, 0.183525142286468, -0.34151460848101883, -0.3937818271460988, 0.2063879680672095, 0.7261527295842573, -0.40749006237527957, 0.5295806686889327, 0.34044851486509103, 0.593079045543534, -0.5033923407562626, 0.12204640298731227, 0.05263293421214041, 0.028727667719216074], [0.20978770986969442, 0.05109197639614619, -0.5878573692319417, -0.391243791489387, -0.5303775291275382, -0.5167640758049139, -0.3306499165260303, -0.09252132481285374, 0.3852381239373533, 0.005262057100929057, 0.03329136995186359, 0.7505720332043279, 0.6956103130032226, 0.5847521623940736, 0.08085278917806914], [0.11527549642123153, -0.4773757824360307, 0.24001894727233908, -0.6982012952686056, -0.012624912794571952, -0.4372699545641721, 0.07844469721576816, 0.5761050601208784, 0.11914843838085376, 0.5163868321015908, -0.39270527208157163, -0.3260273972218711, -0.33009799992254085, 0.326811703198637, -0.13270677308239984]], "inverted": true, "swapped": true, "error_lsq": 0.036542512309846585, "error_max": 0.20590577043589692, "target": "1163.xyz", "model": "1.xyz", "model_rescale": 4.316132596720782, "target_rescale": 4.162574792929204},
{"mapping": [12, 1, 13, 4, 14, 6, 9, 3, 2, 5, 0, 15], "R": [[0.5055155917523565, -0.10650617005906424, 0.8562186766443574], [0.8447383618608402, 0.26317306269091445, -0.4660011148855207], [-0.17570169747594644, 0.9588515916518225, 0.2230079341432436]], "T": [-0.019642092604951814, -0.00241339444155079, -0.0963397913848294], "aligned_model": [[-0.13927355789257245, 0.5413960546978915, 0.11595556495095913, -0.6500896947617196, -0.5181448446397046, -0.44452016705730296, -0.3152862379290026, -0.11544907385813512, 0.5431474505791056, 0.16095704337828193, 0.4969496782177923, -0.07783366105381258], [-0.6033688024627485, -0.36225256539790884, -0.5328682759809089, 0.35866401617835364, -0.285330587762509, -0.005512623061646219, 0.32929090155345075, 0.6067014221680921, -0.014046689796263731, -0.06779487803868606, 0.46809491243221735, 0.12119959790953778], [0.0599870055622124, 0.19060396885039987, -0.5147337610903038, -0.11420481737736712, -0.4840908958141564, 0.4179751115942638, -0.6716163721785354, 0.5949914995616985, -0.48117692747634816, 0.5980070445936086, -0.012145413260904903, -0.1343379817551463]], "inverted": true, "swapped": true, "error_lsq": 0.03608260563688868, "error_max": 0.16957690309597762, "target": "1163.xyz", "model": "2.xyz", "model_rescale": 3.795458400668931, "target_rescale": 4.162574792929204},
{"mapping": [4, 14, 11, 1, 10, 0, 13, 6, 12, 5, 8, 15], "R": [[0.27241445980538903, -0.9511674723764505, -0.14515785056941577], [-0.9521876930491473, -0.24481419786059305, -0.18276926911167982], [0.13830748097872836, 0.18800651057574883, -0.9723808886884038]], "T": [0.07522215973295349, -0.006144487382119447, 0.07858981468370863], "aligned_model": [[0.11269552530790683, -0.23891495086325126, -0.7626331762480865, 0.3126502668950908, 0.13111883994941276, 0.07717618641685756, -0.3303264439632498, 0.6344505394721802, 0.27257455212810705, 0.7465791356480507, -0.40039647517778026, 0.03832982617832713], [-0.11081842800152025, -0.5747595682171618, -0.11463181610237669, 0.08615159420029196, 0.5493166935399091, 0.6876901531099453, -0.3841289050609219, -0.21284921687272063, -0.5333291840943226, 0.1282330642459408, 0.513885838748376, 0.05100881979427004], [-0.6396019060333986, -0.1599323365773843, 0.13119849619890944, 0.7580705579542125, -0.4565440988370696, 0.1965876589845226, 0.48783391055018144, -0.22072202419879938, 0.36673124892890874, 0.30271210152083905, -0.0317223007749097, -0.04583987707691191]], "inverted": false, "swapped": true, "error_lsq": 0.04028488244769211, "error_max": 0.25179225522245635, "target": "1163.xyz", "model": "3.xyz", "model_rescale": 3.7530521520055578, "target_rescale": 4.162574792929204},
{"mapping": [9, 2, 0, 5, 10, 12, 4, 14, 7, 6, 15], "R": [[-0.3814382081586165, -0.8826599564931791, -0.27462027339619904], [0.801354905795251, -0.1676476770610903, -0.574216484728456], [0.46079844651933083, -0.439096410346839, 0.7712711158249685]], "T": [-0.06672816936433332, 0.015486214586431707, -0.14351601626582097], "aligned_model": [[-0.5075312392171955, -0.20722691407332888, 0.37724594828389724, 0.5493376221676778, 0.30040726042527655, -0.23160466361345458, -0.138270388651813, -0.6798059708836132, -0.281352482452352, 0.22237630437113945, -0.06537587391102909], [-0.5506326280740345, -0.1007017900776406, -0.33649858334295857, 0.385057069343112, -0.6427253456238351, 0.6155263249816018, -0.36061589836151364, 0.06939762063793206, 0.29449531282869224, 0.21003827962748248, -0.11613700362449186], [-0.026989389915047818, -0.8005757358504494, -0.5610414678394399, -0.08976995811292701, 0.02968613721196922, -0.030978178532990702, 0.47421300699148106, 0.1729128392938928, 0.5907687788855226, 0.42535910188329407, -0.09075435676998866]], "inverted": false, "swapped": true, "error_lsq": 0.04794351791751264, "error_max": 0.2676972174512249, "target": "1163.xyz", "model": "4.xyz", "model_rescale": 3.7855080009869324, "target_rescale": 4.162574792929204},
{"mapping": [3, 7, 10, 0, 12, 4, 1, 11, 9, 14, 2, 15, 6, 8, 13, 16], "R": [[0.4911696881055494, -0.21065279906630324, -0.84520869359693], [-0.7995433628860016, -0.49407814142277884, -0.3414926075820036], [-0.3456627667991464, 0.8435118187753768, -0.41110225398921707]], "T": [-0.03316395110398305, 0.007979929231625053, 0.03602136696569429], "aligned_model": [[-0.7033640340231414, 0.16375886834477713, -0.3537093191760803, -0.3113916715386344, 0.17968524832060173, 0.24377842527812596, 0.07224197704702162, 0.6379318619512007, -0.6730931897685388, -0.2992198972552142, -0.5929439647609286, -0.16964440826167557, 0.5764519587742553, 0.25364328050752516, 0.49721612908307966, -0.06761529276628714], [-0.14601975252496197, -0.09622873340516194, 0.3720765438995391, -0.7164308632501193, -0.051751278413344426, -0.5990117424462978, -0.6612511546125704, -0.1903842256487129, 0.3120217938147395, 0.30833903098036386, -0.22243497367348425, 0.8195292249207328, -0.08503100443921535, 0.5773895144875923, 0.4103881020111858, 0.027872474878829354], [-0.06161342331555443, -0.6793326920063031, -0.5077144110268641, -0.043302164462388534, 0.6795993841071591, -0.283141310274015, 0.37384274834455017, 0.4138021235676566, 0.10647087606311494, 0.580719487071807, 0.45950808034422574, 0.08161667556643046, -0.17797507391117745, -0.2620125406313946, 0.32173498564072084, 0.07213429929091872]], "inverted": true, "swapped": false, "error_lsq": 0.037268373739613066, "error_max": 0.29443074839279887, "target": "1163.xyz", "model": "5.xyz", "model_rescale": 4.2253639853439635, "target_rescale": 4.162574792929204},
{"mapping": [6, 14, 8, 10, 9, 2, 0, 3, 13, 12, 11, 1, 5, 15], "R": [[-0.3133772021351811, 0.9474470029194026, -0.06433432863540178], [-0.7677066696874173, -0.21288550566425396, 0.6044056839536918], [0.558946507726259, 0.23879685537526857, 0.7940748474567763]], "T": [0.08004444055517343, 0.0159280884309035, -0.013533571586039711], "aligned_model": [[0.7017600190809166, -0.13539557070402197, -0.40363434260513276, 0.1968321121911275, -0.36819700039078596, -0.46234997678300993, 0.00440760394500854, 0.7752549278646775, -0.3674629008106909, 0.25726493255290384, -0.7406144363324769, 0.17075421661925244, 0.681364199290792, 0.06407836883922396], [-0.01192207796038991, 0.19370472930955845, -0.4597192332679157, -0.7451715432069733, -0.39386875970443913, 0.08776934183095546, -0.3639958684141657, -0.5540304285246694, 0.5322554198956807, 0.600637134814088, 0.04843676838321108, 0.47493495975550626, 0.15338766497981787, -0.11731896125527379], [-0.25383527870679545, -0.6466837264115227, 0.20698365873395216, 0.058005636161320734, -0.41293624925940575, 0.39342361921360014, 0.5740638022929339, 0.21000268631572808, -0.10278538487634983, -0.17664514583587235, -0.2184748592973867, 0.5411457788721354, 0.35865956042696767, -0.059365888697856556]], "inverted": true, "swapped": true, "error_lsq": 0.04203755476877104, "error_max": 0.25892620148334866, "target": "1163.xyz", "model": "6.xyz", "model_rescale": 3.89814844738969, "target_rescale": 4.162574792929204},
{"mapping": [9, 11, 2, 4, 0, 13, 14, 10, 6, 12, 1, 5, 15], "R": [[-0.9342063299091851, -0.06410543988419061, -0.3509259547751711], [0.31570183437861143, 0.30947953148727664, -0.8969697717093902], [0.1661050418487977, -0.9487428061216961, -0.268879532327656]], "T": [-0.06792890743615176, 0.08267072462827893, 0.034612988701955366], "aligned_model": [[-0.06719717361827887, -0.043114547002275176, 0.3650315798328183, -0.31835921486715973, 0.6279729553689963, -0.2946766563775583, -0.6220380915100536, 0.35553741949943696, -0.40789013101168214, -0.5494842076186841, 0.12356693942344094, 0.0114316947795369, -0.03214876599431508], [-0.33734582730821494, 0.2224495129404984, 0.4684127456094541, -0.5975726041310457, 0.05005914515671281, 0.5932881820067857, -0.004313453304816556, -0.5609412620990073, -0.20867211633483493, 0.4598995121029329, 0.7063502204147664, 0.21995421095195392, -0.04778700053469889], [-0.5586507854496642, -0.7998837912497418, -0.3241562052186304, -0.01748220759627772, 0.13456747862295743, -0.3687204844189894, -0.3707199805507959, 0.10146916465613066, 0.5291799895009791, 0.19492547145680075, 0.3523203704111927, 0.7373671805409665, -0.007941169868631817]], "inverted": false, "swapped": true, "error_lsq": 0.040962871371931595, "error_max": 0.22668580208826428, "target": "1163.xyz", "model": "7.xyz", "model_rescale": 3.7474275329858107, "target_rescale": 4.162574792929204},
{"mapping": [9, 4, 7, 14, 6, 13, 11, 2, 12, 1, 8, 0, 10, 3, 15], "R": [[0.399027732639742, -0.9139822537146172, 0.07357518929052084], [-0.8714856271698417, -0.35307495071641304, 0.340368742414738], [-0.28511343395353084, -0.19993628753018267, -0.9374090946368474]], "T": [0.03863715494650748, -0.12001060626978906, 0.09866283436273342], "aligned_model": [[-0.4100230758411027, 0.22780069783171072, 0.49404606127364625, -0.12390242608151769, 0.6710113274900791, -0.3665726036233876, -0.7633763955956944, -0.5223274713768475, 0.26475705499672947, 0.1247901287751412, -0.4889213504125108, -0.09938112326740905, 0.09918756189934894, 0.6783959639367186, 0.016669372333842244], [0.11164380968110886, 0.16436809533826235, -0.4593205644267331, -0.4975075408131457, -0.11412416189561822, -0.6746472388389563, -0.2809813563044197, -0.11088891681935052, -0.7097996598048798, -0.3814369561342658, 0.3579329093119063, 0.4115434768448131, 0.6342552084322396, 0.5466485395968502, -0.008567682188218156], [-0.4242296726936236, -0.5428246111837435, -0.48490833815555173, -0.4580911508574859, -0.11374963812236923, 0.15348871640353773, -0.11905583795433207, 0.4862225169778383, 0.12892536056211978, 0.7700931598012838, 0.14410959578159793, 0.5388162501506081, -0.0608570601968773, 0.16509355665166264, 0.013761808531595865]], "inverted": false, "swapped": true, "error_lsq": 0.03459287908414522, "error_max": 0.20394429281887919, "target": "1163.xyz", "model": "8.xyz", "model_rescale": 4.019505241142653, "target_rescale": 4.162574792929204},
{"mapping": [2, 0, 9, 11, 13, 14, 4, 1, 12, 5, 3, 6, 15], "R": [[0.7736352486653184, 0.3749450033888575, 0.5107883577924234], [-0.2005761752651931, -0.6197602911867428, 0.7587268147259002], [0.6010471694788501, -0.68942978315551, -0.4042633722706141]], "T": [0.011278533481193963, -0.06762291652015846, 0.027394513937029727], "aligned_model": [[-0.2966164726279644, -0.6663878232426657, 0.267996151934947, 0.27884355523624127, 0.31830936492268963, 0.6806782349921157, 0.32876010240276665, -0.3429239173982414, 0.3618390724241575, -0.3318466799090704, -0.45968711644139854, 0.17430728512811008, 0.006429014319488651], [-0.5713131410906115, -0.029300574138016802, 0.11730971570736219, -0.4920158379101502, -0.6779581515662253, -0.10667982620029977, 0.5604028954087911, -0.5472736247871978, -0.34552004265618225, 0.04725187231326737, 0.6786348778089093, 0.39171942263933474, 0.03812064258507743], [-0.3138734858497365, -0.15870633201921402, -0.6270306773327283, -0.6543960296339525, -0.062302695468260616, -0.14370968961250236, -0.15412481733374062, 0.44098921297393434, 0.4743594490067361, 0.6503529280987477, 0.3092268263288925, 0.4828909951382623, -0.06697219025255885]], "inverted": false, "swapped": true, "error_lsq": 0.05259222526130189, "error_max": 0.28974280799008295, "target": "1163.xyz", "model": "9.xyz", "model_rescale": 3.877068213659057, "target_rescale": 4.162574792929204},
{"mapping": [12, 3, 6, 0, 8, 5, 1, 7, 10, 9, 11, 14, 4, 13, 2, 15], "R": [[-0.6300112412045781, -0.7719340947345174, 0.08487396150921919], [-0.208515084636689, 0.2734239834497777, 0.9390211844007623], [-0.7480690445639504, 0.5738964006341712, -0.33322008628580824]], "T": [-0.030281187816728405, 0.05551492154665115, 0.025672285896135717], "aligned_model": [[-0.5722097272249673, 0.14361606264014296, -0.36415077693898773, -0.36388749288091304, -0.007867593379999632, 0.05982134455891093, 0.3425376248115288, 0.6236045877145828, -0.6297667141742874, -0.11378286960544985, -0.646259468994296, -0.1812474600039942, 0.6136096667979759, 0.20299237125996852, 0.418155096274995, -0.07143867909912285], [-0.3363122243849608, -0.0721488799570544, 0.2707642535786708, -0.6425581266785741, -0.1801960788869464, -0.6319754119615061, -0.715864276149103, -0.19680369067332232, 0.41575372847118985, 0.4114939445244228, -0.1549913993589755, 0.8066758450154206, -0.04703175803277368, 0.7066900951961632, 0.4481274313447499, -0.022550495468286177], [-0.30746456526186844, -0.5711719507329766, -0.4460303721883307, 0.21320065227507773, 0.7600161364641898, -0.33520721925048436, 0.16310181880717292, 0.44406836606660166, 0.14422980414472056, 0.5751736127716033, 0.37339792809125927, 0.17563227507328774, -0.15593009733644034, -0.3195708687382321, 0.317418192824665, 0.043473331358641114]], "inverted": false, "swapped": false, "error_lsq": 0.03449601804846813, "error_max": 0.21052206515359137, "target": "1163.xyz", "model": "10.xyz", "model_rescale": 4.260839863003843, "target_rescale": 4.162574792929204},
{"mapping": [13, 1, 0, 2, 10, 9, 14, 12, 5, 3, 6, 15], "R": [[0.9395169619574772, -0.10035982232612262, -0.32746875309998896], [0.3385368274562076, 0.1270382737949005, 0.9323379716857497], [-0.051968208070688304, -0.9868075714413024, 0.1533301089024613]], "T": [0.01746571150323919, 0.05621449330953165, -0.10072468071353204], "aligned_model": [[0.3376829786659811, 0.3292430655136397, -0.49320289740744694, -0.21600683133079684, -0.6400956104116298, -0.4193020632520431, 0.2503797691657164, 0.6470643401718673, 0.2726819701596517, -0.292020560735309, 0.27947285962914886, -0.09699837107464927], [-0.02136726281667168, -0.5990265085549239, -0.406206196533196, -0.37908770954398474, 0.20337819551241254, 0.5324520337795183, 0.6049643881314755, 0.059174653525017794, -0.3115873799479802, 0.031050726920317205, 0.3230021543364049, 0.13633141072454433], [-0.7059226589790659, -0.09449056301840121, 0.04321452626383622, -0.5707987054444648, 0.278729954843989, -0.43360312855604766, -0.452182566846564, -0.15983442263980574, 0.4637173077088472, 0.7720432285664987, 0.451749211022095, -0.07644410552541207]], "inverted": false, "swapped": true, "error_lsq": 0.04603608390291911, "error_max": 0.2629009226190204, "target": "1163.xyz", "model": "11.xyz", "model_rescale": 3.890672605050136, "target_rescale": 4.162574792929204},
{"mapping": [14, 7, 4, 11, 9, 1, 12, 2, 13, 5, 10, 6, 0, 15], "R": [[0.32459797022798004, -0.6754096979624874, -0.6621615343872645], [0.253401359725155, 0.7365751442131114, -0.6270923439310008], [0.9112759782927001, 0.03576026881408134, 0.41024053256720827]], "T": [0.031253579489862, -0.0009687790626522622, 0.1497025742473556], "aligned_model": [[0.41212354579512805, 0.008810833503110502, 0.40135766704894943, 0.6921174383537868, 0.7537558924922695, -0.5447197713677475, -0.30579496672194356, 0.16830105678653934, 0.12814046502512016, -0.646796755279305, 0.2982715032766438, -0.26775609636976655, -0.02089801295945462, 0.1329630352103629], [-0.15850343938141753, 0.2599299563720652, 0.5497130443512657, -0.528384085440683, 0.07509391645834428, -0.3765305742414372, -0.2818354739711228, -0.4841946909220121, -0.6567887046654487, 0.22763065608958272, 0.6189415821346747, 0.47231500629448997, 0.12066446351372011, 0.09410086323574425], [-0.4061921555476569, -0.6213434724074813, -0.1468319573210351, 0.19008564670570105, 0.1255940879432204, 0.3816353022644338, -0.3057195755743339, 0.6108725340968226, -0.03827555363754048, 0.23335875582421506, 0.5271180485291809, -0.21312861936078192, 0.8409473814842927, 0.17667001235782448]], "inverted": true, "swapped": true, "error_lsq": 0.043750442470664695, "error_max": 0.2902620827676343, "target": "1163.xyz", "model": "12.xyz", "model_rescale": 4.124412569039231, "target_rescale": 4.162574792929204},
{"mapping": [6, 12, 1, 4, 5, 3, 14, 10, 13, 9, 0, 2, 15], "R": [[-0.5227720926133427, -0.23328950157475672, -0.8199300870438092], [0.4317233916139774, 0.7569080904985227, -0.49061701526873763], [0.7350675154827556, -0.6104638818086472, -0.29497389153809384]], "T": [0.09926422535353979, 0.18687042772249837, -0.011543926372087824], "aligned_model": [[-0.13926789401751288, -0.03683316048687804, 0.6742492634059443, -0.45624135401190574, 0.4798893105204483, 0.30026970993211377, -0.5262865508612475, 0.1373290680645568, 0.031121517412220884, -0.3199994396845473, 0.6690013412530438, 0.5065986448220967, 0.04746785116142426], [-0.20866471450093874, 0.5448553839382281, 0.47542184388741615, -0.26770298994534425, -0.08559567892265804, -0.6965873953500739, 0.47986478597003435, -0.4876765632623874, 0.8717058665786092, 0.15141930872044615, -0.08561293481481416, 0.5630519058905692, 0.09300655831939118], [0.4698137183053503, 0.4916671923953095, 0.32418667912373866, -0.1252839541659356, 0.5360828445402144, 0.1814272148206919, -0.05324025068473217, -0.3877982186707953, -0.04588942113737773, -0.6042812563893213, -0.3221662915255773, -0.4084484375492114, -0.1043717380945149]], "inverted": false, "swapped": true, "error_lsq": 0.03822256861396452, "error_max": 0.263518128635185, "target": "1163.xyz", "model": "13.xyz", "model_rescale": 3.9028299243045295, "target_rescale": 4.162574792929204},
{"mapping": [6, 7, 3, 11, 12, 9, 14, 13, 2, 8, 1, 0, 10, 4, 5, 15], "R": [[0.47218286141154014, -0.2178600805195421, 0.8541547463459], [0.2248321046591164, -0.907165650661606, -0.35566980048108815], [0.8523460976057569, 0.3599825934343542, -0.3793661322792456]], "T": [-0.08099450541862455, 0.05594210252152776, 0.09194285700514458], "aligned_model": [[-0.5497891563274763, 0.19266531662035782, -0.3312652364668207, -0.1939889864816778, -0.01875074558952368, -0.07623048404711943, 0.41511395549545616, 0.5567551933274035, -0.7013849851515154, -0.11510280527129893, -0.6018618276787313, -0.22129987249126842, 0.5859448534584717, 0.2903448853323354, 0.29242492442544676, -0.06984905739795257], [-0.18787505064009646, -0.1575479502207694, 0.3749526396542105, -0.6420425962211558, -0.16043605466618296, -0.5724329617837458, -0.6747834040256285, -0.13032343327502915, 0.36994750891871164, 0.5668723676980231, -0.307155074826861, 0.8693644708823716, -0.0819033165574703, 0.5120603978296969, 0.2973587541029709, -0.016983340289931176], [-0.31449660140489444, -0.7448129347398865, -0.3816458713415821, 0.30620040274928556, 0.7503853346865845, -0.3618936103742158, 0.14641561968353706, 0.5292434672482654, 0.3341535647905709, 0.6701245305001282, 0.22998787917553926, 0.015295196469579844, -0.21061810225516275, -0.24484555052187246, 0.34567059181016235, 0.00517312789284699]], "inverted": false, "swapped": false, "error_lsq": 0.040193116043238615, "error_max": 0.2683818520458567, "target": "1163.xyz", "model": "14.xyz", "model_rescale": 3.942246331269136, "target_rescale": 4.162574792929204},
{"mapping": [0, 1, 2, 12, 7, 13, 9, 8, 10, 11, 14, 4, 5, 6, 15], "R": [[0.7930775517849946, 0.5378714894825987, 0.28587105074926644], [-0.5980943343507252, 0.5987399480965137, 0.5327228564375168], [0.11537401818556021, -0.5934683945713999, 0.7965451026605859]], "T": [-0.10616188192545792, -0.06775640148568231, -0.04832325281339207], "aligned_model": [[-0.7663158570847824, -0.31849890359746724, -0.2600292743576935, 0.3030381946240255, 0.4406897033528401, 0.3580043484450599, 0.09601043324916594, -0.42679561112852904, -0.6106863310327917, 0.27458821340655903, 0.549718384185034, 0.027741652496275637, -0.47369202188230886, -0.0804371110604487, -0.13904178308272896], [0.09893878271682764, -0.5616667039297536, 0.18174985209854244, -0.5398510479568451, -0.31269343922390513, -0.06219103268658212, 0.6155862696430078, 0.5405283365994309, 0.3290453535536983, 0.5497057083535937, 0.11794303752583478, 0.21841720980353907, -0.6770560403005188, -0.44177758308857495, 0.04146598677335632], [-0.22648964266205568, -0.5357146310594229, -0.6639842632417943, -0.14619612691890566, 0.5030777122597119, -0.5575789422496942, 0.09501374118070964, -0.23805221184904307, 0.38299254242391173, -0.48456704441737103, 0.07098662073708713, 0.6061496208413992, 0.06429939727054228, 0.5034893917237645, 0.035936316321677]], "inverted": false, "swapped": true, "error_lsq": 0.038759597152760256, "error_max": 0.25806413234407416, "target": "1163.xyz", "model": "15.xyz", "model_rescale": 4.355366556412066, "target_rescale": 4.162574792929204},
{"mapping": [12, 1, 13, 4, 14, 6, 9, 3, 2, 5, 0, 15], "R": [[0.5055155917523565, -0.10650617005906424, 0.8562186766443574], [0.8447383618608402, 0.26317306269091445, -0.4660011148855207], [-0.17570169747594644, 0.9588515916518225, 0.2230079341432436]], "T": [-0.019642092604951814, -0.00241339444155079, -0.0963397913848294], "aligned_model": [[-0.13927355789257245, 0.5413960546978915, 0.11595556495095913, -0.6500896947617196, -0.5181448446397046, -0.44452016705730296, -0.3152862379290026, -0.11544907385813512, 0.5431474505791056, 0.16095704337828193, 0.4969496782177923, -0.07783366105381258], [-0.6033688024627485, -0.36225256539790884, -0.5328682759809089, 0.35866401617835364, -0.285330587762509, -0.005512623061646219, 0.32929090155345075, 0.6067014221680921, -0.014046689796263731, -0.06779487803868606, 0.46809491243221735, 0.12119959790953778], [0.0599870055622124, 0.19060396885039987, -0.5147337610903038, -0.11420481737736712, -0.4840908958141564, 0.4179751115942638, -0.6716163721785354, 0.5949914995616985, -0.48117692747634816, 0.5980070445936086, -0.012145413260904903, -0.1343379817551463]], "inverted": true, "swapped": true, "error_lsq": 0.03608260563688868, "error_max": 0.16957690309597762, "target": "1163.xyz", "model": "16.xyz", "model_rescale": 3.795458400668931, "target_rescale": 4.162574792929204},
{"mapping": [9, 11, 2, 4, 0, 13, 14, 10, 6, 12, 1, 5, 15], "R": [[-0.9342063299091851, -0.06410543988419061, -0.3509259547751711], [0.31570183437861143, 0.30947953148727664, -0.8969697717093902], [0.1661050418487977, -0.9487428061216961, -0.268879532327656]], "T": [-0.06792890743615176, 0.08267072462827893, 0.034612988701955366], "aligned_model": [[-0.06719717361827887, -0.043114547002275176, 0.3650315798328183, -0.31835921486715973, 0.6279729553689963, -0.2946766563775583, -0.6220380915100536, 0.35553741949943696, -0.40789013101168214, -0.5494842076186841, 0.12356693942344094, 0.0114316947795369, -0.03214876599431508], [-0.33734582730821494, 0.2224495129404984, 0.4684127456094541, -0.5975726041310457, 0.05005914515671281, 0.5932881820067857, -0.004313453304816556, -0.5609412620990073, -0.20867211633483493, 0.4598995121029329, 0.7063502204147664, 0.21995421095195392, -0.04778700053469889], [-0.5586507854496642, -0.7998837912497418, -0.3241562052186304, -0.01748220759627772, 0.13456747862295743, -0.3687204844189894, -0.3707199805507959, 0.10146916465613066, 0.5291799895009791, 0.19492547145680075, 0.3523203704111927, 0.7373671805409665, -0.007941169868631817]], "inverted": false, "swapped": true, "error_lsq": 0.040962871371931595, "error_max": 0.22668580208826428, "target": "1163.xyz", "model": "17.xyz", "model_rescale": 3.7474275329858107, "target_rescale": 4.162574792929204},
{"mapping": [0, 3, 10, 5, 2, 13, 8, 4, 1, 9, 12, 6, 14, 15], "R": [[-0.933862571466008, 0.14349196536987235, 0.3275832008653477], [0.2584967615463384, -0.362165142838545, 0.895553367244405], [0.2471439294924131, 0.9210029669805783, 0.3011202632305263]], "T": [-0.04795255430331012, -0.07446295385933017, 0.07008229044862418], "aligned_model": [[0.4525982754651904, 0.22366327401598146, 0.5938347555367288, -0.32986634724442754, 0.20217186019515532, -0.3425223942426857, 0.6199991142855251, 0.15464108558941775, -0.36461651679808826, 0.4062342307762735, -0.6744010374928263, -0.33137845721595593, -0.261474158777552, 0.0659639637901397], [-0.40330445221155814, 0.3278685264480245, 0.24638315237502223, -0.12876578110485853, -0.6789381983700906, -0.438224534479536, -0.27734802877548914, 0.6184691147646136, -0.650137957052965, 0.1888758133771411, -0.1091663332186757, 0.4215713879894533, 0.23407470307286155, 0.009050828697290347], [-0.29957424419698475, -0.718899973656316, -0.21835607872773882, -0.5906628429055432, 0.26247376853096727, 0.5757785845148062, 0.21668243912641524, 0.1535160967052316, -0.23798747239189438, 0.5728182081878219, 0.1491716748886676, -0.2744035467922809, 0.6515554968189023, 0.08268260855960087]], "inverted": false, "swapped": true, "error_lsq": 0.033919805398429745, "error_max": 0.1903997677458125, "target": "1163.xyz", "model": "18.xyz", "model_rescale": 3.922800546911778, "target_rescale": 4.162574792929204},
{"mapping": [7, 6, 12, 14, 0, 4, 5, 11, 10, 13, 1, 2, 9, 8, 15], "R": [[-0.17792818354661283, -0.45408247169644006, 0.8730124113652995], [-0.5526098992816817, -0.6879615253060865, -0.47045854112175817], [0.8142259273172852, -0.56614313437202, -0.12852272440207768]], "T": [0.09865072475264076, -0.01271847396331613, -0.05584293509308617], "aligned_model": [[-0.2744262031438071, -0.3068980718782571, 0.38808427712203036, 0.019397719520927295, 0.12732211344083094, -0.5869603901134242, 0.12494724571993522, 0.37731493871840854, -0.49605365311946054, 0.6409228352814195, 0.6780697553434284, 0.5844019144043656, -0.2139976572530991, 0.05203474009984216, -0.01810872725552208], [0.4381827735202998, -0.09597550340471994, 0.21336774344343692, 0.6708985710262274, -0.5851405695120055, 0.2283146643591735, -0.5581189637069267, 0.538077578851527, -0.34359926356588133, 0.4113525559425649, -0.39162239951440525, -0.09354352082957057, 0.4091023034932546, -0.11877725936513871, -0.004907205703257186], [-0.6220456408001338, -0.5789578779064181, -0.5706345418836897, -0.1285392074218652, 0.3526233595078405, -0.055030481137153774, -0.5257951813064303, 0.5233881949007668, 0.3114096670519759, -0.025390682192525736, -0.27330593289433425, 0.4158350465259992, 0.44684440907896766, 0.6479978656570801, 0.024260169983249626]], "inverted": true, "swapped": true, "error_lsq": 0.03792643455327285, "error_max": 0.3087221561899408, "target": "1163.xyz", "model": "19.xyz", "model_rescale": 3.9282355846067225, "target_rescale": 4.162574792929204},
{"mapping": [8, 9, 4, 11, 2, 14, 12, 6, 1, 5, 10, 0, 3, 15], "R": [[-0.5101022267241291, 0.6565593488194491, -0.5556307584798257], [-0.5251234237135219, 0.27389785625446894, 0.8057452166824173], [0.6812056283960626, 0.7027871554154839, 0.20505878675281952]], "T": [-0.028612839127511808, -0.0049761890360711936, -0.04635974061061317], "aligned_model": [[-0.5097413359889738, -0.13322241787477332, 0.4676313376715717, -0.585635764938031, -0.7099202882407704, 0.14090941393009457, 0.16008296925009824, 0.618938932643699, -0.30891171030429365, 0.23953270888323155, 0.09005861883716662, -0.39321300346004295, 0.4603858952036597, -0.004372536527959804], [-0.48988270477609597, -0.6771440955500311, -0.5334401748639868, -0.3677838162969056, 0.02043804863563456, -0.19796487524797007, 0.4802131579366222, 0.10434228411198732, 0.6389718964597987, 0.4864313047454015, -0.5651555933043828, -0.10724115353409719, -0.12827451876503004, -0.14062767212610935], [0.15905308588129408, -0.3025305557761718, -0.0976214939436776, -0.5704158670115727, -0.034472726704551745, -0.6889448507411481, -0.40536161643501717, 0.07101562775649552, 0.13625504308644826, 0.40709913854597707, 0.4733959595685349, 0.5468876066498544, 0.7306965964850963, -0.012872790117878972]], "inverted": true, "swapped": true, "error_lsq": 0.04289916300426566, "error_max": 0.33700021619693715, "target": "1163.xyz", "model": "20.xyz", "model_rescale": 4.067790424073018, "target_rescale": 4.162574792929204},
{"mapping": [12, 4, 13, 1, 11, 9, 2, 7, 14, 6, 3, 0, 5, 10, 15], "R": [[0.39777981627346654, -0.8900044092505459, -0.22285279733499874], [0.1778936947823839, -0.16346964640317818, 0.9703769927515244], [-0.9000694701644532, -0.4256404894032131, 0.09330124682164773]], "T": [0.048945663501007604, -0.03863532021243005, 0.0015031537532416766], "aligned_model": [[0.3371991048354116, 0.023547423366532295, -0.2633008080584346, 0.3431874286144231, -0.7597037294110758, -0.5479330937602414, -0.38222625876430527, 0.36138381077762194, -0.21776971257703082, 0.5946357672751816, 0.6063956017786656, -0.020168310499071272, 0.7189956135410452, -0.018466956694495197, -0.0073319265167123004], [-0.13813384540833895, 0.6779053757732647, -0.33694595469419986, -0.6972718813739123, -0.10818272663168789, 0.36949471557556274, -0.559723324062871, 0.5565636345225027, 0.3424792010120968, 0.3443056686972958, 0.24172515089991176, -0.3633906792067328, -0.250346322351095, 0.3027377051409049, 0.059678422035145395], [-0.552488862798641, 0.12018169045350122, -0.5354656780454509, -0.07726496915074474, -0.23888830927903712, 0.07594754960399931, 0.08825043317138927, -0.45806669019837554, -0.5108567597102763, -0.023582946990871746, 0.6861829065310937, 0.622060188383477, 0.16031068182828687, 0.6921187226264516, 0.08681161719633922]], "inverted": false, "swapped": true, "error_lsq": 0.03842259961147266, "error_max": 0.2569701804291017, "target": "1163.xyz", "model": "21.xyz", "model_rescale": 4.186013935880536, "target_rescale": 4.162574792929204},
{"mapping": [13, 2, 1, 7, 4, 12, 14, 9, 5, 0, 10, 6, 15], "R": [[-0.8061744786458729, 0.48369251675169567, 0.3407700973067706], [0.5897838096803383, 0.6108855927279616, 0.5281797520128483], [0.0473050506711693, 0.626785722424991, -0.7777543894734252]], "T": [-0.02098585798404516, 0.004774752161548386, -0.04323359751168225], "aligned_model": [[0.04918055898893944, -0.3690779211210511, 0.33708718784279057, 0.42650417918187933, -0.18497228568301288, 0.5337387044151106, -0.00024181710465816242, -0.5998852546263875, 0.46853797412824955, -0.3852691380489312, -0.49457165688096405, 0.40276400580647254, -0.1252205014752119], [-0.3722945859378136, 0.1547944455156002, 0.4128463022235356, -0.510758191770486, -0.28892996254414055, -0.23153285325443435, -0.6862770214620171, -0.4060066538232428, 0.5180963302970262, 0.603563151968365, 0.3114614921813977, 0.02086124480652716, -0.006867038654224264], [-0.6157001975539664, -0.6100607598638681, -0.5247375508742675, 0.4006833805584557, 0.600976171716547, -0.23385503611221964, -0.012981622556114056, 0.11332460291204428, 0.08276517297088089, -0.10713948103294323, 0.48562328516050507, 0.47176939324339323, 0.05221220276689857]], "inverted": true, "swapped": true, "error_lsq": 0.04544044158315346, "error_max": 0.21540429880253192, "target": "1163.xyz", "model": "22.xyz", "model_rescale": 4.166573947596378, "target_rescale": 4.162574792929204},
{"mapping": [8, 9, 10, 4, 1, 3, 2, 6, 7, 5, 0, 13, 12, 14, 6, 15], "R": [[-0.8879617410413014, -0.38268304344341647, 0.2551031844328584], [0.14179522303161968, -0.7554427123296714, -0.6396877543875625], [0.4375134982744121, -0.5318458391760468, 0.7250668535926963]], "T": [0.014684986732034423, -0.06213274553456551, -0.06768012255282914], "aligned_model": [[-0.6668615924171255, -0.018919079011294117, -0.36121621249116154, -0.33948784109354335, -0.030900236122992107, 0.08363291396398517, 0.3213007259671579, 0.5103778410769065, -0.5708250106081411, -0.18172443606763297, -0.5971312253555356, -0.0852712475615365, 0.6266691722725113, 0.24595489358325728, 0.5103778410769065, 0.007749464544325417], [-0.3851359881060741, -0.12169645522523778, 0.5449861352099152, -0.6678566223418246, -0.19779899959105157, -0.6257360245709058, -0.5322886610323121, 0.030509651590548893, 0.29689875436243474, 0.4516659685099724, -0.20285620003475577, 0.7678118968275149, 0.14966925765816572, 0.5767357541860716, 0.030509651590548893, -0.05634516245389659], [-0.35964297286011543, -0.6641464648853177, -0.29361415312416794, 0.15029626713241107, 0.6306147405491986, -0.265225507732962, 0.30346599795076196, 0.5022440937893172, 0.131478288634431, 0.5556145118561524, 0.4544631478417674, 0.06653530404214707, -0.16766323773295572, -0.47306763280687597, 0.5022440937893172, 0.0007405679257770498]], "inverted": true, "swapped": false, "error_lsq": 0.04400580442378841, "error_max": 0.3921247627700742, "target": "1163.xyz", "model": "23.xyz", "model_rescale": 4.274766983524099, "target_rescale": 4.162574792929204},
{"mapping": [2, 10, 9, 14, 4, 7, 12, 6, 5, 3, 15], "R": [[0.4553732418951981, 0.4112244768217542, 0.7896389302893649], [0.7502169857955937, 0.3003332598504914, -0.5890453354805145], [-0.479384693945929, 0.8606360221895504, -0.1717438572995152]], "T": [0.065113949728093, -0.035252083119789085, -0.12623825756362037], "aligned_model": [[0.360348937917949, 0.12756889855319245, -0.4305525670873286, -0.5903380965554474, -0.4423039485802228, -0.5213692846415817, -0.03648014486729373, -0.04951777794115983, 0.5532139868003333, 0.39759314579798355, 0.011731554561650835], [-0.14469089209421143, 0.7345991725929929, 0.32440774575717846, -0.2458731362631474, 0.4198253135471046, -0.19031909353936297, -0.6058888767142456, 0.04118774091751176, -0.11095320816525096, 0.5983049910579882, 0.09498677414692583], [-0.73107416393166, -0.08805067823098221, -0.5178194836915894, -0.1963769633151225, 0.12593603573004966, 0.4169702393726251, 0.12664402157054636, 0.5265000691090826, 0.3982004980842152, 0.4621509072346903, -0.14351404791027764]], "inverted": true, "swapped": true, "error_lsq": 0.04815264711664204, "error_max": 0.2623135590474306, "target": "1163.xyz", "model": "24.xyz", "model_rescale": 3.7841303162186577, "target_rescale": 4.162574792929204},
{"mapping": [14, 11, 13, 10, 8, 7, 0, 1, 12, 2, 9, 5, 6, 3, 4, 15], "R": [[0.6484312626383975, -0.6588794731812642, -0.3813328433974104], [-0.2046667954836668, -0.6333537845731056, 0.746307233244708], [-0.7332451162194134, -0.4058827704982121, -0.5455371446135223]], "T": [-0.029502671288500135, -0.09164076317389704, 0.09085572285874624], "aligned_model": [[-0.7994876622101788, 0.04666069108219317, -0.40029593647233885, -0.4067250836954125, 0.06271586454575272, 0.26789243480243174, 0.3667151081236031, 0.5223018570119004, -0.5661354969643495, -0.19274575458692816, -0.5536969026521049, -0.11255581086993026, 0.5735077972128141, 0.17658916424416338, 0.4486303357983205, 0.020355366386150514], [-0.12214218933034283, -0.19690033961524217, 0.22634265677878973, -0.7474566416490762, -0.19447075204435044, -0.5962755312614213, -0.6564174192332527, -0.16965717411302128, 0.4428659945105744, 0.357045905226449, -0.0868776597374262, 0.772198930455474, 0.09640573172406318, 0.5559784337393593, 0.4420164919292541, -0.06358348080071653], [-0.09753679044347369, -0.665812720359593, -0.520208018825001, -0.09042828193742186, 0.6656422212008282, -0.19146583460839653, 0.346528852850436, 0.5832596180246498, 0.05213050078161666, 0.6746579130586823, 0.3503522145053518, 0.21822096599699384, -0.2599196224513911, -0.34171498667827016, 0.2989497027530232, 0.051681310500852326]], "inverted": false, "swapped": false, "error_lsq": 0.044958743849158524, "error_max": 0.3201951904479369, "target": "1163.xyz", "model": "25.xyz", "model_rescale": 4.19342608120988, "target_rescale": 4.162574792929204},
{"mapping": [12, 1, 13, 4, 14, 6, 9, 3, 2, 5, 0, 15], "R": [[0.5055155917523565, -0.10650617005906424, 0.8562186766443574], [0.8447383618608402, 0.26317306269091445, -0.4660011148855207], [-0.17570169747594644, 0.9588515916518225, 0.2230079341432436]], "T": [-0.019642092604951814, -0.00241339444155079, -0.0963397913848294], "aligned_model": [[-0.13927355789257245, 0.5413960546978915, 0.11595556495095913, -0.6500896947617196, -0.5181448446397046, -0.44452016705730296, -0.3152862379290026, -0.11544907385813512, 0.5431474505791056, 0.16095704337828193, 0.4969496782177923, -0.07783366105381258], [-0.6033688024627485, -0.36225256539790884, -0.5328682759809089, 0.35866401617835364, -0.285330587762509, -0.005512623061646219, 0.32929090155345075, 0.6067014221680921, -0.014046689796263731, -0.06779487803868606, 0.46809491243221735, 0.12119959790953778], [0.0599870055622124, 0.19060396885039987, -0.5147337610903038, -0.11420481737736712, -0.4840908958141564, 0.4179751115942638, -0.6716163721785354, 0.5949914995616985, -0.48117692747634816, 0.5980070445936086, -0.012145413260904903, -0.1343379817551463]], "inverted": true, "swapped": true, "error_lsq": 0.03608260563688868, "error_max": 0.16957690309597762, "target": "1163.xyz", "model": "26.xyz", "model_rescale": 3.795458400668931, "target_rescale": 4.162574792929204},
