[{"mapping": [5, 6, 3, 1, 2, 11, 4, 8, 12, 0, 9, 13], "R": [[0.7565698878397052, 0.2964753845887088, -0.5828416175490504], [-0.3087745149063409, -0.6237160749388763, -0.7180783778997919], [-0.5764202492613962, 0.723243115553698, -0.3803407578022774]], "T": [-0.11474363210626795, -0.035285382125827026, -0.010178940192288821], "aligned_model": [[-0.5496817805868675, 0.31033014640635603, 0.15208098702914366, -0.4003546843364053, 0.6145472911440735, -0.53468046226293, 0.6767374420258092, 0.00451185158944839, -0.44332863060021266, 0.14733065023423428, 0.11365649094127905, -0.09018206097809443], [-0.35444602884205273, -0.2278910040241504, -0.47069400216257534, -0.4325104834310652, -0.2095883779548888, 0.3881608543016064, 0.3267795439105842, 0.40614581775704606, 0.13744971312280937, -0.21477404042343212, 0.4913584279956375, 0.12259903886618079], [-0.5406188981757974, -0.6157874287571489, -0.12164311389249413, 0.2958972907698832, 0.16014856879960251, -0.37268160828826, -0.40498386067335634, -0.643815868567812, 0.43402179552050213, 0.6930374750447726, 0.4450384285633848, -0.041945291684604424]], "inverted": true, "swapped": false, "error_lsq": 0.05292166859639111, "error_max": 0.3045881241169131, "target": "1166.xyz", "model": "0.xyz", "model_rescale": 3.8414455957264533, "target_rescale": 3.806085040053466},
{"mapping": [1, 11, 0, 4, 13, 5, 12, 10, 2, 9, 8, 14], "R": [[-0.09879781212209604, -0.9459797265115538, -0.308806329839615], [-0.9560516229940491, 0.004147392818133477, 0.29316905243094293], [-0.2760512388857037, 0.3241992537960847, -0.9048152061872801]], "T": [-0.07806987386166, -0.003962072358722439, 0.04346739950205045], "aligned_model": [[-0.2330615599641523, 0.4468344295361063, 0.0341468048278008, -0.4943793525982033, 0.6460499417627997, -0.6156924604463468, 0.418008479151322, -0.14763894812800143, -0.6676808517528983, 0.20622083903607794, 0.5022587243669145, -0.09409880518558476], [-0.37120850023085145, -0.24841367976666054, -0.7189608072222864, -0.35366410636278495, -0.2015775084064256, 0.35742411681919845, 0.3100652931708026, 0.5667156708001867, 0.06281737376820823, 0.039216409604045085, 0.5248622291463412, -0.004687032204072848], [-0.7243903540063774, -0.581819963268184, 0.002216997387934516, 0.058032432139156105, 0.15045166327483378, -0.07771329882876618, -0.4439570820718506, -0.32783888616945345, 0.48222032307470164, 0.6621951984968333, 0.13215772431998452, -0.04488726569013958]], "inverted": true, "swapped": false, "error_lsq": 0.05106546457240505, "error_max": 0.2689652538476205, "target": "1166.xyz", "model": "1.xyz", "model_rescale": 4.316132596720782, "target_rescale": 3.806085040053466},
{"mapping": [4, 2, 0, 5, 1, 3, 8, 6, 7, 9, 10, 11], "R": [[0.9104049182626954, -0.36457691111817464, -0.1955672791717102], [0.28138549687991693, 0.8921857126971204, -0.35330844343827034], [0.3032904333287439, 0.2666239485467535, 0.9148369161290995]], "T": [0.022006273070421665, -0.010851690273768217, -0.0075766253563117406], "aligned_model": [[-0.3180553415431561, 0.506441827799665, 0.046385645316479165, -0.4444110661220526, 0.5184958966910221, -0.5901813318139524, 0.6332141577002594, -0.13657680113753945, -0.5162935792445332, 0.11444040540429032, 0.21819036354659582, -0.030682935991243634], [-0.2285794292391898, -0.29997551555848967, -0.70930195890204, -0.405417130323085, -0.18163541586337903, 0.21581983701580332, 0.34933068725000227, 0.5420040914476071, 0.32651770440498173, -0.22927426595485956, 0.5665497439515933, 0.01655111088675532], [-0.6642976171695435, -0.6260060948287018, -0.1320231080242769, 0.1986583404867761, 0.13000330092515675, -0.07731444853181535, -0.2969374597837352, -0.5951971289055918, 0.6224045492128559, 0.695060560426319, 0.15165648987987598, -0.11933989502864706]], "inverted": false, "swapped": false, "error_lsq": 0.04151264288718146, "error_max": 0.23496016778526874, "target": "1166.xyz", "model": "2.xyz", "model_rescale": 3.795458400668931, "target_rescale": 3.806085040053466},
{"mapping": [7, 8, 9, 4, 3, 0, 6, 1, 10, 5, 2, 11], "R": [[0.09215880311778904, 0.25975658748908087, -0.9612664928436463], [0.9092781272456281, 0.37152527510320754, 0.1875693399043922], [0.40585716985237563, -0.8913447622640264, -0.20195165873026766]], "T": [-0.048680700992760895, 0.05526045178433784, -0.05734035182911763], "aligned_model": [[-0.3590090313606318, 0.525029573985286, 0.20138071643314265, -0.5566916258299047, 0.6585131103078418, -0.7513987308868296, 0.5114007336344697, -0.014490885197762232, -0.29748693108780633, 0.13726217192299273, 0.12259261954821296, -0.17613448086317696], [-0.39366369580163907, -0.11602283175107578, -0.7744302321594967, -0.20858130798495803, -0.29709436558941404, 0.33161037952035693, 0.2349501982352564, 0.45477959881913094, 0.2699001970505499, -0.33757629223756164, 0.7655229852641544, 0.033194825750396624], [-0.5916302859484736, -0.5594175313516251, -0.117650378350695, 0.23122014333878893, 0.05576588790860204, -0.2623428690766786, -0.09362641288858685, -0.5426076489017175, 0.59919294893948, 0.49486355625858564, 0.17486191909147336, -0.10196184036048112]], "inverted": true, "swapped": false, "error_lsq": 0.054902936157699894, "error_max": 0.27431933193561653, "target": "1166.xyz", "model": "3.xyz", "model_rescale": 3.7530521520055578, "target_rescale": 3.806085040053466},
{"mapping": [2, 0, 1, 7, 4, 5, 9, 3, 8, 10, 11], "R": [[0.693869282093885, 0.6548806422917272, -0.29946078828135675], [-0.7131026917467772, 0.6827288086793191, -0.1592668352885133], [0.10014973983998818, 0.32405665885905305, 0.9407216971342215]], "T": [-0.020414359615488938, -0.07394329492539335, 0.056587506903470274], "aligned_model": [[-0.28632272314552676, -0.2603093076105524, 0.2302518197607873, 0.45407836341338986, 0.28240563922484946, -0.2099228647613325, -0.22352654741453315, -0.6840292943042, -0.4912275595041394, 0.5224969983913204, 0.0043050783951423255], [-0.6247934554531257, 0.0784012962290961, -0.4149388458271443, 0.4129263886526023, -0.6732694562500495, 0.6339218362024098, -0.4082569149514636, 0.0777830361031301, 0.25527216584328216, 0.09339878922222473, 0.03675851854338419], [-0.15568706481515632, -0.7198272852250289, -0.5897680215646112, -0.32263795414315655, 0.1939143711524289, -0.09296039015789667, 0.6611715674346234, 0.03397974384351959, 0.600733129713374, 0.5170535938015297, -0.033140912794309633]], "inverted": false, "swapped": true, "error_lsq": 0.046455409335467525, "error_max": 0.3050708921700729, "target": "1166.xyz", "model": "4.xyz", "model_rescale": 3.7855080009869324, "target_rescale": 3.806085040053466},
{"mapping": [14, 15, 9, 2, 10, 12, 8, 13, 0, 5, 6, 16], "R": [[-0.12423220176837886, -0.990905345921998, 0.051700633139129704], [0.6775629021698629, -0.1227821690605147, -0.7251434703311811], [0.724896457190221, -0.05505573888343762, 0.6866542011588257]], "T": [-0.031038937922955756, 0.10228350743077474, 0.022354203080597088], "aligned_model": [[-0.3305986166786163, 0.38124712336967825, 0.018725402945340516, -0.5656763505362076, 0.5862947953899228, -0.5669907387184506, 0.5667196858143096, 0.021395888126896412, -0.40922447140836005, 0.19826898332130538, 0.15346574785675798, -0.0526602088767425], [-0.2479307498425216, -0.22157695743398576, -0.5932182695336753, -0.4045861817126287, -0.27257337441473406, 0.29749365948645756, 0.25983027720545016, 0.5123054645512437, 0.0042257832456036315, -0.1588798144871233, 0.7247640437309816, 0.06273557832063242], [-0.47293497648946803, -0.6136117627125761, -0.12157219431153911, 0.07741455942314941, 0.1190271254597751, -0.34874406795905133, -0.3140585152356342, -0.5726249751866938, 0.6975091988486047, 0.7533226300039134, 0.08983065022846308, -0.006890183410270756]], "inverted": true, "swapped": false, "error_lsq": 0.04202133134679744, "error_max": 0.239669351627134, "target": "1166.xyz", "model": "5.xyz", "model_rescale": 4.2253639853439635, "target_rescale": 3.806085040053466},
{"mapping": [11, 5, 8, 9, 10, 7, 2, 6, 0, 1, 4, 13], "R": [[0.9760379338675329, 0.1766896165233352, 0.12700681503145672], [-0.18004143839749293, 0.9835396843194852, 0.015322200510687271], [-0.12220896902993518, -0.037821538593303054, 0.9917834940686783]], "T": [-0.049732954067374234, -0.003544910998338317, -0.0602320760829242], "aligned_model": [[-0.2823575471479897, 0.35205960679736426, 0.11953347564784295, -0.3926285840922512, 0.6960835160861214, -0.659218630428963, 0.4727165419288354, -0.14277959592922226, -0.5853943602980646, 0.18678744869627814, 0.2876025023364376, -0.05143713299055472], [-0.3190752189058701, -0.17208983819409035, -0.7220986366527454, -0.3970834551443461, -0.2178949418915312, 0.4793328777466871, 0.3537281877715805, 0.3425682200868048, 0.2530099715202945, -0.15147638154800266, 0.45668999459749904, 0.05697867972941987], [-0.7324524360089272, -0.5194668874822987, -0.030327315285922887, 0.2562271292922182, 0.01929358954149197, -0.2175453542055395, -0.28288442631951866, -0.5943350540298561, 0.478571319839382, 0.6186494754824429, 0.35845627308689537, -0.0675188252516952]], "inverted": true, "swapped": false, "error_lsq": 0.04524769084629019, "error_max": 0.21606243080545007, "target": "1166.xyz", "model": "6.xyz", "model_rescale": 3.89814844738969, "target_rescale": 3.806085040053466},
{"mapping": [4, 2, 10, 11, 5, 7, 1, 0, 8, 9, 6, 12], "R": [[-0.30072895619653234, 0.6160858729219564, -0.7280111895369021], [-0.40466751070274165, -0.7736533319909398, -0.4875497181631464], [-0.8636007762193076, 0.14798215799652337, 0.48196989556205816]], "T": [-0.11251663813533214, 0.07803326573418554, -0.10489147174017352], "aligned_model": [[-0.3639423694837215, 0.27284919731557006, 0.17075199414907982, -0.6599399905392396, 0.6119824793558732, -0.6771828061410143, 0.6507504686744114, 0.054790702943989494, -0.4170122866749632, 0.2231929859176564, 0.20589109872039707, -0.07116423363220499], [-0.3086224544801187, -0.26241740662294477, -0.5984013084757105, -0.3995792045487161, -0.00600978985692488, 0.32559170768901924, 0.30782184691144227, 0.5241074115666673, 0.22153146932022852, -0.2824407926160214, 0.5196129155453602, -0.07860493531658072], [-0.555200525641779, -0.5918559027613441, -0.0717431410232042, 0.25225607577505393, 0.16084222500565162, -0.3310365934488455, -0.3867019464508684, -0.4570796281411208, 0.48194533513439686, 0.6402953374622885, 0.2963563033450367, -0.15141005059659327]], "inverted": false, "swapped": false, "error_lsq": 0.04133688956403944, "error_max": 0.19674969334224368, "target": "1166.xyz", "model": "7.xyz", "model_rescale": 3.7474275329858107, "target_rescale": 3.806085040053466},
{"mapping": [10, 0, 1, 12, 2, 11, 3, 7, 13, 4, 8, 14], "R": [[-0.021317698591141312, 0.7634564857253686, 0.6455073586959699], [0.05076883970840418, 0.645647733357506, -0.7619458834621902], [-0.9984828895085984, 0.016528726937823257, -0.05252352372390169]], "T": [-0.023845078097607206, 0.0501169440703322, -0.12665332215122338], "aligned_model": [[-0.43713565486599104, 0.2558986676291278, 0.2664440296012956, -0.5154806256024169, 0.6134080164150904, -0.5944186259023263, 0.6440747980476089, -0.245866718430845, -0.47415231471472336, 0.13959378189171495, 0.3613580135776167, -0.012756127040317575], [-0.0862161034693141, -0.3392472618426324, -0.6344288475975686, -0.30826482394113636, -0.19031421634728232, 0.29471563728395045, 0.15982449322673672, 0.49565539552983434, -0.1356809118641561, 0.18721256277849743, 0.4938472047517538, 0.02548633060701719], [-0.7478357100142982, -0.5787066259855211, -0.017423687385769715, -0.024185690257168255, 0.36800903388982054, -0.15977825858275527, -0.36325811857950063, -0.59149685649243, 0.6288692639261039, 0.6261536758382626, 0.21965918090919345, -0.0733387186072656]], "inverted": true, "swapped": false, "error_lsq": 0.05521997955987615, "error_max": 0.3575518568771522, "target": "1166.xyz", "model": "8.xyz", "model_rescale": 4.019505241142653, "target_rescale": 3.806085040053466},
{"mapping": [7, 0, 4, 8, 3, 9, 2, 1, 11, 5, 6, 12], "R": [[0.19089406740854398, -0.03679980607813915, -0.9809206029546089], [-0.3900505067379036, 0.9141750576031797, -0.11020238767707174], [0.9007885752060396, 0.4036455602739045, 0.16015681206067617]], "T": [-0.010932704712098094, 0.15439809847928876, -0.058357448150170625], "aligned_model": [[-0.34871141828179375, 0.21531086655498596, 0.13437253676500457, -0.5422304038649755, 0.701284736617169, -0.6781987553390058, 0.5639900481061498, -0.07081579718392796, -0.39899639988102054, 0.22294416689291538, 0.2149320864881958, -0.01291442626786273], [-0.5077214282772075, -0.21222498037425686, -0.6611340416649732, -0.25257547670103486, -0.3064916674098165, 0.25396144966931133, 0.2666160220932713, 0.5245472210215815, 0.16570563776471772, -0.11287713586856468, 0.6666763968762932, 0.13810746198637766], [-0.5751623078628584, -0.5452326298788683, -0.09561850602728128, 0.03237399825021337, 0.07871095705994563, -0.1687350645903887, -0.14108065002432624, -0.6202372791529728, 0.42798423425031973, 0.5111952510572947, 0.40491124176359256, -0.022441756185998293]], "inverted": false, "swapped": false, "error_lsq": 0.04634411009461701, "error_max": 0.2298388814493859, "target": "1166.xyz", "model": "9.xyz", "model_rescale": 3.877068213659057, "target_rescale": 3.806085040053466},
{"mapping": [13, 2, 9, 6, 8, 3, 7, 4, 12, 11, 1, 15], "R": [[0.8543613528555511, -0.23388193498919174, 0.46407533788442623], [-0.10476014576480379, 0.7971594968350459, 0.5946108378301174], [-0.5090107961587553, -0.5566291198737348, 0.6565607605564179]], "T": [-0.07756203014844655, -0.06278997212458533, -0.03066829653509584], "aligned_model": [[-0.4498047219588513, 0.25988208041928235, 0.33683960741278646, -0.6632643743488824, 0.6566851615924567, -0.5513419089521847, 0.5677223111390461, -0.021256518410704126, -0.48332959893341376, 0.08980985399925938, 0.31805012013078976, -0.059024771483750044], [-0.3495588682898728, -0.2509658055160796, -0.5741524713654567, -0.24185377410017495, -0.11147482059016751, 0.3274265316985089, 0.3235157096092441, 0.401618175766487, 0.09209538237862562, -0.31950978728947527, 0.6924752643056079, -0.02702607749154671], [-0.6445391905751684, -0.5701835288687863, -0.07991239320009312, 0.04139760348016097, 0.20135278603840345, -0.19199110742376563, -0.3479420089131253, -0.5197955205426192, 0.5772448739064416, 0.6407010989263415, 0.13049019500325953, 0.04984468082762297]], "inverted": true, "swapped": false, "error_lsq": 0.038509953347292826, "error_max": 0.1831932146343399, "target": "1166.xyz", "model": "10.xyz", "model_rescale": 4.260839863003843, "target_rescale": 3.806085040053466},
{"mapping": [1, 2, 3, 0, 4, 7, 9, 8, 6, 5, 10, 11], "R": [[-0.8434239291442942, 0.08984065765078234, 0.5296836149813167], [0.5160086581974498, 0.4099439603328539, 0.7521176863043997], [-0.14956985128049144, 0.9076753855974562, -0.392115102958865]], "T": [0.017252036328477827, 0.02306138742105974, -0.08885775137731675], "aligned_model": [[-0.34632764807668565, 0.370869937705064, 0.015854000667371138, -0.760158385754565, 0.7159643924668821, -0.5659589417379653, 0.646014302270249, 0.06269546128357784, -0.3994879330695784, 0.18868797215396432, 0.11251682175524019, -0.039702739057720156], [-0.33997774595481073, -0.32971406266318315, -0.6856576207087529, -0.28152908826792405, -0.034711744849751446, 0.3197176350486112, 0.478711862293788, 0.4497493929288627, 0.07780549918076818, -0.26200559898228865, 0.5565215274354136, 0.01367940365496736], [-0.5980463646306281, -0.5588162471887321, -0.049506964542087084, 0.18112733563908104, 0.1222492526949315, -0.12714162642372562, -0.26989343524444254, -0.6646056546673474, 0.6368048525840391, 0.49932371332422476, 0.2268615728897603, -0.1116889457764016]], "inverted": false, "swapped": false, "error_lsq": 0.04737383739838185, "error_max": 0.26680041591683545, "target": "1166.xyz", "model": "11.xyz", "model_rescale": 3.890672605050136, "target_rescale": 3.806085040053466},
{"mapping": [5, 9, 12, 7, 10, 8, 11, 6, 3, 4, 1, 13], "R": [[0.09031072231897636, -0.9908343927005304, 0.10045486387425973], [-0.009556514766899116, 0.10000022198819453, 0.9949415202049927], [-0.9958677856320763, -0.09081388574487448, -0.0004378312255822747]], "T": [0.055107911641484916, 0.13870343923796158, -0.09143756635365911], "aligned_model": [[-0.32699249920295903, 0.24820520707648708, 0.1050767867965947, -0.48797741578030146, 0.6947815819954422, -0.6387533799662105, 0.5920118821433716, 0.025972245761254828, -0.5934082604946436, 0.15685981178653008, 0.21898898243818132, 0.006202298052086712], [-0.37836888737643637, -0.15109707687227403, -0.6042896093103981, -0.4907516717355507, -0.4408823559761851, 0.30998479370289334, 0.19114699930764456, 0.5624868488633259, 0.13395841378694112, -0.03558358950380916, 0.8602215942219485, 0.005764000007599607], [-0.5291676965904755, -0.7875334730930466, -0.06701241395657709, 0.09779446234364074, 0.14188282684942954, -0.1831449894953656, -0.19981636207394243, -0.48081794418692075, 0.5661849813235081, 0.5796269806568198, 0.14908860073273067, -0.000417483851128872]], "inverted": true, "swapped": false, "error_lsq": 0.05032078977961935, "error_max": 0.2780605446305883, "target": "1166.xyz", "model": "12.xyz", "model_rescale": 4.124412569039231, "target_rescale": 3.806085040053466},
{"mapping": [6, 3, 0, 1, 5, 8, 7, 9, 2, 4, 10, 12], "R": [[0.1007467653014693, -0.979639193564996, -0.1736581115658451], [0.5231669469861668, 0.20062951795098738, -0.828277816984089], [0.8462543558898024, -0.007405873215176995, 0.5327276210029446]], "T": [0.059930750084091586, -0.0183367477188867, -0.1305075288344007], "aligned_model": [[-0.4336188428988241, 0.18481517455108298, 0.2606341059253356, -0.600263316494885, 0.7431074912151289, -0.577895239289398, 0.5526390747408445, -0.0019281182688345444, -0.46470276741509814, 0.1141223793993291, 0.1764630251335365, 0.0475942740076161], [-0.16692531482183465, -0.4007579201498048, -0.5555859654185633, -0.4492164579345919, -0.11221306991405515, 0.3067386163800998, 0.3523007558062656, 0.3711181678281479, 0.21776498875345562, -0.22346404160443528, 0.5659786183514985, 0.05685108183951765], [-0.5570553594194018, -0.7194992971707987, -0.04191388104194335, 0.07284135532058283, 0.18286550060638757, -0.17949871002125317, -0.24427932811094688, -0.6336373541903815, 0.510905876077044, 0.6266333539376754, 0.3049295551896213, -0.03562422251791342]], "inverted": false, "swapped": false, "error_lsq": 0.04283703560345876, "error_max": 0.22658842773899532, "target": "1166.xyz", "model": "13.xyz", "model_rescale": 3.9028299243045295, "target_rescale": 3.806085040053466},
{"mapping": [7, 9, 6, 3, 1, 4, 11, 10, 0, 2, 12, 15], "R": [[0.08184512302044827, 0.973262526029778, -0.21461927048590845], [0.9432496887545387, -0.0061039270433362325, 0.33202826195839996], [0.3218406445777692, -0.2296144540328101, -0.9185291514138139]], "T": [0.006382677835371156, 0.1433756862891655, 0.016845635981674628], "aligned_model": [[-0.3426303493439943, 0.2723371583699544, 0.1619312794651883, -0.39330254634036466, 0.5475987852271736, -0.6544898869125741, 0.704281082539591, -0.27461865563745524, -0.6231304765870401, 0.10166683502706526, 0.48495721320931445, 0.016366801588975747], [-0.24350549357090537, -0.22239014628209172, -0.49793731583255807, -0.32771436622255823, -0.17986528179674435, 0.2323564320685439, 0.13619081361202345, 0.41226053197192225, 0.07005797124547555, -0.11476833080128532, 0.6122870987282757, 0.08561754599560259], [-0.7241947241650218, -0.6127010473315626, -0.07765583538183202, 0.10060319825663745, 0.174323118160413, -0.1043696845299141, -0.22552367448036487, -0.6188365113196538, 0.5512182684345787, 0.6998041745361451, 0.20480518039711326, -0.08080497391786563]], "inverted": false, "swapped": false, "error_lsq": 0.04228209937007979, "error_max": 0.24756294075200816, "target": "1166.xyz", "model": "14.xyz", "model_rescale": 3.942246331269136, "target_rescale": 3.806085040053466},
{"mapping": [12, 3, 5, 0, 10, 8, 4, 13, 7, 9, 11, 14], "R": [[-0.9855084627837248, 0.12506094241869736, -0.11459856222050635], [0.0741818579743811, -0.28980851472083613, -0.9542054688287905], [-0.15254547429907173, -0.9488786990319945, 0.2763314907755196]], "T": [0.03139164389106692, -0.03475335286115595, -0.04271351868717248], "aligned_model": [[-0.25896639692322027, 0.33142288721728475, 0.09875231280868432, -0.6620724606220733, 0.6648021021060248, -0.5808440108489692, 0.5176357259145932, 0.03256816156753196, -0.4707518983364894, 0.2477018170511136, 0.1303975745991603, -0.04967857392780658], [-0.08482649422411322, -0.4373788427005048, -0.6642933020196976, -0.2690905911693285, 0.12993549981943991, 0.4189220158314522, 0.14123866097798493, 0.4709825904669244, -0.08908091996321783, -0.24237942925456668, 0.6743795004519352, -0.08581922910060778], [-0.8051183631177954, -0.5569332173184043, 0.0011219793201069778, 0.027365560659983135, 0.24130987695098294, 0.09214599782707543, -0.3188610891717717, -0.6792350170967155, 0.647126960395472, 0.7044568952889899, -0.004773477922720301, -0.06193861715653047]], "inverted": true, "swapped": false, "error_lsq": 0.06144552388564966, "error_max": 0.3163580531832619, "target": "1166.xyz", "model": "15.xyz", "model_rescale": 4.355366556412066, "target_rescale": 3.806085040053466},
{"mapping": [4, 2, 0, 5, 1, 3, 8, 6, 7, 9, 10, 11], "R": [[0.9104049182626954, -0.36457691111817464, -0.1955672791717102], [0.28138549687991693, 0.8921857126971204, -0.35330844343827034], [0.3032904333287439, 0.2666239485467535, 0.9148369161290995]], "T": [0.022006273070421665, -0.010851690273768217, -0.0075766253563117406], "aligned_model": [[-0.3180553415431561, 0.506441827799665, 0.046385645316479165, -0.4444110661220526, 0.5184958966910221, -0.5901813318139524, 0.6332141577002594, -0.13657680113753945, -0.5162935792445332, 0.11444040540429032, 0.21819036354659582, -0.030682935991243634], [-0.2285794292391898, -0.29997551555848967, -0.70930195890204, -0.405417130323085, -0.18163541586337903, 0.21581983701580332, 0.34933068725000227, 0.5420040914476071, 0.32651770440498173, -0.22927426595485956, 0.5665497439515933, 0.01655111088675532], [-0.6642976171695435, -0.6260060948287018, -0.1320231080242769, 0.1986583404867761, 0.13000330092515675, -0.07731444853181535, -0.2969374597837352, -0.5951971289055918, 0.6224045492128559, 0.695060560426319, 0.15165648987987598, -0.11933989502864706]], "inverted": false, "swapped": false, "error_lsq": 0.04151264288718146, "error_max": 0.23496016778526874, "target": "1166.xyz", "model": "16.xyz", "model_rescale": 3.795458400668931, "target_rescale": 3.806085040053466},
{"mapping": [4, 2, 10, 11, 5, 7, 1, 0, 8, 9, 6, 12], "R": [[-0.30072895619653234, 0.6160858729219564, -0.7280111895369021], [-0.40466751070274165, -0.7736533319909398, -0.4875497181631464], [-0.8636007762193076, 0.14798215799652337, 0.48196989556205816]], "T": [-0.11251663813533214, 0.07803326573418554, -0.10489147174017352], "aligned_model": [[-0.3639423694837215, 0.27284919731557006, 0.17075199414907982, -0.6599399905392396, 0.6119824793558732, -0.6771828061410143, 0.6507504686744114, 0.054790702943989494, -0.4170122866749632, 0.2231929859176564, 0.20589109872039707, -0.07116423363220499], [-0.3086224544801187, -0.26241740662294477, -0.5984013084757105, -0.3995792045487161, -0.00600978985692488, 0.32559170768901924, 0.30782184691144227, 0.5241074115666673, 0.22153146932022852, -0.2824407926160214, 0.5196129155453602, -0.07860493531658072], [-0.555200525641779, -0.5918559027613441, -0.0717431410232042, 0.25225607577505393, 0.16084222500565162, -0.3310365934488455, -0.3867019464508684, -0.4570796281411208, 0.48194533513439686, 0.6402953374622885, 0.2963563033450367, -0.15141005059659327]], "inverted": false, "swapped": false, "error_lsq": 0.04133688956403944, "error_max": 0.19674969334224368, "target": "1166.xyz", "model": "17.xyz", "model_rescale": 3.7474275329858107, "target_rescale": 3.806085040053466},
{"mapping": [7, 12, 9, 2, 5, 1, 10, 11, 0, 4, 8, 13], "R": [[-0.6590587392636775, -0.39545975806384087, 0.6397289722626767], [-0.6139325995684348, -0.20844766043177715, -0.7613385160673685], [0.43442875294726524, -0.8945172735127072, -0.1054063850062078]], "T": [-0.03294535610271783, 0.03538275372462943, -0.08184789098634769], "aligned_model": [[-0.3155956659420394, 0.4059187777734906, 0.11574858857393457, -0.6395314075216331, 0.6685026697019195, -0.6324304925473205, 0.514225961230723, -0.07542089149535243, -0.47638781444572526, 0.28566815031641013, 0.2589235884801077, -0.1086542235186807], [-0.2962156678619464, -0.33932291178987795, -0.6144287541778706, -0.2926197971237502, -0.10763729894047483, 0.35797214351299267, 0.40826616126768833, 0.3840997148540366, 0.18159071061788148, -0.1980185939342321, 0.47584590957387185, 0.003057843117381151], [-0.69631560469092, -0.5574852103189619, -0.02388858741866287, 0.08637937395797642, 0.021766144263425616, -0.20461626471364047, -0.27678604612823005, -0.712980976571183, 0.61178343058202, 0.6483815705248552, 0.4056551128465862, -0.015225453674592895]], "inverted": false, "swapped": false, "error_lsq": 0.03827570447219926, "error_max": 0.22053224318945758, "target": "1166.xyz", "model": "18.xyz", "model_rescale": 3.922800546911778, "target_rescale": 3.806085040053466},
{"mapping": [6, 10, 11, 13, 9, 8, 2, 1, 12, 7, 0, 14], "R": [[0.7273288105604352, 0.44178520330966436, -0.525184382350981], [-0.6822424290041819, 0.3824622723246188, -0.6231114493529732], [-0.07441820607362531, 0.811509977994681, 0.5795804398181978]], "T": [-0.11200462567693487, 0.05942250120788148, -0.07038759510193912], "aligned_model": [[-0.2655159153864203, 0.3417613850893698, 0.06502607485370965, -0.5022651188350209, 0.6553374728928105, -0.6967945464408942, 0.5619838331893656, -0.030390008575388983, -0.42657723896123334, 0.13503070123421984, 0.23094376224658647, -0.06757316070127017], [-0.014328331406966571, -0.3983073600449668, -0.6225424107842902, -0.44241121890570023, -0.16833016294905442, 0.1285043320419812, 0.19109693379181833, 0.5767938466620431, 0.18793704451658302, -0.2915168568772386, 0.7934881225246637, 0.022205520546827742], [-0.7387908196105127, -0.55534164329, 0.03366817191721014, 0.18975354285427878, 0.07813180984899862, -0.2366377176375631, -0.27417759462721936, -0.5935022757544365, 0.638937526190234, 0.6034270183217815, 0.13449457224881503, 0.006704898197085515]], "inverted": false, "swapped": false, "error_lsq": 0.045649895251512716, "error_max": 0.3083398627189069, "target": "1166.xyz", "model": "19.xyz", "model_rescale": 3.9282355846067225, "target_rescale": 3.806085040053466},
{"mapping": [0, 3, 4, 11, 6, 10, 5, 2, 9, 8, 7, 13], "R": [[-0.15177769370139055, -0.41374880756864596, 0.8976499629199627], [-0.9702528303753029, 0.235662577544337, -0.055430990374277456], [-0.18860799782459056, -0.8793606050879714, -0.43720927411929]], "T": [0.04500272718926012, 0.051615462685885266, 0.01708178152704226], "aligned_model": [[-0.3352366094979443, 0.368721026053611, 0.03168078528396554, -0.5563107416961753, 0.6887744039311132, -0.6906621216668654, 0.5592185621787394, -0.021671069012419657, -0.37070282082638706, 0.13444539652618503, 0.2214912661510483, -0.028780836819036586], [-0.4166296802381898, -0.38531585612883656, -0.5800557543440937, -0.3369873462498626, 0.00020503216087261467, 0.405817846875829, 0.2520021015066327, 0.676487836864262, 0.046823350718778994, -0.37417064736076056, 0.6184227604336308, 0.05598981487743676], [-0.5086191992220199, -0.5031610029118732, 0.030566750179181142, 0.044887182983694235, 0.11586968521610763, -0.2578222929846295, -0.410840433690616, -0.5156520462412095, 0.5698844210374647, 0.6410431397227379, 0.20597079448082564, -0.12545950991099064]], "inverted": true, "swapped": false, "error_lsq": 0.043753715190211005, "error_max": 0.21426740907209257, "target": "1166.xyz", "model": "20.xyz", "model_rescale": 4.067790424073018, "target_rescale": 3.806085040053466},
{"mapping": [10, 1, 7, 12, 8, 11, 5, 13, 3, 0, 4, 14], "R": [[0.5794964435028944, -0.6270261406273023, 0.5205978207191492], [0.8148111045978179, 0.45856536206597, -0.35468390510056913], [-0.016332047991001408, 0.6297269469248847, 0.7766448586870855]], "T": [-8.21457788145949e-05, 0.08534553360978153, 0.015464000251510776], "aligned_model": [[-0.36635545879303344, 0.36686381622665043, 0.3560679015013597, -0.6261982405716922, 0.5522395390996978, -0.6023347432188509, 0.43019763379246123, -0.12344120479000509, -0.6258218489118008, 0.11081862088126915, 0.572942012221042, -0.0440107868312641], [-0.1788345399240941, -0.3355702714451071, -0.5698740519232315, -0.35249456357983155, -0.05149221694382536, 0.25889618638551326, 0.34642317419322205, 0.31808991241717244, 0.20330776563970532, -0.2944839920416458, 0.5678109148365766, 0.050811141501245785], [-0.6681583885530782, -0.5857727645106731, 0.03801163349897489, 0.07280989837852377, 0.0526672684069248, -0.1432944129964016, -0.29302246255903786, -0.6331777358175099, 0.5796268777863417, 0.6052848043255754, 0.3006708813089586, -0.03897811060992623]], "inverted": true, "swapped": false, "error_lsq": 0.04710149362167074, "error_max": 0.28007610205247935, "target": "1166.xyz", "model": "21.xyz", "model_rescale": 4.186013935880536, "target_rescale": 3.806085040053466},
{"mapping": [10, 9, 8, 11, 2, 4, 1, 7, 3, 5, 0, 12], "R": [[0.0025999226741084437, -0.38194779767138903, 0.9241802422991224], [0.464995175888884, 0.8186527423132559, 0.33702696316919784], [-0.8853093960882573, 0.42886311027758234, 0.1797323171855406]], "T": [0.003834052220822753, 0.008736747560743378, -0.06490725135852209], "aligned_model": [[-0.3938251627290834, 0.1669075645990852, 0.26672156607872866, -0.3905461502784596, 0.6094932906127418, -0.6849857424318854, 0.5682573873261496, -0.09553161331209718, -0.5739351714730218, 0.14366182496477942, 0.42107030248619737, -0.03632085523730064], [-0.03764364710317098, -0.3442000091642462, -0.7099959938446848, -0.46697917698061486, -0.22436186984278078, 0.17208427042420896, 0.34396572745062165, 0.5254037297959767, 0.1925041318766602, -0.03551417180823551, 0.5347267990725816, 0.012599669239384017], [-0.7970380049771019, -0.5489459229038794, -0.0203928470261784, 0.06595371962307016, 0.2936190717756063, -0.22757570569874236, -0.38766267852113023, -0.5762832713887835, 0.6313333157951643, 0.6947168834735149, 0.2016200796629603, -0.042677151155827875]], "inverted": true, "swapped": false, "error_lsq": 0.04862093849298831, "error_max": 0.2933296204460573, "target": "1166.xyz", "model": "22.xyz", "model_rescale": 4.166573947596378, "target_rescale": 3.806085040053466},
{"mapping": [2, 3, 4, 1, 8, 6, 9, 12, 5, 7, 10, 15], "R": [[-0.03208551327981357, -0.770031300669928, 0.6371988040055869], [0.4347819387054043, 0.5632937867400712, 0.7026128205459972], [-0.8999639912869521, 0.29958622433050985, 0.31672213149423034]], "T": [0.05814360822713403, 0.09437996756315009, -0.12920762281388382], "aligned_model": [[-0.32932991959450825, 0.28961442704278156, 0.14595966300660929, -0.4955077189878816, 0.6943134217337743, -0.6870492575868689, 0.5960421477620514, -0.189285138106299, -0.4680569242169036, 0.11088068111556063, 0.3315264027967626, 0.0018594556407556112], [-0.30699123125706895, -0.25586365783811055, -0.6350870692463784, -0.31459056500597116, -0.3394041718947511, 0.15109271644138655, 0.27037385064861286, 0.5651463311731356, 0.17994339539889873, 0.05939936087133976, 0.5197864539533887, 0.06878404587121797], [-0.5054717124958026, -0.5595299612053035, -0.12476959443541286, 0.05602836783135404, 0.11817553942413273, -0.27266106063065965, -0.32955851641008815, -0.5120122748369667, 0.5086433634469778, 0.5831018646624866, 0.42327079493154335, -0.09854932162358898]], "inverted": false, "swapped": false, "error_lsq": 0.044751931765082804, "error_max": 0.2503442188821671, "target": "1166.xyz", "model": "23.xyz", "model_rescale": 4.274766983524099, "target_rescale": 3.806085040053466},
{"mapping": [10, 9, 4, 6, 2, 1, 7, 0, 5, 3, 11], "R": [[0.7662723005759103, -0.4963116256678113, -0.40804599201202385], [0.08262851209673988, 0.7059219748615654, -0.7034534059880773], [0.6371807360229758, 0.5053206265674521, 0.5819379468695068]], "T": [0.033617469163164326, 0.16271258421655688, -0.011556342752128738], "aligned_model": [[0.20781813296757323, 0.10909394773429987, -0.4933270796924144, -0.4028715044396942, -0.4301253575905216, -0.6309932171573063, 0.09949066192969375, -0.1258460888809486, 0.6066126996656912, 0.3657351584135464, 0.07430735100815597], [-0.1277374657310686, 0.7467015579473878, 0.32057314181801533, -0.25699188004951035, 0.5614861511103102, -0.11240956143989533, -0.6053749446340793, -0.07336927470085913, -0.14116381381792076, 0.5565546511871582, 0.04731796955394538], [-0.6596906113866479, -0.4260466603219108, -0.4204083377031253, -0.3071270033145707, 0.20087219565152356, 0.27037877211858796, 0.09660859518799869, 0.7645977138046433, 0.36085027835391364, 0.433980455718172, 0.06555103591299274]], "inverted": true, "swapped": true, "error_lsq": 0.05104043159030322, "error_max": 0.2724943520963479, "target": "1166.xyz", "model": "24.xyz", "model_rescale": 3.7841303162186577, "target_rescale": 3.806085040053466},
{"mapping": [10, 14, 9, 8, 12, 7, 13, 11, 1, 2, 3, 15], "R": [[0.33375944539198277, -0.02669239178124555, -0.9422802920748332], [-0.8827047557243873, 0.34194541266551093, -0.3223439916898767], [0.33081255543462373, 0.939340646931671, 0.0905660101186096]], "T": [-0.11872776643347561, 0.03249361549397795, 0.004020043922184011], "aligned_model": [[-0.33902405624369975, 0.36788883811758943, 0.12318721973711126, -0.4120723308513139, 0.6138785847252853, -0.5969018910946254, 0.5124288514134311, -0.03136548239775859, -0.6429531720663655, 0.15316821435175287, 0.36889456638288187, -0.11616210146845411], [-0.2793058274956588, -0.36657276253405763, -0.4974649466175431, -0.32703827923183343, -0.15532149322416677, 0.28683341157261316, 0.2883662184653034, 0.5725710770122444, 0.04630397725551969, -0.35309824833341347, 0.6466165023627505, 0.10069982988394194], [-0.6738484959322635, -0.4789388243195524, -0.04853250536800253, 0.37027619314051435, 0.060458732843646175, -0.35579426198501685, -0.3809092120038535, -0.5346001711187428, 0.5313087616094215, 0.5923945149099886, 0.18862618682065208, 0.016226570061881107]], "inverted": true, "swapped": false, "error_lsq": 0.043462675670596945, "error_max": 0.26915069056116864, "target": "1166.xyz", "model": "25.xyz", "model_rescale": 4.19342608120988, "target_rescale": 3.806085040053466},
{"mapping": [4, 2, 0, 5, 1, 3, 8, 6, 7, 9, 10, 11], "R": [[0.9104049182626954, -0.36457691111817464, -0.1955672791717102], [0.28138549687991693, 0.8921857126971204, -0.35330844343827034], [0.3032904333287439, 0.2666239485467535, 0.9148369161290995]], "T": [0.022006273070421665, -0.010851690273768217, -0.0075766253563117406], "aligned_model": [[-0.3180553415431561, 0.506441827799665, 0.046385645316479165, -0.4444110661220526, 0.5184958966910221, -0.5901813318139524, 0.6332141577002594, -0.13657680113753945, -0.5162935792445332, 0.11444040540429032, 0.21819036354659582, -0.030682935991243634], [-0.2285794292391898, -0.29997551555848967, -0.70930195890204, -0.405417130323085, -0.18163541586337903, 0.21581983701580332, 0.34933068725000227, 0.5420040914476071, 0.32651770440498173, -0.22927426595485956, 0.5665497439515933, 0.01655111088675532], [-0.6642976171695435, -0.6260060948287018, -0.1320231080242769, 0.1986583404867761, 0.13000330092515675, -0.07731444853181535, -0.2969374597837352, -0.5951971289055918, 0.6224045492128559, 0.695060560426319, 0.15165648987987598, -0.11933989502864706]], "inverted": false, "swapped": false, "error_lsq": 0.04151264288718146, "error_max": 0.23496016778526874, "target": "1166.xyz", "model": "26.xyz", "model_rescale": 3.795458400668931, "target_rescale": 3.806085040053466},
{"mapping": [11, 8, 1, 9, 6, 4, 5, 10, 3, 0, 7, 12], "R": [[-0.3894050722882168, -0.7075487525485478, 0.5896935241659031], [-0.8930701407869635, 0.13339221215530606, -0.42968853995780143], [0.2253650667494009, -0.6939605756116898, -0.683834268069194]], "T": [-0.08277511999591787, -0.1530524221038866, -0.06776037105551232], "aligned_model": [[-0.37996588026439276, 0.37202852513833456, 0.2009670862315565, -0.44136043443178413, 0.7359024386919147, -0.7498220353227616, 0.5046579225461149, -0.15013935126295086, -0.4020133941824408, 0.11595286908287543, 0.18850449031068278, 0.00625500406868551], [-0.11808570241377395, -0.3938317688394961, -0.6539915593881077, -0.36102877161555536, -0.2461101968683002, 0.29530333982460244, 0.25518051560831645, 0.5069535652160653, 0.2434844003131748, -0.09336507531248167, 0.5543197142622305, -0.026239001670974427], [-0.7173984027766341, -0.5834450234006663, 0.069729671105128, 0.04420703683687109, -0.019861883264226457, -0.29773581786462655, -0.3025555093716819, -0.3276460873941544, 0.46695640594858284, 0.7373593710217861, 0.22590633177977748, -0.008848603961483834]], "inverted": false, "swapped": false, "error_lsq": 0.04776529957902698, "error_max": 0.2663085548748171, "target": "1166.xyz", "model": "27.xyz", "model_rescale": 3.6321398670334006, "target_rescale": 3.806085040053466},
{"mapping": [13, 6, 4, 2, 7, 11, 12, 9, 5, 3, 8, 14], "R": [[0.7323435944174641, 0.3214050504397972, 0.6003096311633694], [-0.24964473648550436, 0.9469404429450203, -0.2024383932463698], [-0.6335221900303037, -0.001609679123347127, 0.773722846807775]], "T": [-0.010938442152925477, 0.1171707067455328, -0.004973119479671433], "aligned_model": [[-0.43553478404104246, 0.24026234726268889, 0.31133887832444684, -0.73499386073851, 0.6947009866788176, -0.5925125573435783, 0.7208797617420624, -0.07271591266855551, -0.5480138274998517, 0.12236216650424533, 0.3430313038914912, -0.047837261506379965], [-0.20360933415035348, -0.25601420169600014, -0.6447403535991635, -0.19541807334311073, -0.05142108638419206, 0.29750145071622464, 0.26553613588802577, 0.41065853803123004, -0.16833285119168395, -0.02344096553583659, 0.46292772224166506, 0.06894247813889504], [-0.6240817074770539, -0.6386438736171992, -0.050756491891245085, 0.10215143005013125, 0.2680418760263853, -0.20937030081517619, -0.35985274237062803, -0.6021503111440364, 0.6290671556042096, 0.6538283569243494, 0.14398029912836716, -0.025546201759431494]], "inverted": false, "swapped": false, "error_lsq": 0.0469772803311262, "error_max": 0.26585945502382413, "target": "1166.xyz", "model": "28.xyz", "model_rescale": 4.156811204709835, "target_rescale": 3.806085040053466},
{"mapping": [4, 10, 9, 8, 7, 6, 2, 0, 5, 11], "R": [[0.6968151646277327, -0.4422594489973912, -0.5646726539485952], [0.5391389176204845, 0.8421976641916782, 0.005685238525693304], [0.4730516397306307, -0.3083985638789609, 0.8252953846627016]], "T": [-0.13258864080729565, 0.05233761471882878, -0.05122156084798009], "aligned_model": [[-0.5843255853874281, 0.06744017199256488, 0.06974711318944721, 0.6007479002532539, -0.18899713251850736, -0.5899335141599088, -0.5549446439538939, -0.40703774711003, 0.34757373360836075, -0.11734492180327069], [-0.1594272995332414, -0.6340016221875253, 0.10251251241860584, 0.2441083238514746, -0.352380250605114, -0.43937375913914667, 0.4730041611624617, 0.5030685165351796, 0.14288963620618061, 0.038320111917329154], [-0.5211575362568459, -0.20520876452269948, -0.7404854913645665, -0.2783423663366258, 0.6113634637724242, 0.004384809505119783, -0.3039243789094243, 0.5852513232256253, 0.5149899866364779, 0.09191568122561404]], "inverted": true, "swapped": true, "error_lsq": 0.06240578439743377, "error_max": 0.41631000269744883, "target": "1166.xyz", "model": "29.xyz", "model_rescale": 4.117894457231895, "target_rescale": 3.806085040053466},
