[{"mapping": [9, 0, 3, 2, 1, 6, 12, 11, 4, 8, 7, 5, 10, 13], "R": [[0.8749153210433123, 0.3511228271480681, -0.33352052599386806], [-0.3409144568173187, -0.04257149163928513, -0.9391299171214594], [-0.34394841784289565, 0.9353611218963266, 0.08245639761846708]], "T": [0.056669832525119854, 0.02470473748292487, -0.07208140267320487], "aligned_model": [[0.025018738135334964, -0.1529818643235517, -0.3220664086535188, -0.6662356549653774, 0.26961335168430345, -0.4744716069625022, 0.4702431988666381, 0.520927605773661, -0.661860980413595, -0.025925847112900247, -0.08220298801044011, 0.329193346748118, 0.7465099209411737, 0.0685737411345822], [-0.7011313890173718, -0.2708592186268355, 0.36014967935385966, -0.12572048233971087, 0.26395421045659473, 0.37899190271485617, -0.25587109625012383, -0.01087029733805088, -0.27983536637833817, -0.03284836213895892, -0.540639356300041, 0.6797784791131471, -0.6468663514499166, -0.0927677694501719], [-0.16643868885292104, -0.7533306584069982, -0.2033668031898416, -0.28664643898420844, -0.552142712042014, 0.3485320303012931, -0.3642356087896922, 0.4477849048704494, 0.4796187175088392, 0.7028022828253011, 0.4100958238905186, 0.19061726055850223, 0.22547842251378844, 0.040161055113812294]], "inverted": false, "swapped": false, "error_lsq": 0.05654825530648811, "error_max": 0.44642238181357413, "target": "1167.xyz", "model": "0.xyz", "model_rescale": 3.8414455957264533, "target_rescale": 3.97642445224502},
{"mapping": [11, 13, 9, 8, 4, 6, 0, 3, 12, 5, 10, 2, 1, 14], "R": [[0.8203449150726942, 0.5133189367454462, 0.2520672320887799], [-0.2992822541176753, 0.7609616087783694, -0.5756453442317407], [-0.487303142494092, 0.39678848161704594, 0.7778782347973376]], "T": [0.0054549451889968886, -0.008179274647767104, -0.030174401022796206], "aligned_model": [[0.020456353311608125, -0.3520836031738939, -0.38660990260962763, -0.768654379338021, 0.5172423241748497, -0.3749603639169225, 0.4514270937049476, 0.6096043676168693, -0.3962371990452124, 0.1308973403140853, -0.24692183522828828, 0.21173764165105993, 0.5866818150143884, 0.04175490036608413], [-0.8382694929822846, -0.31216949996260535, 0.37734498514586223, -0.16647287917968673, 0.17542421402233618, 0.5079665482115795, -0.1869373032854714, -0.15501133340519532, -0.6389781634970155, 0.20789571254998276, -0.21941783870226866, 0.6750742962900939, -0.6258164493824574, -0.0751682134739313], [-0.2225037781591709, -0.6256600263630898, -0.4341123668351929, -0.030709139451521393, -0.043615848383443546, 0.415813105446094, -0.5730111899868414, 0.4460825715678203, 0.12156790340859722, 0.5796604867913292, 0.5698802049696815, 0.1574868218215421, 0.14069846793968374, 0.017352374551340415]], "inverted": true, "swapped": false, "error_lsq": 0.053751471969805766, "error_max": 0.2933463056920609, "target": "1167.xyz", "model": "1.xyz", "model_rescale": 4.316132596720782, "target_rescale": 3.97642445224502},
{"mapping": [3, 10, 5, 4, 2, 1, 11, 6, 9, 0, 7, 13], "R": [[-0.18966722246394135, 0.4603004938691777, -0.8672657032689606], [-0.9815659296421919, -0.1100798846249175, 0.1562393828924849], [-0.023551443447768716, 0.8809119560686844, 0.4726938281454187]], "T": [-0.027333032379299748, -0.00684297389053027, -0.04890057962499389], "aligned_model": [[-0.2488955478687199, 0.5841043081831078, 0.1185201058007385, -0.3017677771346984, -0.5651023461646302, -0.526360923854812, -0.1705583063753661, -0.32032463362436564, 0.4772819646670504, 0.19425025271091728, 0.39306386325316517, -0.036402404960606226], [-0.588511862397647, -0.1871985919832465, -0.510691152753884, 0.5715021090131785, -0.241775326206182, -0.22921269636592953, 0.41520853908950417, 0.37039451695309317, -0.06335393120758548, -0.07196012154894926, 0.5381411900634279, 0.010233755085200504], [0.16547351588283177, 0.09586824106629871, -0.5194879391620897, -0.1527386701528005, -0.3307909001905854, 0.46101059629181645, -0.740304434948549, 0.5097546382915028, -0.4563825561940917, 0.6461620551325598, -0.21496940198132142, -0.014336682826150707]], "inverted": true, "swapped": true, "error_lsq": 0.04770135848680332, "error_max": 0.32125782233673117, "target": "1167.xyz", "model": "2.xyz", "model_rescale": 3.795458400668931, "target_rescale": 3.97642445224502},
{"mapping": [11, 2, 5, 0, 7, 10, 3, 4, 1, 6, 9, 13], "R": [[0.7100992561953264, -0.3158962740683675, -0.6292603518263069], [0.45776743496646777, -0.47192070959975924, 0.7534851155365188], [-0.5349841323208244, -0.8231041172783569, -0.19050351777421878]], "T": [0.04000475369034291, 0.01064488172703721, 0.060312926883554344], "aligned_model": [[-0.010577382077890968, -0.16282224982630272, -0.660741248435275, 0.3434056892444779, 0.24442883276370264, -0.17382279023417396, -0.2165211360261961, 0.4912493387856637, 0.3055420898096433, 0.7357193206445669, -0.3784356708409737, 0.07587903193632309], [-0.057096218723507515, -0.5898069871988718, -0.02370009516032339, 0.2534915272269335, 0.5539113361152033, 0.5558533853247589, -0.34909515558385856, -0.09769777304433144, -0.49350756376359867, -0.12511152009586474, 0.4493607175952466, 0.009167392597923298], [-0.7579369375998647, -0.08858286751684012, -0.005748039538000613, 0.6811388609914786, -0.3451405205162002, 0.3507733388503577, 0.5483359493042144, -0.3926992215976576, 0.5438486257741569, 0.2547333375797172, -0.17697881601144616, 0.0770277209191847]], "inverted": false, "swapped": true, "error_lsq": 0.055623735942124934, "error_max": 0.3406959106200328, "target": "1167.xyz", "model": "3.xyz", "model_rescale": 3.7530521520055578, "target_rescale": 3.97642445224502},
{"mapping": [1, 11, 4, 7, 6, 5, 0, 3, 8, 10, 13], "R": [[0.9080378725111311, -0.23781913570147156, 0.34483225020241987], [-0.27682734302916173, 0.2771305037225502, 0.9200898358627275], [-0.3143785047309597, -0.9309354126902095, 0.18581015355043254]], "T": [-0.061817397845419716, -0.005842712718175984, -0.09811064400536779], "aligned_model": [[-0.49741165569745094, 0.1504557166478553, 0.2409332530498871, 0.6131715799757422, 0.11198123362754527, -0.41780112241717915, 0.06122532706344448, -0.6478135481576839, -0.38244901655287544, 0.1567926155441388, -0.05088478063821908], [-0.5781617184721357, 0.21718560054327596, -0.32687291154451553, 0.15796579738592792, -0.715102518782545, 0.6008661914182268, -0.3203721839195331, -0.06578661436587946, 0.19705457148411978, 0.3421437346949839, -0.041716590127579126], [0.10485520397966475, -0.8609204146712506, -0.5733594924167118, -0.23550349103257837, -0.014489961138464319, -0.14016396371502432, 0.5517994736104832, 0.19582835889550515, 0.7398889825964363, 0.4102758982226579, -0.08537981708540164]], "inverted": false, "swapped": true, "error_lsq": 0.06805034592022491, "error_max": 0.40778962927419377, "target": "1167.xyz", "model": "4.xyz", "model_rescale": 3.7855080009869324, "target_rescale": 3.97642445224502},
{"mapping": [8, 7, 0, 4, 9, 1, 10, 14, 6, 12, 13, 2, 15, 16], "R": [[-0.9796113251204038, -0.022298193860625443, 0.19966081800493732], [0.10247728530667871, 0.7993490033031522, 0.5920638284124701], [-0.172800629894744, 0.600453130118256, -0.7807662779853959]], "T": [-0.016011401475509668, -0.08415899802579066, 0.021599846198656382], "aligned_model": [[0.14152123411141604, -0.3887898365376648, -0.38132975455784907, -0.7112934996407221, 0.6343845990083266, -0.4896246848086401, 0.3259107875622921, 0.5032235440278188, -0.5277490725835328, -0.04371911646450255, 0.0018806571502961167, 0.27854087134151195, 0.6721333013037087, 0.02924552292946806], [-0.7660585904322916, -0.41806443403024407, 0.5484679198270023, 0.030535971247909577, 0.13301272165098743, 0.43868740399188955, -0.3481699165134694, 0.09182093784783132, -0.4826498626161254, 0.07925738402112256, -0.5724600894618433, 0.5859765118943905, -0.5328116617528469, -0.062079713325373834], [-0.05260452405340412, -0.5359957689519605, -0.2518952488758188, -0.20296340070437713, -0.17006524184896718, 0.29623785656311447, -0.5652150527577134, 0.4179879540814999, 0.09512980522181105, 0.6815942640681857, 0.55649194486519, 0.12131466205386018, 0.08857567805891906, 0.04033665959648974]], "inverted": true, "swapped": false, "error_lsq": 0.04911287826300762, "error_max": 0.32818485467836384, "target": "1167.xyz", "model": "5.xyz", "model_rescale": 4.2253639853439635, "target_rescale": 3.97642445224502},
{"mapping": [6, 2, 10, 5, 4, 8, 3, 0, 11, 9, 12, 1, 7, 13], "R": [[0.596705027576903, -0.5613072113456533, -0.5734782685994422], [-0.47744268216139807, 0.32606365904597295, -0.8159233882541191], [0.6449741043754997, 0.7606685906102065, -0.07342819583855027]], "T": [-0.015707977122047, -0.03787527184978568, 0.05245646456666883], "aligned_model": [[-0.07760872566493829, -0.12950405770795237, -0.4156913132355622, -0.57817410207023, 0.41319952726041403, -0.5468189541907686, 0.44729479288716323, 0.7098820582350118, -0.5481903970188443, 0.058367930867537166, 0.021561602692562267, 0.20958337677787744, 0.4595154405781641, 0.02091737343149264], [-0.6295682137578222, -0.08112159732870813, 0.489177409565385, -0.11620732359693009, 0.2729875168222128, 0.354836625288653, -0.4050334612724992, -0.0020489240778089404, -0.5456567499966826, 0.1831937822780891, -0.7262566448316605, 0.6596602182189892, -0.6603333063294534, -0.0681647486328256], [-0.19205473752671579, -0.6073554930493552, -0.36075204966521457, -0.22725269582237287, -0.4169197081455851, 0.3834600468459658, -0.33975874625766334, 0.3920123844421193, 0.30578279909387895, 0.616582036268492, 0.6818099647722872, 0.08979046931729437, 0.1793419034789061, 0.014243413564792619]], "inverted": false, "swapped": false, "error_lsq": 0.048704388419463, "error_max": 0.362657205824534, "target": "1167.xyz", "model": "6.xyz", "model_rescale": 3.89814844738969, "target_rescale": 3.97642445224502},
{"mapping": [0, 6, 1, 12, 3, 4, 7, 10, 9, 11, 2, 5, 13], "R": [[0.8510215721031049, 0.3799072101248284, 0.36253661264806003], [0.07607500698883751, -0.7722830495421347, 0.6307071306886813], [0.5195910672122919, -0.5091653985544093, -0.6861309785952834]], "T": [-0.03291871447789248, 0.1291410405325839, 0.004989295095497542], "aligned_model": [[0.29161812470671394, 0.01723221561440834, 0.5475352774061703, -0.4183403959993776, 0.6152114455710405, -0.47532931718384214, -0.6873129180054613, 0.0014063313638214142, -0.336449737203923, -0.6721283799685245, 0.1846942115863594, 0.1078980986683042, -0.02740315565146658], [-0.34800489695788195, 0.2243508659711282, 0.36669622951588243, -0.6504246308266283, 0.18664514096165116, 0.4836129368657132, -0.13321691525202384, -0.5067118036742815, -0.18323203568412993, 0.5718990407313342, 0.7048814085975665, 0.12124144703758627, 0.12604447818456838], [-0.4460750636550721, -0.7221061792091554, -0.4013692076605194, -0.3565821122304792, 0.10501664645846599, -0.30997474478155446, -0.06025388081483342, 0.1528227608533804, 0.4888935462314365, 0.27342291199103047, 0.21716573307209178, 0.6954216305020473, -0.03410700992054312]], "inverted": true, "swapped": true, "error_lsq": 0.045452670995655635, "error_max": 0.273201465744013, "target": "1167.xyz", "model": "7.xyz", "model_rescale": 3.7474275329858107, "target_rescale": 3.97642445224502},
{"mapping": [11, 7, 3, 6, 8, 0, 9, 4, 10, 1, 12, 2, 13, 14], "R": [[0.9488017506021669, -0.15620353603110324, 0.27454634105309683], [0.09311009386077594, -0.6922442107541704, -0.7156315134890114], [0.3018372880800201, 0.7045554683690387, -0.6422583931065313]], "T": [-0.00786590056442026, -0.11366967461596227, 0.053529418502245574], "aligned_model": [[0.045777136184013, -0.3310909325440585, -0.2325175837247277, -0.7077946165832439, 0.4277683229169388, -0.5563314438539303, 0.24687645992628982, 0.7478475299899312, -0.6270159533305173, -0.09274810133246601, 0.015654674311075395, 0.38215609487263963, 0.689072748849178, 0.03668021716080455], [-0.707343510637086, -0.41098704241259093, 0.5220766651631106, 0.09775966848874441, 0.24603060190485043, 0.17387376316373765, -0.4129189345137652, 0.08470854247938818, -0.5512908894544686, 0.2522655855776385, -0.5578030906790497, 0.5765908093239391, -0.490933834872417, -0.0965637511830931], [-0.1229748494978144, -0.4670525572059644, -0.19038193772243836, -0.3102500803212829, -0.3286339631281359, 0.2787350064456531, -0.5990781590745375, 0.09559056098992644, 0.07363524281440166, 0.7044427901498617, 0.48112140871372533, 0.33639476320921613, 0.4778643110483454, 0.08951705089587247]], "inverted": false, "swapped": false, "error_lsq": 0.05298639404596521, "error_max": 0.30462764627522454, "target": "1167.xyz", "model": "8.xyz", "model_rescale": 4.019505241142653, "target_rescale": 3.97642445224502},
{"mapping": [6, 4, 7, 12, 0, 10, 9, 1, 3, 2, 11, 5, 13], "R": [[-0.4199480715856422, -0.5310599888948624, 0.7359476240647082], [0.11759133218300556, 0.7722425482010266, 0.6243506429430591], [-0.8998977140580625, 0.3487359100278803, -0.2618537173501645]], "T": [0.003892160023548648, -0.054522585962958586, 0.08154017603970183], "aligned_model": [[-0.390847057935974, -0.5666300192043148, 0.004050126331576871, 0.38418244032591947, 0.29646325178539873, 0.6164692313310638, 0.3973804577182819, -0.21051075233137612, 0.19021025461460095, -0.32140190924700796, -0.43438870704382604, 0.3643118021890344, -0.009588346792201274], [-0.620113800644226, 0.04880678359180224, 0.2506478543363687, -0.24157899415115636, -0.691104621044275, -0.0865123864705303, 0.44111468995943237, -0.6773145084892584, -0.3690300089481219, 0.08345628755006879, 0.63154692103996, 0.3817330403957043, -0.08827302901171], [-0.17249797677113465, -0.20898916411172763, -0.5573581883274219, -0.7595279508130224, -0.13204102693392583, -0.14444160691586327, -0.07137154706604838, 0.43459562448777184, 0.629039532630277, 0.6283461716210974, -0.03635283901930174, 0.5015012435551245, 0.06580122170805366]], "inverted": false, "swapped": true, "error_lsq": 0.04740925710075526, "error_max": 0.2804190216269146, "target": "1167.xyz", "model": "9.xyz", "model_rescale": 3.877068213659057, "target_rescale": 3.97642445224502},
{"mapping": [4, 5, 0, 1, 6, 8, 3, 14, 7, 9, 2, 10, 13, 15], "R": [[0.4586441243760857, 0.10544821921554437, 0.8823413399810554], [0.3944823745963828, 0.8655709446287947, -0.3084973191896736], [-0.796259520073759, 0.48955858983239864, 0.35539156407154693]], "T": [0.06537082618847517, -0.03352047073634959, 0.00013496743636002423], "aligned_model": [[-0.09827697796748505, -0.27685525200350447, -0.47593574456832305, -0.711610810256009, 0.5999610242258331, -0.544219853073151, 0.26088215192920333, 0.5956950944895134, -0.5612727317552308, 0.04436441833384647, 0.0637223350619816, 0.44854301474761943, 0.6915357323419613, 0.007802151335671484], [-0.6820455579845531, -0.1353450680320867, 0.4325514561740115, -0.23885544790233584, 0.1085517512970662, 0.20079936063920062, -0.3619209704328836, 0.052864631067496254, -0.4885425645417024, 0.16435000331649982, -0.42062924846592664, 0.5190833618738929, -0.44666264780150355, 0.02126552314176311], [-0.1034279948117984, -0.6952127909072099, -0.3513336528348792, -0.3270403586255692, -0.2725065169597498, 0.4110076438089572, -0.5065106444408127, 0.5665405917692166, 0.25812588753521604, 0.6294610436693401, 0.539114962084792, 0.22600851072805442, 0.18686886311502926, -0.042165956813757614]], "inverted": false, "swapped": false, "error_lsq": 0.04433791461408428, "error_max": 0.29900578774927533, "target": "1167.xyz", "model": "10.xyz", "model_rescale": 4.260839863003843, "target_rescale": 3.97642445224502},
{"mapping": [8, 3, 2, 5, 11, 9, 10, 0, 6, 4, 7, 13], "R": [[-0.03334537330326797, 0.9663242216755255, 0.25515796025688786], [-0.6255662673757991, 0.17892661744387356, -0.7593761325532978], [-0.7794581009911794, -0.18493989340670547, 0.5985334615758258]], "T": [-0.017788073297636736, -0.028441362709712356, 0.01928002060305503], "aligned_model": [[0.5285252716900708, 0.15944554254941887, -0.4076295052462283, -0.42496154483012505, -0.7374510118802541, -0.29623619223415776, 0.2696414191201789, 0.7113869340869209, 0.44550302240888673, -0.2013944772956209, -0.10109984082539154, 0.013169031550431535], [-0.11858820578784389, -0.5355930516290303, -0.5498575594793088, -0.054932912138589626, 0.17822742242012163, 0.45447535346203205, 0.38433620500988525, 0.0013543915897641368, -0.2050900706339745, 0.03014866754695504, 0.6231619292556525, -0.0345636640827294], [-0.715315509473042, -0.3612069131962069, 0.019205691041151496, -0.5552602739856002, 0.35994630593204147, -0.3170671736356493, -0.3982612927204444, -0.04290907022571144, 0.561870519995743, 0.6385018789525252, 0.28346261251275395, 0.043211302197943766]], "inverted": true, "swapped": true, "error_lsq": 0.05057888241526944, "error_max": 0.27537359925553023, "target": "1167.xyz", "model": "11.xyz", "model_rescale": 3.890672605050136, "target_rescale": 3.97642445224502},
{"mapping": [11, 6, 8, 6, 5, 0, 9, 12, 1, 4, 2, 7, 10, 13], "R": [[-0.20268499628507497, 0.28270389619303304, 0.9375485584001492], [0.25293779323202537, -0.9098165227625474, 0.3290233542823061], [0.9460133535187715, 0.30382956075001255, 0.11289965889506542]], "T": [-0.06137778422481707, -0.08695951950064856, 0.013437005224830663], "aligned_model": [[0.016822555328788583, -0.40699857088615765, -0.3519166992816166, -0.40699857088615765, 0.4354681076930811, -0.5406514512491959, 0.37948970197580056, 0.6600468745867666, -0.7650147420317678, 0.009295693049383491, -0.012891267192907833, 0.40061822743513686, 0.5864063177030192, 0.0406583765977539], [-0.6316070468153974, -0.22418014930665026, 0.5217148192285239, -0.22418014930665026, 0.3256700771915895, 0.10660547229195874, -0.3219513229187181, 0.04317019231574876, -0.3719129085027998, -0.02991096193247622, -0.5624000826249164, 0.612301018868767, -0.5242382052195571, 0.006383829079516179], [0.010999428788532585, -0.4267619435753653, -0.24012508588571962, -0.4267619435753653, -0.4199832959297977, 0.29896088478054883, -0.5834173555357093, 0.14664686411764744, 0.1837158591515774, 0.7082807038466901, 0.5399058668575786, 0.17014869900041305, 0.4478372961409995, 0.10948360913479893]], "inverted": false, "swapped": false, "error_lsq": 0.05168182593438322, "error_max": 0.3195861071881649, "target": "1167.xyz", "model": "12.xyz", "model_rescale": 4.124412569039231, "target_rescale": 3.97642445224502},
{"mapping": [4, 1, 0, 11, 6, 7, 2, 9, 3, 5, 10, 8, 13], "R": [[0.15330783824309463, -0.958569506702085, 0.2400858337223397], [-0.8406268330972542, -0.2542265387158796, -0.47824198319409894], [0.5194643724165406, -0.1285043494729467, -0.8447741697971266]], "T": [0.062123760422268186, 0.061900893817034924, 0.020033329885445678], "aligned_model": [[-0.19605074469396633, 0.09641306453158247, 0.7225390034926961, -0.5397762864907268, 0.27648644936872985, 0.22945089372797017, -0.5115765737402614, 0.10478555307145684, 0.0649196021137406, -0.1883303527062471, 0.5819940846945553, 0.6449578803411176, 0.08148573379911037], [-0.3074866136954407, 0.6825104690056396, 0.31031054156706683, -0.49859469301163395, 0.14255324417606005, -0.6259554881152924, 0.36935594838471075, -0.30011688984503015, 0.708190746343665, 0.18495889074325272, -0.014967238536118255, 0.6291017510993769, 0.0676247083922208], [0.48637934658766635, 0.43494842490738483, 0.2164915061255452, 0.004500121975271859, 0.7184541853677807, 0.033276096646579795, 0.03383600516497545, -0.5194056754988524, -0.10521245544182742, -0.6270509419265767, -0.36876985686274477, -0.4098537403934709, 0.054105064316107454]], "inverted": false, "swapped": true, "error_lsq": 0.05504522163158659, "error_max": 0.38924748192045794, "target": "1167.xyz", "model": "13.xyz", "model_rescale": 3.9028299243045295, "target_rescale": 3.97642445224502},
{"mapping": [12, 1, 6, 2, 9, 3, 11, 10, 8, 4, 5, 7, 13, 15], "R": [[0.0803639144532226, 0.3876874667854837, 0.9182810405051438], [-0.936171566523563, -0.2869532428763473, 0.203077902381243], [0.34223447997911133, -0.8759887353728941, 0.3398812972395286]], "T": [-0.06466870251592101, -0.11288514507728932, 0.06416647545379035], "aligned_model": [[0.031733702856962906, -0.22862465049270514, -0.192561533544385, -0.763717400699994, 0.41739649017713293, -0.3935021473888915, 0.2827305946076891, 0.5608864092187582, -0.5082906844977639, -0.04457100389542577, 0.01586385554846069, 0.3956033506171575, 0.46751060490052415, 0.0038769654344066873], [-0.7650075455519866, -0.13246570590733175, 0.38679130996215083, -0.2290248204098317, 0.34418591096272755, 0.3948461963122488, -0.2835726230500055, 0.04875651349170086, -0.682923558606544, 0.12985204630194058, -0.44345899108020526, 0.6540859750348368, -0.6679366875765972, -0.028663437534164643], [-0.15873090003171547, -0.5642711145290344, -0.35817832006283473, -0.135814180952245, -0.33526393924686143, 0.21505350518764843, -0.5651475968179658, 0.4355226097058761, 0.33759453502554576, 0.6966520581465433, 0.4467070263573514, 0.20745951037098803, 0.26752409572440017, 0.02982229843913229]], "inverted": false, "swapped": false, "error_lsq": 0.036818140531471935, "error_max": 0.25084969174711674, "target": "1167.xyz", "model": "14.xyz", "model_rescale": 3.942246331269136, "target_rescale": 3.97642445224502},
{"mapping": [4, 1, 0, 12, 2, 8, 5, 9, 13, 6, 11, 7, 10, 14], "R": [[0.6597281448847829, 0.5143511868376173, -0.5479065900731781], [-0.7445074230696237, 0.5465906141143624, -0.38333718519902626], [0.10231066337929406, 0.6608188535149545, 0.7435394885263794]], "T": [0.020962273748579494, -0.19811272374397168, 0.03176294966487161], "aligned_model": [[-0.003473270099709533, -0.2119945676166924, -0.19083834383156079, -0.6740001609301036, 0.30965556159722857, -0.3912250001734625, 0.3547395836106098, 0.7748461396494406, -0.6632819655319044, 0.168218177066991, -0.19891773214451575, 0.29182879134506395, 0.49286244191412254, -0.014085102013580847], [-0.7773672894180006, -0.14356007526128212, 0.4600260949292674, -0.33444253803315505, 0.3863221895141704, 0.319730549400709, -0.13691751096243956, 0.032285246587622246, -0.6013199349712112, 0.04908611097470916, -0.3703770727665662, 0.5874811864277043, -0.6139008824904674, -0.13158149158212243], [0.11854445267810126, -0.7424440991181128, -0.21865924706761045, -0.37630279783680554, -0.3654019233483033, 0.43273791392487393, -0.5045461137892187, 0.19528113866479938, 0.20543969632699807, 0.5113438337605847, 0.6921331501742708, 0.23289237584455616, 0.3685580719197713, -0.03064686481707638]], "inverted": false, "swapped": false, "error_lsq": 0.05109314321852721, "error_max": 0.26120561651000307, "target": "1167.xyz", "model": "15.xyz", "model_rescale": 4.355366556412066, "target_rescale": 3.97642445224502},
{"mapping": [3, 10, 5, 4, 2, 1, 11, 6, 9, 0, 7, 13], "R": [[-0.18966722246394135, 0.4603004938691777, -0.8672657032689606], [-0.9815659296421919, -0.1100798846249175, 0.1562393828924849], [-0.023551443447768716, 0.8809119560686844, 0.4726938281454187]], "T": [-0.027333032379299748, -0.00684297389053027, -0.04890057962499389], "aligned_model": [[-0.2488955478687199, 0.5841043081831078, 0.1185201058007385, -0.3017677771346984, -0.5651023461646302, -0.526360923854812, -0.1705583063753661, -0.32032463362436564, 0.4772819646670504, 0.19425025271091728, 0.39306386325316517, -0.036402404960606226], [-0.588511862397647, -0.1871985919832465, -0.510691152753884, 0.5715021090131785, -0.241775326206182, -0.22921269636592953, 0.41520853908950417, 0.37039451695309317, -0.06335393120758548, -0.07196012154894926, 0.5381411900634279, 0.010233755085200504], [0.16547351588283177, 0.09586824106629871, -0.5194879391620897, -0.1527386701528005, -0.3307909001905854, 0.46101059629181645, -0.740304434948549, 0.5097546382915028, -0.4563825561940917, 0.6461620551325598, -0.21496940198132142, -0.014336682826150707]], "inverted": true, "swapped": true, "error_lsq": 0.04770135848680332, "error_max": 0.32125782233673117, "target": "1167.xyz", "model": "16.xyz", "model_rescale": 3.795458400668931, "target_rescale": 3.97642445224502},
{"mapping": [0, 6, 1, 12, 3, 4, 7, 10, 9, 11, 2, 5, 13], "R": [[0.8510215721031049, 0.3799072101248284, 0.36253661264806003], [0.07607500698883751, -0.7722830495421347, 0.6307071306886813], [0.5195910672122919, -0.5091653985544093, -0.6861309785952834]], "T": [-0.03291871447789248, 0.1291410405325839, 0.004989295095497542], "aligned_model": [[0.29161812470671394, 0.01723221561440834, 0.5475352774061703, -0.4183403959993776, 0.6152114455710405, -0.47532931718384214, -0.6873129180054613, 0.0014063313638214142, -0.336449737203923, -0.6721283799685245, 0.1846942115863594, 0.1078980986683042, -0.02740315565146658], [-0.34800489695788195, 0.2243508659711282, 0.36669622951588243, -0.6504246308266283, 0.18664514096165116, 0.4836129368657132, -0.13321691525202384, -0.5067118036742815, -0.18323203568412993, 0.5718990407313342, 0.7048814085975665, 0.12124144703758627, 0.12604447818456838], [-0.4460750636550721, -0.7221061792091554, -0.4013692076605194, -0.3565821122304792, 0.10501664645846599, -0.30997474478155446, -0.06025388081483342, 0.1528227608533804, 0.4888935462314365, 0.27342291199103047, 0.21716573307209178, 0.6954216305020473, -0.03410700992054312]], "inverted": true, "swapped": true, "error_lsq": 0.045452670995655635, "error_max": 0.273201465744013, "target": "1167.xyz", "model": "17.xyz", "model_rescale": 3.7474275329858107, "target_rescale": 3.97642445224502},
{"mapping": [4, 0, 1, 2, 3, 7, 8, 10, 6, 12, 9, 11, 5, 13], "R": [[0.9278881220565387, 0.3703266512037836, -0.04337976895491036], [0.33353210813601797, -0.7723767664865726, 0.540546448914513], [0.16667323057028047, -0.5160351751576028, -0.8401950560502772]], "T": [0.012737097418824244, -0.03332842578611833, 0.046088179518164046], "aligned_model": [[0.06401714400306739, -0.29894443263175874, -0.2509032805614415, -0.6780691616285599, 0.38799828533858893, -0.3659434104825241, 0.47518659333163216, 0.6864493199170714, -0.5037711487215925, 0.16390607408499014, -0.2737301614690282, 0.24163982214633262, 0.46818135723769827, -0.0716824477225493], [-0.8457762878644131, -0.31566108487704303, 0.4677987934641072, -0.05198955010300366, 0.32230708713379097, 0.4161987137323013, -0.3383830412061459, 0.052203529355775796, -0.6061877039922507, -0.02283547240413708, -0.4384818797553128, 0.6353104647049788, -0.4817688348709674, -0.0672701509687418], [-0.11677572147690571, -0.6766048979475361, -0.35125761199677774, -0.11599574537838725, -0.39356123092210293, 0.5171993190683357, -0.4121002059300365, 0.16952033241818462, 0.053179759203367705, 0.7783960121517687, 0.49498834010867565, 0.19529353646358869, 0.38474975449847504, -0.008102052943821166]], "inverted": true, "swapped": false, "error_lsq": 0.04748686040756112, "error_max": 0.2402126350780835, "target": "1167.xyz", "model": "18.xyz", "model_rescale": 3.922800546911778, "target_rescale": 3.97642445224502},
{"mapping": [12, 3, 2, 0, 11, 1, 7, 4, 5, 6, 8, 10, 13, 14], "R": [[-0.5466828542801966, 0.3885947053404504, -0.7417088457187405], [-0.6851557472955191, 0.30160923690930563, 0.6630184538600007], [0.4813516996791191, 0.8706468992607482, 0.10136329722176707]], "T": [-0.008855415143979927, -0.09729252420688822, 0.07291875049483293], "aligned_model": [[-0.031439188475568494, -0.26940527872433434, -0.2636995583560717, -0.7719731552978834, 0.6407583032552444, -0.5698073743237141, 0.34573208505929853, 0.5712278228784446, -0.5785437229258961, 0.03945036671545625, 0.006573759362545093, 0.3313959479163985, 0.5678828145723304, 0.026181731185677185], [-0.8258342227564806, -0.2533047489056154, 0.4997003819525688, -0.11653648468327704, 0.07392604341291198, 0.2288725675801319, -0.3197496881032069, 0.130814363333148, -0.5942673474324303, 0.26024874352417365, -0.4130868822781783, 0.6338136370767922, -0.46742186377700895, -0.11170991659459033], [-0.22259945744352072, -0.49004057123091843, -0.23003816963337137, -0.2672629955240577, -0.163576136846442, 0.4291942847766982, -0.6075160619519231, 0.44080164478917444, 0.17782336069969204, 0.6607950684574855, 0.5967760955860402, 0.09062293451731727, 0.11972722401478751, -0.015777632894132587]], "inverted": true, "swapped": false, "error_lsq": 0.04269498753047848, "error_max": 0.314995413001216, "target": "1167.xyz", "model": "19.xyz", "model_rescale": 3.9282355846067225, "target_rescale": 3.97642445224502},
{"mapping": [10, 1, 3, 0, 5, 4, 2, 7, 11, 8, 9, 6, 12, 13], "R": [[0.9605905565359547, 0.20543358380051888, -0.18725070184333184], [-0.26112835972514575, 0.43602345656279745, -0.8612174667726412], [-0.09527729236916863, 0.8761738343353479, 0.472484549572676]], "T": [0.06242999501309817, -0.028397826756629593, 0.11241796565068049], "aligned_model": [[0.0013244961202549324, -0.15370850618070514, -0.3356297917190657, -0.6452962268285041, 0.3227224773923639, -0.49069860452582065, 0.43234538856823795, 0.6806578768349547, -0.5089744038737366, -0.0990167781288854, 0.04719016050921728, 0.30198108702427595, 0.49452386931261744, -0.0030864916632777004], [-0.8320800964284474, -0.059554053512914165, 0.46592395388368535, -0.16450508776359452, 0.3787150688097933, 0.21395914074592887, -0.3191165082174634, -0.10402354824497786, -0.4221430941845696, 0.19886190141114846, -0.42976938051068325, 0.5764856009524185, -0.6857365676311872, -0.09155274696019865], [-0.1918767540072154, -0.6043904007504239, -0.29199451253574926, -0.23513835585107487, -0.3917616314463803, 0.29864282332250275, -0.5638670779666526, 0.12556379263304135, 0.29081316916475947, 0.8201675926539975, 0.6755284774679755, 0.17221234043852504, 0.434900536971749, -0.01987041277822557]], "inverted": false, "swapped": false, "error_lsq": 0.04792304524287222, "error_max": 0.26931297659185777, "target": "1167.xyz", "model": "20.xyz", "model_rescale": 4.067790424073018, "target_rescale": 3.97642445224502},
{"mapping": [5, 6, 3, 2, 11, 0, 13, 9, 4, 7, 8, 12, 1, 14], "R": [[0.47580990833414405, 0.5274595765300605, 0.7038404124926211], [0.8016085459714228, -0.5893905265235737, -0.10021250555617267], [0.36197882556392014, 0.6118865927367538, -0.7032539565991587]], "T": [0.011488146428825651, -0.10971868010570515, -0.0019824562266003154], "aligned_model": [[0.046998184757314244, -0.3614484384313327, -0.32985951062438845, -0.7136906080851073, 0.2713844390669684, -0.3924848650619337, 0.5264569235414431, 0.6173180504285309, -0.5986844110540104, 0.12987449889246425, -0.14093031683437596, 0.3228701537677373, 0.5808214719770723, 0.08570898050154507], [-0.6979508440481419, -0.21494266375417057, 0.590888639103022, 0.04825885459497234, 0.21521876694614525, 0.23503968062129407, -0.4103706739914398, 0.15280735961092876, -0.6278691753917216, -0.1036185359957915, -0.46714357168333864, 0.5895586544434831, -0.49833578290883973, -0.08607612519746352], [-0.036450983021247677, -0.6323816310621652, -0.34312198478678013, -0.05565557864787607, -0.49685802296587955, 0.4696164286500266, -0.36877809721605553, 0.40801767226032926, -0.04299476006325051, 0.7346391678118063, 0.4153710577902994, 0.030672126745166117, 0.4431483258003126, -0.00629413397785681]], "inverted": false, "swapped": false, "error_lsq": 0.05366999218345391, "error_max": 0.33195552566581954, "target": "1167.xyz", "model": "21.xyz", "model_rescale": 4.186013935880536, "target_rescale": 3.97642445224502},
{"mapping": [5, 8, 3, 11, 7, 2, 9, 10, 1, 0, 12, 6, 13], "R": [[0.10473033400514165, -0.6959728932333735, 0.7103895333009481], [0.13302701286959795, 0.7177023257193093, 0.6835255558529516], [-0.9855634789226736, 0.022915137823323162, 0.1677483993138975]], "T": [0.12764951575642602, -0.0857349495393129, 0.051015902969483176], "aligned_model": [[0.07709130033391143, -0.4238150452022288, 0.230232413056139, 0.4938374111932241, -0.18170700578545085, 0.7008661656591867, -0.24571733088683245, -0.5128738861460019, 0.4433675427260174, -0.28422770611942716, -0.6501248627758874, 0.2835437760194113, 0.12810126335116376], [-0.523996453685608, 0.3018665490993857, 0.24191586998283812, -0.7462674581007139, -0.42081768824574983, -0.17530230395351976, -0.6130927058371369, -0.10524081882857408, 0.5662133927715347, 0.5190523899940176, 0.03486968024657497, 0.49172574048231954, -0.05196953437927524], [-0.49849233996568604, -0.5749770948316955, -0.5106838269574252, 0.377027375536648, 0.5926229961443509, -0.24436784597378297, -0.028748371425958624, -0.07817803858581605, -0.13275575881141322, 0.08327872099082745, 0.568246925354218, 0.4781973474404079, 0.0717094724206713]], "inverted": true, "swapped": true, "error_lsq": 0.050247213822855144, "error_max": 0.314657828377518, "target": "1167.xyz", "model": "22.xyz", "model_rescale": 4.166573947596378, "target_rescale": 3.97642445224502},
{"mapping": [6, 12, 9, 14, 3, 10, 2, 0, 13, 7, 5, 8, 1, 15], "R": [[-0.2983832534534844, -0.454171797390564, -0.8394613823836917], [-0.10017379766660006, -0.8597675534247301, 0.500764380062226], [-0.9491747174886008, 0.23351173960441243, 0.21104412606693496]], "T": [0.033415859450244945, -0.015818578336730227, -0.10383858719199776], "aligned_model": [[0.12809532062914075, -0.33124272298076746, -0.20597405149881096, -0.7555096387712079, 0.391796780480543, -0.503227772988954, 0.5431427351195354, 0.5485816643027493, -0.5726540354170471, -0.036751519361455987, -0.04273113216028929, 0.31180438159770274, 0.5048292201043023, 0.06417532378648594], [-0.7580651467472894, -0.3388594510007038, 0.4844508191310451, -0.028456220875500038, 0.2774712781136007, 0.17353666749917218, -0.3232633212165226, -0.04307436660175798, -0.3268985225430307, 0.03596855648910731, -0.5544683998277391, 0.6845638928906457, -0.4904542303440121, -0.06698697261807644], [-0.24245122471284955, -0.5420737615871164, -0.3337780722203989, -0.16227326411709833, -0.4872063317413847, 0.38308998635957126, -0.4176306863358322, 0.5291046001121535, 0.3988757350069021, 0.6059390394400634, 0.5247471163343512, 0.1894929060970363, 0.1423107619999343, -0.06921721731850347]], "inverted": false, "swapped": false, "error_lsq": 0.05314901911212207, "error_max": 0.3636392685409749, "target": "1167.xyz", "model": "23.xyz", "model_rescale": 4.274766983524099, "target_rescale": 3.97642445224502},
{"mapping": [5, 3, 8, 10, 0, 12, 7, 6, 4, 1, 13], "R": [[0.0874091129099784, -0.8943881197302784, 0.43866791342156275], [0.6918261632550547, 0.3713394778391202, 0.619260488029036], [-0.7167539374262837, 0.249352929566722, 0.6512195556802731]], "T": [0.1553630836490073, -0.0029732799665478787, -0.02061314674401419], "aligned_model": [[0.27065620026994763, 0.16242451301279387, -0.4721898915911088, -0.43809408112504844, -0.43404980605014154, -0.6352220138078144, -0.04361747224646567, 0.09747539763537633, 0.4847524373868662, 0.24381158783160864, 0.1439478326420611], [-0.04553736002266816, 0.5991000468890388, 0.516500924019351, -0.10730157288464108, 0.3469037884419298, -0.40071824001796547, -0.6519211636168138, 0.2448267526801704, -0.28957640374160837, 0.6915536842005314, 0.011756075296158859], [-0.7145039051244567, -0.28677614615657065, -0.4478591317419874, -0.27412050902589885, 0.2375146197690857, 0.3015367276578849, 0.18086520260944633, 0.6689461436957141, 0.4589086110301796, 0.24072130452842502, 0.01433351677975566]], "inverted": true, "swapped": true, "error_lsq": 0.053911188185119176, "error_max": 0.2675217698606987, "target": "1167.xyz", "model": "24.xyz", "model_rescale": 3.7841303162186577, "target_rescale": 3.97642445224502},
{"mapping": [4, 0, 10, 7, 9, 11, 8, 12, 6, 13, 3, 14, 5, 15], "R": [[0.9312570728624299, 0.17936805124598906, -0.3171551141569617], [0.1688727454528868, -0.9837780514551934, -0.060520585904528114], [-0.32286569976834584, 0.0028013688152602276, -0.9464406438049126]], "T": [-0.0009220836758333513, -0.10410819665200736, -0.09901025009398606], "aligned_model": [[0.11892805916577151, -0.397798687680581, -0.2324412239133341, -0.6187684253949449, 0.4708272517405837, -0.5449103139773428, 0.22239973249056819, 0.5911583269654785, -0.46937375284185806, 0.03998367047001278, -0.027671349245131233, 0.3399033197637358, 0.5909125200973733, -0.03881457479840495], [-0.8315785605148177, -0.18546510044104692, 0.6026782808279241, 0.024980590580815518, 0.2225279718244223, 0.12704276801119074, -0.29755287781298384, 0.03640180515405568, -0.56888638105943, 0.20112738568659144, -0.4834592015514814, 0.5717646326569858, -0.5479207520957727, -0.14619597891751437], [0.015563550665664352, -0.7131763227088066, -0.32727953894467077, -0.255239386734144, -0.21259760195734212, 0.39096281650395553, -0.6110300791958785, 0.35361501782132976, 0.19520179112379638, 0.6201267019695389, 0.6111863279788836, 0.13833533188021618, 0.3722656381612583, -0.059004659246972124]], "inverted": true, "swapped": false, "error_lsq": 0.03847635982069678, "error_max": 0.21843508448989232, "target": "1167.xyz", "model": "25.xyz", "model_rescale": 4.19342608120988, "target_rescale": 3.97642445224502},
{"mapping": [3, 10, 5, 4, 2, 1, 11, 6, 9, 0, 7, 13], "R": [[-0.18966722246394135, 0.4603004938691777, -0.8672657032689606], [-0.9815659296421919, -0.1100798846249175, 0.1562393828924849], [-0.023551443447768716, 0.8809119560686844, 0.4726938281454187]], "T": [-0.027333032379299748, -0.00684297389053027, -0.04890057962499389], "aligned_model": [[-0.2488955478687199, 0.5841043081831078, 0.1185201058007385, -0.3017677771346984, -0.5651023461646302, -0.526360923854812, -0.1705583063753661, -0.32032463362436564, 0.4772819646670504, 0.19425025271091728, 0.39306386325316517, -0.036402404960606226], [-0.588511862397647, -0.1871985919832465, -0.510691152753884, 0.5715021090131785, -0.241775326206182, -0.22921269636592953, 0.41520853908950417, 0.37039451695309317, -0.06335393120758548, -0.07196012154894926, 0.5381411900634279, 0.010233755085200504], [0.16547351588283177, 0.09586824106629871, -0.5194879391620897, -0.1527386701528005, -0.3307909001905854, 0.46101059629181645, -0.740304434948549, 0.5097546382915028, -0.4563825561940917, 0.6461620551325598, -0.21496940198132142, -0.014336682826150707]], "inverted": true, "swapped": true, "error_lsq": 0.04770135848680332, "error_max": 0.32125782233673117, "target": "1167.xyz", "model": "26.xyz", "model_rescale": 3.795458400668931, "target_rescale": 3.97642445224502},
{"mapping": [6, 7, 12, 0, 8, 2, 4, 1, 11, 10, 3, 5, 13], "R": [[-0.6107185733917387, 0.29654520369055537, -0.7342232400860699], [0.7703356512667203, 0.00783890750138444, -0.6375904139152836], [-0.18331887110125178, -0.9549866458214542, -0.23322670902118142]], "T": [-0.12570372399276383, -0.061684664110024774, 0.04998855232990077], "aligned_model": [[-0.2555680821768489, 0.5063251750704082, 0.696717288716324, -0.007795395131148811, -0.136438556118642, -0.6899069286181251, -0.10081331357214221, -0.7063559852906416, -0.012834529081834467, 0.3260422975843692, -0.6009856336428033, -0.1901935162994097, -0.12851643861824902], [-0.6797415845968058, -0.3040528201825343, -0.2553469514608534, -0.13224502001433755, 0.561695664376817, 0.006953649941777239, -0.6372863657437049, -0.235440549768932, -0.2658604905855578, 0.29852395599070913, 0.2786206565654609, 0.57690226855533, -0.09084090982045426], [-0.3260283979732756, 0.25763558517128793, -0.3660943570245678, -0.6694350527501459, -0.6263967272787405, 0.3675018962650522, 0.34771823112901645, -0.3872052043932436, 0.8388187156727153, -0.2558170458045032, -0.25280558901247896, 0.34091188301047487, 0.02333272508783524]], "inverted": true, "swapped": true, "error_lsq": 0.053304713707192475, "error_max": 0.33415226073202386, "target": "1167.xyz", "model": "27.xyz", "model_rescale": 3.6321398670334006, "target_rescale": 3.97642445224502},
