[{"mapping": [11, 13, 4, 5, 8, 6, 1, 9, 2, 10, 15, 14, 12, 16], "R": [[-0.05762916595810447, 0.8386221953683862, 0.5416564341595892], [-0.22605495004315732, 0.5175049150100864, -0.8252804508174107], [-0.9724083703835332, -0.17000434222663646, 0.1597513218478324]], "T": [-0.009909919567768433, 0.07969199982284975, 0.08266883437356327], "aligned_model": [[0.1561670227680065, 0.39189237616041883, -0.44256945097456585, -0.6296271446684885, -0.6260474260569769, -0.19803162737592767, -0.6506404154879558, -0.0429881667541093, -0.36660412461370456, 0.18352961437418747, 0.5705946478800028, 0.5111723896690524, 0.5556282137321088, -0.04098380752374429], [-0.653655224478181, -0.3873187387458588, -0.4551566834827108, -0.24341023396946165, 0.17861968580083423, 0.22966857981384098, 0.20450250147795979, 0.5032575018582088, 0.7323313772029425, -0.04328172893639326, 0.5044769330629529, 0.5712202252666483, -0.01121049571385771, 0.10522963265311008], [0.21150813706979726, -0.47449973323132794, 0.48039362189604623, -0.05574558147142285, 0.47447315706438686, -0.6181584586752462, -0.250063373132414, 0.5840227685983023, 0.18320139598237845, 0.7769036398767462, 0.4874724633545762, -0.010741642568150009, 0.04629163310896489, 0.06253005930719632]], "inverted": false, "swapped": true, "error_lsq": 0.04373231443289751, "error_max": 0.2910893343809629, "target": "1168.xyz", "model": "0.xyz", "model_rescale": 3.8414455957264533, "target_rescale": 4.321024355398809},
{"mapping": [10, 8, 14, 2, 9, 0, 3, 15, 13, 12, 6, 4, 7, 11, 16], "R": [[-0.9180029566650745, -0.39464191549165983, -0.0390938625778425], [-0.2603360339066346, 0.6740640000049027, -0.691276264128282], [0.2991583543943662, -0.6244161132085432, -0.7215322560784034]], "T": [-0.041070578743079185, 0.0897572899281192, -0.09077454206322358], "aligned_model": [[-0.6407823703053256, -0.602545857467261, 0.18644460640273058, -0.26686645035751405, -0.5440783285625306, 0.29356734646390714, 0.6085849017971275, -0.268458456436836, 0.6270343788967022, 0.1660720494451084, 0.5655584723039294, -0.530756646841957, 0.3984981105361503, -0.08815363369440699, -0.03207396867527967], [0.15070066386991499, 0.10880235451549618, -0.49568444027157627, -0.4780413223390047, -0.33185758256196624, -0.4802798052471741, -0.34286529492155154, -0.45664306894457823, 0.47953602053323263, 0.06328118739158033, 0.001491039696279381, 0.6908126011524323, 0.596761778657313, 0.7692903530061677, 0.07174004350644944], [0.32291015509448684, -0.5675402477629711, 0.26608272307066816, -0.5265458915499285, -0.057884190427042265, -0.3840027708597611, -0.021618865116740493, 0.4845820180570527, 0.2120277602114309, 0.44383830127737645, -0.5070099438161152, -0.26508018832733926, -0.3563138176064887, 0.2527327652900464, -0.13099602019514028]], "inverted": true, "swapped": true, "error_lsq": 0.042254715280475426, "error_max": 0.2873586014176945, "target": "1168.xyz", "model": "1.xyz", "model_rescale": 4.316132596720782, "target_rescale": 4.321024355398809},
{"mapping": [8, 9, 2, 7, 1, 4, 6, 11, 14, 10, 12, 16], "R": [[0.5060290082742357, -0.8618641976839414, -0.033537255934404986], [-0.6074605895770526, -0.32851739794157975, -0.7232343682101905], [0.6123122364412565, 0.38635013135795615, -0.6897878667416505]], "T": [0.018943526127508194, 0.08179817283028445, -0.07013946558638401], "aligned_model": [[-0.26536021307493796, 0.3950435304888891, 0.1272100566005357, -0.5742754494045349, -0.5247534571930628, -0.45961793243324356, -0.2919558480109354, -0.19862669593741833, 0.6493067795606994, 0.3460101361386292, 0.3932763807087874, 0.0015512671883729859], [-0.5716137900257438, -0.4443076239725261, -0.5653087169119956, 0.47294489228925196, -0.21702780990989634, -0.10119090820809948, 0.25039364826724186, 0.5321241386944844, 0.18353778321808126, -0.0951689818447394, 0.5099556832464935, 0.05843811289842802], [0.11733568451904516, 0.046561646678493135, -0.4345660568108215, -0.1961584402189926, -0.4599093643790003, 0.5372618164023679, -0.7212606455514388, 0.5059238911930353, -0.40799077461040945, 0.5593153899916272, 0.0071651587137230854, -0.10441984471820814]], "inverted": true, "swapped": true, "error_lsq": 0.04305569633671874, "error_max": 0.20808310290314802, "target": "1168.xyz", "model": "2.xyz", "model_rescale": 3.795458400668931, "target_rescale": 4.321024355398809},
{"mapping": [3, 1, 7, 4, 12, 11, 5, 9, 8, 10, 13, 16], "R": [[0.9671836634645521, -0.2456574670743997, 0.06487040926245705], [-0.026754890342153295, -0.35236788298946603, -0.9354790488729835], [0.2526656624277779, 0.903044452897039, -0.347376998550307]], "T": [0.12760312905576687, -0.014104966693563311, -0.07942095301155241], "aligned_model": [[-0.16052730221842565, -0.26334832390989993, -0.5606644514308889, 0.16931757293590424, 0.18714816009712365, -0.013131217553035729, -0.2648124220913477, 0.7346261834973452, 0.3755473614566912, 0.7390740853439428, -0.46279367215067835, 0.11286785176683403], [-0.002731788278226007, -0.6226080096868797, 0.04933540932949182, -0.016633035577160556, 0.49054681232585695, 0.5639280049617285, -0.3266052175956557, -0.2610721411581207, -0.54147308504062, 0.25813526873723414, 0.5504244984309264, -0.05547767115886584], [-0.8080145004427279, 0.03764723109172419, 0.12806000366484088, 0.7141128552160093, -0.34625595051707847, 0.3981258985630598, 0.42650065305589213, -0.12828708061974298, 0.37149951293018635, 0.21467406608479875, -0.23014927698974083, -0.08914198139811998]], "inverted": true, "swapped": true, "error_lsq": 0.043832315264149574, "error_max": 0.25158205168674985, "target": "1168.xyz", "model": "3.xyz", "model_rescale": 3.7530521520055578, "target_rescale": 4.321024355398809},
{"mapping": [10, 2, 8, 1, 4, 3, 11, 12, 13, 7, 16], "R": [[0.346387959920059, -0.8740522647949859, -0.3406582152674085], [0.7714733558250174, 0.47201925335564887, -0.4266458551464695], [0.5337080123761552, -0.11502374914917418, 0.8378098201006969]], "T": [-0.1459530083681545, -0.025913217934700215, -0.07275587295628609], "aligned_model": [[-0.4650801528548407, 0.0012187755690358237, 0.3119082842576776, 0.5043211647956335, 0.296585622976827, -0.42604431539266713, -0.1499478410894804, -0.6446279408567929, -0.27091877289223554, 0.2990911467139537, -0.11830636878190585], [-0.678368818961663, 0.11624253023651679, -0.4103548925903043, 0.24866987853778036, -0.6610447849580053, 0.705849408148742, -0.43116674990818193, 0.03644511912242366, 0.3260170079964692, 0.215692936233625, -0.0007782755430565669], [-0.15619993067757593, -0.7948416836731872, -0.5034418104303465, -0.26915234564626767, 0.1067151361189329, -0.08108478456757039, 0.5735667123054589, 0.20447091902074876, 0.6692074693260446, 0.4413914379746348, -0.09780034250555547]], "inverted": false, "swapped": true, "error_lsq": 0.04423684256732076, "error_max": 0.2398955933067845, "target": "1168.xyz", "model": "4.xyz", "model_rescale": 3.7855080009869324, "target_rescale": 4.321024355398809},
{"mapping": [15, 9, 14, 8, 0, 3, 10, 5, 2, 12, 1, 4, 6, 7, 13, 11, 16], "R": [[-0.1643335640987601, -0.8965356924819667, 0.41136143695839883], [-0.017716564907531318, -0.4142811329791181, -0.9099765195791677], [0.9862457112902827, -0.15682759630695864, 0.052196762333555524]], "T": [0.036323717839999964, 0.04105731098840222, -0.06328367368208641], "aligned_model": [[0.381525012275309, 0.26034213619862734, -0.24272165510917307, 0.4735286878879261, -0.14243503594453932, 0.21485015966215879, 0.7433399801834448, 0.4833053900228126, -0.29737290761823587, -0.5995560215526287, -0.5727007979691034, -0.016166393036398233, 0.03580455625530932, 0.5652565729668714, -0.16428689580990682, -0.5386183391818606, 0.021841441116461434], [0.35656597805641893, -0.33821398207273334, -0.008645703439351893, 0.5765717035614151, -0.5808832893353729, -0.6116255657401312, -0.05456726861597387, -0.5070266515800169, -0.5424605429963295, 0.2096536828398438, -0.2136244257142852, -0.05546591251240707, 0.5019785007895478, 0.13078836407628702, 0.7125607841220604, 0.5165057202697643, 0.023499539614952963], [-0.7419650820107707, -0.6226431768147994, -0.6775805796854624, -0.1951397447450794, 0.37227238578077276, -0.21996799770630232, -0.21143298563349505, 0.3303082461120824, -0.3697786390853219, -0.23734539675366179, 0.3072973446161525, 0.6681046222664774, 0.3989159101888944, 0.45973434202577, -0.24687590155636385, 0.2120827539731991, -0.11195338213699393]], "inverted": true, "swapped": false, "error_lsq": 0.0388250846163103, "error_max": 0.2665125998565998, "target": "1168.xyz", "model": "5.xyz", "model_rescale": 4.2253639853439635, "target_rescale": 4.321024355398809},
{"mapping": [14, 10, 8, 2, 9, 5, 1, 0, 11, 12, 4, 7, 3, 16], "R": [[0.3640430276575942, 0.8995122488494791, -0.24155825008400222], [0.38573584266482874, 0.09045537518271271, 0.9181643016280961], [0.8477502779106278, -0.4274289874006067, -0.31404446664787056]], "T": [0.06015605722367476, 0.04099566398316655, -0.004423281739959012], "aligned_model": [[0.7114253995887319, -0.27364176122886996, -0.46718639584187094, 0.170598386914481, 0.013485469385324925, -0.42596275318158594, -0.07168507329675058, 0.5927575735402795, -0.3372805095275281, 0.3677974487524106, -0.7290788672931433, -0.05902129385623256, 0.8145582956313732, 0.06729623317116436], [-0.04144031178659269, 0.07647233417739145, -0.4729462297638988, -0.7009276079376218, -0.4375155378317116, -0.008820589545559705, -0.33051711749568546, -0.37782586827153364, 0.6863930023170394, 0.4340037901398691, 0.13253461706305192, 0.40964653100241855, 0.06763952535032831, 0.008402609217495485], [-0.30592757723881214, -0.6539029032038871, 0.021966266975514917, 0.020637826752623184, -0.45242613695688083, 0.5140455081947514, 0.6131689147281257, 0.24822622639919453, -0.0909433323955603, -0.2878334644716606, 0.008662770094599273, 0.6044105118998022, 0.20573004159508976, 0.025743556558548736]], "inverted": false, "swapped": true, "error_lsq": 0.044494811140821273, "error_max": 0.33755187316114843, "target": "1168.xyz", "model": "6.xyz", "model_rescale": 3.89814844738969, "target_rescale": 4.321024355398809},
{"mapping": [12, 11, 7, 15, 6, 4, 10, 14, 9, 8, 5, 2, 16], "R": [[0.9586820355573878, 0.2487706629417868, -0.1379924344268458], [0.24353404524762087, -0.9683940857399363, -0.053889363600274576], [-0.14703715008416476, 0.01805690902166661, -0.9889661392240434]], "T": [0.022983247873920518, 0.05026408322366005, -0.04789867361093543], "aligned_model": [[0.10134992392336516, -0.111354102114842, 0.5051221310289811, -0.32377922740691445, 0.7104977498028546, -0.42125375153751976, -0.6568436656415028, 0.16978117985963964, -0.46827695112082407, -0.4133611882884075, 0.10382201410295955, -0.08834341516397216, 0.04127110346040464], [-0.38400759458315115, 0.27307598507955627, 0.514067418723525, -0.6963441354028198, 0.19104663715089737, 0.6618989030144864, -0.10835248971618058, -0.6394203501957907, -0.17869812234226295, 0.49499301741626167, 0.7568565360218353, 0.013263845819596276, 0.0654016144845322], [-0.4148955654544148, -0.7650371545713659, -0.3184792611841083, 0.01231531137779808, 0.18989478366598128, -0.29284504801563843, -0.2651071146936634, 0.10906640554233747, 0.323715908476531, 0.34547449445852735, -0.005528370271782268, 0.6933928110919094, -0.009692169585815896]], "inverted": false, "swapped": true, "error_lsq": 0.03882767995506028, "error_max": 0.21804731952560372, "target": "1168.xyz", "model": "7.xyz", "model_rescale": 3.7474275329858107, "target_rescale": 4.321024355398809},
{"mapping": [7, 4, 8, 1, 9, 0, 6, 3, 2, 14, 13, 12, 11, 10, 16], "R": [[-0.9913901966995501, -0.12385088188924859, -0.04250219927583889], [-0.03412254008368103, -0.06901285138677432, 0.9970320348924125], [-0.12641649475549185, 0.9898980681861759, 0.06419255762946596]], "T": [0.04418114474757945, -0.009999643450415048, 0.014792022821015632], "aligned_model": [[-0.531585614009616, 0.35911067476247915, 0.48976111306026576, -0.2122891399913877, 0.6195977733241602, -0.21629902099489545, -0.5990581229080678, -0.4786092474002375, 0.29473705284911494, 0.012343592118816929, -0.620034316735143, -0.0485888377123429, 0.015570739649637469, 0.6858680645737805, 0.031629011752182454], [0.16761979228195936, 0.3168108267047033, -0.3124642191141441, -0.49433621628545166, -0.2840253836332927, -0.6321928787995257, -0.37178409825448144, -0.2897016801525388, -0.7174480497392208, -0.19500456211357164, 0.468107762135868, 0.33371460281795895, 0.7206678257369025, 0.3300383675764096, -0.05088412718198194], [-0.38235941756740777, -0.6374783953969432, -0.4880960497577037, -0.4714846771119082, 0.17498961827362514, 0.2754321697026052, -0.05151709408251337, 0.5270946955785171, 0.018560061953168297, 0.7123677082652803, 0.15696113679682372, 0.4649855278269246, -0.2026608738633251, 0.09914487937939832, 0.0008553656997198206]], "inverted": false, "swapped": true, "error_lsq": 0.04286592949701403, "error_max": 0.29319377504105415, "target": "1168.xyz", "model": "8.xyz", "model_rescale": 4.019505241142653, "target_rescale": 4.321024355398809},
{"mapping": [3, 13, 12, 14, 0, 9, 10, 6, 1, 5, 11, 8, 16], "R": [[0.8056432261087006, -0.07350300362157763, 0.5878233584026512], [0.5615963687743525, 0.41057340505536455, -0.7183585439324192], [-0.18854312717420052, 0.9088601583961364, 0.37205470253112416]], "T": [0.0533128515264768, 0.021655426176809364, 0.015699202278745904], "aligned_model": [[-0.14476792638581382, -0.7377797936433181, -0.1543752045753968, 0.22713781471301966, 0.22750962153435, 0.6984241722521682, 0.3959023383600305, -0.2758138363284267, 0.05083873468680378, -0.1379278369191366, -0.4116048828334059, 0.517932100656463, 0.06422547022383884], [-0.641869437758434, -0.037639211189803304, 0.10037390055421307, -0.33983099275248185, -0.6792541806633341, 0.09808827381856348, 0.627250170961152, -0.6066638060524397, -0.35555954485521524, 0.09189199585823285, 0.6260864727204569, 0.19328509574313563, -0.012780508269987292], [-0.35103750481946994, -0.2305476256310522, -0.5135351671902777, -0.5851042079253407, -0.020201123400798916, -0.08353323186925293, -0.20877976116634991, 0.23001721815487944, 0.6438128034788018, 0.6984120749009495, -0.006524171378355682, 0.5612218425947597, 0.04250234829538664]], "inverted": true, "swapped": true, "error_lsq": 0.0472687451491232, "error_max": 0.231959303751901, "target": "1168.xyz", "model": "9.xyz", "model_rescale": 3.877068213659057, "target_rescale": 4.321024355398809},
{"mapping": [0, 14, 10, 13, 12, 3, 7, 15, 9, 8, 5, 1, 6, 11, 4, 16], "R": [[-0.9889429652292354, 0.13465991173517905, 0.062116983950292276], [0.14367952557398678, 0.7663445557890631, 0.6261567022266051], [0.036715193781882344, 0.6281582045822033, -0.7772189296212628]], "T": [-0.06899878818604908, 0.017917208668195263, -0.04894205785863888], "aligned_model": [[0.16673194556739435, -0.20539591003365132, -0.7372311141690537, 0.49079277505878083, -0.1276165422754533, 0.32324256814117297, 0.5732082081361902, -0.6739910601517248, -0.6403868971362442, -0.3392116663189443, 0.26665087195903187, 0.346889888093792, 0.5978710971022101, -0.04758030512394792, -0.22881798729172514, -0.04974734624073307], [0.09817161473327332, -0.4302315172783379, -0.07118096295901898, -0.5392481041082183, -0.5527243666524466, -0.36155022768612777, 0.07534037920181096, -0.41359023649278165, 0.19999081305730212, 0.6994562273629198, 0.5483994948992041, 0.6042019840468216, 0.10483958458657446, -0.2338128036925554, 0.42509233474074776, 0.04864466337438137], [-0.7278366568186557, -0.5988609893332475, 0.23395444398029486, 0.20831490993133045, -0.030177833812700852, -0.6112126645109186, 0.27518452914540087, -0.4082183387403259, -0.3176845067741186, 0.02462633020771858, 0.2880013984087892, -0.19082483601992722, -0.3600219556934276, 0.6708860588088424, 0.6144647789057004, -0.07556034057471325]], "inverted": true, "swapped": true, "error_lsq": 0.03863797499286267, "error_max": 0.2691234223458506, "target": "1168.xyz", "model": "10.xyz", "model_rescale": 4.260839863003843, "target_rescale": 4.321024355398809},
{"mapping": [15, 3, 6, 2, 5, 8, 10, 12, 13, 7, 11, 16], "R": [[-0.16822430306195515, 0.7211860769991679, 0.6720053766167868], [-0.6492716532160131, -0.5940197945288109, 0.47495979202254], [0.7417188848812364, -0.3564142618505878, 0.5681742424292356]], "T": [-0.016797745257069372, 0.05323276487849316, -0.11046621271091756], "aligned_model": [[0.5503753930833859, 0.1812803118724966, -0.3263272707613982, -0.44446277802803774, -0.5974022146739604, -0.5757482218850231, 0.2930865680847772, 0.5442123012542348, 0.3606622318603683, -0.24286832494789076, 0.2699419678773545, -0.053851314642176906], [0.027542431070984467, -0.704877051459212, -0.5577894724063297, -0.15359261039250083, 0.24601156178061367, 0.44059696509024593, 0.6429226773110734, -0.04100767938025928, -0.22076262635728744, -0.06395926305349989, 0.5288269505284767, 0.029166622800628938], [-0.7095892453725055, -0.10484112355152952, 0.17217303537945178, -0.6915011450971524, 0.25468831435937367, -0.39409639852795214, -0.41169847517392694, -0.03426640259138333, 0.5768702542205799, 0.5647696073028727, 0.4125727682191806, -0.11890311177150431]], "inverted": false, "swapped": true, "error_lsq": 0.043692322126455053, "error_max": 0.23275322232559392, "target": "1168.xyz", "model": "11.xyz", "model_rescale": 3.890672605050136, "target_rescale": 4.321024355398809},
{"mapping": [12, 15, 14, 13, 3, 5, 10, 7, 11, 8, 0, 9, 1, 16], "R": [[-0.6568236860130395, -0.7350130198615823, -0.16834044708922907], [0.28559351698957247, -0.4491104948269452, 0.8466026851421058], [-0.6978674577208563, 0.5079917559077646, 0.50490136401477]], "T": [0.0282533975761997, -0.027111985797448866, 0.1001167131060116], "aligned_model": [[0.4253610365857736, 0.15828015834604608, 0.4917542987501958, 0.6644371137550642, 0.7292636929381408, -0.31484800688346204, -0.3651139982608066, 0.21625092983870603, -0.023620962164687703, -0.6638618026065192, 0.3353354067482198, -0.32390199434726286, -0.14411402267831636, 0.02465398477260196], [-0.15705398445673213, 0.3845856387106082, 0.42198967363371737, -0.5552428934559492, 0.29558373242322217, -0.31738778942232326, -0.11631702807102057, -0.5018426108425721, -0.7596329563632415, 0.1376331286974817, 0.5537803377166057, 0.42992959037895767, 0.11710977517529961, -0.0009820942962890412], [-0.2933811200616296, -0.603368807590644, -0.22442434857502164, 0.17967141857638208, 0.23594414483639997, 0.6529498047074169, -0.5096438208366648, 0.6100902933528002, -0.10652632831493954, 0.2918413546130451, 0.40206434623334053, -0.21445799964030704, 0.7974785329198388, 0.13655296513684442]], "inverted": true, "swapped": true, "error_lsq": 0.04586676577783983, "error_max": 0.31107558583209827, "target": "1168.xyz", "model": "12.xyz", "model_rescale": 4.124412569039231, "target_rescale": 4.321024355398809},
{"mapping": [4, 7, 13, 8, 11, 10, 1, 9, 6, 2, 12, 3, 16], "R": [[-0.09392882516849704, -0.745843369180714, -0.6594657265177829], [-0.9619102318441921, -0.10281858960828305, 0.25329240711955076], [-0.2567217982094989, 0.6581382881128592, -0.7077767388406861]], "T": [0.15648161756054887, 0.057945471075298585, -0.05782267667223193], "aligned_model": [[-0.21519581763040999, 0.08117790297488633, 0.6958191464672366, -0.5075985350188049, 0.43588854406925925, 0.2893002551803546, -0.4545629256695489, -0.008419003067422187, 0.024756460726609975, -0.32059242819211753, 0.7295856886029553, 0.4933377093013821, 0.12380130976537701], [-0.3150445205039185, 0.570529619269396, 0.5477112855457932, -0.26124622301488754, -0.12055909072847094, -0.6577394582398636, 0.4622217348507822, -0.41755967226959173, 0.7808227343804256, 0.02527887055774071, 0.029830397117452265, 0.6208395539313935, 0.082400145612226], [0.5373048232067872, 0.4445438554853012, 0.34120790411914, -0.05174364640973043, 0.6292342051935121, 0.010424285755743022, -0.054786169832608235, -0.48038665559504046, -0.1534186568708727, -0.6362766133377774, -0.07128414219130699, -0.48639621401973443, -0.07672489453557377]], "inverted": true, "swapped": true, "error_lsq": 0.04087714659167754, "error_max": 0.24261422423871812, "target": "1168.xyz", "model": "13.xyz", "model_rescale": 3.9028299243045295, "target_rescale": 4.321024355398809},
{"mapping": [13, 0, 3, 12, 11, 7, 14, 10, 6, 9, 4, 2, 1, 5, 8, 16], "R": [[-0.6880177670086222, 0.6979941808543237, 0.19858417805548081], [0.3333933858807292, 0.06095983719107834, 0.9408149384978006], [0.6445776931692971, 0.7135040446578693, -0.2746480943414839]], "T": [-0.09344255551630568, -0.003971406179496491, 0.10590488135045958], "aligned_model": [[0.10132409969104425, -0.03873978461837892, -0.14304498146677183, -0.454486855159139, -0.03133489548041926, 0.5278845830751463, -0.5942362038888099, -0.5958693920807722, 0.39939791454576545, -0.5105050666034864, 0.18072114688139604, -0.12094829724815992, 0.5255777559538863, 0.5551218623922929, 0.09494465630067725, -0.0679672707136747], [-0.7072827220807726, 0.45100317545483576, 0.016128522606843658, -0.3914806670484884, -0.6716944760471726, -0.3542762057442832, 0.0998248127735267, -0.08166935088338298, 0.0917813608519884, 0.453752416545625, -0.13510960363624097, 0.7430357957624578, 0.3840556149056649, 0.04107967686376353, 0.483012038978738, 0.030091892817997075], [-0.2908318959495223, -0.4534817130086032, -0.6758448510923959, -0.11523654651672993, 0.46959129657136356, -0.0037510591812156824, -0.40427582515538063, 0.631293936924793, -0.43905504823279484, 0.3259172361616546, 0.8401251672429334, 0.03882743966780103, 0.05047170958072858, 0.39734550793044865, 0.6257896029960887, 0.09127515168516334]], "inverted": true, "swapped": true, "error_lsq": 0.044824927374128604, "error_max": 0.3904066332661717, "target": "1168.xyz", "model": "14.xyz", "model_rescale": 3.942246331269136, "target_rescale": 4.321024355398809},
{"mapping": [7, 3, 13, 14, 9, 12, 4, 7, 5, 11, 10, 8, 0, 2, 16], "R": [[0.8547863456254501, -0.3216534909686038, -0.4072828686306354], [0.0011522477805428477, 0.7859498524828108, -0.6182891732088641], [0.5189787815097466, 0.5280358521255529, 0.6721898267697155]], "T": [-0.017958629615420815, -0.022725221842057514, -0.025589588761619212], "aligned_model": [[-0.5793645049144834, -0.31476594120988366, -0.2810484501468331, 0.19619395515413596, 0.39610340804737726, 0.25445713504007506, 0.07068787351822028, -0.5793645049144834, -0.4764671528417253, 0.1628076038178214, 0.6677824617476145, -0.018368030376108305, -0.36283571789990193, -0.11045087511218545, -0.05107322337743031], [0.3480046427530151, -0.6262476334864989, 0.14505283094310165, -0.6640460724008505, -0.2832299524943311, -0.13120435120287685, 0.7007066739109187, 0.3480046427530151, 0.4420331315620197, 0.6258108459149253, 0.18941521544060436, 0.1777936640522044, -0.6512572449161027, -0.4819252395069578, -0.040766463440535514], [-0.2866798063479272, -0.42766317704964507, -0.7954046307387089, -0.27994863358812105, 0.41321285720732537, -0.5189878805535915, 0.2910023891059168, -0.2866798063479272, 0.2596693289811769, -0.38434271523377617, 0.11318701918953986, 0.6834342119853335, 0.06882923866566831, 0.5608029734896249, -0.001068888404372366]], "inverted": true, "swapped": true, "error_lsq": 0.045361195632393055, "error_max": 0.4034485130504557, "target": "1168.xyz", "model": "15.xyz", "model_rescale": 4.355366556412066, "target_rescale": 4.321024355398809},
{"mapping": [8, 9, 2, 7, 1, 4, 6, 11, 14, 10, 12, 16], "R": [[0.5060290082742357, -0.8618641976839414, -0.033537255934404986], [-0.6074605895770526, -0.32851739794157975, -0.7232343682101905], [0.6123122364412565, 0.38635013135795615, -0.6897878667416505]], "T": [0.018943526127508194, 0.08179817283028445, -0.07013946558638401], "aligned_model": [[-0.26536021307493796, 0.3950435304888891, 0.1272100566005357, -0.5742754494045349, -0.5247534571930628, -0.45961793243324356, -0.2919558480109354, -0.19862669593741833, 0.6493067795606994, 0.3460101361386292, 0.3932763807087874, 0.0015512671883729859], [-0.5716137900257438, -0.4443076239725261, -0.5653087169119956, 0.47294489228925196, -0.21702780990989634, -0.10119090820809948, 0.25039364826724186, 0.5321241386944844, 0.18353778321808126, -0.0951689818447394, 0.5099556832464935, 0.05843811289842802], [0.11733568451904516, 0.046561646678493135, -0.4345660568108215, -0.1961584402189926, -0.4599093643790003, 0.5372618164023679, -0.7212606455514388, 0.5059238911930353, -0.40799077461040945, 0.5593153899916272, 0.0071651587137230854, -0.10441984471820814]], "inverted": true, "swapped": true, "error_lsq": 0.04305569633671874, "error_max": 0.20808310290314802, "target": "1168.xyz", "model": "16.xyz", "model_rescale": 3.795458400668931, "target_rescale": 4.321024355398809},
{"mapping": [12, 11, 7, 15, 6, 4, 10, 14, 9, 8, 5, 2, 16], "R": [[0.9586820355573878, 0.2487706629417868, -0.1379924344268458], [0.24353404524762087, -0.9683940857399363, -0.053889363600274576], [-0.14703715008416476, 0.01805690902166661, -0.9889661392240434]], "T": [0.022983247873920518, 0.05026408322366005, -0.04789867361093543], "aligned_model": [[0.10134992392336516, -0.111354102114842, 0.5051221310289811, -0.32377922740691445, 0.7104977498028546, -0.42125375153751976, -0.6568436656415028, 0.16978117985963964, -0.46827695112082407, -0.4133611882884075, 0.10382201410295955, -0.08834341516397216, 0.04127110346040464], [-0.38400759458315115, 0.27307598507955627, 0.514067418723525, -0.6963441354028198, 0.19104663715089737, 0.6618989030144864, -0.10835248971618058, -0.6394203501957907, -0.17869812234226295, 0.49499301741626167, 0.7568565360218353, 0.013263845819596276, 0.0654016144845322], [-0.4148955654544148, -0.7650371545713659, -0.3184792611841083, 0.01231531137779808, 0.18989478366598128, -0.29284504801563843, -0.2651071146936634, 0.10906640554233747, 0.323715908476531, 0.34547449445852735, -0.005528370271782268, 0.6933928110919094, -0.009692169585815896]], "inverted": false, "swapped": true, "error_lsq": 0.03882767995506028, "error_max": 0.21804731952560372, "target": "1168.xyz", "model": "17.xyz", "model_rescale": 3.7474275329858107, "target_rescale": 4.321024355398809},
{"mapping": [10, 15, 9, 12, 4, 7, 8, 0, 11, 1, 13, 3, 6, 16], "R": [[-0.7801074549446667, -0.3409834179134763, -0.5245594984821057], [0.2068003534018038, 0.650768732597867, -0.7305707840489208], [0.590479442972102, -0.6784028046677057, -0.4371540484158267]], "T": [0.0686055106887372, -0.05434716922333993, 0.0005904228775219546], "aligned_model": [[0.42250445831585925, 0.24423076390870918, 0.6366614447432717, -0.2943733839902384, 0.3557620630080669, -0.38956596749018163, 0.7220690861350679, 0.07350082429473069, -0.2415883968451959, 0.21527953943084166, -0.7527798217117098, -0.3768421952691754, -0.2812299453414039, 0.08121917869423485], [-0.43487674427204953, 0.23170820331113806, 0.1045097646417597, -0.04182534579197661, -0.7620983482607164, -0.2732196032325067, -0.21896962811479198, 0.646369558343199, -0.7414543939373995, 0.11116457097144478, -0.17716001019352118, 0.589613339506912, 0.3538536281512033, -0.027206749611461606], [-0.5136625633173463, -0.7534797758754206, -0.2891242689529409, -0.4438299531613572, 0.2198431852134277, 0.5133857477942965, 0.2985963671610934, 0.17913937593806853, -0.11621141597551557, 0.6991006552918975, 0.015559368333323168, -0.029213208186022226, 0.5105207209610396, 0.034170483437111654]], "inverted": false, "swapped": true, "error_lsq": 0.0366115912728973, "error_max": 0.22867748945234492, "target": "1168.xyz", "model": "18.xyz", "model_rescale": 3.922800546911778, "target_rescale": 4.321024355398809},
{"mapping": [10, 11, 12, 9, 6, 4, 7, 2, 5, 14, 3, 0, 8, 1, 16], "R": [[-0.2329140236979557, -0.9132867845883692, 0.3341531185864733], [0.9693311432548488, -0.19031691180149066, 0.15548828830041003], [-0.07841040926481596, 0.36012042732755545, 0.9296048007300428]], "T": [0.07677185671125933, 0.07469290835019236, -0.11209311632494948], "aligned_model": [[-0.20032300072202466, -0.3946055796588154, 0.35255125031827994, 0.13440850612983196, 0.3785615739989373, -0.7156691538564437, -0.14394899395822555, 0.2832552556188127, -0.44195604375256214, 0.757188085457671, 0.7993150046233426, 0.6365039212558395, -0.37699833328138876, -0.057776093295594105, 0.08554443800995706], [0.6599123147446314, -0.11646125918553733, 0.07617214435737814, 0.7031281509501331, -0.5036240198638037, 0.13154395580586198, -0.6123616874068307, 0.4079231890405968, -0.2732746291774141, 0.2795661424762293, -0.22687089117266734, -0.00871702723043502, 0.38484365627423134, -0.2483405502521343, 0.06417201567433906], [-0.45156335477309917, -0.6806374547892214, -0.6154453613835513, 0.07122309904118879, 0.239352673601642, -0.12782823419157152, -0.10723723626615658, 0.5279052389624966, 0.23060646229923878, -0.2421431075100109, -0.08066500479248076, 0.33807398997333926, 0.3786429323520438, 0.5316228034795107, -0.06924827884003923]], "inverted": true, "swapped": true, "error_lsq": 0.04039024685627821, "error_max": 0.2411177409414199, "target": "1168.xyz", "model": "19.xyz", "model_rescale": 3.9282355846067225, "target_rescale": 4.321024355398809},
{"mapping": [8, 9, 15, 4, 5, 10, 11, 12, 7, 6, 2, 1, 3, 16], "R": [[-0.02095891471303124, 0.9646673035066949, 0.26263609317680203], [0.8107075165020293, -0.13733123586904322, 0.5691163803140733], [0.5850761032388552, 0.22484911651995249, -0.7791847202166077]], "T": [0.05565826746874502, -0.07682247623644736, 0.01906826517902184], "aligned_model": [[-0.5426047667259675, 0.09483675779575573, 0.6894140758797365, -0.5504782150457171, -0.6133229765013279, 0.13400574665391216, -0.009882621691912653, 0.5718995314008116, -0.23327234014601295, -0.009198535435929571, -0.10685386846291581, -0.48493798308395897, 0.5574743438444081, 0.03544367060379469], [-0.502740804516173, -0.7262820149438397, -0.5722688987611277, -0.021011462556048563, 0.15969813545997083, -0.42743893374385844, 0.3915940406998777, 0.09629449942500937, 0.5678110783425513, 0.25946575348626677, -0.6693209335393138, -0.03668837086072771, 0.09005553086862841, -0.08628553193638004], [-0.0409122382071062, -0.07326280105378934, -0.16581058186559544, -0.491740981093603, 0.08329550660221, -0.6176680449674616, -0.5794880200558342, -0.16244045316422673, 0.16655377408232008, 0.6761416764836657, 0.450126373248816, 0.511987020260809, 0.5972805170445774, 0.0581214099289004]], "inverted": false, "swapped": true, "error_lsq": 0.04710215055270212, "error_max": 0.30981601827256217, "target": "1168.xyz", "model": "20.xyz", "model_rescale": 4.067790424073018, "target_rescale": 4.321024355398809},
{"mapping": [5, 2, 7, 11, 6, 0, 13, 8, 1, 9, 15, 12, 10, 14, 16], "R": [[0.9096138511178172, 0.29384590070417227, -0.2936958094593238], [0.3347317482201463, -0.09962415949443093, 0.9370323812860007], [0.2460839259035385, -0.9506469447089082, -0.18897906743213602]], "T": [0.09730431606009016, -0.021851507884981313, 0.012381983028498668], "aligned_model": [[0.04411826636758919, 0.0851879248537642, -0.31218611715326977, 0.3564204978051105, -0.6122298057154091, -0.3988722493137916, -0.3753437912406937, 0.48465438553729945, -0.23042662172856676, 0.5105030753700344, 0.3940910962022176, 0.059018421327601475, 0.7950841003706602, -0.10537860798700358, 0.07380337921197283], [-0.08399978313737272, 0.7262050811602548, -0.42596257339782434, -0.7290037774743202, 0.07800479939896914, 0.48405955338090595, -0.693542709976192, 0.3788399475696469, 0.29699637031468357, 0.45262133001078936, 0.19005629561302714, -0.3383720545139071, -0.10059023421952719, 0.19506019543569003, 0.010522699763023943], [-0.6953693003211583, -0.04711794482187543, -0.42327513315240617, -0.10916529196114103, -0.17638161014682488, 0.1565015135872654, 0.13654165126287263, -0.4696232269397817, -0.56011466728578, 0.20211859973140825, 0.7528591672288212, 0.4896333617684817, 0.21586894086949443, 0.6709571358183917, -0.008183622016626937]], "inverted": true, "swapped": true, "error_lsq": 0.04484079563785305, "error_max": 0.23603445933511683, "target": "1168.xyz", "model": "21.xyz", "model_rescale": 4.186013935880536, "target_rescale": 4.321024355398809},
{"mapping": [14, 9, 0, 13, 11, 3, 12, 10, 1, 8, 4, 7, 16], "R": [[-0.930801818913523, -0.2588699314670052, 0.258058777199198], [0.008340209164417661, 0.6907713004307809, 0.7230252080060983], [-0.3654290831589231, 0.6751454429109597, -0.6408121535194171]], "T": [-0.024898009769596854, -0.01963517487982014, -0.011942105797650922], "aligned_model": [[0.1470531419439531, -0.4643715580677545, 0.4437310233419249, 0.4726494127705551, -0.2486830693600994, 0.6169114555604474, 0.012106116724043634, -0.7246456196942287, 0.30649596090123093, -0.414002936706915, -0.5020490158111833, 0.41558172719216235, -0.002202603370910914], [-0.40774506601022187, 0.11962342648720942, 0.17656340400594386, -0.5277561359119501, -0.35632515073958393, -0.2700778713896261, -0.5907422218194721, -0.23003759215423036, 0.6289116431724057, 0.6060792745827004, 0.27527558815817443, 0.07871188895838599, 0.01647547220635797], [-0.5964554079911231, -0.4802664748043642, -0.5265298747875913, 0.41729044050010466, 0.63500408620328, -0.385246429305327, -0.05538609550012502, -0.03617971373501744, 0.06798919367061795, -0.013176934462849618, 0.5509050759830662, 0.5511660076253013, -0.026234312060626472]], "inverted": true, "swapped": true, "error_lsq": 0.035039653414815956, "error_max": 0.1707827697476251, "target": "1168.xyz", "model": "22.xyz", "model_rescale": 4.166573947596378, "target_rescale": 4.321024355398809},
{"mapping": [2, 1, 6, 3, 0, 8, 5, 9, 14, 12, 10, 13, 7, 4, 11, 16], "R": [[-0.7699525330956045, 0.03935566422260065, -0.6368863544410887], [0.13657323198820492, 0.9851311008304455, -0.1042327514790373], [0.623314406286232, -0.1672358988680143, -0.7638791167755861]], "T": [-0.09501244955308044, 0.03654801956210815, 0.07630730583900708], "aligned_model": [[-0.7247500245548046, -0.14329744902876249, 0.1953809638035142, 0.09574957904584158, -0.2957015229282137, -0.5819821333749832, 0.0604187699584387, -0.7298471994051224, -0.24967806973456705, 0.14506779153197008, -0.39920464106553244, 0.7055103390277098, 0.5037583520153388, -0.08033778576683864, 0.3949674877540509, -0.10882121625728343], [-0.028565840282957083, 0.34870529982126186, -0.12698208354340054, -0.6324070321466945, -0.38713520776718024, 0.5742219064558247, 0.6473346329523112, -0.018653538203173253, -0.6677227583705286, -0.3544654294190823, 0.17868201283547666, -0.1822979418749994, 0.3000345278819846, 0.7943776692987469, 0.36517070992469847, 0.039410510059390086], [-0.32676400379625176, -0.5847905256838106, -0.5854866326599657, -0.28439484165939793, -0.47425971436248154, -0.05288270780721971, -0.2559334080813602, 0.23691646097840718, 0.12027893184965929, 0.42111146074340194, 0.7257442889310488, 0.11167166138696116, -0.22837889037730547, 0.3148890884282277, 0.5599456588469455, 0.033593706427235165]], "inverted": true, "swapped": true, "error_lsq": 0.04395496782752333, "error_max": 0.28820816318057907, "target": "1168.xyz", "model": "23.xyz", "model_rescale": 4.274766983524099, "target_rescale": 4.321024355398809},
{"mapping": [3, 12, 15, 2, 10, 8, 1, 4, 7, 11, 16], "R": [[0.9060198982335426, 0.03389177314434057, 0.42187591981293954], [-0.40213570444288005, 0.3797351521082459, 0.8331194929093643], [-0.13196521972516057, -0.9244742083835872, 0.3576766959370294]], "T": [-0.012280502095718189, 0.08071833513312665, -0.02358556871543111], "aligned_model": [[0.33290459245723136, 0.18197664891714502, -0.4525757846941907, -0.5171257835902712, -0.475682229951086, -0.5124260565780054, 0.06235704875218589, -0.14036804966300215, 0.6078377536386288, 0.30881087292651144, -0.01581430825707189], [-0.06743127045120162, 0.5487853481718143, 0.5570620532871982, -0.41704551403259693, 0.6023549909326321, -0.2673342023632925, -0.6301697106841873, 0.13446300228902713, -0.14675525881816265, 0.5650508998266361, 0.036606193085616426], [-0.7112599079455229, -0.29302456973117613, -0.5340074497789358, -0.2698336163837652, 0.19472016729634484, 0.3907049051176304, 0.13732239862863008, 0.7588129752959608, 0.26709364279121944, 0.47068314741843464, -0.031645258687242384]], "inverted": false, "swapped": true, "error_lsq": 0.043879379782348044, "error_max": 0.24987927557347187, "target": "1168.xyz", "model": "24.xyz", "model_rescale": 3.7841303162186577, "target_rescale": 4.321024355398809},
{"mapping": [11, 4, 1, 9, 8, 2, 10, 11, 5, 6, 13, 12, 0, 14, 3, 16], "R": [[-0.6905625000854769, 0.27438461344783416, 0.669205885642661], [0.6534166340763342, 0.6333853456218945, 0.4145717142591703], [-0.3101131016065745, 0.7235579367642344, -0.6166796383515794]], "T": [0.041786670960397676, -0.042420326622563474, 0.1023308519189825], "aligned_model": [[0.4274949045469431, 0.19517240126401092, -0.6386068845729385, 0.280080967601514, -0.08628263349471738, -0.27610270370373, 0.7033912256592517, 0.4274949045469431, -0.3692714180054043, -0.6281428071396665, 0.006866144450552947, 0.39590846556958437, -0.4335574662131245, 0.17801681945883674, -0.26552736470387045, 0.0009079932085925974], [0.10848197265733692, -0.5356147669017967, -0.2975318896040462, -0.47415363121414617, -0.7660712907344654, -0.47236680238849627, -0.3534715081225377, 0.10848197265733692, -0.3413730715904195, 0.27253523024915216, 0.6989013144367687, 0.4030296357854295, 0.08405573513327796, 0.31531728856671837, 0.541833950382378, -0.05524167094452981], [-0.5383226602859104, -0.5015519616943268, 0.00848708995698344, 0.5367037956076494, 0.04894286983302096, 0.6289883138581083, 0.09685982661504461, -0.5383226602859104, -0.39693014881489563, 0.13456651144035334, -0.2707692805430586, 0.17711073060598323, 0.6323868697919709, 0.7149624148740464, 0.524470728330863, 0.1160375765273313]], "inverted": false, "swapped": true, "error_lsq": 0.04149190100907926, "error_max": 0.3199023734909556, "target": "1168.xyz", "model": "25.xyz", "model_rescale": 4.19342608120988, "target_rescale": 4.321024355398809},
{"mapping": [8, 9, 2, 7, 1, 4, 6, 11, 14, 10, 12, 16], "R": [[0.5060290082742357, -0.8618641976839414, -0.033537255934404986], [-0.6074605895770526, -0.32851739794157975, -0.7232343682101905], [0.6123122364412565, 0.38635013135795615, -0.6897878667416505]], "T": [0.018943526127508194, 0.08179817283028445, -0.07013946558638401], "aligned_model": [[-0.26536021307493796, 0.3950435304888891, 0.1272100566005357, -0.5742754494045349, -0.5247534571930628, -0.45961793243324356, -0.2919558480109354, -0.19862669593741833, 0.6493067795606994, 0.3460101361386292, 0.3932763807087874, 0.0015512671883729859], [-0.5716137900257438, -0.4443076239725261, -0.5653087169119956, 0.47294489228925196, -0.21702780990989634, -0.10119090820809948, 0.25039364826724186, 0.5321241386944844, 0.18353778321808126, -0.0951689818447394, 0.5099556832464935, 0.05843811289842802], [0.11733568451904516, 0.046561646678493135, -0.4345660568108215, -0.1961584402189926, -0.4599093643790003, 0.5372618164023679, -0.7212606455514388, 0.5059238911930353, -0.40799077461040945, 0.5593153899916272, 0.0071651587137230854, -0.10441984471820814]], "inverted": true, "swapped": true, "error_lsq": 0.04305569633671874, "error_max": 0.20808310290314802, "target": "1168.xyz", "model": "26.xyz", "model_rescale": 3.795458400668931, "target_rescale": 4.321024355398809},
