[{"mapping": [8, 4, 2, 7, 11, 6, 3, 5, 0, 12, 1, 9, 13], "R": [[-0.7771247860088709, 0.5087834507732614, -0.37042741149909386], [-0.5431024457536429, -0.839553880094328, -0.013748302985108513], [-0.3179886796524023, 0.19049588614406138, 0.9287596658851582]], "T": [0.09426813400297353, 0.002598924093227253, 0.05786342273361782], "aligned_model": [[-0.45512329308815225, -0.3902763627077962, 0.06303923783787467, 0.03239657764483235, -0.0798176164931979, -0.6155438167749283, -0.15353067443241347, -0.37725125340752985, 0.6752878565812533, 0.6245511281503153, 0.3753821257265483, 0.5786358037758081, 0.08821997933136062], [0.41747494352909875, -0.14532951806463637, -0.6441787067047214, 0.3176128881965107, 0.677967885556075, -0.23454604067017962, -0.44442414812421044, 0.21554085099273246, -0.497249130293774, 0.2095536104654413, -0.17821259404679196, 0.091498945344312, 0.10647823131404431], [-0.31176622970044027, -0.7525303292901343, -0.3568192243031319, -0.6264848770445183, 0.08301810838182055, -0.09858319566347386, 0.1672545980679117, 0.6098837697371925, -0.031469880581634205, 0.16317017408563017, 0.5283166424995274, -0.4845643774984661, -0.06748557651165167]], "inverted": true, "swapped": false, "error_lsq": 0.04800363521725048, "error_max": 0.26075669287480874, "target": "117.xyz", "model": "0.xyz", "model_rescale": 3.8414455957264533, "target_rescale": 3.8599226392886066},
{"mapping": [3, 12, 8, 5, 4, 11, 13, 0, 9, 2, 7, 6, 14], "R": [[-0.5696293072808712, 0.5779825536740129, -0.5843446071755789], [0.3591311886462928, 0.8145369474967755, 0.45558133247987254], [0.7392883345679246, 0.04965610547658933, -0.6715556786750315]], "T": [0.021416849475197702, 0.01545277969442317, -0.1058662683828613], "aligned_model": [[-0.28470163949431193, -0.44010283752799717, 0.11762303551921668, 0.2180295012992305, 0.03183045735510139, -0.7792522733087129, -0.18388900185657453, -0.31801108530710864, 0.48986617553130285, 0.6124889100763714, 0.2988092565284548, 0.6543299578768452, -0.05105076454784356], [0.7180611977757747, -0.39847185155076453, -0.6650310526049705, 0.4797949828986501, 0.4781537012843123, -0.2763960945046301, -0.6557399049627004, 0.06699845549556757, -0.41559953507366115, 0.45135936360905704, 0.0025675703586948272, 0.0538646978825785, 0.05262568688599192], [-0.2671416961215621, -0.5507881963928002, -0.4957233207066142, -0.5301922850830628, 0.17982000846463048, -0.10155435707093961, 0.1808337283228051, 0.5326077639025469, 0.13961043284171243, -0.0335890458643716, 0.4736528650585603, -0.5619065029434903, -0.14368979222878275]], "inverted": true, "swapped": false, "error_lsq": 0.04270062614420223, "error_max": 0.2988787068582448, "target": "117.xyz", "model": "1.xyz", "model_rescale": 4.316132596720782, "target_rescale": 3.8599226392886066},
{"mapping": [10, 4, 7, 2, 6, 8, 1, 11, 0, 9, 3, 12], "R": [[0.17556629486855382, -0.9829086155489044, 0.055381671930919946], [-0.117521800885388, 0.0349279658108044, 0.9924558748483352], [-0.9774277990843023, -0.1807503545890169, -0.10938101706037226]], "T": [-0.02914217472483812, -0.10527760538125143, -0.12885686740778005], "aligned_model": [[-0.09302302724746217, 0.545310470159916, 0.060169051166770605, -0.610100541511064, -0.5312969982607686, -0.5682341995176736, -0.22035635300485715, -0.09932046329829033, 0.5844272363042156, 0.14325757894421431, 0.39349350494665297, -0.006517704049872994], [-0.5391269163335306, -0.21710258086269363, -0.7443783035298235, 0.40253059317355155, -0.1668115982854024, -0.10238663247801541, 0.39687810011139146, 0.5722141641688683, 0.15971966426788797, -0.17614394223776114, 0.43699863898144453, -0.009614759234936696], [0.20843042268846637, 0.05321441926811116, -0.46074930610239684, -0.19903117534485773, -0.39014375972399606, 0.3737046272879221, -0.6545857512522263, 0.5610598378760026, -0.5540871555512374, 0.6791322836625894, -0.030675482404605006, -0.13701049919435113]], "inverted": true, "swapped": true, "error_lsq": 0.0414218072810618, "error_max": 0.20751100597679745, "target": "117.xyz", "model": "2.xyz", "model_rescale": 3.795458400668931, "target_rescale": 3.8599226392886066},
{"mapping": [0, 4, 7, 8, 1, 2, 10, 3, 9, 11, 5, 12], "R": [[-0.6080088817561818, -0.12365306620938296, 0.784241747755509], [0.37070188073899696, 0.8292927644360701, 0.4181550268387928], [-0.7020721582018248, 0.5449618611159859, -0.45837894215030567]], "T": [-0.06331084918998015, 0.010464264880130674, 0.09264833302701025], "aligned_model": [[-0.029275311406557092, -0.027752886472766775, -0.7746315013831462, 0.17453071679875032, 0.07102307869549879, 0.2949415818139572, -0.25478264198123385, 0.47189093041038127, 0.31573690888569667, 0.8716405858870191, -0.5345749152723376, 0.014557279768303302], [-0.09215622838322148, -0.5534574186520999, -0.12516507061442253, 0.1230630262868772, 0.6438566325066082, 0.6752317660042093, -0.30501091377058936, -0.13439477845486578, -0.5940559440205532, -0.052207821392952616, 0.46319386311161836, 0.03687193266910117], [-0.6920951853003386, -0.144793419657528, 0.045675985590360346, 0.7810882601724655, -0.289297446232073, 0.26598496816758965, 0.5048165853389197, -0.32556087295644415, 0.5151034136456523, 0.3413312111560041, -0.3516426230227511, 0.03816055373724349]], "inverted": true, "swapped": true, "error_lsq": 0.04951602362999682, "error_max": 0.2713926068975933, "target": "117.xyz", "model": "3.xyz", "model_rescale": 3.7530521520055578, "target_rescale": 3.8599226392886066},
{"mapping": [1, 0, 5, 7, 6, 4, 2, 3, 11, 10, 12], "R": [[0.16697244455970522, 0.381312119709057, -0.9092421405328407], [-0.4193619686392087, -0.8071484624331908, -0.4155080009467728], [-0.8923316323076323, 0.45067996067577903, 0.025136249292102508]], "T": [0.04203483037018504, 0.040846625723195085, 0.08456632601777316], "aligned_model": [[-0.26882873858140216, -0.38522124533941815, 0.22178361027122956, 0.631457687797098, 0.33138617620041044, -0.1078958077170977, -0.18012979532803325, -0.6310447843660874, -0.6373467859726508, 0.41680586620598453, -0.0527665807248281], [-0.6049471352211201, 0.10897745623843008, -0.44486578753732264, 0.153593232653708, -0.4420308631401799, 0.5942999008562219, -0.604803478532521, 0.1821513631881859, 0.14166600647001792, 0.3688865536255772, 0.014276109713348223], [-0.1422118335711141, -0.579001461573774, -0.5122771965672187, -0.3234136809375481, 0.17013424403985622, -0.13190745021296452, 0.45074257581531874, -0.011978123274024338, 0.7688040201461397, 0.3254089725603157, 0.07853071082032904]], "inverted": true, "swapped": true, "error_lsq": 0.05561334983324193, "error_max": 0.2513155072299699, "target": "117.xyz", "model": "4.xyz", "model_rescale": 3.7855080009869324, "target_rescale": 3.8599226392886066},
{"mapping": [13, 14, 9, 8, 6, 12, 2, 1, 5, 7, 4, 10, 16], "R": [[0.23879816712066756, -0.7416522823415896, 0.6268391559860637], [0.3561378354860876, -0.533646987353957, -0.7670637098855153], [0.9034053782854595, 0.40641454819624334, 0.13669651604685948]], "T": [0.0019807042530758934, -0.012664039413875445, -0.10546581874127943], "aligned_model": [[-0.42541597785244684, -0.467499354236653, 0.08622207607278365, 0.19437146887860962, 0.05601381469995703, -0.671854713703059, -0.2546868981565588, -0.32550896228367476, 0.6948076414183186, 0.6464407648933801, 0.26266415557704115, 0.5952514696502542, -0.02483579281397747], [0.5068347733220561, -0.3297360846056935, -0.5563615596568907, 0.4697041722319019, 0.59052036104994, 0.006126538325788305, -0.7011471387430371, -0.16235564088856141, -0.31086761794903917, 0.3309797229890383, 0.18257238939660578, -0.08466152204808686, -0.04942117593012135], [-0.37439089858052904, -0.4752646713236361, -0.557362285871276, -0.580456951336486, 0.13810361710711477, -0.012417408189335025, -0.02866444251602708, 0.560452255610935, 0.18807924680463423, 0.06171571934523738, 0.5585580203914008, -0.5223716060525941, -0.13404099321080692]], "inverted": true, "swapped": false, "error_lsq": 0.044311793339532356, "error_max": 0.23291360263317626, "target": "117.xyz", "model": "5.xyz", "model_rescale": 4.2253639853439635, "target_rescale": 3.8599226392886066},
{"mapping": [0, 3, 2, 1, 9, 7, 6, 12, 5, 8, 11, 10, 13], "R": [[0.8472875780430891, -0.5293543249545192, -0.043448345720193654], [-0.3522181958462537, -0.6212188043758355, 0.7000210993996305], [-0.39755012590701844, -0.5778158839473024, -0.7127992014933175]], "T": [0.06450563068971295, 0.02951618997826634, -0.156790279701026], "aligned_model": [[-0.5665229717417745, -0.45991418574770493, 0.23225669534309173, 0.25040369660286355, 0.04001824451290348, -0.6846308999958101, -0.16882961724770096, -0.43174338012799024, 0.5287058732273552, 0.6681341850851104, 0.19290542545127443, 0.7417829437401781, 0.023403683042177784], [0.49703051635629236, -0.36568344952626036, -0.5221858215165639, 0.5391896305471884, 0.6065851354935405, -0.12716479291361082, -0.5287183226624204, 0.09517797843185656, -0.375896996609446, 0.3763059074197002, -0.22769876954033114, -0.06685525616778645, -0.007898541818258796], [-0.3189504069557355, -0.42476522957802276, -0.4998006044107182, -0.6511390179685105, 0.04066408850970843, 0.0521038179164158, 0.06149132531852147, 0.6310988072068703, -0.012223515126744633, 0.09066544521578412, 0.5663333239230179, -0.5316508670985273, -0.18188756477342655]], "inverted": true, "swapped": false, "error_lsq": 0.03916169382291331, "error_max": 0.27674908383201674, "target": "117.xyz", "model": "6.xyz", "model_rescale": 3.89814844738969, "target_rescale": 3.8599226392886066},
{"mapping": [3, 7, 4, 8, 6, 0, 2, 1, 10, 9, 5, 11, 12], "R": [[0.20830408237233666, -0.7060927038724804, -0.6767883737218516], [0.941002935238633, 0.333361164792082, -0.05817052243829168], [0.2666887420557835, -0.6247426889100154, 0.7338757984251747]], "T": [-0.01713208184142148, -0.04342535710146314, -0.17685436465186838], "aligned_model": [[-0.5393186178522471, -0.3540562894456487, 0.012887887195912717, 0.22602509885420793, -0.12027286387849592, -0.5846069147432478, -0.04293433153115733, -0.36740157483698865, 0.540207805049831, 0.7249948562581724, 0.2152593527079268, 0.5764668902146517, 0.07871839415105725], [0.5284262670493339, -0.09120174780721779, -0.6446358259898782, 0.49781760742328063, 0.554844074496043, -0.04397629695735624, -0.6229899698837825, -0.09927696083248169, -0.4200593903923553, 0.3381081983359482, 0.14111491965266182, -0.0716013064358092, -0.17438235116448564], [-0.40639494545409066, -0.7385252419166155, -0.40737673220487525, -0.5018426892780832, 0.12115824804188352, -0.006612190216071262, 0.22933148941298576, 0.5906014924963732, 0.11712304689399733, 0.14193339053459342, 0.5404431408703765, -0.726569514048437, -0.13132989295340486]], "inverted": true, "swapped": false, "error_lsq": 0.05127648263568778, "error_max": 0.29269745978415845, "target": "117.xyz", "model": "7.xyz", "model_rescale": 3.7474275329858107, "target_rescale": 3.8599226392886066},
{"mapping": [10, 0, 1, 12, 11, 6, 3, 5, 2, 4, 8, 13, 14], "R": [[0.9982593005344904, 0.05834805378550424, 0.008594970380046585], [-0.032145506195462734, 0.4161044436363228, 0.9087484571747804], [0.049447298488668134, -0.9074428888946953, 0.41725575857814406]], "T": [0.0102637783230375, 0.07929538290499863, -0.10314396088720018], "aligned_model": [[-0.5855168911789934, -0.4162950882474926, 0.16671599184250702, 0.1558281580752553, -0.026305104094547782, -0.7606923046471669, -0.25366921612420157, -0.32683408333306047, 0.5043687316864005, 0.7443098542785966, 0.30787334271339695, 0.7911134516495345, 0.06507284952374567], [0.38987534736196716, -0.34345420576611174, -0.47365062753615517, 0.372653600064318, 0.6994057922563724, -0.11832297761739782, -0.48055290877329127, 0.04914931911541792, -0.5953436210029126, -0.003700162032215404, -0.07750878281762105, 0.4143870286294018, 0.05924941561212816], [-0.4550655987753558, -0.3743331130585825, -0.5874736362860159, -0.6260154427752578, -0.12775600352220326, 0.0799183239052278, 0.2588557652613515, 0.5281069484402783, -0.006645228679071052, 0.1547590126131957, 0.4901951636039615, -0.3965706217825294, -0.11603596676636665]], "inverted": false, "swapped": false, "error_lsq": 0.059771253223071405, "error_max": 0.430565320179885, "target": "117.xyz", "model": "8.xyz", "model_rescale": 4.019505241142653, "target_rescale": 3.8599226392886066},
{"mapping": [1, 9, 8, 0, 2, 10, 11, 6, 5, 3, 5, 4, 12], "R": [[0.6467925614999678, -0.7159015404280611, -0.26295316465302343], [-0.49350215341853937, -0.1299902156251063, -0.8599756789659829], [0.581476574729864, 0.6859938252305686, -0.4373756563709931]], "T": [-0.04804991827242003, 0.020931693443779452, -0.146866390141736], "aligned_model": [[-0.5387052342651519, -0.43528502084550236, 0.11536227208042771, 0.2435409405448574, 0.06706601159673897, -0.9269497851266983, -0.09387429587763495, -0.2890822807799205, 0.4251825052610927, 0.6813868643679067, 0.4251825052610927, 0.7176696548954655, -0.02552444496869972], [0.39476351408986393, -0.3954529557535372, -0.5058806673707298, 0.4388425499850105, 0.525915293275098, 0.043364206420067934, -0.578521541860244, -0.016507475666723566, -0.2092270312632276, 0.39341683353129003, -0.2092270312632276, 0.01680533916330136, -0.006103815793041725], [-0.42220696639424327, -0.526356654415386, -0.5366126203008357, -0.5505635106544629, 0.1389868043627505, 0.10849916082959024, 0.01377441754305947, 0.5376506270369937, 0.2697902477506653, 0.11320592343101513, 0.2697902477506653, -0.465066295407379, -0.12895177935380084]], "inverted": false, "swapped": false, "error_lsq": 0.0525173272803855, "error_max": 0.337741714486918, "target": "117.xyz", "model": "9.xyz", "model_rescale": 3.877068213659057, "target_rescale": 3.8599226392886066},
{"mapping": [12, 11, 9, 6, 3, 0, 8, 1, 2, 13, 4, 14, 15], "R": [[0.38434383054333743, 0.16607465888646145, -0.9081294112619743], [-0.8298134950044536, 0.4932449864436078, -0.26099606674572573], [0.40458544639144944, 0.8538902687254323, 0.3273866606082797]], "T": [0.05643041229226191, 0.025753835089564824, -0.08238659866217882], "aligned_model": [[-0.4969994626444703, -0.4443787443925909, 0.2743311780309321, 0.15015880261822434, 0.0868272209312973, -0.7330634109357861, -0.22380367873062207, -0.4765245784275784, 0.5732969368003713, 0.7768244144387433, 0.27355796826873724, 0.6389743335708641, -0.03323128738414757], [0.44540749430907756, -0.2317016394504023, -0.5310404618650437, 0.5196224494747355, 0.6042770008300645, -0.07620584727618335, -0.6897143478251997, -0.10665493358485062, -0.3417305250178696, 0.29895150689677014, 0.1349320133555902, -0.1519098532670262, 0.017954360914238278], [-0.357707131032571, -0.5594213389837942, -0.36193028231283386, -0.4396167145497165, 0.17674333680336599, -0.07403424028709121, -0.012407535555267801, 0.5894269960561588, 0.11295822176785589, -0.14590045348275615, 0.5492987894632435, -0.5708533224617303, -0.08461672324623105]], "inverted": true, "swapped": false, "error_lsq": 0.04512882743734276, "error_max": 0.29678767767944064, "target": "117.xyz", "model": "10.xyz", "model_rescale": 4.260839863003843, "target_rescale": 3.8599226392886066},
{"mapping": [9, 4, 0, 3, 1, 2, 8, 10, 7, 5, 6, 12], "R": [[-0.4165868081024685, -0.04399681752475572, -0.9080306775449224], [-0.27661354976441316, 0.9576031023412248, 0.08050616419376076], [0.8659909788223711, 0.28471139498473813, -0.41109493570721206]], "T": [0.05525365618297853, 0.008564126829300401, -0.0524843126770039], "aligned_model": [[0.5176089814503196, 0.1983323762464946, -0.43895021358417563, -0.391097253495058, -0.6285994489638912, -0.3678114734307161, 0.35455736594837894, 0.6042984385581717, 0.4229860356772358, -0.2936297196948001, 0.0136316973398306, -0.0324281369576601], [-0.100156382284893, -0.5576691080768662, -0.5949835518169199, -0.32009649731938633, 0.22370207579027743, 0.6488637743667959, 0.5846407337540434, 0.03807202322500934, -0.2020181818747638, -0.018044519431597846, 0.47126544113471214, -0.0004973019334767702], [-0.7321883549681386, -0.23838488648196343, 0.0853725251459175, -0.4709064522160352, 0.17373387257849857, -0.1589666183486414, -0.4014107478250005, -0.11370371311617247, 0.5365884983058765, 0.6560499015309051, 0.2767448559297577, -0.09675080313949935]], "inverted": true, "swapped": true, "error_lsq": 0.042196101879909555, "error_max": 0.2917493803326143, "target": "117.xyz", "model": "11.xyz", "model_rescale": 3.890672605050136, "target_rescale": 3.8599226392886066},
{"mapping": [10, 1, 0, 4, 12, 11, 6, 9, 8, 7, 5, 3, 13], "R": [[0.3491953360420025, -0.8833444323727955, 0.31267432111143556], [0.28708572062756776, 0.4184854751550874, 0.8616563677568749], [-0.8919890169157147, -0.21112205209358123, 0.39972874905557143]], "T": [-0.07409115005766559, -0.09839940176602839, -0.08704179364192902], "aligned_model": [[-0.4846030375499822, -0.32177805844126317, 0.15936307965212299, 0.04831147977400327, 0.048594455584137955, -0.6183280137184244, -0.24396839169344045, -0.37798906706771684, 0.5147552196961156, 0.6241953699031235, 0.28068263636244756, 0.7114092452390677, 0.025324774403783015], [0.6900914835543113, -0.617653060615773, -0.37753395830539516, 0.30619133716151664, 0.5906411186086004, -0.01832138255515775, -0.613352471190029, -0.006004762202573108, -0.49133627162338056, 0.3631087211214385, 0.10770063697704198, -0.07685055799730808, 0.03550638456060802], [-0.18349187625881688, -0.6108023530359775, -0.5520983081897805, -0.6459523177953895, 0.16850379954104375, -0.09952822496621608, 0.10795411146014824, 0.6235422637631697, 0.0473145049548708, 0.0753477344266586, 0.5737384393662175, -0.5724158064639409, -0.11017236462335506]], "inverted": false, "swapped": false, "error_lsq": 0.04877122883176049, "error_max": 0.3387801383919645, "target": "117.xyz", "model": "12.xyz", "model_rescale": 4.124412569039231, "target_rescale": 3.8599226392886066},
{"mapping": [4, 1, 6, 0, 5, 2, 8, 10, 9, 7, 7, 3, 12], "R": [[0.6797830159397417, 0.49537704330500243, 0.5408295814822472], [-0.30833287313209135, 0.8621136950587142, -0.40210796577327357], [-0.6654516440628715, 0.10659062697350248, 0.7387912747558791]], "T": [0.08618185209347676, -0.007018022789314437, -0.13505383375793253], "aligned_model": [[-0.5356166423297262, -0.4227710978009329, 0.20187441392386382, 0.11631901045158888, 0.16634886268495744, -0.734863528608767, -0.19975120477295102, -0.23278547313558992, 0.4843840415609899, 0.43301088013438227, 0.43301088013438227, 0.6590324709986539, -0.0022229210968771618], [0.47194294047599067, -0.2925510678565482, -0.5588914025194641, 0.3825646558222043, 0.7267399906454863, -0.20229449234775784, -0.656623024596369, 0.09513656351501602, -0.4333842104915718, 0.207455951872415, 0.207455951872415, -0.05817657966314554, 0.0028119407652292955], [-0.18237490465172815, -0.7027703773579446, -0.49514245988547834, -0.5641045086274606, 0.03500000243888063, 0.038575359965988154, -0.029451989471389772, 0.5225432755960524, 0.1262662042948626, 0.34116902795393933, 0.34116902795393933, -0.556928633010589, -0.052010423020440025]], "inverted": true, "swapped": false, "error_lsq": 0.05042671427830345, "error_max": 0.3876805319215891, "target": "117.xyz", "model": "13.xyz", "model_rescale": 3.9028299243045295, "target_rescale": 3.8599226392886066},
{"mapping": [10, 11, 1, 5, 4, 9, 6, 7, 2, 0, 3, 8, 15], "R": [[0.34715358312987127, -0.5106297533430173, -0.7866013251456806], [0.44101147221429815, -0.6513458212563368, 0.6174605270843517], [-0.8276432027724682, -0.561253842866806, -0.0009234564275779622]], "T": [0.04459282966473485, 3.840764138281043e-05, -0.21521267292572177], "aligned_model": [[-0.4573659655041684, -0.3957092938680513, 0.009773611176179836, 0.19881878808623038, 0.13352494178412475, -0.659516828473506, -0.1364536115797088, -0.5827345919030109, 0.6479477560600198, 0.7366492845835728, 0.21139930401103127, 0.714958113748273, -0.05532181597701191], [0.5485483192521433, -0.4473534524356337, -0.6406690779224831, 0.41774718559107266, 0.5717349105451112, -0.2492549829037112, -0.48832080495152214, 0.2174274573830856, -0.4191516280787406, 0.26667862485782695, -0.02555738821499, 0.15679040835439711, -0.016432353982655655], [-0.16494492117260723, -0.6048679717313101, -0.3175859883408282, -0.46786968198721696, 0.1377993125426758, -0.008022298606249506, 0.20088314276772767, 0.40109103713834515, -0.16630136233925152, 0.15516182270358908, 0.3849622187423555, -0.5652788891272971, -0.16308681841130018]], "inverted": false, "swapped": false, "error_lsq": 0.046432543179622233, "error_max": 0.30480277842256615, "target": "117.xyz", "model": "14.xyz", "model_rescale": 3.942246331269136, "target_rescale": 3.8599226392886066},
{"mapping": [8, 11, 10, 6, 0, 13, 4, 12, 5, 2, 1, 9, 14], "R": [[-0.2828507862217642, -0.29573715604271145, 0.9124335412891718], [0.9035320110257188, -0.4014155405194282, 0.14998489551056665], [0.3219088967169907, 0.8668362581048765, 0.3807486885718525]], "T": [0.04075601117961944, -0.07210683353236606, -0.11244043078465268], "aligned_model": [[-0.3312069851731989, -0.49531779936038545, 0.15850433132564218, 0.020857003457781603, 0.1748272352097945, -0.7332404618550751, -0.19339953722525366, -0.3977961176345124, 0.5826045447712072, 0.6390222178777409, 0.21333774919405726, 0.6680610962309835, 0.05971641532519252], [0.5709357264665289, -0.127605562202041, -0.5913698497596004, 0.14675813890109163, 0.6026202539512118, -0.2339784863724947, -0.6093294302360345, -0.012921062803197124, -0.14948962703711, 0.3697645626679909, 0.003855266771775001, -0.07507241405034198, -0.001980298803878039], [-0.3291907979402632, -0.5853630306101617, -0.587310696356784, -0.6267278433000757, 0.14733975932082174, 0.07638984814850522, -0.12750819985592923, 0.5747606555201753, 0.20879410674698054, 0.05924280596976647, 0.6756501343167941, -0.617060923564379, -0.04707621621681894]], "inverted": true, "swapped": false, "error_lsq": 0.05076942952377839, "error_max": 0.3162252972548996, "target": "117.xyz", "model": "15.xyz", "model_rescale": 4.355366556412066, "target_rescale": 3.8599226392886066},
{"mapping": [10, 4, 7, 2, 6, 8, 1, 11, 0, 9, 3, 12], "R": [[0.17556629486855382, -0.9829086155489044, 0.055381671930919946], [-0.117521800885388, 0.0349279658108044, 0.9924558748483352], [-0.9774277990843023, -0.1807503545890169, -0.10938101706037226]], "T": [-0.02914217472483812, -0.10527760538125143, -0.12885686740778005], "aligned_model": [[-0.09302302724746217, 0.545310470159916, 0.060169051166770605, -0.610100541511064, -0.5312969982607686, -0.5682341995176736, -0.22035635300485715, -0.09932046329829033, 0.5844272363042156, 0.14325757894421431, 0.39349350494665297, -0.006517704049872994], [-0.5391269163335306, -0.21710258086269363, -0.7443783035298235, 0.40253059317355155, -0.1668115982854024, -0.10238663247801541, 0.39687810011139146, 0.5722141641688683, 0.15971966426788797, -0.17614394223776114, 0.43699863898144453, -0.009614759234936696], [0.20843042268846637, 0.05321441926811116, -0.46074930610239684, -0.19903117534485773, -0.39014375972399606, 0.3737046272879221, -0.6545857512522263, 0.5610598378760026, -0.5540871555512374, 0.6791322836625894, -0.030675482404605006, -0.13701049919435113]], "inverted": true, "swapped": true, "error_lsq": 0.0414218072810618, "error_max": 0.20751100597679745, "target": "117.xyz", "model": "16.xyz", "model_rescale": 3.795458400668931, "target_rescale": 3.8599226392886066},
{"mapping": [3, 7, 4, 8, 6, 0, 2, 1, 10, 9, 5, 11, 12], "R": [[0.20830408237233666, -0.7060927038724804, -0.6767883737218516], [0.941002935238633, 0.333361164792082, -0.05817052243829168], [0.2666887420557835, -0.6247426889100154, 0.7338757984251747]], "T": [-0.01713208184142148, -0.04342535710146314, -0.17685436465186838], "aligned_model": [[-0.5393186178522471, -0.3540562894456487, 0.012887887195912717, 0.22602509885420793, -0.12027286387849592, -0.5846069147432478, -0.04293433153115733, -0.36740157483698865, 0.540207805049831, 0.7249948562581724, 0.2152593527079268, 0.5764668902146517, 0.07871839415105725], [0.5284262670493339, -0.09120174780721779, -0.6446358259898782, 0.49781760742328063, 0.554844074496043, -0.04397629695735624, -0.6229899698837825, -0.09927696083248169, -0.4200593903923553, 0.3381081983359482, 0.14111491965266182, -0.0716013064358092, -0.17438235116448564], [-0.40639494545409066, -0.7385252419166155, -0.40737673220487525, -0.5018426892780832, 0.12115824804188352, -0.006612190216071262, 0.22933148941298576, 0.5906014924963732, 0.11712304689399733, 0.14193339053459342, 0.5404431408703765, -0.726569514048437, -0.13132989295340486]], "inverted": true, "swapped": false, "error_lsq": 0.05127648263568778, "error_max": 0.29269745978415845, "target": "117.xyz", "model": "17.xyz", "model_rescale": 3.7474275329858107, "target_rescale": 3.8599226392886066},
{"mapping": [0, 2, 7, 1, 8, 6, 9, 4, 12, 10, 5, 11, 13], "R": [[-0.9145641919901972, 0.40032615108954867, 0.057543996065147936], [-0.3112683869283062, -0.6058668113677712, -0.7321457492754428], [-0.2582330924346611, -0.6875059124377603, 0.6787129660871041]], "T": [0.09805930712951508, 0.034508302995212035, -0.14899519380704018], "aligned_model": [[-0.5800454102077852, -0.46438851379452917, 0.2859488768218804, 0.04311749218216559, 0.05855854104312043, -0.5961375063762067, -0.1566795106155265, -0.40600889864761536, 0.5087442299302852, 0.67174176020242, 0.2946296593441283, 0.7096323399299876, -0.0031433676683505496], [0.5085449000217768, -0.15668545544375098, -0.5462390224981806, 0.2714697100373798, 0.6488334866111974, -0.23847959027418272, -0.5094142800025717, 0.17616174599667841, -0.5338210286832246, 0.2534424986251484, -0.05704462288241966, 0.035159968185328065, 0.0402589078007219], [-0.26984918747395825, -0.5374924515598594, -0.5904126102842182, -0.796566892812304, 0.22235196112008926, 0.047390156224910246, 0.1459294140081649, 0.49526823681048326, 0.11095977970100168, 0.16627553347918217, 0.5410758859113909, -0.5333318466125805, -0.17965837633367032]], "inverted": false, "swapped": false, "error_lsq": 0.04277047449301655, "error_max": 0.2873124940920872, "target": "117.xyz", "model": "18.xyz", "model_rescale": 3.922800546911778, "target_rescale": 3.8599226392886066},
{"mapping": [9, 2, 1, 3, 7, 10, 6, 11, 8, 12, 13, 5, 14], "R": [[0.921259084228786, -0.1756374788443614, -0.3470348336278866], [-0.3225962675023705, -0.8434890657107041, -0.42948555763846386], [-0.21728632704217127, 0.5076196135411631, -0.8337319593423551]], "T": [0.08794270386934694, -0.08961179735173204, -0.0938883608529838], "aligned_model": [[-0.5545076072766453, -0.45508589337014976, 0.05712982395154226, 0.16876589133000758, 0.006062334582691231, -0.6829706198025409, -0.10402129340964683, -0.33328417580567954, 0.5055812954852752, 0.6856671371902323, 0.2569156128273151, 0.7482609518016814, 0.06745623463989164], [0.3759629421547002, -0.039409420016981375, -0.6196059613361301, 0.4418257565779074, 0.6754032804356818, -0.2818536004866514, -0.7438882818357205, 0.18518812856088995, -0.47543101047693287, 0.4141631078478604, 0.0808502836977235, -0.12462004674526053, 0.0036020391168137683], [-0.2762093567830163, -0.558354319431037, -0.6097757288990482, -0.44057407187535297, 0.12118965973966792, 0.04516696545961668, 0.010226371596632422, 0.41038986525484933, 0.13219170372178912, -0.00699537339783185, 0.5496989151110118, -0.47505493088200335, -0.07996009743664557]], "inverted": true, "swapped": false, "error_lsq": 0.04724737233488586, "error_max": 0.2636056953166743, "target": "117.xyz", "model": "19.xyz", "model_rescale": 3.9282355846067225, "target_rescale": 3.8599226392886066},
{"mapping": [4, 0, 1, 11, 9, 3, 5, 6, 2, 12, 7, 10, 13], "R": [[-0.7357974343103388, 0.32743096980803954, -0.5927825028396921], [0.22950067651740302, -0.7029756417592392, -0.6731676511622053], [-0.6371275972208214, -0.6313590160152565, 0.44210204450541757]], "T": [-0.02691882154700409, 0.0928053802929759, 0.03180602473778775], "aligned_model": [[-0.5384831511764742, -0.2591789123784149, -0.059685462311031445, -0.009766953778420517, 0.26104463912506887, -0.6241134657002788, -0.19474944229443686, -0.41628674609328803, 0.46638757192620106, 0.7323831068487773, 0.36276118104151683, 0.6436371507161177, 0.0020201762186372076], [0.33089781678457136, -0.06735061253363851, -0.5420348562240519, 0.4627882678757724, 0.7197508597080873, -0.3187491721980831, -0.5285585410328834, -0.027473341857438813, -0.5663726094557796, 0.45394031234145454, -0.0034372885888356575, -0.01428168793412428, -0.006931929391150032], [-0.25276694178584164, -0.7169277706565066, -0.364936987372896, -0.5815304633777486, -0.01760284487592241, -0.16903340480752044, 0.302785566885668, 0.5424621736182716, 0.0026617225652064494, 0.15764913204348802, 0.5082350547608742, -0.49840279909698143, -0.0906528357214593]], "inverted": true, "swapped": false, "error_lsq": 0.05378574871437826, "error_max": 0.33181578207071494, "target": "117.xyz", "model": "20.xyz", "model_rescale": 4.067790424073018, "target_rescale": 3.8599226392886066},
{"mapping": [7, 8, 4, 0, 12, 1, 5, 10, 6, 3, 11, 2, 14], "R": [[-0.18903537777336754, -0.9802777981858919, -0.057628676315700934], [0.9451909894737567, -0.16573033730219278, -0.28133156366700546], [0.2662322658276062, -0.10765172400626483, 0.9578786389469063]], "T": [0.013988289689876313, -0.0425851292060436, -0.051188007345175174], "aligned_model": [[-0.522429728725853, -0.3037022925254415, 0.21101197834909496, 0.12849399576994489, 0.09394511950861993, -0.8019938116409352, -0.24149188734016708, -0.4165278430652718, 0.6057435153676455, 0.7518407127076412, 0.2967073011335915, 0.5855267055427948, -0.021154072937689814], [0.30532221968137907, -0.20038695059129155, -0.6186350189231092, 0.40248402888908674, 0.6407410570267237, -0.09717845276722388, -0.5715980690778563, 0.12092849937185121, -0.47330934994218676, 0.37073288275744787, 0.07017192896198834, -0.04569338506548817, -0.011392172827420652], [-0.4357398807222963, -0.497662167699662, -0.5725522613944439, -0.5927227867532531, 0.28598568004991987, 0.015878233112420592, -0.10899206819530448, 0.6264593746024794, 0.05771241161483681, 0.040937122148248295, 0.5192399551362651, -0.5276920571587947, 0.01108804743821662]], "inverted": false, "swapped": false, "error_lsq": 0.04030890375576368, "error_max": 0.2328439414425259, "target": "117.xyz", "model": "21.xyz", "model_rescale": 4.186013935880536, "target_rescale": 3.8599226392886066},
{"mapping": [4, 11, 8, 3, 6, 10, 9, 7, 2, 0, 1, 5, 12], "R": [[0.5502047335185714, -0.15379033418350269, -0.8207455661320899], [-0.0887118608124579, -0.9880967211353512, 0.1256784604964568], [-0.8303041352209137, 0.0036609825586746067, -0.5572985198632382]], "T": [0.02647693140917507, -0.04545105101077608, -0.08233310888131937], "aligned_model": [[-0.5445602661423168, -0.22703377009084236, 0.13583122955975757, 0.13771321056536312, 0.0546397014932837, -0.7709391869833079, -0.2505105169955035, -0.3253894670798882, 0.6664210635387033, 0.5817215555243938, 0.2436955158705229, 0.6498053860358415, 0.014575236847967079], [0.3738280171170994, -0.19295943263679272, -0.741370498883607, 0.6126515170754885, 0.5091410050237549, -0.12295289288989793, -0.5671679281468757, 0.2559460601322565, -0.41686030366856175, 0.259603806652904, -0.1572253306481053, 0.0949023964445007, -0.015349198078263189], [-0.24276294030560489, -0.6417431376499337, -0.3846671794919335, -0.720193716549122, -0.043766818136992625, 0.15094876197682275, 0.10882183815368068, 0.48659004839901454, -0.12951231678227507, 0.2647020222125124, 0.6071926940503117, -0.5185685081269639, -0.1151011455708842]], "inverted": false, "swapped": false, "error_lsq": 0.0543698367258358, "error_max": 0.26604366715793576, "target": "117.xyz", "model": "22.xyz", "model_rescale": 4.166573947596378, "target_rescale": 3.8599226392886066},
{"mapping": [6, 13, 10, 12, 2, 5, 7, 0, 8, 3, 4, 9, 15], "R": [[-0.3890920317049402, 0.8883923700468433, -0.24365218592550086], [-0.6802782904080894, -0.09875531445423158, 0.7262704974501534], [0.6211512202863078, 0.44833735591583135, 0.6427789486497145]], "T": [0.12343345782136796, 0.07385198324608781, -0.17996890039144497], "aligned_model": [[-0.4244719851324751, -0.4543133882099385, -0.016476862872993478, 0.049881010329313455, 0.07015373694563014, -0.6692531836247974, -0.2114021214063045, -0.1894812941677012, 0.5855134526519223, 0.6028962628485846, 0.3104126999607454, 0.648049495266569, 0.06446186955541994], [0.599213596515588, -0.37476511550724034, -0.5959918586402616, 0.4488672324682192, 0.6606385522206483, -0.16308820009559977, -0.5290269777669352, -0.21676764871615034, -0.4149346151684837, 0.34943497827631764, 0.13691333175731524, -0.09286564591455605, 0.08455958806503902], [-0.23384313218443725, -0.6063072865388444, -0.48439551347613413, -0.7122610716169931, 0.14507268618411706, -0.09891818051708487, 0.009271002645263843, 0.5160054887521264, 0.26908441471589656, 0.05581931700218565, 0.5277849711610344, -0.41961950369643064, -0.1457535902520679]], "inverted": true, "swapped": false, "error_lsq": 0.0477310092166725, "error_max": 0.3579170431404512, "target": "117.xyz", "model": "23.xyz", "model_rescale": 4.274766983524099, "target_rescale": 3.8599226392886066},
{"mapping": [8, 3, 9, 10, 4, 7, 6, 5, 1, 0, 12], "R": [[0.12045316521797561, 0.4166868946784355, 0.9010344426225969], [-0.11583836291762588, -0.8955428608920354, 0.4296329340051497], [0.9859373756306917, -0.15612500154860298, -0.05960264445402769]], "T": [-0.05293723706684967, 0.04673010943788799, -0.015697049010383005], "aligned_model": [[-0.01440941735462136, 0.2605024796439811, -0.41031196724420504, -0.5178045192416199, -0.4005348666614848, -0.5581504546031117, 0.1381931455610657, 0.14026617102241248, 0.6143441226382689, 0.10043502027155421, 0.027364989925835144], [-0.31384617524690867, 0.6642478309221536, 0.3544157468005981, -0.1101112557222062, 0.5501946918065741, -0.21126763266904267, -0.4817707038461391, -0.20357364784189516, -0.03691916330766341, 0.6002536082237889, 0.1039632321242241], [-0.657333219204579, -0.0681511711911118, -0.6977549877541469, -0.27136851814883617, 0.021044235518666417, 0.4368242855157339, 0.0758059912343221, 0.7085051568114781, 0.3202381530772707, 0.5298306404769094, -0.018074132314129437]], "inverted": true, "swapped": true, "error_lsq": 0.06509229719408965, "error_max": 0.38072934221057925, "target": "117.xyz", "model": "24.xyz", "model_rescale": 3.7841303162186577, "target_rescale": 3.8599226392886066},
{"mapping": [2, 12, 13, 9, 8, 5, 3, 4, 11, 7, 6, 10, 15], "R": [[-0.5835917823768932, -0.6773273517550309, 0.44793781946457445], [0.48812323644337363, 0.14823553809526224, 0.8600941409460099], [-0.6489655904485288, 0.7205927308890403, 0.24411017718167305]], "T": [0.14632393519086884, 0.13370290130304113, -0.09897285674778329], "aligned_model": [[-0.5342041806115246, -0.3629957875083415, 0.10760667265531293, -0.030819214643835913, -0.01692992169535551, -0.6831555899138181, -0.20581162734301428, -0.37092808229004315, 0.5939867446313738, 0.7518325421603299, 0.20323115991949867, 0.7695067773361984, 0.14465019944719326], [0.4328315945265284, -0.198740161533085, -0.5914476978915106, 0.3046090285915358, 0.6998504779239774, -0.14944295069666563, -0.5178242754139937, 0.13139021909374177, -0.48220438172732455, 0.1417876875014109, -0.195991784196882, 0.2255570451018585, 0.09181241621430912], [-0.22623847040706946, -0.5520147272960482, -0.3899326122820769, -0.6295876969548886, -0.05119332831900507, -0.06534415812374296, 0.21806778927607723, 0.43875323037397834, -0.0005665718027994676, 0.13788052240963683, 0.5414093996973972, -0.5555482248961912, -0.04374554949663584]], "inverted": true, "swapped": false, "error_lsq": 0.04543879232377534, "error_max": 0.23724190404416345, "target": "117.xyz", "model": "25.xyz", "model_rescale": 4.19342608120988, "target_rescale": 3.8599226392886066},
{"mapping": [10, 4, 7, 2, 6, 8, 1, 11, 0, 9, 3, 12], "R": [[0.17556629486855382, -0.9829086155489044, 0.055381671930919946], [-0.117521800885388, 0.0349279658108044, 0.9924558748483352], [-0.9774277990843023, -0.1807503545890169, -0.10938101706037226]], "T": [-0.02914217472483812, -0.10527760538125143, -0.12885686740778005], "aligned_model": [[-0.09302302724746217, 0.545310470159916, 0.060169051166770605, -0.610100541511064, -0.5312969982607686, -0.5682341995176736, -0.22035635300485715, -0.09932046329829033, 0.5844272363042156, 0.14325757894421431, 0.39349350494665297, -0.006517704049872994], [-0.5391269163335306, -0.21710258086269363, -0.7443783035298235, 0.40253059317355155, -0.1668115982854024, -0.10238663247801541, 0.39687810011139146, 0.5722141641688683, 0.15971966426788797, -0.17614394223776114, 0.43699863898144453, -0.009614759234936696], [0.20843042268846637, 0.05321441926811116, -0.46074930610239684, -0.19903117534485773, -0.39014375972399606, 0.3737046272879221, -0.6545857512522263, 0.5610598378760026, -0.5540871555512374, 0.6791322836625894, -0.030675482404605006, -0.13701049919435113]], "inverted": true, "swapped": true, "error_lsq": 0.0414218072810618, "error_max": 0.20751100597679745, "target": "117.xyz", "model": "26.xyz", "model_rescale": 3.795458400668931, "target_rescale": 3.8599226392886066},
{"mapping": [4, 3, 0, 9, 11, 3, 7, 10, 6, 8, 5, 1, 12], "R": [[0.30623000440665415, -0.40668960629444356, 0.8607129303857187], [0.30703271033313534, 0.8980276749424063, 0.3150828618364143], [-0.9010849566975302, 0.16777919766647612, 0.39987003093980916]], "T": [0.12245410665892986, 0.10776508737790515, -0.19666071747437008], "aligned_model": [[-0.586688184320455, -0.4968962886645607, 0.024079238168608186, -0.0014681092773115856, 0.051331160192274544, -0.4968962886645607, -0.25728774556595585, -0.32180782517841616, 0.7294770239816591, 0.7202857821493065, 0.2905506162112633, 0.6310902909134114, 0.08020002219871089], [0.5344439691894821, -0.23690088114286756, -0.6421516372423502, 0.2859724349904315, 0.7666539551356724, -0.23690088114286756, -0.4775978348812122, 0.1548097255615436, -0.36807843277993973, 0.3154902103086908, -0.16421483628250977, -0.014350583846738735, -0.024987990373434257], [-0.07865425325686634, -0.4032690832394831, -0.5419439106321808, -0.5671465009664873, 0.0723775291823518, -0.4032690832394831, 0.21969787021477033, 0.35841095938146794, 0.09707910251035679, 0.1641706436764191, 0.48497771489445674, -0.47366282118411607, -0.10682856516257368]], "inverted": false, "swapped": false, "error_lsq": 0.059760335108122724, "error_max": 0.46790858366344285, "target": "117.xyz", "model": "27.xyz", "model_rescale": 3.6321398670334006, "target_rescale": 3.8599226392886066},
{"mapping": [6, 9, 10, 13, 4, 12, 8, 7, 0, 5, 3, 2, 14], "R": [[-0.9285721646969962, -0.37099479807310437, 0.010797905011226037], [0.3711516628693648, -0.9282115899108943, 0.025878321127838225], [0.0004220180568836416, 0.028037549068822738, 0.9996067815611164]], "T": [0.03515535464692081, -0.05289688042872937, -0.10255491497867814], "aligned_model": [[-0.49702695563226457, -0.3082282589215157, 0.08518787844050296, 0.04105928350132764, -0.1549747845062885, -0.7750195454878468, -0.1985830889531061, -0.3407040090141592, 0.5306894142981174, 0.8743482846670582, 0.34003708105069325, 0.7111941435215003, 0.05799024917995535], [0.444253466975902, -0.21134686820898568, -0.7742318609932116, 0.39737528978893966, 0.697619861716565, -0.13006055417622864, -0.4263593410345545, 0.0457202295711761, -0.4260504927464018, 0.09645828049419145, -0.05773458714621443, 0.23752851953054444, -0.000984726277821639], [-0.37372083806292133, -0.6535117703905593, -0.38863921264894385, -0.7835082527820865, 0.192474578977818, 0.04295154365927581, 0.16748535293750266, 0.5681848172330131, -0.03462795744543519, 0.11055910070003763, 0.5127367308780033, -0.4059825121545168, -0.13246197872255547]], "inverted": false, "swapped": false, "error_lsq": 0.04957901170721014, "error_max": 0.28326487014980684, "target": "117.xyz", "model": "28.xyz", "model_rescale": 4.156811204709835, "target_rescale": 3.8599226392886066},
