[{"mapping": [1, 4, 0, 3, 9, 12, 2, 10, 13, 11, 6, 8, 5, 14], "R": [[0.8979113893961557, 0.3835912188985907, -0.21590023987147217], [-0.1060231021804662, -0.2875721730722344, -0.9518725477071727], [-0.42721685195775716, 0.8775876150324858, -0.2175447984781469]], "T": [0.04044365551173656, 0.12745423125316718, 0.08644514015760885], "aligned_model": [[0.18252967972807152, 0.23937344006957006, -0.4572723756120337, -0.3962438847040724, -0.476858320364168, -0.07165644684957806, -0.761394343337166, -0.022785546282294712, -0.45725193202713005, 0.10849653865820866, 0.6305263936207696, 0.26059003325425895, 0.5600206699786575, 0.03341819499521056], [-0.5610720222348371, -0.4309474617338918, -0.44611270249796137, -0.15477800467407654, 0.24782876589681346, 0.25517246481871003, 0.06024405585578943, 0.6307631973051182, 0.6746737627195205, -0.15584487803629715, 0.4375976132294636, 0.7706621423658946, -0.22925683595785945, 0.136343234753648], [0.2913440700069773, -0.41780027559260513, 0.2059470048965542, -0.291248220631214, 0.6600356247759666, -0.6196754433724159, 0.15502484754666712, 0.47028563005708895, -0.057064725674229266, 0.7608371492003286, 0.5326805744382753, -0.06230118293867509, 0.19723737677361478, 0.07228565769349998]], "inverted": true, "swapped": true, "error_lsq": 0.049665866447719816, "error_max": 0.30728785498890493, "target": "1171.xyz", "model": "0.xyz", "model_rescale": 3.8414455957264533, "target_rescale": 4.1409101576025185},
{"mapping": [1, 3, 11, 12, 10, 5, 2, 6, 9, 0, 7, 4, 8, 13, 14], "R": [[0.8430341871957931, -0.5243391769457089, -0.11984067230713166], [-0.5354224051796552, -0.8393058693295504, -0.09427887218566527], [-0.051148873406573495, 0.14364569338780972, -0.9883064846090882]], "T": [0.025082608525960785, -0.020020497453753384, 0.02988740557956229], "aligned_model": [[0.49103717515840223, 0.008408028281508263, 0.6513008839996777, 0.12680592950295916, -0.37818600959180815, -0.4857968957432732, -0.42551387454400186, -0.7422674130068209, -0.06555245831523056, 0.6906420955619796, 0.22227207963683676, 0.1284698893337204, -0.1859782114649864, 0.48590691206619335, 0.04448601639961941], [-0.3024099643400378, -0.5670167891547756, 0.34664139168621816, 0.5845151604951503, 0.20788218880648304, -0.31249729267202, -0.5215100591193872, 0.03620411322955441, 0.22564482364634014, -0.26386314426989865, -0.25971320158744304, -0.5533932742693063, 0.7391200495668733, 0.5151136947067767, -0.030964795882698553], [-0.6421545737601183, -0.530374941253649, -0.41696282956080927, -0.4245117010489276, -0.47391422963725927, -0.2663932744503166, 0.3300136400273723, 0.1642001428414942, 0.6599219400782055, 0.1818370759221303, 0.5925762380644573, 0.05522090055034391, 0.08872070936699039, 0.3057847746983824, -0.05710529044817955]], "inverted": true, "swapped": false, "error_lsq": 0.042495334409155844, "error_max": 0.24547321094179123, "target": "1171.xyz", "model": "1.xyz", "model_rescale": 4.316132596720782, "target_rescale": 4.1409101576025185},
{"mapping": [4, 12, 3, 11, 0, 5, 9, 6, 13, 7, 10, 14], "R": [[0.006742202104970896, -0.7790010470432251, -0.6269863725922079], [-0.2826330062187923, 0.5999509342241442, -0.7484500386260294], [0.9592044237317215, 0.18225324476984142, -0.2161264173218082]], "T": [-0.008066376357698815, 0.004959576188233733, -0.03363662246258198], "aligned_model": [[-0.21993349397063605, 0.5027757672270554, 0.03698254055036114, -0.6221151897139096, -0.46585901019751025, -0.4433402505722934, -0.143469450381352, -0.09207563288394961, 0.5980010902389813, 0.2352261814647285, 0.2034971038590005, 0.008118899011304817], [-0.6942898580670271, -0.5097337854835429, -0.5220751113827775, 0.3992140105088478, -0.2937492285053773, -0.0368934388290393, 0.4668487579202315, 0.6245846019702557, 0.1318914842196605, -0.1446025731025935, 0.5939958617452984, -0.002414293252956043], [0.23434006008317493, 0.0065592281695587284, -0.39861381454794825, -0.11849920505225552, -0.5741733235355775, 0.4335495916830696, -0.6496088606555077, 0.4688769497403375, -0.4629566799040769, 0.6943005119802745, -0.14734025956272798, -0.037175737188900514]], "inverted": true, "swapped": true, "error_lsq": 0.04499010095021074, "error_max": 0.23549658025361866, "target": "1171.xyz", "model": "2.xyz", "model_rescale": 3.795458400668931, "target_rescale": 4.1409101576025185},
{"mapping": [4, 12, 7, 10, 1, 6, 8, 0, 13, 9, 5, 14], "R": [[-0.9446899021384597, 0.2036015304997402, 0.257113604416007], [0.2168260523020755, 0.9759186132270429, 0.023860498739616265], [-0.246063918201603, 0.0782897000579832, -0.9660865753254756]], "T": [0.10021636676970072, -0.010894597131708584, 0.04093107620474304], "aligned_model": [[-0.21600378879029022, -0.20482444539016556, -0.6816222748687973, 0.25221218451242067, 0.2306073370075833, -0.2151223838953226, -0.2904945803297895, 0.6905666808116843, 0.3244523525916333, 0.8047785970452563, -0.19800463849668057, 0.09675878554603319], [-0.09902287623731909, -0.6514730093646802, 0.00224444153707906, 0.08039068221387975, 0.44936851141227646, 0.5591625831861774, -0.2095087418596188, -0.013712958315900102, -0.5789965980997982, 0.09326240621536708, 0.4825535465434304, -0.02849894194118425], [-0.6646801261295485, -0.11429153592775707, 0.03805340407668767, 0.6518448492673471, -0.5135023979534287, 0.5090217741497532, 0.5814897598982303, -0.45147072553558487, 0.48220597263949794, 0.36317444573064017, -0.236649796063203, 0.04357580648646588]], "inverted": true, "swapped": true, "error_lsq": 0.053971496314060584, "error_max": 0.36276125220687133, "target": "1171.xyz", "model": "3.xyz", "model_rescale": 3.7530521520055578, "target_rescale": 4.1409101576025185},
{"mapping": [0, 4, 5, 7, 11, 12, 9, 3, 13, 8, 14], "R": [[0.5898444967404844, 0.545539106999869, -0.5953742960514424], [0.41889801174396335, -0.8370426874846336, -0.3519715827811343], [-0.6903679637859216, -0.04179260774692109, -0.7222502700004985]], "T": [0.012969179585015998, -0.08389428589055702, 0.053473528086721143], "aligned_model": [[-0.575390015133992, -0.1880624673769922, 0.3792553320873081, 0.4885960784087086, 0.21388774569520003, -0.2914953768626829, -0.18958658074476578, -0.5984153068168233, -0.2798293055535244, 0.3743221213586768, 0.0049173773840923436], [-0.5538882342821335, 0.06751637648141871, -0.29806871469141916, 0.4193555902949092, -0.7899468639069817, 0.5602774034188582, -0.5678014020068718, 0.025040731954922138, 0.26175391526572556, 0.41120543400897525, -0.06824087822305691], [-0.10118777046999991, -0.6829434987805072, -0.4255272523515341, -0.30980486671238905, 0.08203309667617356, -0.08734134037063579, 0.6330444674977025, -0.11189118772153503, 0.6555877723983692, 0.38302873137251603, 0.0578326257071562]], "inverted": true, "swapped": true, "error_lsq": 0.04589862183306264, "error_max": 0.21747724617250253, "target": "1171.xyz", "model": "4.xyz", "model_rescale": 3.7855080009869324, "target_rescale": 4.1409101576025185},
{"mapping": [12, 14, 11, 13, 15, 9, 5, 10, 7, 1, 4, 2, 8, 6, 16], "R": [[-0.6110052670022057, -0.6089434559301723, 0.5058264832681083], [-0.08493417968773198, 0.6857098420924297, 0.7229026197063801], [-0.7870570175129217, 0.39873535074958366, -0.4706924380593671]], "T": [0.03084210911855235, -0.05267574714979491, -0.010646810891501775], "aligned_model": [[0.5237284772319444, -0.03582768560319306, 0.7482103431772801, 0.24641104566113975, -0.5281330589370746, -0.5042380092040808, -0.2699485315546627, -0.6633224570544809, -0.15198293284709574, 0.6791254202889729, 0.40823556918944315, 0.05356428364688397, -0.3005013368546269, 0.34435463823566936, 0.01635838189865657], [-0.11380515196202752, -0.2784256520643905, 0.26226692953430125, 0.4897376111837927, 0.24454660950480972, -0.42726822830995775, -0.3720192326792404, 0.04917885046223362, 0.2725223319638909, -0.4200642630742559, -0.04705293991238152, -0.7497366179958114, 0.5633325268671392, 0.45159577451754257, -0.08105564719381637], [-0.47582579473045905, -0.6449097827223352, -0.14713913839330406, -0.43981510093000814, -0.5384002939569595, -0.2939906996259377, 0.669535498017371, 0.18614107005999606, 0.6391152111188158, 0.12298838587232788, 0.6253904083023437, -0.25431776258412503, -0.0884619836852227, 0.26045684933620405, -0.05390828468859007]], "inverted": false, "swapped": false, "error_lsq": 0.039290385838062845, "error_max": 0.2198807906854709, "target": "1171.xyz", "model": "5.xyz", "model_rescale": 4.2253639853439635, "target_rescale": 4.1409101576025185},
{"mapping": [4, 12, 6, 5, 7, 10, 11, 1, 13, 3, 8, 9, 0, 14], "R": [[0.08959933453703708, -0.07253884054312276, -0.9933328122352445], [0.7590345218743434, 0.6507133257626428, 0.020946653143347704], [0.6448554519064773, -0.7558507023794978, 0.11336296511168345]], "T": [0.010885937842809668, -0.011908918526834698, 0.022754413080512837], "aligned_model": [[0.5496444924034701, -0.0007768799257612327, -0.4944308955944483, 0.2007976737448969, -0.26285173016565117, -0.4976540360234635, 0.1868085487292846, 0.608387552914224, -0.3634301508239587, 0.44070043213328003, -0.6464092118890117, -0.03161310525720158, 0.6790164779714613, 0.005872984540662967], [-0.23466398596297108, 0.29973347131485867, -0.5776102312202737, -0.6227712769309495, -0.4756964222762694, 0.09842587777885253, -0.3197860506158398, -0.39118206866473687, 0.6413815300006331, 0.40307433664025705, 0.005075710862059865, 0.3631117336766492, 0.2554196439266546, 0.0005868781060659571], [-0.49277284035947344, -0.6331630040954283, 0.2838090829630219, 0.006670546033558322, -0.5441859871136397, 0.3886296604782288, 0.6661493684578162, 0.2108610558254523, -0.006301579295875891, -0.2139980229976247, -0.20523883613831786, 0.7073351231775536, 0.2931578003564519, 0.010605841639725328]], "inverted": false, "swapped": true, "error_lsq": 0.038000057473270475, "error_max": 0.25262412734545514, "target": "1171.xyz", "model": "6.xyz", "model_rescale": 3.89814844738969, "target_rescale": 4.1409101576025185},
{"mapping": [9, 2, 13, 11, 8, 3, 0, 6, 5, 4, 12, 7, 14], "R": [[0.07738379706322963, 0.2858876482705185, 0.9551334987939796], [-0.09250464289358187, 0.9559325249782542, -0.27863219256186117], [-0.9927006794574121, -0.06679266617714474, 0.1004196233300082]], "T": [-0.04813186004058424, 0.03575968393419501, 0.005714766006239217], "aligned_model": [[0.05242818796008765, -0.13770543293026377, 0.48683096660907854, -0.336246910573467, 0.602260891147531, -0.33827086971253784, -0.6361314658030292, 0.27336974529739555, -0.3917446670032745, -0.5958502092068221, 0.08359378739735067, 0.12539222202555245, -0.039294444303378986], [-0.32504594058815517, 0.24702709437746492, 0.3415504843028997, -0.6208860035288319, 0.09967331924096087, 0.5405948778695623, 0.09472270885491903, -0.5861781970149395, -0.24685495876692973, 0.4409549730312363, 0.7373630328742811, 0.1893896662462117, 0.0514702085718061], [-0.6804371012503113, -0.76856374762106, -0.4279348109310093, -0.15397343293804755, 0.24490220215129146, -0.2662486498992811, -0.48597700342026007, 0.39730461267135053, 0.4656464802309727, 0.38184019309183503, 0.13945239415335042, 0.7525345557621497, 0.0037293388353148893]], "inverted": false, "swapped": true, "error_lsq": 0.042732480877262544, "error_max": 0.29473879351265114, "target": "1171.xyz", "model": "7.xyz", "model_rescale": 3.7474275329858107, "target_rescale": 4.1409101576025185},
{"mapping": [4, 13, 2, 8, 9, 11, 10, 7, 6, 1, 0, 12, 5, 3, 14], "R": [[0.4650372837745981, -0.09277126313286746, -0.880416842998972], [-0.12783018484862121, -0.991108835695867, 0.03691503280711492], [-0.8760135664138493, 0.09537698119732721, -0.47276152859192494]], "T": [0.04916803791899808, -0.0793797750868523, -0.027800374835129937], "aligned_model": [[0.38415089302990096, 0.19182430965808844, 0.8229160351480278, 0.1629415032961913, -0.5350024048227066, -0.49027416347892, -0.39323377416476546, -0.5727080416190075, -0.1776603836468584, 0.7177900591441918, 0.2881134767632078, 0.0004750421778778949, -0.24145158792758456, 0.3137866312170698, 0.09436655250006243], [0.05013008982930413, -0.6160711588331367, 0.1696370059114709, 0.4633120438772664, 0.23426168904851852, -0.3273549800286172, -0.4051842483084772, 0.10986012257890822, 0.30370084451015406, -0.34111870621827545, -0.08835393024634114, -0.6912685071890688, 0.5677850700543369, 0.5081431990319346, -0.09372563317614863], [-0.7229546940453846, -0.73471152585665, -0.24664775410923712, -0.424979810433205, -0.40291951043125024, -0.21216513468615117, 0.49507192466260036, 0.17551227787962384, 0.6568427471319723, 0.19409857674592074, 0.5862336465526781, -0.08995977067721357, 0.07088782257499865, 0.2867283073993799, -0.06417852131796604]], "inverted": false, "swapped": false, "error_lsq": 0.04480133683705359, "error_max": 0.38807459689450946, "target": "1171.xyz", "model": "8.xyz", "model_rescale": 4.019505241142653, "target_rescale": 4.1409101576025185},
{"mapping": [11, 5, 10, 9, 2, 13, 8, 0, 3, 4, 7, 12, 14], "R": [[-0.5827436816331637, -0.7131770731919849, -0.3896001332006192], [0.752179578945031, -0.2918688603609154, -0.5907947607838924], [0.30762913147928966, -0.6373311781365594, 0.7065219648675922]], "T": [-0.05256382389709903, -0.01616524031311946, -0.02280233326174684], "aligned_model": [[-0.47876380504977234, -0.6827218528015883, 0.20132853860259503, 0.22530472997430734, 0.45601292682504035, 0.6930498202778931, 0.24418359612594065, -0.09852988701358938, 0.18902736492111516, -0.4031269970762943, -0.30339363605413483, 0.31508111813656925, -0.03775114512690585], [-0.4324187807834489, 0.09102008711595498, 0.052963131886653456, -0.5629345701200325, -0.6390904941314095, 0.014389934531226459, 0.5671407892560383, -0.7386833129892706, -0.3082382065234828, 0.031317868224181186, 0.7017850097944378, 0.29575342763734086, -0.009626655784129965], [-0.45266362275034894, 0.007032936448722202, -0.6019493831337122, -0.5074978806236186, 0.05121372662296743, -0.1270705929350745, -0.2594483933678681, 0.23572373216351228, 0.49616818367988325, 0.670378570423802, 0.15908889961359096, 0.5203630189104748, -0.014635701008451716]], "inverted": true, "swapped": true, "error_lsq": 0.050023607259373874, "error_max": 0.3164433717369605, "target": "1171.xyz", "model": "9.xyz", "model_rescale": 3.877068213659057, "target_rescale": 4.1409101576025185},
{"mapping": [4, 3, 7, 2, 13, 6, 12, 10, 11, 1, 0, 5, 9, 8, 15], "R": [[-0.572384992926832, -0.4814631781543425, -0.6637534391275653], [-0.7890364776900564, 0.5436880114342406, 0.2860503156739219], [0.22315209330548488, 0.6874565835776112, -0.6910908688075535]], "T": [-0.0460179365475326, 0.022642200462486824, -0.09368346020986372], "aligned_model": [[0.3866371767734595, -0.06998831732754594, 0.7124129069126833, 0.11639669726823511, -0.4310019828073657, -0.5844656029006488, -0.2875669502170749, -0.6359586456344509, -0.19886639124660088, 0.7475164508868255, 0.24211957050525268, 0.31720834995709235, -0.12371818004362228, 0.39288984111937336, -0.017580775970836834], [-0.1180872862210827, -0.5155754337267503, 0.2799659215690439, 0.5320877188292451, 0.14661487305148674, -0.26672212923506233, -0.5292542097004246, 0.26693560898777563, 0.1181330395165629, -0.2773278508323798, -0.2660869265374355, -0.6593849518208829, 0.664680034859072, 0.4803706041781001, -0.012596112075439567], [-0.5947777070736144, -0.4291063899884147, -0.25133411089329316, -0.4866746922851099, -0.7525131472612432, -0.1752124147132743, 0.3481984721635847, 0.21534966062510197, 0.6219799563600763, 0.0886013567353985, 0.5899672575437703, 0.02421934121074383, 0.03820814400983029, 0.3458249093845642, -0.015872054428003796]], "inverted": false, "swapped": false, "error_lsq": 0.03412544463718689, "error_max": 0.18589478656750094, "target": "1171.xyz", "model": "10.xyz", "model_rescale": 4.260839863003843, "target_rescale": 4.1409101576025185},
{"mapping": [12, 4, 5, 7, 6, 8, 13, 3, 1, 11, 9, 14], "R": [[0.5536628819553701, 0.5175058743036517, -0.6524148091560206], [0.7113994535338038, 0.11330435350683984, 0.6935942192580631], [0.4328605210188139, -0.8481449130529581, -0.3054209812794642]], "T": [0.036246858932931676, 0.07598650813014865, -0.021403155938223346], "aligned_model": [[0.3310957780174489, 0.28203907820043267, -0.29072072437790586, -0.42792696694843, -0.7460491670593008, -0.3603880420577333, 0.27789997430083807, 0.6540411143173932, 0.12842075837581196, -0.14601633793500987, 0.21296395720270012, 0.043539227057885176], [-0.0171432613282764, -0.6381137670484998, -0.4353427872466281, -0.298089642632718, 0.15861362341228832, 0.40002620848963744, 0.710389801453274, -0.04252178780169105, -0.4557972590981135, 0.06177485808697375, 0.6477582370235376, 0.08152428222314902], [-0.678575598737383, -0.20927526977495237, 0.18135909469271852, -0.5274291134643609, 0.13575378963694198, -0.49255635935816555, -0.3483304082723514, -0.15289216448825788, 0.4735214935259752, 0.6901250010309546, 0.4815337825519708, -0.03705616994758553]], "inverted": false, "swapped": true, "error_lsq": 0.043117880396346224, "error_max": 0.21402538489152179, "target": "1171.xyz", "model": "11.xyz", "model_rescale": 3.890672605050136, "target_rescale": 4.1409101576025185},
{"mapping": [0, 1, 4, 2, 3, 10, 11, 13, 9, 6, 7, 5, 8, 14], "R": [[0.19976123801335716, 0.7718560874094897, -0.6036005534426597], [-0.9711073559300771, 0.07387378506668646, -0.22692105926602613], [-0.13056014340473576, 0.6314909692219163, 0.764312242964418]], "T": [0.10659319290425756, 0.045826447162950125, 0.16296972280495817], "aligned_model": [[0.5117346485181964, 0.10049370076173214, 0.5358882328834234, 0.5649841521589911, 0.7378567284279716, -0.29955234704343875, -0.3285581544879469, 0.33053254835510937, -0.034838612594999985, -0.6764206048104022, -0.04798587470208773, -0.1700710072386899, -0.13233277224311785, 0.11814519680895305], [-0.24214290695006888, 0.2553127714316245, 0.6369296450022898, -0.6076189820333865, -0.017331317953001933, -0.3573392541673535, -0.17255384515889752, -0.43665086236021494, -0.7045484280470093, 0.18630485767545166, 0.7324506584534433, 0.5062841298261886, 0.10796735336151894, 0.045088700747181305], [-0.423472962238605, -0.5386845279576604, -0.10526846868450637, 0.040285739023585745, 0.06039895219344457, 0.4407368673802402, -0.3871643652841189, 0.6966475337925706, -0.004457867297060103, 0.2662548948963587, 0.5037116797471713, -0.18475663794905303, 0.8136303133904271, 0.17692928434406652]], "inverted": false, "swapped": true, "error_lsq": 0.04195117295688728, "error_max": 0.2755917469176867, "target": "1171.xyz", "model": "12.xyz", "model_rescale": 4.124412569039231, "target_rescale": 4.1409101576025185},
{"mapping": [3, 13, 8, 0, 12, 4, 9, 1, 10, 11, 7, 6, 14], "R": [[-0.8929183483376677, 0.20949924644889417, 0.3985058204584682], [0.37572731207024135, -0.14090632519612867, 0.915955454421335], [0.24804396821209512, 0.9676029522779829, 0.04710325441547347]], "T": [0.1244685405684768, 0.09623724833766253, -0.010149117767965357], "aligned_model": [[-0.144696164859764, -0.019963416354214183, 0.5952617397154435, -0.532427985912962, 0.41597625397830307, 0.33384483331142445, -0.5262407740392973, -0.09635161834752569, 0.06328978531720723, -0.24107855247143423, 0.8967347869315918, 0.4943104879686963, 0.12863893227228881], [-0.2948657284231849, 0.5461754620458317, 0.5658461656684755, -0.30308903652872166, -0.12426852686369216, -0.6510272537403896, 0.5226630257831577, -0.4167004653987032, 0.7256864154380911, 0.1696329866986379, -0.021971451150965604, 0.531666617113233, 0.09773716586670776], [0.42296996571914364, 0.5767411690229891, 0.19510083128479755, -0.007610906235031686, 0.6174535549037868, 0.048214237099672534, -0.08654186017977687, -0.4838302032215329, -0.07872225315310771, -0.643144023316142, -0.04307517107806818, -0.5732928088065179, 0.007435548927626899]], "inverted": false, "swapped": true, "error_lsq": 0.0423401006244234, "error_max": 0.3121450187269436, "target": "1171.xyz", "model": "13.xyz", "model_rescale": 3.9028299243045295, "target_rescale": 4.1409101576025185},
{"mapping": [11, 1, 14, 9, 6, 2, 8, 3, 4, 13, 5, 12, 7, 10, 15], "R": [[0.5262041837942294, 0.5194349105954987, 0.6732729985764283], [-0.6731024675689825, -0.22941482640333563, 0.7030660748314306], [0.5196558718132569, -0.8231380267494472, 0.228913878585442]], "T": [-0.061437790587593855, -0.07110462381366137, 0.021606773521513318], "aligned_model": [[0.35319227870320585, -0.1638960128127871, 0.7445505508986303, 0.1416827037110227, -0.40450932100114756, -0.5960985377914414, -0.16857227783294104, -0.6081979034420915, -0.19584211097292623, 0.6681532172458031, 0.15726062871589758, 0.36121450368119334, -0.05860353861955736, 0.37900082041276445, -0.04330085362084929], [-0.17155536408431205, -0.30162689112407703, 0.1848938394200406, 0.47083144080843475, 0.1952131901191335, -0.5617518554286784, -0.7148767927468306, 0.22111020174564336, 0.2751381479887479, -0.22657478460719013, -0.2277317769786925, -0.6163326821650121, 0.8335425280607512, 0.45668534434783137, 0.02678835548603961], [-0.5815915709365191, -0.5771924855923607, -0.23896612029751244, -0.49404119081216225, -0.4841451510927154, -0.10310468971955199, 0.43462826897590656, 0.08758646700998836, 0.5885412455013448, 0.29760920500847765, 0.4571992091086397, -0.069671326243067, -0.02565265366995668, 0.30936393068209567, -0.033704556532491256]], "inverted": false, "swapped": false, "error_lsq": 0.04017316328195308, "error_max": 0.24666810622636287, "target": "1171.xyz", "model": "14.xyz", "model_rescale": 3.942246331269136, "target_rescale": 4.1409101576025185},
{"mapping": [9, 10, 7, 6, 11, 4, 3, 13, 12, 2, 1, 5, 8, 0, 14], "R": [[0.27915548442355415, -0.48888992855562624, 0.8264737462697321], [0.7901006527766874, -0.3722001290638192, -0.48704006242477504], [0.5457226163520285, 0.7889573509903758, 0.28237054435642855]], "T": [-0.017095043453430978, -0.047701558817084266, -0.07214926826643578], "aligned_model": [[0.505137579844555, -0.20867732848707027, 0.6815176369140016, 0.10177666967619135, -0.4791960164379627, -0.5162721031874024, -0.22834575779142463, -0.7478548672199135, -0.355933670500049, 0.7229566044753626, 0.15269019919490012, 0.376593318250434, 0.050267304129150384, 0.4740425839443337, 0.037331994469669144], [-0.271914759816404, -0.4032318995969141, 0.3719946912387442, 0.266847062821588, 0.32746001084857335, -0.3378011359602126, -0.5831092729490968, 0.20820238749951814, 0.06932560081777855, -0.0757917634449553, -0.2839061556587168, -0.49260376685000185, 0.7229339805379362, 0.3447940693678367, -0.01944614801384501], [-0.6423806544539239, -0.6602775883543476, -0.3305576439974599, -0.5190475450378517, -0.47193360021217257, -0.17377837482223482, 0.35826872141367405, 0.17570774037702622, 0.6624045329569379, 0.11273560791690085, 0.6841719568689875, 0.15112423516707832, -0.0927430998417234, 0.3092278360254661, 0.003936457383759112]], "inverted": true, "swapped": false, "error_lsq": 0.050625031045494734, "error_max": 0.3772465819438838, "target": "1171.xyz", "model": "15.xyz", "model_rescale": 4.355366556412066, "target_rescale": 4.1409101576025185},
{"mapping": [4, 12, 3, 11, 0, 5, 9, 6, 13, 7, 10, 14], "R": [[0.006742202104970896, -0.7790010470432251, -0.6269863725922079], [-0.2826330062187923, 0.5999509342241442, -0.7484500386260294], [0.9592044237317215, 0.18225324476984142, -0.2161264173218082]], "T": [-0.008066376357698815, 0.004959576188233733, -0.03363662246258198], "aligned_model": [[-0.21993349397063605, 0.5027757672270554, 0.03698254055036114, -0.6221151897139096, -0.46585901019751025, -0.4433402505722934, -0.143469450381352, -0.09207563288394961, 0.5980010902389813, 0.2352261814647285, 0.2034971038590005, 0.008118899011304817], [-0.6942898580670271, -0.5097337854835429, -0.5220751113827775, 0.3992140105088478, -0.2937492285053773, -0.0368934388290393, 0.4668487579202315, 0.6245846019702557, 0.1318914842196605, -0.1446025731025935, 0.5939958617452984, -0.002414293252956043], [0.23434006008317493, 0.0065592281695587284, -0.39861381454794825, -0.11849920505225552, -0.5741733235355775, 0.4335495916830696, -0.6496088606555077, 0.4688769497403375, -0.4629566799040769, 0.6943005119802745, -0.14734025956272798, -0.037175737188900514]], "inverted": true, "swapped": true, "error_lsq": 0.04499010095021074, "error_max": 0.23549658025361866, "target": "1171.xyz", "model": "16.xyz", "model_rescale": 3.795458400668931, "target_rescale": 4.1409101576025185},
{"mapping": [9, 2, 13, 11, 8, 3, 0, 6, 5, 4, 12, 7, 14], "R": [[0.07738379706322963, 0.2858876482705185, 0.9551334987939796], [-0.09250464289358187, 0.9559325249782542, -0.27863219256186117], [-0.9927006794574121, -0.06679266617714474, 0.1004196233300082]], "T": [-0.04813186004058424, 0.03575968393419501, 0.005714766006239217], "aligned_model": [[0.05242818796008765, -0.13770543293026377, 0.48683096660907854, -0.336246910573467, 0.602260891147531, -0.33827086971253784, -0.6361314658030292, 0.27336974529739555, -0.3917446670032745, -0.5958502092068221, 0.08359378739735067, 0.12539222202555245, -0.039294444303378986], [-0.32504594058815517, 0.24702709437746492, 0.3415504843028997, -0.6208860035288319, 0.09967331924096087, 0.5405948778695623, 0.09472270885491903, -0.5861781970149395, -0.24685495876692973, 0.4409549730312363, 0.7373630328742811, 0.1893896662462117, 0.0514702085718061], [-0.6804371012503113, -0.76856374762106, -0.4279348109310093, -0.15397343293804755, 0.24490220215129146, -0.2662486498992811, -0.48597700342026007, 0.39730461267135053, 0.4656464802309727, 0.38184019309183503, 0.13945239415335042, 0.7525345557621497, 0.0037293388353148893]], "inverted": false, "swapped": true, "error_lsq": 0.042732480877262544, "error_max": 0.29473879351265114, "target": "1171.xyz", "model": "17.xyz", "model_rescale": 3.7474275329858107, "target_rescale": 4.1409101576025185},
{"mapping": [11, 6, 5, 10, 0, 3, 1, 7, 9, 4, 13, 8, 12, 14], "R": [[-0.49230556808436, -0.660290930718648, -0.5671429400458385], [-0.85933678919881, 0.2650414403858006, 0.4373709153655517], [-0.13847566704160044, 0.7026869300683783, -0.6978936652158851]], "T": [-0.003233096979194886, -0.04262902067576593, 0.03023034878543604], "aligned_model": [[0.42301235312439456, 0.2019741491347971, 0.6005732418792373, -0.3386720211970915, 0.18948957556941123, -0.12554227128438233, 0.666897818524939, 0.15308961166429258, -0.25274280703317986, 0.4234335943393334, -0.751508037438489, -0.416611720659715, -0.3408575714796125, -0.01768826726105843], [-0.44461600094435993, 0.30775490483803913, 0.15542228506829533, -0.0825913232212841, -0.7136123600050315, -0.29914244282016345, -0.31380453998437996, 0.7205488036277283, -0.679134699937391, 0.1396957470868441, -0.13097054124512794, 0.4589005741384383, 0.27924410028500235, -0.03728626537537648], [-0.41295747375705294, -0.6616032358933155, -0.04507944191281221, -0.5087827414534447, 0.35213142153081356, 0.6066370174671354, 0.14697282300344958, 0.09787202341651344, -0.34885121465043667, 0.6550200436426383, 0.03528844023556396, -0.2185516686420994, 0.5869098497917098, 0.03978887588299256]], "inverted": false, "swapped": true, "error_lsq": 0.03293103478649978, "error_max": 0.21650214675263146, "target": "1171.xyz", "model": "18.xyz", "model_rescale": 3.922800546911778, "target_rescale": 4.1409101576025185},
{"mapping": [1, 6, 0, 2, 10, 4, 13, 11, 7, 5, 12, 8, 9, 3, 14], "R": [[0.7528372984199838, -0.48216246917995703, 0.44805731265317733], [-0.6470282410449482, -0.6670405612164256, 0.3693390650640088], [0.12079096571341957, -0.5679579588370628, -0.8141457483741206]], "T": [0.06796565224018003, -0.09101847565926184, -0.0441091833284301], "aligned_model": [[0.4673038720034128, -0.11427639092523639, 0.7897136661281404, 0.09152166306441986, -0.5153516587311057, -0.5597231254220232, -0.33489926637821016, -0.5965063045606191, -0.17307202067008942, 0.7782143037650774, 0.35785186201041486, 0.16231362587950748, -0.2028802659277531, 0.3741727071900485, 0.04165147984879118], [-0.13605387055437274, -0.42805811343183137, 0.32731302405730606, 0.5044066619957772, 0.1888514914095215, -0.39846796455965383, -0.4147696927700972, 0.07795351474807062, 0.3186325747146181, -0.32049843508068054, -0.18917261417665882, -0.6953576150063766, 0.676533348498355, 0.3609524254108825, -0.028511834413031553], [-0.6657874147141037, -0.6176594358662013, -0.09432070063820279, -0.44165538515950303, -0.5257878765643385, -0.23212181392537146, 0.40832728026180254, 0.14868370516050217, 0.5979950731784353, 0.11532582354497901, 0.6804222480418509, -0.06033627625846706, -0.059916515774721166, 0.2892206648248295, 0.02446920527862638]], "inverted": true, "swapped": false, "error_lsq": 0.030154564675682113, "error_max": 0.16869640923826454, "target": "1171.xyz", "model": "19.xyz", "model_rescale": 3.9282355846067225, "target_rescale": 4.1409101576025185},
{"mapping": [8, 7, 5, 12, 13, 4, 3, 1, 2, 9, 6, 10, 11, 14], "R": [[-0.21867002664549198, -0.7117669644720427, -0.6675112042004345], [0.8686713993980307, 0.1696277978693981, -0.46544216617947926], [0.4445148133805297, -0.6816261427470582, 0.5811990899933002]], "T": [-0.02604747360974101, -0.1061093641980152, 0.01351786015340771], "aligned_model": [[-0.5671117106777849, -0.10021528493564721, 0.49364772560907044, -0.4453281213447502, -0.7157119245748934, 0.32605742188650494, -0.07023692377633244, 0.6936321786772839, -0.2023601772316589, -0.07680924278420398, 0.07039815456525096, -0.33293251986285843, 0.5009649004556157, -0.041471656920920044], [-0.5266184478011002, -0.8180544550387111, -0.47620402339621404, -0.12414094064750829, 0.18177232237073504, -0.1864892287469016, 0.34638066027378017, -0.007620375787912997, 0.6806720064980741, 0.41605180717522317, -0.7037822811805835, -0.15196199552855075, -0.003257375256310008, -0.1038655855091844], [0.134876482257834, -0.30126126921209895, -0.03572462424222822, -0.5792411628103594, 0.10960258671414565, -0.6758370333251446, -0.4406884671997781, -0.07922656673700192, 0.05883304091703613, 0.5930593692629087, 0.5398238007593282, 0.5688290103569268, 0.5148895666169447, 0.004248423885169619]], "inverted": false, "swapped": true, "error_lsq": 0.037648640831040255, "error_max": 0.19615532174587025, "target": "1171.xyz", "model": "20.xyz", "model_rescale": 4.067790424073018, "target_rescale": 4.1409101576025185},
{"mapping": [8, 7, 4, 5, 1, 9, 12, 10, 11, 2, 3, 0, 13, 6, 14], "R": [[0.6728928190338948, 0.4655321250288025, 0.5748870277356988], [0.6900781861884959, -0.11508797300313453, -0.7145256156477708], [-0.26647204551212167, 0.877516153148304, -0.398695435043328]], "T": [0.09107457616508108, 0.015110553194857976, -0.02032940208880528], "aligned_model": [[0.2612974417844336, -0.116506456125749, 0.7957121057883552, 0.1828988452709392, -0.4360310371768281, -0.6021351672245844, -0.3601616191217391, -0.6999507131777751, -0.16707787992215167, 0.7686469852957772, 0.31933756627715976, 0.353022281020769, -0.30073513185478584, 0.5530306966670031, 0.014686229773951703], [-0.05777248708666628, -0.46353882136827257, 0.2583955710866648, 0.45438265446204007, 0.11469784129280194, -0.30374863509011996, -0.4182221692256679, 0.2135144260732954, 0.18864065570628658, -0.22832116132509384, -0.3178337322703511, -0.6402821016304993, 0.5946069961088497, 0.4300964131620537, 0.01913745094650752], [-0.5596624487165001, -0.5536856137074417, -0.31489831873153534, -0.4038322645414544, -0.641253830430585, -0.1681095400802476, 0.42196293860949097, 0.058421575051520805, 0.5464835008321238, 0.1677093234164304, 0.7285291471526216, -0.0997138932868137, 0.00782251487283929, 0.3820885168132641, -0.005003025863596638]], "inverted": true, "swapped": false, "error_lsq": 0.03571138522585685, "error_max": 0.23830538550222907, "target": "1171.xyz", "model": "21.xyz", "model_rescale": 4.186013935880536, "target_rescale": 4.1409101576025185},
{"mapping": [0, 1, 11, 13, 12, 9, 3, 4, 6, 5, 7, 8, 14], "R": [[-0.7060157082236282, 0.20644585635828663, -0.6774377669823126], [0.5785125298732059, 0.7198759655336695, -0.3835385860988044], [0.4084912147417512, -0.6626905029042295, -0.6276752542830948]], "T": [0.06511939001989257, -0.04660585824813646, 0.041490392738310025], "aligned_model": [[-0.03500021068739169, -0.3184481663487581, 0.27523340153555614, 0.5393276079144359, -0.24972936553284625, 0.7173767504141768, -0.18087262346274002, -0.7026252935647237, 0.31007443716922106, -0.3128482014070341, -0.3550299830654529, 0.30617974401592085, 0.06493593844286098], [-0.4833463675789439, 0.10750347914530975, 0.3014116285077018, -0.4980173399110802, -0.4632135687809448, -0.2208951508997, -0.6342665602718686, -0.16188690699059038, 0.7105770194308866, 0.42714049934911674, 0.35312745090639297, 0.13936688000913533, -0.05854440336932199], [-0.5831813321460768, -0.5629652742074002, -0.5704165390465591, 0.4144507597602388, 0.5462605733857069, -0.352566690891727, -0.04304448858245312, -0.012614411563555403, 0.1424048745106853, -0.16389428931424388, 0.5660286303735739, 0.6672781838801771, 0.0551395651769795]], "inverted": true, "swapped": true, "error_lsq": 0.04750759541507259, "error_max": 0.3150338101514842, "target": "1171.xyz", "model": "22.xyz", "model_rescale": 4.166573947596378, "target_rescale": 4.1409101576025185},
{"mapping": [1, 6, 0, 5, 13, 12, 11, 14, 9, 4, 3, 2, 10, 8, 15], "R": [[0.6267131487575248, 0.4892540917220537, 0.6065155092062005], [0.6885527796645855, 0.016748546404826647, -0.7249927970742178], [-0.36486394558876484, 0.8719804584545192, -0.32638073056301176]], "T": [0.01692330921445106, -0.010777206933548946, 0.03606810225274963], "aligned_model": [[0.45134841988974544, -0.07838850638105538, 0.7083125999752963, 0.07184315031508642, -0.4183014939279362, -0.5305404827945218, -0.30575811169420614, -0.7304641765388148, -0.19410022081333003, 0.7294983116094015, 0.2635684436347323, 0.3191363832164414, -0.2701799230620905, 0.5018756465337104, 0.04818410731231685], [-0.21155927265120483, -0.4908424362800397, 0.28131703511588757, 0.2834105226585362, 0.49358054025437453, -0.3625023579073822, -0.5666110404251832, 0.24873319643474573, 0.1226837718156937, -0.10970957487113817, -0.32931128841467433, -0.6015134701487456, 0.6768559034424736, 0.42721928317689567, -0.017997911358410085], [-0.492193619025681, -0.5466502390985872, -0.2855179130227827, -0.7394958035682218, -0.48644101008591284, -0.0410951651794105, 0.4932538167854414, 0.04270586567746819, 0.5820593139109616, 0.1854092081167794, 0.4823066803898728, -0.0757673322655865, -0.039255683067940125, 0.5125756524560012, -0.025035190632285147]], "inverted": true, "swapped": false, "error_lsq": 0.045772629152471794, "error_max": 0.34838289847790116, "target": "1171.xyz", "model": "23.xyz", "model_rescale": 4.274766983524099, "target_rescale": 4.1409101576025185},
{"mapping": [12, 10, 9, 3, 11, 1, 4, 5, 7, 6, 14], "R": [[0.6307110619860908, -0.42736776046568303, -0.6477347864696816], [-0.4017223309104605, 0.5343337433055603, -0.743711381930473], [0.6639448208520373, 0.7292765237409018, 0.16532702980499564]], "T": [-0.031706733202741616, 0.10579209689133527, -0.0935562092459945], "aligned_model": [[0.3490072489989333, 0.07922996400247248, -0.5200982634362954, -0.26811702054376096, -0.5249685335774904, -0.5209441691442845, -0.04548182987361163, -0.04568867769052121, 0.6272276898965912, 0.2721352198966098, -0.022406924570567633], [-0.38506695105161676, 0.7138572674839609, 0.635356537529543, -0.36780185025079326, 0.4781231422763699, -0.1400720256177717, -0.6311062627757502, -0.015712912165249462, -0.12347177531893926, 0.6517784208862152, 0.09970294024751492], [-0.4698525252364433, -0.24389305263252675, -0.397089771291745, -0.4580041024074948, 0.3036295798036337, 0.39269267353875814, 0.1563237688471143, 0.5345512792701552, 0.25956711177238356, 0.40952591084269707, -0.10788443848495469]], "inverted": true, "swapped": true, "error_lsq": 0.050044553401819965, "error_max": 0.27597922197660424, "target": "1171.xyz", "model": "24.xyz", "model_rescale": 3.7841303162186577, "target_rescale": 4.1409101576025185},
{"mapping": [12, 5, 14, 13, 3, 4, 1, 6, 7, 9, 8, 2, 11, 10, 15], "R": [[-0.7371934985914386, 0.6756700019021262, 0.003974187224527248], [0.6571078914727901, 0.7155467981437417, 0.23706960714191833], [0.15733710496478204, 0.17737764288607583, -0.971484537810809]], "T": [0.05810764546319202, 0.0043914820840720535, 0.11794793638104285], "aligned_model": [[0.397609454805231, -0.06822269336132947, 0.7287277024939717, 0.15242858734656273, -0.4242336145093323, -0.4753388450237489, -0.30071326771717927, -0.6437016113293261, -0.15315293086948795, 0.6100764424343246, 0.15283621006506842, 0.24028104826209, -0.18333204501285222, 0.5388043341382268, -0.0060346244474431335], [-0.10738650187110216, -0.4539891641337318, 0.29131352801250365, 0.475043984540052, 0.10039357745260147, -0.4673417228197894, -0.4824238429281618, 0.16153012029873895, 0.42583042387641434, -0.1603507015967055, -0.48410698209796343, -0.6840893506819101, 0.719483372688877, 0.48842985383437654, 0.02141630626762907], [-0.5509437665010712, -0.619118257463929, -0.19389086970126357, -0.49978159919678455, -0.5201213343459847, -0.10477828128686566, 0.5507236119923709, 0.048682738024275266, 0.5657913770260901, 0.01630557999132999, 0.43709293975587843, -0.13024558116877588, -0.022686458475847535, 0.4919701996854742, 0.09785828305521918]], "inverted": false, "swapped": false, "error_lsq": 0.038635604315369276, "error_max": 0.3566929198981499, "target": "1171.xyz", "model": "25.xyz", "model_rescale": 4.19342608120988, "target_rescale": 4.1409101576025185},
{"mapping": [4, 12, 3, 11, 0, 5, 9, 6, 13, 7, 10, 14], "R": [[0.006742202104970896, -0.7790010470432251, -0.6269863725922079], [-0.2826330062187923, 0.5999509342241442, -0.7484500386260294], [0.9592044237317215, 0.18225324476984142, -0.2161264173218082]], "T": [-0.008066376357698815, 0.004959576188233733, -0.03363662246258198], "aligned_model": [[-0.21993349397063605, 0.5027757672270554, 0.03698254055036114, -0.6221151897139096, -0.46585901019751025, -0.4433402505722934, -0.143469450381352, -0.09207563288394961, 0.5980010902389813, 0.2352261814647285, 0.2034971038590005, 0.008118899011304817], [-0.6942898580670271, -0.5097337854835429, -0.5220751113827775, 0.3992140105088478, -0.2937492285053773, -0.0368934388290393, 0.4668487579202315, 0.6245846019702557, 0.1318914842196605, -0.1446025731025935, 0.5939958617452984, -0.002414293252956043], [0.23434006008317493, 0.0065592281695587284, -0.39861381454794825, -0.11849920505225552, -0.5741733235355775, 0.4335495916830696, -0.6496088606555077, 0.4688769497403375, -0.4629566799040769, 0.6943005119802745, -0.14734025956272798, -0.037175737188900514]], "inverted": true, "swapped": true, "error_lsq": 0.04499010095021074, "error_max": 0.23549658025361866, "target": "1171.xyz", "model": "26.xyz", "model_rescale": 3.795458400668931, "target_rescale": 4.1409101576025185},
