[{"mapping": [6, 4, 8, 2, 5, 7, 9, 11, 10, 0, 1, 12, 13], "R": [[-0.5531747904203004, -0.7175780246916584, 0.4231777755542871], [-0.18315226228731046, 0.6003057176263955, 0.778516726990563], [-0.8126825333809612, 0.35314986034922347, -0.46350002812602603]], "T": [-0.06370666814027684, 0.11197143852045946, 0.0670060846420963], "aligned_model": [[-0.27878547673906445, -0.5021301397493823, 0.19921665158041932, -0.8202734808763993, 0.4092809895490326, -0.07123240902106645, -0.26295988297152134, 0.5690206727424824, 0.5543281684790379, -0.6041447346537784, -0.048409262852094626, 0.11869506485798961, -0.024145312640053672], [-0.04280782893676474, -0.6296591753647077, -0.4789119529925755, 0.004139616568705179, 0.44282304848959775, -0.6416272197519296, -0.3335722848503827, -0.1736713962393204, -0.41493575999967636, 0.3321071437374012, 0.6532124665570449, 0.20487067373688211, -0.0443943987720867], [-0.650162492921634, -0.3467246474791839, -0.37152245171990844, -0.018065658319792746, -0.42209630575893975, 0.12554588264071764, 0.6133870128492283, -0.004590869853961274, 0.6635215241021528, 0.5718619077563936, 0.2666764439454265, 0.6085032202476679, 0.08990775126671482]], "inverted": true, "swapped": false, "error_lsq": 0.05238677625782842, "error_max": 0.29525747204153985, "target": "1172.xyz", "model": "0.xyz", "model_rescale": 3.8414455957264533, "target_rescale": 3.902039495995923},
{"mapping": [13, 7, 0, 9, 12, 4, 2, 1, 3, 6, 10, 5, 14], "R": [[-0.5317509218151366, 0.15549641423514654, -0.8325033467252636], [0.7843387202417568, 0.4612168231608543, -0.4148395038601469], [0.3194584935140652, -0.8735558981504397, -0.3672143294158101]], "T": [-0.10180684777851612, -0.05303239473547318, 0.01980365839496663], "aligned_model": [[-0.26881612069427097, -0.4520669388019495, 0.10861004072893232, -0.7475294131291018, 0.19764376942277073, 0.04466668390692691, -0.4406951636734466, 0.750510174943287, 0.5070214057144566, -0.5620495301714221, 0.11120496860439055, 0.004992753697367569, -0.015031782842339803], [0.02142068063360629, -0.5750066748245475, -0.6187757668492385, -0.09662998443434952, 0.5616717705477162, -0.5221807589863009, -0.3576629642196316, -0.19538073959705016, -0.22092981188618438, 0.29153586167673806, 0.5308785388253111, 0.0912325598921309, -0.03259977859601151], [-0.7160031389150113, -0.11367188879203903, -0.3816643222054253, -0.19618545883770422, -0.318955342826165, 0.2527468954390092, 0.6002859174727836, -0.022511027738252323, 0.48296183559026634, 0.5484590884819696, 0.30625660070804256, 0.6539205663649257, 0.03060159201248147]], "inverted": false, "swapped": false, "error_lsq": 0.04872900979287791, "error_max": 0.3241686989585759, "target": "1172.xyz", "model": "1.xyz", "model_rescale": 4.316132596720782, "target_rescale": 3.902039495995923},
{"mapping": [8, 5, 2, 10, 7, 11, 4, 9, 0, 6, 3, 12], "R": [[0.6764062985280479, 0.5909129509354528, 0.439654868878238], [0.6054913633273044, -0.7859957330234402, 0.12486359199137095], [0.41935036454929653, 0.18174870587077194, -0.8894451527028926]], "T": [-0.03469507284493691, 0.03912834562216998, -0.15416298809669152], "aligned_model": [[-0.31120395567986975, 0.31202462124581737, 0.3146502280088198, -0.669005195271209, -0.46509141009847343, -0.465517542047047, -0.25700364484535926, -0.11971069093786985, 0.5536438073152197, 0.29718141169929807, 0.4204965802080573, -0.012655654965602916], [-0.6397624858025596, -0.48951678300338647, -0.5659249223832787, 0.41553960053693645, -0.3261072652463369, 0.02249101594637118, 0.42262202399275145, 0.6124770751982808, 0.20923625713920535, -0.09687197627634948, 0.4328190912997702, 0.015774796339576055], [0.35609121270078536, 0.07221981777017247, -0.6046051971361631, -0.10386853637705032, -0.4514472305394126, 0.3737625538871271, -0.6514724107513005, 0.46461139886198055, -0.5826830244673189, 0.6148970999944947, 0.0620409715459693, -0.10028819427986316]], "inverted": true, "swapped": true, "error_lsq": 0.04804266323291947, "error_max": 0.24985826318089677, "target": "1172.xyz", "model": "2.xyz", "model_rescale": 3.795458400668931, "target_rescale": 3.902039495995923},
{"mapping": [2, 7, 4, 9, 5, 3, 10, 8, 11, 6, 0, 12], "R": [[0.14665748640988877, 0.583281234050366, -0.798920886999843], [0.8417962071629377, 0.3505627258940017, 0.41046914722042116], [0.5194908346506473, -0.7327269458798753, -0.4395912823243028]], "T": [-0.06360563789224202, 0.011292721208095938, 0.03802722750631843], "aligned_model": [[-0.14276664975433614, -0.19306984664787658, -0.7009037802850159, 0.20273364600735574, 0.4154485247039843, -0.016399345087525892, -0.25488315355919133, 0.6775226486422504, 0.367877312491689, 0.7062903918679598, -0.4652518864414552, -0.0032940361942733892], [0.14967390308934395, -0.5201942926713845, -0.11768283899240697, 0.125520978878163, 0.20391485639865375, 0.5704442751877298, -0.48572119355304644, -0.42074812191868655, -0.378500618350562, 0.3297948745476364, 0.600766210482576, 0.028501012191692928], [-0.7778244518687703, -0.29026616581929265, 0.18301532001674756, 0.8348041435774698, -0.39131321481880244, 0.3447145308109445, 0.5508180002848515, -0.21052627876426583, 0.3936587707512056, 0.1989868166034526, -0.18537836219275733, 0.03808232205831727]], "inverted": true, "swapped": true, "error_lsq": 0.059902283370080606, "error_max": 0.375229704203619, "target": "1172.xyz", "model": "3.xyz", "model_rescale": 3.7530521520055578, "target_rescale": 3.902039495995923},
{"mapping": [6, 9, 11, 10, 8, 4, 5, 1, 2, 7, 12], "R": [[-0.8013198942936455, -0.40087393173668684, -0.4440568858414327], [-0.10955378316980113, -0.6313921651195991, 0.7676860702258245], [-0.5881193718986012, 0.6638102324305911, 0.46202984721556634]], "T": [-0.11295206757519596, 0.13499987477027375, 0.01579625353804283], "aligned_model": [[-0.4162793034604766, -0.16807478483992988, 0.30312527349350926, 0.4193477961705099, 0.3024233896626326, 0.024033719921235014, -0.33461774691829804, -0.7441711083387892, -0.3105145740507179, 0.39283117617358587, -0.12990423536805562], [-0.6216201763055696, -0.0761549991975814, -0.2718045878897534, 0.360064153745198, -0.6220330463072395, 0.7805079413725221, -0.3719442696536517, -0.18410430500466163, 0.158502021661652, 0.24093123626319415, 0.07485938963023717], [-0.2200218838580184, -0.8034798099615053, -0.3391402957156736, -0.4452538755135837, 0.2439927886562771, -0.07563347013832157, 0.3963239846138829, 0.11281493541615485, 0.8229186018617894, 0.3899323736436943, 0.01037742824062009]], "inverted": true, "swapped": true, "error_lsq": 0.059219051752958836, "error_max": 0.3336335024851958, "target": "1172.xyz", "model": "4.xyz", "model_rescale": 3.7855080009869324, "target_rescale": 3.902039495995923},
{"mapping": [10, 7, 8, 5, 9, 6, 4, 14, 11, 0, 2, 1, 16], "R": [[-0.6071739176668395, 0.36411153235249644, -0.7062312834426263], [-0.4073786014969563, 0.6204593442321206, 0.6701290004151672], [0.682189496216034, 0.6945883631064977, -0.22839548395174097]], "T": [0.06905394758966024, -0.1037866686472714, 0.039440736475445666], "aligned_model": [[-0.24201964421072644, -0.5217425619816219, 0.20342180958759862, -0.7102388451415521, 0.15010571330041747, -0.019240566985704616, -0.4590060650237645, 0.6139682896306111, 0.41457404457063207, -0.45281089267465746, 0.16071361354530775, -0.0007017475725792366, 0.10143770066163982], [-0.10388458949291807, -0.536663728070492, -0.5963456967933094, 0.08919649871121907, 0.43398360289595495, -0.7144046695016122, -0.3490366172652321, 0.28365469989001235, -0.5174560226520188, 0.2669013166791364, 0.6113622657384254, 0.07327748660469846, -0.0630116145616758], [-0.6194958955083886, -0.11850358149580642, -0.4449565750546182, -0.0633380791081948, -0.4200674414371304, 0.25257638294386586, 0.495517341495858, -0.06378205324128072, 0.6241883371031821, 0.4852225097132717, 0.2005189623863148, 0.7721660375990719, 0.02619537135873544]], "inverted": true, "swapped": false, "error_lsq": 0.03714644695371864, "error_max": 0.2655844123669494, "target": "1172.xyz", "model": "5.xyz", "model_rescale": 4.2253639853439635, "target_rescale": 3.902039495995923},
{"mapping": [4, 3, 0, 2, 1, 7, 6, 9, 12, 5, 8, 11, 13], "R": [[0.6324992189974996, 0.7063898367375409, -0.317739101341751], [-0.7717016035607515, 0.6099176782562694, -0.18021393068308222], [0.06649340590854129, 0.35918494442890037, 0.9308946248992362]], "T": [-0.06330279288410795, 0.01957212357185703, 0.05248582115718177], "aligned_model": [[-0.3896583795369188, -0.43655239816315594, 0.3906794022725883, -0.7290765258850285, 0.14046629976995853, 0.020351333871066635, -0.42123513531233964, 0.5366680059271962, 0.4232339964999093, -0.44068059585029973, 0.2443401954674816, -5.169492663067987e-05, -0.10002365642822614], [-0.048728197949821556, -0.5585111761324933, -0.46934901454767786, 0.08183584207280108, 0.35950667165929817, -0.7601015502522103, -0.3547843301813136, 0.11408694804744066, -0.5111795425725348, 0.3627972137850527, 0.6648081123546847, 0.024090765810310194, -0.026898809911347688], [-0.5718045034090898, -0.11931028898593808, -0.39239499041734044, -0.0026519865765928102, -0.5652750078485039, 0.1729107581487485, 0.43387755140352363, -0.008328782462822718, 0.6465635820015648, 0.42735086050766413, 0.2392776467177276, 0.8280711931780077, 0.037955284497932534]], "inverted": false, "swapped": false, "error_lsq": 0.04015722845866786, "error_max": 0.23840350090391035, "target": "1172.xyz", "model": "6.xyz", "model_rescale": 3.89814844738969, "target_rescale": 3.902039495995923},
{"mapping": [7, 3, 11, 0, 4, 8, 6, 10, 9, 1, 2, 5, 12], "R": [[0.14772554631941548, 0.7513134520095701, 0.6431992380235646], [0.7235375193390825, 0.36128467613257065, -0.5881894600385416], [-0.6742926820552614, 0.5522693904438734, -0.4902324951545699]], "T": [-0.08492736556905695, -0.08373594386263535, -0.01346727889622891], "aligned_model": [[-0.35952653688996744, -0.7648608402792318, 0.5031419757524755, -0.6225004259533651, 0.16449359238132524, -0.034448540385403126, -0.40452122771633847, 0.5564392419132811, 0.46126268889835426, -0.425048403184909, 0.07790537370381959, 0.03723807779259228, 0.048885871672968095], [-0.2057103732493449, -0.5147575370523758, -0.4898244159151674, 0.16245090544979351, 0.3027048048533331, -0.7582883478372539, -0.41490116154641704, 0.20378112812578292, -0.47242022178635995, 0.4222139130020471, 0.596707119915265, 0.02694676396849731, 0.01867035425438808], [-0.5974126643832726, -0.07898668703334019, -0.393739512811235, 0.02418411474301739, -0.4650738796575879, -0.024316924737237663, 0.48207809026992166, 0.1983969964640353, 0.5769112738395675, 0.5723048902476835, 0.09621672403219324, 0.7450849913266266, -0.009406095545490961]], "inverted": false, "swapped": false, "error_lsq": 0.053065067953851575, "error_max": 0.3029221578783954, "target": "1172.xyz", "model": "7.xyz", "model_rescale": 3.7474275329858107, "target_rescale": 3.902039495995923},
{"mapping": [9, 8, 4, 5, 11, 2, 3, 12, 1, 6, 10, 0, 14], "R": [[-0.41545330761584587, -0.8859839414573025, 0.20598787505782146], [0.761588758584075, -0.46263366723656063, -0.45382006647747386], [0.4973742172543937, -0.031662997631851764, 0.8669580973677705]], "T": [0.041122365828066935, -0.04949777878516616, 0.042270027526676315], "aligned_model": [[-0.35582639166384056, -0.3627940493775281, 0.14403042653819975, -0.6693808672046587, 0.1497781401929752, 0.07339863782842868, -0.49035239737116476, 0.6126550913623716, 0.4419293992887149, -0.5094809341308038, 0.12245910340259442, 0.007616915952365168, 0.07442777288794736], [0.12151578212577384, -0.5243384583596209, -0.706272076809364, 0.008150469056675935, 0.3740669191373335, -0.8603687001778809, -0.30641525943443004, 0.16915867371799587, -0.3817748246488096, 0.3393522895608712, 0.6748779305167198, 0.06825428140706365, -0.09863409391014015], [-0.58504686687247, -0.23447565790537495, -0.3703839417275009, -0.02761058060388831, -0.39962003228554754, 0.26595750360733383, 0.4492866380031627, -0.036357691640403686, 0.5842548121567044, 0.503322875711598, 0.2518589742351898, 0.6897459535471531, 0.03530933052892431]], "inverted": true, "swapped": false, "error_lsq": 0.04623127171049586, "error_max": 0.2707809332014039, "target": "1172.xyz", "model": "8.xyz", "model_rescale": 4.019505241142653, "target_rescale": 3.902039495995923},
{"mapping": [1, 9, 10, 0, 2, 9, 8, 6, 11, 4, 3, 5, 12], "R": [[-0.46473917992329483, -0.8568217259485811, 0.22332493050870528], [-0.2845862389724698, 0.38337486521942143, 0.8786548726920569], [-0.8384677496670505, 0.34479014292825294, -0.4220089929228846]], "T": [-0.057736559192174464, -0.06285021284463257, 0.048302626960860705], "aligned_model": [[-0.2517861940599064, -0.26011344676229, 0.40629393457122104, -0.5797661146316946, 0.11112200216725432, -0.26011344676229, -0.39340903019414847, 0.663256165171178, 0.19655223244350267, -0.5557810898169836, -0.04990774763271094, 0.25443332286394654, -0.042319739651477326], [-0.23155424312061182, -0.7156117476178456, -0.580760832484217, 0.300362607650708, 0.43433085706904095, -0.7156117476178456, -0.4122779492689592, -0.05764448534539557, -0.4470234152399182, 0.37116803164681755, 0.7624424419287751, 0.2299119279282613, -0.06015851334662167], [-0.576348468889373, 0.06521521187254087, -0.5472005629046759, -0.08663316646151573, -0.2242224768218495, 0.06521521187254087, 0.5187929888333459, -0.0422745764802463, 0.4666298732678727, 0.5494757309941818, 0.2876591631749241, 0.5653761350901181, 0.08455625320701778]], "inverted": true, "swapped": false, "error_lsq": 0.05669478426165538, "error_max": 0.33138106318961263, "target": "1172.xyz", "model": "9.xyz", "model_rescale": 3.877068213659057, "target_rescale": 3.902039495995923},
{"mapping": [4, 3, 13, 5, 7, 6, 12, 9, 10, 0, 8, 11, 15], "R": [[0.5553353465024599, -0.6035589832346127, -0.5721181754513601], [0.6639758884175941, -0.0924396607791512, 0.7420181458125549], [-0.5007381276925688, -0.7919415779410978, 0.34941360105626196]], "T": [0.009520662188351493, -0.12479449611169854, 0.011535443682384738], "aligned_model": [[-0.22154485525579926, -0.4475487322452853, 0.32928360383111105, -0.7650870594543837, -0.0020408541080924533, -0.06128496475764938, -0.46472185250087955, 0.6202234563248119, 0.412386555508376, -0.4319182842846452, 0.23461760996028483, 0.07749252475075608, -0.0413963000630038], [-0.03202037498326703, -0.48304934665146715, -0.6808177142913192, -0.020366217787582713, 0.5288557077314046, -0.7102934941261777, -0.3353396417239369, 0.09969538873346881, -0.3925675601441775, 0.30203566300807505, 0.5924917995041309, 0.08963095670536364, -0.08068223379232665], [-0.6178232528032399, -0.24439887106462532, -0.420006371163892, 0.002988251146743476, -0.4772327138049919, 0.19176324853411258, 0.5490854363657496, 0.12240335038119658, 0.5303874819726804, 0.5182046725056768, 0.1851864443520564, 0.7144272044448077, 0.07125643588860653]], "inverted": true, "swapped": false, "error_lsq": 0.03667526628863779, "error_max": 0.17196439190346716, "target": "1172.xyz", "model": "10.xyz", "model_rescale": 4.260839863003843, "target_rescale": 3.902039495995923},
{"mapping": [9, 6, 1, 3, 0, 4, 10, 11, 5, 2, 7, 12], "R": [[-0.40212534809174544, -0.020758712068312257, -0.9153492668349921], [-0.6559407631602191, -0.6909608221593596, 0.3038336016072799], [-0.6387776762277169, 0.7225940894541879, 0.2642363756922791]], "T": [0.0005565325226910092, 0.12682001054960745, -0.008782015223889009], "aligned_model": [[0.2602585790452837, 0.3126375699694018, -0.2780932290564861, -0.3077070251158403, -0.7365457900111663, -0.2968789673952294, 0.3398867788145973, 0.640880771311941, 0.0882551117220668, -0.32180907264296726, 0.23004355305623436, 0.02797036939629487], [-0.12181873844425625, -0.6525624316737977, -0.5246660093981836, -0.27285333895875136, 0.02292637011518986, 0.690678292646049, 0.6179733703570522, 0.0790812706675254, -0.3713401412154508, 0.06680249817236994, 0.5683085501916265, 0.07054881307356092], [-0.7766177935730667, -0.13231315488037065, 0.07838366489257349, -0.4014278978347635, 0.05900469905225686, -0.20217572116064592, -0.44488711404073833, -0.23746533451170132, 0.4328907318206808, 0.7550950003036506, 0.3905168154078676, -0.004825818080238322]], "inverted": true, "swapped": true, "error_lsq": 0.05544237321723174, "error_max": 0.3109224494939434, "target": "1172.xyz", "model": "11.xyz", "model_rescale": 3.890672605050136, "target_rescale": 3.902039495995923},
{"mapping": [3, 8, 7, 0, 4, 5, 6, 12, 9, 1, 2, 11, 13], "R": [[-0.15168820772783873, 0.48486090763339224, 0.8613365125694135], [0.6434106035366369, 0.7099540853714084, -0.2863354534825678], [-0.7503422438413931, 0.5107593336527197, -0.41965631199076836]], "T": [-0.07312101137657363, -0.07666094880818272, 0.20457657983080327], "aligned_model": [[-0.40328357729800357, -0.501489156163144, 0.256203015664672, -0.5496895639629036, 0.054845168653671325, 0.28676415286929907, -0.427803811625187, 0.6184725712998168, 0.3426482666275256, -0.6863331152915365, 0.12061114269318925, 0.10971291145407193, 0.01780284278412976], [-0.05118248557929052, -0.571369643803835, -0.4478347542193378, 0.13269647040437707, 0.4267479967680917, -0.7566566240632631, -0.2776042031972754, -0.18924291801366694, -0.501078466511342, 0.36216998165751757, 0.6052398752332457, 0.22038985886555154, -0.07470215535858472], [-0.6576337680412845, -0.09701102844570311, -0.4887774867660115, -0.07425388022269017, -0.2658074484985947, 0.0902930200981446, 0.6118605884352167, -0.048713300258636655, 0.7073947320051652, 0.3961401997303838, 0.259742260446549, 0.6301288541967051, 0.06287857407563746]], "inverted": false, "swapped": false, "error_lsq": 0.044290459496964765, "error_max": 0.3120062579521693, "target": "1172.xyz", "model": "12.xyz", "model_rescale": 4.124412569039231, "target_rescale": 3.902039495995923},
{"mapping": [11, 8, 9, 2, 10, 6, 1, 7, 3, 4, 5, 0, 12], "R": [[-0.43818314129995006, -0.7046296658003701, -0.558115193087025], [0.7500999782354154, -0.628773494464744, 0.20492416965751975], [-0.4953236894513904, -0.3288478777986162, 0.8040606419515938]], "T": [0.05846985006440598, -0.09929816761109958, 0.17580399518963316], "aligned_model": [[-0.3809419850675439, -0.3531979374867214, 0.38173780997390805, -0.7349273802067186, -0.09004001956917654, -0.03911948983134924, -0.6063921904991666, 0.533975875442859, 0.5066668565857035, -0.4219883320657115, 0.3497642152747152, 0.09962841497863606, -0.006704989823833142], [-0.11574815781201893, -0.5229741682211569, -0.47891905520389555, 0.05952257771019387, 0.35952170996872257, -0.7567034663263994, -0.4217267030382934, 0.17450885069897512, -0.4952193722117638, 0.4832417428672524, 0.574362931060997, 0.04680781595926892, -0.02910177326969382], [-0.7170562952841096, -0.23153419366364517, -0.22422985312772917, -0.12032489482722766, -0.38280034677036656, 0.25266366435257914, 0.5176557254304643, -0.12751334864183414, 0.5645445498772471, 0.39508336876048067, 0.36308505671171853, 0.7359168476516721, 0.10075103628563178]], "inverted": false, "swapped": false, "error_lsq": 0.05128381175499478, "error_max": 0.2887622164001043, "target": "1172.xyz", "model": "13.xyz", "model_rescale": 3.9028299243045295, "target_rescale": 3.902039495995923},
{"mapping": [2, 1, 12, 6, 0, 11, 9, 5, 14, 7, 4, 10, 15], "R": [[-0.945923052303252, 0.14903156605774553, -0.28813047641593775], [0.1855293340297942, 0.9771551021565681, -0.10366664142263116], [0.26609856319747477, -0.15151732127965822, -0.9519632640057476]], "T": [-0.006307407814093634, -0.040562685896510214, -0.03282194492157202], "aligned_model": [[-0.22336215232594708, -0.3843498875002185, 0.4093108780184637, -0.6675811065071315, 0.042238810070776615, -0.12170140111872088, -0.4490020722650511, 0.48696960104365594, 0.2092115508317285, -0.3985144760239208, 0.1582690132354659, 0.24891058501761956, -0.07193849477111927], [-0.05257445777494835, -0.5210861035108935, -0.5636868874007329, -0.11454765358885989, 0.628662199401526, -0.7462709748475004, -0.2979247084503611, 0.09496183652867682, -0.5547211661379743, 0.3050479346743542, 0.5922896485870652, 0.15686030912766302, -0.04943704442582691], [-0.7363080675828644, -0.2527762229426304, -0.22735420251157246, 0.007817718236830015, -0.5196460680621923, 0.15296482950815882, 0.5490987368532793, -0.05313770257245247, 0.6543776537708029, 0.7070124084522387, 0.14543572884288503, 0.6389224552929823, 0.0598340494694163]], "inverted": true, "swapped": false, "error_lsq": 0.04973220188139936, "error_max": 0.2695578821013533, "target": "1172.xyz", "model": "14.xyz", "model_rescale": 3.942246331269136, "target_rescale": 3.902039495995923},
{"mapping": [8, 11, 13, 6, 0, 4, 10, 1, 3, 9, 2, 5, 14], "R": [[-0.2888421380317665, -0.8951932430182409, -0.33941018981716264], [-0.4707325111164625, 0.44150264961131724, -0.7638627581995183], [0.8336552778428427, -0.060864341290043034, -0.5489211324808889]], "T": [-0.06815646171720523, -0.12310689009256864, 0.08482655691475556], "aligned_model": [[-0.3013644161498075, -0.5178905951888383, 0.15646157237609337, -0.5911725077052911, 0.15420540157749296, -0.04909483919689456, -0.5218537122960664, 0.7085651552725887, 0.5058048193221577, -0.5947809226873086, 0.060258584328773915, 0.23625745314691482, -0.006935145094213772], [0.06680777953450073, -0.5633688555297338, -0.765381380935817, -0.010656676547314725, 0.4693481023656015, -0.6718532761401284, -0.44204649034969395, 0.09822597905721103, -0.364273679103881, 0.28025760565992436, 0.6194425386457634, 0.2168235330624601, -0.05575224753670438], [-0.6281863423637872, -0.25871330341658016, -0.3601004749426309, -0.07826407571335113, -0.28969949896354635, 0.2901994744799509, 0.5336437270945169, 0.15083206058910675, 0.4439295480555606, 0.5410349158985058, 0.20639069829235163, 0.5259150220097492, 0.04925956573503529]], "inverted": false, "swapped": false, "error_lsq": 0.048474844907293806, "error_max": 0.26703716595130583, "target": "1172.xyz", "model": "15.xyz", "model_rescale": 4.355366556412066, "target_rescale": 3.902039495995923},
{"mapping": [8, 5, 2, 10, 7, 11, 4, 9, 0, 6, 3, 12], "R": [[0.6764062985280479, 0.5909129509354528, 0.439654868878238], [0.6054913633273044, -0.7859957330234402, 0.12486359199137095], [0.41935036454929653, 0.18174870587077194, -0.8894451527028926]], "T": [-0.03469507284493691, 0.03912834562216998, -0.15416298809669152], "aligned_model": [[-0.31120395567986975, 0.31202462124581737, 0.3146502280088198, -0.669005195271209, -0.46509141009847343, -0.465517542047047, -0.25700364484535926, -0.11971069093786985, 0.5536438073152197, 0.29718141169929807, 0.4204965802080573, -0.012655654965602916], [-0.6397624858025596, -0.48951678300338647, -0.5659249223832787, 0.41553960053693645, -0.3261072652463369, 0.02249101594637118, 0.42262202399275145, 0.6124770751982808, 0.20923625713920535, -0.09687197627634948, 0.4328190912997702, 0.015774796339576055], [0.35609121270078536, 0.07221981777017247, -0.6046051971361631, -0.10386853637705032, -0.4514472305394126, 0.3737625538871271, -0.6514724107513005, 0.46461139886198055, -0.5826830244673189, 0.6148970999944947, 0.0620409715459693, -0.10028819427986316]], "inverted": true, "swapped": true, "error_lsq": 0.04804266323291947, "error_max": 0.24985826318089677, "target": "1172.xyz", "model": "16.xyz", "model_rescale": 3.795458400668931, "target_rescale": 3.902039495995923},
{"mapping": [7, 3, 11, 0, 4, 8, 6, 10, 9, 1, 2, 5, 12], "R": [[0.14772554631941548, 0.7513134520095701, 0.6431992380235646], [0.7235375193390825, 0.36128467613257065, -0.5881894600385416], [-0.6742926820552614, 0.5522693904438734, -0.4902324951545699]], "T": [-0.08492736556905695, -0.08373594386263535, -0.01346727889622891], "aligned_model": [[-0.35952653688996744, -0.7648608402792318, 0.5031419757524755, -0.6225004259533651, 0.16449359238132524, -0.034448540385403126, -0.40452122771633847, 0.5564392419132811, 0.46126268889835426, -0.425048403184909, 0.07790537370381959, 0.03723807779259228, 0.048885871672968095], [-0.2057103732493449, -0.5147575370523758, -0.4898244159151674, 0.16245090544979351, 0.3027048048533331, -0.7582883478372539, -0.41490116154641704, 0.20378112812578292, -0.47242022178635995, 0.4222139130020471, 0.596707119915265, 0.02694676396849731, 0.01867035425438808], [-0.5974126643832726, -0.07898668703334019, -0.393739512811235, 0.02418411474301739, -0.4650738796575879, -0.024316924737237663, 0.48207809026992166, 0.1983969964640353, 0.5769112738395675, 0.5723048902476835, 0.09621672403219324, 0.7450849913266266, -0.009406095545490961]], "inverted": false, "swapped": false, "error_lsq": 0.053065067953851575, "error_max": 0.3029221578783954, "target": "1172.xyz", "model": "17.xyz", "model_rescale": 3.7474275329858107, "target_rescale": 3.902039495995923},
{"mapping": [11, 1, 7, 3, 10, 2, 0, 9, 6, 8, 5, 4, 13], "R": [[0.29346606234394146, 0.23972995345044423, 0.9254227248511839], [-0.783780422051209, -0.49390315782625316, 0.3764942505516973], [0.5473261552872937, -0.8358164990641805, 0.04295182918719709]], "T": [-0.03532350984822523, -0.07370184798918242, -0.00340075453650443], "aligned_model": [[-0.257730586673783, -0.49632360150843263, 0.30211887987669156, -0.6773465919074343, -0.18165847581081718, 0.05593896483247239, -0.434677522259264, 0.6065355403284395, 0.3730513603420658, -0.44829631706202505, 0.2923439652484558, 0.14490708563550625, -0.04040185333627405], [-0.04931815855342586, -0.5564440695043267, -0.4795080098034379, 0.074448554769522, 0.5465256589312116, -0.7388294599432323, -0.40994203443710164, -0.12178501107147419, -0.3655200869895249, 0.36545065623360373, 0.558425358732316, 0.2054127498242568, -0.15134321600619863], [-0.690188341548286, -0.18494215440325856, -0.5408700789510396, -0.16602609565793638, -0.2686238452723908, 0.227053458575646, 0.6497464727940123, 0.17943560670049566, 0.5823217840806584, 0.38833000728277045, 0.12414985093652262, 0.7574131489639687, 0.06844150325371803]], "inverted": false, "swapped": false, "error_lsq": 0.0481493152504207, "error_max": 0.3331350407807159, "target": "1172.xyz", "model": "18.xyz", "model_rescale": 3.922800546911778, "target_rescale": 3.902039495995923},
{"mapping": [13, 4, 8, 11, 12, 6, 10, 5, 1, 9, 3, 2, 14], "R": [[-0.8924513761923929, 0.20830104757808451, -0.4001764794564726], [0.1345314229927215, 0.9695467818591523, 0.2046468519526134], [0.4306179714780347, 0.1288010534290539, -0.8932963960946606]], "T": [0.015535013827639436, -0.06631126546942864, 0.056467596657028364], "aligned_model": [[-0.31882735445583416, -0.4736602811053133, 0.2826135170528966, -0.6851215316695686, 0.24769322608309202, -0.0027316219612719198, -0.5728897583731204, 0.7422267879345052, 0.47061851549074124, -0.4637517284286701, 0.14230667117782836, -0.0955024918040474, -0.03451310223563673], [-0.07282034967426121, -0.5727762570900375, -0.4495569516645619, -0.002344449422315306, 0.4565740146881422, -0.7402457992225716, -0.37989605152322536, 0.08938241488524015, -0.4221439563298459, 0.3534526280661183, 0.5488984960768549, 0.0533675845276021, 0.01568160886504899], [-0.5435100573592412, -0.1110087144152038, -0.33873168364266615, -0.05413197145025852, -0.4832615880675001, 0.20222886087012734, 0.5103635282089476, -0.11734915607051821, 0.5193554087291655, 0.5632473104343219, 0.1772779429687437, 0.7539463475837269, 0.04781508896523606]], "inverted": false, "swapped": false, "error_lsq": 0.03960059636729754, "error_max": 0.21900528297762892, "target": "1172.xyz", "model": "19.xyz", "model_rescale": 3.9282355846067225, "target_rescale": 3.902039495995923},
{"mapping": [7, 5, 2, 6, 12, 1, 3, 10, 0, 8, 9, 4, 13], "R": [[-0.050425861910050315, -0.675509941030224, 0.7356245999285045], [0.08851415393589929, 0.7306404409494311, 0.6770005839009545], [-0.9947977065733722, 0.09925152703391887, 0.022949016924365198]], "T": [-0.12176420996167311, -0.0045979482427367935, 0.09676874250342828], "aligned_model": [[-0.2566198974877767, -0.4580718932964456, 0.18597103119054212, -0.7673379881951945, 0.2619942930986072, 0.1486438155333735, -0.34781631466068685, 0.7062591021539123, 0.31597726639899226, -0.446719439695221, 0.11554579164393802, -0.20835294955518854, -0.011011969423250875], [0.09664845216399964, -0.5732530485560317, -0.5244678473706332, -0.09569415320436941, 0.5381370243213341, -0.7011775251505394, -0.5747294941093517, -0.06966353088339206, -0.37287873027733154, 0.5860521550681723, 0.6450378214882135, 0.04298313241812173, -0.11942132372600382], [-0.5029485961871949, -0.1295466817748721, -0.46336563395780683, 0.054578312830946975, -0.43329022228480707, 0.15295761230368157, 0.532894338531049, -0.13209412809867138, 0.6561868809780502, 0.4491295423319784, 0.10583268545368928, 0.7209532311592772, 0.11495397546956088]], "inverted": false, "swapped": false, "error_lsq": 0.05243272666647352, "error_max": 0.3119505176507766, "target": "1172.xyz", "model": "20.xyz", "model_rescale": 4.067790424073018, "target_rescale": 3.902039495995923},
{"mapping": [0, 7, 12, 8, 2, 9, 1, 11, 10, 5, 6, 13, 14], "R": [[-0.3581645639435572, 0.6810419875791642, -0.6386704598533919], [0.8671595407189956, 0.4961874744788647, 0.042805620078519235], [0.34605270707674296, -0.5384977263875006, -0.7682888275904775]], "T": [-0.05197431005518006, 0.04542918633817761, 0.032966135684432046], "aligned_model": [[-0.2891947439108574, -0.5596148362100336, 0.44186967717908515, -0.6221901095299466, -0.10286867699641489, -0.03192497025354853, -0.4739461380900702, 0.583047640497562, 0.2788958230903899, -0.3846935310023494, 0.24919393946727086, 0.16457113037254964, -0.0146843569080356], [-0.08435584017866865, -0.47309032306536414, -0.4716866245336746, 0.05003928210431208, 0.5248733522894431, -0.7267685262046681, -0.46228884153835903, 0.023585307387672692, -0.5022480124043072, 0.27500362580968474, 0.7203609551518091, 0.0178904255982608, -0.013741848233952775], [-0.6237989228976338, -0.14053479163850666, -0.24221239057915026, 0.032200778621767095, -0.5338362872884045, 0.11874851258088735, 0.5202722835964732, 0.15255803025816353, 0.5446901457948489, 0.46315169751971474, 0.06932126766132152, 0.6981527215113472, 0.0675282716140526]], "inverted": true, "swapped": false, "error_lsq": 0.04717710015414854, "error_max": 0.29585178754538516, "target": "1172.xyz", "model": "21.xyz", "model_rescale": 4.186013935880536, "target_rescale": 3.902039495995923},
{"mapping": [2, 1, 8, 0, 5, 9, 7, 11, 10, 6, 3, 4, 12], "R": [[-0.4023117733720315, -0.4487692549024982, -0.7979670374523674], [-0.6125673036443671, 0.7797106501295811, -0.12966341265127973], [0.680372350637591, 0.43664339904407445, -0.5885881468048063]], "T": [-0.050101631820071484, -0.11897861057701653, 0.06888426010064139], "aligned_model": [[-0.19436731913239524, -0.6527634550070248, 0.39351812666058106, -0.7144086020597368, -0.0775503566025667, 0.13820432727376347, -0.4295476923575509, 0.5679108155339826, 0.19874782266944296, -0.3043220923556902, 0.14036714687600477, 0.2027313909235034, -0.030059264716712317], [-0.13913374654146915, -0.5271977874064611, -0.4138443302814302, 0.09649188242602807, 0.4569534119106975, -0.7097509042654493, -0.35367879776545896, 0.010671948808214426, -0.5914312316334946, 0.27455487951588886, 0.7743365515278816, 0.08157767224655332, -0.08197661635931207], [-0.6580823036583452, -0.0037729244994647304, -0.48240862751208824, -0.11566155248364021, -0.4469525833836935, 0.03758373265794052, 0.6513447730602333, 0.054142276570310316, 0.7101033353744519, 0.369477338260385, 0.20322829693187897, 0.7196290555456799, 0.08761049989123315]], "inverted": true, "swapped": false, "error_lsq": 0.049421724094437874, "error_max": 0.3072685417840829, "target": "1172.xyz", "model": "22.xyz", "model_rescale": 4.166573947596378, "target_rescale": 3.902039495995923},
{"mapping": [5, 7, 13, 0, 6, 10, 8, 12, 9, 4, 2, 3, 15], "R": [[-0.9138224594152655, -0.28511949265862313, -0.28919783466396304], [-0.29918920173431485, -0.008884029480347111, 0.9541524488182044], [-0.27461670421483647, 0.9584508067325531, -0.07718624773817784]], "T": [0.0727501311858347, -0.062274007802848606, 0.16398335531607378], "aligned_model": [[-0.23980176608308287, -0.41700095795491565, 0.1514172096875932, -0.7224972166632679, 0.25663462318252955, 0.022307382813159443, -0.45816183929821563, 0.6940993216729845, 0.3012612652579699, -0.4909939294497391, 0.03512845804289383, 0.06895058850483148, 0.03711770799286068], [-0.14231337940759664, -0.4816398375678056, -0.5737840778956494, 0.010452845598690703, 0.4542804641370645, -0.774956217893374, -0.36801550150082096, 0.057958234649369354, -0.37840398378416823, 0.27086052156708257, 0.60855238157029, 0.2254468123628772, -0.03086532965377154], [-0.6021543553522256, -0.14531556023523168, -0.5060778940107326, -0.006452038224392859, -0.36371504631961327, -0.06069603773360899, 0.6919357763250711, -0.005871719924826102, 0.6203753646383351, 0.4972513147784002, 0.2012097467556908, 0.691836502635138, 0.1139152634228772]], "inverted": true, "swapped": false, "error_lsq": 0.03733409628835864, "error_max": 0.2114476454583895, "target": "1172.xyz", "model": "23.xyz", "model_rescale": 4.274766983524099, "target_rescale": 3.902039495995923},
{"mapping": [7, 11, 8, 5, 6, 1, 0, 3, 4, 9, 12], "R": [[-0.29508771493476926, -0.9269854052167434, 0.2315627323420723], [0.11160487759388338, -0.27413627674196583, -0.9551929925786236], [0.9489297085621413, -0.25602218710338787, 0.18435034016504326]], "T": [0.10516776362663255, -0.015396533404347143, -0.024420843727018936], "aligned_model": [[0.3197012535060709, 0.11065363889249932, -0.36350492982643867, -0.5374458264098603, -0.5709364476764891, -0.500041148524841, 0.03730932847437057, -0.06850834050172744, 0.7184179080853077, 0.18366705315913545, 0.050582214780047347], [-0.108908765680057, 0.6469967590073675, 0.4454219202373569, -0.08592579800167825, 0.4453117676018795, -0.18022690466002966, -0.6482763103301372, 0.0015781770135730455, -0.2610066300986168, 0.6453968576413941, 0.015225458512431247], [-0.6179246967115267, -0.1850297162328329, -0.629153455635263, -0.206087543531472, 0.20079563987687618, 0.3165053960519912, 0.3674556441833003, 0.5907900684547224, 0.061632076731103665, 0.5009629387363401, -0.020379917901662027]], "inverted": true, "swapped": true, "error_lsq": 0.05246279098998597, "error_max": 0.2913874746205284, "target": "1172.xyz", "model": "24.xyz", "model_rescale": 3.7841303162186577, "target_rescale": 3.902039495995923},
{"mapping": [10, 14, 11, 9, 0, 13, 12, 6, 3, 2, 1, 4, 15], "R": [[-0.9211394574418187, 0.3890152421943671, 0.013009276853454821], [0.21058939107049204, 0.46998372006287736, 0.857185750724088], [0.3273441740925769, 0.792327233039681, -0.5148430318760582]], "T": [-0.0695098580727, 0.007453883790729393, 0.01418791397057842], "aligned_model": [[-0.3324259456662763, -0.6359038975484708, 0.3770394622083454, -0.6517929330327533, 0.11297475814845863, -0.060646695858381526, -0.4847447533883376, 0.6363174641121484, 0.3594133619748985, -0.4860516887986104, 0.14915950731192362, 0.2604787261748051, -0.005356517932148586], [-0.13243733493367157, -0.521532039411045, -0.5380166679325162, -0.04513987848639074, 0.5822108908718281, -0.7696716522558832, -0.45212389005275155, -0.03237874053314753, -0.4347070669095531, 0.26621057275353355, 0.7068955198558531, 0.2561100032487288, -0.007846784032796348], [-0.7045336476132434, -0.15513617590220632, -0.28992251156915916, 0.03210509317731833, -0.4073375265491931, 0.1036157779217434, 0.45184092484725147, 0.16334422640779267, 0.5333415064776253, 0.5871895781040567, 0.14068495023638508, 0.6354624196287225, 0.0355867015877874]], "inverted": true, "swapped": false, "error_lsq": 0.03948015613628071, "error_max": 0.21310730387631818, "target": "1172.xyz", "model": "25.xyz", "model_rescale": 4.19342608120988, "target_rescale": 3.902039495995923},
{"mapping": [8, 5, 2, 10, 7, 11, 4, 9, 0, 6, 3, 12], "R": [[0.6764062985280479, 0.5909129509354528, 0.439654868878238], [0.6054913633273044, -0.7859957330234402, 0.12486359199137095], [0.41935036454929653, 0.18174870587077194, -0.8894451527028926]], "T": [-0.03469507284493691, 0.03912834562216998, -0.15416298809669152], "aligned_model": [[-0.31120395567986975, 0.31202462124581737, 0.3146502280088198, -0.669005195271209, -0.46509141009847343, -0.465517542047047, -0.25700364484535926, -0.11971069093786985, 0.5536438073152197, 0.29718141169929807, 0.4204965802080573, -0.012655654965602916], [-0.6397624858025596, -0.48951678300338647, -0.5659249223832787, 0.41553960053693645, -0.3261072652463369, 0.02249101594637118, 0.42262202399275145, 0.6124770751982808, 0.20923625713920535, -0.09687197627634948, 0.4328190912997702, 0.015774796339576055], [0.35609121270078536, 0.07221981777017247, -0.6046051971361631, -0.10386853637705032, -0.4514472305394126, 0.3737625538871271, -0.6514724107513005, 0.46461139886198055, -0.5826830244673189, 0.6148970999944947, 0.0620409715459693, -0.10028819427986316]], "inverted": true, "swapped": true, "error_lsq": 0.04804266323291947, "error_max": 0.24985826318089677, "target": "1172.xyz", "model": "26.xyz", "model_rescale": 3.795458400668931, "target_rescale": 3.902039495995923},
{"mapping": [5, 7, 6, 10, 8, 0, 3, 1, 2, 4, 11, 9, 12], "R": [[-0.7954897557406092, 0.34797800362560327, -0.4960920857103908], [-0.08061318649962612, -0.872172414497801, -0.48251092583635125], [-0.6005810209073565, -0.34384093470937394, 0.7218558366765914]], "T": [0.024496495582500367, 0.006909129730715294, 0.1306268311494513], "aligned_model": [[-0.2561190019892526, -0.5756049859202438, 0.3061335870706305, -0.6523261795431349, 0.32016326170385295, 0.07773345134776405, -0.3896627556648226, 0.5865931831297152, 0.4539562984865895, -0.5819039836977469, -0.13042860397248304, 0.15325169487164977, -0.07332511811691711], [-0.05811139061292435, -0.47642014701770036, -0.31981677221732435, 0.16218477750561344, 0.3535256401740485, -0.8134780017824651, -0.43188693276887385, -0.14080273723903042, -0.45870736828219233, 0.38751264369166627, 0.7051226321229018, 0.06863795645151723, -0.10018736784304859], [-0.5649935698862245, -0.1272086217376198, -0.5730191688890715, -0.02901955356719818, -0.43787107404070913, 0.25473957457790447, 0.5560756400430368, 0.01845870396534452, 0.7418554858826693, 0.5622315189435575, 0.13903577510509485, 0.535578606948858, 0.0503779994092384]], "inverted": true, "swapped": false, "error_lsq": 0.052567254062505404, "error_max": 0.34237628862030456, "target": "1172.xyz", "model": "27.xyz", "model_rescale": 3.6321398670334006, "target_rescale": 3.902039495995923},
{"mapping": [7, 12, 4, 8, 3, 6, 9, 1, 13, 10, 0, 11, 14], "R": [[-0.31569448529024213, -0.9472264069571215, -0.05566979360866556], [-0.9073618902930569, 0.28420614414313716, 0.30971158789283526], [-0.2775452972059519, 0.14828688948923527, -0.949199455543706]], "T": [-0.04679094292283092, -0.002967834852111287, 0.09863667381512028], "aligned_model": [[-0.26904773952850103, -0.6391839605548637, 0.3773349539664769, -0.5036053042826428, 0.09519855638191874, 0.010972632052179236, -0.3430705125176958, 0.5949516256036963, 0.3555639215248265, -0.5396745520821062, -0.017106205930473666, 0.1062659153958298, 0.00986151767695699], [-0.12696945792392184, -0.5109919155088123, -0.4948991264615672, 0.13090716822438186, 0.420805685466509, -0.7776228461898343, -0.33808756208712276, -0.02918793069107732, -0.48138997906173886, 0.3707726286511638, 0.606613171425571, 0.13392940995802155, -0.026306313619384583], [-0.6335606341845741, -0.17429514366623802, -0.41574458583799356, -0.10242982911676884, -0.4227221906210793, 0.1205551581656644, 0.5951095797010733, -0.08776659456147182, 0.6237082374130929, 0.5698642693134002, 0.228796219738688, 0.707207605509799, 0.11751922490128902]], "inverted": false, "swapped": false, "error_lsq": 0.03551639819070433, "error_max": 0.21017222108433592, "target": "1172.xyz", "model": "28.xyz", "model_rescale": 4.156811204709835, "target_rescale": 3.902039495995923},
