[{"mapping": [10, 5, 4, 3, 13, 6, 2, 12, 11, 14, 9, 1, 7, 15], "R": [[-0.9446575329954197, -0.06756109531994053, 0.32102592380394734], [-0.11471338862883856, 0.9848161265722102, -0.13029979014794257], [-0.3073483102675154, -0.1599146498682304, -0.9380641347654353]], "T": [0.01647742168909168, 0.03285853909325986, 0.09953568154257794], "aligned_model": [[0.060182483031963115, 0.35262024271117054, -0.565038212824811, -0.4422789538195668, -0.49873084071058865, 0.09830342964836693, -0.75033449229771, 0.048549318830529806, -0.45169457266217206, 0.11553177523683843, 0.6293376114751169, 0.1095935584521726, 0.6602713040118049, 0.00517945004518891], [-0.6258622857240999, -0.4029261964817725, -0.38729614523401956, -0.1929598742186931, 0.14784061843243032, 0.1672871886370022, 0.13898956614036886, 0.6076402147655066, 0.6986945029303084, 0.029922839487626314, 0.4227522849298704, 0.6624218397900776, -0.11407846545811146, 0.08284724381354064], [0.25696308997546036, -0.385677900143108, 0.3238457154333503, -0.4335437563118153, 0.7535302896062845, -0.7374156113206946, 0.04838723762239669, 0.5504773544294075, 0.16525577460464722, 0.7618114337059394, 0.43873182406731026, -0.05540625939294144, 0.12293187093672933, 0.0876970239668673]], "inverted": true, "swapped": true, "error_lsq": 0.04764843969351843, "error_max": 0.3105938284104784, "target": "1173.xyz", "model": "0.xyz", "model_rescale": 3.8414455957264533, "target_rescale": 4.249707381126067},
{"mapping": [10, 5, 2, 6, 3, 0, 11, 4, 12, 13, 1, 7, 9, 14, 15], "R": [[0.018136914068865462, -0.9022358390442203, 0.43086139661407385], [0.928425207914579, 0.17513264038110005, 0.3276510210298681], [-0.3710763878998896, 0.3940800033207926, 0.8408348621018604]], "T": [-0.09703637391364844, 0.08807218464604548, -0.07787316575330827], "aligned_model": [[-0.6868539794525963, -0.699653622839548, 0.1295332382819481, -0.20685362249367364, -0.3687898446651287, 0.2062619174021723, 0.6360689851531458, -0.3293562338428472, 0.5610123861305558, 0.2792796105310386, 0.44091523679669326, -0.34720017435299394, 0.2505181420250084, 0.057956258359303875, -0.050794143528534084], [0.23537441043000273, 0.060469779053833814, -0.5470908749115204, -0.3704379381162535, -0.5970845546460615, -0.5074732601124787, -0.25353606536281, -0.21864408338004254, 0.3797327624057043, 0.08757481668244525, 0.0502170621643724, 0.6105507162629159, 0.7698334202756968, 0.5768523228882273, 0.07070601440898341], [0.22382849621814105, -0.495513094686878, 0.30568200401062695, -0.7870717721119385, -0.12619861102655155, -0.3777640359545719, 0.03483004493375283, 0.5678496825809971, 0.05118848775386703, 0.6736289380807348, -0.44962930061440864, -0.39574528603136955, -0.31677951647279357, 0.3528248904224046, -0.09594913976247768]], "inverted": false, "swapped": true, "error_lsq": 0.037028397362352514, "error_max": 0.22989140235703426, "target": "1173.xyz", "model": "1.xyz", "model_rescale": 4.316132596720782, "target_rescale": 4.249707381126067},
{"mapping": [1, 0, 6, 14, 7, 12, 10, 13, 3, 11, 4, 15], "R": [[0.9462104345756567, 0.06694852160382987, 0.31654969429018404], [0.276801495316097, -0.6740802821421469, -0.6848333413451311], [0.16753132749107003, 0.7356178822474517, -0.656353247593744]], "T": [-0.1081990484741441, -0.0036157476532281633, -0.17462603980277183], "aligned_model": [[-0.1424550998473703, 0.4379153161557411, 0.3162204803643115, -0.5832237691887853, -0.6228201430409388, -0.4518252541689164, -0.1819973080318621, -0.09874399716794416, 0.595280377824457, 0.1696492007185724, 0.25611305748888014, -0.09630430647436429], [-0.5289974230606994, -0.43414732740480594, -0.6774759379492133, 0.3955024903942135, -0.17951579541540938, -0.06618083453916793, 0.48147384319885644, 0.5861829204259588, -0.021337575149029363, -0.15961716480609936, 0.6537671471662774, -0.0368779151199004], [0.21502532701270835, 0.05559216951027082, -0.4763453323530017, 0.07733765194738015, -0.54990291109247, 0.4678361102758052, -0.6435061439809608, 0.42405376838126296, -0.3991871417962502, 0.5772420243764275, -0.16323295866309032, -0.1356541024086608]], "inverted": true, "swapped": true, "error_lsq": 0.04355348257102606, "error_max": 0.2242862092558469, "target": "1173.xyz", "model": "2.xyz", "model_rescale": 3.795458400668931, "target_rescale": 4.249707381126067},
{"mapping": [3, 10, 5, 9, 0, 1, 7, 13, 14, 12, 6, 15], "R": [[-0.1776968083604542, -0.44033625084830974, 0.8800726279616716], [-0.10304276004587329, -0.8810635337441062, -0.46163756249733134], [0.9786756530641992, -0.17271663410107113, 0.11118871527344915]], "T": [0.052190299100816684, -0.05920653073265677, -3.239680539814105e-05], "aligned_model": [[-0.2202016117339642, -0.2062756200711104, -0.6791810446500928, 0.2013911260974853, 0.0695129946760199, 0.23131086306728818, -0.3181038438994593, 0.8184102638604542, 0.46702700855364904, 0.6561409613369158, -0.5024397860747343, 0.07571251458111333], [0.08792173888083174, -0.6790784086833207, -0.11502973168575506, 0.04030421944759772, 0.5690127517217944, 0.5347730925684886, -0.19587580817883057, -0.3593138909160086, -0.4634823543934243, 0.12478217531123081, 0.5539175351172876, -0.012162273900182284], [-0.6706895179306738, -0.09781209773288445, -0.01770382890563299, 0.781316111987444, -0.3763822628718278, 0.21004282838353533, 0.5298847515894052, -0.17094733927087702, 0.3359752193080423, 0.3689428425450117, -0.2042831557170935, 0.0004278792546513255]], "inverted": false, "swapped": true, "error_lsq": 0.04703025809574086, "error_max": 0.25882495512869935, "target": "1173.xyz", "model": "3.xyz", "model_rescale": 3.7530521520055578, "target_rescale": 4.249707381126067},
{"mapping": [0, 5, 8, 7, 1, 10, 11, 4, 13, 14, 15], "R": [[0.9594647079803054, -0.28133396165882724, 0.01669359630568121], [0.25546001497892806, 0.8931837400148686, 0.37008510821163515], [-0.11902795842672184, -0.35081905391583473, 0.9288478543455679]], "T": [-0.06303801835165795, -0.025563688367897616, -0.03290181159637058], "aligned_model": [[-0.34720318302393627, -0.06506503155392736, 0.3486368402249231, 0.4537981017550438, 0.22303347119528505, -0.23912432063713923, -0.19930223313784073, -0.679933153296143, -0.29901382955339917, 0.19905899162747892, -0.056686051155140145], [-0.6972843528975531, 0.10959438475215764, -0.3486327423026251, 0.22331878061556432, -0.6015924447991366, 0.6002842868699352, -0.6078745957364977, 0.33262741372353327, 0.15980262260970307, 0.3714157495295228, -0.07445574405025748], [-0.10102135613691453, -0.7540541798411721, -0.45794782428105135, -0.3608444429918559, 0.09112054204801061, -0.22761845803182956, 0.523144722961665, 0.20404736041039945, 0.7521613240001837, 0.43841765377624375, -0.014574564668362922]], "inverted": false, "swapped": true, "error_lsq": 0.04692338871616166, "error_max": 0.27359312619103754, "target": "1173.xyz", "model": "4.xyz", "model_rescale": 3.7855080009869324, "target_rescale": 4.249707381126067},
{"mapping": [9, 10, 2, 14, 1, 13, 15, 6, 8, 7, 11, 3, 5, 0, 4, 16], "R": [[0.5207505261207279, -0.8202256271302166, -0.2367462991132667], [0.4048706682094421, 0.4814248069751479, -0.7773737178812914], [0.7515973866164152, 0.3089661402610081, 0.5827875192585976]], "T": [-0.05030751786219266, -0.04429223596596196, -0.04009942056536206], "aligned_model": [[-0.48596783372723557, 0.19471962215912114, -0.7462982360231885, -0.6185134931972373, -0.2923738417870488, 0.08988637361224001, -0.11482552249709096, 0.49219719963336483, 0.40054859523398867, 0.6202978533862684, 0.0651404648007912, -0.406752515540887, 0.145252955556601, -0.21429870226421854, 0.3286699183289162, -0.0985495505439993], [-0.5758772183977956, -0.7124278440568445, -0.1503691693117056, -0.014926798925266146, 0.4312669919112593, 0.40406658175313237, -0.3608637214315725, 0.31785602940971935, -0.17106866372486026, -0.2838555875924985, 0.7420527617132548, -0.5615376722779225, -0.5728829359401747, -0.08617128519802905, 0.1574520629913802, -0.05502369047935898], [-0.2259259926221072, -0.19669055673943428, 0.18379852945740127, -0.40612816155960285, 0.4968840564539012, -0.5916315431495226, -0.7983461009760868, -0.015313669670685703, -0.5654244405407262, 0.1928540264709132, -0.06783993649891809, 0.25624620137551535, 0.5408060947779618, 0.7213642489516755, 0.5621265540999395, -0.06117771182769041]], "inverted": true, "swapped": false, "error_lsq": 0.035382708907752226, "error_max": 0.2830456088520588, "target": "1173.xyz", "model": "5.xyz", "model_rescale": 4.2253639853439635, "target_rescale": 4.249707381126067},
{"mapping": [7, 14, 11, 1, 12, 2, 0, 8, 4, 10, 13, 3, 5, 15], "R": [[-0.5900270383778499, -0.28222681339047834, 0.756449680934905], [0.3440045834799416, -0.9354932128918954, -0.08070498855703481], [0.7304306541540102, 0.21260403203292128, 0.6490536072124471]], "T": [0.13145887371850629, -0.009926642063126455, -0.013467309817880503], "aligned_model": [[0.6929812364499226, -0.10644135065559263, -0.489481680993496, 0.08817959156054067, -0.23763086690750107, -0.504840277345947, -0.026393841230469006, 0.6575185788776567, -0.3235816890479467, 0.29463688547143096, -0.6421099264041328, 0.08288892090212857, 0.7758520416598145, 0.11248453042137498], [-0.052705797361738735, 0.04356028355324882, -0.5000886817941095, -0.6534739423004092, -0.5114084950536407, 0.1036981043066135, -0.34956932424902937, -0.4145719661786075, 0.5834269091442782, 0.6222647345238393, 0.10722660314537075, 0.27288157747011293, 0.24945230795680026, -0.05559316652773787], [-0.3591130937142171, -0.6371436579531488, 0.18905597276081812, 0.10055613366640603, -0.39692485389107507, 0.4155936147798979, 0.6160754870900021, 0.10501165022490025, 0.06318145244931908, -0.19870673923392082, -0.320445824056901, 0.667183500489122, 0.2227795042013976, 0.004455062118848139]], "inverted": true, "swapped": true, "error_lsq": 0.03763289357119222, "error_max": 0.27244427999649523, "target": "1173.xyz", "model": "6.xyz", "model_rescale": 3.89814844738969, "target_rescale": 4.249707381126067},
{"mapping": [3, 2, 4, 6, 10, 11, 0, 5, 8, 12, 14, 7, 15], "R": [[-0.0988513710919331, 0.9826107084884753, 0.15717697667604363], [0.09899841122762815, -0.14745614667901197, 0.9841016204544037], [0.9901655018266646, 0.11284006544820124, -0.08270065672045956]], "T": [-0.024979408058195172, 0.14156251308451312, 0.06062054443095444], "aligned_model": [[0.08084339757559422, -0.08134457882676879, 0.48430422935145906, -0.38966077911641295, 0.6462182626021822, -0.6089356133936755, -0.51913033123821, 0.23366443234639142, -0.3914586487417366, -0.4547750506237789, 0.1517547419695003, 0.07241887228325128, -0.0752671332835734], [-0.3119144380159995, 0.3024010513376234, 0.36563312419854765, -0.6175276609999429, 0.09020909410136296, 0.5011000400679015, -0.14003394287993687, -0.5119047560787082, -0.28428147729617903, 0.7171834446536056, 0.7336241552809539, -0.028122093442342427, 0.14741472454359944], [-0.5127774356423117, -0.6962376997511809, -0.44477822995627825, -0.06604290425783538, 0.147010124935579, -0.38274115283956284, -0.4010254946795278, 0.2713726350261911, 0.4332648489602705, 0.1973217601972601, 0.3188018900896299, 0.6917537611096548, 0.046352927644406634]], "inverted": false, "swapped": true, "error_lsq": 0.040535349136673685, "error_max": 0.20992175862287393, "target": "1173.xyz", "model": "7.xyz", "model_rescale": 3.7474275329858107, "target_rescale": 4.249707381126067},
{"mapping": [4, 10, 5, 3, 7, 0, 2, 11, 6, 1, 13, 12, 14, 9, 15], "R": [[0.8605865652367655, 0.1590140217211986, -0.4838442979203502], [0.43737803462427916, 0.25599451346453544, 0.8620714958193773], [0.2609429412001585, -0.9535100156642854, 0.15075619876378116]], "T": [0.07471684291440525, -0.04764538673418071, -0.05340960996578148], "aligned_model": [[-0.48057268561892974, 0.1713502756491238, 0.5360571983250204, -0.25971475554849144, 0.7189422998029772, -0.2263171065689549, -0.6804625270716904, -0.47492723936681325, 0.2757882048138376, 0.11515371642468708, -0.5508126143320672, -0.03731969299419931, 0.06346984738796793, 0.571966887140989, 0.05955191429529005], [0.12134316980151735, 0.1730140991223815, -0.43439518884137795, -0.6225038780262138, 0.08750827668064845, -0.6383481975591815, -0.2253623590267579, -0.11460493221037374, -0.8707088437880225, -0.24221414395006619, 0.5064122499947787, 0.3495264526629761, 0.6195521833747064, 0.345410259461727, -0.06551118571714938], [-0.5310096419083574, -0.6878999702868526, -0.47284043713134033, -0.37484121367444667, -0.1109897789748229, 0.25811489125312614, -0.054535023754180845, 0.5467982538185884, 0.032560600623091365, 0.5707181233925412, 0.03660379397892009, 0.5502900821264853, 0.002719372965565278, 0.4374248029281216, -0.0063191996601780764]], "inverted": false, "swapped": true, "error_lsq": 0.04463398967243063, "error_max": 0.34831686883160184, "target": "1173.xyz", "model": "8.xyz", "model_rescale": 4.019505241142653, "target_rescale": 4.249707381126067},
{"mapping": [8, 12, 0, 6, 5, 3, 2, 7, 10, 14, 13, 4, 15], "R": [[-0.6996853367761087, 0.5193493804164147, -0.4906288317675487], [-0.6702571805026276, -0.23937793430870832, 0.7024624662932275], [0.2473777303743636, 0.8203501847547681, 0.5155868819972504]], "T": [-0.05426997274581259, -0.1095221087899774, 0.042142578038897566], "aligned_model": [[-0.19186984295267973, -0.7132146935022967, 0.1485629022024415, 0.31493960083924943, 0.3613767292053788, 0.6243664683307587, 0.2655887862364422, -0.2733201162849389, 0.26391964826516606, -0.49096341522317444, -0.27566991415461634, 0.3607270461007741, -0.0747424273213283], [-0.6482488533551363, 0.19333058866232625, 0.07915628465335811, -0.4945086453632045, -0.7139141934661594, 0.014223310093074454, 0.5666832283200446, -0.6998311208671197, -0.24741124850281604, 0.07771311879227674, 0.6411886262798153, 0.38702793820237114, -0.09203080533477212], [-0.33911020700372096, -0.0517886321834852, -0.6359857674869799, -0.6217276513378209, 0.05889306683804382, -0.22198751693724936, -0.1635688363645951, 0.2425440071177448, 0.6255366100542101, 0.5140232430824815, 0.34838568046833673, 0.4245310041590985, -0.0030415063621850036]], "inverted": false, "swapped": true, "error_lsq": 0.048108605781954014, "error_max": 0.3338623741257892, "target": "1173.xyz", "model": "9.xyz", "model_rescale": 3.877068213659057, "target_rescale": 4.249707381126067},
{"mapping": [9, 11, 7, 2, 4, 13, 14, 6, 10, 12, 3, 8, 0, 1, 5, 15], "R": [[0.9728014674908287, 0.23029705516019094, -0.024911267174394493], [0.214897230318067, -0.8571087252566812, 0.4681707097742131], [0.08646667132088383, -0.4607905158240681, -0.8832868250332252]], "T": [-0.02722027276122822, -0.049230823072625905, -0.0465297908926623], "aligned_model": [[-0.3418402792280153, 0.29127047327315003, -0.7501074464590377, -0.6181545918121856, -0.4142845363889677, -0.11572101251221859, -0.11824434096692929, 0.47932624241744554, 0.3195917629462603, 0.6620101891406126, 0.2062633174835469, -0.43775223985289025, 0.24109638619959148, -0.27754295879190255, 0.2255226319962962, 0.007699689685629289], [-0.4837272220282675, -0.7128289071417835, -0.057969207949992045, 0.031651623672113, 0.4455969361295896, 0.4664660491797949, -0.1354098754281944, 0.1777885484569394, -0.4265956639611978, -0.14943100023611317, 0.5113467932816019, -0.6681967990159647, -0.501702518585149, -0.07313056212921074, 0.18327791816444705, -0.09944627196589514], [-0.43107164131348674, 0.006916479079268449, 0.33247462088869983, -0.3374078036847444, 0.20529837331897005, -0.6156192838340353, -0.8171200429598457, -0.3151883251615564, -0.5369662987195658, 0.22387085739892543, 0.13785972035254654, 0.16243805454882754, 0.5509997656297877, 0.7839363225248871, 0.655649781286428, 0.01953101864742849]], "inverted": false, "swapped": false, "error_lsq": 0.04076124378930812, "error_max": 0.2691135844462455, "target": "1173.xyz", "model": "10.xyz", "model_rescale": 4.260839863003843, "target_rescale": 4.249707381126067},
{"mapping": [7, 12, 13, 14, 4, 10, 5, 8, 11, 2, 3, 15], "R": [[-0.35425701620936906, 0.6241144413906876, 0.696407302168799], [0.3088850446515483, -0.624811227516253, 0.7170780704778554], [0.8826618807091683, 0.4691397382627304, 0.028564144057382335]], "T": [0.09386944792168367, 0.04495636204410472, -0.0951018598836679], "aligned_model": [[0.32807681726267235, 0.14440773449865724, -0.5283956841950037, -0.28330848847247814, -0.5879141050861538, -0.3568616609499306, 0.33389503166759704, 0.7352182425405982, 0.18581942297585516, -0.20897982341364413, 0.07305524481677933, 0.12388591744918145], [0.12620972679934006, -0.6844998947478695, -0.46729101902756487, -0.396969243566757, 0.21913214499841288, 0.4292128468510117, 0.6867200411710705, 0.13723698240289953, -0.48536228600829545, 0.014983959989991191, 0.5778267023806284, 0.01587854429006637], [-0.7075993919302669, -0.08559267286669112, 0.14313773700877888, -0.4280705049471293, 0.1691695285234107, -0.42645524788527667, -0.3575130849446172, -0.28130048082521797, 0.519022729496329, 0.6185258046700542, 0.4160155671939757, -0.06316190609784486]], "inverted": true, "swapped": true, "error_lsq": 0.04555584106287231, "error_max": 0.2490423946923487, "target": "1173.xyz", "model": "11.xyz", "model_rescale": 3.890672605050136, "target_rescale": 4.249707381126067},
{"mapping": [12, 9, 8, 11, 1, 4, 14, 2, 13, 10, 6, 7, 3, 15], "R": [[0.0811692982020523, 0.9808665402474341, 0.1769530312043715], [-0.4849468753326765, -0.11624135517741373, 0.8667839843072735], [0.870768667979309, -0.15616906726220572, 0.46623293458956]], "T": [0.0006885669722852539, 0.07729088050270418, 0.12399806597254365], "aligned_model": [[0.37770952111731215, 0.19393322846808092, 0.31140255162804775, 0.6397871398755912, 0.6343192017139557, -0.4194927452570475, -0.2409211747327872, 0.18361471104890076, -0.07504037100688475, -0.6728137679255263, 0.4102312798317831, -0.2000854728589846, 0.01478283078748481, 0.05244890210376745], [-0.28864724493878624, 0.24747745918809294, 0.6635654460843392, -0.42793578098173213, 0.13844765239249335, -0.4280921110102235, -0.27596062306067015, -0.4786052513358575, -0.7480202414561945, 0.12136413040855756, 0.6553151714921382, 0.5665572881521578, 0.11875000589985003, 0.06793661899360018], [-0.3846230721103722, -0.6351868901543953, 0.00461268502128423, 0.1800401243214903, -0.030273245487839884, 0.488746033743472, -0.39104335288219866, 0.6333093519949702, -0.015630224548929622, 0.19512330685700602, 0.5966678337724887, -0.27212892777627723, 0.8613633401566054, 0.12381347244955757]], "inverted": true, "swapped": true, "error_lsq": 0.041384410121287116, "error_max": 0.2618714444012186, "target": "1173.xyz", "model": "12.xyz", "model_rescale": 4.124412569039231, "target_rescale": 4.249707381126067},
{"mapping": [5, 3, 4, 6, 10, 7, 0, 9, 2, 1, 14, 13, 15], "R": [[-0.1924420462045218, -0.5661842913555558, -0.8014994741575467], [0.9291048694251586, 0.15772222499041036, -0.33449639961370803], [0.3158008873690442, -0.8090482358711881, 0.49569219438139506]], "T": [0.13698890368696523, 0.04551129719462878, -0.030806992581994257], "aligned_model": [[-0.12512089068420332, -0.22916915335977842, 0.5419997524556556, -0.6785587579238541, 0.5612476364656551, 0.19743610084319868, -0.4816042939271593, 0.25188162487941024, 0.07369571335790165, -0.2775576603651576, 0.7316357532576258, 0.6962246856039466, 0.105187796906517], [-0.33088549712310433, 0.4798575455809434, 0.5864192990252028, -0.02606213972151837, -0.058355517149229916, -0.609026362416935, 0.4230727313549585, -0.527711773544193, 0.8186900603483197, 0.01045728193245389, -0.05140492400506573, 0.5710936811385703, 0.06134099108807478], [0.5418678371941814, 0.4413123447642031, 0.2984195695081004, 0.20374210417888408, 0.48863776761876, 0.03653553786511723, -0.13752429960444326, -0.5793356993608424, -0.03911613909231041, -0.5367219378221966, -0.3230943949046785, -0.3734261360955522, -0.0695984732813838]], "inverted": true, "swapped": true, "error_lsq": 0.04303215295960012, "error_max": 0.27924682841953424, "target": "1173.xyz", "model": "13.xyz", "model_rescale": 3.9028299243045295, "target_rescale": 4.249707381126067},
{"mapping": [12, 13, 1, 2, 6, 0, 8, 4, 5, 10, 3, 11, 14, 9, 7, 15], "R": [[-0.18185775023040524, 0.592794069567008, -0.7845527068128191], [0.7035660032003668, 0.6358371634764899, 0.3173420562781323], [0.6869662566835415, -0.4942734998240924, -0.5327016703088567]], "T": [-0.07469902742395021, -0.061284926260732064, -0.05599175246221464], "aligned_model": [[-0.3188532518632555, 0.2783068267142996, -0.6936765154433208, -0.6159888719917038, -0.41799860270427347, 0.07210656523225825, -0.15765665995876957, 0.5105514656666091, 0.23782918564663483, 0.5820583783691066, -0.032038666435807606, -0.46011804009741164, 0.1261043756220306, -0.09717247317308744, 0.40147033400836063, -0.05579076246128362], [-0.6715142494239357, -0.7663655445728368, -0.10995842498747903, 0.22240255055294877, 0.3148323682322012, 0.49053165817153593, -0.1833351664638303, 0.24706823764593505, -0.2862047985356871, -0.2302387968861377, 0.5599676723081526, -0.5314795776500645, -0.7188032987384612, -0.0760774469582507, 0.2906400010117029, -0.04377534326307559], [-0.28457254080871186, -0.16039261653899659, 0.1355715936918276, -0.46669418637597776, 0.37422847561278294, -0.656960124637568, -0.8141005372867989, -0.20351619290756584, -0.39339210922829404, 0.25300161572817603, -0.025746957704756414, 0.36380089017531975, 0.5011421954913673, 0.7186833936675915, 0.6296025449430417, 0.0549461541810971]], "inverted": true, "swapped": false, "error_lsq": 0.04199107313392942, "error_max": 0.2520827749709069, "target": "1173.xyz", "model": "14.xyz", "model_rescale": 3.942246331269136, "target_rescale": 4.249707381126067},
{"mapping": [3, 2, 0, 13, 14, 11, 8, 6, 5, 1, 9, 7, 4, 10, 15], "R": [[0.6256640425473692, -0.47059480711905616, 0.6221615814045917], [0.4637151728383328, -0.41698187286632793, -0.7817252434074294], [0.6273059415809793, 0.7776031412060193, -0.042668611926484884]], "T": [-0.04408117323871291, -0.018276732063255707, 0.047799796913145724], "aligned_model": [[-0.7216924303151413, -0.29019182862073845, -0.28046376840676746, 0.29979015304907547, 0.4537573027736168, 0.24399965067337975, -0.012551968833836358, -0.5182426944549428, -0.5317765440485142, 0.2688252486095009, 0.6542023639761898, 0.11320931081581911, -0.35491392517520076, -0.32402637889373354, -0.02563045461649722], [-0.05269925458790799, -0.4529659608160196, 0.23385854651617116, -0.7471025532529083, -0.3893059101676153, -0.12984629998420666, 0.6532355535662064, 0.6347265840124227, 0.36512226960249733, 0.3730201662370268, 0.3048479195394506, 0.33859297132136873, -0.7021290603245763, -0.3313462188264042, 0.0001359370461454061], [-0.24423295664382683, -0.5457954265880121, -0.598071579070561, -0.19081037243167515, 0.29864587718829566, -0.708112465240208, 0.09870240207009984, -0.22425083259226003, 0.43957904923456254, -0.37410526126646965, 0.27287607187787405, 0.5811965969906389, 0.020700411209721804, 0.5809271969307847, 0.0021137686915513945]], "inverted": false, "swapped": true, "error_lsq": 0.041225933205203534, "error_max": 0.2594901973610967, "target": "1173.xyz", "model": "15.xyz", "model_rescale": 4.355366556412066, "target_rescale": 4.249707381126067},
{"mapping": [1, 0, 6, 14, 7, 12, 10, 13, 3, 11, 4, 15], "R": [[0.9462104345756567, 0.06694852160382987, 0.31654969429018404], [0.276801495316097, -0.6740802821421469, -0.6848333413451311], [0.16753132749107003, 0.7356178822474517, -0.656353247593744]], "T": [-0.1081990484741441, -0.0036157476532281633, -0.17462603980277183], "aligned_model": [[-0.1424550998473703, 0.4379153161557411, 0.3162204803643115, -0.5832237691887853, -0.6228201430409388, -0.4518252541689164, -0.1819973080318621, -0.09874399716794416, 0.595280377824457, 0.1696492007185724, 0.25611305748888014, -0.09630430647436429], [-0.5289974230606994, -0.43414732740480594, -0.6774759379492133, 0.3955024903942135, -0.17951579541540938, -0.06618083453916793, 0.48147384319885644, 0.5861829204259588, -0.021337575149029363, -0.15961716480609936, 0.6537671471662774, -0.0368779151199004], [0.21502532701270835, 0.05559216951027082, -0.4763453323530017, 0.07733765194738015, -0.54990291109247, 0.4678361102758052, -0.6435061439809608, 0.42405376838126296, -0.3991871417962502, 0.5772420243764275, -0.16323295866309032, -0.1356541024086608]], "inverted": true, "swapped": true, "error_lsq": 0.04355348257102606, "error_max": 0.2242862092558469, "target": "1173.xyz", "model": "16.xyz", "model_rescale": 3.795458400668931, "target_rescale": 4.249707381126067},
{"mapping": [3, 2, 4, 6, 10, 11, 0, 5, 8, 12, 14, 7, 15], "R": [[-0.0988513710919331, 0.9826107084884753, 0.15717697667604363], [0.09899841122762815, -0.14745614667901197, 0.9841016204544037], [0.9901655018266646, 0.11284006544820124, -0.08270065672045956]], "T": [-0.024979408058195172, 0.14156251308451312, 0.06062054443095444], "aligned_model": [[0.08084339757559422, -0.08134457882676879, 0.48430422935145906, -0.38966077911641295, 0.6462182626021822, -0.6089356133936755, -0.51913033123821, 0.23366443234639142, -0.3914586487417366, -0.4547750506237789, 0.1517547419695003, 0.07241887228325128, -0.0752671332835734], [-0.3119144380159995, 0.3024010513376234, 0.36563312419854765, -0.6175276609999429, 0.09020909410136296, 0.5011000400679015, -0.14003394287993687, -0.5119047560787082, -0.28428147729617903, 0.7171834446536056, 0.7336241552809539, -0.028122093442342427, 0.14741472454359944], [-0.5127774356423117, -0.6962376997511809, -0.44477822995627825, -0.06604290425783538, 0.147010124935579, -0.38274115283956284, -0.4010254946795278, 0.2713726350261911, 0.4332648489602705, 0.1973217601972601, 0.3188018900896299, 0.6917537611096548, 0.046352927644406634]], "inverted": false, "swapped": true, "error_lsq": 0.040535349136673685, "error_max": 0.20992175862287393, "target": "1173.xyz", "model": "17.xyz", "model_rescale": 3.7474275329858107, "target_rescale": 4.249707381126067},
{"mapping": [12, 8, 1, 7, 13, 4, 11, 6, 14, 2, 10, 5, 3, 15], "R": [[0.13540555719808056, 0.9795196926021983, -0.14901847833196025], [0.15278234515154954, 0.1279623572971511, 0.9799404013127275], [0.9789396764305095, -0.1554567686511327, -0.1323265014676881]], "T": [-0.030723335457615842, -0.050436275623983534, -0.03576171543674295], "aligned_model": [[0.49184610845806653, 0.09452793158534557, 0.5655598916668353, -0.3301561265403624, 0.16704641450247087, -0.3100860241581167, 0.7235809419289041, 0.12861327899018515, -0.09625217654352973, 0.2605717185078339, -0.6884927404308451, -0.5057476283641154, -0.10728168968072258, 0.021117747960926806], [-0.5012141330504084, 0.4240741410236645, 0.10540566462452747, 0.0333457080207437, -0.7811831316968578, -0.35767279014043163, -0.2037225657091685, 0.7860004412586944, -0.6878172524869158, -0.1259342693991226, -0.18605870918716497, 0.4909974684143211, 0.40572846245609107, -0.041540792616739396], [-0.2775704687119612, -0.4980018048821328, -0.2575435277668986, -0.6187960289567958, 0.3292938117516469, 0.5907904336778809, 0.2369470083952221, -0.020286381222293523, -0.2303921768544614, 0.6793101090122611, 0.061975747986987115, -0.17552570830499856, 0.5401528659507329, -0.035559161413534365]], "inverted": true, "swapped": true, "error_lsq": 0.038383981623393904, "error_max": 0.192980033603654, "target": "1173.xyz", "model": "18.xyz", "model_rescale": 3.922800546911778, "target_rescale": 4.249707381126067},
{"mapping": [6, 3, 0, 8, 13, 5, 4, 9, 10, 1, 11, 12, 7, 14, 15], "R": [[-0.04992543006761441, -0.8938744237560535, 0.4455288610038044], [0.6118742286461311, -0.3799437908450388, -0.6937237520202142], [0.7893778434636141, 0.23797317149856378, 0.5659075807016984]], "T": [-0.00022940289302762762, 0.0020356807971240176, 0.01969436349599629], "aligned_model": [[-0.1126730480054171, -0.23429089521587249, 0.32396113925532466, -0.016284015911613173, 0.40591426495212635, -0.6168687318209585, -0.18811962614067812, 0.29789675783649183, -0.5846464563308058, 0.5233552551537932, 0.7551257719580687, 0.6448764627779153, -0.2925138987946246, 0.14416925886574244, 0.04614859830812512], [0.5511470358003123, -0.15441057511977196, 0.14331568098886174, 0.6732222131958798, -0.6989119639920299, 0.36229433923888854, -0.7148055078189405, 0.43748727396533343, -0.2796667636506169, 0.37815876842241075, -0.15953270987796872, -0.005698788624321605, 0.43674660118965736, -0.2689050166426251, 0.017170917959509525], [-0.6214664357600177, -0.6632147386141697, -0.6218188618120843, -0.04166363370755635, 0.24350030605401113, -0.14853818024683962, -0.10616809143714895, 0.6231605768556754, 0.2189607349795283, -0.09614215226666395, -0.24521296487766042, 0.3639756056230268, 0.4224407068038828, 0.6148159646378313, 3.0330931514447462e-05]], "inverted": false, "swapped": true, "error_lsq": 0.03980173755119306, "error_max": 0.24679596397097564, "target": "1173.xyz", "model": "19.xyz", "model_rescale": 3.9282355846067225, "target_rescale": 4.249707381126067},
{"mapping": [12, 11, 0, 13, 14, 2, 4, 3, 10, 7, 8, 9, 5, 15], "R": [[-0.5424956873422921, 0.090495722116888, -0.835170014723683], [0.027248516361556223, 0.9955531452506172, 0.09017457145835188], [0.8396165479378713, 0.026162172313215812, -0.5425491619832672]], "T": [0.0020681554177180705, -0.06806349224488198, 0.10123785787476906], "aligned_model": [[-0.577066173107292, -0.12112009714878944, 0.4581961120777639, -0.517047397626453, -0.6404632694125573, 0.20500634438684012, 0.04003839698533698, 0.6689240668569876, 0.015732789556630572, -0.1349766160907629, 0.20585914205438102, -0.562773122733238, 0.4893811088601141, 0.0028315344257147873], [-0.5072831445374609, -0.724384161250028, -0.6024185716654444, -0.04716985665041473, 0.10812046674460365, -0.23255394901745638, 0.3569376818348724, -0.01383209943068954, 0.6104694030300999, 0.120949761031073, -0.35806277379023377, -0.31974002810981716, 0.25188900550459215, -0.12003964626885966], [0.020985130913682745, -0.36877226066735963, -0.10615235541498981, -0.5594071891586193, 0.033842487908800165, -0.6292684396602453, -0.5175817006691323, -0.21179122118284655, 0.10484814381087723, 0.7193811653602387, 0.6747215683341933, 0.6114162778050368, 0.5467589419193467, 0.09320260794469956]], "inverted": false, "swapped": true, "error_lsq": 0.0491056858769246, "error_max": 0.3136499272948181, "target": "1173.xyz", "model": "20.xyz", "model_rescale": 4.067790424073018, "target_rescale": 4.249707381126067},
{"mapping": [10, 9, 4, 3, 13, 12, 2, 7, 14, 8, 8, 0, 5, 1, 15], "R": [[0.30473560114550635, 0.36747155770089235, -0.8786927037795221], [0.9447935130115861, -0.23327630745214423, 0.23010298162500897], [-0.12042188823346589, -0.900303736892374, -0.4182723397164988]], "T": [0.06713012063380835, 0.001955212288118468, -0.037365765357948], "aligned_model": [[0.2781359713944551, 0.031649873045362625, -0.24397786620728534, 0.25210060093079767, -0.729445831312413, -0.47048232175547827, -0.4014401470707279, 0.499189786787444, -0.3176057116044689, 0.5298928283842257, 0.5298928283842257, 0.03011446866398232, 0.7854178567867247, -0.05129602222625951, 0.04629763970693056], [-0.13160615332081935, 0.7965837332871712, -0.514402773035587, -0.6994685200363924, -0.06269280466413356, 0.4507395298995162, -0.5986187485537381, 0.47572647484930586, 0.3909625155991076, 0.28773239162694203, 0.28773239162694203, -0.3672216140636771, -0.11610469735933715, 0.23579985955763577, 0.005733554514910739], [-0.6684319575457343, 0.06251132919653718, -0.48635533624625726, 0.1019745521182927, -0.2974749083644384, 0.17314901244902028, 0.10971683535218346, -0.19697047567451575, -0.4234761285381079, 0.3610008946151495, 0.3610008946151495, 0.5942488930468908, -0.1293284619445933, 0.5629004249289116, 0.010784005612652636]], "inverted": false, "swapped": true, "error_lsq": 0.04766411545041741, "error_max": 0.3036998669744474, "target": "1173.xyz", "model": "21.xyz", "model_rescale": 4.186013935880536, "target_rescale": 4.249707381126067},
{"mapping": [10, 4, 5, 9, 12, 7, 14, 13, 6, 0, 11, 1, 15], "R": [[-0.743993322798667, -0.047323438510443794, 0.6665091355702087], [0.6213467102276042, 0.31789187666580854, 0.7161515345506314], [-0.24576859303078613, 0.9469452185408821, -0.20710517077617635]], "T": [0.02498864347589335, -0.010491747201103664, -0.09571084971501746], "aligned_model": [[0.035645687208581925, -0.57703985806316, 0.5439435512705652, 0.4381079221983635, -0.14856985925791671, 0.6152353378706973, -0.14136412692623807, -0.708926281406912, 0.4193707886885652, -0.11194850892522995, -0.46331634102809466, 0.14064053674905674, 0.016795187044946716], [-0.2686643320634947, -0.05768041745692155, 0.24085605643767447, -0.4944810956076875, -0.34927297451567085, -0.2973805686333092, -0.6534791594339041, -0.3958866441098523, 0.7431334430323562, 0.644955642108983, 0.20554442455883415, 0.18928953715420485, 0.012022748074880872], [-0.723277571430957, -0.5433047459920688, -0.5494096892759315, 0.3918909761096211, 0.5286734067880214, -0.1726008477257801, -0.010133407113680673, 0.04288581713314117, -0.05368918619200029, 0.2013340971476742, 0.5221307904045273, 0.5172652081979281, -0.04888528671514918]], "inverted": true, "swapped": true, "error_lsq": 0.04411283918466347, "error_max": 0.22834248069111177, "target": "1173.xyz", "model": "22.xyz", "model_rescale": 4.166573947596378, "target_rescale": 4.249707381126067},
{"mapping": [4, 8, 1, 2, 6, 11, 3, 9, 9, 10, 12, 0, 7, 5, 13, 15], "R": [[0.10235906187285579, -0.11987545740370412, 0.9874980998284308], [0.8171829043003637, 0.5761894257130316, -0.014759627898753347], [-0.567216645887382, 0.8084773468741964, 0.1569383835125389]], "T": [0.0003726412188352346, -0.033402696537131175, -0.044278472344528516], "aligned_model": [[-0.42506512378373473, 0.21201896150063815, -0.6374127637910756, -0.6166827434524975, -0.523323579844523, 0.04774828327821858, -0.1478115324699611, 0.46776882630061517, 0.46776882630061517, 0.5841567730024275, 0.06773355563365888, -0.37768013132138034, 0.14637104495895886, -0.2023473554813975, 0.3474504785379068, -0.05156023223808308], [-0.5663830933702826, -0.7691262328083476, -0.14695446290276398, 0.09712930112277346, 0.44315175622895464, 0.44840655328004425, -0.13462895628702765, -0.05969844153257159, -0.05969844153257159, -0.1931587869535722, 0.617603733741306, -0.6792658303284758, -0.4863287480544839, -0.08588147703792763, 0.12348273169761723, -0.04095976481995335], [-0.3177526357782763, -0.30503861789774467, 0.25310147717919107, -0.27882759091912457, 0.23455078286309555, -0.666941079826683, -0.6180566063138176, -0.4201754080173633, -0.4201754080173633, 0.3968737827291701, -0.0764419636746399, 0.28235997674236957, 0.48951184754939003, 0.7602167493543653, 0.7118545028293227, 0.0005417892006426978]], "inverted": false, "swapped": false, "error_lsq": 0.04388946495780358, "error_max": 0.3566518101541247, "target": "1173.xyz", "model": "23.xyz", "model_rescale": 4.274766983524099, "target_rescale": 4.249707381126067},
{"mapping": [0, 12, 13, 4, 14, 10, 5, 7, 8, 9, 15], "R": [[-0.25492978618794304, 0.7622539465655325, 0.5949619526149892], [-0.4340333970019314, 0.4596202666176109, -0.7748317370896216], [-0.8640751208090265, -0.45576104644827553, 0.21367277350949387]], "T": [-0.029787491064068042, -0.009775749326501895, -0.04316925527526378], "aligned_model": [[0.4255742660510597, 0.11482533651713771, -0.538448121419167, -0.6810242675733263, -0.3926391422173939, -0.5705684440116924, 0.08389081502667477, 0.09777567321953694, 0.5592798332897173, 0.27307821594302145, 0.008150539132506497], [-0.21636300626350535, 0.6959933282090622, 0.5070378844495499, -0.16254408367833817, 0.5223913461725925, -0.27769628004092956, -0.6106897092595222, 0.003804937715777071, -0.12809834838688838, 0.5721486375195832, 0.009601824806101885], [-0.5784879825266689, -0.16858102870338498, -0.46806619649796183, -0.38603640183722054, 0.1400421442495625, 0.2672839561941932, 0.36218516645847065, 0.6050217906041603, 0.262630296103971, 0.4175965636432281, -0.07402187366677195]], "inverted": true, "swapped": true, "error_lsq": 0.049296849240712134, "error_max": 0.27047467548723686, "target": "1173.xyz", "model": "24.xyz", "model_rescale": 3.7841303162186577, "target_rescale": 4.249707381126067},
{"mapping": [12, 13, 9, 2, 8, 4, 5, 6, 3, 11, 1, 14, 13, 10, 7, 15], "R": [[0.9795384621420156, -0.09174740216388085, 0.17912793020808995], [0.10179874074878821, -0.5419224519238796, -0.8342404164764325], [0.17361283813824438, 0.8354055723401597, -0.5214941151504916]], "T": [-0.06641217090192603, 0.03764479382224889, 0.1184264726286989], "aligned_model": [[-0.3775318640082915, 0.17407484672279885, -0.597360137756797, -0.627333692851034, -0.4552697743754004, 0.06684064922858396, -0.2251976008058395, 0.5833840329647255, 0.3940985878613645, 0.5715157901711869, -0.10303071970485124, -0.4024580303600202, 0.17407484672279885, -0.15617962804274682, 0.34437952996099197, -0.004873548597084158], [-0.5438179709158386, -0.6995420911944494, -0.1965073308373729, 0.13247966778246903, 0.48198167007697873, 0.3567715915891859, -0.20677046439185448, 0.21752660396768214, -0.2637454418141285, -0.32862471667915805, 0.7657106390566855, -0.6370221535574732, -0.6995420911944494, -0.15391759280732006, 0.24005439864208664, 0.04265512271967459], [-0.25610990239070597, 0.01488185333641992, 0.1919638613244327, -0.37671635608082354, 0.08992580140996959, -0.5427135395719255, -0.7088504545523061, -0.14125386945040477, -0.4698724773614049, 0.3382494271190042, -0.028595976983041976, 0.365806044875398, 0.01488185333641992, 0.8670924601988924, 0.5800389621467873, 0.08687391064582312]], "inverted": false, "swapped": false, "error_lsq": 0.0475312403394581, "error_max": 0.519932832165052, "target": "1173.xyz", "model": "25.xyz", "model_rescale": 4.19342608120988, "target_rescale": 4.249707381126067},
{"mapping": [1, 0, 6, 14, 7, 12, 10, 13, 3, 11, 4, 15], "R": [[0.9462104345756567, 0.06694852160382987, 0.31654969429018404], [0.276801495316097, -0.6740802821421469, -0.6848333413451311], [0.16753132749107003, 0.7356178822474517, -0.656353247593744]], "T": [-0.1081990484741441, -0.0036157476532281633, -0.17462603980277183], "aligned_model": [[-0.1424550998473703, 0.4379153161557411, 0.3162204803643115, -0.5832237691887853, -0.6228201430409388, -0.4518252541689164, -0.1819973080318621, -0.09874399716794416, 0.595280377824457, 0.1696492007185724, 0.25611305748888014, -0.09630430647436429], [-0.5289974230606994, -0.43414732740480594, -0.6774759379492133, 0.3955024903942135, -0.17951579541540938, -0.06618083453916793, 0.48147384319885644, 0.5861829204259588, -0.021337575149029363, -0.15961716480609936, 0.6537671471662774, -0.0368779151199004], [0.21502532701270835, 0.05559216951027082, -0.4763453323530017, 0.07733765194738015, -0.54990291109247, 0.4678361102758052, -0.6435061439809608, 0.42405376838126296, -0.3991871417962502, 0.5772420243764275, -0.16323295866309032, -0.1356541024086608]], "inverted": true, "swapped": true, "error_lsq": 0.04355348257102606, "error_max": 0.2242862092558469, "target": "1173.xyz", "model": "26.xyz", "model_rescale": 3.795458400668931, "target_rescale": 4.249707381126067},
