[{"mapping": [4, 0, 9, 1, 3, 5, 11, 12, 10, 7, 8, 13], "R": [[-0.368687988428254, -0.17932048281320523, -0.9120928306002445], [0.8488517189628727, -0.4648445703963344, -0.25173455183352034], [-0.3788402386263947, -0.8670430726421186, 0.323599109672462]], "T": [-0.09660614215863242, -0.04644300863205742, -0.023607879624240054], "aligned_model": [[0.21048535625757678, 0.09980883354867687, 0.6083663186846084, -0.37186801653691615, -0.4747121133836364, -0.6923911432024619, 0.03673968208355491, 0.18084532091853403, 0.6588425987261666, 0.5077264429893753, 0.043633291846626815, 0.03368236461223412], [0.8325390892196701, -0.4264100305803166, -0.12006583448746011, -0.5386267154218339, 0.11780999888529528, -0.009128849121301887, 0.03298941291372056, -0.5485144497985815, -0.30394846974416156, 0.3873612756420409, 0.5856800984024322, 0.025664430275964982], [-0.2392221413690132, -0.665837320034982, -0.20890947359988984, -0.14620564757864007, -0.3449443541229082, 0.4412029920997411, 0.6568120072161037, 0.054268699492430496, 0.5915482485535092, 0.11052061082142245, 0.41380772403622335, 0.04246242015518347]], "inverted": true, "swapped": false, "error_lsq": 0.051765552880013034, "error_max": 0.34796850486644276, "target": "1174.xyz", "model": "0.xyz", "model_rescale": 3.8414455957264533, "target_rescale": 3.7676595495968277},
{"mapping": [13, 8, 9, 10, 11, 1, 4, 5, 2, 7, 0, 14], "R": [[0.3394481987692791, -0.4094299155820731, 0.8468424083492444], [-0.7227936320083777, 0.462607020764899, 0.5133849529029479], [-0.6019504015119767, -0.7863598976076291, -0.1389022157997826]], "T": [0.09941111364171723, -0.06352545022542445, 0.05559505599472009], "aligned_model": [[0.1233947293764534, 0.17513499152656017, 0.690744511198125, -0.21826751498643981, -0.5887857597453716, -0.677154472917741, 0.12501764555702718, 0.05689535820678332, 0.5945582283108158, 0.5541277484371406, -0.007632319597022985, 0.013125791178009022], [0.4954357370614325, -0.19484113030117556, 0.12039708445552282, -0.6240777188071253, 0.34618182943371034, 0.07658559824916898, 0.014652265017038715, -0.6643896092677782, -0.37878258431330436, 0.33199100031781636, 0.593684518878866, -0.08148703453870383], [-0.4561022939324468, -0.7198560926825486, -0.2307735773511343, -0.1751488356064056, -0.23559287401701706, 0.4102958806845651, 0.5932285605411995, 0.32294774047837216, 0.5028611980846324, 0.2786522718052005, 0.34218558168872765, 0.07280620597603477]], "inverted": false, "swapped": false, "error_lsq": 0.04931507987242767, "error_max": 0.32421132803636565, "target": "1174.xyz", "model": "1.xyz", "model_rescale": 4.316132596720782, "target_rescale": 3.7676595495968277},
{"mapping": [0, 4, 5, 6, 2, 8, 10, 3, 7, 9, 1, 11], "R": [[-0.48079065222680495, 0.12123156425565265, 0.8684142194594991], [0.5079416361111642, -0.7687854539926697, 0.3885411432963032], [0.7147276705403515, 0.6279106891568357, 0.3080463007512841]], "T": [0.09370932720148478, 0.03862065132661888, 0.09621604655626423], "aligned_model": [[0.22632056190257427, -0.0591496132801865, 0.6698958964513015, -0.3877048713361812, -0.5465948071493258, -0.6219673473831329, -0.11854127013764407, 0.36951555131442565, 0.7608742136349824, 0.5848756071138671, -0.07915679287734351, 0.042791808291002584], [0.4920960976557909, -0.2399899495321199, 0.05885355472286327, -0.6221370286015572, 0.36995328748162093, 0.11299839869993805, -0.17486231878437686, -0.5449717837453302, -0.3579258907936307, 0.46280375523939443, 0.5277163832572046, -0.04918454941432934], [-0.43358423524250544, -0.6061656221543424, -0.19250449125371336, 0.008263668181481776, -0.3291716607142181, 0.3594858016821908, 0.6499402594917832, -0.02364973382523819, 0.5413036491946753, 0.45506961706095794, 0.25590303081291566, 0.020613482435193023]], "inverted": false, "swapped": false, "error_lsq": 0.048376210749370846, "error_max": 0.22949971187859425, "target": "1174.xyz", "model": "2.xyz", "model_rescale": 3.795458400668931, "target_rescale": 3.7676595495968277},
{"mapping": [7, 4, 9, 10, 0, 2, 6, 5, 3, 8, 1, 11], "R": [[-0.8023575562885703, -0.004504704942091792, -0.5968266578329241], [-0.26422267267531996, 0.899325176893192, 0.3484258966413657], [0.535171683771614, 0.437257285633314, -0.7227705964202209]], "T": [-0.003862198868104877, 0.01630880823062701, 0.04689188127458434], "aligned_model": [[0.32738047433305395, -0.09271490214979672, 0.8325290678648299, -0.4409240140694003, -0.5460229229917547, -0.5640449417963704, 0.1311767362065532, 0.30903584970252185, 0.6230964824487535, 0.5275768975127055, -0.2260984571213541, -0.03983133339540281], [0.5070121258615781, -0.24441843388612566, -0.08816822297072922, -0.5611310443465485, 0.3493650877140572, -0.11949994163277432, 0.01006324881027322, -0.6103325919955904, -0.2394259662494314, 0.40857468106391603, 0.5508040029484639, 0.07250701086837927], [-0.43559215175915256, -0.5319701365339123, -0.1630815496434735, -0.07373532025459607, -0.4084576636797458, 0.5523388017329871, 0.6204960789774366, -0.01002896088752235, 0.46949401399403534, 0.46433997251422643, 0.2942676567676346, -0.07256697555873756]], "inverted": true, "swapped": false, "error_lsq": 0.05768020629316195, "error_max": 0.30928690980008405, "target": "1174.xyz", "model": "3.xyz", "model_rescale": 3.7530521520055578, "target_rescale": 3.7676595495968277},
{"mapping": [1, 0, 4, 5, 3, 10, 7, 2, 8, 6, 11], "R": [[0.8959295425314125, 0.15246596238383558, -0.4172102409263526], [-0.20029724620053801, -0.6996720259461296, -0.6858134362003417], [-0.3964735400804642, 0.6980065805010794, -0.5963183257231452]], "T": [-0.054529788304763856, -0.05375247461742831, -0.031214751356853414], "aligned_model": [[-0.38227694969785686, -0.4628837970277673, 0.29311302598678235, 0.7076964638959502, 0.3419866184337757, -0.08641999918445173, -0.15254928952809454, -0.7538726633521771, -0.3087280992051299, 0.15410087912936776, -0.011966587005193631], [-0.6531751879386145, 0.14893900993877635, -0.2996793119629479, 0.23032017364419405, -0.6628311196687106, 0.608651875971691, -0.33783962845235327, -0.041808275959840754, 0.22239724858422433, 0.274470529895969, -0.022241955738041587], [-0.08856787055936771, -0.6446154729709787, -0.6459800792635918, -0.04134849389267386, 0.19311982015460025, -0.28174188314501253, 0.4984605012583038, -0.028527366881895465, 0.8050823493557059, 0.4025515558876188, -0.07560228269739197]], "inverted": true, "swapped": true, "error_lsq": 0.060569960238130376, "error_max": 0.35151226541428815, "target": "1174.xyz", "model": "4.xyz", "model_rescale": 3.7855080009869324, "target_rescale": 3.7676595495968277},
{"mapping": [8, 9, 10, 2, 12, 1, 0, 3, 5, 7, 6, 16], "R": [[-0.051279872211072275, -0.8700610901189494, 0.490269389384083], [0.30079129110433456, -0.4815752600569285, -0.8231706190680577], [0.9523103348708359, 0.10525667846805281, 0.28640191643225665]], "T": [-0.01135428324576905, 0.1313527056749126, -0.03523699185459616], "aligned_model": [[0.3614465954075102, 0.18026012156900428, 0.6802879192945782, -0.3264583319383596, -0.6746625784088429, -0.5514796107552394, -0.0870768639025379, 0.203279360088236, 0.5215585892755005, 0.5630578323091139, 0.0005762812337209849, -0.029630377628344955], [0.6121704314866959, -0.40075116864584315, 0.02327854033014573, -0.5345310781478021, 0.2052900817026246, -0.013488433072263134, -0.3197107622269869, -0.5280677489207468, -0.2365169604791781, 0.41128826401397467, 0.718252842752688, 0.09813594739215989], [-0.38899353721333285, -0.4677452646649136, -0.23751233025365548, -0.09085994141836193, -0.16797972425131152, 0.4750468645416047, 0.5966504364295125, 0.0036689024194751854, 0.4503338306256167, 0.35598708275875096, 0.25021520869087477, -0.07330776199507945]], "inverted": true, "swapped": false, "error_lsq": 0.04687433421915017, "error_max": 0.2565305784329394, "target": "1174.xyz", "model": "5.xyz", "model_rescale": 4.2253639853439635, "target_rescale": 3.7676595495968277},
{"mapping": [0, 3, 4, 6, 7, 11, 5, 2, 10, 1, 9, 13], "R": [[0.5428551747517294, 0.18857052686887615, 0.8183821941132785], [-0.6185748268189029, -0.5693331491111238, 0.5415024920987671], [0.5680435219868578, -0.8001880539720682, -0.1924204651516072]], "T": [0.04410406877029152, 0.07803804136515752, 0.15193228516721216], "aligned_model": [[0.11022201123397188, 0.012696135444266524, 0.6243591807082322, -0.3775296210681396, -0.43019558200847374, -0.6389416601180858, -0.043757568661858176, 0.26409835373046053, 0.5788543688570332, 0.6881947803852896, 0.009501624315137375, 0.04365691372650513], [0.6472293481577542, -0.21912315243658698, -0.07347828783204113, -0.3539344276543506, 0.15303664884748946, -0.06149521206796407, -0.39435926940522126, -0.5525247075484638, -0.2511718494702018, 0.4233798258805385, 0.6699392634359156, 0.047851776278599635], [-0.4090599815198652, -0.49127704259541605, -0.22391092584373576, -0.07020007565742956, -0.4795788122600335, 0.49766743271067804, 0.5640759250494024, 0.08739743950539985, 0.6147232085034954, 0.21969650166297083, 0.2970255022183692, 0.0989445938953437]], "inverted": true, "swapped": false, "error_lsq": 0.05442765272320333, "error_max": 0.3045562007838334, "target": "1174.xyz", "model": "6.xyz", "model_rescale": 3.89814844738969, "target_rescale": 3.7676595495968277},
{"mapping": [4, 10, 2, 9, 11, 8, 6, 5, 1, 0, 7, 12], "R": [[0.4739928731112883, 0.1492782242851547, -0.8677826732506115], [0.6435769325520477, -0.7313400446428869, 0.2257221101014199], [-0.6009488232175877, -0.6654755824641589, -0.4427219906638763]], "T": [0.05066099292720185, 0.13505751154068196, 0.11793412243838672], "aligned_model": [[0.22248897239962226, 0.11026726030958703, 0.6274554238091367, -0.39621419748909514, -0.6104731633826549, -0.582384748048323, -0.036360200745554246, 0.24794721332261335, 0.7478605852258768, 0.48323267630132105, -0.0666887373151791, 0.09402785215698803], [0.5128228873350827, -0.24447269074431305, 0.02739269783968351, -0.6204985512078696, 0.28603115620176545, 0.08342343179422117, -0.25889089152717537, -0.6146134330231352, -0.2806463232354432, 0.2824707645485606, 0.7654701815749754, 0.09686072662911635], [-0.3752841403070377, -0.5076117044155511, -0.27863153027914345, -0.047545420916431796, -0.3241619702849182, 0.3509014676956542, 0.6607119946843287, 0.1585324739285097, 0.35436521659655007, 0.4949771691171776, 0.2596506910471055, -0.04040048119706299]], "inverted": false, "swapped": false, "error_lsq": 0.04439035273276109, "error_max": 0.2732077917380452, "target": "1174.xyz", "model": "7.xyz", "model_rescale": 3.7474275329858107, "target_rescale": 3.7676595495968277},
{"mapping": [0, 12, 10, 13, 1, 2, 8, 11, 9, 5, 3, 14], "R": [[-0.7501658822599024, -0.04966853416092598, 0.6593816692989936], [-0.5767072532424922, -0.43871778312122955, -0.6891556071241777], [0.3235118130002711, -0.8972512153725394, 0.3004669089297172]], "T": [0.09770555814063282, -0.007520456615014057, 0.026963864240587596], "aligned_model": [[0.08440729520224761, 0.017867007826155037, 0.6297538986586264, -0.36600467212419796, -0.4893778538226186, -0.6501994038424861, -0.05085833076272807, 0.4917366529567218, 0.5632852332122131, 0.5097558415834303, 0.059710974979848466, 0.041082292677127236], [0.5633400290085598, -0.37064346156023015, 0.07993454049365843, -0.7705619948746213, 0.29472698176277407, 0.23351919783659655, -0.0156388763726669, -0.4773967980505663, -0.37358146300816125, 0.272785891626988, 0.6248834841193551, -0.026017574796217864], [-0.3019049542621711, -0.4653877458538599, -0.5064586198384335, -0.07721032608848963, -0.33189735328159753, 0.3288372626590699, 0.6926012865893262, -0.07519129063199652, 0.506104079466858, 0.5414192841477273, 0.36275577060327957, 0.03183637215946777]], "inverted": false, "swapped": false, "error_lsq": 0.051059598455750414, "error_max": 0.3046832528169811, "target": "1174.xyz", "model": "8.xyz", "model_rescale": 4.019505241142653, "target_rescale": 3.7676595495968277},
{"mapping": [6, 11, 5, 9, 10, 1, 0, 8, 4, 3, 2, 12], "R": [[-0.886930180769983, 0.42339965332646146, 0.18462824269964176], [-0.05227552939636475, -0.48915380172844275, 0.8706295580101456], [0.4589358598602373, 0.7625360921409844, 0.45597871081521013]], "T": [0.019384900628641948, -0.004629125830295868, 0.06732043370869145], "aligned_model": [[0.014218566564645048, 0.16035438197619284, 0.6363166480269529, -0.3618441242205918, -0.7207519868808003, -0.6025881818298311, 0.07209061861344278, 0.16926614704098766, 0.6314658726079901, 0.6905432248620789, 0.10032420805365394, 0.051763561729618206], [0.502921763683752, -0.2759060969203116, 0.11337593789955042, -0.5286898814558072, 0.27770535023551257, 0.07914539999593927, -0.05604075637563832, -0.6573060057268255, -0.31191850091792733, 0.3713901995568908, 0.5317191459562511, -0.011046599745917563], [-0.45270575939386304, -0.4746998004872458, -0.16931165018556624, -0.15031416017785762, -0.3916614718064052, 0.31719363293232083, 0.713250019350552, -0.02034617229675767, 0.5347867907250978, 0.45022613814425727, 0.3034380359364838, 0.04564816292816398]], "inverted": true, "swapped": false, "error_lsq": 0.04055308971344324, "error_max": 0.20499250650949685, "target": "1174.xyz", "model": "9.xyz", "model_rescale": 3.877068213659057, "target_rescale": 3.7676595495968277},
{"mapping": [12, 3, 6, 4, 1, 8, 9, 13, 14, 10, 11, 15], "R": [[0.5974848697054531, 0.33147809765896113, 0.7301603257130961], [0.4714765230915114, 0.5913218672215557, -0.6542540313358053], [-0.6486306488646661, 0.735160336333517, 0.19702172782562083]], "T": [0.009028915411030153, -0.04217638659916308, 0.020922457924484418], "aligned_model": [[0.22933726858904702, 0.1250934668871196, 0.5755850126473725, -0.3342227992895077, -0.7750162682601177, -0.5245575676577959, 0.013871658559532402, 0.472979355822122, 0.5096656577510361, 0.5264134810366812, 0.04928256342989604, -0.02727289297104643], [0.5439660717746176, -0.23467949945709282, 0.012789411033763111, -0.543767818143075, 0.10935103766017609, 0.21986302678521688, -0.05829404658284248, -0.6603510004330662, -0.30322799097600145, 0.268601556269494, 0.6433217359047955, 0.03777747234948282], [-0.3866268810825383, -0.5725696769508538, -0.21634853672034862, -0.27686097999952275, -0.31851707993585543, 0.5128002341326697, 0.6807421854070002, 0.036690514790509145, 0.5601222898143421, 0.3936704437521217, 0.29134295294737544, 0.0010582995142809047]], "inverted": false, "swapped": false, "error_lsq": 0.04195096303307369, "error_max": 0.2591285096930527, "target": "1174.xyz", "model": "10.xyz", "model_rescale": 4.260839863003843, "target_rescale": 3.7676595495968277},
{"mapping": [3, 1, 2, 7, 0, 6, 10, 8, 9, 4, 5, 11], "R": [[0.6878188175247629, 0.4427046042372346, -0.5752546459143034], [0.7143913036251188, -0.272396437643705, 0.6445504216613488], [0.12864812304748302, -0.8542908252733216, -0.5036237149799313]], "T": [0.09731934283607913, -0.029417173669377374, 0.06633508072853578], "aligned_model": [[0.14902391068912751, 0.09481908115212365, 0.6792471718865939, -0.40622081146243527, -0.6696466601059535, -0.6411528221060744, -0.043122342306047695, 0.39344649754624705, 0.6763421691297326, 0.5830318772123806, -0.03674745920873573, 0.06213832411738048], [0.5197501343875213, -0.17296808924153342, 0.048056237717271064, -0.43925640427595325, 0.13831967586756697, 0.2513150290356023, -0.20630960093013243, -0.6823163080054403, -0.2976776733922646, 0.3410948273349881, 0.5879213337157702, -0.0525792060279273], [-0.3804030717024332, -0.6426413127227548, -0.28822802852864443, -0.02358014238236797, -0.325662073717221, 0.3475887502588846, 0.6514154122168185, 0.025778506844355897, 0.5443540469595294, 0.46995253533464243, 0.3061895410515665, 0.020739602056803988]], "inverted": true, "swapped": false, "error_lsq": 0.044313414134887645, "error_max": 0.22718702447490166, "target": "1174.xyz", "model": "11.xyz", "model_rescale": 3.890672605050136, "target_rescale": 3.7676595495968277},
{"mapping": [6, 5, 11, 7, 8, 3, 4, 12, 10, 2, 1, 13], "R": [[0.3844772302718281, -0.922253817456884, -0.04031321853571912], [0.030090086378473213, -0.03112642996734763, 0.9990624265075853], [-0.9226439432978684, -0.3853297828402221, 0.015783293448058427]], "T": [0.11355417532357984, 0.12657743026813922, -0.05518754002360803], "aligned_model": [[0.14486833090123763, -0.046070303289270975, 0.6459309572274454, -0.3703664953784531, -0.5376440137484113, -0.6950131713687022, 0.03263371179882146, 0.2544963172917734, 0.7267478250360906, 0.5290994824532396, 0.09825688893971443, 0.05821940668085403], [0.5532167746120991, -0.4247383669727331, 0.2534189592712295, -0.574914084421771, 0.20585775775679654, 0.01689325282888343, -0.050951820424010474, -0.6034195501683906, -0.3683346907658376, 0.18586123593927067, 0.8566334101484179, -0.014172921618486045], [-0.4412660779660475, -0.5801095336334173, 0.0018067799135080762, -0.028832093494450484, -0.35325899800102584, 0.3775379885560129, 0.6178594773212158, -0.006485713404484027, 0.36741871270872317, 0.5187215658236092, 0.21329439542191603, 0.01881726242361987]], "inverted": true, "swapped": false, "error_lsq": 0.05057760710978972, "error_max": 0.3169777817049868, "target": "1174.xyz", "model": "12.xyz", "model_rescale": 4.124412569039231, "target_rescale": 3.7676595495968277},
{"mapping": [7, 6, 9, 1, 0, 4, 2, 8, 11, 10, 10, 12], "R": [[-0.06144211891954665, -0.31722033036179087, 0.9463594074281888], [-0.3106373540148216, 0.907139444414029, 0.28390572850662477], [-0.9485406160588733, -0.27653081273768254, -0.15427705368359254]], "T": [-0.035229900088668026, 0.0980533575569216, -0.1811476935085146], "aligned_model": [[0.2734146766946699, 0.09714410290629208, 0.5446985629557259, -0.41409275191155803, -0.5762246584280655, -0.5673912526865189, -0.04550349840245321, 0.3624264043244798, 0.6481628882723369, 0.2645057192014386, 0.2645057192014386, -0.010486975583447064], [0.6420894994841537, -0.46285699426907445, 0.06254254189670919, -0.6107120442624443, 0.18720581183357982, 0.19594903650055576, -0.2836245423582373, -0.4558602076554277, -0.13004025237091368, 0.38855789158482157, 0.38855789158482157, 0.11354132421692455], [-0.22405312457744753, -0.5209557501075412, -0.44772457120518483, -0.050844801747846946, -0.37126319718922607, 0.3893757386087978, 0.5912589011959596, 0.04233686240679879, 0.5055112198267409, 0.4274370142647912, 0.4274370142647912, -0.06301154007145267]], "inverted": true, "swapped": false, "error_lsq": 0.060285012456475655, "error_max": 0.3526143075472007, "target": "1174.xyz", "model": "13.xyz", "model_rescale": 3.9028299243045295, "target_rescale": 3.7676595495968277},
{"mapping": [4, 13, 10, 12, 8, 2, 6, 11, 9, 7, 3, 15], "R": [[0.4004220784310776, -0.07711611761508112, -0.9130800969843298], [0.2771984894468249, 0.9599592613342964, 0.04048720818864282], [0.8733974791315433, -0.2693163956807847, 0.40576535394754515]], "T": [-0.030136575120948556, 0.01945634343915525, 0.04447085097981629], "aligned_model": [[0.184184477015625, 0.13765925120537742, 0.6192004889317537, -0.32404468095064065, -0.6789434045266888, -0.6983176397094847, 0.08716637567845995, 0.10194635891793166, 0.5766966185318333, 0.7826416460719824, -0.015903661725507584, 0.06887310710369753], [0.6018029946352407, -0.3536983395820819, 0.10653754374017028, -0.5288807268116537, 0.1108938899042683, 0.11356025733133031, 0.02858323497905866, -0.6812347999735215, -0.2403489609156952, 0.32972488481379114, 0.5393255309371275, 0.009084447127433686], [-0.22811333479493734, -0.6376226140248115, -0.31067819357827564, -0.2672738709919406, -0.3644252639082256, 0.3391372519679321, 0.7006453550820462, 0.2379720355153185, 0.45079601064127645, 0.2969643186673609, 0.3883064182276319, 0.09979565286580475]], "inverted": true, "swapped": false, "error_lsq": 0.04942209139011111, "error_max": 0.24603574255321684, "target": "1174.xyz", "model": "14.xyz", "model_rescale": 3.942246331269136, "target_rescale": 3.7676595495968277},
{"mapping": [13, 8, 11, 0, 12, 1, 5, 7, 9, 10, 4, 14], "R": [[0.5084940503714739, 0.7531813192233742, 0.41731487046324045], [0.5508215782655442, -0.6570417581807416, 0.5146763224822132], [0.661837887744324, -0.031843812267032146, -0.7489703478552633]], "T": [0.10595319648032142, 0.04205766693976469, 0.11827018467192243], "aligned_model": [[-0.031691124867352094, 0.1813959091710792, 0.587078144310895, -0.29759009127403924, -0.5711629684644949, -0.6819412083215883, -0.19809412332996412, 0.31313103472023596, 0.5899366988285657, 0.6815791802742057, 0.24200038735008111, 0.026517098146715212], [0.6081517684040058, -0.3507543633447548, 0.26816879722144477, -0.5409224680607475, 0.3501373593110627, 0.04534107135932637, -0.10532185027490827, -0.7857487686854532, -0.3732434598797061, 0.32449139384811027, 0.6086077534518292, -0.01355727716474147], [-0.4487583468795756, -0.5441858759490105, -0.3628779900043607, -0.07667714147399718, -0.2203695360957086, 0.30761923251183304, 0.6554983144369843, 0.0654179698768246, 0.6096430061115771, 0.4311382602711229, 0.18289323204841265, 0.10616264081507785]], "inverted": false, "swapped": false, "error_lsq": 0.05231544371026108, "error_max": 0.2629099652756458, "target": "1174.xyz", "model": "15.xyz", "model_rescale": 4.355366556412066, "target_rescale": 3.7676595495968277},
{"mapping": [0, 4, 5, 6, 2, 8, 10, 3, 7, 9, 1, 11], "R": [[-0.48079065222680495, 0.12123156425565265, 0.8684142194594991], [0.5079416361111642, -0.7687854539926697, 0.3885411432963032], [0.7147276705403515, 0.6279106891568357, 0.3080463007512841]], "T": [0.09370932720148478, 0.03862065132661888, 0.09621604655626423], "aligned_model": [[0.22632056190257427, -0.0591496132801865, 0.6698958964513015, -0.3877048713361812, -0.5465948071493258, -0.6219673473831329, -0.11854127013764407, 0.36951555131442565, 0.7608742136349824, 0.5848756071138671, -0.07915679287734351, 0.042791808291002584], [0.4920960976557909, -0.2399899495321199, 0.05885355472286327, -0.6221370286015572, 0.36995328748162093, 0.11299839869993805, -0.17486231878437686, -0.5449717837453302, -0.3579258907936307, 0.46280375523939443, 0.5277163832572046, -0.04918454941432934], [-0.43358423524250544, -0.6061656221543424, -0.19250449125371336, 0.008263668181481776, -0.3291716607142181, 0.3594858016821908, 0.6499402594917832, -0.02364973382523819, 0.5413036491946753, 0.45506961706095794, 0.25590303081291566, 0.020613482435193023]], "inverted": false, "swapped": false, "error_lsq": 0.048376210749370846, "error_max": 0.22949971187859425, "target": "1174.xyz", "model": "16.xyz", "model_rescale": 3.795458400668931, "target_rescale": 3.7676595495968277},
{"mapping": [4, 10, 2, 9, 11, 8, 6, 5, 1, 0, 7, 12], "R": [[0.4739928731112883, 0.1492782242851547, -0.8677826732506115], [0.6435769325520477, -0.7313400446428869, 0.2257221101014199], [-0.6009488232175877, -0.6654755824641589, -0.4427219906638763]], "T": [0.05066099292720185, 0.13505751154068196, 0.11793412243838672], "aligned_model": [[0.22248897239962226, 0.11026726030958703, 0.6274554238091367, -0.39621419748909514, -0.6104731633826549, -0.582384748048323, -0.036360200745554246, 0.24794721332261335, 0.7478605852258768, 0.48323267630132105, -0.0666887373151791, 0.09402785215698803], [0.5128228873350827, -0.24447269074431305, 0.02739269783968351, -0.6204985512078696, 0.28603115620176545, 0.08342343179422117, -0.25889089152717537, -0.6146134330231352, -0.2806463232354432, 0.2824707645485606, 0.7654701815749754, 0.09686072662911635], [-0.3752841403070377, -0.5076117044155511, -0.27863153027914345, -0.047545420916431796, -0.3241619702849182, 0.3509014676956542, 0.6607119946843287, 0.1585324739285097, 0.35436521659655007, 0.4949771691171776, 0.2596506910471055, -0.04040048119706299]], "inverted": false, "swapped": false, "error_lsq": 0.04439035273276109, "error_max": 0.2732077917380452, "target": "1174.xyz", "model": "17.xyz", "model_rescale": 3.7474275329858107, "target_rescale": 3.7676595495968277},
{"mapping": [0, 4, 8, 9, 2, 7, 11, 5, 10, 3, 1, 13], "R": [[0.678815194954415, 0.6685956103969316, 0.3036277998750353], [-0.30890848031887697, -0.11511179104885272, 0.944100008658303], [0.6661722614204842, -0.7346626336758119, 0.12839522107320922]], "T": [0.015725371692772903, -0.036416113816192835, 0.09738431294822326], "aligned_model": [[0.13382121749643688, 0.24162638895160185, 0.6769467962113106, -0.39947454271108684, -0.5000515219395206, -0.597574014557847, 0.05673771295249128, 0.30088701056234735, 0.5271334222250925, 0.509397319832793, -0.08171537345153407, -0.026575479027745763], [0.5064179702046744, -0.330645336228203, 0.0008281768474216467, -0.48392914506007123, 0.3373584670477512, -0.043132938868993484, 0.09345185024066507, -0.6935044393405198, -0.340326569772728, 0.34638798777058155, 0.6218924281849206, 0.020551505159969445], [-0.5275372174938096, -0.6453294388437144, -0.18235403227698876, -0.17659613124810702, -0.2158240562003157, 0.5346920182566485, 0.80674244646202, -0.003301877004264181, 0.4474408956237674, 0.3625978283225613, 0.2862058729559916, 0.018767457115391017]], "inverted": true, "swapped": false, "error_lsq": 0.05054366266767147, "error_max": 0.30831450609426336, "target": "1174.xyz", "model": "18.xyz", "model_rescale": 3.922800546911778, "target_rescale": 3.7676595495968277},
{"mapping": [8, 12, 5, 7, 13, 10, 2, 3, 0, 1, 6, 14], "R": [[0.7865285823116281, -0.314035205213093, 0.5317468186022661], [0.2959635340722948, 0.9474093051933767, 0.1217423300764412], [-0.5420132615594367, 0.061623845382888606, 0.8381074668405764]], "T": [-0.012518816632942159, 0.06916737860236079, 0.05024932772408701], "aligned_model": [[0.14497022468397638, 0.16660147707880654, 0.6830075338445419, -0.3938291546636621, -0.4468805639537772, -0.5372007727117918, 0.012688031487933377, 0.18836013584255487, 0.6609991179376846, 0.48338251791224696, -0.06520308284214821, -0.05573652807202634], [0.5324707353455312, -0.3422120285637054, 0.024472180271107632, -0.5926867975498101, 0.12137750028527504, 0.2456721338207799, -0.1594878139677216, -0.5381190976765593, -0.35581507656558153, 0.4064791991084584, 0.709217481971681, -0.016018460293986528], [-0.3170895560293315, -0.5957359262150616, -0.26084415536952776, -0.18376454938469633, -0.47929549802575616, 0.636897061559192, 0.7286374028745395, 0.050088809236043745, 0.3036386335126761, 0.48416824420389243, 0.3018998893845607, 0.036903409922648914]], "inverted": true, "swapped": false, "error_lsq": 0.04511937815523686, "error_max": 0.2822586260143552, "target": "1174.xyz", "model": "19.xyz", "model_rescale": 3.9282355846067225, "target_rescale": 3.7676595495968277},
{"mapping": [12, 11, 10, 4, 8, 6, 5, 0, 1, 2, 7, 13], "R": [[-0.2485113082543051, 0.9174153248231465, -0.3107913310396135], [-0.9293403193581524, -0.3162799202544221, -0.1905087474609601], [-0.2730727018305222, 0.2414873367766874, 0.9311901877121997]], "T": [-0.05822724701710602, 0.04138383947944852, 0.05424140985994156], "aligned_model": [[0.20038649838594158, 0.1133335239133646, 0.7381271183037906, -0.35812836887601923, -0.7051561610123055, -0.5439472916280392, -0.01536382374000303, 0.28366790900309125, 0.45420892396698553, 0.6121167339910278, -0.016686598998901597, 0.07860047323540617], [0.7063398370361981, -0.3299079260351201, 0.11633483597731292, -0.48188654319370977, 0.028597826972684655, 0.11629425600479654, 0.03147312326125299, -0.6713841428118534, -0.34921454782610184, 0.27220738875761263, 0.6353940672051627, -0.038898219162766805], [-0.4080861766731155, -0.5340378589102335, -0.265815494377093, -0.134478670324081, -0.34568492991946637, 0.48471617313441756, 0.7512024251955214, -0.0693162443228319, 0.4367892719740551, 0.4738550971780216, 0.23733701411928929, 0.0790231585946965]], "inverted": true, "swapped": false, "error_lsq": 0.044194724390552324, "error_max": 0.2356422733037471, "target": "1174.xyz", "model": "20.xyz", "model_rescale": 4.067790424073018, "target_rescale": 3.7676595495968277},
{"mapping": [3, 0, 2, 7, 12, 10, 5, 8, 4, 6, 11, 14], "R": [[-0.7610332400135816, -0.49872550401518345, -0.4148509120626732], [0.16448381763865783, -0.7669490113138117, 0.6202695283340783], [-0.6275137299927734, 0.403809467062832, 0.6657059658595441]], "T": [0.010660920813717167, -0.023843748339904488, 0.1410596302926246], "aligned_model": [[0.22994279833045467, 0.1502755600114648, 0.6478970092227465, -0.3123991443277725, -0.47633295374120077, -0.7272600867338324, 0.14953996013281612, 0.12800544180655377, 0.7243807464874885, 0.5637082158595024, -0.17394258529130413, -0.06265602521257793], [0.59261854326997, -0.28748303331202174, 0.02399545463709535, -0.6307506189316329, 0.3477079007686658, 0.18717398078142589, -0.2976638935227158, -0.5801945320014403, -0.3267830488323338, 0.41341180132831906, 0.5929922547591995, 0.0003251472409374241], [-0.4026633854669226, -0.5035023213163985, -0.24020603801048554, -0.14869923833458007, -0.31915793248434965, 0.42781898265999707, 0.6452433878530545, 0.18432584849123995, 0.34429418786991706, 0.36578874817068596, 0.19994209621928002, 0.15231943001774145]], "inverted": false, "swapped": false, "error_lsq": 0.04953885780231875, "error_max": 0.2630399169629069, "target": "1174.xyz", "model": "21.xyz", "model_rescale": 4.186013935880536, "target_rescale": 3.7676595495968277},
{"mapping": [8, 5, 11, 0, 2, 1, 7, 6, 4, 10, 9, 12], "R": [[0.1352489611250058, -0.09541857670542739, 0.9862063748192451], [-0.09610505703921601, 0.9893953093345655, 0.10890702400785958], [-0.9861397145060611, -0.10950898176072106, 0.12464447997257784]], "T": [0.09699143441946624, -0.014190287933193999, 0.024106812357659102], "aligned_model": [[0.07492383541793568, -0.03416853965440593, 0.6196576159142578, -0.4698865829975243, -0.4093337144002973, -0.5391742523089949, 0.03583607537513485, 0.16553718067602408, 0.7010434850070432, 0.5009224657509285, 0.06232792188319848, 0.13347344588103877], [0.6116280708955032, -0.34171962626130375, 0.18866658085645918, -0.4612311503471818, 0.1511704176789796, 0.04431493648427428, -0.18562083993914588, -0.5514658185210959, -0.25029166454733, 0.29993341212945995, 0.5701559267743689, -0.040190289017519365], [-0.4180837953341821, -0.6644136084361963, -0.26681436634607547, -0.00022879340656358632, -0.49163525842683664, 0.38046841758122, 0.7348777513949462, 0.15251761376787817, 0.35120528210387947, 0.6832467486567083, 0.23096111493298105, 0.013402659181421337]], "inverted": false, "swapped": false, "error_lsq": 0.05441241995062431, "error_max": 0.2714378289322385, "target": "1174.xyz", "model": "22.xyz", "model_rescale": 4.166573947596378, "target_rescale": 3.7676595495968277},
{"mapping": [10, 5, 7, 6, 12, 11, 3, 1, 4, 8, 9, 15], "R": [[0.9388169693759032, 0.34117706059537634, -0.047126545972981354], [-0.16083016622206037, 0.3132750181038076, -0.9359446675231626], [-0.30455928100261387, 0.8862601064899391, 0.3489794664441061]], "T": [0.017937184634043195, 0.042257236428328945, 0.05907635267407502], "aligned_model": [[0.28345746696751956, 0.28275345582577827, 0.5944638710202724, -0.3635150239131172, -0.6190115941995896, -0.6115898826760482, -0.03467073893411226, 0.2115076183964693, 0.46344407177851443, 0.6568225164765993, -0.06001417319789099, 0.03751134899994393], [0.5362187280793393, -0.31173596942204823, 0.10808186196318952, -0.5551264503737479, 0.07356645131374706, 0.18134872873337332, 0.01704848321325024, -0.6332881134271294, -0.28636837555754613, 0.3471039868253955, 0.575429145028042, -0.016928520190397076], [-0.4373531564604428, -0.6449287140159479, -0.3588635308114876, -0.21793371086895902, -0.09158001604235083, 0.5134358532006024, 0.6574270668503452, -0.06037249968053718, 0.542172962078805, 0.45019415046645567, 0.3238412823275148, 0.029464078625182504]], "inverted": true, "swapped": false, "error_lsq": 0.04656007777463306, "error_max": 0.3262175695445874, "target": "1174.xyz", "model": "23.xyz", "model_rescale": 4.274766983524099, "target_rescale": 3.7676595495968277},
{"mapping": [3, 4, 5, 6, 10, 9, 7, 2, 1, 0, 11], "R": [[-0.1473558433920097, -0.36056236746977444, -0.9210217340447627], [-0.5094390304625127, 0.8258375985889429, -0.24179357931562984], [0.8477960424887846, 0.4335747224198385, -0.30537653874997567]], "T": [-0.030311226593845962, 0.06737707784436012, 0.00521564457744237], "aligned_model": [[0.3679697668564406, 0.3445879940733288, -0.43654822246055386, -0.5256865150321094, -0.53990652239835, -0.6203261003174017, 0.05997261818696518, 0.0957782453157279, 0.6022944059630839, 0.0834488473718453, -0.05168981360090189], [-0.237327348724966, 0.6381668856654101, 0.33980557484225615, -0.18317692159467677, 0.4965045779749453, -0.103996417300728, -0.531865378645289, -0.09199072221418461, -0.14076105350936993, 0.602357564995401, 0.12786976975468495], [-0.5666720361177158, -0.29961465851322744, -0.6448174614908254, -0.1715223602662507, 0.2475430596937265, 0.5085640135691013, -0.05500488795818761, 0.6744941308404736, 0.16801553174768916, 0.5390244151755189, -0.020443312658725232]], "inverted": false, "swapped": true, "error_lsq": 0.051124576378580346, "error_max": 0.258809189450397, "target": "1174.xyz", "model": "24.xyz", "model_rescale": 3.7841303162186577, "target_rescale": 3.7676595495968277},
{"mapping": [1, 6, 4, 11, 7, 10, 9, 13, 12, 2, 8, 15], "R": [[0.42087927793424207, 0.7688351391379176, -0.48140748044907894], [0.37833792809161526, 0.3335585416573479, 0.8634808112834746], [0.8244519668075849, -0.5455558890839716, -0.15049161542392508]], "T": [0.02625113022778968, 0.026953149851565796, 0.07960645769369605], "aligned_model": [[0.1574467579104557, 0.10618732834851957, 0.6222647376624205, -0.3389913224589022, -0.5304394193338191, -0.6690057896479659, 0.09734926367330812, 0.08537229932280821, 0.48386446652707193, 0.645438167953791, 0.14079073607184825, 0.040881710514802494], [0.6575177227156529, -0.16682918056433269, 0.16626203060016712, -0.5812602328730155, 0.04725849870589707, -0.014555372672917347, 0.09540810500220243, -0.7388760983859272, -0.36040105993132643, 0.3337620437681801, 0.5995728508761167, -0.002509351055228839], [-0.2921628532087594, -0.611830498862443, -0.3470844823972379, -0.21382496699155773, -0.2557871691642947, 0.42623300485924503, 0.6561475950481881, 0.22796496665046406, 0.5440616837732903, 0.3817136288316631, 0.17150390232903334, 0.018568954801588995]], "inverted": true, "swapped": false, "error_lsq": 0.047036570596178245, "error_max": 0.28354811085630394, "target": "1174.xyz", "model": "25.xyz", "model_rescale": 4.19342608120988, "target_rescale": 3.7676595495968277},
{"mapping": [0, 4, 5, 6, 2, 8, 10, 3, 7, 9, 1, 11], "R": [[-0.48079065222680495, 0.12123156425565265, 0.8684142194594991], [0.5079416361111642, -0.7687854539926697, 0.3885411432963032], [0.7147276705403515, 0.6279106891568357, 0.3080463007512841]], "T": [0.09370932720148478, 0.03862065132661888, 0.09621604655626423], "aligned_model": [[0.22632056190257427, -0.0591496132801865, 0.6698958964513015, -0.3877048713361812, -0.5465948071493258, -0.6219673473831329, -0.11854127013764407, 0.36951555131442565, 0.7608742136349824, 0.5848756071138671, -0.07915679287734351, 0.042791808291002584], [0.4920960976557909, -0.2399899495321199, 0.05885355472286327, -0.6221370286015572, 0.36995328748162093, 0.11299839869993805, -0.17486231878437686, -0.5449717837453302, -0.3579258907936307, 0.46280375523939443, 0.5277163832572046, -0.04918454941432934], [-0.43358423524250544, -0.6061656221543424, -0.19250449125371336, 0.008263668181481776, -0.3291716607142181, 0.3594858016821908, 0.6499402594917832, -0.02364973382523819, 0.5413036491946753, 0.45506961706095794, 0.25590303081291566, 0.020613482435193023]], "inverted": false, "swapped": false, "error_lsq": 0.048376210749370846, "error_max": 0.22949971187859425, "target": "1174.xyz", "model": "26.xyz", "model_rescale": 3.795458400668931, "target_rescale": 3.7676595495968277},
{"mapping": [6, 7, 5, 3, 0, 2, 9, 10, 11, 8, 1, 12], "R": [[-0.5232048622355097, 0.43409057731746004, 0.7333635134210834], [0.38653136287560386, -0.6460608943450981, 0.6581784152580062], [0.7595065356181272, 0.6278301454073437, 0.17023257875960163]], "T": [0.09562772489851418, -0.03055919572931536, 0.21498315933256346], "aligned_model": [[0.30137599471479787, 0.06310937361932331, 0.5908394649026095, -0.4184181954599256, -0.5676780533165708, -0.7375560952943674, -0.16913520147045874, 0.4513565172160502, 0.603270453959535, 0.669476632366339, -0.0428050012679623, 0.09732304657496904], [0.6087472078401639, -0.3222236324191137, 0.06594586612980256, -0.4898983417818537, 0.13360437643474216, 0.15396492318303462, -0.12158461699476514, -0.5709146291369466, -0.317455537757329, 0.4133448632946465, 0.5360670348805622, -0.05424755748747523], [-0.26474794399359153, -0.5426991697671202, -0.3438661705211265, -0.04929112907708605, -0.25867173429119145, 0.43083145144445173, 0.5405430702850538, -0.0836126551263639, 0.6291859361167833, 0.2813030499100303, 0.3156025692999671, 0.050926491389373274]], "inverted": false, "swapped": false, "error_lsq": 0.04940448055666808, "error_max": 0.2672028557134144, "target": "1174.xyz", "model": "27.xyz", "model_rescale": 3.6321398670334006, "target_rescale": 3.7676595495968277},
{"mapping": [5, 13, 2, 6, 4, 7, 8, 9, 10, 0, 3, 14], "R": [[-0.7981516102227707, 0.25576532470998203, -0.5454705361197759], [-0.6024566323412948, -0.33867216233273706, 0.722735894091925], [0.00011509467549852825, 0.9054751598673846, 0.42439924789795525]], "T": [0.062144376096217584, -0.045142068976503566, 0.1237063450908859], "aligned_model": [[0.40297781740270683, 0.185926136785117, 0.49934509867663657, -0.4049611018234718, -0.6295580841406722, -0.5937013541853212, -0.0283627318114612, 0.22569299257767295, 0.6433326321074295, 0.5472900462772411, -0.07125698052235407, 0.06443446520081578], [0.7045481387276603, -0.4770814198497391, 0.23880418764142425, -0.5527198869754967, 0.11554120719474699, 0.1832668165884735, -0.05551430715176921, -0.6930755986376577, -0.29332586535973254, 0.3057669874667103, 0.6040925841520703, -0.044952887611222195], [-0.1825067822052278, -0.557897502317573, -0.47768680024770277, -0.23418283931340106, -0.3031377056116376, 0.4680653773091461, 0.6323619219678001, 0.12122594027126735, 0.5768030756949152, 0.29951364593640006, 0.3033129240115867, 0.05963251017360638]], "inverted": false, "swapped": false, "error_lsq": 0.04962325442464117, "error_max": 0.3297931637648321, "target": "1174.xyz", "model": "28.xyz", "model_rescale": 4.156811204709835, "target_rescale": 3.7676595495968277},
{"mapping": [6, 10, 9, 2, 4, 5, 8, 3, 1, 11], "R": [[0.5292907442750294, 0.4263265518129346, -0.7335509384112863], [0.5250665387275185, -0.8437257900655741, -0.1114985250437244], [-0.666450626778525, -0.3261479149059763, -0.6704260583159005]], "T": [-0.08198174686063346, -0.02332868925599486, 0.07213989884906052], "aligned_model": [[-0.5185437175231912, 0.011111178494428733, 0.04324800707813399, 0.5065484528450639, -0.028686865870000258, -0.7489927748349068, -0.33358545259391265, -0.4747878476621384, 0.28437473457992335, -0.09776034040281265], [0.028235208432637927, -0.5660095186069545, -6.03831346877963e-05, 0.24348241496104195, -0.46935448406485814, -0.4862495912250878, 0.5312923015589537, 0.3286813637651307, 0.3986863745844388, -0.08998335564441118], [-0.3101755672423583, -0.374392941707081, -0.7118384817702716, -0.1955808166313207, 0.6700467394830438, 0.12302554371010738, -0.6129582133640055, 0.6201548132362134, 0.4692562366231068, 0.08124941463766541]], "inverted": false, "swapped": true, "error_lsq": 0.05351166029452033, "error_max": 0.29052399951398256, "target": "1174.xyz", "model": "29.xyz", "model_rescale": 4.117894457231895, "target_rescale": 3.7676595495968277},
