[{"mapping": [0, 10, 12, 11, 1, 9, 3, 5, 4, 6, 8, 7, 13], "R": [[0.4009203038273771, 0.9114749015173618, -0.09206744203506177], [-0.86782989385026, 0.34567177833669027, -0.35690656620661526], [-0.29348626086890445, 0.22298996740989468, 0.9295920014262837]], "T": [-0.041172620767254926, -0.10915058049230975, -0.15753844329056693], "aligned_model": [[-0.6436274995409891, 0.7129406518425879, 0.06735918333818117, 0.6552613664754681, -0.2525241199472178, -0.0654804203446657, -0.42955172809537434, 0.2774398221439694, -0.12803355759243026, -0.14791242268622357, 0.4539059770484669, 0.25266550579702396, 0.05699882945493268], [-0.586094821478444, -0.7047201325235066, -0.669734311423917, -0.06400282875952108, -0.356567980100437, -0.5959723898964031, 0.21633397178745245, 0.3088009847090396, 0.40279817072536106, 0.6339630691428864, 0.3572658729690687, -0.0998918765637021, -0.12123697208644482], [-0.08693571945846287, 0.1458408661698148, -0.25286176722560644, -0.15574323579336524, -0.6341507465187843, 0.3894138659032564, -0.2856859404022479, -0.7017845832029064, 0.6448130260740756, -0.0128491119637138, 0.22708085620963842, 0.5388579339646757, -0.02809290356476185]], "inverted": false, "swapped": false, "error_lsq": 0.0456852985660588, "error_max": 0.2457575459432404, "target": "1175.xyz", "model": "0.xyz", "model_rescale": 3.8414455957264533, "target_rescale": 3.7925489571003403},
{"mapping": [0, 3, 1, 5, 11, 4, 13, 12, 7, 8, 6, 2, 14], "R": [[0.5231601326775528, -0.5352354770234554, -0.6631941342565386], [0.8511801212449782, 0.2894623828182432, 0.4378400736919469], [-0.0423777863295145, -0.7935581346496672, 0.6070169768277912]], "T": [0.055756390235326636, -0.01894276673820469, 0.03902709521157216], "aligned_model": [[-0.5048277170266001, 0.5049719679305371, 0.11869270784609554, 0.6962905692796424, -0.284310858209392, 0.08249763471045127, -0.5896370326577052, 0.08496024619324344, -0.35719172882764527, 0.01653967044582348, 0.5833928838865131, 0.36731484002185605, 0.09074840430090984], [-0.4749786248134533, -0.6586759085961217, -0.7592098075537185, -0.10190454225703444, -0.26331483944404455, -0.4556807959473522, 0.26041208426085805, 0.1786598061801836, -0.052942203380424796, 0.6767131142574889, 0.47494532498079334, -0.028267648145475333, -0.07481520304026663], [0.09642155785464658, -0.009178236491598879, -0.40430305194354854, 0.1700083696796473, -0.7032006048553707, 0.36207822821472746, -0.24430168474033737, -0.697444154628023, 0.530222465105759, -0.33356831756967537, 0.33517141342364043, 0.7079434626087122, -0.021946906466967217]], "inverted": false, "swapped": false, "error_lsq": 0.0496822967494427, "error_max": 0.3024276967561024, "target": "1175.xyz", "model": "1.xyz", "model_rescale": 4.316132596720782, "target_rescale": 3.7925489571003403},
{"mapping": [8, 5, 11, 7, 10, 6, 3, 4, 1, 0, 2, 12], "R": [[-0.0542275185583317, 0.9550956916175442, -0.2912929729406655], [-0.2442183794104722, 0.27017650119537834, 0.9313227374868214], [0.9682028503310289, 0.12164241881609067, 0.21860092075616316]], "T": [-0.1951700322334194, -0.06022081858790297, 0.0018969928045831225], "aligned_model": [[-0.20279551843478746, 0.4377252463761146, 0.17642571183222322, -0.5982164412306141, -0.5715606215180977, -0.5065121921469142, -0.0644841752979885, -0.04006944967879983, 0.5202059988144752, 0.20206472966296551, 0.37088785143072717, -0.1258625851775229], [-0.6941354014030191, -0.25128745730039564, -0.544406718124734, 0.5015609390127395, -0.37123207390953133, -0.035879380274315156, 0.24656179376225645, 0.615828687240798, 0.08580831375732391, -0.10013758429143094, 0.5627209957045747, -0.002625686433285715], [0.03194760886400845, 0.07878920087800652, -0.5490858306895223, -0.034081729819583614, -0.5266555669470399, 0.5013485909570237, -0.5667171606472657, 0.4373084814191128, -0.5345939665346768, 0.6673930855225696, -0.050134708380717374, -0.006259543412494305]], "inverted": true, "swapped": true, "error_lsq": 0.037025101193086864, "error_max": 0.22503646676473563, "target": "1175.xyz", "model": "2.xyz", "model_rescale": 3.795458400668931, "target_rescale": 3.7925489571003403},
{"mapping": [6, 8, 0, 1, 7, 2, 5, 10, 11, 3, 4, 12], "R": [[-0.8824725800958091, -0.46937187672838093, -0.030531732926969923], [-0.18656273920838734, 0.2896946372545218, 0.9387605453389244], [-0.43178291966925875, 0.8341265242650236, -0.34321487700774556]], "T": [0.06516174188838403, -0.05332167875664117, -0.11073453203687408], "aligned_model": [[-0.2700537363463642, 0.002350851329884912, -0.703826776001208, 0.2864556944559442, 0.28986580396665007, -0.07115860498652143, -0.26476279811725056, 0.679099975833342, 0.3963863138345639, 0.5545726423712484, -0.3546104770828984, 0.04898493648617426], [-0.0033035415937568355, -0.6843484455221699, -0.04804923018654218, 0.06988791256715049, 0.4998713662622155, 0.5728922691771452, -0.23098092901734132, -0.4003917797472787, -0.5645980924453817, 0.22061266393999723, 0.6495744784034688, 0.004602373452202754], [-0.5925094941949395, -0.1365975852926716, -0.0063184685884805775, 0.7591840307648104, -0.4611987368971704, 0.43740612876257723, 0.43932209639006603, -0.25352064816057296, 0.441522804580916, 0.2356083130299921, -0.13099695753357926, -0.04313005222184721]], "inverted": true, "swapped": true, "error_lsq": 0.04755666704467201, "error_max": 0.26223858039407444, "target": "1175.xyz", "model": "3.xyz", "model_rescale": 3.7530521520055578, "target_rescale": 3.7925489571003403},
{"mapping": [8, 6, 9, 7, 10, 4, 11, 5, 1, 3, 12], "R": [[-0.5865952625905122, -0.6315200213742511, 0.5070389141967642], [0.026983725732530717, 0.610478905136626, 0.7915727287677223], [-0.8094305877911705, 0.478014611687396, -0.3410632706132226]], "T": [-0.10884028674980153, -0.039243468563352646, -0.09173905276443264], "aligned_model": [[-0.4014003090124799, -0.14081059546384195, 0.4272473001460082, 0.45008978194340754, 0.3056557384698173, -0.15209954081993907, -0.29724442304241205, -0.6899742165853554, -0.2718243190242675, 0.23725964799976826, -0.1286994621655005], [-0.601410141973864, 0.009829675275773359, -0.29509305984153794, 0.31254801761803863, -0.5944126028921533, 0.7396932504050628, -0.4930729559258048, 0.03283046572610748, 0.1959576052446572, 0.12589855235363634, 0.03443455232443024], [-0.1261795892184638, -0.677868791790081, -0.5266077700792652, -0.2995359440331909, 0.10254414883710253, -0.3408745866361562, 0.5675364070637748, 0.2245899047583659, 0.7679275005265582, 0.44441332113956766, -0.04311382332289539]], "inverted": true, "swapped": true, "error_lsq": 0.04740458662598834, "error_max": 0.26625176144532153, "target": "1175.xyz", "model": "4.xyz", "model_rescale": 3.7855080009869324, "target_rescale": 3.7925489571003403},
{"mapping": [1, 6, 11, 8, 12, 4, 2, 14, 5, 9, 10, 7, 16], "R": [[0.23786580668380103, 0.8326307381745226, 0.5001458905735549], [0.7556631792979165, 0.1648753609783042, -0.6338684996082696], [-0.6102401309845408, 0.5287174757743719, -0.5899701800487436]], "T": [0.09519474191296348, -0.0624014583775395, -0.05893518630393152], "aligned_model": [[-0.5109922862218456, 0.405460956194175, 0.10838708734100885, 0.7965599272936532, -0.11526109588158068, -0.10804095591070381, -0.5277226403565152, -0.026646980316940183, -0.13765760215777575, -0.007167741526123858, 0.4475137412618493, 0.4060001224546552, 0.07900905571987314], [-0.5151005690248028, -0.608105992954644, -0.7930918297415895, -0.004125797328482846, -0.3651752222191877, -0.5445467860481764, 0.25908573813640134, 0.23515505020917662, 0.17695730357167155, 0.6286290529125277, 0.4632827919245599, -0.18400254122672152, -0.02802044170929978], [-0.08548214714006065, 0.1200019682631224, -0.3725492349661584, -0.059770667498385416, -0.6308631986249851, 0.4637807193282281, -0.2921852772424742, -0.6541764125766114, 0.6783506562009998, -0.1964589068012089, 0.3023011155213475, 0.6118722852944021, -0.09691835956660383]], "inverted": false, "swapped": false, "error_lsq": 0.03884595856518346, "error_max": 0.22138082048229385, "target": "1175.xyz", "model": "5.xyz", "model_rescale": 4.2253639853439635, "target_rescale": 3.7925489571003403},
{"mapping": [2, 0, 1, 9, 10, 4, 5, 8, 6, 11, 12, 7, 13], "R": [[0.7870507605809691, 0.4677616101682501, -0.4021817702503732], [0.1646055642277415, 0.46907214186080715, 0.8676844668169309], [0.5945217477049807, -0.7491130767667328, 0.2921874222530709]], "T": [0.05985882724283828, -0.13232988673102933, -0.0264348273922993], "aligned_model": [[-0.5836811874903142, 0.6844368189274107, 0.2649819419776151, 0.6192205896539269, -0.4289187825900692, -0.13892921938519842, -0.4443336673800108, 0.16415111054617038, -0.24764511604813358, -0.0002725910822436173, 0.5659567871545375, 0.31588479381721235, 0.03859010979282656], [-0.2929574169938126, -0.5002851483072145, -0.7086807737424748, -0.09625453920835406, -0.36619512829799017, -0.800923208009254, 0.17835436225979126, 0.10295431779488082, 0.18596626556047172, 0.6434078985757329, 0.5304125950353853, -0.002192608095452686, -0.15266586007027627], [0.07469211261957334, 0.3164556902780885, -0.43195911125319225, -0.26811522696756923, -0.5876085717014892, 0.09347178404546866, -0.2500561417737395, -0.7189875967483088, 0.4403058419520781, -0.01343906690042435, 0.3930660931124609, 0.7130962464483442, 0.02698048708032152]], "inverted": false, "swapped": false, "error_lsq": 0.05175219095857147, "error_max": 0.351025809212149, "target": "1175.xyz", "model": "6.xyz", "model_rescale": 3.89814844738969, "target_rescale": 3.7925489571003403},
{"mapping": [1, 7, 4, 11, 2, 0, 5, 10, 6, 9, 8, 3, 12], "R": [[0.2080738959757033, -0.42361334626201896, 0.8816217934478409], [-0.7978074695373284, 0.44795614259182387, 0.4035325710084612], [-0.5658696805483904, -0.7873290463224056, -0.24475391202821298]], "T": [0.1342694379640842, -0.17150183928348128, -0.0024917437052009474], "aligned_model": [[-0.696829538509602, 0.5919896814963304, 0.36683124428151737, 0.8169183274204177, -0.26321792688008283, -0.174639536371605, -0.5009888692253139, -0.0071201968190544584, -0.1821439265764071, 0.01336091063724204, 0.5086093248849666, 0.2216324572908969, 0.11503963626442429], [-0.3202727078621568, -0.5662909683561429, -0.5697976473585424, 0.1514012500358406, -0.47334938363846596, -0.5671758208346578, 0.2603421329338217, 0.07202852146477218, 0.18296725841629108, 0.6902918042321352, 0.2865844531319277, -0.25382213645214724, -0.17196599921124303], [0.04153474832605544, 0.25423457316314574, -0.45279302495641033, -0.2941498618076855, -0.5049255197165995, 0.31219497887238207, -0.1144483014911103, -0.6804339223766881, 0.47876711859642346, -0.20408222723641073, 0.3257054075254266, 0.7962403817273979, -0.16994181043431478]], "inverted": false, "swapped": false, "error_lsq": 0.054923921650688254, "error_max": 0.3837076411364108, "target": "1175.xyz", "model": "7.xyz", "model_rescale": 3.7474275329858107, "target_rescale": 3.7925489571003403},
{"mapping": [9, 10, 7, 0, 5, 11, 8, 3, 13, 2, 1, 12, 14], "R": [[0.6048249249793924, -0.4762897615216708, 0.6382279163381235], [-0.6350938469958136, 0.19503845445306736, 0.747406052151451], [-0.48046083673045703, -0.8573844320689461, -0.18452457834684338]], "T": [0.08452234177537105, -0.08098130128765069, 0.019404959177336884], "aligned_model": [[-0.5137799926202629, 0.5747531467227387, 0.03662133136017531, 0.6832785819281222, -0.16835651103732735, -0.10098940074029994, -0.46390657118212103, 0.1771705337357204, -0.2772028599012681, -0.028612584501343075, 0.5467099803119856, 0.2744486507040252, 0.06930728311358472], [-0.5388410609406289, -0.6541721638392307, -0.7141716088226827, 0.014312324808681609, -0.3304736340190281, -0.5851351243902734, 0.16343741799640327, 0.15604742732404847, 0.16889525165897168, 0.7402355900777927, 0.4972623732004703, -0.16623256171403764, -0.030223474839054146], [-0.09346309314771568, 0.09933838557890039, -0.22687366264947192, -0.23870999066190665, -0.6025494810594679, 0.33228556201119097, -0.30416193182409285, -0.6509443761127134, 0.8035149103015893, -0.12685782365646028, 0.14909173471083748, 0.6001827467792781, 0.047049559921644106]], "inverted": true, "swapped": false, "error_lsq": 0.04453794296276286, "error_max": 0.2647956931675141, "target": "1175.xyz", "model": "8.xyz", "model_rescale": 4.019505241142653, "target_rescale": 3.7925489571003403},
{"mapping": [1, 3, 6, 5, 10, 2, 9, 11, 0, 8, 4, 3, 12], "R": [[0.9722190610284396, -0.09663716254348546, -0.2131932367326021], [0.10741045298740508, -0.625060452057425, 0.7731509722316904], [-0.20797377710187354, -0.774571294387619, -0.5973158443810684]], "T": [-0.03137314285200327, -0.08642476200585993, -0.06666102492744727], "aligned_model": [[-0.6705642993675409, 0.5669607074686525, 0.20292374395448665, 0.6375907971618455, -0.5492437199106037, 0.08137636967271408, -0.4299298824488767, 0.19939423206321172, -0.16923461876263496, 0.010569730889978889, 0.3587397759103592, 0.5669607074686525, 0.0038980437934849205], [-0.2843440696009421, -0.277995109311098, -0.6204236840746404, -0.08499467711061377, -0.5562766892637178, -0.5731948049499498, 0.32455469380737084, 0.16767262409749706, 0.02337156231410649, 0.5747946918638543, 0.38053951127521374, -0.277995109311098, -0.07476818323455035], [0.025902009184283273, 0.5196479493647568, -0.5002644820505018, -0.12152377148918511, -0.6576170216707389, 0.2500638319030606, -0.44027643367260794, -0.5857279387672445, 0.5591065506920129, -0.19768224669171985, 0.49667808194949414, 0.5196479493647568, -0.08005193792475451]], "inverted": false, "swapped": false, "error_lsq": 0.06405464499533066, "error_max": 0.503586583041681, "target": "1175.xyz", "model": "9.xyz", "model_rescale": 3.877068213659057, "target_rescale": 3.7925489571003403},
{"mapping": [7, 3, 5, 6, 0, 4, 8, 11, 2, 9, 14, 13, 15], "R": [[0.8329435050117112, 0.07720159937931467, 0.5479461930811103], [-0.31960573489613875, 0.8754726483284957, 0.36249112575370646], [-0.45172701012924243, -0.477061374544163, 0.7538933301454056]], "T": [0.13562048707910182, -0.10833159430286839, -0.04327740477444507], "aligned_model": [[-0.6259611381330558, 0.45030563922979894, 0.11308078663011348, 0.7522497369061613, -0.08040401283363244, -0.10954686090148633, -0.5208676706958926, 0.125979199716469, -0.18559115789296407, -0.10899703683494455, 0.37453205703491077, 0.5087148877799319, 0.11594715788831964], [-0.30184109648219887, -0.6384880238400831, -0.8167139601192702, -0.11385943397345327, -0.29514867054947813, -0.5730293190327981, 0.18518722366595902, 0.24474021972857912, 0.12758508379693934, 0.49991453183525264, 0.537288382620756, -0.005211350356692998, -0.12948283079207895], [0.1777069162130968, 0.10728407092392174, -0.3729466753268539, -0.04978788641115843, -0.7863782263955167, 0.38338367367068654, -0.3229074067546948, -0.691276336855539, 0.48730883522636415, 0.03317009964383616, 0.3249856177746222, 0.6259051408869319, -0.12854528240408492]], "inverted": false, "swapped": false, "error_lsq": 0.046760826418300136, "error_max": 0.33184436294925534, "target": "1175.xyz", "model": "10.xyz", "model_rescale": 4.260839863003843, "target_rescale": 3.7925489571003403},
{"mapping": [11, 10, 6, 8, 0, 5, 1, 3, 7, 4, 2, 12], "R": [[0.9701525024660734, 0.13084163407604904, -0.20416804047432313], [0.13829917217095467, -0.9901318662618087, 0.022632418998780705], [-0.19919202026096378, -0.05019316890989266, -0.9786741975035098]], "T": [-0.04964030446297418, -0.15877876367606455, -0.03421310603509525], "aligned_model": [[0.21342335049372352, 0.35944251335573385, -0.45385603128186336, -0.3243190342115348, -0.7236375890338127, -0.2779377018306427, 0.4017776826345897, 0.571079603897269, 0.25631914721810156, -0.2017425832141324, 0.16713768905115978, -0.028788397984460888], [0.07233454810968154, -0.5974430787739285, -0.4599662333446092, -0.34427817282342665, 0.19903762980808634, 0.39369702342063506, 0.5786063465421837, 0.06307799270945919, -0.38753006813757596, 0.17150050108443846, 0.5600133350172164, -0.0759713180792261], [-0.7781792374280325, -0.4316933594867895, 0.2705394154683994, -0.5754620787830511, 0.10709840308976695, -0.3268324984282984, -0.30512807959193416, -0.03254129251552233, 0.5431959985815882, 0.6995871348516873, 0.34988395196544053, -0.004290280327749613]], "inverted": false, "swapped": true, "error_lsq": 0.04457222001260024, "error_max": 0.24769972813156435, "target": "1175.xyz", "model": "11.xyz", "model_rescale": 3.890672605050136, "target_rescale": 3.7925489571003403},
{"mapping": [2, 3, 0, 8, 1, 4, 11, 6, 12, 9, 5, 7, 13], "R": [[0.07290812277378556, 0.9968301821942464, -0.03184326459690029], [0.9427290532889607, -0.07930105924411612, -0.32399579331784684], [-0.3254939902955235, -0.006397645609658109, -0.9455224653133056]], "T": [0.006167266090390332, -0.039140093426093536, -0.10325322644699392], "aligned_model": [[-0.6266073698954496, 0.5369169096558348, 0.18870591528016822, 0.7156277131307248, -0.1458152844377048, -0.21518154779372028, -0.5011033254638575, 0.1268834959059153, -0.09700833630914066, -0.08985835931018943, 0.41887265475710356, 0.46749816219664314, 0.030510960177402083], [-0.3546511779710494, -0.7351620985377467, -0.5638514698231938, -0.1028415325662102, -0.48650058510368416, -0.5917487140448832, 0.1144432125054281, 0.1759541340975618, 0.19675704319920154, 0.7329222587185484, 0.49392331118953786, -0.07307033658657613, -0.08523328857550203], [-0.02833227310988333, 0.19157102672350484, -0.30338356592266535, -0.21187664277579277, -0.7213698701407207, 0.26645673938438247, -0.2510736545975044, -0.6240414838863151, 0.5959173412591658, -0.0804668338252636, 0.28467698719987894, 0.6129776812729073, 0.05684708860991844]], "inverted": true, "swapped": false, "error_lsq": 0.033016370142244275, "error_max": 0.17702671228706832, "target": "1175.xyz", "model": "12.xyz", "model_rescale": 4.124412569039231, "target_rescale": 3.7925489571003403},
{"mapping": [2, 5, 10, 7, 11, 4, 8, 9, 1, 6, 3, 0, 12], "R": [[0.28970485808071367, 0.9074958822995269, 0.3041748162058084], [0.9293964667587571, -0.34266090249381037, 0.13713392533748356], [0.2286772896043082, 0.24297063508072572, -0.9426939947340796]], "T": [0.18566921179393225, -0.036665493420276196, 0.03642353214857741], "aligned_model": [[-0.569304429247655, 0.6913409832638432, 0.06990202419555738, 0.6506268892910861, -0.4066823139606641, -0.05133902956942937, -0.4033815049781426, 0.2988938481449027, -0.4630979662928182, -0.081805953631155, 0.5667693901399022, 0.3772511008366542, 0.13026854970164764], [-0.4486369439222492, -0.5553256631113461, -0.6368808645596107, -0.25101334138985715, -0.3396444617800595, -0.649032935868457, 0.16542097998966512, 0.3038119344066303, 0.18668150835785652, 0.5763523324830389, 0.53667890859399, -0.03115959712869122, -0.13631109956947726], [-0.015440125190933657, 0.25785877547430786, -0.3770364282117274, -0.32544251036343613, -0.7037631172881295, 0.46898504766382454, -0.32005428095271604, -0.49262899347053024, 0.47469464041697174, 0.01972036509334381, 0.22295027690519476, 0.5841766319032698, -0.0061177417878278476]], "inverted": true, "swapped": false, "error_lsq": 0.052774857876917554, "error_max": 0.2987995353537058, "target": "1175.xyz", "model": "13.xyz", "model_rescale": 3.9028299243045295, "target_rescale": 3.7925489571003403},
{"mapping": [1, 8, 12, 5, 11, 2, 9, 10, 3, 7, 4, 0, 15], "R": [[0.7795214400430821, -0.5853802389179712, 0.2228818081349357], [-0.5414956224740342, -0.45092718935578513, 0.7095401050970622], [-0.3148472889427787, -0.673791247927747, -0.668488248858087]], "T": [0.055824525900157046, -0.13529811518288684, -0.04157399794037593], "aligned_model": [[-0.4781949125530921, 0.5662242265858906, 0.20590645501286964, 0.5570199410701828, -0.3802509554154814, -0.08345334455878614, -0.502444812960937, 0.31521324588474564, -0.09065038075407933, -0.1991945694762162, 0.472232529236443, 0.4413205082026672, -0.014286342380477032], [-0.5049383245498508, -0.6490794996495864, -0.7029565491403176, -0.1859283470374435, -0.401730118241689, -0.6189397691155404, 0.25016782698543316, 0.4292794729879401, 0.1865147903058669, 0.7272645172537607, 0.34800044853924617, -0.10135532433421704, -0.055358367502169784], [-0.061274523720907983, 0.2268063181653674, -0.41504368328537117, -0.1329061888155101, -0.5751551545410701, 0.4958664126518065, -0.4165364082957987, -0.45306183607042694, 0.47191504850528115, -0.14917939722195117, 0.18731494225621687, 0.691540688737469, -0.08238367817349268]], "inverted": false, "swapped": false, "error_lsq": 0.04451609547079842, "error_max": 0.31029643580442434, "target": "1175.xyz", "model": "14.xyz", "model_rescale": 3.942246331269136, "target_rescale": 3.7925489571003403},
{"mapping": [8, 1, 12, 3, 13, 0, 11, 4, 7, 10, 9, 2, 14], "R": [[-0.43968133183855296, 0.540160478835964, 0.7175701941527244], [-0.8072195153793824, -0.5879543655994041, -0.05202228333394737], [0.39379814680030095, -0.602109891196204, 0.6945406384800994]], "T": [0.07887818740830996, -0.01626424909960375, -0.04578841391913854], "aligned_model": [[-0.6072105721308803, 0.6200760530177452, 0.18954035120709012, 0.6834312052001372, -0.2052356319008344, -0.023969482407864173, -0.5087424116523823, 0.19690107244799832, -0.2543794435935909, 0.12991921827322178, 0.16617845366629955, 0.32861592826991304, 0.0943168474968768], [-0.2993802529171419, -0.6151654093769084, -0.7439152427315162, -0.20514678575957318, -0.3587558347816091, -0.5118846101750787, 0.19467034557655458, 0.18178791187033902, 0.06938683797871113, 0.6605512995839056, 0.6060558561223569, -0.1609888287608451, -0.09627453012776202], [0.17322863725303425, 0.025371309653318158, -0.40125173851481477, -0.3854749849288511, -0.7261623536904328, 0.4875972789608417, -0.3983783357616495, -0.5847781328049899, 0.7368882439609484, -0.2655975180792012, 0.4574596921678824, 0.6608471183538333, 0.008153323621692882]], "inverted": true, "swapped": false, "error_lsq": 0.049676044600774565, "error_max": 0.31299711390338275, "target": "1175.xyz", "model": "15.xyz", "model_rescale": 4.355366556412066, "target_rescale": 3.7925489571003403},
{"mapping": [8, 5, 11, 7, 10, 6, 3, 4, 1, 0, 2, 12], "R": [[-0.0542275185583317, 0.9550956916175442, -0.2912929729406655], [-0.2442183794104722, 0.27017650119537834, 0.9313227374868214], [0.9682028503310289, 0.12164241881609067, 0.21860092075616316]], "T": [-0.1951700322334194, -0.06022081858790297, 0.0018969928045831225], "aligned_model": [[-0.20279551843478746, 0.4377252463761146, 0.17642571183222322, -0.5982164412306141, -0.5715606215180977, -0.5065121921469142, -0.0644841752979885, -0.04006944967879983, 0.5202059988144752, 0.20206472966296551, 0.37088785143072717, -0.1258625851775229], [-0.6941354014030191, -0.25128745730039564, -0.544406718124734, 0.5015609390127395, -0.37123207390953133, -0.035879380274315156, 0.24656179376225645, 0.615828687240798, 0.08580831375732391, -0.10013758429143094, 0.5627209957045747, -0.002625686433285715], [0.03194760886400845, 0.07878920087800652, -0.5490858306895223, -0.034081729819583614, -0.5266555669470399, 0.5013485909570237, -0.5667171606472657, 0.4373084814191128, -0.5345939665346768, 0.6673930855225696, -0.050134708380717374, -0.006259543412494305]], "inverted": true, "swapped": true, "error_lsq": 0.037025101193086864, "error_max": 0.22503646676473563, "target": "1175.xyz", "model": "16.xyz", "model_rescale": 3.795458400668931, "target_rescale": 3.7925489571003403},
{"mapping": [1, 7, 4, 11, 2, 0, 5, 10, 6, 9, 8, 3, 12], "R": [[0.2080738959757033, -0.42361334626201896, 0.8816217934478409], [-0.7978074695373284, 0.44795614259182387, 0.4035325710084612], [-0.5658696805483904, -0.7873290463224056, -0.24475391202821298]], "T": [0.1342694379640842, -0.17150183928348128, -0.0024917437052009474], "aligned_model": [[-0.696829538509602, 0.5919896814963304, 0.36683124428151737, 0.8169183274204177, -0.26321792688008283, -0.174639536371605, -0.5009888692253139, -0.0071201968190544584, -0.1821439265764071, 0.01336091063724204, 0.5086093248849666, 0.2216324572908969, 0.11503963626442429], [-0.3202727078621568, -0.5662909683561429, -0.5697976473585424, 0.1514012500358406, -0.47334938363846596, -0.5671758208346578, 0.2603421329338217, 0.07202852146477218, 0.18296725841629108, 0.6902918042321352, 0.2865844531319277, -0.25382213645214724, -0.17196599921124303], [0.04153474832605544, 0.25423457316314574, -0.45279302495641033, -0.2941498618076855, -0.5049255197165995, 0.31219497887238207, -0.1144483014911103, -0.6804339223766881, 0.47876711859642346, -0.20408222723641073, 0.3257054075254266, 0.7962403817273979, -0.16994181043431478]], "inverted": false, "swapped": false, "error_lsq": 0.054923921650688254, "error_max": 0.3837076411364108, "target": "1175.xyz", "model": "17.xyz", "model_rescale": 3.7474275329858107, "target_rescale": 3.7925489571003403},
{"mapping": [5, 11, 3, 1, 8, 10, 4, 0, 9, 6, 2, 7, 13], "R": [[-0.20906551356132763, -0.6591543855936122, 0.7223621716231035], [-0.9770751254652228, 0.1104374005274415, -0.1820103836649452], [0.04019714214291148, -0.7438542038043807, -0.6671320058624781]], "T": [0.08429104329817795, -0.15370575662582814, 0.05622282063901353], "aligned_model": [[-0.6037964195386352, 0.4867076979024621, 0.335867984845018, 0.7437634581634684, -0.24774634878102397, -0.19821906778521076, -0.5648721411117097, 0.21428911849830806, -0.25285122916262587, -0.15077522638463864, 0.4419770130500694, 0.4929984954651664, 0.11209825273308113], [-0.3385468085522545, -0.7007667326822338, -0.6274143966103078, -0.15631909498021995, -0.3642978909761742, -0.7834758726693527, 0.227202790387597, 0.30589104051031163, 0.2684472482929862, 0.5808043648189702, 0.45923911297225867, -0.08945624426670477, -0.06036675974344374], [0.1810802019979988, 0.302234581291555, -0.3595876508443614, -0.15260179789066136, -0.5456547204187236, 0.052098679803229624, -0.2940936945862056, -0.6300815398945127, 0.450996292916541, 0.040810429102186394, 0.04236433278081725, 0.6857063396775034, 0.014631086256244645]], "inverted": true, "swapped": false, "error_lsq": 0.05425017867103807, "error_max": 0.3840016835215046, "target": "1175.xyz", "model": "18.xyz", "model_rescale": 3.922800546911778, "target_rescale": 3.7925489571003403},
{"mapping": [6, 0, 2, 3, 10, 1, 4, 11, 8, 13, 12, 5, 14], "R": [[0.03865517571885663, -0.9984021454024133, -0.04121812035989125], [0.09510329099425363, 0.04473755731098944, -0.9944616206812147], [0.9947166136303377, 0.03452110979826836, 0.09668066790258162]], "T": [0.07704270797202926, -0.07113938217808759, -0.017588299022101277], "aligned_model": [[-0.5706811026548577, 0.6635357711736402, 0.2205886929402704, 0.7122775932055175, -0.3263872241338205, -0.1309410142417613, -0.5379791623183626, -0.02746840175123895, -0.2645169568604586, -0.04991161291141975, 0.596797333613768, 0.3794103373107444, 0.14471733452170876], [-0.3008464626514539, -0.5884563791365076, -0.6698940593233719, -0.13432911476069354, -0.35205564037876724, -0.7031198066516839, 0.16855573095258586, 0.26759790850885723, 0.1558213159439213, 0.5967190506469052, 0.4357374008407119, -0.11995731874191219, -0.03483186874715877], [0.04120195731769098, 0.27711773612341645, -0.38367073452526756, -0.057997974393735344, -0.6570654237286105, 0.3069522043239609, -0.3145083065964426, -0.6353083720416559, 0.43652236027704755, -0.11588102985074392, 0.28497590991055144, 0.6814999257274298, -0.07593571235202932]], "inverted": true, "swapped": false, "error_lsq": 0.03806713671625081, "error_max": 0.19549564620791776, "target": "1175.xyz", "model": "19.xyz", "model_rescale": 3.9282355846067225, "target_rescale": 3.7925489571003403},
{"mapping": [6, 0, 4, 11, 8, 3, 7, 9, 2, 12, 10, 1, 13], "R": [[0.5916338152024893, 0.5034594078342797, -0.6296809139334808], [-0.7857983908981755, 0.18548613220406004, -0.5900133757990715], [-0.1802507075458659, 0.8438741134927263, 0.5053574606217666]], "T": [-0.06762718883683144, -0.12425298020520799, -0.048570051361116445], "aligned_model": [[-0.6293634355880195, 0.6042107610185872, 0.20571936183938067, 0.6071514990344153, -0.13989950646812582, -0.018230759535991514, -0.511030767997544, 0.1390454613907152, -0.12417775036337914, -0.03774821485865176, 0.49526215833417214, 0.18449933359460619, 0.03400344749356496], [-0.45695035768981485, -0.45959578123296013, -0.644357446312171, -0.1505684585897175, -0.37332856569330686, -0.7749020425768103, 0.3111506118523151, 0.20858191861758352, 0.30290696472844786, 0.6731065097579841, 0.4643935269610639, -0.26020695811347494, -0.11928916520770623], [-0.07324591320660315, 0.22779196326782644, -0.2812519211078164, -0.2880369370010891, -0.7636642017680038, 0.32635775442132875, -0.004812144755583836, -0.6185982708479496, 0.6536070102089594, -0.34203118328017457, 0.2322950789662618, 0.6438528893941425, 0.07563841590031327]], "inverted": true, "swapped": false, "error_lsq": 0.04620217222713212, "error_max": 0.2735889678058012, "target": "1175.xyz", "model": "20.xyz", "model_rescale": 4.067790424073018, "target_rescale": 3.7925489571003403},
{"mapping": [13, 8, 1, 7, 10, 5, 11, 12, 6, 3, 2, 4, 14], "R": [[0.15087698316985687, 0.2589176292583726, -0.9540428696912873], [0.26023884999961444, -0.9414520134738154, -0.21434515921050595], [-0.9536833210769919, -0.21593926828004878, -0.2094238656749421]], "T": [0.11023382815560634, -0.07352904086968723, -0.012712561896412258], "aligned_model": [[-0.47173193778708755, 0.5268987662505276, 0.21518890441191657, 0.7069513838576159, -0.34263922394144075, 0.025702349767967356, -0.4268132274549352, 0.039604510399750534, -0.2810327520101845, 0.01156717633247517, 0.40874713629432285, 0.32343859333636255, 0.07355990843643895], [-0.45772573803952266, -0.4124835461018449, -0.8240887859696577, -0.37464137234018036, -0.4028949043378326, -0.5424556304169985, 0.20931557933747705, 0.3015265342794825, 0.2478884120264541, 0.7681232162648719, 0.44796831543716775, -0.14718533484385776, -0.0924059887941262], [-0.07461773318057091, 0.17877652257116813, -0.3272751189217489, -0.34425966226408083, -0.6108019768001176, 0.33575322356180665, -0.2354492559076612, -0.6770608755998152, 0.5268781968407024, -0.08775512667890571, 0.4262091210585003, 0.7564369510063055, -0.07893172549397012]], "inverted": false, "swapped": false, "error_lsq": 0.04637411683153728, "error_max": 0.3317913429861531, "target": "1175.xyz", "model": "21.xyz", "model_rescale": 4.186013935880536, "target_rescale": 3.7925489571003403},
{"mapping": [0, 3, 5, 11, 2, 6, 1, 8, 7, 9, 10, 4, 12], "R": [[0.42820851406512805, 0.12553221372869774, 0.8949185056744037], [-0.6410421136026737, 0.7401998249055876, 0.20290201526242785], [-0.6369477820590571, -0.6605648208360102, 0.3974313027479566]], "T": [0.05789825379648561, -0.06971669953668468, -0.041033594149865495], "aligned_model": [[-0.5412536944503119, 0.5122625951783508, 0.10039891539114443, 0.6742136838119606, -0.21503607641496314, -0.017106277057583094, -0.6378577051977171, 0.293854486704176, -0.2604567092936258, 0.0640748816688845, 0.2757818458011646, 0.47001350693703503, 0.0905521348152151], [-0.47280118033199964, -0.8363680424408723, -0.7394646546162206, -0.04950152881581657, -0.253699038719767, -0.4312165417390639, 0.1562182997374542, 0.18516774799592894, 0.19745133278989113, 0.5248878741506044, 0.5838244779929697, -0.048014586697629286, -0.09554340280404672], [-0.02291495014956505, 0.20008342814515606, -0.42596234930548194, -0.17782765947956347, -0.7053803056836403, 0.37555377178459326, -0.04052609104844316, -0.7244271156743398, 0.5636110120937469, -0.2195217182831399, 0.429827428070234, 0.5567173449507666, -0.021330255228711056]], "inverted": false, "swapped": false, "error_lsq": 0.044615881373486384, "error_max": 0.24316020860261872, "target": "1175.xyz", "model": "22.xyz", "model_rescale": 4.166573947596378, "target_rescale": 3.7925489571003403},
{"mapping": [8, 11, 3, 12, 4, 9, 7, 1, 10, 5, 13, 14, 15], "R": [[0.8136606006426977, 0.5338925147757242, -0.23003306203286866], [-0.5400902454753501, 0.8406243936246903, 0.04065901604193011], [0.21507894760794355, 0.09115597352656052, 0.9723330883942419]], "T": [0.11801157974156617, -0.16114991355454247, -0.09324458728923417], "aligned_model": [[-0.6267912944015634, 0.6194596667455664, 0.08788494218962166, 0.7414667265946697, -0.2956575647379497, 0.01999286498501439, -0.3895816445770768, 0.12014916953999988, -0.18835987973647927, 0.05585305230530808, 0.14908078336543396, 0.3974703035862182, 0.11847446203496646], [-0.4756461814807037, -0.764111449002689, -0.7176591528084845, -0.17326807425439994, -0.4058256791718836, -0.5894606529690476, 0.3324310317419845, 0.20306226315705075, 0.2021929020696606, 0.658465234379296, 0.5556280408211797, 0.006106089279604432, -0.11097361526013544], [-0.0722704043531655, -0.00909870066103402, -0.3186697508155736, 0.10809638040697118, -0.6490009385707531, 0.3158903639698433, 0.007336806199852178, -0.7059794254631364, 0.48559888054611017, -0.21745935269855882, 0.3562853979207385, 0.6278004975725298, -0.14062721386221158]], "inverted": false, "swapped": false, "error_lsq": 0.04869790081105833, "error_max": 0.27729115316835756, "target": "1175.xyz", "model": "23.xyz", "model_rescale": 4.274766983524099, "target_rescale": 3.7925489571003403},
{"mapping": [3, 5, 11, 10, 8, 9, 7, 6, 4, 0, 12], "R": [[-0.07706305674538128, -0.7972300548660999, -0.5987366072850848], [-0.43851130386089665, -0.512219218224739, 0.7384709262167697], [-0.8954156139309135, 0.3194615972216894, -0.3101212121562998]], "T": [-0.050509883190874065, 0.08615968705464282, 0.030776864817850018], "aligned_model": [[0.08504086758830134, 0.19752693293750684, -0.36575340959379127, -0.664321876997011, -0.5239566266006422, -0.47800315410758837, 0.1273841657514364, -0.06254468054761558, 0.6814598012702957, 0.3522066070918992, 0.03085607716528386], [-0.21134447203279166, 0.6673281623215933, 0.47758223321923926, -0.13784215849851134, 0.5068880855285331, -0.42100288562421784, -0.5686287510858676, 0.020840590047402532, -0.1103819326471709, 0.5992840352060582, 0.09286362480921617], [-0.5416160852068501, -0.17825960802437954, -0.6200006421064466, -0.2705928325760841, 0.07133154079117437, 0.35014396342808984, 0.1684192568651019, 0.6160690348274465, 0.34105748331075086, 0.45124884421068023, -0.008234521497906024]], "inverted": false, "swapped": true, "error_lsq": 0.05417043882346899, "error_max": 0.305322394219737, "target": "1175.xyz", "model": "24.xyz", "model_rescale": 3.7841303162186577, "target_rescale": 3.7925489571003403},
{"mapping": [3, 1, 4, 8, 5, 6, 13, 12, 11, 14, 10, 7, 15], "R": [[-0.4505877914074928, 0.015833848546631335, -0.8925916935949609], [-0.29845216453373624, 0.9396420039211233, 0.16732964457089958], [0.8413661199024154, 0.34179261798245186, -0.41866556888888806]], "T": [0.22736641860467138, -0.06111287518827893, 0.003983731902756343], "aligned_model": [[-0.49380550914664606, 0.6930579305963568, 0.10253650322900637, 0.756995496705898, -0.17693303609244027, -0.1441166972270857, -0.46784104076086835, -0.13643124977590126, -0.32187759617140804, 0.06332937254528379, 0.4490830053184137, 0.3043460126262481, 0.18109839604687294], [-0.3969233573995038, -0.6378047534866704, -0.7513436007634141, -0.24576139437846664, -0.3741020105504894, -0.5775225364065822, 0.2888664180447692, 0.20034531105766948, 0.10726797670078761, 0.6740363083979068, 0.5838529123438707, -0.04362347216995027, -0.10634704488849447], [-0.12307632591898642, 0.06393610438938037, -0.25038486002180094, -0.1827132086971873, -0.708700277683903, 0.34654439615852806, -0.0747632046830456, -0.6079499080893377, 0.5133033467934967, -0.24490678158306614, 0.3783044411431619, 0.6494090358586789, 0.0288997825256929]], "inverted": false, "swapped": false, "error_lsq": 0.046790375151681676, "error_max": 0.2900723450902002, "target": "1175.xyz", "model": "25.xyz", "model_rescale": 4.19342608120988, "target_rescale": 3.7925489571003403},
{"mapping": [8, 5, 11, 7, 10, 6, 3, 4, 1, 0, 2, 12], "R": [[-0.0542275185583317, 0.9550956916175442, -0.2912929729406655], [-0.2442183794104722, 0.27017650119537834, 0.9313227374868214], [0.9682028503310289, 0.12164241881609067, 0.21860092075616316]], "T": [-0.1951700322334194, -0.06022081858790297, 0.0018969928045831225], "aligned_model": [[-0.20279551843478746, 0.4377252463761146, 0.17642571183222322, -0.5982164412306141, -0.5715606215180977, -0.5065121921469142, -0.0644841752979885, -0.04006944967879983, 0.5202059988144752, 0.20206472966296551, 0.37088785143072717, -0.1258625851775229], [-0.6941354014030191, -0.25128745730039564, -0.544406718124734, 0.5015609390127395, -0.37123207390953133, -0.035879380274315156, 0.24656179376225645, 0.615828687240798, 0.08580831375732391, -0.10013758429143094, 0.5627209957045747, -0.002625686433285715], [0.03194760886400845, 0.07878920087800652, -0.5490858306895223, -0.034081729819583614, -0.5266555669470399, 0.5013485909570237, -0.5667171606472657, 0.4373084814191128, -0.5345939665346768, 0.6673930855225696, -0.050134708380717374, -0.006259543412494305]], "inverted": true, "swapped": true, "error_lsq": 0.037025101193086864, "error_max": 0.22503646676473563, "target": "1175.xyz", "model": "26.xyz", "model_rescale": 3.795458400668931, "target_rescale": 3.7925489571003403},
{"mapping": [5, 4, 11, 9, 8, 10, 6, 1, 7, 1, 0, 3, 12], "R": [[0.7020984662669308, 0.40030082056271477, -0.5889117053705424], [0.4225135725167585, -0.8999024816179818, -0.10797131386124466], [-0.5731841106527196, -0.17301669467023928, -0.8009526819111326]], "T": [0.17797392439177395, -0.10799668923075484, -0.09687787026213966], "aligned_model": [[-0.5503663307050063, 0.5720734722495929, 0.25145094592629663, 0.6004794552174436, -0.3019573044190132, -0.04630549253281796, -0.5186424343241304, 0.12101700117519099, -0.21085343389211897, 0.12101700117519099, 0.20717965164037438, 0.4908228571022708, 0.07352619928045633], [-0.23844195805058885, -0.7651995217309997, -0.7606971226735095, -0.07184302201544332, -0.22283301008565695, -0.639398963830963, 0.3064314639275807, 0.3429383809905863, -0.08314321034080777, 0.3429383809905863, 0.5851747221428094, 0.007081031782795122, -0.08206641460495623], [0.04228021440530823, 0.23723762768505596, -0.3799995105925629, -0.16437808421744338, -0.6328166215489355, 0.3214483113269666, -0.2523189018948188, -0.4760435885086649, 0.6161464551759563, -0.4760435885086649, 0.36130725830837057, 0.5618779435839982, 0.02920502497704637]], "inverted": false, "swapped": false, "error_lsq": 0.057176179328771774, "error_max": 0.46813413717331986, "target": "1175.xyz", "model": "27.xyz", "model_rescale": 3.6321398670334006, "target_rescale": 3.7925489571003403},
{"mapping": [10, 5, 2, 1, 11, 0, 9, 13, 8, 6, 4, 3, 14], "R": [[-0.10771079338572617, -0.9029007826921815, 0.41613526839486126], [0.9941811502528588, -0.09844922494892752, 0.043721740460075376], [0.0014918009653215603, 0.41842314314674484, 0.9082509828285785]], "T": [-0.026124211172175733, -0.009245356068694657, 0.10841682204745352], "aligned_model": [[-0.6993531982050856, 0.5467404013344156, 0.3873783709739174, 0.6234816498103004, -0.20133989051486456, -0.0836473863563311, -0.5204112151575965, 0.07469637557283504, -0.32545174353084283, 0.03620316194179763, 0.612632862348726, 0.34429247857334866, 0.01421972110310983], [-0.3983161601633124, -0.6751718235021239, -0.48685058090340044, -0.06645551218873942, -0.37091560934154405, -0.6177766983935019, 0.19913665095530125, 0.16515882418517658, 0.03670232370358058, 0.6805810529729566, 0.51781366929702, -0.2562050194583174, -0.006760360661663367], [0.10078311937994701, 0.12678519916981423, -0.3756828861754693, -0.03992878644919377, -0.3926020698406131, 0.23408457425520052, -0.29011731458327106, -0.6827188952049134, 0.5271308711193453, -0.24394983512966695, 0.13421289086786076, 0.6312576014236466, 0.05864807135892444]], "inverted": false, "swapped": false, "error_lsq": 0.046942644413689595, "error_max": 0.29107943179167795, "target": "1175.xyz", "model": "28.xyz", "model_rescale": 4.156811204709835, "target_rescale": 3.7925489571003403},
