[{"mapping": [7, 4, 8, 9, 2, 6, 1, 3, 12, 11, 10, 5, 1, 13], "R": [[-0.5804149792244166, -0.765608204606503, 0.2774212121145875], [0.4908816464207318, -0.05712922666027326, 0.8693511722362091], [-0.6497335308410609, 0.6407654239270453, 0.4089816748955902]], "T": [0.021367777740773884, 0.045345459623452454, 0.1200784037740742], "aligned_model": [[0.12167365039988837, -0.3399835090484061, 0.33034016646982417, -0.07454367718446853, -0.7173894502687961, -0.22200705999714268, -0.023319746309766194, -0.362532796832365, 0.2281824078795098, 0.6804256736614667, 0.7476359353459809, 0.4076039778724948, -0.023319746309766194, 0.08358609536557501], [-0.42025193974620645, -0.08458828155138606, 0.11542414768752152, -0.6773818780643115, -0.048217465594748245, 0.5198234137757879, 0.1823989279002207, 0.4000132100134223, -0.32340474215461823, 0.03325425199212088, -0.6513091997444184, 0.6952027837407999, 0.1823989279002207, -0.05445573659828624], [-0.46690735081096923, -0.7551054038064787, -0.5942073738422686, 0.047902507956242235, -0.0716035789419158, -0.42781359613750536, 0.6788838130629545, 0.11447113407624458, 0.5155158898863748, -0.10917763947426881, 0.06873861928485767, 0.15021669238586416, 0.6788838130629545, 0.007346578453765518]], "inverted": true, "swapped": false, "error_lsq": 0.05241322258896704, "error_max": 0.46295973001094676, "target": "1176.xyz", "model": "0.xyz", "model_rescale": 3.8414455957264533, "target_rescale": 4.195733293252337},
{"mapping": [2, 5, 6, 4, 3, 10, 13, 12, 0, 9, 7, 8, 11, 14], "R": [[0.2761550586038296, 0.06582542990441881, 0.9588562960034284], [0.7158854477400094, 0.6515770647252019, -0.25090905611032943], [-0.6412849673285674, 0.7557210738771208, 0.13281283513429587]], "T": [0.063398798739433, -0.047297153149669154, -0.002232177850211606], "aligned_model": [[0.23959447738740108, -0.2619984615513471, 0.27179313384376613, -0.0776452818051166, -0.6293034773465537, -0.3158612893264338, 0.44478021302135734, -0.20037802928540244, 0.08103637814649112, 0.7430510980219455, 0.5124610612548585, 0.3598386830604138, -0.3067409245085683, -0.02427565986878294], [-0.461885327902472, -0.07293557736386819, 0.1867305459685537, -0.5687174536429817, -0.367436723509363, 0.4306666547863524, 0.2191435835992191, 0.6095995975801121, -0.5089845419274757, 0.009730804460347207, -0.49374448630333606, 0.6845526364147518, 0.23854083193084075, -0.036354124534560966], [-0.5867631486287941, -0.5747547356429684, -0.717655137312302, -0.0658299170002568, -0.17844538460628903, -0.3122219910924517, 0.5964368052116794, 0.2827204282878705, 0.556383110468464, -0.020404798031840733, 0.10723409658912239, 0.026432748433440567, 0.7101993161820085, 0.013812712298169534]], "inverted": false, "swapped": false, "error_lsq": 0.03836201432565262, "error_max": 0.2726165733643647, "target": "1176.xyz", "model": "1.xyz", "model_rescale": 4.316132596720782, "target_rescale": 4.195733293252337},
{"mapping": [0, 1, 3, 6, 8, 9, 12, 11, 4, 2, 7, 13], "R": [[-0.7806398197268322, 0.19846509046012825, -0.5926323309822981], [-0.1355493527974629, 0.8719045263930701, 0.4705410394550777], [0.6101047818309966, 0.4476540011257904, -0.653741577737735]], "T": [0.0038329843844172803, 0.008908358342129956, -0.07070153863907509], "aligned_model": [[-0.013540304240426439, 0.47296615343497206, 0.09012786884469981, -0.6016751774786285, -0.5794093642376291, -0.5144893161413058, -0.24883348897827187, -0.13109251750196033, 0.6753189822584597, 0.2412119724241412, 0.23664030889144425, -0.029416562643714173], [-0.6149394156846791, -0.3994757113884629, -0.5582927759449563, 0.4516145971979089, -0.18952221033760633, -0.07075337032332941, 0.4778848575921721, 0.5710276326415442, -0.10009948239184492, -0.14151777608126495, 0.5956265941925715, -0.00877651173107197], [0.16913678741701382, 0.15793412936763668, -0.5152561374833461, -0.06438243930557948, -0.5594157962496382, 0.42302290178057705, -0.5587408919579224, 0.405311232313417, -0.41036778141612257, 0.6604780450995338, -0.19525591127423292, -0.06320567708191567]], "inverted": false, "swapped": true, "error_lsq": 0.043267272333433804, "error_max": 0.2122305809007269, "target": "1176.xyz", "model": "2.xyz", "model_rescale": 3.795458400668931, "target_rescale": 4.195733293252337},
{"mapping": [5, 11, 2, 10, 4, 3, 9, 12, 6, 8, 1, 13], "R": [[-0.3016347401638027, -0.235364820733319, 0.9239155181549276], [-0.5179376808322346, -0.7731420445365597, -0.3660490919862455], [0.8004730116002924, -0.5889437835065424, 0.1113021903133865]], "T": [0.06457151081110578, 0.03656993951226807, -0.014594051228020745], "aligned_model": [[-0.2584336116034538, -0.16028232566368766, -0.71450413952909, 0.14628487552458175, 0.0976303203222089, 0.277394628641878, -0.21209305402025402, 0.7180518592526941, 0.39588641114487355, 0.6567865975587063, -0.41843978216956706, 0.06502204628467508], [-0.050470585651404914, -0.6640896491683762, -0.04476802414414842, 0.11387047246788069, 0.5789148271693891, 0.7051233502742196, -0.35282370616773995, -0.23928224851267915, -0.5929691809984404, 0.12435723087668633, 0.47633446808124413, 0.03157209106307843], [-0.6254157212999576, -0.15347537005995812, -0.009528849186376594, 0.863919179658809, -0.5464948400134405, 0.17124292746435982, 0.5244765643453497, -0.15181911657962283, 0.22327106093517649, 0.4952712603082701, -0.12615120099287647, 0.023475536059367176]], "inverted": false, "swapped": true, "error_lsq": 0.05171854366889559, "error_max": 0.28040324547506745, "target": "1176.xyz", "model": "3.xyz", "model_rescale": 3.7530521520055578, "target_rescale": 4.195733293252337},
{"mapping": [2, 4, 7, 12, 11, 3, 9, 0, 10, 8, 13], "R": [[-0.0992655747894779, 0.46574023607800963, 0.8793363282383566], [-0.3621579751278108, -0.8400033819902287, 0.4040246518423132], [0.9268160263574639, -0.27835292479688123, 0.25205495937192596]], "T": [-0.03853042717843308, -0.08262890440437984, -0.09457492291904067], "aligned_model": [[-0.5594108623738709, -0.22017817192499933, 0.4217963250111306, 0.6493630415497009, 0.2740450004567927, -0.3516919887211016, -0.13366422698210967, -0.6546757667513594, -0.2521922475060928, 0.20959872859244277, -0.04479022890532829], [-0.6673673147758882, 0.18074046978058192, -0.2934807575694536, 0.1375155496158487, -0.7531136974680331, 0.5692759308903411, -0.40451319758095505, 0.020670833948894712, 0.24566499386536608, 0.5080678760304816, -0.07625732842283807], [-0.07547117398573018, -0.784350234694235, -0.4915536472879602, -0.11191588723920963, 0.021691460946231547, -0.15575210220741575, 0.5426910209733634, 0.1435518994675653, 0.6997862582223596, 0.3613825192231946, -0.05722933617284723]], "inverted": false, "swapped": true, "error_lsq": 0.0531828164121924, "error_max": 0.32052336050435004, "target": "1176.xyz", "model": "4.xyz", "model_rescale": 3.7855080009869324, "target_rescale": 4.195733293252337},
{"mapping": [9, 3, 2, 10, 5, 0, 13, 4, 8, 14, 15, 12, 6, 16], "R": [[-0.7503063670391702, 0.3780435706388387, -0.542331461634967], [0.5907203800446856, 0.7516937724389734, -0.2932676338710555], [0.2967992388473132, -0.5404068200671627, -0.7873186652458795]], "T": [0.04435917550815092, 0.05953852277374794, 0.06638581631638284], "aligned_model": [[0.27617768185562286, -0.13285543062176322, 0.24006993621706554, -0.17670594462572653, -0.6694027159552343, -0.455468108136602, 0.5194600862013256, -0.571697040553756, 0.14919822949868078, 0.6577586978516615, 0.5650624172080785, 0.5264247731076928, -0.17651324980173452, 0.08484258879871787], [-0.3707167649317714, -0.13415096330046544, 0.25143479146750836, -0.6321796306844133, -0.13197407197496386, 0.44887937154926527, 0.1189628796424099, 0.4403373873260217, -0.41900422616151717, 0.03501328498425153, -0.5706118718552244, 0.5390124974628245, 0.24235867767215197, 0.05154505836004186], [-0.45135406698923075, -0.5766507081188679, -0.619659960423655, 0.0062153674987885515, -0.26372042865109724, -0.38865294392232574, 0.6100911679036746, 0.21627826866983557, 0.5716733425462226, -0.2179325566970246, 0.17172679086092202, 0.09436313243155724, 0.6527894578190727, 0.031977242227979805]], "inverted": true, "swapped": false, "error_lsq": 0.0374451269268678, "error_max": 0.2557560913634967, "target": "1176.xyz", "model": "5.xyz", "model_rescale": 4.2253639853439635, "target_rescale": 4.195733293252337},
{"mapping": [11, 5, 8, 6, 2, 10, 0, 4, 7, 9, 12, 1, 3, 13], "R": [[-0.6567101098116501, -0.7267160332004736, 0.20153321999248364], [0.3763908998049017, -0.08427096421182834, 0.9226203418171883], [-0.6534995961859711, 0.681749376002778, 0.3288708958004585]], "T": [0.07778510820477878, 0.035109373977260716, -0.045037635753676725], "aligned_model": [[0.23126481422069095, -0.26231000773530483, 0.387499329453697, -0.2227029215729857, -0.5913119266388436, -0.32527350385814663, 0.48969827730835463, -0.317439951465552, 0.1961618120765763, 0.6637111638296614, 0.644803437853971, 0.19848950947877597, -0.29713263520070005, 0.040894523293834195], [-0.6174010635947531, -0.1537334027090892, 0.23878309587115498, -0.5216998903439891, 0.037507323125679504, 0.48401649880905623, 0.21846663413889822, 0.49590648036304297, -0.4542746506138298, 0.20381261349266572, -0.6859342821067891, 0.7585282640841149, -0.1547622074463333, 0.01969100648629076], [-0.44029438460692116, -0.5444522773670113, -0.6841456014095241, 0.07067042468039594, -0.09478720701400595, -0.5395461017138645, 0.6181141610407422, 0.318795418216959, 0.5680540771917744, -0.07378310152234978, 0.12796532471757655, -0.01672970562942014, 0.5262722109545601, 0.0010108676169406708]], "inverted": true, "swapped": false, "error_lsq": 0.04560764255905094, "error_max": 0.3624718546003902, "target": "1176.xyz", "model": "6.xyz", "model_rescale": 3.89814844738969, "target_rescale": 4.195733293252337},
{"mapping": [12, 7, 4, 6, 3, 5, 11, 8, 9, 2, 1, 0, 13], "R": [[-0.6050849656885178, -0.7716274116132714, 0.19612068209326675], [-0.4810397152289957, 0.15803985175445767, -0.8623364758780855], [0.6344075792975143, -0.6161286739833102, -0.46681096862159954]], "T": [-0.024020483907567163, 0.05538010068748081, -0.02924887649727456], "aligned_model": [[0.10223425314849621, -0.1642592435677915, 0.4528902049721473, -0.37293706233809304, 0.6509070329541523, -0.26818439900691743, -0.7327989892369806, 0.3683927284301695, -0.5056327344713563, -0.5170890047884599, 0.08208521556822723, 0.08129532667637776, -0.028271527435749243], [-0.43806764704858847, 0.10764195169326987, 0.5780330961547236, -0.5880458071265631, 0.0980046348168447, 0.5900306533471704, -0.020126162929992697, -0.6064177704585577, -0.2358884252314343, 0.5531169905402405, 0.6467850351203734, 0.24771345065521008, 0.031001265937788784], [-0.541626447848077, -0.6549909316482152, -0.30770776453292825, -0.19335006927474704, 0.23428237638801322, -0.402805088947728, -0.2588201339438285, 0.13330389011688656, 0.42017309361528016, 0.3210963985565277, 0.25024983810655305, 0.60235761610114, 0.00011225414741908996]], "inverted": false, "swapped": true, "error_lsq": 0.042273282061905684, "error_max": 0.26062401061926177, "target": "1176.xyz", "model": "7.xyz", "model_rescale": 3.7474275329858107, "target_rescale": 4.195733293252337},
{"mapping": [0, 3, 5, 1, 2, 8, 11, 4, 12, 7, 10, 9, 13, 14], "R": [[-0.7839826213703459, 0.21369940587806757, 0.5828411561623303], [0.3918231203150033, -0.5578919023657086, 0.7315950161540093], [0.4815037816838985, 0.8019284190014292, 0.35364518803735046]], "T": [0.0890827715713246, -0.0695520269415861, 0.002588645551972985], "aligned_model": [[0.14045293280210697, -0.06558623387184859, 0.3342354475731355, -0.39168924709516906, -0.7222807179215603, -0.2333424496078665, 0.5160183747705258, -0.523285600537238, 0.16106918059762443, 0.7179561355884333, 0.7411848948012677, 0.42324824190090415, -0.29573458658960294, 0.03410554863331612], [-0.6281192548096026, -0.10026434547465349, 0.31928555767627476, -0.6471839403232171, -0.09249967994146366, 0.4661662694038613, 0.15716275607715036, 0.3777077755964181, -0.32764901572931604, 0.13484968535306857, -0.4488732478130142, 0.6146823414127404, 0.11232812184028262, -0.06868660371240945], [-0.3432104234374102, -0.6968888660451871, -0.546708143315017, 0.0013808540661523101, -0.22046334163839623, -0.26991493160767754, 0.39349317797845734, 0.19543441740165618, 0.5583282609237407, -0.1605550456065746, 0.08095695524327352, 0.024886799972582575, 0.7943885199076706, 0.02601587131258133]], "inverted": false, "swapped": false, "error_lsq": 0.0440070519324382, "error_max": 0.23574067579714336, "target": "1176.xyz", "model": "8.xyz", "model_rescale": 4.019505241142653, "target_rescale": 4.195733293252337},
{"mapping": [6, 7, 8, 10, 9, 0, 3, 11, 2, 5, 4, 1, 13], "R": [[0.485457058192308, -0.6629006715861092, -0.5699948633645359], [-0.855653441368174, -0.494054693478278, -0.15416597590546952], [-0.17941190854029507, 0.5625590275364627, -0.8070555790099952]], "T": [-0.06397548857364876, -0.026620787232421186, -0.013769906636415766], "aligned_model": [[-0.3607796338452034, -0.6856147771629238, 0.035906643979877306, 0.5587191338260946, 0.2819012448890802, 0.5972057573570708, 0.2730029677208247, -0.37621493778423365, 0.30425128269105467, -0.3749384544037422, -0.20692403923651428, 0.31250037623175286, -0.03931479252196186], [-0.6025555724989231, -0.019908200721266756, -0.021483622902939828, -0.300692204764683, -0.6556937860661962, 0.04944696662223279, 0.5357257791749598, -0.6393662293561024, -0.2811092740755697, 0.07284614330108612, 0.6778413328407111, 0.2949002174102657, -0.046573320849515945], [-0.3917584004965219, 0.15197346858764182, -0.7937603697472028, -0.5808450414620697, -0.07211601782970314, 0.049974550489226374, -0.3252254964359639, 0.2825756302312518, 0.6290714770226876, 0.6013884781464606, 0.23411745570808157, 0.4267160910872304, -0.03540833125723964]], "inverted": false, "swapped": true, "error_lsq": 0.05070642158732687, "error_max": 0.2889089100391396, "target": "1176.xyz", "model": "9.xyz", "model_rescale": 3.877068213659057, "target_rescale": 4.195733293252337},
{"mapping": [8, 7, 1, 9, 2, 4, 12, 3, 10, 0, 11, 5, 6, 15], "R": [[-0.40969937723141764, -0.3640009386940043, 0.8364506781192015], [-0.46890431384731907, 0.8705609649920951, 0.14917221821574927], [-0.782480136969344, -0.33109956638738736, -0.5273498955973355]], "T": [-0.0805990015765953, -0.03235104028886096, 0.0835108077527706], "aligned_model": [[0.2205588193706213, -0.209117615340168, 0.3118414570592446, -0.20470317430033688, -0.6041810288028293, -0.4272281557947133, 0.49191873722080404, -0.19633031713725713, 0.028748983317603644, 0.6953566728105606, 0.5205644922679282, 0.32935473393564685, -0.12838252172385614, 0.007950838160779933], [-0.4999958229116489, -0.009302415766397724, 0.360381139882871, -0.672117857350297, -0.2895786872183853, 0.3961915316336666, 0.22361810230509996, 0.5695696814981756, -0.5168851213971718, 0.028286815012116953, -0.4347700501640055, 0.6165530346963353, 0.12138895001914399, -0.02443288068338356], [-0.4512183386158441, -0.7222424399854687, -0.5833164047143604, -0.021092624309890395, -0.23279783324565678, -0.30928707060329735, 0.48958771243408256, 0.248007160326913, 0.5899498681578513, -0.08376703753662089, 0.22951310370546385, -0.06432991211051704, 0.6788135254580392, 0.0693243961951579]], "inverted": true, "swapped": false, "error_lsq": 0.036557736151491764, "error_max": 0.21722304674995732, "target": "1176.xyz", "model": "10.xyz", "model_rescale": 4.260839863003843, "target_rescale": 4.195733293252337},
{"mapping": [11, 6, 12, 7, 4, 5, 2, 9, 8, 3, 0, 13], "R": [[-0.994129077623411, 0.09209854965134878, 0.056791145223039685], [0.06650114814736488, 0.10604088352093555, 0.9921355392874411], [0.0853520610103152, 0.9900874649111651, -0.11154298501956095]], "T": [-0.027730505308991904, 0.04778056604439224, 0.011051440477414791], "aligned_model": [[0.22575706602747458, 0.32963718906451456, -0.24292565026488425, -0.42171144773616825, -0.7167822636489283, -0.39946297242288337, 0.26854813812360984, 0.6832368314588261, 0.1694936925191921, -0.22404604308489104, 0.28080092161036607, 0.006353187447902149], [-0.07820907955487472, -0.5670037414158153, -0.6402239865489994, -0.20083053669674306, 0.3329053473258154, 0.34939718889166754, 0.6873256943586129, 0.0476199116497398, -0.4779124459250737, 0.1641062525394734, 0.5147659093509712, 0.04113799155815988], [-0.6822318984885318, -0.227689978928222, -0.036932923605286806, -0.4327084799346735, 0.15958037568036115, -0.4947685477317372, -0.33071073392428557, -0.10424488012037109, 0.561630614041098, 0.700051636024099, 0.3767608151195958, 0.027442079263458537]], "inverted": true, "swapped": true, "error_lsq": 0.04697714096479847, "error_max": 0.2732893824310724, "target": "1176.xyz", "model": "11.xyz", "model_rescale": 3.890672605050136, "target_rescale": 4.195733293252337},
{"mapping": [12, 7, 5, 4, 3, 8, 11, 0, 2, 9, 10, 6, 1, 13], "R": [[0.7735840101951481, -0.5742769825457671, -0.2679061897167032], [0.5977352783416768, 0.520882397466027, 0.609421090081269], [-0.21042888631599851, -0.6315753916423382, 0.7462119058790445]], "T": [0.10344993028196366, 0.09874208530272213, 0.04545448802540318], "aligned_model": [[0.36269572247241705, -0.15620599567941978, 0.3553031596095246, -0.2584311959226318, -0.7640965872105637, -0.31206913080564785, 0.49246617757721556, -0.4423339011323754, 0.15313654320900316, 0.8175289906608965, 0.5194138255278224, 0.22481114640148336, -0.20807751068530778, 0.0522106770216125], [-0.42195442809432715, -0.2160307184477239, 0.19581669522498232, -0.4871947251829505, -0.06710351361335667, 0.5476665163560577, -0.012606057696730372, 0.18246008359463908, -0.4055691276973342, 0.2796462028350386, -0.6859981952226186, 0.6373398503516978, 0.34936758013870917, -0.026933742989963677], [-0.42016220724311226, -0.7031849795480218, -0.6840101463611994, 0.17498112019003603, -0.2245852003701928, -0.33533654510752364, 0.41832190988757806, 0.2547529492617312, 0.5442185350505858, -0.20591219992189824, 0.14888192353196372, 0.21050674232020822, 0.7128642611429672, -0.05419205767727034]], "inverted": true, "swapped": false, "error_lsq": 0.05301217034701334, "error_max": 0.33822005346719164, "target": "1176.xyz", "model": "12.xyz", "model_rescale": 4.124412569039231, "target_rescale": 4.195733293252337},
{"mapping": [9, 2, 5, 10, 11, 6, 0, 12, 1, 3, 7, 4, 13], "R": [[0.5759816714856226, -0.7983609408713471, -0.1756841546743631], [0.4328975555131763, 0.11558564359668888, 0.8940020500116628], [-0.6934297517004477, -0.5909820361782212, 0.41218371191896797]], "T": [0.12088800865223293, 0.0782020368616424, -0.07891650088303882], "aligned_model": [[-0.2623378357199246, 0.03202350577590943, 0.6632745770117395, -0.6975652486159566, 0.4827094594610175, 0.1943714096487576, -0.44851378291875155, 0.44852217864535177, -0.017495097264715403, -0.2732207878720865, 0.7544959366145387, 0.4028716928417971, 0.08816229990208067], [-0.19020813789821595, 0.5447429260635342, 0.4691187105306733, -0.2589000084573916, -0.168061155213355, -0.6365102866530307, 0.4166384204989805, -0.48336266805276307, 0.7249267892448021, 0.2941825984609967, -0.03008661291301823, 0.6046951102064936, 0.06030969069077172], [0.4686798391289949, 0.5440145453714771, 0.11605128996206786, -0.04834821797329543, 0.5287106921158591, 0.13661856219307011, 0.01192794279662275, -0.39397625211375153, -0.03726367325113801, -0.6488492852423364, -0.10659126049186789, -0.5494901473353573, -0.06978595419250619]], "inverted": true, "swapped": true, "error_lsq": 0.045500608107022264, "error_max": 0.3162573270776883, "target": "1176.xyz", "model": "13.xyz", "model_rescale": 3.9028299243045295, "target_rescale": 4.195733293252337},
{"mapping": [3, 0, 4, 6, 2, 8, 14, 12, 9, 10, 7, 13, 11, 15], "R": [[-0.0996904825378521, -0.27069010900417956, 0.9574908211459137], [0.988092871068089, 0.0864063878159789, 0.12730441582685287], [-0.11719336941905809, 0.9587808931303861, 0.2588530724799459]], "T": [-0.030151780813187513, 0.006470854790859926, -0.05100740168766077], "aligned_model": [[-0.01685015115473979, -0.20024502249158155, 0.4081856351471303, -0.16873182599977513, -0.7139467290364317, -0.4339251661834738, 0.43755849941888525, -0.31238359358053963, 0.29521226225886404, 0.7045154801293599, 0.678559996589108, 0.2822716639691649, -0.15887319133392566, 0.035004063311983656], [-0.4920922891296408, -0.054724842215943356, -0.01981741787934048, -0.613730376525839, -0.10800767048630575, 0.5148167811512276, 0.2555121266142819, 0.5630160014156207, -0.4271860801717576, 0.11441353833719303, -0.5526009790951848, 0.7037921887485562, 0.05161061688801631, -0.06609517809476421], [-0.4251027149578043, -0.8600437327927084, -0.5672752685668201, 0.15037349611193462, -0.29893663673371296, -0.4694074877023053, 0.6577070623080739, 0.2569584934880296, 0.5030010447265603, 0.01196080312211284, 0.025112615152488985, 0.1698679028464171, 0.6751123464870397, 0.007816181666545824]], "inverted": false, "swapped": false, "error_lsq": 0.045918792055202835, "error_max": 0.31666275358926343, "target": "1176.xyz", "model": "14.xyz", "model_rescale": 3.942246331269136, "target_rescale": 4.195733293252337},
{"mapping": [6, 11, 10, 8, 13, 4, 5, 3, 0, 9, 7, 5, 1, 14], "R": [[0.25100299613627863, 0.7265856994521414, -0.6395863642091301], [0.7767114602161869, -0.5454983628946118, -0.3148822695042344], [-0.5776822686386093, -0.4177376658034813, -0.7012691630676547]], "T": [0.011025523519776544, 0.005716004029939712, -0.039961391588609105], "aligned_model": [[0.2691465372585002, -0.24308421629185556, 0.2517202164447768, -0.10773096987885067, -0.7761630832716365, -0.2719102395067975, 0.31964342856848144, -0.26067014511854997, 0.11474602527915528, 0.7916749950499883, 0.6159129616575729, 0.31964342856848144, -0.1948320026333734, 0.008254984918136019], [-0.36860302969386344, -0.2931927885943249, 0.33726284242479865, -0.7588633650665078, -0.05572292655585176, 0.3888882404964249, 0.3707103753036649, 0.613337857480276, -0.448299735974698, 0.052209625422157235, -0.5820572880279229, 0.3707103753036649, 0.2691119718301667, -0.02658573479186526], [-0.36561180629277146, -0.640122035484324, -0.6240361083768596, -0.05245978810702841, -0.23358267567583052, -0.38170744953872954, 0.37754747755186896, 0.23119368830737475, 0.5290985773172009, -0.23123881289546389, 0.10008593061212236, 0.37754747755186896, 0.6982030066678401, 0.052226623518582746]], "inverted": false, "swapped": false, "error_lsq": 0.04857626654808707, "error_max": 0.4604207004411861, "target": "1176.xyz", "model": "15.xyz", "model_rescale": 4.355366556412066, "target_rescale": 4.195733293252337},
{"mapping": [0, 1, 3, 6, 8, 9, 12, 11, 4, 2, 7, 13], "R": [[-0.7806398197268322, 0.19846509046012825, -0.5926323309822981], [-0.1355493527974629, 0.8719045263930701, 0.4705410394550777], [0.6101047818309966, 0.4476540011257904, -0.653741577737735]], "T": [0.0038329843844172803, 0.008908358342129956, -0.07070153863907509], "aligned_model": [[-0.013540304240426439, 0.47296615343497206, 0.09012786884469981, -0.6016751774786285, -0.5794093642376291, -0.5144893161413058, -0.24883348897827187, -0.13109251750196033, 0.6753189822584597, 0.2412119724241412, 0.23664030889144425, -0.029416562643714173], [-0.6149394156846791, -0.3994757113884629, -0.5582927759449563, 0.4516145971979089, -0.18952221033760633, -0.07075337032332941, 0.4778848575921721, 0.5710276326415442, -0.10009948239184492, -0.14151777608126495, 0.5956265941925715, -0.00877651173107197], [0.16913678741701382, 0.15793412936763668, -0.5152561374833461, -0.06438243930557948, -0.5594157962496382, 0.42302290178057705, -0.5587408919579224, 0.405311232313417, -0.41036778141612257, 0.6604780450995338, -0.19525591127423292, -0.06320567708191567]], "inverted": false, "swapped": true, "error_lsq": 0.043267272333433804, "error_max": 0.2122305809007269, "target": "1176.xyz", "model": "16.xyz", "model_rescale": 3.795458400668931, "target_rescale": 4.195733293252337},
{"mapping": [12, 7, 4, 6, 3, 5, 11, 8, 9, 2, 1, 0, 13], "R": [[-0.6050849656885178, -0.7716274116132714, 0.19612068209326675], [-0.4810397152289957, 0.15803985175445767, -0.8623364758780855], [0.6344075792975143, -0.6161286739833102, -0.46681096862159954]], "T": [-0.024020483907567163, 0.05538010068748081, -0.02924887649727456], "aligned_model": [[0.10223425314849621, -0.1642592435677915, 0.4528902049721473, -0.37293706233809304, 0.6509070329541523, -0.26818439900691743, -0.7327989892369806, 0.3683927284301695, -0.5056327344713563, -0.5170890047884599, 0.08208521556822723, 0.08129532667637776, -0.028271527435749243], [-0.43806764704858847, 0.10764195169326987, 0.5780330961547236, -0.5880458071265631, 0.0980046348168447, 0.5900306533471704, -0.020126162929992697, -0.6064177704585577, -0.2358884252314343, 0.5531169905402405, 0.6467850351203734, 0.24771345065521008, 0.031001265937788784], [-0.541626447848077, -0.6549909316482152, -0.30770776453292825, -0.19335006927474704, 0.23428237638801322, -0.402805088947728, -0.2588201339438285, 0.13330389011688656, 0.42017309361528016, 0.3210963985565277, 0.25024983810655305, 0.60235761610114, 0.00011225414741908996]], "inverted": false, "swapped": true, "error_lsq": 0.042273282061905684, "error_max": 0.26062401061926177, "target": "1176.xyz", "model": "17.xyz", "model_rescale": 3.7474275329858107, "target_rescale": 4.195733293252337},
{"mapping": [3, 10, 11, 8, 5, 12, 2, 9, 0, 1, 0, 7, 6, 13], "R": [[0.2729288819435508, 0.459846420961075, -0.8450154404094241], [0.18459524777493552, 0.8370094112797591, 0.5151114830092814], [0.9441580481571683, -0.29657463573003146, 0.14355857878108738]], "T": [0.032314987914362936, 0.021300353189261323, -0.060246629815318004], "aligned_model": [[0.3438169499197551, -0.28002337718803694, 0.33169198174567643, -0.16300145253098572, -0.6760509074243728, -0.4091486061595321, 0.420756338798034, -0.36054136939242165, 0.34669084533026484, 0.7208043498154759, 0.34669084533026484, 0.28653726186697676, -0.14664630780047344, 0.07477536873340346], [-0.40856212706008527, -0.15871950839299967, 0.2456081095685113, -0.6665199325944577, -0.04271388850807911, 0.5658545233121508, 0.19742532118200956, 0.4029534453094496, -0.5248879932097428, -0.03549783530005102, -0.5248879932097428, 0.7257330207198442, 0.08867482124951163, 0.004446456489800743], [-0.48306332419942766, -0.6488695698920025, -0.6781431484967935, -0.13514118085116864, -0.1919275769988771, -0.3206455050483539, 0.5071386329320543, 0.3241086298791711, 0.48928817464460617, -0.09595070721562926, 0.48928817464460617, -0.14127091246198092, 0.6870366813525397, 0.03529573686710778]], "inverted": false, "swapped": false, "error_lsq": 0.044403571189437434, "error_max": 0.45698706995311583, "target": "1176.xyz", "model": "18.xyz", "model_rescale": 3.922800546911778, "target_rescale": 4.195733293252337},
{"mapping": [4, 13, 11, 8, 12, 7, 2, 3, 1, 10, 6, 9, 0, 14], "R": [[-0.672062304870118, 0.5804891342364498, 0.45974408468851624], [-0.6539888175735789, -0.7565037652526174, -0.0008244072567739624], [0.3473195716647378, -0.3012215433730292, 0.888051066632203]], "T": [-0.0069270538005294854, -0.11703060407917701, 0.026507345501002106], "aligned_model": [[0.4378113398730905, -0.1989599424096483, 0.2637333001287813, -0.18029831091847426, -0.7652414680276299, -0.28225018798237367, 0.4210219953068559, -0.34792852993602225, 0.23984745876883168, 0.7703643574835556, 0.47579727795629917, 0.32942752794398644, -0.2950495217432042, -0.03192337540001965], [-0.3879163455436201, -0.2067899655333355, 0.19244518340257374, -0.6953069081570786, 0.009396640017163976, 0.5193440258635195, 0.2925173244937459, 0.3800852899036816, -0.42831706519265644, 0.047947334969676986, -0.6078128267679463, 0.6239490723285119, 0.16096134308520912, -0.03159668331332646], [-0.4761812413557438, -0.6268534840135662, -0.5550520431621122, -0.0731399192329811, -0.13959336398612457, -0.3702741072009075, 0.42932128314156937, 0.24038353587324385, 0.6511561292262618, -0.11206028720770068, 0.06984095065573194, 0.05012726093717719, 0.7600934389183007, -0.01062404743729686]], "inverted": true, "swapped": false, "error_lsq": 0.03379352750695889, "error_max": 0.2034919170582446, "target": "1176.xyz", "model": "19.xyz", "model_rescale": 3.9282355846067225, "target_rescale": 4.195733293252337},
{"mapping": [9, 12, 7, 11, 10, 2, 3, 1, 4, 6, 8, 5, 0, 13], "R": [[0.0013205069882493703, 0.8261488854582184, -0.5634503308344381], [0.41847882714568885, -0.5121974372541553, -0.7500195040804234], [-0.9082255928413727, -0.23480162760598444, -0.3464021769295307]], "T": [0.16353809152899665, -0.027349634301004247, -0.05653422726403472], "aligned_model": [[0.0777382888921068, -0.12498992079103763, 0.27657496309866964, -0.24560076660234845, -0.6717878131206326, -0.2892795559246176, 0.2862228463704348, -0.2504955816414718, 0.30062274227646796, 0.7683329026369953, 0.6347601365051638, 0.34890662074877266, -0.30617981834295716, 0.03152687693848319], [-0.6344839458096139, -0.31625370847990547, 0.20816580645115607, -0.550930913896388, -0.04935157808860226, 0.6134112549440978, 0.29442576230956286, 0.47267382747913456, -0.35023563565408294, 0.21649973826702767, -0.623375177393958, 0.6390422131106829, -0.08642100066442746, 0.03573977698143603], [-0.3766141343094817, -0.8022421910789905, -0.6220896349940639, 0.2114792234249076, -0.2662504557307675, -0.307727123915748, 0.6126175598569185, 0.3177029321108573, 0.469127521010914, -0.016474596560774615, -0.02013483939260955, 0.03964563719172155, 0.5885027073515886, 0.009601500191379814]], "inverted": false, "swapped": false, "error_lsq": 0.048776151314193515, "error_max": 0.2859716130514503, "target": "1176.xyz", "model": "20.xyz", "model_rescale": 4.067790424073018, "target_rescale": 4.195733293252337},
{"mapping": [12, 9, 10, 0, 7, 1, 6, 5, 2, 11, 3, 13, 4, 14], "R": [[0.09341698771542634, -0.7461131855968623, 0.6592331762621464], [-0.5278448590680981, 0.5243014554208767, 0.6681974173842116], [-0.844187817468101, -0.41039383294836784, -0.34485334667999323]], "T": [0.03261472857466645, 0.0015061650745383636, 0.061185169393579514], "aligned_model": [[0.3531260899527556, -0.14340940380835188, 0.24521847186366397, -0.2771445545797184, -0.6039362861401091, -0.47082508324535427, 0.5013057685628295, -0.19661947548709413, 0.06772879361174831, 0.6468576599294534, 0.610029554665275, 0.28202197036088955, -0.23357119196861503, 0.05556960732665624], [-0.41404634687394837, -0.04743978653030842, 0.37012223338111794, -0.634663622329294, -0.19525975494867084, 0.4428503313414706, 0.11516881948513959, 0.5008927885800103, -0.46594650404947024, 0.03901807741774181, -0.6115133295739578, 0.6218000315207193, 0.1270523601987217, 0.020871121936848182], [-0.4970284491598863, -0.694241662344076, -0.638963860513178, 0.12279050694807445, -0.27459740250644604, -0.41322897885200915, 0.6224038546870417, 0.2768951617672777, 0.6390925461455499, -0.13713460191574367, 0.1817846488388679, -0.14655277146228265, 0.8067424799543741, -0.010817366431711911]], "inverted": false, "swapped": false, "error_lsq": 0.037501821753057586, "error_max": 0.1916489606625813, "target": "1176.xyz", "model": "21.xyz", "model_rescale": 4.186013935880536, "target_rescale": 4.195733293252337},
{"mapping": [0, 9, 8, 4, 5, 3, 1, 2, 12, 6, 11, 7, 13], "R": [[-0.7088152221231582, -0.543608743824495, 0.449522540618435], [0.3448208098597627, 0.28891122783232903, 0.8931007286527504], [-0.6153694743600427, 0.7880481178646204, -0.017337068837436076]], "T": [0.04539266316531892, -0.03144253808893905, -0.011339100927849687], "aligned_model": [[-0.08648859082633331, -0.5129047821110256, 0.4478753309092554, 0.5131169359550947, -0.13290538895061227, 0.5862840170464269, -0.02436949554439822, -0.59608369295703, 0.3953663750199354, -0.14280122784712318, -0.5338641359016271, 0.11023521628772731, 0.035113474342935214], [-0.46727931467446016, 0.18233520641593906, 0.3960309146896808, -0.5143409069364967, -0.30435190857236827, -0.3415899714307195, -0.6903533407542716, -0.4799624570513639, 0.5682675353348805, 0.6926402952169023, 0.30388747505145636, 0.1933639611850501, -0.01969082892813597], [-0.5008939374705659, -0.4130490209650076, -0.5344663347245784, 0.34389670972797654, 0.6040808815802629, -0.3828735381773858, -0.021709382558598216, 0.019293502396505544, 0.1882302926247209, -0.06570810789287829, 0.32449786953555665, 0.5880012127127845, -0.0464205854534472]], "inverted": false, "swapped": true, "error_lsq": 0.05238118599774756, "error_max": 0.2573749263479255, "target": "1176.xyz", "model": "22.xyz", "model_rescale": 4.166573947596378, "target_rescale": 4.195733293252337},
{"mapping": [2, 1, 4, 6, 5, 7, 9, 10, 12, 3, 11, 8, 14, 15], "R": [[-0.49626801299471146, 0.8505789675989992, 0.17387777073709404], [0.6509885549159051, 0.4970917089897004, -0.5736843506861595], [-0.5743970409453573, -0.17150875409704178, -0.8004078876555989]], "T": [0.07685498453669057, 0.007507111163779482, 0.017054703948641965], "aligned_model": [[0.31155920659585745, -0.19807906241011367, 0.40111546566831935, -0.2301360828833299, -0.7166443597265159, -0.42067400644342523, 0.4447208227653269, -0.36069340057531474, 0.05425465561999146, 0.6597043818593763, 0.6569099717612447, 0.39300052130049734, -0.19248321162609847, 0.03379701913821281], [-0.4591094073986038, -0.23835204563838444, 0.19449398068220905, -0.6635247435721939, -0.01633939974526054, 0.4943342843191215, 0.269167252713516, 0.49153224650949257, -0.49494597148526015, -0.02463003586903966, -0.4001171932678053, 0.7192918918321223, 0.009831943318517148, -0.012726382842310794], [-0.40720016277820403, -0.5929154639392005, -0.6151988562379149, -0.1689032655519408, -0.22962751221756636, -0.1468167525717119, 0.41285498397710346, 0.38476697209252486, 0.43706837051028036, -0.12675223551269688, 0.3627018732687343, -0.20087548169444297, 0.7609829897823458, -0.032941353971458906]], "inverted": true, "swapped": false, "error_lsq": 0.04406474815540134, "error_max": 0.29370644746799723, "target": "1176.xyz", "model": "23.xyz", "model_rescale": 4.274766983524099, "target_rescale": 4.195733293252337},
{"mapping": [4, 11, 2, 0, 9, 10, 3, 8, 12, 6, 13], "R": [[0.6973247339297846, -0.41799077804999085, -0.5822558929842774], [-0.5324888236836952, -0.8458882542040271, -0.030474810116187412], [-0.4797852312250863, 0.33129559439392847, -0.8124342195116254]], "T": [0.0576535441120031, 0.07479084920401753, -0.11088297433046218], "aligned_model": [[0.377528759720396, 0.1369351562228147, -0.43817860680356535, -0.552949296886611, -0.4526328477470707, -0.5524875900545003, -0.058550589824834104, 0.05009312020024578, 0.632154044285646, 0.20731553512794051, 0.030667019717613066], [-0.41002601997144944, 0.8181424024470024, 0.40928315952773847, -0.18065894680357625, 0.4959661404886369, -0.08525526676627944, -0.6375804060266895, -0.23911198747166784, 0.12709467947485414, 0.5409981224556367, 0.07673465388927769], [-0.6015781556467662, -0.1546325112470205, -0.6167147270004922, -0.20532804432002538, 0.17369916424943793, 0.51084926737176, -0.03461686684372989, 0.610085681383363, 0.3240597789572266, 0.45737836152955974, -0.08363551441173561]], "inverted": true, "swapped": true, "error_lsq": 0.05794650367709195, "error_max": 0.2649934385269073, "target": "1176.xyz", "model": "24.xyz", "model_rescale": 3.7841303162186577, "target_rescale": 4.195733293252337},
{"mapping": [8, 9, 2, 10, 14, 12, 6, 13, 7, 1, 0, 3, 11, 15], "R": [[-0.20272818229746548, 0.8229233251093343, 0.5307527532602755], [-0.06773953260528248, 0.5289237872306212, -0.845961573018559], [-0.9768892669206596, -0.20745319542637497, -0.05148331654626395]], "T": [0.11259123027204601, -0.030858042958674656, -0.03526991676627397], "aligned_model": [[0.45775243159964873, -0.22299755259333595, 0.2843450386987317, -0.35879930936220494, -0.6539776369310413, -0.33123247227712815, 0.4899984473222365, -0.47585737718340737, 0.19685960487930293, 0.823326042772146, 0.5339026878686561, 0.14185304404558322, -0.18883225425234498, 0.14001122645718608], [-0.2927816232662448, -0.1398636537029785, 0.21201487138994646, -0.6281005653994185, -0.057820039638609586, 0.45225791078261435, 0.29436175831304157, 0.427298134949927, -0.40703933752618604, -0.21262920699232724, -0.6169337562283738, 0.7286305833366453, 0.09854899507334129, 0.01096234846474202], [-0.437411144217294, -0.5017874986078552, -0.728311333056786, 0.12704900945351716, -0.23761661152694544, -0.41578457183795814, 0.48801043411864575, 0.2009950833902458, 0.4883635760116628, -0.15713732024030536, 0.10735498766779247, 0.2317931102814285, 0.658866431977718, 0.012759951741985541]], "inverted": true, "swapped": false, "error_lsq": 0.044353890606429906, "error_max": 0.30082845099527383, "target": "1176.xyz", "model": "25.xyz", "model_rescale": 4.19342608120988, "target_rescale": 4.195733293252337},
{"mapping": [0, 1, 3, 6, 8, 9, 12, 11, 4, 2, 7, 13], "R": [[-0.7806398197268322, 0.19846509046012825, -0.5926323309822981], [-0.1355493527974629, 0.8719045263930701, 0.4705410394550777], [0.6101047818309966, 0.4476540011257904, -0.653741577737735]], "T": [0.0038329843844172803, 0.008908358342129956, -0.07070153863907509], "aligned_model": [[-0.013540304240426439, 0.47296615343497206, 0.09012786884469981, -0.6016751774786285, -0.5794093642376291, -0.5144893161413058, -0.24883348897827187, -0.13109251750196033, 0.6753189822584597, 0.2412119724241412, 0.23664030889144425, -0.029416562643714173], [-0.6149394156846791, -0.3994757113884629, -0.5582927759449563, 0.4516145971979089, -0.18952221033760633, -0.07075337032332941, 0.4778848575921721, 0.5710276326415442, -0.10009948239184492, -0.14151777608126495, 0.5956265941925715, -0.00877651173107197], [0.16913678741701382, 0.15793412936763668, -0.5152561374833461, -0.06438243930557948, -0.5594157962496382, 0.42302290178057705, -0.5587408919579224, 0.405311232313417, -0.41036778141612257, 0.6604780450995338, -0.19525591127423292, -0.06320567708191567]], "inverted": false, "swapped": true, "error_lsq": 0.043267272333433804, "error_max": 0.2122305809007269, "target": "1176.xyz", "model": "26.xyz", "model_rescale": 3.795458400668931, "target_rescale": 4.195733293252337},
{"mapping": [11, 5, 2, 9, 10, 12, 7, 6, 4, 0, 8, 3, 13], "R": [[-0.05966187352296992, 0.04367219973557865, -0.9972628539246736], [0.04723356917819409, -0.9977999499695911, -0.04652149807745123], [-0.9971005219086077, -0.049879843734090316, 0.057467820548937065]], "T": [-0.0604571227674551, -0.0673083858401979, 0.020935708447508965], "aligned_model": [[-0.0831621416483965, 0.3158199171809565, 0.6209668106520316, -0.04815455827203299, -0.26918351987005684, -0.7321165531776497, -0.2373431068584315, -0.6350584297945147, 0.20388919904780853, 0.34457970642894953, -0.6638086136317728, -0.04705051092141487, -0.06970181631421951], [-0.728699908115702, -0.5700593983015786, -0.2646869471621709, -0.07957373270917545, 0.5511870462741079, -0.24710930616221033, -0.5943560119911441, -0.3418899452815772, 0.02299123843182206, 0.40376037076214966, 0.42120849625017454, 0.5965425730782599, -0.04743297181604109], [-0.3295166621933076, 0.32204778630723335, -0.31118402305014975, -0.6991101438959133, -0.5776748785099393, 0.21716759319270545, 0.34479289729304247, -0.3754317778559418, 0.7281247292642432, -0.22614665132120132, -0.10438862194796678, 0.3140481310365477, -0.010591716219926564]], "inverted": false, "swapped": true, "error_lsq": 0.04798023161916603, "error_max": 0.2828440528960273, "target": "1176.xyz", "model": "27.xyz", "model_rescale": 3.6321398670334006, "target_rescale": 4.195733293252337},
