[{"mapping": [2, 9, 0, 12, 3, 1, 11, 5, 4, 6, 13], "R": [[0.07180475352888119, 0.1561311440766688, -0.9851229076719143], [-0.7848923927688277, 0.6182885858538678, 0.04078181428588851], [0.6154575607986963, 0.770287148050735, 0.1669422067770286]], "T": [0.027255122279774432, -0.067723533241048, 0.047175657691686204], "aligned_model": [[-0.4383991632164293, -0.639573567755954, -0.3578622365000368, -0.050770025694255844, 0.1528943716608948, 0.31691162694061903, 0.2234560727645295, 0.7450504851831007, -0.5434942975846764, 0.12387414091822928, -0.06795525283494512], [0.06833507644484484, -0.2801041928225693, -0.6065880184296545, -0.5733291393902745, 0.0715626705179092, -0.5309075235552934, 0.14346044372444106, 0.15726828171831853, 0.6875303797784557, 0.6190559586219433, -0.0017268997350380622], [-0.5494082731504589, 0.26391772870047514, -0.3487057906606037, 0.3180905064683999, -0.4406915765586775, -0.13884534608801308, 0.682760707661554, 0.1281062491721019, -0.08412877180024307, -0.27460839875208287, 0.1617151316375142]], "inverted": false, "swapped": false, "error_lsq": 0.05286955699176643, "error_max": 0.2524208389965579, "target": "1178.xyz", "model": "0.xyz", "model_rescale": 3.8414455957264533, "target_rescale": 3.7881664569019344},
{"mapping": [9, 6, 8, 10, 13, 12, 3, 11, 2, 0, 14], "R": [[0.6119784931430666, -0.6582949871274412, 0.4383264010451846], [0.790605164365067, 0.4947546107861467, -0.3607788092240648], [0.020634873627606548, 0.5673319883707694, 0.8232305976830806]], "T": [-0.09423669928164395, 0.10714811588657269, 0.015322703213445022], "aligned_model": [[-0.4746659636960303, -0.779455851042764, -0.15846681572433116, -0.09682144351002601, 0.2223300303146471, 0.35299459307860415, 0.10511928949127188, 0.7292052303811829, -0.7183933058039216, 0.3142082783617581, -0.03192188796931478], [0.11262793271429047, -0.2316384937333113, -0.5758801424998193, -0.452878591440776, -0.00904592693073858, -0.5093583579437727, 0.32279347828927474, -0.07886287766719141, 0.4239104579847065, 0.6618812250960534, 0.09100833300436675], [-0.5510280947714303, 0.17571447664861253, -0.3766585308883702, 0.40869874034299875, -0.6637438993858932, -0.03151192848286423, 0.7413606839380323, -0.10133363343517322, 0.2491920615773191, -0.2104232763561368, 0.07793556744287096]], "inverted": true, "swapped": false, "error_lsq": 0.04203731522562775, "error_max": 0.24306550105418503, "target": "1178.xyz", "model": "1.xyz", "model_rescale": 4.316132596720782, "target_rescale": 3.7881664569019344},
{"mapping": [0, 2, 4, 6, 5, 3, 10, 7, 1, 9, 11], "R": [[-0.30777071759049585, 0.8094054920292402, 0.5001399152904467], [0.689220242260864, -0.17272880901581, 0.7036620042277799], [0.6559364626636544, 0.5612731135631599, -0.504697779804319]], "T": [-0.07350133078005953, 0.04097828209691299, 0.03099464916531725], "aligned_model": [[-0.4825639912302648, -0.8909285150268617, -0.32541198749171213, -0.05391577966117998, 0.1790211581050965, 0.40211667603582385, 0.1517358439707432, 0.8090185916778047, -0.40625102065286084, 0.17159794207497525, -0.09028676392048796], [0.09988488480594793, -0.12974563620264692, -0.6313481420153279, -0.636158930050424, 0.031879374358142955, -0.4010398465164339, 0.157341030814219, 0.18117071633065582, 0.4620963011249418, 0.7045095175637189, -0.08403223333971133], [-0.5461637437989757, 0.08923161268327279, -0.2498040894577298, 0.4970392447913284, -0.5622249428933115, -0.06608518606709614, 0.6080247388578035, -0.01334255449413876, 0.11183103542961523, -0.19172524495696353, 0.04142129653616153]], "inverted": false, "swapped": false, "error_lsq": 0.03813380334134986, "error_max": 0.20239001355864358, "target": "1178.xyz", "model": "2.xyz", "model_rescale": 3.795458400668931, "target_rescale": 3.7881664569019344},
{"mapping": [0, 10, 2, 5, 1, 6, 9, 8, 4, 7, 11], "R": [[0.37903908143879705, -0.6957491444384672, 0.6101331844402288], [0.7964770059741225, -0.09038803342268074, -0.5978748885581984], [0.4711196808630803, 0.7125750005628331, 0.5198875983098155]], "T": [-0.055124509145285314, -0.05415293412175507, -0.040729746548763754], "aligned_model": [[-0.49174864258336115, -0.707634478506772, -0.2232952817869801, -0.19951238618802963, 0.2055643512540375, 0.34258698247709696, 0.333682809021528, 0.7260977413956379, -0.5619964866458785, 0.15538087160122965, -0.1149933261574328], [0.33246336759608547, -0.36730056566959995, -0.6938253974456768, -0.23271306814565076, -0.052074923102071534, -0.4889177038237581, 0.3012567136888043, -0.050057253434464745, 0.2644337295833437, 0.6796605671282583, 0.06163157049781256], [-0.5623571475940021, 0.08247754276485604, -0.4283675185849518, 0.6234186066447693, -0.613709538420655, -0.05080253555518731, 0.6499709805323489, -0.025303869237626467, 0.1884820975114616, -0.06325809926114122, -0.08234835216990577]], "inverted": false, "swapped": false, "error_lsq": 0.05455930663562048, "error_max": 0.37130606469360006, "target": "1178.xyz", "model": "3.xyz", "model_rescale": 3.7530521520055578, "target_rescale": 3.7881664569019344},
{"mapping": [1, 2, 0, 4, 7, 6, 9, 8, 3, 5, 10], "R": [[0.4347462090981864, -0.23546746435983124, -0.8692242558182025], [-0.17356956778976973, -0.9690233859041699, 0.17569087258048194], [-0.883668115760679, 0.07448993756723261, -0.4621492295668157]], "T": [-0.07080159537877041, 0.0365479428928112, 0.020038583289788404], "aligned_model": [[-0.6210393167030738, -0.7227343405778817, -0.11730444402615887, -0.21889809707459051, 0.2802459210515005, 0.37887428154662406, 0.17460706787437624, 0.8431232833342515, -0.5499719703701291, 0.1057338591229736, -0.0885040902968156], [0.19676599770616193, -0.12990514416362597, -0.6845493423534276, -0.5838276783768764, 0.02427226609119976, -0.5363174602922051, 0.2728247331099197, 0.03587179580032514, 0.5292759641493786, 0.6736804493152064, -0.043534544112974], [-0.5244744980529986, 0.11295278335384172, -0.37754986730719653, 0.3846101388605427, -0.4655187145861761, 0.1463413076664431, 0.44584562321305016, -0.058830618231451706, 0.34819195275859244, -0.2636111030380657, -0.029754838006615502]], "inverted": true, "swapped": false, "error_lsq": 0.04921005765869319, "error_max": 0.2391638568413573, "target": "1178.xyz", "model": "4.xyz", "model_rescale": 3.7855080009869324, "target_rescale": 3.7881664569019344},
{"mapping": [9, 15, 14, 13, 2, 12, 6, 1, 10, 5, 16], "R": [[0.7808868180454177, 0.6210317198013845, -0.06734523296743074], [0.4643740795600736, -0.5050094536849307, 0.7275453016284157], [0.41781873059454533, -0.5994039161445164, -0.6827462586312578]], "T": [0.013116464764140662, 0.0638643664152907, 0.06840036106110359], "aligned_model": [[-0.44132494232676966, -0.7533476896862246, -0.18865858120962306, -0.10765770313423813, 0.16830174530602857, 0.3145099039502265, 0.2260903676075781, 0.7486799934825425, -0.5699307550839791, 0.07291760821614938, -0.005447793240614954], [0.06838522113340417, -0.23869268633269802, -0.45509926459800143, -0.48689329756291555, -0.06887199508106467, -0.5436659513508677, 0.11684063837107844, -0.017104550084399664, 0.5004959226703577, 0.8449825223531666, 0.03418047735502233], [-0.47966586545070544, 0.0860082133149536, -0.31586644604127195, 0.523314896785257, -0.6415885646402315, 0.012416695401498146, 0.683146405687877, -0.09126888697861346, 0.049084626958017796, -0.13502405813518642, 0.027645149728370885]], "inverted": true, "swapped": false, "error_lsq": 0.04211103564406228, "error_max": 0.23602231511379304, "target": "1178.xyz", "model": "5.xyz", "model_rescale": 4.2253639853439635, "target_rescale": 3.7881664569019344},
{"mapping": [9, 7, 11, 6, 8, 5, 4, 10, 0, 1, 13], "R": [[-0.9947928695338538, 0.04244796424102711, -0.09265698600965662], [0.09349319864016034, 0.018153091977451075, -0.9954544123462862], [-0.04057300250946112, -0.9989337493464974, -0.022027162411817347]], "T": [-0.06182471442314351, -0.04316381048793465, 0.004553736062078456], "aligned_model": [[-0.3187525491120977, -0.7577530263784444, -0.200577545601699, -0.21352173179240974, 0.26008316957486427, 0.37988865417131207, 0.15440860250160193, 0.7103162277691245, -0.6556360716152136, 0.18223944683002907, -0.0765630224659911], [0.2565390899864516, -0.21299367012714793, -0.7268995521779964, -0.5749887847719651, -0.01809174331816113, -0.4916709519892139, 0.3926019919380813, 0.05710585023396969, 0.4818359756603165, 0.6407581032444194, -0.04963927180567135], [-0.46102406269412155, 0.34548308273215045, -0.3401299975092418, 0.33298665123984794, -0.6599848867932456, -0.06231860858034452, 0.5186185474373163, -0.04295242057356295, 0.1263155771314462, -0.10216684801956254, 0.06337513225928379]], "inverted": false, "swapped": false, "error_lsq": 0.03739759475196084, "error_max": 0.20090643582494508, "target": "1178.xyz", "model": "6.xyz", "model_rescale": 3.89814844738969, "target_rescale": 3.7881664569019344},
{"mapping": [11, 10, 9, 5, 8, 6, 0, 3, 4, 7, 12], "R": [[0.5362039429502176, 0.7672957053744486, 0.351770709523359], [-0.7682301501664451, 0.6162845764030819, -0.173250562085424], [-0.3497252749514699, -0.1773432304927412, 0.9199139148086182]], "T": [-0.06394795527259442, 0.06655062615678178, 0.07156114137335358], "aligned_model": [[-0.4384244066736547, -0.7380017784189538, -0.3024467555667526, -0.1387806804799618, 0.199461866186208, 0.4243158529180673, 0.301495857390352, 0.726018513433486, -0.510809410857638, 0.16974930745026037, -0.22844621150033678], [0.19131937402296073, -0.21951264304792698, -0.7102988091247248, -0.6524802983505178, -0.09124782130264714, -0.4013953035286436, 0.21597009635472317, 0.1905591298175664, 0.5225417533128823, 0.6545578773075534, 0.054543681411856455], [-0.6352206609708957, 0.12374267609414687, -0.29934202145444666, 0.3543529320339825, -0.5312669338298254, 0.0725158820575127, 0.513302048671336, -0.04226682535613592, 0.16034582390136065, -0.104244835589645, 0.10628408107257535]], "inverted": true, "swapped": false, "error_lsq": 0.039210172442903264, "error_max": 0.1711801827703753, "target": "1178.xyz", "model": "7.xyz", "model_rescale": 3.7474275329858107, "target_rescale": 3.7881664569019344},
{"mapping": [3, 1, 10, 12, 5, 11, 13, 9, 2, 8, 14], "R": [[0.09438007952339111, -0.10671690579194487, 0.9897999305957499], [0.6481801550057928, -0.748043067018979, -0.142457209510455], [0.755615568424728, 0.6550137952005533, -0.0014285836142111652]], "T": [-0.08703836825857694, -0.09004001421357233, -0.04999581537874116], "aligned_model": [[-0.4032689663179134, -0.7922639053131285, -0.06096833714605568, -0.09205957732258102, 0.1795296802306535, 0.4251286246170495, 0.1228524432134461, 0.6418208092927243, -0.56452919156335, 0.11335304486970618, -0.10546247067947459], [0.24523947964347298, -0.05611104526251931, -0.8214056021592581, -0.4783926339200348, 0.13208730860866105, -0.41431061848923817, 0.03436548317636175, 0.03945971968461945, 0.581746178761284, 0.5480595067509845, -0.05618073992125099], [-0.5992866371067308, 0.20750678072834672, -0.24921451413695467, 0.4293784111145266, -0.6765916915240906, 0.08789364107569346, 0.8152099105450689, -0.22981394101666608, 0.12116294261489767, -0.18372164962843807, -0.004321086035687406]], "inverted": false, "swapped": false, "error_lsq": 0.05158954683487683, "error_max": 0.275172795833285, "target": "1178.xyz", "model": "8.xyz", "model_rescale": 4.019505241142653, "target_rescale": 3.7881664569019344},
{"mapping": [8, 9, 7, 1, 4, 0, 2, 3, 11, 5, 12], "R": [[-0.21238007807394382, 0.36555543980246397, 0.9062361297521373], [-0.8755294539101067, -0.48305429898710533, -0.0103305162478175], [0.43398488196384877, -0.795630419642753, 0.4226456643169557]], "T": [-0.11434050696106966, 0.04315054002053848, 0.1770062590798625], "aligned_model": [[-0.49544909333027076, -0.7639184479092789, -0.17045724368261012, -0.23123364842462393, 0.28509838608738214, 0.26463052862886993, 0.40057409662611987, 0.6895129745760495, -0.5331553837714992, 0.13321385996507434, -0.11468387488413676], [0.01830650298504151, -0.14865171018558512, -0.5786076100758277, -0.4821802749072141, -0.05403565197794529, -0.44135107550753416, 0.05279062732322587, 0.23175384099505156, 0.4694363339278679, 0.6104456093919445, 0.07665044490405708], [-0.3800179330388907, 0.08426761082685444, -0.4786245095118546, 0.5852571997238265, -0.5431312875375751, -0.03343427125036208, 0.4681113637175209, -0.06113064025313947, 0.0034434610266737553, -0.08264323316813921, 0.1561044060950509]], "inverted": true, "swapped": false, "error_lsq": 0.05418327064220163, "error_max": 0.3286845952645289, "target": "1178.xyz", "model": "9.xyz", "model_rescale": 3.877068213659057, "target_rescale": 3.7881664569019344},
{"mapping": [7, 0, 5, 12, 4, 3, 10, 13, 8, 2, 15], "R": [[-0.2100376613196453, 0.25130477427679043, -0.9448439507416373], [0.84111926472932, -0.44619740105523875, -0.30565709838438027], [-0.4984000033392679, -0.8589259512421556, -0.11765902835811548]], "T": [0.021231466265798415, 0.028932755831442954, 0.06632542401544067], "aligned_model": [[-0.33929631745939437, -0.6824564287583584, -0.2762300455238167, -0.1539268081624088, 0.14502808847008036, 0.3147637919788486, 0.14222063271117308, 0.7715354554231635, -0.6106917723342611, 0.20924016364531897, -0.05605460610926884], [0.3475083883020055, -0.30264040544379767, -0.6365165414376982, -0.5756199716971964, -0.03713716430824993, -0.4764978268496033, 0.2055960911655464, 0.1883266629462732, 0.47123153090240943, 0.5817510149045628, -0.011444741611169484], [-0.5930802576214331, 0.23558445849278986, -0.2159675514734518, 0.46885591261294507, -0.5957922707552972, -0.1809397020747765, 0.7426112119862966, -0.029986580391510587, 0.04714861781542762, -0.2489523266973645, 0.08872065473634008]], "inverted": true, "swapped": false, "error_lsq": 0.04064411871584256, "error_max": 0.19929939602083732, "target": "1178.xyz", "model": "10.xyz", "model_rescale": 4.260839863003843, "target_rescale": 3.7881664569019344},
{"mapping": [1, 2, 3, 4, 0, 5, 10, 6, 8, 7, 11], "R": [[-0.2582573181140839, -0.8795443885306182, 0.39963086247788937], [-0.90425295915763, 0.07447524333080574, -0.4204521661086868], [0.34004373762089823, -0.4699522387808342, -0.8145643926478074]], "T": [-0.1062770607082958, 0.006698013148581938, 0.06850295631960598], "aligned_model": [[-0.5156377417599187, -0.7290661903076497, -0.20669069438292798, -0.16886495445835648, 0.35474321797716707, 0.3175649043043566, 0.2527595428896241, 0.7153692449609962, -0.5673671717748646, 0.12037355532453632, -0.10905155889188653], [0.11957088381213961, -0.2791913125371134, -0.5401777341171978, -0.49634488915604086, 0.1032505822448846, -0.5177567071791834, 0.23984953733793324, 0.008857894801500964, 0.5145646764900903, 0.562764329285899, 0.039169775890170316], [-0.5171114142506616, 0.04096898360758078, -0.37271931265320823, 0.5968337737040303, -0.671883546458983, 0.112276661532172, 0.5268334878001666, -0.09927075421180354, 0.28082527921977873, -0.1942238591973037, 0.015672867538197237]], "inverted": true, "swapped": false, "error_lsq": 0.044907815767398045, "error_max": 0.20100299251623915, "target": "1178.xyz", "model": "11.xyz", "model_rescale": 3.890672605050136, "target_rescale": 3.7881664569019344},
{"mapping": [8, 4, 7, 10, 5, 12, 11, 9, 0, 6, 13], "R": [[0.9184497570789366, -0.2983670828064782, -0.2596673403013842], [0.31543266977392564, 0.1564133672769962, 0.935968530120733], [-0.23864675686238923, -0.9415476315272764, 0.23777254468176096]], "T": [-0.10067399681258132, 0.14799775182978536, 0.03881435328895769], "aligned_model": [[-0.31473526096476107, -0.6085823458446231, -0.2731131088181723, 0.08986603266057633, 0.30665335246620123, 0.11590871237102038, 0.16918726798928707, 0.6711997400713994, -0.641802262933171, 0.10875951334736073, -0.15920948646404182], [0.3623415605962949, -0.24041699448691078, -0.49069502431587053, -0.4965235140759595, -0.18373876505742748, -0.5629364361442388, 0.21569262606878276, 0.09703350184700849, 0.3826702964486298, 0.6769426598809921, -0.0058128738882187725], [-0.6149635544680799, 0.3255548939392532, -0.4990522292633326, 0.6285832397234545, -0.5347773967633948, -0.01406907698441956, 0.5135294948807909, -0.04740626810670316, 0.01046763999346964, -0.052909324190432996, 0.003244747869360222]], "inverted": true, "swapped": false, "error_lsq": 0.05594417406462338, "error_max": 0.24236667689272065, "target": "1178.xyz", "model": "12.xyz", "model_rescale": 4.124412569039231, "target_rescale": 3.7881664569019344},
{"mapping": [1, 0, 4, 7, 2, 10, 9, 11, 6, 8, 12], "R": [[-0.669108662301124, -0.340782918481579, 0.6604245607976571], [0.58795136357289, -0.7862750073999571, 0.18996001371598412], [0.4545401985593575, 0.5154014117262147, 0.726467200005785]], "T": [-0.23479052117940388, -0.09007038064255099, 0.1417806835036922], "aligned_model": [[-0.5075113766027158, -0.76515742120849, -0.28062481044907384, 0.024165360246838158, 0.20866927509051772, 0.4039115939189166, 0.04398617054861251, 0.7051899671576685, -0.3937295712623925, 0.16545758078848408, -0.14022461434728942], [0.30961357512616994, -0.3075201898575486, -0.5925211722329378, -0.4109575291507712, -0.058207849569140394, -0.44176648254512796, 0.2662995194834059, 0.11682679087142614, 0.5598151409043236, 0.45002029572335833, -0.1370450618800758], [-0.5130020052007184, 0.05126038069860869, -0.4613102513534526, 0.614063399589159, -0.596273313067532, 0.02785468834466376, 0.5933615981068122, -0.111563160513899, 0.14173566635629375, -0.10921660547003423, 0.08129176914006478]], "inverted": true, "swapped": false, "error_lsq": 0.047305271761583015, "error_max": 0.23379281348346076, "target": "1178.xyz", "model": "13.xyz", "model_rescale": 3.9028299243045295, "target_rescale": 3.7881664569019344},
{"mapping": [13, 11, 7, 6, 4, 3, 2, 0, 12, 8, 15], "R": [[0.17586863516154222, 0.8877428491306002, 0.42542079989570475], [-0.9214476204122105, -0.0036228644888216047, 0.3884857239199025], [0.34641666530796617, -0.4603254377832932, 0.8173713876363231]], "T": [-0.12261717409284302, -0.03677409569490199, -0.03330510272431281], "aligned_model": [[-0.5895250711460688, -0.8001576041483494, -0.12985822520717777, -0.10239306682205211, 0.3054928585034344, 0.3791732127189368, 0.2477029496943663, 0.6824840296233019, -0.5396604388392219, 0.1764581784440601, -0.16558466894015356], [0.3733376888660585, -0.08697132877077869, -0.8633489198715297, -0.5478583330587763, -0.15728793072758462, -0.39566819599141895, 0.23330173013969074, 0.15549028926545522, 0.5106251933806308, 0.6745628848248809, -0.14162604118354546], [-0.5297491495501288, 0.2569980005482014, -0.40391214941029663, 0.3942368835793994, -0.5447359283878022, 0.05664420363092951, 0.5429516315302843, -0.07872390164457266, 0.06998682634165686, -0.0007352822220584865, -0.04475896778564717]], "inverted": true, "swapped": false, "error_lsq": 0.044221127009966804, "error_max": 0.21487868809083646, "target": "1178.xyz", "model": "14.xyz", "model_rescale": 3.942246331269136, "target_rescale": 3.7881664569019344},
{"mapping": [6, 5, 10, 3, 11, 4, 12, 13, 0, 8, 14], "R": [[-0.033082360872009775, -0.45968173887149005, 0.8874673269181339], [-0.9624357427751942, 0.2540746787888245, 0.09572616479895393], [-0.2694865459125836, -0.8509634284423976, -0.4508195260031071]], "T": [-0.18432554909154464, -0.05100004651748433, -0.04950155153720978], "aligned_model": [[-0.2649225085765814, -0.6566787587998363, -0.18118815595734916, -0.08165623432402594, 0.30994502083469344, 0.19281330074383063, 0.26642670828228254, 0.6149100279782816, -0.4880160459104562, -0.029544228302882808, -0.21795697208688064], [0.13683954047340482, -0.2621242292241742, -0.6067708521567347, -0.47186089545808346, 0.023225444719297543, -0.4994417879444843, 0.16690094519349227, 0.02423267736704881, 0.5705322808480421, 0.6588174380808096, 0.014206474974463958], [-0.5700875761472454, 0.31804243622999784, -0.496837537577437, 0.5239817421469334, -0.5636009629471048, -0.06767486750801842, 0.5965772505036255, 0.07892109486167034, 0.19987192550021027, -0.3160401183174405, 0.015048779884774321]], "inverted": false, "swapped": false, "error_lsq": 0.047323528188087445, "error_max": 0.2534182599726756, "target": "1178.xyz", "model": "15.xyz", "model_rescale": 4.355366556412066, "target_rescale": 3.7881664569019344},
{"mapping": [0, 2, 4, 6, 5, 3, 10, 7, 1, 9, 11], "R": [[-0.30777071759049585, 0.8094054920292402, 0.5001399152904467], [0.689220242260864, -0.17272880901581, 0.7036620042277799], [0.6559364626636544, 0.5612731135631599, -0.504697779804319]], "T": [-0.07350133078005953, 0.04097828209691299, 0.03099464916531725], "aligned_model": [[-0.4825639912302648, -0.8909285150268617, -0.32541198749171213, -0.05391577966117998, 0.1790211581050965, 0.40211667603582385, 0.1517358439707432, 0.8090185916778047, -0.40625102065286084, 0.17159794207497525, -0.09028676392048796], [0.09988488480594793, -0.12974563620264692, -0.6313481420153279, -0.636158930050424, 0.031879374358142955, -0.4010398465164339, 0.157341030814219, 0.18117071633065582, 0.4620963011249418, 0.7045095175637189, -0.08403223333971133], [-0.5461637437989757, 0.08923161268327279, -0.2498040894577298, 0.4970392447913284, -0.5622249428933115, -0.06608518606709614, 0.6080247388578035, -0.01334255449413876, 0.11183103542961523, -0.19172524495696353, 0.04142129653616153]], "inverted": false, "swapped": false, "error_lsq": 0.03813380334134986, "error_max": 0.20239001355864358, "target": "1178.xyz", "model": "16.xyz", "model_rescale": 3.795458400668931, "target_rescale": 3.7881664569019344},
{"mapping": [11, 10, 9, 5, 8, 6, 0, 3, 4, 7, 12], "R": [[0.5362039429502176, 0.7672957053744486, 0.351770709523359], [-0.7682301501664451, 0.6162845764030819, -0.173250562085424], [-0.3497252749514699, -0.1773432304927412, 0.9199139148086182]], "T": [-0.06394795527259442, 0.06655062615678178, 0.07156114137335358], "aligned_model": [[-0.4384244066736547, -0.7380017784189538, -0.3024467555667526, -0.1387806804799618, 0.199461866186208, 0.4243158529180673, 0.301495857390352, 0.726018513433486, -0.510809410857638, 0.16974930745026037, -0.22844621150033678], [0.19131937402296073, -0.21951264304792698, -0.7102988091247248, -0.6524802983505178, -0.09124782130264714, -0.4013953035286436, 0.21597009635472317, 0.1905591298175664, 0.5225417533128823, 0.6545578773075534, 0.054543681411856455], [-0.6352206609708957, 0.12374267609414687, -0.29934202145444666, 0.3543529320339825, -0.5312669338298254, 0.0725158820575127, 0.513302048671336, -0.04226682535613592, 0.16034582390136065, -0.104244835589645, 0.10628408107257535]], "inverted": true, "swapped": false, "error_lsq": 0.039210172442903264, "error_max": 0.1711801827703753, "target": "1178.xyz", "model": "17.xyz", "model_rescale": 3.7474275329858107, "target_rescale": 3.7881664569019344},
{"mapping": [2, 7, 1, 11, 0, 3, 5, 8, 9, 4, 13], "R": [[-0.4923742922031878, -0.8078198762411818, -0.32402870849215126], [0.40126514932012436, -0.5410379936550522, 0.7390968606094969], [-0.7723689767970411, 0.23389086551508897, 0.5905431624446212]], "T": [-0.08202938740000805, -0.03185133594640044, 0.0713783302545814], "aligned_model": [[-0.49088376413571927, -0.7769045894651149, -0.17903939937018998, -0.1930369706212321, 0.2057621686873219, 0.3620880973814816, 0.17792428709406644, 0.6260431450238774, -0.4517890078800957, 0.2860796930351697, -0.1021115058684888], [0.037989493926691695, -0.2769644272577453, -0.5808912865495737, -0.6588916646616148, 0.08164389763432256, -0.543510530691038, 0.4241034792240697, 0.0676670404502801, 0.5170313957523553, 0.6890310095419809, -0.002651370496646377], [-0.5046364967389374, 0.22786254050938703, -0.3380879162528527, 0.4123100014706086, -0.7054339012274926, 0.03196120892556348, 0.5691224716667982, -0.003346717787519368, 0.17001775321218077, -0.11314855365381671, -0.028418223493953454]], "inverted": false, "swapped": false, "error_lsq": 0.042268437948110305, "error_max": 0.20196688741118132, "target": "1178.xyz", "model": "18.xyz", "model_rescale": 3.922800546911778, "target_rescale": 3.7881664569019344},
{"mapping": [2, 11, 6, 13, 1, 8, 12, 5, 9, 0, 14], "R": [[0.992475402667521, -0.10578817618663273, 0.061655793556230326], [-0.12117065402732513, -0.9209868765166256, 0.37027131388583234], [0.01761384973629603, -0.3749560441748556, -0.9268752436192325]], "T": [-0.08107434509357639, -0.0817886934437409, -0.001350119739537553], "aligned_model": [[-0.4399934900297725, -0.6975157785569027, -0.12102446517912513, -0.1773681540915765, 0.19274331906033984, 0.32640795826124325, 0.3062056883280678, 0.6520859404409368, -0.7280414073823794, 0.27884301135410294, -0.1282104683238581], [0.34204298426412016, -0.24641379078002862, -0.5746173561911612, -0.46567231549169147, -0.0406715845532101, -0.5374994306730096, 0.13714188065366825, 0.12929990733845506, 0.41111719482468856, 0.6292247671445015, -0.029395219663249948], [-0.45375781105058954, 0.3151023240897084, -0.48227804468552304, 0.5600540251437973, -0.6878749146957164, 0.024660463649269992, 0.6472619553907536, 0.019894138790262195, -0.03628708495820718, -0.2530681982856051, 0.06449531324181534]], "inverted": true, "swapped": false, "error_lsq": 0.045560435440923724, "error_max": 0.25830857370366617, "target": "1178.xyz", "model": "19.xyz", "model_rescale": 3.9282355846067225, "target_rescale": 3.7881664569019344},
{"mapping": [11, 8, 3, 6, 0, 5, 7, 2, 9, 10, 13], "R": [[-0.5239867451668839, 0.7628146820521301, 0.3788821079638396], [-0.3579995340094314, 0.2063847234485776, -0.910627080410024], [-0.7728351858827631, -0.6127961380204364, 0.1649444412182275]], "T": [-0.10470216426902361, -0.037774482408556125, 0.05243063945457005], "aligned_model": [[-0.44702206232476843, -0.8397091514717134, 0.02120290318163949, -0.14490380949034098, -0.06888775612235407, 0.39811762046345395, 0.15248309454046055, 0.6982060426638355, -0.5588944945048754, 0.25785828866031246, -0.004318521714573448], [0.30683185743996316, -0.12645215518915445, -0.6553541662270513, -0.5788819215830621, -0.07359212969126253, -0.5062130758864753, 0.11921428496542158, 0.1463932440225502, 0.4698933244829629, 0.6664413268593158, -0.013723552320125412], [-0.4742824980854631, 0.2271377607794535, -0.3587850184020446, 0.41634082212135376, -0.7460876211438172, 0.1766389341478215, 0.5976902528032211, 0.0641297907458375, 0.1724620946597251, -0.2864858118137864, -0.07055653918233569]], "inverted": true, "swapped": false, "error_lsq": 0.0528168871346159, "error_max": 0.3099691489507742, "target": "1178.xyz", "model": "20.xyz", "model_rescale": 4.067790424073018, "target_rescale": 3.7881664569019344},
{"mapping": [12, 10, 7, 5, 0, 8, 6, 2, 11, 3, 14], "R": [[-0.5626068523901981, -0.35337792364328907, -0.7473938538181537], [0.21526982080789453, -0.9354751214850994, 0.2802591681493684], [-0.7982057591203731, -0.003215612538344237, 0.6023763158882267]], "T": [-0.0635718347102117, -0.11021861427517513, 0.057965691019638166], "aligned_model": [[-0.4826639089974905, -0.8808881957991792, -0.1027477885885306, -0.0033067148756426162, 0.3243812713233259, 0.18992583108405497, 0.25296226478920436, 0.615013684416247, -0.42515644930261487, 0.11735368011434309, -0.14074152028264142], [0.2934540459903956, -0.14581450402452037, -0.6383391424291872, -0.5025743660017082, -0.1182032594929876, -0.6180296838268449, 0.3247836917613156, 0.17732314085326137, 0.40777604149254487, 0.6793460276516597, -0.1051649551008465], [-0.4404559011304116, 0.1028401835840061, -0.4675986814304333, 0.4948766662495105, -0.5369180476055115, 0.0028771459063298976, 0.5660366115537707, -0.044812535412154436, 0.19569861034284333, -0.20203171465057018, 0.04768982922258651]], "inverted": false, "swapped": false, "error_lsq": 0.046774332338882486, "error_max": 0.23463122448376542, "target": "1178.xyz", "model": "21.xyz", "model_rescale": 4.186013935880536, "target_rescale": 3.7881664569019344},
{"mapping": [11, 5, 3, 0, 4, 6, 1, 7, 8, 9, 12], "R": [[-0.9564472432454987, -0.28331477839630337, 0.07029514371803597], [-0.27497414142525645, 0.9552786827323448, 0.10877435297256019], [-0.09796883400106843, 0.08470758324618607, -0.9915779005731529]], "T": [-0.051426120704768874, 0.0653202419928691, -0.0039329061359564925], "aligned_model": [[-0.39130635020701443, -0.6647022527879289, -0.3465525598385131, 0.024155242753377826, 0.29284292517345706, 0.1696415343696507, 0.3092886890679253, 0.6802477347112779, -0.5984689963974346, 0.04743902567917632, -0.05845283864289785], [0.20140509694997447, -0.37802481062696647, -0.6831148521249057, -0.36674956632764266, -0.12067904117114595, -0.4413638456013962, 0.2004419152221093, 0.026036788894852343, 0.6015853227307716, 0.6779652305767168, 0.0370547983507144], [-0.5186447872468006, 0.15692829567942762, -0.4567948603270122, 0.5699935519072801, -0.6158963359918869, -0.06914928656188174, 0.6179595245678793, 0.03393422333231913, 0.0249112620559961, 0.014575498222883985, -0.039614919008239116]], "inverted": false, "swapped": false, "error_lsq": 0.04757576525712228, "error_max": 0.2386567721408413, "target": "1178.xyz", "model": "22.xyz", "model_rescale": 4.166573947596378, "target_rescale": 3.7881664569019344},
{"mapping": [14, 6, 11, 2, 9, 3, 0, 8, 13, 10, 15], "R": [[-0.4039162524415519, -0.9092078901938998, 0.1009587709054049], [-0.6656117596391051, 0.3678047147007875, 0.6493694459042606], [-0.6275449357963991, 0.1950915278863482, -0.7537417656619962]], "T": [-0.05686679705699417, -0.04938507665091262, 0.01685241506420573], "aligned_model": [[-0.4331345793046063, -0.6888279007281607, -0.15591703295331794, -0.15683183096792658, 0.22807871295161214, 0.28614953132032817, 0.27227269519820446, 0.7357221052182105, -0.5035886105963711, -0.03873072818885158, -0.08106020806804495], [0.30487451514418296, -0.2726199557672985, -0.672597241144672, -0.6026152860610234, -0.08514053654746617, -0.5389230035020761, 0.22497065202124789, 0.11133128156988525, 0.6680176482235437, 0.6567194216485774, -0.03946045871181855], [-0.5822306016237, 0.3772674316207826, -0.4563166627740335, 0.3866531270434051, -0.5103826081423479, -0.04732755577460224, 0.7119436980053547, 0.024079061009336485, -0.03400120375038321, -0.23220330880359455, 0.08072078981974856]], "inverted": false, "swapped": false, "error_lsq": 0.04239731109013208, "error_max": 0.21818270687685684, "target": "1178.xyz", "model": "23.xyz", "model_rescale": 4.274766983524099, "target_rescale": 3.7881664569019344},
{"mapping": [6, 7, 5, 9, 3, 4, 1, 2, 8, 0, 10], "R": [[0.4739517269640409, -0.4936364936737621, 0.7291726631061243], [-0.6804876013502617, 0.32021732026101973, 0.6590883796680226], [-0.5588437929478783, -0.8085690322528595, -0.18414596157750418]], "T": [-0.0913604799540263, 0.06544413580352429, -0.06776967083542199], "aligned_model": [[-0.504031315900884, -0.5652764087808053, -0.2058610030085942, -0.22785845523817422, 0.23033555662749783, 0.25742562797956753, 0.29063180804044497, 0.8522607219679958, -0.6993750558384324, 0.12213041894818469, -0.08624974091572454], [0.20453544374502028, -0.3312835111225616, -0.6146172795638223, -0.25982494696269354, 0.03938941342029828, -0.5300200754970193, 0.1666682992615908, -0.1285104070424495, 0.34444575923128706, 0.7696119181498484, 0.09416242325358365], [-0.5829118311472663, 0.07022794889238457, -0.5044011517905894, 0.7089115910610069, -0.5280381742996405, 0.039240753345006874, 0.4507078514823476, -0.04698065059921781, 0.244460208165828, -0.13660797813327494, 0.003593599653380658]], "inverted": true, "swapped": false, "error_lsq": 0.0635457402553623, "error_max": 0.3974882382097815, "target": "1178.xyz", "model": "24.xyz", "model_rescale": 3.7841303162186577, "target_rescale": 3.7881664569019344},
{"mapping": [13, 5, 3, 4, 11, 6, 8, 7, 9, 10, 15], "R": [[-0.6888073917354621, -0.124653062902902, 0.714147037380619], [0.48562581075988465, -0.8107511037906207, 0.32687951851728986], [0.5382489656417323, 0.5719652625913707, 0.6189860978845889]], "T": [-0.013844550465225126, 0.1075798736550195, 0.09261803508700693], "aligned_model": [[-0.38791345717661624, -0.7382708177199768, -0.2983534280773291, -0.14569704418845128, 0.2395656455940606, 0.2868487367518421, 0.026852333951389494, 0.6023713963465529, -0.3943522669379238, 0.2697927539380535, 0.003288301399474714], [0.04146997921000273, -0.37455345744512836, -0.5567108000349866, -0.5472405218407078, -0.03370152083409364, -0.5250324528095752, 0.22646678159464023, 0.16624256770000592, 0.5374731721100771, 0.7751893646562763, 0.0449539245665721], [-0.5912693329490273, 0.20258521108651, -0.26343601564339825, 0.42507782573866015, -0.6181916506004435, -0.08461526785201819, 0.6702575856357899, -0.1064853433938907, 0.20462847287870073, -0.18863372464630274, 0.06828440637538596]], "inverted": true, "swapped": false, "error_lsq": 0.0479616332807703, "error_max": 0.22131154967143493, "target": "1178.xyz", "model": "25.xyz", "model_rescale": 4.19342608120988, "target_rescale": 3.7881664569019344},
{"mapping": [0, 2, 4, 6, 5, 3, 10, 7, 1, 9, 11], "R": [[-0.30777071759049585, 0.8094054920292402, 0.5001399152904467], [0.689220242260864, -0.17272880901581, 0.7036620042277799], [0.6559364626636544, 0.5612731135631599, -0.504697779804319]], "T": [-0.07350133078005953, 0.04097828209691299, 0.03099464916531725], "aligned_model": [[-0.4825639912302648, -0.8909285150268617, -0.32541198749171213, -0.05391577966117998, 0.1790211581050965, 0.40211667603582385, 0.1517358439707432, 0.8090185916778047, -0.40625102065286084, 0.17159794207497525, -0.09028676392048796], [0.09988488480594793, -0.12974563620264692, -0.6313481420153279, -0.636158930050424, 0.031879374358142955, -0.4010398465164339, 0.157341030814219, 0.18117071633065582, 0.4620963011249418, 0.7045095175637189, -0.08403223333971133], [-0.5461637437989757, 0.08923161268327279, -0.2498040894577298, 0.4970392447913284, -0.5622249428933115, -0.06608518606709614, 0.6080247388578035, -0.01334255449413876, 0.11183103542961523, -0.19172524495696353, 0.04142129653616153]], "inverted": false, "swapped": false, "error_lsq": 0.03813380334134986, "error_max": 0.20239001355864358, "target": "1178.xyz", "model": "26.xyz", "model_rescale": 3.795458400668931, "target_rescale": 3.7881664569019344},
{"mapping": [1, 6, 0, 7, 9, 3, 10, 4, 8, 11, 12], "R": [[0.031791697356637116, -0.7139657691226604, 0.6994584823277732], [-0.12498257768472892, -0.6971591279913558, -0.7059380323609239], [0.9916494558332922, -0.06497715582741515, -0.11139715421012847]], "T": [-0.06813367594925647, 0.05158945774222711, -0.13717452582024134], "aligned_model": [[-0.5408227866232674, -0.8498808852838454, -0.24229105448106059, -0.02079821071398487, 0.16553465228228592, 0.37605823631774005, 0.27912775085846353, 0.7314867769424672, -0.5694401163588765, 0.23152701497197858, -0.09636922403082429], [0.048198251992714845, -0.0662685652642867, -0.7481059246771573, -0.48581180301342153, 0.05853919897487294, -0.5377307560813982, 0.09143248019297226, 0.20686102340671408, 0.5558686800202618, 0.6872820583246592, -0.05570760700284925], [-0.4934141571430436, 0.09982283025455632, -0.2835633742102682, 0.47041689717601487, -0.49734823890003244, -0.11545380982554664, 0.4837187528699758, 0.05087082735265325, 0.02140046870496315, -0.004234766475315815, -0.014013263173991125]], "inverted": true, "swapped": false, "error_lsq": 0.04887507757737401, "error_max": 0.22811842115327827, "target": "1178.xyz", "model": "27.xyz", "model_rescale": 3.6321398670334006, "target_rescale": 3.7881664569019344},
{"mapping": [3, 2, 4, 13, 7, 6, 9, 12, 0, 8, 14], "R": [[-0.8791764203825354, -0.4748931269656927, 0.03905559888285208], [0.45924397534204947, -0.8663489559704136, -0.1963019551634813], [0.127058226634023, -0.15464800176439691, 0.9797653814025562]], "T": [-0.1245854753402242, 0.08418697332626124, 0.02168637273840981], "aligned_model": [[-0.4423695123663204, -0.8217328756871285, -0.02995754228413272, -0.16519116302894696, 0.22023973776389733, 0.3533149834104209, 0.24865954199118157, 0.6851282150845809, -0.5752639792963395, 0.14380269105308036, -0.1524979427592173], [0.2571071132215153, -0.19180160551606584, -0.5988284269929012, -0.5017587468398618, 0.09608022553827641, -0.5145792706376999, 0.07962707787062556, 0.10424706716958948, 0.5140306446446521, 0.48071848818460794, 0.029714470230344577], [-0.5619847769617063, 0.28863106789184684, -0.4376640050468024, 0.5886926540619761, -0.6724616712431137, 0.15206111628937283, 0.575978286454406, -0.1440575955789603, 0.06086542988953837, -0.17263337833890027, 0.040775039212308864]], "inverted": true, "swapped": false, "error_lsq": 0.043588653877756116, "error_max": 0.2112271685130294, "target": "1178.xyz", "model": "28.xyz", "model_rescale": 4.156811204709835, "target_rescale": 3.7881664569019344},
{"mapping": [7, 4, 9, 8, 2, 5, 6, 3, 1, 10], "R": [[0.8041515889293708, -0.4652963274401466, 0.3699183013762374], [0.2732037152001564, -0.26338104719139444, -0.9251973594759104], [0.5279204031131972, 0.8450619809523305, -0.08467760226720485]], "T": [-0.11131348145242578, -0.02305657090610566, -0.06884005522127853], "aligned_model": [[-0.6999773130140924, -0.07012470044262226, 0.1302447540784259, 0.5329603707316923, -0.13430483257295212, -0.5448331235282547, -0.3826106778905475, -0.48212974094154915, 0.32909114910897597, -0.03539051141848791], [-0.24583145629187358, -0.6787269647356532, -0.030037782225941445, 0.3657529527817175, -0.5105647848037499, -0.24813091394774103, 0.574859144464126, 0.30677945939837936, 0.3366529472732822, 0.047967728713657884], [-0.5253078454702803, -0.20472005548599356, -0.7423264774305791, -0.21433583553321825, 0.5708727803565093, 0.11927560779187782, -0.3071657163272323, 0.4937475798212203, 0.5425977289065799, 0.026148960346215513]], "inverted": true, "swapped": true, "error_lsq": 0.059353496909921435, "error_max": 0.2767131663619497, "target": "1178.xyz", "model": "29.xyz", "model_rescale": 4.117894457231895, "target_rescale": 3.7881664569019344},
{"mapping": [3, 13, 11, 10, 2, 9, 8, 5, 4, 0, 14], "R": [[-0.9153125677433389, -0.38295561120921257, 0.1246912313455692], [0.1661744290079888, -0.6411280058134683, -0.7492268944088395], [0.3668636837777279, -0.6650562983725693, 0.6504699512813882]], "T": [-0.10027285026868156, -0.04911137388537536, 0.0527590868457682], "aligned_model": [[-0.2522006958908322, -0.8340569760564104, -0.1805326393115972, -0.23306389813111933, 0.3055422579696642, 0.31705912183466783, 0.2993253811321917, 0.7220517223683556, -0.702871946347453, 0.14180585288027447, -0.11892602656666569], [0.2079892298662945, -0.18200261100478185, -0.6083526313135111, -0.6060665744269277, 0.10424277315646416, -0.4993371628139791, 0.31389411345299684, 0.08589787167209548, 0.428282604927092, 0.5876229254873953, -0.0776135021300559], [-0.4061236981189274, 0.31151974511654856, -0.40145585408181167, 0.4846021218601909, -0.6666555756080413, -0.06105996540080276, 0.5113852486384319, 0.01394449704668041, 0.1449404871137132, -0.30814226353495294, 0.09524742359893676]], "inverted": false, "swapped": false, "error_lsq": 0.04571640607920588, "error_max": 0.24765371008029385, "target": "1178.xyz", "model": "30.xyz", "model_rescale": 4.100398675895297, "target_rescale": 3.7881664569019344},
