[{"mapping": [1, 5, 11, 12, 9, 7, 3, 0, 2, 6, 4, 8, 13], "R": [[-0.16802428730503233, 0.961044126642585, -0.21945848245494504], [-0.9593709317563962, -0.2106066036829191, -0.18775588881846048], [-0.22666109983078303, 0.17899453938860063, 0.9573848237216646]], "T": [-0.1344266374714182, 0.010781188172670667, -0.14513594163376795], "aligned_model": [[-0.4756572635915071, 0.32972664723614575, 0.4680084802439823, -0.362036649403771, -0.3928123555420384, 0.15577149612336022, -0.282874360963383, -0.8948848471517061, -0.5598670331465982, 0.19916151468576698, 0.12623172918514441, 0.558315513848793, -0.052069436159262544], [-0.1041949736928591, 0.14544447113721132, -0.3413045705589241, -0.5191270184645785, -0.3452670441747523, -0.10408240367843248, 0.48941228919156715, -0.042349154626153476, 0.5234719281635906, 0.6935644955460899, 0.5308242064816792, 0.14260557865556234, -0.04634482127160465], [-0.5961195948001942, -0.7272259595502315, -0.15815086710069043, -0.19524365541372873, 0.440705033976194, 0.5433303836143442, -0.2937153760290584, -0.02558297184816366, 0.23880014714275358, -0.06103966288005161, 0.6131626154076322, 0.1914792295643821, -0.016707857896600647]], "inverted": false, "swapped": false, "error_lsq": 0.048744786787448535, "error_max": 0.25505177734344797, "target": "1180.xyz", "model": "0.xyz", "model_rescale": 3.8414455957264533, "target_rescale": 3.9463728833134653},
{"mapping": [2, 6, 9, 7, 0, 13, 5, 4, 1, 12, 11, 8, 14], "R": [[0.7477308881328653, 0.6077393109423688, 0.2674910257697102], [0.21462364662518443, 0.16001410700676247, -0.9634999615299092], [-0.6283591403340488, 0.7778485813409467, -0.010787736765974207]], "T": [-0.11424187047252611, 0.09653466250258828, -0.0565430305647003], "aligned_model": [[-0.3928334302374261, 0.18186898778942684, 0.27661293439746226, -0.2725010306810714, -0.495797268213794, 0.3169925195865164, -0.30882495921546343, -0.6367491773541163, -0.6534583914043264, 0.3251089107717565, -0.042504609412117894, 0.6677372740406977, -0.14863832470261795], [-0.176532219088481, 0.13899133830582527, -0.4528025898149533, -0.5258975374705549, -0.23003189668579177, -0.18266880066066, 0.44446071837940976, -0.034336906548645726, 0.6008055818026562, 0.6088134289261804, 0.45240555019744755, 0.2048862941559912, 0.17456002120997272], [-0.6829821326523012, -0.7780296652868907, -0.16128454439612486, -0.03447049600700058, 0.46622568539057957, 0.501067342031958, -0.5813360051744513, -0.13188214071080306, 0.3945160283967752, 0.2995902315137443, 0.7144790695055879, -0.023817826745880115, -0.028384081678606343]], "inverted": false, "swapped": false, "error_lsq": 0.051664007805423635, "error_max": 0.33578276762125614, "target": "1180.xyz", "model": "1.xyz", "model_rescale": 4.316132596720782, "target_rescale": 3.9463728833134653},
{"mapping": [3, 2, 0, 8, 7, 4, 6, 10, 1, 5, 9, 12], "R": [[0.9153427488390253, -0.04631565861877354, -0.4000031398808341], [0.17245494777393844, 0.9427418535281773, 0.2854769493226118], [0.3638776485799932, -0.33029177612069927, 0.8709192841422957]], "T": [0.11233447826996742, -0.039638450824300044, 0.05411005885909221], "aligned_model": [[-0.07550586199447909, 0.6094888941802837, -0.07800823010168459, -0.5838692315549004, -0.5330644290492396, -0.5418994626748055, -0.07725499410019293, -0.13096016087746834, 0.5243831589716559, 0.13289685445316643, 0.29112570497646895, 0.06047631240297616], [-0.6187666381268837, -0.38910090438787287, -0.5981541863639412, 0.4128528455839432, -0.18304394431529117, -0.21957893363312428, 0.2976945320956223, 0.7013898139576821, 0.10184723547943175, 0.055738548259237915, 0.46017228144802963, -0.008274222255853426], [0.1233803169679403, 0.19322697089322172, -0.6222985874058758, -0.06905790267438378, -0.3746086876425446, 0.22816484992230407, -0.5641578169485574, 0.5074028560025292, -0.6109535043696876, 0.6839254858562911, -0.02339979370878089, -0.022365725683034736]], "inverted": false, "swapped": true, "error_lsq": 0.047717847924715784, "error_max": 0.25817000234672716, "target": "1180.xyz", "model": "2.xyz", "model_rescale": 3.795458400668931, "target_rescale": 3.9463728833134653},
{"mapping": [11, 5, 2, 7, 9, 6, 3, 10, 4, 8, 1, 12], "R": [[-0.46544445040512816, 0.6530577855562105, 0.5973918247779143], [-0.05061692148849384, 0.6542150219404589, -0.7546129023058594], [-0.8836285366861437, -0.38146852267502124, -0.27144497667490747]], "T": [-0.07924178293585887, -0.02808951740080611, 0.06436093525817893], "aligned_model": [[-0.28780414861215103, 0.05895345037279201, -0.6527748586450439, 0.2102647205683819, 0.13880922158344008, 0.20710645958723967, -0.3481087734654211, 0.6743204900768147, 0.27212019230682466, 0.7075681932867193, -0.3557640426909959, -0.03138707862503501], [-0.13192324962579646, -0.5476242513730623, -0.17737399264330192, 0.15254703507580306, 0.27751986117603133, 0.6129635660564869, -0.3595297933479379, -0.1961583210529277, -0.4012839303914149, 0.10259356436838694, 0.7132996601945713, 0.04073889685287073], [-0.6929294858538366, -0.2779441816175247, -0.12906603143169698, 0.7746151637371581, -0.31883811907379, 0.26196787807340766, 0.5040536737713037, -0.4022077183360317, 0.5418191947906899, 0.3260292732422876, -0.013030182034207943, 0.11430196537134174]], "inverted": false, "swapped": true, "error_lsq": 0.05541017109397899, "error_max": 0.27013279505684895, "target": "1180.xyz", "model": "3.xyz", "model_rescale": 3.7530521520055578, "target_rescale": 3.9463728833134653},
{"mapping": [5, 2, 3, 0, 4, 1, 8, 9, 6, 7, 12], "R": [[0.7645512270649407, 0.5967909831768168, 0.24351990389358746], [-0.09657856223179961, -0.26747448170744503, 0.9587126696526819], [0.6372864367854788, -0.7565037501785318, -0.146860728089867]], "T": [-0.20051229513368618, -0.11909530675125231, -0.12269126732254901], "aligned_model": [[-0.4698437183204123, -0.260064913097376, 0.3295937783493006, 0.5338981424471116, 0.2619706112037198, -0.3504625600365955, -0.10993954005267066, -0.6624037844782749, -0.1679994521953837, 0.40569768561113606, -0.1722466469853503], [-0.6694907416578483, -0.012506411883748694, -0.26410811421511776, 0.39692610226516795, -0.5734290666443673, 0.6602371736705184, -0.331815402452549, 0.02946423119953144, 0.3412659874965826, -0.03418620563644384, -0.07515419382737967], [-0.297941103471792, -0.7340277770357404, -0.39367218167889995, -0.11481441346212119, 0.14261250780466503, -0.07507130463252668, 0.6842567251585645, 0.10615620118387509, 0.44211247687314903, 0.3734987693845512, -0.04027912287840826]], "inverted": true, "swapped": true, "error_lsq": 0.06526978094325414, "error_max": 0.45157451376635505, "target": "1180.xyz", "model": "4.xyz", "model_rescale": 3.7855080009869324, "target_rescale": 3.9463728833134653},
{"mapping": [15, 10, 3, 14, 12, 0, 8, 13, 6, 7, 4, 5, 16], "R": [[0.20011272466093533, -0.12183377142982331, 0.972168416257164], [0.6025423568107323, -0.7671180881123276, -0.2201648181246396], [0.772591486930671, 0.6298304303779495, -0.08010008297237947]], "T": [-0.1361020239311902, 0.0011427247326033507, 0.04960208637334799], "aligned_model": [[-0.41735790716874765, 0.2411381693723002, 0.4538214000367211, -0.391508693785447, -0.6266915580693904, 0.41616210179739277, -0.4117264519375937, -0.8432353191592484, -0.39896830886740087, 0.1803918516250787, 0.1151941065540778, 0.6410898927399218, -0.1412958477727381], [-0.14393797862901, 0.20066651359189253, -0.35130022192019206, -0.5949830278243231, -0.35244861140054395, -0.09730042163796347, 0.3979972356736101, 0.11289744965752915, 0.5597467070828445, 0.6778911375499229, 0.440227057462768, 0.22239716892859163, -0.04920002582672982], [-0.7114267069992926, -0.541028397355577, -0.051348042937669224, -0.14300870944367275, 0.3616282695948724, 0.5916234565114825, -0.46210832567191956, -0.06148807121165344, 0.26159259373924165, -0.00707846020588309, 0.5890981358671189, 0.09567203540643535, 0.031563686893103446]], "inverted": true, "swapped": false, "error_lsq": 0.04970066197856579, "error_max": 0.22553837996699855, "target": "1180.xyz", "model": "5.xyz", "model_rescale": 4.2253639853439635, "target_rescale": 3.9463728833134653},
{"mapping": [10, 1, 4, 2, 6, 7, 8, 5, 11, 9, 12, 0, 13], "R": [[0.6164190849162753, -0.22470997636528253, -0.7546740609514124], [0.3613380580217787, 0.932269685208576, 0.01755112150697466], [0.6996158371392345, -0.28351130588217643, 0.6558650927294053]], "T": [-0.07346544249626293, 0.06441273837224304, -0.03094099395624826], "aligned_model": [[-0.42989065982323077, 0.31896717939389024, 0.2687794023888452, -0.3757636893852763, -0.3466452996307113, 0.2482500067100985, -0.3748412942343083, -0.6930608219386, -0.6215077812721155, 0.20916564537760451, -0.03225510023466367, 0.7036347048248834, -0.05781885681148968], [-0.13554953611234935, 0.10966590874844671, -0.47709703027436523, -0.5253210852099215, -0.21529388921374687, -0.04011298218931221, 0.5906175297417496, -0.029225699780414158, 0.41248133832669737, 0.5975650460167937, 0.5641001619559809, 0.1575512126957188, 0.013272008003118445], [-0.6953870998410759, -0.6495317874583735, -0.33185119454172374, -0.13582854940598782, 0.4797986033568873, 0.6866694571312123, -0.4530144343995351, -0.12080019006172409, 0.3980713991608133, -0.12294486618947419, 0.7564330917691836, 0.14371075942958939, -0.0016337247632047282]], "inverted": false, "swapped": false, "error_lsq": 0.04752674287057552, "error_max": 0.28044247079515866, "target": "1180.xyz", "model": "6.xyz", "model_rescale": 3.89814844738969, "target_rescale": 3.9463728833134653},
{"mapping": [10, 2, 5, 9, 8, 6, 4, 11, 7, 0, 3, 1, 12], "R": [[-0.17889321622929943, 0.1584529945588003, -0.9710251622396231], [0.708534122001393, -0.6640118569759113, -0.23888836672202707], [-0.6826247982214335, -0.730739969011379, 0.006517863330599172]], "T": [-0.14416965694531292, 0.1669866708977073, 0.006107094470962543], "aligned_model": [[-0.1969308847424177, 0.18376668662736417, 0.3650449484013404, -0.22473264798850962, -0.5150173343953003, 0.19963226108411025, -0.3930022416148141, -0.9197775080659972, -0.4584728602941236, 0.29038442661936187, -0.042371972880507494, 0.6899661863383707, -0.161475623723951], [-0.21967699165837629, 0.27919982641504326, -0.40594426986861415, -0.7223005248460179, -0.1315464274418079, -0.15521890590347803, 0.5185216165962541, -0.04642282590719454, 0.6917618741043752, 0.5358585770142573, 0.40902864785087467, 0.13635031772774195, 0.1330420686253383], [-0.6156735163172669, -0.6114799899260411, -0.11647849537995887, -0.018868233255606454, 0.48676993018898784, 0.49124589776882677, -0.4734774289904283, -0.08460793833200354, 0.24506140393206552, 0.1676826272830741, 0.7699361653903377, -0.12833776726686624, -0.15808119090853343]], "inverted": false, "swapped": false, "error_lsq": 0.054297958130234886, "error_max": 0.333205650679555, "target": "1180.xyz", "model": "7.xyz", "model_rescale": 3.7474275329858107, "target_rescale": 3.9463728833134653},
{"mapping": [7, 9, 12, 10, 0, 1, 5, 6, 3, 4, 2, 13, 14], "R": [[0.8380856003664036, 0.4877751859220857, 0.24431106085717796], [0.4969437884112968, -0.8673625806836232, 0.02700045905671806], [0.22507642617100793, 0.09878016819443089, -0.9693209379527334]], "T": [-0.02550566511490672, 0.050767206165687015, -0.024636851897615827], "aligned_model": [[-0.37931665440414297, 0.01778527810106205, 0.37396247003181027, -0.31322378396107015, -0.482531712623533, 0.0350060890374468, -0.5187319096233033, -0.8275102360136964, -0.5855554469489889, 0.5008374172452241, 0.10556426215202148, 0.8728248410686917, 0.0179028213034039], [-0.08527887318133966, 0.3317794309330828, -0.41800135328836086, -0.6138102081511516, -0.21356167221809946, -0.08323537557598266, 0.43061344746334274, -0.072572572471463, 0.42829208783620665, 0.6194102094403421, 0.588111459920245, 0.03925656302258357, 0.07164983897899044], [-0.5904874329492673, -0.731388904498207, 0.011748110231491613, -0.2500664510096936, 0.3696608447453823, 0.7123729551916962, -0.3788488911086992, -0.11690854669581208, 0.21609898376435904, 0.08414706384337298, 0.6099270321779321, 0.006694210116307473, 0.01074249037772446]], "inverted": false, "swapped": false, "error_lsq": 0.05433128775789182, "error_max": 0.31868450473459914, "target": "1180.xyz", "model": "8.xyz", "model_rescale": 4.019505241142653, "target_rescale": 3.9463728833134653},
{"mapping": [10, 9, 1, 1, 2, 0, 11, 6, 5, 8, 4, 7, 12], "R": [[0.5271552108926768, 0.710007411908152, -0.46690133718397697], [-0.8006920313099196, 0.230996301715103, -0.5527503772868364], [-0.2846043826533462, 0.6652294218008051, 0.6902681810318905]], "T": [-0.17244348523043082, 0.08808176616463227, 0.030300448989167793], "aligned_model": [[-0.4675139278221391, 0.20939115624217544, 0.06208004541846929, 0.06208004541846929, -0.4773214559164346, 0.2228495325388615, -0.30535328391136884, -0.8643583258525419, -0.5557997611589861, 0.24958210943037443, 0.179381122125804, 0.6899842497413354, -0.1879880708890929], [-0.3868452751940393, 0.20493979644285898, -0.5080345420990753, -0.5080345420990753, -0.25573535542330333, -0.132697233905261, 0.5777536084013994, 0.034637165716381826, 0.5633103064673289, 0.5932762086203087, 0.4826358634233253, 0.2333552434162406, 0.12409173894130679], [-0.694652996076666, -0.5245748241681627, -0.18405757573717488, -0.18405757573717488, 0.40287443105183035, 0.4968260552553984, -0.3299855434224615, -0.18524389906176822, 0.30908445019783676, -0.12072903207063675, 0.6691597302382785, 0.26417650341627613, 0.034871740301011776]], "inverted": true, "swapped": false, "error_lsq": 0.05405635467503684, "error_max": 0.3987578569670921, "target": "1180.xyz", "model": "9.xyz", "model_rescale": 3.877068213659057, "target_rescale": 3.9463728833134653},
{"mapping": [1, 7, 4, 5, 12, 6, 8, 0, 11, 9, 10, 13, 15], "R": [[0.3360346153473496, 0.3455177301886414, -0.876183905018603], [0.5474640881768019, -0.8286373381968226, -0.11680425464351768], [-0.766396639766317, -0.44042894985613074, -0.4676093783100637]], "T": [0.060036725403826735, 0.0776263985439603, 0.05105910412061996], "aligned_model": [[-0.3825334104198531, 0.12011306425167964, 0.3774839738639457, -0.35280850796097607, -0.47277166216696875, 0.16000079406787635, -0.2911707468656277, -0.7264799381677463, -0.5315897981214603, 0.1668112458052347, -0.012075185271815808, 0.7913240652794093, -0.029290458928771024], [-0.25970854999926846, 0.1317684025780107, -0.30562816705735996, -0.5630529694240543, -0.22638740325103152, -0.129468923721435, 0.5864575363745723, 0.016913088881907415, 0.4524985446498705, 0.7267175073001941, 0.5109521322017501, 0.012340804764854621, 0.06925097941038554], [-0.6147061830277726, -0.7611884236236158, -0.4076716035236513, -0.1223888794093039, 0.47754010740903674, 0.6232682333703805, -0.4105328373213889, -0.05604583315078256, 0.28366221458786234, -0.003026367369470033, 0.6080505406333591, 0.2931233801843861, 0.04360711542754768]], "inverted": true, "swapped": false, "error_lsq": 0.04412346600846677, "error_max": 0.2573352407155746, "target": "1180.xyz", "model": "10.xyz", "model_rescale": 4.260839863003843, "target_rescale": 3.9463728833134653},
{"mapping": [0, 7, 4, 3, 5, 2, 1, 6, 8, 10, 9, 12], "R": [[0.4040078657241771, -0.6689625036772171, 0.6239125043681244], [-0.9126336180587311, -0.24833724620299896, 0.3246975382372669], [-0.06226976491063452, -0.7005838856426977, -0.7108478708948589]], "T": [-0.13220376795232092, 0.13809316957220547, -0.07275198504245113], "aligned_model": [[0.29917761998343395, 0.30119713159432104, -0.2607865235787045, -0.3886595200996967, -0.6727717499591073, -0.4679670814259993, 0.4657552297461054, 0.5890741499528559, 0.2585722743220113, -0.22479611030907592, 0.10276095554232714, -0.042657726674340604], [-0.1882042418476389, -0.5062792451032598, -0.5453468034129052, -0.21637706007743018, 0.16559548591204912, 0.50327861219852, 0.5951248598458703, 0.07830240598701159, -0.38667125972960686, 0.11264649651566597, 0.460501375926644, 0.10050787931801353], [-0.789089145645599, -0.20636523368055454, 0.011343052928268746, -0.5017661140640537, 0.26372525754194487, -0.45030016043561977, -0.32903099118320317, 0.017669834156369232, 0.45311368618109066, 0.8242255261321829, 0.2858973914735395, -0.06324502600886117]], "inverted": true, "swapped": true, "error_lsq": 0.04637438416395615, "error_max": 0.2897747034207231, "target": "1180.xyz", "model": "11.xyz", "model_rescale": 3.890672605050136, "target_rescale": 3.9463728833134653},
{"mapping": [9, 10, 11, 6, 8, 0, 12, 5, 7, 4, 3, 2, 13], "R": [[0.5396329429348523, 0.7138208409419036, -0.44638110840005796], [0.6517388649617386, -0.018556882064126146, 0.7582163899748164], [0.5329472195235239, -0.7000824588325665, -0.47523868954146925]], "T": [-0.04999657236293664, -0.09247497196382239, 0.02301236320510522], "aligned_model": [[-0.4427622129020386, 0.321382350654015, 0.28222424931393286, -0.14476293935495896, -0.5285320128879952, 0.17186124938690003, -0.2809199803672386, -0.7776884549133251, -0.5559404286663425, 0.35971411227285666, -0.11203596848298655, 0.6043099920198566, -0.0798365207077498], [-0.3566773342923175, 0.39305416238328306, -0.28417725988496834, -0.6564722022387187, -0.17325305226520016, -0.08501000561317702, 0.47017260041052067, 0.06851891104206713, 0.5831655891208752, 0.45662837178398874, 0.4364937866098493, 0.09701634532131666, 0.073193070330878], [-0.5948490123261322, -0.6295821967488385, -0.37150217688866105, 0.09361550669699437, 0.5556189532342235, 0.5702032996733705, -0.40737610746065256, -0.19951331068448763, 0.14340678484662037, 0.17025269940882398, 0.7776025312991002, -0.18080150812316495, 0.026616001259391245]], "inverted": false, "swapped": false, "error_lsq": 0.05481390209779542, "error_max": 0.37919095011254517, "target": "1180.xyz", "model": "12.xyz", "model_rescale": 4.124412569039231, "target_rescale": 3.9463728833134653},
{"mapping": [1, 2, 8, 6, 3, 9, 4, 0, 5, 10, 7, 11, 12], "R": [[0.4873601549942167, 0.5785781003682969, -0.6540087622488143], [0.7995370735706401, -0.5967703212014662, 0.06786495206802917], [-0.3510278440666924, -0.5559789254165233, -0.7534367174372232]], "T": [-0.20465912980008918, 0.056681891045931514, 0.08818709796860978], "aligned_model": [[-0.3189975382058977, 0.2611763013520224, 0.34688802954642217, -0.16630917756830496, -0.6393681626155924, 0.14575949306082045, -0.3685600003386894, -0.7708508516311916, -0.5477128913871616, 0.3075939434895373, -0.0722708078750551, 0.765042889445056, -0.1253777919070392], [-0.33326426608711995, 0.23112556916791666, -0.31641761462555523, -0.6077202229439076, -0.37681647397397455, -0.25018823897403686, 0.5853871575122932, 0.12115382445270481, 0.7050547876334861, 0.5867204045492845, 0.3868389603684724, 0.15588698695267722, 0.13489210867615528], [-0.6173148664575178, -0.6153484504548655, -0.1791864436972191, 0.019543621412331014, 0.45131324695764224, 0.5259984546671124, -0.470278211246698, -0.02152934258042337, 0.2770589664504904, 0.052611328040195984, 0.6044693040441907, -0.11278355699005861, 0.03913741404140656]], "inverted": false, "swapped": false, "error_lsq": 0.050912169075250695, "error_max": 0.28132612595649836, "target": "1180.xyz", "model": "13.xyz", "model_rescale": 3.9028299243045295, "target_rescale": 3.9463728833134653},
{"mapping": [14, 12, 1, 9, 7, 3, 13, 10, 4, 8, 0, 2, 15], "R": [[0.02955983696491654, 0.21873074834060546, -0.9753374163688], [0.8190605713042699, -0.564603812921765, -0.10179545652399036], [-0.5729450205502535, -0.7958513643668417, -0.19584332835740448]], "T": [-0.008796766215332263, 0.07395746563891373, -0.0018576772513310908], "aligned_model": [[-0.5263480859840135, 0.21575212026747217, 0.45178515080528914, -0.32549236109446583, -0.6756929000153038, 0.03316378904934894, -0.3832252176164956, -0.7516687595638911, -0.419534223753188, 0.37404878001379777, 0.20266826529130055, 0.6924504987375992, -0.07089362077252347], [-0.22251601925043155, 0.2930419629629982, -0.33860548458689554, -0.6264605613500135, -0.41313348733067445, -0.050824037065811636, 0.44044815616558153, 0.09354837753184, 0.38541369262952363, 0.7422723055501214, 0.5696142684118853, 0.17089632613417283, -0.02104251709390012], [-0.6555355466535437, -0.6230018389179058, -0.20149451142126007, -0.10167723503813099, 0.3704592658159954, 0.6075340962595862, -0.6003050519918731, -0.05762504870199315, 0.4382025839934447, -0.05923120812227838, 0.628081433742345, 0.20063899007358557, 0.007645535148614655]], "inverted": false, "swapped": false, "error_lsq": 0.05091137399785688, "error_max": 0.3026157018066701, "target": "1180.xyz", "model": "14.xyz", "model_rescale": 3.942246331269136, "target_rescale": 3.9463728833134653},
{"mapping": [13, 8, 0, 1, 3, 2, 11, 4, 10, 6, 9, 7, 14], "R": [[-0.6981888431391364, 0.615119150164383, -0.3662796341827943], [0.4453074843254127, 0.7737455189578794, 0.45057642669848386], [0.5605654143093441, 0.15148037164480785, -0.8141376500853796]], "T": [-0.1792546065277389, 0.0517496751117042, 0.010367227431229677], "aligned_model": [[-0.6087652217228288, 0.3386138843493281, 0.44887579221730306, -0.18659716824313596, -0.6706954201856156, 0.39449058709134804, -0.32190922207793116, -0.7523812241896517, -0.5457973825536265, 0.10544962096286675, 0.10313928118585286, 0.6314428263579306, -0.11885291782691375], [-0.06496533717619418, 0.1838789869959167, -0.3193554476512788, -0.7468313604630347, -0.4286515968062296, -0.2215763150712115, 0.556914940312946, 0.1653918309991442, 0.5958923680006303, 0.5248874168755645, 0.514241497639502, 0.2877422030517337, -0.024916203999092244], [-0.6699474672848902, -0.5492710462648291, -0.0815603141421383, 0.14768384036808993, 0.22072044255180248, 0.43316419351425556, -0.47806776328190076, -0.03733306035904573, 0.29064501670819987, -0.07836590902856722, 0.6057807916110196, 0.14474247514485725, 0.005500264649733348]], "inverted": false, "swapped": false, "error_lsq": 0.05539918999910109, "error_max": 0.2907345245249658, "target": "1180.xyz", "model": "15.xyz", "model_rescale": 4.355366556412066, "target_rescale": 3.9463728833134653},
{"mapping": [3, 2, 0, 8, 7, 4, 6, 10, 1, 5, 9, 12], "R": [[0.9153427488390253, -0.04631565861877354, -0.4000031398808341], [0.17245494777393844, 0.9427418535281773, 0.2854769493226118], [0.3638776485799932, -0.33029177612069927, 0.8709192841422957]], "T": [0.11233447826996742, -0.039638450824300044, 0.05411005885909221], "aligned_model": [[-0.07550586199447909, 0.6094888941802837, -0.07800823010168459, -0.5838692315549004, -0.5330644290492396, -0.5418994626748055, -0.07725499410019293, -0.13096016087746834, 0.5243831589716559, 0.13289685445316643, 0.29112570497646895, 0.06047631240297616], [-0.6187666381268837, -0.38910090438787287, -0.5981541863639412, 0.4128528455839432, -0.18304394431529117, -0.21957893363312428, 0.2976945320956223, 0.7013898139576821, 0.10184723547943175, 0.055738548259237915, 0.46017228144802963, -0.008274222255853426], [0.1233803169679403, 0.19322697089322172, -0.6222985874058758, -0.06905790267438378, -0.3746086876425446, 0.22816484992230407, -0.5641578169485574, 0.5074028560025292, -0.6109535043696876, 0.6839254858562911, -0.02339979370878089, -0.022365725683034736]], "inverted": false, "swapped": true, "error_lsq": 0.047717847924715784, "error_max": 0.25817000234672716, "target": "1180.xyz", "model": "16.xyz", "model_rescale": 3.795458400668931, "target_rescale": 3.9463728833134653},
{"mapping": [10, 2, 5, 9, 8, 6, 4, 11, 7, 0, 3, 1, 12], "R": [[-0.17889321622929943, 0.1584529945588003, -0.9710251622396231], [0.708534122001393, -0.6640118569759113, -0.23888836672202707], [-0.6826247982214335, -0.730739969011379, 0.006517863330599172]], "T": [-0.14416965694531292, 0.1669866708977073, 0.006107094470962543], "aligned_model": [[-0.1969308847424177, 0.18376668662736417, 0.3650449484013404, -0.22473264798850962, -0.5150173343953003, 0.19963226108411025, -0.3930022416148141, -0.9197775080659972, -0.4584728602941236, 0.29038442661936187, -0.042371972880507494, 0.6899661863383707, -0.161475623723951], [-0.21967699165837629, 0.27919982641504326, -0.40594426986861415, -0.7223005248460179, -0.1315464274418079, -0.15521890590347803, 0.5185216165962541, -0.04642282590719454, 0.6917618741043752, 0.5358585770142573, 0.40902864785087467, 0.13635031772774195, 0.1330420686253383], [-0.6156735163172669, -0.6114799899260411, -0.11647849537995887, -0.018868233255606454, 0.48676993018898784, 0.49124589776882677, -0.4734774289904283, -0.08460793833200354, 0.24506140393206552, 0.1676826272830741, 0.7699361653903377, -0.12833776726686624, -0.15808119090853343]], "inverted": false, "swapped": false, "error_lsq": 0.054297958130234886, "error_max": 0.333205650679555, "target": "1180.xyz", "model": "17.xyz", "model_rescale": 3.7474275329858107, "target_rescale": 3.9463728833134653},
{"mapping": [7, 2, 1, 11, 10, 8, 9, 12, 5, 6, 4, 0, 13], "R": [[0.5843513713733842, -0.3589773158187809, -0.7277834578372803], [0.5847680209172271, -0.4355501279377069, 0.6843554980899886], [-0.5626542779421432, -0.8254885661116029, -0.04459586003672511]], "T": [-0.09376661587954821, -0.021878738195506536, -0.00041435401303066294], "aligned_model": [[-0.3834644407476411, 0.3571642425238549, 0.3382617607404709, -0.3807501053982732, -0.5078693808725953, 0.13606820832369096, -0.33693803742868256, -0.816006769747202, -0.5620298557246801, 0.17271390081134563, 0.09323921495826415, 0.7120493605220755, -0.005424662595701596], [-0.1748387162251739, 0.1968710581488613, -0.48131755216592687, -0.66734383873404, -0.30466351842242534, -0.02533057171611547, 0.5575099450295409, 0.10061351337978561, 0.3077947259405841, 0.6778867567195122, 0.6512427112583635, 0.15952728612304398, 0.02470118337238624], [-0.6787193719984179, -0.5030500186335886, -0.2846429148970505, -0.1512518246113235, 0.47391784873161014, 0.6807746723574122, -0.2304156134630473, -0.1507530774303285, 0.44147350724199835, -0.18565797147615648, 0.4480966888146639, 0.12956586485778193, -0.035646325306966965]], "inverted": false, "swapped": false, "error_lsq": 0.05531686825285054, "error_max": 0.3131767235820534, "target": "1180.xyz", "model": "18.xyz", "model_rescale": 3.922800546911778, "target_rescale": 3.9463728833134653},
{"mapping": [13, 7, 5, 8, 6, 1, 11, 4, 10, 3, 2, 0, 14], "R": [[-0.44784795132130445, 0.8418550229095465, -0.30118488159148715], [0.8938750260122326, 0.4292813880801713, -0.12924754434646862], [0.020485369631556616, -0.32710489181595714, -0.9447659706938698]], "T": [-0.0643834324659882, 0.027090021416534465, -0.035815359486738356], "aligned_model": [[-0.41224752191376834, 0.06518700523380201, 0.5170924191844071, -0.2176763222706214, -0.5181116429595148, 0.09055455806335715, -0.5277439111620666, -0.7872279366830613, -0.6076034467309396, 0.47325956026150795, 0.07025311845571473, 0.7151401461522878, -0.0438625902661787], [-0.09007562463118937, 0.5188881663934897, -0.4672331247173708, -0.563332576908926, -0.22363650304115204, -0.19598478332818822, 0.458307352560299, -0.003069680862175281, 0.5057315587738312, 0.32474697328279734, 0.5486006509660206, 0.1127495556377846, 0.09696101858317596], [-0.6163982850702175, -0.6518974200356284, -0.04382668456068906, -0.08370167635884224, 0.4191952918708128, 0.6528172526619155, -0.36230011084979197, -0.0571074747832225, 0.31973343052883146, -0.213268437684363, 0.43644370629240864, 0.2530584369227548, -0.09905656474738173]], "inverted": false, "swapped": false, "error_lsq": 0.05233181367702388, "error_max": 0.3703884576391986, "target": "1180.xyz", "model": "19.xyz", "model_rescale": 3.9282355846067225, "target_rescale": 3.9463728833134653},
{"mapping": [2, 10, 12, 7, 6, 8, 1, 5, 3, 11, 4, 9, 13], "R": [[0.07401512242194991, -0.2681092636983716, -0.9605410893720167], [0.8721873170641913, 0.48442173652686754, -0.0680063609720577], [0.4835401178860255, -0.8327382565364768, 0.26969603351802823]], "T": [-0.0943558614932555, 0.050532331860299796, 0.07055776121661578], "aligned_model": [[-0.4364885295118699, 0.26123314755636917, 0.49961389699527103, -0.15405062371331907, -0.5176521025702002, 0.2726852785653664, -0.5292466788922174, -0.7774692967474776, -0.6393537563840769, 0.4137797696019283, -0.023902296911142512, 0.5777932907851748, -0.1299286634088802], [-0.0795798821962641, 0.23645884737484, -0.43206775796542257, -0.5377105992844033, -0.2209717810018957, -0.024475889645809136, 0.47882921840005715, -0.05798008174248786, 0.5329833904855001, 0.5547940867954881, 0.5082715587761193, -0.09223448414207211, 0.15633635685474695], [-0.6675020328296668, -0.6918214990359126, -0.29970083026891775, -0.12566804162643716, 0.4876307321055304, 0.7325820412389903, -0.36410595964012354, -0.025729532430391916, 0.261799335508278, 0.04086880287958952, 0.5005332725192875, 0.14966514758297794, -0.04485997181661658]], "inverted": true, "swapped": false, "error_lsq": 0.04931113715933171, "error_max": 0.2625573594124585, "target": "1180.xyz", "model": "20.xyz", "model_rescale": 4.067790424073018, "target_rescale": 3.9463728833134653},
{"mapping": [4, 13, 1, 8, 0, 9, 6, 2, 3, 11, 12, 10, 14], "R": [[0.31755540439422714, 0.6184624652256009, 0.7187925599552987], [0.13107621469643613, -0.7793811898897111, 0.6126858793761714], [0.939136620029734, -0.10034510428103105, -0.32856242780627903]], "T": [-0.11908865869404062, 0.02295985035282229, -0.06063699328108067], "aligned_model": [[-0.6242291172961707, 0.4464023973168061, 0.5060263104807347, -0.20895843822624655, -0.5847427681027395, 0.4238329659166372, -0.45898107906793517, -0.8602031350816672, -0.57808235163729, 0.08330780810289501, 0.0594108849935881, 0.6635933537744482, -0.05036339580813427], [-0.252747549241807, 0.22977280886663537, -0.5085074288412117, -0.5284699493017571, -0.24267238556805076, -0.14772612268042407, 0.48160325957784694, 0.08877048530987021, 0.6407134641473782, 0.6336089778757072, 0.372317603711433, 0.2113037230254663, 0.04468609582730998], [-0.6185716145659368, -0.4178088998466715, -0.06951999606896087, -0.17472685043234848, 0.4052640639740281, 0.46865716652864803, -0.5314620865399192, -0.07247864663592814, 0.3019237314712082, 0.003981636097793798, 0.5974670562196194, 0.09175157104910751, -0.030785667064052783]], "inverted": false, "swapped": false, "error_lsq": 0.05350858125576073, "error_max": 0.41813338786525256, "target": "1180.xyz", "model": "21.xyz", "model_rescale": 4.186013935880536, "target_rescale": 3.9463728833134653},
{"mapping": [10, 7, 1, 9, 8, 2, 4, 11, 11, 6, 5, 0, 12], "R": [[0.24445148616814125, 0.4846409180192132, 0.8398610905927727], [-0.3655506015923488, 0.8482927427015443, -0.3831085751524799], [-0.8981181595901838, -0.21336026636041144, 0.3845272007972328]], "T": [-0.06308666280160317, 0.09913427994829331, 0.007333527034706365], "aligned_model": [[-0.4394282798925218, 0.21527154110993313, 0.49093163084982755, -0.31555876649261977, -0.4714933244412963, 0.16137699238471326, -0.3642170782139214, -0.655283599716528, -0.655283599716528, 0.19951476749297753, 0.0926938550743701, 0.6391058092195523, -0.08061651229303227], [-0.10205998565337863, 0.05455275432355655, -0.3512284638609839, -0.4505439385750893, -0.3359932742799993, -0.18250191651933473, 0.5308127495288295, 0.25979208753565636, 0.25979208753565636, 0.5531323954950915, 0.4565746268359356, 0.1886456683585953, 0.1416781919838609], [-0.7097350103954766, -0.6700533179578486, -0.1519158535621498, -0.13253231288743128, 0.48851555182703105, 0.6554047601600762, -0.4932564454804016, 0.15719291273230496, 0.15719291273230496, -0.17915789074206714, 0.6755457723445266, 0.15121502198124365, 0.005275363434474096]], "inverted": true, "swapped": false, "error_lsq": 0.0581843715270623, "error_max": 0.40204659899978623, "target": "1180.xyz", "model": "22.xyz", "model_rescale": 4.166573947596378, "target_rescale": 3.9463728833134653},
{"mapping": [6, 5, 14, 12, 3, 9, 1, 2, 4, 7, 8, 10, 15], "R": [[-0.29278533173996657, 0.27404431955622943, 0.9160657511537484], [-0.9477956933416511, -0.20975813572530433, -0.24017670199264535], [0.12633318329297705, -0.938563389130435, 0.3211521312136275]], "T": [-0.09736574493401437, 0.010784405129243738, 0.04940225720039566], "aligned_model": [[-0.43525512700429614, 0.16447165816639855, 0.5041231118656052, -0.11951992953026662, -0.5174060164548331, 0.09882929975740903, -0.46544838602119687, -0.7538219367822331, -0.5502511978834238, 0.35216229833289026, 0.01203374042503419, 0.6436440170884578, -0.11654809659461936], [-0.16027434539832675, 0.3859836821897408, -0.49525325959848676, -0.6012498555069162, -0.042677545357203174, -0.23437957457315373, 0.40739123279700995, 0.007590584481006704, 0.5272596815260734, 0.5459268223408839, 0.515386063157652, 0.11857045335771378, 0.04837904329240271], [-0.6106563018070409, -0.6446644960966182, -0.040679928846778665, -0.18363124069559617, 0.4761746112335101, 0.5611163314421611, -0.4146206457308462, -0.0984635836246354, 0.3101733613170531, -0.10204667567047924, 0.6718876462171524, 0.034304790566287977, -0.0052024041175826735]], "inverted": false, "swapped": false, "error_lsq": 0.04236961705782974, "error_max": 0.20367900420028875, "target": "1180.xyz", "model": "23.xyz", "model_rescale": 4.274766983524099, "target_rescale": 3.9463728833134653},
{"mapping": [6, 4, 10, 9, 5, 11, 1, 2, 0, 3, 12], "R": [[0.7667786946430262, 0.31625053205200915, 0.5586018567981657], [0.38849069492774513, 0.4641209349097033, -0.7960318697973725], [-0.5110043183732356, 0.8273919015529247, 0.23301765565840896]], "T": [-0.03863001809347568, 0.12436586138866416, 0.058143717835846986], "aligned_model": [[0.2590322083484131, 0.2558647611386956, -0.6625398422566623, -0.3651216996010704, -0.5207671686328472, -0.7459952029082187, 0.12646136875313038, -0.15503328152612325, 0.8262280324278845, 0.34429028381902627, 0.017475244395847134], [-0.2814733608743449, 0.7239094696918, 0.3973050556548101, -0.18555491379581807, 0.528654185184454, -0.08785960780964235, -0.6527485498557047, -0.005027054045961585, -0.07356938019128502, 0.45637502105534067, 0.09557566622983524], [-0.46976214524730303, -0.15284439528314075, -0.5334898327102713, -0.23363898059280302, 0.15954280394765863, 0.34513384269703445, 0.02732353521497835, 0.6567652916379187, 0.1943091422530936, 0.40254723073629883, -0.01632005863188732]], "inverted": true, "swapped": true, "error_lsq": 0.05154993760053619, "error_max": 0.22553093884047729, "target": "1180.xyz", "model": "24.xyz", "model_rescale": 3.7841303162186577, "target_rescale": 3.9463728833134653},
{"mapping": [1, 2, 3, 6, 7, 13, 8, 0, 10, 9, 14, 12, 15], "R": [[0.3915790949257626, 0.2186813597943335, -0.8937808877435354], [0.8428694724328927, -0.47488962556673864, 0.25308278481512747], [-0.369102783595326, -0.8524425531421951, -0.3702766921298153]], "T": [-0.12542873623012066, 0.050526007028695766, -0.014295520450968262], "aligned_model": [[-0.4982056864079173, 0.2803154287117152, 0.4036006012252191, -0.19144500011350668, -0.6748592805657316, 0.3915640089525825, -0.322270472115915, -0.832759217636214, -0.5160241713490527, 0.08603296386156378, 0.21559967262761734, 0.5941362150308257, -0.11867162685625994], [-0.06832538708242229, 0.3616538645589901, -0.5557827096259892, -0.6667739960345738, -0.17536872906060158, -0.11167189561579431, 0.3365855776832576, 0.07138757230972563, 0.44418186939458654, 0.595124919709211, 0.5415130778558431, 0.26860790743927865, -0.01847908882311504], [-0.6467100090082656, -0.5686998465627717, 0.02468637089956078, -0.07041156763304993, 0.2500966225080845, 0.5499830801331951, -0.4927106505307537, -0.21573616808555773, 0.5313466455941585, 0.014629939401189406, 0.5071738295046153, 0.08489355182151717, -0.014850333855335072]], "inverted": true, "swapped": false, "error_lsq": 0.05474374330784632, "error_max": 0.2660812958762062, "target": "1180.xyz", "model": "25.xyz", "model_rescale": 4.19342608120988, "target_rescale": 3.9463728833134653},
{"mapping": [3, 2, 0, 8, 7, 4, 6, 10, 1, 5, 9, 12], "R": [[0.9153427488390253, -0.04631565861877354, -0.4000031398808341], [0.17245494777393844, 0.9427418535281773, 0.2854769493226118], [0.3638776485799932, -0.33029177612069927, 0.8709192841422957]], "T": [0.11233447826996742, -0.039638450824300044, 0.05411005885909221], "aligned_model": [[-0.07550586199447909, 0.6094888941802837, -0.07800823010168459, -0.5838692315549004, -0.5330644290492396, -0.5418994626748055, -0.07725499410019293, -0.13096016087746834, 0.5243831589716559, 0.13289685445316643, 0.29112570497646895, 0.06047631240297616], [-0.6187666381268837, -0.38910090438787287, -0.5981541863639412, 0.4128528455839432, -0.18304394431529117, -0.21957893363312428, 0.2976945320956223, 0.7013898139576821, 0.10184723547943175, 0.055738548259237915, 0.46017228144802963, -0.008274222255853426], [0.1233803169679403, 0.19322697089322172, -0.6222985874058758, -0.06905790267438378, -0.3746086876425446, 0.22816484992230407, -0.5641578169485574, 0.5074028560025292, -0.6109535043696876, 0.6839254858562911, -0.02339979370878089, -0.022365725683034736]], "inverted": false, "swapped": true, "error_lsq": 0.047717847924715784, "error_max": 0.25817000234672716, "target": "1180.xyz", "model": "26.xyz", "model_rescale": 3.795458400668931, "target_rescale": 3.9463728833134653},
{"mapping": [0, 2, 3, 7, 5, 4, 1, 6, 8, 9, 11, 4, 12], "R": [[-0.2851464382764523, -0.6330751261533735, 0.7196578307669168], [-0.7719206307200052, -0.2934061386802568, -0.5639604397948246], [0.5681813518649512, -0.7163300373645047, -0.40502003526033686]], "T": [-0.1022678343451685, 0.18472631195601702, 0.01694834880306709], "aligned_model": [[-0.1951416095787219, 0.19635520923858724, 0.32937437333500563, -0.23631416234804184, -0.650650459897056, 0.5890801514760887, -0.43483091161873566, -0.9146415242941673, -0.6433364471887407, 0.2345397284340064, 0.11878841798569464, 0.5890801514760887, -0.16528948165508162], [-0.237819671451941, 0.3461157548299389, -0.3352136249625441, -0.6162562052633183, -0.18530624328717554, -0.002802034341570475, 0.5249164075088246, 0.10411396770958986, 0.5339292298172389, 0.38683555493656685, 0.4755074452215916, -0.002802034341570475, 0.03143443633276591], [-0.6930534440626858, -0.7952170527432081, -0.2804134264706984, 0.04276864483815604, 0.37641026880746287, 0.44791733199370015, -0.3352244341790031, -0.10445015822897888, 0.3576150311465478, -0.15650714886705477, 0.6318914824142624, 0.44791733199370015, 0.014037037544386434]], "inverted": true, "swapped": false, "error_lsq": 0.05574884935702136, "error_max": 0.36497733511508973, "target": "1180.xyz", "model": "27.xyz", "model_rescale": 3.6321398670334006, "target_rescale": 3.9463728833134653},
{"mapping": [1, 6, 7, 3, 0, 8, 13, 2, 11, 9, 10, 12, 14], "R": [[0.831986010682014, 0.4888513152935344, 0.26234265677775126], [0.20751847325841494, 0.16432888909060286, -0.964329870670169], [-0.5145244030033213, 0.8567499096854517, 0.03527365827421551]], "T": [-0.07799999166046818, 0.020453276965400197, 0.008901190540422745], "aligned_model": [[-0.4631203911761395, 0.2845357370062411, 0.4511719650137506, -0.19729765141510197, -0.47896760865533444, 0.2705203595539093, -0.3339769487467989, -0.8449378413313544, -0.5124679094691946, 0.11825418757879964, -0.10495867614698637, 0.7434124025830903, -0.11515418942995445], [-0.2399143059533874, 0.37115923530981687, -0.5336107504881835, -0.6497939993743118, -0.13807420291094452, -0.13933977463838793, 0.6268653702810543, 0.1038158234986662, 0.47137740824950247, 0.6555593017888496, 0.35413892102765065, 0.10257368068147249, 0.03789627523659915], [-0.4718879480517698, -0.5822676629714895, -0.108901516369689, 0.09888306037272884, 0.4600172537274475, 0.3553537287662512, -0.4740247897457895, -0.1868044156902151, 0.1518378640687391, 0.07743436195621556, 0.7107549881892805, -0.036349762339307215, -0.040353697725815464]], "inverted": false, "swapped": false, "error_lsq": 0.049612405209605366, "error_max": 0.2703968007861053, "target": "1180.xyz", "model": "28.xyz", "model_rescale": 4.156811204709835, "target_rescale": 3.9463728833134653},
