[{"mapping": [12, 6, 13, 14, 5, 9, 10, 0, 11, 3, 2, 1, 7, 15], "R": [[-0.9568585447461251, 0.08333459663548701, -0.2783470322276289], [0.21902341148322782, -0.422607248042729, -0.8794497479242349], [-0.19092006329502584, -0.9024735225508571, 0.38612312871164717]], "T": [-0.06008445566563264, 0.1067417015845065, 0.18468098830749674], "aligned_model": [[0.08483805082463808, 0.3963667313986287, -0.49571257869804264, -0.3072915360836864, -0.6686168162600894, -0.18917232802376455, -0.7100631487388585, 0.12447117826561227, -0.4531452302756543, 0.16676664566496568, 0.6230437213106772, 0.16847626562089665, 0.6541210189167028, -0.022589872793721807], [-0.6216355430203049, -0.4735149378730179, -0.3199830411975606, -0.22203010496062078, 0.24641340914892754, 0.368606665547772, 0.20277755442405537, 0.43463461403480674, 0.656265306896658, -0.17511220799805513, 0.45562385194995336, 0.6743014041095504, -0.11985596144529961, 0.12878232219317015], [0.323052415969028, -0.2736881910134452, 0.3535290277566832, -0.26279947956278715, 0.6605922446952319, -0.6012910997382439, -0.2556398391103223, 0.6992324982838805, 0.04140486095946899, 0.6487873427327344, 0.309369995869386, -0.050739789726835155, 0.1533277747070396, 0.15245032535801473]], "inverted": false, "swapped": true, "error_lsq": 0.03802640899921607, "error_max": 0.2341531374370581, "target": "1181.xyz", "model": "0.xyz", "model_rescale": 3.8414455957264533, "target_rescale": 4.151160924562067},
{"mapping": [10, 5, 6, 13, 14, 12, 7, 9, 2, 8, 3, 4, 0, 1, 15], "R": [[0.995719924646107, 0.09044655665893055, 0.01900663177140536], [-0.07902713256410461, 0.7265769793898856, 0.6825251682827272], [0.04792227020338625, -0.6811059487401446, 0.7306149071907451]], "T": [-0.04767768157362759, 0.03546282341711968, -0.11602475894775183], "aligned_model": [[-0.7975772239435863, -0.5230586160853754, 0.359665782332492, -0.34748865320974165, -0.3473230121508244, 0.24549021158807696, 0.659865529468854, -0.42090321436713596, 0.5776940636990983, 0.2292623219643146, 0.33663656478153203, -0.3010909077686651, 0.21029270964130406, 0.014734388854862022, -0.02415579130066083], [-0.07675848757554002, 0.3113198986068052, -0.6493332638035615, -0.31886319292793697, -0.4505666341765855, -0.5780265304925944, -0.1474422177435009, -0.02574226424412998, 0.44182297468977727, 0.0032094342335558246, -0.03792557470578903, 0.8032847686990895, 0.542600051366385, 0.4837599140570453, 0.045705652059995217], [0.10899673169286711, -0.6765844657691618, 0.2307797676929415, -0.5460735742381182, 0.09237162472438379, -0.4452146652285776, 0.05234191008965139, 0.63227043697682, 0.1024055899087451, 0.636845522298555, -0.5555864267592019, -0.3538196120341047, -0.4034284989272977, 0.3582340458879966, -0.06835659897596405]], "inverted": true, "swapped": true, "error_lsq": 0.042407602182570114, "error_max": 0.24944552464462977, "target": "1181.xyz", "model": "1.xyz", "model_rescale": 4.316132596720782, "target_rescale": 4.151160924562067},
{"mapping": [2, 1, 8, 13, 7, 0, 14, 5, 9, 4, 10, 15], "R": [[0.5973014371283283, 0.24125049594040338, -0.7648720098244827], [0.7765350813332621, 0.06452501984860898, 0.6267613495360741], [0.20055986802742445, -0.9683154031729778, -0.1487985864004629]], "T": [-0.174274024616434, 0.059051720471257826, -0.0696222675255112], "aligned_model": [[-0.23897102430188732, 0.2941456961183179, 0.16917736635720587, -0.43204745962320185, -0.5553578673176393, -0.32939499466062455, -0.04062015601343344, -0.16872476653822321, 0.5460116396543921, 0.11562585525257424, 0.38925735804576683, -0.1512930923414672], [-0.7020919489749956, -0.38957188363037715, -0.48635123660225577, 0.636663641272562, -0.5009576427834129, -0.22491750223721868, 0.40290743733791606, 0.5739653848319136, 0.04193360777683379, 0.04944390660378219, 0.5970463486050152, 0.014706315541218075], [0.07322318155480262, 0.02580723024777512, -0.5482938287353394, -0.08673522337876406, -0.3914663333651749, 0.47959241333869657, -0.5526759911409507, 0.5229521731405027, -0.4984399366952049, 0.7216936899694382, -0.2059005797830358, -0.09049833394332438]], "inverted": false, "swapped": true, "error_lsq": 0.04750130853840239, "error_max": 0.2643511718667045, "target": "1181.xyz", "model": "2.xyz", "model_rescale": 3.795458400668931, "target_rescale": 4.151160924562067},
{"mapping": [3, 0, 5, 9, 12, 14, 11, 7, 1, 8, 13, 15], "R": [[-0.7147295931785739, 0.598803569807367, -0.36138053824292216], [0.2514670296447179, 0.7021632577618723, 0.6661314378190668], [0.6526300189513603, 0.385228561032523, -0.6524362146051971]], "T": [0.011354964687163016, -0.0005427284446547767, 0.030517281662600867], "aligned_model": [[-0.025728860568237644, -0.1444015378570225, -0.7678662164122101, 0.30677505736994204, 0.12392758043127741, 0.07846454519948634, -0.2891788385628476, 0.6451158999355581, 0.27791688231556166, 0.7348717334447717, -0.4047262115436211, 0.058133791990906535], [-0.04768954154226851, -0.5581184993203959, -0.09448951236771472, 0.16384206643572172, 0.49018459196965686, 0.5523152960307733, -0.24999258181784295, -0.062210680654443955, -0.4542613426302039, -0.07592769674609065, 0.44099665267717847, -0.018879706744660198], [-0.5548883252963094, -0.2362915864760099, 0.013205538313423106, 0.797781036430052, -0.5326849009700018, 0.27400305021953275, 0.6001269881777922, -0.36566843923147085, 0.42150465382114083, 0.37020875776710294, -0.14919069759806403, 0.05066535548191224]], "inverted": false, "swapped": true, "error_lsq": 0.04640237795879237, "error_max": 0.2666420084183887, "target": "1181.xyz", "model": "3.xyz", "model_rescale": 3.7530521520055578, "target_rescale": 4.151160924562067},
{"mapping": [2, 4, 11, 10, 8, 13, 7, 3, 12, 14, 15], "R": [[-0.5845790533600048, -0.717574383936823, 0.37862162364346036], [-0.5919054178320547, 0.0580224514778494, -0.8039162714272935], [0.5549011684199106, -0.6940608032746051, -0.45865487530825244]], "T": [-0.07828946769607928, -0.02442811711317967, -0.02486275519286607], "aligned_model": [[-0.40541180418233, -0.25793010334687816, 0.2930601886404849, 0.5917291336620301, 0.3066539533919522, -0.12677230210414492, -0.36717133252546597, -0.6323733198581483, -0.37560565541433444, 0.3724309900700492, -0.060410145888009574], [-0.729229845977466, -0.06973184861269206, -0.05154106360796808, 0.3292166115178768, -0.668907531070233, 0.5999685724047678, -0.4747602942506659, 0.06697096097477377, 0.29760077632374166, 0.24208747318823148, -0.07447045257602015], [-0.03811830463650803, -0.847050087226584, -0.6065545420278105, -0.25199288811956666, 0.2597678029064547, 0.065435179400257, 0.5006533560961527, 0.15102087121300284, 0.5904282911023693, 0.28378189418657, -0.0145407956490211]], "inverted": true, "swapped": true, "error_lsq": 0.04853061454196897, "error_max": 0.2957326556851133, "target": "1181.xyz", "model": "4.xyz", "model_rescale": 3.7855080009869324, "target_rescale": 4.151160924562067},
{"mapping": [5, 8, 10, 3, 7, 4, 14, 9, 15, 13, 11, 6, 2, 1, 12, 16], "R": [[0.7520904220105635, 0.11744753468500752, -0.6485106581363075], [-0.6257756590829524, 0.4360099340221937, -0.6467612866686279], [0.20679657061776707, 0.8922451535482703, 0.401414703704728]], "T": [0.007030313028768261, 0.028853150843840027, -0.05086514129561742], "aligned_model": [[-0.2326188144306069, -0.017755986728626785, -0.4960602083146433, -0.5342022654393765, 0.15285857704286224, 0.4863442923907984, -0.3044515692023037, -0.6899841142366291, -0.46537238673558773, 0.3345364655104162, 0.7329734002655764, 0.5693984574982154, -0.34707435661668623, 0.4298977270562002, 0.29124410225617003, -0.02862112278084744], [-0.7315827383476423, 0.10581312238358659, -0.2964167075366016, -0.23083699417429568, -0.6028497337799732, -0.5085957241698745, 0.6045185116865177, 0.1481594748306929, 0.457947422475199, 0.553429073710155, 0.3485743912204939, -0.11019903495557273, 0.18973293769488503, -0.006948186170744913, 0.5770481529467667, 0.0645298115870439], [0.0884503235918937, -0.7499879317184144, -0.4656707832990337, 0.2984841538008855, -0.4264381100360441, 0.11768040091768434, 0.12026588423899273, 0.03190507369550637, -0.5724319174560215, -0.42826076939830215, 0.005890394517602426, -0.35167010763985707, 0.577237768024772, 0.5760362492045876, 0.2350894437218765, -0.03234749569169834]], "inverted": true, "swapped": false, "error_lsq": 0.0368299342083619, "error_max": 0.27256579709595763, "target": "1181.xyz", "model": "5.xyz", "model_rescale": 4.2253639853439635, "target_rescale": 4.151160924562067},
{"mapping": [0, 5, 9, 1, 11, 14, 8, 2, 13, 3, 10, 6, 7, 15], "R": [[-0.8592273010586626, -0.5003298151469104, -0.10676385713576012], [-0.1241619585876281, 0.0014905155570197892, 0.9922608459488154], [-0.49629855244109944, 0.8658336182191317, -0.0634026214476704]], "T": [0.047677609974286786, 0.05019753258780986, -0.04215634287567964], "aligned_model": [[0.5311471815576806, -0.15564059035081967, -0.47765702010520866, 0.1641255002319602, -0.2886899870658285, -0.4481314384103164, 0.11898800108652728, 0.7136211354026134, -0.2582706184523876, 0.4650116747055762, -0.7205730899039393, 0.08624523779045595, 0.5817609890948673, 0.06212517717660279], [-0.065435378900165, 0.21310691314169727, -0.48401020087932095, -0.592277798114809, -0.4409145058982096, 0.20367158156482945, -0.4391870152995434, -0.32082982195179155, 0.5714247049585245, 0.4565152527298665, -0.11260969254716634, 0.31505070382231853, 0.12920962368346503, 0.01138478032529501], [-0.4411851684054456, -0.782719363074018, 0.33418749628149824, 0.016599935671574605, -0.3923945751058417, 0.2741664579840221, 0.5902733365874409, 0.1088010443327652, -0.22948878643526338, -0.1260368856325419, -0.13629606413177775, 0.7845921643076864, 0.47835400132975386, -0.007295384778404662]], "inverted": false, "swapped": true, "error_lsq": 0.04232994889085722, "error_max": 0.21969090880659534, "target": "1181.xyz", "model": "6.xyz", "model_rescale": 3.89814844738969, "target_rescale": 4.151160924562067},
{"mapping": [14, 6, 12, 9, 13, 7, 8, 10, 1, 2, 3, 4, 15], "R": [[0.489601358472634, -0.16745464171882324, 0.8557157546455318], [-0.8013008957415404, -0.47337389331006285, 0.36583333857957534], [0.3438130077026702, -0.8647983002407521, -0.3659460556354583]], "T": [0.03608771357674598, 0.09919945627785286, 0.09833291123757125], "aligned_model": [[0.22947890292351206, -0.1373243121645709, 0.4038445851547723, -0.326349983213294, 0.6607110665919159, -0.3605565953727128, -0.6597926824799679, 0.27842619255727397, -0.5460707301596522, -0.608254010769503, 0.21465675794086525, 0.015965280993381376, -0.01610267109779727], [-0.28054559837157056, 0.22644241347928862, 0.5061321574447676, -0.6263997512602805, 0.07536499011438443, 0.5906241018003447, -0.08596209996592503, -0.653541861688682, -0.09636009424345458, 0.5127394416079502, 0.6596759630185204, 0.04276388375170566, 0.09284771978343649], [-0.3350659257077101, -0.7436203282770665, -0.42113148163912206, -0.11411418169141387, 8.265324409409414e-05, -0.3061347571465951, -0.25665353854699235, 0.11350483824500698, 0.32775603684164833, 0.23151936861612277, 0.08169144115743297, 0.9390024711016713, 0.08543843463921913]], "inverted": false, "swapped": true, "error_lsq": 0.03582268857877779, "error_max": 0.23416346780692718, "target": "1181.xyz", "model": "7.xyz", "model_rescale": 3.7474275329858107, "target_rescale": 4.151160924562067},
{"mapping": [5, 3, 12, 13, 6, 10, 5, 11, 14, 9, 4, 1, 2, 7, 15], "R": [[0.7366766578981443, -0.6533758217814779, -0.1743775708610464], [0.6434555757141757, 0.5979309173390476, 0.4779576761308724], [-0.20802024851047388, -0.4643044837188888, 0.8609000654014245]], "T": [0.028512074082184327, -0.02620452447905968, -0.006805659277348025], "aligned_model": [[-0.6682029180773641, 0.1791476488467449, 0.5090558129455758, -0.09346014605028632, 0.8707408663751859, -0.32217746182358875, -0.6682029180773641, -0.5208664170326663, 0.2178358410804146, 0.0820259540764471, -0.7260702273309299, -0.054500440112152174, 0.2603642164419446, 0.6820209361475018, 0.05444297492928399], [-0.14974718965811845, 0.20417248448445952, -0.24635556292830565, -0.4770318494023678, -0.23500294410246236, -0.6398137670528773, -0.14974718965811845, -0.07699041267435955, -0.587775323272201, -0.3527147530648597, 0.3469061442770672, 0.32302408402323807, 0.6964678551777124, 0.33740147786654295, -0.003675092035756746], [-0.34685973339167353, -0.5269336378519844, -0.5465220946834983, -0.43371669066848684, 0.04011597489824628, 0.3482692122242692, -0.34685973339167353, 0.40865201734053325, 0.12823418560410121, 0.7635944942826194, 0.03453650172047387, 0.5417700086722147, 0.1602854098848646, -0.06280411530399171, 0.03503285636024703]], "inverted": true, "swapped": true, "error_lsq": 0.04683751974344764, "error_max": 0.3473272930867837, "target": "1181.xyz", "model": "8.xyz", "model_rescale": 4.019505241142653, "target_rescale": 4.151160924562067},
{"mapping": [14, 11, 13, 12, 6, 7, 0, 9, 8, 1, 4, 2, 15], "R": [[0.9618817381702733, -0.007102879243042072, -0.2733735006927198], [0.046728510313682234, 0.9892293350057615, 0.13871470393553528], [0.26944381250716787, -0.14620147697789473, 0.9518535391703307]], "T": [-0.018559245890240127, -0.009448232204401275, -0.12885780410688819], "aligned_model": [[-0.20466923584096208, -0.6407024961198694, -0.14509283008737112, 0.47376543986650754, 0.5009590635860129, 0.6788919706290021, 0.1339835409122874, -0.46879861430220926, 0.14167830768629758, -0.14975197057132036, -0.4299986320654325, 0.43543987962577596, -0.006003651577542192], [-0.5633694103943544, 0.15983392056375234, -0.09271653212231146, -0.27786913677529224, -0.7052206221335112, -0.15546076298321318, 0.6008356356984644, -0.537416794385816, -0.4264449812835643, 0.09179153205136234, 0.7127380346800372, 0.2817501937485164, -0.025072848550011236], [-0.296116318109522, 0.11869490330718152, -0.7432120751948365, -0.6350684491179095, -0.0949569797874513, 0.10493938631339914, -0.025794235170446295, 0.3418042506717966, 0.5382159135124847, 0.5054338804514202, 0.010712330409151427, 0.43062274102636233, -0.07857185426775126]], "inverted": true, "swapped": true, "error_lsq": 0.05223984440347413, "error_max": 0.33009388494599234, "target": "1181.xyz", "model": "9.xyz", "model_rescale": 3.877068213659057, "target_rescale": 4.151160924562067},
{"mapping": [11, 5, 12, 10, 0, 8, 13, 6, 3, 4, 7, 1, 14, 9, 2, 15], "R": [[-0.838351362074072, -0.20787270508699351, -0.5039404053936977], [-0.23051307690795841, -0.7025419070282976, 0.6732745281409872], [-0.4939946508647378, 0.6806054711423198, 0.5410595878165058]], "T": [-0.05137311143936236, 0.0821944800062597, -0.044372074800282796], "aligned_model": [[-0.13944815164884947, 0.007172650923818268, -0.4873165699134068, -0.4864121524201272, 0.10787180954867112, 0.543084610568776, -0.36533829781224136, -0.6622349360803109, -0.2970377083750839, 0.2781995100325717, 0.7433209081754208, 0.5563118424917235, -0.31437998378694293, 0.1395752231342096, 0.29593735613974015, -0.03819391344303715], [-0.637531434286057, -0.02210071994576404, -0.3610499447764117, -0.24232261444140593, -0.5923746648581991, -0.3503831723824419, 0.7309273369806284, 0.15331943841803414, 0.4209896110244947, 0.5942743990984719, 0.25554350415453725, -0.0792980130846355, 0.2682373140108757, -0.05627704251752444, 0.4750368189903923, 0.0053329630156415675], [0.09307854124741002, -0.816829418100747, -0.4587184234342464, 0.4123997147113502, -0.435988672469659, 0.18976362774606617, 0.23528850159794326, -0.0901284580937893, -0.5214759500087867, -0.3397476380813398, -0.11291476538175085, -0.6423233952641614, 0.6667798046544929, 0.5720771728050472, 0.36232891334821693, -0.08935697880161646]], "inverted": false, "swapped": false, "error_lsq": 0.04128048061998858, "error_max": 0.2569121443891406, "target": "1181.xyz", "model": "10.xyz", "model_rescale": 4.260839863003843, "target_rescale": 4.151160924562067},
{"mapping": [6, 12, 13, 14, 11, 9, 8, 7, 0, 4, 1, 15], "R": [[-0.9975464959375531, -0.06878149277586823, -0.013042035662918429], [-0.006179445771945673, 0.2720796861945071, -0.9622548824559168], [0.06973380021668998, -0.959813393640567, -0.2718371690838415]], "T": [-0.030419458509630473, -0.09887497396169038, 0.04087484546396208], "aligned_model": [[0.3941232952872528, 0.27146527662702064, -0.32759252192457133, -0.3181038787706462, -0.5380204630293682, -0.3944821289921298, 0.254988366140111, 0.6823595892251656, 0.2143509085801687, -0.30158494875091424, 0.028003269408238246, -0.00660811470619686], [-0.10479454924021074, -0.6727969013084883, -0.6434771724012228, -0.13652113741143557, 0.27396428521482635, 0.5380909989214322, 0.5553253256531538, -0.03325193015969674, -0.12175191084818897, 0.04196497757023078, 0.5281479083580112, -0.05182138881547746], [-0.7173310416045487, -0.34663234587656105, -0.08351222757983753, -0.49322388251596033, 0.32430582652884693, -0.3649844684351047, -0.32670378377047204, -0.18286301465243313, 0.6290091104267311, 0.8263355892164529, 0.22312755980795557, 0.028650755850435645]], "inverted": false, "swapped": true, "error_lsq": 0.04485293438614258, "error_max": 0.23554397131445245, "target": "1181.xyz", "model": "11.xyz", "model_rescale": 3.890672605050136, "target_rescale": 4.151160924562067},
{"mapping": [13, 5, 10, 12, 14, 2, 4, 7, 3, 1, 9, 11, 8, 15], "R": [[0.17723746759085518, 0.6153422081779196, 0.7680760684442018], [0.7712666468805762, 0.3979392610409808, -0.49678174677794945], [-0.611338400144775, 0.6804397926024608, -0.40406317470359393]], "T": [0.11652626748037619, -0.08553606128686081, 0.06918514103395973], "aligned_model": [[0.5944453376964717, 0.05412670356010439, 0.3751061486674818, 0.6810555248553449, 0.6243697837736175, -0.45967383069169854, -0.5201986309443937, 0.09170302521237839, 0.15813452836858022, -0.3994346103144357, 0.15455156379357504, -0.20377986044588509, -0.03427048765822112, 0.09374063892077403], [-0.14337427725015803, -0.011923719510153571, 0.6321728731016096, -0.5830260068268317, 0.22306392996380187, -0.40693468872803934, 0.05897188656738811, -0.5674507337073402, -0.6614506157541153, 0.1977340141036817, 0.6509685795732765, 0.4776869410605839, 0.14034363064688837, -0.07462929341282712], [-0.3414529370871048, -0.7099161754210215, -0.13964002048145596, 0.1362154848560892, 0.19686450065085329, 0.4798268081535803, -0.46374454640561774, 0.6432592128802597, -0.044344305888005725, 0.35785346099489423, 0.4680636340116916, -0.16994839496582306, 0.8246905417220682, 0.11706317233645314]], "inverted": false, "swapped": true, "error_lsq": 0.04351119998686968, "error_max": 0.32894353349303923, "target": "1181.xyz", "model": "12.xyz", "model_rescale": 4.124412569039231, "target_rescale": 4.151160924562067},
{"mapping": [11, 1, 2, 10, 0, 5, 9, 13, 8, 14, 3, 7, 15], "R": [[-0.7503073105418913, -0.5839830277572524, 0.3098431264993081], [-0.6370772220267857, 0.5135510218426904, -0.5748025409990479], [0.1765546740305325, -0.6286725469239139, -0.7573633710592107]], "T": [0.17783720845759704, 0.04078079947501935, -0.07762698196285671], "aligned_model": [[-0.26893073672588047, 0.01727812952152094, 0.6083155089798578, -0.567184644773429, 0.6295807791167842, 0.17243352895212088, -0.5680386326114173, 0.13832035268358736, -0.050035967826734085, -0.25728643804853135, 0.7302635278076572, 0.6125331978432766, 0.17004970259094498], [-0.115910602857986, 0.44372039899306864, 0.577410154823052, -0.22470336602065832, -0.05054505972804059, -0.7010869620582306, 0.41803058496790957, -0.47186802975297026, 0.8101260930107859, 0.04326541603512199, -0.07856351662571236, 0.6049156341339101, 0.09269463158822677], [0.42521217879492773, 0.4139494854224911, 0.283825058268741, -0.08380869830881668, 0.36274233381515175, 0.17911095521554848, -0.011741548188979808, -0.44641570753063137, -0.050583648185925964, -0.5020115356932345, -0.24157774482646288, -0.3125956393480826, -0.06440740846688783]], "inverted": false, "swapped": true, "error_lsq": 0.04297428138393393, "error_max": 0.24408040769650335, "target": "1181.xyz", "model": "13.xyz", "model_rescale": 3.9028299243045295, "target_rescale": 4.151160924562067},
{"mapping": [6, 11, 1, 3, 9, 7, 8, 2, 12, 13, 10, 14, 0, 4, 5, 15], "R": [[-0.05780503277604565, 0.08003174760748807, -0.9951148162702892], [-0.9827513371826389, 0.17083177681090428, 0.0708259366148063], [0.17566555567753017, 0.9820445119272958, 0.06877637052057786]], "T": [-0.07222410956124287, 0.055365249083605614, -0.030439909937522238], "aligned_model": [[-0.2811156419924402, -0.06253007012265042, -0.4901086567781154, -0.21264944974656685, 0.26269626587164063, 0.5286754680541643, -0.44628259099618134, -0.798035436869938, -0.19357113889419314, 0.3922202434443271, 0.6695136311192926, 0.5482789334406126, -0.388658493834569, 0.25787716761560264, 0.1065043532298921, -0.011702386005946475], [-0.5754374300366846, -0.10235955612997043, -0.20900408257096936, -0.3072829459539215, -0.5590254377708158, -0.5815801032628152, 0.7095642980707214, 0.10237457686643267, 0.5247470737444427, 0.6129048271299624, 0.05107135555199001, 0.024665555972797383, 0.25825285628651695, 0.13154685216023998, 0.5205374410021486, -0.038651501659439216], [-0.08392420616031283, -0.7521639567571003, -0.45196110444696647, 0.4568551297540497, -0.3639033749379787, 0.20161239361296862, 0.13870800263772864, 0.08418037538571807, -0.5296351524138675, -0.3561582141028879, 0.041388277965612535, -0.6605860479494059, 0.7084256451790812, 0.556580348692108, 0.08691767230226624, -0.052103212286583225]], "inverted": true, "swapped": false, "error_lsq": 0.03908754323050469, "error_max": 0.2825834556311537, "target": "1181.xyz", "model": "14.xyz", "model_rescale": 3.942246331269136, "target_rescale": 4.151160924562067},
{"mapping": [8, 9, 6, 10, 5, 14, 3, 7, 2, 12, 13, 0, 11, 4, 15], "R": [[0.4940122492163618, -0.14734620313304309, 0.8568786343738928], [-0.8693409692185017, -0.09966611010106341, 0.48405882466448136], [0.014077530409402461, -0.9840506912347547, -0.1773303702640177]], "T": [-0.04208719409998828, 0.016704676771355228, -0.005680695077293928], "aligned_model": [[-0.7296956265610071, -0.39182246637389684, -0.20334635502960452, 0.20945798228718893, 0.4925934000305625, 0.1631221136497637, 0.12963751795042736, -0.43826049010500356, -0.6936848378577093, 0.32891945126918015, 0.5843057137494642, -0.17667232518404427, -0.1310893578242059, -0.07519457212596153, -0.09397611134294416], [-0.019088390375992918, -0.5705683033324801, 0.4611900100508136, -0.6811067123534993, -0.27187306168536246, -0.16301425839812295, 0.540259082684856, 0.6248265367806305, 0.3421996698332299, 0.5958836588380063, 0.03635345649295518, 0.18347499292042463, -0.6329019535885112, -0.3630970295240053, 0.01560699153870861], [-0.4185525965310027, -0.49125741146294205, -0.7347733022774982, -0.28020192737398847, 0.49146203580447534, -0.5488484913130329, 0.20095706541078232, -0.19450205967464715, 0.2652505319350233, -0.3180720700586847, -0.09298120227144047, 0.5946627937792999, 0.2113235782563231, 0.7459640085140395, -0.021068472376191118]], "inverted": false, "swapped": true, "error_lsq": 0.047409345894498196, "error_max": 0.3245970635734296, "target": "1181.xyz", "model": "15.xyz", "model_rescale": 4.355366556412066, "target_rescale": 4.151160924562067},
{"mapping": [2, 1, 8, 13, 7, 0, 14, 5, 9, 4, 10, 15], "R": [[0.5973014371283283, 0.24125049594040338, -0.7648720098244827], [0.7765350813332621, 0.06452501984860898, 0.6267613495360741], [0.20055986802742445, -0.9683154031729778, -0.1487985864004629]], "T": [-0.174274024616434, 0.059051720471257826, -0.0696222675255112], "aligned_model": [[-0.23897102430188732, 0.2941456961183179, 0.16917736635720587, -0.43204745962320185, -0.5553578673176393, -0.32939499466062455, -0.04062015601343344, -0.16872476653822321, 0.5460116396543921, 0.11562585525257424, 0.38925735804576683, -0.1512930923414672], [-0.7020919489749956, -0.38957188363037715, -0.48635123660225577, 0.636663641272562, -0.5009576427834129, -0.22491750223721868, 0.40290743733791606, 0.5739653848319136, 0.04193360777683379, 0.04944390660378219, 0.5970463486050152, 0.014706315541218075], [0.07322318155480262, 0.02580723024777512, -0.5482938287353394, -0.08673522337876406, -0.3914663333651749, 0.47959241333869657, -0.5526759911409507, 0.5229521731405027, -0.4984399366952049, 0.7216936899694382, -0.2059005797830358, -0.09049833394332438]], "inverted": false, "swapped": true, "error_lsq": 0.04750130853840239, "error_max": 0.2643511718667045, "target": "1181.xyz", "model": "16.xyz", "model_rescale": 3.795458400668931, "target_rescale": 4.151160924562067},
{"mapping": [14, 6, 12, 9, 13, 7, 8, 10, 1, 2, 3, 4, 15], "R": [[0.489601358472634, -0.16745464171882324, 0.8557157546455318], [-0.8013008957415404, -0.47337389331006285, 0.36583333857957534], [0.3438130077026702, -0.8647983002407521, -0.3659460556354583]], "T": [0.03608771357674598, 0.09919945627785286, 0.09833291123757125], "aligned_model": [[0.22947890292351206, -0.1373243121645709, 0.4038445851547723, -0.326349983213294, 0.6607110665919159, -0.3605565953727128, -0.6597926824799679, 0.27842619255727397, -0.5460707301596522, -0.608254010769503, 0.21465675794086525, 0.015965280993381376, -0.01610267109779727], [-0.28054559837157056, 0.22644241347928862, 0.5061321574447676, -0.6263997512602805, 0.07536499011438443, 0.5906241018003447, -0.08596209996592503, -0.653541861688682, -0.09636009424345458, 0.5127394416079502, 0.6596759630185204, 0.04276388375170566, 0.09284771978343649], [-0.3350659257077101, -0.7436203282770665, -0.42113148163912206, -0.11411418169141387, 8.265324409409414e-05, -0.3061347571465951, -0.25665353854699235, 0.11350483824500698, 0.32775603684164833, 0.23151936861612277, 0.08169144115743297, 0.9390024711016713, 0.08543843463921913]], "inverted": false, "swapped": true, "error_lsq": 0.03582268857877779, "error_max": 0.23416346780692718, "target": "1181.xyz", "model": "17.xyz", "model_rescale": 3.7474275329858107, "target_rescale": 4.151160924562067},
{"mapping": [7, 0, 1, 3, 6, 14, 8, 11, 12, 9, 13, 5, 10, 15], "R": [[0.46814365144934306, -0.19675371316817172, 0.8614693830672179], [-0.6497061107339392, 0.5841398386733219, 0.48647982337367673], [-0.598935298077058, -0.7874443632595527, 0.1456292672786052]], "T": [0.0031920087441110086, 0.0017019662258726115, -0.06768473117958862], "aligned_model": [[0.3896812061717502, 0.10414312595999352, 0.5878058468430698, -0.19358256671845694, 0.18561539564410562, -0.17060146317110442, 0.7103717551127999, 0.10101101323107763, -0.3695775362583445, 0.3928199542254343, -0.6186608158365393, -0.545684494559726, -0.21425600263933495, 0.05576222987815144], [-0.5722387745204743, 0.28163890487796045, 0.29244584951713637, -0.25000850183512224, -0.8152238841559002, -0.23099833530945774, -0.2417059851509924, 0.6300817569548665, -0.6411161609989189, 0.11548977355534924, -0.07754263628652462, 0.5438029499292463, 0.3330706252758727, -0.0072873403418078145], [-0.3568855458400911, -0.6314062783824987, -0.008679505923300093, -0.5618702868768445, 0.16577109172534282, 0.4662510414543438, 0.22420408770484485, 0.2017058680712172, -0.2037373569112667, 0.6659578659558053, 0.0183087897316693, -0.21319229569072728, 0.6167776795359308, -0.05841043589277055]], "inverted": true, "swapped": true, "error_lsq": 0.039270476093740146, "error_max": 0.255907001027957, "target": "1181.xyz", "model": "18.xyz", "model_rescale": 3.922800546911778, "target_rescale": 4.151160924562067},
{"mapping": [6, 7, 8, 14, 0, 12, 2, 10, 3, 9, 1, 11, 13, 5, 15], "R": [[0.47055426636531095, 0.11279222952637888, -0.8751323302014803], [0.4488767411647593, 0.8232717771643026, 0.347466908015766], [0.7596633159806455, -0.5563285844563443, 0.33676423870430566]], "T": [0.04073643826054945, 0.006592397890334091, 0.07948112611456337], "aligned_model": [[-0.2853099243618726, -0.27049774085182243, 0.41717359009274196, 0.055213099461279384, 0.0023767923692618945, -0.6620580561026145, 0.12779062764048316, 0.4813533577241308, -0.4823136164286303, 0.6984503344289988, 0.5885682266814425, 0.6475171760898571, -0.31480242580472534, 0.023997705049491357, 0.06859169089959598], [0.43820555373284875, -0.17266386204329118, 0.10099874268342643, 0.6130311030331891, -0.6172696274983759, 0.2485564170224164, -0.5863142041281699, 0.5565281561095147, -0.2630672019735936, 0.46615183487486966, -0.24959945775824363, -0.019114972906663065, 0.3255888592500321, -0.12300198540161753, -0.0004178499617636146], [-0.6006303437803501, -0.5788648800583922, -0.6233219898721187, 0.04122496715539078, 0.20463108142766787, -0.05548519367257468, -0.41530523083521914, 0.4386537999805324, 0.0791693078391493, -0.16384297050101593, -0.17356635296896583, 0.4083538694153275, 0.4944617303410267, 0.8535847718693446, 0.03359660082352651]], "inverted": false, "swapped": true, "error_lsq": 0.03930138830773071, "error_max": 0.2962963561499331, "target": "1181.xyz", "model": "19.xyz", "model_rescale": 3.9282355846067225, "target_rescale": 4.151160924562067},
{"mapping": [2, 7, 6, 3, 0, 12, 13, 14, 5, 11, 8, 1, 9, 15], "R": [[0.3570337002938408, 0.9006871140136006, 0.2475674847477734], [0.8732970596158773, -0.41591244759982055, 0.2537106257092697], [0.3314802897922447, 0.12561671298588284, -0.9350621684668199]], "T": [-0.055244662274457255, 0.006002839712693858, 0.011385864092933035], "aligned_model": [[-0.5638300827947055, -0.1523549901471328, 0.4534633869185706, -0.3492578703051354, -0.6918558322992076, 0.16633047845105825, 0.18024988419701826, 0.5501631949846585, -0.29753486112259425, -0.09668888097619766, 0.1608851926078848, -0.2422411808140461, 0.4691678840440924, -0.05397350365958735], [-0.5483165578767688, -0.7082170241570821, -0.6475083863922355, -0.10571708413751853, 0.03729576042717401, -0.19275647222792194, 0.40624009908192915, 0.05409513814242383, 0.7445790417812855, 0.41099244886394426, -0.616454982179369, -0.19954637678377, -0.07581822688925305, -0.03598529022800229], [0.20632453424244612, -0.19568551271063309, -0.251838292092099, -0.4859798452781255, 0.0021787047722722948, -0.6829352347280453, -0.4184140694805764, -0.013301535807516317, -0.09866865431154051, 0.5692987669871602, 0.47006206017382995, 0.6051608918832468, 0.6604512349549346, 0.045530108638329084]], "inverted": false, "swapped": true, "error_lsq": 0.04246735206792741, "error_max": 0.27435792459143243, "target": "1181.xyz", "model": "20.xyz", "model_rescale": 4.067790424073018, "target_rescale": 4.151160924562067},
{"mapping": [9, 7, 11, 10, 4, 0, 5, 8, 1, 6, 12, 13, 14, 3, 15], "R": [[-0.04142564844588744, 0.9653073153687547, 0.25780943067778817], [-0.9725781447646774, 0.02014421863288348, -0.231702315011673], [-0.22885730920583616, -0.26033823643721277, 0.9380023105898119]], "T": [0.012363777863491042, 0.051488240208252656, 0.06260812497938605], "aligned_model": [[0.43780467450480226, 0.2166921177381309, -0.2509637623446764, 0.25540983873769335, -0.7628959152895048, -0.5827667968459358, -0.4704127721679899, 0.3813322502139594, -0.1621651026859436, 0.7580208213357356, 0.3825836104867146, 0.13706662640162576, 0.5538099621930138, -0.14967338334141098, 0.024601784971301326], [-0.1431730487259291, 0.7649801662278228, -0.36125231366493227, -0.632473345528769, -0.19800380494690578, 0.2697837850440283, -0.5204327064239131, 0.4911159841038702, 0.2508638278997688, 0.48100961186667557, 0.21968020482064893, -0.3619870099354246, -0.2240079744019518, 0.31883592315392634, 0.08595584043893233], [-0.6331620147822545, 0.17030299879416994, -0.42453133734789855, -0.25156185937198844, -0.15428199143476645, 0.1297233588742298, 0.2995565946605464, -0.4987646747410188, -0.5370384433110099, 0.18366481899985038, 0.6992644953322354, 0.5250613065989898, 0.04314339473153865, 0.5611729969388939, 0.02269992967962356]], "inverted": false, "swapped": true, "error_lsq": 0.04155110340758829, "error_max": 0.2531250672329909, "target": "1181.xyz", "model": "21.xyz", "model_rescale": 4.186013935880536, "target_rescale": 4.151160924562067},
{"mapping": [4, 0, 5, 9, 8, 11, 1, 2, 13, 3, 7, 14, 15], "R": [[-0.9417951623454174, -0.30149553934622575, -0.1487357117073694], [0.11985669906454266, 0.11222893635418224, -0.9864274111834894], [0.3140959150834677, -0.9468395352957847, -0.06956040920481799]], "T": [0.042587504508487896, 0.0908332867624882, 0.062305043647994066], "aligned_model": [[0.08660006559775536, -0.3467380969124918, 0.40589191801102614, 0.4574570487350214, -0.1787029996480509, 0.43117035028387773, -0.10371866867164647, -0.6514500249283252, 0.3978108395860046, -0.3339695420449086, -0.5885146869809905, 0.46298024621769085, 0.019757586178262516], [-0.21064886289201928, 0.04196608537251725, 0.3159681128518679, -0.5059006908200336, -0.4549237971684524, -0.38008985610742835, -0.5470926344208273, -0.2570738977226054, 0.6109862229215823, 0.525381582575025, 0.14590700614284238, 0.18492136632413875, 0.04955602248948703], [-0.7234981142278104, -0.4400647137781323, -0.596205060262688, 0.48037307949888725, 0.6079509225535864, -0.2605506198903175, 0.02446346932255318, 0.02762495791765772, 0.002032053623643157, -0.06287612920626416, 0.46367257365984793, 0.4910921545967641, 0.08886498752761873]], "inverted": true, "swapped": true, "error_lsq": 0.04242243181753, "error_max": 0.29869901216193556, "target": "1181.xyz", "model": "22.xyz", "model_rescale": 4.166573947596378, "target_rescale": 4.151160924562067},
{"mapping": [7, 4, 8, 10, 0, 5, 9, 9, 3, 2, 6, 1, 14, 13, 12, 15], "R": [[0.007703711250989953, -0.7454598817288203, 0.6665059771418517], [-0.9784783923466573, 0.1318257767156471, 0.15875137890430122], [-0.20620545226463352, -0.6533846717869722, -0.7284008389136907]], "T": [-0.03315020583548724, 0.14836005221471216, -0.07634152394730193], "aligned_model": [[-0.07034565961162602, -0.08301056194959784, -0.6411693986155869, -0.31753539641169837, 0.13417480187558967, 0.5000472392139595, -0.5831739116211868, -0.5831739116211868, -0.2543969444895581, 0.3672857838030541, 0.7052245754346479, 0.5443649996357711, -0.1993399327668654, 0.15498920598954802, 0.18221136808547678, 0.024959940584190793], [-0.5528620259639723, -0.033472630164142425, -0.21538680607685506, -0.2942947514084988, -0.5293354321750277, -0.43375327412369, 0.3682501962172393, 0.3682501962172393, 0.47481825075594114, 0.42932303309675257, 0.32428436388667503, -0.11220165366892937, 0.2851637226342273, -0.2709938883453435, 0.6403106336864806, 0.11422384483253989], [0.058912839913424386, -0.7864854064610347, -0.46631591351056073, 0.45669039002624895, -0.5000005083560575, 0.18424731137249528, 0.021492079310515555, 0.021492079310515555, -0.5301053141027274, -0.5384238334606306, -0.02192690354166138, -0.40296492443115933, 0.6850016927706697, 0.6346851795952775, 0.2991386660722128, -0.09120485803309802]], "inverted": true, "swapped": false, "error_lsq": 0.04855745580457636, "error_max": 0.3918969350394276, "target": "1181.xyz", "model": "23.xyz", "model_rescale": 4.274766983524099, "target_rescale": 4.151160924562067},
{"mapping": [4, 1, 2, 3, 7, 12, 13, 14, 10, 9, 15], "R": [[0.9041283276987576, 0.0021085887599716913, -0.4272558026593543], [-0.3908743355993437, 0.40789954344483564, -0.8251273939382125], [0.17253759249050465, 0.9130243788152296, 0.36961772531447223]], "T": [-0.05443186199681936, 0.031128332788013906, -0.003624505090289415], "aligned_model": [[0.3850195161895845, 0.18012642126593215, -0.40652230720392324, -0.5426980166012716, -0.7064147580357276, -0.6267990751108152, -0.031230279798513824, 0.09355812384403038, 0.6349694729967366, 0.458720453047163, -0.058834846635120064], [-0.09486234995507431, 0.58640387053179, 0.5535813664795062, -0.24010435107294847, 0.3997786055803603, -0.30179179370813825, -0.5495764965591674, -0.006365061997100456, -0.06891680185596649, 0.5523660064795712, 0.08507353732065095], [-0.7116668972487861, -0.26138107806528843, -0.45860291733617076, -0.18889930157681836, 0.03424717905329037, 0.360027193743242, 0.24661361323174422, 0.5847072210230364, 0.3709344193540247, 0.4062230890444424, -0.0026360872011389445]], "inverted": false, "swapped": true, "error_lsq": 0.04670036677582712, "error_max": 0.23671881772449574, "target": "1181.xyz", "model": "24.xyz", "model_rescale": 3.7841303162186577, "target_rescale": 4.151160924562067},
{"mapping": [6, 11, 3, 4, 7, 0, 12, 5, 13, 14, 10, 7, 2, 8, 9, 15], "R": [[0.007491277214669134, -0.6776947201603488, 0.7353052067219976], [0.7102600743937358, -0.5140039659462607, -0.48096834585419435], [0.7038995009856859, 0.525860998038742, 0.47748895615898856]], "T": [0.06559939618901227, 0.00627680989734903, 0.003615896688082869], "aligned_model": [[-0.267271550120817, 0.055806931896437775, -0.6589176802711287, -0.5098644125012248, 0.4703581128780282, 0.5829680185442921, -0.36966122259604234, -0.7469404002939666, -0.2618916871017007, 0.20224931641534288, 0.7466185830860723, 0.4703581128780282, -0.26780196504664094, 0.22586181732993021, 0.184716113821917, 0.0245241086164037], [-0.5701052740184783, -0.12505037318614384, -0.10199493079855187, -0.35778952914633166, -0.3902213779632766, -0.4712960062876078, 0.6272147516792471, 0.24865703183049256, 0.3970548740094576, 0.7480560157891799, 0.25068165439323237, -0.3902213779632766, 0.27595995242945476, -0.07410814542954222, 0.5351361516089536, -0.03964963754617281], [-0.27746608189943833, -0.7527470107770567, -0.3315767698747181, 0.3085772852627893, -0.31539057407349924, 0.21711967462880757, -0.008881007674484472, 0.22804774066465128, -0.5897154544513192, -0.24212659316498186, -0.28227611848934175, -0.31539057407349924, 0.6240250865679903, 0.5669204315233775, 0.22329683075122508, -0.028184288446071806]], "inverted": true, "swapped": false, "error_lsq": 0.050351835368193605, "error_max": 0.3409938315389344, "target": "1181.xyz", "model": "25.xyz", "model_rescale": 4.19342608120988, "target_rescale": 4.151160924562067},
{"mapping": [2, 1, 8, 13, 7, 0, 14, 5, 9, 4, 10, 15], "R": [[0.5973014371283283, 0.24125049594040338, -0.7648720098244827], [0.7765350813332621, 0.06452501984860898, 0.6267613495360741], [0.20055986802742445, -0.9683154031729778, -0.1487985864004629]], "T": [-0.174274024616434, 0.059051720471257826, -0.0696222675255112], "aligned_model": [[-0.23897102430188732, 0.2941456961183179, 0.16917736635720587, -0.43204745962320185, -0.5553578673176393, -0.32939499466062455, -0.04062015601343344, -0.16872476653822321, 0.5460116396543921, 0.11562585525257424, 0.38925735804576683, -0.1512930923414672], [-0.7020919489749956, -0.38957188363037715, -0.48635123660225577, 0.636663641272562, -0.5009576427834129, -0.22491750223721868, 0.40290743733791606, 0.5739653848319136, 0.04193360777683379, 0.04944390660378219, 0.5970463486050152, 0.014706315541218075], [0.07322318155480262, 0.02580723024777512, -0.5482938287353394, -0.08673522337876406, -0.3914663333651749, 0.47959241333869657, -0.5526759911409507, 0.5229521731405027, -0.4984399366952049, 0.7216936899694382, -0.2059005797830358, -0.09049833394332438]], "inverted": false, "swapped": true, "error_lsq": 0.04750130853840239, "error_max": 0.2643511718667045, "target": "1181.xyz", "model": "26.xyz", "model_rescale": 3.795458400668931, "target_rescale": 4.151160924562067},
