[{"mapping": [0, 9, 12, 1, 3, 11, 5, 6, 2, 7, 8, 13], "R": [[-0.5981458991854279, -0.7319841762671532, 0.32622177882868797], [0.4371975433274581, -0.6392160427231267, -0.6326619625311937], [0.6716247400119292, -0.2358007981748226, 0.7023661382669479]], "T": [0.03420702686016226, -0.034630497785665265, 0.009110832509200476], "aligned_model": [[-0.48122474570223933, -0.08833080882900997, 0.24986735572226282, 0.023593430891185874, -0.3379778971095768, 0.6794634144376441, 0.44196787110284036, -0.22266515713841223, -0.7162758538034452, 0.08839058514138144, 0.3069424851766554, 0.08715512026227165], [-0.3629517013224117, 0.24434877409620662, -0.2885999734464393, -0.6104833323975546, -0.15837135966384508, 0.22694796937704212, -0.23434016223434492, 0.3307387583709991, 0.131476921807435, 0.6695985817532586, 0.6432832278572381, 0.10630353109417787], [-0.46200243383127304, -0.6571460372108052, -0.4642916769489645, -0.027289412998642123, 0.3546059660046191, 0.056888867740337676, 0.6142954359732112, 0.6296495274597907, -0.011913353484055447, -0.2601845963773941, 0.2859275263420525, -0.053130320791298924]], "inverted": true, "swapped": false, "error_lsq": 0.04224420363836357, "error_max": 0.23352995514815775, "target": "1182.xyz", "model": "0.xyz", "model_rescale": 3.8414455957264533, "target_rescale": 3.7339366537700807},
{"mapping": [2, 5, 4, 7, 9, 1, 13, 8, 6, 10, 12, 14], "R": [[0.819421733839599, -0.4155036381252568, 0.39484775397104827], [-0.537488481458474, -0.3176788016424158, 0.7811442320637737], [-0.19913350901033583, -0.8523126807056872, -0.48364133394232994]], "T": [0.08542482800629687, -0.0007171026235917796, -0.009352363102348781], "aligned_model": [[-0.3865020338736783, -0.17168900465065362, 0.22987727930178953, 0.009022552064775854, -0.3337677391820126, 0.8532303427077141, 0.27857608290695707, -0.22189143955773105, -0.6487416251593338, -0.043140835268337493, 0.3196164354400294, 0.1463157854220392], [-0.30766224327261427, 0.2869933061797518, -0.3164667504903993, -0.6355269003221335, -0.34597562597981196, 0.21739544382685885, -0.13663067133172904, 0.39800334320604697, 0.21190426434049828, 0.6602382267569306, 0.6102966785644476, 0.05538216381391599], [-0.48650479711741407, -0.5436163266121107, -0.4279845214883252, 0.05494549931946112, 0.40366558282421583, -0.34311799920608826, 0.7111107485214515, 0.5996477315351647, -0.17003511619104333, -0.1317869301193018, 0.38321100002897085, -0.04412537961740297]], "inverted": true, "swapped": false, "error_lsq": 0.04060470819785126, "error_max": 0.2842484320484031, "target": "1182.xyz", "model": "1.xyz", "model_rescale": 4.316132596720782, "target_rescale": 3.7339366537700807},
{"mapping": [2, 8, 6, 4, 0, 3, 5, 9, 1, 10, 7, 11], "R": [[0.6879442259071612, -0.7211135437408001, 0.08202438097652343], [-0.6168366327279415, -0.6404989083920792, -0.4574644432886661], [0.38242033231230155, 0.2641143793551193, -0.8854367758637591]], "T": [-0.025013914273397147, 0.09914991963185046, 0.028552046367571558], "aligned_model": [[-0.5298945353446317, -0.3598033567842248, 0.43186634746795743, 0.2277127753716123, -0.36932108088650917, 0.6244274750162059, 0.17448685313010195, -0.2745333897706214, -0.5528762686596209, 0.06556964053518032, 0.5489417384234371, 0.04432960165267101], [-0.4340601336368187, 0.23045895722382087, -0.07236251542816241, -0.6188573735228098, -0.39911502521868913, 0.03118070728110542, -0.08220691812660097, 0.5392776364180538, 0.22478817204989854, 0.6064287848714707, 0.6566223169314758, 0.015796626449017914], [-0.37332853204465893, -0.6479906955511124, -0.633218211388431, -0.09361373629899858, 0.39882043326872785, 0.09654525844878528, 0.6142729894118406, 0.5707504689917674, 0.015375257837020973, -0.3343509311191582, 0.4288776073377853, -0.03673041701599031]], "inverted": true, "swapped": false, "error_lsq": 0.05409356302291137, "error_max": 0.29004169308122657, "target": "1182.xyz", "model": "2.xyz", "model_rescale": 3.795458400668931, "target_rescale": 3.7339366537700807},
{"mapping": [0, 1, 2, 10, 4, 6, 5, 9, 7, 8, 3, 11], "R": [[-0.6355400956453641, 0.10223888780935966, 0.7652685781126694], [0.5562247336391062, -0.6267833534625817, 0.5456708472241354], [0.5354463862191872, 0.7724570134588109, 0.3414781542692117]], "T": [-0.010657491238109983, 0.0038214243816529284, -0.05114384958054495], "aligned_model": [[-0.5438014284229079, -0.07044792127658818, 0.5192774311577318, 0.21406343311473758, -0.35987922346149726, 0.4722307979844924, 0.25447465028466465, -0.17792741052901456, -0.6958893823633766, 0.10900227504400743, 0.4495167092284355, -0.1397141306091269], [-0.4086483553660492, 0.20283135054534637, -0.31031636219151504, -0.6776373333504558, -0.414866423017036, 0.31711777846124206, -0.10280350203367924, 0.5148845180903302, 0.3351177852321108, 0.771538647161815, 0.5096179938413387, -0.038884862081685866], [-0.44842733427845577, -0.6453567707828581, -0.5074460964380441, 0.10417904978840146, 0.2860495689601278, -0.17747908327648887, 0.5908535710900497, 0.6310510867511484, 0.012119672990569097, -0.13393722619582304, 0.3605351043189202, -0.06673205104996911]], "inverted": false, "swapped": false, "error_lsq": 0.049091297864489396, "error_max": 0.302719333755814, "target": "1182.xyz", "model": "3.xyz", "model_rescale": 3.7530521520055578, "target_rescale": 3.7339366537700807},
{"mapping": [0, 3, 2, 5, 1, 6, 8, 4, 7, 9, 11], "R": [[-0.6232371177809924, -0.5414665026184606, 0.5642601541507022], [-0.5880065300292074, -0.1512355690585362, -0.7945917966443851], [0.515581046648393, -0.827007756428967, -0.2241302191657214]], "T": [-0.061515593772247815, 0.0010769858177697572, -0.007063728396349783], "aligned_model": [[-0.3711528537439995, -0.3574944738858893, 0.2591218128396861, 0.5217106006604678, 0.3469559002664261, -0.257495668972645, -0.24566354854468492, -0.6038974877282668, -0.3748761652299548, 0.39614572530218356, 0.02484576148188168], [-0.6796977095539543, 0.023123475588484356, -0.3231365461565457, 0.35680351819428036, -0.5408471050280987, 0.6678406002491811, -0.5002347227225581, 0.06976246923702932, 0.380234117432862, 0.0011497482748897558, 0.012205512798775714], [-0.2030282626875511, -0.6485607790693969, -0.5259706597601687, -0.27718969628914036, 0.1598992080228864, -0.15502060088357436, 0.5794341050946067, -0.03536657192154465, 0.6424656184992641, 0.524530069556051, 0.03163834668388377]], "inverted": true, "swapped": true, "error_lsq": 0.0479266460096077, "error_max": 0.3099830454197635, "target": "1182.xyz", "model": "4.xyz", "model_rescale": 3.7855080009869324, "target_rescale": 3.7339366537700807},
{"mapping": [6, 12, 4, 7, 8, 3, 10, 15, 13, 14, 9, 16], "R": [[0.10125104920105846, 0.20172225193920068, 0.974195236135069], [-0.7485193642713013, 0.6604858358599104, -0.05896797384447805], [-0.6553373073056137, -0.7232334296069378, 0.2178678956441597]], "T": [0.06829236802317257, 0.05652054590950674, -0.13827538739364345], "aligned_model": [[-0.32472793247724213, -0.24553191330646107, 0.23851865748918635, 0.1508725153916915, -0.37898758308265545, 0.7202374536816207, 0.28729082801279837, -0.24898543680017832, -0.6469500415632907, -0.01326699829449339, 0.4158190596806382, 0.0766171914199441], [-0.42900374568256044, 0.4824753603732219, -0.5155674486952034, -0.6648923195659926, -0.15848712383982005, 0.23572940608915327, -0.1473856437013275, 0.39438814753767876, 0.17181200565992027, 0.7234851365955927, 0.49698179291301087, 0.10841566760808828], [-0.3276909985125471, -0.566226412036971, -0.5750122883639442, 0.04642293058172828, 0.36074587593223206, 0.020684969671100645, 0.5261237505007758, 0.5432657962646581, -0.13632251439033388, -0.05951179764766977, 0.30005452000805044, -0.12712434012950113]], "inverted": true, "swapped": false, "error_lsq": 0.044608093475840355, "error_max": 0.23343957694044692, "target": "1182.xyz", "model": "5.xyz", "model_rescale": 4.2253639853439635, "target_rescale": 3.7339366537700807},
{"mapping": [12, 6, 3, 0, 9, 4, 1, 8, 11, 5, 10, 13], "R": [[-0.37327052207486455, -0.6900618735313439, -0.6200675189431952], [-0.8901607316685961, 0.07814554105319849, 0.4488954735890447], [-0.26131013976726564, 0.719519204130032, -0.6434354091460134]], "T": [0.028846085650982154, 0.0664607768941102, -0.006574139835975156], "aligned_model": [[-0.7210438082040883, -0.09894451854245565, 0.3835684280028327, 0.17822331628078594, -0.23736077847230794, 0.7327035561536591, 0.4394228816403459, -0.30549322399595, -0.663720525840277, -0.09828748960564757, 0.3603281797646349, 0.061509782970026156], [-0.36720294636846684, 0.20206649684393121, -0.13509446705092987, -0.7205034574695275, -0.285529632799685, -0.0073536322653350306, -0.08278671567816284, 0.3603878605047113, 0.3282327244012643, 0.6812763357472674, 0.670110520692112, 0.054348148734582845], [-0.35434516607177535, -0.6222027765317317, -0.5867094828146753, 0.03132554523426684, 0.4151284620799028, -0.013459372187975882, 0.5832204536576109, 0.5830774277390384, -0.24611688123929054, -0.08769225794303989, 0.35981238077275784, -0.056628840817510094]], "inverted": false, "swapped": false, "error_lsq": 0.03740880971035359, "error_max": 0.24444024694953667, "target": "1182.xyz", "model": "6.xyz", "model_rescale": 3.89814844738969, "target_rescale": 3.7339366537700807},
{"mapping": [10, 5, 2, 4, 11, 0, 7, 8, 9, 6, 3, 12], "R": [[-0.4314070991898648, 0.618455866620998, 0.6568106696839329], [0.9019677083234248, 0.2807525199911395, 0.3280735826920759], [0.018497781228451415, 0.7339552871672055, -0.6789458509549413]], "T": [0.08929596990277576, 0.027896074737400262, 0.01991134659604042], "aligned_model": [[-0.36799135587991244, -0.19421493604688256, 0.24440030709029603, 0.20770277500716616, -0.46975636747931593, 0.6371821419382291, 0.4387462672196415, -0.26933157331821334, -0.728353337908047, 0.041284780357551745, 0.4647356695569037, 0.02650142961414166], [-0.3594249597239867, 0.3636994086583453, -0.37694069105547895, -0.6046745868745158, -0.3042286131131294, 0.2113420588491752, -0.1097379460332583, 0.37168005874145216, 0.3052094812716018, 0.6953900071575888, 0.6069967952955506, -0.10135977788158305], [-0.40408674419495005, -0.6199591802763966, -0.5400865839081248, 0.05638016830866853, 0.5020877095700232, -0.11115619657887758, 0.558628383246648, 0.47913420088392666, -0.20920164523875898, -0.07767260130761741, 0.4395175000811395, -0.06817551870810255]], "inverted": true, "swapped": false, "error_lsq": 0.03667808442588418, "error_max": 0.2381431251540757, "target": "1182.xyz", "model": "7.xyz", "model_rescale": 3.7474275329858107, "target_rescale": 3.7339366537700807},
{"mapping": [10, 11, 7, 6, 0, 8, 3, 1, 12, 4, 2, 14], "R": [[-0.14987742421768185, 0.9687008419763002, -0.19787732680699066], [-0.9886343751251417, -0.14921972432413438, 0.0183179200115679], [-0.011782615617675435, 0.19837377000762196, 0.980055619514612]], "T": [-0.019399135664043752, 0.11851965387769209, -0.08404930524497323], "aligned_model": [[-0.4877309834986435, -0.18814866920854065, 0.10465604383251112, 0.1299805957050657, -0.22620209612655187, 0.6195322722246794, 0.4340541842802372, -0.3477771872565922, -0.5791802640531445, 0.31902697061317126, 0.27481895057589467, -0.022124016936528344], [-0.43717470131009956, 0.09290779304067981, -0.3922664097320993, -0.6688770209007071, -0.28634354084706765, 0.3567636586770645, -0.18595400746485308, 0.31231384094779147, 0.3166690364884492, 0.8238152742012508, 0.5920771966887437, 0.17402011550260896], [-0.30114933657734366, -0.6818348713996333, -0.5171607707894783, 0.07289103629204918, 0.39295338523817835, -0.06932632840550836, 0.38050468856498987, 0.5635721029403753, -0.25145458971878115, -0.06818411101434603, 0.546639577823306, -0.0620412910762303]], "inverted": true, "swapped": false, "error_lsq": 0.05488302678370153, "error_max": 0.344057891094576, "target": "1182.xyz", "model": "8.xyz", "model_rescale": 4.019505241142653, "target_rescale": 3.7339366537700807},
{"mapping": [7, 0, 4, 8, 9, 5, 11, 10, 1, 2, 6, 12], "R": [[0.9889051105589775, 0.0525494383608526, -0.13894329360676663], [-0.14564749879487524, 0.5269455268923551, -0.8373262313954672], [0.0292145238731357, 0.8482729326202139, 0.5287528187903765]], "T": [0.02409997968693756, 0.1366206090805206, 0.003861160147627063], "aligned_model": [[-0.3314281525318586, -0.2178026706268593, 0.30080445642595854, 0.06434461749656539, -0.32182202705505136, 0.6925969202675117, 0.32778192260008965, -0.3739601907532143, -0.6145102114231596, 0.10009834025461085, 0.34413544224424913, 0.06066735325271598], [-0.5153566025143543, 0.10611101194849223, -0.26337280436589017, -0.5361804850838054, -0.31133608581146144, 0.11911946820324801, -0.18225078406169865, 0.5378927430312834, 0.3533098723995202, 0.6568395019037743, 0.6102544109223214, 0.12292098872033222], [-0.5139317065835421, -0.5987982381239774, -0.6677299155786623, 0.04694234171173474, 0.38728367667931174, -0.05384732834725366, 0.4435745169802605, 0.7240753876116138, 0.042951940942478416, -0.26737437395038227, 0.45253717067806204, 0.009726019857934256]], "inverted": false, "swapped": false, "error_lsq": 0.04422378815152766, "error_max": 0.23198339355371614, "target": "1182.xyz", "model": "9.xyz", "model_rescale": 3.877068213659057, "target_rescale": 3.7339366537700807},
{"mapping": [13, 3, 4, 2, 9, 1, 8, 11, 6, 12, 0, 15], "R": [[0.42584670884514664, 0.45645462805686043, 0.7812194013791709], [-0.8445754519217756, -0.10919563086411652, 0.5241837656884429], [0.32457185117764864, -0.8830206604183513, 0.33900977374915536]], "T": [-0.06796527229991976, 0.012966241224201355, -0.026912062157061996], "aligned_model": [[-0.5492079197251708, -0.062472479265203135, 0.3103316496267338, -0.029071272390845046, -0.2140621253333692, 0.775903240764753, 0.3585911356466875, -0.13721795339630766, -0.5681887411931745, -0.17240754203213493, 0.3437680928027514, -0.02506028535316241], [-0.42076724084531913, 0.21498592668851307, -0.2754553366687983, -0.6491481696875764, -0.37589068712015933, 0.20487125855823674, -0.1410250837288844, 0.4172861432782006, 0.2822518931648168, 0.7526930544846787, 0.605162835765858, 0.0829866414021954], [-0.44871684732984274, -0.6285092850876565, -0.5083631105633384, -0.005766812488929567, 0.4860122039017438, -0.08988036516322673, 0.5973148505012906, 0.586589982849889, -0.26684183094819075, -0.03646558246175897, 0.31005212749561506, 0.00998416117198319]], "inverted": true, "swapped": false, "error_lsq": 0.0399315503231129, "error_max": 0.2201974282408703, "target": "1182.xyz", "model": "10.xyz", "model_rescale": 4.260839863003843, "target_rescale": 3.7339366537700807},
{"mapping": [0, 3, 5, 6, 7, 4, 10, 8, 1, 2, 9, 11], "R": [[-0.6587027369040277, 0.66772463786576, 0.3467773239157708], [-0.4793358198142053, -0.727671313139767, 0.49064409899283534], [0.5799550639818462, 0.15696581800024903, 0.7993834222332397]], "T": [0.004670159746887831, 0.08679821002054232, 0.03240318695964508], "aligned_model": [[-0.5224339278746932, -0.11202412168678666, 0.420652872544991, 0.09488044916630914, -0.42547820482107845, 0.6719013884083798, 0.36417284213365386, -0.20333796136652613, -0.646118096770466, -0.04860247085380749, 0.49295176489010745, -0.0556587336185251], [-0.5358213784659637, 0.18039750002539534, -0.21967521886249242, -0.7392887986173597, -0.2849153861749326, 0.35047432680603313, -0.19701438708320235, 0.488411367908014, 0.3309799261353772, 0.7279754787180329, 0.5242413800886, 0.07218642481426003], [-0.290923889389588, -0.6614661732257091, -0.40307737780726166, -0.08028085138108396, 0.358604070074907, -0.11381668698716646, 0.4608212341100287, 0.5901243538712688, -0.16787306683897377, -0.20510652458065598, 0.48622893347121166, 0.032175470560600244]], "inverted": false, "swapped": false, "error_lsq": 0.04300900636493774, "error_max": 0.22572362838472967, "target": "1182.xyz", "model": "11.xyz", "model_rescale": 3.890672605050136, "target_rescale": 3.7339366537700807},
{"mapping": [9, 12, 10, 11, 6, 4, 0, 8, 5, 7, 3, 13], "R": [[0.9068655087353491, 0.3966758666846018, -0.1422786205169167], [0.40694541649253296, -0.7365725211549173, 0.5402373081111744], [0.1095005801897673, -0.5478222137422954, -0.8293976398981345]], "T": [0.007821468439896489, -0.10715503498165574, 0.10694020353989583], "aligned_model": [[-0.6150673973724664, -0.03512345735652522, 0.3710211137850687, 0.08656946512605189, -0.32046685867666314, 0.6518490983024037, 0.34635999475193174, -0.2851679776751945, -0.5847563461034359, -0.06080360313073732, 0.41380818343662634, 0.06268358506449849], [-0.3680659584810768, 0.20184467479789742, -0.2866366298914284, -0.6086884870530673, -0.4100097083427374, 0.116716159436321, 0.0369084888810792, 0.3525604804292141, 0.2961012849216554, 0.6922311533103847, 0.6500341843692763, 0.02495559291424443], [-0.2800421821924125, -0.5696742061866223, -0.6901876903092328, -0.10525101533238099, 0.4710338248022309, -0.054822412996470476, 0.5688188748832936, 0.5781194424647699, -0.19506651162409863, -0.18156714783307928, 0.44591281208950406, 0.01813570411207613]], "inverted": false, "swapped": false, "error_lsq": 0.03908950937915221, "error_max": 0.19022998148880207, "target": "1182.xyz", "model": "12.xyz", "model_rescale": 4.124412569039231, "target_rescale": 3.7339366537700807},
{"mapping": [3, 9, 7, 5, 0, 10, 4, 1, 6, 8, 2, 12], "R": [[0.9524893581205915, -0.17542387461571232, -0.24897888842597513], [0.1339482709705834, 0.9754427639004251, -0.17484071338875998], [0.27353589046232024, 0.1331836272561692, 0.9525965767626269]], "T": [-0.036941953864103705, -0.0035761568036833252, -0.058628254274198356], "aligned_model": [[-0.6514646270355003, -0.1349720686862262, 0.287634120093905, 0.324160486472598, -0.2743403798632602, 0.6842042098730751, 0.35346469015046245, -0.3934983627616553, -0.5777123845233197, -0.050806483009846456, 0.3906709606468378, 0.07356563879448805], [-0.28210691537267285, 0.20619639871963263, -0.3020856047551961, -0.6609204624778436, -0.406004408954605, 0.1357517869749822, -0.1273749552573027, 0.424062328145685, 0.3798552585521714, 0.7107840395059369, 0.5800182630528731, 0.03977550715810093], [-0.29000646512213196, -0.6544695448353434, -0.5042964674257899, 0.04743479514852474, 0.28555321326567734, -0.13036114008726254, 0.61258912151419, 0.5353895504867562, -0.1489637723550254, -0.12491102472391533, 0.4093036447289238, -0.03185241871702566]], "inverted": false, "swapped": false, "error_lsq": 0.03388883455849124, "error_max": 0.2499140145983471, "target": "1182.xyz", "model": "13.xyz", "model_rescale": 3.9028299243045295, "target_rescale": 3.7339366537700807},
{"mapping": [14, 5, 12, 11, 9, 2, 6, 7, 10, 4, 3, 15], "R": [[-0.018672361392085335, -0.04607266907956603, -0.9987635616520699], [-0.02808352090688893, -0.9985194135963013, 0.046586441426353466], [-0.9994311676016091, 0.028918676234978853, 0.01735083258235115]], "T": [0.15515137166513499, 0.11102830398856911, -0.10703664326686378], "aligned_model": [[-0.5356523733491951, 0.019769027285308216, 0.24521010665639434, 0.05143938943844209, -0.25295727374239985, 0.8908992332507473, 0.3179399960123166, -0.4516873532089462, -0.5719550904337465, -0.09867100112768745, 0.32961816576632597, 0.08695297360399877], [-0.43491992103386, 0.31356460011377496, -0.3289034600873795, -0.6187581789312981, -0.26061026057587583, 0.13971687915430814, -0.05565908865059305, 0.32491059277905654, 0.27344345815471827, 0.739457680853583, 0.5215492414733378, 0.08415969204198943], [-0.19524874137130782, -0.5573171150144819, -0.6386283626998174, -0.05691476752396576, 0.43718534024332856, -0.10568779822664284, 0.5175619791840242, 0.5306381048391844, -0.12406933301945552, -0.11077766526364628, 0.32853578800126665, -0.01986793727090845]], "inverted": false, "swapped": false, "error_lsq": 0.0442046329368225, "error_max": 0.21924710733583877, "target": "1182.xyz", "model": "14.xyz", "model_rescale": 3.942246331269136, "target_rescale": 3.7339366537700807},
{"mapping": [11, 13, 4, 10, 6, 3, 5, 0, 8, 12, 1, 14], "R": [[0.5970374636032466, -0.6583428846019063, -0.4584003854145885], [-0.7756949997296535, -0.6194738038942649, -0.12062119914502105], [-0.20455692227009806, 0.4275942616345677, -0.8805223523389819]], "T": [-0.011932773095971485, -0.05306702453905, 0.0958008962522541], "aligned_model": [[-0.4430534096767954, -0.09228112352666892, 0.28267966207187994, 0.15330025785866488, -0.4650092984511118, 0.6535618845466458, 0.4352300578207619, -0.31155131775975486, -0.7503810557902191, 0.15249989197150313, 0.4357947022568895, -0.019884451170236538], [-0.31610088164147127, 0.25446018105144297, -0.24976129249785772, -0.7271010406073963, -0.3725173337043951, 0.17809397601133087, 0.0194872904277118, 0.44132424041689644, 0.1776979028430376, 0.6752370064754265, 0.5883422078977858, 0.028788978619250657], [-0.41317769994656284, -0.652464435638837, -0.3712952982507862, -0.06965818239706698, 0.16970997204609164, -0.04642913916336777, 0.5402790534381288, 0.5502494496629489, 0.07898993661136064, -0.23678201856692396, 0.3074036848434283, 0.14858416923916387]], "inverted": false, "swapped": false, "error_lsq": 0.0491840876490506, "error_max": 0.27821294787818496, "target": "1182.xyz", "model": "15.xyz", "model_rescale": 4.355366556412066, "target_rescale": 3.7339366537700807},
{"mapping": [2, 8, 6, 4, 0, 3, 5, 9, 1, 10, 7, 11], "R": [[0.6879442259071612, -0.7211135437408001, 0.08202438097652343], [-0.6168366327279415, -0.6404989083920792, -0.4574644432886661], [0.38242033231230155, 0.2641143793551193, -0.8854367758637591]], "T": [-0.025013914273397147, 0.09914991963185046, 0.028552046367571558], "aligned_model": [[-0.5298945353446317, -0.3598033567842248, 0.43186634746795743, 0.2277127753716123, -0.36932108088650917, 0.6244274750162059, 0.17448685313010195, -0.2745333897706214, -0.5528762686596209, 0.06556964053518032, 0.5489417384234371, 0.04432960165267101], [-0.4340601336368187, 0.23045895722382087, -0.07236251542816241, -0.6188573735228098, -0.39911502521868913, 0.03118070728110542, -0.08220691812660097, 0.5392776364180538, 0.22478817204989854, 0.6064287848714707, 0.6566223169314758, 0.015796626449017914], [-0.37332853204465893, -0.6479906955511124, -0.633218211388431, -0.09361373629899858, 0.39882043326872785, 0.09654525844878528, 0.6142729894118406, 0.5707504689917674, 0.015375257837020973, -0.3343509311191582, 0.4288776073377853, -0.03673041701599031]], "inverted": true, "swapped": false, "error_lsq": 0.05409356302291137, "error_max": 0.29004169308122657, "target": "1182.xyz", "model": "16.xyz", "model_rescale": 3.795458400668931, "target_rescale": 3.7339366537700807},
{"mapping": [10, 5, 2, 4, 11, 0, 7, 8, 9, 6, 3, 12], "R": [[-0.4314070991898648, 0.618455866620998, 0.6568106696839329], [0.9019677083234248, 0.2807525199911395, 0.3280735826920759], [0.018497781228451415, 0.7339552871672055, -0.6789458509549413]], "T": [0.08929596990277576, 0.027896074737400262, 0.01991134659604042], "aligned_model": [[-0.36799135587991244, -0.19421493604688256, 0.24440030709029603, 0.20770277500716616, -0.46975636747931593, 0.6371821419382291, 0.4387462672196415, -0.26933157331821334, -0.728353337908047, 0.041284780357551745, 0.4647356695569037, 0.02650142961414166], [-0.3594249597239867, 0.3636994086583453, -0.37694069105547895, -0.6046745868745158, -0.3042286131131294, 0.2113420588491752, -0.1097379460332583, 0.37168005874145216, 0.3052094812716018, 0.6953900071575888, 0.6069967952955506, -0.10135977788158305], [-0.40408674419495005, -0.6199591802763966, -0.5400865839081248, 0.05638016830866853, 0.5020877095700232, -0.11115619657887758, 0.558628383246648, 0.47913420088392666, -0.20920164523875898, -0.07767260130761741, 0.4395175000811395, -0.06817551870810255]], "inverted": true, "swapped": false, "error_lsq": 0.03667808442588418, "error_max": 0.2381431251540757, "target": "1182.xyz", "model": "17.xyz", "model_rescale": 3.7474275329858107, "target_rescale": 3.7339366537700807},
{"mapping": [12, 11, 10, 5, 9, 8, 4, 2, 7, 1, 0, 13], "R": [[-0.31235218825518546, -0.8686977613810509, -0.38444805873322885], [0.3610009324753731, 0.26579256349645974, -0.893886256713846], [0.8787004251985477, -0.4179934360268488, 0.23057981306775405]], "T": [0.0029002590651315344, 0.10361490345396945, -0.03131219678809353], "aligned_model": [[-0.4376403348287218, -0.2082708267982169, 0.28418023826026584, 0.19122399702090873, -0.3449295107830382, 0.7170375851830504, 0.4421855762788021, -0.28475332018789684, -0.7225626603048395, -0.04803405585949815, 0.4386267602638273, 0.0038423519069151445], [-0.4554144268880627, 0.27479703407697553, -0.2491062061055978, -0.5944564539937569, -0.2938603953942875, 0.02080600888989742, -0.27235011126769026, 0.5284481632485849, 0.22023061978370018, 0.7806073049295161, 0.5775284749753988, 0.160721223037084], [-0.26076179095310825, -0.7005207685030087, -0.5537188991173316, -0.05253685941782763, 0.3794821603651339, -0.02907218676004883, 0.5644264538016033, 0.4592026791584829, -0.197214605933952, -0.16399754155987958, 0.5022519827271877, 0.057868868070326866]], "inverted": false, "swapped": false, "error_lsq": 0.037536367159331924, "error_max": 0.1956817374044945, "target": "1182.xyz", "model": "18.xyz", "model_rescale": 3.922800546911778, "target_rescale": 3.7339366537700807},
{"mapping": [12, 13, 8, 5, 3, 6, 2, 9, 7, 11, 10, 14], "R": [[0.16384423269029272, 0.8186846229340029, 0.5503731057978205], [-0.8763538085962047, 0.3769593880306021, -0.29984266196544], [-0.4529448858007521, -0.4331940765372994, 0.7792200090346375]], "T": [0.12439714375944777, -0.031471440132219725, -0.02510324662285621], "aligned_model": [[-0.485938188204615, -0.12445314859583817, 0.4078008391794088, 0.06736800753659551, -0.3838081022610651, 0.7925260603968516, 0.21168312303241044, -0.1992706369143309, -0.6270654777510554, -0.1071857588789949, 0.4435137378642484, 0.03573534474794304], [-0.3894098515254816, 0.26103899004040565, -0.24610041002204322, -0.7836671490316839, -0.26298424978559765, 0.12082913429742254, 0.09765389110031525, 0.39125483385335424, 0.23896168692400707, 0.6369468132629578, 0.6316174366494292, 0.001810109528676808], [-0.36859257800317524, -0.5945985732543396, -0.5231066650126923, -0.14121962497071508, 0.2867917524853918, -0.10369114451077305, 0.6740653807083725, 0.5907578180264428, -0.005587321797001641, -0.10774712420915306, 0.3051669278081836, -0.006829355392963591]], "inverted": true, "swapped": false, "error_lsq": 0.042565994271833274, "error_max": 0.270777036386311, "target": "1182.xyz", "model": "19.xyz", "model_rescale": 3.9282355846067225, "target_rescale": 3.7339366537700807},
{"mapping": [3, 5, 1, 0, 4, 10, 11, 8, 6, 7, 12, 13], "R": [[0.2840933673972042, -0.6630512714128709, 0.69257055241953], [0.8779560263608699, 0.47020141041561775, 0.09002138312531888], [-0.38533644309557435, 0.5824720123069773, 0.7157109615630544]], "T": [-0.033555608822482236, 0.1768060952873458, 0.02793920690752976], "aligned_model": [[-0.3972109795868459, -0.2808908976945279, 0.19610384867328742, 0.18970773079371445, -0.3223178538175918, 0.8227883471387294, 0.2902483630185233, -0.4515238959568115, -0.6292018128886412, 0.039662240130450166, 0.5097974981031677, 0.0637432122381044], [-0.39092863369526876, 0.1886681739796361, -0.28537694975545913, -0.5915365760885954, -0.28938450678936706, 0.08933781542354638, -0.24442344778763236, 0.2671254341984157, 0.35855198081876694, 0.7600606777410872, 0.7621627450902798, 0.07369452215635271], [-0.3064065990521491, -0.6250345277987536, -0.5153325140243828, 0.02803260467938703, 0.34202603143308746, -0.007538646717458082, 0.5086468427807173, 0.6570389661642377, -0.16959075722712888, -0.1783397668659505, 0.31934843633119453, -0.047440577825223186]], "inverted": false, "swapped": false, "error_lsq": 0.0386516043598295, "error_max": 0.21634288767755117, "target": "1182.xyz", "model": "20.xyz", "model_rescale": 4.067790424073018, "target_rescale": 3.7339366537700807},
{"mapping": [3, 0, 2, 6, 11, 8, 13, 10, 12, 7, 1, 14], "R": [[0.8273375190218645, -0.5017052031992739, 0.2525955635032446], [-0.5593727176639913, -0.7768330982504869, 0.28919284257351596], [0.051135040353431624, -0.3805551557203304, -0.9233433711803689]], "T": [0.10998494332946927, 0.02147840087417649, -0.00548160024448623], "aligned_model": [[-0.5025245257076297, -0.0006180076053704103, 0.17505599229613453, 0.2059262010168694, -0.3647369724491488, 0.567708169231279, 0.16475975589157826, -0.23154441954394211, -0.6323421029472995, 0.2043506098535759, 0.380528780397365, 0.06434231971814669], [-0.4266924750685416, 0.25295722601172493, -0.36527768825597184, -0.7122370236565415, -0.28549446786155774, 0.31027333304599103, -0.06435809567229975, 0.32290506024688315, 0.21098728417806348, 0.7266223977579308, 0.6750664075223772, 0.05319927704370363], [-0.38982523938457636, -0.6677825667834192, -0.6378639352650517, -0.0017595612280581667, 0.30826832329140946, -0.18507790406773164, 0.6871621183053975, 0.6755371108555545, -0.012609461958150343, -0.2302726628983457, 0.4103715602208762, 0.049261710789673126]], "inverted": true, "swapped": false, "error_lsq": 0.043630645494877635, "error_max": 0.23199068303965106, "target": "1182.xyz", "model": "21.xyz", "model_rescale": 4.186013935880536, "target_rescale": 3.7339366537700807},
{"mapping": [5, 0, 2, 8, 11, 1, 9, 4, 3, 6, 7, 12], "R": [[-0.6702554393848488, 0.49847691307289105, -0.5497985204675844], [-0.609684265528004, -0.7922511498282079, 0.024964213655967626], [-0.42313442585377237, 0.3519359071325403, 0.8349241731607694]], "T": [0.05021136235627817, 0.04881067100336011, 0.07320504473450505], "aligned_model": [[-0.39388385148028054, 0.20033828554613448, 0.1996439393173829, 0.13888306570449727, -0.36093026209701173, 0.7038659250443304, 0.47589963074304065, -0.30238887629441547, -0.8312151042559268, -0.1947811469777962, 0.3887844517640931, 0.006689743137510057], [-0.19270545685487234, 0.3449302318756668, -0.4360904444353175, -0.7093578751553461, -0.289537207817502, 0.24152558519930972, -0.2310587479721265, 0.45618742596507467, 0.2634300504885116, 0.5269744955998342, 0.6628064466148811, 0.0608467317836484], [-0.5124468801719902, -0.5683271474497302, -0.46738723790933845, 0.14381605906325634, 0.4129832904348329, -0.192727109124115, 0.4280477799264987, 0.5603738039841133, -0.09815586283055157, -0.07236581854060371, 0.2893096271498432, 0.08228898734536244]], "inverted": false, "swapped": false, "error_lsq": 0.0568871306294333, "error_max": 0.3612323232485656, "target": "1182.xyz", "model": "22.xyz", "model_rescale": 4.166573947596378, "target_rescale": 3.7339366537700807},
{"mapping": [1, 2, 6, 5, 7, 12, 10, 8, 4, 3, 9, 15], "R": [[-0.7154901137245435, -0.47133926242086227, -0.5156677194308341], [-0.5337324066017595, 0.8450532452291106, -0.031854840618700225], [0.4507811168466731, 0.2524367493617089, -0.8561962813900561]], "T": [0.11446428296774841, 0.12499440836722082, 0.02798975281017868], "aligned_model": [[-0.300648969820141, -0.11247444887842167, 0.2591122784411223, 0.008484358110412371, -0.16314918132404127, 0.7005673952085645, 0.3107048761637402, -0.41323882777016757, -0.5769717030620412, -0.0816021196180522, 0.3168686218527228, 0.08325352084786082], [-0.28041827185593154, 0.2327587247740967, -0.2710693522420554, -0.6994739757843442, -0.34806740866874875, 0.13582082693518907, -0.19017479203996696, 0.4581338888212079, 0.34083715375743673, 0.6652584915258181, 0.5826625384051588, 0.07168341166390224], [-0.38603996465135726, -0.5962657263700225, -0.6055069613915894, 0.037051775933421946, 0.48682842746255994, -0.26483662187597795, 0.6784505416367288, 0.5424085060662787, -0.0952242879888347, -0.14836029182244231, 0.3596846919187029, -0.002780597039890066]], "inverted": true, "swapped": false, "error_lsq": 0.04019918356714408, "error_max": 0.24591127066260174, "target": "1182.xyz", "model": "23.xyz", "model_rescale": 4.274766983524099, "target_rescale": 3.7339366537700807},
{"mapping": [1, 9, 5, 2, 6, 3, 0, 4, 8, 7, 11], "R": [[0.7600371483808526, -0.6336581077867107, 0.14429461361141385], [-0.41967278148618153, -0.6480873754463254, -0.6354978444233665], [0.4962038790263068, 0.4224454476299384, -0.7584995413419756]], "T": [-0.09306421888036823, 0.11780255909039108, 0.046858046833929155], "aligned_model": [[0.2867680827905321, 0.35409879882423656, -0.5260802725157628, -0.41631579516281725, -0.5246909613347951, -0.6555831297974101, 0.06606831972857369, -0.12339744304683811, 0.6676705610636382, 0.3196534854999178, -0.06829694209120005], [-0.1618471183740077, 0.47967218112265464, 0.44334633798776046, -0.31604246216230114, 0.566264323303483, -0.23500107747961832, -0.6298375751509611, 0.02538712677024635, -0.08395674561555891, 0.6605349211787412, 0.1670666196630447], [-0.4688267254063272, -0.3545662505626279, -0.4493077959589329, -0.38264641206803035, 0.38957300822087365, 0.28915967722554514, 0.1628001968428521, 0.5855937416381761, 0.1457488179108888, 0.4928950747930376, -0.030856898613877838]], "inverted": true, "swapped": true, "error_lsq": 0.05131107511907802, "error_max": 0.25991641303126806, "target": "1182.xyz", "model": "24.xyz", "model_rescale": 3.7841303162186577, "target_rescale": 3.7339366537700807},
{"mapping": [11, 6, 7, 10, 14, 8, 9, 12, 3, 4, 2, 15], "R": [[-0.42248012702121934, -0.11130359436951942, -0.8995121189581381], [-0.2139074604103604, -0.9521530345279047, 0.21828467014449887], [-0.8807690620434645, 0.2846332881441102, 0.3784570657648599]], "T": [0.09696140931974352, 0.033569898381665915, -0.04816279597055353], "aligned_model": [[-0.4779482221116542, -0.2105336753987045, 0.16011714168905933, 0.2272566745732617, -0.15631475367634873, 0.6490664963665398, 0.23931601745937509, -0.2871276279343673, -0.5726084284606631, 0.06654063380830007, 0.3366404464520585, 0.05650109738470149], [-0.3417841936936866, 0.2814967040406762, -0.3742526915394228, -0.7273039420525761, -0.3832095169358941, 0.2315308301671833, -0.06500184199700082, 0.23239479045410247, 0.45801484782519253, 0.7478111341701704, 0.5783720501363925, 0.05988306471662458], [-0.3916970597818769, -0.6531467000149029, -0.5506542374093207, 0.04852871385611956, 0.577492913294607, 0.0256560768366235, 0.5105495504710266, 0.574826915165778, -0.19142690473388982, -0.26179419903421186, 0.4150192444087857, -0.09794482118116012]], "inverted": false, "swapped": false, "error_lsq": 0.04439986829911811, "error_max": 0.26784518384819517, "target": "1182.xyz", "model": "25.xyz", "model_rescale": 4.19342608120988, "target_rescale": 3.7339366537700807},
{"mapping": [2, 8, 6, 4, 0, 3, 5, 9, 1, 10, 7, 11], "R": [[0.6879442259071612, -0.7211135437408001, 0.08202438097652343], [-0.6168366327279415, -0.6404989083920792, -0.4574644432886661], [0.38242033231230155, 0.2641143793551193, -0.8854367758637591]], "T": [-0.025013914273397147, 0.09914991963185046, 0.028552046367571558], "aligned_model": [[-0.5298945353446317, -0.3598033567842248, 0.43186634746795743, 0.2277127753716123, -0.36932108088650917, 0.6244274750162059, 0.17448685313010195, -0.2745333897706214, -0.5528762686596209, 0.06556964053518032, 0.5489417384234371, 0.04432960165267101], [-0.4340601336368187, 0.23045895722382087, -0.07236251542816241, -0.6188573735228098, -0.39911502521868913, 0.03118070728110542, -0.08220691812660097, 0.5392776364180538, 0.22478817204989854, 0.6064287848714707, 0.6566223169314758, 0.015796626449017914], [-0.37332853204465893, -0.6479906955511124, -0.633218211388431, -0.09361373629899858, 0.39882043326872785, 0.09654525844878528, 0.6142729894118406, 0.5707504689917674, 0.015375257837020973, -0.3343509311191582, 0.4288776073377853, -0.03673041701599031]], "inverted": true, "swapped": false, "error_lsq": 0.05409356302291137, "error_max": 0.29004169308122657, "target": "1182.xyz", "model": "26.xyz", "model_rescale": 3.795458400668931, "target_rescale": 3.7339366537700807},
{"mapping": [6, 1, 8, 5, 7, 11, 10, 3, 0, 9, 4, 12], "R": [[-0.08568334098519509, 0.912718192984429, 0.39950452472137754], [0.7675527572634666, 0.3161256559894376, -0.5576085853378676], [-0.6352331303504761, 0.2588630329353472, -0.7276460680060387]], "T": [0.03750922990780543, 0.18644976274154834, -0.10788540796037696], "aligned_model": [[-0.31782783313003177, -0.21004719971887176, 0.3371834954731302, 0.04439794854109204, -0.31780300941733547, 0.7519303892748217, 0.32108345274491024, -0.32672906950613273, -0.7812482537106712, 0.06343520384857589, 0.5137435762128849, -0.0472129004608139], [-0.45694677472197154, 0.19315908569917703, -0.2762655016891129, -0.5571241143794647, -0.2317343794184844, 0.20778395604157157, -0.10968876651689485, 0.47724016911346745, 0.26280478537085045, 0.6132044358387039, 0.4963329374670581, 0.07918540248686193], [-0.48333637265145835, -0.645494903493307, -0.5841643480017344, 0.010059081945046316, 0.49135021719974936, -0.08101812342583528, 0.47484442664585824, 0.464694682201649, 0.014912334815836037, -0.14766709948261764, 0.5053327001039545, -0.014103103979562964]], "inverted": false, "swapped": false, "error_lsq": 0.04183878622474021, "error_max": 0.19655014674233337, "target": "1182.xyz", "model": "27.xyz", "model_rescale": 3.6321398670334006, "target_rescale": 3.7339366537700807},
{"mapping": [2, 11, 0, 3, 1, 8, 7, 6, 13, 9, 12, 14], "R": [[0.003112503873621719, -0.8307101332614857, -0.5566964943452775], [-0.616751520713593, -0.4398035448214128, 0.6528326000285142], [-0.7871517477698358, 0.3413114654669607, -0.5137106281981021]], "T": [0.07598150846998282, 0.03812092655546524, -0.02739710158167367], "aligned_model": [[-0.5223572930821884, -0.23882422255846758, 0.2498406624408896, 0.3451262655825195, -0.38365414146559157, 0.5855157755661899, 0.5026102545243117, -0.29870824237802435, -0.6618068632520037, -0.020597621672390112, 0.4612933187388948, 0.012467907707418235], [-0.32691393327714785, 0.1755706046689881, -0.3002707155762365, -0.5812074119210215, -0.4099122756719473, 0.11222602593004762, -0.13126192590891828, 0.5094785961104945, 0.38118359738726865, 0.6769192745470235, 0.562028764020554, 0.03011063498265731], [-0.4044698974666477, -0.5701039967993824, -0.5220442337231398, 0.09731692666310986, 0.16040203355067253, 0.0163393900011848, 0.5972505961928372, 0.46386349637207674, -0.09413280677476675, -0.19822246107032732, 0.48305869236124704, -0.023848247429286432]], "inverted": true, "swapped": false, "error_lsq": 0.042806221869811, "error_max": 0.24158055524190802, "target": "1182.xyz", "model": "28.xyz", "model_rescale": 4.156811204709835, "target_rescale": 3.7339366537700807},
{"mapping": [10, 9, 5, 2, 8, 7, 6, 4, 3, 11], "R": [[0.1541632241772951, -0.3198891478377707, -0.9348286652680725], [0.42107476504489155, -0.834647817511547, 0.3550479727664992], [-0.8938286986630327, -0.4483681008042792, 0.006025249166077162]], "T": [-0.02164048616007047, -0.002153339362225965, 0.07369582851936882], "aligned_model": [[-0.5390408655004097, -0.10984811902232364, 0.1413506356831064, 0.6371294867851707, -0.07804604482462901, -0.7879303527249908, -0.49509137725438285, -0.29835571893828683, 0.18472450585859404, -0.011966775951259917], [-0.20304687448977637, -0.6205838869346977, 0.13761491287217067, 0.17157452552292576, -0.6181278904699378, -0.2646759507492916, 0.46575300347054227, 0.26043299275021947, 0.6531469502347187, -0.06336745158066938], [-0.5910509533279814, -0.245379281175562, -0.628843087204697, -0.04044406792212392, 0.5702815435731466, 0.1615882035467848, -0.1748621155907711, 0.4663457535310733, 0.23983742996238644, 0.0013133015828439842]], "inverted": false, "swapped": true, "error_lsq": 0.053293324615802974, "error_max": 0.2233657014142449, "target": "1182.xyz", "model": "29.xyz", "model_rescale": 4.117894457231895, "target_rescale": 3.7339366537700807},
