[{"mapping": [2, 3, 6, 5, 0, 12, 4, 7, 9, 8, 1, 11, 13], "R": [[-0.029620313859991587, -0.32858693132452016, -0.9440091448548427], [0.6103088424933703, -0.7538881753602863, 0.24326063353190025], [-0.7916095968223471, -0.5689316721845199, 0.22286991408462442]], "T": [-0.07832235496045141, -0.041271017209503186, 0.09987285152657155], "aligned_model": [[0.10366335629158734, -0.3672894810643538, -0.15103528048652537, -0.6236410772071518, -0.028253301292029673, -0.004156607848829638, 0.5305951033640932, 0.6414173880952886, 0.5527578106256802, 0.27900321761952274, -0.5131713656204371, 0.06844781725471906, 0.06867688867890066], [-0.15814571582973813, 0.04813931237571292, 0.5783885467884133, 0.4075048887811342, -0.7310898103002101, -0.49402932141856637, 0.4645218704624764, 0.1877725939950052, -0.41331194940298366, 0.6445236407395531, -0.41423562126954727, 0.322289041732548, 0.009439590392868569], [-0.6380158603617612, -0.32639478598822613, -0.342033404816338, 0.37121937870373367, -0.24226097776286926, 0.45290141679957385, -0.43566175084669945, 0.13000935610033995, 0.10803012684457425, 0.21204795541166155, 0.16949939437725586, 0.6772327400997755, 0.14844773085175278]], "inverted": true, "swapped": false, "error_lsq": 0.05288156422634338, "error_max": 0.3497508217933492, "target": "1184.xyz", "model": "0.xyz", "model_rescale": 3.8414455957264533, "target_rescale": 3.694970089149066},
{"mapping": [10, 12, 8, 13, 1, 4, 6, 2, 3, 9, 0, 7, 14], "R": [[0.3527141566984916, -0.9325134343919917, -0.07753333697787557], [0.6842145860190522, 0.20049844140151377, 0.7011781337679757], [-0.63831271641982, -0.30036489421038637, 0.708757932148018]], "T": [0.05143690883235113, 0.04118195635629576, 0.02965589222979958], "aligned_model": [[0.19730855686314108, -0.42713990465471247, -0.23254673614825294, -0.6160807218428445, -0.20017249079661797, 0.29171425620504504, 0.6382614937482112, 0.7340052480920317, 0.3512904023915574, 0.02335376005340363, -0.3200477830284662, 0.081046139734513, 0.03602224779345538], [-0.017825558953492554, 0.047206152089775494, 0.620174240292566, 0.37691148015087683, -0.7789634427751427, -0.3015971732832827, 0.4663347941689775, 0.12444015033046248, -0.67267230010059, 0.6644001228173213, -0.25707122666900384, 0.21416742743286965, -0.03373759845467156], [-0.6363928115810678, -0.5646651376230958, -0.4268784679517348, 0.15831396710179116, -0.08238037632027906, 0.3769115609686493, -0.26173584550789764, 0.29756121691535364, -0.08814421379214765, 0.3059168806828536, 0.5760637362762754, 0.6478422091092013, -0.01739139886512827]], "inverted": false, "swapped": false, "error_lsq": 0.04501972222176354, "error_max": 0.22661224496319943, "target": "1184.xyz", "model": "1.xyz", "model_rescale": 4.316132596720782, "target_rescale": 3.694970089149066},
{"mapping": [6, 7, 9, 1, 2, 0, 3, 4, 11, 8, 10, 12], "R": [[0.3465991096182663, -0.23897996334952826, 0.9070598846433919], [-0.7827680380665636, -0.6065208830960517, 0.13930763421223102], [0.5168590289365642, -0.7583013882921776, -0.3972854750943057]], "T": [-0.005432148166733552, 0.06168173651049391, -0.010970576254130816], "aligned_model": [[-0.2914288425212658, 0.3056404039669056, 0.16596567519257127, -0.5567861174796627, -0.4718401310170258, -0.567161179509105, -0.1112535441245399, -0.055722228062344864, 0.5760764643359343, 0.29324236119467073, 0.2947282004073996, 0.016347492248243275], [-0.7852606781371152, -0.47472121723558736, -0.5290144127773393, 0.3669885944357549, -0.25217327197959655, -0.13727366905828925, 0.33050772022501346, 0.6307492549600204, 0.12767795322016676, 0.07339026193634395, 0.6190368792494341, 0.04286901290217404], [-0.02536999567625573, 0.1707930559742533, -0.5579572888106251, -0.03317276900713071, -0.3330483616290526, 0.4471979047217813, -0.7356106063648905, 0.5151483018734594, -0.4706013947117971, 0.6429326584538466, -0.1686401974245048, -0.0024128461896628893]], "inverted": false, "swapped": true, "error_lsq": 0.04273099515992404, "error_max": 0.24078138669685115, "target": "1184.xyz", "model": "2.xyz", "model_rescale": 3.795458400668931, "target_rescale": 3.694970089149066},
{"mapping": [3, 10, 11, 8, 2, 7, 5, 1, 4, 0, 9, 12], "R": [[-0.08745769669626183, -0.23702046266012086, -0.9675600506268163], [0.6627748488227593, 0.7112700924483274, -0.2341460128990388], [0.7436939229659967, -0.6617523372598925, 0.0948851572929941]], "T": [0.09960774188554641, 0.028295212566229282, 0.0443804131762592], "aligned_model": [[-0.1655266678663482, -0.1945840326117995, -0.6288381210230499, 0.1855795278739001, 0.3052267390579977, -0.11242048539025315, -0.3450537975232173, 0.5810959860820386, 0.45949932584149156, 0.8001614874405016, -0.37588697046120567, 0.08405083432350924], [-0.14456022374857183, -0.5489397356493677, -0.0776349986950899, -0.09666135544840544, 0.44137599779907943, 0.48913505875173097, -0.15777708624671838, -0.18529940733500502, -0.5779146709669684, 0.26203250191882305, 0.6394409291981094, 0.04257203571209303], [-0.6686367629866963, -0.03211608223587525, -0.06476935303656814, 0.74718031399829, -0.4104388537045702, 0.44463401588998436, 0.5896036600871163, -0.3023800565808711, 0.37019574663493976, 0.1844962373100009, -0.234724065329421, 0.06572663059277087]], "inverted": false, "swapped": true, "error_lsq": 0.050343847676693754, "error_max": 0.2623093425420419, "target": "1184.xyz", "model": "3.xyz", "model_rescale": 3.7530521520055578, "target_rescale": 3.694970089149066},
{"mapping": [8, 11, 10, 3, 4, 9, 0, 7, 6, 2, 12], "R": [[-0.9697805355419571, 0.04227134939284421, -0.24028908819266706], [-0.011231376354872001, 0.9760975534301719, 0.21704244371276368], [0.24372026807208805, 0.2131823144825599, -0.9461256426726466]], "T": [0.000750745934565894, -0.12959486472685483, -0.005640263176404257], "aligned_model": [[-0.4458595904781413, -0.079888954166362, 0.2905867693572681, 0.5659015968566709, 0.1971201249288315, -0.26994911719674575, -0.022200132280143614, -0.6298154539128591, -0.4244503172693711, 0.18520740530616528, -0.028452728700107573], [-0.6922873896927664, 0.19298935405683976, -0.3186896073127641, 0.3290608444553782, -0.880101771675728, 0.6453595577456315, -0.3782330914918357, 0.003235538859729714, 0.36226731924055716, 0.33079342453038657, -0.1271908204010824], [-0.03478339664374348, -0.6713766350761058, -0.558667348667325, -0.2863682573950508, -0.042334352998680935, -0.06614518479578133, 0.7033684845820364, 0.04205282827627682, 0.6080278507284868, 0.4112456163890566, -0.012188827153852352]], "inverted": false, "swapped": true, "error_lsq": 0.04919477734031214, "error_max": 0.30041340930755045, "target": "1184.xyz", "model": "4.xyz", "model_rescale": 3.7855080009869324, "target_rescale": 3.694970089149066},
{"mapping": [8, 6, 7, 4, 12, 2, 10, 9, 14, 5, 1, 0, 16], "R": [[-0.8859987282338389, -0.13287346105179038, 0.44424193511659704], [0.4067239858509277, -0.6827761821209672, 0.6069532802958152], [0.22266982934729815, 0.7184436849722003, 0.658981652720325]], "T": [0.05844465869320956, -0.04833346790642731, -0.07716487778467526], "aligned_model": [[0.18489552460037448, -0.4790344400880303, -0.16879320045706686, -0.5397479168090072, -0.13788576023355734, 0.3580576735132799, 0.5296362317478591, 0.7493240155916701, 0.45989183094344516, 0.1146472430984671, -0.4366401736711014, -0.1755419211176589, 0.09820536129179092], [0.07989042583110414, 0.07327285808394687, 0.6297001864670063, 0.33151070154466966, -0.6944575299621999, -0.31765147229004664, 0.4601957583779873, -0.06730878240841043, -0.5880681010049923, 0.6711320072786557, -0.2619586465132535, 0.21677487815068633, -0.08126521650848753], [-0.7575167614079475, -0.42702940573712667, -0.300777915825204, 0.13469553242303414, 0.006759648110567479, 0.5420972165210757, -0.3015324368727573, 0.09383123591432962, -0.004886995558391338, 0.2893237907197903, 0.4542099718435072, 0.6181348623560695, -0.06228742307417361]], "inverted": true, "swapped": false, "error_lsq": 0.0393929440824784, "error_max": 0.22491714740320345, "target": "1184.xyz", "model": "5.xyz", "model_rescale": 4.2253639853439635, "target_rescale": 3.694970089149066},
{"mapping": [8, 9, 1, 0, 12, 6, 10, 2, 11, 4, 7, 3, 13], "R": [[-0.8723281863701823, -0.11428176606848459, 0.47537691699153467], [-0.41959765111516356, -0.3240865627955501, -0.8478830762516748], [0.250960846433753, -0.9390993439246106, 0.23475748294275972]], "T": [0.09214611540271334, 0.05071991233117016, -0.04137890943778208], "aligned_model": [[0.24936610269561252, -0.34989107909723005, -0.10367570787687175, -0.6695286918291202, -0.35984124256133415, 0.3097476128871541, 0.6620008099997784, 0.6270953843105249, 0.31132036492965004, 0.09805890700964934, -0.3357547784674405, 0.02625286989896372, 0.09186391651112798], [-0.012882715556179654, -0.0010859773454999708, 0.676448590969741, 0.22757040811405574, -0.7613888521775074, -0.329262250121445, 0.4860917112436724, 0.2693106785824592, -0.6863305680698089, 0.6879083207809935, -0.29800498079983345, 0.13381035260637344, 0.05958234881964493], [-0.7604765779920161, -0.45912966761640106, -0.3712625498550566, 0.1364919411710125, 0.04539981674496735, 0.42976980660999875, -0.3483471458182199, 0.2995301233582185, -0.1608486817577237, 0.2666264204497374, 0.5284306990831736, 0.6598796246494669, 0.018957510385615717]], "inverted": false, "swapped": false, "error_lsq": 0.04704959740420955, "error_max": 0.27949584465807825, "target": "1184.xyz", "model": "6.xyz", "model_rescale": 3.89814844738969, "target_rescale": 3.694970089149066},
{"mapping": [6, 9, 8, 11, 5, 2, 3, 0, 1, 7, 10, 4, 12], "R": [[-0.13708933808270898, 0.6028127746692702, 0.7860173484596765], [-0.06696876315999312, 0.7860533419084514, -0.6145204052229477], [-0.9882923141180778, -0.13688280523897386, -0.06738990640328633]], "T": [0.07246837726334114, 0.1162135181648813, 0.07856150248119259], "aligned_model": [[0.2386522961750311, -0.5972060192172286, -0.20632089388273073, -0.6036326316019167, -0.03446311910783924, 0.14919466126759512, 0.5648599492970624, 0.6599425239162705, 0.5420411880349427, 0.3115461244886973, -0.43892291614361384, -0.010636933868967774, -0.018039760946837693], [-0.013612102865254425, -0.21382777015250926, 0.5180225544452468, 0.5464168159151428, -0.5645858071821037, -0.40580743762512356, 0.550741927045727, 0.03953172469265283, -0.5799789795686743, 0.6957327038451011, -0.3397193913120667, 0.19175631845025112, 0.027096511358276412], [-0.5640146130468207, -0.41190238990926226, -0.3888920384958971, 0.19324767269883614, -0.2787262494999496, 0.5509543936003907, -0.39166986433258405, 0.07645982871874772, -0.019489471595617702, 0.2741989829294432, 0.34220480343073906, 0.7132918239334773, 0.18935844098127097]], "inverted": true, "swapped": false, "error_lsq": 0.04225643972096583, "error_max": 0.2514557085641556, "target": "1184.xyz", "model": "7.xyz", "model_rescale": 3.7474275329858107, "target_rescale": 3.694970089149066},
{"mapping": [13, 12, 11, 10, 1, 3, 9, 8, 2, 7, 0, 6, 14], "R": [[0.5065798434135993, -0.822832905655674, 0.25753227296262193], [-0.41406852673114264, 0.02981539626734636, 0.9097572738462292], [-0.7562566478502881, -0.5675007061807609, -0.3256053302183234]], "T": [0.057935066731423956, 0.01996002656582228, -0.025141683607235087], "aligned_model": [[0.11730901553074638, -0.37138092842095216, -0.057809877341238824, -0.56417695580316, -0.22700791712070117, 0.32459248390587053, 0.4882053073259622, 0.7360012066848889, 0.45409880545044334, 0.01790420763377515, -0.3239736166729616, -0.1110531386309323, 0.07430587586872389], [-0.10712549508041401, 0.037627595781072574, 0.5551708143256421, 0.4084226974343729, -0.6754083682347837, -0.2305038961816426, 0.6440333324451645, -0.03684943145107207, -0.7226104834270993, 0.6371893987967703, -0.25823035225115754, 0.2235919083281739, -0.023540653438360776], [-0.9130807767236764, -0.46788116920085704, -0.3194756370971385, 0.1680854999044642, -0.03363353356640957, 0.5915399054258879, -0.10090756666779283, 0.021861626754476955, -0.04040030945845443, 0.25999523841324185, 0.43417205263516795, 0.7474611519920644, -0.06271516299820129]], "inverted": false, "swapped": false, "error_lsq": 0.045670618137819814, "error_max": 0.28386003510048824, "target": "1184.xyz", "model": "8.xyz", "model_rescale": 4.019505241142653, "target_rescale": 3.694970089149066},
{"mapping": [9, 11, 8, 5, 10, 2, 7, 0, 1, 4, 6, 3, 12], "R": [[0.784056123581677, 0.5858925428516292, 0.2049046688216899], [-0.5389624949731763, 0.8063879431717584, -0.2434294849017073], [-0.30785617435153634, 0.08042644675772662, 0.9480275115077428]], "T": [0.022701959654935797, -0.039910384864017975, 0.02144539042705623], "aligned_model": [[0.06112068258196174, -0.4823893102211114, -0.020209631945908507, -0.4605145187464259, -0.12942401873653098, 0.12205556322271097, 0.6394620201897959, 0.5901430247234254, 0.4897982892469401, 0.23862657073025215, -0.518938141857701, 0.03638948080566354, -0.00910554158260728], [-0.08799060979680313, 0.08706952122958907, 0.4310663253643604, 0.30896464885836483, -0.8941496513523702, -0.22676821539585512, 0.5381907135706709, 0.1963515975789621, -0.5059639035107448, 0.7317551297740172, -0.47079654228048, 0.3607205002166862, -0.016682447209731693], [-0.659401402272676, -0.31915472192825445, -0.4607127424659174, 0.33017304547038095, -0.27063802318225827, 0.5738810652740838, -0.30257642642072663, 0.23319286124345381, -0.12319360434696566, 0.23476104173635615, 0.24286119326676736, 0.7815561411903691, 0.02427289184816063]], "inverted": true, "swapped": false, "error_lsq": 0.05063934526414756, "error_max": 0.2692003485382384, "target": "1184.xyz", "model": "9.xyz", "model_rescale": 3.877068213659057, "target_rescale": 3.694970089149066},
{"mapping": [4, 3, 5, 12, 13, 9, 1, 8, 2, 0, 10, 11, 15], "R": [[0.9212245920708539, 0.010964513715631952, 0.3888766261976526], [-0.38807354895159263, 0.09599381836493875, 0.916615572331081], [-0.027279508206801695, -0.9953215391393372, 0.09268690391471805]], "T": [-0.0036150865786995223, -0.08281269792736361, 0.003769890738520784], "aligned_model": [[0.2248019952234123, -0.3693712942209903, -0.12567342279641738, -0.5065008402798092, -0.26909147143229983, 0.3337239337794465, 0.45108266880304454, 0.6469473808166626, 0.4135384424377254, 0.08621772418235207, -0.3039417534601942, -0.02643404124779644, 0.0017151466053283437], [-0.13610698975071772, 0.02144339999638803, 0.574659779980633, 0.44424403156623454, -0.757176003148092, -0.4285953469571351, 0.5657751605245707, 0.11042076066114005, -0.5857719990167287, 0.6681462573853166, -0.2874368651378247, 0.2599156472092612, 0.002249233733620501], [-0.6311128031073783, -0.5042797183992757, -0.4009857708596974, 0.16963832755972275, -0.26529314577989266, 0.4535276576235557, -0.3504762825971584, 0.3708560418072874, -0.11185983133303394, 0.25227894325018957, 0.6129854706551502, 0.656971125436852, 0.032771305156451894]], "inverted": true, "swapped": false, "error_lsq": 0.03851757624425799, "error_max": 0.23700245427563413, "target": "1184.xyz", "model": "10.xyz", "model_rescale": 4.260839863003843, "target_rescale": 3.694970089149066},
{"mapping": [4, 1, 3, 10, 11, 5, 8, 0, 2, 9, 7, 12], "R": [[-0.3087177601447546, 0.15409606208795867, 0.9385881675261998], [-0.889372126494515, 0.3030771813481261, -0.3422885372908353], [-0.33720997195490854, -0.9404247050110175, 0.04348343384681952]], "T": [0.046110220490233673, -0.007920720779483007, -0.026891674489032062], "aligned_model": [[0.26456386014230665, 0.33662929267982244, -0.42451604513496305, -0.42410812686695526, -0.682172305221497, -0.2882901071553598, 0.25610431604734285, 0.796536852589326, 0.2545294276728344, -0.265546946026797, 0.09366366859362363, 0.04150476177444662], [-0.015889557511812882, -0.5431502004214673, -0.6070756700674622, -0.14671845594720423, 0.10891550154949221, 0.5750130218322899, 0.5550178932307172, -0.05011387609322055, -0.36272176561050656, 0.08225246108194999, 0.5569381449472421, 0.0206110085429164], [-0.7721315765181296, -0.19067350239625225, 0.14071803718920436, -0.45727591438947696, 0.07170911762578022, -0.30614039262767434, -0.4217784799901859, -0.01590429542317448, 0.4735612456912759, 0.7295686524156266, 0.28327829643450364, -0.018753110615992725]], "inverted": true, "swapped": true, "error_lsq": 0.04122370027110752, "error_max": 0.21321707566523174, "target": "1184.xyz", "model": "11.xyz", "model_rescale": 3.890672605050136, "target_rescale": 3.694970089149066},
{"mapping": [1, 6, 11, 9, 8, 7, 2, 4, 3, 10, 5, 12, 13], "R": [[0.9835255491769118, 0.1752228422253135, 0.044434780057260856], [-0.1790958690863164, 0.9778925291735795, 0.10793920076930934], [-0.024539025907139425, -0.11411904726636633, 0.9931639740035609]], "T": [-0.025153056973020976, 0.019691864121689794, -0.10570140969497671], "aligned_model": [[0.18967034458254042, -0.4372582064672238, -0.0926475342542868, -0.6873646673315281, -0.18113977787577912, 0.15252254795891237, 0.4406822037329381, 0.6601150137892121, 0.5775930460660035, 0.2888092947753864, -0.46450093251985025, 0.042056836949704524, 0.0684762990044351], [0.008549199495494382, -0.06152175072398631, 0.5416262475152737, 0.33007923945599754, -0.6835390899102965, -0.3961209853418456, 0.5410544160553274, 0.09482188871843594, -0.6700090570270405, 0.7419310705435951, -0.20641646366226388, 0.21990942145623502, -0.008597069528260406], [-0.8533811790878396, -0.5002036764382951, -0.26629767012260996, 0.1606740327933907, -0.12374064558234929, 0.6171369013466339, -0.23509512279937833, 0.020076944655209206, 0.012927973848468555, 0.317782562651354, 0.4949820761728236, 0.6088109461386764, 0.03134817583668981]], "inverted": false, "swapped": false, "error_lsq": 0.036737720938509716, "error_max": 0.19198908668289313, "target": "1184.xyz", "model": "12.xyz", "model_rescale": 4.124412569039231, "target_rescale": 3.694970089149066},
{"mapping": [9, 6, 8, 1, 3, 5, 11, 10, 7, 2, 0, 4, 12], "R": [[0.7008723179483605, -0.2896973834880312, -0.6518078090464099], [0.5174849362360077, 0.8354253869832193, 0.1851317464746478], [0.49090460855700635, -0.46705443878002795, 0.735440559469877]], "T": [-0.003262126604228366, -0.10558234491738037, 0.02143696120230626], "aligned_model": [[0.1734484416990189, -0.4659082491306438, -0.03785794925683293, -0.6271049309070793, -0.4154084450362547, 0.31426930349945764, 0.5655371573885395, 0.6549783902100788, 0.5133702996080496, 0.110821229999369, -0.3432574829417943, 0.03583232373154688, 0.07829437954700913], [-0.21203787915275485, 0.019909967953007104, 0.4703410746561226, 0.40658358707256503, -0.6266630671546647, -0.5116051151633719, 0.6410012948916075, 0.19884464029951643, -0.4536834816611106, 0.7207712722245724, -0.37196011089408204, 0.1942463069428736, -0.023981422967614713], [-0.5836100338988979, -0.4452782190798369, -0.4051910556228839, 0.12806956661527702, -0.23810815796105578, 0.5764731582293932, -0.3096719402717747, 0.1580140639439303, -0.04923275862013371, 0.2371223822010101, 0.4090107436698237, 0.7472817512408743, 0.06014181896704785]], "inverted": false, "swapped": false, "error_lsq": 0.03738633434003471, "error_max": 0.25580091556895646, "target": "1184.xyz", "model": "13.xyz", "model_rescale": 3.9028299243045295, "target_rescale": 3.694970089149066},
{"mapping": [2, 6, 3, 7, 11, 13, 0, 5, 12, 4, 9, 10, 15], "R": [[-0.8978013226336173, 0.33494641568046213, 0.28594349739089836], [0.3216168311428811, 0.9422057878990457, -0.0938662195635369], [-0.3008577720500821, 0.007691025442012472, -0.953638007382629]], "T": [0.10659468817913528, -0.0172479353663587, -0.05253371533479764], "aligned_model": [[0.3229960649631165, -0.46605218438435536, -0.11954719934003225, -0.5841326890837166, -0.18454978610434045, 0.4839365165595686, 0.5074982085786715, 0.5386728932337487, 0.48679052953169966, 0.22381759120220274, -0.6156839597062771, -0.03649695832107827, -0.00023455871874353273], [-0.022093127010756317, 0.0012448726983401506, 0.4955916090292555, 0.4023799263565331, -0.6941968550387058, -0.3553472708588613, 0.6230346702858995, 0.04881775074971853, -0.5982834270560835, 0.5925558362332423, -0.1927887433747309, 0.1649288186384808, -0.014076993605666138], [-0.7563069300849122, -0.39332960386981597, -0.32556282303490736, 0.3566558541835685, 0.0006804142415378772, 0.5606166216049074, -0.3939000310063093, 0.21401005872482673, -0.00682629169288132, 0.21905683132037365, 0.16733996657427133, 0.6557663715288793, -0.013179119076765458]], "inverted": true, "swapped": false, "error_lsq": 0.04060489270006281, "error_max": 0.33226725921552075, "target": "1184.xyz", "model": "14.xyz", "model_rescale": 3.942246331269136, "target_rescale": 3.694970089149066},
{"mapping": [0, 8, 6, 11, 12, 3, 9, 5, 1, 10, 13, 4, 14], "R": [[0.34320554935527986, -0.06598301915789284, -0.9369398017346419], [0.544698856700137, 0.8266404884234719, 0.14131050353235547], [0.7651882816675283, -0.5588485877962056, 0.31964847804562196]], "T": [0.07599260126561067, 0.09685264158340647, -0.0014801050244428043], "aligned_model": [[0.14755475237177335, -0.46269392182556135, -0.14153504022128938, -0.5565029276788815, -0.13600843707602722, 0.39778302347351235, 0.5083802521844193, 0.6938947935255674, 0.4611742149710363, 0.1434917105460417, -0.5566889139937292, -0.04159365771027021, 0.09975861984387316], [-0.23515531500912212, 0.08482838651124872, 0.5381255918380562, 0.40964835689388246, -0.6820169811464929, -0.32871665739970923, 0.7437368503741075, -0.046812637696416956, -0.6157124263854576, 0.6719439033627649, -0.26101251355221355, 0.1454911068956612, 0.027419402360357184], [-0.6536818055409088, -0.5569197267815652, -0.26746750679588965, 0.12587479674688634, 0.1269485860589762, 0.48006908917997765, -0.20822643723496814, -0.01983021453104182, -0.024449305150506737, 0.41531052216687947, 0.36263042420290686, 0.5707713679441555, -0.0660084708521283]], "inverted": false, "swapped": false, "error_lsq": 0.04778466642283866, "error_max": 0.31131376808629296, "target": "1184.xyz", "model": "15.xyz", "model_rescale": 4.355366556412066, "target_rescale": 3.694970089149066},
{"mapping": [6, 7, 9, 1, 2, 0, 3, 4, 11, 8, 10, 12], "R": [[0.3465991096182663, -0.23897996334952826, 0.9070598846433919], [-0.7827680380665636, -0.6065208830960517, 0.13930763421223102], [0.5168590289365642, -0.7583013882921776, -0.3972854750943057]], "T": [-0.005432148166733552, 0.06168173651049391, -0.010970576254130816], "aligned_model": [[-0.2914288425212658, 0.3056404039669056, 0.16596567519257127, -0.5567861174796627, -0.4718401310170258, -0.567161179509105, -0.1112535441245399, -0.055722228062344864, 0.5760764643359343, 0.29324236119467073, 0.2947282004073996, 0.016347492248243275], [-0.7852606781371152, -0.47472121723558736, -0.5290144127773393, 0.3669885944357549, -0.25217327197959655, -0.13727366905828925, 0.33050772022501346, 0.6307492549600204, 0.12767795322016676, 0.07339026193634395, 0.6190368792494341, 0.04286901290217404], [-0.02536999567625573, 0.1707930559742533, -0.5579572888106251, -0.03317276900713071, -0.3330483616290526, 0.4471979047217813, -0.7356106063648905, 0.5151483018734594, -0.4706013947117971, 0.6429326584538466, -0.1686401974245048, -0.0024128461896628893]], "inverted": false, "swapped": true, "error_lsq": 0.04273099515992404, "error_max": 0.24078138669685115, "target": "1184.xyz", "model": "16.xyz", "model_rescale": 3.795458400668931, "target_rescale": 3.694970089149066},
{"mapping": [6, 9, 8, 11, 5, 2, 3, 0, 1, 7, 10, 4, 12], "R": [[-0.13708933808270898, 0.6028127746692702, 0.7860173484596765], [-0.06696876315999312, 0.7860533419084514, -0.6145204052229477], [-0.9882923141180778, -0.13688280523897386, -0.06738990640328633]], "T": [0.07246837726334114, 0.1162135181648813, 0.07856150248119259], "aligned_model": [[0.2386522961750311, -0.5972060192172286, -0.20632089388273073, -0.6036326316019167, -0.03446311910783924, 0.14919466126759512, 0.5648599492970624, 0.6599425239162705, 0.5420411880349427, 0.3115461244886973, -0.43892291614361384, -0.010636933868967774, -0.018039760946837693], [-0.013612102865254425, -0.21382777015250926, 0.5180225544452468, 0.5464168159151428, -0.5645858071821037, -0.40580743762512356, 0.550741927045727, 0.03953172469265283, -0.5799789795686743, 0.6957327038451011, -0.3397193913120667, 0.19175631845025112, 0.027096511358276412], [-0.5640146130468207, -0.41190238990926226, -0.3888920384958971, 0.19324767269883614, -0.2787262494999496, 0.5509543936003907, -0.39166986433258405, 0.07645982871874772, -0.019489471595617702, 0.2741989829294432, 0.34220480343073906, 0.7132918239334773, 0.18935844098127097]], "inverted": true, "swapped": false, "error_lsq": 0.04225643972096583, "error_max": 0.2514557085641556, "target": "1184.xyz", "model": "17.xyz", "model_rescale": 3.7474275329858107, "target_rescale": 3.694970089149066},
{"mapping": [0, 8, 3, 10, 4, 9, 1, 2, 6, 11, 5, 12, 13], "R": [[0.806344274406924, 0.5576619181168719, -0.19703323631657263], [-0.5564108483569693, 0.602291774214367, -0.5724085835698025], [-0.20053897117979066, 0.571189814156311, 0.7959436646159261]], "T": [0.0863703316116071, 0.11901985222695648, 0.07509459818396236], "aligned_model": [[0.3196490188825588, -0.4353565322941211, -0.17434108064679527, -0.5411455677338323, -0.17901468671364412, 0.24815226759643422, 0.47960729131878993, 0.7487633303999209, 0.43012473903652493, 0.04344989038370716, -0.4767745104126371, -0.06534138835718413, 0.1592416969507427], [-0.1798012473958291, -0.014303718602041562, 0.595247547599371, 0.37242614017095194, -0.6347162894303787, -0.3816371359087178, 0.5601848797891767, -0.07177458351125811, -0.5702196945180723, 0.8109332957341623, -0.21553175096934768, 0.11299555088166406, 0.0679640732069855], [-0.6701767586158544, -0.4012249963733042, -0.33212269391908944, 0.21091955819715635, -0.15002413233090442, 0.4884870887737064, -0.2844280419737243, -0.09421494749271697, 0.032897844292428285, 0.27794992649667194, 0.38195457988663595, 0.8073405849472302, 0.01766330752453825]], "inverted": false, "swapped": false, "error_lsq": 0.04002656539996162, "error_max": 0.3209450920854083, "target": "1184.xyz", "model": "18.xyz", "model_rescale": 3.922800546911778, "target_rescale": 3.694970089149066},
{"mapping": [1, 6, 8, 13, 10, 9, 5, 3, 2, 12, 11, 7, 14], "R": [[-0.23338929096011274, 0.7924753185410657, -0.563482305284179], [-0.8085688470129818, 0.16372571195496877, 0.5651639681410485], [0.5401350372871893, 0.5875174556964886, 0.6025590267738851]], "T": [0.02679454847868102, 0.08228464568671762, -0.06571808237365265], "aligned_model": [[0.31185188512172296, -0.3294828759204511, -0.25104756584472454, -0.4804308248141246, -0.29133535982964587, 0.2565955408596706, 0.4709960652482499, 0.5461448070314023, 0.3868707480317184, 0.21834037477840162, -0.40887776884435345, 0.0839661772424587, 0.043423265350139045], [-0.12076233819892349, -0.1602728468751696, 0.48902995228438034, 0.4033004297096293, -0.658871342001007, -0.5236167008304524, 0.6374961706176623, 0.15079900279557637, -0.536964703854006, 0.7408545854669562, -0.18613800900959215, 0.14035283776388485, 0.07656002917772742], [-0.7180195932539858, -0.60423459240721, -0.4286955873112064, 0.26817566407319926, -0.05667316016971946, 0.427047833761358, -0.34313274541290995, 0.30133822856008774, -0.0678004840203679, 0.3192622748025592, 0.4296429204646488, 0.7289960228189264, 0.029114537507393623]], "inverted": false, "swapped": false, "error_lsq": 0.041638456970403324, "error_max": 0.22811064470948686, "target": "1184.xyz", "model": "19.xyz", "model_rescale": 3.9282355846067225, "target_rescale": 3.694970089149066},
{"mapping": [7, 6, 5, 3, 8, 11, 2, 10, 9, 1, 4, 0, 13], "R": [[-0.5218541131342023, 0.45167141078483375, -0.7236444025103441], [-0.15379264243535573, 0.7846002659268966, 0.6006248794715332], [0.8390566773095045, 0.42472974864857416, -0.33998313616303527]], "T": [0.04221424263392879, -0.05781604399331969, -0.08926533469247037], "aligned_model": [[0.281957512928531, -0.47710685869133174, -0.22389072078893937, -0.49735869264985066, -0.29250658248581474, 0.2443373891461322, 0.49128183428716754, 0.82570535304882, 0.36362415678941756, 0.08723520097985737, -0.3598685176441244, 0.015174144258562713, 0.09843024923203686], [-0.019771743866001133, -0.011384827255745189, 0.519982472249287, 0.36820980566797473, -0.7408805168610473, -0.34342891131474135, 0.6063024116698306, 0.12763213940497703, -0.6686744447335944, 0.623267275412156, -0.2634615389367858, 0.19638324274408997, 0.057591702866265596], [-0.6630018351488162, -0.482957841463492, -0.3774097001035398, 0.21686877329155546, -0.08672087693547612, 0.5359823722128783, -0.2790051179068237, 0.2173043966356198, -0.04485242479703726, 0.21992622671217937, 0.3527835644538237, 0.6689223359398615, 0.007181446522040433]], "inverted": true, "swapped": false, "error_lsq": 0.03708656458948226, "error_max": 0.22042663531873327, "target": "1184.xyz", "model": "20.xyz", "model_rescale": 4.067790424073018, "target_rescale": 3.694970089149066},
{"mapping": [8, 0, 2, 3, 9, 13, 4, 5, 1, 6, 12, 11, 14], "R": [[-0.7755287639616031, 0.5572828108731449, 0.29663277798233123], [-0.6203042122768001, -0.7600128152215522, -0.193915458204522], [0.11737896106137129, -0.3343895772962097, 0.9350966741978155]], "T": [0.06234837033461993, 0.01221352754243419, 0.01578207235016124], "aligned_model": [[0.33028095569611154, -0.3994412209080546, -0.18145708706741456, -0.6191858244769366, -0.1746951482199032, 0.48021630114825115, 0.4945504375287082, 0.648591524623767, 0.4532384174861213, 0.2090956414378179, -0.5860466545042853, -0.14787954369592218, 0.0497466693622039], [-0.08110547076864841, 0.07733687418788113, 0.640905467492438, 0.4641860857932096, -0.726799957209541, -0.20460979844645263, 0.5583497052991668, 0.01928633947118757, -0.6964049925532931, 0.6745699338741017, -0.2859626210118863, 0.059912258832872316, -0.04789675791436924], [-0.47886082002854935, -0.5199112659158466, -0.298903922129761, 0.2502537434356737, 0.057246986855364515, 0.5339495576112967, -0.3809661389812853, -0.053029701630879014, -0.11975340379559626, 0.31125818324668575, 0.29450907695350936, 0.6253403625692325, 0.0638886612229286]], "inverted": false, "swapped": false, "error_lsq": 0.0482382990882026, "error_max": 0.27470127358927504, "target": "1184.xyz", "model": "21.xyz", "model_rescale": 4.186013935880536, "target_rescale": 3.694970089149066},
{"mapping": [5, 0, 6, 7, 2, 9, 3, 11, 8, 4, 1, 10, 12], "R": [[-0.6509647265749947, -0.30228824336571286, -0.6963237341050597], [0.25622965376196777, 0.7759585642196385, -0.5763980145240086], [0.7145567082381667, -0.553633565218971, -0.4276664426568524]], "T": [0.045589315654866, 0.002631245937521065, 0.042246107148844136], "aligned_model": [[0.25047291619242995, -0.5025752659653852, -0.14664050314432336, -0.47168771382565533, 0.02295063969852422, 0.08057474632230749, 0.43129154735466724, 0.6699537644722332, 0.48472664931737314, 0.22999797374024988, -0.6202938263538854, 0.057266175677824924, 0.07097736492410349], [-0.1362112026857442, -0.047765793045333904, 0.46240474864299086, 0.37314741516144034, -0.6288252271341416, -0.33128092502451223, 0.585820150009851, 0.06318392823502961, -0.6176217613538056, 0.6643673889181105, -0.2779252783932415, 0.3043621074748234, 0.03811151624119935], [-0.690750660105907, -0.42547621530885826, -0.20576371522028847, 0.4075760716963653, -0.3456319868856497, 0.5644811518966737, -0.5606329398956652, 0.1161946462244833, 0.14280822642576269, 0.2782860882215141, 0.15631149969338917, 0.8201417111818191, 0.027477441489134606]], "inverted": true, "swapped": false, "error_lsq": 0.053669481687925256, "error_max": 0.32935291554125995, "target": "1184.xyz", "model": "22.xyz", "model_rescale": 4.166573947596378, "target_rescale": 3.694970089149066},
{"mapping": [5, 10, 0, 8, 14, 11, 1, 2, 12, 4, 9, 3, 15], "R": [[-0.37940538749751634, -0.43729987454016434, 0.8153651768778308], [0.7072540509579477, 0.43109929810843645, 0.5603080425747845], [-0.5965259921758922, 0.7892542143679503, 0.14572071150319482]], "T": [0.04395568922810439, -0.028901050280661686, 0.006014216884738941], "aligned_model": [[0.18815957111188666, -0.5211501231587792, -0.013875212108868495, -0.5543768809733052, -0.21451378332447651, 0.27528385459737936, 0.5040501531087296, 0.6216711459434732, 0.36217698843169593, 0.0834923420392138, -0.35772517534663417, 0.10121834131953084, 0.08260324677061862], [0.10199596001126059, -0.2488840727774504, 0.7049457335563478, 0.4606965643744927, -0.7494018560856379, -0.42827349592694514, 0.41959627969022295, 0.22679454782380098, -0.5990079430057612, 0.6609833304438147, -0.2624134276513984, 0.15922598659759757, 0.005509459996321409], [-0.8021523466079796, -0.4335356935052147, -0.3473697775754592, 0.24344094533236843, -0.19411045379085884, 0.6456096022588015, -0.3026316808403546, 0.23769039470897205, 0.06164416232536789, 0.25571385180936856, 0.38624259422032303, 0.5741302778150094, -0.03965055673757059]], "inverted": true, "swapped": false, "error_lsq": 0.043498253151810995, "error_max": 0.2384317644146187, "target": "1184.xyz", "model": "23.xyz", "model_rescale": 4.274766983524099, "target_rescale": 3.694970089149066},
{"mapping": [0, 7, 6, 2, 9, 3, 1, 10, 4, 5, 12], "R": [[0.23729593575120733, -0.9568745653090834, -0.1675759682666697], [0.8041593029365334, 0.09671228859736988, 0.586493434519849], [-0.544993994807822, -0.2739302821865667, 0.7924290164580043]], "T": [0.006746992498105148, 0.08401279259703334, 0.09855943696733654], "aligned_model": [[0.26275422555901384, 0.023312476093463732, -0.36632233915667567, -0.47854397900451984, -0.6857198741857247, -0.5731800662373834, 0.012167227590234087, 0.11713873970863724, 0.6913396870805354, 0.36589624443518587, 0.011052362075308474], [-0.18767429053591542, 0.674165499151921, 0.3707971744082159, -0.12819877093688575, 0.5174349003841768, -0.24155352999758764, -0.5378022363196091, -0.034809587280105636, -0.24319026679927744, 0.6129075248019482, 0.11351011436660235], [-0.5538879099479992, -0.16407652244893228, -0.6616292884938939, -0.27458182037810297, -0.0020811779730103286, 0.5063092704928468, -0.0063839058482061395, 0.7304578493896481, 0.264206673764408, 0.4462624008112627, 0.09497086465355657]], "inverted": false, "swapped": true, "error_lsq": 0.05055366294736858, "error_max": 0.28606717642744073, "target": "1184.xyz", "model": "24.xyz", "model_rescale": 3.7841303162186577, "target_rescale": 3.694970089149066},
{"mapping": [2, 8, 9, 10, 1, 6, 12, 3, 4, 13, 7, 11, 15], "R": [[-0.04679349005399486, 0.5852045789611511, -0.8095344156065687], [0.33350002839604215, -0.7547681280915539, -0.5648918514875312], [-0.9415880736014055, -0.2964130118265286, -0.1598475088061132]], "T": [-0.06414762436429912, 0.04461350745194428, -0.0029027110795184566], "aligned_model": [[0.21224469487499537, -0.2905534501560839, -0.17762260824911746, -0.6943823727607675, -0.19768464971828398, 0.2656453101056927, 0.40346734610662804, 0.6861807765882558, 0.45260408144301634, 0.3487103261299178, -0.4520371012387142, 0.022822492537466918, -0.022380377252541307], [-0.014438000295474596, -0.2549273585872964, 0.43561935803510593, 0.4543700118070071, -0.6510938260059186, -0.38356262049358836, 0.5637634231259401, 0.02084826779783141, -0.4702465011227064, 0.6189020279327104, -0.1331595989909732, 0.25256982099139424, 0.01312206285263464], [-0.7021260182035747, -0.45949164574489626, -0.4228771881233051, 0.19749408113422506, -0.22916707600639546, 0.4766056580594064, -0.29784594438940926, 0.28940601568264257, -0.15971849145284556, 0.33137412812530576, 0.4877540288680614, 0.7310032362923918, 0.04261053517116716]], "inverted": true, "swapped": false, "error_lsq": 0.04329050515949467, "error_max": 0.2656969483231507, "target": "1184.xyz", "model": "25.xyz", "model_rescale": 4.19342608120988, "target_rescale": 3.694970089149066},
{"mapping": [6, 7, 9, 1, 2, 0, 3, 4, 11, 8, 10, 12], "R": [[0.3465991096182663, -0.23897996334952826, 0.9070598846433919], [-0.7827680380665636, -0.6065208830960517, 0.13930763421223102], [0.5168590289365642, -0.7583013882921776, -0.3972854750943057]], "T": [-0.005432148166733552, 0.06168173651049391, -0.010970576254130816], "aligned_model": [[-0.2914288425212658, 0.3056404039669056, 0.16596567519257127, -0.5567861174796627, -0.4718401310170258, -0.567161179509105, -0.1112535441245399, -0.055722228062344864, 0.5760764643359343, 0.29324236119467073, 0.2947282004073996, 0.016347492248243275], [-0.7852606781371152, -0.47472121723558736, -0.5290144127773393, 0.3669885944357549, -0.25217327197959655, -0.13727366905828925, 0.33050772022501346, 0.6307492549600204, 0.12767795322016676, 0.07339026193634395, 0.6190368792494341, 0.04286901290217404], [-0.02536999567625573, 0.1707930559742533, -0.5579572888106251, -0.03317276900713071, -0.3330483616290526, 0.4471979047217813, -0.7356106063648905, 0.5151483018734594, -0.4706013947117971, 0.6429326584538466, -0.1686401974245048, -0.0024128461896628893]], "inverted": false, "swapped": true, "error_lsq": 0.04273099515992404, "error_max": 0.24078138669685115, "target": "1184.xyz", "model": "26.xyz", "model_rescale": 3.795458400668931, "target_rescale": 3.694970089149066},
{"mapping": [3, 7, 10, 5, 0, 1, 4, 9, 2, 11, 6, 8, 12], "R": [[0.7990810913678975, 0.5288434841672021, -0.2859964661882811], [-0.47221209082479154, 0.8464924204525502, 0.2458990105617791], [0.3721359304033528, -0.06144226045872253, 0.9261423745475389]], "T": [0.14292456274635235, 0.058086313783442714, 0.10542670044191628], "aligned_model": [[0.21390636152784237, -0.4541807647757754, -0.14513447517052963, -0.5731404105043312, -0.050864008386991316, 0.16238978417176284, 0.4773540307900171, 0.5583158165525036, 0.6261176525193546, 0.37290784702329227, -0.507401478462087, -0.12469048634421082, 0.001434599469616521], [-0.14652950446329688, 0.03512947177690094, 0.5834265193189394, 0.27696759958171424, -0.6639939935863612, -0.3519448598288468, 0.6287942191463546, -0.03081160647323629, -0.6625653112339546, 0.7133341461541317, -0.24420395844237536, 0.27650309312373994, 0.03766125197295683], [-0.6003852504436, -0.4451605404919755, -0.28022351365312914, 0.18418204750500694, -0.2583303771521019, 0.5318639318983376, -0.4057607410087657, 0.04280437095155756, -0.042966652692940074, 0.27669420716762316, 0.5139405816254891, 0.7468532403582497, 0.02151001534902157]], "inverted": false, "swapped": false, "error_lsq": 0.03902128262636004, "error_max": 0.2200987335913199, "target": "1184.xyz", "model": "27.xyz", "model_rescale": 3.6321398670334006, "target_rescale": 3.694970089149066},
{"mapping": [11, 9, 6, 12, 10, 3, 13, 1, 0, 4, 8, 7, 14], "R": [[-0.5974138593709243, -0.7999944429478341, 0.05572765816111471], [0.794900457795179, -0.5999261887539594, -0.09067430862247242], [0.10597142458489583, -0.009872147675818184, 0.9943201686940251]], "T": [0.08157587264247852, -0.04082128832093947, 0.026713389818555526], "aligned_model": [[0.2679171676573567, -0.3119832878988721, -0.12122224101285005, -0.644299957832505, -0.2619724192306505, 0.35916961297079264, 0.2992851486410783, 0.6792760789890715, 0.3111933379273451, 0.32127805834230305, -0.30373380237269154, -0.1650523506393854, 0.1271591228694717], [-0.2534294641922417, 0.06095816606488959, 0.6854655970040728, 0.29651914798405393, -0.6488216252033939, -0.2683245831507971, 0.4115998271249759, 0.23183827167497434, -0.621066221105368, 0.6633768033390169, -0.2662871050673015, 0.1652492605980163, -0.005311008024231449], [-0.5500018967341493, -0.5036867337100306, -0.16113687620068437, 0.23363231023367595, -0.31531262454070846, 0.6121568509096743, -0.617021910873343, 0.15192690275697388, 0.024888058617533328, 0.3915628960978343, 0.2869656436285139, 0.7321188280970875, -0.0010701288696040936]], "inverted": false, "swapped": false, "error_lsq": 0.05275802528661748, "error_max": 0.39898009247090177, "target": "1184.xyz", "model": "28.xyz", "model_rescale": 4.156811204709835, "target_rescale": 3.694970089149066},
