[{"mapping": [10, 0, 1, 11, 8, 12, 9, 3, 5, 2, 6, 4, 7, 13], "R": [[0.21617487156094028, -0.9755562984843964, -0.039475731697260735], [0.3444747898352076, 0.1140395415826645, -0.9318433892686071], [0.913567481948433, 0.18784273061004753, 0.3607070341473266]], "T": [-0.08452375647051541, -0.14286132080593644, 0.05493861806914738], "aligned_model": [[0.31012974386722747, -0.7869835878365756, -0.531145907538479, 0.49548050497428703, 0.6713920355349026, -0.314411276995196, -0.17882477287120901, -0.26926978698513726, 0.21057998575659775, -0.39760753718785796, 0.2557025980847502, 0.3624454623874811, 0.3761810190942782, 0.02885390083985448], [-0.060828799512528675, 0.15599407464617265, -0.504418437673536, -0.3727901062806469, 0.023030058356699967, -0.2272742403116293, 0.415849048174408, -0.16001477900459699, -0.7904772532328537, 0.4228535369019733, -0.02587276304073073, 0.6039520156488907, 0.41606725218563273, -0.05223806166228709], [-0.8686133321551152, -0.05752503164468853, 0.0015605435367544024, -0.25777475094355473, 0.16287608764778821, -0.4696049882222132, -0.4094892166521038, 0.5435846749228269, 0.31166541026654404, 0.47111585366710496, 0.72955405608232, 0.4497709679314168, -0.1612660131043545, -0.019039716464650497]], "inverted": true, "swapped": false, "error_lsq": 0.0448864995975611, "error_max": 0.26210855925358784, "target": "1185.xyz", "model": "0.xyz", "model_rescale": 3.8414455957264533, "target_rescale": 4.228772711009407},
{"mapping": [13, 6, 2, 0, 1, 9, 8, 5, 4, 10, 3, 1, 12, 14], "R": [[-0.8678671106220149, 0.44384963780025005, -0.22316849536881805], [0.48339485916362124, 0.6508209172871138, -0.5854584048040841], [-0.1146127760538857, -0.6159785975552614, -0.7793807021726129]], "T": [-0.013501909004314791, -0.07577065087331897, -0.06768851660607533], "aligned_model": [[0.267317310050542, -0.7835017859173689, -0.47788214155562936, 0.5881968424370119, 0.6762567614254791, -0.3333868126658333, -0.31666372807571724, -0.3620203799038566, 0.1354817264994141, -0.2518100228489665, 0.21693989323158064, 0.6762567614254791, 0.16281291147049182, 0.034525045552297275], [0.08402717009804148, -0.015871684309117014, -0.5846382172028157, -0.4477891160914544, 0.08396951204229841, -0.28705883320636005, 0.4841875796296831, -0.03358430131321172, -0.5062318859135257, 0.47629102304347154, -0.12096767033688621, 0.08396951204229841, 0.6578361275085547, -0.030307670796009517], [-0.7535837150595673, 0.048670742338216014, 0.19690461855036195, -0.2260496341755666, 0.4295176258412567, -0.6320825566253706, -0.535494126929248, 0.4900551273156919, 0.22950542062674023, 0.2591424052455539, 0.6794598537019502, 0.4295176258412567, -0.1818100424466373, -0.006938799356562608]], "inverted": false, "swapped": false, "error_lsq": 0.04883062528387626, "error_max": 0.41255688274723734, "target": "1185.xyz", "model": "1.xyz", "model_rescale": 4.316132596720782, "target_rescale": 4.228772711009407},
{"mapping": [1, 7, 9, 0, 6, 5, 12, 3, 11, 8, 4, 13], "R": [[-0.28017140755561165, 0.11010599641594365, -0.9536145195735855], [-0.9502620967108943, 0.108965534551202, 0.2917678183669101], [0.1360365022445181, 0.9879287331752344, 0.07410052782439694]], "T": [-0.0007954006206116263, -0.0443537819485719, -0.0051389417730873105], "aligned_model": [[-0.17982636963827198, 0.4566714853879588, 0.15009286111057069, -0.6210978929520323, -0.5411652152209072, -0.6458392784507928, -0.13731080819668812, -0.08705879174805231, 0.5154283747972149, 0.33458628863450784, 0.4160234816323177, -0.06269558072404458], [-0.6418067121445683, -0.5227650203338136, -0.6201071656525065, 0.41964265207442625, -0.1438049224157944, -0.2127189125249021, 0.274755727734652, 0.604586526808389, 0.22600375107751206, 0.10449058196517552, 0.5058114668580133, 0.01868845429439741], [0.13411397973783495, 0.12798253362950135, -0.4637264156944276, 0.017580441517175693, -0.48527367121209586, 0.33653579743436907, -0.6468710588057532, 0.4311364342082095, -0.540918074270414, 0.5628153696021377, 0.015018903145132146, -0.03913577808224859]], "inverted": true, "swapped": true, "error_lsq": 0.045639005888743804, "error_max": 0.22964950894526456, "target": "1185.xyz", "model": "2.xyz", "model_rescale": 3.795458400668931, "target_rescale": 4.228772711009407},
{"mapping": [9, 10, 11, 3, 6, 0, 4, 1, 8, 5, 12, 13], "R": [[-0.7164780067300269, -0.5522457980267205, -0.4262438790575157], [0.12068444710796306, 0.5036727929373565, -0.8554232764432635], [0.6870913549873936, -0.6643329708937481, -0.29422299992535217]], "T": [0.1256888278569479, -0.05138893028791104, 0.02236044688706152], "aligned_model": [[0.019612876938118, -0.3260936132204624, -0.652010074149361, 0.14507827355965092, 0.14639249986609582, 0.2496691438253702, -0.3615113723181819, 0.6139733946795818, 0.25172328123945237, 0.7922075060620182, -0.3910260700795951, 0.10528797934087818], [-0.14921986309263024, -0.6578379060294356, -0.15859044623458518, 0.025023037101114018, 0.5867020464373979, 0.6013607608955646, -0.23929986546474563, -0.1490632096119836, -0.5421171380794044, 0.2827078450505256, 0.4508341703231372, 0.03526961399475485], [-0.7150259503536036, -0.03627582151644972, -0.07928459031146093, 0.8051032918247125, -0.33095341877905904, 0.4212724234783486, 0.4741917934081064, -0.37817842111187217, 0.4701424972246489, 0.09517696455228167, -0.09194229660674072, 0.054544958830188756]], "inverted": false, "swapped": true, "error_lsq": 0.04788373779457158, "error_max": 0.3054787859028064, "target": "1185.xyz", "model": "3.xyz", "model_rescale": 3.7530521520055578, "target_rescale": 4.228772711009407},
{"mapping": [8, 1, 5, 6, 3, 9, 4, 7, 11, 12, 13], "R": [[0.21860575901771814, 0.32156142279654865, -0.9213087286536185], [-0.39838505502442234, 0.8912873372902155, 0.21655537471812078], [0.8907866579925158, 0.3196953764995312, 0.3229458099857431]], "T": [-0.058755481754170454, -0.08359282294620937, -0.029101923043038415], "aligned_model": [[-0.43757484840800465, -0.20873888768326104, 0.32158259111880677, 0.4921563295850837, 0.17952676814840557, -0.3136048774075183, -0.1769183756062997, -0.6972323474063337, -0.2300306915513856, 0.3776817122668533, 0.0313522293888586], [-0.6433219276633677, 0.12163531961396853, -0.27859423554594054, 0.37620662118601234, -0.8005198363773339, 0.6124814501874727, -0.39839423957860143, 0.06058847197588069, 0.22037490124404593, 0.28547252369427156, -0.08872569042206216], [-0.008931678951112541, -0.6154293531226146, -0.6443152586755201, -0.16138975917116, 0.1903025606397292, -0.15195992819078213, 0.5740263542839903, -0.1947329534770108, 0.6814667829591956, 0.4243303114654423, -0.0005363005148409546]], "inverted": false, "swapped": true, "error_lsq": 0.051898983896625325, "error_max": 0.30346050399894037, "target": "1185.xyz", "model": "4.xyz", "model_rescale": 3.7855080009869324, "target_rescale": 4.228772711009407},
{"mapping": [0, 12, 11, 4, 7, 1, 2, 13, 6, 14, 8, 10, 3, 16], "R": [[0.3395357363194585, -0.7247530924331598, 0.5995401894540308], [-0.8030115631991253, 0.10855486564078792, 0.5859934048384912], [-0.48978353701456784, -0.6804034069243647, -0.545126857451747]], "T": [0.04339939224153729, 0.06777967894943504, 0.09296431909302724], "aligned_model": [[0.25843734021604, -0.6170116261689899, -0.4272640313454848, 0.374471112263974, 0.7164218890061399, -0.22672309456846798, -0.237511575367056, -0.38209470554146546, 0.14889210163053454, -0.47342611453780387, 0.21305396753277592, 0.5906638785116908, 0.2823275442222696, 0.012285695270767602], [0.030224110338934518, -0.06712385379676822, -0.5732206787708073, -0.46156945644578506, -0.2441233951149061, -0.24494934252649092, 0.5434544534138783, -0.22333688436455612, -0.5520945610335807, 0.4970517340208656, -0.011070974774513229, 0.43195043839550046, 0.6070659089458835, 0.11157404690731254], [-0.6559162745384078, -0.0004358234374700065, 0.08742253235907213, -0.3034972716355906, 0.19844731826286138, -0.5413371393915472, -0.39755400349451553, 0.6019570088160507, 0.26819069535587675, 0.172426868824943, 0.7714256469914388, 0.40736138349761974, -0.2737785141382849, 0.09210211739602925]], "inverted": true, "swapped": false, "error_lsq": 0.03332458850594026, "error_max": 0.18761541567541462, "target": "1185.xyz", "model": "5.xyz", "model_rescale": 4.2253639853439635, "target_rescale": 4.228772711009407},
{"mapping": [3, 1, 10, 2, 6, 4, 0, 8, 5, 9, 11, 12, 7, 13], "R": [[0.22632550438838062, -0.4614327385455945, 0.8578208401884732], [0.9716060241657247, 0.16931569313633932, -0.16526926472467296], [-0.06898188072398559, 0.8708685456807324, 0.48665128816813774]], "T": [-0.03662137883167395, -0.024837285340176242, 0.05045566750122887], "aligned_model": [[0.3750705126923346, -0.7372192418982051, -0.39186684838013386, 0.1928035163605225, 0.6020659534419103, -0.2507476311984986, -0.23298881291547563, -0.44973241207502784, 0.16847754266092857, -0.4069437850286726, 0.43428008849079935, 0.4508217841582337, 0.47943634027781334, -0.0009346254616041799], [0.042953198921606144, -0.05663036366177073, -0.7181266098753486, -0.5854047699082523, -0.08636896933632557, -0.22169647306253656, 0.6464729935441785, -0.18607943806969804, -0.5440397359419168, 0.39057096679842485, 8.497654677189909e-05, 0.6683459834233869, 0.5184003096019615, -0.024650523785513693], [-0.5230630413438087, -0.16601053400772126, 0.0912360946691447, -0.23816159592613784, 0.00561916918836574, -0.5947634584266663, -0.34177511867210675, 0.6413914660398257, 0.3489594600104753, 0.3012418852425563, 0.6694746314669286, 0.4419143284472955, -0.21025214215530408, 0.001003400335228423]], "inverted": false, "swapped": false, "error_lsq": 0.052715626194642644, "error_max": 0.358944272250663, "target": "1185.xyz", "model": "6.xyz", "model_rescale": 3.89814844738969, "target_rescale": 4.228772711009407},
{"mapping": [5, 2, 1, 3, 6, 7, 8, 0, 4, 10, 9, 12, 13], "R": [[-0.5342052812175871, 0.5335973495053442, -0.6556665205118452], [-0.5279033456591883, 0.3952158399760135, 0.751746298610036], [0.6602596270870075, 0.7477153926681764, 0.07056143710271526]], "T": [-0.052162078251328695, 0.08404950281794951, 0.016297425679221492], "aligned_model": [[0.4099576626840427, -0.26222846424889074, 0.26430077009085073, -0.4003432573456316, 0.6304589654353759, -0.3084207633387552, -0.6180322829130253, 0.2819907644961628, -0.6138592606027037, -0.6512461226480277, 0.22379269490450593, 0.202627103771217, -0.01036600938089835], [-0.25415562977749107, 0.23007573481300447, 0.3943310693476726, -0.6204124652077806, 0.05582525721101225, 0.6401251974081866, -0.06605146834551132, -0.6049125421569408, -0.12482785691374343, 0.5140731181477022, 0.7749030482650352, 0.008725179583473575, 0.016082623095866083], [-0.4666442708604237, -0.7216855465690376, -0.44410466261700593, -0.021176602604686078, 0.2725225746417147, -0.26828279187689924, -0.32203411570899554, 0.13570103292585117, 0.3593610411192487, 0.19379093041705442, 0.12180590651392381, 0.6957797026818724, 0.06724183277367864]], "inverted": false, "swapped": true, "error_lsq": 0.048893486687628454, "error_max": 0.34164026433980116, "target": "1185.xyz", "model": "7.xyz", "model_rescale": 3.7474275329858107, "target_rescale": 4.228772711009407},
{"mapping": [11, 0, 6, 9, 8, 10, 12, 3, 5, 1, 2, 4, 13, 14], "R": [[-0.6698507872569901, 0.34835092021518643, -0.6557069156234542], [-0.6802469080894091, -0.6418783069082603, 0.35391578540012114], [-0.2975971553056075, 0.6831133694386449, 0.6669273256121631]], "T": [-0.0075937102406337074, 0.009246785880900693, -0.032150782192945114], "aligned_model": [[0.21943030075124473, -0.6369896280392847, -0.4826339875497013, 0.5666825246919941, 0.4892598050836901, -0.48305824077992193, -0.11208956434585476, -0.1951338898448656, 0.15216255163905504, -0.4443582704915797, 0.08596762234191396, 0.5974605890545323, 0.4642084590295138, 0.011614109584188407], [-0.04707747122291331, -0.07390937667916744, -0.6532157226886538, -0.4158812283104282, -0.17970071180133348, -0.19443959643127168, 0.45487340234208906, -0.38842515449356063, -0.6686297697335953, 0.5004537252843858, 0.3461072838683693, 0.35967910468387143, 0.7451346326313855, 0.05886242774579033], [-0.6081435183318048, 0.14436853378589873, 0.017025005259842206, -0.2963730704839621, 0.39521995064449267, -0.5868657518376231, -0.4458416740137936, 0.5342591805173128, 0.13512974913196169, 0.33220382754942046, 0.7335911964074572, 0.31903624872980224, -0.24187350096582136, -0.004921631525107922]], "inverted": true, "swapped": false, "error_lsq": 0.05000551738259994, "error_max": 0.3838115889788977, "target": "1185.xyz", "model": "8.xyz", "model_rescale": 4.019505241142653, "target_rescale": 4.228772711009407},
{"mapping": [7, 8, 5, 1, 9, 6, 0, 10, 11, 4, 3, 12, 13], "R": [[0.2531444194190267, -0.8660730398418639, 0.4310862936536922], [-0.5062816846017713, 0.2611120723052848, 0.8218876696564028], [-0.8243765879461865, -0.4263073719225521, -0.3723778536522956]], "T": [0.015616774069998434, -0.07504438651230112, -0.051208572626715534], "aligned_model": [[-0.2535181139139696, -0.6574054461124986, 0.15359890751863456, 0.13403730715447254, 0.4108504155366319, 0.7273527115446938, 0.2587880099183281, -0.3664097748960222, 0.08387496270691082, -0.3560191315336267, -0.41462696269444305, 0.5341751722699921, 0.06500271424207238], [-0.6807684574973134, -0.027170179394738633, 0.2797263576845126, -0.3781595498360824, -0.7136488700161939, 0.06174057868994208, 0.6586821507006511, -0.5629978017639244, -0.3229225063835021, 0.0866826320576916, 0.5731992112279601, 0.08736179266251996, 0.0016528699825361787], [-0.17981399210910537, -0.09544400412341118, -0.6963974588016613, -0.6012006115906425, -0.07436844987368109, -0.1357145066579799, -0.1068607226409463, 0.38615069233229504, 0.6974814287512239, 0.5078596212811248, 0.06528891931941809, 0.4356269913260936, -0.025904413168848492]], "inverted": true, "swapped": true, "error_lsq": 0.053283043872709955, "error_max": 0.3064799897709249, "target": "1185.xyz", "model": "9.xyz", "model_rescale": 3.877068213659057, "target_rescale": 4.228772711009407},
{"mapping": [6, 4, 1, 12, 11, 3, 13, 7, 0, 2, 8, 9, 14, 15], "R": [[-0.3862221838634578, -0.9206372104679731, 0.05709248105915976], [0.4629340648484971, -0.24699987550538655, -0.8512832155652847], [0.7978248406101361, -0.3023544082729283, 0.5215911574244125]], "T": [0.034756319880872126, 0.004620755283337035, -0.04643096690257984], "aligned_model": [[0.25827990170209236, -0.6416260709690259, -0.37789737182675254, 0.4222081645327381, 0.6905013848000501, -0.30125096635793613, -0.20158018382259285, -0.5137478785002193, 0.3210197417271397, -0.27365660239411715, 0.17534433947945247, 0.29869797359320355, 0.3065883192099822, 0.06964162995090961], [0.057747830203753944, -0.01974879904592433, -0.6458786793317588, -0.5348539679091493, -0.23382649559435492, -0.21024131511982116, 0.6018333346500278, -0.03967690610704032, -0.6873924227608499, 0.5201956592942889, -0.06849344621923793, 0.44543355822186864, 0.732815183422663, -0.07408198850949788], [-0.6187239839882861, -0.048345624819765384, 0.3529110249902635, -0.38854689290689, 0.19397825639535887, -0.5400854381926967, -0.47668750436259033, 0.5564516344141841, 0.2236376361593835, 0.23538341469886417, 0.7086930348958584, 0.3678927955112215, -0.11965518151881119, -0.02008862640801957]], "inverted": true, "swapped": false, "error_lsq": 0.038524286693250316, "error_max": 0.20282999123451786, "target": "1185.xyz", "model": "10.xyz", "model_rescale": 4.260839863003843, "target_rescale": 4.228772711009407},
{"mapping": [11, 12, 6, 9, 1, 7, 10, 4, 0, 5, 8, 13], "R": [[0.9864990818021389, -0.16164696552040736, 0.026264427303514006], [-0.14329065921720485, -0.7743305233492936, 0.6163440821413867], [-0.07929280285521634, -0.6117863182089426, -0.7870388505453275]], "T": [-0.004359377385686937, 0.049537845582911265, 0.043828939946960375], "aligned_model": [[0.40395132196776357, 0.23926692431672583, -0.2823887505826614, -0.5124496368932105, -0.624249730542524, -0.30842469140176865, 0.2249018032770138, 0.6503952783250222, 0.23773703276427155, -0.3617388976050132, 0.2570934060206488, 0.034804589447862466], [-0.08221682313838316, -0.5848843975295238, -0.6241356156858912, -0.060421835034886996, 0.1774964203958373, 0.5482129009364277, 0.48164538698956216, 0.20079352044834956, -0.4337158319002232, -0.06726198432169156, 0.6469222308936183, -0.029355466520261393], [-0.6214248017590226, -0.22158034449905975, 0.07965015582062698, -0.49867899035853547, 0.13189721466293405, -0.2949070427910857, -0.5358678169154019, -0.11505523785212574, 0.59920201684865, 0.6917546511166325, 0.2226639482709458, 0.07852432485094624]], "inverted": false, "swapped": true, "error_lsq": 0.047495868031126064, "error_max": 0.24610299460852308, "target": "1185.xyz", "model": "11.xyz", "model_rescale": 3.890672605050136, "target_rescale": 4.228772711009407},
{"mapping": [11, 0, 4, 10, 12, 1, 6, 3, 4, 8, 7, 5, 9, 13], "R": [[-0.41935904957440573, 0.47013806879829934, 0.7766004016266388], [-0.8404126766290795, -0.5245336903060389, -0.13627523874524933], [0.3432848969896541, -0.7098130768029947, 0.6150779426205013]], "T": [-0.008939743372671765, 0.07558898534905922, -0.10033691338921463], "aligned_model": [[0.21701430513593983, -0.5636579914418168, -0.07344085190457843, 0.6533631702905751, 0.6151805271705953, -0.6235862656089599, -0.2245516804858556, -0.5274365854135311, -0.07344085190457843, -0.4110389327455739, 0.2074686442623825, 0.41828350416055327, 0.5727176389115229, 0.04564775069824936], [-0.0500380581120462, -0.10809591145270134, -0.5931983133047265, -0.5102924496138177, -0.10125653615723523, -0.07780126627853848, 0.5088650607697319, -0.2280691624307632, -0.5931983133047265, 0.486004815838, 0.028482632229112945, 0.534099028730652, 0.5561545232091247, -0.007824504927098394], [-0.5860577980637791, -0.015236597918350608, 0.09871132192742546, -0.23314617195794468, 0.2661759733763648, -0.5519776708488318, -0.41313345906054594, 0.6011015444120518, 0.09871132192742546, 0.3344804434721011, 0.7230175494840585, 0.3603376124101118, -0.2915223455668925, 0.03535282127488057]], "inverted": false, "swapped": false, "error_lsq": 0.05142783686354048, "error_max": 0.39106152764545643, "target": "1185.xyz", "model": "12.xyz", "model_rescale": 4.124412569039231, "target_rescale": 4.228772711009407},
{"mapping": [5, 8, 4, 1, 3, 0, 7, 6, 10, 9, 12, 11, 13], "R": [[0.9380304976267538, 0.27174124246319914, -0.2150708782393874], [0.2726100173828285, -0.19542501044298102, 0.9420683859019444], [0.2139686050443815, -0.9423193526814132, -0.2573940046260672]], "T": [0.050196167533751224, 0.07929312626105757, 0.02221650431033878], "aligned_model": [[-0.2532694638151895, -0.01877003020595859, 0.5627548456097118, -0.5600684417214067, 0.4819121134184513, 0.45329071731764936, -0.42999084869775944, 0.12574675138123542, 0.08606466226015819, -0.30357964644126634, 0.5853653529843782, 0.5181598607980018, 0.11968243462175211], [-0.5348210232954995, 0.46318040962760176, 0.4993073766747065, -0.09034352660660298, 0.03450361268254716, -0.5341919383179251, 0.5439010851414302, -0.5009782757628031, 0.8263062487654259, 0.18694452282922924, -0.11026376380186446, 0.5489006388892071, 0.015040009683024366], [0.32543667322573405, 0.5745586439348591, 0.21637559188345298, -0.06260083183633429, 0.6783539458637731, 0.27068159769119604, -0.07491467507472585, -0.41366952845330235, -0.1043172544595321, -0.631859598200355, -0.4359860426936501, -0.410355139073572, 0.01999469816029508]], "inverted": false, "swapped": true, "error_lsq": 0.0466168959786049, "error_max": 0.2733645739512618, "target": "1185.xyz", "model": "13.xyz", "model_rescale": 3.9028299243045295, "target_rescale": 4.228772711009407},
{"mapping": [8, 1, 6, 0, 4, 2, 12, 9, 3, 11, 7, 10, 13, 15], "R": [[0.3390550672321839, -0.8320345056773589, 0.439044693335898], [0.6614325891399481, 0.5426983050025851, 0.5176731398971228], [-0.6689907259505204, 0.11487876700920269, 0.7343393476333959]], "T": [0.030538889771149776, 0.009561400782671287, -0.020492045541055298], "aligned_model": [[0.24852843424665527, -0.6120860614958411, -0.3978644546551139, 0.4925539611117264, 0.6640171205156943, -0.24487279157142222, -0.18749792547743255, -0.30975157281603405, 0.15040651220345058, -0.5593972068289031, 0.23068062359395725, 0.46886897253942644, 0.28426309028541136, 0.0046736794733494395], [0.043596331255705834, -0.05254445341028485, -0.38876531194984276, -0.5521066655615743, -0.1844023870239502, -0.41457334835608617, 0.5338874097617922, 0.08880918866077084, -0.5845347853852764, 0.42658502913796803, -0.17453511512111783, 0.3363871837765563, 0.759720113049223, 0.0063083563610837265], [-0.7606469898362895, -0.09380500910731024, 0.29921823996339714, -0.4183456195453703, 0.12249975168933944, -0.5556629433941106, -0.4227139649651076, 0.6714383307630137, 0.12569591535613275, 0.13417981246680194, 0.843614264499357, 0.4858717052940178, -0.09490500327841264, 0.09037605496261583]], "inverted": false, "swapped": false, "error_lsq": 0.04562117394038456, "error_max": 0.25249069147423575, "target": "1185.xyz", "model": "14.xyz", "model_rescale": 3.942246331269136, "target_rescale": 4.228772711009407},
{"mapping": [1, 7, 9, 3, 4, 2, 0, 6, 10, 8, 11, 13, 12, 14], "R": [[-0.4023109369556302, 0.8540771006871017, -0.3296941250428912], [0.8788019547828481, 0.259328067315356, -0.4005696915298605], [-0.2566184605123496, -0.45088940948351935, -0.8548951433596258]], "T": [0.06427908030165022, -0.07888917572079912, 0.04263133073319954], "aligned_model": [[0.313464446066737, -0.7890102972072045, -0.45414644277867333, 0.6436490872317955, 0.5659316003492384, -0.4493689479333829, -0.37853899059527785, -0.34197621881955065, 0.1745113133891462, -0.36339683628784714, 0.11237650566383081, 0.618519066418586, 0.5458434548023947, 0.034664640825131654], [0.12965182682633292, -0.042145817263939844, -0.6932992367549917, -0.21272644947503339, -0.2608650550410646, -0.1528561288259245, 0.3457426603721939, -0.10995303349506476, -0.6559422742869814, 0.5060817236465095, 0.08848203614527028, 0.420866362220999, 0.5053964753813713, -0.024601544254709604], [-0.699701976835426, 0.00355868084992024, 0.08619232304529674, -0.3610590329422841, 0.2853111720841552, -0.5171387216794794, -0.3627295488934294, 0.4257514920593098, 0.4474264545512538, 0.31418847674583295, 0.7381775475790415, 0.36510968131028737, -0.2652359934351311, -0.03303600957127252]], "inverted": true, "swapped": false, "error_lsq": 0.049266460624367514, "error_max": 0.30592985340633394, "target": "1185.xyz", "model": "15.xyz", "model_rescale": 4.355366556412066, "target_rescale": 4.228772711009407},
{"mapping": [1, 7, 9, 0, 6, 5, 12, 3, 11, 8, 4, 13], "R": [[-0.28017140755561165, 0.11010599641594365, -0.9536145195735855], [-0.9502620967108943, 0.108965534551202, 0.2917678183669101], [0.1360365022445181, 0.9879287331752344, 0.07410052782439694]], "T": [-0.0007954006206116263, -0.0443537819485719, -0.0051389417730873105], "aligned_model": [[-0.17982636963827198, 0.4566714853879588, 0.15009286111057069, -0.6210978929520323, -0.5411652152209072, -0.6458392784507928, -0.13731080819668812, -0.08705879174805231, 0.5154283747972149, 0.33458628863450784, 0.4160234816323177, -0.06269558072404458], [-0.6418067121445683, -0.5227650203338136, -0.6201071656525065, 0.41964265207442625, -0.1438049224157944, -0.2127189125249021, 0.274755727734652, 0.604586526808389, 0.22600375107751206, 0.10449058196517552, 0.5058114668580133, 0.01868845429439741], [0.13411397973783495, 0.12798253362950135, -0.4637264156944276, 0.017580441517175693, -0.48527367121209586, 0.33653579743436907, -0.6468710588057532, 0.4311364342082095, -0.540918074270414, 0.5628153696021377, 0.015018903145132146, -0.03913577808224859]], "inverted": true, "swapped": true, "error_lsq": 0.045639005888743804, "error_max": 0.22964950894526456, "target": "1185.xyz", "model": "16.xyz", "model_rescale": 3.795458400668931, "target_rescale": 4.228772711009407},
{"mapping": [5, 2, 1, 3, 6, 7, 8, 0, 4, 10, 9, 12, 13], "R": [[-0.5342052812175871, 0.5335973495053442, -0.6556665205118452], [-0.5279033456591883, 0.3952158399760135, 0.751746298610036], [0.6602596270870075, 0.7477153926681764, 0.07056143710271526]], "T": [-0.052162078251328695, 0.08404950281794951, 0.016297425679221492], "aligned_model": [[0.4099576626840427, -0.26222846424889074, 0.26430077009085073, -0.4003432573456316, 0.6304589654353759, -0.3084207633387552, -0.6180322829130253, 0.2819907644961628, -0.6138592606027037, -0.6512461226480277, 0.22379269490450593, 0.202627103771217, -0.01036600938089835], [-0.25415562977749107, 0.23007573481300447, 0.3943310693476726, -0.6204124652077806, 0.05582525721101225, 0.6401251974081866, -0.06605146834551132, -0.6049125421569408, -0.12482785691374343, 0.5140731181477022, 0.7749030482650352, 0.008725179583473575, 0.016082623095866083], [-0.4666442708604237, -0.7216855465690376, -0.44410466261700593, -0.021176602604686078, 0.2725225746417147, -0.26828279187689924, -0.32203411570899554, 0.13570103292585117, 0.3593610411192487, 0.19379093041705442, 0.12180590651392381, 0.6957797026818724, 0.06724183277367864]], "inverted": false, "swapped": true, "error_lsq": 0.048893486687628454, "error_max": 0.34164026433980116, "target": "1185.xyz", "model": "17.xyz", "model_rescale": 3.7474275329858107, "target_rescale": 4.228772711009407},
{"mapping": [7, 3, 10, 12, 9, 11, 1, 8, 5, 0, 4, 6, 2, 13], "R": [[-0.5360655854476004, -0.23790068785424678, -0.8099610798163072], [-0.8321596847049917, -0.012392952443836036, 0.5543975774490848], [-0.1419293741633869, 0.9712104187292276, -0.19132792608866134]], "T": [-0.007198209133172345, -0.022385436230511098, -0.02252750011948698], "aligned_model": [[0.34297821678806717, -0.6815597712032575, -0.3268923974096094, 0.427886050137678, 0.6463327117600567, -0.3160884184381798, -0.3627013095698629, -0.45679028719734804, 0.17803745222640097, -0.22940553008068387, 0.1999855499645019, 0.5301097269760789, 0.2653627201148734, 0.015267667056208412], [0.013332932456214468, -0.04866128367031331, -0.6330018608108137, -0.5811049140136976, -0.07431742456979401, -0.27373474133709436, 0.44227452620808216, -0.12833491277790976, -0.6038706493132995, 0.6505035840855982, 0.008207100003633443, 0.3688294548691647, 0.6271572191235166, 0.07655251494167967], [-0.6885004356834505, -0.09418812217197475, 0.014655540080240531, -0.2628838101966699, 0.11135517194696057, -0.6251443163667613, -0.39161703085172317, 0.5283773219505041, 0.3657798953767095, 0.4213042964388777, 0.7808185079701315, 0.36894395763473764, -0.10992087820251528, 0.00783444694300801]], "inverted": true, "swapped": false, "error_lsq": 0.03953966765077745, "error_max": 0.2719993067988986, "target": "1185.xyz", "model": "18.xyz", "model_rescale": 3.922800546911778, "target_rescale": 4.228772711009407},
{"mapping": [4, 7, 9, 6, 1, 11, 13, 3, 2, 12, 0, 5, 8, 14], "R": [[-0.5022013862091848, -0.6121666072850231, -0.6107747642255021], [-0.7781700857366081, 0.011871512429454167, 0.6279413864823035], [-0.3771539279316252, 0.7906396853926457, -0.4823316312745463]], "T": [0.08678028148223577, 0.0032074021465452497, -0.013487354680881039], "aligned_model": [[0.16650846603236025, -0.7107370987778399, -0.3870815531681779, 0.6427367686076424, 0.7396100642457091, -0.38714385460547124, -0.2473422715516636, -0.29492272849405277, 0.10467391271669907, -0.3282591620896626, 0.17113210065047885, 0.3315004148807249, 0.43996921276299267, -0.008121890084814634], [-0.0828938630726821, 0.023365228579078193, -0.6488801256792608, -0.15912591992784755, -0.22060329625559147, -0.20785887531789543, 0.3906456869069592, -0.02662610373086215, -0.6659467171738679, 0.6079337264795625, -0.10796760464222063, 0.48804797377959896, 0.46220237196429514, -0.008460936714298106], [-0.7276981973654167, 0.028592441840459434, 0.10044246420230878, -0.3880912106148272, 0.254290668976009, -0.5014325898452682, -0.471818503389108, 0.49892070310823033, 0.2415450851097336, 0.27052387309844605, 0.8105075021874153, 0.5227732131344996, -0.21090024819186343, -0.0008406573825430197]], "inverted": false, "swapped": false, "error_lsq": 0.04353002434844611, "error_max": 0.36062029202193646, "target": "1185.xyz", "model": "19.xyz", "model_rescale": 3.9282355846067225, "target_rescale": 4.228772711009407},
{"mapping": [12, 5, 1, 10, 11, 2, 7, 3, 0, 6, 4, 8, 9, 13], "R": [[-0.3375866033250432, 0.18287280679631557, 0.9233595300801838], [0.3207339174779358, 0.9445927916131319, -0.06981555852220592], [-0.8849661233260384, 0.27258392206245086, -0.3775353837699655]], "T": [-0.002554300017857506, 0.10127279019135933, 0.04081181405300031], "aligned_model": [[0.4139468398129432, -0.6945401674834433, -0.3343019147160301, 0.338399396143466, 0.6192276282089134, -0.41535534572174115, -0.23099440105427027, -0.38394021251213223, 0.18961303279909425, -0.4545219964238213, 0.2167084336807221, 0.37402162214978996, 0.6102481134096336, -0.015988647168200046], [0.31509445102620487, 0.008202403162190411, -0.5698821206786062, -0.4747362164918973, -0.20968348751720134, -0.3377455006091387, 0.4004786556298481, -0.22090448827138387, -0.5817641422275853, 0.5052205455672166, 0.05267426443229335, 0.6471022099207645, 0.3678557918888328, -0.05808082063657123], [-0.6688370027183925, 0.05436225813183413, 0.07236180714038662, -0.501588914454222, 0.21418020335794205, -0.5209483192496998, -0.4555637964530976, 0.6039296135717214, 0.41058100334082553, 0.28452366519971306, 0.6315146850845228, 0.4134811024705363, -0.13760211629211613, 0.02642035573812085]], "inverted": false, "swapped": false, "error_lsq": 0.053405156421002666, "error_max": 0.3587543710651051, "target": "1185.xyz", "model": "20.xyz", "model_rescale": 4.067790424073018, "target_rescale": 4.228772711009407},
{"mapping": [0, 11, 10, 7, 8, 12, 3, 13, 1, 6, 5, 4, 2, 14], "R": [[-0.3015007478234631, 0.44698944393115303, -0.8421981572504249], [-0.543416759802998, -0.8063559525340677, -0.23342729698577935], [-0.7834510349901285, 0.38728608912145956, 0.48601847798813325]], "T": [0.019829814268125915, -0.004602348764308544, 0.035764024540733436], "aligned_model": [[0.4337845696450644, -0.621398966992292, -0.49060552688323344, 0.5153795895878097, 0.5622818152221128, -0.4055094006184602, -0.36223404919745444, -0.38893196916776673, 0.23521439088911272, -0.2262491214822356, 0.2234695356573684, 0.5121712995423974, 0.27567480587533033, -0.030524590952828844], [0.11173861483854985, 0.055721648433062994, -0.6370511783225825, -0.49205309487397136, -0.11736253910944967, -0.24179968432379262, 0.508510810680695, -0.26742770605271093, -0.7461128944695685, 0.636636234646613, -0.053676799532906154, 0.5018373504113621, 0.6486674583873483, -0.06379667551768176], [-0.5295361348522534, -0.020971497176781456, 0.13945135282984084, -0.23531926064396777, 0.17066718558374558, -0.5557068903661887, -0.5250274754741479, 0.5397086058646423, 0.31339092532757107, 0.31110951518929253, 0.5876595608627426, 0.41469830342436687, -0.21223563447612606, 0.028925988775338744]], "inverted": false, "swapped": false, "error_lsq": 0.04143864812464356, "error_max": 0.2863511831665696, "target": "1185.xyz", "model": "21.xyz", "model_rescale": 4.186013935880536, "target_rescale": 4.228772711009407},
{"mapping": [6, 12, 0, 2, 7, 5, 1, 9, 3, 4, 10, 8, 13], "R": [[-0.13176065407984194, -0.7609781638977972, -0.6352569276341582], [0.9870178101451684, -0.16008789505206467, -0.012950224478205097], [-0.09184210631670531, -0.6287162316407435, 0.7721922866610198]], "T": [-0.03430463030408198, -0.02604161660896373, -0.02121201352642154], "aligned_model": [[-0.13867894157138094, -0.4365116672411738, 0.39732994651627396, 0.3624066975525387, -0.24970057387947447, 0.5812115417462459, 0.09402714493857686, -0.5755757991841814, 0.4630924590025766, -0.17210024022908688, -0.5119070846618797, 0.2634374688894192, -0.018456916455228636], [-0.28564105894619496, 0.22561651502176208, 0.244755909974725, -0.3777903239370024, -0.3526821835759564, -0.3608205893278986, -0.6460807449596961, -0.5471458083390122, 0.5829173604805226, 0.6196134341240943, 0.17473060994318274, 0.22534711936787036, 0.016136419719696794], [-0.6951063353384803, -0.5754548573499341, -0.6051164019711301, 0.5523412826269667, 0.5290471249926846, -0.28622697593879437, 0.06525128847878345, -0.027347216284892777, 0.00459884537826722, 0.18119363278076053, 0.5327846966197652, 0.5313827455493668, -0.10446826820801738]], "inverted": false, "swapped": true, "error_lsq": 0.05363961095433848, "error_max": 0.3953968145597168, "target": "1185.xyz", "model": "22.xyz", "model_rescale": 4.166573947596378, "target_rescale": 4.228772711009407},
{"mapping": [12, 3, 2, 6, 5, 11, 9, 4, 1, 8, 0, 7, 10, 15], "R": [[0.3419872134873644, -0.9146553641613455, -0.21552334124642877], [0.2707195028789937, 0.3155252708827937, -0.9094804858793235], [0.8998642656379341, 0.2526843252859512, 0.35552065366541685]], "T": [0.01827789448980917, 0.05022531886301304, -0.08702034296721267], "aligned_model": [[0.15084415706569243, -0.5715672819842477, -0.21876967347017973, 0.36873421238814097, 0.7698070457771334, -0.46304439926189545, -0.3198801492674976, -0.4054978997402032, 0.23469669170233465, -0.3993081572724096, 0.15062651085679873, 0.43387765010838336, 0.4457593254978024, 0.05624434872507153], [-0.16103462006023025, -0.06583920784083785, -0.574221303313358, -0.6123844148300632, -0.07889441134563499, -0.13304799718065433, 0.4701917293279372, -0.1254712708231758, -0.46948704054939605, 0.5381001828698183, -0.010703705440510303, 0.39343596216369936, 0.6651354835454563, 0.008052158671917636], [-0.6929714791671759, -0.08082797287457527, -0.005263962385225224, -0.21830759302295066, 0.2440295191948877, -0.6843754037060998, -0.35107813551560985, 0.48691196833958156, 0.35019931413229616, 0.40458839034126803, 0.7164267682860288, 0.38295087434840785, -0.07772794727785273, -0.04773979582490549]], "inverted": true, "swapped": false, "error_lsq": 0.04331385339938125, "error_max": 0.309448349284044, "target": "1185.xyz", "model": "23.xyz", "model_rescale": 4.274766983524099, "target_rescale": 4.228772711009407},
{"mapping": [1, 0, 6, 9, 12, 11, 7, 4, 8, 3, 13], "R": [[-0.1673980162762716, -0.9689261959474982, -0.18209868465609336], [0.45465620656810796, 0.0880219451654769, -0.8863068717991436], [0.8747946261699754, -0.23115830933798598, 0.4257936096844772]], "T": [0.021294400164326113, 0.04948125038991452, -0.02262999347458341], "aligned_model": [[0.18024362730678967, 0.11433039279096684, -0.3941509223800434, -0.4512832735984132, -0.6008346281644252, -0.5698789127546751, 0.10163255891486155, -0.006340090432879114, 0.5473117263856578, 0.4643199380735944, -0.0054557121833595686], [-0.23874290778796065, 0.8148691745897942, 0.4147874369990911, -0.4142819146415498, 0.41947489764730533, -0.097406861708011, -0.6202156738880982, 0.11925597043907255, -0.1403566501965978, 0.5179281065496754, 0.1402749532407621], [-0.5704031633633432, -0.10079438895420567, -0.4984198612585925, -0.37781412407917575, 0.06873531070076558, 0.48291669814435334, -0.05306684420169005, 0.6638056871832873, 0.3574686331765504, 0.4281327117043686, -0.020994225030740485]], "inverted": false, "swapped": true, "error_lsq": 0.05665211534881177, "error_max": 0.2890570979263156, "target": "1185.xyz", "model": "24.xyz", "model_rescale": 3.7841303162186577, "target_rescale": 4.228772711009407},
{"mapping": [14, 3, 5, 9, 8, 13, 11, 4, 2, 6, 1, 0, 7, 15], "R": [[-0.4734130928481279, 0.4378663877259667, -0.7642990710577785], [0.8798062404808717, 0.2770941062440932, -0.3862121638370567], [0.04267344292278463, -0.8552729872880357, -0.5164175582651263]], "T": [0.1298265615624351, 0.026244547264351187, -0.02733215916799081], "aligned_model": [[0.2763568884847731, -0.6727268687406728, -0.418841971103291, 0.4377763368684055, 0.516029341537164, -0.3544986896788874, -0.25797579127587167, -0.29420809004798076, 0.18488477842869847, -0.40037553150391714, 0.30936719183572614, 0.583336498608843, 0.25276643814404576, 0.07063184956788926], [-0.2631831659099224, -0.04382411077280307, -0.6439986882371774, -0.39928503313823205, -0.1725424963450392, -0.042736836412230805, 0.5485860695784104, -0.17523177869392517, -0.6692612097570082, 0.4197451655971942, 0.10250597133759032, 0.4620771819355626, 0.6646912389136942, 0.05628923709885435], [-0.7512516467142955, -0.027844314162101813, 0.11078225706204797, -0.2846883726494751, 0.373652762832441, -0.6377996988350351, -0.4350038878448643, 0.5525870137952271, 0.25908250985731385, 0.26604380461015864, 0.6902929177925307, 0.3543858007281957, -0.03611673476197089, -0.007307866842096979]], "inverted": false, "swapped": false, "error_lsq": 0.03868899892973987, "error_max": 0.2597610971979072, "target": "1185.xyz", "model": "25.xyz", "model_rescale": 4.19342608120988, "target_rescale": 4.228772711009407},
{"mapping": [1, 7, 9, 0, 6, 5, 12, 3, 11, 8, 4, 13], "R": [[-0.28017140755561165, 0.11010599641594365, -0.9536145195735855], [-0.9502620967108943, 0.108965534551202, 0.2917678183669101], [0.1360365022445181, 0.9879287331752344, 0.07410052782439694]], "T": [-0.0007954006206116263, -0.0443537819485719, -0.0051389417730873105], "aligned_model": [[-0.17982636963827198, 0.4566714853879588, 0.15009286111057069, -0.6210978929520323, -0.5411652152209072, -0.6458392784507928, -0.13731080819668812, -0.08705879174805231, 0.5154283747972149, 0.33458628863450784, 0.4160234816323177, -0.06269558072404458], [-0.6418067121445683, -0.5227650203338136, -0.6201071656525065, 0.41964265207442625, -0.1438049224157944, -0.2127189125249021, 0.274755727734652, 0.604586526808389, 0.22600375107751206, 0.10449058196517552, 0.5058114668580133, 0.01868845429439741], [0.13411397973783495, 0.12798253362950135, -0.4637264156944276, 0.017580441517175693, -0.48527367121209586, 0.33653579743436907, -0.6468710588057532, 0.4311364342082095, -0.540918074270414, 0.5628153696021377, 0.015018903145132146, -0.03913577808224859]], "inverted": true, "swapped": true, "error_lsq": 0.045639005888743804, "error_max": 0.22964950894526456, "target": "1185.xyz", "model": "26.xyz", "model_rescale": 3.795458400668931, "target_rescale": 4.228772711009407},
{"mapping": [9, 12, 11, 7, 8, 5, 6, 1, 0, 4, 2, 3, 13], "R": [[0.8329166826851022, 0.46161955300862195, 0.3052166246864106], [0.4761800017687336, -0.8788451416124177, 0.029729160428421372], [0.2819617094932821, 0.12057613919996792, -0.9518187795138613]], "T": [-0.0894273006423537, -0.07708264075411912, -0.07573929512558059], "aligned_model": [[-0.12196702614004837, 0.4339098327618649, 0.6485274515922278, -0.26356824787141137, -0.16973912444988304, -0.7069730360020331, -0.1259716225758627, -0.6462691629499856, -0.09405757494793406, 0.4548243058685486, -0.6861881428252371, 0.0346541595230294, -0.057505429162019187], [-0.7161877672288415, -0.45438025893950645, -0.2270391553074123, -0.11029400922446679, 0.545013845798209, -0.06092335824708846, -0.655156557376775, -0.3341670483187736, 0.031121448299687007, 0.34368968151883444, 0.24617097712784802, 0.6003427638879187, -0.08630905873271856], [-0.4695000107773678, 0.2649250526113759, -0.3198197904290726, -0.7272349033406584, -0.32823403634244075, 0.34798961734157247, 0.36801117951058426, -0.2552614820145846, 0.6916292465984151, -0.13546334328097212, -0.46233211715997974, 0.3045233944125927, 0.012903854969961936]], "inverted": false, "swapped": true, "error_lsq": 0.04741340206620201, "error_max": 0.33068274138239157, "target": "1185.xyz", "model": "27.xyz", "model_rescale": 3.6321398670334006, "target_rescale": 4.228772711009407},
