[{"mapping": [6, 12, 0, 2, 5, 1, 8, 11, 4, 9, 7, 13], "R": [[0.8442482683451095, 0.2975445807307121, -0.4457713358596189], [0.32767593167190445, -0.9447371645036431, -0.010008686655410229], [-0.4241147783315665, -0.1376187214131911, -0.8950909128783316]], "T": [-0.04789900807349175, 0.009163934220001793, -0.07699804816223457], "aligned_model": [[0.4575592470758319, -0.43919143711028014, 0.16169379362557035, 0.6763721807573424, -0.3827600467189818, -0.3108014229185389, 0.07865112403936762, -0.47876251591092217, 0.7276539727255904, 0.06464589592107063, 0.18017314521061756, -0.04034540445348549], [0.4284531097146654, -0.2823506151072736, -0.6972700529520617, -0.24427961253987435, 0.32316317994894156, -0.4458195633904643, 0.7748602973266603, 0.5447211943037665, 0.5104526956112625, -0.1313166726049153, 0.4490979926468741, 0.11429433231919883], [-0.46847579184897314, 0.2344972334755638, 0.15198735273648045, -0.02744142352890852, -0.6783912796842714, -0.3155697367461099, 0.013959498034627107, 0.04381958146554871, 0.16923634888162845, 0.633172364805797, 0.493822063263318, 0.04722113201238823]], "inverted": true, "swapped": false, "error_lsq": 0.052568551384217226, "error_max": 0.26166795264068765, "target": "1186.xyz", "model": "0.xyz", "model_rescale": 3.8414455957264533, "target_rescale": 4.0464069696519385},
{"mapping": [1, 6, 8, 13, 5, 10, 4, 2, 0, 9, 7, 14], "R": [[-0.6579427665012353, 0.745850037540164, 0.10401460238849751], [-0.7434013535306849, -0.6653315641944094, 0.06847143386381066], [0.12027361962395063, -0.032274311579903125, 0.9922160174249339]], "T": [0.10800286121457976, 0.09620094823632575, -0.02002239207577487], "aligned_model": [[0.49995425367901, -0.6164428210984857, 0.11876226610754113, 0.6908121559069409, -0.4531959636417154, -0.19465682561699255, 0.054882556271214994, -0.47735169834603824, 0.67084124165379, 0.06687080524509655, 0.20761501034769073, 0.12679755173513033], [0.4136078598916349, -0.1599010846322088, -0.6779876134805084, -0.24580343076803574, 0.19081089734878498, -0.2987494441715566, 0.6356495181899992, 0.481297745056177, 0.5372664685359774, -0.08421479680530736, 0.4507747757587214, 0.10125539035310192], [-0.7229625385657693, 0.12003965104156518, 0.13751713824515774, 0.3237992643121897, -0.3523289094529471, -0.4899081249026659, -0.06463974773309086, 0.21163516618450676, 0.09910583218082758, 0.6366875841741959, 0.5065797563402025, -0.1076877289570836]], "inverted": false, "swapped": false, "error_lsq": 0.051334674198010875, "error_max": 0.2953636406356338, "target": "1186.xyz", "model": "1.xyz", "model_rescale": 4.316132596720782, "target_rescale": 4.0464069696519385},
{"mapping": [9, 4, 3, 10, 0, 5, 1, 2, 8, 6, 8, 11], "R": [[0.6173592024813781, 0.7270849734998539, 0.300358213508926], [0.7830357791051064, -0.6046603874573504, -0.14574218497465258], [0.07564776105619869, 0.32516650680942477, -0.9426262032728245]], "T": [0.11767532644851052, 0.03620132524932873, -0.08804472356452389], "aligned_model": [[0.444084475716463, -0.5500211714947091, 0.0884585083817264, 0.6824369530200404, -0.4584324049353451, -0.14079777700410162, 0.20385760631595512, -0.3796286002099459, 0.3314930453737323, 0.0904960512742909, 0.3314930453737323, 0.05144880043134352], [0.14347367161034735, -0.19513349663406018, -0.6093050850726092, 0.06127352022581543, 0.25368596495611073, -0.31857686590719114, 0.5515972429810955, 0.6148140554784183, 0.5441885394074197, -0.23076626876323486, 0.5441885394074197, -0.01543353241275193], [-0.7452366409009937, 0.22016838121086343, 0.028079609003847095, 0.19061544362955177, -0.4411939440334405, -0.5603623833955758, -0.2347993692391551, 0.25637001870403964, 0.44418369463428664, 0.6891846851351578, 0.44418369463428664, 0.006644153484221274]], "inverted": false, "swapped": false, "error_lsq": 0.05382549464561671, "error_max": 0.3450375046218337, "target": "1186.xyz", "model": "2.xyz", "model_rescale": 3.795458400668931, "target_rescale": 4.0464069696519385},
{"mapping": [2, 7, 8, 6, 0, 1, 10, 4, 5, 3, 5, 11], "R": [[0.6000631337466019, -0.08715483015828368, -0.79519071366452], [0.29300851175885373, -0.901018303048687, 0.3198625167288694], [-0.7443589507455859, -0.424935351731702, -0.5151307594131661]], "T": [0.007721786239372801, 0.09219466289766788, -0.01821632634463082], "aligned_model": [[0.5147140675254216, -0.6605041074855451, 0.16072788464020804, 0.502076142472391, -0.5505380603138383, -0.053375020815407015, 0.20388614753098827, -0.35421900641981535, 0.27895991201956155, 0.49759938787909286, 0.27895991201956155, -0.12339872680943625], [0.19725624612234782, -0.20251982207484043, -0.6320629481595604, -0.22858545808552383, 0.2756747193170403, -0.34481186215530546, 0.781360075577637, 0.6031949565479601, 0.47327808983200725, -0.171750865348695, 0.47327808983200725, 0.11969506387170491], [-0.5835889484812797, 0.20521112031064453, 0.2319895562983753, -0.015025546447655459, -0.5348292924986656, -0.4671721361839594, -0.1781579179487639, 0.11901448587387255, 0.5062166211219206, 0.5539923061194674, 0.5062166211219206, -0.046029526418788005]], "inverted": true, "swapped": false, "error_lsq": 0.05899406621055678, "error_max": 0.4278483067910623, "target": "1186.xyz", "model": "3.xyz", "model_rescale": 3.7530521520055578, "target_rescale": 4.0464069696519385},
{"mapping": [7, 1, 9, 2, 10, 5, 6, 4, 0, 3, 11], "R": [[0.6739816361298355, -0.41783122234430214, 0.6092338006004072], [0.11153484689276866, -0.7576779677759148, -0.6430272739748811], [0.7302798998249622, 0.5013393728615644, -0.46405829496994955]], "T": [-0.03383251786996313, 0.006218994356370036, -0.031066948274027624], "aligned_model": [[-0.555327347995252, -0.23936207624442496, 0.5249616223883352, 0.4877466240148245, 0.21766782840366986, -0.24508602628268913, -0.21490350649968987, -0.7574262994876139, -0.22774543606452743, 0.4719954691820777, -0.12432124896950475], [-0.7073984506215009, -0.09292942061190902, -0.26866115320841233, 0.5007223719826576, -0.6750471155047814, 0.6011235066064736, -0.3735742463907784, 0.1160428310171031, 0.2724653057438658, 0.14014375520069705, -0.04568402589906852], [-0.15936109294576045, -0.7023443824628849, -0.29651058668781766, -0.2338512749163092, 0.04269672784095024, -0.0890218163908382, 0.4923232850734374, 0.009313295633630946, 0.725370533577882, 0.3163640767877191, -0.012147988264692721]], "inverted": false, "swapped": true, "error_lsq": 0.053695921607301904, "error_max": 0.2783479539032611, "target": "1186.xyz", "model": "4.xyz", "model_rescale": 3.7855080009869324, "target_rescale": 4.0464069696519385},
{"mapping": [13, 3, 7, 6, 9, 10, 12, 2, 11, 4, 1, 16], "R": [[0.447292881792568, -0.236234178063445, -0.8626253480001549], [-0.2941646488867466, 0.8719701112535791, -0.3913250367990243], [0.8446278690897175, 0.4287907860426915, 0.3205342798545172]], "T": [0.030995994612944548, 0.08291233050971697, -0.06056828958814295], "aligned_model": [[0.5824219331570633, -0.6465759883224964, 0.22150688200000815, 0.63458127474189, -0.5916406860027057, -0.2699538217666929, 0.24081436919939714, -0.540026145978783, 0.6907613232975818, 0.2747241135826328, 0.10058633943277423, -0.0023110610974866053], [0.3445007824916009, -0.006719561507467275, -0.6240949710024906, -0.12333113383835284, 0.13272541817295164, -0.4831742096174652, 0.7295030938657987, 0.5184201986661796, 0.47399560520618333, -0.19729292247840519, 0.46184043086833326, 0.11763355444991297], [-0.4509124389818002, 0.06303970883264871, 0.09822638686962884, 0.07808779968431345, -0.40226441116171596, -0.4068911320085975, -0.029553818148971428, 0.11278770052049422, 0.14966922280838615, 0.5790272107765077, 0.5911023462823383, -0.08448123260614374]], "inverted": true, "swapped": false, "error_lsq": 0.048044440207092066, "error_max": 0.252030023506322, "target": "1186.xyz", "model": "5.xyz", "model_rescale": 4.2253639853439635, "target_rescale": 4.0464069696519385},
{"mapping": [0, 5, 3, 7, 1, 4, 9, 8, 12, 6, 11, 13], "R": [[0.954741975669559, -0.24677426147726725, 0.16604283714432358], [0.260708453503363, 0.9630340623116593, -0.06779747118726384], [-0.14317423709058788, 0.10801786287393564, 0.9837851793626877]], "T": [-0.08030647071386732, 0.09477666160653178, 0.005210516252261026], "aligned_model": [[0.48162213083013006, -0.4887978538901706, 0.287045885906503, 0.6819242496211081, -0.3952661701365441, -0.22142269969074996, 0.05120001881678593, -0.5320316917351811, 0.6667126593452727, 0.17754755587623278, 0.03975401750966845, -0.05339957020987281], [0.15994221931466607, 0.016946224108133748, -0.5105950865058007, -0.10719799017465886, 0.22140809802764955, -0.40266076172989185, 0.6341841497828936, 0.6745403512637514, 0.48331562938765693, -0.250125986792199, 0.38417447920599823, 0.040074959388580335], [-0.5631664239749042, 0.48251385724224755, -0.034623707365386946, 0.0923987324423113, -0.6455357084834403, -0.47806324880258805, -0.24844679666415245, 0.08059794522409469, 0.4081294340388237, 0.482988113280337, 0.7175223659005596, 0.0035227800291867933]], "inverted": false, "swapped": false, "error_lsq": 0.05107940377215206, "error_max": 0.33747806409505027, "target": "1186.xyz", "model": "6.xyz", "model_rescale": 3.89814844738969, "target_rescale": 4.0464069696519385},
{"mapping": [11, 0, 3, 8, 4, 7, 10, 2, 9, 6, 5, 12], "R": [[-0.7257050978136489, 0.12065670964764261, 0.6773433910685825], [0.23316177663842877, 0.9693741078438415, 0.07713251556100024], [-0.6472925898865937, 0.21390604820565723, -0.731612264535625]], "T": [-0.018867398719057654, 0.06679760199040381, -0.004803663374501294], "aligned_model": [[0.4997635385588475, -0.4523575179026138, 0.06074448123484259, 0.5933911980743032, -0.35547951958080115, -0.1573865656754637, 0.04439410021760824, -0.5247768830044699, 0.684242750249643, 0.2495366383541812, 0.10479777758137693, -0.051981465864270854], [0.22280132018177895, -0.2405087720299346, -0.7119619666670111, -0.21532400306394434, 0.2987247925799521, -0.4127672656111379, 0.7960746501421219, 0.5586300401702514, 0.527357370285502, -0.18100592580585995, 0.47660710848528487, 0.2253789366097761], [-0.6064889299646993, 0.25722590847762183, 0.19413708022678872, -0.061668265095757416, -0.5031989349596883, -0.4315408866090991, -0.060090486791382194, 0.05605922338829454, 0.29763095316234794, 0.5643435368490368, 0.6427607709344194, -0.05133262675079464]], "inverted": false, "swapped": false, "error_lsq": 0.044157774289801444, "error_max": 0.24790389108509012, "target": "1186.xyz", "model": "7.xyz", "model_rescale": 3.7474275329858107, "target_rescale": 4.0464069696519385},
{"mapping": [10, 4, 9, 7, 12, 11, 0, 1, 6, 8, 3, 14], "R": [[-0.8893723737425405, -0.34229234095166094, 0.30307215997084036], [-0.37734078049060293, 0.17529839727038687, -0.9093318466287079], [0.2581292625842745, -0.9230961083442315, -0.28506641078428224]], "T": [-0.05205627022442019, 0.10887975114055305, 0.01827134497895187], "aligned_model": [[0.3990839751680302, -0.6285389375888703, 0.24618205603218432, 0.5617978497722819, -0.3419569098491274, 0.07156592202126133, 0.1591524760697156, -0.4734047183779826, 0.6858365023939549, -0.11354870280403304, 0.23869469344473945, -0.10997567403897199], [0.29771127930379887, -0.24802167102985678, -0.5882167591144696, -0.14184393190237377, 0.12825894943619512, -0.3233972991013586, 0.7329995972990031, 0.7300599608069172, 0.4419231573851022, -0.2168532007453668, 0.42097735164633965, 0.11040885129284886], [-0.5614514272553591, 0.40880297612633193, 0.09210085283540852, -0.13728695935894444, -0.525993925471, -0.41107008210256146, 0.009410151663528831, 0.055720676178441605, 0.1256698741697174, 0.614364492605773, 0.5946336458528012, 0.03293706762295155]], "inverted": false, "swapped": false, "error_lsq": 0.0493495020091988, "error_max": 0.27327805534653854, "target": "1186.xyz", "model": "8.xyz", "model_rescale": 4.019505241142653, "target_rescale": 4.0464069696519385},
{"mapping": [4, 1, 7, 8, 2, 0, 5, 6, 11, 9, 11, 12], "R": [[0.5699454694438786, -0.5218774794983321, 0.6346700388807285], [0.7777763042626991, 0.59175722344734, -0.21186648867943386], [-0.26500223091109043, 0.6143836626167425, 0.7431732857966453]], "T": [-0.08423202494120452, 0.14445096182902586, 0.025411343505577246], "aligned_model": [[0.45625724848968785, -0.566606463112296, 0.38321922695286414, 0.5283158839403699, -0.4883500718312244, -0.11095477880681409, 0.2360507859485662, -0.4027067692251949, 0.295661622881694, 0.1245351102821235, 0.295661622881694, -0.05619488615828799], [-0.05349256501253913, -0.2877971306478072, -0.6093079335180623, -0.057316108939149124, 0.2911480346185561, -0.3164197964171005, 0.6686961516445036, 0.7731927454973012, 0.457988346731778, -0.15273397410024445, 0.457988346731778, 0.17206016868776544], [-0.5714842727714983, 0.21719713578388955, -0.1560296795942214, 0.2259407425086726, -0.380963772894821, -0.43233325415841334, -0.24497841433639192, 0.20238434904534844, 0.4057068188995721, 0.6045809719718868, 0.4057068188995721, 0.02210989951349307]], "inverted": false, "swapped": false, "error_lsq": 0.06016784873755988, "error_max": 0.37464550753372217, "target": "1186.xyz", "model": "9.xyz", "model_rescale": 3.877068213659057, "target_rescale": 4.0464069696519385},
{"mapping": [13, 1, 12, 10, 4, 3, 2, 7, 9, 11, 8, 15], "R": [[-0.1846719436768679, -0.7504987153012481, -0.6345454684652506], [0.963321539046573, -0.010318806518641144, -0.2681513278747152], [0.19469947515992397, -0.6607913441951305, 0.7248771715326972]], "T": [0.11178097402964303, 0.03150452379311393, -0.03994159474179802], "aligned_model": [[0.43060793438396006, -0.704569820372552, 0.13379323706183605, 0.7808624167374302, -0.394412063180247, -0.1455951909492033, 0.14701567060816306, -0.4663649152282987, 0.48140025447154666, 0.37481631421632255, -0.022777437328823827, 0.080112131823049], [0.25314386814154516, -0.0004992618730900594, -0.6961581501658949, -0.10156450158624881, 0.2693837890793442, -0.2988423089546679, 0.6750267740942618, 0.5896969901067783, 0.49187803506083294, -0.2257598794603145, 0.4059989598318005, -0.0182980289975671], [-0.7084203650491996, 0.2523831363114804, 0.12803968075209976, 0.15456659780682153, -0.4210882121635997, -0.5167956840841417, -0.19803330064021485, 0.10307962991251947, 0.255156899914298, 0.5998104766852818, 0.621096140275538, 0.028042343146205392]], "inverted": true, "swapped": false, "error_lsq": 0.0466690463850167, "error_max": 0.23621129633757587, "target": "1186.xyz", "model": "10.xyz", "model_rescale": 4.260839863003843, "target_rescale": 4.0464069696519385},
{"mapping": [7, 2, 9, 10, 1, 8, 0, 3, 6, 4, 5, 11], "R": [[0.4561676712638444, 0.873641518960486, 0.16929722987141893], [0.18207955404991355, 0.094588456983835, -0.9787236892005844], [-0.8710672142209841, 0.47728767023026264, -0.11592406202105807]], "T": [0.05369489854554276, 0.07179923292812915, 0.010278372033074416], "aligned_model": [[0.3686501219132077, -0.5866007169678968, 0.12679006326994138, 0.625473680627703, -0.46449652750447246, -0.0276192219531474, 0.18024901104378824, -0.4309835206657694, 0.6611699539581286, -0.00029232780154683086, 0.19831232741897784, 0.04423568890426897], [0.2628172653013707, -0.15786902194780936, -0.700397629410391, -0.1736169427350211, 0.3068194943659641, -0.4705165289224462, 0.8908255100340357, 0.517765655402382, 0.63629774433438, -0.263534844553166, 0.3902670840598237, 0.10514849934765716], [-0.5318663944859107, 0.09763478907243929, 0.19494662551934333, 0.08885137710298265, -0.43638007222073655, -0.45328935259267816, -0.27819048846117084, 0.2749174685194149, 0.13506147315590394, 0.6589225691645512, 0.5884435122045443, -0.041214164111594745]], "inverted": false, "swapped": false, "error_lsq": 0.048089779897983805, "error_max": 0.3166618184733927, "target": "1186.xyz", "model": "11.xyz", "model_rescale": 3.890672605050136, "target_rescale": 4.0464069696519385},
{"mapping": [12, 8, 9, 11, 7, 5, 4, 3, 2, 6, 0, 13], "R": [[-0.1098336067912754, 0.9929571523916292, -0.044414776072011955], [0.9939479139961793, 0.10963238025788302, -0.006948774110232484], [-0.002030537333713587, -0.04490918295068835, -0.9989890100520818]], "T": [0.14503116683555758, 0.054045504830229685, 0.15285888677904513], "aligned_model": [[0.23616548668003615, -0.5554621153389973, 0.367444272581813, 0.6801271172658112, -0.3653872901094559, -0.19894382336468366, 0.2434896905111072, -0.5147178940701708, 0.7088636818371891, 0.09963491666723306, -0.10825271075816786, 0.10192720034146843], [0.07539448454692962, -0.05028260021157831, -0.6397087503677634, -0.04352257458401863, 0.22918507115487963, -0.3938863420201459, 0.726012398298425, 0.6988207050250526, 0.486601061830382, -0.33351530836636223, 0.4455423755799399, 0.14336576439103946], [-0.5863101761264671, 0.28558361682148337, -0.12110800868167321, 0.23601511088650956, -0.5072648148056552, -0.38194056023732514, -0.019835806316822552, 0.1074796641130393, 0.1763688591718672, 0.5768802783226896, 0.5151736909086684, 0.016795488810774223]], "inverted": false, "swapped": false, "error_lsq": 0.05398995097159757, "error_max": 0.287734946453597, "target": "1186.xyz", "model": "12.xyz", "model_rescale": 4.124412569039231, "target_rescale": 4.0464069696519385},
{"mapping": [2, 0, 5, 10, 1, 4, 8, 6, 11, 7, 9, 12], "R": [[-0.832494834995769, -0.1155765683164976, 0.541843525901666], [0.33895660199011873, -0.8798592403502565, 0.33310079426140904], [0.43824738638431104, 0.46096613110558493, 0.7716537139811284]], "T": [-0.10072379778689583, 0.056099349843458546, 0.15714321936615702], "aligned_model": [[0.34575750305533925, -0.5385277653202338, -0.01164005795983944, 0.6178007414064393, -0.45011037839627593, 0.03083484096352407, 0.13266230410364432, -0.4445384641668277, 0.7463258444919703, 0.22032198020355792, 0.03991435742208488, 0.006087626439799543], [0.2588376868936181, -0.30164518945443086, -0.6899365537946872, -0.08585025946223629, 0.3952337188268848, -0.40222684681744947, 0.7032477068754489, 0.6297638991228721, 0.5435480467329218, -0.20138673024623766, 0.4519688127926748, 0.042451993807401174], [-0.5513390516451099, 0.026323022115754796, 0.2532702023285534, 0.06668622796981871, -0.4953758960419903, -0.46808128253216896, -0.04688141721868344, 0.17484279185203722, -0.03114786579855236, 0.630121233136978, 0.6389622202410767, 0.10045715845937442]], "inverted": true, "swapped": false, "error_lsq": 0.054947725454246726, "error_max": 0.3378104242930401, "target": "1186.xyz", "model": "13.xyz", "model_rescale": 3.9028299243045295, "target_rescale": 4.0464069696519385},
{"mapping": [4, 12, 2, 3, 13, 8, 10, 14, 7, 6, 9, 15], "R": [[-0.6952373960583655, -0.718554556607996, -0.018008672906951517], [-0.12134802494718044, 0.09264170726116805, 0.9882773754959457], [-0.7084628571515954, 0.6892727060123751, -0.15160315558383308]], "T": [0.04538275719401142, -0.027842493485202666, 0.010161159419835938], "aligned_model": [[0.48923376024171783, -0.6308740473949361, 0.11455359699661924, 0.6522441980976273, -0.5367100290489893, -0.1800050026121465, 0.10688467870550901, -0.46022680163958085, 0.5935885999544018, 0.3539251262550927, 0.11231156950354201, 0.07996288318432554], [0.19561676518376164, -0.17298446005973084, -0.7565845709220822, -0.15661410023142558, 0.3527044496386927, -0.5477540261837066, 0.6819114366135924, 0.6664616760702633, 0.6531265296657596, -0.09353860150120664, 0.4685946723731043, 0.05306651462975759], [-0.45073527221244547, -0.06632957692719219, 0.08953463767149908, 0.07201995086078017, -0.37584837942363974, -0.5146240494554501, -0.20851548407160428, 0.22311971627291868, 0.24760483549768922, 0.5974378319813826, 0.6016982511571756, 0.08247488151597525]], "inverted": false, "swapped": false, "error_lsq": 0.05067978431008588, "error_max": 0.3165172705413546, "target": "1186.xyz", "model": "14.xyz", "model_rescale": 3.942246331269136, "target_rescale": 4.0464069696519385},
{"mapping": [8, 3, 10, 6, 12, 13, 0, 1, 7, 9, 2, 14], "R": [[0.18994988197679175, -0.957315489747479, -0.21786715086618097], [0.8319893357963842, 0.03913708020964101, 0.5534094633033982], [-0.5212607672346865, -0.2863832083803247, 0.803910362229333]], "T": [0.02659921382141036, -0.043800988359551415, 0.023761899827054046], "aligned_model": [[0.5362713215112531, -0.680321345310154, 0.1629271902797829, 0.5784958406529757, -0.5411005770604712, -0.24259467631680895, 0.16249938546615803, -0.599545537767151, 0.7061627981720126, 0.4739971111590074, 0.12989224703907062, 0.008204774417507752], [0.27580533172301624, -0.1093133317319916, -0.6820563032469452, -0.13323246063308264, 0.24366988887975422, -0.27933628626193857, 0.6765387885430312, 0.46681269531714603, 0.41558612799653255, -0.14295403810409646, 0.5604624834871962, 0.052023389308157975], [-0.4629896477760982, 0.1356519639239807, 0.31193780426030254, 0.009566323144527912, -0.48922318800170556, -0.7062981110347943, -0.03419698238372645, 0.08587350808856145, 0.2648766448752213, 0.6857030605933371, 0.4785630921296869, 0.018372875047795438]], "inverted": true, "swapped": false, "error_lsq": 0.055504051567945016, "error_max": 0.3254246268726879, "target": "1186.xyz", "model": "15.xyz", "model_rescale": 4.355366556412066, "target_rescale": 4.0464069696519385},
{"mapping": [9, 4, 3, 10, 0, 5, 1, 2, 8, 6, 8, 11], "R": [[0.6173592024813781, 0.7270849734998539, 0.300358213508926], [0.7830357791051064, -0.6046603874573504, -0.14574218497465258], [0.07564776105619869, 0.32516650680942477, -0.9426262032728245]], "T": [0.11767532644851052, 0.03620132524932873, -0.08804472356452389], "aligned_model": [[0.444084475716463, -0.5500211714947091, 0.0884585083817264, 0.6824369530200404, -0.4584324049353451, -0.14079777700410162, 0.20385760631595512, -0.3796286002099459, 0.3314930453737323, 0.0904960512742909, 0.3314930453737323, 0.05144880043134352], [0.14347367161034735, -0.19513349663406018, -0.6093050850726092, 0.06127352022581543, 0.25368596495611073, -0.31857686590719114, 0.5515972429810955, 0.6148140554784183, 0.5441885394074197, -0.23076626876323486, 0.5441885394074197, -0.01543353241275193], [-0.7452366409009937, 0.22016838121086343, 0.028079609003847095, 0.19061544362955177, -0.4411939440334405, -0.5603623833955758, -0.2347993692391551, 0.25637001870403964, 0.44418369463428664, 0.6891846851351578, 0.44418369463428664, 0.006644153484221274]], "inverted": false, "swapped": false, "error_lsq": 0.05382549464561671, "error_max": 0.3450375046218337, "target": "1186.xyz", "model": "16.xyz", "model_rescale": 3.795458400668931, "target_rescale": 4.0464069696519385},
{"mapping": [11, 0, 3, 8, 4, 7, 10, 2, 9, 6, 5, 12], "R": [[-0.7257050978136489, 0.12065670964764261, 0.6773433910685825], [0.23316177663842877, 0.9693741078438415, 0.07713251556100024], [-0.6472925898865937, 0.21390604820565723, -0.731612264535625]], "T": [-0.018867398719057654, 0.06679760199040381, -0.004803663374501294], "aligned_model": [[0.4997635385588475, -0.4523575179026138, 0.06074448123484259, 0.5933911980743032, -0.35547951958080115, -0.1573865656754637, 0.04439410021760824, -0.5247768830044699, 0.684242750249643, 0.2495366383541812, 0.10479777758137693, -0.051981465864270854], [0.22280132018177895, -0.2405087720299346, -0.7119619666670111, -0.21532400306394434, 0.2987247925799521, -0.4127672656111379, 0.7960746501421219, 0.5586300401702514, 0.527357370285502, -0.18100592580585995, 0.47660710848528487, 0.2253789366097761], [-0.6064889299646993, 0.25722590847762183, 0.19413708022678872, -0.061668265095757416, -0.5031989349596883, -0.4315408866090991, -0.060090486791382194, 0.05605922338829454, 0.29763095316234794, 0.5643435368490368, 0.6427607709344194, -0.05133262675079464]], "inverted": false, "swapped": false, "error_lsq": 0.044157774289801444, "error_max": 0.24790389108509012, "target": "1186.xyz", "model": "17.xyz", "model_rescale": 3.7474275329858107, "target_rescale": 4.0464069696519385},
{"mapping": [0, 11, 8, 4, 1, 3, 2, 7, 6, 5, 9, 13], "R": [[0.5082796244993736, -0.8275423781570262, 0.2383808626399978], [0.8153634878180188, 0.5515220462821814, 0.17608468189468168], [-0.2771898375698715, 0.10486679559769618, 0.955075258358764]], "T": [-0.05058028796499686, 0.06454723005174459, 0.09363435535691518], "aligned_model": [[0.4874770159409944, -0.759381001731799, 0.30653996382230303, 0.7539247018988988, -0.35583632307842844, -0.30517080842538474, 0.12435395378184583, -0.5601464873867414, 0.564267939715567, 0.19386126466269687, 0.23380733749203658, 0.0111909755511935], [0.1306298287009997, -0.07002422626958693, -0.5301209649721625, -0.08045849351514997, 0.22746036243565834, -0.4026337523297583, 0.6738230687296107, 0.5917051586260307, 0.5252582617406564, -0.29549584143566754, 0.44692248930883527, 0.12694039425731374], [-0.5429737019672493, 0.058581065735509155, -0.09528180279024782, 0.23844762628724142, -0.5053618726223315, -0.3276906710799168, -0.22576146064185892, 0.2664524353845674, 0.16223328871990622, 0.6714208649719863, 0.5633544905981649, 0.03441708027131711]], "inverted": false, "swapped": false, "error_lsq": 0.05141886305603583, "error_max": 0.2550068827909299, "target": "1186.xyz", "model": "18.xyz", "model_rescale": 3.922800546911778, "target_rescale": 4.0464069696519385},
{"mapping": [7, 1, 4, 13, 2, 10, 3, 0, 12, 8, 5, 14], "R": [[-0.01306972233983511, 0.0935502733213388, 0.9955287684037376], [-0.2948414598002066, 0.9509866806861333, -0.09323543714947494], [-0.9554567996203928, -0.29474171662503656, 0.015153367285322641]], "T": [0.05042117335151756, 0.02171215513252904, 0.03699097132448487], "aligned_model": [[0.5717275156498409, -0.6295202210059706, 0.2297035840952121, 0.7010150268699715, -0.4895655054627876, -0.22600224772076552, 0.07726130218563407, -0.4065524939415121, 0.5947162202154538, 0.1890877208000465, -0.01741942807315979, 0.1004370586312191], [0.36437644647305173, -0.02211605901187135, -0.6725884552294796, -0.19788275670782934, 0.12464154908766494, -0.5065770969883961, 0.6255317548008003, 0.7178810810726391, 0.5463108726927708, -0.20713465330253578, 0.5047012050060786, 0.06686239738388636], [-0.4620399896171147, 0.3263727465280266, -0.06135341713279613, 0.05486439511566228, -0.42230075443476633, -0.5062412125890929, -0.1723669569364769, 0.1074645808037161, 0.2541386907692177, 0.5872557993022582, 0.624062475220134, -0.032019014161679474]], "inverted": false, "swapped": false, "error_lsq": 0.04502405500626939, "error_max": 0.23975528303411853, "target": "1186.xyz", "model": "19.xyz", "model_rescale": 3.9282355846067225, "target_rescale": 4.0464069696519385},
{"mapping": [0, 7, 8, 4, 10, 9, 1, 2, 3, 6, 5, 13], "R": [[0.9319547029066138, -0.12467635071053876, 0.3404647401769354], [-0.02937138884025875, 0.9099731703771892, 0.41362561660429287], [-0.36138311145907154, -0.39548026090715305, 0.8443918580759588]], "T": [0.007789579664442929, -0.021045377005478108, 0.03561282011680203], "aligned_model": [[0.48477058060837686, -0.5346180681024302, 0.29849489522844636, 0.6036738560618347, -0.4292024589716604, -0.19618437529499527, 0.1369137408139755, -0.4872433508750105, 0.6056520557555523, 0.17441418261018576, 0.01986804392380547, 0.018349430485102028], [0.3890377285655906, -0.08073140611844073, -0.7234643077071226, -0.17316806312208033, 0.325605572135971, -0.5610440434354307, 0.7116237558632745, 0.6361666564627342, 0.39007390766294053, -0.12920742734310842, 0.4400929841187214, 0.11902092819372999], [-0.4588747524879594, 0.3361611489299182, 0.0624390092419336, -0.10981228930670403, -0.6209733711935695, -0.3454657691398795, -0.05396222694091385, 0.07721752064421372, 0.2353538088934988, 0.658012423761436, 0.5599177646380363, -0.04217592417292204]], "inverted": true, "swapped": false, "error_lsq": 0.0435512592003043, "error_max": 0.23255174774693468, "target": "1186.xyz", "model": "20.xyz", "model_rescale": 4.067790424073018, "target_rescale": 4.0464069696519385},
{"mapping": [6, 9, 3, 2, 13, 11, 8, 1, 4, 0, 8, 14], "R": [[-0.6343794878492187, -0.5924857958528609, -0.4965110745076745], [-0.6684199688655379, 0.743065952598367, -0.03267621934794593], [0.3883006703805142, 0.3111487936690158, -0.8674151356647865]], "T": [0.0016345316566822796, 0.09338236477107156, -0.005349609546886649], "aligned_model": [[0.5257895335956636, -0.7106668766245634, 0.3367670915203798, 0.6963108398592317, -0.3726344903137731, -0.16420856957967753, 0.08628493026333667, -0.6126867326980127, 0.6564668372451187, 0.23862471582292527, 0.08628493026333667, -0.07144367711078328], [0.02793613988846022, -0.03392578528343573, -0.6843315073582938, -0.10949414271688945, 0.32492060274508483, -0.32538007469310204, 0.5308722044326204, 0.6044264676400394, 0.5555207887193148, -0.15060945841828835, 0.5308722044326204, 0.07319884588864911], [-0.5235534577440348, 0.2783213938340435, -0.08654269464392136, 0.16782048334012437, -0.5498092027458364, -0.4692098676478248, 0.3504661390277098, 0.18105964548976594, 0.0044086384846698, 0.6181579464189904, 0.3504661390277098, -0.023747819974307693]], "inverted": false, "swapped": false, "error_lsq": 0.06311288049718956, "error_max": 0.4872448971008803, "target": "1186.xyz", "model": "21.xyz", "model_rescale": 4.186013935880536, "target_rescale": 4.0464069696519385},
{"mapping": [1, 5, 8, 9, 0, 2, 7, 6, 10, 11, 4, 12], "R": [[-0.640064095498264, 0.721068311805066, 0.2652893578049856], [-0.7077846050100507, -0.6877084179273368, 0.16154901678018996], [0.29892960135248564, -0.0843659980233256, 0.9505385167434156]], "T": [0.026689628425023027, 0.09814833095287781, 0.057279131593423016], "aligned_model": [[0.21469656588102357, -0.6535124133022746, 0.2685819660797315, 0.6137905200940564, -0.407133108598914, -0.19605224671762161, 0.2984022549790287, -0.322744967180882, 0.7079038859379959, 0.07501427283852845, 0.0925402391684058, 0.0034015630641043813], [0.2638928683010172, -0.27027141648650355, -0.6277831447242443, -0.08977724939645285, 0.2714914438444752, -0.47483292121626774, 0.7561536637017302, 0.528460675300308, 0.4864764163431903, -0.18579825950457327, 0.576160001867022, 0.10983420724707842], [-0.6299656397508286, 0.04584023996991779, 0.10396660645330878, -0.01652655578990378, -0.49366409511916887, -0.3571816561605068, -0.12027359445168356, 0.10806888167304834, 0.3426698569087508, 0.6194223884432727, 0.6002199094901077, 0.09526100120077399]], "inverted": false, "swapped": false, "error_lsq": 0.04662040712601142, "error_max": 0.2772795349423287, "target": "1186.xyz", "model": "22.xyz", "model_rescale": 4.166573947596378, "target_rescale": 4.0464069696519385},
{"mapping": [14, 0, 6, 12, 7, 5, 9, 8, 11, 2, 3, 15], "R": [[0.9577158398429868, 0.2631647018694241, 0.11629578583860951], [0.14358675867995543, -0.7874413112576214, 0.5994322514318544], [0.24932551583347184, -0.5573872271723268, -0.7919319832785631]], "T": [0.054428201425973766, 0.1431423806226337, 0.012180237427675515], "aligned_model": [[0.5026201857507326, -0.7184016377720446, 0.3168215469545417, 0.6837774575228104, -0.5081317181657501, -0.28244720204366863, 0.2320191416493619, -0.511876239203019, 0.706734271621815, 0.1374976996696171, 0.11230461145937953, 0.023970414799406533], [0.2909329998648166, -0.10273750204132881, -0.5624929534016792, -0.014309983681667277, 0.0687688098886581, -0.48285795724930214, 0.71443877810161, 0.7082180378867091, 0.3985620698840264, -0.1881368258987319, 0.4322438757167746, 0.08137693620689435], [-0.6228470385780824, 0.10722173249343958, 0.12324841273269091, -0.08006737530328324, -0.4230031221984104, -0.41874959528611244, -0.038129308984614835, 0.13078850995806407, 0.3746038853173731, 0.5919757056552354, 0.5361051353968805, 0.01669040166390825]], "inverted": false, "swapped": false, "error_lsq": 0.04156205480870333, "error_max": 0.21086177373996845, "target": "1186.xyz", "model": "23.xyz", "model_rescale": 4.274766983524099, "target_rescale": 4.0464069696519385},
{"mapping": [1, 9, 2, 5, 3, 0, 4, 6, 7, 10, 11], "R": [[-0.6529676259066372, 0.4596009356130646, 0.6019968932656095], [0.6022878977854578, -0.16683027347531948, 0.7806516175819556], [0.4592195201633134, 0.8723156767109861, -0.1678773137300878]], "T": [-0.08675847144120559, 0.09166637554499289, -0.030662106656035353], "aligned_model": [[0.4008640662030845, 0.12667164467010333, -0.5181825492432532, -0.48100358542379323, -0.5118983520707489, -0.6482004774552946, -0.0047273878639385175, -0.006970884371795563, 0.6958014623378528, 0.35828813875385684, -0.030747371577998173], [-0.0691904563663343, 0.7095959927398637, 0.43653718481304205, -0.2924030653823567, 0.5294182106433558, -0.17949116022488087, -0.630757719213905, 0.03337758801601294, -0.18354044579464152, 0.5405581500165231, 0.021482251996804244], [-0.5195747180870484, -0.20639168759422438, -0.5332924528074536, -0.3452406261027157, 0.11811801296382163, 0.5096558060571397, 0.062365462545700974, 0.6335692560498553, 0.3002869207077718, 0.3343676265175565, 0.025702833771173668]], "inverted": false, "swapped": true, "error_lsq": 0.034774335666698304, "error_max": 0.19234481778814558, "target": "1186.xyz", "model": "24.xyz", "model_rescale": 3.7841303162186577, "target_rescale": 4.0464069696519385},
{"mapping": [8, 11, 6, 4, 10, 7, 9, 14, 2, 3, 12, 15], "R": [[0.38109412717196023, 0.8997711968085922, 0.21255366293874084], [0.9243526359720924, -0.3662306622863113, -0.10699208556138487], [-0.018424728125178105, 0.23724859408427235, -0.9712742321293971]], "T": [0.07871310994920884, 0.09245333610471168, -0.08035537978707177], "aligned_model": [[0.5049402073127706, -0.5157957347360441, 0.16126929251748576, 0.7021327906348017, -0.5410132985068907, -0.2559838121377848, 0.054698415061323266, -0.40811449581228026, 0.6725955522447239, 0.1545005016784714, 0.08173655885558047, 0.08392255513102558], [0.27793932845097014, -0.3347970710438356, -0.5972477617765197, -0.211261019821662, 0.31530847893544894, -0.3213126932476428, 0.676858135681238, 0.6813611206514856, 0.5278181017883691, -0.26883703751770444, 0.5670737372269595, 0.031102965949673135], [-0.4455720165319219, 0.1508239712482067, 0.11844935995573799, 0.1949804780238147, -0.49451702607170067, -0.45396105881208193, -0.08627426376006664, 0.13291783906449503, 0.08259919505374166, 0.6356944961404377, 0.5111665893936198, -0.04847022083719381]], "inverted": true, "swapped": false, "error_lsq": 0.04796893258544146, "error_max": 0.22491538751383858, "target": "1186.xyz", "model": "25.xyz", "model_rescale": 4.19342608120988, "target_rescale": 4.0464069696519385},
{"mapping": [9, 4, 3, 10, 0, 5, 1, 2, 8, 6, 8, 11], "R": [[0.6173592024813781, 0.7270849734998539, 0.300358213508926], [0.7830357791051064, -0.6046603874573504, -0.14574218497465258], [0.07564776105619869, 0.32516650680942477, -0.9426262032728245]], "T": [0.11767532644851052, 0.03620132524932873, -0.08804472356452389], "aligned_model": [[0.444084475716463, -0.5500211714947091, 0.0884585083817264, 0.6824369530200404, -0.4584324049353451, -0.14079777700410162, 0.20385760631595512, -0.3796286002099459, 0.3314930453737323, 0.0904960512742909, 0.3314930453737323, 0.05144880043134352], [0.14347367161034735, -0.19513349663406018, -0.6093050850726092, 0.06127352022581543, 0.25368596495611073, -0.31857686590719114, 0.5515972429810955, 0.6148140554784183, 0.5441885394074197, -0.23076626876323486, 0.5441885394074197, -0.01543353241275193], [-0.7452366409009937, 0.22016838121086343, 0.028079609003847095, 0.19061544362955177, -0.4411939440334405, -0.5603623833955758, -0.2347993692391551, 0.25637001870403964, 0.44418369463428664, 0.6891846851351578, 0.44418369463428664, 0.006644153484221274]], "inverted": false, "swapped": false, "error_lsq": 0.05382549464561671, "error_max": 0.3450375046218337, "target": "1186.xyz", "model": "26.xyz", "model_rescale": 3.795458400668931, "target_rescale": 4.0464069696519385},
{"mapping": [6, 10, 7, 0, 8, 5, 1, 11, 2, 3, 9, 12], "R": [[-0.4147790134539532, 0.8404598209730638, 0.3486913525284091], [-0.877898968500765, -0.2688631314391987, -0.3962398486497807], [-0.23927342331203094, -0.47046775222392667, 0.8493575943110816]], "T": [-0.021835347467913213, 0.23742906360839222, 0.08868596462428775], "aligned_model": [[0.23923329036553703, -0.4945920090087155, 0.07329432550736757, 0.7403436221167323, -0.3101842708137445, -0.23887788983494898, 0.335217634648748, -0.695617460654367, 0.704732058682443, 0.2629542543462739, 0.06824114013527348, 0.010143836752583783], [0.06613667172891449, -0.28113950804306354, -0.5694585468886995, -0.08578143671171212, 0.456758610975731, -0.2518342613727997, 0.5771187621081679, 0.46271391146144947, 0.5543757952548584, -0.17035098855309638, 0.5063748312896359, 0.0790924440273928], [-0.6753094820243558, 0.21227481514647795, 0.07915559341820812, 0.16544130905469306, -0.5433750752785926, -0.44081795557974307, -0.23915126213002674, 0.17138416902532666, 0.47141235190084957, 0.6342928474671893, 0.4110656949778379, 0.05146433688922413]], "inverted": true, "swapped": false, "error_lsq": 0.05939777062223348, "error_max": 0.2892564840519495, "target": "1186.xyz", "model": "27.xyz", "model_rescale": 3.6321398670334006, "target_rescale": 4.0464069696519385},
{"mapping": [12, 1, 13, 9, 7, 6, 8, 3, 10, 11, 0, 14], "R": [[-0.12321645264004788, -0.7370543319688022, 0.6645062960761365], [0.3361614829880931, -0.6610208101950112, -0.6708553837038034], [0.9337093568954149, 0.14072100132941806, 0.3292179166309104]], "T": [-0.0021881433225275776, 0.1330461003910783, 0.06463818938738589], "aligned_model": [[0.2748100304826999, -0.5801853106529871, 0.13849056309557584, 0.5918969746127815, -0.3500046313443306, 0.05660966337363098, 0.16121254827204634, -0.5154124296045062, 0.6350625485083807, 0.30541701638715346, 0.0029881898940987556, -0.025996630781361267], [0.2288490010820769, -0.15997161209538, -0.6603157167714511, -0.15778053989293664, 0.49620088099160176, -0.45168082455871583, 0.5710220611274638, 0.5830691681545762, 0.45971257174619884, -0.12743412803729245, 0.4856286636848304, 0.07670675984580803], [-0.7084100282470055, 0.22994726619042422, 0.19603020034371568, -0.030519044542207524, -0.5253022143747411, -0.44383469908086426, -0.15560460299869475, 0.13973912422402388, 0.36774247053502895, 0.564693139104513, 0.5794881052419816, 0.08386762647091442]], "inverted": true, "swapped": false, "error_lsq": 0.04508080039056103, "error_max": 0.2742081298857637, "target": "1186.xyz", "model": "28.xyz", "model_rescale": 4.156811204709835, "target_rescale": 4.0464069696519385},
{"mapping": [2, 3, 9, 10, 0, 5, 1, 4, 7, 11], "R": [[-0.39274150138529407, -0.7599935650620968, -0.5178454346171546], [0.9026111461316728, -0.21066023544979415, -0.37538697910170754], [0.1762022473423468, -0.6148431070317386, 0.7687136799661268]], "T": [-0.14821110255173497, -0.030777143760669413, -0.02832626249723232], "aligned_model": [[-0.5256694669810289, 0.01732503108880054, 0.12284497478862139, 0.5386834128485891, -0.10605875661964803, -0.7430726039917448, -0.4034081145657017, -0.41599216833129965, 0.27726514445407646, -0.11899207858007643], [-0.375202898704217, -0.5873635078140212, 0.038969202436538966, 0.13969378061023613, -0.6241542170884216, -0.18824998564611076, 0.6036023935704877, 0.2231406922838593, 0.6644736564068584, 0.023811214570993843], [-0.5729325031140389, -0.2677328602279514, -0.6447144210593483, -0.20702322719496252, 0.5433500538759848, 0.12412139548319061, -0.21573834557126836, 0.6049973777855872, 0.3367249548428309, 0.057734302155075204]], "inverted": true, "swapped": true, "error_lsq": 0.05400579096447148, "error_max": 0.24143204206628793, "target": "1186.xyz", "model": "29.xyz", "model_rescale": 4.117894457231895, "target_rescale": 4.0464069696519385},
