[{"mapping": [12, 3, 7, 9, 10, 6, 11, 14, 2, 8, 4, 1, 5, 15], "R": [[-0.29481593880816737, -0.9555102017296309, -0.009155141465833627], [-0.2499809242464121, 0.0678754613231971, 0.965868758819268], [-0.9222760431332742, 0.2870421156220176, -0.2588700912072845]], "T": [-0.11984789849480423, 0.01861179267256989, 0.13414071026363777], "aligned_model": [[0.012096228520678792, 0.3298395524802108, -0.5951782819003414, -0.240645309598072, -0.6207199751120654, -0.3242416173293121, -0.5677833499574698, -0.05680084294183646, -0.324707008106618, 0.43857647653076615, 0.5764589417418549, 0.16116162790744118, 0.5385916940812385, 0.04484396481182812], [-0.6451517995573182, -0.35896209488318725, -0.49420754954082075, -0.30890456674926303, 0.4756304143246455, 0.299962761600189, 0.13662803929538975, 0.39556802449913303, 0.6412686895497843, 0.045199849679947335, 0.5830888009747329, 0.6987276319336502, -0.32970053972425034, 0.09612567040740211], [0.2625506870585093, -0.40190855739636305, 0.28785415450923024, -0.37198733905297005, 0.5344744284271599, -0.6024308597513759, -0.03290934009239041, 0.6710391213474332, 0.019980082473903774, 0.6740761820769732, 0.4164641874948755, 0.052138085403571344, 0.2326149078570483, 0.15563234682422822]], "inverted": true, "swapped": true, "error_lsq": 0.047852532317099176, "error_max": 0.26250252309395516, "target": "1187.xyz", "model": "0.xyz", "model_rescale": 3.8414455957264533, "target_rescale": 4.191941560112675},
{"mapping": [6, 0, 10, 1, 2, 14, 13, 11, 12, 7, 8, 3, 5, 9, 15], "R": [[0.6915114011104659, -0.10149100183753515, 0.7152003626119422], [-0.5391282755009177, 0.586455040085007, 0.6044925049281414], [-0.4807834072528366, -0.8035981971762419, 0.3508236776579469]], "T": [0.012216321263386789, 0.022106541156471142, 0.006379445361751314], "aligned_model": [[-0.7823396515809282, -0.6636713217107871, 0.062944539612971, -0.3733392049676099, -0.4264927808243184, 0.2841893408507088, 0.7703310553240432, -0.2412417743612948, 0.4758019360388192, 0.35133391043453444, 0.5220238160610192, -0.20055261053124793, 0.3488143904584901, -0.2653559082508846, 0.009598416951029672], [0.10051223222319594, 0.21803127436049252, -0.7321467181571782, -0.33761549788744305, -0.47539190390335156, -0.511456982666842, -0.1246517403971436, -0.16464937396740748, 0.5138547783752518, 0.13935846184363682, -0.045674533347509184, 0.7643657918248588, 0.5041037818618962, 0.47900672669496375, 0.01939823118559412], [0.1676437978878612, -0.4787236309693624, 0.2266851698631678, -0.5134237193509946, -0.04588082506915033, -0.26870504786330707, 0.014877614804127866, 0.38500979860420353, 0.13961806637596078, 0.6258967751342053, -0.5763529677642591, -0.18312054922233986, -0.4615326674645454, 0.31005766384405403, -0.17686769147008702]], "inverted": false, "swapped": true, "error_lsq": 0.04323829734582587, "error_max": 0.2661769051648318, "target": "1187.xyz", "model": "1.xyz", "model_rescale": 4.316132596720782, "target_rescale": 4.191941560112675},
{"mapping": [9, 12, 3, 2, 0, 11, 4, 10, 5, 7, 8, 15], "R": [[-0.4358508183944755, -0.21280312808409363, -0.8744992240033669], [-0.8909015612163085, 0.23996219029631988, 0.3856326690654423], [0.12778291093573577, 0.9471710383588687, -0.294174356066215]], "T": [-0.05508509657867135, 0.016976621095909406, 0.06670837800222343], "aligned_model": [[-0.1375658488172426, 0.5605143953616424, 0.07688301090380663, -0.6565447365729014, -0.5491588588097498, -0.3906021894751852, -0.08173690023107046, -0.34103019423358966, 0.4858225480358347, 0.25526422176699126, 0.4210344615605113, -0.0450713548572664], [-0.5870919883297178, -0.28342124805067415, -0.6243389312959604, 0.30133076444933227, -0.21694342432799002, -0.05631236893441395, 0.6061451403288408, 0.5980315414466773, -0.09849575937743592, -0.1892343708341679, 0.4768261070123897, 0.08628096565410029], [0.14622330201002326, 0.13936418918950447, -0.3843220448685637, 0.07622350137533088, -0.590336621595118, 0.4196059931578928, -0.6649706443600459, 0.5146107381584996, -0.44186452228689976, 0.6780272812663612, -0.34062887511871787, -0.102673835718846]], "inverted": true, "swapped": true, "error_lsq": 0.04821669397088824, "error_max": 0.2461533893341706, "target": "1187.xyz", "model": "2.xyz", "model_rescale": 3.795458400668931, "target_rescale": 4.191941560112675},
{"mapping": [6, 9, 7, 8, 2, 14, 12, 0, 5, 4, 10, 15], "R": [[-0.19916740601818256, -0.8037998111911056, 0.5605695388701848], [-0.623107454451407, 0.5453758008264813, 0.5606267350742042], [-0.7563527249815898, -0.23763648583922786, -0.6094747377955105]], "T": [-0.07270595209261721, -0.025482867133994207, 0.031946155206459936], "aligned_model": [[0.05188427722810088, -0.25046969303417194, -0.7679982710200663, 0.29662859048722234, 0.11507195823218852, 0.07822881675589452, -0.34519122094937016, 0.6204456583367426, 0.2624346765312583, 0.7480837201643498, -0.31589304925066397, 0.10007836226208056], [-0.18058019098874992, -0.5212298007330106, -0.14912160016496875, 0.1192084636646349, 0.43498240105133235, 0.5443827738235043, -0.48280378374300986, -0.24986510507239748, -0.44906834734019824, 0.3159512526727942, 0.7162972856799847, -0.012384303560206169], [-0.7579240446750117, -0.28532283596168706, 0.14955792763361953, 0.7003258643310547, -0.41010894107240614, 0.32656910502508874, 0.46908439266941054, -0.4149644151866566, 0.554265449859795, 0.3367593934460778, -0.07114693009703377, 0.09167646466684953]], "inverted": true, "swapped": true, "error_lsq": 0.04662146717642505, "error_max": 0.2802610125116882, "target": "1187.xyz", "model": "3.xyz", "model_rescale": 3.7530521520055578, "target_rescale": 4.191941560112675},
{"mapping": [7, 2, 14, 4, 13, 0, 12, 9, 3, 5, 15], "R": [[0.9256506850066293, 0.3761603933258925, -0.04091659613980225], [-0.3238822241715202, 0.7317766028935253, -0.5996693324852628], [-0.19563004424798106, 0.5683364865557387, 0.7992011785758399]], "T": [-0.16561920583037376, -0.11814593276039363, -0.10829321629637373], "aligned_model": [[-0.4788391828692016, -0.22621387935649484, 0.3614170788947821, 0.6204700713000313, 0.30654182810263325, -0.24258093919160423, -0.15071456770405825, -0.6943984455164405, -0.3681617439076404, 0.2374021078948288, -0.026722725201630437], [-0.7346089934876417, 0.11440431580968223, -0.267836338816552, 0.36416024173461636, -0.7102575056055196, 0.732360427114236, -0.4222178059519125, -0.0012586088100763754, 0.33744408601365766, 0.0541336318607125, 0.0008799084531435908], [0.07722501682657704, -0.7287367531208875, -0.47456684716396874, -0.28892670400738396, 0.04275646237420838, -0.14366870333194054, 0.5096053424172606, 0.1828329620180752, 0.511016009010238, 0.5019976306448679, -0.09670363842172984]], "inverted": false, "swapped": true, "error_lsq": 0.046851088853144554, "error_max": 0.29073886493336387, "target": "1187.xyz", "model": "4.xyz", "model_rescale": 3.7855080009869324, "target_rescale": 4.191941560112675},
{"mapping": [5, 0, 2, 7, 1, 6, 3, 15, 11, 10, 14, 9, 8, 13, 12, 16], "R": [[0.21529651000151256, 0.6087768087546701, -0.763569387746555], [0.9604085646263754, -0.2735678675568526, 0.052687862290117404], [-0.17681290047243337, -0.7446820925488116, -0.6435726682074443]], "T": [0.0701343136674357, 0.11819208978412954, -0.0397846040426799], "aligned_model": [[-0.5402328251679746, -0.009201561921120066, 0.08922786831758264, -0.3237545731041478, 0.5321577987904448, 0.3084487930715982, -0.3881659157904004, -0.15272937957161034, 0.8147017918057172, -0.6162082456295603, 0.2508412298801911, -0.3399261965974245, -0.09644781955421958, 0.5302611319687367, 0.6999987457807301, 0.07164748817033023], [0.5312275605741033, 0.501044605377004, -0.2507487700906765, 0.6995239438854945, 0.40735365363526005, 0.5993278743833192, -0.04946625020893547, -0.5027107833834339, 0.3518578134016246, 0.04361836580862562, -0.5245647060382645, -0.43107341839774016, 0.060886909233475284, -0.053492978122983204, -0.11585040574520186, 0.0674407747811818], [-0.3743842159947614, -0.7147687916125212, -0.6795531291080761, 0.2215088940792994, -0.5651643030940682, 0.3314183508908816, -0.5340195543536681, 0.45431002557190436, 0.11336835350451265, 0.19331821675612476, -0.14889972852079658, -0.23232498602027318, 0.6415936926009687, 0.4928270625710456, -0.14730283717154574, -0.05735635763133801]], "inverted": true, "swapped": false, "error_lsq": 0.04412108686034893, "error_max": 0.3184384392183557, "target": "1187.xyz", "model": "5.xyz", "model_rescale": 4.2253639853439635, "target_rescale": 4.191941560112675},
{"mapping": [12, 3, 4, 8, 5, 1, 14, 13, 6, 9, 0, 10, 7, 15], "R": [[0.07997500857153894, -0.540193228889106, 0.8377322206208524], [-0.854210575971541, -0.47028767566832835, -0.2217065493233109], [0.5137395156130691, -0.6978687395039581, -0.49905003007795334]], "T": [0.1074720911887764, 0.08872333347289857, 0.08197736960607455], "aligned_model": [[0.600190289143507, -0.0653767736254223, -0.5291080833977527, 0.05731702962104926, 0.09417298321201953, -0.5771144504851109, 0.032532715429840056, 0.6295454231682597, -0.3334021399025403, 0.1869265349244477, -0.6777174210640566, 0.18487450422564097, 0.7923599499259525, -0.021138408418049814], [-0.11685111735301434, 0.140921946887315, -0.5830923946479656, -0.6865846174126025, -0.45557745302305014, -0.028530863381151683, -0.32466838436822537, -0.44451847538158157, 0.7647366271837315, 0.5224810919360046, 0.22798700164207614, 0.17149084722399105, 0.2971404475853767, -0.03983551025591364], [-0.35327934055027627, -0.6923147175143172, 0.24511339637783056, 0.10335661686313549, -0.43582677590649127, 0.33857249720139154, 0.5897393348341824, 0.2805743771710019, -0.028062517960952105, -0.34646840393701284, -0.22562409698403352, 0.8611848828487372, 0.07554296381341252, 0.05904999267484035]], "inverted": false, "swapped": true, "error_lsq": 0.0511989832959057, "error_max": 0.424859922331015, "target": "1187.xyz", "model": "6.xyz", "model_rescale": 3.89814844738969, "target_rescale": 4.191941560112675},
{"mapping": [12, 7, 13, 3, 8, 11, 9, 5, 0, 2, 14, 4, 15], "R": [[0.8614717092901949, 0.15546365496372888, 0.48342274054697565], [0.38980257104033755, -0.8125804464388724, -0.4333208668822048], [0.32545422059480567, 0.5617330950286992, -0.7606151985376746]], "T": [-0.16913578415926755, 0.16769925585600137, -0.10155085113345398], "aligned_model": [[0.17090984908452495, -0.09364426409246282, 0.5413924408464199, -0.35622634761442573, 0.5236066052277721, -0.5285317272963422, -0.5753234901251318, 0.276284353584194, -0.6314196018011038, -0.5156103637095462, 0.2275162503019193, 0.21330508159881595, -0.10362698510041127], [-0.23748991850159645, 0.26500552609126965, 0.34150911189164046, -0.6048129068496328, 0.07074676781146362, 0.45291166197610366, -0.18220019667622983, -0.4220832277555137, -0.19873236382614062, 0.6047822970941628, 0.5990542229794014, 0.162390752365755, 0.11269953886980252], [-0.5427664236821782, -0.8068047020618814, -0.3491148580153892, -0.08279609106855042, 0.23724586981986928, -0.2803472770478054, -0.4025599924615054, 0.033796363395374715, 0.5169611873231741, 0.26123737324064344, 0.1999966437108182, 0.7568749513951973, 0.06055198628852919]], "inverted": false, "swapped": true, "error_lsq": 0.04236831133453129, "error_max": 0.21130677984459836, "target": "1187.xyz", "model": "7.xyz", "model_rescale": 3.7474275329858107, "target_rescale": 4.191941560112675},
{"mapping": [11, 2, 6, 9, 0, 12, 7, 12, 3, 5, 13, 8, 14, 4, 15], "R": [[0.10809882975852783, -0.6753588755678885, 0.7295238393613429], [-0.8568706139635269, 0.30878365776135586, 0.41282611790593704], [-0.5040708223361133, -0.6697335603739709, -0.5453160223010134]], "T": [-0.06067122428660617, -0.02807901164814572, -0.10475677874492983], "aligned_model": [[-0.17731846181342745, 0.26346986433609726, 0.34838269475410394, -0.09672008196878312, 0.753660950711771, -0.4618980925449583, -0.747216275289319, -0.4618980925449583, 0.23223941990657807, 0.07129156842884751, -0.57316090431564, 0.034490234423514364, -0.04327279708793171, 0.5822432100962168, 0.07786048524663572], [-0.06154033466763041, 0.2879502732689305, -0.40894785417292934, -0.6208582064798115, -0.275340563854364, -0.35579551217395444, -0.21251743914225216, -0.35579551217395444, -0.7020497510308705, -0.20327115539531074, 0.34942711168292606, 0.379822389796432, 0.6224642027074307, 0.515531056163207, 0.030039257451743927], [-0.5819920292316252, -0.5923627269227012, -0.697282435473109, -0.2639355730541903, -0.18387969094579673, 0.34922491321519195, -0.1895437676386046, 0.34922491321519195, 0.19871720442567808, 0.613891173781963, 0.33249785736495246, 0.5499460275696046, -0.0007295864440150651, 0.3127754699430116, 0.00024290589070995183]], "inverted": true, "swapped": true, "error_lsq": 0.052522262503807204, "error_max": 0.3169139322607557, "target": "1187.xyz", "model": "8.xyz", "model_rescale": 4.019505241142653, "target_rescale": 4.191941560112675},
{"mapping": [10, 1, 11, 7, 13, 12, 3, 14, 8, 4, 0, 5, 15], "R": [[0.08278357601855679, -0.12992198565561108, -0.9880623245448048], [0.7128846488461664, -0.6850925499992211, 0.1498121336042009], [-0.6963780273537197, -0.7167764474219757, 0.03590497792888958]], "T": [0.030063253524832287, -0.03682344581607211, -0.18102361711836493], "aligned_model": [[-0.4171584716609297, -0.6201565813328883, -0.15851843683116845, 0.5047424349300345, 0.4094087589033379, 0.7157129347353228, 0.37426496313250357, -0.2576339404557445, 0.14139593953001361, -0.4094240434139675, -0.3960780036611283, 0.45837386980994316, -0.025228651944152386], [-0.6527730279499434, 0.10648890921323143, -0.09557292216629645, -0.34365041150027875, -0.648781180819884, -0.039913627414866565, 0.6712729329900037, -0.5184505092393552, -0.2736418551995926, -0.025562371533907807, 0.678355045673832, 0.1948523326397433, 0.010754913421373045], [-0.38252990575785323, 0.14289624099489082, -0.6320947507092871, -0.620440687733495, 0.09817681305041534, -0.11502780969166992, -0.07032419113938346, 0.16480369832252337, 0.550821376800666, 0.6495834852432129, 0.01251954578427042, 0.3911981014640782, -0.012878422584489013]], "inverted": true, "swapped": true, "error_lsq": 0.04976402607545931, "error_max": 0.3238245456558597, "target": "1187.xyz", "model": "9.xyz", "model_rescale": 3.877068213659057, "target_rescale": 4.191941560112675},
{"mapping": [2, 4, 4, 9, 13, 10, 7, 0, 6, 8, 5, 1, 11, 12, 3, 15], "R": [[-0.8666121679092715, 0.23987631209952215, -0.4375416612451045], [0.29021879382922233, -0.47098897765552783, -0.8330320729931787], [-0.4059019612417566, -0.8488985438911613, 0.3385481650217029]], "T": [0.10338782659546211, 0.18627070975348897, -0.04385765167095467], "aligned_model": [[-0.24897871645476025, 0.04731049512665572, 0.04731049512665572, -0.32299772609981037, 0.45672815885473617, 0.2462430621681543, -0.5396198255732032, -0.07824539711154715, 0.6863833169516018, -0.6268811419057533, 0.2973317264046922, -0.27227920521428883, -0.05587378945825916, 0.5247102431603616, 0.582200732690465, 0.08727590178317318], [0.5795784956300476, -0.02230655929486086, -0.02230655929486086, 0.6565985101669429, 0.720801031247065, 0.6270895653070169, -0.043022717898426266, -0.4158744513399261, 0.33315453987790944, 0.10888409649475222, -0.5672798250421776, -0.575332226486235, 0.12249249828999728, -0.20467187811698057, -0.08212169835101013, 0.11869136790359944], [-0.44573096859709754, -0.6852947378116307, -0.6852947378116307, 0.136786818243412, -0.4763694329747149, 0.49324745696033245, -0.4913531853972539, 0.44419625175711464, 0.09342298715780567, 0.19287316917967282, -0.11830761794685149, -0.22202010261311428, 0.6739329540478576, 0.4334750729589241, -0.36239345649821614, 0.01340022181307847]], "inverted": true, "swapped": false, "error_lsq": 0.04030447484747423, "error_max": 0.2981610931533836, "target": "1187.xyz", "model": "10.xyz", "model_rescale": 4.260839863003843, "target_rescale": 4.191941560112675},
{"mapping": [3, 12, 13, 8, 14, 4, 0, 9, 7, 10, 2, 15], "R": [[-0.9839053777206644, -0.024838649850131927, 0.17695550052479186], [-0.17864601954726245, 0.15876682103100465, -0.9710194108459566], [-0.003975851138587366, -0.9870036160082353, -0.160648854942674]], "T": [0.11267216713610205, 0.017834755158000804, 0.029497407445146763], "aligned_model": [[0.5871015935093596, 0.23734198189526007, -0.3919697734899328, -0.5340699975603774, -0.5222941793623629, -0.5803115620792242, 0.33804894468604474, 0.7188473733619061, 0.3426318626087354, -0.26279452569611733, 0.015656279188376046, 0.010710652032462659], [-0.027320383783139068, -0.6152915588455427, -0.5594312264461063, -0.15765225713130138, 0.10827366124460085, 0.4483733927602333, 0.6891975794121926, -0.04838896646288739, -0.5485177851206997, 0.19114133729345337, 0.6015348331884144, 0.09115987942371576], [-0.6069045051113331, -0.21151916660831158, 0.12141400187802295, -0.3642079418224263, 0.18105392769859907, -0.4369724061896594, -0.4490554820276897, -0.04918308934408814, 0.4022088409382301, 0.6995686982287798, 0.333773024854851, -0.10399782509946989]], "inverted": false, "swapped": true, "error_lsq": 0.049882075960425154, "error_max": 0.27563847223305676, "target": "1187.xyz", "model": "11.xyz", "model_rescale": 3.890672605050136, "target_rescale": 4.191941560112675},
{"mapping": [0, 6, 2, 4, 1, 13, 9, 8, 5, 7, 10, 11, 14, 15], "R": [[-0.2774046774224537, -0.41525146340786356, 0.8663791705031765], [0.21047806418900514, 0.8535979404392509, 0.4765181429632225], [-0.9374143317868537, 0.3145421723958441, -0.14939073714628265]], "T": [-0.0750381020368799, -0.014386676754896539, 0.04370081870156908], "aligned_model": [[0.5324178347978097, 0.14033206232471462, 0.38522682330129004, 0.7235169155222425, 0.6615196017697246, -0.3747973041701008, -0.37508572230066006, 0.16380093598665885, -0.07959446925605125, -0.7624516549774341, 0.055403939670188904, -0.16759598008541576, 0.2385408072795423, 0.06864204493118352], [-0.1772526420566349, 0.3502560031853726, 0.4644728417675293, -0.38620344979144267, 0.06034050265416417, -0.21306541760301634, -0.023650668546179508, -0.5336804247421374, -0.7644556392935279, 0.154977668178398, 0.6111711969425421, 0.447758216951562, 0.06660377525792484, -0.12511944307678952], [-0.5350975605487398, -0.6520895563674818, 0.004314590385411703, 0.3711855140354072, 0.0315790677031927, 0.727088952019497, -0.4928718106351787, 0.570355295885396, 0.08771373177341082, 0.150137654324544, 0.503774904019044, -0.09889952807272975, 0.617669154122406, 0.06993002671268198]], "inverted": true, "swapped": true, "error_lsq": 0.05361480629167025, "error_max": 0.3594504709074822, "target": "1187.xyz", "model": "12.xyz", "model_rescale": 4.124412569039231, "target_rescale": 4.191941560112675},
{"mapping": [0, 6, 9, 1, 3, 5, 2, 8, 11, 14, 12, 7, 15], "R": [[0.29086238166000483, -0.05753709188370583, -0.9550332758562061], [0.5106494186552798, 0.8534632389587238, 0.10410413523539654], [0.809095943731085, -0.5179671638276416, 0.27762163286432595]], "T": [0.13028771692610536, 0.17438921753112582, -0.1250059261142206], "aligned_model": [[-0.24897663939989723, -0.118641825665218, 0.4791556085410665, -0.552295693442314, 0.5177211259750507, 0.46006755497034346, -0.4829802070831573, 0.07115275575747446, 0.028522694978611013, -0.2678561041497008, 0.7856947609009404, 0.647321978593528, 0.04841229753303017], [-0.08570213204977009, 0.5670104876461811, 0.4091176119759401, -0.05563801432345031, -0.13651274351356776, -0.4979622099423766, 0.42055618543692264, -0.5013493727672017, 0.6534298888806742, -0.010753574328393356, -0.006140731025804896, 0.5793430283312595, 0.01208695218806452], [0.5954429891920442, 0.5438404380445507, 0.32356776634300455, 0.0465041310885502, 0.49577180033742474, -0.06376736018600708, -0.047508879393142675, -0.5044205213390606, -0.07358960604994831, -0.6164675015325881, -0.2360510770505092, -0.41002953471348247, -0.10159456377299649]], "inverted": true, "swapped": true, "error_lsq": 0.046358439660729715, "error_max": 0.32211111735356773, "target": "1187.xyz", "model": "13.xyz", "model_rescale": 3.9028299243045295, "target_rescale": 4.191941560112675},
{"mapping": [2, 6, 3, 8, 1, 12, 0, 10, 11, 5, 7, 4, 13, 14, 9, 15], "R": [[0.4543814362683519, -0.8473594738012862, -0.2748079921216217], [-0.4000236616566449, -0.4697310663349024, 0.7869776333763786], [-0.7959388044878324, -0.24765832810362587, -0.5524009160305557]], "T": [0.004383521297774161, 0.1279477046963911, -0.09884403678687301], "aligned_model": [[-0.24292534857857032, 0.3934313323488317, -0.17512886006728626, -0.5927287941945095, 0.4159767486898315, 0.08092679358729174, -0.7461283875754222, 0.0846664328866317, 0.6590672628931697, -0.33817475735069014, 0.3222336662145591, -0.4356556227855438, -0.0016248530485108367, 0.620427272610402, 0.6968859846542159, 0.0893694601644735], [0.6694610247789317, 0.08757114537497931, -0.12638196305173793, 0.5866886819650039, 0.5650544424602681, 0.6360933388077159, 0.10235937511627358, -0.49954120908345573, 0.40665680576349084, 0.10083239999933581, -0.69691215392263, -0.387528220380929, 0.1185356412819224, -0.07742583237906192, -0.2064514476750517, 0.05536216003779716], [-0.532146952319937, -0.6386771558366235, -0.6390117609966063, 0.07297202189131122, -0.3472941740563411, 0.37037811844633683, -0.44997580873800114, 0.2950657488737245, 0.10007082894957395, 0.2806561867120594, -0.29684771062288473, -0.10250412186930952, 0.6964714127645807, 0.5022902739297384, -0.19612199730303048, -0.12075421735690209]], "inverted": true, "swapped": false, "error_lsq": 0.04455254213371649, "error_max": 0.31853946645122, "target": "1187.xyz", "model": "14.xyz", "model_rescale": 3.942246331269136, "target_rescale": 4.191941560112675},
{"mapping": [12, 8, 13, 4, 1, 14, 11, 7, 9, 10, 2, 6, 5, 0, 15], "R": [[0.3246820437576667, -0.2890461419692659, -0.9005742047571804], [-0.4121610780728501, -0.9002373199644956, 0.1403424863146183], [-0.8512959627433757, 0.32561494983465644, -0.41142446239984753]], "T": [-0.1564350129128602, 0.09698380499762398, -0.015974191961725084], "aligned_model": [[-0.8064269220684861, -0.1554050936196521, -0.32385429470313964, 0.30220372185286837, 0.43842807381331217, 0.27769850773721927, 0.017706040845628407, -0.5415412797443989, -0.5270896419381446, 0.441439019600977, 0.46954489054497983, 0.045263252586429575, -0.604067493534017, 0.049464411001598735, -0.1090691558429654], [0.07446449835121138, -0.5013264152711104, 0.06694045493991922, -0.7099756719089121, -0.2922268365451094, -0.07757647103785793, 0.5294641799045172, 0.640893801812733, 0.3167611623196163, 0.4727487252483301, 0.197068790267139, 0.3103353070496168, -0.495148699450733, -0.3542035474078699, -0.08007458838983968], [-0.2428747869910279, -0.5120576937118272, -0.7692446236729656, -0.16311687122671392, 0.19115215543778538, -0.48007292286870346, 0.14250401216814287, -0.27751874397941856, 0.4225889639393468, -0.36433221113869807, 0.1860992381263679, 0.7438098457994198, -0.13244566929308982, 0.6801371510956744, -0.015265363323775837]], "inverted": false, "swapped": true, "error_lsq": 0.046534045195873036, "error_max": 0.3917575166998553, "target": "1187.xyz", "model": "15.xyz", "model_rescale": 4.355366556412066, "target_rescale": 4.191941560112675},
{"mapping": [9, 12, 3, 2, 0, 11, 4, 10, 5, 7, 8, 15], "R": [[-0.4358508183944755, -0.21280312808409363, -0.8744992240033669], [-0.8909015612163085, 0.23996219029631988, 0.3856326690654423], [0.12778291093573577, 0.9471710383588687, -0.294174356066215]], "T": [-0.05508509657867135, 0.016976621095909406, 0.06670837800222343], "aligned_model": [[-0.1375658488172426, 0.5605143953616424, 0.07688301090380663, -0.6565447365729014, -0.5491588588097498, -0.3906021894751852, -0.08173690023107046, -0.34103019423358966, 0.4858225480358347, 0.25526422176699126, 0.4210344615605113, -0.0450713548572664], [-0.5870919883297178, -0.28342124805067415, -0.6243389312959604, 0.30133076444933227, -0.21694342432799002, -0.05631236893441395, 0.6061451403288408, 0.5980315414466773, -0.09849575937743592, -0.1892343708341679, 0.4768261070123897, 0.08628096565410029], [0.14622330201002326, 0.13936418918950447, -0.3843220448685637, 0.07622350137533088, -0.590336621595118, 0.4196059931578928, -0.6649706443600459, 0.5146107381584996, -0.44186452228689976, 0.6780272812663612, -0.34062887511871787, -0.102673835718846]], "inverted": true, "swapped": true, "error_lsq": 0.04821669397088824, "error_max": 0.2461533893341706, "target": "1187.xyz", "model": "16.xyz", "model_rescale": 3.795458400668931, "target_rescale": 4.191941560112675},
{"mapping": [12, 7, 13, 3, 8, 11, 9, 5, 0, 2, 14, 4, 15], "R": [[0.8614717092901949, 0.15546365496372888, 0.48342274054697565], [0.38980257104033755, -0.8125804464388724, -0.4333208668822048], [0.32545422059480567, 0.5617330950286992, -0.7606151985376746]], "T": [-0.16913578415926755, 0.16769925585600137, -0.10155085113345398], "aligned_model": [[0.17090984908452495, -0.09364426409246282, 0.5413924408464199, -0.35622634761442573, 0.5236066052277721, -0.5285317272963422, -0.5753234901251318, 0.276284353584194, -0.6314196018011038, -0.5156103637095462, 0.2275162503019193, 0.21330508159881595, -0.10362698510041127], [-0.23748991850159645, 0.26500552609126965, 0.34150911189164046, -0.6048129068496328, 0.07074676781146362, 0.45291166197610366, -0.18220019667622983, -0.4220832277555137, -0.19873236382614062, 0.6047822970941628, 0.5990542229794014, 0.162390752365755, 0.11269953886980252], [-0.5427664236821782, -0.8068047020618814, -0.3491148580153892, -0.08279609106855042, 0.23724586981986928, -0.2803472770478054, -0.4025599924615054, 0.033796363395374715, 0.5169611873231741, 0.26123737324064344, 0.1999966437108182, 0.7568749513951973, 0.06055198628852919]], "inverted": false, "swapped": true, "error_lsq": 0.04236831133453129, "error_max": 0.21130677984459836, "target": "1187.xyz", "model": "17.xyz", "model_rescale": 3.7474275329858107, "target_rescale": 4.191941560112675},
{"mapping": [12, 5, 3, 8, 7, 10, 9, 0, 13, 11, 14, 4, 2, 15], "R": [[-0.8819466435246807, 0.19142940207626524, 0.4307260173199124], [-0.2037800395570868, 0.6691439972457779, -0.7146467703894384], [-0.42502213289858454, -0.7180536852984365, -0.5511398112781111]], "T": [0.09389300836401766, -0.07173889333825456, 0.1246255789693321], "aligned_model": [[0.41816063312372753, 0.19741934518002102, 0.7119313896560224, -0.3728747908236815, 0.3453990313732789, -0.4692837567422123, 0.6985082068247068, 0.27281372701194007, -0.2705386909473057, 0.17644286734692802, -0.5618963975031135, -0.5373418996805759, -0.20912669656436794, 0.015234679627508421], [-0.46292708280222195, 0.042884309160888534, 0.26445750323541506, -0.041180227951959414, -0.7353974891324102, -0.3133883354522299, -0.04946675660670552, 0.7635795885262731, -0.6337220061481224, -0.16382051486938554, -0.11511134664143546, 0.5027967780905905, 0.24522280757330767, 0.05648101452922891], [-0.34045805772503857, -0.6107009910642713, -0.24568537640200896, -0.49607484050184525, 0.21871310575724748, 0.6190377773835372, 0.2340284867870412, 0.15230250015311905, -0.2597084938656091, 0.601266133502883, 0.07573875868018885, -0.26861138213656033, 0.6250412597162653, 0.019905838376706536]], "inverted": false, "swapped": true, "error_lsq": 0.04087322814258297, "error_max": 0.24283959803512262, "target": "1187.xyz", "model": "18.xyz", "model_rescale": 3.922800546911778, "target_rescale": 4.191941560112675},
{"mapping": [1, 4, 14, 2, 12, 0, 5, 11, 3, 10, 13, 7, 6, 9, 15], "R": [[-0.4484765123384504, 0.8023538659056697, -0.3938236810388201], [0.16018607795088802, 0.5056388917363047, 0.8477439068459258], [0.8793231705757855, 0.3171081598286428, -0.3552930855767392]], "T": [0.1489938810264634, 0.018283330900980707, 0.0525191721980543], "aligned_model": [[-0.23485678093391568, -0.20037276140160185, 0.4290847096995777, 0.05994499555894517, 0.3034573460233253, -0.6741538386435644, -0.11844923893787587, 0.2817345837243219, -0.4537817698858033, 0.6658451447130246, 0.7337965450830843, 0.6731463223256035, -0.33161595322700066, -0.08228594988338697, 0.044557482672883814], [0.4382654810994485, 0.03985806892205, 0.17163461968961907, 0.6601475013253577, -0.620930503799669, 0.23648267375330273, -0.6411169661250643, 0.39238186375124456, -0.4116764076844597, 0.5705183330381337, -0.37880688443100813, -0.17702599277084702, 0.5205932521550483, -0.07062449788200138, -0.012089036006576244], [-0.4213183548656099, -0.8196399499212528, -0.5239904510270539, -0.09841855562197202, 0.25752452011053195, -0.02064147332267624, -0.18878306863030592, 0.34391223325907294, 0.34221867055804445, -0.1663580016014624, -0.2584042381270207, 0.49936250094480533, 0.4769856231673652, 0.6152176885623899, -0.09500797632152724]], "inverted": true, "swapped": true, "error_lsq": 0.039289044839376924, "error_max": 0.2809208991198248, "target": "1187.xyz", "model": "19.xyz", "model_rescale": 3.9282355846067225, "target_rescale": 4.191941560112675},
{"mapping": [8, 5, 3, 13, 14, 12, 7, 9, 10, 2, 0, 1, 6, 15], "R": [[0.9844973058953908, -0.03567641032937115, -0.17173307320003398], [0.06423441086374461, 0.9844112429589567, 0.16373284703134633], [0.1632145678109204, -0.17222571957176708, 0.9714418697854659]], "T": [0.0020390574332290606, -0.025005477243363675, -0.0056825017269039775], "aligned_model": [[-0.6229202462488918, -0.10729204819013478, 0.5124015927926555, -0.5156192621387578, -0.6393435158534703, 0.13131115508480123, 0.2012532596340264, 0.6107501489162099, -0.40963134399913337, -0.10408602949354988, 0.26510654995465355, -0.27968981456346925, 0.5810714766270151, -0.0907891034372784], [-0.45842961881432287, -0.7127457704055904, -0.6330478528443827, 0.02895128616073342, 0.09029734180244726, -0.26723919659706213, 0.3524941021395933, -0.06891144089937902, 0.6242679231395086, 0.2812941893873769, -0.4799468698949896, -0.1678284005031384, 0.09692751188419656, -0.16320111713015517], [-0.16582120212456364, -0.2878550448054108, -0.049775737740660506, -0.5761793851094188, 0.09262563809531678, -0.637419813543373, -0.5804504925594337, -0.08029922896853832, 0.1645452154934737, 0.5753678361128861, 0.6683793836388623, 0.6640030920419624, 0.5540733749326467, 0.07098952177993284]], "inverted": true, "swapped": true, "error_lsq": 0.04338358724267817, "error_max": 0.2567025947229079, "target": "1187.xyz", "model": "20.xyz", "model_rescale": 4.067790424073018, "target_rescale": 4.191941560112675},
{"mapping": [14, 6, 8, 13, 4, 0, 5, 2, 1, 11, 9, 12, 7, 3, 15], "R": [[0.19578901194765025, 0.9445009699015081, -0.26378889410980433], [0.6562409445934707, 0.0736959464249895, 0.7509438927906631], [0.7287074072902185, -0.3201356358414911, -0.6053913521225192]], "T": [0.19269401750520698, 0.027470598772503643, 0.01800836311608338], "aligned_model": [[0.12725593008563166, 0.20405467379796532, -0.26277225547953487, 0.35618563930743996, -0.5646392905913987, -0.42345219298924675, -0.3388477136079777, 0.22157223415588445, -0.25244721354578237, 0.5669095836635629, 0.30648500398177175, 0.2457660148383239, 0.7952551867678143, -0.23267547451934723, 0.019793828042408868], [-0.19410585477298825, 0.8155377543820612, -0.5290019219094402, -0.696069701836519, -0.061200832721865536, 0.610062786403275, -0.42470820990298147, 0.5244008196493652, 0.40034863692496075, 0.34562836607840025, 0.2687258242283935, -0.48408718076936336, -0.2538833590446858, 0.10920696883387108, 0.010041044385363615], [-0.5992051880152532, 0.2236632475899309, -0.27688793903042996, -0.1967195695880301, -0.5313254990681524, 0.12518014987490556, 0.29650263349359424, -0.42349805715366007, -0.4414038616979096, -0.01689246231340831, 0.5719687498858737, 0.47623590752336875, 0.2831695627587821, 0.6847239115707154, -0.040262012209185835]], "inverted": true, "swapped": true, "error_lsq": 0.0443788711123113, "error_max": 0.26982399810369406, "target": "1187.xyz", "model": "21.xyz", "model_rescale": 4.186013935880536, "target_rescale": 4.191941560112675},
{"mapping": [7, 13, 12, 6, 1, 9, 11, 14, 5, 8, 4, 0, 15], "R": [[-0.9059130458908068, 0.3279414070132003, 0.2679104082544085], [0.41702056478405325, 0.8008323881808275, 0.4298387309070484], [-0.07358941385845258, 0.5011206637196227, -0.8622428187936241]], "T": [0.03761468972370199, -0.15501608428923183, -0.06384826589067961], "aligned_model": [[0.14246562382528213, -0.43868515422972265, 0.270426244034846, 0.5185319479306106, -0.22329697559731018, 0.6333510623688465, 0.09960667962479614, -0.6124968761981133, 0.1617464716476534, -0.4131644917373947, -0.4577986342474297, 0.39007467514024063, -0.01218653713907969], [-0.35083992681669995, 0.15509340088084586, 0.23930499187902213, -0.6360572482838525, -0.17457658944247054, -0.2777770886895461, -0.6421570141444802, -0.09364730834764008, 0.5857922837851054, 0.47705989393216086, 0.3350569716727867, -0.06760131380621007, -0.030694393072928414], [-0.7444434307238392, -0.5866472023335478, -0.5784259084607796, 0.38424862884453526, 0.6288210843509234, -0.15358394792101343, -0.10032332745085125, 0.02514421101158741, -0.08270583918381814, -0.02706364359890269, 0.5666896732612643, 0.7098869719353715, 0.06128229160441569]], "inverted": false, "swapped": true, "error_lsq": 0.05141130527877316, "error_max": 0.32994481994029523, "target": "1187.xyz", "model": "22.xyz", "model_rescale": 4.166573947596378, "target_rescale": 4.191941560112675},
{"mapping": [12, 6, 2, 14, 6, 13, 11, 8, 5, 9, 4, 3, 10, 7, 1, 15], "R": [[0.7441125531791615, -0.4776072766132555, 0.46710576695996664], [-0.3331826619347728, -0.8713563449082631, -0.360176948143785], [0.5790387050856344, 0.11238064563874497, -0.8075176583199715]], "T": [-0.018047102063849373, 0.018786414905530915, -0.04069473507562954], "aligned_model": [[-0.2939639325578711, 0.3429478863048944, 0.13398475536857887, -0.3662588124807181, 0.3429478863048944, 0.28009030690538045, -0.6608807785875745, -0.0957049474550902, 0.7108394306031548, -0.5636759688981086, 0.20772443464801477, -0.3185953833576455, 0.011066563530974939, 0.43506177504947724, 0.6167964847298869, 0.048238630340624665], [0.5202461269838043, 0.39533716942830144, -0.1910570478123545, 0.6577256599444821, 0.39533716942830144, 0.6709804852755517, 0.046655779458464997, -0.6357705391021979, 0.38076808985740446, -0.08309326129140783, -0.6689047066146009, -0.42954649170051173, 0.3148420402608671, 0.01746721959144651, -0.08040834234253179, 0.02379483772783309], [-0.3597392696499192, -0.594770343280725, -0.6617110590714683, 0.2699224072360262, -0.594770343280725, 0.40938316800676205, -0.4968542359882051, 0.4279240793466041, 0.12888023565134335, 0.18812580057898162, -0.1670341507689924, -0.3054493147935013, 0.6466513889951853, 0.5125504663089275, -0.3492933113985008, -0.05924482542410448]], "inverted": true, "swapped": false, "error_lsq": 0.04502351308043418, "error_max": 0.3300614599459537, "target": "1187.xyz", "model": "23.xyz", "model_rescale": 4.274766983524099, "target_rescale": 4.191941560112675},
{"mapping": [6, 11, 10, 1, 14, 4, 0, 5, 3, 12, 15], "R": [[-0.8551889770867875, 0.09996617703166566, 0.5085848768091004], [0.2773278671127567, -0.7407046822089445, 0.6119197887602884], [0.4378824814855502, 0.6643518173403461, 0.6057190728420532]], "T": [0.026675339045284144, 0.28606580684918537, 0.009494789384355433], "aligned_model": [[0.36257856538807137, 0.12529118381003035, -0.497052114754674, -0.4438910253607574, -0.6194012111108953, -0.674523292839403, 0.10240022098078107, 0.10702311908906707, 0.5947000003400915, 0.3910304361747322, -0.06826117775896876], [-0.18144724862304368, 0.4036169915818028, 0.6322744708590102, -0.2602961578703241, 0.4057677063467704, -0.23506837418307214, -0.5602966456156345, 0.10350635793506613, -0.15090700327638956, 0.5976151638945134, 0.16082127019478407], [-0.5667633153442626, -0.45841156513249154, -0.4657473159377904, -0.15874384893656196, 0.0603611077693554, 0.35579480160055327, -0.08254836889344713, 0.733910158780459, 0.3537801490194622, 0.5041288384395084, 0.10380579265679249]], "inverted": false, "swapped": true, "error_lsq": 0.050669167060756304, "error_max": 0.2752519055489876, "target": "1187.xyz", "model": "24.xyz", "model_rescale": 3.7841303162186577, "target_rescale": 4.191941560112675},
{"mapping": [11, 7, 6, 14, 0, 9, 11, 5, 8, 13, 4, 3, 12, 2, 1, 15], "R": [[0.3879157672869364, 0.4552486171901405, 0.8014175279070535], [0.18681425961184822, -0.8902915228836786, 0.4153088449420955], [0.9025640087527669, -0.011388627130850398, -0.43040505256817113]], "T": [0.12750099595561623, 0.20495820235767667, -0.08440572573881586], "aligned_model": [[-0.5071438294274272, 0.09314083677326931, -0.0202893895889025, -0.30882776794113087, 0.6296297751928187, 0.17603858128421057, -0.5071438294274272, 0.014535713412675483, 0.7048350156479911, -0.6309038870809668, 0.362449468835485, -0.340823812473914, -0.22071913321069983, 0.4955107999708436, 0.7871499832231372, 0.10317980525891152], [0.24941076763931191, 0.46262619140740413, -0.2842093878007549, 0.6530305567124232, 0.4597703370037899, 0.48951872724466894, 0.24941076763931191, -0.4709460076510734, 0.24148052806012824, 0.14161565182915115, -0.5031674754865499, -0.45034856087395003, 0.05305327929202219, -0.07899712231750369, -0.031912153851258396, 0.15403809024573178], [-0.5141469085652868, -0.6804192717092852, -0.5951889702978207, 0.40359769368556975, -0.5579745321972241, 0.4243281133289549, -0.5141469085652868, 0.46307129594896634, 0.037287877503062755, 0.09672889809066798, -0.09225316655906123, -0.10011583412430744, 0.571977959631218, 0.5095060401528094, -0.3329857767276072, -0.1246958171276805]], "inverted": true, "swapped": false, "error_lsq": 0.05155296576569885, "error_max": 0.3652004119582868, "target": "1187.xyz", "model": "25.xyz", "model_rescale": 4.19342608120988, "target_rescale": 4.191941560112675},
{"mapping": [9, 12, 3, 2, 0, 11, 4, 10, 5, 7, 8, 15], "R": [[-0.4358508183944755, -0.21280312808409363, -0.8744992240033669], [-0.8909015612163085, 0.23996219029631988, 0.3856326690654423], [0.12778291093573577, 0.9471710383588687, -0.294174356066215]], "T": [-0.05508509657867135, 0.016976621095909406, 0.06670837800222343], "aligned_model": [[-0.1375658488172426, 0.5605143953616424, 0.07688301090380663, -0.6565447365729014, -0.5491588588097498, -0.3906021894751852, -0.08173690023107046, -0.34103019423358966, 0.4858225480358347, 0.25526422176699126, 0.4210344615605113, -0.0450713548572664], [-0.5870919883297178, -0.28342124805067415, -0.6243389312959604, 0.30133076444933227, -0.21694342432799002, -0.05631236893441395, 0.6061451403288408, 0.5980315414466773, -0.09849575937743592, -0.1892343708341679, 0.4768261070123897, 0.08628096565410029], [0.14622330201002326, 0.13936418918950447, -0.3843220448685637, 0.07622350137533088, -0.590336621595118, 0.4196059931578928, -0.6649706443600459, 0.5146107381584996, -0.44186452228689976, 0.6780272812663612, -0.34062887511871787, -0.102673835718846]], "inverted": true, "swapped": true, "error_lsq": 0.04821669397088824, "error_max": 0.2461533893341706, "target": "1187.xyz", "model": "26.xyz", "model_rescale": 3.795458400668931, "target_rescale": 4.191941560112675},
