[{"mapping": [10, 11, 6, 7, 3, 13, 5, 4, 1, 9, 8, 12, 9, 14], "R": [[0.43534799019160525, -0.8715664811815043, -0.22548613331427075], [0.864319022591898, 0.4747105673979604, -0.16614001440499787], [0.251842718024398, -0.1225632329925967, 0.959975780578076]], "T": [0.02172842232831012, 0.2996991844778657, 0.028162999350452286], "aligned_model": [[0.11468247894768771, 0.24409348593186195, -0.4212490379040769, -0.3475981600346835, -0.8282826213599983, -0.17801142658633792, -0.5845070876665306, -0.04746456444396272, -0.41517541625013815, 0.49239083636131026, 0.5305590021723404, 0.35479886878197864, 0.49239083636131026, -0.03513509318245751], [-0.6050960041738039, -0.41377184164440683, -0.3152145499942559, -0.23731181626943332, 0.24176374644293586, 0.20026352420524063, 0.19116437708527334, 0.32163282081260636, 0.7620306782837968, -0.11990293980175631, 0.4219596524603688, 0.6877604187650715, -0.11990293980175631, 0.21989820544015437], [0.14122272836152128, -0.4163518560182235, 0.5027875150225642, -0.098712740253029, 0.431745064090284, -0.7210578810633554, -0.1427718035764371, 0.6449994497306315, 0.2506740099188854, 0.4725956335685115, 0.45545051500165856, -0.17172259975147264, 0.4725956335685115, 0.07613441857978392]], "inverted": true, "swapped": true, "error_lsq": 0.053435752136531685, "error_max": 0.3768940160394913, "target": "1188.xyz", "model": "0.xyz", "model_rescale": 3.8414455957264533, "target_rescale": 4.250578799634363},
{"mapping": [5, 2, 6, 7, 4, 9, 0, 13, 3, 1, 11, 12, 10, 8, 14], "R": [[0.27913628589558337, -0.8130897627863669, -0.5108502437588036], [0.35826299590158395, -0.405399591931933, 0.8410105805690224], [-0.8909155738138386, -0.4177753086450087, 0.17813823795728712]], "T": [0.11843638258291268, -0.09543790884605848, -0.12973987234154064], "aligned_model": [[-0.5315862449982672, -0.3865359622296317, -0.3533825726593278, 0.3320200137086942, -0.10732058547810756, 0.43119206873825006, 0.5146469577148602, 0.8656732657285637, -0.42092471473139914, 0.03994622876928626, 0.6171624723303559, 0.37343279271241736, -0.22895655550789928, 0.4290225116567854, 0.0935844482893909], [-0.05812204462113231, -0.5890075294322451, -0.5310059888332437, -0.5411846834254963, -0.11253039631708464, -0.687861736422114, 0.025185693517862387, -0.11818636612051166, 0.3684108924973019, 0.6878883842746462, 0.5946694811614258, 0.4009291061308627, 0.21076259936730674, -0.18369249287317754, -0.009199046936673241], [-0.027755094594568944, -0.3442082574880685, 0.31488861859672623, -0.5404062181775194, -0.6242688129427346, -0.00040476770601771683, -0.7247058345725989, -0.003381062606188312, -0.45732311097912015, -0.48853940610493773, -0.09383054497027052, 0.39072738035649357, 0.37418541551857487, 0.591404899757432, -0.13277946537892618]], "inverted": true, "swapped": false, "error_lsq": 0.05054942226430262, "error_max": 0.3814371345897981, "target": "1188.xyz", "model": "1.xyz", "model_rescale": 4.316132596720782, "target_rescale": 4.250578799634363},
{"mapping": [8, 12, 0, 6, 4, 9, 3, 10, 2, 11, 5, 14], "R": [[-0.11293573784157712, -0.37093194712069394, 0.9217673294945041], [0.9154759440535369, -0.3994303629133186, -0.04857140148503064], [0.38619854346885363, 0.8383703691019773, 0.38468923722187837]], "T": [0.14956792532691168, -0.06636260647440095, -0.029944277400893893], "aligned_model": [[-0.21733997644932643, 0.473408055514942, -0.05873531490379069, -0.5116029990614689, -0.3928054622721392, -0.46156206380541687, -0.18281132949603177, -0.3447640509518951, 0.6892279123907256, 0.23119714121286997, 0.29758726557397513, 0.07600937687933641], [-0.625922391613941, -0.5087659185345635, -0.6566916202878579, 0.5336438671517725, -0.17096445557730036, -0.2706137792834066, 0.518970245467593, 0.388553452303704, -0.012265188797237966, 0.30370364814741946, 0.4989251014145075, 0.014203467350291002], [0.06334152278242788, -0.0001352830587639381, -0.5379315138716868, -0.07955881502316825, -0.3139258294910532, 0.3942149047826484, -0.6899921966861897, 0.5935656014842366, -0.41305373768425724, 0.7526592119695769, -0.28890390179943626, -0.031021502194913318]], "inverted": false, "swapped": true, "error_lsq": 0.0616570055934746, "error_max": 0.3486828304804291, "target": "1188.xyz", "model": "2.xyz", "model_rescale": 3.795458400668931, "target_rescale": 4.250578799634363},
{"mapping": [9, 11, 10, 5, 4, 3, 7, 12, 13, 2, 6, 14], "R": [[-0.803881017283882, -0.42278518721167946, 0.41836347298134946], [-0.18497904170501844, -0.49079174592310876, -0.8514142448089765], [0.5652946702212256, -0.7618242235635015, 0.3163317692097079]], "T": [0.2767465681724694, -0.021074726526040737, -0.08282944239670034], "aligned_model": [[-0.20403810642715275, -0.28333937645346635, -0.6177250640246326, 0.16894729979094406, 0.1378500639877137, 0.05509885067860476, -0.23763585000527793, 0.7266532869570282, 0.3536889314673841, 0.7797829084247434, -0.4693649951409858, 0.18338587648866228], [-0.023131471820202847, -0.6776380647089325, -0.2077978812281794, 0.1411341641435493, 0.5175435662859571, 0.7470807054611946, -0.05891964916680553, -0.26376860363404364, -0.5405733288369907, -0.020917797382059993, 0.44467565513480994, 0.028081751041413045], [-0.6861131928079607, 0.02351387360118351, -0.154469201371716, 0.525929621905635, -0.3591518195442901, 0.41673366071472384, 0.33533186901721157, -0.2832423237004943, 0.49623571831831215, 0.3506295597644097, 0.07844820350035939, -0.05507453875827352]], "inverted": false, "swapped": true, "error_lsq": 0.057007231793028766, "error_max": 0.29083644874838493, "target": "1188.xyz", "model": "3.xyz", "model_rescale": 3.7530521520055578, "target_rescale": 4.250578799634363},
{"mapping": [3, 10, 7, 11, 5, 9, 1, 4, 0, 12, 14], "R": [[0.23423067955559723, 0.0045975634725085035, 0.9721701760314599], [-0.3791135792337208, 0.921252653588758, 0.08698529931126114], [-0.8952144339740736, -0.38893754082858684, 0.21752863383630888]], "T": [0.07482319836229928, 0.0260940206037438, 0.14378055762991773], "aligned_model": [[-0.4259659195450706, 0.012985118830333542, 0.1790184911438497, 0.573365233647837, 0.17551268701368145, -0.29075662386668155, -0.21874463359625795, -0.5462197165699108, -0.44149055448502056, 0.2966986557678374, 0.023796864104607462], [-0.7574542897135004, 0.21815218101321707, -0.30337100324470956, 0.2581106044272785, -0.5836345717691401, 0.5863667489102532, -0.4216156669850032, 0.032704946947380686, 0.1612949124485566, 0.2931254157654336, -0.016475919485420404], [-0.011190656266734711, -0.7502927096771821, -0.42320844727774387, -0.529795516139798, -0.019353360867159303, -0.24034869214983132, 0.553073225328633, 0.13954336465172096, 0.7479911536334105, 0.5691594616493532, 0.05725295436064806]], "inverted": false, "swapped": true, "error_lsq": 0.05102863971336171, "error_max": 0.2733543670049764, "target": "1188.xyz", "model": "4.xyz", "model_rescale": 3.7855080009869324, "target_rescale": 4.250578799634363},
{"mapping": [15, 8, 13, 7, 10, 6, 5, 4, 9, 3, 0, 1, 14, 11, 16], "R": [[-0.9712015302811405, -0.13958939331933304, -0.1930864802421733], [0.23318559820735893, -0.7232376159692657, -0.6500398661895815], [-0.048908735091462055, -0.676344699188094, 0.7349597155708057]], "T": [0.0792305199353981, -0.01037977518686374, -0.05058258353321572], "aligned_model": [[-0.7128098451616798, -0.2695508106028016, -0.22163664782507397, 0.4429220441630629, -0.1821106035605029, 0.40102068136332963, 0.49723279802887743, 0.8061255127208097, -0.4008375185462316, 0.058000977608872725, 0.6839276876443654, 0.6187148955061517, -0.43215701281466745, 0.33856854149080673, 0.040563424028652206], [-0.19850328285252516, -0.5944068637575576, -0.4804491503182594, -0.4330901243614868, -0.12199655935218699, -0.5620829679136401, 0.2007977152638632, -0.13311886128636144, 0.42237688669402934, 0.5558694747972635, 0.4677557975010033, 0.30954658152524867, 0.3194402822510846, -0.3203020544320463, 0.025218998209298203], [-0.17942245549182528, -0.23106476339389342, 0.41134962881267545, -0.5509963201367732, -0.7215570873236178, 0.08414583666916654, -0.7107199992694381, -0.11024471618286377, -0.3491966643719284, -0.4522387783370054, -0.16975301953020155, 0.37333683544321905, 0.24505049917624372, 0.6343467556715939, -0.03943201302707642]], "inverted": false, "swapped": false, "error_lsq": 0.04222200572138089, "error_max": 0.26544466862328914, "target": "1188.xyz", "model": "5.xyz", "model_rescale": 4.2253639853439635, "target_rescale": 4.250578799634363},
{"mapping": [9, 0, 3, 6, 4, 5, 7, 10, 2, 12, 1, 13, 11, 14], "R": [[0.22847598383837567, 0.954674074425667, 0.19077771470636207], [-0.4907859016869691, -0.056292264867121494, 0.8694598205906], [0.8407900591196322, -0.2922817006513162, 0.4556791458361677]], "T": [0.07960207517083187, 0.12274929683288369, -0.06453964924100591], "aligned_model": [[0.6494121070684402, -0.25946997470423194, -0.5937297092449058, 0.05793995356331513, -0.06392793278934067, -0.3022816775421092, 0.14123473363013272, 0.6977607796198352, -0.4088912897114516, 0.12245664584147341, -0.5729563674393295, 0.07888852747928599, 0.7486664419631784, 0.07895991502349146], [-0.2764086255236109, 0.1671554323613396, -0.5080566817262534, -0.74387330831908, -0.3320098180403971, -0.03778458076464383, -0.23907760775776268, -0.4635870185641219, 0.5336161174670527, 0.6174213302197986, 0.08068397759585397, 0.5294216066165053, 0.0973095595555076, 0.02028876351480284], [-0.3978546618195553, -0.7945998227738198, 0.12901111376864866, 0.15480568287358004, -0.4624708550964585, 0.42219814300805414, 0.48878042014837136, 0.27334618019529583, 0.11847668599608882, -0.29894263928844733, -0.22746451551156338, 0.6030923667163524, 0.4902452425205028, -0.027065131805601217]], "inverted": false, "swapped": true, "error_lsq": 0.047743841234471444, "error_max": 0.24476449135508965, "target": "1188.xyz", "model": "6.xyz", "model_rescale": 3.89814844738969, "target_rescale": 4.250578799634363},
{"mapping": [11, 10, 9, 13, 8, 6, 7, 12, 2, 3, 4, 1, 14], "R": [[-0.6825685392327641, 0.7277235407992738, -0.06722081088635212], [0.08440677912015382, -0.012864680403222528, -0.996348330473176], [-0.7259309091698828, -0.6857499166348409, -0.0526437740582566]], "T": [0.027369872800329445, -0.04725628307918796, 0.0778183169595424], "aligned_model": [[-0.08010540061589543, -0.06176217834951887, 0.5054286772720454, -0.4228076680964784, 0.6612509485415791, -0.3674412569215157, -0.4776429853563008, 0.35800740278482485, -0.28233253586904916, -0.6335613916907298, 0.16994488895027926, -0.1926155216624768, -0.027731178082540373], [-0.3570960745018892, 0.2432160606093392, 0.33687691258934443, -0.6691957890010325, 0.1845457312997265, 0.6595296530434, 0.059765278332305785, -0.4148568366750009, -0.399890274604674, 0.5747369269231755, 0.5424111565094254, 0.17216052190915299, 0.03157799903721242], [-0.7274946361996997, -0.7869120383438784, -0.3901676705378403, -0.06931025970772288, 0.10770828173179219, -0.30191076322849286, -0.3397805230208775, 0.31662860431646306, 0.5475692902218144, 0.3328635731029519, 0.21093719540209266, 0.6758226782022878, 0.0263212988974057]], "inverted": false, "swapped": true, "error_lsq": 0.05226910073807145, "error_max": 0.2909067333003572, "target": "1188.xyz", "model": "7.xyz", "model_rescale": 3.7474275329858107, "target_rescale": 4.250578799634363},
{"mapping": [10, 7, 6, 9, 11, 5, 8, 8, 12, 13, 4, 2, 0, 3, 14], "R": [[-0.6203499774016247, 0.7837394087252024, -0.030305853376430908], [-0.710561938369955, -0.545229355087265, 0.444777115071198], [0.3320657122886014, 0.29745165920228983, 0.8951284115477894]], "T": [0.014969132900096105, 0.06045815579063489, -0.09399594070717279], "aligned_model": [[-0.6913472950910853, -0.18945299749041833, -0.22633717490425495, 0.27593144992868834, -0.22210102020234831, 0.307434741481202, 0.683368262377255, 0.683368262377255, -0.3894622110090901, 0.13489262234734706, 0.6571936915704002, 0.586182131975787, -0.29975445489579977, 0.3149817333481042, 0.04307638223092937], [-0.21392048106752587, -0.5528858723481197, -0.5865388748359857, -0.3997919456668426, -0.07474559242939578, -0.5893477504969645, -0.07155518441403351, -0.07155518441403351, 0.44643104946532536, 0.758442038205712, 0.45189104710604694, 0.4975422960018888, 0.005542435913277008, -0.2556523373427653, 0.11320022829114335], [-0.12711431738686396, -0.30823489066060084, 0.3420134703975788, -0.6420916926409463, -0.6525634340014971, -0.021624565337329982, -0.1260177704285857, -0.1260177704285857, -0.35496113419387343, -0.6476643299620946, -0.30975912960350793, 0.3433399255473454, 0.4823256402024718, 0.4753906877694666, -0.09341695056470099]], "inverted": true, "swapped": false, "error_lsq": 0.05547089475821202, "error_max": 0.5386057277355795, "target": "1188.xyz", "model": "8.xyz", "model_rescale": 4.019505241142653, "target_rescale": 4.250578799634363},
{"mapping": [12, 11, 8, 0, 1, 4, 9, 2, 5, 7, 10, 6, 14], "R": [[-0.285876702720317, -0.32892564496397175, -0.9000457937942908], [0.5174209731552424, 0.7375712285622924, -0.4338942490241062], [0.8065668275975909, -0.5897428277496441, -0.04066140352978739]], "T": [-0.07215883496983329, -0.19189540169560165, -0.038033285239653096], "aligned_model": [[-0.27437438958479193, -0.7325214268778343, 0.15577073125364282, 0.49169914954270605, 0.40398373194410225, 0.5111759369389931, 0.04759536313777961, -0.16070622690447395, -0.03142046485743411, -0.1871734381948253, -0.23438117636452205, 0.3587241026486329, -0.028671120940799114], [-0.49807243634389803, 0.33211070144946636, 0.025428248478331583, -0.4884162043813725, -0.6497604101304403, -0.0007776211791838405, 0.4907965586520589, -0.8255924478739136, -0.35575044177711745, 0.10912692922628037, 0.6670690274501843, 0.37984483768172866, -0.12262851313806611], [-0.4465013862113592, 0.1750850723602552, -0.6357366782058873, -0.5320668911146533, 0.09536242000292791, -0.1326403578690696, -0.3767072233477053, 0.1395046088621942, 0.5784177800417496, 0.5425161011133339, 0.23754123061394417, 0.49775525022877953, 0.03417356756936873]], "inverted": false, "swapped": true, "error_lsq": 0.05879946143192157, "error_max": 0.33722138139439956, "target": "1188.xyz", "model": "9.xyz", "model_rescale": 3.877068213659057, "target_rescale": 4.250578799634363},
{"mapping": [11, 12, 6, 5, 0, 3, 1, 4, 11, 8, 7, 2, 10, 13, 15], "R": [[0.48184788425946085, 0.8731052784088791, -0.07422795463459318], [0.8749702947602722, -0.4748268766689272, 0.09469118480594756], [0.04742994541219675, -0.11057400240284952, -0.9927355087186168]], "T": [0.13389945825637795, -0.018937124316951954, 0.02707081887894093], "aligned_model": [[-0.5151960585047557, -0.31733093266425655, -0.13133768273524976, 0.32934850638915647, -0.17747131261436316, 0.4124286186284465, 0.5308538613321756, 0.8044490956014291, -0.5151960585047557, 0.05068563508138493, 0.7253398320456305, 0.49993773922129203, -0.5002032729251938, 0.3758512049069247, 0.09581494878610608], [0.15854773143343745, -0.5215389169465379, -0.48201496269116206, -0.5025106694868104, -0.05403096525968801, -0.5888598595702271, 0.006374850607026954, -0.10216858721055629, 0.15854773143343745, 0.6363116818275409, 0.4412987750279338, 0.42764582361562153, 0.06926227157615154, -0.1632281751157689, -0.026580857272671152], [-0.27596286301725453, -0.292268793553761, 0.3361221896413179, -0.5551247996535034, -0.7047643408455948, 0.04633024234073768, -0.7440926631452144, -0.011998186559923948, -0.27596286301725453, -0.3717366503175572, -0.29645316882991807, 0.3540800013702099, 0.33259556801072737, 0.746986050635982, -0.05414598435071746]], "inverted": true, "swapped": false, "error_lsq": 0.039796345073080934, "error_max": 0.34591426376549345, "target": "1188.xyz", "model": "10.xyz", "model_rescale": 4.260839863003843, "target_rescale": 4.250578799634363},
{"mapping": [11, 9, 4, 8, 1, 2, 13, 7, 6, 3, 5, 14], "R": [[0.9297090582582371, 0.33205718751020485, 0.15930816430865896], [0.12941809739837679, -0.6995235299410009, 0.7027928479464386], [0.3448072259369955, -0.6327755172900532, -0.6933275716859525]], "T": [-0.11737303923147287, 0.019318525408201954, -0.2419737133986126], "aligned_model": [[0.6858382896156445, 0.08352327304176128, -0.34603643710943754, -0.4200638128700221, -0.5919028980576124, -0.39049729510382175, 0.2509456906250083, 0.45786330361285515, 0.3281859286113603, -0.13550576498220912, 0.09142937749936188, -0.05488100578875879], [0.018531916578101888, -0.7133949167009686, -0.42731825429892223, -0.5365773442510726, 0.22041478274867746, 0.6226894293240814, 0.6813167098806197, 0.1264238368630107, -0.3394311622328035, 0.11118376708961403, 0.42599186995267435, -0.01675212942007856], [-0.5750375597239247, -0.3756939456332742, 0.12406535258028697, -0.4781704104478046, 0.19222466582416756, -0.1942350083724682, -0.43488587584170935, 0.07189249184293015, 0.44533424507828734, 0.6961018453810179, 0.20472343954785702, -0.16014116283986127]], "inverted": false, "swapped": true, "error_lsq": 0.05570741058333729, "error_max": 0.29466928620189625, "target": "1188.xyz", "model": "11.xyz", "model_rescale": 3.890672605050136, "target_rescale": 4.250578799634363},
{"mapping": [1, 2, 0, 3, 4, 10, 13, 6, 5, 11, 8, 12, 9, 14], "R": [[-0.45707534643878606, -0.4846933990785395, -0.7457576258862901], [-0.8428757339382309, 0.5037523450344359, 0.18919321343641232], [0.2839764511644458, 0.7150565598342544, -0.6387890821093054]], "T": [0.012097095036858366, 0.09577943287137573, 0.02149483701680885], "aligned_model": [[0.5866300509639516, 0.08901787781287486, 0.6602579162220972, 0.6273429257676542, 0.526148316864704, -0.3905930387324091, -0.5376338476102325, 0.2435762535896525, 0.06320856744652796, -0.775604125602154, 0.20381622272346278, -0.07805768674011689, -0.03961461337935156, 0.031381015467032376], [-0.013657614451649036, 0.022324083169811687, 0.5721200529187876, -0.6184748268588656, 0.10547267600398431, -0.2861143917470582, -0.19474106159751114, -0.5565581728734025, -0.49102649701439355, -0.12816104851261978, 0.6307554359250399, 0.5620804661576002, 0.3177405839681223, 0.010392834739918769], [-0.3132915715790102, -0.6339590481444655, -0.03251238871397666, 0.01329772913475566, 0.369939011474961, 0.7509295875301495, -0.45232909485687256, 0.5876126774707509, -0.22663098365713744, 0.3138268931997211, 0.38683749026565417, -0.2540358477800694, 0.7584945409908538, 0.08661144002154672]], "inverted": false, "swapped": true, "error_lsq": 0.057057513310621824, "error_max": 0.29542847222143565, "target": "1188.xyz", "model": "12.xyz", "model_rescale": 4.124412569039231, "target_rescale": 4.250578799634363},
{"mapping": [12, 11, 9, 2, 8, 0, 13, 1, 7, 5, 4, 6, 14], "R": [[0.12050678375241425, -0.44895782779581606, 0.8853897356139335], [-0.9268482695945023, -0.3703413246943994, -0.06164080120564669], [0.3555705277709691, -0.8131938096692939, -0.4607444277429893]], "T": [0.06100413847953073, 0.07422984259212134, 0.07223613122061871], "aligned_model": [[-0.1440163376725006, -0.11778318825403522, 0.6990366452113993, -0.4711772489139215, 0.5535644689060063, 0.41391978421321235, -0.663059953972089, 0.04408155742278549, -0.010313668622918638, -0.21907531519699058, 0.6154404418010748, 0.5542548705990245, 0.11242625198871001], [-0.2737372086695666, 0.8589372533816606, 0.3385235445503291, -0.2531588014070647, -0.18358373409041218, -0.650592917681041, 0.36890762217539547, -0.3984951692727334, 0.649379509897505, 0.26191326278132326, -0.09483269652258303, 0.5809135095564417, 0.14331120180922313], [0.4442135931458425, 0.40140167395292975, 0.41599880589606913, -0.15255696806852204, 0.4560945460240628, 0.06875330992404911, 0.06883294617952306, -0.40775471615185205, -0.25179631044545786, -0.4707651931428221, -0.15086519949298632, -0.47511360970244637, 0.005255202849449761]], "inverted": true, "swapped": true, "error_lsq": 0.05242204417202591, "error_max": 0.34919445674623395, "target": "1188.xyz", "model": "13.xyz", "model_rescale": 3.9028299243045295, "target_rescale": 4.250578799634363},
{"mapping": [14, 11, 9, 1, 12, 6, 2, 3, 13, 5, 0, 4, 10, 7, 15], "R": [[-0.4405384098533807, -0.6036647683761274, -0.6644657680161193], [0.6889418911773322, -0.7018814631669619, 0.1808908019872934], [-0.5755736095625442, -0.37808895657503866, 0.7250956908513129]], "T": [0.18420610822704284, 0.013334504654448638, -0.20281387949720314], "aligned_model": [[-0.6543552583389413, -0.2940764811141361, -0.09460771528911796, 0.22395112036676468, -0.228428644640387, 0.45762814146869735, 0.7163103350072861, 0.7252504226654966, -0.503114435270359, 0.02259959503931544, 0.8578052630726095, 0.3721930911460296, -0.236662212175729, 0.14683570838667556, 0.15664519371976715], [-0.18972155100272342, -0.5088145439925043, -0.5613446149170085, -0.5435963074301005, 0.07044824921135828, -0.5686919987191184, -0.08642249012111688, -0.038948600010890407, 0.3976790810810188, 0.4926583466735156, 0.49576385218966157, 0.49045604291988015, 0.2546133428931445, -0.19129763758492452, -0.05572529922246491], [-0.006259241935802962, -0.4136759767743226, 0.23633554587932676, -0.5351497943539398, -0.7602283302155257, -0.02704754780089716, -0.7018764040286807, 0.1025170426487988, -0.31471146147800516, -0.2817684425226429, -0.23006296155175757, 0.24033305534377436, 0.3628777159401954, 0.6788646874507898, -0.11654414789303474]], "inverted": false, "swapped": false, "error_lsq": 0.05096204139983384, "error_max": 0.365533010736203, "target": "1188.xyz", "model": "14.xyz", "model_rescale": 3.942246331269136, "target_rescale": 4.250578799634363},
{"mapping": [7, 9, 2, 10, 6, 5, 4, 3, 8, 11, 13, 12, 0, 1, 14], "R": [[0.5201013027235677, -0.833355626339884, 0.18711770347272716], [-0.596730532952733, -0.1978059696137793, 0.7776795416025165], [-0.6110706227165525, -0.5161309896071077, -0.6001678895275827]], "T": [0.15958355317486173, -0.04508492487961596, -0.17980008005577358], "aligned_model": [[-0.6818132964543473, -0.25145877207721284, -0.2868127103441674, 0.33037596838905026, -0.26601797396198834, 0.2330510611626448, 0.6627806059898582, 0.7843689892834005, -0.3801457523269065, 0.1218088211770185, 0.5947213272980343, 0.5611607317566533, -0.31268716643863864, 0.4309433575537184, 0.1276989330368543], [-0.18708034690995518, -0.6678433522199503, -0.44238228072648905, -0.36560378041427005, 0.013962581369459562, -0.5576059562878073, -0.011062379329731364, -0.22705472511504826, 0.5094151634156108, 0.40619877987296915, 0.637241671603314, 0.4324443302130198, 0.07834669957715418, -0.12754358760425738, -0.034376945476291526], [-0.1262449711911, -0.48208877346047724, 0.2951031791379479, -0.7938832423352988, -0.537803042952685, 0.18722073110275356, -0.47862974617882154, 0.125286925779589, -0.17187195600552974, -0.73570215066158, -0.2573589594215052, 0.34819408500261867, 0.3701476305022094, 0.5792821693017984, -0.0880481399116433]], "inverted": false, "swapped": false, "error_lsq": 0.05812240408153708, "error_max": 0.43762901848260705, "target": "1188.xyz", "model": "15.xyz", "model_rescale": 4.355366556412066, "target_rescale": 4.250578799634363},
{"mapping": [8, 12, 0, 6, 4, 9, 3, 10, 2, 11, 5, 14], "R": [[-0.11293573784157712, -0.37093194712069394, 0.9217673294945041], [0.9154759440535369, -0.3994303629133186, -0.04857140148503064], [0.38619854346885363, 0.8383703691019773, 0.38468923722187837]], "T": [0.14956792532691168, -0.06636260647440095, -0.029944277400893893], "aligned_model": [[-0.21733997644932643, 0.473408055514942, -0.05873531490379069, -0.5116029990614689, -0.3928054622721392, -0.46156206380541687, -0.18281132949603177, -0.3447640509518951, 0.6892279123907256, 0.23119714121286997, 0.29758726557397513, 0.07600937687933641], [-0.625922391613941, -0.5087659185345635, -0.6566916202878579, 0.5336438671517725, -0.17096445557730036, -0.2706137792834066, 0.518970245467593, 0.388553452303704, -0.012265188797237966, 0.30370364814741946, 0.4989251014145075, 0.014203467350291002], [0.06334152278242788, -0.0001352830587639381, -0.5379315138716868, -0.07955881502316825, -0.3139258294910532, 0.3942149047826484, -0.6899921966861897, 0.5935656014842366, -0.41305373768425724, 0.7526592119695769, -0.28890390179943626, -0.031021502194913318]], "inverted": false, "swapped": true, "error_lsq": 0.0616570055934746, "error_max": 0.3486828304804291, "target": "1188.xyz", "model": "16.xyz", "model_rescale": 3.795458400668931, "target_rescale": 4.250578799634363},
{"mapping": [11, 10, 9, 13, 8, 6, 7, 12, 2, 3, 4, 1, 14], "R": [[-0.6825685392327641, 0.7277235407992738, -0.06722081088635212], [0.08440677912015382, -0.012864680403222528, -0.996348330473176], [-0.7259309091698828, -0.6857499166348409, -0.0526437740582566]], "T": [0.027369872800329445, -0.04725628307918796, 0.0778183169595424], "aligned_model": [[-0.08010540061589543, -0.06176217834951887, 0.5054286772720454, -0.4228076680964784, 0.6612509485415791, -0.3674412569215157, -0.4776429853563008, 0.35800740278482485, -0.28233253586904916, -0.6335613916907298, 0.16994488895027926, -0.1926155216624768, -0.027731178082540373], [-0.3570960745018892, 0.2432160606093392, 0.33687691258934443, -0.6691957890010325, 0.1845457312997265, 0.6595296530434, 0.059765278332305785, -0.4148568366750009, -0.399890274604674, 0.5747369269231755, 0.5424111565094254, 0.17216052190915299, 0.03157799903721242], [-0.7274946361996997, -0.7869120383438784, -0.3901676705378403, -0.06931025970772288, 0.10770828173179219, -0.30191076322849286, -0.3397805230208775, 0.31662860431646306, 0.5475692902218144, 0.3328635731029519, 0.21093719540209266, 0.6758226782022878, 0.0263212988974057]], "inverted": false, "swapped": true, "error_lsq": 0.05226910073807145, "error_max": 0.2909067333003572, "target": "1188.xyz", "model": "17.xyz", "model_rescale": 3.7474275329858107, "target_rescale": 4.250578799634363},
{"mapping": [6, 5, 7, 1, 9, 8, 10, 13, 4, 11, 0, 2, 12, 14], "R": [[-0.9602914167526279, -0.2788944174220724, -0.007635367838784594], [-0.12176794114988511, 0.443581240783926, -0.8879235616497124], [0.25102383038139786, -0.8517356319629908, -0.45992765716496736]], "T": [-0.06469920474030326, 0.021100900115131938, 0.07872812258715242], "aligned_model": [[0.5010216198573513, 0.18140437792909447, 0.5427029107655915, -0.48119479474442106, 0.16149282807917203, -0.36223131530422603, 0.7645085963536359, 0.22655351371891697, -0.20640512081315, 0.6780730459395149, -0.7836784376268217, -0.3665281616008961, -0.4524098643256109, 0.01153844965472503], [-0.47324711134444913, 0.2990330500534718, 0.09267501568904427, 0.03401174879498117, -0.6142931896613433, -0.47035100629622856, -0.3359110848774897, 0.7461115289400797, -0.535021682883037, 0.20416307634864567, -0.33422966431768947, 0.5510422858409034, 0.2268574624394188, -0.030432187215073944], [-0.406242344736252, -0.44156674714927413, -0.1797679290698331, -0.4509050123723962, 0.45318897769414956, 0.43422843048450066, 0.2369499843820615, 0.10416092635135463, -0.15876517493585493, 0.4920781032615227, -0.003361276945172284, -0.1839383946760085, 0.4086165553793749, 0.020118620993482147]], "inverted": true, "swapped": true, "error_lsq": 0.053158945542521, "error_max": 0.40551415072234975, "target": "1188.xyz", "model": "18.xyz", "model_rescale": 3.922800546911778, "target_rescale": 4.250578799634363},
{"mapping": [4, 11, 13, 9, 10, 7, 2, 3, 6, 1, 0, 5, 8, 12, 14], "R": [[-0.08182864326244865, 0.9520139312398344, -0.2949127801013428], [-0.6770808854698689, -0.2702384526694147, -0.6844944508395808], [-0.731345026422663, 0.1436685540545201, 0.6667036814827993]], "T": [0.07050505216913758, 0.023589845598845305, -0.06864491973181834], "aligned_model": [[-0.6100551365709497, -0.18661950984466266, -0.27571169671513307, 0.41918328245034986, -0.26642694196164884, 0.3956007431191866, 0.37389337247910326, 0.6861972299930852, -0.4594333918829605, 0.10703750939128989, 0.8151192139655619, 0.4250614090126903, -0.2905499527154186, 0.41686465834895303, 0.11781333497452491], [-0.1764428279103155, -0.6153497221674158, -0.4190542757937619, -0.4328728708338496, -0.17597791473874638, -0.6954049533608411, 0.07214801622213912, -0.1411838806051609, 0.3825003076546531, 0.705069629920309, 0.3974646991740758, 0.49451278546807637, 0.31944096212970474, -0.1973461932179535, -0.06044788997318641], [-0.2124917067067082, -0.2499921036655094, 0.32634101850998537, -0.6455404615327849, -0.7738046091839276, 0.05613604778040325, -0.7157357896666389, -0.01458934736081341, -0.3257758156887988, -0.35540912089076515, -0.13352927526677444, 0.41617988853655313, 0.3269584856085248, 0.6020534733819706, -0.06719694514644062]], "inverted": false, "swapped": false, "error_lsq": 0.04787469795690247, "error_max": 0.2765004613610984, "target": "1188.xyz", "model": "19.xyz", "model_rescale": 3.9282355846067225, "target_rescale": 4.250578799634363},
{"mapping": [13, 2, 1, 5, 7, 3, 6, 4, 10, 9, 12, 11, 8, 14], "R": [[0.7594366054928037, 0.021904084408373048, 0.6502124678317072], [-0.5289445230614055, -0.5610980394107592, 0.6366998364164583], [0.37877926786046556, -0.8274594861717602, -0.41453234491829055]], "T": [0.0297215040065009, -0.24224819535865383, 0.16096472451993415], "aligned_model": [[-0.6677182608450031, -0.06325417933740254, 0.39685400198028775, -0.26983052630606036, -0.4343697677704486, 0.18518621424214762, -0.0011687112240258077, 0.5319077088507574, -0.3686283209236039, 0.23409861740254131, 0.13902610417376934, -0.6935564185962602, 0.5292332909293627, 0.014743066508614157], [-0.5924486651808676, -0.8524235006376002, -0.5543320829768786, -0.3155350563809493, 0.09118817443442995, -0.07144726236814736, 0.4761958979936317, 0.0688624710593908, 0.5806400026227687, 0.402956717684529, -0.6349994976934746, 0.13201054908606102, -0.051397157794737525, -0.15638850242332006], [0.11565699045035027, -0.08393098783563566, -0.31016572469154974, -0.3988724142831531, -0.1771474926848552, -0.7530437751741174, -0.37054279313489447, -0.030803701567350433, 0.22615462384726392, 0.5311674159555674, 0.5287698570048778, 0.4657269632453298, 0.573874712571808, 0.09533948354004182]], "inverted": true, "swapped": true, "error_lsq": 0.05454124235076098, "error_max": 0.3569481438945309, "target": "1188.xyz", "model": "20.xyz", "model_rescale": 4.067790424073018, "target_rescale": 4.250578799634363},
{"mapping": [10, 9, 12, 7, 1, 0, 8, 0, 13, 5, 4, 2, 11, 3, 14], "R": [[0.3246704028113365, 0.17927041585438042, 0.9286825332360475], [0.9238852850304574, 0.1501558837766319, -0.35197896339333884], [-0.2025465616654976, 0.9722732787476249, -0.1168741279789016]], "T": [0.11016394346405706, 0.0819375944676464, -0.07865475558579212], "aligned_model": [[-0.6658634603382088, -0.2782507420321116, -0.20003687226120576, 0.3166375670591128, -0.190277758921442, 0.6544556473420611, 0.44748653849527636, 0.6544556473420611, -0.4924019120347876, 0.0996255678789199, 0.6753734567919365, 0.7321916695319275, -0.3551933852278257, 0.22989720458753524, 0.03987495583072226], [-0.13005299130605721, -0.5390018183885695, -0.5051286610413865, -0.45070707945845856, -0.10520739296708256, -0.36331794912575, 0.08770597688063825, -0.36331794912575, 0.39616942883759754, 0.49986957755361483, 0.6311245893259401, 0.20608143237348747, 0.12160442023650087, -0.07723942302444836, 0.048473711197450774], [-0.2339875648853919, -0.3386897092392975, 0.3036311746597139, -0.5585737605298212, -0.8189362145083952, 0.021105314130940897, -0.5383808581412105, 0.021105314130940897, -0.2468696453329221, -0.4954135839406841, -0.22495699568640315, 0.3104361683018962, 0.36844853622195844, 0.7484314792977771, -0.08374591577082638]], "inverted": true, "swapped": false, "error_lsq": 0.05023168221456338, "error_max": 0.2938015982278846, "target": "1188.xyz", "model": "21.xyz", "model_rescale": 4.186013935880536, "target_rescale": 4.250578799634363},
{"mapping": [10, 6, 9, 13, 2, 11, 7, 3, 8, 4, 1, 12, 14], "R": [[-0.0997336914301183, 0.7381809170237369, 0.6671897215453164], [-0.78541902996112, 0.35326062654492796, -0.5082557201921278], [-0.6108765326714192, -0.5747137230613864, 0.5445493534623513]], "T": [0.0885792423907959, 0.025399925114327232, 0.16331656745445605], "aligned_model": [[0.24583085603212773, -0.4371132716573946, 0.3137095886460936, 0.3298631738331039, -0.06453235995165726, 0.6175022217198021, -0.07167399747839892, -0.8260318554981012, 0.2715572438663876, -0.2964898900224608, -0.4649161521652729, 0.412837928159488, 0.02803054993950814], [-0.22851684205608394, -0.128074343537506, 0.42225246785170967, -0.6701257098847586, -0.21781821293411271, -0.48409177228960754, -0.49391389607049974, -0.16004538705832652, 0.6614022816993772, 0.44740730420418295, 0.15105868131379055, 0.22353692181693052, -0.0041148335090021165], [-0.7032141577539406, -0.5435846926440471, -0.458723466272626, 0.42626435868534396, 0.7619266787523187, -0.3022360885201394, -0.21814437012803733, 0.02971137233201679, 0.027482641495754995, -0.0803789302371598, 0.5266335768955464, 0.5596494222960959, 0.07749321643421903]], "inverted": false, "swapped": true, "error_lsq": 0.056229367548093205, "error_max": 0.3138510532607503, "target": "1188.xyz", "model": "22.xyz", "model_rescale": 4.166573947596378, "target_rescale": 4.250578799634363},
{"mapping": [1, 2, 4, 11, 6, 3, 12, 9, 5, 13, 14, 10, 0, 8, 15], "R": [[0.560414359089897, -0.31370684379091096, 0.7665009864863875], [-0.4304568010469101, 0.6803399024560918, 0.5931648670972487], [-0.7075610846833801, -0.6623636714711798, 0.2462350059534554]], "T": [0.17221786911062575, -0.06380840915462421, -0.1049063515115642], "aligned_model": [[-0.5354763459388512, -0.21290594124893591, -0.20852943342124197, 0.6216366168013606, -0.2730097475901667, 0.2779594207024771, 0.41721239056814835, 0.7330026112201642, -0.3774250366542733, 0.1684308116617353, 0.717730762344032, 0.4280068797749085, -0.46895299633431886, 0.2745498539976624, 0.1057442781612702], [-0.09698651142047421, -0.5517387046649931, -0.5189997559678263, -0.5793217846937457, -0.04236915130718344, -0.6442888261255728, -0.040853130250386706, -0.1831028215539367, 0.5550833694529393, 0.7717439181911487, 0.4340887410621255, 0.5912098258362792, 0.031724280614010586, -0.22095989653933673, -0.048173680665320795], [-0.1834376980088897, -0.3626133879044188, 0.3283208899745681, -0.4977957459863403, -0.7216886141592082, 0.010366636635034135, -0.7122218336585662, 0.07324662339914399, -0.18189741408138738, -0.24147540129476125, -0.3886172507424603, 0.1529004113106463, 0.39161070693473454, 0.6818024352088068, -0.11489661891862604]], "inverted": false, "swapped": false, "error_lsq": 0.04958660809177569, "error_max": 0.32759211832793905, "target": "1188.xyz", "model": "23.xyz", "model_rescale": 4.274766983524099, "target_rescale": 4.250578799634363},
{"mapping": [9, 12, 0, 4, 1, 3, 6, 5, 11, 13, 14], "R": [[0.3991922952535835, 0.6930159120469753, 0.6003119664473424], [-0.6384069086971743, -0.2598551296182006, 0.7245080610585545], [0.6580897585724108, -0.6724613425772575, 0.3386939804621553]], "T": [0.05126363050155602, 0.2163300969416118, -0.024917125646049906], "aligned_model": [[0.2953790464613052, 0.13509716043863468, -0.5269453958820117, -0.36556013620014915, -0.5930477526527692, -0.6350903147004722, -0.12706824019400584, -0.12811156763504972, 0.8498583637470952, 0.4388465816897353, 0.036536958885762985], [-0.2681706283009204, 0.7098375981833607, 0.4409709953695844, -0.13057273437619635, 0.3641970005784786, -0.24101496116629947, -0.6369129336640692, 0.0966093377446146, -0.05162453846963619, 0.5188148134113486, 0.11345258193321854], [-0.5733477301637087, -0.2505362340170063, -0.5398349884356912, -0.32769151933752855, 0.1060208157620758, 0.43170912423664604, 0.17455827787635947, 0.5767567751979656, 0.19078486475952428, 0.5828639514506502, 0.008283096692290881]], "inverted": false, "swapped": true, "error_lsq": 0.0467709221853301, "error_max": 0.25145508168018316, "target": "1188.xyz", "model": "24.xyz", "model_rescale": 3.7841303162186577, "target_rescale": 4.250578799634363},
{"mapping": [0, 1, 4, 2, 8, 5, 9, 12, 7, 10, 14, 13, 6, 3, 15], "R": [[0.5994597088455628, -0.23902246142800707, -0.7638823995902055], [-0.39323957104056095, -0.9191967578250534, -0.020975227573166028], [-0.6971446745393879, 0.31296259095426626, -0.6450145110186002]], "T": [0.04581489713652914, 0.047466530678269836, -0.15347712514462866], "aligned_model": [[-0.610748649826832, -0.49508456692362895, -0.08113555035760991, 0.38213320581877774, -0.12973235826533183, 0.573599907553223, 0.46814829036286837, 0.7874910628287857, -0.45551121331002326, 0.020128774315568476, 0.6881323565118107, 0.5738397303926066, -0.33136810985481896, 0.2559254692725958, 0.02215577552598006], [0.09874224587645522, -0.43128461371482485, -0.6093152212340698, -0.5771122245082663, -0.3058325297510673, -0.567356079368204, 0.057779444365363614, -0.07984229876847046, 0.4572732274521731, 0.729054460220766, 0.4701195805879551, 0.3858806358218007, -0.054443942714900356, -0.1543978345531812, 0.03779102225619775], [-0.4815397093894621, -0.33028635941970774, 0.17701592636228428, -0.40957164234866916, -0.5937278703563597, 0.182342597919362, -0.5580372038762461, -0.059238950199072854, -0.09401148494751485, -0.527687256853537, -0.34864793006761485, 0.3141398828606786, 0.4542840836312966, 0.5975929202968798, -0.08902326490404074]], "inverted": true, "swapped": false, "error_lsq": 0.05191574273135603, "error_max": 0.31122439782331524, "target": "1188.xyz", "model": "25.xyz", "model_rescale": 4.19342608120988, "target_rescale": 4.250578799634363},
{"mapping": [8, 12, 0, 6, 4, 9, 3, 10, 2, 11, 5, 14], "R": [[-0.11293573784157712, -0.37093194712069394, 0.9217673294945041], [0.9154759440535369, -0.3994303629133186, -0.04857140148503064], [0.38619854346885363, 0.8383703691019773, 0.38468923722187837]], "T": [0.14956792532691168, -0.06636260647440095, -0.029944277400893893], "aligned_model": [[-0.21733997644932643, 0.473408055514942, -0.05873531490379069, -0.5116029990614689, -0.3928054622721392, -0.46156206380541687, -0.18281132949603177, -0.3447640509518951, 0.6892279123907256, 0.23119714121286997, 0.29758726557397513, 0.07600937687933641], [-0.625922391613941, -0.5087659185345635, -0.6566916202878579, 0.5336438671517725, -0.17096445557730036, -0.2706137792834066, 0.518970245467593, 0.388553452303704, -0.012265188797237966, 0.30370364814741946, 0.4989251014145075, 0.014203467350291002], [0.06334152278242788, -0.0001352830587639381, -0.5379315138716868, -0.07955881502316825, -0.3139258294910532, 0.3942149047826484, -0.6899921966861897, 0.5935656014842366, -0.41305373768425724, 0.7526592119695769, -0.28890390179943626, -0.031021502194913318]], "inverted": false, "swapped": true, "error_lsq": 0.0616570055934746, "error_max": 0.3486828304804291, "target": "1188.xyz", "model": "26.xyz", "model_rescale": 3.795458400668931, "target_rescale": 4.250578799634363},
