[{"mapping": [6, 2, 4, 3, 1, 8, 7, 9, 11, 10, 12, 0, 13], "R": [[-0.5041475923940418, -0.15743818811134636, 0.8491457012830647], [-0.3472030920214525, 0.9372311823683558, -0.03236856016502529], [-0.7907497821523785, -0.31114454473866393, -0.5271658698221423]], "T": [0.20532764860384867, -0.06658306249350535, -0.13580140048198494], "aligned_model": [[-0.029918416591035724, -0.4306947355992311, -0.5963452037274372, 0.13030034181637098, 0.5655618191129697, 0.030809210811904908, -0.29918130514032637, -0.25948240505513687, 0.495245522348047, 0.29887178196596137, 0.3821872758756337, -0.075524672012654, 0.13111284335059462], [-0.5038131914716999, 0.1890429754218307, -0.5555454223814819, 0.04099202072431685, 0.37657566029508827, -0.8271052482305451, -0.47901764465034413, 0.10731281722328159, -0.5959079304470584, -0.31397528180438145, 0.23925583427341915, 0.6499166432434137, -0.1657258769340085], [-0.7172095078486513, -0.4842107874709708, -0.3136796595775857, -0.6417646506342354, -0.21878213461322638, -0.09422675081280277, 0.2472950801968916, 0.40313737971413566, 0.2146620804869708, 0.8365542492571402, 0.3227867038548825, -0.0795645774577387, -0.029958463630077994]], "inverted": true, "swapped": false, "error_lsq": 0.0523467519886509, "error_max": 0.3205096551566909, "target": "1189.xyz", "model": "0.xyz", "model_rescale": 3.8414455957264533, "target_rescale": 4.046615517239201},
{"mapping": [2, 6, 9, 5, 10, 4, 0, 13, 3, 1, 12, 8, 14], "R": [[0.021782507152968977, 0.2112194540521659, 0.9771959192567455], [-0.7695621829329404, -0.6204003832407106, 0.15125280517817538], [0.6382002577417362, -0.7553076900870827, 0.14903262835264325]], "T": [-0.05530756268729758, -0.17452542300426263, -0.020526672628436098], "aligned_model": [[-0.10103736774223002, -0.03614413281560295, -0.6954230795526559, 0.411404905969064, 0.43695034125497084, 0.04922223924991714, -0.26850956818921246, -0.5606474715116588, 0.6266391237297187, 0.5558441684429979, 0.17902942269083136, -0.2795625048369614, 0.02517598046648243], [-0.5410132101430939, 0.11247727394021764, -0.04345270991062533, -0.20961756354011585, 0.2729312718826977, -0.7047849925465792, -0.6561166541886219, 0.10460396237029221, -0.5596117288242208, -0.4591658231768283, 0.4365188200064123, 0.5831099950402394, -0.17387328564794308], [-0.6594321542344019, -0.7466736196617415, -0.21694904646581126, -0.48449951478171355, -0.18129346838425126, -0.08148193707667406, 0.4776019858559571, 0.4709663216340857, -0.0263692743473117, 0.5216645254694181, 0.37190249834955663, -0.01969495960416174, 0.019297604711781692]], "inverted": true, "swapped": false, "error_lsq": 0.053380843200361336, "error_max": 0.3358283394409318, "target": "1189.xyz", "model": "1.xyz", "model_rescale": 4.316132596720782, "target_rescale": 4.046615517239201},
{"mapping": [0, 3, 1, 6, 2, 5, 7, 9, 11, 8, 10, 12], "R": [[0.6083743555317191, 0.769423037364316, -0.1945991600815277], [0.09709165113858709, 0.17119953037058036, 0.9804406825912907], [0.787688932771401, -0.6153689221710529, 0.02944885083476652]], "T": [0.10891687283264295, 0.059931756647421064, -0.13700529791066], "aligned_model": [[-0.2538125007047343, 0.3090554415442225, 0.18576720630569643, -0.6109202468824524, -0.5173011847233463, -0.37738140941541876, -0.19866058560661848, -0.09059898428528368, 0.5038967519741397, 0.13300033556578134, 0.4749947684441812, 0.03976896241561348], [-0.7848573687037501, -0.46487780054015454, -0.5291726702647614, 0.21052170775234666, -0.3184397699269236, -0.1384347686689193, 0.5769258540295472, 0.7693929284031358, 0.015859408648332143, 0.0544507879061672, 0.562919622024669, 0.05848849708129166], [0.08230593740486175, 0.22856034429665814, -0.453647770453377, -0.049813533492061385, -0.42021740726971646, 0.27726774772531826, -0.4807766212173322, 0.4338189352850278, -0.7329058198682626, 0.6585818136114538, -0.03893401816686806, -0.05498114664628076]], "inverted": false, "swapped": true, "error_lsq": 0.05402373147778219, "error_max": 0.2884633609666123, "target": "1189.xyz", "model": "2.xyz", "model_rescale": 3.795458400668931, "target_rescale": 4.046615517239201},
{"mapping": [9, 8, 4, 1, 7, 11, 3, 6, 0, 2, 10, 12], "R": [[-0.8784532948021355, -0.4777873010210704, 0.006253305867588571], [-0.4431668349871117, 0.8195545018388428, 0.36322661643000825], [-0.17866998969826667, 0.3163063601932266, -0.9316798384007965]], "T": [0.027189238501042535, 0.11378703063771343, 0.057025063594444654], "aligned_model": [[-0.13383162537213522, -0.31012577921872536, -0.6220591382910552, 0.17853712256398335, 0.3585344052471899, -0.08547045262996783, -0.2145207479426, 0.6184747613076574, 0.40357389170205155, 0.7663791366344415, -0.4234432692166167, 0.057255520959341395], [-0.10349829745779306, -0.5521555989476793, -0.00830861777277847, 0.1358324839418924, 0.5486059404652296, 0.710633895844571, -0.3741300462133388, -0.10037347582367319, -0.559353840346424, -0.0008860898411358203, 0.3654654487634178, 0.023937242677420867], [-0.8350743727162734, -0.21921378077264714, 0.2489038750598056, 0.7126318595923963, -0.3686607460425616, 0.4366703221466089, 0.44770647514908485, -0.33407840617723467, 0.6034266039651761, 0.29360810727293984, -0.30382963170624666, 0.006681124868052037]], "inverted": false, "swapped": true, "error_lsq": 0.05219042810397322, "error_max": 0.258352929621374, "target": "1189.xyz", "model": "3.xyz", "model_rescale": 3.7530521520055578, "target_rescale": 4.046615517239201},
{"mapping": [4, 11, 1, 2, 3, 7, 8, 10, 9, 6, 12], "R": [[0.5358089423388258, 0.6274352716782424, 0.5650077496493292], [0.7014806906464998, 0.04164088416075443, -0.7114709252080654], [-0.46992937550216923, 0.7775545103851954, -0.4178221696126002]], "T": [-0.05824319539995128, -0.0396901886997878, -0.06562967558166907], "aligned_model": [[-0.4160279371331793, -0.27147270715090904, 0.32497029899797064, 0.6641704109813549, 0.15707636301268013, -0.1940565590494711, -0.11299856606518896, -0.6780396777935283, -0.4549680486294938, 0.3327533212992963, -0.013207296024326326], [-0.6265842836497406, -0.0015114918215439754, -0.2919875269190829, 0.2421509496272739, -0.6707882966559917, 0.6396852022601577, -0.46002989620235185, 0.005065522659824351, 0.2321609435747637, 0.4398336568860115, -0.04079142144497376], [-0.09380200798554833, -0.7483627649198487, -0.5582816072933069, -0.1848241413955799, 0.0012390216007706623, -0.07395558743322941, 0.6080804148100606, 0.03672774230272896, 0.7329242608465346, 0.3413393914487357, 0.031746055263999234]], "inverted": true, "swapped": true, "error_lsq": 0.03774150311732939, "error_max": 0.20933724009745897, "target": "1189.xyz", "model": "4.xyz", "model_rescale": 3.7855080009869324, "target_rescale": 4.046615517239201},
{"mapping": [5, 0, 3, 7, 6, 10, 9, 14, 8, 15, 13, 1, 16], "R": [[-0.22792292614095697, 0.7278865710469906, 0.6467088057455209], [-0.5025055034455455, -0.6568373292293795, 0.562185860670432], [0.8339900231695115, -0.19683968761474335, 0.5154752939117913]], "T": [0.028939178975832223, -0.01220351783339474, -0.017888582444110877], "aligned_model": [[-0.1805090738071453, -0.4515789811411892, -0.5348346987131264, 0.4527031577766353, 0.5781910029201187, 0.14581496418172468, -0.3996011063303436, -0.29998362857709376, 0.6157890993332772, 0.22186347626121458, 0.49783160839629215, -0.2962178691483984, -0.006525893996305453], [-0.39909903714452916, 0.1639830362714223, -0.38075773287911135, -0.2790118840982421, 0.26242328061205217, -0.7263006487547703, -0.5050544438428317, 0.005099560367939432, -0.3313046272925841, -0.4976038077840221, 0.25702387012864014, 0.6134647318091997, -0.020856942131331768], [-0.6972607419873386, -0.6065603749320267, -0.18742740043819422, -0.5752097267028802, -0.23920198813034718, -0.10373502975936315, 0.26559899726686, 0.5730494758066067, 0.2036774954694426, 0.6196730857250505, 0.46431898912514297, -0.2934173004276972, 0.021533480449476745]], "inverted": false, "swapped": false, "error_lsq": 0.0446490572285574, "error_max": 0.247154423610846, "target": "1189.xyz", "model": "5.xyz", "model_rescale": 4.2253639853439635, "target_rescale": 4.046615517239201},
{"mapping": [11, 5, 8, 6, 3, 12, 9, 1, 7, 0, 4, 10, 13], "R": [[0.4674781481629343, -0.8649318823389267, 0.18263904266009268], [-0.8198002270705822, -0.501471710011718, -0.27650264330191465], [0.3307442647804736, -0.020468584991762295, -0.943498419894416]], "T": [-0.015443265009205925, -0.08508251305811533, -0.04098663697630713], "aligned_model": [[-0.12819926002359255, -0.23181049524825245, -0.7451570828569711, 0.42125448257952325, 0.6752590916727836, 0.22675623847087584, -0.3198351756256218, -0.33697881758662385, 0.6583705301118291, 0.31421261857869764, 0.23771663156946385, -0.4713138254837689, 0.042667120997318356], [-0.5146357456857611, 0.15594169079567327, -0.17545360676765348, -0.1327838792182029, 0.07469569769805558, -0.9591572317007797, -0.4904826092474934, 0.186958117163454, -0.5036314048185422, -0.4066551955247212, 0.45251953646910414, 0.5413024257658134, -0.06661243966711576], [-0.6799889020275698, -0.584892714609216, -0.11320633693740995, -0.5108138659025382, -0.020722122675574606, -0.26161426718789427, 0.2990027073365906, 0.560107836376803, -0.02745849084986448, 0.6155045340486427, 0.3434680616748297, -0.13229060674920443, -0.04205687103286214]], "inverted": false, "swapped": false, "error_lsq": 0.05505146730290002, "error_max": 0.40545931363252957, "target": "1189.xyz", "model": "6.xyz", "model_rescale": 3.89814844738969, "target_rescale": 4.046615517239201},
{"mapping": [1, 5, 6, 2, 10, 0, 3, 8, 4, 7, 11, 9, 12], "R": [[0.940583676399894, 0.2441943886511294, 0.23594797782850446], [-0.3395324473590372, 0.6855237573261117, 0.6440301975310418], [-0.004479383935535569, -0.6858762852678253, 0.7277043743353249]], "T": [0.07709365485555594, -0.19473921822100987, 0.03012971311114669], "aligned_model": [[-0.12571230521291993, -0.2617871677939867, -0.5878594069685524, 0.5155171202248697, 0.4320427923729273, -0.04587271733909197, -0.47655677404666075, -0.3172582482345502, 0.716571405000241, 0.22919066100745872, 0.33399236285068035, -0.2718874682906145, 0.2025618035858602], [-0.5134574650185497, 0.09230929210398303, -0.20631007498287576, -0.27597727501275515, 0.3225888242160369, -0.7491110614949343, -0.6491934530813872, 0.10064799737115876, -0.25286542120642436, -0.5605886346895765, 0.36429585033674944, 0.6041696905949296, -0.1145029138745238], [-0.7262333172868538, -0.6065331056441183, -0.09266846225118568, -0.5200821439614082, -0.3510349092451963, -0.1388718199075431, 0.403391668932754, 0.4937240850664704, 0.08656852936967495, 0.5538618820058911, 0.5562696328816075, -0.164556213798777, -0.04879686469658394]], "inverted": false, "swapped": false, "error_lsq": 0.05014745236280849, "error_max": 0.3139738060025288, "target": "1189.xyz", "model": "7.xyz", "model_rescale": 3.7474275329858107, "target_rescale": 4.046615517239201},
{"mapping": [5, 6, 7, 8, 2, 9, 11, 12, 4, 13, 1, 0, 14], "R": [[0.8526331871556896, -0.38862045121889166, -0.34927180397958846], [-0.302840396715521, 0.17717976767802962, -0.9364267318070034], [0.42579847613385946, 0.9042021205571156, 0.03337937839592905]], "T": [-0.030260246782341453, -0.08392123191763046, -0.006163710488936339], "aligned_model": [[-0.13602637880275018, -0.5209696788799137, -0.5664875930169506, 0.4426180484038973, 0.7433598625465972, -0.14786151681690843, -0.3806724563473726, -0.1889258939237405, 0.6819499211441037, 0.37149467828272636, 0.2583275139891055, -0.23579004799293465, 0.021925598569801287], [-0.31724021484819, 0.1953571781315917, -0.383888696112883, -0.38897891522084244, 0.23096681958322335, -0.7993662071634703, -0.5349520806920361, -0.05655250656170035, -0.3865501047449212, -0.4091611934004736, 0.5678996663820847, 0.5221481370662904, -0.07767652715684224], [-0.6750413088158488, -0.5962026255857301, -0.30002998194327607, -0.39156771105971167, -0.11079132306670132, -0.23993468552676084, 0.23932032653070134, 0.5894190159974421, 0.10958726306633863, 0.7293114939423002, 0.23184561899738293, -0.16316899199477514, 0.022291870923370566]], "inverted": false, "swapped": false, "error_lsq": 0.0571818928198311, "error_max": 0.3365419702258738, "target": "1189.xyz", "model": "8.xyz", "model_rescale": 4.019505241142653, "target_rescale": 4.046615517239201},
{"mapping": [3, 4, 5, 0, 7, 2, 6, 11, 1, 10, 9, 8, 12], "R": [[-0.9840469813086132, -0.17360377593333087, -0.03890073982710532], [0.05141541498735672, -0.4868321065926618, 0.8719810520259197], [-0.17031733229206056, 0.856070224322889, 0.48799157507960605]], "T": [0.038601188995167277, -0.18957629550075705, 0.016544133694073787], "aligned_model": [[-0.3011526675604791, -0.13344104119375488, -0.6045509718026337, 0.39079873298481727, 0.4326479619475415, 0.06159735031735525, -0.32224282929340053, -0.3714068585016217, 0.6730332899834336, 0.31973892027529555, 0.26332544683620834, -0.06597634403847501, 0.0005710672013746268], [-0.5218112497923049, 0.1482354070364607, -0.23914432242250383, -0.16593879234789957, 0.46700160851948336, -0.727495088657607, -0.668877718189393, 0.12011906119259735, -0.34182151603461086, -0.5146103854033047, 0.3079508932601256, 0.47756990123755205, -0.179172443136764], [-0.6994503214829377, -0.7209376599141816, -0.16899030491547934, -0.5293901448811474, -0.4663808985354685, -0.2285817742589213, 0.4265728871259602, 0.367587878864724, 0.19153728850525217, 0.824933999210505, 0.4280119523772964, 0.005754177794768972, 0.014371881574361214]], "inverted": false, "swapped": false, "error_lsq": 0.053349923648035376, "error_max": 0.34714695302283166, "target": "1189.xyz", "model": "9.xyz", "model_rescale": 3.877068213659057, "target_rescale": 4.046615517239201},
{"mapping": [8, 0, 11, 7, 4, 9, 10, 6, 2, 13, 3, 5, 15], "R": [[-0.650445132864132, -0.672612611712354, 0.35286456849455466], [0.5461448409384494, -0.7370223133462331, -0.3981506277102713], [0.5278701941288957, -0.06625997430767175, 0.8467364843651589]], "T": [0.01733735080235134, -0.12916436479327634, 0.021889404166880566], "aligned_model": [[-0.040384905720635536, -0.5033658457957607, -0.6388580032355344, 0.5658393085518169, 0.6088582670536835, 0.02868018153088059, -0.457584470319707, -0.23387141984299353, 0.5535368307075365, 0.4312346107747741, 0.15811316141657916, -0.08472449286919732, -0.04453116509578139], [-0.4756143650799344, 0.15720190514323903, -0.34476932405910005, -0.12271425728789642, 0.19145560915386836, -0.7745070867499042, -0.5748604937048797, -0.011666898557487343, -0.5179899033498844, -0.29215509565649894, 0.40916444819264275, 0.6141210018537538, -0.09566018463608739], [-0.6651065741411203, -0.5078544736919816, -0.23806719825510164, -0.5825860443626533, -0.05157159016540269, -0.11613021512084076, 0.3029854801892919, 0.572700691364113, -0.018855856478718624, 0.6541564172267622, 0.3270870499364762, -0.197440680493852, -0.03427804454224054]], "inverted": false, "swapped": false, "error_lsq": 0.04592304161668665, "error_max": 0.2610545602895009, "target": "1189.xyz", "model": "10.xyz", "model_rescale": 4.260839863003843, "target_rescale": 4.046615517239201},
{"mapping": [9, 10, 4, 8, 0, 5, 6, 7, 11, 1, 2, 12], "R": [[0.4975217690714049, -0.36783907317756703, -0.7855994561759372], [0.6768429851145944, 0.7310452223105905, 0.08635077554963977], [0.5425455398408734, -0.5746888716346679, 0.6126802086064536]], "T": [0.048131264119637474, -0.08873142360564801, 0.03866325352462848], "aligned_model": [[0.2997064240344062, 0.32140363012692946, -0.3243348759395743, -0.43379107105357534, -0.6828782552204469, -0.2702045070016772, 0.23863600405099605, 0.7115714532565591, 0.3000206779215057, -0.2390789572098026, 0.02773314038581956, 0.010114985742990482], [-0.14217310601464406, -0.5862399109418146, -0.6665499434787068, -0.1785590234737229, 0.4725098193901891, 0.3959789693269544, 0.5515035352918054, 0.0928142514772608, -0.40362134259757665, 0.02718016678150889, 0.6394024523540415, -0.029167362582360364], [-0.857347886009413, -0.23416510513328984, 0.013305552161711774, -0.5884338453195614, 0.2483583475747789, -0.2947668378464462, -0.2811059719258488, -0.04472616842199354, 0.6306471815040416, 0.6363983511709268, 0.33008758649471787, -0.04207312685411941]], "inverted": true, "swapped": true, "error_lsq": 0.04720729511273188, "error_max": 0.27276341259787384, "target": "1189.xyz", "model": "11.xyz", "model_rescale": 3.890672605050136, "target_rescale": 4.046615517239201},
{"mapping": [1, 11, 6, 2, 10, 0, 8, 5, 4, 7, 12, 9, 13], "R": [[0.7667896091918571, 0.4326320879605252, 0.47419739740145717], [-0.6409966575676431, 0.5552273094090914, 0.5299489785568521], [-0.03401441198240608, -0.710318316920842, 0.7030582539336506]], "T": [-0.0668847242570467, -0.19124957686675131, -0.08275142407671014], "aligned_model": [[-0.18895814341644115, -0.013156048242690177, -0.6038562781148962, 0.453100975743709, 0.6142132430598759, -0.012606663491850773, -0.44383542745631466, -0.2750302857466129, 0.5922749706421937, 0.23536249382736943, 0.34555388573964474, -0.4185857827116968, 0.05846511732337059], [-0.6665996274146806, 0.13942866420678246, -0.22815062001050124, -0.11782849771612869, 0.3678426846926041, -0.7701767800186703, -0.6231723430853902, 0.15852821201188655, -0.4265382592626067, -0.233062312939942, 0.2596792941587554, 0.4956385701474712, -0.19358362950774927], [-0.6864390089822255, -0.5192457472351109, -0.28856252024002943, -0.5621138658655617, -0.2346128952396202, -0.18566753223030302, 0.35375967225160704, 0.5800480218150497, -0.1174613128968147, 0.7134033878403606, 0.3434993155176412, 0.018793910600211308, 0.029637536129528033]], "inverted": false, "swapped": false, "error_lsq": 0.04685549411761973, "error_max": 0.2946210322710584, "target": "1189.xyz", "model": "12.xyz", "model_rescale": 4.124412569039231, "target_rescale": 4.046615517239201},
{"mapping": [3, 0, 7, 6, 1, 9, 7, 10, 8, 11, 2, 4, 12], "R": [[-0.21661151638903137, 0.9657254723749715, 0.14301665278485048], [0.44785322058650623, -0.03187320240887509, 0.8935388026149156], [0.8674715809627072, 0.2576012635340537, -0.425599160299595]], "T": [-0.06734663004244323, -0.13661655409786366, -0.1775943688855624], "aligned_model": [[-0.10947417538895274, -0.2562821214281845, -0.557562641461158, 0.4770035111937817, 0.5811908732375015, 0.03674504890900129, -0.557562641461158, -0.2550094112638563, 0.5590730807079636, 0.32229062419005333, 0.37119441061335273, -0.1998628134176328, -0.06880168727505055], [-0.45432121625485833, 0.19850641882470066, -0.4625950717360988, -0.3864097251748066, 0.3100302547346986, -0.7615158481195613, -0.4625950717360988, -0.07267739065682019, -0.29473935692858466, -0.3027656270016536, 0.3323757683661098, 0.6117182477921592, -0.09300602684735501], [-0.8148089272038062, -0.6120634316603427, 0.038053359373163675, -0.47575390705851206, -0.38440354157342216, -0.09211298667490023, 0.038053359373163675, 0.5332531085807464, 0.1346421538128178, 0.723033277272308, 0.39696935323697174, 0.02417466038657362, -0.06399751640002942]], "inverted": false, "swapped": false, "error_lsq": 0.0543648870421036, "error_max": 0.3449639479324304, "target": "1189.xyz", "model": "13.xyz", "model_rescale": 3.9028299243045295, "target_rescale": 4.046615517239201},
{"mapping": [1, 12, 2, 11, 14, 6, 3, 4, 9, 7, 10, 13, 15], "R": [[0.39218236076515217, -0.5955448672321277, -0.7010843793853487], [-0.8609396068637942, 0.0308066666446965, -0.5077735150866557], [0.32399998339180147, 0.8027311258470734, -0.5006463326125563]], "T": [-0.1820108907069068, -0.1227238375725351, -0.04045802028230536], "aligned_model": [[-0.06443237622175779, -0.22847000619445806, -0.7272330199710221, 0.31591867432831383, 0.5792410004358944, 0.055742054564390325, -0.35035054528703813, -0.3470077350574641, 0.546037445475312, 0.40595011796408864, 0.24508232392923812, -0.006183014124915648, -0.08135286268492072], [-0.5055507535770024, 0.27017871834032303, -0.5069210681433824, -0.1334045621975486, 0.2964340270650275, -0.7451969707285834, -0.572686335396347, 0.03191312194299159, -0.3849753889030727, -0.3432438457634778, 0.27611388085904587, 0.641608737495151, -0.16226420573129388], [-0.552139172032866, -0.6129171202240775, -0.35234756377195176, -0.5861765912721946, -0.2073498880498519, -0.06068171339096255, 0.35688937996859516, 0.5984682086274646, 0.004432964009549539, 0.6124590756090661, 0.42200545115844423, -0.17286506051167552, -0.004739008654808474]], "inverted": true, "swapped": false, "error_lsq": 0.03763565917576586, "error_max": 0.23090068941861303, "target": "1189.xyz", "model": "14.xyz", "model_rescale": 3.942246331269136, "target_rescale": 4.046615517239201},
{"mapping": [7, 0, 8, 2, 5, 6, 11, 13, 9, 10, 3, 12, 14], "R": [[-0.6742422375756478, -0.06326143841903661, 0.735795756632327], [0.21307497666368955, 0.9372907195381492, 0.27583538820721876], [-0.7071042775918925, 0.34275953302105744, -0.618481562485443]], "T": [0.05878939960288072, -0.09955851758368689, 0.0669664482519544], "aligned_model": [[0.06393010345329439, -0.1404217082935782, -0.5750688874892524, 0.37794970303578584, 0.5753343228306497, -0.0666121665080674, -0.3910115463306209, -0.5447343228850506, 0.6085394603350566, 0.40441588788740784, 0.33760962564718205, -0.3498172741875431, 0.042828859660397615], [-0.5922729197319778, 0.04905961740367637, -0.3729261961626489, -0.04448268947505685, 0.18174492287970018, -0.6361422862572605, -0.5120198007633374, 0.17608066923100046, -0.6505481177836716, -0.5040066553534797, 0.5069528506940553, 0.6072783716637575, -0.04671241108292656], [-0.6317363492296457, -0.625092123916472, -0.28279734415767677, -0.6242290902971966, -0.17142246688504265, -0.02864576724066617, 0.4433516546186149, 0.5367664073747332, -0.13881896748198908, 0.5423237354516085, 0.3333330606475631, 0.10567634744674691, -0.013670134865845271]], "inverted": true, "swapped": false, "error_lsq": 0.05044947973812989, "error_max": 0.27543789383503897, "target": "1189.xyz", "model": "15.xyz", "model_rescale": 4.355366556412066, "target_rescale": 4.046615517239201},
{"mapping": [0, 3, 1, 6, 2, 5, 7, 9, 11, 8, 10, 12], "R": [[0.6083743555317191, 0.769423037364316, -0.1945991600815277], [0.09709165113858709, 0.17119953037058036, 0.9804406825912907], [0.787688932771401, -0.6153689221710529, 0.02944885083476652]], "T": [0.10891687283264295, 0.059931756647421064, -0.13700529791066], "aligned_model": [[-0.2538125007047343, 0.3090554415442225, 0.18576720630569643, -0.6109202468824524, -0.5173011847233463, -0.37738140941541876, -0.19866058560661848, -0.09059898428528368, 0.5038967519741397, 0.13300033556578134, 0.4749947684441812, 0.03976896241561348], [-0.7848573687037501, -0.46487780054015454, -0.5291726702647614, 0.21052170775234666, -0.3184397699269236, -0.1384347686689193, 0.5769258540295472, 0.7693929284031358, 0.015859408648332143, 0.0544507879061672, 0.562919622024669, 0.05848849708129166], [0.08230593740486175, 0.22856034429665814, -0.453647770453377, -0.049813533492061385, -0.42021740726971646, 0.27726774772531826, -0.4807766212173322, 0.4338189352850278, -0.7329058198682626, 0.6585818136114538, -0.03893401816686806, -0.05498114664628076]], "inverted": false, "swapped": true, "error_lsq": 0.05402373147778219, "error_max": 0.2884633609666123, "target": "1189.xyz", "model": "16.xyz", "model_rescale": 3.795458400668931, "target_rescale": 4.046615517239201},
{"mapping": [1, 5, 6, 2, 10, 0, 3, 8, 4, 7, 11, 9, 12], "R": [[0.940583676399894, 0.2441943886511294, 0.23594797782850446], [-0.3395324473590372, 0.6855237573261117, 0.6440301975310418], [-0.004479383935535569, -0.6858762852678253, 0.7277043743353249]], "T": [0.07709365485555594, -0.19473921822100987, 0.03012971311114669], "aligned_model": [[-0.12571230521291993, -0.2617871677939867, -0.5878594069685524, 0.5155171202248697, 0.4320427923729273, -0.04587271733909197, -0.47655677404666075, -0.3172582482345502, 0.716571405000241, 0.22919066100745872, 0.33399236285068035, -0.2718874682906145, 0.2025618035858602], [-0.5134574650185497, 0.09230929210398303, -0.20631007498287576, -0.27597727501275515, 0.3225888242160369, -0.7491110614949343, -0.6491934530813872, 0.10064799737115876, -0.25286542120642436, -0.5605886346895765, 0.36429585033674944, 0.6041696905949296, -0.1145029138745238], [-0.7262333172868538, -0.6065331056441183, -0.09266846225118568, -0.5200821439614082, -0.3510349092451963, -0.1388718199075431, 0.403391668932754, 0.4937240850664704, 0.08656852936967495, 0.5538618820058911, 0.5562696328816075, -0.164556213798777, -0.04879686469658394]], "inverted": false, "swapped": false, "error_lsq": 0.05014745236280849, "error_max": 0.3139738060025288, "target": "1189.xyz", "model": "17.xyz", "model_rescale": 3.7474275329858107, "target_rescale": 4.046615517239201},
{"mapping": [5, 12, 9, 10, 3, 4, 6, 2, 8, 0, 1, 7, 13], "R": [[-0.5725613438207569, -0.3932087012715839, -0.7194167254147512], [-0.1824806323725123, 0.9165936863160093, -0.3557482719769095], [0.7992961443489499, -0.07240808967196552, -0.5965590852371284]], "T": [0.06068077720576588, -0.033063101861940794, -0.07760951432862004], "aligned_model": [[-0.010183422393605465, -0.3601662128696954, -0.5557499414612933, 0.43142743032694053, 0.7141842077578558, -0.014610872266820632, -0.43605681470308044, -0.2751200897790763, 0.6012351367424863, 0.29597698450279, 0.3117169553725837, -0.3950909626423461, 0.0353796585689222], [-0.4793143795011026, 0.09873770582283072, -0.2775040173793267, -0.05062071953249944, 0.1492014572942853, -0.8567432875610796, -0.48635977749483716, 0.04403229762023536, -0.5057684407297178, -0.3943843608950444, 0.41623563550479287, 0.5655968121025251, -0.06110356998923038], [-0.642461706579699, -0.6815575926859953, -0.16697378996889026, -0.6595700110331976, -0.06022912188567789, -0.006139651960381715, 0.30024323490723914, 0.5429763386527339, -0.11232403881687994, 0.6387877451463432, 0.3845916309119919, -0.11363326488544315, 0.021329189662588344]], "inverted": false, "swapped": false, "error_lsq": 0.04477265403486805, "error_max": 0.24093079956362798, "target": "1189.xyz", "model": "18.xyz", "model_rescale": 3.922800546911778, "target_rescale": 4.046615517239201},
{"mapping": [0, 1, 2, 5, 8, 3, 9, 11, 12, 7, 13, 6, 14], "R": [[-0.7129670110927059, 0.17226172145482002, 0.6797087173304134], [-0.14104751078454283, -0.9847728897104314, 0.10162654866151447], [0.6868650819447865, -0.023414845991141853, 0.7264076707966357]], "T": [0.013896661718443497, -0.010762459142299868, -0.04241002544661798], "aligned_model": [[-0.04552054090471936, -0.2916903888090666, -0.6275386720900799, 0.4924679812844441, 0.3927364628530477, 0.08617929143049108, -0.5417167060602249, -0.1543813903955556, 0.6981530133511351, 0.16661150294071692, 0.4139138127848105, -0.26509434764262113, 0.01882203841328286], [-0.6152890207803257, 0.14490932538166026, -0.3056463569997425, -0.19789354008861057, 0.4324354845594086, -0.6458646565794641, -0.4943724107184908, 0.043088693130506166, -0.38665315047475135, -0.5278550699016692, 0.2025468762012461, 0.5930873960417148, -0.08048821450965045], [-0.6163959729953559, -0.6984327948600497, -0.16379026318792372, -0.6067549295774496, -0.22800809062104205, -0.06627765703212658, 0.3042286714657497, 0.6475364676558647, 0.053054512400916576, 0.5470850366422606, 0.47363178790597016, -0.22488506758403076, 0.024047261251948365]], "inverted": false, "swapped": false, "error_lsq": 0.04999764436707965, "error_max": 0.34015046934842147, "target": "1189.xyz", "model": "19.xyz", "model_rescale": 3.9282355846067225, "target_rescale": 4.046615517239201},
{"mapping": [8, 7, 9, 6, 5, 4, 11, 10, 3, 0, 1, 2, 13], "R": [[-0.38297388179873504, -0.14171866400840613, -0.9128235459998176], [0.812971780657935, -0.5209321439827792, -0.2602048908444486], [-0.4386432373967196, -0.8417514607276768, 0.31471667996620006]], "T": [-0.03662279512405984, -0.14447645319738012, -0.1728945705320219], "aligned_model": [[-0.18008819138601664, -0.24554895655628223, -0.656290222507781, 0.3768275111823981, 0.5017951946102551, 0.19156308169442868, -0.32461425417715717, -0.5274042864793079, 0.6707416391953507, 0.1915447011866109, 0.3585621933219164, -0.008927397424604584, -0.00521895550414949], [-0.7749509289533568, 0.30992986926774063, -0.43892632375393165, -0.1408948960875126, 0.2871143964382428, -0.7186948121723132, -0.5897834231072164, 0.18429690378888347, -0.2729460106684367, -0.39831410598910266, 0.17686190909677812, 0.6296438692013943, -0.09133109179933832], [-0.5735704927232759, -0.5443276460012701, -0.2608512553641339, -0.6787503510869437, -0.2802517272094053, -0.04033391733310149, 0.30889977707714505, 0.454222608686158, 0.04956036648832887, 0.5507787175264414, 0.3767155441235169, 0.10761728617882066, -0.02466994889754834]], "inverted": false, "swapped": false, "error_lsq": 0.05331539299806151, "error_max": 0.3341140890206977, "target": "1189.xyz", "model": "20.xyz", "model_rescale": 4.067790424073018, "target_rescale": 4.046615517239201},
{"mapping": [4, 6, 2, 5, 13, 8, 0, 12, 1, 9, 10, 11, 14], "R": [[-0.11375782855480576, 0.8718165054730783, 0.47644006677357165], [0.12238264064858978, -0.46360429240502277, 0.877549741799014], [0.9859420093039821, 0.15813614655842645, -0.053956588488138446]], "T": [-0.044833181671261636, -0.16007325639101933, -0.06144938075170572], "aligned_model": [[-0.16521900512675278, -0.3516226637181676, -0.6937952308738162, 0.3600460021021158, 0.47538060699535983, 0.14114867100002354, -0.4951073246319506, -0.26541770022354355, 0.7007376054133789, 0.2972106971718237, 0.48767114580319554, -0.1421484218973458, -0.005942324858659788], [-0.5349923126724105, 0.18918375528147185, -0.3821380579578915, -0.2819413443655631, 0.2910192852470008, -0.6845846268559439, -0.6405528287451925, 0.14445234636220905, -0.4058862486776096, -0.1755159023685402, 0.29263509307614566, 0.4679906092936108, -0.11766441235545584], [-0.7596008324327094, -0.6371721058532636, -0.34999298948151036, -0.4733803659158693, -0.18800623768513477, -0.1858136419163042, 0.20472839114581162, 0.6060987406152323, 0.17730839513825583, 0.6362736367130186, 0.3660796979053602, 0.05728468605376599, -0.00876841282192107]], "inverted": false, "swapped": false, "error_lsq": 0.04587995944045896, "error_max": 0.2904505950737245, "target": "1189.xyz", "model": "21.xyz", "model_rescale": 4.186013935880536, "target_rescale": 4.046615517239201},
{"mapping": [10, 9, 7, 9, 8, 4, 6, 0, 11, 3, 5, 2, 12], "R": [[-0.7320895718877747, -0.36754067896878584, -0.5735492202386284], [-0.38194540794467424, -0.4756965157828821, 0.7923575772477995], [-0.5640590076252229, 0.7991412104097686, 0.2078719840230006]], "T": [-0.019320788739180583, -0.10349489388004288, -0.04132743515153571], "aligned_model": [[-0.10853303796464908, 0.02386164629743836, -0.6097401725406304, 0.02386164629743836, 0.4948420116951808, 0.051059171942099246, -0.2559944583797656, -0.518442723948568, 0.5828463923883638, 0.323285802843441, 0.2571473322011272, 0.07695691297139345, 0.0017915333527916619], [-0.6551020057964517, 0.017406646897991013, -0.49062484439543974, 0.017406646897991013, 0.3644367586492463, -0.8263602472008137, -0.41115128733214523, 0.1933493393906001, -0.2846584925415405, -0.49357340620785173, 0.2475087606761863, 0.6185342231053994, -0.1351667368813404], [-0.6610614113939527, -0.6487555008351503, -0.2409748556866277, -0.6487555008351503, -0.36435175918042295, -0.029992053755028433, 0.35765372566197806, 0.3882645060824351, -0.10082882341082085, 0.7220847289910396, 0.590258337888645, 0.09688892149102533, -0.015391353553237737]], "inverted": true, "swapped": false, "error_lsq": 0.06542434244355963, "error_max": 0.3939027093755004, "target": "1189.xyz", "model": "22.xyz", "model_rescale": 4.166573947596378, "target_rescale": 4.046615517239201},
{"mapping": [0, 4, 8, 1, 6, 7, 10, 9, 5, 14, 12, 3, 15], "R": [[-0.15852038184537648, -0.9274241159391485, 0.3387562511808232], [-0.802878165419914, 0.3207729351194944, 0.5024851993708653], [-0.574680728780381, -0.19232585179666717, -0.7954576209322134]], "T": [0.0157640914022922, -0.01497894539272196, 0.03473787008025481], "aligned_model": [[-0.05572022232658088, -0.32396274591794416, -0.7254750455838035, 0.3941449920879988, 0.7286210806242548, -0.02604320755660048, -0.07415993357927211, -0.4306233338232783, 0.5558277268244107, 0.1737708162193046, 0.40278629412324485, -0.33643052560254444, 0.060206161666470435], [-0.44138285771046193, 0.10670016489842307, -0.23970931897680517, -0.06580432503689651, 0.1885465074011375, -0.7102394459949054, -0.6608029774150203, 0.09520711401889856, -0.6024143035281122, -0.2178809785430867, 0.2968769579299996, 0.44757037707013003, -0.03466155885146947], [-0.6579564775860531, -0.6052882102381483, -0.19794204140772154, -0.5672120743897489, -0.13707579337325818, -0.1272949466772746, 0.4032025529165545, 0.4208032339681833, -0.1983135210512644, 0.7829640411517398, 0.4617519979413928, -0.11834291923714235, -0.01425688055252685]], "inverted": true, "swapped": false, "error_lsq": 0.05140000332929124, "error_max": 0.3125123090579089, "target": "1189.xyz", "model": "23.xyz", "model_rescale": 4.274766983524099, "target_rescale": 4.046615517239201},
{"mapping": [11, 3, 4, 10, 8, 9, 7, 6, 2, 0, 12], "R": [[-0.8151888098296018, 0.06582268941054226, -0.5754429406008563], [0.523276433204972, -0.34220938292934067, -0.7804322601529249], [-0.2482921238800777, -0.9373153747772855, 0.2445217974439844]], "T": [0.0024545845972621105, 0.02332311862733405, -0.06829638584998951], "aligned_model": [[0.3155311143083963, 0.01172288289193335, -0.33008256922245416, -0.5060935770679805, -0.5586745763250403, -0.7788005000131752, 0.01869046294684995, 0.08620683673457324, 0.6484635168939872, 0.5038976961170689, -0.030966583306083637], [-0.21829369397154005, 0.6896447529266202, 0.4167560783285402, -0.23089171400484187, 0.5097210919713147, -0.22396665384310166, -0.6461165360515656, -0.1897246357100827, 0.01634495476066289, 0.7327854408812968, 0.059327445956180606], [-0.6655009665991003, -0.13934802253231476, -0.5242325962649368, -0.33918636429034243, 0.21826945737833817, 0.37607991625870274, 0.10961498926005869, 0.6360057018294724, 0.37684059446157403, 0.30393566796239235, 0.027088056557733164]], "inverted": false, "swapped": true, "error_lsq": 0.05202841676327834, "error_max": 0.2816683853688095, "target": "1189.xyz", "model": "24.xyz", "model_rescale": 3.7841303162186577, "target_rescale": 4.046615517239201},
{"mapping": [5, 4, 2, 3, 6, 12, 9, 8, 13, 10, 7, 1, 15], "R": [[0.8178602842659095, 0.4130833162296438, 0.40058298674957005], [0.5655260655735916, -0.4485165815891299, -0.6921077554806443], [-0.10623005496251904, 0.7925875660722428, -0.600433281497902]], "T": [0.07035000393285235, -0.10113566896225175, 0.12048872308961257], "aligned_model": [[-0.17632149819564016, -0.15381966689404653, -0.5807749980912769, 0.4343096839639421, 0.45527470734707604, -0.017548882082769557, -0.2413533927601817, -0.47323166884662377, 0.5923530142916169, 0.2946116659981585, 0.445664736040641, -0.34679911758086107, 0.11057747396562548], [-0.4603826853448132, 0.1860287244508651, -0.3239352443831622, -0.19846484388034147, 0.3410190340294371, -0.7898645242271547, -0.5506617824404523, 0.10339083144653592, -0.6438378277954253, -0.24842044862099977, 0.30908799383854996, 0.5084536762414746, -0.07040754805268311], [-0.6407165689976038, -0.5306555871023693, -0.1880394099202669, -0.5915943273016897, -0.3018365586149432, -0.18463134539301762, 0.32763112415065254, 0.23069606988493235, -0.09161318931393218, 0.850741423109119, 0.4576251323387655, 0.03432704693580914, 0.07310515168927542]], "inverted": false, "swapped": false, "error_lsq": 0.04953379720969982, "error_max": 0.3348342535101874, "target": "1189.xyz", "model": "25.xyz", "model_rescale": 4.19342608120988, "target_rescale": 4.046615517239201},
{"mapping": [0, 3, 1, 6, 2, 5, 7, 9, 11, 8, 10, 12], "R": [[0.6083743555317191, 0.769423037364316, -0.1945991600815277], [0.09709165113858709, 0.17119953037058036, 0.9804406825912907], [0.787688932771401, -0.6153689221710529, 0.02944885083476652]], "T": [0.10891687283264295, 0.059931756647421064, -0.13700529791066], "aligned_model": [[-0.2538125007047343, 0.3090554415442225, 0.18576720630569643, -0.6109202468824524, -0.5173011847233463, -0.37738140941541876, -0.19866058560661848, -0.09059898428528368, 0.5038967519741397, 0.13300033556578134, 0.4749947684441812, 0.03976896241561348], [-0.7848573687037501, -0.46487780054015454, -0.5291726702647614, 0.21052170775234666, -0.3184397699269236, -0.1384347686689193, 0.5769258540295472, 0.7693929284031358, 0.015859408648332143, 0.0544507879061672, 0.562919622024669, 0.05848849708129166], [0.08230593740486175, 0.22856034429665814, -0.453647770453377, -0.049813533492061385, -0.42021740726971646, 0.27726774772531826, -0.4807766212173322, 0.4338189352850278, -0.7329058198682626, 0.6585818136114538, -0.03893401816686806, -0.05498114664628076]], "inverted": false, "swapped": true, "error_lsq": 0.05402373147778219, "error_max": 0.2884633609666123, "target": "1189.xyz", "model": "26.xyz", "model_rescale": 3.795458400668931, "target_rescale": 4.046615517239201},
{"mapping": [11, 10, 4, 8, 6, 9, 9, 3, 1, 2, 0, 7, 12], "R": [[0.3343704736391859, -0.6638075361131031, 0.668996219240257], [-0.7985323810702247, -0.5765629793112825, -0.17297736057072607], [0.500542128836948, -0.47637662189401064, -0.722857448859889]], "T": [0.0707538794010028, -0.20007601452143792, -0.11932721055294829], "aligned_model": [[-0.22198109924959003, -0.44435352795737476, -0.7393717022804918, 0.5265066682584645, 0.7381817563448512, -0.04333984963257423, -0.04333984963257423, -0.389080543666111, 0.6277551679567781, 0.22149881002048333, 0.2395738362568232, -0.18428226332369202, 0.05517465406066874], [-0.5784280955522696, 0.13938767250979173, -0.37082177526859916, -0.26512616059067945, 0.2550496620682448, -0.531171800762649, -0.531171800762649, 0.06572045091007211, -0.33445355945609667, -0.4585814716049587, 0.2374135000232966, 0.569295568064784, -0.035106834316456864], [-0.6510513183263407, -0.4758593866337696, -0.23510980738286189, -0.6839594661416533, -0.2884059119404284, 0.1291330306204338, 0.1291330306204338, 0.39348961948922934, 0.029149759094767663, 0.7084927025016788, 0.5672410227083391, -0.062476243610449234, -0.11473806953464705]], "inverted": false, "swapped": false, "error_lsq": 0.05536293589759657, "error_max": 0.3541607908341936, "target": "1189.xyz", "model": "27.xyz", "model_rescale": 3.6321398670334006, "target_rescale": 4.046615517239201},
{"mapping": [10, 11, 0, 9, 6, 8, 3, 1, 12, 7, 4, 13, 14], "R": [[-0.9672231666035854, -0.25306309530303783, 0.020938380572011958], [-0.1955364256702191, 0.7948782246451681, 0.5743989155813758], [-0.16200263029175704, 0.5514777219259099, -0.8183076866301336]], "T": [-0.0502788943928669, -0.17683940130146508, -0.05270794032281485], "aligned_model": [[-0.18520226733050021, -0.3731481191635759, -0.588986039268848, 0.2782639676241287, 0.5428408351046939, 0.13188104797874417, -0.36165610718988317, -0.338680383970467, 0.7421281508897287, 0.3258448753665614, 0.22714127365276146, 0.008636365529401342, -0.0661215420670851], [-0.5747052024601293, 0.0813239763605576, -0.46111882523728426, -0.011096771830326174, 0.3233635892778995, -0.6600226134081371, -0.5149736230634534, 0.2329505388895275, -0.41179061752545687, -0.5386642607024794, 0.2238987184853352, 0.5881004216221566, -0.11525997514637855], [-0.7070550352962035, -0.5442697070915601, -0.18832326175123582, -0.6105261273819167, -0.008965605714720007, -0.07223624613804398, 0.4574582672864594, 0.39019609202955463, -0.032739679474088, 0.5204421839424156, 0.6173027029286983, -0.33176598333164786, -0.044478638542980134]], "inverted": true, "swapped": false, "error_lsq": 0.054779276080075996, "error_max": 0.31918165433092394, "target": "1189.xyz", "model": "28.xyz", "model_rescale": 4.156811204709835, "target_rescale": 4.046615517239201},
