[{"mapping": [4, 0, 6, 3, 13, 2, 1, 12, 10, 8, 11, 7, 5, 14], "R": [[-0.7569312451157868, -0.06023117679421636, 0.6507129132800799], [-0.5042402251795179, 0.6872241845460028, -0.5229385389182852], [-0.41568844761236023, -0.7239441453020155, -0.5505524398316302]], "T": [0.015110830960229478, 0.09071665594294072, 0.1558089950017881], "aligned_model": [[-0.0007008538668407047, 0.2814265675083821, -0.5436564947721894, -0.4537904540528731, -0.5906894875519123, -0.046984284605352304, -0.6982223978872779, -0.1546056224250123, -0.36785462653993556, 0.4914085189229816, 0.4408499173559099, 0.3346411070785162, 0.7223115416594357, -0.042641329695528286], [-0.7891238570831782, -0.3991326808808908, -0.4184864447481897, -0.2769151985163859, 0.23320040217404964, 0.377713045289724, 0.21932073740841507, 0.5975049840618062, 0.659078035942518, 0.03948544430011272, 0.6077001224848443, 0.498358402558445, -0.1545944744568007, 0.04116481327556532], [0.1785532343016806, -0.26181679809229275, 0.38863458422582864, -0.27058556263660516, 0.559813880315843, -0.5171950811952186, -0.10031164263329687, 0.6151165127424386, 0.0706115409475814, 0.6958610716870283, 0.4796308831062336, -0.06507148580203301, -0.030678106389004867, 0.15502505660165086]], "inverted": true, "swapped": true, "error_lsq": 0.045337371857425854, "error_max": 0.3001585190283157, "target": "119.xyz", "model": "0.xyz", "model_rescale": 3.8414455957264533, "target_rescale": 4.2541416724494},
{"mapping": [7, 6, 2, 9, 13, 0, 8, 4, 1, 12, 5, 3, 10, 10, 14], "R": [[-0.6973009874925937, -0.18641423457048917, -0.6921134776836475], [-0.1093395839312723, 0.981952165302616, -0.1543204472623141], [0.7083898561015611, -0.031932400583154386, -0.7050986693828083]], "T": [-0.07306820803510426, 0.04437068430620093, -0.03219534762104782], "aligned_model": [[-0.24004066404489166, -0.5120267039402744, -0.1660768182471906, -0.6927135430914775, -0.3950476515695495, 0.23773555868526763, -0.651504833376118, 0.26886249016854985, 0.7503529955232341, -0.07652878610505125, 0.09825858086196339, 0.6338493194394098, -0.02379081068253007, -0.02379081068253007, 0.0016226291310219992], [-0.18793168399106414, -0.40521299946735906, -0.6872701202304496, -0.01294469313957207, 0.6349763130177176, 0.20749230795734036, 0.47271304269313863, -0.30295686081391066, 0.3075685344564871, 0.6942259770067202, -0.3873457162099401, -0.20866468236183516, 0.12891141125999955, 0.12891141125999955, 0.07359572700040226], [-0.607617636685925, 0.43171964883941283, -0.05780509540991581, -0.3119528966605064, -0.38199704846718874, -0.6664742484186478, 0.29374374481216653, -0.27357514974829567, 0.0024789133739224617, 0.3677617335959462, 0.4353416732811478, 0.19055472444302218, 0.6451567794197329, 0.6451567794197329, 0.008192457349435356]], "inverted": false, "swapped": false, "error_lsq": 0.048232939645931144, "error_max": 0.3756369134925523, "target": "119.xyz", "model": "1.xyz", "model_rescale": 4.316132596720782, "target_rescale": 4.2541416724494},
{"mapping": [4, 6, 9, 7, 8, 0, 11, 2, 13, 3, 10, 14], "R": [[0.6062431397504019, -7.883295036797966e-05, -0.7952793529892127], [-0.29259289501262825, 0.9298384613373308, -0.22313635653105574], [0.7394989204141572, 0.3679679736107359, 0.5636851223006556]], "T": [-0.10308768024011633, 0.07075327892925277, -0.058353662633950955], "aligned_model": [[-0.18032352906628535, 0.4296793783171691, 0.18589147912191822, -0.41123395632390364, -0.47338549297636995, -0.49469574061089555, -0.4016357769274616, -0.13595669976801644, 0.5791962890430205, 0.23498459761872859, 0.31759090044554766, -0.05230289424167092], [-0.7340165045690227, -0.5003074978195652, -0.49710671801332196, 0.5401108291320761, -0.19737294062405153, -0.18726988363328495, 0.40752402131290566, 0.6172189802701327, 0.013982693547218303, -0.08802294004400989, 0.6128744445521618, 0.025161943629741723], [0.2898802492481423, 0.06720639324528505, -0.4935747874076413, -0.10088530195567491, -0.6170380372211551, 0.45677245979749287, -0.6506718124630498, 0.4309847501912374, -0.34432792214294045, 0.5719884361629404, -0.13639198416002585, -0.02468398208518944]], "inverted": true, "swapped": true, "error_lsq": 0.04746993455950027, "error_max": 0.24049186286891633, "target": "119.xyz", "model": "2.xyz", "model_rescale": 3.795458400668931, "target_rescale": 4.2541416724494},
{"mapping": [5, 4, 3, 13, 7, 10, 6, 8, 9, 12, 2, 14], "R": [[-0.8526146164532059, -0.2821770018909967, -0.4398004722759648], [-0.18750747286091302, 0.950820381312952, -0.2465391451701071], [0.487738929583919, -0.1277370035804099, -0.8635936512530831]], "T": [0.05052264420234655, 0.0661912104491772, -0.03894698867606645], "aligned_model": [[0.05290065248487448, -0.34720998118973867, -0.6386554786911383, 0.21256892806880845, 0.18379335736543218, 0.10308057543656622, -0.21050564069384808, 0.6383171782045669, 0.3813319622245004, 0.5906675774145371, -0.3780640032038089, 0.005078698322813033], [-0.11398465004233066, -0.7149391670292572, -0.01826511125044626, 0.04526736227209216, 0.5042871023717161, 0.6340430098587108, -0.4485079906788886, -0.27116311076837973, -0.5059049662589089, 0.305436174314197, 0.6420135146403744, 0.027486877860830282], [-0.7890262106715529, -0.11975992229181681, 0.19500719259404048, 0.6848062743007706, -0.3666213456735168, 0.350588380529847, 0.5020386339604545, -0.28760341407072626, 0.3593776500649903, 0.34524928708761327, -0.19354122244328026, 0.008256127252277173]], "inverted": true, "swapped": true, "error_lsq": 0.04229014021412891, "error_max": 0.2182856784256266, "target": "119.xyz", "model": "3.xyz", "model_rescale": 3.7530521520055578, "target_rescale": 4.2541416724494},
{"mapping": [12, 8, 9, 4, 13, 0, 10, 7, 2, 3, 14], "R": [[-0.7989137380760658, 0.5859534586313531, 0.13562958169692424], [-0.19883791953012664, -0.04449160183450568, -0.9790219502764639], [-0.5676269204946665, -0.8091223898052476, 0.15205471859033726]], "T": [-0.1334575754004507, -0.0038849127914297316, -0.01259196532906764], "aligned_model": [[-0.31752557561458417, -0.31901321754903467, 0.33262416729234734, 0.5270653446360417, 0.22767600003723473, -0.01841371198978832, -0.31331309868712975, -0.6798978978061955, -0.4156825979660995, 0.3738849351605503, -0.05920474506813719], [-0.681108423751275, -0.09673933188384816, -0.3717536939800288, 0.4853558409866658, -0.6440588264063221, 0.6829737073809571, -0.46407488840837424, 0.05804778218770722, 0.23919111525708314, 0.2618652105673282, -0.0024951336355471584], [-0.0765354358373824, -0.7040307049574833, -0.505371558126643, -0.32761513131781167, 0.08877613727560724, -0.029262081220267584, 0.4699357366483463, 0.10834972757218737, 0.6201957547469127, 0.44437013725302704, 0.004018195208823816]], "inverted": false, "swapped": true, "error_lsq": 0.041784236122412, "error_max": 0.20738555969289713, "target": "119.xyz", "model": "4.xyz", "model_rescale": 3.7855080009869324, "target_rescale": 4.2541416724494},
{"mapping": [8, 5, 10, 7, 6, 13, 4, 9, 12, 1, 3, 14, 2, 0, 16], "R": [[0.7210424627231433, -0.6234892624597858, 0.3022563589860389], [-0.6472099288497116, -0.4502762393487356, 0.6151183758239642], [-0.24742084582446972, -0.6391497851640984, -0.7281967297208848]], "T": [-0.00919272194545577, 0.05344258408789718, -0.039886139751434166], "aligned_model": [[-0.131589107416701, -0.6024274564260363, -0.2891803570744502, -0.7366221919769954, -0.3764605005546631, 0.275345789897073, -0.585557287283362, 0.3143733932058715, 0.4984910651981564, 0.021669910256011636, -8.19295357920441e-05, 0.6535516537241494, 0.4148226925104004, -0.28578068171979215, 0.03860595926596402], [-0.1570864176869809, -0.2751012695758527, -0.6000069303640299, -0.037597491094069194, 0.46811773616217234, 0.3511028506392506, 0.45030163745415874, -0.5542827519524356, 0.5064341240998296, 0.624528963834108, -0.40280458619853676, -0.08061026393296608, -0.06715273207666833, 0.19814938363328646, 0.0320757154964071], [-0.7001940514099786, 0.4019676037484155, -0.19980777778612513, -0.19457144195046, -0.385191750934626, -0.6359598263627582, 0.1995038421806199, 0.14146684288073896, -0.028881597085321273, 0.4561096100200065, 0.48372833528390136, -0.01758983986400757, 0.5529489010497053, 0.6749795301430671, -0.027824000769138425]], "inverted": false, "swapped": false, "error_lsq": 0.04162628877755449, "error_max": 0.2932402623750857, "target": "119.xyz", "model": "5.xyz", "model_rescale": 4.2253639853439635, "target_rescale": 4.2541416724494},
{"mapping": [2, 3, 13, 10, 1, 9, 12, 7, 4, 0, 6, 8, 11, 14], "R": [[0.578881109985822, -0.6858830216179714, -0.4409774837310678], [0.061959565525680715, 0.5762391109251177, -0.8149291375819734], [0.8130545324524374, 0.4444243104246566, 0.3760709501704659]], "T": [0.13631467848719644, 0.03188743259110842, 0.04902883160349974], "aligned_model": [[0.5823400119587091, -0.16750529230128366, -0.4035174319990955, 0.21966113821141434, -0.15524591428860138, -0.5006416396481785, 0.06114845700462232, 0.6820924948911619, -0.3544837117464189, 0.26577290673655174, -0.6331093343513674, 0.1654068360071921, 0.5413232106024246, 0.07082042168065335], [-0.22923613603804344, 0.03818603702331132, -0.4538092118732991, -0.6514856840105622, -0.5048405843888358, 0.1432892011096804, -0.4754266878782975, -0.09373906424966168, 0.7179659966983354, 0.5846731722826553, 0.09138520491598466, 0.3607496947581393, -0.11835824527958884, 0.035745453565172544], [-0.4725390942326107, -0.6176702513537795, 0.20133002414977239, -0.005837890990547996, -0.41776506584931966, 0.47006048466636235, 0.5323340170098259, 0.1073738069906758, -0.2025656480202052, -0.35464955586553437, -0.12464667217559083, 0.6910129661662712, 0.6546529846665052, 0.010468103769623816]], "inverted": false, "swapped": true, "error_lsq": 0.04810761011896485, "error_max": 0.44263163531760474, "target": "119.xyz", "model": "6.xyz", "model_rescale": 3.89814844738969, "target_rescale": 4.2541416724494},
{"mapping": [12, 13, 1, 11, 2, 6, 9, 7, 8, 4, 3, 5, 14], "R": [[-0.2160461996848202, -0.9756798489150709, -0.03705228768661128], [-0.9537496552134794, 0.21900954408639195, -0.20590389695010572], [0.20901108770090604, -0.009146147830389015, -0.9778704991960587]], "T": [-0.005713957200333651, 0.03412854893879745, 0.04483280750071701], "aligned_model": [[-0.07234500213195627, -0.13828562380044893, 0.4145227198897904, -0.07419932996761688, 0.7117387274544329, -0.36117312728451095, -0.6858633271847565, 0.3323393107042845, -0.5688645497998762, -0.4981975591744348, 0.23605861045832666, -0.12660421289470689, -0.020494835364304492], [-0.4042382712832538, 0.13508460087491903, 0.43903158360226296, -0.7064176068867069, 0.09410586725591957, 0.6498466585506851, 0.13169999046630435, -0.3732204158879681, -0.3914628516943937, 0.6855193184305572, 0.7251268910695242, -0.12551522740432292, 0.10422072837695862], [-0.5028863857908686, -0.6781804842162645, -0.45560275670186695, 0.02787891746821479, 0.18912966825012606, -0.3019473317174532, -0.30626263028012646, 0.23678693393113676, 0.19607347630034383, 0.37352203057931677, 0.014812298109487504, 0.7898074685796411, 0.01914382632460858]], "inverted": false, "swapped": true, "error_lsq": 0.057490679645967005, "error_max": 0.3444571384844058, "target": "119.xyz", "model": "7.xyz", "model_rescale": 3.7474275329858107, "target_rescale": 4.2541416724494},
{"mapping": [4, 5, 9, 8, 2, 13, 3, 11, 12, 0, 7, 12, 10, 6, 14], "R": [[-0.025568200682022257, 0.989075693118141, 0.1451741726229329], [0.07022717851435095, 0.14663999369687394, -0.9866939016972258], [-0.9972032944750021, -0.015032815153858348, -0.07320931605166522]], "T": [-0.021148030618607913, 0.10009272077533399, 0.03624426526814553], "aligned_model": [[-0.2579597366538084, -0.5779541771271771, -0.20872932194121135, -0.5938954828957883, -0.45272593355905044, 0.433308219358749, -0.6381373079571713, 0.33579033257552793, 0.5816768779107157, -0.038199715785588104, -0.05130382011223637, 0.5816768779107157, 0.42297069798571246, -0.3079362095424912, -0.01942034809706389], [0.0815475931975971, -0.24000091596003442, -0.6354826053897098, -0.06880886399288738, 0.64781227730603, 0.03295245281359814, 0.3547147559893224, -0.40873957647991327, 0.14753427233977404, 0.5711713157131176, -0.40290151510187117, 0.14753427233977404, -0.011458635449025145, 0.11247902267115385, 0.1277141184407484], [-0.7092771227371545, 0.331751790526432, -0.027651264867637443, -0.2933659991795913, -0.4352780533310848, -0.7364610666450705, 0.29821065207633135, 0.049076012620159606, -0.08620591905644794, 0.496686916476058, 0.49446370937581297, -0.08620591905644794, 0.6408749041838809, 0.800794602625087, -0.016728863866288156]], "inverted": false, "swapped": false, "error_lsq": 0.04630357357824208, "error_max": 0.3792747007470417, "target": "119.xyz", "model": "8.xyz", "model_rescale": 4.019505241142653, "target_rescale": 4.2541416724494},
{"mapping": [0, 8, 7, 2, 3, 1, 12, 4, 6, 9, 11, 13, 14], "R": [[-0.6273467461136377, -0.5490214864878951, 0.5522784329622636], [0.7146796089633627, -0.12422212683384748, 0.6883327100587702], [-0.3093042461276703, 0.8265254204073207, 0.4703048083401826]], "T": [-0.03046503179971903, -0.0524657857153351, -0.09963103599214793], "aligned_model": [[-0.28486194490181693, -0.6527555284005939, -0.08677892201562801, 0.3621412225544602, 0.3986470909862535, 0.7239059749372324, 0.13131305985585384, -0.33255343490602757, 0.19358506789062768, -0.2036292219350903, -0.3335735147308051, 0.40169177233406994, 0.00256915007264015], [-0.6691226066054886, 0.2635502910717276, 0.17385054951917334, -0.22100757850316438, -0.6387078770199942, -0.16000996289616665, 0.6105354860473371, -0.7493706021822042, -0.3740808373862087, 0.08795158759241296, 0.5902948526891508, 0.24728593217508027, -0.09779100638759691], [-0.30039040247641785, 0.08483778844560352, -0.612143708923137, -0.6968003675714126, -0.004673620564811437, 0.002053379329806815, 0.07603524597914604, 0.3452879584938435, 0.5874510467495209, 0.6390762691366147, -0.3195635230678716, 0.4237283008594085, -0.04819487234641462]], "inverted": false, "swapped": true, "error_lsq": 0.05718662773014111, "error_max": 0.479829260861308, "target": "119.xyz", "model": "9.xyz", "model_rescale": 3.877068213659057, "target_rescale": 4.2541416724494},
{"mapping": [10, 3, 13, 6, 11, 9, 12, 2, 8, 0, 4, 7, 1, 5, 15], "R": [[-0.9545377979713341, -0.003247652162878284, -0.29807221440360027], [0.24077354360942918, 0.581129663127451, -0.7773779102413022], [0.17574325859558648, -0.8138045019467542, -0.5539282802578331]], "T": [-0.09256306006402043, -0.0452115060747394, -0.022682586760327514], "aligned_model": [[-0.37264937731495484, -0.4658646533262398, -0.29100049793241684, -0.6861251152245342, -0.14955959914084638, 0.27595525186787956, -0.6444268701499025, 0.3715544109885162, 0.535608721137675, -0.07633080849848042, 0.14098706576032266, 0.6459243094158209, 0.2977276532726888, -0.27709130354010414, -0.09554823524559014], [0.17928952445922225, -0.32791429006228656, -0.7475870081754056, -0.15104238372116477, 0.6393891323909136, 0.015889679031577543, 0.4218955948545886, -0.4675870177877331, 0.38916483700124954, 0.6881024555457619, -0.4853999275592459, -0.15155028071317464, 0.24231921286951535, 0.17304570188671145, 0.03805273841714454], [-0.6345336484067681, 0.4056705375679584, -0.2774957207717731, -0.1522529812764455, -0.29236506043888955, -0.5668390007160207, 0.16560577478234018, -0.23843535758492124, -0.1324110775269372, 0.2867575259195725, 0.43533397632815185, 0.30839903390736984, 0.6969741751407592, 0.7048533647740506, 0.011422837445592346]], "inverted": false, "swapped": false, "error_lsq": 0.04279788710252298, "error_max": 0.33067828333107885, "target": "119.xyz", "model": "10.xyz", "model_rescale": 4.260839863003843, "target_rescale": 4.2541416724494},
{"mapping": [4, 6, 13, 9, 12, 8, 5, 0, 1, 10, 7, 14], "R": [[-0.5785191344242767, -0.2604618508236306, -0.7729652226138732], [0.809424826600794, -0.3003517358035849, -0.5045991328589939], [-0.10073262225942853, -0.9175774948555041, 0.3845835146589579]], "T": [0.050773677257911765, 0.12440477059523528, 0.028517876046329417], "aligned_model": [[0.4853716248952265, 0.08742481843462488, -0.39806491443112263, -0.38652260934206667, -0.6121079212593672, -0.3607476725599715, 0.37188414062500447, 0.6740489029953698, 0.16794293556606021, -0.1891348092659492, 0.04459813079205183, 0.07420602264426951], [-0.20234147099546193, -0.6068370179052315, -0.44889195223815004, -0.2738966607089707, 0.07255945214939627, 0.4602839028377551, 0.7206913457613403, 0.264727224302459, -0.44819226950464675, -0.01620847735894479, 0.5973336264001858, 0.05385080279320259], [-0.6637596374381498, -0.27091261281248025, 0.17131275482771616, -0.4669811508642951, 0.261973501857069, -0.46033359148258696, -0.34083050352159167, -0.2491966344584284, 0.5279025782014554, 0.6606789620712918, 0.3340661336308934, 0.012258277384610751]], "inverted": false, "swapped": true, "error_lsq": 0.04807954547932298, "error_max": 0.29222539295058436, "target": "119.xyz", "model": "11.xyz", "model_rescale": 3.890672605050136, "target_rescale": 4.2541416724494},
{"mapping": [6, 4, 3, 13, 1, 8, 4, 12, 9, 5, 2, 0, 7, 14], "R": [[-0.6107690479291773, -0.32804692702054095, 0.7206569112719771], [-0.3886724927426628, -0.6687357651047612, -0.6338187200256508], [0.6898513343300069, -0.6672163743060638, 0.2809402897075809]], "T": [0.061383328916457945, 0.0030736217038382597, 0.27743737582838074], "aligned_model": [[0.4208748668111867, -0.18469220147150162, 0.4394536081790489, 0.6412159335260977, 0.801855275882344, -0.4577576300408559, -0.18469220147150162, 0.32848795701359657, 0.09863723933443783, -0.6657279378206237, 0.2685852998271455, -0.2965463815313394, -0.10161392345995868, 0.10179593001561685], [-0.23750973568815154, 0.038925548770253886, 0.4155784176413373, -0.4556630389174808, 0.1934861030937105, -0.49347886458696516, 0.038925548770253886, -0.5013958638489279, -0.670409858766063, 0.26034027360061623, 0.6481567412230363, 0.47246569529374954, 0.2200177276774865, 0.002713825564909059], [-0.3848329310593907, -0.5669843853966448, -0.19557062785723534, 0.21522469190711058, 0.19727835351839473, 0.3486319207626507, -0.5669843853966448, 0.6906771799560497, -0.09729386895273207, 0.26291461774255087, 0.5604432584794063, -0.09248849648539997, 0.7708203187247964, 0.21295478941394896]], "inverted": false, "swapped": true, "error_lsq": 0.054716783741271494, "error_max": 0.45457856495661325, "target": "119.xyz", "model": "12.xyz", "model_rescale": 4.124412569039231, "target_rescale": 4.2541416724494},
{"mapping": [7, 12, 9, 2, 8, 5, 10, 0, 13, 3, 4, 6, 14], "R": [[0.06413921147365004, 0.9775314871863585, -0.20079430547394791], [-0.2777936523007687, 0.210744880242616, 0.9372391808887023], [0.9584971822039638, -0.004334398545606799, 0.2850690525053707]], "T": [0.0469281255295412, 0.05833653147060468, 0.06142980211277523], "aligned_model": [[-0.3182464200054908, -0.08424245850334885, 0.6484391724633684, -0.6013236187309555, 0.5353472287800849, 0.2815942898562952, -0.5205098867666142, 0.21448827113880237, 0.04863924056222487, -0.05701087972126435, 0.7123439476323202, 0.4382016967713612, 0.06957772403297399], [-0.23818143098894096, 0.5534136500262486, 0.5353535296422733, -0.20486146151025897, -0.03806581065376359, -0.6661791820550526, 0.437076531357991, -0.4882098396631881, 0.8001818845778674, 0.12567272786723843, -0.0968729432675073, 0.5337915141306078, 0.09436620704496226], [0.37092007170491786, 0.5454694745440433, 0.13908675282774335, -0.16140132229997078, 0.584204838002944, 0.18429805298002713, 0.1687886432826767, -0.3366887847194378, 0.048083065972735144, -0.6607172979479329, -0.4935642886731248, -0.4351223391257769, -0.001658785581005233]], "inverted": false, "swapped": true, "error_lsq": 0.04556337519633903, "error_max": 0.2577400681049486, "target": "119.xyz", "model": "13.xyz", "model_rescale": 3.9028299243045295, "target_rescale": 4.2541416724494},
{"mapping": [0, 7, 4, 3, 2, 8, 6, 5, 12, 1, 10, 13, 14, 9, 15], "R": [[0.9105467379696008, 0.3728780591158806, 0.17851215925783165], [-0.13061813013968088, 0.6691771674657554, -0.731533199944693], [-0.3922289408645581, 0.642778244476649, 0.6580217218115103]], "T": [-0.04903553643819965, 0.09138950992815548, 0.011735820454285381], "aligned_model": [[-0.34421006901398726, -0.5748743479531635, -0.23657683216475506, -0.6363737128840686, -0.21774737259427945, 0.32038065747935995, -0.5784184678627805, 0.3043433288338115, 0.5796035364602024, -0.12222684940523623, 0.05744488702942066, 0.6757699020141062, 0.3894838267489226, -0.3052437296075222, -0.1021938050101962], [-0.1290752084870277, -0.3966819105979176, -0.52638651885311, -0.013120684580927244, 0.5882020816358553, 0.16291267165733453, 0.4078498182917062, -0.20695211471186525, 0.3890315024349415, 0.7177160881400206, -0.535011247034781, -0.19131682615619472, -0.0244231266702038, 0.13909521889293214, 0.07422822447691144], [-0.730883673295716, 0.5648251338633966, -0.19452691137859435, -0.16937445250411498, -0.5048523661022892, -0.6627441811509139, 0.2647473763089562, -0.20784898375896516, -0.009768813532701898, 0.16844193033639526, 0.40114128156569684, 0.1772216377407138, 0.7715639945154017, 0.7417543021030321, 0.1109881044337424]], "inverted": false, "swapped": false, "error_lsq": 0.04192969327524363, "error_max": 0.24033379257646795, "target": "119.xyz", "model": "14.xyz", "model_rescale": 3.942246331269136, "target_rescale": 4.2541416724494},
{"mapping": [12, 10, 3, 4, 13, 1, 11, 5, 0, 8, 9, 2, 7, 6, 14], "R": [[-0.6095821249972747, 0.13246212070883173, -0.7815775198028192], [-0.7738863252473017, 0.11421454137838183, 0.6229406024116216], [0.1717835512470127, 0.9845856108612625, 0.03288748099079908]], "T": [-0.12604803534823927, 0.00126737940886084, 0.05464510152289712], "aligned_model": [[-0.07723369399331799, -0.612217755649147, -0.19939943371700095, -0.6549742689045644, -0.6200539852072491, 0.3274920868200616, -0.6561701894525511, 0.2541036149480941, 0.5367488501625962, 0.03985317662529442, 0.04433476373932288, 0.6046137140635576, 0.43642933057433364, -0.17465811396067588, -0.03970714397891999], [0.3104550958872952, -0.3844870228246616, -0.39269891653711925, -0.17106186510591395, 0.46255623572601506, -0.1478916590324146, 0.41021465834057147, -0.4854158220376018, 0.3173087351003742, 0.7194535076812607, -0.4294086029357446, -0.17653549471368846, 0.19292975227175074, 0.20366222706042053, 0.02698713955713057], [-0.7004021646927254, 0.40654432042392985, -0.5419771076820558, -0.1302971809965187, -0.39712979712334884, -0.6001024640437537, 0.3112452757993463, -0.09165507754709068, 0.015457949061095821, 0.29028550406584847, 0.7131663283174162, 0.18566977301548246, 0.6693517435745427, 0.5737431416268989, 0.016784135344971897]], "inverted": false, "swapped": false, "error_lsq": 0.05419438186904853, "error_max": 0.46756401724375907, "target": "119.xyz", "model": "15.xyz", "model_rescale": 4.355366556412066, "target_rescale": 4.2541416724494},
{"mapping": [4, 6, 9, 7, 8, 0, 11, 2, 13, 3, 10, 14], "R": [[0.6062431397504019, -7.883295036797966e-05, -0.7952793529892127], [-0.29259289501262825, 0.9298384613373308, -0.22313635653105574], [0.7394989204141572, 0.3679679736107359, 0.5636851223006556]], "T": [-0.10308768024011633, 0.07075327892925277, -0.058353662633950955], "aligned_model": [[-0.18032352906628535, 0.4296793783171691, 0.18589147912191822, -0.41123395632390364, -0.47338549297636995, -0.49469574061089555, -0.4016357769274616, -0.13595669976801644, 0.5791962890430205, 0.23498459761872859, 0.31759090044554766, -0.05230289424167092], [-0.7340165045690227, -0.5003074978195652, -0.49710671801332196, 0.5401108291320761, -0.19737294062405153, -0.18726988363328495, 0.40752402131290566, 0.6172189802701327, 0.013982693547218303, -0.08802294004400989, 0.6128744445521618, 0.025161943629741723], [0.2898802492481423, 0.06720639324528505, -0.4935747874076413, -0.10088530195567491, -0.6170380372211551, 0.45677245979749287, -0.6506718124630498, 0.4309847501912374, -0.34432792214294045, 0.5719884361629404, -0.13639198416002585, -0.02468398208518944]], "inverted": true, "swapped": true, "error_lsq": 0.04746993455950027, "error_max": 0.24049186286891633, "target": "119.xyz", "model": "16.xyz", "model_rescale": 3.795458400668931, "target_rescale": 4.2541416724494},
{"mapping": [12, 13, 1, 11, 2, 6, 9, 7, 8, 4, 3, 5, 14], "R": [[-0.2160461996848202, -0.9756798489150709, -0.03705228768661128], [-0.9537496552134794, 0.21900954408639195, -0.20590389695010572], [0.20901108770090604, -0.009146147830389015, -0.9778704991960587]], "T": [-0.005713957200333651, 0.03412854893879745, 0.04483280750071701], "aligned_model": [[-0.07234500213195627, -0.13828562380044893, 0.4145227198897904, -0.07419932996761688, 0.7117387274544329, -0.36117312728451095, -0.6858633271847565, 0.3323393107042845, -0.5688645497998762, -0.4981975591744348, 0.23605861045832666, -0.12660421289470689, -0.020494835364304492], [-0.4042382712832538, 0.13508460087491903, 0.43903158360226296, -0.7064176068867069, 0.09410586725591957, 0.6498466585506851, 0.13169999046630435, -0.3732204158879681, -0.3914628516943937, 0.6855193184305572, 0.7251268910695242, -0.12551522740432292, 0.10422072837695862], [-0.5028863857908686, -0.6781804842162645, -0.45560275670186695, 0.02787891746821479, 0.18912966825012606, -0.3019473317174532, -0.30626263028012646, 0.23678693393113676, 0.19607347630034383, 0.37352203057931677, 0.014812298109487504, 0.7898074685796411, 0.01914382632460858]], "inverted": false, "swapped": true, "error_lsq": 0.057490679645967005, "error_max": 0.3444571384844058, "target": "119.xyz", "model": "17.xyz", "model_rescale": 3.7474275329858107, "target_rescale": 4.2541416724494},
{"mapping": [4, 3, 0, 6, 8, 12, 5, 2, 9, 7, 13, 1, 10, 14], "R": [[-0.2234583202507806, 0.032859409578430226, 0.9741594522011562], [0.4737684641499669, 0.877090716404862, 0.0790905656408373], [-0.851827342533498, 0.47919947245230043, -0.21156097020423176]], "T": [0.09320872291754553, -0.059090575221404144, 0.125549126906917], "aligned_model": [[0.39912325155810213, 0.05436794261498218, 0.6849548050028438, -0.2726532539510109, 0.24159558491291175, -0.4469681515460676, 0.8386388454212444, 0.2505265787529857, -0.2731945294840782, 0.2998469541150052, -0.6341486124139719, -0.4066685015016296, -0.3864258960330903, 0.06585263043465006], [-0.3570634542747653, 0.3644244225038348, 0.05267367757557296, -0.22599683847286223, -0.7198549291100448, -0.23665525088109846, -0.22951814921677138, 0.6450001162729487, -0.6810146968228019, 0.15072318954613712, -0.1487523626718992, 0.4633860745580567, 0.33665222889238233, -0.053595786387456074], [-0.6442008991896999, -0.4710750049978042, -0.2246409265081183, -0.5556291098464375, 0.37557348162939447, 0.5418197242025308, 0.22741280729779614, 0.2621676023753669, -0.14712357382113028, 0.6054849593488705, 0.00967133862243666, -0.13545278326311155, 0.4260388461767927, 0.05474825663476866]], "inverted": true, "swapped": true, "error_lsq": 0.042072875760658046, "error_max": 0.2366780528756089, "target": "119.xyz", "model": "18.xyz", "model_rescale": 3.922800546911778, "target_rescale": 4.2541416724494},
{"mapping": [3, 11, 9, 7, 12, 0, 13, 2, 1, 8, 10, 1, 6, 4, 14], "R": [[0.33957256402397695, 0.23948064309697864, 0.909582044317081], [0.9109856535351286, 0.15693269313314864, -0.3814148251958125], [-0.23408462746484926, 0.958134203234513, -0.16487339317430263]], "T": [-0.051551915119687416, 0.14256730070794324, 0.046574658738363715], "aligned_model": [[-0.1820097477716583, -0.5839325407421567, -0.2200897617707459, -0.7378950435858123, -0.4938725158228913, 0.3675140513789447, -0.6361458868906773, 0.2676037061250592, 0.6885636910126469, 0.039978605410411996, 0.019233242767458927, 0.6885636910126469, 0.3425143800507481, -0.22488112700421503, -0.12598379209992577], [0.010160274709927641, -0.22650029686656356, -0.6225384093810818, -0.09254803712886525, 0.5919953545883211, 0.09366070715073019, 0.38588511971928896, -0.47601739615429184, 0.14953911152118374, 0.6832467862148187, -0.506993826386801, 0.14953911152118374, 0.153844001303469, 0.061249816806013116, 0.10154565082034143], [-0.5654697652630454, 0.34255369625827825, -0.1746750475899768, -0.28788745717294795, -0.4235114558676376, -0.6748368025693114, 0.3127702145629617, -0.12260461015567972, 0.059353835128017056, 0.3180125186347467, 0.5195021910872466, 0.059353835128017056, 0.6125714457852851, 0.744580095831452, 0.0009716853466339298]], "inverted": true, "swapped": false, "error_lsq": 0.039345503418034174, "error_max": 0.3459957722642006, "target": "119.xyz", "model": "19.xyz", "model_rescale": 3.9282355846067225, "target_rescale": 4.2541416724494},
{"mapping": [0, 3, 6, 2, 7, 1, 10, 13, 11, 8, 4, 5, 9, 14], "R": [[-0.3299644131249464, 0.5670856401110596, 0.7546769923953822], [0.8268170333027753, -0.21215566441859923, 0.5209256832749756], [0.45551847329335304, 0.7958667293177499, -0.39887224728421533]], "T": [-0.08403015274099104, -0.036153141921712234, 0.04074790149571662], "aligned_model": [[-0.4808341008115644, 0.012958588376041455, 0.5534353324220355, -0.5500923180298303, -0.5278057666249399, 0.22287445880955478, 0.03615514005759604, 0.5993795363027365, -0.2452879900245477, -0.04032706804618745, 0.08485866897955338, -0.6726561310511465, 0.5756222480709767, -0.03575777934560133], [-0.5714119081899065, -0.6750441546476957, -0.5035191554876278, -0.1344549744213358, 0.28652013375583507, -0.2464172803426581, 0.29290062236089986, 0.1094659557738181, 0.6667171613232052, 0.30916612989044967, -0.7644169607896509, -0.1361172946947534, -0.016767779762007246, -0.09373840734373706], [0.2440516823411518, -0.3045713308651292, 0.07113279324332458, -0.5180723068597742, -0.08576193774827498, -0.6319924924701112, -0.5544284771493151, -0.20877537700667304, 0.22338288256250916, 0.6731915836053357, 0.5055005391280357, 0.5292296930861313, 0.4405907155607306, 0.028705189815741387]], "inverted": false, "swapped": true, "error_lsq": 0.0426205145735579, "error_max": 0.2584428229681159, "target": "119.xyz", "model": "20.xyz", "model_rescale": 4.067790424073018, "target_rescale": 4.2541416724494},
{"mapping": [2, 7, 8, 0, 3, 6, 12, 5, 11, 12, 1, 13, 10, 9, 14], "R": [[-0.46735914181975435, 0.036413614127377036, 0.8833173162933494], [0.5765255808639789, -0.7449117438589837, 0.3357450647000183], [0.6702191336920742, 0.6661685541716528, 0.32714793330524844]], "T": [-0.020424230498028995, -0.055533346938561885, -0.07528620428383498], "aligned_model": [[-0.35927900752869335, -0.539621570363839, -0.23156799946741952, -0.7188130095563598, -0.24079715662448667, 0.35868094957929997, -0.25406189635980464, 0.3059825888455252, 0.3109920165634922, -0.25406189635980464, 0.06430001590017675, 0.6225483802644657, 0.3513629569669008, -0.2089981893694458, 0.002494769579826764], [0.022089990869372765, -0.3922594952507874, -0.58523390627772, -0.03188261905574231, 0.676940664159748, 0.11390411195489386, 0.5719971737200058, -0.5450155554747044, 0.496095430711815, 0.5719971737200058, -0.5407550299473645, -0.07849732226496528, 0.1554753327470939, 0.045413820131011064, -0.024201801304988363], [-0.7332178033501708, 0.341503407544322, -0.07716316625391953, -0.20237588080000807, -0.44766049602110775, -0.6877624182363737, 0.29704799187646325, -0.1235757131909514, -0.0128264826165424, 0.29704799187646325, 0.5809811358216894, 0.20072535837915834, 0.623667618145016, 0.6719081686641144, -0.007615332694113339]], "inverted": false, "swapped": false, "error_lsq": 0.04606609880366007, "error_max": 0.3476615453027273, "target": "119.xyz", "model": "21.xyz", "model_rescale": 4.186013935880536, "target_rescale": 4.2541416724494},
{"mapping": [9, 6, 13, 11, 5, 12, 8, 4, 1, 3, 0, 7, 14], "R": [[0.47263486235689817, -0.5437838245320581, 0.6934806695663287], [-0.8044977212252045, -0.5874522259318515, 0.08765442824618747], [0.35972170274856796, -0.5993321570089498, -0.7151232496197212]], "T": [0.07157663891969215, -0.0018009993044664843, 0.12042614931673176], "aligned_model": [[-0.07023033441707727, -0.31120118574964595, 0.3615163592181082, 0.5814891388451434, -0.2912352980395986, 0.6717432166605437, 0.06119904458617448, -0.7797832394874411, 0.2397077601171448, -0.30625230338374143, -0.516582051920804, 0.3877760889686177, 0.030426840025801233], [-0.3598507235738883, 0.2021107827230682, 0.14191570879335388, -0.5080931249131475, -0.37590179702904525, -0.18729629489129593, -0.7223276910658858, -0.04550786750531942, 0.6863696994994117, 0.6142935003756755, 0.08703162891209304, -0.05087475178132158, 0.037087590002394456], [-0.5482161581886643, -0.5411005690770958, -0.5472534576909167, 0.3128938493202911, 0.6892002050174838, -0.19893736487712008, 0.07713686505042308, -0.0990338818304681, -0.17812719861770468, -1.791282635291158e-05, 0.4830083688619329, 0.5837502824532348, 0.06957653374030265]], "inverted": false, "swapped": true, "error_lsq": 0.046562499955922584, "error_max": 0.25263198205986465, "target": "119.xyz", "model": "22.xyz", "model_rescale": 4.166573947596378, "target_rescale": 4.2541416724494},
{"mapping": [13, 1, 6, 5, 7, 14, 0, 12, 9, 8, 2, 11, 3, 4, 15], "R": [[0.832515435124034, -0.40822715160419776, 0.37452455590169736], [-0.5535345077509431, -0.5851756188650579, 0.5925951770094131], [-0.02275080238500138, -0.7006568973320821, -0.7131355503772188]], "T": [0.037489454926323426, 0.05927289956733569, 0.033704401545891105], "aligned_model": [[-0.28079372992894297, -0.5549615863728553, -0.2242742171861305, -0.6858760288944261, -0.4848857820157228, 0.376606772642112, -0.6798009071543676, 0.3815170242076023, 0.5409680207018199, 0.014623905569679047, -0.04174150509894485, 0.7360952976363796, 0.3449026870568312, -0.20788965490447892, -0.02532934418872118], [0.091824663120121, -0.25157471776397755, -0.6531022964668795, -0.07339733145737845, 0.4729325680306143, 0.07092219507808098, 0.3269075990466857, -0.41794363242138477, 0.3849390130850207, 0.7905202563566549, -0.39883132915450376, -0.2557978894400816, 0.08930510785000434, 0.24811311662210586, 0.03125064595259193], [-0.7501637862406372, 0.2796202069145287, -0.02205393419219448, -0.3538558748214985, -0.22590961611649768, -0.6810273676931697, 0.3176444778626444, -0.25489699900561413, 0.003703025026983442, 0.378426913230926, 0.520194082618095, 0.22018121477482683, 0.5494774361190502, 0.7000241282881992, 0.039320472378397815]], "inverted": false, "swapped": false, "error_lsq": 0.0384151626588631, "error_max": 0.26049548007170165, "target": "119.xyz", "model": "23.xyz", "model_rescale": 4.274766983524099, "target_rescale": 4.2541416724494},
{"mapping": [4, 8, 5, 0, 7, 2, 3, 10, 13, 12, 14], "R": [[0.17868789308718802, -0.7001532267059447, -0.6912713620549571], [-0.9838827114153503, -0.12233851353138225, -0.13041509991143735], [0.006741442133553599, 0.7034335414523434, -0.7107290663239926]], "T": [-0.01613418331674859, 0.12056598898149569, 0.041635278376619664], "aligned_model": [[0.19551044796246003, 0.1751859700978823, -0.5002625733090319, -0.3975639324123753, -0.4547339558153607, -0.5898959570691438, -0.031180970963282366, 0.003272391605044285, 0.6113938253754267, 0.3431927621249408, 0.024976696361514672], [-0.2995677496961873, 0.7212479140200205, 0.3684515055840436, -0.17476008030909912, 0.403774256212925, -0.16621794750303176, -0.6116233732553229, 0.08947842823283565, 0.014801849889500798, 0.5122131727692752, 0.05778855529852374], [-0.7023948485912778, -0.3101006935775009, -0.5054116186612564, -0.4609396978006732, 0.25254496207092425, 0.3990001034614667, 0.01913536076468167, 0.7312821115507859, 0.4231298869834102, 0.504342647705123, 0.02897822011589384]], "inverted": true, "swapped": true, "error_lsq": 0.04561859109572504, "error_max": 0.20238397755414303, "target": "119.xyz", "model": "24.xyz", "model_rescale": 3.7841303162186577, "target_rescale": 4.2541416724494},
{"mapping": [14, 3, 11, 13, 12, 10, 5, 7, 8, 2, 6, 0, 1, 4, 15], "R": [[0.027471064980206017, -0.1228066891374541, 0.9920503302211789], [0.9733685273864637, 0.22924153510300738, 0.001424246159921927], [-0.22759404755476523, 0.9655914434618369, 0.12583367526590783]], "T": [0.04304264937830077, 0.044378746301104464, -0.012150249191392369], "aligned_model": [[-0.24380377410570292, -0.6468100082746306, -0.23717187449400962, -0.6315510252316967, -0.5610973799534691, 0.37772621679937113, -0.6169271082973282, 0.3918113590213754, 0.44637942699524136, -0.0685542884745278, -0.12058637830353117, 0.7434900847200476, 0.5125670971040157, -0.15045794773214133, 0.014146552296819815], [0.25103882462254923, -0.18141989478471587, -0.6393276688292332, -0.16207791307779273, 0.4539831486842986, -0.14627878677474682, 0.4836560528761473, -0.49949446841504824, 0.4290097991763259, 0.7481639217577987, -0.46351155603499533, -0.13308474681963392, 0.1505953221562062, 0.16634954518692596, -0.0015336112864115237], [-0.7222979124792269, 0.33730671818246827, -0.2206039075505654, -0.35023162881074904, -0.21808947550694988, -0.6880879090809234, 0.36310181586012835, -0.08541602284104197, 0.18491872509056884, 0.23488330763132764, 0.47498364855734004, 0.12645006929362504, 0.5546841409127047, 0.6980504168146401, 0.03103239307069334]], "inverted": true, "swapped": false, "error_lsq": 0.04683226624699903, "error_max": 0.29811770979953384, "target": "119.xyz", "model": "25.xyz", "model_rescale": 4.19342608120988, "target_rescale": 4.2541416724494},
{"mapping": [4, 6, 9, 7, 8, 0, 11, 2, 13, 3, 10, 14], "R": [[0.6062431397504019, -7.883295036797966e-05, -0.7952793529892127], [-0.29259289501262825, 0.9298384613373308, -0.22313635653105574], [0.7394989204141572, 0.3679679736107359, 0.5636851223006556]], "T": [-0.10308768024011633, 0.07075327892925277, -0.058353662633950955], "aligned_model": [[-0.18032352906628535, 0.4296793783171691, 0.18589147912191822, -0.41123395632390364, -0.47338549297636995, -0.49469574061089555, -0.4016357769274616, -0.13595669976801644, 0.5791962890430205, 0.23498459761872859, 0.31759090044554766, -0.05230289424167092], [-0.7340165045690227, -0.5003074978195652, -0.49710671801332196, 0.5401108291320761, -0.19737294062405153, -0.18726988363328495, 0.40752402131290566, 0.6172189802701327, 0.013982693547218303, -0.08802294004400989, 0.6128744445521618, 0.025161943629741723], [0.2898802492481423, 0.06720639324528505, -0.4935747874076413, -0.10088530195567491, -0.6170380372211551, 0.45677245979749287, -0.6506718124630498, 0.4309847501912374, -0.34432792214294045, 0.5719884361629404, -0.13639198416002585, -0.02468398208518944]], "inverted": true, "swapped": true, "error_lsq": 0.04746993455950027, "error_max": 0.24049186286891633, "target": "119.xyz", "model": "26.xyz", "model_rescale": 3.795458400668931, "target_rescale": 4.2541416724494},
{"mapping": [6, 3, 4, 9, 8, 10, 1, 13, 2, 0, 12, 7, 14], "R": [[-0.3362975579714193, 0.20753359032689134, -0.9186042463370667], [0.9231966832743761, -0.1200432002254237, -0.36509932083041535], [-0.1860425663488106, -0.9708344034724301, -0.151224087170925]], "T": [-0.06763596231515698, 0.10251425195071667, -0.030910761532254635], "aligned_model": [[0.021876770232055143, 0.26814288038859935, 0.6128104481533025, -0.2383320470778247, -0.12509914608434322, -0.6121230826125416, -0.2964372259177677, -0.5961440302393952, 0.016145955285434, 0.622177663943862, -0.7571598226696078, -0.16766555292748747, -0.048516427653028715], [-0.576171479439233, -0.5053074069163079, -0.22417480582366084, -0.1253124250067818, 0.5785327195093226, -0.058527593536590095, -0.5388997463067895, -0.3707564087031417, 0.08279292473680118, 0.13501127802842103, 0.16981547926364046, 0.523793971545935, 0.03108499590529895], [-0.4272560980467174, 0.2028397766242338, -0.4838495876131546, -0.7480921960630748, -0.5705817457359277, 0.3622242101033876, 0.3257671755249175, -0.24818868289182433, 0.6983003718091592, 0.060679913216216075, -0.15986374026608538, 0.329057371223686, -0.04890010578539025]], "inverted": false, "swapped": true, "error_lsq": 0.05237497489607393, "error_max": 0.3757432445538967, "target": "119.xyz", "model": "27.xyz", "model_rescale": 3.6321398670334006, "target_rescale": 4.2541416724494},
