[{"mapping": [11, 13, 15, 14, 5, 7, 6, 1, 8, 4, 0, 3, 10, 16], "R": [[-0.6328314111074631, 0.7310974627199068, -0.2549919706976117], [-0.13067229270598307, -0.42544175111541227, -0.8955021319498986], [-0.7631835670627999, -0.5333814923789222, 0.3647670853475336]], "T": [0.04916424403247507, 0.09285942425686872, 0.12636093583857788], "aligned_model": [[0.1264326010096114, 0.4758566320943139, -0.57542005206958, -0.36321793995445356, -0.6567760667527034, -0.511778788864299, -0.7067678127971386, -0.029556569483622154, -0.18899142909334737, 0.2011636149029051, 0.6273242499532726, 0.38147138930005137, 0.5909597431148049, 0.0007925297684890226], [-0.5156687615308204, -0.5197450504009924, -0.494031088264173, -0.35841400573835486, 0.4712398577398272, 0.4670904103181233, 0.023920828015106213, 0.42247258861157994, 0.7212165656018987, -0.12547607370822272, 0.4896157825094265, 0.6161950199256503, -0.03170115631516286, 0.06855841504614826], [0.2811137686133331, -0.3018541302411397, 0.3298511117951186, -0.31442909454224527, 0.35863976671834086, -0.3234557506626182, -0.022137246785888354, 0.589462022955505, 0.011356237039114037, 0.6713813380422449, 0.4390224969379669, 0.005009285459716323, 0.09438032020827761, 0.07924796164210829]], "inverted": false, "swapped": true, "error_lsq": 0.05961168062757664, "error_max": 0.5868980134999406, "target": "1190.xyz", "model": "0.xyz", "model_rescale": 3.8414455957264533, "target_rescale": 4.334484548301236},
{"mapping": [11, 4, 9, 0, 10, 3, 12, 13, 7, 14, 8, 2, 5, 15, 16], "R": [[-0.6631892484669052, 0.23956103636350934, 0.7090772387930266], [-0.2943672555586222, 0.7875549097534301, -0.5413918940824212], [-0.6881336640310416, -0.5677744041251842, -0.4517790239126932]], "T": [-0.06624820041089309, 0.016290423313589254, -0.07280099618134048], "aligned_model": [[-0.5925060755222937, -0.6183304319451239, 0.14543981855866, -0.24679902729264325, -0.3511849270174613, 0.21376475171343534, 0.7038159522248995, -0.3684714283634856, 0.6958690803662113, 0.09183666413759377, 0.5141940839715635, -0.2887720093464383, 0.3241002840632925, -0.31890103251151053, -0.03201154953215456], [0.12208123265883385, 0.13470427428203893, -0.6340257279851111, -0.4559567292032249, -0.4605073431447799, -0.42900694857691085, -0.3802242666147397, -0.42071721238136994, 0.27403434045452363, 0.29923918230036095, 0.06720113742435872, 0.7436653459681604, 0.6717580014042419, 0.7689050288372399, 0.04589421261939316], [0.2619919916202641, -0.2941712894862998, 0.11261584784819129, -0.650577664022257, -0.03336227706611574, -0.42256864015314977, -0.06914301766821793, 0.6042545599206848, 0.026124693386561176, 0.6076046185523581, -0.42673849936074904, -0.4329836268936391, -0.4096499903163626, 0.3088953102185926, -0.017110229240326076]], "inverted": true, "swapped": true, "error_lsq": 0.04834448939882325, "error_max": 0.3445130343329789, "target": "1190.xyz", "model": "1.xyz", "model_rescale": 4.316132596720782, "target_rescale": 4.334484548301236},
{"mapping": [9, 8, 7, 11, 14, 10, 15, 4, 5, 0, 2, 16], "R": [[-0.17493214765946247, -0.8443110719318383, -0.5064953677266545], [-0.4927001874029058, -0.3703160546531648, 0.7874722503042608], [-0.8524349060476056, 0.3873045745655803, -0.35121204061390776]], "T": [-0.08203930491324435, -0.058259181612774324, 0.04079051486244183], "aligned_model": [[-0.3619966558055752, 0.487022752524321, 0.2628720161150378, -0.5579465718503709, -0.4794127972185124, -0.4033731351825899, -0.25552230691565236, -0.10434128703886777, 0.5932832725932589, 0.15607521982191025, 0.36404007698717, -0.10289202939834857], [-0.635328832347945, -0.4228658384165979, -0.5366974860588309, 0.3566797992326478, -0.15373119527087514, -0.11213978655370128, 0.5002896690065033, 0.49211673700052716, 0.07159632022378998, -0.07321398042694671, 0.6054138804438409, -0.07934285909143163], [0.3419828453538014, -0.04869279680253378, -0.5152436010009949, 0.0012518427652272665, -0.5924409020727832, 0.4923676519830414, -0.6179059993407618, 0.29458256958195234, -0.43096566693260674, 0.7705299746368567, -0.22164786430588618, -0.02455959265589156]], "inverted": false, "swapped": true, "error_lsq": 0.051056672202786056, "error_max": 0.33412627718103644, "target": "1190.xyz", "model": "2.xyz", "model_rescale": 3.795458400668931, "target_rescale": 4.334484548301236},
{"mapping": [13, 9, 0, 5, 11, 2, 8, 14, 7, 6, 4, 16], "R": [[0.8726384535545575, -0.19092370340310322, 0.4495000209752546], [-0.4871282596808369, -0.4057964884733912, 0.773327400628598], [0.034758998809366864, -0.8937993899200809, -0.44711795152986383]], "T": [-0.06461955840860603, -0.003468529064521448, -0.002172939212604502], "aligned_model": [[0.029331543669547433, -0.2940967177413747, -0.8287113684442429, 0.24700064027530275, 0.0760498313099465, 0.09018772915767637, -0.10008244319181642, 0.640791194580967, 0.4048406641836445, 0.6344289839145125, -0.31025825748826114, 0.003822025517663072], [-0.17585444995497504, -0.594300842083146, -0.01967397521343312, 0.1570803599520757, 0.3944938319753132, 0.6793832495161872, -0.34602403800580495, -0.10466935720350101, -0.4615636144309738, 0.03904530451279089, 0.5422590519486502, -0.024406475723474066], [-0.8401318068877764, -0.31896897975399907, 0.07092248746276521, 0.7545263644191836, -0.4734090510839508, 0.4648075778566748, 0.5861934513673622, -0.24744154120494682, 0.47405910580900346, 0.3260971085646607, -0.10048099621143167, -0.007402289698444645]], "inverted": false, "swapped": true, "error_lsq": 0.04467874143950496, "error_max": 0.21806905399940077, "target": "1190.xyz", "model": "3.xyz", "model_rescale": 3.7530521520055578, "target_rescale": 4.334484548301236},
{"mapping": [14, 9, 10, 0, 11, 8, 15, 7, 5, 1, 16], "R": [[-0.9695611659329875, 0.13062782444076612, 0.20709301532533253], [-0.24460520792662063, -0.47899647572108495, -0.8430484378147882], [-0.010928758842645353, -0.8680430563794934, 0.49636862763626277]], "T": [0.019692322438024885, -0.08303168208428202, -0.04341916443056552], "aligned_model": [[-0.5280937702535565, -0.06714703017614546, 0.3656423606568266, 0.5869446751084785, 0.25539261663482815, -0.2942145793822024, -0.17133219680795975, -0.7267026295824716, -0.31361337717624704, 0.27573518299966054, -0.04441164957600586], [-0.5975315611047121, -0.020472755375805285, -0.20013637254331412, 0.36345010751629825, -0.6635507465343746, 0.5193352418086318, -0.6492880047143087, 0.21617260310854902, 0.3092899739420847, 0.3043320323516909, -0.1143971601403938], [0.013351394085825107, -0.7438816028180317, -0.4637589357624124, -0.30480132142329913, 0.04415011251827935, 0.014834148408120494, 0.6037420816771524, 0.05862170904322075, 0.6126814063102816, 0.2937689548429678, -0.03587716963678758]], "inverted": false, "swapped": true, "error_lsq": 0.0466015396491555, "error_max": 0.22936173724916345, "target": "1190.xyz", "model": "4.xyz", "model_rescale": 3.7855080009869324, "target_rescale": 4.334484548301236},
{"mapping": [7, 10, 15, 7, 8, 9, 14, 2, 3, 4, 6, 13, 0, 11, 12, 14, 16], "R": [[-0.09550563403780638, 0.988192448681398, 0.11980967505214034], [0.8318078893020711, 0.1453402007191279, -0.5356975465220624], [-0.5467854324704254, 0.048496499090000963, -0.835867082982781]], "T": [0.07864624528276404, -0.025366213262494088, -0.048074826249688785], "aligned_model": [[-0.5290061868871345, -0.4163940117634811, -0.2029223901196558, -0.5290061868871345, -0.5249679534648282, 0.22658783033892932, 0.4826381579865441, 0.7285693101184068, 0.3073974891407979, -0.0060499282693499, -0.2713702407359673, -0.05904155974840711, 0.44096910740777334, 0.23809158841982433, 0.5558490982888875, 0.4826381579865441, 0.11143079902595698], [0.1563891336557406, -0.52340391833578, -0.5857706921030875, 0.1563891336557406, -0.11900890080162516, -0.7214924129786744, -0.38264401771645845, -0.3393323076415856, -0.5022064925609891, 0.5232825104523422, 0.5207420389221172, 0.20812009879546264, 0.14039789867024347, 0.662897694751957, 0.22012739484837554, -0.38264401771645845, -0.06300788798475462], [-0.44693944917399325, -0.24264579608642156, 0.4866999210401191, -0.44693944917399325, 0.301483209138387, -0.0689463553939681, 0.360386314432464, -0.20558986982863045, -0.49831123289754725, -0.5367586913578579, 0.024940956139672787, 0.6237836776800234, -0.7186852094806717, 0.31703639485549734, 0.3703455227651214, 0.360386314432464, -0.028199475793699788]], "inverted": true, "swapped": false, "error_lsq": 0.047027626400817465, "error_max": 0.4370336675338159, "target": "1190.xyz", "model": "5.xyz", "model_rescale": 4.2253639853439635, "target_rescale": 4.334484548301236},
{"mapping": [14, 15, 5, 7, 6, 1, 8, 12, 4, 11, 2, 0, 9, 16], "R": [[-0.4170938884997296, -0.8692918051213294, 0.2652629746592545], [0.7340450093729871, -0.4942990183971547, -0.4656676976409477], [0.5359203414601715, 0.00048781196227967727, 0.8442684109030155]], "T": [0.13347127043850493, 0.1170807394458962, 0.08695185399955402], "aligned_model": [[0.42397720928070604, -0.21005189864545304, -0.45138843177011956, 0.21245971333790042, -0.05518552621654296, -0.36962079065320275, 0.012554289372590094, 0.613095841310868, -0.23791580825062858, 0.1450899537117222, -0.6747072775425332, 0.03855469877197973, 0.7690356533077013, 0.15816452674279557], [-0.14033699879031108, 0.08217150294186021, -0.47486115765925, -0.6882630115881301, -0.4501186535492167, 0.10226164003722751, -0.43887349632978817, -0.46323227336002065, 0.5947983610004874, 0.5672635593603913, 0.07335877676209637, 0.4609384723470506, 0.1461798839875171, 0.0738125414750763], [-0.5590706167484663, -0.723435365695176, 0.03198960065150362, 0.03980063877132084, -0.4038953488029434, 0.36260234618967374, 0.46254588201417396, 0.5152428269304157, 0.04597687292703123, -0.35737440675108384, -0.14382612519061036, 0.7668007754493327, 0.3989029320232138, 0.035298197163062886]], "inverted": true, "swapped": true, "error_lsq": 0.043894785002937343, "error_max": 0.30692241928171465, "target": "1190.xyz", "model": "6.xyz", "model_rescale": 3.89814844738969, "target_rescale": 4.334484548301236},
{"mapping": [11, 15, 2, 13, 1, 6, 14, 10, 9, 7, 5, 3, 16], "R": [[0.9101578253582076, 0.3979720219907156, -0.11502609552549517], [-0.37237988784832277, 0.9076300047006954, 0.19375498365999846], [0.18151019824045544, -0.13351421002888483, 0.9742833282239175]], "T": [0.015441058485491724, -0.012165458699345835, 0.07413934908677221], "aligned_model": [[0.06931049711785688, -0.059893375781578786, 0.5133426483593471, -0.39524741728487056, 0.4957822721981197, -0.3315148790043481, -0.5918365964498823, 0.100554109875648, -0.3278985406849598, -0.48547032647674915, 0.12542775085121155, 0.08220722181277011, -0.0461315636283423], [-0.368781400911445, 0.24501826878117722, 0.5021360124023729, -0.7431544371231088, 0.2830150039229824, 0.575816495263253, 0.05071628146779239, -0.5403734455908822, -0.4169650807274412, 0.5976248175366431, 0.8111221678490136, -0.042828243874472455, 0.0104348264746008], [-0.4456188105234684, -0.7649884848385595, -0.3684786066498354, -0.12004836553700544, 0.1811217512872721, -0.28936624109317954, -0.36774566055075264, 0.2285173005612382, 0.5435618727394669, 0.25930028438893493, -0.0005422522880857289, 0.7015439080273471, 0.045018335312922826]], "inverted": true, "swapped": true, "error_lsq": 0.04514961496077895, "error_max": 0.27409214651098474, "target": "1190.xyz", "model": "7.xyz", "model_rescale": 3.7474275329858107, "target_rescale": 4.334484548301236},
{"mapping": [12, 7, 5, 3, 2, 0, 9, 10, 1, 4, 13, 11, 14, 15, 16], "R": [[0.06716917610454531, -0.880195778399183, 0.469833687031585], [0.7650233679832152, 0.34772236712295934, 0.5420594080375547], [-0.640490084404946, 0.32302406580727483, 0.696726563788322]], "T": [-0.026442523691848113, -0.07663234993219822, 0.029662727093981267], "aligned_model": [[-0.4707554725109741, 0.13976697472710695, 0.6585420854369797, -0.3945762711291501, 0.7813764287059067, -0.329828954253957, -0.7167113352953188, -0.4750314997767384, 0.291892898018905, 0.1844338010979097, -0.5890350454204771, 0.036029747481903115, 0.07081341011536169, 0.6291407245165409, -0.0139037693752514], [-0.13959516816094494, 0.11255231556312631, -0.22699573026053368, -0.5133728711446547, -0.25632290604397706, -0.7591369035905082, -0.04781245768805617, -0.16646241107868975, -0.5540709842750104, -0.28401062140807626, 0.46028856434250454, 0.2527113348436716, 0.6580601242175514, 0.4673608311814357, -0.014075154518244912], [-0.7111866275948038, -0.7408076055700785, -0.4216286081008781, -0.24009581061780044, 0.1828374485985168, 0.20738740190231908, -0.12781965796431044, 0.34711973439407656, 0.03405945389345594, 0.5591406448561478, 0.3983419447451055, 0.5661842492834082, -0.10734412287935763, 0.25379726683683645, -0.003191056086376015]], "inverted": false, "swapped": true, "error_lsq": 0.047842002836454726, "error_max": 0.2835482993589789, "target": "1190.xyz", "model": "8.xyz", "model_rescale": 4.019505241142653, "target_rescale": 4.334484548301236},
{"mapping": [1, 3, 10, 4, 2, 11, 13, 5, 6, 7, 9, 14, 16], "R": [[-0.11696644311874715, -0.14261149408425455, -0.9828432290753218], [-0.29104516866023605, -0.9412640972887025, 0.17121509558102316], [-0.9495322853824842, 0.3060781941111467, 0.06858992714659778]], "T": [-0.020944330092605663, -0.0427465718634141, -0.056390240656436844], "aligned_model": [[-0.22927804798308885, -0.6179771966995942, -0.027428200435612116, 0.25959315354223933, 0.236778246796282, 0.5737331703047964, 0.3880112162361081, -0.18227041126696653, 0.18286928248691914, -0.3420210656044371, -0.3424025503510225, 0.41624462129844636, 0.0038485534171060903], [-0.5441374317736928, 0.08545894371115531, 0.31463450173754837, -0.32597406594811795, -0.8436103986893316, 0.05136378742239567, 0.7024603829369251, -0.7199581621713816, -0.3202476208551742, -0.10281478599287386, 0.5846064932135236, 0.2068429850171824, -0.025246400494100048], [-0.24215538559434402, -0.21809834035109865, -0.4833764096263508, -0.513448600283789, -0.033611843867887514, -0.2506254123839266, -0.19107778597000324, 0.4027777978594995, 0.6362068240016227, 0.6854604910295865, -0.12846703603429993, 0.5044782814147787, 0.008640913850091345]], "inverted": true, "swapped": true, "error_lsq": 0.048812572767234955, "error_max": 0.3273265028650112, "target": "1190.xyz", "model": "9.xyz", "model_rescale": 3.877068213659057, "target_rescale": 4.334484548301236},
{"mapping": [9, 12, 6, 1, 8, 3, 4, 7, 14, 14, 11, 13, 10, 2, 15, 16], "R": [[0.944503282793834, -0.3284504888618971, 0.005815939997259989], [-0.21892211070899392, -0.6425423834746269, -0.7343108298816413], [0.24492173899919523, 0.6922857515543178, -0.6787884648110071]], "T": [0.11193971159584067, -0.03006999524281692, -0.05818469934630653], "aligned_model": [[0.22821263156840832, -0.21547800380959642, -0.6024777098895138, 0.29391015272827553, -0.15743693022947597, 0.31908291205817146, 0.5381703205683562, -0.6075136960917802, -0.468747236727793, -0.468747236727793, 0.26766340616799966, 0.24413470663343317, 0.5506830617324965, 0.043117649284335965, -0.2951688492348135, 0.04600334728638353], [0.043587271549812706, -0.4171975955061281, -0.03682839976552996, -0.4697289856613188, -0.6394730901886091, -0.4550307272437967, 0.0694526103573119, -0.3610944329268946, 0.45022232542167373, 0.45022232542167373, 0.5275253089617562, 0.7227922020695599, 0.17519553362166873, -0.24944835537087742, 0.39392052643316267, -0.00231764003991667], [-0.7532800418675841, -0.7604424440978307, 0.23812525101602794, 0.2625818079197926, -0.20254880560777333, -0.4771530493430243, 0.3616297313065685, -0.23095791590875792, -0.06934623731890426, -0.06934623731890426, 0.19688979725737266, -0.4537119099948239, -0.33286778256267846, 0.7514197163799621, 0.5979013663208884, -0.06385891907028982]], "inverted": true, "swapped": true, "error_lsq": 0.041365598291811946, "error_max": 0.4124938696565747, "target": "1190.xyz", "model": "10.xyz", "model_rescale": 4.260839863003843, "target_rescale": 4.334484548301236},
{"mapping": [9, 7, 6, 14, 15, 11, 10, 3, 5, 2, 4, 16], "R": [[0.4347564087000513, -0.03874264993658738, 0.899714328089825], [0.8087338276194282, -0.42269696973566395, -0.4089949484288486], [0.39615206822413934, 0.9054425872755149, -0.15243772495533567]], "T": [0.1368347587726126, 0.10869479643500737, -0.10298275931674486], "aligned_model": [[0.5019618331434924, 0.16220245800393177, -0.3217718776125297, -0.4571840596942367, -0.6959821089818169, -0.3394593449007923, 0.32070655184850344, 0.7587356927906934, 0.07681700410068652, -0.16225076413801784, 0.023820316009682624, 0.09130294852453402], [0.11521063611107324, -0.7013796695686964, -0.48292415168015923, -0.22648767536502087, 0.02970719846520134, 0.5157741728676545, 0.5344679650412946, 0.05067809451066574, -0.43812887993833904, 0.10832016965903984, 0.6085888115782392, 0.0592518338519807], [-0.7102241309802355, -0.11627967261455491, 0.09170799067362886, -0.42360243912115336, 0.17293623692308638, -0.1904796119971061, -0.4111853443812189, -0.19736336169254526, 0.5238016264099369, 0.683700379409904, 0.22129358361607024, -0.12812717885030794]], "inverted": true, "swapped": true, "error_lsq": 0.04691100614938243, "error_max": 0.21835189723656645, "target": "1190.xyz", "model": "11.xyz", "model_rescale": 3.890672605050136, "target_rescale": 4.334484548301236},
{"mapping": [10, 0, 4, 13, 11, 7, 3, 14, 9, 5, 2, 1, 6, 16], "R": [[-0.2449685436116395, 0.6076234309238726, 0.7555026001497905], [-0.5825277974984402, -0.7151520066540842, 0.38628871653240565], [0.7750172757961004, -0.3454726813670493, 0.5291472844555216]], "T": [0.09894903992394237, -0.027126962000251345, 0.06869426473397011], "aligned_model": [[0.4273049446596237, 0.019028201255254798, 0.43337605141070007, 0.7663759953044359, 0.7013240965999685, -0.5293594030375686, -0.25533157080253693, 0.2777697869046364, 0.10843970070407254, -0.49763212325907585, -0.002796135445976358, -0.16660406996640892, -0.16672291830930247, 0.09470327877587069], [-0.1992556442068631, 0.14276084602619638, 0.4539362421468661, -0.5701142812340333, 0.08201625847288517, -0.3074218348636416, -0.2104103068996082, -0.3646771091757398, -0.6386392432594206, 0.38890113296276146, 0.7465052211206853, 0.45190871680648403, 0.017937931994762985, -0.061295410063569554], [-0.34679890900229343, -0.675746897668901, -0.08801631193098489, 0.04808335497138816, 0.22824814171325378, 0.49730160635156684, -0.42112904206689483, 0.7183754663734223, -0.2891674086710524, 0.47672425143315744, 0.38407310937202827, -0.102509665545609, 0.7936943204408199, 0.13165841958696]], "inverted": false, "swapped": true, "error_lsq": 0.04854243232195269, "error_max": 0.37895293717486017, "target": "1190.xyz", "model": "12.xyz", "model_rescale": 4.124412569039231, "target_rescale": 4.334484548301236},
{"mapping": [14, 2, 4, 7, 11, 13, 5, 9, 1, 8, 10, 0, 16], "R": [[-0.7478583757577572, 0.6120427641974749, 0.2571215755289386], [-0.6360825729796106, -0.7715003358299869, -0.013645225020357102], [0.19001792063015555, -0.17375524915159185, 0.9662827242746609]], "T": [0.12178866851917668, 0.07031485772176309, -0.012536960196344985], "aligned_model": [[-0.2025809123533277, -0.08577510472800644, 0.5218274824978283, -0.6570319081570157, 0.4792876154519774, 0.582609379180944, -0.5520492546654081, 0.3038165517958855, 0.08152860449654908, -0.3676485134950808, 0.6232440749077072, 0.5660276933544219, 0.07404259922328318], [-0.4488341882157502, 0.7389381152596602, 0.43995921666871934, -0.08375301318398069, -0.061612190548534826, -0.6385505317576634, 0.5493301632793492, -0.40989384614136193, 0.6354423783974786, 0.2715200392285352, -0.09659034210568028, 0.42588721453292455, 0.025642361094781484], [0.42708932232026653, 0.4545635328793539, 0.25420904716677484, -0.17606851384596883, 0.49245328527027676, 0.1483136271254623, 0.09684183312737729, -0.5007661794253647, -0.10372047902104516, -0.4423562504382286, -0.1879381874117792, -0.5279609021455545, 0.017037945366268313]], "inverted": false, "swapped": true, "error_lsq": 0.04955036706033146, "error_max": 0.3030048327930773, "target": "1190.xyz", "model": "13.xyz", "model_rescale": 3.9028299243045295, "target_rescale": 4.334484548301236},
{"mapping": [3, 14, 9, 8, 1, 4, 7, 5, 10, 6, 2, 14, 11, 11, 15, 16], "R": [[0.6586816431821118, -0.534739696677398, -0.5293316065872864], [-0.7269716136534609, -0.2708627162568755, -0.6309878460668087], [0.19403805265204177, 0.8004291634737654, -0.567152879198979]], "T": [0.06900328924129404, -0.07863236438094712, -0.04689201983694272], "aligned_model": [[-0.07932549617603976, -0.11168479394737377, 0.1001523451689629, -0.5251656589689294, 0.003309733712156579, 0.5294054526422644, -0.7233973771213709, -0.543466746125196, 0.4970570510566086, -0.4581313117457936, 0.007092402815011639, -0.11168479394737377, 0.5590415207127427, 0.5590415207127427, 0.09352351912807635, 0.032071903664107476], [-0.5679758509586992, 0.6524211829590668, -0.13349207394649518, -0.41111441056115355, -0.5181340661645666, -0.22932558006971168, 0.07948620569564169, -0.18239475390531307, -0.19619622157961497, 0.36417731031754264, -0.16119340653816822, 0.6524211829590668, 0.2878724109806482, 0.2878724109806482, 0.5450610362937618, -0.01723309434155361], [-0.4178043155351385, -0.07714351050760301, -0.7526699372063361, -0.08147311897862511, 0.3161879057671648, 0.3179954147452908, -0.11124006008421825, 0.5095167798845027, -0.38309014194760327, 0.30565048720696797, 0.7883764205919913, -0.07714351050760301, 0.11361396906470286, 0.11361396906470286, 0.5746862685680263, -0.05091651050189034]], "inverted": true, "swapped": true, "error_lsq": 0.04824910935832152, "error_max": 0.3539499819574635, "target": "1190.xyz", "model": "14.xyz", "model_rescale": 3.942246331269136, "target_rescale": 4.334484548301236},
{"mapping": [11, 10, 4, 3, 8, 1, 6, 15, 14, 2, 5, 7, 9, 12, 16], "R": [[0.24460596706959914, 0.8178427521153205, 0.5208657731953452], [-0.37553011828331917, 0.5751653510163598, -0.7267475141012484], [-0.893949132297841, -0.01783400691561754, 0.44781346234930375]], "T": [-0.15610190241209096, -0.09421152987999586, -0.13701256803221318], "aligned_model": [[-0.6281098724592542, -0.443493191231914, -0.15211305076533987, 0.13116729593297624, 0.3998206602471327, 0.34777183712600224, -0.04415888035688366, -0.3709050483638109, -0.6008884103982669, 0.27785807353022385, 0.4837548447101625, 0.13996485842751674, -0.420379780604501, 0.03605882795655002, -0.18205412721838432], [0.1617503399704467, -0.5036228823699445, 0.0324457240744573, -0.6473293433440837, -0.21215715378492989, -0.04573293622574155, 0.5324058907264145, 0.7577924897045257, 0.3332792349007288, 0.5367455613965889, 0.3952579732840975, 0.08026007565222716, -0.6955037638446077, -0.5716557424098618, -0.055790777848667046], [-0.4715531313940203, -0.38169410063579473, -0.7301090747814735, -0.034194769716711926, 0.2395718668497192, -0.40731887955054447, 0.30236981992037737, -0.19948678220411614, 0.29590686270896355, -0.4861465528642479, 0.07857935840177835, 0.5971162357397657, 0.12889563518281388, 0.5596633659115174, -0.08223737320750996]], "inverted": true, "swapped": true, "error_lsq": 0.04672797044877224, "error_max": 0.3190988874254122, "target": "1190.xyz", "model": "15.xyz", "model_rescale": 4.355366556412066, "target_rescale": 4.334484548301236},
{"mapping": [9, 8, 7, 11, 14, 10, 15, 4, 5, 0, 2, 16], "R": [[-0.17493214765946247, -0.8443110719318383, -0.5064953677266545], [-0.4927001874029058, -0.3703160546531648, 0.7874722503042608], [-0.8524349060476056, 0.3873045745655803, -0.35121204061390776]], "T": [-0.08203930491324435, -0.058259181612774324, 0.04079051486244183], "aligned_model": [[-0.3619966558055752, 0.487022752524321, 0.2628720161150378, -0.5579465718503709, -0.4794127972185124, -0.4033731351825899, -0.25552230691565236, -0.10434128703886777, 0.5932832725932589, 0.15607521982191025, 0.36404007698717, -0.10289202939834857], [-0.635328832347945, -0.4228658384165979, -0.5366974860588309, 0.3566797992326478, -0.15373119527087514, -0.11213978655370128, 0.5002896690065033, 0.49211673700052716, 0.07159632022378998, -0.07321398042694671, 0.6054138804438409, -0.07934285909143163], [0.3419828453538014, -0.04869279680253378, -0.5152436010009949, 0.0012518427652272665, -0.5924409020727832, 0.4923676519830414, -0.6179059993407618, 0.29458256958195234, -0.43096566693260674, 0.7705299746368567, -0.22164786430588618, -0.02455959265589156]], "inverted": false, "swapped": true, "error_lsq": 0.051056672202786056, "error_max": 0.33412627718103644, "target": "1190.xyz", "model": "16.xyz", "model_rescale": 3.795458400668931, "target_rescale": 4.334484548301236},
{"mapping": [11, 15, 2, 13, 1, 6, 14, 10, 9, 7, 5, 3, 16], "R": [[0.9101578253582076, 0.3979720219907156, -0.11502609552549517], [-0.37237988784832277, 0.9076300047006954, 0.19375498365999846], [0.18151019824045544, -0.13351421002888483, 0.9742833282239175]], "T": [0.015441058485491724, -0.012165458699345835, 0.07413934908677221], "aligned_model": [[0.06931049711785688, -0.059893375781578786, 0.5133426483593471, -0.39524741728487056, 0.4957822721981197, -0.3315148790043481, -0.5918365964498823, 0.100554109875648, -0.3278985406849598, -0.48547032647674915, 0.12542775085121155, 0.08220722181277011, -0.0461315636283423], [-0.368781400911445, 0.24501826878117722, 0.5021360124023729, -0.7431544371231088, 0.2830150039229824, 0.575816495263253, 0.05071628146779239, -0.5403734455908822, -0.4169650807274412, 0.5976248175366431, 0.8111221678490136, -0.042828243874472455, 0.0104348264746008], [-0.4456188105234684, -0.7649884848385595, -0.3684786066498354, -0.12004836553700544, 0.1811217512872721, -0.28936624109317954, -0.36774566055075264, 0.2285173005612382, 0.5435618727394669, 0.25930028438893493, -0.0005422522880857289, 0.7015439080273471, 0.045018335312922826]], "inverted": true, "swapped": true, "error_lsq": 0.04514961496077895, "error_max": 0.27409214651098474, "target": "1190.xyz", "model": "17.xyz", "model_rescale": 3.7474275329858107, "target_rescale": 4.334484548301236},
{"mapping": [10, 4, 11, 1, 9, 7, 13, 15, 3, 14, 8, 2, 6, 16], "R": [[-0.052038657762351226, 0.8344634397190656, 0.5486007162504605], [0.08270116774530545, -0.5438570830550952, 0.8350928032646229], [0.9952147983987456, 0.08882702844871426, -0.04070950828879627]], "T": [0.026039397677691978, -0.12153481032451148, -0.047856895280566504], "aligned_model": [[0.40975750196509375, 0.17393171342164543, 0.5440022576138712, -0.38532941617150435, 0.26542411767865903, -0.47801352747668785, 0.8428859044404549, 0.1627197911774821, -0.2211967933961828, 0.28787876430365616, -0.5976735283202639, -0.3553839146724843, -0.26592885761832463, 0.0317736349374617], [-0.43201100101477147, 0.18254743101269716, 0.2303577827963103, 0.003034364092482575, -0.7728326399265018, -0.18612031174704013, -0.3090177563096277, 0.7101084681426912, -0.6822574298660297, 0.15544955567280783, -0.3561022836861231, 0.5819787010584142, 0.3369745929460951, -0.10170123166017146], [-0.30562697168772696, -0.5513281364474759, -0.13792059370147047, -0.42807083671724694, 0.09569941092321979, 0.5836495023022602, 0.14792540364510023, 0.2083504343343365, -0.20115013484884728, 0.6023141839367322, 0.09614723261542457, -0.30844785294073573, 0.5023804897170695, 0.020872587531015487]], "inverted": false, "swapped": true, "error_lsq": 0.04429848967952078, "error_max": 0.2486352757143503, "target": "1190.xyz", "model": "18.xyz", "model_rescale": 3.922800546911778, "target_rescale": 4.334484548301236},
{"mapping": [13, 14, 11, 10, 5, 9, 6, 0, 7, 4, 2, 1, 3, 8, 16], "R": [[-0.6919873218214925, -0.5142351536400404, 0.5066712476538634], [-0.6349356881300398, 0.7675147065342757, -0.08819210391207227], [-0.3435261538473473, -0.3827314750767291, -0.8576166973703578]], "T": [0.07070270834379014, 0.10270172891644785, -0.037910971491893306], "aligned_model": [[-0.2921923450261139, -0.2715019271968192, 0.30622842307778303, 0.020701751957840075, 0.2927950426512723, -0.48569395543283833, -0.015103204886529137, 0.28314899648069386, -0.38972928782336214, 0.6300885224795367, 0.7655209200187844, 0.4855386692626743, -0.1470770740664887, -0.11763051448808556, 0.030956819879270285], [0.6055780114921006, -0.24836005957532004, 0.2856584811720812, 0.6557250179310674, -0.6452316667634765, 0.5259664186036523, -0.6372541734773967, 0.6205850549610319, -0.5310119811769507, 0.3118702897659359, -0.3721828852915822, -0.009197198993170952, 0.33880909759400935, -0.24035063401112539, 0.05700773280372272], [-0.6346868120559632, -0.6103218669578077, -0.595835568227802, -0.07969143346095753, 0.2566184171565857, 0.07772671729213544, -0.24609387810150557, 0.4875462459018029, 0.170536333801116, -0.14353985641812922, -0.03200275433172965, 0.3424759064976421, 0.5060188809422673, 0.5203206792901407, -0.0764118441644659]], "inverted": false, "swapped": true, "error_lsq": 0.04512397187015231, "error_max": 0.3747212576473148, "target": "1190.xyz", "model": "19.xyz", "model_rescale": 3.9282355846067225, "target_rescale": 4.334484548301236},
{"mapping": [1, 8, 12, 5, 2, 7, 6, 14, 15, 11, 10, 4, 13, 16], "R": [[-0.6374930157911858, -0.7475810137380905, 0.18634721011002103], [-0.4022722195074193, 0.11668631387716977, -0.9080536138171214], [0.6570994720969072, -0.6538401425823348, -0.37511778379314187]], "T": [-0.006828437065004418, -0.24056233112820616, 0.16833599725676224], "aligned_model": [[-0.5405721693479615, -0.08994191102308743, 0.4844746038572789, -0.45155425285105966, -0.7361575882256404, 0.2272649152864201, 0.006775795648240601, 0.4405475588484471, -0.18226421840588006, 0.0030733601502071425, 0.15615505959441364, -0.4461920405134824, 0.6263557728482013, 0.034557933218579036], [-0.42453290209504113, -0.6272109858109844, -0.7854785294081791, -0.12587834588991298, 0.12409032361328962, -0.26432043333168964, 0.23481773883459264, 0.32525152886994446, 0.6128883194852471, 0.2252759439207618, -0.45127112856980456, -0.10211621851323002, -0.021470138627299573, -0.19716308505285887], [0.06549204385046062, -0.38697641098375585, -0.29201575753848247, -0.5277555645455527, -0.040062855364945416, -0.6073423017198731, -0.44163632078041964, -0.050094813955966794, 0.038726808045022154, 0.5962636161961394, 0.6573335875696291, 0.5628150652711348, 0.7085166584434996, 0.12891940275679287]], "inverted": true, "swapped": true, "error_lsq": 0.04184398134818081, "error_max": 0.27896421052600523, "target": "1190.xyz", "model": "20.xyz", "model_rescale": 4.067790424073018, "target_rescale": 4.334484548301236},
{"mapping": [12, 5, 9, 13, 0, 1, 10, 7, 8, 6, 15, 11, 14, 2, 16], "R": [[-0.9382461677004722, -0.06444251719128707, -0.33991365193741263], [-0.14073819103438012, 0.9686253903243159, 0.20483557992555215], [0.31604887340370025, 0.24002503035541442, -0.917878583704367]], "T": [-0.04860126431296928, -0.05453101028110434, 0.03494743424526936], "aligned_model": [[0.07376555466416997, 0.08103103025970522, -0.08248224801755012, 0.22779394647826123, -0.7909115556858356, -0.438630496046404, -0.31509171304025463, 0.41837791082017517, -0.1112644020219173, 0.5544917973724698, 0.48617287295499934, 0.08204368543225919, 0.693757443507, -0.13319905737109133, 0.02258918460152841], [0.030950005012020637, 0.7674668198989453, -0.5069937769485086, -0.8692147587685216, -0.15168220008513328, 0.3492630479844026, -0.5407504447746464, 0.42887533083078727, 0.4470677000218943, 0.4191696056653338, 0.1401363822685298, -0.4115294815671788, -0.15520816422355044, 0.541624749613655, -0.048279675000182126], [-0.8182556113120677, 0.08964629613662307, -0.509324413077342, 0.059743736803662545, -0.13528455361502528, 0.15382543216053068, -0.016569195034175394, -0.41814166063950853, -0.42248995760426566, 0.13556552524312465, 0.7073130317609078, 0.5406245839616537, 0.1172291744463897, 0.6229645891572292, 0.028402595233404222]], "inverted": true, "swapped": true, "error_lsq": 0.047004043582927355, "error_max": 0.31846234216123326, "target": "1190.xyz", "model": "21.xyz", "model_rescale": 4.186013935880536, "target_rescale": 4.334484548301236},
{"mapping": [15, 2, 6, 13, 10, 14, 11, 4, 7, 8, 0, 9, 16], "R": [[0.9092899514448519, 0.4159600427378801, -0.013001040224531552], [0.2337460045748125, -0.5363178047643001, -0.8110030934824564], [-0.3443175707783887, 0.7343980222864868, -0.5848973887058876]], "T": [-0.060858979441508566, 0.02005069677768826, 0.08663218624458652], "aligned_model": [[0.0859680890111183, -0.5319539869940756, 0.2980247597793009, 0.3930517963996922, -0.14122952306187048, 0.5836626756578907, -0.051117766500400445, -0.5412825170488269, 0.3972257343152787, -0.06970654952105705, -0.6163689031891622, 0.24991993194336973, 0.002380294631967504], [-0.35232942738450296, 0.05062055737474306, 0.23619442673352908, -0.6075364616568578, -0.26955012081142293, -0.1765203660122435, -0.5970233951146781, -0.33486448359552634, 0.637351346688343, 0.7015769308500553, 0.13512155339970008, 0.07333350905505356, 0.022582590019900546], [-0.6980519052431235, -0.6101157083334177, -0.5635384564030732, 0.46188962502721315, 0.5554097486388325, -0.2509389596701343, -0.052472324916846474, -0.018486206477315623, -0.17054337865412444, 0.07177906394348232, 0.6039418368634668, 0.7212026947141534, 0.05280353184623282]], "inverted": false, "swapped": true, "error_lsq": 0.04352051663458237, "error_max": 0.26094973987069914, "target": "1190.xyz", "model": "22.xyz", "model_rescale": 4.166573947596378, "target_rescale": 4.334484548301236},
{"mapping": [8, 1, 2, 6, 5, 0, 4, 3, 7, 14, 9, 15, 11, 10, 13, 16], "R": [[-0.14520046624121635, -0.11900524878264643, -0.9822192094260394], [0.8877580456816555, -0.45395351273753437, -0.07623555994902304], [-0.4368094286194166, -0.8830424446397998, 0.17156212878646931]], "T": [-0.09819733356291906, 0.11953943714043518, 0.03424704411136858], "aligned_model": [[-0.6549721449412291, -0.30575322218781, 0.17125528534499274, 0.13293604984469926, -0.23435674733546352, -0.5648925760466278, 0.17051039583869948, -0.7021178191117545, -0.39294164220928884, 0.3543401658211114, -0.43061135858579785, 0.6557915133298547, 0.4881506157898412, -0.12419332318440002, 0.2955363824493326, -0.07144833379540362], [-0.23329707496745866, 0.2173026430529651, -0.018534375967905428, -0.6000922173685651, -0.4450488844897041, 0.7121321945191345, 0.5366226025690869, 0.2777573986965892, -0.6336290515611528, -0.37954537191554616, 0.27695022553756976, -0.24691353439360908, 0.34724918083579265, 0.5964989727485642, 0.3832935746422546, 0.05896115568366327], [-0.13977912520075036, -0.4917447145239525, -0.7510258762253439, -0.12990275253909997, -0.5642323383481067, -0.1088306501482812, -0.31454978286783475, 0.1305877484633304, 0.08813571347947381, 0.37207361232857256, 0.6399079060872447, -0.2362475154466912, 0.10184694097387292, 0.32045373646932723, 0.7526663471957585, 0.06190128346657457]], "inverted": true, "swapped": true, "error_lsq": 0.03771868683318844, "error_max": 0.2613443999147691, "target": "1190.xyz", "model": "23.xyz", "model_rescale": 4.274766983524099, "target_rescale": 4.334484548301236},
{"mapping": [12, 10, 0, 1, 4, 2, 5, 15, 14, 11, 16], "R": [[0.8173629555184956, 0.5758547295760661, -0.01758207527415133], [-0.5445282194128536, 0.7821459852385004, 0.3028806300151314], [0.18816699287903055, -0.23798947077585536, 0.9528663046779918]], "T": [0.0446013047352969, 0.12824793265211282, -0.08138550452729054], "aligned_model": [[0.4568170093472642, 0.06672067799509877, -0.4348615341143803, -0.49303615611114826, -0.4068552800366924, -0.5273779319604402, -0.23550469853397654, 0.10839884272608194, 0.6472751679624676, 0.0969501756077566, 0.101368431076044], [-0.21597423780647335, 0.6458040245037613, 0.4360682239444809, -0.06302285045390965, 0.431478634100707, -0.2215505125380895, -0.6404928174924642, -0.06102593504027404, -0.025355022983411163, 0.5341830063097122, 0.09547401869944391], [-0.7609628654998893, -0.28565710301383274, -0.595976513465618, -0.1419319305988414, 0.18705355932132872, 0.4273417815978371, 0.08003077751625831, 0.776553622386976, 0.34428217309867026, 0.40100614427354814, -0.05217321159485966]], "inverted": false, "swapped": true, "error_lsq": 0.05156106776510765, "error_max": 0.2415469472627322, "target": "1190.xyz", "model": "24.xyz", "model_rescale": 3.7841303162186577, "target_rescale": 4.334484548301236},
{"mapping": [7, 8, 3, 4, 1, 0, 2, 6, 8, 9, 14, 15, 10, 11, 13, 16], "R": [[0.12121881566888372, -0.6946116164494363, 0.7090985129171647], [0.664376527454215, 0.5875356247825665, 0.46195856889902814], [-0.7375024260947973, 0.4151103370248211, 0.5327040262654559]], "T": [-0.03902378544197227, -0.04271161770891318, 0.1335253751965859], "aligned_model": [[0.015935640630778736, -0.141735406136077, -0.5444310723895798, 0.2147002136363984, 0.15262356936367766, -0.4547118162472714, 0.7176646274966547, 0.4843379297766107, -0.141735406136077, -0.7200916268082994, 0.20039819168981227, 0.7567400947695836, -0.4265921008444411, 0.20110826360285583, -0.37771841534296646, -0.018650138588881517], [0.030651980076535947, -0.41341223058379456, -0.39246241962479056, -0.25068627823083056, -0.5834203239068286, -0.6071302929749499, -0.4089363048084569, 0.18799329559736583, -0.41341223058379456, 0.14782652794352708, 0.6281308016985575, 0.3329545672561881, 0.012728270292107137, 0.3046822774128739, 0.6498083733735643, 0.011496455430686732], [-0.6718554120987494, -0.42933187229681247, -0.01232474787164295, 0.6436156712299353, 0.1480101231479796, 0.44669764744529616, 0.173833878021938, -0.3871523301615457, -0.42933187229681247, 0.08943307912322834, -0.11274721841148974, 0.1733880489622702, 0.5295022439009739, 0.6045662139711648, 0.516175069885814, 0.09114149326570593]], "inverted": false, "swapped": true, "error_lsq": 0.04413233839932101, "error_max": 0.27129770186446345, "target": "1190.xyz", "model": "25.xyz", "model_rescale": 4.19342608120988, "target_rescale": 4.334484548301236},
{"mapping": [9, 8, 7, 11, 14, 10, 15, 4, 5, 0, 2, 16], "R": [[-0.17493214765946247, -0.8443110719318383, -0.5064953677266545], [-0.4927001874029058, -0.3703160546531648, 0.7874722503042608], [-0.8524349060476056, 0.3873045745655803, -0.35121204061390776]], "T": [-0.08203930491324435, -0.058259181612774324, 0.04079051486244183], "aligned_model": [[-0.3619966558055752, 0.487022752524321, 0.2628720161150378, -0.5579465718503709, -0.4794127972185124, -0.4033731351825899, -0.25552230691565236, -0.10434128703886777, 0.5932832725932589, 0.15607521982191025, 0.36404007698717, -0.10289202939834857], [-0.635328832347945, -0.4228658384165979, -0.5366974860588309, 0.3566797992326478, -0.15373119527087514, -0.11213978655370128, 0.5002896690065033, 0.49211673700052716, 0.07159632022378998, -0.07321398042694671, 0.6054138804438409, -0.07934285909143163], [0.3419828453538014, -0.04869279680253378, -0.5152436010009949, 0.0012518427652272665, -0.5924409020727832, 0.4923676519830414, -0.6179059993407618, 0.29458256958195234, -0.43096566693260674, 0.7705299746368567, -0.22164786430588618, -0.02455959265589156]], "inverted": false, "swapped": true, "error_lsq": 0.051056672202786056, "error_max": 0.33412627718103644, "target": "1190.xyz", "model": "26.xyz", "model_rescale": 3.795458400668931, "target_rescale": 4.334484548301236},
