[{"mapping": [2, 3, 5, 4, 6, 1, 0, 7, 12, 8, 14, 13, 10, 15], "R": [[-0.7958274004055098, 0.34554930653928395, 0.49724684565518196], [0.49677184311006806, -0.09696105976289277, 0.8624478469928967], [0.34623183657317586, 0.9333778600544782, -0.0944948977632597]], "T": [0.01324752710233966, 0.14455299874114852, 0.12608330650356325], "aligned_model": [[0.059458759614623644, 0.3122865404626094, -0.5164884211276859, -0.3383310547807449, -0.6176821043173345, -0.1933885214912905, -0.6645405125368455, 0.0015050884389408853, -0.2648971320071462, 0.1397662628080401, 0.6753329332780482, 0.21320307327632088, 0.5322091625068565, 0.03305802700391165], [-0.698822514592403, -0.6087648211912304, -0.38109683705085845, -0.2607011563996779, 0.2520697391960771, 0.42232075114758333, 0.19442374624574738, 0.5041003909465058, 0.5002801552080471, -0.25639574133444537, 0.585439659782524, 0.8427283624101034, 0.0499671794768968, 0.08972441796516456], [0.3689170125797363, -0.19097553397436134, 0.2487487661734522, -0.4288843726452378, 0.606871009429149, -0.563816552854774, -0.04118112818509717, 0.6436735081351447, 0.059367225311183866, 0.7946431354194449, 0.3181612279708147, -0.15731035089960382, 0.056898603943149745, 0.18247553677683195]], "inverted": false, "swapped": true, "error_lsq": 0.047661657515322454, "error_max": 0.27008474154763523, "target": "1191.xyz", "model": "0.xyz", "model_rescale": 3.8414455957264533, "target_rescale": 4.355137515196786},
{"mapping": [0, 1, 7, 13, 12, 14, 9, 6, 2, 8, 10, 4, 3, 5, 15], "R": [[0.6828843398494695, -0.7303855210233118, 0.014351622481783344], [0.39332186432345584, 0.3841549650437135, 0.8352980748675194], [-0.6156028666546925, -0.5647671675228374, 0.5496100045075201]], "T": [-0.042707115067126086, -0.007380284401292358, -0.11024565442405021], "aligned_model": [[-0.6730576163845785, -0.6311614871608388, 0.027325791379091982, -0.3065106362551477, -0.4421512245489369, 0.3790287488533043, 0.7197076359336106, -0.3710021572186449, 0.45847120355958026, 0.5250626850318292, 0.3756562762671229, -0.3966798669661099, 0.3697610338035999, -0.1836725823065855, 0.021266349517247332], [0.1776891495422115, 0.08403182897818069, -0.5357178101261656, -0.5499250697675064, -0.22677548457674948, -0.6302281661120809, -0.3786204127982418, -0.15343789201405658, 0.6217262464059, 0.03713473655581452, -0.017510913642906727, 0.6620632103645433, 0.7159818767665134, 0.5279496881590507, 0.012683540308508611], [0.13114336635979107, -0.6013469416238066, 0.22630550046636444, -0.6040025602158434, -0.08441067292454436, -0.43247451440080154, -0.03445792792844962, 0.6050713418251987, 0.24391703296957046, 0.43692433241512985, -0.438762963615618, -0.25983259445023454, -0.36333770807678606, 0.4050458138110222, -0.06459971727145747]], "inverted": true, "swapped": true, "error_lsq": 0.04390213293195399, "error_max": 0.34835042862019105, "target": "1191.xyz", "model": "1.xyz", "model_rescale": 4.316132596720782, "target_rescale": 4.355137515196786},
{"mapping": [8, 10, 2, 12, 5, 7, 4, 13, 3, 14, 11, 15], "R": [[-0.9867653556826389, -0.04176431124393619, 0.1566839976858995], [0.10694179689178872, -0.8939529545338846, 0.4352143921766536], [0.12189169332678393, 0.446210552751118, 0.886588155634549]], "T": [-0.13625009038845562, 0.07645814916212035, 0.00709101531338107], "aligned_model": [[-0.1524983797225864, 0.3647903462036858, 0.1029855541092971, -0.4708158989220076, -0.44987115740985273, -0.4770981110010154, -0.07295521829810668, -0.09953931030596207, 0.5073698876728693, 0.19499769557048172, 0.27293248656343694, -0.122489339828459], [-0.7131462446215544, -0.006426273741333879, -0.5698321836015708, 0.3650528482463158, -0.20310410067610063, -0.17023075772364354, 0.39546877553653065, 0.6382373781377795, -0.09887460889749661, 0.024937959282006705, 0.35328364614306035, -0.0025900103430129967], [0.007239015441032164, 0.16565593146922858, -0.5383088888721322, 0.1217039122736227, -0.6217662932210001, 0.47642995360474505, -0.6929472220886234, 0.5463492470109648, -0.5518813681331619, 0.7535845753674947, -0.2120279000101022, -0.004772501632646992]], "inverted": false, "swapped": true, "error_lsq": 0.04584049967420914, "error_max": 0.31090185829257927, "target": "1191.xyz", "model": "2.xyz", "model_rescale": 3.795458400668931, "target_rescale": 4.355137515196786},
{"mapping": [8, 7, 6, 1, 2, 4, 12, 10, 13, 11, 5, 15], "R": [[-0.9121785694026783, -0.20170699401832137, 0.3567135350481897], [-0.25354434453228364, -0.40606208520780074, -0.877968591871251], [0.3219402473723624, -0.8913068335431886, 0.31925946438756764]], "T": [0.10290736929973028, -0.07198774085558858, 0.05384991965539403], "aligned_model": [[-0.10068223914610001, -0.23052359068360334, -0.6951520505752231, 0.26670037990762707, 0.11704799265639927, 0.1593276724393634, -0.1378775494412059, 0.5846396413626136, 0.3340739753608892, 0.5382066899338508, -0.33845600732415143, 0.09599891125310558], [-0.03774540041679854, -0.5696304280479906, -0.11058553664113761, 0.035951308474708524, 0.5290975803996254, 0.6148513810970194, -0.24220359938455688, -0.160287158954471, -0.6273255479835363, 0.18527653866712251, 0.5231702725068521, -0.05480036442712779], [-0.7084609493127424, -0.14233208701437006, 0.004857705220552094, 0.8003994545850179, -0.5871511900552101, 0.4015514070646866, 0.40228424795987183, -0.1539755121678653, 0.5497379555595114, 0.24465198476321498, -0.09767581616856368, -0.0251157697950031]], "inverted": false, "swapped": true, "error_lsq": 0.04072080202331797, "error_max": 0.2583704653652885, "target": "1191.xyz", "model": "3.xyz", "model_rescale": 3.7530521520055578, "target_rescale": 4.355137515196786},
{"mapping": [3, 8, 5, 6, 4, 7, 11, 10, 13, 12, 15], "R": [[0.8068797865726025, -0.397530794613039, -0.4369373837918624], [0.5905478113767462, 0.5252147440857999, 0.6127011955864151], [-0.014081636932064573, -0.7524086256345107, 0.6585461013263234]], "T": [-0.09543756867677106, 0.009761587986177787, 0.06820497327308805], "aligned_model": [[-0.4246495326235867, -0.2803138221603827, 0.3935292718314794, 0.5159510856868128, 0.2576239198269068, -0.08732705962444984, -0.2706265710504166, -0.6151521377868627, -0.23679972954450962, 0.2074191074179706, -0.12145492952775643], [-0.7680080115569147, 0.12846527302421998, -0.3259005799628828, 0.38859811015887913, -0.6617218075377133, 0.6163320039485616, -0.42320350023770537, -0.09881230531668486, 0.3707321074080562, 0.23699524964467064, 0.0037268187418594105], [-0.14187194236787326, -0.6903919773858639, -0.4010679511562564, -0.28318607292680886, 0.21063105680031718, -0.10302113178858335, 0.34009811761271186, 0.10230270991004933, 0.7445629018282718, 0.32315593617172855, -0.008380869452376469]], "inverted": false, "swapped": true, "error_lsq": 0.04722710333889668, "error_max": 0.2753756304012271, "target": "1191.xyz", "model": "4.xyz", "model_rescale": 3.7855080009869324, "target_rescale": 4.355137515196786},
{"mapping": [5, 0, 15, 14, 3, 10, 7, 6, 8, 13, 12, 2, 4, 1, 11, 16], "R": [[0.7173345876618105, -0.6286832316306233, 0.3003139750503404], [-0.1175361447780573, -0.5340502895542909, -0.8372428219445598], [0.6867432882924828, 0.5652854876020206, -0.45698574758057164]], "T": [-0.05710165290862808, 0.03699129859794101, -0.08927782183084965], "aligned_model": [[0.5347869766192089, 0.2149272441524897, -0.4263365514806651, -0.7194822491895847, -0.0675546827849584, 0.22609918863962775, 0.6715084653547988, 0.3106399885574242, 0.0697698353520013, -0.33931990152334646, -0.56644160278154, -0.48403072715330103, 0.5164908113115877, -0.09279050979079675, -0.17027355088989887, -0.104891722889388], [-0.46414054306433794, -0.6362646906719984, 0.4523779305164025, -0.008260757438107363, -0.566705418025576, 0.0626905719007084, 0.16701198686027208, 0.45594561442247483, 0.6417827185841284, 0.6816515033820886, 0.11856282853835728, -0.5659274336312996, -0.12165949505503929, -0.3356437924278589, 0.39614302368158216, 0.021159860791682878], [-0.32087655267179127, 0.19567925457958163, -0.6979137083720475, -0.21928395871624445, -0.43258178904304184, -0.7601735698963401, -0.20585993050903933, 0.25031080349516566, -0.4260876164349323, 0.08286665060988951, 0.3545511587199839, -0.09177891566422139, 0.3498376465011231, 0.5687292703953722, 0.6111780213006796, -0.10804553303935367]], "inverted": true, "swapped": false, "error_lsq": 0.04253286020038551, "error_max": 0.27527322451522596, "target": "1191.xyz", "model": "5.xyz", "model_rescale": 4.2253639853439635, "target_rescale": 4.355137515196786},
{"mapping": [11, 2, 6, 0, 5, 7, 12, 1, 9, 10, 8, 14, 13, 15], "R": [[0.40278261249091746, 0.839458005710956, -0.36479641407609226], [0.6987951448131957, -0.5394384426858493, -0.46977815204431383], [-0.5911442401482874, -0.0656994916300733, -0.8038856038884226]], "T": [0.09711184866563266, -0.06161300908294598, 0.00627580009560022], "aligned_model": [[0.5592076976610778, -0.29083638284156194, -0.47582987195480225, 0.12343177422154092, -0.2355540436575086, -0.33050431805702474, 0.17175521891953294, 0.7683044423593504, -0.29995950308185526, 0.2547718663219941, -0.5947564186718433, 0.13985714027436374, 0.5476009015595633, 0.03657364970495634], [0.018512506621432723, 0.03141105994212329, -0.5724515675004728, -0.7592532898476553, -0.555062684323201, 0.041380539927797166, -0.3455712329478405, -0.4115482629929375, 0.688948860793639, 0.4293903754860439, 0.2047802587457323, 0.6288918520484555, 0.07601325784084159, -0.030342527158968333], [-0.26228176205181297, -0.7768133618521846, 0.23336744805359533, 0.05593875831984693, -0.46043134769784033, 0.4577717267129394, 0.3557802937798148, 0.15747440141060723, 0.06816672085024614, -0.12454153235841975, -0.26592275794577647, 0.4433203489340838, 0.6274534299340448, -0.037724157157696045]], "inverted": true, "swapped": true, "error_lsq": 0.05343374090464489, "error_max": 0.4010645029077782, "target": "1191.xyz", "model": "6.xyz", "model_rescale": 3.89814844738969, "target_rescale": 4.355137515196786},
{"mapping": [12, 13, 11, 6, 4, 14, 7, 5, 8, 9, 10, 2, 15], "R": [[-0.28498392990194826, -0.8783891141795723, -0.3836883159394723], [-0.8507377640026603, 0.047364219466488944, 0.5234518961796628], [-0.4416213497979866, 0.4755935184641998, -0.760776832321705]], "T": [0.024685634940475, 0.0626574079313241, -0.11452744327279418], "aligned_model": [[0.020178415057935967, -0.04918523330767895, 0.4609086923249606, -0.2723637100653716, 0.7653376486522078, -0.4926616248821048, -0.5680916388081432, 0.26176446355427585, -0.4437261994776009, -0.6326528033195605, -0.016470329343312287, 0.12472616497569051, -0.009132044457075827], [-0.17398391603532778, 0.35523710152909194, 0.3814669316402969, -0.6805930847506163, -0.11607816406047827, 0.6471813788668448, -0.09500499262559098, -0.49206255371779883, -0.026838784035781854, 0.5116194434882111, 0.5760367177355455, 0.01348623518248751, 0.06331495225360177], [-0.504832279892924, -0.8333342613086671, -0.10245400503567767, -0.12589653846679466, 0.009229351640257594, -0.3601197905193731, -0.25968081081982874, 0.34160207000436393, 0.5150120014749421, 0.1874303901701313, 0.01889688046469451, 0.7572294215859819, -0.04080739846081069]], "inverted": false, "swapped": true, "error_lsq": 0.04798752680893495, "error_max": 0.28189314214384453, "target": "1191.xyz", "model": "7.xyz", "model_rescale": 3.7474275329858107, "target_rescale": 4.355137515196786},
{"mapping": [5, 2, 3, 4, 10, 1, 0, 12, 11, 13, 6, 7, 8, 9, 15], "R": [[0.88268492243927, -0.36293312233346114, -0.29857474175098114], [-0.3242721402944571, -0.9301884961169518, 0.17203761426076533], [-0.34016893851031144, -0.055035537654945246, -0.938752460911714]], "T": [0.008173409811082397, -0.07692332990795078, 0.11399725950857863], "aligned_model": [[-0.3947914187065684, 0.23680707693579273, 0.46142659779423256, -0.25021416322473744, 0.5349637538073163, -0.257019958081865, -0.6651841417569875, -0.3406199001163569, 0.22762536691339022, 0.05107188378757111, -0.6287036255507934, -0.07846772731416021, 0.22166884417443894, 0.6439453574788988, 0.03964577619857487], [0.09782009875767556, 0.22943696801196364, -0.34122047256508803, -0.59088896516342, -0.15006739836105676, -0.7815156252579264, -0.2324715816379623, -0.16481250624018828, -0.5422864618214133, -0.4179230082111679, 0.40796698297614464, 0.41138744257809945, 0.6177192575349282, 0.46287931354582335, -0.016906082166819186], [-0.5016802703942715, -0.6773660940927575, -0.5803707593623552, -0.40068977381821236, 0.12799933144276554, 0.2844008150965231, 0.003292885718265151, 0.3950239777442791, -0.05139267395756626, 0.8137271818814519, 0.12160586422375917, 0.5030444697082914, -0.19524455963862508, 0.28501305305426305, 0.06943120809045078]], "inverted": true, "swapped": true, "error_lsq": 0.03993084504271154, "error_max": 0.26945772032000026, "target": "1191.xyz", "model": "8.xyz", "model_rescale": 4.019505241142653, "target_rescale": 4.355137515196786},
{"mapping": [7, 8, 10, 13, 12, 1, 3, 6, 0, 5, 2, 4, 15], "R": [[-0.12190536804481339, -0.9400172203607212, 0.31860117179188446], [-0.8535919738987069, -0.06450728844479897, -0.5169328310653221], [0.5064778606588524, -0.3349722901417411, -0.7945273698870476]], "T": [0.04123313144707773, -0.10970975209050185, -0.1283948151042153], "aligned_model": [[-0.33971772442461673, -0.7249145703127489, 0.0420479567859986, 0.5096967201102299, 0.23251814511117674, 0.795591472685693, 0.09156194811251718, -0.33876578284646996, 0.2623407965419113, -0.19902197791134008, -0.4501290435588279, 0.46893280707437224, -0.030439975626718865], [-0.5837663286798823, 0.08197674377770539, 0.20078215791861495, -0.5457111402120666, -0.5076969270973287, -0.22051136296389984, 0.7577809497012291, -0.6024758823475549, -0.37254530924189366, 0.09471925373809792, 0.5625977406604687, 0.2699705588578988, -0.07174222599733007], [-0.29410129215154734, -0.12477350557434547, -0.560422926660108, -0.5735775636348224, -0.012750754269097414, -0.00805490971306938, -0.07976077165409429, 0.3751637520685552, 0.4814330127124092, 0.5589631729300102, 0.15258879913689, 0.39000985630998514, -0.12801337545688662]], "inverted": false, "swapped": true, "error_lsq": 0.052587628315693184, "error_max": 0.27413120131687446, "target": "1191.xyz", "model": "9.xyz", "model_rescale": 3.877068213659057, "target_rescale": 4.355137515196786},
{"mapping": [11, 9, 1, 7, 8, 0, 12, 6, 5, 3, 4, 2, 10, 14, 13, 15], "R": [[-0.725941294203448, -0.6845754830639282, 0.06607303048909267], [-0.6856616546182083, 0.727875277355889, 0.00810407306907477], [-0.05364077512903966, -0.03942066211870716, -0.9977818792910997]], "T": [-0.02655312352416076, 0.03953734176271706, 0.01003740193247888], "aligned_model": [[0.5450888686865188, -0.023533066910832866, -0.39354462959441483, -0.7218225880662789, -0.13670531532321747, 0.29846571839951985, 0.5636929857110028, 0.35925466842565373, -0.05159446653209633, -0.11911404597468508, -0.6389457584046543, -0.5188262897453332, 0.5431353651826933, 0.08419040904555572, -0.23065808971620602, 0.014017246320433864], [-0.28913087474865234, -0.6056098672321335, 0.22985531749229934, -0.17601340443675262, -0.5565942638611284, 0.06646174591777856, 0.41563085648085735, 0.3588622394267111, 0.6264025289005564, 0.660477377031777, 0.32710166907136967, -0.310502215735438, -0.27387609407419927, -0.3817291071116672, 0.1623954050798051, 0.04499259616229611], [-0.3214108028602839, 0.1493975895179586, -0.7528537520271902, -0.3593199005606174, -0.4672639067042121, -0.7161883649536008, -0.2514170193979657, 0.3698825526953262, -0.5056733944530122, 0.10292061335085972, -0.009267989765689159, 0.28480056531975456, 0.29365302832086726, 0.6579509730863262, 0.7454866218092763, -0.07014558212301325]], "inverted": true, "swapped": false, "error_lsq": 0.048366333630603824, "error_max": 0.3214293483766013, "target": "1191.xyz", "model": "10.xyz", "model_rescale": 4.260839863003843, "target_rescale": 4.355137515196786},
{"mapping": [9, 8, 5, 2, 4, 11, 14, 7, 6, 0, 12, 15], "R": [[0.45168015563845776, 0.6613680473110777, 0.5988132789095038], [-0.22131629787779844, -0.5671433429043817, 0.7933268714047879], [0.8642940085966606, -0.4908571427566022, -0.10979586562680999]], "T": [-0.024176589375362392, 0.1860169137739388, -0.04588047578919743], "aligned_model": [[0.4727965958390459, 0.20503819681476365, -0.3802975259171326, -0.4130415386652777, -0.7550388951818104, -0.450671771082286, 0.5223703058100453, 0.5883380259617497, 0.28809609190644514, -0.22345361080404463, 0.1222975231765812, -0.017534748763949073], [0.04190884387917837, -0.47413864141850703, -0.42673401466348015, -0.492722908289864, 0.17720364417578682, 0.4725528235874806, 0.5806881966647356, 0.05540943422908795, -0.310088067100349, 0.0773753174671467, 0.3510865452952181, 0.12053733170650033], [-0.7219646290808742, -0.41384019129237076, 0.2181061109288537, -0.44648283282941004, 0.2022931945062327, -0.21343604412513714, -0.5097264962472468, 0.025389161629755054, 0.4992383048840363, 0.6161971492131425, 0.3536876008014823, -0.09328325099295862]], "inverted": false, "swapped": true, "error_lsq": 0.049696430089782966, "error_max": 0.2629335370062946, "target": "1191.xyz", "model": "11.xyz", "model_rescale": 3.890672605050136, "target_rescale": 4.355137515196786},
{"mapping": [11, 13, 14, 3, 10, 5, 12, 2, 4, 6, 9, 7, 8, 15], "R": [[-0.9717222592278565, -0.01044509834018753, 0.23589563548691284], [0.16557260746833838, 0.6821239304295812, 0.7122448000452061], [-0.16834952502827616, 0.7311619816811893, -0.6611055845829699]], "T": [0.03133815298269976, -0.023694301369294294, -0.026733559314743985], "aligned_model": [[0.42237587886025796, 0.11884951461187551, 0.425156097220163, 0.6230407759480847, 0.5434765700010522, -0.3374747380953154, -0.289781932517813, 0.21752927457908752, 0.036746437256225256, -0.7353834820947682, 0.4030231715821226, -0.26984889129566186, 0.008779524350751425, 0.0433876343876316], [-0.34411528287819515, 0.3304224119126542, 0.6779127793778265, -0.5602868145587419, 0.11105908625200034, -0.5208549895753863, 0.03132156844317134, -0.3819928012438218, -0.788019304573284, 0.056363637448164444, 0.6117285282988512, 0.52195524633461, 0.20049957553141573, -0.013841120941499346], [-0.217772109512488, -0.7157082605168665, -0.176021843893028, 0.31880205162756936, 0.024354067705059088, 0.4077581450807193, -0.3464403648190167, 0.7538694092512022, -0.13446282338013327, 0.18894565920737894, 0.4009664984925294, 0.06741931839935787, 0.7302125030485417, 0.052868184666036155]], "inverted": false, "swapped": true, "error_lsq": 0.049589254156281806, "error_max": 0.27826429087859045, "target": "1191.xyz", "model": "12.xyz", "model_rescale": 4.124412569039231, "target_rescale": 4.355137515196786},
{"mapping": [8, 3, 4, 9, 5, 6, 10, 7, 11, 14, 12, 1, 15], "R": [[0.6573304799411127, -0.6989178444111246, -0.2818341478673114], [-0.7152536388584625, -0.6963900751327549, 0.0587630441376563], [-0.23733704354801943, 0.1629561598108621, -0.9576619537914108]], "T": [0.15970270453475244, 0.10430489096843314, -0.06568732689984157], "aligned_model": [[-0.28158537199016553, -0.09856264841632684, 0.637460832939968, -0.6472415767023886, 0.5106550953046547, 0.555394407117936, -0.29660069219702023, 0.018636115329976055, 0.15216477657582714, -0.4491258355714767, 0.49172403962213584, 0.6633446113376843, 0.11103455415895401], [-0.35919310628583623, 0.6762892316744784, 0.5758436433206231, -0.16289395190983963, -0.07138609014574178, -0.5811796013524408, 0.37490467975792235, -0.4526337311878003, 0.6427851651172989, 0.0631757419016997, -0.01930644774621454, 0.5876190316736106, 0.07346081169071726], [0.39710157481564606, 0.5372814111923472, 0.3153978737712392, -0.11348868991656981, 0.580795339750535, 0.054012096074101165, -0.10590105259298667, -0.32497754556091024, -0.02032203061596309, -0.6109104580300324, -0.353505614568971, -0.39518310517975763, -0.008601718170838824]], "inverted": false, "swapped": true, "error_lsq": 0.04726364978794838, "error_max": 0.3004786858195765, "target": "1191.xyz", "model": "13.xyz", "model_rescale": 3.9028299243045295, "target_rescale": 4.355137515196786},
{"mapping": [11, 1, 10, 7, 9, 14, 12, 8, 5, 0, 3, 6, 1, 2, 0, 15], "R": [[0.7064677001400056, 0.6430485302959372, -0.2956213394583121], [0.7004567838014883, -0.6950681151618263, 0.16198953457511162], [-0.101309835087055, -0.3215103465980863, -0.94147087811839]], "T": [-0.01739718137628276, 0.09207437429817683, -0.06912352220821391], "aligned_model": [[0.4148305911910253, 0.25986833569394174, -0.29889454927016507, -0.756760967762069, -0.24622735326727868, 0.2382155508306073, 0.6707825368714525, 0.3682778150069516, 0.12343555741907028, -0.3413928723272779, -0.5524247439889396, -0.2962675347030109, 0.25986833569394174, 0.14801380247878662, -0.3413928723272779, -0.07683062003609856], [-0.4267175318448699, -0.4569595580797346, 0.31890931249074683, -0.1328272962495629, -0.4934516866234661, -0.11825899351500155, 0.16055055364480098, 0.6090920188505715, 0.5725332762681923, 0.5772710093983562, 0.03463569941836196, -0.49290029517016914, -0.4569595580797346, 0.0055721865009313865, 0.5772710093983562, 0.02096376195570085], [-0.3689414654335884, 0.14036234816073023, -0.720781212052325, -0.5417633277719008, -0.5226005788247355, -0.8897773215054863, -0.14632441090415294, 0.35567609166156067, -0.17602168335385543, 0.5197970384596741, 0.2457347810187481, 0.08722296596808704, 0.14036234816073023, 0.643130889840018, 0.5197970384596741, -0.1353222706283947]], "inverted": false, "swapped": false, "error_lsq": 0.055146385340414036, "error_max": 0.35176252031955174, "target": "1191.xyz", "model": "14.xyz", "model_rescale": 3.942246331269136, "target_rescale": 4.355137515196786},
{"mapping": [5, 2, 4, 10, 14, 11, 12, 0, 6, 1, 13, 7, 8, 9, 15], "R": [[-0.4331016588255379, -0.3140374110869131, 0.844868899629047], [0.7645828074547987, -0.6243857698306335, 0.15986100518120588], [0.4773217820999853, 0.7152083017351214, 0.5105301180753765]], "T": [-0.029789396728891727, 0.012945963839502864, -0.055830727199819796], "aligned_model": [[-0.7275083833719356, -0.5851972726839556, -0.19076235552603707, 0.29551495095001273, 0.5440982169268066, 0.24943826750988482, 0.01605808636156441, -0.3600087274327643, -0.6367701074678618, 0.3464465428334315, 0.6293967298374759, -0.11256950928795376, -0.5144494408755766, 0.0967073506087488, -0.07610031184962991], [0.06264409919586737, -0.5900447766234611, 0.22534772488444627, -0.4051889729893074, -0.289194815741314, -0.06886617632859282, 0.4480140179560956, 0.6022876624098056, 0.3848110742135937, 0.5573063952604222, 0.3621594860779694, 0.05714828563488268, -0.5358655830964765, -0.6601138707948137, -0.05229986017746659], [-0.34339472134939664, -0.3725485851596065, -0.7802620578576895, -0.10476369441378078, 0.4431642798664928, -0.5112585714925779, 0.07444242164635484, -0.2388407411391429, 0.31033811506172465, -0.4532391258061542, 0.17059054027430487, 0.5674713156694977, 0.24022611708904068, 0.44996399092018474, -0.042526802948735745]], "inverted": false, "swapped": true, "error_lsq": 0.05133542017225855, "error_max": 0.3708527885978545, "target": "1191.xyz", "model": "15.xyz", "model_rescale": 4.355366556412066, "target_rescale": 4.355137515196786},
{"mapping": [8, 10, 2, 12, 5, 7, 4, 13, 3, 14, 11, 15], "R": [[-0.9867653556826389, -0.04176431124393619, 0.1566839976858995], [0.10694179689178872, -0.8939529545338846, 0.4352143921766536], [0.12189169332678393, 0.446210552751118, 0.886588155634549]], "T": [-0.13625009038845562, 0.07645814916212035, 0.00709101531338107], "aligned_model": [[-0.1524983797225864, 0.3647903462036858, 0.1029855541092971, -0.4708158989220076, -0.44987115740985273, -0.4770981110010154, -0.07295521829810668, -0.09953931030596207, 0.5073698876728693, 0.19499769557048172, 0.27293248656343694, -0.122489339828459], [-0.7131462446215544, -0.006426273741333879, -0.5698321836015708, 0.3650528482463158, -0.20310410067610063, -0.17023075772364354, 0.39546877553653065, 0.6382373781377795, -0.09887460889749661, 0.024937959282006705, 0.35328364614306035, -0.0025900103430129967], [0.007239015441032164, 0.16565593146922858, -0.5383088888721322, 0.1217039122736227, -0.6217662932210001, 0.47642995360474505, -0.6929472220886234, 0.5463492470109648, -0.5518813681331619, 0.7535845753674947, -0.2120279000101022, -0.004772501632646992]], "inverted": false, "swapped": true, "error_lsq": 0.04584049967420914, "error_max": 0.31090185829257927, "target": "1191.xyz", "model": "16.xyz", "model_rescale": 3.795458400668931, "target_rescale": 4.355137515196786},
{"mapping": [12, 13, 11, 6, 4, 14, 7, 5, 8, 9, 10, 2, 15], "R": [[-0.28498392990194826, -0.8783891141795723, -0.3836883159394723], [-0.8507377640026603, 0.047364219466488944, 0.5234518961796628], [-0.4416213497979866, 0.4755935184641998, -0.760776832321705]], "T": [0.024685634940475, 0.0626574079313241, -0.11452744327279418], "aligned_model": [[0.020178415057935967, -0.04918523330767895, 0.4609086923249606, -0.2723637100653716, 0.7653376486522078, -0.4926616248821048, -0.5680916388081432, 0.26176446355427585, -0.4437261994776009, -0.6326528033195605, -0.016470329343312287, 0.12472616497569051, -0.009132044457075827], [-0.17398391603532778, 0.35523710152909194, 0.3814669316402969, -0.6805930847506163, -0.11607816406047827, 0.6471813788668448, -0.09500499262559098, -0.49206255371779883, -0.026838784035781854, 0.5116194434882111, 0.5760367177355455, 0.01348623518248751, 0.06331495225360177], [-0.504832279892924, -0.8333342613086671, -0.10245400503567767, -0.12589653846679466, 0.009229351640257594, -0.3601197905193731, -0.25968081081982874, 0.34160207000436393, 0.5150120014749421, 0.1874303901701313, 0.01889688046469451, 0.7572294215859819, -0.04080739846081069]], "inverted": false, "swapped": true, "error_lsq": 0.04798752680893495, "error_max": 0.28189314214384453, "target": "1191.xyz", "model": "17.xyz", "model_rescale": 3.7474275329858107, "target_rescale": 4.355137515196786},
{"mapping": [8, 7, 14, 6, 3, 4, 10, 13, 5, 11, 0, 12, 1, 15], "R": [[0.7314477037537612, -0.5430269893597816, -0.4124390203414346], [-0.3530215057184338, 0.21592095487419777, -0.9103592465321068], [0.5834038679796701, 0.8114800244448824, -0.03376531879448664]], "T": [0.08485160964737672, -0.03972171292011617, -0.009031927164595499], "aligned_model": [[0.3758566012227198, 0.16280918766738706, 0.7449099806072761, -0.4334940540204618, 0.3537467670099876, -0.3525488680204597, 0.5816078707216455, 0.17684578740755186, -0.3735243280884327, 0.17732126636371737, -0.614785169024521, -0.22206505521076814, -0.28140568226422114, 0.11957334351145542], [-0.5314783187632366, 0.22643900971933612, 0.4255274963527109, -0.07496447105951162, -0.697599061819775, -0.3798462752858034, -0.07071355342647884, 0.7117721307337261, -0.6273452114305389, -0.11181306646314622, -0.0289472807588112, 0.29342230687169746, 0.32688699320231007, -0.10093245636124559], [-0.5542205761483179, -0.5750645363716591, -0.14131261761871491, -0.618018450432029, 0.4932938295073625, 0.5283912381429032, 0.17892259446639472, 0.17680966706274695, -0.13773648580391668, 0.5185361115217637, 0.006886577398523781, -0.06537480282896474, 0.5630422371836892, -0.04936006741812655]], "inverted": true, "swapped": true, "error_lsq": 0.04758107884640156, "error_max": 0.35905526976750163, "target": "1191.xyz", "model": "18.xyz", "model_rescale": 3.922800546911778, "target_rescale": 4.355137515196786},
{"mapping": [7, 8, 6, 12, 3, 14, 2, 1, 10, 0, 5, 4, 13, 11, 15], "R": [[0.43361130734461273, -0.5684585664328126, -0.6991681431473034], [0.7292563894516746, -0.23439019317586818, 0.6428424035382915], [-0.5293074272923102, -0.7886165707060252, 0.3129178036179231]], "T": [0.007524335863132045, 0.0931591481770313, -0.007540736625647826], "aligned_model": [[-0.2642985768109159, -0.18185579775314437, 0.3816270971445961, 0.15754757892654475, 0.0917646958257468, -0.7881512686429246, 0.17048912799054272, 0.3158056046965301, -0.4007224437947334, 0.6461981474505363, 0.6147484356406391, 0.6293484443788782, -0.31329786492093076, 0.04643833676213092, -0.009590680005877743], [0.4209476587071901, -0.344801572057592, 0.3967589096466425, 0.5241823491243978, -0.7081351576080201, 0.2759074739229852, -0.7214775952065979, 0.443354538082161, -0.1711579989120623, 0.37613255595368955, -0.22294860365593938, -0.15240858170354904, 0.6883721718841485, -0.12047328117982825, 0.03335863803695353], [-0.4722759574151582, -0.6368774509653241, -0.6468084218742135, 0.0007853377583604115, 0.32150238354887206, 0.04845428727128038, -0.2942381313885062, 0.6073910034672094, 0.20815625442814087, -0.05093338727061938, -0.328989833049724, 0.37828153140398346, 0.3804510104900063, 0.487355941251053, -0.05959540049203108]], "inverted": false, "swapped": true, "error_lsq": 0.047815130333992394, "error_max": 0.2399450428318954, "target": "1191.xyz", "model": "19.xyz", "model_rescale": 3.9282355846067225, "target_rescale": 4.355137515196786},
{"mapping": [6, 5, 2, 0, 12, 4, 11, 10, 13, 14, 8, 7, 9, 15], "R": [[-0.9562426353779595, 0.22405977707908287, -0.18814153869012146], [-0.2690192049545723, -0.42055541061561785, 0.8664651256499241], [0.11501604084224334, 0.8791645823719245, 0.4624293972616519]], "T": [-0.04395161572691841, -0.030275015499952568, -0.026169061488296824], "aligned_model": [[-0.6348552351557347, -0.10490216361437624, 0.5209766073324603, -0.5642608235899662, -0.4786166877723643, 0.01904901425412222, 0.260015884243827, 0.41215107277254837, -0.32560113864165785, 0.1386564437805998, 0.24487856276464526, -0.34356559996674413, 0.38753334803438255, 0.0010635346429340997], [-0.5480118028739739, -0.7085541980524044, -0.6969285098985558, -0.24134130478072488, 0.10141827420816876, -0.15615948395043552, 0.2215624450674786, 0.20637482306028912, 0.6873662323619115, 0.4800230524569373, -0.6088974480403433, -0.09460946604001916, -0.03109662035241395, -0.08826390574107879], [0.12735747078359375, -0.3551023692264306, -0.12005816897542222, -0.4440092929027541, -0.07178100420515235, -0.7851233260013593, -0.3952997815980678, 0.11174892410083202, 0.08962217110520383, 0.586923296409442, 0.42716562287457, 0.5246524775369149, 0.7077650745051492, 0.008322062837163]], "inverted": false, "swapped": true, "error_lsq": 0.04533596693123542, "error_max": 0.2799452387569976, "target": "1191.xyz", "model": "20.xyz", "model_rescale": 4.067790424073018, "target_rescale": 4.355137515196786},
{"mapping": [8, 14, 2, 5, 3, 11, 4, 9, 10, 7, 13, 0, 6, 1, 15], "R": [[0.8051699554861107, 0.5577723323350866, 0.20147299586786394], [-0.37480375221987494, 0.21532430651252432, 0.9017525105852511], [0.4595905679019068, -0.8015768636296698, 0.3824278253333884]], "T": [0.08974948515456768, 0.06387408375332497, 0.08596901878309074], "aligned_model": [[0.3590910951226388, 0.2384393200075044, -0.1751016887830926, 0.09658256732361267, -0.6531617697335368, -0.4370685601077354, -0.4316161973483138, 0.29157729983736946, -0.19391583297523476, 0.6845791650805763, 0.161863741769663, 0.22091383292771502, 0.7402776007551164, -0.232388134721533, 0.09837151475276547], [-0.07040392064604202, 0.8563979947148578, -0.3828504141747216, -0.6727569986803547, -0.11602910618766689, 0.12737691951351782, -0.448285215682191, 0.5788293151026164, 0.4369757716142169, 0.2521595521196573, 0.6304308889813757, -0.46184231703913176, -0.39954596614844246, 0.062375768490785286, 0.048062867949370924], [-0.6442115357149997, -0.053419805861814745, -0.6230281757969746, -0.08521128701173566, -0.3301512610327323, 0.18846766828002587, 0.33436030588402443, -0.5612758405162579, -0.16579137743058073, -0.0036862276537509425, 0.6165874733990163, 0.5290032037591309, 0.13929717952506954, 0.7874248660820493, 0.006884387710670986]], "inverted": false, "swapped": true, "error_lsq": 0.05219073850684985, "error_max": 0.4000421029195051, "target": "1191.xyz", "model": "21.xyz", "model_rescale": 4.186013935880536, "target_rescale": 4.355137515196786},
{"mapping": [0, 5, 4, 13, 7, 1, 12, 6, 3, 2, 8, 10, 15], "R": [[0.5492124778755928, 0.6812415228490567, -0.48402029057886603], [0.7683828415956508, -0.18393889534380736, 0.612988002754616], [0.32856272291169103, -0.7085735461658149, -0.6244758336291784]], "T": [0.07065292003502666, -0.08290828564784725, 0.13190185583541086], "aligned_model": [[-0.07285054157216664, -0.381345833581751, 0.31355094144623286, 0.5532314170777013, -0.3100063520295417, 0.6391809737726839, 0.08071280860873367, -0.6049168827682455, 0.32063317072244507, -0.2982630947973638, -0.5406618263009323, 0.3406032559244871, 0.018705998920942567], [-0.3740592395811011, 0.20440293496426432, 0.18329924813733922, -0.6466075860997976, -0.439849373305192, -0.3921115765880133, -0.5136535813074177, -0.4338261313771826, 0.7386041302202077, 0.7081898856471845, 0.311747256503456, 0.1995556593746679, -0.02673496704232252], [-0.4881779678782973, -0.40206830152416634, -0.5507119841562511, 0.3708665327196133, 0.48546006528008273, -0.2887932520313285, -0.01881173226420116, -0.11558748061145518, -0.009751250396852373, 0.02967367634722351, 0.43895301029386735, 0.49300449389206963, 0.15882375166504145]], "inverted": true, "swapped": true, "error_lsq": 0.043120005268289394, "error_max": 0.24562027507276124, "target": "1191.xyz", "model": "22.xyz", "model_rescale": 4.166573947596378, "target_rescale": 4.355137515196786},
{"mapping": [5, 0, 14, 10, 7, 13, 6, 2, 12, 11, 9, 7, 1, 4, 3, 15], "R": [[-0.046318813003495884, 0.5891167484049835, -0.8067192970982451], [0.9989106274918038, 0.031898356429278796, -0.03405955286027018], [0.005667966644047062, -0.8074180773340722, -0.5899524748217198]], "T": [-0.1028164861548333, 0.1047454803493416, 0.023479700136778574], "aligned_model": [[0.35995651974605336, 0.14716795146978734, -0.4261142430605289, -0.4961035462505452, -0.17143700245232343, -0.07201136339238945, 0.6080708198146707, 0.387994749560375, 0.030442784659853617, -0.2271744244726569, -0.6599479489839652, -0.17143700245232343, 0.5295327335091665, -0.0017393578438378854, -0.22104968279829848, -0.043049975549378325], [-0.39159670200036395, -0.6375524087669299, 0.38597970491663885, -0.2317928926565228, -0.5555999434955877, -0.15470630353391268, 0.31653756398267285, 0.30188366814144446, 0.6703802643306411, 0.8502801611851111, 0.3183644732396551, -0.5555999434955877, -0.1938277209305157, -0.21859121730067438, 0.32397473288447054, 0.07059047186294022], [-0.45667398799977527, 0.2542553218931593, -0.6416245281853863, -0.5178228446197707, -0.2422735568523734, -0.7818456720868536, -0.14649377864310842, 0.43947261473851484, -0.2793083662092771, 0.24888260667272255, 0.08996748310849256, -0.2422735568523734, 0.16163746768884082, 0.6754691996302737, 0.5706415574152447, 0.01854127155645367]], "inverted": false, "swapped": false, "error_lsq": 0.0529366646956564, "error_max": 0.3795971568611331, "target": "1191.xyz", "model": "23.xyz", "model_rescale": 4.274766983524099, "target_rescale": 4.355137515196786},
{"mapping": [13, 7, 9, 10, 8, 2, 11, 5, 0, 6, 15], "R": [[-0.7559680816051145, 0.5934990808335534, -0.2761722300377254], [-0.6017908380311396, -0.7961184082877527, -0.06358669080203656], [-0.25760443873516903, 0.11812840909409829, 0.9590024150693449]], "T": [0.03925038710034949, -0.03765989131859754, -0.03836249322199373], "aligned_model": [[0.4642802845311781, 0.12370835430253707, -0.5781075247095175, -0.3496013192813145, -0.5273979089282173, -0.6351162596135821, -0.05142516327331925, 0.0019422872504838012, 0.5796662888770266, 0.3807115115795536, -0.028765846776753756], [-0.14690646138853375, 0.5531584070522537, 0.372282005923504, -0.21859954258950437, 0.4617267203331735, -0.04931353529973445, -0.5679748689406636, 0.024139985584938767, -0.06528378463121383, 0.55527968191848, -0.002922076719216231], [-0.6826898922624582, -0.2411244694865381, -0.45747597973176735, -0.3531789037504541, 0.19242279271212526, 0.5250909313743906, -0.08954652575573743, 0.7144745546254496, 0.40553916578759847, 0.37710811647827075, -0.011053355969302087]], "inverted": true, "swapped": true, "error_lsq": 0.04244479993578768, "error_max": 0.23204733899094349, "target": "1191.xyz", "model": "24.xyz", "model_rescale": 3.7841303162186577, "target_rescale": 4.355137515196786},
{"mapping": [13, 14, 5, 2, 12, 3, 11, 7, 4, 1, 8, 9, 11, 10, 0, 15], "R": [[0.8565641151701742, 0.37480307073747143, 0.3547119602839731], [0.5098163746129022, -0.7210608106745329, -0.4692105833055588], [0.07990732619287075, 0.5827469137414182, -0.8087155579964804]], "T": [-0.05656788337569904, 0.06407173677420404, 0.029339003133552317], "aligned_model": [[0.42715195907366044, -0.0019844510543855776, -0.3227913584001949, -0.7196866616154908, -0.19090131465169066, 0.30449832812808786, 0.7089721913465112, 0.34451236396413487, -0.2553378160469192, -0.4289027191266316, -0.5850522182551459, -0.40074145850513443, 0.7089721913465112, 0.15165139284041637, -0.15332017864021039, -0.013939238899859083], [-0.4071457695388168, -0.7270547698683051, 0.006436974975894669, 0.006374882220051316, -0.46990669199257734, 0.19277306108869324, 0.006554815086335999, 0.30643724038383463, 0.5723766692125599, 0.6932892772023658, 0.25512973349219614, -0.4066742071682306, 0.006554815086335999, -0.34045486999221936, 0.49765838915323385, 0.10637435902212727], [-0.3655903235009048, 0.05027848054360485, -0.8044127830846346, -0.3252559585446206, -0.49219093203940945, -0.6792293052624347, 0.02110693920337154, 0.4801151759223623, -0.47940548320814014, 0.16531124554745313, 0.21280271430281752, 0.07498453928433897, 0.02110693920337154, 0.6604159102592048, 0.6158298876248534, -0.005315814996449876]], "inverted": false, "swapped": false, "error_lsq": 0.056592695742804504, "error_max": 0.418268939249628, "target": "1191.xyz", "model": "25.xyz", "model_rescale": 4.19342608120988, "target_rescale": 4.355137515196786},
{"mapping": [8, 10, 2, 12, 5, 7, 4, 13, 3, 14, 11, 15], "R": [[-0.9867653556826389, -0.04176431124393619, 0.1566839976858995], [0.10694179689178872, -0.8939529545338846, 0.4352143921766536], [0.12189169332678393, 0.446210552751118, 0.886588155634549]], "T": [-0.13625009038845562, 0.07645814916212035, 0.00709101531338107], "aligned_model": [[-0.1524983797225864, 0.3647903462036858, 0.1029855541092971, -0.4708158989220076, -0.44987115740985273, -0.4770981110010154, -0.07295521829810668, -0.09953931030596207, 0.5073698876728693, 0.19499769557048172, 0.27293248656343694, -0.122489339828459], [-0.7131462446215544, -0.006426273741333879, -0.5698321836015708, 0.3650528482463158, -0.20310410067610063, -0.17023075772364354, 0.39546877553653065, 0.6382373781377795, -0.09887460889749661, 0.024937959282006705, 0.35328364614306035, -0.0025900103430129967], [0.007239015441032164, 0.16565593146922858, -0.5383088888721322, 0.1217039122736227, -0.6217662932210001, 0.47642995360474505, -0.6929472220886234, 0.5463492470109648, -0.5518813681331619, 0.7535845753674947, -0.2120279000101022, -0.004772501632646992]], "inverted": false, "swapped": true, "error_lsq": 0.04584049967420914, "error_max": 0.31090185829257927, "target": "1191.xyz", "model": "26.xyz", "model_rescale": 3.795458400668931, "target_rescale": 4.355137515196786},
