[{"mapping": [5, 11, 7, 3, 8, 6, 1, 10, 12, 9, 2, 4, 0, 13], "R": [[0.06972868587321845, -0.8616157372490316, -0.5027486764688717], [0.9420815197041792, 0.22261138502497457, -0.2508517121510774], [0.32805536209344066, -0.45613867691971777, 0.827234662486813]], "T": [-0.17378191001896864, -0.07882754451553975, 0.04248880688544097], "aligned_model": [[-0.24249804403600145, 0.33074962239884537, 0.5103352976804338, -0.47885738753766116, 0.5232373601405678, -0.018349468558652743, -0.6924114765857543, 0.4621928934871022, -0.2617165178943296, 0.0937320315371617, -0.34116676824438547, 0.40160314163533045, -0.6395129359835778, -0.018118616651048552], [-0.24942527535246642, -0.46904354112715907, 0.0701792440274861, 0.30860233031422, 0.1029100117437875, 0.5360042187558005, -0.3315841838099315, -0.7822861555603394, -0.553188351363213, -0.12949687313848013, 0.5904217312801552, 0.6760445902617285, 0.006822682783382952, -0.08641306216949637], [0.7763660225016792, 0.3257576714431504, -0.24242364558572752, 0.21577282491327535, 0.34533320471022394, 0.46953557622340647, 0.055963501625011715, -0.2982617712416714, -0.277462967040313, -0.6376671178658109, -0.2971374016048622, -0.06933395055091449, -0.5667493112573935, -0.004958651162104456]], "inverted": true, "swapped": false, "error_lsq": 0.049056779229166965, "error_max": 0.3108854077482051, "target": "1192.xyz", "model": "0.xyz", "model_rescale": 3.8414455957264533, "target_rescale": 4.084057803922867},
{"mapping": [7, 4, 1, 9, 0, 13, 2, 3, 5, 10, 8, 12, 6, 14], "R": [[0.7002813956246079, -0.3815941771812866, 0.6033173716075051], [-0.2893702942998932, -0.924329885279821, -0.24875509232051202], [0.652587771658989, -0.0003835621593654276, -0.7577130414353612]], "T": [-0.027194581422389355, 0.00539901579120234, 0.023119127380577656], "aligned_model": [[-0.24535429344405218, 0.08914981483345137, 0.8005516166204919, -0.5524559608791141, 0.37360060213111157, 0.05453557672484048, -0.5010008083003104, 0.40669095642161573, -0.15793934311300417, 0.0038364883078623596, -0.3038627619089466, 0.2905447993831996, -0.6767931607636489, 0.04771560537453316], [-0.09801547713535627, -0.4723281232764027, -0.22393506675333824, 0.29585303650839223, -0.027791534024839602, 0.6759585710283892, -0.5566336791707002, -0.5926879622390877, -0.4497685182544631, 0.04934423356735421, 0.6801841685541729, 0.5516508343887561, -0.13136449720769564, -0.010918619339705834], [0.6186581981714785, 0.2556228841380457, -0.0805148505308723, 0.3475364898843103, 0.6262600543208668, 0.3673822023227864, 0.08817015953226298, -0.2365194460257437, -0.43519420236638257, -0.659147089690437, -0.28089092675823474, -0.40459594183164815, -0.388395879652775, -0.023637666405707455]], "inverted": true, "swapped": false, "error_lsq": 0.03537985912851328, "error_max": 0.17604874198711698, "target": "1192.xyz", "model": "1.xyz", "model_rescale": 4.316132596720782, "target_rescale": 4.084057803922867},
{"mapping": [8, 9, 12, 0, 6, 1, 3, 4, 10, 2, 5, 13], "R": [[0.2749980722422778, 0.7447183741960297, -0.6080876609485296], [0.19017581809053208, 0.5778427976718539, 0.7936818376354358], [0.9424485229850107, -0.3339045437150979, 0.017278229359063445]], "T": [0.021389333635312556, 0.006334663325887472, 0.03664775981735086], "aligned_model": [[-0.15538936925172284, 0.4837600402372253, 0.11502644000696019, -0.6000781477304682, -0.5774658550945574, -0.47202065471999183, -0.11207064713727613, -0.13532668890026578, 0.5601207350097737, 0.19090598199350914, 0.3309521038476476, -0.030605383629053025], [-0.6500442915287988, -0.5378985706634777, -0.5679310540291272, 0.42782119087651976, -0.2654486969008896, -0.03485372916434645, 0.310422821901923, 0.5827111540511078, 0.104230118482395, 0.054746136513358475, 0.5886286868273417, 0.0003926613749745036], [0.003183403514194834, 0.14479527709822157, -0.6259601802292784, -0.03231484532318662, -0.3403781967014027, 0.37738195974907457, -0.6080995455844321, 0.38725610692018836, -0.555045993597446, 0.7285814244556842, -0.016401384835967155, -0.01373956425622961]], "inverted": false, "swapped": true, "error_lsq": 0.040385113629063954, "error_max": 0.2504589647999195, "target": "1192.xyz", "model": "2.xyz", "model_rescale": 3.795458400668931, "target_rescale": 4.084057803922867},
{"mapping": [12, 10, 3, 4, 8, 1, 5, 9, 11, 2, 6, 13], "R": [[-0.7973764349969402, 0.19901455173247704, 0.5697227651325617], [0.0006043321223113685, 0.9443217203066402, -0.32902298299631566], [-0.6034819431385307, -0.26201087144587937, -0.7531001577147057]], "T": [0.07021944491081666, 0.06665524447668734, 0.11554668321185485], "aligned_model": [[-0.18750787285848702, -0.22367901748241048, -0.6328774507677235, 0.04860857755442022, 0.24211956415724062, 0.15667717241954762, -0.08536829784923688, 0.5768050839676555, 0.379782896202025, 0.6800250423538018, -0.37154448284247277, 0.010262610889205388], [-0.0668021973714391, -0.637546840975853, -0.10591703660049658, 0.1565297119840465, 0.40248583427957696, 0.6333536547356471, -0.3957785647982671, -0.1615274928965152, -0.5239087676032952, 0.12143316822793075, 0.5642695623164127, 0.09917801399196155], [-0.7171381580831915, -0.14452956992262622, 0.07249060852010666, 0.8019514721962038, -0.45090902491460233, 0.2961779885047546, 0.5623767142055003, -0.3459465425914476, 0.28838700902198044, 0.4829541864876019, -0.2475881769580528, 0.09054492417287324]], "inverted": true, "swapped": true, "error_lsq": 0.0443703875755187, "error_max": 0.24208042486736078, "target": "1192.xyz", "model": "3.xyz", "model_rescale": 3.7530521520055578, "target_rescale": 4.084057803922867},
{"mapping": [2, 8, 9, 12, 11, 6, 5, 1, 0, 3, 13], "R": [[-0.537606036858297, 0.6790443644637781, -0.4998784854577152], [-0.840635559291315, -0.4777976588513161, 0.2550318679129723], [-0.0656628173968635, 0.5573223019817035, 0.8276957448998522]], "T": [-0.08241001163201533, -0.12116781525125728, 0.04002455468013865], "aligned_model": [[-0.4888220692506443, -0.10460278984833199, 0.20136635530304237, 0.5324610150933408, 0.21645365357612867, -0.17000706024722506, 0.09975682056573754, -0.65740889342038, -0.4874723179942912, 0.2752735650809841, -0.07879867641315558], [-0.6930181216838541, 0.18433695128226732, -0.4051302169626462, 0.3597871317051967, -0.7366507341154881, 0.623593743411006, -0.45354932846627327, 0.040514209868257905, 0.2849038088516357, 0.3119528972701251, -0.04953698284588104], [-0.09289733035670678, -0.5677403863403808, -0.5603992096559598, -0.3701147674088107, 0.11958866197860304, -0.07087757183954496, 0.582285953984411, -0.02694487105433766, 0.5295742745988605, 0.49877194683796855, 0.05158407650121394]], "inverted": false, "swapped": true, "error_lsq": 0.04987389270062937, "error_max": 0.28496761234188744, "target": "1192.xyz", "model": "4.xyz", "model_rescale": 3.7855080009869324, "target_rescale": 4.084057803922867},
{"mapping": [13, 6, 1, 15, 12, 14, 8, 4, 7, 5, 9, 2, 10, 16], "R": [[-0.5880774372375571, -0.8087524688565815, -0.009185419451009674], [0.7573493390166905, -0.5466430024826091, -0.35721619018149253], [0.28387833045706223, -0.21702735301150913, 0.933976563700465]], "T": [0.02373036331734707, -0.026224855143309495, -0.014528944165790042], "aligned_model": [[-0.1330630467142035, 0.07073738673003464, 0.7800960875031153, -0.6781313440374748, 0.4052260493617388, -0.009107270555339067, -0.5831704956945072, 0.43259894015255723, -0.20339463398127297, 0.03060119645940516, -0.27905018051944896, 0.3641020541893962, -0.5879357946502883, 0.019710183144317578], [-0.19424705683425098, -0.6503728615933552, -0.057655465956733806, 0.2809664757660968, 0.163797144968555, 0.561590124899789, -0.3026635912797502, -0.5581681861545338, -0.6159225702452881, -0.14943524537872807, 0.5842013850544169, 0.6102339774114334, -0.008784748440651136, 0.026007984428475246], [0.6725314645211062, 0.1706916644642307, -0.01971999128589134, 0.28934888761688177, 0.5159594572278297, 0.31877667770615575, 0.2103328944320047, -0.3257580612721123, -0.4170712553350831, -0.8144509628709093, -0.2209696543006956, -0.17217714141094592, -0.4101608791123967, -0.002599115272225139]], "inverted": false, "swapped": false, "error_lsq": 0.036474613819898305, "error_max": 0.20751268578691026, "target": "1192.xyz", "model": "5.xyz", "model_rescale": 4.2253639853439635, "target_rescale": 4.084057803922867},
{"mapping": [3, 6, 12, 4, 7, 0, 2, 11, 5, 8, 1, 9, 10, 13], "R": [[-0.8009476935597554, -0.43064749006408154, -0.41596337757405427], [-0.3665203122315891, -0.1966938787331432, 0.9093813164952149], [-0.473440231605814, 0.880825895038525, -0.0002995440114040848]], "T": [-0.04482638376322516, 0.006458415401826598, -0.062233884313503934], "aligned_model": [[-0.15156835609880692, 0.10037748962224223, 0.8673581870216257, -0.6084581964285831, 0.41918420798609063, 0.2089173877818697, -0.5562581139182553, 0.45774905013127715, -0.22554717667535773, -0.002584818032402403, -0.4205128887961091, 0.28546233477019634, -0.6865064100700049, -0.058393565905752454], [-0.11125269921470989, -0.5166731254309259, -0.11956099471710127, 0.26025400532988047, -0.029639678855483322, 0.6397999811437376, -0.3912610901230229, -0.5346754993428099, -0.5238747678574104, 0.06968604221134592, 0.6054874447238844, 0.4480648895843377, -0.09991355399244448, -0.0068935868138037745], [0.6289677632076696, 0.2826823290817445, 0.09067844862392344, 0.2824664065061585, 0.5802474884611096, 0.35913912008076754, 0.11220347508216658, -0.30748030808373084, -0.3568997564365234, -0.7971371384438255, -0.2590323952934314, -0.3239388935414982, -0.49286623604204505, -0.004296318094536268]], "inverted": true, "swapped": false, "error_lsq": 0.03127591397931521, "error_max": 0.21863255062504794, "target": "1192.xyz", "model": "6.xyz", "model_rescale": 3.89814844738969, "target_rescale": 4.084057803922867},
{"mapping": [2, 7, 1, 11, 0, 8, 9, 5, 10, 12, 6, 3, 13], "R": [[-0.20140157876981374, 0.23562132993394752, -0.9507470709653459], [0.6021996447963798, 0.7953117174298912, 0.0695331570247673], [0.7725237807835695, -0.5585354608248924, -0.30206811669718586]], "T": [-0.0051415496457985765, 0.009420397257656851, -0.04085848878967212], "aligned_model": [[0.10543242765200611, -0.05269031688576539, 0.40939865541514253, -0.2905674086663943, 0.6859408482062058, -0.3223153481039339, -0.6545871761797912, 0.1460158485294634, -0.4855860506122328, -0.636450206962154, 0.1270829084717043, 0.10405355733580324, 0.01290406270416854], [-0.35213487583566244, 0.30779481424599026, 0.28512016743483015, -0.6160809977690984, 0.2098224993815218, 0.5591136071726477, -0.011770015556017775, -0.5624442102074857, -0.25830872598777627, 0.5046780067041373, 0.7232995538303052, 0.10904751873687508, 0.06564392332021847], [-0.6465836253900702, -0.8093744625609673, -0.3776013437994103, -0.08268246262547947, 0.184691241986151, -0.2867081620827832, -0.3562054617840981, 0.25550608730051994, 0.5485571021600639, 0.3248840210646513, 0.1771679920340663, 0.6691634318253786, 0.0014606727082729712]], "inverted": true, "swapped": true, "error_lsq": 0.03474567666859353, "error_max": 0.15269124975993528, "target": "1192.xyz", "model": "7.xyz", "model_rescale": 3.7474275329858107, "target_rescale": 4.084057803922867},
{"mapping": [2, 4, 12, 3, 1, 0, 8, 13, 9, 11, 6, 10, 5, 14], "R": [[-0.2120899212458605, -0.9714020406867642, 0.1067517712055177], [0.9016878397627056, -0.15240131894561668, 0.404639194354306], [-0.3767982284061194, 0.18207666883273904, 0.9082241913408733]], "T": [0.029548149557660087, -0.0010214464839607487, -0.051245000982445846], "aligned_model": [[-0.1292821983170662, -0.035159580693686014, 0.6353156165485798, -0.5406424943589883, 0.34873120418977116, 0.03675355935029565, -0.48117683055386, 0.6077115276914492, -0.32602161840600624, 0.22856667010881696, -0.4036313095498324, 0.2856790192363161, -0.6476149633991759, 0.049990529541416015], [-0.2913011747709363, -0.7256348569661156, -0.02812029343692835, 0.2619327527614661, 0.1815828016414958, 0.5923942990949329, -0.4328122666759599, -0.6887025445241994, -0.3453434184472472, -0.13037239122677535, 0.6787766475015189, 0.5702961381943409, 0.08685767564313815, -0.040006002143255684], [0.722770564616515, 0.23680735682888138, -0.16506084886216893, 0.29498072838168826, 0.6041782868645029, 0.2351447205435327, 0.08264673940706667, -0.02068940778471272, -0.6303416766955576, -0.625823034987956, -0.18227250198431066, -0.47932975278198053, -0.2674598070588697, -0.010817381378681573]], "inverted": true, "swapped": false, "error_lsq": 0.05411700406435447, "error_max": 0.3455257301532743, "target": "1192.xyz", "model": "8.xyz", "model_rescale": 4.019505241142653, "target_rescale": 4.084057803922867},
{"mapping": [10, 3, 5, 11, 9, 2, 4, 12, 8, 6, 0, 1, 13], "R": [[0.909480153613387, -0.28356304958473555, -0.3040359305963277], [0.24889802207376807, -0.21439590349458765, 0.9445020757904695], [-0.333009946985276, -0.9346798347428623, -0.1244105370694919]], "T": [0.08852077182427716, -0.05826217964881963, 0.019419729813671953], "aligned_model": [[-0.37371497743527077, -0.622255976136439, -0.027619807871981955, 0.3278176884201064, 0.4207452725990571, 0.7701815495707947, 0.25148511941620316, -0.3843803023901956, 0.16969163093164374, -0.3392819102699271, -0.21371820729419116, 0.31018220648598455, 0.03056848571539219], [-0.5417374387404219, 0.027320743064044035, 0.11052974844176716, -0.31400037852850354, -0.6974345556347707, 0.08463472251675264, 0.547054153706858, -0.7207889395561901, -0.3931937464278466, 0.035794867240800006, 0.6168162029960489, 0.3522879094961934, -0.043905060460672496], [-0.43058729985370253, -0.09656406377472643, -0.6096512526793808, -0.5737110486045319, 0.07193566699005338, -0.13796775539435446, -0.27508110520221013, 0.358567441652041, 0.6063064672000741, 0.6381122552066463, 0.1662166677810596, 0.39831882980542227, 0.06080869091748882]], "inverted": false, "swapped": true, "error_lsq": 0.042189604283875984, "error_max": 0.29273941316614677, "target": "1192.xyz", "model": "9.xyz", "model_rescale": 3.877068213659057, "target_rescale": 4.084057803922867},
{"mapping": [11, 8, 1, 10, 0, 12, 9, 7, 2, 4, 6, 5, 13, 15], "R": [[0.057679754381953025, 0.49927868082378823, 0.8645194299778898], [-0.9779506589527153, 0.20235647663057135, -0.05161748753679368], [-0.2007126169138043, -0.8424800622213673, 0.4999417867823148]], "T": [-0.12507220781545622, 0.02180152979780636, -0.08842537387927353], "aligned_model": [[-0.12702841967468984, 0.1362473078464985, 0.7331842178321104, -0.6659069681272596, 0.42068720953896943, 0.0381100427744297, -0.4629046131243576, 0.3576657677846913, -0.3234097901102762, 0.18714028071158892, -0.4639995381917016, 0.5338797994997223, -0.6689231267602462, -0.06552303861145022], [0.04601974178391134, -0.5738648129035129, -0.10430469457546332, 0.11641593580347773, 0.15871328399730453, 0.6393880620960002, -0.4904598974317854, -0.5847555715048309, -0.5175624388769786, -0.09282856051197606, 0.5364992088457091, 0.4377907065287092, 0.07688814281867758, 0.041608260576232424], [0.6491821963822185, 0.32656457143884354, -0.10841882811849653, 0.3607479286160399, 0.47475121082996663, 0.2990712634349638, 0.15468530049673357, -0.34404051269077274, -0.4202447082983758, -0.6778946132364191, -0.11120999657927201, -0.1495048232920848, -0.6350789561344962, -0.023876047740899034]], "inverted": true, "swapped": false, "error_lsq": 0.04039651581569432, "error_max": 0.25172337959178037, "target": "1192.xyz", "model": "10.xyz", "model_rescale": 4.260839863003843, "target_rescale": 4.084057803922867},
{"mapping": [12, 6, 1, 8, 2, 9, 10, 3, 0, 4, 5, 13], "R": [[0.8200125579993618, -0.42882194120421824, -0.37906615183261766], [-0.29404772138217805, -0.8838574405192171, 0.3637746038260059], [-0.49103497051970973, -0.18683620521907562, -0.8508683153967147]], "T": [-0.08392779977051996, 0.06660860583983781, -0.014790212516740408], "aligned_model": [[0.2803727834230037, 0.23406742947919001, -0.34255793296296294, -0.2870976327056535, -0.7173648557975493, -0.45919082114945187, 0.41901451544667195, 0.640095679487993, 0.22923676712634616, -0.1550295943153998, 0.15068314086980705, -0.03333082980786391], [0.01301317974655515, -0.5748494825365453, -0.42693225775414173, -0.2847657901385282, 0.22604617893815154, 0.3567354251518276, 0.6255264054828423, 0.0386204117357546, -0.41136453212111246, 0.06779312852314283, 0.5270052898481165, 0.016250548656871422], [-0.8160460514461675, -0.2638943250573959, 0.21054856678143297, -0.5611069321485724, 0.2736346778844538, -0.5594703592979082, -0.30561053780964986, 0.01662514917198792, 0.4772445399526831, 0.6741503622477206, 0.3983710757733627, -0.02826808865644272]], "inverted": true, "swapped": true, "error_lsq": 0.04093897072909942, "error_max": 0.23275554802377924, "target": "1192.xyz", "model": "11.xyz", "model_rescale": 3.890672605050136, "target_rescale": 4.084057803922867},
{"mapping": [3, 0, 6, 7, 8, 5, 4, 1, 2, 11, 12, 9, 10, 13], "R": [[0.6384628369255121, 0.28944302291588364, 0.7131535194825458], [0.6862378468119728, 0.20546202325720708, -0.6977556697024553], [-0.34848647530125754, 0.9348840000151729, -0.06744689057129252]], "T": [0.09630110546969947, -0.03138877383241866, -0.05583552185759912], "aligned_model": [[-0.24066289081821166, 0.1476896274963446, 0.6691981995725227, -0.40452567674337414, 0.3917711507060163, 0.06774235357392575, -0.4918978177902993, 0.4395934483692193, -0.2773455326395917, 0.12194553583784534, -0.4719081600492966, 0.3147528815944351, -0.5834801512832172, -0.0536538364382885], [-0.35236221995884154, -0.5174105629877509, -0.04024455460087488, 0.37896544399718407, 0.06334380729191273, 0.7084124929692723, -0.4052959392865018, -0.7256764644765291, -0.44441359258120333, -0.10466849987772804, 0.44630449007463174, 0.6133554776873011, 0.06371648138387727, 0.005521007010725179], [0.7419705122693958, 0.2755805007143072, -0.11722638972146918, 0.498913178369769, 0.5944830433700157, 0.1825982533585563, 0.01677647524351413, -0.12941038384771336, -0.497834189948178, -0.600569042798866, -0.11970666511701214, -0.43320018324181736, -0.6288913113233631, 0.011250187780811084]], "inverted": true, "swapped": false, "error_lsq": 0.04517909843736921, "error_max": 0.2755443894080199, "target": "1192.xyz", "model": "12.xyz", "model_rescale": 4.124412569039231, "target_rescale": 4.084057803922867},
{"mapping": [5, 3, 12, 4, 10, 11, 0, 2, 6, 1, 9, 8, 13], "R": [[-0.200721839014757, 0.06059627984575769, -0.9777723836411973], [-0.8220953318002332, -0.5532405694942036, 0.13447727576804147], [-0.5327945277260255, 0.8308146382524708, 0.16086338331210598]], "T": [0.09858186262275345, 0.06834635036437886, -0.0586774084542997], "aligned_model": [[-0.16219573986815042, -0.07046554221574455, 0.7507257489257375, -0.5214716392967674, 0.47108951649770014, 0.295994758389034, -0.577481286944559, 0.003359414175526265, 0.04564375005617741, -0.2348298781749564, 0.768429366114086, 0.5142763874832694, 0.08422345236840495], [-0.33835521738226015, 0.431056730806747, 0.6024495836790099, -0.23775723069017124, -0.007859834694753959, -0.5524670954260227, 0.40059191050130744, -0.47822939011783605, 0.8213943849573649, 0.23848219829642398, -0.12707247041515957, 0.45766821860400686, 0.1375835883898208], [0.3933165373978739, 0.5461733312439876, 0.20024418537722977, -0.09779564283667957, 0.6522003630089787, 0.16512602109158594, -0.02432526476557737, -0.5081653463287711, -0.12765941833554548, -0.5289327642286997, -0.24519329342835589, -0.43127699275993625, -0.042013634468251154]], "inverted": false, "swapped": true, "error_lsq": 0.04021935742867523, "error_max": 0.1949773507956651, "target": "1192.xyz", "model": "13.xyz", "model_rescale": 3.9028299243045295, "target_rescale": 4.084057803922867},
{"mapping": [7, 9, 13, 3, 10, 4, 6, 11, 1, 12, 0, 5, 2, 15], "R": [[-0.6438403590022002, -0.301261849726025, -0.7033568724478153], [-0.4505412416873319, 0.8922429107587978, 0.03025190472524944], [0.6184514383997789, 0.3363686758607619, -0.7101928838286979]], "T": [-0.03168842729896562, 0.016012580884412337, -0.09391150835046536], "aligned_model": [[-0.04786149987926333, 0.03310065519040761, 0.7447397331380133, -0.5473997845732844, 0.46206000442657624, -0.024290588643323008, -0.4914165934454212, 0.22146443680506975, -0.2773785360546376, 0.3595383201773966, -0.48739293866881184, 0.28929665254793113, -0.5766476060502511, -0.02859312358237194], [-0.13854243012390097, -0.5949192832647078, 0.12002962001903868, 0.17935835311155252, 0.1208037294820115, 0.5528721018317229, -0.4175992887759463, -0.6543210247853513, -0.5069102653498666, -0.11071712437863958, 0.7063642347414874, 0.3997008545546846, 0.08681134458168792, -0.0533834549982978], [0.798545289557816, 0.3787512558071615, -0.23171977749767064, 0.21600686785841688, 0.454343818475584, 0.3197192456248141, 0.11831248178849665, -0.273975865855286, -0.39121072309660765, -0.6552683492492762, -0.1483578266713592, -0.20278630258108746, -0.5839694621778124, -0.0036566668752401887]], "inverted": true, "swapped": false, "error_lsq": 0.04600169950863693, "error_max": 0.2686130000537542, "target": "1192.xyz", "model": "14.xyz", "model_rescale": 3.942246331269136, "target_rescale": 4.084057803922867},
{"mapping": [9, 6, 8, 5, 7, 0, 10, 11, 4, 13, 1, 0, 3, 14], "R": [[0.7360950953854345, -0.4703273118882668, -0.4867815015399264], [0.6640245032865949, 0.3622773258644089, 0.6540845497330785], [-0.1312839273654601, -0.8047032737950619, 0.5789794223968678]], "T": [-0.08903949684733115, -0.06893943604888512, -0.05947725730214599], "aligned_model": [[-0.23364401213253866, 0.2752084255432134, 0.6811922151419421, -0.5419649021895121, 0.3787584016515483, 0.27651857133432367, -0.3858609482346745, 0.311171913788731, -0.3829919188467118, 0.11458753143262618, -0.39892876599386984, 0.27651857133432367, -0.6740595011893262, -0.06728645025204527], [-0.2732318607216799, -0.35350610086923256, 0.005780037243661454, 0.3013975789083107, 0.12915860131588758, 0.5462211428928685, -0.6892605569922999, -0.6288060465444432, -0.4482185706210306, -0.2453385674718213, 0.6373487869494412, 0.5462211428928685, 0.13546580151959076, 0.026315978143354138], [0.7057132062510811, 0.2553793031275469, -0.058459197996859925, 0.18646710782405287, 0.6282013026961255, 0.10982201550078363, 0.13052076624277992, -0.2607015846223242, -0.396231304941528, -0.8265165172441802, -0.30800697927179127, 0.10982201550078363, -0.4235075086205134, -0.05776863933800726]], "inverted": true, "swapped": false, "error_lsq": 0.0505142532965406, "error_max": 0.35829801207308726, "target": "1192.xyz", "model": "15.xyz", "model_rescale": 4.355366556412066, "target_rescale": 4.084057803922867},
{"mapping": [8, 9, 12, 0, 6, 1, 3, 4, 10, 2, 5, 13], "R": [[0.2749980722422778, 0.7447183741960297, -0.6080876609485296], [0.19017581809053208, 0.5778427976718539, 0.7936818376354358], [0.9424485229850107, -0.3339045437150979, 0.017278229359063445]], "T": [0.021389333635312556, 0.006334663325887472, 0.03664775981735086], "aligned_model": [[-0.15538936925172284, 0.4837600402372253, 0.11502644000696019, -0.6000781477304682, -0.5774658550945574, -0.47202065471999183, -0.11207064713727613, -0.13532668890026578, 0.5601207350097737, 0.19090598199350914, 0.3309521038476476, -0.030605383629053025], [-0.6500442915287988, -0.5378985706634777, -0.5679310540291272, 0.42782119087651976, -0.2654486969008896, -0.03485372916434645, 0.310422821901923, 0.5827111540511078, 0.104230118482395, 0.054746136513358475, 0.5886286868273417, 0.0003926613749745036], [0.003183403514194834, 0.14479527709822157, -0.6259601802292784, -0.03231484532318662, -0.3403781967014027, 0.37738195974907457, -0.6080995455844321, 0.38725610692018836, -0.555045993597446, 0.7285814244556842, -0.016401384835967155, -0.01373956425622961]], "inverted": false, "swapped": true, "error_lsq": 0.040385113629063954, "error_max": 0.2504589647999195, "target": "1192.xyz", "model": "16.xyz", "model_rescale": 3.795458400668931, "target_rescale": 4.084057803922867},
{"mapping": [2, 7, 1, 11, 0, 8, 9, 5, 10, 12, 6, 3, 13], "R": [[-0.20140157876981374, 0.23562132993394752, -0.9507470709653459], [0.6021996447963798, 0.7953117174298912, 0.0695331570247673], [0.7725237807835695, -0.5585354608248924, -0.30206811669718586]], "T": [-0.0051415496457985765, 0.009420397257656851, -0.04085848878967212], "aligned_model": [[0.10543242765200611, -0.05269031688576539, 0.40939865541514253, -0.2905674086663943, 0.6859408482062058, -0.3223153481039339, -0.6545871761797912, 0.1460158485294634, -0.4855860506122328, -0.636450206962154, 0.1270829084717043, 0.10405355733580324, 0.01290406270416854], [-0.35213487583566244, 0.30779481424599026, 0.28512016743483015, -0.6160809977690984, 0.2098224993815218, 0.5591136071726477, -0.011770015556017775, -0.5624442102074857, -0.25830872598777627, 0.5046780067041373, 0.7232995538303052, 0.10904751873687508, 0.06564392332021847], [-0.6465836253900702, -0.8093744625609673, -0.3776013437994103, -0.08268246262547947, 0.184691241986151, -0.2867081620827832, -0.3562054617840981, 0.25550608730051994, 0.5485571021600639, 0.3248840210646513, 0.1771679920340663, 0.6691634318253786, 0.0014606727082729712]], "inverted": true, "swapped": true, "error_lsq": 0.03474567666859353, "error_max": 0.15269124975993528, "target": "1192.xyz", "model": "17.xyz", "model_rescale": 3.7474275329858107, "target_rescale": 4.084057803922867},
{"mapping": [12, 9, 4, 11, 5, 10, 7, 6, 2, 0, 3, 8, 1, 13], "R": [[-0.12975459049238458, 0.8737793327514938, -0.468693315401989], [0.8169284430597776, 0.3621010420894214, 0.44889949235623233], [0.5619534368309189, -0.3246421306209499, -0.7607994623156676]], "T": [-0.0811214591971427, -0.004096317728281566, -0.0008290121086004989], "aligned_model": [[-0.11518384614705723, 0.21311696625838206, 0.7324684493034628, -0.6912976050433586, 0.42968082761069587, -0.023348577632062918, -0.6395778395787368, 0.359412589053375, -0.20463796070982826, 0.18040276974931585, -0.30813379626588455, 0.35468414957891464, -0.5956177422724716, -0.06274925251671573], [-0.1830347675007932, -0.5415368264623426, -0.0809506765431714, 0.2892418509497285, 0.14286036429032362, 0.5511387494024855, -0.4302792377703692, -0.5927331860108682, -0.5419664268230848, -0.03334457737416363, 0.5952126381900128, 0.5236729585062418, 0.05383631663594768, -0.06256981284447206], [0.7244693460184426, 0.26806802099738686, -0.1470845772599292, 0.25091381627573134, 0.4897876346455216, 0.40514596845968104, 0.27104204540172966, -0.23414253741480986, -0.4472280974639514, -0.7944863737972052, -0.22417483249471418, -0.22080063218927704, -0.45958363212562914, -0.087192163945027]], "inverted": true, "swapped": false, "error_lsq": 0.030575343319200587, "error_max": 0.21731637492308326, "target": "1192.xyz", "model": "18.xyz", "model_rescale": 3.922800546911778, "target_rescale": 4.084057803922867},
{"mapping": [7, 3, 5, 11, 12, 13, 9, 0, 2, 1, 4, 8, 10, 14], "R": [[-0.9670578697909796, 0.25441907509626904, -0.008367239837120538], [-0.21009089680609497, -0.7791413369058003, 0.590593423772948], [0.14373897020134677, 0.5728958992276008, 0.8069258931857716]], "T": [0.025505306744918917, 0.061331395271949155, -0.09325323961207257], "aligned_model": [[-0.20257357536356277, 0.16727371373258887, 0.7768937419741259, -0.56972222338306, 0.5020488624792161, -0.05694906147939135, -0.5575801536041293, 0.43996072941156256, -0.3252195186601456, 0.2289035884218715, -0.41942849489886447, 0.3757064676563345, -0.7222588114844598, -0.00783613341405636], [-0.13951012519253803, -0.4599953909571554, -0.07042993533055149, 0.24632554445109833, 0.05347749953332816, 0.5672663495158515, -0.4797664934005215, -0.65537233077236, -0.4956162883542384, -0.1314422715816339, 0.6206280113204183, 0.5428713016685619, 0.0673429976302946, 0.02376849811492132], [0.6455659035158744, 0.2491928792523659, -0.11750383439606422, 0.2513116525577964, 0.5324132852846594, 0.36396098376153985, 0.07985830454000489, -0.20729317723611482, -0.3759727779107145, -0.7784178010967807, -0.20765755126030833, -0.23421110376110504, -0.39559961612257577, -0.010913162020627781]], "inverted": false, "swapped": false, "error_lsq": 0.031292869812547856, "error_max": 0.2229688691972959, "target": "1192.xyz", "model": "19.xyz", "model_rescale": 3.9282355846067225, "target_rescale": 4.084057803922867},
{"mapping": [12, 7, 8, 10, 9, 11, 2, 6, 5, 3, 0, 4, 1, 13], "R": [[-0.2686797220990128, 0.9631870185089084, -0.009053966463218932], [-0.8042736200176688, -0.21915875413003483, 0.5523706949430297], [0.5300520267638562, 0.15569267119582345, 0.8335494232854087]], "T": [0.06643501307241673, -0.08841667259704164, -0.005076956229316703], "aligned_model": [[-0.0071365804383041465, 0.0039713265966382985, 0.8014166077721757, -0.5934539846832915, 0.3546982103671385, 0.05817376987508649, -0.685120834103965, 0.405341107373854, -0.1823216651062049, -0.014045253674933533, -0.26063700778386684, 0.38061275842937553, -0.5566407253454704, -0.07563859789020247], [-0.20197301016369226, -0.6285905160479562, 0.08122759940327534, 0.2138908420205833, 0.1526013510104239, 0.606079295843464, -0.4225615383157487, -0.5188599082980969, -0.5486300801306941, 0.04075467916728484, 0.5619884407838706, 0.36059408735886966, 0.017545692928338963, -0.024519568914447412], [0.834259998809783, 0.29891035124082277, 0.09312923277253547, 0.45902543143761465, 0.5756462709792738, 0.17090677315119557, 0.042116556552592326, -0.361033883597805, -0.467693305741949, -0.74209307388836, -0.3370318776535789, -0.3197983039419322, -0.4076305521564715, -0.04397963285577135]], "inverted": false, "swapped": false, "error_lsq": 0.04419719882285765, "error_max": 0.23449031565890183, "target": "1192.xyz", "model": "20.xyz", "model_rescale": 4.067790424073018, "target_rescale": 4.084057803922867},
{"mapping": [4, 8, 1, 6, 5, 13, 2, 7, 0, 12, 11, 10, 3, 14], "R": [[-0.20706163089392632, -0.9672923828876983, -0.14652961140665746], [0.014122916086387938, 0.14680457843660616, -0.9890646889821044], [0.9782259576666141, -0.2068667729662958, -0.01673660627925383]], "T": [-0.03026583068880836, -0.023447661502141042, -0.006584612851158708], "aligned_model": [[-0.2707379186151005, 0.24622246884546398, 0.7887348707720009, -0.607081219217253, 0.22194014299429884, 0.25544771592352944, -0.642916822941712, 0.4667450102583481, -0.1963522602906826, -0.08306217838962796, -0.260343613422424, 0.45939647065166284, -0.7590100982919378, 0.010236563111463554], [-0.3520567718275905, -0.4380988415582439, -0.01760582720632071, 0.24916771724624368, 0.0395977213683094, 0.5888508930367997, -0.42859893029610124, -0.5334442703523704, -0.6517199081469306, 0.12458011998033543, 0.5190372350962213, 0.5444507835136054, 0.020569624918829552, 0.024817820872687853], [0.6838223122848546, 0.27051918687699594, 0.043503561976650326, 0.36827771590704816, 0.5233998655962387, 0.17666863942263014, 0.11271812234426234, -0.22917760499388676, -0.2931981357682903, -0.7564607282705776, -0.27267971771818744, -0.33674973570382943, -0.44332170491288475, -0.05258779193307459]], "inverted": true, "swapped": false, "error_lsq": 0.04194486880204995, "error_max": 0.2503841388156057, "target": "1192.xyz", "model": "21.xyz", "model_rescale": 4.186013935880536, "target_rescale": 4.084057803922867},
{"mapping": [5, 11, 10, 0, 1, 3, 4, 2, 12, 9, 7, 6, 13], "R": [[-0.9252897506121855, 0.13366014915233648, 0.3549279390814631], [-0.36877875128957627, -0.09857970590381088, -0.9242749992189657], [-0.08855004240168635, -0.9861120656966396, 0.1405058143927369]], "T": [-0.01494167682628951, -0.025427948146613578, 0.018887911372366072], "aligned_model": [[0.02513421799718832, -0.3531872059262634, 0.34199806386507453, 0.35537268348383383, -0.14980092385059918, 0.6772405072028012, -0.1706241541812184, -0.6989606995518847, 0.4485995444036021, -0.38441013266702156, -0.5825616099718985, 0.5006466044560965, 0.049127140163514424], [-0.3891896924014437, 0.013874473314663554, 0.29453838840351665, -0.6060320065228442, -0.2936823148758882, -0.12566790833469482, -0.6980983045109295, -0.23021481011280287, 0.7241505127756287, 0.5862621802208318, 0.1655511128751173, 0.1012533638653897, -0.023788335150451066], [-0.532275373259581, -0.5798728444196608, -0.6292880722826528, 0.3261252238113685, 0.5395627364892859, -0.17298714425252126, -0.03564227982124442, 0.024551724767393337, 0.04821317648464274, -0.08599590907947789, 0.5874295454396019, 0.559963574514703, 0.05309520294348896]], "inverted": false, "swapped": true, "error_lsq": 0.036812510012157566, "error_max": 0.19105477693885892, "target": "1192.xyz", "model": "22.xyz", "model_rescale": 4.166573947596378, "target_rescale": 4.084057803922867},
{"mapping": [8, 0, 5, 9, 7, 10, 3, 1, 2, 6, 14, 13, 11, 15], "R": [[0.738224214277903, -0.6612762291211574, 0.13318692973815233], [-0.19473602940903706, -0.3979585583079184, -0.8964969964921723], [0.6458350318028401, 0.6358794969715456, -0.4225569512236649]], "T": [-0.14801526169998808, -0.03870416510631317, -0.040647054962849684], "aligned_model": [[-0.2897056563327718, 0.4070886635097917, 0.6717526866621921, -0.6265728733770934, 0.4076837352623061, 0.13136092632846247, -0.6183077081283492, 0.3369259850058183, -0.21877788137590426, 0.1569706130783749, -0.2142932715840391, 0.42310037381359217, -0.8483201766993829, -0.08968628477496657], [-0.22504101286542866, -0.49025069734843013, 0.05093431904848628, 0.21992224116624523, 0.10443521899303881, 0.557235320090913, -0.40571203956684826, -0.5235495270850863, -0.6014195478060482, -0.21083625635308909, 0.7366659865374834, 0.5839266366765563, -0.03646611187845359, -0.07029716296386387], [0.7334857188280473, 0.35269900676248206, -0.1455633749413781, 0.21340837317546116, 0.3860839951670583, 0.31676910114881146, 0.03389747489985347, -0.23521329838197966, -0.40279797504836323, -0.7162666160440488, -0.1834270135212259, -0.09515351732177321, -0.40349873894935584, -0.05968915066563901]], "inverted": true, "swapped": false, "error_lsq": 0.04335317336119509, "error_max": 0.24330226458189094, "target": "1192.xyz", "model": "23.xyz", "model_rescale": 4.274766983524099, "target_rescale": 4.084057803922867},
{"mapping": [12, 1, 7, 9, 2, 11, 10, 5, 3, 0, 13], "R": [[-0.8649913213664998, -0.09970485552396557, 0.4917814105327508], [0.40610551863166056, -0.7147581270203048, 0.5693848677259838], [0.2947343239216411, 0.6922281138782007, 0.6587502688113926]], "T": [-0.02853357909746415, 0.1452239011919511, 0.028037122362943184], "aligned_model": [[0.33011937318482765, 0.0025644503928570483, -0.4596286236232363, -0.4863059496488489, -0.659149810309436, -0.5048332029316153, 0.11630501681970062, -0.07875542380103315, 0.6028427977788973, 0.4755209499130517, 0.04121512618291051], [-0.41152754419766474, 0.7338954733945748, 0.6081465713077758, -0.20427795999737508, 0.4576226073269909, -0.2359132965113931, -0.6300312221631321, -0.05803268540744047, -0.12410565814943714, 0.6272102593116313, 0.15259998632895314], [-0.5541949549975642, -0.08921639754214684, -0.5027779527799621, -0.40781293738358715, 0.14879298517619552, 0.34794689999996453, 0.19512337446562186, 0.6556310807261752, 0.26214334112762344, 0.3148240582231752, 0.00910693700608196]], "inverted": false, "swapped": true, "error_lsq": 0.05362545080779275, "error_max": 0.28555250513273284, "target": "1192.xyz", "model": "24.xyz", "model_rescale": 3.7841303162186577, "target_rescale": 4.084057803922867},
{"mapping": [2, 4, 3, 9, 5, 12, 8, 6, 7, 11, 14, 13, 10, 15], "R": [[0.48084680203170316, -0.5084870714581189, 0.7143019327538117], [-0.42467093559075075, 0.5776721011518204, 0.6971008105111615], [-0.7670990479986018, -0.6385419655048427, 0.06183210208986706]], "T": [-0.15948853329611892, -0.15128375198007038, -0.052623344750255645], "aligned_model": [[-0.19392234820606657, 0.31186575120666304, 0.6395539337614065, -0.4912205343963191, 0.3948529510906138, 0.06480182407621146, -0.5107836390445506, 0.3965734911827846, -0.2787147947438037, 0.1948537543930526, -0.36992973539042284, 0.26974920694027427, -0.6998652265047287, -0.09859550297708429], [-0.06964768285485394, -0.5263938232072001, -0.053763147722857896, 0.2543505609180248, 0.09507809144671606, 0.48411458165565746, -0.4354796603277253, -0.5553560464784689, -0.4615443510379429, -0.017337689642596882, 0.6082923449069039, 0.4526274924143391, 0.09319565607869698, -0.17858895950321738], [0.6963378642157044, 0.3876287600751543, -0.02064280039773457, 0.20729085680839487, 0.5808986408468925, 0.2954207611197744, 0.32853570078652927, -0.27521502921814434, -0.6114873884618885, -0.7204014251798071, -0.14238756818930867, -0.3037133057638165, -0.5560892857525859, -0.07144179578121426]], "inverted": false, "swapped": false, "error_lsq": 0.03810811802697162, "error_max": 0.21420519226463275, "target": "1192.xyz", "model": "25.xyz", "model_rescale": 4.19342608120988, "target_rescale": 4.084057803922867},
{"mapping": [8, 9, 12, 0, 6, 1, 3, 4, 10, 2, 5, 13], "R": [[0.2749980722422778, 0.7447183741960297, -0.6080876609485296], [0.19017581809053208, 0.5778427976718539, 0.7936818376354358], [0.9424485229850107, -0.3339045437150979, 0.017278229359063445]], "T": [0.021389333635312556, 0.006334663325887472, 0.03664775981735086], "aligned_model": [[-0.15538936925172284, 0.4837600402372253, 0.11502644000696019, -0.6000781477304682, -0.5774658550945574, -0.47202065471999183, -0.11207064713727613, -0.13532668890026578, 0.5601207350097737, 0.19090598199350914, 0.3309521038476476, -0.030605383629053025], [-0.6500442915287988, -0.5378985706634777, -0.5679310540291272, 0.42782119087651976, -0.2654486969008896, -0.03485372916434645, 0.310422821901923, 0.5827111540511078, 0.104230118482395, 0.054746136513358475, 0.5886286868273417, 0.0003926613749745036], [0.003183403514194834, 0.14479527709822157, -0.6259601802292784, -0.03231484532318662, -0.3403781967014027, 0.37738195974907457, -0.6080995455844321, 0.38725610692018836, -0.555045993597446, 0.7285814244556842, -0.016401384835967155, -0.01373956425622961]], "inverted": false, "swapped": true, "error_lsq": 0.040385113629063954, "error_max": 0.2504589647999195, "target": "1192.xyz", "model": "26.xyz", "model_rescale": 3.795458400668931, "target_rescale": 4.084057803922867},
{"mapping": [2, 1, 7, 9, 12, 5, 4, 11, 0, 8, 10, 3, 13], "R": [[0.034664736264845786, 0.9993660968729, 0.008109283612876425], [0.9806982830870186, -0.03557731660183938, 0.19226318444670143], [0.1924298147633639, 0.0012880079339292888, -0.9813098936756419]], "T": [-0.0868920659534013, -0.05798175883809724, -0.02525205648481294], "aligned_model": [[-0.03423036664319676, 0.40944005163083147, 0.5564306734959952, -0.07922514052367406, -0.017272676066124593, -0.6785166594482042, -0.20439675098774485, -0.6381440887868797, 0.10885292029184475, 0.4230145447835891, -0.7261583089762954, -0.3605099748264441, -0.05960784112244019], [-0.7448531566431741, -0.30265842669254, -0.4206168835897775, -0.04460952742924977, 0.7356147735979249, -0.23272209188885468, -0.5511740803764874, -0.33719761271066745, -0.048975442333256916, 0.20486542425160326, 0.39867421747465376, 0.4677204526748993, -0.0021861430781586755], [-0.21309824188572077, 0.20934856702207547, -0.3947606478930066, -0.7473564606243353, -0.40334726709849794, 0.21382074964945896, 0.44660593784062846, -0.32960197883356246, 0.7029178075115278, -0.39146307759403925, -0.20614022808959986, 0.3927798648216007, 0.01243163727289675]], "inverted": true, "swapped": true, "error_lsq": 0.050828200436464625, "error_max": 0.38425828533555223, "target": "1192.xyz", "model": "27.xyz", "model_rescale": 3.6321398670334006, "target_rescale": 4.084057803922867},
