[{"mapping": [8, 7, 2, 4, 3, 5, 0, 9, 1, 11, 13, 6, 12, 14], "R": [[-0.8024137662546937, -0.38832491895405186, -0.45314005014375713], [-0.3156289585101101, 0.9205862404611422, -0.22999855308989026], [0.5064686646523957, -0.04152988313189582, -0.8612576621036647]], "T": [-0.07300480905935383, -0.004317390925925896, 0.20101849568236543], "aligned_model": [[0.29205089250817196, 0.2973522452502593, -0.6447062725031467, -0.380286164861772, -0.7342959508738162, -0.18243552026454704, -0.82377959153427, -0.0008568278841317167, -0.31386982730277885, 0.27248098009629773, 0.6276712585733909, 0.3824244640804717, 0.6380105107223926, -0.058268094878217894], [-0.661239405708724, -0.19295127532783093, -0.34835883532679346, -0.24515875917045593, 0.16846235647731078, 0.29298022238197896, 0.24974671537590512, 0.534277738443196, 0.7029245472390248, -0.2080165826746776, 0.45942771364472035, 0.5346301403247462, -0.0069188022205715904, -0.04453244164779418], [0.3577660841106014, -0.3472017627212819, 0.3660672298389485, -0.2586848646555294, 0.6520980393134533, -0.4617697379828789, -0.18404081566180588, 0.4892625269932007, -0.0015396707330255777, 0.7000073407547608, 0.4207459301620181, -0.13266910155036113, 0.13741008025627455, 0.1601368090554591]], "inverted": true, "swapped": true, "error_lsq": 0.04393512078328993, "error_max": 0.24797110414370177, "target": "1194.xyz", "model": "0.xyz", "model_rescale": 3.8414455957264533, "target_rescale": 4.1488741306354155},
{"mapping": [6, 9, 5, 2, 10, 8, 13, 12, 1, 7, 3, 1, 11, 0, 14], "R": [[-0.16584981250220282, 0.9426596846185186, 0.28963176394846446], [-0.2635473723156111, 0.2406482974881899, -0.9341473007302286], [-0.9502823907862972, -0.2312598450033005, 0.20852400785168262]], "T": [0.010481064749208312, -0.17455524261356986, 0.0189120235521814], "aligned_model": [[-0.44257659426746127, 0.2188101815356882, -0.5867879307296581, -0.614084118406686, -0.16464521314867284, 0.4316330771479653, 0.7484352793394906, 0.45494995875601185, 0.020388691644875022, 0.0475613324647118, -0.4795615516151185, 0.020388691644875022, 0.6332336366516115, 0.29930918684621666, 0.0030884984172556765], [-0.48794957849876014, -0.8145999918443505, 0.0003918489988088414, -0.5589443443855076, 0.21323629683871442, -0.3022458207210767, -0.34813900523571284, 0.27439395386870363, 0.5960191438138767, -0.6679411303162749, 0.3805492507607107, 0.5960191438138767, 0.39752945328949446, -0.15816050270150153, -0.08517676207918806], [-0.5347574822227513, -0.0926737195986058, -0.19785062811671017, 0.10118035310151381, -0.5171195138868498, -0.6373108777668894, 0.030712665979970053, -0.4090851319352849, 0.4121229657702256, 0.42897350881638147, 0.27404751230775243, 0.4121229657702256, 0.12457061067321963, 0.6836126312668862, 0.023476697448668545]], "inverted": false, "swapped": false, "error_lsq": 0.052465729799204656, "error_max": 0.3251336222969812, "target": "1194.xyz", "model": "1.xyz", "model_rescale": 4.316132596720782, "target_rescale": 4.1488741306354155},
{"mapping": [6, 5, 1, 11, 9, 12, 3, 8, 0, 7, 2, 14], "R": [[-0.20415393654529962, -0.08485866749673854, -0.9752539037316057], [-0.7570340949905876, 0.6453133740452226, 0.10232315622650162], [0.6206613804763756, 0.7591901315408736, -0.1959841701671622]], "T": [-0.0564107098152271, 0.10153888707376708, -0.022372891138796848], "aligned_model": [[-0.21385392255522595, 0.4413747872267858, 0.09837392385602124, -0.6034542982332705, -0.42925362179334425, -0.46291013419169624, -0.004269889075337027, -0.2672108337297927, 0.6545649722003525, 0.1524970325666511, 0.2590478855402637, -0.027097347179627352], [-0.6424245605696594, -0.43543221143000405, -0.49711045581908747, 0.40782230992091556, -0.21319808352522257, -0.14882181908713393, 0.39179794463638745, 0.5980654964141747, -0.06289709420669241, -0.13396175645812408, 0.639793417257746, 0.10914324060768066], [0.1535751129801151, 0.036963711602134415, -0.4880955643333686, 0.10715485104034575, -0.3969439371100146, 0.508356152357313, -0.7863510219467816, 0.5238931971422159, -0.5162923228347641, 0.589337451927739, -0.3108448980452993, 0.028505728429786055]], "inverted": false, "swapped": true, "error_lsq": 0.04586536885085299, "error_max": 0.29406165802977097, "target": "1194.xyz", "model": "2.xyz", "model_rescale": 3.795458400668931, "target_rescale": 4.1488741306354155},
{"mapping": [8, 4, 7, 1, 11, 9, 5, 2, 0, 3, 12, 14], "R": [[0.927832558400079, 0.2840096782102401, -0.2417958772512051], [-0.28675072616713954, 0.12855159764877105, -0.9493410913810518], [-0.23853881154936207, 0.9501647169964083, 0.2007143391981588]], "T": [0.04607017435215653, 0.08012253758937865, -0.004020448380524774], "aligned_model": [[-0.1374356143945884, -0.03710156035221798, -0.5998163359892221, 0.10771754027652021, 0.1161841374814178, 0.19742460155380465, -0.3068428219501787, 0.5737691869339007, 0.3551273381246929, 0.8436526306580674, -0.5262469631779366, 0.006871686579305786], [0.12686182544083746, -0.5169645046557441, -0.1401059433496206, 0.10012213483754669, 0.5368273683690721, 0.5465202505013081, -0.30178312761385234, -0.30569594410597545, -0.5264400655582997, 0.05120588644550572, 0.47055417166786156, 0.04466699331107025], [-0.7480117586112899, 0.013954598680835942, -0.0913278002355881, 0.7673656710686041, -0.4471326107627836, 0.36738186301657144, 0.5148722900974106, -0.21644929462896645, 0.5554860264235127, 0.17943969093340267, -0.17610128990057072, -0.030705955442038295]], "inverted": true, "swapped": true, "error_lsq": 0.04809506397766261, "error_max": 0.2619476700596444, "target": "1194.xyz", "model": "3.xyz", "model_rescale": 3.7530521520055578, "target_rescale": 4.1488741306354155},
{"mapping": [11, 3, 2, 0, 8, 1, 12, 9, 6, 5, 14], "R": [[0.188597159253645, -0.34599977470617604, 0.9190839283899653], [-0.13598597425438608, 0.9176619459790811, 0.3733689431486923], [-0.9725939164561644, -0.19539884545503694, 0.12601731971160915]], "T": [-0.015117602839252182, -0.15940741618839288, 0.01715783775635584], "aligned_model": [[-0.384950065336544, -0.1378181884602363, 0.32296473283561444, 0.4230354310569993, 0.1070129644405618, -0.1895104473504069, -0.2784106390661171, -0.5603482050279032, -0.302729331534068, 0.3088860406383154, 0.030067310248989815], [-0.6804499425030304, 0.06119957565376963, -0.2679337785500585, 0.5219663266047481, -0.9053411974906349, 0.5947909134884888, -0.43031664527790564, 0.11888535505774817, 0.22608973729252912, 0.4085830709772656, -0.18027005693857373], [-0.022620223899920334, -0.7618856087060681, -0.5713746816451393, -0.3295895614893058, 0.15150412047146053, 0.014167488245532855, 0.6228644907548562, -0.043268895261963966, 0.6318928335033852, 0.35190795294845667, 0.04923286232402244]], "inverted": true, "swapped": true, "error_lsq": 0.050845164561461445, "error_max": 0.29695060254407274, "target": "1194.xyz", "model": "4.xyz", "model_rescale": 3.7855080009869324, "target_rescale": 4.1488741306354155},
{"mapping": [5, 4, 10, 7, 3, 0, 1, 2, 14, 6, 8, 13, 12, 11, 16], "R": [[-0.26630173959264325, -0.9428734749873706, 0.20018240096265366], [0.9612035790707065, -0.2442755567070327, 0.12812935642207013], [-0.07191010409946996, 0.226537110780353, 0.9713443644597388]], "T": [-0.015570767807330702, 0.02690697903331872, 0.027189952975253968], "aligned_model": [[-0.291885986100064, 0.13229517384849893, -0.6974578576473789, -0.49395774104382395, -0.06620884159280477, 0.3360985157423968, 0.6690039442034372, 0.4010072118496635, 0.20201298739548695, -0.0651042840068635, -0.5681962643976851, 0.01701034822797305, 0.5480431823205941, 0.47031947925637685, -0.0028367417747019227], [-0.4325383536704601, -0.6965059346951719, 0.09049167440461325, -0.549696659931472, 0.14102041942505703, -0.4054239815069869, -0.2800533758506067, 0.35028807686281604, 0.6670216397715603, -0.4170434543168191, 0.12546896916711459, 0.25380370962562565, 0.27754565201898557, -0.16570951434459746, 0.07631308864215484], [-0.5791623629400534, -0.01535653236065158, -0.22171014203938139, 0.03379443979080875, -0.6560600112431854, -0.5186053739435753, -0.07398683880170831, -0.4901814223540908, 0.0025337344355874265, 0.5031432191349665, 0.45169021043424534, 0.7144482620554824, 0.31456572411007677, 0.6265611089274774, 0.010348542401755017]], "inverted": false, "swapped": false, "error_lsq": 0.03919639196872712, "error_max": 0.27679090234003406, "target": "1194.xyz", "model": "5.xyz", "model_rescale": 4.2253639853439635, "target_rescale": 4.1488741306354155},
{"mapping": [8, 2, 5, 7, 4, 1, 6, 12, 3, 10, 0, 9, 13, 14], "R": [[0.3098439895636099, 0.6682763689419514, 0.6763160480463747], [-0.6791296955738072, -0.3422695281734209, 0.6493338329963809], [0.6654168308069263, -0.6604984971956442, 0.3477961708834097]], "T": [0.09631768752349706, -0.020752894993412416, -0.047073170398163625], "aligned_model": [[0.7024591368545565, -0.1700762863953469, -0.40085220464839366, 0.21775487115730935, -0.27523029244332065, -0.4476334302830343, 0.12102259812901457, 0.6476159149009211, -0.30041148694019043, 0.2670801579929724, -0.7817477901404861, 0.09085774221145698, 0.5988809442961547, 0.10434227806616969], [-0.18573138322520127, 0.25924855720742057, -0.4936352207496853, -0.6973623021377255, -0.37177534251471434, 0.06844316594112601, -0.35732591431683214, -0.3507071246016082, 0.6771416964969242, 0.6168558378291903, -0.011520037470380148, 0.3425079329450547, 0.021765746480097728, -0.07280646524867646], [-0.48838558474305044, -0.6154758453048278, 0.21532652171993732, -0.01977367698682582, -0.367212071043421, 0.4964322767181223, 0.6567279001297979, 0.26404747127039085, -0.2088775935000345, -0.3758533801356115, -0.12054281474692534, 0.44930010248905794, 0.6599692309462276, -0.07412432788138869]], "inverted": false, "swapped": true, "error_lsq": 0.04308723653645196, "error_max": 0.3118213892065846, "target": "1194.xyz", "model": "6.xyz", "model_rescale": 3.89814844738969, "target_rescale": 4.1488741306354155},
{"mapping": [11, 12, 7, 10, 4, 6, 9, 2, 3, 1, 5, 0, 14], "R": [[-1.9425322623722874e-05, 0.7251225578850589, -0.6886198339206377], [0.8148919312609348, -0.399121476260581, -0.42030130567653323], [-0.5796129225513187, -0.5611589108566345, -0.5908887685323821]], "T": [-0.012785471148267523, 0.00534019097569069, -0.1290934858817629], "aligned_model": [[-0.13598159229392848, 0.0035045420068038693, 0.44034928354894454, -0.21669369396956054, 0.4542878654050593, -0.2839434933521885, -0.6220919830678417, 0.19587396708687985, -0.3892742116392363, -0.47554348215073, 0.11812354886154011, 0.017026414927031587, 0.04299463554144862], [-0.39048467490231076, 0.2736018005669888, 0.45377647021676804, -0.7022967880377146, 0.14716298396558158, 0.6943946162138903, 0.08386836731507599, -0.48323344997306916, -0.46433554512452924, 0.4647248127061282, 0.6530005412054865, 0.21259968407011712, 0.02100244724807308], [-0.6169346998249956, -0.7904299563028148, -0.3876787509134792, -0.09072049530079254, 0.22514142128735187, -0.37588287559478684, -0.1599733532282302, 0.3070317250627149, 0.426147453926959, 0.28810876658688644, 0.19191756274247945, 0.7268485514869647, -0.14130031909196153]], "inverted": false, "swapped": true, "error_lsq": 0.049836183666489994, "error_max": 0.2663040287128946, "target": "1194.xyz", "model": "7.xyz", "model_rescale": 3.7474275329858107, "target_rescale": 4.1488741306354155},
{"mapping": [2, 1, 4, 13, 8, 3, 0, 5, 9, 12, 13, 11, 7, 10, 14], "R": [[-0.9760241762935961, -0.16085371701711107, -0.14663863410502176], [-0.06504026129607565, -0.42738804799866414, 0.9017256904615892], [-0.20771752863190313, 0.8896434893538371, 0.40667909972038613]], "T": [0.12660716394544883, -0.09602091749355035, 0.027311873716553046], "aligned_model": [[-0.2426589396489591, 0.048164978091792876, -0.5729780100536503, -0.7097909488428366, -0.11839123321466136, 0.4943036995640272, 0.6082184059042991, 0.48677991934580755, 0.05407399417114446, -0.08538695843354593, -0.7097909488428366, 0.057043865692789714, 0.5568682974065308, 0.6481519249768939, 0.07553508016430918], [-0.49743282773681546, -0.8333053653615136, -0.01349095931467545, -0.16770085874194543, 0.2300578157456401, -0.15928688809127356, -0.539454230360122, 0.39255103564016225, 0.6619902762974352, -0.31697502054473903, -0.16770085874194543, 0.2874171422229227, 0.3964917667763043, -0.11494501481675402, -0.12323405737086743], [-0.6138593350108063, -0.09540848506871807, -0.31326885998570586, 0.348889254201235, -0.5193678871806529, -0.5850043939450499, -0.047726425078078845, -0.35294395713987237, 0.04963695957204924, 0.5629240423805596, 0.348889254201235, 0.5116837943384498, 0.217533441342584, 0.5776720289507569, 0.01237312602976812]], "inverted": false, "swapped": false, "error_lsq": 0.05040852859738134, "error_max": 0.31811710569975377, "target": "1194.xyz", "model": "8.xyz", "model_rescale": 4.019505241142653, "target_rescale": 4.1488741306354155},
{"mapping": [11, 2, 9, 13, 12, 6, 1, 8, 7, 4, 0, 5, 14], "R": [[0.9461102847281676, -0.32341750882867015, 0.016626608633246207], [-0.27520163241289863, -0.8300024183764171, -0.4851392037411276], [0.17070263808407266, 0.4544195203469549, -0.8742788507557425]], "T": [-0.12959373548447173, -0.09192150683738873, -0.017175969764923686], "aligned_model": [[-0.2690131328763558, -0.7815467516304645, 0.10205080857725993, 0.4928568885717194, 0.3551106299912891, 0.6454514626426442, 0.23733577762460867, -0.36479124497258447, 0.2568404749419697, -0.2512739251677756, -0.27427431030949856, 0.29568289840352885, -0.12472880405516519], [-0.6268821394103731, 0.09801834592240624, 0.06748874448869824, -0.4329591948109379, -0.6159736432878026, -0.030130820778864684, 0.5552845493955431, -0.7910833555902771, -0.30964522373275705, 0.15014450092058398, 0.7451013806468377, 0.36713512594243036, -0.11312004159142863], [-0.34001185990460064, 0.08925842546345497, -0.5642626568015481, -0.5177108189245512, -0.02233534846571824, -0.08583839615178412, -0.23100763271322336, 0.19551358336439584, 0.5087114001718008, 0.5216668228141127, 0.21722162932670808, 0.36760446982146094, 0.037893876043371556]], "inverted": false, "swapped": true, "error_lsq": 0.04189882740185345, "error_max": 0.20363234210300252, "target": "1194.xyz", "model": "9.xyz", "model_rescale": 3.877068213659057, "target_rescale": 4.1488741306354155},
{"mapping": [14, 2, 6, 13, 10, 9, 8, 11, 12, 4, 3, 5, 0, 1, 15], "R": [[-0.4832996115135428, 0.3509904190892507, -0.8020144707038712], [0.8746636175858429, 0.23253545398944875, -0.42531261292085754], [0.03721614679819607, -0.9070462988985033, -0.419382844274801]], "T": [0.0027292607342048678, -0.114641940536068, 0.019089763964349093], "aligned_model": [[-0.2854773240640083, 0.011023958739512528, -0.4971175140450975, -0.6542436771439383, -0.0785670572592432, 0.2637659156308413, 0.7427641680632955, 0.42980468318332565, -0.037137967330171086, -0.11321944436764761, -0.42775999345426785, 0.0825034817106009, 0.5583206040594255, 0.5331213715849248, 0.062361920973552885], [-0.4449935841843282, -0.7724886222034627, 0.208620057965374, -0.5000111522820082, 0.11333552341454614, -0.44342089520221195, -0.28810049360631995, 0.3348412393608994, 0.6301661745335363, -0.4862903756958419, 0.04447700979836913, 0.3093450366096028, 0.4317437449427656, -0.052855806770047226, -0.04938590107906049], [-0.6269182101787171, -0.06765295534801204, -0.14202962404476302, -0.1132568472417761, -0.647714528216822, -0.49023289179392854, -0.11351265724015515, -0.3811935491943679, 0.062294990111840406, 0.572735876723633, 0.45740643533442654, 0.6709076519675973, 0.18202219646227735, 0.7030293026846949, 0.03613736758182523]], "inverted": false, "swapped": false, "error_lsq": 0.04378917852786748, "error_max": 0.26758376834073333, "target": "1194.xyz", "model": "10.xyz", "model_rescale": 4.260839863003843, "target_rescale": 4.1488741306354155},
{"mapping": [12, 8, 2, 4, 0, 5, 6, 11, 10, 3, 9, 14], "R": [[-0.32694318554834134, -0.3162638954106266, -0.8905533683520594], [-0.5318344896459675, 0.8405304750918263, -0.10325016254186625], [0.7811915444028539, 0.43987005911019306, -0.44300575848613877]], "T": [0.02710611492211107, 0.018535011940347824, -0.0946147879120563], "aligned_model": [[0.5487514594293592, 0.40027201250548944, -0.3281706029898114, -0.5018183743028046, -0.7973812840147616, -0.4614989890167595, 0.1903308890094369, 0.6028055435361668, 0.23677933286417183, -0.21433266524295339, 0.2702343704360891, 0.01292695688050741], [0.1343392522919853, -0.5956912656957227, -0.4332605601232216, -0.16019173426429795, 0.23625625308500683, 0.43216635382533636, 0.6776975160395233, -0.23473184853481213, -0.352121931584436, -0.009102191849519936, 0.4870350844053296, -0.009316422062237081], [-0.5679762727083753, -0.3645319936871703, 0.28235653485584916, -0.3227577489625435, 0.1274212621176462, -0.4549248759388204, -0.47943960927193163, 0.02484116218163604, 0.507424841765401, 0.6874178651380034, 0.22125068919039587, -0.1449037772845858]], "inverted": true, "swapped": true, "error_lsq": 0.05483163143657232, "error_max": 0.28966545814195027, "target": "1194.xyz", "model": "11.xyz", "model_rescale": 3.890672605050136, "target_rescale": 4.1488741306354155},
{"mapping": [10, 11, 13, 3, 9, 4, 8, 0, 2, 7, 6, 12, 5, 14], "R": [[0.32086210702722756, 0.7522056833079838, -0.5755294243331243], [-0.9098050479589472, 0.07588824297194924, -0.4080389065849579], [-0.26325326775268254, 0.6545437988231191, 0.7087101893155866]], "T": [0.07635142784570452, -0.042231347675052995, 0.08954131524237732], "aligned_model": [[0.422418513562595, 0.14203510768699507, 0.34732633690359904, 0.67513247060321, 0.6259410532430166, -0.2973898196194342, -0.4061205318202006, 0.23557280083512233, 0.09598052247679731, -0.5107904782872466, 0.12559831181914585, -0.17072910434266386, -0.09246631714047272, 0.017366968873230214], [-0.4262764423039177, 0.11570117407307218, 0.7625630017697099, -0.6006353756858748, 0.2320592114704636, -0.37118550410522305, -0.0328087210221888, -0.5491453925050892, -0.7221439409184324, 0.2623407990454601, 0.641577253345566, 0.5933349384763142, 0.06948603730794664, -0.04271451912004153], [-0.43633707496053686, -0.5273757225439574, -0.09257203680074652, 0.0728747507206851, 0.1225655332256281, 0.4299237746878356, -0.5075466409872045, 0.7925126680736787, -0.009361301552763851, 0.27873098528339746, 0.46264749102876723, -0.12165122567550671, 0.7957063023303012, 0.09467293252728348]], "inverted": true, "swapped": true, "error_lsq": 0.03985463872807289, "error_max": 0.2285630525398119, "target": "1194.xyz", "model": "12.xyz", "model_rescale": 4.124412569039231, "target_rescale": 4.1488741306354155},
{"mapping": [2, 8, 7, 10, 4, 0, 11, 1, 12, 9, 5, 6, 14], "R": [[-0.5943132565034763, 0.17850137916472944, 0.7841740946884961], [-0.6964989122400376, -0.6017418962158803, -0.3908912324252889], [0.402095782609912, -0.7784882452386845, 0.4819492023362173]], "T": [0.028894925783302647, 0.10507466423700472, 0.01941192656992676], "aligned_model": [[-0.22235729716839503, -0.21894033645941124, 0.555211537571396, -0.6727676569502818, 0.4237816779885826, 0.4120856388360945, -0.4789058627893017, 0.33691675984649117, 0.12816083493651753, -0.158512853922056, 0.7262253616581978, 0.47341578155376735, 0.06298472240815657], [-0.36380473728781004, 0.6208866122593037, 0.5053943239989841, -0.08174340152054387, -0.13816109127463505, -0.6884076944014693, 0.4942696537860197, -0.30300837036349104, 0.7946017202081949, 0.046065250494038604, -0.07953734436176833, 0.4121083258385306, 0.12882212913312305], [0.45469642055456444, 0.5311713644876297, 0.20922113580267546, 0.14813556117417342, 0.40496918037416985, 0.025125185155903472, 0.04197911445996413, -0.5618175578042633, -0.1364543660714587, -0.5634867604673168, -0.11950482404784604, -0.5439345176803833, 0.06159814503002614]], "inverted": true, "swapped": true, "error_lsq": 0.04534561000677324, "error_max": 0.2596428132489497, "target": "1194.xyz", "model": "13.xyz", "model_rescale": 3.9028299243045295, "target_rescale": 4.1488741306354155},
{"mapping": [2, 8, 3, 0, 6, 1, 12, 11, 7, 5, 4, 10, 14, 13, 15], "R": [[0.4179201856776599, 0.8831945587325939, 0.212861668292553], [-0.7121687596980982, 0.17301804143630028, 0.6803531546539777], [0.5640552952621071, -0.43592674701454753, 0.7012913054673442]], "T": [0.016974009904232683, -0.0793045225517287, -0.03732960168129926], "aligned_model": [[-0.201000982759705, -0.046338366480950174, -0.5605557278900671, -0.6915780923763254, -0.12085043447867981, 0.28591017855969025, 0.588727027370223, 0.6695002492343783, -0.2612975281341423, 0.048249338984323736, -0.47064902158937366, 0.0699054298555891, 0.7140623182944194, 0.5413951455242173, 0.024663592167507305], [-0.5778255337879168, -0.8361924923709239, 0.07071798445369065, -0.5015829986551614, 0.2861909440228745, -0.0950427430438816, -0.47406257966745025, 0.11548662180995914, 0.7685152024828954, -0.34061371472802215, 0.013011526044428678, 0.37882752855482366, 0.38825248313553373, -0.19413566738600496, 0.033435394736968035], [-0.5334278515119041, 0.10273932312738851, -0.21800083512261711, 0.04544247222223899, -0.5775385878090677, -0.628620055982288, 0.0014628244047519001, -0.323900021302459, 0.11885817247897876, 0.401807271662602, 0.42425982650275895, 0.5480471065842506, 0.2428649548707896, 0.5495670097302242, -0.051539052247894845]], "inverted": false, "swapped": false, "error_lsq": 0.04749118448892596, "error_max": 0.2982378747330279, "target": "1194.xyz", "model": "14.xyz", "model_rescale": 3.942246331269136, "target_rescale": 4.1488741306354155},
{"mapping": [7, 2, 6, 9, 8, 0, 1, 12, 13, 5, 10, 4, 12, 3, 14], "R": [[0.4605508266148838, 0.8495830340479918, 0.25710232274749245], [-0.007010698685661343, 0.2931217967574381, -0.956049403728505], [-0.8876056479136927, 0.4385068762556634, 0.14095365645563854]], "T": [-0.07262376955465119, -0.0073491288155569795, 0.059055156426910976], "aligned_model": [[-0.4139922052976944, 0.058385099084289405, -0.5501632349790633, -0.6609699316458152, -0.15786817971876652, 0.23961735668247872, 0.6850262172049815, 0.6737809137526672, 0.20824831960849957, 0.15461095021313326, -0.6155436510757045, -0.11407873905061718, 0.6737809137526672, 0.41252258092896343, -0.003213283178914353], [-0.5025388595416869, -0.7173235041095899, 0.010866586519685459, -0.5502997172600332, 0.20100454698470666, -0.3452188720456812, -0.2812377487281104, 0.31944299860152015, 0.7554925471924239, -0.5412629625072886, 0.07208005828605059, 0.36208489348502126, 0.31944299860152015, -0.015972157213093238, -0.05157885266363164], [-0.5485913113409595, -0.18877741085043173, -0.23148509210229543, 0.14400077545906761, -0.6813251935311913, -0.5145884599099538, 0.14619273285719483, -0.005467803501092411, 0.04841122013538682, 0.31611537994227423, 0.5150480538811422, 0.5123364880450453, -0.005467803501092411, 0.5892500191843045, 0.00637096284035394]], "inverted": true, "swapped": false, "error_lsq": 0.047087747571136734, "error_max": 0.3779762163298969, "target": "1194.xyz", "model": "15.xyz", "model_rescale": 4.355366556412066, "target_rescale": 4.1488741306354155},
{"mapping": [6, 5, 1, 11, 9, 12, 3, 8, 0, 7, 2, 14], "R": [[-0.20415393654529962, -0.08485866749673854, -0.9752539037316057], [-0.7570340949905876, 0.6453133740452226, 0.10232315622650162], [0.6206613804763756, 0.7591901315408736, -0.1959841701671622]], "T": [-0.0564107098152271, 0.10153888707376708, -0.022372891138796848], "aligned_model": [[-0.21385392255522595, 0.4413747872267858, 0.09837392385602124, -0.6034542982332705, -0.42925362179334425, -0.46291013419169624, -0.004269889075337027, -0.2672108337297927, 0.6545649722003525, 0.1524970325666511, 0.2590478855402637, -0.027097347179627352], [-0.6424245605696594, -0.43543221143000405, -0.49711045581908747, 0.40782230992091556, -0.21319808352522257, -0.14882181908713393, 0.39179794463638745, 0.5980654964141747, -0.06289709420669241, -0.13396175645812408, 0.639793417257746, 0.10914324060768066], [0.1535751129801151, 0.036963711602134415, -0.4880955643333686, 0.10715485104034575, -0.3969439371100146, 0.508356152357313, -0.7863510219467816, 0.5238931971422159, -0.5162923228347641, 0.589337451927739, -0.3108448980452993, 0.028505728429786055]], "inverted": false, "swapped": true, "error_lsq": 0.04586536885085299, "error_max": 0.29406165802977097, "target": "1194.xyz", "model": "16.xyz", "model_rescale": 3.795458400668931, "target_rescale": 4.1488741306354155},
{"mapping": [11, 12, 7, 10, 4, 6, 9, 2, 3, 1, 5, 0, 14], "R": [[-1.9425322623722874e-05, 0.7251225578850589, -0.6886198339206377], [0.8148919312609348, -0.399121476260581, -0.42030130567653323], [-0.5796129225513187, -0.5611589108566345, -0.5908887685323821]], "T": [-0.012785471148267523, 0.00534019097569069, -0.1290934858817629], "aligned_model": [[-0.13598159229392848, 0.0035045420068038693, 0.44034928354894454, -0.21669369396956054, 0.4542878654050593, -0.2839434933521885, -0.6220919830678417, 0.19587396708687985, -0.3892742116392363, -0.47554348215073, 0.11812354886154011, 0.017026414927031587, 0.04299463554144862], [-0.39048467490231076, 0.2736018005669888, 0.45377647021676804, -0.7022967880377146, 0.14716298396558158, 0.6943946162138903, 0.08386836731507599, -0.48323344997306916, -0.46433554512452924, 0.4647248127061282, 0.6530005412054865, 0.21259968407011712, 0.02100244724807308], [-0.6169346998249956, -0.7904299563028148, -0.3876787509134792, -0.09072049530079254, 0.22514142128735187, -0.37588287559478684, -0.1599733532282302, 0.3070317250627149, 0.426147453926959, 0.28810876658688644, 0.19191756274247945, 0.7268485514869647, -0.14130031909196153]], "inverted": false, "swapped": true, "error_lsq": 0.049836183666489994, "error_max": 0.2663040287128946, "target": "1194.xyz", "model": "17.xyz", "model_rescale": 3.7474275329858107, "target_rescale": 4.1488741306354155},
{"mapping": [8, 2, 10, 4, 12, 6, 11, 3, 7, 9, 5, 0, 1, 14], "R": [[-0.37652969335724856, 0.42903196075833683, 0.8210706222172081], [-0.7829748453905097, -0.6210947807690625, -0.034520498071978656], [0.49515228112773924, -0.6558756360387897, 0.5697818604911087]], "T": [0.08453867179394806, -0.08369542415674246, 0.0058825602572432495], "aligned_model": [[0.5278881011684806, 0.2122434247397057, 0.6994122418890203, -0.3308165149380048, 0.1953169008755251, -0.2884224723656892, 0.6893606926123906, 0.2850169574050734, -0.26855162657884124, 0.19051913854390773, -0.6448510963585172, -0.5281913629099545, -0.3877351692579116, 0.06365843305769192], [-0.5613992575376948, 0.36964442103624306, 0.30067564517510237, -0.04476731825104785, -0.735530440715667, -0.4299061388029394, -0.2838277504283088, 0.7101627995028859, -0.6581968426574443, 0.12131973513786072, -0.11871243739881912, 0.5299615259932412, 0.2844011335317304, -0.12341683307390891], [-0.39985422175510593, -0.49473969679028656, -0.12824617516778836, -0.4296840215796574, 0.2750198448672675, 0.5977151403270785, 0.06897799470782502, -0.009255067160402128, -0.13038153289022902, 0.5760681364348526, 0.08596732170811126, -0.15054336300494503, 0.4964936793427225, -0.03274332037778825]], "inverted": false, "swapped": true, "error_lsq": 0.03813270848817403, "error_max": 0.2280483506548242, "target": "1194.xyz", "model": "18.xyz", "model_rescale": 3.922800546911778, "target_rescale": 4.1488741306354155},
{"mapping": [3, 9, 5, 0, 12, 7, 11, 13, 8, 2, 1, 6, 4, 10, 14], "R": [[0.7123399219250834, -0.39053827307139355, 0.5831395140943376], [-0.6577239610540118, -0.6613880196855493, 0.3605066968474353], [0.24488982560977757, -0.6403481433430112, -0.7279994702126997]], "T": [0.008204988134477752, 0.016744817334327852, 0.016759197217781234], "aligned_model": [[-0.2448060490223494, 0.26108684527188714, -0.6619522076640065, -0.7179827188922807, -0.15518247628034923, 0.3468704659673544, 0.6929283564883719, 0.48573659403083164, -0.07846601296297137, -0.09028885895382119, -0.48857410122244144, 0.09718821960287971, 0.6002415989438904, 0.4986863720480775, 0.04465709892603276], [-0.4315595759663822, -0.7546693161933677, 0.25623590039325034, -0.390769813111024, 0.11721152433829539, -0.39813825161157673, -0.1625175240958034, 0.3333071388098482, 0.6224500042736707, -0.5771976317912643, 0.06933077501922592, 0.35260329165740706, 0.3154162989072659, -0.2703939423077376, -0.04632692271999439], [-0.3629220238206239, 0.07770332605258695, -0.25904340291588585, -0.05413421441606043, -0.7460153578260967, -0.5760213290184579, -0.06237697999523124, -0.362141329058264, 0.016893752636229505, 0.40490902911292254, 0.563045090654467, 0.612618947205919, 0.30685424482889684, 0.5891052394061782, -0.046452435238827035]], "inverted": false, "swapped": false, "error_lsq": 0.04516387886101877, "error_max": 0.28566629620832457, "target": "1194.xyz", "model": "19.xyz", "model_rescale": 3.9282355846067225, "target_rescale": 4.1488741306354155},
{"mapping": [13, 6, 5, 12, 11, 7, 8, 4, 10, 3, 1, 9, 0, 14], "R": [[0.18885577098391465, 0.06328153864520664, 0.9799637465910496], [0.8200336177462633, -0.5591771253462514, -0.12192542087472386], [0.5402576825294083, 0.8266295357390747, -0.15749681619561412]], "T": [-0.0006070798551549017, 0.007190496640339328, 0.0110044757018779], "aligned_model": [[-0.7053105099098798, -0.15466261530112116, 0.49758971819262576, -0.39320258241097333, -0.5434120583870936, 0.22418037195495172, -0.19576768276812911, 0.5897980833166687, -0.30150112120894307, 0.031581066091204785, 0.14052671067141304, -0.3839393097790695, 0.696569389098171, 0.03007335952485104], [-0.48931409833624584, -0.751621320907481, -0.5325235831978015, -0.2996224206710161, 0.29706191665801973, -0.29297456156770124, 0.4413914735393428, 0.05536983210406708, 0.6121253805869812, 0.3785629614166547, -0.537316940465912, -0.26550687763950465, -0.10201862206004181, 0.00926894796547466], [-0.09465006544888967, -0.0874800122596512, 0.023568573677999177, -0.5002001682147448, -0.16557687629248258, -0.5657659128283322, -0.5912943338286679, -0.10237131854869391, 0.30650017088157366, 0.7401669992204227, 0.5428219547319223, 0.4073215327617036, 0.5387358059206852, -0.03959319252916145]], "inverted": true, "swapped": true, "error_lsq": 0.048915175383314954, "error_max": 0.2782741434400366, "target": "1194.xyz", "model": "20.xyz", "model_rescale": 4.067790424073018, "target_rescale": 4.1488741306354155},
{"mapping": [10, 13, 9, 1, 12, 11, 6, 3, 0, 5, 7, 8, 2, 4, 14], "R": [[0.5528470523592078, 0.8328079501165586, -0.0281256985760589], [-0.4498926566356829, 0.326724944098276, 0.8311723096983359], [0.7013962747285043, -0.44685761616720177, 0.5553031034222146]], "T": [0.09189013933743903, -0.07028454639058271, 0.03460622939844102], "aligned_model": [[-0.38876948114195986, -0.005507125662293139, -0.6089149281580838, -0.6388448933577074, -0.11308518635321285, 0.2900849206514393, 0.8015736957378927, 0.605156106188559, 0.0390564833125305, 0.06640753748124634, -0.5259905745841595, -0.12456765070201636, 0.6330850008719351, 0.5150207939448989, 0.04543842805203683], [-0.5100747106164534, -0.7422289305554352, -0.007866095546809837, -0.3832583121291111, 0.22351396807095106, -0.2755828395663189, -0.27976656169466696, 0.37434108783251363, 0.6268067825982665, -0.4828565581712887, 0.2725504091828105, 0.013504466566115786, 0.3948620372766135, -0.09104331693060566, -0.09791947071476766], [-0.462221469350784, -0.13606310714766248, -0.2955847665959226, 0.2380241126591977, -0.6426539980296095, -0.54556934183683, 0.039447482781120896, -0.47784972901643996, 0.16002677540491012, 0.4560336762451619, 0.27408811558090684, 0.5554644857062688, 0.2454822808844405, 0.7150487452022437, -0.021650704879248334]], "inverted": true, "swapped": false, "error_lsq": 0.0423720306255623, "error_max": 0.34002839498402937, "target": "1194.xyz", "model": "21.xyz", "model_rescale": 4.186013935880536, "target_rescale": 4.1488741306354155},
{"mapping": [4, 7, 5, 3, 10, 0, 2, 8, 6, 12, 11, 9, 14], "R": [[-0.1085354992152234, -0.9675260534795174, -0.22828355448532053], [0.9363084864207145, -0.17664695990641902, 0.3035165066555206], [-0.3339857237467687, -0.18080151380497356, 0.925075320684309]], "T": [-0.008451008178405058, -0.018725198937519772, 0.031186512000379092], "aligned_model": [[0.055511752136421115, -0.2701350266259725, 0.4130300571701804, 0.4228909763805736, -0.14759574276304188, 0.6909366564588331, 0.008679968185319215, -0.7717826344845088, 0.22761009911230115, -0.40158883616021723, -0.4585691796198853, 0.33127846131258154, -0.041692515679359034], [-0.2967248237667819, 0.3061546121179676, 0.19438087743151802, -0.5692280753506866, -0.47342641853096734, -0.41564378341192953, -0.7056327646146823, -0.10062042417678706, 0.7128362193036383, 0.5771115975371988, 0.047266497697989476, 0.26135253911678075, -0.018869393807164913], [-0.5002065154993421, -0.5158666157699416, -0.5314756476351883, 0.4572407872458968, 0.5948235295436612, -0.3290835939148275, 0.04886953437214354, 0.031111710894396467, -0.10416754884186288, 0.027094691553560403, 0.48161118544492537, 0.4607386210161335, -0.017810577074208724]], "inverted": false, "swapped": true, "error_lsq": 0.04796912951829232, "error_max": 0.29145283273152384, "target": "1194.xyz", "model": "22.xyz", "model_rescale": 4.166573947596378, "target_rescale": 4.1488741306354155},
{"mapping": [4, 0, 3, 8, 2, 1, 5, 6, 12, 7, 9, 14, 13, 13, 15], "R": [[0.2797788211281299, -0.9501381164628564, 0.13770029372724366], [-0.9513046230993281, -0.2936907631412254, -0.09362291234185058], [0.1293960019397781, -0.10480121797927708, -0.986039238261876]], "T": [-0.09789565783308152, 0.028925553282758032, 0.0058038278355073995], "aligned_model": [[-0.39798022352020884, 0.09585450258169392, -0.6085163522552164, -0.6289607436352741, -0.09647940253891418, 0.31250587030870525, 0.6699956747670424, 0.4532796663538695, 0.06311020672925632, 0.1993287161308428, -0.5767904175037035, 0.06954690951166981, 0.5402657662959749, 0.5402657662959749, -0.045282813240607976], [-0.4620317772825416, -0.7339138187267763, 0.07526967506560175, -0.5588189210537221, 0.12432226563158746, -0.26250678678610895, -0.28328423165039873, 0.31825219773824337, 0.6639371961407341, -0.5300627570001991, 0.18439470794374274, 0.4715049521333003, 0.013525409459986051, 0.013525409459986051, 0.0008684345283781585], [-0.4511027997867639, -0.21166509106869472, -0.30811555802668783, 0.16891559243276202, -0.660309301207201, -0.49891078234336544, 0.06849300322443069, -0.43192152759001756, 0.020591668805883177, 0.3383386202091376, 0.3328180743005657, 0.6398891734904409, 0.5619746390253398, 0.5619746390253398, -0.028947792883416392]], "inverted": true, "swapped": false, "error_lsq": 0.04362905719098809, "error_max": 0.39967918613225867, "target": "1194.xyz", "model": "23.xyz", "model_rescale": 4.274766983524099, "target_rescale": 4.1488741306354155},
{"mapping": [2, 4, 1, 9, 6, 13, 11, 12, 8, 7, 14], "R": [[0.4057776164239115, -0.8110122153414977, 0.42143055486782777], [-0.43541684800719016, 0.23387444268896318, 0.8693186490168092], [-0.8035898795286142, -0.5362480131653666, -0.25822736860252526]], "T": [0.025617048334962728, 0.0703914835557613, -0.12971275120428874], "aligned_model": [[0.454737438578139, 0.3784742311362067, -0.5879106082389822, -0.5479095175279636, -0.5485602050106683, -0.5934360788920401, 0.09211460553067738, -0.1073465661499389, 0.5708822552432113, 0.20207040455563047, 0.06677874473380337], [-0.0663638594900717, 0.5252107134449797, 0.4093470973881874, -0.13925759816919714, 0.4177530251650824, -0.16869616556396805, -0.4959785830520729, 0.03602162355192717, -0.23283991105133217, 0.528116955378614, 0.10227323364133449], [-0.6489447130882436, -0.30967066977463054, -0.4582395132262794, -0.20380193351509196, 0.2688949732217155, 0.43055231190281396, 0.1612282759333791, 0.5708120326288805, 0.31763340189335354, 0.35261923743902746, -0.10151696939334709]], "inverted": true, "swapped": true, "error_lsq": 0.04751934100017823, "error_max": 0.21554728865528788, "target": "1194.xyz", "model": "24.xyz", "model_rescale": 3.7841303162186577, "target_rescale": 4.1488741306354155},
{"mapping": [2, 5, 8, 1, 9, 12, 13, 14, 10, 3, 0, 7, 11, 11, 15], "R": [[-0.23243225715165416, -0.488440496110097, -0.8410714164653975], [-0.01955878794631094, -0.8622326359489894, 0.5061347007650524], [-0.9724159087805275, 0.13409236840394825, 0.19085737367563577]], "T": [-0.06345015211765279, -0.05305238074607041, 0.03898521326412675], "aligned_model": [[-0.34477529554367625, 0.10590428002023147, -0.612294349000522, -0.7634432888069974, -0.01908051706996508, 0.3772593478469083, 0.7106841611216285, 0.46289434375613336, 0.09452052829011279, 0.36850183553053906, -0.6228224619007302, -0.11273459117241183, 0.4967433560051796, 0.4967433560051796, -0.04795757880050477], [-0.4616827956210424, -0.8356841239233525, -0.041756316719426756, -0.22407646610647305, 0.10962086041769334, -0.35108435880440114, -0.1598148300479407, 0.2709197179314866, 0.7081357472794446, -0.6904776156448557, 0.30482115186859204, 0.33228127168414345, 0.08373961501725641, 0.08373961501725641, -0.09369951674656757], [-0.5290556088980287, -0.3189887750789192, -0.18033243336825783, 0.22282417708206748, -0.5211125109065173, -0.5014997385372728, 0.002683123026059317, -0.45830998403058965, 0.009102054767768625, 0.275857410691677, 0.3557802622365508, 0.5604203295270308, 0.5458370185433487, 0.5458370185433487, 0.09298021400948708]], "inverted": true, "swapped": false, "error_lsq": 0.05374047409977524, "error_max": 0.3922090933345978, "target": "1194.xyz", "model": "25.xyz", "model_rescale": 4.19342608120988, "target_rescale": 4.1488741306354155},
{"mapping": [6, 5, 1, 11, 9, 12, 3, 8, 0, 7, 2, 14], "R": [[-0.20415393654529962, -0.08485866749673854, -0.9752539037316057], [-0.7570340949905876, 0.6453133740452226, 0.10232315622650162], [0.6206613804763756, 0.7591901315408736, -0.1959841701671622]], "T": [-0.0564107098152271, 0.10153888707376708, -0.022372891138796848], "aligned_model": [[-0.21385392255522595, 0.4413747872267858, 0.09837392385602124, -0.6034542982332705, -0.42925362179334425, -0.46291013419169624, -0.004269889075337027, -0.2672108337297927, 0.6545649722003525, 0.1524970325666511, 0.2590478855402637, -0.027097347179627352], [-0.6424245605696594, -0.43543221143000405, -0.49711045581908747, 0.40782230992091556, -0.21319808352522257, -0.14882181908713393, 0.39179794463638745, 0.5980654964141747, -0.06289709420669241, -0.13396175645812408, 0.639793417257746, 0.10914324060768066], [0.1535751129801151, 0.036963711602134415, -0.4880955643333686, 0.10715485104034575, -0.3969439371100146, 0.508356152357313, -0.7863510219467816, 0.5238931971422159, -0.5162923228347641, 0.589337451927739, -0.3108448980452993, 0.028505728429786055]], "inverted": false, "swapped": true, "error_lsq": 0.04586536885085299, "error_max": 0.29406165802977097, "target": "1194.xyz", "model": "26.xyz", "model_rescale": 3.795458400668931, "target_rescale": 4.1488741306354155},
