[{"mapping": [10, 1, 12, 0, 9, 4, 11, 3, 6, 8, 5, 13], "R": [[0.5761437062258656, -0.6051720366813595, -0.5493862355349457], [0.8147372699195572, 0.3715344831732929, 0.44515762244083923], [-0.06528101393475733, -0.7040802041188842, 0.7071134671236013]], "T": [-0.015762192788362703, 0.16403285546337149, -0.10105580380368348], "aligned_model": [[0.12945733440369261, -0.58810133224543, -0.3517581486629903, -0.36564352046206167, 0.17350807545945457, 0.8771766150182472, 0.19692467053560736, -0.05803565041847415, 0.45459545775188587, 0.6706111343707691, -0.15869404367168788, 0.11001032048967337], [-0.8241335551595905, 0.23626035566543185, -0.2926063670861951, 0.1702161880766438, -0.32069187896315504, 0.38917980621413256, -0.23791975371631985, 0.6795501635046037, 0.7414557001288726, 0.09987865455416735, 0.4135328070123674, 0.060491610556909936], [0.03261303504918053, -0.11703113112667501, -0.21813332529619084, -0.7887746835239585, -0.6167707145409619, -0.35673795549133036, 0.42834030402705026, -0.176256639488194, 0.07183960742608572, 0.266850469441154, 0.5987452540847088, -0.10164551758648084]], "inverted": true, "swapped": false, "error_lsq": 0.04529930138398825, "error_max": 0.2426155409308274, "target": "1196.xyz", "model": "0.xyz", "model_rescale": 3.8414455957264533, "target_rescale": 3.9701832731847815},
{"mapping": [1, 2, 4, 7, 0, 13, 5, 9, 8, 12, 10, 14], "R": [[-0.10116692343712752, 0.9812855849475133, -0.1638409423083358], [0.7801822368902989, 0.180440178379768, 0.5989632870778705], [0.6173175283783188, -0.06723051985887468, -0.7838361604036839]], "T": [0.056959848890107925, 0.09362207164947553, -0.06759923339488232], "aligned_model": [[0.32140671031133883, -0.6750383051034785, -0.29301626027900746, -0.18269997264904758, 0.21244051683529158, 0.6428113597600138, -0.36869337581227163, -0.0044833426046037225, 0.4887633761939486, 0.7117692356048572, 0.15002679464380314, 0.08676417566784209], [-0.7192097216068576, 0.1831204466290337, -0.27552426009569986, 0.1877343397427497, -0.293870929716214, 0.3691867326923719, -0.01788377598316465, 0.6736184310144372, 0.7079215371079568, 0.14652390389612122, 0.12906841605717265, 0.024528611049962207], [0.06608032571905238, -0.09541058079896576, -0.26012181289692216, -0.6563785240202249, -0.6602140368676747, -0.4621738466622494, 0.42302135649784295, -0.4216312055891688, 0.1783362826371801, 0.3206218467672784, 0.6095000212839277, -0.01859112309568793]], "inverted": false, "swapped": false, "error_lsq": 0.055417450086112034, "error_max": 0.39935711782000766, "target": "1196.xyz", "model": "1.xyz", "model_rescale": 4.316132596720782, "target_rescale": 3.9701832731847815},
{"mapping": [7, 4, 5, 0, 9, 1, 3, 2, 8, 10, 6, 11], "R": [[0.9135550419778726, 0.3470200854229266, 0.21211847064758968], [0.3682102169956344, -0.4841685409085721, -0.7937266910558649], [-0.17273801369946182, 0.8032172086724296, -0.5700909526695153]], "T": [0.13082197593412287, 0.06936270127723348, -0.11422250529801209], "aligned_model": [[0.29453081679365817, -0.5721018923905341, -0.25651506066145136, -0.26658650697037817, 0.48080896593061095, 0.45391359765770894, -0.20333849601101517, -0.03840228837415585, 0.5504964786273121, 0.6347046094423787, -0.03379037523861178, 0.04633106376316398], [-0.774254150148076, 0.3412920583153351, -0.3761551442890621, 0.21163059773800905, -0.38096191374149657, 0.3063917889452752, -0.29795519598359543, 0.866152413554987, 0.6749065463715325, 0.05413895040632148, 0.3740190535896656, 0.11600872602897361], [0.13471753405972436, 0.047895326099673036, -0.3735365066175003, -0.68495922388077, -0.5882144389566382, -0.4803185022388231, 0.31523220730903, -0.30713363645082714, 0.09607746919206647, 0.2640714645818875, 0.6315544344343571, -0.03234742455779191]], "inverted": false, "swapped": false, "error_lsq": 0.0509152468372722, "error_max": 0.33581514718440075, "target": "1196.xyz", "model": "2.xyz", "model_rescale": 3.795458400668931, "target_rescale": 3.9701832731847815},
{"mapping": [3, 10, 5, 4, 9, 7, 6, 0, 1, 8, 2, 11], "R": [[-0.5883751922002223, 0.7996655856399859, -0.11978975058998229], [0.3138389759163194, 0.3623800187604348, 0.8776023126672942], [0.7451977793842033, 0.4787647367405473, -0.46418164166046794]], "T": [0.06058703800044195, 0.1614136653779707, -0.06779037188296881], "aligned_model": [[0.23742040135592984, -0.6709963593505437, -0.2992818393835558, -0.2747967303949231, 0.3997213004387267, 0.5895963134051729, 0.19791503877922823, -0.010031589706692351, 0.4157775909125152, 0.7249254877795536, -0.2936724009197445, 0.07347369965301893], [-0.5963231794839379, 0.221375104611134, -0.40812299177835226, 0.26562498454877337, -0.48132885925282803, 0.3217943959174017, -0.12357791478545965, 0.905757026552426, 0.5512806682667155, -0.16490394754359777, 0.3666492122409368, 0.25698923149465697], [0.1100715438805671, -0.08197113087677829, -0.2676578349548914, -0.604085497888419, -0.5436313556989292, -0.5947908504628009, 0.4294189563269479, -0.2983850688558537, 0.27588423168880294, 0.18267754357446375, 0.5803638780103666, -0.1648557117690876]], "inverted": true, "swapped": false, "error_lsq": 0.058492442347866436, "error_max": 0.35017055450141327, "target": "1196.xyz", "model": "3.xyz", "model_rescale": 3.7530521520055578, "target_rescale": 3.9701832731847815},
{"mapping": [3, 5, 7, 8, 1, 9, 2, 4, 0, 6, 11], "R": [[0.35185272812911567, -0.6121306781069676, -0.7081636044223132], [-0.8132710316540036, 0.17466255904768918, -0.5550524475572962], [0.46345429848101655, 0.77122566307613, -0.43637265018817617]], "T": [0.03860810173235902, -0.03106388993341762, 0.16902100620342453], "aligned_model": [[-0.19870700005462555, -0.2807135390748758, 0.39529836692594644, 0.3645783785959356, 0.2553505913781728, 0.011686260090253982, -0.17976028563854984, -0.7112347843275066, -0.4380298563349621, 0.16929755449965567, -0.04956608361423954], [-0.6350314609323423, 0.20502906919065256, -0.3722041946680638, 0.2702561779477138, -0.7606061730780566, 0.7261829887355895, -0.3490496934424298, -0.01749515106475928, 0.27621842870815405, 0.16949849275728357, -0.04559512583939526], [-0.21146875531279008, -0.6214845016843069, -0.48399825920418216, -0.5564917814762459, 0.278997742159459, -0.036450728972030694, 0.5241950020043952, 0.01482610141061233, 0.7345043618078284, 0.44973887792659384, 0.0004627185859839844]], "inverted": true, "swapped": true, "error_lsq": 0.057357624266817515, "error_max": 0.30824079903012064, "target": "1196.xyz", "model": "4.xyz", "model_rescale": 3.7855080009869324, "target_rescale": 3.9701832731847815},
{"mapping": [11, 14, 12, 2, 1, 5, 13, 9, 10, 7, 8, 16], "R": [[0.7765077544733446, -0.49845916948697727, 0.38545319248530957], [-0.6066301815926445, -0.4259571433821304, 0.671237912205956], [-0.17039815146778842, -0.7550489840772507, -0.6331394014119424]], "T": [0.1465751509141926, 0.08755097064877887, -0.07525052492743117], "aligned_model": [[0.03466904714880917, -0.5097362419272368, -0.33432373525319437, -0.18552622105752348, 0.2160263294592379, 0.7868732037266288, -0.21403334255181805, -0.16980493698880023, 0.37150714644464367, 0.8370923792282805, 0.1569345037087309, 0.1003727806309283], [-0.6861846540589995, 0.20213978070425354, -0.37925747541455596, 0.234045538164025, -0.4499967533472697, 0.46299651454370355, -0.2577541224098963, 0.6956403141627276, 0.7373097487477249, 0.19066058935509445, 0.2574370445012066, 0.1081772058398548], [0.07051104510546607, -0.19281820232850355, -0.1931123040462538, -0.7187050361414846, -0.6037606168033973, -0.39799235945365175, 0.44971951804960614, -0.2677213266930805, 0.16596183326413877, 0.19663885663716169, 0.6076413257226598, -0.09332403033827263]], "inverted": true, "swapped": false, "error_lsq": 0.0469474423767336, "error_max": 0.25114890123697897, "target": "1196.xyz", "model": "5.xyz", "model_rescale": 4.2253639853439635, "target_rescale": 3.9701832731847815},
{"mapping": [0, 11, 7, 6, 3, 4, 9, 5, 10, 1, 8, 13], "R": [[-0.38594273877307594, -0.37762897196189954, -0.8416914885653392], [-0.9221086239822534, 0.18524700920171416, 0.3397046234000588], [0.027638523221999445, 0.9072375130674543, -0.41970966979245083]], "T": [0.07112605130014792, 0.10989928123775806, -0.06220734716852687], "aligned_model": [[0.273782844405321, -0.6760745754583123, -0.23391834206065976, -0.2841510725238436, 0.1975887017365039, 0.7254441807150096, 0.0032555275915264054, -0.11596101282037048, 0.4755794606781051, 0.6797130246311944, -0.03881526715583926, 0.08360744283005106], [-0.6607036570440648, 0.32722240721461454, -0.4934329476397993, 0.14728500896415325, -0.17747305353789078, 0.03994318902184314, -0.1736729804479059, 0.7038546049649912, 0.7651120924807078, 0.056635538311703634, 0.49011391234271146, 0.09032961615680479], [0.02814742606647122, -0.05824867307230079, -0.47733305789202246, -0.5970890544392367, -0.698158455311713, -0.3227553137455868, 0.4740545216039768, -0.17603515706368233, 0.06279699681517882, 0.34459807504156353, 0.5616633256384056, -0.1186019306666657]], "inverted": false, "swapped": false, "error_lsq": 0.057645726294331574, "error_max": 0.35727780780132024, "target": "1196.xyz", "model": "6.xyz", "model_rescale": 3.89814844738969, "target_rescale": 3.9701832731847815},
{"mapping": [1, 4, 2, 10, 5, 9, 0, 11, 8, 6, 7, 12], "R": [[0.9963248381677519, 0.03776067915076816, 0.0768826895996476], [0.06652410776584775, 0.2242930829569933, -0.9722485052822684], [-0.053957019339108195, 0.9737898870124501, 0.2209567740901352]], "T": [0.05438306865321433, 0.1413386794110797, 0.051466705868365575], "aligned_model": [[0.18555323462594014, -0.5791101176516475, -0.3757497418942411, -0.14221150335244415, 0.472979585547034, 0.6059727820611788, 0.03157123019015649, -0.05989302416401123, 0.5005219433953463, 0.6958225063619109, -0.2018887490797658, -0.04351723347077071], [-0.690864653261677, 0.23285547628151812, -0.3238315957124014, 0.10875514125041338, -0.30312757732198026, 0.3299315527480541, -0.29246635162054535, 0.9001864891457276, 0.6428148876263042, -0.044710098429686956, 0.42856294420392926, 0.12710751587821326], [-0.01944600583330952, -0.024735965870637547, -0.2649984975159212, -0.6550688915016261, -0.4279113356551191, -0.6253843820554387, 0.4543354221344651, -0.20627608354458013, 0.1361336377404891, 0.1578488051317588, 0.5835396864791058, -0.08499768653479839]], "inverted": true, "swapped": false, "error_lsq": 0.0511977212365535, "error_max": 0.2646012492756523, "target": "1196.xyz", "model": "7.xyz", "model_rescale": 3.7474275329858107, "target_rescale": 3.9701832731847815},
{"mapping": [13, 10, 12, 0, 1, 3, 11, 6, 5, 8, 9, 14], "R": [[-0.5731098246944686, 0.7715482741369781, 0.2761492160317063], [0.7818030583829627, 0.6157842083681568, -0.09794787709515745], [-0.245619841913721, 0.1597594109924444, -0.9561107801178825]], "T": [0.12199246257279106, 0.010068924620695557, -0.08732675616780518], "aligned_model": [[0.1539322810803852, -0.5898136189060058, -0.29548170984897826, -0.01853952261218539, 0.233540149946718, 0.536042095149704, -0.27841349676087324, -0.05360359452227101, 0.35002365845911715, 0.7345993726239396, 0.16308392503256788, 0.15468137292656778], [-0.8389628156141865, 0.25438784544890847, -0.44365726091084023, 0.26587145560082925, -0.31066404065190834, 0.5079445203314783, -0.062026347658281245, 0.7695842428599428, 0.6433977422918762, 0.12250293095715069, 0.24584908734432617, -0.039013629211426336], [0.206334240152779, -0.18168631839336846, -0.10947360070865703, -0.6781135738195608, -0.7577663869167817, -0.3952509837679873, 0.3827341920452698, -0.3307206847904128, 0.15745446539905422, 0.19066907803343303, 0.6359018706628351, -0.09704359492221495]], "inverted": true, "swapped": false, "error_lsq": 0.05194328437718145, "error_max": 0.29262089993235385, "target": "1196.xyz", "model": "8.xyz", "model_rescale": 4.019505241142653, "target_rescale": 3.9701832731847815},
{"mapping": [10, 8, 11, 5, 6, 2, 9, 4, 0, 1, 7, 12], "R": [[-0.5695973667744503, 0.20096076196636375, -0.7969777988837022], [0.16487139076574037, -0.9220051049586454, -0.3503198694581393], [-0.8052181470077427, -0.3309401132834998, 0.49203899962230785]], "T": [0.14758625583708984, 0.076177798062101, -0.13735443106019699], "aligned_model": [[0.4743741532915397, -0.45777165940590636, -0.3773055770936561, -0.14742066990558306, 0.2916002968768753, 0.6319764499436444, -0.1856509252166475, -0.13748005694881943, 0.38963784209200775, 0.6049075199074937, -0.11494185486504788, 0.11812539389278558], [-0.7689246573968713, 0.18696151004479633, -0.2284332483427881, 0.24465606995095496, -0.40598929339268747, 0.23701579773475523, -0.2523593941985661, 0.8543889851621916, 0.6233660282511705, -0.11263063970139077, 0.6576933153115686, 0.0794692573647358], [-0.006238954962582727, 0.14086435874036699, -0.2750141496553975, -0.7162419026875935, -0.6616031219200957, -0.43646885721074535, 0.36099921435165194, -0.164172649308892, 0.11689377130340226, 0.32255201315309523, 0.504909287644936, -0.16344030647375757]], "inverted": false, "swapped": false, "error_lsq": 0.06358923213643201, "error_max": 0.4332922799730985, "target": "1196.xyz", "model": "9.xyz", "model_rescale": 3.877068213659057, "target_rescale": 3.9701832731847815},
{"mapping": [12, 13, 6, 14, 11, 8, 3, 2, 7, 1, 4, 15], "R": [[0.2714136251906115, -0.15560572735959077, 0.9498007694636721], [0.9480408244192147, 0.21341976877945368, -0.23594617506681637], [-0.1659916844164987, 0.964488911241087, 0.20544561518211152]], "T": [0.0738544850730458, 0.03423643999490526, -0.12424018917697913], "aligned_model": [[0.19776419691969127, -0.6594913924464356, -0.3740414942945507, -0.4258334857191879, 0.470755208128393, 0.7071370399851947, -0.1934890546630818, -0.07309769602439199, 0.5091658586281206, 0.7579445762139976, 0.025435146659570244, 0.14780200918136704], [-0.7002482201589495, 0.2762499843446862, -0.38885610596801395, 0.26345065294392545, -0.34677838365495783, 0.33981835865270343, -0.17909438427069185, 0.674858468650172, 0.6671343489266341, 0.11724689767201234, 0.4085108018855992, -0.01707868823525066], [-0.06615505319290864, -0.08857838551942643, -0.15044065371111898, -0.6785815308305551, -0.6161271644679606, -0.4418812325600062, 0.41034257701338694, -0.21569417116694817, 0.15185909430678454, 0.40305159088642784, 0.4376004905925498, -0.12235685837583711]], "inverted": true, "swapped": false, "error_lsq": 0.042854186395174104, "error_max": 0.2337364607134511, "target": "1196.xyz", "model": "10.xyz", "model_rescale": 4.260839863003843, "target_rescale": 3.9701832731847815},
{"mapping": [9, 3, 2, 1, 8, 7, 4, 0, 6, 10, 5, 11], "R": [[0.6616509511576113, 0.5655112212611342, 0.4923566567641478], [0.4028136575249158, 0.2857549758685779, -0.8695316274165927], [-0.6324232571179118, 0.7736544140597204, -0.03872559182611458]], "T": [0.1047983973111823, 0.05513445069678607, -0.09629949894276418], "aligned_model": [[0.3397105351830566, -0.5548654691830853, -0.41920615999104366, -0.26081568132748606, 0.3688027888418514, 0.5199728878289985, -0.07520044396910684, 0.06873704306048951, 0.4197318852781458, 0.6545308975100628, -0.07627800386886092, 0.10493063320566443], [-0.6796131582887769, 0.31063238135140975, -0.3565499309633787, 0.18121421090461165, -0.4313949745564656, 0.38864335374109205, -0.35309929924129974, 0.9033743119740028, 0.7518666447128324, -0.023652003672695578, 0.3337819943077125, 0.09001020051882455], [0.10543175725635562, -0.03801174649162851, -0.2584485660539719, -0.7076021103460088, -0.5536879625860931, -0.4784088855007247, 0.4842592673767731, -0.31816203729712916, 0.24813697217023561, 0.1951120054203513, 0.4920692507569278, -0.14764924173069918]], "inverted": false, "swapped": false, "error_lsq": 0.051799494886959264, "error_max": 0.27044625916434634, "target": "1196.xyz", "model": "11.xyz", "model_rescale": 3.890672605050136, "target_rescale": 3.9701832731847815},
{"mapping": [7, 9, 5, 6, 8, 0, 12, 11, 2, 4, 10, 13], "R": [[0.9416293478748102, -0.15866476907563368, -0.29691692823925653], [-0.0506316745543932, 0.805194006639364, -0.5908460418788183], [0.3328221818819743, 0.5713913743890645, 0.7501608444334443]], "T": [0.12533147701315717, 0.16645003968503447, -0.23412759797397983], "aligned_model": [[0.21379217358353472, -0.6511394931783276, -0.36322181413672006, -0.09222572763409426, 0.242917354143802, 0.6578599232912704, -0.10069972782671344, -0.07197787086265917, 0.39092992964773493, 0.6674227192359089, 0.01922147839664448, 0.17717196790830506], [-0.6163432788802664, 0.17034163532270893, -0.4347245833524056, 0.34740057510086203, -0.3467213478225579, 0.17314470176147406, -0.16653051117310713, 0.6532706095108165, 0.6663994107617475, 0.1808554587379031, 0.4291531587968691, 0.05896790202382472], [0.09202190125637064, -0.18029355711980832, -0.16429253401986763, -0.7361077872049462, -0.7260826105321224, -0.4892024402291828, 0.39290190207678966, -0.07030782526453813, 0.19607261353782932, 0.20970414135123658, 0.6139692383867502, -0.11534433926412246]], "inverted": false, "swapped": false, "error_lsq": 0.04379195874902903, "error_max": 0.20617056426147132, "target": "1196.xyz", "model": "12.xyz", "model_rescale": 4.124412569039231, "target_rescale": 3.9701832731847815},
{"mapping": [11, 4, 2, 1, 8, 6, 10, 0, 3, 9, 7, 12], "R": [[0.6937112735280878, -0.2812272176357667, 0.663080629366357], [0.6493885942830007, 0.6424256996230618, -0.40691973911198764], [-0.3115431311956457, 0.7128818082436001, 0.6282836977672969]], "T": [0.09601557166136351, 0.2665217024289456, 0.002422199263562644], "aligned_model": [[0.1524192520505642, -0.679762785854064, -0.3303432034318162, -0.04819173220203102, 0.3679368675358182, 0.5755571833137066, -0.19934270336769602, -0.16407959110396622, 0.5294985922975897, 0.6789225058104564, 0.17974786327646672, 0.02768866424365786], [-0.7255871400897952, 0.2101652414266488, -0.39286937872641803, 0.2213227287436406, -0.2939242210512335, 0.28270169445874177, -0.2895927481004268, 0.7693061283489494, 0.8294242011366285, 0.08726998123046822, 0.24826016976113002, 0.16873707364953527], [0.058023734954333425, -0.11276523522253519, -0.35228487797443814, -0.7975938038257373, -0.35374531273444243, -0.4638297340684814, 0.38727266318660863, -0.12534994461918791, -0.06071751513765303, 0.1940718759360806, 0.6234963448223276, 0.026460507657513215]], "inverted": true, "swapped": false, "error_lsq": 0.05159026343110767, "error_max": 0.24290091331296987, "target": "1196.xyz", "model": "13.xyz", "model_rescale": 3.9028299243045295, "target_rescale": 3.9701832731847815},
{"mapping": [7, 1, 6, 2, 3, 5, 9, 12, 13, 10, 14, 15], "R": [[0.39779848648156885, -0.7109889902326448, 0.5798715546747727], [0.9124915208788634, 0.37236887499007026, -0.16941264788323418], [-0.09547559100184887, 0.5965199717583597, 0.7968991999094076]], "T": [0.11994178464042811, 0.1330864531241136, -0.25564625360685483], "aligned_model": [[0.3510385547662164, -0.5272347366750769, -0.3460739475985192, -0.26726282676257185, 0.1435202625879989, 0.5256632802585385, -0.14584641235613666, -0.03230060401370076, 0.4961620440066476, 0.6474597562738793, 0.14228552506426612, 0.10264001701714484], [-0.6120857435824534, 0.18731702444149567, -0.342098061649986, 0.21957081674302784, -0.4035778374078469, 0.43983158709495357, -0.26342813078855987, 0.8042004907245027, 0.7041680457645304, -0.015511993469844915, 0.34087066953319484, 0.05595686338485485], [0.2047238539480436, -0.2351437870391872, -0.21773482427560453, -0.8759226543456446, -0.5720715052598395, -0.3139499793348724, 0.35507322008424763, -0.15235785835610538, 0.1505254868982347, 0.24932492707830706, 0.6042241607336369, -0.1736523371568284]], "inverted": false, "swapped": false, "error_lsq": 0.047445743126098644, "error_max": 0.2873165131226935, "target": "1196.xyz", "model": "14.xyz", "model_rescale": 3.942246331269136, "target_rescale": 3.9701832731847815},
{"mapping": [7, 1, 2, 5, 9, 10, 0, 3, 4, 11, 13, 14], "R": [[-0.5314504217948302, -0.5647515659298035, -0.6313605292967976], [-0.5113829884276704, 0.8080870069055794, -0.29237446608274054], [0.6753131779558894, 0.16748450092536138, -0.7182625241712812]], "T": [0.15719101505442445, 0.11735264616489811, -0.00733541860998467], "aligned_model": [[0.15909333862756322, -0.6239920036164441, -0.30614027657860543, -0.2454987199576701, 0.4505884311280428, 0.7353862252927371, -0.34648833526301137, -0.205271002138931, 0.4184001498471842, 0.7413261963178299, 0.2436722307167699, 0.06897467819322169], [-0.7345311895362102, 0.32653732164127974, -0.39267770290567655, 0.12231265129582246, -0.32094148741069767, 0.3043660754387661, -0.3809880547218192, 0.7018949549088239, 0.6415572519853886, 0.15623886004673782, 0.6114142501003214, 0.08003079994513312], [-0.07992894287509662, -0.05868031774056233, -0.3357270687171434, -0.49784121251470975, -0.6155940106963634, -0.38112251332014646, 0.18933979785563626, -0.21585281807844975, -0.03269870033784607, 0.40665126841854105, 0.632472347331971, 0.01202087364855825]], "inverted": true, "swapped": false, "error_lsq": 0.06124890042555287, "error_max": 0.4169937613577996, "target": "1196.xyz", "model": "15.xyz", "model_rescale": 4.355366556412066, "target_rescale": 3.9701832731847815},
{"mapping": [7, 4, 5, 0, 9, 1, 3, 2, 8, 10, 6, 11], "R": [[0.9135550419778726, 0.3470200854229266, 0.21211847064758968], [0.3682102169956344, -0.4841685409085721, -0.7937266910558649], [-0.17273801369946182, 0.8032172086724296, -0.5700909526695153]], "T": [0.13082197593412287, 0.06936270127723348, -0.11422250529801209], "aligned_model": [[0.29453081679365817, -0.5721018923905341, -0.25651506066145136, -0.26658650697037817, 0.48080896593061095, 0.45391359765770894, -0.20333849601101517, -0.03840228837415585, 0.5504964786273121, 0.6347046094423787, -0.03379037523861178, 0.04633106376316398], [-0.774254150148076, 0.3412920583153351, -0.3761551442890621, 0.21163059773800905, -0.38096191374149657, 0.3063917889452752, -0.29795519598359543, 0.866152413554987, 0.6749065463715325, 0.05413895040632148, 0.3740190535896656, 0.11600872602897361], [0.13471753405972436, 0.047895326099673036, -0.3735365066175003, -0.68495922388077, -0.5882144389566382, -0.4803185022388231, 0.31523220730903, -0.30713363645082714, 0.09607746919206647, 0.2640714645818875, 0.6315544344343571, -0.03234742455779191]], "inverted": false, "swapped": false, "error_lsq": 0.0509152468372722, "error_max": 0.33581514718440075, "target": "1196.xyz", "model": "16.xyz", "model_rescale": 3.795458400668931, "target_rescale": 3.9701832731847815},
{"mapping": [1, 4, 2, 10, 5, 9, 0, 11, 8, 6, 7, 12], "R": [[0.9963248381677519, 0.03776067915076816, 0.0768826895996476], [0.06652410776584775, 0.2242930829569933, -0.9722485052822684], [-0.053957019339108195, 0.9737898870124501, 0.2209567740901352]], "T": [0.05438306865321433, 0.1413386794110797, 0.051466705868365575], "aligned_model": [[0.18555323462594014, -0.5791101176516475, -0.3757497418942411, -0.14221150335244415, 0.472979585547034, 0.6059727820611788, 0.03157123019015649, -0.05989302416401123, 0.5005219433953463, 0.6958225063619109, -0.2018887490797658, -0.04351723347077071], [-0.690864653261677, 0.23285547628151812, -0.3238315957124014, 0.10875514125041338, -0.30312757732198026, 0.3299315527480541, -0.29246635162054535, 0.9001864891457276, 0.6428148876263042, -0.044710098429686956, 0.42856294420392926, 0.12710751587821326], [-0.01944600583330952, -0.024735965870637547, -0.2649984975159212, -0.6550688915016261, -0.4279113356551191, -0.6253843820554387, 0.4543354221344651, -0.20627608354458013, 0.1361336377404891, 0.1578488051317588, 0.5835396864791058, -0.08499768653479839]], "inverted": true, "swapped": false, "error_lsq": 0.0511977212365535, "error_max": 0.2646012492756523, "target": "1196.xyz", "model": "17.xyz", "model_rescale": 3.7474275329858107, "target_rescale": 3.9701832731847815},
{"mapping": [6, 7, 2, 1, 0, 8, 9, 11, 10, 5, 12, 13], "R": [[0.3742630772688396, 0.9233083110466005, -0.0861911349590723], [0.9146737031533299, -0.3522607314556732, 0.19820291076088814], [0.15264064253347823, -0.15301679589701428, -0.9763640173728131]], "T": [0.11818610381672695, 0.1394508186601112, -0.12265849103789667], "aligned_model": [[0.12156485571240258, -0.5905837173396924, -0.2932743971714806, -0.2469097837172068, 0.3283809986838287, 0.7888613897835854, 0.02354274361683681, -0.19869731705137006, 0.4885508246628636, 0.6027895229364209, -0.03392721752086453, 0.09975300997336214], [-0.6179091728680314, 0.2573268553311146, -0.3907417429939428, 0.22863472971133178, -0.39613254391410846, 0.18205084245845546, -0.2658058831752539, 0.7844592931465134, 0.6967893467032409, 0.2125950462125512, 0.3767194930915111, 0.0472274670844873], [0.02360578596934526, 0.10354907433720548, -0.35380525719076306, -0.7034076965690743, -0.7293799746581566, -0.37806865133766426, 0.40130124581568166, -0.19536081029740196, 0.04658426116950959, 0.40934656986242307, 0.5700189497083088, -0.1713447938350255]], "inverted": true, "swapped": false, "error_lsq": 0.050958691216632074, "error_max": 0.3433259735013505, "target": "1196.xyz", "model": "18.xyz", "model_rescale": 3.922800546911778, "target_rescale": 3.9701832731847815},
{"mapping": [9, 12, 7, 13, 11, 6, 3, 8, 1, 2, 0, 14], "R": [[0.45243843346882173, -0.5539524916028724, -0.6988820365177861], [-0.8693054212725904, -0.4488403852716206, -0.20700336493716093], [-0.1990164527529389, 0.7011982213298839, -0.6846265448676705]], "T": [0.12760389737664404, 0.2064028378372761, -0.14853419663960193], "aligned_model": [[0.3614182097341331, -0.6553900660064678, -0.3295646325213826, -0.2369439420034932, 0.17308981996053838, 0.6583040312104119, -0.19337876138129864, 0.005436671532654189, 0.5851023537223521, 0.6016523273247378, 0.03797835462561014, 0.08234654637089064], [-0.5351625803998195, 0.20663329741691638, -0.447755084414596, 0.10276779820177055, -0.34039245859407596, 0.5570315955405906, -0.09219731834982431, 0.7362997128732889, 0.65170789056778, -0.12214599652554259, 0.2769228841535234, 0.12150399031785791], [0.09261883304615506, -0.07414034769695421, -0.18438621310515202, -0.7214027663684761, -0.6026151887721141, -0.4153386458779211, 0.317252581926328, -0.42902506062320944, 0.22614112465848285, 0.2762748337380097, 0.6793769222801858, -0.14171737023094652]], "inverted": false, "swapped": false, "error_lsq": 0.053014433977208626, "error_max": 0.3213409605851032, "target": "1196.xyz", "model": "19.xyz", "model_rescale": 3.9282355846067225, "target_rescale": 3.9701832731847815},
{"mapping": [12, 5, 2, 1, 10, 11, 7, 3, 4, 9, 6, 13], "R": [[0.44304993464679754, -0.34247889486630334, -0.8285016366795084], [0.8356176656265409, -0.17698875914914233, 0.5200173997355256], [-0.32473046100161124, -0.9227042785779215, 0.20776655648029274]], "T": [0.1428606999793418, 0.15379780160281217, 0.036973152278856586], "aligned_model": [[0.4537657762649019, -0.5425100088493656, -0.4117622759474634, -0.2588045261629124, 0.31122475013356604, 0.7419780259997076, -0.12910092749644064, -0.17241660620726007, 0.45310471160399507, 0.7438286450373004, -0.2068149138616639, 0.10755826205432092], [-0.6273531271679302, 0.2878018116302592, -0.30227993174292944, 0.2831217715069475, -0.3992895894845009, 0.2414357838052608, -0.3161193496137791, 0.7919257948559996, 0.7018895837310959, -0.1405168495784617, 0.4424539883701408, 0.1521438444757667], [0.16320945960777858, 0.03723587797411576, -0.36688655861117847, -0.5822531013820639, -0.6017617171523971, -0.3460949683780894, 0.34244413380219163, -0.20746079293321237, -0.015102720774758022, 0.21201954713074825, 0.5073438837055954, -0.11965434001434305]], "inverted": true, "swapped": false, "error_lsq": 0.05843356925676207, "error_max": 0.3459465324991744, "target": "1196.xyz", "model": "20.xyz", "model_rescale": 4.067790424073018, "target_rescale": 3.9701832731847815},
{"mapping": [4, 7, 8, 0, 2, 3, 5, 12, 11, 6, 13, 14], "R": [[-0.33013897225541433, -0.8932459825661216, 0.30515549090197175], [0.8466488347755727, -0.13727300276733947, 0.5141418805003184], [-0.4173655586788451, 0.4280978128193633, 0.8015848383595923]], "T": [0.016227689339990692, 0.14100702644723265, -0.00784355597651859], "aligned_model": [[0.1848028386935851, -0.6800297824538932, -0.37095902077747483, -0.15234658921932648, 0.39985591648425817, 0.619804752705678, -0.10412623153378198, 0.020434255854610693, 0.4197359996902338, 0.7012607528729924, 0.05681275219125817, -0.00519473193945362], [-0.6426020364783229, 0.12482335444228904, -0.2756474944223548, 0.039844175478296856, -0.24171854786020255, 0.44821559965886704, -0.24612097256885476, 0.8471719797668952, 0.6198497251926692, -0.10399896001453948, 0.3356657107112134, 0.20973119688191283], [-0.004415691098050012, -0.2754768478899344, -0.048505066922397366, -0.6903439733485535, -0.517816545112338, -0.5226858986164233, 0.42124031340800633, -0.30504253040086704, 0.15316255358342068, 0.12728109447578156, 0.6634122480141602, 0.02222904688158288]], "inverted": false, "swapped": false, "error_lsq": 0.046691901614805555, "error_max": 0.23530566063370484, "target": "1196.xyz", "model": "21.xyz", "model_rescale": 4.186013935880536, "target_rescale": 3.9701832731847815},
{"mapping": [3, 10, 4, 7, 6, 0, 11, 1, 2, 5, 8, 12], "R": [[0.6335130950516543, -0.4061904085458392, -0.6585366431744235], [-0.32758965323163225, 0.6302576775817281, -0.7038893939710026], [0.700960895837744, 0.6616529391264357, 0.2662127169233217]], "T": [0.041180466169119294, 0.15917215762069975, -0.04402685902307436], "aligned_model": [[0.42207746075098174, -0.775353972097572, -0.36641020260044466, -0.30585263080661373, 0.20730846740600278, 0.5938541210858274, -0.1489632360190717, 0.10787509510443016, 0.5602181914974009, 0.7411313863867608, 0.01115293472786038, 0.04301329713312378], [-0.6815133614503921, 0.1278828126825764, -0.4054047583507782, 0.2270543596049798, -0.1849755411161847, 0.34928027643886933, -0.1892883838573166, 0.7603300228165293, 0.5734152936462449, -0.04001980004224065, 0.46523448903531445, 0.11321832138026755], [-0.021577086657599498, -0.21311831550656363, -0.250760749453695, -0.686898367287401, -0.44876961396297355, -0.4685255932105812, 0.44728424634996256, -0.4554685724123707, 0.28567249919097554, 0.21851846926089724, 0.6581784723068799, -0.04149668564314247]], "inverted": false, "swapped": false, "error_lsq": 0.053851291815285, "error_max": 0.3137301765130341, "target": "1196.xyz", "model": "22.xyz", "model_rescale": 4.166573947596378, "target_rescale": 3.9701832731847815},
{"mapping": [4, 11, 3, 9, 8, 10, 2, 14, 13, 5, 6, 15], "R": [[-0.9244371015997565, 0.32202562198802576, 0.20424383459254475], [0.3769541877141458, 0.6907434703962003, 0.6170729279994238], [0.0576331983375048, 0.6474356777999175, -0.7599377984816594]], "T": [0.07801803826286322, 0.06695803105591, -0.06880355307926353], "aligned_model": [[0.13087351049177556, -0.7033335427513969, -0.3427736173825101, -0.1819354652458183, 0.30102619585370927, 0.5698256431152724, -0.2305796763335978, 0.053902444311129144, 0.6294795226766813, 0.7512840843115476, -0.0031176079213770524, 0.1153994214432714], [-0.6656576791471771, 0.1546281393091508, -0.34064508063093435, 0.14682559315950938, -0.44130127316514334, 0.4802976890698085, -0.29434095983399045, 0.8198127101826888, 0.7062602052106853, 0.2709858447549691, 0.22621943986632823, 0.05212910201197429], [-0.05052696741129445, -0.13122940022437452, -0.20378776659511066, -0.6040553768214005, -0.657037334446717, -0.4537929555650574, 0.4076833081423996, -0.3108903835048691, -0.005588837823794851, 0.37408183127711636, 0.6708993890190157, -0.012716803071525534]], "inverted": false, "swapped": false, "error_lsq": 0.049243803050893674, "error_max": 0.27038706768596155, "target": "1196.xyz", "model": "23.xyz", "model_rescale": 4.274766983524099, "target_rescale": 3.9701832731847815},
{"mapping": [2, 6, 0, 4, 9, 5, 3, 8, 7, 10, 11], "R": [[-0.8645834456217159, 0.42860768896914114, 0.26228022135382956], [0.1673541168321656, -0.24655051409677625, 0.9545708164290073], [0.47380171499922596, 0.8691998003653404, 0.1414342317426901]], "T": [0.06775640640786548, 0.14388033262218947, -0.10780782466476763], "aligned_model": [[0.17014069150363428, 0.09105346302032212, -0.3807696344441258, -0.5334004188841757, -0.46932627829221873, -0.4677044692179544, 0.2009496117771053, -0.011500562606001269, 0.4312989321213666, 0.3696559313553235, -0.02050256237520079], [0.0045610287419306506, 0.4955429493765959, 0.43875860287695556, -0.27765622953852465, 0.5594989648666465, -0.25587550628823125, -0.5962984627632982, 0.12558744595171625, -0.27723966969809183, 0.6954253273464801, 0.003282080371304008], [-0.6028390164711223, -0.21688659001628777, -0.7021551879929291, -0.3249297518846136, 0.28610789867458547, 0.4719180360381004, -0.09160091631277328, 0.7388343151753949, 0.49263666855290184, 0.3422663269061198, -0.01378534864779904]], "inverted": false, "swapped": true, "error_lsq": 0.0626637896687065, "error_max": 0.3153748698411511, "target": "1196.xyz", "model": "24.xyz", "model_rescale": 3.7841303162186577, "target_rescale": 3.9701832731847815},
{"mapping": [2, 0, 8, 6, 4, 3, 9, 11, 13, 12, 14, 15], "R": [[-0.17976138000819802, -0.3020120248119248, 0.9362022127332054], [0.722701800655768, 0.6051151767865115, 0.33397264880756344], [-0.6673739233641508, 0.7366304091548426, 0.10948829490822445]], "T": [-0.07793408720293268, 0.09261431361988141, -0.07332560413028012], "aligned_model": [[0.233063198568115, -0.7756825343817094, -0.34589680092608766, 0.020686221859853818, 0.23201324230713397, 0.5765553943447038, 0.003892446733302496, -0.0024316399816679823, 0.4752154355934386, 0.5747031714168628, 0.15351218203065337, -0.05557940499591288], [-0.583621613226904, -0.015782123525489397, -0.43417541385752195, 0.34091322880468317, -0.28458835444906067, 0.3124830490012376, -0.12714830870093158, 0.8425897834591802, 0.6094902198796672, 0.009833589793876954, 0.3258605621110031, 0.11935911149812854], [0.048242020720797724, -0.28003135205565544, -0.061228054077947805, -0.7446289153104353, -0.6375552940523942, -0.4884197445110623, 0.4625377335788653, -0.21914653632319042, 0.12381622357077489, 0.30401226416843274, 0.6487047098685395, -0.1332643526023365]], "inverted": false, "swapped": false, "error_lsq": 0.0478301621551469, "error_max": 0.2771363843639916, "target": "1196.xyz", "model": "25.xyz", "model_rescale": 4.19342608120988, "target_rescale": 3.9701832731847815},
{"mapping": [7, 4, 5, 0, 9, 1, 3, 2, 8, 10, 6, 11], "R": [[0.9135550419778726, 0.3470200854229266, 0.21211847064758968], [0.3682102169956344, -0.4841685409085721, -0.7937266910558649], [-0.17273801369946182, 0.8032172086724296, -0.5700909526695153]], "T": [0.13082197593412287, 0.06936270127723348, -0.11422250529801209], "aligned_model": [[0.29453081679365817, -0.5721018923905341, -0.25651506066145136, -0.26658650697037817, 0.48080896593061095, 0.45391359765770894, -0.20333849601101517, -0.03840228837415585, 0.5504964786273121, 0.6347046094423787, -0.03379037523861178, 0.04633106376316398], [-0.774254150148076, 0.3412920583153351, -0.3761551442890621, 0.21163059773800905, -0.38096191374149657, 0.3063917889452752, -0.29795519598359543, 0.866152413554987, 0.6749065463715325, 0.05413895040632148, 0.3740190535896656, 0.11600872602897361], [0.13471753405972436, 0.047895326099673036, -0.3735365066175003, -0.68495922388077, -0.5882144389566382, -0.4803185022388231, 0.31523220730903, -0.30713363645082714, 0.09607746919206647, 0.2640714645818875, 0.6315544344343571, -0.03234742455779191]], "inverted": false, "swapped": false, "error_lsq": 0.0509152468372722, "error_max": 0.33581514718440075, "target": "1196.xyz", "model": "26.xyz", "model_rescale": 3.795458400668931, "target_rescale": 3.9701832731847815},
{"mapping": [2, 8, 1, 6, 0, 7, 9, 5, 10, 3, 11, 12], "R": [[-0.368109126426106, -0.0256179635435953, -0.9294296051803431], [-0.8690186961765066, 0.3649210051940428, 0.3341244763016531], [0.3306087971265944, 0.9306859727706487, -0.15659324171386801]], "T": [0.031884675107640356, 0.06820718406935286, 0.067190821535906], "aligned_model": [[0.21453776153208665, -0.6125820190416593, -0.3624172777402483, -0.32474100445836745, 0.45754582475352035, 0.6071406997680869, 0.08366316118224713, -0.03330371089906846, 0.3879940817350815, 0.7476730946847004, -0.19842856709658646, 0.12296886814889338], [-0.7924050446381131, 0.37968771092933873, -0.28753110833789775, 0.19932480005065611, -0.3815672945755977, 0.4262978077967857, -0.24874428130066797, 0.6682426522225964, 0.6752211504977544, -0.11248351766848363, 0.4498130440680925, 0.13935781174340517], [0.03856643127175867, -0.06843466141427929, -0.19420812231571716, -0.6654845875842095, -0.4875962512539391, -0.38120600039727154, 0.352208447473367, -0.3828851489048549, 0.17857557624472217, 0.058567159163105814, 0.6265720598817535, -0.05163619919004847]], "inverted": false, "swapped": false, "error_lsq": 0.05012738943455256, "error_max": 0.282290565331628, "target": "1196.xyz", "model": "27.xyz", "model_rescale": 3.6321398670334006, "target_rescale": 3.9701832731847815},
{"mapping": [10, 3, 0, 1, 11, 13, 8, 4, 6, 9, 12, 14], "R": [[-0.3445565449400235, -0.026622970422414904, 0.9383879820121743], [-0.7213424270018909, 0.6472272499935067, -0.24649947235818676], [-0.600787724862963, -0.7618320709393442, -0.2422106631472999]], "T": [0.005294896814456121, 0.05529262619423487, -0.08276002600181906], "aligned_model": [[0.19947942837442523, -0.6753393710285523, -0.25625768972177443, -0.1804927356075124, 0.3975018645184227, 0.6769483347784612, -0.19776792444420344, -0.14734344070498312, 0.4795487381517424, 0.6258469149583161, 0.13827281888461912, 0.029653974409725177], [-0.6625352471052668, 0.061495151930899945, -0.46725527806931694, 0.4125857913955295, -0.31479851629180877, 0.29106225571961586, -0.10990269017551157, 0.8605224003035926, 0.6555194566885812, -0.06261926710164697, 0.3670176022009244, 0.0841220712922764], [0.14458804417639073, -0.1736368771496808, -0.30172492374989157, -0.6166998595840163, -0.4316612687003051, -0.482474515329698, 0.36277966231622083, -0.20430755236959597, 0.054055481424443, 0.1353778648314609, 0.6713315748236244, -0.13458892771456452]], "inverted": true, "swapped": false, "error_lsq": 0.04181514481666035, "error_max": 0.21272064453027825, "target": "1196.xyz", "model": "28.xyz", "model_rescale": 4.156811204709835, "target_rescale": 3.9701832731847815},
{"mapping": [8, 10, 9, 0, 1, 7, 5, 3, 4, 11], "R": [[0.08670858670383189, 0.9391251538072899, -0.3324538561639161], [-0.6250890284153076, 0.3111322657175749, 0.7158634086082729], [0.7757224552290791, 0.14574175350901364, 0.6140146689921072]], "T": [0.0682366700673532, -0.12843126622478407, 0.042985783355895965], "aligned_model": [[-0.6085652484670909, -0.07430792215667104, 0.1002157225867501, 0.8152481311940734, -0.10153626322097559, -0.730750769321129, -0.48646630953070924, -0.3724478854541491, 0.16341009849687058, -0.061874180016381036], [-0.11489839256522028, -0.6994083121599627, 0.09589734415188722, 0.15484453304777068, -0.4877271110331038, -0.2755737298383601, 0.489803869146726, 0.1271774767699385, 0.6175130523248937, 0.011091600781635125], [-0.47196589805872247, -0.45858993228830847, -0.708692518535147, -0.012748320904959795, 0.7013077252592888, 0.1430206817312759, -0.2614728763235861, 0.5964557789316703, 0.18697753748635826, 0.04449454967723018]], "inverted": true, "swapped": true, "error_lsq": 0.0504450600313812, "error_max": 0.2594922241416442, "target": "1196.xyz", "model": "29.xyz", "model_rescale": 4.117894457231895, "target_rescale": 3.9701832731847815},
