[{"mapping": [8, 2, 7, 10, 11, 0, 3, 9, 5, 12, 13], "R": [[-0.4844702840074127, -0.826291836077481, 0.287280952284487], [0.5801710341494234, -0.05769709414045501, 0.8124485315770692], [-0.6547443127265524, 0.5602792580128703, 0.5073431166309268]], "T": [-0.07081359091974308, 0.12249512649992081, 0.11521786979962202], "aligned_model": [[0.3097183819455842, -0.791677752467099, 0.058356679514812285, 0.614531664262711, 0.6055317098798872, -0.6579896741348451, -0.4307031128796027, -0.20182667403115306, 0.34841569237809106, 0.07441934721867154, -0.003944653310826371], [0.2297470836896181, 0.09473440901104899, -0.29930299494004575, -0.6148504723656982, 0.08491756222325861, -0.24245875276668102, 0.5014216090173192, -0.5838448799040818, 0.7403030759523676, -0.2903686808312397, 0.0282783604597176], [-0.5587788415639432, -0.1509445779101064, -0.49861913499973665, 0.06991584253787804, -0.05273093666404864, 0.4579208722508068, 0.10549374370892968, -0.02852683156728951, 0.23753469636303692, 0.4941250856840752, 0.00036314227228149976]], "inverted": true, "swapped": false, "error_lsq": 0.049278664261248516, "error_max": 0.3030199102775741, "target": "1198.xyz", "model": "0.xyz", "model_rescale": 3.8414455957264533, "target_rescale": 3.8911794396774027},
{"mapping": [10, 1, 3, 2, 6, 0, 11, 4, 8, 7, 14], "R": [[0.8739428775685251, -0.38377807377662104, 0.29822514453941146], [0.45236139062246933, 0.866677391084861, -0.21033181418046315], [-0.17774425172520236, 0.3187235320315174, 0.93103291623229]], "T": [0.06411948647718752, 0.019836138063698404, 0.10195880025921615], "aligned_model": [[0.2688275758052296, -0.6705737756754664, -0.23704019518041602, 0.5018639908123002, 0.8192391598281858, -0.5188433869493077, -0.6134245848811519, -0.11194000211852842, 0.4098068527675568, 0.06653137458722419, 0.010384599380604584], [0.372779415351649, -0.018251956378292362, -0.3272399508872624, -0.5708476269649514, -0.005029550557695377, -0.22688780574244338, 0.5362414227663952, -0.4896363757039803, 0.7125576165355207, -0.3723798238568, 0.037270954983444196], [-0.4475017912223687, -0.35331364430339035, -0.532247724985086, 0.038106108268853925, -0.09603905384862084, 0.45522775341846994, 0.07904558511454467, 0.029446394156203246, 0.25988155210837743, 0.6109930075043132, 0.0321548739005872]], "inverted": false, "swapped": false, "error_lsq": 0.04524231200010688, "error_max": 0.20339224831697453, "target": "1198.xyz", "model": "1.xyz", "model_rescale": 4.316132596720782, "target_rescale": 3.8911794396774027},
{"mapping": [1, 2, 0, 5, 9, 6, 8, 4, 10, 3, 11], "R": [[-0.021504647005766514, 0.24411916934032019, 0.9695067721876673], [0.9638640548328707, 0.26260992119639165, -0.04474497838150773], [-0.26552520399821566, 0.9335105036633583, -0.24094502607833376]], "T": [0.1053682311051382, -0.003539540428450623, 0.033090792481035844], "aligned_model": [[0.10974288098204879, -0.5859972979120984, 0.07178157917317188, 0.49104574254342814, 0.7707207315323673, -0.47525014550645744, -0.39758241581719606, -0.3856896412746501, 0.12190936487754496, 0.19232841316630356, 0.011822396611768107], [0.34413001257326514, 0.02991530106317339, -0.38838432990676547, -0.5116588971286667, 0.18150015698806973, -0.029555278178789307, 0.5743964797947075, -0.596949699455405, 0.5037395230078796, -0.39172913696432604, -0.06682781224755924], [-0.3836873352546322, -0.43767441504017485, -0.562459779183401, -0.060863762673701596, -0.23712738934107808, 0.6147276595465021, 0.024922616312868143, 0.06559125823436247, 0.4067619597952564, 0.5553587052579119, 0.09020354245797044]], "inverted": false, "swapped": false, "error_lsq": 0.06317180316467402, "error_max": 0.31285449250971864, "target": "1198.xyz", "model": "2.xyz", "model_rescale": 3.795458400668931, "target_rescale": 3.8911794396774027},
{"mapping": [4, 7, 0, 2, 10, 8, 9, 1, 5, 6, 11], "R": [[0.8003494013993085, -0.5992915729637402, -0.017042483810018813], [-0.58802267659562, -0.7791217065890971, -0.21725261363448786], [0.11691949148491702, 0.1838993662206024, -0.9759666262811292]], "T": [0.019173241988140945, -0.05356858452385892, 0.018693787072556062], "aligned_model": [[0.16890985633417832, -0.6465982426236011, 0.027115544846071198, 0.5646864006596616, 0.7094266492576254, -0.5374004747218065, -0.4656417035559952, -0.20106807007200078, 0.2860725959117284, 0.04136209666712272, -0.022033044326753043], [0.34306572305940386, 0.08253704061955726, -0.3614730899813291, -0.5600145178126744, 0.1007301111797576, -0.18369561296858833, 0.6219491305474086, -0.6432225096648886, 0.5532449679651754, -0.2538479818979813, -0.05069694150025757], [-0.46215432376466903, -0.3299118435448637, -0.7005695023563181, 0.20214193175224296, -0.17816372905825603, 0.5514747846383055, 0.27005991050449996, 0.010276246608988626, 0.25186038618150586, 0.5724916873361787, -0.11175248818573105]], "inverted": true, "swapped": false, "error_lsq": 0.045063273747931815, "error_max": 0.24876407875601297, "target": "1198.xyz", "model": "3.xyz", "model_rescale": 3.7530521520055578, "target_rescale": 3.8911794396774027},
{"mapping": [4, 3, 2, 0, 0, 5, 9, 1, 6, 7, 10], "R": [[-0.5000482818659233, -0.8472268056359328, 0.17932778818373718], [0.4505451536807393, -0.07767207711148827, 0.8893683786440724], [-0.7395679686801864, 0.5255223955733194, 0.42055372005624037]], "T": [-0.13438480279442264, 0.04626065791920617, 0.06075796529821305], "aligned_model": [[0.3147139513009033, -0.7775611025108289, -0.11882099743122518, 0.6524905386125528, 0.6524905386125528, -0.6182250201964995, -0.43966157397347716, -0.21937641427502172, 0.44446835767263515, 0.0818209517014504, -0.04750762113681174], [0.35570874577069894, -0.029666535853684305, -0.21686374961875624, -0.19318214197278583, -0.19318214197278583, -0.18391569656858853, 0.49420026702110126, -0.7295758624842712, 0.48834404044133817, -0.15135692950570764, 0.008066324289024977], [-0.4314443248291806, -0.34002763053001306, -0.5652446682005787, -0.00019060675616128925, -0.00019060675616128925, 0.540838408400336, 0.12008728704841083, -0.06486046645408731, 0.18656275119687266, 0.5835899664387647, 0.046632950553681836]], "inverted": false, "swapped": false, "error_lsq": 0.057124040741701736, "error_max": 0.3819202002313886, "target": "1198.xyz", "model": "4.xyz", "model_rescale": 3.7855080009869324, "target_rescale": 3.8911794396774027},
{"mapping": [14, 11, 13, 10, 9, 4, 1, 6, 2, 5, 16], "R": [[0.7991919403474772, 0.2408996693134451, -0.5506901050575609], [0.16293856557332503, -0.9686965357896004, -0.18729133828913383], [-0.5785700185219952, 0.05995307226406598, -0.8134263106105911]], "T": [0.03875770918423403, -0.09100167892495645, -0.02339802011013533], "aligned_model": [[0.34119573318435653, -0.6739660512479276, -0.20384357919340546, 0.588410631364814, 0.7178221376213443, -0.48181891186105463, -0.4795638228767287, -0.4735467775981914, 0.2943709713540733, 0.22340276559707628, 0.07236851203187486], [0.33667790304529177, -0.00522598945769559, -0.2639949300454212, -0.5323596904601035, 0.12284991199855619, -0.21745070836254513, 0.4073398351735691, -0.49277524583831145, 0.5889164709412068, -0.24020041714363782, -0.05520082030532559], [-0.45155548569671633, -0.3656020538563705, -0.6837657879635336, 0.16112581267678408, -0.030679389480376427, 0.48651511802292907, 0.21346156639067584, -0.07029345506150389, 0.11135678412391803, 0.7503908298195823, -0.045200878863504795]], "inverted": false, "swapped": false, "error_lsq": 0.04425450560976658, "error_max": 0.25581639829083663, "target": "1198.xyz", "model": "5.xyz", "model_rescale": 4.2253639853439635, "target_rescale": 3.8911794396774027},
{"mapping": [3, 10, 4, 0, 7, 8, 5, 1, 6, 9, 13], "R": [[-0.9132035653911147, 0.39531919821453787, -0.09890389112654385], [0.2171428862462168, 0.26668181679353886, -0.9390046728021965], [-0.34483070499829166, -0.8789786915020822, -0.3293755376096847]], "T": [-0.022947531960239586, 0.02652649647125995, 0.08586321213343721], "aligned_model": [[0.43264136079428156, -0.7633577369779748, -0.05098342473152395, 0.5645799829832067, 0.7520200268688526, -0.5605987077582938, -0.4503824744507216, -0.3028074109256099, 0.24638074159177092, 0.045463396900452965, 0.011875854081790305], [0.22321476246635136, 0.009059074687732725, -0.2354662434277834, -0.5163021018916563, 0.19441574062772374, -0.12879638352485825, 0.49200220060678423, -0.6283954993488292, 0.6027553583799476, -0.4098896970182141, 0.04597910798838508], [-0.42085363139645343, -0.15908594967564238, -0.5710120463161676, 0.02919592606528465, 0.06076937850920584, 0.5682229240822819, 0.12291729758134731, -0.09151043160989329, -0.009743000489074824, 0.5071199964799429, 0.03973259688105259]], "inverted": true, "swapped": false, "error_lsq": 0.05303342447458565, "error_max": 0.3137678525740037, "target": "1198.xyz", "model": "6.xyz", "model_rescale": 3.89814844738969, "target_rescale": 3.8911794396774027},
{"mapping": [7, 11, 4, 1, 0, 9, 8, 10, 3, 5, 12], "R": [[0.17421686240331596, -0.39154371030934026, -0.9035164679027937], [-0.39326641951913105, -0.8688631256216218, 0.30069651180821716], [-0.9027679702630945, 0.3029362834858543, -0.3053516006423272]], "T": [0.0427899718750724, -0.012552042895901654, -0.05973982574140661], "aligned_model": [[0.1493604026945866, -0.7079092514983782, -0.019021842997062277, 0.6568149651121108, 0.630652418714158, -0.5573316666942212, -0.34937169696432036, -0.33059178051669336, 0.3908683712667024, 0.07896779389403914, -0.017606104634690742], [0.43555085196444865, 0.13567246345173214, -0.27771715890124543, -0.44091572201517854, 0.0611236938895834, -0.20760400455743291, 0.4882463962401438, -0.6440728076795454, 0.6971988766897729, -0.43624128374601573, -0.16266498579067923], [-0.5278436800714827, -0.32397559350858196, -0.6440022232824084, 0.3330380734910899, -0.05960992659520141, 0.5725216946815186, 0.17068786609865216, -0.033831261905056406, 0.1060220416894405, 0.5896869956993516, -0.10694092618543803]], "inverted": false, "swapped": false, "error_lsq": 0.05667976515340038, "error_max": 0.2673375614208017, "target": "1198.xyz", "model": "7.xyz", "model_rescale": 3.7474275329858107, "target_rescale": 3.8911794396774027},
{"mapping": [1, 13, 12, 10, 0, 9, 8, 11, 3, 7, 14], "R": [[-0.7894710492234002, 0.08965652000559574, -0.6072043896898227], [0.388417026322353, -0.693018165891702, -0.6073368385064439], [-0.47525537987591937, -0.7153233745409051, 0.5122936596664142]], "T": [-0.006429548567877022, 0.044276204837648124, -0.00937930454884428], "aligned_model": [[0.3217458152960826, -0.6760325897942684, -0.06920570268645083, 0.4427200930787041, 0.6378648733563465, -0.47296181087184097, -0.3860396850647677, -0.27171452239324834, 0.34010107192774586, 0.09335462392467643, -0.035000558396748115], [0.3781836349800943, -0.0901687811618016, -0.36245509602817527, -0.5632759634782337, 0.15183616104026457, -0.1736127150129455, 0.5139724293332404, -0.5067586652951941, 0.5742796451273791, -0.3484564445161062, 0.07503211455706171], [-0.5972641391025839, -0.5939031634396034, -0.46902201597744053, 0.057015890094145136, -0.09614791250116472, 0.5520585877636408, 0.30762529608010997, 0.10226481822535671, 0.3269946232823428, 0.5380527158660878, -0.051921640179007175]], "inverted": false, "swapped": false, "error_lsq": 0.04700862682029475, "error_max": 0.20819025026325783, "target": "1198.xyz", "model": "8.xyz", "model_rescale": 4.019505241142653, "target_rescale": 3.8911794396774027},
{"mapping": [2, 10, 6, 5, 3, 9, 1, 11, 0, 8, 12], "R": [[-0.6115202170668262, 0.60538178986753, 0.5094663017465704], [0.7761760487067415, 0.33398263672954903, 0.5347956056075707], [0.1536026221538292, 0.7224738658664158, -0.6741199801277991]], "T": [0.008368152292070715, 0.0027124489945831443, 0.057496662174316246], "aligned_model": [[0.27443095678534785, -0.7914322389192815, -0.1201077469673785, 0.48251176285251773, 0.8332546558554103, -0.5159370349916151, -0.4286047278779453, -0.13845493512106394, 0.31314981728557784, -0.011145234323694467, 0.02716633379835563], [0.308593708933247, 0.016056628960993927, -0.3066527598130313, -0.4452200979118699, 0.12753154759981658, -0.14954524511063216, 0.5170212800475265, -0.5947519402622095, 0.5177381657382775, -0.31018964062083865, -0.03200532801569652], [-0.3733390386446454, -0.38783582630702107, -0.5873668496293787, -0.10083523331285, -0.1485209501897537, 0.4689109626107795, 0.028403184083299456, 0.15092475519495024, 0.3114705306086876, 0.655701009737244, 0.05824051596057177]], "inverted": true, "swapped": false, "error_lsq": 0.043930015598561696, "error_max": 0.22768960900368965, "target": "1198.xyz", "model": "9.xyz", "model_rescale": 3.877068213659057, "target_rescale": 3.8911794396774027},
{"mapping": [4, 13, 2, 8, 1, 10, 6, 9, 5, 11, 15], "R": [[0.2937341385477301, 0.2943010088031778, 0.9094543265437002], [-0.7236316664889176, 0.6901080410158331, 0.010397258280987143], [-0.6245618200835649, -0.6611639796167978, 0.41567382038226036]], "T": [-0.046721163788938744, 0.0347191881627761, 0.011303178388031118], "aligned_model": [[0.19429253950727693, -0.6593570278792711, -0.13606573385141174, 0.42648773881126306, 0.800407086324599, -0.5201888631320211, -0.5134708142270245, -0.19108595559180314, 0.4560869818657771, 0.0537689352667058, 0.013956721282140233], [0.28904059152034745, 0.1473769161026483, -0.3408485649070378, -0.5670474664564762, 0.20415994824077058, -0.24737477875500094, 0.3746983509267071, -0.6091669196384307, 0.6187616093590381, -0.26326410581672344, 0.04224073896974094], [-0.5677682320292423, -0.4465439907955176, -0.528439138466918, 0.10760044572394419, -0.0697533875841443, 0.4579149907791042, 0.2277829876708123, -0.0033525702445538763, 0.14197016407685686, 0.678958008943924, 0.07738378203761807]], "inverted": true, "swapped": false, "error_lsq": 0.04269663514244801, "error_max": 0.17242143914187216, "target": "1198.xyz", "model": "10.xyz", "model_rescale": 4.260839863003843, "target_rescale": 3.8911794396774027},
{"mapping": [10, 0, 7, 8, 9, 3, 5, 1, 4, 2, 11], "R": [[-0.10140051817270099, -0.008412132123723798, 0.994810118036322], [-0.5021578745625098, 0.8636618995618002, -0.04388157084888708], [-0.8588104586747711, -0.5040013484887081, -0.09179998252937391]], "T": [-0.008289500254348305, -0.009334814338667691, -0.0392219629174629], "aligned_model": [[0.2985963963141958, -0.798027253647214, -0.14497833130572982, 0.5352169930442325, 0.7610926154773718, -0.5149452649432922, -0.3258224207294194, -0.2872860843626931, 0.29835123822867293, 0.14352502758681102, -0.04089130728670481], [0.34587369939619556, -0.1631363131323593, -0.30321359574490603, -0.46568578270918826, 0.16072685683048787, -0.019413937634476165, 0.5703240980011538, -0.6517367784981019, 0.5059684745136638, -0.27399138841968795, -0.057139013057197804], [-0.45513271091490415, -0.3894984955168239, -0.6089210541816467, -0.1485741118140942, 0.0826937831883918, 0.457800590689329, 0.10141690798061109, 0.14172351406736788, 0.3809409062199461, 0.5749981711334426, -0.06169444073973611]], "inverted": false, "swapped": false, "error_lsq": 0.05234870630448742, "error_max": 0.25093976855349015, "target": "1198.xyz", "model": "11.xyz", "model_rescale": 3.890672605050136, "target_rescale": 3.8911794396774027},
{"mapping": [8, 9, 5, 7, 3, 10, 11, 12, 0, 4, 13], "R": [[0.6644282082442268, -0.7429734897097524, -0.08078087445601845], [-0.078034924120645, 0.038528662423096535, -0.9962058486022718], [0.7432669148474534, 0.6682109964378016, -0.03237834975332669]], "T": [-0.09381743775838532, 0.2092584589478268, -0.011287261757015662], "aligned_model": [[0.42607198348824654, -0.7062547677543916, -0.13604869095619954, 0.34524550796070985, 0.8072270427698219, -0.5526061404116238, -0.5728782150462529, -0.23831906628418292, 0.37833235202555643, 0.1966627544298381, -0.022601151845291434], [0.28426937209030717, 0.003370297351833057, -0.3237100056252772, -0.5047763620231522, 0.061258624406409445, -0.2870171719459829, 0.3470983801252386, -0.518317686686896, 0.5201947399532474, 0.0020019052927733316, 0.06420422660708347], [-0.504520876207112, -0.44528149877334555, -0.5762061221776869, -0.1673070502897977, 0.1275581525979475, 0.5741731800674269, 0.2216571343751969, 0.058601066322756815, 0.1592640352439553, 0.5918072770496825, 0.03600776190285969]], "inverted": false, "swapped": false, "error_lsq": 0.05352288269430174, "error_max": 0.35146271662386575, "target": "1198.xyz", "model": "12.xyz", "model_rescale": 4.124412569039231, "target_rescale": 3.8911794396774027},
{"mapping": [8, 10, 2, 1, 6, 5, 7, 4, 3, 0, 12], "R": [[-0.758876165786585, 0.5797755577929894, 0.296592763881521], [-0.441133989325842, -0.12261194903077155, -0.8890259351764399], [-0.4790696906114177, -0.8054977421077626, 0.3488059904829288]], "T": [0.0019581433472492136, 0.09510443280687197, 0.060625568862706904], "aligned_model": [[0.2986661286846153, -0.5994084322425247, -0.07053355200755734, 0.588870993608232, 0.6320112137408582, -0.5771534118823411, -0.4804448755284981, -0.2976425816353673, 0.40405670212973654, 0.10179163074391175, -0.07538220723483405], [0.1461666744312388, 0.034569272021904185, -0.4546770615025938, -0.4360569358551809, 0.2709562013559702, -0.057993949622485025, 0.4829759134158098, -0.6316396228996175, 0.4381947538961892, -0.19207620875096532, 0.048157283055314457], [-0.5907216041685258, -0.36281676294845927, -0.5988293395793772, -0.12980868632347736, -0.0798098211564042, 0.5242380913092991, 0.1602283621259478, 0.07956597104165733, 0.5395401294743076, 0.554920973760097, -0.02075425342318133]], "inverted": false, "swapped": false, "error_lsq": 0.055049966430701744, "error_max": 0.30696124879412634, "target": "1198.xyz", "model": "13.xyz", "model_rescale": 3.9028299243045295, "target_rescale": 3.8911794396774027},
{"mapping": [11, 2, 1, 7, 14, 0, 8, 3, 13, 4, 15], "R": [[0.12132613405202919, -0.40067147282754423, -0.9081532580232234], [-0.934443671142198, -0.3547013914566107, 0.03165356790372914], [-0.3348059059489257, 0.8447776593642558, -0.4174394705592279]], "T": [-0.007571045898252772, -0.021556748943069182, -0.011908907181501244], "aligned_model": [[0.35423619810757906, -0.6967975617902497, -0.11906482862916451, 0.5716448035590288, 0.8105518175312062, -0.6534285701170242, -0.5693708319552706, -0.24939012026325655, 0.3950688187429191, 0.003515839324758745, 0.07786604386570449], [0.21104666876972739, -0.03536023068239444, -0.031349623068110614, -0.6912580159972588, 0.26996629818091306, -0.22226795898621712, 0.4569159905440963, -0.5812692898607907, 0.6214015251183806, -0.2575399767590931, -0.09170906771366875], [-0.6126150388225532, -0.27060958990003475, -0.6519651482818669, 0.17949947424591353, -0.18143750687041446, 0.4674651407369724, 0.21602090111824618, 0.11822507012969773, 0.2271248749767836, 0.6233487342902804, -0.039303851511141005]], "inverted": true, "swapped": false, "error_lsq": 0.04270221709384844, "error_max": 0.22352608932021611, "target": "1198.xyz", "model": "14.xyz", "model_rescale": 3.942246331269136, "target_rescale": 3.8911794396774027},
{"mapping": [8, 13, 11, 9, 7, 3, 12, 4, 0, 5, 14], "R": [[0.16645508936786427, -0.8670626161046087, 0.4695690822204634], [0.9723184763665318, 0.22352507000555275, 0.06806852132431732], [-0.16398013214960722, 0.4452403427732541, 0.8802678873089445]], "T": [0.007695792497063121, -0.13193680022937065, 0.029941082006919813], "aligned_model": [[0.2488172463986766, -0.6760840142111251, -0.12022375257846624, 0.6681126016538026, 0.8211128746527357, -0.4926773093293321, -0.5951549362181604, -0.43943714318460353, 0.34215706379333355, 0.14246601885158972, 0.025742958547779866], [0.370183420943558, 0.05527097220260099, -0.27862025899824133, -0.5781340604690669, 0.1065831643954773, -0.21453286206194833, 0.4037712262375484, -0.5038723053561793, 0.5081426903046742, -0.17383779534049143, -0.046377872312347815], [-0.5072522297956497, -0.3679637714247619, -0.6601542574700401, 0.1436070367611067, -0.0815953921248731, 0.5392077901658445, 0.16284769369042895, -0.04354425515203302, 0.16832961718529968, 0.6486985877279912, 0.0735722405485705]], "inverted": true, "swapped": false, "error_lsq": 0.037449249240527956, "error_max": 0.19114479674606225, "target": "1198.xyz", "model": "15.xyz", "model_rescale": 4.355366556412066, "target_rescale": 3.8911794396774027},
{"mapping": [1, 2, 0, 5, 9, 6, 8, 4, 10, 3, 11], "R": [[-0.021504647005766514, 0.24411916934032019, 0.9695067721876673], [0.9638640548328707, 0.26260992119639165, -0.04474497838150773], [-0.26552520399821566, 0.9335105036633583, -0.24094502607833376]], "T": [0.1053682311051382, -0.003539540428450623, 0.033090792481035844], "aligned_model": [[0.10974288098204879, -0.5859972979120984, 0.07178157917317188, 0.49104574254342814, 0.7707207315323673, -0.47525014550645744, -0.39758241581719606, -0.3856896412746501, 0.12190936487754496, 0.19232841316630356, 0.011822396611768107], [0.34413001257326514, 0.02991530106317339, -0.38838432990676547, -0.5116588971286667, 0.18150015698806973, -0.029555278178789307, 0.5743964797947075, -0.596949699455405, 0.5037395230078796, -0.39172913696432604, -0.06682781224755924], [-0.3836873352546322, -0.43767441504017485, -0.562459779183401, -0.060863762673701596, -0.23712738934107808, 0.6147276595465021, 0.024922616312868143, 0.06559125823436247, 0.4067619597952564, 0.5553587052579119, 0.09020354245797044]], "inverted": false, "swapped": false, "error_lsq": 0.06317180316467402, "error_max": 0.31285449250971864, "target": "1198.xyz", "model": "16.xyz", "model_rescale": 3.795458400668931, "target_rescale": 3.8911794396774027},
{"mapping": [7, 11, 4, 1, 0, 9, 8, 10, 3, 5, 12], "R": [[0.17421686240331596, -0.39154371030934026, -0.9035164679027937], [-0.39326641951913105, -0.8688631256216218, 0.30069651180821716], [-0.9027679702630945, 0.3029362834858543, -0.3053516006423272]], "T": [0.0427899718750724, -0.012552042895901654, -0.05973982574140661], "aligned_model": [[0.1493604026945866, -0.7079092514983782, -0.019021842997062277, 0.6568149651121108, 0.630652418714158, -0.5573316666942212, -0.34937169696432036, -0.33059178051669336, 0.3908683712667024, 0.07896779389403914, -0.017606104634690742], [0.43555085196444865, 0.13567246345173214, -0.27771715890124543, -0.44091572201517854, 0.0611236938895834, -0.20760400455743291, 0.4882463962401438, -0.6440728076795454, 0.6971988766897729, -0.43624128374601573, -0.16266498579067923], [-0.5278436800714827, -0.32397559350858196, -0.6440022232824084, 0.3330380734910899, -0.05960992659520141, 0.5725216946815186, 0.17068786609865216, -0.033831261905056406, 0.1060220416894405, 0.5896869956993516, -0.10694092618543803]], "inverted": false, "swapped": false, "error_lsq": 0.05667976515340038, "error_max": 0.2673375614208017, "target": "1198.xyz", "model": "17.xyz", "model_rescale": 3.7474275329858107, "target_rescale": 3.8911794396774027},
{"mapping": [9, 0, 2, 7, 12, 3, 8, 1, 5, 11, 13], "R": [[0.14418755140634754, -0.5928016741851199, -0.7923358663488367], [0.24626814340656628, 0.7970071655792773, -0.5514812594806553], [0.9584163769273379, -0.11561035030915687, 0.2609066793680629]], "T": [-0.003400162375958142, 0.0230768845245748, 0.008298672846027167], "aligned_model": [[0.4267997764086041, -0.7288694828761647, -0.1307431538135124, 0.5200282862665626, 0.7187756010406957, -0.4327965125793812, -0.5070449488162322, -0.34655762028893716, 0.27556708567789234, 0.18532700886850242, -0.055654431511799], [0.24491712053225395, 0.01988598307304374, -0.35477318272981323, -0.5142213201005775, 0.16531777282226867, -0.10810293482475516, 0.4873125387667747, -0.575001058376088, 0.6769076284725668, -0.3936946442416759, 2.8416151585428095e-05], [-0.4536960113375589, -0.4074253629538828, -0.5789370660334046, -0.060640289247765024, 0.14046001266730818, 0.5172189129000957, 0.22665992774383992, 0.06365343871212505, 0.14209915659691097, 0.5672442958273337, -0.08088395476311852]], "inverted": true, "swapped": false, "error_lsq": 0.04730282749837929, "error_max": 0.25318833542300345, "target": "1198.xyz", "model": "18.xyz", "model_rescale": 3.922800546911778, "target_rescale": 3.8911794396774027},
{"mapping": [11, 12, 13, 6, 10, 5, 3, 8, 2, 1, 14], "R": [[-0.6672315551557882, 0.6393782199027425, 0.3820962492859469], [-0.6249408744273421, -0.7596648842984052, 0.1798837597835888], [0.40527886112450695, -0.11876344335649311, 0.9064459659834841]], "T": [-0.018802662993267535, -0.02195931375897469, 0.0014493486501939278], "aligned_model": [[0.2852662009220562, -0.7654097315955306, -0.15009865882341267, 0.4813230868004423, 0.7587087624208041, -0.6268642461256722, -0.40004892899026934, -0.15532500533472254, 0.3533506521114934, 0.18852321174978826, -0.044593734758746006], [0.19928855920929844, 0.02705517874664732, -0.23413146460701123, -0.46729118046026913, 0.16446383520015523, -0.22963678898074763, 0.4824640108464426, -0.6183391488119712, 0.476231202632397, -0.20565949747518142, 0.054131613245823794], [-0.6033937032839949, -0.24101613178787792, -0.6385179057493369, 0.16674161951223893, -0.10496042602321924, 0.41335333939286517, 0.09818423296017996, -0.007682814586527047, 0.3570292724676406, 0.6879282253102879, -0.05191264810037281]], "inverted": true, "swapped": false, "error_lsq": 0.04485980329346729, "error_max": 0.20351707959594456, "target": "1198.xyz", "model": "19.xyz", "model_rescale": 3.9282355846067225, "target_rescale": 3.8911794396774027},
{"mapping": [4, 1, 3, 6, 8, 2, 10, 5, 9, 7, 13], "R": [[-0.1440732973537572, 0.9878468552332447, 0.058322170702101606], [-0.2945075577223677, -0.09906991535800849, 0.950500105373673], [0.9447265125072031, 0.11976536426173573, 0.30520169411265013]], "T": [0.0808941943582789, 0.033823523838981205, 0.035882562865429866], "aligned_model": [[0.3214392446683909, -0.5937303984591125, -0.1004899971349509, 0.4008737540614133, 0.8090522866758229, -0.6340866510644875, -0.5343534352216245, -0.19212205351357053, 0.4228899435245357, 0.09434422630505884, -0.06898531146524493], [0.18248104885690905, -0.11751814459978918, -0.3204632965924976, -0.5328767359942439, 0.20941874970920474, -0.18000417758822781, 0.5752409743919495, -0.6077816365336487, 0.5759983616502694, -0.19920091343449922, 0.06328208968015758], [-0.5292783557822258, -0.2530433004053249, -0.6028158738685717, -0.02163222596498713, -0.09668322598013243, 0.384875850968196, 0.3015361860752395, -0.0027839449906043104, 0.2957097708985744, 0.6134779962386788, -0.013609817076958602]], "inverted": false, "swapped": false, "error_lsq": 0.04822294018768783, "error_max": 0.2933405113699007, "target": "1198.xyz", "model": "20.xyz", "model_rescale": 4.067790424073018, "target_rescale": 3.8911794396774027},
{"mapping": [8, 6, 5, 9, 7, 3, 2, 11, 0, 12, 14], "R": [[-0.5146777776584468, -0.8112862152286492, 0.27734718704997907], [0.31719369470133973, 0.12035923660824235, 0.9406921995024697], [-0.796551909938251, 0.5721261496759737, 0.19538864765044417]], "T": [-0.01678677358942933, -0.0890238527218993, -0.1327683122039674], "aligned_model": [[0.2902663845211377, -0.7442653886253566, -0.007846777422457072, 0.6225177213460511, 0.6861034107090132, -0.5057379705267274, -0.4162170382982891, -0.33932633203963775, 0.19119520655578442, 0.13415953369587041, 0.013982858460841796], [0.2738455516178826, -0.051002265743134795, -0.0840685782536876, -0.44945348894508486, 0.15514893138469935, -0.013611925861035393, 0.5071386128621627, -0.5798792205684803, 0.4574623985353373, -0.408779534488411, -0.15822416099466427], [-0.4477477563165513, -0.26271494080354657, -0.7229900015558286, 0.1230248455548017, -0.07809658708650032, 0.5593189546573256, 0.06412686245065502, 0.1375305872945139, 0.2704119237236473, 0.5469267541255245, -0.11403758193215818]], "inverted": true, "swapped": false, "error_lsq": 0.05205964447594678, "error_max": 0.2567269953991117, "target": "1198.xyz", "model": "21.xyz", "model_rescale": 4.186013935880536, "target_rescale": 3.8911794396774027},
{"mapping": [0, 7, 6, 3, 5, 10, 9, 4, 2, 11, 12], "R": [[0.9392889757505611, -0.24932391606946597, -0.2357409699421118], [-0.03394223696163119, 0.6161532129032316, -0.7868946198691827], [0.34144420420253474, 0.7471230173838918, 0.5702833088138622]], "T": [-0.030962701936213057, 0.08659573400331394, 0.05077515004514858], "aligned_model": [[0.2000290738443059, -0.6236485598281589, 0.0390585999518446, 0.5543503882341728, 0.7377065036229312, -0.7897701307779113, -0.4320634535701675, -0.2983363972691752, 0.429210201050517, 0.12287181404057004, -0.014576430922697881], [0.3299886424881766, -0.046326137704689324, -0.27114667340431814, -0.6170881754180364, 0.11496962920554338, -0.1739351376380514, 0.3964280931065138, -0.5881330618641152, 0.666913912311272, -0.20677374513290142, 0.043678973596190024], [-0.5889053425661341, -0.36078163796518486, -0.3699031548878345, -0.069956771306524, -0.0321787564992868, 0.28019699620263033, 0.4093457240324108, 0.08024560711237264, 0.084993772856271, 0.5885811272501196, 0.05411549588304366]], "inverted": false, "swapped": false, "error_lsq": 0.06128808870671196, "error_max": 0.3550500147259167, "target": "1198.xyz", "model": "22.xyz", "model_rescale": 4.166573947596378, "target_rescale": 3.8911794396774027},
{"mapping": [7, 14, 10, 8, 0, 11, 12, 9, 1, 3, 15], "R": [[-0.8418406046904479, -0.330788811742201, -0.42647761760801], [-0.0579108367620135, 0.8409720103706759, -0.5379706430267617], [0.5366104092169148, -0.42818785573540824, -0.7271206426176944]], "T": [-0.020895419875266052, 0.049303768009290684, 0.07116843449689299], "aligned_model": [[0.3822936539328523, -0.658915365274048, -0.09141708298966558, 0.48452792114510085, 0.7660084169528454, -0.5524325289735172, -0.6248353929847188, -0.2703487345692523, 0.41898421007958847, 0.054567727208030326, 0.01639878384901565], [0.0899220122528987, -0.014869029733827997, -0.11707335678309858, -0.5770920760863645, 0.20820866689608253, -0.15766685969613306, 0.27593159703854103, -0.49678005339985365, 0.5925022668155588, -0.26174052686802973, 0.1072336791098101], [-0.5180500111126569, -0.39228616362831936, -0.6556648204395301, -0.007917803703489337, -0.07812104113012476, 0.6158929413304856, 0.18639729901989038, 0.06733828235071028, 0.21095528263554447, 0.5800725630639737, 0.0671365317253999]], "inverted": false, "swapped": false, "error_lsq": 0.0420747183471451, "error_max": 0.2216931320405368, "target": "1198.xyz", "model": "23.xyz", "model_rescale": 4.274766983524099, "target_rescale": 3.8911794396774027},
{"mapping": [8, 5, 7, 9, 8, 2, 3, 4, 0, 1, 10], "R": [[0.9806341841047751, 0.17424830331737087, 0.0894098750484503], [0.19535861060073853, -0.8380314636364089, -0.5094489956998318], [-0.013842334677033028, 0.5170500892045526, -0.855843207032838]], "T": [-0.037108505237085976, 0.10444065336121444, -0.01562571448176758], "aligned_model": [[0.6072330281233432, -0.670056113903326, 0.05140342427863945, 0.3916055629883294, 0.6072330281233432, -0.5485440267107621, -0.5189869636698783, -0.44551389499811844, 0.20866572735752725, 0.21496198067199873, 0.0268298561151345], [0.185268675909622, -0.09221653462730647, -0.21547830879386426, -0.6312564323733757, 0.185268675909622, -0.17948099616053081, 0.34668315740237376, -0.45233654291182723, 0.6402666289560276, -0.21580101679600416, 0.0776590130308471], [-0.3667694839865127, -0.4920123470696756, -0.5549307974068393, -0.06680678313534588, -0.3667694839865127, 0.7500724800293164, 0.14288612837618433, 0.0887045219551742, 0.4300814681287926, 0.4931857666507659, 0.018111590556536637]], "inverted": false, "swapped": false, "error_lsq": 0.06535055282296366, "error_max": 0.3038926763548167, "target": "1198.xyz", "model": "24.xyz", "model_rescale": 3.7841303162186577, "target_rescale": 3.8911794396774027},
{"mapping": [9, 0, 8, 5, 12, 6, 7, 4, 13, 3, 15], "R": [[0.618813080908517, -0.09646625906609255, -0.7795926062747793], [-0.18786193932890335, -0.9818067379565375, -0.02763007518496763], [-0.7627439037108674, 0.16355363085219796, -0.6256771908795864]], "T": [-0.07955222105174219, 0.09434419262443511, -0.11151934278245447], "aligned_model": [[0.32024159231248917, -0.7498672584074835, -0.22255646397406403, 0.5416016373243412, 0.6758542609643748, -0.4136155868944179, -0.6298589422060751, -0.10069359517249586, 0.4154264006658236, 0.18726574716959632, -0.09896618340585811], [0.22899693537941107, 0.10243175713486276, -0.20616465777822418, -0.48395388142108303, 0.06121935045136104, -0.1555321552536815, 0.41349964223025787, -0.6178355270078539, 0.4264367247721804, -0.1918119958100098, 0.07129012684836297], [-0.5167035653163189, -0.4147392157239462, -0.6000907305803369, 0.11001613343621457, -0.05290451371012335, 0.4783873707036578, 0.023046149597768337, 0.1099697813368029, 0.3951469294375528, 0.5926998669016174, -0.04907514597100457]], "inverted": true, "swapped": false, "error_lsq": 0.04730602831331488, "error_max": 0.2199217498463882, "target": "1198.xyz", "model": "25.xyz", "model_rescale": 4.19342608120988, "target_rescale": 3.8911794396774027},
{"mapping": [1, 2, 0, 5, 9, 6, 8, 4, 10, 3, 11], "R": [[-0.021504647005766514, 0.24411916934032019, 0.9695067721876673], [0.9638640548328707, 0.26260992119639165, -0.04474497838150773], [-0.26552520399821566, 0.9335105036633583, -0.24094502607833376]], "T": [0.1053682311051382, -0.003539540428450623, 0.033090792481035844], "aligned_model": [[0.10974288098204879, -0.5859972979120984, 0.07178157917317188, 0.49104574254342814, 0.7707207315323673, -0.47525014550645744, -0.39758241581719606, -0.3856896412746501, 0.12190936487754496, 0.19232841316630356, 0.011822396611768107], [0.34413001257326514, 0.02991530106317339, -0.38838432990676547, -0.5116588971286667, 0.18150015698806973, -0.029555278178789307, 0.5743964797947075, -0.596949699455405, 0.5037395230078796, -0.39172913696432604, -0.06682781224755924], [-0.3836873352546322, -0.43767441504017485, -0.562459779183401, -0.060863762673701596, -0.23712738934107808, 0.6147276595465021, 0.024922616312868143, 0.06559125823436247, 0.4067619597952564, 0.5553587052579119, 0.09020354245797044]], "inverted": false, "swapped": false, "error_lsq": 0.06317180316467402, "error_max": 0.31285449250971864, "target": "1198.xyz", "model": "26.xyz", "model_rescale": 3.795458400668931, "target_rescale": 3.8911794396774027},
{"mapping": [10, 6, 7, 3, 4, 1, 8, 0, 11, 9, 12], "R": [[-0.08959706964024605, 0.7395057059834163, -0.6671609070755348], [-0.22069946388388387, 0.6384609082044524, 0.7373326354747308], [0.9712178497913057, 0.2133048980045118, 0.1060042863946439]], "T": [-0.030717290901980564, 0.000196659577727111, 0.13603701810433516], "aligned_model": [[0.35585509518644437, -0.7995986102629646, 0.03658316005961164, 0.39404323986385054, 0.7838403423376683, -0.5246226520799815, -0.5040043363270803, -0.2402915732779416, 0.2977280389092734, 0.18005486134094795, -0.05475595737359778], [0.23185108492449732, 0.01214524157811895, -0.29832121105094583, -0.5686562235651773, 0.1679662895702689, -0.09999405934404468, 0.5540455224569358, -0.7908727002316868, 0.6261830583084962, -0.12899192721369965, -0.056778755887179365], [-0.4158546796411476, -0.16373907801034626, -0.6166686540179793, -0.06659922665802659, 0.0511111915274195, 0.4464761982875011, 0.13762441419842564, -0.010799899018843123, 0.24484549967904307, 0.4871206249519436, -0.01776333118610668]], "inverted": false, "swapped": false, "error_lsq": 0.05402039487621733, "error_max": 0.2832563109217219, "target": "1198.xyz", "model": "27.xyz", "model_rescale": 3.6321398670334006, "target_rescale": 3.8911794396774027},
{"mapping": [3, 12, 8, 0, 5, 9, 6, 10, 1, 11, 14], "R": [[0.8669969523683333, 0.39909575360503885, -0.29839380697066786], [-0.4762222040547546, 0.8399056172283087, -0.2603285741396157], [0.14672660613962846, 0.36780583682530094, 0.9182538698246725]], "T": [-0.0378773902245284, 0.030034134074481092, -0.011900918882632595], "aligned_model": [[0.4298416171221861, -0.775321897269727, -0.2050435917673018, 0.43446617372034557, 0.8342127559849636, -0.5331778298328118, -0.5965515871758357, -0.11272372816068657, 0.36860881272501966, 0.10220821712301081, -0.021687334092932074], [0.13216180149772305, 0.0937216552538389, -0.23580939119335587, -0.3765856218083661, 0.11711510792959097, -0.20919566329624106, 0.5126154225234808, -0.738842964283972, 0.5442008834484698, -0.26083299779721125, 0.07002808727162624], [-0.5042107295461462, -0.3801796577949439, -0.42228159207460064, -0.042943243948176356, 0.05010716482872576, 0.36759709138097, 0.2308044144754985, 0.07696789631166537, 0.12102280659987555, 0.5433451262446783, 0.035523783634337204]], "inverted": true, "swapped": false, "error_lsq": 0.0517199946674672, "error_max": 0.24638213808910228, "target": "1198.xyz", "model": "28.xyz", "model_rescale": 4.156811204709835, "target_rescale": 3.8911794396774027},
{"mapping": [5, 7, 1, 2, 3, 9, 6, 8, 0, 10], "R": [[0.09162492528512, -0.29142278911733094, -0.9521962145742715], [-0.09881172995176492, 0.9488383838849257, -0.29990325655214567], [0.9908789608677924, 0.12156676868996029, 0.05814125609105853]], "T": [-0.1252557375239524, 0.03720383108833075, 0.06416458248689147], "aligned_model": [[-0.6616059050322567, -0.0332600333091716, 0.22074936292641142, 0.47792149228005365, -0.0030794190431838453, -0.5549300679369269, -0.4800210974358091, -0.5130526598895279, 0.2789634069812035, -0.08875970543020437], [-0.2898000002988707, -0.4998103767350393, 0.2695685010279048, -0.0024413195671814936, -0.5399599363556191, -0.33327607131843656, 0.4828902419505291, 0.46844371446811034, 0.38903945015183933, -0.02593387269703233], [-0.5225289619334669, -0.2933535126615511, -0.7161160898444718, -0.14593834932466757, 0.5878906400181014, 0.17061669272545174, -0.38456210296518545, 0.538157954525185, 0.39820707786274334, 0.1264133785729608]], "inverted": false, "swapped": true, "error_lsq": 0.05465411627009623, "error_max": 0.28275799885243563, "target": "1198.xyz", "model": "29.xyz", "model_rescale": 4.117894457231895, "target_rescale": 3.8911794396774027},
{"mapping": [12, 2, 11, 10, 13, 5, 0, 9, 4, 6, 14], "R": [[-0.8635663401501918, -0.07674204216756994, -0.49836114929191044], [-0.5014680687167085, 0.23411155083037605, 0.8328994884290245], [0.0527536938719701, 0.9691761659944734, -0.240654538812621]], "T": [0.021487620409310158, 0.01755141008632192, 0.09057409461832416], "aligned_model": [[0.3639413147864622, -0.7532025299141745, -0.02958618462222785, 0.532300813805898, 0.7672033875750967, -0.6621491434890932, -0.552544316723673, -0.2362124186592726, 0.39921379088632647, 0.027225956764713986, 0.06864093796617451], [0.22832236200733905, 0.10241362978507826, -0.3321944893679269, -0.48445612709167957, 0.19853251554271423, -0.24796394476876613, 0.5219131943817144, -0.5429761093063605, 0.6934162226983209, -0.4817824405156626, -0.006648493819187529], [-0.5621731733921524, -0.22313664428383045, -0.5423341946016855, 0.12771273704922692, -0.09438572939229653, 0.48818463637074017, 0.19250042544782203, -0.0054654934581508385, 0.0981758948278192, 0.4935904967391745, 0.10308410480521699]], "inverted": true, "swapped": false, "error_lsq": 0.04615945307363696, "error_max": 0.28075685851813287, "target": "1198.xyz", "model": "30.xyz", "model_rescale": 4.100398675895297, "target_rescale": 3.8911794396774027},
