[{"mapping": [5, 5, 1, 11, 12, 4, 6, 7, 8, 2, 0, 3, 9, 13], "R": [[-0.9329435569102403, -0.26510310324065284, 0.24359118266440755], [-0.21290238974541092, 0.9518637505715349, 0.22051751129691222], [-0.290325493300816, 0.15386924644017214, -0.9444762373609891]], "T": [0.1767548684752429, 0.09733876607555458, 0.08433246343347288], "aligned_model": [[0.3563928468050544, 0.3563928468050544, 0.40827534588627007, 0.5918649755592627, 0.6418198971349719, -0.5556826936770904, -0.42413060390956625, 0.05120733717156695, 0.02865978923806589, -0.5042514491780404, 0.06216440589210927, -0.21993881654174108, 0.2271793605592818, 0.18992259304849457], [-0.0661801687454319, -0.0661801687454319, 0.5946710553018824, -0.4538071385680864, 0.30427869702648846, -0.4441359552849342, -0.2140661712818035, -0.46465994271228794, -0.6673293722531584, 0.3354434990039696, 0.7300175390674398, 0.3131214089549126, 0.06528167387063663, -0.034302435806429804], [-0.632182027095634, -0.632182027095634, -0.09484057040600337, -0.02047035921227955, 0.3600319231162114, 0.3737190047359461, -0.2713498361739123, 0.5740157806700509, 0.02164580334271142, 0.35040534232778486, 0.5109459075149887, -0.17886380762175624, 0.8145193471842416, 0.17939595407014597]], "inverted": true, "swapped": false, "error_lsq": 0.05685646219355002, "error_max": 0.32628684292516413, "target": "12.xyz", "model": "0.xyz", "model_rescale": 3.8414455957264533, "target_rescale": 4.124412569039231},
{"mapping": [11, 1, 0, 12, 13, 6, 3, 8, 10, 2, 7, 4, 9, 14], "R": [[-0.2428638509193098, 0.9579709415217167, 0.1526722801186887], [-0.7476459220572568, -0.28512851807197986, 0.5997727097936613], [0.6180960484809768, 0.0315183023348774, 0.7854704777839391]], "T": [0.028688689032631477, 0.010564445347638868, 0.13743770391210863], "aligned_model": [[0.7349337848794265, 0.17169492171170045, 0.34371736109311646, 0.5182396914602166, 0.7315603726629452, -0.4890819503607841, -0.3604324543778233, 0.39823259814230966, -0.10736400108187205, -0.6431104238101156, 0.007198116762701469, -0.26346692899481017, 0.1326004203787238, 0.035154326327958604], [-0.12322524634057327, 0.03254928915624286, 0.611055101052493, -0.5562871731533024, 0.1175146831202112, -0.366325397854261, -0.013336083227260015, -0.5136799948328601, -0.6451925431718868, 0.23265750609380034, 0.5943691649882143, 0.3937823113937162, 0.19240360963701447, -0.024132707033783687], [-0.3203652942435372, -0.7155357864299965, -0.1188536882533886, -0.008536959958313689, 0.4008386219636756, 0.5845336498309055, -0.5418195246286238, 0.5988566715330166, -0.0034655889195338574, 0.34711686828122407, 0.40514128394797927, -0.11476538260010105, 0.7867808723620743, 0.05486469247148065]], "inverted": false, "swapped": false, "error_lsq": 0.04825742024125842, "error_max": 0.3361615156916142, "target": "12.xyz", "model": "1.xyz", "model_rescale": 4.316132596720782, "target_rescale": 4.124412569039231},
{"mapping": [6, 0, 8, 12, 5, 11, 7, 10, 3, 2, 4, 13], "R": [[-0.8550769491544928, 0.18448024459707418, 0.48457244079502604], [-0.5173994843237733, -0.3644747238060421, -0.7742454063977411], [0.03378142457237035, -0.9127569309843193, 0.4071039182984466]], "T": [-0.08573072365494269, -0.17909069033062022, 0.04625827830445128], "aligned_model": [[-0.18894574019770077, 0.48289939201063836, 0.07150680781483884, -0.45389708992708955, -0.6333555730984761, -0.2629673472793579, -0.13325878653487896, -0.3210506258875451, 0.5977463678501024, 0.14204037883995543, 0.3641544207284705, -0.0670636496871769], [-0.7394410951028703, -0.319329075068816, -0.5309382462091707, 0.4418910963258996, -0.0950847138643687, -0.15356110047553945, 0.3009474559789963, 0.5650289597228415, 0.03209259928278824, 0.1923471787532219, 0.3529488362360751, -0.03412546783807677], [0.13235373795948294, -0.029157414700290464, -0.5625690387220703, -0.138043903266774, -0.4996558193564893, 0.5665443372982523, -0.6567841326516087, 0.4826651921590721, -0.5379709913987183, 0.6081464948968635, 0.12105361812548379, -0.037323619133782245]], "inverted": true, "swapped": true, "error_lsq": 0.04841793331153888, "error_max": 0.26858470566931775, "target": "12.xyz", "model": "2.xyz", "model_rescale": 3.795458400668931, "target_rescale": 4.124412569039231},
{"mapping": [8, 6, 9, 10, 7, 12, 11, 0, 2, 4, 5, 13], "R": [[-0.9926566307823534, 0.0029441543414118823, 0.12093033250198534], [-0.11514996306116079, 0.2832615284884155, -0.9521047171847328], [-0.037058054061702844, -0.9590381840331597, -0.2808424152359102]], "T": [0.047979501869176, -0.14607422344958504, -0.022833108529119718], "aligned_model": [[0.035432674817293876, -0.27934265453105367, -0.6931575525217948, 0.15171058394497378, 0.19676651340667095, -0.02856397372080123, -0.09547731088496843, 0.5045351161634435, 0.4176868640328015, 0.6802914211177009, -0.4211440286431034, 0.12456617256240217], [-0.043160681857624755, -0.5585795821501236, -0.01695761428703868, 0.15938961760242992, 0.6586051932511527, 0.5187501953376079, -0.41152075583358866, -0.370948303085438, -0.32449057989579566, 0.03451988262727243, 0.43716947431753855, 0.002992199263317341], [-0.7358845975017344, -0.25683712326904046, 0.17682956667193753, 0.8111166554637095, -0.26224411874440423, 0.30470579797505504, 0.4372977915579995, -0.32230457480183133, 0.5577254189090368, 0.21929175481970944, -0.23430907399490544, -0.006616066446431448]], "inverted": true, "swapped": true, "error_lsq": 0.053449087177108806, "error_max": 0.24793440978245482, "target": "12.xyz", "model": "3.xyz", "model_rescale": 3.7530521520055578, "target_rescale": 4.124412569039231},
{"mapping": [12, 11, 9, 6, 5, 1, 7, 4, 3, 8, 13], "R": [[-0.821453626704877, -0.5102059579226943, -0.25476228071202167], [0.3157160761495718, -0.03484282193884253, -0.9482137612479881], [0.4749076735894281, -0.8593461806859471, 0.18970198550978096]], "T": [-0.06601561090806982, 0.04803053317215093, -0.1149435472721993], "aligned_model": [[-0.3278106726297194, -0.1746141346353518, 0.37144535423068026, 0.40814015409899607, 0.3140554316766283, -0.12641248648309916, -0.1959740203268193, -0.739141141898572, -0.37280450358164596, 0.34561067730097594, -0.16429505530686836], [-0.6485504878264219, 0.0814573003033401, -0.4374043899358873, 0.3286197340042986, -0.5915167057934132, 0.8134570601091434, -0.508577645187429, 0.09433853940605151, 0.22704031015125975, 0.15987437874403776, -0.05153473566063367], [-0.07792498992839433, -0.6533218304325292, -0.5377925220000185, -0.2837758748297442, 0.11198708872735938, -0.2405331155977034, 0.5177193312665849, 0.07430399409237692, 0.7376403084745806, 0.46578513197575083, -0.02125674450294658]], "inverted": false, "swapped": true, "error_lsq": 0.04166210929934061, "error_max": 0.22078403119387055, "target": "12.xyz", "model": "4.xyz", "model_rescale": 3.7855080009869324, "target_rescale": 4.124412569039231},
{"mapping": [6, 7, 8, 11, 13, 2, 5, 12, 1, 3, 15, 10, 14, 16], "R": [[0.12326121185996453, -0.20057983447529554, -0.9718921769685547], [-0.6461743132687601, -0.7595156752462073, 0.07479770001105884], [-0.7531702533441291, 0.6187921048762348, -0.22322835935512247]], "T": [0.05386216233698484, -0.029436493768869802, 0.07266966935346891], "aligned_model": [[0.5461991429941029, 0.06691706219433391, 0.4522837334191367, 0.6791032026127687, 0.7314844804858748, -0.4606034072818963, -0.5423256354638459, 0.35156105772829754, -0.007772683005051587, -0.6350949751978885, 0.20607525388379197, -0.22344501269268766, 0.010079682527919902, 0.035413932588837085], [-0.14862157397273534, 0.15735410350134713, 0.5341410432141575, -0.518605136522854, 0.07417461889169266, -0.29531172269494466, -0.007692838538481239, -0.4164974285016353, -0.7838472746275107, 0.02874020760051877, 0.6833381328169245, 0.6003389835349976, 0.04542401603514277, -0.020782610908854696], [-0.3390053021971385, -0.6528014287869457, -0.06499109291448646, 0.11982800691344433, 0.3071059510062102, 0.5313866059264705, -0.47431348196832596, 0.5466153028355627, 0.085687294071089, 0.13877669966622014, 0.45750939332060425, -0.16701314800737815, 0.7436215283318321, 0.12238410715970233]], "inverted": true, "swapped": false, "error_lsq": 0.03963877387543619, "error_max": 0.20039004621568418, "target": "12.xyz", "model": "5.xyz", "model_rescale": 4.2253639853439635, "target_rescale": 4.124412569039231},
{"mapping": [0, 0, 3, 12, 7, 8, 1, 11, 9, 10, 2, 4, 5, 13], "R": [[-0.7613436072093288, 0.3713763158588221, -0.5314466518669735], [0.39930757445098447, 0.9143713035150146, 0.06692219582713121], [0.5107928863517573, -0.16125988753370077, -0.844444122440946]], "T": [0.04740517068629043, -0.003863539288760446, 0.16665137399673918], "aligned_model": [[0.3318209830706789, 0.3318209830706789, 0.48378750358274897, 0.7995195734669892, 0.8105839759399209, -0.44719942636492926, -0.5060997368086358, 0.3659830716198248, -0.03342901063065979, -0.6497771824810743, -0.06547997017279097, -0.16406464408683746, -0.12944048655762513, 0.08185020114540523], [-0.1003470749311531, -0.1003470749311531, 0.5325237073197322, -0.5525036396618789, 0.057664933761335975, -0.5049057282292736, -0.005561586922022501, -0.3840546662578715, -0.5272275066703924, 0.23471182139340868, 0.5883746067291985, 0.5591381715652142, 0.08923914115528757, 0.0454474155073326], [-0.5768950081088233, -0.5768950081088233, 0.008953390782157095, 0.23492823582737193, -0.041107077678942644, 0.3906779194689021, -0.3153602606880835, 0.7662484193729895, -0.13691479714681842, 0.4226416825955766, 0.4610703533640154, -0.20647180033292167, 0.7673166475549715, 0.15659773845528974]], "inverted": true, "swapped": false, "error_lsq": 0.05477490086637915, "error_max": 0.28297946660058865, "target": "12.xyz", "model": "6.xyz", "model_rescale": 3.89814844738969, "target_rescale": 4.124412569039231},
{"mapping": [4, 2, 10, 3, 12, 11, 0, 7, 8, 6, 9, 5, 13], "R": [[-0.0029314030816168374, 0.3449415014410897, 0.9386196074339914], [-0.7419523315989778, 0.6285491420075846, -0.2333081947047087], [-0.6704462279040835, -0.6970949265810908, 0.25408762036763993]], "T": [-0.21132546297065757, 0.17615898014786857, -0.0306211302439392], "aligned_model": [[0.0020008068275313706, -0.051662203697473014, 0.5151483105740123, -0.3484532061332703, 0.521268381709242, -0.13221361400536624, -0.6218322002141241, 0.269135623733185, -0.5517441355854067, -0.6401540739510622, 0.09709704302462141, 0.18212250223842802, -0.09208143361609508], [-0.2371386866010714, 0.29621594491636594, 0.3792926582385222, -0.7355904166601459, 0.07464219573240254, 0.6415054471089143, -0.1915236490012316, -0.44231181993311064, -0.22840978989345717, 0.489630187825003, 0.741554528497436, 0.11826443182423213, 0.05765023341662576], [-0.5547718577060062, -0.7130125886573105, -0.5107388966509869, -0.08513879231216952, 0.0595606193739287, -0.313386306557108, -0.2427254504426205, 0.30644738487866546, 0.458899332536315, 0.1927623255078534, 0.40644162008315704, 0.6378241568082563, -0.039886516025677866]], "inverted": false, "swapped": true, "error_lsq": 0.04926611077275763, "error_max": 0.29885241911179283, "target": "12.xyz", "model": "7.xyz", "model_rescale": 3.7474275329858107, "target_rescale": 4.124412569039231},
{"mapping": [4, 13, 9, 2, 8, 0, 12, 3, 1, 10, 7, 11, 6, 14], "R": [[0.5718675210849947, -0.813459534863018, 0.10607131312728124], [-0.23768198245390965, -0.040543832440057964, 0.9704965084264094], [-0.7851591007846006, -0.5802066724810351, -0.2165303758450587]], "T": [0.05876390984956125, -0.0016970272740062502, 0.08536146604451303], "aligned_model": [[0.6743402220654338, 0.14301376774710753, 0.38088107976024443, 0.5717915007609087, 0.7366726503998702, -0.27462793773599176, -0.36522037514810507, 0.3596797421208295, -0.10782460409242664, -0.6198184600678412, -0.08381705901277331, -0.14188620440820526, -0.1455797566633053, 0.08227126906794835], [-0.13301311049423117, -0.016033531007973084, 0.6886388318697593, -0.663249196866356, 0.047750166920577625, -0.38858066555986537, -0.0041754008886754745, -0.2735809095997863, -0.7286970703634205, 0.2558273543937374, 0.5644543366820229, 0.5373530874336228, 0.082870194204117, -0.03741156689576374], [-0.37944788839226185, -0.8095174390580141, 0.08952926130936942, -0.0026209965329810625, 0.14197445332041703, 0.5017557071395952, -0.36282800565088424, 0.6766848576032806, -0.006947929037691092, 0.30552167991657075, 0.43610486560182893, -0.15052931603885764, 0.8715104019372566, 0.04360078323923288]], "inverted": false, "swapped": false, "error_lsq": 0.04833164026602886, "error_max": 0.3030346770244399, "target": "12.xyz", "model": "8.xyz", "model_rescale": 4.019505241142653, "target_rescale": 4.124412569039231},
{"mapping": [12, 7, 5, 9, 11, 6, 8, 10, 2, 4, 3, 0, 13], "R": [[0.5147522081306364, -0.11238757310657689, 0.8499407024233208], [-0.31419173635069425, 0.8976706300555686, 0.3089838066057419], [-0.797692746007866, -0.42609444181642697, 0.4267666922565276]], "T": [0.2014628269404336, -0.05846261535163777, 0.02804200749460145], "aligned_model": [[-0.41496450594014433, -0.547896165910391, -0.10028996099325199, 0.3580350900566719, 0.43004465187046886, 0.7416744504769796, 0.22088254187362621, -0.24102013550049595, 0.12398715535352509, -0.2557618227617444, -0.29085559899795566, 0.2623324644513214, 0.03353260776256631], [-0.39446483280685696, 0.21498941529894022, -0.02777103643583395, -0.5066359400561842, -0.5386515074672666, 0.04692921624700781, 0.604177962026899, -0.8037041921442724, -0.47112152981232325, -0.06326701443559898, 0.6667957097205018, 0.3833500213995883, -0.047248043420541924], [-0.2214614992703044, -0.2730381430352437, -0.6881810470023637, -0.5887612135308191, 0.16921970083059495, -0.14261058571701432, -0.2543077502908194, 0.24796091212012106, 0.6018662613345505, 0.5590595037028752, 0.31905074515918874, 0.4150704573318686, 0.03283615241124498]], "inverted": true, "swapped": true, "error_lsq": 0.052921589535281574, "error_max": 0.34269284263121524, "target": "12.xyz", "model": "9.xyz", "model_rescale": 3.877068213659057, "target_rescale": 4.124412569039231},
{"mapping": [10, 11, 8, 14, 9, 3, 12, 13, 6, 5, 7, 0, 4, 15], "R": [[-0.6679106290057394, 0.5823538989687695, 0.46342132883266146], [-0.5801134774631946, -0.01730206527091832, -0.8143518845087302], [-0.4662228489968257, -0.8127512380139651, 0.3493875787432203]], "T": [0.09931432078823325, -0.017816338689070906, 0.1671917227447525], "aligned_model": [[0.4378140738778948, 0.17461016186542683, 0.4255567809481427, 0.7507018898538195, 0.732947758352982, -0.3980225572215002, -0.42023442493192137, 0.34495604989078127, -0.06678973371933787, -0.6493104552789652, 0.2053911391488752, -0.2889531655950338, -0.0924913901516214, 0.053699707754150915], [-0.3546441168260333, 0.16971644167163047, 0.6526332907120908, -0.4473912496897253, 0.10760268420655383, -0.29621405794982225, -0.16323695439082464, -0.6079099248697298, -0.5888214621096657, 0.20494797539295342, 0.6392721333454153, 0.46194012569209475, 0.12181994281777622, 0.03243769182505137], [-0.357380240377023, -0.5426091429002303, -0.03126756132317049, 0.1410923483424542, 0.03145654161826861, 0.4463190815080389, -0.3496420620091729, 0.6020344488373375, 0.00389087391528406, 0.19772772235884253, 0.6397052336020354, -0.3356483408300316, 0.8010710155779923, 0.10804051703623616]], "inverted": false, "swapped": false, "error_lsq": 0.04189788152272491, "error_max": 0.2708934911005042, "target": "12.xyz", "model": "10.xyz", "model_rescale": 4.260839863003843, "target_rescale": 4.124412569039231},
{"mapping": [8, 6, 9, 5, 12, 7, 3, 0, 11, 10, 4, 13], "R": [[-0.3935331151064737, 0.0687289564320348, 0.9167377039602761], [-0.8980812772246343, 0.18432297316006882, -0.3993432872404426], [-0.19642226659206705, -0.980459775877214, -0.010813004838570783]], "T": [0.13558526732057138, -0.11456062056339858, 0.011995202539070056], "aligned_model": [[0.26631391148411243, 0.37694689846579893, -0.4022342592536162, -0.5057639948596907, -0.5411667035257087, -0.3660583190456709, 0.39205458171036767, 0.6388246533452088, 0.13602183561860653, -0.3167156457330236, 0.2321266290787602, 0.04854906180898627], [-0.04765502319333567, -0.6044385342569684, -0.6769559630223055, -0.1912230833000938, 0.16683311868304354, 0.4496605423515624, 0.6615169577261623, 0.15954004980791178, -0.39225789446179293, 0.11050626519611861, 0.5081258753432777, 0.02942619465935442], [-0.6934299943981038, -0.1719138419033063, 0.0287895955750502, -0.4213247399318921, 0.1459969943690821, -0.38420217485369496, -0.4181097140274278, -0.13053017275515627, 0.4870175150389921, 0.7497683962971241, 0.31858668498840526, 0.005529528996432021]], "inverted": true, "swapped": true, "error_lsq": 0.04263386806463518, "error_max": 0.22190382989816373, "target": "12.xyz", "model": "11.xyz", "model_rescale": 3.890672605050136, "target_rescale": 4.124412569039231},
{"mapping": [0, 1, 2, 3, 4, 5, 6, 7, 8, 9, 10, 11, 12, 13], "R": [[1.0, 0.0, 0.0], [0.0, 1.0, 0.0], [0.0, 0.0, 1.0]], "T": [0.0, 0.0, 0.0], "aligned_model": [[0.4162108860995626, 0.23162724242752702, 0.36796219694227345, 0.7134277283723441, 0.6574367002842408, -0.4063549807264845, -0.38109021919845176, 0.2314811125266263, -0.0270285011826476, -0.7134277283723441, 0.1690480518932196, -0.1559179590391467, 0.01271107318252759, 0.09379023158444673], [-0.224850565862772, 0.11207014144748205, 0.6062278101781764, -0.5823763650685241, 0.17919000284982634, -0.366642855118701, -0.10660819998965962, -0.45797707391819203, -0.712958112404596, 0.15709238325566663, 0.7129581124045958, 0.5168962523302119, 0.12602849285785292, -0.026897503133602042], [-0.35341938411839247, -0.7342257107671994, -0.05153442979869369, 0.07015555431386047, 0.1634777410633933, 0.552648919535943, -0.41888337334847514, 0.6809094393420959, -0.1007533419715095, 0.2686322310035279, 0.5124977956539373, -0.10616034227196616, 0.7342257107671994, 0.1372196259531404]], "inverted": false, "swapped": false, "error_lsq": 0.0, "error_max": 0.0, "target": "12.xyz", "model": "12.xyz", "model_rescale": 4.124412569039231, "target_rescale": 4.124412569039231},
{"mapping": [8, 5, 9, 3, 6, 1, 7, 0, 12, 4, 11, 10, 13], "R": [[0.5592598003124643, -0.7490386515955012, 0.3552035672265357], [0.323267594866536, -0.19750482869230765, -0.9254673979954278], [0.7633652715860657, 0.632402515063955, 0.13168341230814337]], "T": [0.21866052429503313, 0.034713391104356534, 0.027176035528900654], "aligned_model": [[-0.2644687582121513, -0.025014007786192005, 0.6399011134071977, -0.6414728349769139, 0.5007241702809775, 0.4338651781959746, -0.49570154819458356, -0.05699543145135999, 0.04515235278412716, -0.07286503209784212, 0.7307429750655755, 0.4761108824976176, 0.09731924799733024], [-0.1906057734144588, 0.6051196116622809, 0.544978333054699, -0.24601014066919982, -0.2508110301807126, -0.6975317544577142, 0.49958985217008234, -0.4713212913156093, 0.7349975070257719, 0.008869620694816283, 0.08895818475487435, 0.5951783052294646, 0.12607395195418286], [0.5119527019669308, 0.4964644839259182, 0.43706196005211667, -0.1583719608983635, 0.44066635996769515, -0.12382824961028407, 0.05043276814007145, -0.10180936673384616, -0.1589132391544525, -0.6095358249904279, -0.16670854320262174, -0.6202333384676906, -0.04547967002720658]], "inverted": true, "swapped": true, "error_lsq": 0.055809116435619005, "error_max": 0.41139758239578994, "target": "12.xyz", "model": "13.xyz", "model_rescale": 3.9028299243045295, "target_rescale": 4.124412569039231},
{"mapping": [5, 0, 4, 13, 10, 11, 2, 14, 12, 1, 7, 3, 9, 15], "R": [[-0.44866962034541136, 0.4544385051382151, -0.7695331161339641], [0.7914880647922626, 0.6019200557424681, -0.10601363019151533], [0.4150207405305231, -0.6566413720918968, -0.6297458958871964]], "T": [0.015698150909646005, -0.003037189706796236, -0.007425841824514223], "aligned_model": [[0.4164806704937336, 0.08021848116681803, 0.5090406318737878, 0.5565760297043792, 0.6505153787916252, -0.2764774096521493, -0.5274632081901365, 0.31707248538842564, -0.0239808119008401, -0.5856106017832046, 0.29069833993510197, -0.11560322098731456, -0.09696247014682617, 0.015371540100292652], [-0.21640466484362447, 0.358435070802673, 0.4049233345658734, -0.5688946246252545, 0.13186077240621977, -0.41604529811124064, -0.030594640504336204, -0.3706279582917096, -0.6973411886877078, -0.17239721167319855, 0.6642769665703981, 0.5815675445795103, 0.21139174633625812, 0.052002671303904485], [-0.2439623637502374, -0.7506561837175298, -0.2300121868549824, 0.13366928698313243, 0.3588557835008205, 0.5310111856359955, -0.5037786341428436, 0.7389662737230563, -0.03207996663729967, 0.17130222714428023, 0.5400179166614055, -0.17972412860115072, 0.7288983206978602, 0.09228290471435435]], "inverted": true, "swapped": false, "error_lsq": 0.0521106378370196, "error_max": 0.36657023974558134, "target": "12.xyz", "model": "14.xyz", "model_rescale": 3.942246331269136, "target_rescale": 4.124412569039231},
{"mapping": [2, 7, 9, 1, 5, 13, 8, 3, 12, 11, 10, 6, 4, 14], "R": [[0.25371618301738147, -0.16331701547209646, -0.9533916566303579], [0.6103308035430782, 0.7916930617153566, 0.026803102026170145], [0.7504161570232556, -0.5886846766215779, 0.30054274702510636]], "T": [0.07501738159072448, 0.011087442901548235, 0.12291993739066859], "aligned_model": [[0.6150178682862028, 0.14862163549335466, 0.42248089850026604, 0.5509477115758966, 0.7066859479751327, -0.5120201499013123, -0.4465637303319743, 0.4406132986948229, -0.03514109281861935, -0.5954688354172972, 0.05821494542439863, -0.19347571478116532, -0.05898991227100363, 0.10895296436499113], [-0.01851529872784397, 0.3231746550519138, 0.7022150651285863, -0.6447083131231851, -0.05021127159858632, -0.414960806102404, -0.09040704832903981, -0.35203828223592526, -0.784274608228408, 0.24162558981067545, 0.603552639745907, 0.4106910743312791, 0.06270691261168271, -0.056697788506886636], [-0.4157553550593905, -0.6696477215184551, -0.10018098224888616, 0.13090011036951005, 0.11881530200956483, 0.49007068660101477, -0.4396571135304623, 0.6239461479234549, 0.27569616689285026, 0.22974418687798348, 0.5200385402163407, -0.16171629411759858, 0.691287294353844, 0.06124946658709075]], "inverted": false, "swapped": false, "error_lsq": 0.0532222927777825, "error_max": 0.3832311175307369, "target": "12.xyz", "model": "15.xyz", "model_rescale": 4.355366556412066, "target_rescale": 4.124412569039231},
{"mapping": [6, 0, 8, 12, 5, 11, 7, 10, 3, 2, 4, 13], "R": [[-0.8550769491544928, 0.18448024459707418, 0.48457244079502604], [-0.5173994843237733, -0.3644747238060421, -0.7742454063977411], [0.03378142457237035, -0.9127569309843193, 0.4071039182984466]], "T": [-0.08573072365494269, -0.17909069033062022, 0.04625827830445128], "aligned_model": [[-0.18894574019770077, 0.48289939201063836, 0.07150680781483884, -0.45389708992708955, -0.6333555730984761, -0.2629673472793579, -0.13325878653487896, -0.3210506258875451, 0.5977463678501024, 0.14204037883995543, 0.3641544207284705, -0.0670636496871769], [-0.7394410951028703, -0.319329075068816, -0.5309382462091707, 0.4418910963258996, -0.0950847138643687, -0.15356110047553945, 0.3009474559789963, 0.5650289597228415, 0.03209259928278824, 0.1923471787532219, 0.3529488362360751, -0.03412546783807677], [0.13235373795948294, -0.029157414700290464, -0.5625690387220703, -0.138043903266774, -0.4996558193564893, 0.5665443372982523, -0.6567841326516087, 0.4826651921590721, -0.5379709913987183, 0.6081464948968635, 0.12105361812548379, -0.037323619133782245]], "inverted": true, "swapped": true, "error_lsq": 0.04841793331153888, "error_max": 0.26858470566931775, "target": "12.xyz", "model": "16.xyz", "model_rescale": 3.795458400668931, "target_rescale": 4.124412569039231},
{"mapping": [4, 2, 10, 3, 12, 11, 0, 7, 8, 6, 9, 5, 13], "R": [[-0.0029314030816168374, 0.3449415014410897, 0.9386196074339914], [-0.7419523315989778, 0.6285491420075846, -0.2333081947047087], [-0.6704462279040835, -0.6970949265810908, 0.25408762036763993]], "T": [-0.21132546297065757, 0.17615898014786857, -0.0306211302439392], "aligned_model": [[0.0020008068275313706, -0.051662203697473014, 0.5151483105740123, -0.3484532061332703, 0.521268381709242, -0.13221361400536624, -0.6218322002141241, 0.269135623733185, -0.5517441355854067, -0.6401540739510622, 0.09709704302462141, 0.18212250223842802, -0.09208143361609508], [-0.2371386866010714, 0.29621594491636594, 0.3792926582385222, -0.7355904166601459, 0.07464219573240254, 0.6415054471089143, -0.1915236490012316, -0.44231181993311064, -0.22840978989345717, 0.489630187825003, 0.741554528497436, 0.11826443182423213, 0.05765023341662576], [-0.5547718577060062, -0.7130125886573105, -0.5107388966509869, -0.08513879231216952, 0.0595606193739287, -0.313386306557108, -0.2427254504426205, 0.30644738487866546, 0.458899332536315, 0.1927623255078534, 0.40644162008315704, 0.6378241568082563, -0.039886516025677866]], "inverted": false, "swapped": true, "error_lsq": 0.04926611077275763, "error_max": 0.29885241911179283, "target": "12.xyz", "model": "17.xyz", "model_rescale": 3.7474275329858107, "target_rescale": 4.124412569039231},
{"mapping": [0, 0, 1, 6, 2, 5, 8, 9, 4, 10, 11, 3, 12, 13], "R": [[0.8957381946380709, 0.42974902018875616, -0.11388093042003766], [-0.3879996936148471, 0.6306004272305028, -0.6721602033232049], [-0.21704682541173947, 0.6462653331438345, 0.7315953763899649]], "T": [0.08988783389041796, 0.08691412752602284, 0.20892679339738343], "aligned_model": [[0.39011369404511476, 0.39011369404511476, 0.40896565623031245, 0.5495028213598042, 0.7793952324050012, -0.4137263029448297, -0.38861878904332203, 0.32618977276958605, -0.034329393758369686, -0.5753752500628415, -0.07804771582187758, -0.23969020402772975, -0.07656490608174268, 0.17194752567947366], [-0.09382528065405316, -0.09382528065405316, 0.6216622611415745, -0.525888886462033, 0.029701227338412794, -0.36729210013707453, -0.08693868172413685, -0.4163473037519371, -0.6756887452770559, 0.21473468314516264, 0.738269184996889, 0.5486845096584645, -0.015999131564459035, 0.05490606377206443], [-0.5502438659447418, -0.5502438659447418, -0.09232425422766863, 0.11823312878401387, 0.05037410418822216, 0.46050072011086574, -0.2986764608702335, 0.5812351217034799, -0.09477167674750578, 0.34131374575172, 0.47212045224198385, -0.16354550411817279, 0.9306880210707985, 0.15013076935884107]], "inverted": false, "swapped": false, "error_lsq": 0.04904667874838343, "error_max": 0.31837116611429844, "target": "12.xyz", "model": "18.xyz", "model_rescale": 3.922800546911778, "target_rescale": 4.124412569039231},
{"mapping": [13, 12, 7, 4, 11, 1, 5, 6, 8, 0, 9, 3, 2, 14], "R": [[-0.6336440198021495, 0.4169448762439742, -0.6516534557131347], [-0.5221696845582484, -0.852020878897593, -0.037406449322445856], [-0.5708187774568324, 0.31657130649582005, 0.7575939091665251]], "T": [0.09162227263354916, -0.08697332408131449, 0.11386224460544928], "aligned_model": [[0.6159149458391182, -0.021534742442678, 0.42032541407675217, 0.6931276361110011, 0.7596764601249792, -0.42587847133692347, -0.5377509470357742, 0.18050754981478478, 0.0623370779956432, -0.6649314415377878, 0.26740060453874653, -0.18219547236890288, -0.08236422241343244, 0.12524144342816695], [-0.17207962028672452, 0.15268576746833695, 0.5681389028721274, -0.44677463603161965, 0.15019229781219184, -0.4073440572503603, -0.2191336089262253, -0.6467503168225842, -0.6335048388127189, 0.26435622016293264, 0.5905817417459401, 0.4670726719711646, 0.26498181575267743, -0.000269819827372883], [-0.3216694511290181, -0.626659905193696, -0.20393208190169151, 0.29442096834612785, 0.1824164796010809, 0.5352155372881825, -0.29718121983413637, 0.5069486190971977, -0.1597000605501325, 0.16521070701244475, 0.529511491831322, -0.051080534457757815, 0.7130160160810932, 0.08827386916584441]], "inverted": true, "swapped": false, "error_lsq": 0.04835919785944023, "error_max": 0.2780485968120764, "target": "12.xyz", "model": "19.xyz", "model_rescale": 3.9282355846067225, "target_rescale": 4.124412569039231},
{"mapping": [8, 9, 11, 6, 4, 2, 12, 5, 7, 10, 0, 11, 1, 13], "R": [[0.6137198502778981, -0.6023719994235461, 0.5103880089552983], [0.7753821123090654, 0.338049047131061, -0.5333904963953837], [0.14876331969274703, 0.723098068068406, 0.6745358839007252]], "T": [0.18026739356541338, -0.12030887288442138, 0.09169136913664222], "aligned_model": [[0.6802890472431999, 0.03407393200420031, 0.11378464089224777, 0.6339068404166919, 0.6583353861740311, -0.4408049783183891, -0.4353402734423674, 0.2610276463350277, -0.1092978665456642, -0.5952705031632628, 0.2049474884433377, 0.11378464089224777, -0.013960522692257421, 0.10440035655465028], [-0.0435769429285922, 0.07261981115380159, 0.5665258312000134, -0.5820653497612092, 0.29288293796146836, -0.3610218293838706, -0.239973305158311, -0.5378228099798549, -0.6544962456524291, 0.25143079617162567, 0.5713607083087997, 0.5665258312000134, 0.06857700072420173, -0.03881391402789165], [-0.47638620999033854, -0.5562521622839703, -0.10118502700399523, 0.18021403504694272, 0.08213276919348968, 0.5765032829916956, -0.48233125170453206, 0.6456318408050792, -0.04576257693854385, 0.14253365644973648, 0.49316499413042597, -0.10118502700399523, 0.790331791388263, 0.20738032027660372]], "inverted": true, "swapped": false, "error_lsq": 0.05014714357759475, "error_max": 0.3431009207648817, "target": "12.xyz", "model": "20.xyz", "model_rescale": 4.067790424073018, "target_rescale": 4.124412569039231},
{"mapping": [5, 13, 1, 4, 8, 3, 11, 2, 6, 12, 7, 9, 0, 14], "R": [[-0.7289901823130811, 0.567065749145834, -0.3834185053395504], [0.6317569820089148, 0.7730006075605761, -0.05790661787713004], [0.2635458779304442, -0.2844406737030663, -0.9217576001147032]], "T": [0.08644435256740735, -0.029338613256669224, 0.06012185956932269], "aligned_model": [[0.5807482397961312, 0.058118176033058605, 0.4046747234222432, 0.7218395262152153, 0.5966664445366281, -0.5421199833880997, -0.45666600126429024, 0.15879805564460395, 0.07514366691003799, -0.6164179387133986, 0.3033101363161756, -0.1924225807463854, 0.07766342992484923, 0.04053994010692416], [-0.06453152523696803, 0.025105309989030062, 0.6591857948496354, -0.4964567875198477, 0.15851358067993487, -0.470798452499979, -0.20483384323227216, -0.5443442043318896, -0.7522615092018669, 0.24236888983990798, 0.5969012699133933, 0.6943401851336104, 0.07061732852651235, 0.01834648291856437], [-0.26064479529805273, -0.6372711372565409, -0.2528776161271632, 0.20346089582388097, 0.23203133232987166, 0.4258609777272021, -0.24362939029768005, 0.5923399674454186, -0.09739538938219311, 0.19859026446447015, 0.40284156687394357, 0.009405691206047583, 0.7632503930685268, 0.0188276747791297]], "inverted": false, "swapped": false, "error_lsq": 0.04788969161821647, "error_max": 0.24775362737895687, "target": "12.xyz", "model": "21.xyz", "model_rescale": 4.186013935880536, "target_rescale": 4.124412569039231},
{"mapping": [7, 8, 5, 10, 2, 12, 4, 0, 9, 6, 1, 11, 13], "R": [[0.440611675377176, -0.4593465610064419, -0.7712730310421032], [0.895389051566217, 0.16329881891646286, 0.41426071751475374], [-0.06434126091916731, -0.8731175365505169, 0.48324524778965827]], "T": [-0.07306434192066727, 0.044589737344144016, 0.018652844087030284], "aligned_model": [[0.13973927049324622, -0.46635846125632996, 0.36380747959136095, 0.5752216980465173, 0.00352876192707767, 0.5455142550240775, -0.1543423434536672, -0.6323188915426572, 0.520628885788494, -0.2771951010257387, -0.6899314646167093, 0.15119083817739545, -0.020910891729841508], [-0.3699628340993316, 0.2269541308130394, 0.23936714540036988, -0.4355069597545535, -0.36252718071950907, -0.2915327922108575, -0.6410558083258123, -0.14495533372548144, 0.5464483330029647, 0.5767496672168688, 0.1230531884560877, 0.14376648286367283, -0.09184137937136458], [-0.6953674345672892, -0.5568938608195656, -0.5946798182706176, 0.40436371541573546, 0.5965398963178354, -0.2253027077507804, 0.1384072427323024, 0.019899643000827815, -0.019905129887694762, 0.10347492945753539, 0.48621752428277376, 0.5112335493959087, -0.06510798797162569]], "inverted": true, "swapped": true, "error_lsq": 0.04480772452096363, "error_max": 0.24491841612312226, "target": "12.xyz", "model": "22.xyz", "model_rescale": 4.166573947596378, "target_rescale": 4.124412569039231},
{"mapping": [13, 5, 6, 14, 12, 8, 7, 9, 10, 4, 2, 1, 3, 15], "R": [[-0.7786569716852726, -0.573807560765473, -0.2538468113928143], [-0.1524451752981706, -0.21943794978557196, 0.9636428045298814], [-0.6086491509681345, 0.7890449096231996, 0.08339269526455012]], "T": [0.10514015453993353, -0.002560704440827407, 0.21457418973626646], "aligned_model": [[0.3939832319829012, 0.051508312627888915, 0.44446427300484126, 0.6999948381324838, 0.7478009526002332, -0.5643180268883244, -0.2597790107438684, 0.17874270822886684, 0.13136595913316798, -0.5364842075200122, 0.05488907653922326, -0.1526074093974088, -0.06674356719538055, 0.08705870428908132], [-0.3405290640438444, 0.13009263630594076, 0.6109789468342582, -0.5002219316566363, 0.10722792250116357, -0.3856463158268273, -0.29536989898266897, -0.43664567266056104, -0.633304951607191, 0.28195889244647404, 0.6399926727027615, 0.5631304595614922, 0.1477813903244882, 0.04270743392891542], [-0.505953535903952, -0.6043206129845646, -0.08129042610706755, 0.05818054678902884, 0.2802621738726985, 0.45778253229254173, -0.3262459523170294, 0.6227433590009657, -0.1884334217849719, 0.4318764915253848, 0.4079888372431886, -0.134221970106711, 0.7707035746459818, 0.16571883919136854]], "inverted": true, "swapped": false, "error_lsq": 0.04438743016660191, "error_max": 0.271199821685866, "target": "12.xyz", "model": "23.xyz", "model_rescale": 4.274766983524099, "target_rescale": 4.124412569039231},
{"mapping": [4, 0, 1, 11, 6, 9, 12, 5, 7, 8, 13], "R": [[-0.6960484347253781, 0.5466744013377753, -0.46547145501989245], [-0.04867665379122592, 0.6108729481326278, 0.7902308679211669], [0.7163429066390202, 0.5726965515539069, -0.39858687879334814]], "T": [-0.12865027848162025, 0.09790076364439657, -0.039874448911925715], "aligned_model": [[0.307093142144743, 0.11946607082931143, -0.37045348633764946, -0.569165288095494, -0.5306058084129643, -0.5860682812454365, 0.153061803130012, 0.04618353325920441, 0.5997800377390253, 0.1953947201693223, 0.015208260778001137], [-0.10874490022930594, 0.534798551561127, 0.6209228056985934, -0.14155555899486577, 0.475489204082959, -0.24507147924073183, -0.5586757214973707, -0.13462727059122534, -0.14914136228739636, 0.6117303315416062, 0.010461931200093616], [-0.5482859798670904, -0.3501213503715519, -0.5626338989328986, -0.26652254563506667, 0.12720955854044438, 0.48829146004027757, 0.17149671510529824, 0.6814687657936337, 0.32798915720070865, 0.3476369184594203, -0.03696236631159788]], "inverted": true, "swapped": true, "error_lsq": 0.04028685105884971, "error_max": 0.21144915688798452, "target": "12.xyz", "model": "24.xyz", "model_rescale": 3.7841303162186577, "target_rescale": 4.124412569039231},
{"mapping": [10, 10, 0, 11, 7, 5, 9, 3, 13, 2, 1, 8, 4, 15], "R": [[-0.9253232311991587, -0.2730328522471785, 0.2631159048725849], [0.17005625873975408, 0.3213876404979444, 0.9315529257098613], [-0.33890675217024896, 0.9067320696484352, -0.25095650460683216]], "T": [0.08492332353883393, -0.008221923124903906, 0.075023354679699], "aligned_model": [[0.3720540685096815, 0.3720540685096815, 0.44155459808129793, 0.672000910308536, 0.7039428976977418, -0.5231552713559355, -0.35812796027355553, 0.10971545663403633, 0.10890138235922668, -0.6277070983652425, 0.0977154437365866, -0.18081231896991956, -0.0987548692953074, 0.12049452721686556], [-0.019265429009099826, -0.019265429009099826, 0.6259303021606697, -0.5029388376895827, 0.14264899141669687, -0.3435918528154597, -0.05172394389024954, -0.5401689762773576, -0.789292673371057, 0.15786846518531694, 0.6553094256818603, 0.5196304674347278, 0.12518456823389926, -0.028172558223499504], [-0.6479490386711609, -0.6479490386711609, -0.03449850859501956, 0.07026407753359967, -0.05481613874878255, 0.6108462527848826, -0.30438914198804223, 0.6795227925720445, 0.038232960876996624, 0.25768394871957406, 0.4105809572082759, 0.06038758617219696, 0.7857760348708277, 0.13109769129262966]], "inverted": true, "swapped": false, "error_lsq": 0.045766063784997535, "error_max": 0.36188781472409687, "target": "12.xyz", "model": "25.xyz", "model_rescale": 4.19342608120988, "target_rescale": 4.124412569039231},
{"mapping": [6, 0, 8, 12, 5, 11, 7, 10, 3, 2, 4, 13], "R": [[-0.8550769491544928, 0.18448024459707418, 0.48457244079502604], [-0.5173994843237733, -0.3644747238060421, -0.7742454063977411], [0.03378142457237035, -0.9127569309843193, 0.4071039182984466]], "T": [-0.08573072365494269, -0.17909069033062022, 0.04625827830445128], "aligned_model": [[-0.18894574019770077, 0.48289939201063836, 0.07150680781483884, -0.45389708992708955, -0.6333555730984761, -0.2629673472793579, -0.13325878653487896, -0.3210506258875451, 0.5977463678501024, 0.14204037883995543, 0.3641544207284705, -0.0670636496871769], [-0.7394410951028703, -0.319329075068816, -0.5309382462091707, 0.4418910963258996, -0.0950847138643687, -0.15356110047553945, 0.3009474559789963, 0.5650289597228415, 0.03209259928278824, 0.1923471787532219, 0.3529488362360751, -0.03412546783807677], [0.13235373795948294, -0.029157414700290464, -0.5625690387220703, -0.138043903266774, -0.4996558193564893, 0.5665443372982523, -0.6567841326516087, 0.4826651921590721, -0.5379709913987183, 0.6081464948968635, 0.12105361812548379, -0.037323619133782245]], "inverted": true, "swapped": true, "error_lsq": 0.04841793331153888, "error_max": 0.26858470566931775, "target": "12.xyz", "model": "26.xyz", "model_rescale": 3.795458400668931, "target_rescale": 4.124412569039231},
{"mapping": [8, 7, 3, 0, 2, 9, 5, 6, 12, 4, 11, 10, 13], "R": [[0.8388869099004077, -0.354353658109393, 0.4131612728490376], [0.3799466374720867, 0.9247542816431682, 0.021681126730007855], [-0.3897554426450004, 0.13879122294698376, 0.9103997426194059]], "T": [-0.23444758409671668, -0.08682410714566714, -0.16949649229160504], "aligned_model": [[-0.046109503736474294, 0.40335015321770556, 0.5993903518710537, 0.048363697959818264, -0.16187998653910884, -0.7776105927663339, -0.21707909023589755, -0.6894285625305359, 0.03491054055576359, 0.32111349643361903, -0.5922705389684663, -0.1335304598439596, -0.08954312259592748], [-0.7585890083400617, -0.40762701295710096, -0.3527936263322555, -0.14428023446026045, 0.6124763309093977, -0.206792470146729, -0.5682898145359634, -0.3392863074049897, 0.05046965143160449, 0.33221786046263346, 0.32963573526906986, 0.6478277284771723, -0.07308732911560302], [-0.3496401317786455, 0.29661906438500363, -0.4645179616912043, -0.6846771517915168, -0.27568959370313517, 0.374931605727974, 0.44112719695016356, -0.417112102956974, 0.5114798445105613, -0.2520359313984417, -0.1336343044331606, 0.33014629900144254, -0.08486017072264095]], "inverted": false, "swapped": true, "error_lsq": 0.03771839633045749, "error_max": 0.24549784314403822, "target": "12.xyz", "model": "27.xyz", "model_rescale": 3.6321398670334006, "target_rescale": 4.124412569039231},
