[{"mapping": [4, 2, 6, 3, 0, 7, 10, 11, 9, 5, 8, 12, 1, 13], "R": [[0.4591380197975252, 0.24137561964253426, 0.8549444947004398], [-0.6845443613486007, 0.7095111217884165, 0.16731104388049106], [-0.566207820612047, -0.6620662944907602, 0.4909958508755756]], "T": [0.16600054355579183, 0.1609500494215858, -0.07728926685135673], "aligned_model": [[-0.060988171600807356, 0.1953509125197034, 0.5582918047873916, 0.5856932657462032, 0.01584719431383061, -0.4209685429759835, -0.6652705665446957, -0.033883267035282244, -0.5184212513849653, 0.7100217834124467, 0.019614362829070336, -0.14891604626231278, 0.42154908073712594, 0.03416156911733301], [-0.6201043959381232, 0.07054396408934957, -0.4547641489987268, 0.11174258495484998, 0.7114316760613033, -0.3095241264255724, 0.20002378291902956, -0.12369399589861685, 0.2676676390672955, 0.0015091782976807133, -0.5772864376779678, 0.6083161481207933, 0.6745484580178449, 0.06872121598828976], [-0.5791202176569785, -0.8403250071586418, -0.3043352454825716, -0.384920458668587, -0.5967470466796495, -0.15155785908562197, 0.49094528815607985, 0.527761202589518, -0.31587119079889436, 0.42373045296182177, 0.13284665780184138, 0.11194847559341159, -0.014394646613674927, -0.051751268536141]], "inverted": true, "swapped": false, "error_lsq": 0.04694853057392013, "error_max": 0.3053029641887025, "target": "120.xyz", "model": "0.xyz", "model_rescale": 3.8414455957264533, "target_rescale": 4.128682833733928},
{"mapping": [10, 5, 6, 2, 4, 12, 11, 13, 1, 9, 8, 0, 7, 14], "R": [[-0.4147378052726193, 0.5700796067281652, -0.7092261944332792], [0.9033695490926112, 0.35146011225587304, -0.24576258312709282], [0.10916048117273477, -0.7426203818141202, -0.660756352874785]], "T": [0.08554824708171815, 0.07895265910755409, -0.13765938984976256], "aligned_model": [[-0.13545865120378517, 0.1906766504180863, 0.6153303907087451, 0.6758536328154474, 0.1487512244733692, -0.4517193943244291, -0.6961456551056531, -0.053754790922342865, -0.6638645700452295, 0.5966317905988073, 0.10790535770730099, -0.12114143598945604, 0.47227508102772486, 0.006742497500471595], [-0.4624297511152553, -0.08328401574165187, -0.39590855110892087, 0.25861330361231627, 0.5509047613876126, -0.42836541695235064, 0.07144503608837577, 0.022453921761610582, 0.40890259358452896, -0.005914059197474647, -0.6080926618473264, 0.7045532761817493, 0.5187610770580016, 0.07749202886621442], [-0.4932467029276517, -0.7676991228256379, -0.4599401449521102, -0.5424634560451468, -0.4004974229622753, 0.05276486035967126, 0.2016983579764159, 0.6054755621747556, -0.41696453021283203, 0.3063011170239817, 0.2519189515131162, 0.16469902715808338, 0.12685131606049715, -0.18068867591895504]], "inverted": true, "swapped": false, "error_lsq": 0.04555620975927004, "error_max": 0.38113273622453553, "target": "120.xyz", "model": "1.xyz", "model_rescale": 4.316132596720782, "target_rescale": 4.128682833733928},
{"mapping": [11, 8, 6, 9, 7, 12, 10, 3, 5, 4, 1, 13], "R": [[0.6344100155654124, 0.1393026909830632, 0.7603411684468823], [-0.6560465142540406, 0.6172378637909467, 0.4343044906950786], [-0.4088115743046129, -0.7743462919054147, 0.48297092762082283]], "T": [-0.043310476471937, 0.05163738379882725, -0.18245532179611756], "aligned_model": [[-0.0793163769845639, 0.5384321514164294, 0.10333983879346534, -0.5591682352380685, -0.5119322612483899, -0.5181193893536108, -0.2547615578058938, -0.1628582483024075, 0.5345572406693876, 0.19603957475793893, 0.3300781844049393, -0.01848236647744532], [-0.555637751893204, -0.40722492911921976, -0.6272070707502024, 0.4423773777534661, -0.1692223503974794, -0.1327766634055743, 0.3979555527323466, 0.594104827228726, 0.025938181144086678, -0.014791693137863063, 0.43188233793915815, 0.027378609646739414], [0.2339076486525738, 0.03819432405380738, -0.5624992359720239, 0.02719618204931673, -0.47687105231349075, 0.382431701913827, -0.8513460646655884, 0.4585004512305133, -0.45866130361917734, 0.616402414375737, 0.11856111229619448, -0.07655771679226835]], "inverted": true, "swapped": true, "error_lsq": 0.037873797791652654, "error_max": 0.22975817467890464, "target": "120.xyz", "model": "2.xyz", "model_rescale": 3.795458400668931, "target_rescale": 4.128682833733928},
{"mapping": [6, 7, 10, 3, 8, 1, 9, 11, 12, 4, 5, 13], "R": [[0.00440329474054553, -0.9562248815239336, 0.29259970428892657], [0.3854431905968192, 0.27161610014683474, 0.8818493300805805], [-0.9227210617613386, 0.10889752107171224, 0.36976637500787446]], "T": [-0.09519646593115663, 0.004952007227799653, 0.037978201405136615], "aligned_model": [[-0.09975938912574864, -0.2944885718125346, -0.8646593623635448, 0.20501098424235972, 0.36636897538629154, 0.026858225204493658, -0.14029876136864075, 0.5508822143719554, 0.4441144448011538, 0.6607648940074347, -0.2730707691333297, 0.011580941533675004], [-0.07949732711638105, -0.5244297780665667, -0.13221094202666311, 0.08975229071766483, 0.4354407112856127, 0.491432501344242, -0.3580805514227017, -0.18603507274986725, -0.46962541466112795, 0.2595821209496422, 0.5319111030773308, 0.02752940395852451], [-0.7491793271762142, -0.14938135576856335, 0.07226866936542489, 0.8266931680993924, -0.4084545399935128, 0.38877100639158957, 0.6114883299342498, -0.2612606874474851, 0.28791700654033076, 0.2900910320858117, -0.28070053256975824, 0.060518661177834936]], "inverted": true, "swapped": true, "error_lsq": 0.04658686103561313, "error_max": 0.24628745016824696, "target": "120.xyz", "model": "3.xyz", "model_rescale": 3.7530521520055578, "target_rescale": 4.128682833733928},
{"mapping": [9, 11, 4, 8, 3, 6, 2, 7, 10, 5, 13], "R": [[0.34596959472636524, -0.09351097648475912, 0.9335741731655507], [0.9322139052640012, 0.14690518093399377, -0.3307508165480332], [-0.10621805099565088, 0.9847205517768063, 0.13799695848484456]], "T": [-0.10964444936065001, -0.003954615129374575, 0.060192218313716926], "aligned_model": [[-0.45507667635036697, -0.056980454002526326, 0.40670250365441407, 0.45224693759433365, 0.09108257342509424, -0.20237458174586934, 0.035844716958158024, -0.6781387676589685, -0.5169974184829716, 0.31127660411161673, -0.04938583505770851], [-0.5867654144847908, 0.1140815801432101, -0.3964817698653447, 0.3661962615182916, -0.8271016338618549, 0.748796235210448, -0.5997066034627623, 0.16665602501857896, 0.12755137487626123, 0.4021835046927948, -0.04820620147048558], [0.12142025054704261, -0.6655705519224326, -0.46818568511806824, -0.32050683778628014, 0.02114676041439214, -0.16682488457073322, 0.5488067344276655, 0.007540140831004877, 0.7150451735388612, 0.32241080327131727, -0.022451126387453023]], "inverted": true, "swapped": true, "error_lsq": 0.05264364125238843, "error_max": 0.28002441208462703, "target": "120.xyz", "model": "4.xyz", "model_rescale": 3.7855080009869324, "target_rescale": 4.128682833733928},
{"mapping": [13, 6, 8, 7, 4, 12, 2, 9, 1, 10, 15, 0, 5, 16], "R": [[0.040404534202936666, -0.976225070425516, 0.21296029087259521], [0.7167185093141444, 0.17681990999013752, 0.6745734191602797], [-0.6961911030904908, 0.12537675743045956, 0.7068229033314282]], "T": [-0.000570623829470096, -0.007860127858800282, -0.10928541858147342], "aligned_model": [[-0.08888921085799713, 0.19001087650466025, 0.5029898311555687, 0.6307526865257189, 0.07822610203040375, -0.6087156966042975, -0.5046867489574096, 0.019868092735117415, -0.5607528298468345, 0.6251612651178045, 0.2572450359102259, -0.21317788112816147, 0.39208652502574476, -0.028035919951486476], [-0.6091617867695442, -0.00024392119510472515, -0.4762825671918948, 0.30358746024278754, 0.5820847551671106, -0.25093768156971014, 0.18114581552881623, -0.14175463735819413, 0.4343634819422537, -0.04593206310041715, -0.7130521514959026, 0.73829525024074, 0.6573767969956114, -0.030357208859122107], [-0.5036250958292369, -0.7335431804021898, -0.2586747102596737, -0.36580198635786043, -0.5483262991958601, -0.29405050281486605, 0.3966092081233773, 0.589691361032951, -0.3617495031270064, 0.2621636424965139, 0.23064604815476383, -0.02851296537140116, 0.1323412394727296, -0.06895811950032904]], "inverted": true, "swapped": false, "error_lsq": 0.03666739334700927, "error_max": 0.20624703797618837, "target": "120.xyz", "model": "5.xyz", "model_rescale": 4.2253639853439635, "target_rescale": 4.128682833733928},
{"mapping": [7, 6, 12, 11, 5, 3, 4, 1, 2, 9, 0, 10, 8, 13], "R": [[-0.375267273295038, -0.8886557413651985, -0.26356298475388557], [0.9253742684783925, -0.34278188643928625, -0.16181174730903858], [0.0534503211570061, -0.3046170574143772, 0.9509739804539443]], "T": [0.06575281312506197, 0.07779895265065898, -0.06530894780774678], "aligned_model": [[0.04233903156992657, -0.06580045594893331, 0.6873544076182077, 0.5733028230161734, 0.062201456922128126, -0.44561610216101943, -0.5712560209051403, -0.0695409820484331, -0.47419372472096855, 0.5180572658493393, 0.05802981879712389, -0.19022863612536278, 0.5484605001746605, 0.018972745621355848], [-0.6266967046936086, -0.034713290688171694, -0.46260375315502256, 0.2214765338256899, 0.6131071319625915, -0.3282033200719514, 0.013021528260121623, 0.17020386011895766, 0.38446016445423215, -0.08734227890431165, -0.6328494680072574, 0.7787064779920818, 0.5729062413077123, 0.04765842017636562], [-0.4293541093512955, -0.684786712233491, -0.5045356976198551, -0.6374134216063821, -0.4032050967670809, -0.34220867644891695, 0.23624526433881948, 0.6501368600782133, -0.31945113139890446, 0.309851662027138, 0.30615010363886863, 0.16209952377709524, 0.19493504766684466, -0.0902544796791409]], "inverted": true, "swapped": false, "error_lsq": 0.04507898845457494, "error_max": 0.25475555658456245, "target": "120.xyz", "model": "6.xyz", "model_rescale": 3.89814844738969, "target_rescale": 4.128682833733928},
{"mapping": [5, 0, 10, 8, 7, 2, 1, 6, 4, 3, 9, 12, 13], "R": [[-0.21539344156463294, -0.30723466462227866, 0.9269371748858597], [0.9146448004446562, -0.3960028186026962, 0.08128134274404575], [0.34209728784440546, 0.8653257354968452, 0.3663069984812547]], "T": [0.06471749078570412, 0.01903429556631106, -0.003080319223490651], "aligned_model": [[-0.016071574034642697, -0.22724819138648167, 0.5706044594434643, -0.24905160019251926, 0.61691581567138, -0.3095362631530384, -0.499018758281902, 0.5221717290607418, -0.6555233993690555, -0.5605172577507103, 0.03510606311949159, -0.05753983244741219, -0.021659389775093893], [-0.348648406698576, 0.16355824948104106, 0.4046262148200217, -0.6875073668552634, 0.10710373215509397, 0.646384481715386, 0.11601263284100466, -0.626987305041963, -0.1528103850791664, 0.5461065121728551, 0.6438413110924919, 0.16430148766941338, -0.0121998928018534], [-0.5218903513033454, -0.7547786082485501, -0.458557987804224, -0.006714922629191416, 0.20280024339667918, -0.28803215037759117, -0.2208252489024205, -0.015776640473507558, 0.3862748114874824, 0.2220047482759718, 0.264277268887218, 0.73346566299922, 0.060028205528554646]], "inverted": false, "swapped": true, "error_lsq": 0.05115886776456486, "error_max": 0.3285969174254583, "target": "120.xyz", "model": "7.xyz", "model_rescale": 3.7474275329858107, "target_rescale": 4.128682833733928},
{"mapping": [6, 7, 10, 11, 9, 3, 2, 1, 8, 12, 0, 4, 13, 14], "R": [[-0.1849443804609472, 0.8974388099032249, 0.4004986374700919], [0.8507329927366383, -0.05781525770762763, 0.5224086245895676], [0.4919847062717292, 0.4373339438640503, -0.7527881975290502]], "T": [0.07789549138420702, 0.03814615684277162, -0.10385852004524214], "aligned_model": [[-0.08985134879306773, 0.2532301031116479, 0.6165084987551934, 0.559705875219333, 0.09397848874763946, -0.5418752851095526, -0.550572621937854, -0.03535881162269565, -0.4664712956808609, 0.6204227861314985, -0.0033864468943488185, -0.24764425653434163, 0.4189995134442433, 0.06439692882222325], [-0.6439008158513986, -0.1341337965735542, -0.44698670442385247, 0.2618712216465724, 0.43676826149421094, -0.31016883054789096, 0.20287690726363067, -0.21424952911879852, 0.4102670924166712, 0.12271617275481835, -0.5882992168684114, 0.70781810665641, 0.7523135856966661, 0.07223908803235587], [-0.5205250810349648, -0.7390396150923738, -0.3270299673638959, -0.42679164779315637, -0.752844032185123, -0.19710760126311316, 0.4313807780757349, 0.5949058899015308, -0.27821770765686527, 0.17748586973741798, 0.08368528255164136, 0.1365353193172787, 0.3224333499115426, -0.05666170068374196]], "inverted": false, "swapped": false, "error_lsq": 0.04664905983850433, "error_max": 0.28928853765700324, "target": "120.xyz", "model": "8.xyz", "model_rescale": 4.019505241142653, "target_rescale": 4.128682833733928},
{"mapping": [11, 7, 5, 8, 4, 1, 0, 12, 3, 9, 10, 2, 13], "R": [[-0.026126618578889017, 0.06312895746311563, 0.9976633372692684], [0.03439569904229697, 0.9974698538866589, -0.06221596639705515], [-0.9990667323502597, 0.03268983507067452, -0.028231879038192173]], "T": [-0.12288867261746016, -0.01892876746076428, -0.08742440864882078], "aligned_model": [[-0.2624039536209991, -0.7134244374610011, 0.17585192517487525, 0.18719787629389, 0.37870622452467506, 0.4770783762577281, 0.44749348415443924, -0.3190125645245941, 0.33719131542109865, -0.2259500834328807, -0.4089025102266574, 0.31501502200891907, -0.06913990282831675], [-0.7067458708408056, 0.0432616526470317, 0.2576127552700234, -0.3928381163087244, -0.6816404686337746, -0.007087920718890091, 0.5663984352454802, -0.6384268989715867, -0.248746224843246, -0.02744669494658779, 0.6992733637844482, 0.31607356927978253, -0.11630935284909225], [-0.31299204180294016, -0.03776674237381328, -0.5825608881799409, -0.6888423203882392, 0.007920817856606727, 0.03305606871865019, -0.14432530102265367, 0.3079322381801693, 0.5870362950217918, 0.5849196355217372, 0.032760628681674786, 0.47011075893035076, -0.0805456550995146]], "inverted": true, "swapped": true, "error_lsq": 0.051371023568862126, "error_max": 0.279230615096219, "target": "120.xyz", "model": "9.xyz", "model_rescale": 3.877068213659057, "target_rescale": 4.128682833733928},
{"mapping": [7, 4, 1, 5, 3, 2, 14, 11, 13, 0, 8, 6, 12, 15], "R": [[-0.403298525710214, 0.19140353258602813, 0.8948267915488208], [-0.8954248116486421, 0.11898431675335502, -0.4290188096700784], [-0.18858607012173914, -0.9742727647226552, 0.1234012725854638]], "T": [-0.050325100321351166, 0.0842648080946779, -0.059313717318413645], "aligned_model": [[0.029489885674381003, -0.046949081591401355, 0.6195357888561728, 0.6456273548863303, 0.11032718905005327, -0.5486004652140617, -0.7734585110313494, 0.22813372213433458, -0.6897028707779179, 0.6710255031104708, 0.09255569203448773, -0.14622401163133447, 0.46891725418307395, 0.031404677975818016], [-0.6157132146433877, -0.055208573488798124, -0.3409581283813455, 0.2367229502924473, 0.5108964022544179, -0.29615632531695585, 0.15586342070914522, 0.007722585412842958, 0.4063415743358283, -0.06373171506315403, -0.6158017210962989, 0.684919284232689, 0.5420491595911776, 0.07218584373882142], [-0.47155988784158187, -0.7216025199356525, -0.4105664093343454, -0.3808757443218119, -0.5008311773499171, -0.2769298471074273, 0.22612148658116424, 0.6198455045193091, -0.3510346786107149, 0.2432030122942304, 0.23191620849685093, 0.04228438418835179, 0.22178427365121242, -0.02354546880775625]], "inverted": true, "swapped": false, "error_lsq": 0.03464816667161771, "error_max": 0.2225160105536326, "target": "120.xyz", "model": "10.xyz", "model_rescale": 4.260839863003843, "target_rescale": 4.128682833733928},
{"mapping": [10, 7, 12, 9, 3, 2, 0, 5, 11, 4, 1, 13], "R": [[0.9468963593855532, 0.2944737909568994, -0.12912192308766948], [-0.02796920542633377, 0.4754857598587511, 0.879278690586418], [0.3203201650383648, -0.8289743534096932, 0.4584719329018695]], "T": [0.17229512423736512, -0.09911390025284719, -0.05827970431227873], "aligned_model": [[0.33891426022459054, 0.22647395662889325, -0.3771171068982835, -0.4437653843716025, -0.5957340081649353, -0.29484268512957146, 0.3440779022578435, 0.6862648203848328, 0.17156281144566335, -0.20590262156988057, -0.017100494056837917, 0.12606719834341834], [-0.055912825819515205, -0.6083430720708404, -0.5291418623423375, -0.1837085561122415, 0.23500802466193574, 0.4491327295622478, 0.6627421090362465, 0.2786579885866387, -0.5179305108007533, 0.0806781310423004, 0.45284453041434414, -0.0909481806250913], [-0.8214535970247552, -0.3629374244223417, 0.24465848445528598, -0.3340584510496416, 0.07543899662284399, -0.36818222839500486, -0.3057621255673702, 0.005004127515312026, 0.5483748505288574, 0.6659552316560909, 0.12634803304218395, 0.04279218003404435]], "inverted": true, "swapped": true, "error_lsq": 0.05227114967035365, "error_max": 0.26738472923275985, "target": "120.xyz", "model": "11.xyz", "model_rescale": 3.890672605050136, "target_rescale": 4.128682833733928},
{"mapping": [3, 13, 7, 12, 10, 0, 1, 6, 2, 5, 8, 11, 9, 13], "R": [[-0.5115127496940357, -0.3079454043239268, 0.8021996851509107], [-0.3780852173356303, 0.9190070070776023, 0.11170357816353613], [-0.7716257352711328, -0.2461620378897632, -0.5865134062996709]], "T": [-0.009104895817287954, 0.06977197648492982, -0.024383859409030262], "aligned_model": [[-0.1384133860731034, 0.06128070814442744, 0.559746836867322, 0.5345789670052596, 0.09599826645205856, -0.4362732908675944, -0.7510923025232749, -0.1173709948786214, -0.42534822243535964, 0.7549916292387148, 0.1434484021257666, -0.17368849042592577, 0.5229432968849608, 0.06128070814442744], [-0.7273358350594458, 0.024920205752920956, -0.36257172948566924, 0.2628028147183029, 0.718318745672831, -0.3337086622151076, 0.0031747463929178432, 0.0690921003963948, 0.48202193451463743, -0.05180570348032877, -0.586476956633969, 0.5918950396475463, 0.513884636603478, 0.024920205752920956], [-0.4726712751645175, -0.1706148218600581, -0.489626587891407, -0.4958487038485149, -0.630915736476906, -0.08290801007839838, 0.19993240755356514, 0.5415987670947371, -0.4273175993925587, 0.05528765348401232, 0.23106843536464672, 0.030950679485209284, 0.32988875001215984, -0.1706148218600581]], "inverted": false, "swapped": false, "error_lsq": 0.05386782441405578, "error_max": 0.43739546304587545, "target": "120.xyz", "model": "12.xyz", "model_rescale": 4.124412569039231, "target_rescale": 4.128682833733928},
{"mapping": [11, 12, 3, 6, 4, 8, 7, 5, 9, 10, 1, 2, 13], "R": [[-0.34559701020027767, 0.006890237172704039, 0.938357730917337], [-0.9304244853507087, 0.12744316721690258, -0.34361099544338486], [-0.12195484246432528, -0.991821941560797, -0.0376331321852581]], "T": [0.012340623696937725, 0.08879812035615456, -0.10299292703264612], "aligned_model": [[-0.1479428072876947, -0.0077247747018941715, 0.6771335018313223, -0.5723944154391754, 0.5590920475331382, 0.1374143875694246, -0.5341887019174589, 0.11935457736072777, 0.12990592822178562, -0.2653129379320478, 0.6173706787153521, 0.5830559568804679, 0.07153486667581034], [-0.1608226012530994, 0.45050492934148634, 0.5554933961078901, -0.44392037911725635, -0.05417648488262641, -0.6184199855146612, 0.32622538127124917, -0.4388541806248253, 0.7541064859277058, 0.37464538579990003, 0.01757948545683813, 0.5178672327473242, 0.06725671124855187], [0.5718673218762877, 0.5658231599709553, 0.14120545273261736, -0.07035216315002371, 0.513850727970733, 0.18312676444615567, -0.10287566562198613, -0.4508612281421, -0.023721866159016156, -0.7762406528960986, -0.16200775043959256, -0.42705369253452063, -0.011062327085572213]], "inverted": true, "swapped": true, "error_lsq": 0.04718473516204607, "error_max": 0.30634208892671366, "target": "120.xyz", "model": "13.xyz", "model_rescale": 3.9028299243045295, "target_rescale": 4.128682833733928},
{"mapping": [13, 5, 12, 8, 0, 10, 7, 6, 4, 1, 11, 3, 2, 15], "R": [[0.3850574836063253, 0.40392134262544743, -0.8298061721211889], [-0.34114837302289513, -0.7731544854759301, -0.534649351605593], [-0.8575246479854652, 0.4889577594845031, -0.1599118117504102]], "T": [0.05964326629897773, 0.022544518701145214, -0.07758301488885845], "aligned_model": [[0.00937395517142356, 0.03373513604417003, 0.537178730254561, 0.5442717012474458, 0.09793095241518632, -0.5911486693822564, -0.7716154799414249, 0.023767966301152105, -0.4272708434033764, 0.4832428822545446, 0.28738307917400285, -0.15495349235079456, 0.6369216633619296, -0.016735453487505825], [-0.5759544612079721, -0.04145753210864324, -0.42290384466268605, 0.24242368136508868, 0.7764664813649426, -0.2786257403568715, 0.032103848112116085, 0.18337821795948922, 0.35071265981923816, -0.08984708398784874, -0.5739048420127428, 0.5683989252616174, 0.46844567832860295, -0.010104445296901046], [-0.5990456877636684, -0.5848643371687092, -0.3179492462985469, -0.6373111573144694, -0.4201499960031552, -0.280361055021841, 0.2823412436117554, 0.5683687993219072, -0.4160850013092745, 0.4021359119319431, 0.29422261453808896, 0.13379494813869347, 0.022774235387848132, 0.0003378643713403129]], "inverted": false, "swapped": false, "error_lsq": 0.05244217632635052, "error_max": 0.34695179619644, "target": "120.xyz", "model": "14.xyz", "model_rescale": 3.942246331269136, "target_rescale": 4.128682833733928},
{"mapping": [3, 5, 1, 2, 9, 4, 11, 8, 10, 0, 12, 6, 7, 14], "R": [[0.6724830081105196, -0.015652049148842287, 0.7399470367263249], [-0.14824378803887098, -0.9823643186101887, 0.11394790401506436], [0.725114048347233, -0.1863205809323872, -0.6629436310958154]], "T": [-0.06007214634224768, 0.005224805554152341, -0.10529561901213522], "aligned_model": [[-0.08260569382821682, 0.30479187001597174, 0.4614251143774487, 0.6363267681176985, 0.0003258529421860529, -0.5714285368204436, -0.5919461326534756, 0.11890413373366306, -0.6089695569112841, 0.6205579529456612, 0.1011766552257674, -0.16041110030018552, 0.4322132358778746, 0.031721564936392097], [-0.5652888520342491, -0.05471248828888662, -0.5728929012013243, 0.24199269141920599, 0.7100687431936731, -0.23314019534999036, 0.16063731309343893, 0.20683897018291253, 0.3189598493055352, 0.028620463966698366, -0.7579108237921008, 0.4974425280092972, 0.6715019364361109, -0.022985692362891094], [-0.5418209175269504, -0.6211069494061432, -0.32993301567230937, -0.30929914545589005, -0.48962544011325004, -0.264546192586247, 0.349751675059926, 0.6200733533591868, -0.43587461265221294, 0.17203594063990377, 0.1390383601596644, 0.14055636360772852, 0.10615034440436744, -0.087190627395862]], "inverted": true, "swapped": false, "error_lsq": 0.042308526899614694, "error_max": 0.25018380154081565, "target": "120.xyz", "model": "15.xyz", "model_rescale": 4.355366556412066, "target_rescale": 4.128682833733928},
{"mapping": [11, 8, 6, 9, 7, 12, 10, 3, 5, 4, 1, 13], "R": [[0.6344100155654124, 0.1393026909830632, 0.7603411684468823], [-0.6560465142540406, 0.6172378637909467, 0.4343044906950786], [-0.4088115743046129, -0.7743462919054147, 0.48297092762082283]], "T": [-0.043310476471937, 0.05163738379882725, -0.18245532179611756], "aligned_model": [[-0.0793163769845639, 0.5384321514164294, 0.10333983879346534, -0.5591682352380685, -0.5119322612483899, -0.5181193893536108, -0.2547615578058938, -0.1628582483024075, 0.5345572406693876, 0.19603957475793893, 0.3300781844049393, -0.01848236647744532], [-0.555637751893204, -0.40722492911921976, -0.6272070707502024, 0.4423773777534661, -0.1692223503974794, -0.1327766634055743, 0.3979555527323466, 0.594104827228726, 0.025938181144086678, -0.014791693137863063, 0.43188233793915815, 0.027378609646739414], [0.2339076486525738, 0.03819432405380738, -0.5624992359720239, 0.02719618204931673, -0.47687105231349075, 0.382431701913827, -0.8513460646655884, 0.4585004512305133, -0.45866130361917734, 0.616402414375737, 0.11856111229619448, -0.07655771679226835]], "inverted": true, "swapped": true, "error_lsq": 0.037873797791652654, "error_max": 0.22975817467890464, "target": "120.xyz", "model": "16.xyz", "model_rescale": 3.795458400668931, "target_rescale": 4.128682833733928},
{"mapping": [5, 0, 10, 8, 7, 2, 1, 6, 4, 3, 9, 12, 13], "R": [[-0.21539344156463294, -0.30723466462227866, 0.9269371748858597], [0.9146448004446562, -0.3960028186026962, 0.08128134274404575], [0.34209728784440546, 0.8653257354968452, 0.3663069984812547]], "T": [0.06471749078570412, 0.01903429556631106, -0.003080319223490651], "aligned_model": [[-0.016071574034642697, -0.22724819138648167, 0.5706044594434643, -0.24905160019251926, 0.61691581567138, -0.3095362631530384, -0.499018758281902, 0.5221717290607418, -0.6555233993690555, -0.5605172577507103, 0.03510606311949159, -0.05753983244741219, -0.021659389775093893], [-0.348648406698576, 0.16355824948104106, 0.4046262148200217, -0.6875073668552634, 0.10710373215509397, 0.646384481715386, 0.11601263284100466, -0.626987305041963, -0.1528103850791664, 0.5461065121728551, 0.6438413110924919, 0.16430148766941338, -0.0121998928018534], [-0.5218903513033454, -0.7547786082485501, -0.458557987804224, -0.006714922629191416, 0.20280024339667918, -0.28803215037759117, -0.2208252489024205, -0.015776640473507558, 0.3862748114874824, 0.2220047482759718, 0.264277268887218, 0.73346566299922, 0.060028205528554646]], "inverted": false, "swapped": true, "error_lsq": 0.05115886776456486, "error_max": 0.3285969174254583, "target": "120.xyz", "model": "17.xyz", "model_rescale": 3.7474275329858107, "target_rescale": 4.128682833733928},
{"mapping": [6, 9, 4, 5, 12, 2, 1, 3, 7, 8, 0, 11, 10, 13], "R": [[-0.48104216909531444, -0.8003990195304734, 0.35771474820970434], [-0.7915321645724346, 0.5719412847303944, 0.21531372289806017], [-0.37692872535713123, -0.1795677486510403, -0.9086694446524797]], "T": [0.01882349018861783, 0.08952664080530817, -0.08679584885281678], "aligned_model": [[-5.874767173840931e-05, 0.0509052409250534, 0.5919773523815856, 0.6452287289976796, 0.10296095038984905, -0.48761383873975817, -0.49455064991650244, 0.08601605411451481, -0.5762422862721132, 0.5829220072249511, -0.010335597714332356, -0.2477940638605053, 0.4700060047290158, -0.02133902692864197], [-0.5185634856687531, -0.028735427772032918, -0.46104124089890275, 0.27341870933785706, 0.6213555460895968, -0.38751549500554583, 0.0030454566935907285, 0.23146596131796837, 0.4394337040451438, -0.12281202985431985, -0.6820613178046596, 0.6960879985623336, 0.5733872122646745, -0.008334048729521412], [-0.5609990443697568, -0.744602059116576, -0.3267864318131248, -0.39827637889229844, -0.605752327383051, -0.22745414522595409, 0.36871091715142223, 0.5734522635675846, -0.38826069061111895, 0.3050709693885493, 0.23405327534988402, 0.20084118102141751, 0.11006109520422107, -0.09184948784928701]], "inverted": false, "swapped": false, "error_lsq": 0.04103484447158696, "error_max": 0.2642644319686565, "target": "120.xyz", "model": "18.xyz", "model_rescale": 3.922800546911778, "target_rescale": 4.128682833733928},
{"mapping": [0, 3, 5, 12, 7, 2, 10, 6, 9, 8, 1, 11, 13, 14], "R": [[0.8501960649305582, 0.042485539996088964, -0.5247491115455409], [-0.5263073781346085, 0.04410905986351169, -0.8491495360412272], [-0.012930386601653077, 0.9981229231558596, 0.05986180228771869]], "T": [0.1132523052096432, 0.03721011765405621, -0.01788647176118277], "aligned_model": [[0.0422799373607468, 0.05053509809514961, 0.6441685919419389, 0.6669601043585089, 0.028999205677637044, -0.5385831632505002, -0.5707651743318933, 0.013372272116905212, -0.591613887535723, 0.6080189198603808, -0.012878373499803628, -0.17518476298636748, 0.43722237359136873, 0.08955098626070929], [-0.5700285407054502, -0.0073655020875531135, -0.4328706713950077, 0.2428187966612441, 0.6155199884080006, -0.22268523288073874, 0.21166007679808235, -0.16220419722339205, 0.2418796982221637, -0.046338457804109584, -0.6560217512560855, 0.6832048422499417, 0.6321790657528059, 0.09938342783752804], [-0.587681847727455, -0.6528894714718254, -0.30017297238619556, -0.5372580043321851, -0.5625608035104046, -0.16174018779079205, 0.3723544111555065, 0.6348199568301581, -0.3700472291287673, 0.33227961252965565, 0.20905768822424622, 0.06420181152931272, 0.09555555048451173, -0.08770937798385323]], "inverted": true, "swapped": false, "error_lsq": 0.035876368024625745, "error_max": 0.22322849706106088, "target": "120.xyz", "model": "19.xyz", "model_rescale": 3.9282355846067225, "target_rescale": 4.128682833733928},
{"mapping": [2, 5, 1, 3, 6, 7, 9, 11, 7, 0, 10, 8, 4, 13], "R": [[0.7732491984990782, 0.495988028453186, 0.3950715791494688], [0.41626522129573273, -0.8670427352299582, 0.27378853304068007], [0.4783397773133111, -0.047252205409636046, -0.8769026665051133]], "T": [-0.032478125863013865, 0.1176272300776772, -0.10307370410200734], "aligned_model": [[-0.0420038281443025, 0.17566435924985735, 0.5164425034317016, 0.6568428403001537, -0.052709294671572274, -0.5407852262110776, -0.459877843024855, 0.18189479288701638, -0.5407852262110776, 0.6589124111334569, -0.0806818559027216, -0.22152730082562172, 0.370826642644587, 0.06986915300351228], [-0.6085871961813565, 0.029619805915922198, -0.3482857236531791, 0.2717054900069872, 0.5539042444564279, -0.033599584116139614, 0.2074905205672248, 0.050060693597085495, -0.033599584116139614, -0.09292294691763114, -0.6565207118278787, 0.7835321878305542, 0.511800865793147, -0.005466518777594562], [-0.4919671065263589, -0.7638471535020595, -0.31070813907630335, -0.3627880944745666, -0.5889719656655442, -0.42995612758812124, 0.43328335610150503, 0.5772513551017269, -0.42995612758812124, 0.24021150751628367, 0.2719005796097116, 0.21228732046235166, 0.18212842342457836, -0.09065869137317029]], "inverted": true, "swapped": false, "error_lsq": 0.05378587908483309, "error_max": 0.41635115887716834, "target": "120.xyz", "model": "20.xyz", "model_rescale": 4.067790424073018, "target_rescale": 4.128682833733928},
{"mapping": [4, 8, 2, 0, 7, 5, 13, 11, 1, 3, 6, 9, 12, 14], "R": [[0.3602960785121875, -0.7340394505634736, -0.5756499116869676], [0.8955068417807784, 0.44499362512110463, -0.006940455705078341], [0.2612551092946432, -0.512997815412553, 0.8176668082106504]], "T": [0.026350882114673686, 0.018391998967916608, -0.0842813613291417], "aligned_model": [[-0.002029957197236497, -0.12156135785858099, 0.5950865328696276, 0.5864004766205987, 0.02101873831100471, -0.4569803224808643, -0.5592285779190873, 0.07554232530587507, -0.5916153032096956, 0.7547960887300749, 0.12164995510381285, -0.10996964560506983, 0.38065708223294203, -0.0016839072443436721], [-0.6429099685932934, 0.006299818666849286, -0.4174637805766098, 0.19430113462956689, 0.5417736162606568, -0.24743341909602456, -0.0015678981317363422, 0.039542701442624555, 0.4821839399454237, -0.09097628751566172, -0.6533078535194236, 0.7820928121962226, 0.5613270332750135, 0.07526969359382193], [-0.5363286269949153, -0.634866182375558, -0.28500861542510275, -0.4841043936890586, -0.6159835412487645, -0.2945048486783031, 0.29889197225702785, 0.560051707572914, -0.3605419820458531, 0.3413372185302337, 0.21117472263473241, -0.03708304498708041, 0.3240108526272264, -0.03883610175558621]], "inverted": false, "swapped": false, "error_lsq": 0.04089702747943296, "error_max": 0.26716415044035874, "target": "120.xyz", "model": "21.xyz", "model_rescale": 4.186013935880536, "target_rescale": 4.128682833733928},
{"mapping": [7, 6, 11, 3, 2, 12, 9, 10, 8, 5, 0, 1, 13], "R": [[-0.2829568747852297, -0.9110112853602631, 0.2999897414212988], [0.884949469967517, -0.12736105348027715, 0.44793258160196947], [-0.36986462741925846, 0.39222136607104396, 0.8422366397761247]], "T": [-0.03127727396576637, -0.03374594477047367, -0.07357689026834532], "aligned_model": [[-0.22456160691498903, -0.24262483348740352, 0.5233767322486361, 0.46359060895232246, -0.09981095247952568, 0.5970300574556145, 0.11537466562304483, -0.746194397108124, 0.2493664015286922, -0.33702037743296953, -0.4515758462569987, 0.1365711666781879, 0.07505241661673745], [-0.3317254320188047, 0.42914283801792596, 0.19708722884082286, -0.4215179412960296, -0.39569761753957977, -0.3943611274872632, -0.6812678468440639, -0.35032155081223293, 0.683542101196683, 0.502111945957261, 0.18178502935553958, 0.10565670938511167, -0.005477677209276711], [-0.55202794685408, -0.6800714648479347, -0.5007918453123008, 0.495743368526228, 0.6186122428200133, -0.3053871173730691, 0.07457613254718581, -0.04644660231583028, -0.1399271732386441, 0.100373584157918, 0.5958086188867773, 0.49827100192155505, -0.05585323758247268]], "inverted": true, "swapped": true, "error_lsq": 0.05933682110796715, "error_max": 0.4160499410175103, "target": "120.xyz", "model": "22.xyz", "model_rescale": 4.166573947596378, "target_rescale": 4.128682833733928},
{"mapping": [6, 2, 1, 4, 3, 12, 14, 10, 11, 0, 5, 9, 8, 15], "R": [[-0.8302092271028987, -0.32854659986823515, -0.45034405841337477], [0.19076044490388339, -0.9265281207775385, 0.32427780384805127], [-0.52379680401209, 0.1833105919565603, 0.8318858906023443]], "T": [0.0021549879341639933, 0.07359455975897349, -0.06496767636526542], "aligned_model": [[-0.11389581086648215, 0.16073007176201723, 0.45267533565237716, 0.6328831224628618, 0.08473986277425863, -0.5957779190612696, -0.6470306019726485, -0.08713151564859123, -0.5197717386424051, 0.7876331571092836, 0.255032255775823, -0.25496977302562684, 0.49680698857551353, 0.04015869276394634], [-0.5697454808475925, -0.0654092755458532, -0.4102714164913275, 0.30632721872688967, 0.5082231588247162, -0.11927815006169147, 0.008624286294973235, 0.042182551439631885, 0.4126446481171389, -0.11302779518565155, -0.6464438415530185, 0.597488633836102, 0.6608847103672361, 0.016932294655876215], [-0.4545231104397213, -0.7039834161938158, -0.33143379838895676, -0.361398179398044, -0.4720356944382405, -0.25113349430089077, 0.38259762238297595, 0.6779875303029365, -0.549457982868699, 0.0573103070260174, 0.26466813668658423, 0.07599693880582141, 0.18897880910208698, -0.07536453185614263]], "inverted": false, "swapped": false, "error_lsq": 0.03945172223033832, "error_max": 0.21242435622513206, "target": "120.xyz", "model": "23.xyz", "model_rescale": 4.274766983524099, "target_rescale": 4.128682833733928},
{"mapping": [0, 9, 10, 5, 7, 6, 8, 11, 4, 12, 13], "R": [[-0.5736807679105789, -0.3970165106489939, 0.7164274330325621], [-0.7974513881866377, 0.07105519535932903, -0.5991848151377439], [0.18698037332493822, -0.9150568558753851, -0.3573643665878312]], "T": [-0.05879079283554445, 0.1448789559402794, -0.047545314786098615], "aligned_model": [[0.04298584050713916, 0.23553102886050853, -0.5260466975081481, -0.24291601284035824, -0.4767437676849735, -0.6782154712105013, 0.007107384544963735, 0.037716770508247885, 0.651210835700367, 0.3016398884712293, 0.02762490460960071], [-0.18082180577152976, 0.7517867950352564, 0.4646533343868434, -0.4078201277453334, 0.5284779645297784, -0.19594503880349104, -0.5535430887692054, -0.014828831874243886, -0.1179673455883086, 0.52973336869024, 0.11186130715347745], [-0.792355345109533, -0.13573977798035047, -0.587433197836773, -0.31494561055504283, 0.1347542550325823, 0.30871520445303174, 0.2773076538234081, 0.665628823269393, 0.3083822918660434, 0.5006573841070042, 0.01459475295181415]], "inverted": true, "swapped": true, "error_lsq": 0.05310041537389036, "error_max": 0.33693851481451065, "target": "120.xyz", "model": "24.xyz", "model_rescale": 3.7841303162186577, "target_rescale": 4.128682833733928},
{"mapping": [14, 12, 9, 2, 5, 13, 11, 7, 3, 8, 10, 6, 4, 15], "R": [[0.7076498512179145, 0.31587702934308975, 0.6320232514746972], [-0.307308917897452, 0.9430634454334147, -0.1272500171628822], [-0.636233382535026, -0.10417792578392779, 0.7644305349260964]], "T": [0.14823660821915507, 0.010937417949713805, 0.046899048274950894], "aligned_model": [[-0.027270277251925462, 0.04727546468849414, 0.41012100103859106, 0.6719986063457691, 0.16585015906052314, -0.4945769781269367, -0.5896842035380084, -0.07070334834044642, -0.36493808751756474, 0.7304977875200179, 0.05524355753563409, -0.22939838872617496, 0.2823289090979983, 0.10533792587308592], [-0.6193540914900539, -0.07041080694770843, -0.3679589695775943, 0.21867012867774824, 0.5016921342061769, -0.12901435817266607, -0.06310536855459917, -0.10189044692507582, 0.539576115166224, 0.06801584415706083, -0.7090234812797566, 0.5640016227910154, 0.7342898581329181, 0.06364336239374063], [-0.40168640466678424, -0.700336671047376, -0.31364886926511054, -0.45441274905204326, -0.6798666063500323, -0.3764261114310455, 0.24543899514965808, 0.648680344453002, -0.27897630687469377, 0.13158526899428535, 0.32665555201072294, 0.31807841077952664, -0.07753906881292807, 0.060663352534730555]], "inverted": true, "swapped": false, "error_lsq": 0.0496860679305685, "error_max": 0.30115753806902673, "target": "120.xyz", "model": "25.xyz", "model_rescale": 4.19342608120988, "target_rescale": 4.128682833733928},
{"mapping": [11, 8, 6, 9, 7, 12, 10, 3, 5, 4, 1, 13], "R": [[0.6344100155654124, 0.1393026909830632, 0.7603411684468823], [-0.6560465142540406, 0.6172378637909467, 0.4343044906950786], [-0.4088115743046129, -0.7743462919054147, 0.48297092762082283]], "T": [-0.043310476471937, 0.05163738379882725, -0.18245532179611756], "aligned_model": [[-0.0793163769845639, 0.5384321514164294, 0.10333983879346534, -0.5591682352380685, -0.5119322612483899, -0.5181193893536108, -0.2547615578058938, -0.1628582483024075, 0.5345572406693876, 0.19603957475793893, 0.3300781844049393, -0.01848236647744532], [-0.555637751893204, -0.40722492911921976, -0.6272070707502024, 0.4423773777534661, -0.1692223503974794, -0.1327766634055743, 0.3979555527323466, 0.594104827228726, 0.025938181144086678, -0.014791693137863063, 0.43188233793915815, 0.027378609646739414], [0.2339076486525738, 0.03819432405380738, -0.5624992359720239, 0.02719618204931673, -0.47687105231349075, 0.382431701913827, -0.8513460646655884, 0.4585004512305133, -0.45866130361917734, 0.616402414375737, 0.11856111229619448, -0.07655771679226835]], "inverted": true, "swapped": true, "error_lsq": 0.037873797791652654, "error_max": 0.22975817467890464, "target": "120.xyz", "model": "26.xyz", "model_rescale": 3.795458400668931, "target_rescale": 4.128682833733928},
{"mapping": [4, 11, 8, 1, 0, 9, 12, 3, 7, 5, 2, 10, 13], "R": [[-0.9732040590658855, 0.207224218667302, 0.09965933280636873], [-0.19771813242871905, -0.9754069664361373, 0.09741042006249347], [0.11739420567721344, 0.0750957590385642, 0.9902420044856903]], "T": [0.010064117563113498, 0.007285741187501943, 0.07615183444614954], "aligned_model": [[-0.04151494191484854, 0.36440294988252936, 0.6168828230474992, -0.19228979762582388, -0.11082615210042128, -0.6306775575934989, -0.24538103303770664, -0.6734581209388191, 0.03265357865155147, 0.4060480353613628, -0.6505892344634784, -0.18777406761899745, 0.01219990117190788], [-0.6819981562180751, -0.6283317205347168, -0.27598748175722565, -0.025129443125691223, 0.5703147540838377, -0.10643246022214774, -0.6598219121512188, -0.34789482530152316, 0.08458132717588161, 0.34837670922783603, 0.2288556972413037, 0.7073730545262625, -0.09202403968760955], [-0.3951254314268949, 0.19393159810134936, -0.3101028915694945, -0.500578916986363, -0.5065705041356785, 0.27429067366045456, 0.33742668590624214, -0.27885663667673677, 0.666559431252675, -0.2949748020170837, -0.28339729642046635, 0.3639025355976894, 0.025632216813732712]], "inverted": false, "swapped": true, "error_lsq": 0.04926785635897069, "error_max": 0.2817226533931873, "target": "120.xyz", "model": "27.xyz", "model_rescale": 3.6321398670334006, "target_rescale": 4.128682833733928},
