[{"mapping": [9, 6, 13, 7, 0, 11, 4, 2, 10, 1, 5, 12, 3, 14], "R": [[0.8319439795049518, -0.21412141207004076, -0.5118800991038782], [-0.4778936297695655, 0.1922438388106008, -0.8571230862980144], [0.28193420081844256, 0.9577026299078935, 0.057608845469863126]], "T": [-0.12760097381890165, 0.07870886463244652, 0.16952700158874306], "aligned_model": [[0.1545715315843841, 0.2524727843439104, -0.519482047329521, -0.3970558762156132, -0.7791605585396483, -0.12448763222710374, -0.6804001586294838, -0.034195378181586425, -0.34903784220602735, 0.3402954380531926, 0.5709405979984054, 0.3250597089101933, 0.6595197785945048, -0.047548245027302954], [-0.4415183830434344, -0.5175167172580133, -0.43814219216728223, -0.2592345206048222, 0.1922650393588567, 0.23279303694720638, 0.27676795265761894, 0.5063487146525764, 0.7107619066186631, -0.0942002993126251, 0.4498895402077945, 0.49756447877383164, -0.003253532780762472, 0.12274830776042699], [0.2343199500282987, -0.35355934938581474, 0.3966915712335999, -0.30706750581385367, 0.5557625732382799, -0.5574886785099482, -0.1736932302852897, 0.7274066378397093, 0.21306402950243397, 0.7608298034604668, 0.4998455626208111, -0.21941782632492868, 0.01809086275748653, 0.1028036868185823]], "inverted": true, "swapped": true, "error_lsq": 0.04020598887501127, "error_max": 0.2629950506746519, "target": "1200.xyz", "model": "0.xyz", "model_rescale": 3.8414455957264533, "target_rescale": 4.205240726328725},
{"mapping": [8, 5, 6, 4, 13, 2, 1, 11, 10, 3, 9, 0, 7, 12, 14], "R": [[0.18187026963918615, 0.7623369963231175, 0.6211002407489609], [-0.9830276089472967, 0.15642439968294455, 0.09585471939968182], [-0.024081633431539795, -0.6279918082434498, 0.7778472624560631]], "T": [-0.03844502947727231, -0.007936718598607667, 0.09138374961472548], "aligned_model": [[0.5281580947879417, -0.5872755468121991, -0.17090726621439206, -0.4167037780563103, 0.6769555417514993, -0.427925877149537, -0.4588509729365727, 0.22472725565001378, -0.24523876352023855, -0.7668463860113944, 0.45157560683959064, 0.059092926638195306, 0.12309595213710071, 0.2418667442117859, -0.08561124754495279], [-0.4943263891298257, -0.37270074341031384, -0.7343625494821359, 0.29385455374627945, 0.21654848764872958, -0.22331370531763797, 0.5160131787775043, 0.4182237535048322, -0.4788921809201399, 0.17551501818251042, -0.1725023099021766, 0.7033300217989961, 0.27881143829092114, -0.15747020753818702, 0.012269951040849573], [-0.1668571949970901, 0.08396388253132567, 0.34591555872199153, 0.33969722469826813, -0.021112541439546856, 0.6800450703304283, -0.4538072617862323, -0.5981037430110868, -0.36007898913618064, -0.13032282699340822, 0.5367011893540253, 0.19189912469810164, 0.6433212532459289, -0.6024134751447311, 0.017688176866681032]], "inverted": false, "swapped": false, "error_lsq": 0.051941847131728086, "error_max": 0.3269071283954425, "target": "1200.xyz", "model": "1.xyz", "model_rescale": 4.316132596720782, "target_rescale": 4.205240726328725},
{"mapping": [10, 2, 0, 11, 4, 12, 7, 3, 13, 5, 9, 14], "R": [[0.5459956187416296, 0.7384813551931868, 0.39564387060458756], [0.6509208721720698, -0.6712371523553465, 0.354602176345038], [0.5274379607932076, 0.06392161864283419, -0.8471854721277879]], "T": [0.038591128770597484, 0.024114767631574406, -0.09734995029116242], "aligned_model": [[-0.23317537730842622, 0.3445925011742364, 0.2670156742012418, -0.674361775809508, -0.40726911816583306, -0.4547278891628736, -0.2531206891305124, 0.015937907062011016, 0.43947843551143323, 0.2259323952507453, 0.3605781240971981, -0.033071633087931866], [-0.5768197158344007, -0.4918719218992009, -0.5581137029927976, 0.23012433412816413, -0.25107978442040335, 0.11119765621388525, 0.3490032746283065, 0.5480701765003083, 0.11156806277502931, -0.04515431169546961, 0.5248943035528674, 0.060958056784691676], [0.02691396289270001, 0.2807387052901338, -0.5394303152776881, -0.13686752265882093, -0.5310446209604808, 0.43243558689217687, -0.5699022477734985, 0.514342275159764, -0.6486673006941728, 0.7362871516678732, -0.09761346591256856, -0.017933747415997597]], "inverted": true, "swapped": true, "error_lsq": 0.05420523224694884, "error_max": 0.29160684806529824, "target": "1200.xyz", "model": "2.xyz", "model_rescale": 3.795458400668931, "target_rescale": 4.205240726328725},
{"mapping": [4, 7, 13, 1, 10, 2, 9, 12, 3, 5, 0, 14], "R": [[0.2268958213709103, -0.22533448276093582, -0.9474928269508331], [-0.34686415879017485, 0.8903761857498063, -0.29481435378286946], [0.9100568892059464, 0.39554344733352376, 0.12386218018550937]], "T": [-0.015521565680184833, -0.04755014005204317, -0.0010782340048618722], "aligned_model": [[-0.21301320596418555, -0.334861419059748, -0.6866681148560638, 0.08606843027364147, 0.2329974071551266, 0.21916169619164685, -0.16870360960197453, 0.6681902283635985, 0.52992628435072, 0.6657685912081862, -0.4906953264094004, 0.08513286409201776], [-0.002555142206313317, -0.5100429491999025, -0.056006555148463845, 0.13322814167317318, 0.42995229956798, 0.5856123080261991, -0.39911647236231373, -0.2362128779066552, -0.4660479333501868, 0.18572384651932008, 0.5183376130317692, -0.09710323335489676], [-0.6503755240277522, -0.31424984840759007, 0.14657111738481138, 0.7442152117592177, -0.4018905936726902, 0.21539166253014252, 0.4543251186434556, -0.17008815199181346, 0.4191075076796167, 0.4639730992433978, -0.20253235307821263, -0.015675815423482294]], "inverted": true, "swapped": true, "error_lsq": 0.04787675657899693, "error_max": 0.2531003794617157, "target": "1200.xyz", "model": "3.xyz", "model_rescale": 3.7530521520055578, "target_rescale": 4.205240726328725},
{"mapping": [7, 12, 3, 5, 9, 10, 13, 4, 0, 2, 14], "R": [[0.866376642178182, 0.42883638952001785, -0.2559118303468872], [-0.464383138327313, 0.5033336296188052, -0.7286999095183389], [-0.1836840078105174, 0.7501697196756176, 0.6352208883187572]], "T": [-0.08437545141516536, -0.11437812083707678, 0.03581050937177458], "aligned_model": [[-0.5563381372943804, -0.036399948272846275, 0.4260450785873082, 0.6162926243696274, 0.22993685980167575, -0.2957292029380049, -0.17873615552555389, -0.7464417997713363, -0.34500018756510553, 0.29577048541442164, -0.07120001436060036], [-0.5478520232902683, 0.10565857952436737, -0.3338327651500051, 0.253262121884887, -0.6192383897541994, 0.522097937919843, -0.4842248628170106, 0.03329171434599569, 0.19104616996103363, 0.4501535527151136, -0.10315867702541089], [-0.021683834413057955, -0.6576604705110266, -0.5477307138979853, -0.29396315960019365, 0.06373394189606876, 0.010342378086488892, 0.6073163950452162, 0.08557233003381752, 0.6880325295187921, 0.2348662589331222, -0.0759948778459257]], "inverted": true, "swapped": true, "error_lsq": 0.047109989736713404, "error_max": 0.23701641355989447, "target": "1200.xyz", "model": "4.xyz", "model_rescale": 3.7855080009869324, "target_rescale": 4.205240726328725},
{"mapping": [5, 6, 4, 13, 3, 11, 15, 9, 7, 8, 0, 14, 12, 10, 16], "R": [[0.007549617491968474, -0.4682950320260109, -0.8835399064306504], [0.9028041031975506, -0.37673923451087044, 0.20739407038252067], [-0.4299857608402765, -0.7992291987658616, 0.4199344393053369]], "T": [-0.03619141749370458, 0.023008629166534917, 0.09029807039107349], "aligned_model": [[0.4723913036962907, -0.5121738387686683, 0.03759124338370068, -0.6888196071315416, 0.6107053442151092, -0.48849561731044644, -0.34646877092274503, 0.3493673977447267, -0.17308637406653288, -0.5900931166489329, 0.579140276952136, 0.05015349917582278, -0.16330939806424333, 0.025390048255110764, -0.016180106739255858], [-0.5044075667245825, -0.39827644116235095, -0.669615352802095, 0.2870852187950019, 0.09268022813748199, -0.06035336038645954, 0.5952588259916484, 0.4801693676393888, -0.6201830410864612, 0.05557212956233268, -0.3763990071791764, 0.6871546681510762, 0.3730446521587391, -0.03360233394990163, 0.07287033014556406], [-0.25361909498167345, 0.23874567805846275, 0.33895229299973256, 0.26120049803806755, -0.15278021614789725, 0.7390722358957144, -0.4152469650593251, -0.29604695473534703, -0.2687753455811942, -0.34264811573203346, 0.355466562410122, 0.18596411870156698, 0.6598426820183122, -0.6335577135918561, 0.08996578564582285]], "inverted": false, "swapped": false, "error_lsq": 0.039837125330721694, "error_max": 0.22697220060575435, "target": "1200.xyz", "model": "5.xyz", "model_rescale": 4.2253639853439635, "target_rescale": 4.205240726328725},
{"mapping": [10, 11, 3, 5, 12, 9, 1, 2, 7, 4, 6, 13, 8, 14], "R": [[-0.5625001168460837, 0.7933525387989417, -0.23277750692327642], [-0.5694317523546364, -0.16760907329841815, 0.8047699534391015], [0.5994506634898907, 0.5852340965197766, 0.5460402497181052]], "T": [0.09691965407838715, 0.05276171042742914, 0.027499181477045782], "aligned_model": [[0.6297782820393585, -0.23637001516861955, -0.45125086038050205, 0.15920292331358402, -0.10644391760715893, -0.33433852088120547, 0.09444288690696659, 0.6418924418996603, -0.2532710538783433, 0.30487122591429827, -0.7778565392019503, 0.11282288798743378, 0.5470630289190814, 0.04351938289518053], [-0.05537115557121439, 0.1805077458373473, -0.5376546479372184, -0.7985792053360095, -0.4134978493596476, 0.02921535458461788, -0.4294954690197118, -0.3722502297194553, 0.5646972469769389, 0.5277058471188452, 0.14170030251519666, 0.5558985502759606, 0.06897274803628248, -0.016750091766941436], [-0.36593413341018555, -0.6243461766972863, 0.03878760328846179, 0.10614530509612408, -0.4948657091557209, 0.43727691861576057, 0.6323838921586613, 0.18624314650249799, -0.1435051313811383, -0.41272653271703824, 0.04791670404729854, 0.49537730656009804, 0.6128350807694641, -0.04403006474554854]], "inverted": true, "swapped": true, "error_lsq": 0.04605111151329907, "error_max": 0.3094681709843996, "target": "1200.xyz", "model": "6.xyz", "model_rescale": 3.89814844738969, "target_rescale": 4.205240726328725},
{"mapping": [4, 0, 10, 7, 12, 8, 13, 11, 9, 1, 2, 3, 14], "R": [[-0.4516375924562223, -0.28003371356562273, -0.8471154610482531], [0.24418569259438053, 0.8744175620669553, -0.419246078909613], [0.8581356726139232, -0.3962007652889246, -0.3265396162365611]], "T": [-0.06743004361805799, 0.03941972594182329, -0.013071877726470296], "aligned_model": [[0.19581821696794194, -0.21497938319155144, 0.4484451704459717, -0.1875439761397556, 0.5307091498336789, -0.49558824006469776, -0.673552034971695, 0.39280564837997006, -0.5249707752997159, -0.428577177053782, 0.07547828071019758, 0.019825792390212982, 0.010761128897446723], [-0.30942172837558024, 0.27657265671290093, 0.2863960425458819, -0.5819217060474956, -0.027284224575330876, 0.574915939111061, -0.06282743037710291, -0.5378901770295156, -0.05206259688247568, 0.5978592831396986, 0.728724667482614, 0.0536159220292005, 0.01710461773662983], [-0.5342479148698106, -0.7262271861169541, -0.3642075636311761, -0.12909544707858928, 0.3985102970450253, -0.2877249955874491, -0.3204335263018246, 0.07177980408051697, 0.35671630713124597, 0.38212635568065884, -0.09831296858204716, 0.787799338333162, 0.06559253073353737]], "inverted": true, "swapped": true, "error_lsq": 0.04858214469127819, "error_max": 0.2804968720395257, "target": "1200.xyz", "model": "7.xyz", "model_rescale": 3.7474275329858107, "target_rescale": 4.205240726328725},
{"mapping": [2, 13, 4, 11, 3, 9, 10, 0, 4, 12, 8, 6, 7, 1, 14], "R": [[0.15771608565300704, 0.817727532248431, 0.5535768413952891], [0.9862349003923399, -0.15863134571735726, -0.04665637581308818], [0.0496624362512067, 0.5533152619969848, -0.8314901462235155]], "T": [-0.08228936190391456, 0.061599400733604946, 0.01317956335314767], "aligned_model": [[0.4280734898066231, -0.6747603711872371, -0.037011418759555145, -0.6068083161302913, 0.6245872656662035, -0.23510828758012073, -0.39467984678813794, 0.22514296385320737, -0.037011418759555145, -0.62189324312345, 0.2852835889181371, 0.3373256677248131, -0.16818313498124984, 0.10463425058390538, -0.08347890547276161], [-0.5313256983361807, -0.6018357903129741, -0.7103033087316034, 0.18839610899037523, 0.1777419160390803, 0.031396607116123944, 0.746887705939855, 0.46518701100282195, -0.7103033087316034, 0.05138286837874851, -0.3532931041890728, 0.7537713726543984, 0.5501863925216797, -0.08448350192586931, 0.0075930468744265164], [-0.2975600098215913, -0.1169883249002887, 0.1329374893138634, 0.32185806442243603, 0.04433861529999632, 0.7588836650592257, -0.07657278140512494, -0.4073149592553056, 0.1329374893138634, -0.28576172292027996, 0.4106272341721877, 0.12161980770323583, 0.4798514428638337, -0.6999271388274858, -0.012393423080091094]], "inverted": true, "swapped": false, "error_lsq": 0.05575590614829593, "error_max": 0.38938334172515626, "target": "1200.xyz", "model": "8.xyz", "model_rescale": 4.019505241142653, "target_rescale": 4.205240726328725},
{"mapping": [12, 10, 7, 6, 3, 9, 13, 5, 1, 2, 0, 8, 14], "R": [[-0.732374132912273, 0.08394695995624102, -0.6757078047167295], [0.5875512187762296, -0.4236042032974685, -0.6894512631530125], [-0.3441100038585972, -0.9019492152348838, 0.2609136224531289]], "T": [-0.04815052838642968, 0.0029892169036681016, -0.10164295264829855], "aligned_model": [[-0.38090207718186764, -0.7007557440373766, 0.1168423113723988, 0.5360941466069907, 0.2258258777430976, 0.5337117569929032, 0.36764308768749626, -0.1479601236344436, 0.3445327644028924, -0.33405853778898925, -0.27510259841164664, 0.11209520341955002, -0.07826529542982888], [-0.6236953613798428, 0.07707838214115642, 0.19820243295488585, -0.361368207689066, -0.754563172258311, -0.1230028545956707, 0.5501561144799534, -0.6408402457799096, -0.22832303440834806, -0.025846250224240447, 0.6926004797623129, 0.4033731541731008, -0.10039320906196159], [-0.26946024753526293, 0.03633543502266233, -0.6920861452120104, -0.6488743146940812, -0.08548361562559231, -0.09738654924566054, -0.09584748703485689, 0.45546335759855655, 0.5234635252236056, 0.5466280255391355, 0.1423486007243251, 0.49796023185657284, -0.1363573225735144]], "inverted": false, "swapped": true, "error_lsq": 0.05311780753600514, "error_max": 0.3101591380513991, "target": "1200.xyz", "model": "9.xyz", "model_rescale": 3.877068213659057, "target_rescale": 4.205240726328725},
{"mapping": [11, 1, 8, 4, 10, 7, 3, 6, 0, 5, 9, 13, 2, 12, 15], "R": [[-0.08165204782326438, -0.885294135522601, -0.4578069862895914], [-0.2076398927244636, 0.4643718613332817, -0.8609555443524577], [0.9747915767155771, 0.02476021024050923, -0.221739292758873]], "T": [0.006130352107344028, 0.08844905592958512, 0.05057711508820949], "aligned_model": [[0.3993523047230988, -0.7180737975507605, 0.05237466034385538, -0.562631864304086, 0.694194084704366, -0.4910168147143459, -0.3742399675214044, 0.24058144955223154, -0.16365897510080799, -0.6130892674693958, 0.4591776782094321, 0.16859731044510937, 0.03706231225155006, 0.02859402271843592, -0.011110852516747982], [-0.47757123593683676, -0.3891207655883378, -0.5756815695485696, 0.34534172723630396, 0.054047353077888396, -0.17246509810091493, 0.48226434775393745, 0.4597211486499845, -0.5902809011654709, -0.06744215285863304, -0.09892128117681186, 0.8188523769044299, 0.2670990101388067, -0.08848033181668559, 0.013635689721115521], [-0.21334105677611642, 0.06960408007886244, 0.4405962326527458, 0.3125053044009042, -0.11852522725344931, 0.6430761177578543, -0.27034231186978724, -0.382428994797957, -0.32924292827671947, -0.40026702205490056, 0.4924886231800859, 0.2448809290524852, 0.6889208827026394, -0.6749479299432741, 0.0035587490851013703]], "inverted": true, "swapped": false, "error_lsq": 0.03676126888376884, "error_max": 0.22947584093040463, "target": "1200.xyz", "model": "10.xyz", "model_rescale": 4.260839863003843, "target_rescale": 4.205240726328725},
{"mapping": [3, 5, 8, 1, 13, 9, 6, 12, 10, 0, 7, 14], "R": [[-0.21659464649981136, -0.6318723354319092, -0.7441935976770067], [-0.0682116476172483, -0.7506311636769525, 0.6571910127552906], [-0.9738757262797764, 0.19310672653434138, 0.11948163846478249]], "T": [0.03935461640200686, 0.0430794722743543, 0.09795589480995448], "aligned_model": [[0.3604314701023388, 0.26996492902140584, -0.589780588885813, -0.32988272980882444, -0.5738085487954524, -0.23425701600535312, 0.16838576710386105, 0.7269104055976621, 0.32588184737472586, -0.38307552486072577, 0.07726055425827408, 0.14086808399203152], [0.02150104234445832, -0.6011324528660501, -0.33635553341267554, -0.3630190511266971, 0.32396427973489506, 0.28327741415111307, 0.7234855964688619, -0.07249807668553634, -0.36257570310238474, -0.1525946255174563, 0.6675558474309436, 0.041469768113461716], [-0.6407279638151976, -0.41843122011482625, 0.17363905397053575, -0.4472150932066341, 0.2300323506060312, -0.3731040393035608, -0.44422378484215397, -0.1154185771103921, 0.5493612912839643, 0.7061230077596107, 0.24811047277577447, 0.048032579392353746]], "inverted": true, "swapped": true, "error_lsq": 0.05113635879745224, "error_max": 0.279461482194384, "target": "1200.xyz", "model": "11.xyz", "model_rescale": 3.890672605050136, "target_rescale": 4.205240726328725},
{"mapping": [8, 13, 4, 2, 10, 3, 9, 5, 1, 6, 11, 7, 12, 14], "R": [[0.6792308621169926, -0.6370290954869455, 0.3644713534022821], [0.7305007333272884, 0.6347191978798193, -0.2519924968150694], [-0.070810412766068, 0.43740767179586937, 0.8964710893821486]], "T": [0.1548889191342298, 0.05568781433018795, 0.024998218363518773], "aligned_model": [[0.45574609517441417, 0.054465065043505845, 0.4534927908069883, 0.6533757935436763, 0.7662407562669953, -0.37287038990586835, -0.35973853119059956, 0.2084259824765727, 0.017738382221732935, -0.7016019722441131, -0.018746771849774968, -0.15250786940158206, 0.08527036969549331, 0.12058613415625327], [-0.39387230458824946, 0.10382971183651911, 0.6643556026035154, -0.44160641467533507, 0.16094256739907709, -0.29709398935338377, -0.17140670699741567, -0.6239181816543108, -0.6999843148087926, 0.23882625990916984, 0.6366361256894, 0.5947787982256765, 0.09925372542938048, 0.061411640812514226], [-0.4778841036134578, -0.6531661714615588, -0.02953360706683473, 0.10889947582974845, 0.2811059604477528, 0.5212087868976559, -0.17004665840239963, 0.5447243446170075, -0.06780802166100013, 0.10527274394508411, 0.4547110649349728, -0.14483147873929586, 0.7494808387978992, 0.1326572608312872]], "inverted": false, "swapped": true, "error_lsq": 0.04341383479239974, "error_max": 0.25802025462427036, "target": "1200.xyz", "model": "12.xyz", "model_rescale": 4.124412569039231, "target_rescale": 4.205240726328725},
{"mapping": [2, 13, 9, 10, 1, 5, 4, 12, 7, 11, 3, 6, 14], "R": [[-0.9734245647656978, 0.2081407462074209, -0.09550940518571904], [0.16427200911472845, 0.3440501740419392, -0.9244696775790551], [-0.1595597810606496, -0.9155910154156874, -0.3690985894824691]], "T": [-0.0007033773928266374, 0.1580873566270631, 0.09426050708911171], "aligned_model": [[-0.13154975638653435, 0.005370468731554584, 0.5372229943981963, -0.546623898085712, 0.5253661073336537, 0.37069749465860735, -0.5899307323678123, 0.08667114935843687, -0.05777296006158176, -0.14725630889026203, 0.6692433146234564, 0.6133129378525521, 0.032547496345202584], [-0.4055125584771282, 0.6981015431534248, 0.3916715427371406, -0.23023291156181155, -0.14865962750040781, -0.6125549820011107, 0.4107229086695142, -0.28589631717966046, 0.7199034183484627, 0.27073083744990334, -0.15119924138234528, 0.5880786492514629, 0.10233211500103269], [0.5042172071976655, 0.5192985279017139, 0.1968737846340728, 0.05427348713495535, 0.5713567444339807, 0.14919275074432006, -0.13289774311910815, -0.47745969354700424, -0.21405714738990256, -0.6255569063295809, -0.22934889908118777, -0.3657957825105251, 0.0016017508984394746]], "inverted": false, "swapped": true, "error_lsq": 0.03986638128087816, "error_max": 0.19685957050140815, "target": "1200.xyz", "model": "13.xyz", "model_rescale": 3.9028299243045295, "target_rescale": 4.205240726328725},
{"mapping": [2, 4, 3, 10, 1, 7, 13, 12, 0, 5, 6, 11, 9, 8, 15], "R": [[0.29671260814114536, -0.5690804161370902, 0.7668827212418566], [-0.3576183412414435, -0.8108264335869787, -0.46332452622793363], [0.8854776960363245, -0.13677709810438635, -0.4440960203113123]], "T": [-0.03626166500918446, -0.0009166570496508409, 0.0052612206821239065], "aligned_model": [[0.49537511275266577, -0.6008577209819408, -0.02021965167900487, -0.6799861474739082, 0.588640769509869, -0.4247989315076188, -0.4584348575451821, 0.13357703286457678, -0.17824764709091387, -0.3927398558776909, 0.37153072847963764, 0.33615142452399316, 0.04405313296577504, -0.022971989617405847, -0.0449591155523215], [-0.3971190311687557, -0.37260341560133636, -0.5589295772181514, 0.2435012569409387, 0.15282994407233702, -0.07191126015321021, 0.5833070084303317, 0.47780606481825183, -0.7545712757341215, 0.0528111029174297, -0.15395912942023454, 0.6177382904531781, 0.3251290435334556, -0.18970876806300319, 0.026678063483096343], [-0.314950872826485, 0.05469320405380036, 0.2828466669351433, 0.2902722310746813, 0.0950258335226097, 0.8205075115104005, -0.33104794659157794, -0.47036432660567473, -0.3094785223955188, -0.3582473224075662, 0.5099310411713164, 0.16156616306255986, 0.7038950237729669, -0.7435298602641751, 0.11541662392599404]], "inverted": true, "swapped": false, "error_lsq": 0.034715114338704535, "error_max": 0.24426066444041514, "target": "1200.xyz", "model": "14.xyz", "model_rescale": 3.942246331269136, "target_rescale": 4.205240726328725},
{"mapping": [12, 2, 0, 9, 13, 7, 10, 4, 1, 5, 8, 11, 6, 3, 14], "R": [[-0.389432561817802, -0.4238078644647897, 0.8177586280888869], [0.7388264861634505, 0.38641403149272663, 0.5521047179737797], [-0.5499797297531905, 0.8191892884329803, 0.162638269104399]], "T": [-0.048582506537934625, 0.06846575506896851, -0.002794723697408054], "aligned_model": [[0.5100539180641264, -0.5786139533281172, -0.09320483535514003, -0.7560685874662552, 0.7358851399828434, -0.4411065235882422, -0.28098085254808924, 0.14679582158593069, -0.07056799015785988, -0.5267905151759911, 0.31523513170847517, 0.3885926462375119, -0.10939411042967927, -0.04252737682809314, -0.05119562893088983], [-0.4256862937719241, -0.43697590018521365, -0.5607740781323809, 0.3521204956925917, 0.15667401274945236, -0.11094636551238454, 0.7281281421987837, 0.4423107269123653, -0.6249816500750789, -0.2348066899661463, -0.07744648430005491, 0.5685659299592949, 0.3444685942437774, -0.11177220442410402, -0.027879918098772244], [-0.3371827556257687, 0.21224787019251104, 0.37507239970964984, 0.25636881453046956, -0.19711317713001764, 0.7352538486582539, -0.1436388212702208, -0.40989572203754704, -0.42146974156879236, -0.289364929311952, 0.6644288301366218, 0.2671843968415326, 0.47981668410184714, -0.6985141670527142, 0.01334191776460094]], "inverted": false, "swapped": false, "error_lsq": 0.04728619627533837, "error_max": 0.3345071267017499, "target": "1200.xyz", "model": "15.xyz", "model_rescale": 4.355366556412066, "target_rescale": 4.205240726328725},
{"mapping": [10, 2, 0, 11, 4, 12, 7, 3, 13, 5, 9, 14], "R": [[0.5459956187416296, 0.7384813551931868, 0.39564387060458756], [0.6509208721720698, -0.6712371523553465, 0.354602176345038], [0.5274379607932076, 0.06392161864283419, -0.8471854721277879]], "T": [0.038591128770597484, 0.024114767631574406, -0.09734995029116242], "aligned_model": [[-0.23317537730842622, 0.3445925011742364, 0.2670156742012418, -0.674361775809508, -0.40726911816583306, -0.4547278891628736, -0.2531206891305124, 0.015937907062011016, 0.43947843551143323, 0.2259323952507453, 0.3605781240971981, -0.033071633087931866], [-0.5768197158344007, -0.4918719218992009, -0.5581137029927976, 0.23012433412816413, -0.25107978442040335, 0.11119765621388525, 0.3490032746283065, 0.5480701765003083, 0.11156806277502931, -0.04515431169546961, 0.5248943035528674, 0.060958056784691676], [0.02691396289270001, 0.2807387052901338, -0.5394303152776881, -0.13686752265882093, -0.5310446209604808, 0.43243558689217687, -0.5699022477734985, 0.514342275159764, -0.6486673006941728, 0.7362871516678732, -0.09761346591256856, -0.017933747415997597]], "inverted": true, "swapped": true, "error_lsq": 0.05420523224694884, "error_max": 0.29160684806529824, "target": "1200.xyz", "model": "16.xyz", "model_rescale": 3.795458400668931, "target_rescale": 4.205240726328725},
{"mapping": [4, 0, 10, 7, 12, 8, 13, 11, 9, 1, 2, 3, 14], "R": [[-0.4516375924562223, -0.28003371356562273, -0.8471154610482531], [0.24418569259438053, 0.8744175620669553, -0.419246078909613], [0.8581356726139232, -0.3962007652889246, -0.3265396162365611]], "T": [-0.06743004361805799, 0.03941972594182329, -0.013071877726470296], "aligned_model": [[0.19581821696794194, -0.21497938319155144, 0.4484451704459717, -0.1875439761397556, 0.5307091498336789, -0.49558824006469776, -0.673552034971695, 0.39280564837997006, -0.5249707752997159, -0.428577177053782, 0.07547828071019758, 0.019825792390212982, 0.010761128897446723], [-0.30942172837558024, 0.27657265671290093, 0.2863960425458819, -0.5819217060474956, -0.027284224575330876, 0.574915939111061, -0.06282743037710291, -0.5378901770295156, -0.05206259688247568, 0.5978592831396986, 0.728724667482614, 0.0536159220292005, 0.01710461773662983], [-0.5342479148698106, -0.7262271861169541, -0.3642075636311761, -0.12909544707858928, 0.3985102970450253, -0.2877249955874491, -0.3204335263018246, 0.07177980408051697, 0.35671630713124597, 0.38212635568065884, -0.09831296858204716, 0.787799338333162, 0.06559253073353737]], "inverted": true, "swapped": true, "error_lsq": 0.04858214469127819, "error_max": 0.2804968720395257, "target": "1200.xyz", "model": "17.xyz", "model_rescale": 3.7474275329858107, "target_rescale": 4.205240726328725},
{"mapping": [11, 4, 7, 10, 3, 1, 6, 13, 12, 9, 2, 0, 8, 14], "R": [[-0.1224796324042603, 0.8464239914146949, -0.5182327338211412], [0.43576108173585437, -0.4232774100325151, -0.7943226761213382], [-0.8916899793597075, -0.3231140060625393, -0.31699577252023703]], "T": [0.007702302697684269, -0.03646736205585625, 0.0021193052226236436], "aligned_model": [[0.4477495747159061, 0.12215571026862834, 0.583423349486463, -0.4493358085702657, 0.18930914233930662, -0.31013159050056316, 0.8015899108289797, 0.17511857732915834, 0.02730813780888983, 0.3105719121822052, -0.6915087621319256, -0.3677230330643835, -0.4532972803466087, 0.029617807537086146], [-0.33808693979677235, 0.24865220645397745, 0.17095122989553707, -0.07905963439987328, -0.7308503745188055, -0.17698988652291547, -0.3017062825440319, 0.5772277808948669, -0.7171902141342362, -0.05427842598020054, -0.10093213632780877, 0.6060852430749328, 0.40101170284349, -0.14442602742692653], [-0.5152659022155743, -0.604693448262698, -0.1965684008261009, -0.48749571757578153, 0.3682627271380657, 0.6932767917422771, 0.2722139505496596, 0.2622338855520916, -0.258364491269963, 0.5143776422460997, 0.10100466745091681, -0.17894637616119508, 0.37841895026839184, -0.023659559974534648]], "inverted": false, "swapped": true, "error_lsq": 0.04499774516328196, "error_max": 0.3109830765477623, "target": "1200.xyz", "model": "18.xyz", "model_rescale": 3.922800546911778, "target_rescale": 4.205240726328725},
{"mapping": [10, 13, 11, 12, 2, 7, 5, 1, 4, 8, 9, 0, 3, 6, 14], "R": [[0.59849539923242, 0.05496532159698697, -0.7992384315830701], [-0.6874524532487875, 0.547496381082492, -0.47713398246592986], [0.4113543261226868, 0.835000913845796, 0.3654601103497285]], "T": [-0.10634278959263495, 0.02094881280234128, -0.034838685390648945], "aligned_model": [[0.4665998108376645, -0.6255599872206562, -0.07437361895461843, -0.6972570316805677, 0.595283216238941, -0.24005358986005343, -0.42850383941324505, 0.26499012592205057, -0.15596306235909135, -0.5359195729268194, 0.47440262931795235, 0.1816047035948562, -0.03211798696857045, 0.06007971940544575, -0.10709923216275793], [-0.535254285827449, -0.4088025487489535, -0.623009378119379, 0.3040012246306093, 0.09972644414800103, -0.17581968363971895, 0.7065722557699285, 0.4106189074875749, -0.6345415577364587, 0.05636953627962522, -0.17454814218127712, 0.7794519687606737, 0.37123564420137667, -0.196179644068103, 0.0011775763337562271], [-0.14874889981451805, 0.09760381440566956, 0.2677161579722481, 0.40026559546896023, 0.0861736921919056, 0.7277979251640979, -0.1279325767985653, -0.5430237964468566, -0.33772041437682293, -0.4691194857839196, 0.5011266912163509, 0.1656652777750883, 0.49519816050682974, -0.6680262986846511, 0.05955960514265745]], "inverted": false, "swapped": false, "error_lsq": 0.037394535092761035, "error_max": 0.2736872222957895, "target": "1200.xyz", "model": "19.xyz", "model_rescale": 3.9282355846067225, "target_rescale": 4.205240726328725},
{"mapping": [8, 2, 10, 1, 9, 5, 3, 12, 6, 7, 0, 13, 4, 14], "R": [[-0.6181449307020579, -0.38135221267745695, -0.6873625932019839], [0.37758062467511594, -0.9109996332709976, 0.16586904488197063], [-0.6894415976116451, -0.15700368806533038, 0.7071210118618928]], "T": [0.018941670368997958, -0.08740123662411504, 0.10949925041599082], "aligned_model": [[-0.4581538341975854, 0.03525475726226839, 0.5243651273192783, -0.5015389407097606, -0.46340164310279963, 0.07236188389670245, -0.02342126585929217, 0.5474180731364173, -0.19252287342078084, 0.04254042444628114, -0.05998425712714806, -0.5002556040914421, 0.4230180876504511, 0.08684288388208666], [-0.6511423425155555, -0.6826400258117711, -0.5288905159736476, -0.2501104268239429, 0.24224914938391273, -0.2256467799086595, 0.40191431806043026, 0.19039224412753625, 0.7663214038828212, 0.32700738794412415, -0.7125418824231864, -0.16824979394527254, -0.16089749413846124, -0.024883154433492094], [0.1002355738001664, -0.2755394518043667, 0.10207276076451885, -0.43921678510321427, -0.0050930231075153876, -0.7348230954854295, -0.529238166048366, -0.3090258648605162, 0.1086410394018823, 0.6010911454132847, 0.5448987049473494, 0.5524521072356562, 0.6516569929343855, 0.04407121915584751]], "inverted": true, "swapped": true, "error_lsq": 0.05042818501676826, "error_max": 0.2853611346928162, "target": "1200.xyz", "model": "20.xyz", "model_rescale": 4.067790424073018, "target_rescale": 4.205240726328725},
{"mapping": [11, 1, 9, 8, 3, 7, 4, 6, 10, 5, 12, 2, 0, 13, 14], "R": [[0.42130095551443897, -0.8815184669939236, 0.21314477997667142], [-0.639320169148657, -0.4553644903823793, -0.6196070546875083], [0.6432536250984937, 0.12477328739549559, -0.755418030331662]], "T": [-0.05452029473514323, 0.050456641103204664, 0.003959274627002001], "aligned_model": [[0.4529863850736194, -0.6834911980819979, -0.12451022309322377, -0.5598760691450092, 0.7533267440238619, -0.4583800792844644, -0.39578020090578353, 0.23860434388565618, -0.02910514505333981, -0.5317970612380972, 0.4768403652351931, 0.1893696550736841, 0.026772658037327472, -0.16790798172243981, -0.04093990903445565], [-0.22673353932173698, -0.47011441531283427, -0.6217992661392098, 0.23393992614022807, 0.2829796848073408, -0.12146859311726907, 0.7460755543968283, 0.48211227698774817, -0.751397335656003, 0.12526190619537086, -0.38454725878806995, 0.7367198974730291, 0.3487539621919983, -0.3724860054327016, -0.026298477134512666], [-0.2852375922381533, 0.08585237106222979, 0.38765616616379744, 0.19400485365393041, 0.13457785204113062, 0.6072858408171518, -0.2012930058594344, -0.5207389824102288, -0.16238702583009898, -0.33527100310312824, 0.34372584598586586, 0.156544879707771, 0.6433872952686853, -0.5422881558091257, 0.0007161084880813635]], "inverted": false, "swapped": false, "error_lsq": 0.0440120345067738, "error_max": 0.307620557755483, "target": "1200.xyz", "model": "21.xyz", "model_rescale": 4.186013935880536, "target_rescale": 4.205240726328725},
{"mapping": [10, 4, 0, 5, 3, 2, 12, 11, 13, 7, 6, 9, 14], "R": [[0.3231578751923959, 0.9463251588645761, 0.006138517823597367], [-0.09868228175205843, 0.0272461221765109, 0.9947459253973097], [0.9411858450748944, -0.3220657425530964, 0.10219032490592928]], "T": [0.08253423228944401, 0.018104499234309457, -0.0234660797721843], "aligned_model": [[0.1260555265962741, -0.2903847324377602, 0.42932975771145365, 0.4644270544782947, -0.02073428729303338, 0.6545625059093934, -0.26767596195113824, -0.6392321831585012, 0.27298198457202455, -0.41750202308571416, -0.42865968064411064, 0.1534172134994256, 0.021988861226617216], [-0.35303366397759645, 0.17062672478021085, 0.33776155932534574, -0.6776791455304775, -0.3947315910745958, -0.3488711942819269, -0.608983790368681, -0.1474621493898018, 0.6783266136304428, 0.42294379970010426, 0.2391946766773232, 0.26951130917218946, -0.06864648911644358], [-0.5809453781449899, -0.5714468140189161, -0.6269186806851633, 0.3003992707646175, 0.660720877875642, -0.22580893166660856, 0.10196475870102593, -0.08627014459253556, -0.035546878817641264, -0.018682289818016586, 0.6572396228177069, 0.5115349081606649, 0.016639240759560112]], "inverted": true, "swapped": true, "error_lsq": 0.04642640343135979, "error_max": 0.2461928149305815, "target": "1200.xyz", "model": "22.xyz", "model_rescale": 4.166573947596378, "target_rescale": 4.205240726328725},
{"mapping": [4, 10, 9, 13, 2, 14, 5, 1, 8, 7, 3, 6, 12, 0, 15], "R": [[0.40095856548771536, -0.4483287630041931, -0.798895205283624], [0.09863832716509559, 0.8881230063201213, -0.4488964313279644], [0.9107703932254856, 0.10118718252842296, 0.40032292579348305]], "T": [0.0166806942288818, -0.0586683534365743, 0.15138076473464504], "aligned_model": [[0.46435634965564637, -0.7170406691372215, -0.04101429708729909, -0.7523465430264089, 0.6233482460560946, -0.5397578666011107, -0.4222966181420147, 0.23746235386629505, -0.003399447524581295, -0.5032088418741913, 0.5217336267627064, 0.2194120198314281, 0.045742895675720416, -0.006935655815198255, 0.0200567311306648], [-0.31010821640510217, -0.208397398642919, -0.5490411997445849, 0.295348367906225, 0.2137439771486102, -0.0030152965045831676, 0.4952599664042635, 0.39343964229128403, -0.76782459743021, -0.09293464225900618, -0.3787945199462067, 0.6743450077622021, 0.2758769711066326, -0.04824766628218492, -0.008652078114214042], [-0.37418370915336285, 0.1381366314726428, 0.492928603057332, 0.16045866454319596, 0.04864205297410221, 0.7110740990667748, -0.28625414806742655, -0.3535478241111737, -0.23691467656384094, -0.3384460815601301, 0.2135693880583332, 0.1778203920083186, 0.7140673289091958, -0.6647622620246606, 0.10394698932917326]], "inverted": false, "swapped": false, "error_lsq": 0.04788064033206834, "error_max": 0.2750301241458863, "target": "1200.xyz", "model": "23.xyz", "model_rescale": 4.274766983524099, "target_rescale": 4.205240726328725},
{"mapping": [12, 3, 6, 7, 9, 13, 4, 8, 2, 1, 14], "R": [[0.008328694371636192, -0.39409215226123867, 0.9190331922059014], [-0.999730276871964, 0.016644066301750082, 0.016197177607528923], [-0.021679629968492653, -0.9189202090405065, -0.39384723315186776]], "T": [-0.0034426191614346513, -0.06139414753941194, 0.038240278978060815], "aligned_model": [[0.40622336141051385, 0.17509051190401245, -0.5450560495893187, -0.5522791853907459, -0.32687271908090976, -0.5271878273047934, -0.15177314305339526, 0.061059568833935596, 0.5826428475520568, 0.21443105890689856, 0.043616279769821076], [0.021754598989912666, 0.6007556211163418, 0.39910225641018426, -0.25714271413903517, 0.4367970372218357, -0.09036825290682646, -0.7111793558475814, 0.011733887675027324, -0.03451249589763737, 0.5707603445422853, -0.03211439592102319], [-0.5591539532170194, -0.38471766526082884, -0.47959974520907134, -0.23455070837559433, 0.07891400624448462, 0.4822684206062611, -0.09737575027408032, 0.7703616684096737, 0.436500668267971, 0.4273101869203523, -0.060390694090570934]], "inverted": false, "swapped": true, "error_lsq": 0.05214696655029097, "error_max": 0.2659802254136924, "target": "1200.xyz", "model": "24.xyz", "model_rescale": 3.7841303162186577, "target_rescale": 4.205240726328725},
{"mapping": [5, 8, 1, 10, 3, 0, 14, 13, 2, 9, 6, 11, 7, 12, 15], "R": [[-0.5716667505647212, 0.5426899890438275, -0.6153736280426578], [-0.44099988963559006, -0.8356953151953653, -0.3273109187025641], [-0.6918932169346441, 0.08426693273241628, 0.7170654505745624]], "T": [-0.10503722455274879, -0.023740030435825767, 0.1004077970431729], "aligned_model": [[0.378446659561806, -0.4373453972914978, -0.14943338702364828, -0.6441852852302119, 0.6721939218304361, -0.43357406912579144, -0.40530154437385296, 0.2567521275470506, -0.18993441291041763, -0.4992378703299423, 0.5091271392941824, 0.2648757410897861, -0.153477820267106, 0.017444568773486754, -0.04023808777374881], [-0.42269834176066, -0.5045296346591243, -0.6235472300582355, 0.5217717565384513, 0.01679869644844905, -0.18116293226369048, 0.44605906768726983, 0.515320317059997, -0.6195860326123306, -0.03963152230105094, -0.03412621227655459, 0.6225428107034526, 0.28727242491043564, 0.017252795663773766, -0.02073764578997653], [-0.5131183597505076, 0.18912317587176564, 0.5377825766569314, 0.23075872422461016, -0.10760721286628902, 0.7396350814183599, -0.4638874341573549, -0.3360809241581094, -0.35407326639782555, -0.33144173680080935, 0.4808295546363668, 0.2872511974114309, 0.6693808380623298, -0.6469138906791179, 0.12489712446669352]], "inverted": true, "swapped": false, "error_lsq": 0.0502387441567971, "error_max": 0.3111433420212563, "target": "1200.xyz", "model": "25.xyz", "model_rescale": 4.19342608120988, "target_rescale": 4.205240726328725},
{"mapping": [10, 2, 0, 11, 4, 12, 7, 3, 13, 5, 9, 14], "R": [[0.5459956187416296, 0.7384813551931868, 0.39564387060458756], [0.6509208721720698, -0.6712371523553465, 0.354602176345038], [0.5274379607932076, 0.06392161864283419, -0.8471854721277879]], "T": [0.038591128770597484, 0.024114767631574406, -0.09734995029116242], "aligned_model": [[-0.23317537730842622, 0.3445925011742364, 0.2670156742012418, -0.674361775809508, -0.40726911816583306, -0.4547278891628736, -0.2531206891305124, 0.015937907062011016, 0.43947843551143323, 0.2259323952507453, 0.3605781240971981, -0.033071633087931866], [-0.5768197158344007, -0.4918719218992009, -0.5581137029927976, 0.23012433412816413, -0.25107978442040335, 0.11119765621388525, 0.3490032746283065, 0.5480701765003083, 0.11156806277502931, -0.04515431169546961, 0.5248943035528674, 0.060958056784691676], [0.02691396289270001, 0.2807387052901338, -0.5394303152776881, -0.13686752265882093, -0.5310446209604808, 0.43243558689217687, -0.5699022477734985, 0.514342275159764, -0.6486673006941728, 0.7362871516678732, -0.09761346591256856, -0.017933747415997597]], "inverted": true, "swapped": true, "error_lsq": 0.05420523224694884, "error_max": 0.29160684806529824, "target": "1200.xyz", "model": "26.xyz", "model_rescale": 3.795458400668931, "target_rescale": 4.205240726328725},
