[{"mapping": [10, 6, 8, 9, 0, 5, 2, 11, 1, 12, 7, 4, 14, 15], "R": [[0.17329113882718, -0.22095508603257125, 0.9597650916554104], [0.5841761942341305, -0.7615087224178572, -0.28078931562944215], [0.7929113161596992, 0.6093302188779596, -0.0028860124794389264]], "T": [-0.04818997149289077, 0.11130069399617146, 0.10127692975186664], "aligned_model": [[0.17257020429410042, 0.17199774260535516, -0.48171391555339055, -0.4855421356987207, -0.5228865236085753, 0.15094003653754973, -0.7830032099461705, -0.04920398503981129, -0.2126558359579886, 0.13003153907596182, 0.5251922339757661, 0.12084526069619765, 0.6801894550669463, -0.045268765318916444], [-0.5833799193509049, -0.3414762157143658, -0.4545907934112353, -0.3899857884879845, 0.41748543783448944, 0.162679057069142, 0.22493214444674858, 0.2563140629814051, 0.7266757282008681, -0.23166317878498835, 0.5840539984331337, 0.778066520789865, -0.024427584421702814, 0.11058986222556454], [0.2007913154822657, -0.46623117984116647, 0.4920709545708501, -0.22644710537716595, 0.46508374385041257, -0.5911416920186321, 0.010696423155825974, 0.6945661061504281, 0.1560290186601727, 0.6947046897907153, 0.48063238430510724, -0.2593584673554565, 0.2021155835756503, 0.044076312230827086]], "inverted": false, "swapped": true, "error_lsq": 0.05067547280610608, "error_max": 0.28742807759610517, "target": "121.xyz", "model": "0.xyz", "model_rescale": 3.8414455957264533, "target_rescale": 4.24505220343968},
{"mapping": [0, 8, 7, 12, 11, 14, 13, 1, 5, 4, 14, 9, 6, 3, 15], "R": [[-0.25703477924301626, -0.592979936994176, 0.7630910277167967], [-0.9162658598757483, -0.10149560528763968, -0.3874990530742642], [0.3072295498249634, -0.7987949902382205, -0.5172393713597908]], "T": [-0.11045652963395577, 0.0952358728395951, -0.07883021931339576], "aligned_model": [[-0.6788881608305791, -0.7364748070889701, 0.18504347871041785, -0.3310703633061818, -0.43524065938793244, 0.41695448174680616, 0.6280049486361147, -0.22257228589487096, 0.4499106473390374, 0.29066048161960656, 0.41695448174680616, -0.32634416933814625, 0.3523577427795672, -0.06157682629335007, -0.07567483693378149], [-0.0568071788387987, 0.20551958230952674, -0.6599072056372487, -0.34276860425390016, -0.42194547708399144, -0.3069653043116659, -0.27864289962393085, -0.07914308990589188, 0.521188060657916, 0.06041794230859707, -0.3069653043116659, 0.7505562278098837, 0.5881837493582872, 0.5352938805105003, 0.13903014905539746], [0.24553023300139623, -0.5856189081630655, 0.11766934150151812, -0.5897365176555845, -0.08661948056033136, -0.42408234005325673, 0.18874025645843998, 0.5259468297603581, 0.08330985817801975, 0.5853236199018884, -0.42408234005325673, -0.35070492509288753, -0.4228656159613956, 0.36882279526547923, -0.06645101918778669]], "inverted": false, "swapped": true, "error_lsq": 0.043050733370051476, "error_max": 0.37350374139543174, "target": "121.xyz", "model": "1.xyz", "model_rescale": 4.316132596720782, "target_rescale": 4.24505220343968},
{"mapping": [3, 1, 2, 10, 9, 5, 8, 14, 0, 13, 11, 15], "R": [[0.9200733049328156, -0.21838405806712302, -0.3252284070190394], [0.3838847979072961, 0.6680985639694731, 0.6373984395632003], [0.07808697385403597, -0.7113035301501488, 0.6985339737695339]], "T": [-0.030663811190022296, 0.046652022959521595, -0.007493639002480089], "aligned_model": [[-0.07386012226286998, 0.5085127801095359, 0.08232259666976222, -0.5466168244762616, -0.5793437492763791, -0.42426732849429427, -0.20186367129637348, -0.15441926324088132, 0.47970829555898203, 0.13416358443324955, 0.43917843064279694, -0.06570617373548635], [-0.5807673378705137, -0.2869834114839255, -0.46022720515256116, 0.5563906783138085, -0.1856610194975978, -0.3628589296701133, 0.35620260047299335, 0.5676381576555615, -0.08898805545878669, 0.09016662551752269, 0.3999245161164794, 0.007939808798113367], [0.022714329165443338, 0.07441634094397132, -0.5472852190223388, -0.13069393956837003, -0.449024014066286, 0.4387272647065384, -0.7394534762126926, 0.5144117396295832, -0.42290114220102293, 0.8455263255403705, -0.17323067652814064, 0.01605092882236542]], "inverted": false, "swapped": true, "error_lsq": 0.04491786730286001, "error_max": 0.24165133728368962, "target": "121.xyz", "model": "2.xyz", "model_rescale": 3.795458400668931, "target_rescale": 4.24505220343968},
{"mapping": [9, 2, 8, 7, 6, 14, 11, 3, 1, 13, 10, 15], "R": [[0.08550181251086525, 0.9837390006921891, -0.15794625216981317], [0.2954423706685636, -0.1764299848139182, -0.9389282539535702], [-0.9515267971376824, 0.033616052351427894, -0.3057232659664785]], "T": [0.04835200755603876, -0.03443101003193333, 0.059982699733903216], "aligned_model": [[-0.21597440564477743, -0.07698511662298675, -0.7366590374347886, 0.3076944187869083, 0.20874742022435377, 0.15009197021480553, -0.253171482771867, 0.43874809271005866, 0.35651696390667276, 0.7219908079727199, -0.3948081600018807, 0.08711235440434632], [-0.06065534373760545, -0.6834517446838078, -0.11371127526534136, 0.11170570677040728, 0.4759546117643369, 0.6206521284768514, -0.19480603321952394, -0.37079807322978436, -0.5260197610974104, 0.32306063416969083, 0.5280891140701398, -0.02425091872824342], [-0.6324130887167501, -0.2923383490374787, -0.13589597244632368, 0.8394433947292667, -0.47791584322683833, 0.405876108665879, 0.5663278280383647, -0.3017929109249341, 0.3285122214625259, 0.4784503111348476, -0.10853880812576797, 0.01905653908630938]], "inverted": true, "swapped": true, "error_lsq": 0.04663819728424098, "error_max": 0.25834066277782497, "target": "121.xyz", "model": "3.xyz", "model_rescale": 3.7530521520055578, "target_rescale": 4.24505220343968},
{"mapping": [6, 13, 14, 7, 10, 1, 9, 3, 2, 11, 15], "R": [[0.6472230429082204, 0.6323034059448025, 0.4257871951564841], [0.7503731336034114, -0.4300291923953527, -0.5020110098932064], [-0.1343223477118391, 0.6444123652742882, -0.7527882905483962]], "T": [-0.04358765200957338, -0.0369199874821829, 0.09700782914592485], "aligned_model": [[-0.36791114010530224, -0.03684725405150297, 0.35473993424020744, 0.4098949476074534, 0.2847254073898331, -0.19434956246391832, -0.39254083949548824, -0.6516540625668102, -0.43023622821777785, 0.4560171445263831, -0.09363874441787202], [-0.6937989652385, 0.11715084453754476, -0.313295967846182, 0.37139626237507334, -0.6902482564727457, 0.5816277254948081, -0.48877151416870473, 0.12285374821704614, 0.22450129106272804, 0.29323059601532925, -0.057442405662051096], [-0.10017051021194667, -0.7591004564398021, -0.47227122387918974, -0.472030634624806, 0.17819915076756485, 0.03867415393515025, 0.5703258691915118, 0.1310826102641816, 0.6828655113119999, 0.21708110566539818, 0.0781752012652548]], "inverted": false, "swapped": true, "error_lsq": 0.04403884993324309, "error_max": 0.2139404067345969, "target": "121.xyz", "model": "4.xyz", "model_rescale": 3.7855080009869324, "target_rescale": 4.24505220343968},
{"mapping": [12, 12, 13, 6, 1, 4, 7, 2, 15, 8, 10, 14, 9, 0, 3, 16], "R": [[-0.4595103855525057, 0.882014827985335, 0.10440329871889917], [-0.8820921144203837, -0.4669316952496251, 0.06235618372453748], [0.10374828792208846, -0.06344001249457158, 0.9925782878785553]], "T": [-0.04561802087144926, -0.04231868302240896, 0.023687916032978963], "aligned_model": [[0.4076433224174729, 0.4076433224174729, -0.10684907884815431, -0.524606789841931, 0.2618268082456925, -0.39531592415601646, -0.7483229318107217, 0.6222563763822244, -0.02263832040769231, -0.5044683241518905, -0.39087031853039556, 0.524480253791753, 0.3031273701932422, 0.10057929508966518, 0.221372398716744, 0.0005827603470480308], [-0.2532020142578306, -0.2532020142578306, 0.08743931378695047, -0.33915905896638376, -0.73401586884113, -0.6682901726627919, -0.13199039484181935, -0.08463069749026221, 0.7476622507754167, 0.40149276147616486, 0.47726290885717104, 0.27311904003775644, 0.4757455423435313, -0.5879899812294697, 0.08777916392643745, -0.01490827375480748], [-0.43799123478187657, -0.43799123478187657, -0.6864397194512867, -0.30575497503699806, 0.03537633632671707, 0.204993885215258, 0.2676843588699894, 0.336640261452223, -0.21023549940114888, -0.27261880828349133, 0.40025144907273646, -0.15847793869706525, 0.3655945258786593, 0.5615940997112302, 0.6515471928352217, 0.02464157968872587]], "inverted": true, "swapped": false, "error_lsq": 0.04384379049824805, "error_max": 0.3627556100618824, "target": "121.xyz", "model": "5.xyz", "model_rescale": 4.2253639853439635, "target_rescale": 4.24505220343968},
{"mapping": [7, 12, 2, 1, 0, 9, 3, 4, 10, 14, 8, 6, 5, 15], "R": [[0.2604563422043273, -0.7980676920935611, 0.5433695359900106], [-0.4200276399122923, 0.4130837587999126, 0.808046155813791], [-0.8693326610195042, -0.43869096987764933, -0.22762020435926855]], "T": [0.036984225133369124, -0.043244800056599184, -0.013548596975361885], "aligned_model": [[0.6433791913927748, -0.20584090741390257, -0.41447286587191917, 0.27311262211414933, -0.23210660146975304, -0.5001977038939628, 0.11046362096351228, 0.6689708787003014, -0.24888292766030035, 0.4673553942400238, -0.7387341462496894, 0.08526116641306511, 0.41093890908247205, 0.05481552241101241], [-0.09635318221623011, 0.28593314375736234, -0.5743936355092948, -0.6325868693176593, -0.6048648243948308, 0.11117305697153472, -0.3992582791810755, -0.434338746909711, 0.6300118063652533, 0.5004979987662381, 0.10422688080774616, 0.4951365061683262, 0.09602843997270073, -0.036113148645370116], [-0.5841956384494281, -0.5916675013168761, 0.26055875369437453, -0.08873203979946692, -0.2657675241691031, 0.47385144079179936, 0.5005415488605894, 0.21194167242883866, -0.09244622434173974, -0.29328349689489014, -0.20696335098864516, 0.5187764164411719, 0.5885285600644032, 0.040415592610420395]], "inverted": false, "swapped": true, "error_lsq": 0.046989945032715155, "error_max": 0.3839415617843715, "target": "121.xyz", "model": "6.xyz", "model_rescale": 3.89814844738969, "target_rescale": 4.24505220343968},
{"mapping": [11, 12, 8, 7, 2, 10, 14, 1, 4, 6, 9, 3, 15], "R": [[-0.1488074989884957, -0.31685791336124436, 0.9367269564740555], [0.8578864655706757, -0.5124999618266334, -0.037075616223513574], [0.4918202318280968, 0.7980882481706253, 0.34809195293269823]], "T": [-0.06855579379901547, 0.05509435467902153, 0.00496422161075236], "aligned_model": [[0.1343119928487749, -0.08773551804944729, 0.4014974194308826, -0.4390062001706845, 0.608492186107471, -0.3210521613755162, -0.7387174479543318, 0.17062624601930979, -0.2687027929894789, -0.5035150329567182, 0.1866822947139379, 0.09508690260197322, -0.08933608732194985], [-0.2938170442196438, 0.10564504642379426, 0.519720238423995, -0.6406443870229356, 0.15225807755599194, 0.5949964862996445, -0.024460999462608185, -0.48280557342980185, -0.4517450607003301, 0.6224672398693968, 0.7267760835922995, 0.059264004348205446, 0.07612715379247802], [-0.4534323851598557, -0.7011663590816738, -0.4683949658089166, -0.2686915859605585, 0.31030448095125757, -0.4262788599259284, -0.31703188338140403, 0.2543411726414646, 0.5583740633020826, 0.2588411273796599, 0.18844520011926255, 0.6129421643946635, 0.05402286136624196]], "inverted": true, "swapped": true, "error_lsq": 0.0474205164760585, "error_max": 0.3387853716445727, "target": "121.xyz", "model": "7.xyz", "model_rescale": 3.7474275329858107, "target_rescale": 4.24505220343968},
{"mapping": [2, 1, 4, 3, 13, 6, 9, 10, 5, 10, 8, 12, 11, 7, 15], "R": [[0.5294409827056867, -0.6501029465836017, 0.5450306456291749], [0.8402265058723755, 0.4905150464252901, -0.23111557294975688], [-0.11709681746800632, 0.5803112510314737, 0.8059324954766064]], "T": [-0.013657044678556177, -0.020419445330058995, -0.018688570745277643], "aligned_model": [[-0.4990000853274615, 0.26360497008463907, 0.5408543771525086, -0.07943338057832715, 0.8203631179055528, -0.15408475432648938, -0.6791192780898256, -0.2964633424560302, 0.15554259659330982, -0.2964633424560302, -0.7024144752403778, -0.08873779055698112, 0.09313341171504788, 0.7375400997049644, -0.013168401785753164], [0.048446567700027886, 0.17494198040543413, -0.27842893845149724, -0.38142793743950726, -0.2557468258502442, -0.6916492140510615, -0.34753136985640853, -0.09163513466051518, -0.7165389517762099, -0.09163513466051518, 0.33391944905312687, 0.4573118845893079, 0.5791751813792313, 0.3262476896224743, -0.07633128402404996], [-0.5850515596983946, -0.5606230068540707, -0.49739061969218024, -0.5303328214077564, 0.057048099851608955, 0.30578896284754026, -0.007468009526270119, 0.6567137140240727, -0.11102035402415468, 0.6567137140240727, 0.22819866100504552, 0.4986887473302569, 0.02718118273342438, 0.0894694114719856, -0.031121466388918988]], "inverted": false, "swapped": true, "error_lsq": 0.052414468753696646, "error_max": 0.3750385952963683, "target": "121.xyz", "model": "8.xyz", "model_rescale": 4.019505241142653, "target_rescale": 4.24505220343968},
{"mapping": [3, 1, 5, 6, 9, 10, 14, 2, 8, 11, 7, 12, 15], "R": [[-0.5140828277703965, 0.6730569007412003, 0.5317078658024943], [0.6292267322387296, -0.1253533974373598, 0.7670464426532998], [0.582917288839303, 0.728890207174964, -0.35906336523888804]], "T": [-0.05248581448198983, -0.05555983788429614, 0.0065270433832078645], "aligned_model": [[-0.3936390026455351, -0.6893365721514615, -0.04831686243908259, 0.4426149908501572, 0.31032973151369625, 0.6761575564802057, 0.2766949748134304, -0.36214958595877067, 0.37422061573422316, -0.19171902605836583, -0.3507286964411933, 0.326633225335374, -0.05106057729150177], [-0.4563731779852208, -0.023709002050966432, -0.16005205117980964, -0.21402559318930298, -0.699232556300581, 0.006931285724126601, 0.5890288771837493, -0.7069254697252949, -0.40987921198382543, 0.22884348215271932, 0.7214919254432841, 0.26450850673856924, -0.07722878671338833], [-0.33901118254627727, 0.05278589387740902, -0.7081757208931642, -0.5460295698391535, -0.05686386612721975, 0.08648340750813244, -0.18128292724849282, 0.20876104745781054, 0.6008969273595186, 0.5287825522920709, 0.06496625773137582, 0.5118671661377339, -0.04647649166586469]], "inverted": false, "swapped": true, "error_lsq": 0.04770877835638701, "error_max": 0.2540826023278459, "target": "121.xyz", "model": "9.xyz", "model_rescale": 3.877068213659057, "target_rescale": 4.24505220343968},
{"mapping": [6, 10, 14, 9, 11, 8, 7, 12, 13, 2, 4, 6, 3, 0, 5, 15], "R": [[0.9892731822205577, 0.13470571790486313, 0.05650611031513946], [0.0743587679950965, -0.7973314400498995, 0.5989435268288696], [0.12573521607514215, -0.588317044009171, -0.7987951622079646]], "T": [-0.02145580376930302, -0.003363981352606543, 0.045713326928512085], "aligned_model": [[0.5161900427135232, 0.2889056304796976, -0.10202398742054948, -0.37708346905253987, 0.21105420461824154, -0.5107189676827615, -0.7496482198176856, 0.6427139111761718, -0.03046387036178634, -0.5899635805514313, -0.3509200126998938, 0.5161900427135232, 0.27456097855055434, 0.17298815724664846, 0.239428154612139, 0.0052312053306626215], [0.19683441614456235, -0.34075235566889517, 0.043287490319408733, -0.3296871762074185, -0.7020398276518018, -0.5904399222964292, 0.02048384475087911, -0.2304926344832239, 0.6014050120127069, 0.19560995046475868, 0.4912267507095406, 0.19683441614456235, 0.48779692230334504, -0.5732939162482393, 0.08356418707820909, -0.06722465247086151], [-0.18047712495701457, -0.4956328141559084, -0.7294343716506423, -0.40449489165994884, -0.003748113218646834, 0.15195047584740706, 0.4137536179518799, 0.30161639527636996, -0.4357550680506828, -0.2327891688320919, 0.36963310486271017, -0.18047712495701457, 0.3175522020606246, 0.5664219315895805, 0.7774089576623736, 0.10328627084802215]], "inverted": false, "swapped": false, "error_lsq": 0.040796641339051525, "error_max": 0.3987956701009393, "target": "121.xyz", "model": "10.xyz", "model_rescale": 4.260839863003843, "target_rescale": 4.24505220343968},
{"mapping": [4, 3, 9, 5, 10, 14, 7, 1, 2, 8, 11, 15], "R": [[-0.6423386648482606, 0.46897193933447445, 0.606190036010009], [-0.7597187327877188, -0.28523807607772245, -0.584351509801166], [-0.10113598119550077, -0.8358854945938119, 0.5395062124158366]], "T": [-0.03428930220772513, 0.04695310380663815, -0.01586352048908989], "aligned_model": [[0.4242505629496312, 0.21033845288113656, -0.4001278809998898, -0.21697820780897625, -0.719860093006437, -0.4012928787932716, 0.2675239846792344, 0.5938071155135242, 0.3174417856749833, -0.29795523216101216, 0.23064138949112029, -0.048890349325912685], [-0.08427409367052294, -0.5005876474384099, -0.5135104636415543, -0.36077212870019454, 0.219558670583458, 0.5750592982149758, 0.7312482718861787, 0.024305433811355533, -0.4786394225705635, 0.04135775267362252, 0.514887661934751, 0.004445172449837567], [-0.6288301442555206, -0.20767041333108044, 0.303527807021053, -0.5834205155233196, 0.18765387892028174, -0.3973597995061595, -0.38575845706560885, -0.13297550803103744, 0.38551556235675377, 0.7531261575012752, 0.2737412621803672, -0.05137175287149981]], "inverted": true, "swapped": true, "error_lsq": 0.042704435233611726, "error_max": 0.23451650194056461, "target": "121.xyz", "model": "11.xyz", "model_rescale": 3.890672605050136, "target_rescale": 4.24505220343968},
{"mapping": [12, 11, 0, 10, 8, 5, 7, 6, 14, 4, 2, 1, 3, 15], "R": [[-0.2461154159635182, 0.9508607368300221, -0.18785915250573154], [0.3261514063397429, -0.10127002881248426, -0.9398774608463203], [-0.9127170767372066, -0.2925888590144641, -0.2852004512845338]], "T": [0.10907013369726667, -0.01582712375591513, 0.1297783840638766], "aligned_model": [[0.5397872894124469, 0.21959410510279137, 0.20504730064308385, 0.6180061936653926, 0.9084439325761066, -0.2854726039539419, -0.3786105227143792, 0.164416158670329, -0.056917894875918335, -0.6463870493253845, 0.2998029159668656, -0.30024185031328066, -0.1639668562907182, 0.08637471623030052], [-0.22638044584580586, 0.18051949483350122, 0.6103024555808562, -0.5469461854274836, 0.1182407268989536, -0.29065075728378303, -0.1607964946448647, -0.5510372517774509, -0.6674227448490171, 0.12746363159567747, 0.6313665827112699, 0.4575909091610361, 0.2799302945837129, -0.030027695708836784], [-0.3914640370577703, -0.4378961788265678, -0.09425608926333598, 0.11901028607467894, 0.067140563899421, 0.6687997590445427, -0.5315270371821856, 0.664607282164517, -0.1973275768197364, 0.23913866569346942, 0.4550916825775685, -0.000882667481334698, 0.6139393578844498, 0.1804164246491446]], "inverted": false, "swapped": true, "error_lsq": 0.047474018984956026, "error_max": 0.30437033671662866, "target": "121.xyz", "model": "12.xyz", "model_rescale": 4.124412569039231, "target_rescale": 4.24505220343968},
{"mapping": [9, 8, 12, 2, 10, 6, 0, 5, 11, 1, 14, 7, 15], "R": [[0.07647269924747688, 0.11070638792158444, 0.9909066666155601], [0.9008684101040841, 0.4182367127131794, -0.11625041856016405], [-0.4273032107840343, 0.9015664966114421, -0.06774819732971546]], "T": [0.08176581325936047, 0.058833654884309666, -0.0903587160997453], "aligned_model": [[-0.21097000091032256, -0.09685416690348475, 0.4325969160461447, -0.656295919761362, 0.5225206084106017, 0.36155628456219413, -0.41613274159445357, 0.1658687289632899, 0.109017354885526, -0.26155414604680627, 0.8220893634953882, 0.5178822383308782, 0.07757378803216411], [-0.3584717826858781, 0.3224078343982574, 0.5431689247434972, 0.033512868559981424, -0.02226947031257112, -0.6107549937936039, 0.5078768834011037, -0.6096388025307901, 0.6689329035233595, 0.2677350319979181, 0.08909514760323932, 0.5128232592441424, 0.003067572359821337], [0.44827846339576993, 0.657651785169009, 0.2889571350521114, 0.03490566887563076, 0.4930595012842842, 0.13082751220237346, -0.13393072468423764, -0.35075709803084276, -0.09798842963752075, -0.5875758363988723, -0.19101889555148222, -0.6379619522292496, -0.10274904847913424]], "inverted": false, "swapped": true, "error_lsq": 0.04691408500712686, "error_max": 0.2499202995334836, "target": "121.xyz", "model": "13.xyz", "model_rescale": 3.9028299243045295, "target_rescale": 4.24505220343968},
{"mapping": [8, 12, 2, 1, 11, 9, 7, 13, 0, 3, 4, 5, 4, 14, 10, 15], "R": [[-0.9938528912106417, -0.07545836493788363, -0.0810090476005604], [-0.08219204576838102, 0.9931304827509693, 0.08328452343163968], [0.07416804058795841, 0.08943086375367375, -0.9932276790160528]], "T": [-0.0237742578579139, -0.04775135153830829, -0.07368465447020942], "aligned_model": [[0.5106097541428195, 0.5368370534274443, -0.1037033693020481, -0.22505625233924914, 0.009898348583781684, -0.4834067726571125, -0.6136888069531174, 0.654529529565608, -0.059032675400660144, -0.5136604617306233, -0.05646094548013958, 0.4156558740780797, -0.05646094548013958, 0.1889555722318356, 0.05177589167495229, -0.10035157450691756], [0.2829296787888291, -0.41011472695373524, 0.07410542836212172, -0.5235212360817472, -0.7857778441879621, -0.5271067485963322, 0.01409307415063539, -0.2190424103489652, 0.7180047957150373, 0.3301137882530737, 0.5396305616192493, 0.18516552438174694, 0.5396305616192493, -0.6638713200262549, 0.021581621544318287, -0.09270824333816163], [-0.5226734555080602, -0.2702756786227275, -0.79542701285846, -0.4678005402220333, -0.06738068265878439, 0.32606753265873045, 0.6110080120701719, 0.30475252252706164, -0.38926471749831426, -0.15061896816557388, 0.26288234098591523, 0.047776128145042646, 0.26288234098591523, 0.5248074980291787, 0.6644465776274845, -0.0023676188785299174]], "inverted": true, "swapped": false, "error_lsq": 0.04677659022476158, "error_max": 0.36020727910726075, "target": "121.xyz", "model": "14.xyz", "model_rescale": 3.942246331269136, "target_rescale": 4.24505220343968},
{"mapping": [8, 12, 0, 14, 13, 11, 3, 2, 9, 1, 4, 5, 10, 6, 15], "R": [[-0.5119692101929814, 0.7901097148745817, -0.3370670056163645], [0.10203866296321384, 0.44555252809918366, 0.8894217537058029], [0.8529218247149353, 0.4209626861911084, -0.30873091481047366]], "T": [-0.06265682093900332, -0.009361172467048751, -0.07467342625105203], "aligned_model": [[-0.8031033157682825, -0.2799187432147274, -0.12220988044817006, 0.247636275270958, 0.734639536456801, 0.008279546148914838, 0.012661663160338094, -0.395322176429697, -0.6983299354828791, 0.3327079229654239, 0.601596577275729, 0.14855536956704865, -0.500712828113669, -0.2550441257060269, -0.05714184914955202], [-0.11061056618831965, -0.5362751042490838, 0.39234930585542954, -0.6794387786869625, -0.26687457980922175, -0.13935392118515044, 0.5355975356074681, 0.6504017565258664, 0.17791028036398127, 0.42439000828428985, 0.339158835935205, 0.10616624744204513, -0.5825738016438432, -0.2207177631646136, 0.008015234794560351], [-0.3946479627289853, -0.49503350626612064, -0.6099522663366774, 0.04297598849435037, 0.1592282933125783, -0.6672034840073526, 0.23156280514921404, -0.19761271572286354, 0.2582187344538234, -0.32820819114674193, 0.1265942906121515, 0.6063396939570697, 0.06938746043054586, 0.6280858002226213, -0.020372460063096558]], "inverted": true, "swapped": true, "error_lsq": 0.050583324641399294, "error_max": 0.34105325198961206, "target": "121.xyz", "model": "15.xyz", "model_rescale": 4.355366556412066, "target_rescale": 4.24505220343968},
{"mapping": [3, 1, 2, 10, 9, 5, 8, 14, 0, 13, 11, 15], "R": [[0.9200733049328156, -0.21838405806712302, -0.3252284070190394], [0.3838847979072961, 0.6680985639694731, 0.6373984395632003], [0.07808697385403597, -0.7113035301501488, 0.6985339737695339]], "T": [-0.030663811190022296, 0.046652022959521595, -0.007493639002480089], "aligned_model": [[-0.07386012226286998, 0.5085127801095359, 0.08232259666976222, -0.5466168244762616, -0.5793437492763791, -0.42426732849429427, -0.20186367129637348, -0.15441926324088132, 0.47970829555898203, 0.13416358443324955, 0.43917843064279694, -0.06570617373548635], [-0.5807673378705137, -0.2869834114839255, -0.46022720515256116, 0.5563906783138085, -0.1856610194975978, -0.3628589296701133, 0.35620260047299335, 0.5676381576555615, -0.08898805545878669, 0.09016662551752269, 0.3999245161164794, 0.007939808798113367], [0.022714329165443338, 0.07441634094397132, -0.5472852190223388, -0.13069393956837003, -0.449024014066286, 0.4387272647065384, -0.7394534762126926, 0.5144117396295832, -0.42290114220102293, 0.8455263255403705, -0.17323067652814064, 0.01605092882236542]], "inverted": false, "swapped": true, "error_lsq": 0.04491786730286001, "error_max": 0.24165133728368962, "target": "121.xyz", "model": "16.xyz", "model_rescale": 3.795458400668931, "target_rescale": 4.24505220343968},
{"mapping": [11, 12, 8, 7, 2, 10, 14, 1, 4, 6, 9, 3, 15], "R": [[-0.1488074989884957, -0.31685791336124436, 0.9367269564740555], [0.8578864655706757, -0.5124999618266334, -0.037075616223513574], [0.4918202318280968, 0.7980882481706253, 0.34809195293269823]], "T": [-0.06855579379901547, 0.05509435467902153, 0.00496422161075236], "aligned_model": [[0.1343119928487749, -0.08773551804944729, 0.4014974194308826, -0.4390062001706845, 0.608492186107471, -0.3210521613755162, -0.7387174479543318, 0.17062624601930979, -0.2687027929894789, -0.5035150329567182, 0.1866822947139379, 0.09508690260197322, -0.08933608732194985], [-0.2938170442196438, 0.10564504642379426, 0.519720238423995, -0.6406443870229356, 0.15225807755599194, 0.5949964862996445, -0.024460999462608185, -0.48280557342980185, -0.4517450607003301, 0.6224672398693968, 0.7267760835922995, 0.059264004348205446, 0.07612715379247802], [-0.4534323851598557, -0.7011663590816738, -0.4683949658089166, -0.2686915859605585, 0.31030448095125757, -0.4262788599259284, -0.31703188338140403, 0.2543411726414646, 0.5583740633020826, 0.2588411273796599, 0.18844520011926255, 0.6129421643946635, 0.05402286136624196]], "inverted": true, "swapped": true, "error_lsq": 0.0474205164760585, "error_max": 0.3387853716445727, "target": "121.xyz", "model": "17.xyz", "model_rescale": 3.7474275329858107, "target_rescale": 4.24505220343968},
{"mapping": [7, 11, 1, 12, 13, 6, 4, 2, 14, 3, 10, 8, 9, 15], "R": [[-0.4828411108058871, 0.7919573221665399, 0.37372190407111605], [0.06881582209890613, -0.3911313569076377, 0.9177584890767516], [0.8729999108502755, 0.4688495083823738, 0.13435510464815892]], "T": [0.03361251552075547, 0.0045810707238639475, 0.04237436312665124], "aligned_model": [[0.40690704897758356, 0.11877038368322138, 0.6539358006738146, -0.3823098916422215, 0.42005383869866336, -0.3807230633264898, 0.7124298145298684, 0.22855210491463365, -0.18357304612774297, 0.37710414019554145, -0.686076882956232, -0.5218496345584832, -0.3866314710796649, 0.0382585059003844], [-0.5241345200384198, 0.10451781440330443, 0.12638155551422364, -0.031749437419657175, -0.7747337381458703, -0.28043037279437344, -0.2817387562297336, 0.698079639426727, -0.6789298328425738, 0.18982753260982088, -0.1372120719546801, 0.547399306389492, 0.41201620112736714, -0.008885078534393534], [-0.48420366212658894, -0.5541008978795186, -0.053003350927819215, -0.5296678351813137, 0.048389619501455275, 0.6103968266134944, 0.28821068755224943, 0.24761987905067895, -0.16921596089627747, 0.5364702537314177, -0.013850161328838928, -0.1978470311877663, 0.49774201952901664, 0.09785433221146558]], "inverted": true, "swapped": true, "error_lsq": 0.03967497040375949, "error_max": 0.3103331500710033, "target": "121.xyz", "model": "18.xyz", "model_rescale": 3.922800546911778, "target_rescale": 4.24505220343968},
{"mapping": [12, 10, 14, 11, 5, 8, 6, 1, 9, 7, 13, 4, 0, 3, 15], "R": [[-0.41273837091823934, 0.7795839699083351, -0.47105824590353795], [-0.9105316103878693, -0.3394690620467798, 0.2359935219398049], [0.02406706580020758, 0.5263170050217261, 0.8499477551995351]], "T": [0.0033942532917508456, 0.05937344071549654, 0.03873381435578373], "aligned_model": [[-0.20200912532622833, -0.3458378885433825, 0.399873982441084, 0.01609059539081623, 0.28131129147486544, -0.7541029342941395, -0.07683250505242521, 0.3130841291250038, -0.6042372371265101, 0.6779427565449659, 0.8472892101105529, 0.6432058463233458, -0.16609305645286226, 0.052908388109372526, 0.013457384163159232], [0.46885776250039013, -0.11581510860317097, 0.0023189147948674133, 0.6602380642278657, -0.5953973092387799, 0.29270774750729434, -0.6535640495315228, 0.34292476985568754, -0.3526609048022193, 0.49015739331929437, -0.06952105191292814, -0.07365277408306149, 0.5697556456165221, -0.25428174600187536, 0.005544151386215487], [-0.5013362491655203, -0.5846161724397069, -0.5926739731702757, -0.06999731894212158, 0.1643261268460709, -0.14195726871589548, -0.2079214432540218, 0.5208376092855913, 0.14351819403132166, -0.19702645422516246, -0.12839536477901164, 0.45843920953982686, 0.4415059195099146, 0.5824269918686705, 0.055529360773649526]], "inverted": true, "swapped": true, "error_lsq": 0.04118184303074605, "error_max": 0.3590015628140316, "target": "121.xyz", "model": "19.xyz", "model_rescale": 3.9282355846067225, "target_rescale": 4.24505220343968},
{"mapping": [2, 3, 5, 9, 8, 6, 10, 14, 12, 11, 4, 0, 7, 15], "R": [[-0.07518810175374813, 0.5192298455663763, -0.8513208072329639], [-0.35814018163865324, -0.810834943516249, -0.46290636706447863], [-0.9306354601295292, 0.27008713750587665, 0.24692221144194626]], "T": [-0.01863181831839526, -0.12592531878535024, 0.07086966279746643], "aligned_model": [[-0.6666624450606311, -0.1261769766427113, 0.35929104237011755, -0.44729670145197303, -0.6428743459673446, 0.24583543115897574, 0.025021172911161866, 0.6162353144108292, -0.07276191206517969, -0.14434022110448216, 0.3681007265873293, -0.5001206580836084, 0.5194588993345318, -0.0011865073123387831], [-0.49785870746319405, -0.7440850913451003, -0.6262297704431357, -0.2537627473772579, 0.3403371258334504, -0.25097504443089874, 0.3974885152222902, 0.26376351523504477, 0.5778937946897811, 0.25650369227449, -0.7095929881226202, -0.16346396742634864, 0.10187864878292424, -0.16901488800458972], [0.123683404414349, 0.018467072352121694, -0.2877468609228326, -0.520630215543351, -0.1611147221095986, -0.6291122326330798, -0.44425332976567533, 0.005957991097314624, 0.12789789883247943, 0.5301815407283206, 0.40699085764985055, 0.5379891967222916, 0.6664677934521674, 0.037404762969324684]], "inverted": true, "swapped": true, "error_lsq": 0.04560699696037834, "error_max": 0.29564193871591904, "target": "121.xyz", "model": "20.xyz", "model_rescale": 4.067790424073018, "target_rescale": 4.24505220343968},
{"mapping": [3, 7, 2, 9, 0, 11, 8, 4, 1, 13, 14, 10, 6, 12, 15], "R": [[-0.61015576653083, -0.5336436405781815, 0.5856060155425662], [0.7857031776688348, -0.5026105859277752, 0.36062877798982473], [0.10188452861092812, 0.6801522357412373, 0.7259562514683139]], "T": [0.07062838896947014, -0.008426670190880826, -0.0025489973969491063], "aligned_model": [[0.25691390782058365, 0.03822175341689217, -0.2908975768903823, 0.14255800332049579, -0.5319309456252699, -0.42750998801714174, -0.43031675562622945, 0.38370063650620245, -0.1386544253715727, 0.5885391659783876, 0.42267411117281356, 0.1962599140798701, 0.7089590680477281, -0.26883005695454315, 0.11875714204968067], [-0.14184563780978596, 0.8015985485455768, -0.38886760765048256, -0.7425694975248167, 0.051495574601532104, 0.2856490650834596, -0.5613026957920899, 0.47173608237831877, 0.366943250983618, 0.6901859622028265, 0.3550733074202871, -0.3604176602872803, -0.39221126894173913, 0.030705527419773417, -0.02527781070135061], [-0.5890049475938788, 0.19489050292297214, -0.5369936617232516, -0.0788938460218856, -0.29370683226692423, 0.1934090887735496, 0.32037238289485487, -0.5266071678468738, -0.4758685199559175, 0.01778491050024542, 0.5479587359346697, 0.6311215680631042, 0.14166729769422953, 0.6177575928052147, -0.028637530558967964]], "inverted": false, "swapped": true, "error_lsq": 0.04107639423040476, "error_max": 0.2959884076179919, "target": "121.xyz", "model": "21.xyz", "model_rescale": 4.186013935880536, "target_rescale": 4.24505220343968},
{"mapping": [12, 8, 10, 7, 1, 14, 11, 0, 6, 9, 2, 5, 15], "R": [[-0.10964266496429576, -0.3254850915250849, 0.9391687501266395], [-0.9939710150822586, 0.036214743361085766, -0.10348967842077234], [-0.0003274078059012364, -0.9448534000352635, -0.32749342779043816]], "T": [0.026058767983799355, -0.03423839462347611, 0.10585095626558164], "aligned_model": [[0.05264546166270348, -0.45497723464968765, 0.2635768700969144, 0.4262190402602173, -0.1958261934535423, 0.702956005190733, -0.15734799983812392, -0.5561749691504456, 0.4357885774613425, -0.2568769766795289, -0.6581668168946414, 0.4113826416637392, 0.04537562975354531], [-0.33985546965603525, 0.11545626889240457, 0.23017855486117283, -0.7588445119467679, -0.38659403597744585, -0.23648290036075098, -0.5722631238607019, -0.3574502940396352, 0.6010172307658164, 0.6293253585310431, 0.1747473944412325, 0.41056332406479196, 0.009158863830968714], [-0.5324553827402186, -0.5321866815845862, -0.538267162354667, 0.21068955856831376, 0.590975487113578, -0.13916838759039918, -0.11756189136393425, 0.19517763398774152, 0.04161087923069673, -0.0661914982315942, 0.3277241612265467, 0.5246742931142663, 0.137858551959602]], "inverted": false, "swapped": true, "error_lsq": 0.044332831543353504, "error_max": 0.25786854344723453, "target": "121.xyz", "model": "22.xyz", "model_rescale": 4.166573947596378, "target_rescale": 4.24505220343968},
{"mapping": [14, 13, 10, 7, 5, 0, 4, 6, 9, 8, 3, 12, 11, 1, 2, 15], "R": [[0.643394072256598, 0.7652578442466675, 0.020603388168323966], [0.7356815237301468, -0.6255222824372526, 0.2597971705322813], [0.21169970105590816, -0.15199442750783004, -0.9654433854863816]], "T": [0.01825117657551551, 0.061040705684723015, 0.029078418362378476], "aligned_model": [[0.49153885609742687, 0.3622585310813199, -0.02599821642635023, -0.2830891396884951, 0.175399063564303, -0.5198787307206331, -0.5647455884105433, 0.5533452690698386, -0.10634617674037972, -0.7609340119683238, -0.22620541570886285, 0.638745640249431, 0.32359566147164287, -0.01153496114811628, 0.08753603172266922, 0.02275340740958637], [0.22077527395308488, -0.4276738919844866, -0.12850717947692292, -0.45780533515920735, -0.7436246161013975, -0.5339646446724412, 0.0029458520657241055, -0.28510149741507673, 0.5765957870374889, 0.20288239521064105, 0.4829796031743329, 0.2710661571045015, 0.7438085793091723, -0.4876987833406153, 0.04785505724187185, -0.0014202520455678033], [-0.5844860878903303, -0.5706132698964173, -0.6941468740284453, -0.3600005547840771, -0.10832697720542164, 0.18119876137343352, 0.4724668184850822, 0.444972057863823, -0.25221790923560294, -0.13472181755784388, 0.38069638333292133, 0.04511854102883644, 0.27945034912992694, 0.4830572945789496, 0.6982831603595278, 0.058084403062654485]], "inverted": false, "swapped": false, "error_lsq": 0.040117144538819545, "error_max": 0.290159522672872, "target": "121.xyz", "model": "23.xyz", "model_rescale": 4.274766983524099, "target_rescale": 4.24505220343968},
{"mapping": [5, 1, 7, 14, 11, 12, 10, 8, 9, 0, 15], "R": [[0.7145987234458293, 0.3074925668567906, 0.6283287242975715], [-0.6975190164498546, 0.38134510327072624, 0.6066655865485255], [-0.05306492382373451, -0.8717936874853256, 0.48699063678916865]], "T": [0.06914840938171513, 0.10408777005142852, -0.04994366242607275], "aligned_model": [[0.45839379252964363, 0.1321141587562551, -0.5972591284978082, -0.48572505316486153, -0.37743007105374676, -0.49228957598466855, -0.1464012074749563, 0.06475808156256377, 0.6072809370725478, 0.10620010158446197, 0.110252668628644], [-0.1496759307682118, 0.7180456733816817, 0.4206304712447273, -0.25592596277916424, 0.42168316040557996, -0.0695359515929046, -0.5502101982519304, -0.09772307709678621, -0.2718790136798048, 0.6662531081069526, 0.08392425227334395], [-0.6029608953484843, -0.21674969313398418, -0.4396552392134008, -0.3987025210058445, 0.21972795468880332, 0.34525985870870685, 0.20822654129254178, 0.7375519010046804, 0.2950642453528419, 0.31616918455996296, -0.08436490288424564]], "inverted": true, "swapped": true, "error_lsq": 0.050179921697520724, "error_max": 0.22774279341552853, "target": "121.xyz", "model": "24.xyz", "model_rescale": 3.7841303162186577, "target_rescale": 4.24505220343968},
{"mapping": [12, 9, 5, 2, 9, 8, 1, 10, 3, 4, 6, 13, 11, 10, 7, 15], "R": [[0.0032023673826436228, 0.8765321625016476, 0.48133264271533904], [0.7839906274167638, -0.30099790064044346, 0.5429170838468014], [0.6207644005303588, 0.3756216605977767, -0.6881569058898945]], "T": [-0.015010737935527112, -0.07074036498586958, 0.11222231306433178], "aligned_model": [[0.31125286651649176, 0.22084650604842768, -0.2008500773721348, -0.3416830681193217, 0.22084650604842768, -0.4215607508066694, -0.7241297319571974, 0.5127504052015124, -0.030251311606444745, -0.6119891209770081, -0.2919366734857751, 0.5831983374352441, 0.4175398512190043, 0.5127504052015124, 0.03370917751889328, -0.03405310101044854], [-0.07716545251370951, -0.524910879256229, 0.16846692367251362, -0.3941544530016543, -0.524910879256229, -0.4998712920244589, -0.19774094271211948, -0.40898161559709045, 0.6381230814742167, 0.24466053864691165, 0.5751092384665574, 0.3400368036342999, 0.4881340936702073, -0.40898161559709045, 0.06957595354709417, -0.004276998252117123], [-0.5723817221913567, -0.1710464867598177, -0.7109315962467724, -0.4856752904535531, -0.1710464867598177, 0.10758354896837141, 0.2967690534259455, 0.5730000658441741, -0.2702462827968984, -0.20533622174013394, 0.2802007884205261, -0.18002418760844702, 0.4122004730137369, 0.5730000658441741, 0.7452651715594967, 0.11748338609739017]], "inverted": false, "swapped": false, "error_lsq": 0.04867769793924257, "error_max": 0.34507048134779156, "target": "121.xyz", "model": "25.xyz", "model_rescale": 4.19342608120988, "target_rescale": 4.24505220343968},
{"mapping": [3, 1, 2, 10, 9, 5, 8, 14, 0, 13, 11, 15], "R": [[0.9200733049328156, -0.21838405806712302, -0.3252284070190394], [0.3838847979072961, 0.6680985639694731, 0.6373984395632003], [0.07808697385403597, -0.7113035301501488, 0.6985339737695339]], "T": [-0.030663811190022296, 0.046652022959521595, -0.007493639002480089], "aligned_model": [[-0.07386012226286998, 0.5085127801095359, 0.08232259666976222, -0.5466168244762616, -0.5793437492763791, -0.42426732849429427, -0.20186367129637348, -0.15441926324088132, 0.47970829555898203, 0.13416358443324955, 0.43917843064279694, -0.06570617373548635], [-0.5807673378705137, -0.2869834114839255, -0.46022720515256116, 0.5563906783138085, -0.1856610194975978, -0.3628589296701133, 0.35620260047299335, 0.5676381576555615, -0.08898805545878669, 0.09016662551752269, 0.3999245161164794, 0.007939808798113367], [0.022714329165443338, 0.07441634094397132, -0.5472852190223388, -0.13069393956837003, -0.449024014066286, 0.4387272647065384, -0.7394534762126926, 0.5144117396295832, -0.42290114220102293, 0.8455263255403705, -0.17323067652814064, 0.01605092882236542]], "inverted": false, "swapped": true, "error_lsq": 0.04491786730286001, "error_max": 0.24165133728368962, "target": "121.xyz", "model": "26.xyz", "model_rescale": 3.795458400668931, "target_rescale": 4.24505220343968},
