[{"mapping": [9, 7, 0, 5, 11, 12, 3, 8, 6, 2, 13], "R": [[0.2260835790450848, -0.8349425615084817, 0.501754057549932], [0.9628184069146338, 0.11334490208572678, -0.2452216313410044], [0.14787471248503353, 0.5385386264260276, 0.8295234880668758]], "T": [0.050112429792943974, -0.07085506240965418, 0.08999703561975589], "aligned_model": [[-0.4074937036222861, 0.1178661944233286, -0.7133397588561102, 0.6723106339023142, 0.5787546204941991, -0.22389692833815747, 0.015304486233447614, 0.6322636553679754, 0.43602814913548527, -0.3923076527319549, 0.08474913984737217], [-0.13808949480691257, 0.12322193146020356, -0.06628450862029452, -0.20178185652335406, -0.39448597677900854, -0.5700448759329968, 0.29649588966704854, 0.1929765964379539, 0.5807609243024413, 0.5578983623462697, -0.0668626111680926], [-0.47817488336710123, -0.6374217091925556, 0.20194479247827613, 0.5000321924389985, -0.23072450453355867, -0.014157703613358621, 0.46018886544752413, -0.3595270882867463, 0.19493486299008167, 0.10384791451107925, -0.06913882113505737]], "inverted": true, "swapped": false, "error_lsq": 0.05392813390756985, "error_max": 0.24625331143676912, "target": "124.xyz", "model": "0.xyz", "model_rescale": 3.8414455957264533, "target_rescale": 3.701626148689534},
{"mapping": [6, 10, 2, 13, 8, 9, 0, 12, 11, 3, 14], "R": [[0.037786826572235394, 0.9960714838895189, -0.08008592085836258], [-0.5534306819280556, -0.04586976100334869, -0.8316311954984273], [-0.8320376409984392, 0.07574670954983972, 0.549523247874123]], "T": [-0.04952157663994082, 0.04819313307711699, 0.042078528488971964], "aligned_model": [[-0.4003551070064916, 0.06098160738699064, -0.7579066320524114, 0.5654382662949164, 0.4803090977005694, -0.023402936854943907, 0.03007576981430006, 0.6125563552254254, 0.6612031273430875, -0.39834480550940293, -0.03031590648642571], [-0.3514329613081621, 0.24077883672409756, -0.15225909681177763, -0.24769864221646093, -0.3874960380343953, -0.6159081851047907, 0.24895074571122944, 0.21660283818700876, 0.48835060499454097, 0.7411591165446101, 0.13275716169735802], [-0.5299721619577342, -0.6052862013821398, -0.009051153881168145, 0.3724108604373907, -0.35003982125331545, 0.19634108336952427, 0.7340886533528083, -0.2978928338766712, 0.20759951565819112, -0.06514732099737693, 0.018753298268073766]], "inverted": false, "swapped": false, "error_lsq": 0.043019506755337986, "error_max": 0.2452982801009219, "target": "124.xyz", "model": "1.xyz", "model_rescale": 4.316132596720782, "target_rescale": 3.701626148689534},
{"mapping": [3, 10, 5, 2, 6, 4, 0, 8, 1, 9, 11], "R": [[0.6548849114597749, -0.1839411652206653, -0.7330016374330872], [0.7361631105149936, -0.064004645559532, 0.6737709403526455], [-0.1708497218587503, -0.9808511880423365, 0.09349502370032892]], "T": [-0.000542492485872112, 0.10617281956026833, -0.08162878922034383], "aligned_model": [[-0.3947399265822453, 0.2359200271482942, -0.5943529089721535, 0.6317092744978015, 0.3320157743552564, 0.006530942151497479, -0.11100714061603427, 0.7437700347766705, 0.2805852359487394, -0.35302757790352857, 0.02283510105131631], [-0.3150528648521749, 0.29655289447645206, 0.04852472539751926, -0.10495702649118502, -0.5149449659726545, -0.6059196127080014, 0.07896802609438125, 0.17980732433008031, 0.5132905785268669, 0.7553096203824302, -0.01777431880045606], [-0.39498850996028784, -0.6339662788699774, 0.1629642777884947, 0.42473796817721093, -0.5055552671027863, 0.21367455577499067, 0.6190648095176516, -0.2478001985549312, 0.14157424401177238, -0.01584745745753284, -0.0920542255870222]], "inverted": false, "swapped": false, "error_lsq": 0.03968515246058226, "error_max": 0.2052154558449616, "target": "124.xyz", "model": "2.xyz", "model_rescale": 3.795458400668931, "target_rescale": 3.701626148689534},
{"mapping": [10, 2, 0, 9, 5, 4, 7, 3, 8, 1, 11], "R": [[0.40168588501414576, 0.12421477624559256, 0.9073142449794669], [-0.19185107639351423, -0.9573589478807091, 0.21600233656002904], [0.8954560928750515, -0.26083430425271803, -0.36072683772897757]], "T": [0.02425078234589715, 0.06736156862298817, -0.08032690544215813], "aligned_model": [[-0.2143855313711189, -0.22090787705357726, -0.7275106684659998, 0.6996549862222633, 0.47430389440084086, -0.19240010431235657, -0.033775171041127226, 0.8117770132063868, 0.5187550801781092, -0.24418349147603438, -0.07108929443177223], [-0.4259656307763229, 0.3263613960849714, 0.01961135140740977, -0.17620002439886653, -0.4409711387506584, -0.5137977427867497, 0.09148800824886356, 0.14727461992959234, 0.622881358254043, 0.6343206694921754, 0.028801513678799545], [-0.5688877711575256, -0.7589590830694012, 0.13129204929677346, 0.4086123081601686, -0.2616406404239932, 0.08175634907708072, 0.6808256418573159, -0.18272986181309553, 0.15931073722917766, -0.02770314142867774, 0.009927330009758997]], "inverted": false, "swapped": false, "error_lsq": 0.04858350392212924, "error_max": 0.3365064842085825, "target": "124.xyz", "model": "3.xyz", "model_rescale": 3.7530521520055578, "target_rescale": 3.701626148689534},
{"mapping": [7, 0, 8, 3, 1, 5, 9, 2, 4, 6, 10], "R": [[-0.6254877715677843, 0.21566644145357344, 0.7498353376908291], [-0.2786508436961197, 0.8359138310309777, -0.4728654929243143], [-0.7287789479167246, -0.5047138329012456, -0.46275824352627765]], "T": [0.10626257574708373, 0.0008133696697982841, 0.034551067541572], "aligned_model": [[-0.3441292005481883, 0.04062974245327361, -0.8018944343140725, 0.6615721251243464, 0.5264598364532544, -0.10885628622649265, -0.0308479628860662, 0.7569991498615647, 0.3121779964160338, -0.3218107065762309, 0.10993857609819202], [-0.21205724930128925, 0.396077117337508, 0.04486126712487731, -0.2870497684961573, -0.47270774472884247, -0.6704599459115361, 0.04847450000761119, 0.1297264793553043, 0.7032267054338598, 0.5931415618288836, 0.040571457733039065], [-0.29859197677702487, -0.6863367786199737, 0.15616570424566284, 0.46910359963656556, -0.43888096255720754, 0.17834172440684362, 0.5601867642877647, -0.11132320807949603, -0.028100745545548103, -0.0760659310364597, -0.05269427222354428]], "inverted": true, "swapped": false, "error_lsq": 0.04420222591048984, "error_max": 0.25778430100127137, "target": "124.xyz", "model": "4.xyz", "model_rescale": 3.7855080009869324, "target_rescale": 3.701626148689534},
{"mapping": [10, 5, 9, 11, 7, 8, 12, 4, 1, 2, 16], "R": [[-0.9294051512260156, -0.011347962988251192, 0.3688865524935331], [-0.1773734055905199, -0.8627867605115428, -0.4734318122762968], [0.3236429203053387, -0.5054406291761824, 0.7998656327872932]], "T": [0.021131056051350218, -0.02084235325583825, 0.049032134366911145], "aligned_model": [[-0.3640886880076152, 0.06060494130720077, -0.6695971518085815, 0.5981862096959534, 0.3513310586952223, -0.06609985657955003, 0.11834980897635755, 0.662311766954557, 0.4645493668389613, -0.33188645995203025, -0.023422160264861325], [-0.3845038412606558, 0.16650119987192266, 0.10713771383171636, -0.029875155912595684, -0.3797521766556147, -0.7189104271665477, 0.22109496056222355, 0.13450982166317055, 0.5747879993912236, 0.6240888212947107, -0.0012745352362959449], [-0.45128810808141484, -0.7373821649076996, -0.0668542951402327, 0.5961719578386697, -0.5197570786083674, 0.06907224494027545, 0.6775861203318081, -0.28526381472451856, 0.19637060067210946, 0.1213377431835436, 0.07181071223340874]], "inverted": false, "swapped": false, "error_lsq": 0.04557541817713471, "error_max": 0.255137607940964, "target": "124.xyz", "model": "5.xyz", "model_rescale": 4.2253639853439635, "target_rescale": 3.701626148689534},
{"mapping": [6, 2, 11, 0, 3, 7, 9, 4, 1, 8, 13], "R": [[0.05902595825686313, -0.5344754987962608, -0.8431203220408979], [-0.729161639846521, 0.5537578036093351, -0.4020890422755855], [0.6817911991425173, 0.6385046876321688, -0.3570329461598119]], "T": [0.0022563406451774903, 0.12328453129345558, -0.03608972409238219], "aligned_model": [[-0.2607093555988443, 0.09037754405305365, -0.7578827205616543, 0.5096154663491055, 0.3233359655848034, 0.050256079873946397, -0.0027226684908134846, 0.6482337256945268, 0.5138953998262159, -0.343414282481042, 0.029253681606315945], [-0.3469813238112906, 0.15776783765890867, -0.04230983821732791, -0.22657613379867714, -0.42222156317832843, -0.6573947476430191, 0.2634926740760573, 0.17776257855634175, 0.6040803130436072, 0.7269786766141437, 0.07920590708284256], [-0.3873973332394201, -0.7003315227841588, -0.018176007919824363, 0.4769861785895074, -0.35599666062410584, 0.09667738215049677, 0.5579753511736701, -0.3200909082056765, 0.17784174000270847, 0.2127678150977056, -0.06845211650332064]], "inverted": false, "swapped": false, "error_lsq": 0.04479415190385027, "error_max": 0.24806539555889642, "target": "124.xyz", "model": "6.xyz", "model_rescale": 3.89814844738969, "target_rescale": 3.701626148689534},
{"mapping": [7, 0, 4, 9, 8, 11, 10, 6, 5, 2, 12], "R": [[0.987676880133107, -0.11684225162080714, 0.10412621517520268], [-0.14111197125493574, -0.37708510940293793, 0.9153656274053122], [-0.0676889357212743, -0.918778922539451, -0.3889260848518224]], "T": [0.02670499964309836, 0.031569752228420414, -0.16531339807167958], "aligned_model": [[-0.32078523207211773, -0.02708122904823862, -0.5936305755946282, 0.6573439812269802, 0.4241715955890467, -0.09587771850491313, -0.06366137055399367, 0.6563771533353933, 0.536630188430526, -0.3238009521287356, -0.04944700482370547], [-0.31310615607053605, 0.3969452700438513, 0.007015577205783871, -0.09408743618022279, -0.5128467611921498, -0.6648792837962297, 0.1913935752803091, 0.1437172843607944, 0.5089604664864101, 0.5753811894256755, 0.07531065481957193], [-0.6031760896163587, -0.6285823912630845, 0.008112825342516478, 0.45472742715089653, -0.22291320134273496, 0.2287330289579169, 0.545456556115051, -0.3851127632411532, 0.17328815509247938, 0.12271879295380808, -0.02144842241175482]], "inverted": true, "swapped": false, "error_lsq": 0.04177033789982127, "error_max": 0.18176043563465724, "target": "124.xyz", "model": "7.xyz", "model_rescale": 3.7474275329858107, "target_rescale": 3.701626148689534},
{"mapping": [2, 3, 1, 9, 8, 4, 12, 5, 7, 0, 14], "R": [[0.24332910806504648, 0.48141285892983665, -0.8420407379843747], [0.9625883234848935, -0.22656662044618092, 0.14863137619674505], [-0.11922526854157678, -0.846704922482796, -0.5185326504518221]], "T": [0.045249423629940964, 0.10138982784821529, 0.13482887602619856], "aligned_model": [[-0.3965458161873981, 0.07520766964987405, -0.6886138863609774, 0.7740818179524218, 0.3374812036443237, 0.004283261460821017, -0.23097262904695579, 0.6068541478609681, 0.6039995118883433, -0.2948427078445705, 0.009306262838763991], [-0.39127328377764137, 0.24326283025368436, 0.11103397857127506, -0.08561401650857181, -0.3665153025970741, -0.6756745644599514, 0.12517868857124004, 0.22260549936792134, 0.481334154632719, 0.5958276009249077, 0.0536387954047493], [-0.38544943446513347, -0.5673883921098671, -0.02689141539035994, 0.2538807272102144, -0.2662642447190052, 0.05286211685274669, 0.6859895481716428, -0.2928723733539107, 0.22037581834160302, -0.1373509694639596, 0.1349125366636115]], "inverted": true, "swapped": false, "error_lsq": 0.04914458589710766, "error_max": 0.21419112166538773, "target": "124.xyz", "model": "8.xyz", "model_rescale": 4.019505241142653, "target_rescale": 3.701626148689534},
{"mapping": [8, 5, 7, 10, 11, 9, 1, 6, 2, 0, 12], "R": [[0.21414469264997113, 0.9366377405888341, -0.2772215603348578], [0.05803087183169037, -0.2955030330134219, -0.9535776714008786], [-0.9750766475125445, 0.18811618852324288, -0.11763431085862813]], "T": [0.08399658478531653, 0.11141422563748929, -0.06268797310443747], "aligned_model": [[-0.3430214055528132, 0.23430862321538176, -0.8140191372757185, 0.7146186843012672, 0.2411576060988742, -0.07987724877031123, 0.06879076249910435, 0.8023077181744139, 0.29060463385867347, -0.4039026605633733, 0.08927125987011544], [-0.3407675831467306, 0.2603318407370546, 0.025875542069046742, -0.24591559434137258, -0.36907785491845924, -0.5218178190839672, 0.1080728226231554, 0.12970068877626345, 0.6589229199051954, 0.5037964210366309, 0.10468299672644113], [-0.32598282515877913, -0.6996766340380631, 0.013698456451285645, 0.49660705241765374, -0.42556163968233146, 0.13606465114014532, 0.6126363342953869, -0.17111563969392823, 0.02402711195018735, 0.11234521572847636, -0.10123816567245109]], "inverted": false, "swapped": false, "error_lsq": 0.04574595622977326, "error_max": 0.22289738585839805, "target": "124.xyz", "model": "9.xyz", "model_rescale": 3.877068213659057, "target_rescale": 3.701626148689534},
{"mapping": [2, 13, 9, 5, 4, 7, 0, 3, 12, 10, 15], "R": [[-0.6238223480730696, 0.7627262964508678, 0.17057043925295312], [-0.770739631502123, -0.5641520620181406, -0.29612982178877545], [-0.12963833721771467, -0.3161977982577099, 0.9397940486619412]], "T": [0.01788725703491266, 0.08775356770803087, -0.04088298355836496], "aligned_model": [[-0.34392105207806234, 0.02798486243871838, -0.6405402330544455, 0.6830004493164588, 0.33968010435823387, -0.09233179638156581, 0.14666469876780958, 0.61894527851451, 0.3974362542157955, -0.37095708026946284, 0.03427735002762479], [-0.3099167685962987, 0.17697069314476105, 0.06611641574230585, -0.0528627269057433, -0.4531508775027636, -0.7136720540591293, 0.13112263365466242, 0.10705630861927236, 0.5839476624287278, 0.6810256703826691, 0.0971674234747943], [-0.42986679945552586, -0.8087220544954898, -0.08150782631613387, 0.34492388701896576, -0.28980551027646506, 0.06799907398972076, 0.7435285986186432, -0.24365872603406286, 0.36890866449808885, -0.04713382303900236, 0.047138433228843424]], "inverted": true, "swapped": false, "error_lsq": 0.044417825343819765, "error_max": 0.21829125387963702, "target": "124.xyz", "model": "10.xyz", "model_rescale": 4.260839863003843, "target_rescale": 3.701626148689534},
{"mapping": [0, 3, 6, 8, 1, 7, 10, 2, 4, 5, 11], "R": [[0.29796321416948507, 0.7429666288740087, -0.599348405671844], [0.9174431370385967, -0.39630925437039305, -0.0351719376941651], [-0.26365889573949275, -0.5393881378747356, -0.7997152139464754]], "T": [0.1523037677628717, 0.04800524420591136, 0.04957061689398562], "aligned_model": [[-0.4691663414141738, 0.12291839198818566, -0.6848908682550808, 0.6698160264887026, 0.41287319297462033, -0.10961298622652538, -0.07693652643303522, 0.7389204022841461, 0.3209417752089121, -0.2681508984793157, 0.14352666771917816], [-0.3786159295318512, 0.26748386723378753, 0.037962901876085045, -0.3139279486440538, -0.39578251974712025, -0.5378026626972431, 0.12766274836106495, 0.21411142211643885, 0.7449911389285281, 0.5552380951200344, -0.007516732632412683], [-0.39965487990368403, -0.6248170350815936, 0.09710615557323671, 0.39132905942417656, -0.45877634960790964, 0.18311588813804075, 0.6278762122248163, -0.2645102451532571, 0.19747174469078066, -0.10057468218860222, 0.02323804962157764]], "inverted": true, "swapped": false, "error_lsq": 0.03824026415325002, "error_max": 0.18881624572878322, "target": "124.xyz", "model": "11.xyz", "model_rescale": 3.890672605050136, "target_rescale": 3.701626148689534},
{"mapping": [0, 4, 8, 9, 11, 6, 5, 10, 12, 7, 13], "R": [[0.30079654957397306, -0.8959328841003531, -0.3268420152795777], [-0.43462735958089516, 0.17627387375479228, -0.8831911343164734], [0.8488936883191744, 0.40771532791778, -0.336374370772753]], "T": [0.02500778228582589, -0.13689466043412962, -0.10865997302845284], "aligned_model": [[-0.41715033585720074, 0.0412267016747358, -0.6385551810437917, 0.46814891310131423, 0.5003140563013486, -0.0927840727006971, -0.0006205456275261492, 0.7804271418114108, 0.37407321739332805, -0.2323878449636363, 0.017546785766328336], [-0.22849960846821663, 0.26164089232678817, -0.11195055662010313, -0.2374075483882757, -0.38953604912074, -0.6536887374342051, 0.2392165297201863, 0.2635358691823449, 0.49487602743790177, 0.6458159373059502, 0.029801624441627123], [-0.48918496800658207, -0.6848226268550845, 0.1710774596119868, 0.5232763477793393, -0.2227583450555502, 0.11740927480953037, 0.5716750497978965, -0.3704566243584244, 0.07614064034710735, 0.11060192866590007, -0.13115421899853716]], "inverted": true, "swapped": false, "error_lsq": 0.04922211963602416, "error_max": 0.29443244850818184, "target": "124.xyz", "model": "12.xyz", "model_rescale": 4.124412569039231, "target_rescale": 3.701626148689534},
{"mapping": [0, 1, 3, 10, 4, 5, 9, 2, 8, 6, 12], "R": [[-0.9130182543211172, -0.40567063409749593, 0.04276685524276389], [0.40510216777374264, -0.8894182622349458, 0.2117247941739082], [-0.047852909435418596, 0.21063354774086898, 0.976393162422116]], "T": [-0.01551893630572905, -0.02479719084745215, 0.06761169580741458], "aligned_model": [[-0.3285420443723199, 0.0769454647856285, -0.7199670852167209, 0.622324066608332, 0.41186614446319186, -0.040867620099244155, -0.14133107223632663, 0.7602231359970867, 0.3312126287155254, -0.2753436591417164, 0.10371887635217755], [-0.31765341892604293, 0.3979880478814872, 0.0838597786953692, -0.24516293233754088, -0.451285401779845, -0.7809777305524663, 0.31715053450609976, 0.17147963876923733, 0.6022898507311606, 0.5833020672802103, -0.04718605388441109], [-0.32356493550628895, -0.6220021637926251, 0.09406626500772934, 0.36628361599511383, -0.43610057763979504, 0.10358828088135102, 0.5928586201948923, -0.2519116320794156, 0.10549553141756848, -0.033971868079016254, 0.0770627813380679]], "inverted": true, "swapped": false, "error_lsq": 0.041302441873863956, "error_max": 0.2190259504888019, "target": "124.xyz", "model": "13.xyz", "model_rescale": 3.9028299243045295, "target_rescale": 3.701626148689534},
{"mapping": [3, 4, 2, 14, 7, 6, 12, 10, 13, 8, 15], "R": [[0.06766321404383985, 0.22174633970288316, 0.9727539515692707], [0.9450269861278564, -0.32687448257525087, 0.008778845667997914], [0.31991512148593104, 0.918684730181979, -0.23167365317425798]], "T": [-0.031760731873806514, 0.012507447468492732, 0.013133936353217617], "aligned_model": [[-0.295650870126034, 0.10605928245711216, -0.7601901438207583, 0.7484110015414942, 0.49843862440474357, -0.18980743941386732, -0.018415329007553577, 0.6548525694508718, 0.4855308358298545, -0.46518821148134465, 0.03619851602109579], [-0.2816550706261956, 0.2076495526311082, 0.011481353526611098, -0.05943974011405309, -0.5245900358836998, -0.6351262079657227, 0.38641790637351714, 0.08577528907051507, 0.5523860690772134, 0.6488316932250576, -0.07792642893109347], [-0.469069187982952, -0.6211282147524878, 0.12055510976714327, 0.42448089618357715, -0.4879078701018151, 0.013519726321241852, 0.5998648439289628, -0.26712772688309006, 0.2844121325057841, 0.07428321060091178, -7.900184969368215e-05]], "inverted": false, "swapped": false, "error_lsq": 0.04409198526779559, "error_max": 0.24806395413903207, "target": "124.xyz", "model": "14.xyz", "model_rescale": 3.942246331269136, "target_rescale": 3.701626148689534},
{"mapping": [4, 10, 3, 8, 11, 13, 0, 6, 7, 5, 14], "R": [[-0.33365230475461455, 0.8598339853335532, 0.38647335897491486], [0.1398909859514299, 0.4505870224556058, -0.8817039453490774], [-0.9322588972927376, -0.2401184142459945, -0.2706224224976901]], "T": [-0.012906203270853844, 0.07483569603689337, -0.032282803254165986], "aligned_model": [[-0.27218697890522486, 0.03154717558215225, -0.7277613403185836, 0.607472422471957, 0.42901820177306427, -0.1072740214618162, 0.15448646699073917, 0.5235200158666224, 0.6030904291554453, -0.41507727771371444, -0.02659625758502742], [-0.252813378745281, 0.14040138165838778, 0.003202709432643683, -0.14696744614433482, -0.4121929893003273, -0.7306969007055463, 0.3058959193973554, 0.14763653413808658, 0.6015572962803858, 0.5578517469755138, 0.09992950739637395], [-0.4434804930621571, -0.7413142228828707, -0.052252249097093896, 0.37364163937991174, -0.31796952773016907, 0.023768931603696232, 0.645440112096617, -0.1727688834616271, 0.2399156772805951, 0.055657401466140684, 0.0611655321445392]], "inverted": false, "swapped": false, "error_lsq": 0.04851872270291582, "error_max": 0.2389452450198573, "target": "124.xyz", "model": "15.xyz", "model_rescale": 4.355366556412066, "target_rescale": 3.701626148689534},
{"mapping": [3, 10, 5, 2, 6, 4, 0, 8, 1, 9, 11], "R": [[0.6548849114597749, -0.1839411652206653, -0.7330016374330872], [0.7361631105149936, -0.064004645559532, 0.6737709403526455], [-0.1708497218587503, -0.9808511880423365, 0.09349502370032892]], "T": [-0.000542492485872112, 0.10617281956026833, -0.08162878922034383], "aligned_model": [[-0.3947399265822453, 0.2359200271482942, -0.5943529089721535, 0.6317092744978015, 0.3320157743552564, 0.006530942151497479, -0.11100714061603427, 0.7437700347766705, 0.2805852359487394, -0.35302757790352857, 0.02283510105131631], [-0.3150528648521749, 0.29655289447645206, 0.04852472539751926, -0.10495702649118502, -0.5149449659726545, -0.6059196127080014, 0.07896802609438125, 0.17980732433008031, 0.5132905785268669, 0.7553096203824302, -0.01777431880045606], [-0.39498850996028784, -0.6339662788699774, 0.1629642777884947, 0.42473796817721093, -0.5055552671027863, 0.21367455577499067, 0.6190648095176516, -0.2478001985549312, 0.14157424401177238, -0.01584745745753284, -0.0920542255870222]], "inverted": false, "swapped": false, "error_lsq": 0.03968515246058226, "error_max": 0.2052154558449616, "target": "124.xyz", "model": "16.xyz", "model_rescale": 3.795458400668931, "target_rescale": 3.701626148689534},
{"mapping": [7, 0, 4, 9, 8, 11, 10, 6, 5, 2, 12], "R": [[0.987676880133107, -0.11684225162080714, 0.10412621517520268], [-0.14111197125493574, -0.37708510940293793, 0.9153656274053122], [-0.0676889357212743, -0.918778922539451, -0.3889260848518224]], "T": [0.02670499964309836, 0.031569752228420414, -0.16531339807167958], "aligned_model": [[-0.32078523207211773, -0.02708122904823862, -0.5936305755946282, 0.6573439812269802, 0.4241715955890467, -0.09587771850491313, -0.06366137055399367, 0.6563771533353933, 0.536630188430526, -0.3238009521287356, -0.04944700482370547], [-0.31310615607053605, 0.3969452700438513, 0.007015577205783871, -0.09408743618022279, -0.5128467611921498, -0.6648792837962297, 0.1913935752803091, 0.1437172843607944, 0.5089604664864101, 0.5753811894256755, 0.07531065481957193], [-0.6031760896163587, -0.6285823912630845, 0.008112825342516478, 0.45472742715089653, -0.22291320134273496, 0.2287330289579169, 0.545456556115051, -0.3851127632411532, 0.17328815509247938, 0.12271879295380808, -0.02144842241175482]], "inverted": true, "swapped": false, "error_lsq": 0.04177033789982127, "error_max": 0.18176043563465724, "target": "124.xyz", "model": "17.xyz", "model_rescale": 3.7474275329858107, "target_rescale": 3.701626148689534},
{"mapping": [4, 9, 0, 11, 5, 8, 3, 12, 7, 2, 13], "R": [[-0.6599130004162959, 0.5978674803047326, 0.45504868736832166], [0.6504949256172217, 0.7577161410357137, -0.05217855268395283], [-0.3759935951951942, 0.2615735567828237, -0.8889364942245176]], "T": [0.09611095136416815, 0.05287667976459369, 0.03807125286847497], "aligned_model": [[-0.36740941964998153, 0.16135894568736114, -0.7337160725930597, 0.6010653925877028, 0.3588791120338062, -0.21389080458083543, 0.05315018606347553, 0.7492253138308019, 0.5138387281701161, -0.3255127234976043, 0.0032501778038310503], [-0.3535885357318763, 0.253352471962883, 0.044685032639216186, 0.15069393956830096, -0.44779876081748154, -0.5874043402773165, -0.24373530118070424, 0.09786985494922872, 0.679267133537627, 0.6191475258391356, 0.1013153598942449], [-0.5179509735460084, -0.5969691567397201, 0.14035711703617448, 0.5452097524710751, -0.4130350911420409, 0.141963398403186, 0.6469759143005578, -0.32338990277637036, 0.06168874517970026, -0.035437450641786064, 0.022391565192814187]], "inverted": false, "swapped": false, "error_lsq": 0.0565841488735812, "error_max": 0.3941413333212485, "target": "124.xyz", "model": "18.xyz", "model_rescale": 3.922800546911778, "target_rescale": 3.701626148689534},
{"mapping": [13, 8, 11, 0, 12, 7, 2, 5, 1, 6, 14], "R": [[0.7503843367614195, -0.5199862830686608, 0.40809020150398534], [0.19453414039961472, 0.7637656685407882, 0.6154823082570499], [-0.6317276433417394, -0.38246080711477054, 0.6742728792254741]], "T": [0.004339801411329475, 0.07372819852008167, -0.010432251152578287], "aligned_model": [[-0.3775098337735474, 0.09038709140879084, -0.6467292440272029, 0.7273385899793329, 0.3315284485350348, -0.1968964566050228, 0.013680159805337155, 0.7193101063029729, 0.36912956309585554, -0.2125030809293058, -0.017496507936631225], [-0.2282605993825806, 0.3401852052472601, -0.20677995385681153, -0.012244488267486586, -0.5309045532700016, -0.691622811500139, 0.19437602744692808, 0.06038068555975243, 0.6802390955634434, 0.7241320027208931, -0.015696229877999693], [-0.4950015123223999, -0.5544792909126565, 0.057889687422557845, 0.3998409316568815, -0.3925066800569792, 0.09889669734350587, 0.6956030325748683, -0.2772149852390243, 0.20649166517213044, -0.08607501533018896, 0.018359387428886882]], "inverted": true, "swapped": false, "error_lsq": 0.03796063439752478, "error_max": 0.2049207431142053, "target": "124.xyz", "model": "19.xyz", "model_rescale": 3.9282355846067225, "target_rescale": 3.701626148689534},
{"mapping": [3, 0, 5, 9, 4, 6, 7, 11, 10, 2, 13], "R": [[-0.32091418210827505, 0.2832800593024266, 0.9037513461806795], [0.35977727218307476, -0.8462316063382271, 0.39300430386285756], [0.876113235913191, 0.45126984879984755, 0.1696499968225173]], "T": [0.10526096654721412, -0.06726674848617814, 0.08475040243119358], "aligned_model": [[-0.29552426065650245, 0.23442842403737071, -0.5921885411633063, 0.7382742146424335, 0.3302346190164699, -0.2983751347633754, -0.10150077612187017, 0.6955922670931383, 0.3750257885620955, -0.3611544646841876, 0.07542669989334827], [-0.26386695856348286, 0.17740545120701015, -0.07048623832902373, -0.07936433454121689, -0.4256651541603957, -0.5637780601009146, 0.046269888950207866, 0.08692469403289677, 0.7503403390473506, 0.6010563983352875, 0.054968354505538705], [-0.5211164378847143, -0.6660147211724963, 0.049480424715063434, 0.3632691655071592, -0.3846164939778241, 0.2166536594587047, 0.6613410632189873, -0.2908785713921777, 0.05344640572653851, 0.20523702945575978, -0.014997605917418375]], "inverted": false, "swapped": false, "error_lsq": 0.04729637330574381, "error_max": 0.2395630654852503, "target": "124.xyz", "model": "20.xyz", "model_rescale": 4.067790424073018, "target_rescale": 3.701626148689534},
{"mapping": [13, 8, 10, 3, 6, 11, 12, 2, 0, 7, 14], "R": [[-0.3165062878493446, -0.7544501367684658, -0.5750032703227621], [0.28429437736109053, 0.5028584908729875, -0.8162781665325931], [0.9049864511431638, -0.4218273690587005, 0.055328057622847704]], "T": [0.04010007224908863, 0.05734616315553549, -0.1696930636932573], "aligned_model": [[-0.46250021346313974, 0.024831105765698143, -0.695642866290033, 0.5982614400864674, 0.477769146440541, -0.04183880682443868, -0.08851349433987526, 0.7798681764973635, 0.4298487483702268, -0.19781133023335662, -0.024033070153839577], [-0.3974385803845117, 0.4900594218956139, -0.17493173260286105, -0.20982756701411015, -0.4998793009013593, -0.47083536284319644, 0.04462246561449065, 0.13279717286900505, 0.5965971401732747, 0.76214133782732, 0.04049938574959199], [-0.34487095876680207, -0.5407644733951158, 0.10601716296788508, 0.41410407745421673, -0.3830061350188253, 0.19409609181989543, 0.585496001976948, -0.19748206527776238, 0.07882732333403047, -0.11202258999144812, -0.12859051736543992]], "inverted": false, "swapped": false, "error_lsq": 0.045759586106797735, "error_max": 0.2227206644253735, "target": "124.xyz", "model": "21.xyz", "model_rescale": 4.186013935880536, "target_rescale": 3.701626148689534},
{"mapping": [10, 9, 7, 5, 11, 4, 0, 8, 2, 1, 12], "R": [[-0.9499293096156772, -0.3124609907486366, 0.0015607669471504049], [0.1484251553380901, -0.44682846094989653, 0.8822212306150938], [-0.274962324684577, 0.8382794616030667, 0.4708325225157307]], "T": [0.08691244126119271, -0.028655996338656602, 0.025305625925292573], "aligned_model": [[-0.44561679240739405, 0.009857201479559707, -0.6466277799612316, 0.6715494425021673, 0.46436953345623677, -0.22348553592236328, -0.041824242614506874, 0.6504444864540209, 0.5746087369182448, -0.30822771085232725, 0.09519149680320735], [-0.3005145019655925, 0.2116103173280761, -0.04227899975202558, -0.015689679751899843, -0.43945058022156597, -0.6812520492907533, 0.3393539753278036, 0.2229337742511148, 0.5096613310031629, 0.5813488669947326, -0.07191807353979505], [-0.5567639582693313, -0.5419556443704383, 0.03284866959542358, 0.5318332436609781, -0.2709036448884154, -0.048094893147575354, 0.6334042758046611, -0.4294496402113302, 0.17385185156209865, 0.10826081159600993, 0.03877284640550167]], "inverted": true, "swapped": false, "error_lsq": 0.0523416948813826, "error_max": 0.25281702216674135, "target": "124.xyz", "model": "22.xyz", "model_rescale": 4.166573947596378, "target_rescale": 3.701626148689534},
{"mapping": [1, 4, 5, 11, 2, 6, 14, 3, 9, 7, 15], "R": [[-0.7123646081151551, 0.6989043709751628, 0.06379142055757747], [0.4580191457040255, 0.5318529415162834, -0.7122856946261321], [-0.5317472400243336, -0.47818942777134776, -0.6989847951809929]], "T": [0.08920363686014401, 0.13053498545144493, 0.03603584980984659], "aligned_model": [[-0.2822134266509091, 0.2209685440432973, -0.7269590456554117, 0.7902124071677462, 0.2845799562611262, -0.146920427347512, 0.007771776613741427, 0.6188600464901428, 0.49630774657384236, -0.5014583186524776, 0.03908957701202766], [-0.26771050663635204, 0.20850600814196385, -0.026189795131834143, -0.1320217410520007, -0.39043169121076204, -0.5923625906323048, 0.2660793764426414, 0.12729135618028684, 0.5073121638459068, 0.5175958539969348, 0.09573594643877822], [-0.4239086618779396, -0.682582297901581, 0.016598771287572305, 0.2845192431101271, -0.3424229389822126, 0.06382348665002785, 0.8112611934537974, -0.2483586273219614, 0.26571904026447896, -0.07662286490425252, 0.003777573959525729]], "inverted": true, "swapped": false, "error_lsq": 0.04375020279642711, "error_max": 0.22001687168176864, "target": "124.xyz", "model": "23.xyz", "model_rescale": 4.274766983524099, "target_rescale": 3.701626148689534},
{"mapping": [1, 9, 2, 6, 8, 0, 3, 7, 5, 4, 10], "R": [[0.2786517399146443, -0.6671226821289147, 0.6908694050482077], [-0.7753817288058922, 0.26819287851881934, 0.5717130001546018], [-0.5666889644915695, -0.6949963358902786, -0.4425423263627557]], "T": [0.12014636013849883, -0.05723370801846635, 0.01133641697942554], "aligned_model": [[-0.3867805894367132, 0.06963734846679775, -0.7858131053969681, 0.6433065781912983, 0.612355463799735, -0.10493626677590934, -0.07093443972264929, 0.5628221193912631, 0.3780712082826318, -0.21290436634774557, 0.0954148854038732], [-0.18341868578700699, 0.16720272414830273, 0.2108593140953528, -0.17195698659419123, -0.4187209505984293, -0.7292152595246154, 0.04644712076465084, 0.2809752105320429, 0.6552926822931985, 0.5495238037173065, -0.09318459266335355], [-0.3786453770619537, -0.810090745766899, 0.20063802571612857, 0.42140593756891304, -0.40347474418827234, 0.22097407499187735, 0.5297500524667546, -0.28980370997924065, 0.31468747504839856, -0.08141670938144999, -0.05222036167667418]], "inverted": false, "swapped": false, "error_lsq": 0.054898850171066084, "error_max": 0.29178119785685375, "target": "124.xyz", "model": "24.xyz", "model_rescale": 3.7841303162186577, "target_rescale": 3.701626148689534},
{"mapping": [6, 11, 0, 12, 3, 4, 9, 13, 14, 10, 15], "R": [[-0.24430240198037953, 0.12286563354132393, 0.9618837624583889], [-0.05497573735076287, 0.9885901304996446, -0.14023987372154884], [-0.9681394551867812, -0.08714120709047546, -0.23476031465615707]], "T": [-0.09342236993157206, -0.0055168818203762855, 0.07904621268040596], "aligned_model": [[-0.1904615344445692, 0.08702268536881315, -0.824429695172955, 0.6160137534956673, 0.39961029391783187, -0.09729956538133541, 0.12498712079736678, 0.5924247812250779, 0.4267733739947266, -0.2456112285183054, -0.08879114942670453], [-0.423076866261687, 0.23719239299949255, 0.07712228980581036, -0.03912591244107724, -0.47903073535523466, -0.7516049546270028, 0.2493396567256952, 0.1743992415325038, 0.5578253274996663, 0.7569131660649369, -0.04614922555984538], [-0.5025494477117785, -0.6266161422009782, 0.06768808308218002, 0.34502126088117874, -0.34722284615600624, 0.07257335940742127, 0.5580933373413981, -0.25147439345334066, 0.2823708435295479, 0.05086681096806767, 0.02305305204989233]], "inverted": false, "swapped": false, "error_lsq": 0.045609606873350035, "error_max": 0.2345608411761042, "target": "124.xyz", "model": "25.xyz", "model_rescale": 4.19342608120988, "target_rescale": 3.701626148689534},
{"mapping": [3, 10, 5, 2, 6, 4, 0, 8, 1, 9, 11], "R": [[0.6548849114597749, -0.1839411652206653, -0.7330016374330872], [0.7361631105149936, -0.064004645559532, 0.6737709403526455], [-0.1708497218587503, -0.9808511880423365, 0.09349502370032892]], "T": [-0.000542492485872112, 0.10617281956026833, -0.08162878922034383], "aligned_model": [[-0.3947399265822453, 0.2359200271482942, -0.5943529089721535, 0.6317092744978015, 0.3320157743552564, 0.006530942151497479, -0.11100714061603427, 0.7437700347766705, 0.2805852359487394, -0.35302757790352857, 0.02283510105131631], [-0.3150528648521749, 0.29655289447645206, 0.04852472539751926, -0.10495702649118502, -0.5149449659726545, -0.6059196127080014, 0.07896802609438125, 0.17980732433008031, 0.5132905785268669, 0.7553096203824302, -0.01777431880045606], [-0.39498850996028784, -0.6339662788699774, 0.1629642777884947, 0.42473796817721093, -0.5055552671027863, 0.21367455577499067, 0.6190648095176516, -0.2478001985549312, 0.14157424401177238, -0.01584745745753284, -0.0920542255870222]], "inverted": false, "swapped": false, "error_lsq": 0.03968515246058226, "error_max": 0.2052154558449616, "target": "124.xyz", "model": "26.xyz", "model_rescale": 3.795458400668931, "target_rescale": 3.701626148689534},
{"mapping": [3, 10, 9, 6, 7, 0, 1, 5, 8, 11, 12], "R": [[0.6766638098146647, 0.4735354632704834, -0.5638175711276763], [-0.02409420293647639, -0.7511015334723595, -0.659746887677635], [-0.7358977903703472, 0.4600115775072176, -0.49683376564738635]], "T": [-0.09828752302924702, 0.10559058845734243, 0.030142805491409543], "aligned_model": [[-0.3889816230871439, 0.09068511522017757, -0.517749107930597, 0.626077420170833, 0.30419214103439696, -0.06405124685107143, -0.012631014479600314, 0.6198139927455115, 0.36118752225376544, -0.22846923768090954, 0.01016487446025148], [-0.44422372685188566, 0.23193709393672934, 0.09434269714795107, -0.04592075902478515, -0.36442608324449577, -0.7153165495617562, 0.032176490710080746, 0.15985990529590632, 0.5845250740180369, 0.7717106103631348, 0.009139627594341185], [-0.367698516797303, -0.6451440454507892, 0.12124579034123757, 0.3955558598870635, -0.4964524346759877, 0.15747127927342872, 0.611199173967196, -0.18950582794869247, 0.3305694211716101, -0.19549280632532914, -0.04994397570485218]], "inverted": true, "swapped": false, "error_lsq": 0.047952201304787195, "error_max": 0.2640327631899447, "target": "124.xyz", "model": "27.xyz", "model_rescale": 3.6321398670334006, "target_rescale": 3.701626148689534},
{"mapping": [9, 8, 11, 4, 12, 6, 1, 7, 3, 0, 14], "R": [[0.5073635602672733, -0.11304674372605888, 0.8542848772194505], [-0.8397713773930224, 0.15751860809365384, 0.5195882233227226], [-0.19330352150010796, -0.9810241188865708, -0.015014217877886982]], "T": [-0.04956657176139334, 0.09035794626083968, -0.04192985424667528], "aligned_model": [[-0.42418691673486564, 0.16062612671939247, -0.6855522251390692, 0.5180222044740492, 0.39016569967158216, 0.09994313075579864, 0.0723438672008921, 0.7101729485605691, 0.34447911373526074, -0.31753846715409045, -0.06823664623390477], [-0.3772417772007084, 0.22777517974696185, 0.09205630856752459, -0.22699207244901767, -0.38814703092271763, -0.6594151346266839, 0.164937320486284, 0.12438905574562029, 0.6362168526932014, 0.6519946086105591, 0.0682310697322345], [-0.33787285039774, -0.49355486378550617, 0.047765188436624445, 0.47148927188268575, -0.5529858659820903, 0.09733468959136657, 0.6114023414688493, -0.1920135937125005, 0.09344419043025251, -0.08848108413546395, 0.015276493941104516]], "inverted": false, "swapped": false, "error_lsq": 0.045790551657209244, "error_max": 0.23206191960043296, "target": "124.xyz", "model": "28.xyz", "model_rescale": 4.156811204709835, "target_rescale": 3.701626148689534},
{"mapping": [7, 3, 4, 5, 6, 8, 1, 9, 2, 10], "R": [[0.37736121530698624, 0.8761424988985622, -0.2999547212594216], [0.6423249705528118, -0.014305391805253531, 0.7662988894482543], [0.6670960540929349, -0.48183988771072195, -0.5681665048421589]], "T": [-0.039855031471385666, 0.07484609374359179, 0.018916237689902426], "aligned_model": [[-0.525781280380191, -0.04591662645531738, 0.09452692839760754, 0.6297064921707795, 0.037166979215505325, -0.7014410319447838, -0.542632358842422, -0.49712286391998783, 0.27019090071397567, -0.07577176484457798], [-0.18805465714663422, -0.7299846664298149, 0.10102185872934132, -0.0009613042757109364, -0.40769261779387395, -0.33743975911717367, 0.5148812091144037, 0.32373692119323083, 0.5212495753948727, 0.12196377095756299], [-0.5160228097155956, -0.30786319652833877, -0.6712455667081769, -0.1313404925816088, 0.47094879663962347, 0.10699870676993568, -0.2656709368701222, 0.5500536370601712, 0.5188564805993248, 0.004072108309886795]], "inverted": true, "swapped": true, "error_lsq": 0.04681715162056889, "error_max": 0.23263920529457952, "target": "124.xyz", "model": "29.xyz", "model_rescale": 4.117894457231895, "target_rescale": 3.701626148689534},
{"mapping": [8, 7, 1, 11, 6, 5, 3, 10, 12, 4, 14], "R": [[-0.09278291751687928, 0.7509542748605742, 0.6538034928674558], [0.9255239595521356, 0.30717272736919043, -0.2214730589835024], [-0.3671467424777086, 0.5845618809238269, -0.7235265557384918]], "T": [0.12383727096933136, 0.0010722298940911354, 0.05020498299852613], "aligned_model": [[-0.3323702010132842, 0.0673510854450173, -0.726685625864269, 0.7345153890246257, 0.2805761025661244, -0.10479110110696568, -0.06180162577417245, 0.6427638722250919, 0.43525346370664275, -0.2841963783530437, 0.1496238549998471], [-0.35495040395243843, 0.2917959769596924, 0.0546068472093992, 0.016050021580162152, -0.4439289082652959, -0.7980765864154279, 0.18745666796572966, 0.060658348119927395, 0.627586028249392, 0.6568970154031418, 0.015709373528975546], [-0.35834405121077983, -0.5322833641734578, -0.0680036231579246, 0.4405273269573541, -0.3847621064991622, 0.12121208407152782, 0.5303666665202234, -0.4412069030167336, 0.36369874407329383, -0.003928960968107936, 0.004528105141349201]], "inverted": false, "swapped": false, "error_lsq": 0.045483762169323524, "error_max": 0.22883564682781035, "target": "124.xyz", "model": "30.xyz", "model_rescale": 4.100398675895297, "target_rescale": 3.701626148689534},
