[{"mapping": [8, 7, 11, 6, 5, 2, 9, 12, 1, 0, 13], "R": [[0.524603199208736, 0.7520090391262111, -0.39909132846058176], [-0.34288683591782987, -0.24243966644779447, -0.9075525471767137], [-0.7792432875130966, 0.6129481325570337, 0.13066937537398224]], "T": [-0.03570426950916836, -0.14026666386386483, 0.07409479724822118], "aligned_model": [[-0.3352922512188766, -0.060421745577148966, -0.6821035091334089, 0.15481924761558427, -0.5051510771757455, 0.713010719459802, 0.15662703986908788, -0.2006099363065076, -0.021978471403844013, 0.5260910072414433, -0.08164231762084614], [0.051619638276517554, 0.49061434998194825, 0.028333555062577453, -0.4538323763780225, -0.7112136591098295, -0.0919229194052586, 0.5507691059590283, 0.11499878537456937, -0.44523487892700425, 0.006840249018391087, -0.00360279136062272], [-0.6216104707271575, -0.3415645286680594, -0.12790478204450909, -0.5966686614654716, -0.0872758439256355, -0.09427085564636167, 0.22316325139715665, 0.5668071671526422, 0.5638397346294527, 0.5821873653729505, -0.0017507296040986942]], "inverted": true, "swapped": false, "error_lsq": 0.05358264183581491, "error_max": 0.25094262191067873, "target": "126.xyz", "model": "0.xyz", "model_rescale": 3.8414455957264533, "target_rescale": 3.7065349853419995},
{"mapping": [5, 10, 6, 4, 9, 1, 12, 8, 13, 11, 14], "R": [[0.8205572212699623, -0.26520839863528517, 0.5063105291370366], [-0.5629143947152916, -0.22145027812739265, 0.7962958988589716], [-0.09906175268000879, -0.9384158351235384, -0.33100225006086686]], "T": [-0.046400613705551985, -0.20929561099786304, -0.09458726700118705], "aligned_model": [[-0.19051481326193237, -0.12481662126078513, -0.7302012850436996, 0.15958788272144825, -0.5468856042102586, 0.77722966717765, 0.13580706874642604, -0.4438809189906094, 0.006815679602787672, 0.5982747948678564, 0.021932855400656592], [0.13608421274743365, 0.46567891619519336, 0.05604899257424395, -0.4960831356058512, -0.5646276585063459, -0.006260955058876638, 0.35269373143319455, 0.15292837735480957, -0.4158336600717264, 0.010629137222745583, -0.1538888997925265], [-0.6370507771273383, -0.17608338844262467, -0.36298260417436234, -0.5082766310379689, 0.20334492375096117, -0.2646107361715848, 0.3883805200368923, 0.4842957839451605, 0.6329820156452238, 0.4175573657255307, -0.1126048256789807]], "inverted": true, "swapped": false, "error_lsq": 0.042848196770404585, "error_max": 0.2285790344343434, "target": "126.xyz", "model": "1.xyz", "model_rescale": 4.316132596720782, "target_rescale": 3.7065349853419995},
{"mapping": [10, 7, 9, 8, 1, 6, 3, 5, 0, 4, 11], "R": [[0.37781325256855147, -0.1870968041665515, 0.9067810827615645], [0.5588049492946539, -0.7348074349352137, -0.3844412337506624], [0.7382372076963959, 0.6519607499187319, -0.17306936683894564]], "T": [-0.06011606716345298, -0.11239571167106285, 0.0035283279859250286], "aligned_model": [[-0.028600535097423815, -0.3685362314792978, -0.7933792587489912, 0.1923379863144714, -0.3648090421455579, 0.7132414374821036, 0.23237123550077482, -0.2853357883294981, -0.22065452213770653, 0.524070606826717, 0.06264281756394818], [-0.009977646124622416, 0.7066597205256887, -0.0046210428243336765, -0.6118782994051006, -0.5452019686074573, 0.0009068926489902707, 0.4648780807246957, 0.21985430509147216, -0.43342174515614285, -0.14998715539177584, -0.09984208298911965], [-0.6175619308956722, -0.1821766019759283, -0.022185828674964207, -0.519750002585833, -0.1166307264297515, -0.2517688573926093, 0.11408670728091355, 0.5081528274666601, 0.6159691405431558, 0.50516818328855, 0.03164873584638716]], "inverted": true, "swapped": false, "error_lsq": 0.0538161467844833, "error_max": 0.25069902502647007, "target": "126.xyz", "model": "2.xyz", "model_rescale": 3.795458400668931, "target_rescale": 3.7065349853419995},
{"mapping": [0, 1, 2, 4, 10, 7, 8, 6, 5, 9, 11], "R": [[-0.9895831142038779, 0.029315253310759536, 0.14094635861163918], [0.005611623815153184, 0.986158446320826, -0.165710676868607], [-0.14385329249173268, -0.16319354972982444, -0.9760502525822466]], "T": [-0.0660736174828861, -0.0372732574906411, 0.007418335093075065], "aligned_model": [[-0.05694712704337092, -0.19674950575541364, -0.8221164239037853, 0.14112631702858883, -0.49621547385387443, 0.6328531404440132, 0.18503065967607085, -0.327195042369625, -0.019923907761623026, 0.6222497692732222, 0.00123630001533645], [-0.06264155354687777, 0.5221547317745533, 0.07993908931627881, -0.5817360351538244, -0.6213362286813935, 0.1313716944467999, 0.5664515608041325, 0.2874697347015022, -0.5593030872604839, -0.1648270787911043, -0.060173769117288806], [-0.774554235335838, -0.249939351814736, -0.04142684921616204, -0.26013204184803107, -0.1059799209857261, -0.25019098899241604, 0.435233625608451, 0.4241363297946677, 0.4755846267804799, 0.5217096734641616, -0.1094892209839428]], "inverted": true, "swapped": false, "error_lsq": 0.0521913909320667, "error_max": 0.2313902765606653, "target": "126.xyz", "model": "3.xyz", "model_rescale": 3.7530521520055578, "target_rescale": 3.7065349853419995},
{"mapping": [2, 1, 0, 4, 6, 3, 5, 7, 8, 9, 10], "R": [[0.8162257925214285, 0.5730516768994348, 0.07339776035760064], [-0.3006788532468937, 0.5298418505274406, -0.7930068351784809], [-0.49332310186418293, 0.6252034781032516, 0.604775105419112]], "T": [0.04563942705063527, -0.027791538787892762, 0.0014031629039232534], "aligned_model": [[0.09975242120390555, -0.14682694040368782, -0.7236713351566394, -0.09586524057430228, -0.32645514886526766, 0.6913215208627929, 0.2518246799384641, -0.3635254404966302, -0.15369710191816177, 0.47234895524020676, -0.04185766408114053], [0.09265858261025484, 0.6728598790037271, -0.17364050145046805, -0.5809862699623715, -0.6517450715765715, 0.255591641344605, 0.4687777255946143, 0.13867157366465177, -0.37170470926792565, -0.27835130727301705, -0.03476248419520525], [-0.6648697054810572, -0.309997156548839, -0.257651690384412, -0.4608337058687034, 0.1376498440906971, -0.28644817380105264, 0.4793846993175263, 0.4064032664977953, 0.828124501350648, 0.23053751173037057, -0.03734774443206472]], "inverted": false, "swapped": false, "error_lsq": 0.0626694809010626, "error_max": 0.3760651170692735, "target": "126.xyz", "model": "4.xyz", "model_rescale": 3.7855080009869324, "target_rescale": 3.7065349853419995},
{"mapping": [0, 2, 1, 7, 6, 10, 14, 12, 13, 15, 16], "R": [[-0.6556338249786544, -0.6723098557463696, 0.3437204465989119], [-0.5183653818939886, 0.7317534352687707, 0.4425316269220233], [-0.5490369918300214, 0.11196592266689567, -0.8282644588315935]], "T": [0.004273895519385482, -0.08037219199813664, -0.04077280100036994], "aligned_model": [[-0.3618290540255398, -0.10641873020470907, -0.702682422932087, 0.17917003895397873, -0.2484425758852454, 0.6862529863587042, 0.08910784249151418, -0.4501637156641629, -0.08576156139093771, 0.6463159470614402, 0.0177999509865844], [0.15981936097120344, 0.6406739503858144, 0.11043247592222183, -0.6638683533371406, -0.6799346269004076, -0.1993361107405709, 0.4331089629771522, 0.154355711272612, -0.3594947214071744, -0.025220961702703756, -0.03316662894871228], [-0.6863349835491902, -0.1575002216958532, -0.2328932879108292, -0.477021629755545, 0.011537234383053943, -0.2681851572383381, 0.391474470198932, 0.4080640646624911, 0.6216861554268558, 0.47309338054344974, -0.018968378594118526]], "inverted": true, "swapped": false, "error_lsq": 0.04355615331970338, "error_max": 0.26023500407775374, "target": "126.xyz", "model": "5.xyz", "model_rescale": 4.2253639853439635, "target_rescale": 3.7065349853419995},
{"mapping": [3, 0, 7, 2, 6, 1, 9, 12, 11, 8, 13], "R": [[0.6846403610940202, -0.4443892486760479, 0.5777419593747604], [-0.7090100332016964, -0.2222161912356273, 0.6692717961875133], [-0.16903357293857035, -0.8678353300101745, -0.46721460936677933]], "T": [0.12729191036521367, -0.11138983887279191, -0.034366268134832685], "aligned_model": [[-0.34626558942859587, -0.0966815816181125, -0.6227756054545565, 0.16400179866416595, -0.3956104314090235, 0.7093135942007173, 0.2771216086765663, -0.5726078665910754, -0.19318243996522858, 0.6509393055852971, 0.08909591308938578], [-0.16329279864349705, 0.6229639367234918, 0.12419120802815753, -0.646808570624112, -0.48446089396975506, 0.26283441932762647, 0.3820943344149396, 0.14638248688711275, -0.4456978423699603, -0.1401380161116923, -0.12069920517001757], [-0.5597792960037831, -0.26593279525582536, -0.14062777612301755, -0.437045765785407, -0.0676693751815714, -0.2791370712913736, 0.2921622294022677, 0.5269157418725232, 0.5910041328206382, 0.4860487810166628, -0.08098715900020545]], "inverted": true, "swapped": false, "error_lsq": 0.05002523184503251, "error_max": 0.3033044261561433, "target": "126.xyz", "model": "6.xyz", "model_rescale": 3.89814844738969, "target_rescale": 3.7065349853419995},
{"mapping": [8, 9, 11, 7, 4, 6, 5, 10, 2, 1, 12], "R": [[-0.4449854579962354, -0.35043865010749464, -0.8241241985785384], [-0.7818341257390767, 0.6007943884456425, 0.1666778408848652], [0.43671883632572417, 0.718497637660044, -0.5413296617360275]], "T": [0.029047463526667223, -0.1926886217115618, -0.0871237377118581], "aligned_model": [[-0.04425611969068065, -0.15283963992126423, -0.6849904914302419, -0.037575352195439324, -0.4018100953787938, 0.5446218191287288, 0.3153592575672936, -0.40338965007706495, -0.030234535795123956, 0.6385978290801824, -0.08013431553805635], [0.12254521915422784, 0.6818240085074931, -0.04630770331087297, -0.7137661047875969, -0.6058039091128946, 0.19879614262135215, 0.40160733681729893, 0.12775017832612856, -0.3392148923573806, -0.11407975876956519, -0.17598145859589642], [-0.6812121003105824, -0.07760427232319281, -0.4393492263297831, -0.4812231371054105, 0.15617301860358365, -0.2828240549535539, 0.3220394012612522, 0.4120964354188002, 0.6032120799073685, 0.4934497809353354, 0.040193721367091095]], "inverted": false, "swapped": false, "error_lsq": 0.04869903403866555, "error_max": 0.23314954353390605, "target": "126.xyz", "model": "7.xyz", "model_rescale": 3.7474275329858107, "target_rescale": 3.7065349853419995},
{"mapping": [8, 2, 3, 9, 7, 13, 1, 0, 10, 12, 14], "R": [[0.6433819255434767, 0.706796102032902, 0.294107068998799], [0.47682046673189304, -0.06941860672918074, -0.8762552707660932], [-0.59891730680416, 0.7040030732822659, -0.3816775241215766]], "T": [-0.0161071937192376, -0.09173165712836029, 0.007759159230445166], "aligned_model": [[-0.18558493102032378, -0.08888591896780168, -0.6761147060806718, -0.005129544133689705, -0.27559381323773025, 0.8436128335349607, 0.02804600191519547, -0.40528793978540095, -0.08557204815745181, 0.49692750386046475, 0.01693126782198845], [0.01270378954366956, 0.6778467393964244, 0.15523629144168172, -0.6796060957657056, -0.720071346745188, 0.07113544272421127, 0.5808350040130917, 0.14117118885872013, -0.5312581781367738, -0.12479227023869743, -0.04583150659913979], [-0.6446064207124594, -0.32547025814350405, -0.12464723408267568, -0.47662041888448897, 0.04939520932061288, -0.1983175527392042, 0.34018419090850555, 0.4857841050747645, 0.6219695718875253, 0.3488530081040766, -0.011572554262244081]], "inverted": false, "swapped": false, "error_lsq": 0.04198777356688107, "error_max": 0.2567866273053938, "target": "126.xyz", "model": "8.xyz", "model_rescale": 4.019505241142653, "target_rescale": 3.7065349853419995},
{"mapping": [0, 7, 4, 2, 5, 1, 9, 8, 11, 10, 12], "R": [[-0.7368188928241624, 0.6592470622568635, -0.14997076409444238], [-0.5970877960048689, -0.5304544061346144, 0.6017510173439028], [0.31714993778877504, 0.5329272313534644, 0.7844772036474403]], "T": [0.02905804892349659, -0.17519782514823362, 0.002812081456684561], "aligned_model": [[-0.10206391779615029, -0.34729645134791925, -0.6971726198408822, 0.15543621549304948, -0.4575586584864627, 0.6026061657358202, 0.17774106109940133, -0.36869622361993953, -0.1588396668588134, 0.8600117142292293, -0.0008189128577936536], [0.10579117864788329, 0.6056864678176825, 0.009358526240191456, -0.5503564004700441, -0.623647288471682, 0.11633292190129824, 0.32236591968248257, 0.25867416839422613, -0.23191994085239737, -0.28271570676388874, -0.1922007876334576], [-0.568588205260366, -0.2582645379489417, -0.35232541325678013, -0.43679770527887724, 0.1151596584503991, -0.2029977419151255, 0.44740598959171124, 0.33399717061233414, 0.5933428376301655, 0.371777756642926, 0.022241837203462483]], "inverted": false, "swapped": false, "error_lsq": 0.05195218170931593, "error_max": 0.2524870261451532, "target": "126.xyz", "model": "9.xyz", "model_rescale": 3.877068213659057, "target_rescale": 3.7065349853419995},
{"mapping": [3, 13, 6, 5, 12, 7, 9, 10, 11, 8, 15], "R": [[-0.8469420937783917, -0.22691497938267238, -0.48083124058034665], [-0.4990479448896462, 0.027303395453004975, 0.8661441411786825], [-0.18341275443025906, 0.9735317748941215, -0.13636584903782656]], "T": [0.015669977527876713, 0.025697805492147348, -0.05431692650744042], "aligned_model": [[-0.22120762149298911, -0.2770268819041839, -0.5928697441494006, 0.06803758335410376, -0.4353348794729882, 0.8150782743706102, 0.2045789772698354, -0.42746133056577174, -0.09409363666389187, 0.5973518731534101, 0.026296091850805375], [-0.08848768311082683, 0.6788594124002033, 0.054946899242543264, -0.6132989395509761, -0.56892538740731, 0.07420999144065321, 0.3794500009821346, 0.15084888822797962, -0.36005344537553685, -0.11036798114793595, -0.05981269720863385], [-0.6319084950079121, -0.34645894625736623, -0.14985996801528736, -0.5014592259232438, -0.01948743984435452, -0.21204933335621015, 0.46991401296690954, 0.48529648116247553, 0.5652015943757384, 0.43400183190308717, -0.028238865532928432]], "inverted": false, "swapped": false, "error_lsq": 0.037025456647442265, "error_max": 0.1985966619326721, "target": "126.xyz", "model": "10.xyz", "model_rescale": 4.260839863003843, "target_rescale": 3.7065349853419995},
{"mapping": [5, 6, 0, 3, 1, 4, 10, 7, 8, 9, 11], "R": [[0.7539899281560993, -0.20330791950892038, -0.624631954117074], [-0.2820119045599284, -0.9589940915319963, -0.028277519219385434], [-0.5932693097789923, 0.19747461171420305, -0.780407139769161]], "T": [0.015019455819458728, -0.11211432242968655, 0.040663591522126064], "aligned_model": [[0.1679320648186087, -0.3484972429314038, -0.7866063033947093, -0.10058029659819452, -0.42936632057307633, 0.704869555971897, 0.21292741202655308, -0.5128071061735634, 0.09963308280795212, 0.6996633876142261, -0.043819527818750065], [0.18548555295998825, 0.5685170613163035, 0.044255053826648044, -0.4765939160521325, -0.6817813980005608, -0.06747744177803221, 0.43155897318525693, 0.10244215634332984, -0.34990878605049736, -0.09089024251599986, -0.1282379547420097], [-0.5464164289393275, -0.2877444836580084, -0.28023986715125937, -0.5573534604810426, 0.07617905142092174, -0.20061891262308115, 0.2827081753229572, 0.36465474441583673, 0.7129044220716293, 0.4487634398994935, 0.05211496619278869]], "inverted": true, "swapped": false, "error_lsq": 0.05319266886752192, "error_max": 0.374495024868267, "target": "126.xyz", "model": "11.xyz", "model_rescale": 3.890672605050136, "target_rescale": 3.7065349853419995},
{"mapping": [11, 6, 9, 10, 12, 0, 8, 5, 7, 3, 13], "R": [[-0.8634465990752036, 0.1645487161104236, 0.4768476597110195], [0.4961917613244193, 0.4473002631938132, 0.7441210993786673], [-0.09084991215865623, 0.8791167127140498, -0.46786760829064433]], "T": [0.04436166582911848, 0.050305480283242006, -0.1549468731918382], "aligned_model": [[-0.12469746955469767, -0.0674035891703892, -0.725591080572359, -0.17137408518471614, -0.31551463983292233, 0.6092636180726494, 0.18638433576872698, -0.5097028931381301, -0.0050972879137952815, 0.7227441828529545, 0.06433761442221858], [-0.0245409921083835, 0.5987851395723363, 0.1341400659631024, -0.7338415447900078, -0.5587270706209291, 0.20734760556870824, 0.4575958388096736, 0.004697197910074398, -0.3663793555348935, -0.09539860766605338, -0.08630921861133356], [-0.6731931256713505, -0.29182979784853713, -0.23217993977675214, -0.5265811466998546, 0.0789345995828829, -0.08481774240806722, 0.4222317567943811, 0.38902420224366463, 0.5872739361164643, 0.4546682802888675, -0.058579376150790466]], "inverted": true, "swapped": false, "error_lsq": 0.04588566959754921, "error_max": 0.27579867001790453, "target": "126.xyz", "model": "12.xyz", "model_rescale": 4.124412569039231, "target_rescale": 3.7065349853419995},
{"mapping": [7, 9, 3, 5, 0, 10, 8, 6, 1, 2, 12], "R": [[0.97078450242743, 0.2259630153698528, -0.08073515672673862], [-0.18527301295920434, 0.49204904534237137, -0.8506242693731936], [-0.15248396806138625, 0.8407309038346484, 0.5195384363275055]], "T": [-0.0669074490598053, -0.08640822930008035, -0.048535982173225405], "aligned_model": [[0.02056669697157798, -0.20949011547834068, -0.7752786910012213, 0.04348976822431576, -0.35321044238206584, 0.6209230611438985, 0.1664758414757398, -0.4363453364887184, -0.1038032291738539, 0.6352443432599278, 0.05477680919827986], [0.07128244553536392, 0.51922778335821, -0.039215206293736204, -0.5861442560070333, -0.5910945414651618, 0.018009208965707346, 0.3984057741781278, 0.24457203484714296, -0.28249477620635943, -0.12801536340540703, -0.08716404501455996], [-0.6490021338937587, -0.19522093507821847, -0.117357330138993, -0.6069464379307109, -0.03906414381159825, -0.2946982459677273, 0.4262099947751588, 0.40044121865235727, 0.7408011235305925, 0.4491056766362521, -0.04931714030244564]], "inverted": false, "swapped": false, "error_lsq": 0.04208595304882213, "error_max": 0.19964420165309443, "target": "126.xyz", "model": "13.xyz", "model_rescale": 3.9028299243045295, "target_rescale": 3.7065349853419995},
{"mapping": [3, 4, 7, 6, 9, 2, 5, 10, 14, 12, 15], "R": [[-0.5065915366479857, -0.22086105208735457, 0.8334179087753631], [-0.491415605315515, 0.8682174839762191, -0.06862290703832033], [-0.7084318724118918, -0.44431835004743025, -0.5483661969542896]], "T": [0.15735640871287226, 0.002642256980671845, -0.004308767857576426], "aligned_model": [[-0.0372067918977767, -0.21894411248478246, -0.7223738184220977, 0.013987684073793805, -0.35259467287842505, 0.7467947047418684, 0.2235266438560094, -0.4692746376428143, -0.20935753379713273, 0.6243499162012571, 0.06444132399964012], [0.1232603497411609, 0.5522832632760182, -0.11975504317650469, -0.46793754786163205, -0.5805146201384012, -0.0012327832760330101, 0.41310381560638676, 0.17791693658752183, -0.39338252532041945, -0.10368213618000928, -0.06269065076579358], [-0.5842103818449091, -0.12943252990028836, -0.18241431020945956, -0.4542068877905012, 0.022587468240782442, -0.4455538797775011, 0.294429650372827, 0.358960994826944, 0.6969300708807631, 0.5005203877422115, -0.012658936069960236]], "inverted": true, "swapped": false, "error_lsq": 0.04398539865929354, "error_max": 0.20139676155311712, "target": "126.xyz", "model": "14.xyz", "model_rescale": 3.942246331269136, "target_rescale": 3.7065349853419995},
{"mapping": [4, 3, 12, 11, 8, 10, 5, 0, 7, 9, 14], "R": [[0.8313112534697848, 0.5412789993336978, -0.12624834547353914], [0.3448445603696386, -0.680435087016587, -0.6465990423285521], [-0.43589428653971374, 0.4939890051782943, -0.7523104636551278]], "T": [-0.03238933887925502, -0.02324837437014893, -0.044272658523153305], "aligned_model": [[0.13509149613006824, -0.14831808737773228, -0.7600055768533895, 0.04829123244223288, -0.4040621754639745, 0.6221414874250544, 0.06277197621745981, -0.49029808013665477, 0.0647059144715113, 0.636869527802845, -0.10383900890788102], [0.1139826458492813, 0.6332040084889236, 0.2328488629403953, -0.5997392420135413, -0.6749100954047301, -0.05701110309752526, 0.5108864609269542, -0.09879630165227471, -0.43964923372864295, -0.08260525473393046, -0.0008416890826153274], [-0.5890494879833635, -0.31293364342953917, -0.31457817722564496, -0.4629132556844379, 0.14556208584970276, -0.32614140742845776, 0.28500512697157837, 0.5261040400118552, 0.6961072062971275, 0.39927174314733627, 0.018517415944751273]], "inverted": false, "swapped": false, "error_lsq": 0.05061129436923322, "error_max": 0.3196811616437325, "target": "126.xyz", "model": "15.xyz", "model_rescale": 4.355366556412066, "target_rescale": 3.7065349853419995},
{"mapping": [10, 7, 9, 8, 1, 6, 3, 5, 0, 4, 11], "R": [[0.37781325256855147, -0.1870968041665515, 0.9067810827615645], [0.5588049492946539, -0.7348074349352137, -0.3844412337506624], [0.7382372076963959, 0.6519607499187319, -0.17306936683894564]], "T": [-0.06011606716345298, -0.11239571167106285, 0.0035283279859250286], "aligned_model": [[-0.028600535097423815, -0.3685362314792978, -0.7933792587489912, 0.1923379863144714, -0.3648090421455579, 0.7132414374821036, 0.23237123550077482, -0.2853357883294981, -0.22065452213770653, 0.524070606826717, 0.06264281756394818], [-0.009977646124622416, 0.7066597205256887, -0.0046210428243336765, -0.6118782994051006, -0.5452019686074573, 0.0009068926489902707, 0.4648780807246957, 0.21985430509147216, -0.43342174515614285, -0.14998715539177584, -0.09984208298911965], [-0.6175619308956722, -0.1821766019759283, -0.022185828674964207, -0.519750002585833, -0.1166307264297515, -0.2517688573926093, 0.11408670728091355, 0.5081528274666601, 0.6159691405431558, 0.50516818328855, 0.03164873584638716]], "inverted": true, "swapped": false, "error_lsq": 0.0538161467844833, "error_max": 0.25069902502647007, "target": "126.xyz", "model": "16.xyz", "model_rescale": 3.795458400668931, "target_rescale": 3.7065349853419995},
{"mapping": [8, 9, 11, 7, 4, 6, 5, 10, 2, 1, 12], "R": [[-0.4449854579962354, -0.35043865010749464, -0.8241241985785384], [-0.7818341257390767, 0.6007943884456425, 0.1666778408848652], [0.43671883632572417, 0.718497637660044, -0.5413296617360275]], "T": [0.029047463526667223, -0.1926886217115618, -0.0871237377118581], "aligned_model": [[-0.04425611969068065, -0.15283963992126423, -0.6849904914302419, -0.037575352195439324, -0.4018100953787938, 0.5446218191287288, 0.3153592575672936, -0.40338965007706495, -0.030234535795123956, 0.6385978290801824, -0.08013431553805635], [0.12254521915422784, 0.6818240085074931, -0.04630770331087297, -0.7137661047875969, -0.6058039091128946, 0.19879614262135215, 0.40160733681729893, 0.12775017832612856, -0.3392148923573806, -0.11407975876956519, -0.17598145859589642], [-0.6812121003105824, -0.07760427232319281, -0.4393492263297831, -0.4812231371054105, 0.15617301860358365, -0.2828240549535539, 0.3220394012612522, 0.4120964354188002, 0.6032120799073685, 0.4934497809353354, 0.040193721367091095]], "inverted": false, "swapped": false, "error_lsq": 0.04869903403866555, "error_max": 0.23314954353390605, "target": "126.xyz", "model": "17.xyz", "model_rescale": 3.7474275329858107, "target_rescale": 3.7065349853419995},
{"mapping": [1, 2, 0, 3, 8, 7, 9, 4, 5, 12, 13], "R": [[0.34602086842073965, -0.8607977270286606, -0.3732249077428367], [-0.9322164301075246, -0.27047603271196213, -0.24044800511957015], [0.10602870391993117, 0.4311264186647455, -0.8960401358613187]], "T": [0.0523971314746549, -0.1011870166175353, -0.030152318084384448], "aligned_model": [[0.01342035301878107, -0.10333907169156718, -0.7060242034287564, -0.09343816721102179, -0.48916939653364394, 0.6896306754079232, 0.17876985478991936, -0.5494838798523504, 0.07754514469164726, 0.6584264179262621, -0.012989021367653938], [-0.0397329503640176, 0.5324894229116327, 0.1272994185758745, -0.6238347459704147, -0.5572559144526109, 0.24379602891037522, 0.34989706973310314, 0.008003759950557368, -0.36891237431998475, -0.11157382740990503, -0.02280682907231546], [-0.7180641040655426, -0.3094964227629844, -0.2979832693891296, -0.4377803322943664, 0.09459265130210329, -0.23591769617514147, 0.4476313648717925, 0.5311341012569747, 0.6413464882768981, 0.407863139905421, -0.05837427445511696]], "inverted": true, "swapped": false, "error_lsq": 0.04596837588062185, "error_max": 0.23872810783465995, "target": "126.xyz", "model": "18.xyz", "model_rescale": 3.922800546911778, "target_rescale": 3.7065349853419995},
{"mapping": [11, 7, 13, 6, 8, 2, 3, 12, 5, 0, 14], "R": [[-0.284572144559174, -0.25404077522355395, 0.924381944363264], [-0.5417121400460282, -0.7529306500350688, -0.3736888994397898], [0.7909277159562339, -0.6070903728124708, 0.07664611777950903]], "T": [0.008196604613670732, -0.1563629243891708, -0.0959450170866328], "aligned_model": [[-0.21251627007649568, -0.19747829049559565, -0.6374708016757668, 0.08380075239593433, -0.37096515471177577, 0.6850988605866339, 0.2068212883190102, -0.4321874330711943, -0.024749985523589913, 0.563915288118018, -0.0009195481156387582], [0.23390338137813785, 0.6154976776263864, -0.000738379584750315, -0.7408112673281475, -0.6191333257900736, -0.0007386782133031733, 0.3238296690426897, 0.1948185958508635, -0.36485281491325183, -0.04400517293623937, -0.06040062664001747], [-0.6493179928430798, -0.10778003447696341, -0.2711829933648148, -0.454374813821103, 0.032392700962654536, -0.27119738554050643, 0.2770329337646784, 0.4530062410053649, 0.6375263238213124, 0.5180542631812797, -0.09920759621791432]], "inverted": true, "swapped": false, "error_lsq": 0.03767401465201112, "error_max": 0.18126143955280719, "target": "126.xyz", "model": "19.xyz", "model_rescale": 3.9282355846067225, "target_rescale": 3.7065349853419995},
{"mapping": [1, 5, 2, 0, 10, 4, 6, 7, 9, 8, 13], "R": [[0.8151137601919765, -0.5726651878245652, 0.08743077604340821], [-0.2945053124658953, -0.2796751619055338, 0.9138098405808941], [-0.49885486754672703, -0.7706078032741228, -0.39662001293173377]], "T": [0.02413012550894249, -0.02672672189328232, 0.10223097509712208], "aligned_model": [[-0.23807779391944822, -0.19713302302712765, -0.7362094436768024, 0.22319991946659934, -0.5322107281503031, 0.6136549177338178, 0.22617484624198564, -0.41068478261470087, 0.1211594030211116, 0.6319793107009563, -0.03850392002654897], [-0.009243279215893855, 0.553420071071487, 0.06583563497660846, -0.42730245200334765, -0.6613126119022992, -0.14798119059347808, 0.586234198873893, 0.2237290383248655, -0.48941762063572225, -0.0722222540501999, -0.08437047635361895], [-0.5995112372057959, -0.2173976687400505, -0.20113705219152378, -0.5611748507570701, -0.07103169180671805, -0.0904493770726383, 0.2037242975042019, 0.4714269721320302, 0.6071342101473292, 0.557281635731023, -0.03391359126987907]], "inverted": true, "swapped": false, "error_lsq": 0.04823956133342388, "error_max": 0.28591718711212666, "target": "126.xyz", "model": "20.xyz", "model_rescale": 4.067790424073018, "target_rescale": 3.7065349853419995},
{"mapping": [5, 8, 4, 13, 6, 9, 0, 2, 3, 12, 14], "R": [[-0.9017356898256806, -0.32887075345866823, -0.2805650962149997], [-0.09485446099587005, -0.4826791727503125, 0.8706454200317469], [-0.4217527438248472, 0.8117048994016248, 0.4040541787478642]], "T": [0.036464372187526836, -0.05682180445450793, -0.06923476714274462], "aligned_model": [[-0.24115325534455467, -0.1266345190042804, -0.7247538080070706, 0.17667832055857258, -0.5228294235811249, 0.7880574286162205, 0.0417586731883554, -0.4822748400108834, 0.0016258505587168695, 0.6466156719365712, 0.1062586068390174], [-0.029112819722613918, 0.4273483083409404, 0.158372411089045, -0.5271119647935404, -0.5211276866130429, 0.10789906270713265, 0.47209428948928944, 0.10050396013924226, -0.35621214068937324, -0.20829936868545898, -0.08698499276932603], [-0.5894527848107911, -0.3225052752811762, -0.19850512907501067, -0.5685249821957603, 0.06921161418609312, -0.17889247511889284, 0.4047670951585629, 0.4405496628486946, 0.7263132959123502, 0.36869651267966913, -0.0867058878328304]], "inverted": true, "swapped": false, "error_lsq": 0.04134957969750915, "error_max": 0.19198886972853263, "target": "126.xyz", "model": "21.xyz", "model_rescale": 4.186013935880536, "target_rescale": 3.7065349853419995},
{"mapping": [9, 7, 1, 8, 2, 4, 6, 0, 5, 3, 12], "R": [[0.2587851149439705, -0.2580063291094258, 0.9308399424299083], [-0.828473591598935, -0.5547707088101298, 0.07655696355961289], [0.49665055351484066, -0.7909881129231875, -0.35731783177952015]], "T": [0.018264723357001276, -0.05320379965657859, -0.10149577557465865], "aligned_model": [[-0.1430284376131873, -0.08971487649855801, -0.6536495667619238, -0.0661360338303834, -0.4490831353000802, 0.6147226876285182, 0.16707950612256167, -0.45331123831853504, 0.024962074783166286, 0.6517422657309826, 0.059765459806978324], [-0.13957535792386305, 0.6554682257121622, 0.22559956013510143, -0.7343728219247923, -0.5953306208439124, 0.3557501228045967, 0.3095025574280118, 0.12196888768898886, -0.5152992764692523, -0.09622274641223634, -0.05011947170251054], [-0.6947707795863378, -0.25785467796161493, -0.17845751434918244, -0.4428949641969787, 0.09185285158092486, -0.16939816823620302, 0.29366382253483864, 0.41688543838307796, 0.5189570364167114, 0.5687237617893626, -0.08175515990369006]], "inverted": false, "swapped": false, "error_lsq": 0.052543441115125884, "error_max": 0.3301305900169798, "target": "126.xyz", "model": "22.xyz", "model_rescale": 4.166573947596378, "target_rescale": 3.7065349853419995},
{"mapping": [3, 2, 4, 9, 8, 12, 1, 0, 7, 13, 15], "R": [[0.5302524172393956, 0.7440447862385503, 0.4064846000563961], [0.15007922233585558, 0.38949348279483365, -0.9087194582947015], [-0.834451077676123, 0.5428555820212048, 0.09486419784922191]], "T": [0.1270052387630686, -0.07475486947809212, -0.07340983194200762], "aligned_model": [[-0.2231357354188995, -0.07290766702496299, -0.5848560853412741, 0.1387495501882416, -0.520291501744104, 0.6972436724299984, -0.09552206223993023, -0.4453384242796481, -0.0126010272492251, 0.6641644131795786, 0.11784357324976491], [-0.023636134000888043, 0.524908041734159, 0.10438192930584278, -0.5510606258809845, -0.5592461275966509, 0.09455720288385183, 0.5025342249969214, 0.07198807103285482, -0.32708781615955923, -0.2746264681390795, -0.025343239684173742], [-0.5594291989410793, -0.30416611507407126, -0.10529989199917837, -0.4387097961477426, -0.054587219034326534, -0.3482605298687315, 0.2805929400466892, 0.4901902067583643, 0.5809813524113334, 0.5497470538296405, -0.02610715550998971]], "inverted": false, "swapped": false, "error_lsq": 0.04233774033954902, "error_max": 0.23396803158209167, "target": "126.xyz", "model": "23.xyz", "model_rescale": 4.274766983524099, "target_rescale": 3.7065349853419995},
{"mapping": [3, 6, 5, 2, 4, 0, 8, 7, 9, 1, 10], "R": [[-0.6402175000637605, -0.17544548292042872, 0.747890657205267], [-0.4684291641390772, 0.8607838343145114, -0.19906106793336842], [-0.6088478223629237, -0.4777761746944119, -0.6332726554165279]], "T": [0.01668996698380026, 0.04912814993617468, -0.0213920971343012], "aligned_model": [[-0.06693869409684342, -0.1839752107426049, -0.7722403076413827, 0.16500115439258534, -0.3494853462499926, 0.6762308568222182, 0.17335260687892748, -0.4351619846439648, -0.03082152324457166, 0.41813642284166685, 0.06925073143350198], [-0.03476032729109616, 0.6452263341739433, -0.0015918242716356154, -0.7963971733999201, -0.5454998456345352, 0.23356485312815659, 0.5358232259209135, 0.18587864215717045, -0.3022030673363491, -0.4126823385050184, 0.030010579550665065], [-0.5709221274568196, -0.26514504032304226, -0.22451140839864905, -0.4590703351774119, -0.017678100336814252, -0.2991658527467925, 0.5111450827673988, 0.40069982788830927, 0.7544780531533376, 0.20345273013258075, 0.03166881696881168]], "inverted": true, "swapped": false, "error_lsq": 0.061239504955944664, "error_max": 0.4832395883276694, "target": "126.xyz", "model": "24.xyz", "model_rescale": 3.7841303162186577, "target_rescale": 3.7065349853419995},
{"mapping": [12, 2, 5, 13, 3, 10, 8, 4, 6, 7, 15], "R": [[-0.1841785778056096, -0.8192615537745206, 0.5430366083280772], [0.7814870023318453, 0.21302086818018312, 0.5864300255837416], [-0.5961177036994371, 0.5323838992932821, 0.6010083752406375]], "T": [0.1673458230258582, 0.029671276393318673, 0.04177037031851857], "aligned_model": [[-0.2256764746131163, -0.3294255072017202, -0.6676447427240013, 0.04527078218367214, -0.4254134347784343, 0.909658457537643, 0.1481079418181372, -0.4835849970266076, -0.08204584964297656, 0.6376662304940238, 0.1364362997029197], [-0.007971198804545061, 0.5606830070688393, 0.04291785603442199, -0.5612778101505769, -0.5158880380826916, -0.0003790522430655932, 0.5941369861715337, 0.08901694733641981, -0.4268171003392191, -0.21723210515791413, -0.019820433340908154], [-0.6057544740293221, -0.15832414553869434, -0.22647211080672128, -0.45610196149693266, 0.04361001944850675, -0.1891496064487965, 0.2163159232555004, 0.40159185620352333, 0.5432168856664293, 0.416794362348101, 0.0792248978693146]], "inverted": true, "swapped": false, "error_lsq": 0.04079597071581959, "error_max": 0.2152043570438522, "target": "126.xyz", "model": "25.xyz", "model_rescale": 4.19342608120988, "target_rescale": 3.7065349853419995},
{"mapping": [10, 7, 9, 8, 1, 6, 3, 5, 0, 4, 11], "R": [[0.37781325256855147, -0.1870968041665515, 0.9067810827615645], [0.5588049492946539, -0.7348074349352137, -0.3844412337506624], [0.7382372076963959, 0.6519607499187319, -0.17306936683894564]], "T": [-0.06011606716345298, -0.11239571167106285, 0.0035283279859250286], "aligned_model": [[-0.028600535097423815, -0.3685362314792978, -0.7933792587489912, 0.1923379863144714, -0.3648090421455579, 0.7132414374821036, 0.23237123550077482, -0.2853357883294981, -0.22065452213770653, 0.524070606826717, 0.06264281756394818], [-0.009977646124622416, 0.7066597205256887, -0.0046210428243336765, -0.6118782994051006, -0.5452019686074573, 0.0009068926489902707, 0.4648780807246957, 0.21985430509147216, -0.43342174515614285, -0.14998715539177584, -0.09984208298911965], [-0.6175619308956722, -0.1821766019759283, -0.022185828674964207, -0.519750002585833, -0.1166307264297515, -0.2517688573926093, 0.11408670728091355, 0.5081528274666601, 0.6159691405431558, 0.50516818328855, 0.03164873584638716]], "inverted": true, "swapped": false, "error_lsq": 0.0538161467844833, "error_max": 0.25069902502647007, "target": "126.xyz", "model": "26.xyz", "model_rescale": 3.795458400668931, "target_rescale": 3.7065349853419995},
{"mapping": [10, 7, 5, 11, 8, 3, 0, 6, 1, 2, 12], "R": [[-0.5732622270622607, -0.20633616591848042, 0.7929664593522722], [0.5504927372119676, 0.6198319294029617, 0.5592549736653916], [-0.6069004574891116, 0.757122028425183, -0.24173967149155282]], "T": [0.0718225144022017, -0.2159285843978471, -0.030093094531097063], "aligned_model": [[-0.10394288547285975, -0.10171712367411491, -0.6024607557367793, -0.027682988027827288, -0.5465852164894777, 0.5644547586049014, 0.32225694303090796, -0.5745961146590225, -0.021000580053516446, 0.7444070162519872, 0.01021565197534062], [0.011879464064976447, 0.5331894636625086, 0.07727939327554598, -0.7365450401864891, -0.5803480380798415, 0.3065270068441377, 0.4413768403546995, 0.021177121808288873, -0.35481346914621675, -0.11808968024947011, -0.06426400385584588], [-0.6819339077451453, -0.29260831831059436, -0.1920548842211214, -0.510334442898306, 0.09449442594223775, -0.20164537810568825, 0.41319616502884526, 0.42500118115578017, 0.5377519833513532, 0.5292748975865453, -0.05619007531299814]], "inverted": true, "swapped": false, "error_lsq": 0.048306508729726326, "error_max": 0.3024662824129323, "target": "126.xyz", "model": "27.xyz", "model_rescale": 3.6321398670334006, "target_rescale": 3.7065349853419995},
{"mapping": [8, 12, 7, 0, 3, 9, 6, 4, 1, 13, 14], "R": [[-0.14169872943741174, 0.10084958938322275, -0.9847592753546721], [0.9705237714556346, 0.2100645750011813, -0.1181375612119398], [0.19494891411689094, -0.9724722282157003, -0.1276428072154347]], "T": [0.05902361586296792, -0.17205979480617323, -0.08889707354479495], "aligned_model": [[-0.16145506774802082, -0.13823176292033218, -0.6477038286966809, 0.09780295398781237, -0.5186521160353468, 0.5983661117474958, 0.1953948771704958, -0.375312831321148, -0.11887329629874718, 0.6506383200245276, 0.081375345839484], [-0.033652999682461854, 0.5934636055028457, 0.13744593847710274, -0.7259942506874888, -0.5405379576334646, 0.2004935386731561, 0.46063396659194283, 0.10307503339002688, -0.4461699880334928, -0.028702433728443305, -0.18268539437742864], [-0.5352851613465549, -0.33091767180106774, -0.1639297609205443, -0.37361531276019255, -0.1344456438563162, -0.21884262778470334, 0.3412295595739464, 0.5608104986136021, 0.4946125551319849, 0.4550864195491682, -0.02975120792841386]], "inverted": false, "swapped": false, "error_lsq": 0.044115024635404246, "error_max": 0.19607330532939043, "target": "126.xyz", "model": "28.xyz", "model_rescale": 4.156811204709835, "target_rescale": 3.7065349853419995},
{"mapping": [1, 1, 6, 9, 3, 0, 7, 4, 8, 10], "R": [[0.8978626781379949, -0.177615886658319, 0.4028587941369117], [-0.43331004688374897, -0.19436579662641373, 0.8800365562698989], [-0.07800650278323448, -0.9647147422468254, -0.25147654287263155]], "T": [-0.10236482010118575, -0.05431688736533549, -0.016145610483850298], "aligned_model": [[-0.46285341804999836, -0.46285341804999836, 0.0603122753704467, 0.7530411153836766, -0.12175610537223358, -0.5334763237147491, -0.3225674477955506, -0.36692854618005877, 0.1960615520340126, -0.09605430951495929], [-0.34833962250049444, -0.34833962250049444, 0.07185932986012572, 0.1302618543614251, -0.3823713419044533, -0.5532497187995176, 0.5314139463902492, 0.2613318889765126, 0.6037389037046278, -0.04758528696177653], [-0.5241385069851509, -0.5241385069851509, -0.5746291301582641, -0.04347435526546457, 0.6871207928544748, 0.08378726109910306, -0.22285028272278398, 0.5987102476563672, 0.22821068448948578, 0.05018852299248329]], "inverted": false, "swapped": true, "error_lsq": 0.06565997059352333, "error_max": 0.4315644192055098, "target": "126.xyz", "model": "29.xyz", "model_rescale": 4.117894457231895, "target_rescale": 3.7065349853419995},
{"mapping": [5, 6, 8, 0, 1, 11, 10, 7, 4, 12, 14], "R": [[-0.09510122474008387, 0.9871730799050282, -0.1282383225239505], [-0.18037085335345115, 0.10960188414425454, 0.9774731619091019], [0.978990353534438, 0.11608935051437796, 0.16763397741408526]], "T": [0.09012700889369073, -0.02539017912975303, -0.01581874443431696], "aligned_model": [[-0.20685057694446707, -0.22039563895703895, -0.5885085388038803, -0.05642790070752961, -0.5468461763348171, 0.7757574781751857, 0.10407618376092177, -0.28720172308481573, -0.06012955813745298, 0.6711920404752019, 0.07868311630823238], [0.044394978524876325, 0.4968908900161296, -0.0018972062600285285, -0.6754980499724008, -0.6037005105604644, 0.19493192178571375, 0.6203109569190666, 0.16729297133317209, -0.5247126753270733, -0.19552077729733905, 0.01487655933064171], [-0.7922761591138424, -0.22218640959330715, -0.21754023630889513, -0.4033285713585627, -0.00869486072412947, -0.09872026281542098, 0.29594467246853284, 0.4816748659822137, 0.5565693241100949, 0.4544970340610568, 0.019012249763167642]], "inverted": false, "swapped": false, "error_lsq": 0.04416996685020968, "error_max": 0.2129285861906386, "target": "126.xyz", "model": "30.xyz", "model_rescale": 4.100398675895297, "target_rescale": 3.7065349853419995},
