[{"mapping": [5, 1, 0, 2, 8, 12, 11, 10, 6, 9, 4, 7, 13], "R": [[0.6313888839402004, -0.40442830201147967, 0.6616538564603547], [0.5391762711874292, 0.8421928978782025, 0.0002671178308922273], [-0.5573482087754191, 0.35657940391394893, 0.7498093776948945]], "T": [-0.006155828399920377, -0.08827095142824005, -0.18840555678530913], "aligned_model": [[-0.6333162820989691, 0.09786510405524859, 0.5647385969576051, 0.09600250213504335, -0.3937972920910683, 0.46024407940253065, -0.17011300920911043, 0.5140740187976506, -0.6247449865034074, 0.6336346335987972, -0.1913523051879654, 0.1699380366692482, 0.031649758852466896], [0.1350207129509436, -0.26663642264241466, -0.5944844634993256, -0.7391553645824095, 0.32773944545928285, 0.11481862898359467, 0.5889342370231111, 0.7680017041166822, -0.3204131348473103, -0.009768780940272323, -0.2403631781782446, 0.2199215448402222, 0.014304575478700107], [-0.5478660669618443, -0.7273021310114536, -0.30347019024400623, 0.2080429286765038, 0.34755020345201704, -0.4647125532649784, -0.1487442855127785, -0.08076276746589348, 0.1963069908939929, 0.15980234911053925, 0.7367833137479463, 0.4789795032844263, -0.06762119890869933]], "inverted": false, "swapped": false, "error_lsq": 0.0450129087618712, "error_max": 0.2311311577285355, "target": "127.xyz", "model": "0.xyz", "model_rescale": 3.8414455957264533, "target_rescale": 3.961267238175228},
{"mapping": [0, 13, 8, 9, 4, 12, 1, 10, 7, 6, 2, 5, 14], "R": [[-0.9076202534238649, -0.23981629757878042, 0.34454842764175414], [0.31626837505711414, 0.14907360363805955, 0.9368838645409021], [-0.27604309539188226, 0.9593045419020847, -0.05945591116533028]], "T": [0.007537320355248088, 0.020751116280567375, -0.025683832109743066], "aligned_model": [[-0.655089096283502, -0.0464084024361806, 0.6289289136452806, 0.023089236697884034, -0.42039057604391694, 0.48340763679090554, -0.27373889882616137, 0.5967843142839775, -0.4684980801018189, 0.522558756279021, -0.11269927902396726, 0.26113381522697837, 0.015744515169570147], [0.024895802134534226, -0.4029989196097571, -0.3400822367376025, -0.6602578416481186, 0.20946965252394983, 0.21545555773578534, 0.7830863920137345, 0.3666372037418838, -0.3905386322091171, -0.18289046503515427, -0.09793825402968058, 0.36656918956042966, 0.10651205572167223], [-0.31966754434364913, -0.652080484970204, -0.35427807527098704, 0.012976446114787939, 0.25194949515795256, -0.5895341369603406, -0.3227133038201939, 0.013458153750054061, 0.10541171485541395, 0.5250522214421285, 0.6926898319144259, 0.47473745337306855, -0.05101567544668509]], "inverted": true, "swapped": false, "error_lsq": 0.04851758040004699, "error_max": 0.27141406472797014, "target": "127.xyz", "model": "1.xyz", "model_rescale": 4.316132596720782, "target_rescale": 3.961267238175228},
{"mapping": [9, 2, 7, 4, 11, 10, 6, 8, 5, 3, 1, 12], "R": [[-0.4053453981292616, 0.40317025825880215, 0.8204564894441152], [0.8934198796618584, -0.015396470894553371, 0.4489586476603207], [0.19363890838470776, 0.9149954598463996, -0.3539594349922809]], "T": [-0.05932073637318673, 0.10069302919408303, -0.03044795739647579], "aligned_model": [[-0.026921535251919523, 0.5354137157541967, -0.04371029962808435, -0.5345060663337707, -0.49171874687007533, -0.5620563547404691, -0.14824999526169563, -0.2955193830776924, 0.4993676259761712, 0.09144827992826714, 0.5739057907919978, 0.00035552334485475234], [-0.5916551315280332, -0.31842321022955355, -0.495348690463773, 0.3831872659577236, -0.2578812778431689, -0.17116990339866306, 0.36029989840069493, 0.6164361614195729, -0.05119680484175469, 0.05797794210039072, 0.42869832284889875, 0.051851855318645876], [0.052067188155538874, 0.2183444008367598, -0.7320911211611723, -0.02479664522657959, -0.28671564905654046, 0.4425414721204182, -0.7100074417458249, 0.5409421994211432, -0.48266410067666426, 0.6255129585404201, -0.1297569637923768, -0.06411783620570076]], "inverted": true, "swapped": true, "error_lsq": 0.04657049148289105, "error_max": 0.2959783563407441, "target": "127.xyz", "model": "2.xyz", "model_rescale": 3.795458400668931, "target_rescale": 3.961267238175228},
{"mapping": [6, 4, 0, 3, 5, 2, 8, 11, 10, 9, 1, 12], "R": [[-0.7729807851915527, -0.1562646626882541, -0.6148837783838315], [-0.6304353550763048, 0.29777399212754924, 0.7168555730984001], [0.07107720305740822, 0.9417600569186124, -0.3286883423521247]], "T": [0.07659497030520214, -0.015262439509874, 0.01336511035963421], "aligned_model": [[-0.10014961284512212, -0.07544917123444574, -0.7138406126697637, 0.030255058170441634, 0.11498057917866635, 0.31090416503422147, -0.4035402206913049, 0.5514731725797886, 0.4310326324658301, 0.7297655324322894, -0.3931760035799042, 0.11104830690286853], [-0.0945939549680336, -0.5432953693923445, -0.12384252509604426, 0.07275277127577962, 0.6072726215720078, 0.635295680096609, -0.42882027200935197, -0.31729296950827024, -0.48178142604450663, 0.17774448334325701, 0.5245853619133746, 0.05774464410723235], [-0.6934397392113072, -0.04746114159515921, -0.05326224305025315, 0.6804082374454324, -0.37480919443969235, 0.3497257241220656, 0.5100618065394489, -0.24057376986754858, 0.46845360216379567, 0.1660771846544125, -0.06603998718533753, -0.01036904893675674]], "inverted": true, "swapped": true, "error_lsq": 0.048675625185399696, "error_max": 0.2746250672148277, "target": "127.xyz", "model": "3.xyz", "model_rescale": 3.7530521520055578, "target_rescale": 3.961267238175228},
{"mapping": [6, 1, 5, 2, 7, 3, 11, 4, 10, 9, 12], "R": [[-0.9799114757672786, 0.14872451290793157, 0.13287030864678964], [0.12181338130736866, 0.9738647842624633, -0.191699979415471], [-0.1579082005282191, -0.17166362816195196, -0.9724179137450191]], "T": [-0.2224610534393015, 0.011137906015454724, -0.030397146403927197], "aligned_model": [[-0.4167676698025453, -0.12228589361116873, 0.2636555640182238, 0.43209463188451674, 0.34465796799039544, -0.1682069067685265, -0.14811703778523666, -0.7231807715538972, -0.3323143313047819, 0.3539898327083589, -0.14532578333013355], [-0.6710666109838259, 0.03387791449246433, -0.33045325521545355, 0.36293125243062496, -0.6799718343270599, 0.6833424173687559, -0.32385303286979233, -0.06948701747177924, 0.3802521381707304, 0.09285616918884043, -0.011224782469158964], [-0.21464471957143727, -0.7430495269447326, -0.46249523822084715, -0.2280418388178832, 0.18995686173326276, -0.02421809599169744, 0.4828968640217738, 0.18963788386984548, 0.603683682426601, 0.3546105606066808, -0.05550565586624989]], "inverted": true, "swapped": true, "error_lsq": 0.04806009906226769, "error_max": 0.25992379087074907, "target": "127.xyz", "model": "4.xyz", "model_rescale": 3.7855080009869324, "target_rescale": 3.961267238175228},
{"mapping": [13, 12, 2, 9, 8, 1, 6, 4, 15, 5, 10, 7, 16], "R": [[-0.5387594065740133, -0.42773070022873316, -0.7257993868210796], [-0.835859868988418, 0.37902117070255087, 0.3970909613349729], [0.1052453383418103, 0.820603071064876, -0.5617241480622073]], "T": [0.06163657519959678, -0.029609763389361443, -0.07774310602310583], "aligned_model": [[-0.5646616185684411, -0.05831408311840705, 0.4599673552037743, 0.0632180282997262, -0.5340980399425831, 0.5691260747750709, -0.09667346933948373, 0.5197850850259159, -0.6063404394050574, 0.6460929680304844, -0.05437269302071804, 0.15650983182175152, 0.05458385561603663], [0.1422321604903892, -0.1198025373570405, -0.6010196154418173, -0.6946059495381978, 0.1433438036557568, 0.13817193896167992, 0.6013836452808405, 0.5509777519771375, -0.44299117977099733, 0.051575627701780424, -0.1779833148323661, 0.48766021499809703, -0.08102304196270341], [-0.3988171855679953, -0.7414767620201825, -0.323932176165031, 0.176602310020976, 0.2546680940460089, -0.6138472443826146, -0.13124372358735747, -0.07339985725904938, 0.1717375931021416, 0.4762631229777865, 0.6261684033255209, 0.4559237437182414, -0.09166022241267312]], "inverted": false, "swapped": false, "error_lsq": 0.040565905689367576, "error_max": 0.2239819370508904, "target": "127.xyz", "model": "5.xyz", "model_rescale": 4.2253639853439635, "target_rescale": 3.961267238175228},
{"mapping": [2, 3, 0, 1, 5, 7, 6, 12, 10, 9, 8, 11, 13], "R": [[-0.9408642993602645, -0.2869066634518236, 0.18016363855190282], [-0.1889930769364802, 0.003140179451805336, -0.981973398897899], [0.2811689653204996, -0.9579533943464852, -0.0571778558591276]], "T": [0.01574911332574375, -0.0792055151630921, -0.003884029215200889], "aligned_model": [[-0.5856681296780849, -0.0032227076385792953, 0.658400907189898, 0.014977385177816441, -0.4856989530614492, 0.4913671205600144, -0.09694233466199075, 0.7057477338136348, -0.6420891072918294, 0.4798409366712106, -0.05623078429539356, 0.06585758724986568, 0.008483201342957563], [-0.020836628558170617, 0.02217582785874056, -0.42058683546461006, -0.801033665908093, 0.22976970405570218, 0.26914828660536655, 0.465042589736166, 0.5482694099716963, -0.389738153481405, -0.2829933811275349, -0.17574075699021102, 0.6248577995837559, -0.0704146921188433], [-0.29553790786489076, -0.7055758176770078, -0.34081149220831536, 0.1290419170330184, 0.22811902480764623, -0.5347591143481109, -0.32763177976661856, 0.03511451589780017, 0.2777732632927545, 0.3362419954799427, 0.7250636486208158, 0.3237404181049967, -0.06379257557625925]], "inverted": true, "swapped": false, "error_lsq": 0.04415302129875228, "error_max": 0.2756005414840627, "target": "127.xyz", "model": "6.xyz", "model_rescale": 3.89814844738969, "target_rescale": 3.961267238175228},
{"mapping": [4, 7, 3, 8, 10, 0, 2, 1, 11, 6, 9, 5, 12], "R": [[0.5817153609134487, 0.4098853999427226, 0.7025675752489086], [-0.4094428018513932, -0.5987786930741263, 0.6883463290615577], [0.7028256048903009, -0.6880828697433441, -0.18049413695837124]], "T": [0.013475392186478405, -0.038796778772322536, -0.10790397135476074], "aligned_model": [[-0.4881169145206071, -0.03326680076707246, 0.6222385725623448, 0.07029661425625015, -0.46564017975148886, 0.4490161603568993, -0.1742421068897373, 0.5212678029656511, -0.6147113173832324, 0.5882319966202557, -0.08667742258949275, 0.2800031490814734, -0.11357669856317361], [0.1555554234345451, -0.3982062638720909, -0.5058982201592241, -0.6585088209216443, 0.351413052932565, 0.1654835772050435, 0.6394903260295447, 0.6320466716944675, -0.5206908993536896, -0.16995438597543847, -0.1270087096496575, 0.3684018233881656, 0.06579592940997311], [-0.463049248296296, -0.6555486270980341, -0.3601054192943999, 0.15745447650840586, 0.2884395904947088, -0.4537134028218467, -0.1868760456661157, -0.02476225766825979, 0.06091511433196137, 0.2234996779315531, 0.7753479451322381, 0.4968512330278847, -0.07146694078602761]], "inverted": true, "swapped": false, "error_lsq": 0.04533826494412973, "error_max": 0.2641142065201766, "target": "127.xyz", "model": "7.xyz", "model_rescale": 3.7474275329858107, "target_rescale": 3.961267238175228},
{"mapping": [3, 8, 9, 5, 0, 4, 2, 13, 6, 11, 10, 12, 14], "R": [[0.5518064799409133, 0.3400626440139434, 0.761489991294347], [0.5837893489581634, 0.4945591924884983, -0.6438953340164287], [-0.5955666249364738, 0.7998553639698683, 0.07437601757560712]], "T": [0.03998188271988955, 0.05783316006110025, 0.056514354128093205], "aligned_model": [[-0.5558852242162312, 0.10547407870695535, 0.48534147948934214, -0.15619525407817747, -0.5609873270989065, 0.4053889128929498, -0.22163642049157267, 0.7533798035461501, -0.559580069357925, 0.5238415995402831, -0.06338357018791431, 0.34426789578349787, 0.054796950849618824], [-0.12851851431389016, -0.1079259436377189, -0.5297625669529248, -0.5691494899518782, 0.1543386681090613, 0.3581885771066859, 0.5594453389906203, 0.5997465996280203, -0.45681883204054147, -0.19425993704176917, -0.18458542928105573, 0.38931044739342907, 0.1079105861545214], [-0.296118573026799, -0.60185105175399, -0.1351273199634475, -0.22884288093403554, 0.3089741200179044, -0.5667754433152808, -0.5668078588758881, -0.017681732494365318, 0.2629044969261367, 0.3545224084176356, 0.7677190858156615, 0.47862269215994235, 0.02744815282229788]], "inverted": false, "swapped": false, "error_lsq": 0.05331392368018396, "error_max": 0.39006475105801425, "target": "127.xyz", "model": "8.xyz", "model_rescale": 4.019505241142653, "target_rescale": 3.961267238175228},
{"mapping": [7, 0, 2, 3, 8, 1, 9, 10, 4, 6, 5, 11, 12], "R": [[-0.19187880210136907, 0.8444705583986551, -0.5000519985981532], [-0.3429503025607833, 0.41970370359238907, 0.8403772314647151], [0.9195475057209449, 0.3327435607020755, 0.20907918962367675]], "T": [0.11503670019687903, 0.02708977030547464, -0.017868008566602984], "aligned_model": [[-0.6704192579871373, -0.16279402602908602, 0.45205743944037513, 0.012523889162370655, -0.46868773433104216, 0.37416076322434344, -0.08699354967723666, 0.8244935626926388, -0.5623676906697109, 0.7133185906222109, 0.0229394722147237, 0.003927463243806592, 0.10266393347181411], [0.05411534348388118, -0.33107784491886466, -0.445280513640791, -0.8141276218660254, 0.33470511418831783, 0.24131865606173614, 0.6739777345303946, 0.595441857137434, -0.450735077801128, 0.037980001290359874, -0.30098087122950895, 0.38079666870203127, 0.02178605822472302], [-0.46721480806928495, -0.4838853097908734, -0.13300053386223742, 0.12462841392796653, 0.12626913490793878, -0.6037570822301472, -0.10764440472496911, -0.12661829072356193, 0.00216638709903115, 0.39444500411318667, 0.5604160685985777, 0.4819276411577453, 0.019253875392399936]], "inverted": false, "swapped": false, "error_lsq": 0.050238861307165365, "error_max": 0.31344160596820553, "target": "127.xyz", "model": "9.xyz", "model_rescale": 3.877068213659057, "target_rescale": 3.961267238175228},
{"mapping": [9, 2, 3, 6, 11, 4, 8, 1, 10, 5, 12, 0, 15], "R": [[0.1667447730279797, -0.947286352297817, -0.27357768077484634], [-0.5699570293273903, 0.13380724513028414, -0.8107062389490662], [0.8045776316727579, 0.2911085500306376, -0.517600856559295]], "T": [0.01541039388360247, -0.10711982204159737, -0.14252177161665808], "aligned_model": [[-0.5481502152634231, -0.09879830228109582, 0.535076783033866, -0.03216013364708355, -0.4408006184729098, 0.5649527740285163, -0.2651521274925262, 0.5856618215981108, -0.6128706825327438, 0.6566299236243344, 0.09670505420064382, 0.0904214412942054, 0.023307137288175225], [0.08653140258984307, -0.03552312371285077, -0.4588015632115828, -0.6647224494896824, 0.17413397898360017, -0.06503109950019269, 0.6077439470125365, 0.5361968814852232, -0.3457784180483571, 0.04716755272273021, -0.2286813234020735, 0.39843850483049287, -0.05375478609712716], [-0.4263244264954134, -0.792279914665506, -0.04750524861460681, 0.11655530166133804, 0.36484701721177276, -0.53536065920859, -0.21720375807179323, -0.024778243741940653, 0.08444902612850941, 0.27703557000655327, 0.5901508669501536, 0.467847097617715, -0.07044653298242001]], "inverted": false, "swapped": false, "error_lsq": 0.04280389658910234, "error_max": 0.27678598413225847, "target": "127.xyz", "model": "10.xyz", "model_rescale": 4.260839863003843, "target_rescale": 3.961267238175228},
{"mapping": [8, 10, 9, 3, 5, 1, 0, 4, 11, 7, 6, 12], "R": [[0.7685106140858458, -0.3807014617511352, -0.5142546383436372], [0.39370899431029616, -0.35219028228861277, 0.8490908272149936], [-0.5043656053267026, -0.8550019895193323, -0.12077638047819014]], "T": [-0.019139539998098375, 7.442616208568412e-05, -0.07339477608518727], "aligned_model": [[0.4184098102964177, 0.292982612686578, -0.36889682843188665, -0.1840568896403283, -0.5768489870603422, -0.4276225283370661, 0.2673793428674317, 0.5326096141814283, 0.20333680171891502, -0.29582910102284565, 0.19145769731013176, -0.0940228954743031], [-0.024724199601875618, -0.6577907434309188, -0.5434389657918929, -0.3304236270828512, 0.35580140974817737, 0.5467073717061381, 0.6208826962518644, 0.01784544968357989, -0.29544680079068963, -0.050372479449947175, 0.5280487971985169, 0.00598959709283239], [-0.7488228512108276, -0.21539737101791936, 0.19017203724340367, -0.6376765344001184, 0.24616919866402645, -0.30308948043446626, -0.489953621377068, -0.10327939635779267, 0.4209615576804797, 0.8033666185370341, 0.38920342923093476, -0.03547550916218195]], "inverted": true, "swapped": true, "error_lsq": 0.03806581910591943, "error_max": 0.21966260810464688, "target": "127.xyz", "model": "11.xyz", "model_rescale": 3.890672605050136, "target_rescale": 3.961267238175228},
{"mapping": [10, 12, 5, 9, 2, 7, 4, 3, 11, 8, 6, 0, 13], "R": [[0.041760470110346726, 0.9916832969502469, -0.1217386614270566], [-0.9796815949066267, 0.0645649646859387, 0.18988243187907583], [0.19616328845472394, 0.11133554636769055, 0.9742301372764224]], "T": [0.012533818997240518, -0.04426165737288098, 0.15338721666980182], "aligned_model": [[-0.6391635629906456, -0.02359369748728701, 0.46037572909483937, -0.08075606801039155, -0.6102921813314269, 0.5399282772058365, -0.17271921811088797, 0.5688142987215518, -0.5064761713915175, 0.7084256164239063, 0.08317559578760651, 0.17510840445965334, 0.05199583300683251], [-0.021994835399664937, -0.17936244162385565, -0.5236261908129928, -0.8043448776366944, 0.2868685402927613, 0.08279266151076695, 0.5572060304744466, 0.6789501595911829, -0.2102270164772165, -0.005577577575982186, -0.331186982847853, 0.4451180883127876, 0.023303946354873158], [-0.45844218389207914, -0.5784424953483046, -0.2644877041796526, 0.014135964334693524, 0.06391823223834833, -0.504394248393083, -0.15479288739752017, 0.009930422884137202, 0.2298482744004036, 0.3362237395055974, 0.6481012157789223, 0.44108759626908334, 0.004300169595225556]], "inverted": true, "swapped": false, "error_lsq": 0.04476491298381962, "error_max": 0.27685426109917255, "target": "127.xyz", "model": "12.xyz", "model_rescale": 4.124412569039231, "target_rescale": 3.961267238175228},
{"mapping": [11, 9, 3, 6, 2, 7, 10, 5, 8, 0, 1, 4, 12], "R": [[-0.4633470958458244, -0.8532402636142838, 0.23935438437318868], [0.8853116706333465, -0.45762275204684283, 0.08249037913276466], [0.03914989925445407, 0.2501249075092312, 0.9674217363858768]], "T": [0.18074204686769993, -0.045533941135274036, -0.04283498646018322], "aligned_model": [[-0.745147297907829, 0.02615729295608102, 0.6602154383834502, 0.012835847655783522, -0.5216068183267963, 0.35171342092355223, -0.20211101388845118, 0.6679991901132519, -0.482352391762467, 0.6366233948716863, -0.10172225423903727, 0.1512087491864427, 0.10100929741240242], [0.1854782894678628, -0.3606403977395056, -0.5652335670633237, -0.6885313315323931, 0.26244465105978565, 0.23392807649361758, 0.5393365130051078, 0.53304997783101, -0.3197429376277324, -0.03276541836579729, -0.3595238648697685, 0.5237458525158438, 0.04637366098785227], [-0.32552763206561763, -0.5771127670807158, -0.13648829075082916, 0.03446106125755557, 0.34991273404048817, -0.5773884865631075, -0.2793931358458715, -0.08242038960342046, -0.04619840715720503, 0.31601951715148807, 0.6532171274667998, 0.4987594712460769, -0.0408547062998693]], "inverted": false, "swapped": false, "error_lsq": 0.04602575904624487, "error_max": 0.297533464623713, "target": "127.xyz", "model": "13.xyz", "model_rescale": 3.9028299243045295, "target_rescale": 3.961267238175228},
{"mapping": [12, 11, 6, 2, 5, 9, 10, 7, 8, 3, 0, 4, 15], "R": [[0.9926485462071559, 0.08827735457506648, -0.08280079940464276], [-0.10082182799389978, 0.22461815389483025, -0.9692170262334681], [-0.06696135238171634, 0.9704400000052071, 0.23186716817416234]], "T": [-0.019247872461427784, -0.03447021727357544, -0.06639654346044427], "aligned_model": [[-0.6041897862070357, -0.0508336373207712, 0.5699435435146295, -0.05868761023977537, -0.433045038201784, 0.500031847484078, 0.027040094792203442, 0.6747763235536254, -0.6202119745524464, 0.4511192587175262, -0.03676654533103367, 0.06763545761692939, 0.0680109215519243], [-0.1900960088777312, -0.13405216196292852, -0.2916052234281522, -0.7329323300105229, 0.19015864807017777, 0.20882888091975152, 0.7080680213783922, 0.5471723145340329, -0.3360920381809116, -0.13182735731166145, -0.23259317548348604, 0.3769673930318672, 0.01592254148373161], [-0.40970960684733576, -0.7977941535796345, -0.24287126176097423, 0.16326615205364936, 0.1346398018475094, -0.5879323310486912, -0.10937316822477963, -0.09189823703684383, 0.3135686979868522, 0.3310525657702046, 0.7383747276320136, 0.4651424049368961, -0.11947949593309426]], "inverted": true, "swapped": false, "error_lsq": 0.039786762160684185, "error_max": 0.24373188182126607, "target": "127.xyz", "model": "14.xyz", "model_rescale": 3.942246331269136, "target_rescale": 3.961267238175228},
{"mapping": [9, 5, 12, 0, 6, 3, 10, 4, 7, 13, 8, 11, 14], "R": [[-0.04909020683654742, -0.9146754626437337, 0.40119689633672], [0.8670862357591582, 0.16033953252562427, 0.471648909748001], [-0.4957334075385264, 0.37102564917662517, 0.7852314030292633]], "T": [0.0585396974814321, 0.0047203585661757565, -0.08186934441428724], "aligned_model": [[-0.6793490763606331, -0.05356705707300843, 0.7718803769651094, -0.11668172861912754, -0.34967069391143035, 0.5504252066000873, -0.13065834024652098, 0.4067114708484599, -0.6846563995549204, 0.7478409947127903, -0.08796148086675024, 0.11828631395163378, 0.06222326893238019], [0.2223060101087087, -0.20075861479667106, -0.3923820493117951, -0.7019172580719493, 0.14198127582329476, 0.01805910557570373, 0.6824580511462294, 0.47027119440995513, -0.35863221866676037, 0.12626647326883683, -0.3224067201765403, 0.40501899716914297, -0.09234474231559578], [-0.319227613309699, -0.6717761381352404, -0.04274121113359568, 0.021466097015716487, 0.2749402775005951, -0.6057191838224365, -0.19966679183705083, -0.1573863120323144, 0.13403335148633083, 0.3316764331499027, 0.6039631463468622, 0.5099941249851375, -0.09257008441843599]], "inverted": false, "swapped": false, "error_lsq": 0.053231810789799425, "error_max": 0.35082374183460907, "target": "127.xyz", "model": "15.xyz", "model_rescale": 4.355366556412066, "target_rescale": 3.961267238175228},
{"mapping": [9, 2, 7, 4, 11, 10, 6, 8, 5, 3, 1, 12], "R": [[-0.4053453981292616, 0.40317025825880215, 0.8204564894441152], [0.8934198796618584, -0.015396470894553371, 0.4489586476603207], [0.19363890838470776, 0.9149954598463996, -0.3539594349922809]], "T": [-0.05932073637318673, 0.10069302919408303, -0.03044795739647579], "aligned_model": [[-0.026921535251919523, 0.5354137157541967, -0.04371029962808435, -0.5345060663337707, -0.49171874687007533, -0.5620563547404691, -0.14824999526169563, -0.2955193830776924, 0.4993676259761712, 0.09144827992826714, 0.5739057907919978, 0.00035552334485475234], [-0.5916551315280332, -0.31842321022955355, -0.495348690463773, 0.3831872659577236, -0.2578812778431689, -0.17116990339866306, 0.36029989840069493, 0.6164361614195729, -0.05119680484175469, 0.05797794210039072, 0.42869832284889875, 0.051851855318645876], [0.052067188155538874, 0.2183444008367598, -0.7320911211611723, -0.02479664522657959, -0.28671564905654046, 0.4425414721204182, -0.7100074417458249, 0.5409421994211432, -0.48266410067666426, 0.6255129585404201, -0.1297569637923768, -0.06411783620570076]], "inverted": true, "swapped": true, "error_lsq": 0.04657049148289105, "error_max": 0.2959783563407441, "target": "127.xyz", "model": "16.xyz", "model_rescale": 3.795458400668931, "target_rescale": 3.961267238175228},
{"mapping": [4, 7, 3, 8, 10, 0, 2, 1, 11, 6, 9, 5, 12], "R": [[0.5817153609134487, 0.4098853999427226, 0.7025675752489086], [-0.4094428018513932, -0.5987786930741263, 0.6883463290615577], [0.7028256048903009, -0.6880828697433441, -0.18049413695837124]], "T": [0.013475392186478405, -0.038796778772322536, -0.10790397135476074], "aligned_model": [[-0.4881169145206071, -0.03326680076707246, 0.6222385725623448, 0.07029661425625015, -0.46564017975148886, 0.4490161603568993, -0.1742421068897373, 0.5212678029656511, -0.6147113173832324, 0.5882319966202557, -0.08667742258949275, 0.2800031490814734, -0.11357669856317361], [0.1555554234345451, -0.3982062638720909, -0.5058982201592241, -0.6585088209216443, 0.351413052932565, 0.1654835772050435, 0.6394903260295447, 0.6320466716944675, -0.5206908993536896, -0.16995438597543847, -0.1270087096496575, 0.3684018233881656, 0.06579592940997311], [-0.463049248296296, -0.6555486270980341, -0.3601054192943999, 0.15745447650840586, 0.2884395904947088, -0.4537134028218467, -0.1868760456661157, -0.02476225766825979, 0.06091511433196137, 0.2234996779315531, 0.7753479451322381, 0.4968512330278847, -0.07146694078602761]], "inverted": true, "swapped": false, "error_lsq": 0.04533826494412973, "error_max": 0.2641142065201766, "target": "127.xyz", "model": "17.xyz", "model_rescale": 3.7474275329858107, "target_rescale": 3.961267238175228},
{"mapping": [5, 10, 3, 11, 9, 8, 4, 0, 12, 1, 7, 2, 13], "R": [[-0.11258824398457928, 0.11477827031815774, 0.9869902917350509], [-0.7534145602138422, 0.6377551260496295, -0.16010902427784612], [-0.6478351547841871, -0.7616392504724223, 0.01467189031976851]], "T": [0.0438175295789857, -0.005045094855854154, 0.019292726526259373], "aligned_model": [[-0.49381185643430175, -0.1039204781975583, 0.5482280022013856, 0.1568087680841742, -0.49845869905436163, 0.28680628589252494, -0.14471407316539603, 0.6171484189057077, -0.6321411457549949, 0.6360515342802457, -0.16082763172476155, 0.2556509962674123, 0.08800273407799356], [0.051260270643029876, -0.4227767719619431, -0.33072094306564376, -0.7124368906084854, 0.318303254905142, 0.18411124437593693, 0.6983891506978329, 0.6028987411649651, -0.3171380972695204, -0.17376978958265346, -0.356507229268448, 0.3773243905255646, 0.07898217360678188], [-0.46133632563487065, -0.509964391955683, -0.29708441915736206, 0.1118480566212117, 0.2408925966122078, -0.6303462461749841, -0.379282133405417, -0.009661968585075745, 0.0893980073448486, 0.33442647253663654, 0.6533384725615152, 0.5785358604578211, 0.06622211457492333]], "inverted": true, "swapped": false, "error_lsq": 0.04762785963694897, "error_max": 0.3372914286865687, "target": "127.xyz", "model": "18.xyz", "model_rescale": 3.922800546911778, "target_rescale": 3.961267238175228},
{"mapping": [6, 1, 0, 2, 11, 5, 8, 12, 10, 3, 9, 7, 14], "R": [[-0.47860035361443476, 0.877850428103765, -0.017897692537723553], [-0.3767384543405293, -0.186898736949652, 0.9072689783893937], [0.7931014049547809, 0.44096200290349463, 0.4201698150201789]], "T": [-0.030955005230799935, 0.11075693397216906, -0.08189905785899672], "aligned_model": [[-0.5811936206862909, -0.06440256095919503, 0.6313510705281707, -0.05949714161516083, -0.40475235246108726, 0.5528297524139352, -0.13579026303781597, 0.563354836699209, -0.6746248232097164, 0.5197255687514694, -0.03708311318230588, 0.24187501771790368, 0.003030484418953608], [-0.002181402582690617, -0.36412040107626725, -0.371324294651698, -0.5826919985786935, 0.2641298329896263, 0.22901439552350525, 0.5048229094142134, 0.6093001771568044, -0.28847029379808525, -0.04643647675899561, -0.3822575354004141, 0.3092508345383341, 0.11888375738692042], [-0.48221164835666946, -0.6487815867915233, -0.2474012835181511, 0.095422365501161, 0.5046125872252127, -0.5591246331531413, -0.5380922512990847, 0.047964297351726984, 0.1954228368647562, 0.20304019995987105, 0.5658990319785612, 0.6422383386856747, 0.007997841347377868]], "inverted": false, "swapped": false, "error_lsq": 0.05015792002047256, "error_max": 0.29848267097997755, "target": "127.xyz", "model": "19.xyz", "model_rescale": 3.9282355846067225, "target_rescale": 3.961267238175228},
{"mapping": [12, 9, 4, 6, 2, 11, 10, 0, 7, 3, 5, 1, 13], "R": [[0.9828598232413035, 0.0116276628946421, 0.183987405312652], [0.06560436578832976, 0.9106183986420235, -0.40800759704219686], [-0.17228649119296774, 0.4130846517485795, 0.8942474128797746]], "T": [0.03015340803304093, -0.16025552335146276, -0.06592733859060129], "aligned_model": [[-0.6345963390757096, -0.1224803321906785, 0.63336936434728, 0.05948385538676083, -0.4240877523386794, 0.3892405548335363, -0.2425956723277922, 0.6210430231910055, -0.564764182128971, 0.5973038320265042, -0.03856687708721319, 0.2170009200464413, 0.06447246069558532], [-0.013729027663534649, -0.19896427101862518, -0.2684182577944666, -0.7166265303048495, 0.33655538735411183, 0.20742079109354178, 0.6296516061594529, 0.3784737337839129, -0.3146677151127022, -0.14961674980263057, -0.24104246026317572, 0.36234410866200306, -0.013461110930478165], [-0.5752721187227168, -0.7394474937731635, -0.2201971602198566, 0.2752985126234725, 0.409004338167149, -0.5651604706289026, -0.2754243908410099, -0.03733995672941787, 0.03569801420552621, 0.42862526953412416, 0.6243198240156681, 0.43753907357649136, -0.010657345411591843]], "inverted": true, "swapped": false, "error_lsq": 0.04252788254875433, "error_max": 0.25754260417211805, "target": "127.xyz", "model": "20.xyz", "model_rescale": 4.067790424073018, "target_rescale": 3.961267238175228},
{"mapping": [11, 3, 0, 9, 13, 2, 6, 4, 10, 8, 1, 5, 14], "R": [[-0.2645083449654511, 0.10655946009877604, -0.9584781775852257], [-0.939306742980774, -0.2536395295092114, 0.23101911535887315], [-0.2184906818024247, 0.9614114990646843, 0.1671817915674682]], "T": [0.06844601290467847, -0.025178263329096656, -0.03858305101365621], "aligned_model": [[-0.501537150306231, -0.02228582494956194, 0.6109496593729411, -0.1655492845697952, -0.49711167223364416, 0.5453882848412509, -0.040845408233379704, 0.5888225712807381, -0.6092117624292424, 0.5143592486698954, 0.0006359083431549672, 0.12500384146288723, 0.006204444129056304], [-0.011989222489953776, -0.09710807255520283, -0.3824593153682234, -0.7126337273183487, 0.18912979813603417, 0.21433851918599992, 0.6112836172634291, 0.5815976547891626, -0.352860993976381, -0.011964188148565574, -0.3124626343444091, 0.3512383069304263, -0.06819023794140801], [-0.3435051670317915, -0.8813990764872512, -0.3258078287460309, 0.23836655678538915, 0.3140358149723222, -0.5571191748011206, -0.39987041934200074, 0.020609156418654608, 0.2849765093746736, 0.3165995373990796, 0.7270373387151639, 0.41261302445766684, -0.01955017591898312]], "inverted": false, "swapped": false, "error_lsq": 0.03835976444346902, "error_max": 0.194308323692662, "target": "127.xyz", "model": "21.xyz", "model_rescale": 4.186013935880536, "target_rescale": 3.961267238175228},
{"mapping": [3, 6, 1, 2, 11, 7, 4, 10, 5, 9, 8, 9, 12], "R": [[-0.869817437221196, 0.3759594288167603, -0.31948729832299505], [-0.33658000929267834, 0.021296606134387996, 0.9414140172696057], [0.36073747137009726, 0.9263913657040055, 0.10801626867549263]], "T": [0.03502514153718257, -0.06168853471486319, -0.050335838830047004], "aligned_model": [[-0.7907116986654724, -0.12342014160026966, 0.6345574682585451, -0.058745930367842855, -0.3505159097275236, 0.5436534252425765, -0.09329625550845765, 0.4899181628592982, -0.5761498035176896, 0.4578226647085555, -0.034786896886828136, 0.4578226647085555, -0.0013248941253771115], [0.07140882180091809, -0.027703486331224887, -0.45368014608700347, -0.7124082023866425, 0.30032918279097415, 0.17536880872347865, 0.5797751344748728, 0.6376957567938341, -0.5360172090920485, 0.0913511073777562, -0.18116039728518005, 0.0913511073777562, -0.038390973994931285], [-0.44120975604278995, -0.5828703050902592, -0.1987501297938496, 0.29240327922317905, 0.29501506780468056, -0.5230141912196131, -0.36604793701185856, -0.03505890912606373, -0.04630206694603957, 0.3777668154325113, 0.7036673999220687, 0.3777668154325113, -0.06637998678870516]], "inverted": false, "swapped": false, "error_lsq": 0.054235891090541215, "error_max": 0.41081708882494267, "target": "127.xyz", "model": "22.xyz", "model_rescale": 4.166573947596378, "target_rescale": 3.961267238175228},
{"mapping": [9, 10, 5, 12, 3, 7, 8, 0, 11, 1, 2, 4, 15], "R": [[0.7279234569397619, -0.5913053999124416, 0.34711001839655115], [0.6051078545621826, 0.7920790537572522, 0.08034461367240922], [-0.32244677883957723, 0.15155426959806703, 0.9343764649126054]], "T": [-0.02733300013067324, -0.1160428078732896, -0.053766167679697115], "aligned_model": [[-0.5633778213811715, 0.09647923617404427, 0.7576337291310496, -0.24923326060010983, -0.4097372463848386, 0.46068426942734614, -0.1655601022091435, 0.5912749504430344, -0.6912800316639205, 0.5610370011208095, 0.04519175717806107, 0.08431889374902507, 0.03739148039388406], [0.0037143318043948714, -0.1280213420230773, -0.30601328382185333, -0.7274518927159306, 0.16468876445568317, 0.14198392338872276, 0.653631143343867, 0.41365883983470997, -0.3829289780418811, -0.0707736586244759, -0.13876656172225713, 0.4945417819397333, -0.12034356365507601], [-0.29617768429727614, -0.7923244104506554, -0.25074442389437346, 0.025735785784965264, 0.31553510331804896, -0.5083549909228477, -0.2601018584603868, 0.005361919896702393, 0.27795576243245956, 0.34607193283194776, 0.6148391193001566, 0.33939261276470944, -0.030202772507678416]], "inverted": true, "swapped": false, "error_lsq": 0.044617251296011025, "error_max": 0.2567306911702369, "target": "127.xyz", "model": "23.xyz", "model_rescale": 4.274766983524099, "target_rescale": 3.961267238175228},
{"mapping": [6, 11, 7, 5, 9, 2, 1, 3, 8, 10, 12], "R": [[0.9586702700907478, -0.11782323754511025, -0.2589768289606649], [-0.2813061517469587, -0.2561021177970506, -0.9248127130663715], [0.042639913619166164, 0.9594422285652504, -0.2786618879794937]], "T": [0.09255088289564534, 0.04824412588064047, 0.02787701488328019], "aligned_model": [[0.22768440451250502, 0.06348084827006927, -0.47878531161629817, -0.4591570017416498, -0.42822598852353017, -0.5620103262207246, -0.09158339574183971, 0.07425203004527417, 0.7252930003643239, 0.29704902833666236, 0.011897416273283043], [-0.08344024639021835, 0.5993843025851566, 0.4044525663172915, -0.28644165211351613, 0.4859288716682873, -0.10932564986250753, -0.6465649445185132, -0.010945928701978518, -0.09478104948785976, 0.6226500135715517, 0.03467024817578963], [-0.6802920255512243, -0.24891919471264828, -0.6002177601054145, -0.32327322103966033, 0.1841714377963269, 0.39934238002987693, -0.01408140792216124, 0.6994440536825114, 0.504792838108852, 0.45049970857705185, 0.008099625158067128]], "inverted": true, "swapped": true, "error_lsq": 0.03861011555080434, "error_max": 0.20582331742254395, "target": "127.xyz", "model": "24.xyz", "model_rescale": 3.7841303162186577, "target_rescale": 3.961267238175228},
{"mapping": [10, 9, 2, 8, 7, 12, 11, 3, 0, 4, 1, 6, 15], "R": [[0.3143640983268498, 0.6969515352398992, -0.6445415201597914], [-0.7665313121520028, -0.2141667285079347, -0.6054439362077534], [-0.5600044296018346, 0.6843910942779404, 0.46690884431478435]], "T": [0.009799723267917816, 0.00624897520583323, -0.10601076002638414], "aligned_model": [[-0.6702868422671419, 0.05145627903103775, 0.5454312356767085, 0.0021926583230143307, -0.5309863279524621, 0.5258371503385482, -0.2157417052342735, 0.5808583934844134, -0.5023578861616315, 0.5746457762486378, 0.017753866575381617, 0.14439357303594233, 0.031626684279895005], [0.0321165129683883, -0.3126645894853144, -0.5143831656161161, -0.5614748707057602, 0.23951194323329497, 0.06221962733849051, 0.7399895484002424, 0.558806449341528, -0.28455565705749797, -0.05271564269596622, -0.4193719007647501, 0.45512458659886723, 0.05531666260715275], [-0.4829301667249896, -0.59457966831268, -0.21009766979436384, 0.05857827662289118, 0.1695693456647694, -0.6589524987207106, -0.11955344957525048, 0.02655665897428973, 0.33496225310388816, 0.3779070564736408, 0.5037596847686073, 0.4439179929445634, -0.062151719628883446]], "inverted": true, "swapped": false, "error_lsq": 0.04487588237968836, "error_max": 0.2801251751065705, "target": "127.xyz", "model": "25.xyz", "model_rescale": 4.19342608120988, "target_rescale": 3.961267238175228},
{"mapping": [9, 2, 7, 4, 11, 10, 6, 8, 5, 3, 1, 12], "R": [[-0.4053453981292616, 0.40317025825880215, 0.8204564894441152], [0.8934198796618584, -0.015396470894553371, 0.4489586476603207], [0.19363890838470776, 0.9149954598463996, -0.3539594349922809]], "T": [-0.05932073637318673, 0.10069302919408303, -0.03044795739647579], "aligned_model": [[-0.026921535251919523, 0.5354137157541967, -0.04371029962808435, -0.5345060663337707, -0.49171874687007533, -0.5620563547404691, -0.14824999526169563, -0.2955193830776924, 0.4993676259761712, 0.09144827992826714, 0.5739057907919978, 0.00035552334485475234], [-0.5916551315280332, -0.31842321022955355, -0.495348690463773, 0.3831872659577236, -0.2578812778431689, -0.17116990339866306, 0.36029989840069493, 0.6164361614195729, -0.05119680484175469, 0.05797794210039072, 0.42869832284889875, 0.051851855318645876], [0.052067188155538874, 0.2183444008367598, -0.7320911211611723, -0.02479664522657959, -0.28671564905654046, 0.4425414721204182, -0.7100074417458249, 0.5409421994211432, -0.48266410067666426, 0.6255129585404201, -0.1297569637923768, -0.06411783620570076]], "inverted": true, "swapped": true, "error_lsq": 0.04657049148289105, "error_max": 0.2959783563407441, "target": "127.xyz", "model": "26.xyz", "model_rescale": 3.795458400668931, "target_rescale": 3.961267238175228},
{"mapping": [8, 11, 4, 10, 6, 9, 1, 2, 5, 3, 7, 0, 12], "R": [[0.3846109632821252, 0.2905767625444538, -0.8761504163055454], [0.7564928802294812, -0.6431230064787413, 0.11879108005169933], [-0.5289545624014411, -0.7084899036732488, -0.46717141105569693]], "T": [0.05306981892959012, 0.03853497733236373, -0.14258904751400636], "aligned_model": [[-0.6104860308112403, 0.0002012244641697858, 0.5555738853066547, 0.0333382284919459, -0.6443246990088805, 0.40505533891847506, -0.1637336988463449, 0.6076075816733932, -0.5435786812525727, 0.618799086903592, 0.009443989338375203, 0.2738715247935459, 0.013055105406956556], [0.06281033199063676, -0.4062955931439305, -0.6026485802264682, -0.6523863201132613, 0.32850297898071684, 0.18480923351022643, 0.5845526641677381, 0.7146103593585118, -0.28346374880788916, -0.07084092332835641, -0.3163494885643112, 0.46703811002816775, -0.012419519689221295], [-0.44234903740110254, -0.7001778449465947, -0.3303029026960368, 0.030398968209879557, 0.1901967755693924, -0.34028660898904234, -0.2147977096962969, -0.041372144733403116, 0.18480651671169396, 0.3189993693251876, 0.5870422987747385, 0.5348361247746853, 0.009992290892671452]], "inverted": false, "swapped": false, "error_lsq": 0.04496249625723455, "error_max": 0.25272566686121156, "target": "127.xyz", "model": "27.xyz", "model_rescale": 3.6321398670334006, "target_rescale": 3.961267238175228},
{"mapping": [0, 3, 4, 1, 11, 7, 8, 12, 2, 6, 13, 9, 14], "R": [[-0.9511880914317534, 0.1338925467072244, -0.278053952776565], [-0.17762970259648125, -0.9743042205462769, 0.1384881748785707], [-0.2523666053064552, 0.18111894368609185, 0.9505298652668048]], "T": [-0.031419508004911674, 0.08798741517858093, -0.06413006065874093], "aligned_model": [[-0.6051406145608169, -0.11803516151728655, 0.5711435914313642, -0.029190977553963993, -0.5052736512871362, 0.5127192318668863, 0.05592099979529882, 0.6440564715137062, -0.53552211429962, 0.577010583386287, -0.005145569213616259, 0.025725793333054407, -0.03344572751608694], [0.13305426363210154, -0.13720896893489665, -0.4763512728554287, -0.5794617096567817, 0.08722151947888669, 0.12888595648326773, 0.49585367729996266, 0.564493906483045, -0.4797428549664073, -0.019572189229298473, -0.21865178955261783, 0.4638560464349142, 0.03554291954581265], [-0.30542814453547096, -0.7070487157863489, -0.1341786776674489, -0.10624770013250798, 0.3694451931516665, -0.6147004240944576, -0.3691650811316316, -0.07767611905304853, 0.17463041852572592, 0.4071991157456958, 0.692017682957716, 0.48544190714230395, -0.027303359326421743]], "inverted": true, "swapped": false, "error_lsq": 0.04442331423362616, "error_max": 0.26777584349787353, "target": "127.xyz", "model": "28.xyz", "model_rescale": 4.156811204709835, "target_rescale": 3.961267238175228},
