[{"mapping": [1, 0, 9, 8, 10, 7, 11, 3, 13, 4, 2, 12, 6, 14], "R": [[0.8042630922579445, 0.567870187971705, 0.17516942668362423], [-0.014226019617566477, 0.31307535018275534, -0.949621738100906], [-0.5941031045176669, 0.7612537518599993, 0.2598734816820382]], "T": [-0.0655641261846939, 0.06954384325434029, 0.15151783098159077], "aligned_model": [[0.19823153228672394, 0.15674758069956715, -0.42101477986638713, -0.4455524662860477, -0.7322420483103722, -0.06682160512006607, -0.6220273618362165, 0.10929352754977781, -0.38338182729745374, 0.1678508955532527, 0.7116400366265182, 0.07526085449451123, 0.6439930651929552, -0.020485302558459206], [-0.6184939817737919, -0.398280657467483, -0.5056771467098278, -0.32489842785300516, 0.2340793585129931, 0.21592278052797734, 0.3156213429597492, 0.48018312835678256, 0.7380304932173216, -0.13500934041027288, 0.4927485428044259, 0.7507625728313178, -0.18027780168773003, 0.1705624685015775], [0.28225186690884335, -0.29666679391327266, 0.3557883894722459, -0.37659538881788823, 0.4479391628087915, -0.441690037445029, -0.19609209420911028, 0.6349496188700288, 0.283012795440142, 0.8166285508043856, 0.37149223282285015, -0.2768715338322802, 0.1393086707855259, 0.15413264748460032]], "inverted": true, "swapped": true, "error_lsq": 0.04452788621580052, "error_max": 0.27622025307782316, "target": "128.xyz", "model": "0.xyz", "model_rescale": 3.8414455957264533, "target_rescale": 4.300335692046199},
{"mapping": [2, 5, 8, 12, 10, 9, 6, 7, 4, 3, 1, 0, 13, 11, 14], "R": [[-0.5435851222408521, 0.16968938476614168, -0.8220223400711726], [-0.7439437020685983, -0.5508976686378224, 0.37823210710075994], [-0.3886682171606869, 0.817139689029422, 0.4256991256533573]], "T": [-0.12608100595004668, 0.022418681084336173, 0.024238915044426358], "aligned_model": [[-0.4743605702666912, -0.03302734828240539, -0.4433168528532442, 0.17573207051989087, 0.07700937793083745, -0.7670232515257834, -0.5992484531847025, -0.4698912259540804, 0.01901757165726925, 0.4745232484335683, 0.7278995229976063, 0.09633654493130947, -0.27884351764121373, 0.45834820557485056, -0.03968652397398344], [0.38781868219241733, -0.05519559583926853, -0.660461970372731, -0.6258464186740437, -0.5293424411867002, 0.04636049779918511, -0.2626298872879319, 0.5292785194050577, 0.5126448586621216, 0.23486548113343642, 0.15533479322336832, 0.5419758406201539, -0.12782830089218328, -0.22524250090333087, 0.002799531495573538], [-0.5140815395995089, -0.6235572147640135, 0.26369210630683926, 0.2906047746700212, -0.32603991722454134, 0.25689640416129533, -0.5279268701415107, 0.21877076090363692, -0.1613464627254779, -0.4313022672928631, 0.06358932140665977, 0.4782302811982103, 0.7515190949394124, 0.5928968419062898, 0.009573257169993951]], "inverted": false, "swapped": false, "error_lsq": 0.04093267450619123, "error_max": 0.23118605378505475, "target": "128.xyz", "model": "1.xyz", "model_rescale": 4.316132596720782, "target_rescale": 4.300335692046199},
{"mapping": [0, 7, 8, 4, 9, 6, 10, 2, 11, 5, 13, 14], "R": [[0.17230583328616444, -0.45908815961764804, -0.8715209472608454], [-0.40079281129088173, 0.7755327605570206, -0.4877643485540519], [0.8998198832172537, 0.4333439730764556, -0.05037041557501732]], "T": [-0.07172937303397245, 0.05464966719794926, -0.08200077605473313], "aligned_model": [[-0.14759025867830503, 0.4307576478228906, 0.12213759958583689, -0.7264264798695929, -0.5045956489512434, -0.42866178869739324, 0.02251231503638701, -0.14612499619176963, 0.4846613606265612, 0.12625612253667665, 0.38193524577404525, -0.01705256436231286], [-0.5855524006211664, -0.2574876252319303, -0.6090608563695223, 0.3834137284368461, -0.22298206574471638, -0.10857023850465247, 0.3580115157305084, 0.5355554678891764, -0.03229827429751072, -0.19041714488948233, 0.612315086938847, 0.12984923440458387], [0.14938235832405455, 0.07097325520163522, -0.3994647182738431, -0.037472837833583586, -0.5662509423953861, 0.5598635700037634, -0.7591175212900075, 0.6891880257274687, -0.49902300034320857, 0.5651230591011474, -0.3019351100371038, -0.02200767697551477]], "inverted": true, "swapped": true, "error_lsq": 0.04904398188235768, "error_max": 0.2410678979560105, "target": "128.xyz", "model": "2.xyz", "model_rescale": 3.795458400668931, "target_rescale": 4.300335692046199},
{"mapping": [4, 1, 6, 7, 3, 12, 0, 10, 8, 11, 2, 14], "R": [[-0.7737191700656225, -0.4460118744272798, -0.44992449782472244], [0.2196970243367322, 0.4772221673424988, -0.8508773239983031], [0.5942153341765505, -0.757187170299915, -0.27124845762263416]], "T": [0.12196185520204134, -0.02965906343482778, 0.01058002309336327], "aligned_model": [[-0.15974674788098425, -0.33484304952975774, -0.629857170030953, 0.1649665169545444, 0.07926850349079465, 0.18961750406123307, -0.23135259124761792, 0.8083038899943671, 0.3651176303339191, 0.7253978164627854, -0.4926843168714819, 0.10911584000671595], [-0.14740946312640762, -0.605944539008142, -0.056297241779195054, 0.10274641451563944, 0.420060767777047, 0.6574917337952846, -0.41492656717756576, -0.06829368556580069, -0.5257040887620696, 0.03493737421139491, 0.6088729771071666, 0.08023536330235774], [-0.6568568302979783, -0.12834411413214014, 0.020060870217785493, 0.6055113957491909, -0.4677874781171637, 0.447220121617152, 0.453174158815219, -0.28410450456864417, 0.533737760916658, 0.3609091105024046, -0.20395245051941413, 0.009203390456030535]], "inverted": true, "swapped": true, "error_lsq": 0.044575601610473, "error_max": 0.22612365829080985, "target": "128.xyz", "model": "3.xyz", "model_rescale": 3.7530521520055578, "target_rescale": 4.300335692046199},
{"mapping": [10, 4, 3, 2, 13, 1, 11, 9, 8, 5, 14], "R": [[0.6430145921849455, 0.4477780015241889, -0.62131078824388], [0.6902826120149527, 0.012537088079048575, 0.7234312247700623], [0.33172601614441144, -0.894056867751432, -0.3010318379166164]], "T": [-0.04641226207609598, -0.004794179277281561, 0.07295937766959242], "aligned_model": [[-0.4295701317272855, -0.17400093732226946, 0.26759350717493, 0.7291455935104268, 0.19837355625477493, -0.39421966721030316, -0.16726126703872066, -0.7380833424317202, -0.4756055996131549, 0.46606121666416506, 0.05576667418436206], [-0.6411520245837269, 0.15639010260432998, -0.2715950373559677, 0.19072124264485724, -0.7149056759804228, 0.6259041899288786, -0.4848199752342226, 0.10543732699721517, 0.11894395725780052, 0.42656328339749255, -0.044284031361887945], [-0.014423305024142935, -0.6316239063832491, -0.43999656009263793, -0.36501436390222525, 0.041416020343600604, -0.13032653493169705, 0.5689522020124058, -0.01864273577940896, 0.6888825622932118, 0.33625945334854657, 0.057347945360912436]], "inverted": true, "swapped": true, "error_lsq": 0.04721598861929956, "error_max": 0.23375465826848432, "target": "128.xyz", "model": "4.xyz", "model_rescale": 3.7855080009869324, "target_rescale": 4.300335692046199},
{"mapping": [5, 3, 1, 12, 2, 4, 0, 7, 10, 9, 15, 8, 6, 13, 16], "R": [[0.9505563486981148, -0.015254751743588948, 0.3101772404593056], [0.09986531600516327, 0.9607566936302744, -0.2587923768270858], [-0.2940570465214144, 0.2769726849237394, 0.9147767952879206]], "T": [-0.019227478418747668, -0.05158015642957002, 0.0859047099991903], "aligned_model": [[-0.5493154964674323, -0.05784961180225437, -0.45718828263360795, 0.18704948340300853, 0.09797779916019583, -0.7475256491142763, -0.6204059357370799, -0.4850949326161606, 0.10497703403544806, 0.407861470897209, 0.7271651304121447, 0.27015110274811893, -0.3261818271835846, 0.3499013941983479, 0.021947119063150916], [0.3241545993910643, 0.0066025448134827, -0.6684952450865711, -0.6611604569787715, -0.4960155454766016, -0.07105600397298474, -0.3010901948910331, 0.5181061358175242, 0.6188374079363539, 0.06984603967555679, 0.29542929927241535, 0.45804839147966037, 0.05399882616856748, -0.15075899829270673, -0.07191571048083178], [-0.39672696219911174, -0.6051377702349909, 0.059258015116570695, 0.30709904811407973, -0.4924773397300075, 0.21319669635088606, -0.3439825850954924, 0.22659769284228914, -0.17115131998252853, -0.470660405257483, 0.1283383973464167, 0.47558233815020534, 0.6522166154672456, 0.701351760201332, 0.0580143898250331]], "inverted": false, "swapped": false, "error_lsq": 0.03541086069495156, "error_max": 0.2058476796875556, "target": "128.xyz", "model": "5.xyz", "model_rescale": 4.2253639853439635, "target_rescale": 4.300335692046199},
{"mapping": [10, 4, 0, 8, 1, 5, 7, 11, 2, 3, 6, 12, 13, 14], "R": [[-0.8297867303945928, -0.1977525423664361, -0.5218696331926799], [0.09402309390734706, 0.8722114475310389, -0.4800071339135494], [0.5501032992749103, -0.4473713477452717, -0.7051561793981795]], "T": [0.08569126724096765, -0.09847782175387104, -0.058902699066941164], "aligned_model": [[0.8010227031462003, -0.07119714225670304, -0.4090557797791481, 0.13175484958483957, -0.42355913194322814, -0.46251876215824395, 0.029307714141212554, 0.6081436746872283, -0.35729524893579273, 0.21628731632632245, -0.6462035660883597, 0.17788615967315824, 0.6875236218652964, 0.09196574449500144], [-0.16005203902696274, 0.18783108366022122, -0.5472566444061127, -0.8257258964836751, -0.40744398254476455, 0.009350992453901905, -0.2793322878053097, -0.3583766132410851, 0.6941307122305735, 0.5190909081339188, 0.05930201505122454, 0.25863366433920965, 0.29671830533611526, -0.001771071062264748], [-0.26844158845604227, -0.7162535069232386, 0.09267119145946025, 0.15988441426407374, -0.5119805385873845, 0.3948196470463708, 0.521990153998908, 0.32908470887461094, 0.025192034527865767, -0.24453580739640568, -0.1328405226323272, 0.6700551659055205, 0.15741016707304706, -0.00549731022301031]], "inverted": true, "swapped": true, "error_lsq": 0.045413760467420065, "error_max": 0.3495196767264101, "target": "128.xyz", "model": "6.xyz", "model_rescale": 3.89814844738969, "target_rescale": 4.300335692046199},
{"mapping": [6, 2, 12, 1, 7, 3, 4, 0, 9, 10, 13, 8, 14], "R": [[-0.7285351638240782, 0.4686401569860206, 0.499612768383617], [0.477202255169758, -0.17603818003108673, 0.8609811652017948], [0.49144127088872075, 0.8656713940240032, -0.09538613544859803]], "T": [-0.07221821066877154, 0.09951589137767841, 0.02970934332145674], "aligned_model": [[0.024547096072391, 0.04037891213699743, 0.5705528588936436, -0.3494951083254074, 0.5193487325695414, -0.34575480547604226, -0.6944279239535955, 0.2430219315208212, -0.5251471352455637, -0.44739841455997725, -0.05479218243309031, 0.19988957841353483, -0.03209173870903037], [-0.43097694376093293, 0.1765432047770056, 0.5544349096252734, -0.594944625240077, 0.11385752742992322, 0.47835023642928226, -0.05296435670174121, -0.495411886129908, -0.21231854847185966, 0.5914335694142452, 0.8510738478079205, -0.18457158808842355, 0.169275918379777], [-0.4949287728956932, -0.8719147173624405, -0.18778116121985575, -0.0005842060340035642, 0.18191584396091617, -0.4335059256308377, -0.3284829145277426, 0.15555173994411958, 0.47306640819086887, 0.4500113849971068, 0.024196661250774566, 0.6809628054294227, -0.04623211526633915]], "inverted": false, "swapped": true, "error_lsq": 0.05166936574470366, "error_max": 0.3322197639142468, "target": "128.xyz", "model": "7.xyz", "model_rescale": 3.7474275329858107, "target_rescale": 4.300335692046199},
{"mapping": [5, 8, 0, 1, 2, 6, 3, 7, 9, 4, 13, 11, 10, 12, 14], "R": [[-0.8815685706094334, -0.4614491118213931, -0.09950664557147905], [0.04790576085008573, 0.12225169070006375, -0.9913423032426036], [0.46961888099927895, -0.8787031588199871, -0.08566717742964175]], "T": [-0.03034852659283708, -0.026907986171845512, 0.07466750804703168], "aligned_model": [[-0.5546336093478205, 0.002027359175042917, -0.4345286452607356, 0.13276375627035286, 0.21458703411846466, -0.8415225155401225, -0.5329806832371393, -0.4689977505072392, -0.08045726529957983, 0.5288960380763348, 0.8615594604168104, 0.10223447156721804, -0.3748775978782667, 0.35078336351785533, 0.01861538229205248], [0.29272032774370377, 0.1355938975276462, -0.5087116230563101, -0.7579569536540381, -0.5739487426335159, -0.06379371533096898, -0.302351589046453, 0.4645519343395983, 0.7051804660297566, 0.0030113948167717584, 0.06895040499083838, 0.48999321924578243, 0.08145451434957124, -0.05690688769026826, -0.053255558256990104], [-0.2940930605689618, -0.5869632467334474, 0.2714336758337422, 0.13601577919000185, -0.5163845012708708, 0.16169796844736248, -0.35617616862371304, 0.2476751287294606, -0.129968883014481, -0.471753751948196, 0.13317511648105568, 0.3935951613268326, 0.7416162671044331, 0.5589000627639719, 0.0527490231972539]], "inverted": true, "swapped": false, "error_lsq": 0.042014574072000835, "error_max": 0.2676370023662231, "target": "128.xyz", "model": "8.xyz", "model_rescale": 4.019505241142653, "target_rescale": 4.300335692046199},
{"mapping": [4, 13, 9, 1, 6, 0, 8, 2, 5, 12, 11, 7, 14], "R": [[0.6386140729669235, -0.4875914498199688, 0.5953374201837627], [-0.366729703213895, -0.8729758197355274, -0.3215937545067268], [0.6765215374171363, -0.01295361800985148, -0.7363089115250537]], "T": [-0.09063675616927834, -0.04317372689693884, -0.08297522902460182], "aligned_model": [[-0.2586329265377782, -0.7634151901572835, 0.08466560562903543, 0.4216802905611965, 0.3402455331109104, 0.5923813000537489, 0.3812631137366031, -0.26438374700291634, 0.31502440242279983, -0.2826518880026815, -0.2521844074884556, 0.15598014636702018, -0.15027146095102323], [-0.6011886289034434, 0.18123372350740158, 0.12812673057667484, -0.36160098677417174, -0.6470260489459879, -0.011274632395776349, 0.5440038767908499, -0.8023351684732865, -0.277261765675867, 0.09011149501147993, 0.6216613777397001, 0.27790282502872515, -0.07897456937224001], [-0.5291741788481539, 0.1663917554800753, -0.7454524367694786, -0.5259322360174716, 0.04246061772834202, -0.04271980542864669, -0.18980402330102347, 0.3913908265461494, 0.4635291821014888, 0.6998231609604734, 0.06846706553064923, 0.37464240708748514, 0.003081158973989792]], "inverted": true, "swapped": true, "error_lsq": 0.052990011582780015, "error_max": 0.2765970526737528, "target": "128.xyz", "model": "9.xyz", "model_rescale": 3.877068213659057, "target_rescale": 4.300335692046199},
{"mapping": [8, 7, 5, 3, 4, 0, 1, 11, 9, 2, 13, 10, 12, 6, 15], "R": [[0.09534283265910504, 0.1927865192402076, -0.9765977177219816], [0.3335362488364405, -0.9305441460104342, -0.15113293167879646], [-0.9379036810742636, -0.3113212975768873, -0.15302200724859572]], "T": [0.032141944438161166, 0.021893663846958598, 0.0507883217137908], "aligned_model": [[-0.43758074555519055, -0.15278043155073245, -0.41783043026532957, 0.18769044148436043, 0.19557624905887322, -0.7508401563246911, -0.5912695425696413, -0.46054557297787174, 0.12211573028558102, 0.40372615422008856, 0.8019065262632051, 0.13251377571576844, -0.3509295072971958, 0.29710227181449966, -0.05538596393849654], [0.43938254498491874, -0.11280861380082088, -0.6076304297819194, -0.5613226797543527, -0.47798817267253, -0.0005888850163683311, -0.4214083608978535, 0.4838969762477449, 0.6319921031355901, 0.19657677109460622, -0.04340645527534846, 0.5736135279641854, -0.1364583880647666, -0.058281238996849755, 0.01896239020888852], [-0.3968572573324918, -0.7327584737438457, 0.1613311631236748, 0.24681052543370324, -0.37523756639163697, 0.19291362036040408, -0.3587822374421441, 0.3482227275528459, -0.1844347981905072, -0.4705238161005444, 0.07971718228587495, 0.4852321805544083, 0.6723799129006748, 0.6018532770461519, 0.07165213085787556]], "inverted": true, "swapped": false, "error_lsq": 0.033078215057081334, "error_max": 0.20521560079271145, "target": "128.xyz", "model": "10.xyz", "model_rescale": 4.260839863003843, "target_rescale": 4.300335692046199},
{"mapping": [12, 5, 6, 2, 4, 3, 13, 7, 0, 1, 9, 14], "R": [[-0.08090138170136285, 0.9052256975017092, 0.4171587264116082], [0.986933450421409, 0.014240866248066586, 0.16049785720624885], [0.13934608311001476, 0.4246923996389025, -0.8945496268015811]], "T": [0.09385260768996069, 0.18381040656990758, 0.025636149224024705], "aligned_model": [[0.45858670397033435, 0.18785329437598547, -0.2941308557123618, -0.45067416150139455, -0.6132328005214714, -0.36039036880942726, 0.22317783245845257, 0.6124471973415813, 0.30456463582385496, -0.23118691098109967, 0.04250378484599977, 0.07938029780367722], [-0.05138479017788186, -0.507734215590001, -0.4520771555925781, -0.2752576432763961, 0.3119795377787435, 0.3632585564386928, 0.6260664295685656, -0.10808197654206822, -0.3157196787907437, -0.07680163585414237, 0.4946739185128767, 0.16415715905786674], [-0.6665056997005361, -0.15030464574454558, 0.13121628998630339, -0.5438235851928276, 0.1749671448113314, -0.4152354816274373, -0.5683823810907076, -0.11286452932725591, 0.4442312417715221, 0.6473324262703735, 0.6578370594568461, -0.08228976221756185]], "inverted": false, "swapped": true, "error_lsq": 0.04940141231028447, "error_max": 0.3468426961511689, "target": "128.xyz", "model": "11.xyz", "model_rescale": 3.890672605050136, "target_rescale": 4.300335692046199},
{"mapping": [6, 2, 5, 1, 0, 10, 3, 9, 4, 13, 7, 12, 11, 14], "R": [[-0.6246636748535899, 0.3170457278352876, -0.7136366721096956], [-0.6069259213123189, 0.3779199846407366, 0.6991547834695394], [0.49136159735738566, 0.8698611910359827, -0.04364961594172828]], "T": [0.08360976438151463, -0.054454732369259136, 0.18641691309884104], "aligned_model": [[0.6025685284737055, 0.004801345707452526, 0.46908482231323145, 0.6864777154154265, 0.7420740745292063, -0.47050796525667254, -0.3672897401068154, 0.2893955384619143, 0.0647645457663234, -0.6400364340254372, 0.22132483315063972, -0.20578597470150156, -0.21027162044934106, 0.02327616551556185], [-0.07129382656336045, 0.10762309759825969, 0.4393246676017225, -0.4925763487534558, 0.09988807673451411, -0.3128209615294499, -0.20876702935391955, -0.5865642920127563, -0.681055218735551, 0.1473684084089189, 0.5162976513348733, 0.6881647551046534, 0.282134315832905, 0.004429224160410472], [-0.3580365484464233, -0.7074831238498602, -0.16800676097887066, 0.11804097346572619, 0.2948363118485436, 0.6172271113574461, -0.2672167132247346, 0.6029051449689855, -0.19530750996618076, 0.2142919444868605, 0.35553292660392594, 0.007044441353648262, 0.7262128679413835, 0.11474936979641141]], "inverted": false, "swapped": true, "error_lsq": 0.05014530244081332, "error_max": 0.2723132668016623, "target": "128.xyz", "model": "12.xyz", "model_rescale": 4.124412569039231, "target_rescale": 4.300335692046199},
{"mapping": [3, 4, 9, 2, 10, 13, 6, 12, 0, 5, 11, 8, 14], "R": [[-0.6470519922841573, -0.7535332459538746, -0.11623840382300532], [0.16725462445131975, -0.2890231558403058, 0.9425982739151171], [-0.7438747272765426, 0.5904686804821468, 0.31304492886632357]], "T": [0.15317023835904534, 0.1627923927534162, 0.028113785058551048], "aligned_model": [[-0.17005233137293477, -0.1950770417665453, 0.5195761092613009, -0.6971810444708557, 0.7147805895607272, 0.35441618733560953, -0.502417386611815, 0.031512248932902345, 0.09058464754837411, -0.29888734678763174, 0.7398479130603767, 0.68301681062397, 0.09717895219627923], [-0.2551979428283405, 0.34701052860849946, 0.6677289254417341, -0.1663830586915502, -0.1121648153081197, -0.5505097766044723, 0.5066666864256788, -0.4592688192691987, 0.6884747991225475, 0.20177328328571603, -0.1298566145375943, 0.5403101705054889, 0.06890201035808823], [0.4201818465683947, 0.6473749232310168, 0.359379013069647, 0.0372507338555638, 0.43846648792717163, 0.15410386882365096, -0.10600057601609875, -0.4872960156836789, -0.4065041712460693, -0.5305897917642314, -0.21928062296785764, -0.3663762073576344, 0.010988592527964441]], "inverted": true, "swapped": true, "error_lsq": 0.04255697451520219, "error_max": 0.23467199473561, "target": "128.xyz", "model": "13.xyz", "model_rescale": 3.9028299243045295, "target_rescale": 4.300335692046199},
{"mapping": [13, 5, 7, 3, 4, 14, 10, 11, 12, 8, 2, 1, 9, 6, 15], "R": [[0.06752441506536344, 0.38642901780870303, 0.9198440452410844], [-0.5534254469525783, -0.752605812659182, 0.35679793359400425], [0.8301570502232815, -0.5331576736266802, 0.1630403846216235]], "T": [0.04784598140995497, -0.021427875501603078, -0.015837830068212124], "aligned_model": [[-0.47667869788445416, -0.027425982132295634, -0.4217310309044243, 0.3706207553020002, 0.02641355516677324, -0.7918274893785713, -0.5786837883611747, -0.29909372523770217, -0.04088261352538451, 0.49942393512734307, 0.7477584061823096, 0.21030192921100677, -0.44108524969219687, 0.1682169895449362, -0.021858195054937912], [0.31060231637235275, 0.019744760772532198, -0.7207500108271347, -0.5229512441709224, -0.5909163394623002, 0.23874409454452106, -0.36593319330415464, 0.4912404564238735, 0.6371169890095044, 0.2728658444868376, 0.18443906892773976, 0.3644483115002603, -0.14979469370049409, -0.17586326154790108, -0.0684620096495899], [-0.5131115618201272, -0.5205563448681793, 0.31743973651377455, 0.16576668875130476, -0.3826985862192687, 0.08569867193585386, -0.22590718919817343, 0.38747434397307967, -0.22244418724952875, -0.5689885488143833, 0.08361652326231615, 0.4810589288986492, 0.5717961271722536, 0.6213974437408704, 0.060976524836002424]], "inverted": true, "swapped": false, "error_lsq": 0.045625562241177885, "error_max": 0.2577284783981607, "target": "128.xyz", "model": "14.xyz", "model_rescale": 3.942246331269136, "target_rescale": 4.300335692046199},
{"mapping": [7, 8, 10, 4, 11, 9, 6, 2, 0, 8, 12, 1, 5, 3, 14], "R": [[-0.38120546779059483, -0.7972559281434792, 0.4680442034323608], [-0.7561823617271106, -0.02236429303913401, -0.6539786496588931], [0.5318558330406494, -0.6032270082124467, -0.5943454798546867]], "T": [-0.03389087855903022, -0.120033309821222, 0.07551993914953115], "aligned_model": [[-0.5866916927398826, 0.08555017311890756, -0.4026791080361029, 0.1615911430628393, 0.08119449016080957, -0.8379301085126007, -0.35545861288820013, -0.40606778274639566, -0.0030009588626381187, 0.08555017311890756, 0.7381564388334406, 0.3305356401373714, -0.24375315671080874, 0.2866415610659083, -0.01016940063832781], [0.3520622495628832, 0.125745489483314, -0.7198281244083976, -0.6307580328876459, -0.6066207785322731, -0.14459405476280474, -0.2216975763479312, 0.5341872784249398, 0.5844855434290431, 0.125745489483314, 0.11240627733214893, 0.4069150626641827, 0.1884609655435881, -0.15669438051103995, -0.025284319098196395], [-0.3744984502300968, -0.6484742205467195, 0.1905935600913588, 0.28673313332535966, -0.43838571158466766, 0.10838318055912705, -0.3706279718490653, 0.20251479158001723, -0.13284627966805815, -0.6484742205467195, 0.20965060750620512, 0.5716652414415341, 0.5889093278840476, 0.7177526473983464, 0.07862293555377498]], "inverted": false, "swapped": false, "error_lsq": 0.047737109081689925, "error_max": 0.3476110949822861, "target": "128.xyz", "model": "15.xyz", "model_rescale": 4.355366556412066, "target_rescale": 4.300335692046199},
{"mapping": [0, 7, 8, 4, 9, 6, 10, 2, 11, 5, 13, 14], "R": [[0.17230583328616444, -0.45908815961764804, -0.8715209472608454], [-0.40079281129088173, 0.7755327605570206, -0.4877643485540519], [0.8998198832172537, 0.4333439730764556, -0.05037041557501732]], "T": [-0.07172937303397245, 0.05464966719794926, -0.08200077605473313], "aligned_model": [[-0.14759025867830503, 0.4307576478228906, 0.12213759958583689, -0.7264264798695929, -0.5045956489512434, -0.42866178869739324, 0.02251231503638701, -0.14612499619176963, 0.4846613606265612, 0.12625612253667665, 0.38193524577404525, -0.01705256436231286], [-0.5855524006211664, -0.2574876252319303, -0.6090608563695223, 0.3834137284368461, -0.22298206574471638, -0.10857023850465247, 0.3580115157305084, 0.5355554678891764, -0.03229827429751072, -0.19041714488948233, 0.612315086938847, 0.12984923440458387], [0.14938235832405455, 0.07097325520163522, -0.3994647182738431, -0.037472837833583586, -0.5662509423953861, 0.5598635700037634, -0.7591175212900075, 0.6891880257274687, -0.49902300034320857, 0.5651230591011474, -0.3019351100371038, -0.02200767697551477]], "inverted": true, "swapped": true, "error_lsq": 0.04904398188235768, "error_max": 0.2410678979560105, "target": "128.xyz", "model": "16.xyz", "model_rescale": 3.795458400668931, "target_rescale": 4.300335692046199},
{"mapping": [6, 2, 12, 1, 7, 3, 4, 0, 9, 10, 13, 8, 14], "R": [[-0.7285351638240782, 0.4686401569860206, 0.499612768383617], [0.477202255169758, -0.17603818003108673, 0.8609811652017948], [0.49144127088872075, 0.8656713940240032, -0.09538613544859803]], "T": [-0.07221821066877154, 0.09951589137767841, 0.02970934332145674], "aligned_model": [[0.024547096072391, 0.04037891213699743, 0.5705528588936436, -0.3494951083254074, 0.5193487325695414, -0.34575480547604226, -0.6944279239535955, 0.2430219315208212, -0.5251471352455637, -0.44739841455997725, -0.05479218243309031, 0.19988957841353483, -0.03209173870903037], [-0.43097694376093293, 0.1765432047770056, 0.5544349096252734, -0.594944625240077, 0.11385752742992322, 0.47835023642928226, -0.05296435670174121, -0.495411886129908, -0.21231854847185966, 0.5914335694142452, 0.8510738478079205, -0.18457158808842355, 0.169275918379777], [-0.4949287728956932, -0.8719147173624405, -0.18778116121985575, -0.0005842060340035642, 0.18191584396091617, -0.4335059256308377, -0.3284829145277426, 0.15555173994411958, 0.47306640819086887, 0.4500113849971068, 0.024196661250774566, 0.6809628054294227, -0.04623211526633915]], "inverted": false, "swapped": true, "error_lsq": 0.05166936574470366, "error_max": 0.3322197639142468, "target": "128.xyz", "model": "17.xyz", "model_rescale": 3.7474275329858107, "target_rescale": 4.300335692046199},
{"mapping": [2, 3, 4, 13, 5, 7, 6, 9, 12, 0, 11, 10, 8, 14], "R": [[0.3879662308357572, 0.633750703505003, 0.6692101684359035], [-0.8118045314588052, -0.10883095230199577, 0.5736978529888279], [0.43641219785203766, -0.7658432408972187, 0.4722589585576956]], "T": [0.05330599948688587, 0.05275044182782744, 0.032677637866743575], "aligned_model": [[0.5729959473749499, 0.21541838606171732, 0.6112853761839441, -0.43737274641570667, 0.27293610941524815, -0.26509959565306596, 0.7186187446137802, 0.11439201502801628, -0.31950872802515506, 0.24493680018448222, -0.6427706588219722, -0.41938552010332675, -0.29688029875311694, 0.04528181679308187], [-0.5440459359487078, -0.02243291898534891, 0.39026864739470263, -0.05915785033685862, -0.5764465072233242, -0.3549169802837901, -0.24803654648868173, 0.7094564156000795, -0.6552018034670444, -0.0642357233777152, 0.06425552473663794, 0.5314856986129931, 0.2202292447892955, -0.03081302351100447], [-0.4204158485294792, -0.6005467705824485, -0.3041269390545487, -0.52578840448635, 0.30452147352884806, 0.35786850432262596, 0.2141093455178407, 0.2855740164120516, -0.13230987053154117, 0.6797816402188123, 0.11257161391592693, -0.2940826332982056, 0.687047429238437, -0.03940883801031422]], "inverted": true, "swapped": true, "error_lsq": 0.04425731163964501, "error_max": 0.3108669310668332, "target": "128.xyz", "model": "18.xyz", "model_rescale": 3.922800546911778, "target_rescale": 4.300335692046199},
{"mapping": [3, 0, 10, 6, 1, 9, 2, 7, 12, 5, 8, 13, 11, 4, 14], "R": [[0.8095994731713791, 0.5599582413716003, -0.17605527813914085], [0.2620314415760798, -0.6131585450650957, -0.7452356152514563], [-0.5252506227185143, 0.5572103431682509, -0.6431395002642376]], "T": [0.014850574073164868, -0.012369755020363523, 0.013503726257679236], "aligned_model": [[-0.3659442689577608, -0.19577455807081626, -0.36947065251662664, 0.33582117820073226, 0.21007877338161746, -0.7931933220190648, -0.5214574691360587, -0.49158788838630657, 0.12914178598207754, 0.40854146060458524, 0.6222872549375611, 0.1866290645224463, -0.3357669995617885, 0.16160070133147433, -0.05743626194884381], [0.3490168838370868, 0.03787870408054034, -0.5903712698057391, -0.5951672313929092, -0.560629288711775, -0.0984971089579765, -0.4221623642278611, 0.5681649383527579, 0.7520790484193256, 0.26607555625289736, 0.008247641367137185, 0.38154700970071115, 0.06614723560019753, -0.2866696268431826, 0.04887096170391389], [-0.35193331122138205, -0.7936857073601015, 0.42437121214775986, 0.19541783987421027, -0.4439680847286382, 0.06239469481813016, -0.22643931493291444, 0.22495247321664777, -0.13199400694298916, -0.5781122088537377, 0.08411715081891555, 0.5493539660736496, 0.6284395050273274, 0.6670258143004785, 0.03157854867708808]], "inverted": true, "swapped": false, "error_lsq": 0.04294575071293629, "error_max": 0.28893650047848585, "target": "128.xyz", "model": "19.xyz", "model_rescale": 3.9282355846067225, "target_rescale": 4.300335692046199},
{"mapping": [5, 7, 11, 0, 6, 8, 9, 10, 4, 3, 12, 2, 13, 14], "R": [[-0.8221601845944083, -0.33546487655160084, -0.45990862947753863], [-0.5663335269402023, 0.5637777526913172, 0.6011829853162839], [0.057610477616140354, 0.7547303903849024, -0.6535006279249417]], "T": [-0.012965348359896465, -0.023304360053647083, -0.02681782305103651], "aligned_model": [[-0.5609576600631717, -0.028887378649473997, 0.5508550108066596, -0.43177498082586935, -0.7616598961919169, 0.14587044534613594, 0.1440794848404392, 0.6987389676644714, -0.2252953485696947, 0.0199296446385315, 0.041034978083058865, -0.567237385711819, 0.5278313865091914, -0.02000444879186627], [-0.4797850866767084, -0.6266784034621248, -0.42211895958937484, -0.2624091237435805, 0.040654496373761895, -0.3463621412243113, 0.3979049608933771, 0.2064052252138779, 0.6618602008434067, 0.25846344172020386, -0.6856296965948749, -0.007346722697893104, -0.15080199709645034, -0.06127410653447324], [0.06990357791942921, -0.12173990892281038, -0.14552606358456163, -0.5132118199507354, 0.010559502175595304, -0.6971045359128817, -0.571676009992015, -0.016451214060521798, 0.1286245857218141, 0.566841119776532, 0.44838444326827, 0.697105604044362, 0.4795976803655946, 0.07687619639561129]], "inverted": true, "swapped": true, "error_lsq": 0.0440034552718152, "error_max": 0.2849742721659482, "target": "128.xyz", "model": "20.xyz", "model_rescale": 4.067790424073018, "target_rescale": 4.300335692046199},
{"mapping": [8, 4, 13, 11, 6, 1, 5, 7, 0, 2, 3, 12, 9, 12, 14], "R": [[0.20333128527950653, -0.9768491988701085, -0.06649835406542912], [0.39888576201965265, 0.14467056733819902, -0.905516745181471], [0.8941736617036901, 0.15759463700542245, 0.41906728946858174]], "T": [-0.09503241245482678, -0.05463078040044915, -0.029787282895243083], "aligned_model": [[-0.48976177265444454, -0.177768555032635, -0.3836654162571721, 0.2624761768377554, 0.3009865663640075, -0.8621072806621884, -0.5335710126896545, -0.4972005293883907, 0.1248023402696314, 0.3857751727461677, 0.7488768323083242, 0.26573451311660845, -0.37695636175138275, 0.26573451311660845, -0.10988638796000735], [0.24868854042351235, -0.032297403852688464, -0.6625955878619183, -0.4758380600619201, -0.49867413364886465, -0.005239009272543532, -0.28910026332112687, 0.5440570749884637, 0.6176221117643366, 0.21928088104778942, 0.0032513062007437643, 0.0855965837077783, 0.16242756193529462, 0.0855965837077783, -0.07824509638151012], [-0.307913187004056, -0.8267367453704989, 0.1630683291091057, 0.3060762163441937, -0.4697320198186005, 0.25737417132228557, -0.3478660129934278, 0.16125620623935635, -0.09464682337786164, -0.5272994930718236, 0.06083207102432513, 0.6314217450729785, 0.6611935144532666, 0.6314217450729785, 0.043068853912222566]], "inverted": false, "swapped": false, "error_lsq": 0.050863470762925155, "error_max": 0.468218828380589, "target": "128.xyz", "model": "21.xyz", "model_rescale": 4.186013935880536, "target_rescale": 4.300335692046199},
{"mapping": [4, 9, 1, 2, 12, 6, 3, 13, 0, 8, 11, 5, 14], "R": [[0.8309650463561798, 0.3450928555744335, 0.4363576661017372], [0.17793481803952674, -0.9080198772876994, 0.3792612595291957], [0.5271017854869328, -0.23750962818781612, -0.8159368138860833]], "T": [-0.10810527452806432, -0.02030543468377343, -0.03060858537996509], "aligned_model": [[0.09835016754651715, -0.2834921552718613, 0.34358422758340856, 0.46251620138385985, -0.14199323622685436, 0.6403064247232028, -0.1311015986250557, -0.6352263487511548, 0.3025653384849878, -0.27797890957357574, -0.6690005896881601, 0.4481904078915797, -0.09814589405366862], [-0.4239176595812065, 0.31798472602596617, 0.25278121423030897, -0.6856299118026489, -0.20495505961484634, -0.06734559881224822, -0.6771193999921821, -0.44734408953482857, 0.5273172815679172, 0.7200241759260004, 0.23358793838275693, 0.07485855850219975, -0.10128551575109526], [-0.6078175330709937, -0.6253774688919764, -0.56115157337887, 0.22093015368892577, 0.7644789586427776, -0.09142369117276693, -0.061796710265117, 0.2933586635360038, -0.0058957397694198825, 0.013373599048284963, 0.30401467909587626, 0.4160503281010823, 0.044135895771538994]], "inverted": true, "swapped": true, "error_lsq": 0.056053640610314176, "error_max": 0.3551654376772457, "target": "128.xyz", "model": "22.xyz", "model_rescale": 4.166573947596378, "target_rescale": 4.300335692046199},
{"mapping": [2, 6, 0, 7, 5, 4, 1, 3, 11, 12, 14, 9, 8, 10, 15], "R": [[-0.2878222975421823, -0.5485724369795704, -0.785001023199228], [-0.880565980402257, 0.47385133920955075, -0.008274206156933805], [0.37651278755940243, 0.6888636945837767, -0.6194392069353034]], "T": [-0.022430180874949177, 0.056988398514484236, 0.03774586802096189], "aligned_model": [[-0.5025452334964321, -0.03969412143631772, -0.5185588377154294, 0.056359046690845405, 0.12403139131275025, -0.7347623411812148, -0.4349886063364381, -0.41804275803206625, 0.021395245091912193, 0.36571307195001623, 0.7619208574414351, 0.15707669843140826, -0.36831942441005305, 0.5006824754016438, -0.04679866534883184], [0.2262534905121497, -0.05721544123157423, -0.5778423565211709, -0.5929813826729982, -0.7068618093812136, -0.005935565513782375, -0.3547027720564577, 0.4944672639980436, 0.8281670135115595, 0.3864122523998667, 0.15108860959004833, 0.4490130555718994, -0.008834612625599488, -0.3125573275150507, 0.006060671309404263], [-0.4023087922956676, -0.7144290260764241, 0.1704185146386255, 0.3253587829133525, -0.25575685593803665, 0.20649710952446035, -0.37262589821278624, 0.15406260398954985, -0.12180413428684003, -0.3748145457452817, 0.0815221422775734, 0.4555294421628887, 0.7658304116231127, 0.42598592046355777, -0.001947104123640464]], "inverted": true, "swapped": false, "error_lsq": 0.043131600143526225, "error_max": 0.3340115728295483, "target": "128.xyz", "model": "23.xyz", "model_rescale": 4.274766983524099, "target_rescale": 4.300335692046199},
{"mapping": [10, 11, 12, 3, 5, 6, 4, 1, 9, 8, 14], "R": [[-0.7846215516316576, -0.5362098264910138, 0.3112041816711451], [0.39930698542809573, -0.8210572626889615, -0.4079447300481236], [0.47426042645729644, -0.19581622343459404, 0.8583315528025034]], "T": [-0.06111709062573685, 0.09318715924388343, -0.006707723075496615], "aligned_model": [[0.4929860151571243, 0.26959795536354497, -0.552733263622169, -0.3337641841034506, -0.6481928160588574, -0.5749716776642314, -0.08191903569922936, 0.035778609736225, 0.5405397203912379, 0.3787275797824859, -0.1461541993246055], [-0.02894021845451139, 0.5809563971006132, 0.5624092827379363, -0.3615863688871963, 0.41389721194586904, -0.07979934486465126, -0.6268731058563487, -0.176299261236871, -0.09933181882219219, 0.6376680161671223, 0.09348574141371328], [-0.49399782698871475, -0.385847351103331, -0.46008639247611505, -0.39625966519534533, 0.25883400918700866, 0.5148864280475762, 0.13392421017010103, 0.684713912885857, 0.3093561002347059, 0.29154833995406393, -0.07750533069422902]], "inverted": true, "swapped": true, "error_lsq": 0.05306239360008577, "error_max": 0.2535308233764996, "target": "128.xyz", "model": "24.xyz", "model_rescale": 3.7841303162186577, "target_rescale": 4.300335692046199},
{"mapping": [12, 13, 10, 7, 11, 9, 14, 2, 5, 3, 6, 4, 8, 1, 15], "R": [[0.8520028526892749, -0.5234486119869335, 0.009627544769573351], [-0.47698881482348193, -0.768538667529679, 0.4264152753420019], [-0.21580734357900683, -0.3678992621909672, -0.9044762701899449]], "T": [-0.08431438322583025, -0.11155650538927404, 0.12614377568362245], "aligned_model": [[-0.4598867261111111, -0.10829837104278922, -0.45351661506289503, 0.2164077706817748, 0.28237802807706464, -0.6603404471162304, -0.698792083061531, -0.40021569910569454, -0.06975473201854754, 0.38690108540915397, 0.6319449004537759, 0.34380114593264993, -0.2587839791592055, 0.19041464487240156, -0.018790124385589094], [0.33578339837009646, -0.099505343604696, -0.7942935176035453, -0.6779294863435964, -0.5285968813907669, -0.013988371143695513, -0.2464637608653762, 0.5382950338455696, 0.7199445759809348, 0.2945014399886671, -0.07153843260668469, 0.47589988103838227, 0.045424911909914004, 0.04831857192540927, -0.1013209301254879], [-0.3575961670463051, -0.6556999012103448, 0.07308730165397262, 0.23381639381072433, -0.40398976356860017, 0.09759309399486187, -0.3570913132069644, 0.3422279340726542, -0.15266209527425134, -0.38578865613498015, 0.04013421437458281, 0.2944186418908778, 0.6687071160932431, 0.7984534621950014, 0.10590830926997079]], "inverted": false, "swapped": false, "error_lsq": 0.037057472571827815, "error_max": 0.27380676223734673, "target": "128.xyz", "model": "25.xyz", "model_rescale": 4.19342608120988, "target_rescale": 4.300335692046199},
{"mapping": [0, 7, 8, 4, 9, 6, 10, 2, 11, 5, 13, 14], "R": [[0.17230583328616444, -0.45908815961764804, -0.8715209472608454], [-0.40079281129088173, 0.7755327605570206, -0.4877643485540519], [0.8998198832172537, 0.4333439730764556, -0.05037041557501732]], "T": [-0.07172937303397245, 0.05464966719794926, -0.08200077605473313], "aligned_model": [[-0.14759025867830503, 0.4307576478228906, 0.12213759958583689, -0.7264264798695929, -0.5045956489512434, -0.42866178869739324, 0.02251231503638701, -0.14612499619176963, 0.4846613606265612, 0.12625612253667665, 0.38193524577404525, -0.01705256436231286], [-0.5855524006211664, -0.2574876252319303, -0.6090608563695223, 0.3834137284368461, -0.22298206574471638, -0.10857023850465247, 0.3580115157305084, 0.5355554678891764, -0.03229827429751072, -0.19041714488948233, 0.612315086938847, 0.12984923440458387], [0.14938235832405455, 0.07097325520163522, -0.3994647182738431, -0.037472837833583586, -0.5662509423953861, 0.5598635700037634, -0.7591175212900075, 0.6891880257274687, -0.49902300034320857, 0.5651230591011474, -0.3019351100371038, -0.02200767697551477]], "inverted": true, "swapped": true, "error_lsq": 0.04904398188235768, "error_max": 0.2410678979560105, "target": "128.xyz", "model": "26.xyz", "model_rescale": 3.795458400668931, "target_rescale": 4.300335692046199},
{"mapping": [12, 3, 13, 7, 8, 6, 2, 5, 4, 11, 0, 9, 14], "R": [[-0.8501771920039672, 0.08923482734939192, -0.5188794540008055], [-0.45305607605314746, -0.6260569511394479, 0.6346596614574649], [-0.26821434366486524, 0.7746546582303004, 0.5726877214804962]], "T": [-0.028390633432273826, 0.039649206945446755, 0.009733553844003685], "aligned_model": [[0.04487618685673295, 0.2756221873008744, 0.6154731910360016, -0.2094257451049582, -0.19484130771684718, -0.6805463557590696, -0.26921447442471386, -0.5915783582809371, -0.014921050829640875, 0.3532671029992109, -0.6349697964157233, 0.011996228532499598, -0.006061425372172569], [-0.5675614615038426, -0.4126606637065332, -0.30208073828795867, -0.050344886487317844, 0.6058934611737966, -0.19383550916554382, -0.7780817373881035, -0.33812378846793995, 0.0313565192247378, 0.19819898229629046, 0.2940000364017357, 0.7030551307380334, -0.06793384157043995], [-0.5318707830676456, 0.37837714977460585, -0.1742051263435647, -0.5668523471133123, -0.47041333447233924, 0.30334746170427224, 0.3335502398976779, -0.23137307689453696, 0.7435227937612494, -0.5561617275838459, -0.18136613499604212, 0.24892447595796655, -0.003342928525059373]], "inverted": true, "swapped": true, "error_lsq": 0.048836593236190634, "error_max": 0.36098325966054945, "target": "128.xyz", "model": "27.xyz", "model_rescale": 3.6321398670334006, "target_rescale": 4.300335692046199},
