[{"mapping": [10, 12, 1, 0, 4, 7, 8, 11, 5, 9, 3, 6, 2, 13], "R": [[0.5570323704763949, 0.8281089170567603, -0.06285347828504018], [-0.29162490891560167, 0.2659025234252399, 0.9188311926224842], [0.7776052023626226, -0.49348907741425185, 0.38961350044809184]], "T": [0.04370912507567562, 0.16202583185262112, -0.09513531704395967], "aligned_model": [[-0.7910313772286521, -0.16457412307511268, 0.19067760724237007, 0.5557691711026981, 0.24850891161664646, -0.2178438877671868, -0.34758468870794634, -0.6335660120859137, -0.21702502044665925, 0.002940765537454905, 0.47793641154022304, 0.2839601658840778, 0.7203612381705402, -0.050173015394236825], [-0.1617023244453499, 0.26238506043721643, 0.6510254070297697, 0.12423918009343979, -0.6447239998663976, -0.5458492510767048, -0.25039726399163464, 0.13101240207155046, 0.6855930637440751, -0.37509261211442824, 0.3003608348312147, 0.009162024098898852, -0.2018678612573315, 0.028903006323325348], [-0.5575607697109384, -0.625857392853199, -0.36406615229562406, -0.6711380191142369, 0.37456244009906514, -0.0515764957090078, 0.4409388130272535, 0.07038929320855106, 0.3847566702717859, -0.5917084634939107, 0.16081467111443165, 0.6144126925066031, -0.0638057245033988, -0.09305702945954825]], "inverted": true, "swapped": false, "error_lsq": 0.05983780635105521, "error_max": 0.3791119525563973, "target": "129.xyz", "model": "0.xyz", "model_rescale": 3.8414455957264533, "target_rescale": 3.877911993951738},
{"mapping": [3, 4, 7, 0, 12, 10, 6, 5, 2, 1, 9, 8, 13, 14], "R": [[-0.21373431678791116, 0.7534763821318116, 0.6217644114910095], [-0.09739482135108224, -0.6497366558334027, 0.7538942411508509], [0.9720246347707429, 0.1005764367830902, 0.21225571785660208]], "T": [0.048967926739082165, 0.01319013578262732, -0.07505802046411288], "aligned_model": [[-0.5547665370906376, -0.1788363419949749, 0.31761062480122715, 0.41610250913770547, 0.2385507796564974, -0.33120928423755563, -0.3506903440519254, -0.5983807440611658, -0.3843055686612758, -0.14396712125235012, 0.4437944699081595, 0.37867155155747495, 0.7936065262715113, 0.012175626405612497], [-0.16300528622462032, 0.29767798336098183, 0.5751523871192229, 0.15622209993928854, -0.7008587627197248, -0.4588192889628528, 0.22462344868872142, 0.006164985136810717, 0.6031104749214485, -0.47664613142931106, 0.4242084781354444, -0.3018808670704952, -0.11608664136173094, -0.05681521365553929], [-0.541787870043058, -0.4787771240187592, -0.2331229785848738, -0.6835573426852992, 0.11594474468431153, 0.24283141254028257, 0.5618064820523472, 0.048283499933721094, 0.019137516969062796, -0.7615959944678531, 0.3000227749015531, 0.5701769603322722, -0.014660407788772076, -0.11759714073710884]], "inverted": false, "swapped": false, "error_lsq": 0.054979212515890795, "error_max": 0.338043922075364, "target": "129.xyz", "model": "1.xyz", "model_rescale": 4.316132596720782, "target_rescale": 3.877911993951738},
{"mapping": [7, 6, 5, 3, 9, 1, 12, 2, 11, 8, 10, 13], "R": [[0.056529088600711264, 0.11972852068807616, 0.9911960166767306], [0.8971326416390387, 0.4295730392310493, -0.10305351654145303], [-0.43812953044474545, 0.8950598221904748, -0.08312899164925924]], "T": [0.0003772696284089147, -0.08904270928744236, -0.12702716043251888], "aligned_model": [[-0.04880608593349558, 0.49200235958190275, 0.1237288594004213, -0.5365752494455489, -0.5956788646986279, -0.4834145310819685, -0.16172909491398693, -0.26631092650305704, 0.5909313320779976, 0.30167255333728404, 0.30094843823002226, -0.11896023541916245], [-0.5462635879541241, -0.32946149139169784, -0.5835963514622663, 0.5713363545457718, -0.17193803017120823, -0.09283495118031324, 0.3689719667299924, 0.46259924660486856, 0.02900916794030775, -0.04280517418099303, 0.35468900815106147, -0.006929729890418707], [0.2639002293558202, 0.05172467094056135, -0.3642585584714924, -0.04321301924864099, -0.5282019382679646, 0.29044821202419147, -0.6456488251928612, 0.5830557316580565, -0.5367253168304302, 0.592595481097915, -0.04622663379414492, -0.16819157206158925]], "inverted": false, "swapped": true, "error_lsq": 0.042661023327608016, "error_max": 0.24338489325140486, "target": "129.xyz", "model": "2.xyz", "model_rescale": 3.795458400668931, "target_rescale": 3.877911993951738},
{"mapping": [3, 1, 8, 5, 12, 11, 7, 9, 0, 4, 10, 13], "R": [[0.15071858431394408, -0.9403109751615593, -0.3051215795926578], [0.6695400592497651, -0.1299862045412809, 0.7313136780402605], [-0.7273238738019134, -0.3145136827225016, 0.6099845292940701]], "T": [-0.05413151756125358, 0.05465619142506136, 0.09752644358399357], "aligned_model": [[-0.0665019945606061, -0.22491198465051637, -0.8225044236552496, 0.22238132798409596, 0.3606715643257871, 0.039277679683434576, -0.27056901595640587, 0.5617908797022377, 0.4199361188204111, 0.7154080168977468, -0.3528894849768367, 0.011215142129466428], [-0.07594312724242255, -0.5050098293153712, -0.037091998663296884, 0.026258488783650245, 0.3925609758196407, 0.7440724126025295, -0.3806651742278342, -0.24086345292804498, -0.6964254661951328, 0.38593658660075575, 0.44953150085538435, 0.023408129199851392], [-0.7475972841706413, -0.15930531346792529, 0.20688297350950524, 0.586210260214232, -0.370216122334015, 0.31321817174258504, 0.4552194353161937, -0.13996775048238788, 0.3691127481396964, 0.3326152434319011, -0.12289759428056973, -0.034503336979473775]], "inverted": false, "swapped": true, "error_lsq": 0.04896557318570172, "error_max": 0.22883408866125013, "target": "129.xyz", "model": "3.xyz", "model_rescale": 3.7530521520055578, "target_rescale": 3.877911993951738},
{"mapping": [0, 4, 5, 11, 7, 12, 1, 9, 3, 10, 13], "R": [[-0.1262880010019941, 0.4296573637999874, 0.8941173807366487], [0.9806480387479635, -0.08185675210558407, 0.1778451467836486], [0.14960202171993825, 0.8992741639050741, -0.4110051255521479]], "T": [0.11637076032650243, -0.07604460953913678, 0.08769261982609394], "aligned_model": [[-0.4628081635336059, -0.13097445988312728, 0.15475141592525313, 0.5136720953724938, 0.22305764753258212, -0.23362961743038516, -0.181124512144022, -0.5832170535348162, -0.36643164763590286, 0.4163447770572881, -0.011440879280553318], [-0.7512916602457214, 0.18317149459833865, -0.334496039787282, 0.36465293118175557, -0.667135459063652, 0.5349215379790819, -0.402665901456795, -0.06912371543753944, 0.3070656557786506, 0.31547255743491626, -0.013368042667407085], [-0.17917082047348143, -0.7052965935509277, -0.410109991036576, -0.33477661280722615, 0.14705316351000447, -0.008455444054977737, 0.5493956289832369, -0.09567788976093736, 0.680627426887823, 0.31241352853623594, 0.13682838101214234]], "inverted": false, "swapped": true, "error_lsq": 0.04561037425417707, "error_max": 0.25076929927007924, "target": "129.xyz", "model": "4.xyz", "model_rescale": 3.7855080009869324, "target_rescale": 3.877911993951738},
{"mapping": [15, 3, 0, 2, 13, 8, 7, 10, 5, 14, 4, 6, 12, 16], "R": [[0.47234856181407847, 0.7988734079189854, -0.37240853141688124], [0.49207333430644185, 0.11153184952582365, 0.8633796848466436], [0.7312664834495783, -0.5910684602152744, -0.34042239280345843]], "T": [0.06593976624330852, -0.040107841432875616, -0.07723529320955994], "aligned_model": [[-0.47906163401445867, -0.15315735308919218, 0.37537573372398136, 0.28379716199682126, 0.1966707681217089, -0.39068915659724845, -0.2670627212908302, -0.6511623656383483, -0.23073143567169077, 0.1329599269916291, 0.3505617258835406, 0.21465213502383926, 0.6121697707258862, 0.06403359022266471], [-0.5932293183672466, 0.45928123962288836, 0.6749114568181596, 0.2350249153915614, -0.7336873786049108, -0.4816692178672267, 0.24490686770053188, 0.08752561019536413, 0.7003760671399504, -0.3620277899395359, 0.4069923599665218, -0.19058611348748172, -0.38193585132943464, -0.052835181361497084], [-0.35354709563006614, -0.507378994106969, -0.11558458887989118, -0.7273320620189225, 0.0862409119075557, 0.22578855342712642, 0.5304203911624233, -0.05629469745563323, 0.059779391106843216, -0.6684824863019311, 0.43860628505310806, 0.5402742120436838, -0.29598550889693687, -0.12939977832256375]], "inverted": true, "swapped": false, "error_lsq": 0.05196141831854053, "error_max": 0.37442676149105875, "target": "129.xyz", "model": "5.xyz", "model_rescale": 4.2253639853439635, "target_rescale": 3.877911993951738},
{"mapping": [1, 9, 12, 11, 10, 4, 3, 0, 7, 8, 6, 2, 5, 13], "R": [[0.4397803800756558, -0.15561990657792263, -0.8845200178499018], [-0.8854987333408573, 0.08930413916515623, -0.4559789073846593], [0.1499506937371381, 0.983771932616828, -0.09852702189299145]], "T": [-0.007706265308614364, -0.04162567403490923, -0.10779726417901199], "aligned_model": [[-0.5309370770110527, -0.3029745942720438, 0.13279878476025384, 0.6244038662498972, 0.18725231567483341, -0.4105339576219021, -0.1449584353188701, -0.7242417015464295, -0.1572490839616085, 0.1902283894345946, 0.3743993035172189, 0.26165786231590626, 0.5748449656971428, -0.01633449152963742], [-0.5273945272265071, 0.06468646331025887, 0.8329869913392836, 0.3269400760489318, -0.7967734087626847, -0.3822585037084753, 0.22344052456970737, 0.318371508398268, 0.6814931689331806, -0.3780896162683589, 0.3114192871125451, -0.35198948126032964, -0.28677745428451523, -0.02300736232366079], [-0.2779851630214208, -0.6313531550346391, -0.4021691054635112, -0.3726554493638486, -0.09181212027697591, 0.3640188417994256, 0.5355620637887385, -0.11425068050348453, 0.1822498015891496, -0.7350761205316738, 0.2704520686740521, 0.4225694824698099, -0.07207704098807244, -0.050368890049722816]], "inverted": true, "swapped": false, "error_lsq": 0.05345869678827301, "error_max": 0.28982529900656245, "target": "129.xyz", "model": "6.xyz", "model_rescale": 3.89814844738969, "target_rescale": 3.877911993951738},
{"mapping": [5, 6, 11, 0, 12, 8, 7, 9, 1, 2, 10, 3, 13], "R": [[-0.7071165084086463, 0.6522849918625949, -0.2729661754261497], [-0.44831846117046525, -0.7121048231694945, -0.5402936962361204], [-0.5468059993358807, -0.25967481627904854, 0.7959724799769974]], "T": [0.006837862276363141, 0.07782081885202044, -0.11189092639915477], "aligned_model": [[0.09164692891675981, -0.12107282287544995, 0.5580157761514167, -0.2993037010516772, 0.5937213620070831, -0.5674688538461673, -0.5118880746768165, 0.20887414165618934, -0.4893973486561063, -0.5259648561340399, 0.14733757910112472, 0.020539713558479153, 0.043591956753426746], [-0.2590883550094423, 0.3094173610245706, 0.3741635560352502, -0.7983085521212945, 0.06650150628614523, 0.5876658777244881, -0.09743669980542752, -0.5202788341585689, -0.07191292246995865, 0.5466287927596636, 0.5935327280819072, 0.1949150246334058, 0.03798178248974659], [-0.5539059563322604, -0.6232132663738683, -0.48461980255936243, -0.1479127200966721, 0.2886886274202517, -0.2568161333200235, -0.36586408034630996, 0.24103101787124864, 0.2618536338041518, 0.5012889019965296, -0.02205415324289567, 0.735189077021633, 0.028609884993873153]], "inverted": true, "swapped": true, "error_lsq": 0.045404753382833014, "error_max": 0.2283532667657056, "target": "129.xyz", "model": "7.xyz", "model_rescale": 3.7474275329858107, "target_rescale": 3.877911993951738},
{"mapping": [13, 11, 7, 9, 2, 1, 0, 12, 10, 4, 3, 3, 8, 14], "R": [[-0.08719546417975621, -0.976971744576127, 0.1947387001249525], [-0.8402844342594065, 0.17713078305147323, 0.5123931647055038], [-0.5350878624747775, -0.1189575386238772, -0.8363791505272731]], "T": [-0.03601009898163454, 0.058138006116748644, -0.06826561089012088], "aligned_model": [[-0.5058790963792361, -0.19512765612625188, 0.20403926001392098, 0.3851689739641815, 0.13959261100757753, -0.39955085469518437, -0.14070837154261875, -0.6270355663672834, -0.3606836016484558, 0.12678692802561467, 0.4772964883342782, 0.4772964883342782, 0.5288499289771319, -0.05168938550964983], [-0.3989447313457836, 0.4391916702998766, 0.6864312858120936, 0.3525070850363789, -0.7300179119276908, -0.38953018522347765, 0.16711006943504492, 0.09830529670999522, 0.7209565392358244, -0.5908120128885668, -0.0372633098111822, -0.0372633098111822, -0.269092112196235, 0.0014692925525486011], [-0.6834162632435906, -0.5329802153634562, -0.1755106194430015, -0.6306671346939867, 0.16956507036403912, 0.4136401158316566, 0.5731208551082355, -0.2406550086712162, 0.10644005160596655, -0.47395865578506063, 0.42321121798579137, 0.42321121798579137, -0.2659115426464233, -0.07898455594691842]], "inverted": false, "swapped": false, "error_lsq": 0.05693584768807636, "error_max": 0.3926062364161495, "target": "129.xyz", "model": "8.xyz", "model_rescale": 4.019505241142653, "target_rescale": 3.877911993951738},
{"mapping": [7, 8, 1, 0, 5, 9, 3, 6, 11, 10, 2, 12, 13], "R": [[0.3033071624397579, -0.8584916553541662, -0.41351764520997913], [0.6435013546602686, 0.5045946571850576, -0.5755781775664307], [0.7027878568694408, -0.09152218106862464, 0.7054877168380045]], "T": [0.047750258878528865, -0.1495691172197966, 0.08644986818789552], "aligned_model": [[-0.24205989184613286, -0.7278974142203212, -0.07423271788706463, 0.447633811694454, 0.21902399345220458, 0.6953720054068826, 0.2054573640540337, -0.3378230068550053, 0.10391121628361367, -0.19522481918962464, -0.4655056475783301, 0.5529151488572291, 0.13813072956923728], [-0.43140660244928436, -0.09628457480181857, 0.16719933757965527, -0.46902117129273424, -0.6816565675553427, -0.02522347811417061, 0.6865853564721707, -0.548742739418983, -0.4177139433146816, 0.10429523802472307, 0.602007969593081, 0.20525768778937004, -0.03191828439792638], [-0.36173744410045156, 0.0070461617453276, -0.4549672294036056, -0.6885768606648026, 0.026234347399675062, -0.2105686284139333, 0.00032501083786001805, 0.23955869605704008, 0.7613478048053106, 0.49910661432754294, -0.14015421862715277, 0.4384878212712117, 0.060601418809856665]], "inverted": false, "swapped": true, "error_lsq": 0.054176461157353674, "error_max": 0.3141772149432312, "target": "129.xyz", "model": "9.xyz", "model_rescale": 3.877068213659057, "target_rescale": 3.877911993951738},
{"mapping": [13, 4, 1, 5, 10, 9, 8, 2, 7, 6, 0, 11, 12, 15], "R": [[0.7731368940756289, 0.11416384987692474, -0.623879762775143], [-0.45159391050479325, -0.5915964391529989, -0.6678896564377088], [-0.44533390058929767, 0.7981104363199187, -0.40582933410874866]], "T": [-0.04971976476392315, -0.08453402974012544, -0.1524757415348432], "aligned_model": [[-0.5571028568826185, -0.325401962542442, 0.22635760713496034, 0.4958596847991179, 0.03283008132770496, -0.4196599146211477, -0.11900954355263921, -0.701424002479841, -0.40743978128622627, 0.14976924377893844, 0.6023551302728696, 0.3818624372160675, 0.6727729277385149, 0.026587095485044218], [-0.45351769352697757, 0.3873425001640248, 0.7369316904843995, 0.37507340859534577, -0.7189724382320591, -0.267644546526615, 0.2567584967499488, 0.01408516813784555, 0.6307560173764407, -0.5667935540741115, 0.2135214804160729, -0.28311893881628025, -0.25683567415732417, -0.05453825071306641], [-0.6041968387332957, -0.5517532717047665, -0.10909411610607148, -0.4720058795245555, 0.1539295590073452, 0.3625583622538786, 0.5360308116115523, -0.07559142387171441, 0.01087390704779631, -0.4810095476866476, 0.19354055831542974, 0.4122862553142913, -0.2331706504525477, -0.11529319238286824]], "inverted": false, "swapped": false, "error_lsq": 0.05169842630856606, "error_max": 0.2959381835580481, "target": "129.xyz", "model": "10.xyz", "model_rescale": 4.260839863003843, "target_rescale": 3.877911993951738},
{"mapping": [4, 9, 1, 0, 8, 6, 11, 12, 3, 2, 10, 13], "R": [[-0.8713504919663795, 0.48784611443133097, 0.05248322383582432], [-0.185473214777953, -0.22845884233704616, -0.9557228907784663], [-0.45425544217970554, -0.8425038433100882, 0.2895501118249667]], "T": [-0.06800051365561499, 0.08423762290437845, -0.1238876597254894], "aligned_model": [[0.4795128337985002, 0.24716288321363733, -0.3804425345474972, -0.37681021509154955, -0.6455378236256926, -0.3824447257412678, 0.2975712051338486, 0.6286325806116896, 0.2780261984690296, -0.3111249812378313, 0.10411825166740213, 0.02023497644386077], [0.06731847090169729, -0.5342904637509077, -0.37472291737864527, -0.636339023441002, 0.42023632171175673, 0.5364652143127896, 0.6676871049114861, -0.02211317936352082, -0.3314187983957422, -0.05580917289357337, 0.4575598965772839, -0.021494947658688535], [-0.8000144346665266, -0.3268428054030932, 0.19248202938069595, -0.6219125247080654, 0.2814875169114708, -0.29140983776256224, -0.3615574855669521, -0.03214788176722615, 0.5386367397343926, 0.7710573348668353, 0.22934767282757604, -0.06294824645104057]], "inverted": true, "swapped": true, "error_lsq": 0.046836327319381095, "error_max": 0.3883162084903993, "target": "129.xyz", "model": "11.xyz", "model_rescale": 3.890672605050136, "target_rescale": 3.877911993951738},
{"mapping": [10, 4, 3, 7, 9, 11, 6, 2, 0, 12, 8, 6, 5, 13], "R": [[0.39061723325002407, 0.8515911095983671, -0.3495865545771434], [-0.764335347437035, 0.511677688987353, 0.3923995658138124], [0.5130396220043859, 0.11392332792533474, 0.8507713098171643]], "T": [-0.03830302186762427, 0.004669208421416744, 0.051552107904508676], "aligned_model": [[-0.5323225556132065, -0.3905561198770918, 0.2034917862013213, 0.4993224558348518, 0.20050588263177996, -0.4546952614504718, 0.054907985237254375, -0.7163093544722602, -0.13295208858220237, 0.1060825063294088, 0.5441815528410712, 0.054907985237254375, 0.6258546639093212, -0.004063291838727431], [-0.4320300618963353, 0.35133519598969515, 0.8204272226050384, 0.14874648742485283, -0.7264206606464289, -0.3373314065968241, -0.06769282544811042, -0.004055434969379205, 0.5765265314418061, -0.33821108712777065, 0.3883506965231555, -0.06769282544811042, -0.3351784942374452, 0.03627432826350035], [-0.5524172224627726, -0.44523506164718585, -0.30780466340797286, -0.5943308177689849, 0.17112771787391765, 0.16297583086141565, 0.6155856070429171, -0.16244655380252934, 0.16431422931604053, -0.593984931246955, 0.23235941348865355, 0.6155856070429171, -0.1683803573114422, -0.11024426489019226]], "inverted": true, "swapped": false, "error_lsq": 0.051727200233488736, "error_max": 0.38822503560902516, "target": "129.xyz", "model": "12.xyz", "model_rescale": 4.124412569039231, "target_rescale": 3.877911993951738},
{"mapping": [10, 11, 4, 8, 12, 3, 6, 1, 5, 7, 9, 0, 13], "R": [[-0.28309797438793094, 0.7043205074083847, 0.6509901379755655], [0.4440297014050904, 0.6978828694566281, -0.5619582945282409], [-0.850113616622835, 0.12996970171150757, -0.510308451301235]], "T": [0.033065020210740925, 0.08107730326700938, 0.01849262710969516], "aligned_model": [[-0.22979237507748118, -0.09923708095002076, 0.5741304352658907, -0.6850491831645509, 0.520421879032408, 0.36974893007500415, -0.44738405170840506, 0.08585132298445186, 0.1020305740447445, -0.21407676145322435, 0.737819654654922, 0.5042646304965397, 0.1485703333094788], [-0.1581742111460379, 0.45195251963125793, 0.6784378535389831, -0.16192408887559862, -0.09060000556159095, -0.6989157821334107, 0.39803720818486776, -0.33202577597485283, 0.6234097223174833, 0.21830902872241806, 0.0677948137136514, 0.36606630876089064, -0.01488221466958406], [0.42767998291856785, 0.6312655488872287, 0.34653702768228734, -0.17133839819595817, 0.5063804644495323, 0.11697134317330957, 0.030892024111081252, -0.4661866754207579, -0.11264453594648419, -0.5147826786417314, -0.1434957445882315, -0.7294212015593161, 0.029840924098310913]], "inverted": true, "swapped": true, "error_lsq": 0.04273521262437682, "error_max": 0.3734089182907125, "target": "129.xyz", "model": "13.xyz", "model_rescale": 3.9028299243045295, "target_rescale": 3.877911993951738},
{"mapping": [7, 3, 2, 1, 14, 10, 5, 4, 0, 9, 12, 13, 11, 15], "R": [[-0.280919992932947, -0.8723326207609248, 0.4001496674082465], [-0.15375392521789566, 0.4524604642139507, 0.8784299965298239], [-0.9473350452984641, 0.18524396637859342, -0.261229754947027]], "T": [0.022358374049009942, 0.12466872967564022, -0.0843274997034161], "aligned_model": [[-0.5519445990151836, -0.39864173350843585, 0.2568699835633295, 0.5403700142825454, 0.2908440600309009, -0.37650497384862264, -0.08919946078074331, -0.6306288507611433, -0.45224936698502366, 0.06852549655031206, 0.5886595191177967, 0.18531643761093758, 0.6275016200047819, -0.0005619998731484534], [-0.4477437562991633, 0.36849839562096953, 0.7948156091715287, 0.1929042031590286, -0.6997221113967637, -0.4571938388002408, 0.16774708790189316, 0.1535853396206161, 0.7989543229141577, -0.49085255431086183, 0.12319162138379158, -0.2539557418066646, -0.27400284293768784, 0.036821931657040605], [-0.48824332864175335, -0.47419343650702994, -0.2794101346577121, -0.4706002226387359, 0.09272003730775188, 0.1558736309340506, 0.41346858123312646, 0.09493428592512554, 0.0011291568324056228, -0.5532065909659932, 0.3200746766084349, 0.5959221095652156, -0.22826956236077295, -0.15309466954628648]], "inverted": true, "swapped": false, "error_lsq": 0.04606751311895992, "error_max": 0.319764157116812, "target": "129.xyz", "model": "14.xyz", "model_rescale": 3.942246331269136, "target_rescale": 3.877911993951738},
{"mapping": [7, 14, 12, 1, 9, 6, 11, 8, 13, 2, 4, 10, 5, 14], "R": [[-0.6478691253890227, 0.5789849910106427, 0.49501714773537764], [0.2921077292659571, 0.7889927811618158, -0.5405214757783723], [-0.7035187779091251, -0.20558884079382592, -0.6802900540727477]], "T": [0.05853811138859641, 0.0263909676214576, -0.038273413136750215], "aligned_model": [[-0.4490060486693983, 0.04668107703829918, 0.14227618120083474, 0.4617902291856554, 0.10849029023771592, -0.3612110800053494, -0.3766278282650357, -0.6964977394794535, -0.0890210409574986, 0.09011972655069392, 0.34214795713183155, 0.27043344704096306, 0.5220998983407454, 0.04668107703829918], [-0.5767125282817606, 0.03906097554846806, 0.7665086735326935, 0.3274903498051273, -0.7695163317041444, -0.2810570804054605, 0.19699657472253596, 0.11727395282928998, 0.7823760386422752, -0.41861163798063294, 0.27914628417848847, -0.27107888649277967, -0.21788969406492475, 0.03906097554846806], [-0.36939968353730374, -0.1344430028208311, -0.37485917519979184, -0.6733862592683789, 0.0721741166718146, 0.16685021647960413, 0.5054501898524836, -0.18145886348511447, 0.22180871900205607, -0.6576466457118993, 0.4082063537869684, 0.5745989786914238, -0.39634740855237344, -0.1344430028208311]], "inverted": true, "swapped": false, "error_lsq": 0.05644692792871148, "error_max": 0.5360754794854712, "target": "129.xyz", "model": "15.xyz", "model_rescale": 4.355366556412066, "target_rescale": 3.877911993951738},
{"mapping": [7, 6, 5, 3, 9, 1, 12, 2, 11, 8, 10, 13], "R": [[0.056529088600711264, 0.11972852068807616, 0.9911960166767306], [0.8971326416390387, 0.4295730392310493, -0.10305351654145303], [-0.43812953044474545, 0.8950598221904748, -0.08312899164925924]], "T": [0.0003772696284089147, -0.08904270928744236, -0.12702716043251888], "aligned_model": [[-0.04880608593349558, 0.49200235958190275, 0.1237288594004213, -0.5365752494455489, -0.5956788646986279, -0.4834145310819685, -0.16172909491398693, -0.26631092650305704, 0.5909313320779976, 0.30167255333728404, 0.30094843823002226, -0.11896023541916245], [-0.5462635879541241, -0.32946149139169784, -0.5835963514622663, 0.5713363545457718, -0.17193803017120823, -0.09283495118031324, 0.3689719667299924, 0.46259924660486856, 0.02900916794030775, -0.04280517418099303, 0.35468900815106147, -0.006929729890418707], [0.2639002293558202, 0.05172467094056135, -0.3642585584714924, -0.04321301924864099, -0.5282019382679646, 0.29044821202419147, -0.6456488251928612, 0.5830557316580565, -0.5367253168304302, 0.592595481097915, -0.04622663379414492, -0.16819157206158925]], "inverted": false, "swapped": true, "error_lsq": 0.042661023327608016, "error_max": 0.24338489325140486, "target": "129.xyz", "model": "16.xyz", "model_rescale": 3.795458400668931, "target_rescale": 3.877911993951738},
{"mapping": [5, 6, 11, 0, 12, 8, 7, 9, 1, 2, 10, 3, 13], "R": [[-0.7071165084086463, 0.6522849918625949, -0.2729661754261497], [-0.44831846117046525, -0.7121048231694945, -0.5402936962361204], [-0.5468059993358807, -0.25967481627904854, 0.7959724799769974]], "T": [0.006837862276363141, 0.07782081885202044, -0.11189092639915477], "aligned_model": [[0.09164692891675981, -0.12107282287544995, 0.5580157761514167, -0.2993037010516772, 0.5937213620070831, -0.5674688538461673, -0.5118880746768165, 0.20887414165618934, -0.4893973486561063, -0.5259648561340399, 0.14733757910112472, 0.020539713558479153, 0.043591956753426746], [-0.2590883550094423, 0.3094173610245706, 0.3741635560352502, -0.7983085521212945, 0.06650150628614523, 0.5876658777244881, -0.09743669980542752, -0.5202788341585689, -0.07191292246995865, 0.5466287927596636, 0.5935327280819072, 0.1949150246334058, 0.03798178248974659], [-0.5539059563322604, -0.6232132663738683, -0.48461980255936243, -0.1479127200966721, 0.2886886274202517, -0.2568161333200235, -0.36586408034630996, 0.24103101787124864, 0.2618536338041518, 0.5012889019965296, -0.02205415324289567, 0.735189077021633, 0.028609884993873153]], "inverted": true, "swapped": true, "error_lsq": 0.045404753382833014, "error_max": 0.2283532667657056, "target": "129.xyz", "model": "17.xyz", "model_rescale": 3.7474275329858107, "target_rescale": 3.877911993951738},
{"mapping": [12, 9, 6, 2, 11, 10, 8, 5, 4, 7, 0, 3, 1, 13], "R": [[0.5205659882606323, 0.24842640581599473, -0.8168814924819745], [0.6752162774885216, -0.7053524616716743, 0.21577971041841038], [-0.52258399370893, -0.6638992587034994, -0.5349240542471135]], "T": [0.01904363191943189, -0.056306139307422044, -0.07192762235212861], "aligned_model": [[-0.540685237702737, -0.28187395349960415, 0.0663692089879889, 0.5367030861101234, 0.0905342220975644, -0.4325054882560958, -0.10804403624290199, -0.6835931149667797, -0.28080503283837227, 0.1530902670796823, 0.5455625309741162, 0.23702088922603512, 0.6666634991824386, 0.0899193062368453], [-0.3356181517477094, 0.27236066789524704, 0.6333750610888936, 0.25398683824747265, -0.7746789364282551, -0.40839382324879625, 0.18482875529257706, 0.07920021915860223, 0.6938741632635275, -0.45916968519893864, 0.5183271775232976, -0.37540584795067866, -0.2894748824378732, 0.019836110420277504], [-0.4817145371402238, -0.571077802643447, -0.4141248506216703, -0.4455312644339418, -0.048130948659635436, 0.3135292823064368, 0.5933220589149937, 0.03371122188015553, 0.11924275688619988, -0.6941428142513828, 0.23092017920376534, 0.4859706412677843, -0.003085327482709385, -0.09178406213849816]], "inverted": false, "swapped": false, "error_lsq": 0.04686304255603591, "error_max": 0.27544199369192224, "target": "129.xyz", "model": "18.xyz", "model_rescale": 3.922800546911778, "target_rescale": 3.877911993951738},
{"mapping": [4, 8, 5, 1, 10, 11, 7, 13, 12, 6, 3, 9, 2, 14], "R": [[0.03420627964663981, 0.3755594109108916, -0.9261668636422922], [-0.8180153915556213, 0.5429288302500692, 0.18994500378108226], [0.5741783256191753, 0.7511214376913735, 0.3257849539644283]], "T": [0.02817007060407626, 0.06967380939250754, -0.14250620425895136], "aligned_model": [[-0.4163562994380189, -0.2806778359346056, 0.20529286764051144, 0.5669610968302238, 0.12999152926690483, -0.3519577761020596, -0.207335969214297, -0.6471171961376384, -0.26161489123978554, 0.02956038647936452, 0.299015214168198, 0.3541441414616047, 0.6242300512540109, 0.01422082735388986], [-0.46045038064881594, 0.27872472666727144, 0.7765732811026527, 0.04757107356187211, -0.7296287575241472, -0.38870411586386405, 0.1421911655383116, 0.08140427681578218, 0.7297510363741226, -0.3170098911688076, 0.3923710936170031, -0.33597687417256816, -0.27628540572083093, 0.07251643729966237], [-0.3551838677838126, -0.6275848974983806, -0.36934176551781295, -0.6496538386444641, -0.10578503407707188, 0.24818051238883218, 0.6174208694299288, -0.01735329645924813, 0.17203596282827102, -0.713681794296801, 0.33880306694509554, 0.4835382142663971, 0.05282347534337814, -0.047113073836484776]], "inverted": false, "swapped": false, "error_lsq": 0.0476823065537715, "error_max": 0.2820314251702394, "target": "129.xyz", "model": "19.xyz", "model_rescale": 3.9282355846067225, "target_rescale": 3.877911993951738},
{"mapping": [10, 11, 8, 9, 2, 1, 3, 0, 4, 10, 6, 5, 7, 13], "R": [[-0.743941144485648, -0.6491774972655713, 0.15849337710262174], [0.6526513469421147, -0.756787683073117, -0.03631283634566862], [0.14351931185742228, 0.07642630301691382, 0.9866920630729423]], "T": [0.15438197257484687, 0.07921085039870746, -0.06653088604793556], "aligned_model": [[-0.20903405116355134, -0.3603598923126766, 0.36328175912953015, 0.2887919948994432, 0.12746120955422197, -0.3455626737595371, -0.25469199945488763, -0.6444525574231385, -0.19770042610544714, -0.20903405116355134, 0.5261958784290146, 0.26126853503975456, 0.685501465273695, 0.026690955445432707], [-0.4945097962492623, 0.3002172784258213, 0.7884846215452904, 0.3162673407368569, -0.7361758904382009, -0.36420610587674784, 0.20124527169498302, 0.09580458672431318, 0.5957040109930477, -0.4945097962492623, 0.292804159516802, -0.22859990884165077, -0.24218183909541902, -0.017296267008927654], [-0.5966325388386743, -0.5132524353700667, -0.24517347858705615, -0.7022690330275275, 0.04808126752065256, 0.27249352280135575, 0.5532441978076967, -0.024281273097130046, 0.02642418126209184, -0.5966325388386743, 0.4263954489865344, 0.5511405083916173, -0.11865189903380269, -0.053781396889190224]], "inverted": true, "swapped": false, "error_lsq": 0.055006304207245164, "error_max": 0.4297990752362033, "target": "129.xyz", "model": "20.xyz", "model_rescale": 4.067790424073018, "target_rescale": 3.877911993951738},
{"mapping": [13, 6, 2, 3, 9, 1, 8, 5, 4, 11, 0, 7, 12, 14], "R": [[0.769077064776915, -0.47239741740776414, -0.4305358852181774], [-0.635170644840088, -0.4897714408963212, -0.5972287565211242], [0.07126514132134952, 0.7327786949064609, -0.6767249544117848]], "T": [-0.026311889097721537, 5.00386002013376e-05, -0.10132330240301907], "aligned_model": [[-0.5114104999655337, -0.23970168874620973, 0.241278730906478, 0.594837119344018, 0.2268773154685801, -0.36688067869713364, -0.2112974483252258, -0.5947979993221048, -0.41070016077177907, 0.08553372021083364, 0.5101013040743607, 0.17253532666987795, 0.5811988215275317, -0.01921771598539], [-0.41658953673290533, 0.45186158749138267, 0.6918890527203774, 0.25972286553392987, -0.6813223052734642, -0.5447719941692504, 0.16123432839655225, 0.06349031949243901, 0.6863052470034154, -0.25284499338536814, 0.28924118468809723, -0.1977894211102789, -0.42129940909907787, -0.07607925967820485], [-0.3863045422725326, -0.6471144899371357, -0.1602806612814739, -0.6214088231733146, 0.1737709635569989, 0.40905592272137076, 0.41342699077337824, 0.04450191523834157, 0.05285821489127568, -0.6857605671753502, 0.2634881512771779, 0.5900400537070116, -0.30234381453250214, -0.1168247807054192]], "inverted": false, "swapped": false, "error_lsq": 0.05005434340146962, "error_max": 0.27523646655200035, "target": "129.xyz", "model": "21.xyz", "model_rescale": 4.186013935880536, "target_rescale": 3.877911993951738},
{"mapping": [4, 11, 12, 0, 7, 9, 5, 6, 3, 10, 8, 1, 13], "R": [[-0.14432292648514844, 0.3358924002435292, 0.9307777330541398], [-0.7303244381290763, -0.6708389381664928, 0.12884616451839648], [0.6676803935733112, -0.661174269386138, 0.3421278672360599]], "T": [-0.05808627031785158, 0.006026693902498978, 0.028737409126668185], "aligned_model": [[0.10791690978303284, -0.494899353654298, 0.2824007661982405, 0.48846306796755184, -0.16021859403117103, 0.6191468972769348, -0.14798707277878634, -0.5981236981355934, 0.48405853707410923, -0.33218369400823355, -0.5481376639814721, 0.2838462252808181, 0.07429170843209257], [-0.45550305857370654, -0.003940363921214565, 0.29416707980191303, -0.6761013239598527, -0.3172450020339423, -0.18644614044885716, -0.5369175765379591, -0.17492508854632266, 0.6654631624637134, 0.45221377042387295, 0.25795554436289275, 0.1269126178405286, 0.07332303867502764], [-0.6900377788930033, -0.5540472112374949, -0.5244967583011244, 0.34275665880284073, 0.5280955546485773, -0.1368077406389462, -0.08618439392197556, 0.11278897701267733, 0.08036954738319287, -0.11110995277947273, 0.5829530618424853, 0.5548774437071471, 0.003722153710442728]], "inverted": true, "swapped": true, "error_lsq": 0.03721234953765787, "error_max": 0.20873180182828888, "target": "129.xyz", "model": "22.xyz", "model_rescale": 4.166573947596378, "target_rescale": 3.877911993951738},
{"mapping": [11, 3, 4, 8, 14, 12, 6, 2, 1, 9, 7, 13, 10, 15], "R": [[0.7398918209014773, 0.08167165813222405, -0.6677498286192439], [0.635176890773553, 0.24217020969293673, 0.7334193254643085], [0.22160868843603218, -0.9667902201590645, 0.12730380754105292]], "T": [0.0032691414878408863, 0.014368387655658545, -0.08600090337830193], "aligned_model": [[-0.5728084833754692, -0.2807521713851379, -0.02199450331576488, 0.49603939520972024, 0.18785749850066827, -0.4021676724873524, -0.4949547872936771, -0.5568071010705611, -0.16377791968606306, 0.1257166043255182, 0.634255577206738, 0.4521042011935333, 0.6576493905344928, -0.002003881968342245], [-0.36450286370808826, 0.1642542018224656, 0.6695409424230013, 0.3171648720753641, -0.7293231882055313, -0.4601306614486045, 0.11757703449483378, 0.3873369759291045, 0.5874791093524174, -0.3424958814037149, 0.2231305574598998, -0.31377081343464824, -0.30417123388087525, 0.06095861440201997], [-0.46899499269081313, -0.5942260390824771, -0.41760938501811806, -0.6513069322610018, 0.11104665856716137, 0.11363125210275171, 0.4798864740865072, -0.08172610840465422, 0.30353528351134207, -0.5530166189548004, 0.17793871480662135, 0.5525011661426568, 0.09080473078837914, -0.03535967050572809]], "inverted": true, "swapped": false, "error_lsq": 0.04996757967865872, "error_max": 0.27407494807142196, "target": "129.xyz", "model": "23.xyz", "model_rescale": 4.274766983524099, "target_rescale": 3.877911993951738},
{"mapping": [6, 1, 0, 5, 9, 4, 11, 12, 10, 3, 13], "R": [[-0.27515186113493073, -0.9354207781792323, -0.2219896868427534], [0.12553948968983653, -0.26388365428633953, 0.9563499639404518], [-0.953169077258804, 0.23527300047189326, 0.19004032573786353]], "T": [0.08380213559867089, 0.06285141100976137, -0.07833065351923915], "aligned_model": [[0.22904319075995885, 0.20477257711142277, -0.6120852985173603, -0.3484626747421624, -0.4553756195113249, -0.6231317795692616, 0.07687516625732743, -0.04804546880376673, 0.5223839350485392, 0.3689551910828107, 0.06496548484189169], [-0.3487392853204459, 0.6639798424269371, 0.532604216933275, -0.18809858627089177, 0.45632526522059075, -0.32419342107708166, -0.6226372999655719, 0.06577031863303316, -0.14069668478859704, 0.6553273010786185, 0.16594486437361716], [-0.4537594372713052, -0.2582343370923351, -0.47544006094572144, -0.3357192478839397, 0.20016786768267467, 0.24976274275272867, 0.16784036420964876, 0.6199758960869649, 0.16658518396106795, 0.4685727937058328, 0.029814668815960912]], "inverted": true, "swapped": true, "error_lsq": 0.04512521074248399, "error_max": 0.27214022853508696, "target": "129.xyz", "model": "24.xyz", "model_rescale": 3.7841303162186577, "target_rescale": 3.877911993951738},
{"mapping": [13, 11, 7, 6, 5, 12, 9, 14, 10, 3, 8, 2, 4, 15], "R": [[-0.1690809886892401, 0.8428397173662583, 0.5109137207923028], [-0.3184005406320771, -0.5372925569976627, 0.7809851496156088], [0.9327554422189508, -0.03062546366799407, 0.3592065784281383]], "T": [0.08869927575556519, 0.16290787846880175, -0.02031398464772305], "aligned_model": [[-0.49621317076046795, -0.23416935274673245, 0.1446275072282276, 0.45505902107638013, 0.1824274965406843, -0.32891064948149934, -0.23251096542494637, -0.670527429700505, -0.4030321881616747, 0.12734018388642937, 0.441439660805609, 0.29130464060129424, 0.6661094856113869, 0.11541190691411729], [-0.1915036879631878, 0.2976676476104317, 0.7135307251743479, 0.07660995836939585, -0.7065658640030855, -0.4450045245378442, 0.07281852147852316, 0.08215264236705574, 0.7589989848004123, -0.43515193256526585, 0.2637441522820628, -0.31994597639132594, -0.2979717286049771, 0.1436687478611004], [-0.4001427207392577, -0.7037049580389627, -0.3616233365712826, -0.6370470373034188, 0.04728170474198398, 0.15636755666974042, 0.4601530769121298, 0.1949820066643179, 0.06985621898609205, -0.5586756012938848, 0.44322031858890576, 0.5224532296436948, -0.12467767659147466, -0.0813382485807566]], "inverted": true, "swapped": false, "error_lsq": 0.04765649820556149, "error_max": 0.304345879349512, "target": "129.xyz", "model": "25.xyz", "model_rescale": 4.19342608120988, "target_rescale": 3.877911993951738},
{"mapping": [7, 6, 5, 3, 9, 1, 12, 2, 11, 8, 10, 13], "R": [[0.056529088600711264, 0.11972852068807616, 0.9911960166767306], [0.8971326416390387, 0.4295730392310493, -0.10305351654145303], [-0.43812953044474545, 0.8950598221904748, -0.08312899164925924]], "T": [0.0003772696284089147, -0.08904270928744236, -0.12702716043251888], "aligned_model": [[-0.04880608593349558, 0.49200235958190275, 0.1237288594004213, -0.5365752494455489, -0.5956788646986279, -0.4834145310819685, -0.16172909491398693, -0.26631092650305704, 0.5909313320779976, 0.30167255333728404, 0.30094843823002226, -0.11896023541916245], [-0.5462635879541241, -0.32946149139169784, -0.5835963514622663, 0.5713363545457718, -0.17193803017120823, -0.09283495118031324, 0.3689719667299924, 0.46259924660486856, 0.02900916794030775, -0.04280517418099303, 0.35468900815106147, -0.006929729890418707], [0.2639002293558202, 0.05172467094056135, -0.3642585584714924, -0.04321301924864099, -0.5282019382679646, 0.29044821202419147, -0.6456488251928612, 0.5830557316580565, -0.5367253168304302, 0.592595481097915, -0.04622663379414492, -0.16819157206158925]], "inverted": false, "swapped": true, "error_lsq": 0.042661023327608016, "error_max": 0.24338489325140486, "target": "129.xyz", "model": "26.xyz", "model_rescale": 3.795458400668931, "target_rescale": 3.877911993951738},
{"mapping": [12, 9, 3, 10, 8, 5, 4, 11, 0, 1, 6, 7, 13], "R": [[-0.16850814157360616, -0.2696090172764887, 0.9481117993288639], [0.7188572240084267, -0.6917307724238596, -0.06894077148385913], [0.6744251609439764, 0.6699399348337856, 0.3103726566574362]], "T": [-0.1246565660412074, -0.026472363026717377, -0.11697355901698647], "aligned_model": [[0.06020671241808581, 0.2815350921522179, 0.6189869403817765, -0.21282804706100306, -0.2010992292192262, -0.4742144651939768, -0.4662230734514224, -0.7128068394321814, 0.1533179614373747, 0.41121127954357967, -0.6097686777126812, -0.15095234587319295, 0.002311074831906179], [-0.6883904176178786, -0.4353656224933842, -0.24235114404680164, -0.07570717596698665, 0.6584882046580921, -0.05757622721695956, -0.7174532319904428, -0.38344668181146413, 0.08933544519731434, 0.30897425551122926, 0.2791236104645599, 0.4932662988642037, -0.10701581029456747], [-0.29784479861806606, 0.31995937753212866, -0.48006309785238843, -0.6494877022000711, -0.4854285003657583, 0.3222524428038643, 0.2868609353972366, -0.3561210394278096, 0.7616285208392043, -0.023829625662156073, -0.16918445036224813, 0.18876229713771442, -0.12536769712222495]], "inverted": true, "swapped": true, "error_lsq": 0.05063947885483148, "error_max": 0.3287389971838637, "target": "129.xyz", "model": "27.xyz", "model_rescale": 3.6321398670334006, "target_rescale": 3.877911993951738},
