[{"mapping": [1, 5, 6, 12, 3, 0, 11, 9, 8, 7, 2, 4, 13], "R": [[-0.878905183329348, -0.4474793335677836, 0.16519057099767503], [-0.47639656107640505, 0.8408443394377869, -0.25695741559645097], [-0.023916423465491013, -0.3045374244081743, -0.9522000639694661]], "T": [0.018227941372590345, 0.03858771600021524, 0.11770862479688383], "aligned_model": [[-0.10230875270090234, -0.16899491021742044, 0.5541467730771494, -0.40346449636933135, 0.45817245199523593, 0.24551668114279326, -0.49646854969260124, -0.059739690154406805, 0.010326048518988957, 0.012539160072502636, 0.724950585266102, 0.6168072043918643, -0.02418419782021683], [-0.32707686717671736, 0.513924518798719, 0.578808720200525, -0.35093654091041104, 0.05360688994126449, -0.695630281666315, 0.4918868747125439, -0.31500771806338823, 0.7403663946356681, 0.28358139660686826, -0.1901958222101957, 0.46492747563220205, 0.09923033600771422], [0.5475974841720078, 0.6757442761574387, 0.19186087785019915, 0.04310199504385233, 0.3995304794938924, 0.04932591311585534, -0.011400769280988002, -0.5191857849820598, -0.22583668214924263, -0.5973719417867663, -0.08093538508459734, -0.4933081522651893, -0.027424229316563756]], "inverted": false, "swapped": false, "error_lsq": 0.052896946915223626, "error_max": 0.32865333346637415, "target": "13.xyz", "model": "0.xyz", "model_rescale": 3.8414455957264533, "target_rescale": 3.9028299243045295},
{"mapping": [9, 7, 0, 6, 13, 8, 2, 10, 4, 5, 11, 1, 14], "R": [[-0.5468313700379868, 0.7978104897571191, -0.25391706357762617], [-0.8307485150096366, -0.5547357810039191, 0.0460990030614053], [-0.10407861236422154, 0.23614960450417405, 0.9661268067603033]], "T": [0.10002067198629935, 0.10549107031584747, -0.01728939041823995], "aligned_model": [[-0.13815873251197464, -0.0385993696300381, 0.5191653587138431, -0.5843900872748989, 0.5714786849175173, 0.16558814465855926, -0.5775590939187789, 0.03636816829193679, -0.010401783601703518, -0.3202780405533364, 0.9368447370148669, 0.6603769727247338, 0.14686334867903106], [-0.1025699264892984, 0.451063148828627, 0.6152086327760553, -0.2527897944009058, -0.16529079407862973, -0.6650493297907638, 0.39770183515836927, -0.3100492801673471, 0.6337551106306725, 0.13395372586337279, -0.003817461524042734, 0.4991088310626085, 0.11626067863975953], [0.5872690210481278, 0.5064657286495968, 0.2827491198014652, -0.1323715713541608, 0.5111531557467413, 0.14479329166558716, -0.007127827320056422, -0.5573411252586467, -0.08482619416525769, -0.5241045978254378, -0.13579057685130974, -0.5460272893967267, -0.09314305377208329]], "inverted": false, "swapped": false, "error_lsq": 0.0448282913640662, "error_max": 0.2856452945325278, "target": "13.xyz", "model": "1.xyz", "model_rescale": 4.316132596720782, "target_rescale": 3.9028299243045295},
{"mapping": [1, 0, 4, 8, 2, 6, 10, 9, 5, 3, 7, 12], "R": [[0.1437532290551209, 0.9813625551244523, -0.1275246820652085], [-0.09943781395011467, 0.14253502641307653, 0.9847821522561453], [0.9846050631055319, -0.12888483869342482, 0.11807441747441114]], "T": [0.030880027971200284, 0.03871245343906392, 0.011545626089037662], "aligned_model": [[-0.4263282543505058, 0.4152974684927412, 0.12330750733420137, -0.6794643062549621, -0.5732497827584874, -0.3495937264513816, -0.10229102368823584, -0.15006086615735895, 0.6835533647910182, 0.3181740732960015, 0.3517995864718948, -0.013335486093144465], [-0.6238949487264117, -0.3866634567667046, -0.4487315772398099, 0.1284810335527395, -0.21325402622149525, -0.05680114267710119, 0.37504115480559014, 0.5667506280707384, 0.041311782130574334, 0.016681478911142196, 0.5577020879148834, 0.05615341398683512], [0.1331034974124831, 0.10124490052036653, -0.5984803846380967, 0.05896555603001503, -0.548753917516075, 0.5535139738148274, -0.6316947239625871, 0.32311801087947256, -0.3728456302723037, 0.6640256207618154, -0.13246156398985573, -0.10047687783064038]], "inverted": true, "swapped": true, "error_lsq": 0.051328981599134044, "error_max": 0.3339643126454265, "target": "13.xyz", "model": "2.xyz", "model_rescale": 3.795458400668931, "target_rescale": 3.9028299243045295},
{"mapping": [7, 9, 3, 1, 5, 4, 6, 10, 8, 2, 0, 12], "R": [[-0.9290817841131229, -0.36440624972672453, 0.0633650028744668], [-0.2586678399491673, 0.5176841126154748, -0.8155330208652259], [0.2643822743778581, -0.7740873624505397, -0.5752310564365926]], "T": [-0.02825405957598024, -0.0063169135858823595, 0.005961521196690384], "aligned_model": [[-0.01120461882842427, -0.15166725583817894, -0.7353008632883683, 0.02728248543701122, -0.023132860332042628, 0.40029346208547467, -0.31439613963261254, 0.6262213557322988, 0.2948235436456299, 0.7294890224472266, -0.3410951052840924, 0.09199079959964304], [-0.12685150662812478, -0.6120096802030183, -0.09820553462172538, 0.14630023792331057, 0.5276053422926386, 0.6445955156314732, -0.38420909515844964, -0.050833709437037695, -0.49762949009788165, 0.05772229845152648, 0.47649874537057324, 0.0027859217664246054], [-0.6090656350869821, -0.15697014379332944, 0.02582793632761177, 0.8037634992225493, -0.5312969613497539, 0.1105382247100116, 0.47811935911878756, -0.33210630918903783, 0.41721440611807714, 0.41107868278889037, 0.08203328324230055, -0.010364911470024846]], "inverted": true, "swapped": true, "error_lsq": 0.05703337157904353, "error_max": 0.3847915474367188, "target": "13.xyz", "model": "3.xyz", "model_rescale": 3.7530521520055578, "target_rescale": 3.9028299243045295},
{"mapping": [3, 5, 7, 10, 9, 4, 6, 0, 1, 2, 12], "R": [[-0.5885983247184304, -0.3378777525772958, 0.7344321864215734], [-0.768635049580495, -0.047611114713860536, -0.6379132717792393], [0.25050383768526796, -0.9399850031085706, -0.2316808607458407]], "T": [-0.057028456832656796, -0.13168427419657516, 0.0073234831792587446], "aligned_model": [[-0.5128092362812633, -0.2151919469723445, 0.22479242994564408, 0.546598077780903, 0.28262597035252063, -0.18768644655914907, -0.1766056032580485, -0.605390211505976, -0.3646380726828061, 0.31786604890420866, 0.028638592721516254], [-0.6801149184263996, 0.13484904428762798, -0.32697079817569896, 0.22186728004344144, -0.6702526196166546, 0.637443879489352, -0.49712715781345485, 0.0026585478360286185, 0.17270423148235994, 0.5176883235722278, -0.04554245436448359], [-0.008203439271997258, -0.6838278603026473, -0.517574445797116, -0.22772114556686784, 0.06407098889870919, -0.09089376926569331, 0.5548320398709508, -0.12691058691451418, 0.6969525579403228, 0.43178178794455435, 0.0003246497096154972]], "inverted": true, "swapped": true, "error_lsq": 0.04354078778179005, "error_max": 0.2702555636680919, "target": "13.xyz", "model": "4.xyz", "model_rescale": 3.7855080009869324, "target_rescale": 3.9028299243045295},
{"mapping": [10, 14, 13, 3, 8, 7, 2, 4, 12, 1, 6, 11, 16], "R": [[-0.2802567592293997, 0.48238198973742574, 0.8299179265946702], [0.4388568256981459, -0.7045362926807353, 0.55770359406573], [0.8537334686214321, 0.5205153487387739, -0.01424557064392351]], "T": [0.04628933520575409, 0.06729828252486025, 0.060378764257840174], "aligned_model": [[-0.05847012362815888, -0.20314970507504462, 0.6185601769862905, -0.6141495123574569, 0.5340470446368895, 0.3168275775923095, -0.6177493682766667, 0.1780254626774783, 0.12410319671594897, -0.1086872116499416, 0.6268757074126865, 0.557135045486825, 0.013930016988598332], [-0.42705395418690073, 0.6279819858420571, 0.4806716233394117, -0.12966581816101355, -0.08252143219987698, -0.6293397179690431, 0.37565390952277034, -0.331515586394177, 0.7062702245508521, 0.27875902411400144, -0.09389720512562735, 0.4694811218295115, 0.10266120134651176], [0.5853602838537105, 0.3451793059553182, 0.2231553093342462, 0.14664739743133484, 0.5451017201139773, 0.006768806692493523, -0.038389120982266774, -0.5483854549123821, -0.1603589155128719, -0.6498117479856175, -0.1906442371497547, -0.39757522071949036, 0.08464995484914194]], "inverted": false, "swapped": false, "error_lsq": 0.04446027844368628, "error_max": 0.2584626500098735, "target": "13.xyz", "model": "5.xyz", "model_rescale": 4.2253639853439635, "target_rescale": 3.9028299243045295},
{"mapping": [11, 6, 2, 12, 5, 8, 7, 9, 3, 0, 1, 4, 13], "R": [[-0.8894689453499225, -0.027919726448444752, -0.4561419561201761], [0.017993140098928474, -0.9994976179138164, 0.026091352858501456], [-0.4566412620071439, 0.015000021988334361, 0.8895244556350728]], "T": [0.20370627819973736, 0.05182751177668063, -0.007176917227970141], "aligned_model": [[-0.20354020208475238, -0.10942926852769752, 0.5689227827452084, -0.7013462874018961, 0.4416177757162667, 0.46185993703337375, -0.47833334099342545, 0.04235829561859025, 0.017313194609109017, -0.14263902468028938, 0.6751156555249298, 0.603383181094917, 0.1920156088554234], [-0.2541461636888944, 0.41140263063084725, 0.49910509885587373, -0.15490008607403943, -0.023535248891852045, -0.6320635808467094, 0.44264913274771645, -0.4090099047376179, 0.7346498239049659, 0.1882193336151136, -0.09892182848011644, 0.5323567287470508, 0.11167944072613917], [0.5811122999358074, 0.42452880592129677, 0.3344826749708079, 0.09022594850915022, 0.5745960970177448, 0.10012889556836949, -0.11428263350553, -0.37349935926886374, -0.05213001665060639, -0.7174619666518863, -0.5491673390439661, -0.33923317320952195, -0.007602152624962834]], "inverted": false, "swapped": false, "error_lsq": 0.045197979427549245, "error_max": 0.2942094481722053, "target": "13.xyz", "model": "6.xyz", "model_rescale": 3.89814844738969, "target_rescale": 3.9028299243045295},
{"mapping": [10, 11, 8, 2, 9, 5, 4, 1, 7, 0, 6, 3, 12], "R": [[-0.9713002202302726, -0.2315720074625305, 0.054316549415417505], [0.21692546889050082, -0.7687496468565002, 0.6016372008151113], [-0.09756650617532707, 0.5961529886008959, 0.7969205675943869]], "T": [0.06039630758246789, 0.19325857437808186, -0.029920985637084625], "aligned_model": [[-0.25008836723120254, 0.036286937382234714, 0.5927478700763236, -0.4875845977068944, 0.5196116369331674, 0.3148964459829201, -0.5523244030490768, 0.035564071194632486, -0.05441810105706189, 0.029644490549991194, 0.6696945053826027, 0.5724534873183686, -0.05918566826624733], [-0.2283313815923968, 0.622000382834824, 0.5148315809346637, -0.2504997288538245, -0.21998115879244712, -0.5353799334093503, 0.36127134145460416, -0.500112390313249, 0.8002563335441268, 0.12904028670203646, -0.027905988396518727, 0.5623783398608286, 0.11991769253517995], [0.48463206195158265, 0.6563293835233261, 0.23631084506549077, -0.09582500882199088, 0.6152922219564149, 0.053098340716979046, 0.07889458883063036, -0.5130531387720548, -0.25273492479285414, -0.6180882447951124, -0.2228401224742732, -0.533835641189777, 0.06351771976947715]], "inverted": false, "swapped": false, "error_lsq": 0.04532013790351422, "error_max": 0.26106466886694973, "target": "13.xyz", "model": "7.xyz", "model_rescale": 3.7474275329858107, "target_rescale": 3.9028299243045295},
{"mapping": [1, 0, 10, 2, 12, 13, 3, 4, 5, 8, 11, 7, 14], "R": [[0.22353216962291123, -0.632990244177218, -0.7411860224802812], [0.9279744355237086, 0.3708199759150571, -0.03682380312801614], [0.2981556911382516, -0.6795703762222294, 0.6702889582881768]], "T": [0.15776544447692611, 0.13116145639194365, 0.010431231860084203], "aligned_model": [[-0.2586544427049309, -0.08975199537182141, 0.6553347020167087, -0.5946910184172352, 0.552967422763748, 0.4147494246844483, -0.4233184042955729, -0.12383350070294216, 0.01558092833726718, -0.20767458037736483, 0.7566027284058602, 0.5374436816341474, 0.13254336153744484], [-0.11497739392047657, 0.49089754936907676, 0.5598258176304691, -0.24616891310722566, -0.1934709399964174, -0.7291107630680371, 0.5429984743949102, -0.47801327528391035, 0.646513875216659, 0.04494134489670988, 0.10185250276089183, 0.6450974135791254, 0.07709968403670235], [0.5855937862533462, 0.5039272277984814, 0.3898189742075913, 0.005896967611714257, 0.3554990836989477, -0.03432109807554024, -0.07243232033734422, -0.39185476865045116, -0.4662415194101492, -0.5589807424298574, -0.15393071082597948, -0.22534811427374773, 0.014071315400827534]], "inverted": true, "swapped": false, "error_lsq": 0.05422000279273286, "error_max": 0.28919735354581205, "target": "13.xyz", "model": "8.xyz", "model_rescale": 4.019505241142653, "target_rescale": 3.9028299243045295},
{"mapping": [6, 2, 4, 10, 5, 11, 1, 9, 0, 1, 8, 7, 12], "R": [[0.6140205858445016, -0.6846271240075591, 0.39276509675926347], [-0.3557279939441417, -0.684252216807506, -0.6365975951246523], [0.7045823688424597, 0.2511664883441903, -0.6636859804524997]], "T": [0.09733614131360686, 0.09537827498951248, 0.08425383706061146], "aligned_model": [[-0.2656470666286599, -0.17235687174478548, 0.7904252792327318, -0.6767166085894833, 0.47685018330290246, 0.3464991935945836, -0.415305155601362, 0.1314319956499489, 0.21015029937522892, -0.415305155601362, 0.6269844984949304, 0.6054686449284369, 0.12481907109664771], [-0.3102889469573359, 0.4408627049857795, 0.5457030168468456, -0.3634339084410072, -0.055099214365571275, -0.4748310333130158, 0.29885294794903583, -0.25715927656591897, 0.7198568637371958, 0.29885294794903583, -0.10752173713841959, 0.535768771010426, 0.07592224081142754], [0.5656467470175042, 0.48159292342677607, 0.15081016668275565, -0.08460550950028034, 0.6170299028446284, 0.08960566816491694, -0.3057490607900459, -0.5004638802105683, -0.05697482861190348, -0.3057490607900459, -0.28240831560817964, -0.5219157430572583, 0.10487907139953956]], "inverted": false, "swapped": false, "error_lsq": 0.055820694702118916, "error_max": 0.3668580739140156, "target": "13.xyz", "model": "9.xyz", "model_rescale": 3.877068213659057, "target_rescale": 3.9028299243045295},
{"mapping": [5, 4, 13, 1, 3, 12, 7, 11, 2, 8, 10, 14, 15], "R": [[0.5321314885435596, 0.349161406297271, 0.7713121231077129], [-0.7465418983787213, -0.23624085443842813, 0.6219850903834406], [0.39938862385590146, -0.9067946686249945, 0.13495242157062556]], "T": [0.18599085698156811, 0.0961189976055233, -0.01266795624335454], "aligned_model": [[-0.1857952119427135, -0.1513770598683816, 0.6787135399761048, -0.6243114494200303, 0.2731070265318413, 0.3520164588786199, -0.5357468108568282, 0.21087913876122513, 0.08976428678634352, -0.32707677996450335, 0.7107268137574018, 0.7316369059776148, 0.14476144889306358], [-0.3822757188485005, 0.4419817650236624, 0.6258718344452523, -0.13201012447983235, 0.0039139570197100765, -0.6225698049002425, 0.4772948839118432, -0.40558192029898604, 0.7404557764475178, 0.11114214477502045, -0.05803559926863265, 0.5290808384019786, 0.018217344279686423], [0.481203541684227, 0.4613072694163444, 0.2597743045874427, 0.19774565096931995, 0.6091602726283183, 0.10614753256631287, -0.02195514842358471, -0.5533453449582271, -0.1388658982610093, -0.5887398621507646, -0.4644414784743447, -0.3652810306857726, -0.031011727930423477]], "inverted": false, "swapped": false, "error_lsq": 0.04203487209979326, "error_max": 0.28888539162033255, "target": "13.xyz", "model": "10.xyz", "model_rescale": 4.260839863003843, "target_rescale": 3.9028299243045295},
{"mapping": [0, 4, 2, 1, 8, 6, 3, 7, 10, 11, 9, 12], "R": [[0.08216555817347809, -0.9759569999246125, -0.20188302392274404], [-0.8039215260772602, 0.05481919895388271, -0.5922035421505549], [0.5890322579958165, 0.21095684327417555, -0.7800885906845101]], "T": [0.15197273351118293, 0.06902180664528759, -0.14060933793449726], "aligned_model": [[0.34209841860343737, 0.17986932436790798, -0.38870658785961, -0.5203034374593652, -0.4792967235546344, -0.33029825716718864, 0.28941358019695385, 0.6532348034482993, 0.2634431551592319, -0.29960654409682275, 0.11124640406158039, 0.13780451339434038], [-0.06910491222193482, -0.7035760781914867, -0.5341435895390624, -0.14739418645727184, 0.1644508776756433, 0.49765125507455477, 0.6208575217932663, 0.19666035297672885, -0.32119350078777464, -0.11583601929491125, 0.6037314555666523, -0.019024671061469864], [-0.6712133586478741, -0.2841033946540765, 0.1530790852910635, -0.545668798734198, 0.1869395681490894, -0.31753955658977395, -0.5711215130414786, 0.2136820862473452, 0.475763950941682, 0.7268332259048556, 0.2073392637875755, -0.057812481258705334]], "inverted": false, "swapped": true, "error_lsq": 0.047216179967279746, "error_max": 0.327467166560218, "target": "13.xyz", "model": "11.xyz", "model_rescale": 3.890672605050136, "target_rescale": 3.9028299243045295},
{"mapping": [8, 5, 9, 3, 6, 1, 7, 0, 12, 4, 11, 10, 13], "R": [[0.5592598003124643, -0.7490386515955012, 0.3552035672265357], [0.323267594866536, -0.19750482869230765, -0.9254673979954278], [0.7633652715860657, 0.632402515063955, 0.13168341230814337]], "T": [0.21866052429503313, 0.034713391104356534, 0.027176035528900654], "aligned_model": [[-0.2644687582121513, -0.025014007786192005, 0.6399011134071977, -0.6414728349769139, 0.5007241702809775, 0.4338651781959746, -0.49570154819458356, -0.05699543145135999, 0.04515235278412716, -0.07286503209784212, 0.7307429750655755, 0.4761108824976176, 0.09731924799733024], [-0.1906057734144588, 0.6051196116622809, 0.544978333054699, -0.24601014066919982, -0.2508110301807126, -0.6975317544577142, 0.49958985217008234, -0.4713212913156093, 0.7349975070257719, 0.008869620694816283, 0.08895818475487435, 0.5951783052294646, 0.12607395195418286], [0.5119527019669308, 0.4964644839259182, 0.43706196005211667, -0.1583719608983635, 0.44066635996769515, -0.12382824961028407, 0.05043276814007145, -0.10180936673384616, -0.1589132391544525, -0.6095358249904279, -0.16670854320262174, -0.6202333384676906, -0.04547967002720658]], "inverted": true, "swapped": false, "error_lsq": 0.055809116435619005, "error_max": 0.41139758239578994, "target": "13.xyz", "model": "12.xyz", "model_rescale": 4.124412569039231, "target_rescale": 3.9028299243045295},
{"mapping": [0, 1, 2, 3, 4, 5, 6, 7, 8, 9, 10, 11, 12], "R": [[1.0, 0.0, 0.0], [0.0, 1.0, 0.0], [0.0, 0.0, 1.0]], "T": [0.0, 0.0, 0.0], "aligned_model": [[-0.18587805875995722, -0.1198495602094039, 0.6134643826240122, -0.6859252649798829, 0.5388775813424092, 0.28490814910366546, -0.48842811164508637, 0.14726418038890512, 0.06435078004193455, -0.2282579480218434, 0.6859252649798829, 0.6224585741929054, 0.11838833845221652], [-0.3050610385519567, 0.5587988183698859, 0.5565703072206212, -0.19470465399165626, -0.09985012351503775, -0.6904218739380937, 0.45684823181674417, -0.4074729826417881, 0.6904218739380937, 0.14246163957530833, -0.0001534655651446867, 0.6135811440532422, 0.026467499738259258], [0.4573341266768278, 0.5798657279187696, 0.2372476723194638, -0.01870840298351514, 0.5638414324170525, 0.1260589609442617, -0.01845230676118638, -0.4531629994907275, -0.18458801151279552, -0.5798657279187696, -0.27224286879201925, -0.47604239770480977, -0.009587124144713046]], "inverted": false, "swapped": false, "error_lsq": 0.0, "error_max": 0.0, "target": "13.xyz", "model": "13.xyz", "model_rescale": 3.9028299243045295, "target_rescale": 3.9028299243045295},
{"mapping": [9, 14, 12, 7, 11, 6, 10, 3, 5, 4, 2, 8, 15], "R": [[-0.3029234911483931, -0.3381886601910231, 0.8909914638360295], [-0.9508259689100473, 0.04391998948052056, -0.3065958436937805], [0.06455490188002388, -0.9400529052357809, -0.33486295704516034]], "T": [0.2023799089359107, 0.11976855460539568, -0.07943303859100452], "aligned_model": [[-0.17589385997609083, -0.15881512185407667, 0.615131776513296, -0.6043532109466941, 0.3797717097860911, 0.21576649262789158, -0.48693823523933655, 0.0604267032300041, 0.14513605558944415, -0.260593716652082, 0.8299502710619038, 0.6810386803580369, 0.12667076301137065], [-0.27548678910371294, 0.4084782265100608, 0.5799558143040142, -0.28152826277999576, 0.08278996133933308, -0.5288981491945748, 0.3750811570541098, -0.3356497010541739, 0.5957927838699504, 0.2247809721635287, -0.11747804681858884, 0.5612493157402471, 0.05839809447827936], [0.469682273056892, 0.6750439510278133, 0.24010392450300605, 0.014217874260954444, 0.6368220981927531, 0.0737353948656841, 0.043076443452763555, -0.48084672176580945, -0.2589487985183367, -0.5631592918078567, -0.3827798042727959, -0.49474939710108895, -0.020499864926139824]], "inverted": true, "swapped": false, "error_lsq": 0.038863013620238036, "error_max": 0.25297876696745103, "target": "13.xyz", "model": "14.xyz", "model_rescale": 3.942246331269136, "target_rescale": 3.9028299243045295},
{"mapping": [12, 8, 7, 13, 0, 1, 11, 3, 6, 4, 5, 9, 14], "R": [[0.05256797626355092, -0.31087910223923443, 0.9489946215139908], [-0.07788257890324952, -0.9486903374807345, -0.3064652467639188], [0.9955756685330022, -0.057799890671333856, -0.07408279735166584]], "T": [0.10309272496463083, 0.13873473151521415, -0.10870402216869296], "aligned_model": [[-0.21707860635582998, -0.06891457611482445, 0.6261920877854105, -0.6571478651730791, 0.47005812225277743, 0.3754506114232374, -0.47130629972597193, 0.08759014788833934, 0.0972500475506657, -0.28836927472432505, 0.6246304673641606, 0.6387986712697572, 0.15014477406944024], [-0.5182239243222375, 0.5092407484578891, 0.6823889977856159, -0.1039054505681504, 0.06980987660935951, -0.5970226155271687, 0.5676988273772832, -0.5148661261610772, 0.6919971700145191, 0.005797870933404864, -0.17899689390679285, 0.6388681159289293, 0.09469877988690265], [0.25731770025154965, 0.5485476085424277, 0.2935230325050632, 0.04650497773445231, 0.524780977209838, 0.09408587831349116, -0.09579706465454407, -0.4072228983716171, -0.027120159764047913, -0.5243351937869696, -0.2814018960658705, -0.44194273993806293, -0.03524214100787097]], "inverted": true, "swapped": false, "error_lsq": 0.04277120690721115, "error_max": 0.2939701700515459, "target": "13.xyz", "model": "15.xyz", "model_rescale": 4.355366556412066, "target_rescale": 3.9028299243045295},
{"mapping": [1, 0, 4, 8, 2, 6, 10, 9, 5, 3, 7, 12], "R": [[0.1437532290551209, 0.9813625551244523, -0.1275246820652085], [-0.09943781395011467, 0.14253502641307653, 0.9847821522561453], [0.9846050631055319, -0.12888483869342482, 0.11807441747441114]], "T": [0.030880027971200284, 0.03871245343906392, 0.011545626089037662], "aligned_model": [[-0.4263282543505058, 0.4152974684927412, 0.12330750733420137, -0.6794643062549621, -0.5732497827584874, -0.3495937264513816, -0.10229102368823584, -0.15006086615735895, 0.6835533647910182, 0.3181740732960015, 0.3517995864718948, -0.013335486093144465], [-0.6238949487264117, -0.3866634567667046, -0.4487315772398099, 0.1284810335527395, -0.21325402622149525, -0.05680114267710119, 0.37504115480559014, 0.5667506280707384, 0.041311782130574334, 0.016681478911142196, 0.5577020879148834, 0.05615341398683512], [0.1331034974124831, 0.10124490052036653, -0.5984803846380967, 0.05896555603001503, -0.548753917516075, 0.5535139738148274, -0.6316947239625871, 0.32311801087947256, -0.3728456302723037, 0.6640256207618154, -0.13246156398985573, -0.10047687783064038]], "inverted": true, "swapped": true, "error_lsq": 0.051328981599134044, "error_max": 0.3339643126454265, "target": "13.xyz", "model": "16.xyz", "model_rescale": 3.795458400668931, "target_rescale": 3.9028299243045295},
{"mapping": [10, 11, 8, 2, 9, 5, 4, 1, 7, 0, 6, 3, 12], "R": [[-0.9713002202302726, -0.2315720074625305, 0.054316549415417505], [0.21692546889050082, -0.7687496468565002, 0.6016372008151113], [-0.09756650617532707, 0.5961529886008959, 0.7969205675943869]], "T": [0.06039630758246789, 0.19325857437808186, -0.029920985637084625], "aligned_model": [[-0.25008836723120254, 0.036286937382234714, 0.5927478700763236, -0.4875845977068944, 0.5196116369331674, 0.3148964459829201, -0.5523244030490768, 0.035564071194632486, -0.05441810105706189, 0.029644490549991194, 0.6696945053826027, 0.5724534873183686, -0.05918566826624733], [-0.2283313815923968, 0.622000382834824, 0.5148315809346637, -0.2504997288538245, -0.21998115879244712, -0.5353799334093503, 0.36127134145460416, -0.500112390313249, 0.8002563335441268, 0.12904028670203646, -0.027905988396518727, 0.5623783398608286, 0.11991769253517995], [0.48463206195158265, 0.6563293835233261, 0.23631084506549077, -0.09582500882199088, 0.6152922219564149, 0.053098340716979046, 0.07889458883063036, -0.5130531387720548, -0.25273492479285414, -0.6180882447951124, -0.2228401224742732, -0.533835641189777, 0.06351771976947715]], "inverted": false, "swapped": false, "error_lsq": 0.04532013790351422, "error_max": 0.26106466886694973, "target": "13.xyz", "model": "17.xyz", "model_rescale": 3.7474275329858107, "target_rescale": 3.9028299243045295},
{"mapping": [9, 12, 11, 4, 7, 2, 5, 0, 10, 8, 1, 3, 13], "R": [[-0.009415775590293336, 0.7133377061944264, -0.7007572048087036], [-0.9901336267623038, 0.09133037286121676, 0.10627400504148793], [0.13980967178475293, 0.6948439248596086, 0.705439703845151]], "T": [0.1282086298376707, 0.08678045434541881, 0.018261066568082504], "aligned_model": [[-0.2662294640033859, -0.06565686657198724, 0.6538628120365242, -0.6086966892003559, 0.5525911041797948, 0.34376471239870987, -0.4945193982803796, 0.11224820207356981, -0.011609368859961666, -0.1881707539460011, 0.7581222665083088, 0.4490447884889981, 0.13254696268592325], [-0.17182169514540513, 0.4456048154259082, 0.56494048405515, -0.1956432999298181, 0.046291421766033417, -0.5829735726642843, 0.4400310515255627, -0.5052574492166931, 0.7526366357957449, 0.25528207295155214, -0.09545750332184622, 0.41015399749436143, -0.01630158222778877], [0.49288479570710736, 0.6450769649868408, 0.1478269900622552, -0.23948531229135078, 0.6392920124543071, 0.11205788093246746, 0.12142964346226125, -0.5719751372285293, -0.09803959262194913, -0.6049289054809526, -0.20200366944590586, -0.48481237956318907, -0.005625210005523611]], "inverted": false, "swapped": false, "error_lsq": 0.04365114187298903, "error_max": 0.26745440286345135, "target": "13.xyz", "model": "18.xyz", "model_rescale": 3.922800546911778, "target_rescale": 3.9028299243045295},
{"mapping": [5, 8, 6, 12, 1, 0, 13, 3, 4, 7, 2, 10, 14], "R": [[0.3806538846855366, -0.2560255714599918, -0.8885682454557979], [0.3124888651321694, -0.8687642938592576, 0.38418655739579816], [-0.8703179472136717, -0.42390978813163865, -0.2506933630632654]], "T": [0.10077992390059215, 0.14602901177947356, -0.007452522649003045], "aligned_model": [[-0.1461567485613417, -0.12946688513839816, 0.49157679256474013, -0.6051029681831255, 0.6465731774564705, 0.30701418410148756, -0.4390246111698181, -0.025335736728053004, 0.15612147905835672, -0.31838669905560507, 0.7045528355387596, 0.6613435700719019, 0.06358991755438287], [-0.35650307595351327, 0.38539235244536935, 0.5968586076623026, -0.20076057147933316, -0.024787730528721102, -0.6565696181219178, 0.5481959967772772, -0.4144428750186756, 0.8653622381581932, -0.007725963868287639, -0.09576610619499251, 0.5878906107014082, 0.12034151192936812], [0.5112164476758742, 0.5064368157247795, 0.33866632230390276, -0.016417575533574796, 0.4625627843952998, 0.10092415785320101, -0.1441511946080971, -0.2887270288493136, -0.06545390877439788, -0.6699249890366327, -0.3076563781929818, -0.38312175648720836, -0.09265561550301203]], "inverted": false, "swapped": false, "error_lsq": 0.04361716643451878, "error_max": 0.23849213661944946, "target": "13.xyz", "model": "19.xyz", "model_rescale": 3.9282355846067225, "target_rescale": 3.9028299243045295},
{"mapping": [2, 7, 6, 10, 5, 1, 12, 0, 9, 11, 4, 8, 13], "R": [[-0.4952011984216285, 0.42981754466565036, -0.7550050671216548], [0.3538115223806627, 0.8934846937658608, 0.2765908686793611], [0.7934690792415673, -0.13016136256092817, -0.5945290909483082]], "T": [0.20236067942847094, 0.1695592795082961, 0.02702063760256137], "aligned_model": [[-0.21509536709438068, -0.021974954713406242, 0.7323265790132092, -0.5801257298965423, 0.4981773259921465, 0.17734622433493197, -0.5179280170706732, 0.22155815988211497, -0.14423894620857627, -0.02583634353718478, 0.5852685416851438, 0.5092793796190783, 0.14854145550389627], [-0.26813725704729807, 0.46823801866626524, 0.37082586461407474, -0.17439049691479244, -0.12725450221624265, -0.564879644773639, 0.618301041118968, -0.47804040082236043, 0.6341341414010281, 0.03380000405555203, 0.08682868992151664, 0.7295155558325949, 0.018544362672809594], [0.5863670432123818, 0.5255808750952742, 0.3517851077255437, -0.08090489001542231, 0.5856656437046396, 0.17356257645482295, 0.07810263393865083, -0.44249304587929617, -0.3504230303048395, -0.6384556648786858, -0.4688675186468704, -0.38634537358669824, 0.01812372414833805]], "inverted": false, "swapped": false, "error_lsq": 0.049789461439773856, "error_max": 0.2723586535970261, "target": "13.xyz", "model": "20.xyz", "model_rescale": 4.067790424073018, "target_rescale": 3.9028299243045295},
{"mapping": [12, 0, 2, 9, 3, 11, 7, 13, 8, 1, 6, 4, 14], "R": [[-0.6864250147355236, -0.7220853003087946, 0.08610178989599682], [-0.35483565247923354, 0.2292336235480913, -0.9063904266731024], [0.6347537781494278, -0.6527210467825977, -0.4135733021026104]], "T": [0.1398913198076871, 0.08809571629686667, -0.07414830969890439], "aligned_model": [[-0.17925473355194554, 0.001158479607415025, 0.6282377853137413, -0.5948475267946858, 0.5234695685235216, 0.3000428312006973, -0.4906006426476909, 0.12225272636879064, -0.02724711126695817, -0.5108309194211108, 0.8684994865949709, 0.6344524555428849, 0.09196590804012755], [-0.33413672851142423, 0.558027080090074, 0.49870249637014796, -0.14753517832478047, -0.1295654356276844, -0.518268559646022, 0.4831396617819333, -0.40442061044497685, 0.5810917722185959, 0.11434639038823513, -0.030810139474161044, 0.6502962930616668, 0.026618334626873436], [0.4798186803590516, 0.44002650677345156, 0.30878997948687076, 0.019054738867692433, 0.6533380246784437, 0.08303347117260405, -0.01861342315410079, -0.5713807030437232, -0.3069304619970966, -0.5733242013058878, -0.12463038027455468, -0.3601767859769073, -0.07730736461800476]], "inverted": false, "swapped": false, "error_lsq": 0.04245661339273485, "error_max": 0.28404355823128513, "target": "13.xyz", "model": "21.xyz", "model_rescale": 4.186013935880536, "target_rescale": 3.9028299243045295},
{"mapping": [5, 0, 1, 3, 2, 8, 6, 11, 7, 4, 9, 10, 12], "R": [[0.3827633833948647, -0.8899513478810287, 0.24794916966357536], [0.8511045228632871, 0.44407535364651574, 0.2800324471295762], [-0.35932336897810135, 0.10384449281720534, 0.9274174021538333]], "T": [0.14179479804015696, 0.09327139436680949, -0.0018377188445580514], "aligned_model": [[-0.2713100044627069, -0.04616310384650188, 0.52516573935079, -0.7440254224042573, 0.35356484866306814, 0.5972232731058421, -0.33068353595717326, 0.05068205625822393, 0.18953375503048903, -0.21720054302897815, 0.7267764030461786, 0.4316615867979128, 0.10207325495687031], [-0.3211933090934073, 0.44378274382595, 0.5965189823611405, -0.1596288819033096, -0.23418442972353704, -0.5190927011775743, 0.38739350198658484, -0.4159787438911336, 0.7874472783518367, 0.25316239333345697, 0.055053317029569594, 0.39270391942012933, 0.08150130598877144], [0.5042276997028473, 0.6011565282466301, 0.3654385020966203, -0.06268705779655662, 0.6287376785453759, 0.07071053606946168, 0.008614971220835918, -0.3642307978086906, -0.23457055700869586, -0.6127168904559077, -0.20625557669351327, -0.7247601492292608, -0.021966805921307606]], "inverted": true, "swapped": false, "error_lsq": 0.054182970449098304, "error_max": 0.38347197900760643, "target": "13.xyz", "model": "22.xyz", "model_rescale": 4.166573947596378, "target_rescale": 3.9028299243045295},
{"mapping": [4, 8, 9, 0, 3, 2, 7, 6, 10, 5, 12, 14, 15], "R": [[0.978230735701832, -0.05753816491499533, 0.19938401968680292], [-0.20448423434703655, -0.10351652991407082, 0.9733809767701729], [-0.03536701332822484, -0.9929620776307444, -0.11302869881351854]], "T": [0.21056907559473692, 0.09002550218834167, 0.00473848403239434], "aligned_model": [[-0.16964595099551255, -0.1380252391607686, 0.54684578433202, -0.5835296939376122, 0.4153758874713675, 0.2563841929720855, -0.3950883338152589, 0.25620103165661334, 0.014551858361748077, -0.3497379762082776, 0.7462893751920611, 0.6042118580058363, 0.16346551363545572], [-0.23738470685191487, 0.42079582246697705, 0.4720871506278092, -0.0539690113565839, -0.13292276256508428, -0.5727149668161438, 0.43710464945823196, -0.4721988613170455, 0.766348424047458, 0.058426885479726284, -0.008718538389138164, 0.6199653195728749, 0.050665972151310364], [0.5414810684579132, 0.6552399361169339, 0.32316592982598696, 0.1289499453964079, 0.5241370718899578, 0.1119079057556922, -0.15051877218255424, -0.5060737335523001, -0.2504198766385068, -0.6085473517108271, -0.3594520296812433, -0.43136576156301537, -0.026806251146606154]], "inverted": false, "swapped": false, "error_lsq": 0.037531122192838606, "error_max": 0.22824189344479734, "target": "13.xyz", "model": "23.xyz", "model_rescale": 4.274766983524099, "target_rescale": 3.9028299243045295},
{"mapping": [10, 4, 5, 7, 0, 3, 9, 6, 8, 1, 12], "R": [[-0.5256391738855304, -0.8503742455018872, 0.023813892248721824], [-0.20505285667164658, 0.09948167569594735, -0.973682043673151], [0.8256250873415456, -0.5166885316976011, -0.22666313410972405]], "T": [-0.07594774132342297, 0.06552815375752302, 0.032111737949896836], "aligned_model": [[0.2909541074865418, 0.10897019279451856, -0.5163077918363348, -0.33425287453630353, -0.44395948667844054, -0.6016232342957278, -0.06097449132423223, 0.05624670125397055, 0.5493902886813861, 0.32243389845281545, 0.009017393959881631], [-0.05888363704436844, 0.7349620770372476, 0.3153750552922814, -0.3049754857154792, 0.5030593372250777, -0.07396927209581841, -0.5600539601856749, -0.09804013321161603, -0.1696908922096691, 0.5499672632533597, 0.07783617889814327], [-0.595992084635834, -0.33658845970857426, -0.5312757226648732, -0.40272522668073324, 0.131616572848811, 0.4935866777186159, 0.1627413383443474, 0.6672360247109318, 0.29387588664568587, 0.5512216657964074, -0.054130238353206746]], "inverted": true, "swapped": true, "error_lsq": 0.04425864624925335, "error_max": 0.23635197137881583, "target": "13.xyz", "model": "24.xyz", "model_rescale": 3.7841303162186577, "target_rescale": 3.9028299243045295},
{"mapping": [7, 13, 3, 10, 6, 0, 14, 8, 12, 9, 4, 5, 15], "R": [[-0.2413968251380768, 0.9640682936168312, -0.11090490546404269], [0.2198236439233432, -0.0569903843271754, -0.9738735347397547], [-0.9452011100213118, -0.259469499820253, -0.1981677074538324]], "T": [0.08210504475177967, -0.011652167440433875, -0.01691788713508475], "aligned_model": [[-0.06339788131577549, -0.08499196763385729, 0.5870732339628646, -0.6508004913248076, 0.6011742078038832, 0.05467485096553843, -0.5435694540032394, 0.17339726763145208, 0.018174716136747288, -0.26777235539158417, 0.816095232343717, 0.5957271706434806, 0.13151377769133846], [-0.43589818450437756, 0.6670565880066496, 0.521252864082221, -0.2148291209795982, -0.06790612263594088, -0.7461977977427482, 0.4646057136736239, -0.3641833645100173, 0.6927464463170572, 0.1788823049701821, 0.035461452826680624, 0.6195950332482876, -0.0031004362435424326], [0.45387907081113943, 0.334412457415889, 0.31477661522494427, 0.1468615560683689, 0.4825109353574499, 0.015023478274336137, -0.12184078546983804, -0.4825843651783703, -0.2906100727155916, -0.4451971514221295, -0.14238921518430103, -0.34411511949016754, 0.030970677276108985]], "inverted": true, "swapped": false, "error_lsq": 0.044176858980342855, "error_max": 0.2705219112150616, "target": "13.xyz", "model": "25.xyz", "model_rescale": 4.19342608120988, "target_rescale": 3.9028299243045295},
{"mapping": [1, 0, 4, 8, 2, 6, 10, 9, 5, 3, 7, 12], "R": [[0.1437532290551209, 0.9813625551244523, -0.1275246820652085], [-0.09943781395011467, 0.14253502641307653, 0.9847821522561453], [0.9846050631055319, -0.12888483869342482, 0.11807441747441114]], "T": [0.030880027971200284, 0.03871245343906392, 0.011545626089037662], "aligned_model": [[-0.4263282543505058, 0.4152974684927412, 0.12330750733420137, -0.6794643062549621, -0.5732497827584874, -0.3495937264513816, -0.10229102368823584, -0.15006086615735895, 0.6835533647910182, 0.3181740732960015, 0.3517995864718948, -0.013335486093144465], [-0.6238949487264117, -0.3866634567667046, -0.4487315772398099, 0.1284810335527395, -0.21325402622149525, -0.05680114267710119, 0.37504115480559014, 0.5667506280707384, 0.041311782130574334, 0.016681478911142196, 0.5577020879148834, 0.05615341398683512], [0.1331034974124831, 0.10124490052036653, -0.5984803846380967, 0.05896555603001503, -0.548753917516075, 0.5535139738148274, -0.6316947239625871, 0.32311801087947256, -0.3728456302723037, 0.6640256207618154, -0.13246156398985573, -0.10047687783064038]], "inverted": true, "swapped": true, "error_lsq": 0.051328981599134044, "error_max": 0.3339643126454265, "target": "13.xyz", "model": "26.xyz", "model_rescale": 3.795458400668931, "target_rescale": 3.9028299243045295},
{"mapping": [3, 7, 6, 4, 0, 2, 10, 9, 5, 11, 1, 8, 12], "R": [[0.4624610704208061, -0.7455877649092981, 0.4798214700936171], [-0.8026993551386612, -0.1222311757767286, 0.5837236374588717], [-0.37656805972522434, -0.6551018428349871, -0.6550099784804687]], "T": [0.12719853688525626, 0.04689073489403303, -0.12129821967209982], "aligned_model": [[-0.20207097975477703, -0.12393677497461256, 0.7242288288115496, -0.6830164935008145, 0.44589637914968705, 0.47782569079905945, -0.46585422800303256, 0.083469306277855, 0.13523016682343897, -0.27595679132351014, 0.7064201254271124, 0.43558150522772243, 0.10948157255007954], [-0.27686928386936294, 0.42122479521118494, 0.5898219161861238, -0.13337098731746133, -0.1772883554534181, -0.7139851292629664, 0.4223609504103595, -0.36862514142105474, 0.7833980595455028, 0.16345276878421194, -0.03559528451620411, 0.5320386773010347, 0.14092239091052755], [0.45475524530300254, 0.5547292687134964, 0.05181308145826001, -0.2208999198505096, 0.6131734359279645, 0.14881922178781026, 0.0011638717183031777, -0.22033660130264615, 0.034756006593981384, -0.7004818393693433, -0.21102880821431264, -0.568828250978061, 0.014063369179893218]], "inverted": false, "swapped": false, "error_lsq": 0.047335866986175985, "error_max": 0.2485563454025094, "target": "13.xyz", "model": "27.xyz", "model_rescale": 3.6321398670334006, "target_rescale": 3.9028299243045295},
{"mapping": [1, 7, 12, 5, 6, 13, 3, 11, 8, 0, 9, 10, 14], "R": [[0.6497364915522584, 0.41837383086652036, -0.6346698584236017], [0.17569781617893654, 0.7296559677653908, 0.660857356843596], [0.7395760737985748, -0.5408932485716784, 0.4005767401063893]], "T": [0.0978024490462688, 0.11922889104188052, 0.009861808745617887], "aligned_model": [[-0.3382262242240967, -0.04813084540287964, 0.6399655699182942, -0.7015934685698497, 0.5925698449503709, 0.44344949569156744, -0.5177282543229749, 0.21445245509574107, 0.169730544196189, -0.2627028569748474, 0.7294752656318073, 0.355590905898742, 0.09044587562169401], [-0.2842906847541512, 0.6777991927015835, 0.6099575032727402, -0.1825663192282604, -0.13416817515142782, -0.6150028739260057, 0.411104056910164, -0.31167060995962365, 0.6250962137891168, 0.17605869147960188, -0.015246696913085875, 0.33218645980953476, 0.058228618478290486], [0.3169744007730048, 0.5271529025012163, 0.39554861220696225, -0.19472347793328232, 0.5529111508275913, 0.09879530283853895, 0.0964119140105988, -0.45192194209889375, -0.06730176231748562, -0.4963179936296613, -0.1618295720843118, -0.6921822200836263, 0.028180765957187708]], "inverted": false, "swapped": false, "error_lsq": 0.05126043702903472, "error_max": 0.44397944042413245, "target": "13.xyz", "model": "28.xyz", "model_rescale": 4.156811204709835, "target_rescale": 3.9028299243045295},
