[{"mapping": [5, 8, 4, 6, 12, 3, 2, 11, 1, 9, 10, 13], "R": [[-0.14652687071917025, -0.922248637832003, -0.35775316375157734], [-0.9801101746780991, 0.08641911974673433, 0.17864988450784294], [-0.13384289913818215, 0.37681452434747653, -0.9165679967089575]], "T": [-0.09589260920765183, 0.0803450541611669, -0.0006728986257639492], "aligned_model": [[-0.06263170589296188, 0.5533467983483943, 0.2589240851724388, -0.0691990231710782, -0.08491401222272277, -0.4750353846587284, -0.45305333110145685, 0.5112842410257263, -0.5308577400469273, 0.12277219202487857, 0.669632626848086, 0.05249476499821368], [0.10177703278081257, -0.31880411887998866, -0.7459767781396452, -0.6302687811162011, 0.6191331161576918, -0.2532670010631166, -0.44338642693955754, 0.27288318100591474, 0.4379611725369371, 0.211182536565023, 0.6725680035687625, 0.061447140348755695], [-0.7562095575939013, -0.17314684146796833, 0.32290332031390734, -0.28149617715614306, 0.21076669707919662, -0.13540989514125887, 0.434527974362838, -0.2858521108679441, -0.12700642645899948, 0.6862116838656362, 0.27981242326898464, 0.0638555314281769]], "inverted": true, "swapped": false, "error_lsq": 0.05510025931051371, "error_max": 0.36396553372846785, "target": "130.xyz", "model": "0.xyz", "model_rescale": 3.8414455957264533, "target_rescale": 3.8445864932456666},
{"mapping": [11, 8, 9, 13, 4, 0, 7, 10, 1, 6, 5, 14], "R": [[-0.9631018673691601, -0.12454149421302248, 0.23858794875103184], [0.1368133750250246, 0.5368561716817225, 0.8325067875648267], [-0.2317690520416807, 0.8344308642101113, -0.500008239301382]], "T": [0.0448082233086463, 0.030122701433026897, 0.08106292504564953], "aligned_model": [[-0.13014559293260058, 0.6501383763805948, 0.13310895695328234, -0.048981710894367744, -0.35931572770561215, -0.6479531902090774, -0.36634961546401656, 0.5966374036706152, -0.3478097054597215, 0.6458204921430925, 0.3266053025782704, 0.04100852226340359], [-0.020931562886984247, -0.4152831503417729, -0.5679432843224231, -0.6224025957933831, 0.30482713993091926, -0.11435814156260374, -0.3014505928650723, 0.3792773444690626, 0.582118989168791, 0.09922345403541022, 0.565141286988814, 0.09703019000462991], [-0.7514333370524698, -0.16284572688623233, 0.3973377060725635, -0.2934516746178479, 0.3198903492129212, -0.07617663567417828, 0.4470730126924532, -0.12377088895439863, -0.4571277024315619, 0.5750634437537767, 0.343109303016206, 0.02128877250129254]], "inverted": true, "swapped": false, "error_lsq": 0.051583732230749905, "error_max": 0.3393342010201192, "target": "130.xyz", "model": "1.xyz", "model_rescale": 4.316132596720782, "target_rescale": 3.8445864932456666},
{"mapping": [7, 6, 4, 3, 1, 5, 0, 10, 9, 2, 8, 11], "R": [[0.24936949689916493, 0.4632656119547436, -0.8504115631836473], [0.9593281655488926, 0.0017989144501286414, 0.2822875036047434], [0.1323039107541958, -0.8862176576253704, -0.44397515528703596]], "T": [0.009898494765283282, 0.04387726072717354, 0.0049146048653737895], "aligned_model": [[-0.21109797627910296, 0.7478518376996232, 0.14302263405973206, 0.09056177603816964, -0.09218914874420053, -0.5234806574724472, -0.460142198724585, 0.4144117797861596, -0.5473002875157252, 0.2499407724491477, 0.5969370392796036, 0.08424794074748804], [0.008062092036176603, -0.31378408732299107, -0.6325238625395055, -0.4559841576001859, 0.4960475669169061, -0.29185319427683526, -0.12459993850619525, 0.39099240909470157, 0.46814287215093303, 0.05029645795132339, 0.44637599032267855, -0.05592307140161865], [-0.861306471567958, -0.05507861777253534, 0.3500076577039235, -0.4129956801972975, 0.28725728787269267, -0.13128973962465898, 0.5094849551521189, -0.3314124303320627, -0.23897002609729553, 0.8068272563283256, 0.2884928757914169, 0.02793955437585484]], "inverted": false, "swapped": false, "error_lsq": 0.04900818329413987, "error_max": 0.258462350408483, "target": "130.xyz", "model": "2.xyz", "model_rescale": 3.795458400668931, "target_rescale": 3.8445864932456666},
{"mapping": [2, 1, 8, 6, 4, 5, 9, 0, 10, 7, 0, 11], "R": [[-0.0766170450940987, -0.8494175227379429, -0.5221299651109721], [-0.13442147579270503, 0.5276881438279096, -0.83873481489036], [0.9879578408245768, 0.00592409733136523, -0.15460986328190207]], "T": [0.0013185398219866112, -0.0545408646660588, -0.014097795075721734], "aligned_model": [[0.10447080981068303, 0.5884707803984559, 0.17870807680109912, -0.035263926602742815, -0.22679708074119453, -0.698622000882057, -0.41799443531822633, 0.49798753757912084, -0.3726378455994316, 0.3137474044098524, 0.49798753757912084, 0.0627066538891829], [-0.07212536551733166, -0.22553437368046397, -0.7814273243043204, -0.5738343292341538, 0.4989417175962836, -0.06411993951470481, -0.37804969340953487, 0.5498317679397586, 0.4284157139287639, 0.006915898639669529, 0.5498317679397586, 0.04640323644166275], [-0.7735553027356098, -0.16337039209414222, 0.21113977727006866, -0.29030843467537926, 0.21519465597943294, 0.04767676565277673, 0.674432022297034, 0.0020753864226136197, -0.4214309515885367, 0.6801021526571289, 0.0020753864226136197, 0.054925556024524105]], "inverted": false, "swapped": false, "error_lsq": 0.05983211448596812, "error_max": 0.39003798861484373, "target": "130.xyz", "model": "3.xyz", "model_rescale": 3.7530521520055578, "target_rescale": 3.8445864932456666},
{"mapping": [8, 6, 3, 2, 0, 9, 7, 4, 10, 1, 11], "R": [[-0.43698711380927263, 0.8066944326012119, 0.3978521770392254], [-0.44883625830244156, 0.18774799952160534, -0.8736685309135839], [-0.7794794901712978, -0.5603523722496806, 0.28003025428772793]], "T": [-0.08492044639016992, -0.12179729771395312, -0.06414696538803862], "aligned_model": [[-0.5873495737416691, -0.22557177717398313, 0.5234054509624909, 0.4071042699215082, 0.1736728161502082, -0.17460761167925215, -0.09962627495130462, -0.6096406150789769, -0.5315531864597561, 0.516882950671221, -0.054516846175281075], [-0.6940878847126538, 0.15280932909966996, -0.25412562549395057, 0.4539327991984051, -0.787069945850528, 0.6941589869622724, -0.32705657195339954, -0.04662970169996794, 0.2305633217491305, 0.13695306912293428, -0.09224441810756603], [-0.029368338653185902, -0.6721583483693477, -0.3159201759616707, -0.3977609457138961, 0.09875761141185897, 0.003094636215580829, 0.6323500479946831, -0.08562140026110357, 0.6457742107952288, 0.2330953790393845, -0.019411899252215925]], "inverted": true, "swapped": true, "error_lsq": 0.055288797546600384, "error_max": 0.2735976988401874, "target": "130.xyz", "model": "4.xyz", "model_rescale": 3.7855080009869324, "target_rescale": 3.8445864932456666},
{"mapping": [12, 3, 5, 0, 8, 6, 7, 14, 13, 10, 15, 16], "R": [[-0.7093993310656294, 0.29104597632226437, 0.6419071807903832], [-0.7014088185532144, -0.20220639509128635, -0.6834751224733574], [-0.0691249473014035, -0.935096151981606, 0.347587295811817]], "T": [0.023449845698807568, -0.03691962274474124, -0.08944239533041907], "aligned_model": [[-0.04546189031449008, 0.6080840528568705, 0.17614666352297562, 0.12249391398914061, -0.20100781891911387, -0.6246130935774633, -0.3476158147421565, 0.4616933064609301, -0.33465185041341283, 0.2797144912678903, 0.32947088067275737, 0.0685106705199352], [0.1954664772700876, -0.39388174714131285, -0.6974728828716081, -0.7893412713469261, 0.4461227028708541, -0.02748405899176813, -0.3282137373945978, 0.3504723739062184, 0.5699573324079126, 0.008363913983981577, 0.6671508072654284, -0.01589083313288235], [-0.725298618206066, 0.025437937913309117, 0.352662023310069, -0.26979155272180666, 0.37055623773468704, -0.011966818919355679, 0.49264650362555307, -0.42939461044732363, -0.2577610675613787, 0.5911765191929546, 0.21048103227173304, -0.10979096455985093]], "inverted": true, "swapped": false, "error_lsq": 0.04192855804766257, "error_max": 0.21487928534981945, "target": "130.xyz", "model": "5.xyz", "model_rescale": 4.2253639853439635, "target_rescale": 3.8445864932456666},
{"mapping": [5, 3, 7, 6, 9, 11, 12, 10, 8, 0, 1, 13], "R": [[-0.22279280208533664, -0.771691234634486, -0.595697914825348], [-0.43533014634879186, 0.6255009582720037, -0.647484528680605], [0.8722677519081535, 0.11507036798893328, -0.4752975693099934]], "T": [0.1248291466014842, 0.05855891896931823, -0.028411451608341385], "aligned_model": [[-0.0707280446502403, 0.5663092594537076, 0.13054895723071616, 0.051422022292846786, -0.13981672366849013, -0.5640091996036358, -0.518184404774632, 0.33157870593610195, -0.30960689330881913, 0.3694870443343496, 0.481498042069615, 0.16426474601234348], [0.05180651259693934, -0.4926524300904335, -0.6096700881217842, -0.5421714532958505, 0.3854782820064921, -0.22980339501760025, -0.44485372295921904, 0.5496222385589895, 0.6352602398759314, 0.0007933757005912159, 0.6693981673997109, 0.012041350171620648], [-0.6304521947550189, 0.03694014609254789, 0.39917303580358166, -0.2462471283511502, 0.4139489454728165, -0.24727830036048534, 0.42375339572306836, -0.5981692161518823, -0.1850824102774967, 0.7330793916815852, 0.16746732095469938, -0.028176364199741084]], "inverted": false, "swapped": false, "error_lsq": 0.04710186658852025, "error_max": 0.27807342007323615, "target": "130.xyz", "model": "6.xyz", "model_rescale": 3.89814844738969, "target_rescale": 3.8445864932456666},
{"mapping": [9, 6, 1, 5, 4, 10, 2, 8, 11, 0, 7, 12], "R": [[0.5833193829793326, 0.7644338218573334, 0.2745531450215086], [-0.3394042246326586, 0.5364927241587636, -0.7726450214854248], [-0.73793175141209, 0.3575143198884482, 0.5723986734196593]], "T": [0.11810672918437753, 0.10278688461099696, 0.08754467698040831], "aligned_model": [[-0.0680495662697832, 0.6157905788747002, 0.19319999862300755, 0.03665128784015745, -0.345858097337905, -0.5506948190410399, -0.3718230423371524, 0.43676480471206586, -0.19641065345633235, 0.439948044118083, 0.35168870170433003, -0.04844372610626854], [-0.19567237789356695, -0.25781258911333693, -0.6794471990223758, -0.6098635676955513, 0.3913018225243565, -0.11213428570133487, -0.24693192950877518, 0.3915179696472677, 0.6947610101081816, -0.10781675893792818, 0.6401987950397033, 0.07714818737874748], [-0.7335605424175864, -0.1946868881127471, 0.3994219786891338, -0.2092228211178816, 0.42958496515604466, -0.12556806945909643, 0.4606578160528458, -0.43473701305812035, -0.3663119303105848, 0.5381827366180398, 0.38402836993671935, 0.09116801965575752]], "inverted": true, "swapped": false, "error_lsq": 0.047760553847620575, "error_max": 0.3058761021538595, "target": "130.xyz", "model": "7.xyz", "model_rescale": 3.7474275329858107, "target_rescale": 3.8445864932456666},
{"mapping": [4, 11, 10, 12, 3, 1, 0, 8, 2, 6, 5, 14], "R": [[0.190829790717912, 0.19025067139576232, -0.9630102143840531], [-0.1854922371098124, 0.9703529872900583, 0.15494421586254076], [0.9639380794151435, 0.1490629467396984, 0.22046228013590624]], "T": [0.10925612917205296, -0.09439740827644605, -0.052788909088772956], "aligned_model": [[0.046500476525778586, 0.5998123758271238, 0.27470545397932083, 0.02098270559503096, -0.0842369933900533, -0.6381691672805345, -0.3005994092732553, 0.2612012908140255, -0.472871280880685, 0.20322302338585882, 0.5069179574978435, 0.07529707852340911], [0.25746514307911106, -0.46074936596080934, -0.6315344895555803, -0.668783807822767, 0.4789136988995861, -0.1696781816582028, -0.13967249519984398, 0.5193314384426543, 0.41949286071322245, 0.06735557724049981, 0.4001339846869892, -0.08702528603947166], [-0.7488351136327127, -0.16058857308820715, 0.45649847198797655, -0.25998612312786523, 0.33193088880882726, -0.07492601440222965, 0.46119731809707953, -0.3086402065546301, -0.3778027022620226, 0.7421603300868557, 0.2793635193053632, -0.10141517358591015]], "inverted": true, "swapped": false, "error_lsq": 0.05119081583455093, "error_max": 0.2920587047536344, "target": "130.xyz", "model": "8.xyz", "model_rescale": 4.019505241142653, "target_rescale": 3.8445864932456666},
{"mapping": [4, 2, 6, 5, 9, 8, 11, 0, 7, 10, 1, 12], "R": [[-0.3808405200898325, 0.24946872153737246, -0.8903515346379851], [-0.8694150952579004, -0.4244102118090768, 0.2529690974207541], [-0.3147664060782252, 0.8704259469286768, 0.378524478096086]], "T": [0.10813769100224904, -0.046060416145282376, 0.030950671675600155], "aligned_model": [[-0.1496644090893882, 0.648296911520749, 0.3517588294646237, -0.05288713706242307, -0.3302368186360797, -0.5405034135895888, -0.3808603949666365, 0.30058637245997655, -0.2745856488561027, 0.3830908118160997, 0.4527587239293853, 0.08500968433324718], [-0.007318393563278042, -0.20816877962375874, -0.5987884327071492, -0.6392914793216786, 0.3130778593768267, 0.11396627339265948, -0.3367832966337741, 0.33690333592060656, 0.6116938329941025, 0.013876149248236755, 0.4629278188013087, -0.07684581105871434], [-0.7562162763841604, -0.14771397842574188, 0.43493373885636494, -0.23862794315002497, 0.4132954765112399, -0.06800945896047832, 0.2831620962230027, -0.457872760332204, -0.4594228420284425, 0.902149929997909, 0.3110803247306529, 0.02219831459440736]], "inverted": false, "swapped": false, "error_lsq": 0.052548639945143825, "error_max": 0.24334515001588286, "target": "130.xyz", "model": "9.xyz", "model_rescale": 3.877068213659057, "target_rescale": 3.8445864932456666},
{"mapping": [0, 10, 6, 12, 4, 5, 3, 8, 1, 13, 2, 15], "R": [[-0.3422970426336568, 0.814268279265345, 0.46882822439194827], [-0.938940239886939, -0.27785662487069174, -0.20294561324779933], [-0.03498514721006961, -0.5096693687065391, 0.8596587544351351]], "T": [0.17331794529287858, 0.022027890250432648, 0.06038754756993263], "aligned_model": [[-0.10841454869603145, 0.7287435787762544, 0.18841525529092304, -0.10111559190977581, -0.2452201846927039, -0.5697645230239021, -0.32380104423561623, 0.408362267503279, -0.45423391604753416, 0.3686044760363756, 0.45973724506740743, 0.1414504972551872], [-0.07723032129137994, -0.4039536482915554, -0.5445623735286601, -0.5811215012937838, 0.4263098942606837, -0.07858959130341775, -0.1961749056665042, 0.5047452923433327, 0.4546003601487384, -0.050832232860482766, 0.5261030199028863, 0.005955084405530279], [-0.6775424253313581, -0.05473357973027061, 0.30339396589341844, -0.28470991815795554, 0.4060355979428487, -0.16029323983243943, 0.3890539328794513, -0.4937433143403503, -0.3543006845004956, 0.8048289954582825, 0.3832305532739985, -0.022263261922604943]], "inverted": false, "swapped": false, "error_lsq": 0.036994573635017215, "error_max": 0.2000484542918838, "target": "130.xyz", "model": "10.xyz", "model_rescale": 4.260839863003843, "target_rescale": 3.8445864932456666},
{"mapping": [3, 4, 9, 2, 7, 1, 8, 5, 0, 10, 6, 11], "R": [[0.6098254395875697, -0.7851943905930177, -0.10762296322387338], [-0.5214296785155141, -0.4997687195548597, 0.6916229589289989], [-0.5968450582814899, -0.36565146784302127, -0.7141953377537613]], "T": [0.0319890782705611, -0.034536752648692735, 0.045478725969698666], "aligned_model": [[-0.0014118865563284982, 0.6361952850622256, 0.33785621017184486, -0.13009958966027277, -0.34537753041054864, -0.6212483275607311, -0.33978069302061875, 0.5649270030966691, -0.2882231352890033, 0.380653457138948, 0.32206021493896503, -0.02278749658728675], [0.024753787452170585, -0.4271935728371945, -0.6513385663583344, -0.591392276566621, 0.37093840770297365, -0.07034207755774755, -0.46127364899381085, 0.22859902541106494, 0.7459702692866592, 0.07249431646562637, 0.7495487252753666, -0.005515312454765435], [-0.6610636144572198, -0.08436094375840993, 0.4476404861908692, -0.32057634550445363, 0.39589271865913733, -0.2631626735091341, 0.4874020966015118, -0.2759985404657762, -0.19599010525271798, 0.5556858341079218, 0.11123611060996098, 0.04225159841083487]], "inverted": true, "swapped": false, "error_lsq": 0.053871677446648836, "error_max": 0.2908447962616359, "target": "130.xyz", "model": "11.xyz", "model_rescale": 3.890672605050136, "target_rescale": 3.8445864932456666},
{"mapping": [11, 12, 5, 9, 0, 6, 8, 2, 1, 7, 4, 13], "R": [[-0.3466505425698998, -0.42785584969301627, -0.8347291615964194], [-0.8551207302094364, -0.22157673347088225, 0.4686921035716881], [-0.3854892191774946, 0.8762665821927941, -0.2890587117353234]], "T": [-0.015029677616712388, 0.009262029831653112, -0.023693535160640284], "aligned_model": [[0.06346322903038729, 0.656178262667123, 0.14854902678919, 0.029108265340108137, -0.2619630442350407, -0.5424019179026092, -0.41354417386684117, 0.32888544105064615, -0.49966571473225097, 0.437640170959253, 0.4259982399055136, 0.12051572631838392], [0.04022204811534046, -0.2960692790909534, -0.6784822488329811, -0.6919025985070177, 0.480995807356735, -0.14391068399401885, -0.12460323569379114, 0.48239389059760207, 0.5762892152501276, -0.21340761370529698, 0.5345333902011485, 0.019190385128493387], [-0.5674237115985639, 0.08300622789725935, 0.3006858668734713, -0.3587165522499669, 0.23162135931218633, -0.19826439142442356, 0.561505006193011, -0.4279617223172052, -0.24484138822638354, 0.6636727487911849, 0.11997767895941112, 0.07569549942254362]], "inverted": true, "swapped": false, "error_lsq": 0.04561101502235671, "error_max": 0.2464795965978965, "target": "130.xyz", "model": "12.xyz", "model_rescale": 4.124412569039231, "target_rescale": 3.8445864932456666},
{"mapping": [9, 10, 2, 8, 0, 6, 1, 7, 3, 4, 5, 12], "R": [[-0.8548982939567671, 0.4067631592608497, 0.32201341471737155], [0.4065299026979661, 0.9108512448947537, -0.0712983021260684], [-0.3223078422908625, 0.06995528530290283, -0.9440465628643528]], "T": [0.024355389198224657, 0.07716909291847453, -0.029464792865648747], "aligned_model": [[-0.042005544610157326, 0.6984800079616574, 0.2460158136935539, -0.1420296054918687, -0.157731578108861, -0.5730881099346149, -0.49212711123232533, 0.46192084839603204, -0.4768179127058536, 0.34409176082121284, 0.5081683859977981, 0.11788655653728924], [-0.0011420293007903815, -0.2209507083216143, -0.6622599238419516, -0.5910238586232821, 0.46320645553014905, -0.1417066732001276, -0.34174763452742535, 0.356139321044283, 0.5320313232557103, -0.010751211684537118, 0.5992048240476874, 0.004249192447286179], [-0.6604203115840693, -0.06538490955723743, 0.35329740358820794, -0.2312823687859233, 0.36371059344274714, -0.2362677888158607, 0.4402360705823095, -0.3813024759703591, -0.2545848689075823, 0.6834972877875981, 0.22966752589142314, -0.002209536038729122]], "inverted": true, "swapped": false, "error_lsq": 0.030826159078254534, "error_max": 0.17359275427290066, "target": "130.xyz", "model": "13.xyz", "model_rescale": 3.9028299243045295, "target_rescale": 3.8445864932456666},
{"mapping": [1, 9, 14, 11, 5, 12, 13, 3, 8, 10, 4, 15], "R": [[-0.8996248988089642, -0.23863371824639823, 0.3656897454931704], [0.0937903628716379, -0.9235159851365852, -0.3719161102044507], [0.42647204981729764, -0.3002868190798611, 0.8531995177046993]], "T": [0.09136752014406635, 0.13975151878292286, -0.10956654204211064], "aligned_model": [[0.02805336711736113, 0.6138215209440361, 0.09202933992188028, -0.0333624001512776, -0.21072327254496293, -0.5401245124772164, -0.3591525638648839, 0.5390657915514456, -0.5389860324610252, 0.3669917407522195, 0.34998256372555514, 0.18516796881073105], [-0.1979103715530417, -0.4328409374145607, -0.6263892893276135, -0.5677693737428917, 0.32380474074163057, -0.15256541567724285, -0.13962674605130837, 0.5267705575582378, 0.5842031499845448, -0.011310427456389632, 0.6025487125402123, 0.07633447722381102], [-0.6610867334984707, -0.11458178057087276, 0.33324095216419625, -0.2819420680326581, 0.2605245252836022, -0.10658132437196058, 0.4834181043341818, -0.3057092621273257, -0.1498692193474881, 0.5661287883113806, 0.3126896486365237, -0.09727500914858372]], "inverted": false, "swapped": false, "error_lsq": 0.04381509027641824, "error_max": 0.2333456531854718, "target": "130.xyz", "model": "14.xyz", "model_rescale": 3.942246331269136, "target_rescale": 3.8445864932456666},
{"mapping": [9, 0, 8, 7, 4, 6, 11, 5, 10, 12, 3, 14], "R": [[-0.5141051344229459, -0.5272015345622127, -0.6765755336362769], [0.8040525942941918, -0.5708761906626219, -0.166131876963194], [-0.2986558828631117, -0.6294115639943249, 0.7173881423200926]], "T": [0.0628001082258112, 0.06497190150273016, 0.06768424566032036], "aligned_model": [[-0.1841363779334981, 0.5728949010792475, -0.017634119627713135, 0.09412046875066687, -0.2148246628635825, -0.3185542538977627, -0.542484923127199, 0.48932180198416064, -0.5019292607993846, 0.5499938450579938, 0.4148275487707539, 0.15116854393018045], [0.04855791700364523, -0.4570897704515622, -0.6765748965385137, -0.5957765651580483, 0.5112555895172618, -0.296829808709412, -0.1375826598065474, 0.34701978253662513, 0.43089469269336056, 0.123375141028216, 0.6647492518110816, 0.023250402899280896], [-0.6984197022791996, -0.021604028196645003, 0.2737900621531537, -0.47398909404827416, 0.32733657708123154, -0.12325491301414371, 0.394353352202922, -0.3082250462531848, -0.16934268675628167, 0.7213719253416582, 0.2490450508557004, 0.06789512454558833]], "inverted": false, "swapped": false, "error_lsq": 0.05654260050812696, "error_max": 0.35764475591326883, "target": "130.xyz", "model": "15.xyz", "model_rescale": 4.355366556412066, "target_rescale": 3.8445864932456666},
{"mapping": [7, 6, 4, 3, 1, 5, 0, 10, 9, 2, 8, 11], "R": [[0.24936949689916493, 0.4632656119547436, -0.8504115631836473], [0.9593281655488926, 0.0017989144501286414, 0.2822875036047434], [0.1323039107541958, -0.8862176576253704, -0.44397515528703596]], "T": [0.009898494765283282, 0.04387726072717354, 0.0049146048653737895], "aligned_model": [[-0.21109797627910296, 0.7478518376996232, 0.14302263405973206, 0.09056177603816964, -0.09218914874420053, -0.5234806574724472, -0.460142198724585, 0.4144117797861596, -0.5473002875157252, 0.2499407724491477, 0.5969370392796036, 0.08424794074748804], [0.008062092036176603, -0.31378408732299107, -0.6325238625395055, -0.4559841576001859, 0.4960475669169061, -0.29185319427683526, -0.12459993850619525, 0.39099240909470157, 0.46814287215093303, 0.05029645795132339, 0.44637599032267855, -0.05592307140161865], [-0.861306471567958, -0.05507861777253534, 0.3500076577039235, -0.4129956801972975, 0.28725728787269267, -0.13128973962465898, 0.5094849551521189, -0.3314124303320627, -0.23897002609729553, 0.8068272563283256, 0.2884928757914169, 0.02793955437585484]], "inverted": false, "swapped": false, "error_lsq": 0.04900818329413987, "error_max": 0.258462350408483, "target": "130.xyz", "model": "16.xyz", "model_rescale": 3.795458400668931, "target_rescale": 3.8445864932456666},
{"mapping": [9, 6, 1, 5, 4, 10, 2, 8, 11, 0, 7, 12], "R": [[0.5833193829793326, 0.7644338218573334, 0.2745531450215086], [-0.3394042246326586, 0.5364927241587636, -0.7726450214854248], [-0.73793175141209, 0.3575143198884482, 0.5723986734196593]], "T": [0.11810672918437753, 0.10278688461099696, 0.08754467698040831], "aligned_model": [[-0.0680495662697832, 0.6157905788747002, 0.19319999862300755, 0.03665128784015745, -0.345858097337905, -0.5506948190410399, -0.3718230423371524, 0.43676480471206586, -0.19641065345633235, 0.439948044118083, 0.35168870170433003, -0.04844372610626854], [-0.19567237789356695, -0.25781258911333693, -0.6794471990223758, -0.6098635676955513, 0.3913018225243565, -0.11213428570133487, -0.24693192950877518, 0.3915179696472677, 0.6947610101081816, -0.10781675893792818, 0.6401987950397033, 0.07714818737874748], [-0.7335605424175864, -0.1946868881127471, 0.3994219786891338, -0.2092228211178816, 0.42958496515604466, -0.12556806945909643, 0.4606578160528458, -0.43473701305812035, -0.3663119303105848, 0.5381827366180398, 0.38402836993671935, 0.09116801965575752]], "inverted": true, "swapped": false, "error_lsq": 0.047760553847620575, "error_max": 0.3058761021538595, "target": "130.xyz", "model": "17.xyz", "model_rescale": 3.7474275329858107, "target_rescale": 3.8445864932456666},
{"mapping": [0, 3, 10, 8, 9, 4, 5, 2, 6, 12, 7, 13], "R": [[0.2885945385181348, -0.7332624413044024, 0.6156617452057688], [-0.7928058243349712, -0.5435369644309385, -0.275729021319389], [0.5368166514165261, -0.4085263277556404, -0.7381965336497047]], "T": [0.2057845623848913, -0.011691776506872958, 0.02944817343964923], "aligned_model": [[-0.00014323537052790547, 0.5882651714067564, 0.25918923649403375, -0.07036214110741928, -0.22953183938247534, -0.5897062454056902, -0.2852181357836341, 0.22297328666708205, -0.3493475412006667, 0.14513998449017357, 0.6220141411587934, 0.1794908293574376], [0.0001787094070627611, -0.5236085805775205, -0.5874005774592612, -0.6154912477412581, 0.4212953758361199, -0.12616863531278066, -0.3071098072752851, 0.5655645173931191, 0.46511804043030563, 0.1268344199374698, 0.5204521422980886, 0.045584719889327704], [-0.7808574630066485, -0.19911024522304618, 0.40647163126782776, -0.24627568825191137, 0.29542922937088245, -0.1786749764962153, 0.4708827372862463, -0.38324110764247377, -0.21443613827666336, 0.7618207912948876, 0.36260739883930104, -0.055659547529662026]], "inverted": true, "swapped": false, "error_lsq": 0.047418935049792055, "error_max": 0.2912592086596197, "target": "130.xyz", "model": "18.xyz", "model_rescale": 3.922800546911778, "target_rescale": 3.8445864932456666},
{"mapping": [1, 4, 13, 8, 3, 5, 12, 2, 0, 7, 9, 14], "R": [[0.8623105503011643, -0.5035879498105629, 0.053100768778774815], [0.42218295747971846, 0.6570655115046635, -0.6245209876415629], [0.279610559981166, 0.5609492761352926, 0.7792007728116741]], "T": [0.1286248792974503, -0.09312789138473357, -0.0645614584705798], "aligned_model": [[-0.030510276923582075, 0.706449545858435, 0.2750598106232383, -0.07447388886599102, -0.17595621086188373, -0.6235736363336792, -0.40808777113458033, 0.3655011793003027, -0.4302430947815577, 0.2095075326838532, 0.5375080681006816, 0.14158225365862628], [0.09157318675375359, -0.5227594086845325, -0.5947278958681669, -0.6331574889657161, 0.3559636251245841, -0.141004458847005, -0.23973266298054333, 0.5484451476185612, 0.5115626150007094, 0.10600978000037672, 0.5574260272338034, -0.0543493895604369], [-0.7635210694101775, -0.13806352067650984, 0.38127258375815887, -0.26830045358107296, 0.27410713012573207, -0.18472363037201783, 0.4913707463692536, -0.27764035678953963, -0.20759507239758518, 0.7048624840183099, 0.2043945282617306, 0.022793252326242644]], "inverted": false, "swapped": false, "error_lsq": 0.037267742633322935, "error_max": 0.2274918933393301, "target": "130.xyz", "model": "19.xyz", "model_rescale": 3.9282355846067225, "target_rescale": 3.8445864932456666},
{"mapping": [10, 7, 5, 2, 4, 0, 3, 9, 11, 6, 8, 13], "R": [[-0.766869184541209, -0.6400497829192202, -0.04741233158325245], [0.5380423573587849, -0.6008586738639268, -0.5911677221654486], [0.34988866156093534, -0.4788581516770311, 0.8051538952793775]], "T": [0.14461574962060944, 0.00035006909140674106, 0.031930355014172226], "aligned_model": [[-0.09365420390359089, 0.6796652418400417, 0.12654360734031408, 0.10642871408802612, -0.22645687434460335, -0.6459734546330275, -0.3849425443617177, 0.4035317334946532, -0.2703221293283785, 0.40393608283783544, 0.3755709766692799, 0.01843636162503029], [-0.14393615857922817, -0.29196663926018157, -0.6063772245262365, -0.7347238533574812, 0.412938698943701, 0.07375907095821174, -0.19829844693532445, 0.5334404693790908, 0.4832734655008954, -0.1336644196269269, 0.664068711231986, -0.07326459690311866], [-0.7833262075129984, -0.09601791294535418, 0.377249831877848, -0.3381024667904848, 0.33432674255871675, -0.06694743197238665, 0.528379596625499, -0.3247234878831634, -0.2966647166767974, 0.6164276908941013, 0.32306404647249287, -0.03470906301494871]], "inverted": true, "swapped": false, "error_lsq": 0.03966549742621187, "error_max": 0.1860330448024865, "target": "130.xyz", "model": "20.xyz", "model_rescale": 4.067790424073018, "target_rescale": 3.8445864932456666},
{"mapping": [8, 9, 10, 1, 6, 5, 13, 0, 4, 11, 3, 14], "R": [[-0.9404458744668325, 0.23207571520661455, 0.24839971741057482], [0.32897869393928947, 0.805411548316662, 0.49303677020295034], [-0.08564213993306341, 0.5453926111064358, -0.833793933546047]], "T": [0.07658812958182605, 0.08076197299529972, -0.01426340637725462], "aligned_model": [[-0.11783137841521639, 0.5609292839315553, 0.23744282467104588, -0.02759725615563928, -0.31098058981362786, -0.4694908996108055, -0.25816260351054215, 0.5074977176117109, -0.5047698131013514, 0.22848629988994623, 0.539464541324302, 0.1077753845024853], [0.01851906115729332, -0.522033851525483, -0.6251143814369411, -0.6670236955753752, 0.5667512617720329, -0.09623905081060369, -0.3783455730495744, 0.4205182434886655, 0.5231793360142342, 0.055322559907857505, 0.6705579556801411, 0.019157211203140567], [-0.5467056770143328, -0.09237063787583025, 0.369339462322749, -0.3356153949472074, 0.38718621890071797, -0.15186592199953905, 0.3947423551175851, -0.46519647582915535, -0.3440547254183029, 0.6136792949084278, 0.38777035204615473, 0.02204777142125795]], "inverted": true, "swapped": false, "error_lsq": 0.04283752419820436, "error_max": 0.223380564933281, "target": "130.xyz", "model": "21.xyz", "model_rescale": 4.186013935880536, "target_rescale": 3.8445864932456666},
{"mapping": [2, 11, 10, 9, 6, 1, 7, 5, 0, 4, 3, 12], "R": [[-0.6735864510051226, -0.13641938296137926, -0.7264096949895152], [-0.49998376477361367, 0.8079204148209544, 0.31189876286760254], [0.5443321853290762, 0.5732838348217868, -0.6124117215949567]], "T": [0.06503556415822229, -0.06270715187056683, -0.05501793203997944], "aligned_model": [[-0.00894080513925119, 0.6818268374204168, 0.044862127814749714, 0.0030035852516516956, -0.03633657158781227, -0.6414153837366321, -0.4275466198186093, 0.3172113358434082, -0.4377746577615408, 0.31713286589892375, 0.5843032993284298, 0.09643749781012871], [0.10272949907710013, -0.19762253589627415, -0.6976600247796063, -0.6638179253197358, 0.34272275255841533, -0.1686816158656587, -0.21684739343151896, 0.5526600704185854, 0.43442889341265223, -0.09805800617045748, 0.636382356722694, -0.04098699390080819], [-0.7739458937814706, -0.03678765248490144, 0.4860248705999953, -0.19738587743011526, 0.31268185271136983, -0.2125606473008279, 0.4664485748816058, -0.45032709968218104, -0.20275443470445714, 0.6252859826362419, 0.25153309621245423, -0.029256150025188873]], "inverted": true, "swapped": false, "error_lsq": 0.0405627553939694, "error_max": 0.1935882655516974, "target": "130.xyz", "model": "22.xyz", "model_rescale": 4.166573947596378, "target_rescale": 3.8445864932456666},
{"mapping": [10, 0, 4, 8, 12, 9, 3, 5, 14, 2, 6, 15], "R": [[-0.6681396133699213, 0.4130755746856486, -0.6188360256513943], [0.457157711785914, 0.88412643006609, 0.09657785570853324], [0.5870232394041648, -0.21837817028428516, -0.7795605756724286]], "T": [-0.015950851172376337, 0.027377289792072046, 0.034194430088315624], "aligned_model": [[-0.12211904865099417, 0.6538191680683231, 0.28506514058239096, -0.11095461442712261, -0.2794168859785902, -0.5803135603812477, -0.2310179789833614, 0.6429433794946, -0.46256656750453423, 0.2504368797554309, 0.3951192442707085, 0.051768355078259845], [0.11528687878244295, -0.4019498251202039, -0.5865892977166587, -0.7362904006217519, 0.5885912327163281, -0.15580850432278584, -0.33726913183291196, 0.352410752069502, 0.537418376675523, 0.009737410850798829, 0.5597809156112374, 0.03993066973386729], [-0.7019722977062538, -0.14976782844703976, 0.3030585509660774, -0.214532496091055, 0.24634040341827904, -0.057385390674916666, 0.4610501079787381, -0.3547446684799116, -0.37369066995348194, 0.6518801516904609, 0.3901092904325883, 0.038611468499039604]], "inverted": false, "swapped": false, "error_lsq": 0.045480897865879215, "error_max": 0.21776307134905434, "target": "130.xyz", "model": "23.xyz", "model_rescale": 4.274766983524099, "target_rescale": 3.8445864932456666},
{"mapping": [7, 0, 8, 4, 5, 6, 9, 2, 1, 3, 11], "R": [[-0.8673377768681859, 0.2565741325246331, 0.42649137779864355], [0.4891339664750161, 0.2809231391823908, 0.8257300725493344], [0.0920496803784299, 0.9247983047081905, -0.369154374145947]], "T": [-0.07284992314004932, 0.060551424010333275, -0.023501637137977267], "aligned_model": [[0.3566542399095427, 0.18558773860145275, -0.4669697842521767, -0.47848751360709263, -0.522080290778982, -0.5575871849526977, -0.043884418126187125, 0.11887052891566077, 0.5924189402202189, 0.21417542651937696, -0.018802978491040755], [0.023702363993787244, 0.6896507396648468, 0.386648782859589, -0.17874641194167687, 0.4956367501826802, -0.04443794421488393, -0.71548367543608, -0.18027408402128367, -0.05521190066427518, 0.46317425540922724, 0.030927655411552648], [-0.6079877716227838, -0.29449997471385453, -0.5887371141602229, -0.2677090595911559, 0.067337433565715, 0.4443407056935623, 0.25087110759612957, 0.7446767905505578, 0.2244666763159447, 0.4308905256187616, -0.02408288523107622]], "inverted": true, "swapped": true, "error_lsq": 0.0486128482093382, "error_max": 0.233212177842696, "target": "130.xyz", "model": "24.xyz", "model_rescale": 3.7841303162186577, "target_rescale": 3.8445864932456666},
{"mapping": [6, 8, 2, 4, 13, 3, 12, 7, 11, 9, 10, 15], "R": [[0.2820131370799996, -0.16268607850551942, 0.9455167002093583], [-0.5038696913566416, -0.8637780766567658, 0.0016638567550844863], [0.8164459104230115, -0.4768864373701927, -0.32556934930350134]], "T": [0.18393608229801192, 0.003914499294865703, 0.014465088310374357], "aligned_model": [[-0.1450758603392215, 0.6450454952528395, 0.21878513859479068, -0.04648573939369641, -0.48220400670122276, -0.5718858378809896, -0.2807181262643371, 0.3985022651881914, -0.22845224633591835, 0.3137805371218669, 0.5308115173616114, 0.1406603747199483], [-0.012116607752286547, -0.36474762741816585, -0.6687515650892963, -0.6089796346137673, 0.32585473642957585, -0.1567183339410777, -0.18669807812510672, 0.46378592404153435, 0.5982257888664269, -0.05907148417420906, 0.6527111279390683, 0.0017548306626919358], [-0.6285905838144779, 0.04486458256179158, 0.3537274307953133, -0.34326512786798585, 0.26865372458819636, -0.21342129894580203, 0.5827389819767541, -0.3920877200204332, -0.2427459663839901, 0.5813106510204065, 0.2674383526814417, -0.039666404958689526]], "inverted": true, "swapped": false, "error_lsq": 0.04374019848283001, "error_max": 0.27941175938867985, "target": "130.xyz", "model": "25.xyz", "model_rescale": 4.19342608120988, "target_rescale": 3.8445864932456666},
{"mapping": [7, 6, 4, 3, 1, 5, 0, 10, 9, 2, 8, 11], "R": [[0.24936949689916493, 0.4632656119547436, -0.8504115631836473], [0.9593281655488926, 0.0017989144501286414, 0.2822875036047434], [0.1323039107541958, -0.8862176576253704, -0.44397515528703596]], "T": [0.009898494765283282, 0.04387726072717354, 0.0049146048653737895], "aligned_model": [[-0.21109797627910296, 0.7478518376996232, 0.14302263405973206, 0.09056177603816964, -0.09218914874420053, -0.5234806574724472, -0.460142198724585, 0.4144117797861596, -0.5473002875157252, 0.2499407724491477, 0.5969370392796036, 0.08424794074748804], [0.008062092036176603, -0.31378408732299107, -0.6325238625395055, -0.4559841576001859, 0.4960475669169061, -0.29185319427683526, -0.12459993850619525, 0.39099240909470157, 0.46814287215093303, 0.05029645795132339, 0.44637599032267855, -0.05592307140161865], [-0.861306471567958, -0.05507861777253534, 0.3500076577039235, -0.4129956801972975, 0.28725728787269267, -0.13128973962465898, 0.5094849551521189, -0.3314124303320627, -0.23897002609729553, 0.8068272563283256, 0.2884928757914169, 0.02793955437585484]], "inverted": false, "swapped": false, "error_lsq": 0.04900818329413987, "error_max": 0.258462350408483, "target": "130.xyz", "model": "26.xyz", "model_rescale": 3.795458400668931, "target_rescale": 3.8445864932456666},
{"mapping": [0, 9, 4, 3, 5, 7, 10, 1, 6, 11, 8, 12], "R": [[-0.904028762913676, -0.37544265993877446, -0.2043888571396854], [0.021099692314028, 0.4383604201024879, -0.8985515817535596], [0.4269505812257694, -0.8166290168648604, -0.388368703689303]], "T": [0.2106005977855359, -0.005060369990173258, -0.0057234782036525746], "aligned_model": [[-0.09690473850030898, 0.542623159502863, 0.20852352621124315, -0.07091598962508158, -0.3802865540318634, -0.5797961402134056, -0.2625958399692788, 0.46585645209365034, -0.1271775751482823, 0.45650061123283747, 0.2893483700596806, 0.047588229711809316], [-0.11552164818760344, -0.2559591914147742, -0.6893141545670114, -0.6131116948305745, 0.3933952911669488, -0.16860408782604677, -0.26131797607431595, 0.4055761451234975, 0.7139097593923567, -0.06739516555777761, 0.6456783845949746, -0.0020865849942858367], [-0.7702573010444956, -0.1114830642174895, 0.4745427257942287, -0.31572114951808394, 0.23706434642764357, -0.0991822795359448, 0.46129215229431053, -0.34715468920810066, -0.22972084118149205, 0.6630232215126872, 0.312222384718013, -0.03566888440875196]], "inverted": true, "swapped": false, "error_lsq": 0.047266123527223695, "error_max": 0.3784071045074004, "target": "130.xyz", "model": "27.xyz", "model_rescale": 3.6321398670334006, "target_rescale": 3.8445864932456666},
{"mapping": [0, 9, 12, 8, 1, 3, 7, 11, 5, 6, 13, 14], "R": [[-0.2879128381260349, -0.2554918671709229, 0.922946425017036], [0.4403941504251589, 0.8204798285441648, 0.36450767237938986], [-0.8503876703677649, 0.5114066452067801, -0.12370955227803686]], "T": [0.05294137631077437, -0.037122286432826154, -0.023321934952277936], "aligned_model": [[-0.13608910361235316, 0.709433542731336, 0.233122250599128, -0.0496733065489778, -0.2707490774634797, -0.6229348281570588, -0.4363328987937474, 0.452469185781351, -0.4774120921338392, 0.42251575693480775, 0.6045992544404457, 0.06381482754625081], [0.068409064323698, -0.1604697302416166, -0.7136741684855226, -0.5274453525759861, 0.4978690943258463, -0.06214747049109738, -0.505648213692483, 0.3244447656827986, 0.5635285254730446, -0.016889568641244468, 0.4960445063355691, 0.02122762481238119], [-0.6085930737310341, -0.003941409817392532, 0.4163621951816037, -0.15014122947848926, 0.21390350380935907, -0.14217132013898548, 0.3534824217240749, -0.3728539545195457, -0.38375656457932833, 0.6599882811706003, 0.2557552738996485, 0.0009224981120133542]], "inverted": true, "swapped": false, "error_lsq": 0.04371279467460803, "error_max": 0.25443725505329334, "target": "130.xyz", "model": "28.xyz", "model_rescale": 4.156811204709835, "target_rescale": 3.8445864932456666},
{"mapping": [2, 1, 3, 0, 10, 9, 6, 4, 8, 11], "R": [[0.06558619748103459, 0.19985982112334774, -0.9776269751804737], [-0.9978232825641296, 0.019877798081899573, -0.06287741976545083], [0.006866401745035056, 0.9796228483676557, 0.20072849195646614]], "T": [-0.06024501045322986, 0.06303843183832654, -0.003756662664745263], "aligned_model": [[-0.5762452611868174, 0.0008113886006342955, 0.09982074267787355, 0.650827565866634, -0.16841276915330447, -0.7573868067789234, -0.5987020419766601, -0.2689675110222557, 0.3195668932427994, -0.05838682615939222], [-0.1888161069862196, -0.5476739167093017, 0.058864633777737235, 0.1675607443417873, -0.45646122473750944, -0.36232911978851506, 0.4394319215447129, 0.2651338132198086, 0.5414326576956725, 0.0015769282680313593], [-0.5997136966340676, -0.37895612407104845, -0.6559241774719817, -0.14320898543866598, 0.7351930851796525, 0.10304053273481398, -0.18613375630778503, 0.44012952641184167, 0.45236062415216244, -0.008000301579822301]], "inverted": false, "swapped": true, "error_lsq": 0.04255750762032213, "error_max": 0.23209076205432383, "target": "130.xyz", "model": "29.xyz", "model_rescale": 4.117894457231895, "target_rescale": 3.8445864932456666},
