[{"mapping": [14, 10, 6, 11, 7, 13, 12, 2, 0, 3, 4, 1, 8, 15], "R": [[-0.3795160057176887, 0.9248552174536102, -0.024706844252687488], [0.19099501844344113, 0.052189740259435624, -0.9802025984159817], [-0.9052560435224286, -0.37672145911865423, -0.19644958107776972]], "T": [-0.00022883332631246783, 0.1121432705471708, 0.05406343751274162], "aligned_model": [[0.16970499741222628, 0.31379414213529033, -0.5607414480186119, -0.3709326081168877, -0.587459273743201, -0.2148899222216203, -0.602497558638164, 0.05836962337453431, -0.34157116382811564, 0.08570003077763313, 0.6153651269045117, 0.15232676328178663, 0.6014494554435089, 0.05287393636541322], [-0.6726096485048578, -0.27822339042040656, -0.29348316697298227, -0.48032043090614107, 0.252143383837354, 0.031487545181947435, 0.27442461205595176, 0.48519811100309307, 0.7232941130436489, -0.13057738785062464, 0.49859769025530076, 0.8548455918287987, -0.21880350458975337, 0.18929981384870542], [0.20347678088895624, -0.3470312218792803, 0.30386235828923436, -0.21295200899334948, 0.49911703765162435, -0.6394731762463719, -0.18407490697712092, 0.685725162531498, 0.2122795295104915, 0.7333418326017005, 0.32332930878639704, 0.07390680093366304, 0.1038341840294684, 0.14224640605292274]], "inverted": false, "swapped": true, "error_lsq": 0.047279035612314724, "error_max": 0.3179062674365714, "target": "132.xyz", "model": "0.xyz", "model_rescale": 3.8414455957264533, "target_rescale": 4.169619291337473},
{"mapping": [14, 11, 9, 13, 10, 5, 1, 8, 2, 4, 0, 6, 7, 3, 15], "R": [[-0.04169775623706101, -0.04631880902134533, -0.998056043043495], [-0.659233933998061, -0.7493510467775462, 0.06231876891303362], [-0.7507808717530269, 0.6605509644412306, 0.0007113265952702341]], "T": [-0.026862248448968444, 0.022042096055452064, -0.09001230959626966], "aligned_model": [[-0.7492947974664163, -0.6665357785522072, 0.0026474662674076874, -0.27868566218139107, -0.5062243054506756, 0.35316653487923766, 0.6966377328821288, -0.33610182165778435, 0.49279935410672804, 0.4134005430912954, 0.6052379332376961, -0.3553892594157556, 0.22185464473796707, -0.09131940269865968, 0.06985097172497359], [0.2534765861350281, 0.0892809787587053, -0.7488678178275507, -0.46550594100198556, -0.3769242458105738, -0.5084663059406326, -0.19647929395898764, -0.12736727946860743, 0.45919542401125524, -0.10549357731093462, 0.17269442403507468, 0.5793757168495467, 0.637133156006594, 0.6275547875785662, 0.057437915987516595], [0.2125902133455792, -0.472149042186408, 0.10246718024433984, -0.5721529981944793, 0.06135268394804147, -0.39478949645786604, -0.02621664919930114, 0.5067015106111081, 0.1936230454908504, 0.535055989249172, -0.3946522725518928, -0.440092210566551, -0.4397482440978256, 0.306113783213016, -0.012921705508248046]], "inverted": false, "swapped": true, "error_lsq": 0.040825104086018534, "error_max": 0.264854686354481, "target": "132.xyz", "model": "1.xyz", "model_rescale": 4.316132596720782, "target_rescale": 4.169619291337473},
{"mapping": [8, 10, 14, 2, 3, 4, 7, 1, 11, 9, 12, 15], "R": [[0.8602400147232366, -0.008579618154678031, 0.5098171311571296], [0.41489324287033097, -0.5694348836839904, -0.7096530914921325], [0.29639621132785504, 0.8219916686902128, -0.4862910471254568]], "T": [0.04970346907183095, 0.07573670192534557, -0.053768777272997934], "aligned_model": [[-0.09150934475354189, 0.4230702904797405, 0.12347554899422244, -0.649048657560797, -0.4934077236773012, -0.5294947251963631, -0.18326114109611297, -0.2700618532665681, 0.6111451580148506, 0.31604067086972437, 0.4127166028306874, -0.07185627100676073], [-0.5729994940140798, -0.4157688568502278, -0.6255128265833122, 0.3009714346763023, -0.17710872286878007, -0.052472987403703236, 0.5618472171156986, 0.5270260445058348, -0.11284205240197084, -0.11955348642785349, 0.6032683229052171, 0.09592183508785476], [0.1284946245632097, 0.12199523289404855, -0.4658922744911526, -0.10490593262965127, -0.46464059329981994, 0.4451287864973518, -0.575243979272791, 0.4652319694206036, -0.5108826123182251, 0.6695205907302118, -0.24272532252070367, -0.016822028363660514]], "inverted": false, "swapped": true, "error_lsq": 0.04300038497290578, "error_max": 0.2105811203172979, "target": "132.xyz", "model": "2.xyz", "model_rescale": 3.795458400668931, "target_rescale": 4.169619291337473},
{"mapping": [4, 8, 9, 11, 0, 12, 10, 3, 14, 6, 5, 15], "R": [[-0.5726780490534231, -0.8011146274927405, 0.17394023614314452], [0.6172719634068549, -0.561017313710179, -0.5515749241120929], [0.5394582238915371, -0.20850642036777242, 0.8157878997271326]], "T": [0.06926672404148167, 0.0700178548532079, 0.009263940310242219], "aligned_model": [[-0.1683492473390989, -0.10275959274280154, -0.7153175784562692, 0.24565110082208258, 0.17721883167686264, 0.14779614778265515, -0.2862012153597236, 0.635931584569922, 0.3494527592311088, 0.6919833921770401, -0.4678334312079831, 0.08573107458977033], [-0.20640452015336264, -0.5950761464348427, -0.058223346999449824, 0.03517089142045883, 0.6691921761685908, 0.6744480130960466, -0.3119519737089378, -0.30866894326992467, -0.5851929799562152, 0.16954261182672287, 0.5447155499622788, 0.05821771333834445], [-0.6747948090366014, -0.03630550278078823, -0.004981726278082896, 0.7354911882318715, -0.37072125121296295, 0.28178923421970803, 0.38291495266214537, -0.2421390638552182, 0.40830472218857183, 0.3879794969501841, -0.0609905674936044, -0.11777524295612204]], "inverted": false, "swapped": true, "error_lsq": 0.033984781446407375, "error_max": 0.18242729618372863, "target": "132.xyz", "model": "3.xyz", "model_rescale": 3.7530521520055578, "target_rescale": 4.169619291337473},
{"mapping": [0, 3, 6, 14, 12, 8, 5, 4, 9, 10, 15], "R": [[-0.36770621397416137, 0.36350018493401487, -0.8559554636531772], [0.4496179147682244, -0.7362141443359027, -0.5057988378784877], [-0.8140244903713048, -0.5708382864110395, 0.10727432052008584]], "T": [-0.04107750649452129, -0.12084014397391914, -0.008109483708489787], "aligned_model": [[-0.41050830964633106, -0.13988383186487852, 0.46601711028934206, 0.43827613645734376, 0.21704447800374138, -0.09745854015044864, -0.2522333377833184, -0.7494205296629108, -0.2297168897234761, 0.25643266355938077, -0.16034934703323903], [-0.734442043559124, 0.10369920001974765, -0.3632059232366315, 0.45257520220941955, -0.7215375754105244, 0.5652782574544849, -0.4510200157258704, 0.19388726056724487, 0.19495525461810398, 0.34254065144228113, -0.1155269100647857], [-0.05356122901749375, -0.6918752468171631, -0.4826835849158719, -0.3374329170065633, 0.12719890254738186, -0.017185640635480177, 0.5961625093378755, -0.010077776579674505, 0.6968087540454693, 0.3214954647669298, -0.056018458480093326]], "inverted": true, "swapped": true, "error_lsq": 0.04544924188800564, "error_max": 0.24651625657249812, "target": "132.xyz", "model": "4.xyz", "model_rescale": 3.7855080009869324, "target_rescale": 4.169619291337473},
{"mapping": [11, 12, 13, 8, 14, 1, 7, 6, 9, 2, 3, 5, 4, 0, 10, 16], "R": [[0.6907501098295586, 0.5698348959921367, 0.4451432096304334], [-0.7210380522463913, 0.5891837205494349, 0.3646459524693178], [-0.05448314402806852, -0.57284442455972, 0.8178513631875051]], "T": [-0.07577556510446323, -0.0037730806266473155, -0.03666970953418776], "aligned_model": [[0.0366673459251147, -0.012403090494432556, -0.5389284566440888, -0.6997048289995326, -0.29803002184805283, 0.5873273977067135, -0.04609129111523552, -0.09239536879870414, -0.27089384958169666, 0.264204579485136, 0.17551513818913786, 0.3271946231378481, 0.4603438441792357, 0.6773881835636517, -0.41641512678297987, -0.08785063678814822], [-0.33820418430574944, 0.20299250899538207, -0.1857877370554129, -0.315455465929001, 0.5786016921063045, 0.007113574630198374, -0.6019856145663728, -0.6257878518218427, 0.5904327688829157, 0.6519381297611326, 0.44032179496733675, -0.11999263289011101, -0.5095493914909122, 0.05120303919935808, -0.01733734706290173, 0.048056570559019296], [-0.7493748778552208, -0.6818806699341243, -0.5631938806593135, 0.05754408091717049, -0.2996145308840747, -0.4017448804753623, 0.41347480058567787, -0.2338966717049722, 0.3035688578274835, -0.05222597628812432, 0.4345513949471496, 0.6555811753904467, 0.024706883912989336, 0.15876794615576084, 0.6073372576407016, -0.044061062427343006]], "inverted": true, "swapped": false, "error_lsq": 0.03085547207382149, "error_max": 0.2025628552694793, "target": "132.xyz", "model": "5.xyz", "model_rescale": 4.2253639853439635, "target_rescale": 4.169619291337473},
{"mapping": [3, 4, 0, 7, 2, 5, 12, 6, 9, 10, 1, 13, 11, 15], "R": [[0.31345387272207526, 0.3100170023161047, -0.8975723524877925], [-0.31942017095329517, -0.8557074425421399, -0.4071062848521976], [-0.8942692122977853, 0.4143117558710194, -0.16919912790369807]], "T": [0.11766567152982646, 0.02832476319681855, -0.018792471945464892], "aligned_model": [[0.4856560342725029, -0.30827627598333174, -0.36619498200634415, 0.19517202224278402, -0.10841883405966599, -0.484398389636547, 0.023546637099171, 0.6678551138210858, -0.2834697333092069, 0.34122073819849885, -0.6167733715936609, 0.08002877812698994, 0.6945127724192321, 0.05360164316627536], [-0.3134608151965369, 0.13511767670028058, -0.48570802158794923, -0.7081451436023036, -0.4792315821616371, 0.19294592157524365, -0.2521844393262363, -0.39541441290438273, 0.7145661756743541, 0.6274994323862612, -0.10258540439839754, 0.389862965792925, 0.14207208383669784, -0.020235290153328603], [-0.5436562038461541, -0.6575222918157433, 0.11044155905861862, 0.10002322924133204, -0.5013612034104331, 0.34060829995635417, 0.5797298058894923, 0.22378408729696853, 0.0008132257086362546, 0.03493213018450597, -0.15567025363948372, 0.6148094188842008, 0.44385290423301205, -0.11922649880985788]], "inverted": true, "swapped": true, "error_lsq": 0.04276016862096864, "error_max": 0.34527022050450606, "target": "132.xyz", "model": "6.xyz", "model_rescale": 3.89814844738969, "target_rescale": 4.169619291337473},
{"mapping": [10, 9, 5, 14, 12, 4, 8, 11, 3, 2, 1, 7, 15], "R": [[-0.9334602932148168, 0.3538905942339442, 0.058423696425806304], [-0.004369490756740507, -0.17409252022463373, 0.9847196057519941], [0.358654134984996, 0.9189413701181278, 0.1640547766557956]], "T": [8.327623257277372e-05, 0.03884378147195538, 0.002348903074462425], "aligned_model": [[-0.017374920851653496, 0.09400663913399637, 0.4862388277747107, -0.39047181665532116, 0.6116757094252249, -0.5232464727347056, -0.5158224190436617, 0.31056189791078864, -0.5866969315637761, -0.4010917379103132, 0.04366145910250072, 0.11822288358673648, -0.08103131727030438], [-0.3338389602744268, 0.2390698673145396, 0.4786610729171027, -0.6766770197123856, 0.05695886467230477, 0.5621302358022786, -0.16719325243338173, -0.6400709997939416, -0.09789261710391711, 0.49165768283595285, 0.7935666926343654, 0.1226465374827847, 0.13476316112920964], [-0.5198352313690343, -0.7613979064406333, -0.29591893667404046, -0.04800683603103184, 0.26955530612117196, -0.22809482623406557, -0.40435702582303856, 0.05143576604270181, 0.4081916937913353, 0.42141740192394284, -0.05903494259944872, 0.7382377942321231, 0.03008277389631391]], "inverted": true, "swapped": true, "error_lsq": 0.046320979408450404, "error_max": 0.25892558660443804, "target": "132.xyz", "model": "7.xyz", "model_rescale": 3.7474275329858107, "target_rescale": 4.169619291337473},
{"mapping": [4, 8, 3, 2, 6, 0, 1, 5, 7, 12, 9, 13, 10, 11, 15], "R": [[0.24182952920865972, 0.5984347460133251, -0.7638025488087121], [-0.313426931756955, -0.696793504460855, -0.6451684823289043], [-0.918303891558856, 0.395417079683121, 0.01906032116028855]], "T": [0.041720846512374864, -0.019052797142752008, -0.019087557793444728], "aligned_model": [[-0.49411045165498035, 0.04062305537799065, 0.40085882868559564, -0.10871462245464755, 0.719687454282942, -0.2525519935151749, -0.6392984944706898, -0.5163662213440501, 0.33924977444533144, 0.12699829181466962, -0.5259945178760737, 0.0073916167462411905, 0.09524994479513874, 0.6307150229686916, -0.02158396546223789], [-0.09379409414331735, 0.43147641264837056, -0.3022646753156265, -0.6143047332195294, -0.2552817544409518, -0.6271353213443893, -0.35288601032588884, 0.015595026229466548, -0.6928436605105927, -0.25268388235791145, 0.534811079964775, 0.38154378543357825, 0.6201825001211289, 0.2894114376960628, -0.09270814845558151], [-0.5741601748845223, -0.5397043884270257, -0.5834696690941356, -0.4248516890846488, 0.14111187212896364, 0.22317554304174828, -0.01262612233056903, 0.4348821850359755, 0.12231519449639996, 0.6005228002146551, 0.037084884451409075, 0.5907662326811217, -0.038743479917022004, 0.3239393373364233, -0.10344786995251162]], "inverted": true, "swapped": true, "error_lsq": 0.041233150608575374, "error_max": 0.28990571534190823, "target": "132.xyz", "model": "8.xyz", "model_rescale": 4.019505241142653, "target_rescale": 4.169619291337473},
{"mapping": [6, 12, 10, 14, 3, 8, 9, 7, 2, 0, 5, 4, 15], "R": [[-0.7066438770204101, 0.6944018803876482, 0.1358692738762607], [0.6321152706552133, 0.7058236453715868, -0.31975500971658166], [-0.31793822619189777, -0.14006787693280434, -0.9377079898227842]], "T": [-0.017158284761588434, -0.031962802415728936, -0.046957702298358675], "aligned_model": [[-0.34372220443028434, -0.6847612952714908, 0.21725587263810422, 0.371471953923372, 0.3557737398495573, 0.6228298773613862, 0.2046767205297878, -0.4258759446045739, 0.1714500511382566, -0.41290217140168356, -0.34681495547190927, 0.546215602343541, 0.044103525137112826], [-0.6525375702852201, -0.024325477722850358, 0.22728671086492283, -0.4459110160885329, -0.6367755087809764, 0.026754461348084735, 0.7184123780804773, -0.558176949772731, -0.321332612628607, -0.010414268889732875, 0.5817210521561589, 0.20032382031473975, -0.04164679048167398], [-0.26910554208064014, -0.04241743394995173, -0.5852078092002277, -0.6340287473566024, 0.10416979676273956, -0.29391335345437264, -0.18819364502436342, 0.2973689950747534, 0.6028824599996019, 0.5513521735464817, 0.1359870447473041, 0.43206196331664287, 0.06574759166251366]], "inverted": false, "swapped": true, "error_lsq": 0.051055596151460096, "error_max": 0.28901396376045285, "target": "132.xyz", "model": "9.xyz", "model_rescale": 3.877068213659057, "target_rescale": 4.169619291337473},
{"mapping": [13, 14, 6, 12, 10, 2, 5, 3, 11, 9, 8, 1, 4, 7, 0, 15], "R": [[-0.9127726903960958, -0.40071125694429555, 0.07922439160508633], [-0.40388169173232524, 0.9143685443449048, -0.028456004568719915], [-0.0610376502702091, -0.05797114515604056, -0.9964505765861089]], "T": [-0.0020848755719566157, -0.029468580348899282, -0.0860956912471589], "aligned_model": [[0.15959062449907166, 0.043886368364279504, -0.4673581891217553, -0.6878604490463388, -0.4298364581777631, 0.5828500324607409, -0.18236000179467274, -0.1214570733488693, -0.4353588581258292, 0.21307424343876036, 0.2944776775453575, 0.2690581117851018, 0.4783334419909923, 0.7198719093661103, -0.32770140784571195, -0.043281530855506976], [-0.2238376948077055, 0.39544669164450624, -0.20628540820880428, -0.18265602490302743, 0.45250912841865487, 0.13176892023722236, -0.5835910035709049, -0.6468203697308142, 0.47615506151379455, 0.5774739725327109, 0.5020583589658406, -0.32091426523964517, -0.5050843163726138, -0.05385708560695511, 0.06410261121867795, -0.01990872211159403], [-0.8166572396364467, -0.7394372581142232, -0.45018514208142757, 0.16775600831458945, -0.3826371744991396, -0.35481297710541027, 0.43490782235950187, -0.17205143144571905, 0.23213954422358044, -0.23091487128812888, 0.38809066524081826, 0.6849085262309874, -0.053253773800443854, 0.2939966276833553, 0.634309987278787, -0.006619466211834207]], "inverted": false, "swapped": false, "error_lsq": 0.03444359057633668, "error_max": 0.2485371770217273, "target": "132.xyz", "model": "10.xyz", "model_rescale": 4.260839863003843, "target_rescale": 4.169619291337473},
{"mapping": [9, 4, 3, 8, 6, 11, 13, 5, 0, 7, 12, 15], "R": [[0.5873636887266378, 0.3594356234653876, -0.725127526542391], [0.8033649675764273, -0.3674566948105667, 0.4685939674279008], [-0.09802359938486138, -0.8577771330730043, -0.5045887077023168]], "T": [-0.03900536323758394, -0.03901190572597991, -0.09379405594002355], "aligned_model": [[0.48283801285092875, 0.22344660424537047, -0.588754529397046, -0.26701081563395396, -0.5829138659912655, -0.44483324652702627, 0.22963011401130481, 0.6548704777713601, 0.34890125191191246, -0.22950119537093966, 0.14578769656604565, -0.01356185534256063], [-0.0425561350051362, -0.7519896061710065, -0.4790154712483053, -0.36021194094122394, 0.29062783241345685, 0.5786737755954878, 0.6003035718586945, 0.1540851029032498, -0.12136883750960753, -0.0021404878186718143, 0.46565652880397623, -0.15898582734797992], [-0.6937008835944536, -0.24738056332210562, 0.08478069694655468, -0.6584742392425683, 0.275810979925563, -0.20998313929914603, -0.3233337349245266, -0.09398615018347484, 0.5043681832175859, 0.6306810404928234, 0.3023549294739496, -0.05495904209469682]], "inverted": false, "swapped": true, "error_lsq": 0.04522613835542949, "error_max": 0.2456433430970478, "target": "132.xyz", "model": "11.xyz", "model_rescale": 3.890672605050136, "target_rescale": 4.169619291337473},
{"mapping": [3, 14, 8, 2, 4, 12, 6, 0, 7, 13, 9, 10, 5, 15], "R": [[-0.7691759655289339, 0.4105069328697003, -0.4897472737224208], [0.2117187061862042, 0.8868014587428077, 0.41080209617584507], [0.6029457052699457, 0.21229043981663387, -0.7690183649686061]], "T": [0.06317876270631413, 0.010059656169342145, 0.09379249780438847], "aligned_model": [[0.46915332630300677, -0.0035838189442284757, 0.3889348802800477, 0.6384289073245575, 0.7928237438428597, -0.44293733229596216, -0.30451299150635563, 0.14742627819629361, -0.004771958201300844, -0.5545601201402235, 0.11103585968999324, -0.11638725423087552, -0.09426344168227298, 0.18308975615815376], [-0.26249432621432134, 0.2913867864431903, 0.5234616274326113, -0.448114061032023, 0.1738420426089891, -0.3362498725890928, -0.422255491824414, -0.5280466519235325, -0.7325512596117932, 0.2995000810058449, 0.6788499947681377, 0.6057662172434004, 0.11810584971983806, -0.029048416199070108], [-0.4434366954950506, -0.6700378507889682, -0.22919515850095695, 0.12143926889178847, 0.2977547080585478, 0.35777910935463764, -0.374195841328902, 0.5611213199072196, 0.013642287817785564, 0.3549450908115107, 0.52116874171629, -0.0635708510420574, 0.7882621852019995, 0.1191141207530173]], "inverted": false, "swapped": true, "error_lsq": 0.04974658046869051, "error_max": 0.32786317292678985, "target": "132.xyz", "model": "12.xyz", "model_rescale": 4.124412569039231, "target_rescale": 4.169619291337473},
{"mapping": [5, 4, 8, 0, 9, 13, 2, 12, 3, 7, 11, 14, 15], "R": [[-0.18539376406864944, -0.3918629487311647, -0.9011506986382327], [0.9737028759452329, -0.1968229652521886, -0.11473199085398267], [-0.13240793639521975, -0.8987236225676126, 0.4180478305391706]], "T": [0.14066274577183172, 0.10331295957970121, -0.010271786590258677], "aligned_model": [[-0.05680886420842382, -0.1456353176824752, 0.5523213297866086, -0.5350439796713385, 0.4138105480821933, 0.4910422335788931, -0.46329445404629, -0.038825182868574226, 0.030151965573666117, -0.35279158012209844, 0.6623842551100955, 0.7622696528475088, 0.04771770112999216], [-0.45677263801492707, 0.5410593451395044, 0.5678984299333475, -0.1359406186900019, -0.12004343893607672, -0.5354995520937775, 0.523673453701894, -0.460817823659022, 0.7534808140866673, 0.0899991641963228, -0.13892401478769748, 0.539950688564108, 0.17942156706813608], [0.3972319078672252, 0.5617584334235268, 0.2875825558366614, -0.04534908864741366, 0.7022753837290985, 0.04198290887196818, -0.021803644124273516, -0.31900025188276415, -0.3148786712131882, -0.5749291162859903, -0.48866460614310286, -0.3102573606970199, 0.03574963023311206]], "inverted": true, "swapped": true, "error_lsq": 0.05086446851615256, "error_max": 0.27122125491955307, "target": "132.xyz", "model": "13.xyz", "model_rescale": 3.9028299243045295, "target_rescale": 4.169619291337473},
{"mapping": [11, 14, 13, 5, 10, 9, 8, 12, 4, 7, 3, 2, 1, 6, 0, 15], "R": [[0.8132306157113448, -0.47630495681850715, 0.33434944860111143], [0.5647966973855476, 0.5075661854076033, -0.650677537689102], [0.14021646227217854, 0.7179903589470368, 0.6817838280327425]], "T": [0.004646112181000004, -0.044948083244699996, 0.04200017639341414], "aligned_model": [[0.353637468458921, -0.03807976901102192, -0.5688353657712408, -0.5040667299396834, -0.323290455094898, 0.4918401374855262, -0.4506987126681348, -0.19615131146091516, -0.3757860275595512, 0.22929947916385146, 0.22695726802381974, 0.2330365219268832, 0.5330500650552229, 0.648606288606287, -0.26005012638419484, 0.06645971030309575], [-0.35650862041380743, 0.02914896771664828, -0.20742852471222306, -0.10220663772762363, 0.48316428252863897, 0.30626708481942216, -0.5331486597929986, -0.6419656761190458, 0.4568072199434138, 0.804894970350164, 0.31899808365674676, -0.48150480745940083, -0.41592606107414953, 0.11306150058535731, 0.05179736757282542, 0.03110936410537518], [-0.5298317510644016, -0.8387578941901879, -0.4846595357371668, 0.03612345492856548, -0.36898344737955535, -0.44803588747630285, 0.4303665589481395, -0.253788054302429, 0.2927516004327171, -0.17691899772570172, 0.4967642721878434, 0.5891800525171818, -0.03123477629500198, 0.11096774011290686, 0.8216107383282047, -0.016014226135966085]], "inverted": true, "swapped": false, "error_lsq": 0.04551287483841205, "error_max": 0.37973146395748963, "target": "132.xyz", "model": "14.xyz", "model_rescale": 3.942246331269136, "target_rescale": 4.169619291337473},
{"mapping": [13, 9, 10, 4, 2, 8, 6, 11, 12, 14, 3, 7, 1, 0, 15], "R": [[0.9977551202073274, -0.042682394592129844, -0.05160361704322237], [-0.017368226531782896, 0.5792767432672344, -0.8149458874163653], [0.06467661715954613, 0.8140126951722488, 0.5772350191137136]], "T": [-0.10065285715457219, -0.007606711088306764, -0.05737449055458228], "aligned_model": [[-0.7791034847553164, -0.436275391449715, -0.22824409475413943, 0.2997822669861567, 0.3886159577349115, 0.27288454578128085, -0.01832251344919722, -0.3478085372675559, -0.599338429079381, 0.2887166979210255, 0.5888906724594123, 0.011418035260093565, -0.19710207521137163, -0.25020618003312667, -0.019613433610867176], [0.1503228972944928, -0.4718502559217654, 0.1210906433491819, -0.6615489317762365, -0.32182108669976933, -0.07065234580265506, 0.6531968195845906, 0.6787941881976899, 0.18705445290571418, 0.5511380597600094, 0.1732881292114294, 0.2259665017547291, -0.705843124927906, -0.313545020327554, -0.09744623672030013], [-0.2772397866987869, -0.6087878728267324, -0.6730293873548419, -0.17059257733189886, 0.39371927010358104, -0.6322785824783971, 0.25514288051649475, -0.2232046750924137, 0.34161480002042033, -0.5081900055925039, 0.08235025046971238, 0.6464692408131268, 0.22269186924265244, 0.5743594923839732, -0.01366243581387011]], "inverted": true, "swapped": true, "error_lsq": 0.03865218916215716, "error_max": 0.250781721671928, "target": "132.xyz", "model": "15.xyz", "model_rescale": 4.355366556412066, "target_rescale": 4.169619291337473},
{"mapping": [8, 10, 14, 2, 3, 4, 7, 1, 11, 9, 12, 15], "R": [[0.8602400147232366, -0.008579618154678031, 0.5098171311571296], [0.41489324287033097, -0.5694348836839904, -0.7096530914921325], [0.29639621132785504, 0.8219916686902128, -0.4862910471254568]], "T": [0.04970346907183095, 0.07573670192534557, -0.053768777272997934], "aligned_model": [[-0.09150934475354189, 0.4230702904797405, 0.12347554899422244, -0.649048657560797, -0.4934077236773012, -0.5294947251963631, -0.18326114109611297, -0.2700618532665681, 0.6111451580148506, 0.31604067086972437, 0.4127166028306874, -0.07185627100676073], [-0.5729994940140798, -0.4157688568502278, -0.6255128265833122, 0.3009714346763023, -0.17710872286878007, -0.052472987403703236, 0.5618472171156986, 0.5270260445058348, -0.11284205240197084, -0.11955348642785349, 0.6032683229052171, 0.09592183508785476], [0.1284946245632097, 0.12199523289404855, -0.4658922744911526, -0.10490593262965127, -0.46464059329981994, 0.4451287864973518, -0.575243979272791, 0.4652319694206036, -0.5108826123182251, 0.6695205907302118, -0.24272532252070367, -0.016822028363660514]], "inverted": false, "swapped": true, "error_lsq": 0.04300038497290578, "error_max": 0.2105811203172979, "target": "132.xyz", "model": "16.xyz", "model_rescale": 3.795458400668931, "target_rescale": 4.169619291337473},
{"mapping": [10, 9, 5, 14, 12, 4, 8, 11, 3, 2, 1, 7, 15], "R": [[-0.9334602932148168, 0.3538905942339442, 0.058423696425806304], [-0.004369490756740507, -0.17409252022463373, 0.9847196057519941], [0.358654134984996, 0.9189413701181278, 0.1640547766557956]], "T": [8.327623257277372e-05, 0.03884378147195538, 0.002348903074462425], "aligned_model": [[-0.017374920851653496, 0.09400663913399637, 0.4862388277747107, -0.39047181665532116, 0.6116757094252249, -0.5232464727347056, -0.5158224190436617, 0.31056189791078864, -0.5866969315637761, -0.4010917379103132, 0.04366145910250072, 0.11822288358673648, -0.08103131727030438], [-0.3338389602744268, 0.2390698673145396, 0.4786610729171027, -0.6766770197123856, 0.05695886467230477, 0.5621302358022786, -0.16719325243338173, -0.6400709997939416, -0.09789261710391711, 0.49165768283595285, 0.7935666926343654, 0.1226465374827847, 0.13476316112920964], [-0.5198352313690343, -0.7613979064406333, -0.29591893667404046, -0.04800683603103184, 0.26955530612117196, -0.22809482623406557, -0.40435702582303856, 0.05143576604270181, 0.4081916937913353, 0.42141740192394284, -0.05903494259944872, 0.7382377942321231, 0.03008277389631391]], "inverted": true, "swapped": true, "error_lsq": 0.046320979408450404, "error_max": 0.25892558660443804, "target": "132.xyz", "model": "17.xyz", "model_rescale": 3.7474275329858107, "target_rescale": 4.169619291337473},
{"mapping": [1, 12, 7, 13, 4, 8, 2, 6, 9, 3, 10, 11, 14, 15], "R": [[-0.4199225176385517, -0.5265989098359479, -0.7391607858508807], [0.03226308057969755, -0.822595363365566, 0.5677111605393893], [-0.9069863134643258, 0.2145470958299448, 0.3624160190434858]], "T": [0.04749073013267687, -0.0699665124840805, -0.03317060937932873], "aligned_model": [[0.47278083935358145, 0.1615863498138943, 0.6376335555257182, -0.4377760175129702, 0.29028291885705554, -0.3067885812533218, 0.7166262811263535, 0.15149124674938916, -0.4179788212162924, 0.3627960738980082, -0.5807443711750343, -0.3965163285671633, -0.38101999934364916, 0.1424745016273073], [-0.6272805152216032, 0.267495940420971, 0.38444442003232415, 0.02951514398548341, -0.7381837032173646, -0.33876860307473167, -0.23054835871829468, 0.6540755120201944, -0.6808500266795915, 0.12129905762906415, -0.15338526406002048, 0.5281030960428734, 0.28710842081811305, -0.14261687846618407], [-0.32265831640154047, -0.5978599087784667, -0.12123012855100854, -0.5700107600758416, 0.2756089089186331, 0.4924254940853951, 0.22773418748225724, 0.04463516264818338, -0.23903634583436442, 0.5927017798632431, 0.06799981256274601, -0.10318667923276001, 0.5634155492766644, 0.014255962698514556]], "inverted": false, "swapped": true, "error_lsq": 0.03588264156827874, "error_max": 0.23223707235395272, "target": "132.xyz", "model": "18.xyz", "model_rescale": 3.922800546911778, "target_rescale": 4.169619291337473},
{"mapping": [0, 7, 12, 5, 14, 2, 6, 9, 3, 13, 11, 10, 4, 8, 15], "R": [[0.7853553094645085, 0.174562434563577, 0.5939233909648142], [0.49783279521717005, 0.3921492514591712, -0.7735512087678948], [-0.367939595453066, 0.903187090817428, 0.2210735919972927]], "T": [0.06228841360995448, 0.07493309221237612, 0.00980941284599744], "aligned_model": [[-0.28597086692550083, -0.3057051865899372, 0.29749713224085345, 0.2903565125749239, 0.2350908888574883, -0.668716798577056, 0.0955209977037509, 0.42380863822547754, -0.4548839937593207, 0.7484803112134891, 0.6075628207401912, 0.538260698024042, -0.4348909842815019, 0.06680872777912507, -0.05716806033840667], [0.47248507675103624, -0.11467541419627006, 0.20689306033521979, 0.744250707014867, -0.6447035791940735, 0.1302097269256189, -0.49911566790324713, 0.5910828405030748, -0.4238334763304692, 0.2726760256800388, -0.3950422835755084, -0.02654027237482004, 0.4111246184649595, -0.12042476919267961, 0.11322491212683125], [-0.47570079688588607, -0.6156037732793532, -0.6009574394798743, -0.12711774708669735, 0.3552097076987726, -0.054813349236631115, -0.4489610256412201, 0.49469479840472147, 0.1169580800973886, -0.1438661404187663, -0.19398151418068263, 0.42817172670149406, 0.5003142097701718, 0.6699870640175574, 0.038325366682334105]], "inverted": false, "swapped": true, "error_lsq": 0.037524516373043264, "error_max": 0.30381524660031234, "target": "132.xyz", "model": "19.xyz", "model_rescale": 3.9282355846067225, "target_rescale": 4.169619291337473},
{"mapping": [2, 0, 12, 1, 4, 5, 9, 13, 8, 14, 6, 3, 11, 15], "R": [[0.8313146212107859, -0.23388845726888194, 0.5041945954862571], [-0.05057034307867772, 0.8715554552851822, 0.4876819955294065], [-0.5534967397935356, -0.43091446705700376, 0.712708973648365]], "T": [-0.011919697741444513, -0.09258537761803404, 0.06694345268155767], "aligned_model": [[-0.6557704166469341, -0.15939674893315842, 0.44127592812935146, -0.36829580610612034, -0.6868972466974522, 0.20607413793521348, 0.08587261274311794, 0.662461339190393, -0.26234180828053505, 0.05432865515533754, 0.2434427980129366, -0.49293062066553767, 0.5996715495674163, -0.13497155431935237], [-0.4488926591484725, -0.7002801410627679, -0.5640126348996604, -0.3044568706215402, 0.13524991495779365, -0.16657148494843652, 0.4644609988820105, 0.030923049666270394, 0.5242161810950106, 0.3360912634896856, -0.46354341643228963, -0.1723879581843592, -0.031028805102742252, -0.11688535026566643], [0.07702317798827081, -0.2852068909179386, -0.06775171497684614, -0.5681787772905482, -0.23851266475530952, -0.6155189403531772, -0.49194586644460336, -0.185115368153708, 0.24262572862779264, 0.7589597032682615, 0.6485677541569727, 0.6054378963822823, 0.4934393019602459, 0.03835981775198756]], "inverted": false, "swapped": true, "error_lsq": 0.03831679815681316, "error_max": 0.23441675214028138, "target": "132.xyz", "model": "20.xyz", "model_rescale": 4.067790424073018, "target_rescale": 4.169619291337473},
{"mapping": [11, 9, 6, 7, 14, 8, 3, 13, 10, 5, 1, 2, 0, 4, 15], "R": [[-0.697015042507585, 0.3525914543708867, 0.6243791290736522], [-0.4932048582170204, -0.867805100824463, -0.06052499330171346], [0.5204987976444118, -0.3501336506074024, 0.7787730275009882]], "T": [0.06629242834394689, 0.02570337800962625, -0.02672140696382861], "aligned_model": [[-0.05078679310484452, 0.11920642200377127, 0.00011523923260783886, 0.3386973980964101, -0.6578698027292036, -0.5389932687703775, -0.41459093350865805, 0.3915646583470349, -0.24742235612485636, 0.6531262023148018, 0.5108453443633311, 0.06651941482328216, 0.6473728641895845, -0.10804945894315138, 0.058709023717782895], [-0.03968892900936232, 0.8102573365423096, -0.5470866802460768, -0.6730810526997848, -0.05021185677616818, 0.32947126481433087, -0.47442942954715234, 0.43207879478212907, 0.502169749205579, 0.433262785703835, 0.16331506660070033, -0.4044526398601762, -0.2591065350958771, 0.2231569159566381, -0.004759650443076715], [-0.7627567844724554, 0.09116187438135079, -0.4834914012392185, -0.029581603170629724, -0.3966740230967428, 0.09727034346487237, 0.188533309204241, -0.5392004414385667, -0.32072194443032515, 0.06422706913496853, 0.5722021567629643, 0.5704100498666734, 0.2835705702413143, 0.7022669732637017, 0.09803342514899296]], "inverted": true, "swapped": true, "error_lsq": 0.039801526493615444, "error_max": 0.33728174926731147, "target": "132.xyz", "model": "21.xyz", "model_rescale": 4.186013935880536, "target_rescale": 4.169619291337473},
{"mapping": [13, 5, 12, 14, 8, 11, 10, 9, 7, 1, 4, 3, 15], "R": [[0.18532771406614662, 0.807751456688544, -0.5596349011780375], [0.20791801895994838, 0.524374855965043, 0.825712484962781], [0.9604289332328484, -0.2693855873078137, -0.07076488931692823]], "T": [0.05836910444760502, 0.036611784804582735, 0.027762252113331817], "aligned_model": [[0.005953669295922927, -0.4210780867245604, 0.28642093856983225, 0.4864691727568397, -0.13188499027238132, 0.5886100892392713, -0.05931293473159837, -0.6203176288885921, 0.5373885628486151, -0.5048039212729639, -0.5111804851473882, 0.3969854069578472, 0.005324242792381084], [-0.3205107970909228, 0.16661712276986784, 0.25884980151441656, -0.5295627778494424, -0.4138171114497808, -0.40651745152461816, -0.5940482003545879, -0.34375262873515916, 0.6108818970944233, 0.5399489899171662, 0.23361133112246543, 0.19553019390165968, 0.12172629023060555], [-0.6072919561260237, -0.4937539771214613, -0.5590727735023793, 0.43176187350692247, 0.5124650963598836, -0.2589654110342114, 0.010662378453123893, -0.13633681400543657, -0.029391273358632036, -0.041241430510268615, 0.5152163479624702, 0.6504982833964362, 0.10832921731492237]], "inverted": true, "swapped": true, "error_lsq": 0.04471561821944857, "error_max": 0.25932450882388214, "target": "132.xyz", "model": "22.xyz", "model_rescale": 4.166573947596378, "target_rescale": 4.169619291337473},
{"mapping": [1, 0, 5, 13, 7, 4, 12, 6, 10, 8, 9, 11, 2, 3, 14, 15], "R": [[-0.27821337128115514, 0.8020788962319452, 0.5284569653810218], [0.5438795942691508, 0.5850296070362813, -0.6016106264259287], [-0.7917021579975629, 0.12004083934361165, -0.5989974039273318]], "T": [0.058928220643297294, -0.009016169470079053, 0.05329148402228514], "aligned_model": [[0.07361557008356735, 0.06526078161599934, -0.5639953530713517, -0.7869090799691554, -0.3709012946481106, 0.5920821660661372, -0.0870065245702039, -0.0891610403395544, -0.5289747202936221, 0.3737346920181988, 0.21348624474054712, 0.4844143637900982, 0.4829685360986513, 0.650974995067232, -0.48507908747637773, 0.04141819202191198], [-0.32822403193039645, 0.2485335767347437, -0.1472719730335289, 0.025210772570500802, 0.4004286610704586, 0.17252289049560698, -0.48033630241626685, -0.7239250342726519, 0.44160749445256814, 0.7195804566410968, 0.3225409533115538, -0.31738590223604574, -0.47126446219536994, 0.02102193722615586, 0.011308003421183373, -0.03778718586026487], [-0.5838817131361294, -0.7215528808274393, -0.47954388951530236, 0.03911699189966924, -0.3454454796244271, -0.41856013836702927, 0.4845011054922556, -0.16137690623374032, 0.16396975042869635, -0.10202426605181572, 0.5293491042764022, 0.6414776597611493, -0.1902769169047834, 0.15331638620361432, 0.6274175502559276, -0.006946510508202074]], "inverted": true, "swapped": false, "error_lsq": 0.03638437159814021, "error_max": 0.24830568822036678, "target": "132.xyz", "model": "23.xyz", "model_rescale": 4.274766983524099, "target_rescale": 4.169619291337473},
{"mapping": [4, 3, 14, 10, 11, 13, 5, 12, 0, 7, 15], "R": [[0.43700696086949087, 0.22301551667581349, 0.8713719042254184], [0.599396720099957, 0.6501083624908652, -0.46699324294133027], [-0.6706329011352079, 0.7263767592243481, 0.15042711050109442]], "T": [-0.02654244934874536, 0.05989181705607563, -0.046594345065408264], "aligned_model": [[0.43039976269331126, 0.22968007432755008, -0.5281521234319392, -0.5897965520723524, -0.6430071847275157, -0.5350618751555407, 0.04721819010921488, -0.04697937848457298, 0.5467410056966411, 0.3804452797006974, 0.0884075053025811], [-0.2242086077659076, 0.6465355737211769, 0.574057211308832, -0.10355356504303131, 0.37607289871746474, -0.2910527958911512, -0.5861753795803296, 0.0278946656657613, -0.06895578949693415, 0.5109551755754701, 0.05401714403213222], [-0.6045350366155577, -0.38998238629674353, -0.435259599735893, -0.3071781276402983, 0.23577514423965962, 0.34305118097693665, 0.2630937558922389, 0.6199874103385536, 0.36546953966653833, 0.39319556372564113, -0.10405101052949839]], "inverted": true, "swapped": true, "error_lsq": 0.04640523681295403, "error_max": 0.19581373977730906, "target": "132.xyz", "model": "24.xyz", "model_rescale": 3.7841303162186577, "target_rescale": 4.169619291337473},
{"mapping": [12, 5, 13, 11, 3, 2, 10, 14, 6, 4, 1, 0, 9, 8, 7, 15], "R": [[0.80260078878843, 0.3447394621978271, 0.4868127741131526], [-0.38552740602705954, 0.9225269840727336, -0.017680013000936093], [-0.4551929184842808, -0.17348967364433954, 0.873327395711679]], "T": [0.025348982312487785, -0.052507056776499195, 0.06243515526175881], "aligned_model": [[0.05493942753436982, 0.1775595908403051, -0.5359968103488083, -0.7370106984809747, -0.41431670801896586, 0.6318804042804782, -0.12689336812959517, -0.07961157016554585, -0.384608943866633, 0.19102010036815434, 0.45389087751499174, 0.22593692880396243, 0.33981130937176185, 0.5847758437742528, -0.297031578271528, -0.018416364072258676], [-0.2352218107039914, 0.3352321440954168, -0.25335564337583394, -0.1043985092002003, 0.4232164806379257, 0.08917216519780885, -0.7285285668359671, -0.7391115755494622, 0.5294186069666111, 0.6482502006532735, 0.4170949999414486, 0.01281885434251187, -0.47486194969988466, 0.019846916581739246, -0.08427194364659929, 0.0012594845745465474], [-0.6730317921104004, -0.7094644419673646, -0.4440732292626748, 0.1368835496603945, -0.4165043861507496, -0.3628173111078841, 0.4160907645004438, -0.3207834240563837, 0.18622317117236276, -0.13300457882536063, 0.4482617305332443, 0.7672946805647781, -0.1922617191012091, 0.23925221567499388, 0.6262323938324392, 0.0612422237922153]], "inverted": true, "swapped": false, "error_lsq": 0.04268496046815079, "error_max": 0.3150892625526237, "target": "132.xyz", "model": "25.xyz", "model_rescale": 4.19342608120988, "target_rescale": 4.169619291337473},
{"mapping": [8, 10, 14, 2, 3, 4, 7, 1, 11, 9, 12, 15], "R": [[0.8602400147232366, -0.008579618154678031, 0.5098171311571296], [0.41489324287033097, -0.5694348836839904, -0.7096530914921325], [0.29639621132785504, 0.8219916686902128, -0.4862910471254568]], "T": [0.04970346907183095, 0.07573670192534557, -0.053768777272997934], "aligned_model": [[-0.09150934475354189, 0.4230702904797405, 0.12347554899422244, -0.649048657560797, -0.4934077236773012, -0.5294947251963631, -0.18326114109611297, -0.2700618532665681, 0.6111451580148506, 0.31604067086972437, 0.4127166028306874, -0.07185627100676073], [-0.5729994940140798, -0.4157688568502278, -0.6255128265833122, 0.3009714346763023, -0.17710872286878007, -0.052472987403703236, 0.5618472171156986, 0.5270260445058348, -0.11284205240197084, -0.11955348642785349, 0.6032683229052171, 0.09592183508785476], [0.1284946245632097, 0.12199523289404855, -0.4658922744911526, -0.10490593262965127, -0.46464059329981994, 0.4451287864973518, -0.575243979272791, 0.4652319694206036, -0.5108826123182251, 0.6695205907302118, -0.24272532252070367, -0.016822028363660514]], "inverted": false, "swapped": true, "error_lsq": 0.04300038497290578, "error_max": 0.2105811203172979, "target": "132.xyz", "model": "26.xyz", "model_rescale": 3.795458400668931, "target_rescale": 4.169619291337473},
