[{"mapping": [4, 7, 8, 12, 9, 6, 2, 5, 0, 11, 1, 3, 13], "R": [[0.8983961485694475, 0.035972211104928875, 0.4377103611565599], [0.059752160407775756, 0.9773616198128491, -0.2029629114971687], [-0.4351023322876896, 0.2084952377034702, 0.875908497671296]], "T": [-0.08553981455160384, -0.06921340032262237, 0.1546040894000327], "aligned_model": [[0.2964959474349397, -0.2859466098007918, 0.1123950291355611, -0.6270655012511397, -0.6092435230038734, 0.6164432622194728, 0.22680158289969257, 0.27036326789994847, -0.32417839032692997, -0.28973426148641523, -0.16739128704498482, 0.37137948374195595, -0.15090162438243043], [-0.18104196777005524, -0.35499542274897633, -0.7030511795037399, 0.031522694918264565, 0.12155202660485386, -0.23762576943891767, 0.4730972786203944, -0.5100536857331294, 0.6632907777923591, -0.7355258806112588, 0.22235344070412266, 0.17817173696911215, -0.15804136751165926], [-0.7142729299054019, -0.5158884419165526, -0.2572825442262441, 0.3327107364793066, -0.32088108324654385, -0.09719606557073565, -0.2921623197583094, 0.6559962503900744, 0.11099567534212132, 0.19194237130845598, 0.6458608726481848, 0.21139893504471233, 0.034698758759141385]], "inverted": true, "swapped": false, "error_lsq": 0.04851668664783678, "error_max": 0.27528572866240647, "target": "133.xyz", "model": "0.xyz", "model_rescale": 3.8414455957264533, "target_rescale": 3.8030872860824227},
{"mapping": [2, 7, 4, 13, 9, 5, 6, 1, 8, 0, 12, 10, 14], "R": [[-0.21470508024032486, 0.6041047999567645, 0.7674367199894683], [-0.9514183573187843, -0.3069184630918288, -0.024579795975073482], [0.22069172588890185, -0.7354307905456144, 0.640653349668626]], "T": [-0.04418770160450733, -0.13164810851861605, 0.011199837969043716], "aligned_model": [[0.2561516153838965, -0.42092777149205807, 0.12581486241087653, -0.746764969542825, -0.5210965059323237, 0.5886800469537683, 0.2934883977121473, 0.2561941027090803, -0.3111532411100575, -0.4238352447861127, -0.08471457109191369, 0.4206519312792232, 0.006928723541304062], [-0.22122093466021686, -0.4256528393816019, -0.6072366767950811, -0.006089873574168458, 0.13338068885734342, -0.03916662547857258, 0.4052096427162317, -0.6656725651562085, 0.5887769856767607, -0.7396182887629775, 0.255399092523364, 0.2865066179828105, -0.15496254165631324], [-0.6569152203153631, -0.41843156231081063, -0.19062156030459906, 0.2670656482159272, -0.3984675989959982, -0.1476975286296101, -0.4446354180972172, 0.622007944103024, 0.19564354718858945, 0.11963125591133923, 0.6675850761350104, 0.2895019055420785, 0.08125372690583987]], "inverted": true, "swapped": false, "error_lsq": 0.03797604435729295, "error_max": 0.20477828322169084, "target": "133.xyz", "model": "1.xyz", "model_rescale": 4.316132596720782, "target_rescale": 3.8030872860824227},
{"mapping": [0, 6, 5, 9, 2, 1, 7, 3, 11, 4, 10, 12], "R": [[-0.28757723203902896, -0.9351792524923275, -0.206734373824632], [0.5314047344968638, 0.023780999775631445, -0.8467841945879657], [0.79681136021463, -0.3533754798476595, 0.4901198082870638]], "T": [0.11792912328610192, 0.0071875968802749875, -0.011105191848107529], "aligned_model": [[-0.1842195907287861, 0.5515261082183147, 0.234643637655223, -0.5587515899275461, -0.46298416273278997, -0.5128916918256542, -0.24629746040133563, -0.09801482226524594, 0.4582246703295366, 0.07606905704912345, 0.330913044044688, 0.009591355216252609], [-0.5830694725361021, -0.4209731598786345, -0.6032997392346133, 0.5163124669764823, -0.19945857336781908, -0.12698025958608875, 0.34969042884662654, 0.5692961674011994, 0.042363738468531094, -0.10235545990316353, 0.5429581196747892, 0.028292170879773516], [0.0543631187404157, 0.127582135506786, -0.5242550406438407, -0.03953549155911086, -0.3006292907413207, 0.3637972595370038, -0.785700222966979, 0.49849623857456915, -0.5464788163878059, 0.6945749710335296, -0.11835221124411378, 0.025395811360287436]], "inverted": true, "swapped": true, "error_lsq": 0.03881298772214881, "error_max": 0.19527828686736595, "target": "133.xyz", "model": "2.xyz", "model_rescale": 3.795458400668931, "target_rescale": 3.8030872860824227},
{"mapping": [5, 11, 7, 3, 0, 1, 10, 6, 8, 4, 2, 12], "R": [[-0.32711725524792407, 0.6832819895297259, -0.6527786945844392], [-0.2952522360519449, -0.7301008847643886, -0.6162619695978198], [-0.897675007129747, -0.008855554785393127, 0.4405691327408808]], "T": [0.05934125655625185, -0.04472581767555184, 0.05988949442272693], "aligned_model": [[-0.073389647216059, -0.2551509558408515, -0.862082710023548, 0.1675926478826735, 0.22254580754396722, 0.16193238015261976, -0.1532299974626141, 0.5203100313349812, 0.49776821394718, 0.6655704993969914, -0.33515407729520874, 0.03659163332343335], [-0.08032632867339792, -0.511077310045443, -0.05410552362738935, 0.09551792844442963, 0.4491701236068638, 0.6712581328890919, -0.4515421202735375, -0.24527637197668328, -0.5370729154893275, 0.22791592482508194, 0.4662024468173148, 0.05510505879270591], [-0.7343113262395498, -0.23553269843581917, 0.030622596188667785, 0.8285928042323873, -0.35654108417331054, 0.24245402119253978, 0.4248937199761922, -0.31139128556462564, 0.5184110382138204, 0.3242548175845204, -0.15762563034594324, 0.1149444580102209]], "inverted": false, "swapped": true, "error_lsq": 0.04408257353151832, "error_max": 0.24854281293603675, "target": "133.xyz", "model": "3.xyz", "model_rescale": 3.7530521520055578, "target_rescale": 3.8030872860824227},
{"mapping": [3, 7, 2, 5, 1, 11, 4, 10, 8, 6, 12], "R": [[-0.5113031107339214, 0.18886140329687548, 0.8383916145206549], [-0.7698301249330942, -0.5342924767411978, -0.34913196365164434], [0.38200877961024915, -0.8239313804210224, 0.41857660309457895]], "T": [-0.030567496349788954, -0.022599291205129414, 0.030464507556954325], "aligned_model": [[-0.5682449048086958, -0.2423579721327519, 0.307536776760585, 0.574741928876444, 0.20482321576147322, -0.10013113904608487, 0.04034022199284092, -0.5905312177021916, -0.5475237795458449, 0.2910624533166993, -0.03151598102726859], [-0.5683851144047773, 0.10672032256163155, -0.2848473816192246, 0.4526927510670233, -0.7293910666877829, 0.5618258068122355, -0.4623717074653439, 0.14264181635041914, 0.08852342728773613, 0.29273663185385007, -0.1329421274414207], [0.2183801540300325, -0.8574475873412286, -0.4995341046771385, -0.20898863404951837, -0.008578562294632157, -0.2088502277804604, 0.5902044079531763, -0.024763509875489413, 0.634843370946597, 0.46368452653759235, -0.006119056203614581]], "inverted": true, "swapped": true, "error_lsq": 0.055069387970334345, "error_max": 0.3532426065329039, "target": "133.xyz", "model": "4.xyz", "model_rescale": 3.7855080009869324, "target_rescale": 3.8030872860824227},
{"mapping": [7, 6, 4, 13, 8, 5, 10, 1, 15, 11, 14, 3, 16], "R": [[-0.24070398809706128, -0.14527890692091514, -0.9596643315858072], [0.891578245279003, 0.35767356537668227, -0.27777302456492503], [0.38360112442403504, -0.9224769156106816, 0.04343405928553867]], "T": [-0.014946466253860612, -0.07728692406490796, 0.10744250910800933], "aligned_model": [[0.15834563115678182, -0.32493490461489916, 0.25735624161591464, -0.7383580423561987, -0.45365692173309213, 0.7037439043374968, 0.19456183868819546, 0.18495806611525956, -0.41279535229092595, -0.5172376075927172, -0.19371932712890863, 0.595776921625117, -0.014623071787017793], [-0.2006841397887973, -0.4923073059514519, -0.6907272963258007, -0.10508170310201355, 0.23600993996410585, -0.08703060229012664, 0.46210926131232793, -0.7084866244287628, 0.6442800743333611, -0.6764982171052535, 0.26167210454132434, 0.21118546476615258, -0.044788273633695266], [-0.6109671567529957, -0.2897253631679269, -0.20327107095014185, 0.1352054465391973, -0.3449821644083796, -0.26470323730487677, -0.33541446490852067, 0.47449707615252007, 0.08806630237309013, 0.25265154438393816, 0.664976758884415, 0.2693598638880504, 0.1502266806198408]], "inverted": false, "swapped": false, "error_lsq": 0.036836405542196346, "error_max": 0.20720938703285616, "target": "133.xyz", "model": "5.xyz", "model_rescale": 4.2253639853439635, "target_rescale": 3.8030872860824227},
{"mapping": [2, 5, 6, 8, 10, 3, 4, 12, 1, 11, 9, 0, 13], "R": [[0.6177284338438442, -0.7842665095131389, -0.05777217389807071], [-0.1453068757970138, -0.04163355319444484, -0.9885102726297368], [0.772850240258061, 0.6190255966472493, -0.13967754589974207]], "T": [-0.0392825947878878, -0.07670245441972695, 0.027360831421590983], "aligned_model": [[0.014623668803192158, -0.41917088971128996, 0.2539375445002561, -0.7483691259698768, -0.56130176175828, 0.6114630958971844, 0.25632623472379285, 0.21667004639812176, -0.2080566860037676, -0.28105155278052135, -0.19761305296757298, 0.48774495337128815, 0.014214901532478744], [-0.1364575493284534, -0.41271379785249285, -0.6052075141387194, -0.022968526217213736, 0.19820722054458895, -0.1394640403370232, 0.4321324169517086, -0.6847927191656182, 0.6362914539964843, -0.7960971642624408, 0.12144933135453767, 0.30163552271449445, -0.082361951968482], [-0.6387435563550778, -0.3514828393918237, -0.19268988975508436, 0.22779493993337122, -0.48296566633811866, -0.2475946233093456, -0.36584878926141645, 0.6877078915802693, 0.0704975287209409, 0.19932830280691455, 0.582575891819329, 0.4987046421011333, -0.0013636172028817957]], "inverted": false, "swapped": false, "error_lsq": 0.04235957568098135, "error_max": 0.2512200769831471, "target": "133.xyz", "model": "6.xyz", "model_rescale": 3.89814844738969, "target_rescale": 3.8030872860824227},
{"mapping": [5, 9, 6, 11, 10, 1, 2, 3, 4, 8, 7, 0, 12], "R": [[-0.055425550848613614, -0.23567282790306232, -0.9702506513789626], [0.9721495993606141, 0.20888176637393568, -0.10627118207445596], [0.22771289988958757, -0.9491189208232433, 0.21753185826263816]], "T": [-0.058963540727862376, -0.04663639229172596, 0.09084989408082496], "aligned_model": [[0.18189317437395902, -0.448104902942867, 0.24190128533028155, -0.8613808068813207, -0.36884363421056954, 0.6659467754563357, 0.15434670315069804, 0.2742367127358495, -0.2615914583759742, -0.4044460081219078, -0.11463182852204694, 0.5001810165228056, -0.12008965248023735], [-0.2953629318628157, -0.5349763128373277, -0.6413274650103973, -0.06616272418404003, 0.24078833793114163, 0.014185664668956974, 0.510137916821655, -0.5351796755601471, 0.5568230023311687, -0.5971617603277314, 0.0719775556833454, 0.017298424108982344, 0.06861265052857958], [-0.6039160775442819, -0.5479294115088126, -0.024035855677346077, 0.19613817721171745, -0.5093709112663295, -0.33996598644197773, -0.29131362208568823, 0.6410180394099967, 0.1922129761927716, 0.2786009425116578, 0.7343609294374743, 0.27599872831175126, -0.01587771320272187]], "inverted": false, "swapped": false, "error_lsq": 0.03909064762773831, "error_max": 0.20073571734485968, "target": "133.xyz", "model": "7.xyz", "model_rescale": 3.7474275329858107, "target_rescale": 3.8030872860824227},
{"mapping": [8, 3, 5, 1, 2, 9, 4, 10, 13, 0, 12, 11, 14], "R": [[-0.15090386029523484, -0.14134957573073972, 0.9783906798353796], [0.9138445381582601, 0.3574848086657586, 0.19259483807081257], [-0.3769830036305519, 0.9231602834903299, 0.0752257001279574]], "T": [-0.026137821201499406, -0.14628272106283305, 0.07329136703901629], "aligned_model": [[0.11202625656015788, -0.26246244840575195, 0.3333716335608309, -0.7677028708761144, -0.6128602417047895, 0.700691439558843, -0.0694679925781348, 0.13671239282704756, -0.01902489325945564, -0.45847800020802854, -0.07966743896989778, 0.48422674010977707, -0.05794720057947855], [-0.03223397360804775, -0.6297985941612195, -0.5957891313200783, -0.06651266601879274, 0.0977914504763252, -0.09998175761824932, 0.4641626985997859, -0.541786845351563, 0.7406272120765707, -0.6155460737529004, 0.18012169639858214, 0.0069855191847252585, -0.09838685261376781], [-0.5848225187564362, -0.4005204184025115, -0.35299304869304493, 0.16559432186284237, -0.47877212198745467, -0.15012726820673963, -0.41425835525290156, 0.6996456239493718, 0.21975639852202336, 0.2378729974405935, 0.5940958937883515, 0.3934738410734832, 0.05697487001063342]], "inverted": false, "swapped": false, "error_lsq": 0.057659898933663786, "error_max": 0.3999100425967381, "target": "133.xyz", "model": "8.xyz", "model_rescale": 4.019505241142653, "target_rescale": 3.8030872860824227},
{"mapping": [8, 11, 9, 6, 5, 7, 4, 1, 3, 10, 2, 0, 12], "R": [[0.5890298050356438, 0.779373766415939, -0.2135893747411245], [-0.5206353218475648, 0.568137499533469, 0.6373057690532389], [0.618047530877969, -0.2641899200319549, 0.7404194323011486]], "T": [-0.08769152058352811, -0.1366392790169899, 0.04321470920791988], "aligned_model": [[0.2005831337051189, -0.37401713981589757, 0.14710880115356023, -0.7889826874059435, -0.4828608883448018, 0.7656979683802047, 0.3127918038417056, 0.19814515942916158, -0.17439154429988316, -0.4370495364962479, -0.2460286611445923, 0.42641052682940583, -0.10798955979678528], [-0.25477055947223265, -0.3663779857739742, -0.7141696466428165, -0.2386481849054075, 0.2903869725836954, -0.02769214025301653, 0.4984556159113467, -0.500004197228137, 0.7137357657139642, -0.8802140736329235, 0.2073588040452603, 0.2041422459540474, -0.12254993400843558], [-0.5560178463653463, -0.4592664251462148, -0.23726264248483264, 0.20398386179385697, -0.2914709199561972, -0.23863789616775938, -0.308725985421728, 0.5357272783300553, 0.13156739410304952, 0.447226169128537, 0.4977109478998381, 0.24867301435846229, 0.01241326527648931]], "inverted": true, "swapped": false, "error_lsq": 0.044001646970904064, "error_max": 0.26635789763284, "target": "133.xyz", "model": "9.xyz", "model_rescale": 3.877068213659057, "target_rescale": 3.8030872860824227},
{"mapping": [11, 12, 0, 3, 6, 8, 9, 1, 13, 5, 4, 7, 15], "R": [[0.8044560168765367, -0.3790229495413101, 0.457375251442558], [0.45398004574581485, -0.10426762915703484, -0.8848900381259805], [0.38308306537324954, 0.9194943530174489, 0.08819013433064953]], "T": [-0.0824629200982017, 0.07365519011700859, -0.062487740064738416], "aligned_model": [[0.1806578293492787, -0.43928843746520513, 0.15161347899016586, -0.6117361920677177, -0.6334227770308565, 0.6723100871401712, 0.3805644983751719, 0.23844062170844976, -0.47997815850841163, -0.3086305450765329, -0.12976608727877284, 0.4786952157920244, -0.060042157892759594], [-0.2636839401489291, -0.48710929530859937, -0.6663844077884982, -0.061768848985107885, 0.13599883002679042, -0.06814642275174689, 0.44733140793458637, -0.5433221368828425, 0.7242987286380442, -0.5947372164526721, 0.13751692574683133, 0.06017447157468318, -0.010515413311168328], [-0.6638404308089648, -0.4036826370879114, -0.23945007660974874, 0.2604541679313843, -0.33241565958473895, -0.1368715147757646, -0.348174627896656, 0.45642121633079386, 0.06511757712922137, 0.2738086150956786, 0.6096541860505758, 0.5301389435807058, -0.08523954400636505]], "inverted": true, "swapped": false, "error_lsq": 0.038995922002570294, "error_max": 0.18374964980100814, "target": "133.xyz", "model": "10.xyz", "model_rescale": 4.260839863003843, "target_rescale": 3.8030872860824227},
{"mapping": [5, 0, 1, 2, 9, 7, 11, 6, 4, 3, 10, 12], "R": [[-0.3526374967266005, -0.8877332142165283, 0.29593333080136186], [-0.20922944864573723, -0.23344201037044304, -0.949593526522589], [0.9120689851769972, -0.396780251740176, -0.10341952478717414]], "T": [0.13176907853173614, 0.07141510177337443, 0.011236289979703086], "aligned_model": [[0.42241443417668256, 0.151394993083381, -0.28907162040534, -0.3304652808592094, -0.6960187744555717, -0.480195257906451, 0.3166518902685236, 0.7304008681742015, 0.27106597288505896, -0.22366788509757085, 0.05212025186828945, 0.034269057362136104], [-0.010749687675110697, -0.513748331148134, -0.5263773190206973, -0.18730623264015298, 0.11571196321433436, 0.5596538852315851, 0.5514258359918666, -0.09324599067384162, -0.41162456706308304, 0.07516295007666862, 0.5997547819220233, 0.014421217317475685], [-0.7360347835652753, -0.3068547870999638, 0.15964481500748448, -0.41700401348217786, 0.18650254868517063, -0.4756817705383407, -0.3616864621912056, -0.060099947677320055, 0.5201621119551284, 0.7154677640571349, 0.2529538391111088, 0.03880876313376072]], "inverted": true, "swapped": true, "error_lsq": 0.03812109418176409, "error_max": 0.20259667123462735, "target": "133.xyz", "model": "11.xyz", "model_rescale": 3.890672605050136, "target_rescale": 3.8030872860824227},
{"mapping": [2, 0, 4, 8, 6, 10, 11, 7, 9, 3, 5, 12, 13], "R": [[0.23459590798471097, 0.7169080927153012, 0.6565116499774686], [-0.9488997792162434, 0.31552998808488486, -0.005480476486310004], [-0.21107811103995028, -0.6216780623590169, 0.754295974947066]], "T": [-0.1563503675912397, -0.014913018116883711, -0.11501386374317289], "aligned_model": [[0.33074872771250363, -0.45193013017381434, 0.23366939675125017, -0.7399623266959887, -0.5971826694957266, 0.7308938276201586, 0.10794352215944666, 0.016651663120942156, -0.03473660323704385, -0.36043553227832903, -0.15170835920691225, 0.4190101774376366, -0.06354431767911728], [-0.17250677860233787, -0.4788656257872488, -0.5831106743170521, -0.21367316770257555, 0.3153610031476512, 0.04682825535838117, 0.2967155763896833, -0.38280260353430823, 0.7101535210137866, -0.8760261254529383, 0.251961538262185, 0.008767309452904784, -0.11314954593676059], [-0.6084333725559236, -0.3296650261782103, -0.24187225225573888, 0.2579238387819579, -0.28426012342681284, -0.20735160064359964, -0.483522374936016, 0.6344470896008009, 0.14054243567845287, 0.1493658214270827, 0.6155534533130274, 0.35777745603261857, -0.01458512948942832]], "inverted": false, "swapped": false, "error_lsq": 0.061707407923842265, "error_max": 0.3968959140260746, "target": "133.xyz", "model": "12.xyz", "model_rescale": 4.124412569039231, "target_rescale": 3.8030872860824227},
{"mapping": [4, 1, 0, 8, 2, 5, 10, 3, 11, 6, 9, 7, 12], "R": [[-0.07447614498029573, 0.9958354489975179, 0.052583860154861606], [-0.7707690794999631, -0.09094153490572635, 0.630590725681698], [0.6327466553966555, 0.006433952820982525, 0.7743321472956187]], "T": [0.05207077481776201, -0.18440151585898412, 0.06325704423163572], "aligned_model": [[0.16198963324377047, -0.5438184089403535, 0.3179694961017163, -0.6209768538054362, -0.4689686030947313, 0.7542075454937633, 0.11762425168874094, 0.1958632619133658, -0.4875646173823954, -0.43828083857425426, -0.07630576967793973, 0.4926435436828314, 0.0350347353859274], [-0.1336850400547901, -0.5916177789802411, -0.6438039540146328, 0.04438558871945586, 0.18944703780950944, -0.10708276064125463, 0.5159483410345058, -0.7190008956268659, 0.651358238451886, -0.5076844689421529, 0.018277945990077094, 0.17780932712958303, -0.08469889858370977], [-0.7136740591448817, -0.3135125068713943, -0.1712950037880497, 0.1610295929441751, -0.5121999387249171, -0.21018699835929291, -0.15995248046860047, 0.5130131999122264, 0.034065643173941035, 0.3836571726238571, 0.6557785801848112, 0.32359646704754697, -0.004399453181211557]], "inverted": true, "swapped": false, "error_lsq": 0.044696809430327195, "error_max": 0.22531244287884034, "target": "133.xyz", "model": "13.xyz", "model_rescale": 3.9028299243045295, "target_rescale": 3.8030872860824227},
{"mapping": [9, 1, 6, 12, 11, 7, 10, 0, 13, 2, 5, 4, 15], "R": [[0.5693528627447964, 0.6766624908353216, -0.4668674235592406], [-0.5610843010236994, -0.09522187506627984, -0.8222634624337922], [-0.6008508340919997, 0.7301100382855997, 0.325449853534378]], "T": [-0.07032818715110101, -0.14033280547915394, 0.07372962237564591], "aligned_model": [[0.14121742483896815, -0.45597401141315713, 0.08990805676860836, -0.7187988334089299, -0.5189876561905303, 0.6953911220460696, 0.34468657016941484, 0.22031967483435178, -0.3491977089415221, -0.3614224260797887, -0.11943027814533543, 0.4836507032185602, -0.01194526166170376], [-0.06807090624696194, -0.5139106683290223, -0.6039740391968524, 0.10532722988888576, -0.027938887223512343, 0.004806136861435439, 0.46508984255479124, -0.49405064578905816, 0.5980955296506016, -0.7583137103269102, 0.20300902565175566, 0.028343846720139204, -0.12876007192392086], [-0.668477982294884, -0.29221522915333814, -0.3776786349485537, 0.13184379384709818, -0.5024031542638432, -0.3880458455479252, -0.05502895210672869, 0.7648330292653174, 0.171743577959089, 0.34852684736502004, 0.4503025971239946, 0.4258927236658663, -0.023372555562902103]], "inverted": true, "swapped": false, "error_lsq": 0.05149959929701261, "error_max": 0.30384650048103373, "target": "133.xyz", "model": "14.xyz", "model_rescale": 3.942246331269136, "target_rescale": 3.8030872860824227},
{"mapping": [1, 0, 12, 7, 2, 3, 5, 13, 9, 8, 6, 4, 14], "R": [[0.5563056991568358, -0.802273314861708, 0.2165213554050286], [0.7683943864970282, 0.39743623591072064, -0.5016119069409872], [0.31637641486918655, 0.4454233566461516, 0.8375583546646739]], "T": [0.03185525498203637, -0.03269060098293422, 0.1451554837927303], "aligned_model": [[0.2608249699782812, -0.47097103029461407, 0.4009995002838037, -0.8105152940652041, -0.4384045126058437, 0.6395205603262797, 0.08722692644752755, 0.4673045603606911, -0.3586270176420432, -0.5101780207509905, -0.3733850113347167, 0.550774308510345, -0.0051525631785108855], [-0.24674015906575497, -0.340605839190507, -0.6829506014119837, 0.1003539799262286, 0.16961161185405577, 0.006166785755617937, 0.30354131755123637, -0.6474513136526994, 0.6681429992859256, -0.536081794589296, 0.057136224294217636, 0.034618707542144384, -0.07608923600781452], [-0.6021042381779551, -0.29424344176662476, -0.1849516445237444, 0.08440595113942523, -0.4210401399177824, -0.23665718058259483, -0.39025242906163043, 0.45074183019637054, 0.21237278538156112, 0.3723957981858372, 0.5199899237186474, 0.4094591912842536, 0.06580380947244759]], "inverted": false, "swapped": false, "error_lsq": 0.04638623196774637, "error_max": 0.25431270996649497, "target": "133.xyz", "model": "15.xyz", "model_rescale": 4.355366556412066, "target_rescale": 3.8030872860824227},
{"mapping": [0, 6, 5, 9, 2, 1, 7, 3, 11, 4, 10, 12], "R": [[-0.28757723203902896, -0.9351792524923275, -0.206734373824632], [0.5314047344968638, 0.023780999775631445, -0.8467841945879657], [0.79681136021463, -0.3533754798476595, 0.4901198082870638]], "T": [0.11792912328610192, 0.0071875968802749875, -0.011105191848107529], "aligned_model": [[-0.1842195907287861, 0.5515261082183147, 0.234643637655223, -0.5587515899275461, -0.46298416273278997, -0.5128916918256542, -0.24629746040133563, -0.09801482226524594, 0.4582246703295366, 0.07606905704912345, 0.330913044044688, 0.009591355216252609], [-0.5830694725361021, -0.4209731598786345, -0.6032997392346133, 0.5163124669764823, -0.19945857336781908, -0.12698025958608875, 0.34969042884662654, 0.5692961674011994, 0.042363738468531094, -0.10235545990316353, 0.5429581196747892, 0.028292170879773516], [0.0543631187404157, 0.127582135506786, -0.5242550406438407, -0.03953549155911086, -0.3006292907413207, 0.3637972595370038, -0.785700222966979, 0.49849623857456915, -0.5464788163878059, 0.6945749710335296, -0.11835221124411378, 0.025395811360287436]], "inverted": true, "swapped": true, "error_lsq": 0.03881298772214881, "error_max": 0.19527828686736595, "target": "133.xyz", "model": "16.xyz", "model_rescale": 3.795458400668931, "target_rescale": 3.8030872860824227},
{"mapping": [5, 9, 6, 11, 10, 1, 2, 3, 4, 8, 7, 0, 12], "R": [[-0.055425550848613614, -0.23567282790306232, -0.9702506513789626], [0.9721495993606141, 0.20888176637393568, -0.10627118207445596], [0.22771289988958757, -0.9491189208232433, 0.21753185826263816]], "T": [-0.058963540727862376, -0.04663639229172596, 0.09084989408082496], "aligned_model": [[0.18189317437395902, -0.448104902942867, 0.24190128533028155, -0.8613808068813207, -0.36884363421056954, 0.6659467754563357, 0.15434670315069804, 0.2742367127358495, -0.2615914583759742, -0.4044460081219078, -0.11463182852204694, 0.5001810165228056, -0.12008965248023735], [-0.2953629318628157, -0.5349763128373277, -0.6413274650103973, -0.06616272418404003, 0.24078833793114163, 0.014185664668956974, 0.510137916821655, -0.5351796755601471, 0.5568230023311687, -0.5971617603277314, 0.0719775556833454, 0.017298424108982344, 0.06861265052857958], [-0.6039160775442819, -0.5479294115088126, -0.024035855677346077, 0.19613817721171745, -0.5093709112663295, -0.33996598644197773, -0.29131362208568823, 0.6410180394099967, 0.1922129761927716, 0.2786009425116578, 0.7343609294374743, 0.27599872831175126, -0.01587771320272187]], "inverted": false, "swapped": false, "error_lsq": 0.03909064762773831, "error_max": 0.20073571734485968, "target": "133.xyz", "model": "17.xyz", "model_rescale": 3.7474275329858107, "target_rescale": 3.8030872860824227},
{"mapping": [5, 9, 12, 2, 6, 10, 8, 11, 0, 7, 1, 3, 13], "R": [[0.9738207020414522, 0.19063357106434883, 0.12382278408575359], [-0.2267954997119995, 0.7778994190872315, 0.5860343804710884], [0.015396154905615439, -0.5987748620032423, 0.8007693944245875]], "T": [-0.029286979835160452, -0.08807637778562367, -0.003831106197150611], "aligned_model": [[0.2887375330454108, -0.42387980478933635, 0.09036941283909766, -0.6966183177027, -0.6700350945303928, 0.6393825300896819, 0.3625339146424362, 0.3499725304777567, -0.3712994969085804, -0.305146526800278, -0.1462530217867886, 0.4388536905865219, -0.11719997312782338], [-0.21849311903127977, -0.37550052248895516, -0.7661809055695014, 0.03356478201264576, 0.08440340689906782, -0.1986549939542686, 0.472648637441024, -0.4556321427148575, 0.6704696839273117, -0.7084326324651194, 0.08807461504743293, 0.2131774019721498, -0.02979152878427968], [-0.64028363347647, -0.4614423269864976, -0.2955390430187046, 0.20522639200019738, -0.39713936806048816, -0.134570643470904, -0.22500591300966222, 0.48891796311759333, 0.07849568898988617, 0.322479956539812, 0.6548100628499831, 0.384343666538053, 0.005627413335412073]], "inverted": true, "swapped": false, "error_lsq": 0.042895477719356395, "error_max": 0.21799951421853522, "target": "133.xyz", "model": "18.xyz", "model_rescale": 3.922800546911778, "target_rescale": 3.8030872860824227},
{"mapping": [4, 13, 11, 12, 8, 10, 6, 9, 5, 7, 3, 2, 14], "R": [[0.6722274401469437, -0.34212677332934727, -0.6565512468076933], [-0.731442927357928, -0.16980580370934642, -0.6604220113266122], [0.11446183963029755, 0.924183564016301, -0.36439432936116845]], "T": [-0.06154286224173722, 0.06087866803677856, -0.005667722698126206], "aligned_model": [[0.1891948021425791, -0.4216468979476627, 0.10861077412161962, -0.8017848651001142, -0.35544069174770243, 0.6741944498646362, 0.32032965415657094, 0.39813990269259625, -0.5614490832300505, -0.30680814460372363, -0.243914881472359, 0.5190898949979629, -0.07909753783934687], [-0.21116130311426146, -0.3831937873008633, -0.6103492056025327, -0.07924731551405732, 0.3489357382270237, -0.21817921260641077, 0.35002060802211576, -0.4005798597614322, 0.5956066540477225, -0.6142335248573535, -0.04173999322912178, 0.0918610043309795, -0.0180871203504384], [-0.6277545469014718, -0.3863755958750398, -0.17223450945581126, 0.22020952384220727, -0.4584787695451677, -0.18291882731732526, -0.5019923056821358, 0.4826876485835029, 0.21041899919745488, 0.34401711731102635, 0.5987816966471531, 0.4127037137620637, 0.0468560707817538]], "inverted": false, "swapped": false, "error_lsq": 0.04387039557116244, "error_max": 0.25748123833442943, "target": "133.xyz", "model": "19.xyz", "model_rescale": 3.9282355846067225, "target_rescale": 3.8030872860824227},
{"mapping": [5, 6, 7, 4, 3, 2, 1, 12, 0, 8, 11, 10, 13], "R": [[-0.7822301369243391, 0.5826590296379733, -0.22050956457411316], [0.5963677683935104, 0.8026929041373241, 0.0054393445315553506], [0.1801707459846744, -0.12724997771679136, -0.9753696455510608]], "T": [-0.08969592333437204, -0.22544089867472306, 0.0246621185423845], "aligned_model": [[0.0425207197227066, -0.3691125562920983, 0.3180159030845456, -0.662918866816123, -0.4506840095432326, 0.6423508292976733, 0.14756765013889275, 0.4364537511506076, -0.25219690593995825, -0.6726540710021848, -0.25760869224284344, 0.5415118858265229, -0.023828261349502763], [-0.16715412156485968, -0.5554125962518117, -0.6751134715818686, 0.015259898611312689, 0.23659808354759965, -0.0039188497551931045, 0.4049482412118811, -0.6284731806341304, 0.5473581523244614, -0.6089430250570262, 0.15439858135244833, 0.1694423640862303, -0.07933739399767342], [-0.6585739776655472, -0.4651226077218445, -0.11556419907610253, 0.13800420336437888, -0.44710334189720846, -0.28152694749892265, -0.3036918449213393, 0.5571335684864244, 0.1533945760805572, 0.3274945742933329, 0.6085203571381353, 0.45811137674573194, 0.014844478020614154]], "inverted": true, "swapped": false, "error_lsq": 0.039288772339761496, "error_max": 0.23577603606335168, "target": "133.xyz", "model": "20.xyz", "model_rescale": 4.067790424073018, "target_rescale": 3.8030872860824227},
{"mapping": [8, 7, 0, 10, 1, 4, 5, 3, 13, 12, 11, 6, 14], "R": [[0.7373005490957776, 0.5194940918852038, 0.4318724219019226], [0.6362407311175353, -0.3190402593099504, -0.7024322351703854], [-0.22712470664832757, 0.7926784981540794, -0.5657518592051678]], "T": [0.0155826375189691, -0.11474756601312439, 0.002900603205378803], "aligned_model": [[0.12619465107204467, -0.3028698411558411, 0.17497117500269202, -0.7298323715950896, -0.5444374714992624, 0.7190005937445267, 0.13438300825798213, 0.2592593821148603, -0.28700698458865587, -0.4517243373362065, -0.16521963369519724, 0.5645519939853465, -0.05785278827219431], [-0.11576076809690547, -0.46655177702600226, -0.7745993617904158, 0.16414553906120186, 0.15330805154379804, 0.08549027166448805, 0.3682965594009203, -0.5955070518282866, 0.49571483449518106, -0.5573001184644691, -0.009067493226406043, 0.16540252812532788, -0.10391853156706135], [-0.5565025185273526, -0.5728474086437826, -0.20602266320897333, 0.19748200438020044, -0.5335961485743536, -0.32509403388177255, -0.31493735184898447, 0.661108000302, 0.16383128155975463, 0.4185751110455773, 0.614598661824777, 0.4124191902200336, 0.02690609070108613]], "inverted": true, "swapped": false, "error_lsq": 0.04173063579354089, "error_max": 0.2085041567200947, "target": "133.xyz", "model": "21.xyz", "model_rescale": 4.186013935880536, "target_rescale": 3.8030872860824227},
{"mapping": [2, 0, 5, 7, 1, 8, 9, 3, 10, 6, 4, 11, 12], "R": [[0.7974492247954129, 0.5210728269491751, 0.30423320477618837], [-0.6032276719276668, 0.7000333581597148, 0.38219062427584494], [-0.01382424297828272, -0.4882995048930806, 0.8725666071007129]], "T": [-0.029841016035539514, -0.06596823518604111, -0.02599481059261762], "aligned_model": [[0.28231472021325027, -0.4242986929043295, 0.3232029752320537, -0.7052200317485098, -0.5171428019504475, 0.6138682108031177, 0.06695013426665308, 0.1513200195850795, -0.2678472899385023, -0.36234585188286467, -0.1884268384144017, 0.48746752054961, -0.020424697775703257], [-0.342512308717666, -0.5634393978054274, -0.7450095600115708, 0.1864331964697712, 0.03663809436727217, 0.17455444314213323, 0.506079996387483, -0.7233920621935347, 0.6481664710753802, -0.4032754369090264, 0.07012583081715501, 0.049568422407063883, -0.08428500673766301], [-0.6390049039732264, -0.37054382673947134, -0.13913894664877027, 0.10994797999786947, -0.5618419403899919, -0.3657821016972669, -0.2469994580892579, 0.5963501464788398, 0.3340941610985564, 0.2664384891889689, 0.6696668103895976, 0.3175297699546904, 0.0152040357776724]], "inverted": false, "swapped": false, "error_lsq": 0.053875519517079286, "error_max": 0.304674031015514, "target": "133.xyz", "model": "22.xyz", "model_rescale": 4.166573947596378, "target_rescale": 3.8030872860824227},
{"mapping": [12, 2, 6, 4, 3, 14, 9, 5, 8, 1, 7, 10, 15], "R": [[-0.227980361769333, -0.6207809195219415, -0.7501039958599192], [0.07084034672154982, 0.7577745673045878, -0.6486596568484246], [0.9710852691313443, -0.20101929037741184, -0.12878138441664283]], "T": [-0.028993580696040668, -0.050701455631394124, -0.07581042397447896], "aligned_model": [[0.3486249608660685, -0.4999781961124983, 0.0005139846974127824, -0.7405121717295862, -0.46645293525040726, 0.7410876624486267, 0.09503103428697152, 0.197673070047196, -0.4029616844975884, -0.38354996318815393, 0.09203498461607415, 0.5047677233577154, -0.04686109350682524], [-0.3149474456824282, -0.45294031517056654, -0.8013879979893748, 0.03860452360147586, 0.1630751207406213, 0.07667865707825976, 0.4779334515144113, -0.5496903021558193, 0.5961568707311958, -0.5952715709786065, 0.03209989244810178, 0.24493559459988967, -0.10559379644578985], [-0.5415996993337036, -0.3388439410530623, -0.19708140432029392, 0.08424972113194815, -0.4284512334727577, -0.20514313083197094, -0.3319592012648566, 0.5492450469130361, 0.2337074320139118, 0.21716094317932982, 0.6241079075363662, 0.35851530394116987, -0.03798752909090667]], "inverted": true, "swapped": false, "error_lsq": 0.04245822220062034, "error_max": 0.2681936277466386, "target": "133.xyz", "model": "23.xyz", "model_rescale": 4.274766983524099, "target_rescale": 3.8030872860824227},
{"mapping": [1, 6, 5, 2, 11, 7, 9, 10, 3, 8, 12], "R": [[0.8739602972526171, -0.36499708820880145, 0.32089020618462927], [-0.43154391361079664, -0.8865037291225981, 0.16697601287970906], [0.22352460591978407, -0.2844086212666977, -0.9322813345217107]], "T": [-0.005385296791234999, 0.20073504149991153, -0.027100454539877014], "aligned_model": [[0.32338795586413194, 0.062365266958979156, -0.619206089511886, -0.3416586685714163, -0.5169361613087159, -0.7121235043455892, 0.04435275633424012, -0.007135884554125331, 0.5936974153253085, 0.5213500621644002, 0.03180155560274773], [-0.30697131836544134, 0.7739073651960853, 0.5208421618604353, -0.2667786323012087, 0.47211943845546345, -0.30774027683385075, -0.6218106743819002, 0.18097627379901593, -0.19175355210586179, 0.5679803617958994, 0.09481538412484657], [-0.46371259710154245, -0.2667783679982672, -0.43989010879303386, -0.3908837329240901, 0.23429878078396776, 0.2761166509008873, 0.17002355283424714, 0.5590058952874905, 0.3035716768752869, 0.4551304073508333, -0.057315723194201654]], "inverted": true, "swapped": true, "error_lsq": 0.05093537257212129, "error_max": 0.2624627581722064, "target": "133.xyz", "model": "24.xyz", "model_rescale": 3.7841303162186577, "target_rescale": 3.8030872860824227},
{"mapping": [5, 3, 4, 11, 13, 2, 9, 1, 10, 6, 7, 8, 15], "R": [[-0.7968929700358454, -0.4331750031001721, -0.4210950142148627], [-0.4304121617555018, 0.8962196355740886, -0.10740454284807385], [0.42391858336289673, 0.09565449022713898, -0.9006349166998695]], "T": [-0.02254142416319227, 0.030346883070392253, 0.06762952340147778], "aligned_model": [[0.2158191288405959, -0.3855284880743377, 0.21535601105927774, -0.7898909238109681, -0.5620069082450991, 0.6221599318843833, 0.2719932718834355, 0.4162224469621157, -0.25608748773783024, -0.3892538942872347, -0.3852016487172027, 0.527225392097782, -0.061389455819911995], [-0.38298601674201227, -0.507406210916056, -0.6623635647874506, 0.01825528756151175, 0.15325384649313611, -0.07941983704672641, 0.46475424187560516, -0.3780974189665631, 0.7080897070907303, -0.5782361569754452, 0.0634085622589972, 0.01747954187180535, -0.027079299426161864], [-0.6683588638357668, -0.4099308277315695, -0.07471298114833157, 0.08898620551840587, -0.4854264114708592, -0.3080092080844662, -0.19059570380671592, 0.5077385000559903, 0.36991416732988974, 0.19868332863855898, 0.6063224294211539, 0.28453656087978185, 0.06677301958213826]], "inverted": false, "swapped": false, "error_lsq": 0.04567397537758847, "error_max": 0.27310575021638434, "target": "133.xyz", "model": "25.xyz", "model_rescale": 4.19342608120988, "target_rescale": 3.8030872860824227},
{"mapping": [0, 6, 5, 9, 2, 1, 7, 3, 11, 4, 10, 12], "R": [[-0.28757723203902896, -0.9351792524923275, -0.206734373824632], [0.5314047344968638, 0.023780999775631445, -0.8467841945879657], [0.79681136021463, -0.3533754798476595, 0.4901198082870638]], "T": [0.11792912328610192, 0.0071875968802749875, -0.011105191848107529], "aligned_model": [[-0.1842195907287861, 0.5515261082183147, 0.234643637655223, -0.5587515899275461, -0.46298416273278997, -0.5128916918256542, -0.24629746040133563, -0.09801482226524594, 0.4582246703295366, 0.07606905704912345, 0.330913044044688, 0.009591355216252609], [-0.5830694725361021, -0.4209731598786345, -0.6032997392346133, 0.5163124669764823, -0.19945857336781908, -0.12698025958608875, 0.34969042884662654, 0.5692961674011994, 0.042363738468531094, -0.10235545990316353, 0.5429581196747892, 0.028292170879773516], [0.0543631187404157, 0.127582135506786, -0.5242550406438407, -0.03953549155911086, -0.3006292907413207, 0.3637972595370038, -0.785700222966979, 0.49849623857456915, -0.5464788163878059, 0.6945749710335296, -0.11835221124411378, 0.025395811360287436]], "inverted": true, "swapped": true, "error_lsq": 0.03881298772214881, "error_max": 0.19527828686736595, "target": "133.xyz", "model": "26.xyz", "model_rescale": 3.795458400668931, "target_rescale": 3.8030872860824227},
{"mapping": [10, 7, 3, 6, 5, 4, 11, 2, 8, 0, 1, 9, 12], "R": [[0.4199666865218122, 0.7797470235761345, -0.46435176476034806], [0.0787927348374356, 0.478400725140724, 0.8745995947413122], [0.9041126518021567, -0.4038902393088858, 0.13947396689806804]], "T": [0.026270974689762208, -0.0037462884366123578, 0.06966340515724873], "aligned_model": [[0.07920139504990496, -0.33049774991726183, 0.24471967499522373, -0.7829794926650178, -0.5536677242661806, 0.683611534903569, 0.40146968849692877, 0.24911613391697773, -0.33985525180209913, -0.2783567505213493, -0.23626906341082393, 0.38137635672955933, -0.07845137547442538], [-0.028880782772178218, -0.5023703728997874, -0.689986838385974, 0.10813143891946851, 0.14047079938964463, -0.0631386813882623, 0.5319988935529734, -0.5121362128749081, 0.6254458891819165, -0.7319633894901392, 0.10394604272595821, -0.07893287941836882, -0.09293122424897318], [-0.6404443727921454, -0.46353280466138286, -0.09291159841928415, 0.18706874951420233, -0.3883027561608519, -0.4434049277126146, -0.21978022815626524, 0.7528285635470948, 0.09830777641333395, 0.33076682309507527, 0.5891133649744993, 0.2990570282122938, -0.022845402505744336]], "inverted": false, "swapped": false, "error_lsq": 0.04716130469674808, "error_max": 0.24982020435263394, "target": "133.xyz", "model": "27.xyz", "model_rescale": 3.6321398670334006, "target_rescale": 3.8030872860824227},
{"mapping": [7, 3, 8, 2, 1, 12, 6, 10, 13, 0, 11, 9, 14], "R": [[0.7206560300479932, 0.6871060888717104, -0.09241271011547741], [0.518467752763343, -0.6226146107580426, -0.5861247613052535], [-0.46026739586896126, 0.3744813334547298, -0.804933323446093]], "T": [-0.04906794976593974, -0.1353538401284155, -0.043037573872420305], "aligned_model": [[0.21304713109039064, -0.3741063502625014, 0.2866895636907078, -0.7606152297820008, -0.5947269659163384, 0.7185830279816582, 0.27770517820676394, 0.1943170122187749, -0.17276695943148745, -0.37335418143580446, -0.25575367373222896, 0.3677612777785469, -0.08736245437147525], [-0.36891279357626505, -0.5883958786363943, -0.5202366708822983, 0.09338550948155047, 0.12108116704078903, -0.07335177350484429, 0.5402852970730327, -0.5203924165469745, 0.6138716558550843, -0.5853627195728075, 0.01619711082672695, 0.16546055980561009, -0.08397636507183964], [-0.7341477558664937, -0.4438655039239885, -0.12153416324323449, 0.2304993376663526, -0.3324585844058881, -0.3436660006013519, -0.2446275444993936, 0.587185154967055, 0.2566907082267024, 0.2428682543130295, 0.5458929459614867, 0.38397091910778697, -0.04088755235385266]], "inverted": false, "swapped": false, "error_lsq": 0.04315732930018649, "error_max": 0.24332680045143548, "target": "133.xyz", "model": "28.xyz", "model_rescale": 4.156811204709835, "target_rescale": 3.8030872860824227},
