[{"mapping": [7, 10, 9, 8, 2, 3, 0, 4, 6, 1, 11, 12, 1, 13], "R": [[-0.906257992013684, 0.4131667775132707, -0.08938493089232113], [0.3087461708510124, 0.7913689230689087, 0.5276466901114732], [0.2887425391177457, 0.45058677472830383, -0.8447480716425353]], "T": [0.04978572309722909, 0.10607465235158094, -0.08306443405265718], "aligned_model": [[-0.15694568255560323, 0.5226124541585367, 0.36782105122179165, -0.5149456954101864, -0.19230379557382035, -0.21948386274931894, 0.5017504604726126, -0.6610918493099079, -0.7019936504529476, 0.4232192900104542, -0.009065744072595236, 0.6125024688261338, 0.4232192900104542, 0.02369467026672037], [-0.5276491758259692, -0.7782558721523132, -0.27874531841164424, -0.424722195568452, 0.42493865968477157, 0.54875081994576, 0.4581074470171796, -0.19363900824799807, 0.24347405009688644, 0.5039108376095479, -0.4414323790435713, -0.027854959346135896, 0.5039108376095479, -0.04893480490472839], [0.27337731152754824, -0.18217715001872592, 0.45313542787451533, -0.18262478163873097, 0.5734236886020807, -0.014274852138743327, 0.4338622747076426, 0.48105348385956104, -0.060805431573114035, -0.270994884551841, -0.5118235694983145, -0.10614107073081513, -0.270994884551841, -0.04027205881244372]], "inverted": true, "swapped": false, "error_lsq": 0.06215204970616352, "error_max": 0.5254657646658019, "target": "134.xyz", "model": "0.xyz", "model_rescale": 3.8414455957264533, "target_rescale": 3.9062940042981147},
{"mapping": [8, 6, 9, 12, 0, 1, 7, 13, 11, 5, 10, 2, 4, 14], "R": [[-0.23081805377565295, 0.9037428282451552, -0.3605161944305251], [0.9386055955721753, 0.3044509837422748, 0.16226254792454042], [0.25640312402898374, -0.30092939187425605, -0.9185308590866005]], "T": [0.08023561958135862, 0.02264462843205724, 0.04348354407113572], "aligned_model": [[-0.21470362008645816, 0.5931117782065847, 0.3029847082371704, -0.57291493108476, -0.11371098025956332, -0.3760297517558713, 0.38116129741262056, -0.39210369144931867, -0.7541485914050287, 0.4278994879844298, -0.05543236132120709, 0.8127782409335697, 0.3487331701563767, 0.03136464927377906], [-0.7033531826094913, -0.5127196033632222, -0.3265626880288968, -0.3078015539960671, 0.5936619962589939, 0.6369385096423781, 0.23609420074748094, -0.1545246772950785, 0.19601481808829987, -0.015139087205741506, -0.3175427566909841, 0.08521849779465848, 0.4942645674250129, 0.05730989769553871], [0.14467850821274364, -0.20222025934208981, 0.5856521282094883, -0.17213005139607496, 0.44577852484682146, -0.36020300462079435, 0.5696375316406305, 0.6094814354122251, 0.04014169949718052, -0.5151084451500735, -0.534658343679059, -0.02031728973104882, 0.007415090712455795, -0.023404021555626833]], "inverted": true, "swapped": false, "error_lsq": 0.03701401068160513, "error_max": 0.22300013872375518, "target": "134.xyz", "model": "1.xyz", "model_rescale": 4.316132596720782, "target_rescale": 3.9062940042981147},
{"mapping": [2, 4, 7, 10, 0, 11, 3, 9, 8, 12, 5, 13], "R": [[0.4690619579735707, -0.8586324657317757, -0.20671518660556015], [0.18386916718495439, -0.13398999723501415, 0.9737755439523383], [-0.8638130636548118, -0.4947696124787095, 0.09502642594013641]], "T": [-0.08045929077036948, 0.009087307497713944, -0.010999527736880725], "aligned_model": [[-0.32822170725317734, 0.5592806607699016, 0.08915054557667934, -0.5107522827095059, -0.5794187004555115, -0.4225741263793754, -0.10506379863292517, -0.2695016032176817, 0.5269739850872869, 0.33798247556211436, 0.41718258902912064, -0.11722948274514514], [-0.6174587067824875, -0.29382737896564876, -0.5052603446531553, 0.48452019895686177, -0.2584927925062904, -0.1782037710272498, 0.3057895925471143, 0.5572921462792709, 0.1527922066861329, 0.024059629492355454, 0.3599137474834968, -0.01834809976941961], [0.05209819016645243, 0.04887181767721375, -0.5450516094247093, -0.2056007944119304, -0.41043810416060683, 0.5762093848079579, -0.6871311664054734, 0.39621454432955927, -0.4634146550598388, 0.5965803239925385, 0.0686036238681739, 0.02231690583008441]], "inverted": true, "swapped": true, "error_lsq": 0.04473795251313173, "error_max": 0.20979813675889922, "target": "134.xyz", "model": "2.xyz", "model_rescale": 3.795458400668931, "target_rescale": 3.9062940042981147},
{"mapping": [7, 4, 8, 9, 0, 10, 5, 2, 12, 11, 3, 13], "R": [[0.932995270618835, -0.2710708006703996, 0.23672863372814806], [-0.11321311358520038, -0.8454547804072566, -0.5219090008793318], [0.34161764579019, 0.46013784381468364, -0.8194940809879852]], "T": [0.09775619235959088, 0.030853373827399617, 0.0816773886411273], "aligned_model": [[-0.12893325408556652, -0.12813794459624006, -0.6364928554601292, 0.23932072348287126, 0.26577412382281096, 0.030376851703562302, -0.31361303558704867, 0.5673698867078356, 0.22566694494824072, 0.7737559131979704, -0.4560509200421159, 0.15426739165137413], [-0.06626913457277397, -0.6224717170135621, -0.1725802168569994, 0.21639407421844184, 0.4954917893813367, 0.6552372686421643, -0.24894137230761137, -0.06563994012245758, -0.5730457224732053, -0.0538549951919929, 0.48883723328051604, 0.0326117783058531], [-0.6378444963952723, -0.08186849311768983, -0.03579107545733852, 0.7507237051799145, -0.4041125827099275, 0.3154784205750714, 0.4416128711970376, -0.39589926853548046, 0.4859244409796955, 0.26274004480031565, -0.08961209528325696, 0.07741995940603093]], "inverted": false, "swapped": true, "error_lsq": 0.04661457311197131, "error_max": 0.27243649881391546, "target": "134.xyz", "model": "3.xyz", "model_rescale": 3.7530521520055578, "target_rescale": 3.9062940042981147},
{"mapping": [12, 8, 4, 7, 6, 3, 11, 9, 1, 0, 13], "R": [[-0.18907001264843554, -0.26511206919979, 0.9454988741832147], [-0.6114122365672425, -0.7216654286091452, -0.3246137491330599], [0.7683928730102609, -0.6394643069906127, -0.025647471455343407]], "T": [-0.11912613348743312, 0.005926569559419698, -0.012020101942805802], "aligned_model": [[-0.3427962836383824, -0.04334402994539263, 0.17313313372013506, 0.5696651723314823, 0.2863358461277816, -0.13405312812419337, -0.19156091985525855, -0.7914648383080229, -0.3317541603193181, 0.2527665717261998, -0.10872776126982543], [-0.6755544347934415, 0.19718787016908257, -0.40160850140245186, 0.22368767275033793, -0.7051336659446139, 0.6918783988636642, -0.4210759008387155, -0.08446275265772221, 0.20125674873810698, 0.4579627128578022, -0.01693478942770245], [-0.18530098116082686, -0.7549749577533115, -0.5151192746126055, -0.2500941844869481, 0.0886250756712236, -0.2859523805713842, 0.5441785206810283, 0.19262417009325464, 0.8612829110377228, 0.358749259962572, 0.03881261838459115]], "inverted": false, "swapped": true, "error_lsq": 0.05408318153414171, "error_max": 0.30296850685691556, "target": "134.xyz", "model": "4.xyz", "model_rescale": 3.7855080009869324, "target_rescale": 3.9062940042981147},
{"mapping": [7, 0, 6, 10, 13, 14, 11, 8, 15, 2, 3, 1, 12, 16], "R": [[-0.7056304026883783, -0.7082027057245079, 0.023122768137122843], [0.5560169638727446, -0.5331790217901181, 0.6376247067112971], [-0.4392389676333056, 0.4627840298966882, 0.7700000460941604]], "T": [0.02035451381945875, -0.061429145803384884, 0.026820279661961724], "aligned_model": [[-0.10214549573489612, 0.5876588970187948, 0.15921733962120818, -0.576488881615824, -0.12553653528293868, -0.11183714097969977, 0.482824511923223, -0.5415981134054585, -0.7281246486122224, 0.261428885481373, -0.02092597776221882, 0.7722943751968575, 0.3542601228948597, 0.007962066099265589], [-0.7194924625934412, -0.4648010114564244, -0.19841238548124196, -0.45698184447711165, 0.4388035900473095, 0.5099760386812416, 0.30400879193779085, -0.0597218968238712, 0.2825447374512594, 0.14359212889293446, -0.3140070624070797, -0.00677258323340383, 0.5292576726274756, -0.026134774702555992], [0.36344453700293433, -0.3252177269835144, 0.6497406403218733, -0.10838437251945966, 0.5301597780629214, -0.31040202102175546, 0.5606862205251346, 0.45051380571535254, -0.0010906094343248879, -0.6407387902550016, -0.6188707629103758, -0.04175846361277305, 0.07840893897935432, -0.011747670813587414]], "inverted": false, "swapped": false, "error_lsq": 0.038780373036763884, "error_max": 0.20964403907995263, "target": "134.xyz", "model": "5.xyz", "model_rescale": 4.2253639853439635, "target_rescale": 3.9062940042981147},
{"mapping": [9, 0, 1, 12, 5, 6, 10, 8, 11, 3, 7, 4, 2, 13], "R": [[-0.2479529232215028, -0.6208038244080822, -0.743721694900862], [-0.7066480408747715, -0.4092489331581494, 0.5772034797510877], [-0.6626974378958765, 0.6686687687556643, -0.3372153369836923]], "T": [0.036997336252839255, -0.01950631396243079, 0.09662107600260503], "aligned_model": [[-0.12678964190470565, 0.3145758290292286, 0.5213553467065589, -0.6629834528971261, -0.19508503837716862, -0.16992682733206738, 0.3003792590140775, -0.28188219763167444, -0.7086418979685905, 0.36188310858966605, -0.06372133120169567, 0.7395252664293808, 0.3241042512119877, 0.06619673117445245], [-0.573907468582163, -0.6833821121976186, -0.3537945413800124, -0.3646250000534748, 0.5219684560463207, 0.36877479863168594, 0.38341385446661036, -0.11454777268864509, 0.18948742804668997, 0.15387795972136267, -0.20453393683423887, 0.05312765682683908, 0.5856401225593341, 0.00035949390019112196], [0.2926047820286696, -0.2573305509073157, 0.535203429361233, -0.41549585576280224, 0.32831939554927625, -0.37256773060990456, 0.710459633788645, 0.7562784413002873, 0.019825652936555027, -0.5095114188123397, -0.6682395288317023, 0.05090318217782325, 0.057390707856451756, 0.04690336298190151]], "inverted": false, "swapped": false, "error_lsq": 0.04772255968836474, "error_max": 0.2817085772117482, "target": "134.xyz", "model": "6.xyz", "model_rescale": 3.89814844738969, "target_rescale": 3.9062940042981147},
{"mapping": [5, 8, 3, 12, 10, 7, 4, 9, 11, 2, 0, 1, 13], "R": [[0.33226434546221967, 0.3924972580263537, 0.8576399636073152], [0.4379823577298968, 0.7411098614037961, -0.508849317231936], [-0.8353273963254911, 0.5447036586730812, 0.07433750854202648]], "T": [-0.07979760612576842, 0.053394920669822085, -0.045647404344675804], "aligned_model": [[0.005981765372033848, 0.0045430209674816036, 0.44959265063348325, -0.46001144476084177, 0.5533229339965897, -0.3610567719173311, -0.5885951633025674, 0.2876893187169635, -0.34989060928283083, -0.5447955109787308, 0.03296807624090611, 0.22196390989626136, -0.10308037467719475], [-0.35226942032235165, 0.14057356634869772, 0.4452433748001402, -0.5726311945254641, 0.1034342050529161, 0.6863664732476459, -0.04669542965483971, -0.49002994356887086, -0.20472720682857576, 0.40625160747572175, 0.6704239776717609, 0.12479263659538171, 0.05304861917832378], [-0.49857304409335795, -0.8069569816256137, -0.38030000871736586, -0.13508843781804203, 0.1681576420837813, -0.3599290059368482, -0.5311533862403142, 0.22218018692377883, 0.5521465005692276, 0.2966924152719357, 0.24874998433699658, 0.8203000898961516, 0.006049076185966139]], "inverted": true, "swapped": true, "error_lsq": 0.04509033928013202, "error_max": 0.2820919292133272, "target": "134.xyz", "model": "7.xyz", "model_rescale": 3.7474275329858107, "target_rescale": 3.9062940042981147},
{"mapping": [12, 13, 1, 10, 3, 5, 2, 0, 6, 9, 11, 4, 8, 14], "R": [[0.9907469480104686, -0.1181145234024483, 0.06685390317217821], [-0.11726556780907077, -0.9929635558802038, -0.016497372522866885], [0.06833206871124795, 0.008505060561484014, -0.9976263791272199]], "T": [0.00279989702890265, -0.06443533648638004, 0.021526726935815275], "aligned_model": [[0.04366497305229651, 0.7093515928889611, 0.07859023111248606, -0.6537410377404025, -0.17860336654945744, -0.21166515426040414, 0.519778139988169, -0.4577411542056639, -0.7171265937664602, 0.10105438133338923, -0.0502194855247126, 0.7733023085074209, 0.40765072387163603, 0.0546938461350656], [-0.6789367884031945, -0.6040795540579552, -0.2874334654579565, -0.40453829231286015, 0.5409808412788585, 0.5681861098724788, 0.22106996766031545, -0.05123085807442612, 0.3170875707504747, 0.21236519628362405, -0.34306958044704744, 0.0713412367812478, 0.47709664814608105, -0.07698009355675896], [-0.015359990905230811, -0.11144187165575756, 0.7351999573322816, -0.14743285432136263, 0.3601986103980561, -0.2369617861632943, 0.6213681338599282, 0.4926326805222567, 0.07706245869796854, -0.6813729540007322, -0.5316747361460966, 0.03232496304244674, -0.0681907935454579, 0.04839168594177218]], "inverted": false, "swapped": false, "error_lsq": 0.044946305893212614, "error_max": 0.27695040536478777, "target": "134.xyz", "model": "8.xyz", "model_rescale": 4.019505241142653, "target_rescale": 3.9062940042981147},
{"mapping": [5, 9, 3, 8, 4, 7, 0, 12, 6, 11, 1, 2, 13], "R": [[-0.48029674881518925, -0.1869843115569335, 0.8569433471992992], [0.1996928559127128, -0.9746653830932106, -0.10074797415923434], [0.8540713063761033, 0.12273653991923053, 0.5054680458680565]], "T": [-0.025758959571723444, -0.0434371518777026, -0.06398443903215448], "aligned_model": [[-0.22282346039599152, -0.7340484155138053, 0.13759772553701355, 0.27673773238988375, 0.32733963451470416, 0.7264054583456611, 0.2951158782369767, -0.29385563316967067, 0.22539943131684967, -0.30983688809564924, -0.4355766109808702, 0.3603581831132726, -0.033112263557198165], [-0.5650541775252182, -0.02375770492314451, 0.16238733889341977, -0.4954799778047881, -0.6490764169245588, -0.008900021225188195, 0.5696751348870189, -0.6249413471736714, -0.3507526780966923, 0.11874490971497838, 0.7303906417904772, 0.21669914998623513, -0.016556623484808915], [-0.3211702752254538, -0.06923873410421019, -0.7544498567023398, -0.6102982362043518, 0.05060855534940295, -0.1716343570032355, -0.09924689847963518, 0.30268708007426115, 0.6589347523277849, 0.5604605347117424, 0.21755196627521636, 0.427106287426556, -0.014607324401858593]], "inverted": false, "swapped": true, "error_lsq": 0.039347403881927964, "error_max": 0.24822723331243657, "target": "134.xyz", "model": "9.xyz", "model_rescale": 3.877068213659057, "target_rescale": 3.9062940042981147},
{"mapping": [4, 5, 7, 13, 9, 10, 8, 2, 14, 12, 3, 0, 11, 15], "R": [[-0.18707504750284526, 0.01608656265917001, 0.9822139019091619], [-0.0516472468623512, -0.9986441144625924, 0.0065187836874461835], [0.9809869971071724, -0.049509142095545924, 0.1876522218243512]], "T": [-0.002959990594166042, -0.04176303448456385, -0.012860237016382767], "aligned_model": [[-0.05784479491530581, 0.5796769247965864, 0.19177628938981858, -0.7373537315079164, -0.23309744043498934, -0.21654850738260248, 0.3512390800655191, -0.41481888370134257, -0.6731620259016273, 0.41841995202197035, -0.018812276413601167, 0.7675760965654618, 0.37856746524045554, 0.08337125701989714], [-0.6831642193553341, -0.48398069456479587, -0.4075738931128793, -0.24777964852880652, 0.4114516281698536, 0.596114993161182, 0.2739256403039861, -0.1451568932565267, 0.3525068719249471, 0.11478517428793629, -0.5345747847677417, 0.14826712859032598, 0.5861553449236847, -0.01911770931295052], [0.1961442080224084, -0.28849261570154944, 0.6903799540879241, -0.13880262070084365, 0.4081843302629708, -0.23803205319853016, 0.5955858285984442, 0.49707830838519756, 0.05715418584174857, -0.6096238568898409, -0.412418276036191, -0.07553966857292323, -0.0822186215807852, -0.024655599461251863]], "inverted": true, "swapped": false, "error_lsq": 0.036587297369033586, "error_max": 0.22962314152237334, "target": "134.xyz", "model": "10.xyz", "model_rescale": 4.260839863003843, "target_rescale": 3.9062940042981147},
{"mapping": [4, 7, 0, 2, 1, 11, 12, 5, 3, 10, 9, 13], "R": [[-0.662047796247678, 0.7332680448202149, -0.15495383160520088], [0.6829906328087882, 0.5051680823198367, -0.5275689567258008], [-0.30857172744605826, -0.45510788067318547, -0.8352606215847347]], "T": [0.07611534153976174, 0.0018336037907353987, -0.0536554781168744], "aligned_model": [[0.5330956312021058, 0.14318390485537164, -0.39860060707217665, -0.3935136955599563, -0.7427661243264887, -0.41815723332324223, 0.3435721055521954, 0.6426723504764681, 0.29522417646943677, -0.10049403131269849, 0.02860894776330862, 0.02607322436980619], [-0.0801870333331803, -0.7072255974251588, -0.4778225397379625, -0.22868450470901963, 0.2325246113172362, 0.4376225493675804, 0.551248476015602, 0.23476122352416073, -0.4648157994227423, 0.043485866858177694, 0.6133497858694164, 0.018821467208824265], [-0.591289852780127, -0.3206189340424849, 0.10346081917769584, -0.4828843380539739, 0.2959693394811008, -0.3040899654827939, -0.4672750328130154, -0.010980276196564658, 0.4755148852876118, 0.5914277448758606, 0.30114015778376896, -0.0741964698415731]], "inverted": false, "swapped": true, "error_lsq": 0.04138030423519152, "error_max": 0.2312480467890912, "target": "134.xyz", "model": "11.xyz", "model_rescale": 3.890672605050136, "target_rescale": 3.9062940042981147},
{"mapping": [5, 9, 6, 7, 0, 4, 1, 8, 3, 10, 12, 11, 2, 13], "R": [[-0.5170462856823972, 0.785489055484891, -0.3401030464072486], [0.8294260599153047, 0.36161219081279555, -0.4257805004799349], [-0.2114605154524371, -0.5022385560358986, -0.8384753325146574]], "T": [0.11132950134179156, -0.03144755590135069, 0.1380333722154889], "aligned_model": [[-0.1545176963003583, 0.5122363660194308, 0.3670947207365808, -0.5996723019691629, -0.16028944078331978, -0.14344319427605698, 0.32930976651787525, -0.40044978828691336, -0.7388560343948913, 0.40964256674263033, -0.04596111099762415, 0.6340681077750324, 0.4147883407361801, -0.004960896677079649], [-0.7363786261273193, -0.680754950572189, -0.20773216729321464, -0.29497914369976025, 0.3829389759721729, 0.5090392311541022, 0.5138150351235781, -0.2687812357574162, 0.3198227335996248, 0.1483680807727849, -0.2879502117428029, 0.07134701555450441, 0.5149116011880683, -0.02180739970925253], [-0.05527890253949391, -0.01524418355023524, 0.6233850305786928, -0.2518277674194092, 0.4592832628425277, -0.22805671288820523, 0.6483975570999534, 0.586303077807167, 0.22083973996619832, -0.6855054284862097, -0.5435810331202888, 0.00041146509786241237, -0.20103673546821466, 0.016654133136433352]], "inverted": false, "swapped": false, "error_lsq": 0.04630364916812386, "error_max": 0.2855202611202727, "target": "134.xyz", "model": "12.xyz", "model_rescale": 4.124412569039231, "target_rescale": 3.9062940042981147},
{"mapping": [4, 5, 9, 7, 12, 6, 3, 2, 10, 0, 11, 1, 13], "R": [[0.939727002039513, 0.18491958074755507, -0.2876072153023594], [-0.23121808195938917, -0.2759937332758211, -0.9329338978553069], [-0.25189553432494677, 0.9432031636124975, -0.2166020127757963]], "T": [0.04126702382447496, 0.1552460947781393, 0.052872794619891764], "aligned_model": [[-0.16146875576130998, -0.008255320319255327, 0.5571535252887565, -0.5815447578172828, 0.46575737193039685, 0.33765887878839723, -0.5403389732496622, 0.10184734731244359, 0.0698901571817347, -0.1953972893079426, 0.6797942490005825, 0.5609987929191126, 0.08120308154378661], [-0.34203959188148125, 0.29626124159794287, 0.6162213031725741, -0.23712972417456504, -0.1159996130830854, -0.6102122668654713, 0.6017696088019415, -0.3534186596970764, 0.7762661316528092, 0.16994223282562493, -0.051401772539618945, 0.4634895668148935, 0.13373691988398978], [0.5178612250059103, 0.648461208767468, 0.20601265390062606, -0.13864569316471165, 0.592043146917456, 0.13262799574448864, -0.037364870246860374, -0.3893009687324547, -0.19727311524407037, -0.5981915686983298, -0.1627993117194208, -0.6405877733389167, 0.0188551517766547]], "inverted": false, "swapped": true, "error_lsq": 0.039727461729722975, "error_max": 0.2934017613900913, "target": "134.xyz", "model": "13.xyz", "model_rescale": 3.9028299243045295, "target_rescale": 3.9062940042981147},
{"mapping": [12, 2, 5, 11, 10, 9, 4, 13, 14, 6, 1, 3, 7, 15], "R": [[0.33009530907047174, 0.8085485456654151, 0.48712045351433586], [0.6066508912303699, 0.21364921936748188, -0.7657210374758315], [-0.723195535867768, 0.5482729797883606, -0.41998209073116954]], "T": [0.15964829150906698, -0.1199747418056744, 0.08240767658171254], "aligned_model": [[-0.3003542566656753, 0.5727246881136911, 0.11448728818536758, -0.4597704451585374, -0.10180098536175444, -0.18945858692736287, 0.5229520966768136, -0.41734546646479187, -0.666169478933103, 0.2997538845255736, 0.010006046564855764, 0.7078609689231457, 0.19794507588617435, 0.1281585754779269], [-0.6300684466801413, -0.6586194966397448, -0.24162883393812662, -0.2062626079385792, 0.4534651810637969, 0.41845769280280903, 0.2336622247903541, -0.20260598154706877, 0.19435355594479825, 0.0977663288599598, -0.3797459794785858, 0.12669289379892912, 0.7793323368372376, -0.0229399294127567], [0.19395298971081865, -0.20286322662025758, 0.5776476177227502, -0.3109516008749977, 0.4801054670359138, -0.3524030376993587, 0.5322015347991231, 0.6236115506192497, 0.13008769376046936, -0.5318947824725495, -0.4940685660759937, -0.08284178062124771, -0.01961237265516587, 0.03177201642802438]], "inverted": true, "swapped": false, "error_lsq": 0.041231452512667924, "error_max": 0.24067593340700663, "target": "134.xyz", "model": "14.xyz", "model_rescale": 3.942246331269136, "target_rescale": 3.9062940042981147},
{"mapping": [1, 3, 12, 2, 8, 6, 13, 0, 7, 10, 5, 4, 11, 14], "R": [[0.562085760337331, -0.6001299805428668, 0.5691252976978116], [0.0012408132473882838, 0.688725931090572, 0.7250207253768057], [-0.8270780243776819, -0.40681764747493787, 0.38786768787109294]], "T": [0.07098809611032213, 0.03407443442851422, -0.0491534608788367], "aligned_model": [[0.011419072361692248, 0.4770385852918273, 0.34170316628023606, -0.5982801360417364, -0.2919230720171246, -0.1639126237323577, 0.6453984416382491, -0.5320754153084295, -0.7375661075479062, 0.38258510236836996, -0.11648513315893412, 0.6431763943896244, 0.3476014961706459, 0.01030963414816713], [-0.7205940780063449, -0.5584699317026347, -0.3556718514264766, -0.3159748446148936, 0.5007032158096342, 0.52885247155456, 0.19627378701369297, -0.1417606242500739, 0.2993130662899238, 0.30847573956568414, -0.5073000196711533, 0.06485946000976373, 0.6831624890866469, -0.020009941195447918], [0.23992854051455764, -0.07286221247696481, 0.6163444291312569, -0.15957743614116365, 0.4502401621510675, -0.16231588897892998, 0.5028193387016793, 0.33309503971081905, -0.1320273170937784, -0.6293359713642885, -0.3221865118905373, -0.1729145631476943, 0.078442576926959, 0.005093317013795666]], "inverted": false, "swapped": false, "error_lsq": 0.04902854297000598, "error_max": 0.27740560527885777, "target": "134.xyz", "model": "15.xyz", "model_rescale": 4.355366556412066, "target_rescale": 3.9062940042981147},
{"mapping": [2, 4, 7, 10, 0, 11, 3, 9, 8, 12, 5, 13], "R": [[0.4690619579735707, -0.8586324657317757, -0.20671518660556015], [0.18386916718495439, -0.13398999723501415, 0.9737755439523383], [-0.8638130636548118, -0.4947696124787095, 0.09502642594013641]], "T": [-0.08045929077036948, 0.009087307497713944, -0.010999527736880725], "aligned_model": [[-0.32822170725317734, 0.5592806607699016, 0.08915054557667934, -0.5107522827095059, -0.5794187004555115, -0.4225741263793754, -0.10506379863292517, -0.2695016032176817, 0.5269739850872869, 0.33798247556211436, 0.41718258902912064, -0.11722948274514514], [-0.6174587067824875, -0.29382737896564876, -0.5052603446531553, 0.48452019895686177, -0.2584927925062904, -0.1782037710272498, 0.3057895925471143, 0.5572921462792709, 0.1527922066861329, 0.024059629492355454, 0.3599137474834968, -0.01834809976941961], [0.05209819016645243, 0.04887181767721375, -0.5450516094247093, -0.2056007944119304, -0.41043810416060683, 0.5762093848079579, -0.6871311664054734, 0.39621454432955927, -0.4634146550598388, 0.5965803239925385, 0.0686036238681739, 0.02231690583008441]], "inverted": true, "swapped": true, "error_lsq": 0.04473795251313173, "error_max": 0.20979813675889922, "target": "134.xyz", "model": "16.xyz", "model_rescale": 3.795458400668931, "target_rescale": 3.9062940042981147},
{"mapping": [5, 8, 3, 12, 10, 7, 4, 9, 11, 2, 0, 1, 13], "R": [[0.33226434546221967, 0.3924972580263537, 0.8576399636073152], [0.4379823577298968, 0.7411098614037961, -0.508849317231936], [-0.8353273963254911, 0.5447036586730812, 0.07433750854202648]], "T": [-0.07979760612576842, 0.053394920669822085, -0.045647404344675804], "aligned_model": [[0.005981765372033848, 0.0045430209674816036, 0.44959265063348325, -0.46001144476084177, 0.5533229339965897, -0.3610567719173311, -0.5885951633025674, 0.2876893187169635, -0.34989060928283083, -0.5447955109787308, 0.03296807624090611, 0.22196390989626136, -0.10308037467719475], [-0.35226942032235165, 0.14057356634869772, 0.4452433748001402, -0.5726311945254641, 0.1034342050529161, 0.6863664732476459, -0.04669542965483971, -0.49002994356887086, -0.20472720682857576, 0.40625160747572175, 0.6704239776717609, 0.12479263659538171, 0.05304861917832378], [-0.49857304409335795, -0.8069569816256137, -0.38030000871736586, -0.13508843781804203, 0.1681576420837813, -0.3599290059368482, -0.5311533862403142, 0.22218018692377883, 0.5521465005692276, 0.2966924152719357, 0.24874998433699658, 0.8203000898961516, 0.006049076185966139]], "inverted": true, "swapped": true, "error_lsq": 0.04509033928013202, "error_max": 0.2820919292133272, "target": "134.xyz", "model": "17.xyz", "model_rescale": 3.7474275329858107, "target_rescale": 3.9062940042981147},
{"mapping": [2, 7, 1, 6, 8, 5, 3, 0, 4, 12, 9, 11, 10, 13], "R": [[0.5799716115919217, -0.7790102962686938, 0.23827691464938727], [0.8137451261360271, 0.5676814885049032, -0.1247260890861207], [-0.03810248597310559, 0.26623426886150403, 0.9631549795575217]], "T": [0.08823063660560984, -0.0074396847494500205, 0.05010594162815726], "aligned_model": [[-0.1427136044610154, 0.5535435520344615, 0.3695476203979564, -0.5625465831738026, -0.21969511206686346, -0.11601930784245018, 0.3754021686086787, -0.4629148238905981, -0.6987493325218722, 0.352670817099217, -0.22068038784232516, 0.8053193340288429, 0.3653315808824955, 0.02049348358959889], [-0.6651189507694728, -0.5051710015946497, -0.3599889074647055, -0.3748673670527176, 0.5370526399510491, 0.5220224597487881, 0.29653032812983626, -0.20583433311412738, 0.241389566067717, 0.09837941655234043, -0.214092371742419, 0.050142037115806504, 0.6199968618840671, -0.07858143924863144], [0.18410394301327898, -0.27108980710295993, 0.5745944705804333, -0.14090379622245405, 0.40445646422611103, -0.398415779592326, 0.5846374409679168, 0.6467805897032604, -0.03918209872709197, -0.6413495031068522, -0.50630470869154, 0.11495042590351817, -0.02721040265247443, 0.08967626475795817]], "inverted": true, "swapped": false, "error_lsq": 0.03332933179714847, "error_max": 0.2528814810740491, "target": "134.xyz", "model": "18.xyz", "model_rescale": 3.922800546911778, "target_rescale": 3.9062940042981147},
{"mapping": [8, 13, 6, 5, 2, 3, 10, 1, 0, 7, 12, 11, 9, 14], "R": [[-0.7117123938184393, 0.39301193465493145, -0.5822431517021175], [-0.6873558151296482, -0.5606295420011697, 0.4617753783421285], [-0.1449394766538227, 0.7288594760681559, 0.669146032083408]], "T": [0.039106193767583744, -0.10519737073404868, 0.08783181913092206], "aligned_model": [[-0.04651897742384892, 0.5163931226267741, 0.12990977725031444, -0.631209737649386, -0.059603757494523055, -0.21546836310650475, 0.5302824121780877, -0.4564424852278014, -0.6879297451848273, 0.37581980039068835, -0.12569607140691685, 0.7233528827986812, 0.2907828776492467, 0.07531766944233968], [-0.7045582669668393, -0.4728502611684103, -0.3506584620939544, -0.3832100829195224, 0.5387615709638457, 0.28273666824490506, 0.2628508524334255, -0.07843633452898698, 0.28664538607514894, 0.21949581356994563, -0.31580840812827843, 0.06160425678860469, 0.6672292416596525, -0.05194303546665498], [0.17629367614897679, -0.24208072460697042, 0.7260099555224867, -0.14864059815615277, 0.38566094751991375, -0.3524501586730102, 0.6111740352328989, 0.6371025880809963, -0.039920414057512704, -0.5597863571427593, -0.6518284061668785, -0.01812712751625603, 0.03530410100701731, 0.016031985864028514]], "inverted": true, "swapped": false, "error_lsq": 0.038499916606251905, "error_max": 0.25453457208909686, "target": "134.xyz", "model": "19.xyz", "model_rescale": 3.9282355846067225, "target_rescale": 3.9062940042981147},
{"mapping": [9, 8, 11, 7, 1, 5, 0, 10, 2, 6, 7, 4, 3, 13], "R": [[-0.8621039266680616, 0.49670008730378173, -0.1003286743454988], [-0.24700914547145097, -0.5847943683622648, -0.7726590637436691], [-0.442451468160038, -0.64133031271272, 0.6268429853789795]], "T": [0.054345198370287374, -0.08569844823546646, -0.02656966169089662], "aligned_model": [[0.11778405196221348, 0.6211456871734868, 0.33439898787769035, -0.41668960652971376, -0.14608315896648735, -0.15169478550619012, 0.31971703769850635, -0.46985471686631686, -0.6786321903164029, 0.23244652943464378, -0.41668960652971376, 0.6610758358351897, 0.4068984452498674, 0.005166894325550696], [-0.7539351248883419, -0.5477772758372548, -0.3034853167206521, -0.26435759120468183, 0.5575778239692041, 0.4828128839102981, 0.29699695057818826, -0.19456163116347708, 0.2750252154922, 0.09956847690474219, -0.26435759120468183, -0.01194573532485331, 0.5790908095505148, 0.01120704440167658], [0.1403437322253713, -0.23595433663822082, 0.595926865386897, -0.39304599051166234, 0.30134024590623165, -0.3759012269904282, 0.6240600385343961, 0.6484100456042077, 0.07991412327567696, -0.6272360719214511, -0.39304599051166234, 0.13407378149795576, -0.015775219204744763, 0.09163350640421161]], "inverted": false, "swapped": false, "error_lsq": 0.0459908258625056, "error_max": 0.4128395953699195, "target": "134.xyz", "model": "20.xyz", "model_rescale": 4.067790424073018, "target_rescale": 3.9062940042981147},
{"mapping": [8, 2, 5, 7, 10, 12, 13, 1, 9, 3, 0, 6, 11, 14], "R": [[-0.6788147304480713, -0.693426404178016, 0.24159963517244687], [0.5462964241054775, -0.2570369821790277, 0.7971776507164928], [-0.4906839907071362, 0.6731209488502382, 0.553296854755812]], "T": [0.11766700701192151, -0.07952475677354295, 0.05091797083464161], "aligned_model": [[-0.0967533590928557, 0.5136716782544355, 0.22211382787710054, -0.5634169670183937, -0.2365182427727338, -0.18291595586584303, 0.2066361927247301, -0.489472061747865, -0.5828545728754584, 0.46939583487778197, -0.12394324035357385, 0.8573918312719873, 0.3466385120495006, 0.07901592751351162], [-0.583200991853722, -0.4681817835755938, -0.33697426131999964, -0.37842187770788815, 0.565721539927405, 0.4732229769176124, 0.3110553994018438, -0.11882312464022876, 0.2562392996441205, 0.2209202860367653, -0.42606365945225155, -0.06086454450966439, 0.5215911666794116, -0.014361487084929514], [0.2106115948150718, -0.4449125923726202, 0.5717603030982807, -0.0078109711362341905, 0.4107746742352619, -0.38627042359572683, 0.625073986803131, 0.6015021067733122, 0.07504086450301838, -0.6630600572233931, -0.5200402647826228, 0.046932554036655, -0.014380960483378502, 0.06952268838602302]], "inverted": false, "swapped": false, "error_lsq": 0.040989175514665424, "error_max": 0.24832799294903218, "target": "134.xyz", "model": "21.xyz", "model_rescale": 4.186013935880536, "target_rescale": 3.9062940042981147},
{"mapping": [5, 9, 12, 7, 0, 4, 3, 10, 6, 11, 1, 2, 13], "R": [[0.24778852341410643, -0.502826779213552, -0.8281099430449937], [-0.965648986952656, -0.19722270378684886, -0.16918994978518723], [-0.07824884447431879, 0.8415868554205983, -0.5344236925153142]], "T": [0.004822443472129641, -0.12200236484246166, -0.04427467208058038], "aligned_model": [[0.1159214410787711, -0.5291834645465024, 0.26865974406136256, 0.5069496051707074, -0.1508945986332288, 0.6723216796746669, -0.1889055461854916, -0.6257647066385533, 0.5750157857704931, -0.13714126240206875, -0.7026982087791144, 0.2583535670672158, -0.004060000215032072], [-0.28366379783543555, 0.12469527298120556, 0.3255555665918325, -0.4907015306336141, -0.2791641301841358, -0.13055747983715735, -0.8287021153314396, -0.3433822626943378, 0.4692538595238511, 0.5598937450464159, 0.2741292896077191, 0.19528806920836259, -0.07368782689717285], [-0.6261560062737156, -0.4393275892211713, -0.5682524724623766, 0.3921447001330347, 0.612355483394751, -0.2871340358080191, 0.04972824942403688, 0.004806211438903821, 0.02942171013872659, 0.06434768907858894, 0.3899107124659346, 0.4969980825125803, -0.015963173485928253]], "inverted": true, "swapped": true, "error_lsq": 0.047511531612610285, "error_max": 0.3037176816882159, "target": "134.xyz", "model": "22.xyz", "model_rescale": 4.166573947596378, "target_rescale": 3.9062940042981147},
{"mapping": [2, 3, 12, 1, 13, 7, 14, 6, 5, 8, 4, 9, 10, 15], "R": [[-0.5178999591621273, 0.6240798164229949, -0.585067530318773], [0.5059417316689473, -0.32802853428113826, -0.7977595156769962], [-0.6897844565193495, -0.7091697000230689, -0.1458620585124748]], "T": [0.12152835363115425, -0.07915808300759077, 0.041800112110194264], "aligned_model": [[-0.140964785814959, 0.41677821497301626, 0.22758240617161224, -0.5448208234070554, -0.15915880113787687, -0.1774883331463624, 0.4275024263056525, -0.41876301734365007, -0.5927651548975974, 0.4146257182678137, -0.014753605211255905, 0.715435858977714, 0.21297452599364838, 0.05280477511162336], [-0.6987583858105421, -0.5471498159426771, -0.20779379776897955, -0.2952254389172759, 0.6377742643088049, 0.49112296477037765, 0.40311040934919345, -0.3677001059478253, 0.33695811243993784, 0.06544565304963544, -0.4348985646303314, -0.001948617610016426, 0.6641152160153114, -0.08319295484273173], [0.04036634110117875, -0.19322735287653994, 0.6755088354656406, -0.09008139848867563, 0.39398737680727774, -0.2692596815373857, 0.5893169897962995, 0.4933932557855469, 0.12951599870610175, -0.6979720383405531, -0.5864748681281486, -0.0001729724576692085, 0.05291917789555934, 0.03692383932814622]], "inverted": true, "swapped": false, "error_lsq": 0.03618248309733837, "error_max": 0.22044601354480176, "target": "134.xyz", "model": "23.xyz", "model_rescale": 4.274766983524099, "target_rescale": 3.9062940042981147},
{"mapping": [5, 11, 6, 4, 2, 7, 3, 0, 10, 1, 13], "R": [[0.17817176025723522, -0.11184965368327615, -0.9776218485783599], [0.9713669467297111, -0.1386937075557607, 0.19289974153802322], [-0.1571657680534705, -0.9839988366128126, 0.08393575457928742]], "T": [0.026391359205609005, 0.008697512363194881, -0.06875979300102109], "aligned_model": [[0.16891286109414605, 0.10005248357071891, -0.5321179107018666, -0.48024111317724405, -0.43350265520042786, -0.6056945653175803, 0.17461513643011659, -0.10159079319621028, 0.5832788188841181, 0.48418498955282896, 0.02199745201947538], [-0.3326693676216335, 0.7054436520790863, 0.5022976126680547, -0.17180101894745461, 0.4299074243448506, -0.2856535470101472, -0.6009191083153087, 0.0781598009756717, -0.09058376818759376, 0.6174194297587159, 0.06398542149924172], [-0.5588817859964234, -0.14656513574291918, -0.4216930212637495, -0.5328211132977849, 0.19393232830892843, 0.23514392148655094, 0.32135417525337456, 0.6086664671145915, 0.29051410080381107, 0.44690029704774537, -0.05698379969254754]], "inverted": false, "swapped": true, "error_lsq": 0.05700089971092808, "error_max": 0.2767551561707942, "target": "134.xyz", "model": "24.xyz", "model_rescale": 3.7841303162186577, "target_rescale": 3.9062940042981147},
{"mapping": [9, 10, 8, 12, 4, 3, 1, 2, 5, 11, 14, 7, 6, 15], "R": [[0.5933261250016487, 0.35099125517911467, -0.7244095859238183], [0.6780388424153202, -0.7029549575044451, 0.21475021745278094], [-0.43385186131515086, -0.618594751438867, -0.6550672453463582]], "T": [0.1446177238405905, -0.056520857498142764, 0.04636620551250204], "aligned_model": [[-0.13215890718098403, 0.5955555987545259, 0.170388143923667, -0.5516196886424353, -0.15981260774681458, -0.26068854076782255, 0.36095336954093293, -0.4287740335929322, -0.678244808362397, 0.40839182783255723, -0.1249309701284356, 0.7701681570353313, 0.30139015642017686, 0.14837170775695305], [-0.5700019036002542, -0.6126319619887556, -0.21791608060399772, -0.23485628934945804, 0.516596958821587, 0.5572396326910984, 0.1980584141862238, -0.17319705029507812, 0.23656270016277578, 0.20582588192061171, -0.6408801797551605, 0.0449844104582458, 0.6416817565670807, 0.01039264924796237], [0.08963998903500392, -0.2580193685667129, 0.6144729305617802, -0.19575328076128368, 0.4145543159735031, -0.2823080712190196, 0.7107641861169567, 0.5221829627509694, 0.1259779305848171, -0.6252177278437608, -0.4174943838691276, -0.09919785669803541, -0.05344344501587508, 0.028585322007562995]], "inverted": false, "swapped": false, "error_lsq": 0.03651185421789511, "error_max": 0.27487894104415744, "target": "134.xyz", "model": "25.xyz", "model_rescale": 4.19342608120988, "target_rescale": 3.9062940042981147},
{"mapping": [2, 4, 7, 10, 0, 11, 3, 9, 8, 12, 5, 13], "R": [[0.4690619579735707, -0.8586324657317757, -0.20671518660556015], [0.18386916718495439, -0.13398999723501415, 0.9737755439523383], [-0.8638130636548118, -0.4947696124787095, 0.09502642594013641]], "T": [-0.08045929077036948, 0.009087307497713944, -0.010999527736880725], "aligned_model": [[-0.32822170725317734, 0.5592806607699016, 0.08915054557667934, -0.5107522827095059, -0.5794187004555115, -0.4225741263793754, -0.10506379863292517, -0.2695016032176817, 0.5269739850872869, 0.33798247556211436, 0.41718258902912064, -0.11722948274514514], [-0.6174587067824875, -0.29382737896564876, -0.5052603446531553, 0.48452019895686177, -0.2584927925062904, -0.1782037710272498, 0.3057895925471143, 0.5572921462792709, 0.1527922066861329, 0.024059629492355454, 0.3599137474834968, -0.01834809976941961], [0.05209819016645243, 0.04887181767721375, -0.5450516094247093, -0.2056007944119304, -0.41043810416060683, 0.5762093848079579, -0.6871311664054734, 0.39621454432955927, -0.4634146550598388, 0.5965803239925385, 0.0686036238681739, 0.02231690583008441]], "inverted": true, "swapped": true, "error_lsq": 0.04473795251313173, "error_max": 0.20979813675889922, "target": "134.xyz", "model": "26.xyz", "model_rescale": 3.795458400668931, "target_rescale": 3.9062940042981147},
{"mapping": [12, 11, 6, 4, 7, 10, 9, 5, 1, 2, 3, 0, 13], "R": [[0.725886803322865, -0.030097098271015726, 0.6871553779440112], [-0.4908961721080754, -0.7224453210015951, 0.48692269034472074], [0.48177722753504115, -0.6907726998358917, -0.5391880749702112]], "T": [-0.19231555672590198, -0.06540215523279744, -0.09221879239997599], "aligned_model": [[0.034007796680241426, 0.3566008139407598, 0.5337478187659378, -0.05871618186315583, -0.10750659910968155, -0.5857255809803045, -0.3694368522997166, -0.5433869983453914, 0.05952142039361605, 0.40315231390381934, -0.795864746400571, -0.08299738051096921, -0.14371944135332748], [-0.6966247843366099, -0.3624308980447052, -0.22791512657250254, -0.15449278249125845, 0.5748215440560825, -0.00833015670239226, -0.611285959792795, -0.4439516493904072, -0.031032076867630265, 0.2552470995718874, 0.3587683470585924, 0.5382587086319142, -0.06915076186326131], [-0.400125743726463, 0.23549992810379738, -0.4479673498408121, -0.7841892816873564, -0.4940317904361258, 0.447252695247489, 0.3233865013839547, -0.4246528710097909, 0.7917605873605157, -0.06920758909982394, -0.05222652816937129, 0.22988969329088843, -0.06325158931747575]], "inverted": false, "swapped": true, "error_lsq": 0.04446971300641904, "error_max": 0.23046929904964328, "target": "134.xyz", "model": "27.xyz", "model_rescale": 3.6321398670334006, "target_rescale": 3.9062940042981147},
