[{"mapping": [11, 8, 9, 12, 2, 7, 6, 5, 3, 1, 0, 13], "R": [[-0.6770676049911026, 0.7355145633039366, -0.024449651110642234], [0.33334919442329214, 0.3361405806501166, 0.8808449492490406], [0.6560928081064101, 0.588241308654894, -0.47277308504505966]], "T": [0.0608093625377365, 0.005246093757911394, -0.09969315914637229], "aligned_model": [[-0.2576135785378491, -0.665298073910118, 0.2986685766519147, 0.5264811783455118, 0.055781021840760614, -0.3017253963990583, -0.5776168242065187, -0.23746836346591738, -0.016643665300770008, 0.5180912945437002, 0.684178168354649, -0.012308033901032064], [-0.2241475355643474, -0.25122474426229335, -0.6586888420078695, -0.23110784667798118, 0.0037919989243738045, -0.6500047137959395, 0.29064285241258825, 0.5278188500053109, 0.4053127729677012, 0.33985630307470355, -0.06720772169355861, -0.13891474676930254], [-0.6767956060883491, -0.2322444005703555, 0.09869173719127884, -0.34950585453297955, 0.66922221123437, 0.003308832281635629, 0.20934887426695964, -0.5583317674641661, 0.2276415112789144, -0.20911598996717307, 0.34927700817162183, -0.11997518695185491]], "inverted": true, "swapped": false, "error_lsq": 0.04789077830607611, "error_max": 0.28504246393971894, "target": "135.xyz", "model": "0.xyz", "model_rescale": 3.8414455957264533, "target_rescale": 3.6759453708154544},
{"mapping": [0, 11, 4, 7, 5, 1, 12, 13, 8, 9, 2, 14], "R": [[-0.15268897001304665, 0.7433984705849209, -0.651187217602093], [-0.7633824317556549, -0.5071869569247727, -0.40001081686900913], [-0.6276410927617615, 0.43602764207947803, 0.6449391862954466]], "T": [0.06501091102861267, -0.047685714377588805, 0.05204725912070603], "aligned_model": [[0.004288896845080992, -0.7258993502036991, 0.295119906325109, 0.5200089605565607, 0.20603117047100386, -0.5139812946773513, -0.6149629973934361, -0.18608303777044743, -0.1624052695263704, 0.4644917638353842, 0.7321465630753468, -0.004229007521908329], [-0.4248375602350964, -0.09590905189580681, -0.5377821560321024, -0.11831298845678626, -0.24144828781657393, -0.6905421810794461, 0.28173511641143484, 0.3668387963060204, 0.7052358420943706, 0.4242197712291425, -0.2279931937583519, -0.09507748015341827], [-0.5640588126452981, -0.26164187127117444, 0.00035042160222897856, -0.3962200330354657, 0.6659626739325482, 0.053263860981852276, 0.1588505548310239, -0.5310207125244008, 0.1275019350672396, -0.23644873892517865, 0.3109371242486506, 0.08404496658787626]], "inverted": true, "swapped": false, "error_lsq": 0.0485246028891076, "error_max": 0.30341613425168495, "target": "135.xyz", "model": "1.xyz", "model_rescale": 4.316132596720782, "target_rescale": 3.6759453708154544},
{"mapping": [0, 2, 9, 5, 10, 1, 8, 4, 6, 3, 7, 11], "R": [[0.5326541113452562, -0.5232571352229449, -0.6651928803777685], [0.48677741838247446, -0.45354344535834595, 0.74655615202433], [-0.6923347041856913, -0.7214570767625457, 0.013127976590219054]], "T": [0.013330114220471758, -0.10555043632291175, -0.027206275169421316], "aligned_model": [[-0.1365364382341427, -0.7634273345922419, 0.33305115704049154, 0.47779009367746544, -0.004047321082045736, -0.32003840836073355, -0.6193717596256914, -0.1156649434373063, -0.15822628733327526, 0.4842962122733651, 0.8442193358554029, -0.007518002166015376], [-0.3996908905403609, -0.044368872864243264, -0.7630326012229877, -0.24587488832094986, -0.0024411768972239373, -0.5235833617917063, 0.00852721189633468, 0.40209020012035945, 0.6786310924653896, 0.3475486791419664, -0.12437759045276534, 0.012698825079573206], [-0.6556451888552034, -0.33319660794436223, 0.09708034055568732, -0.4518777453334265, 0.5943259476093196, 0.06612734567983636, 0.3895799348006437, -0.5928837366862117, 0.15090518990984347, -0.08972935002094151, 0.3040485503320732, -0.06721331119735617]], "inverted": true, "swapped": false, "error_lsq": 0.03901363841727459, "error_max": 0.27285386704680525, "target": "135.xyz", "model": "2.xyz", "model_rescale": 3.795458400668931, "target_rescale": 3.6759453708154544},
{"mapping": [6, 3, 10, 2, 4, 5, 9, 8, 7, 1, 0, 11], "R": [[0.6299253574853716, 0.28524704622954045, 0.7223767483898204], [-0.6096912065442031, 0.7577951653935472, 0.23242874170128158], [-0.48111399549337713, -0.5868395095113224, 0.6512670062400749]], "T": [0.07585677181832683, -0.06587665449560837, -0.039640330179011515], "aligned_model": [[-0.0874933599867483, -0.6250081811940085, 0.2956628227088918, 0.5243412142264895, 0.10496125429885593, -0.42833832062559296, -0.7316016615664634, -0.3136387959760012, -0.03800421952347126, 0.4520527833192522, 0.7255953495317338, 0.1359974188023355], [-0.11823645072428253, -0.15333329852637756, -0.7312216210305358, -0.4680754348949831, -0.2432024034266539, -0.5267641936108656, 0.1621167510568884, 0.4128378991351291, 0.5808999902106253, 0.3103401045852106, 0.12775807961043878, -0.0069927957712077465], [-0.6034412549734466, -0.4114059533744085, 0.1794763302982189, -0.5137955340712324, 0.5757158603230269, 0.12526752467627944, 0.18526971447802076, -0.5188986278036154, 0.3502544545119121, -0.37610184815272013, 0.3509404099431568, 0.06824029299471006]], "inverted": true, "swapped": false, "error_lsq": 0.052172560752705044, "error_max": 0.23648754531439464, "target": "135.xyz", "model": "3.xyz", "model_rescale": 3.7530521520055578, "target_rescale": 3.6759453708154544},
{"mapping": [6, 8, 7, 9, 1, 10, 5, 4, 2, 3, 11], "R": [[0.1531781919831441, 0.14977682500116346, -0.9767821375277836], [0.9871334869574298, 0.022688544845282405, 0.1582804752964486], [0.045868512380947024, -0.9884594744476753, -0.14437432925068225]], "T": [-0.0532376254297502, -0.05616666441180721, -0.01972155154137046], "aligned_model": [[-0.510212957433361, -0.15332606534266885, 0.46799783188145805, 0.4325211020147677, 0.12466621623215657, -0.31513551289440744, -0.19198129179355072, -0.6755938122913415, -0.22351021594613857, 0.3525207490957612, 0.03025355892252981], [-0.6466444094927938, -0.08114492338136006, -0.3130607917243593, 0.4233891362426758, -0.8428201508133585, 0.7379324035253345, -0.4909457978886471, 0.11646794063777391, 0.25933804279200484, 0.4039293219587876, -0.09923741354171177], [-0.17778987612198707, -0.6745101820180648, -0.3821933415681446, -0.34983039444174147, 0.05333135401944881, 0.0274882879362328, 0.5714819717794596, 0.005197792946589987, 0.6007690674653193, 0.3752873179716073, 0.0435987792765963]], "inverted": false, "swapped": true, "error_lsq": 0.0523632287311212, "error_max": 0.29259842649684964, "target": "135.xyz", "model": "4.xyz", "model_rescale": 3.7855080009869324, "target_rescale": 3.6759453708154544},
{"mapping": [13, 8, 14, 12, 9, 15, 10, 6, 5, 1, 2, 16], "R": [[-0.1457756305207596, -0.9860148535103872, -0.08077236039119368], [-0.8702958577216345, 0.16663507947050832, -0.4634844876826213], [0.47046209791952376, 0.002731107238329561, -0.8824159764387844]], "T": [0.015696832105010872, 0.07351543505680325, -0.09379076066225234], "aligned_model": [[-0.1329943150251644, -0.6253562071881711, 0.28795356561253344, 0.4913780264355472, 0.007244238816783769, -0.43463462570976, -0.5554274287182372, -0.2102706211863796, -0.11232088726395213, 0.6693747005757276, 0.5923834642052557, 0.03719639346108951], [-0.3800437179049396, -0.15729785598258683, -0.5213498456791757, -0.27200444407310387, -0.2509808127748623, -0.5913051779274389, 0.11341016027761508, 0.32370544361491316, 0.720998492401774, 0.38400477975504466, -0.05591234106855644, 0.0329019459747028], [-0.6388069773064338, -0.2701032657665701, 0.07857213374251179, -0.4364402572275936, 0.5398848330439567, 0.09204044591924646, 0.3569749918888249, -0.6527368562185758, 0.374696590925901, -0.31606435353780493, 0.3494548447336863, -0.0659507613472474]], "inverted": false, "swapped": false, "error_lsq": 0.04149773842559681, "error_max": 0.21093746173768121, "target": "135.xyz", "model": "5.xyz", "model_rescale": 4.2253639853439635, "target_rescale": 3.6759453708154544},
{"mapping": [2, 10, 3, 6, 0, 4, 1, 8, 9, 11, 7, 13], "R": [[-0.6395338199599632, 0.18454619784925955, -0.7462835881799891], [-0.1863893617230802, -0.9790169308269367, -0.08237023121654947], [-0.7458253810134651, 0.08642077304437291, 0.6605118856027745]], "T": [0.009500925347627929, 0.017594714065083207, -0.08487589462856579], "aligned_model": [[-0.09825160312740597, -0.6167531006655268, 0.30853253269108344, 0.5293853115687361, 0.08989863053414478, -0.3708664772749118, -0.649190253241132, -0.3316298402730704, -0.07908754295257062, 0.5288750134544319, 0.6708060134709813, 0.032807619830513134], [-0.500898370785595, -0.057166955107259866, -0.6039345845666162, -0.2588142461387953, -0.03723680269654972, -0.5431178130355268, 0.05398524987436145, 0.6237864690424961, 0.5021804739672391, 0.4109354299259387, -0.2056454397450798, -0.037946784121227324], [-0.49685395910105323, -0.5439282468870191, 0.08032368603167422, -0.3437895478136024, 0.7111092579320584, 0.11965628665632744, 0.23684983034711996, -0.33392655723184256, 0.27557542256927425, -0.5104195782410523, 0.29225886931648637, -0.07533409472846911]], "inverted": true, "swapped": false, "error_lsq": 0.04959263387593161, "error_max": 0.2899071385400034, "target": "135.xyz", "model": "6.xyz", "model_rescale": 3.89814844738969, "target_rescale": 3.6759453708154544},
{"mapping": [6, 1, 7, 8, 4, 0, 2, 5, 10, 9, 11, 12], "R": [[0.29744632927426184, 0.15573247399537155, -0.9419517385431956], [0.09080839451500397, -0.9867488918420951, -0.13446360077732963], [-0.9504101833876125, -0.0455414206155079, -0.307646651731246]], "T": [0.03017272154286343, -0.19242668340462046, -0.010783623326198956], "aligned_model": [[-0.010696953651713585, -0.7422161350859409, 0.21144630158835948, 0.6132576509187758, -0.021066291349236297, -0.4253095459889113, -0.4971857084126312, -0.2702260953253467, 0.004613783588538502, 0.38906192557512254, 0.7590875946668822, 0.0037597774913739196], [-0.2550970116305319, -0.04584811864669244, -0.7573757138654061, -0.2999822702569783, -0.15146667537296157, -0.5577818305509322, 0.14349995807137841, 0.340319114581374, 0.5052526198444156, 0.4890812478633524, -0.00490343384873701, -0.05957125957489487], [-0.6829279163446883, -0.32179293274152, 0.2707251007035607, -0.3365604383180982, 0.6304594114774265, -0.11109268516070461, 0.3217734731587473, -0.48882030557691686, 0.21613925687919847, -0.4632119136469456, 0.2873078187475503, 0.08952249967229167]], "inverted": true, "swapped": false, "error_lsq": 0.04170314291832641, "error_max": 0.21687005932271072, "target": "135.xyz", "model": "7.xyz", "model_rescale": 3.7474275329858107, "target_rescale": 3.6759453708154544},
{"mapping": [11, 4, 5, 7, 3, 8, 2, 12, 1, 10, 6, 14], "R": [[-0.9844605248948817, 0.0806554664057688, 0.15598772599971514], [-0.03971685988418364, 0.7629996863894223, -0.6451775334050183], [-0.171055680889687, -0.6413471558434725, -0.7479396898994293]], "T": [-0.03266764658421219, 0.010523105447522378, -0.1338268396114174], "aligned_model": [[0.13278518887897095, -0.7814316603348491, 0.2544928902408873, 0.5137765832067855, 0.08869394206974267, -0.3894864274931788, -0.6603631687397045, -0.0844368898406895, -0.2724112357106165, 0.6334921638428257, 0.6690312769965462, -0.0896163591014472], [-0.13164163836362028, -0.21626815887819467, -0.5894242503966884, -0.34998277788921184, -0.1883210362335005, -0.5194358455538496, 0.0977021135769997, 0.43575109621457003, 0.6250270100159702, 0.26692472312220866, -0.11247594508642708, 0.028271336085129398], [-0.7159732992280434, -0.1458276722118872, 0.13192390888752525, -0.32174129816035785, 0.5443080356922627, 0.10499146726786865, 0.4202378207463342, -0.5778355333553877, 0.2263256042131031, -0.3902496878794282, 0.2654574608702025, -0.13009543799229045]], "inverted": false, "swapped": false, "error_lsq": 0.046987253531989966, "error_max": 0.30281596646284287, "target": "135.xyz", "model": "8.xyz", "model_rescale": 4.019505241142653, "target_rescale": 3.6759453708154544},
{"mapping": [8, 4, 9, 11, 1, 7, 0, 5, 2, 6, 10, 12], "R": [[-0.03979483669270528, 0.9512822499625557, 0.30574246005221295], [0.370780663068461, 0.2981970390792735, -0.8795454654415922], [-0.9278674856180238, 0.07836202390528427, -0.3645837658787817]], "T": [0.023522393577919496, 0.02155726716107307, -0.030340394766463233], "aligned_model": [[-0.104996422728978, -0.735441558312052, 0.293013332873119, 0.3591938258323353, 0.13607989319642277, -0.629780664563266, -0.5594748873381816, -0.05798956276625576, -0.11069553976824323, 0.5663132758776145, 0.8337122398144104, 0.02459237189834762], [-0.5316904695017465, -0.03949020049118427, -0.6062529116652895, -0.1814496576110167, -0.1265861041206591, -0.6010002314717391, -0.004807236476291381, 0.3557648538078867, 0.5512695075054087, 0.4903822642540391, 0.012662320866444317, 0.0273244915175336], [-0.39576725081106656, -0.35873283936274886, -0.006485113794640271, -0.5134163743554279, 0.6190359622064944, 0.04177940275909278, 0.25612978075531434, -0.6066960220857558, 0.1962929015832306, -0.1471437258833304, 0.3959142840389377, -0.06938963620019821]], "inverted": false, "swapped": false, "error_lsq": 0.051448810023160894, "error_max": 0.3068609017682949, "target": "135.xyz", "model": "9.xyz", "model_rescale": 3.877068213659057, "target_rescale": 3.6759453708154544},
{"mapping": [11, 0, 6, 10, 3, 12, 5, 8, 7, 9, 13, 15], "R": [[-0.2588556524529507, 0.23969072795165913, 0.9357040697395524], [-0.9467440821066588, -0.2550085381475199, -0.19658659279789398], [0.19149254342970468, -0.9367598413712388, 0.2929361797473199]], "T": [0.09878618130675092, 0.015438500434558057, 0.038229233190826245], "aligned_model": [[-0.13998754718499984, -0.6135359988335042, 0.28529749535207855, 0.42620760384243744, -0.030229306260293257, -0.3299301287959419, -0.5892621613625425, -0.12095323573892809, -0.1073680868504109, 0.45997313030050313, 0.7554700617755996, 0.01884447777127471], [-0.23280541437217447, -0.08626501181208895, -0.5520439910065362, -0.39625747795367505, -0.2166957909419056, -0.5921419040612517, -0.10186936568943017, 0.5069792589409527, 0.8001191304960996, 0.2750794609156492, -0.05705804680504482, -0.0009142210972087027], [-0.6144708063428629, -0.30238718290023703, 0.19146671804926885, -0.43770396895369834, 0.614623210833905, -0.03418342618700586, 0.39011527289403025, -0.5144236480388666, 0.12802509024233794, -0.44939343180403857, 0.4396629484345539, 0.00019059262251531345]], "inverted": false, "swapped": false, "error_lsq": 0.040005289096510056, "error_max": 0.19052844513678616, "target": "135.xyz", "model": "10.xyz", "model_rescale": 4.260839863003843, "target_rescale": 3.6759453708154544},
{"mapping": [4, 9, 3, 5, 1, 2, 8, 10, 7, 6, 0, 11], "R": [[0.06712513210556117, 0.34542600070290963, -0.9360422504770844], [0.8418870193612329, 0.48387545145972355, 0.2389367993962174], [0.5354628495711635, -0.804080484474684, -0.2583294625397716]], "T": [-0.041281528301182736, -0.048951354826552655, -0.0460238994435933], "aligned_model": [[-0.23353686685218703, -0.7309799363010798, 0.3598749959449012, 0.4141780328001871, -0.0015405781620776784, -0.354590577761227, -0.6762258063336114, -0.16079685956118428, 0.08056037593943813, 0.6336885964822524, 0.7058384082665407, -0.021943480446679268], [-0.42686367043984474, -0.05804659090852895, -0.615383420803047, -0.2439883652693867, -0.2593845782809614, -0.6297427170068515, 0.14675934534851268, 0.40236296579860525, 0.4986269087633911, 0.37993035152835875, 0.18268646462716698, -0.030830066744028828], [-0.6429518893281854, -0.44598220207054445, 0.10250633014341123, -0.5055106294008003, 0.6449168784020334, 0.140727162895141, 0.22629299810337644, -0.46479025629985393, 0.29297200745955343, -0.29847418615002885, 0.3517071534511928, 0.010108001644606103]], "inverted": false, "swapped": false, "error_lsq": 0.04730749080436301, "error_max": 0.25478683719369927, "target": "135.xyz", "model": "11.xyz", "model_rescale": 3.890672605050136, "target_rescale": 3.6759453708154544},
{"mapping": [4, 2, 12, 7, 9, 10, 11, 0, 6, 8, 5, 13], "R": [[0.20556636909067638, 0.8578091386038065, -0.4710689436023896], [0.2403551328046047, 0.42235239346172126, 0.8739839048126894], [0.9486684763569182, -0.292885536455713, -0.11935738142943866]], "T": [-0.044735430894766295, 0.1120173964513323, -0.05800764035695039], "aligned_model": [[-0.2565838414849384, -0.6646801087338534, 0.19041413698274312, 0.6212920468478975, 0.09371033614996836, -0.4496462141894363, -0.5060911114244981, -0.10390041723420183, -0.07226955821280988, 0.5249409338507667, 0.6136428214885007, 0.023697279975134572], [-0.26455913002868653, -0.187425710685855, -0.5859676645446201, -0.3452964543918427, -0.017635177422890003, -0.6776485603773781, 0.023963139334855124, 0.41582800167980233, 0.6147379414258025, 0.507690199893817, -0.1184668714718557, -0.019093086797763364], [-0.6097026779092224, -0.23567743428294513, 0.054480946168838466, -0.3304697679914769, 0.6968720823118901, 0.05160731592208986, 0.2286272279718442, -0.5608924783560502, 0.22229981483281558, -0.2532073276118537, 0.28606685864541226, -0.13848319085144037]], "inverted": true, "swapped": false, "error_lsq": 0.04060049389073019, "error_max": 0.21888299767077113, "target": "135.xyz", "model": "12.xyz", "model_rescale": 4.124412569039231, "target_rescale": 3.6759453708154544},
{"mapping": [10, 2, 5, 7, 0, 4, 1, 8, 6, 9, 3, 12], "R": [[0.4771210081800411, 0.6336673472252667, 0.608950931203619], [0.6045744577908578, -0.7395563756295431, 0.29588188902429413], [0.6378442353272089, 0.2269847138601796, -0.7359569764148315]], "T": [0.0912857582838715, -0.051647099070620615, -0.021800037348401472], "aligned_model": [[-0.07010380109749162, -0.6985636075419149, 0.31608417061590177, 0.5551792785714024, 0.09478526180792632, -0.4459040590454981, -0.5587338385773415, -0.2645101065918166, 0.04607181358065809, 0.4630289063273123, 0.5533255932526855, 0.023866692713449558], [-0.38590175637645047, -0.08111416583093184, -0.7717997510728077, -0.30794577896554687, -0.3001966938142873, -0.6181139842130214, 0.26250234567210384, 0.47467021125976605, 0.5869687876135323, 0.3632820068787494, 0.22458620548075922, -0.10081080001847897], [-0.6596377177103905, -0.36482362972954846, 0.045962125393261985, -0.3567499784372222, 0.5025836445314502, 0.07210749133929972, 0.354562751690256, -0.35540985777098894, 0.1724633489678769, -0.3352998633757873, 0.4461398392645484, -0.11037678531285411]], "inverted": true, "swapped": false, "error_lsq": 0.04759192024741291, "error_max": 0.3573996547229087, "target": "135.xyz", "model": "13.xyz", "model_rescale": 3.9028299243045295, "target_rescale": 3.6759453708154544},
{"mapping": [4, 7, 13, 5, 11, 10, 9, 3, 6, 2, 12, 15], "R": [[0.7679238602310504, 0.06966910025213241, -0.6367410473323524], [-0.6404723758246961, 0.09808000004747862, -0.7616924900484161], [0.00938513150210929, 0.9927368886370374, 0.11993910640797355]], "T": [0.1303343197069721, 0.00577826768370867, -0.09495896615718225], "aligned_model": [[-0.0996371280241502, -0.7659411477413117, 0.3453059557581146, 0.3717996643475393, 0.11543255154580229, -0.3257047082912733, -0.4997492549299868, -0.14959444251671036, -0.23387481080492176, 0.5808115938449407, 0.6519606015712116, 0.02371742925601808], [-0.26410287123364173, -0.08351688839926821, -0.7196276381749825, -0.4051549281340631, 0.04191197849868332, -0.582252366452634, 0.07788411464699205, 0.3667069214148766, 0.5433996795053071, 0.5685109832035208, -0.20901535202191276, 0.011382993760508449], [-0.6725752557195822, -0.19162652735352048, 0.15044848938168498, -0.28185527315054604, 0.642827575185459, -0.13497121813830432, 0.3507325103936733, -0.5192935514008021, 0.05578316150445964, -0.24513181964511555, 0.31248429610534684, -0.055301018312851134]], "inverted": false, "swapped": false, "error_lsq": 0.044854801124791094, "error_max": 0.2285013207466021, "target": "135.xyz", "model": "14.xyz", "model_rescale": 3.942246331269136, "target_rescale": 3.6759453708154544},
{"mapping": [10, 9, 11, 4, 8, 6, 7, 5, 1, 3, 13, 14], "R": [[-0.09400588017604741, 0.7965980972620741, -0.5971552276676222], [0.30148339354282816, 0.5944259281828248, 0.7454968674125247], [0.9488259365712064, -0.10995129531947431, -0.2960406302306204]], "T": [0.018622414792419245, -0.004019984943447498, -0.03580275613777581], "aligned_model": [[-0.01905571095125984, -0.6712575839454871, 0.2454527235747343, 0.45415200858654103, -0.1126354262660208, -0.2971858727335127, -0.7556950029622447, -0.21254673205837846, 0.19213320378747625, 0.4293438648533463, 0.7638575195209021, -0.0020366873908236327], [-0.4558345529473076, -0.19374257273693454, -0.660612448612568, -0.1938893242923711, -0.2605440920634288, -0.44138102341682534, -0.08117707442885777, 0.49970736092680984, 0.7856382657464305, 0.45803116373374625, -0.18278407689525042, 0.07271500159994282], [-0.586660697011002, -0.4049006200637142, 0.14180741341111117, -0.3792086148928867, 0.6823947709498387, 0.11174329394099677, 0.3183989212056956, -0.3449938697809313, 0.018743453632778156, -0.4023604691470394, 0.23548654445163322, 0.021071242153421793]], "inverted": true, "swapped": false, "error_lsq": 0.05688895462178434, "error_max": 0.3481312586122144, "target": "135.xyz", "model": "15.xyz", "model_rescale": 4.355366556412066, "target_rescale": 3.6759453708154544},
{"mapping": [0, 2, 9, 5, 10, 1, 8, 4, 6, 3, 7, 11], "R": [[0.5326541113452562, -0.5232571352229449, -0.6651928803777685], [0.48677741838247446, -0.45354344535834595, 0.74655615202433], [-0.6923347041856913, -0.7214570767625457, 0.013127976590219054]], "T": [0.013330114220471758, -0.10555043632291175, -0.027206275169421316], "aligned_model": [[-0.1365364382341427, -0.7634273345922419, 0.33305115704049154, 0.47779009367746544, -0.004047321082045736, -0.32003840836073355, -0.6193717596256914, -0.1156649434373063, -0.15822628733327526, 0.4842962122733651, 0.8442193358554029, -0.007518002166015376], [-0.3996908905403609, -0.044368872864243264, -0.7630326012229877, -0.24587488832094986, -0.0024411768972239373, -0.5235833617917063, 0.00852721189633468, 0.40209020012035945, 0.6786310924653896, 0.3475486791419664, -0.12437759045276534, 0.012698825079573206], [-0.6556451888552034, -0.33319660794436223, 0.09708034055568732, -0.4518777453334265, 0.5943259476093196, 0.06612734567983636, 0.3895799348006437, -0.5928837366862117, 0.15090518990984347, -0.08972935002094151, 0.3040485503320732, -0.06721331119735617]], "inverted": true, "swapped": false, "error_lsq": 0.03901363841727459, "error_max": 0.27285386704680525, "target": "135.xyz", "model": "16.xyz", "model_rescale": 3.795458400668931, "target_rescale": 3.6759453708154544},
{"mapping": [6, 1, 7, 8, 4, 0, 2, 5, 10, 9, 11, 12], "R": [[0.29744632927426184, 0.15573247399537155, -0.9419517385431956], [0.09080839451500397, -0.9867488918420951, -0.13446360077732963], [-0.9504101833876125, -0.0455414206155079, -0.307646651731246]], "T": [0.03017272154286343, -0.19242668340462046, -0.010783623326198956], "aligned_model": [[-0.010696953651713585, -0.7422161350859409, 0.21144630158835948, 0.6132576509187758, -0.021066291349236297, -0.4253095459889113, -0.4971857084126312, -0.2702260953253467, 0.004613783588538502, 0.38906192557512254, 0.7590875946668822, 0.0037597774913739196], [-0.2550970116305319, -0.04584811864669244, -0.7573757138654061, -0.2999822702569783, -0.15146667537296157, -0.5577818305509322, 0.14349995807137841, 0.340319114581374, 0.5052526198444156, 0.4890812478633524, -0.00490343384873701, -0.05957125957489487], [-0.6829279163446883, -0.32179293274152, 0.2707251007035607, -0.3365604383180982, 0.6304594114774265, -0.11109268516070461, 0.3217734731587473, -0.48882030557691686, 0.21613925687919847, -0.4632119136469456, 0.2873078187475503, 0.08952249967229167]], "inverted": true, "swapped": false, "error_lsq": 0.04170314291832641, "error_max": 0.21687005932271072, "target": "135.xyz", "model": "17.xyz", "model_rescale": 3.7474275329858107, "target_rescale": 3.6759453708154544},
{"mapping": [1, 0, 10, 11, 5, 8, 4, 2, 9, 7, 12, 13], "R": [[0.5117106958936803, -0.8063520198613374, -0.29656126478949785], [-0.8032238819298891, -0.326483308997624, -0.49823693604894614], [0.3049320567035959, 0.49315825959979953, -0.8147462008398763]], "T": [0.01310964372696273, -0.07957696070698766, -0.09703917936671966], "aligned_model": [[-0.01766702262656998, -0.767010359745015, 0.28728296127803005, 0.5917394608409483, 0.0694627092247772, -0.4365113865358748, -0.6138561926478436, -0.25096522015506567, 0.039345165562852294, 0.5797438068588268, 0.5979774718149921, -0.06501508985478481], [-0.17983965690240156, -0.06338974456932778, -0.6170298127260547, -0.3958819399257852, -0.18292589535117143, -0.5908611098207397, 0.03489023803572611, 0.4357340314891304, 0.4813110380877093, 0.3256308884895678, 0.12165006351601168, -0.023161473709279207], [-0.7807925013838535, -0.3975273571665512, 0.23824099341877183, -0.39178543748391104, 0.6166577215563577, 0.13379387552168007, 0.43497296565578003, -0.5075897504261484, 0.26688459844692325, -0.38366019422370945, 0.3232871601641829, -0.14096070522962073]], "inverted": true, "swapped": false, "error_lsq": 0.04056776685206871, "error_max": 0.24586970181236242, "target": "135.xyz", "model": "18.xyz", "model_rescale": 3.922800546911778, "target_rescale": 3.6759453708154544},
{"mapping": [8, 4, 1, 5, 2, 6, 10, 13, 7, 12, 0, 14], "R": [[-0.6259489246877749, 0.7491882015440493, -0.21657558114757858], [0.42801955479363796, 0.5621768277178504, 0.7076414876838062], [0.6519104266664817, 0.3502488444581758, -0.6725611812759033]], "T": [-0.0021551543812787033, -0.02344333193157637, -0.045258692005779796], "aligned_model": [[-0.025319952565276325, -0.700379168303166, 0.15924730350744007, 0.6697135533789788, -0.005345696046188599, -0.41672327586453045, -0.6518983841406647, -0.2862392972155679, 0.05392439156007222, 0.4854684572387084, 0.7254976946190272, 0.0065806778464400665], [-0.3079166312287696, -0.07101940848302983, -0.7126017484477652, -0.24009152769394432, -0.1349745258151559, -0.5718885114220327, -0.10573615819473602, 0.38018273369344546, 0.7670674990505406, 0.44277271406431384, -0.16818842341761597, 0.06852061450813524], [-0.5864878376859464, -0.22988502386270454, 0.17151987581914424, -0.3354133386878337, 0.6623284588262389, -0.10101646865299303, 0.4255515387568588, -0.5229572850101533, 0.055531831783066934, -0.44958511510121785, 0.3394656580285196, -0.017530925363077893]], "inverted": false, "swapped": false, "error_lsq": 0.0403593199202273, "error_max": 0.22656926903616503, "target": "135.xyz", "model": "19.xyz", "model_rescale": 3.9282355846067225, "target_rescale": 3.6759453708154544},
{"mapping": [1, 10, 5, 3, 7, 2, 12, 11, 9, 4, 6, 13], "R": [[-0.45868489995983547, 0.5071250981931646, -0.7296795853875927], [-0.4272971203844057, 0.5941084374939691, 0.6815073993799846], [0.7791183051758127, 0.6243871389459011, -0.05581547508461712]], "T": [0.09696354597118148, 0.033588122562750476, 0.010119524521944888], "aligned_model": [[0.007250063035081883, -0.7134388452245256, 0.36734213728210174, 0.5977032991916996, -0.09797633002733849, -0.35563039217961556, -0.5803275736397397, -0.14497417662596182, -0.20836716589625173, 0.4690744362078205, 0.6439868602158568, 0.02988399167614489], [-0.5028797675864444, -0.0359231297510049, -0.6080775013769184, -0.2649329999353598, -0.1956382640704012, -0.6547540022097158, 0.28084611760139244, 0.5140403199114333, 0.6241160288649018, 0.37576295393552883, -0.14409349025375537, -0.0423396385162712], [-0.5052972875097916, -0.273870790695879, 0.06351237669739968, -0.4658005403089886, 0.5556023242474847, 0.0023698940303032356, 0.46060211958330927, -0.4631615714171226, 0.2011032241057288, -0.3691135371724687, 0.3200207865341555, -0.1144456292442293]], "inverted": false, "swapped": false, "error_lsq": 0.04061120135003775, "error_max": 0.2370469960360032, "target": "135.xyz", "model": "20.xyz", "model_rescale": 4.067790424073018, "target_rescale": 3.6759453708154544},
{"mapping": [5, 1, 11, 6, 12, 13, 9, 8, 0, 2, 3, 14], "R": [[-0.2744705556950482, -0.9527255664785464, -0.13030697999180282], [0.16014705179951616, 0.08832917909607327, -0.9831331943943997], [0.9481660381264319, -0.29070939286226455, 0.1283324317749765]], "T": [-0.0063086877350561855, -0.03798914865859496, -0.11945987739865445], "aligned_model": [[-0.2202561939433835, -0.8196997626307474, 0.21283161744656512, 0.59906005896212, -0.0033563013655156957, -0.2695212865269727, -0.5945285856947851, -0.26908149486849264, 0.13018444409104432, 0.6070435662527901, 0.6910271297761402, -0.04917688748349008], [-0.18873787898685931, -0.07236421210443345, -0.5266933791898007, -0.35058718372561304, -0.06672669564436359, -0.6783509497992303, -0.007517629399542439, 0.3215789604020698, 0.6311075268954386, 0.3592663826778266, 0.00471624005474422, -0.07956455456685023], [-0.6485793400434713, -0.2220192044827635, 0.24272509700662886, -0.40819513968904536, 0.646163596448414, -0.22328375015595722, 0.387608892717571, -0.4755906448181587, 0.07582784174364553, -0.2598485766930696, 0.3659719139393807, -0.06925931712327277]], "inverted": false, "swapped": false, "error_lsq": 0.044558588205112916, "error_max": 0.2637031289069301, "target": "135.xyz", "model": "21.xyz", "model_rescale": 4.186013935880536, "target_rescale": 3.6759453708154544},
{"mapping": [0, 2, 3, 6, 11, 5, 8, 1, 9, 7, 4, 12], "R": [[0.5380788784411612, 0.6234320366014383, -0.56727737158685], [0.763510281061639, -0.6456289878814059, 0.014671766097121841], [-0.3571038662471735, -0.441016672866474, -0.8233960911767231]], "T": [0.01597089041825642, 0.025181177754017674, -0.01610752969305445], "aligned_model": [[-0.08492489666311606, -0.6891379271209598, 0.34377952316512045, 0.40981798627696164, 0.004528344129381388, -0.35184287322648916, -0.6071646364449542, -0.12230797859998502, -0.15856928527737277, 0.5447882689866438, 0.6837446649846416, 0.041815113805401094], [-0.20736380337569374, -0.11742562441601856, -0.8188163795946167, -0.2815087733409096, -0.12235247363651333, -0.6524937370807431, 0.17295614862681394, 0.42330898229906794, 0.5873546984561158, 0.3979430379870789, -0.028356327254335394, -0.007119122056860376], [-0.6925181393873316, -0.1955066887442491, 0.16430388408877444, -0.2624377714382564, 0.5979518066529241, -0.07942041299529443, 0.40523888817242254, -0.6140175911266451, 0.1812434772156477, -0.36211983519749724, 0.2646558410078062, 0.004147910601600854]], "inverted": true, "swapped": false, "error_lsq": 0.037380806914558355, "error_max": 0.1932237518583529, "target": "135.xyz", "model": "22.xyz", "model_rescale": 4.166573947596378, "target_rescale": 3.6759453708154544},
{"mapping": [2, 6, 4, 3, 7, 1, 5, 12, 14, 9, 8, 15], "R": [[0.03451589242444371, -0.9431723921836391, 0.33050641717330664], [0.4529367636965277, 0.3095535456313126, 0.8360770840533778], [-0.8908742567064446, 0.12084056028368301, 0.4378819678041852]], "T": [0.053431045273081734, 0.03174512340704239, -0.06178467024379915], "aligned_model": [[-0.11652078826843751, -0.6300286652595524, 0.3418898661466786, 0.459436528519206, -0.03611710874916153, -0.3871882816794633, -0.5965492864165913, -0.23184326645687536, -0.05909208776430849, 0.5486466219726461, 0.7202655516769815, 0.001627220294150064], [-0.442653103248316, -0.11523870503760203, -0.6432688322203358, -0.2177169626280659, -0.022709465706852887, -0.524566057416991, -0.06542516485664202, 0.43301619563815874, 0.812226770237517, 0.3610416469745301, -0.2184985090064166, -0.010081186115597947], [-0.5077352684172052, -0.3624276648757499, -0.030143214318261377, -0.42832916579810093, 0.645608765890479, 0.005084901858894195, 0.4472786703108714, -0.49419818632153045, 0.002749868667438357, -0.144092011608825, 0.32134586329114506, -0.043621189829253504]], "inverted": false, "swapped": false, "error_lsq": 0.04539810195625998, "error_max": 0.2591610528600242, "target": "135.xyz", "model": "23.xyz", "model_rescale": 4.274766983524099, "target_rescale": 3.6759453708154544},
{"mapping": [8, 7, 6, 4, 5, 2, 10, 3, 9, 0, 11], "R": [[-0.3449555788598655, -0.7254681658542423, 0.595568290748875], [0.7910437580758265, 0.11683890378279187, 0.6004984957284314], [-0.5052280885132264, 0.6782658851032661, 0.5335728325939718]], "T": [-0.05641969483461775, 0.11638406668565461, -0.05039446587116427], "aligned_model": [[0.2655126052030313, 0.4865185660878265, -0.4539282318076545, -0.4889584645349565, -0.6375209666619284, -0.48186728006438584, -0.07150203313634068, 0.1229830183341872, 0.6337112457877707, 0.04958747705851949, -0.044641232307994314], [-0.015130583598234729, 0.5154007326162783, 0.40425970112086573, -0.30989675809791906, 0.5343064807310546, -0.1341283354132508, -0.690750772244909, -0.04057304388526299, -0.14213798039741476, 0.5921130658179055, 0.2021240245943705], [-0.6147110886815085, -0.1731565866879566, -0.6348519911572544, -0.27163138648611923, 0.16283422255760152, 0.46901141803950686, 0.1725819386125255, 0.639199120319091, 0.12791086595752216, 0.4796631090255393, 0.022716812522629977]], "inverted": true, "swapped": true, "error_lsq": 0.05713895114528276, "error_max": 0.3238960836232317, "target": "135.xyz", "model": "24.xyz", "model_rescale": 3.7841303162186577, "target_rescale": 3.6759453708154544},
{"mapping": [8, 2, 10, 7, 13, 9, 12, 4, 3, 6, 11, 15], "R": [[-0.91335999161425, -0.3064462049782032, 0.26807508122329166], [-0.4045634247663913, 0.7572140477886287, -0.5127916937440083], [-0.04584714887215773, -0.5768167900521078, -0.8155859425310595]], "T": [0.015219139225891713, -0.15712538755085226, -0.14772271010107535], "aligned_model": [[-0.25198090781071264, -0.7041340797306049, 0.3279454961360525, 0.637846778732922, 0.043681657563562376, -0.41386444967768676, -0.5346160034552752, -0.19418590780440678, 0.020650367759802918, 0.4302205327749904, 0.6041098458302603, 0.04885297369636835], [-0.3397585165808893, -0.05680052960442944, -0.8329433690583371, -0.3062847251207058, 0.04538705050190023, -0.519767102647802, -0.033640170483470955, 0.4733438015460659, 0.5806530227924211, 0.42495330273761245, 0.007494445308236453, -0.09651058277721529], [-0.6424014530072137, -0.3508455723844196, 0.07750470129026968, -0.2612651014704897, 0.6073790014284697, 0.015123747432673973, 0.3598249462492799, -0.48737322274027045, 0.1757821687201197, -0.25253060058361765, 0.3165354244180079, -0.1462126705029083]], "inverted": true, "swapped": false, "error_lsq": 0.04099275904450233, "error_max": 0.20766870693421607, "target": "135.xyz", "model": "25.xyz", "model_rescale": 4.19342608120988, "target_rescale": 3.6759453708154544},
{"mapping": [0, 2, 9, 5, 10, 1, 8, 4, 6, 3, 7, 11], "R": [[0.5326541113452562, -0.5232571352229449, -0.6651928803777685], [0.48677741838247446, -0.45354344535834595, 0.74655615202433], [-0.6923347041856913, -0.7214570767625457, 0.013127976590219054]], "T": [0.013330114220471758, -0.10555043632291175, -0.027206275169421316], "aligned_model": [[-0.1365364382341427, -0.7634273345922419, 0.33305115704049154, 0.47779009367746544, -0.004047321082045736, -0.32003840836073355, -0.6193717596256914, -0.1156649434373063, -0.15822628733327526, 0.4842962122733651, 0.8442193358554029, -0.007518002166015376], [-0.3996908905403609, -0.044368872864243264, -0.7630326012229877, -0.24587488832094986, -0.0024411768972239373, -0.5235833617917063, 0.00852721189633468, 0.40209020012035945, 0.6786310924653896, 0.3475486791419664, -0.12437759045276534, 0.012698825079573206], [-0.6556451888552034, -0.33319660794436223, 0.09708034055568732, -0.4518777453334265, 0.5943259476093196, 0.06612734567983636, 0.3895799348006437, -0.5928837366862117, 0.15090518990984347, -0.08972935002094151, 0.3040485503320732, -0.06721331119735617]], "inverted": true, "swapped": false, "error_lsq": 0.03901363841727459, "error_max": 0.27285386704680525, "target": "135.xyz", "model": "26.xyz", "model_rescale": 3.795458400668931, "target_rescale": 3.6759453708154544},
{"mapping": [9, 4, 8, 1, 5, 11, 10, 3, 7, 0, 6, 12], "R": [[-0.32247462143587735, 0.8650721116726672, -0.3842660017956053], [0.430024018566866, 0.4955276040643344, 0.7546732651060748], [0.8432612062613761, 0.07811936518209028, -0.5317968623432785]], "T": [0.023952254880031203, -0.1631770845562422, -0.17974759561485462], "aligned_model": [[-0.06759057041286487, -0.8009559790601803, 0.273611697009362, 0.5674771336494753, 0.11445467820627285, -0.47435359587060216, -0.5059116396993313, -0.20977543485578723, -0.06426847890637936, 0.4620153879929407, 0.6803092916232778, 0.03951381433908939], [-0.23749799768559798, -0.09943452938620073, -0.678077610657061, -0.3592548468693908, -0.037255543661200874, -0.6581239498148755, 0.05746748865293258, 0.47617701929023576, 0.5350007652412101, 0.5040048007502598, -0.12659788134565902, -0.030281087901266157], [-0.592628453883219, -0.29944084886924954, 0.27113966444351456, -0.3081508192354419, 0.5570112148454821, -0.04449423553949852, 0.242445078461524, -0.46553467683666405, 0.2264209541422744, -0.41264717787956595, 0.31929585127726645, -0.08189518207652097]], "inverted": true, "swapped": false, "error_lsq": 0.032955913651463616, "error_max": 0.20453243130998883, "target": "135.xyz", "model": "27.xyz", "model_rescale": 3.6321398670334006, "target_rescale": 3.6759453708154544},
{"mapping": [13, 2, 9, 6, 8, 11, 0, 1, 3, 4, 12, 14], "R": [[-0.9773865250152155, -0.10843146138489947, -0.1815439310487052], [0.12550198240665672, 0.3935191147057551, -0.910709590798954], [0.17019057885406347, -0.9128994054895283, -0.3710119166902662]], "T": [-0.012700316129937545, -0.032976623839185384, 0.09192697217107593], "aligned_model": [[-0.024073084177637698, -0.6307488009135933, 0.16792430184464419, 0.5731585590376865, 0.15867308641782912, -0.44685555596058935, -0.5683962810212968, -0.1824517760850609, -0.1885778264047357, 0.42193585228280434, 0.75991624864481, -0.025978419649587525], [-0.4896177271219468, -0.02230929279126427, -0.676189132088855, -0.25162163826975653, 0.01837912905751947, -0.4791190895965951, 0.035359633526115625, 0.3571952005453278, 0.601717105196636, 0.43741748480807496, -0.14920073116740468, -0.035884315484465454], [-0.5847020952312089, -0.40941716336593914, 0.07694105101372603, -0.36945266889769535, 0.5767190506317051, -0.0661614979783971, 0.3675060801466463, -0.42403580308104394, 0.2863261791252056, -0.4337041114003499, 0.36223296835202756, 0.029269379535225418]], "inverted": true, "swapped": false, "error_lsq": 0.039225211229043565, "error_max": 0.1655985767574459, "target": "135.xyz", "model": "28.xyz", "model_rescale": 4.156811204709835, "target_rescale": 3.6759453708154544},
{"mapping": [10, 2, 3, 0, 6, 4, 9, 8, 7, 11], "R": [[0.4812582619002922, 0.45059681410081714, 0.7518995920167159], [-0.2623857795899764, -0.7443874359348949, 0.6140366828547246], [0.8363875824171892, -0.4927979873583768, -0.24001240724983997]], "T": [-0.09725474543528267, -0.05704330470600237, 0.07994198685999176], "aligned_model": [[-0.7073863791641515, -0.05890130810632034, 0.07551517381533626, 0.5646902365053316, -0.0955953326253074, -0.5575272904662667, -0.27445890251940497, -0.4898033918130764, 0.17441112194582908, 0.011981446538618365], [-0.1419210331636953, -0.5226935840549514, 0.07921840239818649, 0.0601719320900866, -0.40557648792697487, -0.5096966741011081, 0.6033432399080562, 0.27914310861781344, 0.5189466528059761, -0.04221522594718532], [-0.4874624216845598, -0.4634210729918252, -0.6157184794200921, -0.17813951763036417, 0.7589102359515398, 0.11164396441965477, -0.2477704691066856, 0.4950010375387203, 0.33193408696777976, 0.05380936293093149]], "inverted": true, "swapped": true, "error_lsq": 0.047095368943262834, "error_max": 0.24041200986033187, "target": "135.xyz", "model": "29.xyz", "model_rescale": 4.117894457231895, "target_rescale": 3.6759453708154544},
