[{"mapping": [6, 8, 9, 4, 7, 2, 5, 1, 3, 11, 10, 12, 0, 13], "R": [[-0.21831524689269105, -0.6505770812159217, -0.7273842962085144], [-0.6343024595163047, -0.4718401489453295, 0.6123946960048039], [-0.741619068542436, 0.5950767473526601, -0.309652744109314]], "T": [-0.1469777281656387, 0.0381799106693965, 0.0276477270178896], "aligned_model": [[-0.2695059025861273, 0.34343426634682256, 0.3613813822631914, 0.2924760000810154, 0.5585196671800721, -0.2840250070963991, -0.4572796602614608, -0.5820610088559569, -0.5552625658204539, 0.2715526055895252, 0.6789295229439449, -0.026891640533627817, -0.35622899416148707, 0.013976577475622087], [-0.2604037617795442, 0.07609558248022649, -0.25329182090217595, -0.6342838891731706, -0.19853164544391913, -0.7184345511303715, 0.5575253004792664, 0.2332863568569468, -0.22113126237030792, 0.5452800316866013, 0.5000613827406319, 0.27518169813706195, -0.37349317064625975, 0.02877306543543174], [-0.6654474476931593, -0.5795076147951783, 0.46737311439381124, -0.490113883419281, -0.10515116920606139, 0.03094089309714226, -0.4266587086204708, 0.3527325266360603, -0.1704974537856973, -0.20632592071708114, 0.3740169562567835, 0.5419718390989532, 0.6458318552352312, 0.004300671235991458]], "inverted": true, "swapped": false, "error_lsq": 0.037640461389088276, "error_max": 0.2621809813268325, "target": "136.xyz", "model": "0.xyz", "model_rescale": 3.8414455957264533, "target_rescale": 4.215687080271401},
{"mapping": [8, 13, 1, 12, 11, 10, 9, 2, 6, 7, 0, 4, 3, 14], "R": [[0.7355394016744594, -0.673490091771637, 0.07343626399681638], [0.3678005801461035, 0.3059356893961868, -0.8781378520470857], [0.5689503685107935, 0.6729148907842, 0.4727378004055951]], "T": [-0.06283180958937488, 0.004465355671296599, -0.00789774735106753], "aligned_model": [[-0.1536674739969734, 0.4125402301548699, 0.4791617831036488, 0.22876332840007602, 0.6939011818383207, -0.3100005074059992, -0.24020778328077835, -0.6420091655644066, -0.8214259065656208, -0.0285362359197507, 0.5074869199594958, -0.05611408183492704, -0.05296035556586281, -0.02791669075741189], [-0.2783685072400616, 0.169814607647747, -0.3721608050247921, -0.5996158888909764, -0.37095532504381934, -0.6327525569608106, 0.45286575333598356, 0.3436347305295911, -0.09203799677945187, 0.6461150566800955, 0.4002462940347118, 0.2512753356920693, -0.2972131217339322, -0.06421425987593665], [-0.7400563951609804, -0.574932181349175, 0.5514711575120596, -0.3716939393818268, -0.1205027841223588, -0.04314355633319232, -0.4905824553381948, 0.2988960809806567, -0.16679794490350286, 0.00013200713533666544, 0.2009355954395497, 0.47672266157137316, 0.7147844322451782, 0.03823297942212128]], "inverted": true, "swapped": false, "error_lsq": 0.04089240326803678, "error_max": 0.25914571041718204, "target": "136.xyz", "model": "1.xyz", "model_rescale": 4.316132596720782, "target_rescale": 4.215687080271401},
{"mapping": [8, 7, 6, 3, 0, 5, 1, 2, 9, 12, 10, 13], "R": [[-0.007090169291283366, -0.8267029673977683, -0.562593932774915], [-0.9753050066492195, 0.12991497875385316, -0.1786119881204835], [0.2207484394155185, 0.5474342901126221, -0.8072086623076483]], "T": [0.037460073876674806, 0.058871549516128094, -0.0323394192947809], "aligned_model": [[-0.2104424501107797, 0.3520975359984282, 0.21358087908334358, -0.6326595354762425, -0.575347952202177, -0.4688976302042063, -0.20761785325718737, -0.06601283522268189, 0.48346854510372106, 0.2126316817050377, 0.48530439582824514, 0.011703773386279828], [-0.6014776113491472, -0.47008058070862185, -0.5011635161028133, 0.33681440195027795, -0.28103440535853913, -0.10813171414586296, 0.37648175096677944, 0.5492265958869759, 0.1038394802211299, 0.016988683235856825, 0.5360475032806132, 0.05526583986433171], [0.04595510832649627, 0.25717597762964584, -0.5622255411004328, -0.1559077897205443, -0.40877873074769655, 0.43946980009851117, -0.6825549887102557, 0.5129934244997049, -0.5663235385927087, 0.7335947882596116, -0.12014922550098248, -0.043990823231928544]], "inverted": true, "swapped": true, "error_lsq": 0.038557719993107246, "error_max": 0.25897223324983726, "target": "136.xyz", "model": "2.xyz", "model_rescale": 3.795458400668931, "target_rescale": 4.215687080271401},
{"mapping": [11, 10, 2, 3, 7, 5, 4, 6, 1, 0, 12, 13], "R": [[0.5121720040143642, -0.3071297832140377, 0.80209172453455], [0.75485688648781, 0.6064621685704901, -0.24978934928196622], [-0.40972053795952146, 0.7333995734629772, 0.5424519761402697]], "T": [0.10354836407089923, -0.012446318605701535, -0.010157904121452378], "aligned_model": [[-0.24068699373069696, -0.25053201787066365, -0.5935266498810554, 0.1352897848924562, 0.1980297386260747, -0.012132656918583007, -0.260083134158881, 0.8227406890937408, 0.3927694342352635, 0.7232181085372773, -0.44115430361967006, 0.11937182653830287], [-0.08487144802608096, -0.5303498006522367, 0.10682551190380163, -0.023914906553857133, 0.39922305731242963, 0.6057073527796949, -0.3425010446900805, -0.1048032848431357, -0.572659875157003, 0.15664706536086093, 0.48543057041740945, -0.008964152562093252], [-0.6407446264499974, -0.21600992871550323, 0.2098495510036313, 0.7249901190160115, -0.54326938260355, 0.32360262978858256, 0.54557931481009, -0.3258629963314899, 0.42138776063856537, 0.4590894991582823, -0.28312692098315767, 0.013286411307635498]], "inverted": true, "swapped": true, "error_lsq": 0.048217808160177046, "error_max": 0.29497288480058204, "target": "136.xyz", "model": "3.xyz", "model_rescale": 3.7530521520055578, "target_rescale": 4.215687080271401},
{"mapping": [10, 6, 1, 0, 4, 8, 2, 11, 12, 5, 13], "R": [[-0.17977605819448222, 0.6824221673974231, 0.7085058604871646], [0.9808278818641565, 0.17941979707930844, 0.07606051915344764], [-0.07521459338403896, 0.7085961627476001, -0.7015940728665333]], "T": [-0.10460458167715074, -0.05058384199792469, -0.04398306378760801], "aligned_model": [[-0.44871509249891595, -0.22479543834519544, 0.32945053760009013, 0.5274822846128667, 0.29771046832885767, 0.024352929793472713, -0.0675175120857434, -0.8081145824170708, -0.4610910461374111, 0.2469996582007118, -0.07756260460645742], [-0.6133646254191809, 0.3105774374357421, -0.46750583917707017, 0.2972802424097033, -0.636686548853888, 0.6436268840848249, -0.3562426038008559, -0.14125346670379146, 0.14841948206438338, 0.32737221317230686, -0.045019816897828004], [-0.07292672932982004, -0.7372029445202148, -0.5146123434137448, -0.37899509705801376, 0.1672846875991324, -0.11531424026205107, 0.6296191152038515, 0.091056535308449, 0.6286309077055325, 0.44633910878915056, -0.051048222776954845]], "inverted": true, "swapped": true, "error_lsq": 0.05273297538267146, "error_max": 0.33462250715600894, "target": "136.xyz", "model": "4.xyz", "model_rescale": 3.7855080009869324, "target_rescale": 4.215687080271401},
{"mapping": [1, 6, 10, 4, 7, 3, 12, 14, 2, 13, 8, 15, 9, 16], "R": [[-0.4136524640954097, 0.8917942523159612, 0.1832884352162228], [0.36364217241833674, -0.022727180666502644, 0.9312614271501987], [0.8346592175173462, 0.45186998881887236, -0.31489284497772213]], "T": [0.01630851598169505, -0.05803109101933983, -0.07774357805672023], "aligned_model": [[-0.3185411572952846, 0.508535879178386, 0.3498986194416459, 0.3244872603984277, 0.6923445280330317, -0.2960997856253739, -0.4054409024320096, -0.5237235311206041, -0.6762491197874422, 0.14102557121121254, 0.5154494143877036, 0.04438636841771171, -0.33838066835251746, -0.028677233890207644], [-0.21601455781602175, 0.14149578323070494, -0.3209228193986266, -0.4219637290139136, -0.3789157090336266, -0.6061830258652209, 0.3744007955876398, 0.248267072599148, -0.3101799872612177, 0.6533945717153379, 0.29808566672034514, 0.36856630830213083, -0.22551101674946278, -0.047886036646798774], [-0.7380623340485304, -0.45718832691932104, 0.5143458206810169, -0.6430573673431524, -0.11486290196568547, 0.21268216944329704, -0.39110495813311547, 0.19103927407360355, -0.027043056949364486, -0.1341955170207677, 0.2677258017138134, 0.6269154882871357, 0.516445008372543, -0.05017344247442848]], "inverted": false, "swapped": false, "error_lsq": 0.039413348753053704, "error_max": 0.2401801452687094, "target": "136.xyz", "model": "5.xyz", "model_rescale": 4.2253639853439635, "target_rescale": 4.215687080271401},
{"mapping": [12, 6, 4, 7, 3, 0, 11, 8, 9, 5, 2, 10, 1, 13], "R": [[-0.21745470305150788, -0.9554656788825825, 0.19949633730529182], [-0.7454001902963587, 0.29451170580068914, 0.598031279660622], [-0.6301523692147266, -0.01865989345667729, -0.7762472543907981]], "T": [-0.03956471708325423, -0.020223031859158788, 0.02606237026261363], "aligned_model": [[-0.32853245404719594, 0.37715406312872907, 0.38441248401307204, 0.21801317112444876, 0.5775437853798242, -0.14024390612416562, -0.230353894305176, -0.6320683764758304, -0.5972146469186643, 0.07175216134961368, 0.5249649229710805, 0.01263501178198835, -0.26509663055784793, 0.016049551244803527], [-0.22015435294076474, 0.13360412349833217, -0.299077814613852, -0.4888559608642438, -0.33034025987804877, -0.8151276942705357, 0.4293950830392064, 0.37228750392187426, -0.2683915228644981, 0.6027544389008623, 0.28816169959199006, 0.46622288372232207, -0.2712960263469424, -0.04254878452528445], [-0.8387317545518035, -0.4391264436789603, 0.5194128088880233, -0.5599649545145565, -0.1352257997065397, -0.0063864802150063425, -0.579740262137916, 0.22790331879879075, 0.03201075761367822, 0.010286123811250967, 0.21678928222093855, 0.6336461372525071, 0.6778318766079875, 0.014761047328649274]], "inverted": false, "swapped": false, "error_lsq": 0.04618675440004712, "error_max": 0.26101040975962525, "target": "136.xyz", "model": "6.xyz", "model_rescale": 3.89814844738969, "target_rescale": 4.215687080271401},
{"mapping": [7, 12, 11, 8, 9, 2, 5, 6, 0, 4, 10, 1, 13], "R": [[-0.023551790147689544, 0.9833311938276044, 0.1802916426970962], [0.8773150043439798, -0.06613916980230722, 0.4753356638952987], [0.4793367254172811, 0.16936756910176093, -0.8611335147367093]], "T": [-0.07480551194629784, 0.08776109276605287, -0.007107602089111806], "aligned_model": [[0.16331235646984213, -0.20656073911935108, 0.4280204536318739, -0.25351705242535705, 0.5345601490845746, -0.43887326318359876, -0.7007807631078982, 0.35794748385843356, -0.44884246440849185, -0.42082712389089105, 0.3120872978185446, -0.08448610957347699, -0.09340842424998141], [-0.27989700415754576, 0.25964640452553256, 0.322474517416292, -0.5755732247631808, 0.10729537303162642, 0.6538951662100163, -0.07488264842733666, -0.5251074058261169, -0.4542051201090505, 0.6467537460650914, 0.6188651958146005, 0.18845317144229456, 0.0760630942482624], [-0.527428328375792, -0.7635403331980474, -0.469123458893556, -0.18514264694795363, 0.33108851543957, -0.3161213693141028, -0.30475530062567735, 0.24300070022630738, 0.4391493558260291, 0.3361184208843805, 0.05781061645192302, 0.7501817141338771, 0.01103714522933789]], "inverted": false, "swapped": true, "error_lsq": 0.046254557855278086, "error_max": 0.24370621307935847, "target": "136.xyz", "model": "7.xyz", "model_rescale": 3.7474275329858107, "target_rescale": 4.215687080271401},
{"mapping": [3, 0, 11, 6, 10, 5, 2, 4, 8, 1, 12, 13, 9, 14], "R": [[0.6085510583408446, -0.7922191018692188, 0.0453266370445284], [-0.6548323510454341, -0.46911284110519536, 0.5925603212623347], [-0.44817429803207987, -0.39028455893583613, -0.8042498129559698]], "T": [0.06208406269231992, -0.026304655070514816, 0.014546800005003375], "aligned_model": [[-0.24009797576661557, 0.37969499184236183, 0.29252765049849816, 0.29365384672661754, 0.7626122443774472, -0.24260417306848037, -0.49733519351809785, -0.5738051337025487, -0.6089925243437094, 0.17581011199874605, 0.4721980617645379, -0.04794979966613737, -0.2117222650940146, 0.035025400516075306], [-0.2326251205944559, 0.01309129146420791, -0.26118856010183894, -0.5927117447595228, -0.3167635834724494, -0.6475455005849574, 0.4916794141805606, 0.3349248472655431, -0.14807025260300233, 0.5911554212795358, 0.3001429918205252, 0.5673987349919156, -0.569160974729535, 0.026306352213891247], [-0.6020993044369195, -0.561460573826306, 0.5419984656447273, -0.5262826946327072, 0.002007371597325242, -0.1705109068741191, -0.34228943082494795, 0.29272663823174816, 0.020845168536249032, -0.3985043589000342, 0.3399405006257302, 0.6805202697884672, 0.47354304308202966, 0.02303146970580121]], "inverted": true, "swapped": false, "error_lsq": 0.05067495968769672, "error_max": 0.3816801749275258, "target": "136.xyz", "model": "8.xyz", "model_rescale": 4.019505241142653, "target_rescale": 4.215687080271401},
{"mapping": [4, 2, 10, 9, 1, 6, 7, 3, 0, 5, 12, 8, 13], "R": [[0.515042422304604, -0.6767453970651598, 0.5260674583907707], [0.6499175696038262, -0.0918351741427316, -0.7544358511566309], [0.5588724863033265, 0.7304669522581384, 0.3925297131579273]], "T": [0.03573008591114633, -0.01729402300129359, -0.05808785888585474], "aligned_model": [[-0.47320701528950393, -0.6982644084270556, -0.11454634011938275, 0.48472974633368915, 0.19780852196139645, 0.8257519965369903, 0.2821182102100675, -0.24436997063547342, 0.36557032690528235, -0.30308683318509233, -0.41202127534288896, 0.3697739852455898, 0.039443827547557646], [-0.5471357678943597, 0.06373704231405256, -0.10079161089557645, -0.19411842759489809, -0.757675577631287, -0.015853451425839903, 0.6123005711803157, -0.5783175152027442, -0.41171646662114336, 0.14831979689804622, 0.6287770269085234, 0.2522541196236787, -0.03640151154470917], [-0.15937259421840222, -0.11490927804173623, -0.6955963986063873, -0.5612947206645061, -0.15444890534770622, -0.02202651786366891, 0.016140120190644397, 0.3271111309218626, 0.5488821911025611, 0.5457890425210521, -0.023369075171776194, 0.5070715706870139, -0.03727307146507177]], "inverted": true, "swapped": true, "error_lsq": 0.051012348461813725, "error_max": 0.2479938964091291, "target": "136.xyz", "model": "9.xyz", "model_rescale": 3.877068213659057, "target_rescale": 4.215687080271401},
{"mapping": [11, 12, 13, 10, 6, 9, 0, 7, 8, 5, 3, 4, 2, 15], "R": [[-0.7971557039798518, 0.23423810686788882, -0.5564847643047691], [-0.2425373092468427, 0.7198137527158869, 0.6504181847276208], [0.5529181107864783, 0.653452883299186, -0.5169921586177997]], "T": [0.03516846562954105, -0.06405950555738157, 0.029965043555251387], "aligned_model": [[-0.1760589894159098, 0.3744392609013029, 0.47784869311925054, 0.1962008670275525, 0.6217878833603472, -0.34133676046355466, -0.2492147823449912, -0.6011856467794814, -0.7126684968902286, 0.14015491681543804, 0.4969982402604869, -0.004957872234721911, -0.24031816543989157, 0.007326094649081148], [-0.2289270337507434, 0.209645573017907, -0.41133196039097075, -0.626394746094363, -0.18663244170267074, -0.6061714670698094, 0.34816274850449447, 0.2217151583284195, -0.13142936816744769, 0.6935700036193287, 0.33143689898264517, 0.31639455826964324, -0.3553030279453686, -0.018101579230647043], [-0.6576808948797379, -0.5768100986113435, 0.5601296918176408, -0.37135580366064286, -0.1154932294674288, 0.031898902233636145, -0.5888766301880348, 0.4538433922803204, -0.14758527300093927, -0.13118958447192572, 0.21178142342369546, 0.5882976165546029, 0.5587747302276472, -0.04226858454044592]], "inverted": true, "swapped": false, "error_lsq": 0.03636498146586608, "error_max": 0.2886361841871959, "target": "136.xyz", "model": "10.xyz", "model_rescale": 4.260839863003843, "target_rescale": 4.215687080271401},
{"mapping": [2, 3, 1, 4, 9, 10, 12, 5, 0, 6, 7, 13], "R": [[-0.5732605146890859, -0.8018879425921785, 0.1683689693016138], [-0.3878073701449841, 0.4465452233308778, 0.8063515406952529], [-0.7217879369729283, 0.39695477204041774, -0.5669647987262565]], "T": [-0.007667468514083673, 0.10425653167855686, -0.006766214111005829], "aligned_model": [[0.22573334320930055, 0.17105762892588577, -0.458440792688731, -0.14743944990095953, -0.6565627891340179, -0.5282758163084185, 0.44713616147660734, 0.6839990216427226, 0.2233828836001312, -0.24220336070591103, 0.24008069324585293, 0.0004311257316679234], [0.14444115049798345, -0.5873029704035346, -0.5094707444459822, -0.36975885257210095, 0.19412371744744183, 0.2888687077425888, 0.6370227195509206, -0.030032523426300556, -0.48418127135351074, 0.15160985494705337, 0.6593032630312079, 0.07845545451716734], [-0.7085153733103768, -0.1839228026231466, 0.055378438895798944, -0.5597409458430465, 0.23186207981093007, -0.3685082247719663, -0.3651072865353652, -0.10902114129563845, 0.47607224432385686, 0.7470160441578555, 0.298439008739681, 0.0022260358469224813]], "inverted": false, "swapped": true, "error_lsq": 0.04696373847607004, "error_max": 0.253620981751682, "target": "136.xyz", "model": "11.xyz", "model_rescale": 3.890672605050136, "target_rescale": 4.215687080271401},
{"mapping": [9, 11, 0, 6, 1, 8, 12, 7, 5, 10, 2, 4, 3, 13], "R": [[0.20427005057237424, 0.5904905535716412, -0.7807654273735594], [0.323904098837876, 0.7118866265755069, 0.6231400851004278], [0.9237748000433781, -0.3801819788543398, -0.045845193414525226]], "T": [0.059979333856673804, -0.1165124956431583, -0.09341935066956371], "aligned_model": [[-0.20272977459293418, 0.4162386436602744, 0.288164253985096, 0.24623253649329896, 0.7467282530992679, -0.28787208381028334, -0.43626359092387673, -0.6947976928926586, -0.6710151309378064, 0.11536525798149183, 0.5333510867636588, 0.1724461974817441, -0.1929515215318166, -0.043881192210775834], [-0.06836718302271608, 0.134803802984859, -0.3619979795658841, -0.5768651524400104, -0.41923171937387477, -0.6955959295812901, 0.4348481435846577, 0.05673939728454247, -0.1647629900218301, 0.7651461267925384, 0.4021242699174726, 0.3258664464284424, -0.256299538039292, -0.019774378577197674], [-0.8245050975089432, -0.4291001307530047, 0.39275249051051375, -0.385726586004643, 0.11160573046257412, 0.15728528351904159, -0.16325166310880562, 0.26331527305626334, -0.3547451321514236, -0.23180640691468885, 0.018380571625863262, 0.43828462714430644, 0.7838199104061266, -0.002843212566136205]], "inverted": false, "swapped": false, "error_lsq": 0.04911806044674528, "error_max": 0.2755576823654082, "target": "136.xyz", "model": "12.xyz", "model_rescale": 4.124412569039231, "target_rescale": 4.215687080271401},
{"mapping": [3, 6, 9, 5, 1, 4, 8, 2, 7, 12, 10, 11, 13], "R": [[-0.7001159482105347, -0.7018805948408048, -0.13115368712766715], [0.7128560467215782, -0.6975982331134248, -0.07206220791449028], [-0.040913515050007336, -0.14394559994298559, 0.9887394745550049]], "T": [0.09738096648167929, 0.12426830822909626, 0.03431463667712159], "aligned_model": [[-0.11977768878929065, 0.09838017596301313, 0.6501270403912688, -0.5432786026008734, 0.412714859413703, 0.32555264408167844, -0.5060401400373096, 0.0947114805928356, -0.1459505586654791, -0.14452637221726836, 0.7240185474940535, 0.43813297106396176, 0.08323395081946419], [-0.4802707363337808, 0.7531516037937949, 0.45138397708424105, -0.1351150479519582, -0.16311396717925788, -0.5776605745520793, 0.46993501705413054, -0.4088467601405795, 0.6776091970815926, 0.1364638107442862, 0.044182319144186855, 0.46654053001478946, 0.1132260077491117], [0.3934195298046374, 0.5138372294418295, 0.30551903897831245, -0.1364710335049386, 0.6681093044469728, 0.10671197281600651, 0.1758921890211661, -0.47980968939791097, -0.2774703586153302, -0.7143018112994071, -0.15773630978378614, -0.5024542082425985, 0.056452227302885974]], "inverted": true, "swapped": true, "error_lsq": 0.050739417182775776, "error_max": 0.2995947021611598, "target": "136.xyz", "model": "13.xyz", "model_rescale": 3.9028299243045295, "target_rescale": 4.215687080271401},
{"mapping": [13, 11, 2, 12, 1, 8, 10, 4, 5, 9, 6, 3, 0, 15], "R": [[0.45399715269414903, -0.7281100075269907, 0.5135585675311545], [0.7630777160939172, 0.020162195593725396, -0.6459921710591636], [0.459998896244868, 0.6851637051157089, 0.5647581010004348]], "T": [0.0006041106348212197, -0.003567135742753136, -0.010840673638420043], "aligned_model": [[-0.378408421253417, 0.5120922058402048, 0.3389925434099211, 0.12164021795473036, 0.6435992008837818, -0.22756075716081875, -0.48194954121756217, -0.5888782066548449, -0.4247350934211652, 0.3293969667967046, 0.494061763046367, -0.014404536853565917, -0.36260941438553107, 0.02777831557987636], [-0.202078224355559, 0.04823666283519269, -0.4640013495075287, -0.5028931012674374, -0.09112210323230882, -0.7278941219614515, 0.4529888934616335, 0.19848341057647606, -0.25194896802059774, 0.6477474964361658, 0.36491195328240605, 0.25274726886269433, -0.2734229997109492, 0.1048784989716818], [-0.681358533329465, -0.5414563379887956, 0.4535334997547707, -0.4801637285148785, -0.04385880996438702, 0.12986600600671758, -0.3485552977369722, 0.2557103500279973, -0.15046467065352218, -0.2726229574358782, 0.24436702310466799, 0.5572852910300463, 0.6837600441620997, -0.03257622074535664]], "inverted": true, "swapped": false, "error_lsq": 0.04014887992973718, "error_max": 0.25848039547208373, "target": "136.xyz", "model": "14.xyz", "model_rescale": 3.942246331269136, "target_rescale": 4.215687080271401},
{"mapping": [10, 11, 12, 4, 13, 3, 9, 2, 5, 6, 8, 0, 1, 14], "R": [[-0.3727846501453758, -0.1054746003847443, 0.9219038525191596], [-0.41085120596821695, 0.9095871902960779, -0.06206794505820451], [-0.8320053432343157, -0.401903286778007, -0.38241450927832676]], "T": [-0.0032375472692540773, -0.012533594652437925, -0.07948463541372262], "aligned_model": [[-0.13320508478081952, 0.5782832283949664, 0.3389084113559916, 0.1439049006307026, 0.7019412904904332, -0.21911456855758615, -0.5466509099809274, -0.5431671438962098, -0.589989719439187, 0.12219442721966867, 0.49117744157348797, -0.06519395752558368, -0.27012678799675616, -0.019946284923500313], [-0.07467172022116164, 0.1329768200687604, -0.49494994481630594, -0.4526188803849556, -0.4147740822406194, -0.6852475694725854, 0.4358365289798451, 0.3336350557763432, -0.159963660556655, 0.4718204952352472, 0.5261638367426501, 0.35432313661602055, -0.4182758882151088, 0.0023791888589430217], [-0.7782319492455163, -0.47289451243144365, 0.4846845468833363, -0.43772759519149895, -0.03641209861781468, 0.05242802607865192, -0.46913634603838317, 0.33438879304726893, 0.11225952306433339, -0.3293992702859192, 0.17389220351153695, 0.5547826779640274, 0.5691946074937557, 0.01563705148470959]], "inverted": false, "swapped": false, "error_lsq": 0.047033782805411435, "error_max": 0.3150766145253989, "target": "136.xyz", "model": "15.xyz", "model_rescale": 4.355366556412066, "target_rescale": 4.215687080271401},
{"mapping": [8, 7, 6, 3, 0, 5, 1, 2, 9, 12, 10, 13], "R": [[-0.007090169291283366, -0.8267029673977683, -0.562593932774915], [-0.9753050066492195, 0.12991497875385316, -0.1786119881204835], [0.2207484394155185, 0.5474342901126221, -0.8072086623076483]], "T": [0.037460073876674806, 0.058871549516128094, -0.0323394192947809], "aligned_model": [[-0.2104424501107797, 0.3520975359984282, 0.21358087908334358, -0.6326595354762425, -0.575347952202177, -0.4688976302042063, -0.20761785325718737, -0.06601283522268189, 0.48346854510372106, 0.2126316817050377, 0.48530439582824514, 0.011703773386279828], [-0.6014776113491472, -0.47008058070862185, -0.5011635161028133, 0.33681440195027795, -0.28103440535853913, -0.10813171414586296, 0.37648175096677944, 0.5492265958869759, 0.1038394802211299, 0.016988683235856825, 0.5360475032806132, 0.05526583986433171], [0.04595510832649627, 0.25717597762964584, -0.5622255411004328, -0.1559077897205443, -0.40877873074769655, 0.43946980009851117, -0.6825549887102557, 0.5129934244997049, -0.5663235385927087, 0.7335947882596116, -0.12014922550098248, -0.043990823231928544]], "inverted": true, "swapped": true, "error_lsq": 0.038557719993107246, "error_max": 0.25897223324983726, "target": "136.xyz", "model": "16.xyz", "model_rescale": 3.795458400668931, "target_rescale": 4.215687080271401},
{"mapping": [7, 12, 11, 8, 9, 2, 5, 6, 0, 4, 10, 1, 13], "R": [[-0.023551790147689544, 0.9833311938276044, 0.1802916426970962], [0.8773150043439798, -0.06613916980230722, 0.4753356638952987], [0.4793367254172811, 0.16936756910176093, -0.8611335147367093]], "T": [-0.07480551194629784, 0.08776109276605287, -0.007107602089111806], "aligned_model": [[0.16331235646984213, -0.20656073911935108, 0.4280204536318739, -0.25351705242535705, 0.5345601490845746, -0.43887326318359876, -0.7007807631078982, 0.35794748385843356, -0.44884246440849185, -0.42082712389089105, 0.3120872978185446, -0.08448610957347699, -0.09340842424998141], [-0.27989700415754576, 0.25964640452553256, 0.322474517416292, -0.5755732247631808, 0.10729537303162642, 0.6538951662100163, -0.07488264842733666, -0.5251074058261169, -0.4542051201090505, 0.6467537460650914, 0.6188651958146005, 0.18845317144229456, 0.0760630942482624], [-0.527428328375792, -0.7635403331980474, -0.469123458893556, -0.18514264694795363, 0.33108851543957, -0.3161213693141028, -0.30475530062567735, 0.24300070022630738, 0.4391493558260291, 0.3361184208843805, 0.05781061645192302, 0.7501817141338771, 0.01103714522933789]], "inverted": false, "swapped": true, "error_lsq": 0.046254557855278086, "error_max": 0.24370621307935847, "target": "136.xyz", "model": "17.xyz", "model_rescale": 3.7474275329858107, "target_rescale": 4.215687080271401},
{"mapping": [1, 0, 9, 2, 6, 7, 3, 10, 11, 8, 4, 5, 12, 13], "R": [[-0.7824604597561735, 0.5694394951440315, -0.25198073396247667], [0.5296967026366136, 0.8214114986754901, 0.21143451246091416], [0.32737903435323523, 0.031965781920611655, -0.9443522418314829]], "T": [-0.05583124702672492, -0.04859417602429364, -0.029849113663470074], "aligned_model": [[-0.25788567288856334, 0.4912511875689404, 0.33231336358790514, 0.34256230700572565, 0.6825844205699484, -0.3412830752280685, -0.44926761029025386, -0.49336119366885345, -0.7626180406122912, 0.06371108706302156, 0.6329519969899673, 0.017885016950943057, -0.2964915374397846, 0.026662992956043928], [-0.22414564075238846, 0.17415079380554846, -0.3651367058095297, -0.502328454610639, -0.26171217254961104, -0.7426276617311057, 0.3500468659433852, 0.38856419698178335, -0.1747986644118292, 0.6550695258060996, 0.35438437701243386, 0.2898366250276059, -0.3091487948362013, -0.07552097350513401], [-0.6677159563752858, -0.6216496535020642, 0.4138498315054984, -0.4029985533666596, 0.035891534835962156, 0.03537401513651992, -0.41310141832728586, 0.2765810956264633, -0.10897886363103254, -0.11599710438538369, 0.19908701405531756, 0.6051709190873386, 0.6285055313019795, -0.09055273424432411]], "inverted": true, "swapped": false, "error_lsq": 0.03451442107874122, "error_max": 0.2372451206709853, "target": "136.xyz", "model": "18.xyz", "model_rescale": 3.922800546911778, "target_rescale": 4.215687080271401},
{"mapping": [5, 8, 7, 12, 13, 3, 1, 2, 0, 6, 4, 10, 9, 14], "R": [[0.02871154058611941, -0.4845926421248802, 0.8742686192673277], [0.08934189077803328, -0.8698846014305648, -0.48509669834600355], [0.9955871001521552, 0.09203668503599736, 0.01831869586534568]], "T": [0.05448483641447803, 0.00018725779656939695, -0.05720715367947227], "aligned_model": [[-0.1919757526228021, 0.365678419980816, 0.23143636992904598, 0.2423139304372, 0.7142538549925614, -0.28290981767386014, -0.44486021160519335, -0.5065966163516017, -0.6967559482927067, 0.13551223727626516, 0.5721128329312265, 0.04763985696425317, -0.25881695125924303, 0.061983037858719024], [-0.25579000567532134, 0.1968324332104273, -0.6532748719087085, -0.6961205006141622, -0.18726851233494898, -0.5373623465772176, 0.46747051880744755, 0.14715509441920835, -0.29262794818778093, 0.681043290624221, 0.4439573524181004, 0.49463115267392505, -0.17612377712253185, -0.07588856336224073], [-0.7326822004595545, -0.5459605501435916, 0.36692303728379877, -0.37103797049346676, -0.020073298653402398, 0.022508050737884464, -0.340551292375012, 0.3631700830355441, -0.277068869796112, -0.13228974010859412, 0.1856847964420159, 0.5800361501991502, 0.6732034121813931, 0.0016040498669902675]], "inverted": false, "swapped": false, "error_lsq": 0.03716650642612342, "error_max": 0.2618457576149643, "target": "136.xyz", "model": "19.xyz", "model_rescale": 3.9282355846067225, "target_rescale": 4.215687080271401},
{"mapping": [11, 10, 7, 9, 12, 8, 0, 3, 4, 1, 2, 5, 6, 13], "R": [[0.8866590123644162, -0.2694859102287571, 0.37578336842007265], [-0.1080813807396468, -0.9109011281110333, -0.3982179678812324], [0.4496156257631282, 0.3124683647895016, -0.8367851038799661]], "T": [-0.010674710165900622, -0.11966156403231931, 0.056436574838545805], "aligned_model": [[-0.18616755958756423, 0.5290997224448982, 0.4871423748368767, 0.1677009147183673, 0.6990607123186503, -0.3819917467080749, -0.38320608236492293, -0.5743264095881836, -0.6019033385561326, -0.04409668300282555, 0.5501741125946836, -0.023436443011097284, -0.25220042622821276, 0.0031660946982184513], [-0.15988818096476187, 0.2114356306847348, -0.2643004729703594, -0.6555030709488976, -0.5108008409853697, -0.7813720438768402, 0.3762201580331011, 0.34831196815035165, -0.1880221771723915, 0.6274952353809187, 0.4678810522044511, 0.30549062099102453, -0.24558015598884006, 0.025265593833296268], [-0.6370670303561138, -0.527731687344237, 0.40191524607625556, -0.34291394932575553, -0.20062380982405892, 0.0027292348778189257, -0.4490519835342279, 0.2286358897512472, -0.15603314178650718, 0.010171197623324801, 0.19412638010239075, 0.610307417177494, 0.6502832644288294, -0.011281370149416381]], "inverted": false, "swapped": false, "error_lsq": 0.04518179181446737, "error_max": 0.2786787628757051, "target": "136.xyz", "model": "20.xyz", "model_rescale": 4.067790424073018, "target_rescale": 4.215687080271401},
{"mapping": [3, 6, 8, 2, 4, 0, 11, 9, 12, 13, 5, 1, 7, 14], "R": [[-0.9895233664774263, 0.09199539033608818, -0.11126704522046124], [-0.08008973749964239, 0.2914506052149532, 0.9532272439807186], [0.12012136005898275, 0.9521519799258671, -0.2810292973709893]], "T": [0.019404805746824336, 0.0014138212201356831, -0.03717930866751208], "aligned_model": [[-0.31932130531583697, 0.435086193158135, 0.3012758074038585, 0.26233063979889204, 0.767358406995168, -0.17214659725068937, -0.2717650567270661, -0.5951237924776159, -0.7285734421598282, 0.09506578282531676, 0.5012642367063991, -0.04017109927631543, -0.20970571061323418, -0.03655882050250293], [-0.3215847931392465, 0.0714148001625352, -0.21742992135725303, -0.5933744429720839, -0.28537464250685535, -0.676327237787853, 0.3559532813439399, 0.1772782813582025, -0.002498449236914599, 0.6972318717353978, 0.24230399367426264, 0.34612521352379, -0.29128502456954697, 0.0542003861420429], [-0.747588721229807, -0.6453451987026942, 0.40759484917513444, -0.4125936017734697, -0.0652912667818957, 0.05465285598830613, -0.49276040614764816, 0.40494758838076894, -0.2030922427505804, -0.02181173885749084, 0.20417009462203783, 0.7050671927291392, 0.6097362300045787, -0.024219976939335155]], "inverted": false, "swapped": false, "error_lsq": 0.03707943911951807, "error_max": 0.24499266639087117, "target": "136.xyz", "model": "21.xyz", "model_rescale": 4.186013935880536, "target_rescale": 4.215687080271401},
{"mapping": [8, 0, 6, 12, 2, 7, 5, 3, 9, 1, 4, 10, 13], "R": [[0.4227944464798538, -0.6804632656935453, -0.5985103174277532], [-0.47893154605567057, -0.7284538528341242, 0.48987708507731376], [-0.7693305077913649, 0.07952816062751689, -0.6338815673678204]], "T": [0.08727553032340454, -0.021461236658126333, 0.04208559026074597], "aligned_model": [[0.1411394799510733, -0.4048600920629355, 0.3576307120665988, 0.4169793353466744, -0.08737404120468614, 0.6366485526483826, -0.2045552624852209, -0.647997212578278, 0.36040156449482785, -0.3900789183271045, -0.4654098969359364, 0.2828147865885537, 0.06323502792127578], [-0.36191066382932513, 0.018215626966817104, 0.35393149578480615, -0.6648809594271025, -0.40663727153072715, -0.32890887965504406, -0.6607531321638854, -0.052197652809057256, 0.6190920473141694, 0.573323136838304, 0.10885079722698096, 0.3413351438963226, -0.020503029066165395], [-0.5782688013410006, -0.5816167152218944, -0.5993389859485889, 0.3525705951870251, 0.6500983979093157, -0.21534689186454053, -0.07207576383803908, 0.03877976264123616, 0.007758185601227777, -0.003565220707640218, 0.519123783219256, 0.5579491140120793, 0.02681210168690968]], "inverted": true, "swapped": true, "error_lsq": 0.03958133601050121, "error_max": 0.2012547874962176, "target": "136.xyz", "model": "22.xyz", "model_rescale": 4.166573947596378, "target_rescale": 4.215687080271401},
{"mapping": [5, 13, 8, 7, 10, 0, 6, 2, 1, 12, 9, 3, 4, 15], "R": [[-0.06339204932220183, 0.18188486199241816, -0.9812743474995822], [-0.9813307484860073, -0.19025946760950402, 0.028130002858883896], [-0.18158031324629947, 0.9647379084305474, 0.19055014531201137]], "T": [0.07874008157375306, 0.11493349182777651, 0.051464912952415495], "aligned_model": [[-0.1432272006796228, 0.39236039531639977, 0.3470256106022176, 0.23942402071516466, 0.6589311393323247, -0.2641832231417037, -0.4837877304391069, -0.5386532819659773, -0.5582861939401855, 0.10292179006189994, 0.5575519220431677, -0.04556932497019556, -0.3016500117460515, 0.026157331376349506], [-0.27064116094185475, -0.032599489464073594, -0.4392821080812516, -0.5082112890757415, -0.18129663046676886, -0.6259373664453982, 0.4098776761890296, 0.29872000549542915, -0.1415229451607115, 0.7250865610653772, 0.26733134758122035, 0.2488843379457061, -0.28097605306752793, 0.08720043079698413], [-0.6507634643949928, -0.7209918542098942, 0.5758188811385817, -0.26040188775731277, -0.3180851976502296, 0.0350411106334076, -0.36767470673339225, 0.24603415831272396, -0.13965463366474917, -0.1862530550343291, 0.38004257693787025, 0.6242048140288521, 0.5397399609832739, 0.016408955127234295]], "inverted": true, "swapped": false, "error_lsq": 0.04105053934740991, "error_max": 0.2645973539749357, "target": "136.xyz", "model": "23.xyz", "model_rescale": 4.274766983524099, "target_rescale": 4.215687080271401},
{"mapping": [0, 7, 5, 3, 2, 4, 1, 10, 9, 11, 13], "R": [[-0.46863002690409666, 0.8594666149221344, -0.20421321141922685], [-0.5240301853540541, -0.08435836687246334, 0.8475116699942291], [0.7111808931078378, 0.5041833037426955, 0.4899193132602955]], "T": [0.03340885411302877, 0.16475174290075761, -0.01100842613995398], "aligned_model": [[0.0763691287316381, 0.38589699651176057, -0.4163970211641568, -0.46599369430740023, -0.6146969254181665, -0.5327457318875202, 0.04187816472247194, 0.056595936416087, 0.5543942024631081, 0.2680610951582053, 0.026532552732047195], [-0.28234034619889203, 0.7210587705818945, 0.4178957083308423, -0.3070109676469009, 0.4133423306054067, -0.23397919204921913, -0.5949365788958514, 0.10468755673372157, -0.12277238565028692, 0.6538780286659949, 0.14576360676677386], [-0.6675443115736964, -0.1809521053895724, -0.5014010865589111, -0.2748619874123466, 0.24726321996689296, 0.25449199097026254, 0.06974825561268286, 0.6461267520202488, 0.35229427570255833, 0.46551733145913854, -0.03111590077568012]], "inverted": false, "swapped": true, "error_lsq": 0.05156522821341278, "error_max": 0.28607777910963206, "target": "136.xyz", "model": "24.xyz", "model_rescale": 3.7841303162186577, "target_rescale": 4.215687080271401},
{"mapping": [3, 4, 7, 6, 1, 11, 12, 14, 13, 2, 8, 9, 10, 15], "R": [[0.037090080823611926, -0.6091987380489519, -0.7921497481310352], [-0.9788978088194582, -0.18155560873846105, 0.09379040901963343], [-0.20095622854980438, 0.7719549588513381, -0.6030772220137877]], "T": [0.07351527860251454, -0.04035016371786447, 0.0600253678726818], "aligned_model": [[-0.19658324775651942, 0.4434475566117881, 0.21319639094448845, 0.2433891267667881, 0.8127251366872431, -0.3421709800960948, -0.45596628258287225, -0.6030350696792905, -0.6624969685330232, 0.2399748722547902, 0.5373858921964257, -0.13960906137695128, -0.17950507911023367, 0.07826295623814172], [-0.22456532407080793, 0.05593819757204631, -0.6076363018354421, -0.5597597028863832, -0.009871379885602202, -0.6830265757898055, 0.4325706189308947, 0.23260742796323303, -0.16592240850414453, 0.6546592572545213, 0.29473599589021793, 0.442362861737763, -0.21945362641662536, -0.08600572358944807], [-0.6762581701668214, -0.5807421438079028, 0.34547446045279945, -0.4126088020448529, -0.015315346549636025, 2.9260847514103738e-05, -0.2067462875401565, 0.37159035578689675, -0.1734646333626415, -0.18090229008291664, 0.20834631420858546, 0.3124275455374462, 0.7735782765693144, 0.0080571178694155]], "inverted": false, "swapped": false, "error_lsq": 0.04547040182269875, "error_max": 0.3520348885985724, "target": "136.xyz", "model": "25.xyz", "model_rescale": 4.19342608120988, "target_rescale": 4.215687080271401},
{"mapping": [8, 7, 6, 3, 0, 5, 1, 2, 9, 12, 10, 13], "R": [[-0.007090169291283366, -0.8267029673977683, -0.562593932774915], [-0.9753050066492195, 0.12991497875385316, -0.1786119881204835], [0.2207484394155185, 0.5474342901126221, -0.8072086623076483]], "T": [0.037460073876674806, 0.058871549516128094, -0.0323394192947809], "aligned_model": [[-0.2104424501107797, 0.3520975359984282, 0.21358087908334358, -0.6326595354762425, -0.575347952202177, -0.4688976302042063, -0.20761785325718737, -0.06601283522268189, 0.48346854510372106, 0.2126316817050377, 0.48530439582824514, 0.011703773386279828], [-0.6014776113491472, -0.47008058070862185, -0.5011635161028133, 0.33681440195027795, -0.28103440535853913, -0.10813171414586296, 0.37648175096677944, 0.5492265958869759, 0.1038394802211299, 0.016988683235856825, 0.5360475032806132, 0.05526583986433171], [0.04595510832649627, 0.25717597762964584, -0.5622255411004328, -0.1559077897205443, -0.40877873074769655, 0.43946980009851117, -0.6825549887102557, 0.5129934244997049, -0.5663235385927087, 0.7335947882596116, -0.12014922550098248, -0.043990823231928544]], "inverted": true, "swapped": true, "error_lsq": 0.038557719993107246, "error_max": 0.25897223324983726, "target": "136.xyz", "model": "26.xyz", "model_rescale": 3.795458400668931, "target_rescale": 4.215687080271401},
{"mapping": [2, 11, 12, 5, 8, 1, 10, 3, 9, 7, 0, 6, 13], "R": [[0.4313556152843945, -0.2901063847117391, -0.8542661287398128], [0.8335367676071472, -0.23413133346566203, 0.5003988166818745], [-0.345179359478012, -0.9279120670834471, 0.14082047277038204]], "T": [-0.11079309607526551, -0.11369874520617301, -0.029137407908415944], "aligned_model": [[0.006388377937738374, 0.5298852889073782, 0.5071373353289115, -0.12762969125323095, -0.03768079374562332, -0.7907557515168494, 0.009588418174856367, -0.7538712599530235, -0.1388501892770683, 0.4579102582664298, -0.6821042749955236, -0.14488036777211466, -0.13546096728062407], [-0.7511905912076744, -0.2973415314445934, -0.35769523121789903, -0.07462786419458844, 0.4982575871872644, -0.16060487521896327, -0.5702579671636085, -0.2670285316622508, -0.011633479149791681, 0.24936431449179886, 0.3919113199634802, 0.576590226304655, -0.10386187343091428], [-0.3874881765270406, 0.24869262896310457, -0.4507084858271665, -0.7398287258377383, -0.3810049216147747, 0.3160731355517993, 0.43241860981180336, -0.35243620771621287, 0.6599781062446655, -0.11497424813030539, -0.2543890206283863, 0.3552794342700715, -0.039475466460393585]], "inverted": true, "swapped": true, "error_lsq": 0.042802404664571296, "error_max": 0.2520651333572038, "target": "136.xyz", "model": "27.xyz", "model_rescale": 3.6321398670334006, "target_rescale": 4.215687080271401},
