[{"mapping": [10, 8, 9, 7, 6, 0, 1, 3, 2, 4, 12, 11, 13, 14], "R": [[0.2718154832863781, -0.5418004978831202, -0.7953417903891354], [0.6313122011844666, 0.7241607170160229, -0.27755388768032624], [0.7263341157356001, -0.42666553226671866, 0.538883360194153]], "T": [0.022152508849299042, 0.09578500162430476, 0.12425159242550818], "aligned_model": [[0.06800806588855307, 0.1771931332768188, -0.43429078939898935, -0.33444170788781885, -0.5404625275106736, -0.2542748149149289, -0.6921791985052874, -0.16784628705125992, -0.3727836124523769, 0.2526142739442531, 0.7272666482173482, 0.41207131210912123, 0.5343961010920261, -0.0037784956784821556], [-0.6156960586296589, -0.574705122309954, -0.43499755814229485, -0.277022441222392, 0.2281218080560847, 0.4617699171845516, 0.0822299019764419, 0.34354941403006134, 0.7247750498843046, 0.027979248864395706, 0.42046799307479743, 0.7210426612998897, 0.024358214230014524, 0.10340030351379279], [0.5080222945654441, -0.11640305300407824, 0.16059088066541655, -0.33060983719596604, 0.47281989776260247, -0.5531234165652147, -0.1349477107904005, 0.8923485286169824, 0.06730519123194224, 0.7197528299092808, 0.4497880024136338, -0.16921397283814657, -0.1795301101127417, 0.11078856252107921]], "inverted": true, "swapped": true, "error_lsq": 0.05613013277270757, "error_max": 0.3150392325323693, "target": "137.xyz", "model": "0.xyz", "model_rescale": 3.8414455957264533, "target_rescale": 4.0599573852253785},
{"mapping": [9, 2, 7, 0, 1, 3, 4, 6, 10, 5, 3, 13, 11, 12, 14], "R": [[0.9241294680558567, -0.3689544752921923, -0.09928404419977398], [-0.048633322587291666, 0.1441502821630715, -0.9883600032814095], [0.37897166939617005, 0.9182011170294722, 0.1152700415585508]], "T": [0.039598462710780206, -0.10196259972290585, -0.028286672884349842], "aligned_model": [[0.17335435077779343, 0.39567319422502284, -0.19544576125656032, -0.6581324623983887, -0.470177749454233, -0.041335215893023226, -0.15587743163969708, 0.8051702760407644, 0.4755666994285305, 0.4904778276347115, -0.041335215893023226, -0.31939608627139765, -0.5133770240497932, 0.04474638572900286, 0.01838698239226329], [-0.7313925658047539, -0.40213389497850344, -0.6654399907334366, -0.25558186190384763, 0.5687107971430376, 0.45736332434565224, -0.12843015832341734, -0.23474642408559848, 0.40299080381105384, 0.19475231361659806, 0.45736332434565224, -0.37777266675536286, 0.3443670948432966, 0.35331275913669935, -0.015025650051874534], [0.1985105056674345, -0.6007486425382891, -0.22879214596346026, -0.15112822912837226, -0.22532296247520206, -0.5704869425011825, -0.5351455071940621, -0.1076304086541001, 0.12447149299582737, -0.40642797381591533, -0.5704869425011825, 0.5799063239217332, 0.44211030512499216, 0.58407546700587, -0.0357725897942682]], "inverted": false, "swapped": false, "error_lsq": 0.05376022561408218, "error_max": 0.45793191168057434, "target": "137.xyz", "model": "1.xyz", "model_rescale": 4.316132596720782, "target_rescale": 4.0599573852253785},
{"mapping": [1, 6, 2, 13, 0, 7, 11, 8, 3, 9, 4, 14], "R": [[-0.6686803759218138, 0.30117009359965713, -0.6798258082613778], [-0.19228926536098423, 0.8131516677887003, 0.5493716443350426], [0.7182557993389228, 0.49807724289875893, -0.485826786851421]], "T": [-0.01639686259730571, 0.14810920648060513, -0.06974118354744854], "aligned_model": [[-0.1309190054077441, 0.4375568794409857, 0.014741632880154586, -0.4156394154069159, -0.6208477782596276, -0.39832215906410345, -0.3708749370373877, -0.29301752499917894, 0.7777468345636999, 0.10043522740407354, 0.5213532867516326, -0.024404486233808257], [-0.5611801810444862, -0.3502531553815186, -0.4280608105136694, 0.5889870029283076, -0.35326458336427957, -0.1526955386295117, 0.2577787194493848, 0.45759115839894826, 0.039784200977474066, -0.10216913391261986, 0.49722365188581175, 0.11903509694713921], [0.1781116986157036, -0.036431585394547245, -0.5408085024563763, -0.1472702695327998, -0.2987768575326045, 0.41677019170243135, -0.770757406455678, 0.5296011146864192, -0.28201725692209356, 0.5745430465978079, -0.10546022619047282, -0.06824548590836865]], "inverted": false, "swapped": true, "error_lsq": 0.057768674203464154, "error_max": 0.31007705861739954, "target": "137.xyz", "model": "2.xyz", "model_rescale": 3.795458400668931, "target_rescale": 4.0599573852253785},
{"mapping": [12, 3, 5, 1, 13, 7, 6, 11, 2, 0, 8, 14], "R": [[-0.07757118112949393, 0.7465991615892164, -0.6607362588601102], [-0.8818031870787876, -0.3606099769403626, -0.30394667918693224], [-0.46519442291999596, 0.5590618359764423, 0.6863264619980651]], "T": [-0.0068946408800429765, 0.06761889519105044, -0.024538396391501203], "aligned_model": [[0.04479389072003388, -0.42006001373097557, -0.6949183175960818, 0.10204167633802104, 0.21811874731076913, 0.03828287265241072, -0.22855895231427298, 0.6686706724783059, 0.4198851371827469, 0.7076804660554069, -0.26812844672224984, 0.005496093369450963], [-0.243048311767899, -0.6512033665166257, -0.1826860761952325, 0.10511624040136444, 0.41872625085767134, 0.5665081451071492, -0.36723906434342324, -0.12313231699074695, -0.43466148607551836, 0.1851791626539983, 0.7465396313876774, 0.06567023677129441], [-0.8051747591900168, -0.01756841536047051, 0.13737226041982095, 0.7267036654895803, -0.455666227179452, 0.44674947062686426, 0.4416290209881054, -0.39376912987977514, 0.3224765210965136, 0.35592963985925546, -0.07283738738012698, 0.0029267711488020903]], "inverted": true, "swapped": true, "error_lsq": 0.04974394483951469, "error_max": 0.2855934769289577, "target": "137.xyz", "model": "3.xyz", "model_rescale": 3.7530521520055578, "target_rescale": 4.0599573852253785},
{"mapping": [3, 11, 2, 0, 6, 13, 5, 4, 10, 7, 14], "R": [[-0.6298315532788084, 0.7471004088850872, 0.2124928082033353], [-0.6015938118052286, -0.2961585389699591, -0.741872634212123], [-0.4913217887414103, -0.5950891520091045, 0.6359809753986563]], "T": [-0.06931542231739658, 0.07708204069254183, 0.003090850555235369], "aligned_model": [[-0.4151190678009809, -0.11281976159697397, 0.31568816315870324, 0.6157486193105957, 0.1303396080495502, -0.2559387360575303, -0.3068361973551541, -0.6407853966133713, -0.4174910327600869, 0.4658590269193806, -0.040445622808927106], [-0.6763034897719211, 0.2716092275161758, -0.3585518745787079, 0.2538886220851696, -0.5521700541624694, 0.6212972323252818, -0.42004438127199173, -0.1843417838664616, 0.10767898634451424, 0.3356733122056933, 0.06846756148906316], [0.02011234115403774, -0.7646150815336138, -0.46257130633945687, -0.40754355885397275, 0.14354811426994327, -0.1665563436833724, 0.5117099823442605, 0.1350439541709751, 0.7334507305062734, 0.3491581968779807, 0.0010937483322615241]], "inverted": true, "swapped": true, "error_lsq": 0.05026934522944959, "error_max": 0.3013406692293858, "target": "137.xyz", "model": "4.xyz", "model_rescale": 3.7855080009869324, "target_rescale": 4.0599573852253785},
{"mapping": [5, 0, 4, 11, 13, 12, 1, 3, 9, 2, 14, 7, 8, 10, 16], "R": [[-0.3907702476062445, 0.26708284671597826, 0.8808889638177126], [-0.9064606837442948, 0.05477737174988356, -0.41872242401142157], [-0.16008635923019796, -0.9621154777542373, 0.22069473272861703]], "T": [-0.06668209072308139, 0.05512696125189834, -0.05887553596594263], "aligned_model": [[0.36307203455216686, 0.29683886786657915, -0.2680006772496566, -0.7096987891811978, -0.6421390370864428, -0.2719373214066029, -0.09138619570922038, 0.6173517901342409, 0.5318826227095552, 0.5160060351408622, 0.16032917212710301, -0.24836470345543182, -0.41939837019070597, 0.20868239379312048, -0.0349390526723977], [-0.5462830394225187, -0.5674278242302667, -0.6533349918476337, 0.020194725002674135, 0.49077659752075653, 0.32519193119830103, -0.33871416832145784, -0.0573125034797515, 0.41400656779867706, 0.14415530891860176, 0.6246000721288899, -0.43306849747726106, 0.3458620362557756, 0.10509691356297904, 0.09459407699742953], [0.2708526058676098, -0.3567881658758259, -0.12635347009767367, -0.5255076101689404, -0.12153601933756406, -0.6487911784904106, -0.7049272450748858, -0.015613289036654397, 0.08197804434771938, -0.5042228036881025, -0.34499380008082814, 0.4796651720431, 0.47626390037250044, 0.6139109670254886, -0.0768053576557099]], "inverted": true, "swapped": false, "error_lsq": 0.035821929578271676, "error_max": 0.22196795038891026, "target": "137.xyz", "model": "5.xyz", "model_rescale": 4.2253639853439635, "target_rescale": 4.0599573852253785},
{"mapping": [13, 11, 1, 7, 0, 6, 9, 8, 3, 4, 2, 5, 10, 14], "R": [[-0.28621458395747273, -0.8815089606986868, -0.3755305102624446], [0.9236759969591604, -0.358045843415222, 0.13647646923401702], [-0.25476236882937026, -0.3078069625934467, 0.9167066102125829]], "T": [0.086662494401852, -0.008485889611420133, -0.10055035935447183], "aligned_model": [[0.5058837507060643, -0.07791032771123371, -0.39374382627720417, 0.11960834286589087, -0.34489881559116187, -0.41281082029386207, 0.1460166967318576, 0.6824487450021663, -0.24938021240639133, 0.27577045906453124, -0.6368593703033065, 0.08220605234963793, 0.6141650961766189, 0.06356638244417638], [-0.1290900610940877, 0.03822952662301514, -0.48530010009228675, -0.6432000999249264, -0.6045946394278929, 0.1527686895557879, -0.28126684081740194, -0.36396706095705644, 0.6875718682867478, 0.5839660099753307, -0.012610437504609918, 0.3818975526054247, 0.14780818495946693, -0.027113445552520835], [-0.512238079151817, -0.8750432955532832, 0.24513126205649405, 0.16231117701901476, -0.45776614939689436, 0.3237984848350139, 0.542457249825133, 0.12346111422991178, 0.19951387836126516, 0.059358656963914555, -0.27759558726551953, 0.5396254972496183, 0.49350447852444485, -0.09496047876584787]], "inverted": true, "swapped": true, "error_lsq": 0.04822071611145029, "error_max": 0.34773381298705086, "target": "137.xyz", "model": "6.xyz", "model_rescale": 3.89814844738969, "target_rescale": 4.0599573852253785},
{"mapping": [4, 5, 9, 12, 7, 6, 3, 13, 11, 2, 1, 0, 14], "R": [[-0.9080972612060999, -0.4180325380998, -0.024660926175219505], [-0.2856062382350951, 0.5752062419739191, 0.7665290965615326], [-0.3062489850941199, 0.7031262875786117, -0.6417359136317221]], "T": [0.024741823949278527, -0.03443248094039025, -0.019668859737718074], "aligned_model": [[-0.21097390593087367, -0.03242679001355999, 0.4684459492695088, -0.41895990878663303, 0.573969917422938, -0.26224128895443816, -0.5703015614358388, 0.2366730511157777, -0.3738768404053499, -0.493508758381389, 0.1652225375145568, 0.04181000349696159, 0.02479939599256253], [-0.28993912748740486, 0.209275058017376, 0.4076132930925723, -0.7441244646984797, 0.3311284742342115, 0.5168173384658314, 0.13061381813906328, -0.5357167237246556, -0.3975736456170664, 0.37711795519329355, 0.6891331269267396, 0.27725073466506267, -0.007814571736058248], [-0.5595636804019755, -0.7264804359334781, -0.3344915669418704, -0.1093628353358591, 0.17464386347068397, -0.28294229644026525, -0.5729705302166317, 0.2324776640062102, 0.5619990068833265, 0.32222072150149744, 0.16568428394820897, 0.7364767458853322, -0.005415909588883359]], "inverted": true, "swapped": true, "error_lsq": 0.05670928867865067, "error_max": 0.38917165214053007, "target": "137.xyz", "model": "7.xyz", "model_rescale": 3.7474275329858107, "target_rescale": 4.0599573852253785},
{"mapping": [10, 6, 0, 2, 4, 8, 3, 7, 9, 5, 8, 12, 13, 11, 14], "R": [[-0.691930830918712, -0.23641119138482622, 0.6821594196462788], [0.708865186408783, -0.40163438320431877, 0.5798275344666962], [0.13690095953565118, 0.8847596118811558, 0.44548687574621587]], "T": [-0.07464554381528825, -0.08890554173290262, -0.02286936526743498], "aligned_model": [[0.34686268640278484, 0.44164219725368076, -0.13260020646508053, -0.7418450568314996, -0.5127116249278562, -0.0919666346393517, -0.026370305192521246, 0.6042358879527795, 0.4625441296224449, 0.43797789679310534, -0.0919666346393517, -0.2599315941808103, -0.5744039821482018, 0.2766650977194761, -0.12983308734762633], [-0.6205771521980418, -0.5694074207624737, -0.6993055581391442, 0.08616156771540205, 0.5544456940776956, 0.4439529948373038, -0.2272726589331323, -0.12715624555237987, 0.4482494022266221, 0.07352847706049555, 0.4439529948373038, -0.22511609593020726, 0.37395147660781675, 0.07908715750583735, -0.06615742874790245], [0.31612837834171553, -0.4345767990947792, -0.2642535293614583, -0.505348186429765, -0.10301387103781567, -0.44827749362589386, -0.7247657815556399, 0.016303548612823945, 0.03398361196419526, -0.49600133596834456, -0.44827749362589386, 0.5496324978426896, 0.5637452548882127, 0.4617327826196554, -0.01987983341987947]], "inverted": false, "swapped": false, "error_lsq": 0.04664583854045327, "error_max": 0.3694099052422044, "target": "137.xyz", "model": "8.xyz", "model_rescale": 4.019505241142653, "target_rescale": 4.0599573852253785},
{"mapping": [4, 11, 8, 10, 5, 9, 7, 3, 6, 2, 0, 1, 14], "R": [[0.588278434987252, 0.21023520147022368, -0.7808518700699412], [0.7403655468255887, -0.5284031518340491, 0.4155104886828851], [-0.3252496579592308, -0.8225516817772713, -0.4664990791017556]], "T": [-0.142289326148277, -0.04153597096571342, -0.09702027170971472], "aligned_model": [[-0.19626969627075985, -0.8897139294423937, 0.23067327510367025, 0.38580544530644806, 0.31191969310058093, 0.5581710276849918, 0.3337404424017836, -0.13508021299859002, 0.16402294609719487, -0.3492674700816454, -0.285219923743684, 0.32266964583948554, -0.13175047125590605], [-0.6676338538025652, 0.20602461186970256, 0.15116824554561725, -0.44931665062838366, -0.6312796473909869, -0.021946415202425643, 0.4520732599334778, -0.7623205652990286, -0.2932034801052253, 0.09593547907533158, 0.6817165136570459, 0.326101605276694, -0.02394087481519507], [-0.2290033383181854, -0.0012284540481860007, -0.693068292333245, -0.5557345757034934, -0.00679398861542424, -0.11606485494779176, -0.14983439515058794, 0.3127079884146208, 0.44922585383791713, 0.6051959070310902, 0.25748024211826515, 0.3786829703949464, -0.07486156863604723]], "inverted": false, "swapped": true, "error_lsq": 0.04958732267710423, "error_max": 0.2803025750455271, "target": "137.xyz", "model": "9.xyz", "model_rescale": 3.877068213659057, "target_rescale": 4.0599573852253785},
{"mapping": [14, 10, 9, 8, 1, 0, 11, 6, 3, 12, 5, 2, 7, 4, 15], "R": [[-0.80359342288915, 0.14679265345696252, -0.5767924475756976], [-0.27571204071173766, 0.7670417122687313, 0.5793357249871804], [0.5274660949254169, 0.6245790010326291, -0.5759171730146744]], "T": [0.08576328445113875, -0.04441359332330285, -0.025361720761882034], "aligned_model": [[0.25692291668357836, 0.30823606144806615, -0.2488771092796656, -0.6451061105177099, -0.4206748493842089, -0.19714927233813195, -0.07778964664561071, 0.6864519462440869, 0.5070942705603764, 0.4337052435318967, 0.14190206111264947, -0.19343060467114864, -0.5906093739009204, -0.010608653743654606, 0.05823189027236865], [-0.7775098727112855, -0.6117537787899231, -0.6131729298585786, -0.17788004103571942, 0.6566950019814377, 0.3136761460983424, -0.25874665184250734, -0.1284316443886677, 0.39397315779900555, 0.22439557951664119, 0.7101910624452502, -0.3296133638082599, 0.21200632931360486, 0.3588609441913341, -0.004352734305479229], [0.18150966943052338, -0.38846192306126737, -0.012173548511784121, -0.23354330169784196, -0.09517407203741579, -0.6776639968315629, -0.7123603051994115, -0.1368008243719828, 0.15645851824596219, -0.6294091008751305, -0.2213609388468077, 0.5047960115608717, 0.3528649569400738, 0.5095894701573508, -0.10113886475175453]], "inverted": true, "swapped": false, "error_lsq": 0.04315814496786296, "error_max": 0.3452012899541321, "target": "137.xyz", "model": "10.xyz", "model_rescale": 4.260839863003843, "target_rescale": 4.0599573852253785},
{"mapping": [9, 1, 2, 6, 12, 4, 10, 7, 0, 11, 13, 14], "R": [[0.9982612039206242, 0.05880064580700159, 0.004129503556771211], [-0.056335819121949265, 0.9311074864321893, 0.36036803991723443], [0.017344861798378686, -0.3599740723477317, 0.9328010629317406]], "T": [-0.025084354852017793, 0.09689218765884984, -0.03351608875243292], "aligned_model": [[0.41370973127756006, 0.3347571563100684, -0.31427291480955755, -0.22584602561764028, -0.6383000127761076, -0.4521436895382399, 0.17246343833869285, 0.6289466650916299, 0.2700526307888006, -0.33106328424785836, 0.11521536110730277, -0.014620406830520379], [0.023605704186681606, -0.5350882850561566, -0.5743072768304819, -0.34304166902552385, 0.5700256746118185, 0.46456178271919385, 0.6107716775352922, -0.10082432022965933, -0.4884453413967829, 0.002903633304780315, 0.4743227231188221, 0.06859420259495042], [-0.5752540285867546, -0.2543159451783327, 0.11038376874140324, -0.5043680041724282, 0.2961658930154415, -0.34136566670934443, -0.6272253798387962, -0.11222665011104753, 0.4558386530578148, 0.6921897046172255, 0.4110520018167988, -0.034696269256475815]], "inverted": false, "swapped": true, "error_lsq": 0.04977669687164709, "error_max": 0.3435506365145221, "target": "137.xyz", "model": "11.xyz", "model_rescale": 3.890672605050136, "target_rescale": 4.0599573852253785},
{"mapping": [7, 0, 11, 8, 13, 5, 1, 10, 9, 6, 12, 2, 4, 14], "R": [[-0.3995710589546802, -0.40747652989638317, -0.821161279182986], [0.6983972666028192, 0.44492025767395443, -0.560613255563096], [0.5937880319167327, -0.7975016250108486, 0.10680323617526472]], "T": [0.1285534678039818, 0.06648591277550978, 0.12193693060626663], "aligned_model": [[0.22895614851471363, 0.17868044219326956, 0.3912383137515457, 0.5958621146149583, 0.7131468801166485, -0.34224716425840573, -0.26890977820759276, 0.17642336655795893, -0.07151541105750295, -0.5390732601294674, 0.3825093587967418, -0.3427609818707884, -0.006235280036698376, 0.11380108580831293], [-0.42371892273961187, 0.28323695392269366, 0.7902950433218945, -0.49199601881397825, 0.19836851045671466, -0.30261048544930247, -0.23185685968495826, -0.5631710238719131, -0.6007255535682012, -0.028631316819224595, 0.6480414923558271, 0.48760245514748357, 0.10427640465932597, 0.0630418409110158], [-0.3499340962148709, -0.6652734600431862, -0.06833357777921482, 0.15700572851639982, 0.1471585336031044, 0.5739975823762978, -0.45308686528111997, 0.6287195249773952, 0.04324476436002138, 0.09408306653737127, 0.6749997317337857, -0.2722323992461077, 0.748623328497146, 0.09581857331983945]], "inverted": true, "swapped": true, "error_lsq": 0.05130112522109565, "error_max": 0.30880444326725265, "target": "137.xyz", "model": "12.xyz", "model_rescale": 4.124412569039231, "target_rescale": 4.0599573852253785},
{"mapping": [13, 0, 2, 8, 11, 12, 7, 4, 1, 9, 3, 6, 14], "R": [[-0.9014683361267742, -0.40615597043843804, -0.14964012375708563], [0.4269494464291383, -0.7774977051807214, -0.46174829575491055], [0.07119697433653734, -0.4801402358852283, 0.8742976293742307]], "T": [0.06952580394507446, 0.020623142404183337, -0.010270650485032307], "aligned_model": [[-0.208095128796161, 0.01548771471133184, 0.5914935060290668, -0.6312686364177361, 0.38167031603824353, 0.45299791709277454, -0.45895924482370487, 0.3268769775948178, -0.02013771737866238, -0.3032670382590795, 0.7227373733553056, 0.42710825166055844, 0.07065401670300278], [-0.33514549100311447, 0.5973907395758606, 0.5042362985594315, -0.13589400269027563, -0.11336499358445076, -0.6914442763996933, 0.4603071202201508, -0.43308970788942275, 0.7663973715013768, 0.3314593357958745, -0.0684202678503251, 0.4144240809293518, 0.050629169343713434], [0.3848671782983306, 0.567321723348844, 0.20998816659738048, -0.13636107649410048, 0.7064711685115203, 0.2231561650652907, -0.03089340222508668, -0.3847663006897788, -0.12611131607578732, -0.5160349353224009, -0.5131081655572788, -0.42572725094164954, -0.0071038735474443]], "inverted": false, "swapped": true, "error_lsq": 0.047507529321908826, "error_max": 0.28347292339732133, "target": "137.xyz", "model": "13.xyz", "model_rescale": 3.9028299243045295, "target_rescale": 4.0599573852253785},
{"mapping": [3, 7, 4, 13, 12, 14, 10, 6, 1, 9, 11, 0, 8, 2, 15], "R": [[-0.9388595470437575, 0.2818441020655254, -0.19775402159164399], [0.33696480019258485, 0.8701057339898852, -0.3596814355914058], [0.0706928168625501, -0.4043264940723041, -0.911878616831888]], "T": [-0.03807511981351766, -0.0037518247287445976, -0.0216164608371269], "aligned_model": [[0.2994515031665599, 0.384142706700924, -0.258966037387929, -0.666607883149185, -0.40493106549480773, -0.11656401897767729, -0.24397508948931337, 0.6278926150552819, 0.37063252680124814, 0.4909042912265872, 0.18109939038255957, -0.2182171746441942, -0.5782894663610919, 0.10427676572317832, 0.03744970581983176], [-0.455047499617523, -0.5877238533925558, -0.6444402457197501, 0.21222037740153235, 0.5871460900848067, 0.2968077668357647, -0.37118563457872555, -0.0021606121591281864, 0.48650060869463957, 0.028217062685659943, 0.6010557037635678, -0.48922861853636146, 0.13459677188745886, 0.2003257496063577, -0.02874646235054779], [0.24502456722213053, -0.5705579263403844, -0.03104108941841971, -0.45859921234553935, -0.0439022937398849, -0.8502020493007005, -0.636393005539028, 0.008261731971603958, 0.10007728125290871, -0.5873056240679697, -0.38497176339545847, 0.6257455182753222, 0.5127385570640135, 0.6713756414940848, -0.10311858298285562]], "inverted": false, "swapped": false, "error_lsq": 0.04315275075784271, "error_max": 0.25145454612087964, "target": "137.xyz", "model": "14.xyz", "model_rescale": 3.942246331269136, "target_rescale": 4.0599573852253785},
{"mapping": [3, 1, 12, 8, 6, 7, 0, 5, 9, 2, 7, 13, 11, 10, 14], "R": [[0.5388373744217135, -0.14135466321897794, -0.8304656182603609], [0.2473283763129459, 0.9689215201190297, -0.004445460677018481], [0.8052843958482718, -0.2030023325887622, 0.5570521472598465]], "T": [0.010663866568699816, -0.04142221708329352, 0.05705759950785105], "aligned_model": [[0.4070800382555467, 0.33775373629024735, -0.2126585602830797, -0.6392903662178685, -0.23475578716142623, -0.04714543374138712, -0.08674102883988478, 0.5988204270267707, 0.42276539478136327, 0.3905497556075502, -0.04714543374138712, -0.5435144757179861, -0.5570341584909272, 0.20453303371294548, 0.01508162789149421], [-0.6015637112219813, -0.6899020853769926, -0.8204407991035259, 0.1302347586050586, 0.45978849507968833, 0.5443638456613497, -0.1194156033008485, -0.1537456664566777, 0.6474170132329742, 0.09012531111912012, 0.5443638456613497, -0.5206992281583303, 0.19012919317040225, 0.3506096768634124, -0.08292784116980365], [0.27070135876580265, -0.3022855697940662, -0.04940084635233752, -0.3262625072803831, 0.02036420889751632, -0.5630168166881621, -0.6676125329834912, -0.15326325371434016, -0.0048709993334024315, -0.5918105517929227, -0.5630168166881621, 0.40934974830012305, 0.42882892896922015, 0.6207297171458599, -0.03130231730143103]], "inverted": false, "swapped": false, "error_lsq": 0.05551140439023639, "error_max": 0.37848260708164866, "target": "137.xyz", "model": "15.xyz", "model_rescale": 4.355366556412066, "target_rescale": 4.0599573852253785},
{"mapping": [1, 6, 2, 13, 0, 7, 11, 8, 3, 9, 4, 14], "R": [[-0.6686803759218138, 0.30117009359965713, -0.6798258082613778], [-0.19228926536098423, 0.8131516677887003, 0.5493716443350426], [0.7182557993389228, 0.49807724289875893, -0.485826786851421]], "T": [-0.01639686259730571, 0.14810920648060513, -0.06974118354744854], "aligned_model": [[-0.1309190054077441, 0.4375568794409857, 0.014741632880154586, -0.4156394154069159, -0.6208477782596276, -0.39832215906410345, -0.3708749370373877, -0.29301752499917894, 0.7777468345636999, 0.10043522740407354, 0.5213532867516326, -0.024404486233808257], [-0.5611801810444862, -0.3502531553815186, -0.4280608105136694, 0.5889870029283076, -0.35326458336427957, -0.1526955386295117, 0.2577787194493848, 0.45759115839894826, 0.039784200977474066, -0.10216913391261986, 0.49722365188581175, 0.11903509694713921], [0.1781116986157036, -0.036431585394547245, -0.5408085024563763, -0.1472702695327998, -0.2987768575326045, 0.41677019170243135, -0.770757406455678, 0.5296011146864192, -0.28201725692209356, 0.5745430465978079, -0.10546022619047282, -0.06824548590836865]], "inverted": false, "swapped": true, "error_lsq": 0.057768674203464154, "error_max": 0.31007705861739954, "target": "137.xyz", "model": "16.xyz", "model_rescale": 3.795458400668931, "target_rescale": 4.0599573852253785},
{"mapping": [4, 5, 9, 12, 7, 6, 3, 13, 11, 2, 1, 0, 14], "R": [[-0.9080972612060999, -0.4180325380998, -0.024660926175219505], [-0.2856062382350951, 0.5752062419739191, 0.7665290965615326], [-0.3062489850941199, 0.7031262875786117, -0.6417359136317221]], "T": [0.024741823949278527, -0.03443248094039025, -0.019668859737718074], "aligned_model": [[-0.21097390593087367, -0.03242679001355999, 0.4684459492695088, -0.41895990878663303, 0.573969917422938, -0.26224128895443816, -0.5703015614358388, 0.2366730511157777, -0.3738768404053499, -0.493508758381389, 0.1652225375145568, 0.04181000349696159, 0.02479939599256253], [-0.28993912748740486, 0.209275058017376, 0.4076132930925723, -0.7441244646984797, 0.3311284742342115, 0.5168173384658314, 0.13061381813906328, -0.5357167237246556, -0.3975736456170664, 0.37711795519329355, 0.6891331269267396, 0.27725073466506267, -0.007814571736058248], [-0.5595636804019755, -0.7264804359334781, -0.3344915669418704, -0.1093628353358591, 0.17464386347068397, -0.28294229644026525, -0.5729705302166317, 0.2324776640062102, 0.5619990068833265, 0.32222072150149744, 0.16568428394820897, 0.7364767458853322, -0.005415909588883359]], "inverted": true, "swapped": true, "error_lsq": 0.05670928867865067, "error_max": 0.38917165214053007, "target": "137.xyz", "model": "17.xyz", "model_rescale": 3.7474275329858107, "target_rescale": 4.0599573852253785},
{"mapping": [11, 4, 13, 3, 0, 1, 13, 10, 2, 7, 6, 5, 9, 14], "R": [[-0.24494878660736602, -0.29221158960393456, -0.9244525292521626], [-0.09405545236186749, -0.9418406795806314, 0.32262936346231524], [-0.9649630375411191, 0.16597747192988566, 0.2032186383951542]], "T": [0.13677817496546618, -0.04220330130189668, -0.020026734379038867], "aligned_model": [[0.5524921015674045, 0.0064392509204552195, 0.7357422956178837, -0.4710566790862464, 0.24155092885354468, -0.30955914770186516, 0.7357422956178837, 0.0411078268282003, -0.22740755086735642, 0.13357443495019128, -0.5352181863976383, -0.40795234377653056, -0.2025294787373303, 0.12192190009428068], [-0.6217266063631913, 0.36886919866057766, -0.02013234967664474, 0.09829732103876859, -0.7530817155698785, -0.32541160560129473, -0.02013234967664474, 0.7541997060113372, -0.6838632754918182, -0.04455356165437995, -0.10365502856073289, 0.45970269561029903, 0.3131737383269548, -0.06127792554211872], [-0.36707215249331054, -0.4958030828623518, -0.04312352666004474, -0.5661549383815246, 0.37095725086437753, 0.5260628722023468, -0.04312352666004474, 0.09032460209766868, -0.12243351125458021, 0.6677435451007689, -0.03392452168936231, -0.13665971181795994, 0.479941894618101, -0.0019404744024291813]], "inverted": true, "swapped": true, "error_lsq": 0.04951610403057339, "error_max": 0.41141590791246907, "target": "137.xyz", "model": "18.xyz", "model_rescale": 3.922800546911778, "target_rescale": 4.0599573852253785},
{"mapping": [6, 4, 8, 12, 3, 7, 13, 10, 9, 11, 9, 1, 0, 2, 14], "R": [[-0.8326227814391715, 0.5334850102482762, 0.1487717972899917], [-0.5195528102575522, -0.8454152468784576, 0.123846427881133], [0.1918441585818488, 0.02582255188461262, 0.9810856306317961]], "T": [-0.11073347884853159, -0.13545535359045496, -0.07522644540613273], "aligned_model": [[0.25901284633227134, 0.42786851335666576, -0.3230639301729458, -0.7511850114157274, -0.42843358646174506, -0.1531931604794453, -0.09581758564156577, 0.6853609241319712, 0.3014896861582856, 0.3714325705658263, 0.3014896861582856, -0.12167220895129294, -0.5748547629071872, 0.22020625076963113, -0.11034146207105602], [-0.6489272440402138, -0.5309515639820238, -0.7054052062766138, 0.02194077500238803, 0.41959766389681724, 0.43792993737100744, -0.3274381388895092, -0.06521870499903434, 0.5660210071265399, 0.0375690611337853, 0.5660210071265399, -0.3461144785648447, 0.2962714405870576, 0.3035600988301053, -0.05651844971680613], [0.19936788200496736, -0.35335911276231663, -0.1420366159269083, -0.5037848868150364, -0.06373588467430516, -0.6298772387919314, -0.7345699621702251, 0.033866001633376, -0.047910451886098895, -0.5700214185720793, -0.047910451886098895, 0.6343410997822088, 0.46942577808132396, 0.3839829737960591, -0.13064596166311232]], "inverted": true, "swapped": false, "error_lsq": 0.04628660291416679, "error_max": 0.37672906716925214, "target": "137.xyz", "model": "19.xyz", "model_rescale": 3.9282355846067225, "target_rescale": 4.0599573852253785},
{"mapping": [6, 1, 0, 9, 5, 7, 8, 13, 4, 12, 2, 3, 11, 14], "R": [[0.29576698988397165, -0.274362435624273, 0.9150120991622414], [-0.19503816225511833, 0.9203452968050687, 0.3390053833096697], [-0.9351374246382832, -0.27872888003776464, 0.21869661285390923]], "T": [0.029542197463290308, -0.03175891567643693, 0.0225333766956821], "aligned_model": [[-0.5034030058656283, -0.11647023817931304, 0.5478269670405721, -0.36921566900955194, -0.7078415673497018, 0.12781574089701045, 0.12709373282366052, 0.5166168906802907, -0.3648285409854795, 0.19896868581334906, 0.046830313312495674, -0.6329818398379228, 0.6323693131500021, 0.029742036594894012], [-0.4307013102024765, -0.7034872970804436, -0.6614092274930643, -0.155391989947513, 0.09581406497078801, -0.3170935710784144, 0.31216665832285473, 0.3141996650862018, 0.3973904018861837, 0.5159512443222948, -0.6587162845070855, -0.02900375091806212, -0.09562530349010798, -0.06121121244631993], [0.13372217585727497, -0.30165662608087307, -0.041617297499718583, -0.5405813372039393, -0.024737515094283142, -0.5955039928032492, -0.6128469482917898, -0.030847426712526594, 0.2920413599051475, 0.638883272762416, 0.42436853201084623, 0.5210451207403102, 0.5340276632860131, 0.01588617636805416]], "inverted": false, "swapped": true, "error_lsq": 0.048214577493050095, "error_max": 0.32459308629412786, "target": "137.xyz", "model": "20.xyz", "model_rescale": 4.067790424073018, "target_rescale": 4.0599573852253785},
{"mapping": [4, 5, 6, 11, 12, 10, 13, 8, 7, 1, 9, 2, 3, 0, 14], "R": [[-0.2475798402644237, 0.8250813632421385, -0.5078828277517728], [0.9688183364876568, 0.2161072157705476, -0.12119695613830994], [0.009759794051713844, -0.5220521193543769, -0.8528577437636781]], "T": [-0.00643556176420124, -0.05700227819987788, -0.07765661441097972], "aligned_model": [[0.3147726518585089, 0.33837515000029567, -0.4117192128700479, -0.6050613342500429, -0.4369353601391497, -0.16276373299840446, -0.11981592632283017, 0.5485971817329516, 0.5539263394654944, 0.5609018196514601, 0.11956984046377211, -0.11896932027167445, -0.7003436112591944, 0.15549051777279668, -0.027726233461963675], [-0.7217774851339104, -0.4482471301523746, -0.6673731309229654, 0.004000325570298113, 0.5765142166667255, 0.33984167392362175, -0.21208861030356504, -0.1309089917382787, 0.42351787059552204, 0.21765418033478104, 0.6462228734506855, -0.33810224373222897, 0.04540586744718306, 0.24115008397995977, -0.007472295380258807], [0.23438777743639894, -0.35424142912613327, 0.026023118361521144, -0.3142113032846862, -0.05920014593109524, -0.7772016108874319, -0.7508702711384521, 0.03025236605417901, 0.03078177113894369, -0.6030109964355694, -0.3836744638320535, 0.6020792858567822, 0.40374675824235406, 0.5463170574801663, -0.13404616378510031]], "inverted": false, "swapped": false, "error_lsq": 0.04056801802725351, "error_max": 0.2597363183252984, "target": "137.xyz", "model": "21.xyz", "model_rescale": 4.186013935880536, "target_rescale": 4.0599573852253785},
{"mapping": [6, 1, 9, 12, 11, 4, 2, 0, 8, 7, 0, 13, 14], "R": [[0.3631894010627109, -0.9315472345302813, 0.017697705916165846], [-0.9312387153873669, -0.3635456062486238, -0.025080812207895327], [0.029797884478540565, -0.007371703758721851, -0.9995287609990509]], "T": [0.16436125185331663, -0.061720128100814765, -0.007857020236776209], "aligned_model": [[0.007016845020232448, -0.42440186187570594, 0.15869593743701482, 0.6521156060212436, -0.08419284859135875, 0.7301709002217578, -0.38977800459334044, -0.6177039472095043, 0.3961716079991947, -0.1830741698827728, -0.6177039472095043, 0.2946387359767607, 0.13661918210920743], [-0.3394806414433659, 0.11420591924878473, 0.3834628954438283, -0.5354452906980226, -0.44674140963673387, -0.33129296076694703, -0.5479631756872783, 0.00157780981841351, 0.6273988782777555, 0.509174974992227, 0.00157780981841351, 0.14249201006769194, -0.06001015988867339], [-0.6025337457158363, -0.4551218516535193, -0.549309819562957, 0.48838798882066536, 0.639510977142346, -0.14757780904167542, -0.11436193311126402, 0.22357617102212804, 0.04588508350346222, -0.17037210875779424, 0.22357617102212804, 0.5408722265720236, -0.019651788904361242]], "inverted": true, "swapped": true, "error_lsq": 0.06232930810990999, "error_max": 0.3528109246765658, "target": "137.xyz", "model": "22.xyz", "model_rescale": 4.166573947596378, "target_rescale": 4.0599573852253785},
{"mapping": [5, 1, 6, 11, 9, 3, 2, 0, 7, 4, 8, 13, 14, 10, 15], "R": [[-0.9604194972331571, -0.09661113475349498, -0.26126744530471446], [-0.08367464099817229, -0.7945558962148179, 0.6013979400065272], [-0.26569332657828826, 0.5994557668685068, 0.7550230723493513]], "T": [-0.11507753388659413, 0.027815199208335844, -0.13573259828711698], "aligned_model": [[0.3411494158951805, 0.3263688097164156, -0.21456854264206393, -0.799553730733526, -0.41420398473948006, -0.22353518606355577, -0.11140804378733594, 0.6946433803436503, 0.44074329423930414, 0.36109410822705135, 0.3165102720169691, -0.04413087295640969, -0.5981503528375529, 0.005114466333082698, -0.07177426363975756], [-0.4847477439168475, -0.49432894638078084, -0.723146170602282, 0.11392155294424385, 0.5481274993802813, 0.2683264688867116, -0.34457258953277453, -0.04738657459451749, 0.10234123472236391, 0.16034317225048003, 0.696036189261612, -0.19839326214010042, 0.10795100765228365, 0.2897843401473059, -0.025918973472784216], [0.3335201916129684, -0.33720139937970867, -0.20830113276207574, -0.5180562298123876, -0.11999592227121664, -0.675934337323582, -0.6961994651294034, -0.20957362423513776, 0.30800011935067256, -0.6793780866089909, -0.28164974761766515, 0.6770462413814455, 0.48571463761956485, 0.5555468570585269, -0.13640635173318683]], "inverted": false, "swapped": false, "error_lsq": 0.05135418891998691, "error_max": 0.4519715606379319, "target": "137.xyz", "model": "23.xyz", "model_rescale": 4.274766983524099, "target_rescale": 4.0599573852253785},
{"mapping": [3, 11, 12, 4, 13, 8, 9, 7, 1, 0, 14], "R": [[0.07925577153444055, 0.8763632050675874, 0.47508531389861586], [0.17301037952771842, 0.4572591111277856, -0.8723425438818757], [-0.9817259960162791, 0.15133287182331934, -0.1153795070692858]], "T": [-0.05342894225320327, 0.06872102306731936, -0.01238174296371878], "aligned_model": [[0.19510750349349382, -0.014152109976056981, -0.47962303509895066, -0.3183827897764262, -0.5003250362467269, -0.5384157703383959, 0.030323429183725853, 0.06430029833937426, 0.548415709416262, 0.41950150549108245, -0.026855000529306686], [-0.27028024591353017, 0.8460420394215036, 0.4623618386441496, -0.18520269059764755, 0.43645596685230076, -0.18258288962368696, -0.5382001071460334, -0.11613638970159543, -0.15291847988378032, 0.5476520112043161, 0.06839547798748709], [-0.7270616885688368, -0.1651404418795226, -0.6222870243290639, -0.5393107471416602, 0.1452047375510396, 0.47046748809412176, 0.3282403880218943, 0.6395471702342012, 0.39541324674881323, 0.45254387124223755, 0.00194943404835329]], "inverted": true, "swapped": true, "error_lsq": 0.05707087493065546, "error_max": 0.3423245742689006, "target": "137.xyz", "model": "24.xyz", "model_rescale": 3.7841303162186577, "target_rescale": 4.0599573852253785},
{"mapping": [0, 8, 10, 14, 13, 12, 9, 1, 4, 2, 5, 7, 11, 6, 15], "R": [[0.17237244137397956, 0.8611647949097634, 0.4782080483040819], [-0.11861098229803013, 0.5000882143801773, -0.857813040654164], [-0.9778646002044814, 0.09114260170782401, 0.18834502865979388]], "T": [-0.0032338804388269003, -0.05395304647466384, -0.06727105571071798], "aligned_model": [[0.31152627737455896, 0.4560907103166939, -0.5242468039453183, -0.6401102998526295, -0.6188615048512639, -0.25450399242857635, -0.14539985805683017, 0.6941550757066389, 0.5745721147517698, 0.4231872810650997, 0.2309589464509986, -0.13445740092079125, -0.5357166781215614, 0.16511424501556343, 0.005990656867619496], [-0.639260135093915, -0.34484808023737334, -0.6317064214004596, -0.07715027813757122, 0.42828283600097594, 0.41563085466136007, -0.18241064735962623, -0.2562664967123991, 0.4084349595333747, 0.14609300453398064, 0.7002926368994948, -0.40165114839239835, 0.12023520254201944, 0.29270486137758733, -0.010043943609855124], [0.2484370443072285, -0.2993460076084366, -0.06597622820467171, -0.5396578433629479, -0.08851202989460821, -0.6072027153146602, -0.6199266339046965, 0.09321042453683134, 0.02781788518184533, -0.65628684363555, -0.4488544861535032, 0.46629428958016894, 0.4576556946451349, 0.543886580110452, -0.014407380132763666]], "inverted": true, "swapped": false, "error_lsq": 0.04261516697359925, "error_max": 0.2859941938615637, "target": "137.xyz", "model": "25.xyz", "model_rescale": 4.19342608120988, "target_rescale": 4.0599573852253785},
{"mapping": [1, 6, 2, 13, 0, 7, 11, 8, 3, 9, 4, 14], "R": [[-0.6686803759218138, 0.30117009359965713, -0.6798258082613778], [-0.19228926536098423, 0.8131516677887003, 0.5493716443350426], [0.7182557993389228, 0.49807724289875893, -0.485826786851421]], "T": [-0.01639686259730571, 0.14810920648060513, -0.06974118354744854], "aligned_model": [[-0.1309190054077441, 0.4375568794409857, 0.014741632880154586, -0.4156394154069159, -0.6208477782596276, -0.39832215906410345, -0.3708749370373877, -0.29301752499917894, 0.7777468345636999, 0.10043522740407354, 0.5213532867516326, -0.024404486233808257], [-0.5611801810444862, -0.3502531553815186, -0.4280608105136694, 0.5889870029283076, -0.35326458336427957, -0.1526955386295117, 0.2577787194493848, 0.45759115839894826, 0.039784200977474066, -0.10216913391261986, 0.49722365188581175, 0.11903509694713921], [0.1781116986157036, -0.036431585394547245, -0.5408085024563763, -0.1472702695327998, -0.2987768575326045, 0.41677019170243135, -0.770757406455678, 0.5296011146864192, -0.28201725692209356, 0.5745430465978079, -0.10546022619047282, -0.06824548590836865]], "inverted": false, "swapped": true, "error_lsq": 0.057768674203464154, "error_max": 0.31007705861739954, "target": "137.xyz", "model": "26.xyz", "model_rescale": 3.795458400668931, "target_rescale": 4.0599573852253785},
