[{"mapping": [3, 6, 2, 1, 8, 5, 11, 4, 0, 10, 9, 7, 12, 13], "R": [[0.5639975249123088, 0.817750225598287, 0.11485364785996166], [0.16072146581421565, -0.2451301496724797, 0.9560752167837411], [0.8099848161041782, -0.5207646092578663, -0.26968281262472454]], "T": [-0.0372524501319287, -0.07934133701952603, 0.0800394078078986], "aligned_model": [[-0.5069310979369903, -0.3060599339522854, -0.6479904344932844, -0.23794263913263908, 0.3704402784883935, 0.09808180395438003, 0.6209882572563483, -0.14840039815487455, -0.4892532056541759, 0.8724379882385719, 0.12761001818062345, 0.32887205545217874, 0.19415225577518486, 0.07607381049150898], [-0.2682910522713591, -0.35930301092670636, 0.29761838969019705, -0.26229344761144613, -0.16269802995523547, -0.8226547156815406, -0.27548806679374593, 0.28403040134556223, 0.3947192795092853, 0.30987848997066036, 0.6323455862222255, 0.39085475987866536, 0.13581495048187744, 0.005107242189411568], [-0.04996166411072993, -0.5786792589785462, -0.19592929387195263, 0.5892506475618858, -0.5813360017709863, 0.04040203636931457, -0.04368396257595579, -0.7968935086793902, 0.48792944623034823, 0.27082766021522336, 0.13540421244774553, -0.38500140690406653, 0.5650955303403964, -0.000988108370864299]], "inverted": false, "swapped": false, "error_lsq": 0.04336419578880624, "error_max": 0.3106339245762993, "target": "138.xyz", "model": "0.xyz", "model_rescale": 3.8414455957264533, "target_rescale": 4.054181530373519},
{"mapping": [12, 10, 8, 11, 5, 1, 3, 6, 13, 7, 9, 4, 0, 14], "R": [[-0.5801383299168014, -0.8088911613235659, 0.09557513951837768], [0.3160188645449735, -0.11538079992357331, 0.9417108623461353], [-0.7507140570237446, 0.5765261140153229, 0.3225616909140647]], "T": [0.08214043320228875, 0.10507641166992394, -0.07187620631579829], "aligned_model": [[-0.5850809367285419, -0.26330707761287414, -0.6676854664493515, -0.3104060613725797, 0.2762685953255989, 0.27300044911296867, 0.5158097887467199, -0.007304206267420371, -0.35743004413843865, 0.4340617066095089, -0.05164015773083308, 0.6176039475486543, 0.3995781244815472, 0.07861009698798108], [-0.2570639144131609, -0.2572558727626701, 0.3292712710765998, -0.4003961558578925, -0.1181452551338306, -0.6876412795785873, -0.5192786270388146, 0.4077962026220407, 0.35847833511819005, 0.5663557812722404, 0.771064399678996, 0.02140120050555744, 0.06970735404881985, 0.015347336510362963], [0.005322055317059954, -0.5385266465168717, -0.18050485229741975, 0.4908583094230121, -0.6607812318695566, 0.2173797486392316, -0.26026027607952074, -0.7862903428078493, 0.4915173162618879, 0.2043985892010054, -0.008060586670964334, -0.02611029445304957, 0.5788923481069366, -0.07139780835147946]], "inverted": false, "swapped": false, "error_lsq": 0.049778564549681756, "error_max": 0.31778520782901015, "target": "138.xyz", "model": "1.xyz", "model_rescale": 4.316132596720782, "target_rescale": 4.054181530373519},
{"mapping": [1, 0, 2, 11, 7, 4, 10, 6, 8, 5, 12, 13], "R": [[0.48232915914927244, 0.26442216720963796, -0.8351284330703357], [-0.8032064084129066, -0.2469753043915766, -0.5420910112749768], [-0.34959697898980024, 0.9322468109405613, 0.09326218833138564]], "T": [0.06346952032107259, 0.06750074853330773, -0.03704881538462716], "aligned_model": [[-0.25452209286037597, 0.33070708426062845, 0.12955751274812474, -0.48681368799261704, -0.5520881080316126, -0.571265229123631, -0.10198272565686908, -0.29582948472584647, 0.5570098227662267, 0.39297078589896883, 0.4431082357634055, 0.0069564415853787046], [-0.5901934572492704, -0.4313984771355241, -0.6186962351812513, 0.39497311401232765, -0.2686777279836616, -0.09080588786488256, 0.3877175421025171, 0.3396435200726798, 0.033933592384595535, 0.05820427091805368, 0.6873527485966229, 0.11072342506877353], [0.1486648488474797, 0.05249448995469104, -0.3975925441525175, 0.003605773749428595, -0.40748768676651154, 0.32243962471751186, -0.6684435182461521, 0.530253047536377, -0.5399841920268155, 0.6301855835647907, -0.13031045964624413, -0.09456650632261693]], "inverted": true, "swapped": true, "error_lsq": 0.04685990499873358, "error_max": 0.33978031118073, "target": "138.xyz", "model": "2.xyz", "model_rescale": 3.795458400668931, "target_rescale": 4.054181530373519},
{"mapping": [7, 2, 1, 3, 11, 5, 0, 10, 8, 12, 4, 13], "R": [[-0.39599578263935864, -0.5439295052172384, -0.7398162160198792], [-0.8486221778740521, 0.5245344180734576, 0.06858602974834077], [0.3507531031254648, 0.6549842269936506, -0.6693040587336876]], "T": [0.10448355405673522, 0.08103795382724471, 0.07326871894654614], "aligned_model": [[-0.1945231155597394, -0.30466188782116393, -0.6280972284622899, 0.28960862589549474, 0.21043541908103053, -0.10220178087120117, -0.2848578089017016, 0.6072677327871489, 0.43561642045016485, 0.7817546734062891, -0.36758694509565154, 0.15054972083518445], [-0.18363212796048112, -0.5795242624544092, -0.006237818562933595, 0.014588124874998429, 0.46228702010438094, 0.49670437269117795, -0.19254264461810605, -0.19994148557854796, -0.4964337215993411, 0.20184358160683052, 0.49239261142290436, 0.0762653953632363], [-0.6120756314777352, 0.03475548268342009, -0.08125712385569471, 0.8082906061210653, -0.4318311789773959, 0.6549575122109833, 0.3924885737932478, -0.37038783249169704, 0.30678588333038564, 0.32575559331303644, -0.33307832651063796, -0.00563212749987721]], "inverted": true, "swapped": true, "error_lsq": 0.05587711394958006, "error_max": 0.3754387486183668, "target": "138.xyz", "model": "3.xyz", "model_rescale": 3.7530521520055578, "target_rescale": 4.054181530373519},
{"mapping": [5, 1, 0, 2, 3, 7, 12, 11, 9, 10, 13], "R": [[0.8642743955522056, -0.35168225625206473, -0.35965172018263264], [-0.0278160429026951, -0.7473038107241655, 0.6639000544015461], [-0.5022509700837869, -0.5637877305463446, -0.6556579580355121]], "T": [-0.0812873907508867, -0.09286166475879364, -0.006992384571429847], "aligned_model": [[-0.3145096127269849, -0.13180243489571053, 0.23184474844141845, 0.48217029134033823, 0.2330997788317976, -0.08110291882184525, -0.038031549508665, -0.5868052005439757, -0.4627842219193266, 0.10234333006577057, -0.09622260781761172], [-0.7607019188165678, 0.13509056825451154, -0.2770642357104077, 0.18688025841316797, -0.7785981906283724, 0.6612906835744877, -0.41999838429185854, 0.2528499647788426, 0.10828210488302455, 0.37943774441614936, -0.02026523655863112], [-0.23819801143084687, -0.7236903050620128, -0.4501086590909571, -0.46468835404056047, 0.09235635123727982, -0.252769358270435, 0.6473395567757351, 0.18441756372416376, 0.7371893777650612, 0.5143381610997776, 0.046644454538111335]], "inverted": true, "swapped": true, "error_lsq": 0.05393830699134566, "error_max": 0.28299928525284895, "target": "138.xyz", "model": "4.xyz", "model_rescale": 3.7855080009869324, "target_rescale": 4.054181530373519},
{"mapping": [6, 7, 8, 11, 5, 4, 0, 10, 13, 2, 14, 3, 12, 16], "R": [[-0.00950624933609509, -0.7089995825094234, -0.7051448242914526], [0.9991877509028911, -0.03435070436068258, 0.021068164503513787], [-0.03915954122793225, -0.7043717918197665, 0.7087502445992027]], "T": [0.013121728194232372, 0.096491320047152, -0.022087436318921932], "aligned_model": [[-0.44796402636560856, -0.2884395498757446, -0.6310813426298723, -0.25000626790470964, 0.3451359786259172, 0.07409933166280247, 0.628722340739966, -0.13321579353904298, -0.5335349087544149, 0.6948000923933967, 0.19642336418709985, 0.5719578200210831, 0.08744237566867744, 0.03773934428339033], [-0.3516071733015044, -0.35429753435401345, 0.29394464161884637, -0.2376042357031789, -0.2505800045190171, -0.6377287534992511, -0.3719307522638259, 0.32947103087547847, 0.26878345661971254, 0.3456765493419949, 0.6698990971303959, 0.2594016439954925, 0.1936485063138187, 0.14256430379290258], [0.09053909371556332, -0.539020387669864, -0.22537162976425296, 0.6499096214106285, -0.6735559910423828, -0.08692106449205642, -0.12253907306875308, -0.6968244652046925, 0.4210260703931342, 0.11577850168869389, 0.28662186052142336, -0.40100570484391507, 0.6473169149709964, -0.009517418712100939]], "inverted": false, "swapped": false, "error_lsq": 0.04225962463306001, "error_max": 0.3039929751775293, "target": "138.xyz", "model": "5.xyz", "model_rescale": 4.2253639853439635, "target_rescale": 4.054181530373519},
{"mapping": [3, 6, 7, 4, 11, 2, 5, 12, 0, 8, 9, 11, 1, 13], "R": [[-0.6692382386433469, 0.7226745912313972, 0.17280513628386013], [0.6646441554894444, 0.6861881602308983, -0.2956246866089809], [-0.3322172880981268, -0.0829894206960612, -0.9395447991135165]], "T": [0.08289282810262548, 0.007130631138728869, 0.0783823864970287], "aligned_model": [[-0.529096836734183, -0.13197047320016125, -0.5911757447382242, -0.22559104123380408, 0.3806913162369212, 0.09832771768107987, 0.5294875930666528, -0.16958048568059264, -0.522476427669203, 0.7605903984032577, 0.1669321431252757, 0.3806913162369212, 0.17204066644188593, 0.03320861657711379], [-0.3446492268701289, -0.32916614646671044, 0.12462139431624486, -0.32575811547056205, 0.08213125235281253, -0.6614131698512028, -0.378195707920207, 0.524207472197307, 0.4738944537417028, 0.2908382958823605, 0.6016958874916816, 0.08213125235281253, 0.18717211476422713, -0.027868980472486204], [0.009614266480987066, -0.42605413800191627, -0.3231380933083937, 0.6214607389901524, -0.6366314288209814, 0.13299522728441102, -0.15143927215342984, -0.6566227364356172, 0.3207091233667382, 0.15649025916698173, 0.1880454019300111, -0.6366314288209814, 0.7843168799534915, 0.07332152827096838]], "inverted": false, "swapped": false, "error_lsq": 0.052084666828792155, "error_max": 0.40075772715624164, "target": "138.xyz", "model": "6.xyz", "model_rescale": 3.89814844738969, "target_rescale": 4.054181530373519},
{"mapping": [10, 8, 2, 9, 7, 3, 12, 11, 6, 5, 0, 4, 13], "R": [[0.45267147021620907, -0.496009447912526, 0.7409879672665455], [0.7868533339576816, 0.6131263208037978, -0.07027051712688487], [-0.419464385725388, 0.614858310766887, 0.6678314808309903]], "T": [-0.0580014372942093, 0.13968328159005963, -0.020965690154066092], "aligned_model": [[0.172379438938149, -0.021417118329970217, 0.5467878133727291, -0.32379503736019016, 0.6896539136681971, -0.5899075044071838, -0.6068158296468825, 0.0016385183208731252, -0.3548041458190099, -0.5952146845072044, 0.07121416084091244, 0.18292749025549215, -0.024015214421689635], [-0.3813860291807626, 0.3151638824664227, 0.5862681944295199, -0.6701417971466047, -0.08669685788317036, 0.5858117713611147, -0.12144917620453674, -0.4229593640098521, -0.11436486859383646, 0.5378868377788752, 0.697926849823723, -0.019142056689212233, 0.05686387931880542], [-0.47261149897300725, -0.7032566277384514, -0.2210096389696846, -0.1364743377292531, 0.11656840727816785, -0.33239682700406936, -0.43041946381880675, 0.28165434250843696, 0.5892445657438182, 0.3056764787591458, -0.022308898525295055, 0.6674447220548387, -0.03983619274954424]], "inverted": true, "swapped": true, "error_lsq": 0.05154438332200813, "error_max": 0.31913952041821675, "target": "138.xyz", "model": "7.xyz", "model_rescale": 3.7474275329858107, "target_rescale": 4.054181530373519},
{"mapping": [8, 4, 2, 5, 13, 9, 11, 1, 3, 10, 0, 12, 6, 14], "R": [[-0.4066438312031224, 0.7948491662066218, 0.4503949350570944], [-0.38166070615710523, 0.3001145191401986, -0.8742233014378575], [-0.8300457215841222, -0.5273955615872068, 0.18132297619995252]], "T": [0.09321370521812482, 0.032375504324742066, -0.051947546445998534], "aligned_model": [[-0.4591207215498551, -0.3731199026225451, -0.644016813057812, -0.15895894575176356, 0.23023504619718693, 0.1706495175773865, 0.58685245768848, -0.11080620056088984, -0.4348864217227086, 0.7337990621523034, 0.07665088657578921, 0.5517559903823874, 0.11728756177148064, 0.0657572414334999], [-0.36419052387515544, -0.35458201190398475, 0.2292025618897804, -0.23683665062879294, -0.28509222035061077, -0.676605084659176, -0.34551182393667895, 0.6554963734411785, 0.2608176239376603, 0.28011980833265704, 0.6463980265455711, 0.12854157698343122, 0.32820854925371146, 0.03367457101825996], [0.0016470628087519104, -0.5469452158121526, -0.4073906054339729, 0.5620192553845078, -0.8817374141825973, 0.21580356839141246, -0.05056740557522165, -0.4192322868959001, 0.3759063899580561, 0.26982336585249805, 0.18662163193032472, -0.4533621425746088, 0.7088686977000154, -0.10501857364869141]], "inverted": false, "swapped": false, "error_lsq": 0.048302489127247786, "error_max": 0.33463260660556865, "target": "138.xyz", "model": "8.xyz", "model_rescale": 4.019505241142653, "target_rescale": 4.054181530373519},
{"mapping": [6, 5, 12, 9, 11, 10, 8, 4, 1, 0, 3, 2, 13], "R": [[0.1209922373810361, -0.9764268139440955, 0.1787499804322069], [0.693905763938157, -0.04557077004388583, -0.7186223595818675], [0.7098279152491359, 0.21098336884359065, 0.6720344848327915]], "T": [0.039871230547462486, -0.0538710852801607, 0.04249470195932012], "aligned_model": [[-0.35282043817707986, -0.7000623677477072, 0.023797185162761192, 0.34069596412284225, 0.20934707029905691, 0.7036272442254627, 0.3366878345739321, -0.08243321882771365, -0.05388340738437243, -0.16071212707387011, -0.3819392569721614, 0.3219304335153264, 0.11546585602469948], [-0.627768043665316, 0.016715191417427652, 0.23226050975428136, -0.3699766112617192, -0.6272384067629314, -0.03436475678746458, 0.5838929447496064, -0.7413854474406361, -0.30974362493090674, 0.23929950293478242, 0.5527493557222122, 0.24147246042221548, -0.09253484603749271], [-0.16103515155873374, 0.005412370441317191, -0.6319755538144938, -0.6987116928894778, -0.1903795334516769, -0.25351200208555436, -0.010512116113174402, 0.3062118901240637, 0.7452814482594906, 0.4921075124256764, -0.13925127404351778, 0.7046430989134569, 0.008424497836503064]], "inverted": true, "swapped": true, "error_lsq": 0.05828644285895664, "error_max": 0.3486763436603296, "target": "138.xyz", "model": "9.xyz", "model_rescale": 3.877068213659057, "target_rescale": 4.054181530373519},
{"mapping": [4, 1, 7, 13, 0, 3, 12, 8, 2, 10, 9, 11, 14, 15], "R": [[0.7346827255075896, 0.6782786981229307, -0.013390314163686606], [-0.6775731506477665, 0.7346131572127446, 0.03518713928672189], [0.0337033879899243, -0.01677846603793147, 0.9992910310392138]], "T": [0.055146113924054344, -0.0652189064605076, 0.023115088920364242], "aligned_model": [[-0.5544614334756888, -0.3496534616688364, -0.6608030844298359, -0.10859494097837898, 0.341633396683899, -0.026075466927373572, 0.634554940056218, -0.0860926372057187, -0.42546444522097393, 0.6358009080722168, 0.058969905301578585, 0.6051296638593127, 0.1956547968827867, 0.09148061756373435], [-0.3585217260515915, -0.27979672793414323, 0.13395604089873633, -0.16941130299423088, -0.10943871380410086, -0.684126662859549, -0.4432696803350556, 0.5164712996125913, 0.28800972592536483, 0.2608781353864325, 0.5835456175186904, 0.2590923681293712, 0.374794375892674, -0.07254197333733807], [0.0441572826786455, -0.7137704329450602, -0.31457212602517215, 0.7714273949849305, -0.7183265346004403, 0.13764712199986937, -0.25894561427406115, -0.46372272303145595, 0.3139730983521393, 0.26747447341645486, 0.14450402970657883, -0.34701403481647924, 0.652533207506545, -0.058928815050072074]], "inverted": false, "swapped": false, "error_lsq": 0.04336484398307052, "error_max": 0.2601454214778373, "target": "138.xyz", "model": "10.xyz", "model_rescale": 4.260839863003843, "target_rescale": 4.054181530373519},
{"mapping": [7, 2, 0, 1, 5, 6, 11, 10, 8, 3, 12, 13], "R": [[-0.028147545290083398, -0.9957743190080339, -0.08741407951942878], [-0.9786942202547131, 0.045245966102889335, -0.20027587421213633], [0.20338470673618012, 0.07991438015465366, -0.9758321335713104]], "T": [-0.006897590975267711, 0.07051097731495914, -0.042012355988516256], "aligned_model": [[0.3556500769019633, 0.09692761260940734, -0.3019697578328065, -0.3219345533251179, -0.6952854966565636, -0.37333993182229436, 0.171079518986171, 0.7130622856772592, 0.3479048170031704, -0.302719981918038, 0.19794760924898888, 0.07157645022199077], [-0.1816940908353139, -0.6869206709986767, -0.41577409898350426, -0.3495283574950722, 0.2097837174353511, 0.6235943146960592, 0.535834689840538, 0.1709980695402006, -0.28756858273898867, -0.022731703255524205, 0.47287010050557493, 0.10421511782229025], [-0.7008779807127345, -0.1860378009256532, 0.027223454108521075, -0.5828344792619244, 0.20412672426074852, -0.33322997143856836, -0.4463643635429215, -0.030495772681026045, 0.45149251445559524, 0.6527818309140611, 0.5352097593760462, -0.07481583715663943]], "inverted": true, "swapped": true, "error_lsq": 0.047815364205157584, "error_max": 0.2577799592944852, "target": "138.xyz", "model": "11.xyz", "model_rescale": 3.890672605050136, "target_rescale": 4.054181530373519},
{"mapping": [7, 12, 5, 3, 10, 4, 2, 9, 8, 1, 6, 11, 0, 13], "R": [[-0.23052022167068353, -0.7484062207228409, 0.6218911128037233], [0.8069247492728547, 0.21014686516708003, 0.5520061087265157], [-0.5438132734789026, 0.6290679008213688, 0.5554644000693086]], "T": [0.06903482289739171, 0.14353672798454292, -0.03511807327518481], "aligned_model": [[-0.6438085197502286, -0.29032295396987684, -0.6427234624510659, -0.24598886917305174, 0.3228682792825457, 0.25302883529695863, 0.6396110183107041, -0.14491577541002654, -0.40812047166771653, 0.662912021501457, 0.16189942822556996, 0.48596112452063805, 0.21648866047385873, -0.014810556676825931], [-0.32287483430649017, -0.2985017217796285, 0.24341788599719089, -0.3484874899324097, -0.4256001551315692, -0.5148621456310669, -0.25233062935242057, 0.5379201144281152, 0.3707890670847213, 0.3383768620874903, 0.704677417522851, 0.21932781838415866, 0.05002716359684184, -0.0022385769199325667], [0.0006421515648012757, -0.5153223463508991, -0.3324328548568204, 0.6802387596547543, -0.6763608425435836, 0.1188759865061775, -0.18774826127679378, -0.6711269584352894, 0.45464742681655823, 0.42818041097786275, 0.057378605385571414, -0.38610287853896136, 0.5289810907901513, -0.043413961791107326]], "inverted": true, "swapped": false, "error_lsq": 0.04166867744102602, "error_max": 0.28500815501548615, "target": "138.xyz", "model": "12.xyz", "model_rescale": 4.124412569039231, "target_rescale": 4.054181530373519},
{"mapping": [6, 12, 10, 5, 11, 4, 3, 1, 8, 0, 7, 2, 13], "R": [[0.02017566502681957, 0.8121076733087004, -0.5831587000927407], [-0.3992908041568318, 0.5412872520232604, 0.7399830839369901], [0.9166023108505219, 0.21792025548405747, 0.33518795621747355]], "T": [0.08010522754530336, 0.14165624149548112, 0.043351605349253745], "aligned_model": [[-0.08593742152117115, -0.1867061648471111, 0.605234793687545, -0.617563847633945, 0.410807060530445, 0.29735960810244033, -0.5750578223137084, 0.24250158755053072, 0.0821589395646582, -0.12275478562165953, 0.809156984435907, 0.3520683158750305, 0.15603105970079595], [-0.44449573560656347, 0.5942752871025025, 0.5501091923934758, -0.1162938478522958, -0.18450644943739447, -0.5722806279070387, 0.5193800924832257, -0.3438576337934347, 0.8225806573325918, 0.1493388579517616, -0.07696883169854707, 0.29599041281160354, 0.15421400272859076], [0.4355818505278104, 0.5542209340224357, 0.3365710403300647, 0.019292000221916523, 0.48602163124414577, 0.0599592085439643, -0.040494188290656354, -0.5098875821774651, -0.14101351980086116, -0.49248712873655687, -0.1798942960078986, -0.6689985513196236, 0.09282668241056338]], "inverted": false, "swapped": true, "error_lsq": 0.05116471000483323, "error_max": 0.4595724552033438, "target": "138.xyz", "model": "13.xyz", "model_rescale": 3.9028299243045295, "target_rescale": 4.054181530373519},
{"mapping": [5, 0, 4, 13, 2, 12, 1, 3, 10, 9, 7, 6, 14, 15], "R": [[-0.5140737653373691, 0.7960903228326607, -0.3193248529069571], [-0.7802724015488872, -0.27941193785693136, 0.5595569214692697], [0.35623467429910827, 0.5368139033922505, 0.7648056550207927]], "T": [0.03312110939398451, -0.07818531311851801, -0.09786130042711197], "aligned_model": [[-0.4066949829347943, -0.45695890088523716, -0.5427665061362336, -0.28466462644252644, 0.22574896144427953, 0.1268901067979324, 0.6507088132288326, -0.011065387256012457, -0.3173114963283312, 0.4987220681198635, 0.024675954254172308, 0.5450320220208508, 0.2188659405950849, 0.08089679203505923], [-0.29188991962601163, -0.1255400900942294, 0.25926119070773496, -0.37463202708242005, -0.4587434999500838, -0.6853090247326468, -0.25800741571802066, 0.3037119655861051, 0.3480112587925646, 0.4424609199560889, 0.8125527495673794, 0.26889897591665274, 0.041475718911491766, 0.017389973813246556], [0.05377635894968394, -0.7647912201840735, -0.2155328144696659, 0.5683090409076593, -0.6980443946623169, 0.2290155309369795, -0.1897753648106438, -0.5886682556243201, 0.40304395307586705, 0.23827662317334483, 0.06688802088987886, -0.3466342412541159, 0.7590113551516153, -0.05843826417747034]], "inverted": false, "swapped": false, "error_lsq": 0.04330768616107906, "error_max": 0.26883839333956816, "target": "138.xyz", "model": "14.xyz", "model_rescale": 3.942246331269136, "target_rescale": 4.054181530373519},
{"mapping": [3, 4, 13, 1, 10, 5, 9, 11, 12, 7, 8, 6, 0, 14], "R": [[-0.007733783653960907, -0.9157924620362314, 0.40157733385739225], [0.6872140105755176, -0.2965963012345621, -0.6631497099167649], [0.7264138574250263, 0.27084091376967884, 0.631639222317059]], "T": [0.03507101085674935, -0.016783069302335727, -0.07540028590621484], "aligned_model": [[-0.46767228856510845, -0.3310543553658203, -0.6494727003906413, -0.32968764882971335, 0.1973748155686082, 0.14228789322374066, 0.759631916015139, -0.026776422798578725, -0.6626123564288098, 0.7951121865526836, 0.2073176804119757, 0.44536637030058557, 0.23761295220742795, 0.03465071661145125], [-0.5147980308816408, -0.18987854814002614, 0.3759696769725292, -0.31822669022302597, -0.29624594344461685, -0.5446412213524527, -0.31964434293474897, 0.4655950616505309, 0.13509283620432108, 0.2573592728163966, 0.7223435243641335, 0.28587327359932757, 0.24505209591048574, -0.004210188493362011], [0.050211032971640035, -0.4992565685503968, -0.2705285365274841, 0.5824175455415022, -0.7114494137221031, 0.26023324882899684, -0.2527385214398109, -0.6022752790357225, 0.3224035432638488, 0.20417599283258858, 0.07580781457099503, -0.3052833985062162, 0.5812096371989194, 0.021509230475664942]], "inverted": true, "swapped": false, "error_lsq": 0.04841690566012886, "error_max": 0.31817636521519954, "target": "138.xyz", "model": "15.xyz", "model_rescale": 4.355366556412066, "target_rescale": 4.054181530373519},
{"mapping": [1, 0, 2, 11, 7, 4, 10, 6, 8, 5, 12, 13], "R": [[0.48232915914927244, 0.26442216720963796, -0.8351284330703357], [-0.8032064084129066, -0.2469753043915766, -0.5420910112749768], [-0.34959697898980024, 0.9322468109405613, 0.09326218833138564]], "T": [0.06346952032107259, 0.06750074853330773, -0.03704881538462716], "aligned_model": [[-0.25452209286037597, 0.33070708426062845, 0.12955751274812474, -0.48681368799261704, -0.5520881080316126, -0.571265229123631, -0.10198272565686908, -0.29582948472584647, 0.5570098227662267, 0.39297078589896883, 0.4431082357634055, 0.0069564415853787046], [-0.5901934572492704, -0.4313984771355241, -0.6186962351812513, 0.39497311401232765, -0.2686777279836616, -0.09080588786488256, 0.3877175421025171, 0.3396435200726798, 0.033933592384595535, 0.05820427091805368, 0.6873527485966229, 0.11072342506877353], [0.1486648488474797, 0.05249448995469104, -0.3975925441525175, 0.003605773749428595, -0.40748768676651154, 0.32243962471751186, -0.6684435182461521, 0.530253047536377, -0.5399841920268155, 0.6301855835647907, -0.13031045964624413, -0.09456650632261693]], "inverted": true, "swapped": true, "error_lsq": 0.04685990499873358, "error_max": 0.33978031118073, "target": "138.xyz", "model": "16.xyz", "model_rescale": 3.795458400668931, "target_rescale": 4.054181530373519},
{"mapping": [10, 8, 2, 9, 7, 3, 12, 11, 6, 5, 0, 4, 13], "R": [[0.45267147021620907, -0.496009447912526, 0.7409879672665455], [0.7868533339576816, 0.6131263208037978, -0.07027051712688487], [-0.419464385725388, 0.614858310766887, 0.6678314808309903]], "T": [-0.0580014372942093, 0.13968328159005963, -0.020965690154066092], "aligned_model": [[0.172379438938149, -0.021417118329970217, 0.5467878133727291, -0.32379503736019016, 0.6896539136681971, -0.5899075044071838, -0.6068158296468825, 0.0016385183208731252, -0.3548041458190099, -0.5952146845072044, 0.07121416084091244, 0.18292749025549215, -0.024015214421689635], [-0.3813860291807626, 0.3151638824664227, 0.5862681944295199, -0.6701417971466047, -0.08669685788317036, 0.5858117713611147, -0.12144917620453674, -0.4229593640098521, -0.11436486859383646, 0.5378868377788752, 0.697926849823723, -0.019142056689212233, 0.05686387931880542], [-0.47261149897300725, -0.7032566277384514, -0.2210096389696846, -0.1364743377292531, 0.11656840727816785, -0.33239682700406936, -0.43041946381880675, 0.28165434250843696, 0.5892445657438182, 0.3056764787591458, -0.022308898525295055, 0.6674447220548387, -0.03983619274954424]], "inverted": true, "swapped": true, "error_lsq": 0.05154438332200813, "error_max": 0.31913952041821675, "target": "138.xyz", "model": "17.xyz", "model_rescale": 3.7474275329858107, "target_rescale": 4.054181530373519},
{"mapping": [2, 1, 7, 6, 3, 0, 8, 11, 9, 5, 12, 10, 4, 13], "R": [[0.6730019985074147, 0.7396065563194668, -0.0071029468733188605], [0.49289087838211765, -0.4556228897725956, -0.7412599842990135], [-0.5514770095051382, 0.4953684731233194, -0.6711804405841555]], "T": [0.011137056931188504, 0.03962647963067466, -0.09336943339627449], "aligned_model": [[-0.5604170075365256, -0.2967883822822862, -0.6109386773047565, -0.2540449265176751, 0.3395375652686431, 0.02047686425621013, 0.6544324969337308, -0.056915598215792756, -0.2225420774299055, 0.4884230779077651, -0.049670801241773074, 0.5540681086906372, 0.38500548480165314, -0.038547368816984715], [-0.33649440988403, -0.3605348575608879, 0.4130093111617613, -0.18562447402241417, -0.21218235721648382, -0.7723803346120844, -0.27803291486183235, 0.33062569116575236, 0.32288910664271764, 0.45223787021541595, 0.7777529519582465, 0.38166033377379116, -0.19096488913948195, -0.04232025157261833], [0.09555317422596318, -0.5662026438541756, -0.2959189928352801, 0.5950630868937192, -0.6312677482464111, 0.10587938693480278, -0.04734838189493171, -0.7509596985458307, 0.465987797859889, 0.26042405327408036, 0.010113118500995194, -0.347688300409402, 0.6110990480214384, -0.048297572022434544]], "inverted": true, "swapped": false, "error_lsq": 0.05307893747140608, "error_max": 0.3499266282340715, "target": "138.xyz", "model": "18.xyz", "model_rescale": 3.922800546911778, "target_rescale": 4.054181530373519},
{"mapping": [3, 7, 12, 0, 11, 2, 10, 13, 5, 6, 8, 4, 1, 14], "R": [[0.45198064798823956, -0.8375414566332455, -0.3069817621045141], [-0.7228431465412759, -0.5455384316080472, 0.42412923164636934], [-0.5226961635046106, 0.030201457900132206, -0.8519839156922318]], "T": [0.03567196168299988, 0.051612300833044716, -0.01771463085791242], "aligned_model": [[-0.47921029418343664, -0.38171782436601864, -0.690444417799452, -0.426873010361401, 0.26246326853296653, 0.2405436155657313, 0.7225183542035987, -0.023479775397514197, -0.48444896989064845, 0.6452183149357513, 0.08347837787438317, 0.6100819088725661, 0.2853760465162638, -0.011426835989849629], [-0.32622236309019237, -0.29635083658539385, 0.2639772330614034, -0.3022066565631747, -0.15224408469283857, -0.5834745766707695, -0.3372511606955464, 0.3903990023551107, 0.36268015034411205, 0.2976688470113422, 0.6554505202048511, 0.27517513240752123, 0.056176992956670974, -0.004137423995245082], [0.01815280447010056, -0.6033070151650571, -0.23281968327057376, 0.5817075324797261, -0.6613386592987495, 0.24271045673081376, -0.18393102184492569, -0.6123055740216489, 0.4462301177116077, 0.1912762570587404, 0.0687989832062405, -0.39710890071480803, 0.6791426411420606, -0.08077161058110467]], "inverted": false, "swapped": false, "error_lsq": 0.03427957643267922, "error_max": 0.21852281650589678, "target": "138.xyz", "model": "19.xyz", "model_rescale": 3.9282355846067225, "target_rescale": 4.054181530373519},
{"mapping": [5, 1, 2, 6, 0, 3, 4, 10, 7, 9, 12, 11, 8, 13], "R": [[-0.7327921377490514, 0.3818208479321755, 0.5632304350241828], [0.6259583155448268, 0.05369183100559077, 0.7780060247090319], [0.2668180467162197, 0.9226754723994901, -0.2783488864337696]], "T": [0.024382533619453837, 0.025063585034813783, 0.07562849048565905], "aligned_model": [[-0.555712932677545, -0.2942732369824573, -0.6624496298056634, -0.18758232729273808, 0.32597567935869454, -0.018700955452435244, 0.5227111135741075, -0.03272474006883494, -0.40906904530475946, 0.46414069220515863, 0.008397353134935757, 0.6117501767233258, 0.5880067788772303, -0.008390167776079125], [-0.3622504838088466, -0.3050224968338807, 0.19310359722018938, -0.3319280162130514, -0.3183130619345721, -0.7046910131551314, -0.36326504931991466, 0.5395694426024907, 0.37948136319300746, 0.5429979498348927, 0.8736709657000266, 0.14071900912859306, 0.016879414350606657, -0.0013108447165584639], [0.1097930087177078, -0.5168261277977068, -0.34714845300746716, 0.5800806174848666, -0.5811294869733207, -0.10313702221626357, 0.0602225474641388, -0.6130345844732834, 0.348768644313577, 0.20517223195638318, 0.12466248637595816, -0.3180544352785216, 0.586394883894622, -0.0793279825582688]], "inverted": false, "swapped": false, "error_lsq": 0.052728716335656185, "error_max": 0.33807909008245657, "target": "138.xyz", "model": "20.xyz", "model_rescale": 4.067790424073018, "target_rescale": 4.054181530373519},
{"mapping": [11, 6, 3, 10, 4, 13, 5, 2, 12, 7, 0, 8, 9, 14], "R": [[0.34207419499160174, -0.8559761802010271, 0.38767257324874904], [-0.4933076810258925, 0.18755120676360348, 0.8493951240043544], [-0.7997704526685793, -0.4817980113802621, -0.35810319639500704]], "T": [0.06328009378517471, -0.0057385261813741595, -0.06364376768918077], "aligned_model": [[-0.5058426678844881, -0.28877423792820545, -0.6899315604809383, -0.04696150373960384, 0.40937349733472217, 0.047199392088863285, 0.47587313306239765, -0.10120996133057236, -0.4271857999591626, 0.5560745876239047, 0.11897709132162784, 0.6060059949847216, 0.154414927854146, 0.044065865565527454], [-0.260936905954139, -0.3124102587725718, 0.34056487013124814, -0.3940847027917644, -0.05720642327736708, -0.6638980905429517, -0.3926388556106888, 0.3872204533680249, 0.2853221290781538, 0.4301830476554509, 0.6964978390726528, 0.1293435625267116, 0.1405914262151851, -0.028907315050092804], [0.10666572438333972, -0.6377231164265569, -0.25467041041439953, 0.6493224719329663, -0.7847837723514413, 0.17445474962987062, -0.23258529569623326, -0.6737652258419371, 0.4479623004249005, 0.28819415737666776, -0.15430776992378387, -0.17486122226558248, 0.6942031076885119, 0.008330629386099395]], "inverted": true, "swapped": false, "error_lsq": 0.04056768212687547, "error_max": 0.2490697862135807, "target": "138.xyz", "model": "21.xyz", "model_rescale": 4.186013935880536, "target_rescale": 4.054181530373519},
{"mapping": [4, 7, 11, 5, 3, 6, 0, 2, 9, 10, 8, 12, 13], "R": [[0.8682720194479764, -0.46162488860985035, 0.18167598206608587], [0.4174055316703395, 0.877718210410601, 0.23533670611405572], [-0.26809759859934335, -0.12850371718186043, 0.9547829451219321]], "T": [-0.021481544983375747, -0.09720538084123376, 0.019975093302104684], "aligned_model": [[0.22034866163541966, -0.42704025347339275, 0.3107560383360475, 0.4027734238154562, 0.04410939345605015, 0.6229139912645988, -0.3362223057356485, -0.7574582631233995, 0.43251413077350015, -0.23182008413101468, -0.4765162192657492, 0.2792670974771207, -0.025051575605763224], [-0.30402086650285576, 0.07732252455869568, 0.22747348186173227, -0.6448188828211583, -0.3522600143462422, -0.22100689076950203, -0.5617334843549264, -0.32889128282339164, 0.632310260409297, 0.5979708345496332, 0.1122479519835084, 0.298873987545488, -0.014510959744184967], [-0.6552483052147619, -0.6389742701028236, -0.4226357735618589, 0.2919795520039108, 0.7338301271422685, -0.28729749871619614, 0.13610541256219832, -0.07945134550772655, -0.018754730043894347, -0.012586231740845989, 0.5166898240652745, 0.5582233432129813, -0.01900054276318026]], "inverted": false, "swapped": true, "error_lsq": 0.047366886901298325, "error_max": 0.29254682260392956, "target": "138.xyz", "model": "22.xyz", "model_rescale": 4.166573947596378, "target_rescale": 4.054181530373519},
{"mapping": [9, 3, 8, 14, 2, 12, 6, 4, 10, 5, 7, 1, 13, 15], "R": [[-0.09337746373272066, 0.7825055221709588, -0.615601946909527], [-0.9955704644404152, -0.08019030893617145, 0.0490812050241029], [-0.010958996338218063, 0.6174581946372377, 0.7865273537993338]], "T": [-0.04239993554916095, -0.058644351719299825, -0.095948452040512], "aligned_model": [[-0.6063319642382756, -0.31378751871736704, -0.6287835967317587, -0.18768458753359102, 0.3084224453056596, 0.1405037067297959, 0.6771465971813942, -0.10535256031366415, -0.2590818992805868, 0.5554955506393708, -0.005611261801643938, 0.5428258331901574, 0.21628032732122698, 0.01803768676222177], [-0.24729661824926727, -0.25628105347078856, 0.43280942594799826, -0.3464038332326212, -0.2629747852811034, -0.6381079166472781, -0.30423802669933936, 0.27981752681944255, 0.2771578601012837, 0.4037390009004774, 0.5956351823018491, 0.21795973324835927, 0.17494022704834591, -0.027115946739506874], [-0.013243218628230441, -0.5946619628249878, -0.35806775033009003, 0.6265919370846866, -0.6325879681040352, 0.14930568103631747, -0.12826200975393487, -0.7450509379207304, 0.5374763929363611, 0.25015067251316236, 0.19032856850983382, -0.3944447512634997, 0.6756316831748739, -0.10673000852730483]], "inverted": false, "swapped": false, "error_lsq": 0.040498426244508945, "error_max": 0.3041561733436227, "target": "138.xyz", "model": "23.xyz", "model_rescale": 4.274766983524099, "target_rescale": 4.054181530373519},
{"mapping": [5, 12, 8, 0, 10, 7, 4, 11, 6, 9, 13], "R": [[-0.7597239840663517, 0.5916514444967853, -0.2697555120089621], [-0.19382446775549858, -0.6020443488385636, -0.7745803236145672], [-0.6206863489183949, -0.5361820308966139, 0.5720640576106273]], "T": [-0.12124490363165236, 0.031818733481085604, -0.10613883558943735], "aligned_model": [[0.4065716275764291, 0.18900634572312497, -0.5325129206764342, -0.3507304860399423, -0.42840595117537733, -0.6292232799838666, 0.05714859160053698, 0.1024045221178238, 0.4886625023495485, 0.21825712796795949, -0.1412833755017274], [-0.22250348965939354, 0.6831673946888093, 0.48658427541227894, -0.27483048807090305, 0.5557206929619818, -0.24474247255007797, -0.5364193842508356, 0.0290778293435979, -0.23365227507074732, 0.5997985093716072, 0.0733859390671659], [-0.5650387896700949, -0.2347035055119436, -0.4549936724712944, -0.5323277360463661, 0.2935502174360405, 0.4366539313154779, 0.3438193116450968, 0.495256190103767, 0.18113623564061884, 0.44335410191805846, -0.027139850337783017]], "inverted": true, "swapped": true, "error_lsq": 0.053093319514277, "error_max": 0.2685585477361834, "target": "138.xyz", "model": "24.xyz", "model_rescale": 3.7841303162186577, "target_rescale": 4.054181530373519},
{"mapping": [7, 11, 6, 0, 13, 10, 14, 3, 1, 2, 4, 12, 8, 15], "R": [[0.8999517371945617, -0.21059710612811186, -0.3817534932531142], [0.12546976350451486, 0.9636613683700584, -0.23582643099802805], [0.4175454576050515, 0.1643338857375781, 0.8936722916325519]], "T": [0.06248252888702331, -0.0149394467083848, 0.023869291625165337], "aligned_model": [[-0.46840739572335377, -0.31600762915654435, -0.526169861572646, -0.37738002199355936, 0.2673025351109752, 0.10332755314047201, 0.6515258370382957, -0.057352616339340176, -0.2623221971022348, 0.5685468877435673, -0.09713567253135506, 0.6934826801213368, 0.15838181367262266, 0.014286846104704258], [-0.3869020779034076, -0.3333238974525014, 0.2929998116741991, -0.1992100058272593, -0.14526054774406066, -0.7866340534930074, -0.46349219429850114, 0.45315447835234196, 0.35210206581216014, 0.4806612594527304, 0.7138510965140654, 0.1565520617659359, 0.1480691713994716, 0.017073607795684464], [0.07491093189977562, -0.563330939089374, -0.2601874431936561, 0.5841328427566282, -0.719814225031154, 0.1137259726815031, -0.2609593868152684, -0.6207464876751635, 0.5831713673095644, 0.28285159348176087, 0.033393825411292904, -0.3603199561312121, 0.5839490191988749, -0.014340786901149469]], "inverted": true, "swapped": false, "error_lsq": 0.04343215461682547, "error_max": 0.2338195468368516, "target": "138.xyz", "model": "25.xyz", "model_rescale": 4.19342608120988, "target_rescale": 4.054181530373519},
{"mapping": [1, 0, 2, 11, 7, 4, 10, 6, 8, 5, 12, 13], "R": [[0.48232915914927244, 0.26442216720963796, -0.8351284330703357], [-0.8032064084129066, -0.2469753043915766, -0.5420910112749768], [-0.34959697898980024, 0.9322468109405613, 0.09326218833138564]], "T": [0.06346952032107259, 0.06750074853330773, -0.03704881538462716], "aligned_model": [[-0.25452209286037597, 0.33070708426062845, 0.12955751274812474, -0.48681368799261704, -0.5520881080316126, -0.571265229123631, -0.10198272565686908, -0.29582948472584647, 0.5570098227662267, 0.39297078589896883, 0.4431082357634055, 0.0069564415853787046], [-0.5901934572492704, -0.4313984771355241, -0.6186962351812513, 0.39497311401232765, -0.2686777279836616, -0.09080588786488256, 0.3877175421025171, 0.3396435200726798, 0.033933592384595535, 0.05820427091805368, 0.6873527485966229, 0.11072342506877353], [0.1486648488474797, 0.05249448995469104, -0.3975925441525175, 0.003605773749428595, -0.40748768676651154, 0.32243962471751186, -0.6684435182461521, 0.530253047536377, -0.5399841920268155, 0.6301855835647907, -0.13031045964624413, -0.09456650632261693]], "inverted": true, "swapped": true, "error_lsq": 0.04685990499873358, "error_max": 0.33978031118073, "target": "138.xyz", "model": "26.xyz", "model_rescale": 3.795458400668931, "target_rescale": 4.054181530373519},
{"mapping": [12, 5, 3, 8, 2, 11, 6, 10, 4, 0, 7, 1, 13], "R": [[-0.37938889340192233, -0.831113388038094, 0.4065889863081706], [-0.7464610221670654, 0.015297994849333918, -0.6652532703706836], [0.5466809032228627, -0.5558925323994114, -0.6261976385088055]], "T": [-0.09534949634391615, -0.12681639185135632, -0.08190124613488367], "aligned_model": [[-0.04939269298707771, 0.5551109480695204, 0.5410677743444852, -0.023168316867467537, -0.06543884470918303, -0.5740949182746622, -0.09807631120554897, -0.6924162063028996, -0.30345489925287883, 0.3016031071698268, -0.6787694722420761, -0.02872244729476231, -0.18457133762601982], [-0.7755359787465507, -0.3259264431581184, -0.37370764840512805, -0.08599643845509716, 0.5931412643237244, -0.33885761014132526, -0.4363259748056224, -0.26545492601795817, 0.07463309157174156, 0.2779134848363213, 0.39652972595642333, 0.5260837440326875, -0.1446147877341835], [-0.4196743361514308, 0.2199524425571219, -0.4179991658301798, -0.7824555880113023, -0.3751452226962463, 0.28896786534320784, 0.5732210701867825, -0.4728784987818576, 0.606060510619134, -0.16530816409998467, 0.04009093404750938, 0.28884414945868364, -0.09153933454201173]], "inverted": false, "swapped": true, "error_lsq": 0.04779396678857077, "error_max": 0.2639629617333042, "target": "138.xyz", "model": "27.xyz", "model_rescale": 3.6321398670334006, "target_rescale": 4.054181530373519},
