[{"mapping": [0, 10, 1, 2, 6, 12, 9, 7, 13, 4, 3, 5, 8, 14], "R": [[0.8764486816980388, 0.19306854023041745, -0.44109210730080606], [-0.4764873416012202, 0.21599928772300703, -0.8522347804431336], [-0.0692641439965318, 0.957114855425643, 0.2813070064537647]], "T": [-0.08656576122274853, 0.1307288829253108, 0.09703621320718184], "aligned_model": [[0.12407620292930716, 0.24932047936376026, -0.43840534716173996, -0.3718803440762307, -0.7193802050826418, -0.2047404030303281, -0.6865106890711878, 0.003974510444211293, -0.24462984299132148, 0.22859346454635251, 0.5120297973492377, 0.3678704740411757, 0.6291729226109994, -0.07799891874329054], [-0.5351617714513704, -0.31918852948600374, -0.31768449813259136, -0.4437417233533527, 0.3667203297069962, 0.10133650569734629, 0.05183372943060302, 0.4536526824038235, 0.8711523354572084, -0.11923870025728103, 0.4364879533235625, 0.598119318779515, -0.005172007956910835, 0.09615770764848991], [0.11811322083142811, -0.4372969048368348, 0.45979294265268644, -0.25084277275027544, 0.491334821430899, -0.6675588968324507, -0.1242693544082509, 0.8009622715671392, 0.15314998226698218, 0.6971194752808632, 0.5656151722893039, -0.04735596444527543, 0.06348642052104085, 0.07533767361257768]], "inverted": true, "swapped": true, "error_lsq": 0.04776359765020429, "error_max": 0.2828382455318893, "target": "139.xyz", "model": "0.xyz", "model_rescale": 3.8414455957264533, "target_rescale": 4.09865094136892},
{"mapping": [4, 7, 0, 5, 2, 10, 9, 6, 3, 13, 1, 12, 11, 8, 14], "R": [[-0.4184153411589161, -0.6055622026426202, -0.6769217244360576], [0.6338915488555481, -0.7284629536835864, 0.25985232229114164], [-0.650469143443701, -0.3203687622743565, 0.6886608378486573]], "T": [-0.01505863299172763, -0.043734922040258556, -0.026448765004032246], "aligned_model": [[-0.41964415865360094, 0.14271215550515767, -0.0869401335890885, -0.4501331023545846, -0.2538763968340684, -0.15614159459432334, 0.5565312525010039, 0.07552427927685793, -0.7893621447981273, 0.5985979859310143, -0.6240040233042604, 0.19668785493863403, 0.035948207102352386, 0.6151060286797019, -0.07537392913520918], [-0.09420581960221999, -0.15013562117029, 0.4252252574444565, -0.4516633749872194, -0.6849427946342808, -0.14587057828657507, -0.31131909166240734, -0.7619900132135412, 0.026794784391065946, 0.3879714323821135, 0.5635433269620522, 0.37491485236947886, 0.7773563691053291, -0.06585079099948442, 0.0049968942264734945], [-0.38642164699986586, -0.6402421110553178, -0.5745607694672643, 0.2539569559922073, -0.3028963502986456, 0.6354010714989049, -0.28566565288650136, 0.26669204381016803, 0.06766028958182442, -0.13554586965389753, 0.06787265925655807, 0.5753695922291996, 0.19597604475976727, 0.449687544282796, 0.018842229706374038]], "inverted": true, "swapped": false, "error_lsq": 0.04041190066432705, "error_max": 0.24871171936051228, "target": "139.xyz", "model": "1.xyz", "model_rescale": 4.316132596720782, "target_rescale": 4.09865094136892},
{"mapping": [13, 9, 6, 8, 7, 5, 4, 10, 1, 12, 0, 14], "R": [[0.39092379804973004, 0.48497843506990346, -0.7822879914938752], [-0.9166719702243092, 0.12848738813513277, -0.3784223699720919], [-0.08301254798798224, 0.8650357845819785, 0.49479491536310655]], "T": [-0.024268592818523574, -0.03131090713611737, -0.009458234174456487], "aligned_model": [[-0.3462282887651589, 0.5386800941907096, 0.24648634101967837, -0.49668155817095583, -0.43675742387052247, -0.6214962427341221, -0.25447530621622105, 0.09255016268110342, 0.43429947850675593, 0.25121105854220693, 0.1962425414739833, -0.006022302025676704], [-0.7152303918602658, -0.3184893401699797, -0.6356824841641436, 0.5161433004877594, -0.28640836224952626, -0.10963822017370933, 0.31018667324908167, 0.5710061843072102, 0.07736519681931511, -0.019283685080976297, 0.6199330497046532, 0.002874506871561648], [0.0609405632818851, 0.11604809773117772, -0.42544409744616307, 0.08539104094014427, -0.6200050950732487, 0.2786375461220495, -0.6030012598669503, 0.4641709724457014, -0.4935686840653678, 0.7140064489426843, -0.13388005392421498, 0.005962982121723753]], "inverted": false, "swapped": true, "error_lsq": 0.052596820199388446, "error_max": 0.326360538608589, "target": "139.xyz", "model": "2.xyz", "model_rescale": 3.795458400668931, "target_rescale": 4.09865094136892},
{"mapping": [8, 2, 12, 6, 5, 13, 9, 4, 1, 7, 11, 14], "R": [[0.12434265530300195, 0.9794687152736961, 0.15868188262147165], [-0.2607678790994594, 0.18655901666825273, -0.9472042264104108], [-0.957360442728949, 0.07639875064338586, 0.2786112230294414]], "T": [0.05399830864717321, -0.040815365007731724, 0.005043363518353244], "aligned_model": [[0.18227009407241118, -0.35954958736773496, -0.7177840030020975, 0.2975359508606738, 0.025071155616493063, 0.0852198413033103, -0.29963033528014615, 0.7057882525169259, 0.3192267197675176, 0.7654310411324136, -0.444513758682724, 0.03423845480652249], [-0.009302659095867666, -0.6390595865579184, -0.04260473071185983, 0.018426645784842544, 0.5258457725329133, 0.6391941204133316, -0.23718158521148938, -0.2546410593927285, -0.5811719801752709, 0.24423631412589222, 0.49299387024384156, -0.07096607666597703], [-0.7121942558923026, 0.06439542010676949, -0.05646843776939284, 0.7458518925873167, -0.34691343416387965, 0.3411567576559217, 0.5065626609642501, -0.22157855320982722, 0.31184414200947275, 0.148564177594353, -0.07651931219490749, -0.015929627048673515]], "inverted": true, "swapped": true, "error_lsq": 0.05108604981106723, "error_max": 0.3057933383670411, "target": "139.xyz", "model": "3.xyz", "model_rescale": 3.7530521520055578, "target_rescale": 4.09865094136892},
{"mapping": [11, 10, 8, 4, 5, 1, 13, 9, 6, 7, 14], "R": [[-0.5849446685187982, -0.7793449265861765, 0.22463574999501024], [0.07934245847053406, -0.3306159537206076, -0.9404243007436935], [0.8071830703472944, -0.532273028200566, 0.25522718192801225]], "T": [-0.12090870931211789, -0.01745170167058631, -0.06382330995073737], "aligned_model": [[-0.3642401366045772, -0.24451541414073832, 0.3920834077745154, 0.48443373349373814, 0.17063097555223622, -0.19247118983977013, -0.14533222203375776, -0.7267235395450515, -0.33090189953232757, 0.4263522559442359, -0.13111636862329795], [-0.7095176902062755, -0.1606228481689428, -0.24403517886352366, 0.3749929041035189, -0.6167834416781148, 0.6536658178048085, -0.43062620484525593, 0.1596613903691515, 0.3165455743021016, 0.13377137963373642, -0.009848344136857826], [-0.019624497898399915, -0.815475178156111, -0.5300587868699249, -0.10199149024744333, -0.02355806457967513, -0.03319349216770315, 0.572612248480275, 0.06561339292590729, 0.6114293505126944, 0.4706168010896502, -0.10353950584395322]], "inverted": false, "swapped": true, "error_lsq": 0.05256483656276094, "error_max": 0.2707440374275112, "target": "139.xyz", "model": "4.xyz", "model_rescale": 3.7855080009869324, "target_rescale": 4.09865094136892},
{"mapping": [14, 2, 9, 11, 12, 6, 0, 1, 13, 3, 15, 7, 10, 4, 16], "R": [[0.5454402716013375, 0.07994995660787685, 0.8343278219943636], [-0.49814692091787094, -0.769622982312718, 0.3994122059678735], [0.6740508551255643, -0.6334733376666117, -0.37995654379154875]], "T": [-0.05916747172794387, 0.0458573531093884, 0.05792416653259968], "aligned_model": [[-0.4195669021498526, 0.17373727328184935, -0.032488929204986944, -0.3883903625048607, -0.40907999827580876, -0.16595447667553734, 0.6549245497053987, 0.24514950721700338, -0.7386611303981807, 0.4076149294885161, -0.6355502415828839, 0.26265036023632193, 0.06183936184474875, 0.4248192922588315, -0.07541095256909952], [0.0012550448539628417, -0.13845547140023667, 0.4647839369846981, -0.6057055837731009, -0.49458364230273016, -0.13277892914950717, -0.2515654506822268, -0.6447820660281861, -0.10176806760210841, 0.29114630114540563, 0.5950969983297083, 0.3548863126094844, 0.7629748462560864, -0.25562960909197374, 0.04995021217567577], [-0.5128825285776814, -0.6185149290642612, -0.5171434746544668, 0.3733829685494331, -0.16241651798345003, 0.6766023399814499, -0.042505629994579665, -0.0013405620038942773, 0.2613024885388743, -0.39414234105806484, -0.15523497922113247, 0.6598409856164466, 0.10335676854911768, 0.5289477410737812, 0.006873701004735215]], "inverted": true, "swapped": false, "error_lsq": 0.02997218721978249, "error_max": 0.20588252834605603, "target": "139.xyz", "model": "5.xyz", "model_rescale": 4.2253639853439635, "target_rescale": 4.09865094136892},
{"mapping": [10, 5, 4, 0, 8, 7, 1, 2, 13, 11, 3, 6, 9, 14], "R": [[0.17582188148967637, 0.9296852459738896, -0.3236850466238731], [0.747318708353153, 0.08797514113705895, 0.6586160662231753], [0.6407818771897389, -0.3576950068988709, -0.6793032223571527]], "T": [0.0942397999369656, -0.0015853652859963985, 0.045573680825716015], "aligned_model": [[0.5312999619261449, -0.19229522399146767, -0.42969680009757905, 0.2389400150835878, -0.16693051366287906, -0.6294600845621697, 0.15268355157552715, 0.729493531866504, -0.1655068858656795, 0.28641206368234273, -0.6796169593981736, -0.007175544294278635, 0.5851058344802277, 0.12080920601567667], [-0.4175787908511971, 0.27639546927289405, -0.4770185997334977, -0.6847492989584442, -0.389398556143421, 0.10073155555625152, -0.3491950901892294, -0.3331044049811164, 0.7116755218416925, 0.5252340605498921, -0.057254200429796676, 0.3659750770809129, 0.20457371116978784, -0.031187307549737878], [-0.4409291560965305, -0.48962679385300223, 0.19173362875107797, 0.021625228597192417, -0.5141293659402204, 0.31719647365918036, 0.6219502125743708, 0.18337244688347226, 0.05784006542176014, -0.429452807479753, -0.21789963773319465, 0.7283853129179642, 0.4084558755946003, 0.033036725634530695]], "inverted": false, "swapped": true, "error_lsq": 0.043937323362202484, "error_max": 0.3002304519821829, "target": "139.xyz", "model": "6.xyz", "model_rescale": 3.89814844738969, "target_rescale": 4.09865094136892},
{"mapping": [8, 3, 5, 0, 11, 7, 4, 10, 1, 6, 13, 9, 14], "R": [[-0.10824486063070016, 0.6677040072780227, 0.7365150431674227], [0.7238042341954543, -0.4549240161794531, 0.5187981978225146], [0.6814620170690165, 0.5892499454119847, -0.4340438009282019]], "T": [-0.03307614921363375, 0.03722709791593713, 0.08410621843510861], "aligned_model": [[0.14503170136784513, -0.1269859117686428, 0.42422054102064344, -0.2773965946788989, 0.6646893727207812, -0.4682586435104983, -0.5616986282292935, 0.3264867400318049, -0.6387684090080323, -0.4518304548058393, 0.19282301142063354, -0.05269077636599537, -0.026990147290285628], [-0.3218734900443092, 0.27686487561574274, 0.2575861407765083, -0.6120404386762338, 0.2618162618448452, 0.5333991958031812, -0.08040170631762415, -0.6492547087347441, -0.12476956797900078, 0.5811033266945569, 0.7619874684292162, 0.08283286455359203, -0.0034689564952449722], [-0.5251563403651032, -0.6937923512790647, -0.34964122161082273, 0.000536925308856781, 0.1370404684837433, -0.33112704448716995, -0.3940473037148768, 0.06946437907111595, 0.33580458149609055, 0.45888742804481636, 0.07690395206391017, 0.7265000979239132, 0.09090145990088669]], "inverted": false, "swapped": true, "error_lsq": 0.044504298944434625, "error_max": 0.2238828237200242, "target": "139.xyz", "model": "7.xyz", "model_rescale": 3.7474275329858107, "target_rescale": 4.09865094136892},
{"mapping": [8, 3, 2, 7, 5, 11, 0, 6, 9, 1, 4, 12, 13, 10, 14], "R": [[0.3918677588000351, -0.5370611454392901, 0.7469973130289527], [-0.8948778391120129, -0.41102337912143305, 0.17393514561989143], [0.21361955125702242, -0.7366309169964538, -0.6416709276924675]], "T": [-0.0014657834983851092, 0.03477324933405755, 0.052148783404074375], "aligned_model": [[-0.5266435842177954, 0.04681747330651986, 0.037287040994109344, -0.21060437181903813, -0.3812766870951631, -0.24249030965379087, 0.5638934480671308, 0.21858846817360456, -0.6904406450092024, 0.5824383470911091, -0.4446496799072402, 0.24325790008377354, -0.19568755223414924, 0.3672564623079746, -0.0021140294163829836], [0.07169321225213986, -0.34336525934456774, 0.4592126808723984, -0.5301862212045003, -0.5267922137647312, 0.0013618314020913957, -0.2403628089103813, -0.7416156783554576, -0.1926582598150519, 0.3811550335818834, 0.6048315002728697, 0.37327854237786107, 0.8623405241904739, -0.3745262525433398, 0.09045820131326342], [-0.3814818310896156, -0.5551522394431039, -0.6737567775328218, 0.3698899979923833, -0.1789558945787164, 0.6242246617045009, -0.14503723629388354, -0.07328828320683516, 0.28437494244027545, -0.27015145840730237, -0.24926035770809085, 0.5062050619364428, 0.3445904678959478, 0.5734751522927878, 0.030449824754338904]], "inverted": true, "swapped": false, "error_lsq": 0.04529976019245431, "error_max": 0.32703909816315924, "target": "139.xyz", "model": "8.xyz", "model_rescale": 4.019505241142653, "target_rescale": 4.09865094136892},
{"mapping": [5, 12, 8, 3, 7, 4, 0, 13, 6, 9, 2, 1, 14], "R": [[-0.20961673702367686, -0.8596594299544773, -0.4658824830897704], [-0.41158459069120723, 0.5097750912948305, -0.7554650759637398], [0.8869379619032542, 0.03339192695384313, -0.46067996586481935]], "T": [-0.05918573624386453, -0.05620188757182999, 0.019505817058812783], "aligned_model": [[-0.27475879053190017, -0.785284962443132, 0.05480259795142328, 0.3721156547058038, 0.5145832170781202, 0.6277333106752339, 0.19823450212273203, -0.2597141602319389, 0.14649358919875582, -0.32901843602389297, -0.24830419037822105, 0.3703912068681087, -0.06757276724991648], [-0.4885972057395752, 0.21246670153119507, 0.032348881796284604, -0.5315455694487016, -0.5833454592786177, -0.023435960360388988, 0.5550900842742953, -0.7654917615715455, -0.3553584173418577, 0.12855595561645677, 0.6155351730542586, 0.2845262986795596, -0.01737049309730461], [-0.4413387983025827, 0.013853999281018346, -0.6953661471275223, -0.48980645162516184, 0.04947346150005124, -0.20180317201358716, -0.20022489753110034, 0.2013192486226567, 0.712195402328003, 0.5746538779069481, 0.232682291429402, 0.4142539042535582, 0.00681077532219591]], "inverted": false, "swapped": true, "error_lsq": 0.04756845225006827, "error_max": 0.2931744832337617, "target": "139.xyz", "model": "9.xyz", "model_rescale": 3.877068213659057, "target_rescale": 4.09865094136892},
{"mapping": [3, 4, 13, 0, 5, 11, 7, 1, 12, 2, 6, 9, 14, 8, 15], "R": [[-0.9993152826785966, -0.036689358905118444, -0.004780873155419578], [-0.019098589607574674, 0.40083751272734863, 0.9159500708365899], [-0.03168926758380898, 0.9154142118919085, -0.4012637673480099]], "T": [-0.07694470461505565, 0.08028084569070099, 0.005263176389849493], "aligned_model": [[-0.42191448639448853, 0.19430845645205413, -0.048706681406606875, -0.29507349708448033, -0.4137277118960829, -0.26957781847042506, 0.6087018974654458, 0.1187109435620591, -0.7517715933057016, 0.5064271582820914, -0.598180115748174, 0.33724888352077653, 0.07859402894873643, 0.4267706428442358, -0.10617782609798097], [-0.04587874544515613, -0.1499383956941474, 0.684098189144899, -0.5375593317505307, -0.5869310289028484, -0.010558184207107468, -0.3344952309101394, -0.7610500392651118, -0.1619155594577712, 0.3462974402559453, 0.39191830413457485, 0.4117732123672874, 0.8356980984562372, -0.19886049912978349, 0.012226602728603236], [-0.5122703490475938, -0.570507179960889, -0.47665561941797696, 0.45743502499279837, -0.223649389125106, 0.7118720005332461, -0.15009483837567408, -0.07712504824994107, 0.215369785868918, -0.1658151651538064, -0.10197634897454133, 0.3979485291622354, 0.12639955913313147, 0.5187550401558438, 0.05644002921566248]], "inverted": false, "swapped": false, "error_lsq": 0.03719647103190992, "error_max": 0.3000602374029644, "target": "139.xyz", "model": "10.xyz", "model_rescale": 4.260839863003843, "target_rescale": 4.09865094136892},
{"mapping": [7, 13, 11, 5, 10, 8, 4, 6, 9, 2, 1, 14], "R": [[0.7222474094077986, -0.5862786190311049, -0.36692786821213796], [-0.633191905057257, -0.34705668488238106, -0.6918234376258247], [0.27825652009195645, 0.7320034414846913, -0.6218876672526015]], "T": [-0.024834927904205065, 0.023470406040363587, -0.016856492919465966], "aligned_model": [[0.4673622311405663, 0.2400370702642849, -0.3903512940820507, -0.3638815969255438, -0.7066338922065135, -0.5581814220876168, 0.14950666198139517, 0.7255179841122247, 0.21356202081649517, -0.16966868819005665, 0.4032699139071933, -0.051640339636247756], [0.1284859935155242, -0.6039437543067179, -0.6117886406482552, -0.28384136794832965, 0.23912172523190017, 0.3449613128992139, 0.6171723596992466, -0.1792407810723407, -0.20906691576510417, 0.23404239758834966, 0.4532487789735105, 0.043927397365936524], [-0.6124258841047873, -0.35234746755945806, -0.07128792353922804, -0.5030889910204335, 0.28214485565963515, -0.39641099258620455, -0.3897265130448471, 0.06972386170444152, 0.5347120021578103, 0.6666076947266723, 0.280590803050885, 0.007686631951019096]], "inverted": false, "swapped": true, "error_lsq": 0.050244238004620155, "error_max": 0.2668742184954191, "target": "139.xyz", "model": "11.xyz", "model_rescale": 3.890672605050136, "target_rescale": 4.09865094136892},
{"mapping": [7, 3, 5, 6, 13, 2, 4, 9, 1, 10, 11, 8, 12, 14], "R": [[-0.8002622056504182, 0.3438825420605107, -0.49124861269374487], [0.4374738210415863, -0.22548207410116455, -0.8705024354717862], [-0.4101183464694088, -0.9115386067112233, 0.030005172290123394]], "T": [0.06535942968679609, -0.0486947766660205, 0.11441695180725715], "aligned_model": [[0.4832307185967518, 0.197716677697395, 0.24830709048162544, 0.6335325841166008, 0.7926210646460528, -0.4032308637730087, -0.13716531573035123, 0.19282440843584553, -0.09011559198399602, -0.6001316819580165, 0.32647820357404206, -0.361118629344601, -0.09927880095912167, 0.026205970994475275], [-0.17225126489085732, 0.30274393125400556, 0.5777020017146066, -0.5859730514805422, 0.1682336820514137, -0.3628733748414495, -0.2363628719776703, -0.4125545135324198, -0.6988424958041145, 0.23871067192164236, 0.5152905872226765, 0.42000008491570284, 0.22692615594303528, -0.04859702266826439], [-0.5321946756969423, -0.6138301808626626, -0.026906938105672615, 0.1257658617371065, 0.1342274590587385, 0.5771864655628599, -0.5531708440266188, 0.6306468298980458, 0.01647023037412279, 0.38878315615602116, 0.5066624695966376, -0.24657902623076994, 0.8189467202482185, 0.12878290764777717]], "inverted": true, "swapped": true, "error_lsq": 0.048379028828637434, "error_max": 0.30719498403419887, "target": "139.xyz", "model": "12.xyz", "model_rescale": 4.124412569039231, "target_rescale": 4.09865094136892},
{"mapping": [7, 5, 11, 4, 13, 6, 8, 1, 10, 0, 9, 12, 14], "R": [[0.7813015063520237, 0.6065900157842895, 0.14702553833560403], [-0.5858325348809713, 0.6314277513990043, 0.5080346797592982], [0.21533275934468057, -0.483060604390394, 0.8486956199009119]], "T": [0.11526853393253787, 0.07927941984442183, -0.020865445043404866], "aligned_model": [[-0.23279532453602098, 0.03364851830248049, 0.5403149131212763, -0.5493804519851818, 0.4713121834373857, 0.4442872578702946, -0.44301928038371463, 0.004236046181785247, 0.006193634137212939, -0.29603657906742686, 0.6541893275727358, 0.6257450410029548, 0.10860302185597592], [-0.41393171261196277, 0.4809524446998607, 0.565135154714853, -0.2038257085019755, -0.049329417909413975, -0.6168318898136056, 0.543974480598056, -0.43093709516359663, 0.6991867475466462, 0.18074247970846558, -0.11708893304374504, 0.6083931508792291, 0.1010456754056662], [0.4726763930518282, 0.5062134547126766, 0.3304162530493939, -0.022369929351214617, 0.637201865025687, 0.11622284630029589, 0.04432444040739276, -0.4495949562511716, -0.47316478943890433, -0.5765254061721015, -0.31435882507065316, -0.2635323679265835, -0.05581089736880661]], "inverted": false, "swapped": true, "error_lsq": 0.043681357896184325, "error_max": 0.2945091397348675, "target": "139.xyz", "model": "13.xyz", "model_rescale": 3.9028299243045295, "target_rescale": 4.09865094136892},
{"mapping": [10, 13, 14, 0, 5, 3, 12, 8, 4, 11, 7, 6, 9, 2, 15], "R": [[-0.21482959348807756, -0.7822217742372112, 0.5847882879050652], [0.742233583949831, -0.5199321476949997, -0.42280003388156734], [0.6347736231277548, 0.3432195473781396, 0.6922880828663805]], "T": [0.016044678937730747, -0.04479413347805702, 0.08162869919839433], "aligned_model": [[-0.5083285897125924, 0.03816218637537881, 0.10266409820107723, -0.325551745168244, -0.13147709766615384, -0.3114336017878159, 0.5307974602621595, 0.20077060113664996, -0.6330370742666667, 0.543781847646763, -0.6172164447262178, 0.11402977515451207, -0.013392038002416187, 0.3926673783128494, -0.016804475087823775], [0.17883542659976345, -0.2282294376059492, 0.4477826583451586, -0.6256844736280229, -0.4272933526260344, 0.016144298070881885, -0.2794058481981099, -0.794679967842066, -0.23868663626412703, 0.3876415635112453, 0.6025180215546408, 0.44190829654369806, 0.7254201583348222, -0.3756115968656468, 0.06416572239469717], [-0.39834535951035616, -0.6920079447498402, -0.6483821453420016, 0.5644275237653118, -0.22502013323697267, 0.6086333751278842, -0.32362086143772484, 0.0890265803529457, 0.10311936934076801, -0.2018312398940234, 0.1060270401249444, 0.5265196159179244, -0.0005228731945481901, 0.6209476380360586, 0.07715544545593744]], "inverted": true, "swapped": false, "error_lsq": 0.04438094398900915, "error_max": 0.270954316956405, "target": "139.xyz", "model": "14.xyz", "model_rescale": 3.942246331269136, "target_rescale": 4.09865094136892},
{"mapping": [6, 8, 11, 2, 7, 5, 12, 0, 9, 13, 10, 3, 4, 1, 14], "R": [[0.4786052604267275, 0.8326756420131377, -0.27854672837761546], [-0.790475249075674, 0.2705262107433449, -0.549512920593864], [-0.382211833007058, 0.4831840689621878, 0.7876847530646562]], "T": [-0.05860220984568388, 0.07044891125088192, 0.012023251265046817], "aligned_model": [[-0.4295056694133089, 0.04730293660863192, -0.08496443496089193, -0.28188153469454913, -0.5418457225547715, -0.16017723169858464, 0.7525705207794627, 0.0941979037376785, -0.8460581020277376, 0.5697225677593962, -0.5283125605756497, 0.29996660386257196, 0.04836664378404742, 0.4426338713484126, -0.016383511283248824], [-0.0026873335045760477, -0.32888474086596564, 0.42088879334535756, -0.5829613048952877, -0.5890298966006349, -0.12700397242236405, 0.01629487865510608, -0.6478456134088286, -0.03567226261567548, 0.45064845051006597, 0.607203842623698, 0.3253588534039326, 0.6439968726331592, -0.24068509280537626, -0.01479664172765921], [-0.40013097074688125, -0.6423143225676818, -0.6129631060109622, 0.3373682238254612, -0.2380625691014086, 0.6065604089379852, 0.09653597223950791, -0.02569390664815281, 0.14169136784468706, -0.3366687771783157, 0.028358676183233025, 0.5803517282288788, 0.06915798037072747, 0.5675405401136692, 0.03439478526555944]], "inverted": true, "swapped": false, "error_lsq": 0.04609129728643744, "error_max": 0.43459105960874655, "target": "139.xyz", "model": "15.xyz", "model_rescale": 4.355366556412066, "target_rescale": 4.09865094136892},
{"mapping": [13, 9, 6, 8, 7, 5, 4, 10, 1, 12, 0, 14], "R": [[0.39092379804973004, 0.48497843506990346, -0.7822879914938752], [-0.9166719702243092, 0.12848738813513277, -0.3784223699720919], [-0.08301254798798224, 0.8650357845819785, 0.49479491536310655]], "T": [-0.024268592818523574, -0.03131090713611737, -0.009458234174456487], "aligned_model": [[-0.3462282887651589, 0.5386800941907096, 0.24648634101967837, -0.49668155817095583, -0.43675742387052247, -0.6214962427341221, -0.25447530621622105, 0.09255016268110342, 0.43429947850675593, 0.25121105854220693, 0.1962425414739833, -0.006022302025676704], [-0.7152303918602658, -0.3184893401699797, -0.6356824841641436, 0.5161433004877594, -0.28640836224952626, -0.10963822017370933, 0.31018667324908167, 0.5710061843072102, 0.07736519681931511, -0.019283685080976297, 0.6199330497046532, 0.002874506871561648], [0.0609405632818851, 0.11604809773117772, -0.42544409744616307, 0.08539104094014427, -0.6200050950732487, 0.2786375461220495, -0.6030012598669503, 0.4641709724457014, -0.4935686840653678, 0.7140064489426843, -0.13388005392421498, 0.005962982121723753]], "inverted": false, "swapped": true, "error_lsq": 0.052596820199388446, "error_max": 0.326360538608589, "target": "139.xyz", "model": "16.xyz", "model_rescale": 3.795458400668931, "target_rescale": 4.09865094136892},
{"mapping": [8, 3, 5, 0, 11, 7, 4, 10, 1, 6, 13, 9, 14], "R": [[-0.10824486063070016, 0.6677040072780227, 0.7365150431674227], [0.7238042341954543, -0.4549240161794531, 0.5187981978225146], [0.6814620170690165, 0.5892499454119847, -0.4340438009282019]], "T": [-0.03307614921363375, 0.03722709791593713, 0.08410621843510861], "aligned_model": [[0.14503170136784513, -0.1269859117686428, 0.42422054102064344, -0.2773965946788989, 0.6646893727207812, -0.4682586435104983, -0.5616986282292935, 0.3264867400318049, -0.6387684090080323, -0.4518304548058393, 0.19282301142063354, -0.05269077636599537, -0.026990147290285628], [-0.3218734900443092, 0.27686487561574274, 0.2575861407765083, -0.6120404386762338, 0.2618162618448452, 0.5333991958031812, -0.08040170631762415, -0.6492547087347441, -0.12476956797900078, 0.5811033266945569, 0.7619874684292162, 0.08283286455359203, -0.0034689564952449722], [-0.5251563403651032, -0.6937923512790647, -0.34964122161082273, 0.000536925308856781, 0.1370404684837433, -0.33112704448716995, -0.3940473037148768, 0.06946437907111595, 0.33580458149609055, 0.45888742804481636, 0.07690395206391017, 0.7265000979239132, 0.09090145990088669]], "inverted": false, "swapped": true, "error_lsq": 0.044504298944434625, "error_max": 0.2238828237200242, "target": "139.xyz", "model": "17.xyz", "model_rescale": 3.7474275329858107, "target_rescale": 4.09865094136892},
{"mapping": [9, 2, 12, 1, 13, 3, 11, 10, 6, 5, 4, 0, 8, 14], "R": [[0.3512969075172049, 0.798655505667168, 0.48861013705854356], [-0.8277012286961931, 0.5088397647527759, -0.23662791428982288], [-0.4376084537387967, -0.3212965562745109, 0.8398019791251267]], "T": [0.008125920034587675, -0.11280894385185927, 0.0092289850745653], "aligned_model": [[0.3178042358750246, 0.14747253933753435, 0.6961242827798382, -0.40787714721539514, 0.3023870172869215, -0.4249007080243945, 0.6635861801164088, 0.20915012034090588, -0.08478784606486386, 0.2150173774909207, -0.6989774915028962, -0.33618116497727746, -0.19480553779626042, 0.010835790236410453], [-0.2650404246598027, 0.3097866757610821, 0.21146718246458526, -0.15351519056949514, -0.7449684048941512, -0.23958298679543158, -0.1574896455740034, 0.63571908578749, -0.7986481279032257, -0.13619084366407402, -0.058279068961708994, 0.457341719666865, 0.37336519524222345, -0.07355692438911948], [-0.53488445245741, -0.5690755536510221, -0.135471004085885, -0.5215652771591824, 0.3094700890914289, 0.693179110591774, 0.3386140687228567, 0.002005040147421068, -0.3549263683777101, 0.6436298236686014, 0.14685278311484568, -0.20197114039467706, 0.5135404306780778, -0.004602831227464235]], "inverted": false, "swapped": true, "error_lsq": 0.04261461009690755, "error_max": 0.28877185669271227, "target": "139.xyz", "model": "18.xyz", "model_rescale": 3.922800546911778, "target_rescale": 4.09865094136892},
{"mapping": [9, 7, 11, 0, 3, 1, 12, 5, 2, 13, 10, 6, 4, 8, 14], "R": [[0.6019128431481486, 0.23144722200017515, -0.7642860149719567], [-0.5675783668514858, 0.7972430281476737, -0.20556836223535907], [0.5617434705766614, 0.5575264455596068, 0.6112352540275785]], "T": [0.015684889471794944, -0.009558112083940286, 0.07912427233116971], "aligned_model": [[-0.6270694767962196, 0.03930171141357777, -0.014672890018570056, -0.35884814987418034, -0.17014264481258543, -0.2977802175947535, 0.504780843025768, 0.29446661221919057, -0.7002435534428626, 0.5384485007876966, -0.486421079077726, -0.02890839230402134, 0.164293974180618, 0.5057130637108591, 0.002713979254668472], [0.0562486887725746, -0.11752278990613868, 0.48211035265849034, -0.7446999589254281, -0.5129952890495787, -0.13957867483287525, -0.5044350673772816, -0.6527360921555342, -0.033305219790425174, 0.27224613695234123, 0.620854502837907, 0.43923794397718896, 0.6982385822440746, 0.05624505158361542, -0.025083334663980016], [-0.416132706942639, -0.7120753820688903, -0.4352531559946079, 0.2122937250507435, -0.2689682152863616, 0.7370127916488831, -0.2876126795883708, 0.3810125914141273, 0.0825157748236668, -0.26601094570552913, 0.04641068864408236, 0.6010067410897494, 0.10752002082465494, 0.439586456373947, -0.015179673527148399]], "inverted": true, "swapped": false, "error_lsq": 0.04848547196025203, "error_max": 0.3326548342097854, "target": "139.xyz", "model": "19.xyz", "model_rescale": 3.9282355846067225, "target_rescale": 4.09865094136892},
{"mapping": [12, 10, 8, 2, 9, 0, 1, 4, 6, 13, 5, 11, 3, 14], "R": [[-0.6029096813766179, -0.7969437147653122, 0.0371568512983832], [0.7361470624048965, -0.5736611844398083, -0.3591661843489141], [0.30755067649899076, -0.18919186283553904, 0.9325336564552682]], "T": [-0.028924363067816747, -0.036515228582935946, 0.04901925426562524], "aligned_model": [[-0.6523226456873475, -0.13636604131613, 0.4586486032019904, -0.4275001366384515, -0.5987540966856378, 0.1888060240209442, 0.020443356421517622, 0.6385263675195167, -0.2105836456789003, -0.16129322709851973, 0.14696526891973782, -0.39530253481980815, 0.6967266832021178, -0.035471156276353194], [-0.4956367630765716, -0.7196990495111347, -0.5788567713814329, -0.17956829850054146, 0.2107112714787605, -0.2799415028969959, 0.38599087669041215, 0.1236911591303317, 0.7181597332612996, 0.2371637605008891, -0.37381580343558846, -0.3906227518758804, -0.07120232754839277, -0.06349144541031923], [0.0449158540648807, -0.3009425697123691, 0.04517766790865026, -0.5452145797151903, -0.12217551290293786, -0.5686876085829168, -0.47587075190963846, -0.1762638725433232, 0.14432446275712163, 0.7446759173200165, 0.5977508571275375, 0.5786360479890768, 0.4279636525354853, 0.017893592907289656]], "inverted": false, "swapped": true, "error_lsq": 0.04541955750606957, "error_max": 0.29672854497921086, "target": "139.xyz", "model": "20.xyz", "model_rescale": 4.067790424073018, "target_rescale": 4.09865094136892},
{"mapping": [13, 11, 10, 4, 6, 8, 3, 2, 5, 12, 1, 7, 9, 0, 14], "R": [[-0.7265520967019136, 0.5834257861141342, 0.36295509760183603], [-0.674715349841636, -0.7056703781768835, -0.21630652799158256], [0.12992785485080727, -0.4020493370978233, 0.9063526262294762]], "T": [-0.05909087796249207, -0.0642692069787342, 0.016752700851391866], "aligned_model": [[-0.5196642740894737, 0.11738200291834347, -0.17234715780362492, -0.4317915526754989, -0.18092808871349114, -0.30271454589728064, 0.6345786335881713, 0.2420538546609134, -0.6386332826710777, 0.5516091120233251, -0.4852400635480107, 0.039817353692533086, 0.12797914643574043, 0.4367005121984769, -0.05316936944758651], [0.14792099485381377, -0.07024111150045279, 0.5796765473621256, -0.6551601372762992, -0.7207198681281961, -0.011394414293275909, -0.45925258625413645, -0.6892095375717784, -0.11304800374724315, 0.2883215815941831, 0.610174036838547, 0.4223750704047905, 0.6898672176604518, -0.12315158344435635, -0.00133337417322206], [-0.4659179633737285, -0.6052231127050115, -0.47700199745192223, 0.40970894561259497, -0.30228511234356886, 0.5296071260497353, -0.27745089445646265, 0.2859800485528584, 0.11783361392746386, -0.2828121918555788, 0.20865966730347657, 0.5735816388651496, -0.00149444887015664, 0.5219079172997362, -0.028967205798278477]], "inverted": true, "swapped": false, "error_lsq": 0.041030488806878256, "error_max": 0.3070721325914483, "target": "139.xyz", "model": "21.xyz", "model_rescale": 4.186013935880536, "target_rescale": 4.09865094136892},
{"mapping": [5, 11, 13, 4, 0, 7, 8, 10, 6, 9, 2, 1, 14], "R": [[-0.2986107612083168, 0.9538221920005601, 0.03247829025420278], [-0.9260360576186817, -0.29780746590314505, 0.23187913498716728], [0.2308437421301246, 0.039165537141646875, 0.9722022564362659]], "T": [-0.006170799214287591, -0.014271222153428437, -0.02283327926679055], "aligned_model": [[-0.03419328996829633, -0.3658251441150771, 0.2986561984077549, 0.45044270832846756, -0.21916113375198562, 0.7526655205726056, -0.14714246250713967, -0.6850278586897841, 0.4993641812518346, -0.18497099307105813, -0.49210412431943523, 0.22436900691950834, -0.03849857363416972], [-0.34942944794294906, 0.07647969707650318, 0.26329729808611135, -0.4586492423644244, -0.3415659297013738, -0.15389803059123727, -0.7286849194118691, -0.33804539598667793, 0.5813801609505029, 0.5888190642355211, 0.2140320910881385, 0.19063536192670055, -0.025414047818852863], [-0.5996338653566563, -0.657287433509483, -0.6603253311195624, 0.31766830888423925, 0.5565956919652816, -0.13535443656223753, -0.06303979100185969, 0.16446461928989523, 0.012540285587071928, 0.11661962709835974, 0.4713196102856215, 0.5782680340672464, 0.0010442417074289882]], "inverted": true, "swapped": true, "error_lsq": 0.04067212403868713, "error_max": 0.2283082098550486, "target": "139.xyz", "model": "22.xyz", "model_rescale": 4.166573947596378, "target_rescale": 4.09865094136892},
{"mapping": [10, 8, 7, 11, 9, 12, 4, 3, 14, 0, 13, 6, 5, 2, 15], "R": [[-0.381401823177152, -0.3198794689472305, -0.8673002793860859], [-0.5914693237992583, 0.8054792712316193, -0.036975432663158], [0.7104200787432692, 0.4988790123489036, -0.49641015577462755]], "T": [-0.0339798316140481, -0.07330286886067379, 0.04615669696843228], "aligned_model": [[-0.5358769566778706, 0.18661504309037857, -0.035498585948877164, -0.19631391029658116, -0.35484705174867265, -0.40053734949570136, 0.6369982731356977, 0.2443040954413358, -0.81733054214734, 0.5438710006289859, -0.5421698486155032, 0.13490267341318346, 0.021624568617194452, 0.4737004040798289, 0.006190467195400971], [0.24938038442566207, -0.35631349170065574, 0.4304875687352057, -0.7022474588878472, -0.5320226999155341, -0.13005752278834076, -0.24922526143051865, -0.6055402522901296, 0.016482103844896706, 0.33236007128877715, 0.5982581306125415, 0.29269091856322216, 0.7560562688838591, -0.1863413155995745, -0.019142611416612713], [-0.4065198177805601, -0.6786343272827307, -0.4613691999298821, 0.49355995690318916, -0.17079839037033698, 0.586338009650766, -0.196110114839406, 0.07276638766307528, 0.11156377765158598, -0.36406489863978364, -0.040802313503978886, 0.6916292982689857, 0.03460020459772208, 0.4731137522254662, 0.060853706142195624]], "inverted": false, "swapped": false, "error_lsq": 0.03801427339636739, "error_max": 0.23526482892965297, "target": "139.xyz", "model": "23.xyz", "model_rescale": 4.274766983524099, "target_rescale": 4.09865094136892},
{"mapping": [11, 9, 6, 7, 1, 4, 8, 0, 10, 2, 14], "R": [[-0.2016565868559676, 0.939936875535611, 0.27541476174300283], [0.6741467505771718, 0.3371845002832418, -0.6571398416280823], [-0.7105355583388084, 0.05315338914024115, -0.7016508658578452]], "T": [-0.029996265517072587, 0.03199598485155433, -0.10272765466629247], "aligned_model": [[0.48368278835934264, 0.12436854242233324, -0.5098535983106014, -0.7378608089573326, -0.40171689591570325, -0.5718293001824867, 0.09556964839723238, 0.01658760828164714, 0.5677537228550997, 0.31845807011856564, -0.0052650731100216015], [-0.1510372202505283, 0.6441965588728535, 0.5210257544897858, -0.21845477170343322, 0.47144402298345456, -0.24289527146527892, -0.5995477845805695, 0.03836883315302189, -0.09675840466248556, 0.5125991773390433, 0.036645637067619655], [-0.5954260679188557, -0.23124410961052677, -0.47982750925501844, -0.3129452166883509, 0.2510622462941048, 0.2881186212483397, 0.23970799304325935, 0.5944193674207738, 0.37358567102049384, 0.3215845239067249, -0.06946908543936715]], "inverted": false, "swapped": true, "error_lsq": 0.0488069200088473, "error_max": 0.3109223428187787, "target": "139.xyz", "model": "24.xyz", "model_rescale": 3.7841303162186577, "target_rescale": 4.09865094136892},
{"mapping": [9, 2, 12, 0, 8, 7, 4, 1, 10, 3, 14, 11, 13, 6, 15], "R": [[-0.4223545653308549, 0.8088201524061064, -0.4091779346518425], [-0.09156399620033237, -0.48717774748670745, -0.8684894224765225], [-0.9017941315755, -0.32934450567079576, 0.2798205511402783]], "T": [-0.08183160852049899, -0.04576604397108457, 0.018313564039677408], "aligned_model": [[-0.47256765442301185, 0.02055703684855094, -0.032289989630721425, -0.28927462050283725, -0.21462537044405805, -0.19952055643003813, 0.5769422492009814, 0.11945140005073081, -0.7697462582080761, 0.6143364542240634, -0.5666520906141126, 0.04559920709963834, 0.034423049771867595, 0.5198543742657062, -0.020854950537223693], [0.07482360142624778, -0.2362645027627325, 0.4724600495099101, -0.6507190624707021, -0.5580048659729188, -0.1754393431200184, -0.3116854706105469, -0.7616330918685331, 0.10133337938672499, 0.3593865993208719, 0.5400555279864192, 0.4342377912818401, 0.7274442968738837, -0.08378758861310659, -0.037382488042388376], [-0.39992582719641667, -0.7041959033202455, -0.5331927826702613, 0.3820843593758206, -0.24519163451857753, 0.6445241573132472, -0.20973951262637777, 0.01083599770362709, 0.3505639209547855, 0.004056927649030848, -0.2076535757889202, 0.6037922353297217, 0.04342572258437152, 0.41650295679727195, 0.05023898916923003]], "inverted": true, "swapped": false, "error_lsq": 0.03730603459959121, "error_max": 0.3084085369906832, "target": "139.xyz", "model": "25.xyz", "model_rescale": 4.19342608120988, "target_rescale": 4.09865094136892},
{"mapping": [13, 9, 6, 8, 7, 5, 4, 10, 1, 12, 0, 14], "R": [[0.39092379804973004, 0.48497843506990346, -0.7822879914938752], [-0.9166719702243092, 0.12848738813513277, -0.3784223699720919], [-0.08301254798798224, 0.8650357845819785, 0.49479491536310655]], "T": [-0.024268592818523574, -0.03131090713611737, -0.009458234174456487], "aligned_model": [[-0.3462282887651589, 0.5386800941907096, 0.24648634101967837, -0.49668155817095583, -0.43675742387052247, -0.6214962427341221, -0.25447530621622105, 0.09255016268110342, 0.43429947850675593, 0.25121105854220693, 0.1962425414739833, -0.006022302025676704], [-0.7152303918602658, -0.3184893401699797, -0.6356824841641436, 0.5161433004877594, -0.28640836224952626, -0.10963822017370933, 0.31018667324908167, 0.5710061843072102, 0.07736519681931511, -0.019283685080976297, 0.6199330497046532, 0.002874506871561648], [0.0609405632818851, 0.11604809773117772, -0.42544409744616307, 0.08539104094014427, -0.6200050950732487, 0.2786375461220495, -0.6030012598669503, 0.4641709724457014, -0.4935686840653678, 0.7140064489426843, -0.13388005392421498, 0.005962982121723753]], "inverted": false, "swapped": true, "error_lsq": 0.052596820199388446, "error_max": 0.326360538608589, "target": "139.xyz", "model": "26.xyz", "model_rescale": 3.795458400668931, "target_rescale": 4.09865094136892},
