[{"mapping": [0, 4, 8, 5, 12, 10, 13, 1, 11, 2, 6, 9, 3, 15], "R": [[-0.926169278231187, -0.35550441288493306, -0.12580572514818705], [-0.37710742468497305, 0.8725109522339867, 0.3106680358183139], [-0.0006769846301731691, 0.33517346352460675, -0.9421561924865376]], "T": [-0.022845499589855798, 0.0991611785018426, 0.12089116307372903], "aligned_model": [[0.23872668185348686, 0.16903956395317568, -0.42848539128963936, -0.3796247440994687, -0.6589658307779376, -0.09331779970235679, -0.7308083768506074, 0.04278009792802466, -0.2673618036090355, 0.10636964622283604, 0.5109317535758248, 0.2696936678557833, 0.5567042353751012, 0.03581040069311622], [-0.6795004818837619, -0.34693935013869937, -0.47390025804379543, -0.20921627259188968, 0.22385039106080679, 0.20451000594747187, 0.1626646673677306, 0.4937206708079663, 0.7727185763743007, -0.17725037688711542, 0.43882970899306784, 0.7755653368503757, -0.13062020878878372, 0.18084092274236035], [0.232615922125755, -0.3519065892669777, 0.442704816860608, -0.07839193204282936, 0.37395995506807345, -0.6134710646597369, -0.2360503210910736, 0.6329603417247792, 0.30086031925891854, 0.7910029953046233, 0.3309278161752043, -0.11940803905288437, 0.1243644892885133, 0.06741937748686064]], "inverted": false, "swapped": true, "error_lsq": 0.04084465578091239, "error_max": 0.26287654454951415, "target": "14.xyz", "model": "0.xyz", "model_rescale": 3.8414455957264533, "target_rescale": 3.942246331269136},
{"mapping": [3, 2, 9, 1, 6, 11, 14, 7, 5, 10, 12, 0, 8, 4, 15], "R": [[-0.7467552146252991, -0.40055900581211135, -0.5309511581047138], [-0.5590894740225926, 0.8104466210016272, 0.17491493516617193], [0.3602438194710142, 0.4274678436676357, -0.8291535642829244]], "T": [0.0016692884670743684, 0.07491485792742406, -0.10296797982073547], "aligned_model": [[-0.5751741026806297, -0.42467612599382254, -0.016298441022232768, -0.15324739894145906, -0.4770565842521743, 0.3128052783201581, 0.6706867102442844, -0.20426230169575332, 0.3242966081697524, 0.35881567092566535, 0.5109839001249091, -0.45620511811525954, 0.11570802153100038, -0.10177754061751318, -0.012554422492380946], [0.1775930602740476, 0.244983096478384, -0.6177453417256831, -0.3772501949182451, -0.38872516134093993, -0.5484988105963662, -0.4415106479387507, -0.2526354425200368, 0.4702170103806189, 0.06585984120475241, 0.058660112996583906, 0.7657033109755625, 0.6818445003876047, 0.5195004698167217, -0.010951275431239638], [0.110100868419062, -0.6786902664834323, 0.24451506289815672, -0.5431342446460242, -0.0866054136631336, -0.34874528156721085, 0.1592743490134807, 0.716135760060214, -0.061139108182956245, 0.5510328383881323, -0.5768611097350111, -0.12242948482328553, -0.5667984833691286, 0.3980366719900752, -0.029510370959403537]], "inverted": true, "swapped": true, "error_lsq": 0.04534472786166622, "error_max": 0.31451745897434585, "target": "14.xyz", "model": "1.xyz", "model_rescale": 4.316132596720782, "target_rescale": 3.942246331269136},
{"mapping": [12, 1, 11, 4, 13, 8, 10, 0, 9, 2, 3, 15], "R": [[0.8704203420515493, -0.39014994043365403, 0.3002523141001255], [0.4607302855871006, 0.8604662043769116, -0.2175442830046797], [-0.1734820800131614, 0.32769030364783097, 0.9287211814153373]], "T": [-0.0028473311049878568, 0.02977043300383279, -0.06517133888279558], "aligned_model": [[-0.2748839831744406, 0.4825732266068155, 0.286810094106505, -0.32005111217209764, -0.6134458543866577, -0.48533234265004727, -0.2961351034118283, -0.2201188266848898, 0.49310298381217094, 0.20682754151841518, 0.2750972647581773, 0.06336466630965812], [-0.6071485130953657, -0.37742861494157504, -0.5745434072940563, 0.6254716884878244, -0.32587670751286485, -0.12303795447886633, 0.2884819377596007, 0.5558359701630267, 0.009977364996861037, -0.06868828024592886, 0.5538419242745457, 0.05589101962777883], [0.0024349107663013125, 0.07889313711986576, -0.37623410872546287, -0.12750150312318428, -0.4303232341315736, 0.518236725774289, -0.6995239553125473, 0.5375429857077275, -0.660559427490642, 0.6337507591591431, 0.12662365298587647, -0.1540814815203722]], "inverted": true, "swapped": true, "error_lsq": 0.04997627642045658, "error_max": 0.31044365751673725, "target": "14.xyz", "model": "2.xyz", "model_rescale": 3.795458400668931, "target_rescale": 3.942246331269136},
{"mapping": [12, 5, 0, 7, 1, 6, 4, 14, 10, 9, 2, 15], "R": [[-0.253990560638199, 0.7362082265240254, 0.6272848175311135], [-0.6698502640437632, 0.33394650378012103, -0.6631593747912596], [-0.6977029589067213, -0.5886231220495699, 0.40833001521002965]], "T": [-0.04135865356251652, 0.014383494346992466, -0.026134723243698317], "aligned_model": [[0.054952898634089496, -0.2229044076326456, -0.833868579915228, 0.38947177426655943, 0.1436636050130701, 0.14702583895386737, -0.3151237133714114, 0.7678490718965804, 0.3170333731425365, 0.6415778216955768, -0.5434386976478845, 0.04706484070845463], [-0.12911597796261257, -0.4454955282996008, -0.013360479117154232, -0.03398236508589866, 0.5636135029465391, 0.5963271740855711, -0.372644179967413, -0.31142304150992123, -0.5326064912940989, 0.23699916575414523, 0.49056835682545175, 0.03688890891470184], [-0.7002061403214672, -0.1590040476337731, 0.2154738399604419, 0.7692732487650711, -0.319923622333056, 0.2389333790260844, 0.458246887911518, -0.17474027843321593, 0.33123023425994025, 0.26521642240302196, -0.2777562160327484, 0.04202772306728316]], "inverted": false, "swapped": true, "error_lsq": 0.04876911823519836, "error_max": 0.2038382256621034, "target": "14.xyz", "model": "3.xyz", "model_rescale": 3.7530521520055578, "target_rescale": 3.942246331269136},
{"mapping": [1, 8, 12, 13, 11, 4, 9, 3, 7, 10, 15], "R": [[-0.6612841122186615, -0.4634661838117421, -0.5898325350386815], [-0.2320912081309674, 0.8741304287606357, -0.42664934621191586], [0.7133281110649465, -0.14524148848634041, -0.6856149910750111]], "T": [-0.16477760731256708, -0.04966374882250354, -0.10783231418802632], "aligned_model": [[-0.2924427190710711, -0.14222920120572208, 0.3175745860832225, 0.6025522302221307, 0.19910377905614535, -0.28953905435391203, -0.08874607792165126, -0.7373382950471896, -0.29028299763846993, 0.2252058725580603, -0.16565852023633726], [-0.6860066801816447, 0.12081761432514895, -0.34185778175274983, 0.12305254746022248, -0.668452058425123, 0.6072183650389222, -0.35573688456801705, 0.13724247311520615, 0.21734149273560763, 0.3822268522336965, -0.0686425816669233], [-0.13894579505645588, -0.8607830654055164, -0.5155077949409348, -0.22626099830883445, 0.06694769866082005, 0.003089927512198179, 0.6002523548855591, 0.05319491425480151, 0.7486631929903872, 0.3577168198421903, 0.004463522811101489]], "inverted": true, "swapped": true, "error_lsq": 0.046407369354565506, "error_max": 0.2513260956957213, "target": "14.xyz", "model": "4.xyz", "model_rescale": 3.7855080009869324, "target_rescale": 3.942246331269136},
{"mapping": [7, 3, 5, 10, 8, 6, 9, 15, 4, 14, 13, 2, 1, 11, 12, 16], "R": [[-0.8868415181471554, -0.24573365184262025, 0.3913145717227237], [0.17149437659023276, -0.9614203570078477, -0.21508271880565027], [0.42907085718838583, -0.12363603634455818, 0.8947694284164112]], "T": [0.006682727262589772, 0.03277519109778944, 0.06285823015159628], "aligned_model": [[0.17594824638230813, -0.37092052786801266, -0.038597404062679155, -0.5095838452646921, -0.2035258288886401, 0.4939266170720518, -0.6581214461265672, -0.6535602448294603, 0.6078973556241701, -0.3591829485538984, 0.12285788807779081, -0.20666621823612277, 0.5691655882048028, 0.6477277713135889, 0.24004684479124927, -0.029572576055292715], [-0.5759101927839322, 0.3338104397655774, -0.09794477903637909, -0.39191211442039003, -0.5688449861906686, -0.3819078427956117, 0.2626252178739351, -0.20145920927576172, -0.09683069181033886, 0.45974302646112575, -0.15788489471709855, 0.7209337942867381, 0.5227928722479405, 0.09529053998761432, 0.46078247082152607, 0.06896863170682427], [-0.33990815295628163, -0.4363513111970607, -0.7346160601766826, -0.22709658132240887, 0.3614807329269897, 0.1921193662725185, -0.047225353930714725, 0.4970604528204299, -0.3479264696912767, 0.4390738244022342, 0.7520749613486997, -0.10056040982045275, -0.06598136894690257, 0.5293229243688287, 0.5376384110392467, 0.07905514448716544]], "inverted": false, "swapped": false, "error_lsq": 0.041636963556525505, "error_max": 0.24796152915550942, "target": "14.xyz", "model": "5.xyz", "model_rescale": 4.2253639853439635, "target_rescale": 3.942246331269136},
{"mapping": [6, 7, 14, 11, 9, 13, 12, 1, 4, 3, 10, 8, 2, 15], "R": [[0.4085624444650096, -0.10139674274055746, 0.907080718312533], [-0.06411513423262388, 0.988166901285057, 0.13933924345646787], [-0.910475688052739, -0.11508638393091257, 0.39722681895687517]], "T": [0.08330750576179113, 0.07523416292781865, 0.10357558684011126], "aligned_model": [[0.5003201114483053, -0.24428164201324798, -0.5073835393322694, 0.10522038250876965, -0.023308844612122293, -0.5596231804587412, 0.012990613618647687, 0.5529381765685937, -0.23184725463683603, 0.3599612029336281, -0.6057520359872721, 0.2066960136743941, 0.7487865216617955, 0.05934562738413901], [-0.1173658405966323, 0.1125203811554827, -0.5773021242513847, -0.6625937349530964, -0.41500896944241067, -0.13150016845359006, -0.28813488473783405, -0.3736608640624169, 0.6438769248294309, 0.4674958398449184, 0.1023403868719683, 0.4181053110909137, 0.23818288899637186, 0.02814400034326968], [-0.37955378257367434, -0.7401797355297527, 0.01230053031852274, 0.13498430026851765, -0.48730518070985296, 0.5237569771223454, 0.6928622393605737, 0.11536725863822, -0.08796072882273809, -0.2942723161347434, -0.17893955009423906, 0.7845468134202408, 0.3732701578369735, 0.002681225831055234]], "inverted": true, "swapped": true, "error_lsq": 0.04102336800995526, "error_max": 0.2526491436198196, "target": "14.xyz", "model": "6.xyz", "model_rescale": 3.89814844738969, "target_rescale": 3.942246331269136},
{"mapping": [3, 7, 9, 0, 1, 10, 4, 2, 5, 13, 14, 12, 15], "R": [[-0.5665951639979786, 0.6927941938498705, -0.44610102566796583], [0.060478749057932935, 0.5748916057752084, 0.8159913985585812], [0.8217738381370452, 0.43535714830138006, -0.367630129853905]], "T": [-0.003991630373611693, -0.01686625762935147, 0.029126945950946257], "aligned_model": [[0.03604216816436634, -0.041479738707579566, 0.39665137983543575, -0.3726659348168607, 0.6204116974360089, -0.4354368817997336, -0.551618352945318, 0.2889149727848148, -0.46303440599838974, -0.43076018490771395, 0.032254382970315826, 0.03312410685057436, 0.036228592038302115], [-0.3975385561350917, 0.36053122775716795, 0.5107025188298625, -0.7464084394098845, -0.046783104241676324, 0.5089631514338451, -0.14080696161731726, -0.6522729021061043, 0.001653749606292984, 0.49231007235204816, 0.8613903160316889, 0.1595801826184246, 0.05246001035122971], [-0.4629861928323298, -0.7935477987657263, -0.3733675520730923, -0.10894503343268658, 0.20639573127947458, -0.2753579135003469, -0.35048726414009757, 0.2585041190453265, 0.2550441279753415, 0.4664591053478733, 0.13111846579839848, 0.7012350955333471, -0.05178985939918601]], "inverted": false, "swapped": true, "error_lsq": 0.04352343430067662, "error_max": 0.27906736398744886, "target": "14.xyz", "model": "7.xyz", "model_rescale": 3.7474275329858107, "target_rescale": 3.942246331269136},
{"mapping": [4, 10, 7, 3, 9, 2, 0, 8, 6, 1, 8, 12, 13, 14, 15], "R": [[-0.4579739438384488, 0.687687239100534, 0.5633348275611432], [0.8404397733608944, 0.12843557173273296, 0.5264649003179365], [0.2896909631282035, 0.7145562014929068, -0.6367798526884175]], "T": [-0.015364609501576698, -0.08046803808011352, 0.047567004192901774], "aligned_model": [[-0.2754543469856535, 0.29707738253547444, 0.5123877309942028, -0.17111357381808742, 0.7295931004467078, -0.4642642399778215, -0.7583740790493588, -0.6991381787606115, 0.3016329524943708, 0.21211984401243858, -0.6991381787606115, -0.04231887050867432, 0.07484547753327386, 0.6998317392593376, 0.08446696292375976], [-0.01843800504909686, 0.3109766941104515, -0.30293065453012225, -0.5885112492854678, -0.25987478036773276, -0.48800264161303375, -0.3318383138023988, 0.15839066602055588, -0.6649731389138934, -0.38743624436112356, 0.15839066602055588, 0.3659308965815181, 0.7090788383694248, 0.440167207415358, -0.11181197861540183], [-0.5752241946372869, -0.5042514671372544, -0.6542989425666015, -0.27850630182989594, -0.06946584450358143, 0.46536412988591186, -0.2206983903147663, 0.3157225281258103, 0.09525971891072149, 0.5731334600144804, 0.3157225281258103, 0.5807102756569689, 0.08117090100824625, 0.06956192746805129, 0.0025943274896468096]], "inverted": false, "swapped": true, "error_lsq": 0.051983503137354274, "error_max": 0.36845078885438687, "target": "14.xyz", "model": "8.xyz", "model_rescale": 4.019505241142653, "target_rescale": 3.942246331269136},
{"mapping": [9, 1, 3, 7, 10, 4, 0, 14, 13, 12, 2, 5, 15], "R": [[0.2503979284153488, -0.8387687598338354, 0.4834954446239508], [0.17060748788415747, -0.453360658215774, -0.8748469572788244], [0.9529921104202066, 0.3015478089938147, 0.029579661388712042]], "T": [-0.046667386393716134, 0.030229509127238985, 0.02316552969077274], "aligned_model": [[-0.32530019528050913, -0.6903621684281858, 0.10927603029387438, 0.23850609289449975, 0.42282769427607614, 0.6043386701151512, 0.398853900391847, -0.1787747378569583, 0.1695487861018583, -0.32089904445386874, -0.3528528720920008, 0.30670677196930546, -0.06216815618991377], [-0.5930871917910158, 0.0931646931708775, 0.2663093503606477, -0.5504367518815976, -0.5484498588783556, 0.060559006935096665, 0.7046795066163517, -0.7903412788065161, -0.33631769586056814, 0.037079769652914846, 0.6975367386459786, 0.08151757676918293, -0.058835636818937914], [-0.3438297081964527, -0.039243972260421214, -0.5323859122056191, -0.6109722596530271, 0.030725974154237837, -0.1629379625768501, -0.16080292725932713, 0.32691194112981575, 0.69513655961857, 0.6626890715633109, -0.03252360152451965, 0.39004162863145625, -0.04610533737729472]], "inverted": false, "swapped": true, "error_lsq": 0.04613065726319671, "error_max": 0.2598125720544075, "target": "14.xyz", "model": "9.xyz", "model_rescale": 3.877068213659057, "target_rescale": 3.942246331269136},
{"mapping": [14, 7, 2, 9, 10, 6, 8, 11, 13, 0, 12, 1, 4, 3, 5, 15], "R": [[0.4041538312635215, -0.6955303595956024, 0.5940515125440129], [-0.22087112941160425, -0.7044456644344587, -0.6745163082179236], [0.8876235828702728, 0.1413995217117322, -0.4383269902621033]], "T": [0.04251353937702533, -0.009144696862002005, 0.054483273163342116], "aligned_model": [[0.07026977403384992, -0.1877648586991572, 0.04055755330486725, -0.37863768541178083, -0.16148800443373773, 0.4167036074417982, -0.6773287755276427, -0.5348376200542828, 0.6151821258357877, -0.4349697109682717, 0.050816025039374116, -0.17565315781958707, 0.39101916021757777, 0.6010219590649739, 0.20226179237613195, -0.009312912819304422], [-0.6916076702146972, 0.5907991126423758, -0.03894757814940164, -0.34688601421978105, -0.6668953138438126, -0.3791845672076155, 0.17822676804219326, -0.23534098240627474, -0.36613401405971746, 0.32389894511371453, -0.03785988129417639, 0.8237911711181619, 0.4763056519714315, 0.20775981842073077, 0.588591118269543, 0.02573571793842598], [-0.32366408975072014, -0.44883159273438866, -0.6084370239576314, -0.325263685096989, 0.2246545852072679, 0.3759748942689788, -0.1505579705425106, 0.4546784197768441, -0.3226742714432896, 0.5974912968729661, 0.8010097111602713, 0.16185059719578404, -0.26327838406579873, 0.2637250450824745, 0.5321733748142877, 0.11930920283678573]], "inverted": false, "swapped": false, "error_lsq": 0.043768442066923874, "error_max": 0.29504591503372596, "target": "14.xyz", "model": "10.xyz", "model_rescale": 4.260839863003843, "target_rescale": 3.942246331269136},
{"mapping": [14, 13, 8, 12, 2, 1, 9, 10, 4, 0, 3, 15], "R": [[-0.22281299789900672, -0.1995331504732975, 0.9542226626052525], [-0.9608387059396277, 0.2103720384679832, -0.1803679200941426], [-0.16475238734391326, -0.9570423853168812, -0.23859279865799668]], "T": [-0.0253611931174688, 0.07520311006453767, -0.029655202894243032], "aligned_model": [[0.46672544887462863, 0.22113440690505343, -0.5182074253114186, -0.34406099316881306, -0.7092500297988693, -0.4281468263972696, 0.39230440238761494, 0.6945118386210481, 0.36935481687094845, -0.25282453446453745, 0.014997707457229077, 0.052359837118515745], [-0.03537198406277217, -0.5728795768664694, -0.4677728995925156, -0.33564622550823986, 0.20961931742876774, 0.4469200432158939, 0.5936990280012753, -0.10928497030448789, -0.09655029616006675, -0.06014733764599128, 0.44902871844671693, 0.1514646885808232], [-0.7567552909939698, -0.41937318023818937, 0.2128046987529251, -0.4921198500485163, 0.20778555143441302, -0.37863802621760656, -0.42659712544461525, -0.0853289707416086, 0.4938553631803856, 0.7559382631507051, 0.4676525679079496, -0.06304592334636808]], "inverted": false, "swapped": true, "error_lsq": 0.045443523387579114, "error_max": 0.27788972241941756, "target": "14.xyz", "model": "11.xyz", "model_rescale": 3.890672605050136, "target_rescale": 3.942246331269136},
{"mapping": [5, 0, 4, 13, 10, 11, 2, 14, 12, 1, 7, 3, 9, 15], "R": [[-0.44866962034541136, 0.4544385051382151, -0.7695331161339641], [0.7914880647922626, 0.6019200557424681, -0.10601363019151533], [0.4150207405305231, -0.6566413720918968, -0.6297458958871964]], "T": [0.015698150909646005, -0.003037189706796236, -0.007425841824514223], "aligned_model": [[0.4164806704937336, 0.08021848116681803, 0.5090406318737878, 0.5565760297043792, 0.6505153787916252, -0.2764774096521493, -0.5274632081901365, 0.31707248538842564, -0.0239808119008401, -0.5856106017832046, 0.29069833993510197, -0.11560322098731456, -0.09696247014682617, 0.015371540100292652], [-0.21640466484362447, 0.358435070802673, 0.4049233345658734, -0.5688946246252545, 0.13186077240621977, -0.41604529811124064, -0.030594640504336204, -0.3706279582917096, -0.6973411886877078, -0.17239721167319855, 0.6642769665703981, 0.5815675445795103, 0.21139174633625812, 0.052002671303904485], [-0.2439623637502374, -0.7506561837175298, -0.2300121868549824, 0.13366928698313243, 0.3588557835008205, 0.5310111856359955, -0.5037786341428436, 0.7389662737230563, -0.03207996663729967, 0.17130222714428023, 0.5400179166614055, -0.17972412860115072, 0.7288983206978602, 0.09228290471435435]], "inverted": true, "swapped": true, "error_lsq": 0.0521106378370196, "error_max": 0.36657023974558134, "target": "14.xyz", "model": "12.xyz", "model_rescale": 4.124412569039231, "target_rescale": 3.942246331269136},
{"mapping": [9, 14, 12, 7, 11, 6, 10, 3, 5, 4, 2, 8, 15], "R": [[-0.3029234911483931, -0.3381886601910231, 0.8909914638360295], [-0.9508259689100473, 0.04391998948052056, -0.3065958436937805], [0.06455490188002388, -0.9400529052357809, -0.33486295704516034]], "T": [0.2023799089359107, 0.11976855460539568, -0.07943303859100452], "aligned_model": [[-0.17589385997609083, -0.15881512185407667, 0.615131776513296, -0.6043532109466941, 0.3797717097860911, 0.21576649262789158, -0.48693823523933655, 0.0604267032300041, 0.14513605558944415, -0.260593716652082, 0.8299502710619038, 0.6810386803580369, 0.12667076301137065], [-0.27548678910371294, 0.4084782265100608, 0.5799558143040142, -0.28152826277999576, 0.08278996133933308, -0.5288981491945748, 0.3750811570541098, -0.3356497010541739, 0.5957927838699504, 0.2247809721635287, -0.11747804681858884, 0.5612493157402471, 0.05839809447827936], [0.469682273056892, 0.6750439510278133, 0.24010392450300605, 0.014217874260954444, 0.6368220981927531, 0.0737353948656841, 0.043076443452763555, -0.48084672176580945, -0.2589487985183367, -0.5631592918078567, -0.3827798042727959, -0.49474939710108895, -0.020499864926139824]], "inverted": true, "swapped": true, "error_lsq": 0.038863013620238036, "error_max": 0.25297876696745103, "target": "14.xyz", "model": "13.xyz", "model_rescale": 3.9028299243045295, "target_rescale": 3.942246331269136},
{"mapping": [0, 1, 2, 3, 4, 5, 6, 7, 8, 9, 10, 11, 12, 13, 14, 15], "R": [[1.0, 0.0, 0.0], [0.0, 1.0, 0.0], [0.0, 0.0, 1.0]], "T": [0.0, 0.0, 0.0], "aligned_model": [[0.05130333901151468, -0.20991838927873063, -0.015891903938898118, -0.4501112439183244, -0.009170152487239958, 0.4468643133806572, -0.6226018096666819, -0.6319874738009895, 0.5915790653419685, -0.5258551409020195, 0.026038606260039045, -0.027661843232635958, 0.5419625564879844, 0.6319874738009895, 0.11639300577452208, -0.08509113125155934], [-0.7349337171092679, 0.4925592890018304, -0.06250496019123011, -0.4053550985195664, -0.6159128440911815, -0.20902051286448264, 0.17700305647195816, -0.16716622824222238, -0.2479322111983147, 0.4056291554681213, -0.12916751192360634, 0.7349337171092679, 0.4197582319690486, 0.18745410304233723, 0.5744160967412169, 0.03249171645719165], [-0.38007474015902826, -0.3681282010433874, -0.7334782525041038, -0.147568822725677, 0.2827199155871075, 0.13683765667335537, -0.15951541257381546, 0.6271166087188913, -0.4301987769125581, 0.399733430531896, 0.7334782525041038, 0.07045524978916551, -0.11966579720251196, 0.44508891696656555, 0.6629852704203236, 0.06837481155400528]], "inverted": false, "swapped": false, "error_lsq": 0.0, "error_max": 0.0, "target": "14.xyz", "model": "14.xyz", "model_rescale": 3.942246331269136, "target_rescale": 3.942246331269136},
{"mapping": [9, 7, 6, 4, 5, 3, 1, 1, 11, 2, 8, 12, 10, 13, 15], "R": [[0.46881987578028117, -0.7111931801389364, -0.523843664271344], [-0.06095999481242814, 0.5655918368460329, -0.8224291781822917], [0.881187722965902, 0.41750465221000516, 0.22180636212059437]], "T": [0.016475036527217435, -0.01340222741713129, -0.04430790094078407], "aligned_model": [[-0.7279348193249169, -0.48943683319616144, -0.31773529493747554, 0.3021078645112522, 0.30294633219326605, 0.17104271349661007, -0.239402058054433, -0.239402058054433, -0.5560807690599396, 0.43770563296462145, 0.6955036618589867, 0.03471483274842829, -0.26368242919996765, -0.05370976337381031, -0.08234297603981772], [-0.0806779984004711, -0.5851831255159886, 0.2558531891781871, -0.5937155996277472, -0.27140265097445626, -0.093864077469834, 0.5807412833762932, 0.5807412833762932, 0.3460120962400145, 0.555448164139531, 0.16411470763475, 0.289388210651239, -0.6912795474709039, -0.3119597822763769, -0.04607146297887871], [-0.2496695176379269, -0.5319017283006366, -0.5544189057481483, -0.2468259285188112, 0.29254787214141953, -0.6429097462106873, -0.10529279081789447, -0.10529279081789447, 0.2537824910151535, -0.24709790613484028, 0.27805063129848806, 0.5819712296464162, 0.08739910495871445, 0.6895782156294613, -0.09055775014229735]], "inverted": false, "swapped": true, "error_lsq": 0.04534270318308436, "error_max": 0.35423801844669206, "target": "14.xyz", "model": "15.xyz", "model_rescale": 4.355366556412066, "target_rescale": 3.942246331269136},
{"mapping": [12, 1, 11, 4, 13, 8, 10, 0, 9, 2, 3, 15], "R": [[0.8704203420515493, -0.39014994043365403, 0.3002523141001255], [0.4607302855871006, 0.8604662043769116, -0.2175442830046797], [-0.1734820800131614, 0.32769030364783097, 0.9287211814153373]], "T": [-0.0028473311049878568, 0.02977043300383279, -0.06517133888279558], "aligned_model": [[-0.2748839831744406, 0.4825732266068155, 0.286810094106505, -0.32005111217209764, -0.6134458543866577, -0.48533234265004727, -0.2961351034118283, -0.2201188266848898, 0.49310298381217094, 0.20682754151841518, 0.2750972647581773, 0.06336466630965812], [-0.6071485130953657, -0.37742861494157504, -0.5745434072940563, 0.6254716884878244, -0.32587670751286485, -0.12303795447886633, 0.2884819377596007, 0.5558359701630267, 0.009977364996861037, -0.06868828024592886, 0.5538419242745457, 0.05589101962777883], [0.0024349107663013125, 0.07889313711986576, -0.37623410872546287, -0.12750150312318428, -0.4303232341315736, 0.518236725774289, -0.6995239553125473, 0.5375429857077275, -0.660559427490642, 0.6337507591591431, 0.12662365298587647, -0.1540814815203722]], "inverted": true, "swapped": true, "error_lsq": 0.04997627642045658, "error_max": 0.31044365751673725, "target": "14.xyz", "model": "16.xyz", "model_rescale": 3.795458400668931, "target_rescale": 3.942246331269136},
{"mapping": [3, 7, 9, 0, 1, 10, 4, 2, 5, 13, 14, 12, 15], "R": [[-0.5665951639979786, 0.6927941938498705, -0.44610102566796583], [0.060478749057932935, 0.5748916057752084, 0.8159913985585812], [0.8217738381370452, 0.43535714830138006, -0.367630129853905]], "T": [-0.003991630373611693, -0.01686625762935147, 0.029126945950946257], "aligned_model": [[0.03604216816436634, -0.041479738707579566, 0.39665137983543575, -0.3726659348168607, 0.6204116974360089, -0.4354368817997336, -0.551618352945318, 0.2889149727848148, -0.46303440599838974, -0.43076018490771395, 0.032254382970315826, 0.03312410685057436, 0.036228592038302115], [-0.3975385561350917, 0.36053122775716795, 0.5107025188298625, -0.7464084394098845, -0.046783104241676324, 0.5089631514338451, -0.14080696161731726, -0.6522729021061043, 0.001653749606292984, 0.49231007235204816, 0.8613903160316889, 0.1595801826184246, 0.05246001035122971], [-0.4629861928323298, -0.7935477987657263, -0.3733675520730923, -0.10894503343268658, 0.20639573127947458, -0.2753579135003469, -0.35048726414009757, 0.2585041190453265, 0.2550441279753415, 0.4664591053478733, 0.13111846579839848, 0.7012350955333471, -0.05178985939918601]], "inverted": false, "swapped": true, "error_lsq": 0.04352343430067662, "error_max": 0.27906736398744886, "target": "14.xyz", "model": "17.xyz", "model_rescale": 3.7474275329858107, "target_rescale": 3.942246331269136},
{"mapping": [7, 3, 4, 6, 14, 11, 10, 8, 9, 13, 1, 2, 12, 15], "R": [[0.2307213217982803, -0.6701761655739497, 0.7054300665298108], [0.49408628725590054, -0.5438738550320089, -0.6782919508281826], [0.8382400684847597, 0.5050397379506095, 0.20564155873131693]], "T": [0.04042881528960969, 0.09671746571601836, -0.006588538469609408], "aligned_model": [[0.4490335628416384, 0.10413839532509912, 0.6505223026293516, -0.3343688949764115, 0.15001292969289215, -0.40878717068155446, 0.6504190772635401, 0.039601825998188026, -0.07075618945604532, 0.3745936329143182, -0.5977940299291589, -0.43876606370489246, -0.20025668096333576, 0.04725495092924748], [-0.549989685745981, 0.1948804570930125, 0.23539886891806883, -0.19897086515499385, -0.6078818155691299, -0.36445033444825087, -0.31767877811791084, 0.8156527848561022, -0.6548474093912355, 0.005122194794126844, -0.025192055570110727, 0.6203727023403023, 0.21736655231235766, -0.009374374805124513], [-0.49181011297245464, -0.618956533856185, -0.2671968249730349, -0.47188774286963797, 0.5174170220599081, 0.3558834554520315, 0.10083694939188939, 0.2756143717550759, -0.16032073967803853, 0.709369234588149, -0.009490986307717855, -0.2023108689717631, 0.6350925184097634, -0.04744502336633091]], "inverted": false, "swapped": true, "error_lsq": 0.04271514991691846, "error_max": 0.2654511667329083, "target": "14.xyz", "model": "18.xyz", "model_rescale": 3.922800546911778, "target_rescale": 3.942246331269136},
{"mapping": [13, 14, 10, 5, 6, 12, 9, 0, 1, 4, 7, 3, 8, 2, 15], "R": [[0.5403208784775259, 0.7738915015322559, -0.3303714457053232], [-0.8292824875665689, 0.5562939763174725, -0.053174878733278835], [0.1426320584464734, 0.30270275150557513, 0.942351919472909]], "T": [0.0308659790854078, 0.041738105865610484, 0.05303444491186894], "aligned_model": [[-0.308634516251691, -0.2575279253845826, 0.3590786869015932, -0.0036176862668435075, 0.1775902372130318, -0.6263491963804315, 0.1331440459205957, 0.4463388303598361, -0.3585172261538119, 0.6058731069020125, 0.7088919501444877, 0.5390188223541171, -0.23902930185586577, -0.15449550659523623, 0.0742865159804062], [0.48522221107698343, -0.14602926593072646, 0.17418919198712257, 0.5358680333037008, -0.5815226184430563, 0.2513059726690845, -0.5987376325927731, 0.4729118380645067, -0.4259264760811401, 0.3917956613309415, -0.3560176230838737, -0.11388162084990043, 0.6473716925958675, 0.02432774394893383, -0.04326560296109204], [-0.5132804974002392, -0.76220970424604, -0.6027747729725501, -0.07638087600901015, 0.2385777656226168, -0.03856146821602886, -0.37143638088692166, 0.6263475633387021, 0.28078280168532366, -0.025640739895312556, -0.397186743499368, 0.3789986051704276, 0.4491047107833413, 0.7654162024548167, -0.009097298766428306]], "inverted": true, "swapped": true, "error_lsq": 0.04018002025025893, "error_max": 0.28007141384238327, "target": "14.xyz", "model": "19.xyz", "model_rescale": 3.9282355846067225, "target_rescale": 3.942246331269136},
{"mapping": [6, 3, 0, 7, 9, 4, 10, 5, 14, 12, 2, 1, 8, 15], "R": [[-0.7678420815253906, 0.6182280481535506, 0.16796612252179488], [-0.5459504326333068, -0.4942804188568115, -0.6764798538332389], [-0.3351964542566952, -0.6111308763358191, 0.7170511760277318]], "T": [-0.004694941084322182, -0.08629851483064857, 0.09788342215388737], "aligned_model": [[-0.5653898793676454, -0.07492084120737137, 0.5528942393551691, -0.49194901259779694, -0.726381642483364, 0.3215510573963079, -0.028045922699388423, 0.4446645365471672, -0.3818027007332853, 0.17204020390620905, 0.14494440388194862, -0.4085600153778806, 0.6750818273098489, -0.10160343484524259], [-0.44662806026664137, -0.6322233666907782, -0.678665684895027, -0.08972759108285641, 0.09751680501523932, -0.20448429493293774, 0.36025556266973136, 0.1469204217248591, 0.7096651047503171, 0.33611295107088224, -0.6220529456092421, -0.20647245022914437, -0.17689451109463752, -0.07043985300492869], [0.11174225033624327, -0.19490288953358573, -0.06152752769418576, -0.6657916835466773, -0.11711818174102889, -0.4843183845589557, -0.49826822765878565, 0.021812263691394232, 0.012546989728689811, 0.6218810661953296, 0.5802992447540121, 0.592504471806551, 0.45313413667834324, 0.04018962878633807]], "inverted": true, "swapped": true, "error_lsq": 0.04350916012799195, "error_max": 0.3415146893731602, "target": "14.xyz", "model": "20.xyz", "model_rescale": 4.067790424073018, "target_rescale": 3.942246331269136},
{"mapping": [5, 7, 8, 12, 0, 3, 2, 10, 4, 9, 9, 1, 11, 6, 15], "R": [[-0.1953140181583263, -0.7574246929231809, -0.6230250948887006], [0.6106362630466813, 0.4031847391499256, -0.6815903611180185], [0.7674475803357734, -0.513565867895085, 0.38376335256240257]], "T": [0.0494391444032196, -0.044166524359364495, -0.05855541006872098], "aligned_model": [[0.06365400528339542, 0.1900966870292941, -0.29083178402609167, 0.3986724842963537, -0.7339936403622587, -0.43743893206701795, -0.45798292535545837, 0.4136655440298891, -0.2427179094938109, 0.5030097608728846, 0.5030097608728846, 0.15216260114027563, 0.6445887323374689, -0.03747933611569976, 0.10002890546540663], [-0.13949696998826427, 0.8365834528631177, -0.5986630099259362, -0.6259116817556238, -0.03823542394681659, 0.29353922607056304, -0.5091930124516266, 0.4919434350171108, 0.40245893203127603, 0.3858506618130909, 0.3858506618130909, -0.36548776552438667, -0.2755676396575324, 0.15592761924913665, 0.041296654320647136], [-0.5613594250899868, 0.09994660620287552, -0.4747963286697147, -0.21298641444923513, -0.3295061492211232, 0.13533633812431606, 0.20302245224034546, -0.42635677401578687, -0.47632715569636425, 0.3999250932630064, 0.3999250932630064, 0.4967817012024113, 0.3130723339956633, 0.5713777401044539, -0.002805537632726972]], "inverted": true, "swapped": true, "error_lsq": 0.04193352266152265, "error_max": 0.3235630051662513, "target": "14.xyz", "model": "21.xyz", "model_rescale": 4.186013935880536, "target_rescale": 3.942246331269136},
{"mapping": [6, 9, 1, 0, 4, 2, 3, 7, 12, 14, 10, 5, 15], "R": [[0.4910489179847683, -0.02030205438763716, -0.8708953936803374], [0.5918404367856813, 0.7413508919320515, 0.3164233752694097], [0.6392150323101939, -0.6708104662415407, 0.37605513006670266]], "T": [0.12301512445526913, 0.013542285689776806, 0.034707508353684594], "aligned_model": [[-0.0473851081646309, -0.4915665820271879, 0.3305361156329073, 0.4941335783206887, -0.11520304512906768, 0.7552632327931821, 0.03873503437547046, -0.7300807887108012, 0.4848396885166118, -0.408882860922304, -0.5003591117332458, 0.22751962296831713, 0.02102425950328511], [-0.27419167275082146, 0.1295184869091888, 0.1379789948146258, -0.6212026225667419, -0.3590333277371114, -0.2742909580107795, -0.6000563383210678, -0.28598793523763133, 0.6076207260540616, 0.7180562957456981, 0.16528419996285612, 0.16635574564927924, 0.008905065034536717], [-0.5419910195900105, -0.4232054782185328, -0.568325906463135, 0.4175735474426758, 0.5483248657727798, -0.20935011369432915, -0.03658793516334739, -0.021301111765875583, 0.0545589691826583, -0.026897650270872472, 0.4138269554387705, 0.5120215453365651, -0.015767106672000805]], "inverted": false, "swapped": true, "error_lsq": 0.03788343806535678, "error_max": 0.22990719941269108, "target": "14.xyz", "model": "22.xyz", "model_rescale": 4.166573947596378, "target_rescale": 3.942246331269136},
{"mapping": [14, 7, 10, 13, 12, 9, 5, 6, 9, 1, 2, 0, 8, 3, 4, 15], "R": [[0.317658130126234, -0.9097734468323153, 0.26721824002779665], [-0.8423116070883194, -0.400160799983035, -0.3610851571599558], [0.43543595272898306, -0.11037938936135677, -0.893427065560036]], "T": [0.06042500841986217, -0.04054541857113294, 0.13056091245397508], "aligned_model": [[0.0017582670639785455, -0.22515415609116365, -0.0454421506787445, -0.5016752351503568, -0.058994688405878466, 0.585443330540496, -0.710622638503093, -0.5235269041353284, 0.585443330540496, -0.4275141868044075, -0.01987401988506881, -0.20481225651677323, 0.5716699895751296, 0.5288820638523088, 0.27002312319535393, 0.002235402983648077], [-0.661279287465842, 0.36767682947256985, -0.08203840526034165, -0.24711652015982913, -0.6650139441101903, -0.23774141015630437, 0.16594096581667886, -0.24193238602352998, -0.23774141015630437, 0.34402089368342087, 0.06094290330598368, 0.7306277211325366, 0.5225751652232101, 0.05444540691365162, 0.5876494660931184, -0.008763706187728038], [-0.3564970314150617, -0.3824583704677742, -0.6097172175647889, -0.4679245385492029, 0.2891779098103139, -0.08372550480682431, -0.10162625437134318, 0.5750281048656604, -0.08372550480682431, 0.480022146512871, 0.7909103849039365, 0.08936692349281602, -0.1443989347453107, 0.49518590104546634, 0.44882704406213314, 0.14971505165826543]], "inverted": false, "swapped": false, "error_lsq": 0.04913923674013207, "error_max": 0.3610070325269184, "target": "14.xyz", "model": "23.xyz", "model_rescale": 4.274766983524099, "target_rescale": 3.942246331269136},
{"mapping": [3, 1, 8, 5, 12, 13, 10, 14, 9, 11, 15], "R": [[0.9774747152714993, -0.21021201874245365, -0.01881723096322592], [-0.11935299725518055, -0.6241062516592086, 0.772169831504765], [-0.1740633305757015, -0.752530593275858, -0.6351375151357217]], "T": [-0.00046587664655996924, 0.06836843204635022, -0.1929665423268766], "aligned_model": [[0.35151913315545996, 0.30133877025223116, -0.6389329354748193, -0.47862816231104865, -0.4442341258558477, -0.5704372062835188, -0.0392684896401865, 0.018987617427242854, 0.6063342273984874, 0.18239054871443475, 0.09082532657564021], [-0.12439015216211273, 0.6349808656576359, 0.316425640693899, -0.11440989188599944, 0.48742934278331784, -0.08289492513859094, -0.5755078126034581, -0.07118026137564927, -0.04990035906008734, 0.46934021719164054, 0.02569386714288803], [-0.6700830127266857, -0.09265173319981734, -0.549806276082525, -0.1855674529406387, 0.14124593955689846, 0.3407969183560854, 0.1802228745240051, 0.680645715208173, 0.2746354072464797, 0.40002742354421406, -0.13989936946461162]], "inverted": true, "swapped": true, "error_lsq": 0.04718711696922755, "error_max": 0.23927379960602657, "target": "14.xyz", "model": "24.xyz", "model_rescale": 3.7841303162186577, "target_rescale": 3.942246331269136},
{"mapping": [2, 6, 4, 8, 9, 12, 0, 10, 5, 7, 14, 6, 3, 13, 11, 15], "R": [[-0.12012355126437935, -0.1614061124797751, 0.979550100447037], [0.9909447670440116, -0.07911797116457936, 0.10848417076647915], [0.05999000833242002, 0.983711549943868, 0.16944847419587236]], "T": [-0.1363993710031686, -0.020348833309487974, 0.08308062115018769], "aligned_model": [[0.08253634810572893, -0.049597267026231434, 0.07716895834659107, -0.4753079627567013, -0.05023812726449621, 0.5220584474108064, -0.8549815059557111, -0.4997935308220357, 0.5848128853581824, -0.5644242000427322, 0.17487843346685736, -0.049597267026231434, 0.5127659453546565, 0.497024622131611, 0.035151497147429045, -0.11461800484712681], [-0.5991852797461367, 0.6244899692956932, 0.09690463374553648, -0.38592562044191103, -0.558733224009473, -0.38010187796295725, 0.08633162742910465, -0.08311755834216401, -0.23257410251208566, 0.4229272324572473, -0.3792206516541633, 0.6244899692956932, 0.39385178174138735, 0.17513531862366347, 0.6072437278602779, 0.039736336341386715], [-0.3479745343717995, -0.2310447768088472, -0.6221459637292283, -0.2346493944045839, 0.2948805183506692, 0.19345704372404773, -0.03349100479386849, 0.7681060783738668, -0.36875127439254296, 0.29070199611981007, 0.7183885061578178, -0.2310447768088472, -0.1536135489568784, 0.49848402572844575, 0.49066551533032776, 0.05619170010594304]], "inverted": false, "swapped": false, "error_lsq": 0.04725716551428341, "error_max": 0.3218404112082811, "target": "14.xyz", "model": "25.xyz", "model_rescale": 4.19342608120988, "target_rescale": 3.942246331269136},
{"mapping": [12, 1, 11, 4, 13, 8, 10, 0, 9, 2, 3, 15], "R": [[0.8704203420515493, -0.39014994043365403, 0.3002523141001255], [0.4607302855871006, 0.8604662043769116, -0.2175442830046797], [-0.1734820800131614, 0.32769030364783097, 0.9287211814153373]], "T": [-0.0028473311049878568, 0.02977043300383279, -0.06517133888279558], "aligned_model": [[-0.2748839831744406, 0.4825732266068155, 0.286810094106505, -0.32005111217209764, -0.6134458543866577, -0.48533234265004727, -0.2961351034118283, -0.2201188266848898, 0.49310298381217094, 0.20682754151841518, 0.2750972647581773, 0.06336466630965812], [-0.6071485130953657, -0.37742861494157504, -0.5745434072940563, 0.6254716884878244, -0.32587670751286485, -0.12303795447886633, 0.2884819377596007, 0.5558359701630267, 0.009977364996861037, -0.06868828024592886, 0.5538419242745457, 0.05589101962777883], [0.0024349107663013125, 0.07889313711986576, -0.37623410872546287, -0.12750150312318428, -0.4303232341315736, 0.518236725774289, -0.6995239553125473, 0.5375429857077275, -0.660559427490642, 0.6337507591591431, 0.12662365298587647, -0.1540814815203722]], "inverted": true, "swapped": true, "error_lsq": 0.04997627642045658, "error_max": 0.31044365751673725, "target": "14.xyz", "model": "26.xyz", "model_rescale": 3.795458400668931, "target_rescale": 3.942246331269136},
