[{"mapping": [0, 2, 6, 3, 12, 7, 1, 5, 11, 8, 13], "R": [[0.5917894951626386, 0.57694824276166, 0.562952856453702], [0.6163910338086648, 0.1261656644414615, -0.7772672118109256], [-0.5194682731942685, 0.8069776640590973, -0.2809622089432807]], "T": [-0.05537253446488771, 0.10782844861033591, 0.051547374135455695], "aligned_model": [[-0.20447840055194333, -0.4088908383493984, -0.44484158709399607, -0.5605637098469363, 0.26496858787510447, 0.48194517422083943, -0.3062311356669128, -0.30431836237339127, 0.4176090400042905, 0.24050577828019165, 0.08259473926454272], [-0.11322652918616558, -0.5449196817889109, -0.2240618309659615, -0.018056389600450612, 0.35824238026932587, -0.37628252889198927, 0.4862750324015307, 0.6329894956946374, 0.39863058273144075, -0.11389219215053431, 0.03968388206894538], [-0.6725483184842727, -0.14895931525073514, 0.6196221786767285, 0.09775548622068009, -0.36051358754697155, 0.2713671272740951, -0.30467202292583484, 0.5359367937493316, 0.4743764055968124, 0.739933249303166, 0.10503766938565634]], "inverted": false, "swapped": false, "error_lsq": 0.04295506816682804, "error_max": 0.22583642915324706, "target": "140.xyz", "model": "0.xyz", "model_rescale": 3.8414455957264533, "target_rescale": 3.834741015348192},
{"mapping": [1, 3, 2, 4, 12, 10, 0, 7, 8, 6, 14], "R": [[0.7251712315500596, 0.6252216163552845, -0.288486768109484], [-0.2189119413770903, 0.6065672262166244, 0.7642995237486309], [0.6528432023500614, -0.491094828441469, 0.5767335802806708]], "T": [-0.050799675168494554, 0.15609476922559049, 0.16697636471396338], "aligned_model": [[-0.2221252850875738, -0.34076513435256517, -0.4530953589666333, -0.5647203844677182, 0.6058678375196125, 0.44955805882216465, -0.5298422690135673, -0.5159439200844672, 0.6689276579969488, 0.19771559100099084, -0.03727750760480121], [-0.13960611900869377, -0.4756994622100774, -0.14711480111605083, -0.013282655728011183, 0.19845179486469242, -0.30880521244564174, 0.5382716892742915, 0.5317653182140286, 0.42153721449190695, -0.18552494319011617, 0.10538939743553997], [-0.6278232397474711, -0.19376310310850925, 0.7062600255725655, 0.1120762069941472, -0.2193954821202695, 0.12348561295901445, -0.22029145549763163, 0.402491697929015, 0.35627842927261644, 0.8239111471340771, 0.09410582661110173]], "inverted": false, "swapped": false, "error_lsq": 0.04688443158294447, "error_max": 0.2457181141653772, "target": "140.xyz", "model": "1.xyz", "model_rescale": 4.316132596720782, "target_rescale": 3.834741015348192},
{"mapping": [7, 6, 8, 10, 5, 4, 9, 1, 0, 2, 11], "R": [[0.794564269298601, 0.6070906967362324, 0.010416712067460865], [-0.35177002395429596, 0.4742467938394208, -0.8070612298829775], [-0.4948994566587991, 0.6375977293477025, 0.5903758661475583]], "T": [-0.0815463979514725, 0.06580982809488947, 0.06722941723921777], "aligned_model": [[-0.3291023529801441, -0.18095155445499558, -0.5421202982741851, -0.6850161424443479, 0.36709449221493407, 0.5251117308936424, -0.25117969052642874, -0.2564715667387339, 0.48947793346697394, 0.15143765280230229, -0.029980918196626787], [0.13244467578067046, -0.7464548249384827, -0.15661800407491502, -0.10578176865854308, 0.2980052937736076, -0.3874644099867466, 0.734779650875809, 0.4352069930389969, 0.4101089983635612, -0.0399807513940629, -0.04886363219802703], [-0.7899385744540628, 0.14748345945888325, 0.6376973459001172, 0.007092989056289224, -0.333478081200649, 0.21158353368346594, -0.2041659170807681, 0.4243627022475062, 0.31075221466661584, 0.8642565103362818, 0.08168948338497634]], "inverted": true, "swapped": false, "error_lsq": 0.05064783013159982, "error_max": 0.2790872603453519, "target": "140.xyz", "model": "2.xyz", "model_rescale": 3.795458400668931, "target_rescale": 3.834741015348192},
{"mapping": [5, 10, 0, 4, 3, 2, 9, 7, 8, 1, 11], "R": [[0.4151154443816206, 0.5606666252445955, -0.7164719835225143], [-0.9070689718867224, 0.31569158276685505, -0.2785044071653483], [0.07003604840518807, 0.7655009862220913, 0.6396117509996138]], "T": [-0.03310884970473853, -0.013042744940571484, 0.16256684593731885], "aligned_model": [[-0.15119539202961818, -0.2758328867401365, -0.4833258213880917, -0.64933499121998, 0.4038532265203684, 0.393613550881749, -0.17814600475388198, -0.40684992664899455, 0.4838827825304552, 0.26759593664669945, -0.1459611880361787], [0.007276169528948377, -0.6318366271535719, -0.2883800011961741, -0.11898798308316205, 0.3757495651070481, -0.6448322834828919, 0.7196265374173835, 0.5624186326165488, 0.5676405545408862, -0.019568106982358224, -0.0037242367307885327], [-0.5298689458771705, -0.14918611488449118, 0.7402363170898527, 0.02116075571577336, -0.3805488959859369, 0.2430359905901933, -0.2809583384114429, 0.4979235321097898, 0.24060206191993233, 0.7155613242779358, 0.23937797945421982]], "inverted": true, "swapped": false, "error_lsq": 0.04899319154289379, "error_max": 0.2795721334656258, "target": "140.xyz", "model": "3.xyz", "model_rescale": 3.7530521520055578, "target_rescale": 3.834741015348192},
{"mapping": [8, 9, 4, 6, 5, 3, 7, 0, 1, 2, 10], "R": [[-0.2065281971302632, -0.6621682868240124, 0.7203327451356598], [0.8984301172237923, 0.1632378278452135, 0.4076478088075776], [-0.3875170038274012, 0.731359399669498, 0.5611987172648429]], "T": [-0.016850016655795795, -0.010757226519097426, 0.1160204776631362], "aligned_model": [[-0.5134386086418652, -0.04934178915744671, -0.5055485986244082, -0.7545115314779606, 0.4532342969803842, 0.5821275075524966, -0.12632932667215938, -0.4912057169036462, 0.5288595506996332, 0.19583629365116037, -0.061382791643797695], [0.063924226867438, -0.4816871141812255, -0.2136801906313714, 0.004648271093683362, 0.10953377923993425, -0.4475547778261862, 0.4625151672508257, 0.5499313821438281, 0.4798508007884757, -0.05910791888943136, 0.05700859472589735], [-0.6516395661606047, -0.1569870212621539, 0.625634911357205, 0.07181976688276162, -0.4151203266409511, 0.29067330403573277, -0.234947416206139, 0.4913008255737781, 0.41001146808269606, 0.7592799330793254, 0.16730978725700518]], "inverted": true, "swapped": false, "error_lsq": 0.05453482640292043, "error_max": 0.32035901488877194, "target": "140.xyz", "model": "4.xyz", "model_rescale": 3.7855080009869324, "target_rescale": 3.834741015348192},
{"mapping": [15, 13, 12, 14, 10, 6, 9, 2, 5, 1, 16], "R": [[-0.7098121966565788, 0.6449715958294614, -0.28315770526468187], [0.26029816616545465, -0.13336018714267933, -0.9562739801835931], [-0.6545315196141923, -0.7524803658956609, -0.07322423624093793]], "T": [0.061182296106086026, 0.0009440508437415923, 0.16022877058087273], "aligned_model": [[-0.29401516810147865, -0.20663604963625373, -0.4489470232197771, -0.6012284802028336, 0.3492944982533359, 0.4366246427727719, -0.2645897292136298, -0.38003694129531274, 0.6424011063519129, 0.01228197703520089, 0.013150453018454564], [-0.02574930755258996, -0.6390959867223831, -0.3159782760192786, 0.098255939647389, 0.34656644859293817, -0.5288987635457444, 0.5484838994047704, 0.5024114025628168, 0.5575137940233734, -0.04173665751909347, 0.023609727709669563], [-0.5830345291480301, -0.04831312658031814, 0.48021873809550186, 0.06307035221092233, -0.4129211148960791, 0.22646097148196978, -0.15755530863943454, 0.475889612760382, 0.24693551894965735, 0.9144774397330179, 0.15210711203106625]], "inverted": false, "swapped": false, "error_lsq": 0.04564612774558107, "error_max": 0.2468795236992494, "target": "140.xyz", "model": "5.xyz", "model_rescale": 4.2253639853439635, "target_rescale": 3.834741015348192},
{"mapping": [12, 11, 2, 6, 9, 8, 0, 4, 1, 10, 13], "R": [[-0.20844255585338867, 0.8266268322300133, -0.5227234270115324], [0.3824070506843135, -0.4230327086352252, -0.8214670869923335], [-0.9001758430974651, -0.3711218232091971, -0.22792990993208806]], "T": [-0.10972315745371006, 0.04741157249640793, 0.13218038721528627], "aligned_model": [[-0.33284759523147767, -0.22506177860073914, -0.46278916142706394, -0.6928415202421143, 0.34529860549555813, 0.5323152099898025, -0.10973429118538947, -0.23624899615986655, 0.40007438594223343, 0.20488188822906642, -0.16474746104761903], [-0.16776315800981517, -0.6327281298357841, -0.06452703540784337, -0.2138868643486056, 0.18575373578631635, -0.31765551319602187, 0.7345884552345611, 0.5648622696915417, 0.5018518822837701, -0.1368061011301197, 0.0716926795138684], [-0.7483075940127152, -0.22790401483035647, 0.6916316870939966, 0.058600022956655756, -0.2504592194437626, 0.15161317582619607, -0.28116036934389244, 0.598171052699585, 0.4010600099948757, 0.8218179647469253, 0.1422729503111475]], "inverted": false, "swapped": false, "error_lsq": 0.05005434428429198, "error_max": 0.24781814921303497, "target": "140.xyz", "model": "6.xyz", "model_rescale": 3.89814844738969, "target_rescale": 3.834741015348192},
{"mapping": [9, 5, 2, 10, 8, 6, 11, 4, 7, 0, 12], "R": [[0.4753033927189185, 0.8741708659978475, 0.09955893686886808], [-0.5164294739697746, 0.36881079360831515, -0.7728384028587781], [-0.7123112264208586, 0.3159175455060679, 0.6267446219603596]], "T": [0.032669376373911374, 0.07503352726117155, 0.22198593077615159], "aligned_model": [[-0.23271288069622886, -0.21658372114150565, -0.5176408097831657, -0.671555859398083, 0.3994876497072228, 0.42832855302015704, -0.14523101846497033, -0.34569689179724783, 0.38947595924662237, 0.30563273392579965, -0.13520442885621026], [-0.22940661373570395, -0.6185186605004837, -0.12453989064361315, 0.006287019516275888, 0.24455383713937437, -0.40997652836949916, 0.690189440942385, 0.48651698291298184, 0.5633197163928123, -0.1720117469156675, 0.08896866384300581], [-0.5747789888938691, -0.021806727552232036, 0.6205797019248387, 0.026424180868644398, -0.32059493066507183, -0.03412910763535415, -0.27326655089578467, 0.5429471764419624, 0.4779944061592039, 0.6861734202771067, 0.22779308596921147]], "inverted": true, "swapped": false, "error_lsq": 0.047150513299810896, "error_max": 0.24029756580268308, "target": "140.xyz", "model": "7.xyz", "model_rescale": 3.7474275329858107, "target_rescale": 3.834741015348192},
{"mapping": [2, 4, 9, 8, 0, 12, 3, 5, 10, 11, 14], "R": [[-0.3551198938314909, 0.9017324016612623, -0.2465127517986094], [-0.8798757132521117, -0.41149012983772315, -0.23768593200949392], [-0.31576667055628066, 0.13249358037409173, 0.9395407712949213]], "T": [0.050011261046858616, 0.019322401727802696, 0.11191925164101624], "aligned_model": [[-0.30048660805708716, -0.42873012094125923, -0.3930298184786977, -0.6229232202210169, 0.36550585342439956, 0.544276274735065, -0.30059493656335656, -0.44495946389310964, 0.6119814367220897, 0.18506905747815483, 0.042190831557208826], [-0.16312831698326039, -0.5552528700077675, -0.04232244686386624, -0.05665661299315239, 0.4942717781772671, -0.33825939482334044, 0.5424927284602878, 0.48065559764041405, 0.36547073069440245, -0.17586299346745152, -0.02602597925166504], [-0.6313522161587749, -0.11807160062843516, 0.7285674127372271, 0.030699247336085936, -0.21838286705905474, 0.20400602494972578, -0.23086732978909708, 0.3468599416530832, 0.4855958707830799, 0.6864991057217715, 0.07378207645304433]], "inverted": false, "swapped": false, "error_lsq": 0.048322023952150024, "error_max": 0.21996284258477333, "target": "140.xyz", "model": "8.xyz", "model_rescale": 4.019505241142653, "target_rescale": 3.834741015348192},
{"mapping": [10, 6, 3, 2, 9, 8, 1, 0, 7, 4, 12], "R": [[0.0850927005544238, -0.3315288724642083, 0.9395998292012222], [-0.8901376573392292, -0.4489991880674099, -0.07781182494605648], [0.4476764270083742, -0.8297519724817877, -0.333312887335006]], "T": [-0.08151104066229145, -0.056556290966065265, 0.06117230352154847], "aligned_model": [[-0.2898204202787774, -0.46533685289737514, -0.5021890534391827, -0.652122681283788, 0.4604214058808318, 0.5805177973237045, -0.24324884269856248, -0.1677852276763005, 0.4631858420585885, 0.14390198493398484, -0.06922466616073257], [-0.04051485925647276, -0.5631759675383607, -0.2226969065479558, -0.024650807043409557, 0.09930951329476276, -0.08367619954472016, 0.4871805959883986, 0.43075356068428095, 0.5201801888482913, 0.013940670083515905, -0.09126756838646266], [-0.8301916137705357, -0.2910720536209873, 0.7918487799199083, 0.21400082801734843, -0.32529261840067825, 0.1920128921005485, -0.30556518205648875, 0.4827549777512649, 0.49736529851481537, 0.8560394733162425, 0.07543488422721727]], "inverted": false, "swapped": false, "error_lsq": 0.06367541010158909, "error_max": 0.38522972471791045, "target": "140.xyz", "model": "9.xyz", "model_rescale": 3.877068213659057, "target_rescale": 3.834741015348192},
{"mapping": [13, 6, 11, 9, 4, 5, 2, 8, 1, 0, 15], "R": [[0.2197716309506032, -0.8536810818612637, -0.47215361981191506], [-0.9701202330941159, -0.14024702705416048, -0.19798359715867325], [0.1027967099217193, 0.5015569577571944, -0.8589956079949523]], "T": [-0.12083497455213524, -0.038922666178739976, 0.028225447029189984], "aligned_model": [[-0.3077151480806074, -0.20234878130977302, -0.4374898147576394, -0.691286744905861, 0.35288127578679984, 0.5985952447238604, -0.3340830096019718, -0.3047076455536824, 0.54738725008958, 0.1301125224953865, -0.09304586312370101], [-0.13486009780672353, -0.6137197175395863, -0.21980785089969007, 0.2853897285259004, 0.28660099887173246, -0.21716454281263037, 0.4750319379071396, 0.504272038630105, 0.33772604144432916, -0.12462003180907315, -0.053466283929634914], [-0.7157572852423766, -0.17978518774606111, 0.6698371196058338, 0.09929971973665264, -0.3291510175035183, 0.2765104349947366, -0.3333423867666489, 0.5444165834646061, 0.4338378479049317, 0.778856748590346, 0.11261308896015369]], "inverted": false, "swapped": false, "error_lsq": 0.04756716845739317, "error_max": 0.2984785994271068, "target": "140.xyz", "model": "10.xyz", "model_rescale": 4.260839863003843, "target_rescale": 3.834741015348192},
{"mapping": [1, 0, 6, 7, 2, 3, 8, 10, 4, 5, 11], "R": [[-0.9637761000571157, -0.24491385941017813, -0.10560696202196336], [-0.1213064761536986, 0.04988563776295307, 0.9913607627842429], [-0.23752971982863336, 0.9682606181260267, -0.07778822265829183]], "T": [-0.057255751519616906, 0.16074098553094832, 0.11130930567947406], "aligned_model": [[-0.059922992925268107, -0.43226517717635193, -0.4272614812264237, -0.6853484019591016, 0.45877591545672713, 0.42017771855268515, -0.29163516802408185, -0.36007314789462774, 0.48761388483540813, 0.24015987448255446, -0.09192173835912962], [-0.15875378924943098, -0.6326052677061637, -0.30014753692432783, 0.013352914721527859, 0.2889034087109303, -0.3515095614468944, 0.676914126633222, 0.49351023497369717, 0.492942924103858, -0.12280345860656725, 0.12557822537201652], [-0.5376719096516097, 0.10932875063855403, 0.7062318758576054, -0.004371325064077572, -0.3218683000478997, -0.0048359920660140665, -0.3294230219099393, 0.5482304005240353, 0.4702825776482446, 0.6477395395928709, 0.07369307047688559]], "inverted": false, "swapped": false, "error_lsq": 0.050403098867144336, "error_max": 0.30733350551997357, "target": "140.xyz", "model": "11.xyz", "model_rescale": 3.890672605050136, "target_rescale": 3.834741015348192},
{"mapping": [10, 4, 7, 12, 11, 0, 9, 5, 6, 8, 13], "R": [[0.01669585561987799, -0.021171351056208182, 0.9996364450636914], [0.9989098264356004, -0.04323677358955916, -0.017599433512578117], [0.04359365843237584, 0.9988405054381905, 0.02042639567964344]], "T": [0.1209576035167132, 0.03588416973301356, 0.1083270243890688], "aligned_model": [[-0.37908198641490837, -0.049643478177998024, -0.5732650564786212, -0.610545204646223, 0.24062592642259112, 0.4625391131466147, -0.1323398205708975, -0.4324682782858276, 0.5437942773975033, 0.20703129358067732, -0.01834750021051934], [-0.0931339110780875, -0.6102110972229493, -0.2031624188525, 0.04155797581784581, 0.21211271548080565, -0.39581476822184886, 0.7600540809521281, 0.43567000680192214, 0.4045774297643297, 0.03028399493011188, -0.05655178778988977], [-0.6216423227532598, -0.10265454060379714, 0.5417734421975814, -0.033107046185608696, -0.3990043821409872, 0.3219918062199005, -0.022969474638444842, 0.4809706338408498, 0.2399810071258924, 0.8236947646171856, 0.12830177831934386]], "inverted": true, "swapped": false, "error_lsq": 0.05634802564762116, "error_max": 0.3404995391175446, "target": "140.xyz", "model": "12.xyz", "model_rescale": 4.124412569039231, "target_rescale": 3.834741015348192},
{"mapping": [3, 6, 8, 9, 0, 1, 7, 10, 4, 2, 12], "R": [[0.13769366109314368, -0.1290138744687075, 0.9820365960030915], [0.6078209230207952, -0.7718327105505961, -0.18662259365432754], [0.7820448716236907, 0.6225991383857612, -0.027859139405097433]], "T": [-0.08341225810678113, 0.12740620429459798, 0.010842628191316137], "aligned_model": [[-0.17111255367217854, -0.2277263139310205, -0.3448977470723117, -0.7026708243124955, 0.3794694669964682, 0.39744178214535164, -0.45558789518363885, -0.25629735810289034, 0.5573827412264769, 0.16223850347245614, -0.0799405158038266], [-0.13574269185364796, -0.5186374130815092, -0.3319219381022532, -0.013074259666308485, 0.16453283843167743, -0.4849561187658729, 0.6159878853281648, 0.5952510519989371, 0.42678931413533655, 0.026427746800726903, 0.18072580535661706], [-0.6462834574114609, -0.08618269078899823, 0.4961663526898797, -0.06281427526357633, -0.33719402935658743, 0.2488679969609422, -0.11505777149388378, 0.5547558684910442, 0.35439433917687463, 0.8305099802961927, 0.12017335269822897]], "inverted": false, "swapped": false, "error_lsq": 0.04835734985432108, "error_max": 0.2718345072729023, "target": "140.xyz", "model": "13.xyz", "model_rescale": 3.9028299243045295, "target_rescale": 3.834741015348192},
{"mapping": [10, 4, 8, 5, 9, 3, 14, 12, 1, 2, 15], "R": [[-0.9290314554620975, 0.19319425163032286, -0.3155575001469244], [0.17301193016762031, 0.9807019066979517, 0.09105296381050208], [0.32705875126902084, 0.029995855313719927, -0.9445278301259035]], "T": [-0.02194308324572762, 0.014302807463576511, 0.15166180574587573], "aligned_model": [[-0.3025427520910577, -0.22162893392181438, -0.48368527073000217, -0.5206557971238776, 0.41881922273500616, 0.36447859470748434, -0.22831193343977968, -0.4065870285964777, 0.3844029415512589, 0.21219996016569248, 0.041810282505957766], [-0.04108165945436412, -0.5655681526356912, -0.16566542251442065, -0.10091167645959653, 0.3575217943114871, -0.47454090431995566, 0.6581379211972216, 0.5088305683823124, 0.42751909187543913, -0.11653078392959607, 0.03767144412903172], [-0.5364871524870645, -0.1368490338356375, 0.7440406946788353, 0.16229596606816163, -0.3857158762965609, 0.1316728714152491, -0.41924877987688347, 0.4545340856702636, 0.4454882275859606, 0.8373799520282872, 0.060224711048044555]], "inverted": false, "swapped": false, "error_lsq": 0.044790178045592294, "error_max": 0.2367268912500219, "target": "140.xyz", "model": "14.xyz", "model_rescale": 3.942246331269136, "target_rescale": 3.834741015348192},
{"mapping": [0, 5, 10, 6, 12, 3, 8, 11, 13, 4, 14], "R": [[0.06811377518745676, 0.9890953320055211, -0.1305792396769136], [0.5075833638237797, -0.14703387109482485, -0.8489641744621544], [-0.8589060730947533, -0.008453694799239408, -0.5120633678024549]], "T": [-0.15927073327953603, -0.05607680763309893, 0.09960736976620961], "aligned_model": [[-0.2411157069512086, -0.09879503269123348, -0.41957990145857926, -0.6550592557240383, 0.5787925363117092, 0.4319115296575008, -0.4071293557459692, -0.3008905429023635, 0.3883918188639429, 0.11988930303419407, -0.13811610663156376], [0.015365850999066274, -0.6525313378354707, -0.22531428150303068, 0.19450887005741357, 0.15319660227030163, -0.4522589925384488, 0.5825400686232304, 0.5270419161682252, 0.5035151076429871, -0.05661165614184023, -0.06406992716056602], [-0.6276579392376702, -0.108633455310278, 0.7419455442842907, 0.1643371811911226, -0.18242721703199305, 0.20006203044909726, -0.26035862156830775, 0.492070626812343, 0.3183594299682774, 0.6151006917258587, 0.00453739471591498]], "inverted": true, "swapped": false, "error_lsq": 0.050186914285061106, "error_max": 0.25119686113914436, "target": "140.xyz", "model": "15.xyz", "model_rescale": 4.355366556412066, "target_rescale": 3.834741015348192},
{"mapping": [7, 6, 8, 10, 5, 4, 9, 1, 0, 2, 11], "R": [[0.794564269298601, 0.6070906967362324, 0.010416712067460865], [-0.35177002395429596, 0.4742467938394208, -0.8070612298829775], [-0.4948994566587991, 0.6375977293477025, 0.5903758661475583]], "T": [-0.0815463979514725, 0.06580982809488947, 0.06722941723921777], "aligned_model": [[-0.3291023529801441, -0.18095155445499558, -0.5421202982741851, -0.6850161424443479, 0.36709449221493407, 0.5251117308936424, -0.25117969052642874, -0.2564715667387339, 0.48947793346697394, 0.15143765280230229, -0.029980918196626787], [0.13244467578067046, -0.7464548249384827, -0.15661800407491502, -0.10578176865854308, 0.2980052937736076, -0.3874644099867466, 0.734779650875809, 0.4352069930389969, 0.4101089983635612, -0.0399807513940629, -0.04886363219802703], [-0.7899385744540628, 0.14748345945888325, 0.6376973459001172, 0.007092989056289224, -0.333478081200649, 0.21158353368346594, -0.2041659170807681, 0.4243627022475062, 0.31075221466661584, 0.8642565103362818, 0.08168948338497634]], "inverted": true, "swapped": false, "error_lsq": 0.05064783013159982, "error_max": 0.2790872603453519, "target": "140.xyz", "model": "16.xyz", "model_rescale": 3.795458400668931, "target_rescale": 3.834741015348192},
{"mapping": [9, 5, 2, 10, 8, 6, 11, 4, 7, 0, 12], "R": [[0.4753033927189185, 0.8741708659978475, 0.09955893686886808], [-0.5164294739697746, 0.36881079360831515, -0.7728384028587781], [-0.7123112264208586, 0.3159175455060679, 0.6267446219603596]], "T": [0.032669376373911374, 0.07503352726117155, 0.22198593077615159], "aligned_model": [[-0.23271288069622886, -0.21658372114150565, -0.5176408097831657, -0.671555859398083, 0.3994876497072228, 0.42832855302015704, -0.14523101846497033, -0.34569689179724783, 0.38947595924662237, 0.30563273392579965, -0.13520442885621026], [-0.22940661373570395, -0.6185186605004837, -0.12453989064361315, 0.006287019516275888, 0.24455383713937437, -0.40997652836949916, 0.690189440942385, 0.48651698291298184, 0.5633197163928123, -0.1720117469156675, 0.08896866384300581], [-0.5747789888938691, -0.021806727552232036, 0.6205797019248387, 0.026424180868644398, -0.32059493066507183, -0.03412910763535415, -0.27326655089578467, 0.5429471764419624, 0.4779944061592039, 0.6861734202771067, 0.22779308596921147]], "inverted": true, "swapped": false, "error_lsq": 0.047150513299810896, "error_max": 0.24029756580268308, "target": "140.xyz", "model": "17.xyz", "model_rescale": 3.7474275329858107, "target_rescale": 3.834741015348192},
{"mapping": [7, 11, 3, 1, 9, 5, 2, 0, 4, 8, 13], "R": [[0.10736905762389853, 0.46252113504232767, -0.8800829989859551], [-0.9421438003106245, 0.3300611668442544, 0.05852081405502918], [0.3175483349054282, 0.8228814165969274, 0.4711997763350742]], "T": [-0.032353495074890326, -0.032617546161060273, 0.0693751998632376], "aligned_model": [[-0.2633957096848872, -0.41722458469262524, -0.42788988709181314, -0.7194051037976401, 0.4348995307878452, 0.6415457141750893, -0.3150641350889735, -0.27845941329229495, 0.5466727209293065, 0.11611619863266406, -0.05949604511428037], [-0.1659182169909148, -0.6209224278052695, -0.3413849489159094, 0.04653915795965616, 0.2322881950360659, -0.2627176392842655, 0.5596633942343506, 0.626423259445077, 0.4267309070085522, -0.045046135186086994, 0.06972667508061253], [-0.6350889285781728, -0.09648098005208704, 0.5263246882046669, 0.08396012200576071, -0.32965327525977167, 0.19639385828489614, -0.20101471392209147, 0.5213038273535204, 0.4474670693488839, 0.7726935711887218, 0.07143042742432863]], "inverted": true, "swapped": false, "error_lsq": 0.0455782316921487, "error_max": 0.268254342667423, "target": "140.xyz", "model": "18.xyz", "model_rescale": 3.922800546911778, "target_rescale": 3.834741015348192},
{"mapping": [1, 2, 11, 4, 5, 3, 8, 13, 12, 7, 14], "R": [[-0.45195109250940857, 0.8920375181708461, -0.0030456781099772456], [-0.7005660101786956, -0.35282424261754297, 0.6202598803756869], [0.5522204952388641, 0.2824608291373421, 0.7843904669494584]], "T": [-0.1284688640281656, 0.0077061497987497285, 0.02370338543717633], "aligned_model": [[-0.18133485459813029, -0.15157445090069982, -0.48220897677506824, -0.8112996288044351, 0.4390281015924081, 0.4313599146114123, -0.24827870823539194, -0.2848983330472834, 0.4702627080133125, 0.16871635428265824, -0.09147284037639172], [-0.16123010948202182, -0.691588465450896, -0.12507192834698977, 0.16685454547465764, 0.33673970516501883, -0.2530326322806711, 0.5634941074957291, 0.44893403030927775, 0.40279408513679127, -0.13745650659592956, -0.025054610843098263], [-0.6950794407886053, -0.12986137525326324, 0.6274264406260083, 0.20337273151770474, -0.36644765408494107, 0.19030551541084784, -0.20242932190892998, 0.5263578646798958, 0.3462558192484517, 0.7509033361141849, 0.1065317504373021]], "inverted": false, "swapped": false, "error_lsq": 0.0461283717788136, "error_max": 0.2884925781984652, "target": "140.xyz", "model": "19.xyz", "model_rescale": 3.9282355846067225, "target_rescale": 3.834741015348192},
{"mapping": [10, 2, 5, 1, 11, 7, 0, 3, 8, 6, 13], "R": [[-0.1816571662170255, -0.8321389868127705, -0.5239707821894419], [0.9833294503404194, -0.15804683981258177, -0.08991322771686622], [-0.00799162406578896, -0.5315692833972556, 0.8469771135593449]], "T": [0.13289771360169056, 0.04367216637674357, 0.1585732333154013], "aligned_model": [[-0.06495804581614034, -0.38491371339991765, -0.3417212426545302, -0.6040041588257157, 0.21620808069961975, 0.3086920241325765, -0.3570868537702946, -0.42068929144923073, 0.7410775596341181, 0.1673336393068085, -0.0016387120949036549], [-0.1826542648300041, -0.5578709810014341, -0.23553044684173632, 0.03984832769802686, 0.5257231793400183, -0.5457914362997571, 0.5718663772569824, 0.4250933851176289, 0.44444723981983175, -0.012271433817355633, 0.05252227413966675], [-0.6488075900844836, -0.06218314432472949, 0.5880763175683779, 0.02269900846994266, -0.3649240206994059, 0.25719776314563014, -0.18945404654456743, 0.49682513778088366, 0.37793183131157204, 0.8085951826949731, 0.07137922668046225]], "inverted": true, "swapped": false, "error_lsq": 0.05168572255601827, "error_max": 0.3106922529599302, "target": "140.xyz", "model": "20.xyz", "model_rescale": 4.067790424073018, "target_rescale": 3.834741015348192},
{"mapping": [3, 6, 13, 11, 0, 4, 12, 10, 7, 5, 14], "R": [[0.24563978486331595, -0.3587815043836672, 0.9005203652358431], [-0.9103309197864805, -0.4046096128152653, 0.08711301681253658], [0.33310465708693426, -0.8411699550802284, -0.4259981151335324]], "T": [0.02529321550298272, 0.04078714137537159, 0.1578499465490265], "aligned_model": [[-0.266536363904612, -0.21341348112038727, -0.448394259735724, -0.6020398427329731, 0.5026903039753766, 0.5013866629233411, -0.34704768026072497, -0.5269067488688461, 0.5195975467235125, 0.16615684592752958, -0.027193697164101638], [-0.026460762432274777, -0.6325035468122877, -0.04229818989988047, 0.03944659862626092, 0.27778687912439254, -0.6015623490450639, 0.5934962747552822, 0.4953751330528497, 0.5833507879713299, -0.25454174040350513, 0.09329313564476413], [-0.638427789336565, -0.03516731921317923, 0.6666136526111422, 0.0013772940866599859, -0.31159778616030864, 0.2143712364872779, -0.22015632075086222, 0.5574895075587648, 0.29183455289582505, 0.6491791743268381, 0.18181946349306238]], "inverted": true, "swapped": false, "error_lsq": 0.04187182555112802, "error_max": 0.2041855316975642, "target": "140.xyz", "model": "21.xyz", "model_rescale": 4.186013935880536, "target_rescale": 3.834741015348192},
{"mapping": [10, 9, 2, 1, 4, 11, 7, 0, 3, 5, 12], "R": [[0.5357385544913005, -0.3098857019522325, 0.7854648642410075], [-0.2978318974615784, -0.9397855807029937, -0.1676282289984988], [0.7901141449727426, -0.14413158581070792, -0.5957732151462357]], "T": [-0.07835806429975865, -0.008790761378944023, 0.13809560439549304], "aligned_model": [[-0.07119327688112913, -0.350018485475344, -0.3628215276475659, -0.7932907530631431, 0.3858506269215862, 0.4398963493910185, -0.36705014608291975, -0.44382912875396363, 0.6868952698674541, 0.16890613462086262, -0.03504577713446551], [-0.09678269808043825, -0.4643305055735691, -0.2959136771097744, 0.14505758400414528, 0.26116778218553655, -0.3652040862729624, 0.42297517105450566, 0.45881348323576104, 0.40386794934854525, 0.04886719635315081, 0.006864021436967668], [-0.6916667215356327, -0.18460381807707874, 0.7596582900092521, 0.12006304792700365, -0.3510350780602044, 0.08023470879337666, -0.3801309883093118, 0.5498790577680065, 0.4486415393926828, 0.8688997860728858, 0.13739584201767588]], "inverted": false, "swapped": false, "error_lsq": 0.04928181844038504, "error_max": 0.23457616051998345, "target": "140.xyz", "model": "22.xyz", "model_rescale": 4.166573947596378, "target_rescale": 3.834741015348192},
{"mapping": [13, 7, 4, 1, 12, 9, 6, 2, 11, 3, 15], "R": [[-0.735527198382416, 0.2835640642975623, -0.6152976205697227], [-0.6732738947583086, -0.40715977553083815, 0.6171897437795414], [-0.0755116088869292, 0.8682236685490242, 0.4903933709733258]], "T": [-0.016702027349087677, -0.07397509966691124, 0.08930806982801236], "aligned_model": [[-0.11644053940869722, -0.39968681046471277, -0.3997413956285223, -0.6861161307084624, 0.32829075884622305, 0.513801049045613, -0.34121147773275096, -0.2741378029307462, 0.5661592998258401, 0.14919960343738273, -0.08181726851877608], [-0.2670774561985577, -0.5994398754242263, -0.2054642356363649, 0.1672855049041178, 0.40796851098135956, -0.3140946903977884, 0.571304336392066, 0.42840815015053263, 0.3737447612953783, 0.01881828692356821, -0.05607107240821756], [-0.7289686853164832, -0.2083478943158431, 0.7023700265947751, 0.13146420547547744, -0.1901408322233673, 0.23545263649091847, -0.15030765999364365, 0.45556908460111845, 0.3755124143271726, 0.659652429249164, 0.07507994110936655]], "inverted": true, "swapped": false, "error_lsq": 0.048618151217566345, "error_max": 0.22269224956038924, "target": "140.xyz", "model": "23.xyz", "model_rescale": 4.274766983524099, "target_rescale": 3.834741015348192},
{"mapping": [5, 4, 9, 7, 3, 2, 6, 8, 0, 1, 10], "R": [[0.20315946375452026, -0.006709678808988484, 0.9791226748968979], [-0.5775181194414665, 0.8066958365935104, 0.12535808286460398], [-0.7906952978257605, -0.5909287668010224, 0.1600129324875184]], "T": [-0.0456529239108201, 0.15178962075378233, 0.12430355691910383], "aligned_model": [[-0.3562605782661048, -0.09343026725564471, -0.5449427956627761, -0.6713275450074337, 0.3356531648426382, 0.6180998542750491, -0.16257685417219808, -0.4894763077838994, 0.5034432480305852, 0.1666935877343497, -0.04757622097217469], [-0.12689932948570942, -0.5254530324841618, -0.2815626416161677, 0.0870771183680485, 0.10821113498690954, -0.5456840067788846, 0.6750829840490339, 0.5994288412943597, 0.5689391369455242, -0.17849455554281568, 0.1447365708457314], [-0.5771922040678241, -0.03922112320184615, 0.6633591168626396, 0.05098209326497756, -0.2864528989640944, 0.086431283199449, -0.28497374098548883, 0.5085574571798952, 0.3901023854728397, 0.6446925483322727, 0.20105074890583513]], "inverted": true, "swapped": false, "error_lsq": 0.046176297776852795, "error_max": 0.20940734630523408, "target": "140.xyz", "model": "24.xyz", "model_rescale": 3.7841303162186577, "target_rescale": 3.834741015348192},
{"mapping": [5, 4, 6, 3, 9, 8, 13, 11, 10, 7, 15], "R": [[-0.5965977664889743, 0.4290411248202388, -0.678229178252714], [0.0834042667031682, 0.8736729924732696, 0.47931120424887724], [0.7981947339566166, 0.2293887866391608, -0.5570152163524256]], "T": [0.10720059844553542, 0.008550873526711002, 0.12934817381675912], "aligned_model": [[-0.3445150648248064, -0.30745139493520185, -0.48605176004140693, -0.6761436969154372, 0.48381458795939114, 0.5007617412702433, -0.3359640297084508, -0.33427307709704157, 0.5774781124923778, 0.13713984980499153, 0.043504017757731495], [-0.2029484924404292, -0.5826577619647422, -0.21860994840719708, 0.018600041805059843, 0.20100578733199106, -0.4238025787421965, 0.6159210970812836, 0.4897459042513165, 0.5365103696343853, 0.09762102300761291, -0.006003220975216305], [-0.5921500751037881, -0.05837613618082815, 0.4735516781147553, -0.058461881226856804, -0.2747108782793214, 0.04195307779569876, -0.0867687416791087, 0.5330558717512415, 0.4539293432164201, 0.7727576156185905, 0.15255579197185273]], "inverted": false, "swapped": false, "error_lsq": 0.04613658088906428, "error_max": 0.23461722651714867, "target": "140.xyz", "model": "25.xyz", "model_rescale": 4.19342608120988, "target_rescale": 3.834741015348192},
{"mapping": [7, 6, 8, 10, 5, 4, 9, 1, 0, 2, 11], "R": [[0.794564269298601, 0.6070906967362324, 0.010416712067460865], [-0.35177002395429596, 0.4742467938394208, -0.8070612298829775], [-0.4948994566587991, 0.6375977293477025, 0.5903758661475583]], "T": [-0.0815463979514725, 0.06580982809488947, 0.06722941723921777], "aligned_model": [[-0.3291023529801441, -0.18095155445499558, -0.5421202982741851, -0.6850161424443479, 0.36709449221493407, 0.5251117308936424, -0.25117969052642874, -0.2564715667387339, 0.48947793346697394, 0.15143765280230229, -0.029980918196626787], [0.13244467578067046, -0.7464548249384827, -0.15661800407491502, -0.10578176865854308, 0.2980052937736076, -0.3874644099867466, 0.734779650875809, 0.4352069930389969, 0.4101089983635612, -0.0399807513940629, -0.04886363219802703], [-0.7899385744540628, 0.14748345945888325, 0.6376973459001172, 0.007092989056289224, -0.333478081200649, 0.21158353368346594, -0.2041659170807681, 0.4243627022475062, 0.31075221466661584, 0.8642565103362818, 0.08168948338497634]], "inverted": true, "swapped": false, "error_lsq": 0.05064783013159982, "error_max": 0.2790872603453519, "target": "140.xyz", "model": "26.xyz", "model_rescale": 3.795458400668931, "target_rescale": 3.834741015348192},
{"mapping": [0, 1, 8, 5, 3, 9, 7, 10, 4, 11, 12], "R": [[0.5500419378304446, 0.5556834470218803, -0.623433856422324], [-0.8272544877212396, 0.2602090986579811, -0.49793698147523785], [-0.1144721764133082, 0.789624677730808, 0.6028175421682073]], "T": [-0.026970883486317584, -0.11949767992919627, 0.1394308867223193], "aligned_model": [[-0.09706299422140628, -0.2062291291157009, -0.5193884185275307, -0.6992950039943246, 0.3131625921296912, 0.37211988828937603, -0.3486655444559974, -0.10257054429770222, 0.5186258961642765, 0.1506000147549384, -0.12299747096322951], [-0.11281928001843147, -0.661952239185946, -0.4143606974240085, 0.1984335709274264, 0.30757134914135154, -0.2720370571969647, 0.5290117164159445, 0.5496042603916598, 0.43312745583772405, -0.02150811693661575, -0.00968874137027148], [-0.689010835476802, -0.015368024987906431, 0.5881317694983199, 0.25673589340196973, -0.3575578676997208, 0.09662219155824046, -0.22956261807834843, 0.3723980802352716, 0.4489349997645848, 0.8253180592045366, 0.06069401857851037]], "inverted": false, "swapped": false, "error_lsq": 0.05567596577574991, "error_max": 0.3195436095176632, "target": "140.xyz", "model": "27.xyz", "model_rescale": 3.6321398670334006, "target_rescale": 3.834741015348192},
{"mapping": [10, 0, 2, 11, 8, 3, 9, 13, 4, 1, 14], "R": [[-0.4306890030631516, 0.02377100907300561, -0.9021872986071793], [-0.9005666494083316, 0.05408502966005052, 0.43134037550422144], [0.0590482227837546, 0.9982533489522198, -0.001886449510996424]], "T": [0.06155280780484235, 0.10486498886400433, 0.03651954896295012], "aligned_model": [[-0.36345237548381765, -0.14279527140409198, -0.41014517992502725, -0.5757144647496828, 0.3174348548070195, 0.49888032084698636, -0.3366202534690399, -0.4620505336579915, 0.5540389977005309, 0.14217986176927688, 0.036543329328228194], [-0.0817919240518166, -0.4705445572377539, -0.2104643716336497, 0.03278420155988279, 0.040576381347918966, -0.4131929365342295, 0.5657610220560216, 0.5624804793328889, 0.41354480228064294, -0.03219937889848326, 0.11842850236044522], [-0.5873405507670408, -0.0921560547793063, 0.594652209279606, 0.07145691937412531, -0.40780124591410866, 0.1457015631901308, -0.23844448701971632, 0.46419341490045046, 0.6269781655569735, 0.6861192975814285, 0.09397643459611334]], "inverted": true, "swapped": false, "error_lsq": 0.04779664646152854, "error_max": 0.2847899925416593, "target": "140.xyz", "model": "28.xyz", "model_rescale": 4.156811204709835, "target_rescale": 3.834741015348192},
{"mapping": [2, 7, 3, 6, 8, 9, 1, 5, 4, 10], "R": [[0.1274663301743306, -0.7849389131161588, 0.6063194185805962], [-0.03043524224658567, 0.6079225920514257, 0.793412766536352], [-0.991375827172158, -0.11958689204716108, 0.05359985586939996]], "T": [-0.06260674864413338, 0.19961290459098335, 0.027220374530426587], "aligned_model": [[-0.6075830522515067, 0.11109654312254211, -0.016322887894279936, 0.6234403021091705, 0.013625967645457288, -0.6120313697760837, -0.4584962910729704, -0.5603451182426372, 0.2704662511780527, -0.12092497070715669], [-0.2398099738788061, -0.5408130257505068, 0.11401042959423835, 0.032576620297634584, -0.39345968601696923, -0.34838241036181283, 0.6379970518340956, 0.36140848811320947, 0.25230539838819555, 0.04288743840692544], [-0.5111611807299896, -0.3261573058368203, -0.5723937372818404, -0.1952635563262165, 0.6634224053689218, 0.14407635575706854, -0.27541531223706983, 0.4101236404783362, 0.450642959320679, -0.029087541537969486]], "inverted": true, "swapped": true, "error_lsq": 0.05760396253712774, "error_max": 0.2847002954608063, "target": "140.xyz", "model": "29.xyz", "model_rescale": 4.117894457231895, "target_rescale": 3.834741015348192},
{"mapping": [2, 0, 4, 3, 9, 8, 11, 12, 10, 7, 14], "R": [[0.3023844847863799, 0.4633534844187306, -0.8329868977586004], [-0.10044851404699885, -0.8535411821540451, -0.5112509622414664], [-0.9478785361987188, 0.23826665491439758, -0.2115544416212478]], "T": [0.017764747003316678, 0.027710185509900488, 0.13949724857167928], "aligned_model": [[-0.34529937659118737, -0.3540849509341708, -0.43051963120091896, -0.5031616681843368, 0.33641276012268173, 0.44277189333342537, -0.15172883548367097, -0.5313969704644569, 0.47293748168388683, 0.27285952682415326, 0.04950905665698522], [-0.1138575281376232, -0.5684022975088447, -0.21274247982840674, -0.062255182624755816, 0.3134134195068711, -0.5367284466684895, 0.6571665662909425, 0.508971245061551, 0.4980701185178566, -0.010202131023522264, 0.05194893699628886], [-0.6047499399712986, -0.17777260652909616, 0.7232366802931074, -0.0029741645537353367, -0.31510270570583204, 0.19016916120650368, -0.17761506670260852, 0.37313612266685314, 0.43258474355792964, 0.7399079167125187, 0.17651552502431359]], "inverted": true, "swapped": false, "error_lsq": 0.042051317867138345, "error_max": 0.19174862254725894, "target": "140.xyz", "model": "30.xyz", "model_rescale": 4.100398675895297, "target_rescale": 3.834741015348192},
