[{"mapping": [2, 9, 11, 10, 6, 3, 12, 7, 8, 5, 1, 4, 0, 15], "R": [[-0.49190609096496524, 0.5287008544786115, -0.691739693920447], [0.049118727803778156, 0.8100977847431757, 0.5842336259863325], [0.869261610937988, 0.2534107054324771, -0.4244611479531532]], "T": [-0.04949210511310879, 0.08103935766797887, 0.1813912954961622], "aligned_model": [[0.30376300945573836, 0.2543715590913274, -0.3551914720304438, -0.3485713331461286, -0.6795761476328687, -0.05712838397683099, -0.8017035360562312, -0.03760138621160846, -0.20709483542790644, 0.08258071352655988, 0.5056242582676218, 0.2091179554399559, 0.5387160828943409, -0.035814383065222666], [-0.6089981071789395, -0.3337923255755934, -0.4953681649124918, -0.21335642210020378, 0.4035174064611697, 0.14306861188417805, 0.15443826548438194, 0.4804863987874685, 0.8605296335265682, -0.18006938709445003, 0.37486231141722115, 0.6068281539203886, -0.0587177329585061, 0.10184469014884297], [0.3338200221921511, -0.46691244788718944, 0.3405153182545041, -0.27098299171947926, 0.460544367886886, -0.6547435534625649, -0.07193909863050327, 0.6976763119962764, 0.31774343542375105, 0.8431598220131243, 0.40525880379986, -0.22429539552001318, 0.037797591925820356, 0.14994590090720986]], "inverted": false, "swapped": true, "error_lsq": 0.04645828162138362, "error_max": 0.2849217483748639, "target": "141.xyz", "model": "0.xyz", "model_rescale": 3.8414455957264533, "target_rescale": 4.223581961510899},
{"mapping": [8, 6, 3, 12, 14, 10, 9, 4, 2, 0, 11, 7, 5, 1, 15], "R": [[0.3468597861716637, 0.6084716385618923, 0.7137580499039949], [-0.6119898974246024, -0.4298521878725019, 0.6638489753185194], [0.7107437331325351, -0.6670752293759897, 0.22328005769839443]], "T": [0.02018449563062942, 0.10121540849127988, -0.08131798851366112], "aligned_model": [[-0.7772026085138289, -0.5372815808811672, 0.08778258936882317, -0.26691011369397666, -0.4372779653758861, 0.25969268852514527, 0.6078618054748252, -0.31662047624575573, 0.757585070517862, 0.3732207284249527, 0.4254361152125834, -0.424871299521287, 0.2063974870190866, -0.09615689286581237, 0.010388606058980426], [0.15882824896640144, 0.11284840030048252, -0.6738112808557383, -0.4231574861133105, -0.5015596561644474, -0.4286445309126402, -0.3758808956313173, -0.17845633308656736, 0.3846123459258478, 0.19677402682869607, 0.13572128235198536, 0.5783488434678459, 0.7652217860866878, 0.5189256828825268, 0.07727409399656213], [0.027724129863204217, -0.5990251233464713, 0.23139842502982133, -0.608570753133504, -0.01653219463386882, -0.28782228791510334, 0.25294342358494737, 0.4810527440406146, -0.09141569083936782, 0.42105043935603526, -0.6157323026325149, -0.10409013261103163, -0.3003587177264178, 0.4252247780004724, -0.05066494969728081]], "inverted": true, "swapped": true, "error_lsq": 0.0441624757319305, "error_max": 0.29174643325815597, "target": "141.xyz", "model": "1.xyz", "model_rescale": 4.316132596720782, "target_rescale": 4.223581961510899},
{"mapping": [11, 0, 5, 14, 6, 10, 8, 3, 1, 9, 4, 15], "R": [[0.4025410427680672, -0.5299656434849347, 0.7463893927520647], [0.540184371366266, -0.5207441412524756, -0.6610797109901754], [0.7390274377983738, 0.6692996011330208, 0.07665826833649483]], "T": [-0.028368102664422756, -0.13074026035355416, -0.10816651583068385], "aligned_model": [[-0.3010039706801734, 0.54578652158147, 0.17687324830258425, -0.4236883415776531, -0.6352950383031776, -0.36378033214025224, -0.191974847859881, -0.12222296503990047, 0.5385669261107334, 0.2192195461969887, 0.1738271107724498, -0.01849930273140781], [-0.7051998786358153, -0.10193867642068513, -0.7328551403320358, 0.5110411370184909, -0.10404698121891118, -0.10621097188653444, 0.3809755963477782, 0.43399921855504653, 0.006987381663478814, -0.028721006434387908, 0.5526406775746827, -0.09389492849012654], [0.10789833571650623, 0.12775085263643302, -0.45297406775640037, -0.015185724361367725, -0.5662621325548318, 0.4091889768871939, -0.7101759275100868, 0.504441035989613, -0.430995473777804, 0.6747821564923258, -0.10344398568126505, -0.0957655848708949]], "inverted": true, "swapped": true, "error_lsq": 0.045261772365098034, "error_max": 0.2520332549201591, "target": "141.xyz", "model": "2.xyz", "model_rescale": 3.795458400668931, "target_rescale": 4.223581961510899},
{"mapping": [4, 14, 8, 13, 0, 5, 6, 10, 12, 11, 1, 15], "R": [[-0.24101381574069247, -0.9256229269927327, -0.29177823367673983], [0.11048389065165487, 0.27251854987186164, -0.9557860377104341], [0.9642124509300765, -0.26259443444434305, 0.03658568668579221]], "T": [0.1128119788408484, 0.10693525577767815, -0.02103215005663988], "aligned_model": [[-0.29109547178235284, -0.09105037681214459, -0.6308195606675989, 0.20464272456023241, 0.18966841777094706, 0.12197554160102075, -0.1706999262770473, 0.5826320020276061, 0.25262807560295547, 0.6508150284628961, -0.32656895124354046, 0.10117632250059146], [-0.10511212495019687, -0.5850690009492323, -0.19253155356267992, 0.19773752048298324, 0.5130801856578346, 0.6705823669246346, -0.3139789988188231, -0.2780508145966456, -0.6268743267887061, 0.15970368188513695, 0.5539369264035323, 0.09234518360187163], [-0.5685806799688162, -0.2584708358450721, 0.07044123610247055, 0.75213172928725, -0.48501431808905565, 0.4325938543969193, 0.5458687410615344, -0.12972726011469995, 0.25710573071200077, 0.37744796418161275, -0.2484891153334936, -0.05653561575154968]], "inverted": false, "swapped": true, "error_lsq": 0.047973026250871124, "error_max": 0.27445942329970474, "target": "141.xyz", "model": "3.xyz", "model_rescale": 3.7530521520055578, "target_rescale": 4.223581961510899},
{"mapping": [13, 12, 8, 4, 7, 9, 5, 11, 2, 0, 15], "R": [[0.32095200685712855, -0.9396556571341237, -0.11847807945025068], [0.9470945612810007, 0.3182582206143324, 0.04151622578400081], [-0.0013043336731536487, -0.12553466066085944, 0.992088376953602]], "T": [-0.016415437614190738, -0.0033540567027012594, -0.04506069751388857], "aligned_model": [[-0.5093014684359776, -0.3643314916277278, 0.5159174519743133, 0.5970214155045105, 0.26874549170682605, -0.1212361278823346, -0.21381953372617818, -0.6755815459613991, -0.3901460098265569, 0.21969732861321986, 0.011234092106509504], [-0.6106140918395886, -0.04841976823802079, -0.431771654014935, 0.2678285270473046, -0.588314099244703, 0.8067118503003875, -0.4609807729671888, -0.05474178826727432, 0.20357152333167436, 0.36179060339873587, 0.022143028807954147], [0.007464837260870723, -0.7608184960057928, -0.47414772108740294, -0.2860377637628732, 0.007423006010790795, 0.0873101630796785, 0.4795038839271964, 0.07274224086566275, 0.6195314024277423, 0.3988539421954592, -0.058994717666015606]], "inverted": true, "swapped": true, "error_lsq": 0.04915860066440831, "error_max": 0.23760596052441058, "target": "141.xyz", "model": "4.xyz", "model_rescale": 3.7855080009869324, "target_rescale": 4.223581961510899},
{"mapping": [4, 6, 1, 5, 7, 12, 15, 13, 8, 0, 3, 2, 9, 14, 10, 16], "R": [[-0.7335278670037558, 0.2662595870199459, -0.625334071236238], [0.3346587125981382, -0.6593094282018139, -0.6732864353054754], [-0.5915576171524438, -0.7031478579958593, 0.39451574795533534]], "T": [0.03341929643082032, 0.03568604250555109, 0.019569032912245578], "aligned_model": [[-0.5759362460913027, -0.11771555993232255, -0.15375259182918363, -0.7069491081647302, -0.5400993144983196, 0.49053698869430673, 0.5941394613866534, 0.5719736567930126, 0.22710676578621888, -0.5403630003948583, -0.21648143779281673, 0.1279617653107399, 0.21668539456830155, 0.604836526140057, -0.1589090574178204, 0.06940397596370391], [0.22847413071631534, 0.6252081264450541, -0.19861783739042277, -0.17396481808332437, 0.4600273763134459, -0.05007756406193596, 0.13242534623229507, 0.5014202387918104, 0.5676526379055608, -0.3843864983462739, -0.5547466050385106, -0.6862952048236776, -0.46277687732189643, -0.325038009260299, 0.07575043661637133, -0.0029012871552455965], [-0.3526128577097401, -0.21643739879392687, -0.6755369410947741, 0.2705757793360945, 0.24843647755205253, -0.47717363912066385, 0.6158512734764133, -0.114290961932594, 0.4376678006177294, -0.30103480298535273, 0.2866935678165431, -0.10529284141980244, 0.49376548384751057, 0.05209450911043589, 0.7212590803724397, 0.029711666906915103]], "inverted": true, "swapped": false, "error_lsq": 0.0378193156719151, "error_max": 0.2335615697574209, "target": "141.xyz", "model": "5.xyz", "model_rescale": 4.2253639853439635, "target_rescale": 4.223581961510899},
{"mapping": [11, 12, 8, 7, 6, 4, 1, 5, 3, 10, 14, 0, 2, 15], "R": [[0.3286031803002112, -0.5158683774898549, -0.7911382729981983], [-0.8422808918797807, -0.5390363783027969, 0.001637693623855463], [-0.42729714376624195, 0.6658224988479955, -0.6116351452925372]], "T": [0.10880405320687916, -0.0325713458040061, 0.06490288061239459], "aligned_model": [[0.6503830393603295, -0.16383513335934288, -0.5155334044333232, 0.018387822342797178, -0.10394513796020682, -0.5153511362667729, 0.027467358624224003, 0.6740483191129472, -0.35596013754143374, 0.1074035350805832, -0.5710805370867941, 0.2254824641698749, 0.8196533303495687, 0.07694177036533276], [0.06488302889833111, 0.056235954557712284, -0.5432130770659678, -0.6705046670381962, -0.5099101216819163, 0.10246210218832853, -0.29622665160165973, -0.46644588702837486, 0.6638380820243397, 0.46285792916559565, 0.1507691547518461, 0.23436227851267988, 0.20939446146308888, -0.013403440510816836], [-0.32008158173406165, -0.6788490017042049, 0.04291701913810493, 0.17033308962803534, -0.4880979377575386, 0.38130607327625266, 0.6719226398922689, 0.19064225806004675, 0.019785449318078227, -0.3029389706934019, -0.21961440467379434, 0.6137859803237472, 0.3105067260278742, 0.07994086983004157]], "inverted": false, "swapped": true, "error_lsq": 0.04257944764166626, "error_max": 0.2523488300818213, "target": "141.xyz", "model": "6.xyz", "model_rescale": 3.89814844738969, "target_rescale": 4.223581961510899},
{"mapping": [10, 3, 0, 12, 2, 4, 14, 11, 6, 8, 1, 13, 15], "R": [[-0.16341903676727515, -0.3532119325509747, -0.9211598933549279], [-0.24071136409426472, 0.9197682807012302, -0.3099747554427325], [0.9567404337739338, 0.17107787852176906, -0.23532977258000426]], "T": [0.033652083433346996, 0.13427248130721448, 0.028338532951222437], "aligned_model": [[0.04779882969097496, -0.15533993498653995, 0.43933113974854165, -0.46713878600472325, 0.8198215375474841, -0.3313791986551441, -0.6025868380091498, 0.37650723850475776, -0.5247288847046984, -0.6770690308898792, 0.11946648962611939, 0.0853669065305116, 0.01858233250596817], [-0.34357013913004375, 0.03232499958126367, 0.5165934169513748, -0.4807131959774775, 0.0662911210480854, 0.5733857531626774, 0.0326467355487243, -0.40968124773393755, -0.16038707089369897, 0.4567886135225348, 0.7860094721079385, -0.2579846298899533, 0.15207743717299774], [-0.36182304278885435, -0.7821651096809683, -0.2462434656572461, -0.05157921802228109, 0.0669587305008256, -0.3980959995724632, -0.37375489341907775, 0.22220155919139165, 0.4529688111164321, 0.23301989248264898, 0.140041482012032, 0.7050365876583166, -0.004290302984460554]], "inverted": false, "swapped": true, "error_lsq": 0.052728644326276455, "error_max": 0.3587400736223735, "target": "141.xyz", "model": "7.xyz", "model_rescale": 3.7474275329858107, "target_rescale": 4.223581961510899},
{"mapping": [0, 2, 5, 1, 13, 8, 4, 14, 7, 6, 3, 12, 10, 11, 15], "R": [[-0.8133987371162112, 0.4510011506385389, 0.3673968652295046], [0.4828330775398169, 0.8756918917573722, -0.005994159142368449], [-0.3244298286088719, 0.17251571764076698, -0.9300449523951568]], "T": [-0.017641889078891353, -0.0423216161191991, -0.06700833201822103], "aligned_model": [[-0.2757944748729922, 0.3333391318105868, 0.5680731516623395, -0.2221040685810013, 0.7289782744340566, -0.27592975264724845, -0.7047501487760519, -0.5159194521501329, 0.1486162720500644, 0.2594256322075966, -0.6742305409266917, 0.04221056506892979, -0.08238161349066322, 0.5303000500982503, -0.05767930354829515], [0.017081677060418347, 0.2818345880836451, -0.3084264619222986, -0.528368950965537, -0.16638419156783796, -0.6626903344978323, -0.22399568947504958, 0.030978955112909642, -0.6690638854765676, -0.31274681049128256, 0.4527811276343384, 0.24003213654290761, 0.5325486407089615, 0.34592326089014075, -0.04038609965732257], [-0.6291191393611059, -0.6962225036925054, -0.39819512341074675, -0.4751210269434117, 0.137018946221805, 0.37960744201372815, -0.014173840654116185, 0.5014574781113948, 0.009161857534036574, 0.5879941361555022, 0.09667441652035426, 0.67601237239628, 0.14768379968998896, -0.06039498138417958, -0.06558917750076279]], "inverted": true, "swapped": true, "error_lsq": 0.04942594546218318, "error_max": 0.35117749230590195, "target": "141.xyz", "model": "8.xyz", "model_rescale": 4.019505241142653, "target_rescale": 4.223581961510899},
{"mapping": [10, 11, 12, 14, 3, 4, 7, 9, 0, 2, 13, 1, 15], "R": [[-0.30231882809842014, 0.9037569515815308, 0.30302920427783303], [0.9173256658975893, 0.36224809642354344, -0.1651966686197507], [-0.25906939005359625, 0.22803440333769365, -0.9385538674107522]], "T": [0.04138655404462963, 0.05654248113865905, 0.031309530530480315], "aligned_model": [[-0.2731237638661432, -0.6273982806878805, -0.16543734282821754, 0.3911320803130405, 0.2294624600482711, 0.6853107855219623, 0.3197352268818425, -0.09763968960120517, 0.18494904279125596, -0.4532065529418935, -0.4441237575189214, 0.49923831214920433, 0.0708022514798609], [-0.4051708004898987, 0.1141633309442664, -0.05931336677193001, -0.27355974723814264, -0.7294508512647728, -0.24301007615722398, 0.6467585294977756, -0.7099685726594132, -0.20058158481208793, -0.015599140348533144, 0.6480199437260924, 0.26166849848703416, 0.02942206520089248], [-0.2307283694295364, 0.010697103713119535, -0.7297338475274072, -0.5564978074344272, -0.19200496021070146, -0.028226697812392607, 0.010899270690288603, 0.31032333577030397, 0.5784997123304324, 0.6431499023221663, -0.13867420420222382, 0.4705109090852692, 0.028489146748987452]], "inverted": false, "swapped": true, "error_lsq": 0.05085274115705486, "error_max": 0.28415454079330693, "target": "141.xyz", "model": "9.xyz", "model_rescale": 3.877068213659057, "target_rescale": 4.223581961510899},
{"mapping": [5, 3, 0, 7, 4, 12, 14, 6, 13, 1, 8, 11, 9, 10, 2, 15], "R": [[-0.5018279516236459, -0.6806275571428644, -0.5337741427110841], [-0.37715635565074446, 0.7275307758071086, -0.573107366595262], [0.7784097830586824, -0.08628498543340929, -0.6217982879739148]], "T": [0.027145561814664952, 0.03639107493290726, 0.08122632060078697], "aligned_model": [[-0.38649076391974585, -0.08862806474010823, -0.14447970465838522, -0.7085906520531045, -0.5157684302052203, 0.2845324922455023, 0.56065226622016, 0.4951387136642174, 0.276987695698606, -0.741538661970337, -0.24749275149436514, 0.33840130869820373, 0.21167822835155659, 0.6951100261238674, -0.14860772019869803, 0.011534236759490536], [0.21222409612540444, 0.5994946660287189, -0.43685484582453127, -0.15833974325161038, 0.41134622403866444, 0.029046283910709167, 0.04232295592630762, 0.38818794401206713, 0.6004949115767348, -0.14809932231287587, -0.6707153592805812, -0.5576977832603269, -0.3913653075081251, -0.1987142815280728, 0.045966356955170554, -0.015143204068386457], [-0.5582916079467909, -0.18760849079383493, -0.5354981738278751, 0.37628343620642124, 0.23203650982247767, -0.6201246883824193, 0.6511885612631428, -0.11248983219208164, 0.5470634869837453, -0.27653682399571367, 0.22228383853143238, -0.2267242677511981, 0.5487917985409345, 0.12317539977249017, 0.7210500899195192, 0.009076959829030118]], "inverted": true, "swapped": false, "error_lsq": 0.03742529633704963, "error_max": 0.23330735992573876, "target": "141.xyz", "model": "10.xyz", "model_rescale": 4.260839863003843, "target_rescale": 4.223581961510899},
{"mapping": [2, 10, 12, 11, 6, 13, 5, 0, 4, 8, 7, 15], "R": [[0.6890915779769546, -0.36825331490447805, 0.6241332335512138], [-0.7105377892723168, -0.5126262690329941, 0.4820273418731776], [0.1424389243754653, -0.775631229618287, -0.6149043409048147]], "T": [0.11938998205417348, -0.05579485042329029, -0.009975503400679209], "aligned_model": [[0.49284232794312577, -0.030939127972305885, -0.5531562984713172, -0.1563073864074778, -0.588404843008689, -0.4297053147424914, 0.11371928850683763, 0.7358179606047256, 0.4140602327876941, -0.14366651477579198, -0.03344300661144395, 0.13808133124126482], [0.06308721131606304, -0.6123957829726075, -0.47640411346387124, -0.07938172130357021, 0.10372105906057955, 0.3714575651067598, 0.5639665927378946, -0.06611423162457092, -0.2875102237059924, 0.16524481821056067, 0.5061488649479978, -0.07874153277630942], [-0.6959607775357809, -0.2298761993611055, 0.0684787730557358, -0.6219009973827572, 0.2191654808261767, -0.3710988201729463, -0.38336830663706567, -0.08775806028933225, 0.5961533129977606, 0.7200781666739222, 0.2851700275630828, 0.017095477657814075]], "inverted": true, "swapped": true, "error_lsq": 0.04888191370003538, "error_max": 0.28626261183185997, "target": "141.xyz", "model": "11.xyz", "model_rescale": 3.890672605050136, "target_rescale": 4.223581961510899},
{"mapping": [10, 3, 14, 11, 12, 5, 0, 13, 2, 1, 8, 4, 7, 15], "R": [[-0.22696707931309035, 0.704490887510253, -0.6724422163450933], [0.21251239245899153, -0.6379977361616321, -0.7401333472449326], [-0.9504338104041968, -0.3108882083123262, -0.004908561185392957]], "T": [0.062056463840714116, -0.03915460789043563, 0.09060428267977665], "aligned_model": [[0.5156655085370134, 0.28192688193842586, 0.43880250947478255, 0.40589915600586884, 0.8314226940049803, -0.19625579725834624, -0.4347227021674865, 0.3566378650933054, -0.19889731707558495, -0.5735715282609481, 0.04536714780198642, -0.16290030286105783, -0.15348794710861763, 0.053989666669371786], [-0.1420160104661746, 0.30156890637612405, 0.5822832099116929, -0.612512122724943, 0.16793434259134005, -0.5167054229698901, -0.16319208300252336, -0.42611411312896147, -0.7631464625378453, 0.1222672894153837, 0.6577147578035663, 0.5731276352099925, 0.1609204103653717, -0.009977817015368484], [-0.31488076260533027, -0.6432839328190949, -0.13004099053927426, 0.15425609229449766, 0.11459377141326677, 0.5689123251441582, -0.2614826859976351, 0.7053761597192995, -0.08804149592488049, 0.21111483426793215, 0.4969664003913199, -0.1964838934098423, 0.6734937577057688, 0.06429085571667541]], "inverted": true, "swapped": true, "error_lsq": 0.048079328368709796, "error_max": 0.32024191980426525, "target": "141.xyz", "model": "12.xyz", "model_rescale": 4.124412569039231, "target_rescale": 4.223581961510899},
{"mapping": [0, 1, 8, 2, 4, 9, 5, 10, 7, 11, 14, 6, 15], "R": [[-0.22633363834753017, 0.2354245964184319, 0.9451710657619539], [0.8355515374956362, 0.5456515067679659, 0.0641721228457266], [-0.5006263200642251, 0.8042634472379476, -0.32020867429831623]], "T": [0.09479129236539045, 0.09712971218283503, -0.05206229129957549], "aligned_model": [[-0.1760663603244686, -0.04273387365071453, 0.6577072676998363, -0.6398901671502427, 0.5898325831361132, 0.013163788944811197, -0.5077074821040456, 0.24787052395267717, 0.10423440695264585, -0.28489120006106733, 0.8406525821939653, 0.44390080605460963, 0.12122543186563757], [-0.19404258075999095, 0.3448800838305449, 0.6433849252571971, -0.19340713992967254, -0.01203108365801732, -0.7123926222067699, 0.49329147297945675, -0.3849955192778043, 0.7353929748496031, -0.018658584698355685, -0.03720308685824705, 0.6039201098359844, 0.07934642714454851], [0.42542581988874584, 0.5515181493856303, 0.13705794486240674, -0.05468644680291899, 0.4488695943245278, 0.0986916019869207, -0.11214286011027441, -0.405448433593913, 0.08497923975760882, -0.5937748210512866, -0.10158517819575147, -0.49951113833678307, -0.027695391147074123]], "inverted": false, "swapped": true, "error_lsq": 0.04905137210309714, "error_max": 0.27618762928528734, "target": "141.xyz", "model": "13.xyz", "model_rescale": 3.9028299243045295, "target_rescale": 4.223581961510899},
{"mapping": [11, 1, 9, 13, 12, 6, 0, 2, 8, 14, 10, 7, 4, 3, 5, 15], "R": [[-0.5672725887879971, -0.6365391875245996, -0.5225128445840223], [0.3712586212782709, 0.3686805766097553, -0.8521981392594424], [0.7350978480014217, -0.6774160428984695, 0.027178276020706216]], "T": [0.04070188068023246, 0.036041320918952444, 0.0823137382801829], "aligned_model": [[-0.4482341980549244, 0.03860125267044413, -0.12805961713331998, -0.6696938482101852, -0.47140426960350895, 0.3645662912568501, 0.6780069475538966, 0.4727555869012414, 0.08771824774941091, -0.7373813561076334, -0.27510073196334184, 0.17794242302416918, 0.2902317308710416, 0.6311686616652736, -0.15124168100805757, 0.03256277891028357], [0.23668557696079795, 0.45342251975616216, -0.3502914284557825, -0.03952114093894911, 0.4939852691331473, 0.006091358157122098, 0.10803132757658344, 0.6321657517801025, 0.5308769557067434, -0.2739655282789059, -0.626981976767445, -0.7946480257364918, -0.4353716657461825, -0.15475503423438164, 0.00826895019931631, -0.0418393175725701], [-0.43396146136282615, -0.41566947224200346, -0.5681568760291391, 0.4319987029661977, 0.19310597671071075, -0.4995995761762419, 0.6075528266231178, 0.09303882228658125, 0.6734434324500866, -0.20322589620702225, 0.20888948090696602, -0.2519738605437395, 0.5004858604379352, 0.02202131212633443, 0.5561155937072986, -0.00038866967497622196]], "inverted": false, "swapped": false, "error_lsq": 0.0417465516511099, "error_max": 0.22999065790351395, "target": "141.xyz", "model": "14.xyz", "model_rescale": 3.942246331269136, "target_rescale": 4.223581961510899},
{"mapping": [12, 14, 6, 4, 0, 8, 5, 13, 11, 7, 1, 2, 3, 9, 15], "R": [[-0.13774607077694934, 0.8931405316033633, -0.4281658683183113], [0.8792751766861845, -0.08873674443236751, -0.46797537739823863], [-0.4559618225783721, -0.4409373889735441, -0.773093160852043]], "T": [-0.06305552030554408, 0.020558099750523577, 0.008414170972531755], "aligned_model": [[-0.7308053832317927, -0.27690693846682257, -0.35893222058269886, 0.2815475913518387, 0.3221539676940165, 0.208204117421396, 0.11634866768686929, -0.36270673846818047, -0.5417438318793102, 0.2821377363311704, 0.6027515354657977, -0.04571663378589065, -0.28158258516383594, -0.18947757926411946, -0.05097766857622817], [-0.12273226758385278, -0.5436044333761718, 0.2837875992615398, -0.560091446452442, -0.1638615708006182, -0.06215174345190814, 0.7012476368796406, 0.7286921151938275, 0.39194747365959837, 0.38358305717430213, 0.0558918920046956, 0.3173671059802, -0.7833523544106179, -0.5111477588947769, -0.017430615301765803], [-0.40263779203174366, -0.4528830087890285, -0.6412716294240673, -0.21964177146662284, 0.4597932843499218, -0.7469750714722424, 0.1758491735168037, -0.1439527712520666, 0.29814788138589565, -0.410279084260504, 0.01584746950811578, 0.7403835503995557, 0.10328951229778185, 0.6297212918252116, 0.003971445773505238]], "inverted": false, "swapped": true, "error_lsq": 0.04323750165123198, "error_max": 0.24759469512091448, "target": "141.xyz", "model": "15.xyz", "model_rescale": 4.355366556412066, "target_rescale": 4.223581961510899},
{"mapping": [11, 0, 5, 14, 6, 10, 8, 3, 1, 9, 4, 15], "R": [[0.4025410427680672, -0.5299656434849347, 0.7463893927520647], [0.540184371366266, -0.5207441412524756, -0.6610797109901754], [0.7390274377983738, 0.6692996011330208, 0.07665826833649483]], "T": [-0.028368102664422756, -0.13074026035355416, -0.10816651583068385], "aligned_model": [[-0.3010039706801734, 0.54578652158147, 0.17687324830258425, -0.4236883415776531, -0.6352950383031776, -0.36378033214025224, -0.191974847859881, -0.12222296503990047, 0.5385669261107334, 0.2192195461969887, 0.1738271107724498, -0.01849930273140781], [-0.7051998786358153, -0.10193867642068513, -0.7328551403320358, 0.5110411370184909, -0.10404698121891118, -0.10621097188653444, 0.3809755963477782, 0.43399921855504653, 0.006987381663478814, -0.028721006434387908, 0.5526406775746827, -0.09389492849012654], [0.10789833571650623, 0.12775085263643302, -0.45297406775640037, -0.015185724361367725, -0.5662621325548318, 0.4091889768871939, -0.7101759275100868, 0.504441035989613, -0.430995473777804, 0.6747821564923258, -0.10344398568126505, -0.0957655848708949]], "inverted": true, "swapped": true, "error_lsq": 0.045261772365098034, "error_max": 0.2520332549201591, "target": "141.xyz", "model": "16.xyz", "model_rescale": 3.795458400668931, "target_rescale": 4.223581961510899},
{"mapping": [10, 3, 0, 12, 2, 4, 14, 11, 6, 8, 1, 13, 15], "R": [[-0.16341903676727515, -0.3532119325509747, -0.9211598933549279], [-0.24071136409426472, 0.9197682807012302, -0.3099747554427325], [0.9567404337739338, 0.17107787852176906, -0.23532977258000426]], "T": [0.033652083433346996, 0.13427248130721448, 0.028338532951222437], "aligned_model": [[0.04779882969097496, -0.15533993498653995, 0.43933113974854165, -0.46713878600472325, 0.8198215375474841, -0.3313791986551441, -0.6025868380091498, 0.37650723850475776, -0.5247288847046984, -0.6770690308898792, 0.11946648962611939, 0.0853669065305116, 0.01858233250596817], [-0.34357013913004375, 0.03232499958126367, 0.5165934169513748, -0.4807131959774775, 0.0662911210480854, 0.5733857531626774, 0.0326467355487243, -0.40968124773393755, -0.16038707089369897, 0.4567886135225348, 0.7860094721079385, -0.2579846298899533, 0.15207743717299774], [-0.36182304278885435, -0.7821651096809683, -0.2462434656572461, -0.05157921802228109, 0.0669587305008256, -0.3980959995724632, -0.37375489341907775, 0.22220155919139165, 0.4529688111164321, 0.23301989248264898, 0.140041482012032, 0.7050365876583166, -0.004290302984460554]], "inverted": false, "swapped": true, "error_lsq": 0.052728644326276455, "error_max": 0.3587400736223735, "target": "141.xyz", "model": "17.xyz", "model_rescale": 3.7474275329858107, "target_rescale": 4.223581961510899},
{"mapping": [6, 11, 5, 10, 8, 4, 7, 2, 14, 1, 3, 9, 0, 15], "R": [[0.9147265600276921, 0.2593405331859617, -0.30986740426628706], [-0.19096540063792006, -0.39835799168994407, -0.8971304956448386], [-0.35610045793161255, 0.8798030451774851, -0.3148635665765735]], "T": [0.09412561612960024, -0.026325646804279255, -0.02097114014231901], "aligned_model": [[0.4570736726550104, 0.23950216014659753, 0.7185259977136549, -0.34712541089540905, 0.30263449523213193, -0.2950424113650898, 0.634860549593984, 0.15954481086680972, -0.34477379583298196, 0.28334875967590817, -0.7302989293012176, -0.6098620240669463, -0.11665204530703371, 0.06311181876745851], [-0.5881599883306582, 0.33128020203595077, 0.33913614921638563, 0.02353220605420684, -0.7576361332958942, -0.39239031034932925, -0.3035704406592621, 0.7598613378851415, -0.6412117093767112, 0.02731002564292232, -0.1784783927473013, 0.40817190333796405, 0.3733908133366057, -0.04082742123878731], [-0.3836491121267436, -0.5705181417397668, -0.009997178674080974, -0.44942356594677063, 0.2487409962298042, 0.45068511332095607, 0.21775590509807594, -0.0634652532459434, -0.09900521681757662, 0.6161478306195575, -0.0351534379083086, -0.002819641521126605, 0.40557264126373804, -7.621989015958383e-05]], "inverted": false, "swapped": true, "error_lsq": 0.044329329379976926, "error_max": 0.2869608841447295, "target": "141.xyz", "model": "18.xyz", "model_rescale": 3.922800546911778, "target_rescale": 4.223581961510899},
{"mapping": [9, 10, 11, 0, 6, 3, 12, 1, 14, 5, 13, 7, 4, 8, 15], "R": [[0.81667021711216, 0.07011991628656683, -0.5728289044923821], [-0.5677263087104839, 0.2758323081603802, -0.7756309535938377], [0.10361754137184574, 0.9586447387405213, 0.2650729522323465]], "T": [0.13652324841360372, 0.1291096715372903, -0.03781146153349296], "aligned_model": [[-0.38463204067546763, -0.24210514329622138, 0.41838384725717526, 0.04893259029106814, 0.3109520107987891, -0.6901957959749275, -0.15063039271751014, 0.3015402407801022, -0.4763499232504701, 0.8452276895903221, 0.7658622518696037, 0.5431472774551609, -0.3741568717843895, 0.07859370906815458, 0.10148138747622883], [0.589356005877925, -0.039969276936737214, -0.031405940760920875, 0.7443030022025776, -0.5862129680881696, 0.1847018317620503, -0.5892410129706629, 0.5661167307995651, -0.26058027190186545, 0.2609163599155763, -0.29372210981482866, -0.011073439631955118, 0.28065137977501453, -0.2361000811974701, 0.13987129600447964], [-0.4864612937097724, -0.49477164108325566, -0.6258654817288201, -0.040072222256305315, 0.15405452948295617, -0.16615693338035525, -0.22990728540952377, 0.4380004642337544, 0.18430360847819066, -0.10045011300695685, -0.23682408642117764, 0.45336583890551846, 0.43563931568672365, 0.6793367949673861, -0.021532327595033155]], "inverted": false, "swapped": true, "error_lsq": 0.03810700159304882, "error_max": 0.23021603587580688, "target": "141.xyz", "model": "19.xyz", "model_rescale": 3.9282355846067225, "target_rescale": 4.223581961510899},
{"mapping": [1, 0, 9, 4, 8, 3, 14, 10, 6, 13, 2, 7, 11, 15], "R": [[0.2797238545077796, 0.9591453138549237, 0.04236545915543438], [-0.5599852771130323, 0.19883877813057882, -0.8042882752646463], [-0.7798532263419518, 0.20125458310726416, 0.5927272038150183]], "T": [-0.03741243810684473, -0.11745143489860058, 0.10604163751229667], "aligned_model": [[-0.5706930177763482, -0.05631371189138796, 0.5010603469783517, -0.36421364550182533, -0.6833088479432287, 0.30610309990908396, -0.055816130932164254, 0.5162255231336516, -0.21674543378770067, 0.013580836194116895, 0.3337600748188918, -0.6089430046726503, 0.46213525709315445, -0.04430852653726897], [-0.5174797065050425, -0.7292137935493034, -0.603257396588342, -0.2214607646593466, 0.3053241040465249, -0.16886509329094126, 0.2994415592140307, 0.020784201002269492, 0.6078765299823369, 0.2769876391148096, -0.6660244788110566, 0.05479469201572687, -0.009768726063073607, -0.12625667848375616], [0.11989701841662692, -0.0013344627702369105, -0.29240010583371123, -0.5186965021265243, -0.1287226874047151, -0.657097365323411, -0.5285199563772845, -0.12876822676208113, 0.2497895085869487, 0.7815250379927183, 0.536708535154301, 0.3704913101564798, 0.5417878068334101, 0.06752324670116222]], "inverted": true, "swapped": true, "error_lsq": 0.045475874074507504, "error_max": 0.28639882452990767, "target": "141.xyz", "model": "20.xyz", "model_rescale": 4.067790424073018, "target_rescale": 4.223581961510899},
{"mapping": [0, 8, 9, 2, 3, 14, 10, 1, 4, 7, 6, 11, 5, 12, 15], "R": [[0.6851276980351758, 0.3331925457351803, -0.6477520859491932], [0.17869001872860904, 0.7852035070353824, 0.5928957157427482], [0.7061656424605989, -0.5219561092715038, 0.47842648902664625]], "T": [0.1324365370975574, -0.0008827846596988244, 0.017281800361442452], "aligned_model": [[0.17472019517523185, 0.1590194933002849, -0.3683195926873326, 0.4311181394233615, -0.6728554295140264, -0.4836546931240513, -0.3634115134886572, 0.48365636725954897, -0.2200553887582886, 0.5989650016813044, 0.1938960319253887, 0.23974191869820763, 0.8218647326841958, -0.3310203531431092, 0.10477904447545683], [-0.20291433464786285, 0.7988531741655083, -0.5038213967401167, -0.6985233738659375, -0.02458882422779621, 0.42463644971032394, -0.3143487033436443, 0.26733694198889635, 0.45723122299319496, 0.4470814383500674, 0.3996581804993774, -0.5305784785915275, -0.20272856699145625, 0.1082222387896889, 0.015379171839131494], [-0.5688371411456413, 0.1209705626506217, -0.40817353982456306, -0.20240503198777804, -0.2150332851917324, 0.1444504211555021, 0.2086808183147325, -0.4820232921968225, -0.39960632749795416, 0.1063255691160323, 0.6612647940356778, 0.4159373114853071, 0.10391685093741887, 0.6565700998360001, -0.006788236065660116]], "inverted": false, "swapped": true, "error_lsq": 0.04447208657509743, "error_max": 0.2917775506686615, "target": "141.xyz", "model": "21.xyz", "model_rescale": 4.186013935880536, "target_rescale": 4.223581961510899},
{"mapping": [11, 13, 2, 3, 14, 9, 10, 6, 1, 7, 8, 4, 15], "R": [[0.8628526195895192, 0.03279381959418626, 0.5043906445047619], [-0.2831888623219045, -0.7952040022567903, 0.5361479861489817], [0.41867579954462447, -0.6054545071194095, -0.6768570119932739]], "T": [0.02840605451297855, 0.021650518787790653, -0.06366051381372757], "aligned_model": [[-0.07971180200759624, -0.5527487417931203, 0.4634285654506096, 0.45515258261012564, -0.11175412888432228, 0.7618221189261665, 0.15555957301141737, -0.7171395216450605, 0.2193950846699334, -0.38884917416862275, -0.4484008765234257, 0.2535247457941762, 0.0482956099829443], [-0.2689998872357594, 0.06570587864431085, 0.11692856801253695, -0.5265385278365968, -0.38309390252773146, -0.36106161572949796, -0.5803426776549523, -0.08945185184113086, 0.6360820003843066, 0.5157821174368761, 0.27978665966242616, 0.09765003975306058, 0.016509858478244845], [-0.6593542776047837, -0.587853750564654, -0.7162345738996444, 0.4058111005516265, 0.5635108800599784, -0.08232851009613676, -0.11052126167501759, 0.03998545826670884, 0.11126778892742185, 0.025679194446356524, 0.5338815350109618, 0.608247486287746, -0.029211508375218048]], "inverted": true, "swapped": true, "error_lsq": 0.04881959450978339, "error_max": 0.2610580714323376, "target": "141.xyz", "model": "22.xyz", "model_rescale": 4.166573947596378, "target_rescale": 4.223581961510899},
{"mapping": [12, 6, 14, 3, 2, 13, 0, 5, 1, 11, 9, 10, 8, 7, 4, 15], "R": [[-0.8855619298105589, 0.3840661373522215, 0.2612915433180788], [0.0025381054360381627, 0.5664885132620323, -0.8240657269677997], [-0.4645143985830734, -0.7290980499778593, -0.5026354613708516]], "T": [-0.08985414727355602, -0.05922354785663671, 0.05217316401440752], "aligned_model": [[-0.43870001394767, -0.15657404812906006, -0.04383931545632648, -0.54649496620083, -0.431069212243684, 0.5184424903960824, 0.4701177187986286, 0.5990089682834681, 0.14414956323371236, -0.859653196342749, -0.3407775505693441, 0.43851992638770976, 0.08562814712964632, 0.6129063185935122, -0.10516502924726223, -0.054061582164193676], [0.09263896289473912, 0.6559428594615497, -0.3874579304412403, -0.15084926524012104, 0.45237031946948275, -0.06427394891777007, 0.16087321617078199, 0.36483144879519713, 0.561557878764328, -0.14060802298939074, -0.6031526243143973, -0.4838407871583772, -0.5817166630155954, -0.16752369754920043, 0.04471905649031703, -0.001357210881036415], [-0.4813300640563244, -0.19920920736491887, -0.6662435594562967, 0.43231858674030965, 0.3254006032309475, -0.536692553229073, 0.6042100165073444, -0.13941741258326568, 0.31288707752577316, -0.09908594706964002, 0.011827510662887113, -0.26635826532098233, 0.6440228486334508, 0.12825504649036473, 0.7793698535416315, 0.0637216617270719]], "inverted": false, "swapped": false, "error_lsq": 0.04546924502376844, "error_max": 0.26323166663943487, "target": "141.xyz", "model": "23.xyz", "model_rescale": 4.274766983524099, "target_rescale": 4.223581961510899},
{"mapping": [0, 4, 3, 10, 14, 12, 11, 6, 7, 8, 15], "R": [[0.33044442476284874, 0.7104907301242002, -0.6212965512142581], [-0.42110766392588006, 0.7001071323145286, 0.5766440311537225], [0.8446743855036911, 0.07108393411951996, 0.5305395902136368]], "T": [0.10647934869459419, -0.08196377188806195, -0.06142752381636354], "aligned_model": [[0.3476714538075973, 0.09648044166345396, -0.49545511970566647, -0.4838383543433019, -0.37630973085203784, -0.5454819210691263, -0.10561467169841332, -0.02072930420083685, 0.5829300597253885, 0.28319572502244417, 0.09704612560857355], [-0.03824740111208652, 0.604462467259733, 0.33385013807867014, -0.19932069295108049, 0.48037130574012954, -0.04153037718621036, -0.714645310309915, -0.030493139373030803, 0.04925696767979601, 0.51939898313269, -0.047516409715211816], [-0.6324400594771575, -0.2528269831130618, -0.4710628675144012, -0.1974867685543589, 0.10440626655490123, 0.3954065471760198, 0.01439059468772707, 0.6869661981199707, 0.36521680531874623, 0.44667657578825115, -0.0796798749650595]], "inverted": false, "swapped": true, "error_lsq": 0.0469801435806323, "error_max": 0.2386511389595193, "target": "141.xyz", "model": "24.xyz", "model_rescale": 3.7841303162186577, "target_rescale": 4.223581961510899},
{"mapping": [7, 11, 10, 1, 6, 14, 5, 13, 3, 0, 8, 9, 2, 12, 4, 15], "R": [[0.5066449308778377, -0.22796444048187492, -0.8314704612261201], [-0.8478342701969607, 0.04330812677287757, -0.5284897883923696], [0.15648630705393476, 0.972705823993673, -0.1713342221315157]], "T": [-0.06983320545613939, -0.058574179960380765, -0.004805337121209202], "aligned_model": [[-0.5498054808442739, -0.05934057338356721, -0.11825551262322964, -0.6401808936514054, -0.379410965122951, 0.5581279878726909, 0.4749100559801088, 0.5163319910943281, 0.21721814813789134, -0.7572706953941543, -0.3032202738267852, 0.3047626302491525, 0.2182932005990685, 0.6739081159776652, -0.17722952163472233, -0.08639999490817675], [0.18010728363139067, 0.6192366866364013, -0.20177380598701394, -0.30946861610447257, 0.5283490249635994, -0.18813087775208504, 0.010983082762841448, 0.42600065686902056, 0.5659196185874964, -0.27770230704339527, -0.5623054931676458, -0.48646574046380914, -0.5296470265784577, -0.0934714085583576, 0.0683852548125282, 0.002137258931226245], [-0.3728587760355684, -0.3652077552016032, -0.7679594844280604, 0.4011403369356251, 0.28104289968369145, -0.4719014343441491, 0.6791210564080472, -0.18810178317445747, 0.4154456636012511, -0.14882794194560842, 0.198278448668555, -0.1416537234774925, 0.5088741108228105, 0.13942689456163798, 0.7225540486378311, 0.024303635266769562]], "inverted": true, "swapped": false, "error_lsq": 0.03906276509994461, "error_max": 0.28787979368641786, "target": "141.xyz", "model": "25.xyz", "model_rescale": 4.19342608120988, "target_rescale": 4.223581961510899},
{"mapping": [11, 0, 5, 14, 6, 10, 8, 3, 1, 9, 4, 15], "R": [[0.4025410427680672, -0.5299656434849347, 0.7463893927520647], [0.540184371366266, -0.5207441412524756, -0.6610797109901754], [0.7390274377983738, 0.6692996011330208, 0.07665826833649483]], "T": [-0.028368102664422756, -0.13074026035355416, -0.10816651583068385], "aligned_model": [[-0.3010039706801734, 0.54578652158147, 0.17687324830258425, -0.4236883415776531, -0.6352950383031776, -0.36378033214025224, -0.191974847859881, -0.12222296503990047, 0.5385669261107334, 0.2192195461969887, 0.1738271107724498, -0.01849930273140781], [-0.7051998786358153, -0.10193867642068513, -0.7328551403320358, 0.5110411370184909, -0.10404698121891118, -0.10621097188653444, 0.3809755963477782, 0.43399921855504653, 0.006987381663478814, -0.028721006434387908, 0.5526406775746827, -0.09389492849012654], [0.10789833571650623, 0.12775085263643302, -0.45297406775640037, -0.015185724361367725, -0.5662621325548318, 0.4091889768871939, -0.7101759275100868, 0.504441035989613, -0.430995473777804, 0.6747821564923258, -0.10344398568126505, -0.0957655848708949]], "inverted": true, "swapped": true, "error_lsq": 0.045261772365098034, "error_max": 0.2520332549201591, "target": "141.xyz", "model": "26.xyz", "model_rescale": 3.795458400668931, "target_rescale": 4.223581961510899},
