[{"mapping": [1, 11, 12, 5, 10, 3, 4, 8, 9, 7, 2, 13], "R": [[0.1713130135194393, 0.9850947065976889, 0.015500659086047211], [-0.9695346186140843, 0.17136127552439004, -0.1750369576960732], [-0.17508419319781907, 0.014957683104931188, 0.9844398371705616]], "T": [-0.078425943743787, 0.00297169114344319, -0.0513247253475881], "aligned_model": [[-0.4161088792627049, 0.6024754695922507, -0.09564327386854533, 0.20692144648459107, 0.5941984740935089, -0.41617805936561114, 0.08059542083876733, 0.5569898163333122, -0.09206100257054721, 0.3348913837477665, -0.6011385373378735, 0.03786359929487226], [-0.26585803320621515, -0.10396720185561611, -0.5756673650084385, 0.24944902952227324, -0.6852556206118035, 0.3799808950346224, 0.6432365442673142, 0.40659760293767216, -0.3730886667546396, 0.059756378874001925, 0.35429015723601265, -0.009195949396811882], [-0.4343977311681301, -0.16086549093009977, -0.05086189423312551, -0.7072416781679427, 0.24758744323176435, -0.18166226549644027, 0.6401789623299621, 0.1582273369105055, 0.5772736075746234, 0.5790234074409941, 0.38981598382603994, 0.062114919217009276]], "inverted": false, "swapped": false, "error_lsq": 0.0481302414960366, "error_max": 0.2524315545930781, "target": "143.xyz", "model": "0.xyz", "model_rescale": 3.8414455957264533, "target_rescale": 3.6922026629054616},
{"mapping": [8, 0, 12, 13, 1, 9, 2, 7, 10, 4, 6, 14], "R": [[0.9978101015213714, 0.05904630160650873, -0.029808313748080986], [-0.055754308342361864, 0.508360518320403, -0.8593375591199748], [-0.035587334870367415, 0.8591176390225059, 0.5105393461009837]], "T": [0.09021415772126301, -0.00800740275673088, 0.1492795020381772], "aligned_model": [[-0.5233763367724065, 0.7715285908000735, -0.1722865870142895, 0.15070836638803375, 0.6422761872773963, -0.1345261280833656, 0.010952663258839437, 0.38257919197411344, -0.3637792622138774, 0.4839072228296159, -0.5686805124460887, 0.11350246198174274], [-0.14887026298710393, 0.06942810974345713, -0.6407340942678238, -0.018789542891521776, -0.6386952545988297, 0.5163821797360689, 0.5229126098462377, 0.5467446880393119, -0.4611612506626868, 0.16209910622160675, 0.26008104550070726, -0.08911956264105157], [-0.3281791424278161, -0.08594752487305846, -0.18693447258182483, -0.606413025919606, 0.3636582328626311, -0.22490901956947779, 0.6556847580650844, 0.008823791442735679, 0.38786463400161497, 0.48377431655251885, 0.47179085272155746, 0.17997920026080116]], "inverted": true, "swapped": false, "error_lsq": 0.051500219145540815, "error_max": 0.3284413068564349, "target": "143.xyz", "model": "1.xyz", "model_rescale": 4.316132596720782, "target_rescale": 3.6922026629054616},
{"mapping": [3, 2, 6, 4, 8, 5, 9, 0, 10, 1, 7, 11], "R": [[-0.43548117073532955, 0.8223456507817615, 0.3662018303822474], [0.3250636866324575, 0.5230065595348891, -0.7879071888975213], [-0.8394580094131585, -0.22407982801626786, -0.49507421777779703]], "T": [0.06473139497342924, 0.03251294251903984, 0.1438842022875493], "aligned_model": [[-0.48512047076479053, 0.8371117154258331, -0.07529904193743857, 0.18575933014088247, 0.48271497426579374, -0.1904091891378647, -0.055710816642258534, 0.4724814316299262, -0.13001993797248718, 0.47017264076440446, -0.7771308397011129, 0.05825606190889962], [-0.03198422570080568, -0.14984592219192155, -0.6724873261991404, -0.014216802791630193, -0.5669791706158763, 0.5830825714938586, 0.5304554200277986, 0.5503375669342385, -0.4244686406867793, 0.11302091433509302, 0.19406291680180565, -0.03069953036826932], [-0.20898978354157235, -0.122384997553839, -0.25544280762457194, -0.6160488874967066, 0.3739603843313849, -0.07414388743227696, 0.6800730384130078, -0.11976637052110015, 0.5317959828714616, 0.4956413999258278, 0.4000691031263395, 0.0344294260372055]], "inverted": true, "swapped": false, "error_lsq": 0.044124648393282985, "error_max": 0.26322883717569373, "target": "143.xyz", "model": "2.xyz", "model_rescale": 3.795458400668931, "target_rescale": 3.6922026629054616},
{"mapping": [7, 10, 0, 4, 2, 9, 3, 5, 1, 6, 8, 11], "R": [[0.7321733827784634, -0.6688196851111521, -0.12885017019220846], [-0.5403829733685419, -0.4552435438964176, -0.7076295343143929], [0.41461835420554594, 0.5877359479804259, -0.6947359756104721]], "T": [0.09009123209712756, -0.06389786043953095, 0.07809020963432156], "aligned_model": [[-0.5830309577767445, 0.7736548864366801, -0.00211244128490716, 0.24271385237004506, 0.5857790634289748, -0.28710040371279094, 0.06801352830732328, 0.44659831841787573, -0.19837680916069655, 0.1372283947224533, -0.4287132127569059, 0.03815163898847972], [-0.0427188488565705, -0.14534447903133701, -0.7105350175843053, -0.019756593202342868, -0.46309363828895733, 0.702440500652533, 0.6150527766531643, 0.5248209671671601, -0.5231258699412192, 0.0684719656431546, 0.2004354102732402, -0.12636940244614814], [-0.2821323099056757, -0.17709191000982655, -0.3526844574369031, -0.5429674508379733, 0.5054795125323936, -0.08004463472656048, 0.4971470469759429, -0.06381629118124371, 0.39772228940987064, 0.6504123336723294, 0.5991783087359247, -0.03200983669311824]], "inverted": true, "swapped": false, "error_lsq": 0.05502679155125529, "error_max": 0.275364107304553, "target": "143.xyz", "model": "3.xyz", "model_rescale": 3.7530521520055578, "target_rescale": 3.6922026629054616},
{"mapping": [7, 3, 5, 0, 6, 2, 9, 1, 4, 8, 11], "R": [[-0.9439083945273691, 0.14734212450896955, 0.29551182901188267], [-0.25140106921532523, -0.9008900282265019, -0.3538285735203476], [0.21408980624531404, -0.40827375054886406, 0.887399627831006]], "T": [0.046403703547963256, -0.0032919261034100936, -0.07857868842773018], "aligned_model": [[-0.3701996801359653, -0.28500287763905996, 0.3230239436242075, 0.4371932902973584, 0.2944317749923064, -0.0926020901794275, -0.1557316002941358, -0.6230330327911784, -0.4587731218555788, 0.16162554235347956, 0.10726745407319924], [-0.6372454452874443, 0.1514214024983154, -0.3709549800649567, 0.3446488401867903, -0.8518670536841245, 0.7152330876005721, -0.32476146573598075, -0.013329162481957438, 0.28010029368839806, 0.2389069959828192, -0.06494915438808549], [-0.05303275382284213, -0.6050117834746025, -0.593307251324293, -0.4103351872162556, 0.19896001032724397, -0.0298058753605729, 0.4847509230903069, -0.03635267241183797, 0.6484778653142074, 0.5028837736643194, -0.014396271540356956]], "inverted": false, "swapped": true, "error_lsq": 0.04786628217555728, "error_max": 0.20121051938475903, "target": "143.xyz", "model": "4.xyz", "model_rescale": 3.7855080009869324, "target_rescale": 3.6922026629054616},
{"mapping": [12, 7, 0, 6, 5, 13, 15, 8, 3, 10, 14, 16], "R": [[-0.3571094753246136, 0.8963072345708706, -0.26288051257044054], [0.5118620224222633, 0.4232017649142657, 0.747594499829447], [0.781325855603902, 0.1324145287699539, -0.6099149940241357]], "T": [-0.01791151544959288, -0.04191669414321711, 0.02901924066739428], "aligned_model": [[-0.6272863555391627, 0.7094687940950041, -0.028023192171340472, 0.27371802098176334, 0.4937847798560615, -0.1975615295080382, -0.02750288349764894, 0.35560996979335824, -0.027077516683485736, 0.49812803781215564, -0.5733280911461819, -0.05712417601269812], [0.08777897270121979, -0.13154143752414119, -0.8155533409022319, 0.13586629978643902, -0.6340381875035751, 0.5950884696866292, 0.6088035148640141, 0.552297155488852, -0.5036198628479917, 0.056430053950447895, 0.1648855078137477, -0.036119374475038206], [-0.24467146300691936, -0.12672016518937088, -0.0702681004484578, -0.5272383333189764, 0.23556774124406613, -0.26562958858245955, 0.5347754288988462, 0.08099495548649605, 0.5478282361836545, 0.5339899038579411, 0.35527477738684243, 0.06528920802349751]], "inverted": false, "swapped": false, "error_lsq": 0.044910179018123726, "error_max": 0.23795838879620937, "target": "143.xyz", "model": "5.xyz", "model_rescale": 4.2253639853439635, "target_rescale": 3.6922026629054616},
{"mapping": [1, 5, 8, 10, 11, 4, 3, 2, 9, 6, 0, 13], "R": [[-0.45373401836686905, -0.11361018610713018, 0.8838654683770361], [-0.13224367692255834, -0.9722736451045659, -0.19286152791337946], [0.8812701348001396, -0.20439345549157018, 0.42612939919883464]], "T": [0.04091892698348215, -0.04245469163320184, 0.17179232498889846], "aligned_model": [[-0.5142513482526889, 0.6090415569294063, 0.060414911828713364, 0.2244586163113525, 0.5835680659231663, -0.22522699970946353, 0.08337877821950086, 0.4385086255011502, -0.3821398116028554, 0.514110142414085, -0.6471999676026485, 0.04814328802006884], [-0.009959479365279508, -0.13291864984020846, -0.6553912696170541, 0.010699789877216044, -0.5062901367616857, 0.5557341328861083, 0.5783121294499831, 0.43092605626014957, -0.47836152238209406, 0.1771419851821142, 0.09778726612657199, 0.012597469222550187], [-0.307202256016068, -0.09239362478801988, -0.2402677841493811, -0.5845146615753714, 0.4815379959250218, -0.09699716165722255, 0.5121673939549356, -0.08898480436448991, 0.23181703737951986, 0.548070601393593, 0.5589450461776653, 0.19701481825497796]], "inverted": false, "swapped": false, "error_lsq": 0.053925351470936335, "error_max": 0.41134092438461994, "target": "143.xyz", "model": "6.xyz", "model_rescale": 3.89814844738969, "target_rescale": 3.6922026629054616},
{"mapping": [4, 8, 7, 11, 3, 10, 5, 9, 0, 6, 2, 12], "R": [[-0.8992135491660602, -0.27810613715173454, 0.3377454211010388], [-0.2631675608268695, 0.960519270152002, 0.09025279272743497], [-0.34951084092573337, -0.007727104581018669, -0.9369004557209804]], "T": [0.013304861792597523, -0.07037008120986382, 0.1029165260502329], "aligned_model": [[-0.5144683667434218, 0.644557480694677, -0.00434189429981844, 0.21654351103846833, 0.48853348702115934, -0.2788014502638189, 0.11080246393102405, 0.483971341228101, -0.14274683903482796, 0.5099377459463024, -0.6217268534147826, -0.09945476812327542], [-0.14530596354819855, -0.11000677499876199, -0.6739757333232625, 0.07087044743101506, -0.6621861145700274, 0.5751436193574979, 0.5350216824352136, 0.6858412031597545, -0.4181433153852468, -0.012536769552645592, 0.1934966201590168, 0.042058869874016636], [-0.2594863177067053, -0.13715812056928173, -0.15519873557164304, -0.6678529166140237, 0.37912925763790606, -0.08915020164812733, 0.5789119400121615, 0.0353633058275465, 0.5564714088685868, 0.5583140858457484, 0.2722001020711961, 0.04764879238179631]], "inverted": false, "swapped": false, "error_lsq": 0.03735508349397864, "error_max": 0.219361883858643, "target": "143.xyz", "model": "7.xyz", "model_rescale": 3.7474275329858107, "target_rescale": 3.6922026629054616},
{"mapping": [12, 7, 10, 11, 6, 13, 2, 8, 0, 3, 1, 14], "R": [[0.2984330380654786, 0.8141299393244279, -0.4981266542623594], [-0.9494065777979652, 0.3067035088847442, -0.0675285693002753], [0.09780016270418486, 0.49307747822567316, 0.8644707795186868]], "T": [0.08960669029536072, 0.06604270345400957, 0.036465049078997364], "aligned_model": [[-0.41106621143595634, 0.55455385573976, 0.0032618397328743887, 0.15573138526133518, 0.49879008624391563, -0.4088183294439115, -0.0723452388814114, 0.5216285149766614, -0.06980148294858193, 0.4478363054799158, -0.48338492212254147, 0.056420055377727305], [-0.011710563284522968, -0.3357456013252589, -0.6427331634038902, -0.036691410328825516, -0.5674593520164417, 0.656439401221139, 0.6251705470484251, 0.5678333639810241, -0.3857819200144975, 0.002592136980511389, 0.09394175387376674, 0.1144225783069419], [-0.3155629239327864, -0.25724896729039093, -0.21935656265354744, -0.5730865747977497, 0.3498054272501899, -0.4230086364092397, 0.6445251801542281, 0.2000914279530235, 0.4888551258463072, 0.6543486185348698, 0.5219586897523444, 0.0478717961279117]], "inverted": true, "swapped": false, "error_lsq": 0.04372804272051012, "error_max": 0.26531602569578994, "target": "143.xyz", "model": "8.xyz", "model_rescale": 4.019505241142653, "target_rescale": 3.6922026629054616},
{"mapping": [0, 5, 4, 3, 8, 2, 10, 6, 8, 11, 1, 12], "R": [[0.8971635408506828, 0.37150995759248945, 0.23890988338260938], [-0.20068956731974646, 0.8246926791764644, -0.5287775359087773], [-0.3934733517498717, 0.4264532053137507, 0.814442376807807]], "T": [0.011540295751821486, 0.050846609575093904, 0.15738814889620467], "aligned_model": [[-0.47750296963168104, 0.5708702032400471, -0.006856297486296726, 0.11033032199028232, 0.15763779464059108, -0.11912608238219717, -0.05350450507691769, 0.4370216581226651, 0.15763779464059108, 0.5254929084223682, -0.5572698445860156, 0.048074876086350686], [-0.20662592665867413, -0.043503363942479556, -0.6124766452609435, -0.02979977694167879, -0.5445320770280704, 0.40392814660643506, 0.7453737588573518, 0.6398907836168166, -0.5445320770280704, -0.08093678404427623, 0.3156218595811602, 0.03786987328080084], [-0.18494305876602696, -0.20146120142841772, -0.3398627899607045, -0.6924338905916861, 0.4407901103277355, -0.29893617441955006, 0.7503307860988251, 0.16476441281860182, 0.4407901103277355, 0.4825579093110848, 0.4076967452400613, 0.14989964157750146]], "inverted": false, "swapped": false, "error_lsq": 0.057526457893514876, "error_max": 0.4143359060084359, "target": "143.xyz", "model": "9.xyz", "model_rescale": 3.877068213659057, "target_rescale": 3.6922026629054616},
{"mapping": [3, 2, 4, 13, 7, 6, 11, 9, 1, 8, 12, 15], "R": [[-0.92005764576332, 0.3280579396764207, 0.21417730199000795], [0.38282829409914365, 0.8690097027727881, 0.31347190260674124], [-0.0832852070273993, 0.3704053518808989, -0.9251288826906179]], "T": [0.023483196246184168, 0.09127037992026664, 0.05518752301410981], "aligned_model": [[-0.45877367109406114, 0.6024119416496199, 0.04964261898907908, 0.1401839734110642, 0.4638981341598682, -0.3674715333683392, -0.010399268569507278, 0.6089690418286091, -0.10970999426906342, 0.5087093399393107, -0.6206093070213001, -0.014045417675492555], [-0.18481004739263857, -0.09678413225040557, -0.544787232362942, 0.14190584730736439, -0.5566240310508659, 0.4333114311625701, 0.5789927556555002, 0.38543742447830137, -0.5727673351643829, 0.04407543947108193, 0.35799247392954686, 0.09433517725524204], [-0.25135652648958184, -0.20907061999639295, -0.17467564977203456, -0.7073447543455273, 0.28443429858939145, -0.27717807957127016, 0.6080293982812581, 0.13466946069983307, 0.5976081136529251, 0.6532269555608218, 0.3238869601468666, 0.13696304377887097]], "inverted": false, "swapped": false, "error_lsq": 0.043149642564818284, "error_max": 0.20054758552408697, "target": "143.xyz", "model": "10.xyz", "model_rescale": 4.260839863003843, "target_rescale": 3.6922026629054616},
{"mapping": [1, 5, 0, 3, 6, 2, 9, 4, 7, 10, 8, 11], "R": [[-0.49003351181382093, 0.8398807781953039, -0.23338259514682025], [-0.7273168155729552, -0.24636140021880404, 0.6405593729444965], [0.4804970417018506, 0.4836386449615882, 0.7315847551825346]], "T": [0.04286532440440416, 0.03357838314274798, 0.11743258058066736], "aligned_model": [[-0.5314578766204006, 0.6747649740333274, 0.034927992908070804, 0.1384340059115156, 0.5588878110953801, -0.23406956642248877, 0.06629156456813326, 0.4985800168025185, -0.2305299622685132, 0.32551056578792864, -0.5102234470133974, 0.001689779197712779], [-0.12039184207756155, -0.023723067619725854, -0.7903622607391726, 0.013991106600800121, -0.6195343552888687, 0.532727880641306, 0.6874594169084495, 0.6062152567436868, -0.4935182534985818, 0.009600106290720237, 0.2889324316569274, -0.011118648579607815], [-0.2945221179621707, -0.11501156063880394, -0.18438372710198864, -0.5856435441209387, 0.2195103880700714, -0.26271735238142474, 0.5730904194362061, 0.0947612611162898, 0.3949749776098, 0.676780863678647, 0.4975648311168564, 0.10478816171261643]], "inverted": false, "swapped": false, "error_lsq": 0.03553661320958291, "error_max": 0.20539557584492904, "target": "143.xyz", "model": "11.xyz", "model_rescale": 3.890672605050136, "target_rescale": 3.6922026629054616},
{"mapping": [6, 7, 8, 5, 3, 9, 10, 12, 0, 4, 11, 13], "R": [[-0.5295304039819166, 0.3514411629858487, -0.7720664869154098], [0.3676518501451028, -0.7251411915135182, -0.5822390999024699], [-0.764479998655054, -0.5921649781349027, 0.2547763142971877]], "T": [-0.12160754763151632, -0.03096625933914943, 0.1386275197095066], "aligned_model": [[-0.6093457100574688, 0.6876280936179502, 0.03685458862094698, 0.21875023647140518, 0.515009904977251, -0.3471960078528723, 0.11302808003861661, 0.40770281710155504, -0.09505274691279969, 0.2897661160972365, -0.4677923100391624, 0.04345279591712958], [-0.21205401060677548, -0.051716660622485366, -0.5966870111426549, 0.17433687379260715, -0.6747170680982998, 0.5016491112977596, 0.7222744619907289, 0.4832438595259063, -0.5528099530035836, -0.047552893567269064, 0.33936932894627553, -0.0050582674738376306], [-0.10911641098456087, -0.12908738098626432, -0.27855448876079564, -0.5299376485141253, 0.32129188749342624, -0.38219023113781914, 0.5594778997745001, 0.03591122018503472, 0.4137066750242362, 0.7056845152403854, 0.3525663572806734, 0.15944020592046887]], "inverted": true, "swapped": false, "error_lsq": 0.04673613682915662, "error_max": 0.24293476106139306, "target": "143.xyz", "model": "12.xyz", "model_rescale": 4.124412569039231, "target_rescale": 3.6922026629054616},
{"mapping": [6, 7, 3, 9, 5, 8, 2, 10, 0, 4, 1, 12], "R": [[0.6111233114171594, -0.660475132415917, -0.4362349111461649], [0.6319537208139605, 0.7389819702163077, -0.2335383104430942], [0.47661598063002114, -0.132959569627014, 0.8689988261514986]], "T": [0.0840781465415811, -0.0694062230661514, 0.04083864147156879], "aligned_model": [[-0.5080990144389278, 0.6408860130977935, -0.1983479321372826, 0.10344969752184655, 0.659207317056957, -0.252078335478091, -0.012116033126972472, 0.6221262697279034, -0.027536150530031403, 0.23338000487938476, -0.611195111417539, 0.1431291328247462], [-0.03615825858784101, -0.17162634259291923, -0.6423933464636702, 0.027042762851696336, -0.42900637158821403, 0.5245781808385863, 0.6741638777636781, 0.4275325316603656, -0.5191122004746147, 0.06567345304043493, 0.13237579079311756, 0.027207693797752203], [-0.2687313791298984, -0.22859357898674337, -0.2764540345684618, -0.5907970194346452, 0.377973702652423, -0.18069570894058185, 0.4653921700150635, 0.13120325558597581, 0.3902297918551093, 0.8009298806983768, 0.41332141229263797, 0.08541410849590442]], "inverted": false, "swapped": false, "error_lsq": 0.04397667044684967, "error_max": 0.2958594259126782, "target": "143.xyz", "model": "13.xyz", "model_rescale": 3.9028299243045295, "target_rescale": 3.6922026629054616},
{"mapping": [6, 10, 11, 9, 13, 3, 0, 4, 12, 5, 2, 15], "R": [[0.3660858614325614, -0.3116944907211941, 0.8768281966914815], [-0.4061868443738263, -0.9012623501546949, -0.15079265118456325], [0.8372534798475386, -0.3009530206655049, -0.4565456054278648]], "T": [0.018470910337834115, -0.002102766244311164, 0.11361646970651823], "aligned_model": [[-0.4044932985781828, 0.7113984912433884, -0.1589533404189234, 0.05002794810725515, 0.5816706903486364, -0.149354005856632, -0.06693312095918556, 0.4549872811857293, -0.01888693381241746, 0.36719527549322606, -0.6109988527266793, 0.0371457239535724], [0.11531745943195583, -0.006868620474379295, -0.6638591124274866, -0.2143624756690342, -0.49486922716765286, 0.5683100822899727, 0.6967390591834495, 0.5140890007989323, -0.5825083946578603, -0.015864965936551935, 0.17128881366730989, -0.007133848000283088], [-0.38810260589996054, -0.16057553656428558, -0.16289006162253117, -0.6312294375694858, 0.3831319137539843, -0.0738759967274048, 0.5512723433284106, 0.16222502349353646, 0.49568189204568347, 0.48818789502050625, 0.4539882472660592, 0.0013789240106480971]], "inverted": false, "swapped": false, "error_lsq": 0.04753163326290482, "error_max": 0.27943387497622324, "target": "143.xyz", "model": "14.xyz", "model_rescale": 3.942246331269136, "target_rescale": 3.6922026629054616},
{"mapping": [11, 0, 12, 8, 1, 6, 9, 2, 3, 5, 10, 14], "R": [[-0.64298288468752, -0.07181204379752495, -0.7625064198841462], [0.14611789790775923, 0.9658052517129636, -0.21417230370586415], [0.7518128556429007, -0.2491249608716108, -0.6105032219086034]], "T": [-0.06242255575895672, -0.014407292704068913, 0.09063406983245262], "aligned_model": [[-0.6281245103128819, 0.5986875086497717, 0.1455065961213166, 0.06163714296249151, 0.5142043978309639, -0.2141251593541154, -0.0377320093585532, 0.6228723468007132, -0.016816496818077176, 0.3326817815668931, -0.6162173895425217, 0.03023164943378645], [0.0691990433230167, 0.041285360503510296, -0.7780681967417066, 0.15033307590204822, -0.5349834451253604, 0.45099631816645025, 0.7174776129558053, 0.2874685661970146, -0.5539955308600898, -0.01148114209697727, 0.27883425474365725, -0.03678814592899665], [-0.3419191683319901, -0.22646101682838612, -0.1134829299630486, -0.6552283359720332, 0.3211622930600446, -0.17987505827518344, 0.42514441035729833, 0.23858602479740718, 0.5631936439944929, 0.5872864215414121, 0.4316929987116984, 0.06909331744344821]], "inverted": false, "swapped": false, "error_lsq": 0.05004552396750459, "error_max": 0.24946829478904173, "target": "143.xyz", "model": "15.xyz", "model_rescale": 4.355366556412066, "target_rescale": 3.6922026629054616},
{"mapping": [3, 2, 6, 4, 8, 5, 9, 0, 10, 1, 7, 11], "R": [[-0.43548117073532955, 0.8223456507817615, 0.3662018303822474], [0.3250636866324575, 0.5230065595348891, -0.7879071888975213], [-0.8394580094131585, -0.22407982801626786, -0.49507421777779703]], "T": [0.06473139497342924, 0.03251294251903984, 0.1438842022875493], "aligned_model": [[-0.48512047076479053, 0.8371117154258331, -0.07529904193743857, 0.18575933014088247, 0.48271497426579374, -0.1904091891378647, -0.055710816642258534, 0.4724814316299262, -0.13001993797248718, 0.47017264076440446, -0.7771308397011129, 0.05825606190889962], [-0.03198422570080568, -0.14984592219192155, -0.6724873261991404, -0.014216802791630193, -0.5669791706158763, 0.5830825714938586, 0.5304554200277986, 0.5503375669342385, -0.4244686406867793, 0.11302091433509302, 0.19406291680180565, -0.03069953036826932], [-0.20898978354157235, -0.122384997553839, -0.25544280762457194, -0.6160488874967066, 0.3739603843313849, -0.07414388743227696, 0.6800730384130078, -0.11976637052110015, 0.5317959828714616, 0.4956413999258278, 0.4000691031263395, 0.0344294260372055]], "inverted": true, "swapped": false, "error_lsq": 0.044124648393282985, "error_max": 0.26322883717569373, "target": "143.xyz", "model": "16.xyz", "model_rescale": 3.795458400668931, "target_rescale": 3.6922026629054616},
{"mapping": [4, 8, 7, 11, 3, 10, 5, 9, 0, 6, 2, 12], "R": [[-0.8992135491660602, -0.27810613715173454, 0.3377454211010388], [-0.2631675608268695, 0.960519270152002, 0.09025279272743497], [-0.34951084092573337, -0.007727104581018669, -0.9369004557209804]], "T": [0.013304861792597523, -0.07037008120986382, 0.1029165260502329], "aligned_model": [[-0.5144683667434218, 0.644557480694677, -0.00434189429981844, 0.21654351103846833, 0.48853348702115934, -0.2788014502638189, 0.11080246393102405, 0.483971341228101, -0.14274683903482796, 0.5099377459463024, -0.6217268534147826, -0.09945476812327542], [-0.14530596354819855, -0.11000677499876199, -0.6739757333232625, 0.07087044743101506, -0.6621861145700274, 0.5751436193574979, 0.5350216824352136, 0.6858412031597545, -0.4181433153852468, -0.012536769552645592, 0.1934966201590168, 0.042058869874016636], [-0.2594863177067053, -0.13715812056928173, -0.15519873557164304, -0.6678529166140237, 0.37912925763790606, -0.08915020164812733, 0.5789119400121615, 0.0353633058275465, 0.5564714088685868, 0.5583140858457484, 0.2722001020711961, 0.04764879238179631]], "inverted": false, "swapped": false, "error_lsq": 0.03735508349397864, "error_max": 0.219361883858643, "target": "143.xyz", "model": "17.xyz", "model_rescale": 3.7474275329858107, "target_rescale": 3.6922026629054616},
{"mapping": [1, 8, 0, 3, 4, 11, 12, 10, 6, 5, 7, 13], "R": [[0.5191588738661723, 0.8218293093016917, -0.23467136608183087], [0.8031511770973687, -0.5630043344148687, -0.1948699724359348], [-0.2922708511177931, -0.08730810845949805, -0.9523418733753681]], "T": [-0.013558245831525623, 0.007746752175564666, 0.12167343123581761], "aligned_model": [[-0.4625879157438829, 0.5985035214721574, 0.005868078323162551, 0.1376899876482066, 0.5282285196132187, -0.24570753267643, -0.002176159908030162, 0.4552219749664621, -0.08871905317651511, 0.5654295914056529, -0.6457492987856567, -0.05319585515855804], [-0.0703066723640511, -0.19183743853294258, -0.7558750278125627, 0.16622228608405396, -0.5454294775350161, 0.6197332694286619, 0.5271181337871872, 0.4987388361767531, -0.6119003629389264, 0.18733134223730002, 0.34690803357700395, -0.09042515106908985], [-0.3987095385717221, -0.1983281235151281, -0.21839536450773553, -0.5206649985120171, 0.4211546187797337, -0.18380303778247079, 0.6595960459271544, -0.0032715506570802494, 0.5748699859776538, 0.5163155425392958, 0.35128915325671545, 0.119139867600761]], "inverted": true, "swapped": false, "error_lsq": 0.044385452902803046, "error_max": 0.2371103365112384, "target": "143.xyz", "model": "18.xyz", "model_rescale": 3.922800546911778, "target_rescale": 3.6922026629054616},
{"mapping": [4, 5, 1, 8, 0, 13, 7, 12, 2, 3, 11, 14], "R": [[-0.7590015092594617, 0.6426921398588614, -0.1042282222121117], [0.019585363422376767, 0.1825475334563449, 0.9830019387410274], [0.650794224376241, 0.744058607498524, -0.15114121253279866]], "T": [-0.018289769443396456, -0.0636135858695558, 0.031982104660121], "aligned_model": [[-0.6633409429186082, 0.7055810295899198, 0.12219876278603146, 0.07767251534806974, 0.6228146498118541, -0.21616954072657513, -0.012995773007853748, 0.5224804146744336, -0.1584854851642724, 0.3790123667882848, -0.5672599481172835, -0.018702191084212838], [0.06762751627447154, -0.128180269137462, -0.7604596050262878, 0.025279455052820393, -0.46952809287145986, 0.566248266913779, 0.5101668176621996, 0.5056419623162932, -0.5668257455305552, 0.021163368098351204, 0.3155546793738607, -0.006410582087639012], [-0.2689363158435737, -0.2012043655828275, -0.17454058618348178, -0.565746865019945, 0.3822122751104514, -0.15757366377082657, 0.5878229462535864, 0.07813157264524852, 0.5221368215104341, 0.5260601594316027, 0.2811944284482184, 0.10963619353627309]], "inverted": false, "swapped": false, "error_lsq": 0.04320123950903884, "error_max": 0.23441221836354867, "target": "143.xyz", "model": "19.xyz", "model_rescale": 3.9282355846067225, "target_rescale": 3.6922026629054616},
{"mapping": [5, 10, 2, 1, 12, 3, 8, 11, 7, 9, 6, 13], "R": [[0.14397486790255748, 0.29004439730637965, -0.9461212845104059], [0.9585470022537337, -0.278435661788597, 0.06050807148411377], [-0.2458838788591513, -0.9156133626348651, -0.31810892518389566]], "T": [0.020885534334324857, 0.09487538290288537, 0.15435121762502543], "aligned_model": [[-0.5488104660492611, 0.7072076252548282, 0.005136913104936261, -0.018000788448469973, 0.5194878708661557, -0.3600930162202317, 0.022296570564088958, 0.6278709387955711, -0.13992129521019134, 0.5056628112980951, -0.6032280029570494, 0.07519669698131519], [-0.10904460740403936, -0.2869899162774701, -0.5510081206107476, 0.0460301312582253, -0.45306097126762296, 0.5195891949355408, 0.5458483640075116, 0.46968616189649864, -0.46002358343829713, 0.11045866830464074, 0.1654198859911805, 0.08337256364295115], [-0.1942936689698608, -0.19973243038469438, -0.35682653147816634, -0.5923768397016125, 0.5714313143101775, -0.3363916794479699, 0.7669219959180733, 0.08765211682769353, 0.3874307686477413, 0.647476940127375, 0.33421177392000134, 0.0036888407664021905]], "inverted": true, "swapped": false, "error_lsq": 0.04749805063123303, "error_max": 0.25051450447976337, "target": "143.xyz", "model": "20.xyz", "model_rescale": 4.067790424073018, "target_rescale": 3.6922026629054616},
{"mapping": [11, 2, 6, 3, 4, 12, 7, 0, 5, 8, 10, 14], "R": [[0.32538198906287735, 0.18972787780086955, 0.9263530070003896], [-0.9098886330009204, -0.2038036266745063, 0.36134022373662567], [0.2573504162211551, -0.9604516719437248, 0.10631720994881994]], "T": [-0.004425085370580145, -0.008830593559190872, 0.16947763748838415], "aligned_model": [[-0.46503148306205866, 0.6219510675609565, 0.07645408845881727, 0.12333154738378801, 0.560919282434355, -0.3124612934711257, 0.19547226388176328, 0.5395053677407966, -0.017979956574167566, 0.32816246851777586, -0.7826530718596653, -0.07486442303144791], [-0.07519725656103748, -0.15234999109212555, -0.6298840575280686, 0.10413757516396191, -0.5468971013432155, 0.554742382971983, 0.5506379402703824, 0.43209620986560254, -0.40276433630041303, 0.012417142920475854, 0.20872779342122366, 0.024611469249602586], [-0.2793758647000546, -0.20572501323439987, -0.22461379457821543, -0.663985890383965, 0.35207740125773057, -0.2482699675562379, 0.6208089643705985, 0.05039260181804987, 0.6089074870143721, 0.6321891560591929, 0.3048156249615728, 0.17197189550651643]], "inverted": true, "swapped": false, "error_lsq": 0.03548953869689448, "error_max": 0.2082943076289475, "target": "143.xyz", "model": "21.xyz", "model_rescale": 4.186013935880536, "target_rescale": 3.6922026629054616},
{"mapping": [2, 6, 5, 0, 3, 1, 10, 7, 11, 4, 9, 12], "R": [[0.22633221164993905, 0.9313898390832344, -0.2851082208954241], [0.9693675734834072, -0.18671275089009476, 0.15957711657360055], [0.09539516470208687, -0.31249210599239163, -0.9451182181314153]], "T": [-0.03183031888449778, 0.0006848738973221635, 0.11194397011883306], "aligned_model": [[-0.5333886066733773, 0.5044949957333738, -0.04019102699358272, 0.15532142190036793, 0.5703253121189249, -0.17004255355330594, 0.07016603358657794, 0.3527298136758894, -0.13558580978004936, 0.4963041942769962, -0.47660610878185206, -0.0007218075301754015], [-0.27336066691318095, -0.04270649852792843, -0.6748730185081209, 0.03557605585286905, -0.6958442961246918, 0.5370653029915741, 0.5623006100887211, 0.625534560905662, -0.3729253101443999, 0.05364680298327673, 0.35292776483555066, -0.027063536400959768], [-0.36032452171304596, -0.03062248707320353, -0.2650048442890205, -0.5848668165006843, 0.1797257235330229, -0.36588094489174516, 0.7206178906893257, 0.1116078576815238, 0.6105582571195094, 0.6078120159169382, 0.3640356255598567, 0.13153484450268296]], "inverted": true, "swapped": false, "error_lsq": 0.048986482488546396, "error_max": 0.2413551099201352, "target": "143.xyz", "model": "22.xyz", "model_rescale": 4.166573947596378, "target_rescale": 3.6922026629054616},
{"mapping": [9, 4, 8, 3, 0, 11, 6, 2, 7, 1, 14, 15], "R": [[0.3809384342821278, 0.17020019076098913, 0.9088002004575066], [-0.8345105449221126, -0.35990869335449244, 0.41720244829298536], [0.39809302895237975, -0.9173317979405192, 0.00493079980681374]], "T": [-0.07164218310924222, 0.03546179211059762, 0.14641039369384687], "aligned_model": [[-0.46526313743218106, 0.5466490360151024, 0.042522648969200355, 0.1409894354878015, 0.5094393792811279, -0.26586585263980456, 0.20149836644808852, 0.45696099072910634, -0.0602893816030102, 0.5384699464927352, -0.8283521888631149, -0.023953384905264052], [-0.06772282283393964, -0.2167437043453917, -0.6369845367105766, 0.1418091567941192, -0.48408192456104604, 0.6037215768554386, 0.5867170846794169, 0.4386148717840271, -0.5563995903979018, 0.09587046412601195, 0.138690946318621, 0.03678624932959272], [-0.2950243646099603, -0.16012160997903815, -0.288171550469291, -0.4057713561075531, 0.3896680907046425, -0.36491270441754686, 0.5943160473411847, 0.04222057582786842, 0.547609677645481, 0.5100215081073306, 0.35307793380045427, 0.196280352691588]], "inverted": true, "swapped": false, "error_lsq": 0.04548732368304576, "error_max": 0.2438798675123816, "target": "143.xyz", "model": "23.xyz", "model_rescale": 4.274766983524099, "target_rescale": 3.6922026629054616},
{"mapping": [2, 8, 4, 1, 9, 7, 3, 5, 0, 10, 11], "R": [[-0.9026300031445695, -0.30975173260740335, -0.2988527088214969], [-0.26427047429424505, -0.1492135595716711, 0.9528359932623485], [-0.33973547627460027, 0.9390363026990294, 0.052826398455767254]], "T": [0.001974073216953101, 0.049858848774440204, 0.1072548059117025], "aligned_model": [[0.3255037904635292, 0.03983069661572901, -0.42878011262065197, -0.49887056232165994, -0.5268321557435384, -0.6934472940077081, 0.033416061806555666, 0.14657509663412466, 0.6055575214860867, 0.39028880661412946, -0.013347144968521461], [-0.07736758617481353, 0.5696829547063988, 0.3720027512355642, -0.2536532743649526, 0.4695412938803326, -0.05410232841422592, -0.5873325280982942, -0.19668918942574992, -0.08058785117311411, 0.6103011861876049, 0.14379110288473332], [-0.5385946731552296, -0.26474621529185144, -0.6509009465514257, -0.2199521143432131, 0.03127971350306494, 0.3930680914715015, 0.04482972878491004, 0.7357012879736797, 0.15737797316129515, 0.533579418279271, 0.15792417018957472]], "inverted": false, "swapped": true, "error_lsq": 0.05151538064865963, "error_max": 0.2537508723666147, "target": "143.xyz", "model": "24.xyz", "model_rescale": 3.7841303162186577, "target_rescale": 3.6922026629054616},
{"mapping": [6, 12, 4, 3, 2, 11, 10, 14, 8, 9, 7, 15], "R": [[-0.812037470036181, 0.15612839623736463, 0.5623335941819473], [0.33658884216691226, 0.9124421753349266, 0.2327170556680459], [-0.47676314726075025, 0.378250182496209, -0.7934883117321947]], "T": [-0.001845082234239917, -0.016683786685404746, 0.1752318222455027], "aligned_model": [[-0.49814561643453276, 0.7025694962813093, -0.09855785176019195, 0.04217558232766143, 0.48593115742411275, -0.2878373717581379, -0.043736225875997084, 0.590617175146035, -0.0002538614725273308, 0.5012782803490667, -0.5621551372016806, -0.039079769045330545], [-0.12906382047426845, 0.012369421862742667, -0.6495295087139075, -0.09841006789886225, -0.58637201046017, 0.5602297826347755, 0.6064096495694351, 0.5011145230978403, -0.4392314634510944, 0.035221308877179475, 0.2918650206627484, -0.02432506466804723], [-0.33768431125114073, -0.10428189669500776, -0.20798779517928173, -0.6250086939017981, 0.25474720216870983, -0.24286710507889764, 0.6391874311756245, 0.27608987237559923, 0.5886428919028943, 0.4690233326804183, 0.2920900093214409, 0.11724166301659945]], "inverted": false, "swapped": false, "error_lsq": 0.037635239541236376, "error_max": 0.1942611801912527, "target": "143.xyz", "model": "25.xyz", "model_rescale": 4.19342608120988, "target_rescale": 3.6922026629054616},
{"mapping": [3, 2, 6, 4, 8, 5, 9, 0, 10, 1, 7, 11], "R": [[-0.43548117073532955, 0.8223456507817615, 0.3662018303822474], [0.3250636866324575, 0.5230065595348891, -0.7879071888975213], [-0.8394580094131585, -0.22407982801626786, -0.49507421777779703]], "T": [0.06473139497342924, 0.03251294251903984, 0.1438842022875493], "aligned_model": [[-0.48512047076479053, 0.8371117154258331, -0.07529904193743857, 0.18575933014088247, 0.48271497426579374, -0.1904091891378647, -0.055710816642258534, 0.4724814316299262, -0.13001993797248718, 0.47017264076440446, -0.7771308397011129, 0.05825606190889962], [-0.03198422570080568, -0.14984592219192155, -0.6724873261991404, -0.014216802791630193, -0.5669791706158763, 0.5830825714938586, 0.5304554200277986, 0.5503375669342385, -0.4244686406867793, 0.11302091433509302, 0.19406291680180565, -0.03069953036826932], [-0.20898978354157235, -0.122384997553839, -0.25544280762457194, -0.6160488874967066, 0.3739603843313849, -0.07414388743227696, 0.6800730384130078, -0.11976637052110015, 0.5317959828714616, 0.4956413999258278, 0.4000691031263395, 0.0344294260372055]], "inverted": true, "swapped": false, "error_lsq": 0.044124648393282985, "error_max": 0.26322883717569373, "target": "143.xyz", "model": "26.xyz", "model_rescale": 3.795458400668931, "target_rescale": 3.6922026629054616},
{"mapping": [10, 0, 3, 7, 2, 5, 8, 6, 9, 1, 11, 12], "R": [[-0.3557859089083718, 0.9339760978741638, 0.0332420760782845], [0.4532347518709876, 0.20354203106363467, -0.8678415185314281], [-0.8173093947329177, -0.29369931935610794, -0.49572781149646106]], "T": [-0.024015437350293392, -0.04158783881986447, 0.21866343973319802], "aligned_model": [[-0.5355783829948199, 0.6550239249246759, 0.047375470441472126, 0.03012750286484961, 0.5524090107367711, -0.07980669045671764, -0.07963623609161438, 0.4633296410160742, -0.031154616273873052, 0.4363041887951698, -0.6762911675735681, 0.010703212591367299], [0.04952931883041187, -0.32223169016856945, -0.6018307077923238, 0.024731947893876977, -0.6684821726389358, 0.579399475515858, 0.6216661389721649, 0.6127798705365085, -0.40307772415621757, 0.1159804090858037, 0.07136340000280186, 0.0004495049569925372], [-0.26886855381641706, -0.1704609173485493, -0.2568445253925531, -0.5893454256541314, 0.4413139815521394, -0.2033822442764313, 0.5148934142405054, 0.09422616549577895, 0.45028464998652457, 0.5557558003533521, 0.4895009946318001, 0.062119260763141615]], "inverted": true, "swapped": false, "error_lsq": 0.04094498894872416, "error_max": 0.21614074145714873, "target": "143.xyz", "model": "27.xyz", "model_rescale": 3.6321398670334006, "target_rescale": 3.6922026629054616},
{"mapping": [1, 8, 0, 3, 10, 4, 6, 12, 11, 9, 13, 14], "R": [[0.25386383793391115, 0.9317162772260005, 0.2597266458059087], [0.9243384633753892, -0.3127791701650336, 0.21855799192822412], [0.2848711233422749, 0.18459135803984983, -0.9406245125567987]], "T": [0.08946197389880645, -0.03754253189778224, 0.014320155725443331], "aligned_model": [[-0.507293940322131, 0.5871755349217505, 0.10721604690658194, 0.0926404430052849, 0.5297533084727373, -0.289505051572938, -0.059904103625267074, 0.658757675693862, -0.15319933783808812, 0.25168392446052024, -0.4525645416406902, 0.028045899518164844], [0.07519803788746149, -0.04652389598465191, -0.6283891009482742, -0.13695259689915423, -0.5956363465736639, 0.6447396385057975, 0.6169618777345791, 0.54317678843341, -0.4670449153222953, -0.0004772115872153093, 0.10277266343449505, -0.027547167642116583], [-0.26574972647029815, -0.1243527041555099, -0.18567189149829855, -0.6651411134230015, 0.32951290265378885, -0.26378465529642675, 0.4057549393071189, 0.16324028791616818, 0.42562178085900093, 0.6615313747308444, 0.608455017793835, 0.02977638811793859]], "inverted": false, "swapped": false, "error_lsq": 0.04766738538396958, "error_max": 0.2709679709110709, "target": "143.xyz", "model": "28.xyz", "model_rescale": 4.156811204709835, "target_rescale": 3.6922026629054616},
{"mapping": [4, 8, 9, 6, 0, 2, 1, 3, 5, 11], "R": [[-0.424688840481078, 0.7231596702565458, 0.5446829170125328], [0.6437446954752585, 0.6642419948620153, -0.37996755033712737], [-0.6365784757736507, 0.18926876016969807, -0.7476263643060758]], "T": [-0.08412608834467131, -0.00269646465334435, 0.08491155565497947], "aligned_model": [[-0.5601045874683163, -0.12921431014992182, 0.07258268412619656, 0.7343998121441658, -0.11175835461758674, -0.702167143256077, -0.520058326748981, -0.4708841595997788, 0.3218695583735557, 0.008260201307331794], [-0.20792022948803593, -0.4995501225877103, 0.05914026899037088, 0.24346149169164236, -0.3074196293672596, -0.3888338836903505, 0.4001383402199901, 0.3543513480128456, 0.29752564160220024, -0.03217289475748911], [-0.686744897840687, -0.3165090213852172, -0.5732374975137743, -0.27292501519354107, 0.62363402891385, 0.1679942937298054, -0.2276848774749673, 0.4507440220259186, 0.5557348703825575, 0.0377808213311546]], "inverted": false, "swapped": true, "error_lsq": 0.05337585238829884, "error_max": 0.2843291303939898, "target": "143.xyz", "model": "29.xyz", "model_rescale": 4.117894457231895, "target_rescale": 3.6922026629054616},
