[{"mapping": [11, 1, 8, 12, 0, 9, 10, 4, 6, 5, 3, 2, 13], "R": [[0.4128740256822004, 0.02595281300472102, -0.910418305184005], [-0.04378249210251591, 0.9990038746743266, 0.008622747298631078], [0.9097351990014827, 0.03630027386707848, 0.41359903023932276]], "T": [-0.0857784872601053, 0.08808857599374106, -0.03245749274041651], "aligned_model": [[-0.2730802934612106, -0.4924748318163343, 0.16033238675940664, -0.22075861778104572, 0.13495649340271465, 0.4349854878033268, -0.014425474705915889, 0.7220499858694813, 0.10064141261719133, -0.685966876321486, -0.09504748926569238, 0.46735533450362987, 0.011613530862132973], [-0.5508882223094299, 0.4868584694682867, -0.6246891614930878, 0.22763780860404956, 0.7897655779118721, 0.1616327160517305, -0.43219668259827226, -0.22455800733446465, -0.13449292100838053, -0.22251169127513956, 0.3420649702300371, 0.5104030094084565, -0.026443346964533113], [-0.24147549547538016, -0.1253271261297677, 0.17237528358019455, -0.5778254272727191, -0.26556237872866584, -0.5424960339345998, -0.8924812842327853, 0.3713611528734292, 0.6748270202454728, 0.3076934032601707, 0.4242813632487389, 0.29457727599275085, -0.09520377298838649]], "inverted": true, "swapped": false, "error_lsq": 0.054958668437860375, "error_max": 0.32800289585839076, "target": "144.xyz", "model": "0.xyz", "model_rescale": 3.8414455957264533, "target_rescale": 3.9061785694451023},
{"mapping": [4, 5, 0, 2, 6, 9, 7, 13, 11, 1, 10, 8, 14], "R": [[0.2989297010076497, 0.646783782472093, 0.7016493230856637], [0.951821818926659, -0.1493969187873338, -0.26779803149388204], [-0.06838317680997702, 0.7478979204329584, -0.6602820925494135]], "T": [0.006436481694974971, 0.030234743565047236, -0.03677965028928898], "aligned_model": [[-0.3704536610908822, -0.48842031313537476, 0.02643498133025469, -0.27155782740670015, 0.001009893256483891, 0.5678406389481607, 0.20238000756522012, 0.6667872153970525, 0.12045308934355285, -0.5448205347052625, -0.197593162001746, 0.5903513250552286, -0.052230604089789176], [-0.26054497618656614, 0.44922607363283384, -0.6944130431235176, 0.20314951968386177, 0.7247645018008247, 0.07860645181210021, -0.34527119905060966, -0.25198748220474915, -0.32285639200799743, -0.3657581182919413, 0.5781719013127122, 0.48397978241434414, 0.02551549889982849], [-0.29987318821871134, -0.15461768710573492, -0.03504334188657779, -0.6981603061337833, -0.39402766056578414, -0.4214811320300588, -0.5200564072981333, 0.20639626221028415, 0.7304180199952488, 0.4996933186444332, 0.3189141450780043, 0.2415390392085458, 0.031042918540720665]], "inverted": false, "swapped": false, "error_lsq": 0.04261385959774299, "error_max": 0.2593266121735331, "target": "144.xyz", "model": "1.xyz", "model_rescale": 4.316132596720782, "target_rescale": 3.9061785694451023},
{"mapping": [6, 7, 2, 1, 0, 3, 9, 4, 8, 5, 10, 12], "R": [[-0.7303877495158302, -0.010845289156582505, -0.6829466414444917], [0.4115732172942712, -0.8049555366197816, -0.4273804755381348], [-0.5451066154095395, -0.5932360101749301, 0.592393293402691]], "T": [0.026977132238667094, 0.023869252605242978, -0.04996585951443433], "aligned_model": [[-0.2758673488784787, 0.6520136028001374, 0.04567852586818992, -0.434516270920272, -0.4160739961167497, -0.4941813758489521, -0.15256274663616465, -0.22704014889094937, 0.5179867053747768, 0.139313880341077, 0.22642532009808175, 0.016632407441084494], [-0.7506928774553558, -0.29919594475997396, -0.6610712049309763, 0.5170518325903148, -0.27533613897482356, 0.042999241761797646, 0.35917554882436853, 0.5664882896881774, 0.09561020741315243, -0.17708157066010974, 0.6031311753659857, -0.008302131121576722], [0.17772931853446375, -0.016658075757476992, -0.4745073585745284, -0.12441296967858177, -0.24915987462801087, 0.31489051556326997, -0.7323799598931733, 0.5719919834759711, -0.5677813552312287, 0.6125507583116003, 0.03907244479106303, -0.10207696570394734]], "inverted": true, "swapped": true, "error_lsq": 0.04989798851185398, "error_max": 0.2606734092805855, "target": "144.xyz", "model": "2.xyz", "model_rescale": 3.795458400668931, "target_rescale": 3.9061785694451023},
{"mapping": [2, 0, 9, 4, 7, 11, 1, 6, 3, 5, 8, 12], "R": [[-0.6745510133663746, -0.07604855908661867, 0.7343007197512789], [-0.7018854270638964, -0.2421800824634523, -0.6698549506671777], [0.22877451265761406, -0.9672463100569805, 0.1099854446707686]], "T": [-0.01628199164184791, 0.040466792786508006, 0.07306309466529701], "aligned_model": [[-0.01318158917257321, -0.02297580150620205, -0.7711999198561609, 0.22533135948796235, 0.17827036055783257, 0.34684672222818685, -0.337220332083703, 0.5898789203324392, 0.2870627709306763, 0.6510626019860069, -0.4972498776218827, -0.04332138953901712], [-0.1280485545704147, -0.4738500237619053, -0.1580262874194257, -0.021740465039030925, 0.5906414549426796, 0.7100446644261877, -0.3232249376007703, -0.3736359536120314, -0.41557821642049925, 0.19685544845992614, 0.46486214877366333, 0.017469767111330043], [-0.7151764768657874, -0.17377658907632185, 0.04060845620989251, 0.8998308991934011, -0.32140913897641377, 0.3956100938731273, 0.5489564624002117, -0.3792578438214508, 0.3972501179547633, 0.2218005444660434, -0.24776166682439335, 0.02209657210602811]], "inverted": true, "swapped": true, "error_lsq": 0.04775815101408553, "error_max": 0.2622291553018812, "target": "144.xyz", "model": "3.xyz", "model_rescale": 3.7530521520055578, "target_rescale": 3.9061785694451023},
{"mapping": [6, 2, 0, 9, 3, 8, 5, 7, 11, 10, 12], "R": [[-0.9106535414895225, 0.41281594506309394, -0.017120831587717322], [-0.007071331121599994, 0.025859333763311065, 0.9996405809757257], [0.4131103044572467, 0.9104473023514225, -0.02062973563230147]], "T": [0.04603585320754442, -0.034508904385070316, 0.04458761098033655], "aligned_model": [[-0.347329938745425, -0.34337802200675105, 0.18261904016335173, 0.5661000275691731, 0.32175826331052004, -0.10890741884473909, -0.3300225161574201, -0.6083192220350359, -0.3331806319544861, 0.2958041608843619, 0.04305586026165565], [-0.7212942832528448, -0.08417980157613761, -0.35407310123668023, 0.39127726711995436, -0.5910022053509407, 0.6313499449151438, -0.43370414934116724, 0.2241225131792915, 0.12027885107922653, 0.3101962095699457, -0.025767886791445045], [-0.2976046803830213, -0.6594140173420864, -0.4078725325419822, -0.35365010130587077, 0.18381648736451622, -0.17219483380431716, 0.4817972934850827, 0.07745621442332168, 0.763245501679441, 0.4940828293397685, -0.016831383669536112]], "inverted": false, "swapped": true, "error_lsq": 0.046943880423714286, "error_max": 0.23155755831011665, "target": "144.xyz", "model": "4.xyz", "model_rescale": 3.7855080009869324, "target_rescale": 3.9061785694451023},
{"mapping": [14, 13, 9, 12, 11, 1, 2, 5, 10, 15, 6, 4, 16], "R": [[-0.7087251285713345, -0.14978592922658368, -0.6894003681006231], [-0.7035155169439614, 0.0770918229958083, 0.7064862123539666], [-0.0526745626523501, 0.9857083880301072, -0.16001363759527443]], "T": [0.051611706899028865, 0.019225925615056344, 0.03923673485550061], "aligned_model": [[-0.35971682044979886, -0.5569566769386918, -0.0727716305271909, -0.2114543805522255, -0.10509238238290444, 0.47404412941602175, 0.2321909141342103, 0.7310448092191083, 0.036547499302048404, -0.6413856989243351, 0.05689364960290031, 0.6380039316597748, 0.02883370490728112], [-0.33062164073170375, 0.4087990306560634, -0.6817496125428478, 0.22880660535979527, 0.7122011526098712, 0.30378576427576964, -0.4598393973173912, -0.23115397905332954, -0.3815787579631048, -0.3422408488881402, 0.6339325681011302, 0.4623256632972571, -0.02008402911224532], [-0.36833279472584984, -0.013155601389906055, 0.03051323074336937, -0.5523183642865618, -0.31806620590226115, -0.5208351226924248, -0.4933731165898467, 0.40087717428293235, 0.6475893869788967, 0.3007983397179098, 0.2587473560831164, 0.12174470460058474, 0.010554993618494317]], "inverted": false, "swapped": false, "error_lsq": 0.0392101723525056, "error_max": 0.23997562636788777, "target": "144.xyz", "model": "5.xyz", "model_rescale": 4.2253639853439635, "target_rescale": 3.9061785694451023},
{"mapping": [5, 2, 8, 6, 3, 7, 11, 9, 1, 10, 4, 0, 13], "R": [[0.9204444582968351, 0.32766717880344787, -0.2131108141921364], [0.2845802908241316, -0.9355280335836286, -0.20928773603248235], [-0.2679478629604996, 0.1319905993400236, -0.9543492151307943]], "T": [0.06584400913383331, -0.025433883640194235, -0.03963592489558357], "aligned_model": [[-0.4360851725305494, -0.5492561630692074, 0.028761068797787517, -0.08033754416413263, 0.013112396219094005, 0.5052734779829967, 0.10434371476889343, 0.5512002568665961, 0.09700815264279697, -0.5675843502125446, -0.17738407641468584, 0.7054294898931979, 0.055699797685955996], [-0.3192445708068486, 0.231804533287505, -0.7340639516201266, 0.20932960092083486, 0.6521719518402623, 0.4649510987277102, -0.4520875074875032, -0.3140214751614903, -0.049413062788391124, -0.2819268021152194, 0.48078017621388486, 0.38211354908291134, 0.03218897859759471], [-0.28960320905706405, -0.11481429312443864, 0.16611430691347367, -0.6203553303878286, -0.24231592247942116, -0.4821464072594299, -0.6892806329762092, 0.19218931594780184, 0.6932757867621019, 0.33651879159360154, 0.391059717307793, 0.22093681391110317, -0.05683495671302971]], "inverted": false, "swapped": false, "error_lsq": 0.04630528679283384, "error_max": 0.24687180040651513, "target": "144.xyz", "model": "6.xyz", "model_rescale": 3.89814844738969, "target_rescale": 3.9061785694451023},
{"mapping": [5, 0, 10, 6, 3, 8, 9, 11, 4, 2, 7, 8, 12], "R": [[-0.2606511891043829, -0.0877713086984081, 0.9614349457908424], [-0.14840168115132918, -0.9803806139633912, -0.12973354537752976], [0.9539590655001557, -0.1764937651423786, 0.24251196303674682]], "T": [-0.06449300393125589, 0.055245044412332404, 0.04442913534471081], "aligned_model": [[-0.3496579004291153, -0.547185502620139, -0.03368926041458657, -0.13900468443173652, -0.05270032830836095, 0.4952512985230023, 0.3185331915911648, 0.6876806333740434, -0.08459920084811921, -0.5532391387778826, 0.09112975931387397, 0.4952512985230023, -0.07758911702894836], [-0.37681000772311185, 0.3987793749969897, -0.6755526615273989, 0.26470825280830024, 0.8185162312402045, 0.27672346647245577, -0.47789521809355234, -0.13976866233855173, -0.13303104654800307, -0.38543494986238747, 0.5540295174915072, 0.27672346647245577, -0.09840524469778358], [-0.5340049730500411, 0.042847083656936416, 0.10679503492702748, -0.5942797379498755, -0.21950260740317462, -0.2643108794678943, -0.5613746885730576, 0.27146402857746055, 0.6605814239897418, 0.30610871582336074, 0.4422611156090382, -0.2643108794678943, 0.11247034376682571]], "inverted": false, "swapped": false, "error_lsq": 0.05873203386715839, "error_max": 0.49051145048760064, "target": "144.xyz", "model": "7.xyz", "model_rescale": 3.7474275329858107, "target_rescale": 3.9061785694451023},
{"mapping": [8, 3, 4, 5, 6, 7, 9, 12, 1, 2, 0, 10, 14], "R": [[0.20762333797667368, -0.8138823044685367, -0.5426676183451598], [0.954997859339494, 0.0485149270254964, 0.292618165042252], [-0.2118292665908273, -0.5790007740311707, 0.7873286896124752]], "T": [0.13666639541695136, -0.06118924596496125, 0.020987524698548365], "aligned_model": [[-0.3509257707653866, -0.48092210795980406, -0.1815064145080359, -0.16608077806842225, -0.005080066088821084, 0.3975453789059778, 0.27678007046535785, 0.6332049908161549, -0.09822888597511137, -0.5560565790796617, -0.00997285955163707, 0.6733326483316435, 0.11809142194394423], [-0.38079537067664493, 0.28946980994706994, -0.7760217687558594, 0.190587565370779, 0.7054479498349384, 0.27941341550009646, -0.26887764157998084, -0.2101514194145116, -0.009268373399727525, -0.3746631797543166, 0.48969540309273485, 0.4747446785512026, -0.10699855002465605], [-0.33301264533095787, -0.07779103566934925, 0.018462998928526382, -0.5773218018559619, -0.22214505038015908, -0.5079828099145267, -0.6984387248084368, 0.35550555554222, 0.7329778686089562, 0.3821778751912459, 0.3514966319282853, 0.02623359212744994, 0.054581526071161096]], "inverted": true, "swapped": false, "error_lsq": 0.047628227467050616, "error_max": 0.28253156064903306, "target": "144.xyz", "model": "8.xyz", "model_rescale": 4.019505241142653, "target_rescale": 3.9061785694451023},
{"mapping": [5, 11, 4, 6, 10, 2, 3, 0, 7, 8, 9, 1, 12], "R": [[0.6667833154664162, 0.2422195970910947, 0.7047905199423737], [0.5448094458761035, -0.8037167340786933, -0.23921136897324133], [0.508510253485401, 0.5434786823297736, -0.6678684331163633]], "T": [0.02777099909498552, 0.09132827891109026, -0.07382565778486035], "aligned_model": [[-0.3313788351636589, -0.5878220710439908, 0.046395178277672436, -0.15906774762872844, 0.050485813059158155, 0.43735024580407306, 0.2710415025275275, 0.5097489839575462, 0.17648975182400503, -0.39759450858556616, -0.2534259155297081, 0.49235564631506273, -0.004396995347194125], [-0.3138391309037994, 0.18236948670937664, -0.708412877117771, 0.42059340245604265, 0.9942725454972389, -0.0064423516303897255, -0.6129006367289589, -0.2672611659494475, -0.32785880333791423, -0.09942460305594715, 0.44284972407316375, 0.5261789307262775, 0.07245799795325283], [-0.470531450177458, -0.07133678806385559, 0.1444903850212343, -0.6940978553776078, -0.2233430376561107, -0.48934690475713727, -0.5020100856636482, 0.17468371872541621, 0.7146849082432603, 0.4148608002667597, 0.4406653822023903, 0.15282675970469495, -0.08680185202948536]], "inverted": true, "swapped": false, "error_lsq": 0.05679057370315563, "error_max": 0.26948713741454683, "target": "144.xyz", "model": "9.xyz", "model_rescale": 3.877068213659057, "target_rescale": 3.9061785694451023},
{"mapping": [5, 4, 0, 3, 13, 6, 12, 11, 8, 7, 2, 14, 15], "R": [[-0.3702785425558014, -0.8828651274627283, -0.2888649643570027], [0.289503844333714, 0.1858024696264483, -0.9389701626764899], [0.8826558361211647, -0.43130802101390786, 0.18679418077208443]], "T": [0.0636372834797518, 0.06637752741507111, -0.023932140762350083], "aligned_model": [[-0.3640882250614253, -0.5784862149905814, 0.08169211042303108, -0.22640209833508657, 0.09344231648921895, 0.3916649488698443, 0.33103856931768544, 0.5667604216107733, 0.03902422562019235, -0.5725469181237702, -0.12571062157375867, 0.5451312968539094, 0.06866123736616535], [-0.4365892712857562, 0.27294116039116884, -0.7291377378344565, 0.14423856742660227, 0.8114153279241317, 0.21856620812417013, -0.4349982709576352, -0.4415979162437329, -0.283649344495549, 0.021738679115818976, 0.5389412009286528, 0.6442167300381286, -0.023502814440419365], [-0.4423466851921091, -0.07960581487235566, 0.00047117075089238986, -0.5830172489283736, -0.22806158935710133, -0.5234729612441175, -0.5090239638761614, 0.15905237437633155, 0.6632347400834648, 0.48554170966514154, 0.4017277038045302, 0.18532109728997073, -0.02507655206165952]], "inverted": true, "swapped": false, "error_lsq": 0.04218093598925735, "error_max": 0.23889765590634365, "target": "144.xyz", "model": "10.xyz", "model_rescale": 4.260839863003843, "target_rescale": 3.9061785694451023},
{"mapping": [9, 2, 7, 8, 11, 10, 1, 0, 6, 5, 3, 12], "R": [[-0.7067147885176328, -0.4573981371715486, -0.5397602725307551], [-0.41939056747713993, 0.8852596470161823, -0.20106444060546114], [0.569794488918312, 0.08427515337738445, -0.817454548535598]], "T": [-0.01198503247068783, 0.05941986693075612, -0.06461749754718721], "aligned_model": [[0.2743448897087194, 0.3253371916862056, -0.4798338276123893, -0.2965484976039544, -0.7736004125217751, -0.39785214154706017, 0.27180927401678856, 0.5414765508246205, 0.41934826371203515, -0.27319990092402824, 0.3229364748374993, 0.024680784517469287], [0.12169222598518414, -0.6726188103379694, -0.4562392690326658, -0.3115914488961885, 0.20528691424114537, 0.47285155568190484, 0.6229660618222147, -0.07022612032417441, -0.3335778168065441, 0.12543199179696543, 0.4525678775226341, 0.016535343880427746], [-0.7888351538832032, -0.07247555012431979, 0.041985880078862364, -0.6084412658326421, 0.22330327819327928, -0.31647576583292686, -0.3168556159995616, -0.015949046271215017, 0.5702137992200005, 0.5829458114122128, 0.307342913225446, -0.09058120679042754]], "inverted": false, "swapped": true, "error_lsq": 0.04447759586430647, "error_max": 0.2348215109179771, "target": "144.xyz", "model": "11.xyz", "model_rescale": 3.890672605050136, "target_rescale": 3.9061785694451023},
{"mapping": [12, 4, 9, 7, 3, 8, 5, 6, 11, 10, 0, 8, 13], "R": [[0.5645119916566765, 0.6008825882967544, 0.5659207774570614], [-0.8248859811408972, 0.43544850351908154, 0.36048261941487747], [-0.029821626264027123, -0.6703168772041957, 0.7414755253831263]], "T": [0.06407811867084816, -0.007385360510107512, 0.15420649335195766], "aligned_model": [[-0.43433934662141693, -0.5072403854236284, 0.2203979876455065, -0.17674609492625437, -0.028423057410722943, 0.5647585572537152, 0.20102417972001757, 0.5803219327640958, -0.09841993828433017, -0.7497888006794227, 0.16423824503388268, 0.5647585572537152, -0.05036078785895831], [-0.3164547005114121, 0.3979660541407965, -0.7611247856959904, 0.13752957731737517, 0.8094162298498431, 0.31709557952013945, -0.38214813502188083, -0.12431878307446334, -0.3228126404212343, -0.36314308330426415, 0.5612535523910059, 0.31709557952013945, 0.03222807398106984], [-0.30534581064385957, 0.1727116641131698, 0.039048369428364677, -0.6507578097175601, -0.26691326444980634, -0.24980125882080403, -0.513454214671522, 0.3819722568885331, 0.5747563435111406, 0.25715106437042856, 0.2779492732172747, -0.24980125882080403, 0.037228626033898524]], "inverted": true, "swapped": false, "error_lsq": 0.059946673117261276, "error_max": 0.4437409125034492, "target": "144.xyz", "model": "12.xyz", "model_rescale": 4.124412569039231, "target_rescale": 3.9061785694451023},
{"mapping": [9, 8, 7, 6, 1, 0, 3, 5, 10, 11, 2, 4, 12], "R": [[-0.057044948920716765, 0.7966828271393139, -0.6016995485655137], [-0.13046955648914726, -0.6034613029656155, -0.7866461406837046], [-0.9898098648892919, 0.03362928432708179, 0.13836727432268892]], "T": [0.09805886834746753, -0.05007438830143754, -0.13922998527761418], "aligned_model": [[-0.3773637831312814, -0.5593840183377105, 0.1584183015693873, -0.30486937387832724, -0.005058419396540323, 0.6056700921887027, 0.20279131321295285, 0.7402083095008057, -0.02649870782035628, -0.6416970704031763, -0.1676042758065473, 0.5476111264897078, 0.07795755427858195], [-0.45003415188628404, 0.22975886619998845, -0.6332339976776908, 0.14737540592466727, 0.727651492743807, 0.10134177775575862, -0.2717803706046756, -0.33038163696498113, -0.1748334357886161, 0.026933067515574477, 0.5524626462250333, 0.4035207318690349, -0.026197876620491854], [-0.2897183967067402, -0.07321240185741654, 0.0829395070684511, -0.6354912321637475, -0.35688470686538565, -0.3762350136651327, -0.8090291702348529, 0.14855086996703618, 0.5773802732219413, 0.5221200462247962, 0.4164387375340719, 0.3194970467428174, -0.021611578827385694]], "inverted": true, "swapped": false, "error_lsq": 0.04781921829294778, "error_max": 0.2594113415740755, "target": "144.xyz", "model": "13.xyz", "model_rescale": 3.9028299243045295, "target_rescale": 3.9061785694451023},
{"mapping": [11, 6, 12, 9, 7, 10, 14, 5, 8, 2, 3, 4, 15], "R": [[0.5777526247567122, -0.48464739525861933, 0.6567486633833111], [-0.7587495953475153, -0.615469338627535, 0.21329919073772124], [0.3008337682952359, -0.6215419498943098, -0.7233150408880407]], "T": [-0.0034444633398856457, -0.013217227451427921, 0.07850005456331323], "aligned_model": [[-0.32933848643051966, -0.5536998973219297, 0.027650740063294443, -0.2413213686649683, 0.12429778651263639, 0.5559109699304677, 0.22082732636078437, 0.44590176186201785, 0.17596912304407455, -0.46404404835833907, -0.16395875037603455, 0.47543393925998684, -0.023448047415272764], [-0.42952993613316304, 0.3162171811817608, -0.7083040369959248, 0.22138565711864636, 0.7029521656347951, 0.20297495140398372, -0.3136516469907702, -0.1944422661610827, -0.4012439808168249, -0.11913968294149391, 0.5463118206625992, 0.43312002204271083, 0.04593227068588743], [-0.4375750394315475, -0.10343452167487939, 0.06719941372071768, -0.6209436679247968, -0.46132517071455126, -0.363919478370823, -0.7230559177077877, 0.24387021177626705, 0.7217365299370115, 0.6431045402518064, 0.30177534028038205, 0.25406146581336575, -0.01674972551671121]], "inverted": false, "swapped": false, "error_lsq": 0.04739448534981641, "error_max": 0.28154205225162765, "target": "144.xyz", "model": "14.xyz", "model_rescale": 3.942246331269136, "target_rescale": 3.9061785694451023},
{"mapping": [6, 8, 9, 11, 13, 4, 10, 5, 2, 0, 12, 3, 14], "R": [[0.7643799861567856, -0.5476540110887518, -0.34029152340508556], [-0.3309521110898398, -0.7861994569865175, 0.5218822798287787], [-0.553347934782566, -0.2862961717741028, -0.7822023811644675]], "T": [0.04538797018191959, 0.0066721642549747925, -0.043013602035341235], "aligned_model": [[-0.33420504731856676, -0.7205840438384572, 0.09596743611127695, -0.2718559072938021, -0.03015349436768902, 0.41629558066121425, 0.36449725001125377, 0.42460240879095706, -0.05466174035208127, -0.3925373629532553, 0.08074191743389163, 0.6566245667481387, 0.015449484833317921], [-0.3012086871360279, 0.11637264790304297, -0.793725635711342, 0.16331786848045854, 0.7542873022269196, 0.23660638559000235, -0.3184083285645691, -0.2313992816454196, -0.4140460658147039, -0.01178738091453322, 0.7579026472276683, 0.3213402073200187, 0.023330839729609133], [-0.31487369794874986, -0.05268851354599537, -0.11349328398512484, -0.666655703090443, -0.35332786067359034, -0.43444913347085, -0.5920968896686183, 0.4067618468126839, 0.5859809487745892, 0.5474083916766467, 0.2771099960155786, 0.16656162596741517, 0.04850625357491143]], "inverted": false, "swapped": false, "error_lsq": 0.05395197323312529, "error_max": 0.3040390268121192, "target": "144.xyz", "model": "15.xyz", "model_rescale": 4.355366556412066, "target_rescale": 3.9061785694451023},
{"mapping": [6, 7, 2, 1, 0, 3, 9, 4, 8, 5, 10, 12], "R": [[-0.7303877495158302, -0.010845289156582505, -0.6829466414444917], [0.4115732172942712, -0.8049555366197816, -0.4273804755381348], [-0.5451066154095395, -0.5932360101749301, 0.592393293402691]], "T": [0.026977132238667094, 0.023869252605242978, -0.04996585951443433], "aligned_model": [[-0.2758673488784787, 0.6520136028001374, 0.04567852586818992, -0.434516270920272, -0.4160739961167497, -0.4941813758489521, -0.15256274663616465, -0.22704014889094937, 0.5179867053747768, 0.139313880341077, 0.22642532009808175, 0.016632407441084494], [-0.7506928774553558, -0.29919594475997396, -0.6610712049309763, 0.5170518325903148, -0.27533613897482356, 0.042999241761797646, 0.35917554882436853, 0.5664882896881774, 0.09561020741315243, -0.17708157066010974, 0.6031311753659857, -0.008302131121576722], [0.17772931853446375, -0.016658075757476992, -0.4745073585745284, -0.12441296967858177, -0.24915987462801087, 0.31489051556326997, -0.7323799598931733, 0.5719919834759711, -0.5677813552312287, 0.6125507583116003, 0.03907244479106303, -0.10207696570394734]], "inverted": true, "swapped": true, "error_lsq": 0.04989798851185398, "error_max": 0.2606734092805855, "target": "144.xyz", "model": "16.xyz", "model_rescale": 3.795458400668931, "target_rescale": 3.9061785694451023},
{"mapping": [5, 0, 10, 6, 3, 8, 9, 11, 4, 2, 7, 8, 12], "R": [[-0.2606511891043829, -0.0877713086984081, 0.9614349457908424], [-0.14840168115132918, -0.9803806139633912, -0.12973354537752976], [0.9539590655001557, -0.1764937651423786, 0.24251196303674682]], "T": [-0.06449300393125589, 0.055245044412332404, 0.04442913534471081], "aligned_model": [[-0.3496579004291153, -0.547185502620139, -0.03368926041458657, -0.13900468443173652, -0.05270032830836095, 0.4952512985230023, 0.3185331915911648, 0.6876806333740434, -0.08459920084811921, -0.5532391387778826, 0.09112975931387397, 0.4952512985230023, -0.07758911702894836], [-0.37681000772311185, 0.3987793749969897, -0.6755526615273989, 0.26470825280830024, 0.8185162312402045, 0.27672346647245577, -0.47789521809355234, -0.13976866233855173, -0.13303104654800307, -0.38543494986238747, 0.5540295174915072, 0.27672346647245577, -0.09840524469778358], [-0.5340049730500411, 0.042847083656936416, 0.10679503492702748, -0.5942797379498755, -0.21950260740317462, -0.2643108794678943, -0.5613746885730576, 0.27146402857746055, 0.6605814239897418, 0.30610871582336074, 0.4422611156090382, -0.2643108794678943, 0.11247034376682571]], "inverted": false, "swapped": false, "error_lsq": 0.05873203386715839, "error_max": 0.49051145048760064, "target": "144.xyz", "model": "17.xyz", "model_rescale": 3.7474275329858107, "target_rescale": 3.9061785694451023},
{"mapping": [9, 7, 4, 12, 11, 10, 5, 8, 0, 2, 1, 3, 13], "R": [[-0.7000474281115491, -0.6364171281776849, -0.3238932499396576], [-0.4377661334048949, 0.7408166008462658, -0.5094620460390669], [0.5641758687130576, -0.21485809938806716, -0.7972086215597609]], "T": [-0.012855918829550839, 0.03829220184066642, -0.03160344016524835], "aligned_model": [[-0.44601175610015414, -0.608021552632761, 0.17804568479777333, -0.2363689545852625, 0.058880094946821115, 0.5072576536718816, 0.25727284479334467, 0.6370469209832761, 0.08872564334649236, -0.5347087726921054, -0.09186248332363861, 0.4972901299656418, -0.05736440470511062], [-0.38349178416783547, 0.4561908035206912, -0.767747375260513, 0.08523076180872938, 0.7318246076886106, 0.20057571108372863, -0.34807262985032894, -0.22651496188038575, -0.2960978770591626, -0.060476959997944, 0.49646065201465917, 0.4208729324731182, -0.006171361682243276], [-0.31830617060438726, -0.2279651194456011, 0.023917726065960487, -0.7436958623611949, -0.2202920942287419, -0.4553785040741699, -0.5802131416527889, 0.12446678782181736, 0.728006230744825, 0.43929673545044196, 0.4806055512061251, 0.20071568250145433, 0.05358615901471259]], "inverted": false, "swapped": false, "error_lsq": 0.0423662241707138, "error_max": 0.2332076147856878, "target": "144.xyz", "model": "18.xyz", "model_rescale": 3.922800546911778, "target_rescale": 3.9061785694451023},
{"mapping": [11, 7, 10, 13, 12, 8, 4, 1, 2, 9, 3, 5, 14], "R": [[-0.751923680293257, -0.47256877440307365, -0.4596624114210568], [-0.6461443179578665, 0.6666225768741401, 0.37163404092257857], [0.1307986979484414, 0.576448691091287, -0.8065969297946368]], "T": [0.15180761351299743, 0.03208938076050368, -0.0407017538599527], "aligned_model": [[-0.4229512998533138, -0.5925622407492995, -0.0766953978367349, -0.11247890178831782, -0.02821362498424501, 0.5940262156537404, 0.10827863992156149, 0.7406245828262318, 0.00770543634099119, -0.47192526637997056, -0.15112583360050552, 0.5953547707910705, 0.06014396812499029], [-0.26639518206098645, 0.31966724761434046, -0.738696197175396, 0.1530431795410124, 0.7789533360473742, 0.14716046543705885, -0.4791971438126152, -0.17880607237323687, -0.3205252080954187, -0.23856225659955546, 0.43152876961275527, 0.6340497461064796, 0.06036183444931214], [-0.33701707582634355, -0.07843118030641386, 0.024694071033010717, -0.6630654443260957, -0.2092266201250941, -0.44763173237427556, -0.5511510239546239, 0.35527893813416134, 0.565950104332242, 0.4070126323839194, 0.3565749064642796, 0.1124104860452709, -0.03065408104158416]], "inverted": false, "swapped": false, "error_lsq": 0.040407245564871026, "error_max": 0.19821926941741314, "target": "144.xyz", "model": "19.xyz", "model_rescale": 3.9282355846067225, "target_rescale": 3.9061785694451023},
{"mapping": [1, 10, 5, 0, 11, 4, 3, 6, 7, 2, 9, 8, 13], "R": [[-0.3406081637134646, 0.8720479126280334, -0.3514520122190682], [-0.28956244350330484, 0.2583388153470526, 0.9216369392539978], [0.8945052655653503, 0.41568436892210875, 0.16452001492125834]], "T": [0.09110379184279084, 0.04749448511307294, 0.08511888029451788], "aligned_model": [[-0.367092242666629, -0.7160420560963868, 0.06606553251927154, -0.1748775254960651, -0.05335290848767858, 0.44105766188512613, 0.2504119214965644, 0.5759849429358586, -0.009815441876270245, -0.5900774281952084, 0.13757718294447524, 0.7259994574408567, -0.035658047937715834], [-0.3418582883576289, 0.3486230153510682, -0.6500894927112758, 0.17173156278048593, 0.6361054223981466, 0.2490916223465816, -0.3723149283515045, -0.37278433905531094, -0.14349574740746115, -0.38981123145296226, 0.6847822441554929, 0.46201569447779145, 0.020586984517701353], [-0.3620517896483214, 0.07666090046975303, 0.06414671537530232, -0.659203681204317, -0.29702323667765634, -0.40094565044338576, -0.5188149284414239, 0.20800107317601935, 0.6694439745074334, 0.2383248399895876, 0.3499383684973033, 0.1459566968216255, -0.009689301983467027]], "inverted": false, "swapped": false, "error_lsq": 0.04720228455711971, "error_max": 0.3184502432803143, "target": "144.xyz", "model": "20.xyz", "model_rescale": 4.067790424073018, "target_rescale": 3.9061785694451023},
{"mapping": [11, 13, 3, 10, 1, 9, 12, 0, 2, 6, 5, 7, 14], "R": [[-0.5639923853144624, -0.2399586963133111, 0.7901470833781007], [0.29405938646050167, -0.9524863530888532, -0.0793651334905297], [0.7716486678157207, 0.18758883560359463, 0.6077571572718097]], "T": [-0.004564510811060182, 0.04938537111925165, 0.10371313184755626], "aligned_model": [[-0.3684669582507401, -0.5373531432885827, 0.01430511197304549, -0.1886307410890561, 0.1557259014725689, 0.37184168743670604, 0.24745854790671912, 0.6225452845357288, 0.1252709731564265, -0.5570177633628413, -0.2708652162469592, 0.6465894947754203, -0.011222130552236826], [-0.31160646778584944, 0.35260317095490135, -0.8009143232038408, 0.2834673431805478, 0.7876243139280908, 0.2639084301173238, -0.36957777990897844, -0.1988308300301219, -0.40374143535405116, -0.2870365149615438, 0.5233071300676067, 0.40379140062723107, 0.05958808105980818], [-0.2903581243618663, -0.23439741818417054, 0.08423535423149593, -0.6595771633749173, -0.2166231731964558, -0.5415373083287084, -0.4861750972710781, 0.326378916349893, 0.6795089080539874, 0.46311905974270084, 0.33381793739825666, 0.019696559280846293, 0.0266555300984698]], "inverted": true, "swapped": false, "error_lsq": 0.0473943791628224, "error_max": 0.24460670962293224, "target": "144.xyz", "model": "21.xyz", "model_rescale": 4.186013935880536, "target_rescale": 3.9061785694451023},
{"mapping": [9, 7, 2, 10, 4, 11, 8, 5, 0, 1, 6, 3, 12], "R": [[0.947126049436415, -0.18125143455838708, 0.2647643555116447], [-0.316035088575916, -0.6695606110764586, 0.672168439368982], [0.0554442897671413, -0.7203030650812521, -0.6914401096022497]], "T": [0.00617503210784214, -0.005395853693074715, -0.05952811944267025], "aligned_model": [[-0.3313154803737407, -0.6035760890312061, 0.2148591436025338, -0.48629182763276285, 0.020525575683397072, 0.42599251696972934, 0.23569351397006136, 0.638650930076593, -0.09485184030154127, -0.5805669982918383, 0.050652053610244406, 0.7236929799959595, 0.0367165701887691], [-0.25872375068399034, 0.38176185759289094, -0.6859199920572752, 0.40432954806821486, 0.6930848629434083, 0.10238418406109584, -0.5775318454094862, -0.23481461797008318, -0.15472787541451244, -0.30620948373111695, 0.4019606555615282, 0.50791630428832, 0.029072671442130382], [-0.5149135505111343, 0.06945333946650792, 0.14792559004049444, -0.5942251550120128, -0.258361967553441, -0.5189872814775655, -0.5152142001714508, 0.3224143437649296, 0.6399588063437506, 0.25728126438006704, 0.31721492023208486, 0.21253304585568114, -0.060335174919458126]], "inverted": false, "swapped": false, "error_lsq": 0.05434642440269, "error_max": 0.34735884202017986, "target": "144.xyz", "model": "22.xyz", "model_rescale": 4.166573947596378, "target_rescale": 3.9061785694451023},
{"mapping": [6, 5, 12, 1, 0, 4, 2, 9, 14, 13, 7, 8, 15], "R": [[-0.25876819464181516, 0.9633962373532379, -0.0700479214212654], [0.9659299791927347, 0.25776322473670404, -0.023181787464707813], [-0.0042774687069733405, -0.07366009657174989, -0.9972742318111413]], "T": [0.16293390312690345, -0.08705619439999936, 0.0024976585951509422], "aligned_model": [[-0.3669341338092571, -0.5976282728908037, -0.017807577149945936, -0.20459856950342084, 0.0069540194677305545, 0.5069454143060982, 0.202188494449742, 0.6145076834922161, -0.058902050042109605, -0.5094665850353787, -0.1383693604926571, 0.6997145262519506, 0.11357745942203454], [-0.41487738952991104, 0.24736789593936465, -0.7119061047704374, 0.1502712036113174, 0.6480186696168632, 0.3383287438973, -0.2621866107809858, -0.21243874679678837, -0.44595802253131755, 0.009561802408035586, 0.5144608058150189, 0.5041858948455856, -0.062245623032920354], [-0.43440136798179163, -0.025209477908733652, 0.08172178400279365, -0.5602586373114871, -0.3170191375553437, -0.4879686988755767, -0.6460373470193426, 0.3777435815885141, 0.6717928482281255, 0.507824963525007, 0.24495031260154324, 0.1304761519570748, -0.03887099481232982]], "inverted": true, "swapped": false, "error_lsq": 0.04346185350117172, "error_max": 0.2318810716079654, "target": "144.xyz", "model": "23.xyz", "model_rescale": 4.274766983524099, "target_rescale": 3.9061785694451023},
{"mapping": [8, 10, 11, 7, 5, 6, 2, 0, 9, 1, 12], "R": [[-0.8015703262185697, 0.011897710181088546, 0.5977821146691348], [-0.10029448676564101, 0.9829596930294103, -0.15404953035937552], [-0.5894285605993931, -0.18343578269240252, -0.7867180470649909]], "T": [-0.03902693625667472, 0.15811428369420483, 0.07677893860174498], "aligned_model": [[0.32268086964342446, 0.2004883821645319, -0.45944952493527735, -0.3680302858051401, -0.6978936410232441, -0.6247503701717871, -0.11700954229102141, 0.017579458085554528, 0.7272759379834783, 0.3944839492358392, -0.015480528928283482], [-0.19017269447370105, 0.6239332516505953, 0.5644664270241598, -0.17381366207253085, 0.3957698624413163, -0.2438032584086815, -0.6332479402754188, -0.12037925197773458, 0.022412313916460647, 0.5675304605774296, 0.10289102284158819], [-0.43530864873277497, -0.2532163276796162, -0.5083333055568776, -0.45022367481144476, 0.04012462805969361, 0.5655495550329176, 0.20866222240885562, 0.5714843974893249, 0.14547220694749433, 0.40265360290930374, 0.09270177795470087]], "inverted": false, "swapped": true, "error_lsq": 0.049791052815999846, "error_max": 0.24579436522622192, "target": "144.xyz", "model": "24.xyz", "model_rescale": 3.7841303162186577, "target_rescale": 3.9061785694451023},
{"mapping": [9, 10, 2, 13, 11, 3, 12, 4, 1, 0, 7, 6, 15], "R": [[-0.29348299400919614, 0.8210988285124466, -0.4895553554429629], [-0.9221826962194796, -0.3781057292669939, -0.08133346352422083], [-0.25188649630492144, 0.4275894892428511, 0.8681707330175721]], "T": [-0.0702165670273761, -0.031087012163450528, -0.021106423731595905], "aligned_model": [[-0.39043864049186366, -0.7899209589974745, 0.12421149838573727, 0.08132994537615366, -0.0028704952403938305, 0.6409825018491923, 0.08443860003880473, 0.5996294848215571, 0.09255404108326477, -0.3586525299108561, -0.28267751429618526, 0.4656641637664136, -0.014069047918151577], [-0.426248529062063, 0.2484887000792176, -0.7581263700059336, 0.26828348410665925, 0.6931501521924007, 0.17448223020727144, -0.3642380684695333, -0.25712761611948, -0.25740661285830135, 0.07894299579885344, 0.49565076930882823, 0.3980441110917251, 0.00868727242147934], [-0.30997647713730214, -0.11659524286846873, -0.0701424049589116, -0.7277965664478754, -0.2668147987279403, -0.33881550237647906, -0.6846303942179743, 0.21746485501742865, 0.6683292594759235, 0.6467468850233193, 0.29545828617075764, 0.20407078128857004, -0.012554699802594466]], "inverted": true, "swapped": false, "error_lsq": 0.05656212843130505, "error_max": 0.41900313742549394, "target": "144.xyz", "model": "25.xyz", "model_rescale": 4.19342608120988, "target_rescale": 3.9061785694451023},
{"mapping": [6, 7, 2, 1, 0, 3, 9, 4, 8, 5, 10, 12], "R": [[-0.7303877495158302, -0.010845289156582505, -0.6829466414444917], [0.4115732172942712, -0.8049555366197816, -0.4273804755381348], [-0.5451066154095395, -0.5932360101749301, 0.592393293402691]], "T": [0.026977132238667094, 0.023869252605242978, -0.04996585951443433], "aligned_model": [[-0.2758673488784787, 0.6520136028001374, 0.04567852586818992, -0.434516270920272, -0.4160739961167497, -0.4941813758489521, -0.15256274663616465, -0.22704014889094937, 0.5179867053747768, 0.139313880341077, 0.22642532009808175, 0.016632407441084494], [-0.7506928774553558, -0.29919594475997396, -0.6610712049309763, 0.5170518325903148, -0.27533613897482356, 0.042999241761797646, 0.35917554882436853, 0.5664882896881774, 0.09561020741315243, -0.17708157066010974, 0.6031311753659857, -0.008302131121576722], [0.17772931853446375, -0.016658075757476992, -0.4745073585745284, -0.12441296967858177, -0.24915987462801087, 0.31489051556326997, -0.7323799598931733, 0.5719919834759711, -0.5677813552312287, 0.6125507583116003, 0.03907244479106303, -0.10207696570394734]], "inverted": true, "swapped": true, "error_lsq": 0.04989798851185398, "error_max": 0.2606734092805855, "target": "144.xyz", "model": "26.xyz", "model_rescale": 3.795458400668931, "target_rescale": 3.9061785694451023},
{"mapping": [8, 9, 5, 1, 2, 0, 6, 7, 10, 11, 9, 3, 12], "R": [[0.5021539913227626, 0.6210120631248344, 0.6018183998948985], [-0.7482993946068317, -0.036789915723226346, 0.6623401830873068], [0.43346209180234907, -0.7829371108553451, 0.4462287478590068]], "T": [-0.10001473861561286, 0.0465422546551959, 0.005849021412787717], "aligned_model": [[-0.49905175810660385, -0.24859660227644914, 0.14807648715063543, -0.23297054036280732, 0.04995025733336006, 0.5800977911994959, 0.10610119607567961, 0.631690323698281, 0.10356214028672836, -0.6352191059568341, -0.24859660227644914, 0.4480941884323556, 0.047043273268806446], [-0.49162622305823944, 0.4459343011940946, -0.6639367641985302, 0.11734635570165247, 0.8360148926506252, 0.3631188302604229, -0.4692838858064732, -0.2384222393546001, -0.3106610113691689, -0.14350197869648612, 0.4459343011940946, 0.4410771253518314, -0.029411185178098875], [-0.28032550012524576, 0.058609926143004865, -0.01718954075331776, -0.5665692737245995, -0.3534257588679392, -0.3526191231404977, -0.6045824439939516, 0.21468158009887411, 0.5877843353671311, 0.4406065012587232, 0.058609926143004865, 0.3041699873916659, 0.014993364641600539]], "inverted": true, "swapped": false, "error_lsq": 0.05427653506528151, "error_max": 0.36607693767766664, "target": "144.xyz", "model": "27.xyz", "model_rescale": 3.6321398670334006, "target_rescale": 3.9061785694451023},
{"mapping": [8, 3, 9, 0, 5, 11, 10, 13, 6, 7, 1, 2, 14], "R": [[0.18730894270664522, 0.30720820698071366, 0.9330265149211003], [0.6456114861430662, 0.6773704753439052, -0.35264011129268036], [-0.7403385502202764, 0.6684252813112826, -0.07145959950680059]], "T": [-0.07126950157531187, -0.07277171476361757, -0.004731470122314556], "aligned_model": [[-0.4619254594725436, -0.5666973033590925, 0.32163191693214904, -0.06899437588407403, -0.010133827351858637, 0.50490680382176, 0.0738092244276157, 0.6576097731583721, 0.13133690107573354, -0.7882117995214662, 0.025882518268580457, 0.45779832596925873, -0.026831649598235856], [-0.3312695119315132, 0.3908933415374547, -0.6129311281732711, 0.2247421476965187, 0.7749052920762596, -0.03336907145777862, -0.4126185611977272, -0.11532467472893879, -0.41995056917272977, -0.13119362397137638, 0.49172486227637235, 0.5195230805999492, -0.04254906486209476], [-0.22289752434089588, -0.11021174670171854, -0.025430374924098158, -0.5532677220391653, -0.22761135477104935, -0.2857904198431985, -0.6889302111521155, 0.360510340704347, 0.6603436578119254, 0.28417683011162614, 0.3404819358987893, -0.056863734363518645, 0.03023430404752509]], "inverted": true, "swapped": false, "error_lsq": 0.05242315096672782, "error_max": 0.32005515926593003, "target": "144.xyz", "model": "28.xyz", "model_rescale": 4.156811204709835, "target_rescale": 3.9061785694451023},
