[{"mapping": [0, 8, 6, 13, 3, 12, 14, 2, 5, 1, 9, 11, 7, 16], "R": [[-0.06492675540297774, 0.485953256110818, 0.8715698189520653], [-0.9969031652945402, 0.0072474492140447155, -0.07830423683056559], [-0.04436885685443523, -0.8739547513202179, 0.48397778583964696]], "T": [0.00502006468654579, 0.11151100783927469, 0.09006453800308908], "aligned_model": [[0.13408883212435269, 0.1675469435688438, -0.5705344838145193, -0.4692907651514132, -0.5934556549929383, 0.047611045498631356, -0.7750695009850607, 0.031563311097771475, -0.4074844226137056, 0.3353230333532312, 0.6789385343334201, 0.1535495318806454, 0.6276355976514237, 0.011070099177621332], [-0.5313070062845808, -0.4261070881394846, -0.3733780942712441, -0.3853751039186618, 0.24476513220458496, 0.25170408651264475, 0.11313507275766835, 0.5074374704538003, 0.6913550317609743, -0.055582020114073385, 0.4662341017331876, 0.7275444140836068, -0.12882650483747443, 0.13367383986908649], [0.33956197355735507, -0.34588003390248423, 0.324544165765051, -0.3291574451406927, 0.5424834983653674, -0.6691806095881062, -0.08518485516504212, 0.5961819975934405, 0.17072548337092605, 0.6498606238106442, 0.5141662933696384, 0.03615716970019954, 0.059967945406175865, 0.09334188003736067]], "inverted": true, "swapped": true, "error_lsq": 0.03389178782222448, "error_max": 0.18660684797170768, "target": "145.xyz", "model": "0.xyz", "model_rescale": 3.8414455957264533, "target_rescale": 4.137823374162849},
{"mapping": [5, 3, 9, 4, 2, 1, 7, 11, 8, 10, 0, 14, 13, 12, 16], "R": [[0.6710234925953285, 0.5489931298927497, 0.49833123092550585], [0.31550117434669456, 0.3968027792596076, -0.8619782847367492], [-0.6709593738603137, 0.7356317677360147, 0.09305600962088502]], "T": [0.0023650112397324754, 0.07115076353140344, -0.044158006934211416], "aligned_model": [[-0.6987281154030784, -0.606393987124088, 0.08195480833581824, -0.08546006878166042, -0.3947441126659817, 0.18694490999760763, 0.5890369249345542, -0.31918189657246343, 0.6047126032714929, 0.22767784548497516, 0.4728084260922298, -0.4646901453314784, 0.1527982415172498, 0.13544748394719633, -0.0101387641978291], [0.10564116328104907, 0.033126890561770775, -0.7355439657817764, -0.28052200778988695, -0.43462347767603265, -0.514777297852811, -0.2072078403721152, -0.1233051920354717, 0.44746867503555804, -0.0170142420287209, -0.040726146953498535, 0.6587101695891413, 0.7931994795523892, 0.602930860247746, 0.05968746026567374], [0.09784224773986337, -0.5008629788767053, 0.2764132860325521, -0.6638677276613864, -0.05483280307127331, -0.314362293804668, 0.11284702511657883, 0.46892934626433463, -0.07668616568431846, 0.5849677308602483, -0.5523796777437917, -0.3196360331644229, -0.3660728053377896, 0.5012045048775683, -0.02832186820725522]], "inverted": true, "swapped": true, "error_lsq": 0.039887244152415825, "error_max": 0.2593876639741894, "target": "145.xyz", "model": "1.xyz", "model_rescale": 4.316132596720782, "target_rescale": 4.137823374162849},
{"mapping": [3, 0, 13, 11, 15, 2, 12, 9, 8, 1, 7, 16], "R": [[0.9096544172541954, 0.1612955287450249, 0.3827696351290067], [-0.3821893455962335, 0.6859116882446981, 0.6192386131710708], [-0.16266574710938025, -0.7095836161694906, 0.6855880296367318]], "T": [-0.04646760916415486, -0.04685264731631927, -0.05989264537224158], "aligned_model": [[-0.38059012630662165, 0.6015113456776691, 0.2493938959014932, -0.570644570559112, -0.6656800213535633, -0.4055572766048948, -0.16558759157228148, -0.1388485715815706, 0.5121989172315048, 0.22864396535295733, 0.39802453140851657, -0.06505594296231625], [-0.6671638576164789, -0.21847024058245476, -0.5218470115476588, 0.30965264166060136, -0.14889523671363247, -0.03253093956102673, 0.2534160071875925, 0.5580001444544842, 0.04091716262753161, 0.035005609093226094, 0.4395599504763424, -0.034867801737545806], [0.2302606077817766, 0.14697299247475182, -0.6382177842683939, -0.008837217986581089, -0.6063126385182535, 0.47346154281320796, -0.7624383378426509, 0.5609742759947612, -0.4908033623478223, 0.5467412114231137, 0.050323272046473036, -0.052866100360961524]], "inverted": true, "swapped": true, "error_lsq": 0.04272753971276874, "error_max": 0.201597798767598, "target": "145.xyz", "model": "2.xyz", "model_rescale": 3.795458400668931, "target_rescale": 4.137823374162849},
{"mapping": [12, 13, 14, 4, 11, 2, 6, 7, 0, 1, 5, 16], "R": [[0.11866213189882746, 0.21373097050489864, 0.9696588939932741], [-0.9269741459630978, -0.3261480773405737, 0.18532772151794452], [0.3558626577335854, -0.9208401076702086, 0.15942165767770633]], "T": [0.10668924991968864, 0.024558518777980976, -0.05061678737848136], "aligned_model": [[-0.0907231426602933, -0.3602590028011047, -0.6764954199312256, 0.19388530092314749, 0.11285892873603906, 0.19570385684068564, -0.27663919597444026, 0.7307104062555676, 0.4212039963535114, 0.6049890877575975, -0.3709534411296747, 0.10902245137375481], [-0.1613030420900231, -0.6305541699834656, -0.0961639269083197, 0.043904521993892553, 0.5704129584424632, 0.5959070238892069, -0.35422102762244545, -0.1666373980441522, -0.4467077811861215, 0.1266463139222301, 0.5580749198913745, 0.046410652985069654], [-0.774774996986565, -0.07062520598778807, 0.05569681419914125, 0.6617382516170224, -0.3769127118905381, 0.23090492775652743, 0.5246627388331483, -0.19330436430971454, 0.36303918701572413, 0.38718127392307666, -0.06076280424816691, -0.058071679282767276]], "inverted": true, "swapped": true, "error_lsq": 0.039808062010642804, "error_max": 0.2070695312126806, "target": "145.xyz", "model": "3.xyz", "model_rescale": 3.7530521520055578, "target_rescale": 4.137823374162849},
{"mapping": [3, 11, 15, 12, 14, 7, 6, 1, 0, 8, 16], "R": [[0.13522861693246088, 0.6997704210568134, -0.7014517652529675], [0.15525606671052522, 0.6842439633669453, 0.7125347376412408], [0.9785748693442475, -0.2052597291478892, -0.01611423836315147]], "T": [-0.1287191916444735, 0.01121165244771289, -0.06139101365000406], "aligned_model": [[-0.40405171776254833, -0.1648147465013233, 0.43821383649978507, 0.5755026269337687, 0.25737662476550405, -0.25632246910974377, -0.1556475020952634, -0.7444882001527365, -0.3555622819819072, 0.28320180155450836, -0.1352083697048386], [-0.6984663176732124, 0.03869715257518138, -0.3881488357805301, 0.22000001467004246, -0.6795298391387535, 0.6558629815704934, -0.49307233384521526, 0.21162642587465053, 0.20027412056590066, 0.3884495496803179, 0.011510439815471613], [-0.027303725872749193, -0.6957456642939635, -0.5212927992643928, -0.3030526265182863, 0.05289341317180499, 0.05885911822137538, 0.5438640588161241, 0.1148311062415784, 0.5749424774326428, 0.3785050394244331, -0.08366962011325044]], "inverted": true, "swapped": true, "error_lsq": 0.041167246906593645, "error_max": 0.2153887160568127, "target": "145.xyz", "model": "4.xyz", "model_rescale": 3.7855080009869324, "target_rescale": 4.137823374162849},
{"mapping": [2, 9, 10, 5, 3, 7, 0, 14, 12, 15, 13, 8, 11, 1, 4, 6, 16], "R": [[0.027768860638819032, 0.957825838973472, 0.2860044625064202], [-0.056987822923441483, 0.2871663814288975, -0.9561840081362372], [-0.9979886163765939, 0.010253368802372653, 0.06255869252897006]], "T": [0.030429456335702064, 0.018431427353003606, 0.019904385812528028], "aligned_model": [[-0.6351545028272653, -0.11228096133949905, 0.47874330038385654, 0.04578617684466995, -0.2825376932684768, 0.5402575343036113, -0.46482637114035874, -0.2766012608718856, -0.3516250860978859, 0.42206135269486567, 0.302590276268034, 0.694330761533327, -0.055922079065239196, -0.5511650298792546, 0.0067366176322823795, 0.3829954464715481, 0.0028343015189731674], [0.19695406406200874, 0.3628438790455855, 0.5214619107614266, 0.7768684612184581, 0.6001738755250632, 0.3692661819787453, 0.4373954784736076, -0.2160224294070879, -0.5425576543825664, -0.10003823159617753, -0.6430648320021878, -0.12384894988075329, -0.6663376557033784, -0.12464224227434373, 0.1679113430207293, -0.2587209197034276, 0.014991734187018928], [-0.2463912188566168, -0.5866661534119854, -0.257474964664287, 0.30211119192443653, -0.19467402098241138, 0.4422310102848096, 0.4531071934443895, -0.5354882017092915, -0.028991828657475877, -0.6955727307666437, -0.09506876682863664, -0.16530151359332235, 0.4149625378918918, 0.48291811957546404, 0.7438485743184454, 0.49420478343791946, -0.026067650659111985]], "inverted": false, "swapped": false, "error_lsq": 0.03184848550068031, "error_max": 0.21893970019329376, "target": "145.xyz", "model": "5.xyz", "model_rescale": 4.2253639853439635, "target_rescale": 4.137823374162849},
{"mapping": [12, 13, 3, 5, 14, 4, 2, 11, 0, 8, 6, 1, 10, 16], "R": [[0.5086059409413781, -0.8407678701884855, -0.18555157045375087], [-0.7573434548417919, -0.3343465050300575, -0.5609307497209299], [0.4095740326820466, 0.42581897918353007, -0.8068006623197964]], "T": [0.136842775225569, 0.009171966675341037, 0.07522736527768326], "aligned_model": [[0.7050105688695602, -0.13612812031079166, -0.4393844903854559, 0.12687365796482017, -0.22390947719902807, -0.49195514152845876, 0.035244015341446, 0.5671574565702528, -0.2610867392222255, 0.23818678529082055, -0.5981081003746701, -0.09562199551655273, 0.798280491352374, 0.14950324190569222], [-0.035595089969736954, 0.1420886895430088, -0.4819430143785117, -0.7054631401933461, -0.4523668380099901, 0.09335532921776162, -0.31769495388294233, -0.38912509674382734, 0.5853452067323512, 0.5589407798193379, 0.036050204335674685, 0.31075544235336106, 0.10576706659689455, -0.005015438785044825], [-0.4473647835346426, -0.6700468644409457, 0.1611399845628721, 0.12086192411203922, -0.46891826045369056, 0.4113128634625348, 0.619702248872365, 0.32150543755004546, 0.11764452373692272, -0.3640669745163962, -0.20847308638906048, 0.6278568309668383, 0.16187417590891987, 0.08853018909364663]], "inverted": false, "swapped": true, "error_lsq": 0.04198128681785179, "error_max": 0.35827186575377573, "target": "145.xyz", "model": "6.xyz", "model_rescale": 3.89814844738969, "target_rescale": 4.137823374162849},
{"mapping": [3, 14, 15, 4, 11, 13, 6, 2, 0, 8, 12, 7, 16], "R": [[0.9859491221395695, -0.1656893293297022, -0.021245580681310883], [-0.13413943748854168, -0.8610944432677649, 0.49043141323087786], [-0.09955370340911596, -0.48069055110294395, -0.871220783853254]], "T": [0.022164822632756334, 0.044419073416516165, 0.10234711858297697], "aligned_model": [[0.014428047845218832, -0.08752363287094307, 0.4731936065359073, -0.32265279378290945, 0.6564874760078704, -0.5052725059953724, -0.5693350803899888, 0.3695199893884141, -0.6109649767404305, -0.4399353281563781, 0.23576164896798335, -0.10970191305210351, 0.04462726314695441], [-0.40740572048912255, 0.23260928226087627, 0.5045712565283356, -0.5757477716748018, 0.040597736269757434, 0.5145679193299776, -0.13570841087455981, -0.49534584598323583, -0.14906958683046073, 0.5235760025292896, 0.7872838987709719, 0.08477860662985234, 0.0390738990036056], [-0.511173266025017, -0.6669432075531978, -0.4241930174354407, -0.006836288545642152, 0.14800161878686102, -0.2828587608715851, -0.38657325285622735, 0.06215494839750828, 0.33436330737096864, 0.3520829013231697, 0.12354929125093457, 0.7560292270067513, 0.10467152998721214]], "inverted": false, "swapped": true, "error_lsq": 0.041112349965735026, "error_max": 0.19793880685431803, "target": "145.xyz", "model": "7.xyz", "model_rescale": 3.7474275329858107, "target_rescale": 4.137823374162849},
{"mapping": [10, 12, 15, 11, 14, 2, 9, 1, 5, 4, 7, 0, 8, 13, 16], "R": [[0.2155695858714219, -0.13931431905839567, -0.9664994951641307], [0.7958593300579333, 0.598569128221677, 0.09123006905445075], [0.5658071052991133, -0.7888640689277449, 0.23990789971945686]], "T": [0.008740456773902098, -0.05558240155276818, 0.05207547334510308], "aligned_model": [[-0.37104573969970855, 0.21969228966372215, 0.5367496657139822, -0.19572960591840413, 0.7916829357639265, -0.25127078608233727, -0.8145490241459004, -0.4720996546726055, 0.27992987738341774, -0.04352342589847393, -0.5221945321720073, -0.10910000838024013, 0.08895582266666444, 0.6657793441442119, -0.0011234360275007866], [0.0592974755402306, 0.23683519641520562, -0.3332468864545926, -0.4710059449920628, -0.21537629843799633, -0.6226456465888492, -0.34133067960478713, -0.1051617134693679, -0.6902090900475621, -0.22673013572710077, 0.34969090295633615, 0.36905431638051633, 0.6484671675495407, 0.40446497449434227, -0.07298567603425941], [-0.49281276679563435, -0.6319658687492875, -0.5280281548703201, -0.3839055326749365, 0.07894000337190986, 0.2084424146984229, 0.03209477828834008, 0.5176143738035824, -0.13921095227833713, 0.7473481251791257, 0.03867349811725067, 0.597895955658941, -0.006024204610326753, 0.11742036439140506, 0.04031262216612577]], "inverted": true, "swapped": true, "error_lsq": 0.031223239044322126, "error_max": 0.2727390674121974, "target": "145.xyz", "model": "8.xyz", "model_rescale": 4.019505241142653, "target_rescale": 4.137823374162849},
{"mapping": [1, 5, 10, 7, 0, 8, 12, 4, 6, 14, 15, 13, 16], "R": [[-0.8069969321349926, -0.5864461985020291, -0.06954716232334382], [0.39546538547067167, -0.6241066260504453, 0.6738679753590189], [-0.4385921572705602, 0.5163058934221543, 0.7355713044962452]], "T": [-0.06870758194674363, -0.10558047456182004, -0.09477437509613008], "aligned_model": [[-0.1253476838791395, -0.6983465079470272, 0.030807227101122284, 0.3229746481570682, 0.35864048188471453, 0.636470654951796, 0.22159116994433992, -0.2336870957352296, 0.032528423649062915, -0.20854595420008543, -0.339230217379606, 0.40832251614185844, -0.08647689094769848], [-0.7444488049431683, 0.1939245175935356, 0.19044256140475416, -0.34925575413991516, -0.6422574156904555, -0.018011447156818267, 0.5951366316397969, -0.740449495398391, -0.3760754752716561, 0.24636536900196152, 0.6573107646999803, 0.15063209560785604, -0.09993531923342172], [-0.29233688185016937, 0.06873958384137117, -0.692106192760118, -0.5780190496846578, 0.051766436825062365, -0.07129687733784419, -0.24525180470648794, 0.19703070907041131, 0.6386728972031062, 0.6093804876337151, 0.09816595543659033, 0.5005499456863547, -0.10859171531345486]], "inverted": false, "swapped": true, "error_lsq": 0.04387613622213371, "error_max": 0.2429232331441195, "target": "145.xyz", "model": "9.xyz", "model_rescale": 3.877068213659057, "target_rescale": 4.137823374162849},
{"mapping": [4, 1, 11, 8, 7, 0, 13, 9, 2, 5, 14, 3, 6, 12, 15, 16], "R": [[0.8852671858217512, -0.09610814383758906, -0.4550442114732701], [-0.411250908635883, -0.6186914577827373, -0.6693979161999475], [-0.21719737533726677, 0.7797333549071532, -0.5872318072037973]], "T": [-0.05546741795955572, -0.06598537833017842, -0.023681359632133817], "aligned_model": [[0.13230852622605938, -0.17750440005812257, -0.642531027957646, 0.39533653778932376, -0.158273396875579, 0.38095263118568246, 0.6767958156862657, -0.7680515212640725, -0.4931747096893779, -0.354519023440584, 0.3645716893836951, 0.05188847616796326, 0.6025938318297323, -0.06236338483755065, -0.15476411233248555, -0.07785740649620929], [0.09607772160822772, -0.2941527986488741, 0.07608897087117247, -0.5539524253665048, -0.7169291930620321, -0.4123720930391889, 0.01464118499392758, -0.3817029568009238, 0.2114838340594261, 0.5721583631839147, 0.5624119004964028, 0.6144647363472389, 0.2605468610173121, -0.2167146992123559, 0.4300033347276973, -0.06025386404189153], [-0.697404497988587, -0.6429053837877611, 0.17540495759314229, 0.22961654352695415, -0.13332217108567268, -0.44991662440427016, 0.30020682546823063, -0.41406986143528524, -0.40452299807667935, 0.10369970118068268, 0.2369692228111165, -0.349373112418564, -0.30950169423705903, 0.7347079879739912, 0.6370355792878722, -0.02159014729806924]], "inverted": true, "swapped": true, "error_lsq": 0.035752972417043304, "error_max": 0.20813796589998484, "target": "145.xyz", "model": "10.xyz", "model_rescale": 4.260839863003843, "target_rescale": 4.137823374162849},
{"mapping": [3, 0, 8, 13, 12, 15, 5, 2, 7, 10, 11, 16], "R": [[0.2585957097891552, 0.7621554902863632, -0.593504227032122], [0.9309358768865924, -0.0326248649132968, 0.3637224371891026], [0.2578500572116178, -0.6465714398392051, -0.7179545397726954]], "T": [0.08872416405323716, -0.06767915600718968, -0.050711867575753716], "aligned_model": [[0.45467456796266725, 0.21827886700285734, -0.41591271276488195, -0.49564532141299733, -0.6079765860930831, -0.3652423969648264, 0.21835040764079058, 0.6628549398814928, 0.11214703119563427, -0.1078737811820375, 0.1878060400719641, 0.09743759375655002], [0.13002151644131435, -0.754505259792632, -0.5500141852320114, -0.36047793258172744, 0.18014168857404544, 0.5901933466478113, 0.5732262678863118, 0.22212279688843858, -0.4425854124052073, 0.13865105336859432, 0.4947703594830558, -0.048465733745059546], [-0.689153337401658, -0.11078014922881418, 0.08415998046869888, -0.5201741380543102, 0.17537258308776904, -0.28207660580935057, -0.34281203331596044, -0.04828885799786309, 0.5017505247942461, 0.5601197197416323, 0.2291050171197531, -0.04104462600863818]], "inverted": false, "swapped": true, "error_lsq": 0.044900631783553864, "error_max": 0.2531126251740378, "target": "145.xyz", "model": "11.xyz", "model_rescale": 3.890672605050136, "target_rescale": 4.137823374162849},
{"mapping": [2, 3, 5, 9, 11, 8, 6, 7, 1, 13, 15, 14, 12, 16], "R": [[0.9030825865719646, 0.0186747773615277, -0.4290607119289616], [0.42944468452070444, -0.049435142089821124, 0.9017391139700395], [-0.0043709000677962795, -0.9986027335317367, -0.052663799858543935]], "T": [0.07743054804616142, -0.10440166995490649, 0.1387634321899299], "aligned_model": [[0.5654014374923204, 0.05889778301863431, 0.4264923923167775, 0.7822140999018674, 0.6599268487473358, -0.43472072192742606, -0.5245946826146802, 0.12490576122924354, 0.22033561203535876, -0.6647194168700803, 0.17701122238784153, -0.2978159661676639, 0.01647799162352892, 0.10006347362063645], [-0.15938827438810832, 0.1930267149351715, 0.4506262614059984, -0.6173663449377588, 0.11885432562409953, -0.29123242637511304, -0.03192603793916249, -0.66750251135873, -0.6880712295440004, 0.18884777457749521, 0.701857221935475, 0.5497274691867597, 0.2839904688180098, -0.09929089211237146], [-0.2765413655390637, -0.5625251367199311, -0.14930783765802905, 0.13669867282503517, 0.26253331826394477, 0.5951527598224632, -0.3648972471298645, 0.49510817161827747, -0.16006725010594766, 0.24283953591579893, 0.318879502864849, -0.12686759152252855, 0.8046144797224651, 0.13917042299939222]], "inverted": false, "swapped": true, "error_lsq": 0.04793820965458641, "error_max": 0.2996353208928937, "target": "145.xyz", "model": "12.xyz", "model_rescale": 4.124412569039231, "target_rescale": 4.137823374162849},
{"mapping": [13, 5, 11, 6, 12, 8, 3, 0, 2, 4, 7, 9, 16], "R": [[0.29091583082563416, -0.7822475721567994, -0.5508690545218748], [0.8982080729576636, 0.4216136738569925, -0.12435500669651467], [0.3295303279649866, -0.4586181918236595, 0.8252751765803246]], "T": [0.16865619440935725, 0.09891282558848823, 0.049059419070965435], "aligned_model": [[-0.20439828518430914, -0.08015380678732498, 0.47659936870454195, -0.5545587343837326, 0.5483414475064341, 0.35194562112767874, -0.506674888914366, 0.018953248605917156, 0.08744355294309072, -0.2952579793538164, 0.667491481903661, 0.6793195151854292, 0.17824776615655386], [-0.5179541198590465, 0.6642433941148357, 0.611717101166134, -0.19723444058773065, -0.13468736420452326, -0.5860564094407781, 0.4513410577987893, -0.35649622856553015, 0.6844777049845376, 0.1744798911042057, -0.15109075192269167, 0.5849666054979334, 0.11977893642234184], [0.40671731340551803, 0.41152343635043087, 0.2650847438493166, -0.05398493540008649, 0.6808753297637138, 0.10119392178914391, 0.030755500379726006, -0.46310689939455163, -0.2041903973448636, -0.4936194719173326, -0.31833627218958394, -0.4636115980809097, 0.05239740975731789]], "inverted": false, "swapped": true, "error_lsq": 0.03790046067978646, "error_max": 0.21960993748229846, "target": "145.xyz", "model": "13.xyz", "model_rescale": 3.9028299243045295, "target_rescale": 4.137823374162849},
{"mapping": [9, 3, 2, 1, 7, 10, 4, 0, 11, 6, 8, 14, 15, 12, 13, 16], "R": [[0.5913727223668415, -0.7487800732041141, 0.29934379100437747], [-0.060234129874748965, 0.3291572722044511, 0.9423520253881545], [-0.8041456042525277, -0.5753119954662571, 0.14955251597338903]], "T": [0.0254771419945986, 0.00832238864497406, 0.06439386178061943], "aligned_model": [[0.01226552191330562, -0.3264600155184791, -0.1171739662764805, -0.46390306559898997, -0.011865165130437512, 0.5412259809652816, -0.6622711193760743, -0.5466710959403897, 0.469106971818001, -0.5370091777484965, 0.05298742498533372, 0.05167527020247164, 0.6480876206719265, 0.7051193836783315, -0.024779891426560625, 0.03750459436185266], [-0.7241436480479756, 0.5220484415968677, -0.09991853505577522, -0.41475764612937216, -0.602653652614206, -0.42379963158412803, 0.04492006075587715, -0.1688199188502623, -0.12178872453608355, 0.5297318077240575, -0.08332142603847303, 0.8068603071761296, 0.5463075684962904, 0.09784701929662334, 0.5416873022266956, 0.002052957704834918], [-0.4080210344324374, -0.37473999489819565, -0.5533048952005896, -0.11421768705398819, 0.33203514387396604, 0.10454146656566667, -0.13831297113577012, 0.4296194264408142, -0.37233012074031535, 0.2463348777134751, 0.7689082113981534, 0.0944865288061018, -0.059459472738713104, 0.4221550236205055, 0.6649017651941933, 0.04556384221146549]], "inverted": false, "swapped": true, "error_lsq": 0.03742748293411234, "error_max": 0.2368063302422692, "target": "145.xyz", "model": "14.xyz", "model_rescale": 3.942246331269136, "target_rescale": 4.137823374162849},
{"mapping": [6, 0, 4, 7, 10, 1, 5, 3, 14, 2, 11, 15, 8, 12, 16], "R": [[0.7164121883475647, -0.275078767085879, -0.6411593002410297], [0.6114093907681535, 0.6901938238047852, 0.3870543146152038], [0.3360537654417364, -0.6693012456885483, 0.6626490090931914]], "T": [-0.03619576061643155, -0.06221016277781062, -0.03740916546103079], "aligned_model": [[-0.7606171327162057, -0.3435477471250599, -0.26010068130257463, 0.2607993146984621, 0.4877896162412653, 0.15354273287264286, 0.05332909916879831, -0.34372234252660194, -0.6294246844370849, 0.2985651002861229, 0.47835354343193076, -0.09702002576122278, -0.3184612603327888, 0.011439956575054824, -0.016631452540528262], [0.0982009292566466, -0.4414646654999525, 0.15360165928543917, -0.6222611899983919, -0.3557413310076622, -0.12939306814870072, 0.6027562193418936, 0.6016691027713836, 0.35502101864280516, 0.3965394308967482, 0.21095373671485662, 0.31481498591092744, -0.6995129410168183, -0.3365203719651175, -0.05051882530240705], [-0.3035728982996578, -0.5412181519950027, -0.6844941403164095, -0.24825223250996817, 0.2685596459452636, -0.6776259647568051, 0.21297103016005148, -0.25025767166682167, 0.2991206297359471, -0.3392388640360672, 0.2177077926358525, 0.7018904736541615, 0.10283073533649054, 0.683982567703758, -0.03304047123027616]], "inverted": false, "swapped": true, "error_lsq": 0.034724981066319445, "error_max": 0.23302345950386352, "target": "145.xyz", "model": "15.xyz", "model_rescale": 4.355366556412066, "target_rescale": 4.137823374162849},
{"mapping": [3, 0, 13, 11, 15, 2, 12, 9, 8, 1, 7, 16], "R": [[0.9096544172541954, 0.1612955287450249, 0.3827696351290067], [-0.3821893455962335, 0.6859116882446981, 0.6192386131710708], [-0.16266574710938025, -0.7095836161694906, 0.6855880296367318]], "T": [-0.04646760916415486, -0.04685264731631927, -0.05989264537224158], "aligned_model": [[-0.38059012630662165, 0.6015113456776691, 0.2493938959014932, -0.570644570559112, -0.6656800213535633, -0.4055572766048948, -0.16558759157228148, -0.1388485715815706, 0.5121989172315048, 0.22864396535295733, 0.39802453140851657, -0.06505594296231625], [-0.6671638576164789, -0.21847024058245476, -0.5218470115476588, 0.30965264166060136, -0.14889523671363247, -0.03253093956102673, 0.2534160071875925, 0.5580001444544842, 0.04091716262753161, 0.035005609093226094, 0.4395599504763424, -0.034867801737545806], [0.2302606077817766, 0.14697299247475182, -0.6382177842683939, -0.008837217986581089, -0.6063126385182535, 0.47346154281320796, -0.7624383378426509, 0.5609742759947612, -0.4908033623478223, 0.5467412114231137, 0.050323272046473036, -0.052866100360961524]], "inverted": true, "swapped": true, "error_lsq": 0.04272753971276874, "error_max": 0.201597798767598, "target": "145.xyz", "model": "16.xyz", "model_rescale": 3.795458400668931, "target_rescale": 4.137823374162849},
{"mapping": [3, 14, 15, 4, 11, 13, 6, 2, 0, 8, 12, 7, 16], "R": [[0.9859491221395695, -0.1656893293297022, -0.021245580681310883], [-0.13413943748854168, -0.8610944432677649, 0.49043141323087786], [-0.09955370340911596, -0.48069055110294395, -0.871220783853254]], "T": [0.022164822632756334, 0.044419073416516165, 0.10234711858297697], "aligned_model": [[0.014428047845218832, -0.08752363287094307, 0.4731936065359073, -0.32265279378290945, 0.6564874760078704, -0.5052725059953724, -0.5693350803899888, 0.3695199893884141, -0.6109649767404305, -0.4399353281563781, 0.23576164896798335, -0.10970191305210351, 0.04462726314695441], [-0.40740572048912255, 0.23260928226087627, 0.5045712565283356, -0.5757477716748018, 0.040597736269757434, 0.5145679193299776, -0.13570841087455981, -0.49534584598323583, -0.14906958683046073, 0.5235760025292896, 0.7872838987709719, 0.08477860662985234, 0.0390738990036056], [-0.511173266025017, -0.6669432075531978, -0.4241930174354407, -0.006836288545642152, 0.14800161878686102, -0.2828587608715851, -0.38657325285622735, 0.06215494839750828, 0.33436330737096864, 0.3520829013231697, 0.12354929125093457, 0.7560292270067513, 0.10467152998721214]], "inverted": false, "swapped": true, "error_lsq": 0.041112349965735026, "error_max": 0.19793880685431803, "target": "145.xyz", "model": "17.xyz", "model_rescale": 3.7474275329858107, "target_rescale": 4.137823374162849},
{"mapping": [7, 11, 12, 2, 0, 6, 8, 15, 1, 13, 3, 5, 14, 16], "R": [[-0.28675557381810274, -0.9528537649919193, -0.099201529347963], [0.6354687392293443, -0.2666796877719778, 0.7246112237552687], [-0.7169035655836273, 0.14474683647860687, 0.6819806676020348]], "T": [0.07872695066115983, -0.10761081237275563, -0.08349185120545222], "aligned_model": [[0.502177219128738, 0.023933124351690586, 0.666610089049458, -0.4243153209116823, 0.13259775808030383, -0.27478319435415194, 0.6668107122229671, 0.09452499173290702, -0.14442604441607393, 0.3037081983989059, -0.6379902183646999, -0.37084822538368645, -0.1961219669832755, 0.07297052533147652], [-0.5440822358946688, 0.28031342834813544, 0.3916169475620923, -0.12697132248516707, -0.7506265121627076, -0.308351396705294, -0.3124151824746534, 0.7161473891802456, -0.6864416856652321, -0.00012319341503760906, 0.008990939853264823, 0.4389687894109314, 0.3502605711778668, -0.09687829521854274], [-0.3600792575677461, -0.584467483996897, -0.02793697379232235, -0.48373032298160634, 0.19173798418645183, 0.5918561854795464, 0.2595949200805611, 0.03306010134139503, -0.3395179235059746, 0.6816509409893551, 0.14744817434859814, -0.1931190933782643, 0.511543094371271, -0.10324562691271298]], "inverted": false, "swapped": true, "error_lsq": 0.03680683206796325, "error_max": 0.26675583462542096, "target": "145.xyz", "model": "18.xyz", "model_rescale": 3.922800546911778, "target_rescale": 4.137823374162849},
{"mapping": [12, 13, 8, 10, 4, 15, 6, 9, 3, 7, 0, 1, 11, 2, 16], "R": [[0.5290213024410138, 0.06185731594560101, 0.8463510701993704], [-0.4933960902673146, 0.833861304025026, 0.2474583273171687], [-0.6904322991231953, -0.5484970356471301, 0.4716505509524709]], "T": [0.026323404560640626, 0.06459917243331553, -0.017646046050286072], "aligned_model": [[-0.277737473052313, -0.16597981411025614, 0.31966466308765906, 0.11129382439800937, 0.28731302760137833, -0.761666164870407, -0.030262351193546436, 0.4509647815109836, -0.341385359353394, 0.6155040578393024, 0.5851563351170637, 0.5535757925584499, -0.24808748916379247, -0.021004476902992578, 0.018701483421473358], [0.605249105208753, -0.23674368473942198, 0.16939259469918072, 0.7329638263871427, -0.5435264662401846, 0.2940931182682782, -0.6808967681814899, 0.42537690959432545, -0.5280123071378762, 0.3737831466952052, -0.30521886669271264, -0.12835307566108567, 0.48802072991280493, -0.025747722119100577, 0.07723096504076053], [-0.47934499340709363, -0.7386353643000665, -0.6567588044525682, 0.0025245398189015986, 0.26073273364801397, -0.15481921275206342, -0.26743601833454683, 0.6527090847039587, 0.289298026416967, -0.07755810357197762, -0.225162527373834, 0.35000343115868165, 0.3694934774529362, 0.6173458443794957, 0.0002670537765242578]], "inverted": true, "swapped": true, "error_lsq": 0.03396643695324797, "error_max": 0.23419563960882464, "target": "145.xyz", "model": "19.xyz", "model_rescale": 3.9282355846067225, "target_rescale": 4.137823374162849},
{"mapping": [2, 1, 7, 4, 3, 0, 6, 8, 14, 15, 10, 5, 12, 16], "R": [[0.5241749822327889, 0.8480780203964934, 0.07748715584934346], [0.31287011037636486, -0.10714996617110906, -0.9437325780021645], [-0.7920561104078023, 0.5189244223101234, -0.3215035954632049]], "T": [0.01760662625030291, -0.17098820040353177, 0.06858391083764141], "aligned_model": [[-0.5453411801560664, -0.1548356715176259, 0.44251016524760195, -0.38371756408079205, -0.6475930222983488, 0.22960948643935986, -0.1559875034772359, 0.6878282982686886, -0.20347701748318056, -0.07813770956702093, 0.34786660985032625, -0.5278054175317847, 0.5152625487304965, 0.006340796660258385], [-0.4800789193436994, -0.63771566206831, -0.659440950129202, -0.21543461137614206, 0.16222246811035843, -0.22705797437401065, 0.3714694032962651, -0.023719603441122505, 0.5928018455821394, 0.30630148227239407, -0.5564838225925219, 0.029304477365423853, 0.04364393769175384, -0.18292998356849008], [0.10278749775475182, -0.38177252494913966, -0.09630672142426917, -0.5250409972820049, -0.09601512427740182, -0.597774614339883, -0.4763619596794317, -0.1174557192484879, 0.15225891301335276, 0.7434461866688185, 0.5120471042845159, 0.48726490868417877, 0.620120775618467, 0.08498543242021583]], "inverted": true, "swapped": true, "error_lsq": 0.03578495459501548, "error_max": 0.2307894046317729, "target": "145.xyz", "model": "20.xyz", "model_rescale": 4.067790424073018, "target_rescale": 4.137823374162849},
{"mapping": [6, 2, 13, 8, 14, 5, 12, 4, 3, 1, 9, 10, 7, 11, 16], "R": [[-0.4731512672780067, 0.047232794391689426, -0.879714124819631], [0.5075932540638282, 0.8307716168346686, -0.22840229659704617], [0.720053447114942, -0.5546057913472087, -0.4170556911277274]], "T": [0.06557077543595723, -0.026164868836296925, 0.026846888693364622], "aligned_model": [[0.022038686816768557, 0.0960884515444725, -0.1908616565280914, 0.2778147190726771, -0.5697274076696349, -0.5062362119722539, -0.3185516464724433, 0.38976508092128126, -0.23145612200201504, 0.6411752960646719, 0.5434097977115034, 0.11530177509160143, 0.6261098035396255, -0.18578509437208468, 0.05935848216143677], [0.040326348428345274, 0.5949756809280706, -0.5444482342448799, -0.6877919174621767, -0.0420075551286844, 0.39350773083335017, -0.6181706320032253, 0.42979602576215187, 0.5295141202303549, 0.31749875498453395, 0.3935009305335779, -0.2763339421555184, -0.27478951514385985, 0.19902027740957628, -0.013702933043768923], [-0.757401191169325, 0.19076845382145985, -0.5328301641578809, -0.1238117657979109, -0.4583334341724207, 0.12582623232551368, 0.3429171759074533, -0.42306958757882585, -0.4016489079135137, -0.004242310077677926, 0.623007405339542, 0.6507702797153048, 0.2919880020571063, 0.5658979449158417, 0.045411440406474116]], "inverted": false, "swapped": true, "error_lsq": 0.04370618712238923, "error_max": 0.3063671724313159, "target": "145.xyz", "model": "21.xyz", "model_rescale": 4.186013935880536, "target_rescale": 4.137823374162849},
{"mapping": [0, 6, 8, 9, 2, 7, 1, 3, 12, 15, 5, 11, 16], "R": [[0.025290445567538677, 0.8039252227298864, 0.5941924180109488], [-0.1378355847671606, 0.5915097928022569, -0.7944290506967417], [-0.9901321855867986, -0.06180939473683483, 0.1257690494015753]], "T": [0.024232668348188793, 0.006288317878065143, -0.05159872331107687], "aligned_model": [[0.07983060832508929, -0.5633582072527888, 0.3884800923055048, 0.43554794098546684, -0.1884078876958993, 0.6172537166436125, 0.10184704354734067, -0.7155829617056917, 0.3695707765914423, -0.21260841974990224, -0.42165687849126793, 0.14076338193641538, 0.026894829983903405], [-0.39927682022892397, -0.07459448043310016, 0.2226162905069819, -0.5679659023081718, -0.3766311195805498, -0.2623299026311949, -0.6597824916058059, -0.13460256903057383, 0.6977776341260539, 0.7312669924643805, 0.21565640164332248, 0.12134536921608324, 0.0054772574075920705], [-0.6212903102076982, -0.5707866578097802, -0.6225819942181176, 0.45919351730291436, 0.41933002817085185, -0.20155976713168167, -0.07838443409218634, 0.06431225941102624, -0.0291175844366999, 0.2811530321367405, 0.4682404342636032, 0.562930879164931, -0.02855984121855718]], "inverted": true, "swapped": true, "error_lsq": 0.047569139693078, "error_max": 0.28897879464418846, "target": "145.xyz", "model": "22.xyz", "model_rescale": 4.166573947596378, "target_rescale": 4.137823374162849},
{"mapping": [4, 6, 14, 5, 3, 0, 13, 1, 2, 11, 7, 15, 12, 7, 10, 16], "R": [[0.3756393228223042, -0.6664424127742925, 0.644010566376966], [-0.8311106350645188, -0.5497128158178148, -0.08408883640711132], [0.41006122888204577, -0.5036569572449376, -0.7603811267953182]], "T": [-0.0695473541088919, 0.0901849780565222, 0.041308808246793983], "aligned_model": [[-0.7207675396462719, -0.3610450875933195, 0.25112407921935254, 0.1967395982848793, -0.2817572361615215, -0.5922110633078331, 0.1858267069150048, -0.7029235370744888, -0.34915719670189327, 0.21084083640533463, -0.2790692001485446, 0.6737867888611015, 0.6478321554245016, -0.2790692001485446, 0.25127105690793305, -0.06418792021493352], [-0.042288559474502385, 0.21656593236348565, -0.05110712605273504, -0.5483553843146574, -0.4076324474608155, 0.5425173243306167, 0.5670954190071447, 0.05688153894292886, -0.4724974401428497, -0.35358283984499583, 0.48263869461903763, -0.208652304321852, 0.3477240863310062, 0.48263869461903763, 0.16582610767036207, 0.07193574135046754], [-0.23033462078470365, -0.6800912896483345, -0.6773434658231912, -0.14373901485822174, -0.4951215611507875, -0.07844432097655535, -0.5544714891606858, 0.26066532303776396, 0.17850947444456966, 0.40035859728221973, 0.5397049390134112, -0.18355146153378646, 0.1715452551656211, 0.5397049390134112, 0.629264675723126, 0.05460455342023714]], "inverted": false, "swapped": true, "error_lsq": 0.037067455415223174, "error_max": 0.3105696073588562, "target": "145.xyz", "model": "23.xyz", "model_rescale": 4.274766983524099, "target_rescale": 4.137823374162849},
{"mapping": [0, 7, 9, 2, 11, 5, 3, 15, 13, 12, 16], "R": [[-0.9029065131361385, -0.3286623479122821, 0.2770214605425484], [0.1957531366314953, -0.888176501874407, -0.41572011139355874], [0.3826754996537821, -0.3211285764034833, 0.8662770338533746]], "T": [0.04563548793053279, 0.08147796001713462, -0.038818797538113715], "aligned_model": [[0.4755420331453278, 0.18268033952523763, -0.555368017993066, -0.5384429135303312, -0.49000740520059244, -0.44164773706825056, -0.19583500518304453, -0.08893357738794044, 0.7409123110250242, 0.2671358350649128, 0.0238588415607979], [-0.06436568485122154, 0.5601317783243634, 0.4448678614918411, -0.11682223043842341, 0.33594829770716805, -0.19893904165826684, -0.6349825519079351, 0.07966859975262511, -0.14769185834943144, 0.5695230173985532, 0.08824834377421058], [-0.5736390570563926, -0.4842705431245754, -0.5551514822982294, -0.22088100131171545, 0.19095435769403932, 0.40481009696082193, 0.05599206792086097, 0.7823385584203945, 0.29537422472292246, 0.5185598020512014, -0.03452058995775031]], "inverted": false, "swapped": true, "error_lsq": 0.04964544545365284, "error_max": 0.23504236056238076, "target": "145.xyz", "model": "24.xyz", "model_rescale": 3.7841303162186577, "target_rescale": 4.137823374162849},
{"mapping": [7, 8, 6, 15, 13, 14, 12, 10, 0, 4, 9, 11, 3, 5, 2, 16], "R": [[0.5135285794303692, -0.8545519356730664, 0.07764912971593721], [0.6408884185056651, 0.3218048322809254, -0.6969244470858753], [0.5705702701101193, 0.4076550492242934, 0.7129284169595183]], "T": [0.004745336891019834, -0.020515716358826177, 0.01723120987074757], "aligned_model": [[0.13885774332653059, 0.11686299349828651, -0.6472775370054884, 0.4669025210578071, -0.11711663761939976, -0.15809244208285683, 0.6727287660854918, 0.6102924187144467, -0.4730864632570299, -0.6872228170310889, 0.1244051816720371, 0.425315539599052, -0.4979614009137059, 0.09013381442018444, -0.1630710323027624, 0.016171900311274343], [0.1268659825268901, -0.5353856200078303, -0.43456376704180183, -0.2818920132000011, -0.8145967442849594, -0.5172611600343662, -0.4091532218261838, 0.16548056612979375, -0.16963157395740214, 0.16957671141644257, 0.7923197307148954, 0.37631120645785193, 0.05490425354747869, 0.1659195497859515, 0.5504346444613603, -0.002516076320158451], [-0.6204289849417924, -0.46008889933306685, 0.17468456525755433, 0.6579376004605734, 0.06412068381422854, 0.6221961177693949, 0.043314015719281354, -0.21310821365898552, -0.47426034462243216, -0.00449581462518063, -0.27403659388601675, 0.28202030049434484, 0.5848671216192816, 0.7034060648974835, 0.2610970384335133, 0.02639535841907166]], "inverted": false, "swapped": true, "error_lsq": 0.03875070263101577, "error_max": 0.22855633565428954, "target": "145.xyz", "model": "25.xyz", "model_rescale": 4.19342608120988, "target_rescale": 4.137823374162849},
{"mapping": [3, 0, 13, 11, 15, 2, 12, 9, 8, 1, 7, 16], "R": [[0.9096544172541954, 0.1612955287450249, 0.3827696351290067], [-0.3821893455962335, 0.6859116882446981, 0.6192386131710708], [-0.16266574710938025, -0.7095836161694906, 0.6855880296367318]], "T": [-0.04646760916415486, -0.04685264731631927, -0.05989264537224158], "aligned_model": [[-0.38059012630662165, 0.6015113456776691, 0.2493938959014932, -0.570644570559112, -0.6656800213535633, -0.4055572766048948, -0.16558759157228148, -0.1388485715815706, 0.5121989172315048, 0.22864396535295733, 0.39802453140851657, -0.06505594296231625], [-0.6671638576164789, -0.21847024058245476, -0.5218470115476588, 0.30965264166060136, -0.14889523671363247, -0.03253093956102673, 0.2534160071875925, 0.5580001444544842, 0.04091716262753161, 0.035005609093226094, 0.4395599504763424, -0.034867801737545806], [0.2302606077817766, 0.14697299247475182, -0.6382177842683939, -0.008837217986581089, -0.6063126385182535, 0.47346154281320796, -0.7624383378426509, 0.5609742759947612, -0.4908033623478223, 0.5467412114231137, 0.050323272046473036, -0.052866100360961524]], "inverted": true, "swapped": true, "error_lsq": 0.04272753971276874, "error_max": 0.201597798767598, "target": "145.xyz", "model": "26.xyz", "model_rescale": 3.795458400668931, "target_rescale": 4.137823374162849},
