[{"mapping": [11, 4, 8, 7, 12, 0, 9, 1, 2, 6, 3, 5, 13], "R": [[0.5740290122626673, -0.7525946888261037, -0.3226328058823018], [-0.6822527374165879, -0.6574689780581436, 0.3197901580392256], [-0.4527934356506499, 0.03654828644301608, -0.8908660546848558]], "T": [0.1447964636080439, -0.04732650911606125, 0.08258891398911991], "aligned_model": [[-0.18215245151069112, -0.6579170195358117, -0.6108484016486342, -0.42942346511480856, 0.5197388391669467, 0.6633526545497942, 0.12028404693637337, 0.697212565658602, 0.07312966138167289, -0.3797125969816405, 0.1824850021997488, 0.08647057156286309, 0.028382185573676305], [-0.6637281390341779, 0.4409186632422947, -0.24212401244220466, -0.06575388233136799, -0.3192213690610986, 0.40144699369228726, 0.04449456377256934, -0.08590065126611295, 0.7100948716216323, 0.28602973692360045, 0.3397082191824374, -0.42099483456943904, -0.09350818100043612], [0.06791654607346609, -0.09254515539459227, 0.12301046680217023, -0.4086609082493977, -0.2647023299536566, -0.2711260200944372, -0.6438484224458418, 0.24504690602283552, -0.028923268617785325, 0.5279091838773485, 0.43185099172940555, 0.7378532372294441, -0.021597607726023857]], "inverted": false, "swapped": false, "error_lsq": 0.0593260962376951, "error_max": 0.3608746690780811, "target": "147.xyz", "model": "0.xyz", "model_rescale": 3.8414455957264533, "target_rescale": 3.971193936159656},
{"mapping": [13, 6, 9, 8, 12, 1, 10, 11, 5, 7, 4, 0, 14], "R": [[-0.6002135064492655, 0.28036701106811124, -0.7490915069473228], [0.059229329320058394, -0.9184006634422617, -0.3911931849318307], [-0.7976438009689372, -0.2791676207828319, 0.5346305325009781]], "T": [-0.0443318590567541, 0.1138865091961116, 0.08237731800128778], "aligned_model": [[-0.09245954574696746, -0.5943090658689131, -0.6450217081344061, -0.329881075318317, 0.2869018290619757, 0.8075862822967156, 0.10156254563026959, 0.6134614624504039, -0.045878954832858226, -0.3522258069895171, 0.07691395645664167, 0.24546242802621984, 0.0388892452068445], [-0.6373300998575107, 0.48026476262178386, -0.18288404418523774, -0.36793288974606797, -0.29970271999644743, 0.23265406365788519, 0.29706318114002, -0.4203657998125017, 0.7108840085842958, 0.04422820786233375, 0.46160586714723706, -0.12007243612048882, 0.13304987743468244], [0.17295508953026503, -0.33393893340801295, 0.21125176796805423, -0.47495033194618685, -0.46672898975545396, 0.1752624061950392, -0.5606953294865078, -0.007887950122833554, -0.196754151384391, 0.6421130056403656, 0.48263715257720347, 0.7043096717083301, 0.05461021173706493]], "inverted": false, "swapped": false, "error_lsq": 0.052839279390552316, "error_max": 0.31814133237725706, "target": "147.xyz", "model": "1.xyz", "model_rescale": 4.316132596720782, "target_rescale": 3.971193936159656},
{"mapping": [6, 5, 8, 2, 1, 3, 9, 0, 10, 4, 11, 12], "R": [[0.9002065916894535, 0.13280208695898685, 0.4147188179697123], [-0.24587361897730817, -0.6310210730268477, 0.7357707311975975], [0.35940820214605446, -0.7643140788284509, -0.535396799705375]], "T": [0.0004362556824892283, 0.007085930465128254, 0.030224821951585372], "aligned_model": [[0.03089430877453414, 0.5627363676729094, 0.05421784758917764, -0.5618796032128455, -0.6799525731671572, -0.5250378745590847, -0.1854855847981705, -0.11331789142075059, 0.4584398209382399, 0.09596845822995559, 0.4501942804526113, 0.011030998132361471], [-0.6647784970535237, -0.33955182773065035, -0.5424864733705008, 0.39386648457987034, -0.15950663172905907, -0.19614590191681167, 0.4785970462556522, 0.5957016891193542, 0.05404751912031149, -0.09409000634393969, 0.4593523128825518, 0.02777071392772587], [0.3013703060775149, 0.035953838342159004, -0.41318637306224604, -0.1709424894966728, -0.572910863414659, 0.3728189286484427, -0.6366792115858578, 0.43098122223425583, -0.48183980675736515, 0.6287012774524442, -0.0681017387747817, 0.023093371546186996]], "inverted": false, "swapped": true, "error_lsq": 0.0474614182217527, "error_max": 0.2983993870270898, "target": "147.xyz", "model": "2.xyz", "model_rescale": 3.795458400668931, "target_rescale": 3.971193936159656},
{"mapping": [9, 2, 1, 4, 10, 5, 3, 11, 0, 7, 8, 12], "R": [[-0.6885553832756465, 0.5266184390574531, -0.4985624372200732], [-0.661199478948046, -0.7382608450801204, 0.13336481417682586], [-0.29783675596030834, 0.42147828445398994, 0.8565333166507662]], "T": [0.021820191645168567, 0.021640210672493974, 0.13918199303727244], "aligned_model": [[-0.12449160242938118, -0.27579241129498544, -0.8123045820246035, 0.2697434593355439, 0.1971153238220463, 0.2658282529002701, -0.35224060010319364, 0.5641023546170922, 0.4011245299403148, 0.820669932877821, -0.3985156404884506, 0.03806480859109099], [-0.2693406823338874, -0.5667648280495081, -0.13744294181465755, 0.0033520135367903457, 0.4103921971487244, 0.6307489041784008, -0.25336340165891447, 0.005061451800893239, -0.5808721606648556, 0.26039565642459117, 0.5684122715257015, 0.015190565196431402], [-0.632552178714988, -0.12816208933518444, -0.22603452864422033, 0.7010864643532482, -0.40149013516678855, 0.2154619938126497, 0.6074217804017616, -0.2103183281801911, 0.25373010966397413, 0.40907627948276326, -0.02173374964863692, 0.12228581261471275]], "inverted": true, "swapped": true, "error_lsq": 0.05791595840320824, "error_max": 0.3116271580366189, "target": "147.xyz", "model": "3.xyz", "model_rescale": 3.7530521520055578, "target_rescale": 3.971193936159656},
{"mapping": [5, 6, 8, 1, 10, 3, 11, 4, 0, 2, 12], "R": [[-0.7034074048489718, 0.5968490484498222, 0.3859912384603781], [-0.6936129986436496, -0.45772828136583366, -0.5562246205899599], [-0.15530302932074258, -0.6589810572409665, 0.7359517207544111]], "T": [-0.08464600369786757, -0.05547260872723293, 0.06042522965910199], "aligned_model": [[-0.3392097206958403, -0.39888486600018314, 0.2560350010567406, 0.722218526245729, 0.20760321415029764, -0.20769755750627375, -0.13543141553652221, -0.6783948303762322, -0.35951251846341536, 0.35210130640209436, -0.08062753683118935], [-0.5855527778510959, -0.009030909050001826, -0.3089122529783938, 0.3190530329205757, -0.6765709295995199, 0.5520763426462731, -0.4838876467675227, 0.09037045348158092, 0.23785852075351266, 0.39877950652489824, -0.06697998176596033], [-0.24054703030854088, -0.5914539627339707, -0.5063556576955431, -0.19088109583077276, 0.11528970858302859, -0.1643847967635805, 0.5404009281894089, -0.0006417149611704087, 0.6591066618289918, 0.39083923104408846, 0.08145850589337686]], "inverted": false, "swapped": true, "error_lsq": 0.047002222896542344, "error_max": 0.259920456272084, "target": "147.xyz", "model": "4.xyz", "model_rescale": 3.7855080009869324, "target_rescale": 3.971193936159656},
{"mapping": [13, 4, 6, 12, 14, 9, 2, 15, 3, 7, 10, 8, 16], "R": [[0.9659522658997131, 0.06176631168560684, -0.2512392141843444], [-0.2539034271042468, 0.03980211492529405, -0.9664102862408868], [-0.04969174687942528, 0.9972967032875575, 0.05412962131625315]], "T": [-0.10022538103743533, 0.05310913616040674, -0.02213061112061389], "aligned_model": [[-0.11804174619529254, -0.779036454646928, -0.6158681371043484, -0.1715858096656509, 0.39164212578324004, 0.5615357362085636, 0.18732458353674208, 0.5817869542046996, 0.22349243733499746, -0.43532744899939374, 0.2797644491936395, 0.06161725589525227, -0.05630235330742933], [-0.6642864510781659, 0.340892191097962, -0.20496625931255835, -0.395537343124122, -0.20167318196384837, 0.29802295843034976, 0.33449715968313537, -0.29384276247249536, 0.6410355315203411, 0.3429706171311487, 0.36735866021096136, -0.28073207027802816, 0.047722928885303384], [0.07733690829443968, 0.03615509468521894, 0.28378883323386533, -0.5287757422150983, -0.4105243863515168, -0.11701718873566208, -0.6417445922976475, 0.28413995765550937, -0.20092080410251967, 0.5820683608852775, 0.5143572635133274, 0.5759219649277004, -0.052602050239958176]], "inverted": false, "swapped": false, "error_lsq": 0.0494124074281439, "error_max": 0.26258789965482254, "target": "147.xyz", "model": "5.xyz", "model_rescale": 4.2253639853439635, "target_rescale": 3.971193936159656},
{"mapping": [8, 7, 9, 11, 5, 2, 6, 10, 3, 0, 4, 1, 13], "R": [[0.9355699011664429, 0.35136706560200975, 0.0353573930267105], [-0.3523862381904154, 0.9354227132953978, 0.02843038137421812], [-0.023084608842692266, -0.039058067813304065, 0.9989702538981184]], "T": [-0.04037358019621613, -0.020896267276347708, 0.03225443207222965], "aligned_model": [[-0.0049822870453493096, -0.5371419954168005, -0.4755331749238406, -0.2621274436179736, 0.3658306055393521, 0.5555731692028575, -0.020599828172864407, 0.6448744229525211, 0.009805008504673522, -0.569459167572381, 0.3331460943471558, 0.1022308883033395, -0.030614699862598675], [-0.7564423160679765, 0.5552565605128232, -0.33672096079887165, -0.31474763617695095, -0.2735415279409544, 0.23118142218681445, 0.31676930405886755, -0.3594994502492327, 0.6814717170764821, 0.3446315599590762, 0.38790350612328134, -0.18349025611766576, 0.03869005616429101], [0.0921238071718826, -0.19282394693535637, 0.3211961520838548, -0.6533331887800976, -0.38236563281284286, -0.1451601174800089, -0.5148369028882966, 0.18812467634751856, -0.05242612349084924, 0.5113374082610816, 0.4730232038834268, 0.7336337462203553, 0.023690537672268006]], "inverted": true, "swapped": false, "error_lsq": 0.05519578877459037, "error_max": 0.34392138888536145, "target": "147.xyz", "model": "6.xyz", "model_rescale": 3.89814844738969, "target_rescale": 3.971193936159656},
{"mapping": [2, 11, 4, 10, 5, 6, 9, 1, 8, 7, 3, 0, 12], "R": [[0.7019644849126864, 0.0032744463023743897, 0.7122044228468959], [0.601534605345181, 0.5326654989135026, -0.5953348510203705], [-0.38131611622574313, 0.8463195284693851, 0.3719425698113531]], "T": [-0.05897955994040273, 0.04380670068945741, 0.10727385334168942], "aligned_model": [[-0.12219872761738733, -0.6662562848773327, -0.6051784872864291, -0.27292438507951716, 0.4846274126759832, 0.5578891823308897, 0.15238563541032013, 0.5680354786344318, -0.035541996498913944, -0.3722639146540705, 0.3097666461642363, 0.2530454336779907, -0.1403844006421095], [-0.658634339238112, 0.4470876460119773, -0.2790695187514049, -0.3436405925827232, -0.21424654936545573, 0.3121529235238187, 0.2593923007583236, -0.520516709882388, 0.7000148997002262, 0.2975790768537701, 0.549269840050161, -0.146660174441085, -0.07126682390712467], [0.043026154669514524, -0.24474862848676, 0.22091129026236384, -0.478401713661392, -0.3831102649612714, 0.03771013774984089, -0.7334362526234474, 0.16373482849621346, -0.055601106322782076, 0.6256628711010506, 0.6180724309639928, 0.5735067997362537, 0.014857072329359122]], "inverted": true, "swapped": false, "error_lsq": 0.04768685905348214, "error_max": 0.27510219929942503, "target": "147.xyz", "model": "7.xyz", "model_rescale": 3.7474275329858107, "target_rescale": 3.971193936159656},
{"mapping": [10, 13, 11, 12, 0, 3, 1, 6, 2, 9, 8, 5, 14], "R": [[-0.4856125968878932, -0.6040360820868699, -0.6319183628293616], [0.8616523013835459, -0.45265529461425397, -0.22947439024458072], [-0.1474303810760718, -0.6559295661843786, 0.7402841933615341]], "T": [-0.0543756712014697, 0.026835891108562056, 0.008829123111381888], "aligned_model": [[-0.08454859018843691, -0.8125087293974278, -0.5438520467568102, -0.5046566636344593, 0.4415484996350162, 0.6320565285074614, 0.18515554536103318, 0.5584635527766576, 0.25758152925021416, -0.33030500274031493, 0.07078864479231421, 0.311573720298692, -0.070295395665848], [-0.7264359079152867, 0.42911334492534897, -0.27567195454283877, -0.16363067500613465, -0.24545087665113047, 0.17446449108605466, 0.21853640238594768, -0.46504946216972826, 0.7587676591912714, 0.012358309697419252, 0.5531421869270705, -0.015006717472580852, 0.07632517827457055], [-0.07444483106063192, -0.25860113866483414, 0.24416258159619336, -0.3674847536529402, -0.32900570414904823, 0.15426353670065457, -0.6772302987450115, 0.2311239345261401, -0.2660310009654166, 0.7187543612325576, 0.424215561070222, 0.6231187152335944, -0.02065734386854327]], "inverted": false, "swapped": false, "error_lsq": 0.05992617428059212, "error_max": 0.2777149627196812, "target": "147.xyz", "model": "8.xyz", "model_rescale": 4.019505241142653, "target_rescale": 3.971193936159656},
{"mapping": [5, 10, 6, 11, 8, 0, 9, 4, 1, 6, 2, 3, 12], "R": [[-0.16760665360510152, -0.9818459288289496, -0.08880642831077562], [-0.9430748561604292, 0.18592968106655516, -0.27575345759659164], [0.28725916059420226, 0.037532995357505206, -0.9571172597514936]], "T": [0.05580022084579234, 0.07259335523894074, -0.015037015157008934], "aligned_model": [[-0.022861626339222868, -0.6677643688166004, -0.6050305676043608, -0.261999623520343, 0.2910747050919701, 0.6513514156531255, -0.024990435462499294, 0.7606896744501035, 0.06142504311170547, -0.6050305676043608, 0.06242183716865726, 0.42286635168901326, 0.04884975442090354], [-0.5259672752521029, 0.6005096163519031, 0.003317888783282416, -0.3515640754431338, -0.2773557817603003, 0.28176263186196904, 0.16372534802653793, -0.3481447086284705, 0.7378763531269718, 0.003317888783282416, 0.25215232761056133, -0.24193791742426174, 0.03376968269374469], [0.2783265895480795, -0.20461144396266884, 0.2791829990340675, -0.3411401536132814, -0.5425959691728455, 0.14056846723884664, -0.6877240829487717, 0.10203138815335915, -0.13196518227745818, 0.2791829990340675, 0.5486001836285029, 0.695451085972363, -0.013123261381324572]], "inverted": false, "swapped": false, "error_lsq": 0.06287177623805679, "error_max": 0.40192620187630007, "target": "147.xyz", "model": "9.xyz", "model_rescale": 3.877068213659057, "target_rescale": 3.971193936159656},
{"mapping": [13, 1, 4, 3, 6, 11, 12, 10, 0, 7, 8, 9, 15], "R": [[0.3093736347732937, 0.9377848285683099, 0.15763111816601053], [-0.06269028221137177, 0.185515921611172, -0.9806394706236419], [-0.948871900007277, 0.29350205814587316, 0.11618373053365597]], "T": [-0.0005428179486085712, -0.08723277429919626, 0.04476228009474325], "aligned_model": [[-0.07818042514884917, -0.5653774695754131, -0.6645733804845907, -0.35312914558956954, 0.25500138463518257, 0.5740347525820582, 0.2722547441056831, 0.6948488199950693, 0.11190198528018068, -0.5719948556426512, 0.08573370423219172, 0.33576933671765097, 0.014712141131149012], [-0.8546899680870109, 0.5701629598829705, -0.206908602065084, -0.29689196106139515, -0.43577681926160794, 0.3752866594787685, 0.18993968332903435, -0.22698172728473318, 0.6634503583252773, 0.2076628720370373, 0.46317434058508145, -0.11287949784712731, -0.004086319301227395], [0.09595166976902453, 0.0035400142163248063, 0.09797682708772085, -0.4394765552903377, -0.3951454197377359, 0.02043811341853409, -0.5931657210018475, 0.055320664314569334, -0.19523154535444653, 0.5475203688452578, 0.5785518504436303, 0.6121084566877006, 0.013794895854541644]], "inverted": false, "swapped": false, "error_lsq": 0.03744094335667755, "error_max": 0.2567027172492085, "target": "147.xyz", "model": "10.xyz", "model_rescale": 4.260839863003843, "target_rescale": 3.971193936159656},
{"mapping": [7, 10, 9, 11, 2, 0, 4, 5, 8, 1, 3, 12], "R": [[0.7511479355982251, 0.41552424819154443, -0.5129487089479575], [-0.1292632610342248, -0.6694114343573792, -0.73155952655843], [-0.6473544532891718, 0.615814851003488, -0.4491149976233584]], "T": [0.04793827558632743, 0.08140442833472229, -0.017145085311517982], "aligned_model": [[0.4218549007385288, 0.1305240228780041, -0.5885503668674742, -0.11392490785973211, -0.6081937319305799, -0.4052828152195965, 0.31674443864369073, 0.6266060106475791, 0.4281884877281006, -0.304533568154717, 0.020702497061490438, 0.034763681428835874], [0.12032382225409116, -0.5942750423329491, -0.43510451486835666, -0.2696385017950265, 0.1625425608769802, 0.43317492611621683, 0.554125606880851, -0.17056295507096308, -0.27969200077965517, -0.07530921768234004, 0.6593279535610218, 0.06816586837306332], [-0.8087760826906099, -0.1211628137685623, 0.15534077685929082, -0.533927868601527, 0.24586442318810559, -0.45402306533116527, -0.30317825429366835, -0.2121529392021009, 0.45883277089217694, 0.8228901090023002, 0.2991768591501806, -0.03270583780891613]], "inverted": false, "swapped": true, "error_lsq": 0.05176265492542734, "error_max": 0.2573616079305088, "target": "147.xyz", "model": "11.xyz", "model_rescale": 3.890672605050136, "target_rescale": 3.971193936159656},
{"mapping": [2, 8, 0, 6, 11, 12, 9, 10, 5, 3, 7, 4, 13], "R": [[-0.15241830759335934, 0.6427414007832452, 0.7507677079027627], [-0.3222831849903621, -0.7504429792555465, 0.5770345601075619], [0.9342923569112852, -0.15400917701634298, 0.32152599461303993]], "T": [-0.09174005942768068, -0.05336287524115953, -0.09316680944120195], "aligned_model": [[0.20313309142568284, -0.6215104725028382, -0.5650348469014235, -0.41666054706081634, 0.18455355645711005, 0.5385592243041679, 0.3196495703264566, 0.7255084138158336, 0.14945029932555823, -0.5221263823347012, 0.08982197420861296, 0.04596119375456889, -0.020303482580120713], [-0.6566274550347262, 0.4322442057989189, -0.22269831555587538, -0.09225071349240495, -0.4522724887733096, 0.27163697198980935, 0.21368409045821557, -0.34714968970777316, 0.671640584880449, 0.1942337980712021, 0.6086286131344055, -0.3053832421278592, 0.015775619088931603], [0.14068315386644759, -0.0410120578643374, 0.21669137191088325, -0.5674797406310943, -0.3525798429383461, 0.13537215654061557, -0.6975383066702754, 0.11975276473944096, -0.23866380422541972, 0.6856314034620256, 0.41256698173411466, 0.5460367132113823, 0.04272282611749939]], "inverted": false, "swapped": false, "error_lsq": 0.04829299205960586, "error_max": 0.30987977530446403, "target": "147.xyz", "model": "12.xyz", "model_rescale": 4.124412569039231, "target_rescale": 3.971193936159656},
{"mapping": [9, 2, 11, 10, 7, 0, 5, 3, 4, 8, 1, 6, 12], "R": [[-0.718778838581539, -0.6109830692637342, 0.3317479016971183], [0.3347583913345081, 0.11406437354649035, 0.9353748650239535], [-0.6093388225269306, 0.7833830530210069, 0.12254465145807081]], "T": [0.14870011485526693, -0.018059405961982234, 0.01428103797509056], "aligned_model": [[0.033356209328223155, -0.5535937186905685, -0.8315236933616694, -0.4345506860724456, 0.1414729576793743, 0.6204120965953186, 0.4075700377490117, 0.7544834538331119, 0.009426259826176703, -0.38062662520841983, 0.08579806390163361, 0.2145238567614969, 0.044253379896847536], [-0.6206126987625624, 0.4727032968070127, -0.18497651967523743, -0.04310680928523851, -0.4391169158184422, 0.31269860485846807, 0.11647583275480901, -0.2873868785420077, 0.6783481482491639, -0.09042389017430195, 0.5479508122000852, -0.14671453147696945, 0.015623527595204644], [0.1939100578837311, 0.1055545532097218, 0.05732548350314429, -0.4371619851202441, -0.45019287529526325, -0.05539204115162334, -0.6847415021740917, 0.27742099027507083, -0.32320313571682113, 0.49331413137958335, 0.5961229957528775, 0.6675251795211625, -0.038298232814311675]], "inverted": false, "swapped": false, "error_lsq": 0.055321297637670235, "error_max": 0.3396296469178568, "target": "147.xyz", "model": "13.xyz", "model_rescale": 3.9028299243045295, "target_rescale": 3.971193936159656},
{"mapping": [4, 12, 8, 13, 10, 9, 14, 7, 11, 2, 6, 3, 15], "R": [[-0.8144019873724668, 0.07508855041047852, 0.5754225513142752], [-0.1798119522944101, 0.9101359855446411, -0.3732561447970519], [-0.5517400336896439, -0.40744839846775444, -0.727714736562489]], "T": [-0.1007504629433886, 0.004660861532965483, 0.13485509871771048], "aligned_model": [[0.02315313995921625, -0.5794652071985709, -0.848696577568085, -0.34525246057286496, 0.29040457052900226, 0.5879807446078437, 0.22908758966337603, 0.7622461609189268, 0.01750404421234153, -0.5145613990360893, 0.32779982544238073, 0.15046907342580398, 0.010332087854810046], [-0.6597816245613886, 0.3339125824518931, -0.16678981556312814, -0.10450148837881387, -0.3913564566807786, 0.31919063299339306, 0.2590654421571865, -0.26791936457689636, 0.6522265595829005, 0.22440566708298057, 0.33724906761069723, -0.22825104917224007, 0.02401182578417849], [0.18512789198819005, -0.24811459573017433, 0.22253881726759434, -0.6141133293966978, -0.3606452802054355, -0.031174425987189336, -0.6458726522896071, 0.09529750307146048, -0.20060164452108917, 0.7028537775538969, 0.5223315467138528, 0.6557487842584832, 0.11880722652965184]], "inverted": false, "swapped": false, "error_lsq": 0.038033712091782426, "error_max": 0.30229537109731663, "target": "147.xyz", "model": "14.xyz", "model_rescale": 3.942246331269136, "target_rescale": 3.971193936159656},
{"mapping": [10, 12, 4, 11, 6, 7, 8, 9, 0, 3, 2, 5, 14], "R": [[0.13364398056061697, -0.8616941540209876, 0.4895124833811368], [0.8809088253120275, 0.32958328942726484, 0.33966821578959555], [-0.45402525034109825, 0.3858212542828065, 0.8031208077221912]], "T": [-0.10391681015380733, -0.007477170103811225, 0.03868771565543799], "aligned_model": [[-0.060440181021417114, -0.7186689796312329, -0.5416602230135472, -0.2449132049614769, 0.26724571237608274, 0.6990646957261102, 0.10868349049717732, 0.5719761875930538, 0.21501458979276822, -0.5885922687509344, 0.44292824840133, 0.04765247931266048, -0.08728895408248237], [-0.7145941523329405, 0.530990701095037, -0.39329294069077647, -0.3578368224573327, -0.2096301126207002, 0.2028637239512675, 0.31425906252496655, -0.3851508970829882, 0.6512249811975783, 0.05703274282989061, 0.40624699178246415, 0.14174815255217094, 0.08760054798134675], [0.1229247158727741, 0.024252343400894855, 0.09517552484377531, -0.5708031828086073, -0.327593541085107, -0.1661461624799156, -0.6322279534600947, 0.25935379297313754, -0.03280858402011261, 0.5654477193265568, 0.374009528910725, 0.6366326226142331, 0.05396679516467655]], "inverted": true, "swapped": false, "error_lsq": 0.059372789273901834, "error_max": 0.3660430011365465, "target": "147.xyz", "model": "15.xyz", "model_rescale": 4.355366556412066, "target_rescale": 3.971193936159656},
{"mapping": [6, 5, 8, 2, 1, 3, 9, 0, 10, 4, 11, 12], "R": [[0.9002065916894535, 0.13280208695898685, 0.4147188179697123], [-0.24587361897730817, -0.6310210730268477, 0.7357707311975975], [0.35940820214605446, -0.7643140788284509, -0.535396799705375]], "T": [0.0004362556824892283, 0.007085930465128254, 0.030224821951585372], "aligned_model": [[0.03089430877453414, 0.5627363676729094, 0.05421784758917764, -0.5618796032128455, -0.6799525731671572, -0.5250378745590847, -0.1854855847981705, -0.11331789142075059, 0.4584398209382399, 0.09596845822995559, 0.4501942804526113, 0.011030998132361471], [-0.6647784970535237, -0.33955182773065035, -0.5424864733705008, 0.39386648457987034, -0.15950663172905907, -0.19614590191681167, 0.4785970462556522, 0.5957016891193542, 0.05404751912031149, -0.09409000634393969, 0.4593523128825518, 0.02777071392772587], [0.3013703060775149, 0.035953838342159004, -0.41318637306224604, -0.1709424894966728, -0.572910863414659, 0.3728189286484427, -0.6366792115858578, 0.43098122223425583, -0.48183980675736515, 0.6287012774524442, -0.0681017387747817, 0.023093371546186996]], "inverted": false, "swapped": true, "error_lsq": 0.0474614182217527, "error_max": 0.2983993870270898, "target": "147.xyz", "model": "16.xyz", "model_rescale": 3.795458400668931, "target_rescale": 3.971193936159656},
{"mapping": [2, 11, 4, 10, 5, 6, 9, 1, 8, 7, 3, 0, 12], "R": [[0.7019644849126864, 0.0032744463023743897, 0.7122044228468959], [0.601534605345181, 0.5326654989135026, -0.5953348510203705], [-0.38131611622574313, 0.8463195284693851, 0.3719425698113531]], "T": [-0.05897955994040273, 0.04380670068945741, 0.10727385334168942], "aligned_model": [[-0.12219872761738733, -0.6662562848773327, -0.6051784872864291, -0.27292438507951716, 0.4846274126759832, 0.5578891823308897, 0.15238563541032013, 0.5680354786344318, -0.035541996498913944, -0.3722639146540705, 0.3097666461642363, 0.2530454336779907, -0.1403844006421095], [-0.658634339238112, 0.4470876460119773, -0.2790695187514049, -0.3436405925827232, -0.21424654936545573, 0.3121529235238187, 0.2593923007583236, -0.520516709882388, 0.7000148997002262, 0.2975790768537701, 0.549269840050161, -0.146660174441085, -0.07126682390712467], [0.043026154669514524, -0.24474862848676, 0.22091129026236384, -0.478401713661392, -0.3831102649612714, 0.03771013774984089, -0.7334362526234474, 0.16373482849621346, -0.055601106322782076, 0.6256628711010506, 0.6180724309639928, 0.5735067997362537, 0.014857072329359122]], "inverted": true, "swapped": false, "error_lsq": 0.04768685905348214, "error_max": 0.27510219929942503, "target": "147.xyz", "model": "17.xyz", "model_rescale": 3.7474275329858107, "target_rescale": 3.971193936159656},
{"mapping": [7, 0, 2, 1, 11, 10, 3, 12, 8, 6, 5, 9, 13], "R": [[-0.884705431716002, 0.12729291639624468, 0.44843373259327984], [-0.19136169949241671, -0.9763732657987413, -0.10037901075859731], [0.4250611709619882, -0.174618897227188, 0.8881617204493697]], "T": [0.018131516835464496, 0.034903452430287044, 0.025403686221988853], "aligned_model": [[0.06354740510496668, -0.6980602633815494, -0.6282639633834769, -0.3497257169749255, 0.38868266436502286, 0.6382636112853449, 0.1101398752844199, 0.5716264804076958, 0.06860110630122174, -0.4738897989550879, 0.5114683085021207, -0.00546353199215182, -0.08592458432550926], [-0.7156003945265628, 0.44982072330357026, -0.23249497982761336, -0.20378810097997807, -0.3509669326127544, 0.27212895345410115, 0.2539587187408406, -0.2983002512374095, 0.7311261674715661, 0.11910097939067145, 0.3753029404150859, -0.11031667546341091, 0.041490830601877304], [0.07123658741707636, -0.09315171458927735, 0.14583493377935472, -0.5095970751547024, -0.45991327702709917, -0.16327492295420115, -0.6103151459564949, 0.40204083318947015, -0.14658818224395886, 0.6134722304596658, 0.43033199498544233, 0.678150615729463, 0.04395674161819754]], "inverted": false, "swapped": false, "error_lsq": 0.05150325381060893, "error_max": 0.3488623668822945, "target": "147.xyz", "model": "18.xyz", "model_rescale": 3.922800546911778, "target_rescale": 3.971193936159656},
{"mapping": [1, 4, 6, 8, 5, 3, 12, 0, 7, 10, 9, 2, 14], "R": [[-0.1653826157027427, 0.9673397986426286, -0.1920997251048475], [0.6570244715461981, 0.2533307946317377, 0.7100298249233563], [0.7355048838809696, -0.008787630698397164, -0.6774624294630297]], "T": [-0.07410143237062697, 0.04389431531567521, -0.0532974325288877], "aligned_model": [[-0.08793335373950795, -0.7639866646004092, -0.6396710334306575, -0.3850920716675187, 0.33277790330381785, 0.5461993245112288, 0.36157689580969554, 0.648626594818016, 0.2774575052002133, -0.49743442850498165, 0.2036003081332544, 0.14039561164277045, -0.025514999237829628], [-0.6463237611564484, 0.25454616630326676, -0.3106490717397474, -0.23224367942705026, -0.420320570683099, 0.19660297514842667, 0.27669433928737086, -0.3479997283050752, 0.7589113569319883, 0.23010057908803777, 0.47550314092849005, -0.03023776587828221, 0.12687799823210577], [0.2138929654988347, 0.006295378437923174, 0.12047766627752517, -0.5020994870593858, -0.5021709848840947, -0.020796973932317935, -0.6653452964736045, 0.09678885254562485, -0.1113315834313804, 0.6075482748636578, 0.5786351199553356, 0.6261320453679382, -0.045842357913120524]], "inverted": false, "swapped": false, "error_lsq": 0.04192301053978557, "error_max": 0.2638717015592141, "target": "147.xyz", "model": "19.xyz", "model_rescale": 3.9282355846067225, "target_rescale": 3.971193936159656},
{"mapping": [0, 9, 11, 10, 1, 5, 2, 3, 7, 8, 6, 4, 13], "R": [[-0.059370298840655644, 0.2669785326934677, 0.9618719409029535], [-0.7897040431751936, -0.601966254173544, 0.11833914411142496], [0.6106084603150563, -0.7525683303973902, 0.24657294311128544]], "T": [-0.03553849028743308, 0.15793761497404027, 0.06900370655776994], "aligned_model": [[-0.018128137622444224, -0.7086839129828876, -0.5377486043338082, -0.39522282705895695, 0.40085901081934827, 0.6453768065999788, 0.2987917506077489, 0.5168575297069827, 0.01536684274702102, -0.3979009051257728, 0.3879129313261779, -0.09682582440237103, 0.00034693195707494184], [-0.6413894292046902, 0.3038138536345878, -0.35043033226042597, -0.1450311045900348, -0.32651895037832657, 0.25794916302852183, 0.17851388030107443, -0.28413910813944787, 0.7103136461668228, 0.3283325637357918, 0.4939600456210034, -0.23018470766540242, 0.036272458480509334], [0.037856567661662316, 0.13240866011972574, 0.12106331566210915, -0.6528491051970915, -0.30026564448744936, -0.049496086560471636, -0.6836689431964502, 0.32548348571614016, -0.2145225596187243, 0.7157498861964231, 0.43591224242547516, 0.5639509464590149, -0.02943914592742762]], "inverted": true, "swapped": false, "error_lsq": 0.05689625634692545, "error_max": 0.36407620551863334, "target": "147.xyz", "model": "20.xyz", "model_rescale": 4.067790424073018, "target_rescale": 3.971193936159656},
{"mapping": [7, 3, 0, 12, 9, 13, 10, 1, 11, 2, 5, 8, 14], "R": [[0.26253231482068934, -0.782310839434627, -0.5648597473514819], [0.4946377538684111, 0.6117382233250328, -0.617340941920383], [0.8284988087637205, -0.11732901016467223, 0.5475615282786717]], "T": [-0.024558701092916524, 0.13409299480621142, 0.16032888467921258], "aligned_model": [[0.042121515925970104, -0.7639880551867171, -0.558838081086412, -0.32078675043008653, 0.19388632597363453, 0.5522458530982159, 0.47270508150404233, 0.6425220696818901, -0.07633067228691187, -0.6358193208913208, 0.4285601625921817, 0.12557567909267983, 0.009147784250925953], [-0.6085471741831493, 0.4445997494697591, -0.3154442638492032, -0.005015118319202538, -0.3712930190299215, 0.4621123356381446, 0.11882340703884356, -0.33778336988310975, 0.5589027223562125, 0.2612103582057882, 0.22128507136239647, -0.22425975742380397, 0.1268710373472295], [0.1868484108920678, -0.12352812556283882, 0.29040511892398135, -0.5324277410893683, -0.3882298146753853, -0.06288250253423341, -0.4906568231212335, 0.08522200757132177, -0.3243241998634631, 0.5652036333916295, 0.5284959092977024, 0.5777146410012431, 0.09034310502151328]], "inverted": true, "swapped": false, "error_lsq": 0.053128452543417665, "error_max": 0.29374407050436485, "target": "147.xyz", "model": "21.xyz", "model_rescale": 4.186013935880536, "target_rescale": 3.971193936159656},
{"mapping": [1, 5, 2, 0, 7, 4, 6, 10, 3, 8, 11, 9, 12], "R": [[-0.6453966756667807, -0.129232255672234, 0.7528360745422169], [0.7446574104713375, -0.32598180134551186, 0.5824269964739419], [0.170142505178424, 0.9365014091208841, 0.3066213277745179]], "T": [0.0007067168393336664, 0.00547024466441071, 0.06239772189333969], "aligned_model": [[-0.1576948782200676, -0.6046947048729119, -0.7185301565193346, -0.4030183276667084, 0.486243238060844, 0.6435990983711856, 0.13337599996683405, 0.7660925314271322, 0.004772678858221592, -0.3330987610969983, 0.1362864414355102, 0.14099879067523696, 0.016669641819147624], [-0.6862403057731618, 0.452186979948593, -0.08390463328806003, -0.23181229651222496, -0.4260056743846847, 0.30535095573770615, 0.15114295220378718, -0.22578615240152522, 0.822307882283359, 0.05978274843081227, 0.48963567619641163, -0.34172884055832553, 0.04653268684729625], [-0.11527806438136295, -0.11780231451256545, 0.21863361423955832, -0.4875945735960825, -0.2787863306673059, -0.09373393301028296, -0.45820882110220984, 0.30115380303415495, -0.367832909813126, 0.7503600650037293, 0.44471689732103836, 0.5575963582784257, 0.04895982845896527]], "inverted": false, "swapped": false, "error_lsq": 0.05414314183455049, "error_max": 0.29185387319498557, "target": "147.xyz", "model": "22.xyz", "model_rescale": 4.166573947596378, "target_rescale": 3.971193936159656},
{"mapping": [8, 12, 9, 10, 7, 1, 5, 0, 6, 11, 2, 4, 15], "R": [[-0.7490501769090508, 0.10514506781065067, -0.6541164630152752], [0.548852914825304, 0.6514625851736505, -0.5237909678551477], [0.37105836516683977, -0.751359444496413, -0.5456873416213301]], "T": [-0.1359321949070917, 0.024688156296016884, 0.04467600596471609], "aligned_model": [[0.0009428584282542285, -0.5513175545491871, -0.6183946847313097, -0.2989233252140122, 0.2195288135071425, 0.5156085306890096, 0.3691581432480594, 0.6250091225666226, 0.10441149323121027, -0.6854067880900143, 0.1514902057264159, 0.3542982277137402, -0.07540345028784037], [-0.7359832631977165, 0.5254702783567962, -0.2992382162902007, -0.36416901839368215, -0.35960017292372676, 0.31372624658560266, 0.19747985403607857, -0.26508947203876276, 0.7404821078098258, 0.31690185324625525, 0.4346943210474867, -0.2255849022507091, 0.05237236274273625], [0.2828426525822081, -0.0331290353149267, 0.19550974667893944, -0.5743274045571453, -0.4425196417712315, 0.05179823304595403, -0.5925749341646556, -0.01658573018479971, -0.05009509994415036, 0.5292192488105327, 0.4942230531899802, 0.5313905447523525, 0.026431986129878206]], "inverted": false, "swapped": false, "error_lsq": 0.0444474893828422, "error_max": 0.24699179527713508, "target": "147.xyz", "model": "23.xyz", "model_rescale": 4.274766983524099, "target_rescale": 3.971193936159656},
{"mapping": [2, 8, 10, 11, 5, 7, 0, 4, 3, 6, 12], "R": [[-0.7645972119211096, -0.0024364612419403575, -0.6445038147125915], [0.25834615067083555, 0.9149819714280968, -0.3099439600881354], [0.5904645374245839, -0.4034873673588434, -0.6989632139288892]], "T": [0.03404460219060172, 0.07340390778068275, -0.06308900664214553], "aligned_model": [[0.44695013759868624, 0.10710306917700418, -0.4540656174627703, -0.5317230578985674, -0.4043695286481686, -0.654992512791572, 0.0041231576568246525, 0.014692112662089876, 0.6189136175593467, 0.21574911385195156, 0.0175142122532499], [-0.3008865292063898, 0.7584195561072972, 0.36147809986817503, -0.17483526965839086, 0.49890723411618715, -0.09259289872435099, -0.6402730411473222, -0.08078627506462953, -0.019439391056852426, 0.5446338110242032, 0.0609612349855566], [-0.5054489245949535, -0.22725902978446108, -0.4541702180214552, -0.24958174010900055, 0.18813189642633796, 0.4523534365140732, 0.03582575167341341, 0.531375381159859, 0.22692016202746082, 0.4572716608338093, -0.07585194210350624]], "inverted": false, "swapped": true, "error_lsq": 0.04547732685268075, "error_max": 0.2385773609855919, "target": "147.xyz", "model": "24.xyz", "model_rescale": 3.7841303162186577, "target_rescale": 3.971193936159656},
{"mapping": [2, 10, 9, 8, 4, 3, 6, 5, 11, 14, 13, 12, 15], "R": [[0.3472222702206565, -0.6696867866595079, 0.6564726215437138], [0.7796152123247283, 0.5951873942516173, 0.19481295243345342], [-0.5211878891289421, 0.44415264661784093, 0.7287603246113806]], "T": [-0.14470975738949138, 0.050104807816998304, -0.14992172399103842], "aligned_model": [[-0.033406060772448246, -0.7927157756647145, -0.44725586195897293, -0.3889819009688457, 0.4331595724101292, 0.6344583053411788, 0.3842880030580406, 0.5055436079835862, 0.0562028728366529, -0.4265555502737769, 0.17740393876227306, 0.09581853488288167, -0.08695809339789273], [-0.6685800413816415, 0.45856625881747004, -0.21085234633657882, -0.4345886617143554, -0.3312842154708696, 0.20260260730416588, 0.32265878238253953, -0.4081318963892765, 0.7900110640526999, 0.2051702805531638, 0.4731140986672496, -0.14432408920512338, 0.07710013745054009], [0.04981961519274539, -0.013897650375817666, 0.2772877408292323, -0.38414628312963317, -0.4279753041708638, -0.013380745507444503, -0.5596803756788958, 0.21957581210743282, -0.10991652230966992, 0.5752104091468466, 0.4239300895260548, 0.5425488176549097, -0.17719198403196004]], "inverted": false, "swapped": false, "error_lsq": 0.05099726828317735, "error_max": 0.2992595297832258, "target": "147.xyz", "model": "25.xyz", "model_rescale": 4.19342608120988, "target_rescale": 3.971193936159656},
{"mapping": [6, 5, 8, 2, 1, 3, 9, 0, 10, 4, 11, 12], "R": [[0.9002065916894535, 0.13280208695898685, 0.4147188179697123], [-0.24587361897730817, -0.6310210730268477, 0.7357707311975975], [0.35940820214605446, -0.7643140788284509, -0.535396799705375]], "T": [0.0004362556824892283, 0.007085930465128254, 0.030224821951585372], "aligned_model": [[0.03089430877453414, 0.5627363676729094, 0.05421784758917764, -0.5618796032128455, -0.6799525731671572, -0.5250378745590847, -0.1854855847981705, -0.11331789142075059, 0.4584398209382399, 0.09596845822995559, 0.4501942804526113, 0.011030998132361471], [-0.6647784970535237, -0.33955182773065035, -0.5424864733705008, 0.39386648457987034, -0.15950663172905907, -0.19614590191681167, 0.4785970462556522, 0.5957016891193542, 0.05404751912031149, -0.09409000634393969, 0.4593523128825518, 0.02777071392772587], [0.3013703060775149, 0.035953838342159004, -0.41318637306224604, -0.1709424894966728, -0.572910863414659, 0.3728189286484427, -0.6366792115858578, 0.43098122223425583, -0.48183980675736515, 0.6287012774524442, -0.0681017387747817, 0.023093371546186996]], "inverted": false, "swapped": true, "error_lsq": 0.0474614182217527, "error_max": 0.2983993870270898, "target": "147.xyz", "model": "26.xyz", "model_rescale": 3.795458400668931, "target_rescale": 3.971193936159656},
{"mapping": [4, 0, 3, 7, 10, 8, 5, 11, 6, 2, 1, 9, 12], "R": [[-0.037021702115955346, 0.5305722248072201, 0.846830861409499], [0.23388915329475868, -0.8192741242118144, 0.5235320175194877], [0.971558159629931, 0.21744659955971044, -0.09376416584399716]], "T": [0.08678516948341965, 0.02205868673899056, 0.13769963887691733], "aligned_model": [[0.09766129159879046, -0.6706332935182712, -0.5714976835101218, -0.3402544094924135, 0.15419266809478532, 0.7051374454644753, 0.28629722329887375, 0.6573814893132286, 0.1785000103427733, -0.504782207693008, 0.1249223664269503, -0.01575454895066268, 0.009831240862691423], [-0.813843516995063, 0.360035488505713, -0.30708246894159286, -0.06852558593059355, -0.4585283875480181, 0.37970425206167463, 0.20690394979817014, -0.404903354902351, 0.7379590611410177, 0.224926901019701, 0.5565562702093058, -0.12141835994604563, 0.03967773025806589], [0.14122077461264726, 0.07971562845500958, 0.07933574644511902, -0.5476030578655378, -0.38400786698095674, -0.005415079095198755, -0.564359929099445, 0.1985095601683474, -0.26262772912712873, 0.7571570141614161, 0.38911773294517016, 0.5292021718615805, -0.008061347228086324]], "inverted": false, "swapped": false, "error_lsq": 0.0503633561839623, "error_max": 0.27892167383656186, "target": "147.xyz", "model": "27.xyz", "model_rescale": 3.6321398670334006, "target_rescale": 3.971193936159656},
{"mapping": [13, 12, 6, 9, 11, 0, 10, 2, 8, 4, 3, 1, 14], "R": [[0.9978879485618255, 0.05257227568336351, -0.038154920318932875], [-0.0006452208204270997, -0.5793205602430108, -0.8150995473988543], [-0.06495556793042902, 0.8134026335765068, -0.5780630846937372]], "T": [0.02169702356495632, 0.13157803051129036, 0.031723568935374084], "aligned_model": [[-0.14174499952376182, -0.7151442484432318, -0.6512338055779672, -0.27249791305608956, 0.34250084368998357, 0.612821794630164, 0.28993224071989776, 0.5574831134423722, -0.07002975853622267, -0.38817530634657654, 0.33412781211771647, 0.18737703860889315, 0.025584780512914206], [-0.6680498523266241, 0.4598258888897456, -0.24048070271697408, -0.17347063306765426, -0.32104508458092024, 0.2782849175952212, 0.25598960684639693, -0.41030497706360136, 0.5971621882847273, 0.028492026413906024, 0.5823711668107665, -0.13250928363217668, 0.07519671727717055], [0.012768728105879139, -0.14946145857866322, 0.14416837921296372, -0.48496474459171524, -0.29191675781042214, -0.10414507547935092, -0.6874726914471879, 0.2613749040672974, -0.17284232575463837, 0.7443561539966781, 0.44492162143784586, 0.6233951157160482, 0.06200177037820141]], "inverted": true, "swapped": false, "error_lsq": 0.040431796825808566, "error_max": 0.26813962931834256, "target": "147.xyz", "model": "28.xyz", "model_rescale": 4.156811204709835, "target_rescale": 3.971193936159656},
