[{"mapping": [12, 8, 13, 7, 9, 4, 6, 1, 0, 10, 2, 5, 3, 14], "R": [[-0.4771960293714128, 0.2489562739385881, 0.8427957778838076], [0.8432264206039427, 0.39980473289107077, 0.3593401997458149], [-0.24749374365349183, 0.8821433835973119, -0.4007117388196475]], "T": [-0.029758676310509588, 0.12476282605755129, 0.1765107380038098], "aligned_model": [[0.0689209339365071, 0.44282142162391586, -0.41134836931284907, -0.36586266950122354, -0.6482852209962233, -0.16958503999560898, -0.793215185710709, 0.03330697758218272, -0.4045075432324274, 0.23150524657384108, 0.6618693837920062, 0.1850278325123757, 0.6468829698827201, -0.10603863602620349], [-0.6131952375197409, -0.15008706070389377, -0.2928977440610139, -0.40634365921043336, 0.3044313665814006, 0.2534769704416412, 0.19370417883626487, 0.5827463420269104, 0.6909697961955936, -0.2098384419114499, 0.4313999522155496, 0.5446682637603109, -0.22518816099100247, 0.13142676614989812], [0.15363341495405936, -0.3881353146378185, 0.44973889937119327, -0.19951974628585412, 0.501451057235665, -0.6076617513100281, -0.21184878101599736, 0.6357858494857755, 0.14651437444783785, 0.6575465433282663, 0.44141793521705186, -0.16312445058728492, 0.21325103838110462, 0.26853901859586304]], "inverted": true, "swapped": true, "error_lsq": 0.045253443518259835, "error_max": 0.2960277082395541, "target": "148.xyz", "model": "0.xyz", "model_rescale": 3.8414455957264533, "target_rescale": 3.9703573282223785},
{"mapping": [2, 4, 0, 11, 9, 7, 6, 8, 13, 5, 1, 3, 12, 10, 14], "R": [[-0.1933105023775351, 0.8107284440714531, -0.5525852329225114], [0.7486418800216394, 0.48591784418283823, 0.45102015939685924], [0.6341658971816526, -0.32650151405190164, -0.7008782891298643]], "T": [-0.03133675173554882, 0.026116823233683046, 0.017210142219618522], "aligned_model": [[-0.7315088206221145, -0.2743612309352753, 0.08581800096871228, 0.7883852342672916, -0.37337525111555925, -0.4326282706923366, -0.4925838000577038, 0.21739366437475086, 0.3044730608516798, -0.25220176817791434, 0.5155332309340712, 0.0496301246536486, 0.6446060619664061, 0.21662625461111013, 0.031544528642943014], [-0.13120008409794323, -0.4507144556531121, -0.3330035226246604, -0.048711532460815846, 0.5254215445139252, -0.008374184415691027, 0.3769250125505432, 0.764688191296871, 0.44738655935114535, -0.1809151872413556, -0.6428117658580454, -0.6661917050931806, 0.31968017453822667, 0.14138371121515458, -0.02548822743534555], [0.1893007934391127, -0.07968293716728081, -0.6015181589082305, -0.20352042878854643, -0.2977726195985034, -0.48351981428369123, 0.5408626496192949, 0.14739428825683498, -0.5162789203121113, 0.6025981982414941, 0.06154586054492455, 0.37432377759878543, 0.21522886669435698, 0.6445929539294897, 0.05524778661036585]], "inverted": false, "swapped": false, "error_lsq": 0.04348446677325901, "error_max": 0.2890816412498015, "target": "148.xyz", "model": "1.xyz", "model_rescale": 4.316132596720782, "target_rescale": 3.9703573282223785},
{"mapping": [8, 5, 2, 13, 10, 7, 11, 6, 1, 4, 0, 14], "R": [[-0.8036267367235891, -0.26733039613575343, -0.5317128241117537], [-0.521979087513158, -0.11254654261099462, 0.8455005073595419], [-0.28587042558111253, 0.9570097883763848, -0.0490954654714757]], "T": [-0.05999005841718609, -0.048090149238002346, -0.06454508423343143], "aligned_model": [[-0.16667857092679328, 0.4376623211805958, 0.28323745464068906, -0.5656390940841634, -0.436872468773325, -0.5559924029498641, -0.2417757393952915, -0.024488143263588405, 0.31419224708586857, 0.1853557156844317, 0.4485124931111052, -0.07970525767788393], [-0.7135690746232025, -0.27740075721912, -0.5564007699218712, 0.31685056099676145, -0.20409897220893253, 0.05325821660145671, 0.40742158496849984, 0.5572492986247946, 0.11793946830930938, -0.13643150835120385, 0.39519400853668163, 0.0527643720278067], [0.33975051943659323, 0.12927090185123996, -0.5806523511606346, -0.14097809113482124, -0.5597553303419947, 0.4647460464378965, -0.7671849891801695, 0.5443437683196294, -0.5715772074493608, 0.699029726340554, 0.0182265212478689, -0.12596105315737993]], "inverted": false, "swapped": true, "error_lsq": 0.04808618968579239, "error_max": 0.27998410189925954, "target": "148.xyz", "model": "2.xyz", "model_rescale": 3.795458400668931, "target_rescale": 3.9703573282223785},
{"mapping": [11, 13, 6, 8, 1, 5, 7, 10, 12, 3, 0, 14], "R": [[0.7374507633953107, -0.4258737552507251, -0.5242117092895952], [-0.6578732572879293, -0.2772589104882069, -0.7002358701896544], [0.1528697122161335, 0.8612543417269592, -0.48463574975791707]], "T": [0.038506645908215, 0.11165207530900975, 0.07151317169681305], "aligned_model": [[0.13588808073231035, -0.09977330525691738, -0.8017509166427428, 0.3394698231499271, 0.13459852470071665, 0.00299809132362016, -0.255020929216316, 0.5291096952680534, 0.3135592731790116, 0.7522037078150414, -0.4581376632988232, 0.00015944398968401052], [-0.1345235596668666, -0.4574982867243548, -0.011477579474778704, 0.13498279894127022, 0.4621738936537697, 0.6384769224636498, -0.4167558661748776, -0.20069094342302476, -0.5265917761335274, 0.016977277420822195, 0.5075652648784401, 0.07313089952918717], [-0.7434434055070733, -0.15575581937905797, 0.2028455156587649, 0.7971690248804221, -0.4693755519069902, 0.3144135736845023, 0.48511385842961846, -0.1993424698167427, 0.33953178917403504, 0.3231729556146036, -0.17040417901613064, -0.03515386117685122]], "inverted": false, "swapped": true, "error_lsq": 0.04555307565260417, "error_max": 0.24261162273874368, "target": "148.xyz", "model": "3.xyz", "model_rescale": 3.7530521520055578, "target_rescale": 3.9703573282223785},
{"mapping": [0, 4, 6, 7, 9, 8, 1, 5, 2, 10, 14], "R": [[-0.5069660847920285, -0.1465630213684765, -0.8494143097676101], [-0.7558771839058721, -0.39804166782358363, 0.5198196932848433], [-0.41428863334777893, 0.9055838511389012, 0.09100998206387118]], "T": [0.009582825637856306, 0.01605967485868197, 0.09952631158949868], "aligned_model": [[-0.257269198849604, -0.2848106662991192, 0.2140307812250488, 0.47486409188227147, 0.2924939250144911, -0.2041853114823627, -0.2304472306657581, -0.5466357908977248, -0.49694843659770227, 0.3028886241652552, 0.07421881495040952], [-0.5802151456009027, 0.1317309066394482, -0.4155656405761089, 0.24472841452462873, -0.6472689631095726, 0.7245576534721057, -0.3900679563861613, 0.03678595818212137, 0.21439520695417308, 0.22376712478478789, -0.07564420057017346], [-0.08801878600459875, -0.6427659987479192, -0.6148562808732703, -0.41783513733103694, 0.07956359889801563, -0.16511187883869125, 0.5490880146266653, -0.06779718978678381, 0.688288250645881, 0.6309786760841267, 0.14129750857292775]], "inverted": true, "swapped": true, "error_lsq": 0.05008855891109674, "error_max": 0.264356362370398, "target": "148.xyz", "model": "4.xyz", "model_rescale": 3.7855080009869324, "target_rescale": 3.9703573282223785},
{"mapping": [12, 2, 9, 10, 13, 14, 11, 6, 8, 1, 5, 0, 7, 4, 16], "R": [[0.2440762428977837, -0.8077572227916646, 0.536614439500839], [0.1450291688262164, -0.5167224412927287, -0.8437798639776015], [0.9588500027858784, 0.2837713651734086, -0.00897131345685187]], "T": [0.022505107437254798, 0.012869813597501016, -0.03520666761866065], "aligned_model": [[-0.6483110767613401, -0.3084279604882935, 0.0639475542230996, 0.6187531693125096, -0.33769652472152706, -0.4650243401474426, -0.46394674162552146, 0.13197052283749883, 0.2813511228365613, -0.3417817068276745, 0.6691632518367724, 0.13124515642989815, 0.693720228035818, 0.27945741760657633, -0.007069052877225215], [0.08793360614957109, -0.6445676104733483, -0.43857488164742436, -0.04217046432602577, 0.6189119532423121, -0.17215985090660255, 0.47497558011274366, 0.5474196077109041, 0.5539377814307859, -0.22606007440301903, -0.41175236207950466, -0.534300475730173, 0.24373864357726133, 0.045166962133083355, -0.014423886204847686], [0.05102753136926799, -0.0988071830502376, -0.5842005018177903, -0.4504452623932649, -0.20204595567842062, -0.46622460172828434, 0.3917114596576427, 0.3230542826836755, -0.4033833486568298, 0.5839149396299781, 0.20276916481901006, 0.5100035299589896, 0.2046668763572046, 0.6575654365833398, -0.07080407185798493]], "inverted": true, "swapped": false, "error_lsq": 0.03595629222681515, "error_max": 0.28187112529320385, "target": "148.xyz", "model": "5.xyz", "model_rescale": 4.2253639853439635, "target_rescale": 3.9703573282223785},
{"mapping": [8, 4, 13, 12, 7, 9, 10, 3, 0, 5, 6, 1, 2, 14], "R": [[-0.4524244227128908, 0.16513359974809394, 0.8763806455913687], [0.8709917354121178, 0.292878092230517, 0.3944563599882761], [-0.1915346928801547, 0.9417819903383422, -0.2763352024220868]], "T": [0.037934903030806585, -0.008230053578060212, 0.07983188466515684], "aligned_model": [[0.5614087704436487, -0.028004624671810682, -0.36730527257876144, 0.13873215776780723, -0.26122923002012943, -0.6083724268726273, 0.2532472075306753, 0.7083684652274814, -0.33268041524528846, 0.28331309669654053, -0.6858888771550397, 0.057512285150076926, 0.7015829909898056, -0.046621974504594876], [-0.22100298283818592, 0.2114457096855854, -0.45065853397119227, -0.7396068073147557, -0.48897091943567156, 0.13913080712107068, -0.39871536893200665, -0.3670164898150456, 0.5614804642542158, 0.4457965089286936, 0.11285706526329654, 0.3930888480935104, 0.25870594659827106, -0.011435101002795246], [-0.4664302911169221, -0.6937570072299362, 0.26622424934390704, -0.01901698239071803, -0.3847409938350101, 0.36446093104732763, 0.5411063387111366, 0.1385736264149206, 0.08085161459716496, -0.18747936636184442, -0.36722394268749375, 0.5928812691281165, 0.44158858598969014, 0.16452017732110946]], "inverted": true, "swapped": true, "error_lsq": 0.03836744311554351, "error_max": 0.21155234722658092, "target": "148.xyz", "model": "6.xyz", "model_rescale": 3.89814844738969, "target_rescale": 3.9703573282223785},
{"mapping": [10, 2, 1, 12, 9, 5, 8, 13, 7, 4, 0, 6, 14], "R": [[0.24889649162357816, 0.7487003084431795, -0.6144089717725173], [0.8679734874715662, 0.10904255999005696, 0.4844912229930092], [0.42973545525581314, -0.6538788635885875, -0.6227117071712851]], "T": [-0.053005547505664344, 0.07270175645956901, -0.11349043430305994], "aligned_model": [[0.139369862570777, -0.052070860521625476, 0.4388133980943111, -0.32961176404662706, 0.5518711956984397, -0.3156025371640398, -0.822196280761115, 0.22921570194406504, -0.3726465031866606, -0.6156049704987143, 0.25366768943868756, -0.017600458945445804, 0.06102732828217049], [-0.3899254820150576, 0.2957452816776454, 0.3652942569218798, -0.6188013911130524, 0.12851987118081099, 0.5822380476201924, -0.0016332068312707587, -0.417482477675832, -0.32117432021222636, 0.437216170207244, 0.6117739152902011, 0.24338761596723107, 0.04862298445271984], [-0.5142148180767376, -0.8834269485777864, -0.4252011319851934, -0.10101891253448378, 0.27567604112497723, -0.20951892656766657, -0.2567367364778614, 0.15996021346671518, 0.41483731787786426, 0.3355712177678591, 0.16450158255084268, 0.7279694191361673, -0.08612328686840086]], "inverted": true, "swapped": true, "error_lsq": 0.04186155067423794, "error_max": 0.21825513220673734, "target": "148.xyz", "model": "7.xyz", "model_rescale": 3.7474275329858107, "target_rescale": 3.9703573282223785},
{"mapping": [0, 3, 2, 4, 12, 1, 10, 11, 13, 6, 8, 3, 9, 5, 14], "R": [[0.5929571254571278, -0.4871009560913061, 0.6411977120549917], [0.009530436825375951, 0.8004769466271162, 0.599287767848174], [-0.8051776314227426, -0.3492410578575559, 0.4792907941563218]], "T": [-0.004190063084022762, 0.10949684231614841, 0.032266016658239915], "aligned_model": [[-0.5998724453894348, -0.08897006180817935, 0.10475854636646725, 0.5740956713314528, -0.20181580886750022, -0.47260915346852334, -0.4911245575193661, 0.1806400401938087, 0.34426631965488624, -0.3789430285429454, 0.5469633156390303, -0.08897006180817935, 0.5991622785952091, 0.2595339321415984, 0.010236033151385403], [-0.1585445077182448, -0.5701603120533593, -0.4980123741118091, -0.04099805587672932, 0.6246295737587276, -0.13557099480971102, 0.5128943530792095, 0.6630353639907807, 0.5910501077547123, -0.1983153317520936, -0.29216112258095406, -0.5701603120533593, 0.29700816617497217, -0.23802745808413395, 0.10140743286770822], [0.11903912141801229, 0.2444287874623741, -0.5401431449593393, -0.4728703419965249, -0.24382265098204464, -0.5018941943455965, 0.4511079989468173, 0.24653895833412184, -0.6421199489182539, 0.6893428605455211, 0.021723331354897353, 0.2444287874623741, 0.45787839347932974, 0.6003311352805846, -0.025166797205977323]], "inverted": false, "swapped": false, "error_lsq": 0.05116204493587624, "error_max": 0.3524008029972569, "target": "148.xyz", "model": "8.xyz", "model_rescale": 4.019505241142653, "target_rescale": 3.9703573282223785},
{"mapping": [1, 5, 10, 11, 9, 13, 12, 0, 6, 4, 8, 7, 14], "R": [[0.36607559177463844, 0.11403897811674213, 0.9235712060133412], [0.7627336271623224, 0.5318088625289417, -0.3679901462423696], [-0.5331285727689481, 0.8391510264581474, 0.10770088064441223]], "T": [-0.08653316969003114, -0.02523102593789013, -0.06307991849230356], "aligned_model": [[-0.27526350495213403, -0.6327146381967095, 0.15112992647467918, 0.35327870091046265, 0.2981537820242717, 0.5396289917624801, 0.3492083050439643, -0.2489674857906074, 0.20888636855034595, -0.36884058383858087, -0.3999760816714796, 0.35492907336902746, -0.009752081944543675], [-0.5189242408006862, -0.06739528434760557, 0.15260281352479366, -0.4909676518625045, -0.6293104906882228, -0.04664101025327551, 0.5719572425973602, -0.6250810206685548, -0.32254319507795454, 0.14137541462589753, 0.6712049941968578, 0.33784681079482787, -0.1107461539268747], [-0.44427235778987495, 0.13112065073092238, -0.6318537489336274, -0.6321974139036639, 0.023787978023196682, -0.10963347838110175, -0.1543962922030746, 0.21209621581680577, 0.6871031514238763, 0.6742056800527999, 0.12247326732708792, 0.39487694680652474, -0.09660710492599198]], "inverted": false, "swapped": true, "error_lsq": 0.04629172290652273, "error_max": 0.27377822317758094, "target": "148.xyz", "model": "9.xyz", "model_rescale": 3.877068213659057, "target_rescale": 3.9703573282223785},
{"mapping": [6, 12, 0, 8, 14, 10, 13, 2, 9, 3, 1, 5, 7, 4, 15], "R": [[0.7490989664734327, 0.1823783640998226, 0.6368585955584709], [0.6620520577067159, -0.1724503186709845, -0.7293476266339527], [-0.023190759253174542, 0.9679870969690396, -0.24992632671792078]], "T": [-0.03516161670471096, 0.021582472079133285, 0.027782513603235866], "aligned_model": [[-0.6425838568109282, -0.36777436857480506, 0.24695368288540215, 0.5837444340919421, -0.3886798994249964, -0.46801638396460776, -0.4556124555282607, 0.21718739154563216, 0.11018228846367822, -0.2738863193536782, 0.6441954611135118, 0.1121689462845086, 0.7336665895246911, 0.25368676380231225, -0.007881254384692272], [-0.07227470240350876, -0.6237756239155791, -0.6353212755994657, 0.08214783619699158, 0.675595877406315, 0.16930177132863172, 0.5475895062821835, 0.6207502157037785, 0.49541100971556495, -0.23895559669743105, -0.47235732662748503, -0.6721586821717285, 0.17515364341180376, 0.09129200072919716, -0.05432412477355167], [0.07811767176656972, -0.14850390374368577, -0.3224380735369016, -0.4289560032361697, -0.2105719201156056, -0.5144596265421939, 0.40748791001623935, 0.16072366969992705, -0.4081153758747658, 0.5549369253191634, 0.24550721655488866, 0.3564348501999675, 0.25495129239644965, 0.6358925977482259, -0.012204934775812908]], "inverted": true, "swapped": false, "error_lsq": 0.042287501047106504, "error_max": 0.30570982082385084, "target": "148.xyz", "model": "10.xyz", "model_rescale": 4.260839863003843, "target_rescale": 3.9703573282223785},
{"mapping": [2, 5, 4, 8, 7, 12, 10, 1, 0, 6, 13, 14], "R": [[-0.3210130486281623, -0.9464975674749185, -0.033060208325351004], [0.6888823795923493, -0.2573107899359527, 0.6776667503055752], [-0.649916679042503, 0.19476527448854566, 0.7346256176827528]], "T": [0.07569532629564649, 0.04204172384124913, -0.059441361042590436], "aligned_model": [[0.551299808260112, 0.12484426251904526, -0.43670402968414745, -0.47295192414943776, -0.5915413130817969, -0.41817576924985744, 0.2404001674046306, 0.7262676577329064, 0.3863426214669181, -0.2512151619140488, -0.039661046647775616, 0.1399933764375818], [-0.12532098920586507, -0.5264608522726242, -0.5505247497772405, -0.22169357597834496, 0.23361411886663003, 0.5415907369841582, 0.5586958465997258, 0.007616845174252512, -0.3197237804956151, -0.13136687434309388, 0.5942446901599521, 0.11240708982099915], [-0.682611981989858, -0.16987272132569142, 0.13383851446809927, -0.5565625335834319, 0.17408423195335923, -0.3072018612031333, -0.40230157262081545, -0.044263254296616705, 0.4248630948458648, 0.7161235032054182, 0.2170897674253444, 0.012992890516965123]], "inverted": false, "swapped": true, "error_lsq": 0.045168560777647776, "error_max": 0.23205240731581522, "target": "148.xyz", "model": "11.xyz", "model_rescale": 3.890672605050136, "target_rescale": 3.9703573282223785},
{"mapping": [3, 8, 12, 2, 10, 0, 4, 1, 5, 6, 13, 7, 9, 14], "R": [[0.7565530789444227, -0.6172101666212133, -0.2160533474841996], [0.5493422083650903, 0.42062487586973357, 0.7220095926704415], [-0.35475424852745574, -0.6649258033938716, 0.6572846408769453]], "T": [0.11194201449240113, -0.04199301496872806, 0.13156436382853529], "aligned_model": [[0.7168344594088333, 0.1631272967492451, 0.3973234932067815, 0.6686048452430724, 0.7092288816580306, -0.3460555087956554, -0.5317397512863842, 0.30858015919498594, -0.08917081792252232, -0.6921731056405055, 0.1532858134278282, -0.19831003221185386, -0.16573343343689315, 0.11607353519873093], [-0.033471728550827994, -0.040936523907777043, 0.5696527592416213, -0.6127709512048237, 0.16431469354191794, -0.3789747261410596, -0.13610495821791535, -0.45352409085176176, -0.5313619794177341, 0.21991272574134105, 0.5170167870885257, 0.5623545968871331, 0.09457680599383192, -0.008530890374706973], [-0.3328621407251562, -0.6527050571533033, -0.18353879306550233, 0.04855494170252514, 0.24245989868943904, 0.5038658856037205, -0.34578452585735686, 0.5970054656425237, -0.10901312386749248, 0.2840311616520066, 0.41529558399135513, -0.14219931091213037, 0.7832445857294601, 0.2464358639267726]], "inverted": false, "swapped": true, "error_lsq": 0.04433234097734205, "error_max": 0.35696357300995674, "target": "148.xyz", "model": "12.xyz", "model_rescale": 4.124412569039231, "target_rescale": 3.9703573282223785},
{"mapping": [0, 5, 2, 6, 1, 9, 4, 13, 8, 7, 10, 3, 14], "R": [[-0.5541197261682924, 0.8229244393938004, 0.1254858403150585], [-0.2570915689885297, -0.31255558972211767, 0.9144467882214229], [0.791741911374024, 0.4744516523122868, 0.38476015307194733]], "T": [0.15496825908366246, 0.09885910397042236, -0.016624943783082984], "aligned_model": [[-0.13765438705763117, -0.03668446618081167, 0.739445164274126, -0.6061394430602449, 0.5218710406340299, 0.04665575779211516, -0.5748003078429536, 0.19651560677353608, -0.006612168247421751, -0.2944745441718331, 0.7273599549287888, 0.6065336164407735, 0.18528248322728422], [-0.196864136777823, 0.4649947758506727, 0.5056384840224704, -0.30002013238469766, -0.1214292331528706, -0.5959349110826346, 0.43678874161810066, -0.3649266919259559, 0.8145508716834668, 0.04927057301934076, 0.038047390046109755, 0.6340494194467847, -0.016679773854486796], [0.5208195463415884, 0.39205559770314413, 0.3514359303375312, -0.02385601726977634, 0.47481701926586073, 0.14453262106492387, 0.04884745244440742, -0.43838462325266614, -0.2983635338121114, -0.5928029217096352, -0.29996568195650497, -0.31881613264604636, -0.008621175542876322]], "inverted": true, "swapped": true, "error_lsq": 0.041559690489031666, "error_max": 0.25696938384479723, "target": "148.xyz", "model": "13.xyz", "model_rescale": 3.9028299243045295, "target_rescale": 3.9703573282223785},
{"mapping": [4, 10, 14, 11, 8, 5, 0, 2, 12, 3, 9, 7, 1, 6, 15], "R": [[-0.3637555196786976, 0.9085673077799967, -0.20539564050069137], [0.40273100363992453, -0.04542875724441131, -0.9141903339690305], [-0.8399343192241044, -0.4152609724602554, -0.34938326253686414]], "T": [-0.00691101844632077, 0.06745659078126488, 0.020533952251547798], "aligned_model": [[-0.6212430375901529, -0.2843933192256301, 0.3364717855523574, 0.6564166773076687, -0.3590033171046521, -0.3874754417670808, -0.6152439452473226, 0.09273302139222347, 0.20190454997304255, -0.18116296669673004, 0.4708095773553153, -0.057710873945625095, 0.5925831491059752, 0.41314678720476933, 0.03951837335555111], [-0.1667161729057931, -0.5867276642589502, -0.517858072384737, -0.04148032486626331, 0.7102506372731626, 0.13182258328419133, 0.4689658150559157, 0.7344346796370497, 0.37604993537869963, 0.03950360746785632, -0.5281812446749764, -0.7527741467904374, 0.297078833871294, -0.04549804148375054, -0.030795896017545774], [0.18522323813419414, -0.20396356501907584, -0.5473970715390424, -0.28603709137917743, -0.22309278392017876, -0.31581344608357115, 0.4154235599102248, 0.3161030031799625, -0.5671789836421188, 0.6184840626227793, 0.1541156043733701, 0.40167548457386143, 0.12092879421013222, 0.5257081333125984, 0.054623357142337285]], "inverted": false, "swapped": false, "error_lsq": 0.04378261340821163, "error_max": 0.3078657912832999, "target": "148.xyz", "model": "14.xyz", "model_rescale": 3.942246331269136, "target_rescale": 3.9703573282223785},
{"mapping": [2, 1, 3, 4, 9, 5, 7, 6, 10, 0, 13, 12, 11, 8, 14], "R": [[0.2593933186305416, -0.19754909219635175, 0.9453515020468481], [0.33867442922685653, 0.9353016282558316, 0.10252070605420956], [-0.9044416715508512, 0.29357319420272004, 0.3095158193177124]], "T": [0.07607738361461201, 0.026947506506821872, -0.008325994302252268], "aligned_model": [[-0.6790129948199851, -0.3193224501224288, 0.07067148856090534, 0.5233368217497254, -0.31693288238275974, -0.4354014478692203, -0.4461661931741676, 0.1332493218851773, 0.34203310477121607, -0.41558637645289764, 0.7544611084173405, 0.23379192103169166, 0.6844727989525123, 0.15748249764272226, 0.01027430147987872], [0.05305475616154043, -0.6764497798614648, -0.511250786965977, -0.05294554210551056, 0.6855493078135154, -0.13414229680136308, 0.5218305903364333, 0.526335552825731, 0.487018766359031, -0.1482670315546762, -0.3786888326635239, -0.7510403113876328, 0.32790347216967175, 0.16581246551652865, -0.02664580125658724], [0.10032413478395473, -0.08270787913363904, -0.4846255887827453, -0.3787852669694308, -0.25317064764108954, -0.34776529432978004, 0.45355265639638637, 0.2368929650108293, -0.48435383622458544, 0.5096354864629027, 0.1818963197741269, 0.18644910179036966, 0.2227401217431677, 0.7485958357813399, 0.04012418721448895]], "inverted": false, "swapped": false, "error_lsq": 0.044108488247607935, "error_max": 0.3606776502988525, "target": "148.xyz", "model": "15.xyz", "model_rescale": 4.355366556412066, "target_rescale": 3.9703573282223785},
{"mapping": [8, 5, 2, 13, 10, 7, 11, 6, 1, 4, 0, 14], "R": [[-0.8036267367235891, -0.26733039613575343, -0.5317128241117537], [-0.521979087513158, -0.11254654261099462, 0.8455005073595419], [-0.28587042558111253, 0.9570097883763848, -0.0490954654714757]], "T": [-0.05999005841718609, -0.048090149238002346, -0.06454508423343143], "aligned_model": [[-0.16667857092679328, 0.4376623211805958, 0.28323745464068906, -0.5656390940841634, -0.436872468773325, -0.5559924029498641, -0.2417757393952915, -0.024488143263588405, 0.31419224708586857, 0.1853557156844317, 0.4485124931111052, -0.07970525767788393], [-0.7135690746232025, -0.27740075721912, -0.5564007699218712, 0.31685056099676145, -0.20409897220893253, 0.05325821660145671, 0.40742158496849984, 0.5572492986247946, 0.11793946830930938, -0.13643150835120385, 0.39519400853668163, 0.0527643720278067], [0.33975051943659323, 0.12927090185123996, -0.5806523511606346, -0.14097809113482124, -0.5597553303419947, 0.4647460464378965, -0.7671849891801695, 0.5443437683196294, -0.5715772074493608, 0.699029726340554, 0.0182265212478689, -0.12596105315737993]], "inverted": false, "swapped": true, "error_lsq": 0.04808618968579239, "error_max": 0.27998410189925954, "target": "148.xyz", "model": "16.xyz", "model_rescale": 3.795458400668931, "target_rescale": 3.9703573282223785},
{"mapping": [10, 2, 1, 12, 9, 5, 8, 13, 7, 4, 0, 6, 14], "R": [[0.24889649162357816, 0.7487003084431795, -0.6144089717725173], [0.8679734874715662, 0.10904255999005696, 0.4844912229930092], [0.42973545525581314, -0.6538788635885875, -0.6227117071712851]], "T": [-0.053005547505664344, 0.07270175645956901, -0.11349043430305994], "aligned_model": [[0.139369862570777, -0.052070860521625476, 0.4388133980943111, -0.32961176404662706, 0.5518711956984397, -0.3156025371640398, -0.822196280761115, 0.22921570194406504, -0.3726465031866606, -0.6156049704987143, 0.25366768943868756, -0.017600458945445804, 0.06102732828217049], [-0.3899254820150576, 0.2957452816776454, 0.3652942569218798, -0.6188013911130524, 0.12851987118081099, 0.5822380476201924, -0.0016332068312707587, -0.417482477675832, -0.32117432021222636, 0.437216170207244, 0.6117739152902011, 0.24338761596723107, 0.04862298445271984], [-0.5142148180767376, -0.8834269485777864, -0.4252011319851934, -0.10101891253448378, 0.27567604112497723, -0.20951892656766657, -0.2567367364778614, 0.15996021346671518, 0.41483731787786426, 0.3355712177678591, 0.16450158255084268, 0.7279694191361673, -0.08612328686840086]], "inverted": true, "swapped": true, "error_lsq": 0.04186155067423794, "error_max": 0.21825513220673734, "target": "148.xyz", "model": "17.xyz", "model_rescale": 3.7474275329858107, "target_rescale": 3.9703573282223785},
{"mapping": [10, 13, 12, 9, 2, 5, 3, 7, 1, 8, 0, 6, 4, 14], "R": [[-0.988678626914632, -0.03933190097236254, 0.14480184476759325], [-0.032158765007176224, -0.88706485539678, -0.4605233502799864], [0.14656188629862513, -0.45996624211542975, 0.8757571978572594]], "T": [0.015570143395947271, -0.09883256091726675, 0.00838471258047045], "aligned_model": [[0.5080641465589718, 0.16726023003536375, 0.6581532974737031, -0.43955502906476795, 0.21526312209197507, -0.2454216472204012, 0.6953804777820638, 0.18561540664697457, -0.24298340489315837, 0.4249232235650206, -0.6593342961404365, -0.5443104916914621, -0.28789903134195644, -0.020308355919013282], [-0.3546342143845499, 0.195043177802825, 0.2599380305422164, -0.021708326917624726, -0.8335074613264357, -0.25573724388023367, -0.33066693853097695, 0.6132026728031051, -0.6578856869401958, 0.1042002598304208, -0.16853432686870456, 0.5457838821358244, 0.3764111549596152, -0.11149673771405227], [-0.31352748486379317, -0.5257799077461031, -0.10656611945857342, -0.5460113659769912, 0.25923731624099955, 0.5034302539290831, 0.2648417089550184, -0.014622947757751264, -0.20438152200210033, 0.6478433143957815, -0.031269914338413925, -0.08880162226909523, 0.5855286343590999, -0.10512562480550551]], "inverted": true, "swapped": true, "error_lsq": 0.035628583236494725, "error_max": 0.2012743902106997, "target": "148.xyz", "model": "18.xyz", "model_rescale": 3.922800546911778, "target_rescale": 3.9703573282223785},
{"mapping": [8, 5, 12, 7, 4, 13, 6, 10, 11, 1, 3, 0, 9, 2, 14], "R": [[0.6711868425924779, 0.7402795106477063, -0.03865835544786118], [0.7403868254323949, -0.6668874818046417, 0.08419284612367162], [0.03654546561313635, -0.08513126762510054, -0.9956993000980079]], "T": [-0.06478357846275815, -0.01600221690852378, 0.040849570511333956], "aligned_model": [[-0.6516429143241292, -0.3250139605806378, 0.02781833668920368, 0.550541226628231, -0.33014696464387705, -0.17777467731252847, -0.5351092201846802, 0.12707993575630924, 0.24087978576072241, -0.35096658130311054, 0.4236394710095075, 0.21939484891243724, 0.6891440216134233, 0.3708245669422511, 0.018683144706587176], [-0.09788446317375449, -0.7314933202964398, -0.5715952316006746, -0.05039376413578055, 0.6335581912077627, 0.17146387563041576, 0.3792223071097711, 0.7120776306870639, 0.5165704962337068, -0.13374648044081947, -0.4284985370150523, -0.6562313454070946, 0.24097992264513424, 0.12313899351711709, -0.01909374637563961], [-0.111735067249253, 0.0945743262691775, -0.5081088358383544, -0.467484595936001, -0.13669109687070277, -0.6102289366973501, 0.3544721753511098, 0.33013969253419456, -0.319954844312975, 0.7133215782754951, 0.019898335991851687, 0.4966915608033644, 0.20906532396141175, 0.5922244248580679, -0.007381745263740587]], "inverted": false, "swapped": false, "error_lsq": 0.04064313417064916, "error_max": 0.23202618325873922, "target": "148.xyz", "model": "19.xyz", "model_rescale": 3.9282355846067225, "target_rescale": 3.9703573282223785},
{"mapping": [13, 9, 0, 11, 10, 1, 2, 5, 3, 8, 6, 7, 4, 14], "R": [[0.8039032112528459, -0.1344764256525839, 0.5793580221944523], [-0.5790425952964771, 0.04550002135074853, 0.8140266708710484], [-0.1358281994641859, -0.9898716275360087, -0.04128996524012607]], "T": [-0.032784898190889505, -0.06334034029549739, 0.045915531398558314], "aligned_model": [[-0.5577695967029841, -0.10590988566738027, 0.42828101398616825, -0.5104603567582487, -0.5571209802150628, 0.10039776783723, 0.1260281037568234, 0.5187016224748064, -0.29608010182928646, 0.08250915205069217, 0.18374835879335974, -0.29202617064389114, 0.495484213804982, -0.08326032180253179], [-0.3997366684552036, -0.7438862326069104, -0.5244884345723758, -0.38967436405228106, 0.18180041387265555, -0.14881122347486325, 0.5178394138791467, 0.11971984041234889, 0.652400387517272, 0.5262138908302931, -0.7635255356731948, -0.24262644567796116, -0.11040896835443982, -0.15193398621965043], [0.12294312730040524, -0.1820145163396553, -0.14562425008791596, -0.586201602567307, -0.2308334083734675, -0.5862370698185236, -0.4828188513919286, 0.05846423958839956, 0.05300825035655572, 0.5527021378916982, 0.4945756574132075, 0.7070428815523025, 0.6539957280061519, -0.016819166286239896]], "inverted": true, "swapped": true, "error_lsq": 0.045023970346410085, "error_max": 0.26931796599822627, "target": "148.xyz", "model": "20.xyz", "model_rescale": 4.067790424073018, "target_rescale": 3.9703573282223785},
{"mapping": [6, 13, 10, 9, 3, 11, 2, 0, 12, 4, 1, 5, 7, 8, 14], "R": [[0.5501685480502612, 0.7836129131889304, -0.28855739640464095], [0.4678675133619503, -0.5754858223644752, -0.6707578238067662], [-0.6916751829267641, 0.2340232264990835, -0.6832412244457926]], "T": [-0.028792435659355818, 0.004866211904251266, 0.07796961929048284], "aligned_model": [[-0.7614047013787307, -0.1115091951108611, 0.2713840491450858, 0.6207221117745367, -0.48498133006958233, -0.3397574635752119, -0.41711705064906557, 0.19906141241640898, 0.1526194617527564, -0.3571377173586366, 0.6292023921968065, -0.04717233431454301, 0.6765120953113577, 0.26429929250628376, 0.002629997023104881], [-0.05326082119410622, -0.6208564183927292, -0.40680904926419337, -0.006563236001838876, 0.6425653319885349, -0.02793208986994114, 0.5138595552556933, 0.63395290915446, 0.3885467888076498, -0.07444559986109245, -0.48506503029929693, -0.4844059257491503, 0.1570001016674257, -0.06956108950769296, -0.01895089814800588], [0.16432596726837068, -0.22493735111011337, -0.5636723204749989, -0.34870369820335556, -0.252146332325499, -0.48794316267610927, 0.45724748755588357, 0.31627736314462035, -0.5599118785459882, 0.8048612943264521, 0.09572590567717136, 0.4077287366767679, 0.2678768476586894, 0.5614214911562021, 0.010651945748203148]], "inverted": false, "swapped": false, "error_lsq": 0.04217034255277034, "error_max": 0.2694403276555221, "target": "148.xyz", "model": "21.xyz", "model_rescale": 4.186013935880536, "target_rescale": 3.9703573282223785},
{"mapping": [5, 2, 8, 6, 9, 4, 0, 1, 12, 10, 11, 13, 14], "R": [[-0.06530706857337776, -0.9929592542300902, -0.09882765925172576], [-0.9976218431316628, 0.06715736817051787, -0.015509545673340872], [0.022037352403046714, 0.09757974861226379, -0.9949836922079834]], "T": [0.03796159192161703, -0.00015686988741194646, -0.05436599474291898], "aligned_model": [[0.04749348980265013, -0.5358397410482144, 0.49361734398664425, 0.551393769485159, -0.1310012667467803, 0.6602117410379682, -0.1013287282705378, -0.5808981924319517, 0.3869941054111194, -0.2716309228932171, -0.5742336868257464, 0.13172938937005732, -0.017933265453924915], [-0.347510256789158, 0.16294501695470653, 0.27553149963220464, -0.544230878795685, -0.3426887228915446, -0.41771733217976303, -0.6535553022554983, -0.20196445520765458, 0.6451192456153656, 0.5497857789628577, 0.16211321370117743, 0.24459579139236265, -0.013466938593277706], [-0.5202636764764187, -0.5898109765903223, -0.6323567667297498, 0.36849655946900467, 0.55765162270406, -0.353520216169701, 0.07051604319064281, -0.023607720337344117, 0.07462307563135354, 0.061080311727697956, 0.5228039719771449, 0.5166054658045605, 0.0506618671344177]], "inverted": true, "swapped": true, "error_lsq": 0.03458832379404961, "error_max": 0.21598309112557348, "target": "148.xyz", "model": "22.xyz", "model_rescale": 4.166573947596378, "target_rescale": 3.9703573282223785},
{"mapping": [9, 8, 7, 5, 14, 10, 11, 12, 13, 3, 1, 4, 6, 2, 15], "R": [[-0.3106833585959321, 0.6834561049960888, -0.66057823400043], [0.7480801423824297, 0.6045561902094518, 0.27365656113551645], [0.5863889078628919, -0.4091449198303804, -0.6991054879718486]], "T": [-0.029371067986245745, -0.008711043657305243, 0.08820467754057232], "aligned_model": [[-0.6263339951511966, -0.4646195618689581, 0.12467913325663801, 0.6209692781751306, -0.3023000099490178, -0.22471893317272662, -0.3827880391433139, -0.0036459315115213928, 0.20089889590849444, -0.28968095261888394, 0.6281063317818476, 0.045814933423194294, 0.6174301646799346, 0.3162408427891695, 0.037298863070918446], [0.05401521662905755, -0.681723434458041, -0.34415695531297336, -0.028076531618654275, 0.6008929286580252, 0.04615350432739601, 0.39784144336174126, 0.6284279088655375, 0.3176316039975211, -0.2077171969228454, -0.26025435928555263, -0.6641193462077833, 0.332968454269188, -0.07844231477798105, -0.025366392938919225], [0.10044584346687313, -0.019925848319122474, -0.5242773413797714, -0.4292355540147886, -0.3359068087418643, -0.6327463097294344, 0.6643165132315221, 0.23911368244309122, -0.6583134796031753, 0.5922502776017764, 0.20022472049751888, 0.41168657116764135, 0.2979924705245135, 0.6613531715167433, 0.08182438721477238]], "inverted": false, "swapped": false, "error_lsq": 0.045121796807911556, "error_max": 0.26542349287508465, "target": "148.xyz", "model": "23.xyz", "model_rescale": 4.274766983524099, "target_rescale": 3.9703573282223785},
{"mapping": [8, 5, 2, 10, 1, 11, 13, 9, 6, 0, 14], "R": [[-0.4119053957414405, 0.9112158657711932, -0.004426163795260729], [-0.7037515128906299, -0.3212014557760402, -0.6336903288764176], [-0.5788503719124979, -0.2579055462261478, 0.773574156860579]], "T": [0.03296604526803927, 0.036217601260672264, -0.10044544554087978], "aligned_model": [[0.3513013613721647, 0.24459504852103553, -0.5024306342846029, -0.5080923437461631, -0.41735996412563275, -0.6294569901685292, -0.04842610191130335, -0.005110757517558379, 0.7047662939116186, 0.2087513622717863, -0.018642570364740596], [-0.011554377323710993, 0.5438585219263853, 0.4814554565217641, -0.27844963053597316, 0.422158756456417, -0.15094471174123947, -0.5060851062847557, -0.012294802576646266, -0.05450258962630193, 0.473943057077294, 0.008001957350250659], [-0.8174391962551261, -0.2883809210684892, -0.49751618427831124, -0.24134485945848352, 0.16958365588540344, 0.40985427084825077, 0.20612879598638875, 0.6183304484350314, 0.4276607376928032, 0.38886302135374506, 0.0038266648803648856]], "inverted": false, "swapped": true, "error_lsq": 0.04287792461237397, "error_max": 0.2476303737828189, "target": "148.xyz", "model": "24.xyz", "model_rescale": 3.7841303162186577, "target_rescale": 3.9703573282223785},
{"mapping": [7, 11, 3, 5, 1, 6, 0, 8, 4, 10, 12, 14, 2, 9, 15], "R": [[0.7920527797265158, 0.31154090795118217, -0.5249711009193294], [0.26176931085509825, 0.6035577306041957, 0.7531234252912069], [0.5514791220181834, -0.7339348257855505, 0.3964977294729282]], "T": [-0.03708818726249075, -0.007249114733522501, 0.10405621260010008], "aligned_model": [[-0.6862136081100879, -0.47331677126683736, 0.16257369315432346, 0.7076710308934838, -0.16907792618386772, -0.35007940219117994, -0.5552429848996432, 0.08065587461919485, 0.20823652080253538, -0.41421190499321403, 0.6210277805553104, 0.2522652388431693, 0.6286614372936806, 0.34225233255756055, -0.05785029140471797], [-0.0297030113356501, -0.5962116852435124, -0.3495503491832456, -0.051089266958210124, 0.7042914189214877, -0.017737161817546206, 0.48489055600422176, 0.5405216688396104, 0.34810596261800414, -0.2724751698239296, -0.3839768741844391, -0.5597500758857096, 0.34695808321455524, -0.05788112444109491, -0.018318442138825747], [0.134675987861686, -0.12453793036623627, -0.5973472989649395, -0.3571926285564943, -0.06718972629660415, -0.5470604839212341, 0.2791107741611734, 0.2925801850655155, -0.504419669807457, 0.7307043965943864, 0.1155224495794714, 0.5942768211401608, 0.11443533839709437, 0.5464111358707122, 0.0388329451190616]], "inverted": true, "swapped": false, "error_lsq": 0.04228041124974709, "error_max": 0.2678370091613724, "target": "148.xyz", "model": "25.xyz", "model_rescale": 4.19342608120988, "target_rescale": 3.9703573282223785},
{"mapping": [8, 5, 2, 13, 10, 7, 11, 6, 1, 4, 0, 14], "R": [[-0.8036267367235891, -0.26733039613575343, -0.5317128241117537], [-0.521979087513158, -0.11254654261099462, 0.8455005073595419], [-0.28587042558111253, 0.9570097883763848, -0.0490954654714757]], "T": [-0.05999005841718609, -0.048090149238002346, -0.06454508423343143], "aligned_model": [[-0.16667857092679328, 0.4376623211805958, 0.28323745464068906, -0.5656390940841634, -0.436872468773325, -0.5559924029498641, -0.2417757393952915, -0.024488143263588405, 0.31419224708586857, 0.1853557156844317, 0.4485124931111052, -0.07970525767788393], [-0.7135690746232025, -0.27740075721912, -0.5564007699218712, 0.31685056099676145, -0.20409897220893253, 0.05325821660145671, 0.40742158496849984, 0.5572492986247946, 0.11793946830930938, -0.13643150835120385, 0.39519400853668163, 0.0527643720278067], [0.33975051943659323, 0.12927090185123996, -0.5806523511606346, -0.14097809113482124, -0.5597553303419947, 0.4647460464378965, -0.7671849891801695, 0.5443437683196294, -0.5715772074493608, 0.699029726340554, 0.0182265212478689, -0.12596105315737993]], "inverted": false, "swapped": true, "error_lsq": 0.04808618968579239, "error_max": 0.27998410189925954, "target": "148.xyz", "model": "26.xyz", "model_rescale": 3.795458400668931, "target_rescale": 3.9703573282223785},
