[{"mapping": [1, 5, 12, 3, 13, 10, 4, 8, 11, 0, 7, 6, 2, 14], "R": [[0.23844187468626477, -0.634521957880164, 0.7352056565098116], [-0.10038064271158254, -0.7690890787733166, -0.6312097238481209], [0.9659550708831696, 0.07670641354889957, -0.24707676369006454]], "T": [-0.05553795412578061, 0.1363146404320241, 0.04198854202604746], "aligned_model": [[-0.02730077767530975, 0.26606073525755186, -0.5009599178007407, -0.3692011410098894, -0.7982576238249222, -0.17197170701673486, -0.5496627625384451, 0.06536587042781192, -0.4203676814812937, 0.39191351896685805, 0.7021737421578509, 0.155187197386368, 0.640987278475635, -0.012474630196436395], [-0.6498269788072831, -0.3484164867494204, -0.36150743887701187, -0.4638502581345064, 0.1867280102487847, 0.4806251900449898, 0.15915110998133802, 0.5382991299591717, 0.7452892974084393, -0.06738660901460716, 0.447853776322756, 0.6527628281267889, -0.1619462934708881, 0.07749805477148324], [0.23647620782139717, -0.21176246884374855, 0.512996726446572, -0.19877156725906106, 0.3687236501657037, -0.5719283437623364, -0.27262732898537406, 0.6920898123491441, 0.14278617024571078, 0.5888070339128584, 0.28652046274904175, 0.08279992873853181, 0.1344057173583041, 0.10707208624309007]], "inverted": true, "swapped": true, "error_lsq": 0.047653886238146655, "error_max": 0.23805404507807332, "target": "15.xyz", "model": "0.xyz", "model_rescale": 3.8414455957264533, "target_rescale": 4.355366556412066},
{"mapping": [6, 8, 5, 12, 11, 10, 4, 2, 7, 3, 1, 0, 8, 13, 14], "R": [[-0.5191056333151093, 0.3130689351002251, -0.7953094890265868], [-0.49812378599375345, -0.8669556644274384, -0.016142172853378017], [-0.6945516793499018, 0.3877830808485462, 0.6059886524678835]], "T": [-0.1498168325690377, 0.058414729748081505, 0.00533506086215], "aligned_model": [[-0.658701585428431, -0.37560869539754926, -0.12812054501910589, 0.23685902238775988, 0.5174723189611222, 0.057418818826381834, -0.07108934176549553, -0.5901824599149881, -0.5108595783820457, 0.3714988060736859, 0.6879322686919327, 0.07895091650177527, -0.37560869539754926, -0.20126336751664897, -0.06440384608863398], [0.04165216203205766, -0.6849808056524904, 0.3437486729423435, -0.5851064396047341, -0.3667728211507215, -0.19566307659551244, 0.5879079850395474, 0.5992560229751905, 0.3366654801326325, 0.5572023264182082, 0.2667457178295487, 0.28953279989354425, -0.6849808056524904, -0.46843729880499996, 0.061374770079526644], [-0.5869338800881945, -0.13848256715159138, -0.5883286460883911, -0.13123664797715323, 0.32188859020720556, -0.5953971203340411, 0.10154373843759257, -0.23585684905828322, 0.45830267310540934, -0.29932511105834286, 0.06254112618898314, 0.6532294381679554, -0.13848256715159138, 0.5481307818205204, -0.022230478659561764]], "inverted": false, "swapped": false, "error_lsq": 0.047338519175386645, "error_max": 0.3557626849404834, "target": "15.xyz", "model": "1.xyz", "model_rescale": 4.316132596720782, "target_rescale": 4.355366556412066},
{"mapping": [2, 5, 9, 8, 7, 0, 11, 12, 10, 1, 4, 14], "R": [[0.8867387230774597, -0.4358535860443946, -0.15403275147577433], [-0.07141798337996444, -0.45837494754950736, 0.8858848001342643], [-0.4567208213393552, -0.7745476479799211, -0.4375865998449642]], "T": [0.05652516051605513, 0.11036665729882895, -0.08915485203566631], "aligned_model": [[-0.18165352330587084, 0.3209996939358637, 0.14779087970751034, -0.6866861250908524, -0.5450015427030976, -0.512106739812373, -0.10269742096880877, -0.011209084978122931, 0.5106032376648889, 0.14843673517556838, 0.5047943859033074, 0.004538059103768005], [-0.5636513580658989, -0.3658155597907073, -0.5355480513235925, 0.28870383521286963, -0.44947697240543866, -0.1675791848723065, 0.6019187750276281, 0.5752827408186709, 0.08845282905660339, -0.009749993465538495, 0.47042061012783615, 0.07981875742085479], [0.1784615678195708, 0.2365494240940499, -0.5609885767926406, -0.21029015740934587, -0.32520621026706276, 0.28517301710703613, -0.5862823102978091, 0.5796809764264864, -0.6390033766565384, 0.7069391678095892, -0.20352193447429687, -0.012253126149617752]], "inverted": false, "swapped": true, "error_lsq": 0.05284921043514738, "error_max": 0.2795973964749161, "target": "15.xyz", "model": "2.xyz", "model_rescale": 3.795458400668931, "target_rescale": 4.355366556412066},
{"mapping": [11, 10, 9, 1, 8, 0, 5, 13, 3, 12, 7, 14], "R": [[-0.36975682008104654, -0.7905727079848911, 0.4881338826520742], [-0.9276189073955162, 0.344042469700397, -0.14545769723462662], [-0.05294390093203821, -0.5065861944742353, -0.8605622411669076]], "T": [0.006831100398370711, -0.07430439632563095, 0.00881993351095637], "aligned_model": [[0.137640036070965, -0.34982507071380947, -0.7967610191430734, 0.354684955523543, 0.12799895182626303, 0.024310656170164598, -0.21481394237466594, 0.7393992184011987, 0.3217282384736489, 0.7722283359017164, -0.5517223134099682, 0.028435779017582426], [-0.14110433716800036, -0.6223235716999365, -0.1229122018293081, 0.04063930846096163, 0.5657819174081177, 0.6098536329740751, -0.14874714589312424, -0.20372814999983369, -0.4942373784758585, 0.03532714342819404, 0.5684184614526057, -0.0011986333681832662], [-0.6929904503593658, -0.2766128520495453, 0.0025515375943228405, 0.7316111038949801, -0.408850737040473, 0.27778041191442165, 0.5988295183823247, -0.3190875091858972, 0.4997822675398128, 0.2738185288615547, -0.0680235446863908, 0.06996315577335566]], "inverted": false, "swapped": true, "error_lsq": 0.04542468506697927, "error_max": 0.255458726363167, "target": "15.xyz", "model": "3.xyz", "model_rescale": 3.7530521520055578, "target_rescale": 4.355366556412066},
{"mapping": [8, 13, 12, 3, 0, 10, 7, 6, 9, 5, 14], "R": [[0.09615935227247614, 0.7510378423884588, 0.6532193645866803], [-0.9923180780392974, 0.12365089151666668, 0.003910118096478454], [-0.07783451012843029, -0.6485773788281719, 0.7571586179298532]], "T": [-0.05677301273940075, 0.04239928973106613, -0.04558391983342445], "aligned_model": [[-0.4624578107552121, -0.13050488919820927, 0.4238476831337983, 0.5374152135921847, 0.1527985921309372, -0.39734964079785495, -0.3506715329446636, -0.5678408264750346, -0.3085809305023598, 0.4390872211543321, 0.0024565231072872645], [-0.612131618390978, -0.036028184823170314, -0.2670246374515163, 0.36782314490126844, -0.6171950965382484, 0.662683507479892, -0.42582703982774994, -0.06110440616211214, 0.3069279317387692, 0.18207516752281358, -0.03299541013462218], [-0.1220696130027609, -0.8514018819900295, -0.6298243139761251, -0.28555807818330664, 0.2028762800021521, 0.04527622365766946, 0.6066179448205142, 0.15661910694499137, 0.6718975616292018, 0.325081476170939, -0.026683928827929408]], "inverted": true, "swapped": true, "error_lsq": 0.04762384464055944, "error_max": 0.22601341802705144, "target": "15.xyz", "model": "4.xyz", "model_rescale": 3.7855080009869324, "target_rescale": 4.355366556412066},
{"mapping": [1, 2, 12, 9, 10, 14, 6, 11, 4, 13, 8, 7, 3, 5, 16], "R": [[-0.7026693091133999, -0.6682423806626628, -0.24435212852847066], [0.4768877820614027, -0.18744439230286547, -0.8587448067468972], [0.528047237802314, -0.7199421646774875, 0.45038804843028435]], "T": [-0.03433432737052251, 0.005932136129733321, -0.05174218379574903], "aligned_model": [[-0.761321608533172, -0.3536055287575052, -0.2339360857843415, 0.24532699057195373, 0.43992095249807806, 0.13805327125113698, -0.07658918030067242, -0.30960626020837406, -0.555487031739645, 0.2963812659368417, 0.5873678527994786, 0.022058617204506727, -0.16448880430396884, -0.27681835498305973, -0.02296205911904673], [0.11838872262412753, -0.5419051908500194, 0.2377671004015039, -0.6301909823157907, -0.32915369997090055, -0.24224315191804313, 0.608403758749007, 0.6871727240956477, 0.27036971546452737, 0.5465012985849315, 0.2862472210776654, 0.18077064148954772, -0.6675988673563564, -0.3990585508321668, -0.027326049362030952], [-0.2304792761161107, -0.43085410752182224, -0.6595883406392148, -0.20682585371254464, 0.388443783763167, -0.6570428865681233, 0.19588564058857455, -0.35600005567404336, 0.4015495646727759, -0.40285443909487983, 0.12209603491958766, 0.6746329291600931, 0.05703467438852798, 0.6057433935717199, -0.09237858137719114]], "inverted": true, "swapped": false, "error_lsq": 0.03001153791351492, "error_max": 0.247586834563987, "target": "15.xyz", "model": "5.xyz", "model_rescale": 4.2253639853439635, "target_rescale": 4.355366556412066},
{"mapping": [8, 7, 10, 11, 6, 5, 4, 13, 2, 0, 9, 3, 12, 14], "R": [[-0.6857965458603469, -0.47759930285818275, 0.5491648237054114], [-0.48125603487276014, -0.2684531309680737, -0.8344612305985146], [0.5459631183372797, -0.8365595151469001, -0.045743316808223244]], "T": [0.01851815231193666, -0.0593291894434831, 0.1044321843778684], "aligned_model": [[0.45953373990868374, -0.21688756949547058, -0.4615278217762751, 0.24634857507544947, -0.10812707366367313, -0.324628942392137, 0.02228715956247785, 0.6902537617974829, -0.2560386648277539, 0.25013201644561245, -0.7219229520620332, 0.04167005274915591, 0.6982519390626167, 0.054717932373647034], [-0.12445818861599324, 0.18823693153981053, -0.564824924195837, -0.7106303725421149, -0.33396555619992235, 0.4280393555986883, -0.4407226671716543, -0.4218465764070014, 0.5881710374473575, 0.5022205934179045, -0.07417181737230462, 0.16745753059862795, 0.21275560815236427, 0.02883819238506523], [-0.5281058708024303, -0.679324582744852, 0.2561900209203018, -0.09053215085878895, -0.3660199833616695, 0.3223806436262532, 0.5496161762883606, 0.3842218582465458, -0.19223248992279546, -0.3099762399786515, -0.21130342254980233, 0.7860330232999849, 0.46776137427259257, 0.08284985249639928]], "inverted": false, "swapped": true, "error_lsq": 0.0480040216312407, "error_max": 0.3922007244991419, "target": "15.xyz", "model": "6.xyz", "model_rescale": 3.89814844738969, "target_rescale": 4.355366556412066},
{"mapping": [4, 10, 5, 13, 1, 9, 11, 12, 8, 7, 2, 0, 14], "R": [[-0.08508267522408947, 0.7765937897301531, 0.6242299449155507], [-0.1670817295726641, -0.6287506962050912, 0.7594447034936915], [0.9822650528343762, -0.039681831789530386, 0.18325042484564164]], "T": [-0.07179766403977793, 0.046779067846866154, -0.1325084980155276], "aligned_model": [[-0.011860764201130372, -0.2952970667450665, 0.4320435269640893, -0.13893135500654197, 0.6648593218887009, -0.2884196873454365, -0.6683499441411621, 0.3582435452789239, -0.5883601584681485, -0.46221181888335805, 0.16728118101689604, 0.0074710980571389, -0.027836077510682747], [-0.28109875808827883, 0.19106170657961913, 0.43247673018243155, -0.7633830996132517, -0.021061184190384205, 0.7833736351213141, -0.31521355142170504, -0.55943286555189, -0.09212873164088918, 0.6513416723124211, 0.6428485216661727, 0.2357976474771376, 0.05919954263778824], [-0.6147612079305467, -0.794498719388816, -0.14519414761652183, -0.1402658467133512, 0.19821135483112312, -0.37471842475903144, -0.2974258875093869, 0.20756194800323385, 0.42669516692167636, 0.3290761129808069, 0.280032931066943, 0.5736826395516574, -0.04612088860149148]], "inverted": true, "swapped": true, "error_lsq": 0.05405908943145006, "error_max": 0.2780311440472287, "target": "15.xyz", "model": "7.xyz", "model_rescale": 3.7474275329858107, "target_rescale": 4.355366556412066},
{"mapping": [9, 8, 5, 2, 1, 3, 10, 7, 11, 6, 0, 12, 4, 13, 14], "R": [[-0.29213405514446944, 0.10537636398596231, -0.9505543202457953], [-0.901657850069537, 0.3010260306593229, 0.31047777742291477], [0.3188586132329323, 0.947775896917932, 0.0070734707591764145]], "T": [-0.05266110100650241, 0.010863765372143463, 0.028609671940617996], "aligned_model": [[-0.7568626842610346, -0.3135920113817883, -0.24908775530402938, 0.30019772167322883, 0.5950083919111, 0.2952192902261114, 0.048855393147151885, -0.35643401114858625, -0.5320988836387628, 0.24115634002980113, 0.5526769977691571, -0.06825981796424324, -0.33161482381006685, -0.4048955605776346, -0.045974550138194445], [0.12597322921176954, -0.43108354236058477, 0.17550445523021707, -0.7364430932818418, -0.2769402115247836, -0.06935310388422156, 0.7368298537031546, 0.5630808543871992, 0.3182802669249595, 0.5685030037496869, 0.25272853468940215, 0.10921068769395095, -0.7197463316279262, -0.4747180548234729, -0.0436818582058576], [-0.23820558542815082, -0.4206207289173851, -0.6402187640176815, -0.13142971732225328, 0.2785995094861095, -0.5932255347397073, 0.22336849637839323, -0.22956844019820113, 0.2778374046421693, -0.4906666413669854, -0.06772545748131434, 0.6374833712399524, 0.05350048432403677, 0.6981266695431533, 0.05210741421838036]], "inverted": false, "swapped": false, "error_lsq": 0.044266122227419005, "error_max": 0.274838643992946, "target": "15.xyz", "model": "8.xyz", "model_rescale": 4.019505241142653, "target_rescale": 4.355366556412066},
{"mapping": [5, 3, 10, 9, 2, 6, 11, 1, 0, 12, 13, 8, 14], "R": [[0.3242368536037603, -0.942626594605058, -0.0795334263590155], [-0.09774278255422525, 0.050242434007626874, -0.9939426775642278], [0.9409127543102447, 0.33004666483432377, -0.07584449754628456]], "T": [0.025712758128537384, -0.020173851988342775, -0.06840040493318188], "aligned_model": [[-0.20195890271582748, -0.6762258195860685, 0.04961775792561927, 0.4705157184129455, 0.258022294525919, 0.5498781728355583, 0.2791273737611843, -0.48999733973070975, 0.29296803807383404, -0.4960667336855131, -0.30994555667662255, 0.568206069424645, 0.025559699176212165], [-0.6024058889640764, -0.17020916702608985, 0.18225658788574844, -0.395425088650487, -0.7317993417371764, 0.12965934844106614, 0.6466912569178437, -0.48276771740869373, -0.4090026155222149, 0.10494063503775573, 0.6443832845547444, 0.22619178695679748, -0.07913485237115819], [-0.17772116305610375, -0.10472626153927542, -0.7521042765327547, -0.6247268756660782, 0.0808288156573325, -0.19326040418241347, -0.14039334739178555, 0.3519464119003493, 0.4956069450706444, 0.548177883057253, 0.2581377313956835, 0.42540715417656716, 0.009530881154459866]], "inverted": true, "swapped": true, "error_lsq": 0.05858450649870773, "error_max": 0.38746181738686175, "target": "15.xyz", "model": "9.xyz", "model_rescale": 3.877068213659057, "target_rescale": 4.355366556412066},
{"mapping": [4, 7, 2, 8, 11, 9, 6, 13, 3, 14, 10, 12, 1, 0, 15], "R": [[0.012077029047136922, 0.9991450731390102, 0.039538186496563044], [0.46108350655455344, -0.040650914388266735, 0.886425125514138], [0.8872745602984187, 0.007525023683696952, -0.46118025615350017]], "T": [-0.11097081128128157, 0.0568538637814318, -0.016767766355288906], "aligned_model": [[-0.7419879477253619, -0.4651219689450937, -0.17709018043825114, 0.2038628684978705, 0.49360845417361027, 0.3662402008218003, -0.045793149689628276, -0.28174636413920323, -0.6141060355554847, 0.3199717359615162, 0.5301761148357874, 0.00508152599800879, -0.5617811051455887, 0.03624855055563368, -0.09326866267340575], [-0.015382556060016067, -0.5239969096546129, 0.06547690812099487, -0.6055147326533952, -0.2132850420892306, -0.03433052154085055, 0.5873583142351577, 0.715249831995002, 0.32838950024256414, 0.529772595157576, 0.3496197659340813, 0.09345917312465372, -0.6622375045677973, -0.5124361871059224, -0.003997945256553961], [-0.250626597506422, -0.46785080299149284, -0.6770019900048262, -0.256497890331759, 0.30906065410666067, -0.46353432922744814, 0.29083827325232686, -0.3841761978723922, 0.25870398710488035, -0.46415791055613387, 0.06341655335409824, 0.720380198474996, 0.16374343306193617, 0.5198897902809662, 0.04717530921512624]], "inverted": false, "swapped": false, "error_lsq": 0.042591795657914336, "error_max": 0.30659589518150854, "target": "15.xyz", "model": "10.xyz", "model_rescale": 4.260839863003843, "target_rescale": 4.355366556412066},
{"mapping": [12, 11, 6, 8, 7, 0, 1, 3, 10, 9, 5, 14], "R": [[0.5664391423166981, -0.8172101513731207, 0.10636854113996813], [-0.26367088216516127, -0.3020026558227416, -0.916117930058274], [0.7807844542188129, 0.4908787674861608, -0.3865406468684743]], "T": [0.0953298743296424, -0.059121656047715444, -0.026762414689459706], "aligned_model": [[0.4566354502017364, 0.008897206766460206, -0.3381305336075315, -0.4938207467797647, -0.7283814306687317, -0.37989374116753566, 0.3821678051731349, 0.7379705163510499, 0.2881189340103246, -0.25913254102316435, 0.22079887879293147, 0.06366885104522092], [0.13915867626559988, -0.7623908562305052, -0.3744866690244786, -0.2962300877213358, 0.10550108887649859, 0.38330305994162805, 0.6242771982962732, 0.2599365949970359, -0.44236089735532763, 0.010724055655453, 0.5087264027329155, 0.01691993909917696], [-0.7326090331726854, -0.13654789054451896, 0.1327567775086135, -0.46894118347361047, 0.13254403841439888, -0.3719295753867031, -0.354377193189097, -0.06874774740487824, 0.543290721809732, 0.6927098077008796, 0.22737469249320777, -0.07934533735983386]], "inverted": false, "swapped": true, "error_lsq": 0.04482418720377173, "error_max": 0.2562385823366765, "target": "15.xyz", "model": "11.xyz", "model_rescale": 3.890672605050136, "target_rescale": 4.355366556412066},
{"mapping": [2, 7, 9, 1, 5, 13, 8, 3, 12, 11, 10, 6, 4, 14], "R": [[0.25371618301738147, -0.16331701547209646, -0.9533916566303579], [0.6103308035430782, 0.7916930617153566, 0.026803102026170145], [0.7504161570232556, -0.5886846766215779, 0.30054274702510636]], "T": [0.07501738159072448, 0.011087442901548235, 0.12291993739066859], "aligned_model": [[0.6150178682862028, 0.14862163549335466, 0.42248089850026604, 0.5509477115758966, 0.7066859479751327, -0.5120201499013123, -0.4465637303319743, 0.4406132986948229, -0.03514109281861935, -0.5954688354172972, 0.05821494542439863, -0.19347571478116532, -0.05898991227100363, 0.10895296436499113], [-0.01851529872784397, 0.3231746550519138, 0.7022150651285863, -0.6447083131231851, -0.05021127159858632, -0.414960806102404, -0.09040704832903981, -0.35203828223592526, -0.784274608228408, 0.24162558981067545, 0.603552639745907, 0.4106910743312791, 0.06270691261168271, -0.056697788506886636], [-0.4157553550593905, -0.6696477215184551, -0.10018098224888616, 0.13090011036951005, 0.11881530200956483, 0.49007068660101477, -0.4396571135304623, 0.6239461479234549, 0.27569616689285026, 0.22974418687798348, 0.5200385402163407, -0.16171629411759858, 0.691287294353844, 0.06124946658709075]], "inverted": false, "swapped": true, "error_lsq": 0.0532222927777825, "error_max": 0.3832311175307369, "target": "15.xyz", "model": "12.xyz", "model_rescale": 4.124412569039231, "target_rescale": 4.355366556412066},
{"mapping": [12, 8, 7, 13, 0, 1, 11, 3, 6, 4, 5, 9, 14], "R": [[0.05256797626355092, -0.31087910223923443, 0.9489946215139908], [-0.07788257890324952, -0.9486903374807345, -0.3064652467639188], [0.9955756685330022, -0.057799890671333856, -0.07408279735166584]], "T": [0.10309272496463083, 0.13873473151521415, -0.10870402216869296], "aligned_model": [[-0.21707860635582998, -0.06891457611482445, 0.6261920877854105, -0.6571478651730791, 0.47005812225277743, 0.3754506114232374, -0.47130629972597193, 0.08759014788833934, 0.0972500475506657, -0.28836927472432505, 0.6246304673641606, 0.6387986712697572, 0.15014477406944024], [-0.5182239243222375, 0.5092407484578891, 0.6823889977856159, -0.1039054505681504, 0.06980987660935951, -0.5970226155271687, 0.5676988273772832, -0.5148661261610772, 0.6919971700145191, 0.005797870933404864, -0.17899689390679285, 0.6388681159289293, 0.09469877988690265], [0.25731770025154965, 0.5485476085424277, 0.2935230325050632, 0.04650497773445231, 0.524780977209838, 0.09408587831349116, -0.09579706465454407, -0.4072228983716171, -0.027120159764047913, -0.5243351937869696, -0.2814018960658705, -0.44194273993806293, -0.03524214100787097]], "inverted": true, "swapped": true, "error_lsq": 0.04277120690721115, "error_max": 0.2939701700515459, "target": "15.xyz", "model": "13.xyz", "model_rescale": 3.9028299243045295, "target_rescale": 4.355366556412066},
{"mapping": [9, 7, 6, 4, 5, 3, 1, 1, 11, 2, 8, 12, 10, 13, 15], "R": [[0.46881987578028117, -0.7111931801389364, -0.523843664271344], [-0.06095999481242814, 0.5655918368460329, -0.8224291781822917], [0.881187722965902, 0.41750465221000516, 0.22180636212059437]], "T": [0.016475036527217435, -0.01340222741713129, -0.04430790094078407], "aligned_model": [[-0.7279348193249169, -0.48943683319616144, -0.31773529493747554, 0.3021078645112522, 0.30294633219326605, 0.17104271349661007, -0.239402058054433, -0.239402058054433, -0.5560807690599396, 0.43770563296462145, 0.6955036618589867, 0.03471483274842829, -0.26368242919996765, -0.05370976337381031, -0.08234297603981772], [-0.0806779984004711, -0.5851831255159886, 0.2558531891781871, -0.5937155996277472, -0.27140265097445626, -0.093864077469834, 0.5807412833762932, 0.5807412833762932, 0.3460120962400145, 0.555448164139531, 0.16411470763475, 0.289388210651239, -0.6912795474709039, -0.3119597822763769, -0.04607146297887871], [-0.2496695176379269, -0.5319017283006366, -0.5544189057481483, -0.2468259285188112, 0.29254787214141953, -0.6429097462106873, -0.10529279081789447, -0.10529279081789447, 0.2537824910151535, -0.24709790613484028, 0.27805063129848806, 0.5819712296464162, 0.08739910495871445, 0.6895782156294613, -0.09055775014229735]], "inverted": false, "swapped": false, "error_lsq": 0.04534270318308436, "error_max": 0.35423801844669206, "target": "15.xyz", "model": "14.xyz", "model_rescale": 3.942246331269136, "target_rescale": 4.355366556412066},
{"mapping": [0, 1, 2, 3, 4, 5, 6, 7, 8, 9, 10, 11, 12, 13, 14], "R": [[1.0, 0.0, 0.0], [0.0, 1.0, 0.0], [0.0, 0.0, 1.0]], "T": [0.0, 0.0, 0.0], "aligned_model": [[-0.6553409255066972, -0.2735126732895122, -0.28529124561759156, 0.24710894848001172, 0.4240171811213386, 0.119771859209419, -0.03782626510676968, -0.38560454745823364, -0.6164456918206607, 0.3425550595284603, 0.6553409255066972, 0.050753971482505204, -0.3987371964004434, -0.1334554376701719, -0.07903992592614197], [0.08530889310636615, -0.60161427656242, 0.20548233734366975, -0.6421386038983485, -0.27183670643219876, -0.1492756560392918, 0.5277739015137263, 0.7016288894217434, 0.3360110753124729, 0.6217503314418613, 0.23801707309200285, 0.22913146048081526, -0.7016288894217434, -0.45756224514928195, -0.02290289432772258], [-0.32244092014080594, -0.4689269831934596, -0.6775203560434414, -0.20770919927925507, 0.29996368458967354, -0.6051041550383474, 0.18114433992668055, -0.3000092375867463, 0.3254722608624181, -0.37979581708564164, 0.15125032335801314, 0.6775203560434414, 0.1296217878995408, 0.6586017647072678, -0.05270536865882143]], "inverted": false, "swapped": false, "error_lsq": 0.0, "error_max": 0.0, "target": "15.xyz", "model": "15.xyz", "model_rescale": 4.355366556412066, "target_rescale": 4.355366556412066},
{"mapping": [2, 5, 9, 8, 7, 0, 11, 12, 10, 1, 4, 14], "R": [[0.8867387230774597, -0.4358535860443946, -0.15403275147577433], [-0.07141798337996444, -0.45837494754950736, 0.8858848001342643], [-0.4567208213393552, -0.7745476479799211, -0.4375865998449642]], "T": [0.05652516051605513, 0.11036665729882895, -0.08915485203566631], "aligned_model": [[-0.18165352330587084, 0.3209996939358637, 0.14779087970751034, -0.6866861250908524, -0.5450015427030976, -0.512106739812373, -0.10269742096880877, -0.011209084978122931, 0.5106032376648889, 0.14843673517556838, 0.5047943859033074, 0.004538059103768005], [-0.5636513580658989, -0.3658155597907073, -0.5355480513235925, 0.28870383521286963, -0.44947697240543866, -0.1675791848723065, 0.6019187750276281, 0.5752827408186709, 0.08845282905660339, -0.009749993465538495, 0.47042061012783615, 0.07981875742085479], [0.1784615678195708, 0.2365494240940499, -0.5609885767926406, -0.21029015740934587, -0.32520621026706276, 0.28517301710703613, -0.5862823102978091, 0.5796809764264864, -0.6390033766565384, 0.7069391678095892, -0.20352193447429687, -0.012253126149617752]], "inverted": false, "swapped": true, "error_lsq": 0.05284921043514738, "error_max": 0.2795973964749161, "target": "15.xyz", "model": "16.xyz", "model_rescale": 3.795458400668931, "target_rescale": 4.355366556412066},
{"mapping": [4, 10, 5, 13, 1, 9, 11, 12, 8, 7, 2, 0, 14], "R": [[-0.08508267522408947, 0.7765937897301531, 0.6242299449155507], [-0.1670817295726641, -0.6287506962050912, 0.7594447034936915], [0.9822650528343762, -0.039681831789530386, 0.18325042484564164]], "T": [-0.07179766403977793, 0.046779067846866154, -0.1325084980155276], "aligned_model": [[-0.011860764201130372, -0.2952970667450665, 0.4320435269640893, -0.13893135500654197, 0.6648593218887009, -0.2884196873454365, -0.6683499441411621, 0.3582435452789239, -0.5883601584681485, -0.46221181888335805, 0.16728118101689604, 0.0074710980571389, -0.027836077510682747], [-0.28109875808827883, 0.19106170657961913, 0.43247673018243155, -0.7633830996132517, -0.021061184190384205, 0.7833736351213141, -0.31521355142170504, -0.55943286555189, -0.09212873164088918, 0.6513416723124211, 0.6428485216661727, 0.2357976474771376, 0.05919954263778824], [-0.6147612079305467, -0.794498719388816, -0.14519414761652183, -0.1402658467133512, 0.19821135483112312, -0.37471842475903144, -0.2974258875093869, 0.20756194800323385, 0.42669516692167636, 0.3290761129808069, 0.280032931066943, 0.5736826395516574, -0.04612088860149148]], "inverted": true, "swapped": true, "error_lsq": 0.05405908943145006, "error_max": 0.2780311440472287, "target": "15.xyz", "model": "17.xyz", "model_rescale": 3.7474275329858107, "target_rescale": 4.355366556412066},
{"mapping": [12, 0, 1, 8, 4, 10, 3, 2, 11, 5, 6, 7, 9, 14], "R": [[-0.03934781558893857, -0.9150487620532581, -0.4014193723192473], [-0.3633051550540349, 0.38733733814818566, -0.847336503868116], [0.9308389300623082, 0.11249688680615894, -0.34768281053192673]], "T": [0.027626402307150365, -0.15982307620065472, 0.047034422704749876], "aligned_model": [[0.6333077899282018, 0.10478487093572102, 0.7771313027960693, -0.3862351954540752, 0.13927486017270935, -0.27667186952340533, 0.6888698359353858, 0.12279542727518615, -0.45600691092004575, 0.40240867564493765, -0.526538919245716, -0.4787960279133279, -0.4023268635923175, 0.07285067184355333], [-0.3965601362169976, 0.3845249419061275, 0.10385676601096977, -0.08150007067672782, -0.6733333900015473, -0.4338788334329425, -0.3223237018610736, 0.5975034153964984, -0.6635988154803999, 0.2515699938638376, -0.09514427262348638, 0.5062448886045783, 0.27836688298933865, -0.0953194269669416], [-0.4481240158449778, -0.4412782729835454, -0.11220370317899343, -0.6021381360128962, 0.3068531217988605, 0.6312403108400343, 0.277031376258836, 0.04015252970451892, -0.11550741039239733, 0.3521139986907309, 0.008216410204686692, -0.1286621810155235, 0.5678914615741646, -0.01079077098184307]], "inverted": false, "swapped": true, "error_lsq": 0.044130977062851115, "error_max": 0.33300721657570886, "target": "15.xyz", "model": "18.xyz", "model_rescale": 3.922800546911778, "target_rescale": 4.355366556412066},
{"mapping": [8, 4, 13, 10, 2, 11, 3, 12, 5, 7, 9, 0, 6, 1, 14], "R": [[-0.8886747122502071, -0.4065043721453866, 0.21215902345574822], [0.29034414911991313, -0.8569652365262576, -0.4258061277827375], [0.3549049603469151, -0.3168040069383282, 0.8795895010224793]], "T": [-0.1535744143298432, -0.01161169317612977, -0.03196148237324672], "aligned_model": [[-0.7471548137668504, -0.19132005208507435, -0.3228739595081585, 0.34933924852681, 0.4075566009641338, 0.24430607473306004, 0.13214347771947832, -0.3895296222331288, -0.6420250704198096, 0.2846685948807246, 0.6591842454881937, -0.0371489987551044, -0.3680741376830642, -0.3155634071743653, -0.08921414415463522], [-0.1209820352475377, -0.5213374766256037, 0.1303198972178201, -0.623777494920383, -0.2116109040650736, -0.09893361974097638, 0.51527957762374, 0.723220003122886, 0.38808783440285693, 0.5325210539340428, 0.029071863911645193, 0.3578206262668695, -0.6664246958274705, -0.3856093673028923, 0.050499427131727476], [-0.1324159083633689, -0.5444280974902082, -0.6823512381895916, -0.18339307138368435, 0.3658591582510634, -0.6161785741575193, 0.19142186190939156, -0.18349221372547578, 0.39721210069557544, -0.4193548708804054, -0.009347438319651201, 0.7085839380002055, -0.0006953320947368433, 0.5859934754358438, -0.06805130932692222]], "inverted": true, "swapped": false, "error_lsq": 0.041024919649331935, "error_max": 0.29511903073095525, "target": "15.xyz", "model": "19.xyz", "model_rescale": 3.9282355846067225, "target_rescale": 4.355366556412066},
{"mapping": [10, 9, 2, 6, 11, 7, 8, 0, 13, 12, 5, 4, 1, 14], "R": [[0.6897286167528258, 0.16262431129537147, 0.7055691097319523], [0.6205428051134295, 0.36935087918990206, -0.6917416823233965], [-0.373096585690877, 0.9149498682536398, 0.15383652468922182]], "T": [-0.10679774162776623, -0.12347444874878283, 0.10753427108663746], "aligned_model": [[-0.7042300502655274, -0.1762072919053792, 0.5345968054287148, -0.29434660202713936, -0.6571039885687484, 0.2567400852524956, 0.03409574964548662, 0.5588407013995914, -0.40502802300560936, 0.19086749873041586, 0.2618108303158736, -0.5666923781615332, 0.5105492776371027, -0.011369795391066972], [-0.5134272070454484, -0.8284091552992465, -0.49100317177265534, -0.1696302961858001, 0.22906970393599768, -0.3508664630983269, 0.3600932332480608, 0.028637908251115368, 0.583923673130462, 0.4727710904089631, -0.5612386856235884, -0.07869474940730203, -0.055917705491188074, -0.1024260876262072], [0.11099821908552282, -0.27510352103958835, -0.08268557908189669, -0.4173318566532731, -0.18740077200260094, -0.6321363504512689, -0.4799623223782308, -0.1654213606198877, 0.3750720122304352, 0.5807814790865824, 0.38188760493225327, 0.4683052216036734, 0.628072627046914, 0.1071077554850482]], "inverted": true, "swapped": true, "error_lsq": 0.04585189910450743, "error_max": 0.2609580772349746, "target": "15.xyz", "model": "20.xyz", "model_rescale": 4.067790424073018, "target_rescale": 4.355366556412066},
{"mapping": [7, 1, 8, 13, 11, 5, 2, 0, 0, 4, 6, 3, 9, 12, 14], "R": [[-0.6577685297309452, -0.4263651275556682, 0.6209294157148859], [-0.427736020072872, -0.46710757496423994, -0.7738555488870302], [0.6199858534094229, -0.7746117036396145, 0.12487694005189143]], "T": [0.005308369043645872, -0.03540113057807463, -0.055399478692177095], "aligned_model": [[-0.6979161411066243, -0.33715466546519923, -0.2489412156939421, 0.3982610038380586, 0.3322425200609068, 0.232920076734256, 0.07521790064186865, -0.511812441646973, -0.511812441646973, 0.28044387375658175, 0.6683348346159173, 0.12196821381059435, -0.5281823609425671, -0.29313824088187457, -0.006136879541820406], [-0.07679304792180296, -0.5594217534014859, 0.15584701966037884, -0.5885644125047724, -0.3418968912086667, -0.08015998404639044, 0.6818595692520735, 0.41866345346178685, 0.41866345346178685, 0.5620398014305059, 0.2691712504291476, 0.275755790306069, -0.592859005458406, -0.33473088753255936, -0.10942966604601362], [-0.30121639168090686, -0.5858959990667942, -0.5286321808759837, -0.2278005094704506, 0.41065487821616203, -0.5982214351532731, 0.12999652290930147, 0.12029756224005816, 0.12029756224005816, -0.5134794733910893, 0.06784204585902578, 0.7277460172762733, 0.03775769076660791, 0.5836194447547117, -0.03360325426318411]], "inverted": false, "swapped": false, "error_lsq": 0.05393681435209443, "error_max": 0.522164415183775, "target": "15.xyz", "model": "21.xyz", "model_rescale": 4.186013935880536, "target_rescale": 4.355366556412066},
{"mapping": [11, 13, 4, 9, 7, 10, 6, 8, 3, 12, 0, 5, 14], "R": [[0.9415851941111537, -0.01539684173784154, -0.33642273926588356], [-0.10013897823791798, -0.966571308936069, -0.23603408605343412], [-0.3215423879803822, 0.25593523009955865, -0.9116510575465588]], "T": [0.053292265287277395, 0.006241941309298012, 0.02561173615411404], "aligned_model": [[-0.13037970154517087, -0.2868909951909694, 0.35581138737740436, 0.49403599519915564, -0.21966020683644868, 0.6158028185352287, -0.051391512161394544, -0.6418136500078069, 0.36573139675866395, -0.35495762316935214, -0.45660407718573637, 0.37193684562055007, -0.0030466419708987877], [-0.38023030323316226, 0.3064201050856923, 0.15572920104818103, -0.5393824454625791, -0.5625059611386993, -0.32514393509519834, -0.5428575246791184, -0.33362902948281326, 0.6511959056002397, 0.6937502705385452, 0.06551703140498616, 0.28135888215821153, 0.048734462801808105], [-0.549727153070978, -0.6489979775230146, -0.45376256110032065, 0.4208348367385052, 0.6026752331382749, -0.26207871284874956, 0.007709989626649472, 0.013105097021152968, -0.028831845390921523, -0.1439187448170285, 0.552118779312179, 0.5005389500209149, 0.0932136702286825]], "inverted": false, "swapped": true, "error_lsq": 0.046544688747866575, "error_max": 0.28478549150167315, "target": "15.xyz", "model": "22.xyz", "model_rescale": 4.166573947596378, "target_rescale": 4.355366556412066},
{"mapping": [0, 1, 4, 6, 12, 2, 9, 8, 10, 3, 11, 14, 5, 13, 15], "R": [[-0.9731232431338516, 0.005419490833001792, 0.23022116060815515], [-0.10222611913986748, 0.8856563241601053, -0.4529488889939043], [-0.20635157919981276, -0.4643097076244709, -0.8612987409531154]], "T": [-0.03986104928019035, 0.06665535446985667, -0.024403199116392923], "aligned_model": [[-0.6991249715559165, -0.2253305495016974, -0.24774839604666188, 0.24058792510222643, 0.488507077086257, 0.28136172604992554, 0.10253446197044142, -0.4975264297805122, -0.502512162918999, 0.23840023335247773, 0.7063125451189878, 0.09432038699166614, -0.5324952882509681, -0.40716448946613554, -0.0658280316188819], [-0.0961885116551978, -0.45282212143795303, 0.24999935432497405, -0.6312289897863563, -0.154930992590735, -0.1730209414112795, 0.6058567712116856, 0.6882054635674961, 0.15500863945163906, 0.43029569380005317, 0.3222190338625765, 0.07316658149237744, -0.5904207863211046, -0.33713398348183526, 0.00913947885531069], [-0.477844175307435, -0.4758932625498829, -0.7048599149595958, -0.14021963481008004, 0.2935715940128263, -0.5649403772928875, 0.19793554433910548, -0.2658509193238825, 0.5579101848838176, -0.41397092649573614, -0.02674845455446751, 0.7552959154803398, 0.10453257170879394, 0.6227872614744971, -0.0523429262448965]], "inverted": true, "swapped": false, "error_lsq": 0.04822898112962573, "error_max": 0.3158640836165437, "target": "15.xyz", "model": "23.xyz", "model_rescale": 4.274766983524099, "target_rescale": 4.355366556412066},
{"mapping": [0, 5, 9, 6, 10, 11, 8, 13, 12, 3, 14], "R": [[-0.5475664069269707, -0.7346812618040348, -0.4005177568586924], [0.7908875131708346, -0.29809909083780495, -0.5344472598415368], [0.2732544080441158, -0.6094098584661276, 0.7442792841996575]], "T": [-0.056981197959957146, 0.14832106690752414, 0.013021065058194971], "aligned_model": [[0.3683299467556983, 0.22946074161918356, -0.5492261903879389, -0.4965659264944016, -0.651268997677494, -0.5244698914955749, -0.09665470605514836, 0.08847522268639552, 0.6249116660501602, 0.3626686653407033, 0.024234173616491612], [-0.22308272519089048, 0.6109423297140119, 0.4368812112718513, -0.13573627015409098, 0.5148340277991511, -0.24194102862908298, -0.6133304873358234, -0.1728161915044575, -0.027156278078843188, 0.6461869950657732, 0.12080494828588428], [-0.45802790932115117, -0.3136471774120287, -0.5549491952956167, -0.18412376758822183, 0.15961839330295988, 0.3915192062164938, -0.11795163805930581, 0.7455803715021878, 0.42811874220342244, 0.3172766160535858, -0.0338472075807483]], "inverted": false, "swapped": true, "error_lsq": 0.049487153954727386, "error_max": 0.2577285538109482, "target": "15.xyz", "model": "24.xyz", "model_rescale": 3.7841303162186577, "target_rescale": 4.355366556412066},
{"mapping": [1, 2, 8, 12, 13, 9, 7, 0, 6, 10, 11, 11, 5, 3, 15], "R": [[0.08767855360187504, -0.9063283862703746, -0.4133779474994063], [-0.5597798414606794, -0.3880858050664199, 0.7321447513983868], [-0.8239896846032357, 0.16720724908474377, -0.5413711624393865]], "T": [-0.07811537295393162, 0.041414783889419396, -0.13289466775828623], "aligned_model": [[-0.7671963504735382, -0.36558439816673255, -0.43161800132594014, 0.2456009160941825, 0.46741948163398833, 0.2088712495336537, -0.04518865853036369, -0.39515398237151794, -0.4285135256123321, 0.4863351959695617, 0.2864691487356387, 0.2864691487356387, -0.2919573783091663, -0.17685656605477817, -0.10480224332608448], [0.24241222738918855, -0.526934816104109, 0.07341071626885422, -0.6441230665010445, -0.2872208237637031, -0.2092294443258989, 0.6615239365305323, 0.6635655790816134, 0.16307126376306613, 0.5208613096541276, 0.293840385234173, 0.293840385234173, -0.7954543514940227, -0.3932637303028527, 0.04184511921755367], [-0.327326732836, -0.5367923276396229, -0.6056207360939718, -0.15332812843129612, 0.3214073871382777, -0.5766928853095055, 0.05994212952959929, -0.36472403934842157, 0.48714346636038414, -0.37118375574028895, 0.4938325547977574, 0.4938325547977574, 0.019618913380919117, 0.5381542527518142, -0.06890017299688628]], "inverted": true, "swapped": false, "error_lsq": 0.05523368355430123, "error_max": 0.506502927113945, "target": "15.xyz", "model": "25.xyz", "model_rescale": 4.19342608120988, "target_rescale": 4.355366556412066},
{"mapping": [2, 5, 9, 8, 7, 0, 11, 12, 10, 1, 4, 14], "R": [[0.8867387230774597, -0.4358535860443946, -0.15403275147577433], [-0.07141798337996444, -0.45837494754950736, 0.8858848001342643], [-0.4567208213393552, -0.7745476479799211, -0.4375865998449642]], "T": [0.05652516051605513, 0.11036665729882895, -0.08915485203566631], "aligned_model": [[-0.18165352330587084, 0.3209996939358637, 0.14779087970751034, -0.6866861250908524, -0.5450015427030976, -0.512106739812373, -0.10269742096880877, -0.011209084978122931, 0.5106032376648889, 0.14843673517556838, 0.5047943859033074, 0.004538059103768005], [-0.5636513580658989, -0.3658155597907073, -0.5355480513235925, 0.28870383521286963, -0.44947697240543866, -0.1675791848723065, 0.6019187750276281, 0.5752827408186709, 0.08845282905660339, -0.009749993465538495, 0.47042061012783615, 0.07981875742085479], [0.1784615678195708, 0.2365494240940499, -0.5609885767926406, -0.21029015740934587, -0.32520621026706276, 0.28517301710703613, -0.5862823102978091, 0.5796809764264864, -0.6390033766565384, 0.7069391678095892, -0.20352193447429687, -0.012253126149617752]], "inverted": false, "swapped": true, "error_lsq": 0.05284921043514738, "error_max": 0.2795973964749161, "target": "15.xyz", "model": "26.xyz", "model_rescale": 3.795458400668931, "target_rescale": 4.355366556412066},
{"mapping": [12, 3, 1, 0, 7, 11, 4, 8, 10, 5, 6, 9, 14], "R": [[0.2621008506694804, -0.562162188052623, -0.7843958301790127], [0.14661771307591664, 0.8265723722312437, -0.5433979754069782], [0.9538377169575144, 0.027418748839110385, 0.29906825629172823]], "T": [-0.10713923005935629, -0.1068680307552958, 0.0024967368375307594], "aligned_model": [[0.08110585332003468, 0.48154050795031705, 0.5272020339539784, -0.07394076488467612, -0.3673097466702099, -0.7540897562764008, -0.07847791190530741, -0.7129019758440789, -0.18781813756406063, 0.48281138158381115, -0.5558369224925337, -0.06896952906020433, -0.07363864928941313], [-0.815713239278378, -0.48854275261232705, -0.3894335998756393, 0.042775098802085326, 0.5795669802080365, -0.27819605445559475, -0.4323919715512251, -0.09637338431231046, 0.10376577427234979, 0.11611788496225547, 0.22539582696389407, 0.6636585331431896, -0.10874759300942177], [-0.3583058644558951, 0.1584727069510935, -0.41512665295078066, -0.7166849360063872, -0.4357928776176266, 0.2598151185730552, 0.4891965105512294, -0.4789409896683818, 0.6793459298684341, -0.06832074266133306, 0.035062040415490554, 0.2327014161661458, -0.08928499706561849]], "inverted": false, "swapped": true, "error_lsq": 0.049489857519842216, "error_max": 0.24851914556835245, "target": "15.xyz", "model": "27.xyz", "model_rescale": 3.6321398670334006, "target_rescale": 4.355366556412066},
