[{"mapping": [4, 5, 3, 8, 0, 9, 7, 2, 6, 13, 12, 11, 14, 15], "R": [[0.6440884249463426, 0.4648668354804906, 0.6074939720857271], [-0.12926843678947236, -0.7165935562987116, 0.6854074308914162], [0.7539494493002472, -0.5199927887399207, -0.40145700586530353]], "T": [-0.0569319126750818, 0.022186271959282383, 0.09539664898467415], "aligned_model": [[0.11836656866560508, 0.32760091516206913, -0.496584865422621, -0.5356698712846527, -0.7354688954670201, -0.19795598572267406, -0.5348330556076013, -0.05502099622533798, -0.13722897312532745, 0.35099663164391115, 0.5816816828466901, 0.10602599433522425, 0.6126726180414179, -0.03308966671137938], [-0.668767093869615, -0.4731020342554003, -0.5125540435010878, -0.19479138385041467, 0.12873015577113436, 0.18635114274209816, 0.3847277569023121, 0.41759481218935, 0.8258264456728427, -0.15962043052908287, 0.5376255875399885, 0.6926863650398244, 0.041350059624811725, 0.029215992333273044], [0.44165448278047426, -0.22833687881148262, 0.24418714918102463, -0.31426575832099213, 0.4902927589088378, -0.6951240120149841, -0.04603756579128607, 0.6178941950497348, 0.2661783577950871, 0.6548797879320498, 0.4623637071296077, -0.2403125271794312, 0.12188940073315341, 0.12232498978804002]], "inverted": false, "swapped": true, "error_lsq": 0.04714060367647882, "error_max": 0.28452915194243417, "target": "150.xyz", "model": "0.xyz", "model_rescale": 3.8414455957264533, "target_rescale": 4.1984781210996855},
{"mapping": [5, 4, 12, 13, 14, 2, 6, 10, 7, 11, 1, 3, 0, 8, 15], "R": [[0.23287951307667132, 0.960463793130983, -0.15256616424888364], [0.7513711451869793, -0.07809893761144132, 0.6552419080953019], [0.6174208731243058, -0.2672262300531314, -0.7398524227182143]], "T": [-0.07566468020756077, 0.11095482624559219, 0.013500786520504772], "aligned_model": [[-0.761997256748902, -0.6416610672449083, 0.12314337921896469, -0.28387058511725805, -0.39028353566494045, 0.38597961803918307, 0.6709818032589684, -0.2390338606862208, 0.4263087837123012, 0.3058566321441495, 0.2696437534931543, -0.2551514630411173, 0.4575630153160406, -0.12061522333286998, -0.07481983984200105], [0.09918793144902814, 0.12544365648735603, -0.7656477694678325, -0.35235621007931484, -0.47226202669344197, -0.23173393795249128, -0.20773677558300993, -0.1181074568880209, 0.4158799768653677, -0.18488274098513865, 0.060132268951644, 0.6497211495086097, 0.5054630533823287, 0.7452845274276454, 0.07865888162028477], [0.1771728169403702, -0.5410068892013806, -0.0010964354975595211, -0.49095331633384687, 0.11505088473580752, -0.30083057322780754, 0.16318789497845662, 0.5695228179430734, 0.2002432880299372, 0.6099468672984818, -0.715753998106107, -0.40946006331394036, -0.4197871746269941, 0.2127441125438156, -0.003798444822771734]], "inverted": true, "swapped": true, "error_lsq": 0.049451891807678235, "error_max": 0.2825155474339928, "target": "150.xyz", "model": "1.xyz", "model_rescale": 4.316132596720782, "target_rescale": 4.1984781210996855},
{"mapping": [8, 7, 9, 4, 5, 3, 14, 1, 11, 0, 2, 15], "R": [[0.2949644112051738, 0.7828781914991647, -0.5478117682173165], [-0.9479738843849832, 0.311623538588067, -0.06508674766723453], [0.11975604638777908, 0.538509524031701, 0.8340659337730556]], "T": [-0.0363937384163344, 0.03161594339446393, -0.1322271585911784], "aligned_model": [[-0.12757293138204068, 0.4275997516999511, 0.1826290382560795, -0.7607614266983056, -0.5927341944736505, -0.46557882238208853, -0.16671586081746906, 0.010106276695598236, 0.5928715568760479, 0.2035780754525893, 0.3301501329168992, -0.03576304151183033], [-0.5902861009565568, -0.27745076588412, -0.6882177206258276, 0.31427859069431546, -0.12147911614102165, -0.14169239855223237, 0.3952588762488948, 0.5542124325117234, -0.07414117194770846, 0.04018352035933742, 0.5345197295464426, 0.06759055248773396], [0.08917028063508692, 0.13048423852667373, -0.4572338183494602, 0.02085412298846484, -0.53846181821115, 0.40363188920027393, -0.6801498776007587, 0.4828858763645504, -0.5584511911539503, 0.622787476366812, 0.07292796124406209, -0.13918667880118318]], "inverted": true, "swapped": true, "error_lsq": 0.04250447587405384, "error_max": 0.2667103469264627, "target": "150.xyz", "model": "2.xyz", "model_rescale": 3.795458400668931, "target_rescale": 4.1984781210996855},
{"mapping": [1, 7, 6, 10, 13, 14, 11, 3, 9, 5, 12, 15], "R": [[0.12091913779371571, -0.8237937237768735, 0.5538433558155743], [-0.9100770274517029, -0.3148051684468891, -0.2695505704386443], [0.39640681908854336, -0.47144629236526847, -0.7877817129098295]], "T": [0.1743099761528998, -0.06732767753158023, -0.020797548315197083], "aligned_model": [[-0.06085244405899806, -0.11463275177126833, -0.6408403439753356, 0.13017663355444717, 0.16873338678793368, 0.12713319712139545, -0.3708951807868167, 0.654193477980045, 0.2570073917257911, 0.7311066109522357, -0.44667654701068915, 0.15885039522482497], [0.0147483888386232, -0.6116962744823937, -0.19591047388482322, 0.04666571874288043, 0.5588580054029253, 0.5407513854985954, -0.1666002264046657, -0.3149914892330324, -0.5472065168241924, 0.2217036907806688, 0.5753647927666605, -0.03591795591153643], [-0.7899500319391012, -0.018700296842210952, 0.00036749041220807827, 0.5902484988766931, -0.3676997668800478, 0.2575072285635272, 0.5099779250495369, -0.47878772051825913, 0.6384734479391108, 0.30233984442119677, 0.07662914651861924, -0.03163433496217232]], "inverted": true, "swapped": true, "error_lsq": 0.04526293673490949, "error_max": 0.223674911783386, "target": "150.xyz", "model": "3.xyz", "model_rescale": 3.7530521520055578, "target_rescale": 4.1984781210996855},
{"mapping": [13, 5, 10, 9, 12, 8, 2, 3, 0, 7, 15], "R": [[-0.4214575627644165, -0.18239426926344326, 0.8883163025232242], [-0.9067442263357539, 0.0995857264643335, -0.4097530855177859], [-0.013727009705428173, -0.9781692152303841, -0.20735610813313787]], "T": [-0.08133761892223787, -0.07531201649811121, -0.021676269582115992], "aligned_model": [[-0.47512494489764123, -0.21647862897322523, 0.39893730655120097, 0.4812863936802638, 0.2323957206267742, -0.10401484941002084, -0.06982155008418187, -0.6728064773561346, -0.3500382172387764, 0.20085377235637045, -0.08698892280942433], [-0.6729086344126083, -0.07658674031570355, -0.14579291250414522, 0.4483745500863891, -0.9083158834014052, 0.5861636555465936, -0.4680418912770254, 0.31125591576717854, 0.20796686993115793, 0.29618201653390713, -0.11109358763999246], [-0.03872271392132995, -0.7142906510804922, -0.41242933402512394, -0.30622399821020596, 0.10420376686005572, -0.09931841409277659, 0.5027146881461962, 0.02426238553541686, 0.6677147912788913, 0.38105151681962574, -0.016131260064940665]], "inverted": false, "swapped": true, "error_lsq": 0.04849971366099932, "error_max": 0.2534404417186758, "target": "150.xyz", "model": "4.xyz", "model_rescale": 3.7855080009869324, "target_rescale": 4.1984781210996855},
{"mapping": [2, 0, 1, 3, 5, 10, 12, 14, 9, 15, 8, 13, 11, 4, 6, 16], "R": [[0.9991256750417267, -0.041545764800063306, 0.004672782853077465], [-0.04142585046219911, -0.9687246934758156, 0.24465560930350796], [-0.005637764264113209, -0.24463527480182626, -0.9695987819385591]], "T": [0.05921497679851583, -0.026878973323549875, 0.07201382235760564], "aligned_model": [[-0.20038612474819167, 0.5166462719320674, 0.5042323722160444, -0.11546296162471492, 0.3964313242474731, -0.1757083610590594, -0.034780575141367114, -0.5151332593235155, -0.5219580833018465, -0.6587871395696546, -0.12880380812251777, -0.10103829566247446, 0.40204293072911024, 0.7918766442729336, 0.5156623991821672, 0.01282150582865732], [-0.49520329747354336, -0.2589931064721026, -0.6210591681685572, 0.010840643612395763, 0.3597508333358436, 0.6276265535824215, -0.6387675930500392, -0.3842028603732106, 0.05442982699011053, 0.2825838691463676, 0.4795667019129432, -0.12491341693225116, -0.468582244142676, -0.00485251038799565, 0.11255363328153511, -0.050190343487888534], [-0.436970738374721, -0.5156540453582079, -0.0763551529004241, -0.5991653293788408, -0.5540099569311746, -0.14569656934126796, 0.3545424337846279, 0.08389413969772283, -0.3311496338908203, 0.33282758101907495, 0.5230920733459357, 0.771710739177506, 0.6375254870045763, -0.026588914975099284, 0.517313010411654, 0.05819434088342455]], "inverted": true, "swapped": false, "error_lsq": 0.046030641837340326, "error_max": 0.30589296116286246, "target": "150.xyz", "model": "5.xyz", "model_rescale": 4.2253639853439635, "target_rescale": 4.1984781210996855},
{"mapping": [11, 2, 4, 14, 13, 3, 5, 10, 0, 7, 1, 8, 9, 15], "R": [[0.5065400191381499, -0.12029334743472017, -0.8537837662865657], [0.7052083771333483, 0.6275323682983442, 0.32997616816797704], [0.49608301102988034, -0.7692415987846872, 0.40270213417202877]], "T": [0.05787273928176776, -0.052077988807963244, 0.032968556668133274], "aligned_model": [[0.7410914616123884, -0.12977503300762597, -0.5611952658699724, 0.2141190429230949, -0.3838828351177528, -0.4702811306297457, 0.12863809601148654, 0.6180019932840773, -0.3613573440683305, 0.2551765807475497, -0.5998658056030562, 0.13900197921903915, 0.7378272082202937, 0.0465632050363373], [0.02916758062813221, 0.032445976188192435, -0.4606526893689986, -0.6816888425932992, -0.5361405953470728, 0.18488755696172826, -0.5482515299048836, -0.31571080976057564, 0.5948214295135877, 0.5246005837585617, 0.14274689824821024, 0.36258615945964456, 0.19068076374317502, -0.07439333489141202], [-0.30679259494119443, -0.5891240922425558, 0.3120063996831959, -0.13619588877795527, -0.2551566982885033, 0.4407446675458194, 0.5297416239524306, 0.10418985010848272, -0.14999114823118803, -0.05836865325027329, -0.39488265295021907, 0.548297883082325, 0.4209001455800834, 0.006189367661000401]], "inverted": true, "swapped": true, "error_lsq": 0.050974981294489796, "error_max": 0.2850686709011883, "target": "150.xyz", "model": "6.xyz", "model_rescale": 3.89814844738969, "target_rescale": 4.1984781210996855},
{"mapping": [2, 12, 11, 1, 7, 14, 13, 0, 3, 5, 10, 8, 15], "R": [[-0.6890700947185504, -0.5968448129530957, 0.41104582933725586], [-0.16328952504445118, 0.6804840312096918, 0.714337465263698], [-0.706058733800047, 0.4251091066062826, -0.5663597018724786]], "T": [-0.07265369929981316, 0.12303183377102245, 0.06959982258847945], "aligned_model": [[0.04666908997228572, -0.0995368167231174, 0.5115154181226064, -0.2236197858092547, 0.49512255412677353, -0.3830283410367221, -0.6195438512463679, 0.18463336208497713, -0.3479952798633217, -0.5283399826947269, 0.067979215422976, 0.13313610256321054, -0.08835988401509602], [-0.2656549138116756, 0.26664849805409374, 0.5000333039046954, -0.6285857923809707, -0.06888118815604427, 0.5352143388451649, -0.04530095980161161, -0.6138398314347583, -0.2865794434617661, 0.606910937693184, 0.7237541532624863, 0.12205307475566632, 0.11800908800202185], [-0.4442483409252878, -0.8174297067581527, -0.2551195008370571, -0.18713656438697418, 0.213227765168911, -0.3584334804224542, -0.36058152221650047, 0.20572656826388547, 0.5773262768564041, 0.3066450142503369, -0.0180049505309149, 0.7034312067702438, 0.03687226560385556]], "inverted": false, "swapped": true, "error_lsq": 0.03835394981481892, "error_max": 0.2041564917882675, "target": "150.xyz", "model": "7.xyz", "model_rescale": 3.7474275329858107, "target_rescale": 4.1984781210996855},
{"mapping": [14, 5, 9, 11, 8, 6, 12, 2, 7, 0, 13, 1, 4, 3, 15], "R": [[-0.7989122722565203, 0.2838146273553488, -0.5302720420096352], [0.5893568883574621, 0.5453099407373982, -0.5960667132784595], [0.11999016369491972, -0.7887244929835259, -0.6029229094870642]], "T": [0.05916269289458427, -0.046227188791008046, -0.06513960036009125], "aligned_model": [[-0.43586648517411175, 0.19160760368240376, 0.5069933620226842, -0.18621190197284115, 0.7171500844304588, -0.3484966155936367, -0.8269256384669113, -0.40608072802093503, 0.3038704309611821, 0.27591190428364626, -0.44452025229654896, -0.17687148372733813, 0.06996015528696754, 0.5369941909818539, 0.024639095941872857], [0.12904870428343254, 0.3620806649307215, -0.5444432502675072, -0.7234016597038724, -0.1498944527241673, -0.7032462739745157, -0.17762031566004705, -0.18284678721229025, -0.5497227395034668, -0.16539004060141313, 0.44732783024103434, 0.17530999822053664, 0.7447377110380574, 0.362325749087738, -0.03514717617464774], [-0.48186951094553077, -0.625248912166592, -0.5373569839034453, -0.32981364399963375, -0.08509743246261967, 0.22398208456694585, -0.14098911869525438, 0.3755858193227239, 0.19261963065460058, 0.687540257174285, 0.058098750075883165, 0.6756994711344988, -0.01719650054505345, 0.2606549563367442, -0.059814210851291516]], "inverted": false, "swapped": true, "error_lsq": 0.04403380991670024, "error_max": 0.2889588564246856, "target": "150.xyz", "model": "8.xyz", "model_rescale": 4.019505241142653, "target_rescale": 4.1984781210996855},
{"mapping": [7, 3, 2, 6, 11, 12, 13, 9, 10, 5, 4, 14, 15], "R": [[0.5395700941917618, -0.2069339206670149, 0.8161142480874053], [0.8353841336691987, 0.2523191971780574, -0.48833223521408364], [-0.10486878786205081, 0.9452583642649233, 0.30901320703093915]], "T": [-0.1342611945924448, -0.06667847029653913, -0.011407017487980325], "aligned_model": [[-0.2864583884637766, -0.7760589268466141, 0.2169921292452323, 0.35029485245297265, 0.35250260200684735, 0.7402035931622161, 0.1590328110371788, -0.28255249334682037, 0.1722621000585885, -0.22338465896393123, -0.3793844128280234, 0.3831858316729433, -0.10693426744563683], [-0.5623981192378553, 0.21239429593941567, 0.05043487234446471, -0.4779167580412325, -0.6594961854715055, 0.0959349134296582, 0.5816622861052636, -0.7687781624025568, -0.3673465192596036, 0.15517698990367518, 0.667551508136688, 0.1799619844969686, -0.04380287782932152], [-0.34446483778558046, -0.11908523629653925, -0.5520185401185989, -0.5382277144542712, 0.009911240741829686, -0.1419369244266261, -0.08959683112366164, 0.384606268278777, 0.4402141869311128, 0.6525331619367672, 0.15847984317925545, 0.3362370609562215, -0.01994818377480728]], "inverted": false, "swapped": true, "error_lsq": 0.040606007758666254, "error_max": 0.22864679181918524, "target": "150.xyz", "model": "9.xyz", "model_rescale": 3.877068213659057, "target_rescale": 4.1984781210996855},
{"mapping": [12, 0, 11, 5, 1, 4, 10, 6, 3, 13, 2, 14, 9, 8, 2, 15], "R": [[-0.6363156948358125, 0.38996894429922146, -0.6656024030814249], [-0.5772937863906564, -0.8130343364915334, 0.07554503213654296], [-0.5116973917271381, 0.43231862112095387, 0.7424731571792484]], "T": [0.008334131197364612, -0.051645995162283874, 0.0357059840553665], "aligned_model": [[-0.17105503570334987, 0.4359456258730954, 0.38328149247666177, -0.05517649518863919, 0.448682098048721, -0.0915567596386857, -0.04734520325135078, -0.5238887351440373, -0.48493714227556073, -0.5508895734827247, 0.14522026133603996, -0.14973649467403607, 0.3738312878959025, 0.7769940352634798, 0.14522026133603996, 0.05306521698355477], [-0.5602374790090683, -0.37409475686097915, -0.6805316033666143, 0.08117889272504916, 0.33599478646949354, 0.6048369239369398, -0.6680333358373366, -0.36316369941797355, 0.16157141877417425, 0.18160140420617113, 0.366121779560891, -0.2345319199055787, -0.17891272714672085, -0.06597691650100312, 0.366121779560891, -0.09135702581498217], [-0.4813524701552997, -0.5533111984902325, -0.056882591518866724, -0.731965424645195, -0.6036178014471093, -0.0952240224515969, 0.38237187137450096, 0.03604598913569214, -0.301907889902551, 0.5158132582924894, 0.5327850841269841, 0.7780589744891621, 0.5703650448361027, 0.10112396616083806, 0.5327850841269841, -0.03157840975793598]], "inverted": false, "swapped": false, "error_lsq": 0.04672976876393252, "error_max": 0.3379127109625089, "target": "150.xyz", "model": "10.xyz", "model_rescale": 4.260839863003843, "target_rescale": 4.1984781210996855},
{"mapping": [10, 5, 3, 8, 0, 7, 11, 14, 13, 1, 2, 15], "R": [[0.5924374015942215, 0.37382576854815425, 0.7136331129941135], [-0.13262708864967787, -0.8284788110528596, 0.5440890689884799], [0.7946244273545823, -0.41698579640777, -0.44124241075125614]], "T": [0.020320705837664557, -0.023258906212257062, -0.09974860087703], "aligned_model": [[0.4318487513006755, 0.3400057452410405, -0.4968958273699099, -0.47047176241868793, -0.6487740907624139, -0.39498478439257123, 0.28995103073683404, 0.6843512803863336, 0.37827479305322437, -0.2599367044742352, 0.061536490384402814, 0.04399372740943762], [0.04805143935487722, -0.6007242373135185, -0.4710259785232565, -0.21571338349156277, 0.22094442984037932, 0.38441488312857536, 0.5758000397893049, -0.09519068410310419, -0.19635642325765224, 0.11535901057612596, 0.4241751211487375, -0.016655711615972214], [-0.5622191626692613, -0.3493776575482495, 0.08293211380774604, -0.507396305852528, 0.2472151690627156, -0.3026103742580891, -0.49630146286297416, -0.04205493048775569, 0.495555420732692, 0.6458211441676973, 0.37717833398435807, -0.07256421068084637]], "inverted": false, "swapped": true, "error_lsq": 0.03648496157770743, "error_max": 0.19874959470366624, "target": "150.xyz", "model": "11.xyz", "model_rescale": 3.890672605050136, "target_rescale": 4.1984781210996855},
{"mapping": [13, 4, 1, 12, 2, 9, 5, 11, 14, 8, 0, 3, 7, 15], "R": [[-0.7179782054828556, 0.6705557252203953, -0.18671453030165722], [0.15200456708507248, 0.41281220517300077, 0.8980427021280695], [0.6792657123960391, 0.6163936263738897, -0.3983176989900744]], "T": [0.014203259976191637, -0.04058270397857114, 0.11756978899905915], "aligned_model": [[0.48420795569095426, -0.013586185569286743, 0.5782038182001306, 0.7477895918524685, 0.6444714185128273, -0.5827021808682498, -0.4034898927288631, 0.12939352967829576, 0.22255466013874198, -0.5580399666161582, 0.21176834135652883, -0.25641478480414104, -0.04035457346473155, 0.0460741034151766], [-0.06911116770395341, 0.17978484789144425, 0.5237065484357587, -0.5596997874649641, 0.07982833316496446, -0.3361342250444854, -0.3622977972981448, -0.5325213323890126, -0.5934934652349897, 0.235760012113753, 0.6761541682726122, 0.5556697070374916, 0.1847129349967, -0.05020625694940896], [-0.4216541624996266, -0.6431578150581909, -0.013252218126291765, 0.09436673937213169, 0.25030441673959086, 0.5951826055475007, -0.35148375580204383, 0.6951110367749973, -0.19916152985986343, 0.31823123765250144, 0.3913639971228058, -0.1519287694085297, 0.6886168848669524, 0.10225176803492705]], "inverted": true, "swapped": true, "error_lsq": 0.04856595863615223, "error_max": 0.29367963460547764, "target": "150.xyz", "model": "12.xyz", "model_rescale": 4.124412569039231, "target_rescale": 4.1984781210996855},
{"mapping": [3, 4, 13, 8, 1, 0, 5, 7, 14, 10, 2, 12, 15], "R": [[-0.618181292031216, 0.7772359044891581, -0.11728699397433964], [-0.6929369740553837, -0.6093022603331484, -0.3854725743031335], [-0.3710663554805057, -0.15701943932467904, 0.9152347543142024]], "T": [0.00946280484774778, 0.06078497775277768, -0.1077886694138711], "aligned_model": [[-0.21367422763904564, -0.07173035496512288, 0.41275275917229903, -0.5004555938616244, 0.6208267477479075, 0.3205607984449206, -0.49154243337017145, 0.043473907372184976, 0.11433945010205972, -0.23345115652253823, 0.6601792731871639, 0.6678942246259122, 0.038124913215811906], [-0.21525734272370745, 0.42835825285557516, 0.5300025237603369, -0.36457640935933755, -0.15454670190936137, -0.600971757299283, 0.5446679326334041, -0.5019578388806448, 0.702429097675321, 0.3505846866660136, -0.014394831705425479, 0.5598575715256274, 0.08329019326995851], [0.5049029649552553, 0.5895908234057828, 0.25231251687389894, -0.0517213785436038, 0.37542948491292505, 0.1971753216086557, 0.005482846118455384, -0.35677307668218267, -0.27129113685086687, -0.6030950939604653, -0.1242606156943501, -0.4621394077916112, -0.10391516738405444]], "inverted": true, "swapped": true, "error_lsq": 0.044417975176181096, "error_max": 0.25366369218266804, "target": "150.xyz", "model": "13.xyz", "model_rescale": 3.9028299243045295, "target_rescale": 4.1984781210996855},
{"mapping": [4, 0, 3, 5, 8, 12, 7, 10, 13, 14, 11, 9, 6, 2, 1, 15], "R": [[0.3129824998691669, 0.17232627177506954, 0.933994438330203], [-0.6306577694633483, -0.6975965606887842, 0.34004384471813853], [0.71014979588194, -0.6954586217535045, -0.10965661328690868]], "T": [0.10800262404854473, -0.05976909167989031, 0.0023376785552442145], "aligned_model": [[-0.04704814330474737, 0.5735816576826488, 0.45656135895893313, -0.1236439704362546, 0.36737722792908994, -0.022190353833174012, -0.25111264836348207, -0.5629526567425636, -0.5378122351031, -0.646637889532481, -0.07579290203099547, -0.17066328039942308, 0.4213503262183768, 0.8088123671032149, 0.43265219275867295, 0.06517378895039602], [-0.5913481683898151, -0.4108593997985922, -0.576229697524538, 0.029706565684428365, 0.2866446304083653, 0.6155373220318923, -0.7881986308364615, -0.3828692194052721, 0.3182163098788101, 0.18890169486873162, 0.4115151113385352, -0.24436511071277198, -0.27469880261848306, 0.13602007537272398, 0.2766316399432016, -0.11401679886740182], [-0.38848992874762733, -0.5868890759545771, 0.023894491084000793, -0.44536288617297964, -0.6373728087500637, -0.10373458488297546, 0.40365374282597716, -0.02555355109389327, -0.26729458157451647, 0.39186455562845424, 0.5408236049417734, 0.7017053071448652, 0.550084608396002, -0.11027704366292251, 0.4535980923326794, 0.09285952265976943]], "inverted": true, "swapped": false, "error_lsq": 0.04212963258587393, "error_max": 0.2590558204285741, "target": "150.xyz", "model": "14.xyz", "model_rescale": 3.942246331269136, "target_rescale": 4.1984781210996855},
{"mapping": [7, 9, 11, 5, 4, 10, 2, 6, 0, 12, 13, 1, 8, 3, 15], "R": [[0.8282241051533352, 0.5476379742994697, 0.11890113854850434], [0.4941007701318936, -0.8137235592314696, 0.30613460782266844], [0.2644035941473317, -0.19479891749402178, -0.9445338115415088]], "T": [-0.03180111336878174, -0.08120553760485683, -0.05020824324519032], "aligned_model": [[-0.6357531578112295, -0.4525223399223665, -0.26989102544034355, 0.41151829242568677, 0.5089062905836953, 0.07922461638773695, -0.0429018463024153, -0.3869425406672898, -0.5447698084702286, 0.40924978434645326, 0.5584531243238231, -0.038313334294321565, -0.4725391496847651, -0.1430572494375858, -0.006367619504639696], [0.02776967093268984, -0.5111089644644171, 0.20230528142387993, -0.6116662165629305, -0.32992923919433836, -0.2167685353712152, 0.5588275543978348, 0.6094814200944509, 0.17668182818658135, 0.621893834952523, 0.21401929457853291, 0.4132335280843492, -0.5752950036141414, -0.42633843338862815, -0.05496133017352078], [-0.10673964839475095, -0.6069285523296187, -0.7223400119500986, -0.19183723569436847, 0.47306283598066606, -0.6482178410616158, 0.0897548440398912, -0.3299896433917508, 0.49574431718328654, -0.39559963301787, 0.22714169898398176, 0.5894174198692169, 0.025410583886649775, 0.5579742073581747, -0.04749086110127731]], "inverted": false, "swapped": true, "error_lsq": 0.0414528449953346, "error_max": 0.24395863257426484, "target": "150.xyz", "model": "15.xyz", "model_rescale": 4.355366556412066, "target_rescale": 4.1984781210996855},
{"mapping": [8, 7, 9, 4, 5, 3, 14, 1, 11, 0, 2, 15], "R": [[0.2949644112051738, 0.7828781914991647, -0.5478117682173165], [-0.9479738843849832, 0.311623538588067, -0.06508674766723453], [0.11975604638777908, 0.538509524031701, 0.8340659337730556]], "T": [-0.0363937384163344, 0.03161594339446393, -0.1322271585911784], "aligned_model": [[-0.12757293138204068, 0.4275997516999511, 0.1826290382560795, -0.7607614266983056, -0.5927341944736505, -0.46557882238208853, -0.16671586081746906, 0.010106276695598236, 0.5928715568760479, 0.2035780754525893, 0.3301501329168992, -0.03576304151183033], [-0.5902861009565568, -0.27745076588412, -0.6882177206258276, 0.31427859069431546, -0.12147911614102165, -0.14169239855223237, 0.3952588762488948, 0.5542124325117234, -0.07414117194770846, 0.04018352035933742, 0.5345197295464426, 0.06759055248773396], [0.08917028063508692, 0.13048423852667373, -0.4572338183494602, 0.02085412298846484, -0.53846181821115, 0.40363188920027393, -0.6801498776007587, 0.4828858763645504, -0.5584511911539503, 0.622787476366812, 0.07292796124406209, -0.13918667880118318]], "inverted": true, "swapped": true, "error_lsq": 0.04250447587405384, "error_max": 0.2667103469264627, "target": "150.xyz", "model": "16.xyz", "model_rescale": 3.795458400668931, "target_rescale": 4.1984781210996855},
{"mapping": [2, 12, 11, 1, 7, 14, 13, 0, 3, 5, 10, 8, 15], "R": [[-0.6890700947185504, -0.5968448129530957, 0.41104582933725586], [-0.16328952504445118, 0.6804840312096918, 0.714337465263698], [-0.706058733800047, 0.4251091066062826, -0.5663597018724786]], "T": [-0.07265369929981316, 0.12303183377102245, 0.06959982258847945], "aligned_model": [[0.04666908997228572, -0.0995368167231174, 0.5115154181226064, -0.2236197858092547, 0.49512255412677353, -0.3830283410367221, -0.6195438512463679, 0.18463336208497713, -0.3479952798633217, -0.5283399826947269, 0.067979215422976, 0.13313610256321054, -0.08835988401509602], [-0.2656549138116756, 0.26664849805409374, 0.5000333039046954, -0.6285857923809707, -0.06888118815604427, 0.5352143388451649, -0.04530095980161161, -0.6138398314347583, -0.2865794434617661, 0.606910937693184, 0.7237541532624863, 0.12205307475566632, 0.11800908800202185], [-0.4442483409252878, -0.8174297067581527, -0.2551195008370571, -0.18713656438697418, 0.213227765168911, -0.3584334804224542, -0.36058152221650047, 0.20572656826388547, 0.5773262768564041, 0.3066450142503369, -0.0180049505309149, 0.7034312067702438, 0.03687226560385556]], "inverted": false, "swapped": true, "error_lsq": 0.03835394981481892, "error_max": 0.2041564917882675, "target": "150.xyz", "model": "17.xyz", "model_rescale": 3.7474275329858107, "target_rescale": 4.1984781210996855},
{"mapping": [5, 13, 14, 3, 9, 7, 10, 12, 8, 11, 0, 1, 6, 15], "R": [[-0.22818653505459485, -0.6716142160031443, -0.7048866930807106], [-0.8481720612323532, 0.49260834044199, -0.19478495186191802], [0.4780534068120835, 0.5534178961593763, -0.6820510042847898]], "T": [0.025502437357695553, -0.08670803938447377, -0.06943812286114395], "aligned_model": [[0.5293985429924267, 0.13506176027999595, 0.6069871522494371, -0.4183356548097726, 0.25959887497102424, -0.3435211397566283, 0.5664805481456621, 0.4090924049888975, -0.20481552019448623, 0.3060652404461835, -0.7612957971736409, -0.5573898932798995, -0.14655283284912798, 0.03407396187280508], [-0.3704811817397854, 0.4798222196487968, 0.23387082888676633, -0.35813317822929014, -0.7324728651752458, -0.27388056167671293, -0.23680283223650736, 0.6857143826961233, -0.7119044731970097, -0.037450425526762865, -0.01934579982492128, 0.43235357418767184, 0.32077877250086684, -0.05166021880275652], [-0.4738400484014833, -0.4931372820139751, -0.16187220626202328, -0.5497678832666184, 0.3777167240471395, 0.3873085402494998, 0.2009944101649694, 0.18431800572482018, -0.05618362660956752, 0.6430817058026992, -0.00526771965817921, -0.2802578558447911, 0.6275575879729289, -0.07585563324376392]], "inverted": true, "swapped": true, "error_lsq": 0.044673810962301996, "error_max": 0.29359896209422676, "target": "150.xyz", "model": "18.xyz", "model_rescale": 3.922800546911778, "target_rescale": 4.1984781210996855},
{"mapping": [0, 1, 6, 7, 14, 3, 13, 9, 4, 11, 12, 10, 8, 5, 15], "R": [[0.021133923860749304, 0.15439344282945705, -0.9877833882352525], [0.9280743331388375, 0.3643872494274104, 0.07681122719777486], [0.37179482168415157, -0.9183597319493018, -0.13558765910973086]], "T": [0.032762364313485004, 0.058087984887585264, 0.03450062743915599], "aligned_model": [[-0.36344546798443034, -0.3419714652086286, 0.5699001415267215, 0.12033128728828817, 0.3837458965167957, -0.665610908569157, -0.08684433527504809, 0.3525487718222402, -0.5381733784055253, 0.758123961802467, 0.6469465011497209, 0.5211581194669892, -0.24904708461134767, -0.05325552278830242, 0.041644320156834905], [0.45596998162432634, -0.0924464973072584, 0.305509844469842, 0.6338895062786879, -0.4932533937432827, 0.1689226682557302, -0.6018231190439474, 0.6057544671307505, -0.4775083868905141, 0.30663116083878955, -0.46826052677399543, 0.03564332138386324, 0.5728227083893536, -0.2623242596864615, 0.02808403010869494], [-0.5244414483843668, -0.6658902022392208, -0.5414481293776273, -0.16702793014741146, 0.18374066409306875, 0.07152739441706374, -0.2158837359458568, 0.5536912352562163, 0.157827441229269, 0.004448209644605024, -0.35780655389387267, 0.42087524039939594, 0.3502920507109802, 0.6573299103107594, 0.015425021090326889]], "inverted": true, "swapped": true, "error_lsq": 0.04107187261986521, "error_max": 0.2106544280199756, "target": "150.xyz", "model": "19.xyz", "model_rescale": 3.9282355846067225, "target_rescale": 4.1984781210996855},
{"mapping": [9, 10, 14, 11, 7, 12, 2, 13, 0, 3, 5, 8, 4, 15], "R": [[0.9454236709069986, 0.2887054097420887, -0.15107371999917094], [0.12687631032952898, -0.753216989758373, -0.6454196837845126], [-0.3001274468719919, 0.5910273705379369, -0.7487390486071314]], "T": [-0.049798401020179295, -0.07391339578516362, 0.06405226744068246], "aligned_model": [[-0.7054347981449799, -0.1736996959992299, 0.39458417993634404, -0.4429974667855536, -0.6061001282237458, 0.3719132036459605, 0.10606139444006177, 0.6433122977041568, -0.2917232401978343, -0.012077235704180941, 0.21316688522238358, -0.5231129364304425, 0.5791548691662369, -0.020524509544500396], [-0.557543351837065, -0.6537286423521574, -0.4948701098924997, -0.37784120793841547, 0.16553237883766586, -0.1800731917752045, 0.346852107756471, 0.05953947425951697, 0.6776613383540822, 0.28424608072833535, -0.6096540715433827, -0.0810554499509672, 0.012808827742403384, -0.0689920949639475], [0.1535161697692438, -0.12773476826012478, -0.2093684903655483, -0.5206260072711046, -0.05006862090058417, -0.7227509191316404, -0.413461466519931, -0.05539917833128816, 0.12973913842511484, 0.6737074485535358, 0.4406297303168937, 0.5331097966686693, 0.538328177269382, 0.042562147021064645]], "inverted": false, "swapped": true, "error_lsq": 0.03354276214812369, "error_max": 0.20162357215082913, "target": "150.xyz", "model": "20.xyz", "model_rescale": 4.067790424073018, "target_rescale": 4.1984781210996855},
{"mapping": [4, 12, 3, 8, 1, 2, 0, 14, 13, 10, 11, 7, 9, 6, 15], "R": [[0.43977614798995573, -0.7399230595927483, -0.5090292776864835], [-0.7307853495158737, 0.03464852385585754, -0.6817274035327996], [0.5220629393014593, 0.6717985901127783, -0.5254873373644741]], "T": [0.13993250599290533, -0.03090098163100354, -0.07092717955820342], "aligned_model": [[-0.027997059850000144, -0.025838041928221173, -0.09313630297331157, 0.36700333702156096, -0.6629129625097976, -0.38963347422715977, -0.48792224047836175, 0.36087131400985517, -0.2016286255658287, 0.6844059110547993, 0.42583188404427275, 0.048221405893540084, 0.7951401607978856, -0.14704675247332752, 0.12308540109160945], [-0.05110003918719132, 0.8371995296634629, -0.5815258703824362, -0.6540461525052259, -0.023541216418828798, 0.28228008213947886, -0.46138534601420655, 0.5662471801017178, 0.4164076540962815, 0.2276092434172373, 0.27813353825550613, -0.34367944359797425, -0.32158404275094976, 0.26932123297715665, 0.0005587901338193722], [-0.845157286028656, 0.09366766218148999, -0.45023140964469727, -0.005953663369711273, -0.16589230566374058, 0.15453400295823744, 0.14859184736754738, -0.28078298781768674, -0.5133429737139119, 0.08731533318014674, 0.5706221298384582, 0.45212939068858987, 0.32652356771534635, 0.6424878930702489, -0.07926162714052022]], "inverted": true, "swapped": true, "error_lsq": 0.04543741428764611, "error_max": 0.35178502558797803, "target": "150.xyz", "model": "21.xyz", "model_rescale": 4.186013935880536, "target_rescale": 4.1984781210996855},
{"mapping": [7, 0, 6, 9, 5, 11, 8, 3, 12, 13, 4, 14, 15], "R": [[-0.16832329908790855, -0.0864113570962236, 0.9819370368556997], [0.9431923229271496, -0.3035997160076538, 0.1349646413374994], [0.286453327708809, 0.9488731684502736, 0.13260543442743494]], "T": [-0.030594654433471848, -0.054169516123860735, 0.025358001865569288], "aligned_model": [[0.09702222136077443, -0.4419546262911689, 0.460235328792609, 0.40689012135980573, -0.07898175919234035, 0.7096304258449112, -0.214154426507099, -0.7030240974760774, 0.4707580370805249, -0.25185769970525823, -0.6398027342298275, 0.27123137937511854, -0.02741813498874749], [-0.3632630393092406, -0.08444045067559575, 0.1921487057544428, -0.7447365735272535, -0.20027153948335036, -0.11220178779112508, -0.6913057727002488, -0.2746255674673253, 0.6919991518422368, 0.5911862371200738, 0.194094753257577, 0.3382040723208264, -0.017831529794924084], [-0.49233360012113764, -0.6510838787878519, -0.5909737269335514, 0.08439205664526894, 0.7140468182696894, -0.16835671417576686, -0.04139396234455163, 0.0004921549581076434, 0.03225958519623115, 0.2422436253133285, 0.4672527481965607, 0.4774457772094453, 0.02888867790957323]], "inverted": false, "swapped": true, "error_lsq": 0.045851766238658984, "error_max": 0.300495192387003, "target": "150.xyz", "model": "22.xyz", "model_rescale": 4.166573947596378, "target_rescale": 4.1984781210996855},
{"mapping": [11, 3, 2, 9, 8, 7, 6, 12, 14, 13, 5, 6, 1, 4, 0, 15], "R": [[-0.44071670049585976, -0.6334299338623663, -0.6360309023869525], [-0.8056048484132683, -0.03342869513231139, 0.5915093833193062], [-0.3959414326855396, 0.7730776424324205, -0.4955616416290239]], "T": [0.015981051778431316, -0.051717529366300724, -0.08269669214568598], "aligned_model": [[-0.13178932675725885, 0.3846150705872816, 0.3759910235425832, -0.10829854012248974, 0.5105381245737372, 0.05975183658825767, -0.11324566499068053, -0.4785567972843625, -0.7473257604486263, -0.5772842154898757, -0.1165686557536458, -0.11324566499068053, 0.37053979649205504, 0.7505332947143752, 0.5858157676858828, 0.0361845515085584], [-0.6839370265636927, -0.35712136041758147, -0.575936800918465, 0.006170981208199033, 0.4239300709844108, 0.6120019801625015, -0.4978382920376775, -0.4812670207585652, 0.08175637339517475, 0.4113863204475575, 0.3023473137879037, -0.4978382920376775, -0.1408305562564254, -0.04401097344095464, 0.3711361030316409, -0.04936129921299566], [-0.5305312040106152, -0.44637802541988814, 0.13729470485152498, -0.6672073162257797, -0.510775893053572, 0.17988696827170159, 0.520117004408605, -0.06535006370644292, -0.24246274269971801, 0.3050974360156259, 0.6576617636557556, 0.520117004408605, 0.5292232583811136, -0.09776735099450082, 0.32133172882560535, -0.016747808534054665]], "inverted": false, "swapped": false, "error_lsq": 0.04422259070394841, "error_max": 0.3412318269076181, "target": "150.xyz", "model": "23.xyz", "model_rescale": 4.274766983524099, "target_rescale": 4.1984781210996855},
{"mapping": [14, 2, 6, 10, 7, 8, 5, 3, 4, 1, 15], "R": [[0.9287541584401183, 0.18933450310875352, -0.3186975982224359], [0.15289818149434767, -0.9788471008588918, -0.13594299995168557], [-0.33769492041768895, 0.07752934330112608, -0.9380572166192139]], "T": [-0.10251818785095211, 0.04607718531715212, 0.013040318028081269], "aligned_model": [[0.23758001273384421, 0.09221067102719184, -0.39851340472982955, -0.3427166065238041, -0.6130513393729643, -0.5344043863317294, 0.08552151494953446, 0.04304019037769567, 0.5641389825537667, 0.32054539773369106, -0.07445632845932162], [-0.21870943186032843, 0.6326291660557672, 0.6702108436064949, -0.3287398508402244, 0.3732833212926222, -0.14947858700347322, -0.6340254608007941, 0.025459825784139634, -0.2024693504061137, 0.6894017579816218, 0.05802429743377105], [-0.5004386061077102, -0.20465831849540317, -0.4389503311702233, -0.4230060409582006, 0.12313806372345089, 0.4813616559657314, 0.022032530818192318, 0.7056933479068934, 0.36208678413758094, 0.25958460284094387, -0.007277254639678522]], "inverted": false, "swapped": true, "error_lsq": 0.0469562492117718, "error_max": 0.24110406314958746, "target": "150.xyz", "model": "24.xyz", "model_rescale": 3.7841303162186577, "target_rescale": 4.1984781210996855},
{"mapping": [2, 5, 4, 12, 13, 11, 1, 8, 9, 10, 7, 0, 6, 3, 6, 15], "R": [[-0.570891802476721, 0.5857144615442044, -0.5753443485451677], [-0.4645521566794336, -0.8082414289090184, -0.3618522990387036], [-0.6769592628728613, 0.06069894672143043, 0.7335133224949234]], "T": [-0.09183513545542468, -0.03258895260951156, 0.043663560086155906], "aligned_model": [[-0.16160073859091656, 0.3910161304560438, 0.42658407789584385, 0.004650541430710725, 0.2288230156548989, 0.2514534833349764, -0.09261923113801054, -0.3969982937574005, -0.49829974159499546, -0.6528556343235863, -0.13746647125905417, -0.391705100283937, 0.5338763581752793, 0.6754377207101095, 0.5338763581752793, -0.026517635030129716], [-0.6291028966892342, -0.4032794401848411, -0.5691899497147226, 0.01903300180341519, 0.5264372032489282, 0.6300893678542311, -0.6365427523894612, -0.5298123780469461, -0.06536045106812645, 0.48468574572899215, 0.27212644409127246, -0.21005378278395684, -0.014831153290586076, 0.04774561823751111, -0.014831153290586076, -0.026525902132536874], [-0.4125128345955684, -0.587828294867287, 0.04595091495594436, -0.70680135875186, -0.39980921750417703, 0.22376890969859206, 0.47757090817849335, 0.13906846378764434, -0.3756850554721934, 0.19511649530276964, 0.616264527869585, 0.6916714208382423, 0.4044907202955991, -0.18837223144514942, 0.4044907202955991, 0.06612537558773166]], "inverted": true, "swapped": false, "error_lsq": 0.05151232385684569, "error_max": 0.3244681850863897, "target": "150.xyz", "model": "25.xyz", "model_rescale": 4.19342608120988, "target_rescale": 4.1984781210996855},
{"mapping": [8, 7, 9, 4, 5, 3, 14, 1, 11, 0, 2, 15], "R": [[0.2949644112051738, 0.7828781914991647, -0.5478117682173165], [-0.9479738843849832, 0.311623538588067, -0.06508674766723453], [0.11975604638777908, 0.538509524031701, 0.8340659337730556]], "T": [-0.0363937384163344, 0.03161594339446393, -0.1322271585911784], "aligned_model": [[-0.12757293138204068, 0.4275997516999511, 0.1826290382560795, -0.7607614266983056, -0.5927341944736505, -0.46557882238208853, -0.16671586081746906, 0.010106276695598236, 0.5928715568760479, 0.2035780754525893, 0.3301501329168992, -0.03576304151183033], [-0.5902861009565568, -0.27745076588412, -0.6882177206258276, 0.31427859069431546, -0.12147911614102165, -0.14169239855223237, 0.3952588762488948, 0.5542124325117234, -0.07414117194770846, 0.04018352035933742, 0.5345197295464426, 0.06759055248773396], [0.08917028063508692, 0.13048423852667373, -0.4572338183494602, 0.02085412298846484, -0.53846181821115, 0.40363188920027393, -0.6801498776007587, 0.4828858763645504, -0.5584511911539503, 0.622787476366812, 0.07292796124406209, -0.13918667880118318]], "inverted": true, "swapped": true, "error_lsq": 0.04250447587405384, "error_max": 0.2667103469264627, "target": "150.xyz", "model": "26.xyz", "model_rescale": 3.795458400668931, "target_rescale": 4.1984781210996855},
