[{"mapping": [9, 0, 1, 7, 8, 2, 3, 6, 11, 5, 13], "R": [[0.6381216676904651, 0.610749566151553, -0.46881308073648065], [-0.09677205963761026, -0.5404483228187456, -0.8357935025087837], [-0.7638297622490465, 0.5787059510736823, -0.28576829161835016]], "T": [0.09060558333512422, 0.05810904681439462, -0.05056192463686281], "aligned_model": [[-0.11114264505591015, -0.3756525303029107, 0.18519773935503306, 0.0013428588635891747, 0.24518498160922883, -0.6778335143360527, -0.23639928080658987, -0.20147533067325504, 0.6777408225235438, 0.5549428493400632, 0.11370204579784482], [-0.5013348981626142, 0.17731331553209245, 0.5200020677229217, -0.6788274035482196, -0.4099708501800415, 0.044599680546661094, 0.4095977818846379, 0.1261256610139186, -0.25112325961321247, 0.46799170110521265, -0.10136374954130296], [-0.4784208926787483, -0.6537253754251272, -0.38335506560955784, 0.09209611622427537, 0.5557264154139698, -0.026539110416716277, 0.15613542354184962, 0.6527223450951684, 0.16556172610016484, 0.38393591603920996, -0.026586043013832286]], "inverted": false, "swapped": false, "error_lsq": 0.0483713945394751, "error_max": 0.2771597270828258, "target": "151.xyz", "model": "0.xyz", "model_rescale": 3.8414455957264533, "target_rescale": 3.733617567308649},
{"mapping": [8, 6, 7, 12, 11, 5, 4, 1, 13, 0, 14], "R": [[0.38708543653138483, -0.6028464439819324, -0.6976682806346052], [0.5179423599783742, 0.768158783711041, -0.3763878249194663], [0.7628240796968458, -0.21565771023989203, 0.6095827880187786]], "T": [-0.04419891500620239, 0.06275328820824003, -0.05877652215721707], "aligned_model": [[0.11357285740966731, -0.502505785617611, 0.33971251690394855, -0.014961995067960823, 0.28353612219714447, -0.6944850329055361, -0.14877520567151842, -0.2007081315686955, 0.6463068477912811, 0.4387430935712096, -0.08482729072734461], [-0.6001147182832828, 0.013531275079684879, 0.5473207558083065, -0.6722978933706456, -0.41654777179390257, 0.14664749799012392, 0.5553292107381198, 0.04356306078888805, -0.24951401712414353, 0.4007587926724814, 0.034333854254423035], [-0.45879711075145513, -0.6892994634984443, -0.23416575765209524, 0.14403991415671205, 0.5650228377335392, -0.12520325935678742, 0.14677151315986414, 0.7918905640000705, -0.08196967207798281, 0.36316738976740787, 0.016094499789827285]], "inverted": true, "swapped": false, "error_lsq": 0.03633164203702526, "error_max": 0.18843278198877006, "target": "151.xyz", "model": "1.xyz", "model_rescale": 4.316132596720782, "target_rescale": 3.733617567308649},
{"mapping": [10, 7, 3, 1, 2, 9, 5, 0, 6, 4, 11], "R": [[0.29113807239708855, -0.20274433524353908, 0.9349509919389158], [0.9535614008740588, -0.017360858431012538, -0.3006979470459362], [0.07719635719391149, 0.9790777982985793, 0.18827476547534527]], "T": [-0.012944225046725048, -0.10110196548878074, 0.03151829891222454], "aligned_model": [[0.06265016933204637, -0.3444864359391164, 0.2419771726374999, -0.28616071991131575, 0.33744274119228745, -0.746187294762189, -0.29296888079161637, -0.20588396088551425, 0.7718795131774219, 0.5308788321457659, 0.10646686011931474], [-0.49303066056484135, 0.2741576741086957, 0.3895011714600123, -0.5044396564787651, -0.4435251032474047, -0.11560506176755832, 0.47390737864948657, 0.12811776601166297, -0.14604012816402545, 0.300674849444399, -0.06070818269160819], [-0.4562451520594245, -0.709913481540646, -0.32251651838380974, 0.2708271315231045, 0.7102677153851679, -0.07846245460667123, 0.11343489213748514, 0.6750605520796196, -0.20957965722751282, 0.40187164989572105, 0.04280677806762204]], "inverted": true, "swapped": false, "error_lsq": 0.045279022388440365, "error_max": 0.2694546954507943, "target": "151.xyz", "model": "2.xyz", "model_rescale": 3.795458400668931, "target_rescale": 3.733617567308649},
{"mapping": [8, 9, 7, 6, 2, 5, 4, 10, 1, 0, 11], "R": [[0.15209821553718814, 0.8159813922705477, 0.5577100503833705], [-0.4633246654535601, -0.43956840939408903, 0.7694867561206606], [0.8730385943431995, -0.3754383849994154, 0.31120673491472073]], "T": [0.02001938777899119, -0.04118407670295966, 0.06670350289668683], "aligned_model": [[0.13928713458454794, -0.4636650594065064, 0.286916028781621, -0.027319904066379533, 0.17404761264380697, -0.6818996003776072, -0.19106804979571557, -0.29653772282793944, 0.6052252458147301, 0.5483990597028414, 0.08222325126118527], [-0.5044226995231805, 0.09699110740378179, 0.408851680936005, -0.6241987349491029, -0.49621798127628025, -0.00823239437281277, 0.5443967736770697, 0.11913952101817364, -0.2712030996725106, 0.45726298429693535, 0.08064288922197523], [-0.5511541829265828, -0.641471346173231, -0.48965635949797626, -0.005054397982695982, 0.6641520471653377, 0.07367029886428439, 0.2199741611778541, 0.7094310308104262, 0.03680041355061669, 0.3575185538379201, 0.06334123644470285]], "inverted": true, "swapped": false, "error_lsq": 0.0430220188380135, "error_max": 0.1981313540405694, "target": "151.xyz", "model": "3.xyz", "model_rescale": 3.7530521520055578, "target_rescale": 3.733617567308649},
{"mapping": [6, 8, 9, 0, 2, 7, 5, 1, 4, 3, 10], "R": [[-0.950104976851823, 0.3029047427618825, -0.07449328676971509], [-0.29935002368277264, -0.9525424474313269, -0.05524897431321048], [-0.08769319404902895, -0.030192758302218015, 0.9956898618865131]], "T": [0.05782599530084831, 0.04577296575166295, 0.05491855545054624], "aligned_model": [[0.06354382450637655, -0.39629768407070726, 0.3031302193401163, -0.17694548404174112, 0.43828515289671843, -0.5230787468390623, -0.36084614413508176, -0.22217505301015245, 0.5347418625209104, 0.4832910735584965, 0.03195897558871143], [-0.4156004256917268, 0.1577771579433885, 0.40203520650897917, -0.7440180061486543, -0.1872328298747564, -0.022554128124950418, 0.6237388718628585, 0.0028939656310172576, -0.4942440721099229, 0.5251707618166463, -0.04495645505282528], [-0.5225218680886445, -0.7341988229030293, -0.2771459297361034, 0.09142826596669526, 0.5670856293951236, -0.07558826182405975, 0.1456312503907634, 0.7929474675557201, -0.08876080571348885, 0.4662906563588977, 0.0723838738687819]], "inverted": true, "swapped": false, "error_lsq": 0.061038071641629194, "error_max": 0.31277775519439105, "target": "151.xyz", "model": "4.xyz", "model_rescale": 3.7855080009869324, "target_rescale": 3.733617567308649},
{"mapping": [6, 4, 1, 8, 15, 5, 2, 9, 13, 14, 16], "R": [[0.3001388885767443, -0.38255964135341947, 0.8738219317294914], [-0.032768238363416496, -0.9196505499110105, -0.3913682519098021], [0.9533325181270568, 0.08883122680633825, -0.28855869944537443]], "T": [-0.009993933527889475, -0.021196970372531813, -0.004837976642248741], "aligned_model": [[0.10062350081747339, -0.33141689639031513, 0.07543309884543983, 0.10121149045434162, 0.23967375514503772, -0.8118595215899428, -0.04357019142897885, -0.17514211671151306, 0.6258580235259619, 0.38705751290459645, 0.007739340742483662], [-0.40315846365535263, 0.018211297764146678, 0.5401541037983577, -0.6966314792721946, -0.4227665121013379, 0.048142225994971845, 0.6605151684584526, 0.15992226202151624, -0.36559027397355626, 0.25831673065723826, 0.005894987067811681], [-0.5224732429591502, -0.6697703425356193, -0.5055286322934646, 0.1586595824466365, 0.6702368748181585, -0.09031837877226617, 0.2778754511508714, 0.6636198907639039, -0.04903277295310653, 0.4662454961684415, 0.03803752943625133]], "inverted": false, "swapped": false, "error_lsq": 0.04477980123305343, "error_max": 0.2615117999654952, "target": "151.xyz", "model": "5.xyz", "model_rescale": 4.2253639853439635, "target_rescale": 3.733617567308649},
{"mapping": [6, 12, 0, 5, 10, 11, 9, 8, 4, 1, 13], "R": [[0.18219380972484053, 0.6665057884398881, 0.7228938024869711], [-0.6448704612650659, -0.47399949733769914, 0.5995553057987143], [0.7422583808120524, -0.57540812515964, 0.3434501209994521]], "T": [0.07540340660127397, -0.05609859107257656, -0.009745890545728254], "aligned_model": [[-0.09884514237313922, -0.5751837365571408, 0.39121032839805486, -0.1832139264822249, 0.28172047918033283, -0.6647406280782017, -0.09500115913256953, -0.2944269221069647, 0.7780933664393099, 0.5277700887975811, 0.10822524822954681], [-0.4840787547698344, 0.24633185983785613, 0.5701776539524815, -0.5720898210219331, -0.40314469674415776, -0.2650950710840341, 0.5152823475576328, 0.10171050481467839, -0.1384192810608704, 0.31301904467748765, -0.08068373939925333], [-0.45717006376962666, -0.6069191953644518, -0.3984703461555532, 0.2502760164060011, 0.6577155244362436, -0.1283252651620414, 0.1209542794331368, 0.6100820636653531, 0.00926559412003549, 0.43502634079887204, -0.05488349313731313]], "inverted": true, "swapped": false, "error_lsq": 0.04618105150457728, "error_max": 0.2725334749612905, "target": "151.xyz", "model": "6.xyz", "model_rescale": 3.89814844738969, "target_rescale": 3.733617567308649},
{"mapping": [7, 8, 6, 4, 2, 11, 9, 10, 0, 5, 12], "R": [[-0.07239838872219381, -0.18702899133915946, -0.9796829230465779], [-0.9200019094817116, 0.39185453073265875, -0.0068200655636759255], [0.38516874206045737, 0.9008163981316863, -0.200436665799001]], "T": [0.0870278560376881, -0.10179352844968143, -0.051855853799131185], "aligned_model": [[-0.002714731135417911, -0.2648217250490576, 0.3966377274965449, -0.12382231272856419, 0.3169792334801632, -0.7196685733795172, -0.2657023370700195, -0.1926983419558692, 0.635420677945031, 0.36506890497832406, 0.03092947373296695], [-0.5712510733303189, 0.24768774095652102, 0.43749297818490623, -0.6437286912384801, -0.33843362277837075, -0.11943762845025227, 0.6805037157536031, 0.025506097323529764, -0.2810436897740813, 0.4967326142073126, -0.1310183940943161], [-0.5022229941946953, -0.5120204840544832, -0.31772733080422744, 0.2262525316346692, 0.5747793465282873, -0.11720052247004699, 0.19621331320225174, 0.6148162713765027, -0.18655952863388428, 0.3568448137865222, 0.10437603889976008]], "inverted": false, "swapped": false, "error_lsq": 0.04815736260451552, "error_max": 0.2998391682434668, "target": "151.xyz", "model": "7.xyz", "model_rescale": 3.7474275329858107, "target_rescale": 3.733617567308649},
{"mapping": [1, 13, 8, 0, 6, 12, 9, 7, 3, 5, 14], "R": [[-0.07645328922975494, -0.9148355031544504, -0.396523513469372], [0.41721786840952046, -0.39054966819697334, 0.82060965565307], [-0.9055849738405378, -0.10269838771557138, 0.4115445253126989]], "T": [-0.08254713674866035, -0.0317485948162113, -0.03718195729400821], "aligned_model": [[-0.015101437428305664, -0.6278997906470332, 0.38580149007416786, 0.1072157286985431, 0.287014767206473, -0.6641632453699918, -0.09515327534782972, -0.12566321919395546, 0.6053160446932162, 0.4017993086383591, -0.08355837500905872], [-0.6315970947065256, 0.2616049291687189, 0.4238552455650836, -0.6381413683139946, -0.32198337282501227, -0.1813819888704311, 0.6665749426444447, 0.18248722177941207, -0.19681522867846418, 0.26886175434125814, -0.030454993344436167], [-0.4848812703070845, -0.6888306521781405, -0.23284753995869495, 0.13743504294907832, 0.6307445889496512, -0.1785154932129463, 0.2669985193747826, 0.6078929610264875, 0.08000075041774125, 0.3964808181920495, -0.0969262699822677]], "inverted": false, "swapped": false, "error_lsq": 0.04987971042867805, "error_max": 0.2342979537419691, "target": "151.xyz", "model": "8.xyz", "model_rescale": 4.019505241142653, "target_rescale": 3.733617567308649},
{"mapping": [1, 10, 6, 0, 4, 9, 11, 8, 2, 5, 12], "R": [[0.455232587001068, -0.041879268962985605, -0.8893871027642809], [0.6924004626152596, 0.6446497241323852, 0.3240498920632663], [0.5597721778567509, -0.7633301120794108, 0.32246278683027063]], "T": [0.049537135474739286, -0.05672850446034983, 0.03576589640725973], "aligned_model": [[-0.1924950238559462, -0.26930660496645875, 0.3223487075281718, 0.18805649994753196, 0.27591214169684897, -0.6310187560999364, -0.2027335533995843, -0.3902612304617229, 0.5679937958794748, 0.4485545442629547, 0.058557475783250705], [-0.46505152415081824, 0.19392715865783972, 0.4747575314631115, -0.6636850043133515, -0.3532634463164607, 0.007944241617469233, 0.4828699724573464, 0.024047622655536047, -0.22272129527689355, 0.3515068956246832, -0.027322105658408403], [-0.444856666120905, -0.7850204131435486, -0.3779468997919843, 0.22301511809679508, 0.7763170803638136, 0.0346815587314072, 0.21588393336071504, 0.5419175989568786, -0.19579672340768828, 0.38882918357162727, 0.060527684653545265]], "inverted": false, "swapped": false, "error_lsq": 0.05392458174083592, "error_max": 0.29883468802818547, "target": "151.xyz", "model": "9.xyz", "model_rescale": 3.877068213659057, "target_rescale": 3.733617567308649},
{"mapping": [6, 14, 11, 3, 5, 2, 8, 1, 12, 0, 15], "R": [[-0.8156749757587383, -0.3056911269982418, 0.4911489273077225], [0.5413412954331007, -0.702726322649152, 0.46165497648656667], [0.20401944951350612, 0.6424396083139214, 0.738679506883507]], "T": [-0.13864294996245055, -0.06841313092336337, -0.05246264116468251], "aligned_model": [[0.13560980739035797, -0.471206751384175, 0.36996089729152803, -0.0445733790237508, 0.26440221075998827, -0.7877203782141428, -0.22635614785665145, -0.04851874566176598, 0.5952280138338856, 0.4569169211796952, -0.06813445200038389], [-0.46956183626287157, 0.015670172445815755, 0.4413733897185697, -0.668063487161892, -0.34895648025976556, 0.053937852259146934, 0.6629809782883609, 0.07321911599164377, -0.20819336485682638, 0.2819585005365855, -0.03135479393871331], [-0.4321595155443195, -0.7537848657640771, -0.21400243871917918, 0.1328255365872713, 0.55568657556084, -0.11636950306500822, 0.17708471284677002, 0.7988449088056025, -0.04296999076170778, 0.3429032594729857, -0.010507224148521399]], "inverted": true, "swapped": false, "error_lsq": 0.041259977620588965, "error_max": 0.21936531306929233, "target": "151.xyz", "model": "10.xyz", "model_rescale": 4.260839863003843, "target_rescale": 3.733617567308649},
{"mapping": [6, 0, 3, 10, 9, 7, 1, 8, 4, 2, 11], "R": [[-0.9949632884605423, 0.08797661078947706, 0.048043423793277674], [-0.09998223144094749, -0.9053426351379004, -0.4127447957244906], [0.007183871649217181, -0.41546940796592896, 0.909578783301682]], "T": [0.049227963443253475, -0.04103805365602227, 0.04047671029090072], "aligned_model": [[-0.18627542486974633, -0.4380441546326795, 0.3689590298174963, -0.03677070486784004, 0.35881575314202885, -0.5985605312978197, -0.2146730179245453, -0.22019078962570443, 0.7286608508809755, 0.41480492709452566, -0.0011179414021065398], [-0.4593343846237859, 0.17578291703120885, 0.45349108439113117, -0.6563202967820877, -0.39392605309762024, -0.1080844958012042, 0.6319351015731346, 0.007664540008363016, -0.28550198971082524, 0.4444566019014684, -0.007152978129729516], [-0.6471435833641304, -0.65636532279197, -0.35581364819678146, 0.1263008466668447, 0.6849600083496981, -0.03355348597395173, 0.06738484131699365, 0.7042952095238406, 0.16176642146977194, 0.3582904123461754, 0.02742975592416528]], "inverted": false, "swapped": false, "error_lsq": 0.048234448173235814, "error_max": 0.30470923374924835, "target": "151.xyz", "model": "11.xyz", "model_rescale": 3.890672605050136, "target_rescale": 3.733617567308649},
{"mapping": [2, 11, 12, 0, 3, 6, 5, 8, 4, 7, 13], "R": [[0.7361493842505075, 0.0803843743744515, 0.6720285979212693], [-0.6586034742657152, -0.14373157212221244, 0.7386357010464679], [0.15596649560956488, -0.9863465859076643, -0.05286648007543439]], "T": [-0.15816451919304064, -0.028286057661750033, -0.06967424293204454], "aligned_model": [[0.12680925816075617, -0.30273583284511313, 0.3547441260198022, -0.10735353692439165, 0.3673574428009314, -0.7287750889431344, -0.11537896603110437, -0.3030813526576898, 0.45007289629629665, 0.43301657452672826, 0.0009324759115028614], [-0.3958264848698802, -0.07830607794703641, 0.48755343456681094, -0.5311340425018083, -0.36262677064423243, -0.071377965233294, 0.700245120517482, 0.017569582094633857, -0.3662809175210755, 0.38802946330911975, 0.01516470498933406], [-0.6075107555035338, -0.5982187507408248, -0.23081544395890646, 0.2357053372143748, 0.612312641917222, -0.001814025330887828, 0.19936832005096528, 0.6346604910682352, -0.15252208498401143, 0.38215589296357333, -0.03577016742555004]], "inverted": false, "swapped": false, "error_lsq": 0.049634809720236484, "error_max": 0.31033389433889175, "target": "151.xyz", "model": "12.xyz", "model_rescale": 4.124412569039231, "target_rescale": 3.733617567308649},
{"mapping": [7, 0, 6, 10, 11, 4, 1, 2, 9, 8, 12], "R": [[-0.4725154863723319, 0.36638514982909015, -0.8015553861855297], [-0.5909756162611696, 0.5429942358047234, 0.596577807890618], [0.6538172039056859, 0.7555919413728281, -0.04004849571945407]], "T": [0.006218590020991819, -0.024672294322007206, -0.2192528001123638], "aligned_model": [[0.15057717746457083, -0.3842996154792453, 0.41918139048819875, -0.09973020984928391, 0.3184786414188188, -0.7369431519951256, -0.197209545430065, -0.26990088531289136, 0.6310643319872634, 0.37672968647248567, -0.032339823450141914], [-0.603304303754501, 0.19236611126720554, 0.5010345297526854, -0.5925347852976637, -0.34335543946905944, -0.060978560808949894, 0.695515435563391, 0.05653637902284797, -0.15835658854328288, 0.20207195033651212, -0.0859846813091321], [-0.4127037510209933, -0.5896002789294772, -0.1926656728575914, 0.24000389874621747, 0.6704030741652715, 0.03504768350273968, 0.10138862942872906, 0.5928793937845597, -0.23762615651697852, 0.3518905232478866, -0.12146588827970806]], "inverted": false, "swapped": false, "error_lsq": 0.04232688456300943, "error_max": 0.20624348012852783, "target": "151.xyz", "model": "13.xyz", "model_rescale": 3.9028299243045295, "target_rescale": 3.733617567308649},
{"mapping": [13, 8, 4, 11, 9, 2, 3, 6, 10, 7, 15], "R": [[0.08210535498858162, 0.1742958710465401, -0.9812643171023427], [0.38983169691490016, 0.900525852732403, 0.19257319813781948], [0.9172185992241155, -0.39833922465243915, 0.005991939639655805]], "T": [-0.09696097825383616, -0.04472617769153135, -0.049601155062804256], "aligned_model": [[0.2552268618474029, -0.5244579357516111, 0.2885659709208675, -0.15365048260997294, 0.2677592095221638, -0.8044978479110879, -0.13415673486545432, -0.23321971994684326, 0.6431505132902738, 0.5994321117900537, -0.02854394997120796], [-0.5456143892186704, 0.030771671621100727, 0.45904979922572503, -0.7093373194834756, -0.28198866202345674, 0.15900457561364467, 0.5241919982171019, 0.06930630705908053, -0.07980642078410725, 0.23141423093881575, -0.053981744405704975], [-0.5572684443706757, -0.6883918763768638, -0.2882264060816729, 0.2681015654791984, 0.5919057853680414, -0.05552802515646529, 0.2026646374042556, 0.5929238716739579, -0.1293316929883244, 0.45972299977157793, 0.040979040547626536]], "inverted": true, "swapped": false, "error_lsq": 0.04279919877616144, "error_max": 0.20016616186942343, "target": "151.xyz", "model": "14.xyz", "model_rescale": 3.942246331269136, "target_rescale": 3.733617567308649},
{"mapping": [3, 12, 0, 4, 10, 13, 8, 11, 5, 6, 14], "R": [[0.19993951876101607, 0.48370103740475684, -0.8520900746113497], [-0.8709369362534238, 0.48614934626843453, 0.07160772438971696], [0.4488797633076293, 0.7277995050399085, 0.518473565918795]], "T": [0.15584052969738924, -0.022868244248059593, 0.05369064513782449], "aligned_model": [[0.07163121218607421, -0.37371085407205307, 0.34082468822311374, -0.14646545445146494, 0.27311928482712255, -0.6533538457709654, -0.08221410260158676, -0.30048899126431516, 0.6231861125176147, 0.24921105400921154, 0.17386889271183298], [-0.5651334003521512, -0.00740779669739328, 0.5662759756873607, -0.5028339891634478, -0.4670863261570662, -0.08191958694394165, 0.7006749705072954, 0.09283604797253532, -0.24308237451563933, 0.27962431836060625, 0.031062208061895375], [-0.4104270358659596, -0.5687341010541551, -0.3455679578746498, 0.2017039978402547, 0.5995079271502808, 0.0022392297879132786, 0.19027810689869387, 0.594511234351237, -0.31491944864425236, 0.5147433363723499, -0.025783833691056322]], "inverted": false, "swapped": false, "error_lsq": 0.04851398617631752, "error_max": 0.23836294166084288, "target": "151.xyz", "model": "15.xyz", "model_rescale": 4.355366556412066, "target_rescale": 3.733617567308649},
{"mapping": [10, 7, 3, 1, 2, 9, 5, 0, 6, 4, 11], "R": [[0.29113807239708855, -0.20274433524353908, 0.9349509919389158], [0.9535614008740588, -0.017360858431012538, -0.3006979470459362], [0.07719635719391149, 0.9790777982985793, 0.18827476547534527]], "T": [-0.012944225046725048, -0.10110196548878074, 0.03151829891222454], "aligned_model": [[0.06265016933204637, -0.3444864359391164, 0.2419771726374999, -0.28616071991131575, 0.33744274119228745, -0.746187294762189, -0.29296888079161637, -0.20588396088551425, 0.7718795131774219, 0.5308788321457659, 0.10646686011931474], [-0.49303066056484135, 0.2741576741086957, 0.3895011714600123, -0.5044396564787651, -0.4435251032474047, -0.11560506176755832, 0.47390737864948657, 0.12811776601166297, -0.14604012816402545, 0.300674849444399, -0.06070818269160819], [-0.4562451520594245, -0.709913481540646, -0.32251651838380974, 0.2708271315231045, 0.7102677153851679, -0.07846245460667123, 0.11343489213748514, 0.6750605520796196, -0.20957965722751282, 0.40187164989572105, 0.04280677806762204]], "inverted": true, "swapped": false, "error_lsq": 0.045279022388440365, "error_max": 0.2694546954507943, "target": "151.xyz", "model": "16.xyz", "model_rescale": 3.795458400668931, "target_rescale": 3.733617567308649},
{"mapping": [7, 8, 6, 4, 2, 11, 9, 10, 0, 5, 12], "R": [[-0.07239838872219381, -0.18702899133915946, -0.9796829230465779], [-0.9200019094817116, 0.39185453073265875, -0.0068200655636759255], [0.38516874206045737, 0.9008163981316863, -0.200436665799001]], "T": [0.0870278560376881, -0.10179352844968143, -0.051855853799131185], "aligned_model": [[-0.002714731135417911, -0.2648217250490576, 0.3966377274965449, -0.12382231272856419, 0.3169792334801632, -0.7196685733795172, -0.2657023370700195, -0.1926983419558692, 0.635420677945031, 0.36506890497832406, 0.03092947373296695], [-0.5712510733303189, 0.24768774095652102, 0.43749297818490623, -0.6437286912384801, -0.33843362277837075, -0.11943762845025227, 0.6805037157536031, 0.025506097323529764, -0.2810436897740813, 0.4967326142073126, -0.1310183940943161], [-0.5022229941946953, -0.5120204840544832, -0.31772733080422744, 0.2262525316346692, 0.5747793465282873, -0.11720052247004699, 0.19621331320225174, 0.6148162713765027, -0.18655952863388428, 0.3568448137865222, 0.10437603889976008]], "inverted": false, "swapped": false, "error_lsq": 0.04815736260451552, "error_max": 0.2998391682434668, "target": "151.xyz", "model": "17.xyz", "model_rescale": 3.7474275329858107, "target_rescale": 3.733617567308649},
{"mapping": [2, 7, 3, 6, 4, 12, 10, 5, 0, 8, 13], "R": [[-0.2123810571759931, 0.597272042172148, 0.7734082972093845], [0.9425903946956988, -0.0835201751001643, 0.3233384112329448], [0.25771618959664644, 0.7976781857307808, -0.5452447868884541]], "T": [-0.029723266736025596, 0.04499867189663419, -0.08498803201665649], "aligned_model": [[0.13993867527974066, -0.5454533401541996, 0.3629216799150264, 0.03346121582066677, 0.2242799596573289, -0.7598392440448959, -0.16845576787913036, -0.319289912867863, 0.7233695549067595, 0.455895904301252, 0.028779271379899187], [-0.526886350166542, -0.0539546123764008, 0.5846632397711491, -0.7012120616446929, -0.3506475445504635, 0.12389433208903187, 0.6424881517206855, 0.15037253148016644, -0.3182655177977051, 0.29251890973101713, -0.03996103149619232], [-0.4696893067493014, -0.6250343457157335, -0.20820037457794377, 0.09987968764280576, 0.5992431090559115, 0.056231859622654715, 0.23155420069427224, 0.569433425329237, -0.09070828172209604, 0.38379998383078145, -0.1089585021399321]], "inverted": true, "swapped": false, "error_lsq": 0.039951474946922035, "error_max": 0.20800184897436308, "target": "151.xyz", "model": "18.xyz", "model_rescale": 3.922800546911778, "target_rescale": 3.733617567308649},
{"mapping": [12, 13, 8, 3, 0, 11, 6, 2, 5, 1, 14], "R": [[0.9279009114192411, -0.0784148482811671, 0.36448732509702364], [0.0012724941971034784, 0.9782919137985373, 0.2072276819223574], [-0.3728247300620765, -0.19182294692094826, 0.9078577408871409]], "T": [-0.08216523522188648, 0.04671674843518797, 0.027436681174419476], "aligned_model": [[0.11769448621675979, -0.3741569770138833, 0.2548571629311751, -0.040254673155583884, 0.4012514875899742, -0.7768537647286207, -0.026404350272763964, -0.2514454703382266, 0.6293679967710674, 0.3828448828068114, -0.1412927844921249], [-0.5309051800920286, 0.058059932222634086, 0.3714261621366558, -0.5711066122796014, -0.4309734462292859, 0.06072329761487942, 0.7253624107723617, -0.017755265272491424, -0.20476384182875668, 0.3720024519555937, -0.029059862239907322], [-0.46756134306151526, -0.5941949635534092, -0.3667337817200332, 0.18770846074735378, 0.5138140919411365, -0.128945147439563, 0.1374301383150196, 0.7204853982464732, -0.08663212558656366, 0.5027658567485861, 0.01941487063317085]], "inverted": true, "swapped": false, "error_lsq": 0.04286452256865641, "error_max": 0.244639846161419, "target": "151.xyz", "model": "19.xyz", "model_rescale": 3.9282355846067225, "target_rescale": 3.733617567308649},
{"mapping": [9, 8, 0, 7, 2, 6, 3, 5, 10, 1, 13], "R": [[-0.05328975891767662, -0.8113539570818725, 0.5821210852752914], [-0.8696954013115908, -0.24875247545190177, -0.42632395533680967], [0.4907036891362923, -0.5289867316711622, -0.6923748458630591]], "T": [-0.06155104089898572, -0.07825281153165273, -0.08521776875482309], "aligned_model": [[0.03848966288843486, -0.5048214390666923, 0.4339918141272281, -0.20567958971990588, 0.35340383024114436, -0.6744308177412319, -0.17304615568203655, -0.2719074983974157, 0.7655494719267759, 0.3440837874618197, 0.0699749302764642], [-0.45044213442396475, -0.0757840753887857, 0.5435044963302905, -0.6181360796142635, -0.2903085747224173, 0.0022318868949663118, 0.6190927819859164, 0.0792117689158073, -0.3169853471774978, 0.3221892726250324, -0.011563948665030549], [-0.6595798416221604, -0.7033818558532937, -0.17495135861712707, 0.19019246097319223, 0.5941650530581355, 0.12631153539483572, 0.17484574603089284, 0.5618102205484283, -0.05136710998822233, 0.4012052154508605, -0.02169861010488544]], "inverted": false, "swapped": false, "error_lsq": 0.045943336528631896, "error_max": 0.23150768894809803, "target": "151.xyz", "model": "20.xyz", "model_rescale": 4.067790424073018, "target_rescale": 3.733617567308649},
{"mapping": [4, 0, 3, 5, 13, 7, 12, 10, 6, 11, 14], "R": [[-0.46464736848411925, -0.7367327253788986, 0.4912511723309815], [0.8501535149340617, -0.5263275230329281, 0.014776316972881065], [0.2476728164454944, 0.4245046876699987, 0.870892614585836]], "T": [-0.04246063807441029, -0.0847129322320036, -0.00445601780326596], "aligned_model": [[0.15163820205634415, -0.38636555429541514, 0.3854214356581243, -0.02595839029466631, 0.1716241432487724, -0.7840733459195567, -0.14737327442875264, -0.1646624603478643, 0.6626429210817045, 0.3703085190778003, -0.057594199521906184], [-0.6805574058175029, 0.189559205330104, 0.5706069059793902, -0.6614664073855893, -0.3026601361874202, -0.08061804420726629, 0.6496713240720231, 0.10905830146144865, -0.2245353428912373, 0.28495651318937837, -0.051004866783275156], [-0.5042234620148649, -0.5620958950332708, -0.3379494319447722, 0.12024051612757036, 0.6254568553554105, -0.0860512423169624, 0.18708241103974896, 0.7821863692949842, -0.18005660731876696, 0.32870817295685983, 0.06425376912471945]], "inverted": false, "swapped": false, "error_lsq": 0.03645654877880077, "error_max": 0.16640808390852682, "target": "151.xyz", "model": "21.xyz", "model_rescale": 4.186013935880536, "target_rescale": 3.733617567308649},
{"mapping": [8, 2, 1, 11, 4, 5, 0, 6, 9, 7, 12], "R": [[-0.8596002139079243, 0.46053487907466034, 0.22134836210177558], [-0.4299619791346669, -0.41787420671288805, -0.8003210879782406], [-0.27608000425248314, -0.7831275582686147, 0.5572172455444881]], "T": [0.04356382856491449, -0.06761505375199021, 0.08120787592786291], "aligned_model": [[0.02948511071217544, -0.3182618526076163, 0.3334519209193323, -0.051957509090632834, 0.21568286595704866, -0.7161692118458547, -0.260842135248901, -0.14868278584956596, 0.5407909179652192, 0.5298784009406554, 0.02223227446272436], [-0.5008351829751213, 0.07449740180488147, 0.5511136002516752, -0.6905113535039717, -0.32595764251792275, -0.06602516650276603, 0.5864867446493838, 0.17130401135941892, -0.23146403428949336, 0.32349745454535783, -0.0890957860613884], [-0.5510818045534277, -0.5501283492997265, -0.18006397972879742, 0.12412468521797324, 0.7379043755114887, -0.06488098634985912, 0.04548270932164852, 0.5457633285808857, -0.2525128057531717, 0.467022445934246, 0.11592183638939627]], "inverted": false, "swapped": false, "error_lsq": 0.04584648469844885, "error_max": 0.24570455027527907, "target": "151.xyz", "model": "22.xyz", "model_rescale": 4.166573947596378, "target_rescale": 3.733617567308649},
{"mapping": [14, 13, 6, 9, 3, 7, 1, 4, 11, 2, 15], "R": [[-0.9274019259243858, 0.02055048196617243, 0.3735014665067572], [0.30237429075989797, -0.5466366244118908, 0.7808701487052905], [0.2202168387730351, 0.8371177208389102, 0.5007379208510971]], "T": [-0.030629768952233887, -0.0845014342015902, 0.040051790406642244], "aligned_model": [[-0.007401404269580841, -0.461576249747915, 0.3020155546361829, 0.048753190175261404, 0.2785140471998906, -0.7315982463602995, -0.12165178204270623, -0.15126726159942727, 0.6929918781484322, 0.37598974774562394, -0.0491614775708778], [-0.48106746117016796, -0.001974811812349292, 0.5445663851641795, -0.676626280693843, -0.2456472534936066, 0.014912699224733983, 0.605802953530954, 0.10803574122927614, -0.3930191115984366, 0.34606978669244925, -0.018042600313135898], [-0.6441803285038726, -0.6840252953947147, -0.22963024329233567, 0.09951335991823951, 0.5298362102034244, -0.06069378719122059, 0.19267520367373125, 0.738786035173203, 0.09733950294064167, 0.35954863165442147, 0.03838216608913861]], "inverted": true, "swapped": false, "error_lsq": 0.042570346415955876, "error_max": 0.24872255422059775, "target": "151.xyz", "model": "23.xyz", "model_rescale": 4.274766983524099, "target_rescale": 3.733617567308649},
{"mapping": [0, 3, 6, 1, 9, 2, 5, 4, 8, 7, 10], "R": [[-0.7546343853320865, 0.35985786422667476, -0.5486613363712448], [0.6426008795702125, 0.5743544439419128, -0.5071302419495072], [0.13263127101122657, -0.7352681757552086, -0.6646725928391769]], "T": [0.06952621472276338, -0.02382623512644116, -0.05183481297576863], "aligned_model": [[0.041986234092093344, -0.34502220647704945, 0.37327856557791533, -0.14056045478425352, 0.2903353627695272, -0.8601005254592766, -0.106247687982988, -0.3909833809215727, 0.7851456551362337, 0.43881791166538997, 0.0889585226985653], [-0.4617933928638883, 0.2153506018489582, 0.41448216456621767, -0.5950820049775724, -0.35217302901058617, -0.25412001104895576, 0.7345133876043077, 0.12630332217888493, -0.20369622781674557, 0.273813558310837, -0.09458832203140351], [-0.6464739139189307, -0.3467217928970689, -0.4649150863192646, 0.18164712896204005, 0.7038748926163605, 0.054138869981831386, 0.19365551338452897, 0.45122843876631114, -0.028452556107404506, 0.3677681808334362, -0.028198220031183552]], "inverted": true, "swapped": false, "error_lsq": 0.058373868832062296, "error_max": 0.37623715886973125, "target": "151.xyz", "model": "24.xyz", "model_rescale": 3.7841303162186577, "target_rescale": 3.733617567308649},
{"mapping": [10, 11, 6, 9, 2, 13, 3, 5, 1, 4, 15], "R": [[0.018146019063820684, -0.5562651461565319, -0.8308067219056354], [0.7020687215454523, -0.5845387912133424, 0.4067110913097637], [-0.711877961605548, -0.5906636003160317, 0.37992930795351043]], "T": [0.0842612222622948, -0.18322785080412324, -0.07629629858613302], "aligned_model": [[-0.12061188097911446, -0.3379476558911306, 0.21885169964568205, -0.10864577449560639, 0.23764380825878959, -0.6665776653775054, -0.23624081755220896, -0.12315937187006706, 0.8167904393056736, 0.41028264471343057, 0.08522257055664181], [-0.6988226255425092, 0.19106022571372167, 0.5048671094530621, -0.6695242359997373, -0.34882240049339586, 0.03639277477017683, 0.517313164241521, 0.15413686495475343, -0.09234584754568068, 0.3233793948826828, -0.11462437767454146], [-0.6216806998187927, -0.596945574152405, -0.25075884846261387, 0.1853206444310383, 0.6433183589587621, -0.0790789054971342, 0.15933607683522544, 0.7063278073129848, 0.01413489882245203, 0.363889427646467, -0.08631173080532786]], "inverted": false, "swapped": false, "error_lsq": 0.045079640039956854, "error_max": 0.28032005969680046, "target": "151.xyz", "model": "25.xyz", "model_rescale": 4.19342608120988, "target_rescale": 3.733617567308649},
{"mapping": [10, 7, 3, 1, 2, 9, 5, 0, 6, 4, 11], "R": [[0.29113807239708855, -0.20274433524353908, 0.9349509919389158], [0.9535614008740588, -0.017360858431012538, -0.3006979470459362], [0.07719635719391149, 0.9790777982985793, 0.18827476547534527]], "T": [-0.012944225046725048, -0.10110196548878074, 0.03151829891222454], "aligned_model": [[0.06265016933204637, -0.3444864359391164, 0.2419771726374999, -0.28616071991131575, 0.33744274119228745, -0.746187294762189, -0.29296888079161637, -0.20588396088551425, 0.7718795131774219, 0.5308788321457659, 0.10646686011931474], [-0.49303066056484135, 0.2741576741086957, 0.3895011714600123, -0.5044396564787651, -0.4435251032474047, -0.11560506176755832, 0.47390737864948657, 0.12811776601166297, -0.14604012816402545, 0.300674849444399, -0.06070818269160819], [-0.4562451520594245, -0.709913481540646, -0.32251651838380974, 0.2708271315231045, 0.7102677153851679, -0.07846245460667123, 0.11343489213748514, 0.6750605520796196, -0.20957965722751282, 0.40187164989572105, 0.04280677806762204]], "inverted": true, "swapped": false, "error_lsq": 0.045279022388440365, "error_max": 0.2694546954507943, "target": "151.xyz", "model": "26.xyz", "model_rescale": 3.795458400668931, "target_rescale": 3.733617567308649},
{"mapping": [1, 8, 6, 9, 3, 11, 5, 10, 0, 7, 12], "R": [[-0.007448274399486865, -0.888731268407844, -0.458368035275863], [-0.862865062641787, -0.22595058125388, 0.45211748307626726], [-0.5053794682025131, 0.39887725854605777, -0.7651722196565466]], "T": [-0.07690241590636802, -0.18974294018038793, 0.014514506464176943], "aligned_model": [[0.11070170414335447, -0.41182559319712875, 0.25554679616155007, -0.12023059044721514, 0.3379373268827037, -0.7845380177918537, -0.04787698181822546, -0.2864184756420587, 0.7475642629076366, 0.3539855071571588, 0.02076205795866222], [-0.2946870946736062, 0.20438338202087006, 0.36704720258578327, -0.6155875255600816, -0.4020304797390849, -0.17193280166142347, 0.5625734181619256, 0.2095177328928162, -0.28485658659788904, 0.30160990312583846, -0.07302710379509501], [-0.5369785480064138, -0.4985572405339833, -0.49602365860256226, 0.04847549156712955, 0.5871562331997237, 0.1170291183174925, 0.00834287565952839, 0.5662212801757152, 0.06432697361333066, 0.49733546682350416, 0.08022346305719118]], "inverted": false, "swapped": false, "error_lsq": 0.055116568112270906, "error_max": 0.23897569841630412, "target": "151.xyz", "model": "27.xyz", "model_rescale": 3.6321398670334006, "target_rescale": 3.733617567308649},
{"mapping": [12, 4, 13, 8, 10, 3, 2, 0, 9, 11, 14], "R": [[0.26654721777902923, 0.3083010345124915, -0.9131829240698638], [-0.39369594878718567, -0.8299863311804717, -0.3951280677984526], [-0.879747736912586, 0.46483670484602263, -0.09985367907631232]], "T": [-0.06198333942248227, -0.05768216122095603, -0.0055514410824340985], "aligned_model": [[0.12392056985541236, -0.4162916476068661, 0.4565003246703667, -0.14047406971833132, 0.33016517763767783, -0.7305671238507895, -0.10022189288226627, -0.22891992187892488, 0.5971830228242665, 0.33869445438430557, -0.05438089712026663], [-0.7081390048654072, 0.1524939165331191, 0.5076790278242992, -0.556421343906095, -0.3474391455977689, -0.11406099463084733, 0.700037418227856, 0.016384882374980897, -0.1542561238906311, 0.30474138542994944, 0.001990029260598415], [-0.48079386546313285, -0.7244108789772592, -0.2848698040739123, 0.10457597923942327, 0.6001977343763356, 0.14065810137330173, 0.23495326922826726, 0.5911544703266681, -0.05794741265366781, 0.3417701891132928, -0.027736327218660404]], "inverted": false, "swapped": false, "error_lsq": 0.044675115094131926, "error_max": 0.20637269189135235, "target": "151.xyz", "model": "28.xyz", "model_rescale": 4.156811204709835, "target_rescale": 3.733617567308649},
{"mapping": [4, 8, 9, 2, 0, 3, 7, 5, 1, 10], "R": [[-0.39522178940223873, -0.6315540016077713, 0.6670376902656281], [0.6940499249208988, -0.6809941921361613, -0.23354145669262222], [0.6017428345223459, 0.37065678643460537, 0.7074737505879525]], "T": [-0.08031299031743691, 0.06148487707414653, -0.01611763945061143], "aligned_model": [[-0.6890746717610517, 0.1195389517172587, 0.01959198538774312, 0.579870899770218, -0.028556687226150318, -0.6027711316981034, -0.5702653967511545, -0.3543274297319744, 0.2737978943757152, -0.10487903997191275], [-0.20382700792062763, -0.6479662146768856, 0.061236527898922186, 0.1363449470717091, -0.48443850661279864, -0.2686239431221302, 0.4365375479652873, 0.5512235492342337, 0.32197056806797114, 0.016262862720522457], [-0.5033869314704094, -0.2898264252736052, -0.7073992247849746, -0.13004773310766551, 0.5050881157576266, 0.09850739356738472, -0.387246082977802, 0.4622977857095395, 0.7096545832733141, 0.0011452462816912735]], "inverted": true, "swapped": true, "error_lsq": 0.06252214761340825, "error_max": 0.36010909748489867, "target": "151.xyz", "model": "29.xyz", "model_rescale": 4.117894457231895, "target_rescale": 3.733617567308649},
{"mapping": [10, 13, 11, 8, 5, 4, 3, 0, 9, 2, 14], "R": [[-0.8299286472440384, 0.4013946550260366, 0.3874284080965275], [0.07209382591490665, 0.7658243843933737, -0.6389956905437322], [-0.5531915768959534, -0.5023896328399293, -0.6645176717487122]], "T": [-0.02442984782697676, -0.06569343326199384, -0.035083670845293735], "aligned_model": [[0.13256783967419702, -0.49604821363225626, 0.45151882173688185, -0.1583390554417503, 0.4334099555128056, -0.7753838981395397, -0.15350497740748467, -0.18727800605833572, 0.5936023243461236, 0.3657287882339387, -0.030665582509995484], [-0.3952793634661144, 0.023929420797038678, 0.37779961326283845, -0.6532704385206577, -0.39180587137728706, 0.11586297082896393, 0.4132408151798245, 0.15215871282518076, -0.14649352657581668, 0.40254252705884364, -0.0956748132527604], [-0.6523727485260196, -0.6616618092250062, -0.35491239365388766, 0.3372216791893101, 0.5813456955173439, -0.08640012638761779, 0.19668733177380412, 0.6862369035379051, -0.07157465178358571, 0.5430963852033981, -0.08011481037498815]], "inverted": false, "swapped": false, "error_lsq": 0.05130552005289115, "error_max": 0.22423285505103016, "target": "151.xyz", "model": "30.xyz", "model_rescale": 4.100398675895297, "target_rescale": 3.733617567308649},
