[{"mapping": [11, 0, 6, 12, 8, 10, 7, 4, 5, 3, 9, 2, 13], "R": [[0.17620542773488768, 0.8458096075244338, 0.5035451867073393], [0.08528123050045727, 0.49650847677558285, -0.8638324167419968], [-0.9806522110111686, 0.19515491361826956, 0.01535580442544661]], "T": [0.1995005087155636, -0.03100812007281325, 0.13180822062375458], "aligned_model": [[-0.3535849595938908, 0.6166672439364831, 0.2267666736949068, 0.14829272270485053, -0.40810488914252685, -0.6077032003239015, -0.4551014086285837, -0.19622419486725626, 0.2922223763197678, 0.598978814147261, -0.13166791292208044, 0.484298726292544, 0.04263355434590435], [-0.4424214905598041, 0.5543976236665068, -0.16842445629808814, 0.06671108587547483, -0.22479389407304415, 0.001333973814507096, 0.2983817501764539, 0.3859115814279735, -0.7714896266605193, -0.035124237747076924, 0.5727129656505469, 0.5497819521304, 0.011160266407525966], [0.24088316812649918, 0.4123157335405382, -0.61980310910285, 0.7000938243603996, -0.319680301834506, 0.7341412561759648, -0.053645616386986616, -0.631725765578474, 0.007345157383340933, -0.20523843321283763, 0.3819911515508378, -0.2839213942762006, 0.11938050708379795]], "inverted": true, "swapped": false, "error_lsq": 0.03612857203690686, "error_max": 0.2531959091577381, "target": "152.xyz", "model": "0.xyz", "model_rescale": 3.8414455957264533, "target_rescale": 3.5822866638534276},
{"mapping": [5, 0, 12, 4, 10, 2, 6, 8, 3, 11, 9, 13, 14], "R": [[0.8398316998035624, -0.5356461995308237, 0.08812414500716784], [-0.1243788674282417, -0.3478910080829238, -0.9292479452935667], [0.528405727961315, 0.76945110008579, -0.3587929643045425]], "T": [0.04356394622527167, 0.0973650240698768, 0.11205849322724268], "aligned_model": [[-0.3924471576605834, 0.6652811412711467, 0.23205883383610404, 0.14394587884553117, -0.24858749455548573, -0.4551680670770069, -0.7354136312663168, -0.18147454496583904, 0.14781753416148224, 0.7456115719678722, -0.17758195353187778, 0.43278614763073087, 0.08064528730772073], [-0.3888278210321008, 0.247222611644779, -0.011174320643701635, -0.09892810775753896, -0.31784285207026325, 0.051020455550357335, 0.09497779109983168, 0.44767868952975004, -0.6399507577131394, -0.011620806591675137, 0.740991576084722, 0.6645422336270734, 0.02004880208276183], [0.20056623098149892, 0.4534201816717528, -0.6193637048641193, 0.6092603725971797, -0.34688731583011423, 0.6540209342640974, 0.05535391962223533, -0.559462475004627, 0.354697132722651, -0.35859703052039493, 0.16052531234634876, -0.20678800829242275, 0.0853906281354379]], "inverted": true, "swapped": false, "error_lsq": 0.04792314351360206, "error_max": 0.38700479040636, "target": "152.xyz", "model": "1.xyz", "model_rescale": 4.316132596720782, "target_rescale": 3.5822866638534276},
{"mapping": [2, 9, 11, 6, 7, 4, 10, 0, 1, 8, 3, 12], "R": [[0.8416245967645306, -0.1260670767712063, 0.5251429617497549], [-0.5326101774537542, -0.03276558242070545, 0.8457262059799925], [-0.08941161554083582, -0.9914804631272344, -0.09472092822276942]], "T": [-0.0746794410222136, 0.05451931310482446, 0.017523820845459552], "aligned_model": [[-0.19215915969922506, 0.40545717763789757, 0.11035681505033193, -0.6641375719579936, -0.569046845075132, -0.5031142383933053, -0.14355556793027363, -0.14265487864063658, 0.6264715069461453, 0.22623994896243962, 0.4504155250320734, -0.006464157300540771], [-0.666632867354963, -0.4078666592883253, -0.420149308941691, 0.3546537322416104, -0.2927896450042195, -0.004917442210805208, 0.3668256542920841, 0.5044269014755796, 0.09716248705436167, -0.06117440824332846, 0.5083952615251166, 0.034842722195560734], [0.24508712170577845, 0.027345423737281445, -0.6085308478287231, -0.05482707514616044, -0.3186814278959583, 0.3673526536105114, -0.7223337098513967, 0.36595246867250414, -0.4903924399596925, 0.721379489490268, -0.006509261007894486, -0.0765839343170967]], "inverted": false, "swapped": true, "error_lsq": 0.04035607740278578, "error_max": 0.2611899662502085, "target": "152.xyz", "model": "2.xyz", "model_rescale": 3.795458400668931, "target_rescale": 3.5822866638534276},
{"mapping": [11, 7, 2, 0, 1, 3, 4, 10, 6, 5, 9, 12], "R": [[0.46584106209368736, -0.4770299711942074, -0.7452747892219882], [-0.6807974813535533, 0.3448045197793185, -0.6462388355108442], [0.5652494088896365, 0.8084257849191891, -0.16413669921047302]], "T": [-0.04151716415021076, 0.02448652170284834, 0.15405829597041215], "aligned_model": [[-0.14808513035197726, -0.14235443518090243, -0.7707827769055047, 0.17590978240916919, 0.20755375982269378, 0.33020124622213487, -0.24232003179265207, 0.603463872726116, 0.2896001889034734, 0.780115392644525, -0.47458847829320094, -0.015409564460309902], [-0.02892390347064431, -0.5897365104020128, -0.17858454295790857, 0.12393318842786377, 0.5913491928464997, 0.6097109776910464, -0.3197344884529614, -0.14298009136728168, -0.4962282696564256, 0.05651121504602632, 0.3952897205709361, 0.06516255701457173], [-0.6442422489674131, -0.1469708113549144, 0.041894057770475474, 0.6748998306109741, -0.45260504312869126, 0.19459776386179273, 0.5422070048804162, -0.29939813292792766, 0.40304346499471133, 0.5202672010189482, -0.19145964640500907, 0.046537990285737935]], "inverted": true, "swapped": true, "error_lsq": 0.043814005861691714, "error_max": 0.2738205535075079, "target": "152.xyz", "model": "3.xyz", "model_rescale": 3.7530521520055578, "target_rescale": 3.5822866638534276},
{"mapping": [6, 10, 3, 1, 0, 11, 4, 7, 2, 9, 12], "R": [[-0.5905731397758428, 0.4553814416480491, -0.6662215165977811], [-0.7847410502056176, -0.5165701844647046, 0.34254449148145094], [-0.18816176736385, 0.7251089484516419, 0.662428986516945]], "T": [-0.018732936963645398, -0.16358883492577017, 0.08158546728746915], "aligned_model": [[-0.4968864168636095, -0.24691749099786545, 0.5677909031010916, 0.45612264329406427, 0.1554192716191018, -0.18672736103207976, -0.30445168811026924, -0.6702486782006982, -0.23885448000990994, 0.2967708786505906, 0.006182020994789081], [-0.5861674405785455, -0.011657281168577477, -0.26109459818675584, 0.37610282510575677, -0.7094225740547254, 0.601482555618299, -0.4908817770228662, 0.06755654737156969, 0.185006382659566, 0.3655214025892054, -0.06924268401858033], [-0.10702201276509973, -0.6763834961969251, -0.277285122368398, -0.4028266610724992, 0.06829794329529942, -0.11318826255950584, 0.4290238661602155, 0.09406196587641316, 0.7263140056230569, 0.33639544122371956, 0.015443110029039975]], "inverted": true, "swapped": true, "error_lsq": 0.049167786806778954, "error_max": 0.3229331254200422, "target": "152.xyz", "model": "4.xyz", "model_rescale": 3.7855080009869324, "target_rescale": 3.5822866638534276},
{"mapping": [6, 2, 15, 1, 8, 4, 7, 10, 13, 14, 5, 9, 16], "R": [[-0.6469958079038302, 0.7619123282396103, -0.029766233073178106], [-0.04693513538003341, -0.000831351891937615, 0.9988975933101901], [0.761047644777729, 0.6476796375759611, 0.03629833946261907]], "T": [0.06406576810141873, 0.026155464347347376, 0.11152338356263036], "aligned_model": [[-0.41422214885558895, 0.6549774642184648, 0.2885284918119838, 0.21203195757993712, -0.24174151223501017, -0.4334968035804995, -0.6693851297264984, -0.2134057910715429, 0.13552669471467832, 0.7085339147840908, -0.3461266823135331, 0.46184491961734875, 0.11440817101964793], [-0.3897213538002325, 0.4140974948896482, -0.11955522683612453, 0.004166608765534523, -0.2774225855918432, 0.09614013208720183, 0.16964212296164982, 0.4085760708325291, -0.6686608685060834, -0.04942000424014331, 0.713507408127557, 0.4610577562006299, 0.03572993892053271], [0.2676137698371668, 0.32625585877186347, -0.6680296850767826, 0.8536328337051139, -0.44492261458272, 0.6542336353618442, 0.05831782792195143, -0.4432092436190743, -0.08080768112293571, -0.07990951588794079, 0.23149297814162523, -0.28790841588387295, 0.09537643026328457]], "inverted": true, "swapped": false, "error_lsq": 0.03849600249914486, "error_max": 0.2015772996952721, "target": "152.xyz", "model": "5.xyz", "model_rescale": 4.2253639853439635, "target_rescale": 3.5822866638534276},
{"mapping": [11, 3, 10, 6, 8, 12, 9, 1, 5, 2, 0, 4, 13], "R": [[-0.4955153322375243, -0.8619832601425043, 0.1070019380742046], [0.5312696977221146, -0.3982277288139672, -0.7477748219122669], [0.6871805176223995, -0.3136870020223494, 0.6552735314068787]], "T": [-0.00526172955428204, 0.08174326710954867, 0.03557858311564553], "aligned_model": [[-0.25491444914900174, 0.487433015225247, 0.2808026263967373, 0.30525416764127833, -0.44978077047645154, -0.5285560947645339, -0.5796146798363502, -0.10532553935995222, 0.20873390398332167, 0.6346927836069499, -0.2518094024838992, 0.4696153664551855, 0.04094261872494753], [-0.5255323391849548, 0.41023599349126005, -0.2256517515910827, -0.1354975244058778, -0.31277373953988663, 0.021428783188850956, 0.2570418279657833, 0.4617492786483693, -0.5077206174409449, -0.10081531733583347, 0.8253660124278429, 0.5235411128448464, 0.10676577474248353], [0.4532430973035185, 0.4259039472406109, -0.62183145721041, 0.5552941632300927, -0.403310958022777, 0.8062075047359095, -0.07389986476063852, -0.584331448356502, -0.05090531184848564, -0.04987430663713928, 0.20675716514293419, -0.24764874500752637, 0.0665323920199362]], "inverted": false, "swapped": false, "error_lsq": 0.04074534746145032, "error_max": 0.235770492593153, "target": "152.xyz", "model": "6.xyz", "model_rescale": 3.89814844738969, "target_rescale": 3.5822866638534276},
{"mapping": [5, 3, 11, 6, 10, 1, 2, 4, 9, 8, 0, 7, 12], "R": [[0.5283051939039742, 0.6456533079991883, -0.5513850088312067], [-0.5893302084182231, 0.7463464371883948, 0.30928449870939767], [0.6112147965648558, 0.16155123511101702, 0.7748016977874321]], "T": [0.049943034794606905, 0.1458599260019562, -0.014668506948420541], "aligned_model": [[-0.2848508730138448, 0.6145174781490678, 0.41191661971182614, 0.29369334109410117, -0.41132886433686455, -0.5131945580370012, -0.6531927492656527, -0.24301920729764884, 0.14158492310487597, 0.6763215867352719, -0.07954740643962788, 0.37987172596675534, -0.07529847040777982], [-0.3979093464420612, 0.50032277067778, -0.13701781733274074, -0.07737634777495309, -0.32755075312341686, 0.16057781585569283, 0.19462097426216723, 0.4061066689809397, -0.7415887732850868, -0.10940960122782259, 0.5660435919149159, 0.6734522343282431, 0.08786607697719895], [0.42669825852546295, 0.4413947850684166, -0.6812235874714456, 0.5753545479205243, -0.33406516787934665, 0.6157726459690552, -0.08373567619326328, -0.526469782700429, 0.029856199398480048, -0.02786511451759894, 0.3824313545438979, -0.22459252768527982, -0.11141975714895108]], "inverted": true, "swapped": false, "error_lsq": 0.03570416196370406, "error_max": 0.20604561885115474, "target": "152.xyz", "model": "7.xyz", "model_rescale": 3.7474275329858107, "target_rescale": 3.5822866638534276},
{"mapping": [12, 9, 2, 11, 1, 10, 0, 3, 13, 4, 7, 8, 14], "R": [[-0.7281422146067363, 0.38489153814402355, -0.5671573143077019], [0.5972318903504577, 0.7622971988720022, -0.2494334575399182], [0.3363376048794078, -0.5203474651202088, -0.7849302714808218]], "T": [-0.034941244127806734, 0.09292792403271052, 0.059419630634882634], "aligned_model": [[-0.15953009187018868, 0.48873228601606045, 0.15166456742947237, 0.12959251891716927, -0.4086765464906991, -0.5733277681766242, -0.6464402412319359, -0.18279240332247537, 0.44761807671016673, 0.6185655870764912, -0.0903238192546345, 0.4931269048259155, -0.010735524665239377], [-0.42161226600824053, 0.4811945913251976, -0.10050727380244881, 0.05318908371391337, -0.3386679861187448, 0.18152488954494314, 0.18764095701421163, 0.5787830118288859, -0.6544150517574855, -0.17223291507929653, 0.5850104281161425, 0.36874837884703204, 0.04948164618674671], [0.37622971672780203, 0.45357121186302385, -0.7382962280399767, 0.6576080800203952, -0.42930187918242313, 0.5862534641278718, -0.1671011312194139, -0.4467615675263843, 0.18875178866998538, -0.2794673664840085, 0.5270361524466314, -0.27266081537652387, 0.026274751802544176]], "inverted": true, "swapped": false, "error_lsq": 0.05186829456122058, "error_max": 0.28709932199335997, "target": "152.xyz", "model": "8.xyz", "model_rescale": 4.019505241142653, "target_rescale": 3.5822866638534276},
{"mapping": [9, 2, 4, 1, 8, 10, 11, 5, 7, 0, 6, 3, 12], "R": [[0.30828007492069553, 0.5763174048695916, 0.7568498161797161], [-0.5406388059568057, -0.5484847123986475, 0.6378669153973834], [0.782734359090292, -0.6058240413761679, 0.1424926453897098]], "T": [-0.0038478844695529688, 0.09628699124447065, 0.10192183783844536], "aligned_model": [[-0.4365879768899068, 0.4173135094508738, 0.38567340219642726, 0.18916319877495436, -0.3040551270137704, -0.40864650828490034, -0.5881409748821733, -0.11232843803848133, 0.29847728406740237, 0.5815755467093191, -0.30280719878994433, 0.5604982944275795, -0.022661465763901587], [-0.4076056035588808, 0.49408646423055763, -0.11758934310424118, -0.15322439027031776, -0.37209616585032945, 0.23897159715055316, 0.1201773939319602, 0.5108822500082804, -0.6953203137128312, -0.17081974912446646, 0.7220563308815127, 0.5178412640776289, 0.11077775915142989], [0.2636881098014595, 0.22171675333844792, -0.5981672651211412, 0.6992459495315195, -0.2810008189213853, 0.9105991131543872, -0.11086997861249012, -0.4146703224291163, -0.21673370861106375, 0.009296390215626033, 0.3189423435935448, -0.39028360012631325, 0.07037321201604797]], "inverted": true, "swapped": false, "error_lsq": 0.05218362871553851, "error_max": 0.3128401495027361, "target": "152.xyz", "model": "9.xyz", "model_rescale": 3.877068213659057, "target_rescale": 3.5822866638534276},
{"mapping": [11, 2, 1, 9, 0, 10, 12, 5, 8, 7, 6, 4, 15], "R": [[-0.8978435299254377, -0.40741358108897063, 0.16700649602722073], [0.403173110008766, -0.6082118042545266, 0.6837615406933273], [-0.1769984156338381, 0.6812434037183142, 0.7103372338216525]], "T": [0.03653350559393358, 0.22984753755460097, 0.1403898146726618], "aligned_model": [[-0.43042605600742784, 0.6404186394950857, 0.2430237734534209, 0.25468263447397127, -0.3525470697887562, -0.3704829311789455, -0.666600177473109, -0.18074650657135533, 0.28239852463160714, 0.7225239160397381, -0.3922560574948143, 0.5191172436043899, -0.011632387220326904], [-0.32657100948790196, 0.2499967355100089, -0.09105533044424713, -0.13629007760285694, -0.2995809732144563, 0.10282369867602867, 0.2207948228721563, 0.30223464217551543, -0.501466874091056, -0.057687336834529535, 0.6372257964653031, 0.525339936063954, 0.1723734637229379], [0.2707832370523129, 0.41474745138876656, -0.6388981480169112, 0.6443734535294633, -0.30915194476523844, 0.7073230947093319, -0.11203103986789317, -0.6069688312534974, 0.13314001873974754, -0.19580569719986704, 0.3149951979742467, -0.23094272898061893, 0.09057211451968067]], "inverted": false, "swapped": false, "error_lsq": 0.0428110013547737, "error_max": 0.2712400345757624, "target": "152.xyz", "model": "10.xyz", "model_rescale": 4.260839863003843, "target_rescale": 3.5822866638534276},
{"mapping": [4, 8, 9, 2, 11, 7, 6, 0, 3, 1, 10, 12], "R": [[0.6296254333792064, 0.47770570682091773, -0.6126737070519465], [0.6312247421760356, -0.7742953784461685, 0.044966562929607684], [-0.4529096361382082, -0.4150468944440284, -0.78905572484174]], "T": [0.07905224831447293, 0.011026638533951522, -0.08226774205585326], "aligned_model": [[0.25586083155396655, 0.2661262267226795, -0.3892297130291242, -0.4229709586670826, -0.6563160396466352, -0.3083279488703169, 0.3929790116312374, 0.644569649350248, 0.3845133460415406, -0.2273004682229648, 0.011545768736233683, 0.007448943494348492], [0.02702894851696571, -0.7145049547881223, -0.4353349493404368, -0.26993565258410424, 0.2034267794583977, 0.4765445802999266, 0.5286649686834659, -0.06822645996767662, -0.19078056779526653, -0.07573118629250106, 0.6642430309617602, 0.027683968380525302], [-0.609479242957216, -0.27709472274797664, 0.07867249989169932, -0.5869259414368077, 0.18922596287858012, -0.4158636661573527, -0.3584502111974549, -0.1307346000437733, 0.5078788992141903, 0.7239773280147925, 0.38508603958181514, 0.00988573235500799]], "inverted": true, "swapped": true, "error_lsq": 0.043507411050359934, "error_max": 0.24555494841575323, "target": "152.xyz", "model": "11.xyz", "model_rescale": 3.890672605050136, "target_rescale": 3.5822866638534276},
{"mapping": [7, 2, 9, 4, 5, 3, 8, 6, 12, 11, 0, 11, 13], "R": [[0.009097383278920623, -0.9979389236749163, -0.0635227693982734], [-0.12598533418445912, -0.06416306165287711, 0.9899549469999933], [-0.991990389665095, -0.0010030622507586906, -0.12630938475906905]], "T": [0.04194000419955476, 0.1688881267856162, -0.027019749942641842], "aligned_model": [[-0.3739457631202035, 0.6402972297526542, 0.22226319681303586, 0.22516428798002164, -0.28514461512984607, -0.5412698891187638, -0.6757028897922359, -0.08759017629513624, 0.21423315572121268, 0.5524457403936267, -0.20868373547917515, 0.5524457403936267, 0.022961263844661475], [-0.5054035270604433, 0.305160163214828, -0.17684758172338977, 0.10137728988639688, -0.4529291012251055, 0.15195166889146244, 0.21947862602095822, 0.5287117073191998, -0.5482744650429576, 0.2875043527244604, 0.5567667613156355, 0.2875043527244604, 0.043137246765350745], [0.2881531619181384, 0.33209401529411586, -0.7006448549445699, 0.645979650175548, -0.36068300620899013, 0.6889708454786041, -0.06727299736864659, -0.45807342081735075, 0.07845552472175613, -0.19457943528558444, 0.3409917250575158, -0.19457943528558444, 0.08332440509457073]], "inverted": true, "swapped": false, "error_lsq": 0.053952135685408194, "error_max": 0.3602815726148554, "target": "152.xyz", "model": "12.xyz", "model_rescale": 4.124412569039231, "target_rescale": 3.5822866638534276},
{"mapping": [8, 7, 0, 9, 1, 11, 2, 4, 6, 3, 10, 5, 12], "R": [[0.6271588531601184, 0.7302485449403264, 0.2709406494334531], [-0.7725573289758099, 0.6274823545172379, 0.09706218736081357], [-0.09913095555197327, -0.27019059454770017, 0.9576899792048119]], "T": [0.16045377435702282, 0.04481970555862092, -0.0049031960596257265], "aligned_model": [[-0.33407156017539585, 0.4884325699306422, 0.37588881874719704, 0.35668455915991537, -0.3295527338457992, -0.5490141324291838, -0.6950005397236924, -0.2573602280189774, 0.13816251214220027, 0.7378895340200896, -0.1958566005015295, 0.4517961784023178, 0.06947516825569416], [-0.32077665460553595, 0.45825682592547334, 0.048248817019875115, -0.16463177418436808, -0.45469038473523415, 0.18689901447498916, 0.14649028556965546, 0.4690600382924567, -0.6173921946719197, -0.3611072717935059, 0.6012570814209945, 0.6859195688167878, 0.12060414228118771], [0.3647995437716637, 0.33358953897746013, -0.5437383992871202, 0.5662927674498386, -0.4211334094298655, 0.6784866052651675, -0.020919541767487622, -0.5184476004201043, 0.08778614316558403, -0.10759013917329399, 0.3237760332948687, -0.28393087928779637, 0.02316551527060847]], "inverted": true, "swapped": false, "error_lsq": 0.0484267815200781, "error_max": 0.32013283828687883, "target": "152.xyz", "model": "13.xyz", "model_rescale": 3.9028299243045295, "target_rescale": 3.5822866638534276},
{"mapping": [5, 11, 7, 12, 4, 8, 0, 3, 10, 9, 2, 6, 15], "R": [[0.36119826362100715, -0.8455651586233649, -0.3931353162454546], [0.44094438273386477, -0.21660603717788773, 0.8710050952741567], [-0.8216470444738548, -0.4879563373708099, 0.2946094824119617]], "T": [0.04170735732874749, 0.07398808116380413, 0.12000245775983912], "aligned_model": [[-0.24264400442376638, 0.7008315590651055, 0.3751718834872656, 0.1538395079490833, -0.36462765780462364, -0.5507391455669807, -0.7476784678946573, -0.19648190690037742, 0.21143891500920503, 0.7317805309504379, -0.29376073589909957, 0.3535465252619504, 0.12679654272993585], [-0.2875156288339556, 0.18400961404957644, -0.2297715680802101, 0.030164422521386527, -0.3016293190255376, 0.1341363282734434, 0.22322211722324703, 0.31319294073243964, -0.6043352540945377, 0.045552820861338175, 0.7063198704094824, 0.5257995195735836, 0.0589916302006002], [0.3448606450301704, 0.4351329661604064, -0.6655925022050266, 0.8053827585427967, -0.27136271446971905, 0.611832193678565, -0.0844862477045508, -0.40415053021493974, -0.13772075272058895, -0.2319008066224081, 0.29253487874562434, -0.25819196276226597, 0.04579825237145971]], "inverted": true, "swapped": false, "error_lsq": 0.040254286023139824, "error_max": 0.24667634360119314, "target": "152.xyz", "model": "14.xyz", "model_rescale": 3.942246331269136, "target_rescale": 3.5822866638534276},
{"mapping": [5, 11, 7, 4, 2, 3, 1, 0, 9, 6, 12, 8, 14], "R": [[0.15086724168354493, 0.6911757886946618, 0.7067638251276813], [-0.6699362476432759, -0.4542474668803038, 0.5872347596374682], [0.7269281253882303, -0.5620811933832516, 0.3945126519700145]], "T": [0.09701463467552629, 0.05600583671029412, 0.17986171510072818], "aligned_model": [[-0.41575716180566524, 0.7418887427092955, 0.311752764906456, 0.1851014683732915, -0.2828489304900602, -0.4563367240695173, -0.6914913183495475, -0.17078097973895462, 0.3100078028858822, 0.5841186996136957, -0.35647865668330325, 0.4662879135521556, 0.032009925059750144], [-0.3117637776385561, 0.31578502942697817, -0.18055269792449413, 0.07157159497548259, -0.2440705513728486, 0.06017436750015476, 0.23715342764112263, 0.26694261243922274, -0.678942032928479, -0.052018682113329856, 0.7179659030334407, 0.5074815954362785, 0.08841070533588426], [0.11211104215747389, 0.35525607212417587, -0.613174919138451, 0.7592254987646165, -0.41031262508541705, 0.6384822855363717, 0.134196103043116, -0.4716815823198746, -0.07043380092284318, -0.07282331134931153, 0.33551827117447675, -0.32871257748423083, 0.1144857213294211]], "inverted": false, "swapped": false, "error_lsq": 0.04286609842009138, "error_max": 0.22173814107140882, "target": "152.xyz", "model": "15.xyz", "model_rescale": 4.355366556412066, "target_rescale": 3.5822866638534276},
{"mapping": [2, 9, 11, 6, 7, 4, 10, 0, 1, 8, 3, 12], "R": [[0.8416245967645306, -0.1260670767712063, 0.5251429617497549], [-0.5326101774537542, -0.03276558242070545, 0.8457262059799925], [-0.08941161554083582, -0.9914804631272344, -0.09472092822276942]], "T": [-0.0746794410222136, 0.05451931310482446, 0.017523820845459552], "aligned_model": [[-0.19215915969922506, 0.40545717763789757, 0.11035681505033193, -0.6641375719579936, -0.569046845075132, -0.5031142383933053, -0.14355556793027363, -0.14265487864063658, 0.6264715069461453, 0.22623994896243962, 0.4504155250320734, -0.006464157300540771], [-0.666632867354963, -0.4078666592883253, -0.420149308941691, 0.3546537322416104, -0.2927896450042195, -0.004917442210805208, 0.3668256542920841, 0.5044269014755796, 0.09716248705436167, -0.06117440824332846, 0.5083952615251166, 0.034842722195560734], [0.24508712170577845, 0.027345423737281445, -0.6085308478287231, -0.05482707514616044, -0.3186814278959583, 0.3673526536105114, -0.7223337098513967, 0.36595246867250414, -0.4903924399596925, 0.721379489490268, -0.006509261007894486, -0.0765839343170967]], "inverted": false, "swapped": true, "error_lsq": 0.04035607740278578, "error_max": 0.2611899662502085, "target": "152.xyz", "model": "16.xyz", "model_rescale": 3.795458400668931, "target_rescale": 3.5822866638534276},
{"mapping": [5, 3, 11, 6, 10, 1, 2, 4, 9, 8, 0, 7, 12], "R": [[0.5283051939039742, 0.6456533079991883, -0.5513850088312067], [-0.5893302084182231, 0.7463464371883948, 0.30928449870939767], [0.6112147965648558, 0.16155123511101702, 0.7748016977874321]], "T": [0.049943034794606905, 0.1458599260019562, -0.014668506948420541], "aligned_model": [[-0.2848508730138448, 0.6145174781490678, 0.41191661971182614, 0.29369334109410117, -0.41132886433686455, -0.5131945580370012, -0.6531927492656527, -0.24301920729764884, 0.14158492310487597, 0.6763215867352719, -0.07954740643962788, 0.37987172596675534, -0.07529847040777982], [-0.3979093464420612, 0.50032277067778, -0.13701781733274074, -0.07737634777495309, -0.32755075312341686, 0.16057781585569283, 0.19462097426216723, 0.4061066689809397, -0.7415887732850868, -0.10940960122782259, 0.5660435919149159, 0.6734522343282431, 0.08786607697719895], [0.42669825852546295, 0.4413947850684166, -0.6812235874714456, 0.5753545479205243, -0.33406516787934665, 0.6157726459690552, -0.08373567619326328, -0.526469782700429, 0.029856199398480048, -0.02786511451759894, 0.3824313545438979, -0.22459252768527982, -0.11141975714895108]], "inverted": true, "swapped": false, "error_lsq": 0.03570416196370406, "error_max": 0.20604561885115474, "target": "152.xyz", "model": "17.xyz", "model_rescale": 3.7474275329858107, "target_rescale": 3.5822866638534276},
{"mapping": [5, 2, 11, 9, 10, 4, 8, 3, 12, 7, 0, 1, 13], "R": [[-0.4565220895039832, -0.8895289110255262, -0.01805265201178835], [-0.5098172713660798, 0.24491064247234545, 0.8246848652792338], [-0.7291597435485329, 0.385690411669158, -0.5653043204635122]], "T": [0.055519196660993864, 0.06598544192809315, 0.03834537907659971], "aligned_model": [[-0.3877024796514979, 0.500843349788112, 0.2937845957959641, 0.23700252725847126, -0.3572246467046749, -0.47445070890083946, -0.6349211541248909, -0.21507354305334925, 0.23884986703030828, 0.763942421272193, -0.14596425499775073, 0.3587588986846692, 0.07962867356676374], [-0.4695097316097489, 0.49978203676712774, -0.1067564925676945, -0.2552292257479693, -0.3199232206225254, 0.12147449378157833, 0.26052784571204524, 0.33742049934000534, -0.6585050501186298, -0.16276083812322417, 0.8253620660145745, 0.5789081955730337, 0.14734691541228356], [0.23839387678331792, 0.38089411540087226, -0.6212958002381551, 0.5965649629690664, -0.3580841788471072, 0.6749604011612097, -0.00961112575148347, -0.5217365436194572, 0.06555411938802555, -0.07668051466238349, 0.32451657308390414, -0.31304379081849076, 0.1017040829802045]], "inverted": true, "swapped": false, "error_lsq": 0.03577265443113597, "error_max": 0.2113459108620599, "target": "152.xyz", "model": "18.xyz", "model_rescale": 3.922800546911778, "target_rescale": 3.5822866638534276},
{"mapping": [3, 10, 13, 2, 12, 0, 5, 8, 7, 11, 1, 4, 14], "R": [[0.8801445338384611, -0.422653350826673, 0.21612437296442], [-0.2687896194404851, -0.8189784195052731, -0.5069777991842292], [0.39127706300691534, 0.3881217507685324, -0.8344242125831752]], "T": [0.018059333977193236, 0.14650063815039602, 0.01981761763250383], "aligned_model": [[-0.23980258830216722, 0.720145564475966, 0.2617604222805875, 0.18680042498311766, -0.40502153038709005, -0.5816938894981892, -0.740911165751426, -0.19559252738133265, 0.225911506938411, 0.6603453804001158, -0.27001230837438467, 0.5908401198528375, 0.04470413672703283], [-0.36558549669018336, 0.3843678536704298, -0.0774081386321108, 0.16607701791533844, -0.4036905073595004, -0.009009103925850886, 0.15860817994050955, 0.4855750844647424, -0.6230291261451086, -0.1295580402676332, 0.7099180182995891, 0.447574218647405, 0.05429753389322975], [0.30340933670683495, 0.33777163944709926, -0.5820863498404546, 0.7157142855000942, -0.3501909365629259, 0.5806700284565507, -0.05987496771397465, -0.4425372850302404, -0.03340300917008599, -0.11621125213162894, 0.40395119928676393, -0.30444155270899276, 0.029365041590483164]], "inverted": false, "swapped": false, "error_lsq": 0.039451176222898655, "error_max": 0.23023949291897525, "target": "152.xyz", "model": "19.xyz", "model_rescale": 3.9282355846067225, "target_rescale": 3.5822866638534276},
{"mapping": [11, 2, 3, 10, 4, 9, 8, 6, 0, 1, 7, 5, 13], "R": [[0.1911528215111073, -0.8991703094270077, -0.3936411480946602], [0.8630296462546031, 0.3450055930249731, -0.36898640959680545], [0.4675900218289496, -0.26919118749770793, 0.8419594266112687]], "T": [-0.07999627924165789, 0.1643916893821963, 0.05615671341722364], "aligned_model": [[-0.25791760694020316, 0.647692638752158, 0.24139329358463033, 0.3001872495370196, -0.32985359227587147, -0.5983992579071309, -0.8172282741262534, -0.18420181499398575, 0.22741709072162727, 0.6186144024589786, -0.04036146109945542, 0.3971473554540693, 0.05298352279789545], [-0.47675556955937715, 0.4213168303996371, -0.11976733255582991, -0.10390175927354003, -0.3042133723818109, 0.07789672129675598, 0.09549758521334548, 0.5461410408873957, -0.570328237063728, -0.0853804453815781, 0.7456819100137584, 0.49242787676347455, 0.0795222454523534], [0.3219336214202486, 0.34455664563294974, -0.5621615394844008, 0.7812177169509051, -0.2864049075391907, 0.5058252551726465, -0.11809645658962847, -0.4637016259416773, -0.020528603612508828, -0.048999325001555016, 0.27667550392852447, -0.3342486706213387, 0.08606856351454824]], "inverted": false, "swapped": false, "error_lsq": 0.039190791970939144, "error_max": 0.18990707093655076, "target": "152.xyz", "model": "20.xyz", "model_rescale": 4.067790424073018, "target_rescale": 3.5822866638534276},
{"mapping": [8, 13, 12, 5, 0, 4, 2, 3, 7, 10, 6, 11, 14], "R": [[-0.37983535359121423, -0.46009356053550304, -0.8025204170088144], [0.3588460529077038, 0.7263198766197747, -0.5862499016115887], [0.8526163348627561, -0.5106597226929097, -0.11077920898978219]], "T": [0.05363087278620507, 0.022684649941214365, 0.06852320122783578], "aligned_model": [[-0.140822243598847, 0.6300350177840357, 0.3236609265157231, 0.12145056525593957, -0.4303932090152337, -0.5190003679671996, -0.6626735030026819, -0.2671320133037006, 0.06326551590764626, 0.8638256200980018, -0.21833446634934847, 0.36709886508051104, 0.1264928385586322], [-0.3967481418818826, 0.28728405847472943, 0.0036126918993675886, 0.003628416590503704, -0.3573860784458466, 0.10699258970927294, 0.1909527942783634, 0.46468639763431135, -0.720288488273568, 0.007536359436081087, 0.6887094787810326, 0.5007691759549766, 0.018388239653514687], [0.40233754393449306, 0.3649501225933417, -0.6482291251701826, 0.6546148921275448, -0.2860539542412696, 0.6230122706796699, -0.042453392547418645, -0.5837732364401484, 0.0009802759729505423, -0.05248019656253475, 0.24173603092917767, -0.2334788811694905, 0.04097382772339001]], "inverted": true, "swapped": false, "error_lsq": 0.04107704105400599, "error_max": 0.23978757452676977, "target": "152.xyz", "model": "21.xyz", "model_rescale": 4.186013935880536, "target_rescale": 3.5822866638534276},
{"mapping": [4, 8, 1, 11, 7, 3, 6, 0, 10, 9, 5, 2, 12], "R": [[-0.01497373232876914, -0.9965217501011632, 0.08197675838590618], [-0.7798489010449265, 0.0629508745655592, 0.6227944114476713], [-0.6257886854834998, -0.05460392812560366, -0.7780790012293656]], "T": [0.05726156603705443, 0.06048071642481671, 0.030130741450406413], "aligned_model": [[-0.32199296893927565, 0.7309427392075973, 0.17718004623247868, 0.20328661389276653, -0.19467155615737555, -0.6305846878342375, -0.4960395614532592, -0.2770176646911452, 0.20507121769415554, 0.6056287195846471, -0.14712310511102025, 0.37580638970136193, 0.02698736383678468], [-0.46946488351525, 0.3145861746774521, 0.06903588041181162, 0.00043499393562550226, -0.4705090266241783, 0.30181997335089, 0.02835742084777304, 0.457569004812305, -0.7605269441252902, -0.21562854676030208, 0.7717818859884951, 0.7142206403505252, 0.05646092046099924], [0.35097308212961903, 0.2932889138589316, -0.6914436505627255, 0.6417165288272446, -0.40907687983932234, 0.5966654260357271, -0.02162643405610717, -0.4722304116413003, 0.050084709299235655, -0.062107536568069874, 0.25555551491572986, -0.11427324065284182, 0.06461015608340226]], "inverted": true, "swapped": false, "error_lsq": 0.04875269753083827, "error_max": 0.2708175021817035, "target": "152.xyz", "model": "22.xyz", "model_rescale": 4.166573947596378, "target_rescale": 3.5822866638534276},
{"mapping": [3, 14, 0, 9, 4, 11, 2, 1, 8, 7, 12, 13, 15], "R": [[0.5029812713037768, -0.21442638060102776, -0.8372760405147036], [-0.36732859130361856, -0.9299268309832925, 0.017486995976154968], [-0.7823551282688289, 0.29875979702716715, -0.5465007199919779]], "T": [0.031049465037297944, 0.11593201248521412, 0.07273403943359687], "aligned_model": [[-0.388243980267515, 0.4992273609641146, 0.13404234793794867, 0.16750172422582965, -0.28942642552634196, -0.44530794612867886, -0.609043110223361, -0.2375282722110858, 0.25643571446092406, 0.5912637075011609, -0.13262859795676257, 0.6903489712015655, 0.020832051985680156], [-0.265468436588798, 0.5426009123955491, -0.21308981440300773, -0.1519153097589407, -0.438869312147959, 0.17783585764006285, 0.1545034051985408, 0.23990618844962092, -0.6596044378045799, 0.012501180088504496, 0.6368028380436421, 0.6243531364753757, 0.13858128622284502], [0.2731170631322776, 0.5468024636458504, -0.6674638167784867, 0.5924337211836204, -0.2869105172015789, 0.69830966092847, -0.13123405108407088, -0.5757992778413337, 0.030032832614083682, -0.3595294370487214, 0.4350659728949065, -0.08103611614894095, 0.008347679533447394]], "inverted": true, "swapped": false, "error_lsq": 0.04564293335585065, "error_max": 0.27928890912425836, "target": "152.xyz", "model": "23.xyz", "model_rescale": 4.274766983524099, "target_rescale": 3.5822866638534276},
{"mapping": [6, 0, 5, 10, 3, 1, 11, 9, 2, 8, 12], "R": [[0.2241420203434903, 0.45845546660790254, 0.8599877556417121], [0.20632383038656874, 0.8401141848842968, -0.5016359570154522], [-0.9524656590822334, 0.2898736647119301, 0.09371460278698665]], "T": [0.09130780574131997, 0.09084453079505173, -0.00723453097669767], "aligned_model": [[0.21646177746153242, 0.057888827863742554, -0.4163875897154154, -0.46514193278863275, -0.4970132236824924, -0.6247974323687766, -0.08314956166814833, 0.09126122619375192, 0.7138519205047291, 0.37600788660130935, 0.010912805556475308], [0.08590354300903925, 0.6103368884542575, 0.4844501866752037, -0.34198641702436006, 0.4292082297051021, -0.15630158709578598, -0.6428276249828376, -0.06700548140449925, -0.15425488226190368, 0.6505736427054601, 0.017490033463807356], [-0.6607544463809829, -0.24692366938494004, -0.6377379604652389, -0.39798943680920895, 0.14005451325591617, 0.4140991900503237, 0.2804857494666616, 0.6404627713232545, 0.36426528123504354, 0.4455341781340923, 0.03807026359665588]], "inverted": true, "swapped": true, "error_lsq": 0.04386019421885245, "error_max": 0.29053891366092827, "target": "152.xyz", "model": "24.xyz", "model_rescale": 3.7841303162186577, "target_rescale": 3.5822866638534276},
{"mapping": [9, 3, 1, 12, 8, 14, 10, 7, 2, 4, 11, 6, 15], "R": [[0.19193380412585026, -0.8994325699698879, 0.39266075295494257], [0.9310928946442575, 0.2933480178429043, 0.21682472638197092], [-0.31020547444678853, 0.32398764251897294, 0.893758676107953]], "T": [-0.03688251063713896, 0.0660928769872849, -0.005138197830662328], "aligned_model": [[-0.3277305972760729, 0.6089283834842975, 0.21691978816606886, 0.09839754108002088, -0.06341976232965876, -0.5007469220928383, -0.7927431707337896, -0.2865427716992164, 0.24586910747724902, 0.6759118443754139, -0.0880015698012935, 0.4565211769241536, 0.01411049838914416], [-0.34550769604181686, 0.39270279064489966, -0.18934169246938298, -0.1888506776062388, -0.41046200890358236, -0.006419626934248912, 0.2499366106330846, 0.5315944257980707, -0.6208157536333064, -0.0831330072422226, 0.8098285346614611, 0.5461461066422729, 0.11245948826186566], [0.29173394183001683, 0.34877724541501925, -0.6558101333341828, 0.6961998077035858, -0.3539203628635282, 0.6342917880711942, 0.006318214986021697, -0.38432630708704973, 0.12525000546956344, -0.16749639995336246, 0.17836025572363412, -0.22451948700948546, -0.012722391121903407]], "inverted": false, "swapped": false, "error_lsq": 0.042970604116949515, "error_max": 0.32318861494636747, "target": "152.xyz", "model": "25.xyz", "model_rescale": 4.19342608120988, "target_rescale": 3.5822866638534276},
{"mapping": [2, 9, 11, 6, 7, 4, 10, 0, 1, 8, 3, 12], "R": [[0.8416245967645306, -0.1260670767712063, 0.5251429617497549], [-0.5326101774537542, -0.03276558242070545, 0.8457262059799925], [-0.08941161554083582, -0.9914804631272344, -0.09472092822276942]], "T": [-0.0746794410222136, 0.05451931310482446, 0.017523820845459552], "aligned_model": [[-0.19215915969922506, 0.40545717763789757, 0.11035681505033193, -0.6641375719579936, -0.569046845075132, -0.5031142383933053, -0.14355556793027363, -0.14265487864063658, 0.6264715069461453, 0.22623994896243962, 0.4504155250320734, -0.006464157300540771], [-0.666632867354963, -0.4078666592883253, -0.420149308941691, 0.3546537322416104, -0.2927896450042195, -0.004917442210805208, 0.3668256542920841, 0.5044269014755796, 0.09716248705436167, -0.06117440824332846, 0.5083952615251166, 0.034842722195560734], [0.24508712170577845, 0.027345423737281445, -0.6085308478287231, -0.05482707514616044, -0.3186814278959583, 0.3673526536105114, -0.7223337098513967, 0.36595246867250414, -0.4903924399596925, 0.721379489490268, -0.006509261007894486, -0.0765839343170967]], "inverted": false, "swapped": true, "error_lsq": 0.04035607740278578, "error_max": 0.2611899662502085, "target": "152.xyz", "model": "26.xyz", "model_rescale": 3.795458400668931, "target_rescale": 3.5822866638534276},
{"mapping": [9, 6, 10, 1, 3, 2, 3, 7, 11, 5, 0, 5, 12], "R": [[-0.3692294730992922, 0.0070233850927201025, 0.9293117174859352], [-0.33620565690057835, -0.9332506782197276, -0.12652639199182614], [0.8663921470459378, -0.35915712949105993, 0.34694495798739083]], "T": [0.0699171175809463, -0.13217236785124345, 0.14182058408481693], "aligned_model": [[-0.2431103272993711, 0.6039289967502816, 0.166402149869662, 0.19969109571142246, -0.5634669289738029, -0.6011535783753661, -0.5634669289738029, -0.00480115389322526, 0.33346639296426583, 0.6152538224246323, -0.3802579591658747, 0.6152538224246323, 0.07973414250002471], [-0.36328871488531617, 0.46463580708318, -0.19966482709119998, 0.04640494169558085, 0.08236275075252816, 0.021787006436297468, 0.08236275075252816, 0.4183728132430009, -0.7648180811268586, 0.22815970117749743, 0.554063301824931, 0.22815970117749743, -0.00039965722881016297], [0.3234062195319365, 0.3414158618679952, -0.5609039956754333, 0.6910218492567369, -0.17103064462214249, 0.690268891582344, -0.17103064462214249, -0.4510750914865552, -0.06281512309320647, -0.23184925181304059, 0.2748476416069628, -0.23184925181304059, 0.04172971710910864]], "inverted": false, "swapped": false, "error_lsq": 0.06415630760064987, "error_max": 0.44665606733402724, "target": "152.xyz", "model": "27.xyz", "model_rescale": 3.6321398670334006, "target_rescale": 3.5822866638534276},
{"mapping": [11, 3, 12, 0, 9, 2, 13, 6, 10, 8, 1, 7, 14], "R": [[0.06081414453963478, -0.5688136459758808, -0.8202150181358167], [-0.27838412499284887, 0.7794639355344164, -0.5611935959659247], [0.958542601440269, 0.26246334858952214, -0.11094625667996509]], "T": [0.07372086688766807, 0.08710143989888564, 0.04914245994743864], "aligned_model": [[-0.36053288716505205, 0.5461302933944167, 0.35422446248822625, 0.2558154325202245, -0.25287461166245917, -0.4321166942798671, -0.7346306015788603, -0.3385387790310429, 0.20913815835458696, 0.5311632318330063, -0.17512049986749031, 0.6368973852022402, 0.017918655755549455], [-0.30077603576997924, 0.4260191682334243, 0.0708784783361571, -0.1720193270199566, -0.35592167028968724, 0.19266823227227325, 0.09896149039105528, 0.3396070791255537, -0.6722248138082237, -0.09008368078736337, 0.6275863851962029, 0.51795238828247, 0.11548979964892982], [0.3202523590263582, 0.4145520754891944, -0.7283948569919108, 0.5868316745857165, -0.3298536857449498, 0.6544751600326807, -0.0644558434922712, -0.5592902180428854, 0.14792216737511132, -0.11328146549206837, 0.35446392045207703, -0.2640460671411173, 0.06296095777358779]], "inverted": true, "swapped": false, "error_lsq": 0.041635503176767945, "error_max": 0.2753600931367329, "target": "152.xyz", "model": "28.xyz", "model_rescale": 4.156811204709835, "target_rescale": 3.5822866638534276},
