[{"mapping": [2, 3, 11, 5, 12, 4, 13, 8, 10, 9, 7, 6, 1, 14], "R": [[-0.8836462547293237, -0.2007943528657824, -0.42290770193985694], [-0.42804730369781563, -0.01930296928283798, 0.9035501652779971], [-0.1895911450987868, 0.9794432210363588, -0.06889248483001092]], "T": [0.06466783862988135, 0.08167460186059414, 0.14529265070341252], "aligned_model": [[0.13844377915740638, 0.31208019181982827, -0.47178206877513096, -0.4758544028541909, -0.5808811238798024, -0.0946255160130352, -0.8684230813657516, 0.05750066404671783, -0.44977952062555226, 0.04740881302858054, 0.7724216101621314, 0.27155734917364216, 0.680009764397283, 0.03341564285617739], [-0.6219114100818469, -0.43347545302412593, -0.4437768064139186, -0.15931862764014357, 0.2874364493239075, 0.3758860706278677, 0.1035403369455, 0.4865665918707647, 0.5821326012412805, 0.017999184655336273, 0.5063748710037802, 0.6161336792052546, -0.10660363781530707, 0.024289481911684653], [0.3101435222140858, -0.3451612023658789, 0.2107098860498119, -0.3880719595110627, 0.6986531469037476, -0.5632139728093648, 0.002216289254708542, 0.5462868869032714, 0.0214765551774809, 0.7239932352343061, 0.33039077036218845, -0.014194158651792771, 0.3091751891717663, 0.0551838992465655]], "inverted": false, "swapped": true, "error_lsq": 0.04530823221950817, "error_max": 0.24108558954938578, "target": "153.xyz", "model": "0.xyz", "model_rescale": 3.8414455957264533, "target_rescale": 3.944372928235096},
{"mapping": [10, 1, 11, 12, 6, 8, 5, 3, 4, 0, 2, 13, 7, 9, 14], "R": [[0.3538618010607431, 0.5027397261725446, 0.7886916973558188], [-0.8876975683724166, -0.08505856048526589, 0.4525020092705377], [0.29457571667696325, -0.8602428779223515, 0.4161818570386319]], "T": [0.10600308168201777, -0.0086876670327702, 0.09292499736827231], "aligned_model": [[-0.12725851337913682, -0.5472529362005264, 0.07077826903175596, 0.19706265494079211, 0.19609252430541735, 0.6566548139056612, -0.3400316523719336, -0.6764980978832619, -0.23521170503646982, 0.08880333725224457, -0.04715692302230959, 0.7006674906749671, 0.3615686005022486, 0.7260507165951371, 0.036557837489839415], [-0.6378144835601836, 0.20858912593962398, 0.09616581325001224, -0.4244140857059526, -0.5630594897031294, -0.5269343128396964, -0.3711808656552347, 0.022409141857120105, 0.3489989129869152, 0.6816113316575589, 0.02678687764797217, 0.18512045375668462, 0.49455678195071734, 0.059640894661100216, -0.02448103452613847], [-0.04187031933820168, -0.431045671185431, -0.7520781756295077, -0.5404542277426977, 0.6356799589675121, -0.1362157484835791, 0.4153757408196854, 0.08283666272533846, 0.3197509540986897, -0.12777577450588026, 0.8139577963844441, -0.33563031251886033, 0.4001485190793779, 0.36929760471012824, 0.038226490353029184]], "inverted": false, "swapped": false, "error_lsq": 0.047478918568105745, "error_max": 0.34364368413486795, "target": "153.xyz", "model": "1.xyz", "model_rescale": 4.316132596720782, "target_rescale": 3.944372928235096},
{"mapping": [8, 9, 1, 5, 0, 10, 3, 13, 2, 12, 11, 14], "R": [[-0.12600667717917402, -0.7888770183767273, 0.6014942785956559], [-0.9274004804803879, 0.3089436752015021, 0.21090792862700758], [-0.3522082709293034, -0.5312502756987837, -0.7705338918301758]], "T": [-0.09110857720507984, -0.1557628322467878, -0.1175695317188839], "aligned_model": [[-0.022184133108945125, 0.4054614891506606, 0.14428223495487544, -0.3566265541368798, -0.5785559549577644, -0.4876446483921163, -0.16686855034009498, -0.2032223552433098, 0.4690723285507089, 0.23002553026314318, 0.2907454216985004, -0.12667625380699749], [-0.5724648769887216, -0.3756505429504766, -0.5335002114592637, 0.5930270646095387, -0.22568939793577114, -0.045591713972924386, 0.20601429536785984, 0.5214445050247, 0.12764972175715514, -0.10072882822534845, 0.4779702910638145, -0.05970387854958166], [0.26504528287320694, 0.0929402379791387, -0.6103752799136355, -0.058124330690234385, -0.5572621397587582, 0.48331830227855294, -0.7737060799729101, 0.5308349282242575, -0.48298252067686387, 0.694294609037365, 0.02639904899654441, -0.16112359716724234]], "inverted": true, "swapped": true, "error_lsq": 0.0445807363471187, "error_max": 0.25180086289592496, "target": "153.xyz", "model": "2.xyz", "model_rescale": 3.795458400668931, "target_rescale": 3.944372928235096},
{"mapping": [1, 9, 2, 13, 0, 5, 11, 6, 12, 10, 3, 14], "R": [[-0.23302357097435333, -0.13443050459834652, 0.9631347023152029], [0.22410632302207148, -0.9711651334855276, -0.0813304339319812], [0.9462961330111667, 0.19689266856709353, 0.2564310934981192]], "T": [0.09307445533095661, -0.04478098993820592, -0.0954185419895335], "aligned_model": [[-0.2225772002442325, -0.054872439813371435, -0.6294479029364729, 0.2990955200293593, 0.20906016649550507, 0.03501678693587839, -0.33446892161270647, 0.6013301124842071, 0.32065776433226206, 0.6885848208726656, -0.37565088214068354, 0.056576001341154536], [-0.15904097581764776, -0.6075348573104717, -0.09934585038590826, 0.06402623001874254, 0.474043120944897, 0.501583725256184, -0.04707815652581336, 0.03876990885875707, -0.642801036873561, -0.013980613377800183, 0.5252075459034464, 0.05192000459888475], [-0.6683588141967628, -0.0695999395471173, -0.044075643282765836, 0.8196355167087914, -0.48681746508966406, 0.48149977351490647, 0.5253539478569147, -0.39304456835380086, 0.5011190515880866, 0.3227482446356268, -0.24557532861743633, -0.05411334457767822]], "inverted": false, "swapped": true, "error_lsq": 0.04944886163206392, "error_max": 0.28177700292537217, "target": "153.xyz", "model": "3.xyz", "model_rescale": 3.7530521520055578, "target_rescale": 3.944372928235096},
{"mapping": [1, 0, 3, 5, 2, 10, 9, 8, 12, 11, 14], "R": [[-0.7923998544197045, 0.3135613185285481, 0.5232415983446556], [-0.48505746601959115, 0.19624641534674542, -0.852177563141747], [-0.36989420835461145, -0.929067620782358, -0.00341037234393049]], "T": [-0.1699591038669263, -0.05430634025967865, -0.0664442932981795], "aligned_model": [[-0.34322381471348595, -0.18954127693541664, 0.34891929788305726, 0.47379954886543113, 0.29692648080823447, -0.3071300323864511, -0.3552702371480725, -0.6622220603500143, -0.30039428362987475, 0.44908562251114087, -0.07274964245934379], [-0.6783561856632797, -0.09990051410973003, -0.3632497651363117, 0.3973172427043269, -0.5644661490992673, 0.6571134147602735, -0.27584528481055687, 0.04279982256970058, 0.35635439957379966, 0.027907412382170094, -0.03247103485677907], [-0.21304919766505892, -0.7247466326839495, -0.5163960662384692, -0.19423621000801836, 0.15583210155045488, 0.00779039291209381, 0.43934922107968244, 0.20380160259386434, 0.6948858980534793, 0.35567136136642774, -0.11607169371519016]], "inverted": true, "swapped": true, "error_lsq": 0.05442936241144298, "error_max": 0.27422969095617156, "target": "153.xyz", "model": "4.xyz", "model_rescale": 3.7855080009869324, "target_rescale": 3.944372928235096},
{"mapping": [1, 6, 7, 4, 2, 3, 12, 11, 13, 8, 14, 10, 15, 9, 16], "R": [[0.4742439663344794, 0.2860970551333826, -0.8326110349012601], [0.43862402143767887, 0.7432148090080346, 0.5052135345465215], [0.7633489557294093, -0.6047976708909822, 0.2269760980184112]], "T": [0.09188919977050708, -0.06334179940597806, 0.0023923279811840226], "aligned_model": [[-0.3003411685273922, -0.3745345645873793, 0.19491636691808692, -0.1602470956193605, 0.3503228215664557, 0.6838515397339893, -0.37886060632952145, -0.7016606916327963, -0.39779465706213796, 0.10010872763566803, 0.16740323150986494, 0.6870130734173145, 0.38405447012956323, 0.6949701369176224, 0.11162483273444761], [-0.7108441327977404, 0.1355230912923958, 0.10778993785947649, -0.4164670955216185, -0.5879087461592527, -0.42106325458065574, -0.21039321096148214, -0.09401364101544613, 0.4137683078070933, 0.6290155099627993, -0.039597546749008984, 0.28836202020219726, 0.5968433282927177, -0.04704418637639357, -0.0679753195377116], [0.0023186632878813944, -0.40867785502496046, -0.7197356407376301, -0.5965489025712488, 0.4538646627682309, 0.06589472141568478, 0.4712587966334775, 0.04451163811832795, 0.24206565738609637, -0.12363810282392432, 0.6742786576598719, -0.22803395602939322, 0.40002678152782056, 0.3804687624601627, 0.052149613663650674]], "inverted": false, "swapped": false, "error_lsq": 0.03950752613370702, "error_max": 0.2818768086267501, "target": "153.xyz", "model": "5.xyz", "model_rescale": 4.2253639853439635, "target_rescale": 3.944372928235096},
{"mapping": [4, 13, 8, 6, 10, 9, 1, 0, 11, 5, 12, 2, 3, 14], "R": [[0.09607849770200978, 0.9639166784749953, 0.24826107072406134], [-0.8152918877961459, -0.06687473947354135, 0.5751755444332995], [0.5710236947562872, -0.25766723924099943, 0.7794482239692384]], "T": [0.019775968167492497, -0.12205715216583843, 0.15522999101284407], "aligned_model": [[0.5541526734259136, -0.2115817888408547, -0.4140274745382928, 0.15608125365804032, -0.14732902234183767, -0.5022749745232605, 0.1377765648437131, 0.6294417120737116, -0.15888965334983352, 0.3368942448779631, -0.7645027936100718, 0.014049804766997492, 0.645145046485404, 0.09912655983019165], [-0.26482900934042763, 0.3237800531419248, -0.4906143906844481, -0.6806390914512104, -0.29892664830006666, -0.08680861178727409, -0.26825723061603246, -0.37341026862288584, 0.595025918432909, 0.37916040800616735, -0.011712844871001382, 0.4456979383111461, 0.22897821464772314, -0.052345290231533254], [-0.39972417864906595, -0.644338889816025, 0.1275640469018116, 0.002609862789272055, -0.5312376510391289, 0.4110954886756687, 0.7921391397951764, 0.1861096248600369, 0.006813125928783553, -0.3766880417561187, -0.21626724625305938, 0.6083010050159472, 0.3850671522359697, 0.12011477024218066]], "inverted": true, "swapped": true, "error_lsq": 0.04296353330055563, "error_max": 0.271561170074488, "target": "153.xyz", "model": "6.xyz", "model_rescale": 3.89814844738969, "target_rescale": 3.944372928235096},
{"mapping": [10, 12, 11, 6, 5, 9, 8, 4, 0, 1, 2, 3, 14], "R": [[-0.9489870763646205, 0.3129215520055007, 0.03877668350180101], [-0.16363883928230885, -0.5938773793717285, 0.7877385280338313], [0.26952895794565157, 0.7412083111791429, 0.6147880775256578]], "T": [-0.15436840901153812, 0.09669291744191508, -0.027075274839872224], "aligned_model": [[0.07836176693500932, -0.021409273465625406, 0.4500136468902032, -0.46691832159166047, 0.6189604686710162, -0.39348985295233113, -0.5191139846665219, 0.18127671230579437, -0.23330163614929772, -0.6189562301368469, 0.01607238418535087, 0.11921019410480208, -0.062074073225669935], [-0.41085193754885496, 0.2234706301738513, 0.515916483113639, -0.40941692319531686, -0.07222935717994475, 0.4960728244520435, 0.01757459909817516, -0.5763199473419843, -0.27926686420394387, 0.38782312394417773, 0.7596594895249043, 0.22580798186092096, 0.08554116277281862], [-0.4947071872203067, -0.8823696799737233, -0.19179027956728378, -0.019919952082656164, 0.06318850367741695, -0.37716586908887445, -0.4577563937364207, 0.19272561942652677, 0.509812095537144, 0.3475621857555815, 0.21598281647692502, 0.6625778855285981, 0.034135286103368426]], "inverted": true, "swapped": true, "error_lsq": 0.053836191496610813, "error_max": 0.33640366734108773, "target": "153.xyz", "model": "7.xyz", "model_rescale": 3.7474275329858107, "target_rescale": 3.944372928235096},
{"mapping": [3, 7, 10, 0, 2, 1, 8, 5, 9, 11, 4, 12, 13, 13, 14], "R": [[0.4343108688346189, 0.7977934723402902, -0.41821004854419885], [0.08308309308576145, 0.42682509314641603, 0.9005095998954459], [0.8969232235009981, -0.4258472911171047, 0.11909162771917588]], "T": [0.06075066994717679, -0.057690547020809946, -0.04251182324281145], "aligned_model": [[-0.34774658308082707, -0.43254246544610886, 0.06621293521376503, 0.12154659814103708, 0.2534264196807715, 0.5943544298288911, -0.30805150885018895, -0.6516020549591309, -0.45933187286508126, 0.026435624913629996, 0.18950534669453145, 0.5704588967749603, 0.669371596141439, 0.669371596141439, 0.09941745847529718], [-0.6469805729331706, 0.2670953102377351, 0.18456545735608887, -0.5248724449763834, -0.671399764438559, -0.5852147927092506, -0.18347211924546936, -0.13131081419826388, 0.45215920100048773, 0.5542034621784311, -0.05721056727507491, 0.2544230186233408, 0.36759001210474823, 0.36759001210474823, -0.07117033611203845], [-0.0438522013225534, -0.3817074326228721, -0.761222858144711, -0.5032266666813929, 0.5004675021195243, -0.0847849553812278, 0.5172865912418432, -0.030057281855585986, 0.18088876581852814, -0.14685814459767205, 0.72927043146421, -0.1955649657924722, 0.464271012813087, 0.464271012813087, 0.0010226878622556501]], "inverted": false, "swapped": false, "error_lsq": 0.0557974230592733, "error_max": 0.420875344752365, "target": "153.xyz", "model": "8.xyz", "model_rescale": 4.019505241142653, "target_rescale": 3.944372928235096},
{"mapping": [9, 2, 11, 12, 8, 10, 5, 7, 6, 0, 3, 4, 14], "R": [[-0.3469647698607343, 0.07649113550096082, -0.9347537401183595], [-0.6551809017157517, 0.6933822580590845, 0.2999317092869979], [0.6710837760685492, 0.716498534819618, -0.19046368446220527]], "T": [-0.0497588842403113, -0.11845899237508317, 0.011540362569796684], "aligned_model": [[-0.20101702658993512, -0.6250109565802183, -0.06140810955699666, 0.42348002553250774, 0.1553536142796342, 0.6779266977658784, 0.2626220462498027, -0.277377959903671, 0.21372673415441926, -0.13051447318778384, -0.4783748573946228, 0.41014597874240144, -0.04985094177023994], [-0.5317359000984017, 0.10800908157032277, 0.28091149620717115, -0.46030031364875285, -0.6479267106904999, -0.1298715178207731, 0.5977837351297743, -0.7132895570528507, -0.34593762521358995, 0.12021664514406233, 0.46518612626757394, 0.32761009001355823, -0.007277321693535926], [-0.3699959675128849, -0.36983771780677527, -0.627618935799533, -0.6399722504860301, -0.03722507236296925, -0.016533969186445393, -0.14381196987466155, 0.5682388351282546, 0.4939453975647859, 0.6217343769131913, 0.2183836766769069, 0.46256839661078025, 0.016828694179259647]], "inverted": true, "swapped": true, "error_lsq": 0.053750011377957214, "error_max": 0.35959780461105506, "target": "153.xyz", "model": "9.xyz", "model_rescale": 3.877068213659057, "target_rescale": 3.944372928235096},
{"mapping": [0, 1, 7, 8, 11, 9, 12, 5, 3, 4, 6, 2, 13, 14, 15], "R": [[-0.5461047729291492, 0.4945786985149734, 0.6761371813169555], [-0.08462581241932467, -0.8355602391583404, 0.5428421120455066], [0.8334314901996275, 0.2392300100591315, 0.49815755884131285]], "T": [0.1231428260986207, -0.009552784510375816, 0.123468825375876], "aligned_model": [[-0.41293004825455004, -0.48724655661809946, 0.10835969247510518, 0.25819456388729584, 0.08735386785273572, 0.692839025960044, -0.3894822490961697, -0.6513848122585968, -0.2650559703265042, -0.03967159541349402, 0.08654950666068639, 0.6152924522780514, 0.5421233899468891, 0.8542476480486079, 0.0616375016624235], [-0.5785293446798041, -0.04467520124852274, 0.15194009788398377, -0.5018084034649829, -0.7386323295090302, -0.2934096190096472, -0.331165490267092, 0.06749398628194327, 0.43811076667192667, 0.5475324722957664, 0.08791857355262132, 0.26741511498479986, 0.5648908947991851, 0.013068083465831121, -0.07415454003960849], [-0.02705553475989908, -0.4922403815656864, -0.6765237229100685, -0.4551228869187034, 0.2321768922151561, -0.05122187635481035, 0.5616195020738692, 0.05159271826233919, 0.3507580290903496, -0.22472388066760351, 0.731305019144161, -0.22500339166614564, 0.4269622229685627, 0.39640761392024165, 0.11127317490228483]], "inverted": false, "swapped": false, "error_lsq": 0.039248617926884895, "error_max": 0.21816727735452734, "target": "153.xyz", "model": "10.xyz", "model_rescale": 4.260839863003843, "target_rescale": 3.944372928235096},
{"mapping": [1, 6, 4, 0, 5, 3, 2, 9, 10, 13, 11, 14], "R": [[0.38208795942223583, -0.9235353399846323, -0.03303433159641439], [-0.5486797149352481, -0.2554754729693727, 0.7960419920642696], [-0.7436123732719402, -0.2860327927188512, -0.6043392092246936]], "T": [0.16936495167405996, -0.04251390215988175, -0.10772996269553906], "aligned_model": [[0.3810993930358285, 0.13634344395740003, -0.4915890269990716, -0.27514281504220434, -0.467536157358857, -0.36493703068467853, 0.21671420316040413, 0.7198679405846573, 0.06543978062252358, -0.09522601249126567, 0.06672527395338285, 0.06713965635601116], [0.04825130085239533, -0.6284247007283557, -0.43534099614128347, -0.324602604203335, 0.18921022679044686, 0.3035880599211857, 0.65068910846747, 0.13833939896437752, -0.44474897102071004, 0.0938887192389234, 0.5815884651603824, 0.0006404982314371643], [-0.7305317544565954, -0.2052180821584674, 0.04307822361857164, -0.5060552942278048, 0.3110548782529514, -0.5100634773825322, -0.31957804477436547, -0.048693178142813695, 0.4904767142153166, 0.7883691206161775, 0.302292514682859, -0.09895354284779215]], "inverted": true, "swapped": true, "error_lsq": 0.044050600054008716, "error_max": 0.240190592634749, "target": "153.xyz", "model": "11.xyz", "model_rescale": 3.890672605050136, "target_rescale": 3.944372928235096},
{"mapping": [10, 12, 8, 4, 6, 3, 11, 0, 5, 2, 7, 9, 1, 14], "R": [[-0.370489287202878, -0.27938358959922516, 0.8858230624286971], [-0.6164756954432583, 0.7873163645360066, -0.009521505214895587], [-0.6947628408281885, -0.549616004130573, -0.4639254713937224]], "T": [0.06471282804574033, 0.03144805363081423, 0.09860942081488837], "aligned_model": [[0.5755200081933401, 0.11110111984052132, 0.34908010930615085, 0.5343762333962722, 0.6241318398272705, -0.30019985860002196, -0.4640645957774344, 0.30819760278222263, -0.03144588757233993, -0.6567384128307232, 0.4316042382467872, -0.14986958602526648, -0.15473976765915792, 0.03292279166607279], [-0.15941970907052327, 0.32039405255699444, 0.4822043737971937, -0.5897768061795803, 0.09885904021518288, -0.4314186842327349, -0.24615093181605133, -0.2645948780187324, -0.7115662426086697, 0.037851557341059515, 0.5744089311433163, 0.5236895382250917, 0.3722875764938941, -0.07461529801867581], [-0.3841847816889719, -0.7257919230176167, -0.10323026460410141, 0.18470446118983963, 0.28937615122809396, 0.5673636716262911, -0.36127136767999835, 0.6361017531544269, -0.1723206340476643, 0.18298404743724633, 0.6335217615223868, -0.12699977153606368, 0.6245569899225634, 0.10998034185042964]], "inverted": false, "swapped": true, "error_lsq": 0.050857483972127825, "error_max": 0.32059074680225547, "target": "153.xyz", "model": "12.xyz", "model_rescale": 4.124412569039231, "target_rescale": 3.944372928235096},
{"mapping": [0, 3, 5, 1, 4, 6, 2, 8, 11, 9, 10, 13, 14], "R": [[-0.49112119840882185, 0.2795523027965141, -0.8250154413552809], [-0.8641895214502333, -0.037376043648368884, 0.5017763469682608], [0.10943692013712666, 0.9594027003101262, 0.25994233812239753]], "T": [0.009580644223596113, 0.01386398279377686, -0.06936830157074368], "aligned_model": [[0.012813366164758574, -0.24089230068576245, 0.4981365791448651, -0.6088515579332603, 0.5846359046348626, 0.21574408954642318, -0.4942622560656666, 0.06375705363739381, 0.08765746638919453, -0.2575276818785341, 0.7064786784582495, 0.760155037626526, 0.03945392847070747], [-0.23590401829615437, 0.34551613448683816, 0.5639893377489354, -0.190115984157885, -0.07388107123123193, -0.5273978921172567, 0.5371175282569838, -0.3529259869907283, 0.7406241961591933, 0.022354166529988, -0.09950361410307036, 0.5306442875300981, 0.08696829269276739], [0.5417206897982072, 0.558650478160426, 0.23623770282391143, 0.06057650200078128, 0.45553992823380585, 0.06634475553085127, -0.06918275398604178, -0.5021676825313918, -0.25343541542451486, -0.58688917860317, -0.2480457706428253, -0.3167219293164463, 0.009070754924245653]], "inverted": true, "swapped": true, "error_lsq": 0.04240383952581449, "error_max": 0.2461522599707182, "target": "153.xyz", "model": "13.xyz", "model_rescale": 3.9028299243045295, "target_rescale": 3.944372928235096},
{"mapping": [3, 2, 1, 6, 7, 9, 4, 0, 5, 12, 10, 11, 13, 14, 15], "R": [[0.15721708429418435, -0.8303254057501747, -0.5346424122456459], [-0.9404258740821431, -0.2911372539814822, 0.17560829906630027], [-0.30146635593855675, 0.47518293310043214, -0.826631245675602]], "T": [-0.030160437199886633, 0.02380149037388257, 0.0012025449153935247], "aligned_model": [[-0.37486844782848633, -0.4717099970794265, 0.2150098619772226, 0.1294096337074674, 0.26567956089337946, 0.6030316134668051, -0.38897275708068757, -0.8516644113443299, -0.20081096892914313, 0.16919130366947727, 0.2506433645456318, 0.6220909787002371, 0.2640916512576449, 0.782952916656943, 0.04675211419168941], [-0.49159442993851565, 0.11946367857538623, 0.03443753169714722, -0.48216494660250886, -0.7293310797066118, -0.4228290395073144, -0.2137854959034479, -0.07517382781308397, 0.35916076660321095, 0.6766986673736249, -0.11812147362356651, 0.19938163495493677, 0.5945524279976911, 0.1840686939699106, -0.05876804635948944], [-0.06385802664650087, -0.5802030806804284, -0.6004428280155237, -0.40246020958800915, 0.40850830629042684, -0.019640996391524765, 0.524814440250213, 0.051715078997572175, 0.34835436404157305, -0.13379541299141012, 0.6767465473789017, -0.2981240185952745, 0.4705749210041001, 0.311382734505509, 0.0166316781744225]], "inverted": true, "swapped": false, "error_lsq": 0.03588515507102855, "error_max": 0.2624144607185921, "target": "153.xyz", "model": "14.xyz", "model_rescale": 3.942246331269136, "target_rescale": 3.944372928235096},
{"mapping": [3, 13, 11, 4, 5, 10, 1, 12, 0, 8, 2, 6, 7, 9, 14], "R": [[-0.5550280910244789, -0.826480593355796, 0.09420003704868633], [0.785805763681043, -0.5580919761389416, -0.26653826729943225], [0.27286099013852344, -0.07391329363235065, 0.9592099379619888]], "T": [0.09955795212665902, -0.07515712393696593, -0.009564748193456804], "aligned_model": [[-0.27443852002252456, -0.4147201911841965, 0.2532780948046377, 0.08197504609643966, 0.09966209954811225, 0.6457592807147943, -0.5052988498748952, -0.7138454308792361, -0.16329457951118626, 0.004460410441985668, 0.1748629034179948, 0.4976943961623776, 0.4936801384010279, 0.839326995777153, 0.04172462291194062], [-0.6830716123924967, -0.050106316217678734, 0.19342164407763146, -0.48011035269846475, -0.41386750011853524, -0.4169783825831513, -0.3209723748967126, -0.11885142347403103, 0.4014809170774585, 0.6835253511820637, 0.08311932314694558, 0.29739525134797223, 0.539462663010691, -0.09857511196668166, -0.03987701377764098], [0.07478300842438011, -0.6387072557787149, -0.6563619248751217, -0.4330829896586555, 0.5271426473298102, -0.3158699094775192, 0.4703983204364826, -0.07695913123298294, 0.48484622188888765, -0.1287213082335399, 0.7333522385883704, -0.13398937975234265, 0.43528323472628994, 0.30722487604546145, 0.06086484930324204]], "inverted": true, "swapped": false, "error_lsq": 0.05214511107132856, "error_max": 0.365332009306381, "target": "153.xyz", "model": "15.xyz", "model_rescale": 4.355366556412066, "target_rescale": 3.944372928235096},
{"mapping": [8, 9, 1, 5, 0, 10, 3, 13, 2, 12, 11, 14], "R": [[-0.12600667717917402, -0.7888770183767273, 0.6014942785956559], [-0.9274004804803879, 0.3089436752015021, 0.21090792862700758], [-0.3522082709293034, -0.5312502756987837, -0.7705338918301758]], "T": [-0.09110857720507984, -0.1557628322467878, -0.1175695317188839], "aligned_model": [[-0.022184133108945125, 0.4054614891506606, 0.14428223495487544, -0.3566265541368798, -0.5785559549577644, -0.4876446483921163, -0.16686855034009498, -0.2032223552433098, 0.4690723285507089, 0.23002553026314318, 0.2907454216985004, -0.12667625380699749], [-0.5724648769887216, -0.3756505429504766, -0.5335002114592637, 0.5930270646095387, -0.22568939793577114, -0.045591713972924386, 0.20601429536785984, 0.5214445050247, 0.12764972175715514, -0.10072882822534845, 0.4779702910638145, -0.05970387854958166], [0.26504528287320694, 0.0929402379791387, -0.6103752799136355, -0.058124330690234385, -0.5572621397587582, 0.48331830227855294, -0.7737060799729101, 0.5308349282242575, -0.48298252067686387, 0.694294609037365, 0.02639904899654441, -0.16112359716724234]], "inverted": true, "swapped": true, "error_lsq": 0.0445807363471187, "error_max": 0.25180086289592496, "target": "153.xyz", "model": "16.xyz", "model_rescale": 3.795458400668931, "target_rescale": 3.944372928235096},
{"mapping": [10, 12, 11, 6, 5, 9, 8, 4, 0, 1, 2, 3, 14], "R": [[-0.9489870763646205, 0.3129215520055007, 0.03877668350180101], [-0.16363883928230885, -0.5938773793717285, 0.7877385280338313], [0.26952895794565157, 0.7412083111791429, 0.6147880775256578]], "T": [-0.15436840901153812, 0.09669291744191508, -0.027075274839872224], "aligned_model": [[0.07836176693500932, -0.021409273465625406, 0.4500136468902032, -0.46691832159166047, 0.6189604686710162, -0.39348985295233113, -0.5191139846665219, 0.18127671230579437, -0.23330163614929772, -0.6189562301368469, 0.01607238418535087, 0.11921019410480208, -0.062074073225669935], [-0.41085193754885496, 0.2234706301738513, 0.515916483113639, -0.40941692319531686, -0.07222935717994475, 0.4960728244520435, 0.01757459909817516, -0.5763199473419843, -0.27926686420394387, 0.38782312394417773, 0.7596594895249043, 0.22580798186092096, 0.08554116277281862], [-0.4947071872203067, -0.8823696799737233, -0.19179027956728378, -0.019919952082656164, 0.06318850367741695, -0.37716586908887445, -0.4577563937364207, 0.19272561942652677, 0.509812095537144, 0.3475621857555815, 0.21598281647692502, 0.6625778855285981, 0.034135286103368426]], "inverted": true, "swapped": true, "error_lsq": 0.053836191496610813, "error_max": 0.33640366734108773, "target": "153.xyz", "model": "17.xyz", "model_rescale": 3.7474275329858107, "target_rescale": 3.944372928235096},
{"mapping": [1, 8, 9, 6, 3, 5, 2, 12, 0, 11, 4, 10, 13, 14], "R": [[-0.12777967174165533, 0.6735310841495916, -0.7280303799800328], [0.29121392233101695, 0.7271712184640224, 0.6216240587993146], [0.9480858647454774, -0.13258166435003413, -0.2890593284223771]], "T": [0.10209611763582498, -0.08999133205593698, -0.09680508623591033], "aligned_model": [[0.5141157182008179, 0.14494517005383983, 0.5612042543505402, -0.28518797688102077, 0.13011412712809206, -0.2953009884262648, 0.677666788383119, 0.1971831928384868, -0.24129291490066296, 0.3206676310530926, -0.6447520143166805, -0.4440398995924663, -0.28285725999436345, 0.06238181998634712], [-0.4789348394656864, 0.33232941378665704, 0.25000369818277846, -0.09971747403850292, -0.7739526588564932, -0.15939847283847963, -0.33549591912307797, 0.7669929609983307, -0.6248126158133112, 0.08533217535546933, -0.2945748380443865, 0.3883866478789785, 0.45303651901024555, -0.14878635552128888], [-0.4430920544450649, -0.4770608104127374, -0.21025065676506544, -0.5482497113936902, 0.2171205867100039, 0.5902014832634424, 0.2721093701684452, 0.05089599436814701, -0.2753391922372557, 0.6029414832907497, 0.022693255282263222, -0.039058405814398456, 0.572925658595215, -0.01104228194839954]], "inverted": false, "swapped": true, "error_lsq": 0.0372121973383317, "error_max": 0.2230029388156761, "target": "153.xyz", "model": "18.xyz", "model_rescale": 3.922800546911778, "target_rescale": 3.944372928235096},
{"mapping": [11, 4, 6, 10, 9, 2, 7, 13, 12, 8, 3, 1, 5, 0, 14], "R": [[-0.1667431488885166, 0.2187989442317958, -0.9614175702065121], [-0.9774074764254979, -0.1651283753653192, 0.1319365176012708], [-0.12988975065909625, 0.9616962314849018, 0.2413897492054211]], "T": [0.06876295072262358, 0.05155644773362665, 0.011752431789518993], "aligned_model": [[-0.4276159542861417, -0.34750028377480496, 0.18175985967008207, 0.1002230725401795, 0.201370536444482, 0.5722066615700229, -0.3395718842292347, -0.6139357377966634, -0.24046643968048392, -0.09603518492166334, 0.23632943132349177, 0.7121706202552406, 0.34681243550181057, 0.7429317940735453, 0.032147490114561916], [-0.45351253967723204, -0.10471230260795351, 0.13390394581560983, -0.5816298450244645, -0.7195996660439505, -0.45788395727218145, -0.3319577159312075, 0.12676998648837814, 0.3977288128104712, 0.5839598062277145, -0.07935076744345725, 0.24376542578736782, 0.6782230768537426, 0.1448759030973028, -0.004585101362770544], [-0.06412189448013414, -0.5593623871082091, -0.6636869511613638, -0.48693186379416564, 0.23642255064707435, -0.00024200623419073225, 0.5813053862125094, 0.020650246252530348, 0.6466980375972446, -0.24079240061455506, 0.6150218733980963, -0.2998006190348774, 0.34717923475400314, 0.49675808699612106, 0.08110620430396437]], "inverted": false, "swapped": false, "error_lsq": 0.044458235930290475, "error_max": 0.3056737429586895, "target": "153.xyz", "model": "19.xyz", "model_rescale": 3.9282355846067225, "target_rescale": 3.944372928235096},
{"mapping": [6, 8, 12, 1, 0, 9, 2, 11, 3, 5, 10, 4, 13, 14], "R": [[-0.7754869376282848, -0.631273481337798, -0.01066777050568618], [-0.39086101364469955, 0.4667462452593734, 0.7933319674316138], [-0.4958302911083016, 0.6193881935393458, -0.6086958091884017]], "T": [-0.11877918186713982, -0.13762622797342244, -0.08585173627243112], "aligned_model": [[-0.5415258060821088, -0.05967773274351192, 0.5998773739834866, -0.48113032240552467, -0.7136917117853503, 0.1889116627044804, 0.1338929703362044, 0.525785211722575, -0.37926010572973967, 0.15221297327201289, 0.07562032532611354, -0.4205016374070512, 0.568475218839928, -0.11646560094683817], [-0.5119803048076536, -0.6836673506685418, -0.6355479597552212, 0.0006242419490694873, 0.055389132346577774, -0.3591591783572129, 0.4057083810185507, 0.24604729732163316, 0.5676825884517609, 0.2821527103809499, -0.5597055074233985, -0.07077539343774464, -0.16680438431641187, -0.047082185277522115], [0.10131165266858172, -0.2379417769350291, -0.05608693531129383, -0.6248696636868762, 0.12544997375090383, -0.5280013662829338, -0.49645648735562076, -0.01176753554873683, -0.04311304974810412, 0.534687329702076, 0.4749536074630796, 0.6341558487528355, 0.5610158270322178, -0.021154267257417272]], "inverted": true, "swapped": true, "error_lsq": 0.04591364059522614, "error_max": 0.2631957231471796, "target": "153.xyz", "model": "20.xyz", "model_rescale": 4.067790424073018, "target_rescale": 3.944372928235096},
{"mapping": [6, 2, 3, 11, 13, 10, 5, 4, 8, 0, 1, 12, 7, 9, 14], "R": [[0.9027513403096687, 0.19890937700497516, 0.38141195223614766], [0.35944037031111065, 0.1382861585484461, -0.9228648647253429], [-0.23631046900149894, 0.9702123469083491, 0.05334195484686448]], "T": [0.015188575062669227, -0.04242448889318326, 0.030454564252284013], "aligned_model": [[-0.45766704683722664, -0.48697595843168096, 0.07770697101367867, 0.31928440871683245, 0.19171426498505983, 0.6945829086344737, -0.2967442940676787, -0.7765273741556458, -0.23504561432954169, -0.0282651409568611, 0.3317383304659107, 0.6684121901725558, 0.246489468894035, 0.7246858536702219, 0.08743744903029142], [-0.4671377494703216, 0.25258951330780255, 0.01092457862919649, -0.47808335489680276, -0.6580288528458358, -0.4277264315187198, -0.2625436681020582, 0.014644766373952206, 0.2729674212551897, 0.6318764503278593, -0.005101208080378214, 0.06864864060718646, 0.5476293727560035, 0.1445153018742669, -0.06917971849997132], [-0.3484690557860689, -0.432707881704521, -0.8162982590751764, -0.33800076601960616, 0.31328570284397395, 0.2779471380260842, 0.48068956173516103, 0.14181636467269634, 0.43428459062134583, -0.1883788140305376, 0.7865685281111293, -0.35422131939972273, 0.42415533142765993, 0.28680788633957255, 0.04272448997205682]], "inverted": false, "swapped": false, "error_lsq": 0.05098367712684167, "error_max": 0.3857240802764662, "target": "153.xyz", "model": "21.xyz", "model_rescale": 4.186013935880536, "target_rescale": 3.944372928235096},
{"mapping": [0, 4, 6, 2, 11, 1, 3, 5, 8, 10, 13, 9, 14], "R": [[-0.7744929445022881, 0.5022483422228636, -0.38458715741761484], [-0.16321307433504523, 0.4287231902306923, 0.8885707166706097], [0.6111646024454287, 0.7509614030646338, -0.2500695899643099]], "T": [0.14521259465929784, 0.0042916112473395385, 0.005226207147650767], "aligned_model": [[0.07521442855088628, -0.4525383145033174, 0.17976957235746688, 0.32799069061149955, -0.19806535022425745, 0.7182215101964488, 0.016771362564047626, -0.6067489509424766, 0.39623522218754337, -0.3338703380637861, -0.6467792841603881, 0.5189528259525772, 0.0634206608969815], [-0.23298046134117437, 0.033162172212104296, 0.33844797171455065, -0.5631296670082048, -0.25404756126049266, -0.29007258102405087, -0.7107216514899192, -0.24016068218586917, 0.5128219092782991, 0.5520839680985952, 0.2638381624033065, 0.18021300504375373, -0.0704979248948051], [-0.6068411752073811, -0.500517540271844, -0.48572303599172095, 0.4202891373914276, 0.6245631306370971, -0.15590222789958796, -0.1932588491082425, 0.10278002718989879, 0.061527591542432966, -0.02389075438838167, 0.44906409672131886, 0.4158558480345955, -0.005066687314267045]], "inverted": false, "swapped": true, "error_lsq": 0.047090432972890034, "error_max": 0.28216742962261543, "target": "153.xyz", "model": "22.xyz", "model_rescale": 4.166573947596378, "target_rescale": 3.944372928235096},
{"mapping": [9, 12, 13, 14, 8, 7, 3, 11, 2, 6, 4, 5, 1, 0, 15], "R": [[-0.9615882132145959, 0.2667076155174695, 0.06492423300853595], [0.11483177226555309, 0.6056843452916152, -0.7873754745653562], [-0.2493226269015974, -0.7496756109769435, -0.6130454355276073]], "T": [0.005876398646006753, -0.09601689551585696, 0.02779443492004889], "aligned_model": [[-0.29836700465681615, -0.4355322341280517, 0.46671298977823544, -0.13842708046722654, 0.2565072525873927, 0.6946191467950744, -0.362740450323831, -0.782512034615552, -0.2167529373601799, -0.046059936566303666, 0.1605795055639666, 0.6730000451846886, 0.34939278415191155, 0.691735914841706, 0.04867045601941024], [-0.6129613995047569, 0.13367737716182218, -0.08812563764907616, -0.3538971202714252, -0.6862896854029963, -0.2635921801690462, -0.19047843151849655, -0.10418607451099085, 0.4100386700384249, 0.6435329797341185, -0.06385858245642378, 0.2922269461643199, 0.4765938355211787, 0.02573593086894732, -0.04242156628823014], [0.002230835320617755, -0.3985625929812457, -0.6824030750859011, -0.7061347570433723, 0.5205837903171098, -0.06676559096662471, 0.4932246540588949, 0.04948015004162265, 0.4113999386736734, -0.14389199747728504, 0.7453502201909193, -0.2808716319348862, 0.2772187810800253, 0.45385632731260656, 0.03548844622789234]], "inverted": false, "swapped": false, "error_lsq": 0.04645876013907255, "error_max": 0.36102156503704835, "target": "153.xyz", "model": "23.xyz", "model_rescale": 4.274766983524099, "target_rescale": 3.944372928235096},
{"mapping": [6, 10, 12, 9, 11, 2, 1, 3, 0, 5, 14], "R": [[0.3423108465974756, 0.8296958087163767, -0.44094007450014966], [-0.8644436908094574, 0.09420499569071925, -0.49382438599833767], [-0.36818526548660685, 0.5502093090682759, 0.7494726989645237]], "T": [-0.01667266919933129, 0.01345332449104869, -0.04985015741197075], "aligned_model": [[0.4657005765973538, 0.2150196120142111, -0.514264066790253, -0.5075665009937393, -0.5139305356812075, -0.5187750416269242, -0.07591032180072067, 0.14590329991749496, 0.5608881772470984, 0.11040918577165666, 0.012420319303104877], [-0.09591279667796998, 0.5790874828141199, 0.484643968116174, -0.14297869992640166, 0.4651500731724612, -0.15962298054473315, -0.6356922855051976, -0.12038278091943191, -0.18861292806310276, 0.6649739038513027, 0.06493357492626273], [-0.3803663000850039, -0.44585698293965115, -0.5935977257077559, -0.3215099941568047, 0.2920003387781249, 0.4457199947131974, 0.07684927074104209, 0.6731950588114068, 0.19797429348570839, 0.3907074148082919, 0.04445106557302158]], "inverted": true, "swapped": true, "error_lsq": 0.04833477031199591, "error_max": 0.29299486971777156, "target": "153.xyz", "model": "24.xyz", "model_rescale": 3.7841303162186577, "target_rescale": 3.944372928235096},
{"mapping": [7, 10, 14, 11, 6, 3, 1, 0, 8, 9, 4, 12, 2, 5, 15], "R": [[-0.14801076313779127, -0.2950219546584369, 0.9439570224670635], [-0.9881377640085589, 0.08363182723660068, -0.12880014290843533], [-0.040945980700608786, -0.951823388944915, -0.30390074518151944]], "T": [0.0061401256566760015, -0.03151171534445484, -0.006752440855742142], "aligned_model": [[-0.4557908763536397, -0.4476421661101857, 0.23343127675359432, 0.10613933113935377, 0.12229421604953863, 0.6731144879083456, -0.35125578729720586, -0.691304969397231, -0.27753707674651834, 0.0732390180762947, 0.31325797431082414, 0.6502165284854498, 0.29498814017941055, 0.7874873626557986, 0.03018895715059522], [-0.4654738279296998, 0.03966107346780292, 0.32149554546674514, -0.6620873441111843, -0.6783945865266837, -0.4595076078881538, -0.01787061806359784, -0.12323861836224265, 0.3407195691122586, 0.5051944881632607, -0.15403950345663225, 0.31448532732509604, 0.5421041331371005, 0.16501869991505247, -0.09207166853175242], [-0.15201838429244788, -0.6346626024940926, -0.6798226962958209, -0.43313502078949506, 0.29337624904089477, 0.13804605256823138, 0.645258660025247, 0.20885475753894342, 0.35439697330308706, -0.22942910842223574, 0.6621047270334421, -0.2083052632403665, 0.38862675789437096, 0.33996219188341115, 0.016950203980878653]], "inverted": false, "swapped": false, "error_lsq": 0.0460351590611574, "error_max": 0.3068105256213556, "target": "153.xyz", "model": "25.xyz", "model_rescale": 4.19342608120988, "target_rescale": 3.944372928235096},
{"mapping": [8, 9, 1, 5, 0, 10, 3, 13, 2, 12, 11, 14], "R": [[-0.12600667717917402, -0.7888770183767273, 0.6014942785956559], [-0.9274004804803879, 0.3089436752015021, 0.21090792862700758], [-0.3522082709293034, -0.5312502756987837, -0.7705338918301758]], "T": [-0.09110857720507984, -0.1557628322467878, -0.1175695317188839], "aligned_model": [[-0.022184133108945125, 0.4054614891506606, 0.14428223495487544, -0.3566265541368798, -0.5785559549577644, -0.4876446483921163, -0.16686855034009498, -0.2032223552433098, 0.4690723285507089, 0.23002553026314318, 0.2907454216985004, -0.12667625380699749], [-0.5724648769887216, -0.3756505429504766, -0.5335002114592637, 0.5930270646095387, -0.22568939793577114, -0.045591713972924386, 0.20601429536785984, 0.5214445050247, 0.12764972175715514, -0.10072882822534845, 0.4779702910638145, -0.05970387854958166], [0.26504528287320694, 0.0929402379791387, -0.6103752799136355, -0.058124330690234385, -0.5572621397587582, 0.48331830227855294, -0.7737060799729101, 0.5308349282242575, -0.48298252067686387, 0.694294609037365, 0.02639904899654441, -0.16112359716724234]], "inverted": true, "swapped": true, "error_lsq": 0.0445807363471187, "error_max": 0.25180086289592496, "target": "153.xyz", "model": "26.xyz", "model_rescale": 3.795458400668931, "target_rescale": 3.944372928235096},
{"mapping": [1, 8, 7, 0, 4, 11, 9, 3, 12, 6, 5, 10, 14], "R": [[-0.7979910092356378, 0.23617008313868879, 0.5544673489118666], [0.3913939472952177, -0.49651368813905034, 0.7747805724921261], [0.45828062058061875, 0.8352830953160869, 0.30377791802469833]], "T": [-0.12883985908408252, -0.14953346220752972, -0.03692475298864199], "aligned_model": [[0.030256158114797232, 0.3455354224285267, 0.590355607992566, -0.06248385110174362, -0.19372199042013297, -0.7736847520588943, 0.009804502903221962, -0.624743601005737, -0.03904438643645086, 0.3516747799110635, -0.7432556185702692, 0.0301743154248639, -0.22119020436055478], [-0.7052989437553294, -0.17209367386181984, -0.43905347451375204, 0.012707672213678134, 0.5363084654513837, -0.16671644489115717, -0.5294060646078397, -0.26968301614773915, -0.007263902011254736, 0.11938827770702298, 0.3574109295598126, 0.4929739747028796, -0.10739229658897037], [-0.36367397546486796, 0.2781060368896749, -0.3752782312332734, -0.67339859749311, -0.41019081901589843, 0.35299435324145684, 0.38226654712637415, -0.5908028957107584, 0.8215479518526204, -0.2620304988063369, -0.051773853434532, 0.2669558253975884, -0.08258518124951131]], "inverted": false, "swapped": true, "error_lsq": 0.0458162664838447, "error_max": 0.2753380224803723, "target": "153.xyz", "model": "27.xyz", "model_rescale": 3.6321398670334006, "target_rescale": 3.944372928235096},
