[{"mapping": [8, 4, 6, 7, 9, 10, 12, 3, 2, 0, 1, 11, 5, 13], "R": [[-0.29420885183563605, -0.8421034920444312, -0.4519987391444046], [0.38041253385350937, 0.33067325927983293, -0.8636790490016562], [0.8767710394331633, -0.42604800701778567, 0.22305972323004342]], "T": [0.12184960726664625, 0.016406638461180165, 0.037656453511292355], "aligned_model": [[-0.4380060610883085, -0.15908558604301998, 0.22975594091015447, -0.4882032613965535, -0.2040542734422966, -0.7475646092956206, 0.009598471649545179, 0.557309702739845, 0.483659912492808, 0.5335500995892676, 0.5177494531269773, -0.46113629465950207, 0.18933250053717676, -0.03003431525807264], [0.00022596300475966058, -0.6572111488388016, -0.09350207669366803, -0.4115097878905949, -0.501419391678594, 0.1085554624094948, 0.10263550694105024, -0.05294115866790998, -0.6397628487210568, -0.40840440936679157, 0.2815229130372096, 0.39057031059659475, 0.6825837081403798, -0.04117760197354502], [-0.5072095373298513, -0.5793676306249895, -0.7112244326650605, -0.08929830996608026, 0.4406279597158371, 0.5387117787259709, 0.5989799545042209, -0.2429958119018831, -0.13495047720950873, 0.5330862798694141, 0.36326478636790904, -0.04714228146027557, -0.31455858221414407, 0.025198861951918637]], "inverted": false, "swapped": false, "error_lsq": 0.05141485357321633, "error_max": 0.2971399572756188, "target": "154.xyz", "model": "0.xyz", "model_rescale": 3.8414455957264533, "target_rescale": 3.9692240884017007},
{"mapping": [8, 9, 6, 13, 0, 11, 1, 2, 7, 4, 3, 12, 10, 14], "R": [[0.028888351393137057, 0.9958134561234472, 0.08672383615397772], [-0.3869654005684936, -0.06885376429519796, 0.9195199497048698], [0.9216416016633862, -0.06012253941623441, 0.3833562812026059]], "T": [0.05405744782671226, -0.11165440892368625, -0.050454411918323346], "aligned_model": [[-0.4878312863140979, -0.07582507572378283, 0.40319268601667335, -0.6246283891427149, -0.06611414730863513, -0.6042581971279016, 0.02242454909337164, 0.7308052171877344, 0.1912796573807406, 0.4613324684176121, 0.5013448090647371, -0.5425775655870151, 0.0349832191743172, 0.04874373473136217], [0.055299530213518217, -0.5978884962633061, 0.08482491380336502, -0.44871731831644623, -0.558146497181036, 0.10468856134960167, 0.2555439992734022, -0.2904550379810037, -0.7391087108709985, -0.2709075905287864, 0.3010981930734754, 0.36384890949004733, 0.5432634582960872, -0.04317847405939283], [-0.6007137866848165, -0.5111241660574498, -0.7209226326256145, -0.07537690072112702, 0.5078653641539415, 0.44561174591881014, 0.7322732418054941, -0.2842225006986762, -0.029810616045400175, 0.2729380997444018, 0.44244130530932013, -0.06504203727001959, -0.2481917665279394, 0.0073972074625532]], "inverted": true, "swapped": false, "error_lsq": 0.047732527900889506, "error_max": 0.29844877075314563, "target": "154.xyz", "model": "1.xyz", "model_rescale": 4.316132596720782, "target_rescale": 3.9692240884017007},
{"mapping": [12, 11, 0, 7, 2, 10, 1, 9, 3, 6, 4, 13], "R": [[-0.8853736009049811, -0.07764825734220696, 0.4583495772358318], [0.2936052672565045, -0.8578242262025346, 0.42182169690434296], [0.36042965174883146, 0.5080436448492799, 0.7822928614454275]], "T": [0.014459846582261071, -0.03065529563226038, -0.010667400708426526], "aligned_model": [[-0.27901856088281407, 0.3434002921735553, 0.15650374460436856, -0.676858665390332, -0.5770174515269272, -0.4120091642155229, -0.03972187200390903, -0.14867072193964967, 0.563376872334967, 0.2661998253901472, 0.4128394196869979, -0.011215163599100329], [-0.5726353924287162, -0.47536438446388807, -0.473638216972899, 0.3462152817042469, -0.2003238522327308, -0.08419855272260458, 0.1833290089575271, 0.5428960272952722, 0.25036552370820236, -0.06377254375080693, 0.532475890246171, 0.027427638401206423], [0.18942681153313867, 0.14565319301910923, -0.6058443293460108, -0.053769282694843344, -0.41242696700743386, 0.5216737725945143, -0.817713284738158, 0.43760571546249993, -0.6068176224378276, 0.6994906194405973, 0.027665584556671514, -0.07568574917283649]], "inverted": false, "swapped": true, "error_lsq": 0.04754191955938975, "error_max": 0.2723403826160398, "target": "154.xyz", "model": "2.xyz", "model_rescale": 3.795458400668931, "target_rescale": 3.9692240884017007},
{"mapping": [5, 4, 3, 7, 11, 2, 8, 6, 9, 10, 0, 13], "R": [[-0.5660464370015895, -0.6879891259447862, -0.4541611979677864], [0.10282758859209307, -0.6055387531289923, 0.7891446670182349], [-0.8179351552428475, 0.3999922262253539, 0.41350731647353534]], "T": [0.09608324043830221, 0.11217125404982836, 0.03831007537255239], "aligned_model": [[-0.2158061454115676, -0.13795889842600859, -0.7011850945592851, 0.20881027263362886, 0.22755406158269273, -0.024719323803206295, -0.23345772280539076, 0.6619891009471713, 0.4267054113734533, 0.7400745084646961, -0.39109018326999045, 0.03238783901737119], [-0.2840579131308713, -0.524651050724297, -0.10349145803882215, 0.014143223695093798, 0.3459286851078375, 0.589124009451192, -0.13507072220923158, -0.18483302614217684, -0.49761770804652666, 0.11030875973113702, 0.66437151012008, 0.0916147354762949], [-0.6602667752652313, -0.09197447441476804, -0.1930564856442435, 0.8125798027711696, -0.470096263171102, 0.5841730361767478, 0.5176444619654912, -0.3621062045468176, 0.3128422062632288, 0.2693979378078281, -0.130162018386499, 0.09979620708329626]], "inverted": true, "swapped": true, "error_lsq": 0.05248596365438363, "error_max": 0.2768253548335388, "target": "154.xyz", "model": "3.xyz", "model_rescale": 3.7530521520055578, "target_rescale": 3.9692240884017007},
{"mapping": [7, 1, 4, 5, 9, 0, 10, 2, 12, 11, 13], "R": [[0.5052243876092861, 0.014070177707518283, -0.8628733095096295], [0.804178364589503, -0.37046249376792423, 0.4648168441842478], [-0.31312214244759906, -0.9287408523428534, -0.1984816190444242]], "T": [-0.0023965683713125033, -0.029627605876797816, 0.046325999978911736], "aligned_model": [[-0.5209218173051612, -0.39143540284015865, 0.4806497509922789, 0.754193153733079, 0.20830079948612035, -0.27251903477135236, -0.1158900152267831, -0.7353454285143812, -0.27627856192557904, 0.24986794940605103, -0.042421790588908916], [-0.6172633918715635, 0.15990205734058788, -0.2824837212616206, 0.2604488171977498, -0.7450409441317233, 0.6462970935084468, -0.43766836512517987, 0.006439298164373705, 0.1457576169592268, 0.3858245506735241, -0.05500965313947548], [-0.04100233749025084, -0.6697572997878701, -0.3779645523517754, -0.24643639405385925, 0.06398566375517716, -0.15567788081102643, 0.5836823051034569, 0.007227288515996258, 0.6068064831019225, 0.3531911774540141, -0.031223676190468466]], "inverted": true, "swapped": true, "error_lsq": 0.04983704465856597, "error_max": 0.2547223820221237, "target": "154.xyz", "model": "4.xyz", "model_rescale": 3.7855080009869324, "target_rescale": 3.9692240884017007},
{"mapping": [12, 11, 1, 13, 8, 15, 10, 4, 6, 7, 5, 9, 3, 16], "R": [[0.8600877635874353, -0.1701285813674096, 0.4809421012232941], [-0.4051786792916957, 0.3450079903604966, 0.8466402568002829], [-0.30996657364077457, -0.9230524104238744, 0.2278046769407381]], "T": [-0.03717752686734546, -0.031144170545648858, -0.06471490184696538], "aligned_model": [[-0.39122762274037215, -0.09132675598146409, 0.26645006631135315, -0.5011359392977711, -0.26924850913210086, -0.6965148404905335, 0.013833768106675165, 0.6470418544813711, 0.20245561774007967, 0.5098081998338455, 0.620091518941816, -0.3487646826744114, 0.10870436366355718, -0.07729535889964376], [-0.1797556682596485, -0.6354354860136762, -0.016399695689717483, -0.5856327867078717, -0.4162700242402334, -0.0026809204686670807, 0.19080249363794893, -0.24873607067219022, -0.6381543429459239, -0.2708152352683937, 0.3515094859278589, 0.5652557411115953, 0.6433090329805674, 0.0031689169068786632], [-0.6265230678339467, -0.5788511632958228, -0.7580379319787385, -0.11111107579418522, 0.4767008441101589, 0.4290282064037415, 0.6274568977209825, -0.24219275131401602, -0.05087023951421092, 0.3877603653177104, 0.21219090384853256, 0.1679535510217834, 0.014329109106390348, -0.07471109003490266]], "inverted": true, "swapped": false, "error_lsq": 0.041075244164760875, "error_max": 0.261691694835324, "target": "154.xyz", "model": "5.xyz", "model_rescale": 4.2253639853439635, "target_rescale": 3.9692240884017007},
{"mapping": [0, 3, 4, 7, 11, 12, 8, 2, 6, 5, 10, 9, 1, 13], "R": [[0.9650395786990749, 0.261834500258807, -0.011887220807773699], [0.1676347754981664, -0.5817139280186523, 0.7959318362729245], [0.2014874526812807, -0.7700984355414126, -0.605269531687064]], "T": [0.014497054141410136, -0.03421478489180857, 0.0064571322029271395], "aligned_model": [[-0.5678091974817836, 0.001093625791902553, 0.3273479241988658, -0.5245316705840051, -0.1475418001336125, -0.7710893404674515, 0.11726364205677534, 0.5909368392435569, 0.026200558043199533, 0.4609662180908102, 0.7213482210069404, -0.400912295710237, 0.14070642842491637, 0.01889252738252297], [0.15379285328717096, -0.5119052541118869, 0.07995547851088136, -0.542283232765403, -0.4173438083397205, -0.4185935072655384, 0.44088153659083534, -0.3365506408930206, -0.67595682931114, -0.23290447217870633, 0.27594129932401784, 0.3927887428301133, 0.6283136013801267, -0.07597032675920296], [-0.5118431732508775, -0.5176054942293752, -0.6180433051591129, -0.2776303582346506, 0.6641115626679517, 0.3327250878173585, 0.5628629097794946, -0.15627521358191548, 0.048267950707552285, 0.4088611086480454, 0.11904978611019754, 0.13949655062562158, -0.28308235247081737, -0.03777250166599504]], "inverted": true, "swapped": false, "error_lsq": 0.047906440166886256, "error_max": 0.30652219104898654, "target": "154.xyz", "model": "6.xyz", "model_rescale": 3.89814844738969, "target_rescale": 3.9692240884017007},
{"mapping": [4, 9, 8, 5, 1, 10, 6, 3, 11, 12, 2, 0, 13], "R": [[-0.02118636956775044, 0.8639436705286513, 0.5031425959884736], [-0.8381322826282399, -0.28971167204000436, 0.46217034078374314], [0.5450554233845536, -0.41190834082022015, 0.7302370191943289]], "T": [-0.12484351535734034, 0.14362579737440592, -0.026859475714393722], "aligned_model": [[0.07224477238655169, -0.1579775647161109, 0.4477740021116809, -0.21995984921241674, 0.6652592142657736, -0.5148763175987404, -0.7742560029548959, 0.4172260338097276, -0.5517150599667239, -0.5264124605818425, 0.22359490664599518, 0.10318045937618497, -0.03545033266096105], [-0.35314530985678116, 0.2290119687370373, 0.2431929095922124, -0.7123700856379498, 0.08349375589141814, 0.6172933246545098, -0.033337751194945364, -0.5000992917183202, -0.07605276527927371, 0.554712342426588, 0.7193879909320648, 0.04016830509207156, 0.151525871831854], [-0.46465749808290147, -0.7672194054870142, -0.27521982742681456, -0.04935590826248469, 0.24178492567571463, -0.3295859349483164, -0.36706750922509657, 0.138839958413697, 0.2892514731181286, 0.2725732036187845, 0.26832203612484323, 0.6858449007171284, -0.04123538339937284]], "inverted": true, "swapped": true, "error_lsq": 0.04167440411856486, "error_max": 0.21373367081494574, "target": "154.xyz", "model": "7.xyz", "model_rescale": 3.7474275329858107, "target_rescale": 3.9692240884017007},
{"mapping": [0, 6, 3, 10, 11, 12, 13, 8, 5, 9, 4, 1, 2, 14], "R": [[0.4505102492837182, -0.8328697269672316, 0.3215097715340109], [0.713986522753465, 0.11991843050875084, -0.6898136091370872], [0.5359699251047008, 0.5403217448204798, 0.6486822422861709]], "T": [-0.05751710793240607, -0.10871147723553937, 0.026566593071903774], "aligned_model": [[-0.4480674923763722, -0.18829948017311904, 0.20465936575968358, -0.6405652527380087, -0.13744610547424108, -0.49589719367562063, -0.03288221911412786, 0.6147345232576834, 0.38424100171386066, 0.419734297707179, 0.4799367056862365, -0.3980554919233375, 0.27653875218671564, -0.04575973097413059], [-0.06158598085047773, -0.6066221073331515, -0.09205192374554608, -0.5931453727977267, -0.49793797024637276, 0.008138666009892923, 0.35366776022390184, -0.01660333822689146, -0.5593488481300518, -0.6168453565827661, 0.37185846351977186, 0.5096984771669408, 0.6138466758540275, -0.052903704563024026], [-0.5020758403631106, -0.6074042847644804, -0.6406069172719254, 0.0012284527010851948, 0.5046816922690658, 0.44467132067809756, 0.7970926417632546, -0.042745389637813755, -0.31225075674496505, 0.333766034091866, 0.3305760931121823, -0.23112422433263669, -0.24712281770921174, 0.04443655397206969]], "inverted": false, "swapped": false, "error_lsq": 0.05734023891492528, "error_max": 0.41265024478055384, "target": "154.xyz", "model": "8.xyz", "model_rescale": 4.019505241142653, "target_rescale": 3.9692240884017007},
{"mapping": [9, 4, 8, 7, 10, 2, 1, 6, 11, 5, 3, 0, 13], "R": [[0.2982959956397072, 0.4611004814524359, -0.8357067936720677], [-0.5902824891135265, -0.5989311828471193, -0.5411543414399352], [-0.7500573858254149, 0.654727259412408, 0.09352076641614038]], "T": [0.0987272732313287, -0.1611746920606837, 0.0947613619131239], "aligned_model": [[-0.30854039519125176, -0.5572443890392074, 0.033303480596352505, 0.33539685784800494, 0.25926281252469163, 0.7400876949766791, 0.24619136137870218, -0.2728906928809998, 0.11902738946048706, -0.5772981673883124, -0.27577112181358016, 0.4799912215874586, 0.0981847196821514], [-0.5707502579647372, -0.006125477175528499, 0.12545863430687187, -0.30033333007487695, -0.8047192530819506, 0.007678899405762107, 0.6043661116902798, -0.7518776677647506, -0.2524513832193959, 0.11225344675332982, 0.6072135638571718, 0.39442492392652173, -0.10175998254463846], [-0.3773640358063876, -0.0567422809368813, -0.4647458847094925, -0.6444496164091197, -0.07319268224172498, -0.22176483993706736, -0.2089648645939875, 0.380705874698417, 0.6619126551240138, 0.5535737579065719, 0.16552949886966367, 0.43621821474526973, 0.0259876973346041]], "inverted": false, "swapped": true, "error_lsq": 0.04610445005164269, "error_max": 0.32258442224499156, "target": "154.xyz", "model": "9.xyz", "model_rescale": 3.877068213659057, "target_rescale": 3.9692240884017007},
{"mapping": [12, 0, 1, 11, 9, 10, 13, 7, 8, 2, 4, 6, 3, 15], "R": [[-0.7270399648510214, -0.6766845142200931, -0.11623664535826198], [0.563827602765569, -0.6850303964657968, 0.4613369595832807], [-0.39180521164101145, 0.26987297777404506, 0.8795778828496726]], "T": [-0.021672776444948007, -0.01985560274097646, 0.04385970642688662], "aligned_model": [[-0.5564849844032231, -0.20949395088605, 0.47683455187630536, -0.5219384807730033, -0.04671944612017552, -0.6318223617397009, 0.044820452540038906, 0.7301972284252967, 0.1763409414496939, 0.4142493992999196, 0.5825868858756327, -0.4680266734477426, 0.049357651935193016, -0.0470295341697842], [0.13726296226085805, -0.36206127333778104, -0.17265889978755516, -0.5147344876502734, -0.5242067199315301, -0.21599677469231215, 0.44775671116354493, -0.31840913346310146, -0.7566560082686992, -0.15666941537404927, 0.2798711783386212, 0.39365479816496124, 0.5788852021962074, -0.05587269932036419], [-0.4536188101585928, -0.649959089136297, -0.649716681741811, -0.1785911659197727, 0.46888666889688546, 0.3479269747904446, 0.65586940434652, -0.06496976791981683, -0.07119969452680598, 0.5251176365601659, -0.012040176764868106, 0.14426848143125193, -0.15419450199982676, -0.03465672009399909]], "inverted": false, "swapped": false, "error_lsq": 0.04321155255998727, "error_max": 0.2441237666286554, "target": "154.xyz", "model": "10.xyz", "model_rescale": 4.260839863003843, "target_rescale": 3.9692240884017007},
{"mapping": [5, 6, 12, 11, 2, 0, 3, 4, 9, 7, 8, 13], "R": [[-0.140051088255487, -0.5962129484195239, 0.79051616859831], [-0.2971037038900345, -0.7362906893485334, -0.6079518154537282], [0.9445184391070809, -0.3200095950367105, -0.07401876296699389]], "T": [-0.07340495951017979, -0.04416769978856935, -0.03552959423140388], "aligned_model": [[0.4935838203842704, 0.22227530907959947, -0.6123215155583885, -0.21422228644888108, -0.6312974757253618, -0.511553318707533, 0.2868415315649171, 0.601576893163311, 0.4195262129130757, -0.15011991006036834, 0.11223552581793657, -0.057626137328447034], [0.01525614780576337, -0.7226826447134831, -0.4038581653475555, -0.3080997546616422, 0.2667780828848131, 0.40362352326842865, 0.6299284489792559, 0.0978579864385947, -0.3146907958122501, 0.07684749170255041, 0.3984230259383953, 0.03369515905006332], [-0.6814976181988537, -0.18039101392394702, -0.045599815053329745, -0.5263599817410823, 0.3279428572404093, -0.45761364964342066, -0.42475258535148397, -0.07452494713992594, 0.4547331953733086, 0.7398932769035487, 0.37573474309693217, 0.008613615833349297]], "inverted": false, "swapped": true, "error_lsq": 0.04262063462173457, "error_max": 0.2870072220114737, "target": "154.xyz", "model": "11.xyz", "model_rescale": 3.890672605050136, "target_rescale": 3.9692240884017007},
{"mapping": [11, 10, 2, 12, 7, 5, 8, 4, 4, 3, 0, 6, 1, 13], "R": [[-0.9237061379772139, 0.07496859630872313, 0.3756949297378398], [0.3828622663023236, 0.14597412476437865, 0.9121995614672936], [0.013544582129739885, 0.9864437462251834, -0.16353984171496988]], "T": [-0.1374944182949425, 0.06296232656054886, -0.024386951596814137], "aligned_model": [[-0.2803838782239063, -0.2273359873909781, 0.17630769757414685, -0.4110461779988198, -0.14515421942654108, -0.6929877049894863, -0.07115882209095026, 0.3949325156603769, 0.3949325156603769, 0.538806005969631, 0.3965967338744628, -0.3241451662649052, 0.3439042228840611, -0.10039605537506682], [0.14404336935332468, -0.5733334946016826, -0.11940040381010165, -0.6300615340453984, -0.5799355462270198, -0.23206541676426778, 0.269291110592792, -0.3640268060008181, -0.3640268060008181, -0.18916621607226575, 0.2588222552102041, 0.6065346597091335, 0.6276820261572232, -0.09419175720177826], [-0.5495256291250432, -0.6461558997410634, -0.6358084104241376, -0.02880397987537716, 0.5356021758764297, 0.4331696251683104, 0.662795023861048, -0.183317390778775, -0.183317390778775, 0.5519047194617276, 0.13397993026591962, 0.017433627777640993, -0.2581502924967284, 0.023316448572300967]], "inverted": true, "swapped": false, "error_lsq": 0.04953131844716225, "error_max": 0.3206765035271789, "target": "154.xyz", "model": "12.xyz", "model_rescale": 4.124412569039231, "target_rescale": 3.9692240884017007},
{"mapping": [11, 12, 2, 6, 0, 3, 10, 4, 7, 9, 8, 7, 13], "R": [[0.08295415416124466, 0.6435255854278121, 0.7609161775170669], [-0.8714164907278923, -0.3235948157383603, 0.3686728833461208], [0.4834789633426445, -0.6936578523501689, 0.533935273116577]], "T": [0.06490675090092067, 0.010313873684497432, 0.08751196688112703], "aligned_model": [[-0.24997657713863997, -0.17149669151691976, 0.5456400040603154, -0.6748084338408978, 0.5079965804984625, 0.5668890316012745, -0.3568961693497861, 0.055036649023188874, 0.33963471694386227, -0.20657525457573178, 0.5276172335140505, 0.33963471694386227, 0.14460250134671662], [-0.19878622874266055, 0.4278057722749047, 0.5351754974092344, -0.09192259769206626, -0.16145849939528048, -0.682864258346211, 0.5328030057990727, -0.46690454134747345, 0.6028838785919086, 0.15138250011116178, 0.08403384395822694, 0.6028838785919086, 0.01245312529575105], [0.5205590259246766, 0.5230847182886007, 0.270431013560299, -0.018144703603837686, 0.6747185478226494, 0.030982717202000104, -0.04370245928600089, -0.4119453385801025, -0.3542977469625852, -0.5928692883282348, -0.3366951413964927, -0.3542977469625852, 0.043874483289452385]], "inverted": true, "swapped": true, "error_lsq": 0.0516204746587786, "error_max": 0.33503065658517106, "target": "154.xyz", "model": "13.xyz", "model_rescale": 3.9028299243045295, "target_rescale": 3.9692240884017007},
{"mapping": [2, 8, 12, 0, 4, 3, 7, 13, 5, 10, 14, 6, 11, 15], "R": [[0.5561091800363075, 0.4433189417437732, 0.7030013483418983], [-0.6038721465983092, 0.7966980316394804, -0.024711878611877014], [-0.5710350343386089, -0.4107804307327201, 0.7107590500900746]], "T": [-0.061830437924142265, -0.03700704060904746, -0.05279804131795575], "aligned_model": [[-0.6140139048883758, -0.14519125468736938, 0.3415214733757535, -0.6263032726565158, -0.1412233922926851, -0.5955841073601986, -0.04652860767548876, 0.6856236612703314, 0.19020921355695392, 0.41102366584861133, 0.7236258562432991, -0.4417357622271466, 0.2981267304377105, -0.04667861908247888], [-0.05908231567565495, -0.5811412453674035, -0.026905409142682656, -0.6441155830297814, -0.5291525317260112, -0.0844963038075254, 0.19595435731107086, -0.28030134140748886, -0.4767636995010582, -0.1737641577073648, 0.33395902723653376, 0.48392476286799213, 0.5634763402687915, 0.038573539979110304], [-0.5393736989477609, -0.594532386729231, -0.6197596640520919, -0.05033921767660006, 0.4063891190563144, 0.2658573140152975, 0.8224863678356155, -0.1743365314830453, -0.12485308067382614, 0.5067187944584108, 0.11600136402131166, 0.1166429895500876, -0.28882184217787615, 0.031043030566871563]], "inverted": false, "swapped": false, "error_lsq": 0.03820362599166534, "error_max": 0.24990307517202295, "target": "154.xyz", "model": "14.xyz", "model_rescale": 3.942246331269136, "target_rescale": 3.9692240884017007},
{"mapping": [12, 0, 8, 1, 5, 3, 10, 7, 2, 9, 6, 4, 11, 14], "R": [[-0.11365019890086442, 0.993509232463353, 0.004799718728562774], [0.3528423417080519, 0.03584554999907846, 0.9349959242923158], [0.9287550345423558, 0.10795601676304528, -0.35462597797804485]], "T": [-0.04675976736939344, 0.015935944558341075, 0.01420000825267717], "aligned_model": [[-0.6978958369698098, 0.1109274063514685, 0.35869168895657544, -0.6156350534182206, -0.2115829351939992, -0.7138113257423431, 0.11595872470942603, 0.6926990855934367, 0.1865603315569221, 0.5302005634590428, 0.48275688087167834, -0.36358194058922333, 0.17836816225399713, -0.06078407197655031], [-0.028709851596706124, -0.5137190841780712, 0.1147875422974228, -0.5405809202792133, -0.5129242588928824, -0.11409862159945786, 0.3971182601130369, -0.3754788078971836, -0.7108400307426934, -0.19601668451939783, 0.19087680191498602, 0.4362678459446917, 0.6755362094559352, -0.062052959721939804], [-0.4778414838125267, -0.47089564071401313, -0.6374735330817651, -0.13848045498628098, 0.3239091730232833, 0.2480400402767495, 0.5949092734509495, -0.16179602711208602, 0.01168370109120073, 0.5341568966672239, -0.02819344644594185, 0.2722867769096621, -0.15419218428325757, -0.042990533219719976]], "inverted": false, "swapped": false, "error_lsq": 0.048979624194362574, "error_max": 0.3153415427584509, "target": "154.xyz", "model": "15.xyz", "model_rescale": 4.355366556412066, "target_rescale": 3.9692240884017007},
{"mapping": [12, 11, 0, 7, 2, 10, 1, 9, 3, 6, 4, 13], "R": [[-0.8853736009049811, -0.07764825734220696, 0.4583495772358318], [0.2936052672565045, -0.8578242262025346, 0.42182169690434296], [0.36042965174883146, 0.5080436448492799, 0.7822928614454275]], "T": [0.014459846582261071, -0.03065529563226038, -0.010667400708426526], "aligned_model": [[-0.27901856088281407, 0.3434002921735553, 0.15650374460436856, -0.676858665390332, -0.5770174515269272, -0.4120091642155229, -0.03972187200390903, -0.14867072193964967, 0.563376872334967, 0.2661998253901472, 0.4128394196869979, -0.011215163599100329], [-0.5726353924287162, -0.47536438446388807, -0.473638216972899, 0.3462152817042469, -0.2003238522327308, -0.08419855272260458, 0.1833290089575271, 0.5428960272952722, 0.25036552370820236, -0.06377254375080693, 0.532475890246171, 0.027427638401206423], [0.18942681153313867, 0.14565319301910923, -0.6058443293460108, -0.053769282694843344, -0.41242696700743386, 0.5216737725945143, -0.817713284738158, 0.43760571546249993, -0.6068176224378276, 0.6994906194405973, 0.027665584556671514, -0.07568574917283649]], "inverted": false, "swapped": true, "error_lsq": 0.04754191955938975, "error_max": 0.2723403826160398, "target": "154.xyz", "model": "16.xyz", "model_rescale": 3.795458400668931, "target_rescale": 3.9692240884017007},
{"mapping": [4, 9, 8, 5, 1, 10, 6, 3, 11, 12, 2, 0, 13], "R": [[-0.02118636956775044, 0.8639436705286513, 0.5031425959884736], [-0.8381322826282399, -0.28971167204000436, 0.46217034078374314], [0.5450554233845536, -0.41190834082022015, 0.7302370191943289]], "T": [-0.12484351535734034, 0.14362579737440592, -0.026859475714393722], "aligned_model": [[0.07224477238655169, -0.1579775647161109, 0.4477740021116809, -0.21995984921241674, 0.6652592142657736, -0.5148763175987404, -0.7742560029548959, 0.4172260338097276, -0.5517150599667239, -0.5264124605818425, 0.22359490664599518, 0.10318045937618497, -0.03545033266096105], [-0.35314530985678116, 0.2290119687370373, 0.2431929095922124, -0.7123700856379498, 0.08349375589141814, 0.6172933246545098, -0.033337751194945364, -0.5000992917183202, -0.07605276527927371, 0.554712342426588, 0.7193879909320648, 0.04016830509207156, 0.151525871831854], [-0.46465749808290147, -0.7672194054870142, -0.27521982742681456, -0.04935590826248469, 0.24178492567571463, -0.3295859349483164, -0.36706750922509657, 0.138839958413697, 0.2892514731181286, 0.2725732036187845, 0.26832203612484323, 0.6858449007171284, -0.04123538339937284]], "inverted": true, "swapped": true, "error_lsq": 0.04167440411856486, "error_max": 0.21373367081494574, "target": "154.xyz", "model": "17.xyz", "model_rescale": 3.7474275329858107, "target_rescale": 3.9692240884017007},
{"mapping": [9, 12, 7, 5, 8, 4, 0, 11, 10, 3, 1, 6, 2, 13], "R": [[-0.3143696268099214, 0.609014685701434, -0.7281983591984909], [0.9487444875554361, 0.17530842927145546, -0.2629654957585655], [-0.03249053820058595, -0.7735425439019878, -0.6329109713862429]], "T": [0.053523066792095036, -0.10256309628838793, -0.028756008136888396], "aligned_model": [[-0.45897318610993687, -0.1106153937356937, 0.3604643328872027, -0.4482338824956913, -0.11371534985954684, -0.6919296271879944, -0.05362186031941821, 0.6726803307176564, 0.12942616680431707, 0.5188453331848073, 0.6273453164292103, -0.5210984788173411, 0.05129362064476886, 0.031004357720060494], [0.057687508725150785, -0.45893746555505166, 0.10625734080191303, -0.6185687316743446, -0.40086954488875737, -0.07302273906650805, 0.4151630972896096, -0.3906080742550501, -0.7860244982130443, -0.3485032838798587, 0.24483974938698916, 0.4117887933361997, 0.6058061864671326, -0.004842898175853261], [-0.42799465883374455, -0.6653821134914009, -0.6841950718626059, -0.10085375263449758, 0.6036196918532258, 0.33546023306280937, 0.6190263193917155, -0.26415149450494113, 0.030898010597597204, 0.3997037844176242, 0.140234244385933, -0.04459975836751335, -0.07393025553502469, 0.0052873792843007444]], "inverted": false, "swapped": false, "error_lsq": 0.04572236701648513, "error_max": 0.3024924607046352, "target": "154.xyz", "model": "18.xyz", "model_rescale": 3.922800546911778, "target_rescale": 3.9692240884017007},
{"mapping": [1, 0, 5, 2, 9, 10, 4, 12, 3, 7, 13, 6, 8, 14], "R": [[-0.3640713436231476, 0.40723881437850307, 0.8376208001333464], [-0.38096038538306476, -0.8857807125913053, 0.2650692625900386], [0.849894841448766, -0.22259622023931835, 0.4776292298571624]], "T": [0.015918019555615472, -0.014560437171547966, -0.011699106040608854], "aligned_model": [[-0.5288621990261689, -0.077802453427714, 0.2988182259605776, -0.5250998270823223, -0.23474215158066655, -0.5771338182332403, -0.13974729343291037, 0.7638552294583738, 0.24060207500810768, 0.495666771070462, 0.499145815744697, -0.4583240497607768, 0.17451866568361152, 0.06197668948037027], [0.07409695555937444, -0.5806609058659628, -0.022400298303540078, -0.4816168339282837, -0.6584310413548896, -0.0089837694497681, 0.4809467906889639, -0.17266269047425226, -0.5970088564599787, -0.49015918101749467, 0.2834333799148973, 0.48624207918871265, 0.5301179385763475, -0.08274812677559872], [-0.5049915184006453, -0.6193086582734744, -0.720528937508766, 0.03612321778048884, 0.41881606162423934, 0.5349809335947229, 0.49239219180368077, -0.19665221390851687, -0.15105533187546466, 0.41474900256201963, 0.3749587902820695, -0.0040133262591610964, -0.2409630501356968, 0.03861539647798162]], "inverted": false, "swapped": false, "error_lsq": 0.04347320114897209, "error_max": 0.2607550804599899, "target": "154.xyz", "model": "19.xyz", "model_rescale": 3.9282355846067225, "target_rescale": 3.9692240884017007},
{"mapping": [11, 8, 4, 9, 7, 12, 2, 3, 6, 5, 1, 10, 0, 13], "R": [[0.3224987433729692, 0.19840797293845036, 0.9255424554267139], [0.27667494653220914, 0.9153264523707778, -0.29262340909729906], [-0.9052323096776068, 0.35044509108386884, 0.24029711536130408]], "T": [-0.0049620059230421, -0.2029880945022955, -0.00873602084020097], "aligned_model": [[-0.3201770620665934, -0.20651222757152587, 0.17761100350638218, -0.6481087827453894, -0.18227410168536476, -0.7911715073893023, 0.09093960420955338, 0.6932035494816876, 0.398633298943913, 0.565110192098374, 0.42463179556854935, -0.45627738454693756, 0.2140259384195389, 0.03323736363951579], [0.2018545326571638, -0.7035233910485714, -0.18065051381531064, -0.3218021807935993, -0.48202264342182655, -0.2477789436611322, 0.20819920368638117, -0.02892254422967827, -0.713083524374174, -0.24969272085915215, 0.3818441831730043, 0.4872633399428954, 0.4572725128449653, -0.0487918698024386], [-0.5088410967402553, -0.544892251982733, -0.6133317317551459, -0.23383657970128635, 0.5192771585268195, 0.3116742550614469, 0.6986847148907708, -0.22923797229699172, 0.05256272604941432, 0.39192158755940193, 0.17813604506515746, 0.24046617669302983, -0.404080426156471, 0.014619952550320186]], "inverted": true, "swapped": false, "error_lsq": 0.05426328250541539, "error_max": 0.3021208800665474, "target": "154.xyz", "model": "20.xyz", "model_rescale": 4.067790424073018, "target_rescale": 3.9692240884017007},
{"mapping": [6, 4, 5, 2, 0, 3, 12, 1, 8, 7, 9, 11, 13, 14], "R": [[0.19138112773174895, 0.980830479441942, 0.03667198584497916], [0.3145971071161075, -0.09669036956454824, 0.9442878971095879], [0.9297321787172372, -0.1691819819932413, -0.32707114337180254]], "T": [-0.012363249533857293, -0.06242068830791958, -0.04251793953924105], "aligned_model": [[-0.6095663409159269, -0.20379253867335617, 0.23994437534950783, -0.5745033399866064, -0.11270864247402675, -0.748533393905381, -0.0933989853749676, 0.8016909947141071, 0.31270110368326764, 0.5342283127143441, 0.523306219026551, -0.3052433418368599, 0.20694069377164206, 0.02180656377010607], [0.014475961215073108, -0.6143493695615924, -0.14051244666962903, -0.5493621497261678, -0.5841880468569707, 0.03521016184990959, 0.3053886398425182, 0.017540677710413455, -0.5097656904774817, -0.41961366970520164, 0.20650431165846073, 0.5072327905267424, 0.4896712963767331, 0.0019329741157196323], [-0.47262522340131313, -0.5913367191062368, -0.5704465905514564, -0.017850888710902547, 0.4288074843341036, 0.3725323613693228, 0.6246877068246823, -0.10753308120006072, -0.18174262135428482, 0.3184734666304596, 0.45224206724605137, 0.045507168034110056, -0.41295514875939676, -0.014637423591600793]], "inverted": false, "swapped": false, "error_lsq": 0.05122058679698482, "error_max": 0.3339306678458282, "target": "154.xyz", "model": "21.xyz", "model_rescale": 4.186013935880536, "target_rescale": 3.9692240884017007},
{"mapping": [9, 7, 10, 5, 3, 6, 4, 8, 12, 2, 1, 11, 13], "R": [[-0.27925715709073856, 0.7919180704038633, 0.5430296584731087], [0.2914800363789372, 0.6087556360547248, -0.7378725933141448], [-0.9149070054416091, -0.04777389809749516, -0.4008276762580626]], "T": [0.07480479803857486, 0.039923907254916506, 0.04991060574666996], "aligned_model": [[0.02428684236113819, -0.4575836045420446, 0.3046750461506309, 0.38338107827589085, -0.26927565113107693, 0.717770134629291, -0.02391995093928291, -0.5225855877520971, 0.3810810730008196, -0.3838477466593032, -0.648946346067216, 0.5680435075917115, -0.0145047594952354], [-0.35706377202428013, 0.2099846701138694, 0.2676996038600218, -0.6121392820257553, -0.426382623942205, -0.21299826060689342, -0.643846436109788, -0.1259120468080896, 0.6015278588211819, 0.6129015343530227, 0.046226121752136855, 0.13535980009157497, 0.02359949207129676], [-0.5796687838099515, -0.5063738673623781, -0.5529224751415606, 0.5209482206327258, 0.6822432337156169, -0.2524470228688353, 0.05190459909380672, -0.07301400023350023, -0.05355697238634813, 0.01278858428522879, 0.4696635850893387, 0.32921632393985606, 0.05409813638134633]], "inverted": false, "swapped": true, "error_lsq": 0.043162676677055374, "error_max": 0.2910850207620918, "target": "154.xyz", "model": "22.xyz", "model_rescale": 4.166573947596378, "target_rescale": 3.9692240884017007},
{"mapping": [6, 5, 1, 13, 10, 14, 9, 0, 7, 8, 3, 12, 2, 15], "R": [[-0.5140504893932764, -0.7455508831498308, -0.42415324469941335], [0.8258469485169369, -0.2965535676931409, -0.4796173465521585], [0.23179497833170742, -0.5968331945552099, 0.7681544284173764]], "T": [0.029649243423120707, 0.04960090295294885, 0.07112064242363444], "aligned_model": [[-0.2774984611147139, -0.15252951410864474, 0.2567774877144929, -0.5209117146639636, -0.225319621573928, -0.6585759670920103, 0.015231772142116611, 0.5954294446246938, 0.1542192269133174, 0.6677850591835892, 0.38838711421245253, -0.5329925661201774, 0.24393412422417193, 0.03893529552100468], [0.2598514151311871, -0.535841265897815, -0.01593648060580337, -0.5853251719627063, -0.5840626780513188, -0.12326251416520594, 0.16541981161874886, -0.40273648726986766, -0.6516988950291466, -0.19693939523694642, 0.4997884423690916, 0.3836987889296272, 0.5182258599287191, 0.028984010539963107], [-0.5926282872875864, -0.49024407719885954, -0.6013499315560253, -0.031663839470160465, 0.3783706661747207, 0.42103786385448105, 0.6600410811922498, -0.3057605221000561, 0.007476630814215984, 0.5024902081481356, 0.2445131781108427, 0.03656413841969628, -0.361640121450158, 0.005915570111981905]], "inverted": false, "swapped": false, "error_lsq": 0.046346554426700326, "error_max": 0.2730651406657964, "target": "154.xyz", "model": "23.xyz", "model_rescale": 4.274766983524099, "target_rescale": 3.9692240884017007},
{"mapping": [6, 4, 5, 11, 3, 0, 12, 2, 7, 8, 13], "R": [[0.9338310457748343, -0.14803450337851518, 0.3256460713052684], [-0.2374108919374227, -0.9374350711849998, 0.2546596860554341], [0.267573627879425, -0.31512104519033834, -0.9105509763553011]], "T": [0.014360958071205618, 0.007418455561732623, 0.010923871076248138], "aligned_model": [[0.19538758769568204, 0.07207372398841667, -0.47035286114132235, -0.3635333654177564, -0.5075857287616908, -0.6259892923918436, 0.021228600262630945, 0.109576595476771, 0.6555134720965741, 0.26439262907505673, 0.029183343075557262], [-0.17734878789470027, 0.6268386116243738, 0.45656074650484757, -0.2921712686922944, 0.679579248002194, -0.092922541935992, -0.6387210499258767, -0.22615848770870997, 0.0639963863797795, 0.44630322779307596, 0.06963044709678552], [-0.6975142756574212, -0.28954300138861044, -0.5418924403042131, -0.3018795749642342, 0.11792487173497632, 0.39890474032155165, 0.059568189174697264, 0.7011552499312577, 0.4664816399618439, 0.3908602021225951, 0.07550083308913468]], "inverted": false, "swapped": true, "error_lsq": 0.05212803989154595, "error_max": 0.253099763090083, "target": "154.xyz", "model": "24.xyz", "model_rescale": 3.7841303162186577, "target_rescale": 3.9692240884017007},
{"mapping": [2, 5, 4, 12, 13, 14, 10, 6, 3, 11, 7, 9, 0, 15], "R": [[0.9299278394797844, -0.2679224791124959, -0.251896324996366], [-0.19902437941807596, 0.20932121373074244, -0.9573786742347768], [0.3092305123329689, 0.9404265918552618, 0.14133051890439857]], "T": [0.02481811841485096, 0.07500690857688501, -0.03671662903057994], "aligned_model": [[-0.4660858701440359, -0.28361554172906556, 0.24145899786311575, -0.5396867310783015, -0.09993975319968917, -0.5609184878077527, -0.08966300420381454, 0.6664030787130101, 0.2586281048116334, 0.44314653284130545, 0.5134997051507079, -0.5482121009301372, 0.3781691583253547, 0.07968759125006955], [0.037705729414553885, -0.5554022834052513, -0.1870200734894804, -0.4312221928115371, -0.5741824071410828, -0.08582264075969943, 0.4610725859752637, -0.2220547321409891, -0.6792754239086458, -0.2739798435143368, 0.3464241573174134, 0.17109190717878348, 0.7184047690553055, 0.03442588852822902], [-0.6080439642573289, -0.5628265732421871, -0.700879962013838, -0.052152892643250945, 0.38159988163913694, 0.4735239480520148, 0.628942796333547, -0.1855439537268308, -0.19606825529926625, 0.5042428460791132, 0.2954407793945621, 0.03069812667788266, -0.08683833169070315, -0.04897188753937404]], "inverted": false, "swapped": false, "error_lsq": 0.04428538571939044, "error_max": 0.3259362816864326, "target": "154.xyz", "model": "25.xyz", "model_rescale": 4.19342608120988, "target_rescale": 3.9692240884017007},
{"mapping": [12, 11, 0, 7, 2, 10, 1, 9, 3, 6, 4, 13], "R": [[-0.8853736009049811, -0.07764825734220696, 0.4583495772358318], [0.2936052672565045, -0.8578242262025346, 0.42182169690434296], [0.36042965174883146, 0.5080436448492799, 0.7822928614454275]], "T": [0.014459846582261071, -0.03065529563226038, -0.010667400708426526], "aligned_model": [[-0.27901856088281407, 0.3434002921735553, 0.15650374460436856, -0.676858665390332, -0.5770174515269272, -0.4120091642155229, -0.03972187200390903, -0.14867072193964967, 0.563376872334967, 0.2661998253901472, 0.4128394196869979, -0.011215163599100329], [-0.5726353924287162, -0.47536438446388807, -0.473638216972899, 0.3462152817042469, -0.2003238522327308, -0.08419855272260458, 0.1833290089575271, 0.5428960272952722, 0.25036552370820236, -0.06377254375080693, 0.532475890246171, 0.027427638401206423], [0.18942681153313867, 0.14565319301910923, -0.6058443293460108, -0.053769282694843344, -0.41242696700743386, 0.5216737725945143, -0.817713284738158, 0.43760571546249993, -0.6068176224378276, 0.6994906194405973, 0.027665584556671514, -0.07568574917283649]], "inverted": false, "swapped": true, "error_lsq": 0.04754191955938975, "error_max": 0.2723403826160398, "target": "154.xyz", "model": "26.xyz", "model_rescale": 3.795458400668931, "target_rescale": 3.9692240884017007},
{"mapping": [10, 2, 12, 6, 5, 8, 7, 9, 1, 11, 4, 3, 13], "R": [[0.2762151728906347, -0.7518606097047396, 0.5986742034190335], [0.9605147290460925, 0.2376088551713307, -0.14475319419508917], [-0.03341606725077656, 0.6150184188449863, 0.7878043608224725]], "T": [0.006581099170097401, -0.06232837659175881, -0.08954258071112137], "aligned_model": [[-0.002365797199928285, 0.2994974366740887, 0.5256532717834088, -0.11525150922297824, -0.20505091548499704, -0.39293701917242524, -0.29321525462933956, -0.6236426596952732, -0.04799943344736564, 0.3836870123752428, -0.5867723817388877, -0.206021004978587, -0.035905362441701665], [-0.6485256736389353, -0.4704872811286154, -0.39827935143357013, -0.07749562975137526, 0.7251125827959842, -0.17127330619590775, -0.7000677258633603, -0.38325504645714076, 0.1687670083174277, 0.1976299303899411, 0.2870396251071511, 0.6570557051073564, -0.06433933399204125], [-0.4422783236181353, 0.4467874392026628, -0.28347740704625435, -0.833666866431493, -0.3678064555297192, 0.3879546139194779, 0.2643234362047741, -0.32691481040641857, 0.7127440817119339, -0.43684205856201974, -0.1458105166728778, 0.3263475216494282, -0.009223992321932883]], "inverted": true, "swapped": true, "error_lsq": 0.047585373013330726, "error_max": 0.2609085572095771, "target": "154.xyz", "model": "27.xyz", "model_rescale": 3.6321398670334006, "target_rescale": 3.9692240884017007},
