[{"mapping": [8, 6, 9, 4, 11, 0, 5, 1, 12, 2, 3, 13], "R": [[-0.2423285808822046, 0.34446171292176336, -0.9069856598748525], [0.8724461711965255, -0.3315689790892388, -0.3590260303518995], [-0.4243990306918007, -0.8782984347229161, -0.22017566239513253]], "T": [-0.0037673340174248088, 0.13811255665192188, 0.05773959242435306], "aligned_model": [[0.18213524418082555, 0.3489020507261074, -0.709239402766325, -0.25330053540090436, 0.23362112080550967, -0.5452604598602048, 0.7432305191910763, 0.10251526935427231, -0.27101094454316044, -0.36593015901415016, 0.181250472790213, -0.07216798933185893], [-0.4240920067049404, -0.5191149879328635, 0.13512699890002178, -0.7821293443833919, 0.15949463104690667, 0.39734219910736035, 0.21424114959047477, 0.6214000465281571, 0.6269875100236588, -0.2869131901496216, -0.05017586139782951, 0.0690970557722656], [-0.4521088085564318, 0.2257352587116882, -0.13985448244704482, -0.007775685162665524, -0.5981958992626173, 0.5425051251492647, -0.0349960807585393, 0.3546929957936934, -0.09942891769315351, 0.5863693760687152, 0.508867277886181, -0.07302000854737428]], "inverted": false, "swapped": false, "error_lsq": 0.047430699568262014, "error_max": 0.29866782952634335, "target": "155.xyz", "model": "0.xyz", "model_rescale": 3.8414455957264533, "target_rescale": 3.7508951056646858},
{"mapping": [10, 6, 1, 5, 12, 0, 8, 13, 11, 4, 9, 14], "R": [[0.8569589531598146, 0.3010844664462121, 0.4182935532183527], [-0.43086101187603154, 0.8638841482560428, 0.26088880167054734], [-0.28280760429026186, -0.4037973779715907, 0.8700388132140263]], "T": [-0.06450710046939634, -0.06995729330685277, 0.20058258843287033], "aligned_model": [[0.10553550305668649, 0.428080277547715, -0.7944982871700482, -0.1439848770423186, 0.14903724570498128, -0.5271163844425184, 0.6385227947030441, 0.2145122296400085, -0.2962991806431049, -0.5077553325525905, 0.4274328839026843, -0.118721686573138], [-0.3497170761800522, -0.6760764309961793, 0.10330001740303235, -0.6877915428581429, 0.27922395849612547, 0.3845079805114938, 0.15171701308945654, 0.6291111315892961, 0.6011092230969606, -0.25631308485121573, 0.05110401788076804, -0.06891100678134406], [-0.40041764225194554, 0.19847552207949765, -0.23022208052243984, -0.014561335708417805, -0.44343667329253467, 0.5245753889427853, -0.08386752297177283, 0.29167897353044925, -0.2708063849854413, 0.45478675551356085, 0.6575824688518619, 0.12900268199611264]], "inverted": false, "swapped": false, "error_lsq": 0.04229506491214766, "error_max": 0.22834363710818495, "target": "155.xyz", "model": "1.xyz", "model_rescale": 4.316132596720782, "target_rescale": 3.7508951056646858},
{"mapping": [3, 5, 10, 7, 6, 1, 4, 2, 8, 9, 0, 11], "R": [[-0.8400157038899247, -0.4324656229285778, -0.32763867629343063], [0.5062004076809524, -0.4073386098757221, -0.7601555131472454], [0.19528124457292856, -0.8043933999539724, 0.5610851037307412]], "T": [-0.07816840057628649, -0.004049267558690407, 0.10088506206339834], "aligned_model": [[0.1861700787094847, 0.23679132702551348, -0.5837798901270881, -0.37869388157094963, 0.12154441012264006, -0.35342722539206134, 0.6566359804411899, 0.21943460402457554, -0.3986592538927284, -0.4883747290641981, 0.3456792527464193, 0.011424513108603152], [-0.41194617512956894, -0.5105317182933709, 0.06855601071469429, -0.8058369455875335, 0.2842965137970479, 0.2746750392985823, 0.1550145042367978, 0.7516898585450756, 0.664623764981496, -0.40144111713051267, 0.062147110610704645, 0.030017354356786083], [-0.3404337456052885, 0.34590705904283314, -0.2683320743080778, -0.1585028220287453, -0.6427999966923854, 0.47657456621912897, -0.06967568745553196, 0.3034096943268767, -0.09198303873842237, 0.5739199351904926, 0.6664690654409114, 0.018237195789924]], "inverted": false, "swapped": false, "error_lsq": 0.04360269530610017, "error_max": 0.2320615843980148, "target": "155.xyz", "model": "2.xyz", "model_rescale": 3.795458400668931, "target_rescale": 3.7508951056646858},
{"mapping": [5, 9, 6, 3, 10, 1, 4, 0, 2, 8, 7, 11], "R": [[-0.49401229875016106, -0.6510467566171902, 0.5762724784178217], [0.6411332543792585, 0.17491832421436757, 0.7472293690581884], [-0.5872818733901486, 0.7386079477992873, 0.3309959223843746]], "T": [-0.0314394866698065, 0.08927698602067811, 0.0629736502026686], "aligned_model": [[0.20013045924614195, 0.24417396888155696, -0.5762290232395748, -0.3397707907113997, 0.20760989623035167, -0.4184644630940215, 0.5888448298944464, 0.29355319759485027, -0.515981570405172, -0.5047955618659445, 0.3280443994160798, 0.06762984418408632], [-0.3601848351245148, -0.7152803095960543, -0.11117406503143144, -0.6277401852495874, 0.3805457539201882, 0.4057759111309926, 0.17968971604268724, 0.7479298122457549, 0.5330996733293258, -0.3744354451969113, -0.049154927065396606, 0.15219310099514544], [-0.42506737986606996, 0.23983354954731786, -0.03861391595139102, -0.10402398028221665, -0.5671284310361715, 0.44547716651003905, -0.07129339042153479, 0.3327219659636991, -0.33195128283460945, 0.47706028877063267, 0.7224508959813922, 0.13332466480062843]], "inverted": true, "swapped": false, "error_lsq": 0.044962489332624776, "error_max": 0.22033531136241988, "target": "155.xyz", "model": "3.xyz", "model_rescale": 3.7530521520055578, "target_rescale": 3.7508951056646858},
{"mapping": [6, 8, 7, 5, 10, 2, 1, 0, 3, 9, 11], "R": [[-0.24444205141085223, 0.26755779438519767, 0.9320198013807339], [-0.9688167059359181, -0.10755990664584295, -0.22321527004623704], [0.040524977501921355, -0.9575195523570608, 0.2855066252338164]], "T": [-0.19028258972411424, -0.07731393713342968, -0.03378337397761944], "aligned_model": [[-0.42650518500466633, -0.2075218928037865, 0.3989681131781526, 0.5343803707679977, 0.2287935051322265, -0.2233084862846347, -0.16465997102733898, -0.6792265362718068, -0.393779975878623, 0.32970229503226556, -0.058642634394581394], [-0.6967127295380743, 0.2875269401016629, -0.385421775233612, 0.27809125571014215, -0.6592156021294381, 0.6043432086202392, -0.4209810004638036, -0.10290362832255433, 0.36059621819181786, 0.27206772583796646, -0.07018725446000028], [-0.12084179447436139, -0.741051513328628, -0.5500596107482134, -0.3059292631715381, 0.18490824233301584, -0.08241215715803926, 0.5623840287450808, 0.22079490510467548, 0.5757022194718668, 0.400287907687253, -0.05095218721579543]], "inverted": false, "swapped": true, "error_lsq": 0.04214621846920888, "error_max": 0.2686086875406303, "target": "155.xyz", "model": "4.xyz", "model_rescale": 3.7855080009869324, "target_rescale": 3.7508951056646858},
{"mapping": [12, 14, 6, 13, 1, 7, 2, 5, 4, 8, 9, 16], "R": [[0.48383225093707244, -0.6956355585013727, -0.5310343893776086], [-0.6798839008562976, 0.08330165887886459, -0.7285730677045742], [0.5510573784186095, 0.7135488794585224, -0.4326473879661092]], "T": [-0.027369955584550482, -0.0038398726281543335, 0.12045317107972031], "aligned_model": [[0.1483492265128037, 0.444550321714148, -0.6369760482994262, -0.3717373745928961, 0.158285798783177, -0.560230896276001, 0.6976448307495167, 0.02530691927834276, -0.3451612343700468, -0.504635960471683, 0.50142407340195, 0.017925529701515754], [-0.4044579824179997, -0.4885912140627241, 0.03432996661700132, -0.6191284653041216, 0.2667418758834524, 0.4550394950213408, 0.061090478731983, 0.7486496477495846, 0.5719865715644412, -0.32716075839025155, -0.10571637518311972, -0.03151903980938841], [-0.40078877097943644, 0.12264118035169574, -0.10976529725821302, -0.04597599500530458, -0.5617648272404073, 0.37902311462871574, -0.005734374454329116, 0.413860589519785, -0.21782688030040293, 0.5241741630688772, 0.5861913726312302, 0.1287558762195052]], "inverted": false, "swapped": false, "error_lsq": 0.031649152287435985, "error_max": 0.1794685217177036, "target": "155.xyz", "model": "5.xyz", "model_rescale": 4.2253639853439635, "target_rescale": 3.7508951056646858},
{"mapping": [2, 5, 1, 10, 3, 9, 6, 12, 0, 8, 11, 13], "R": [[0.04875812526689216, -0.42006855572511964, 0.9061815787751759], [0.9924306565760062, -0.08200594300339357, -0.09141344102615107], [0.11271218704548092, 0.9037795272095603, 0.412890456523626]], "T": [-0.07770834588150309, 0.02871999615409159, 0.020453642592597812], "aligned_model": [[0.22417706106202917, 0.23526552936816103, -0.7758697211217651, -0.30340997828842886, 0.27371455218708274, -0.4955139896541729, 0.5570738460075928, 0.3088951715875019, -0.41522918495792616, -0.4130592616378226, 0.4249410209075327, -0.04623985932838403], [-0.4170609162563696, -0.48984405313193224, -0.09100253743261488, -0.7135296243925382, 0.275671610523756, 0.3153977464753137, 0.09512051076056252, 0.7155076677370256, 0.7130269437357749, -0.3119290585967912, 0.025320796885689188, 0.04458511409232221], [-0.3799414013855554, 0.20451870350849993, -0.17175195314403174, -0.06101259775499783, -0.543927717457178, 0.3608221766668437, -0.05929915449678409, 0.5206577798319015, -0.22625739081933988, 0.5838033212091912, 0.6144956009794642, -0.029317215956297757]], "inverted": false, "swapped": false, "error_lsq": 0.035654021147043684, "error_max": 0.19067955920248053, "target": "155.xyz", "model": "6.xyz", "model_rescale": 3.89814844738969, "target_rescale": 3.7508951056646858},
{"mapping": [6, 8, 0, 3, 5, 4, 9, 10, 2, 7, 11, 12], "R": [[0.6541494947993776, -0.5221753201424023, -0.5471940912399358], [-0.5409883770309815, -0.8286115020521073, 0.14399498110814707], [-0.5286019432154068, 0.20183139919529525, -0.8245265744218107]], "T": [-0.12706443236052603, 0.0038864985388917025, 0.08585855152157953], "aligned_model": [[0.0953609111202115, 0.3097405909336085, -0.6071641768993776, -0.3362183170438836, 0.23478272324496882, -0.4081957591276191, 0.7346992141314862, 0.21164460591046783, -0.3837094469107888, -0.5002532282789, 0.3246965123797648, -0.10063844332853782], [-0.366847414745222, -0.49020839662800936, -0.12688332870694477, -0.7557278633923129, 0.2881867986456227, 0.3818716930195503, 0.13204128118475075, 0.6526113207947829, 0.6487888389024103, -0.3535968458666837, -0.014542402987710349, 0.1655705201799641], [-0.4341983522363667, 0.23671735474417438, -0.2357217262383173, -0.09196892200155576, -0.5392946931826799, 0.5258450947792872, -0.11133589136258773, 0.1436162820407686, -0.054790488365361184, 0.49108745056452185, 0.7573589563009756, 0.12547508613885688]], "inverted": true, "swapped": false, "error_lsq": 0.04611139311503407, "error_max": 0.3377212646269175, "target": "155.xyz", "model": "7.xyz", "model_rescale": 3.7474275329858107, "target_rescale": 3.7508951056646858},
{"mapping": [7, 10, 3, 6, 9, 2, 11, 13, 8, 0, 12, 14], "R": [[0.007336578803817995, 0.700349320088536, 0.7137625686900235], [0.9722640166921078, -0.17186185919800684, 0.15863852999423916], [0.23377094870232268, 0.6928017979224144, -0.6821853211102437]], "T": [-0.049066477272996345, 0.06356760071971214, 0.14189696179189276], "aligned_model": [[0.19713019316539154, 0.32917453226303517, -0.7116748132914714, -0.33842589291712094, 0.248191335541801, -0.6888132369100106, 0.5400376837723182, 0.4072602160853216, -0.3804248060391047, -0.37806025176840735, 0.4109297743318829, -0.06057954810223457], [-0.322588625739868, -0.5917588549995833, -0.11566618519941542, -0.6367335755316348, 0.24177424050302893, 0.5369995443666523, 0.0474111373288294, 0.7492533068129715, 0.5036834950897999, -0.43752435177301974, 0.07443877195929492, 0.11197529758314265], [-0.3622341720964701, 0.19428336105555818, -0.0653709325104718, -0.16271342791406412, -0.5364986649231536, 0.4160789708998333, -0.05603032717974471, 0.5020537194414201, -0.2602348242393458, 0.4155448909220908, 0.5529053375516768, 0.1750062201743869]], "inverted": false, "swapped": false, "error_lsq": 0.04352549659668493, "error_max": 0.28288528619034614, "target": "155.xyz", "model": "8.xyz", "model_rescale": 4.019505241142653, "target_rescale": 3.7508951056646858},
{"mapping": [5, 4, 2, 3, 6, 1, 11, 9, 10, 0, 8, 12], "R": [[0.6300467215946379, -0.03371741968027814, 0.7758248927547717], [-0.5403358657967101, 0.6985144883305527, 0.4691637898709004], [-0.5577439203985721, -0.7148011228323655, 0.42187803220364656]], "T": [-0.057507788089303756, 0.053600122497089744, 0.09226346426670456], "aligned_model": [[0.27595917608598364, 0.11957918792539743, -0.521908777048886, -0.253145285059798, -0.07325104826744672, -0.5342895413350282, 0.5163970390824888, 0.2583100596524289, -0.27842985630949624, -0.3996392922147893, 0.49114820881070015, -0.025984685190154032], [-0.3711871949916568, -0.6776482634021714, -0.18483530922598512, -0.7513257761137874, 0.2690980629447624, 0.456953445993995, 0.22816625204501095, 0.5403855413559335, 0.893324271159838, -0.30898107049476936, 0.03019646981214459, 0.0371177713168842], [-0.30633437547454373, 0.4408472738287882, -0.18603929994711177, -0.13638708846903455, -0.601548199939564, 0.34973299327254764, -0.07329450067779086, 0.45370378363442904, -0.19797187497323737, 0.5095487269402419, 0.48541203350328127, 0.07512067948371037]], "inverted": false, "swapped": false, "error_lsq": 0.05746924481167869, "error_max": 0.3241734219240368, "target": "155.xyz", "model": "9.xyz", "model_rescale": 3.877068213659057, "target_rescale": 3.7508951056646858},
{"mapping": [0, 11, 3, 12, 1, 13, 8, 2, 4, 6, 9, 15], "R": [[-0.6403396330582908, 0.5984515803633388, -0.48147778795640794], [-0.7636467176223858, -0.5633693367785565, 0.3153707041597962], [-0.082515725769879, 0.5696232933600166, 0.8177532993894666]], "T": [-0.07646775714402573, 0.038895799025846514, 0.14146121278881807], "aligned_model": [[0.2491961968624203, 0.3591688461089094, -0.6606126083561303, -0.28931724645049073, 0.1410887913591535, -0.53990888503434, 0.6796220414242431, 0.1048706049057044, -0.3030829665244922, -0.5402736935840222, 0.41677618077524137, -0.042782075354796], [-0.45917647582601584, -0.5555793530482827, 0.07910593444257541, -0.6376723565491992, 0.17756406489584492, 0.4057161643364926, 0.09390502406503108, 0.6216471679671017, 0.5890844041373389, -0.2783863220720006, 0.14594233111514032, -0.020886383063828368], [-0.38734218519437225, 0.17987110391583866, -0.10332293812864118, -0.09337030442573291, -0.686999329691888, 0.6397619618719282, -0.0021533319818313468, 0.40198491304604805, -0.1810736309535108, 0.39547043325043213, 0.5667808121176088, 0.0831826473558363]], "inverted": false, "swapped": false, "error_lsq": 0.037657001198874406, "error_max": 0.18904604104442047, "target": "155.xyz", "model": "10.xyz", "model_rescale": 4.260839863003843, "target_rescale": 3.7508951056646858},
{"mapping": [4, 2, 10, 9, 5, 7, 3, 0, 6, 8, 1, 11], "R": [[-0.5756945841111518, -0.5342572376718419, -0.6189870352603041], [0.49184249421561416, 0.3784838975283592, -0.7841179121761638], [0.653197295393093, -0.7558565626539174, 0.04487928234890637]], "T": [-0.054660641015438445, -0.021950105985400876, 0.08268112894691587], "aligned_model": [[0.045736236773141196, 0.40378831164468076, -0.6171589945363646, -0.40471060678630716, 0.15215250558814353, -0.40386275734647714, 0.634742752279309, 0.11691316877284652, -0.2673952335600852, -0.37864491158347025, 0.3413188368105574, -0.048134121924573475], [-0.44589209610703606, -0.5110798152290592, -0.011935242315517076, -0.7094647090033797, 0.23273776859620493, 0.3666396946946884, 0.13001979589790802, 0.8079644425376401, 0.7189719845358541, -0.4677342664948696, 0.03912888699274807, 0.011907756295015913], [-0.5057885087942624, 0.227366344091737, -0.19449949237088376, -0.11861952494684508, -0.5080585016695911, 0.4784859773755039, 0.00878132077374208, 0.31036191293967647, -0.24752151121016064, 0.5430332569121415, 0.684952042156842, 0.13429683592381575]], "inverted": false, "swapped": false, "error_lsq": 0.03879780157507229, "error_max": 0.20255198271321748, "target": "155.xyz", "model": "11.xyz", "model_rescale": 3.890672605050136, "target_rescale": 3.7508951056646858},
{"mapping": [0, 4, 8, 3, 1, 5, 2, 9, 6, 7, 10, 13], "R": [[0.2942813302465163, 0.9476095468171895, -0.12423624853182713], [-0.9379935681556895, 0.2614531359111009, -0.22761881253712216], [-0.18321180302289197, 0.1835167689972023, 0.9657924366704933]], "T": [-0.0049684712041916795, 0.14847475112931327, 0.040771993770702855], "aligned_model": [[-0.0516484223572432, 0.3379951716348564, -0.676011151048564, -0.355601276525279, 0.26061128564883124, -0.5406444537857849, 0.6841856382917466, -0.09942855065363443, -0.1660986570558749, -0.4554249832849647, 0.6567143246650089, -0.01990373939769714], [-0.22027136804403444, -0.4585574663348989, 0.010355533192785954, -0.688948720321348, 0.12763456186515357, 0.3079798943939062, -0.026441055163816174, 0.797591918486218, 0.5734076134564925, -0.34338038374985247, 0.05965976033102294, 0.02223391228856883], [-0.4180763706179694, 0.11109176678080862, -0.1824226506588132, -0.1290565117818786, -0.690207738952142, 0.5816800569315749, 0.034838382697087805, 0.45975243777060426, -0.3135265662932494, 0.5719326354728375, 0.6356066594575469, 0.15117805037530815]], "inverted": false, "swapped": false, "error_lsq": 0.04915446807125767, "error_max": 0.2591950819004402, "target": "155.xyz", "model": "12.xyz", "model_rescale": 4.124412569039231, "target_rescale": 3.7508951056646858},
{"mapping": [10, 4, 8, 2, 7, 6, 5, 3, 9, 1, 0, 12], "R": [[-0.18729816413185374, 0.9532502700269931, -0.23713565823448451], [0.7907500956296902, 0.28953742502961405, 0.5393351145334936], [0.5827809914320072, -0.08649856762216178, -0.8080125703383837]], "T": [0.0027833299422523883, 0.09945287437402006, 0.06981393674439876], "aligned_model": [[0.06684367200541388, 0.33260317803853, -0.6870811244717524, -0.35660683013897737, 0.31132826513171824, -0.5285647589296847, 0.7441840156594764, 0.05547662161691175, -0.3132774021420297, -0.4148325560812015, 0.36721845732108993, -0.002546351878094164], [-0.29606802165820967, -0.6018537604851333, -0.05178068633137789, -0.6747480789751491, 0.34538910604457834, 0.36335476667650046, 0.00607667564992842, 0.7083127260755621, 0.5514418410935151, -0.28031119419074246, 0.08810620110178857, 0.0033446253989377894], [-0.5499192039493389, 0.2027203980388194, -0.05711740513331412, -0.04785980849618843, -0.4174160576490684, 0.37906757775027244, -0.054088394961188585, 0.437599844256354, -0.2533777395076098, 0.6565340769106597, 0.5212845164415139, -0.004637652519195401]], "inverted": true, "swapped": false, "error_lsq": 0.0416654344439031, "error_max": 0.211494225627013, "target": "155.xyz", "model": "13.xyz", "model_rescale": 3.9028299243045295, "target_rescale": 3.7508951056646858},
{"mapping": [3, 4, 2, 0, 6, 12, 7, 14, 1, 5, 10, 15], "R": [[0.5837949683310588, 0.1628123675361492, -0.7954090569817598], [0.11265004298597797, -0.9864544716801735, -0.11923733944301035], [-0.8040481346079946, -0.019992705656419495, -0.5942279772561541]], "T": [-0.12490401266957338, 0.051150627250174795, 0.09534600449233163], "aligned_model": [[0.08648791187785873, 0.20560568600081816, -0.6888650637022755, -0.3375132360308558, 0.08286950051291794, -0.6048241166165854, 0.7700780543345982, 0.24096878028684812, -0.3753619624831127, -0.24290811433068052, 0.4643400935794165, -0.026132347297547084], [-0.3156043851334845, -0.52167556335479, -0.09617544193870733, -0.7249264485318215, 0.2768720110346397, 0.38990227563469004, 0.032217885921171065, 0.6837268771166763, 0.5167906287630785, -0.18906171833176091, 0.0082575027707407, 0.10094057644976623], [-0.3623587697516628, 0.24365907985832982, -0.3545347928431706, -0.1039479990103, -0.4965055701203144, 0.4683933252240978, -0.043494216207147635, 0.5943801118057034, -0.28234296822075666, 0.531780300436558, 0.5495531875841396, 0.06820846242623904]], "inverted": true, "swapped": false, "error_lsq": 0.03923146540145279, "error_max": 0.24019972826373057, "target": "155.xyz", "model": "14.xyz", "model_rescale": 3.942246331269136, "target_rescale": 3.7508951056646858},
{"mapping": [6, 10, 2, 9, 8, 1, 11, 12, 0, 5, 4, 14], "R": [[0.2526502071250666, -0.007655652876933372, 0.9675273969344171], [-0.7883163992945806, -0.5814247722376058, 0.20125230143199768], [0.5610036786357897, -0.8135641494113885, -0.15293216584366903]], "T": [0.04053517685582481, 0.0004010216729263324, 0.1271625937561794], "aligned_model": [[0.2022000210330023, 0.350623852976316, -0.6886363233402623, -0.24514097938765822, 0.19712099030715746, -0.477661810036409, 0.707123533791464, 0.0705781998550534, -0.4376603631128851, -0.5135164834999999, 0.439967375880275, -0.030252828334653058], [-0.2401850183982891, -0.6241645238759366, -0.03052426294121121, -0.7075765765246617, 0.3564921484276159, 0.4714363565958991, -0.0364793426778209, 0.7487631929620143, 0.4025243393803445, -0.12900313861012763, -0.11543769879482962, 0.0654187248572013], [-0.35113880161962474, 0.2780380665748397, -0.0964452520650455, -0.12841354037352615, -0.5418074494895189, 0.5348868042348207, -0.13439203873912015, 0.45446632962746164, -0.2605787449972096, 0.4083402584941625, 0.5403202950585875, 0.10951422447588854]], "inverted": false, "swapped": false, "error_lsq": 0.03902886384381574, "error_max": 0.24159601331703795, "target": "155.xyz", "model": "15.xyz", "model_rescale": 4.355366556412066, "target_rescale": 3.7508951056646858},
{"mapping": [3, 5, 10, 7, 6, 1, 4, 2, 8, 9, 0, 11], "R": [[-0.8400157038899247, -0.4324656229285778, -0.32763867629343063], [0.5062004076809524, -0.4073386098757221, -0.7601555131472454], [0.19528124457292856, -0.8043933999539724, 0.5610851037307412]], "T": [-0.07816840057628649, -0.004049267558690407, 0.10088506206339834], "aligned_model": [[0.1861700787094847, 0.23679132702551348, -0.5837798901270881, -0.37869388157094963, 0.12154441012264006, -0.35342722539206134, 0.6566359804411899, 0.21943460402457554, -0.3986592538927284, -0.4883747290641981, 0.3456792527464193, 0.011424513108603152], [-0.41194617512956894, -0.5105317182933709, 0.06855601071469429, -0.8058369455875335, 0.2842965137970479, 0.2746750392985823, 0.1550145042367978, 0.7516898585450756, 0.664623764981496, -0.40144111713051267, 0.062147110610704645, 0.030017354356786083], [-0.3404337456052885, 0.34590705904283314, -0.2683320743080778, -0.1585028220287453, -0.6427999966923854, 0.47657456621912897, -0.06967568745553196, 0.3034096943268767, -0.09198303873842237, 0.5739199351904926, 0.6664690654409114, 0.018237195789924]], "inverted": false, "swapped": false, "error_lsq": 0.04360269530610017, "error_max": 0.2320615843980148, "target": "155.xyz", "model": "16.xyz", "model_rescale": 3.795458400668931, "target_rescale": 3.7508951056646858},
{"mapping": [6, 8, 0, 3, 5, 4, 9, 10, 2, 7, 11, 12], "R": [[0.6541494947993776, -0.5221753201424023, -0.5471940912399358], [-0.5409883770309815, -0.8286115020521073, 0.14399498110814707], [-0.5286019432154068, 0.20183139919529525, -0.8245265744218107]], "T": [-0.12706443236052603, 0.0038864985388917025, 0.08585855152157953], "aligned_model": [[0.0953609111202115, 0.3097405909336085, -0.6071641768993776, -0.3362183170438836, 0.23478272324496882, -0.4081957591276191, 0.7346992141314862, 0.21164460591046783, -0.3837094469107888, -0.5002532282789, 0.3246965123797648, -0.10063844332853782], [-0.366847414745222, -0.49020839662800936, -0.12688332870694477, -0.7557278633923129, 0.2881867986456227, 0.3818716930195503, 0.13204128118475075, 0.6526113207947829, 0.6487888389024103, -0.3535968458666837, -0.014542402987710349, 0.1655705201799641], [-0.4341983522363667, 0.23671735474417438, -0.2357217262383173, -0.09196892200155576, -0.5392946931826799, 0.5258450947792872, -0.11133589136258773, 0.1436162820407686, -0.054790488365361184, 0.49108745056452185, 0.7573589563009756, 0.12547508613885688]], "inverted": true, "swapped": false, "error_lsq": 0.04611139311503407, "error_max": 0.3377212646269175, "target": "155.xyz", "model": "17.xyz", "model_rescale": 3.7474275329858107, "target_rescale": 3.7508951056646858},
{"mapping": [10, 5, 7, 12, 3, 2, 8, 0, 1, 9, 4, 13], "R": [[-0.40470248325823843, -0.90558046632866, -0.1270429811071124], [0.4721762500050273, -0.08796677529350294, -0.8771040048794969], [0.783112692385844, -0.4149528472590942, 0.4631939610743706]], "T": [-0.09373655095976155, 0.017568571527161018, 0.013195692368391992], "aligned_model": [[0.27654158935897755, 0.2782883236407848, -0.8223837190084379, -0.36329568719701677, 0.21736430584929986, -0.4896455740789404, 0.6158231194040158, 0.19250819884632783, -0.3268615852925717, -0.32234065631005127, 0.42774939789323496, -0.10900252697422178], [-0.3662977784926399, -0.5875851423397278, -0.10829962020628972, -0.6774205043680438, 0.3180967254517438, 0.45892805234161255, 0.13107833392559323, 0.7078794910055063, 0.6012697362859603, -0.34262807564416303, -0.06699266991088754, 0.09323565235153397], [-0.424959639207099, 0.14960101463205228, -0.13050463762667983, -0.04651175918377079, -0.5097653644040836, 0.403439946544796, -0.009054234647198442, 0.3882652438362231, -0.27570582274744115, 0.5286786738911631, 0.6536077656586695, 0.08569896443508476]], "inverted": false, "swapped": false, "error_lsq": 0.0342886078646367, "error_max": 0.19477374512056364, "target": "155.xyz", "model": "18.xyz", "model_rescale": 3.922800546911778, "target_rescale": 3.7508951056646858},
{"mapping": [11, 9, 12, 7, 4, 5, 10, 1, 8, 3, 2, 14], "R": [[0.7273124445509433, -0.4629509414687906, -0.5066488268954062], [-0.6659117186599257, -0.6546620221712259, -0.3577418338384051], [-0.16606682676776482, 0.597573478762103, -0.7844282927887314]], "T": [-0.07894888880822284, 0.13881831768613387, 0.04437274561871165], "aligned_model": [[0.19416483073150745, 0.34819742252379193, -0.8238407609776701, -0.29505389752112576, 0.2985950456774876, -0.6669127678505755, 0.7035373432504903, 0.16270627072805985, -0.3287254657231936, -0.34217675055522623, 0.419429285393329, -0.09517536954547418], [-0.3276556656229743, -0.5101475153316777, -0.11084819265733956, -0.6199516166545948, 0.2573124313399305, 0.4604065286496415, 0.011836721623411234, 0.672306403178306, 0.6253574978733872, -0.2818467337960884, -0.0592952161935989, 0.043789557991795416], [-0.41936697864880473, 0.28754462352801063, 0.006732647912659671, -0.08123709081306527, -0.561669217989928, 0.40963048981652483, -0.10459576838081541, 0.497115796855543, -0.23000280319891495, 0.44798301660628814, 0.519240291320666, 0.04141514417355181]], "inverted": false, "swapped": false, "error_lsq": 0.03551085266740279, "error_max": 0.2753943494455135, "target": "155.xyz", "model": "19.xyz", "model_rescale": 3.9282355846067225, "target_rescale": 3.7508951056646858},
{"mapping": [1, 5, 10, 2, 0, 9, 3, 8, 11, 7, 6, 13], "R": [[-0.5190605131318562, 0.1661828539433433, -0.8384267664874133], [-0.679935950362014, 0.5141220997385185, 0.5228437337921932], [0.5179413935114657, 0.8414640370305213, -0.15386678417286395]], "T": [-0.0439905637386005, 0.07278076798393714, 0.2032081391206391], "aligned_model": [[0.13762656274602747, 0.35600297621071014, -0.7114935483965252, -0.29212642869283967, 0.1169122484702233, -0.5258404354990142, 0.6194746465426484, 0.07469942846761832, -0.2703839815882452, -0.30705706659872267, 0.43291440691779576, -0.055983622448275774], [-0.3326125455640267, -0.49931404055044465, -0.08070884101470453, -0.6673713564869961, 0.27123995323530375, 0.5313554292496183, -0.0025817982168530457, 0.7054485249881438, 0.5966874133604001, -0.31254560144487004, -0.06562605945672782, 0.017293122301354956], [-0.4002587423274495, 0.22327927001603665, -0.3193959695444877, -0.06007808445449134, -0.5550274608148258, 0.392825665650555, -0.1439077889259525, 0.6085052821225847, -0.22995582361251796, 0.6160245395644471, 0.6277658538522124, 0.05301340965560469]], "inverted": false, "swapped": false, "error_lsq": 0.03330396068117044, "error_max": 0.17045612403309449, "target": "155.xyz", "model": "20.xyz", "model_rescale": 4.067790424073018, "target_rescale": 3.7508951056646858},
{"mapping": [5, 8, 6, 4, 13, 3, 1, 12, 11, 2, 7, 14], "R": [[0.3542729181534696, 0.9349414135902366, -0.01937143817364706], [0.7602902452396056, -0.275908592055218, 0.5880758384967095], [0.5444717095098015, -0.22306725887946371, -0.8085737786742018]], "T": [-0.005957700381390242, 0.0421304819517859, 0.09264573023703752], "aligned_model": [[0.14839687472501278, 0.28798822520458467, -0.6698198314656697, -0.29330614665210486, 0.14561864167680155, -0.6564725390259594, 0.7838390870847718, 0.033765205728195705, -0.2769830108975026, -0.5561304315556691, 0.595052377329542, 0.03279673397939804], [-0.3443974778566786, -0.43701150658923593, -0.07426166028319674, -0.6992761748174805, 0.2648961661966972, 0.4314590754636206, -0.012987891674014693, 0.7269951244954916, 0.5896432652587041, -0.2856820793185143, -0.10519716938204901, 0.10708452890685416], [-0.3259673635475618, 0.18849271440145082, -0.21279958865582455, -0.008445982876868555, -0.5535149057725793, 0.4786492375114491, -0.12296526362875719, 0.43381486574225686, -0.11903158823214695, 0.4715531359241956, 0.5094735206387111, 0.07353136967739052]], "inverted": false, "swapped": false, "error_lsq": 0.03710517341081989, "error_max": 0.21129122502416983, "target": "155.xyz", "model": "21.xyz", "model_rescale": 4.186013935880536, "target_rescale": 3.7508951056646858},
{"mapping": [6, 4, 5, 3, 0, 8, 7, 9, 2, 11, 10, 12], "R": [[0.9768314003213903, 0.2087871093701352, -0.04699317298305475], [0.18426162032384832, -0.708835687906492, 0.6808815042470756], [0.10884884299698397, -0.6737654714446221, -0.7308844086907481]], "T": [-0.007016325253490375, 0.09281027903239475, 0.06237419800026836], "aligned_model": [[0.1736536421660714, 0.3030930511861872, -0.6461668700665426, -0.37099136714319164, 0.054261535216067414, -0.5115458211197658, 0.7205471162645481, 0.13760650308147918, -0.5030878508951567, -0.3518534748714666, 0.586468999573403, -0.017240277260232306], [-0.3035696215060997, -0.5146841624824026, -0.03142303246498074, -0.7162050687361003, 0.23717887412621447, 0.5047481948657637, 0.04264263671962321, 0.5000995966434549, 0.5763930100567192, -0.18130428511058638, -0.0005758276438083132, 0.04796388593240103], [-0.28417188311868236, 0.3121717699285892, -0.355467209108255, -0.19327202374572064, -0.6427436457487619, 0.4666331150366132, -0.017989886714602638, 0.5080763513747423, -0.20174696087875263, 0.5150490533654767, 0.6414714583398795, 0.06478001245118994]], "inverted": true, "swapped": false, "error_lsq": 0.03890138531081908, "error_max": 0.1888507664345775, "target": "155.xyz", "model": "22.xyz", "model_rescale": 4.166573947596378, "target_rescale": 3.7508951056646858},
{"mapping": [4, 3, 7, 8, 1, 14, 2, 12, 5, 9, 11, 15], "R": [[0.5446536213458375, -0.1439240968212024, -0.8262192730196182], [0.18853702160623084, 0.9809601616879637, -0.046593483074092765], [0.8171941166202293, -0.13039561164136348, 0.5614185250113839]], "T": [-0.07925021515303252, 0.05328853308462229, 0.09309221642686796], "aligned_model": [[0.18904893897183836, 0.3113646872468734, -0.6534958797306288, -0.3671848300171686, 0.1870097346271888, -0.5030724508619152, 0.5581822827454219, 0.13226121168362573, -0.39476144689464654, -0.22770811006656197, 0.41147351775402874, -0.06837246932665526], [-0.45469400906105933, -0.38770618102473603, 0.06847746435750247, -0.6839682722536983, 0.265440540989047, 0.42713704489659154, 0.07709385271835888, 0.4904433017348365, 0.5908745357652693, -0.288261908285073, -0.029339355374662403, 0.0857671859378216], [-0.3649719866448011, 0.2129684532996595, -0.3328195828119397, -0.07311608892085292, -0.5331635025508483, 0.6467977030846632, -0.12120280584188209, 0.533024006359257, -0.45692226844428385, 0.5639984870584065, 0.7050204617603572, 0.03317727483397995]], "inverted": false, "swapped": false, "error_lsq": 0.04085551461372163, "error_max": 0.22430603601317983, "target": "155.xyz", "model": "23.xyz", "model_rescale": 4.274766983524099, "target_rescale": 3.7508951056646858},
{"mapping": [5, 9, 3, 2, 0, 4, 8, 6, 7, 10, 11], "R": [[0.08176389207512824, 0.48473233306040775, 0.8708324932147059], [0.3288678064595272, -0.8379412560729802, 0.43554611379891284], [0.9408297570906364, 0.2507768263948056, -0.22792619752043375]], "T": [-0.12384211414591817, 0.13740943067055061, 0.0964248225380073], "aligned_model": [[0.485800300404891, 0.1493257650543024, -0.5833072945334031, -0.36599090094410025, -0.6200117127674564, -0.489333486176861, -0.10848543930423765, -0.12124994401532686, 0.6289731423369177, 0.40540937456651993, -0.0012351006631707573], [-0.16072602912932182, 0.4843525275478348, 0.5470865628060169, -0.13366863605265422, 0.33549889956093826, -0.2617596275754203, -0.6480169055313281, 0.2333719432506883, -0.18782946443201898, 0.5749863038096903, 0.13229095698905863], [-0.4183217329678022, -0.5247671781062396, -0.37865998499421394, -0.48322384652632455, 0.234654367352986, 0.49469482172721946, -0.03204277318823964, 0.7581042191993512, 0.2866269101783162, 0.3972232364952073, 0.04527839485131739]], "inverted": false, "swapped": true, "error_lsq": 0.06168873627021355, "error_max": 0.30249254614500126, "target": "155.xyz", "model": "24.xyz", "model_rescale": 3.7841303162186577, "target_rescale": 3.7508951056646858},
{"mapping": [14, 12, 11, 13, 10, 6, 9, 1, 7, 3, 2, 15], "R": [[-0.9594123100609421, 0.045240344306778466, -0.27835468480076125], [0.2659310617535154, -0.18336132853509046, -0.9463927797656186], [-0.09385462001507966, -0.9820040399330601, 0.16388830299009827]], "T": [0.031435661719713466, 0.1593333163108531, 0.10759450887944864], "aligned_model": [[0.29521549044091117, 0.27050738651978945, -0.6392312348390452, -0.2903689732931561, 0.11183732594775136, -0.5987903677307858, 0.5345291989463267, 0.1455273228033945, -0.3469700012760639, -0.46902008165561515, 0.5911959072947452, -0.029686787026851687], [-0.3992361531427343, -0.5515651274655463, -0.022426396790485137, -0.5300003152074804, 0.2635734412818054, 0.29376401083050174, -0.0839455270506301, 0.7654361322748481, 0.5674354939191737, -0.2944833247730756, -0.005647787284235567, 0.15835975380805692], [-0.39011957778549095, 0.22002235002898718, -0.21889728231329875, -0.07478125325198369, -0.6591679536945879, 0.4343512875651441, -0.0651857148142281, 0.5231169067774271, -0.22866034527782914, 0.546452564326878, 0.5853420686404048, 0.14031710098029304]], "inverted": false, "swapped": false, "error_lsq": 0.036953884789639485, "error_max": 0.21265038950956375, "target": "155.xyz", "model": "25.xyz", "model_rescale": 4.19342608120988, "target_rescale": 3.7508951056646858},
{"mapping": [3, 5, 10, 7, 6, 1, 4, 2, 8, 9, 0, 11], "R": [[-0.8400157038899247, -0.4324656229285778, -0.32763867629343063], [0.5062004076809524, -0.4073386098757221, -0.7601555131472454], [0.19528124457292856, -0.8043933999539724, 0.5610851037307412]], "T": [-0.07816840057628649, -0.004049267558690407, 0.10088506206339834], "aligned_model": [[0.1861700787094847, 0.23679132702551348, -0.5837798901270881, -0.37869388157094963, 0.12154441012264006, -0.35342722539206134, 0.6566359804411899, 0.21943460402457554, -0.3986592538927284, -0.4883747290641981, 0.3456792527464193, 0.011424513108603152], [-0.41194617512956894, -0.5105317182933709, 0.06855601071469429, -0.8058369455875335, 0.2842965137970479, 0.2746750392985823, 0.1550145042367978, 0.7516898585450756, 0.664623764981496, -0.40144111713051267, 0.062147110610704645, 0.030017354356786083], [-0.3404337456052885, 0.34590705904283314, -0.2683320743080778, -0.1585028220287453, -0.6427999966923854, 0.47657456621912897, -0.06967568745553196, 0.3034096943268767, -0.09198303873842237, 0.5739199351904926, 0.6664690654409114, 0.018237195789924]], "inverted": false, "swapped": false, "error_lsq": 0.04360269530610017, "error_max": 0.2320615843980148, "target": "155.xyz", "model": "26.xyz", "model_rescale": 3.795458400668931, "target_rescale": 3.7508951056646858},
{"mapping": [9, 3, 1, 2, 11, 6, 4, 5, 8, 0, 7, 12], "R": [[0.5372820602763086, -0.6746692089481795, 0.5061120885757251], [0.5588816540747504, -0.16461747825329398, -0.8127437373441871], [0.6316480700864335, 0.7195293908873798, 0.2886142255768418]], "T": [-0.02239383384797783, 0.03629899557149508, -0.053111337737854064], "aligned_model": [[-0.01018977926957601, 0.3406428668120889, -0.6109827123054654, -0.3868412259848602, 0.3315013123342035, -0.5711621213056606, 0.7644644664723788, 0.0232696261280865, -0.3442417011352952, -0.2837902199315199, 0.309398733144383, 0.012675941172637643], [-0.2966975445017992, -0.5064692252237737, 0.005464451122403742, -0.7637073395270161, 0.38690480009303574, 0.4573627903120522, -0.09076729880100931, 0.6343068413845788, 0.6693711768292873, -0.4789497969244647, 0.0815698715290491, 0.06287547410785425], [-0.32392244435364725, 0.2913934827167346, -0.10756805060232168, -0.09786484113229582, -0.5663446054415658, 0.39716147635967713, -0.3052449425746243, 0.4020391128268396, -0.21554678259604554, 0.5447714294220909, 0.6872077413814615, 0.10670857517541255]], "inverted": true, "swapped": false, "error_lsq": 0.04745989574950782, "error_max": 0.2881933063284851, "target": "155.xyz", "model": "27.xyz", "model_rescale": 3.6321398670334006, "target_rescale": 3.7508951056646858},
{"mapping": [11, 9, 0, 10, 2, 7, 13, 4, 5, 8, 6, 14], "R": [[-0.4595254241257221, 0.506062004845242, 0.7298887804550018], [0.020319044338610925, 0.8275694359936869, -0.5609955125009977], [-0.8879321601447046, -0.24296105832232787, -0.3905718923830203]], "T": [-0.11938643723705525, 0.010110470848588298, 0.1562163016228385], "aligned_model": [[0.12862045310240103, 0.27660262574288363, -0.5240899264966583, -0.36724110550560857, 0.11983936723344205, -0.4640895876277302, 0.6653090309854957, 0.17453143375760335, -0.3921925156831174, -0.4945608711386571, 0.5225423288758455, -0.07052604711449861], [-0.2749084376797072, -0.5228698996472936, -0.07812703073255343, -0.6862022049176908, 0.2965285795154333, 0.32235096904778265, -0.004963223529844402, 0.6873462860671896, 0.5190127172763463, -0.21179917357851213, 0.07304309785564603, 0.04185252072340181], [-0.3631897443028952, 0.23169310525529055, -0.3105180160737146, -0.08542052086350493, -0.5467626064786538, 0.7763557967357683, -0.06851273033081753, 0.532289682832138, -0.5060258510014604, 0.4337588562904309, 0.589661085690574, 0.1294610934285601]], "inverted": true, "swapped": false, "error_lsq": 0.04173755018739061, "error_max": 0.28293497053639044, "target": "155.xyz", "model": "28.xyz", "model_rescale": 4.156811204709835, "target_rescale": 3.7508951056646858},
{"mapping": [4, 0, 2, 9, 10, 6, 8, 7, 5, 11], "R": [[0.5765107435597052, 0.6270989863704206, -0.5238150664627997], [0.676013162506909, -0.7261556355580048, -0.125316387853936], [-0.4589570423009585, -0.2818596357063948, -0.8425636943767605]], "T": [-0.10848610819526483, -0.14489111566683607, -0.09848845914022242], "aligned_model": [[-0.6982218951880514, -0.16209520675423836, 0.18794619836800958, 0.6246798308928616, -0.05245879425853098, -0.5960383856347924, -0.444649085687296, -0.36863586244218083, 0.20900113609418186, -0.056602561279375005], [-0.1755388925479153, -0.5667119741901239, 0.24691290714188266, -0.0036201804952611383, -0.4148761810989853, -0.5375690678736975, 0.5329821733443735, 0.3213243399241903, 0.5822987963080091, -0.06648158988626886], [-0.4191304521112893, -0.45023317225992404, -0.5746495958269067, 0.054416521153826336, 0.5986695922271548, 0.1363134781323544, -0.3457060491741837, 0.5523980422998606, 0.21120384630185318, -0.004495483767645969]], "inverted": true, "swapped": true, "error_lsq": 0.05564073222218861, "error_max": 0.27690959424241546, "target": "155.xyz", "model": "29.xyz", "model_rescale": 4.117894457231895, "target_rescale": 3.7508951056646858},
