[{"mapping": [7, 10, 1, 0, 11, 5, 4, 9, 3, 4, 2, 8, 6, 13], "R": [[0.23127649712504317, 0.5895474748175634, 0.7739153421491298], [0.34375225339057197, -0.7936910697330348, 0.5018853196846219], [0.9101349186612249, 0.14996086410215703, -0.38622036335654353]], "T": [0.17623752090623687, -0.004913824300036715, -0.09681166659411657], "aligned_model": [[-0.5307256736789217, -0.6454027845811389, 0.5999619168903209, 0.3273540571788648, -0.20202409777352656, 0.5384959627204733, -0.26364237284765635, -0.3714166037500568, 0.5825169555453557, -0.26364237284765635, 0.275543751064823, -0.27419396219702175, 0.3255630325658456, 0.016717845698197037], [0.0563056593123963, -0.03344092410566825, -0.2345328222714539, -0.7574449602740521, 0.46871019183716306, 0.6132949069966095, 0.17370428768097795, -0.4894624616752238, 0.018578833141351003, 0.17370428768097795, -0.3691910887427576, 0.5859702102433172, 0.459020125762235, 0.02360287164056394], [0.16366808080218953, -0.679497120005232, -0.4142653883261154, -0.017608658852943007, -0.4427311370133394, -0.33968621512588487, 0.7326492883365432, -0.05174782821981898, 0.23119050082767367, 0.7326492883365432, 0.5730380125664558, 0.14515252161122033, 0.4922668220089448, -0.08007447658049606]], "inverted": true, "swapped": false, "error_lsq": 0.05713601554823171, "error_max": 0.3662563017094929, "target": "156.xyz", "model": "0.xyz", "model_rescale": 3.8414455957264533, "target_rescale": 3.994530104041102},
{"mapping": [8, 13, 0, 7, 12, 1, 6, 9, 4, 5, 2, 10, 3, 14], "R": [[-0.8632881400516415, -0.47839783430345917, -0.16083873718708902], [0.051947844815974684, 0.23276005625245788, -0.9711458065771215], [0.5020308841746222, -0.8467338828387067, -0.17608725958380544]], "T": [0.004341856474201249, 0.01935513555033471, 0.038832614359243275], "aligned_model": [[-0.7673758060756657, -0.29216925098510044, 0.502838715007134, 0.22963431093315126, -0.41936658662341486, 0.5561058246885086, -0.41431359777472165, -0.33772924338905114, 0.5170402418863881, 0.06741000009441829, 0.19854893324716344, -0.31281728506807727, 0.5527669269678835, 0.03453247107928552], [0.06903710845368949, -0.2010814273831995, -0.1886326867274773, -0.5770918252907249, 0.5451537041925075, 0.6301247152743424, -0.0770307561207276, -0.5689480254349336, -0.07988016732312234, 0.29382813873702707, -0.32676057285829285, 0.5637767120259685, 0.502977201242748, 0.10334699843863135], [-0.1232968042469156, -0.623236781938938, -0.4446540114372696, -0.04147513746115668, -0.31654966478352614, -0.22765366114645963, 0.6911090467849785, -0.010120765570313064, 0.19085220226665967, 0.6346595731018558, 0.6609999996684743, 0.3060338988141286, 0.3193972622916914, 0.02893853402253138]], "inverted": false, "swapped": false, "error_lsq": 0.04668611933760408, "error_max": 0.29075334273564957, "target": "156.xyz", "model": "1.xyz", "model_rescale": 4.316132596720782, "target_rescale": 3.994530104041102},
{"mapping": [11, 0, 4, 8, 5, 9, 2, 10, 1, 6, 7, 13], "R": [[-0.8326741837766565, -0.4498505446681127, -0.3229368222016208], [0.4608208296153269, -0.8862801106397311, 0.046386727380446094], [-0.30707957708796063, -0.11019098396070498, 0.9452830689212892]], "T": [-0.04529476604349979, 0.09692993456753875, -0.10825320931059766], "aligned_model": [[-0.2292536087724485, 0.3968525323783716, 0.18463010719850437, -0.46944259587609555, -0.5432795022981453, -0.44942778188213883, -0.282005984820256, -0.17210734113635712, 0.5516645384938341, 0.20446181316714263, 0.4190322411427746, -0.013315862963405575], [-0.6481140499817923, -0.2516924921430395, -0.3626028787148476, 0.4334462075072116, -0.2318047828545453, -0.25801121300726987, 0.48297342415657774, 0.5659827128877412, -0.062412095157634365, -0.024121856980472742, 0.3785273942865941, -0.009393942257542393], [0.07706986668602388, 0.19585042248190132, -0.3348519786933765, -0.10448511000239578, -0.5485259581678457, 0.5543248791264274, -0.6914316167330037, 0.4153025746208563, -0.6797193067655602, 0.6714782023191536, -0.0633851128692639, -0.04236840079349556]], "inverted": false, "swapped": true, "error_lsq": 0.04506442378005487, "error_max": 0.32589490690098566, "target": "156.xyz", "model": "2.xyz", "model_rescale": 3.795458400668931, "target_rescale": 3.994530104041102},
{"mapping": [11, 5, 12, 3, 0, 10, 8, 1, 2, 7, 9, 13], "R": [[0.554554568830032, 0.5740430157411547, 0.6024482104451285], [0.5214543149944364, 0.32447644309844537, -0.7891770620385925], [-0.6485018331226369, 0.7517909642666516, -0.11939731355268354]], "T": [0.1503497153061794, 0.014410874008225164, 0.02720387120107689], "aligned_model": [[-0.24798053407740833, -0.23123102772711607, -0.7363825835339279, 0.3295337423698594, 0.3740224280200077, -0.035846491369276146, -0.16301432089212087, 0.8523808782737636, 0.21673984656251105, 0.6233615179019527, -0.5217912068579238, 0.13351157707324388], [0.0666186245157277, -0.5898500217621111, -0.1795260984307812, 0.09522930395978282, 0.41543071918137486, 0.5056303821892565, -0.09179143095387474, -0.34300859527819105, -0.579493175171518, 0.23134528080585132, 0.4772337978137053, 0.07795025842048707], [-0.6524161700286699, -0.1706857741988089, 0.0724318275448083, 0.8167420950137734, -0.41851403301779116, 0.5111842058653262, 0.4557862242157022, -0.26898418299496624, 0.46082716701469645, 0.1887871090493006, -0.22247183438910165, -0.08391520343516934]], "inverted": true, "swapped": true, "error_lsq": 0.05133252118082271, "error_max": 0.25136042135124925, "target": "156.xyz", "model": "3.xyz", "model_rescale": 3.7530521520055578, "target_rescale": 3.994530104041102},
{"mapping": [6, 4, 11, 5, 9, 2, 10, 7, 3, 8, 13], "R": [[-0.6118455841245563, -0.7557909731086692, -0.23329163327203006], [-0.5281910446499554, 0.17085261292072662, 0.8317593432055628], [-0.5887777182764896, 0.6321308326807127, -0.503737440374963]], "T": [-0.1250054888022989, 0.025276371836700368, -0.06907003181103075], "aligned_model": [[-0.34982087945642126, -0.15288903360513856, 0.3166682873030485, 0.4817818361708365, 0.3490210960313178, -0.022128220578846433, -0.21110773619547998, -0.6628688404129763, -0.4327977445448159, 0.14016529536508127, -0.1178244576314004], [-0.7662637862114606, 0.05052902634508452, -0.3950633939977273, 0.36443627983414995, -0.6789845091374086, 0.7272676719816384, -0.2823698974208467, 0.040075096244250624, 0.3027704831680055, 0.18167190089051852, -0.07686551338185821], [0.02000958258101876, -0.6293982101796314, -0.5705825381229566, -0.32728526069308506, 0.018290396358522393, 0.13533964026026077, 0.5697904951785605, 0.01691751235144963, 0.631122860553125, 0.3763327923755009, -0.14770649341744896]], "inverted": true, "swapped": true, "error_lsq": 0.051010255658514775, "error_max": 0.30119040538989456, "target": "156.xyz", "model": "4.xyz", "model_rescale": 3.7855080009869324, "target_rescale": 3.994530104041102},
{"mapping": [14, 3, 4, 7, 2, 1, 15, 10, 6, 13, 8, 12, 11, 16], "R": [[-0.9304520962769823, 0.15756665487085503, 0.3308045432072817], [-0.008642474892225957, -0.9120036715105132, 0.4100909786609324], [0.36631162165771736, 0.37871104080044055, 0.8499374938278347]], "T": [-0.01597288445296933, 0.013097274910372762, 0.00976692108468466], "aligned_model": [[-0.5604240837976259, -0.41561277982876127, 0.6346215796381378, 0.42112532253132345, -0.4543413493013295, 0.3277244843501733, -0.5844429765533601, -0.2909175188448759, 0.5729218347301394, 0.07872381278187918, -0.01520493741543174, -0.024086687506159894, 0.49001877381701947, -0.0649998206132267], [0.3847404319431528, -0.1356787216489977, -0.04862136645788925, -0.5913358223324031, 0.3932990382481609, 0.5581141427337825, -0.22358229811163924, -0.6617075065818415, -0.06066619392162118, 0.23664890902120028, -0.4007722197770566, 0.6675212248011536, 0.5357847812510411, 0.035074718059393564], [0.16192359657328312, -0.5384759651172546, -0.33652549359835304, -0.06076860389762492, -0.44746977446808933, -0.38764051650943776, 0.557619675743587, 0.006898303189205562, 0.2815002985911692, 0.6923537956249066, 0.5789956322264713, 0.19612336186287624, 0.33102451364383434, 0.00944486650116753]], "inverted": false, "swapped": false, "error_lsq": 0.052188807555039116, "error_max": 0.31607541837866127, "target": "156.xyz", "model": "5.xyz", "model_rescale": 4.2253639853439635, "target_rescale": 3.994530104041102},
{"mapping": [6, 12, 9, 0, 11, 8, 3, 7, 1, 2, 4, 5, 10, 13], "R": [[0.2899654900090373, -0.4803934937898823, 0.8277331126203482], [0.7746352327663556, -0.3900921556468993, -0.49776336371791163], [0.5620144755794405, 0.7855254300320941, 0.2590164628205333]], "T": [0.06289041950868975, 0.06859420784214249, 0.06724890305776485], "aligned_model": [[-0.5717802286226842, -0.45342631809919504, 0.41472483415492994, 0.20210222955623297, -0.3863418456564567, 0.5061624295524368, -0.37240405813037136, -0.4956099778256558, 0.7559541947767805, -0.14053416239100208, 0.2660329206867574, -0.09803449004701197, 0.4627312617408003, 0.025528864292341025], [0.133189716234316, -0.18069914556587963, -0.11798888518415279, -0.710841175538685, 0.4765021186165919, 0.5384341546659688, -0.31842984651177125, -0.47774294456799776, -0.09471476099605847, 0.332648145412048, -0.20536296753061478, 0.6721529095116952, 0.602085059274762, 0.03958673940621332], [0.14933761616235572, -0.6693742128445027, -0.3953478128327197, -0.05988568863100077, -0.4199423294940988, -0.2913946875430592, 0.47189760475682885, -0.070534398182514, 0.24528981427317018, 0.6495422737653463, 0.6874036438147998, 0.17001725214510827, 0.4722517261466348, 0.1057428888293925]], "inverted": true, "swapped": false, "error_lsq": 0.052941121623394725, "error_max": 0.31755261141454527, "target": "156.xyz", "model": "6.xyz", "model_rescale": 3.89814844738969, "target_rescale": 3.994530104041102},
{"mapping": [2, 5, 4, 3, 0, 12, 8, 7, 10, 9, 11, 6, 13], "R": [[0.7783335600120211, -0.08575870105042803, 0.6219664898956829], [0.12027194597752704, -0.9519162711649434, -0.2817624384161393], [0.6162236025744163, 0.29411028184266724, -0.7305940143093388]], "T": [0.04550207115664762, -0.014990053854427532, -0.08971107590006253], "aligned_model": [[-0.11626955914830056, -0.04789207272644097, 0.5260416801483752, -0.3360095274165777, 0.456421420776735, -0.6330714115703585, -0.45555257856906406, 0.2751730282173981, -0.46231227774066697, -0.3549224211132405, 0.17536126637021338, 0.02457439896742425, 0.09708985470872614], [-0.37352870911682745, 0.39761863337823694, 0.25085716029363253, -0.7333383615134742, 0.16893750278549466, 0.5311765531067901, -0.13465691171809505, -0.4501721632817815, -0.2735707666443419, 0.600297983358729, 0.758988519481489, 0.14228759191636667, 0.07888423342426666], [-0.7145621014603176, -0.6987488501603999, -0.20714105088157655, -0.06888440853858094, 0.3650710596252814, -0.34892402522997534, -0.25639299811896016, 0.1443351334651262, 0.34094330869008427, 0.3454869172733911, -0.003863567703541404, 0.7225935061722328, -0.01763789229646842]], "inverted": true, "swapped": true, "error_lsq": 0.05304012986394316, "error_max": 0.29067300034954197, "target": "156.xyz", "model": "7.xyz", "model_rescale": 3.7474275329858107, "target_rescale": 3.994530104041102},
{"mapping": [11, 10, 0, 6, 12, 1, 9, 7, 3, 4, 5, 13, 2, 14], "R": [[-0.05092035120967138, -0.4772059402689004, -0.8773149995325275], [0.8346035632238087, 0.462118461785498, -0.29980563625643797], [0.5484924886329859, -0.7474764329723581, 0.37474654376540156]], "T": [-0.0025885086377676024, 0.0966803587963024, 0.07032543075487471], "aligned_model": [[-0.6175291706984907, -0.28268075603916526, 0.4370015472722158, 0.27214968599241457, -0.34049355949474025, 0.5024385373413633, -0.4808517259516693, -0.32698441075657725, 0.600094508831632, 0.03326108986177527, 0.09713267769714762, -0.4219676449829688, 0.6317502779305215, 0.011784596984443263], [0.0113614509618932, -0.270374645586127, -0.08742615581695534, -0.6354128702167489, 0.45321647944212384, 0.5337036666301053, -0.23522550880377965, -0.5019957367090475, -0.2519040022512232, 0.6052621945467133, -0.5067968309743882, 0.8780822010778834, 0.5440161057899233, 0.1523127691360635], [0.037943001875462845, -0.5314073308525612, -0.38473347933147617, -0.16525157755098055, -0.30296372001103034, -0.2742904877536102, 0.5616941620612035, 0.05509837315958921, 0.24177997479404553, 0.663861586753555, 0.44300817846975693, 0.21744487056441605, 0.39604698233931623, 0.08677315584805428]], "inverted": false, "swapped": false, "error_lsq": 0.048674371358256266, "error_max": 0.3142131085144211, "target": "156.xyz", "model": "8.xyz", "model_rescale": 4.019505241142653, "target_rescale": 3.994530104041102},
{"mapping": [7, 6, 4, 1, 2, 5, 11, 3, 8, 10, 9, 12, 13], "R": [[0.5594390693603296, 0.5785955887985105, -0.5935108021730974], [-0.22828467674312483, 0.79590869660254, 0.5607276103748888], [0.7968149308575584, -0.17820351089513112, 0.5773469274769838]], "T": [0.0074559358479993, -0.13611595456951509, -0.06390959683934669], "aligned_model": [[-0.356001819381052, -0.7129464753417591, 0.1949092889709624, 0.18865300759038173, 0.4894478547754828, 0.7171925267992875, 0.16864200635743595, -0.23312545678295638, 0.13606309666179528, -0.47434619505073805, -0.2040754428705091, 0.4373667819027853, -0.032078401889939955], [-0.4961262778355664, 0.2712565341314362, 0.028056150830696958, -0.5123022619366608, -0.6552277107294951, 0.07000175616531243, 0.607610894763837, -0.767768629385492, -0.2501694820548435, -0.19157245631326003, 0.6229570350537422, 0.3667576829931455, -0.030095007568793908], [-0.2515285519232844, -0.07290852898073921, -0.5671904491631615, -0.7946457171950451, 0.1443345064089743, -0.003206498452349632, -0.27406539971564114, 0.38901935228344, 0.4495208007150574, 0.46048899203694316, 0.26377791932700834, 0.5591843416715779, -0.1260772729689007]], "inverted": false, "swapped": true, "error_lsq": 0.06208151203379624, "error_max": 0.37399140364292865, "target": "156.xyz", "model": "9.xyz", "model_rescale": 3.877068213659057, "target_rescale": 3.994530104041102},
{"mapping": [4, 13, 10, 9, 3, 12, 7, 2, 11, 1, 8, 5, 0, 15], "R": [[0.3635699625202488, 0.8729110533080623, -0.32533548125839984], [0.7601908315712903, -0.47986365958423627, -0.437996310264567], [-0.5384484951673424, -0.08807474793057302, -0.8380429922318968]], "T": [-0.00569900810789027, 0.012829589501335427, -0.06957650865736893], "aligned_model": [[-0.6514815521613909, -0.43212012052832816, 0.5407385367088434, 0.20662307796062568, -0.3506719839014241, 0.44205192977256047, -0.4369840055170952, -0.38053287428482807, 0.7148112511222826, -0.1962141202112748, 0.2548279187981026, -0.11323930672523828, 0.46755847661011074, 0.04973842634495591], [0.11769315972227007, -0.23661049222840372, -0.23513374199140427, -0.6081658728968191, 0.49365697418824933, 0.5990195791120048, -0.19764176261047003, -0.5313952134422987, 0.007377873460139579, 0.40331616121999286, -0.3378596893644816, 0.733574320278639, 0.4198653640444886, 0.061122457734529324], [0.10379943310295346, -0.6642051124702437, -0.44790305452688656, 0.0006322610802440981, -0.29883621910715924, -0.18830144041540475, 0.5907125419612062, -0.008960548899915391, 0.09008100416297891, 0.6815099308228545, 0.5663996590199982, 0.21319116890244966, 0.4245037146204272, -0.017619647887761408]], "inverted": false, "swapped": false, "error_lsq": 0.04272555304708643, "error_max": 0.24655785360144017, "target": "156.xyz", "model": "10.xyz", "model_rescale": 4.260839863003843, "target_rescale": 3.994530104041102},
{"mapping": [9, 6, 7, 10, 2, 8, 12, 11, 4, 1, 5, 13], "R": [[-0.41060622681607994, 0.8670654876963703, 0.2821346603055313], [0.8473246471630141, 0.47713765066110686, -0.233196493609302], [-0.3368137004486836, 0.14330771914818557, -0.9306016488393997]], "T": [-0.10769827738092731, -0.0477176508693262, 0.021224179420710365], "aligned_model": [[0.480802584295021, 0.2036348129611975, -0.4250184510188795, -0.3774782323852748, -0.61273294811416, -0.3653816708643216, 0.21232054647506976, 0.6767681126463648, 0.22699817010706103, -0.210182268759597, 0.1413032295037357, 0.00786476424791338], [-0.04422299138125183, -0.6692583388916861, -0.4761149725683971, -0.2400182948737804, 0.44654186625848374, 0.2940788498968224, 0.6460197997699509, 0.04109747290271611, -0.10128606367593113, -0.24047633377720037, 0.6219874397334069, -0.10526992786019931], [-0.5968138122684306, -0.42796602457846816, 0.1338895563760955, -0.611580557550329, 0.23524834375397677, -0.31033758385154003, -0.4709826765640886, 0.02185182189265905, 0.46898702880938786, 0.8340371443306942, 0.21969016279684395, 0.020154674248703888]], "inverted": false, "swapped": true, "error_lsq": 0.050485224069614865, "error_max": 0.33617897383677026, "target": "156.xyz", "model": "11.xyz", "model_rescale": 3.890672605050136, "target_rescale": 3.994530104041102},
{"mapping": [12, 5, 8, 3, 9, 6, 10, 7, 0, 2, 4, 11, 1, 13], "R": [[0.31742212666611835, -0.4274856232361296, -0.8464627785255396], [-0.6499231300644356, 0.5519359832518722, -0.5224620516353662], [0.6905382817121768, 0.715976754034799, -0.10263610072380705]], "T": [0.060631439099379125, 0.15860139020267258, 0.028368981180593764], "aligned_model": [[-0.6107038890345564, -0.37941681361823093, 0.4421152915868564, 0.4766626438077064, -0.4603682276816066, 0.33980762816711224, -0.6242986198798899, -0.24647721495738067, 0.5880227218551748, -0.038100914434427535, 0.054337421678417874, -0.1199653093313171, 0.707741411922588, -0.014250476092544928], [-0.16370524135420925, -0.06840058188332837, -0.16469960073962578, -0.6631598786130243, 0.568629364969294, 0.5662905032526546, 0.1744797381964069, -0.6003669082578411, -0.05135859329805345, 0.2809779738283693, -0.25519143344616635, 0.6006944696694607, 0.45352210271983884, 0.011107202182660453], [0.052021871042726375, -0.5714641804437904, -0.49041573851069914, 0.09684970682941497, -0.37937704656742266, -0.2681248408455889, 0.6029637921684817, -0.20957127773285533, 0.19106434051449417, 0.7217952770567064, 0.5938713492274189, 0.30168324615606873, 0.3439141392663282, 0.05979305220445788]], "inverted": false, "swapped": false, "error_lsq": 0.04863468270266385, "error_max": 0.29568225150863287, "target": "156.xyz", "model": "12.xyz", "model_rescale": 4.124412569039231, "target_rescale": 3.994530104041102},
{"mapping": [7, 6, 11, 3, 4, 1, 10, 2, 9, 8, 5, 12, 13], "R": [[0.08831240552639236, -0.9191074174404864, 0.38398238792426603], [0.0007431262860365107, -0.38542765868565226, -0.9227377567236639], [0.9960925493112902, 0.08177453837213533, -0.03335503081334412]], "T": [0.09396963124933899, 0.020489875560976978, 0.0542785151123607], "aligned_model": [[-0.27176386953512505, -0.1951133736060474, 0.7031741083551897, -0.6221817301941848, 0.5445922569967894, 0.3539980041393609, -0.5170381455984058, 0.06295373500971493, 0.2014955285719195, -0.1099045618408811, 0.6809693255005277, 0.3850218581138434, 0.151095171597056], [-0.24508832057647906, 0.5863091557999396, 0.48377800375503427, -0.21208614958037827, -0.13836300121046466, -0.6871851706284302, 0.37443073772911, -0.46759907437781906, 0.8668559273771945, 0.12262157391393594, -0.01217521133185584, 0.584061027440925, 0.09192587819776542], [0.3586090478253498, 0.5846486856458786, 0.2479536363251828, -0.25401478852548204, 0.34938505318001617, 0.4283173747834227, -0.05341530856809543, -0.49886344041143615, 0.0747510271081971, -0.4368051963469559, -0.39767254021863224, -0.5965881725634039, 0.14539270273379765]], "inverted": true, "swapped": true, "error_lsq": 0.05625241265016063, "error_max": 0.342336667938398, "target": "156.xyz", "model": "13.xyz", "model_rescale": 3.9028299243045295, "target_rescale": 3.994530104041102},
{"mapping": [6, 11, 13, 10, 1, 12, 3, 9, 5, 0, 4, 2, 8, 15], "R": [[-0.9245384774814345, 0.24822811529076452, -0.28915637021429463], [-0.32522005062258175, -0.1184124749819146, 0.9381952912063154], [0.1986467274569522, 0.9614370954710727, 0.1902056495553982]], "T": [-0.009489174239974444, 0.027309851043716925, 0.07986301451686198], "aligned_model": [[-0.6751705362282134, -0.19712223983669874, 0.6569764795262739, 0.2587374363142253, -0.4322804806241945, 0.3527781402300339, -0.36768427139663595, -0.480765578528238, 0.4951063257715218, 0.11047291588658888, 0.2166698159917884, -0.22075627157254174, 0.4745974628441442, -0.07645354439015205], [-0.004556762065997855, 0.039238201784891985, -0.1625385725132802, -0.6676627595859688, 0.36274149112107407, 0.3655414396956173, -0.028626076341343776, -0.47070525453955026, 0.019508004261878525, 0.31355373668724673, -0.3138507241884582, 0.7028859609069167, 0.5939554246478385, -0.060664992644428206], [0.06370425467472277, -0.6346355757415773, -0.31056298387218517, 0.05936526063652091, -0.2819820929859824, -0.4086060983916062, 0.5870679924485203, -0.28169605650151897, 0.16602766045760456, 0.8485566752874507, 0.6200711659985934, 0.28262618405847706, 0.2825452319634567, 0.052522072333264724]], "inverted": true, "swapped": false, "error_lsq": 0.047351003569902975, "error_max": 0.28152534713171207, "target": "156.xyz", "model": "14.xyz", "model_rescale": 3.942246331269136, "target_rescale": 3.994530104041102},
{"mapping": [0, 9, 10, 3, 6, 11, 1, 5, 4, 12, 3, 8, 13, 14], "R": [[0.6289852801208176, -0.34394562841390397, 0.6971936044502283], [-0.5958847318319276, 0.36268043425698204, 0.7165084011906341], [-0.49929841153455373, -0.8661202614545694, 0.023168705983284597]], "T": [-0.031512734756802344, 0.07303878650147241, -0.01926816842349488], "aligned_model": [[-0.6978578985452485, -0.29469016781587254, 0.40427288718603216, 0.1999623967469284, -0.11053774964826481, 0.3939648611672245, -0.32355847340398175, -0.3267100359370379, 0.5378176399698766, 0.04938110887715021, 0.1999623967469284, -0.3079003626590376, 0.501095231576466, -0.11009618027326144], [0.2634546763847915, -0.177714756755481, -0.12277260235417323, -0.45592615700000005, 0.41678358951692185, 0.6113457944871284, -0.31816303760472464, -0.4860330061412057, -0.06328993243836528, 0.1490482235546148, -0.45592615700000005, 0.7954376142328893, 0.4585076678704687, 0.07406720047357165], [0.22658421501817544, -0.7376153027568083, -0.5491259868479115, 0.4087076282548467, -0.4533003639570692, -0.22736767629603002, 0.6275021579943347, 0.03620112250690845, 0.011413776241187473, 0.7905188466018996, 0.4087076282548467, 0.00503695701624627, 0.4589288016628816, 0.03881188667223319]], "inverted": false, "swapped": false, "error_lsq": 0.061008950479994536, "error_max": 0.47835859604719116, "target": "156.xyz", "model": "15.xyz", "model_rescale": 4.355366556412066, "target_rescale": 3.994530104041102},
{"mapping": [11, 0, 4, 8, 5, 9, 2, 10, 1, 6, 7, 13], "R": [[-0.8326741837766565, -0.4498505446681127, -0.3229368222016208], [0.4608208296153269, -0.8862801106397311, 0.046386727380446094], [-0.30707957708796063, -0.11019098396070498, 0.9452830689212892]], "T": [-0.04529476604349979, 0.09692993456753875, -0.10825320931059766], "aligned_model": [[-0.2292536087724485, 0.3968525323783716, 0.18463010719850437, -0.46944259587609555, -0.5432795022981453, -0.44942778188213883, -0.282005984820256, -0.17210734113635712, 0.5516645384938341, 0.20446181316714263, 0.4190322411427746, -0.013315862963405575], [-0.6481140499817923, -0.2516924921430395, -0.3626028787148476, 0.4334462075072116, -0.2318047828545453, -0.25801121300726987, 0.48297342415657774, 0.5659827128877412, -0.062412095157634365, -0.024121856980472742, 0.3785273942865941, -0.009393942257542393], [0.07706986668602388, 0.19585042248190132, -0.3348519786933765, -0.10448511000239578, -0.5485259581678457, 0.5543248791264274, -0.6914316167330037, 0.4153025746208563, -0.6797193067655602, 0.6714782023191536, -0.0633851128692639, -0.04236840079349556]], "inverted": false, "swapped": true, "error_lsq": 0.04506442378005487, "error_max": 0.32589490690098566, "target": "156.xyz", "model": "16.xyz", "model_rescale": 3.795458400668931, "target_rescale": 3.994530104041102},
{"mapping": [2, 5, 4, 3, 0, 12, 8, 7, 10, 9, 11, 6, 13], "R": [[0.7783335600120211, -0.08575870105042803, 0.6219664898956829], [0.12027194597752704, -0.9519162711649434, -0.2817624384161393], [0.6162236025744163, 0.29411028184266724, -0.7305940143093388]], "T": [0.04550207115664762, -0.014990053854427532, -0.08971107590006253], "aligned_model": [[-0.11626955914830056, -0.04789207272644097, 0.5260416801483752, -0.3360095274165777, 0.456421420776735, -0.6330714115703585, -0.45555257856906406, 0.2751730282173981, -0.46231227774066697, -0.3549224211132405, 0.17536126637021338, 0.02457439896742425, 0.09708985470872614], [-0.37352870911682745, 0.39761863337823694, 0.25085716029363253, -0.7333383615134742, 0.16893750278549466, 0.5311765531067901, -0.13465691171809505, -0.4501721632817815, -0.2735707666443419, 0.600297983358729, 0.758988519481489, 0.14228759191636667, 0.07888423342426666], [-0.7145621014603176, -0.6987488501603999, -0.20714105088157655, -0.06888440853858094, 0.3650710596252814, -0.34892402522997534, -0.25639299811896016, 0.1443351334651262, 0.34094330869008427, 0.3454869172733911, -0.003863567703541404, 0.7225935061722328, -0.01763789229646842]], "inverted": true, "swapped": true, "error_lsq": 0.05304012986394316, "error_max": 0.29067300034954197, "target": "156.xyz", "model": "17.xyz", "model_rescale": 3.7474275329858107, "target_rescale": 3.994530104041102},
{"mapping": [4, 0, 1, 3, 6, 2, 5, 8, 11, 12, 10, 9, 7, 13], "R": [[0.17287967011341776, -0.8651570359312224, 0.47076100395017606], [-0.6953592139847027, -0.4457080244675534, -0.5637551954987267], [0.6975587309955001, -0.2298861894588987, -0.6786487727153235]], "T": [0.06379088402259117, 0.035879817992635565, 0.09007114743882402], "aligned_model": [[-0.7549343011707232, -0.21439240693749737, 0.5709523404339409, 0.3096882145583978, -0.404072190544179, 0.1571935122267989, -0.430999171123866, -0.3552304218371315, 0.6898982228795053, 0.10519737581812535, 0.03594735559248585, -0.2459324208358827, 0.6103652728921037, 0.041424272035823696], [0.05617675634604971, -0.08964843900731978, -0.08691379076377129, -0.5858450736272487, 0.5561508062388492, 0.48705033214524834, -0.03667936563085061, -0.538135058718642, -0.18494800251590138, 0.34549647952401247, -0.4374425079317403, 0.6027937208196035, 0.5238657538319691, 0.07689750651617797], [-0.045954318721952464, -0.6883882953750177, -0.364051527164607, -0.026470018184494154, -0.23461493742865072, -0.44988611014134416, 0.6126971158620864, -0.018476159153506755, 0.37460820253888816, 0.7695267741377652, 0.591698583061675, 0.26443934139952086, 0.26484370218134057, -0.004968662645961935]], "inverted": true, "swapped": false, "error_lsq": 0.0505218526720577, "error_max": 0.3101742788967545, "target": "156.xyz", "model": "18.xyz", "model_rescale": 3.922800546911778, "target_rescale": 3.994530104041102},
{"mapping": [7, 12, 5, 0, 13, 8, 9, 3, 1, 10, 2, 4, 6, 14], "R": [[0.6015738936809447, 0.4277740995372329, 0.6746244660599385], [-0.09279552464072816, 0.8762343795013487, -0.47286605163252965], [-0.7934089998532909, 0.2218617406066124, 0.5668152494480057]], "T": [0.03338712386619317, 0.1120672999301511, 0.04047788442614565], "aligned_model": [[-0.7352064216801544, -0.2870641939602176, 0.4061479127500775, 0.2877207845214019, -0.37556211614217294, 0.3539444077871981, -0.4304329261076228, -0.23065241334929773, 0.7190625878463531, -0.05927164880027321, 0.07906423222538292, -0.04507718016501668, 0.48942510388982424, -0.05699247482758046], [-0.0841237931506165, -0.11322038484699093, -0.2474281941198981, -0.6824316892173126, 0.5660506297788184, 0.4701238425172013, -0.23182779445234333, -0.4608345274282265, -0.060649687617012116, 0.3868714187096596, -0.27152480234262166, 0.7923253842955291, 0.5470845513859806, 0.07840416371426931], [-0.0543062693070792, -0.6415561737832557, -0.5201878842935883, -0.00980512441637986, -0.27332683532211005, -0.33824258512549477, 0.6143683889798676, -0.06542708515303065, 0.2595692449223349, 0.7931382961744106, 0.6437188509011386, 0.27491216250981027, 0.3207583218899356, 0.04139038238918198]], "inverted": true, "swapped": false, "error_lsq": 0.046066462391647835, "error_max": 0.2683515040950922, "target": "156.xyz", "model": "19.xyz", "model_rescale": 3.9282355846067225, "target_rescale": 3.994530104041102},
{"mapping": [11, 8, 6, 3, 9, 7, 0, 4, 5, 10, 1, 10, 2, 13], "R": [[0.6209245301044763, -0.12101498530541718, -0.7744727892224912], [0.7707562494027863, -0.08571449082086237, 0.6313381265770908], [-0.14278491489329515, -0.9889430718675623, 0.040050826259448224]], "T": [0.045181876072943064, 0.06713086173699426, -0.08971317037365166], "aligned_model": [[-0.6370489124255186, -0.34367047382176447, 0.4585474079675769, 0.19819126357081623, -0.44626984976977124, 0.4470417201755231, -0.3389236981060972, -0.34053959174720777, 0.6835382032902994, -0.20032240583555921, 0.25691755890287377, -0.20032240583555921, 0.5380257305080234, 0.039941107114266544], [0.05645295711270579, -0.1022777935555346, -0.2523288398412591, -0.6208202896591778, 0.45626638899951044, 0.5020182386048297, -0.3062935362274971, -0.4289862341792098, -0.1695233296808193, 0.6133860299261296, -0.14651122166997058, 0.6133860299261296, 0.41692993432073155, 0.05712078314986748], [0.12894250621297726, -0.7211529035402675, -0.48203764089016693, 0.17423078157782634, -0.38207179916049977, -0.28330917115488186, 0.504605023093691, -0.15645612012980645, 0.0658057848522005, 0.5296149234366611, 0.5966000650521903, 0.5296149234366611, 0.47016338238151467, 0.07045393519764127]], "inverted": false, "swapped": false, "error_lsq": 0.05663544463397278, "error_max": 0.35035677611442606, "target": "156.xyz", "model": "20.xyz", "model_rescale": 4.067790424073018, "target_rescale": 3.994530104041102},
{"mapping": [8, 1, 10, 13, 7, 12, 4, 5, 11, 2, 6, 0, 3, 14], "R": [[-0.4518593120515365, 0.5962206109220244, -0.6635843165898967], [-0.6528368232688352, 0.28594273403833337, 0.7014562246034591], [0.6079697725188051, 0.7501718042971562, 0.2600288825130418]], "T": [0.004265940119010469, 0.04523501374255182, 0.08169859123534566], "aligned_model": [[-0.5618170565603765, -0.3352578927409816, 0.417099702649836, 0.2439885181210952, -0.4402781435044161, 0.5494286664686209, -0.5279311039168649, -0.34031686881341827, 0.6406105541620603, -0.12421089691518661, 0.22015017064828804, -0.23611588254168583, 0.5600287914702373, 0.04972709546069393], [0.055204389516943154, -0.19416227673500025, -0.21547890607776896, -0.559302476758425, 0.4189213124913013, 0.4923248150814337, -0.16867604360023647, -0.434059044635457, -0.0683801337333034, 0.37801178436201177, -0.26008488393213075, 0.7044545471528931, 0.5039665076652801, 0.03607952642889493], [0.0137386828907375, -0.6259154317396696, -0.5762401278565115, -0.17751370255492455, -0.3867062177191038, -0.21817167777361451, 0.6415922066679968, 0.07924619451766339, 0.09546029249608017, 0.7347493203680093, 0.7202365006722674, 0.191717751500875, 0.5338468923404099, 0.018963006555525866]], "inverted": true, "swapped": false, "error_lsq": 0.04617057913782147, "error_max": 0.30740416273671267, "target": "156.xyz", "model": "21.xyz", "model_rescale": 4.186013935880536, "target_rescale": 3.994530104041102},
{"mapping": [5, 12, 8, 1, 0, 2, 4, 11, 3, 10, 6, 7, 13], "R": [[0.2889169389993025, -0.6072495549057861, -0.7401182205742527], [0.35294709119634504, -0.6510690661106504, 0.6719653428338731], [-0.8899187340287384, -0.45536474305827684, 0.026222082376448852]], "T": [0.031012530354819004, -0.043408982744940955, 0.026566288243119778], "aligned_model": [[0.00397628977357449, -0.4019919376002066, 0.1274526535578465, 0.5039230834167528, -0.2903577717356298, 0.6333508536509092, -0.035785599585647074, -0.6272430891843837, 0.5398077755874557, -0.08235204971058106, -0.5407816092862662, 0.3041366645803792, -0.07556122804097831], [-0.45177579600071205, 0.08570824405483718, 0.3107162305815033, -0.6384340119741383, -0.22651156003564818, -0.043289409368176296, -0.5833954085999237, -0.46669163256010304, 0.5915210136678131, 0.6591820729127507, 0.2755431148787636, 0.09928792445244303, -0.09290412246331625], [-0.5918195079181949, -0.761968530008186, -0.3714957898306283, 0.38798656665108217, 0.5487783370322243, -0.40045521218005103, 0.1656185296244943, -0.07739223684589394, 0.02722894943966425, 0.08753248737073445, 0.5328606499257873, 0.4759554792356222, 0.08004983883869106]], "inverted": false, "swapped": true, "error_lsq": 0.051486908315886495, "error_max": 0.34667097309587247, "target": "156.xyz", "model": "22.xyz", "model_rescale": 4.166573947596378, "target_rescale": 3.994530104041102},
{"mapping": [7, 13, 12, 6, 10, 9, 0, 5, 2, 4, 1, 8, 3, 15], "R": [[0.9088266077312483, -0.18087990645213992, -0.37592107751704584], [0.04127482972359627, -0.8577047363927133, 0.5124831446992129], [-0.41512719196771464, -0.48127439638045505, -0.7720390986715822]], "T": [0.14115168694519462, 0.13158394965320522, -0.014436733454457465], "aligned_model": [[-0.572706759757403, -0.39181458371425093, 0.5663055445982795, 0.3814271903830635, -0.4294334713100998, 0.27524673437199976, -0.41323228827551395, -0.42047299756495093, 0.5525446688324485, 0.10414191746213239, 0.017290938381520488, -0.19900859572416643, 0.5275146177301402, 0.11730273857470269], [0.09336976875474774, -0.21026095280731774, -0.11134041461111122, -0.5900004080942205, 0.2835270504025621, 0.6696883501276009, -0.005799193806831138, -0.4801410686081794, -0.15856649623832578, 0.29423774058185637, -0.3955660406127488, 0.7716454541945394, 0.4532698571524839, 0.07475547079137995], [0.003878345028319616, -0.5764884711947321, -0.44988283321732697, 0.01185640383985763, -0.47518298077236015, -0.244461381541979, 0.5691213551275947, -0.05228111194497515, 0.4320806485050258, 0.7011242594901992, 0.44910448757663085, 0.34429909235580364, 0.31521234457807273, 0.016623532535610476]], "inverted": false, "swapped": false, "error_lsq": 0.04763027242238007, "error_max": 0.284213988626275, "target": "156.xyz", "model": "23.xyz", "model_rescale": 4.274766983524099, "target_rescale": 3.994530104041102},
{"mapping": [6, 8, 3, 7, 2, 1, 0, 4, 11, 5, 13], "R": [[0.011798513099772645, 0.7357719258449039, 0.6771266264349055], [0.9970239345371917, 0.04293731115996391, -0.06402859728535631], [-0.07618444098772659, 0.6758668955118559, -0.733075623999703]], "T": [-0.025943621172833636, 0.13673734364875598, -0.021369921585696332], "aligned_model": [[0.3418454086371334, 0.006408922437570949, -0.5193544665743748, -0.4340607157190618, -0.4549071270606304, -0.5792747947665554, 0.1100669599365533, 0.0022989828858378802, 0.6382929489383106, 0.21040670879422124, 0.058171876449070264], [-0.4105300555534588, 0.6276928117555313, 0.4719047453585261, -0.14695042725052762, 0.7110672707051215, -0.2124604875616878, -0.4885525940175126, -0.16194841248000427, -0.09136926272291201, 0.5754604374813003, 0.04127250552910754], [-0.5216124454678596, -0.24736731833021558, -0.5747393203666176, -0.2446892686705315, 0.15553196460117802, 0.5079780558907058, -0.016423765874383885, 0.4533637200557424, 0.3392312324401214, 0.5277712021975881, 0.0005223775458499183]], "inverted": false, "swapped": true, "error_lsq": 0.052670412297002624, "error_max": 0.26758434990772856, "target": "156.xyz", "model": "24.xyz", "model_rescale": 3.7841303162186577, "target_rescale": 3.994530104041102},
{"mapping": [8, 10, 13, 11, 9, 12, 1, 7, 3, 4, 6, 2, 5, 15], "R": [[0.2613085020467306, -0.09741850032489169, 0.9603267686327104], [-0.9266950696825872, -0.3037128165188031, 0.2213476291000229], [0.27010019360244675, -0.9477700991678653, -0.16963998508387057]], "T": [-0.12031088588055422, -0.0015472730947221, 0.0016834451628201103], "aligned_model": [[-0.5956109427259519, -0.42317268737882624, 0.5724120704267626, 0.30476211979249074, -0.22277056784315058, 0.3644841562548122, -0.5828663629551456, -0.3347201941177781, 0.6142360389195167, 0.06249517675983729, 0.1731713128247267, -0.16803259483006813, 0.4308195854789129, -0.08010145661823631], [0.2894505788701852, -0.30103098911925164, -0.06438848202452768, -0.6121587222230456, 0.4323756067571904, 0.5249031609330432, 0.023854079363058812, -0.6145324643814633, -0.04217414000879501, 0.20041288165997467, -0.43045652375922105, 0.7213461346792018, 0.5983202459021746, -0.037102249422088215], [0.19883285488406344, -0.6493459998752358, -0.3563471199236436, -0.18777411526742138, -0.376937283851414, -0.2493058256458775, 0.5834339034564228, -0.03123104867578899, 0.33000060978364276, 0.696304480124857, 0.5036112347706093, 0.2113040248279932, 0.32688016814028625, 0.04557780761724775]], "inverted": false, "swapped": false, "error_lsq": 0.048908003643214217, "error_max": 0.27039741417251895, "target": "156.xyz", "model": "25.xyz", "model_rescale": 4.19342608120988, "target_rescale": 3.994530104041102},
{"mapping": [11, 0, 4, 8, 5, 9, 2, 10, 1, 6, 7, 13], "R": [[-0.8326741837766565, -0.4498505446681127, -0.3229368222016208], [0.4608208296153269, -0.8862801106397311, 0.046386727380446094], [-0.30707957708796063, -0.11019098396070498, 0.9452830689212892]], "T": [-0.04529476604349979, 0.09692993456753875, -0.10825320931059766], "aligned_model": [[-0.2292536087724485, 0.3968525323783716, 0.18463010719850437, -0.46944259587609555, -0.5432795022981453, -0.44942778188213883, -0.282005984820256, -0.17210734113635712, 0.5516645384938341, 0.20446181316714263, 0.4190322411427746, -0.013315862963405575], [-0.6481140499817923, -0.2516924921430395, -0.3626028787148476, 0.4334462075072116, -0.2318047828545453, -0.25801121300726987, 0.48297342415657774, 0.5659827128877412, -0.062412095157634365, -0.024121856980472742, 0.3785273942865941, -0.009393942257542393], [0.07706986668602388, 0.19585042248190132, -0.3348519786933765, -0.10448511000239578, -0.5485259581678457, 0.5543248791264274, -0.6914316167330037, 0.4153025746208563, -0.6797193067655602, 0.6714782023191536, -0.0633851128692639, -0.04236840079349556]], "inverted": false, "swapped": true, "error_lsq": 0.04506442378005487, "error_max": 0.32589490690098566, "target": "156.xyz", "model": "26.xyz", "model_rescale": 3.795458400668931, "target_rescale": 3.994530104041102},
{"mapping": [8, 10, 3, 2, 1, 11, 9, 5, 6, 7, 4, 0, 13], "R": [[-0.02100061231557465, 0.9683736662651938, -0.24861901931766633], [0.8162796559645917, 0.16019243104395625, 0.5550008182827801], [0.5772750622889395, -0.19128729053529553, -0.7938278622843663]], "T": [-0.10055975717189657, -0.06941884411789595, -0.11939597473177649], "aligned_model": [[0.053358624537891794, 0.4446440518494821, 0.6194727705830823, -0.03654601016589712, -0.2306098449031807, -0.7558129686187132, -0.327107966140488, -0.7055237103260605, 0.13878239726340724, 0.31900930648747006, -0.5029932644670123, -0.15582299216972897, -0.16117401110899615], [-0.5527311459567322, -0.44359667960039556, -0.2838979973882635, -0.24065831474915578, 0.6742376865715791, -0.09452621416624554, -0.5232335294457124, -0.3347392693225652, -0.005293189350085659, 0.2781683859574972, 0.3221652645979233, 0.3548843124483642, -0.028897806339293786], [-0.3088085739441601, 0.15068984681736292, -0.4317435260637855, -0.8347547069247732, -0.49139830442208843, 0.32025034458189233, 0.566930898123539, -0.45632192018686263, 0.6702977588694068, -0.12679619834829284, -0.10980357608724264, 0.3564439720593708, -0.012849352374940573]], "inverted": true, "swapped": true, "error_lsq": 0.04859448528762787, "error_max": 0.3405408873159354, "target": "156.xyz", "model": "27.xyz", "model_rescale": 3.6321398670334006, "target_rescale": 3.994530104041102},
