[{"mapping": [7, 1, 8, 12, 10, 11, 13, 9, 14, 6, 2, 4, 3, 15], "R": [[-0.5075789677635191, -0.674494245067173, -0.5361166895885496], [0.6800160347987286, 0.06849355488248704, -0.7299909762155794], [0.5290952503101263, -0.7350960116276135, 0.42390101413943415]], "T": [0.05155956172426777, 0.10918584838121523, 0.11436450824180824], "aligned_model": [[0.013652288388813001, 0.3600810581409531, -0.498637676034527, -0.5123464125936834, -0.6119781081894985, -0.08442523488238707, -0.6659963366521668, -0.05588967247156416, -0.26404019765203135, 0.1579770576224303, 0.6857565881814881, 0.24029782111881015, 0.5731300773931375, 0.033910848758529746], [-0.5669936850477583, -0.32717836380304, -0.3928048004758369, -0.3300376219811869, 0.19240028563740444, 0.03876345814466789, 0.20093370834545726, 0.4918706797119482, 0.6292177170483323, -0.1994845695975276, 0.5012542283910518, 0.8617121259294201, -0.008951835324906399, 0.1445720048320086], [0.14114805992234677, -0.29197221002758167, 0.47402275813812356, -0.3362471049507407, 0.6340055261028228, -0.5850460058964412, 0.018529414826230606, 0.590681591868201, -0.02285488408791908, 0.5637433836471171, 0.49608616812801354, 0.0029148304049558815, 0.16320250773241735, 0.04937405137228765]], "inverted": false, "swapped": true, "error_lsq": 0.04616185175455717, "error_max": 0.2923228252717125, "target": "157.xyz", "model": "0.xyz", "model_rescale": 3.8414455957264533, "target_rescale": 4.102946625812603},
{"mapping": [9, 4, 13, 14, 14, 11, 12, 10, 5, 8, 1, 2, 3, 6, 15], "R": [[-0.870248176857537, 0.2576999412433762, 0.4198319318004458], [-0.2978200800174779, -0.9540956793193025, -0.031695972025199866], [0.3923917820425356, -0.15261774139135875, 0.9070482425968776]], "T": [0.01613132141181712, 0.08180215888938133, -0.10806389413599549], "aligned_model": [[-0.550243758116415, -0.5858706111912432, -0.050165045229897724, -0.3905713396257411, -0.3905713396257411, 0.402381949407147, 0.591414062650669, -0.33078727632995736, 0.5735273211631227, 0.2648988213620497, 0.6053628844167024, -0.48210633146195686, 0.11945235823484154, 0.08043843669062323, 0.014884021160341765], [0.15354083852056283, -0.008275628653827222, -0.5739113035469985, -0.37441019014359855, -0.37441019014359855, -0.38226677465781145, -0.5074005780900395, -0.2015646373605006, 0.6739822341214088, -0.051192885358416235, 0.22352283929433256, 0.7030648850036049, 0.5599698684648139, 0.48204649834172597, 0.024349552251355905], [0.13471957595292527, -0.6018438299204283, 0.20519821525900395, -0.23187323253141212, -0.23187323253141212, -0.49287127781190276, 0.08127160993371862, 0.6106741768815656, 0.0027685488055479435, 0.6694274034808008, -0.3969067267365153, -0.3677305554480582, -0.32955400721101075, 0.2716893779892384, -0.15791425877252585]], "inverted": false, "swapped": true, "error_lsq": 0.051297335308045026, "error_max": 0.3847112485799487, "target": "157.xyz", "model": "1.xyz", "model_rescale": 4.316132596720782, "target_rescale": 4.102946625812603},
{"mapping": [9, 14, 10, 3, 6, 2, 7, 0, 13, 4, 11, 15], "R": [[-0.30261994743113857, -0.9446702457165836, 0.1265673507447495], [0.9308344854855652, -0.26438671577515954, 0.2522832240804934], [-0.20486172909452466, 0.19415919081875704, 0.9593403361544885]], "T": [-0.04712201067422335, 0.07628401008611226, -0.14873380262902708], "aligned_model": [[-0.11063020494909027, 0.450422863046045, 0.15723352006446123, -0.4957624936225641, -0.5002820911541103, -0.5877600508083568, -0.2808398684311752, -0.20441671607095796, 0.5612568843399104, 0.155041914011872, 0.4368552723782991, 0.01668952582744755], [-0.5127774040079689, -0.17429256884309996, -0.6569662315689648, 0.31236103560534956, -0.10178710865455363, -0.12326844033428509, 0.3299828005541567, 0.5046603739435596, -0.19527644002208017, -0.0783241399864373, 0.6034110426135618, 0.10505350844174255], [0.03523451502290317, 0.13149109081540905, -0.5199703439007172, 0.028373002442522693, -0.41609143232912965, 0.45915125039344634, -0.7321598631723742, 0.6077383679005162, -0.4464224726707675, 0.5925927294311955, -0.17174089522709135, -0.11893748749649169]], "inverted": true, "swapped": true, "error_lsq": 0.04357366279731382, "error_max": 0.22637840873780263, "target": "157.xyz", "model": "2.xyz", "model_rescale": 3.795458400668931, "target_rescale": 4.102946625812603},
{"mapping": [4, 3, 1, 8, 14, 13, 7, 9, 6, 10, 11, 15], "R": [[0.9279572240354589, -0.271409759260564, 0.25540582009525176], [0.27716243482790204, 0.9607222792755438, 0.013917141368592244], [-0.24915130961059456, 0.05787438709590917, 0.9667337690582649]], "T": [-0.016438725140986148, -0.06523870688337201, -0.018649469585014157], "aligned_model": [[0.13492019783748493, -0.24935680321977688, -0.6579735475510105, 0.2907615405024923, 0.22957609868575418, 0.2509674566869878, -0.26698643643476755, 0.5726959086803636, 0.1658004716259399, 0.7159970301672189, -0.5473205081475593, -0.04577758308956202], [0.029911408541233434, -0.5363644692252819, -0.19241133966584356, 0.051117577892384095, 0.3889493168919498, 0.5814987947555547, -0.21495663797778986, -0.1499994419349866, -0.47412601205950883, 0.19563353500044584, 0.4130818595240259, -0.00656554645247355], [-0.7817850352738758, -0.12895427583850216, 0.13290567267953332, 0.7403991984709752, -0.36801383481950206, 0.18802186400246415, 0.5930559063230549, -0.19359798555456595, 0.3102023676555425, 0.31708436422786745, -0.0633732156868336, -0.057173595547057594]], "inverted": false, "swapped": true, "error_lsq": 0.04824278712971106, "error_max": 0.27304889315292286, "target": "157.xyz", "model": "3.xyz", "model_rescale": 3.7530521520055578, "target_rescale": 4.102946625812603},
{"mapping": [9, 8, 13, 12, 14, 1, 4, 3, 0, 11, 15], "R": [[-0.06766548245951845, -0.9968461432542407, -0.041462623682862104], [0.9848200259088339, -0.060075562799478316, -0.16285098502388606], [0.15984648589332398, -0.05185261260025354, 0.9857790865676161]], "T": [-0.19929118889402217, -0.04782484154428163, -0.06048681691869734], "aligned_model": [[-0.4124222301705124, -0.08476067561642334, 0.3965843643691547, 0.48100354522084887, 0.16768445660565337, -0.18478504987861788, -0.19792126908977162, -0.6225924329643172, -0.43438875985366265, 0.3690961638663519, -0.13929851004349927], [-0.6243460625083896, -0.03719247678945123, -0.33920852247939776, 0.31051859328261866, -0.505098685125109, 0.6108900741019796, -0.5126305683646034, 0.21466453632131643, 0.09564064160167718, 0.30386801442491096, -0.04990218615120555], [-0.14456667917302873, -0.8795322265535368, -0.36465186708194025, -0.4108396222231458, 0.15186906777971296, 0.06832700173566394, 0.5706175478931297, 0.14024396945214004, 0.7789444581228189, 0.19617287513324716, -0.013753747839744708]], "inverted": true, "swapped": true, "error_lsq": 0.04404220179248052, "error_max": 0.2054101342609026, "target": "157.xyz", "model": "4.xyz", "model_rescale": 3.7855080009869324, "target_rescale": 4.102946625812603},
{"mapping": [15, 10, 13, 8, 14, 7, 6, 7, 4, 12, 1, 3, 5, 0, 2, 16], "R": [[0.150812149422475, 0.9334861500048451, -0.32536026698984744], [-0.08420123055966433, 0.34005842368586936, 0.9366271516737703], [0.9849699733285331, -0.1138590190956057, 0.12988562434609607]], "T": [0.03484582096889738, -0.03289185800116963, -0.02961684148258309], "aligned_model": [[-0.3283204818862573, -0.6579150452834015, 0.17457764431658374, -0.44845149301308196, 0.32627601252132277, -0.5077535795812802, -0.014421107081237922, -0.5077535795812802, 0.08540096514787789, 0.6546956247662146, 0.6594896541287827, -0.07967497863490687, -0.36474833247758526, 0.2644721036570965, 0.425995767099915, 0.0516145390159686], [-0.2538696072301405, 0.14153925342909085, -0.7016666760945804, -0.5112156497893687, 0.04383868270822458, -0.11777945334588362, -0.5304702483188984, -0.11777945334588362, -0.006102856471438656, -0.24479534558779387, 0.12985148348735576, 0.6449061018589425, 0.5183381346118332, 0.5289312207789889, 0.5411420031267455, -0.01258704133272025], [-0.7357309806287071, -0.17321504352165115, -0.2706207814990372, -0.21111045148244983, -0.6353216095891498, 0.48003937456416396, 0.3899848546010756, 0.48003937456416396, 0.7077618337307907, -0.2138677456627409, 0.36590638853791063, -0.12907294972544175, 0.4080739767836456, 0.46038365011849297, -0.28115716329793505, -0.07644927373741739]], "inverted": true, "swapped": false, "error_lsq": 0.04797218393512586, "error_max": 0.3766169122390005, "target": "157.xyz", "model": "5.xyz", "model_rescale": 4.2253639853439635, "target_rescale": 4.102946625812603},
{"mapping": [12, 11, 3, 7, 1, 2, 6, 8, 4, 14, 0, 9, 10, 15], "R": [[-0.3819300315265463, -0.4986624979164437, -0.7781164207172759], [-0.7587731715155978, -0.3114815111818757, 0.5720511711202214], [-0.5276293445272857, 0.8088973861767563, -0.25940758167431993]], "T": [0.03139869997731528, -0.03786075659856193, 0.031055185266922206], "aligned_model": [[0.6115228088412367, 0.06387959508744159, -0.4222569207015904, 0.2571103334748067, -0.20844786134110976, -0.6137808818149699, 0.08951051534856205, 0.7497265877642498, -0.3721352053054335, 0.16513320948695606, -0.804039966647828, 0.1070438990152435, 0.7231250832479744, 0.027670956302244386], [-0.26302361483276354, -0.016912114612941634, -0.3045854045586953, -0.6744846080716714, -0.5151258487033346, 0.12681365616201135, -0.39477353993084274, -0.3836336118869712, 0.6340721451481587, 0.5593895230340665, 0.14987575086729604, 0.3252290037612671, 0.19668649876341082, 0.005571311496000361], [-0.5405353467744222, -0.6838800503269851, 0.13797574137173696, -0.024957417600784973, -0.37563932775515446, 0.5392486067289577, 0.452694564401758, 0.2513092360107715, 0.03340518255694043, -0.08841321483994316, -0.1864196783734003, 0.5283625469645031, 0.4596994026495255, -0.03129203608205473]], "inverted": true, "swapped": true, "error_lsq": 0.04044159993467724, "error_max": 0.2802368523583665, "target": "157.xyz", "model": "6.xyz", "model_rescale": 3.89814844738969, "target_rescale": 4.102946625812603},
{"mapping": [3, 0, 4, 5, 9, 11, 1, 6, 7, 12, 14, 8, 15], "R": [[0.844373595358495, -0.47475882983091877, -0.24826857424761847], [0.37566733726042945, 0.8550520866231017, -0.35743528208213926], [0.38197811871496945, 0.20854252002662765, 0.9003347900441903]], "T": [0.037429047557932124, 0.11609171921722358, -0.005865308025859207], "aligned_model": [[-0.0013482021151625806, 0.07996545940184364, 0.5091450050186525, -0.3546722118865165, 0.640315143146887, -0.49979057801225596, -0.5509663179888714, 0.12722139590771087, -0.43382698969180095, -0.6051863872361274, 0.3108041606413291, -0.09072562219425197, 0.01769694591278613], [-0.28053166841674315, 0.14174049746434167, 0.5048701825798942, -0.6036631430089465, 0.12110108259669991, 0.5604663672365098, -0.076233792922967, -0.38387491565609644, -0.26642057365661964, 0.45018684266857023, 0.676565964676468, -0.06480323896634169, 0.1843776608757162], [-0.36581485811632614, -0.8879258910274618, -0.49645100038964346, -0.04900360994910612, 0.14033402247292273, -0.16881466010151047, -0.26569324960137736, 0.21888829532729576, 0.2957556040420049, 0.4293172768544782, -0.00629180850842977, 0.7909527787544841, -0.03297786892103506]], "inverted": false, "swapped": true, "error_lsq": 0.048176669980233164, "error_max": 0.2368339826556429, "target": "157.xyz", "model": "7.xyz", "model_rescale": 3.7474275329858107, "target_rescale": 4.102946625812603},
{"mapping": [4, 14, 10, 9, 8, 3, 2, 3, 6, 5, 0, 1, 11, 12, 15], "R": [[0.08902602261014884, 0.4929006996503476, 0.865519074071979], [-0.34731689622662204, 0.8297899796829022, -0.43682898623300553], [-0.933512367831152, -0.2617202512264715, 0.24506564264341407]], "T": [0.0419949030304172, -0.043923964202631914, -0.028573778156765626], "aligned_model": [[-0.5271170538213669, 0.02100618741555746, 0.5825911945044902, -0.04865957746565808, 0.7934907039161218, -0.33096816147322383, -0.6828091996702296, -0.33096816147322383, 0.14156258147857298, 0.04426556074853383, -0.7781838617487781, -0.004116643648426302, 0.1581648143472727, 0.7294248874401306, 0.03447045178897415], [0.14201848010526483, 0.21005405074308778, -0.4419909175055219, -0.44076591261960407, -0.3839499522294596, -0.18603813780603348, -0.45751449422762447, -0.18603813780603348, -0.5427746525855389, -0.3309122189030832, 0.2616047499009151, 0.2469219509756673, 0.6512002718953634, 0.4200360301039352, 0.02726685193825875], [-0.5344155989099687, -0.5977136167906479, -0.5448411698625755, -0.49672889706166723, 0.03227075662940501, 0.3307026885062463, -0.10093947983203373, 0.3307026885062463, 0.19453550479060935, 0.7403761280311951, 0.09166380709326788, 0.5747430100459967, 0.09765257937495173, 0.13310235165271753, -0.05431609647748219]], "inverted": false, "swapped": true, "error_lsq": 0.04905418730627253, "error_max": 0.431040552694103, "target": "157.xyz", "model": "8.xyz", "model_rescale": 4.019505241142653, "target_rescale": 4.102946625812603},
{"mapping": [6, 3, 9, 10, 8, 13, 4, 7, 12, 1, 0, 11, 15], "R": [[0.5600083769682809, 0.8169171456716222, 0.13797461662596266], [0.08013471433411584, 0.11234729491349002, -0.9904324877972306], [-0.82460235585641, 0.5657070464766643, -0.0025479958217563825]], "T": [-0.02735124703274454, -0.0028191534880957075, -0.03701462923507733], "aligned_model": [[-0.33826136726394784, -0.553276895236823, 0.08190069104910301, 0.47622783506345995, 0.2158310041887882, 0.6794494034094214, 0.08131440495435965, -0.2266952443832561, 0.4484934451908003, -0.35465801621543636, -0.45166964545254523, 0.2444883851311334, 0.016556771306118885], [-0.40780063654452875, 0.09816197204482231, 0.03400015064585528, -0.4515910114681639, -0.7905101072906338, -0.18414405735122064, 0.7175696209063676, -0.5617869617783701, -0.3741579407026673, -0.030628958660821368, 0.7594519315929671, 0.20726664569179198, 0.04754758102866093], [-0.25580306482566767, 0.002765895748988563, -0.6465877053159571, -0.5491138354113291, -0.10388033557463022, -0.030486076075123936, -0.3261006881421751, 0.29038427341437156, 0.5542867869016945, 0.5484814524117234, 0.10225046996442291, 0.5911520816067719, -0.0006457606592110143]], "inverted": false, "swapped": true, "error_lsq": 0.047562270752991645, "error_max": 0.3159793481123778, "target": "157.xyz", "model": "9.xyz", "model_rescale": 3.877068213659057, "target_rescale": 4.102946625812603},
{"mapping": [1, 4, 8, 7, 0, 2, 9, 2, 14, 11, 10, 3, 13, 6, 12, 15], "R": [[-0.5541712243798673, -0.8073518757672853, 0.20267511629295973], [-0.8031242942350438, 0.4545799407017264, -0.38516028549303727], [0.21882783661769759, -0.3762180567259644, -0.9003190277421428]], "T": [-0.00654917330630439, 0.08588098346099274, 0.014627336526781817], "aligned_model": [[-0.2938305182868283, -0.6561107928715195, 0.07674901082946192, -0.5834649040250663, 0.4048057297788827, -0.4497882389870646, 0.10969408609528697, -0.4497882389870646, 0.09634436631753013, 0.6613607360359606, 0.5698030842128272, -0.23718491457423127, -0.3329713693003178, 0.25064692232541047, 0.5243247648500307, 0.04289398970143278], [-0.14973534532974683, 0.1797004028445594, -0.6603554098730348, -0.4260033006388282, -0.10775534329373365, -0.2303825135927566, -0.4230267943139061, -0.2303825135927566, 0.008412447472054913, -0.19770707997482703, 0.06705976500036048, 0.6465594518924734, 0.44465759779261826, 0.6087838685783654, 0.4546188665151034, 0.06783644899852763], [-0.7695033825735412, -0.15077610563605803, -0.1628989814984747, -0.2526352473821131, -0.6388695282725095, 0.3939318171690289, 0.4185403002498612, 0.3939318171690289, 0.7846488245866894, -0.12001827069021127, 0.42775518168870746, -0.1730110194011789, 0.6165960956288246, 0.2164374360078965, -0.36007314532597323, -0.05841233796426355]], "inverted": true, "swapped": false, "error_lsq": 0.04789401778485408, "error_max": 0.3113521062103795, "target": "157.xyz", "model": "10.xyz", "model_rescale": 4.260839863003843, "target_rescale": 4.102946625812603},
{"mapping": [0, 11, 13, 14, 10, 9, 2, 3, 7, 8, 6, 15], "R": [[-0.8913959506683926, -0.37462609838781313, -0.2550853691192767], [0.38171895800671973, -0.9239901619587345, 0.02308284431641704], [-0.24434380743177664, -0.07679496734940669, 0.966642972746167]], "T": [0.06776344592263889, -0.035522306595390137, -0.06644557072579607], "aligned_model": [[0.6033639081683904, 0.19754528182182363, -0.5480554180386044, -0.38790399951009463, -0.6861127581539597, -0.3382071105488019, 0.3107906693117301, 0.5446482219458482, 0.329011655684117, -0.2812220456908178, 0.15812197291953875, 0.05691827118496056], [0.0028282337672384736, -0.7280329537387978, -0.4037371390626019, -0.19610395745904896, 0.165634553428261, 0.41271393718004323, 0.6394553154143341, 0.204338913694553, -0.1488018553833565, -0.034639161903948834, 0.353861255857564, -0.09443863626130564], [-0.7679863458339033, -0.1937716242481128, 0.06649601860361562, -0.4607122656898013, 0.26285711070660567, -0.20480437694575904, -0.49885496825883324, -0.12496882011521418, 0.5486074336269952, 0.6834037577359824, 0.3192476518220524, -0.11333549400812229]], "inverted": false, "swapped": true, "error_lsq": 0.04244727568272851, "error_max": 0.2074578109600543, "target": "157.xyz", "model": "11.xyz", "model_rescale": 3.890672605050136, "target_rescale": 4.102946625812603},
{"mapping": [3, 1, 7, 2, 6, 14, 11, 9, 4, 13, 8, 12, 10, 15], "R": [[0.22625302084177337, 0.9622574284455241, -0.15122900502674502], [0.3562082801594723, -0.22623692560004527, -0.9066049385707486], [-0.9066009219639053, 0.15125308227089718, -0.39395085150022247]], "T": [0.13155806773545217, -0.06824840613506092, 0.03247963634202011], "aligned_model": [[0.5585218610789884, 0.22145785416371766, 0.3463784242552329, 0.6839302397595918, 0.5990126765486126, -0.3450602637795904, -0.3938816025289328, 0.24228318621932332, -0.06066223431353493, -0.45114234796925157, 0.15602616189766247, -0.4021494256422584, -0.010305674217488209, 0.06546697932162093], [-0.2006298925396666, 0.16622617565815762, 0.5507140132918994, -0.6957032887724328, 0.17057041199474118, -0.38987966799739204, 0.03592568843436228, -0.3450179123369951, -0.8266052213545046, 0.1759229822867821, 0.640317064106389, 0.5668892140346926, 0.17695291396910187, -0.09352996094736957], [-0.2651014896585856, -0.590134583647663, -0.14104505700856645, 0.08558577934688907, 0.21412556895645246, 0.2738379004139026, -0.4425857867051717, 0.5765472523491894, 0.08028398698289818, 0.3976221576217494, 0.4583927207212094, -0.12787791942085566, 0.8305928242698799, 0.004547081135533433]], "inverted": true, "swapped": true, "error_lsq": 0.047951914022855445, "error_max": 0.2928935188802234, "target": "157.xyz", "model": "12.xyz", "model_rescale": 4.124412569039231, "target_rescale": 4.102946625812603},
{"mapping": [7, 10, 9, 12, 6, 5, 13, 1, 14, 11, 3, 4, 15], "R": [[0.07217739478353635, -0.8707194724565807, -0.48645454460534776], [0.9167618121053261, 0.25002563359557595, -0.31150435375848273], [0.3928590123029134, -0.4234793771012534, 0.81628856026672]], "T": [0.20161582896698615, 0.12973962567372066, -0.03335523492171018], "aligned_model": [[-0.04947930179439047, -0.062851506171205, 0.4711217073467698, -0.6200115679042928, 0.39374233081745935, 0.3850154148503226, -0.3942756385562082, 0.1098096838989943, 0.05992439746374828, -0.263145440463589, 0.6071965361184168, 0.5614429578419575, 0.16880873406177416], [-0.43490545342061426, 0.5997452939905009, 0.5926595184109426, -0.06440144402231313, -0.11181776471149629, -0.6447135017765587, 0.5282290155724099, -0.46182284402129703, 0.70524779707063, 0.013767754857986675, -0.20808821562372604, 0.6758887284336442, 0.15769649174836864], [0.245033434752644, 0.619626671260296, 0.2796028080188008, -0.06793407961708799, 0.4284682361859539, 0.16723967460806682, 0.10305615501339514, -0.3372207384202159, -0.227209296197403, -0.5654959426848841, -0.1321181072555771, -0.4653095780297554, -0.09604115666639432]], "inverted": false, "swapped": true, "error_lsq": 0.04603059051085496, "error_max": 0.2837882604439849, "target": "157.xyz", "model": "13.xyz", "model_rescale": 3.9028299243045295, "target_rescale": 4.102946625812603},
{"mapping": [0, 4, 8, 5, 2, 10, 13, 10, 14, 12, 11, 3, 7, 9, 1, 15], "R": [[0.08611091794986658, 0.8664871068119795, -0.4917163852653649], [-0.9961811279212625, 0.08203015069199038, -0.02990342373326567], [0.014424638066628595, 0.4924135945585324, 0.8702417949688421]], "T": [0.033752591319141184, 0.03588754980203211, -0.07732781450273285], "aligned_model": [[-0.4117512439395973, -0.6397356121892026, 0.08139973083796198, -0.17616640982052062, 0.3388876577575691, -0.4365904590865337, 0.03174266285367536, -0.4365904590865337, 0.2154987210055945, 0.502978213772468, 0.6335371940934802, -0.2836798595333907, -0.47387932362808094, 0.1433876782567032, 0.62348726771565, 0.020957954105488022], [-0.0641410558783971, -0.013955034197585592, -0.5609058510953836, -0.4305081445274326, 0.06852498427298198, -0.022580759802959566, -0.5916192388437836, -0.022580759802959566, -0.052767056467283024, -0.4659940729485088, 0.12162362636831991, 0.45544134967908945, 0.6329959397112005, 0.5810549397835678, 0.2964172938906577, 0.12127438834294993], [-0.7692360599082294, -0.1347092613131207, -0.565256647734173, -0.0547246526306413, -0.7466387726205236, 0.4977473751516235, 0.4114283027850341, 0.4977473751516235, 0.7841588992161616, 0.03304628091579312, 0.3454776298659203, -0.41184342459085443, 0.3769841548138012, 0.46268896401120907, -0.15817346771567012, -0.0030532416422403424]], "inverted": false, "swapped": false, "error_lsq": 0.05541882272609952, "error_max": 0.48867419658299605, "target": "157.xyz", "model": "14.xyz", "model_rescale": 3.942246331269136, "target_rescale": 4.102946625812603},
{"mapping": [1, 3, 7, 2, 9, 6, 13, 12, 11, 8, 10, 14, 0, 4, 15], "R": [[-0.8110937365936801, 0.4275453255083961, -0.3991640578689686], [-0.05746372833935609, -0.7373733733160979, -0.6730367213234203], [-0.5820866519547089, -0.5229584141787549, 0.6226472730654165]], "T": [-0.0800503304629723, -0.030129392424876954, -0.059743802465730356], "aligned_model": [[-0.6557087347877063, -0.23868923598167133, -0.1989406190874271, 0.14492228094070153, 0.4792561781510608, 0.22290611899518906, 0.09571311294508342, -0.4024923369312653, -0.6887492335560255, 0.31787507659913217, 0.637229013048791, 0.021243042249834657, -0.5633509914436102, -0.07167986904902193, -0.12523976556085473], [-0.03662658522937742, -0.4565382086509144, 0.269086502078108, -0.8367851201047828, -0.19632767634750187, -0.10226719521270332, 0.5914252734188188, 0.7486895480459607, 0.27712855304469414, 0.5783477101062762, 0.4076163594811582, 0.0720629833110142, -0.7290000243240659, -0.4746925784248382, -0.013974851310195657], [-0.40511889719069194, -0.34502731832551786, -0.6561564357894631, -0.04161179440234869, 0.15102939805418683, -0.5196970731026465, 0.27976394643269675, -0.11831206316419829, 0.15866967138843438, -0.45404908369534164, 0.04572026471185997, 0.5470196482834473, 0.1821206000571684, 0.5857269317113185, -0.0007153146083881956]], "inverted": true, "swapped": true, "error_lsq": 0.04410368860586732, "error_max": 0.2755317208615628, "target": "157.xyz", "model": "15.xyz", "model_rescale": 4.355366556412066, "target_rescale": 4.102946625812603},
{"mapping": [9, 14, 10, 3, 6, 2, 7, 0, 13, 4, 11, 15], "R": [[-0.30261994743113857, -0.9446702457165836, 0.1265673507447495], [0.9308344854855652, -0.26438671577515954, 0.2522832240804934], [-0.20486172909452466, 0.19415919081875704, 0.9593403361544885]], "T": [-0.04712201067422335, 0.07628401008611226, -0.14873380262902708], "aligned_model": [[-0.11063020494909027, 0.450422863046045, 0.15723352006446123, -0.4957624936225641, -0.5002820911541103, -0.5877600508083568, -0.2808398684311752, -0.20441671607095796, 0.5612568843399104, 0.155041914011872, 0.4368552723782991, 0.01668952582744755], [-0.5127774040079689, -0.17429256884309996, -0.6569662315689648, 0.31236103560534956, -0.10178710865455363, -0.12326844033428509, 0.3299828005541567, 0.5046603739435596, -0.19527644002208017, -0.0783241399864373, 0.6034110426135618, 0.10505350844174255], [0.03523451502290317, 0.13149109081540905, -0.5199703439007172, 0.028373002442522693, -0.41609143232912965, 0.45915125039344634, -0.7321598631723742, 0.6077383679005162, -0.4464224726707675, 0.5925927294311955, -0.17174089522709135, -0.11893748749649169]], "inverted": true, "swapped": true, "error_lsq": 0.04357366279731382, "error_max": 0.22637840873780263, "target": "157.xyz", "model": "16.xyz", "model_rescale": 3.795458400668931, "target_rescale": 4.102946625812603},
{"mapping": [3, 0, 4, 5, 9, 11, 1, 6, 7, 12, 14, 8, 15], "R": [[0.844373595358495, -0.47475882983091877, -0.24826857424761847], [0.37566733726042945, 0.8550520866231017, -0.35743528208213926], [0.38197811871496945, 0.20854252002662765, 0.9003347900441903]], "T": [0.037429047557932124, 0.11609171921722358, -0.005865308025859207], "aligned_model": [[-0.0013482021151625806, 0.07996545940184364, 0.5091450050186525, -0.3546722118865165, 0.640315143146887, -0.49979057801225596, -0.5509663179888714, 0.12722139590771087, -0.43382698969180095, -0.6051863872361274, 0.3108041606413291, -0.09072562219425197, 0.01769694591278613], [-0.28053166841674315, 0.14174049746434167, 0.5048701825798942, -0.6036631430089465, 0.12110108259669991, 0.5604663672365098, -0.076233792922967, -0.38387491565609644, -0.26642057365661964, 0.45018684266857023, 0.676565964676468, -0.06480323896634169, 0.1843776608757162], [-0.36581485811632614, -0.8879258910274618, -0.49645100038964346, -0.04900360994910612, 0.14033402247292273, -0.16881466010151047, -0.26569324960137736, 0.21888829532729576, 0.2957556040420049, 0.4293172768544782, -0.00629180850842977, 0.7909527787544841, -0.03297786892103506]], "inverted": false, "swapped": true, "error_lsq": 0.048176669980233164, "error_max": 0.2368339826556429, "target": "157.xyz", "model": "17.xyz", "model_rescale": 3.7474275329858107, "target_rescale": 4.102946625812603},
{"mapping": [0, 11, 14, 1, 2, 6, 4, 13, 3, 9, 7, 12, 8, 15], "R": [[0.628989082258507, 0.15811322782586246, -0.7611655152370527], [0.30274438294655814, 0.851989769628891, 0.427152514966279], [0.7160436948915261, -0.4991128526036935, 0.48802437169868373]], "T": [0.024704826464569625, -0.05625118743439054, 0.06360674445907231], "aligned_model": [[0.43211862606147444, 0.03131830200127337, 0.5619050903498792, -0.3715201107138789, 0.36268950653349585, -0.3317476361291404, 0.781321577169522, 0.13888485114758123, -0.10723053228090138, 0.35655152046202615, -0.6497158657429808, -0.35410620236250867, -0.502716823944641, 0.06709534533167538], [-0.647355233581977, 0.2766451889012798, 0.2602475270907413, -0.21501843034294682, -0.790854572701721, -0.271530718985907, -0.24098167557023462, 0.6536391835634604, -0.5638662734243549, -0.10736974701827495, 0.004584020438650881, 0.6329410505221504, 0.3918423807156789, -0.02251445809531142], [-0.4512797292117914, -0.5702406423824428, 0.07409265713388642, -0.45457037755372365, 0.28214537031153103, 0.431220467318797, -0.024397226789672613, 0.1881341926812341, -0.051707829246456644, 0.5852729660637316, 0.03481631469657785, -0.245382404722717, 0.516491084614454, 0.010199875748247128]], "inverted": false, "swapped": true, "error_lsq": 0.05013914661449763, "error_max": 0.33689753177895926, "target": "157.xyz", "model": "18.xyz", "model_rescale": 3.922800546911778, "target_rescale": 4.102946625812603},
{"mapping": [2, 9, 6, 3, 12, 4, 13, 1, 14, 5, 8, 7, 0, 11, 15], "R": [[0.5411487978767613, 0.16223183052081463, -0.825129572686861], [0.48004724695262624, 0.7460305956657527, 0.46151163693216524], [0.6904437842791697, -0.6458476472795021, 0.32583461641420414]], "T": [0.0363675600890078, 0.018528711978793157, -0.04494125754683464], "aligned_model": [[-0.3156310585951411, -0.24592572412897193, 0.41521422541448644, 0.1308460673376366, 0.4179635872513597, -0.7335508609657575, -0.029378590871507897, 0.37241439816810384, -0.4806946702453227, 0.7024237292410597, 0.62681137370546, 0.707098725092631, -0.4479492635346138, -0.014383220037558507, -0.009207880944245697], [0.6708702767983221, -0.05680796670795765, 0.1812702297454256, 0.5467405885877262, -0.5688124096986038, 0.16459671594841263, -0.7081172132837653, 0.30288137836609474, -0.329953341557379, 0.4964022770665213, -0.47259435970621555, 0.010963036617664842, 0.6699517713931711, -0.1829027530100269, -0.006876725524811816], [-0.4350468379353454, -0.5922125510970542, -0.4171426635029713, -0.02388204583027201, 0.42768217561460714, -0.0600648413365887, -0.03262682836801307, 0.46193629352027255, -0.03643111630057937, -0.004229984245753694, -0.35192643653200006, 0.05219548261768437, 0.30374669788264325, 0.6402419066296613, 0.010419916047038034]], "inverted": true, "swapped": true, "error_lsq": 0.05166129657624793, "error_max": 0.3770436014774269, "target": "157.xyz", "model": "19.xyz", "model_rescale": 3.9282355846067225, "target_rescale": 4.102946625812603},
{"mapping": [4, 0, 1, 2, 9, 3, 6, 7, 10, 13, 11, 14, 12, 15], "R": [[-0.8158121757239587, 0.19136244921545972, 0.5457388633502305], [0.5178202025744912, -0.17848591453487117, 0.8366630242327933], [0.2575125856074878, 0.9651544909199312, 0.04651964005487369]], "T": [-0.004113779698831206, -0.07472722084950711, -0.0016216913748353275], "aligned_model": [[-0.6749468251612195, -0.24543900709447775, 0.5423035152760922, -0.5076282676189346, -0.5254523757654939, 0.0863433674538999, 0.13201870872937876, 0.6226781094197831, -0.25450373563960843, -0.0522562998959241, 0.3015947988372472, -0.4437908259065231, 0.5666864667766285, -0.01508481032617197], [-0.47478091960956725, -0.8740271519197087, -0.44762252987515455, -0.26568052718765217, 0.2470486339876683, -0.313865824481926, 0.28744287035877514, 0.15117409294198864, 0.6897272358744686, 0.2516753737290573, -0.5067285058625637, -0.1333277324469211, 0.03511104271174437, -0.1232639707953732], [0.06379254922940697, -0.2903773546212251, -0.11601573098909387, -0.6432172835121911, -0.09928104683707689, -0.47385860024845244, -0.40017439134997657, -0.12601463973997332, 0.26323284033061295, 0.6492486077126683, 0.4806058482767595, 0.43668823237516563, 0.6116324689975705, 0.05592165761948782]], "inverted": false, "swapped": true, "error_lsq": 0.038709975248115154, "error_max": 0.22080494958177857, "target": "157.xyz", "model": "20.xyz", "model_rescale": 4.067790424073018, "target_rescale": 4.102946625812603},
{"mapping": [9, 13, 2, 3, 4, 14, 0, 10, 14, 8, 12, 1, 7, 11, 15], "R": [[-0.21524970667864027, -0.26536548700372764, 0.939813131469248], [0.5953946175799758, 0.7271562095123464, 0.3416856688894508], [-0.7740625382561502, 0.6331074200125217, 0.0014770218464240648]], "T": [0.10897706482603042, -0.05574353533176883, -0.002007275334700338], "aligned_model": [[0.035057451376621196, 0.1396855914643234, -0.17819251689681032, 0.12043305411451488, -0.6252658343298215, -0.33112528486128245, -0.5448452545807594, 0.43046093290518095, -0.33112528486128245, 0.8270791573455789, 0.38806430256112057, 0.218764672352796, 0.7051557997194713, -0.1372180243187477, 0.05151519191661191], [0.09209399621881807, 0.6704752222233976, -0.6226565433916214, -0.5926162867677237, -0.07714262385102223, 0.3692219040563922, -0.6398131878556134, 0.5700531494705605, 0.3692219040563922, 0.3512780373923895, 0.4380405685677787, -0.416041935436507, -0.15954125167350314, 0.11472717881508558, -0.026404991896976066], [-0.5999629068214968, 0.06242722473737783, -0.5476978297908461, -0.005732110336753951, -0.2754453920988635, -0.12275416475411596, 0.10697480525405217, -0.47345218331586336, -0.12275416475411596, -0.054242251662928107, 0.6242878653155999, 0.5537269346576567, 0.30323038876276054, 0.6483418301011176, 0.038301528327560154]], "inverted": false, "swapped": true, "error_lsq": 0.04950445871761457, "error_max": 0.31493395472441243, "target": "157.xyz", "model": "21.xyz", "model_rescale": 4.186013935880536, "target_rescale": 4.102946625812603},
{"mapping": [11, 0, 1, 13, 9, 12, 14, 4, 5, 3, 2, 6, 15], "R": [[-0.2781547368240102, 0.3672841710858953, 0.8875428327985715], [-0.6449631279764723, -0.7561421678040076, 0.11077718907546462], [0.711795269676029, -0.5416192017814762, 0.44720927352686496]], "T": [0.08030984610845468, -0.060566549479721815, 0.08498681743841202], "aligned_model": [[0.24530521890032417, -0.6279173141106822, 0.27154688844740993, 0.4276275329316178, -0.1873084839072118, 0.7837578405020472, -0.1524867574944346, -0.6360140746369545, 0.37148700742267016, -0.12952220203617715, -0.62296927693877, 0.2505494007795465, 0.06451825556383972], [-0.30906354118933177, 0.17497812359492085, 0.32245417380633523, -0.6962963824564952, -0.23818708931246838, -0.36623566669671426, -0.6390550457004025, -0.3727538616636489, 0.7043612914400187, 0.4254708371364352, 0.30870747893217076, 0.31608572679382496, -0.11150938513855146], [-0.5658987464746759, -0.38769814610215697, -0.43215173963424386, 0.17277352552075162, 0.6157432168189603, -0.26953446640231576, 0.08971072158921094, 0.02368361744789288, 0.023728092640902254, -0.0051000057020914175, 0.35082525638841966, 0.4560596416013941, 0.0307385936432982]], "inverted": false, "swapped": true, "error_lsq": 0.050121367369953984, "error_max": 0.28098230208141006, "target": "157.xyz", "model": "22.xyz", "model_rescale": 4.166573947596378, "target_rescale": 4.102946625812603},
{"mapping": [13, 1, 10, 7, 14, 0, 8, 4, 3, 9, 11, 6, 2, 11, 12, 15], "R": [[-0.7433074056828655, 0.3130239486027549, -0.5911937992385814], [-0.6671450286646594, -0.41175757956212955, 0.620784347741764], [-0.049108160065705064, 0.8558456071478526, 0.5148948293978923]], "T": [-0.010537836378167399, -0.008355772931854083, 0.025605720617778653], "aligned_model": [[-0.14285180808357084, -0.6758863755374821, 0.07305854268642499, -0.40880697885081363, 0.475817150438098, -0.7344542279675106, -0.018971065934219298, -0.37106827167966394, 0.17765694986300953, 0.5231664964285754, 0.5863907196585945, -0.33866468513877845, -0.2497873396062481, 0.5863907196585945, 0.32749290616683707, -0.07599901898711625], [-0.19844820256971005, 0.23815373391180705, -0.5447005744405788, -0.5299275876343869, -0.06661354762620347, -0.3417080048870017, -0.6792128020678913, -0.13841722865500894, 0.08156784349006097, -0.25311665482078277, 0.4339010347472524, 0.6401492807925021, 0.49508905662460023, 0.4339010347472524, 0.47155480202542005, 0.01010836484714221], [-0.7887474091617186, 0.09374855106531949, -0.4904244455604536, -0.2585318867351122, -0.595717562148012, 0.2033052149243203, 0.47722377530471316, 0.6524672175380163, 0.5894524352994431, 0.15090920070655167, 0.29051805040964773, -0.19996377728312312, 0.40258346264916295, 0.29051805040964773, -0.2656028169766201, 0.01390539331393047]], "inverted": true, "swapped": false, "error_lsq": 0.05266442983862676, "error_max": 0.4344285604396123, "target": "157.xyz", "model": "23.xyz", "model_rescale": 4.274766983524099, "target_rescale": 4.102946625812603},
{"mapping": [2, 1, 5, 6, 7, 8, 9, 13, 14, 11, 15], "R": [[0.19787731389601693, 0.30534016312034074, -0.9314568983216247], [-0.9173081990045733, 0.39264306939751936, -0.0661595653936845], [0.34552892307921723, 0.8675245269384255, 0.3577861910079509]], "T": [0.0652552080890515, 0.059777713486007036, 0.015796458701240284], "aligned_model": [[0.31875293302845276, -0.03065471736145034, -0.48497313596902303, -0.40333248937030575, -0.5207428929753175, -0.6453813718592497, 0.11911080272610093, 0.05274643258816025, 0.5094136267503284, 0.3400992209002309, 0.12485629550014812], [-0.31163419484566934, 0.6979397529630004, 0.43364954654295346, -0.10615753443589575, 0.40029021053154284, -0.08326414471502507, -0.5575603338694273, -0.08320862005958853, -0.19001388457316187, 0.6272264453069105, 0.08831928839784355], [-0.690905038677227, -0.16929612788978882, -0.4649529503370916, -0.23206347617283696, 0.021323333527462334, 0.4140430490665438, -0.013602392091330327, 0.731259204892444, 0.3752306958719522, 0.35504408303869806, 0.053486052792751745]], "inverted": false, "swapped": true, "error_lsq": 0.04777125507396212, "error_max": 0.2546810869890482, "target": "157.xyz", "model": "24.xyz", "model_rescale": 3.7841303162186577, "target_rescale": 4.102946625812603},
{"mapping": [10, 7, 13, 11, 14, 6, 3, 6, 4, 12, 5, 0, 1, 2, 9, 15], "R": [[-0.8230183873943556, -0.09320827187250441, 0.5603150471523461], [-0.5347136030472242, -0.2056597595236736, -0.8196251741063841], [0.19163010391650395, -0.9741746667652605, 0.11942203274833268]], "T": [-0.04385737140118872, 0.11798102449435904, -0.04453559863095326], "aligned_model": [[-0.2693808376159534, -0.6684195785298421, 0.2106900712203466, -0.4180230825168015, 0.4013702083644285, -0.4537974096095028, 0.08772657034450063, -0.4537974096095028, 0.04257620830448853, 0.6563365833591657, 0.6135930298825845, -0.5944659340889475, -0.3074574062683818, 0.5537509563363918, 0.4058711314602486, -0.07308938791849233], [0.15645154461125865, 0.0753454242504763, -0.6017007423649099, -0.533312198806833, -0.12252215482364973, -0.2145244432039189, -0.5011760679640742, -0.2145244432039189, 0.15991580538488362, -0.17096299497029027, -0.09426387197461172, 0.6041319220481463, 0.657251481863619, 0.47319478499570833, 0.3025263133605389, 0.07645018928204896], [-0.788117665753078, -0.22034747285646772, -0.21560210960314136, -0.20342149186876513, -0.6554607865750602, 0.4488361995776031, 0.4537936587543998, 0.4488361995776031, 0.6953799731130677, -0.08210800553818821, 0.4958807401471824, -0.087167333924754, 0.39448466198348303, 0.2478348836281224, -0.3698477849957312, 0.0026697880894371653]], "inverted": false, "swapped": false, "error_lsq": 0.050420767757842246, "error_max": 0.34035194596506363, "target": "157.xyz", "model": "25.xyz", "model_rescale": 4.19342608120988, "target_rescale": 4.102946625812603},
{"mapping": [9, 14, 10, 3, 6, 2, 7, 0, 13, 4, 11, 15], "R": [[-0.30261994743113857, -0.9446702457165836, 0.1265673507447495], [0.9308344854855652, -0.26438671577515954, 0.2522832240804934], [-0.20486172909452466, 0.19415919081875704, 0.9593403361544885]], "T": [-0.04712201067422335, 0.07628401008611226, -0.14873380262902708], "aligned_model": [[-0.11063020494909027, 0.450422863046045, 0.15723352006446123, -0.4957624936225641, -0.5002820911541103, -0.5877600508083568, -0.2808398684311752, -0.20441671607095796, 0.5612568843399104, 0.155041914011872, 0.4368552723782991, 0.01668952582744755], [-0.5127774040079689, -0.17429256884309996, -0.6569662315689648, 0.31236103560534956, -0.10178710865455363, -0.12326844033428509, 0.3299828005541567, 0.5046603739435596, -0.19527644002208017, -0.0783241399864373, 0.6034110426135618, 0.10505350844174255], [0.03523451502290317, 0.13149109081540905, -0.5199703439007172, 0.028373002442522693, -0.41609143232912965, 0.45915125039344634, -0.7321598631723742, 0.6077383679005162, -0.4464224726707675, 0.5925927294311955, -0.17174089522709135, -0.11893748749649169]], "inverted": true, "swapped": true, "error_lsq": 0.04357366279731382, "error_max": 0.22637840873780263, "target": "157.xyz", "model": "26.xyz", "model_rescale": 3.795458400668931, "target_rescale": 4.102946625812603},
