[{"mapping": [0, 1, 9, 7, 13, 10, 8, 12, 6, 2, 4, 11, 3, 14], "R": [[-0.734759426582056, 0.4876546406814385, -0.4715098476921408], [0.16097900330303483, 0.8006052131837743, 0.5771629346367672], [0.6589494256347526, 0.34817272156908097, -0.666754385370512]], "T": [-0.05198149566746557, 0.11574857529544376, 0.21817020215275257], "aligned_model": [[0.0205316344613658, 0.30791192625194447, -0.4583247556493318, -0.33417153935414323, -0.631599182922862, -0.06886578345769379, -0.6533418180513616, -0.03965740255542422, -0.4666680927282256, 0.23665707167034516, 0.6385276470772769, 0.19611126385801123, 0.6901034559860191, -0.06572232345761679], [-0.6884981251205508, -0.37384743464465026, -0.33259520364323386, -0.3372874404306659, 0.29492947527952407, 0.23456281914639804, 0.0643917921330235, 0.641807421546709, 0.8193387045250221, -0.1757243079493721, 0.42822828694815224, 0.6962927876799704, -0.1148500799649571, 0.07852463630466588], [0.15580937968583763, -0.3421085919483406, 0.4241843857997805, -0.26554870858594726, 0.609279472984088, -0.5417556067839042, -0.17759187949479777, 0.5887434745368074, 0.19032453687564777, 0.6918947291614479, 0.4531947483321067, -0.11555851091974928, 0.06281367251496123, 0.16390698502189496]], "inverted": false, "swapped": true, "error_lsq": 0.038378276509797936, "error_max": 0.22417720653687395, "target": "159.xyz", "model": "0.xyz", "model_rescale": 3.8414455957264533, "target_rescale": 4.36138865296041},
{"mapping": [6, 2, 8, 9, 13, 12, 1, 5, 3, 10, 4, 0, 11, 12, 14], "R": [[-0.13354191143635818, -0.5341121029830433, 0.8347998678347732], [0.5401967586397318, -0.7454387210558824, -0.3905234629387815], [0.8308754538708261, 0.39880493301563036, 0.3880729384501673]], "T": [-0.16849307264479724, -0.03262084795507151, 0.009979980939538806], "aligned_model": [[-0.31563839506718105, -0.6886674543800495, 0.09946513730639406, -0.6300837024679093, -0.14829009984222874, 0.5116710611538688, 0.3398017288729979, -0.06679823720010655, 0.09050884242520574, 0.35570444992339617, -0.41945359667782234, -0.3671514116876484, 0.43536182182686783, 0.5116710611538688, -0.0941595537184696], [-0.6631855774604825, -0.5468019069875856, 0.0770076695468323, 0.13642149691608366, 0.6479761316695528, 0.1696927112709994, 0.1092614890777254, -0.6724733438365611, -0.3924353833679843, -0.4342844027539737, -0.132997830429216, 0.5089349599598888, 0.551215828074464, 0.1696927112709994, -0.04123378012674397], [-0.42678488689740524, 0.10816948514941294, -0.7251950889388263, -0.46316741268469486, -0.3235265285248302, -0.2706185199728184, 0.6955481309850604, 0.1306851131444253, 0.6556024636147603, -0.16964364359261358, 0.4819550985195289, 0.4490352630504332, 0.1540612228670402, -0.2706185199728184, 0.059622144780611654]], "inverted": true, "swapped": false, "error_lsq": 0.04829016634603393, "error_max": 0.4685811174553252, "target": "159.xyz", "model": "1.xyz", "model_rescale": 4.316132596720782, "target_rescale": 4.36138865296041},
{"mapping": [13, 12, 6, 7, 8, 9, 10, 0, 11, 2, 3, 14], "R": [[0.29551999080080343, -0.9207344464882206, 0.25478621251379224], [0.9006033313604349, 0.3574741252600783, 0.2472365048127573], [-0.3187186448571527, 0.15639798214674025, 0.9348572600139811]], "T": [0.05870691077705612, 0.0006621166532751203, 0.0077713555133119075], "aligned_model": [[-0.18416094362151733, 0.46338053347767916, 0.106127510362902, -0.5519977506159356, -0.5590225890453204, -0.4431011096333929, -0.11483627384904788, -0.3390388036784622, 0.4700404982413818, 0.26761598403686987, 0.4711401093677418, 0.011661389588882264], [-0.6685506154947254, -0.4987361031032541, -0.6381676155840504, 0.35773915752161334, -0.11419013524446173, -0.1014091306704253, 0.3425717319128306, 0.5404809750851275, 0.0019227552644498645, 0.08025845937014713, 0.6671210021773301, 0.04373594650639881], [0.1269285813095686, -0.02470972190164586, -0.49960156921795335, -0.1278481133865978, -0.34736046095442247, 0.3903141688440371, -0.6592141892078476, 0.4620330951122421, -0.5759747745853676, 0.5931814793131195, 0.12495871483951226, -0.013448748955224011]], "inverted": true, "swapped": true, "error_lsq": 0.04627731266770851, "error_max": 0.29764434070050877, "target": "159.xyz", "model": "2.xyz", "model_rescale": 3.795458400668931, "target_rescale": 4.36138865296041},
{"mapping": [10, 11, 6, 5, 7, 9, 12, 3, 4, 2, 8, 14], "R": [[0.4971612589995383, 0.1437079729549372, 0.8556744129978278], [-0.4266876061568342, 0.8991934641754302, 0.09689582414294096], [-0.7554921371544143, -0.41327851685439976, 0.5083625656994063]], "T": [0.08507428214290147, 0.05682455422964283, 0.07068252961540643], "aligned_model": [[-0.15515787116213664, -0.20592699492846311, -0.6947650761818365, 0.16633044799597446, 0.10673234158328412, 0.1497965368813822, -0.1972649966103639, 0.7324537967537134, 0.39756442934623504, 0.5789228444934529, -0.37603440179687253, 0.09065276936919615], [-0.0401145476405933, -0.5398441029286368, -0.14871778558133955, 0.18084462850847663, 0.5606834391131996, 0.6676093974321532, -0.31175881635023456, -0.30934087820557643, -0.6441778544715643, 0.07455313331677466, 0.5049542795251292, 0.09107815257192103], [-0.653734796137578, -0.19249274296721053, 0.20252465701988892, 0.7306670003978907, -0.44362670566263773, 0.24766201420361383, 0.5163788093853143, -0.20285742492753783, 0.2722476918121391, 0.4560173018061948, -0.257125207764874, 0.013110833473897063]], "inverted": true, "swapped": true, "error_lsq": 0.045552268346237455, "error_max": 0.25443112076498003, "target": "159.xyz", "model": "3.xyz", "model_rescale": 3.7530521520055578, "target_rescale": 4.36138865296041},
{"mapping": [8, 12, 11, 4, 10, 2, 7, 9, 0, 3, 14], "R": [[-0.8263986998883187, 0.5519113572103259, 0.1116200815496588], [0.07127194272099582, 0.2991598841247013, -0.9515375315305594], [-0.55855662112598, -0.7783939988930741, -0.2865611339375547]], "T": [-0.1259302050044277, -0.03715578913707608, -0.10388188328920103], "aligned_model": [[-0.47153141095249934, -0.07759268876687328, 0.4375591855348547, 0.45917494363768724, 0.22885947880831803, -0.19916107079154693, -0.3210121673270995, -0.7159180725516416, -0.3397709411681167, 0.46557455353670746, -0.12798220751458497], [-0.6587823293185672, 0.10375975347096826, -0.3379351815444006, 0.4286659511361749, -0.6787133520484007, 0.5783996464113722, -0.43504626277449493, 0.03807197480099134, 0.1930050945347172, 0.31191060675885857, -0.07613254311287307], [0.018754297235490797, -0.7299973978479267, -0.4232060409157625, -0.3691083054962254, 0.12939330299391563, -0.012163086010174767, 0.46399401501256454, 0.13026322682293598, 0.6426151954286169, 0.2914360121556845, -0.04915044213380259]], "inverted": false, "swapped": true, "error_lsq": 0.0422036796565623, "error_max": 0.18223128771832214, "target": "159.xyz", "model": "4.xyz", "model_rescale": 3.7855080009869324, "target_rescale": 4.36138865296041},
{"mapping": [11, 1, 6, 4, 7, 8, 9, 12, 14, 13, 2, 3, 10, 15, 16], "R": [[-0.7578747722997368, -0.5254979856836625, -0.38662345577323115], [0.09609460377081203, -0.6760698524409421, 0.7305445788907159], [-0.6452841673540062, 0.5165088785905776, 0.562873806194027]], "T": [-0.06963503164078286, 0.007723948725712644, 0.002012847829333067], "aligned_model": [[-0.23219595924234634, -0.7379489111917739, -0.11787589315809288, -0.6499828157859935, -0.14476015012549057, 0.5237896418684499, 0.19036582948570116, -0.1297257481120706, 0.20047876119833766, 0.36002552701161883, -0.3454821276486163, -0.26480291231621456, 0.28483987521419896, 0.7300608574591075, -0.0528443230356317], [-0.622380076880414, -0.34787183136921307, -0.060403546084902025, 0.17301126063485395, 0.5692157406593834, 0.15878052273740492, 0.2201911975032748, -0.6654817306129783, -0.3684324558061925, -0.47432289485830986, -0.1373098955636664, 0.3815221939259002, 0.639118921308999, 0.031175345885894275, -0.010021978656035654], [-0.4551294604649363, 0.005496892541251604, -0.6453730740116195, -0.4256287519068739, -0.48834687323234066, -0.3448861897621983, 0.6298434298014306, 0.08106018877291953, 0.4952088502265176, -0.3264537163816768, 0.6718331604605496, 0.5539195207706568, 0.08357388681847013, 0.20014064399591638, 0.04986581389919937]], "inverted": true, "swapped": false, "error_lsq": 0.03726410145738692, "error_max": 0.26350761620402363, "target": "159.xyz", "model": "5.xyz", "model_rescale": 4.2253639853439635, "target_rescale": 4.36138865296041},
{"mapping": [10, 6, 9, 7, 8, 5, 0, 1, 12, 11, 13, 2, 3, 14], "R": [[-0.9930084915500583, 0.03088279781664257, 0.11393150797077294], [0.015313615798476746, 0.9907167263988788, -0.13507724162369503], [-0.11704541375318626, -0.13238814460708262, -0.9842630493353084]], "T": [0.020227133852797785, 0.04783108786216397, 0.04901666794701231], "aligned_model": [[0.5471261708638122, -0.2950784908591742, -0.37767694886254594, 0.2047341129522561, -0.1069554434583749, -0.5302298231391012, 0.17099482449535824, 0.7060150191181049, -0.2743984325170276, 0.39151260222345236, -0.6741214046729818, -0.10098492333601433, 0.6607645492672247, 0.05236034068279505], [-0.21418037540261173, 0.31829522110253683, -0.39986254817479183, -0.6437344109944368, -0.4872462725876239, 0.260167109693449, -0.5182788319993928, -0.3601709706969778, 0.5969117909403971, 0.44880321389255495, 0.04008216975866352, 0.20408515645031247, 0.2106229510026903, -0.010395056349778754], [-0.44658048369815795, -0.6546955889175241, 0.2722017528427693, -0.03192264488627091, -0.4183335135518643, 0.3798846133865611, 0.6082558327436995, 0.26435164384349474, -0.11198178031894493, -0.41068422275760275, -0.1480847814235018, 0.6436391489828275, 0.48629472059658174, 0.039213512089381106]], "inverted": false, "swapped": true, "error_lsq": 0.040147672950249146, "error_max": 0.23219681241531467, "target": "159.xyz", "model": "6.xyz", "model_rescale": 3.89814844738969, "target_rescale": 4.36138865296041},
{"mapping": [2, 5, 9, 4, 7, 13, 12, 3, 11, 6, 8, 10, 14], "R": [[-0.3325135049549368, -0.884204279327512, -0.3280511567446428], [0.7086352940728553, -0.4637726944007794, 0.5317432725691216], [-0.6223108459739884, -0.05565680863251343, 0.7807890436193266]], "T": [0.00019592697024325978, 0.037615218429206954, -0.03926670307923781], "aligned_model": [[0.12200818369625802, -0.1651902892385316, 0.37604464219657563, -0.39156907312982614, 0.5891098870946366, -0.27205931224327995, -0.6145831988744581, 0.24344018775514206, -0.45688415561834794, -0.6468214928420807, 0.19036974042645463, 0.12201134877097727, 0.052755332910703175], [-0.28804013272028606, 0.10869219646390835, 0.41058639168613753, -0.6472154584970329, 0.3203415982436282, 0.6055319699761881, 0.033274867212803566, -0.706492801781091, -0.1646583420907126, 0.48760962108750044, 0.6543728209574797, 0.09764310133968201, 0.052135433592280164], [-0.5606053244094611, -0.6913085020989821, -0.39731569426832003, -0.12417908352396927, 0.26421802245855125, -0.3919373257028553, -0.22964036452592085, 0.08376561151118399, 0.47075256970029694, 0.17672616912135275, 0.2837555286379562, 0.7179959957835046, 4.742815295843278e-05]], "inverted": false, "swapped": true, "error_lsq": 0.0401766043408973, "error_max": 0.2682761698825496, "target": "159.xyz", "model": "7.xyz", "model_rescale": 3.7474275329858107, "target_rescale": 4.36138865296041},
{"mapping": [2, 4, 1, 13, 12, 0, 7, 8, 5, 3, 9, 11, 10, 6, 14], "R": [[0.886237146567244, 0.22404177499424532, 0.40544913750281614], [0.3428618813598126, -0.9058107083723531, -0.2489029748885817], [0.3114955061549995, 0.35960011631728384, -0.8795784819956868]], "T": [-0.04720577677619705, 0.019042788369347002, -0.03420756985673873], "aligned_model": [[-0.20120886507194052, -0.6753132448926785, 0.05601526932018525, -0.8932612319953497, -0.3004068949106935, 0.5229895806111161, 0.22727355205141522, -0.2532524750018886, 0.26354448733311037, 0.42967474408457135, -0.2817512618407664, -0.28263353420436693, 0.35861434376288126, 0.7314511039537898, -0.0877939215782014], [-0.6081453468554222, -0.4323751313684798, -0.009463260119337014, 0.21620187328501175, 0.5417307426799645, 0.0813040675010714, 0.2015794684426347, -0.598894792443218, -0.36664424978684607, -0.5150470072160137, -0.07659139594668271, 0.42846399408769265, 0.6396158669869614, -0.015407465724832356, 0.0004634093014940152], [-0.5741219961119521, -0.15222755156069448, -0.7780722355669618, -0.26535750090085314, -0.2423640374319217, -0.3585746846538422, 0.5617950227535475, 0.16805023648538986, 0.483190967033526, -0.0725167862382069, 0.6842511682169465, 0.370054724860869, 0.1253619872303402, 0.20960535121685397, -0.0739503438057744]], "inverted": true, "swapped": false, "error_lsq": 0.03986146954603801, "error_max": 0.25522584541698595, "target": "159.xyz", "model": "8.xyz", "model_rescale": 4.019505241142653, "target_rescale": 4.36138865296041},
{"mapping": [12, 3, 11, 6, 13, 8, 10, 5, 9, 0, 1, 7, 14], "R": [[0.4579259852524405, -0.45765778913112504, 0.7621372186674734], [-0.8727986170687109, -0.39432740139517947, 0.2876255804894112], [0.16889750167935402, -0.7969035377989833, -0.5800158492402918]], "T": [-0.07378727484728623, -0.14157906595458192, -0.01657522514865961], "aligned_model": [[-0.14322018770119346, -0.7328829962855937, -0.09427174066546054, 0.4210560096816426, 0.3422057977366494, 0.6160542366140569, 0.23716227576855617, -0.22602912706306358, 0.15829987081740718, -0.23599576446529338, -0.27166989911434203, 0.2957838781188862, -0.046791581701075544], [-0.6254493584803948, 0.2983699912401307, 0.06945484971882221, -0.4505358462639997, -0.7288599798627765, 0.042716285396196096, 0.5057750360571286, -0.7666284768931607, -0.3250906028070638, 0.1709211454986852, 0.6198882439130918, 0.33883512138888777, -0.0860181807914881], [-0.43521941036956935, -0.010320336280131931, -0.6984854295647975, -0.588812288316812, 0.038920826512249374, 0.08855942337255868, -0.29249583399204887, 0.192467108617854, 0.5500180201064448, 0.7128024582824647, 0.2367029978109335, 0.37262422038213583, 0.009941737482597302]], "inverted": false, "swapped": true, "error_lsq": 0.04614158418404129, "error_max": 0.2775348661609573, "target": "159.xyz", "model": "9.xyz", "model_rescale": 3.877068213659057, "target_rescale": 4.36138865296041},
{"mapping": [8, 1, 11, 0, 12, 10, 13, 7, 2, 9, 4, 3, 6, 14, 15], "R": [[0.14481796092216637, -0.5828950881174962, -0.7995380381463052], [-0.9697769871794829, 0.07675080188363503, -0.23160723120685245], [0.19636790300716475, 0.8089144767271232, -0.5541633477683754]], "T": [-0.031850432593275975, 0.01817102687629099, 0.05122378807193036], "aligned_model": [[-0.13045966632250355, -0.8414134014410526, 0.010711955844601044, -0.5581697410658145, -0.3014591806064499, 0.502186431597234, 0.4517247566974461, -0.3854902005907601, 0.2583872340615622, 0.42413456107872977, -0.34760352302166864, -0.3077828052592802, 0.18444611154711987, 0.7448771942693688, -0.09014807516734802], [-0.614164213437123, -0.2921445587060708, 0.052701826677790914, 0.040883765625581964, 0.590813537928156, 0.23469786894233804, 0.1826444558585996, -0.6825467389976746, -0.46968685995657444, -0.4046884059551029, -0.1700759556686732, 0.4317137484906387, 0.5939645514866212, -0.032766055082939866, 0.02544380561843126], [-0.37976495736025545, 0.01631466292556706, -0.6847458738158652, -0.5456331065529751, -0.3457483686903715, -0.36245668501128164, 0.6315185609459545, 0.2753221961343092, 0.39489825185885624, -0.169938798074791, 0.61951397731736, 0.4456918930473929, 0.09574566061322108, 0.11139981310173831, -0.01699290491159268]], "inverted": true, "swapped": false, "error_lsq": 0.03622354094287283, "error_max": 0.2245524630029208, "target": "159.xyz", "model": "10.xyz", "model_rescale": 4.260839863003843, "target_rescale": 4.36138865296041},
{"mapping": [3, 7, 8, 10, 6, 11, 4, 2, 9, 13, 12, 14], "R": [[-0.09849730189501325, -0.11995558457533885, -0.9878810349675671], [0.08755190185376711, 0.9878142147554423, -0.12867688840222022], [0.9912784401979049, -0.09916518974054273, -0.0867946953594009]], "T": [0.08610945518665619, -0.005933964324411229, -0.03291036725174631], "aligned_model": [[0.51359076946802, -0.0072652086748058314, -0.38577916475304513, -0.4225101412442411, -0.6080660711317878, -0.3750741268888051, 0.33393051042597977, 0.684861113953094, 0.3107171885850115, -0.09823457186736087, -0.062225531220816754, 0.07495388244288743], [0.1046070520426961, -0.7076320996691208, -0.523844048368273, -0.2975925104866152, 0.29634675243699427, 0.37419215076366463, 0.6670439516309261, 0.14998091746926312, -0.42736725745650306, 0.03853376415288613, 0.5649601718419756, -0.06615033882495983], [-0.6909695410502449, -0.16616852238541077, 0.140264853266495, -0.5310373966138457, 0.27454065606835015, -0.42376877389443035, -0.3725696567345007, 0.06644048816070533, 0.39195923444617387, 0.663558455339901, 0.22455994228704948, -0.06063166149473767]], "inverted": false, "swapped": true, "error_lsq": 0.04341474216293297, "error_max": 0.23950029222954022, "target": "159.xyz", "model": "11.xyz", "model_rescale": 3.890672605050136, "target_rescale": 4.36138865296041},
{"mapping": [3, 1, 0, 4, 2, 6, 10, 12, 11, 8, 9, 7, 13, 14], "R": [[0.12568178202597277, -0.31944375348837684, 0.939233612060404], [-0.22792188390314705, 0.9121189711770805, 0.3407207027125076], [-0.9655338960931495, -0.25689427937601444, 0.04182851562106902]], "T": [0.12717851208615838, -0.0211986117886773, 0.17230909033715608], "aligned_model": [[0.6089386747476244, 0.15917418590766053, 0.3830214069396898, 0.662366441671713, 0.7261006291628214, -0.39329427603087086, -0.4183928525744449, 0.21701069828292965, -0.09784674184686887, -0.5316883586184507, 0.11871895232724389, -0.24558299860424104, -0.07222271925193591, 0.09357279268082326], [-0.16034247728358608, 0.21861119032982607, 0.6582716368869239, -0.5971615023269397, 0.13624424412047, -0.46192692233575605, -0.1647795980657025, -0.47290912149226455, -0.6699997419629246, 0.2724390855644207, 0.5737485397516828, 0.4806164392621367, 0.10444122439573625, 0.014899522983741639], [-0.4413256519542907, -0.6180119778839124, -0.18661203702584428, 0.0649610001623064, 0.26816124999494245, 0.6224713476598422, -0.35078318187318075, 0.6218668029193201, -0.023591860064215903, 0.19619907077967688, 0.4058367238886329, -0.18558383721770838, 0.8545720165855519, 0.12663076938574078]], "inverted": true, "swapped": true, "error_lsq": 0.03816701483769298, "error_max": 0.2271136784785558, "target": "159.xyz", "model": "12.xyz", "model_rescale": 4.124412569039231, "target_rescale": 4.36138865296041},
{"mapping": [0, 2, 13, 3, 9, 7, 4, 10, 12, 11, 8, 6, 14], "R": [[-0.7326214447496762, 0.443630527668715, -0.516195480039563], [-0.5946462122727455, -0.7861730432940766, 0.16830872891031898], [-0.3311520812596144, 0.4302602711360971, 0.8397704437281168]], "T": [0.08394968521881958, 0.13481698904775483, 0.03019941098569167], "aligned_model": [[-0.03624249111089396, -0.2293310559744352, 0.6670917099087087, -0.6682028784846191, 0.4590108666948967, 0.34576704558257304, -0.5899651582566282, 0.12007581696497789, 0.09769486254634802, -0.1231216247691609, 0.6872912883513439, 0.5409642610335907, 0.09626566502305625], [-0.41687975255053245, 0.3276811562143891, 0.5365770257818008, -0.11167341817027224, 0.003001842753273143, -0.5332044559608596, 0.5316803192985783, -0.3820637359666522, 0.7537260414817982, 0.24623340299542607, -0.2207794021305389, 0.5443058863912024, 0.06888046637086488], [0.6108407179978652, 0.5374884626436273, 0.1700678204020179, 0.06906413333634309, 0.5307218483115214, 0.09388501161778437, -0.10404389261318014, -0.5384994174971262, -0.14580342453437264, -0.6440885905938021, -0.14424111840729947, -0.5094633960069199, 0.02576992631138056]], "inverted": true, "swapped": true, "error_lsq": 0.044952189047645225, "error_max": 0.2592246212985385, "target": "159.xyz", "model": "13.xyz", "model_rescale": 3.9028299243045295, "target_rescale": 4.36138865296041},
{"mapping": [4, 3, 5, 0, 8, 13, 11, 7, 9, 10, 6, 1, 12, 14, 15], "R": [[0.43488554172868105, 0.5634230781140144, 0.702445016100108], [0.6026486557441904, 0.39752052153000245, -0.6919479985463037], [-0.669095780382056, 0.724245724882822, -0.1666702332868218]], "T": [-0.12584841296988566, 0.042454561410432995, -0.005908822056993971], "aligned_model": [[-0.27826069451343727, -0.6536406865119925, 0.04684036523181595, -0.7845975566651039, -0.31046094703485394, 0.5672602611255723, 0.32569140752664105, -0.05436100244432571, 0.15479637260049375, 0.3279275861483686, -0.4089321378886476, -0.19820943475594296, 0.26228609928219937, 0.7141192066985095, -0.09651718717811256], [-0.40353729339880395, -0.28783139330776764, 0.13398225322408444, 0.04421317093669738, 0.5980859306672465, 0.18985943047793777, 0.26918405420744496, -0.838795928614134, -0.3898001661494721, -0.500728853031562, -0.1520168644602163, 0.3664755236644983, 0.6187325876991756, -0.11781049470275154, -0.04322118438837856], [-0.4929663502415138, 0.026277344898574397, -0.479092825558403, -0.5091611267890037, -0.5095943919530685, -0.3671892149155908, 0.5331294102975398, 0.19136023229512947, 0.5730901514290825, -0.2391291533927081, 0.5654515996167447, 0.55263665889226, -0.04458085040402443, 0.22173160159531086, 0.06316123575693743]], "inverted": false, "swapped": false, "error_lsq": 0.0401589300715534, "error_max": 0.23592820982949134, "target": "159.xyz", "model": "14.xyz", "model_rescale": 3.942246331269136, "target_rescale": 4.36138865296041},
{"mapping": [3, 12, 4, 13, 11, 10, 7, 1, 2, 5, 0, 8, 6, 9, 14], "R": [[-0.6214921322295675, -0.6069145305030584, 0.49538094658656195], [0.045429959788362395, -0.6591868631823325, -0.7506056209231747], [0.7821020702762356, -0.4439903513276938, 0.4372515518526348]], "T": [-0.006716411603471521, -0.012077790396173134, -0.06792766022545535], "aligned_model": [[-0.1399682138687841, -0.7445693739923196, -0.05677101067782111, -0.693617856933705, -0.1717406801949611, 0.4701023093377127, 0.32808102411050827, -0.30953333950744094, 0.2763182154552911, 0.2768803609634253, -0.20249934568894662, -0.34713531167342054, 0.20035305730833491, 0.7716717846235579, -0.0436299676402468], [-0.60250096451746, -0.35917287974209244, 0.014622368030887227, 0.18671625021929783, 0.6452074949470898, 0.22857716838471914, 0.2427561353635988, -0.7482075778474709, -0.3722163507229243, -0.5701141526136118, -0.16809714392772268, 0.48172270778260506, 0.47351023766229056, 0.09713272258229244, -0.06314524277750075], [-0.4554742550424362, -0.12426825845353343, -0.651404836792012, -0.4546797517832476, -0.30213711584930336, -0.5409283095033839, 0.6763504164705102, 0.08391528489326919, 0.5426782158443451, 0.03670430057946181, 0.6234799524841078, 0.42106821579125286, 0.11677721623777165, 0.10627677703655503, 0.006766469613908893]], "inverted": true, "swapped": false, "error_lsq": 0.039056452985597026, "error_max": 0.26991293733760796, "target": "159.xyz", "model": "15.xyz", "model_rescale": 4.355366556412066, "target_rescale": 4.36138865296041},
{"mapping": [13, 12, 6, 7, 8, 9, 10, 0, 11, 2, 3, 14], "R": [[0.29551999080080343, -0.9207344464882206, 0.25478621251379224], [0.9006033313604349, 0.3574741252600783, 0.2472365048127573], [-0.3187186448571527, 0.15639798214674025, 0.9348572600139811]], "T": [0.05870691077705612, 0.0006621166532751203, 0.0077713555133119075], "aligned_model": [[-0.18416094362151733, 0.46338053347767916, 0.106127510362902, -0.5519977506159356, -0.5590225890453204, -0.4431011096333929, -0.11483627384904788, -0.3390388036784622, 0.4700404982413818, 0.26761598403686987, 0.4711401093677418, 0.011661389588882264], [-0.6685506154947254, -0.4987361031032541, -0.6381676155840504, 0.35773915752161334, -0.11419013524446173, -0.1014091306704253, 0.3425717319128306, 0.5404809750851275, 0.0019227552644498645, 0.08025845937014713, 0.6671210021773301, 0.04373594650639881], [0.1269285813095686, -0.02470972190164586, -0.49960156921795335, -0.1278481133865978, -0.34736046095442247, 0.3903141688440371, -0.6592141892078476, 0.4620330951122421, -0.5759747745853676, 0.5931814793131195, 0.12495871483951226, -0.013448748955224011]], "inverted": true, "swapped": true, "error_lsq": 0.04627731266770851, "error_max": 0.29764434070050877, "target": "159.xyz", "model": "16.xyz", "model_rescale": 3.795458400668931, "target_rescale": 4.36138865296041},
{"mapping": [2, 5, 9, 4, 7, 13, 12, 3, 11, 6, 8, 10, 14], "R": [[-0.3325135049549368, -0.884204279327512, -0.3280511567446428], [0.7086352940728553, -0.4637726944007794, 0.5317432725691216], [-0.6223108459739884, -0.05565680863251343, 0.7807890436193266]], "T": [0.00019592697024325978, 0.037615218429206954, -0.03926670307923781], "aligned_model": [[0.12200818369625802, -0.1651902892385316, 0.37604464219657563, -0.39156907312982614, 0.5891098870946366, -0.27205931224327995, -0.6145831988744581, 0.24344018775514206, -0.45688415561834794, -0.6468214928420807, 0.19036974042645463, 0.12201134877097727, 0.052755332910703175], [-0.28804013272028606, 0.10869219646390835, 0.41058639168613753, -0.6472154584970329, 0.3203415982436282, 0.6055319699761881, 0.033274867212803566, -0.706492801781091, -0.1646583420907126, 0.48760962108750044, 0.6543728209574797, 0.09764310133968201, 0.052135433592280164], [-0.5606053244094611, -0.6913085020989821, -0.39731569426832003, -0.12417908352396927, 0.26421802245855125, -0.3919373257028553, -0.22964036452592085, 0.08376561151118399, 0.47075256970029694, 0.17672616912135275, 0.2837555286379562, 0.7179959957835046, 4.742815295843278e-05]], "inverted": false, "swapped": true, "error_lsq": 0.0401766043408973, "error_max": 0.2682761698825496, "target": "159.xyz", "model": "17.xyz", "model_rescale": 3.7474275329858107, "target_rescale": 4.36138865296041},
{"mapping": [2, 12, 4, 13, 0, 7, 3, 11, 9, 1, 8, 6, 10, 14], "R": [[0.553840925835623, -0.4787176932281444, 0.6812412194368923], [0.20447090126485568, -0.7149338633132453, -0.6686263692256951], [0.807125689967478, 0.5096066534871007, -0.2980757945828552]], "T": [0.04123809182720758, -0.04892682013720604, -0.06334234027482372], "aligned_model": [[0.46891916871258066, 0.09581295683270794, 0.7344247385153131, -0.4337739166769928, 0.17469071055892996, -0.30903409437565216, 0.7379126729621622, 0.13686809198193337, -0.25235187435067113, 0.2924211437314663, -0.6332348474744108, -0.43436350541352287, -0.18126831275846716, 0.01782471563750021], [-0.42274816391083486, 0.31724406072063654, 0.28907971099150787, -0.11924554137300991, -0.7591582572920287, -0.3595537066841046, -0.07453886462482309, 0.6445178038661742, -0.6067406862029582, -0.2501006752408568, -0.07562431345495726, 0.5352469398335372, 0.30993065657053975, -0.06790072168758857], [-0.3279743321520872, -0.5897972892658045, -0.25022958297234893, -0.6022744224977927, 0.3023371444935809, 0.48408543563169754, 0.31347328805972036, 0.07788765052876684, -0.16925483006666414, 0.6979565561307179, 0.1921432361964151, -0.3800812922045835, 0.5797761170356432, -0.003252960255605876]], "inverted": true, "swapped": true, "error_lsq": 0.03717478307615392, "error_max": 0.2995884997385612, "target": "159.xyz", "model": "18.xyz", "model_rescale": 3.922800546911778, "target_rescale": 4.36138865296041},
{"mapping": [8, 6, 5, 1, 0, 12, 9, 4, 11, 13, 10, 2, 3, 7, 14], "R": [[-0.11392050151182093, -0.600069573769133, -0.7917945604585992], [0.013253093967246277, -0.7978300051072533, 0.6027367903578272], [-0.9934014670995763, 0.05817034972467672, 0.09884197275104467]], "T": [-0.05974237865501256, -0.07371843884726886, -0.06450787711167091], "aligned_model": [[-0.1994873208548775, -0.6506861485708278, -0.05387171227801943, -0.7323772601165032, -0.1417182432225825, 0.5826272539460984, 0.10519147243629204, -0.20333894377931896, 0.2587371101070971, 0.38202575887994517, -0.38877844673884354, -0.3415023222491951, 0.29990250943337804, 0.6749971953528628, 0.022220749275678603], [-0.46139185052247644, -0.4257289634198998, 0.22141919765866425, 0.18049236392307427, 0.7200188489934434, 0.019660993210240008, 0.3195788157597824, -0.7136181752899435, -0.39625327113425535, -0.599381508310707, -0.23528521822449244, 0.40056438189371407, 0.4551021328830344, 0.04864661307484319, -0.047033587671023135], [-0.5168035006050673, -0.01310920688668716, -0.7683495006177669, -0.2403549923339279, -0.3129101943241878, -0.5086425203754498, 0.628930858608891, 0.24171996760082629, 0.4848423845322418, -0.08275607925206135, 0.653985051847905, 0.3924342449602233, -0.07690146302654448, 0.2242750370530697, -0.021235765654198685]], "inverted": true, "swapped": false, "error_lsq": 0.04140457466501299, "error_max": 0.29625939412850877, "target": "159.xyz", "model": "19.xyz", "model_rescale": 3.9282355846067225, "target_rescale": 4.36138865296041},
{"mapping": [9, 13, 6, 5, 2, 12, 4, 11, 3, 1, 8, 0, 10, 14], "R": [[-0.2555760484664132, 0.4173637895189004, 0.8720598320348878], [-0.8398386299174265, 0.35097704399044377, -0.4141089111455466], [-0.47890704645965876, -0.8382258536875091, 0.2608169071611984]], "T": [-0.034922007883230355, -0.12473195241336327, 0.033883010785697006], "aligned_model": [[-0.5084197284382437, -0.11716403422883333, 0.5504353983413628, -0.4668325108383076, -0.5591516610154721, 0.15971643301013863, 0.058109718335826566, 0.6242034076350893, -0.1393765914238219, -0.09323384730924615, 0.17538625878710282, -0.6391019325299085, 0.5194384933552443, -0.03148658459625475], [-0.5145297580349577, -0.7721441908152007, -0.5938358241579773, -0.3288015784570213, 0.11283452199797694, -0.21912211368178336, 0.4887987022785701, 0.11691409458632762, 0.6506924882664564, 0.36175582909831416, -0.6499942979943811, 0.031220706087786265, -0.03454653413325229, -0.12635995761602176], [0.21395636325976994, -0.274536448228662, -0.29027387915817204, -0.4450449067037717, -0.21396579942750038, -0.5722693776266508, -0.46069581749695454, -0.09695019745437511, 0.1596114616363613, 0.6995174622920018, 0.48195586543023455, 0.5502212413189432, 0.5596587840962955, 0.10099840530616278]], "inverted": false, "swapped": true, "error_lsq": 0.03924921914548761, "error_max": 0.24139828884019124, "target": "159.xyz", "model": "20.xyz", "model_rescale": 4.067790424073018, "target_rescale": 4.36138865296041},
{"mapping": [6, 2, 5, 4, 8, 13, 9, 3, 12, 11, 0, 7, 1, 10, 14], "R": [[-0.38882264716719395, -0.2678987938864131, -0.8815027993626007], [0.10982671467199717, -0.9634453771336765, 0.24435854399652981], [-0.9147431561888025, -0.0018004204935111595, 0.40403182633524676]], "T": [-0.061478994314229776, -0.05470283651911708, -0.03759687937523333], "aligned_model": [[-0.22270901235823048, -0.7207810985087837, -0.05549284200674301, -0.6601423263137483, -0.36074521270398924, 0.5220224192775503, 0.40001877345523285, -0.23125084641466886, 0.26879409938215426, 0.361854366759515, -0.5700479273818877, -0.18121838253321176, 0.31177407745076396, 0.740169434930136, 0.011696128587094984], [-0.549056293204873, -0.39908204876714154, 0.30191409993425666, 0.0696125380720321, 0.4288638723887945, 0.016660338983478164, 0.2474144638923498, -0.8401529044764244, -0.3842482888345373, -0.5431813922710954, -0.0467721714883133, 0.5066131643903061, 0.673531613629642, 0.056342077481975374, -0.05166829690645164], [-0.5640723715301365, -0.058706713931571744, -0.5079740126130726, -0.5558828981870236, -0.07967852967221574, -0.41780327410811813, 0.5099383675311014, 0.241671317222711, 0.5701311398374176, -0.052082042529852116, 0.4581377012135656, 0.4391113995971195, 0.02291618791894621, 0.09013582794047335, -0.0107177771620784]], "inverted": true, "swapped": false, "error_lsq": 0.04445877976457902, "error_max": 0.3322097134714604, "target": "159.xyz", "model": "21.xyz", "model_rescale": 4.186013935880536, "target_rescale": 4.36138865296041},
{"mapping": [10, 8, 1, 4, 12, 3, 11, 6, 0, 9, 13, 2, 14], "R": [[0.7282105241726669, -0.07510943445114937, 0.6812253704469606], [-0.3321922282815035, 0.830728584150074, 0.44669714902311985], [-0.5994645577125803, -0.5515873388072303, 0.5799945273138518]], "T": [-0.019316340654618, -0.00782056325130322, 0.054277667247353945], "aligned_model": [[-0.08827625952408767, -0.5333420593604477, 0.5221964784960345, 0.45665183434134676, -0.24499370168741436, 0.7470382353848124, -0.05936827119118408, -0.7064072697572817, 0.4075278646911448, -0.18015580991109614, -0.6173337608829083, 0.36988879949218806, -0.01485204466788098], [-0.2765976318951328, 0.21053260523246528, 0.13254719411155055, -0.5288662783552187, -0.38629039502207396, -0.16812990598238378, -0.6972893836151004, -0.44400720685232387, 0.6454240877532335, 0.6070584463227559, 0.17957312673601972, 0.2267775721391844, 0.018224428973117362], [-0.6632824736222707, -0.4028862378310237, -0.5541634676193923, 0.41711184821479064, 0.5233668467775909, -0.06820925040555967, -0.12734017988671137, 0.12794375099535094, -0.16259840715125445, 0.12227253193560997, 0.412450377102605, 0.4857480201872676, -0.007533797361657046]], "inverted": true, "swapped": true, "error_lsq": 0.04521930037816514, "error_max": 0.2355337563231012, "target": "159.xyz", "model": "22.xyz", "model_rescale": 4.166573947596378, "target_rescale": 4.36138865296041},
{"mapping": [11, 9, 12, 14, 13, 6, 0, 3, 4, 2, 8, 7, 5, 1, 15], "R": [[0.15244138767854903, -0.3449331044952323, 0.9261656313780596], [0.559340576633849, -0.7424829629967975, -0.368588074943303], [0.8148004311814961, 0.5742300959395787, 0.0797499483615543]], "T": [-0.10647193089504836, -0.07736355354173564, -0.02256132295168522], "aligned_model": [[-0.24715275960471494, -0.6455681714650416, -0.12180415289654353, -0.6244627498763856, -0.263550921925108, 0.505521002098451, 0.27594218445158214, -0.09762098463854305, 0.19987772294522932, 0.45289052196241664, -0.43408756176289, -0.17067516337761732, 0.262847068508578, 0.5686066778998029, -0.04682106069803173], [-0.6911149988968563, -0.3413362533142924, -0.11666808486682113, 0.26043575577244266, 0.7302838448039285, 0.0640424509974147, 0.18134728545197348, -0.6657719884168327, -0.41823388985195364, -0.4450182953901581, -0.26008834670897196, 0.4908013973238642, 0.6650212039637584, 0.07778139815723507, -0.04469070620073219], [-0.49754700187734047, -0.034512199914554405, -0.6764737268828458, -0.5160741407164862, -0.22217347042323332, -0.45218513957868745, 0.6509250607331223, 0.10041764490163321, 0.5517302552386054, -0.09150243056348586, 0.6939292831236792, 0.4069222986183295, 0.03685525473803588, 0.14565870194747388, -0.010846067816979936]], "inverted": true, "swapped": false, "error_lsq": 0.03787192586211276, "error_max": 0.2636378346216093, "target": "159.xyz", "model": "23.xyz", "model_rescale": 4.274766983524099, "target_rescale": 4.36138865296041},
{"mapping": [1, 11, 4, 2, 12, 5, 9, 13, 8, 6, 14], "R": [[0.27774752302398276, 0.5587049603407218, -0.7814762189246163], [0.14941829371104554, -0.8287080626837053, -0.5393673334078547], [-0.9489628480391221, 0.033041097646606676, -0.31365235358241056]], "T": [0.005771143021413627, 0.028845023386213094, -0.06853594545088953], "aligned_model": [[0.3720788097587741, 0.17349266100722574, -0.519875380843996, -0.5340669023373474, -0.3541648352003482, -0.5456763842785664, 0.016528983670242497, -0.09981485904935354, 0.6262122776417607, 0.18312032876707113, 0.0620600048226123], [-0.24820089918682953, 0.7017658030164918, 0.4653275404818319, -0.2536553928866809, 0.46934658085361003, -0.14853132184422374, -0.5378170309995116, -0.01758213357184115, -0.10898770591813917, 0.594832155155372, -0.0009110638565965473], [-0.7557070342523471, -0.23884029224649328, -0.47209725173970424, -0.21500092863921333, 0.23249364220788926, 0.2807580593283741, 0.2270096819797663, 0.6440123232945494, 0.2734499007298945, 0.49358971469364193, -0.09010138133478023]], "inverted": true, "swapped": true, "error_lsq": 0.042847583907726944, "error_max": 0.20584865507302597, "target": "159.xyz", "model": "24.xyz", "model_rescale": 3.7841303162186577, "target_rescale": 4.36138865296041},
{"mapping": [5, 12, 3, 13, 11, 6, 0, 2, 8, 4, 9, 10, 7, 1, 15], "R": [[-0.41553672627569166, 0.6476541449803556, 0.6386496203755588], [-0.73725191944685, -0.651049905526986, 0.18053705377356255], [0.5327183462093422, -0.3958258821793581, 0.7480194079092577]], "T": [-0.049709373411272365, 0.023718179480689577, 0.10128311621760205], "aligned_model": [[-0.2195620864672277, -0.646829627677139, -0.08676591278186403, -0.6336615303486, -0.19417879277620326, 0.38091707220420545, 0.486560351494295, -0.09209128238093744, 0.2287491336587701, 0.38255769702351894, -0.46346339929510366, -0.360425273846399, 0.219642252905211, 0.6316108458449652, -0.01911779593630729], [-0.6789769279341109, -0.3852888116127655, -0.09845087311570531, 0.18966667577983448, 0.6406392222941334, 0.21135411385388175, 0.2840519493997926, -0.7210719170723684, -0.29963176324918206, -0.43935585436372315, -0.2247234804632774, 0.5650196208175879, 0.6104303381345202, -0.20455739694678876, 0.03768587730216935], [-0.39541436447513983, -0.1252838487404007, -0.6941434505443627, -0.39213452863849324, -0.3322657079821861, -0.44769782399025987, 0.5325267361599819, 0.21211864209173464, 0.5103839082185158, -0.29294012238603734, 0.4317752586284796, 0.5657220078929048, 0.17889822034487252, 0.2929323109525097, 0.040647083995146924]], "inverted": true, "swapped": false, "error_lsq": 0.03967500205729882, "error_max": 0.28013531984580203, "target": "159.xyz", "model": "25.xyz", "model_rescale": 4.19342608120988, "target_rescale": 4.36138865296041},
{"mapping": [13, 12, 6, 7, 8, 9, 10, 0, 11, 2, 3, 14], "R": [[0.29551999080080343, -0.9207344464882206, 0.25478621251379224], [0.9006033313604349, 0.3574741252600783, 0.2472365048127573], [-0.3187186448571527, 0.15639798214674025, 0.9348572600139811]], "T": [0.05870691077705612, 0.0006621166532751203, 0.0077713555133119075], "aligned_model": [[-0.18416094362151733, 0.46338053347767916, 0.106127510362902, -0.5519977506159356, -0.5590225890453204, -0.4431011096333929, -0.11483627384904788, -0.3390388036784622, 0.4700404982413818, 0.26761598403686987, 0.4711401093677418, 0.011661389588882264], [-0.6685506154947254, -0.4987361031032541, -0.6381676155840504, 0.35773915752161334, -0.11419013524446173, -0.1014091306704253, 0.3425717319128306, 0.5404809750851275, 0.0019227552644498645, 0.08025845937014713, 0.6671210021773301, 0.04373594650639881], [0.1269285813095686, -0.02470972190164586, -0.49960156921795335, -0.1278481133865978, -0.34736046095442247, 0.3903141688440371, -0.6592141892078476, 0.4620330951122421, -0.5759747745853676, 0.5931814793131195, 0.12495871483951226, -0.013448748955224011]], "inverted": true, "swapped": true, "error_lsq": 0.04627731266770851, "error_max": 0.29764434070050877, "target": "159.xyz", "model": "26.xyz", "model_rescale": 3.795458400668931, "target_rescale": 4.36138865296041},
{"mapping": [3, 2, 4, 11, 6, 7, 0, 10, 9, 12, 8, 13, 14], "R": [[0.24392111887824908, 0.6997004607972079, -0.6715070758565084], [0.8392708704602445, 0.19464583374056732, 0.5076784468581894], [0.48592889784626625, -0.6874098228623264, -0.5397599852437179]], "T": [-0.05303140977103213, -0.07454364108268592, -0.03671144828573486], "aligned_model": [[0.12090318656621288, 0.42700714500834414, 0.5439217877213115, -0.09564826603645296, -0.12615429124663294, -0.6962469356959001, -0.24186675850507075, -0.6834544390737799, -0.16696704165943804, 0.38008647110811367, -0.6889510169116126, 0.0407780344424999, -0.11373149289633835], [-0.81787506626135, -0.3307004479646709, -0.3512790485424557, -0.018576240300960736, 0.6440838242763135, -0.2608743764770937, -0.6169817672626208, -0.2068459294376369, 0.031079830487460464, 0.32788648804474096, 0.2414445416021248, 0.5816610485930122, -0.10114135349994924], [-0.24932992142109894, 0.27414264598493004, -0.4802735949768078, -0.7473505320708551, -0.4188201174392335, 0.22864016969253548, 0.5343068278532526, -0.45736813422437494, 0.583313701969572, -0.29102077888316735, 0.09235095306406987, 0.24898789272258354, -0.025442450171979762]], "inverted": false, "swapped": true, "error_lsq": 0.041851278998187476, "error_max": 0.2582669185253414, "target": "159.xyz", "model": "27.xyz", "model_rescale": 3.6321398670334006, "target_rescale": 4.36138865296041},
