[{"mapping": [13, 10, 12, 11, 8, 9, 7, 0, 6, 5, 1, 2, 4, 14], "R": [[0.8031166865416812, 0.08770547626694013, -0.5893312627301392], [-0.359951440446897, -0.716788524587885, -0.5972011148175522], [-0.4748036945080727, 0.691752817451373, -0.5440951123007564]], "T": [-0.03141805929027605, 0.1284091852962493, 0.15338001057409414], "aligned_model": [[0.11560559320367544, 0.3124711896579905, -0.49616414472414494, -0.3124104688040803, -0.5840864424228605, -0.2469527870119457, -0.7983725099784728, 0.07384839847393002, -0.3562505982506554, 0.2150703231789902, 0.6149967044217787, 0.31314715191125353, 0.5600082582581176, -0.03941856678527318], [-0.6695409272244781, -0.3049342152833826, -0.3965010112223989, -0.3911113417162575, 0.3351403576220121, 0.42403115292732907, 0.01706045177448759, 0.5105990112790605, 0.7731530529843221, -0.10642824410979307, 0.5412186131103114, 0.6612913507267917, -0.3045037286768124, 0.14579880961884278], [0.099541282225318, -0.2808267566682884, 0.3158915631531707, -0.2752798995464888, 0.45009480935623236, -0.4624699865753126, -0.13566757310110575, 0.6677598925555486, 0.1372070561263108, 0.8282899109281769, 0.30336285376865835, -0.19630604470109067, 0.34624393310040613, 0.09974704655829816]], "inverted": false, "swapped": true, "error_lsq": 0.04846073889619507, "error_max": 0.30888442107966074, "target": "161.xyz", "model": "0.xyz", "model_rescale": 3.8414455957264533, "target_rescale": 4.221412068222684},
{"mapping": [13, 8, 12, 10, 6, 9, 11, 0, 0, 1, 5, 4, 7, 2, 14], "R": [[0.694417151605132, -0.48990712304312367, -0.5270444291976008], [0.3144605617641497, -0.45218888439245525, 0.8346494880648296], [-0.6472243619113781, -0.7453296073708038, -0.15995124796291205]], "T": [0.10585679835292663, 0.04192902548036155, 0.037520454164865255], "aligned_model": [[-0.47355552318073413, 0.20493539015027687, 0.14847902830746806, 0.6597733363489828, 0.7399126485470388, -0.0954150486290897, -0.30837478673454444, -0.5381180121140314, -0.5381180121140314, -0.012003265093915111, 0.7174386007313884, 0.049235618710645454, -0.2848515956536357, 0.43396785500830015, 0.12536368551189692], [0.03565279014078611, 0.07955137326604501, -0.49071519078910336, -0.2824835597601576, 0.4647690323082478, 0.6166044949104901, -0.6633058158814091, -0.0557869119376357, -0.0557869119376357, -0.7168821501231615, 0.01772666069665242, 0.09395306462281945, 0.5041311601836828, 0.5614714785184128, -0.0432340104671252], [-0.4514467954176255, -0.745467661386781, -0.5072391517673867, -0.19978576969455297, -0.1333791691350621, -0.270290248120079, -0.20189845606432505, 0.35574271700286064, 0.35574271700286064, 0.4360333101585554, 0.2818659667507971, 0.5759485145549338, 0.2535554968399539, 0.4462055427234389, 0.05827467611999382]], "inverted": false, "swapped": false, "error_lsq": 0.05588334609625582, "error_max": 0.3600404262523656, "target": "161.xyz", "model": "1.xyz", "model_rescale": 4.316132596720782, "target_rescale": 4.221412068222684},
{"mapping": [11, 12, 7, 2, 9, 10, 6, 1, 8, 4, 0, 14], "R": [[0.6132375543618305, -0.7821980394758611, 0.11002694651966125], [0.08387549773624484, 0.20298691703960664, 0.9755824990180242], [-0.7854327487441674, -0.5890352608722802, 0.19008645046216882]], "T": [0.02455140428693773, 0.02632380459069169, 0.025839928965446866], "aligned_model": [[-0.1145064401545039, 0.48034544944356833, 0.07260053335376715, -0.5572592793473263, -0.5285392553545633, -0.36745443858738647, -0.050049696337006004, -0.18694825687782246, 0.431004368681313, 0.10297033321841298, 0.3408369552574589, -0.02519171866413137], [-0.6896735138888236, -0.5294265726473872, -0.5581023662669773, 0.44873193290474944, -0.12001660919912668, -0.3206587154435715, 0.3491855312232064, 0.7204847101734236, 0.0400577747119859, 0.07068219333772569, 0.588993842191037, 0.012518220644738726], [0.050707308516898246, -0.01053244594328024, -0.557515458022937, -0.06380730078239849, -0.40519834207113276, 0.49543165060272776, -0.6157731779813791, 0.31595551658107857, -0.4945706367820466, 0.7783543658493802, -0.04559278228331914, 0.001799763525829487]], "inverted": true, "swapped": true, "error_lsq": 0.04892234196537993, "error_max": 0.2555239303054339, "target": "161.xyz", "model": "2.xyz", "model_rescale": 3.795458400668931, "target_rescale": 4.221412068222684},
{"mapping": [8, 6, 9, 3, 12, 10, 2, 5, 1, 4, 11, 14], "R": [[0.18463155918004182, 0.8401856774552903, -0.5099011813613907], [0.43503810664278497, 0.3953573743890826, 0.8089711937299322], [0.8812792027067287, -0.3711880573444758, -0.29251733788175116]], "T": [0.04748841414570014, -0.0029824671730456715, -0.044394433856990136], "aligned_model": [[-0.08779306518419246, -0.36949883587649524, -0.6475847531251693, 0.21248179477377555, 0.12112617205816516, 0.05021427813404232, -0.23614977647735697, 0.7821309351276828, 0.35051639993297246, 0.6628420851930119, -0.240607334083213, -0.0043740747296582005], [-0.25333005673356007, -0.5619996117292866, -0.026041815784676674, -0.04104597950481569, 0.46398564010890175, 0.527217947430436, -0.3963115682120462, -0.06094501800361129, -0.4999403296603141, 0.26983748912587807, 0.662618399003402, 0.0017239492494019624], [-0.6404185918350456, -0.23172799506668185, 0.12724572511141355, 0.6877773430261489, -0.5870249807746452, 0.4176249652022005, 0.49394608974693477, -0.21276671068652728, 0.47710863078559074, 0.303893239998095, -0.1255360232788009, -0.02135026158958262]], "inverted": false, "swapped": true, "error_lsq": 0.04911624296552262, "error_max": 0.2379729063092337, "target": "161.xyz", "model": "3.xyz", "model_rescale": 3.7530521520055578, "target_rescale": 4.221412068222684},
{"mapping": [3, 6, 9, 7, 10, 8, 4, 0, 5, 12, 14], "R": [[-0.06965470416797559, 0.03970624712059995, -0.9967806359108657], [0.9580371028081431, -0.27584591265623204, -0.07793549970219138], [-0.2780523904415348, -0.9603814067392435, -0.01882609251278866]], "T": [-0.07246349070472463, -0.08216234118490107, -0.0009288372461338738], "aligned_model": [[-0.3487021936717398, -0.2705529589003445, 0.23915199341802718, 0.5780063885073012, 0.26183145372647393, -0.07804569191235795, -0.24889970151042382, -0.6651034770621544, -0.47222236830464515, 0.3888779288354292, -0.046141770680360725], [-0.780181866018442, 0.22992126971921434, -0.2534453984008883, 0.3390356443855451, -0.6597706208829555, 0.554881382931764, -0.47725982880956097, 0.18331818827176827, 0.10637579365215141, 0.33076881920885065, -0.10644002574310092], [0.03382859966432066, -0.621280979290809, -0.6227621669694107, -0.290147385588207, 0.22087603294205388, -0.1751813084915711, 0.6212957295904261, -0.0068185105750846655, 0.6123041739580316, 0.3659248044824965, -0.04520821247693009]], "inverted": true, "swapped": true, "error_lsq": 0.04521184454786955, "error_max": 0.22063945667637774, "target": "161.xyz", "model": "4.xyz", "model_rescale": 3.7855080009869324, "target_rescale": 4.221412068222684},
{"mapping": [5, 0, 4, 1, 2, 3, 7, 8, 10, 6, 12, 13, 15, 14, 16], "R": [[-0.18274074305557597, -0.92496945192644, 0.33322264903574295], [0.8515559925914811, -0.318308080414331, -0.41657215152297644], [0.4913839764471709, 0.20763303914802617, 0.8458311348875265]], "T": [0.07346081545166033, 0.008781339787025451, 0.07353535919718945], "aligned_model": [[-0.3192982734580751, 0.3110643799871198, 0.1467915360139355, 0.7080552988988509, 0.44905444338592626, -0.05289317861796189, -0.45172459993963915, -0.4090623965754978, -0.6256676430829953, 0.04383963129854576, 0.6899119493476729, 0.21420495932234188, -0.3088046055398559, 0.34471188761985466, 0.08848653113579337], [-0.04950616721774986, -0.06553298558409146, -0.5795772818993661, -0.20239514656178992, 0.5555125410656117, 0.47304982473098867, -0.4759884631257662, -0.13096646596906258, 0.2031239323471038, -0.6209795174741621, 0.05978513063283165, -0.1700253753522213, 0.45039366928344005, 0.5594136217776614, 0.05935818709748085], [-0.6317632365941721, -0.6657181903277305, -0.36857042178113614, -0.281145162090817, -0.2517339258303737, -0.42736986883475203, -0.15129344127123356, 0.5664367434567321, 0.007092682713857601, 0.24265341316536873, 0.35717575802611295, 0.7613484758666957, 0.6550590517814083, 0.35800740423898136, 0.0836824070486405]], "inverted": false, "swapped": false, "error_lsq": 0.0357008199727481, "error_max": 0.23262262542106618, "target": "161.xyz", "model": "5.xyz", "model_rescale": 4.2253639853439635, "target_rescale": 4.221412068222684},
{"mapping": [5, 13, 7, 8, 12, 9, 6, 0, 10, 4, 11, 2, 1, 14], "R": [[-0.06975961071685927, 0.34319788933678297, -0.9366689946119757], [0.9889343662806253, -0.09944469384740234, -0.11008892793889113], [-0.13092904911351866, -0.933983919358558, -0.3324629640694677]], "T": [0.061323462429058784, -0.045507046300632674, 0.06337920957497764], "aligned_model": [[0.6380495345355546, -0.17343078508777265, -0.6053544953512309, 0.07203722454074281, -0.23406222269862303, -0.4324668690493678, 0.09605584800664235, 0.6473720069300755, -0.24319816523255816, 0.3763927446986372, -0.596780704251898, 0.15015497786307766, 0.6581350070320138, 0.021158050822490254], [-0.10738599376569721, 0.2799836557809953, -0.5350434567145324, -0.7027119035893596, -0.4035482364620233, 0.0011294328289633906, -0.4551642024758478, -0.28576830675238873, 0.5495517476196128, 0.45994277647609566, 0.03437466908836347, 0.29814066788385557, 0.3420559305005184, -0.030457633783565266], [-0.4213542719914801, -0.6438585094883738, 0.07117529864459493, 0.12808455710833053, -0.4866057413341154, 0.5802108387753099, 0.6570517401260524, 0.2067611589850171, -0.15514640711950686, -0.4052859126720725, -0.24178541498033881, 0.6950311189837041, 0.3864418086660445, 0.10083794522828243]], "inverted": false, "swapped": true, "error_lsq": 0.039277526412689244, "error_max": 0.19480024087408107, "target": "161.xyz", "model": "6.xyz", "model_rescale": 3.89814844738969, "target_rescale": 4.221412068222684},
{"mapping": [4, 1, 0, 13, 8, 2, 10, 12, 11, 9, 6, 7, 14], "R": [[-0.80534828040779, 0.44670693481256907, -0.38970124664231576], [-0.2660872277678116, -0.8598452219545646, -0.43573361300311314], [-0.5297279815745592, -0.24722279157121657, 0.811337880826896]], "T": [-0.008781935237033883, 0.08110186730072172, -0.0901775777967639], "aligned_model": [[-0.14570210738842118, -0.03403205882531765, 0.4935015373574817, -0.2745110292410605, 0.5100046219129654, -0.3470583202639277, -0.6187463948691169, 0.20743151248485012, -0.39500728023847487, -0.4238568265036563, 0.22988668261866071, -0.00258690490359495, -0.05069163123616515], [-0.4035710702484812, 0.4268915595953117, 0.330295240265375, -0.687060669407858, 0.23132063759296234, 0.6690111545983382, -0.25089704146312586, -0.4518631709874337, -0.31577609349915076, 0.5180048824244947, 0.7222442178900663, 0.06450315134473128, 0.11067846736525583], [-0.6565168602513691, -0.7905706414770087, -0.41782178914673346, -0.11370013998620367, 0.2899732084897197, -0.3449336994122488, -0.20109158796932058, 0.34240727635757884, 0.38513863047533514, 0.2970528130622278, 0.14100670989600694, 0.7367760362249571, -0.06544492542664582]], "inverted": false, "swapped": true, "error_lsq": 0.047847748946913675, "error_max": 0.285829331647306, "target": "161.xyz", "model": "7.xyz", "model_rescale": 3.7474275329858107, "target_rescale": 4.221412068222684},
{"mapping": [12, 1, 2, 1, 0, 10, 4, 9, 11, 8, 3, 5, 7, 6, 14], "R": [[0.31532756760229247, 0.4141051375978896, 0.8538650128240735], [0.8882079882264585, -0.44560590873078254, -0.11190149129891552], [0.33414831252114596, 0.7936953503197854, -0.508323318489349]], "T": [-0.0355234250497071, -0.0009846793225344822, -0.04318517262473428], "aligned_model": [[-0.36317715707527165, 0.4271406713044039, 0.42664923034750346, 0.4271406713044039, 0.507717607929657, -0.12195293787528762, -0.21084174865828081, -0.5202055278488829, -0.6046963797070869, 0.010838730846797012, 0.5824913423477737, 0.11195225683159399, -0.22618765407275918, 0.4175482682035039, -0.03574745408205197], [0.17645521779888834, -0.11552812085871345, -0.6774766382274383, -0.11552812085871345, 0.3411892562583883, 0.7505739581701915, -0.7618136447376634, -0.06757441124744051, 0.23608207931945674, -0.5446154822463692, -0.09617910043867414, 0.025798411240885603, 0.4376267284329225, 0.5259098284788747, -0.049254457333686504], [-0.5349175526838617, -0.6242390031737933, -0.23643258396559413, -0.6242390031737933, -0.19157457764927635, -0.09752588858498357, -0.09445520907829749, 0.5407578955905987, 0.03632240703554258, 0.3661147375506035, 0.30771410986471914, 0.6572111818313727, 0.44173215711492225, 0.38582102408939695, -0.07842800519997387]], "inverted": true, "swapped": false, "error_lsq": 0.05388127098243163, "error_max": 0.3886814726069784, "target": "161.xyz", "model": "8.xyz", "model_rescale": 4.019505241142653, "target_rescale": 4.221412068222684},
{"mapping": [4, 12, 10, 3, 1, 2, 9, 5, 0, 8, 7, 6, 14], "R": [[0.20622393435940178, -0.8048204423301931, -0.5565390772486345], [-0.32928000835303595, -0.5926728069021115, 0.7350602832814443], [-0.9214371193935884, 0.03167016839558551, -0.3872346000003635]], "T": [-0.04954475811823639, -0.04101264668451353, 0.005356226941387087], "aligned_model": [[-0.22870843407760535, -0.7416315460950957, -0.11315105788742054, 0.3888146250212325, 0.5158362930010134, 0.664215752977678, 0.322812430251111, -0.37883131823054184, 0.13314102887990714, -0.2151068322479413, -0.3652616191034568, 0.3571095253743713, -0.0195380761220757], [-0.6555948740062885, 0.14637457409716126, -0.06023746289894526, -0.4121308241492231, -0.5805237099685505, -0.015143311958135133, 0.5539194886374157, -0.6914050244747989, -0.41622463048572783, 0.200929694843426, 0.7112108072040737, 0.2803503013883335, 0.0018531998853174511], [-0.4003336002205328, 0.06725574594280155, -0.6947626773587302, -0.47926682972758944, -0.0001757997424090118, -0.1164864362728243, -0.13790808899253176, 0.20527778850995523, 0.5029289589545834, 0.5971947979451211, 0.14191725588218335, 0.5081788070503496, -0.01711642792649848]], "inverted": false, "swapped": true, "error_lsq": 0.043025633885283084, "error_max": 0.28147658620752436, "target": "161.xyz", "model": "9.xyz", "model_rescale": 3.877068213659057, "target_rescale": 4.221412068222684},
{"mapping": [11, 10, 14, 6, 12, 0, 9, 7, 8, 2, 3, 4, 1, 5, 15], "R": [[-0.7571709035603348, 0.3933761997835904, -0.5214857507597372], [-0.5100200113151031, 0.1427822545824991, 0.8482292236385637], [0.40813209976644593, 0.9082226561918388, 0.09251916515010644]], "T": [0.13980028699737201, -0.0819840766049417, 0.023382805097312713], "aligned_model": [[-0.1637620803243603, 0.18345930911248096, 0.1828829558194195, 0.6868111872203511, 0.44369146786677593, -0.15481128754654783, -0.3003791668825959, -0.40534787680196116, -0.625284875754357, -0.11186316470549951, 0.665238557962606, 0.20909250572192817, -0.2140603972506624, 0.3225895149794353, 0.11041327037900336], [0.22779133887966693, -0.27301858612334773, -0.77387583342574, -0.10491396851946813, 0.5007303086293482, 0.6360569886272419, -0.4930030285294328, -0.10509389532497646, 0.0008971372522346976, -0.6314867070831501, 0.09695705558485143, -0.13483846357962154, 0.5141790185844078, 0.6053065174271428, -2.2378648248319588e-05], [-0.5737305487736819, -0.6583873067592372, -0.33571499095438173, -0.2604443786234893, -0.33198926913524823, -0.15378119920032507, -0.24671120342653247, 0.6304791608776374, -0.03227987481318828, 0.29736770271765756, 0.3310450181556037, 0.6945725561712769, 0.5451862070421466, 0.34775169961600005, 0.0004981166733442934]], "inverted": true, "swapped": false, "error_lsq": 0.04001753345539509, "error_max": 0.24860893443039472, "target": "161.xyz", "model": "10.xyz", "model_rescale": 4.260839863003843, "target_rescale": 4.221412068222684},
{"mapping": [13, 11, 9, 10, 2, 3, 4, 12, 8, 6, 0, 14], "R": [[-0.46731500175994756, 0.8452704968635951, 0.25910321546069504], [0.195959416517403, 0.38481569014772443, -0.9019516570716468], [-0.8621001079968957, -0.3707218252923636, -0.3454688582834046]], "T": [0.04040884135145452, 0.05616451357391853, 0.042644113717650554], "aligned_model": [[0.4105532689232242, 0.19038393409573823, -0.44681918324682957, -0.14797587326142853, -0.6644216585158548, -0.4781589154497805, 0.15681266167098307, 0.6704754352888223, 0.36628089320390284, -0.20487439381538347, 0.1086035665005984, -0.0019610862998619], [-0.02675774149518092, -0.5313836489006808, -0.45161992723317496, -0.06690853270825886, 0.17547855694610523, 0.42513121645585855, 0.5283774375511624, -0.27273427686198976, -0.1064964117649777, -0.06535093816113643, 0.5472234409468056, 0.01811933075840188], [-0.6766304843925144, -0.3634374779180426, 0.17636995007446946, -0.6236486595181474, 0.16074174184454004, -0.35697847230182184, -0.5386133832917358, -0.07036613321143706, 0.593614730294672, 0.7108824898081791, 0.46210491344924876, 0.04213886255809392]], "inverted": false, "swapped": true, "error_lsq": 0.053293611259188654, "error_max": 0.30783762013361377, "target": "161.xyz", "model": "11.xyz", "model_rescale": 3.890672605050136, "target_rescale": 4.221412068222684},
{"mapping": [0, 1, 3, 5, 4, 7, 6, 12, 8, 9, 10, 2, 11, 14], "R": [[-0.37213357876660963, -0.8491156454050994, 0.37485893384396896], [-0.9091707981191521, 0.4147783043541973, 0.03697861658365051], [-0.18688247483843778, -0.3270498111379036, -0.9263440838224867]], "T": [0.10064965804090412, -0.04539546531886184, 0.11365814281120601], "aligned_model": [[0.28111705605380466, 0.36283864390111775, 0.3434701107176005, 0.783772609519959, 0.7952114623247564, -0.47502005140077563, -0.4367659766702986, 0.1966407364603865, -0.15263709412027968, -0.5593081289749622, 0.26290775412403466, -0.1859408932750766, -0.060320040093833516, 0.05390964622726044], [-0.33235946658205795, 0.3091617854731973, 0.6275243940685046, -0.3385774097805062, 0.2465131399105659, -0.39144595157389445, -0.2716152303670045, -0.487343360925679, -0.6497523361288198, 0.2282060764684382, 0.5073803032147078, 0.4412281386213715, 0.057028066851480354, -0.013795629422538563], [-0.4402551477277731, -0.531558576821957, -0.1164814845681229, -0.023439979504692954, 0.19592866613946636, 0.5963792031657267, -0.31234825527913923, 0.673477232776512, 0.03108462994946072, 0.16578012740295264, 0.5170104640699308, -0.34024961019907163, 0.8180769153297093, 0.1213862506238593]], "inverted": true, "swapped": true, "error_lsq": 0.05034160628322026, "error_max": 0.31166571066288623, "target": "161.xyz", "model": "12.xyz", "model_rescale": 4.124412569039231, "target_rescale": 4.221412068222684},
{"mapping": [2, 10, 11, 1, 9, 6, 4, 0, 13, 5, 8, 12, 14], "R": [[0.6775790008185718, 0.1921430575299301, -0.709906855223103], [-0.4918037550007799, -0.5993208454584263, -0.6316198150518474], [-0.5468233391295937, 0.7771071802795589, -0.31159054244491174]], "T": [0.14787294745704083, 0.06665556822797934, -0.003085535164797001], "aligned_model": [[-0.1431058467005365, -0.08484891995649502, 0.529711603024862, -0.5323154140070333, 0.4680545886128291, 0.4419108204482356, -0.45112273785670254, -0.07297206094341788, 0.04829089097045586, -0.21685966820947827, 0.621814844047984, 0.593177671814269, 0.16556253626478581], [-0.37479911998163873, 0.5894801749116639, 0.6263032598149597, -0.31517948278673147, -0.14028229809038167, -0.5894860125792031, 0.5057425568143442, -0.3850544393109316, 0.8715169355805442, 0.2065211195235485, -0.22659194212550127, 0.5216495694696813, 0.05766505526812333], [0.4923112995713257, 0.405664753105205, 0.26821012118051835, 0.04491769842650629, 0.6033625019657058, 0.06393948200832263, -0.1540887080301787, -0.4140871222128863, -0.06241966112936297, -0.6502456862620016, -0.357493164130595, -0.3386653384250824, 0.050291904900362255]], "inverted": true, "swapped": true, "error_lsq": 0.04677962031105018, "error_max": 0.250304100234804, "target": "161.xyz", "model": "13.xyz", "model_rescale": 3.9028299243045295, "target_rescale": 4.221412068222684},
{"mapping": [1, 2, 8, 0, 3, 6, 12, 14, 11, 13, 4, 10, 9, 7, 15], "R": [[0.041322805581513466, 0.9990444613885368, 0.014233408156903674], [0.997518605201867, -0.04043862026842043, -0.057631157084590504], [-0.057000508901190405, 0.01657957055158761, -0.9982364749022803]], "T": [0.09848477016017104, -0.04222601771365936, -0.04330231473320654], "aligned_model": [[-0.3796897236949165, 0.172026597847421, 0.3278575606348379, 0.8360059907290323, 0.524152802939327, -0.050351051546946385, -0.3415645278309599, -0.4896286753261398, -0.63560644276265, -0.12124084097996146, 0.7101639542232736, 0.21601297393258723, -0.2907165503071515, 0.2826807534727362, 0.06856709846552665], [0.16587424503191156, -0.07117236260078849, -0.6671560316710088, -0.1450259054492543, 0.3818717595992325, 0.5767955726487719, -0.5727657857422825, -0.09689300381256376, 0.019147308641746234, -0.639413906503677, -0.041691809749602696, -0.031152167489074553, 0.5217644524918756, 0.617574729819198, 0.047908408536424835], [-0.43091318895432706, -0.7753566011449992, -0.4349115079383147, -0.4075975817034148, -0.2095468526475073, -0.2409596725299014, -0.13882434799534848, 0.6156246528831106, 0.013267060899730829, 0.4339173758568307, 0.24860788428090244, 0.6925081861487851, 0.3190270080209619, 0.5494562947561628, 0.019562979634910334]], "inverted": true, "swapped": false, "error_lsq": 0.03977335365925961, "error_max": 0.20934046580930282, "target": "161.xyz", "model": "14.xyz", "model_rescale": 3.942246331269136, "target_rescale": 4.221412068222684},
{"mapping": [6, 11, 8, 13, 4, 10, 7, 2, 9, 0, 12, 1, 5, 3, 14], "R": [[0.19803357327899793, 0.780857720476316, -0.5924895984123972], [-0.9485538608803948, 0.305010347370149, 0.08493680595618164], [0.2470390189084485, 0.5451879569191465, 0.8010878945328526]], "T": [0.07014195522354971, 0.067891409138907, -0.02794486462780703], "aligned_model": [[-0.22715736277862025, 0.28259565864071334, 0.1226809851166949, 0.8440763192272852, 0.37616347166167785, -0.15588077575343873, -0.5791200862826378, -0.4352370331863087, -0.7082190649185369, -0.05773553867573816, 0.7737772032982666, 0.3162474398976723, -0.195531763352856, 0.3995594335692192, 0.07245103333262386], [-0.1443511633548183, -0.011399596623657138, -0.6469719609269322, 0.0249234275264903, 0.5275295943561222, 0.6040731847115286, -0.4863975180151282, -0.20785052744603444, 0.23544169246692676, -0.5523677491972052, -0.10733788734241671, 0.031777646546687285, 0.2784277025190471, 0.5157886308670304, 0.004380027663268435], [-0.4514488141667829, -0.7081561442799774, -0.3195798055450257, -0.27311663966646194, -0.22478883098120644, -0.4407684887927242, -0.0748713477976058, 0.47326006463935494, -0.1472902919069125, 0.3457440513470623, 0.34923995675852676, 0.743268025789208, 0.5085917162468345, 0.42748914182016934, 0.04628909610312276]], "inverted": true, "swapped": false, "error_lsq": 0.047526795914878475, "error_max": 0.2987384374909268, "target": "161.xyz", "model": "15.xyz", "model_rescale": 4.355366556412066, "target_rescale": 4.221412068222684},
{"mapping": [11, 12, 7, 2, 9, 10, 6, 1, 8, 4, 0, 14], "R": [[0.6132375543618305, -0.7821980394758611, 0.11002694651966125], [0.08387549773624484, 0.20298691703960664, 0.9755824990180242], [-0.7854327487441674, -0.5890352608722802, 0.19008645046216882]], "T": [0.02455140428693773, 0.02632380459069169, 0.025839928965446866], "aligned_model": [[-0.1145064401545039, 0.48034544944356833, 0.07260053335376715, -0.5572592793473263, -0.5285392553545633, -0.36745443858738647, -0.050049696337006004, -0.18694825687782246, 0.431004368681313, 0.10297033321841298, 0.3408369552574589, -0.02519171866413137], [-0.6896735138888236, -0.5294265726473872, -0.5581023662669773, 0.44873193290474944, -0.12001660919912668, -0.3206587154435715, 0.3491855312232064, 0.7204847101734236, 0.0400577747119859, 0.07068219333772569, 0.588993842191037, 0.012518220644738726], [0.050707308516898246, -0.01053244594328024, -0.557515458022937, -0.06380730078239849, -0.40519834207113276, 0.49543165060272776, -0.6157731779813791, 0.31595551658107857, -0.4945706367820466, 0.7783543658493802, -0.04559278228331914, 0.001799763525829487]], "inverted": true, "swapped": true, "error_lsq": 0.04892234196537993, "error_max": 0.2555239303054339, "target": "161.xyz", "model": "16.xyz", "model_rescale": 3.795458400668931, "target_rescale": 4.221412068222684},
{"mapping": [4, 1, 0, 13, 8, 2, 10, 12, 11, 9, 6, 7, 14], "R": [[-0.80534828040779, 0.44670693481256907, -0.38970124664231576], [-0.2660872277678116, -0.8598452219545646, -0.43573361300311314], [-0.5297279815745592, -0.24722279157121657, 0.811337880826896]], "T": [-0.008781935237033883, 0.08110186730072172, -0.0901775777967639], "aligned_model": [[-0.14570210738842118, -0.03403205882531765, 0.4935015373574817, -0.2745110292410605, 0.5100046219129654, -0.3470583202639277, -0.6187463948691169, 0.20743151248485012, -0.39500728023847487, -0.4238568265036563, 0.22988668261866071, -0.00258690490359495, -0.05069163123616515], [-0.4035710702484812, 0.4268915595953117, 0.330295240265375, -0.687060669407858, 0.23132063759296234, 0.6690111545983382, -0.25089704146312586, -0.4518631709874337, -0.31577609349915076, 0.5180048824244947, 0.7222442178900663, 0.06450315134473128, 0.11067846736525583], [-0.6565168602513691, -0.7905706414770087, -0.41782178914673346, -0.11370013998620367, 0.2899732084897197, -0.3449336994122488, -0.20109158796932058, 0.34240727635757884, 0.38513863047533514, 0.2970528130622278, 0.14100670989600694, 0.7367760362249571, -0.06544492542664582]], "inverted": false, "swapped": true, "error_lsq": 0.047847748946913675, "error_max": 0.285829331647306, "target": "161.xyz", "model": "17.xyz", "model_rescale": 3.7474275329858107, "target_rescale": 4.221412068222684},
{"mapping": [0, 6, 2, 8, 4, 13, 3, 9, 5, 10, 12, 7, 11, 14], "R": [[-0.5326430763625907, 0.5394043498928189, 0.6521765869146953], [0.1528629421994265, 0.8192258075213698, -0.5527223509078447], [-0.8324207314243984, -0.19471010145255738, -0.5188098903135951]], "T": [0.06210012641635121, -0.06615430622662027, -0.046755387145291726], "aligned_model": [[0.22646442236732717, 0.19483393695194418, 0.7318725221452465, -0.32024178436909617, 0.20913693418305165, -0.2771707480873512, 0.707759231437422, 0.23702773848552314, -0.06964800720230374, 0.18962042755885022, -0.6441697810055564, -0.5111621823763637, -0.34016336314064904, 0.08068830093483204], [-0.41048777121666985, 0.316984566991955, 0.19883804463172455, 0.05011432215447606, -0.6623373577562395, -0.34894356035730173, -0.22740579667186003, 0.6277896832924392, -0.8041754328360273, -0.035234322800705875, -0.11734496450126425, 0.5279271503306928, 0.2586162948989212, -0.013932614648906744], [-0.5722604739967285, -0.644299307802086, -0.1251959134334438, -0.5726033313774677, 0.3974755426832671, 0.636006984838126, 0.30234264266711486, -0.015757717310311455, -0.14358389794915355, 0.6441602100941035, 0.08166570704359702, -0.09778208415962555, 0.4683327338110086, -0.033706376446745664]], "inverted": true, "swapped": true, "error_lsq": 0.04192100477440809, "error_max": 0.30333753513720046, "target": "161.xyz", "model": "18.xyz", "model_rescale": 3.922800546911778, "target_rescale": 4.221412068222684},
{"mapping": [6, 1, 2, 0, 5, 8, 10, 11, 4, 9, 3, 7, 13, 12, 14], "R": [[-0.42746961600703004, 0.8484231945969596, -0.3121663182675094], [-0.8020711526734192, -0.19662356088323651, 0.5639335433849709], [0.4170750453334928, 0.49144405396289603, 0.76454636771394]], "T": [0.04469734852737095, 0.07454746735832889, -0.03413999631018489], "aligned_model": [[-0.41059641965114335, 0.2005338745606825, 0.1950873787600172, 0.82841568811508, 0.6148357815858468, -0.12222278989936602, -0.4845443799889958, -0.41166826122941835, -0.6787991590999757, 0.11502382215251633, 0.5873345793179419, 0.17994807713544342, -0.310715420691288, 0.45980262180537357, 0.06623452692330149], [0.06229758693453029, -0.060655962116888965, -0.6071705880263127, -0.12183933677243637, 0.5244478736432943, 0.610288820072776, -0.5292524778950803, -0.1551714416500003, 0.09401421999465195, -0.6607750703701502, -0.08681924358761907, -0.05357933351081447, 0.45021399747335966, 0.5550487609898435, 0.04461769857175561], [-0.5521412482396794, -0.7450675831626397, -0.1946775139096314, -0.24782299290576498, -0.26880041427615525, -0.27808573700042966, -0.11114302334350715, 0.46204874383225497, -0.027737802546012914, 0.30805605645925443, 0.2636096702614719, 0.742713775238026, 0.41793319294996384, 0.429993781260193, 0.05498278495023839]], "inverted": false, "swapped": false, "error_lsq": 0.03335927285617393, "error_max": 0.2178008537361401, "target": "161.xyz", "model": "19.xyz", "model_rescale": 3.9282355846067225, "target_rescale": 4.221412068222684},
{"mapping": [3, 2, 6, 1, 4, 0, 5, 8, 13, 11, 9, 10, 7, 14], "R": [[0.9629034735126624, 0.15709980202958332, -0.2194004396064779], [0.07604757184813443, -0.9380861580430249, -0.33795136766120687], [-0.25890860841859403, 0.3087296751048449, -0.9152334785159493]], "T": [0.04113843430688247, -0.06805818695275628, 0.01687406766127551], "aligned_model": [[-0.6424829771816826, -0.17986818035686802, 0.546701510291311, -0.38139438551622673, -0.5987259016425075, 0.18796459013181444, -0.10716319326891116, 0.6834393333256734, -0.3678019712079558, 0.029920710421742942, 0.19455537827119132, -0.5157114625982573, 0.6412018543488933, 0.04188751406645911], [-0.36842494652373686, -0.7559023002154599, -0.5643628402394707, -0.4575251471561443, 0.28996006716894107, -0.15267016564791036, 0.4251837316088291, 0.003924670783110873, 0.5545480021501186, 0.20708575929784717, -0.5886867333280255, 0.020118774245417623, 0.017872543639251837, -0.10823932835793285], [-0.06791232856793177, -0.03785687772551484, -0.12298323487065792, -0.5127862260856457, -0.1749376475216983, -0.6100387223097169, -0.5364138786834538, -0.11909583508828504, 0.3430154835576194, 0.6927273078316505, 0.4843437924487488, 0.4372606170628874, 0.579640428581342, 0.05722027861433905]], "inverted": true, "swapped": true, "error_lsq": 0.04650559153012669, "error_max": 0.255717997911595, "target": "161.xyz", "model": "20.xyz", "model_rescale": 4.067790424073018, "target_rescale": 4.221412068222684},
{"mapping": [5, 1, 7, 9, 10, 13, 8, 2, 4, 0, 12, 3, 6, 11, 14], "R": [[0.9489127748932329, 0.063120730377459, 0.3091606686514975], [-0.28558791850292375, -0.2448398766828325, 0.9265489601694575], [0.13417930708418596, -0.9675066967119926, -0.21430516878474073]], "T": [0.001989344218403237, 0.017850478194765085, 0.04042040636200972], "aligned_model": [[-0.3860795473484118, 0.20608888085492283, 0.21068222065700323, 0.6768366611241584, 0.6115145930376903, 0.09510019951002233, -0.2838412525258317, -0.4068173835647255, -0.7921522022082089, 0.034643951648824826, 0.7103105889695592, 0.19119680744456882, -0.436645122868176, 0.328048084477117, 0.06978344058750324], [0.16718031828519897, -0.09553276270470039, -0.6038911987396888, -0.16518032009182237, 0.4019061072083682, 0.6024334417126724, -0.35533615801184915, -0.24235047815361221, -0.08928940460787808, -0.626417219875162, -0.01525915382683107, 0.07002934235938778, 0.4625352095743311, 0.5085501889779448, 0.046287591644549236], [-0.37858944449421406, -0.7462133846149039, -0.3153161923951363, -0.29888878186101514, -0.3497937225831381, -0.3333664747195525, -0.2823806178722392, 0.605127811283862, 0.05866169163645235, 0.337591803636716, 0.3305904141148011, 0.8682023333481146, 0.43717246578568497, 0.3067505505765774, 0.014313237725573177]], "inverted": false, "swapped": false, "error_lsq": 0.03922407138335059, "error_max": 0.2674967330661961, "target": "161.xyz", "model": "21.xyz", "model_rescale": 4.186013935880536, "target_rescale": 4.221412068222684},
{"mapping": [3, 4, 1, 9, 11, 2, 10, 13, 0, 5, 12, 8, 14], "R": [[0.3306800622384326, 0.8422996223369393, 0.4256548398045485], [0.601452625679075, -0.535658781368017, 0.5927262513227145], [0.727258850411415, 0.06000846735570364, -0.6837349986243841]], "T": [0.0902340751903965, 0.0021660367194373045, 0.12191251473588537], "aligned_model": [[0.13717317823319364, -0.4225392197059479, 0.40716505440358086, 0.5176577170295144, -0.30924744268541227, 0.6481817817829892, -0.2793404162211972, -0.6919260748203028, 0.3544802713458707, -0.29200770058176273, -0.41295470632962195, 0.2835914399175107, 0.11834015305481055], [-0.2786019387905647, 0.05885728245618461, 0.16986441416095696, -0.526679146266576, -0.48985154789977314, -0.27053971785059716, -0.5334112683090874, -0.21210563145212502, 0.5676992529138111, 0.5974603808722478, 0.1036119539335941, 0.37903515484999, -0.046382529071968555], [-0.5735824327798228, -0.4332854891183239, -0.5724868892876663, 0.3471914272388654, 0.483770006073885, -0.25130974128681266, -0.1448335831239469, 0.06231304251562857, -0.05720443700364207, -0.14440380698047622, 0.6263323984537958, 0.6286692497154801, 0.13170981691838118]], "inverted": true, "swapped": true, "error_lsq": 0.04985570046039515, "error_max": 0.2736031443709323, "target": "161.xyz", "model": "22.xyz", "model_rescale": 4.166573947596378, "target_rescale": 4.221412068222684},
{"mapping": [5, 13, 10, 14, 12, 6, 7, 4, 0, 8, 9, 3, 2, 11, 15], "R": [[-0.7388668567884997, 0.05538710884138687, -0.6715713187098413], [-0.6312854621334109, -0.4054913919693291, 0.6611016535584993], [-0.23569987958946603, 0.9124193110697343, 0.3345692268403401]], "T": [0.08709551484793371, 0.03927657531917285, 0.074212173546375], "aligned_model": [[-0.3819088421025149, 0.162927092126457, 0.2743522385934857, 0.7154822854579397, 0.5146813838305294, -0.13543984028578626, -0.24995272416065456, -0.43152504191029445, -0.6747674193782214, -0.07510613926637216, 0.555488348326227, 0.12543576077271834, -0.21544936743225324, 0.6163837867477422, 0.02806839847701393], [0.0207283339881503, -0.16395290820271202, -0.5129047964407479, -0.05763345139077984, 0.4949808305085682, 0.697253279571499, -0.4691202173252096, -0.05782596247160969, -0.2541242865301633, -0.6191795699033117, -0.22797057802674237, 0.1336706095593828, 0.5627726697244633, 0.4583663740483072, 0.06060517664181402], [-0.6119021442654369, -0.7441767852077272, -0.3958642938474872, -0.39665540493578155, -0.12298141579641747, -0.23667736365875525, -0.2990448872848037, 0.5855411563226, 0.05883145326432272, 0.5148994418472819, 0.3380990410801247, 0.6667038982635641, 0.36955548655272485, 0.4820246221755112, 0.04550888505786195]], "inverted": true, "swapped": false, "error_lsq": 0.04739304017321925, "error_max": 0.2845743423488405, "target": "161.xyz", "model": "23.xyz", "model_rescale": 4.274766983524099, "target_rescale": 4.221412068222684},
{"mapping": [10, 2, 1, 4, 0, 5, 12, 8, 7, 6, 14], "R": [[0.08056594457416848, 0.6432775510882587, -0.7613823749212777], [0.12105258970012911, 0.7518965651126317, 0.6480723924830609], [0.9893712140050187, -0.1443798726890943, -0.017293156464818785]], "T": [0.013818640162216414, 0.04803378601781223, -0.007250324698289727], "aligned_model": [[0.15900609028182827, 0.1234292943309019, -0.46305183780540415, -0.49685787251052355, -0.45494363803897847, -0.6890511653806759, 0.12664309134183416, 0.09245959195187528, 0.684218695970239, 0.23501668872213366, 0.06302576509484474], [-0.2491060785722709, 0.6785486848004542, 0.5731834905420025, -0.2635375547525524, 0.3850148237425961, -0.19999602147486661, -0.5804469917933909, 0.09491676729338262, -0.19590115982526207, 0.6038652142615745, 0.06904535702181641], [-0.6279034808864743, -0.3469640146844984, -0.33523029172508706, -0.47257598678958507, 0.29014244581202925, 0.11870111669700534, 0.32473190102299193, 0.6468424652866063, 0.41134934429936026, 0.39721876489221974, -0.026745829902990254]], "inverted": true, "swapped": true, "error_lsq": 0.05733014990897464, "error_max": 0.33470728802855404, "target": "161.xyz", "model": "24.xyz", "model_rescale": 3.7841303162186577, "target_rescale": 4.221412068222684},
{"mapping": [4, 1, 8, 0, 7, 6, 2, 12, 5, 9, 10, 14, 13, 11, 15], "R": [[-0.30155289930932977, -0.6131687506896997, 0.7301300788871601], [-0.9218721544678121, -0.007939946558459088, -0.3874128135019843], [0.24334662466328089, -0.7899120460065678, -0.5628688833455857]], "T": [0.11502579050198147, 0.010266109431031067, 0.0036111258956031678], "aligned_model": [[-0.3974154917041226, 0.19595876897041264, 0.18259275841643272, 0.6863549416039506, 0.6581624410506868, -0.004750461636246456, -0.3846677629762647, -0.4515578075956196, -0.7594091874161905, 0.055017751798131426, 0.7541490685771227, 0.10501265712351793, -0.1835002700591571, 0.2793173567437798, 0.0934051568995819], [0.08855230490778684, -0.1902324742914739, -0.470390993204426, -0.09507118142858906, 0.34581073467270634, 0.608808493803193, -0.5394229080773496, -0.14294092881006207, -0.05766820561944849, -0.4535332890379695, -0.05866631816370431, -0.16736940990342877, 0.4198481398861344, 0.7079349967072954, 0.07000654231024431], [-0.533026132172726, -0.707927042247682, -0.3338221833253424, -0.44784984208175427, -0.11974990280640076, -0.3829469108554594, -0.12654787137379894, 0.48390534429543386, -0.005723951798342869, 0.3549369885883946, 0.4418175397299754, 0.7766857159199316, 0.5995345679291945, 0.27873650486163426, -0.02416113509547544]], "inverted": true, "swapped": false, "error_lsq": 0.04406605890882191, "error_max": 0.2615241413937925, "target": "161.xyz", "model": "25.xyz", "model_rescale": 4.19342608120988, "target_rescale": 4.221412068222684},
{"mapping": [11, 12, 7, 2, 9, 10, 6, 1, 8, 4, 0, 14], "R": [[0.6132375543618305, -0.7821980394758611, 0.11002694651966125], [0.08387549773624484, 0.20298691703960664, 0.9755824990180242], [-0.7854327487441674, -0.5890352608722802, 0.19008645046216882]], "T": [0.02455140428693773, 0.02632380459069169, 0.025839928965446866], "aligned_model": [[-0.1145064401545039, 0.48034544944356833, 0.07260053335376715, -0.5572592793473263, -0.5285392553545633, -0.36745443858738647, -0.050049696337006004, -0.18694825687782246, 0.431004368681313, 0.10297033321841298, 0.3408369552574589, -0.02519171866413137], [-0.6896735138888236, -0.5294265726473872, -0.5581023662669773, 0.44873193290474944, -0.12001660919912668, -0.3206587154435715, 0.3491855312232064, 0.7204847101734236, 0.0400577747119859, 0.07068219333772569, 0.588993842191037, 0.012518220644738726], [0.050707308516898246, -0.01053244594328024, -0.557515458022937, -0.06380730078239849, -0.40519834207113276, 0.49543165060272776, -0.6157731779813791, 0.31595551658107857, -0.4945706367820466, 0.7783543658493802, -0.04559278228331914, 0.001799763525829487]], "inverted": true, "swapped": true, "error_lsq": 0.04892234196537993, "error_max": 0.2555239303054339, "target": "161.xyz", "model": "26.xyz", "model_rescale": 3.795458400668931, "target_rescale": 4.221412068222684},
{"mapping": [9, 11, 7, 6, 0, 3, 10, 2, 4, 8, 1, 5, 14], "R": [[0.5741498179577239, -0.375139239414856, -0.727751700506674], [0.44011119661571335, -0.6081088296668585, 0.6606858450842492], [-0.6904014203002464, -0.6996243294314792, -0.18404259429533049]], "T": [-0.006888984810077797, -0.035491186377031914, -0.030017130947687553], "aligned_model": [[-0.05287873510716762, 0.43370815578562605, 0.6664335996301954, -0.05101557704943682, -0.21697010049999968, -0.680435158580769, -0.14544612442984167, -0.6145813005717777, -0.2724495080530501, 0.40448343034156575, -0.7456095915601545, -0.009589078871994366, -0.01597362821193918], [-0.6292480663654598, -0.5453885072125229, -0.4028680106013019, -0.00497823931207049, 0.5274300366450952, -0.19828237288148784, -0.48502161699787555, -0.28822086078432596, 0.15735589491959498, 0.23287944181826542, 0.21887938432528997, 0.626561841709983, -0.08721742200627017], [-0.4280830751366732, 0.2501373133147416, -0.33959287583311326, -0.7501519805856867, -0.2764362347201018, 0.26081226729406276, 0.4927697721910873, -0.33301331128068057, 0.6531247170721999, -0.4715709024368, -0.04861824954801727, 0.33479379546650606, -0.052034573698098954]], "inverted": true, "swapped": true, "error_lsq": 0.04733976986370636, "error_max": 0.2907622836362553, "target": "161.xyz", "model": "27.xyz", "model_rescale": 3.6321398670334006, "target_rescale": 4.221412068222684},
