[{"mapping": [10, 7, 8, 9, 2, 11, 12, 5, 4, 0, 1, 3, 13], "R": [[0.18052361343178364, 0.1556928978489893, -0.9711698855261711], [0.22142060040534964, -0.9684799065483706, -0.11410341067730646], [-0.9583236106397811, -0.19443865914844138, -0.20930710718675988]], "T": [0.014234266023758185, 0.0882631181564717, 0.12828666590687776], "aligned_model": [[-0.18135444920871518, -0.5356897819390151, -0.07596728919282544, -0.6155945566800215, -0.5012991503016755, 0.23509274855159176, -0.0016612060169742399, 0.7141619271341464, -0.6263564896468395, -0.35002513448624406, 0.328719824247253, 0.09365880308060436, -0.07812395775138498], [-0.33040243468499486, -0.41596699460733433, -0.6752435430291424, 0.1323251795621324, 0.36829889046571024, -0.48001649783347167, 0.3126833923445956, -0.15393929526719197, -0.4031192751307482, 0.7648366649883366, 0.5586024147968607, 0.2838876889178091, -0.032871912848408597], [-0.7671981938083968, 0.006919383124796202, 0.26793046055743014, -0.2433547750015348, 0.6253415001945035, -0.21133319450930277, -0.4051012627862409, 0.28269042423513824, 0.6397463944562299, 0.05774760262935166, 0.014603364021100379, 0.6064321207900969, 0.07052746733256847]], "inverted": false, "swapped": false, "error_lsq": 0.0458660469774507, "error_max": 0.2530005625308129, "target": "164.xyz", "model": "0.xyz", "model_rescale": 3.8414455957264533, "target_rescale": 4.056285795416489},
{"mapping": [8, 13, 11, 9, 7, 12, 6, 3, 0, 2, 5, 4, 14], "R": [[0.08337986867888103, -0.25094398467236034, -0.964403916445724], [0.25302240218950456, -0.9307274873114496, 0.2640568278859086], [-0.9638607064764831, -0.26603281925295225, -0.014109485851046766]], "T": [-0.09495056767516415, 0.0013429442074483454, 0.07800322411112431], "aligned_model": [[-0.27667578618316147, -0.6305559363828281, 0.01995527098096765, -0.704394623119097, -0.6096017901106401, 0.13223581372671972, 0.011595468861001865, 0.5622808792542401, -0.38228937182692435, -0.09703812302281793, 0.412812591648999, -0.013872785739860005, -0.01889032029669971], [-0.3046048921803763, -0.5270131459848543, -0.8277831702505342, 0.16633699939763294, 0.24744495840750896, -0.6272881817464208, 0.5350635246319585, 0.12371654644963923, -0.2310558814459465, 0.7367538310504071, 0.4042707874741157, 0.2735485617469037, -0.040315659875881774], [-0.6274570964373816, -0.015878252270326243, 0.2380405219404539, -0.1805786488602662, 0.3738459525792501, -0.2900983915530311, -0.4821909010931665, 0.48598411665562535, 0.7016574287555941, 0.1394132985611191, -0.04094429429976991, 0.5418434227836907, 0.10131413447394816]], "inverted": false, "swapped": false, "error_lsq": 0.04892858118029401, "error_max": 0.2482517514623396, "target": "164.xyz", "model": "1.xyz", "model_rescale": 4.316132596720782, "target_rescale": 4.056285795416489},
{"mapping": [10, 5, 6, 4, 9, 11, 3, 8, 0, 2, 1, 12], "R": [[-0.11592845792640627, 0.7809699275725042, 0.6137153777364581], [0.894587251750846, 0.3505810112001341, -0.2771400432827425], [-0.4315949972458837, 0.5168935352790645, -0.7392880572138553]], "T": [0.016443023538921415, -0.181991135453795, 0.00040258835485667416], "aligned_model": [[-0.2791532719748006, 0.5057585904030214, 0.1329736046420117, -0.5030113373806833, -0.569325877093054, -0.5668368657720269, -0.1266049420012344, -0.20687033597071136, 0.584456275867754, 0.4162523065348081, 0.3494441992166243, -0.13927379183992822], [-0.6230861602586383, -0.28879873640471, -0.5615228339890358, 0.4511159851674881, -0.3146087023903874, -0.0901142739870104, 0.28431020199998946, 0.594179597692751, 0.018748752711005567, 0.1591219536323237, 0.41222751173185057, -0.028796868164646133], [-0.048550601975844675, 0.13648265380289656, -0.5719512337138251, 0.04377230354515659, -0.5080178247433522, 0.3787563228881624, -0.5701001143845807, 0.4742791236965352, -0.5535420968355116, 0.6483764940148201, 0.045613957450001616, -0.025860522535037254]], "inverted": true, "swapped": true, "error_lsq": 0.04022738837202369, "error_max": 0.2749016909775724, "target": "164.xyz", "model": "2.xyz", "model_rescale": 3.795458400668931, "target_rescale": 4.056285795416489},
{"mapping": [3, 1, 0, 7, 9, 10, 5, 4, 2, 11, 6, 12], "R": [[0.05370215639021325, -0.2470450841436314, -0.967514756889789], [-0.46453425937664433, -0.8638650340302013, 0.19479508424339648], [-0.8839253363629951, 0.43898283494968854, -0.1611523203528294]], "T": [0.019471702132700813, 0.03328049415990232, 0.14354087867349513], "aligned_model": [[-0.08204250926164515, -0.08264651332174126, -0.6974900969835691, 0.3357327999110388, 0.16655413891293536, 0.12497068975463044, -0.3162420608437346, 0.6011869530327942, 0.1464718114139452, 0.7166114858465293, -0.4830943209016422, 0.16329144818402397], [-0.03266891181579924, -0.6102496211867368, -0.19042610812509014, 0.2267870727427933, 0.627639483225856, 0.5412471507112171, -0.18256797605321184, -0.2122747027734797, -0.6833415270540857, 0.1071088199954716, 0.4912661054921589, 0.0032492601306158796], [-0.5972145008721446, -0.06010222156726891, -0.18159202718857897, 0.8303071893858853, -0.3507344387054065, 0.2667408994340511, 0.4752954250833797, -0.37976438939162177, 0.5514619932109965, 0.162351398353488, -0.007750748543480679, -0.020227148560198832]], "inverted": true, "swapped": true, "error_lsq": 0.05262226113564448, "error_max": 0.2808574651602876, "target": "164.xyz", "model": "3.xyz", "model_rescale": 3.7530521520055578, "target_rescale": 4.056285795416489},
{"mapping": [6, 1, 3, 4, 9, 2, 10, 5, 7, 11, 12], "R": [[-0.5751140921160243, 0.5583996859615508, 0.5978574844957638], [0.009062640028404567, -0.7264180651533527, 0.6871933229991216], [0.8180230128824473, 0.40063273123510634, 0.41271269069150573]], "T": [-0.17482529826981869, -0.07389343668310744, 0.008780291688937127], "aligned_model": [[-0.4057268280272768, -0.18086965210955716, 0.22958255439043623, 0.5795065808117601, 0.31859314002029804, -0.4187580566167886, -0.12678078068016363, -0.6650210731415667, -0.3706829252064003, 0.34105713726867076, 0.03729950573579288], [-0.7305884593755967, 0.27473239655689746, -0.3973678151944817, 0.16510553348945028, -0.6689196537648268, 0.7088253439902558, -0.3534390189869089, 0.0719351120042516, 0.23350574401213942, 0.2164980031764947, -0.05308382759332911], [-0.016689590298883672, -0.5781210166634132, -0.5345350925426987, -0.20662931792299624, 0.15604191670879403, -0.14589325006345447, 0.4603158909683081, -0.0795232104748683, 0.6988957726998943, 0.384741007378783, -0.045772332544148496]], "inverted": false, "swapped": true, "error_lsq": 0.04864528709125724, "error_max": 0.27740689367717297, "target": "164.xyz", "model": "4.xyz", "model_rescale": 3.7855080009869324, "target_rescale": 4.056285795416489},
{"mapping": [9, 3, 5, 14, 1, 10, 15, 7, 0, 13, 8, 6, 16], "R": [[0.15032438044220944, -0.9839836394007924, -0.09580593946221361], [-0.11334502707566069, 0.07911489045561529, -0.9904007971247871], [0.9821178572258441, 0.1597405130196078, -0.0996367553583962]], "T": [-0.19403385253097497, 0.08264349989112729, 0.1394119065852501], "aligned_model": [[-0.3638860529221846, -0.41583982027201355, 0.018999759697759216, -0.6295697987295222, -0.7073244782473767, 0.2932014444306096, 0.04168777979108321, 0.43846393466634237, -0.516757074252725, -0.0822880036809577, 0.38795116512700023, 0.1699277206141225, -0.22900528843223728], [-0.25210169853117836, -0.5400121311598322, -0.6691622127988052, 0.2757080156647985, 0.07574663634802235, -0.2995637518927255, 0.317963785645399, -0.17439987196364293, -0.45317086281434893, 0.7916853617891456, 0.3709968176587353, 0.40280606585429884, 0.08257812387428609], [-0.465575615107981, -0.07393917307977735, 0.35038132391122995, -0.34093373027521223, 0.6958192266434089, -0.24462410234213622, -0.6144964312475452, 0.44802934946872675, 0.6054876238250263, 0.041227680681192716, -0.13161517198380962, 0.5765674540698795, 0.09862285667273707]], "inverted": true, "swapped": false, "error_lsq": 0.047464251828016564, "error_max": 0.2776026895154661, "target": "164.xyz", "model": "5.xyz", "model_rescale": 4.2253639853439635, "target_rescale": 4.056285795416489},
{"mapping": [0, 1, 8, 4, 2, 9, 7, 11, 10, 3, 6, 5, 13], "R": [[-0.4503386818024203, -0.4725400474314087, -0.7575625223346129], [-0.08416325283008158, 0.8671579724764468, -0.4908702452212784], [0.8888822298513558, -0.15729893306713896, -0.4302852857238109]], "T": [-0.07942497559208017, -0.054707473218400825, 0.056800685162766325], "aligned_model": [[-0.21466747281499526, -0.6279897661676946, 0.07950439800821082, -0.7542990929721944, -0.3931273318436067, 0.07378148238524646, 0.21385223219627536, 0.6454098650513811, -0.5104986680374274, -0.26273078063914523, 0.2037314340359231, 0.0499454462844946, -0.0973504576965674], [-0.11305168423274073, -0.5257281202248412, -0.686789101434506, 0.13101767781215579, 0.370699053494913, -0.5575343570078121, 0.4356246475860374, 0.014138056884691809, -0.2731563394372882, 0.5807485394633262, 0.5143610210294859, 0.037674218923148116, 0.0010706648175825909], [-0.7314683484245131, -0.06938173275919773, 0.40476497223456853, -0.04790082471944434, 0.4700702470097376, -0.25350454144170886, -0.49361198431914094, 0.33144324484239956, 0.669147024188612, -0.19933230857492107, 0.1552966986055976, 0.6695569036960637, 0.039871940897686864]], "inverted": true, "swapped": false, "error_lsq": 0.05253796851520654, "error_max": 0.3051630324280824, "target": "164.xyz", "model": "6.xyz", "model_rescale": 3.89814844738969, "target_rescale": 4.056285795416489},
{"mapping": [3, 6, 1, 8, 9, 0, 7, 2, 5, 11, 4, 10, 12], "R": [[-0.9439120907119093, -0.007902051892772793, 0.3301022910913467], [-0.3278546056505608, -0.09643491012591665, -0.9397934164818998], [0.03925968111927941, -0.9953079250588184, 0.08843535352743376]], "T": [-0.07151751911955201, 0.037618185440458037, -0.006377325582809734], "aligned_model": [[-0.3744745093124129, -0.5745850941306023, 0.12099603481257443, -0.6633825810831671, -0.7277583240153946, 0.16340124620365665, 0.11415023923723805, 0.4647710616897957, -0.3390315522164738, -0.28939747297584356, 0.4642251404717033, 0.038917788909567, 0.007729310199258807], [-0.2934005125159945, -0.4127020293322564, -0.7192975898701621, 0.2704138508747416, 0.17184416632057276, -0.4450905009922863, 0.23970250034566595, -0.10422376560543045, -0.38161112025613503, 0.8171897854095376, 0.3939039979617065, 0.28896474546709155, 0.10338074986710122], [-0.6779617360379728, -0.04524337976040804, 0.3173720414778619, -0.23700407792639375, 0.5846195196549981, -0.25700829974542705, -0.6030045900637528, 0.4338763098797016, 0.5896592801438851, 0.005319488181612805, 0.03281464903490829, 0.6744549684187437, 0.1270571179779828]], "inverted": true, "swapped": false, "error_lsq": 0.03756066704379672, "error_max": 0.2272171985830552, "target": "164.xyz", "model": "7.xyz", "model_rescale": 3.7474275329858107, "target_rescale": 4.056285795416489},
{"mapping": [2, 8, 5, 13, 11, 3, 1, 6, 9, 12, 0, 10, 14], "R": [[0.8001843411483996, 0.15020659155893032, 0.5806401639855364], [0.054885250524324296, -0.9824074728528515, 0.17850256737020986], [0.5972374983670935, -0.11096637839959829, -0.7943512028121399]], "T": [-0.17182595591725233, 0.03948949369581075, 0.0759012503019281], "aligned_model": [[-0.20656342333094127, -0.4114954132143657, 0.027225852966647618, -0.9527351024277789, -0.48854215928861233, 0.30594498217388, 0.08364015721244925, 0.5395117015962421, -0.5497132566455221, -0.37958751279673686, 0.452856068041975, 0.18818932602599783, -0.20316993252333476], [-0.22102950685089132, -0.5739055664844059, -0.5798093461178194, 0.4077180327479177, 0.21728885928320518, -0.4504631168217788, 0.37148748585767316, -0.1876827336502814, -0.37425624292212906, 0.6189775971749633, 0.1967744742451566, 0.45692012497580503, 0.047054216236738014], [-0.7237941007922725, -0.101624430212019, 0.3756824845502156, -0.17449938191836142, 0.5804388482157192, -0.1381452566705773, -0.5480508458502903, 0.4065515406746639, 0.5919982309820898, 0.11678269118288873, -0.06283245671535301, 0.5968657639924191, 0.02557820379661664]], "inverted": true, "swapped": false, "error_lsq": 0.056340495934641716, "error_max": 0.3200193778397152, "target": "164.xyz", "model": "8.xyz", "model_rescale": 4.019505241142653, "target_rescale": 4.056285795416489},
{"mapping": [3, 2, 6, 0, 1, 5, 4, 11, 10, 7, 8, 9, 12], "R": [[-0.7424681763511665, -0.06019033641996864, -0.6671717398896813], [0.4245887709165444, 0.7280622263653853, -0.5381912022241325], [0.5181364518322868, -0.6828634694736057, -0.51500689251807]], "T": [-0.14564018147696847, -0.054784889460726224, 0.12762932231720642], "aligned_model": [[-0.26073015678918465, -0.5424312086203329, -0.0491823580760771, -0.5386602008018442, -0.6783259628888545, 0.27189445227202913, 0.0009964521873124244, 0.43975078704180814, -0.35063622256422444, -0.18113125144822365, 0.32590752783511345, 0.07897911685231651, -0.11086968720993784], [-0.2925514303771928, -0.4034361381357892, -0.7461812767922181, 0.30587224083686393, 0.10465543873011544, -0.37758417378829584, 0.33871753275410477, -0.12219927419895267, -0.40139862312042046, 0.81716253564444, 0.42859212366159594, 0.3431411434339019, -0.06571582097399986], [-0.6901005703399099, -0.13877516299130244, 0.32944300336143484, -0.24399922454978462, 0.5112045329324932, -0.2870876544267615, -0.5873869101011839, 0.32768491134186906, 0.9498308189072013, -0.11326912491826746, 0.13886998126464262, 0.6360986966095485, 0.11243799414576025]], "inverted": true, "swapped": false, "error_lsq": 0.043629758637558906, "error_max": 0.3031178808271138, "target": "164.xyz", "model": "9.xyz", "model_rescale": 3.877068213659057, "target_rescale": 4.056285795416489},
{"mapping": [7, 4, 13, 1, 5, 2, 8, 10, 3, 0, 11, 12, 15], "R": [[0.03770908236508652, -0.896410640746104, -0.4416174682509088], [-0.305740800345801, -0.43108851446567, 0.8489318321865962], [-0.951367745990525, 0.1030080378074511, -0.2903252590388348]], "T": [-0.0008317828466244681, -0.11526289223323297, 0.1286964084471636], "aligned_model": [[-0.41624296335094335, -0.5472428490645724, 0.15024959426475287, -0.6966390459371066, -0.6593938668839517, 0.09383930865906237, 0.11809154003150463, 0.6646856900266046, -0.43180097038988086, -0.18231781709110487, 0.3846654886950117, -0.052380184162290275, -0.01995263700718597], [-0.19226465852022293, -0.4785199469682567, -0.8425979621840685, 0.2766134200632111, 0.23291421463869424, -0.586927310615225, 0.2679436720435554, 0.01097500195903972, -0.3042846169689285, 0.6593012816682678, 0.5140280606148314, 0.39919227267158053, -0.02729915072832563], [-0.5697238436342751, -0.03734557011480208, 0.3426978324457302, -0.2107027941077436, 0.3654750518279307, -0.3283871931127742, -0.5303429744268052, 0.3393175537061557, 0.5544870726173324, 0.09904517716940367, 0.12236975362542789, 0.6680236387425477, 0.13003758649761216]], "inverted": true, "swapped": false, "error_lsq": 0.0429423996371983, "error_max": 0.23042024131506889, "target": "164.xyz", "model": "10.xyz", "model_rescale": 4.260839863003843, "target_rescale": 4.056285795416489},
{"mapping": [6, 9, 11, 10, 2, 5, 0, 3, 4, 8, 1, 12], "R": [[-0.7642303071096507, 0.4300713385099708, -0.48061489936052915], [-0.1378073500122663, -0.8368857914193325, -0.5297464548281889], [-0.6300485473181302, -0.33861603020630887, 0.6988404768683868]], "T": [-0.12507524631282552, 0.01226177693218955, -0.19311047923701558], "aligned_model": [[0.22751854094334356, 0.3591466319809798, -0.3561506027330994, -0.21867536656380965, -0.628516652164137, -0.3546224849980459, 0.38427600078049573, 0.5975342069799191, 0.1558941367897863, -0.21594048586347053, 0.028279401030369994, -0.019844677088201507], [0.03263305694106283, -0.578036753201389, -0.5314908977675017, -0.39044286654041893, 0.47721230852458496, 0.45199068333774695, 0.6235373205313635, 0.010956243242967442, -0.31777903236307153, -0.002048341542592369, 0.4923686037455816, -0.09582181937539962], [-0.7935063622184435, -0.38358556518392867, 0.1847063332463002, -0.529869136567715, 0.28275036048210916, -0.3457601628008251, -0.3846667076772924, 0.009884262525217624, 0.5030702885339142, 0.7387733992729628, 0.26733434758455726, -0.032952979801352256]], "inverted": false, "swapped": true, "error_lsq": 0.04557362388627869, "error_max": 0.25053842429112616, "target": "164.xyz", "model": "11.xyz", "model_rescale": 3.890672605050136, "target_rescale": 4.056285795416489},
{"mapping": [3, 0, 2, 8, 6, 4, 7, 10, 6, 5, 12, 11, 13], "R": [[-0.24380603224084582, -0.6756845038828957, -0.6957076037068309], [0.724325599958246, 0.35016155784179753, -0.5939186044020952], [0.6449116558786193, -0.6487197658637593, 0.40404408359678606]], "T": [-0.19917354972146045, -0.008411534274728585, 0.2034011880157758], "aligned_model": [[-0.36993049870242883, -0.4955034208774058, 0.2643036960262682, -0.7575928759300576, -0.6555395006147924, 0.19592209929533316, 0.021528804268250545, 0.6803247468574891, -0.6555395006147924, -0.1614981854152578, 0.39988739608625506, 0.038214941814055214, -0.09901641440301598], [-0.2795729975030941, -0.4410520570180731, -0.5178209043806048, 0.20097714012333956, 0.05616933226513039, -0.45026274536707456, 0.38869151961271353, -0.07612591364566164, 0.05616933226513039, 0.7425344892710456, 0.3743214860796558, -0.1395239643329822, 0.01456956030462761], [-0.662841665482363, -0.0680860589927754, 0.38019222282558185, -0.20096904455419082, 0.5492592145002615, -0.1703955203824752, -0.5180998901629534, 0.34981844650567406, 0.5492592145002615, 0.00432125813773937, -0.019698711319585532, 0.682168771156034, 0.07002305450453064]], "inverted": true, "swapped": false, "error_lsq": 0.056513015079007405, "error_max": 0.4495434596104533, "target": "164.xyz", "model": "12.xyz", "model_rescale": 4.124412569039231, "target_rescale": 4.056285795416489},
{"mapping": [11, 10, 7, 2, 4, 9, 8, 3, 5, 1, 6, 0, 12], "R": [[0.9411816172956246, -0.009308023619587075, 0.3377728881380057], [0.27565566337553404, -0.5569812259698156, -0.7834448730869042], [0.19542548071780913, 0.8304729222638499, -0.5216546816359984]], "T": [-0.025878475709860474, -0.03128495126885273, 0.18126178929210846], "aligned_model": [[-0.4452195999379921, -0.5795038943418052, -0.01520740818951348, -0.6782151374189842, -0.7244399056295382, 0.3861426669273406, -0.017668958069539685, 0.6242086503178293, -0.343034550687866, -0.10373988185118994, 0.44430612742076103, -0.00824804791035487, -0.13381877283924692], [-0.23406898046888064, -0.43373689244111807, -0.6538621866505051, 0.29547980196628704, 0.20629442682047494, -0.34330872813859387, 0.19091388229936557, 0.03469039339183574, -0.395613271235092, 0.7672855412988456, 0.3433525469686873, 0.20833619390992333, -0.05668845004707741], [-0.6982747479642943, -0.09467480340409484, 0.25448329445663576, -0.27707999309554954, 0.4530047256948605, -0.1949309973057599, -0.500981864455934, 0.4672466809138317, 0.764719395676099, 0.043105831249715953, -0.1123127305104395, 0.7095025186881327, 0.13114398129253643]], "inverted": true, "swapped": false, "error_lsq": 0.041387646110605185, "error_max": 0.21603602889247042, "target": "164.xyz", "model": "13.xyz", "model_rescale": 3.9028299243045295, "target_rescale": 4.056285795416489},
{"mapping": [13, 5, 8, 10, 4, 12, 14, 1, 0, 7, 9, 3, 15], "R": [[0.30811980089049984, -0.8060252080131209, 0.505356856435731], [0.8199199065547607, -0.044415741415857024, -0.5707526511105424], [0.4824868237935949, 0.5902123397234974, 0.6471907438334419]], "T": [-0.01203906227544059, -0.05682959646006119, 0.16811257123918905], "aligned_model": [[-0.28060292038328627, -0.3873544559184412, -0.17675199666084385, -0.4948426070679593, -0.6485292827863601, 0.2197811900645848, 0.0800476496993834, 0.6356922638534986, -0.4281483631881463, -0.2689690795751111, 0.2749266135830447, -0.1255023866635941, 0.005814662833130896], [-0.31264711461609057, -0.35440588826171376, -0.7984262338436019, 0.334718418268108, 0.08469610983560089, -0.5508511830441442, 0.25165117867926834, -0.07294609102030294, -0.3484655168911653, 0.8118531690173147, 0.6204947364232591, 0.20999612856331235, 0.05340656456430846], [-0.5355082096633881, -0.012687150849452211, 0.30743678387001216, -0.24291478958631885, 0.3530826972979223, -0.2636771131614905, -0.6561509191751669, 0.2169300219831753, 0.8231071886620889, 0.16583770637727574, -0.07628036120139964, 0.7200360729336639, 0.14573936374881818]], "inverted": true, "swapped": false, "error_lsq": 0.05117321581386229, "error_max": 0.2450158506678454, "target": "164.xyz", "model": "14.xyz", "model_rescale": 3.942246331269136, "target_rescale": 4.056285795416489},
{"mapping": [10, 4, 13, 5, 1, 11, 9, 8, 12, 2, 7, 0, 14], "R": [[-0.4700491896991846, 0.7517854454187666, 0.46246340754663706], [-0.26092662010630274, 0.38218125085947163, -0.8864845122230793], [-0.8431909974513729, -0.5373603405053229, 0.01651684803351461]], "T": [-0.15952635603737003, -0.07495583986801999, 0.0020869849279485375], "aligned_model": [[-0.21868331580408676, -0.42447594015270357, -0.13620515565316788, -0.6078868164328626, -0.7001083729991568, 0.30220285040834577, -0.028762902075178454, 0.5333606886362527, -0.43962931339470773, -0.18427517923901077, 0.410457841882458, 0.0635329725151279, -0.16396606990140958], [-0.2890671389832181, -0.5553972629169039, -0.7988457389149372, 0.3731575984999814, 0.18218170874260423, -0.6012404562744834, 0.40996685529517807, -0.07421773436937004, -0.35397180491854097, 0.6786270396608041, 0.5597616006407259, 0.41448239413039, -0.016362782918077655], [-0.6758933405576241, -0.20441176523407986, 0.37136923765044294, -0.028683164520234228, 0.5482488655207485, -0.15264396577507416, -0.6271293570053323, 0.34668519271713194, 0.7174670815824112, 0.12103343536118398, -0.05475747799286864, 0.503497230051125, 0.08016931943790913]], "inverted": false, "swapped": false, "error_lsq": 0.04900229017958021, "error_max": 0.25072367751193525, "target": "164.xyz", "model": "15.xyz", "model_rescale": 4.355366556412066, "target_rescale": 4.056285795416489},
{"mapping": [10, 5, 6, 4, 9, 11, 3, 8, 0, 2, 1, 12], "R": [[-0.11592845792640627, 0.7809699275725042, 0.6137153777364581], [0.894587251750846, 0.3505810112001341, -0.2771400432827425], [-0.4315949972458837, 0.5168935352790645, -0.7392880572138553]], "T": [0.016443023538921415, -0.181991135453795, 0.00040258835485667416], "aligned_model": [[-0.2791532719748006, 0.5057585904030214, 0.1329736046420117, -0.5030113373806833, -0.569325877093054, -0.5668368657720269, -0.1266049420012344, -0.20687033597071136, 0.584456275867754, 0.4162523065348081, 0.3494441992166243, -0.13927379183992822], [-0.6230861602586383, -0.28879873640471, -0.5615228339890358, 0.4511159851674881, -0.3146087023903874, -0.0901142739870104, 0.28431020199998946, 0.594179597692751, 0.018748752711005567, 0.1591219536323237, 0.41222751173185057, -0.028796868164646133], [-0.048550601975844675, 0.13648265380289656, -0.5719512337138251, 0.04377230354515659, -0.5080178247433522, 0.3787563228881624, -0.5701001143845807, 0.4742791236965352, -0.5535420968355116, 0.6483764940148201, 0.045613957450001616, -0.025860522535037254]], "inverted": true, "swapped": true, "error_lsq": 0.04022738837202369, "error_max": 0.2749016909775724, "target": "164.xyz", "model": "16.xyz", "model_rescale": 3.795458400668931, "target_rescale": 4.056285795416489},
{"mapping": [3, 6, 1, 8, 9, 0, 7, 2, 5, 11, 4, 10, 12], "R": [[-0.9439120907119093, -0.007902051892772793, 0.3301022910913467], [-0.3278546056505608, -0.09643491012591665, -0.9397934164818998], [0.03925968111927941, -0.9953079250588184, 0.08843535352743376]], "T": [-0.07151751911955201, 0.037618185440458037, -0.006377325582809734], "aligned_model": [[-0.3744745093124129, -0.5745850941306023, 0.12099603481257443, -0.6633825810831671, -0.7277583240153946, 0.16340124620365665, 0.11415023923723805, 0.4647710616897957, -0.3390315522164738, -0.28939747297584356, 0.4642251404717033, 0.038917788909567, 0.007729310199258807], [-0.2934005125159945, -0.4127020293322564, -0.7192975898701621, 0.2704138508747416, 0.17184416632057276, -0.4450905009922863, 0.23970250034566595, -0.10422376560543045, -0.38161112025613503, 0.8171897854095376, 0.3939039979617065, 0.28896474546709155, 0.10338074986710122], [-0.6779617360379728, -0.04524337976040804, 0.3173720414778619, -0.23700407792639375, 0.5846195196549981, -0.25700829974542705, -0.6030045900637528, 0.4338763098797016, 0.5896592801438851, 0.005319488181612805, 0.03281464903490829, 0.6744549684187437, 0.1270571179779828]], "inverted": true, "swapped": false, "error_lsq": 0.03756066704379672, "error_max": 0.2272171985830552, "target": "164.xyz", "model": "17.xyz", "model_rescale": 3.7474275329858107, "target_rescale": 4.056285795416489},
{"mapping": [3, 1, 0, 11, 7, 8, 10, 4, 2, 12, 5, 9, 13], "R": [[0.03741741936236437, 0.904704905559291, -0.42439247234749045], [0.43563743403911814, -0.396977773773565, -0.8078543638513054], [-0.8993441848325221, -0.15465342216303773, -0.4089772074592755]], "T": [-0.1516970388043056, -0.003967948274493352, 0.09395155962400689], "aligned_model": [[-0.2859421425163748, -0.6715697634958132, 0.06104674749575095, -0.6906404071790768, -0.7593378210451214, 0.35482230503320755, 0.01865030158856662, 0.6291102544044722, -0.38589137290562997, -0.1788238938755178, 0.4004883236660849, 0.061395693448608624, -0.14774693682925683], [-0.30927942496040733, -0.4533344236939526, -0.7904121247235009, 0.21578835109618522, 0.34269328973578084, -0.3115895227567789, 0.3122594445770705, -0.15709033558031144, -0.3611321048364503, 0.7406184541032949, 0.4461419484404407, 0.3353855277874213, -0.08097480151463916], [-0.49710878893816535, 0.014449750206880746, 0.28206862291446727, -0.3338145872107029, 0.3732684904664654, -0.3130638853533976, -0.4954730666810313, 0.3308467419269704, 0.6608902714367615, 0.1579214466142745, -0.03139732558447181, 0.6298198938272498, 0.16654372761043978]], "inverted": true, "swapped": false, "error_lsq": 0.04769672075805577, "error_max": 0.28154626846129194, "target": "164.xyz", "model": "18.xyz", "model_rescale": 3.922800546911778, "target_rescale": 4.056285795416489},
{"mapping": [9, 2, 0, 10, 6, 3, 11, 12, 1, 4, 13, 8, 14], "R": [[0.3975807293334981, -0.5288591119692975, -0.7498250484944403], [-0.1460977028783606, 0.7702764487878075, -0.620749267946818], [0.9058614821683887, 0.35634566382922406, 0.2289819708924694]], "T": [-0.05052777979717407, -0.005819174462589605, 0.16236778425308251], "aligned_model": [[-0.26406820830377065, -0.5345950508887757, -0.01697522628907791, -0.690527672476638, -0.5791301625355764, 0.2539535484944355, -0.041404465694329734, 0.7252988513497195, -0.5512670363287692, -0.3120824371134615, 0.3540656300982644, 0.0641493913443347, -0.0018558738664545618], [-0.2986918232101101, -0.42984541150102673, -0.8278285019117654, 0.23150911018613435, 0.3223616039139135, -0.5147621407843483, 0.39896076839922984, -0.12592901833299425, -0.31115448749138763, 0.6608683473978338, 0.5328646581215042, 0.31364657654604466, -0.022925403658875455], [-0.5665830254205293, -0.1522901095756582, 0.30939678621024114, -0.2673717530707187, 0.4601003313160258, -0.07725154163381567, -0.4235618836810201, 0.21012454686532617, 0.6140463951277142, 0.057562972703555065, 0.028436279363908523, 0.6714664332132709, 0.08087585981744008]], "inverted": true, "swapped": false, "error_lsq": 0.045291096091814885, "error_max": 0.2377635035626894, "target": "164.xyz", "model": "19.xyz", "model_rescale": 3.9282355846067225, "target_rescale": 4.056285795416489},
{"mapping": [0, 11, 8, 10, 12, 4, 1, 6, 9, 2, 5, 7, 13], "R": [[0.10375656660671037, -0.3428613215820179, 0.9336384145101463], [-0.74064732943826, 0.5998915099965473, 0.3026081783925153], [-0.6638343982364586, -0.7228943839850291, -0.19169663878363705]], "T": [-0.020919123498296, -0.04153278020651585, 0.12820930542318812], "aligned_model": [[-0.21195918543436076, -0.513580248108965, 0.08583838755652348, -0.7781373934786038, -0.644825200766652, 0.11185303016148024, 0.010845052360614532, 0.5993162496269864, -0.4904212043696224, -0.16367335655676046, 0.4821805622437327, -0.006792748158029119, -0.0750826572864441], [-0.21458319883300186, -0.4653560773492249, -0.7129531933432991, 0.3001849850516713, 0.12651359453020486, -0.5829900277601717, 0.354969972871888, -0.04881196470325011, -0.3895756803623788, 0.7534025017004996, 0.4198658959877478, 0.3621346137117519, 0.02627285617171561], [-0.6292563608254552, -0.17348922029808309, 0.4694116526964699, -0.10000947011126657, 0.6807452481029592, -0.16938681219929688, -0.5068319532678226, 0.3333900780464252, 0.4981535727748736, -0.03431865181242488, -0.01907314451924455, 0.6024991503351392, -0.006882797686533132]], "inverted": true, "swapped": false, "error_lsq": 0.043377043820357335, "error_max": 0.21117538944006223, "target": "164.xyz", "model": "20.xyz", "model_rescale": 4.067790424073018, "target_rescale": 4.056285795416489},
{"mapping": [4, 5, 1, 6, 11, 8, 2, 7, 10, 3, 0, 12, 14], "R": [[-0.4397281134521621, -0.3437335573597884, 0.8297508227079908], [-0.3645410927521444, 0.9126484168565498, 0.18488552919118836], [-0.8208221353831018, -0.22117890666611592, -0.5266221732049522]], "T": [-0.16586416124883208, -0.03537011457191238, 0.08568887094298708], "aligned_model": [[-0.20764780768444346, -0.34267023744304437, 0.057635256806713386, -0.7190161647259924, -0.6120509771773521, 0.17807639567065708, -0.03989228324972477, 0.5146700366518586, -0.39312195579416237, -0.2616593503151472, 0.4420865463237854, -0.03202450875600854, -0.17882366251723947], [-0.19564792045200555, -0.5399124547744116, -0.7465384318624935, 0.2255887782926743, 0.27324892752567775, -0.39565961171929803, 0.4322838082293962, -0.3004324832677932, -0.29353801222548614, 0.8098685161727208, 0.2943657340736295, 0.411988354010482, -0.04654092632893986], [-0.698554488333383, -0.16459648464474572, 0.4286068434812237, -0.33082069674959835, 0.43740447498335777, -0.19191564680888426, -0.47924725463304463, 0.2382637817172645, 0.8293218805607654, 0.09751914987065427, -0.07595344035240659, 0.6931188791792467, 0.16180429296528984]], "inverted": true, "swapped": false, "error_lsq": 0.05026412513259393, "error_max": 0.32676333664589047, "target": "164.xyz", "model": "21.xyz", "model_rescale": 4.186013935880536, "target_rescale": 4.056285795416489},
{"mapping": [3, 4, 7, 11, 9, 6, 5, 1, 10, 8, 2, 9, 12], "R": [[0.11390955096182914, 0.2225496000266156, 0.9682439205735649], [-0.6196741501379169, -0.7458577071887563, 0.24433630159675757], [0.7765491367907924, -0.6278279670061894, 0.05294791775273572]], "T": [-0.05917243549900621, -0.008216846566266736, 0.04170418889948327], "aligned_model": [[-0.3066539077577546, -0.5529159076797658, 0.06419869455695064, -0.6237100209579288, -0.2068501904497002, 0.04690585446553054, 0.1573495019727173, 0.5318827114899395, -0.5308221460382596, -0.24225023710751453, 0.3610626191272413, -0.2068501904497002, -0.08578549338185583], [-0.2625452984366134, -0.5365875516437295, -0.6200320857015621, 0.21506423918672699, 0.23096452724648017, -0.46692437794204555, 0.30620243838517763, -0.08255923245321749, -0.372405496420595, 0.7245208050823205, 0.5881633151459303, 0.23096452724648017, -0.025751532021200313], [-0.8105918947442604, -0.02654484379181593, 0.4274313169464885, -0.13267714628588897, 0.5952692811443808, -0.255259859555095, -0.6311981368202081, 0.4662630880063767, 0.625838257845462, 0.17302891284103636, -0.0903276422792125, 0.5952692811443808, 0.008450676784095723]], "inverted": true, "swapped": false, "error_lsq": 0.05412881814485409, "error_max": 0.41282461658033426, "target": "164.xyz", "model": "22.xyz", "model_rescale": 4.166573947596378, "target_rescale": 4.056285795416489},
{"mapping": [5, 13, 10, 6, 12, 7, 1, 8, 14, 2, 4, 9, 15], "R": [[-0.5980233127904905, -0.8014435560338604, 0.007506254118248568], [0.47813906779491483, -0.364264187118004, -0.7991837297089261], [0.6432349098170104, -0.4743414682220608, 0.6010399506835153]], "T": [-0.08748030508432764, 0.11440787107461399, 0.18853310537913187], "aligned_model": [[-0.2935963947030955, -0.45449976126876984, -0.04662159861970611, -0.64838288887372, -0.6935797417778817, 0.18506404387860653, -0.09796304345304678, 0.7010368617690523, -0.5422870333956595, -0.1655086983249766, 0.48529063518434706, 0.07288591046848206, -0.09627700309373213], [-0.31050105559082364, -0.6197255195216352, -0.6279156885049828, 0.3783013042152691, 0.2151227739336551, -0.44346158760469184, 0.3312764615018113, 0.005469663221193979, -0.389782121005035, 0.7314882972157906, 0.4970953652579712, 0.04355531348988835, 0.11815107106574177], [-0.49559447251963956, -0.01921198479022823, 0.27923884997776977, -0.25289206314944923, 0.41630785466242565, -0.16627796064255324, -0.4904051742527909, 0.33154458977248397, 0.5946378393945233, -0.06824025132050388, -0.06707840677162197, 0.7627384330059896, 0.12018403786933447]], "inverted": false, "swapped": false, "error_lsq": 0.042994103794456326, "error_max": 0.23156621073849584, "target": "164.xyz", "model": "23.xyz", "model_rescale": 4.274766983524099, "target_rescale": 4.056285795416489},
{"mapping": [4, 11, 2, 1, 5, 0, 3, 6, 9, 10, 12], "R": [[-0.017105368142340094, 0.8994323976750236, 0.43672504896476205], [0.9117291183306939, -0.16526882110955476, 0.3760800866264977], [0.4104356480237201, 0.4046079321783209, -0.8172117229027817]], "T": [-0.08050065775141033, 0.23859587653496706, 0.07792365868151943], "aligned_model": [[0.3048372467120791, 0.41372121736830425, -0.6271705450636373, -0.5174371480198865, -0.5575463763078576, -0.586013309920724, 0.06039130668534448, -0.04036231629683715, 0.5888320449324269, 0.2932138138296341, 0.04742877003922899], [-0.1443383563548432, 0.46264621623425595, 0.5077644857159835, -0.11415742660280537, 0.41333362939978835, -0.3096411338781807, -0.49852231710289696, 0.053817411704955104, -0.06191547411804832, 0.48860559325204317, 0.11799390299323155], [-0.5364170156354543, -0.3663223529119045, -0.49196762820518236, -0.31025318524220713, 0.1839871865291436, 0.41509336473805636, 0.06453655464168617, 0.7483402580003587, 0.36233638995313233, 0.36457857482726264, -0.05434571267331434]], "inverted": false, "swapped": true, "error_lsq": 0.045947242433606594, "error_max": 0.2864462521159464, "target": "164.xyz", "model": "24.xyz", "model_rescale": 3.7841303162186577, "target_rescale": 4.056285795416489},
{"mapping": [2, 9, 14, 8, 7, 12, 4, 13, 10, 6, 3, 11, 15], "R": [[0.1723431133537901, -0.07618906688455554, 0.9820860844991053], [0.7887058415427166, -0.5866155994153877, -0.18391637784308718], [0.5901194343486058, 0.8062737528964878, -0.04100839663160988]], "T": [-0.2737687032745638, 0.0340192885098199, 0.058311806733200675], "aligned_model": [[-0.27288922674635274, -0.32259540692210564, -0.013945006738288801, -0.7328838175256509, -0.5351926243810388, 0.2634352567211208, -0.1086813161672216, 0.4279431073264429, -0.568347851230191, -0.04025773012203279, 0.4385415671738314, 0.10914457232265146, -0.23871023592126372], [-0.2313662829869768, -0.5353363251956733, -0.668405127796475, -0.022081250160378985, 0.3528759967897851, -0.4372443895206806, 0.4858437879813196, -0.15518091369140496, -0.33544849394494036, 0.7156175989062225, 0.38447869834234866, 0.28159448004285664, 0.09372649890815032], [-0.6476363166367656, -0.06655150524866221, 0.3198276731840689, -0.30982380016456734, 0.5610975395841241, -0.19564558646939068, -0.5120434502371849, 0.34780069360299626, 0.6763504694355412, 0.1123749265576844, -0.07878001762814112, 0.6759779925257188, 0.06200267273031778]], "inverted": false, "swapped": false, "error_lsq": 0.0499759340842575, "error_max": 0.2901368897518064, "target": "164.xyz", "model": "25.xyz", "model_rescale": 4.19342608120988, "target_rescale": 4.056285795416489},
{"mapping": [10, 5, 6, 4, 9, 11, 3, 8, 0, 2, 1, 12], "R": [[-0.11592845792640627, 0.7809699275725042, 0.6137153777364581], [0.894587251750846, 0.3505810112001341, -0.2771400432827425], [-0.4315949972458837, 0.5168935352790645, -0.7392880572138553]], "T": [0.016443023538921415, -0.181991135453795, 0.00040258835485667416], "aligned_model": [[-0.2791532719748006, 0.5057585904030214, 0.1329736046420117, -0.5030113373806833, -0.569325877093054, -0.5668368657720269, -0.1266049420012344, -0.20687033597071136, 0.584456275867754, 0.4162523065348081, 0.3494441992166243, -0.13927379183992822], [-0.6230861602586383, -0.28879873640471, -0.5615228339890358, 0.4511159851674881, -0.3146087023903874, -0.0901142739870104, 0.28431020199998946, 0.594179597692751, 0.018748752711005567, 0.1591219536323237, 0.41222751173185057, -0.028796868164646133], [-0.048550601975844675, 0.13648265380289656, -0.5719512337138251, 0.04377230354515659, -0.5080178247433522, 0.3787563228881624, -0.5701001143845807, 0.4742791236965352, -0.5535420968355116, 0.6483764940148201, 0.045613957450001616, -0.025860522535037254]], "inverted": true, "swapped": true, "error_lsq": 0.04022738837202369, "error_max": 0.2749016909775724, "target": "164.xyz", "model": "26.xyz", "model_rescale": 3.795458400668931, "target_rescale": 4.056285795416489},
{"mapping": [2, 3, 4, 0, 7, 9, 1, 11, 7, 6, 8, 5, 12], "R": [[-0.2516505483223742, -0.7110571572647972, -0.6565590001146536], [0.1452488947293305, 0.6429596988252786, -0.7520010533678891], [0.9568567082426481, -0.2846059465102801, -0.05852089457647833]], "T": [0.03109108713037062, -0.042034207789429075, 0.010166537960897101], "aligned_model": [[-0.3428965494606026, -0.5375936042357778, 0.19275982968053806, -0.7491176080868511, -0.5784910599011015, 0.09432159465103612, 0.055003888336740636, 0.6556542933266767, -0.5784910599011015, -0.14813469101911209, 0.4897436050337428, -0.054815076204171226, -0.09238227443011623], [-0.2579918218246079, -0.5114831835238728, -0.7810118601825822, 0.04992757675875003, -0.010058337978758665, -0.3376837014266651, 0.3549134194443703, -0.2701175758223784, -0.010058337978758665, 0.7609022860458856, 0.5114692719679673, 0.4286234365542277, 0.001643105640575189], [-0.7568604957977136, 0.046110102552169616, 0.3660294744720446, -0.2620293734394554, 0.5464456149346008, -0.2947392998745455, -0.4282555528638585, 0.2737445537851896, 0.5464456149346008, 0.0761821951191034, 0.12858729553119125, 0.5915115136872322, 0.11177964819518098]], "inverted": true, "swapped": false, "error_lsq": 0.0540743847990287, "error_max": 0.3727060724907989, "target": "164.xyz", "model": "27.xyz", "model_rescale": 3.6321398670334006, "target_rescale": 4.056285795416489},
{"mapping": [6, 13, 11, 4, 1, 9, 12, 10, 2, 7, 8, 0, 14], "R": [[0.13581354281165112, -0.979816494378118, 0.1466776020172244], [-0.10798379123012669, -0.16180704389651857, -0.9808965191991654], [0.9848320579776615, 0.11738022784969185, -0.12777988765622786]], "T": [-0.07913163312531626, 0.07725383907394048, 0.14134190222534473], "aligned_model": [[-0.39872125336261055, -0.4332874820145304, 0.03149067273822266, -0.792122023159912, -0.7113862424758876, 0.22130173657216842, 0.17149823296195146, 0.6381507951671649, -0.484396949922405, -0.1643008125087286, 0.3044347793711639, 0.1539501309309906, -0.13105029650768804], [-0.15232049362403088, -0.6325834806074215, -0.49556665015281764, 0.3327590545712673, 0.09004079779083887, -0.4006571378197674, 0.34841945134253627, -0.15093823287279842, -0.3474668709901828, 0.7859085891059985, 0.4099043540372983, 0.10159933809942356, 0.03997555879380814], [-0.528781621868258, -0.051484305016280235, 0.40997776912729855, -0.19455844152412313, 0.3589603729212703, -0.21630743687224865, -0.5983631821211299, 0.33654930310989695, 0.6787579469955001, -0.1610519471565733, 0.04516468094215351, 0.7196946338359481, 0.146393518862286]], "inverted": true, "swapped": false, "error_lsq": 0.040821069515005984, "error_max": 0.2834531065109857, "target": "164.xyz", "model": "28.xyz", "model_rescale": 4.156811204709835, "target_rescale": 4.056285795416489},
