[{"mapping": [7, 11, 8, 4, 9, 6, 2, 0, 3, 5, 12, 13], "R": [[-0.15055365267645662, 0.09538692172972296, -0.9839892950783076], [0.9721936147204933, 0.19487565372590301, -0.12985782641644272], [0.1793688188132985, -0.9761786797240706, -0.12207379771962718]], "T": [0.07983720216037146, 0.07770966891258715, 0.028104330978946643], "aligned_model": [[-0.47238200406534947, 0.18316102296834735, 0.05132998873088812, -0.3481787408958732, -0.6381373756369854, 0.32702161695711573, -0.2453583631311332, -0.2962560247717473, 0.31072394036579615, 0.7945432788739136, -0.1150914435066768, -0.024813748981574582], [-0.011316187538082764, 0.44758190777858087, -0.11540134666484583, -0.6372506950133195, 0.22068456848566614, -0.5790568945341011, -0.5502654246417107, 0.05124052002708184, -0.33843422904233567, 0.1545340577609846, 0.5843703093590126, 0.09647342822780958], [-0.4803470704687515, -0.5546310770864801, -0.728516185573333, -0.4399109007343905, 0.05663248361808096, -0.275381797876511, 0.3300204974886473, 0.7013544356159154, 0.2442428886531265, -0.20789248600891896, 0.2291456861634812, -0.09532970815469609]], "inverted": false, "swapped": false, "error_lsq": 0.052660273437018124, "error_max": 0.3196303307322202, "target": "165.xyz", "model": "0.xyz", "model_rescale": 3.8414455957264533, "target_rescale": 3.9139255298095676},
{"mapping": [13, 7, 9, 8, 11, 6, 10, 1, 5, 4, 0, 14], "R": [[0.010997793427778069, -0.991469533873867, 0.1298738308500097], [-0.9359907333749775, 0.03549474312759571, 0.35023059581721006], [-0.3518528038482739, -0.12541246592840366, -0.9276159322768586]], "T": [0.027975918969120127, -0.07016729745494553, -0.1013346447021169], "aligned_model": [[-0.5694362580688153, 0.27449653013401043, 0.04550115753899526, -0.4656156497372208, -0.7133484301380272, 0.41274324887898173, -0.08713230203393035, -0.16380780207544668, 0.4480379953465967, 0.41592544844542734, -0.07411701192613016, 0.003315220542280152], [0.16768627127923902, 0.36740149372338715, -0.0701588805767731, -0.5650103401633723, 0.17018044610694966, -0.7074205035546498, -0.6604008320920267, 0.25249919884245636, -0.46289261150212907, 0.25890175248664005, 0.646760703505011, -0.07438668384999211], [-0.5030452012058476, -0.5022288244961659, -0.7833922272680367, -0.46984532824555353, 0.24353717745148218, -0.3377445153364166, 0.22540037401751845, 0.6781544364774725, 0.22059308737214484, 0.09108665816699085, -0.06803833247470742, -0.015090538822710775]], "inverted": false, "swapped": false, "error_lsq": 0.04719895076316628, "error_max": 0.26591485345415117, "target": "165.xyz", "model": "1.xyz", "model_rescale": 4.316132596720782, "target_rescale": 3.9139255298095676},
{"mapping": [1, 8, 2, 0, 9, 4, 5, 7, 3, 6, 10, 11], "R": [[0.3956909417256491, -0.4071177027304563, 0.8232155578946168], [-0.8261010130083628, -0.549397944428673, 0.12537549586783686], [0.40123035147259994, -0.7296691543302518, -0.5537121366523847]], "T": [-0.09093015649060543, -0.035054838501016365, -0.09052957836553022], "aligned_model": [[-0.4614242878616807, 0.11328985417007414, 0.05656166046056188, -0.38332936090547975, -0.7788269592475587, 0.4112406224499078, -0.3005948384475652, -0.20234261335664144, 0.29825083071229525, 0.7135339699769941, 0.03249172301246768, 0.027711545943346336], [0.1589430054783907, 0.5117219360511248, -0.15220697661902033, -0.591791499867032, 0.04908204414819289, -0.5834275616152297, -0.5482257028429831, 0.09131650967146743, -0.23371514153121542, 0.1316406561683673, 0.5657816659010224, -0.07595892073834445], [-0.43650096237834335, -0.5868817334620912, -0.9061562958115842, -0.4198638367338574, 0.17342208191878583, -0.29410166991867936, 0.23879741270474947, 0.7881504923063265, 0.39945945420442075, -0.12438285417691453, 0.05437843806957676, -0.10693376108621942]], "inverted": true, "swapped": false, "error_lsq": 0.047398019479180376, "error_max": 0.3119416244453526, "target": "165.xyz", "model": "2.xyz", "model_rescale": 3.795458400668931, "target_rescale": 3.9139255298095676},
{"mapping": [6, 1, 2, 2, 3, 10, 5, 9, 4, 0, 8, 11], "R": [[-0.0658972760945972, -0.015606025697527004, 0.9977043655137733], [-0.4759373517037897, 0.8793014350613984, -0.017681163766815222], [-0.8770069476671757, -0.4760099140363506, -0.0653710599777187]], "T": [0.05530039456254513, -0.0100136710221575, -0.05645790586503481], "aligned_model": [[-0.45792783504064566, 0.17467814559281436, -0.07422026623892444, -0.07422026623892444, -0.6971271067780005, 0.18179207134739567, -0.2909616377207236, -0.2748724760515384, 0.45377659138881155, 0.8138568285961127, -0.41392293226845844, 0.18571103031880296], [0.11852678979950643, 0.42550841549167634, -0.2792079873545412, -0.2792079873545412, 0.06096630234527475, -0.7226762873315973, -0.46705440405316034, 0.18984882116561214, -0.36440621733295164, 0.017670292797738563, 0.6130465638792739, 0.010145712152449884], [-0.3160160513566235, -0.4950218198812739, -0.7624919913700264, -0.7624919913700264, 0.20022229232553673, -0.17943183163511073, 0.34979446508037687, 0.7217422628153779, 0.29931923927757104, -0.24628329591925663, -0.00967809960684593, -0.020276412723528897]], "inverted": true, "swapped": false, "error_lsq": 0.06582113025277606, "error_max": 0.4805557957565768, "target": "165.xyz", "model": "3.xyz", "model_rescale": 3.7530521520055578, "target_rescale": 3.9139255298095676},
{"mapping": [2, 10, 0, 4, 3, 7, 5, 9, 8, 6, 11], "R": [[0.9227308416121479, 0.3754906853638307, -0.0870318283315841], [0.015217495779938361, -0.2611086260725356, -0.9651894701107656], [-0.38514441675808464, 0.8892856855901335, -0.24664701020803256]], "T": [-0.15150272418503824, 0.034440596146403546, -0.04646372894168212], "aligned_model": [[-0.29583104100403157, -0.15869672150755076, 0.259858561838355, 0.40701261936574334, 0.3494981200235138, -0.03349775583069016, -0.2443153863949191, -0.8288543467418537, -0.35385025016297034, 0.37193497945409476, -0.13505917659448638], [-0.7711066639811621, 0.14780997234023976, -0.26638864205640794, 0.3180698551891154, -0.6702734219244435, 0.8467796374840901, -0.4307464417287748, 0.0757552560268911, 0.17615188381877453, 0.12670837811533958, -0.08555645496931602], [-0.03785249610508147, -0.7153050154760238, -0.4452136551257087, -0.40245417117379256, 0.24024494952650838, -0.07236439317670353, 0.5261674701060898, 0.03765709122050079, 0.5673389708934863, 0.378758141381587, 0.01585388517445413]], "inverted": true, "swapped": true, "error_lsq": 0.051303065738209815, "error_max": 0.25111967619952724, "target": "165.xyz", "model": "4.xyz", "model_rescale": 3.7855080009869324, "target_rescale": 3.9139255298095676},
{"mapping": [4, 0, 1, 11, 7, 12, 13, 10, 14, 2, 5, 16], "R": [[0.5991611371981733, -0.7333754298984008, -0.3211952840449688], [-0.2820465138519226, 0.18211792074754615, -0.9419569135404062], [0.7493034736976532, 0.6549759856391124, -0.09772800284823231]], "T": [-0.052044748463348896, -0.09986356337694176, 0.05311998046642656], "aligned_model": [[-0.47717265948743076, 0.088236504456644, 0.1016730560836824, -0.2747410770247635, -0.6908341392579591, 0.24066369570354668, -0.23303430687158705, -0.19578845855209387, 0.5195363238897043, 0.6432825865262983, -0.19321871885715805, -0.0020406597021613987], [0.20989315171418305, 0.454266443994679, -0.0748136576399609, -0.6659074476864083, 0.28248319320674137, -0.615191628129273, -0.7946700930953308, 0.2792656139897354, -0.42014060663642644, 0.0817941950508899, 0.6968579148847507, -0.1106770654488401], [-0.4668009948650215, -0.4776671598544729, -0.687722295444701, -0.4591659695472918, 0.13755068468057632, -0.2812809994994903, 0.1498376359553758, 0.65856451694642, 0.2216877467254756, -0.11807009984742296, 0.03291996118289897, 0.069533739203824]], "inverted": false, "swapped": false, "error_lsq": 0.04571242891258068, "error_max": 0.27437400265698264, "target": "165.xyz", "model": "5.xyz", "model_rescale": 4.2253639853439635, "target_rescale": 3.9139255298095676},
{"mapping": [5, 3, 4, 10, 11, 1, 8, 12, 9, 0, 6, 13], "R": [[-0.6112793385624545, 0.2358061561133939, 0.7554687465313664], [-0.4582818349850521, 0.672782606463977, -0.5808109194585368], [-0.64522502273965, -0.7012553181107172, -0.3031924287512062]], "T": [-0.03744952197456289, -0.05295271249909344, -0.12986794840302043], "aligned_model": [[-0.6557672448910301, 0.1963362762922889, 0.31167681379085443, -0.390759999323794, -0.5901192749609264, 0.35500158317500763, -0.34482083701395216, -0.003111006349176909, 0.23873683107484608, 0.7382849024076261, -0.3076880472183381, -0.021207850076683875], [-0.08798282365358284, 0.5306810392109003, -0.07859289331275571, -0.5539105252927743, 0.17527361798185098, -0.6271716121907985, -0.6657090710967453, 0.4238546891197212, -0.37704014470919717, 0.05723105188367628, 0.5303150910565378, -0.0037884047920923106], [-0.2610066203902869, -0.45808330010368403, -0.7449815110964321, -0.6122842113807201, 0.3681508012664906, -0.364304650440041, 0.14566316651468417, 0.6718921981340792, 0.30749330063273006, 0.040890038881544744, -0.15195362096620404, -0.16208882541599026]], "inverted": true, "swapped": false, "error_lsq": 0.05026254998926366, "error_max": 0.29013839407136555, "target": "165.xyz", "model": "6.xyz", "model_rescale": 3.89814844738969, "target_rescale": 3.9139255298095676},
{"mapping": [6, 5, 1, 0, 8, 2, 7, 11, 4, 10, 9, 12], "R": [[0.6235185478928165, 0.7780441788167264, -0.07662816873082465], [-0.7207768950089718, 0.610041020886386, 0.32913617312158494], [0.3028288098164699, -0.14999069519574187, 0.9411681588854559]], "T": [-0.12396782084378058, -0.16340198729650365, -0.04939578213031426], "aligned_model": [[-0.5586884242612239, 0.07422704212212655, 0.08335274310120563, -0.2681035530986174, -0.6171404295484814, 0.5122380941475717, -0.41839792639681095, -0.08848646935244434, 0.31175118859847994, 0.5118198372055065, -0.05578476890598845, 0.039774813295397754], [0.14815552760379788, 0.35252381299164026, -0.217846553715787, -0.5632348897534208, 0.19157232732349463, -0.33569196277540814, -0.6441321215952421, 0.11732539810020678, -0.5127823821158229, 0.1959699077596563, 0.7272659845519095, -0.13596503417028394], [-0.46331094602419837, -0.5944792334621187, -0.8672286409632116, -0.4621534934677867, 0.248027798471824, -0.3084441224076863, 0.2874782751479279, 0.7090721328190824, 0.2724396927801217, 0.024965215496624032, -0.046654543998249254, -0.020325368756158837]], "inverted": false, "swapped": false, "error_lsq": 0.047251669035717696, "error_max": 0.3276051137354083, "target": "165.xyz", "model": "7.xyz", "model_rescale": 3.7474275329858107, "target_rescale": 3.9139255298095676},
{"mapping": [3, 5, 8, 2, 0, 4, 1, 10, 12, 11, 6, 14], "R": [[-0.3447281614969358, -0.2510427966599804, -0.9045109224968366], [0.8481208402608968, 0.32967397775083046, -0.41473619170394926], [0.40231024718007435, -0.9101058084855191, 0.09926672340128256]], "T": [0.08337553831317676, -0.07937578350588295, -0.04693202099436321], "aligned_model": [[-0.46549939499929704, 0.03741677082951281, 0.14781417618659926, -0.33696036007016616, -0.5051381701062929, 0.3194500351387245, -0.44613096800297947, 0.09063365622204068, 0.3181208700296593, 0.6334885522790878, -0.3496012600492965, 0.08296823944912946], [0.15451119604947722, 0.47487165004765597, -0.12257358099195528, -0.644041319671944, 0.058903246514902585, -0.6235440416040053, -0.5703044429591625, 0.36586967599612075, -0.3515568737450463, 0.1071224019843656, 0.6114394840522303, -0.13753738146789876], [-0.4446350827883482, -0.49828447541616594, -0.7245690389456367, -0.5085163151881852, 0.21525829630556204, -0.5572021305172953, 0.1614275987646408, 0.5670444933818242, 0.45452057113463795, 0.17459462359732725, 0.0004331200498580712, -0.06068489474204873]], "inverted": true, "swapped": false, "error_lsq": 0.05374545941698722, "error_max": 0.35868531793612274, "target": "165.xyz", "model": "8.xyz", "model_rescale": 4.019505241142653, "target_rescale": 3.9139255298095676},
{"mapping": [0, 3, 4, 7, 1, 8, 9, 10, 11, 5, 2, 12], "R": [[0.9706798507521657, 0.19322572085556175, 0.1429840835324076], [0.08474799803718966, 0.28154083293109095, -0.9557994225888382], [-0.2249408903966606, 0.939892855698093, 0.25691052067839]], "T": [-0.023267434657418585, 0.010641985167704072, 0.015279296855066252], "aligned_model": [[-0.4096970689633033, 0.2377753358456215, 0.12346955454615695, -0.395941978654039, -0.6541167094497482, 0.13367814169518855, -0.1779030895216434, -0.2724953250429684, 0.43386657876871054, 0.5992659615194227, -0.1065711645370781, 0.015231910700401818], [0.0852492828691915, 0.5356589083516202, -0.1224975933271994, -0.5453542314069516, 0.055434056257919265, -0.6213855656952885, -0.5900959780387659, 0.1040561045699962, -0.3337737935433682, 0.1641881189578208, 0.5869530279394641, 0.0047276772703022385], [-0.5021682530772837, -0.6129521175778306, -0.7899143319577742, -0.5942827438653808, 0.2526148505169597, -0.16373520646680784, 0.30258014133293615, 0.8912581888199648, 0.2595246430476903, -0.1832162310154457, -0.08911530446186801, 0.008793130341009902]], "inverted": false, "swapped": false, "error_lsq": 0.044574121006333706, "error_max": 0.2367231505426205, "target": "165.xyz", "model": "9.xyz", "model_rescale": 3.877068213659057, "target_rescale": 3.9139255298095676},
{"mapping": [8, 11, 0, 1, 2, 5, 4, 13, 3, 6, 9, 15], "R": [[0.9923068821052287, 0.06754553115090481, 0.10375284549419293], [-0.10432212567985497, 0.9074642981793654, 0.4069710574764112], [-0.06666292688021029, -0.4146638985387732, 0.9075295617380129]], "T": [0.0018980456522601635, 0.030927128994417345, -0.028839089715123736], "aligned_model": [[-0.5336675775943888, 0.17617447345064402, 0.15003072182728977, -0.2785628304311283, -0.5489596144452393, 0.27061063758370085, -0.28516431015332017, 0.04151903359323103, 0.33781147630814706, 0.5536727577566569, -0.38028029099747285, 0.0233776700086013], [0.20394563514240496, 0.4244772565496597, -0.1371274446533618, -0.6321546843623193, 0.1528964235512888, -0.6385863767042004, -0.5065454457807723, 0.15556975070721765, -0.433163088795881, 0.15317508350595732, 0.5676966896849128, 0.012976215359834134], [-0.5566240795877471, -0.628339965509973, -0.792763435549891, -0.5131642036474025, 0.3204955456228451, -0.329738825286898, 0.26579477627595594, 0.7330880000584402, 0.24418797777923856, 0.21794964549112955, -0.06709430650223465, -0.11440436350729269]], "inverted": false, "swapped": false, "error_lsq": 0.03922089557789527, "error_max": 0.24245998481613065, "target": "165.xyz", "model": "10.xyz", "model_rescale": 4.260839863003843, "target_rescale": 3.9139255298095676},
{"mapping": [10, 5, 6, 7, 9, 0, 8, 2, 1, 3, 4, 11], "R": [[0.1954171713242734, 0.3178820572110991, 0.9277732087395386], [0.9248086544273206, -0.37458436798978656, -0.06644925849113323], [0.3264063140442427, 0.8709980189190628, -0.36718029521083984]], "T": [-0.07294401908503198, -0.06229448045254246, -0.07546900525060013], "aligned_model": [[-0.569345039604245, 0.19243783406062823, 0.10003687267091163, -0.14538530575273215, -0.7384492750147161, 0.5143236425144554, -0.5456129655963875, 0.08006690208153844, 0.3402260262978567, 0.5900255042897113, -0.2453761495549124, -0.0463858994853874], [0.015367919341382236, 0.42726113125681464, -0.10283406510109304, -0.6558578745788222, 0.2648579580038998, -0.5167397690832796, -0.4008853417109305, 0.12187368453949537, -0.5018572646462529, 0.14827318487763, 0.6420995595842897, -0.11839910827839281], [-0.45082000168984393, -0.4582465872910723, -0.8950356516058977, -0.3438724076535214, 0.21745982142779408, -0.543048349037111, 0.3459022120090646, 0.5672026614258392, 0.32369977545684325, 0.06583117453142628, 0.02552136727782199, -0.07520724921517302]], "inverted": true, "swapped": false, "error_lsq": 0.057485331681505464, "error_max": 0.3135422765713428, "target": "165.xyz", "model": "11.xyz", "model_rescale": 3.890672605050136, "target_rescale": 3.9139255298095676},
{"mapping": [12, 9, 11, 10, 7, 2, 4, 3, 0, 6, 5, 13], "R": [[0.3054960581138119, -0.021267310631320868, 0.951955807784917], [0.7314086958667193, 0.6453748243915889, -0.22030128381848127], [-0.6096830964422973, 0.7635699296986735, 0.21271456079097079]], "T": [0.15890814837534856, -0.006664141181510874, -0.08005867838102575], "aligned_model": [[-0.5412451768601487, 0.12447242719267598, 0.3185934177956637, -0.3654479165159536, -0.5697440550796569, 0.10844848257474113, -0.19374886761706017, -0.1382117768291954, 0.36341503179331575, 0.6718208984647966, -0.2508468629266603, -0.0009434550857966295], [0.06445411960706769, 0.47293965933067944, -0.24960347786789247, -0.47752865061051075, 0.26960065749412504, -0.6783921593558557, -0.5671494211412509, -0.13716498256723192, -0.24383025217870652, 0.24859026247813565, 0.6489187600419202, -0.027674501025739387], [-0.3247210189427814, -0.6921165119738113, -0.5472238069124633, -0.6304020579309736, 0.2659296128793537, -0.30765354957443874, 0.14917117099493005, 0.7846681203514412, 0.42056464326545095, -0.14189753468994398, -0.16540545436828408, -0.0315268474623093]], "inverted": true, "swapped": false, "error_lsq": 0.05591044522875379, "error_max": 0.3280878063763708, "target": "165.xyz", "model": "12.xyz", "model_rescale": 4.124412569039231, "target_rescale": 3.9139255298095676},
{"mapping": [2, 11, 8, 1, 4, 6, 0, 5, 3, 9, 10, 12], "R": [[-0.5761364690787518, -0.005778059378030442, -0.8173330918464594], [0.8099589995158426, -0.13824126291728384, -0.5699612024781424], [-0.10969588916985051, -0.990381728050785, 0.0843258242911239]], "T": [0.047542909443862184, -0.09930456988185901, 0.051429828507300115], "aligned_model": [[-0.503022563700125, 0.07446172084306202, 0.15734866983207627, -0.36057960912501075, -0.7231934388624437, 0.3413861418124991, -0.21739761707195848, -0.2156459273125063, 0.4591454815672478, 0.6521709340994163, -0.12512965835747583, -0.012981986818059572], [0.18541347693410867, 0.5913648192817441, -0.037419863255067326, -0.6041278216900657, 0.029599843113499863, -0.5475494921030989, -0.4683488619257562, 0.1550554243560396, -0.617296630122995, 0.026622741495117258, 0.6114558596202246, -0.0016094814990107176], [-0.5470756495361001, -0.6646735395909966, -0.6549759323481197, -0.4399496513038953, 0.13875330449920947, -0.3490017627515635, 0.4125118431706781, 0.7145878101454152, 0.3179273405303649, -0.11352027319282303, -0.046618468165396484, 0.011421744179397855]], "inverted": false, "swapped": false, "error_lsq": 0.04922835917142659, "error_max": 0.2176160488215022, "target": "165.xyz", "model": "13.xyz", "model_rescale": 3.9028299243045295, "target_rescale": 3.9139255298095676},
{"mapping": [11, 6, 9, 14, 12, 10, 13, 8, 4, 3, 1, 15], "R": [[-0.586317180813938, -0.8072166859071066, 0.06806897586671723], [-0.3759522689766459, 0.1967124152172443, -0.9055187006079501], [0.7175597918875526, -0.5565118576387625, -0.4188108133438607]], "T": [0.0606640623544658, 0.02473395375148741, 0.025205369574602357], "aligned_model": [[-0.51157226649401, 0.27196832875831173, 0.06876078873637435, -0.4261286862286234, -0.604079273026415, 0.19959046451005952, -0.43090038466423713, -0.11533707977580931, 0.5824602602344614, 0.6417365585510315, -0.23891736595612467, 0.08898080226170213], [0.11590552675593055, 0.43806540462485793, -0.059743418623500015, -0.5063750437260508, 0.011913173747430984, -0.6746424467227645, -0.579024959383537, 0.1431101552551075, -0.34898438033699825, 0.24784224534887406, 0.5338927461439381, 0.001201011121452475], [-0.4331504055170188, -0.4532461754826626, -0.7452772538778519, -0.4886104588194618, 0.23061280524253408, -0.1914157450304963, 0.18796568731957602, 0.7678478356671609, 0.2429818800774941, -0.010388023387273654, -0.24536263977545725, -0.08257074078037283]], "inverted": false, "swapped": false, "error_lsq": 0.04220748818296122, "error_max": 0.21135186299060635, "target": "165.xyz", "model": "14.xyz", "model_rescale": 3.942246331269136, "target_rescale": 3.9139255298095676},
{"mapping": [6, 0, 2, 9, 11, 5, 4, 13, 3, 1, 8, 14], "R": [[0.2942303109597597, 0.7269369772396536, 0.6204765549432137], [0.931607224123104, -0.07318943812996892, -0.3560214686052857], [-0.21339283979123597, 0.6827927484001973, -0.6987542906186244]], "T": [-0.09946305745166839, -0.10820944886846762, -0.060452356169486604], "aligned_model": [[-0.5843876043243932, 0.23141094926010852, 0.2554910616974808, -0.4165720455065238, -0.7013460419575738, 0.3492633668456028, -0.21273404445094835, -0.13622446118398113, 0.42350298388168084, 0.7093065241820385, -0.36429283241365795, -0.02685570912311186], [0.030148522208277795, 0.3937587116240676, -0.06860271882478663, -0.5170461241387241, 0.10248957966454467, -0.44614524948252887, -0.416328982244427, 0.21710624482872642, -0.45936462820902163, -0.0643829506404886, 0.6065433850213119, -0.05501577560221141], [-0.30230901830272194, -0.4838526873012573, -0.735053570868797, -0.677264133603373, 0.26734913405601424, -0.35578868815360454, 0.4252389177679754, 0.6836902008283373, 0.28558881209677, -0.035704878364054476, -0.1939982397747207, -0.09850908274439783]], "inverted": true, "swapped": false, "error_lsq": 0.0455233839191666, "error_max": 0.26273394906328423, "target": "165.xyz", "model": "15.xyz", "model_rescale": 4.355366556412066, "target_rescale": 3.9139255298095676},
{"mapping": [1, 8, 2, 0, 9, 4, 5, 7, 3, 6, 10, 11], "R": [[0.3956909417256491, -0.4071177027304563, 0.8232155578946168], [-0.8261010130083628, -0.549397944428673, 0.12537549586783686], [0.40123035147259994, -0.7296691543302518, -0.5537121366523847]], "T": [-0.09093015649060543, -0.035054838501016365, -0.09052957836553022], "aligned_model": [[-0.4614242878616807, 0.11328985417007414, 0.05656166046056188, -0.38332936090547975, -0.7788269592475587, 0.4112406224499078, -0.3005948384475652, -0.20234261335664144, 0.29825083071229525, 0.7135339699769941, 0.03249172301246768, 0.027711545943346336], [0.1589430054783907, 0.5117219360511248, -0.15220697661902033, -0.591791499867032, 0.04908204414819289, -0.5834275616152297, -0.5482257028429831, 0.09131650967146743, -0.23371514153121542, 0.1316406561683673, 0.5657816659010224, -0.07595892073834445], [-0.43650096237834335, -0.5868817334620912, -0.9061562958115842, -0.4198638367338574, 0.17342208191878583, -0.29410166991867936, 0.23879741270474947, 0.7881504923063265, 0.39945945420442075, -0.12438285417691453, 0.05437843806957676, -0.10693376108621942]], "inverted": true, "swapped": false, "error_lsq": 0.047398019479180376, "error_max": 0.3119416244453526, "target": "165.xyz", "model": "16.xyz", "model_rescale": 3.795458400668931, "target_rescale": 3.9139255298095676},
{"mapping": [6, 5, 1, 0, 8, 2, 7, 11, 4, 10, 9, 12], "R": [[0.6235185478928165, 0.7780441788167264, -0.07662816873082465], [-0.7207768950089718, 0.610041020886386, 0.32913617312158494], [0.3028288098164699, -0.14999069519574187, 0.9411681588854559]], "T": [-0.12396782084378058, -0.16340198729650365, -0.04939578213031426], "aligned_model": [[-0.5586884242612239, 0.07422704212212655, 0.08335274310120563, -0.2681035530986174, -0.6171404295484814, 0.5122380941475717, -0.41839792639681095, -0.08848646935244434, 0.31175118859847994, 0.5118198372055065, -0.05578476890598845, 0.039774813295397754], [0.14815552760379788, 0.35252381299164026, -0.217846553715787, -0.5632348897534208, 0.19157232732349463, -0.33569196277540814, -0.6441321215952421, 0.11732539810020678, -0.5127823821158229, 0.1959699077596563, 0.7272659845519095, -0.13596503417028394], [-0.46331094602419837, -0.5944792334621187, -0.8672286409632116, -0.4621534934677867, 0.248027798471824, -0.3084441224076863, 0.2874782751479279, 0.7090721328190824, 0.2724396927801217, 0.024965215496624032, -0.046654543998249254, -0.020325368756158837]], "inverted": false, "swapped": false, "error_lsq": 0.047251669035717696, "error_max": 0.3276051137354083, "target": "165.xyz", "model": "17.xyz", "model_rescale": 3.7474275329858107, "target_rescale": 3.9139255298095676},
{"mapping": [10, 8, 3, 11, 12, 1, 7, 9, 2, 0, 5, 13], "R": [[-0.6716072529202637, 0.45623168493928495, 0.5837776524348616], [0.1754510489612943, 0.8634447443035405, -0.4729483089651293], [-0.7198337497250867, -0.2152111130774962, -0.6599420804621166]], "T": [-0.01160906213320649, -0.028671008063757303, -0.06249297030778879], "aligned_model": [[-0.4604124804631967, 0.23008817226483058, 0.08404050814055437, -0.42078992130144105, -0.7004080625980225, 0.3170305696299671, -0.3419870378642271, -0.1446746118542545, 0.4603347339306176, 0.8170102315498108, -0.39680052758753653, 0.08313057305961942], [0.23401217562504498, 0.47623815132802294, -0.1388357370046366, -0.49407330772166635, 0.024429911740573323, -0.5867612555834194, -0.6165128577887626, 0.16877341180091007, -0.3569998847299829, 0.07217591724292982, 0.5814994753076344, -0.040785986011907686], [-0.516378866944694, -0.5136067462727066, -0.7252931464642696, -0.43358377559610317, 0.22381656950551204, -0.3054943794964695, 0.27323256476521496, 0.5628336854472777, 0.35380250878566066, -0.11109702953450452, -0.012099986334207904, -0.016744632224540028]], "inverted": true, "swapped": false, "error_lsq": 0.04479444520342546, "error_max": 0.2287963565018734, "target": "165.xyz", "model": "18.xyz", "model_rescale": 3.922800546911778, "target_rescale": 3.9139255298095676},
{"mapping": [8, 13, 4, 6, 5, 10, 1, 0, 2, 7, 12, 14], "R": [[-0.9220393992491227, -0.33074385598669087, -0.20112644768744897], [0.35704564219112034, -0.525936545629432, -0.7719515265634955], [0.14953847539896736, -0.7835810434782324, 0.6030248690368558]], "T": [-0.013555022848861294, -0.0386714885356812, -0.10380464273994701], "aligned_model": [[-0.5253771216514568, 0.10631376960777858, 0.10504306253080667, -0.2878647162223296, -0.5894968885642459, 0.44310763267425457, -0.44585517513641815, -0.16577013458747603, 0.318582537728676, 0.5956280744854855, -0.09354615936427207, 0.06579726540591882], [0.062138982310708385, 0.3827473318472339, -0.2810699602027177, -0.571648977545975, 0.27932937647267936, -0.655277307602663, -0.5639673422735343, -0.029154245538629886, -0.5186896773872733, 0.4741106390587028, 0.7317473229549007, 0.012893872111308262], [-0.4235952651269305, -0.6328144699097689, -0.7754031940858587, -0.4450625514288851, 0.28310637720641174, -0.3525155797865891, 0.18802384852473558, 0.7178903234859719, 0.31140150125725635, -0.0392952434204374, 0.03283472767328875, -0.08518370875302457]], "inverted": true, "swapped": false, "error_lsq": 0.048745771882648115, "error_max": 0.2931822857226813, "target": "165.xyz", "model": "19.xyz", "model_rescale": 3.9282355846067225, "target_rescale": 3.9139255298095676},
{"mapping": [10, 0, 1, 2, 9, 5, 7, 8, 6, 3, 11, 13], "R": [[-0.5331843501446453, 0.0463294558422877, -0.8447295604406122], [-0.8459608481026091, -0.01970444872871724, 0.5328808292459127], [0.008043148534416233, 0.998731854013706, 0.049699009446853626]], "T": [-0.06574835258334566, -0.07895783596865756, 0.042324353950316654], "aligned_model": [[-0.6638654589277256, 0.1642837264100936, 0.20165580830422014, -0.24290979082654807, -0.5897707222707824, 0.3608161809895577, -0.3498340472588868, -0.026365730399759535, 0.36981804039377764, 0.6342507076296872, -0.27303237874829467, -0.05848418838861742], [0.07935372715337578, 0.49368538843535215, -0.09907023336460259, -0.5593795670149583, 0.21143656508570952, -0.576777210426874, -0.6227414168832757, 0.2359771306656731, -0.4288253408361151, 0.03650237489659154, 0.5980248022695259, -0.04502620577566219], [-0.5571985606005363, -0.46695157162929823, -0.6573836583788383, -0.6030631230725595, 0.3880069730407524, -0.19831795604597918, 0.1504562714770709, 0.7336177467938787, 0.381025845538089, -0.20872409665111613, -0.06763478094475202, -0.11444632389054167]], "inverted": false, "swapped": false, "error_lsq": 0.04434114129378483, "error_max": 0.2615999365843711, "target": "165.xyz", "model": "20.xyz", "model_rescale": 4.067790424073018, "target_rescale": 3.9139255298095676},
{"mapping": [8, 0, 2, 4, 1, 6, 5, 10, 11, 3, 7, 14], "R": [[0.3718053208751972, -0.9153818037449005, 0.15439221723138824], [0.8406623323387127, 0.26146537955286714, -0.4742601588602095], [0.393760899983388, 0.3061241719760261, 0.8667412214590149]], "T": [-0.012994521310920031, -0.05383897609920757, -0.03261340425626219], "aligned_model": [[-0.49967344083771503, 0.09822955425461154, 0.2885857966895016, -0.2966979274592898, -0.682518132690974, 0.3107610820783813, -0.4851676242911014, -0.055981340789020756, 0.4671814040038586, 0.8125002021015415, -0.42476191334768754, -0.005895512805384301], [0.04525394887516622, 0.43553944562359354, -0.15505111956200865, -0.5050467893085273, 0.1970323284292907, -0.6925925111411309, -0.40779698706825324, 0.0825592012535385, -0.21127366266376665, 0.0017815287120872478, 0.5614722170578941, -0.028717586003143055], [-0.31277785280980025, -0.5352026947188149, -0.7053149319409866, -0.6312755638880161, 0.37001151256781944, -0.2189816779533895, -0.017368465726049206, 0.7741297346173663, 0.37071977587347027, -0.2306281454083802, -0.12482895413592826, 0.040904029158879085]], "inverted": false, "swapped": false, "error_lsq": 0.05760099300526644, "error_max": 0.3372808290044967, "target": "165.xyz", "model": "21.xyz", "model_rescale": 4.186013935880536, "target_rescale": 3.9139255298095676},
{"mapping": [11, 3, 4, 10, 8, 7, 9, 2, 1, 0, 5, 12], "R": [[0.363264484980542, 0.7577135336263321, 0.5421338533160597], [-0.9225525264451429, 0.37381373891588665, 0.09570853957411048], [-0.13013742698203817, -0.5349144693848005, 0.8348237901145799]], "T": [-0.027684322008576116, -0.06312298168068899, -0.10082528223965656], "aligned_model": [[-0.5606912061497804, 0.09828701153848382, -0.0317373460286866, -0.23108575540656415, -0.6658773657141492, 0.40181708432492297, -0.3848392714698871, -0.08936086889536399, 0.3855824266287579, 0.5990980616770296, 0.035594158280584744, -0.030224781878625716], [0.1325064293876822, 0.6452272431838894, -0.20060136318279198, -0.7642886063113423, 0.0314147830590306, -0.6127909072208414, -0.5216218196482901, 0.28013308402050807, -0.44644862280857606, 0.13049892809607283, 0.6882239511205955, -0.03909308549119652], [-0.37759011688269095, -0.6793664102463565, -0.8140569531463265, -0.5049218751055392, 0.3132283141792729, -0.3282399991574168, 0.1175091353311419, 0.5534456706448869, 0.36543138876566716, 0.20156989060898714, 0.07241558077265975, -0.14003786012811567]], "inverted": true, "swapped": false, "error_lsq": 0.05339364557290129, "error_max": 0.3215240297566783, "target": "165.xyz", "model": "22.xyz", "model_rescale": 4.166573947596378, "target_rescale": 3.9139255298095676},
{"mapping": [0, 6, 2, 4, 7, 3, 8, 10, 9, 12, 5, 15], "R": [[0.9873628669361274, 0.11884833186740835, 0.10483149816732411], [-0.11981479300516464, 0.9927918845786234, 0.002947760498230831], [-0.10372552421077884, -0.015470873509913495, 0.9944856297101731]], "T": [0.10575772876313941, -0.05746491142308681, -0.055689547710023275], "aligned_model": [[-0.6767221363480053, 0.29770622470432284, 0.20732820053858808, -0.3185491704892518, -0.5010910456967036, 0.24587382416832115, -0.38013110382556947, -0.12013828330082382, 0.33996253596872383, 0.7018142274321265, -0.3387031732331611, 0.06921204698815384], [-0.030602418285670577, 0.47856579360622536, -0.12068343841971171, -0.49374626022204854, 0.17404043910825345, -0.5862356830049886, -0.6605673531161631, 0.17613632623838937, -0.4573621668801086, 0.21450205355543928, 0.6444522273780854, -0.015339505752961537], [-0.28755034645811217, -0.5605999260333056, -0.717879925393648, -0.4673638768848865, 0.2435252334458609, -0.3050800105291749, 0.17724526594095788, 0.6191012988496369, 0.32599023907705627, -0.06717761038628872, -0.0844787480316089, -0.0963448279603173]], "inverted": false, "swapped": false, "error_lsq": 0.038103216555476375, "error_max": 0.2222208000133334, "target": "165.xyz", "model": "23.xyz", "model_rescale": 4.274766983524099, "target_rescale": 3.9139255298095676},
{"mapping": [8, 2, 3, 6, 0, 4, 7, 10, 9, 1, 11], "R": [[0.974771930581577, 0.222705248670157, -0.014901528949383694], [-0.020239198168358036, 0.021704188214023805, -0.9995595545396345], [-0.22228373356538644, 0.9746441917072783, 0.025664009108058623]], "T": [0.013755122635061151, -0.00026900394139259265, 0.027895894150092054], "aligned_model": [[0.3236607347367728, 0.13401619032092332, -0.45000414460984606, -0.424970316676867, -0.46914632563408687, -0.589662633261827, -0.08340068754654974, -0.09206346654435131, 0.6963291335073901, 0.3302148410062904, 0.004921378660226964], [-0.2886248359495669, 0.7807611717133699, 0.5586393042534344, -0.24511595396939306, 0.36581868058126055, -0.21750685807538397, -0.7810671885472794, 0.07460189755953683, -0.011103777331390216, 0.5827108759268196, 0.09647321508207553], [-0.4806213527381824, -0.18503682992383993, -0.5219899163119338, -0.4313251551760865, 0.25484046960558115, 0.35623850047312333, 0.26328000259767625, 0.693816167096851, 0.06744031794660532, 0.4305064782440302, -0.0675822477922469]], "inverted": false, "swapped": true, "error_lsq": 0.051025174194851614, "error_max": 0.28290113881359585, "target": "165.xyz", "model": "24.xyz", "model_rescale": 3.7841303162186577, "target_rescale": 3.9139255298095676},
{"mapping": [12, 2, 4, 3, 14, 6, 11, 10, 7, 0, 9, 15], "R": [[0.2510233114150845, -0.40236581997291193, -0.88039141524877], [-0.9354983416776886, 0.1327946383522524, -0.3274269945242594], [0.24865669072940785, 0.9057965174046658, -0.34307800747509143]], "T": [0.0340635754572769, 0.002086569463767493, -0.09906411749257407], "aligned_model": [[-0.6359480438980172, -0.025824965209579505, 0.2527394182533735, -0.30109278805961365, -0.6266388366446058, 0.2480363736358962, -0.2077521356229861, -0.03982777199906495, 0.3603098113486546, 0.7102792685178172, -0.24912524594209473, 0.041407062526941894], [0.2029393895008234, 0.5068141152742639, -0.17450300507910516, -0.5546286345127948, 0.2918492280925195, -0.6513003186347098, -0.6402597071507176, 0.15970354633227063, -0.3269385946970673, 0.06118516446123547, 0.5101951953001437, -0.06189636468212144], [-0.3921758385823223, -0.6562503476922529, -0.7902235352816535, -0.5752366506028112, 0.23079780304041617, -0.321162447841158, 0.2449474985277871, 0.6591918173019508, 0.35712816106538514, 0.18478380284430593, -0.03766033657292747, -0.12475316057054961]], "inverted": false, "swapped": false, "error_lsq": 0.042364676421388525, "error_max": 0.24806279371177453, "target": "165.xyz", "model": "25.xyz", "model_rescale": 4.19342608120988, "target_rescale": 3.9139255298095676},
{"mapping": [1, 8, 2, 0, 9, 4, 5, 7, 3, 6, 10, 11], "R": [[0.3956909417256491, -0.4071177027304563, 0.8232155578946168], [-0.8261010130083628, -0.549397944428673, 0.12537549586783686], [0.40123035147259994, -0.7296691543302518, -0.5537121366523847]], "T": [-0.09093015649060543, -0.035054838501016365, -0.09052957836553022], "aligned_model": [[-0.4614242878616807, 0.11328985417007414, 0.05656166046056188, -0.38332936090547975, -0.7788269592475587, 0.4112406224499078, -0.3005948384475652, -0.20234261335664144, 0.29825083071229525, 0.7135339699769941, 0.03249172301246768, 0.027711545943346336], [0.1589430054783907, 0.5117219360511248, -0.15220697661902033, -0.591791499867032, 0.04908204414819289, -0.5834275616152297, -0.5482257028429831, 0.09131650967146743, -0.23371514153121542, 0.1316406561683673, 0.5657816659010224, -0.07595892073834445], [-0.43650096237834335, -0.5868817334620912, -0.9061562958115842, -0.4198638367338574, 0.17342208191878583, -0.29410166991867936, 0.23879741270474947, 0.7881504923063265, 0.39945945420442075, -0.12438285417691453, 0.05437843806957676, -0.10693376108621942]], "inverted": true, "swapped": false, "error_lsq": 0.047398019479180376, "error_max": 0.3119416244453526, "target": "165.xyz", "model": "26.xyz", "model_rescale": 3.795458400668931, "target_rescale": 3.9139255298095676},
{"mapping": [9, 8, 11, 4, 2, 10, 3, 0, 7, 5, 1, 12], "R": [[0.8596881697081279, 0.1762444474317438, -0.4794519221083262], [-0.4996044566474238, 0.485695024969787, -0.7172835768492336], [0.10645016562655796, 0.8561765223767102, 0.5055987784488815]], "T": [-0.07235666006060562, 0.049722749253127106, -0.17979372124175236], "aligned_model": [[-0.4951475126233048, 0.34151561158496146, -0.014708528373796076, -0.23428610434822547, -0.8056103082082394, 0.33665855875062367, -0.3093776716937148, -0.21422159719071013, 0.3924586794160889, 0.6771155390849635, -0.18628793081405706, 0.03845341132213151], [0.01037770241143652, 0.5282179562464692, -0.12239674157174696, -0.689770018313655, 0.2279891194498627, -0.518859661802662, -0.4795886939287763, 0.08162247827653316, -0.3865451911252548, 0.060959896295665915, 0.6167876276239348, -0.005634459357066697], [-0.24362280860589508, -0.541046803932418, -0.8716218541797969, -0.5344660833249976, 0.2734116435039318, -0.3105875327468067, 0.27707277458494445, 0.6388209249711154, 0.3240168413852987, -0.10890213419164332, -0.05405486561615827, -0.06963333621140463]], "inverted": true, "swapped": false, "error_lsq": 0.03981663929103422, "error_max": 0.20261465504210924, "target": "165.xyz", "model": "27.xyz", "model_rescale": 3.6321398670334006, "target_rescale": 3.9139255298095676},
{"mapping": [8, 3, 0, 10, 12, 11, 9, 6, 13, 1, 7, 14], "R": [[0.47367299133218416, 0.8729212696117765, 0.116800489475795], [-0.28463581347286104, 0.27724005512258026, -0.9176711859507586], [-0.8334364708668943, 0.40143045337267746, 0.37978578190072276]], "T": [0.011646176892057852, -0.02355791151105114, -0.14587578649789426], "aligned_model": [[-0.44056884764930127, 0.15402165281173158, 0.14422834565177056, -0.3652184999241992, -0.6753557135049991, 0.25070857685225156, -0.27228751518209504, -0.041838664474676615, 0.39676875750469665, 0.6175511753165718, -0.30751179312043875, 0.0660646726254093], [0.11307874267703569, 0.4880735784917696, -0.18117061020200426, -0.5703392206949822, 0.20173672780789642, -0.6153642322253939, -0.5339801286878373, 0.0026837414261967826, -0.46975381554747786, 0.24066119238971795, 0.6816816628146861, -0.03414762404486638], [-0.35530742714922087, -0.5812176317831746, -0.734935970144839, -0.550443269486692, 0.2550986003960385, -0.21757156117491397, 0.17881326465366995, 0.6289520553714223, 0.41898450157113565, -0.04421658049878585, -0.10509935965330577, -0.11366985646516384]], "inverted": true, "swapped": false, "error_lsq": 0.0326365114615487, "error_max": 0.2620451251918811, "target": "165.xyz", "model": "28.xyz", "model_rescale": 4.156811204709835, "target_rescale": 3.9139255298095676},
{"mapping": [4, 0, 10, 1, 5, 6, 7, 8, 9, 11], "R": [[0.4066311989351952, 0.5032745438083671, -0.7624734760022843], [0.5950516874602502, 0.48737979405532045, 0.6390418026994031], [0.6932276374346561, -0.7135654629402084, -0.10129053655545286]], "T": [-0.11986352592452235, -0.00547447964713154, 0.004849287828821349], "aligned_model": [[-0.4747269097124337, -0.004522954060262735, 0.13581507387045724, 0.6437351954481375, -0.05153972251781361, -0.7099470397591517, -0.6779680223960682, -0.3728332055190905, 0.24171193969028423, -0.0867989809334706], [-0.15822464340239442, -0.48626415778055754, 0.11390075467127941, -0.01921987733545604, -0.311299640293745, -0.3115678144247427, 0.5129765807896974, 0.20694752545455003, 0.47917271497092906, -0.10770111202335636], [-0.6033065366493405, -0.41259014455706716, -0.6121037433390889, -0.13239368236507798, 0.6791804302210228, 0.15121297624569946, -0.30210120328615886, 0.5781411834653253, 0.32417469161065127, 0.08857275562913364]], "inverted": false, "swapped": true, "error_lsq": 0.04935814268409801, "error_max": 0.2520905434954801, "target": "165.xyz", "model": "29.xyz", "model_rescale": 4.117894457231895, "target_rescale": 3.9139255298095676},
