[{"mapping": [8, 7, 11, 4, 6, 2, 9, 10, 1, 12, 3, 5, 0, 13], "R": [[-0.94612693107811, -0.3145636376822404, -0.07676944793883861], [-0.10688841912287707, 0.07961982917631977, 0.9910779730471999], [-0.3056447220976178, 0.9458913260253792, -0.10895367457695088]], "T": [-0.06419416120164888, 0.13597651038853756, 0.07303238972793233], "aligned_model": [[-0.1353516362163349, 0.027761594978898838, 0.36109312617960515, -0.6093957741631205, -0.7039459845811138, -0.6572247645773012, 0.2054332049249854, 0.8320012768576186, 0.04445485686782283, 0.43499168298352936, -0.5434493652359309, -0.08930582893025116, -0.11799260937500365, -0.008187423400179923], [-0.09792575494891353, -0.5195817599715135, 0.18762402555646263, -0.5284793272930475, 0.16247082422362916, -0.2440060460683149, -0.5099373004591208, -0.25105954493423377, 0.5277310363606766, 0.10429614443228365, 0.3124182444468747, 0.7812952528283806, -0.08094335602087258, 0.013578484785116668], [-0.6691303118693946, -0.29190866790092806, -0.4778987295711633, -0.34488849705107705, -0.34477371363188114, 0.38155500746953086, 0.2894569820368844, -0.1768991075339615, 0.4826271842210461, 0.3644593194232073, 0.18431163166585277, -0.3210924448630198, 0.811587691050514, -0.018738144239246163]], "inverted": true, "swapped": false, "error_lsq": 0.04390551095616975, "error_max": 0.23677328263980438, "target": "166.xyz", "model": "0.xyz", "model_rescale": 3.8414455957264533, "target_rescale": 3.9131687595413265},
{"mapping": [8, 12, 13, 10, 6, 5, 1, 11, 7, 0, 2, 9, 4, 14], "R": [[0.6882492781632328, -0.706885375270598, -0.16317474478710012], [-0.03319881295147625, 0.19399751359518486, -0.9804401070628941], [0.7247142677817254, 0.6802044037989112, 0.1100508933456052]], "T": [-0.09411261783875528, 0.015505870368544398, 0.03380516815788485], "aligned_model": [[-0.11516261352469484, 0.13865186227469994, 0.4883710622985418, -0.4430710863702804, -0.8219673811314472, -0.6673910027095128, 0.27375676398548604, 0.5906867191063498, 0.053474870517871545, 0.49692162802518997, -0.6444649786236064, -0.10761459336150282, -0.12126394070205225, -0.08004495347181786], [0.036889972684746475, -0.47127864006380676, 0.25721804194371134, -0.4946264624980396, 0.1560349962777391, -0.25871555520208495, -0.6463878184998798, -0.45763045491674265, 0.5875763144036188, 0.17193548647116524, 0.34708143762839455, 0.6328023401277663, 0.0676022414403574, -0.07102097685953708], [-0.7557529458212722, -0.5057790060612282, -0.38706890935872573, -0.2600898651696952, -0.21217487596557652, 0.20838262426399565, 0.452214959775077, -0.14910816636164537, 0.28660616197954136, 0.4233249557543448, 0.3968129501588775, -0.256491998678491, 0.5745139702280119, 0.05327834446314927]], "inverted": true, "swapped": false, "error_lsq": 0.04500487796117171, "error_max": 0.29678421826758467, "target": "166.xyz", "model": "1.xyz", "model_rescale": 4.316132596720782, "target_rescale": 3.9131687595413265},
{"mapping": [6, 9, 12, 4, 5, 1, 10, 0, 8, 2, 11, 13], "R": [[-0.6392856205174466, -0.7257370752328441, -0.254203841497529], [0.46327719904140363, -0.6273425880379755, 0.6259516866996743], [-0.6137492421567421, 0.28239506877120335, 0.7372685351252504]], "T": [-0.032691864491209734, -0.07460627999411329, 0.04302985227200878], "aligned_model": [[-0.32520144080596897, 0.5316714911230327, 0.20653408837883888, -0.43050514422606256, -0.5465478300522066, -0.45374418456769305, -0.1566464662243719, -0.2129223246438046, 0.4578767659145774, 0.2879286777086092, 0.31436642955938926, -0.0750015075325591], [-0.6802728548739665, -0.2878774638929881, -0.6055442038567318, 0.5664204922560062, -0.19004179501276414, -0.14085782948259412, 0.2670359841370704, 0.5158157042025266, 0.08609118562566559, 0.048634052961118834, 0.4830415862964932, -0.04966843061885571], [0.12740768963034974, 0.04429279548833872, -0.4948711385285059, -0.10411896429766626, -0.554583110275465, 0.5217362502756537, -0.6699859549712297, 0.550769150339723, -0.4698127098314721, 0.562262906209453, -0.007835197529979611, -0.056003255299778766]], "inverted": true, "swapped": true, "error_lsq": 0.037189663887796334, "error_max": 0.19736510203880955, "target": "166.xyz", "model": "2.xyz", "model_rescale": 3.795458400668931, "target_rescale": 3.9131687595413265},
{"mapping": [12, 6, 7, 0, 8, 11, 1, 5, 3, 4, 9, 13], "R": [[-0.9797199552408394, 0.20037157841299708, 0.00019966765444813604], [0.1998232194669567, 0.977111454266219, -0.07296497038727168], [-0.014815203837562959, -0.07144533928843172, -0.9973344841271722]], "T": [-0.0012876282940134515, 0.07087299668507897, 0.04995116345642993], "aligned_model": [[-0.07001978910117351, -0.2671156365473519, -0.7465613063381032, 0.09339232365173322, 0.19340608005810445, 0.18843307348401922, -0.15221823061864764, 0.5721608476072616, 0.4219487485035008, 0.6582794021642897, -0.3970763353629701, 0.09867464824290252], [0.01960078982755993, -0.5197465974016755, -0.19432988023287595, 0.20709636272373522, 0.6143096545969142, 0.6756140915597443, -0.3588163432820603, -0.3555130602206529, -0.5973638478878504, 0.12284832403658026, 0.41184925753202606, 0.06022029403826423], [-0.7381533107733794, -0.1500924235656585, 0.18733872916611444, 0.8318458074056374, -0.3930609231342271, 0.22967906620327305, 0.5009735176048307, -0.3019953387820503, 0.3288778853777194, 0.44122268065616554, -0.2518412800587806, 0.003977020539455714]], "inverted": false, "swapped": true, "error_lsq": 0.04564335589264145, "error_max": 0.20669497033279688, "target": "166.xyz", "model": "3.xyz", "model_rescale": 3.7530521520055578, "target_rescale": 3.9131687595413265},
{"mapping": [12, 5, 10, 4, 8, 1, 9, 6, 7, 2, 13], "R": [[0.31318868860177956, -0.7926855268501227, 0.5230320266047208], [0.06539508904015146, 0.5674325866698715, 0.8208189458794002], [-0.9474367143304763, -0.2228674832887978, 0.22955120829825587]], "T": [0.004428985840267054, 0.019155051824532476, 0.05959471872090301], "aligned_model": [[-0.4361593634498115, -0.21372530024434505, 0.3274482427239477, 0.5342461839972255, 0.2946576194986881, -0.17633867605418171, -0.0657971588925296, -0.6563175727919179, -0.4769553721840955, 0.1857554557813426, 0.021385544060882687], [-0.6292761607353771, -0.09567903357298768, -0.35161342056094064, 0.2964782540981587, -0.6474517849061943, 0.6327322110224847, -0.3938083430259298, 0.16013680147120746, 0.3090592146012242, 0.2065846018076424, -0.019958981884942342], [-0.05822073219379967, -0.6978591774132723, -0.5718045375959638, -0.42332254180151246, 0.029738136057900197, 0.10058571364446109, 0.49378559054677695, 0.004353401556211577, 0.6330626259108139, 0.6249083937195398, -0.04239609518583873]], "inverted": true, "swapped": true, "error_lsq": 0.04608928841226004, "error_max": 0.289188257722572, "target": "166.xyz", "model": "4.xyz", "model_rescale": 3.7855080009869324, "target_rescale": 3.9131687595413265},
{"mapping": [3, 10, 9, 7, 0, 6, 8, 15, 12, 14, 1, 2, 13, 16], "R": [[-0.9902875410101581, -0.08467258693762025, -0.11027755502071136], [-0.09574586615316777, 0.9904382360097991, 0.09932184938057614], [0.10081326913970483, 0.10891581001438363, -0.9889256954363542]], "T": [-0.1501208430036422, -0.03602559625270631, 0.024736735292647347], "aligned_model": [[-0.06360727862640164, 0.11548523925982196, 0.3772604034245591, -0.5410391216815968, -0.7019288103336034, -0.5276507558387287, 0.1440911750412081, 0.6226057971941967, -0.07854568640750972, 0.38368265854590416, -0.665942200015234, -0.0068441499282079765, 0.09175304908269316, -0.10843796340387724], [0.1795647230403929, -0.5398686321386932, 0.10379382882902373, -0.6484575565001987, 0.3164151923851247, -0.37863696956961757, -0.6344809753422619, -0.3144693879885795, 0.45106734368591456, 0.37100712967684385, 0.5067534398306748, 0.6075384955559315, -0.15942495209989405, -0.003320756427252977], [-0.6298263424967169, -0.4297518545840742, -0.4326838245149481, -0.1582372118659241, -0.39925305351839685, 0.4323709829407012, 0.24968188780848488, 0.0931523845124367, 0.49450553782251244, 0.10885320388633395, 0.13619607598909095, -0.3085540334582779, 0.6964042558553925, 0.015810190829749184]], "inverted": true, "swapped": false, "error_lsq": 0.042233912621733774, "error_max": 0.24092467517169572, "target": "166.xyz", "model": "5.xyz", "model_rescale": 4.2253639853439635, "target_rescale": 3.9131687595413265},
{"mapping": [11, 8, 5, 9, 12, 0, 1, 10, 3, 2, 7, 6, 4, 13], "R": [[0.9910355373574842, 0.1247661356198668, -0.04777002299609376], [-0.1207027884763148, 0.6829131311191868, -0.7204585291319898], [-0.05726605057627365, 0.7197659805433105, 0.6918508023439176]], "T": [-0.048583424195324215, -0.06473975962878457, -0.01613597818411687], "aligned_model": [[-0.14306940680655594, 0.15323088365353243, 0.43554337424925316, -0.4183408335064298, -0.8041296325620564, -0.683088865098122, 0.07474040052722115, 0.6830773663679753, -0.15781994285755763, 0.48352201159093766, -0.6478787738165992, -0.06709819197824698, 0.1846072883471093, -0.05241332179723698], [0.2283500216025225, -0.5917602889515845, 0.11786070088602645, -0.5325069586847351, 0.2232148591228506, -0.23315416282487084, -0.679258314906211, -0.3348264178251516, 0.46749422033830695, 0.29429590942838924, 0.4329390215215884, 0.5672382537116699, -0.0844037828086399, -0.01800213767275287], [-0.7307859400822219, -0.49298524411465544, -0.38085447414815116, -0.1467871673569417, -0.4825862210088864, 0.4444094414950411, 0.36578542922035684, -0.0007035770182153428, 0.43971909336525933, 0.1791300085842199, 0.13403769041961833, -0.13436863928630943, 0.6518061824726724, 0.022851616664576947]], "inverted": true, "swapped": false, "error_lsq": 0.03893031147118675, "error_max": 0.19732486721689804, "target": "166.xyz", "model": "6.xyz", "model_rescale": 3.89814844738969, "target_rescale": 3.9131687595413265},
{"mapping": [9, 12, 8, 7, 11, 5, 6, 2, 1, 3, 10, 0, 13], "R": [[-0.1041126631600929, -0.9929220501955203, 0.0571520393795167], [0.9524262267342039, -0.11608642375105054, -0.28179465014357324], [0.28643469761633344, 0.025094709725683617, 0.9577710684423619]], "T": [-0.03906939373706518, 0.04784002716312568, -0.018820650727520333], "aligned_model": [[0.2665643013450238, -0.08455513408608599, 0.5274749548343032, -0.37736570669261116, 0.5783596765683865, -0.40235642151433215, -0.6495085333147358, 0.19334897363944054, -0.488297446650853, -0.6673681040357771, 0.1980349702157379, 0.09356870895950171, -0.039268438363776144], [-0.2808694954979607, 0.20400669816854256, 0.30302218653734914, -0.6769294405219464, 0.12089699286365002, 0.7347179235780114, -0.09379276885408525, -0.48419791194141987, -0.17877504983926024, 0.44098562216420956, 0.8076571001858178, -0.09007872061963346, 0.1571381292472108], [-0.4219710993317015, -0.7947102238745585, -0.3975003527695553, -0.08886055131810663, 0.19901387005262322, -0.19413709416747407, -0.27731181027427076, 0.20591477128702235, 0.37826108253595747, 0.37379480879928934, -0.1020988438395276, 0.7572372631647993, -0.035356789428201654]], "inverted": true, "swapped": true, "error_lsq": 0.04390108002163041, "error_max": 0.2661812873162657, "target": "166.xyz", "model": "7.xyz", "model_rescale": 3.7474275329858107, "target_rescale": 3.9131687595413265},
{"mapping": [6, 5, 7, 3, 0, 2, 8, 9, 12, 11, 1, 10, 13, 14], "R": [[0.03007775440855548, -0.03577546254978739, -0.9989071252969857], [0.3682917059674735, -0.9286519275784426, 0.04434880742941652], [-0.9292236264782051, -0.3692231218168659, -0.014755958474499398]], "T": [-0.07982903221577566, 0.017515060109764197, 0.07395030994955573], "aligned_model": [[-0.17734610160958597, 0.14052479296371068, 0.38887827882228704, -0.45321096083754825, -0.5658535174515674, -0.6755490899410432, -0.003255276290964962, 0.6116668770114252, -0.011878364202603547, 0.48419523112163165, -0.7789871851953672, 0.08382244499858786, 0.10221525412425735, -0.10434002719999479], [0.027751395009115176, -0.4426098947406607, 0.07560686934615257, -0.4183976914117391, 0.23855225864005722, -0.46390975173389637, -0.6538082707590952, -0.2914518314044664, 0.5366593823660925, 0.2726067800815979, 0.19641073876104528, 0.6251569506506764, 0.15043868019238546, 0.004475307940143789], [-0.7368047313683603, -0.42879284681595464, -0.4167801967474797, -0.3558177035463884, -0.3122309871689415, 0.4231454691584803, 0.16707260154094675, -0.007984466296427045, 0.40031589971805004, 0.1312634878266689, 0.2836549434985459, -0.3494323615825762, 0.9441818985095481, 0.12687719248025142]], "inverted": true, "swapped": false, "error_lsq": 0.04331418717729256, "error_max": 0.23367726242279113, "target": "166.xyz", "model": "8.xyz", "model_rescale": 4.019505241142653, "target_rescale": 3.9131687595413265},
{"mapping": [6, 12, 5, 3, 1, 4, 10, 7, 2, 9, 8, 11, 13], "R": [[-0.5095384382331776, 0.14817410180792545, -0.8475936617957387], [-0.455026644402193, 0.7896494658737614, 0.41158774754523947], [0.7302885271226536, 0.5953974778235949, -0.33493359126001004]], "T": [0.03567075507469763, -0.10926357818077195, 0.09103653610870381], "aligned_model": [[-0.33527805819949047, -0.6698615193137738, -0.002265184560914131, 0.4243481300604435, 0.2907290461726818, 0.7194150635167315, 0.1903391106940486, -0.2704492224269087, 0.14292665296436644, -0.3920541278173816, -0.17758002051485125, 0.35074791626354535, 0.048682984902679055], [-0.5620665321148032, 0.17851533077991596, 0.12169795596981037, -0.41670503758613586, -0.6875507076525172, 0.14294986790867928, 0.5705211463892694, -0.7952536938190482, -0.3483182992431426, 0.012359156912500585, 0.5657811571989625, 0.31609894272633177, -0.034651059355764], [-0.2508405389327363, -0.12775359342170345, -0.6703649340118801, -0.5856312365124834, -0.01556273016711425, -0.15331075930802684, -0.30195983705709806, 0.37449532490093485, 0.655782221133654, 0.4987760668519859, 0.2593441771897085, 0.48321119597834333, 0.010518137400294891]], "inverted": false, "swapped": true, "error_lsq": 0.04159110166532657, "error_max": 0.3809781875325764, "target": "166.xyz", "model": "9.xyz", "model_rescale": 3.877068213659057, "target_rescale": 3.9131687595413265},
{"mapping": [9, 2, 14, 7, 8, 1, 4, 13, 12, 6, 0, 11, 3, 15], "R": [[-0.3279340169496001, 0.008423578462969539, -0.9446630742509085], [-0.6251612159154543, -0.7516245875720864, 0.21031864746665208], [-0.7082603579492573, 0.6595373550322751, 0.2517493647948701]], "T": [0.0011489261343356205, 0.014962246556893509, 0.02240387784637838], "aligned_model": [[-0.00865556342008178, 0.10307423381672204, 0.5477658553563417, -0.5196189702735267, -0.608822356356429, -0.7509344167269507, -0.05719162079134368, 0.6998171434798677, -0.06554033646928314, 0.483391848184316, -0.6346752892240507, -0.29327528877661513, 0.21324962392728433, -0.06770250641302711], [0.0727977729079323, -0.4680257248120107, 0.07787763056422808, -0.5886375689540546, 0.046367281742834214, -0.25583220437707777, -0.6173100427876413, -0.3077478472744425, 0.5891924902302262, 0.3038681922208806, 0.43760457632068706, 0.6634561689762506, -0.16206822299994122, 0.06593842117953738], [-0.6350185341353919, -0.42109269386112236, -0.5314671665147609, -0.1529661030593849, -0.4490531128851616, 0.35996516255983063, 0.25675150948878317, -0.05080413656637416, 0.49569806249032733, 0.27593828146360283, 0.24794115611654644, -0.17105229425193222, 0.5937486507921504, 0.05007941756925105]], "inverted": true, "swapped": false, "error_lsq": 0.041130544697127805, "error_max": 0.28836662714815525, "target": "166.xyz", "model": "10.xyz", "model_rescale": 4.260839863003843, "target_rescale": 3.9131687595413265},
{"mapping": [12, 6, 3, 5, 4, 10, 8, 9, 1, 0, 11, 13], "R": [[-0.9585492598473389, -0.10383744509159873, -0.26533205883000377], [0.10852813866987668, -0.9940887369978924, -0.003037448071590197], [-0.26344821040001654, -0.031707538075114026, 0.9641523077119322]], "T": [0.15534321060779488, -0.013979281893347418, 0.03482715596546405], "aligned_model": [[0.43001704535822494, 0.2950835276232717, -0.49599233681978583, -0.38716030887540165, -0.5480815079416184, -0.38360190005724304, 0.25208204917442767, 0.6984681211989278, 0.04725192327848707, -0.118133535276578, 0.0951679674706461, 0.07379760396077187], [-0.02656339309373805, -0.641452086843766, -0.5393233439909115, -0.21810824640597315, 0.20852962060492303, 0.3839378481067082, 0.5935500015280858, 0.21069677602791712, -0.50072376044332, 0.0876370946813241, 0.6051207050097784, 0.009777290351905802], [-0.7087167472945219, -0.1802635096801451, 0.09179423740091688, -0.511557197462013, 0.25048187104342545, -0.4029808460776736, -0.35380958573288734, -0.1012911402319896, 0.4376052906074111, 0.7789809804292891, 0.2518571121214549, -0.0359223877277623]], "inverted": true, "swapped": true, "error_lsq": 0.04041242947941225, "error_max": 0.30187843119248536, "target": "166.xyz", "model": "11.xyz", "model_rescale": 3.890672605050136, "target_rescale": 3.9131687595413265},
{"mapping": [10, 11, 2, 9, 12, 5, 6, 1, 3, 0, 7, 4, 8, 13], "R": [[0.3897041756581554, 0.2087660968328202, -0.8969656472172092], [0.9190176287065783, -0.15105620845444465, 0.36412720306769875], [-0.05947481484742351, -0.9662291336430282, -0.25072695845941206]], "T": [-0.01437475537319454, -0.12557008091867525, 0.015339400977809883], "aligned_model": [[-0.2593474583076546, 0.1279959581104182, 0.3018060761603188, -0.5005588394012406, -0.6416859603950267, -0.7449826817520157, 0.190580613184516, 0.7578630340603059, 0.07914344659976497, 0.4178882365032254, -0.63052806135218, 0.13260595162637956, -0.08337707088708449, -0.10652088783650285], [0.1087056985328512, -0.38559769045711556, 0.10225410251943273, -0.7071362169634707, 0.13442578760956522, -0.24239928681888454, -0.6122217111580582, -0.19698100696914905, 0.6435996896363, 0.1622105227655363, 0.40428307224108073, 0.5110847665950281, -0.0794000333481781, 0.014653228752470104], [-0.8120926134027833, -0.44821036562243716, -0.579378983535586, -0.16137019656894902, -0.2912791684979727, 0.2552043137854673, 0.24603797406893485, 0.07736815722612113, 0.5180275408480344, 0.29645427028289034, 0.2733605433174097, -0.23788840304921577, 0.7310893943408502, 0.0013457360135997794]], "inverted": false, "swapped": false, "error_lsq": 0.04654189891170883, "error_max": 0.30645762112329095, "target": "166.xyz", "model": "12.xyz", "model_rescale": 4.124412569039231, "target_rescale": 3.9131687595413265},
{"mapping": [10, 0, 1, 8, 3, 5, 11, 12, 2, 9, 6, 7, 13], "R": [[-0.08137908670844246, 0.9952917973086555, 0.05264677061896755], [-0.5906779839528786, -0.09070770470422647, 0.8017927609929225], [0.8027932258806516, 0.0341518742882031, 0.5952786624453628]], "T": [0.08545017379930037, 0.13634907361634907, -0.01208208130540722], "aligned_model": [[-0.3084362936535181, 0.024989893139956365, 0.5920342715672775, -0.5407045022716583, 0.63787397916353, 0.28837394382756, -0.5214736024323401, 0.056998351063327124, -0.01925992410892574, -0.16574944573223244, 0.697684358849664, 0.5629052766182894, 0.062062001478827525], [-0.4576510405982237, 0.7327221455737383, 0.46082735682097836, -0.1762211668352009, -0.05934929507268877, -0.574312351590466, 0.33131507797191495, -0.4569175287522178, 0.7301918798503733, 0.2119433423658416, -0.028136366556968245, 0.5916594304465219, 0.041413892884874126], [0.35191384776640167, 0.5166560830997248, 0.2090977892936571, -0.21137813374555298, 0.5879176812366974, 0.28506577205306827, 0.15416966313502825, -0.53714097678606, -0.1669213299756845, -0.555383514900797, -0.25213897919944905, -0.46965160397693256, 0.039491782967737366]], "inverted": true, "swapped": true, "error_lsq": 0.04338622402019839, "error_max": 0.24197589626022148, "target": "166.xyz", "model": "13.xyz", "model_rescale": 3.9028299243045295, "target_rescale": 3.9131687595413265},
{"mapping": [7, 3, 4, 6, 9, 1, 2, 0, 13, 5, 11, 10, 12, 15], "R": [[-0.4919453808943737, 0.8658300445605438, 0.09125829361201232], [-0.4408236644268795, -0.15732455384473432, -0.8836987505020097], [-0.7507757581981105, -0.4749603338109846, 0.45907346057925236]], "T": [-0.024227598954308233, -0.03787248313163706, 0.061599635393579884], "aligned_model": [[-0.24762296623326566, 0.11877775567776996, 0.4787364950657643, -0.4692111432724758, -0.6706045070646527, -0.5203738606122521, 0.08900909850200674, 0.67202350696257, 0.08375427010700157, 0.36409390481748793, -0.6805930338651587, 0.033483111999790746, -0.11013041490633231, -0.10045986086502996], [0.21141529406335158, -0.4304708653544662, 0.1110261193880586, -0.42544673823639845, 0.14737748570357861, -0.3782322376263768, -0.7028853906941444, -0.4667514493568237, 0.6635382038543489, 0.24715508828749055, 0.1278178571244108, 0.6014585447701404, 0.1613271981030543, -0.00984818708881588], [-0.780171158740222, -0.4011156378152498, -0.36760847284408804, -0.24853598706096447, -0.324048906898395, 0.306942009038928, 0.35670140204405476, -0.0744651987255559, 0.42078526418614076, 0.23499953993357003, 0.35755202233791816, -0.31692105446656926, 0.7227958862664929, -0.018241508049696355]], "inverted": true, "swapped": false, "error_lsq": 0.040789820480540286, "error_max": 0.2549697631184351, "target": "166.xyz", "model": "14.xyz", "model_rescale": 3.942246331269136, "target_rescale": 3.9131687595413265},
{"mapping": [9, 6, 2, 11, 10, 13, 8, 0, 3, 1, 4, 5, 12, 14], "R": [[-0.7231620691099379, 0.043833267311262025, -0.6892860556238268], [0.5835003686122969, -0.49519573691390734, -0.6436680060183247], [-0.3695455880266295, -0.8676749545878987, 0.3325300460874788]], "T": [-0.11399200329148171, -0.018209328184309606, -0.05677599602676491], "aligned_model": [[-0.07267351974381384, -0.1883636962118536, 0.5683321002308498, -0.6076571035896761, -0.6817313757631138, -0.4915035536770819, 0.12218311107834523, 0.5859190939014957, -0.1776678001574438, 0.38065609867052064, -0.6393014213286136, 0.20994014771522743, 0.054258435121048665, -0.021508159932666637], [0.118245978043351, -0.4182291699834659, 0.14966732398358112, -0.5381574661499944, 0.14896230946220723, -0.29341863673676666, -0.7537929498053106, -0.2353006958455615, 0.5776588996312256, 0.42194604739170277, 0.17074020472213586, 0.5150844492163869, 0.013137607920056818, -0.019062978912139865], [-0.8491364180898548, -0.44049772696932804, -0.354935627849777, -0.049047656609973726, -0.45518051979031493, 0.6085620476148529, -0.012290298964421527, 0.004160667660601684, 0.3400040166680593, 0.41037273441948896, 0.12214316521241225, -0.17272972265500763, 0.7424645295558714, -0.025220990996244863]], "inverted": false, "swapped": false, "error_lsq": 0.05313946861858564, "error_max": 0.29973449773463695, "target": "166.xyz", "model": "15.xyz", "model_rescale": 4.355366556412066, "target_rescale": 3.9131687595413265},
{"mapping": [6, 9, 12, 4, 5, 1, 10, 0, 8, 2, 11, 13], "R": [[-0.6392856205174466, -0.7257370752328441, -0.254203841497529], [0.46327719904140363, -0.6273425880379755, 0.6259516866996743], [-0.6137492421567421, 0.28239506877120335, 0.7372685351252504]], "T": [-0.032691864491209734, -0.07460627999411329, 0.04302985227200878], "aligned_model": [[-0.32520144080596897, 0.5316714911230327, 0.20653408837883888, -0.43050514422606256, -0.5465478300522066, -0.45374418456769305, -0.1566464662243719, -0.2129223246438046, 0.4578767659145774, 0.2879286777086092, 0.31436642955938926, -0.0750015075325591], [-0.6802728548739665, -0.2878774638929881, -0.6055442038567318, 0.5664204922560062, -0.19004179501276414, -0.14085782948259412, 0.2670359841370704, 0.5158157042025266, 0.08609118562566559, 0.048634052961118834, 0.4830415862964932, -0.04966843061885571], [0.12740768963034974, 0.04429279548833872, -0.4948711385285059, -0.10411896429766626, -0.554583110275465, 0.5217362502756537, -0.6699859549712297, 0.550769150339723, -0.4698127098314721, 0.562262906209453, -0.007835197529979611, -0.056003255299778766]], "inverted": true, "swapped": true, "error_lsq": 0.037189663887796334, "error_max": 0.19736510203880955, "target": "166.xyz", "model": "16.xyz", "model_rescale": 3.795458400668931, "target_rescale": 3.9131687595413265},
{"mapping": [9, 12, 8, 7, 11, 5, 6, 2, 1, 3, 10, 0, 13], "R": [[-0.1041126631600929, -0.9929220501955203, 0.0571520393795167], [0.9524262267342039, -0.11608642375105054, -0.28179465014357324], [0.28643469761633344, 0.025094709725683617, 0.9577710684423619]], "T": [-0.03906939373706518, 0.04784002716312568, -0.018820650727520333], "aligned_model": [[0.2665643013450238, -0.08455513408608599, 0.5274749548343032, -0.37736570669261116, 0.5783596765683865, -0.40235642151433215, -0.6495085333147358, 0.19334897363944054, -0.488297446650853, -0.6673681040357771, 0.1980349702157379, 0.09356870895950171, -0.039268438363776144], [-0.2808694954979607, 0.20400669816854256, 0.30302218653734914, -0.6769294405219464, 0.12089699286365002, 0.7347179235780114, -0.09379276885408525, -0.48419791194141987, -0.17877504983926024, 0.44098562216420956, 0.8076571001858178, -0.09007872061963346, 0.1571381292472108], [-0.4219710993317015, -0.7947102238745585, -0.3975003527695553, -0.08886055131810663, 0.19901387005262322, -0.19413709416747407, -0.27731181027427076, 0.20591477128702235, 0.37826108253595747, 0.37379480879928934, -0.1020988438395276, 0.7572372631647993, -0.035356789428201654]], "inverted": true, "swapped": true, "error_lsq": 0.04390108002163041, "error_max": 0.2661812873162657, "target": "166.xyz", "model": "17.xyz", "model_rescale": 3.7474275329858107, "target_rescale": 3.9131687595413265},
{"mapping": [12, 11, 10, 7, 9, 2, 1, 3, 4, 8, 6, 5, 0, 13], "R": [[0.7698995868062549, 0.37642314751575634, 0.5153253731865814], [0.058701168284464006, 0.7623150815098235, -0.6445385088144153], [-0.6354595180478433, 0.5264801330696178, 0.5648095877420994]], "T": [-0.05093634244616666, -0.058220013043868674, -0.03915970501084763], "aligned_model": [[-0.2880321957796509, 0.22849180951036216, 0.4685462897937042, -0.4908625087234894, -0.6121704797326957, -0.5489912243422698, 0.050679284504281906, 0.5673958966056853, -0.1257752580399933, 0.4875287569000279, -0.6240355822526278, 0.049083566536386646, -0.018584337930834756, -0.10239166073566233], [0.10294899510542468, -0.5647214808601698, 0.12851471993114782, -0.5344244891600317, 0.2799716951489337, -0.318656126896101, -0.6769792797603815, -0.3171259289787465, 0.680278104941369, 0.31800816344336935, 0.2801785090967416, 0.5728815579794717, -0.026969581957339978, -0.06642393509627945], [-0.7298456180405979, -0.47172511370662606, -0.4535355063860496, -0.42271354371900777, -0.17468378962297487, 0.39436894344354045, 0.2529526894909729, 0.0667749453745654, 0.33265407696288146, 0.2530083069649339, 0.3507665867503508, -0.37816820273514795, 0.7957769088357456, 0.053037515593776854]], "inverted": true, "swapped": false, "error_lsq": 0.04300722253589519, "error_max": 0.254042825981037, "target": "166.xyz", "model": "18.xyz", "model_rescale": 3.922800546911778, "target_rescale": 3.9131687595413265},
{"mapping": [7, 11, 9, 13, 12, 8, 4, 10, 0, 2, 5, 3, 1, 14], "R": [[-0.828063019355205, 0.0778247304022986, 0.5552071210945976], [0.2181791412257807, -0.8675162762563993, 0.4470048912083754], [0.5164392493898217, 0.49128283276340956, 0.7013784142113566]], "T": [-0.11841522683602423, -0.07044980578630868, 0.08925855278133529], "aligned_model": [[-0.11970043896707117, 0.15690907508975405, 0.5314282594903387, -0.44517524081496873, -0.737511698838755, -0.5639719469034837, 0.040581467505451385, 0.6020104638501403, -0.097749816063333, 0.5191150471735889, -0.664305785880588, -0.1319908289394, 0.056640325091876415, -0.10539652548032653], [0.08733114305575722, -0.45888058284673294, 0.1775982866590406, -0.5107215226132144, 0.20973542803574174, -0.36328255718360325, -0.7762540771083857, -0.43316157748406925, 0.7388451350396726, 0.2451164414055793, 0.37199855158819306, 0.4933244417174202, 0.11857536879820628, -0.042743556126196874], [-0.6938854566262135, -0.4404221746102912, -0.33372935842701723, -0.3245076317322789, -0.30675891863674276, 0.3894565589929633, 0.06858197511093211, 0.08400097400965356, 0.2967610231954131, 0.17353225058938146, 0.38721269151468785, -0.2126082132997296, 0.7832384235617186, -0.0022039444361135335]], "inverted": true, "swapped": false, "error_lsq": 0.039247134115514844, "error_max": 0.2586626206268164, "target": "166.xyz", "model": "19.xyz", "model_rescale": 3.9282355846067225, "target_rescale": 3.9131687595413265},
{"mapping": [3, 4, 6, 0, 1, 10, 9, 8, 7, 7, 2, 5, 12, 13], "R": [[-0.07998405846371398, -0.9909739262149719, 0.10757893824423548], [-0.6954061545215833, 0.1327966184660398, 0.7062402837402362], [-0.7141518260462388, -0.01832309160782969, -0.69975097975548]], "T": [0.014456205934055985, -0.06033215748424675, -0.030643065389653203], "aligned_model": [[-0.18361794852289265, 0.12112983359591677, 0.43964790222959643, -0.5482889759269423, -0.6466859265892582, -0.6552677482819204, 0.26366002897606483, 0.6535839786170646, 0.17280961394931205, 0.17280961394931205, -0.5685085091206254, -0.11047975949193099, 0.07427519568806694, -0.14418494275853988], [0.023052143014416215, -0.49466261230788755, 0.31700142431623085, -0.47812389807437766, 0.13119825743633987, -0.24680283487510296, -0.5108434834852121, -0.46673529794787577, 0.3828626393349605, 0.3828626393349605, 0.4675651296107522, 0.5512871415196565, -0.13521903878430058, -0.0659612861551521], [-0.7518703228529791, -0.4771244626661358, -0.3526297786310656, -0.41660279124682026, -0.3267983913074649, 0.47821139377738364, 0.43126799202712257, -0.10116793146355788, 0.3775239918576927, 0.3775239918576927, 0.2146991560864561, -0.3436973576100964, 0.8141101463482643, -0.05477743697012864]], "inverted": true, "swapped": false, "error_lsq": 0.04968325022545121, "error_max": 0.3319412717998529, "target": "166.xyz", "model": "20.xyz", "model_rescale": 4.067790424073018, "target_rescale": 3.9131687595413265},
{"mapping": [7, 12, 0, 10, 1, 13, 11, 3, 4, 2, 5, 8, 6, 14], "R": [[-0.19545047396459453, 0.8007547665772554, 0.56620748496538], [0.6113729381260056, -0.35194249002081146, 0.7087733165442437], [0.7668260837727099, 0.4846940143242503, -0.4207724678778931]], "T": [-0.06781103441600972, -0.004326109171584258, -0.002568566852582016], "aligned_model": [[-0.1652966708618487, 0.18411668555532346, 0.4526044127863635, -0.5997888414171455, -0.7579328741889098, -0.6409941583047463, -0.023873621631799236, 0.6680050260613519, 0.02206263022631641, 0.5694405727790071, -0.49609185393286276, -0.21061567376874385, 0.14478756176081423, -0.10554083874989609], [0.283112669185015, -0.614444715231601, 0.2559969784683841, -0.5905992393769359, 0.11441179674195716, -0.3077217182390265, -0.608627055727484, -0.4050382988394224, 0.66870995487717, 0.3083684015720502, 0.3257647505249516, 0.5172186576310724, -0.02357129149198688, -0.06609996715673551], [-0.6841398812375125, -0.3915436012019798, -0.4098248521026764, -0.21368524362433758, -0.43028138785115055, 0.2611276901647348, 0.2230907421258457, 0.14490849185826377, 0.4233629718127282, 0.2207125644977837, 0.23424715229769036, -0.18358179268194372, 0.7059428039499407, -0.031667458801023354]], "inverted": true, "swapped": false, "error_lsq": 0.04245708339781257, "error_max": 0.26315810866039424, "target": "166.xyz", "model": "21.xyz", "model_rescale": 4.186013935880536, "target_rescale": 3.9131687595413265},
{"mapping": [5, 3, 6, 8, 11, 12, 10, 4, 7, 1, 0, 2, 13], "R": [[0.6571496116683992, 0.0686232423289101, 0.7506298944861842], [0.6130409233559572, -0.6280723653201392, -0.47927646532251195], [0.438560388287574, 0.7751231866828868, -0.45480636681077713]], "T": [0.10198824751276996, -0.005275432815965382, 0.06646924745751318], "aligned_model": [[-0.05183808763423266, -0.47347020399563117, 0.33731513873676783, 0.3955187684410914, -0.06786282878196333, 0.7394563562927604, -0.10890272685078232, -0.6046693353137932, 0.4285072267460913, -0.20888988954206955, -0.5348864983015948, 0.13571547567432557, 0.07258063995225605], [-0.4082133413811218, 0.1353983088110119, 0.3545384530738394, -0.6222756764190404, -0.32667399238547173, -0.33686598120477085, -0.7580861259148383, -0.30716649901572696, 0.7277854920339173, 0.5321496902742784, 0.2655151814833825, 0.35951535725950184, -0.0966642070688678], [-0.6032270008008994, -0.5272715177721016, -0.4576191929678892, 0.31674765798664084, 0.6158884256150506, -0.2684094319683038, -0.10463533634497033, 0.08436749528105422, 0.09192118218206055, -0.09278890936274742, 0.4663984091137727, 0.5698367370764613, 0.011671043297216785]], "inverted": false, "swapped": true, "error_lsq": 0.04280328065494814, "error_max": 0.27734140751582276, "target": "166.xyz", "model": "22.xyz", "model_rescale": 4.166573947596378, "target_rescale": 3.9131687595413265},
{"mapping": [8, 9, 3, 10, 7, 13, 12, 11, 1, 2, 5, 4, 6, 15], "R": [[0.7539244210891822, -0.4578738179393225, -0.4711152026107942], [-0.6049653112796747, -0.2042578726366831, -0.7696074932160049], [0.25615413218144256, 0.8652342389847993, -0.43099277517699447]], "T": [-0.0299208951799931, -0.0675723324314409, -0.04848543941056033], "aligned_model": [[-0.1374060820069315, 0.13260232116202444, 0.4832800937444839, -0.666383457400066, -0.7065997618091382, -0.7483611720370762, 0.20953355448849373, 0.6701826681771657, -0.11746534161236574, 0.42702114537093405, -0.6825559482688928, 0.15876304941722344, 0.07267687266966394, -0.054405585582294594], [0.1906818160436885, -0.44600115247045996, 0.07856392426934919, -0.4118844115006115, 0.11862496071744266, -0.39530989693372215, -0.5141873710940552, -0.4304068184624955, 0.5262419418168454, 0.33264933808572983, 0.17164476526655878, 0.5761927497294971, 0.0797264029264858, -0.01905532545684431], [-0.8073206452552484, -0.48532293619376415, -0.32542512862191914, -0.24163261698093919, -0.1856930453649689, 0.2568746698037493, 0.36693955863790867, -0.031180418532413167, 0.3359877566187232, 0.2410587285754166, 0.4074801830325581, -0.34818262225709473, 0.6910308975023487, -0.005946181757993399]], "inverted": false, "swapped": false, "error_lsq": 0.04261022712367545, "error_max": 0.26164903900283015, "target": "166.xyz", "model": "23.xyz", "model_rescale": 4.274766983524099, "target_rescale": 3.9131687595413265},
{"mapping": [12, 9, 7, 6, 1, 3, 5, 4, 10, 11, 13], "R": [[-0.19014733183461302, 0.8478269623878281, 0.49500851916346494], [0.6926138883355386, 0.47319058451337775, -0.5444048791227117], [-0.6957945054977828, 0.2393326400140957, -0.6771926561496218]], "T": [-0.029571404335201737, 0.23797490642959218, 0.014895825467241566], "aligned_model": [[0.3418628534043582, 0.25304369679727706, -0.5708965464153836, -0.45947363585737866, -0.6561754653071091, -0.5366535670100432, 0.04718443419414198, 0.0288533427239641, 0.5137195968086946, 0.39507098607762314, 0.02335900854193021], [-0.1479076561494409, 0.5368906617427187, 0.5717949503012345, -0.08489858454490529, 0.27589740902826093, -0.29797864616424663, -0.5455139486453117, 0.0813674170802938, -0.22811104140507055, 0.604193974255544, 0.14985199574440639], [-0.5695636269340406, -0.42643201854990764, -0.47517767226954105, -0.3979603864976471, 0.14436927491231616, 0.4137580786954431, 0.13642080108989918, 0.7651518788939665, 0.3727708017052599, 0.3606851980111498, 0.055544104964679084]], "inverted": false, "swapped": true, "error_lsq": 0.04683748649138351, "error_max": 0.22679590284677784, "target": "166.xyz", "model": "24.xyz", "model_rescale": 3.7841303162186577, "target_rescale": 3.9131687595413265},
{"mapping": [5, 4, 2, 6, 3, 11, 0, 8, 14, 9, 13, 12, 10, 15], "R": [[-0.7806777862130796, -0.0837113106072212, -0.6193017120837524], [-0.5963988496588792, 0.39583124482224963, 0.6983022538614881], [0.18668317074394042, 0.9144998863307146, -0.3589419892713852]], "T": [-0.005376525043669436, -0.13394612772807113, 0.08803994202468737], "aligned_model": [[-0.08269724854972689, -0.04472278987071026, 0.46906517170517714, -0.5130829419106038, -0.6196345337186162, -0.7099828384874121, 0.2917480073604633, 0.5431969525603354, -0.01019083977624309, 0.351116449230086, -0.5819967746381223, -0.059922152188686476, 0.06806489318259996, -0.060078998585316526], [0.2677298576879531, -0.3831102997305491, 0.13044856450991382, -0.5745882345212578, -0.022959877806645435, -0.16593690484882948, -0.7443638307796315, -0.31853126568299756, 0.5773552368285652, 0.3198730206035997, 0.3934383034700849, 0.5702750110320274, -0.02774036252575371, -0.16440829529907136], [-0.6878573797262316, -0.6141519332436293, -0.4352129137053875, -0.17671500171769058, -0.4212448886351501, 0.3912463113461686, 0.37165445046259493, -0.03218172887732684, 0.4392181780588764, 0.18344250188076394, 0.1251175195948185, -0.18812897134342269, 0.855230791034178, 0.05825126407780155]], "inverted": false, "swapped": false, "error_lsq": 0.04244759667444623, "error_max": 0.24110734494244185, "target": "166.xyz", "model": "25.xyz", "model_rescale": 4.19342608120988, "target_rescale": 3.9131687595413265},
{"mapping": [6, 9, 12, 4, 5, 1, 10, 0, 8, 2, 11, 13], "R": [[-0.6392856205174466, -0.7257370752328441, -0.254203841497529], [0.46327719904140363, -0.6273425880379755, 0.6259516866996743], [-0.6137492421567421, 0.28239506877120335, 0.7372685351252504]], "T": [-0.032691864491209734, -0.07460627999411329, 0.04302985227200878], "aligned_model": [[-0.32520144080596897, 0.5316714911230327, 0.20653408837883888, -0.43050514422606256, -0.5465478300522066, -0.45374418456769305, -0.1566464662243719, -0.2129223246438046, 0.4578767659145774, 0.2879286777086092, 0.31436642955938926, -0.0750015075325591], [-0.6802728548739665, -0.2878774638929881, -0.6055442038567318, 0.5664204922560062, -0.19004179501276414, -0.14085782948259412, 0.2670359841370704, 0.5158157042025266, 0.08609118562566559, 0.048634052961118834, 0.4830415862964932, -0.04966843061885571], [0.12740768963034974, 0.04429279548833872, -0.4948711385285059, -0.10411896429766626, -0.554583110275465, 0.5217362502756537, -0.6699859549712297, 0.550769150339723, -0.4698127098314721, 0.562262906209453, -0.007835197529979611, -0.056003255299778766]], "inverted": true, "swapped": true, "error_lsq": 0.037189663887796334, "error_max": 0.19736510203880955, "target": "166.xyz", "model": "26.xyz", "model_rescale": 3.795458400668931, "target_rescale": 3.9131687595413265},
{"mapping": [5, 4, 3, 6, 7, 8, 10, 12, 11, 1, 9, 2, 13], "R": [[0.4302040428158018, 0.43406106592063176, 0.7915273037595008], [-0.8809696225882154, 0.010504958329956064, 0.47305620165817863], [0.1970203177890984, -0.9008222004937106, 0.3869138889674961]], "T": [-0.09709575657963793, 0.015987987630860456, -0.031679569398561216], "aligned_model": [[-0.0034845458931661577, 0.4234230950521514, 0.5772980847279703, -0.08421226416132019, -0.11272298861884739, -0.6441004182639232, -0.1699176759607482, -0.7484907835106629, -0.15861031015524157, 0.4197117962399564, -0.633185885332403, -0.0691652136782765, -0.09686650762423335], [-0.7273368964491169, -0.3645401732620009, -0.3559157876290949, 0.03579556962871806, 0.6708866696997762, -0.24719741544362978, -0.7148114997584465, -0.29693651279197025, 0.055529738465291786, 0.26776819319146056, 0.2880874638494986, 0.6043202877713723, -0.09376813401494369], [-0.30227081540684386, 0.38674837703437326, -0.3638695091092481, -0.7091418538973432, -0.4959039442064211, 0.36957856921531296, 0.28629023828671624, -0.3576003992805385, 0.623041947873079, -0.3151417731886294, 0.018931091165687267, 0.1699975622580474, -0.018522828644766082]], "inverted": true, "swapped": true, "error_lsq": 0.0378755983797773, "error_max": 0.229353550864087, "target": "166.xyz", "model": "27.xyz", "model_rescale": 3.6321398670334006, "target_rescale": 3.9131687595413265},
