[{"mapping": [11, 1, 5, 4, 10, 0, 6, 12, 8, 13, 14, 3, 2, 15], "R": [[0.5004622437087068, -0.5558244858883732, 0.6637745728099058], [0.8617106873765374, 0.3938507135506618, -0.31990046373315917], [-0.08361957834803169, 0.7320797472424438, 0.6760673115854199]], "T": [-0.05104155787839494, 0.1402643450770593, 0.15330948514002762], "aligned_model": [[0.16624189339974266, 0.2839129852406527, -0.4899764995529728, -0.4296070005159821, -0.7047326698394027, -0.10306791764123875, -0.6896066664607571, -0.054752701206133444, -0.3603348326357242, 0.33021428777850664, 0.6227852898412125, 0.22900872935132977, 0.5551507164982485, 0.01625648687082197], [-0.6045081020247731, -0.3431412631729528, -0.24465035635059054, -0.40802068412658643, 0.2708027771278969, 0.09833857384887276, 0.21346888929553287, 0.4004926667918004, 0.7815307430869006, -0.19091200472278821, 0.4569936642480209, 0.6695834808348102, -0.04592772658483518, 0.1812226735587267], [0.2218554280331941, -0.3453312255030094, 0.4224652034354338, -0.30311327186646775, 0.5997911236060427, -0.6255959791195709, -0.34928791362230793, 0.6941478281240036, 0.3497359866104821, 0.7864708741000532, 0.4223230768758499, -0.17532587569614144, 0.08363887468740605, 0.11581395751486534]], "inverted": false, "swapped": true, "error_lsq": 0.040839812060021415, "error_max": 0.23297201832529418, "target": "167.xyz", "model": "0.xyz", "model_rescale": 3.8414455957264533, "target_rescale": 4.197081887122064},
{"mapping": [8, 3, 13, 14, 12, 2, 11, 5, 4, 5, 1, 9, 0, 6, 15], "R": [[0.6952516739387058, 0.6967709348452732, -0.1764521868390195], [0.06126522908758042, 0.18715225347941886, 0.9804185869935464], [0.7161505997974689, -0.6924480474175807, 0.08743008656810373]], "T": [-0.07316064840810471, -0.016497873168227362, -0.03763285685801211], "aligned_model": [[-0.783258909303671, -0.41227414206629964, 0.08384823619092277, -0.35177535305056024, -0.49566375209840724, 0.2180149819404696, 0.6306538225917833, 0.12658765819352924, 0.5293357951990587, 0.12658765819352924, 0.5946808011325289, -0.449291858059494, 0.21680131878167863, -0.07395391710932689, -0.08824818703119688], [0.12599142472883695, 0.18202234642808707, -0.8017982318881871, -0.5600938325953905, -0.3954706731375973, -0.34599619728231845, -0.3358067819223496, -0.04898352058722352, 0.46221532046877467, -0.04898352058722352, 0.09591125593583548, 0.6458845980103125, 0.6247060812651682, 0.7653399885808002, -0.01789372937451052], [0.10702381725156783, -0.5963813441750403, 0.08310941302031485, -0.5412256230097026, 0.15758345778899724, -0.49984294082593334, 0.05871886160047514, 0.5725419605596411, 0.20748285948883438, 0.5725419605596411, -0.40623843511718427, -0.24417424057515003, -0.378129231374862, 0.19572818765495015, -0.12355691550701425]], "inverted": true, "swapped": true, "error_lsq": 0.04846127777010486, "error_max": 0.41352491441767913, "target": "167.xyz", "model": "1.xyz", "model_rescale": 4.316132596720782, "target_rescale": 4.197081887122064},
{"mapping": [8, 3, 9, 5, 7, 12, 4, 13, 0, 14, 1, 15], "R": [[-0.5344056549320466, 0.8435133557679211, 0.05381277374184672], [0.6939169040576032, 0.47419791703311615, -0.5418631430025161], [-0.4825867033391633, -0.2522331344661023, -0.8387422247852101]], "T": [-0.06433759017655322, 0.058626784135414584, 0.0014483508299236378], "aligned_model": [[-0.3249379989099225, 0.4384548281370811, 0.1744589712322729, -0.6158782685159605, -0.4555989262851907, -0.40689701608458867, -0.09047555878062137, -0.2877432339931003, 0.4372469662961646, 0.26588369102080256, 0.44833201909820813, 0.014963081416635465], [-0.625934044638602, -0.3965827910930606, -0.5730603038890182, 0.3270487964003447, -0.13992165846946752, -0.14995369805499562, 0.4442053756184545, 0.530014408580002, 0.02429716765032444, -0.038094934918023876, 0.5756949364569941, 0.035063174098028164], [0.09595862637064789, 0.08264033291769543, -0.40700261718059516, -0.19095880745081703, -0.3868232843097509, 0.447974819720286, -0.7077032247227595, 0.6209729789243212, -0.5972106880200425, 0.7144190440400837, -0.2521822544507847, 0.029173535371136268]], "inverted": true, "swapped": true, "error_lsq": 0.04188856584475662, "error_max": 0.21076598676279554, "target": "167.xyz", "model": "2.xyz", "model_rescale": 3.795458400668931, "target_rescale": 4.197081887122064},
{"mapping": [8, 12, 14, 1, 9, 0, 2, 7, 11, 4, 3, 15], "R": [[-0.8506449755705815, 0.07832700827864686, -0.5198730665370555], [0.41526416186437676, -0.5063343523055462, -0.7557653071862983], [-0.32242642789883336, -0.8587726145199553, 0.3981843733033211]], "T": [0.07452051657921918, -0.1279311264917358, 0.007014963185524067], "aligned_model": [[-0.061039699306236705, -0.182506861336749, -0.7039066973514868, 0.1719866542929992, 0.12311210333686981, 0.313046789317577, -0.3038122783368742, 0.5344158543226804, 0.2813830947098002, 0.7783789484692213, -0.3638855064126497, 0.006131424038413713], [-0.0474644669103666, -0.5193420667640833, -0.25604657094910477, 0.13139170305332967, 0.555035035599156, 0.5696855638335818, -0.1461173831441195, -0.08902829872510751, -0.4914859643999523, 0.07558956080139675, 0.38156759961213105, -0.07801566671715174], [-0.7145228653941393, -0.36844884077656415, 0.07308992343841504, 0.7265774055281926, -0.3855161149744195, 0.26700420382791706, 0.520360958966603, -0.3538792431436503, 0.6640023268777061, 0.3467393197199403, -0.11471965946428869, 0.028084016033388424]], "inverted": false, "swapped": true, "error_lsq": 0.048438744862248855, "error_max": 0.2393685960390812, "target": "167.xyz", "model": "3.xyz", "model_rescale": 3.7530521520055578, "target_rescale": 4.197081887122064},
{"mapping": [9, 5, 4, 11, 0, 13, 3, 12, 14, 2, 15], "R": [[0.42939942913167983, 0.900935574955912, -0.06269944210476053], [0.21652053308224112, -0.17010051317712258, -0.961345241924389], [-0.8767753355422188, 0.39922538145230735, -0.26811211421547165]], "T": [-0.1504862011906923, -0.08386080919661922, -0.054637545935692144], "aligned_model": [[-0.3481905457795672, -0.16395267554935616, 0.3992642053863855, 0.43561541337607534, 0.3164547278202584, -0.14696752187564124, -0.2620466664599239, -0.6599166324843667, -0.3221219344667918, 0.22722408026803595, -0.13716284778990323], [-0.8353100507385235, 0.10283832368779235, -0.3761790036932043, 0.3831365703025039, -0.7059303779137812, 0.7253397567881642, -0.4485275583051573, 0.232026098356502, 0.2873256607001736, 0.2042677244136878, -0.10178378528381116], [0.08364331934572242, -0.6696416913995047, -0.5690056673781466, -0.26675776513151556, 0.02380896544082578, -0.021332863233661903, 0.5120903746154537, -0.024063659081227914, 0.6232194998322077, 0.3711645752714002, 0.029705688963763244]], "inverted": true, "swapped": true, "error_lsq": 0.04626413419599204, "error_max": 0.2618773759443124, "target": "167.xyz", "model": "4.xyz", "model_rescale": 3.7855080009869324, "target_rescale": 4.197081887122064},
{"mapping": [4, 6, 13, 1, 7, 10, 5, 3, 2, 0, 9, 8, 14, 15, 12, 16], "R": [[-0.1755076631670486, -0.9479268404757302, 0.26576637348494936], [0.7494813793162778, -0.3036933170943417, -0.5882584731309913], [0.6383374673539157, 0.09594307821794856, 0.7637540202933488]], "T": [-0.0036886881589614645, -0.06236021772090954, -0.011578296559670138], "aligned_model": [[0.07075858087038976, -0.069265715825842, 0.08918369625346842, 0.6411670351439992, -0.5345770774050198, -0.6890741315270428, -0.35676613953051417, -0.08123291268895577, 0.4126208891678833, 0.27329205905173976, -0.1725311804262769, -0.5195041630161102, 0.2731790290474306, -0.4005018901766184, 0.5967739545573767, 0.012809572317566877], [-0.5577032306486858, -0.7104773439611307, -0.3772049080294624, -0.23412844720498008, -0.4668154949804495, 0.17727154582926713, 0.03663185692729671, 0.4955220413939116, 0.5164102062904778, -0.005368625890799887, 0.6270817648342314, -0.2689832798769445, 0.4083884379283626, 0.2784513622721429, -0.09903651192523194, -0.015531817963075248], [-0.5557232106616509, 0.029905582037403115, 0.6342662513568231, -0.3690145992104962, -0.3520822153866683, -0.0731224757422334, -0.733132263431945, -0.4179905055374832, -0.20521925218196166, -0.7385635147421206, 0.043883264403222925, 0.4203374128637979, 0.3877177952145839, 0.6253713532031577, 0.3064857334023832, 0.008956078842426819]], "inverted": false, "swapped": false, "error_lsq": 0.046394706279710755, "error_max": 0.3389421919920452, "target": "167.xyz", "model": "5.xyz", "model_rescale": 4.2253639853439635, "target_rescale": 4.197081887122064},
{"mapping": [11, 12, 3, 2, 14, 9, 0, 1, 10, 5, 8, 6, 4, 15], "R": [[-0.8005007410236831, -0.531699133970431, 0.2765765618334791], [-0.5992008842186942, 0.7196554365967456, -0.35079103883691637], [-0.012524534804522952, -0.44653340693820615, -0.894679301490813]], "T": [0.026510716873945375, -0.0427653883900619, -0.07395682263503199], "aligned_model": [[0.769892695387376, -0.30399329575035694, -0.4298359422393967, 0.2674217071777424, -0.26983044184962346, -0.4591098408493622, 0.16924123156800266, 0.5977348054512953, -0.21415200992922065, 0.3358082892169719, -0.6577192287245919, -0.027903326687344996, 0.600094158137738, -0.003586648151446211], [-0.13225869185446854, 0.11306341448916062, -0.47952277724523446, -0.6093798249486841, -0.6180761881978143, -0.02255154894487356, -0.25384499028313745, -0.46628136161565614, 0.7029061461640882, 0.5045499813909663, 0.235074688620051, 0.3732277288671845, 0.2214122104054277, -0.12321964021201944], [-0.28836490341789084, -0.5501113638098339, 0.18604091051894278, -0.24099134020165858, -0.5299478270855458, 0.5478539546900193, 0.6651180291198779, 0.22412931828064464, -0.24644919948030286, -0.20830305009708067, -0.08408434255793158, 0.6258412101527241, 0.429493505524837, -0.058666692705353254]], "inverted": false, "swapped": true, "error_lsq": 0.04795383316433379, "error_max": 0.31899457283105664, "target": "167.xyz", "model": "6.xyz", "model_rescale": 3.89814844738969, "target_rescale": 4.197081887122064},
{"mapping": [12, 13, 2, 10, 3, 11, 5, 8, 6, 4, 1, 0, 15], "R": [[0.9520233623924758, -0.23520867670930296, 0.19577639249813455], [-0.28927531277337043, -0.9004153713172106, 0.3249183782360711], [0.09985645136291271, -0.3659631641249546, -0.9252565328733745]], "T": [0.01655243091934311, 0.02652048720167479, -0.06369546980647463], "aligned_model": [[0.12229692620322183, 0.0016986842721593287, 0.34788442778597617, -0.43181493321414655, 0.6142922905676573, -0.32681704379045545, -0.5951592307217717, 0.1916071842965292, -0.34543868706894565, -0.5726525999258034, 0.0015040512795546843, 0.04335035583644961, 0.09788037538379739], [-0.3844216307119702, 0.21581622464279523, 0.5336132977954722, -0.6248151102389515, -0.05165169757422033, 0.6493836362544997, -0.06360239588971897, -0.6856970985580597, -0.18141756186829414, 0.38787893059979517, 0.7671753264424928, 0.34996589394055505, 0.051553450636089945], [-0.4881755549585678, -0.8510160074410917, -0.26386176147659895, -0.19944101070213816, 0.25755876123753757, -0.38108410198793646, -0.23963500500160717, 0.02331164117405886, 0.6373413670874709, 0.35404548788537354, 0.15013166068360534, 0.6475169982622235, -0.04441744392603372]], "inverted": false, "swapped": true, "error_lsq": 0.04822261217781816, "error_max": 0.307458429922566, "target": "167.xyz", "model": "7.xyz", "model_rescale": 3.7474275329858107, "target_rescale": 4.197081887122064},
{"mapping": [7, 5, 11, 4, 2, 0, 6, 9, 1, 3, 8, 3, 12, 14, 15], "R": [[-0.061212857752499183, 0.40058039031303083, -0.9142146011426597], [-0.36623604882501704, -0.8610608725128597, -0.3527680971522695], [-0.9285064041711357, 0.3132243999500249, 0.19941497609040004]], "T": [0.061329825549010175, 0.03272143968797743, -0.07217882050947953], "aligned_model": [[-0.4620259822354838, -0.07716346480439076, 0.5661646128322384, -0.1922662154586841, 0.6344616685376776, -0.21576681427601724, -0.677687729235106, -0.5519951548467594, 0.38216118138164223, -0.013249731888770766, -0.3967925246898307, -0.013249731888770766, 0.127605999400443, 0.6010106292734116, 0.09094698023714734], [0.0734931617536334, 0.0766064538114746, -0.32667698278695434, -0.6238162968178501, -0.1636409516906337, -0.6397216103819097, -0.3098563087968678, -0.08255704979495339, -0.6676826154433838, 0.026942906777516415, 0.5637692485334441, 0.026942906777516415, 0.627307867168599, 0.3886373353291524, 0.019369897540809762], [-0.33236749241203867, -0.6984069939028419, -0.5439534000702397, -0.46828139466253105, 0.12770178592597065, 0.21451968187080495, -0.11931679246059694, 0.4109649536108738, -0.040249413618855104, 0.6068002729967125, 0.15929564987250627, 0.6068002729967125, -0.12027366726429292, 0.38476417395501145, 0.008797018859065683]], "inverted": true, "swapped": true, "error_lsq": 0.04947979141835169, "error_max": 0.33497580104753283, "target": "167.xyz", "model": "8.xyz", "model_rescale": 4.019505241142653, "target_rescale": 4.197081887122064},
{"mapping": [7, 5, 8, 9, 0, 3, 14, 4, 1, 11, 13, 2, 15], "R": [[0.8218084942276311, -0.5459788354550937, -0.16290460414123753], [0.36807185222622296, 0.29048379232539995, 0.883256632013036], [-0.4349182801562508, -0.7858284021536468, 0.43968148921074135]], "T": [-0.02990504916362373, -0.014061066988112297, -0.06938026473912326], "aligned_model": [[-0.3534774323048681, -0.6617640840114107, 0.01847224277333509, 0.38955259311972795, 0.36631379124714897, 0.6187185680167997, 0.39590693506486635, -0.29443259574676983, 0.19820355267537026, -0.3438338767600364, -0.3455160138252011, 0.27661245059933953, 0.05494464089287453], [-0.37857790023775306, -0.12907017833761245, 0.04615424728990805, -0.495996128465789, -0.6587778279438868, -0.020633738986874733, 0.6530880649379586, -0.6818897475726344, -0.2705537215025191, 0.060680708199756433, 0.6620278373971568, 0.2731070412900857, 0.0038195720462627196], [-0.3944805123464209, -0.041183181965561186, -0.8038882953676498, -0.5327143246082378, 0.1268572528332025, -0.28351180017303057, -0.05136402965690698, 0.299780988928001, 0.6210515351524079, 0.6394631599282793, 0.2456128325449504, 0.4107989257215834, -0.05971905694673829]], "inverted": false, "swapped": true, "error_lsq": 0.04861925158628671, "error_max": 0.24480714722300656, "target": "167.xyz", "model": "9.xyz", "model_rescale": 3.877068213659057, "target_rescale": 4.197081887122064},
{"mapping": [7, 1, 5, 4, 8, 11, 9, 9, 13, 2, 10, 0, 6, 12, 3, 15], "R": [[-0.04078802888437866, 0.8135302018429333, -0.5800904648321016], [-0.3800093091408143, -0.5495755855658572, -0.744015860527359], [-0.9240829300804383, 0.190092836370395, 0.33156515482572985]], "T": [0.041317660735413146, 0.06129716112266219, -0.05828748346251374], "aligned_model": [[0.09918963767228672, -0.052739896032192375, 0.13356238355117073, 0.5540863442649442, -0.5252446293218799, -0.6662329680216619, -0.2809255315225388, -0.2809255315225388, 0.6360805659615815, 0.2551719283613919, -0.31811805808760185, -0.524597931273672, 0.21713269417341263, -0.20461473092748186, 0.526794894035791, -0.022287565497536778], [-0.6162700921073452, -0.7860862081101172, -0.4437173965353087, -0.3649157394243118, -0.2927852162758517, 0.19378452142879188, 0.2662993487569736, 0.2662993487569736, 0.49725759264207253, 0.030947244071188137, 0.6728519961685482, -0.3163180190611826, 0.5297203597901853, 0.15736687194963517, -0.011994976430338727, 0.022067919375016738], [-0.509773940681963, 0.10296142898667653, 0.5311585699712995, -0.1744835261821257, -0.4442353780142914, 0.10442232991174451, -0.596598482800447, -0.596598482800447, -0.2903092166687133, -0.6857431334511245, -0.062462076383975856, 0.35512799042485715, 0.3022306937382054, 0.6406281660304134, 0.34383371872427426, -0.008083226375144373]], "inverted": true, "swapped": false, "error_lsq": 0.043041608330900524, "error_max": 0.3216145453560528, "target": "167.xyz", "model": "10.xyz", "model_rescale": 4.260839863003843, "target_rescale": 4.197081887122064},
{"mapping": [4, 5, 13, 11, 2, 1, 0, 7, 12, 14, 3, 15], "R": [[0.04016700877693663, -0.5880675482804297, 0.8078138214126809], [-0.546687118838529, 0.6637913780809854, 0.5104059173651642], [-0.8363730062011459, -0.4621228895486473, -0.29482643954243176]], "T": [0.13225259979353352, 0.004478629676023619, 0.04617101599634819], "aligned_model": [[0.26813185356682034, 0.31439291689068005, -0.42636735825329, -0.40652426487542903, -0.48009236124317334, -0.32774117819660276, 0.246551139319898, 0.6674743597776932, 0.19332551634593292, -0.34880805601820286, 0.1628765105535134, 0.0956795712262904], [0.0851757669896432, -0.5083728309266397, -0.5583314628799431, -0.26736551269322684, 0.18025718952988262, 0.36311910589120067, 0.6559304060526786, -0.14312183026721934, -0.373771154021858, 0.0914213002814082, 0.5750688034249787, 0.07306872415202928], [-0.7458358028789989, -0.2959931190829785, 0.21083941361109493, -0.4461874863223516, 0.07972845352030422, -0.4581114637555854, -0.3706078961076025, -0.14094806831195736, 0.5081622120652907, 0.6688667782485394, 0.4204665422314407, 0.08579851417830912]], "inverted": true, "swapped": true, "error_lsq": 0.04402341494608067, "error_max": 0.24205841758911922, "target": "167.xyz", "model": "11.xyz", "model_rescale": 3.890672605050136, "target_rescale": 4.197081887122064},
{"mapping": [12, 8, 9, 14, 3, 11, 5, 2, 13, 4, 0, 7, 1, 15], "R": [[-0.9975829635649165, 0.03858897830677611, -0.05778513267509083], [-0.05325266639644539, 0.10962727357006918, 0.9925452203357096], [0.04463613252408394, 0.9932234147677109, -0.10730733446722102]], "T": [0.08299284970026015, -0.014273998808710716, 0.0294141320382489], "aligned_model": [[0.2565867328337942, 0.4254695301923038, 0.41081229550676923, 0.701770927216983, 0.7006043862009241, -0.41565010893810234, -0.49985608554533195, 0.27316316614420827, -0.023364498979721718, -0.5483630686545882, 0.07582811784575963, -0.21148094885703306, -0.09281244837202167, 0.1571678381997501], [-0.3375529705446072, 0.2193116223614742, 0.6984277268753263, -0.5010700177438759, 0.24361365577799848, -0.42869450520299135, -0.09020693370850572, -0.3675275456921596, -0.8166179960308133, 0.3713378042213569, 0.5906669523941068, 0.3453023220105745, 0.016427156727875553, -0.011264751617994504], [-0.4455537989012251, -0.5818270432831135, -0.05704527661289441, 0.11230997995860116, 0.16600863720502962, 0.46093178651925876, -0.23094968873894928, 0.5254360442380914, 9.922989749161504e-05, 0.3533635763098072, 0.5245437583301876, -0.3273096144627123, 0.7795261387230382, 0.0752567061742502]], "inverted": true, "swapped": true, "error_lsq": 0.04947692641232108, "error_max": 0.2853747069215137, "target": "167.xyz", "model": "12.xyz", "model_rescale": 4.124412569039231, "target_rescale": 4.197081887122064},
{"mapping": [9, 1, 2, 6, 3, 8, 4, 10, 11, 5, 12, 13, 15], "R": [[0.6330867319913318, 0.21022806673566818, 0.7449868117846914], [-0.44086053278862414, -0.6931555518610343, 0.570243256473547], [0.6362728820292958, -0.6894487224448304, -0.3461463255811412]], "T": [0.17385014899352128, 0.10613395215735132, 0.024650768267257067], "aligned_model": [[-0.11346894183925879, -0.08355402867520853, 0.4801019635626965, -0.544959425106148, 0.37608257089844177, 0.3279170766111123, -0.5788639152503366, 0.04073510273218747, 0.0757238796375356, -0.11836913326917028, 0.599770797073276, 0.692290882772071, 0.2138914783625591], [-0.45094269867714376, 0.7342743680262694, 0.5968434256233829, -0.25910286660911597, -0.1559515409572811, -0.6142263471541095, 0.3973285361639117, -0.395936967205334, 0.8404411646109907, 0.16635696332453542, -0.15925690388279867, 0.5359950664858685, 0.11166317675930174], [0.5042317450837308, 0.390301959465856, 0.2937317853388711, 0.14972399016430105, 0.6221634066926153, -0.0283842625796243, -0.0049676796391499856, -0.5868256270053308, -0.21568398878911643, -0.5447779727433741, -0.3045876868356071, -0.425200059153904, 0.10197247096857173]], "inverted": false, "swapped": true, "error_lsq": 0.04810805644088002, "error_max": 0.260851406832759, "target": "167.xyz", "model": "13.xyz", "model_rescale": 3.9028299243045295, "target_rescale": 4.197081887122064},
{"mapping": [14, 10, 5, 12, 7, 3, 9, 6, 1, 11, 6, 4, 2, 0, 8, 15], "R": [[-0.7378296381984067, -0.5486443877869116, 0.39318794582989613], [0.5321325604486009, -0.11442870326337229, 0.8388927285296252], [-0.41526180068292384, 0.828188026730276, 0.3763804315771312]], "T": [0.03417291164667772, -0.03747599354274617, 0.009527852510450768], "aligned_model": [[0.17452347212560546, -0.30587687083156295, 0.1954017978570939, 0.7113980958026186, -0.7704156816244243, -0.46230602219014005, -0.2884428034698757, -0.265369885368787, 0.29427236316742983, 0.3892782882122803, -0.265369885368787, -0.42167228677660495, 0.2765492057083844, -0.18175041723449992, 0.5037798365609217, -0.03766760075617721], [-0.5898563351180028, -0.6814220272158973, -0.41397710620994027, -0.17745275909873476, -0.24638705865920496, 0.2794530092276738, -0.04656920094687039, 0.4479012514974343, 0.43941140817218866, 0.0022368894218384727, 0.4479012514974343, -0.34024604628915045, 0.5791378170087609, 0.16996825289334583, -0.019754411941318384, -0.04583737924462675], [-0.6673977942170214, -0.14875118337899546, 0.3166988017665062, -0.06801467782176093, -0.3505017550041344, 0.21386610320609242, -0.6952287511497084, -0.33556822831718447, -0.34701869023956444, -0.6371403365933347, -0.33556822831718447, 0.4094012376176447, 0.3307612727360678, 0.7825481691323114, 0.6224409305041865, -0.0784514354946815]], "inverted": true, "swapped": false, "error_lsq": 0.04311507501803222, "error_max": 0.33557298648279105, "target": "167.xyz", "model": "14.xyz", "model_rescale": 3.942246331269136, "target_rescale": 4.197081887122064},
{"mapping": [7, 8, 9, 14, 2, 3, 4, 6, 5, 0, 1, 11, 12, 13, 15], "R": [[-0.3635301389881268, 0.8959334994419608, -0.2552430265941765], [0.6239816408674621, 0.43762355835734557, 0.6474044586122378], [0.6917317037028323, 0.07608407026662833, -0.7181354080840464]], "T": [-0.10561179874894908, -0.06432360549191617, -0.014453046342255981], "aligned_model": [[-0.5971613248576663, -0.5469761095425696, -0.14521904070902678, 0.29008850929647567, 0.46762015043514427, 0.23689160299185272, -0.1261790425387972, -0.39864641382194343, -0.5700158008509202, 0.2554323637779564, 0.49366261276237144, 0.13403130384617343, -0.4181644544613562, -0.06691344139567648, -0.034156878399808424], [0.2211741882869483, -0.37123472396802526, 0.15938443404940472, -0.7495975587218843, -0.2238489322784764, -0.23824262879864644, 0.7224329435956061, 0.5721314615300932, 0.15820042753526953, 0.5325312738458564, 0.36372235531844327, 0.15349624685985336, -0.5751240354933834, -0.5348588744998001, -0.0920218873796083], [-0.1563398074515062, -0.5208831047115904, -0.7702774622055509, -0.03788955858659228, 0.21564988187197365, -0.5792996665646969, 0.166768149085948, -0.43252494263132246, 0.3703585811407325, -0.3673972350926164, 0.21394336671176659, 0.6938705645507742, 0.02595021301092289, 0.6435941683330555, -0.05616066710078148]], "inverted": true, "swapped": true, "error_lsq": 0.04814033474466721, "error_max": 0.3613259301297517, "target": "167.xyz", "model": "15.xyz", "model_rescale": 4.355366556412066, "target_rescale": 4.197081887122064},
{"mapping": [8, 3, 9, 5, 7, 12, 4, 13, 0, 14, 1, 15], "R": [[-0.5344056549320466, 0.8435133557679211, 0.05381277374184672], [0.6939169040576032, 0.47419791703311615, -0.5418631430025161], [-0.4825867033391633, -0.2522331344661023, -0.8387422247852101]], "T": [-0.06433759017655322, 0.058626784135414584, 0.0014483508299236378], "aligned_model": [[-0.3249379989099225, 0.4384548281370811, 0.1744589712322729, -0.6158782685159605, -0.4555989262851907, -0.40689701608458867, -0.09047555878062137, -0.2877432339931003, 0.4372469662961646, 0.26588369102080256, 0.44833201909820813, 0.014963081416635465], [-0.625934044638602, -0.3965827910930606, -0.5730603038890182, 0.3270487964003447, -0.13992165846946752, -0.14995369805499562, 0.4442053756184545, 0.530014408580002, 0.02429716765032444, -0.038094934918023876, 0.5756949364569941, 0.035063174098028164], [0.09595862637064789, 0.08264033291769543, -0.40700261718059516, -0.19095880745081703, -0.3868232843097509, 0.447974819720286, -0.7077032247227595, 0.6209729789243212, -0.5972106880200425, 0.7144190440400837, -0.2521822544507847, 0.029173535371136268]], "inverted": true, "swapped": true, "error_lsq": 0.04188856584475662, "error_max": 0.21076598676279554, "target": "167.xyz", "model": "16.xyz", "model_rescale": 3.795458400668931, "target_rescale": 4.197081887122064},
{"mapping": [12, 13, 2, 10, 3, 11, 5, 8, 6, 4, 1, 0, 15], "R": [[0.9520233623924758, -0.23520867670930296, 0.19577639249813455], [-0.28927531277337043, -0.9004153713172106, 0.3249183782360711], [0.09985645136291271, -0.3659631641249546, -0.9252565328733745]], "T": [0.01655243091934311, 0.02652048720167479, -0.06369546980647463], "aligned_model": [[0.12229692620322183, 0.0016986842721593287, 0.34788442778597617, -0.43181493321414655, 0.6142922905676573, -0.32681704379045545, -0.5951592307217717, 0.1916071842965292, -0.34543868706894565, -0.5726525999258034, 0.0015040512795546843, 0.04335035583644961, 0.09788037538379739], [-0.3844216307119702, 0.21581622464279523, 0.5336132977954722, -0.6248151102389515, -0.05165169757422033, 0.6493836362544997, -0.06360239588971897, -0.6856970985580597, -0.18141756186829414, 0.38787893059979517, 0.7671753264424928, 0.34996589394055505, 0.051553450636089945], [-0.4881755549585678, -0.8510160074410917, -0.26386176147659895, -0.19944101070213816, 0.25755876123753757, -0.38108410198793646, -0.23963500500160717, 0.02331164117405886, 0.6373413670874709, 0.35404548788537354, 0.15013166068360534, 0.6475169982622235, -0.04441744392603372]], "inverted": false, "swapped": true, "error_lsq": 0.04822261217781816, "error_max": 0.307458429922566, "target": "167.xyz", "model": "17.xyz", "model_rescale": 3.7474275329858107, "target_rescale": 4.197081887122064},
{"mapping": [0, 2, 3, 11, 6, 10, 9, 14, 4, 8, 5, 13, 12, 15], "R": [[-0.7804724250572457, 0.3467640746028404, 0.5202090640214738], [-0.5835029551334813, -0.10527333389608295, -0.8052588568410151], [-0.22447069981571438, -0.9320258589412849, 0.28450079646462134]], "T": [0.011520782704893744, -0.01244090591263241, -0.00414388747810894], "aligned_model": [[0.49219257099726055, 0.07177410848454822, 0.6704221102604537, -0.5058556311665271, 0.2480887513383226, -0.3519007814526184, 0.6640539073880958, 0.21392161877880525, -0.1575207900817005, 0.25654637945644526, -0.543873437940168, -0.5550756635513932, -0.1693867164548592, 0.08146122182621167], [-0.51048473510996, 0.35985067813795313, 0.16617803130641295, -0.019811970495529456, -0.7697150797858813, -0.22137251283461, -0.35958652327081436, 0.7499272371949327, -0.7217495327762179, 0.046338719927882806, -0.3057528257136271, 0.5480344137279284, 0.36903874953024085, 0.0295135916725226], [-0.36755166229173747, -0.5186913276642527, 0.019359879474485475, -0.5862641123672351, 0.1863813608144616, 0.6799398471046649, 0.2725780121366124, -0.0716502634744262, -0.35135595415836485, 0.6901008143591801, 0.13287212788446529, -0.14823768383193076, 0.4224524257735099, -0.03513874509777737]], "inverted": true, "swapped": true, "error_lsq": 0.043554854051557075, "error_max": 0.2317915916627135, "target": "167.xyz", "model": "18.xyz", "model_rescale": 3.922800546911778, "target_rescale": 4.197081887122064},
{"mapping": [14, 12, 3, 2, 6, 13, 7, 1, 5, 3, 9, 0, 11, 4, 15], "R": [[0.5215307442944173, -0.4685977246856096, -0.7130370643768674], [0.3515957765263024, -0.6434089699223268, 0.6800039024537704], [-0.777422724574332, -0.6053437617114429, -0.17080057808000007]], "T": [-0.01651494407843375, 0.007902046465989687, -0.0784919386464342], "aligned_model": [[-0.06162333046264136, -0.35825188535532987, 0.5433964195027374, -0.018574816957742782, 0.4254300373637904, -0.7114457031697563, -0.010402919020647564, 0.19450385180012736, -0.46122383864944533, 0.5433964195027374, 0.675648826265614, 0.6369640434339227, -0.43273310282644756, 0.09147643973188509, 0.039490395728814416], [0.6074407855994225, -0.0614743124344079, 0.20820512432810062, 0.639082024254381, -0.6128949885148423, 0.4132786989645212, -0.5732565551776035, 0.4393063046901331, -0.37072923294257654, 0.20820512432810062, -0.33371208827057824, -0.004598963579098059, 0.3442231827547061, -0.2542973748877201, 0.06883377592204026], [-0.5935132281335371, -0.5670013541558562, -0.41462591964261564, 0.01423425823062742, 0.21309702406090872, -0.17159483152276647, -0.004470977198117856, 0.524732331527011, 0.19009764497880435, -0.41462591964261564, -0.243093476177208, 0.3504220064339162, 0.48741192250171483, 0.677708646639082, -0.10611896073601886]], "inverted": false, "swapped": true, "error_lsq": 0.04518832871600687, "error_max": 0.33118062679882304, "target": "167.xyz", "model": "19.xyz", "model_rescale": 3.9282355846067225, "target_rescale": 4.197081887122064},
{"mapping": [14, 2, 1, 13, 12, 11, 5, 4, 10, 7, 3, 8, 6, 15], "R": [[-0.5163741872761825, -0.6325728685782719, -0.5772428125611598], [-0.6151333392331215, 0.7429481202466759, -0.2638921476395996], [0.5957924753458804, 0.2188142055731005, -0.7727558927375715]], "T": [-0.03662733059903746, -0.15641237882914905, 0.07304527722764026], "aligned_model": [[-0.6113298720813087, -0.061114744820362873, 0.516492561122479, -0.4914383211698407, -0.606293846256431, 0.2242497841413701, 0.06868811806490625, 0.7222516701799864, -0.2752944354627615, 0.12851109461911264, -0.12124594007005847, -0.432765054778821, 0.518442825010118, -0.046631019413711824], [-0.6964501079848867, -0.7000924032824689, -0.5904369006278765, -0.1833406784547944, 0.03257744033333876, -0.2085342956111949, 0.4079819624019141, 0.07638249959153376, 0.595444164498819, 0.35387814170936205, -0.6253495064355573, 0.10446115217595336, 0.1949706577585239, -0.23861003864783023], [0.0037298044168471156, -0.25982549736770827, -0.2434972731721612, -0.5965433789780743, 0.07179051007106782, -0.658954093840525, -0.2161530888607322, -0.07581441335169259, 0.2194964871826777, 0.30883048671581315, 0.5624794122572114, 0.6391620476991946, 0.5569414772397485, 0.10054067723201554]], "inverted": false, "swapped": true, "error_lsq": 0.051497518444840025, "error_max": 0.3242107507111503, "target": "167.xyz", "model": "20.xyz", "model_rescale": 4.067790424073018, "target_rescale": 4.197081887122064},
{"mapping": [13, 4, 12, 14, 10, 7, 8, 11, 5, 1, 0, 3, 2, 9, 15], "R": [[0.10548563759587204, -0.8766452122932639, 0.4694315200583479], [-0.855352081804294, -0.32075931997781526, -0.4068000427733878], [0.5071938450080531, -0.35861766606048323, -0.7836758087214886]], "T": [0.046847768437079336, 0.005787213474835941, 0.0015590146265602057], "aligned_model": [[0.29453144166015427, 0.09833902661181798, -0.2418079892800254, 0.4029392238855202, -0.7114558027141422, -0.4599417645823321, -0.541434608574295, 0.5103463337643055, -0.2609472852770932, 0.6938295489602995, 0.2790530102072818, 0.18073163925810898, 0.6616493302928085, -0.23747547849813894, 0.10008732819324562], [-0.22708227265847283, 0.804665302830788, -0.4201602242835864, -0.6946340206212775, 0.054160461075093265, 0.29009045558212204, -0.38975343501683146, 0.40890933195837414, 0.3982160988572796, 0.40470258120495467, 0.40498451210800773, -0.38386704123022375, -0.14225136987963, -0.024292235847874787, -0.042793004150875134], [-0.7335271976171689, 0.10829443236692952, -0.307447941691128, -0.09507102755877668, -0.2559947243917577, 0.07637756578621423, 0.2087780624845926, -0.47725021667276546, -0.4040636991305721, 0.1311707093689527, 0.6323366910824822, 0.5464009937112531, -0.08266789557840797, 0.737181258829965, 0.050732562631328255]], "inverted": false, "swapped": true, "error_lsq": 0.039648763615685936, "error_max": 0.28490559697356865, "target": "167.xyz", "model": "21.xyz", "model_rescale": 4.186013935880536, "target_rescale": 4.197081887122064},
{"mapping": [10, 5, 12, 9, 0, 8, 6, 4, 14, 2, 1, 3, 15], "R": [[0.8643059220449265, 0.4935654198194269, -0.09679075098656054], [0.24814745416722342, -0.2510622644217598, 0.9356230973921841], [0.4374907017393572, -0.8326829623223303, -0.33947160433490386]], "T": [-0.030905712701765606, 0.07717536366477623, -0.07327621052659615], "aligned_model": [[0.13414922101703614, -0.3853834639254226, 0.34214434024334534, 0.3529951362832734, -0.2506465952555003, 0.6060706225433248, -0.132283451992726, -0.7004553753923177, 0.39984064640358263, -0.17015348198181102, -0.5799051391690733, 0.43543289414444236, 0.0067686825050716146], [-0.33416894193738883, -0.1250254620955596, 0.2573941495874552, -0.4828718200589572, -0.29449603362075905, -0.23063189457591926, -0.716418551751159, -0.3520386946543755, 0.7301083584651824, 0.6180276760283616, 0.24923790240517796, 0.0867196638915903, 0.11312030786244384], [-0.7420444339718806, -0.5699937973285688, -0.5075497561716515, 0.3290319528729023, 0.5784388741776288, -0.28537084416599606, 0.08691024279191663, 0.06718211800473971, 0.04864373569759946, 0.23507325029020287, 0.440058182296466, 0.425768197664319, -0.0032681608223323055]], "inverted": false, "swapped": true, "error_lsq": 0.04435190670783367, "error_max": 0.2596694462721325, "target": "167.xyz", "model": "22.xyz", "model_rescale": 4.166573947596378, "target_rescale": 4.197081887122064},
{"mapping": [0, 4, 2, 1, 8, 9, 7, 10, 13, 5, 14, 3, 12, 11, 6, 15], "R": [[-0.05738127163682394, 0.8410229988434292, -0.537947678758582], [0.4166482939854177, 0.50984143392315, 0.7526392969904159], [0.9072549745161953, -0.18094758266302344, -0.3796661474822668]], "T": [-0.08640311016993556, 0.004928286319163075, 0.010255333637465572], "aligned_model": [[0.07209330663026521, -0.2242877125690398, 0.21808149389486464, 0.4566218190746912, -0.7130570893322644, -0.6323699358862725, -0.046120101715029796, -0.25292543114916816, 0.23701037230726835, 0.5248083976390873, -0.1503882966515958, -0.3973580079206125, 0.1405383347835632, -0.29298876743601604, 0.6351650421991725, -0.028491818055438496], [-0.5755025648928577, -0.7159273423843395, -0.4299034184987377, -0.44064639367567676, -0.37679271899184474, 0.21678516373069473, -0.01456621735911505, 0.45817366704166274, 0.5765277167291205, 0.06181181822691781, 0.7923152875887498, -0.3342285069343126, 0.4499577797733399, 0.15644372672202167, 0.004302804378194622, -0.024243246458887927], [-0.5417724515878803, -0.024508330615785487, 0.42380068007694804, -0.11093126476972466, -0.3298520093081978, 0.14249018151334197, -0.7034581181107661, -0.5622655608052477, -0.5240581973560176, -0.5503218133466636, -0.03339520316153401, 0.3971744119612794, 0.4343162794312911, 0.7562169713628069, 0.25201273730038803, -0.01337287815499915]], "inverted": false, "swapped": false, "error_lsq": 0.04681930984330937, "error_max": 0.3175593776570069, "target": "167.xyz", "model": "23.xyz", "model_rescale": 4.274766983524099, "target_rescale": 4.197081887122064},
{"mapping": [8, 3, 14, 12, 2, 11, 5, 4, 6, 0, 15], "R": [[0.10874178504065707, 0.18891298627753303, -0.9759544599016271], [0.6771656433203104, -0.7328284677478634, -0.06640126779595257], [-0.7277512732333503, -0.6536622373015165, -0.2076144595956989]], "T": [-0.09296400180498246, 0.03488150428729991, -0.010591898031785396], "aligned_model": [[0.32683046751301037, 0.1400659767318196, -0.554171077785532, -0.25235164142793043, -0.5687891398228929, -0.6388104169899762, -0.11410983255863665, 0.15025425363319575, 0.6548484427533178, 0.3365240702972836, -0.10039639838558373], [-0.1048796458181987, 0.6085259207114366, 0.4365033029351294, -0.2305138023443562, 0.44610386415757286, -0.09173740560162799, -0.5667228947038917, -0.11305967186822072, -0.06968107002596297, 0.48204268561406854, 0.11900524818753419], [-0.6019528013368352, -0.2991005181062157, -0.5133009180276532, -0.5247898918067876, 0.09653962766199504, 0.5303480109569443, 0.21500289810789336, 0.7451913310365604, 0.2985547730685635, 0.4655857038071077, -0.03251178133999532]], "inverted": false, "swapped": true, "error_lsq": 0.0476677567785249, "error_max": 0.2843653935588454, "target": "167.xyz", "model": "24.xyz", "model_rescale": 3.7841303162186577, "target_rescale": 4.197081887122064},
{"mapping": [3, 13, 11, 6, 12, 9, 5, 2, 1, 4, 8, 14, 0, 10, 7, 15], "R": [[0.8512385087223406, -0.38956115868411145, -0.35161783929837537], [-0.46248193013209904, -0.2402477093397573, -0.8534585534507741], [0.24799892251671968, 0.8891136832833537, -0.3846730983950582]], "T": [-0.012378232800327921, 0.04721780710356542, 0.014962846166993435], "aligned_model": [[0.17754761236295388, -0.2547498846018768, 0.28691333666829616, 0.6165780090991395, -0.6091624403396902, -0.5786164472203285, -0.2896496163031134, -0.41157571331520393, 0.3876066973548117, 0.27996081358584873, -0.0635369322296573, -0.6808086237281779, 0.39828777231043677, -0.1937396819290855, 0.4412378558723839, 0.04003884822673742], [-0.5578166906725435, -0.696322085653651, -0.5803946140387481, -0.2317514496438149, -0.29491008584141803, 0.18310462762164187, -0.19014709469914876, 0.3688770196083074, 0.6233637121145463, 0.11467928419386757, 0.6228725185199199, -0.25242213108465555, 0.5710726807315267, 0.07015526504184182, 0.04405172071263268, 0.010094878084624434], [-0.4818905703181668, 0.035072733103933426, 0.3404697960706429, -0.20552899451773982, -0.30436303898605344, 0.07018752422002678, -0.7826067299367608, -0.5381824787600334, -0.2322300857527309, -0.6681851421380081, -0.1093843465464578, 0.31945534564302674, 0.3284264851655085, 0.771161896067511, 0.4808254655028818, -0.011152424388340916]], "inverted": false, "swapped": false, "error_lsq": 0.04039990890929974, "error_max": 0.2371311109611118, "target": "167.xyz", "model": "25.xyz", "model_rescale": 4.19342608120988, "target_rescale": 4.197081887122064},
{"mapping": [8, 3, 9, 5, 7, 12, 4, 13, 0, 14, 1, 15], "R": [[-0.5344056549320466, 0.8435133557679211, 0.05381277374184672], [0.6939169040576032, 0.47419791703311615, -0.5418631430025161], [-0.4825867033391633, -0.2522331344661023, -0.8387422247852101]], "T": [-0.06433759017655322, 0.058626784135414584, 0.0014483508299236378], "aligned_model": [[-0.3249379989099225, 0.4384548281370811, 0.1744589712322729, -0.6158782685159605, -0.4555989262851907, -0.40689701608458867, -0.09047555878062137, -0.2877432339931003, 0.4372469662961646, 0.26588369102080256, 0.44833201909820813, 0.014963081416635465], [-0.625934044638602, -0.3965827910930606, -0.5730603038890182, 0.3270487964003447, -0.13992165846946752, -0.14995369805499562, 0.4442053756184545, 0.530014408580002, 0.02429716765032444, -0.038094934918023876, 0.5756949364569941, 0.035063174098028164], [0.09595862637064789, 0.08264033291769543, -0.40700261718059516, -0.19095880745081703, -0.3868232843097509, 0.447974819720286, -0.7077032247227595, 0.6209729789243212, -0.5972106880200425, 0.7144190440400837, -0.2521822544507847, 0.029173535371136268]], "inverted": true, "swapped": true, "error_lsq": 0.04188856584475662, "error_max": 0.21076598676279554, "target": "167.xyz", "model": "26.xyz", "model_rescale": 3.795458400668931, "target_rescale": 4.197081887122064},
