[{"mapping": [11, 13, 10, 9, 8, 5, 2, 0, 3, 7, 1, 4, 12, 14], "R": [[-0.5399169102953538, 0.8264828082212623, -0.15942364219843794], [0.11779280176788814, 0.2617288914523272, 0.9579263245316977], [0.833435411911919, 0.4984216639491431, -0.23866558000134308]], "T": [0.07132976773266386, 0.14078799102497608, 0.21637117083240237], "aligned_model": [[0.13291344284574838, 0.23039915125427207, -0.49138941368372124, -0.34976246436651004, -0.5857829668108628, -0.24428846983300412, -0.6247668199428826, -0.11275593340360651, -0.24439785042591838, 0.07844631329151244, 0.7765195438535687, 0.19202720127271544, 0.6494154893222988, -0.03508512224530708], [-0.5092933500694395, -0.48486315588214657, -0.3741352968002759, -0.42728332643829314, 0.20140395280223886, 0.38685195041550724, 0.14433148816037752, 0.5671372170852206, 0.6758919905444603, -0.12007291451693025, 0.4428188122560954, 0.7896516307221464, -0.11717814113273978, 0.060012474663813625], [0.25441175281088974, -0.3919905186868203, 0.3992906565366318, -0.16468574597822988, 0.5819486603632525, -0.7155420324320638, -0.18268769959985903, 0.7324468247146088, -0.11338834764259281, 0.79109464501004, 0.43988993566182555, 0.16368051666436323, -0.018106387037539584, 0.12122582679532654]], "inverted": true, "swapped": true, "error_lsq": 0.047096444195532806, "error_max": 0.2832304141678611, "target": "169.xyz", "model": "0.xyz", "model_rescale": 3.8414455957264533, "target_rescale": 3.8683694462685194},
{"mapping": [11, 0, 10, 3, 1, 5, 4, 13, 12, 6, 8, 9, 7, 2, 14], "R": [[-0.17406865531604976, -0.9557619422663496, 0.23710591083251648], [0.871367234345401, -0.2616600523718641, -0.41503392620603974], [0.45871477646322817, 0.13436192432385113, 0.8783664537915155]], "T": [0.07409924983419863, 0.13191673957832176, 0.04297465339154525], "aligned_model": [[-0.6122231964295675, 0.1251339112929888, -0.17614583055459648, 0.3538561938936193, -0.07502515037574498, 0.38850880365864043, 0.5152323667100531, -0.4432320676981865, -0.6516542851296527, 0.3238747408630278, -0.49850550356365025, 0.11770003156648759, 0.4231751372200047, 0.7676597922957149, 0.04577462103539813], [-0.222388303253463, -0.5819312638060726, 0.7161598869766731, 0.21739277224838247, -0.1357100827348182, 0.6391154740252378, -0.08250666766745882, -0.27204234730382326, 0.3128572113905689, 0.8066779695631803, 0.464871921837098, 0.05982371050275606, -0.2841850383694562, 0.34449210897048865, 0.14029740030214105], [-0.31715704267041045, -0.07249768485908156, -0.21083363029845495, -0.6835284657549432, -0.7661209456629406, -0.2367016974532403, -0.1920602599058085, 0.42249061440620383, -0.10812761666058887, 0.3468441325668495, 0.47374958359731395, 0.7200353943775253, 0.3864281980953841, 0.17858517616430594, -0.041827934992482614]], "inverted": false, "swapped": false, "error_lsq": 0.04933806710138059, "error_max": 0.3316036832423934, "target": "169.xyz", "model": "1.xyz", "model_rescale": 4.316132596720782, "target_rescale": 3.8683694462685194},
{"mapping": [6, 12, 13, 8, 2, 3, 10, 0, 11, 1, 7, 14], "R": [[0.25203324165104174, -0.6545819168121305, 0.7127424214156364], [-0.9676691362860914, -0.16302605515632268, 0.19245505454390538], [-0.009782013197576267, -0.7382039145945547, -0.6745067032247181]], "T": [-0.012332724504781165, -0.008445862670937089, 0.05241613566134038], "aligned_model": [[-0.10905319223828568, 0.5172198260508526, 0.2778154109998603, -0.46004695987197536, -0.6789128501852884, -0.645949454232377, -0.12627104855535715, -0.24083781301817914, 0.3990249382257373, 0.4458260916152349, 0.2990011919580881, -0.08000758611652999], [-0.5032961975475203, -0.4266256902457436, -0.6159204908290078, 0.5658224573059052, -0.13260156699919007, -0.21843225499300786, 0.3775215041061634, 0.5273167804955506, 0.023094193005786474, -0.05990054174357821, 0.5328468789024873, -0.05704864371686449], [0.2182756244892554, 0.07264186186339844, -0.525195331747522, -0.14477971037420967, -0.37661451003506563, 0.27422036024592367, -0.6208636411214548, 0.4302244245668271, -0.45516192056016724, 0.7050406760847784, -0.03966800744411194, -0.08886136475823062]], "inverted": false, "swapped": true, "error_lsq": 0.04965407681582095, "error_max": 0.2434785383387593, "target": "169.xyz", "model": "2.xyz", "model_rescale": 3.795458400668931, "target_rescale": 3.8683694462685194},
{"mapping": [13, 6, 2, 0, 11, 7, 3, 12, 4, 1, 10, 14], "R": [[0.24326479089214736, -0.9583988757328674, 0.14931120690080601], [-0.6726885902850946, -0.055798091859952215, 0.7378188351113302], [-0.6987934616268614, -0.27992528992351484, -0.6582776997960544]], "T": [0.07173038413593368, 0.03323538724147073, 0.10399848345801291], "aligned_model": [[-0.016059121858306505, 0.12002605964974353, -0.7113027171656272, 0.09138528969439316, 0.09042154388242236, 0.23631835021880393, -0.2874001245573269, 0.526077161630323, 0.22105804338397822, 0.8330465626893226, -0.44525260030304425, -0.06501462152111696], [-0.0801287805517576, -0.47626773781102755, -0.13519591962558922, 0.20319126427335077, 0.4484931407599334, 0.6311087500093354, -0.48389116684049877, -0.10321860194805299, -0.428833340239117, -0.1216523265225884, 0.6009363578155765, 0.031227405970144922], [-0.7713802573009007, -0.036767869512840085, 0.05602917087930409, 0.776846143039854, -0.40103322212782533, 0.22174555367632945, 0.4176335643780654, -0.37627088533995845, 0.5540673000725839, 0.2907693268669183, -0.05632185068204279, 0.013454456689612662]], "inverted": false, "swapped": true, "error_lsq": 0.058088584894307994, "error_max": 0.333852658838329, "target": "169.xyz", "model": "3.xyz", "model_rescale": 3.7530521520055578, "target_rescale": 3.8683694462685194},
{"mapping": [10, 0, 7, 1, 11, 4, 9, 3, 5, 6, 14], "R": [[0.43745432847171256, -0.7328367683807725, 0.521137200179175], [0.3133783555904216, -0.41896176096325805, -0.8522118569334796], [0.8428687423014372, 0.5361168844196127, 0.04637854559385696]], "T": [0.02699083915090738, -0.0597126138818634, -0.04445163243020026], "aligned_model": [[-0.28579671931491285, -0.23177573592520417, 0.1990742705982869, 0.5987957040159468, 0.32204670254213147, -0.10085946082597491, -0.20624736154402915, -0.4983446523361559, -0.469795661530886, 0.06544453368463768, -0.05434201691863481], [-0.7779201371450127, 0.11748542211722428, -0.43592997608884093, 0.4193462924444468, -0.6240497663871327, 0.5764826621162411, -0.6271726773809538, 0.38053391304351375, 0.27759444107141185, 0.30842431154598754, -0.14759112702253896], [-0.08445543882655984, -0.6638352002751938, -0.5211631993414376, -0.3308388464185008, 0.10491704145262454, -0.17589770507745378, 0.4740240965852868, 0.11355841822762724, 0.7728926560019931, 0.3359923060857752, 0.06763664883115575]], "inverted": false, "swapped": true, "error_lsq": 0.05188699847571767, "error_max": 0.28827580665405406, "target": "169.xyz", "model": "4.xyz", "model_rescale": 3.7855080009869324, "target_rescale": 3.8683694462685194},
{"mapping": [14, 15, 0, 3, 9, 5, 10, 13, 12, 4, 11, 6, 8, 7, 16], "R": [[-0.18008834462550127, 0.8551377384791277, -0.4861148386532242], [-0.8386120574027873, -0.3917633966429902, -0.37848547954896705], [-0.5140992173780381, 0.3395009415002418, 0.7876808398150476]], "T": [-0.019162614988537482, 0.16453206626266545, -0.01907222738057027], "aligned_model": [[-0.48317733719461037, 0.04672538852779386, 0.01692581312046422, 0.15488010304759708, 0.03681228697796361, 0.5823798004232262, 0.6021249435300146, -0.330322109500734, -0.6890687527554179, 0.18700927689202074, -0.508476638161897, 0.09408456220817331, 0.2971864782219293, 0.6445824452730804, -0.047536695825067046], [-0.19899026750297102, -0.648132228755108, 0.8905897826635442, 0.32238185148262755, -0.15164483250978714, 0.610520866771719, -0.1376307624951504, -0.263023423560085, 0.1518591776246157, 0.8068011208550001, 0.3244789527437563, 0.2873110312589312, -0.36407660194457725, 0.3521876675168929, 0.14029241853202618], [-0.3510951918912733, -0.1397106179606558, -0.30193562397312346, -0.6726846377614065, -0.6545350494886125, -0.3262268413787654, -0.2507264279067349, 0.4761486435171946, 0.09979924727160142, 0.28421706747964753, 0.5870837001919035, 0.6119408237351617, 0.3212305805489278, 0.2734980072163968, -0.05772585865063025]], "inverted": false, "swapped": false, "error_lsq": 0.04792437166292596, "error_max": 0.2618579671737149, "target": "169.xyz", "model": "5.xyz", "model_rescale": 4.2253639853439635, "target_rescale": 3.8683694462685194},
{"mapping": [0, 10, 5, 3, 2, 13, 6, 4, 11, 7, 9, 12, 1, 14], "R": [[0.44494930103590946, 0.7875107564798431, 0.4264351391902419], [0.11180410880307762, 0.4235956642930011, -0.8989252218326732], [-0.8885493575274281, 0.4476533498374792, 0.10043165644794624]], "T": [0.16634829097047404, 0.025920998994707498, 0.009700230789669022], "aligned_model": [[0.7290775983531914, -0.24891362977622317, -0.3941962280797862, 0.19693060396227083, -0.33380865637950624, -0.5989450066811699, 0.06559961329037002, 0.6056506306162291, -0.22100074064920133, 0.3750092441849707, -0.608948558965053, 0.037233635513238605, 0.7573123377958579, 0.013061309572594382], [-0.10027587445711085, 0.25668277895373126, -0.7756460598697138, -0.676305948782625, -0.4851811406501914, 0.2403008135126119, -0.2819821053529641, -0.42740705847906385, 0.5514802734728733, 0.5194719126732131, 0.06456551663173281, 0.3447338978951322, 0.2246524867196949, -0.009990345632330741], [-0.37682966999227774, -0.6144511497398467, 0.27785066379285367, -0.01682513710794154, -0.3542072144269901, 0.40367210208451987, 0.4301600447066343, 0.20938830031234437, -0.0302192089620789, -0.3238776930038249, -0.19681722427065854, 0.5905591579240805, 0.5094433314886638, -0.03628809387402998]], "inverted": true, "swapped": true, "error_lsq": 0.04242387551022136, "error_max": 0.3570031517576085, "target": "169.xyz", "model": "6.xyz", "model_rescale": 3.89814844738969, "target_rescale": 3.8683694462685194},
{"mapping": [9, 13, 11, 5, 10, 12, 6, 2, 3, 1, 7, 0, 14], "R": [[0.6338568889237375, -0.4827360696681976, -0.6043106249316011], [0.1169002927016673, 0.832135463250177, -0.5421115128529171], [0.7645650828609595, 0.272977028049459, 0.5838867837407348]], "T": [-0.1075927859072931, 0.1900569255410431, 0.11115170303035811], "aligned_model": [[0.3575818529975327, -0.07840732134385425, 0.27904402355095015, -0.4617166085579484, 0.6589801072616666, -0.4189841868643197, -0.5510526961665663, 0.16670499136069994, -0.3838345943936584, -0.6562554843381307, 0.3005319039154729, -0.03483133354799772, -0.029128852969623586], [-0.19037974958017517, 0.0928836608544702, 0.4453055902155997, -0.7030514017448581, 0.05545138810203992, 0.5249013940635454, -0.0304595408997011, -0.5619481790171048, -0.3999756059134723, 0.747981480821313, 0.6389003831942658, 0.26758152163397847, 0.07659032374058394], [-0.4218666409789467, -0.7700701401868848, -0.3505900881371902, -0.2137765911785467, 0.013654233943609831, -0.38546075080137593, -0.07978511600053849, 0.055833985068676095, 0.37631888475588554, 0.2729086488341536, 0.28545005962220643, 0.7972209389724327, 0.022437606922814143]], "inverted": true, "swapped": true, "error_lsq": 0.05040381179430274, "error_max": 0.3149090940480177, "target": "169.xyz", "model": "7.xyz", "model_rescale": 3.7474275329858107, "target_rescale": 3.8683694462685194},
{"mapping": [6, 10, 8, 3, 0, 2, 1, 7, 5, 4, 9, 11, 12, 13, 14], "R": [[-0.6098811430218631, -0.6241679642856619, 0.48832299121159384], [-0.737340939902964, 0.6727637571454801, -0.06096938095889537], [-0.2904708758711605, -0.39724460906473, -0.8705305226352782]], "T": [0.09679012116502636, 0.10511477778301177, 0.012466539202574848], "aligned_model": [[-0.49264517183143197, -0.08795874485101021, -0.11956509010906063, -0.22626763597475438, 0.11011933331911924, 0.4795125447277415, 0.6680908929370721, -0.49575132250834375, -0.5802871151674711, 0.39339895563009397, -0.41886444731227523, -0.03472388912462068, 0.5172833953562522, 0.7462404966453058, 0.14554736304791976], [-0.26034768491924065, -0.6240664310150372, 0.750528149787832, 0.3034483224280075, -0.26974039734242133, 0.6820226142027043, 0.025814054577488768, -0.1550117555465923, 0.30198002074847535, 0.8109998755488446, 0.3571593512977833, -0.09086863091261975, -0.21777708405192525, 0.36914209345057514, 0.1396422544275603], [-0.41874260045419126, 0.10955403031171047, -0.030455688703688182, -0.5961647347268693, -0.5293075533969085, -0.4663762227033319, -0.46933076622948994, 0.22484934479525404, -0.11335856232483874, 0.17363500359595546, 0.5133800437706222, 0.587596545551959, 0.3280118936606401, 0.5751526107046812, 0.0108344770981263]], "inverted": true, "swapped": false, "error_lsq": 0.05415530596905483, "error_max": 0.37085494761428844, "target": "169.xyz", "model": "8.xyz", "model_rescale": 4.019505241142653, "target_rescale": 3.8683694462685194},
{"mapping": [11, 7, 10, 9, 13, 2, 8, 12, 6, 4, 0, 3, 14], "R": [[-0.2896832510695285, -0.8800539202696519, 0.37628275467765754], [0.8481865673504229, -0.053886976998394315, 0.5269494669095713], [-0.443467203991564, 0.47180641276692303, 0.7620600684040024]], "T": [-0.10840754623010788, -0.06839374036006328, 0.13036465501327593], "aligned_model": [[-0.23895251310701537, -0.580404221450077, 0.056376153262197706, 0.396109084096475, 0.19953524248013205, 0.638348686491677, 0.030555896075082314, -0.3173851689521398, 0.14561009247844242, -0.08170788333652786, -0.3486495091018437, 0.39603557449968946, 0.024229338305084155], [-0.4673553774675936, 0.0919327713725301, 0.05892185187696501, -0.3681340974049111, -0.8683936192391718, 0.12076367923460456, 0.5554329069203077, -0.6897567284458371, -0.30587319451341244, 0.21482143315765845, 0.5774204912537867, 0.2500225584549452, -0.10642444708581338], [-0.3712656956398683, -0.2568312608337304, -0.6258730589920214, -0.4181303327400135, -0.09770946528448568, -0.09410270858244779, -0.27044429875242576, 0.29144147590765374, 0.5313878724462215, 0.7282312721709545, 0.21523553326663625, 0.5030706487832108, 0.04169351229419439]], "inverted": true, "swapped": true, "error_lsq": 0.04818721444314237, "error_max": 0.2650226207615597, "target": "169.xyz", "model": "9.xyz", "model_rescale": 3.877068213659057, "target_rescale": 3.8683694462685194},
{"mapping": [1, 8, 3, 4, 7, 13, 2, 0, 5, 6, 12, 11, 9, 10, 15], "R": [[-0.4001750718776218, 0.4473146218843511, 0.7998559500911401], [0.7305692586675696, -0.37122427012419945, 0.573115258530667], [0.553288776442879, 0.8136966082756002, -0.17823961272154554]], "T": [0.131318389395655, 0.20477526782569544, -0.011016780133366162], "aligned_model": [[-0.5763999343123499, 0.11783983530333647, -0.1680450426399267, -0.03567073616687605, -0.005504742540814012, 0.6485193605815204, 0.5801115383714006, -0.4738831030400882, -0.6332627675457021, 0.20914293540506582, -0.32634279844919234, 0.04616249329039923, 0.6331464361532814, 0.5254978234662462, 0.06281826690823548], [-0.19180929712371508, -0.5630666348502286, 0.7140490290802077, 0.2677099939537004, -0.3464437770500314, 0.6889159169071841, -0.01699028500249075, -0.1302386528831359, 0.3410601309988574, 0.7561017021523343, 0.47780010439440135, -0.10856680232656585, -0.20588553847428503, 0.2694832112941955, 0.17080565161100592], [-0.3188512605530438, 0.06354914293270478, -0.24292864784561743, -0.6638908353201419, -0.5972962054505057, -0.3204509141183289, -0.4466314113852884, 0.3830173073751084, -0.09954662121883384, 0.254100322249621, 0.512623259846967, 0.6517203447471632, 0.11215634013290202, 0.5751966923045708, 0.03651030725235373]], "inverted": false, "swapped": false, "error_lsq": 0.04112317925796973, "error_max": 0.2843989509041323, "target": "169.xyz", "model": "10.xyz", "model_rescale": 4.260839863003843, "target_rescale": 3.8683694462685194},
{"mapping": [1, 0, 8, 7, 9, 11, 12, 4, 3, 2, 6, 14], "R": [[-0.3328052867251113, 0.5639247519755588, 0.7557972712554082], [-0.925351778458674, -0.04098258240749808, -0.3768879330020818], [-0.18156191018819295, -0.8248086457163972, 0.5354679922463128]], "T": [-0.00030719902829216003, 0.0474407364266278, -0.10224659585047717], "aligned_model": [[0.5820234674824477, 0.1667062887027562, -0.35960321004596124, -0.3152508825121329, -0.6270257745604539, -0.5158024152593383, 0.1300427285240679, 0.6125095013281725, 0.3375293774448687, -0.292489236174937, 0.346888844492684, -0.10663004032804331], [0.11620226852146706, -0.6164557015410708, -0.5837528758819138, -0.22668844540567815, 0.36651015903023954, 0.36566122995378636, 0.6399648434904137, -0.1640661804382069, -0.14444081254722302, -0.04027031103468756, 0.36333273549691203, 0.09708159588889528], [-0.6450529352524731, -0.21775981165135994, 0.10176159472239667, -0.5756067092242478, 0.28588559058898805, -0.34891597882908765, -0.3982760385183144, 0.03224769511912899, 0.4841060949039782, 0.6398769970491395, 0.1455602344167123, 0.012351344070644171]], "inverted": true, "swapped": true, "error_lsq": 0.051203121691670773, "error_max": 0.30913625332619343, "target": "169.xyz", "model": "11.xyz", "model_rescale": 3.890672605050136, "target_rescale": 3.8683694462685194},
{"mapping": [12, 1, 4, 13, 6, 10, 7, 9, 11, 8, 3, 0, 2, 14], "R": [[0.972064753617643, -0.04885713520597185, -0.22957154682960296], [-0.23470987564171403, -0.19742821837296184, -0.9518053229869696], [0.0011785798752445842, 0.9790991159885416, -0.2033802645782874]], "T": [0.0963444953073514, 0.043939970201673485, 0.0004464394911292413], "aligned_model": [[0.568538157571028, 0.3169292849798875, 0.28113250210227864, 0.6178646718684089, 0.5988658614264584, -0.41574062493724523, -0.41383503551828454, 0.12691784713632803, 0.02008376485688397, -0.5511519712104331, 0.26988772253015825, -0.384381751092078, 0.06424239306720414, 0.110523012013099], [-0.2940501343727622, 0.2769162454253062, 0.6695770083407293, -0.635141383579723, 0.19613972618065628, -0.3892830987449438, -0.1769912761760451, -0.49599017034069837, -0.6048990841762525, 0.2042163642390711, 0.5886255850857638, 0.5222117789904154, 0.10102794933504225, -0.030206990378794103], [-0.343799383313813, -0.7313597379205622, -0.1126901481992274, 0.23220405438430708, 0.07821908065777827, 0.4070728157698269, -0.2984052958763771, 0.5943898517786804, -0.03176485452090701, 0.35283563474899304, 0.410277976123114, -0.14839455417529618, 0.8001472682304719, 0.14605772766987252]], "inverted": false, "swapped": true, "error_lsq": 0.04174609700929349, "error_max": 0.23239554160520326, "target": "169.xyz", "model": "12.xyz", "model_rescale": 4.124412569039231, "target_rescale": 3.8683694462685194},
{"mapping": [0, 7, 12, 8, 1, 4, 10, 3, 11, 2, 6, 13, 14], "R": [[0.8835184994147243, -0.455684737825138, -0.10838118335389085], [0.1827705547009692, 0.12235202893918681, 0.9755126372060821], [-0.4312655626481838, -0.8816923503851557, 0.1913860333097634]], "T": [0.1413918884719026, 0.09656445948418502, 0.044229479395745265], "aligned_model": [[-0.23798050830485112, -0.1912365726058069, 0.7196487365864097, -0.5965993819316888, 0.6475284273680042, 0.3477580294129516, -0.4884096352505783, 0.11746824153953, 0.09517336117714063, -0.22684014118363027, 0.5615948558505135, 0.5255038367707188, 0.09368905808104402], [-0.3427881866540765, 0.3666033888691448, 0.43535832273397135, -0.0567827030826501, -0.08953774611694892, -0.5270784914124197, 0.5227481916785648, -0.4868948522329355, 0.7490280698508193, -0.021280262819380502, -0.08731810894076508, 0.7272016030768977, 0.15822615155825576], [0.4250721310907961, 0.5077415208028137, 0.12514355619226847, 0.013054583823722259, 0.6338629660758485, 0.12699833882333722, -0.14806164067667074, -0.3478986245227824, 0.04491492731523113, -0.65885571571017, -0.2228992163221906, -0.4472999459392365, -0.1000747999851278]], "inverted": false, "swapped": true, "error_lsq": 0.046835938198974, "error_max": 0.23886464082801806, "target": "169.xyz", "model": "13.xyz", "model_rescale": 3.9028299243045295, "target_rescale": 3.8683694462685194},
{"mapping": [2, 0, 11, 12, 8, 13, 5, 3, 1, 9, 6, 7, 4, 10, 15], "R": [[0.5122420353129143, -0.32280455829465143, 0.7958676487976367], [-0.06275314032327042, 0.9101314699487132, 0.4095396815798965], [-0.8565454691013498, -0.2597266342776384, 0.44595059682520766]], "T": [0.024941398737462067, 0.136125084241341, -0.03794784949108939], "aligned_model": [[-0.5467738286800821, -0.014028110359366214, -0.17039506007268038, 0.07181939441388697, 0.0656254220426151, 0.6423927795285134, 0.4302215225456203, -0.19221927941291433, -0.5345693337769515, -0.057227743777033574, -0.47807196924904394, 0.25427469023794114, 0.44407116923470247, 0.6637269413019753, 0.02528297080735384], [-0.22015383015501705, -0.6916363537195209, 0.8356014766031354, 0.4351425160868341, -0.3028327377967596, 0.4493553372944265, -0.02611275100233762, -0.264990742044983, 0.446828725880424, 0.7020067070652074, 0.27096346366854857, 0.280470174079647, -0.30807609784000184, 0.3173201124085422, 0.1990387521532893], [-0.3351965727032218, -0.060504188521332984, -0.17371652307218002, -0.6645508481551344, -0.6721150200990426, -0.4294730118073296, -0.3053964234574533, 0.3870660079371825, -0.15024096155145997, 0.48537965545425793, 0.3782305080787793, 0.8264587054853858, 0.25595488816743783, 0.3003922078876106, 0.05698939730613204]], "inverted": false, "swapped": false, "error_lsq": 0.04802056793659978, "error_max": 0.31250447325854946, "target": "169.xyz", "model": "14.xyz", "model_rescale": 3.942246331269136, "target_rescale": 3.8683694462685194},
{"mapping": [1, 12, 9, 5, 3, 10, 4, 0, 2, 6, 7, 8, 13, 11, 14], "R": [[0.5286994532483776, -0.10372413377828833, 0.8424477385611587], [0.45968598551438794, 0.869346950479199, -0.18145157594847028], [-0.7135584649182803, 0.48319476793986627, 0.5073037880589956]], "T": [0.11027873083574169, 0.16012890091592605, -0.03869424675793242], "aligned_model": [[-0.36697182682547347, 0.0814420239823514, -0.0930612382580529, -0.3206830915748521, 0.1325462220337035, 0.5594894979811089, 0.6153561372993775, -0.5166878732041785, -0.6326435639644861, 0.18814175391445132, -0.41910813511701905, 0.02370514301407467, 0.6420187287242831, 0.6841213573269476, 0.02646442945230057], [-0.4035250384449124, -0.6566440132511856, 0.9270279651954461, 0.1952111122396338, -0.24683065410839947, 0.6408547472238733, 0.06429436163347396, -0.00845169909293167, 0.3305570932038846, 0.5686904028316175, 0.6472679788448722, 0.10981020454438431, -0.41850336407526223, 0.2597173904022213, 0.11344826553471855], [-0.372112269119781, -0.02743772937624183, -0.17537265876397298, -0.5032593167559821, -0.6306706060078592, -0.3145798451775319, -0.32043265642741997, 0.3065751286398301, -0.07954291627982107, 0.3352098026021403, 0.42328472791547067, 0.728647899207571, 0.16955349767637745, 0.37951359324517236, -0.020098830428321137]], "inverted": false, "swapped": false, "error_lsq": 0.049238511923691046, "error_max": 0.3978817914273821, "target": "169.xyz", "model": "15.xyz", "model_rescale": 4.355366556412066, "target_rescale": 3.8683694462685194},
{"mapping": [6, 12, 13, 8, 2, 3, 10, 0, 11, 1, 7, 14], "R": [[0.25203324165104174, -0.6545819168121305, 0.7127424214156364], [-0.9676691362860914, -0.16302605515632268, 0.19245505454390538], [-0.009782013197576267, -0.7382039145945547, -0.6745067032247181]], "T": [-0.012332724504781165, -0.008445862670937089, 0.05241613566134038], "aligned_model": [[-0.10905319223828568, 0.5172198260508526, 0.2778154109998603, -0.46004695987197536, -0.6789128501852884, -0.645949454232377, -0.12627104855535715, -0.24083781301817914, 0.3990249382257373, 0.4458260916152349, 0.2990011919580881, -0.08000758611652999], [-0.5032961975475203, -0.4266256902457436, -0.6159204908290078, 0.5658224573059052, -0.13260156699919007, -0.21843225499300786, 0.3775215041061634, 0.5273167804955506, 0.023094193005786474, -0.05990054174357821, 0.5328468789024873, -0.05704864371686449], [0.2182756244892554, 0.07264186186339844, -0.525195331747522, -0.14477971037420967, -0.37661451003506563, 0.27422036024592367, -0.6208636411214548, 0.4302244245668271, -0.45516192056016724, 0.7050406760847784, -0.03966800744411194, -0.08886136475823062]], "inverted": false, "swapped": true, "error_lsq": 0.04965407681582095, "error_max": 0.2434785383387593, "target": "169.xyz", "model": "16.xyz", "model_rescale": 3.795458400668931, "target_rescale": 3.8683694462685194},
{"mapping": [9, 13, 11, 5, 10, 12, 6, 2, 3, 1, 7, 0, 14], "R": [[0.6338568889237375, -0.4827360696681976, -0.6043106249316011], [0.1169002927016673, 0.832135463250177, -0.5421115128529171], [0.7645650828609595, 0.272977028049459, 0.5838867837407348]], "T": [-0.1075927859072931, 0.1900569255410431, 0.11115170303035811], "aligned_model": [[0.3575818529975327, -0.07840732134385425, 0.27904402355095015, -0.4617166085579484, 0.6589801072616666, -0.4189841868643197, -0.5510526961665663, 0.16670499136069994, -0.3838345943936584, -0.6562554843381307, 0.3005319039154729, -0.03483133354799772, -0.029128852969623586], [-0.19037974958017517, 0.0928836608544702, 0.4453055902155997, -0.7030514017448581, 0.05545138810203992, 0.5249013940635454, -0.0304595408997011, -0.5619481790171048, -0.3999756059134723, 0.747981480821313, 0.6389003831942658, 0.26758152163397847, 0.07659032374058394], [-0.4218666409789467, -0.7700701401868848, -0.3505900881371902, -0.2137765911785467, 0.013654233943609831, -0.38546075080137593, -0.07978511600053849, 0.055833985068676095, 0.37631888475588554, 0.2729086488341536, 0.28545005962220643, 0.7972209389724327, 0.022437606922814143]], "inverted": true, "swapped": true, "error_lsq": 0.05040381179430274, "error_max": 0.3149090940480177, "target": "169.xyz", "model": "17.xyz", "model_rescale": 3.7474275329858107, "target_rescale": 3.8683694462685194},
{"mapping": [5, 3, 2, 4, 13, 12, 9, 8, 6, 11, 1, 0, 7, 14], "R": [[0.03929902060604062, 0.9817695485973886, 0.18596811669285085], [-0.9955875842699656, 0.05434283395560258, -0.07649979375899185], [-0.08521120247303449, -0.18214118107817795, 0.9795731933493006]], "T": [-0.0790974216230101, 0.016150453782680485, 0.08862426335534224], "aligned_model": [[0.49792302229009006, 0.08325517739943268, 0.6393925752659383, -0.4310483113049883, 0.3656571459152365, -0.2933139062634033, 0.6729948603420448, 0.21937690603471527, -0.0914825997061979, 0.14175348105014185, -0.8550172940406345, -0.3731013031103857, -0.24434927905314013, 0.08280717306402684], [-0.4837865306128412, 0.03958331051183705, 0.11767731037572599, 0.017462012744121555, -0.6659686425730955, -0.5570197147218743, -0.1325248353349939, 0.7043512515670385, -0.4124151356774778, -0.10525989512163747, -0.17459754020140633, 0.6056117190365182, 0.41674213530423826, -0.009447203784919575], [-0.5790096043846658, -0.5953743433763301, -0.2538307257702571, -0.4721761017355026, 0.4404101140023973, 0.37374986311033653, 0.32837605442751727, 0.0085550481014465, -0.2242961989586884, 0.6922216382040037, 0.09490358882318681, -0.1306755836365119, 0.5475624480199778, 0.09437852183474499]], "inverted": false, "swapped": true, "error_lsq": 0.05013518325331505, "error_max": 0.2816858714493675, "target": "169.xyz", "model": "18.xyz", "model_rescale": 3.922800546911778, "target_rescale": 3.8683694462685194},
{"mapping": [1, 5, 10, 2, 0, 9, 3, 8, 6, 11, 4, 13, 12, 7, 14], "R": [[-0.26915241260387, -0.884637614513329, -0.38075355517405574], [-0.9521335216792384, 0.3038950759357215, -0.033008176513000004], [0.14490940509231076, 0.35364399303563554, -0.9240872201830321]], "T": [-0.02025790442014415, 0.08662062190417708, 0.024324854972113657], "aligned_model": [[-0.5119090761745588, -0.0011539400176997436, -0.2524937555354224, 0.042259583173613516, 0.23993520281427166, 0.4316284077581151, 0.5378894720037848, -0.4047564732318257, -0.6874754943637746, 0.2000528216870412, -0.39208380145928706, 0.10923164425344913, 0.4990590914009156, 0.7231415042714956, 0.07080437820441866], [-0.12001820411094949, -0.6706890239031713, 0.8367041154509919, 0.40844819242713454, -0.3662512972568049, 0.6364846325265964, -0.08786543833802826, -0.23443116131004355, 0.2609900467840056, 0.6876215688288928, 0.5634918296942023, 0.19254274533611015, -0.3962196782029051, 0.29519476367259734, 0.11692166108280584], [-0.4890585736964078, -0.06868513963585135, -0.16017964206975663, -0.6125798014593189, -0.6280931149367682, -0.37088586932967504, -0.23485725196689447, 0.37571816324413587, 0.010768924535487178, 0.33658221441544917, 0.4220766526601747, 0.6905280577354782, 0.36460289865169826, 0.2294227964565236, 0.03391750634535638]], "inverted": true, "swapped": false, "error_lsq": 0.04191539721826174, "error_max": 0.2595285984635254, "target": "169.xyz", "model": "19.xyz", "model_rescale": 3.9282355846067225, "target_rescale": 3.8683694462685194},
{"mapping": [2, 9, 13, 10, 8, 11, 7, 12, 0, 4, 5, 3, 6, 14], "R": [[0.7856834371055016, -0.5502674032212271, 0.2826788312029265], [-0.5194412264105821, -0.8349783010015791, -0.18163713596505143], [0.3359796853429615, -0.0041257494693371505, -0.9418601962224334]], "T": [0.05499512769675704, 0.08404159517523743, 0.0211457418046365], "aligned_model": [[-0.46407469691896647, -0.09022916288448898, 0.5296664679493793, -0.40932925474757126, -0.6799646911211464, 0.24256288279508711, -0.06115632076406815, 0.7191654261240737, -0.37018987540810394, 0.04071910904192496, 0.0011498118391166864, -0.2508669327353178, 0.32090454168051574, 0.004165514234241455], [-0.5008809625926388, -0.6410393163498941, -0.6294556984753837, -0.21642081019647721, 0.15595361764203686, -0.15681818250942917, 0.43147162249206783, -0.0018636029052749858, 0.6232297777729747, 0.38193600056109267, -0.6753459700249018, -0.05906435687126607, -0.11903933734655936, -0.06978069377151136], [0.2007094252260003, -0.29253505243530725, -0.20788504732827368, -0.5350768921783129, -0.1330653710278095, -0.5573439207632228, -0.49286529520792305, -0.06375104035222509, 0.12356207515345766, 0.6122661330550524, 0.6912619781347499, 0.6381794894001872, 0.4332032514330901, -0.004476575865780569]], "inverted": false, "swapped": true, "error_lsq": 0.04544209199269521, "error_max": 0.3722114975836787, "target": "169.xyz", "model": "20.xyz", "model_rescale": 4.067790424073018, "target_rescale": 3.8683694462685194},
{"mapping": [2, 6, 7, 8, 4, 1, 5, 3, 0, 9, 12, 11, 11, 10, 14], "R": [[0.28650553684982344, -0.5443087240028615, -0.788443143371018], [-0.6605016147325833, -0.7083363830961396, 0.24899233987801594], [-0.6940116672578673, 0.4494302853131463, -0.5624590868261437]], "T": [0.06732269952201521, 0.09936012589281583, -0.06129341013769202], "aligned_model": [[-0.5264423245960717, 0.07533362638492604, -0.0924674357146205, 0.0490590129310562, -0.023782741499563484, 0.5690152922699006, 0.47387429213112786, -0.5036811530204078, -0.5881196520403962, 0.19630704822356743, -0.16373312698992115, 0.20709044569928126, 0.20709044569928126, 0.6183650850642509, 0.10622075024212571], [-0.2962587073940002, -0.6405658980369753, 0.7852559178887976, 0.32603694391318405, -0.3191519352942176, 0.7153098894859367, 0.00780190820292527, -0.2688498124740466, 0.3392082086745403, 0.7934027692287752, 0.3824172754911049, -0.14237638748838605, -0.14237638748838605, 0.44607947217285354, 0.13699149579932884], [-0.2726006897608946, -0.05980786053603518, -0.3076225241539791, -0.584219747827162, -0.7388035192825839, -0.2667575977478492, -0.47938313277905364, 0.45068418538813, -0.192922626063437, 0.2638492454616019, 0.6121349245749672, 0.5218538175895564, 0.5218538175895564, 0.43612472966496335, -0.0051052011681497825]], "inverted": true, "swapped": false, "error_lsq": 0.05341268833477002, "error_max": 0.4349262721387899, "target": "169.xyz", "model": "21.xyz", "model_rescale": 4.186013935880536, "target_rescale": 3.8683694462685194},
{"mapping": [3, 2, 8, 1, 12, 0, 6, 5, 10, 9, 13, 11, 14], "R": [[0.7690960875571167, 0.6216502704312382, -0.14846598727353177], [0.3703407927579707, -0.6227782016886028, -0.6891988165405596], [-0.5209020112494612, 0.47507710192586466, -0.709198732304273]], "T": [0.18703549981597223, -0.13883295084483485, 0.05499511176117455], "aligned_model": [[-0.11734108488275297, -0.2912164988007075, 0.4740246042074741, 0.5272115440537455, -0.002232495506528237, 0.7208873342724209, -0.21562946949991008, -0.7433196788669042, 0.24147991778269012, -0.30334903938120816, -0.46303047347121684, 0.15986959984524968, 0.07121977567087298], [-0.4187017246512348, 0.21445811116474464, 0.2708231511848239, -0.7644091827103177, -0.3255094611612684, -0.2758865432040744, -0.4833746494777691, -0.2914315310447524, 0.6326865736720593, 0.4966845802566472, 0.15370325464980875, 0.3369008430794391, -0.026986762212013224], [-0.5140303036026229, -0.483773344200619, -0.5097503827791201, 0.4175009911639658, 0.6755101062887469, -0.36715867552950054, 0.08487843870587217, -0.31887315010731276, -0.07558756844751296, 0.08446602771215483, 0.5828996206676629, 0.5030852323329263, 0.02371256913070481]], "inverted": true, "swapped": true, "error_lsq": 0.04991731903383981, "error_max": 0.3360730564842618, "target": "169.xyz", "model": "22.xyz", "model_rescale": 4.166573947596378, "target_rescale": 3.8683694462685194},
{"mapping": [8, 0, 14, 10, 7, 13, 5, 3, 9, 12, 11, 2, 1, 6, 15], "R": [[-0.26412766741263993, 0.8973483056386247, -0.35355705858410974], [0.728725818739012, 0.4258085267996222, 0.5363261876954104], [0.6318190060534068, -0.11598757205935967, -0.7663886916685686]], "T": [-0.05036041504585662, 0.1403745677169925, 0.050507953543612205], "aligned_model": [[-0.591959000650542, 0.20239794533703245, -0.03604182786674346, -0.02005032553418843, 0.17783836664911115, 0.4497065127584047, 0.6911619902814801, -0.48008807589312624, -0.5926841069576592, 0.09016768381329729, -0.43611109012539306, 0.09584607256766417, 0.46716617652318326, 0.577588744212939, 0.009190499669077208], [-0.35929006908528005, -0.6017868040462555, 0.849831962083851, 0.33689281056170195, -0.14807032921101662, 0.4744456617815541, -0.0033422663680078846, -0.034564271067503066, 0.37135195102804985, 0.7193959844889951, 0.5585054018614304, -0.0957741521183196, -0.3025245143295796, 0.25182504556003527, 0.10602834154177926], [-0.28278675541745674, -0.17767064395637752, -0.2994105324779583, -0.6715745291459356, -0.5627737966490203, -0.5454305589915813, -0.29669800147371034, 0.4328130570977377, -0.06343776981634261, 0.32321183613348653, 0.5968195401311223, 0.6634244929590145, 0.26052150312643707, 0.46567813111130923, 0.05659184831890683]], "inverted": false, "swapped": false, "error_lsq": 0.0402788117495018, "error_max": 0.24049431101343394, "target": "169.xyz", "model": "23.xyz", "model_rescale": 4.274766983524099, "target_rescale": 3.8683694462685194},
{"mapping": [13, 2, 5, 6, 3, 4, 1, 0, 7, 8, 14], "R": [[-0.40114030823756847, 0.08134708754013853, 0.9123974487337225], [-0.3773631250092764, 0.8929258909137312, -0.2455207225860025], [-0.8346757004910961, -0.44279341084150814, -0.3274911759498897]], "T": [0.09779239758634106, -0.041459298897624425, 0.04146556711523898], "aligned_model": [[0.29516723279916557, -0.013036526778430202, -0.543922320255438, -0.3339762760709799, -0.4810032548496621, -0.4961282769540669, -0.14157407296663319, 0.02568878187963816, 0.6120230675571128, 0.3243095350297275, 0.13234681456764072], [-0.11115942364313891, 0.7169660845752147, 0.4556909932774834, -0.12533412756810022, 0.3551826387580279, -0.12007545241434342, -0.761564604876528, 0.06107864865426291, -0.1691278984100771, 0.5367238135001134, 0.07720585939056883], [-0.8205271467228743, -0.19585043538856417, -0.5665380268783267, -0.25565713212534086, 0.09078417626686887, 0.32332711323420266, 0.2917212695995354, 0.7243142519413981, 0.3845015357709888, 0.46984929294484057, -0.06635846462115133]], "inverted": false, "swapped": true, "error_lsq": 0.0494306245339925, "error_max": 0.2480621241505336, "target": "169.xyz", "model": "24.xyz", "model_rescale": 3.7841303162186577, "target_rescale": 3.8683694462685194},
{"mapping": [13, 14, 4, 5, 12, 2, 9, 11, 3, 1, 6, 7, 10, 0, 15], "R": [[0.6788118074084916, -0.18688574371122268, 0.7101325572879479], [-0.06622379369908449, 0.9475504548641948, 0.31267002516192527], [-0.7313199978606618, -0.2592717768754654, 0.6308321539402703]], "T": [0.14380109228755633, 0.1441396815939993, 0.065580509624307], "aligned_model": [[-0.4042508958926978, 0.2320970225519351, -0.09949712463234245, -0.16888091455858462, -0.0028569213719936704, 0.4354462775674329, 0.5047088358213359, -0.4372170684605978, -0.5964589138436456, 0.42063541771296514, -0.41225058397111813, 0.0854007859834289, 0.4415087925453627, 0.52252328111575, 0.08322157421730646], [-0.3447354889912849, -0.5676647550570331, 0.8141163108671781, 0.4484799022748765, -0.10873222422019951, 0.4700004018247663, -0.13499037749731962, -0.21647463338120077, 0.3158458929970396, 0.8000292903856157, 0.5071222684600367, 0.05675894844929352, -0.4760395929037314, 0.38579141951802554, 0.17341738995537173], [-0.20393773300116064, -0.27329592061718383, -0.1549679810295691, -0.6953043293061769, -0.6342188421240824, -0.5488712011235548, -0.3004423302301974, 0.41458306244947685, -0.20187787577685917, 0.280540903996487, 0.3503200874932557, 0.7072654570860166, 0.4289025402911459, 0.6482501335099813, 0.08233184933205193]], "inverted": true, "swapped": false, "error_lsq": 0.05029711728296459, "error_max": 0.30565753251736427, "target": "169.xyz", "model": "25.xyz", "model_rescale": 4.19342608120988, "target_rescale": 3.8683694462685194},
{"mapping": [6, 12, 13, 8, 2, 3, 10, 0, 11, 1, 7, 14], "R": [[0.25203324165104174, -0.6545819168121305, 0.7127424214156364], [-0.9676691362860914, -0.16302605515632268, 0.19245505454390538], [-0.009782013197576267, -0.7382039145945547, -0.6745067032247181]], "T": [-0.012332724504781165, -0.008445862670937089, 0.05241613566134038], "aligned_model": [[-0.10905319223828568, 0.5172198260508526, 0.2778154109998603, -0.46004695987197536, -0.6789128501852884, -0.645949454232377, -0.12627104855535715, -0.24083781301817914, 0.3990249382257373, 0.4458260916152349, 0.2990011919580881, -0.08000758611652999], [-0.5032961975475203, -0.4266256902457436, -0.6159204908290078, 0.5658224573059052, -0.13260156699919007, -0.21843225499300786, 0.3775215041061634, 0.5273167804955506, 0.023094193005786474, -0.05990054174357821, 0.5328468789024873, -0.05704864371686449], [0.2182756244892554, 0.07264186186339844, -0.525195331747522, -0.14477971037420967, -0.37661451003506563, 0.27422036024592367, -0.6208636411214548, 0.4302244245668271, -0.45516192056016724, 0.7050406760847784, -0.03966800744411194, -0.08886136475823062]], "inverted": false, "swapped": true, "error_lsq": 0.04965407681582095, "error_max": 0.2434785383387593, "target": "169.xyz", "model": "26.xyz", "model_rescale": 3.795458400668931, "target_rescale": 3.8683694462685194},
{"mapping": [2, 4, 5, 9, 13, 7, 0, 10, 1, 6, 11, 12, 14], "R": [[0.6078801276950412, 0.048569062535276375, -0.7925419840727085], [0.7587221566161487, -0.32985561166259486, 0.561725880224898], [-0.23414192152026347, -0.9427811631652069, -0.23736309520997356]], "T": [-0.1255051324777648, -0.12806357228908355, 0.08719783120211991], "aligned_model": [[0.05163627824029521, 0.3698556952324038, 0.6604865127207995, -0.30262503959334375, -0.08400772330220257, -0.714199049420233, -0.2391081453360465, -0.6957163237572883, 0.031437226483776476, 0.3695997133534851, -0.5816625840408326, -0.037296096431285675, -0.1287240813282709], [-0.5340064306869934, -0.36843532621506986, -0.19367504370021074, -0.018444495129348246, 0.5363848594407437, -0.17329617235486558, -0.6731596618323326, -0.3448120813018141, 0.17815005890346908, 0.05335556576025233, 0.2585464753556156, 0.5359936694218663, -0.1347199144043981], [-0.5818629389381649, 0.45490324142300875, -0.5504045769731967, -0.6885858112742865, -0.4990040267600627, 0.31035610032489214, 0.5018783070978728, -0.4058921087777366, 0.808362294820042, 0.026375460119087424, -0.17794068995325837, 0.1706034526066096, -0.0766520416153813]], "inverted": false, "swapped": true, "error_lsq": 0.0450463249936892, "error_max": 0.2449693222079459, "target": "169.xyz", "model": "27.xyz", "model_rescale": 3.6321398670334006, "target_rescale": 3.8683694462685194},
