[{"mapping": [12, 7, 8, 1, 5, 11, 6, 4, 9, 2, 13], "R": [[-0.12639887253637289, -0.7836483851393526, -0.6082092842846274], [0.9887001708939657, -0.04970953386177274, -0.14142465950989155], [0.08059340603161808, -0.6192125408223983, 0.7810765213424948]], "T": [0.1468955575076904, 0.10708708460408635, 0.006200012537727466], "aligned_model": [[0.1056408154973561, -0.5504968303675153, -0.4484302337852601, 0.6179838527891739, 0.32699384925553604, -0.3455842758396586, 0.16237381666836131, -0.3269973294064546, -0.24760271601337702, 0.34039727988062196, -0.014383890291637697], [0.6501831558056739, -0.09490787736769278, -0.2637554719209957, 0.4404271261549333, 0.11390382950910706, 0.32264821250778236, -0.6072564147592141, -0.6939543419773087, 0.26305555877901904, -0.42387796939451483, 0.09678557480771184], [0.2023237277805986, 0.21652446462831823, -0.33824465952741534, 0.00411478577854814, -0.7285920653591462, -0.4388380248549594, -0.2658662893050457, 0.22336905094721518, 0.6035174482590255, 0.5276321176872621, 0.02675921653151636]], "inverted": false, "swapped": false, "error_lsq": 0.04464018291278531, "error_max": 0.2034336897616339, "target": "170.xyz", "model": "0.xyz", "model_rescale": 3.8414455957264533, "target_rescale": 3.754992477469967},
{"mapping": [2, 9, 8, 3, 10, 6, 11, 13, 7, 0, 14], "R": [[-0.6318070650012675, -0.17119770718052066, -0.7559835829372333], [0.28392936191170876, -0.9586323424112682, -0.020202710894697468], [-0.7212516551515803, -0.22741015179454396, 0.6542787424346663]], "T": [0.03248169655326883, 0.01645426372668291, 0.00166322024921864], "aligned_model": [[-0.07536017183128199, -0.6109522177351323, -0.5062705191086669, 0.752154279609571, 0.14463941060998037, -0.37032831779308567, 0.3875400147992498, -0.30950887768681523, -0.1902011661888455, 0.28714207376800616, 0.111039829944166], [0.7197961932227683, 0.006473839495615049, -0.31547751147061787, 0.3127590068000942, 0.10087254211708949, 0.5686609140043372, -0.7487913264114496, -0.640336270326978, 0.10095243752349262, -0.2993252703021558, -0.0023331725076937183], [0.1973287237353548, 0.22838522859670038, -0.47148553462000276, -0.08581108723203781, -0.668169222874853, -0.3762773590950279, -0.1191597061697788, 0.16449946359747933, 0.5985111099171828, 0.6024533230909216, -0.0375751663800211]], "inverted": false, "swapped": false, "error_lsq": 0.03909704721111465, "error_max": 0.19871502372528568, "target": "170.xyz", "model": "1.xyz", "model_rescale": 4.316132596720782, "target_rescale": 3.754992477469967},
{"mapping": [5, 10, 6, 0, 4, 3, 2, 8, 9, 1, 11], "R": [[0.15455427610549494, 0.9838844099234257, -0.08991353428232807], [0.6930980636693111, -0.1728296153768878, -0.6998178321438581], [-0.704079576379942, 0.04584094194396493, -0.7086399354865149]], "T": [-0.08659668693433475, 0.050699884438631715, 0.08464592693018241], "aligned_model": [[0.1491704451362776, -0.6337172416996297, -0.5119274352798946, 0.6121997106538015, 0.2017999697077481, -0.4094912670169935, 0.4263927464297834, -0.2417119570519502, -0.019361725419058312, 0.14444967388781954, -0.0979085809607581], [0.6500865523600123, -0.2028341913298347, -0.2565665454194949, 0.172407856027992, 0.08331283852945981, 0.46084712537686273, -0.5629397737769143, -0.6986592419935767, 0.3713412302043647, -0.24711866389623738, 0.033374196061868304], [0.0544902695786742, 0.2679908738658284, -0.5484236257996558, 0.05663123514369012, -0.6295623723774364, -0.313519038559138, -0.16236341068050564, 0.12254405910036303, 0.7499429226904155, 0.4751826791358584, -0.040213819532176176]], "inverted": true, "swapped": false, "error_lsq": 0.0447679969597684, "error_max": 0.26237352353655335, "target": "170.xyz", "model": "2.xyz", "model_rescale": 3.795458400668931, "target_rescale": 3.754992477469967},
{"mapping": [6, 1, 7, 5, 9, 8, 4, 0, 2, 10, 11], "R": [[-0.005121293250120812, -0.949329227375768, -0.31424161151186425], [0.13987304572230372, 0.3104763896372952, -0.9402339828777498], [0.9901562015337846, -0.048769145244895395, 0.1311955297876787]], "T": [-0.03570672202578946, -0.005103274671545236, 0.036416614480125856], "aligned_model": [[-0.11263677901688904, -0.6405559313724454, -0.3507909991861713, 0.6392178412042566, 0.2687114317891152, -0.388512235737074, 0.30807463075346747, -0.3754553565266625, -0.1112292519855416, 0.4570990182489262, -0.07402802978383582], [0.566479048165509, 0.07003624844040306, -0.32824034271221814, 0.13773547261821104, 0.1912071761617127, 0.5708626691788125, -0.5379127944845037, -0.6815060572725946, 0.20573074764316487, -0.258803481007541, -0.13233730458645396], [0.15754345367131184, 0.19383430083996722, -0.579705638129183, -0.09736881735252366, -0.7531063030649199, -0.3564630592761253, -0.05783374573958461, 0.23455314624570012, 0.7696087270386675, 0.5178617754876134, 0.0037759328449940635]], "inverted": true, "swapped": false, "error_lsq": 0.04108884309503381, "error_max": 0.1670152325765598, "target": "170.xyz", "model": "3.xyz", "model_rescale": 3.7530521520055578, "target_rescale": 3.754992477469967},
{"mapping": [2, 9, 6, 1, 0, 4, 7, 8, 3, 5, 10], "R": [[0.594065584905037, -0.16712345114638577, 0.7868645581727254], [-0.6649023033141785, 0.4485450272036814, 0.59725395404162], [-0.4527593266614582, -0.8779960766699193, 0.15534439633695418]], "T": [-0.05556094907608655, 0.0054312959491385655, 0.07405001609660805], "aligned_model": [[0.07978265564978587, -0.4874826459438333, -0.4559953948907328, 0.6792307120232755, 0.1785403124060994, -0.4491074474225109, 0.2439090879538689, -0.33771618172821927, -0.06901478941458011, 0.25738580485624074, -0.019637775102248435], [0.6689095393285444, -0.12258734354984606, -0.2391563953481232, 0.2860911001382589, 0.06532058345067757, 0.39947696813045397, -0.4802257010616961, -0.8568004887981358, 0.4509084777499664, -0.3902803553748196, 0.021594997479221115], [0.02080800027268344, 0.3813261859486181, -0.4970582560470473, 0.15302570793350886, -0.7145121300814441, -0.40507425409434533, -0.10926915564792719, -0.061686000172661404, 0.6916573830939907, 0.586920721245378, -0.013438429884836317]], "inverted": true, "swapped": false, "error_lsq": 0.05154378426237916, "error_max": 0.30012883832040854, "target": "170.xyz", "model": "4.xyz", "model_rescale": 3.7855080009869324, "target_rescale": 3.754992477469967},
{"mapping": [14, 13, 8, 3, 10, 15, 7, 6, 12, 1, 16], "R": [[-0.27445597649551423, -0.250007287598654, -0.9285312450927314], [0.8921268691793626, -0.4265621154450285, -0.14884357881780247], [-0.3588642727468463, -0.8692186823893207, 0.3401107406878692]], "T": [0.08215071507455815, -0.0456640465320004, 0.063881862045676], "aligned_model": [[-0.07388317079363424, -0.6320528290547062, -0.41602689767417667, 0.6806650355386538, 0.2115384872737196, -0.3697269082247101, 0.2026373332317527, -0.22795179322499595, -0.19898779744746278, 0.3600499769572161, 0.0836329018054892], [0.5946000298279586, -0.03725230964356124, -0.15688893604570056, 0.2637165684891777, -0.0016556537537731827, 0.43783432957937446, -0.6557099142255434, -0.6161678242891931, 0.17883298047897303, -0.21182576019753438, 0.007767871924324182], [0.2168940756649491, 0.18516738925777254, -0.42063641838578214, -0.1048808371735527, -0.6518599488363626, -0.42739610463400746, -0.3540852252123803, 0.13050724743337394, 0.6414868175734942, 0.748181667793257, 0.0693211090851559]], "inverted": false, "swapped": false, "error_lsq": 0.04141487067185456, "error_max": 0.18195619371380378, "target": "170.xyz", "model": "5.xyz", "model_rescale": 4.2253639853439635, "target_rescale": 3.754992477469967},
{"mapping": [5, 4, 1, 11, 8, 10, 9, 0, 6, 7, 13], "R": [[0.43253763978508947, 0.6066901498851536, 0.6669619570871149], [-0.7993733118432149, -0.08411019657365497, 0.5949182995547806], [0.4170293736440574, -0.7904761456645428, 0.44859108846852297]], "T": [-0.034929178157651994, -0.010485070052688016, 0.041209204318064116], "aligned_model": [[0.07647017540773372, -0.7307816189250862, -0.49951274919898636, 0.6685545056704136, 0.22376332736914195, -0.42609315998099867, 0.19849380871857025, -0.1572855941415487, 0.15190932620808123, 0.17601123630233917, -0.06163491904251426], [0.6077498891133913, -0.0893967187929366, -0.29894307302352724, 0.3087598477332187, 0.1411660483033308, 0.48627236674707336, -0.448178363886746, -0.7862036005323486, 0.26724341493630216, -0.3742861767327606, -0.010932251720495932], [-0.037001956911106484, 0.14355002988453075, -0.4483414753861147, 0.13473555284484323, -0.6340277922130277, -0.4156663396732672, -0.31450798280656594, 0.20354317570006203, 0.5904598119965676, 0.713923194326235, 0.09603355480376113]], "inverted": false, "swapped": false, "error_lsq": 0.05029506671867665, "error_max": 0.23850335338754142, "target": "170.xyz", "model": "6.xyz", "model_rescale": 3.89814844738969, "target_rescale": 3.754992477469967},
{"mapping": [0, 5, 10, 7, 4, 2, 11, 9, 6, 8, 12], "R": [[-0.23289201577849833, 0.8147640938444096, -0.5309621270566531], [-0.3605003764458662, 0.43474847393550375, 0.825247382905962], [0.9032169105862757, 0.3836055732033211, 0.19247331409401938]], "T": [0.05195616183196406, 0.09313620144246781, 0.028919818770447317], "aligned_model": [[0.03841935709834799, -0.6832928402209193, -0.40927973172875926, 0.6767245570092204, 0.21539222378947065, -0.3797823476624105, 0.42078289506342426, -0.4187969617821128, -0.15723112628571478, 0.3450049601911747, -0.02804664708457564], [0.6675251026196952, 0.0004687493304781354, -0.26989534676850707, 0.28800718766852673, 0.15574136753904474, 0.3544631600577902, -0.5891335768708733, -0.621511832964422, 0.11607465837892425, -0.34403030311673766, 0.04554221627058277], [0.17350381716006863, 0.2600004374387793, -0.4119579517588798, -0.025526766621793484, -0.5914550962721549, -0.4679281707005856, -0.20306112802709342, 0.2850751672614991, 0.6716408754592132, 0.45400171839267617, -0.11159312976581202]], "inverted": true, "swapped": false, "error_lsq": 0.035956480046474566, "error_max": 0.16413807201521707, "target": "170.xyz", "model": "7.xyz", "model_rescale": 3.7474275329858107, "target_rescale": 3.754992477469967},
{"mapping": [10, 1, 13, 7, 11, 12, 8, 2, 0, 3, 14], "R": [[-0.4712776874454522, -0.6320631010011792, 0.6151370397471122], [-0.7053999114188167, 0.6887819605357671, 0.16730324506963679], [-0.5294415041214587, -0.3550713269095078, -0.7704648249727752]], "T": [0.030219496750783316, -0.026990633082938534, -0.026132224924751757], "aligned_model": [[0.14199293639387456, -0.61119529316237, -0.4943161919112324, 0.6136395414806801, 0.22166614607023036, -0.37350190407475414, 0.3107965193791839, -0.3498923386352171, -0.10599512501816646, 0.2806376538593948, -0.013937605994477735], [0.7186864653299379, -0.09992679379195722, -0.21660339402943904, 0.3203026401421449, 0.2978291367463867, 0.32044521771427203, -0.6466375219046566, -0.7225240968786912, 0.22063143254409157, -0.3240076466579009, -0.0649440570696866], [0.05593922432020812, 0.35866538914210605, -0.7311294879681475, -0.0798543405196363, -0.5204198468436583, -0.33748408198624397, -0.07637745756499446, 0.25730681471096073, 0.5691342087483611, 0.5765336669439932, -0.03961431641703117]], "inverted": false, "swapped": false, "error_lsq": 0.04495136227386295, "error_max": 0.22165749302389773, "target": "170.xyz", "model": "8.xyz", "model_rescale": 4.019505241142653, "target_rescale": 3.754992477469967},
{"mapping": [2, 0, 4, 6, 5, 3, 8, 7, 1, 9, 12], "R": [[0.3025119253450205, 0.8290483081732503, 0.47028229579596215], [0.0217527342857608, 0.48726669505301595, -0.8729822371865333], [-0.9528973468192375, 0.2743174631830486, 0.12936991851924057]], "T": [0.11861257398513836, 0.03790345685461931, 0.09018818430137494], "aligned_model": [[-0.12140734369235973, -0.5274674445092384, -0.449482695666913, 0.637991191170353, 0.2486126927057285, -0.36803379304391054, 0.17182326917338692, -0.47684152739347463, -0.021179246228091253, 0.3914755380304237, 0.13440369784124115], [0.5758087268684455, -0.0041752088644252255, -0.2773340260337358, 0.5367583893307003, 0.1360034923005593, 0.4027298920079196, -0.6197873200714508, -0.6392282457368226, 0.14183709937842282, -0.47965579089173566, 0.03029437385662412], [0.0352289100512731, 0.14897656465583475, -0.42506686441168545, -0.007030364967560168, -0.5609654621754726, -0.5168849524890206, -0.05385484833147257, 0.17087932738845718, 0.7428453279256235, 0.44376743900262494, 0.05480469591731501]], "inverted": false, "swapped": false, "error_lsq": 0.05599401574006529, "error_max": 0.29395629512258914, "target": "170.xyz", "model": "9.xyz", "model_rescale": 3.877068213659057, "target_rescale": 3.754992477469967},
{"mapping": [8, 10, 13, 1, 4, 2, 3, 6, 11, 12, 15], "R": [[0.15971624451246266, -0.6244791156105087, -0.7645368241001558], [-0.8521290284558873, 0.30377597287177205, -0.4261411470025326], [0.49836416414270884, 0.7195456847706931, -0.48361882451597527]], "T": [-0.05842542060863822, 0.00844180539441259, -0.02136207360034466], "aligned_model": [[0.0021506927598186412, -0.6067684457666705, -0.5079202120675981, 0.7401131646859126, 0.28045589533689846, -0.34354151068894856, 0.24748217860035268, -0.25732305100332115, -0.1369097111863197, 0.20560670872547057, -0.0034513710084493956], [0.7476764182052558, -0.08827766227876818, -0.3495348385280231, 0.3463010979347826, 0.02092416977296746, 0.35133739651432616, -0.49673249067747954, -0.5603423564926133, 0.20547949641889549, -0.3989278571195978, 0.025348008394756323], [0.1912071093017699, 0.41815590190626906, -0.5385135512362181, -0.05443527186318199, -0.6071046143360448, -0.5127751246249856, -0.25369978914107366, 0.10989677347177233, 0.6855124843743802, 0.5465571182360007, 0.04789873647722931]], "inverted": false, "swapped": false, "error_lsq": 0.0367415760398443, "error_max": 0.17602263913501134, "target": "170.xyz", "model": "10.xyz", "model_rescale": 4.260839863003843, "target_rescale": 3.754992477469967},
{"mapping": [4, 3, 1, 10, 8, 2, 7, 0, 5, 6, 11], "R": [[-0.4582236123601051, -0.6592534666966168, -0.5961677513285579], [0.8261534259939844, -0.06847934906054265, -0.559268357294284], [0.3278744238181117, -0.7487959971853064, 0.5760233648084114]], "T": [0.017039971469335176, 0.061142402118172956, -0.06110676014683562], "aligned_model": [[0.01635363884448255, -0.6481851114313, -0.47628952155940657, 0.6189311198631599, 0.25357486038456833, -0.4630966184879736, 0.29572755054532274, -0.18501763579360242, -0.08303965497271215, 0.28896318731876874, 0.0019725236758383544], [0.7509034260793646, 0.04254482908249341, -0.29318030833981795, 0.1576826465148768, 0.13543869452272075, 0.4223457204436031, -0.5136611276851766, -0.7315233326057533, 0.20630446139771744, -0.37839396418846794, 0.0047903369229416876], [0.1845192103301443, 0.1857996811822487, -0.45397069499323905, 0.08634092121570201, -0.7350093601711563, -0.39180018910531117, -0.2078710769156623, 0.2565219945287807, 0.5912144392364438, 0.599287729556315, -0.08233288229834838]], "inverted": true, "swapped": false, "error_lsq": 0.033428148880556195, "error_max": 0.15071129376714773, "target": "170.xyz", "model": "11.xyz", "model_rescale": 3.890672605050136, "target_rescale": 3.754992477469967},
{"mapping": [7, 5, 6, 4, 0, 8, 11, 9, 12, 10, 13], "R": [[-0.7852059164803903, -0.6043239299535192, 0.13507130120689761], [-0.6109496129056353, 0.7204837322746601, -0.3280910879893427], [0.10095662045970505, -0.34014082262073475, -0.9349395603846514]], "T": [0.009424999640162982, -0.08725681030388652, -0.16764518738017004], "aligned_model": [[-0.17755249036531828, -0.6058653951845656, -0.29765605927817873, 0.6118558419414865, 0.24809048837923403, -0.4290467027816022, 0.2137092858707615, -0.492112492231896, -0.0036049785350093094, 0.5037964344121473, 0.048280406160086595], [0.6075318360779901, 0.10996016947343226, -0.3807061600882182, 0.2389359951327075, 0.21307449409070514, 0.3768485855559205, -0.5897604302988758, -0.548171870450129, 0.07060044830477666, -0.32950573084979207, 0.03444404519598457], [0.2898177350151769, 0.2653621737108417, -0.5570640445331079, -0.02022613246981045, -0.6165710518976861, -0.5016209253422319, -0.07534022442346609, 0.20896849744616697, 0.5603956441110212, 0.5369489152196143, -0.05797081427060066]], "inverted": true, "swapped": false, "error_lsq": 0.050445136145510314, "error_max": 0.23111520328585478, "target": "170.xyz", "model": "12.xyz", "model_rescale": 4.124412569039231, "target_rescale": 3.754992477469967},
{"mapping": [3, 8, 10, 0, 5, 7, 4, 2, 6, 1, 12], "R": [[0.2470306197890958, 0.44425367171218233, -0.8611704523826047], [0.7756531733713952, 0.44202549484519205, 0.4505281528891929], [0.58080808149121, -0.779263843044901, -0.23539293829125868]], "T": [-0.06769917159421777, 0.11576594132370902, -0.009108222137302347], "aligned_model": [[0.17213250531733593, -0.5492799785781718, -0.47152305176596243, 0.507585523699774, 0.27720049670039415, -0.31330714996078135, 0.3291039309154374, -0.2621913755030282, -0.1658895582129547, 0.21302214396948627, -0.11695914819438369], [0.7422991330699639, -0.15616992003182398, -0.2935532546470542, 0.18874570463999793, 0.14316699100216185, 0.38581614838768363, -0.5121063035153961, -0.7129746748616139, 0.30099147402873305, -0.2995215265045488, 0.016557610576398415], [0.23315259218472098, 0.4480864131680023, -0.47170279831648276, -0.031218556843562492, -0.6829325912120622, -0.5188407805867684, -0.26717797578724467, 0.12414824994711841, 0.6262365384406714, 0.6324493831965524, -0.05950070162502753]], "inverted": true, "swapped": false, "error_lsq": 0.04150354961620667, "error_max": 0.22272782830313512, "target": "170.xyz", "model": "13.xyz", "model_rescale": 3.9028299243045295, "target_rescale": 3.754992477469967},
{"mapping": [3, 1, 14, 4, 10, 9, 13, 12, 2, 8, 15], "R": [[0.4035009839366235, -0.8832849538992542, 0.23873551511530378], [-0.9010450670285812, -0.4289543056359301, -0.0641559884956717], [0.15907464645768166, -0.18922445373574154, -0.9689630348794397]], "T": [-0.02191019234062451, 0.062268652396828064, 0.07521307737585398], "aligned_model": [[0.11928361845770348, -0.6295679535441778, -0.32404046546866416, 0.5859114748880063, 0.27779543915780364, -0.4969488225437344, 0.17378051827384455, -0.20256237385135367, -0.14822020877305087, 0.33308360773141815, -0.06862049594064996], [0.6511854068580858, 0.063746782367778, -0.33153942459855024, 0.3165916637768354, 0.04715663273235297, 0.33644616697815577, -0.616144907340998, -0.5984438590614682, 0.15045676817377351, -0.33681932890512334, 0.1206154811636605], [0.22330362179113988, 0.3053187403302465, -0.6573735382101336, -0.08364503734517867, -0.6069165022193748, -0.4725190166047902, -0.2909993466874062, 0.19794879132567106, 0.7952258588876386, 0.6330798577530043, -0.010723656454899436]], "inverted": false, "swapped": false, "error_lsq": 0.0426820167334832, "error_max": 0.18559381380804427, "target": "170.xyz", "model": "14.xyz", "model_rescale": 3.942246331269136, "target_rescale": 3.754992477469967},
{"mapping": [5, 12, 8, 9, 7, 0, 11, 13, 3, 4, 14], "R": [[-0.7777472270667687, -0.6264209551017739, 0.052019590534085], [0.05079008373567828, 0.01985938081530969, 0.9985118789417358], [-0.6265218417454217, 0.7792319243992858, 0.016370394403032562]], "T": [0.05863642402190205, -0.003103241125013298, 0.04583593382287891], "aligned_model": [[0.08975652674865038, -0.6977382361763158, -0.22724905844712517, 0.7342919310358624, 0.21385495322619558, -0.3808406406387781, 0.20639860142341568, -0.3660449453130792, -0.14061940657943742, 0.20252641354526224, -0.014441800437504752], [0.5979817450190935, -0.09834632521261359, -0.3034548034588838, 0.34638141704570286, 0.30211051834581915, 0.3504484865792552, -0.686743572251195, -0.6448598109498329, 0.20449865260669253, -0.3187579029008369, 0.053992977321300956], [0.24710177003839218, 0.3406280410887643, -0.6075394224654082, -0.21781613932915894, -0.7375740976104542, -0.42594639770599113, -0.1120034188234061, 0.30798872540016303, 0.7044302688964706, 0.5184052751229282, 0.015025167953617635]], "inverted": true, "swapped": false, "error_lsq": 0.04861720282624153, "error_max": 0.23214797983973362, "target": "170.xyz", "model": "15.xyz", "model_rescale": 4.355366556412066, "target_rescale": 3.754992477469967},
{"mapping": [5, 10, 6, 0, 4, 3, 2, 8, 9, 1, 11], "R": [[0.15455427610549494, 0.9838844099234257, -0.08991353428232807], [0.6930980636693111, -0.1728296153768878, -0.6998178321438581], [-0.704079576379942, 0.04584094194396493, -0.7086399354865149]], "T": [-0.08659668693433475, 0.050699884438631715, 0.08464592693018241], "aligned_model": [[0.1491704451362776, -0.6337172416996297, -0.5119274352798946, 0.6121997106538015, 0.2017999697077481, -0.4094912670169935, 0.4263927464297834, -0.2417119570519502, -0.019361725419058312, 0.14444967388781954, -0.0979085809607581], [0.6500865523600123, -0.2028341913298347, -0.2565665454194949, 0.172407856027992, 0.08331283852945981, 0.46084712537686273, -0.5629397737769143, -0.6986592419935767, 0.3713412302043647, -0.24711866389623738, 0.033374196061868304], [0.0544902695786742, 0.2679908738658284, -0.5484236257996558, 0.05663123514369012, -0.6295623723774364, -0.313519038559138, -0.16236341068050564, 0.12254405910036303, 0.7499429226904155, 0.4751826791358584, -0.040213819532176176]], "inverted": true, "swapped": false, "error_lsq": 0.0447679969597684, "error_max": 0.26237352353655335, "target": "170.xyz", "model": "16.xyz", "model_rescale": 3.795458400668931, "target_rescale": 3.754992477469967},
{"mapping": [0, 5, 10, 7, 4, 2, 11, 9, 6, 8, 12], "R": [[-0.23289201577849833, 0.8147640938444096, -0.5309621270566531], [-0.3605003764458662, 0.43474847393550375, 0.825247382905962], [0.9032169105862757, 0.3836055732033211, 0.19247331409401938]], "T": [0.05195616183196406, 0.09313620144246781, 0.028919818770447317], "aligned_model": [[0.03841935709834799, -0.6832928402209193, -0.40927973172875926, 0.6767245570092204, 0.21539222378947065, -0.3797823476624105, 0.42078289506342426, -0.4187969617821128, -0.15723112628571478, 0.3450049601911747, -0.02804664708457564], [0.6675251026196952, 0.0004687493304781354, -0.26989534676850707, 0.28800718766852673, 0.15574136753904474, 0.3544631600577902, -0.5891335768708733, -0.621511832964422, 0.11607465837892425, -0.34403030311673766, 0.04554221627058277], [0.17350381716006863, 0.2600004374387793, -0.4119579517588798, -0.025526766621793484, -0.5914550962721549, -0.4679281707005856, -0.20306112802709342, 0.2850751672614991, 0.6716408754592132, 0.45400171839267617, -0.11159312976581202]], "inverted": true, "swapped": false, "error_lsq": 0.035956480046474566, "error_max": 0.16413807201521707, "target": "170.xyz", "model": "17.xyz", "model_rescale": 3.7474275329858107, "target_rescale": 3.754992477469967},
{"mapping": [5, 3, 7, 4, 9, 12, 2, 1, 8, 0, 13], "R": [[0.7456835732847853, -0.5977819865376188, 0.29430036545062654], [-0.6026440497308498, -0.41668269860696927, 0.6805848058880059], [-0.2842114667940675, -0.6848592740503349, -0.6709632008463751]], "T": [-0.14124193415268013, -0.009829273618569428, -0.012477822118761894], "aligned_model": [[-0.022628275676035592, -0.540700511941482, -0.4461472377781812, 0.5719213805070281, 0.2589096496745841, -0.35540365406578434, 0.22127947256165462, -0.38258358037244905, -0.002700234700722365, 0.3809801758915562, -0.06303284571302291], [0.7025887776986053, -0.10583814927896772, -0.29547645710587805, 0.3508655641906045, 0.1805855430030842, 0.43220854122565966, -0.5881032192721616, -0.6323158175531074, 0.27336171075140403, -0.4338803854681206, -0.08074472604662074], [-0.05261828612353906, 0.5277113315437382, -0.6392614565757457, 0.21229571418388452, -0.5138210911745547, -0.5763698785312458, -0.20743986268504436, 0.1685832980314325, 0.633636343569647, 0.4841177005160824, -0.004134040188737533]], "inverted": false, "swapped": false, "error_lsq": 0.05025582090701288, "error_max": 0.27578872468853133, "target": "170.xyz", "model": "18.xyz", "model_rescale": 3.922800546911778, "target_rescale": 3.754992477469967},
{"mapping": [9, 3, 12, 4, 13, 7, 8, 5, 2, 1, 14], "R": [[-0.1391806130656972, 0.9898458545862167, 0.028878038457256824], [-0.9853409549857671, -0.13552424970765706, -0.10361650529193253], [-0.09865069373498163, -0.04287612272184538, 0.994198007806266]], "T": [0.0756682819909261, -0.04809401259222469, 0.04820709168053738], "aligned_model": [[-0.19014894848349514, -0.5523316067853692, -0.47092629671317576, 0.7182037253688619, 0.21349705446688352, -0.40325110911352513, 0.3699077627209638, -0.2961965601401293, -0.0313794675843691, 0.2481707579225309, 0.014349026727968915], [0.6763875528257032, 0.05637015496118508, -0.2946866840933499, 0.1856565771680569, 0.038990255244279334, 0.4358415531391358, -0.5337801001228011, -0.7130411252353636, 0.32870650250506084, -0.3941321607250186, 0.01693885647761398], [0.30745764089399763, 0.11027657677135261, -0.4607530889424035, -0.18922922584903693, -0.6190509592962463, -0.36970869421784786, -0.17965867226959575, 0.09398478013367931, 0.6479496313765901, 0.6794626023655043, 0.011969181599923676]], "inverted": true, "swapped": false, "error_lsq": 0.043033433254537894, "error_max": 0.23711180303717036, "target": "170.xyz", "model": "19.xyz", "model_rescale": 3.9282355846067225, "target_rescale": 3.754992477469967},
{"mapping": [4, 1, 10, 8, 9, 11, 7, 2, 3, 6, 13], "R": [[-0.21171118736684635, -0.973329619925914, 0.0883618929097604], [0.9514350705963486, -0.22593227564762042, -0.2091074203848569], [0.2234942495525146, 0.039800223561728534, 0.9738923259895803]], "T": [0.05418090157098241, -0.059052759625455434, 0.016574904467872673], "aligned_model": [[0.07712189316556685, -0.6173528474424127, -0.5699445233714384, 0.647321337667691, 0.3144434125460858, -0.21994268336404113, 0.29048266485240826, -0.45479785695982566, -0.21271874051388354, 0.47135114303349385, -0.10606946122649849], [0.555045539493841, -0.14597913376282773, -0.2556468625848804, 0.3994376723250646, 0.10593990459737336, 0.4624352764575188, -0.6271152229422392, -0.7049576417071742, 0.22767681488875802, -0.15214667283089034, -0.06143829179004209], [0.1639683740086112, 0.33749082137128317, -0.5438290227252609, -0.11223707480819413, -0.6026711462836617, -0.3911868638854737, -0.0812222878240303, 0.06621074864641024, 0.659152371622943, 0.5106868017333333, 0.02633705070995716]], "inverted": true, "swapped": false, "error_lsq": 0.046058862182116724, "error_max": 0.2366101593178875, "target": "170.xyz", "model": "20.xyz", "model_rescale": 4.067790424073018, "target_rescale": 3.754992477469967},
{"mapping": [13, 6, 3, 9, 12, 11, 0, 2, 5, 8, 14], "R": [[-0.5705121074012455, -0.7602100453656984, 0.3107999714183917], [-0.07548497054535225, -0.32829130268387413, -0.9415555426016528], [0.8178129092465816, -0.5606295635330055, 0.12990973005296647]], "T": [0.017256262327589762, -0.0019239246222166155, 0.1099834189605892], "aligned_model": [[-0.08780067097235883, -0.7174016186260738, -0.41299185996093796, 0.6677210465321644, 0.21585502845258175, -0.2922633410879712, 0.2677531853837211, -0.35314215658090437, -0.021091104215522613, 0.3052099208829241, 0.04804590857952298], [0.6745376523775469, -0.02955904892938292, -0.3107411983976679, 0.2886251318665162, 0.09639038105720156, 0.3655303473390878, -0.6371280163752769, -0.6467442744557527, 0.1777182913620526, -0.2346545341180222, 0.059276650418199225], [0.25656541200817007, 0.19407266055885758, -0.5557969211936648, -0.20070406027231108, -0.6234378067276862, -0.3226910858325747, -0.0855289409569855, 0.08289727398615414, 0.6709863374675745, 0.5436734587970631, 0.0726634447313203]], "inverted": true, "swapped": false, "error_lsq": 0.03735390728566667, "error_max": 0.18154899240266806, "target": "170.xyz", "model": "21.xyz", "model_rescale": 4.186013935880536, "target_rescale": 3.754992477469967},
{"mapping": [11, 9, 7, 5, 6, 4, 0, 1, 8, 2, 12], "R": [[-0.7934267231626919, 0.46783370682283876, 0.38936571206478304], [-0.4624079653213867, -0.04732695296512751, -0.8854033166474882], [-0.3957940229193066, -0.8825484588867849, 0.253880501689107]], "T": [-0.07283874038401172, 0.03685781660275128, -0.01908259337194279], "aligned_model": [[-0.0852480041677098, -0.565900273722376, -0.5131653931969771, 0.6849241613373452, 0.12357138340613161, -0.33075441671567507, 0.33764497407764626, -0.23710812176376583, -0.08686064270773697, 0.35062875783671443, -0.05783808599645078], [0.6456781885348395, -0.010249783626010228, -0.2863836787896548, 0.12390328912438303, 0.002550176236689544, 0.46127734285713157, -0.5266628828008504, -0.6747871369251774, 0.2332762120055799, -0.2373668772911341, 0.07201653281870495], [0.14869625989830612, 0.3552460838370582, -0.5089306456900723, 0.11036719072664586, -0.538792991673197, -0.5491427016661379, -0.20812222549126125, 0.022151693231453287, 0.721789413729296, 0.5242177821796261, -0.044780086515799754]], "inverted": true, "swapped": false, "error_lsq": 0.03895095084497235, "error_max": 0.215499337084397, "target": "170.xyz", "model": "22.xyz", "model_rescale": 4.166573947596378, "target_rescale": 3.754992477469967},
{"mapping": [2, 12, 9, 0, 8, 3, 10, 14, 6, 5, 15], "R": [[0.9910547823168399, -0.057812998554364566, 0.12028331407586965], [-0.08903089242006501, 0.385011382481819, 0.918607498093895], [-0.09941789900117623, -0.9210992848534796, 0.37642022900024963]], "T": [-0.07090344291466802, 0.013599171070889166, -0.03031503676100441], "aligned_model": [[-0.17025710769520824, -0.6095723200245813, -0.37848198398695565, 0.708097222442786, 0.2971989123435128, -0.2973468349230769, 0.1805474607570767, -0.4172846987615628, -0.1566610396158366, 0.49046209870645674, -0.02680737085546496], [0.6402185317034487, -0.11573867841545347, -0.19081121221890968, 0.2579189424213738, 0.06494535612883716, 0.4438456075870546, -0.6852454957004824, -0.6885008398298208, 0.2540572400192364, -0.2136245333200319, 0.036186463769249375], [0.19393095621146775, 0.3196691296702932, -0.5036658607354162, -0.04520045035637787, -0.7486070146881987, -0.3839222285670134, -0.12690596734950307, 0.08393628056792904, 0.6865762964635892, 0.5391584903187308, 0.01773014103041661]], "inverted": true, "swapped": false, "error_lsq": 0.03806236094223626, "error_max": 0.19494037760362404, "target": "170.xyz", "model": "23.xyz", "model_rescale": 4.274766983524099, "target_rescale": 3.754992477469967},
{"mapping": [2, 0, 6, 4, 5, 3, 7, 8, 1, 9, 10], "R": [[0.42404696691422766, -0.594093377236125, -0.683547532345059], [0.68089969856164, -0.2885078237456718, 0.6731558780373268], [-0.5971262599731417, -0.7508770170685157, 0.2821771338871674]], "T": [-0.13149591140015404, -0.05705678440177596, -0.016127907835933188], "aligned_model": [[0.05248119465139295, -0.8122020562042322, -0.4492530575570244, 0.4599353496721095, 0.33974321230861265, -0.27858727249207876, 0.2901277567482535, -0.2729403025643702, -0.03570789532586496, 0.45815130181770325, -0.13185389266735548], [0.8611213275193432, 0.08679576378345395, -0.3274427339513304, 0.31408190157219784, 0.028103876028802613, 0.3782208225035939, -0.5030775226069429, -0.7542462857150973, 0.15616689367320663, -0.36172996148679526, -0.07474269917593071], [0.2109687676298251, 0.23310076420408954, -0.5461627090227379, -0.028200443215980663, -0.6771288902962713, -0.3400288498085969, -0.17211335597067876, 0.18118253580814545, 0.592430798936501, 0.5197413627428273, 0.05890979155879463]], "inverted": true, "swapped": false, "error_lsq": 0.0445236788300601, "error_max": 0.2164151524902358, "target": "170.xyz", "model": "24.xyz", "model_rescale": 3.7841303162186577, "target_rescale": 3.754992477469967},
{"mapping": [8, 12, 3, 0, 6, 4, 11, 13, 9, 10, 15], "R": [[0.5125260275253456, 0.3605102357105881, -0.7793262738141099], [-0.4883186407083691, -0.6241715566727974, -0.6098809498397106], [-0.7063016184646752, 0.6931394071819559, -0.1438603001721719]], "T": [0.021022922669561336, 0.07179983515759544, 0.07225467806960287], "aligned_model": [[0.09550172612476858, -0.6745655280131214, -0.44871139981839864, 0.6682228811527356, 0.11938081688579742, -0.2999492214908143, 0.22055638044668796, -0.35596750243474035, -0.2139784676680817, 0.4907068749768931, 0.018697778225419487], [0.6405098274456018, -0.11890014721907846, -0.24319241647840387, 0.42016756673843225, -0.054535941757689055, 0.44610185252787593, -0.6218810756796487, -0.6136752420705854, 0.1454781381489803, -0.24907386512658317, 0.05225268561560027], [0.21536175737219826, 0.3066947139562596, -0.5014450999669691, 0.039056987122900455, -0.6322958512464911, -0.48772677280532073, -0.18931894890796705, 0.07079346291161198, 0.6028077505645306, 0.6030014714542657, 0.005770302110898601]], "inverted": false, "swapped": false, "error_lsq": 0.04209197056350857, "error_max": 0.22614242492023248, "target": "170.xyz", "model": "25.xyz", "model_rescale": 4.19342608120988, "target_rescale": 3.754992477469967},
{"mapping": [5, 10, 6, 0, 4, 3, 2, 8, 9, 1, 11], "R": [[0.15455427610549494, 0.9838844099234257, -0.08991353428232807], [0.6930980636693111, -0.1728296153768878, -0.6998178321438581], [-0.704079576379942, 0.04584094194396493, -0.7086399354865149]], "T": [-0.08659668693433475, 0.050699884438631715, 0.08464592693018241], "aligned_model": [[0.1491704451362776, -0.6337172416996297, -0.5119274352798946, 0.6121997106538015, 0.2017999697077481, -0.4094912670169935, 0.4263927464297834, -0.2417119570519502, -0.019361725419058312, 0.14444967388781954, -0.0979085809607581], [0.6500865523600123, -0.2028341913298347, -0.2565665454194949, 0.172407856027992, 0.08331283852945981, 0.46084712537686273, -0.5629397737769143, -0.6986592419935767, 0.3713412302043647, -0.24711866389623738, 0.033374196061868304], [0.0544902695786742, 0.2679908738658284, -0.5484236257996558, 0.05663123514369012, -0.6295623723774364, -0.313519038559138, -0.16236341068050564, 0.12254405910036303, 0.7499429226904155, 0.4751826791358584, -0.040213819532176176]], "inverted": true, "swapped": false, "error_lsq": 0.0447679969597684, "error_max": 0.26237352353655335, "target": "170.xyz", "model": "26.xyz", "model_rescale": 3.795458400668931, "target_rescale": 3.754992477469967},
{"mapping": [9, 10, 7, 1, 0, 3, 6, 5, 11, 8, 12], "R": [[0.7129909159943437, -0.47484488291962323, 0.5159130652295948], [0.6986617488836382, 0.4188980890289373, -0.5799966824515125], [0.059293459642719565, 0.7739810903200116, 0.6304264885540926]], "T": [0.019767048745791854, 0.15088326916665631, 0.08873750302895171], "aligned_model": [[0.09684911886845458, -0.6487431347412465, -0.49356141048638047, 0.6032864211153839, 0.14743026093298986, -0.38802015972427273, 0.4089500512228439, -0.17581172069263903, -0.20948043950983444, 0.3357474692168776, -0.056752117815031033], [0.5731703064591462, -0.06667962041775374, -0.2443161006872411, 0.08848377608091074, 0.16296475047609985, 0.4559342155645071, -0.5522133911812351, -0.575967013538004, 0.2392185781906966, -0.3222483000829033, 0.044904181280278066], [0.09904782386510418, 0.20469849715645996, -0.4016903200386454, 0.011506577336788296, -0.7327424627379135, -0.44579974689646246, -0.09935459267539905, 0.10600247790118848, 0.7604644222762363, 0.5437700317173273, -0.013202935338766889]], "inverted": false, "swapped": false, "error_lsq": 0.04118594739956601, "error_max": 0.1869627164568824, "target": "170.xyz", "model": "27.xyz", "model_rescale": 3.6321398670334006, "target_rescale": 3.754992477469967},
{"mapping": [6, 9, 8, 4, 7, 12, 3, 0, 13, 2, 14], "R": [[0.04601814445611972, 0.8502454625372756, -0.5243710364003624], [-0.941524384664646, 0.2123169276503608, 0.26163592130090163], [0.33378760232021176, 0.481668117761479, 0.8102972669764095]], "T": [-0.09477923179965567, -0.14000945575587734, 0.0311720762569809], "aligned_model": [[-0.03345924098909353, -0.6198536398285265, -0.33814597872760666, 0.5733303161699326, 0.18153066603799736, -0.37737458653057376, 0.32017937332078505, -0.17369078865448329, -0.07953880756200862, 0.2275636746604248, -0.06064664950970179], [0.6256111800565779, 0.19575443887381747, -0.22711107391871638, 0.33807155517257836, 0.03413229090237821, 0.42626504814040667, -0.5503541952828125, -0.7551623247987969, 0.2801877071750698, -0.44191156582729585, -0.12223167834870499], [0.14937672035310318, 0.2722771038206118, -0.4162824470162617, -0.07623104874657566, -0.6718321032694388, -0.500789184157228, -0.33074867576108585, 0.10024890394078911, 0.7309430428223921, 0.6932852314817571, 0.08245222909785413]], "inverted": true, "swapped": false, "error_lsq": 0.0449760298135698, "error_max": 0.25425450576036884, "target": "170.xyz", "model": "28.xyz", "model_rescale": 4.156811204709835, "target_rescale": 3.754992477469967},
{"mapping": [7, 6, 2, 5, 3, 9, 1, 8, 0, 10], "R": [[0.024541529527922414, 0.5524828624504713, -0.8331628892521341], [-0.7999165930725666, 0.5107256009033606, 0.31510760814217065], [0.5996091705899842, 0.658727597175369, 0.454474196477596]], "T": [-0.058475935879484894, -0.06374895940058622, 0.0035508396217207028], "aligned_model": [[-0.5961084666364992, -0.2020067731314385, 0.21833645097204263, 0.5620266571163826, 0.11345751477771358, -0.7429478153831579, -0.34409661353705306, -0.4838674246906059, 0.19452949906166855, -0.07639765443846475], [-0.10999899391508226, -0.6779416170537846, -0.022857592090119727, 0.3225012657801038, -0.4784231362222152, -0.3188210396702816, 0.5310428943749017, 0.31958068693965835, 0.3531530907806161, 0.000484771702407516], [-0.5489521680724161, -0.30509025907521714, -0.7008960524027932, -0.1130404101477045, 0.5521147280220622, 0.27768481766876524, -0.30007153663506647, 0.4107406845986457, 0.5073996222043833, -0.021102699185559612]], "inverted": false, "swapped": true, "error_lsq": 0.05881836657502839, "error_max": 0.2616951284184378, "target": "170.xyz", "model": "29.xyz", "model_rescale": 4.117894457231895, "target_rescale": 3.754992477469967},
{"mapping": [12, 9, 6, 4, 7, 10, 8, 5, 3, 0, 14], "R": [[-0.6495672991474175, 0.49734930287400886, 0.5750704259558708], [-0.6417753579392866, -0.7642192696874086, -0.0639788854259323], [0.40766004687757895, -0.4106246202667118, 0.8155983738400836]], "T": [-0.05994814501477304, 0.04799426985980522, 0.048926705268468824], "aligned_model": [[0.013152231964099662, -0.6668524721245692, -0.3938767549840629, 0.6541882017032944, 0.2190862579120742, -0.3902364395947395, 0.15069257112294515, -0.3429870205357111, 0.14336220596206828, 0.30059845901706034, -0.06723290205531351], [0.7831968533817144, -0.09549119876471267, -0.29899964159500936, 0.34633903901594826, 0.15738459240033836, 0.30415266034288707, -0.5630744749439279, -0.7184121145051963, 0.1757056311634751, -0.35428058978886157, 0.06673062543784626], [0.2536494908338507, 0.07897783901363625, -0.37519161795847444, 0.025953478023483863, -0.5317429255646208, -0.5338369570696415, -0.24092698969870702, 0.21763361229471687, 0.5409743761718614, 0.5988935541224697, -0.0016840876026575219]], "inverted": true, "swapped": false, "error_lsq": 0.04649997299410227, "error_max": 0.2526773834204056, "target": "170.xyz", "model": "30.xyz", "model_rescale": 4.100398675895297, "target_rescale": 3.754992477469967},
