[{"mapping": [9, 2, 4, 3, 7, 8, 6, 0, 11, 1, 5, 13], "R": [[-0.29956295909144737, -0.9486606474269819, 0.101513593000127], [-0.016024329920112212, 0.11138762608136754, 0.9936478337955399], [-0.9539419554621693, 0.2960333980809886, -0.04856925807170326]], "T": [0.037214681017172346, 0.105271441764659, 0.21800426979323229], "aligned_model": [[-0.02166785972001127, -0.5769178403478994, 0.027677116426660528, -0.31872188284913594, 0.35066697130713703, 0.5892332767823516, 0.012757370296577558, -0.6093275911449267, 0.734315053356501, -0.21261785673000982, 0.38157734876543165, 0.137337679862241], [-0.5631429025010435, -0.21530808169938506, -0.5045122651477635, 0.32720220001287426, -0.5568187292926552, -0.12218591411155197, 0.19232671969191606, -0.10399484091167652, 0.11468413724897855, 0.48558003273224937, 0.7492262076035981, -0.02212795077592747], [0.5121101734068989, -0.11565462900470136, -0.5178470006798893, -0.09385500430992783, 0.03151365454211277, -0.2860966653476801, -0.5411857609138216, 0.5835219134479878, 0.2500091583474774, 0.5729594671661129, 0.020171327500457414, 0.2011329290652654]], "inverted": true, "swapped": false, "error_lsq": 0.04401240985607615, "error_max": 0.3217263947668988, "target": "172.xyz", "model": "0.xyz", "model_rescale": 3.8414455957264533, "target_rescale": 3.8475663616506934},
{"mapping": [0, 5, 2, 10, 7, 9, 6, 1, 13, 12, 8, 14], "R": [[0.08075929370510485, 0.4093557792143252, 0.9087935863022394], [0.7214574383166006, 0.6051032741664415, -0.3366737178496437], [-0.6877333067242721, 0.6828454243947788, -0.2464650587917347]], "T": [0.011503400361608664, -0.09114359991229629, 0.081160899848353], "aligned_model": [[0.1944874836684314, -0.5071155665608332, -0.08740629733126884, -0.4087905109764306, 0.4232508463814355, 0.6358556901280463, -0.0446726419646815, -0.5697514981754503, 0.6147960239730118, -0.06015277703360263, 0.36589971105325003, -0.06208867715699052], [-0.5800828192561737, -0.06073068787442926, -0.48923407726982615, 0.43183011776669455, -0.5785544149489364, -0.09040290809698318, 0.16014470623235424, -0.23181324931577074, 0.11209782028754359, 0.5704387579418501, 0.6109484842718093, -0.07371311688851855], [0.5841247499916099, -0.32434151310645265, -0.532309206316559, -0.0538680567482888, 0.004677305420595204, -0.19396334414421595, -0.656216624386791, 0.7063430203797377, 0.49295931661382814, 0.45460931647952235, 0.005184865503673766, 0.12957973353363242]], "inverted": false, "swapped": false, "error_lsq": 0.03556670263318406, "error_max": 0.22619523166832994, "target": "172.xyz", "model": "1.xyz", "model_rescale": 4.316132596720782, "target_rescale": 3.8475663616506934},
{"mapping": [10, 9, 1, 5, 8, 2, 0, 7, 6, 3, 4, 11], "R": [[0.09063239213412988, -0.15404888444663012, -0.9838977135336752], [-0.9805110132982613, -0.18672659105956324, -0.06108463793861252], [-0.17430984566817231, 0.97025879093777, -0.16797010540901172]], "T": [-0.0007618156274029411, -0.053723389790421364, 0.0368140898994047], "aligned_model": [[0.054786493137330264, -0.6636291100763401, -0.002333730596511284, -0.43661630243547495, 0.5508797203675254, 0.6565437261907604, -0.0435963413665706, -0.675085539586127, 0.6139341204892301, -0.08631168772567124, 0.43537183362124315, 0.09036860398552296], [-0.5203656630589664, -0.32009819393551764, -0.440756486321089, 0.4082616641073786, -0.5853949479690815, -0.07644181019413249, 0.2706108101529718, -0.012195860828793571, 0.07928160253664589, 0.3764628679796069, 0.5789589702640465, 0.022605660116544482], [0.4568083431713176, -0.16219073139550805, -0.3437120914311576, -0.0743639574899844, 0.04410009030588377, -0.4810263293558833, -0.5931752661521277, 0.6233497660731018, 0.5664880850485745, 0.5253199873550034, -0.025074539150773664, 0.08025620624184565]], "inverted": false, "swapped": false, "error_lsq": 0.03824552577005087, "error_max": 0.23575045572887043, "target": "172.xyz", "model": "2.xyz", "model_rescale": 3.795458400668931, "target_rescale": 3.8475663616506934},
{"mapping": [10, 6, 3, 1, 5, 9, 8, 2, 4, 0, 7, 11], "R": [[0.7636068105482139, 0.6130976332459145, -0.2025239022748731], [0.35086452199808943, -0.6573136671024233, -0.6669578924065723], [-0.5420320341893425, 0.4382351368256804, -0.7170434008928196]], "T": [0.010680735264867961, 0.00737650475355222, 0.1162217702121438], "aligned_model": [[0.05494428416893837, -0.39293481875438596, 0.044269001094131205, -0.4520014754908488, 0.38714787688584645, 0.6263271271469032, -0.17955313454764726, -0.6445187614637791, 0.5159647519292798, 0.02441019723201743, 0.43471839603333545, 0.07553834177112674], [-0.4233327452948151, -0.23383799977873798, -0.4634667862261318, 0.4290543972926022, -0.5823955225179387, -0.10800065782252016, 0.14363678368236898, -0.2434040664613737, 0.0004737818818701875, 0.5514538276758889, 0.6018993876795221, 0.10884821273887885], [0.7091307139474807, -0.23903355202508358, -0.5273995853020843, 0.05002684024255159, 0.05090666723411913, -0.4856272750855947, -0.629302976656618, 0.4253302236756836, 0.510677278785711, 0.6783599318161189, -0.1074675244431248, 0.18117882103113286]], "inverted": false, "swapped": false, "error_lsq": 0.049254360451746755, "error_max": 0.27368970463606185, "target": "172.xyz", "model": "3.xyz", "model_rescale": 3.7530521520055578, "target_rescale": 3.8475663616506934},
{"mapping": [10, 8, 9, 7, 3, 0, 6, 5, 2, 1, 11], "R": [[0.9165345652231202, -0.16842782814129223, -0.36276226024612024], [0.03814215972871119, 0.9396809075824969, -0.33991906033078584], [0.39813259902009523, 0.29771103209747257, 0.8676742332033157]], "T": [-0.08439446949451825, -0.03277959622569081, 0.06452746964446085], "aligned_model": [[-0.4055304482147568, -0.4007723312782151, 0.26509178372064346, 0.6519004822444086, 0.3865619799289933, -0.07760736563907532, -0.21396249076566948, -0.7425148328704173, -0.3872451236422111, 0.3387931279242289, -0.07651517896272401], [-0.6429429172890702, 0.006953371620868384, -0.3696510765012029, 0.30084920596338594, -0.4000967085968188, 0.6999130370174861, -0.48470427886072753, -0.07993582580630249, 0.31641143543806005, 0.11340410397705687, 0.007003011351610591], [-0.2384690198594904, -0.6645928146111458, -0.5410511073102307, -0.18941637024727645, 0.14355831210534203, -0.2249998977236636, 0.5257917545174606, 0.11106203136512591, 0.6989835027919723, 0.4595790074098588, 0.012385378807363796]], "inverted": true, "swapped": true, "error_lsq": 0.05397242388878456, "error_max": 0.28432725497180916, "target": "172.xyz", "model": "4.xyz", "model_rescale": 3.7855080009869324, "target_rescale": 3.8475663616506934},
{"mapping": [7, 13, 15, 12, 10, 9, 14, 6, 0, 1, 2, 16], "R": [[0.17251139177717373, -0.015042457369161037, -0.9848926561729454], [-0.10767408581248707, -0.9941794510867681, -0.003675633449888034], [-0.9791047497339331, 0.10668150501895693, -0.17312696362884267]], "T": [0.025341479538574536, -0.06614444554928836, 0.12456509419398115], "aligned_model": [[0.10346214613359601, -0.6406393021942529, -0.03125925833629492, -0.37229380096383446, 0.4262400193187102, 0.5282824267981637, 0.02722760502944931, -0.44539876220937497, 0.45689601794153767, -0.046266527554399875, 0.4471175141998152, 0.0409437078418023], [-0.6094847070825463, -0.1550960309303942, -0.477405245577061, 0.4492122646122322, -0.660536635578428, -0.08353369260639049, 0.2382474170836739, -0.2808264001573333, 0.33393127759164465, 0.5744237738738392, 0.49526403695993193, -0.04326744533955532], [0.6345141049035117, -0.14640511209467755, -0.5874594963353015, -0.07382570196707544, -0.005598492529812926, -0.3790836295266858, -0.47961984026428367, 0.5225504597939161, 0.6365943701710275, 0.5216149507291853, -0.10502406045149848, 0.078522010791987]], "inverted": false, "swapped": false, "error_lsq": 0.04001498427651342, "error_max": 0.2626187642574649, "target": "172.xyz", "model": "5.xyz", "model_rescale": 4.2253639853439635, "target_rescale": 3.8475663616506934},
{"mapping": [3, 1, 10, 9, 2, 5, 8, 0, 6, 12, 11, 13], "R": [[0.3892447500291095, 0.26961083492500454, -0.8807942564900262], [-0.5004153481062257, -0.7409032820463975, -0.4479361628989127], [-0.7733517983133555, 0.6151197642280064, -0.15347531300369055]], "T": [-0.006926032729041472, -0.06032400029437199, 0.06445479362638955], "aligned_model": [[0.15390921083059173, -0.5913815962010838, 0.11552997103617504, -0.48136547776186334, 0.43024622245253286, 0.5170040474668476, -0.11182887149341303, -0.6312386714138752, 0.5239760242466827, 0.07075535252175313, 0.488392369068007, 0.010313205252562768], [-0.4350812834640255, -0.3658350399266088, -0.4545440269765939, 0.31320240972951796, -0.5651695848339386, -0.06017028111193817, 0.27840416946624136, -0.05501359391860447, -0.03116270935030485, 0.7126086401229756, 0.539340641773879, -0.09565072866098595], [0.644712043334444, -0.25769498667413143, -0.5974421561276191, -0.024885351308549478, -0.00022106823560863464, -0.29084580289299017, -0.583714549237412, 0.5677123599769649, 0.42640864860313865, 0.5820303921934165, 0.039639743605030295, 0.11108028998360872]], "inverted": true, "swapped": false, "error_lsq": 0.04335342264380104, "error_max": 0.23030468771303292, "target": "172.xyz", "model": "6.xyz", "model_rescale": 3.89814844738969, "target_rescale": 3.8475663616506934},
{"mapping": [0, 4, 2, 11, 1, 5, 10, 7, 6, 8, 9, 12], "R": [[0.7431558261466529, -0.351090517181836, 0.5696093984558867], [0.5353502681602461, -0.19869269435458015, -0.8209271000465694], [0.4013969462328265, 0.9150173014512395, 0.040296769099433]], "T": [-0.049171666672999687, -0.05057725780630844, 0.16148305920561284], "aligned_model": [[0.0830120363271036, -0.5714166132215378, -0.02848540875082506, -0.5137516193616118, 0.5553851934722435, 0.6555049656707055, -0.0007750295848634597, -0.5505094610942021, 0.5265923980813298, -0.01931829945940408, 0.4394718579283253, -0.08139823400234625], [-0.5661522360149353, -0.24074361231489794, -0.4889608964862938, 0.599483787036261, -0.618013990762709, -0.01408153850175474, 0.11800194286315398, -0.15732527282583053, 0.056477070005795924, 0.5174567572076277, 0.62680092993291, -0.052014327289713266], [0.42171429863443943, -0.16500241030520912, -0.39434039171368734, 0.03138127304937305, -0.0038141548572140915, -0.1620528898417934, -0.5513580743384123, 0.5720192411923314, 0.4997299566962611, 0.5277246551063126, -0.15526948723236061, -0.0039524531697487375]], "inverted": true, "swapped": false, "error_lsq": 0.03614611459086907, "error_max": 0.21565199355007364, "target": "172.xyz", "model": "7.xyz", "model_rescale": 3.7474275329858107, "target_rescale": 3.8475663616506934},
{"mapping": [1, 4, 13, 8, 12, 11, 9, 2, 0, 3, 7, 14], "R": [[0.7622124848034751, -0.6275047407509393, -0.158965179661488], [0.5655442872453627, 0.7650032244732033, -0.3081066791060148], [0.31494727681605306, 0.1449409082374552, 0.9379767299594669]], "T": [0.16365286866028694, 0.01953081613298572, 0.07952232587383179], "aligned_model": [[0.07466615141503728, -0.5421570554084706, -0.09803472399012769, -0.4397961874029772, 0.4673487132323089, 0.47008854715655407, 0.07908979758639002, -0.5358645261870272, 0.4368584042999661, -0.08208561428300587, 0.541816540252932, 0.12238173933333663], [-0.449164136557432, -0.21905202864681697, -0.6940571904481091, 0.31375673108739055, -0.4902459218581306, 0.009654899084436959, 0.450383909869616, -0.18987723702036471, 0.0712389269355097, 0.47861412218313554, 0.5232325891934124, -0.023556050973034377], [0.6602186540233165, -0.15950993786551654, -0.40050224579830557, -0.040854846223387475, -0.08941295816173775, -0.4612915023488291, -0.5430169409331098, 0.4983458894783608, 0.6769319376144127, 0.572462132636692, -0.17961932115992818, 0.08302870195832446]], "inverted": true, "swapped": false, "error_lsq": 0.04972500228687942, "error_max": 0.23148077401694975, "target": "172.xyz", "model": "8.xyz", "model_rescale": 4.019505241142653, "target_rescale": 3.8475663616506934},
{"mapping": [1, 9, 7, 11, 0, 4, 8, 10, 2, 6, 5, 12], "R": [[-0.2905963180078408, 0.5629971785025298, 0.7736846624810891], [-0.9050872827113108, -0.424067543372342, -0.031364459702073855], [0.3104364518456911, -0.7093665453461544, 0.6327940531556224]], "T": [0.07029075540849077, 0.007897997613117779, 0.12281163295809308], "aligned_model": [[-0.13039185343601706, -0.531124796605252, 0.19378150076912504, -0.3034013560405319, 0.5017444663565588, 0.6376092089696522, -0.16062439997357508, -0.583661804555855, 0.4969044757053419, -0.060546671769686936, 0.35975599696818195, 0.074267019616975], [-0.5452254736848938, -0.18278037310179077, -0.5678534187023482, 0.4413999562078915, -0.45766844577291904, -0.03611173320436799, 0.018007163704669933, -0.039220023363054426, 0.0020511167531752934, 0.5117496182989482, 0.5938307666746301, 0.04274945903967317], [0.4546040653268206, -0.14040150153172662, -0.564825140707122, -0.1214828240569111, -0.017693385361919528, -0.48035301047308965, -0.5117850319889516, 0.761799660727907, 0.5326148904553316, 0.6298391962606757, -0.03021576070283219, 0.1046784052721098]], "inverted": true, "swapped": false, "error_lsq": 0.04901431319602278, "error_max": 0.2862804348197002, "target": "172.xyz", "model": "9.xyz", "model_rescale": 3.877068213659057, "target_rescale": 3.8475663616506934},
{"mapping": [3, 2, 7, 9, 5, 0, 8, 13, 12, 10, 11, 15], "R": [[0.6400994074100147, 0.029033189121277093, -0.7677433311744208], [0.038260901156483264, 0.9968412253687036, 0.06959651462620672], [0.7673388117878843, -0.07392323947765103, 0.6369666416611532]], "T": [-0.030398366564150875, -0.07651807754893492, 0.1361723463156645], "aligned_model": [[0.1154658192751725, -0.643042129794571, -0.224111778976422, -0.40412295163949274, 0.5817751312389254, 0.6855440417433692, 0.0065887117986620225, -0.6248517231143677, 0.6360116128004878, -0.06553682507738348, 0.37838241261450545, 0.05220946513603214], [-0.566137226359228, -0.1484249994060033, -0.4571491575381054, 0.39259509098191914, -0.5620734198513031, 0.053508333637525385, 0.21011527751348463, -0.22504067929955085, 0.04775671267952557, 0.5762302150623329, 0.5201421933885689, -0.060593727959552326], [0.5126800768285193, -0.10847509780222411, -0.5594436858563088, -0.1393418520859046, 0.11437646616122099, -0.18676051979521607, -0.579226990843619, 0.6075583236411255, 0.45025630265604216, 0.4116641514320182, -0.010627081212440631, 0.10411947009707855]], "inverted": false, "swapped": false, "error_lsq": 0.03951888529591601, "error_max": 0.2611423346279372, "target": "172.xyz", "model": "10.xyz", "model_rescale": 4.260839863003843, "target_rescale": 3.8475663616506934},
{"mapping": [5, 10, 9, 7, 4, 2, 8, 6, 3, 0, 1, 11], "R": [[0.6979885567228553, 0.6906523179193386, 0.18923887136788464], [-0.7040114831042429, 0.6134356041654568, 0.35786113396054325], [0.13107176027394463, -0.38300931489300133, 0.9143981946416364]], "T": [0.04113355582153258, -0.021425342365843536, 0.008557980368579465], "aligned_model": [[0.07451875220071648, -0.4788774561750434, 0.03243179205930238, -0.42345521833887, 0.28982655922711487, 0.6797474455330194, -0.01660612337991202, -0.5048838558089764, 0.5796856177519485, -0.17210207487987114, 0.39957349744452453, 0.03445285037096395], [-0.4272083644589258, -0.34997549906040193, -0.5258450654570674, 0.440861058052951, -0.7083170318686867, -0.017191222575819558, 0.17374443891176067, -0.05925970437443903, 0.07073279029531801, 0.5374463620060177, 0.606223705896394, 0.039717145482512706], [0.5478505446522216, -0.11382312103387932, -0.6088707875238883, 0.0011969889805936579, -0.040782221802290325, -0.2414650150510778, -0.6800553312806433, 0.6439231367172337, 0.46166020568608124, 0.6506072411787558, -0.020392384155988208, 0.016930306853173874]], "inverted": true, "swapped": false, "error_lsq": 0.03864665042363024, "error_max": 0.23554183991087274, "target": "172.xyz", "model": "11.xyz", "model_rescale": 3.890672605050136, "target_rescale": 3.8475663616506934},
{"mapping": [4, 12, 10, 5, 2, 11, 9, 7, 0, 8, 6, 13], "R": [[-0.11506829851974315, -0.37908898602752383, 0.9181779932825633], [0.6904130197317969, 0.6340461808421647, 0.34830346358353426], [-0.7142052568138886, 0.6740007279165867, 0.18876935637787845]], "T": [0.18041208247551982, 0.07684316259146844, 0.08999996755128947], "aligned_model": [[0.17388949721231853, -0.4444991521216372, -0.0004254754887639267, -0.5127668378621735, 0.49988493159691066, 0.4558946344309653, -0.08878104285789074, -0.5917619069643647, 0.467568288840743, -0.0004631077307494791, 0.4807561800940721, 0.055015776855487], [-0.5476142953175037, -0.2675739705146258, -0.6704229389716724, 0.39737490111890933, -0.5436295363176867, -0.10626912825095507, 0.37623359276606483, -0.0297589127973905, 0.055148586005708294, 0.5826450979586705, 0.5534458634432539, -0.018650646273159294], [0.40791093459786676, -0.12446432794404111, -0.36654319089783455, -0.057426525424381925, -0.04606936128272038, -0.3497060892705458, -0.5761237804223899, 0.4354670395446736, 0.6055241650822236, 0.5702495001744576, -0.03125032114130802, 0.14921152020429224]], "inverted": true, "swapped": false, "error_lsq": 0.03839084586603378, "error_max": 0.20322532334822077, "target": "172.xyz", "model": "12.xyz", "model_rescale": 4.124412569039231, "target_rescale": 3.8475663616506934},
{"mapping": [10, 4, 2, 0, 11, 8, 1, 5, 9, 3, 6, 12], "R": [[0.2281193199723086, -0.6721625037118879, 0.7043856503784969], [0.9681102204305612, 0.07964352419423083, -0.2375279144686229], [0.10355760210270382, 0.7361076535790737, 0.6688956162130596]], "T": [-0.010151143974838787, 0.08380511508628373, 0.19214762114045789], "aligned_model": [[0.025036867422597787, -0.5973568544802293, 0.05689761345931677, -0.4949389553303158, 0.5955977013016163, 0.5692660417875041, -0.015656628866405335, -0.6280140157973798, 0.5461253741382815, 0.028626423915895503, 0.42134253612225064, -0.012614317668214768], [-0.6448992027069546, -0.2960072837112133, -0.4980702995124854, 0.39668132105509657, -0.6807445150014971, -0.0773259693967513, 0.2930622890529412, -0.10708722263054223, 0.155703523398097, 0.7589195714420502, 0.5158894207695827, -0.03519301990870981], [0.3033298741347922, -0.16730787126309019, -0.4397708701706978, 0.13004567999726255, -0.005551799484321968, -0.19927110523196587, -0.5946467762012679, 0.58654775564401, 0.4987880070627354, 0.4190179515361804, -0.08121874768082135, 0.16681746487747717]], "inverted": true, "swapped": false, "error_lsq": 0.03948733255260063, "error_max": 0.2537917100560578, "target": "172.xyz", "model": "13.xyz", "model_rescale": 3.9028299243045295, "target_rescale": 3.8475663616506934},
{"mapping": [5, 1, 14, 6, 13, 10, 9, 2, 4, 3, 7, 15], "R": [[0.21985144701737674, -0.5202975794700738, 0.8252004423423125], [-0.9300838329072408, -0.36698064209753345, 0.01640951218829767], [0.2942947587180945, -0.771113245329935, -0.5646015921583947]], "T": [-0.05622681457184049, -0.11537679067317712, 0.19365682464719078], "aligned_model": [[0.2636883130642456, -0.6624346363631624, 0.21759078984457592, -0.4168331742001915, 0.35247220112797234, 0.6219699329076219, -0.05302449227929919, -0.632466071571151, 0.4955156754811029, -0.06605300406965477, 0.40930291165476573, -0.035416659591908706], [-0.45204614283415806, -0.10693561892597492, -0.4235523667451658, 0.39612082141243826, -0.7646664577458209, -0.08015688059889348, 0.23141395700416212, -0.08969389764455205, 0.12381960680189984, 0.4496003422421137, 0.5440619887206218, -0.04703673883705689], [0.40908637712373674, -0.040094280508188945, -0.5893517235866745, -0.035998370102544336, -0.016198827156456097, -0.11320035987292446, -0.4995757329559478, 0.6513013124915735, 0.5062725344057237, 0.4570837225162616, -0.21750071945016383, 0.10495563031589672]], "inverted": false, "swapped": false, "error_lsq": 0.0468294065689944, "error_max": 0.2560350633668259, "target": "172.xyz", "model": "14.xyz", "model_rescale": 3.942246331269136, "target_rescale": 3.8475663616506934},
{"mapping": [0, 5, 9, 4, 7, 6, 10, 1, 8, 13, 11, 14], "R": [[0.41205274021103927, -0.7636320369749408, -0.4970700668820004], [-0.327896269716172, 0.3847114635702556, -0.8628331971498612], [0.8501156248362884, 0.5185202039488283, -0.0918706836051218]], "T": [-0.06453987551645088, 0.02560970243926261, 0.06185007598709583], "aligned_model": [[0.11036402268602996, -0.5286630344114055, 0.08031271342022059, -0.2977375659902777, 0.4810102211386814, 0.4441130293105322, -0.07763542893637276, -0.6443397313883744, 0.6078396013516641, -0.03158716280292126, 0.4262940240520281, -0.07565890242488799], [-0.5003061815662704, -0.3997934482991149, -0.4289626904733921, 0.5280406766115257, -0.6296111968319612, -0.033536708907532686, 0.2794294508342642, -0.23723194215002938, -0.0249595815270999, 0.726143069550659, 0.5386892957891672, -0.03697213018060182], [0.5451083839472511, -0.018158741704107216, -0.5866435424952824, -0.13010286166322677, -0.0017122817950316824, -0.16301280172794302, -0.6047866750613937, 0.5632359880160552, 0.4415730182667012, 0.4730640917911601, -0.037861701546185976, 0.13607668719229524]], "inverted": true, "swapped": false, "error_lsq": 0.04567166199421386, "error_max": 0.24884380913994622, "target": "172.xyz", "model": "15.xyz", "model_rescale": 4.355366556412066, "target_rescale": 3.8475663616506934},
{"mapping": [10, 9, 1, 5, 8, 2, 0, 7, 6, 3, 4, 11], "R": [[0.09063239213412988, -0.15404888444663012, -0.9838977135336752], [-0.9805110132982613, -0.18672659105956324, -0.06108463793861252], [-0.17430984566817231, 0.97025879093777, -0.16797010540901172]], "T": [-0.0007618156274029411, -0.053723389790421364, 0.0368140898994047], "aligned_model": [[0.054786493137330264, -0.6636291100763401, -0.002333730596511284, -0.43661630243547495, 0.5508797203675254, 0.6565437261907604, -0.0435963413665706, -0.675085539586127, 0.6139341204892301, -0.08631168772567124, 0.43537183362124315, 0.09036860398552296], [-0.5203656630589664, -0.32009819393551764, -0.440756486321089, 0.4082616641073786, -0.5853949479690815, -0.07644181019413249, 0.2706108101529718, -0.012195860828793571, 0.07928160253664589, 0.3764628679796069, 0.5789589702640465, 0.022605660116544482], [0.4568083431713176, -0.16219073139550805, -0.3437120914311576, -0.0743639574899844, 0.04410009030588377, -0.4810263293558833, -0.5931752661521277, 0.6233497660731018, 0.5664880850485745, 0.5253199873550034, -0.025074539150773664, 0.08025620624184565]], "inverted": false, "swapped": false, "error_lsq": 0.03824552577005087, "error_max": 0.23575045572887043, "target": "172.xyz", "model": "16.xyz", "model_rescale": 3.795458400668931, "target_rescale": 3.8475663616506934},
{"mapping": [0, 4, 2, 11, 1, 5, 10, 7, 6, 8, 9, 12], "R": [[0.7431558261466529, -0.351090517181836, 0.5696093984558867], [0.5353502681602461, -0.19869269435458015, -0.8209271000465694], [0.4013969462328265, 0.9150173014512395, 0.040296769099433]], "T": [-0.049171666672999687, -0.05057725780630844, 0.16148305920561284], "aligned_model": [[0.0830120363271036, -0.5714166132215378, -0.02848540875082506, -0.5137516193616118, 0.5553851934722435, 0.6555049656707055, -0.0007750295848634597, -0.5505094610942021, 0.5265923980813298, -0.01931829945940408, 0.4394718579283253, -0.08139823400234625], [-0.5661522360149353, -0.24074361231489794, -0.4889608964862938, 0.599483787036261, -0.618013990762709, -0.01408153850175474, 0.11800194286315398, -0.15732527282583053, 0.056477070005795924, 0.5174567572076277, 0.62680092993291, -0.052014327289713266], [0.42171429863443943, -0.16500241030520912, -0.39434039171368734, 0.03138127304937305, -0.0038141548572140915, -0.1620528898417934, -0.5513580743384123, 0.5720192411923314, 0.4997299566962611, 0.5277246551063126, -0.15526948723236061, -0.0039524531697487375]], "inverted": true, "swapped": false, "error_lsq": 0.03614611459086907, "error_max": 0.21565199355007364, "target": "172.xyz", "model": "17.xyz", "model_rescale": 3.7474275329858107, "target_rescale": 3.8475663616506934},
{"mapping": [4, 3, 10, 1, 5, 12, 11, 0, 9, 2, 7, 13], "R": [[-0.010232241230376138, -0.28662472127753136, -0.9579882934524727], [-0.47624020505581954, -0.8410079868244886, 0.256711575870298], [-0.8792556899604315, 0.4588592760858151, -0.12789681943741749]], "T": [0.016705401908420937, -0.030778771477222203, 0.0587799409403274], "aligned_model": [[0.10163347347920834, -0.5358887965357861, 0.05854361773172965, -0.4919510813575513, 0.4395390700329827, 0.698858027071815, -0.05884610372192527, -0.5628956237672549, 0.5863688015267818, -0.08068055821949749, 0.35803390806962765, -0.01840294830521269], [-0.6040417823047304, -0.1548655408105492, -0.4748291563277571, 0.4310266254776106, -0.6142011455368653, -0.03800317760355994, 0.2358647229778016, -0.07063236635415185, -0.004459596931629048, 0.4630650377904887, 0.6071412467753676, 0.004863745697588365], [0.6532398345385861, -0.3151603040607372, -0.4680105201296037, -0.02198375253984805, -0.0048593489459636124, -0.24757365745915544, -0.6082507020348329, 0.6601257090238479, 0.40880148033835545, 0.5592467136911292, -0.15091551258852665, 0.15211962338704094]], "inverted": true, "swapped": false, "error_lsq": 0.03415613531859552, "error_max": 0.17949419684649234, "target": "172.xyz", "model": "18.xyz", "model_rescale": 3.922800546911778, "target_rescale": 3.8475663616506934},
{"mapping": [1, 8, 5, 13, 0, 3, 12, 6, 9, 11, 7, 14], "R": [[0.3924632605600392, 0.8561398511086451, -0.3361504788844565], [0.5923832594968923, 0.04429584686931512, 0.8044376618594927], [0.7036012101882856, -0.5148421440536864, -0.4897784230933238]], "T": [-0.04374776750776893, -0.04212895936009977, 0.15372499307526305], "aligned_model": [[-0.08217293961923355, -0.5947668157678279, -0.04491631334419902, -0.38426180549548056, 0.5384197783444609, 0.5223536221599885, 0.060433897326405805, -0.5072205350159689, 0.6096034537257606, -0.029568041584023846, 0.3865497808629366, 0.019857704412098623], [-0.7391508201838013, -0.1960085418287615, -0.5292410389691029, 0.5119942525384888, -0.5908770568089379, -0.027368304619471727, 0.15983987818224057, -0.28708926624441705, 0.2497032522977067, 0.616386399629007, 0.5852451808492134, 0.027494678007449654], [0.4000318253351788, -0.06327670409659764, -0.4338583427889659, -0.06720803476050516, -0.08793408451039308, -0.14369824622013389, -0.5992483224815954, 0.6020052778776874, 0.5419379859883704, 0.42464946616136123, -0.09011250839126803, 0.13349125110715346]], "inverted": false, "swapped": false, "error_lsq": 0.04199817491535638, "error_max": 0.23716790439945615, "target": "172.xyz", "model": "19.xyz", "model_rescale": 3.9282355846067225, "target_rescale": 3.8475663616506934},
{"mapping": [2, 0, 3, 11, 5, 6, 4, 10, 7, 9, 8, 13], "R": [[0.5102798102625391, 0.6459867124468767, -0.5677285289471578], [-0.19782256829604705, 0.7306074663778238, 0.6535127860614001], [0.8369472783342945, -0.22116486478429107, 0.5006049898610314]], "T": [0.12845650228231842, 0.017851303615216474, 0.09557112023231168], "aligned_model": [[0.044415652753759305, -0.5609440121468168, 0.052502003229616845, -0.49471369638184026, 0.45212401239616873, 0.7035556571896032, -0.07401395695095017, -0.504141912947773, 0.5343336328083601, 0.0018187423820509585, 0.3319026169830911, 0.007473046689646962], [-0.6406793015323059, -0.17741836838902306, -0.4041213683890478, 0.35907205788737023, -0.5907304243952229, -0.07966160647223353, 0.24117129587923083, -0.1119284936425265, -0.05520337610613689, 0.6425848609328907, 0.6852184819159801, -0.08737514483936175], [0.5834141155232495, -0.26050987349950644, -0.5229149728181237, 0.00288632279082085, -0.0164903605589051, -0.19870128494402822, -0.45985820842515296, 0.6658436851199989, 0.5625021055678103, 0.3640775174865137, -0.20750033482115027, 0.10403085179876599]], "inverted": false, "swapped": false, "error_lsq": 0.040902818207380176, "error_max": 0.2057869125892932, "target": "172.xyz", "model": "20.xyz", "model_rescale": 4.067790424073018, "target_rescale": 3.8475663616506934},
{"mapping": [7, 5, 4, 13, 0, 2, 6, 1, 12, 10, 11, 14], "R": [[-0.5273756510005637, 0.7575951269111749, 0.3846096026000557], [-0.1724076063162036, 0.347837202118035, -0.921566545674817], [-0.8319558522037386, -0.5523213779160991, -0.05282570852163715]], "T": [0.08140842187838149, -0.04148513107546182, 0.025352265522186106], "aligned_model": [[0.03568833020656503, -0.4674118201562386, -0.13299410709374762, -0.4066897251858552, 0.5627690468712774, 0.529060575082152, 0.14366244282666485, -0.511118758601279, 0.5855631316082521, -0.18444971060213955, 0.2684778577235003, 0.07175452332576583], [-0.5633842362979244, -0.14209572618117494, -0.4726063184405476, 0.45777807314716396, -0.5526348586904595, -0.35581220036357514, 0.23143664960573196, -0.1828838907646065, 0.2782500196898001, 0.49696387536587294, 0.5774147747253783, 0.008502451053954675], [0.5565725158838415, -0.16736506878747373, -0.6154586052591644, 0.07653777928353539, 0.13247805227085557, -0.47915539030050386, -0.6596258663922194, 0.5751004191616632, 0.5055723493587461, 0.5827380766171383, 0.02492011803774067, 0.08446518334613295]], "inverted": true, "swapped": false, "error_lsq": 0.048149429383952703, "error_max": 0.3361732201463761, "target": "172.xyz", "model": "21.xyz", "model_rescale": 4.186013935880536, "target_rescale": 3.8475663616506934},
{"mapping": [8, 5, 3, 0, 11, 4, 6, 2, 9, 1, 7, 12], "R": [[0.5654852177221281, -0.26916776960499456, -0.7795993716926854], [0.8199912970981933, 0.28496852447378107, 0.4963942110283502], [0.08854796000461931, -0.9199682885105924, 0.3818607166414369]], "T": [0.11546586120185028, -0.00471837377075875, 0.09555756573956961], "aligned_model": [[0.07804148761184751, -0.5353718794563517, -0.09544917957398218, -0.4589823587952279, 0.3642629504583463, 0.6269708836051129, 0.02356575293675396, -0.47754343073154965, 0.45870073378731163, -0.062077579624300425, 0.4496451012017727, 0.12254930458518401], [-0.49703619467908344, -0.38092976025456865, -0.42266240924507664, 0.41629714011379915, -0.5828415492221372, -0.035801324473507715, 0.19407396977740343, -0.1582207248220788, 0.0257820907978898, 0.6221565543802131, 0.6273829767780577, -0.027272156301296976], [0.6819795214856778, -0.08723741266441273, -0.7001661825063646, -0.025039368786484967, 0.04226984580927973, -0.41923619005037194, -0.41619317755709395, 0.5132610619750648, 0.6119975953080287, 0.4281675280192202, -0.06905062988959604, 0.056026972077345374]], "inverted": true, "swapped": false, "error_lsq": 0.04591889780647865, "error_max": 0.24025553957191284, "target": "172.xyz", "model": "22.xyz", "model_rescale": 4.166573947596378, "target_rescale": 3.8475663616506934},
{"mapping": [7, 4, 1, 3, 5, 6, 2, 8, 14, 9, 12, 15], "R": [[-0.28277079977650355, -0.9241747988710599, -0.25679099658164206], [-0.9353923982964495, 0.3249517322767605, -0.1394540530051005], [0.2123246005600231, 0.2007668120531103, -0.9563529427857993]], "T": [0.05519931603133378, 0.050099826722974874, 0.1252705833966756], "aligned_model": [[0.07087700997342106, -0.5943062934392863, 0.04587356340909375, -0.40696606887392, 0.48499664682915833, 0.502188194633656, -0.09867846846427113, -0.6309626475719584, 0.631649628844378, -0.12022806346477403, 0.5412236108625677, 0.06864467326685215], [-0.5823702069059213, -0.16134982018974237, -0.4183415184632918, 0.39413103533721056, -0.6558915050950649, -0.03358552014290436, 0.13800719517031756, -0.11420568495203516, 0.2975834946460726, 0.4522678974846135, 0.46765086992535787, -0.0029676239649987085], [0.45862552054976047, -0.1454414840315784, -0.4119210000493527, -0.04640450655778264, 0.03631848933362654, -0.48489770248242503, -0.5238851461478453, 0.520573756617526, 0.6073853354934347, 0.5350696117814246, -0.011889419459917339, 0.08324610817342185]], "inverted": true, "swapped": false, "error_lsq": 0.0388135319047764, "error_max": 0.21283251709320247, "target": "172.xyz", "model": "23.xyz", "model_rescale": 4.274766983524099, "target_rescale": 3.8475663616506934},
{"mapping": [2, 0, 4, 5, 8, 10, 6, 3, 1, 7, 11], "R": [[-0.8954641730842627, -0.4167010390979252, -0.15653804246005945], [0.020693268462662062, -0.3902542794773502, 0.9204745439119687], [-0.4446523398823514, 0.8210126925719993, 0.35808163213550376]], "T": [-0.0389554953816945, 0.04807725395691101, 0.11242376122937076], "aligned_model": [[0.2720930189466073, 0.060225984669300486, -0.2273167860025211, -0.48441152128513953, -0.6930682285383101, -0.6758023501275613, -0.012870026843533514, 0.1996568825183755, 0.552594863270632, 0.4396027012384883, -0.05080983388826346], [-0.22859975300535282, 0.7471138834448382, 0.3358499646135017, -0.18009088404955798, 0.4998251045540748, -0.23685364595111183, -0.6095933254057423, -0.138480161726411, -0.020098712104470173, 0.6334522484710673, 0.11306181240264722], [-0.5530730523331857, -0.23717812762670298, -0.5887368960587029, -0.32003411868240667, 0.14917237857644153, 0.396104803474561, 0.13645475750994196, 0.633219475613404, 0.15650714965091994, 0.49484247895968386, 0.11228758493762393]], "inverted": false, "swapped": true, "error_lsq": 0.059202315154980804, "error_max": 0.4005794638635439, "target": "172.xyz", "model": "24.xyz", "model_rescale": 3.7841303162186577, "target_rescale": 3.8475663616506934},
{"mapping": [12, 8, 10, 1, 13, 11, 7, 2, 3, 4, 6, 15], "R": [[-0.6851093851472042, -0.19540499092782868, -0.7017421320568655], [-0.5731524241784085, 0.7391635094194079, 0.35374228613667147], [0.4495791688252846, 0.6445573642921787, -0.618404701708425]], "T": [-0.05651775782851051, -0.09734396086928955, -0.02355335214225856], "aligned_model": [[0.09395772356427803, -0.6331854564995201, -0.07007890108899195, -0.5252687221270365, 0.5976781012895007, 0.6495907857256957, 0.09895266818062268, -0.5108692888854307, 0.5387745087993245, -0.09570985142037908, 0.3595288979670215, -0.00905867950016806], [-0.586919196423619, 0.027155988567467412, -0.5422786053111661, 0.47994681217971114, -0.48257873797309353, -0.08584632029962014, 0.13377736264589585, -0.17810835026459493, 0.132202867907185, 0.4391926529661103, 0.492603554814542, -0.04821941595920437], [0.535772245930695, 0.014022059213970879, -0.6616006566942395, -0.030208472343500208, 0.1651844069142433, -0.3247278831766314, -0.6111054269010725, 0.5729655725860839, 0.468317828478145, 0.4934541764995248, 0.006339141612170425, -0.011633428899097142]], "inverted": true, "swapped": false, "error_lsq": 0.04256580918125064, "error_max": 0.2735881798648938, "target": "172.xyz", "model": "25.xyz", "model_rescale": 4.19342608120988, "target_rescale": 3.8475663616506934},
{"mapping": [10, 9, 1, 5, 8, 2, 0, 7, 6, 3, 4, 11], "R": [[0.09063239213412988, -0.15404888444663012, -0.9838977135336752], [-0.9805110132982613, -0.18672659105956324, -0.06108463793861252], [-0.17430984566817231, 0.97025879093777, -0.16797010540901172]], "T": [-0.0007618156274029411, -0.053723389790421364, 0.0368140898994047], "aligned_model": [[0.054786493137330264, -0.6636291100763401, -0.002333730596511284, -0.43661630243547495, 0.5508797203675254, 0.6565437261907604, -0.0435963413665706, -0.675085539586127, 0.6139341204892301, -0.08631168772567124, 0.43537183362124315, 0.09036860398552296], [-0.5203656630589664, -0.32009819393551764, -0.440756486321089, 0.4082616641073786, -0.5853949479690815, -0.07644181019413249, 0.2706108101529718, -0.012195860828793571, 0.07928160253664589, 0.3764628679796069, 0.5789589702640465, 0.022605660116544482], [0.4568083431713176, -0.16219073139550805, -0.3437120914311576, -0.0743639574899844, 0.04410009030588377, -0.4810263293558833, -0.5931752661521277, 0.6233497660731018, 0.5664880850485745, 0.5253199873550034, -0.025074539150773664, 0.08025620624184565]], "inverted": false, "swapped": false, "error_lsq": 0.03824552577005087, "error_max": 0.23575045572887043, "target": "172.xyz", "model": "26.xyz", "model_rescale": 3.795458400668931, "target_rescale": 3.8475663616506934},
{"mapping": [9, 10, 3, 5, 2, 0, 7, 11, 1, 8, 6, 12], "R": [[-0.6088564070942492, 0.7920847628767806, 0.043538534181989275], [0.4978933643359038, 0.4242933303170783, -0.7563579626068054], [-0.6175727271265765, -0.43883584432778167, -0.6527074600788366]], "T": [-0.007208049784593849, -0.10212179095768728, 0.18098997666518898], "aligned_model": [[0.0974649450560103, -0.629777888470748, 0.03087929477626894, -0.25808767554277606, 0.6947312247544092, 0.5913029951511654, -0.16213592578741326, -0.5832991005648469, 0.49173132120966057, -0.08953814823310188, 0.32950845828805997, -0.018467714631770757], [-0.48985370471950473, -0.03677425347852817, -0.5563599652382302, 0.5545257490421727, -0.6322651193421299, -0.18123769006260557, 0.09914130422827597, -0.16168759294282664, 0.08698128737990277, 0.4830089199531209, 0.6456115449433846, -0.030161866913418017], [0.3329169897902606, -0.15933769457671534, -0.39977985214691303, -0.08870223581377959, 0.14836758974569156, -0.39067285726022905, -0.5908251685495424, 0.6006870199929989, 0.4372178057281816, 0.6071302307419935, 0.08769575792962439, 0.032081977638721226]], "inverted": true, "swapped": false, "error_lsq": 0.04845035581720053, "error_max": 0.2538543801578601, "target": "172.xyz", "model": "27.xyz", "model_rescale": 3.6321398670334006, "target_rescale": 3.8475663616506934},
{"mapping": [3, 12, 10, 6, 0, 11, 9, 7, 1, 4, 13, 14], "R": [[-0.80704883112534, -0.456040245411118, -0.37509929184762525], [0.5896730749080127, -0.6557341414443075, -0.4714853131040524], [-0.030949134200360467, -0.6016976236529976, 0.7981241261749853]], "T": [0.07073784087051437, -0.11864796810745004, 0.05158338904163869], "aligned_model": [[0.11023146850825562, -0.7354696428215983, 0.14524427476211604, -0.2540275184724517, 0.45500230345180875, 0.5574863006366976, -0.047558479976971116, -0.5220528403993063, 0.41658652990071576, -0.13203669977371868, 0.3917575369067517, 0.10914855328261822], [-0.5180598587023659, -0.002132249956146609, -0.5822231791053918, 0.5840473819183304, -0.6094362563239455, -0.053223455747569315, 0.1280562948898363, -0.2502480776572181, 0.1652910118239702, 0.4076836773568603, 0.5799232902212235, -0.06874996586796984], [0.6087821641566414, -0.08970819429745222, -0.5682701808065768, -0.016637894761486506, 0.021929162252232563, -0.3623265124060475, -0.558101077148163, 0.5334215396378814, 0.5486090786371568, 0.6584810220971506, -0.22304706030428764, 0.06364751616324343]], "inverted": false, "swapped": false, "error_lsq": 0.048908836145269696, "error_max": 0.2676051209480549, "target": "172.xyz", "model": "28.xyz", "model_rescale": 4.156811204709835, "target_rescale": 3.8475663616506934},
{"mapping": [10, 5, 8, 0, 2, 6, 9, 1, 7, 11], "R": [[0.22105781516705386, -0.822010342901994, 0.524816576067977], [-0.6011695887966608, 0.3088808516682165, 0.7370127169722182], [-0.7679378671869375, -0.4784261861926701, -0.42588709361227917]], "T": [-0.1779598613315727, -0.024258454194534304, 0.035855532705906315], "aligned_model": [[-0.6140932647695465, -0.13713651028562718, 0.12491173742238582, 0.5979702568372869, 0.007260248379275802, -0.7220877508787289, -0.3672213585388113, -0.22194610270770554, 0.1013517221817406, -0.12608360352968181], [-0.14441603079487042, -0.619179065690109, 0.05850548781574051, 0.11181953396907841, -0.6059325459605616, -0.356429177464186, 0.5835887298388662, 0.14721480779182244, 0.7359581643909487, 0.007590426729474652], [-0.5662941821014328, -0.2503515743685511, -0.6953824406275614, 0.047075554920014875, 0.5293493171006287, 0.20131242083624162, -0.4080479870068751, 0.6061057105210322, 0.2848166532991554, 0.01020325440244732]], "inverted": false, "swapped": true, "error_lsq": 0.058228151317360824, "error_max": 0.2800948686453811, "target": "172.xyz", "model": "29.xyz", "model_rescale": 4.117894457231895, "target_rescale": 3.8475663616506934},
