[{"mapping": [12, 5, 14, 6, 11, 2, 7, 9, 1, 13, 10, 0, 4, 15], "R": [[-0.9803898694268854, -0.1798286264100103, -0.08060625936379681], [0.196533613498744, -0.9222974761877846, -0.33277906211594777], [-0.014499747937845399, -0.34209506067923934, 0.9395534720113629]], "T": [-0.023269662936159133, 0.1269101379429931, 0.011677416818260344], "aligned_model": [[0.2450254814037091, 0.2749568864993664, -0.34645269931477224, -0.4249808869852212, -0.6977716489711672, -0.08071490896123543, -0.6882365456332864, -0.06739505831346204, -0.44583646489241957, 0.213859734142268, 0.5801666199589357, 0.20381776527193357, 0.6158506547129889, -0.010796827789334157], [-0.6650873216461073, -0.4777080583082127, -0.2467792565938084, -0.4562782154643308, 0.23187311788928167, 0.42318816816362426, 0.2921375948364228, 0.4046928474158752, 0.7910643922086973, -0.07466591919685209, 0.2929130563609218, 0.8027189773679106, -0.17632448105595044, 0.09352842983256299], [0.2871663177510592, -0.3614415279591881, 0.5184925264925293, -0.13109705442295616, 0.4481354875688644, -0.6100848653775439, -0.1750932558588244, 0.6046096782708219, 0.1047289570507152, 0.682397531043839, 0.40685325952108026, -0.0034611874624795036, 0.07545728079809509, 0.050924939763820745]], "inverted": false, "swapped": true, "error_lsq": 0.04282800511024787, "error_max": 0.3001673320368252, "target": "173.xyz", "model": "0.xyz", "model_rescale": 3.8414455957264533, "target_rescale": 4.127444162007689},
{"mapping": [5, 12, 7, 14, 6, 11, 1, 8, 0, 2, 9, 4, 10, 3, 15], "R": [[0.3281034663669109, -0.9436433643056681, -0.04342022984620607], [-0.9316730538633673, -0.31566668601714, -0.17983287809481144], [0.15599178203650457, 0.09945724880990989, -0.9827384288793428]], "T": [-0.0010953204879475022, 0.05933649877361684, -0.046195957981806354], "aligned_model": [[-0.7227619461176155, -0.7163533693423041, 0.20269387868261113, -0.16731533603008095, -0.5346302256412506, 0.3197014717015283, 0.717895275280674, -0.20507787788224635, 0.6025037349781855, 0.11628508601347634, 0.43354016131237494, -0.3661513628926624, 0.17645552510792778, 0.03901216590398078, -0.023753027570054465], [0.2691976893245276, 0.17748188111987426, -0.5588294556781364, -0.34568087118098506, -0.42734193741309345, -0.6079173255263741, -0.24966974992069557, -0.37873542904255697, 0.3971134900840157, 0.08202311220335881, 0.03437757027964192, 0.6347217048891376, 0.6626297303412821, 0.5935230279548179, 0.0641510906082008], [0.12373210659541663, -0.5457797719594171, 0.23789059014363928, -0.6023294225876978, -0.027495224064016208, -0.37532747565474717, 0.0798588958658676, 0.5597936441867514, 0.12726974242111105, 0.63452139950534, -0.5372641820802323, -0.2465951499159938, -0.4365409810911513, 0.26732717832505787, -0.0938795623503932]], "inverted": false, "swapped": true, "error_lsq": 0.03692706887850165, "error_max": 0.2091504965083183, "target": "173.xyz", "model": "1.xyz", "model_rescale": 4.316132596720782, "target_rescale": 4.127444162007689},
{"mapping": [0, 3, 2, 14, 7, 9, 6, 13, 5, 10, 12, 15], "R": [[0.8646364042246332, -0.3285642474171522, 0.3800650257636151], [0.10540305612528261, -0.6210307339704015, -0.7766666100867443], [0.4912169421436393, 0.7115942402685571, -0.5023341049218814]], "T": [-0.06920137220512124, -0.08733891364620863, -0.1002223853448963], "aligned_model": [[-0.11040520458075405, 0.40413305604510685, 0.06519852428149955, -0.4360761819736444, -0.5858662940805752, -0.47254133448804203, -0.1309874219020296, -0.11158287160412056, 0.555105512695548, 0.1870572395535145, 0.29912479636804046, -0.06535126568276292], [-0.6870584559617028, -0.46554576307537976, -0.6582451654031404, 0.5168881628299173, -0.2778226763932927, -0.013253730488577836, 0.36393703189756765, 0.4155371819535413, 0.21303360430681947, -0.06656112741026265, 0.7112902081052841, -0.039422842619793036], [0.2833844180320029, 0.03459123971177033, -0.4658337672422193, -0.06465402866727687, -0.548706104559763, 0.41213219044482, -0.660934091796235, 0.4401924279056674, -0.4374719204109933, 0.5938641154545878, -0.05943323919355989, -0.0778727784693804]], "inverted": true, "swapped": true, "error_lsq": 0.04892827678692719, "error_max": 0.2929685836940665, "target": "173.xyz", "model": "2.xyz", "model_rescale": 3.795458400668931, "target_rescale": 4.127444162007689},
{"mapping": [2, 3, 5, 13, 7, 14, 4, 0, 10, 9, 6, 15], "R": [[0.31332942410402403, -0.9094599184605011, 0.2733264142092003], [0.8076357660485384, 0.40660259740650534, 0.42708172190047455], [-0.4995489379328431, 0.08693091795271687, 0.8619129156208686]], "T": [0.055398752199806486, 0.061395712740261066, -0.0291114892292837], "aligned_model": [[-0.04556291060364781, -0.032622746156259014, -0.6936044632069199, 0.2308273904455868, 0.19407784501227232, 0.09200181518644128, -0.25999438762726723, 0.5562582080351368, 0.31242827411193225, 0.6215986570890042, -0.430527979012166, 0.04842412246945138], [-0.1488547037442964, -0.5350602584261166, -0.08356486356077766, 0.0883688732502722, 0.5534317838651883, 0.6129162636827457, -0.3887371568483958, -0.38883833662527584, -0.4418209400193331, 0.15002601503342472, 0.5959299473574788, 0.0719724213247952], [-0.6797038870143065, -0.1766008302345106, 0.0790578206833425, 0.688680939605773, -0.5220952269897832, 0.4129720907128096, 0.4207790004530055, -0.2635140726767282, 0.44897332369040777, 0.29064042724571354, -0.032782542345617775, 0.022364387508994457]], "inverted": false, "swapped": true, "error_lsq": 0.03954707511772316, "error_max": 0.1962247575055842, "target": "173.xyz", "model": "3.xyz", "model_rescale": 3.7530521520055578, "target_rescale": 4.127444162007689},
{"mapping": [5, 2, 3, 0, 4, 7, 12, 6, 14, 9, 15], "R": [[-0.45173355016231576, -0.8859056818917834, 0.10539412910406859], [0.8920987007743533, -0.4472409028986073, 0.0643077199965101], [-0.009834009073698118, 0.12307192029985169, 0.9923490286684647]], "T": [-0.010587976696573353, 0.041904891391579005, -0.01664387718360856], "aligned_model": [[-0.4051342569542697, -0.09338369993412159, 0.2987055882998876, 0.5865262153482513, 0.184707973521347, -0.36715604406316255, -0.2877529082390253, -0.7116980029430697, -0.2544021684485533, 0.3980725633933765, -0.010285657535455633], [-0.613755959501007, 0.13098756464959954, -0.29441860149698346, 0.24013403670312722, -0.6279533965926054, 0.6295967049035602, -0.5659289629583497, 0.004065938680166949, 0.19018962803089523, 0.3533912506418868, 0.020895155254055768], [-0.10698803205675661, -0.6969953367854894, -0.4367445963046863, -0.3523153124328678, 0.11618402458422634, -0.19508685808538023, 0.5568140560933479, 0.15329157370728463, 0.6310588870273063, 0.3915861582681284, 0.03202621323020297]], "inverted": false, "swapped": true, "error_lsq": 0.04469193233929528, "error_max": 0.24960576928666459, "target": "173.xyz", "model": "4.xyz", "model_rescale": 3.7855080009869324, "target_rescale": 4.127444162007689},
{"mapping": [1, 0, 4, 6, 13, 8, 10, 5, 7, 2, 12, 3, 15, 14, 9, 16], "R": [[-0.17635002905983058, 0.1022609711699621, -0.9790012058347904], [0.4027079287421517, 0.9150385402835093, 0.02303896534203015], [0.8981798212934887, -0.3901886256302218, -0.20254837706087805]], "T": [-0.06106874643031475, 0.005698132380313718, 0.0348651280545088], "aligned_model": [[-0.03829601465293987, 0.4903907221569012, 0.1730132430187773, -0.3424246145902413, -0.7705658012049398, -0.34542759040202864, 0.31371668756111, 0.7086108278338296, 0.2347717364982202, 0.20667641643717377, -0.5425633460105356, 0.5400937560862621, -0.33270440829172027, -0.29669856766825287, 0.23135205715905333, -0.06458889965242573], [-0.7266077727842672, -0.5153379261545398, -0.26604937956138386, 0.07512194725387113, 0.14996586277897384, 0.6408137903214483, 0.6246197918448086, 0.07424607320229029, 0.37284330676340394, -0.4464583229605905, -0.4389979058824341, -0.06354976490099234, 0.6099063899985122, -0.10271646272281257, 0.19030727571428957, -0.0017486358017830108], [-0.15569563112179616, -0.14648470936610736, -0.6119421816091963, -0.5500248423222611, 0.009011886339956802, -0.0703870588904218, 0.12109813790491333, -0.20596214903207047, -0.5474168495677857, 0.5541461263909613, 0.21782317553712893, 0.37578297694095947, 0.5252369821784509, 0.6597029161602475, 0.6572183694493668, 0.08795850203582714]], "inverted": false, "swapped": false, "error_lsq": 0.03526231140720072, "error_max": 0.30357648814686916, "target": "173.xyz", "model": "5.xyz", "model_rescale": 4.2253639853439635, "target_rescale": 4.127444162007689},
{"mapping": [3, 5, 13, 10, 4, 14, 9, 0, 6, 8, 12, 11, 1, 15], "R": [[0.20274148407518303, -0.6314668342493585, -0.7484287059420462], [0.7522447840659535, 0.5897488127000791, -0.29380967098517075], [0.6269160035288295, -0.5034341815589608, 0.5945841818931109]], "T": [0.13977578779851185, 0.02405518020113266, -0.005778178770762803], "aligned_model": [[0.4659470949399854, -0.21158468495888272, -0.37048358845160256, 0.07572234587294133, -0.1715961532279195, -0.426174610943613, 0.09230764415898152, 0.7303820652216012, -0.2883903593815499, 0.36131033139138213, -0.6919919539119087, 0.03410257021561991, 0.6833672114351415, 0.09114424039760693], [-0.2877529324416238, 0.1422588643908403, -0.43801266229493035, -0.7133259823510824, -0.44064870334074824, 0.15281182779880947, -0.31240340090572016, -0.3563269652847872, 0.597148876143239, 0.7316797373576579, -0.09428404260951655, 0.3324433975326602, 0.12690448055904963, 0.004606652081141898], [-0.43198070657980125, -0.6812733247235656, 0.2641429342928051, -0.001041008303716555, -0.4434900710049072, 0.39928288557554065, 0.555667588342614, 0.11673350760469164, -0.10628926669417896, -0.23145322768453758, -0.2690169434001762, 0.7359735872159962, 0.5618947466704604, 0.0024075076202239656]], "inverted": false, "swapped": true, "error_lsq": 0.03913888553055962, "error_max": 0.28027655063591334, "target": "173.xyz", "model": "6.xyz", "model_rescale": 3.89814844738969, "target_rescale": 4.127444162007689},
{"mapping": [7, 11, 9, 8, 0, 14, 6, 2, 5, 12, 13, 4, 15], "R": [[-0.08141499078092151, -0.9760229710502853, -0.20186817297017523], [-0.28952913176931017, -0.1706460458751633, 0.9418348097644731], [-0.9537004147703052, 0.1351261892060373, -0.2686939371433645]], "T": [0.055257420827888634, 0.021377258917571237, 0.025302053252825116], "aligned_model": [[0.004680701518346493, 0.035379613275041646, 0.3937606889359277, -0.2593566960229663, 0.7576723868781384, -0.3143400706398717, -0.6294328639550504, 0.2311133130259458, -0.4932060100748228, -0.5852885294552475, 0.025419540002427493, -0.05036424668808863, 0.03259397410444214], [-0.34944228812111316, 0.2516114952723315, 0.5134884630354386, -0.6498632858573185, -0.08268434978469545, 0.5040289245300228, -0.0855718599555839, -0.6445263975819503, -0.13223563371891683, 0.5150650041020287, 0.7563780962244, 0.2988850837078272, 0.06864801361801486], [-0.5782699894774231, -0.7512691753056032, -0.24658220729270094, -0.20095749710156416, 0.0908753854657829, -0.3371860954756369, -0.1787229761216707, 0.08288667345150412, 0.5442538132039748, 0.3733102296505371, 0.10021666747264232, 0.6705363953115796, 0.033183807054873754]], "inverted": false, "swapped": true, "error_lsq": 0.041057001488678684, "error_max": 0.2708450702306285, "target": "173.xyz", "model": "7.xyz", "model_rescale": 3.7474275329858107, "target_rescale": 4.127444162007689},
{"mapping": [6, 8, 2, 5, 0, 4, 12, 13, 3, 10, 14, 9, 11, 1, 15], "R": [[0.22013652731819577, -0.7024310642299931, -0.6768533883678245], [0.9001488068646668, -0.12108016479602912, 0.4184157253176358], [-0.3758617230317583, -0.7013773547083525, 0.6056383173659936]], "T": [0.05076774242073888, -0.06550741675948317, -0.03745087646779009], "aligned_model": [[-0.4126605602439441, 0.21577949917364658, 0.5722513587610054, -0.3648872960304598, 0.6681525695172131, -0.2748743450357962, -0.7942343803055596, -0.40973991038081126, 0.352747081857096, 0.02418993773983756, -0.48250694207768463, 0.07037649914043424, -0.003553191868553393, 0.637024312297632, 0.004089089794690956], [0.1465305769064012, 0.06686745459324543, -0.2319473432490644, -0.5798177107165208, -0.17408032369742002, -0.6555713270850544, -0.30764542332269174, -0.02500767310556541, -0.6062488514659732, -0.4138960677824887, 0.38137533746915087, 0.26536177637769326, 0.7374402156039854, 0.4508637840910051, -0.065106462637109], [-0.5494461989528963, -0.7830964418443787, -0.4593768792247359, -0.4329705289732961, 0.3024952427697901, 0.18677155383059735, 0.012318525525263982, 0.5396290156379493, 0.003387766606848322, 0.6150636683740215, 0.0924202474684402, 0.5289588908943286, 0.05630486803649544, 0.09666169536204013, -0.012326769814206974]], "inverted": false, "swapped": true, "error_lsq": 0.039580176899155675, "error_max": 0.2806572121157776, "target": "173.xyz", "model": "8.xyz", "model_rescale": 4.019505241142653, "target_rescale": 4.127444162007689},
{"mapping": [9, 4, 14, 11, 1, 7, 6, 0, 2, 3, 5, 8, 15], "R": [[-0.9507041448664852, -0.1703292711686968, 0.25913233745873093], [0.19035027854555023, -0.9802273548586227, 0.0540472408592628], [0.2448027785612666, 0.10070884851892736, 0.9643284333870257]], "T": [-0.09174427396850343, -0.05861236817416063, 0.0021227750009062876], "aligned_model": [[-0.2050516912468261, -0.7489643828380448, 0.009376642556946979, 0.4179655838119301, 0.3539024520623582, 0.6126178284317065, 0.26399612439586, -0.22245574150107542, 0.19290157377694167, -0.43056151108512314, -0.32501412529661194, 0.5207344958993649, -0.11974647722625069], [-0.5430906876431102, 0.20636613258517175, 0.08744511360157287, -0.33277680559450296, -0.7138329045985291, -0.14937453596597444, 0.5287808776058498, -0.6735703009147186, -0.09471208291695896, -0.12557710234344535, 0.6471637048423327, 0.269203878970512, -0.042647059514140634], [-0.4258037818108978, 0.05051707501147972, -0.6830008388416664, -0.56488297980512, 0.02230219372751207, 0.0013421548996363133, -0.22211606306854675, 0.33865912972284246, 0.6308854607579406, 0.5178545072351435, 0.20506438285128703, 0.3458458614632939, -0.03996360809902542]], "inverted": true, "swapped": true, "error_lsq": 0.04878174165576707, "error_max": 0.27842525115627564, "target": "173.xyz", "model": "9.xyz", "model_rescale": 3.877068213659057, "target_rescale": 4.127444162007689},
{"mapping": [11, 0, 8, 9, 14, 2, 4, 1, 7, 12, 10, 5, 13, 6, 3, 15], "R": [[-0.10499930644254074, 0.6185705096973809, 0.7786820083829524], [0.5325509621325789, 0.6962487241935443, -0.4812766219031701], [-0.8398598802051747, 0.3641541412528283, -0.40252595323800583]], "T": [-0.028905233906100697, 0.0405604686485458, 0.1023183296951643], "aligned_model": [[-0.10796918885516901, 0.46705280993451515, 0.06838475151469872, -0.4816788123181024, -0.7998698620238148, -0.2869414391582562, 0.319583922027159, 0.7872751205173689, 0.3567166052477634, 0.2033329181693652, -0.5887391118736117, 0.6990419602666849, -0.48879992864322175, -0.2605745858154864, 0.2527608664767971, 0.02578017881155307], [-0.6569462966397842, -0.5546965058688204, -0.14542529767557605, 0.008115937338386406, 0.1582615838354392, 0.5495039031211653, 0.6200908621144329, 0.07162817533038864, 0.4764827544659432, -0.5468381899021719, -0.39218911493934505, -0.07495893331340857, 0.5521377138582392, -0.1081247850757326, 0.24832983256993213, -0.029013372110293326], [-0.12547209957816297, -0.08060457393369239, -0.6401551642894681, -0.3768358657155701, 0.06651977785766611, -0.2364282647316832, 0.13043435699579087, -0.190582740391897, -0.4700051167161594, 0.5013464895622599, 0.1525637916220241, 0.36259432265043323, 0.45505631730067175, 0.6541576014362032, 0.6317117958798341, 0.08576502307992287]], "inverted": true, "swapped": false, "error_lsq": 0.02831083291688874, "error_max": 0.19132370725979828, "target": "173.xyz", "model": "10.xyz", "model_rescale": 4.260839863003843, "target_rescale": 4.127444162007689},
{"mapping": [7, 6, 12, 14, 10, 9, 1, 8, 5, 4, 3, 15], "R": [[0.4321298719794391, 0.28560503027062234, -0.855390869969484], [-0.03937965696571227, -0.9416443418297706, -0.3342980348689492], [-0.9009511731277654, 0.1781451660418975, -0.3956656207653229]], "T": [0.03324225226895597, 0.12044524662987716, -0.051632986983362106], "aligned_model": [[0.49032842070113847, 0.2640355341285365, -0.4098396998978997, -0.3352127096154208, -0.5528513005590886, -0.4575254606507049, 0.19088767495947453, 0.767669409991745, 0.18661285353068408, -0.3163676647190228, 0.142151537115169, -0.010989945890481051], [0.12324214980639164, -0.541991530848134, -0.5839717756321341, -0.3143222283713339, 0.4269409729805638, 0.3851874196173238, 0.6675379220738757, -0.09514870223179728, -0.40039736258006126, -0.02362269012311291, 0.4383578502716413, 0.0912664805697112], [-0.5951665772317143, -0.22419338107245323, 0.23578906752990997, -0.4713600146217743, 0.2806484903149782, -0.3976641772943485, -0.6031397320868672, -0.17359730476343946, 0.4951031651760845, 0.549625045132687, 0.4702204019517206, -0.05008690563927881]], "inverted": false, "swapped": true, "error_lsq": 0.046725376992457525, "error_max": 0.2273833969584646, "target": "173.xyz", "model": "11.xyz", "model_rescale": 3.890672605050136, "target_rescale": 4.127444162007689},
{"mapping": [4, 12, 14, 10, 13, 2, 5, 0, 3, 8, 11, 6, 7, 15], "R": [[0.305176441439702, 0.5516051151680823, -0.7762725916265544], [-0.6808253267384992, -0.4435776569352389, -0.5828513847793965], [-0.6658409825638675, 0.7063785523274689, 0.2401772819192799]], "T": [0.09277576621202252, -0.0429632879675055, 0.18879513230554804], "aligned_model": [[0.3084888219974765, 0.28617743356317504, 0.3806060374782283, 0.6915717312817926, 0.752742288513373, -0.44365292675933277, -0.2664119632407159, 0.28377044172846955, 0.007305516903030634, -0.650165974675187, 0.2888798184184983, -0.2848924355920548, -0.2713549793464375, 0.12681202452337736], [-0.38365082659434446, 0.22194742571863538, 0.5847080568301133, -0.4475873674814599, 0.12219542001213193, -0.3763739955193222, -0.1401198290829128, -0.5462993067973109, -0.6538889103544958, 0.1311321961527919, 0.6119604980259643, 0.4946445738009986, 0.33553954307308886, -0.02205495795611312], [-0.3959216916603411, -0.628244954745996, 0.03344066069596102, 0.028860740797498258, -0.10085210144191228, 0.4694203636915981, -0.4859379753060431, 0.6564374645505207, 0.1200540542142277, 0.3246907821789212, 0.6236328481213387, -0.11155404619494688, 0.6668210299313475, 0.15394326052468732]], "inverted": true, "swapped": true, "error_lsq": 0.04841677029552116, "error_max": 0.35934912461318574, "target": "173.xyz", "model": "12.xyz", "model_rescale": 4.124412569039231, "target_rescale": 4.127444162007689},
{"mapping": [3, 2, 1, 5, 0, 10, 8, 13, 7, 6, 9, 11, 15], "R": [[-0.25597848539584367, 0.8491171564572059, -0.46203362391115965], [-0.9240346374308487, -0.07452713789726535, 0.37497425850967725], [0.28396303252798616, 0.5229204149073462, 0.8036910076830766]], "T": [0.0447658346785402, 0.025156263143484917, -0.03212480163489257], "aligned_model": [[-0.1054493480780112, -0.19428352845487384, 0.6205246883312154, -0.675570879089709, 0.4624229100163253, 0.3606988464356369, -0.41039717182157365, 0.3591274412361125, 0.11253872549363902, -0.40011047367454555, 0.6669802738433697, 0.522137949236854, 0.048678874035318384], [-0.23822782958556427, 0.3898758122216831, 0.522291764424624, -0.23771768568267965, -0.0102160615381265, -0.626496306395058, 0.6473866479775534, -0.495965213238499, 0.7287039329804454, 0.2995723258981216, -0.10155312063727114, 0.47905124732020793, -0.00922013723695924], [0.5094699121407692, 0.5040692076092788, 0.19076575563686576, -0.10783669504812271, 0.5447866568242844, 0.12081807590213722, 0.047845701059093464, -0.45205088628980095, -0.10134808749452129, -0.5307689708412754, -0.1978742348986161, -0.503888525790376, -0.07228982784187796]], "inverted": true, "swapped": true, "error_lsq": 0.04302792280947732, "error_max": 0.23796543842660126, "target": "173.xyz", "model": "13.xyz", "model_rescale": 3.9028299243045295, "target_rescale": 4.127444162007689},
{"mapping": [9, 14, 1, 6, 3, 2, 8, 12, 12, 10, 7, 13, 0, 4, 5, 15], "R": [[-0.8355924019016407, -0.4945189451276301, -0.23924119794488374], [-0.44639652669083696, 0.35739963720677426, 0.8203631148965824], [-0.3201803848498592, 0.792285625411898, -0.5193919607801742]], "T": [-0.028087277105186298, 0.04904007406154427, 0.027185955375912767], "aligned_model": [[-0.1712638304896549, 0.5118428666944663, -0.04798502001083882, -0.49895991229683, -0.6399571301840441, -0.24775453406289366, 0.24070324873070123, 0.6037219266175767, 0.6037219266175767, 0.10527281849619016, -0.4888059464405733, 0.6991798650833475, -0.4395867795028202, -0.272692105510397, 0.27468174921140853, -0.06676293867497216], [-0.6585981095838774, -0.6481872585832146, 0.08129152069613162, -0.16128747871959137, 0.1140457623755794, 0.6660037373698539, 0.7546490050800478, 0.23911824319360753, 0.23911824319360753, -0.4948904645768741, -0.6877951243603496, -0.10097347147046835, 0.6464060480001751, 0.03314058627685747, 0.2109660406595924, -0.05664901244228222], [-0.2549383648653861, -0.04629968412265924, -0.621476267788072, -0.3952469318594595, 0.12758012163185967, -0.3093432468245083, 0.18958930892938947, -0.19401013109827644, -0.19401013109827644, 0.5188232770742215, 0.2829986875249771, 0.3121943619976681, 0.42848193336669654, 0.659071196611812, 0.4069394697766903, 0.009712051771496182]], "inverted": true, "swapped": false, "error_lsq": 0.04561019974299947, "error_max": 0.3870661319958946, "target": "173.xyz", "model": "14.xyz", "model_rescale": 3.942246331269136, "target_rescale": 4.127444162007689},
{"mapping": [5, 3, 4, 0, 1, 10, 14, 12, 6, 13, 9, 11, 2, 7, 15], "R": [[-0.10701781347288597, 0.8745215421386887, -0.4730319861646278], [0.06321853228220303, -0.46881641691736864, -0.8810304106016117], [-0.9922452341914104, -0.12419033603356644, -0.005114260484486988]], "T": [-0.12399899732986655, -0.07175841689166444, -0.02019933577402781], "aligned_model": [[-0.8018418753684378, -0.20933510938782096, -0.2708090581917035, 0.32091339916158557, 0.3841507138987498, 0.2890749014654611, -0.0029492735172568785, -0.4465426700091011, -0.6265012020732048, 0.24199066380342174, 0.5015292576430893, 0.2606339942136051, -0.38763689656442946, -0.1613130335725576, -0.11706977496919063], [0.09725290335799473, -0.4840231291988796, 0.13499567626674347, -0.6018208218511165, -0.4602733814441791, 0.013504623288167275, 0.572902782473056, 0.6718054011259809, 0.3007148910346418, 0.5031206056728751, 0.12362023389771047, 0.2054299260027942, -0.7005810074015029, -0.25644666209691536, -0.02205735124571946], [-0.34529038655514677, -0.4762872334298536, -0.6836700861712528, -0.19225244132990862, 0.44794824566951574, -0.6284397744220366, 0.24571699765596985, -0.364023160950111, 0.3412149442781991, -0.30706935295319976, 0.01473683340291666, 0.6368317808615986, 0.09269960485570604, 0.6645358440947593, -0.037289334646640276]], "inverted": true, "swapped": true, "error_lsq": 0.04003497976269698, "error_max": 0.24289328112645273, "target": "173.xyz", "model": "15.xyz", "model_rescale": 4.355366556412066, "target_rescale": 4.127444162007689},
{"mapping": [0, 3, 2, 14, 7, 9, 6, 13, 5, 10, 12, 15], "R": [[0.8646364042246332, -0.3285642474171522, 0.3800650257636151], [0.10540305612528261, -0.6210307339704015, -0.7766666100867443], [0.4912169421436393, 0.7115942402685571, -0.5023341049218814]], "T": [-0.06920137220512124, -0.08733891364620863, -0.1002223853448963], "aligned_model": [[-0.11040520458075405, 0.40413305604510685, 0.06519852428149955, -0.4360761819736444, -0.5858662940805752, -0.47254133448804203, -0.1309874219020296, -0.11158287160412056, 0.555105512695548, 0.1870572395535145, 0.29912479636804046, -0.06535126568276292], [-0.6870584559617028, -0.46554576307537976, -0.6582451654031404, 0.5168881628299173, -0.2778226763932927, -0.013253730488577836, 0.36393703189756765, 0.4155371819535413, 0.21303360430681947, -0.06656112741026265, 0.7112902081052841, -0.039422842619793036], [0.2833844180320029, 0.03459123971177033, -0.4658337672422193, -0.06465402866727687, -0.548706104559763, 0.41213219044482, -0.660934091796235, 0.4401924279056674, -0.4374719204109933, 0.5938641154545878, -0.05943323919355989, -0.0778727784693804]], "inverted": true, "swapped": true, "error_lsq": 0.04892827678692719, "error_max": 0.2929685836940665, "target": "173.xyz", "model": "16.xyz", "model_rescale": 3.795458400668931, "target_rescale": 4.127444162007689},
{"mapping": [7, 11, 9, 8, 0, 14, 6, 2, 5, 12, 13, 4, 15], "R": [[-0.08141499078092151, -0.9760229710502853, -0.20186817297017523], [-0.28952913176931017, -0.1706460458751633, 0.9418348097644731], [-0.9537004147703052, 0.1351261892060373, -0.2686939371433645]], "T": [0.055257420827888634, 0.021377258917571237, 0.025302053252825116], "aligned_model": [[0.004680701518346493, 0.035379613275041646, 0.3937606889359277, -0.2593566960229663, 0.7576723868781384, -0.3143400706398717, -0.6294328639550504, 0.2311133130259458, -0.4932060100748228, -0.5852885294552475, 0.025419540002427493, -0.05036424668808863, 0.03259397410444214], [-0.34944228812111316, 0.2516114952723315, 0.5134884630354386, -0.6498632858573185, -0.08268434978469545, 0.5040289245300228, -0.0855718599555839, -0.6445263975819503, -0.13223563371891683, 0.5150650041020287, 0.7563780962244, 0.2988850837078272, 0.06864801361801486], [-0.5782699894774231, -0.7512691753056032, -0.24658220729270094, -0.20095749710156416, 0.0908753854657829, -0.3371860954756369, -0.1787229761216707, 0.08288667345150412, 0.5442538132039748, 0.3733102296505371, 0.10021666747264232, 0.6705363953115796, 0.033183807054873754]], "inverted": false, "swapped": true, "error_lsq": 0.041057001488678684, "error_max": 0.2708450702306285, "target": "173.xyz", "model": "17.xyz", "model_rescale": 3.7474275329858107, "target_rescale": 4.127444162007689},
{"mapping": [7, 6, 8, 14, 0, 10, 2, 5, 9, 3, 13, 12, 4, 15], "R": [[-0.40989151810238705, -0.08164578397278253, 0.9084728445843553], [0.4102196689068622, -0.9060769069798875, 0.10365549613843364], [0.8146832308509024, 0.4151609381881082, 0.40488594538845746]], "T": [0.09370107556364751, -0.12846893611200563, 0.004736218755039701], "aligned_model": [[0.5385554529521644, 0.1789391175260191, 0.7656414509499806, -0.36005028700845987, 0.23703775141487418, -0.4130963021410141, 0.7563228161976966, 0.1364693954330934, -0.33189843930798024, 0.2695967226186352, -0.6449262000019127, -0.48648424741452667, -0.2755816789374397, 0.04432209560174648], [-0.36383602828195627, 0.34363667337649273, 0.09974077895575376, -0.08240587490112888, -0.6620954406081936, -0.28407040940579664, -0.15437063183158894, 0.6282941567573181, -0.6223495323701025, -0.06651934023905678, -0.1612390764478054, 0.5257591880056841, 0.27156275087553994, -0.11169897237392612], [-0.4963339026944362, -0.5353710691119773, -0.3069619581284163, -0.5365035519031791, 0.45552754064321493, 0.5212639165156557, 0.1994937450321689, 0.14330200480815686, -0.07027018398052398, 0.5967527593527793, -0.004461340191099738, -0.09776718422876994, 0.4609146731724494, -0.004790730624367724]], "inverted": true, "swapped": true, "error_lsq": 0.034944131843813266, "error_max": 0.18572614410956947, "target": "173.xyz", "model": "18.xyz", "model_rescale": 3.922800546911778, "target_rescale": 4.127444162007689},
{"mapping": [11, 1, 9, 14, 3, 7, 0, 12, 2, 13, 10, 4, 6, 5, 15], "R": [[-0.7970707007187686, -0.20532737071206034, 0.5679075355127483], [0.41411792737807346, 0.49862139290426943, 0.7615005244661982], [-0.4395277468826968, 0.8421504481829113, -0.31240675784230676]], "T": [0.0017003862814823772, -0.01005081401489169, 0.030047774108998743], "aligned_model": [[-0.26722631665619967, -0.37129201380649907, 0.28907933753009596, 0.12229138351875134, 0.154389414090161, -0.652798354945962, 0.06222323637214096, 0.5022738656040681, -0.4715982579257858, 0.6291495359679009, 0.6851493649741471, 0.5821103637750731, -0.305384230380199, 0.09697827356089327, 0.040705235209032076], [0.5345539271102057, -0.14419696108352945, 0.1585231956772857, 0.679228835537718, -0.5869584934468596, 0.15530958525320238, -0.5717508057691878, 0.4894185418428759, -0.5003309208044399, 0.34667776207739043, -0.238133112216656, -0.14008521253625678, 0.5052978051253271, 0.004812088003895959, 0.02524527026360706], [-0.5061890282823027, -0.6563949732615693, -0.5353503975418269, -0.07627235608408872, 0.20070592838910303, -0.19052350202015456, -0.40509078855204095, 0.5545408144508207, 0.1452986887328082, -0.13051690742016234, -0.1394580425002174, 0.4182606008776991, 0.43251510405662075, 0.7945222362836811, 0.03661179003495876]], "inverted": false, "swapped": true, "error_lsq": 0.03423097473891435, "error_max": 0.2102880190692439, "target": "173.xyz", "model": "19.xyz", "model_rescale": 3.9282355846067225, "target_rescale": 4.127444162007689},
{"mapping": [3, 4, 12, 10, 0, 13, 9, 14, 1, 7, 5, 2, 6, 15], "R": [[0.2922449146131778, 0.683717448030936, 0.668672835653431], [0.8447073631960587, -0.5123768491330687, 0.1547237377871612], [0.44839979978262495, 0.5196156423074006, -0.7272806912220131]], "T": [-0.056944086511613354, -0.06275595134795098, 0.11494236522936155], "aligned_model": [[-0.5755264839743626, -0.08693207778588068, 0.5563838130720378, -0.3144738193252017, -0.7057987223546598, 0.25522885748373464, -0.0262079819791025, 0.5878618006928888, -0.35329119058434066, 0.04684800492542926, 0.1403866798920928, -0.5086289863469574, 0.5375242446229191, -0.02085131925392083], [-0.40371851973056605, -0.6994765580717781, -0.6435784154239316, -0.2950799411642424, 0.15936570615759132, -0.1517308824796446, 0.316216926395851, 0.11605369122458858, 0.6721392326307376, 0.47435678063059994, -0.756006853927165, -0.037572711654001514, -0.14850092848272217, -0.07958543868048136], [0.12374233265811671, -0.19839686786034347, -0.13327235598215997, -0.5389385593786313, -0.08041652411680086, -0.5494071241698442, -0.4199537000798681, -0.11571988468556893, 0.1356698153147985, 0.5678236594658509, 0.3873092862784291, 0.6374512347644975, 0.5163403160081759, 0.0799515290270306]], "inverted": false, "swapped": true, "error_lsq": 0.03909793400674026, "error_max": 0.2634791990231162, "target": "173.xyz", "model": "20.xyz", "model_rescale": 4.067790424073018, "target_rescale": 4.127444162007689},
{"mapping": [0, 5, 1, 9, 7, 8, 11, 3, 2, 4, 12, 14, 10, 6, 15], "R": [[0.902493734650049, 0.2679692751895566, -0.33719063817340916], [0.42945798627072174, -0.6193620279863399, 0.6572339890152863], [-0.032724561810723585, -0.7379587697446466, -0.6740518950431518]], "T": [0.07738645396744159, 0.04195549174579943, -0.015746283481108375], "aligned_model": [[0.24802480925023315, 0.21588307894906975, -0.29433119701406163, 0.27559013207295474, -0.6106907643461515, -0.5919115537122495, -0.3540387482066212, 0.3806323506795428, -0.24933321224404686, 0.696059100869417, 0.47015284193768214, 0.014158303527432525, 0.7835303262739353, -0.3219278067029185, 0.10664629257329643], [-0.15851124652580914, 0.7214123005440256, -0.4780638561033043, -0.5834943760131148, -0.11763425792705329, 0.43082323438206965, -0.6077779986974812, 0.3872508497783403, 0.4034824387629193, 0.3537123326159794, 0.2585207541006026, -0.3291574577444813, -0.1370416151616007, 0.2686171519005222, 0.028756886016233132], [-0.6784763215718188, 0.3202256124038708, -0.4844978493726726, -0.030123897203513134, -0.08953791718602133, -0.05526022090921587, 0.20376337501522096, -0.43296763632811053, -0.5058702365121431, 0.14092443422522502, 0.7418620893812211, 0.5836116844302914, -0.1468078354945553, 0.5419612794551845, 0.026443013288177858]], "inverted": true, "swapped": true, "error_lsq": 0.04815600984318171, "error_max": 0.2944831781570095, "target": "173.xyz", "model": "21.xyz", "model_rescale": 4.186013935880536, "target_rescale": 4.127444162007689},
{"mapping": [6, 5, 8, 11, 13, 7, 14, 12, 2, 3, 10, 0, 15], "R": [[-0.8714761807816717, 0.3478392183155799, 0.3457414417332671], [0.44886459362337966, 0.2816449638365232, 0.8480546509139857], [0.1976103310090594, 0.8942505200150181, -0.401579586796142]], "T": [0.02970465658209865, 0.02223415604585293, 0.07002780610330267], "aligned_model": [[0.013714802949746377, -0.48369809055850654, 0.4490231949172148, 0.5133692105942143, -0.4203813306006656, 0.6788396883664026, -0.0610080066182321, -0.7163080436779512, 0.3893189781206413, -0.1486134201447363, -0.4168528454044689, 0.26983645315191557, -0.008666555672349328], [-0.36790035101630825, 0.17353301275172792, 0.14723084470746572, -0.6101044251828783, -0.40209714830533977, -0.14494795540237174, -0.6797087066243971, -0.3783172230878666, 0.5560194906965411, 0.6113782189831545, 0.1606953430359902, 0.4663506853379132, -0.013175126347537959], [-0.5377587548663612, -0.4842701824967763, -0.5697276837756342, 0.22063431900899028, 0.4751133250828509, -0.16457441871513367, 0.06987202510108059, -0.1711361189225715, -0.18180491476485644, 0.14985607203211462, 0.6438493464886401, 0.5736275415284864, 0.0791990056345155]], "inverted": true, "swapped": true, "error_lsq": 0.05077493962405788, "error_max": 0.30058766324913616, "target": "173.xyz", "model": "22.xyz", "model_rescale": 4.166573947596378, "target_rescale": 4.127444162007689},
{"mapping": [8, 3, 0, 7, 10, 5, 6, 2, 1, 9, 10, 11, 13, 14, 12, 15], "R": [[0.6009824692125608, -0.2867595622966366, -0.7460489428520192], [-0.00654577533028286, 0.9316248333855744, -0.3633625223445952], [0.7992353999445341, 0.22325797466326341, 0.5580131290791989]], "T": [0.1219584478525319, -0.059114389428198896, 0.0676021598725442], "aligned_model": [[-0.08165856340539634, 0.5786142996479913, -0.07868096700803967, -0.49240451356859377, -0.6102804867465195, -0.32076081582066424, 0.42576922774114495, 0.7231563062372943, 0.28728007807519335, 0.0728751006383514, -0.6102804867465195, 0.6834370220322987, -0.5691932818594088, -0.28459172044836784, 0.32029978299401973, 0.12177522251545903], [-0.7362787063464103, -0.4452121990380368, 0.0009181467764685369, 0.0025539238134336395, -0.11117752010152766, 0.5712840719901747, 0.6386007767367303, 0.13753585680591202, 0.3885666068011502, -0.5565371965246528, -0.11117752010152766, -0.25859020330671956, 0.39077653672776, 0.0363276790379906, 0.23610091232138947, -0.007332898483339588], [-0.3249124778675877, 0.005791428995832723, -0.7216352458801591, -0.2931537387985825, 0.21611749977323239, -0.24490290347100574, 0.06716754074966774, -0.16196058736387176, -0.4618782883621008, 0.4001837923909836, 0.21611749977323239, 0.5843656820381107, 0.2592283062473816, 0.739603302313278, 0.6179565871431971, 0.021977253346564432]], "inverted": false, "swapped": false, "error_lsq": 0.048326084623258186, "error_max": 0.34451704232081304, "target": "173.xyz", "model": "23.xyz", "model_rescale": 4.274766983524099, "target_rescale": 4.127444162007689},
{"mapping": [5, 2, 8, 6, 7, 11, 14, 9, 10, 0, 15], "R": [[-0.9606943587284803, -0.2714919939615864, -0.057952103689478916], [0.18187572318176237, -0.45782054346910744, -0.8702422486266467], [0.2097321397029676, -0.8465768997512354, 0.4892034161606007]], "T": [0.07770634635070695, 0.08159483321691922, 0.02196075125185123], "aligned_model": [[0.30611311511257533, 0.011935696129221157, -0.4176395764150439, -0.37677560192040094, -0.5805836356234919, -0.5623178874964849, -0.24765948357935397, 0.08729533178423056, 0.7124509331584742, 0.3575994513374957, 0.08947636147085355], [-0.130492214020982, 0.7172108458846284, 0.4238084009335524, -0.24926003879257302, 0.34624710041748813, -0.11217051339780394, -0.5257747678091471, -0.10310206959559058, -0.07215324760631832, 0.5910031746244923, 0.030269860605737248], [-0.6827160664140832, -0.24135553964842563, -0.4661597118185928, -0.4317421527265461, 0.05323100653804054, 0.4794427447634055, 0.18379967873742986, 0.6516226099668045, 0.37026679520574285, 0.4350932437041252, 0.028083825713676652]], "inverted": false, "swapped": true, "error_lsq": 0.048890349582522724, "error_max": 0.2943591267667233, "target": "173.xyz", "model": "24.xyz", "model_rescale": 3.7841303162186577, "target_rescale": 4.127444162007689},
{"mapping": [6, 1, 4, 3, 13, 12, 9, 8, 2, 7, 11, 0, 14, 10, 10, 15], "R": [[-0.39042508363569106, -0.30533763620312004, -0.8685258671944979], [-0.9060338027778144, 0.29478550162729733, 0.3036515375464367], [0.1633125907333416, 0.9054669712078038, -0.3917378737877284]], "T": [0.05490966643105431, 0.006576037197666699, 0.038201099358087603], "aligned_model": [[-0.15731157501235654, 0.673524944640454, 0.1723062861570045, -0.5127365580488624, -0.7080245885721417, -0.3295428567683598, 0.1361620082732961, 0.6273324125500255, 0.3572140191414602, 0.07755246741485021, -0.553274637226046, 0.6032909395999212, -0.315189448186025, 0.03518578246533567, 0.03518578246533567, 0.023681225384351613], [-0.6252215447783362, -0.3196186555683525, -0.22342272169369098, -0.1964185123412363, 0.17940837954493194, 0.5939872537977513, 0.5764851705483337, 0.11850431616362825, 0.4754874882316422, -0.4810733028740598, -0.37231242331919584, -0.37939835135662875, 0.6193714008450616, 0.12863924703739724, 0.12863924703739724, -0.04669872416584783], [-0.2407620027405988, -0.21467941349411498, -0.6618152914812347, -0.4961890804958696, 0.045966487469213696, -0.24870694592149004, 0.14184638480208042, -0.05803841296505702, -0.4692702371218912, 0.46772523697025603, 0.3138511609125444, 0.34090838365997467, 0.3799721483989221, 0.8062939625472513, 0.8062939625472513, 0.006669307940935766]], "inverted": false, "swapped": false, "error_lsq": 0.04826976138502896, "error_max": 0.4038105471251231, "target": "173.xyz", "model": "25.xyz", "model_rescale": 4.19342608120988, "target_rescale": 4.127444162007689},
{"mapping": [0, 3, 2, 14, 7, 9, 6, 13, 5, 10, 12, 15], "R": [[0.8646364042246332, -0.3285642474171522, 0.3800650257636151], [0.10540305612528261, -0.6210307339704015, -0.7766666100867443], [0.4912169421436393, 0.7115942402685571, -0.5023341049218814]], "T": [-0.06920137220512124, -0.08733891364620863, -0.1002223853448963], "aligned_model": [[-0.11040520458075405, 0.40413305604510685, 0.06519852428149955, -0.4360761819736444, -0.5858662940805752, -0.47254133448804203, -0.1309874219020296, -0.11158287160412056, 0.555105512695548, 0.1870572395535145, 0.29912479636804046, -0.06535126568276292], [-0.6870584559617028, -0.46554576307537976, -0.6582451654031404, 0.5168881628299173, -0.2778226763932927, -0.013253730488577836, 0.36393703189756765, 0.4155371819535413, 0.21303360430681947, -0.06656112741026265, 0.7112902081052841, -0.039422842619793036], [0.2833844180320029, 0.03459123971177033, -0.4658337672422193, -0.06465402866727687, -0.548706104559763, 0.41213219044482, -0.660934091796235, 0.4401924279056674, -0.4374719204109933, 0.5938641154545878, -0.05943323919355989, -0.0778727784693804]], "inverted": true, "swapped": true, "error_lsq": 0.04892827678692719, "error_max": 0.2929685836940665, "target": "173.xyz", "model": "26.xyz", "model_rescale": 3.795458400668931, "target_rescale": 4.127444162007689},
