[{"mapping": [7, 6, 9, 8, 11, 2, 12, 4, 1, 0, 5, 13], "R": [[-0.49269656517583765, -0.761125389880535, 0.4218272579423185], [-0.6905177120835477, 0.04696379067869494, -0.7217892293904021], [0.5295615015867696, -0.6469022671503722, -0.5487094611840354]], "T": [-0.06990532872336111, -0.010831989761401213, 0.10894971690691371], "aligned_model": [[-0.0874997739407454, 0.0928238529769046, 0.14665852569005955, -0.38273431119456214, -0.7163817383320232, 0.6749968172143932, -0.21364217157907953, 0.3124797685297699, -0.05168761187175519, 0.5097175011384507, -0.5601722333019987, -0.11387741369562492], [-0.37082832944414734, 0.5896217904599299, -0.6822176316482392, 0.13733427141675444, -0.08894600082179005, 0.05526864174057466, -0.474821414568093, 0.08335722974953569, 0.026779437685225886, -0.35861425739469943, 0.5498637923199018, -0.09710173968297078], [-0.555495580606724, -0.33548335502712723, -0.0887485091701754, -0.5915957265849555, -0.14210464760171518, -0.06996295704904812, 0.4238677088461351, -0.7618626939702594, 0.6845342969132874, 0.4811019760743851, 0.24184013293724546, -0.022061153814034812]], "inverted": false, "swapped": false, "error_lsq": 0.057169409071138655, "error_max": 0.2974321377257009, "target": "174.xyz", "model": "0.xyz", "model_rescale": 3.8414455957264533, "target_rescale": 3.780719153516622},
{"mapping": [12, 1, 8, 11, 13, 5, 9, 10, 7, 6, 0, 14], "R": [[-0.49527764086915266, 0.7252191941876921, 0.4782856665601024], [0.8641772313017627, 0.35496804911760105, 0.3566446368659767], [0.08886940617955472, 0.5899616974748438, -0.8025256532709062]], "T": [0.044407890473155076, 0.02002626932621688, 0.059288381576593586], "aligned_model": [[-0.12155077488136071, -0.013668075720193573, -0.09029617220755617, -0.4802094658261117, -0.6522816718737487, 0.6966013638156262, -0.18977045585541688, 0.4735854633831065, -0.22417607033738207, 0.6326378302930967, -0.482113969900388, 0.06192321074411691], [-0.25221929019977907, 0.7094519864561598, -0.7087195626543596, 0.19617526512962818, -0.2701197670309394, 0.09947681548501044, -0.4381751943049873, -0.18832821034394887, 0.11441758309117195, -0.4544795349605266, 0.4937294950468076, 0.06848620409774539], [-0.6339861820554485, -0.46015098339232646, -0.21473118956535883, -0.5887961521664915, -0.013416033299267237, 0.007770724146869336, 0.5073080249299617, -0.43140125773005417, 0.6354028997204878, 0.25641005309259224, 0.21387607189460464, -0.014256484628555631]], "inverted": true, "swapped": false, "error_lsq": 0.04359678260491808, "error_max": 0.2168365782937125, "target": "174.xyz", "model": "1.xyz", "model_rescale": 4.316132596720782, "target_rescale": 3.780719153516622},
{"mapping": [8, 4, 10, 2, 1, 3, 9, 6, 5, 7, 0, 11], "R": [[-0.5518472782565689, 0.8235652851109274, -0.13116707910513975], [-0.7729084414627791, -0.5641568689144525, -0.29041275518168763], [-0.3131726721736665, -0.05888334583562696, 0.9478689935781248]], "T": [-0.05783570201424741, -0.09115798596667846, -0.02826189431800257], "aligned_model": [[-0.28771909940095186, 0.11464796810976403, 0.14029203843233734, -0.5732684105405842, -0.5598187889621512, 0.5644231867846374, -0.3139814898884464, 0.45121145190126793, 0.043661206050156234, 0.5288605393821172, -0.5054568762881527, 0.007829486053794812], [-0.3952503443150818, 0.6206804796259675, -0.638251833259946, 0.27615279945670096, -0.2941191590637949, 0.08416473030646546, -0.4539821883565952, 0.01927941978062822, 0.22438540000359397, -0.4720451701286271, 0.4108311199454273, -0.012149464182755573], [-0.6928802637699341, -0.26881358019860824, -0.270479811303247, -0.576109785285802, -0.06590503496942618, 0.08607457977707828, 0.5656231440071257, -0.6644776890777903, 0.5248119082985921, 0.529567464045572, 0.1987981868800357, -0.10217962745658196]], "inverted": false, "swapped": false, "error_lsq": 0.04719344270482956, "error_max": 0.255250010517249, "target": "174.xyz", "model": "2.xyz", "model_rescale": 3.795458400668931, "target_rescale": 3.780719153516622},
{"mapping": [3, 4, 6, 9, 8, 10, 1, 5, 0, 2, 7, 11], "R": [[-0.7459882599695842, 0.6619507609106963, -0.07295687847833343], [0.527343462960059, 0.5202554922844258, -0.6717463024246451], [-0.40670675930066014, -0.5395881882302835, -0.737179895996571]], "T": [0.0038962190838254668, -0.0437601049479579, 0.0049465485461599665], "aligned_model": [[-0.17653903779666758, 0.22763094815604357, -0.04488954190694361, -0.46249702020427086, -0.6127994513326569, 0.7192380918016683, -0.24991125221329769, 0.28130355629451886, 0.06896247187752945, 0.49491913647977537, -0.6117012775086303, -0.023035412013280136], [-0.4247904491426411, 0.5547917547213824, -0.6107196139132823, 0.1956119144559919, -0.4832345084304913, 0.12012467674546837, -0.34591302779829336, 0.07977977508290857, 0.36463660667897535, -0.5477101851537206, 0.39818370770062167, 0.0689351388650632], [-0.6727916165392372, -0.04636792910831825, -0.1482629855542136, -0.6876810754193479, -0.1876972569721385, -0.015994293509267295, 0.4954098200420086, -0.6287786938521966, 0.6691652270364854, 0.3093412309365621, 0.09996068047773385, 0.07772638340894303]], "inverted": false, "swapped": false, "error_lsq": 0.05196091472637171, "error_max": 0.34418397776314824, "target": "174.xyz", "model": "3.xyz", "model_rescale": 3.7530521520055578, "target_rescale": 3.780719153516622},
{"mapping": [4, 10, 3, 1, 0, 8, 2, 6, 9, 7, 11], "R": [[0.3448297318522377, 0.4727224772957646, -0.8109413761117812], [0.5866072331621484, 0.565921762131179, 0.579331091128545], [0.7327922011270065, -0.6754746617051575, -0.08215577497498464]], "T": [-0.053783470224198514, 0.09304443904579361, 0.029495019396590855], "aligned_model": [[-0.3679536680051524, -0.11970234851030512, 0.34187109358531, 0.4987835701370579, 0.24586428947741887, -0.5098342439457315, -0.1518653485681619, -0.6428220942956279, -0.3895836698156192, 0.5106949445378233, -0.07725292215180665], [-0.556972995934451, 0.15808794126523873, -0.37282287133690545, 0.27964856468234445, -0.6402795022949359, 0.5912448373516835, -0.36291991374509397, 0.1079989425669126, 0.24582877044329804, 0.012367070980706094, 0.005022514335549164], [-0.28150111533800315, -0.6660214134762306, -0.459344054993409, -0.35723729410676064, 0.24747587891760445, -0.30266775030540227, 0.5086194547986406, 0.16732904641905683, 0.7828079607816524, 0.44170221504725315, 0.011667849500914644]], "inverted": false, "swapped": true, "error_lsq": 0.05683947352765919, "error_max": 0.37304496477254745, "target": "174.xyz", "model": "4.xyz", "model_rescale": 3.7855080009869324, "target_rescale": 3.780719153516622},
{"mapping": [7, 3, 6, 10, 8, 1, 13, 4, 14, 11, 9, 16], "R": [[-0.7092678644655908, -0.7048623356189253, 0.010401166389117367], [0.41135678357534766, -0.42581984649806826, -0.8058927068381414], [0.572472438675405, -0.5673152088162234, 0.5919702364163587]], "T": [-0.019426012402505067, 0.01729742252371546, -0.03074398008817451], "aligned_model": [[-0.1363129575568754, -0.05339799721281925, 0.1169123573372476, -0.6106013900587365, -0.584165086048981, 0.732248782741899, -0.17461204573129446, 0.47894118343960385, -0.15617049651859963, 0.4350953863371868, -0.40527523835194706, -0.031981286742896145], [-0.2796189574986815, 0.6768573319162345, -0.5976139599495425, 0.17962768378692015, -0.40164711094704764, 0.0770686782445949, -0.5131707248156759, -0.21130437763583765, 0.32171323957399095, -0.5402749862940975, 0.6042194194959154, 0.053839553935209124], [-0.7086433658400598, -0.24578638420750196, -0.2021292440652613, -0.42460288021043463, -0.06015708151432635, 0.03645972757395713, 0.4376452582525329, -0.5271028612796294, 0.5577535602009126, 0.3083128518930666, 0.08569039436122904, 0.0065895157825285565]], "inverted": false, "swapped": false, "error_lsq": 0.04028902196908817, "error_max": 0.18625221608406411, "target": "174.xyz", "model": "5.xyz", "model_rescale": 4.2253639853439635, "target_rescale": 3.780719153516622},
{"mapping": [5, 4, 11, 10, 8, 7, 9, 6, 0, 12, 1, 13], "R": [[0.5959558303959079, -0.6253092799044204, 0.503810433280752], [-0.1455707544213658, -0.7011284290078701, -0.6980172501408187], [0.7897124816503271, 0.34264738508030557, -0.5088683187459311]], "T": [-0.0455705699707591, 0.004051712617663232, -0.1094035471510893], "aligned_model": [[-0.17416130261916224, -0.08583869213072366, 0.15627729301439514, -0.6337132401332782, -0.6631038988920143, 0.6965417583635091, -0.28584250254188176, 0.492164140439408, 0.18171023822439702, 0.5084646357857754, -0.5836910721865373, 0.0018738543099012378], [-0.2646496156692819, 0.7052084510943503, -0.7267132925935705, 0.1755741783347149, -0.4009043155435419, 0.011477773613491914, -0.17776184314742505, -0.1417233350660219, 0.33616440015277915, -0.6146067211835475, 0.42810697395419306, 0.03952313586584201], [-0.6679778807043444, -0.19697648037232232, -0.28488498827846387, -0.5922914406394063, -0.08642358792516702, 0.1709629304800448, 0.4214539260410813, -0.43082069793184996, 0.584215401790589, 0.31680121295604363, 0.1538629383462346, -0.12389184281542542]], "inverted": false, "swapped": false, "error_lsq": 0.050225487303734606, "error_max": 0.3107202024697163, "target": "174.xyz", "model": "6.xyz", "model_rescale": 3.89814844738969, "target_rescale": 3.780719153516622},
{"mapping": [1, 7, 5, 0, 2, 8, 10, 6, 11, 9, 4, 12], "R": [[-0.905538680804427, -0.2233848894477323, 0.36069223547700957], [0.3613694903008197, -0.8515378944554222, 0.37986221947721], [0.22228762684122527, 0.47432310240262465, 0.8518249852407744]], "T": [-0.03049118352623561, 0.08807484585023151, -0.10078725169261107], "aligned_model": [[-0.3046560127235512, -0.07699962891043938, 0.09153184689703942, -0.21478344320052253, -0.6528742383535608, 0.6021382089345686, -0.28195147796601944, 0.4595369097570841, 0.19552958276886515, 0.4832407921381713, -0.5544000095383751, -0.13563131816947152], [-0.4592874786386827, 0.7405395265434024, -0.6663792670994487, 0.17168973702359064, -0.24981503626461599, 0.2624433783064199, -0.39954393500360597, -0.15939168065652304, 0.3387151634423203, -0.5254006713818772, 0.30508947001644016, 0.011036583524562701], [-0.6839036587633948, -0.15910949875030816, -0.2367503920081377, -0.6576133470460179, -0.0965914026501283, 0.06371940166366755, 0.38696197478653016, -0.4957665385920309, 0.6350350187122215, 0.2962935032821874, 0.20567642202558808, 0.006078008286837425]], "inverted": false, "swapped": false, "error_lsq": 0.053218345966728066, "error_max": 0.31186311571942027, "target": "174.xyz", "model": "7.xyz", "model_rescale": 3.7474275329858107, "target_rescale": 3.780719153516622},
{"mapping": [7, 3, 11, 6, 10, 4, 12, 9, 1, 13, 0, 14], "R": [[0.877968287897744, -0.3810967818119163, 0.28971870553781137], [-0.06012413209065856, -0.6881852067995999, -0.7230395631516557], [0.4749281779240409, 0.6173867216217019, -0.627117901019384]], "T": [0.028301178150745343, -0.0008550416886343795, -0.036416288892558865], "aligned_model": [[-0.2283103866470293, -0.05596269479913277, 0.03184533189806871, -0.553902171455599, -0.6378700075697425, 0.7823686130354495, -0.09128694416411211, 0.35828626974581024, -0.12702589232956513, 0.5731951597308986, -0.507802155970495, 0.06714609015923714], [-0.22670329809991058, 0.6700892314569586, -0.5886608772218732, 0.3257680001357692, -0.342430215409927, 0.081673568454534, -0.4597603485379838, -0.3090837404708311, 0.3481908652211685, -0.49325682816317085, 0.3558056965486931, 0.008063735898555725], [-0.6255009193252677, -0.27488624304450454, -0.23878153857034645, -0.50683604470036, -0.15809501218176128, 0.15540961655236563, 0.3582319331306333, -0.6499677118885692, 0.6107639611888003, 0.4819878567380306, 0.1035821774242396, 0.008121415623753611]], "inverted": false, "swapped": false, "error_lsq": 0.04476573479737616, "error_max": 0.2901282118102701, "target": "174.xyz", "model": "8.xyz", "model_rescale": 4.019505241142653, "target_rescale": 3.780719153516622},
{"mapping": [8, 0, 11, 4, 5, 1, 6, 9, 2, 10, 3, 12], "R": [[0.9161241914564313, -0.3054709846125969, -0.259622694285594], [0.4008822659865898, 0.6929645166149487, 0.5992441802221091], [-0.0031423949079288915, -0.6530602240777041, 0.7572994579965191]], "T": [0.019284259451133774, -0.04780373061583545, -0.0632703563395367], "aligned_model": [[-0.05386883403483119, 0.018167935533082664, -0.12394180560517659, -0.5159851826259981, -0.622409616553953, 0.6417610903463301, -0.07474200237015888, 0.446830947499224, -0.11128537232669253, 0.6849979801965442, -0.6653803810379857, -0.013463547386596782], [-0.23254521207759737, 0.5830824431037303, -0.6190934825979733, 0.3929036492037096, -0.23203190430895207, 0.18187825061134197, -0.47848854186935935, -0.36558635771213216, 0.27562525803542287, -0.4903948239276355, 0.4229796216716316, -0.06863311032020403], [-0.7087594277627862, -0.22020176715803974, -0.2641778911949083, -0.5180871337281332, 0.006110250873320094, 0.06351325722620876, 0.5144246266837949, -0.49170715784627916, 0.4145553679303955, 0.3829561829318916, 0.15595138759715993, -0.07054820460561015]], "inverted": true, "swapped": false, "error_lsq": 0.05337355159508272, "error_max": 0.31185575305897034, "target": "174.xyz", "model": "9.xyz", "model_rescale": 3.877068213659057, "target_rescale": 3.780719153516622},
{"mapping": [5, 8, 3, 0, 12, 2, 6, 4, 10, 13, 11, 15], "R": [[0.7453868824977035, 0.3914013331162036, -0.5396326452645481], [0.6340167108505546, -0.6663309774768879, 0.39246125772735796], [-0.20596408852661516, -0.634671588216736, -0.7448293558580025]], "T": [0.0755094415587238, -0.01850106047363568, -0.03968674639553985], "aligned_model": [[-0.28774890109556917, 0.07545516259414164, 0.05539387819046514, -0.5560276907726611, -0.6360776026574864, 0.7047594484072159, -0.15019632569811878, 0.5171739558463224, -0.1964547337379407, 0.5748304296978142, -0.4916777780047242, 0.0012513688643296383], [-0.35099653509438805, 0.7160789513275893, -0.6267328654729118, 0.2539210282278946, -0.24591813400531376, 0.18186010231537872, -0.4464543676558765, -0.2877239032680378, 0.16793391150036482, -0.42924986372064794, 0.4275733432909438, 0.009404122366987351], [-0.6467168758712577, -0.27572729190415435, -0.21971668342248293, -0.4405771200738516, -0.050667132702714814, 0.025545080778867683, 0.3426971557546821, -0.47619814084220413, 0.5883962640737269, 0.38410856669631216, 0.11514077226204297, -0.08225510380195261]], "inverted": true, "swapped": false, "error_lsq": 0.040648506375971144, "error_max": 0.24814826233221354, "target": "174.xyz", "model": "10.xyz", "model_rescale": 4.260839863003843, "target_rescale": 3.780719153516622},
{"mapping": [6, 3, 10, 0, 7, 4, 8, 5, 2, 9, 1, 11], "R": [[-0.8785317075303894, 0.38886005309400107, 0.27743449311768903], [-0.4685791811829271, -0.588684601218513, -0.6586987105271559], [-0.0928202016032929, -0.7086877305244751, 0.699389813178883]], "T": [-0.029875171279442815, -0.07219730608968344, -0.023228900614943974], "aligned_model": [[-0.1465959335188285, 0.044036147524828616, 0.1311366584694821, -0.619950635424482, -0.6077688682892408, 0.69915219633074, -0.24055085473421048, 0.37354608589086313, 0.15003737070938764, 0.4435468437093253, -0.5256962531089249, -0.09021154592515149], [-0.2724848169514734, 0.6132152359047451, -0.6598614759340407, 0.1753632965291141, -0.35076465975634036, -0.06374117276775312, -0.37144346291210995, 0.08447969149284695, 0.3674746224443907, -0.48491819035134687, 0.3903163162921801, -0.05793959417823043], [-0.8291547727081985, -0.19228461818201012, -0.17175434020105088, -0.623694523361211, -0.15755958850772867, 0.04422812041200599, 0.5945743861087648, -0.5421841105700529, 0.47141966011852704, 0.4679597887656812, 0.22876960546384323, -0.026290116391556297]], "inverted": false, "swapped": false, "error_lsq": 0.05214925518799237, "error_max": 0.34441855565360685, "target": "174.xyz", "model": "11.xyz", "model_rescale": 3.890672605050136, "target_rescale": 3.780719153516622},
{"mapping": [3, 12, 0, 7, 8, 2, 6, 4, 9, 1, 5, 13], "R": [[-0.41134477492019983, -0.8773191009357992, 0.24719763607091966], [0.2948009611643466, -0.384683465803907, -0.8747062503684717], [0.8624893445384862, -0.2869317449678494, 0.4168720478603446]], "T": [0.04094667122534244, -0.05065964361916374, 0.08866211109950334], "aligned_model": [[-0.1938607566173139, -0.02475635123519372, 0.10225158449537806, -0.4339460211669727, -0.5707571437281466, 0.736900424916, -0.10579522970129086, 0.4281753237838506, -0.18110320115861478, 0.4160454629076754, -0.5844816133630016, 0.02200873250141839], [-0.42364388032506994, 0.6363060156011017, -0.5689934521421737, 0.3005190363904354, -0.40508439111249045, 0.028993074282070805, -0.34572419740760824, -0.03254618152972255, 0.45506467037769815, -0.7180638652827974, 0.4114982152310937, 0.031370745729444885], [-0.7230098589726826, -0.19221765434594323, -0.1875014460513285, -0.5262481552772214, -0.05059515791641528, -0.033272096248220556, 0.5613798572775177, -0.49510403810238207, 0.6370754483079204, 0.22712073948448772, 0.10355359104227951, -0.05715173825099773]], "inverted": true, "swapped": false, "error_lsq": 0.03743601374265773, "error_max": 0.18965456912326586, "target": "174.xyz", "model": "12.xyz", "model_rescale": 4.124412569039231, "target_rescale": 3.780719153516622},
{"mapping": [2, 9, 4, 8, 1, 7, 0, 10, 3, 5, 6, 12], "R": [[-0.436034946475948, 0.7394808012324566, 0.5128758817299967], [0.5265802214508118, -0.25250745805696834, 0.8117593572004099], [0.7297854450648708, 0.6240257432463926, -0.27929388811296296]], "T": [0.003999243614879126, -0.006348357887606869, 0.012176043330451643], "aligned_model": [[-0.2617605129976931, 0.09652230057977179, 0.023625278485864536, -0.38382454882059436, -0.7588794973834527, 0.601946393244325, -0.0860189480389617, 0.44282691603236835, -0.14151270037375593, 0.5741302729437576, -0.5373392353090157, 0.040965493271174616], [-0.3814364328150212, 0.6205318199673205, -0.7730270936230521, 0.2839435120549442, -0.2728485112978273, 0.1810745754912647, -0.3567440926369076, -0.14658609084616925, 0.32086866397305647, -0.43304156761625806, 0.3811846437144567, -0.054223636553824596], [-0.7165737089586273, -0.07209731273680137, -0.16130245872634294, -0.5171815457949583, -0.0871113862558868, 0.032412762672389385, 0.4659237128946, -0.5643422343267297, 0.6290298919260597, 0.27030274330561366, 0.07838509625932649, -0.09341606931162924]], "inverted": true, "swapped": false, "error_lsq": 0.03799454262062804, "error_max": 0.2493932478763816, "target": "174.xyz", "model": "13.xyz", "model_rescale": 3.9028299243045295, "target_rescale": 3.780719153516622},
{"mapping": [11, 13, 1, 14, 9, 8, 3, 12, 4, 2, 10, 15], "R": [[0.6549759426921737, -0.17196810608142396, -0.7358216393836665], [0.6628275747156838, -0.33684624110075806, 0.668725815303114], [-0.3628582652924182, -0.9257221939367438, -0.10664098162488456]], "T": [0.008501294298433396, -0.09401814273639014, 0.07096188557983138], "aligned_model": [[-0.18784420437917676, 0.0626957020896602, 0.05718200772482189, -0.5018842438488005, -0.6998089581410897, 0.7551573523827447, -0.10801826036053395, 0.37934138554991287, -0.099619001435661, 0.5485505093694973, -0.49194052283709144, -0.10313055448049548], [-0.3127975909072642, 0.5593798206659326, -0.6452514159885705, 0.2329958134757431, -0.3118920224962086, 0.09392677995349652, -0.3545050269382383, 0.043791993759231346, 0.2964336597619274, -0.5739930164041664, 0.4572463967766425, -0.11563960184654282], [-0.6068586559686042, -0.3793551353966014, -0.2695830047691372, -0.5737234079360051, -0.1563551073422235, 0.1316957025084065, 0.6252715659743199, -0.5015119408616389, 0.6143040111866128, 0.21280946400299064, 0.10286795375741012, 0.064468045791484]], "inverted": false, "swapped": false, "error_lsq": 0.027786784647915643, "error_max": 0.15121510050497283, "target": "174.xyz", "model": "14.xyz", "model_rescale": 3.942246331269136, "target_rescale": 3.780719153516622},
{"mapping": [6, 2, 11, 9, 10, 12, 4, 8, 3, 13, 5, 14], "R": [[-0.8551226905258987, -0.39504579092332226, 0.33571417488916777], [-0.30083366025044167, -0.1492666221234381, -0.9419228123260316], [0.4222135632687204, -0.9064536935738227, 0.008798204265913268]], "T": [-0.02874543817258195, -0.00706605410100164, -0.07844289719681669], "aligned_model": [[-0.1440814763197842, -0.09341454041302406, 0.06478945744710295, -0.6947947331303695, -0.6323930989886306, 0.6329151971547369, -0.1832421433590326, 0.47491715087912717, -0.05611067684333905, 0.48723532180414625, -0.2753363951940955, 0.03019714859695111], [-0.2450896539398722, 0.6862593803268004, -0.694708115415084, 0.15481362586425965, -0.38220879788384554, 0.09552357148128207, -0.3765911851528974, -0.17834342577857415, 0.21009114991718958, -0.5189714219776664, 0.5491458195041607, 0.06977484286623], [-0.5712225168673883, -0.3911179167145279, -0.25874997822716406, -0.5007409104918594, -0.016169793680500283, 0.39033938760486403, 0.34962943609536745, -0.6404295381668161, 0.6061312937833434, 0.2857639069381564, 0.10211404607860294, -0.09151792540506429]], "inverted": false, "swapped": false, "error_lsq": 0.05254025761292198, "error_max": 0.3139272330802203, "target": "174.xyz", "model": "15.xyz", "model_rescale": 4.355366556412066, "target_rescale": 3.780719153516622},
{"mapping": [8, 4, 10, 2, 1, 3, 9, 6, 5, 7, 0, 11], "R": [[-0.5518472782565689, 0.8235652851109274, -0.13116707910513975], [-0.7729084414627791, -0.5641568689144525, -0.29041275518168763], [-0.3131726721736665, -0.05888334583562696, 0.9478689935781248]], "T": [-0.05783570201424741, -0.09115798596667846, -0.02826189431800257], "aligned_model": [[-0.28771909940095186, 0.11464796810976403, 0.14029203843233734, -0.5732684105405842, -0.5598187889621512, 0.5644231867846374, -0.3139814898884464, 0.45121145190126793, 0.043661206050156234, 0.5288605393821172, -0.5054568762881527, 0.007829486053794812], [-0.3952503443150818, 0.6206804796259675, -0.638251833259946, 0.27615279945670096, -0.2941191590637949, 0.08416473030646546, -0.4539821883565952, 0.01927941978062822, 0.22438540000359397, -0.4720451701286271, 0.4108311199454273, -0.012149464182755573], [-0.6928802637699341, -0.26881358019860824, -0.270479811303247, -0.576109785285802, -0.06590503496942618, 0.08607457977707828, 0.5656231440071257, -0.6644776890777903, 0.5248119082985921, 0.529567464045572, 0.1987981868800357, -0.10217962745658196]], "inverted": false, "swapped": false, "error_lsq": 0.04719344270482956, "error_max": 0.255250010517249, "target": "174.xyz", "model": "16.xyz", "model_rescale": 3.795458400668931, "target_rescale": 3.780719153516622},
{"mapping": [1, 7, 5, 0, 2, 8, 10, 6, 11, 9, 4, 12], "R": [[-0.905538680804427, -0.2233848894477323, 0.36069223547700957], [0.3613694903008197, -0.8515378944554222, 0.37986221947721], [0.22228762684122527, 0.47432310240262465, 0.8518249852407744]], "T": [-0.03049118352623561, 0.08807484585023151, -0.10078725169261107], "aligned_model": [[-0.3046560127235512, -0.07699962891043938, 0.09153184689703942, -0.21478344320052253, -0.6528742383535608, 0.6021382089345686, -0.28195147796601944, 0.4595369097570841, 0.19552958276886515, 0.4832407921381713, -0.5544000095383751, -0.13563131816947152], [-0.4592874786386827, 0.7405395265434024, -0.6663792670994487, 0.17168973702359064, -0.24981503626461599, 0.2624433783064199, -0.39954393500360597, -0.15939168065652304, 0.3387151634423203, -0.5254006713818772, 0.30508947001644016, 0.011036583524562701], [-0.6839036587633948, -0.15910949875030816, -0.2367503920081377, -0.6576133470460179, -0.0965914026501283, 0.06371940166366755, 0.38696197478653016, -0.4957665385920309, 0.6350350187122215, 0.2962935032821874, 0.20567642202558808, 0.006078008286837425]], "inverted": false, "swapped": false, "error_lsq": 0.053218345966728066, "error_max": 0.31186311571942027, "target": "174.xyz", "model": "17.xyz", "model_rescale": 3.7474275329858107, "target_rescale": 3.780719153516622},
{"mapping": [5, 6, 10, 4, 8, 7, 3, 12, 1, 11, 0, 13], "R": [[-0.03661228932476196, 0.937738992801104, 0.34540573482611864], [0.9991054091714298, 0.027028065605067597, 0.032524837186957256], [0.021164159203470284, 0.34628754677293727, -0.9378896594563728]], "T": [0.0329797954810946, -0.0016463456146334765, -0.044613964896042704], "aligned_model": [[-0.08520481776850418, -0.12235865929335106, -0.024669434403829515, -0.556063710267606, -0.6301780239614783, 0.7606604445862004, -0.2264623984539752, 0.5650117691181052, 0.07712696462444756, 0.4487193019914826, -0.5931225576225047, -0.0027776669151980196], [-0.3222448298734173, 0.6697483069764958, -0.6756896018926333, 0.2388300648505928, -0.2763028504629257, 0.14534547656235847, -0.4150340404928763, -0.2382717713653646, 0.12945635242667453, -0.45511861722167946, 0.4736499637412772, 0.09532733656348015], [-0.6821631361387844, -0.3911655431649291, -0.18166003533690717, -0.5779287559581752, -0.08511041011524535, 0.08303226171233198, 0.42696799302712113, -0.5138551717712404, 0.633162935590094, 0.3338833579691247, 0.24039770597316107, -0.021531710839537296]], "inverted": false, "swapped": false, "error_lsq": 0.04324208115515335, "error_max": 0.25139419974628463, "target": "174.xyz", "model": "18.xyz", "model_rescale": 3.922800546911778, "target_rescale": 3.780719153516622},
{"mapping": [4, 8, 11, 6, 10, 12, 9, 13, 0, 7, 1, 14], "R": [[0.34251825236993083, -0.4895723829045942, -0.8018728881129267], [0.9365715648805084, 0.11046124108923415, 0.33261391743927726], [-0.0742627137312164, -0.8649376833703939, 0.49635456403173317]], "T": [-0.020254150513354153, 0.06774167212404941, -0.015921497775717414], "aligned_model": [[-0.22876878808042614, 0.09223079945236594, 0.045425269163113055, -0.5379876864422604, -0.6206237713771529, 0.7419826242875973, -0.21885606822030138, 0.4273062908526462, -0.051897421217209735, 0.49326220142923555, -0.5623198673218872, 0.03092762910806803], [-0.22231281704529843, 0.48338728984478785, -0.6009844323235487, 0.2358763763504209, -0.44908546669124466, 0.19486348019797564, -0.5730734222251888, -0.17434178544266066, 0.42388798272206246, -0.4949203620541887, 0.5496512350933607, -0.003252288614494947], [-0.6454111151048251, -0.45063578385609715, -0.2520045844848414, -0.4395374546545563, -0.1677328089193922, 0.1305339207637583, 0.445225419217429, -0.4773312914700031, 0.7394599585385506, 0.22475133126951802, 0.13210199939761835, 0.024609900249854363]], "inverted": true, "swapped": false, "error_lsq": 0.045044105967217196, "error_max": 0.24644148576544808, "target": "174.xyz", "model": "19.xyz", "model_rescale": 3.9282355846067225, "target_rescale": 3.780719153516622},
{"mapping": [5, 0, 7, 3, 6, 10, 9, 2, 11, 12, 4, 13], "R": [[-0.48738172627323834, 0.6780954310743637, -0.5501323833869366], [0.8432404053683487, 0.5290945662695616, -0.09489235321272091], [0.22672598362151064, -0.5101426528924019, -0.8296684892478207]], "T": [-0.1372952786644555, -0.12554755590567207, -0.03514640782611344], "aligned_model": [[-0.25166239740329177, -0.042798319419570935, 0.06514763954767067, -0.5165333920820809, -0.6483607337756836, 0.6854059484446702, 0.004839306219795558, 0.4643648509076314, 0.018823257171437846, 0.42699554225960173, -0.5504337902653949, -0.045106699970996894], [-0.23623524269250157, 0.6673841436811241, -0.7019740464468647, 0.33848834135419764, -0.4259011427535125, 0.10877081251635745, -0.2648164647610145, -0.21629447971975096, 0.38550072109488914, -0.5786956523699985, 0.3070708378499201, -0.013602037940863274], [-0.7151159294914229, -0.08541202908661363, -0.15699525783195276, -0.4903432976740395, -0.30981689680637203, 0.06728377388143852, 0.6272935940184375, -0.5905618331263649, 0.4421583508649865, 0.41097803373607733, 0.16863224796566492, -0.10407126550282561]], "inverted": true, "swapped": false, "error_lsq": 0.0528160489868926, "error_max": 0.29069942786042074, "target": "174.xyz", "model": "20.xyz", "model_rescale": 4.067790424073018, "target_rescale": 3.780719153516622},
{"mapping": [2, 8, 3, 4, 6, 9, 11, 0, 13, 12, 5, 14], "R": [[0.9091837828464671, 0.31195226078405003, -0.2758090571404575], [-0.3527166595681316, 0.9290087718210156, -0.1119538295133617], [0.22130478321104347, 0.19906905553432472, 0.9546704688302581]], "T": [0.0016190929839390855, 0.03523938805645053, -0.025139304181764695], "aligned_model": [[-0.2385029546956667, 0.03350407996277782, 0.02165356499089106, -0.5702568483121204, -0.6590025148597449, 0.6888158636833357, -0.0608993354030848, 0.3729133615870091, -0.2248633202405085, 0.5508218168697574, -0.3454928374149263, 0.041990335466068625], [-0.29854063323871755, 0.5077151354934191, -0.7989116462409938, 0.2898246832118604, -0.2968390173929271, 0.18066223676251297, -0.424740749180758, -0.10046783086030148, 0.21628144571412694, -0.44476631428861046, 0.5077792717962798, 0.03169920803609173], [-0.645344295407474, -0.3428151018344826, -0.19107811387595924, -0.5257556542879686, -0.05446380894477818, 0.3075207217958459, 0.4249073305555736, -0.6152089156322704, 0.6120835727901021, 0.20934899124107634, 0.04331131238089058, 0.04152345216645869]], "inverted": false, "swapped": false, "error_lsq": 0.042852829583437106, "error_max": 0.2261345878865771, "target": "174.xyz", "model": "21.xyz", "model_rescale": 4.186013935880536, "target_rescale": 3.780719153516622},
{"mapping": [3, 0, 11, 6, 4, 2, 9, 5, 1, 8, 7, 12], "R": [[0.6981611991180465, 0.4288749463445721, -0.5732688901763215], [-0.3736444888346412, -0.4647555177421985, -0.8027403719084274], [-0.6107051137902407, 0.7746409420667881, -0.1642275094627201]], "T": [-0.06757865745384364, -0.08515318625824403, 0.011817899343007206], "aligned_model": [[-0.1819344696012352, 0.1104328732079036, -0.040562441397777343, -0.36466692127756895, -0.7103071882830557, 0.6564908438160165, -0.044484075847355996, 0.45857254694372296, -0.012254622857907876, 0.48501201260602866, -0.660337571836778, -0.08527977383820409], [-0.2513080182411388, 0.587954331032478, -0.6987870764165018, 0.17589063379626652, -0.3419277970366476, 0.06958751193524731, -0.290248081381121, -0.03287382152209459, 0.5062869800163248, -0.5287465127326717, 0.27825121615002485, -0.10438357578818314], [-0.889100506936626, -0.18060508817291637, -0.1354558309387855, -0.3799059019848511, -0.2085975803452107, 0.05026105892176492, 0.5973548192150929, -0.5529568825379038, 0.43873828635384543, 0.30428438079643616, 0.24612080075634238, -0.02610806418017468]], "inverted": false, "swapped": false, "error_lsq": 0.05379149607553999, "error_max": 0.3416514160380726, "target": "174.xyz", "model": "22.xyz", "model_rescale": 4.166573947596378, "target_rescale": 3.780719153516622},
{"mapping": [5, 4, 13, 1, 6, 9, 12, 7, 11, 14, 2, 15], "R": [[-0.19372681450820028, -0.48140643107113457, 0.8548203141385085], [-0.07128037042040983, -0.8621173227085064, -0.5016700416395681], [0.9784625849429474, -0.1581188477357137, 0.13270041393113913]], "T": [0.08316778183481291, 0.06016720164641814, -0.0356904121379578], "aligned_model": [[-0.18889328388989537, -0.013434674054771528, 0.20919618561954348, -0.4716305029768305, -0.632859016143277, 0.5617735198354237, -0.1446015970287249, 0.33750200479943815, -0.0006553604136024377, 0.40559273665718487, -0.4855526100312799, 0.03424380926058002], [-0.42168741451624886, 0.7230043614364235, -0.7203322750397845, 0.15838073356476193, -0.19667495518173667, 0.16431067692980195, -0.2995663364514617, -0.142617466099475, 0.23526029914151433, -0.5900436658525132, 0.4075736374140267, 0.05208819446667418], [-0.6560619835375587, -0.3376314303554455, -0.33859394006026666, -0.47232759125275153, -0.014586786383862987, 0.31149808189789563, 0.4624001889065874, -0.6725437148744543, 0.7287763402192512, 0.27934250600604227, 0.05744993063581458, -0.08369211025423734]], "inverted": false, "swapped": false, "error_lsq": 0.044810346412658575, "error_max": 0.2735691944718478, "target": "174.xyz", "model": "23.xyz", "model_rescale": 4.274766983524099, "target_rescale": 3.780719153516622},
{"mapping": [7, 2, 9, 5, 6, 8, 1, 10, 3, 4, 11], "R": [[-0.41427978126983317, -0.030634381342167616, -0.9096338810262082], [-0.3404304643696274, -0.9216723064925039, 0.18608400891497423], [-0.8440849256799338, 0.3867579270352076, 0.3714013248701867]], "T": [-0.06947953747950981, 0.05963663945492128, 0.026524173181343716], "aligned_model": [[0.23581633082749182, 0.13286533408891243, -0.5414513939541384, -0.4522223018953732, -0.4517769980128618, -0.6572448597992975, 0.18476822878789034, -0.014168462378764304, 0.6286764656414149, 0.3247181252198727, -0.010085764567072095], [-0.14076190677524686, 0.5798516291297925, 0.4718503869006955, -0.2851427348620903, 0.5144578092288445, -0.0438015363828736, -0.582222164477721, -0.18272593392047598, -0.10800856172039916, 0.5683089787219955, 0.12378056540096241], [-0.574886124419094, -0.3416017399820169, -0.531066722311972, -0.4966455832593334, 0.14130532156375925, 0.48516403224062904, 0.14092987788189545, 0.6826645027524334, 0.33799135801158536, 0.47797165490960014, 0.057739856634091064]], "inverted": false, "swapped": true, "error_lsq": 0.042348608920788136, "error_max": 0.2118063871336727, "target": "174.xyz", "model": "24.xyz", "model_rescale": 3.7841303162186577, "target_rescale": 3.780719153516622},
{"mapping": [14, 11, 9, 13, 12, 0, 2, 10, 4, 8, 3, 15], "R": [[0.1914441174466808, 0.18977833392069143, -0.9629814815817324], [0.9751334073493512, -0.14837600166912393, 0.164618953951023], [-0.11164223110591437, -0.9705507437032703, -0.21346490608697938]], "T": [0.09828647466363277, 0.0035081612438330675, -0.007353636507724866], "aligned_model": [[-0.21500096588181172, -0.014397389567985919, -0.01800629959745137, -0.504918772832768, -0.579543058303791, 0.8180655138132913, -0.17570970584105727, 0.4801254220624896, -0.13106920300562824, 0.39935735357825836, -0.5280725629962906, 0.07985088020653343], [-0.37054867610177417, 0.6159264623631872, -0.5394210770101742, 0.2165608088729522, -0.3165272184574289, 0.06778495054441241, -0.5323774313379876, -0.1245422043481173, 0.17682538406790976, -0.3647118539558722, 0.47429537350245365, 0.0664312716724216], [-0.6328385878391284, -0.45643463182883665, -0.19132249645338997, -0.45763354501139014, -0.12266359446786365, 0.13090907903625867, 0.44711941292347546, -0.6729790772762549, 0.6811675732249737, 0.34368500796716306, 0.17982447211783706, 0.015195878554169474]], "inverted": false, "swapped": false, "error_lsq": 0.04317696837259943, "error_max": 0.2546287919774346, "target": "174.xyz", "model": "25.xyz", "model_rescale": 4.19342608120988, "target_rescale": 3.780719153516622},
{"mapping": [8, 4, 10, 2, 1, 3, 9, 6, 5, 7, 0, 11], "R": [[-0.5518472782565689, 0.8235652851109274, -0.13116707910513975], [-0.7729084414627791, -0.5641568689144525, -0.29041275518168763], [-0.3131726721736665, -0.05888334583562696, 0.9478689935781248]], "T": [-0.05783570201424741, -0.09115798596667846, -0.02826189431800257], "aligned_model": [[-0.28771909940095186, 0.11464796810976403, 0.14029203843233734, -0.5732684105405842, -0.5598187889621512, 0.5644231867846374, -0.3139814898884464, 0.45121145190126793, 0.043661206050156234, 0.5288605393821172, -0.5054568762881527, 0.007829486053794812], [-0.3952503443150818, 0.6206804796259675, -0.638251833259946, 0.27615279945670096, -0.2941191590637949, 0.08416473030646546, -0.4539821883565952, 0.01927941978062822, 0.22438540000359397, -0.4720451701286271, 0.4108311199454273, -0.012149464182755573], [-0.6928802637699341, -0.26881358019860824, -0.270479811303247, -0.576109785285802, -0.06590503496942618, 0.08607457977707828, 0.5656231440071257, -0.6644776890777903, 0.5248119082985921, 0.529567464045572, 0.1987981868800357, -0.10217962745658196]], "inverted": false, "swapped": false, "error_lsq": 0.04719344270482956, "error_max": 0.255250010517249, "target": "174.xyz", "model": "26.xyz", "model_rescale": 3.795458400668931, "target_rescale": 3.780719153516622},
{"mapping": [6, 7, 1, 5, 8, 3, 9, 0, 4, 2, 10, 12], "R": [[0.32055511798728614, -0.4614877951847281, -0.8272082151596996], [-0.8612383472234553, 0.2215735873084616, -0.4573550641231284], [0.39435127184271673, 0.8590309425758762, -0.32642443856616143]], "T": [-0.12503799553892764, -0.14955767065042813, 0.06372324123869846], "aligned_model": [[-0.31407445959348146, 0.08411083953323295, -0.0782874106954507, -0.5149716179513628, -0.7511017501344479, 0.48166101475839845, 0.08325540854496508, 0.5900010869251289, -0.15114169041696573, 0.6240879089435163, -0.3497604591975431, -0.09309765908220141], [-0.3184360395591115, 0.5194126859002999, -0.6787794625939748, 0.21144979406478875, -0.4125194408005127, 0.25539902610976584, -0.32780250580401893, -0.1365209114788501, 0.3654984653954073, -0.5970316175284598, 0.5225546539114415, -0.03352885780479316], [-0.7217271209410895, -0.34730416110056894, -0.19722090661689815, -0.4696489069022053, -0.20018392563531165, 0.17775369112457104, 0.3942030843027221, -0.3603314080132307, 0.7216738142089129, 0.1795349850212656, 0.13755593053330734, -0.0502755850344611]], "inverted": false, "swapped": false, "error_lsq": 0.048341377088695014, "error_max": 0.2825550182983386, "target": "174.xyz", "model": "27.xyz", "model_rescale": 3.6321398670334006, "target_rescale": 3.780719153516622},
{"mapping": [0, 9, 3, 11, 2, 12, 4, 8, 6, 7, 13, 14], "R": [[-0.5318209635083895, -0.6909647084352473, -0.4896266276153716], [-0.4112005511403194, -0.29474187495535686, 0.8625783059465952], [-0.7403246379223818, 0.6600719648983695, -0.1273751610020567]], "T": [-0.02334010609472474, -0.09042443456568072, -0.1589794532361945], "aligned_model": [[-0.19693942907060447, 0.02032923619294942, 0.06484543254826962, -0.48211066914133527, -0.8066316477361466, 0.6875007114107656, -0.05523572389891866, 0.4493047176491342, 0.02062280394092715, 0.5555279878504584, -0.5685689998492821, -0.07796320826242899], [-0.34296287792243374, 0.5745477893983517, -0.7676589364960966, 0.2335598422024907, -0.21132305956777767, 0.20188380679489615, -0.35470207865655845, -0.15048890515924718, 0.3362147807358876, -0.4891194786257963, 0.42350164420772674, -0.08375673709946072], [-0.7025779299716528, -0.20874983720818685, -0.2306510663864456, -0.47057148668315835, -0.23165370588472362, 0.14560379492555536, 0.6256269759738236, -0.3590513047171414, 0.4890588786924231, 0.16788653712993323, 0.16518527477384143, -0.12607663969725433]], "inverted": true, "swapped": false, "error_lsq": 0.04244890402576951, "error_max": 0.23959422823183335, "target": "174.xyz", "model": "28.xyz", "model_rescale": 4.156811204709835, "target_rescale": 3.780719153516622},
{"mapping": [2, 6, 4, 10, 5, 9, 0, 7, 1, 11], "R": [[0.4927857347002594, -0.7751312915006757, -0.3953905671768366], [0.30081088662065325, -0.2746244274163704, 0.9132875967386876], [-0.8165017024883798, -0.5689928864254153, 0.09783693081271608]], "T": [0.00033819363921502865, -0.04898701159620693, 0.0167041339714956], "aligned_model": [[-0.5995791113896295, -0.04729163775051712, 0.07844652524095946, 0.6710606774236652, -0.21922518384035397, -0.5910414806439921, -0.5144638090146727, -0.4783531044723004, 0.3570999468645949, -0.013727448307165555], [-0.0318878304291169, -0.5544485127054187, 0.1706422535727387, 0.09483677017495369, -0.3118232079566203, -0.6397752557586226, 0.5120564597585858, 0.291790767767753, 0.39998705381298777, -0.012658167611036587], [-0.2780680078688912, -0.3125805861218664, -0.7340330032394052, -0.13082597697085802, 0.6661504303454754, 0.08616307888582293, -0.2919664983681077, 0.40372433602872504, 0.41777352464015266, -0.06755057035594793]], "inverted": true, "swapped": true, "error_lsq": 0.06065025414705474, "error_max": 0.26422189324911455, "target": "174.xyz", "model": "29.xyz", "model_rescale": 4.117894457231895, "target_rescale": 3.780719153516622},
