[{"mapping": [11, 8, 5, 10, 7, 9, 12, 4, 0, 1, 6, 3, 2, 13], "R": [[0.5215789576360097, -0.44199380600320676, -0.7297923447160388], [0.4926089067093958, -0.5423835426689734, 0.6805560650471261], [-0.696628922728527, -0.7144659320755986, -0.06516575727664484]], "T": [0.18066851344066412, -0.10032073889070281, 0.11835523677195997], "aligned_model": [[0.07528091338056114, -0.40059887723859733, 0.5023410638981703, 0.008514949751484896, -0.5073952147286916, -0.1570120283458468, 0.44896562575032184, -0.7311626862259607, 0.3557803636118112, 0.7360381200496017, -0.196733362245095, 0.23672775457858938, -0.15205489538701036, 0.05202254573128745], [-0.38878144785009405, -0.5372451363254653, -0.7732278010775263, 0.25085861997474307, 0.04175366457109725, 0.5268512851253405, 0.306578757654784, -0.2137246761292556, 0.5513610167312615, 0.012947659335208556, -0.6463304865338318, -0.2869600255294167, 0.14096835138530914, -0.0777255589036221], [-0.5083390379613411, -0.16765948851660406, -0.008625534933283496, -0.8103347723578873, -0.16053121383855223, -0.053022345643636726, -0.19400555976136663, 0.38123855108536187, 0.4926000281849321, 0.22688626201977646, 0.4978120378642725, 0.6033536326082394, 0.7682267267925413, 0.02099233270234696]], "inverted": false, "swapped": false, "error_lsq": 0.04630905861288757, "error_max": 0.2682639246615829, "target": "175.xyz", "model": "0.xyz", "model_rescale": 3.8414455957264533, "target_rescale": 3.996440563279885},
{"mapping": [8, 13, 6, 12, 11, 1, 10, 0, 3, 5, 9, 2, 4, 14], "R": [[-0.725570325990227, 0.5610131799382434, 0.3985121252584621], [0.510044967342414, 0.049671220538503424, 0.8587123506383796], [0.4619543628229003, 0.8263153040975313, -0.3221819127187195]], "T": [-0.006365078827654708, -0.15653973693406675, 0.14536332091531462], "aligned_model": [[0.0875993631608082, -0.5861842462171257, 0.6815449171665293, -0.050396613842591156, -0.524107425721614, -0.23124132343196366, 0.48998195753627505, -0.6537557446078949, 0.22986405221844297, 0.5977097634666347, -0.12338800843677473, 0.40059471172497446, -0.047974979251746694, 0.0004678488166716885], [-0.5715412335146137, -0.46896459546486635, -0.5263198842178325, 0.029092591115536526, 0.2745683505939034, 0.678559443708589, 0.06898433663824391, 0.008477463472210511, 0.5410046489094122, 0.06247337292810318, -0.8276759084255483, -0.3541224018422179, 0.06367869547511903, -0.07089065694750699], [-0.52040453575717, -0.23019951209551498, 0.15370921030596188, -0.5934813221417936, -0.3765122209820662, 0.12217012640981706, -0.26835132971055436, 0.4267385489256334, 0.4118300345279255, 0.29182023470952234, 0.18266684963441918, 0.7284152457209738, 0.6409333896867536, 0.11925689901089138]], "inverted": true, "swapped": false, "error_lsq": 0.04284901215465557, "error_max": 0.3271260943906208, "target": "175.xyz", "model": "1.xyz", "model_rescale": 4.316132596720782, "target_rescale": 3.996440563279885},
{"mapping": [7, 4, 1, 9, 10, 12, 2, 8, 0, 5, 6, 13], "R": [[0.14370837656135377, -0.2641368124127434, 0.953718851042872], [-0.9619334480543734, -0.2636483843579434, 0.07192753950797048], [0.23244772319884027, -0.9277506527908681, -0.2919705160213853]], "T": [0.07457878860901693, 0.017408886882075824, 0.0005192237872641212], "aligned_model": [[-0.27739285023616356, 0.2969529079972941, 0.2163994419806888, -0.2700102588894261, -0.34442800166528176, -0.48257841175072114, -0.26696826998194456, -0.256084442045756, 0.38145993277138157, 0.3566026760396336, 0.24379913301609604, 5.669739597971568e-05], [-0.6646016484903069, -0.4299578922682067, -0.7116003417762677, 0.6162223682453303, -0.3653672089170983, -0.09831469291906095, 0.4435071003152531, 0.5622060572444219, 0.09103990336014967, -0.0039584561824543875, 0.5498690712498353, 0.023732167879385247], [0.11584666095576351, 0.11152507824445826, -0.4186978114089482, -0.02845943739099583, -0.580037222635342, 0.3222329170502445, -0.6234441501123056, 0.5689225424751775, -0.658535399482024, 0.7349251895694954, -0.06933850631589161, -0.025681399740211167]], "inverted": true, "swapped": true, "error_lsq": 0.05411285386639817, "error_max": 0.32208821596865966, "target": "175.xyz", "model": "2.xyz", "model_rescale": 3.795458400668931, "target_rescale": 3.996440563279885},
{"mapping": [3, 6, 8, 11, 4, 7, 9, 0, 2, 10, 5, 13], "R": [[0.2751801746412196, 0.9306524967305765, 0.2411675803535226], [0.9293736341076875, -0.19330880623523783, -0.314477906469402], [-0.24604983176157336, 0.3106728758051661, -0.9181186440373867]], "T": [0.03371732454474858, 0.07815664492756695, -0.03097723362121358], "aligned_model": [[0.01905986238278707, -0.16385572289724976, -0.7369969827312803, 0.17790482159301688, 0.16286304474337693, 0.2610878673816041, -0.2443025253245273, 0.5780073112342159, 0.3584252887971488, 0.7173802924951731, -0.5878934900684667, 0.05162405813776655], [-0.01849785220301374, -0.4363133271306275, -0.07839856430533783, 0.006336582176849473, 0.49385984854795045, 0.7653093720988807, -0.41459143501311324, -0.34205264177708045, -0.5553027340723596, 0.17497798915337104, 0.42193087639464877, 0.06851093141954127], [-0.7366073469031797, -0.14636793570888895, 0.3017604778864789, 0.7663839130390846, -0.3000902456420163, 0.24910594771111877, 0.3665944614419381, -0.27820814883889167, 0.3942736638490995, 0.39605975640377006, -0.3697477045049057, 0.045614591905492836]], "inverted": true, "swapped": true, "error_lsq": 0.05146399441093385, "error_max": 0.3064247552715339, "target": "175.xyz", "model": "3.xyz", "model_rescale": 3.7530521520055578, "target_rescale": 3.996440563279885},
{"mapping": [10, 12, 11, 8, 2, 5, 0, 4, 3, 6, 13], "R": [[-0.9521364597797197, -0.16710950008519476, -0.25595034076831846], [0.13669777608772127, -0.981718786080158, 0.13244600058126482], [-0.27340424278129494, 0.09111882373350465, 0.9575737465023826]], "T": [-0.14511710803958086, 0.007657561908400695, 0.034773492999765156], "aligned_model": [[-0.3692990293932422, -0.06371128225388047, 0.17401023130979812, 0.48399656860950235, 0.3658340658639502, -0.2540182349067317, -0.18471156881846224, -0.6402880423982228, -0.3579601714954683, 0.29863312885890136, -0.1142860629309396], [-0.7393020349383375, 0.05681642148701385, -0.5007795702439092, 0.46198839113080525, -0.6364420318539048, 0.7828546113889268, -0.4536120166107226, 0.13688949085452992, 0.31818497640822374, 0.08596624987405836, -0.04536112918233769], [-0.19088962784813002, -0.6119662470198787, -0.5142095466749661, -0.32163068922662086, 0.1425184877468694, -0.04619710692019104, 0.6001169410833522, 0.038573241943199395, 0.6395390219162892, 0.3723871064619628, -0.015410804216569832]], "inverted": true, "swapped": true, "error_lsq": 0.04533751414863134, "error_max": 0.24268676395424552, "target": "175.xyz", "model": "4.xyz", "model_rescale": 3.7855080009869324, "target_rescale": 3.996440563279885},
{"mapping": [5, 7, 0, 10, 8, 15, 3, 6, 14, 2, 4, 1, 12, 16], "R": [[0.21367283802831114, -0.7019022035745492, -0.679468332526336], [0.9541940845767019, 0.0008508212333664632, 0.2991871071120197], [-0.20942198367830772, -0.7122728218319306, 0.6699327279897749]], "T": [-0.04242688188401532, -0.006540925825889915, 0.1415048619353781], "aligned_model": [[0.20079646559477365, -0.43933505074675583, 0.45257985364658815, -0.13605377269700286, -0.6271740468105574, -0.24301896723601374, 0.5369807063833213, -0.5914218297499613, 0.265660426619498, 0.6782893894385279, -0.147226297216767, 0.27402820798813216, 0.05469635585343392, -0.008087168486591453], [-0.5262900858479211, -0.4626117977314528, -0.6093981340977117, 0.13187582912743787, 0.2897049013399722, 0.7459046324416008, -0.03946453885285334, -0.3152355826727029, 0.5570514252350384, 0.10619222943742161, -0.7359077385036988, -0.4557626310629631, 0.1868342123232254, 0.03443150129313959], [-0.42928972328500475, -0.30102506605281415, 0.14382898210308703, -0.5677476187364685, -0.11465726828844286, -0.12850736709048843, -0.2400963536846979, 0.31293771794279046, 0.35397432020537445, 0.25831658880387365, 0.2050809500147459, 0.6622350940395618, 0.7866702637102705, 0.1468710985630121]], "inverted": false, "swapped": false, "error_lsq": 0.043696840451846755, "error_max": 0.28443266885028495, "target": "175.xyz", "model": "5.xyz", "model_rescale": 4.2253639853439635, "target_rescale": 3.996440563279885},
{"mapping": [1, 10, 0, 8, 5, 11, 9, 2, 12, 7, 4, 3, 6, 13], "R": [[0.9262382915387026, 0.11915522774418691, -0.3576096461068916], [0.24890618474007686, 0.519117428589557, 0.817656900253832], [0.2830694940921823, -0.8463563829946562, 0.4511679670351152]], "T": [0.011356906075278105, -0.09166402001094358, 0.02145072830483151], "aligned_model": [[0.11583693231348939, -0.618955212441321, 0.7512051166393207, -0.16297096004991907, -0.5682990999306243, -0.11891567786787753, 0.4408184068721775, -0.533738747283706, 0.5634682146796827, 0.4997786206411238, -0.06227844732777933, 0.09205471710348763, -0.14003519215918178, 0.012745601391752775], [-0.6411790373264553, -0.3767029424644066, -0.3894448474273489, 0.15503164944374287, 0.1621832754423364, 0.6727421871324499, 0.006135114440024, -0.322230811921293, 0.6218392987142914, 0.06434620224154054, -0.7782886332509679, -0.34277535563740164, 0.18998812705167206, -0.11432000400965202], [-0.4537575963489586, -0.33906545763808094, 0.10519948038499326, -0.6528013887576442, 0.004080301049717336, 0.08676529916473401, -0.40115378671991286, 0.3374907498124636, 0.2610960527913299, 0.6268400702329842, 0.1764855225567013, 0.6798126600061516, 0.5795461222746219, 0.07805358943569873]], "inverted": false, "swapped": false, "error_lsq": 0.052744077841181, "error_max": 0.3747815656477137, "target": "175.xyz", "model": "6.xyz", "model_rescale": 3.89814844738969, "target_rescale": 3.996440563279885},
{"mapping": [5, 8, 12, 3, 7, 9, 6, 4, 0, 2, 11, 10, 13], "R": [[0.8040626976941336, -0.13027171592535616, -0.5800969386289639], [-0.5266664006352021, 0.29666563112000266, -0.7966253860844077], [0.27587258040405815, 0.9460543236738757, 0.16992803194050318]], "T": [-0.06237100087551821, -0.05393004684456695, -0.03464446686295408], "aligned_model": [[0.1909857580632211, -0.08320990257905307, 0.40618576640384796, -0.36173781842003444, 0.6671388561960161, -0.40480243673787447, -0.5797101303887734, 0.25023161364364, -0.558083449398715, -0.5550544037041538, 0.09795202298316986, 0.1284915894843663, -0.04975566464143448], [-0.4407971694900338, 0.35658478390349546, 0.35915362619063984, -0.6969686357512942, -0.004429849678713987, 0.4879615433722615, 0.0005645014999893783, -0.4414785115769053, -0.19824880392403046, 0.5192965261346942, 0.7185647449754876, 0.2827386767639035, 0.020839833050991588], [-0.6714257017652722, -0.7831548378993107, -0.2273417117214379, -0.10061166714482464, 0.2255245581768301, -0.29397664016096836, -0.2500975815504755, 0.08365759002607548, 0.4824549669182051, 0.30626422076302195, 0.16355058492614594, 0.6790471047833917, -0.01161585451508499]], "inverted": true, "swapped": true, "error_lsq": 0.04024979269510966, "error_max": 0.24844062394589772, "target": "175.xyz", "model": "7.xyz", "model_rescale": 3.7474275329858107, "target_rescale": 3.996440563279885},
{"mapping": [0, 10, 3, 1, 12, 13, 2, 11, 4, 8, 7, 5, 9, 14], "R": [[0.2445409099676779, -0.8368968511783986, -0.48969725733340747], [0.9661987016882246, 0.25281962732927227, 0.0504212742111651], [0.08160767248347216, -0.4854749185331508, 0.8704333927803216]], "T": [-0.022550160903954414, -0.10459163764900603, 0.030567223548994833], "aligned_model": [[0.08079539898301842, -0.5848069586139301, 0.5808442329125083, 0.175602681609137, -0.5263205326043416, -0.3082255507585554, 0.6670543160370013, -0.5402735262390479, 0.3304784781414598, 0.4964741662895598, -0.2747508616021461, 0.29523402196207876, -0.11806074854100286, -0.003330844995113196], [-0.529651126310916, -0.5945012782805297, -0.4884659598970746, 0.06013880405063024, 0.15718520686562876, 0.7477317262025012, 0.28305552482723817, -0.06207655520831093, 0.5631779014600284, 0.07287347196884403, -0.5842873404470674, -0.5398453255487528, -0.1267815235154673, -0.05122930373822033], [-0.46223838110367693, -0.10770496141051636, -0.021300369551724534, -0.6754080965800289, -0.21095071589271613, 0.03737044020303746, -0.25712156430509153, 0.3720858033379037, 0.23472517342451704, 0.4359438367202148, 0.44307718852976047, 0.5023605091219514, 0.7860311715325224, 0.011721584218646556]], "inverted": false, "swapped": false, "error_lsq": 0.05349690205622011, "error_max": 0.2982241078097259, "target": "175.xyz", "model": "8.xyz", "model_rescale": 4.019505241142653, "target_rescale": 3.996440563279885},
{"mapping": [0, 3, 6, 2, 10, 11, 8, 1, 7, 4, 5, 12, 13], "R": [[0.30294147411244343, -0.2759496069153225, 0.9121832478761376], [0.21206118979434252, 0.9526826875610379, 0.21777453617098078], [-0.9291159857873439, 0.12746572584329083, 0.34712529969688954]], "T": [-0.04796478528662679, 0.0032604207120279644, -0.02281082584261989], "aligned_model": [[-0.2997913486482639, -0.7466908821286884, -0.12919335881587685, 0.39164605197778757, 0.3416488244648838, 0.7443502050350488, 0.32741552380536953, -0.27423142652564614, 0.18790722127364867, -0.3424509851623765, -0.3735582012202833, 0.4645636855556425, 0.028085462129930322], [-0.5521708684752262, 0.043454113639545836, 0.17681245881245738, -0.37447826730839634, -0.6920345328404542, -0.17952199343324338, 0.7487515787255609, -0.6917443331777434, -0.19764169916144814, -0.09066238932457651, 0.657269065506888, 0.23384115827005436, -0.0184960631193595], [-0.42534035849814034, -0.15561556379884384, -0.5522549534585133, -0.6157696507398518, 0.131773067092323, -0.04648568830846019, -0.20324646120033685, 0.4166004563561128, 0.6887547420607976, 0.38506901874687316, 0.2697772447308225, 0.3110497488152453, -0.027608107754149253]], "inverted": false, "swapped": true, "error_lsq": 0.04884618780250865, "error_max": 0.3000562996302838, "target": "175.xyz", "model": "9.xyz", "model_rescale": 3.877068213659057, "target_rescale": 3.996440563279885},
{"mapping": [7, 5, 8, 4, 3, 13, 2, 12, 14, 9, 0, 11, 10, 15], "R": [[-0.8786443288992112, 0.46956913534982203, 0.08653883763996029], [0.056905512208482695, -0.07696794692612025, 0.9954083070912498], [0.474073734743389, 0.8795344008467197, 0.04090637790927509]], "T": [-0.035574321152952615, -0.029859748991419632, 0.06453092778605896], "aligned_model": [[0.3707377656269251, -0.6118319421475364, 0.5356631903586455, -0.1111646184479931, -0.5871502207646324, -0.04346962073844997, 0.4696182113354967, -0.5961757889529495, 0.36422848749783626, 0.5811242361670754, -0.20762945312146347, 0.07173505000659652, 0.09345485621829885, -0.058425880457223724], [-0.3618196620762791, -0.4890993270896981, -0.5472741266182646, 0.02322249484782165, 0.12354038458749961, 0.7270343305081741, 0.2505746272758422, -0.302368221292287, 0.5684769838443556, 0.05221127975173623, -0.773894222121357, -0.43174808880081933, 0.18062229382102096, -0.11215452420921351], [-0.5607687393001166, -0.1962785935054523, 0.10048927973882854, -0.6059607292006701, -0.20931897401009086, -0.09259167601934179, -0.261800841545405, 0.4764293892280343, 0.3673054560623591, 0.28496808332044066, 0.2894215011575207, 0.674142064044486, 0.7295569126169361, 0.09299848565727056]], "inverted": false, "swapped": false, "error_lsq": 0.04046992047744815, "error_max": 0.25220491538284157, "target": "175.xyz", "model": "10.xyz", "model_rescale": 4.260839863003843, "target_rescale": 3.996440563279885},
{"mapping": [1, 3, 6, 0, 9, 2, 10, 7, 5, 8, 12, 13], "R": [[-0.9858406887404961, 0.09966890975632503, 0.13484897052499106], [0.06645078447583885, -0.5061324116799383, 0.8598920136212426], [0.1539559341701709, 0.8566773548279628, 0.4923428480832793]], "T": [0.040415555858513134, -0.060008460959328776, -0.017346132002827874], "aligned_model": [[0.5739097205263776, 0.049407252867456945, -0.47424868860480135, -0.25401668100940966, -0.5415550540759159, -0.5952976208063103, 0.17097729607317774, 0.7036365809426018, 0.33655147569290067, -0.2750249564858708, 0.24242927502533468, 0.02213004894858852], [-0.002784321183322093, -0.7538906779311441, -0.27663004982797457, -0.21112562352767617, 0.20005908900389596, 0.35901361028914397, 0.5297397204505999, 0.3416723123545483, -0.5006970751246065, 0.05398373991383414, 0.4166577620880513, 0.01708001902758375], [-0.6802336412249709, -0.17833497676572768, 0.0549399528295456, -0.6688243133357584, 0.25067259598203445, -0.34572645040296585, -0.5598226124237518, -0.050711546888850115, 0.5635525005799786, 0.7679738810805706, 0.38177234958093953, -0.019079661615539548]], "inverted": false, "swapped": true, "error_lsq": 0.05379888674914465, "error_max": 0.31237890911433447, "target": "175.xyz", "model": "11.xyz", "model_rescale": 3.890672605050136, "target_rescale": 3.996440563279885},
{"mapping": [0, 2, 3, 6, 11, 9, 8, 10, 5, 7, 4, 7, 12, 13], "R": [[-0.10589418790174526, 0.992888833311032, -0.0543892053158328], [0.9789047592563613, 0.094478995002441, -0.18116067953221493], [-0.17473377828535333, -0.07242571497463235, -0.9819483807902217]], "T": [-0.04581440310750298, -0.03360963307904619, -0.12832235628215607], "aligned_model": [[0.20228932723527862, -0.6115690849354257, 0.6117841413235023, -0.0031022848741376757, -0.5813197023304688, -0.2627268325963465, 0.6537316899318494, -0.7079269975291994, 0.30524869842148283, 0.4704525472217964, -0.1452200060813993, 0.4704525472217964, -0.12966670464198038, -0.001713065786122285], [-0.4838224906345153, -0.46042138546206546, -0.6642556701908814, 0.2736284352338543, 0.05095128089186444, 0.6985918326304165, 0.04195571740633703, -0.17360669263972928, 0.49893149378395274, -0.093584365400255, -0.6644915006213878, -0.093584365400255, 0.07505322023304875, -0.09802128740185237], [-0.4189208105604795, -0.07072459865036781, 0.023047674567400783, -0.6139547154561859, -0.22237388592297647, 0.022178233642147133, -0.2836162304611846, 0.45609893017573344, 0.3167920433719056, 0.5475738175175521, 0.16005870954711202, 0.5475738175175521, 0.6039981490858951, 0.020860483870695168]], "inverted": true, "swapped": false, "error_lsq": 0.04953980730774501, "error_max": 0.41060521892260793, "target": "175.xyz", "model": "12.xyz", "model_rescale": 4.124412569039231, "target_rescale": 3.996440563279885},
{"mapping": [6, 3, 1, 8, 0, 2, 5, 11, 4, 12, 10, 7, 13], "R": [[-0.32106671962802247, -0.9412757029919865, -0.10448068005254775], [-0.8903800793374699, 0.33760168418130526, -0.3053660379887514], [0.3227064856278878, -0.005015355908434299, -0.9464858003894248]], "T": [0.020758695716295614, 0.12736477504270063, 0.0639040200238448], "aligned_model": [[-0.2313064559538569, -0.08473859003434493, 0.7543521184047657, -0.7158871594731293, 0.4951896570239547, 0.3390994245219487, -0.6054312017654194, 0.25113051650915363, 0.15167598008788774, -0.1251001619864449, 0.7555477263266188, 0.33609442329778194, 0.04667203055084179], [-0.21367667117975267, 0.4767211629524897, 0.5622569648122003, -0.20189288980592227, -0.05558678182575946, -0.6328669216614601, 0.6032075196582803, -0.41107603656150826, 0.621775055316518, 0.0690658349438257, -0.050508115025585526, 0.5065927030197037, 0.07347355186544804], [0.4342867499470482, 0.6756974710420686, 0.05943756100035297, -0.21567912647818785, 0.5886844983904822, 0.15474079892433276, 0.035512935222492006, -0.5006695097360715, 0.045773294800783876, -0.5706369325399734, -0.2320289669302452, -0.5353224648940568, 0.011901772218813195]], "inverted": false, "swapped": true, "error_lsq": 0.04724855802270162, "error_max": 0.31139216399683795, "target": "175.xyz", "model": "13.xyz", "model_rescale": 3.9028299243045295, "target_rescale": 3.996440563279885},
{"mapping": [13, 11, 10, 12, 1, 2, 5, 6, 0, 4, 9, 7, 3, 15], "R": [[-0.46019340919625085, 0.7267347466545702, -0.5099790526455472], [-0.211529911917525, 0.46812481770324876, 0.8579710084929819], [0.8622511945462856, 0.5027084274758262, -0.061701818840985384]], "T": [0.023637373111698234, -0.008124306587935545, 0.024295913246614786], "aligned_model": [[0.4052304573833109, -0.48726359200010216, 0.503549231499182, -0.09303497261898856, -0.6186633074287832, -0.31230999427948936, 0.45096819291317725, -0.4728636666395585, 0.38751854438505984, 0.6112038288027886, -0.3092868222447984, 0.17410274351745464, 0.035827771669455236, -0.004264142378082373], [-0.3440653566951066, -0.4184648879113937, -0.5714529205354899, 0.012687524136571413, 0.03273577154994446, 0.6470772794753521, 0.06684580944563052, -0.08582313669414314, 0.6728617046569416, 0.035694528628120795, -0.6522031672047646, -0.6016017703572538, 0.2130302548885593, -0.09999741095443644], [-0.5874080026180812, -0.3169627855507691, 0.11203463295446767, -0.6614115465381536, -0.06502959002432565, 0.024163554388906168, -0.24749386913098353, 0.46231174809198283, 0.32606561836336007, 0.35927179851244495, 0.29846622147932433, 0.6919579745798663, 0.6070750303735872, 0.08555083336317312]], "inverted": true, "swapped": false, "error_lsq": 0.04593513798047146, "error_max": 0.2966995297397601, "target": "175.xyz", "model": "14.xyz", "model_rescale": 3.942246331269136, "target_rescale": 3.996440563279885},
{"mapping": [0, 1, 8, 2, 5, 9, 6, 3, 10, 11, 12, 13, 4, 14], "R": [[0.28999174693163987, -0.6631473791315305, -0.6900292314551014], [-0.7883601682300019, -0.5742992522285422, 0.220609641761417], [-0.5425799773857299, 0.480016585589206, -0.6893410227887076]], "T": [0.04898793715106192, -0.021827156730263322, 0.09618267159636619], "aligned_model": [[0.07311010554020925, -0.5942279014857923, 0.6751623381861009, -0.1995237332565561, -0.5022762286563234, 0.09989168401449505, 0.5349440110741726, -0.591829569860286, 0.12115201992116215, 0.6537264823674067, -0.21122210315698836, 0.238712178534206, -0.047257634611751614, 0.020352623970571276], [-0.4183454296098126, -0.4795104692430626, -0.3866397956183342, 0.02073646459555928, 0.12035911957735877, 0.6890869771972892, 0.211490091593391, -0.14997337253777676, 0.5981432729922552, 0.00030775614937987583, -0.767716442693918, -0.5351096626358814, 0.09016060127992233, -0.08566488861783789], [-0.5226136302131085, -0.08668560382235728, -0.17521792583061702, -0.6242881511649263, -0.1842998421466019, -0.278213120139683, -0.05281110408012106, 0.3953137475189822, 0.44176844600090914, 0.480776434179666, 0.30598297228790644, 0.6974111039481269, 0.6635093049342572, 0.027958986772366246]], "inverted": true, "swapped": false, "error_lsq": 0.05535971597061296, "error_max": 0.4055459131073516, "target": "175.xyz", "model": "15.xyz", "model_rescale": 4.355366556412066, "target_rescale": 3.996440563279885},
{"mapping": [7, 4, 1, 9, 10, 12, 2, 8, 0, 5, 6, 13], "R": [[0.14370837656135377, -0.2641368124127434, 0.953718851042872], [-0.9619334480543734, -0.2636483843579434, 0.07192753950797048], [0.23244772319884027, -0.9277506527908681, -0.2919705160213853]], "T": [0.07457878860901693, 0.017408886882075824, 0.0005192237872641212], "aligned_model": [[-0.27739285023616356, 0.2969529079972941, 0.2163994419806888, -0.2700102588894261, -0.34442800166528176, -0.48257841175072114, -0.26696826998194456, -0.256084442045756, 0.38145993277138157, 0.3566026760396336, 0.24379913301609604, 5.669739597971568e-05], [-0.6646016484903069, -0.4299578922682067, -0.7116003417762677, 0.6162223682453303, -0.3653672089170983, -0.09831469291906095, 0.4435071003152531, 0.5622060572444219, 0.09103990336014967, -0.0039584561824543875, 0.5498690712498353, 0.023732167879385247], [0.11584666095576351, 0.11152507824445826, -0.4186978114089482, -0.02845943739099583, -0.580037222635342, 0.3222329170502445, -0.6234441501123056, 0.5689225424751775, -0.658535399482024, 0.7349251895694954, -0.06933850631589161, -0.025681399740211167]], "inverted": true, "swapped": true, "error_lsq": 0.05411285386639817, "error_max": 0.32208821596865966, "target": "175.xyz", "model": "16.xyz", "model_rescale": 3.795458400668931, "target_rescale": 3.996440563279885},
{"mapping": [5, 8, 12, 3, 7, 9, 6, 4, 0, 2, 11, 10, 13], "R": [[0.8040626976941336, -0.13027171592535616, -0.5800969386289639], [-0.5266664006352021, 0.29666563112000266, -0.7966253860844077], [0.27587258040405815, 0.9460543236738757, 0.16992803194050318]], "T": [-0.06237100087551821, -0.05393004684456695, -0.03464446686295408], "aligned_model": [[0.1909857580632211, -0.08320990257905307, 0.40618576640384796, -0.36173781842003444, 0.6671388561960161, -0.40480243673787447, -0.5797101303887734, 0.25023161364364, -0.558083449398715, -0.5550544037041538, 0.09795202298316986, 0.1284915894843663, -0.04975566464143448], [-0.4407971694900338, 0.35658478390349546, 0.35915362619063984, -0.6969686357512942, -0.004429849678713987, 0.4879615433722615, 0.0005645014999893783, -0.4414785115769053, -0.19824880392403046, 0.5192965261346942, 0.7185647449754876, 0.2827386767639035, 0.020839833050991588], [-0.6714257017652722, -0.7831548378993107, -0.2273417117214379, -0.10061166714482464, 0.2255245581768301, -0.29397664016096836, -0.2500975815504755, 0.08365759002607548, 0.4824549669182051, 0.30626422076302195, 0.16355058492614594, 0.6790471047833917, -0.01161585451508499]], "inverted": true, "swapped": true, "error_lsq": 0.04024979269510966, "error_max": 0.24844062394589772, "target": "175.xyz", "model": "17.xyz", "model_rescale": 3.7474275329858107, "target_rescale": 3.996440563279885},
{"mapping": [7, 11, 2, 12, 10, 5, 9, 3, 4, 6, 1, 0, 8, 13], "R": [[0.9303766054687741, -0.061248124380732655, 0.3614526791382845], [-0.3134386787625771, -0.6442721854685276, 0.6976170480193109], [0.19014617180467072, -0.7623398312376506, -0.61861330009674]], "T": [-0.0194158564750273, -0.11437857084467995, 0.051646141832547024], "aligned_model": [[0.09950603821602183, -0.5605404848797355, 0.541799927063051, -0.06422983631535689, -0.6080327320278562, -0.1075068469018701, 0.49347566194389114, -0.5770897472672699, 0.3685072824398013, 0.7242845859875651, -0.1255511944214086, 0.30926093687794154, -0.28582179280640707, 0.06265247467225814], [-0.5284187937506284, -0.4555887066681178, -0.5362263363084843, 0.18616739364287854, 0.23457577297032434, 0.5895054189449743, 0.17464974409538692, -0.31274255137579565, 0.4902265379455323, 0.03990747700507519, -0.7694419303467304, -0.2924567931369342, 0.23923057808231962, -0.1520635886712685], [-0.5662920094539557, -0.28375875012830654, 0.15611638109052212, -0.6316552219555064, -0.03890997452919773, -0.08980081993655452, -0.266361860194001, 0.3836713578414028, 0.4678121216288875, 0.18619828332490396, 0.24695538863507738, 0.7995780257881046, 0.6180761005222546, 0.10696259561116822]], "inverted": false, "swapped": false, "error_lsq": 0.03948119713891418, "error_max": 0.25015955313007127, "target": "175.xyz", "model": "18.xyz", "model_rescale": 3.922800546911778, "target_rescale": 3.996440563279885},
{"mapping": [13, 4, 7, 8, 6, 1, 5, 10, 0, 3, 11, 9, 2, 14], "R": [[0.3414061668486673, -0.8908691086357997, -0.2996565709544103], [0.6097976701889153, -0.032669683735847735, 0.791883509865416], [-0.7152542419796408, -0.45308379251861935, 0.5320962753929723]], "T": [0.052168175736580114, -0.0460768803481055, -0.02564767012889678], "aligned_model": [[0.10258247123974715, -0.5240165026437238, 0.5346653295759918, -0.06730431384440158, -0.5907964551234424, -0.23096421883276308, 0.5103048784356576, -0.5775803383379099, 0.5209496899284034, 0.6037309376292075, -0.11790426187518194, 0.09168656645838104, -0.09295077549097253, 0.10831126546163262], [-0.6042845041464138, -0.43827092124595945, -0.6337022525816325, 0.08968621251233858, 0.14667301613140368, 0.6323203453789866, 0.4735116130529071, -0.2863657468920644, 0.546867412898255, -0.012487700023752206, -0.7174333164752817, -0.32367527819780284, 0.14530146656038864, -0.11081612454284107], [-0.42273254060692306, -0.2207430052247497, 0.21951337388693176, -0.6101862581381978, -0.18442969928611902, 0.06150894297108546, -0.34607282418362717, 0.41738586911987974, 0.3308682379810688, 0.29653167471434416, 0.14048334565146453, 0.7386301669310454, 0.6492180803111246, 0.018616254117471455]], "inverted": true, "swapped": false, "error_lsq": 0.04368389753815642, "error_max": 0.3750892835539965, "target": "175.xyz", "model": "19.xyz", "model_rescale": 3.9282355846067225, "target_rescale": 3.996440563279885},
{"mapping": [5, 3, 2, 6, 4, 8, 7, 0, 9, 12, 1, 10, 11, 13], "R": [[0.9651000614960064, 0.005900578375497137, 0.26181492408806606], [-0.12460671194368224, 0.8896695364678964, 0.43927358584324533], [-0.23033679393225343, -0.4565668615392859, 0.8593553760262268]], "T": [0.044476905472775066, -0.0012743526365341373, -0.003407177028317915], "aligned_model": [[0.06137813067198607, -0.555214044660081, 0.48282548358828953, -0.02996167514819606, -0.5500880980474656, -0.17927522700909648, 0.6244573847335779, -0.525985540481871, 0.24248811249277358, 0.7484877810219012, -0.1572322920934794, 0.3612009637191361, -0.26434742065634487, 0.011980714449496076], [-0.4927483575500135, -0.37678411028068975, -0.6961821603992291, 0.07935357936101231, 0.20557518338526584, 0.7183908960204626, -0.003188919349343542, -0.3406182833908784, 0.5446086458665331, 0.2848701706938405, -0.7144808719513764, -0.3379417507589035, 0.1712959407394154, -0.13482573995756345], [-0.4992476789335808, -0.2597628974332603, 0.05717230080394746, -0.64745848581823, 0.05203261893409965, -0.10655024375344438, -0.2308203571440148, 0.4433760843104123, 0.37239614796704257, 0.37775465755661464, 0.10682284034715797, 0.7236246537472921, 0.6196579887135877, 0.07959398894717513]], "inverted": false, "swapped": false, "error_lsq": 0.04907642938076912, "error_max": 0.2891535500089455, "target": "175.xyz", "model": "20.xyz", "model_rescale": 4.067790424073018, "target_rescale": 3.996440563279885},
{"mapping": [6, 4, 3, 13, 5, 1, 11, 8, 9, 12, 2, 0, 7, 14], "R": [[-0.7309477916438273, 0.5876234770488175, -0.34700716867533166], [-0.41166904708616214, -0.7852243829699844, -0.4625486612893595], [-0.5442829425603778, -0.19524681203662503, 0.8158644255189409]], "T": [0.018156149050333515, -0.07879435669371095, 0.03369900291714887], "aligned_model": [[0.03222768297034491, -0.605098978019742, 0.6663107458888063, 0.01793048458124379, -0.48808000619031827, -0.32093035832305544, 0.5508649155070059, -0.4871120878115867, 0.28567464344528276, 0.7225222837279551, -0.02642369772409171, 0.053748306073217275, -0.19269304734690654, 0.06177338580247009], [-0.6006299703961738, -0.569322487167789, -0.6274561851159423, 0.3453034097954645, 0.049331486628908974, 0.6589108685537972, -0.044386693531089996, -0.030405956865639808, 0.5657123961673082, 0.09718914057182464, -0.8019096676123078, -0.37506478767934986, 0.2549525922549344, -0.014899923175413332], [-0.4907497428152472, -0.08209259665185634, 0.08479531668194365, -0.5233149453926201, -0.24157330636570665, 0.15251163877149995, -0.3310882458115395, 0.2935652537185537, 0.37589017776257816, 0.27846833087141964, 0.20351895438222814, 0.6782260074739798, 0.6668021127301513, 0.02363266288941482]], "inverted": true, "swapped": false, "error_lsq": 0.04494023156163685, "error_max": 0.24190682755090442, "target": "175.xyz", "model": "21.xyz", "model_rescale": 4.186013935880536, "target_rescale": 3.996440563279885},
{"mapping": [7, 10, 4, 8, 9, 5, 12, 11, 3, 0, 2, 6, 13], "R": [[0.21660907037840763, -0.9004472393152629, 0.377193955199873], [-0.0030130672422238325, 0.38574845936952284, 0.9225990719266053], [-0.9762537744129831, -0.20097983805238126, 0.0808435071038036]], "T": [0.09498361508751893, 0.038319388882123974, -0.042757075277203405], "aligned_model": [[-0.07516164663987329, -0.6402349204108166, 0.29576116860279844, 0.3585539115938854, -0.11050352970308505, 0.8407073290709846, -0.012280156465351078, -0.5642626898218961, 0.5596127648407517, -0.2191125805411496, -0.579769040424696, 0.1770986843219332, 0.02816474099973984], [-0.2856588200499993, 0.08948867727894158, 0.15604021175288135, -0.5934008188766606, -0.2308553694982964, -0.20286275259278688, -0.5931789158264674, -0.43082193284413395, 0.5779501853977861, 0.6884078750152524, 0.15073440829669313, 0.1964936221928067, -0.0033797106999233703], [-0.7271630459722221, -0.38329404284272134, -0.49854185524668837, 0.4678158769500449, 0.5601350732026029, -0.11398541264323078, -0.173218440171286, 0.04110998401432636, -0.023030280444417232, 0.06984443346648064, 0.4258750725535373, 0.49134731777210405, -0.03401511930318455]], "inverted": true, "swapped": true, "error_lsq": 0.051871720543819125, "error_max": 0.2762856063725268, "target": "175.xyz", "model": "22.xyz", "model_rescale": 4.166573947596378, "target_rescale": 3.996440563279885},
{"mapping": [9, 3, 14, 8, 4, 0, 10, 2, 5, 13, 11, 12, 6, 15], "R": [[0.09298655175083745, -0.544851652310762, -0.8333607731155346], [0.9254474737935094, -0.2614573452976495, 0.2742025343411644], [-0.3672879993175664, -0.7967287703881029, 0.4799195682540578]], "T": [-0.004151847177895861, -0.09990791344264498, 0.0610824480795702], "aligned_model": [[0.1050072017506496, -0.4959064405926741, 0.6987544806882943, -0.17455580845784546, -0.6133494792583076, -0.22888407124589655, 0.6718259866114735, -0.5826881057983534, 0.3343786394175576, 0.7627514741474996, -0.24854926205668806, 0.1730705511626542, -0.11440148571955484, -0.016739408068182606], [-0.5301743817551662, -0.37799588415711305, -0.45378607333406495, 0.07790654045262417, 0.19995272157059207, 0.6650996635905276, 0.07036534300895957, -0.09616394930212173, 0.5698491446231218, 0.19219033289780024, -0.8402263682063165, -0.5405598816847498, 0.014546651809267633, -0.04367963708482874], [-0.34315044836130537, -0.14451704709354468, 0.14275683462625105, -0.7092575094633413, -0.21965828284786637, -0.11502716944684149, -0.21278288281661428, 0.4047261871219821, 0.4186919753825775, 0.2692915956227515, 0.1806308339461179, 0.5125239389064541, 0.8052953219680116, 0.09906827070016708]], "inverted": true, "swapped": false, "error_lsq": 0.044278984763711796, "error_max": 0.22312000847578659, "target": "175.xyz", "model": "23.xyz", "model_rescale": 4.274766983524099, "target_rescale": 3.996440563279885},
{"mapping": [5, 6, 3, 4, 0, 1, 7, 10, 11, 2, 13], "R": [[-0.5430647293855189, -0.28446013688869654, -0.7900399548242466], [-0.8383544937157335, 0.1306195591275161, 0.5292450034152141], [-0.04735443552688462, 0.9497478409002031, -0.3094133095736716]], "T": [0.044425141914840094, 0.10167316455030015, -0.11368270054914362], "aligned_model": [[0.09006955401188942, 0.17852705125927495, -0.4710143196828919, -0.32471696649726006, -0.390649818474474, -0.611336999898968, -0.015539989299287571, -0.0594038826516895, 0.5861337688171993, 0.30326661464385, 0.09455969173043224], [-0.16258883215039585, 0.6250656600429546, 0.3639199570812254, -0.235182758231571, 0.578795479366367, -0.24199612736944945, -0.6281839386166066, -0.08176080330084298, -0.01654571581925318, 0.6210043146114631, 0.09305929562959225], [-0.8535667075068034, -0.2721328470480122, -0.5296389134105423, -0.2240084675694753, 0.2283913195538371, 0.3096114134492066, 0.14329125663217104, 0.6703463361516799, 0.4815559186496754, 0.47863530632118967, -0.052918181201349584]], "inverted": true, "swapped": true, "error_lsq": 0.05052101293406944, "error_max": 0.3336018463874235, "target": "175.xyz", "model": "24.xyz", "model_rescale": 3.7841303162186577, "target_rescale": 3.996440563279885},
{"mapping": [3, 5, 6, 13, 12, 14, 11, 2, 10, 7, 4, 1, 8, 15], "R": [[-0.8998994273137654, -0.2527813384344, 0.35536265372105563], [0.29545699327198593, -0.9527532608302823, 0.07047261243874924], [0.3207587658148024, 0.16841264476451234, 0.9320681280015894]], "T": [0.07167153278407255, 0.00529363429079735, 0.20659511473787365], "aligned_model": [[0.03676891732643063, -0.5731325517320633, 0.48965647551958347, 0.020447877301569703, -0.5285660434268453, -0.22802420947484126, 0.6081337520383423, -0.6239269870611883, 0.36605069253515, 0.704069649202967, -0.10774567007794118, 0.14411128731137715, -0.14151940431471816, 0.10439048743280352], [-0.48678371123425856, -0.46011677684900587, -0.5383911579676557, 0.19018323551300223, 0.11732284781916988, 0.6584367753498178, 0.10721641498724482, -0.20939895516284437, 0.7186611318944893, 0.10731590235128044, -0.7188180753261113, -0.45033555155218097, -0.0821974581180646, -0.04577039927635151], [-0.43030643266830293, -0.16348539979601914, -0.020829348669877373, -0.5518190002085352, -0.2432228638365634, -0.129389202857452, -0.33307849333516704, 0.40368093145230444, 0.30509805349654706, 0.3182626537538691, 0.21986320319115296, 0.7898539944604993, 0.7509779916975614, 0.17298553156478205]], "inverted": true, "swapped": false, "error_lsq": 0.03960371996081744, "error_max": 0.23714217647173033, "target": "175.xyz", "model": "25.xyz", "model_rescale": 4.19342608120988, "target_rescale": 3.996440563279885},
{"mapping": [7, 4, 1, 9, 10, 12, 2, 8, 0, 5, 6, 13], "R": [[0.14370837656135377, -0.2641368124127434, 0.953718851042872], [-0.9619334480543734, -0.2636483843579434, 0.07192753950797048], [0.23244772319884027, -0.9277506527908681, -0.2919705160213853]], "T": [0.07457878860901693, 0.017408886882075824, 0.0005192237872641212], "aligned_model": [[-0.27739285023616356, 0.2969529079972941, 0.2163994419806888, -0.2700102588894261, -0.34442800166528176, -0.48257841175072114, -0.26696826998194456, -0.256084442045756, 0.38145993277138157, 0.3566026760396336, 0.24379913301609604, 5.669739597971568e-05], [-0.6646016484903069, -0.4299578922682067, -0.7116003417762677, 0.6162223682453303, -0.3653672089170983, -0.09831469291906095, 0.4435071003152531, 0.5622060572444219, 0.09103990336014967, -0.0039584561824543875, 0.5498690712498353, 0.023732167879385247], [0.11584666095576351, 0.11152507824445826, -0.4186978114089482, -0.02845943739099583, -0.580037222635342, 0.3222329170502445, -0.6234441501123056, 0.5689225424751775, -0.658535399482024, 0.7349251895694954, -0.06933850631589161, -0.025681399740211167]], "inverted": true, "swapped": true, "error_lsq": 0.05411285386639817, "error_max": 0.32208821596865966, "target": "175.xyz", "model": "26.xyz", "model_rescale": 3.795458400668931, "target_rescale": 3.996440563279885},
{"mapping": [10, 7, 1, 0, 3, 9, 11, 2, 12, 4, 6, 5, 13], "R": [[0.9975940209166301, 0.06893615758000522, 0.007346809477281963], [0.05368745203597031, -0.8352480897096859, 0.5472460928414257], [0.04386145147251945, -0.5455349987071642, -0.83693950693004]], "T": [-0.12149736402579242, 0.06667135194521759, -0.026294536461814816], "aligned_model": [[0.10095103223221996, 0.5176110424855755, 0.5401802703568321, -0.26215999464911, -0.05173822521035154, -0.7570426197939943, -0.3218936307431346, -0.6864931425123206, -0.028702838739388656, 0.36349133569615316, -0.6310696065883004, 0.058412295168158046, -0.141869534881082], [-0.691639104514226, -0.2668276134606631, -0.2416114582147095, -0.1014035732112494, 0.6190783285851438, -0.0855336666914572, -0.6451321420386893, -0.4925775626848121, -0.17349241389857342, 0.21015487132786528, 0.26050127021773767, 0.7347324713001758, -0.004367903459628272], [-0.21233748827827403, 0.2611801710758185, -0.4672649355910712, -0.7233708619545085, -0.47064910715303554, 0.19970285311224564, 0.3126893512969413, -0.2620163947370989, 0.5745601339204649, -0.10444838852533773, -0.16699125904499734, 0.3487694771979378, 0.002313110780341094]], "inverted": true, "swapped": true, "error_lsq": 0.049337989445565826, "error_max": 0.25174456652939714, "target": "175.xyz", "model": "27.xyz", "model_rescale": 3.6321398670334006, "target_rescale": 3.996440563279885},
