[{"mapping": [1, 3, 5, 12, 0, 4, 2, 9, 11, 6, 8, 10, 13], "R": [[0.336192262760836, 0.8959406786475167, -0.29028445153741206], [-0.794287671872571, 0.43534851312263567, 0.423767349418477], [0.5060453109860817, 0.08810205710729752, 0.8579954374951317]], "T": [0.019934998121543243, -0.15899462231739797, -0.04142362619224864], "aligned_model": [[-0.13645147107040356, -0.29876981566435423, 0.47421328067502616, 0.07404005917445716, -0.6392342619682477, -0.13817996109121589, -0.6579993447497037, -0.1552999467363167, 0.7063293084153639, -0.018560497125787473, 0.495986882729379, 0.6339839775216476, 0.09265018818144144], [-0.6827951372568186, -0.04295889939967529, -0.2527781424792914, -0.6097391188992762, -0.45997451385300403, 0.7710893741708986, 0.20347767274557843, -0.09909173674881244, -0.09920494433484339, 0.45324815907257515, 0.4601474327067648, -0.3197170288703912, -0.06971953049032206], [-0.22641121016978427, -0.439121072091, -0.6391168198860526, 0.31777248896382526, 0.22375447626819017, 0.11137573820625397, -0.024777080688365302, 0.6674117074117177, 0.06970641495906699, -0.49773838342587756, -0.016587151311851747, 0.7412264128233575, 0.07382532768247974]], "inverted": false, "swapped": false, "error_lsq": 0.049910684858169595, "error_max": 0.32653737384319714, "target": "176.xyz", "model": "0.xyz", "model_rescale": 3.8414455957264533, "target_rescale": 3.880928141518377},
{"mapping": [11, 13, 0, 1, 12, 6, 8, 10, 4, 9, 2, 5, 14], "R": [[0.5646975507456626, 0.823453351060016, -0.05514757301894385], [-0.6788347835463663, 0.42544173124129453, -0.5984836421874603], [-0.46936128177493264, 0.37539833769802455, 0.7992346809443095]], "T": [0.11379021889423291, -0.014788899756646899, -0.010160860590970218], "aligned_model": [[-0.28100467431269216, -0.3519145278408071, 0.4105182848596897, 0.3198774500249058, -0.5438737683339316, 0.03849502036040792, -0.6387309808181778, -0.20446733718639537, 0.6498207315764338, -0.042944733715856, 0.6296576224171884, 0.3342000685674964, 0.11307524269302385], [-0.7520399894854934, -0.12501448957041136, -0.4072886087995019, -0.8316146529273716, -0.3627447674658227, 0.6363390559550773, 0.22606229748995146, -0.05492781776161328, -0.10569343749671373, 0.4992636333722197, 0.4860611884156232, 0.13289027326795178, -0.08930909863051356], [-0.17406090672072105, -0.5982224295257117, -0.5425270905275059, 0.18687120098965831, 0.15923317087702438, 0.4145628050459534, -0.012383982010307389, 0.5943904570565611, -0.025157171474394793, -0.430510510058589, 0.1560761352274816, 0.5931078564864807, 0.03994131337602975]], "inverted": true, "swapped": false, "error_lsq": 0.04847387656639494, "error_max": 0.3255638363291053, "target": "176.xyz", "model": "1.xyz", "model_rescale": 4.316132596720782, "target_rescale": 3.880928141518377},
{"mapping": [3, 8, 11, 6, 7, 4, 5, 1, 10, 2, 9, 12], "R": [[-0.8768483265593449, -0.2289176990076238, 0.4227690850702446], [0.4578423175507857, -0.6659086440880365, 0.589021298416754], [0.14668818790142002, 0.7100439175219291, 0.6887090900520406]], "T": [-0.045844268456969074, 0.05893993786945602, -0.002952561858639527], "aligned_model": [[-0.2217772426643516, 0.43634776635280564, 0.10163836972472087, -0.6042467934208487, -0.454710011264096, -0.6938570687001208, -0.12238404498778171, -0.20705604069227407, 0.5800910350152385, 0.47605998063027555, 0.2774329583869954, 0.03026964625121776], [-0.552319125844685, -0.3388891301381262, -0.5859701900155445, 0.4767950326431408, -0.2376593041228372, -0.12173423506113425, 0.4073013383905309, 0.5025153796609944, -0.00281813887762096, 0.03262358358178115, 0.5107147467830981, -0.07778352925861652], [0.23474127743429196, 0.08568729062426372, -0.5180230153425728, -0.061600633687565284, -0.41670805142825035, 0.23847025656217447, -0.6660731630647113, 0.544918655561146, -0.6520661828325921, 0.6752791069997878, 0.03868831330691251, -0.05405539292346378]], "inverted": true, "swapped": true, "error_lsq": 0.04649009423455277, "error_max": 0.2854038308081668, "target": "176.xyz", "model": "2.xyz", "model_rescale": 3.795458400668931, "target_rescale": 3.880928141518377},
{"mapping": [11, 7, 5, 1, 8, 9, 6, 3, 4, 0, 10, 12], "R": [[-0.06996301756981069, 0.9489193124249645, 0.3076642889245669], [-0.6682378172769655, -0.27357467075742936, 0.6918201493747356], [0.7406506570127671, -0.1571910876191686, 0.6532438796036744]], "T": [0.04644574677513366, 0.07165158770717413, 0.12234629370570577], "aligned_model": [[-0.09695319583354456, -0.16203570454270394, -0.7002323935003363, 0.316098088281791, 0.30363162004915023, -0.14351823519603957, -0.19218516815908823, 0.5541214985895162, 0.3617232086519955, 0.7950435346908767, -0.5081324474476119, 0.06574302015956036], [-0.06740800349173413, -0.47347362517445396, -0.023677609662394197, 0.1467092821335334, 0.42887068922943433, 0.5117210940680942, -0.3460792786765398, -0.22355863977875973, -0.5449545735595136, 0.05894067424597503, 0.5236049943327112, 0.09507404162335656], [-0.6919367940593104, -0.17041623442551318, 0.14043036050311664, 0.7891035480136142, -0.3302949431804998, 0.4062390920897911, 0.6306887630623197, -0.2185417645060223, 0.2991107901913301, 0.3038831401756644, -0.43004731762815945, -0.03944720959723047]], "inverted": true, "swapped": true, "error_lsq": 0.05067349636733725, "error_max": 0.2952751099909807, "target": "176.xyz", "model": "3.xyz", "model_rescale": 3.7530521520055578, "target_rescale": 3.880928141518377},
{"mapping": [3, 11, 7, 5, 4, 10, 0, 8, 2, 9, 12], "R": [[-0.8089180639988176, 0.5874236453217615, 0.02418732422775422], [0.5602488714502193, 0.782664134457669, -0.27121588204303926], [-0.17824917328044124, -0.20584050512598712, -0.9622145907614985]], "T": [0.09358896082424778, -0.046528760633325485, 0.09693207150245137], "aligned_model": [[-0.3351593889878376, -0.31232833037736085, 0.2415266676285044, 0.6076390211792084, 0.26162479271671685, -0.11423358709541673, -0.2439311536706847, -0.5137386431516404, -0.44512610280925763, 0.2289364935935683, -0.03701016658059483], [-0.5513146662647587, 0.027896423758896248, -0.30675374829595586, 0.34038233198343393, -0.7408648569238171, 0.711496467624728, -0.5413898536646409, 0.12319352295569089, 0.0460755763137573, 0.38023132247225, -0.021749161645237342], [-0.052916043711672245, -0.632896551050512, -0.48335518653626913, -0.294214034661806, 0.07434738895741966, -0.3493471001051461, 0.5813993180060708, 0.06560034419290967, 0.7559353411102294, 0.42844298035827616, -0.0001656793141842361]], "inverted": false, "swapped": true, "error_lsq": 0.044706557702720744, "error_max": 0.28104942798604793, "target": "176.xyz", "model": "4.xyz", "model_rescale": 3.7855080009869324, "target_rescale": 3.880928141518377},
{"mapping": [6, 4, 11, 8, 7, 3, 5, 10, 13, 1, 14, 15, 16], "R": [[0.6053201341225507, -0.3857020438839739, 0.6962912239642134], [0.28799481712007935, -0.7093695898823572, -0.6433146743718104], [0.742055604747939, 0.5899395886816391, -0.3183155056988413]], "T": [0.08200188464155578, 0.04337381985320506, 0.013006717606277605], "aligned_model": [[-0.015071707964605718, -0.4442609461435979, 0.4276202913413457, 0.2000470556483886, -0.5191918817219789, -0.22064939812838735, -0.6947824486464145, -0.2382042980937058, 0.6416310287925964, 0.025935175325341307, 0.6327955658987507, 0.5218618033084099, 0.11497815867514402], [-0.526564033905987, -0.11978593673839841, -0.28556466709343803, -0.5187281035829961, -0.39562562406924057, 0.6127627986311018, 0.23530497248319535, -0.0485297435580632, -0.4122329396549099, 0.3293023287501995, 0.3994307291780819, -0.0988050691162363, 0.08101887504007305], [-0.2900190709627173, -0.4803766127042563, -0.6232193562510357, 0.41972116194641973, 0.09794796434377118, 0.2711055306279804, 0.13495661234911938, 0.661069993563732, -0.051066214140964995, -0.685710214273695, 0.17898019904844428, 0.6953750361613374, 0.0325558190338245]], "inverted": false, "swapped": false, "error_lsq": 0.0429979101556831, "error_max": 0.2586276969100013, "target": "176.xyz", "model": "5.xyz", "model_rescale": 4.2253639853439635, "target_rescale": 3.880928141518377},
{"mapping": [5, 8, 11, 2, 10, 0, 1, 4, 6, 9, 7, 3, 13], "R": [[-0.5310604773552938, 0.3974900305319835, -0.7483157388554984], [-0.840986441994588, -0.1393622332976705, 0.5228001265412714], [0.10352088568231621, 0.9069618754710522, 0.40829350064577363]], "T": [0.02611583384692748, -0.025234279261775204, -0.03095500071304396], "aligned_model": [[0.045738385939234266, -0.42790405104495727, 0.46793635825725277, 0.06623126137038994, -0.5358620447939706, 0.0659309951451105, -0.6426202569329296, -0.2283090985357817, 0.6108496987144314, -0.19369524087573642, 0.6954748623876584, 0.44809704892816815, 0.060840479732416505], [-0.6297565473270854, -0.15442896036248657, -0.27224014522871, -0.5637699250586984, -0.5612343500125369, 0.7354010064405972, 0.2125496106479594, -0.015420447100018296, -0.2796512434013308, 0.4313823773374372, 0.3618208879411253, 0.014450490113466448, -0.027119167626337533], [-0.21779463599753845, -0.5993206876582853, -0.6220019660219762, 0.3672179801858781, 0.04251106262639009, 0.21986637876221, 0.15601196039542709, 0.6294107726935436, 0.05316564929771656, -0.37122070252679945, 0.14663442599771337, 0.5376981852417483, 0.019142425745931946]], "inverted": true, "swapped": false, "error_lsq": 0.045919414826074686, "error_max": 0.284340218044799, "target": "176.xyz", "model": "6.xyz", "model_rescale": 3.89814844738969, "target_rescale": 3.880928141518377},
{"mapping": [10, 11, 9, 2, 4, 3, 7, 0, 5, 8, 6, 1, 12], "R": [[0.7137133407235244, -0.4997254407036082, 0.4908031694955232], [0.5818118150362659, 0.813120821193151, -0.018153292439169633], [-0.39001061416001553, 0.29851132986163326, 0.8710813433811834]], "T": [-0.06551962587333128, -0.03480475839316656, 0.04881633152027485], "aligned_model": [[0.10303576573053246, -0.45267184115494963, 0.5169762443308488, 0.004395075379727456, -0.5457706734392224, -0.07951554511243532, -0.629911314522962, -0.015012495830915754, 0.6805961107092798, -0.046832476301197704, 0.4591726614068208, 0.5106555077671957, -0.07240862067143566], [-0.6967329984277754, -0.11819394022487106, -0.16584706068541294, -0.6471744310389803, -0.4563827737955094, 0.7480406538740265, 0.280162412203271, 0.15247223764667833, -0.24859901821361147, 0.42064633325967216, 0.39187249518169587, -0.2072362928895911, -0.20104403052621012], [-0.22015159976165302, -0.657228834017302, -0.6156175291759097, 0.3976188015420925, 0.13323609594520164, 0.24715722847996002, 0.16514510171771565, 0.6086258920294532, 0.035402677415450425, -0.4510855247153668, 0.0533303074078238, 0.6430268946368942, 0.021861337237599844]], "inverted": true, "swapped": false, "error_lsq": 0.05356568635939984, "error_max": 0.31957464213968556, "target": "176.xyz", "model": "7.xyz", "model_rescale": 3.7474275329858107, "target_rescale": 3.880928141518377},
{"mapping": [7, 6, 5, 11, 10, 1, 0, 12, 8, 3, 2, 13, 14], "R": [[0.8039529307726652, -0.5228625193419632, 0.2833274977290723], [0.2641978587833124, -0.11280640927152027, -0.9578487382888694], [0.5327843621169405, 0.844919818618691, 0.0474481147044154]], "T": [0.08489261222587888, -0.08239777089794457, 0.10126843626383114], "aligned_model": [[-0.12260927977150116, -0.3992012507428009, 0.22262192976037054, 0.049726614142125036, -0.5947295829014381, -0.10802514462546206, -0.4229259557855509, -0.12893011272332347, 0.688432201027188, 0.10155114692234847, 0.5191086390210626, 0.5087833884261566, 0.11890580554211168], [-0.6388428118103731, -0.14337003045431002, -0.31782367407376283, -0.6586500102835615, -0.4182301060770452, 0.6061712509194982, 0.2799177714961329, -0.16915633473835812, -0.03178459733117346, 0.2673587178243862, 0.6377995542235878, -0.11487610291463231, -0.04653004041700659], [-0.2321824794426497, -0.553615991554083, -0.5610205816333564, 0.3318690970861753, 0.12563386724178635, 0.33247670024820825, -0.11100729798167261, 0.6734532077275623, -0.2124011148047592, -0.524453090298109, 0.06436652829364382, 0.893337622947866, 0.13486438091134723]], "inverted": false, "swapped": false, "error_lsq": 0.049304610370305424, "error_max": 0.29984317333803173, "target": "176.xyz", "model": "8.xyz", "model_rescale": 4.019505241142653, "target_rescale": 3.880928141518377},
{"mapping": [4, 7, 8, 5, 3, 1, 0, 2, 11, 9, 10, 6, 12], "R": [[-0.32880299303791793, -0.7480387768267835, -0.5764777360252487], [0.9303002339317152, -0.3616304626326886, -0.06135864440047284], [-0.1625732650711763, -0.5564722786083391, 0.8148058275592659]], "T": [0.07125796938946022, -0.00944077177492695, 0.07496377990206216], "aligned_model": [[-0.43280588515931545, -0.432268980845316, 0.21536375538888092, 0.20898022846384295, -0.43853430207275373, -0.10280495092230013, -0.5652693840303082, -0.23548755068607874, 0.6183841253750242, 0.39784984820391117, 0.5867794035046081, 0.5234312564170502, 0.08909083465404069], [-0.5805274254040874, -0.026736855650944677, -0.21740464702650958, -0.6402528739004055, -0.5982676383016231, 0.6430927407983131, 0.014143729339172208, -0.020301209584351172, -0.2360244350834908, 0.3017695490195631, 0.6875419059982638, -0.030417440182925394, -0.04463181365759319], [-0.2527164542091806, -0.6771967388341413, -0.5512322600230839, 0.2583578646197566, 0.43808300130946104, 0.08936575587508325, -0.05512379724008404, 0.5806923622669834, -0.11624902550364552, -0.4386761156997887, 0.36929786910982276, 0.6434364141141785, 0.07328197295659789]], "inverted": true, "swapped": false, "error_lsq": 0.058869683449191204, "error_max": 0.3684250854916895, "target": "176.xyz", "model": "9.xyz", "model_rescale": 3.877068213659057, "target_rescale": 3.880928141518377},
{"mapping": [1, 8, 7, 5, 0, 10, 11, 12, 4, 9, 13, 3, 15], "R": [[0.20677530041491765, 0.7569576235840061, -0.6198863857485298], [0.01569563428996945, -0.6360638842928992, -0.7714767541296792], [-0.9782625527958005, 0.14979282758625007, -0.14340323079052258]], "T": [0.13112519317990606, 0.08702529761430816, 0.05445699831676067], "aligned_model": [[0.027707235172905298, -0.30736612869788654, 0.3237990213439848, 0.08821458677596555, -0.5079688835406677, -0.23579291417042553, -0.5985925626718944, -0.2865176759581299, 0.670544508802517, -0.05127380397524928, 0.750324747932148, 0.5013872248957744, 0.05824304238224451], [-0.7469710497110065, -0.04690812494431504, -0.3621627872947081, -0.6134788736095178, -0.38126626146247633, 0.675181803312451, 0.19487347617468403, -0.08088906512355515, -0.29479366571727184, 0.5084673166762261, 0.5358551285839273, -0.17180146192651435, 0.03587715140545907], [-0.1615555680147614, -0.5661154267616483, -0.5992963418148046, 0.39861979148097926, 0.13209598615085266, 0.20496881434221229, 0.07760961025420207, 0.650757607370631, -0.09159696745823201, -0.41963427380861906, 0.16751534692525566, 0.5001879475938551, 0.0677643224820369]], "inverted": true, "swapped": false, "error_lsq": 0.04081882557835353, "error_max": 0.22298724099849845, "target": "176.xyz", "model": "10.xyz", "model_rescale": 4.260839863003843, "target_rescale": 3.880928141518377},
{"mapping": [11, 3, 4, 7, 6, 5, 10, 8, 0, 1, 9, 12], "R": [[-0.9132752460347807, 0.32596008405622584, 0.24429152376242846], [-0.23815272664475368, -0.913812913785765, 0.32898212320738585], [0.3304717896761843, 0.24227253703304585, 0.9121909964627976]], "T": [0.002851211847670249, 0.06957133848346995, 0.032533321129078856], "aligned_model": [[0.30516186453802263, 0.2203955051478946, -0.3817347379012135, -0.30051368291550484, -0.6812016289439317, -0.4079945324564942, 0.37989862522546824, 0.6218208635890954, 0.22659795488534282, -0.2032149965114079, 0.06010507783045106, 0.11957833660640754], [-0.05986064903827422, -0.5608753556443711, -0.5270677115331307, -0.17465278871533252, 0.0749833164801278, 0.5716197574418089, 0.6722429723092959, 0.02187354488785262, -0.4663452182478727, 0.03678142185246906, 0.5438250287312868, 0.04055418700907422], [-0.7387081478946814, -0.09513759153210685, 0.11598519078105388, -0.4915470424220904, 0.1805139885918091, -0.34969186631528987, -0.5256599312101806, -0.08251293019260506, 0.5387414613450124, 0.7249008666456848, 0.31914811133675197, -0.07985403173785355]], "inverted": true, "swapped": true, "error_lsq": 0.03733831322409853, "error_max": 0.19146552962387395, "target": "176.xyz", "model": "11.xyz", "model_rescale": 3.890672605050136, "target_rescale": 3.880928141518377},
{"mapping": [12, 12, 10, 9, 5, 0, 7, 8, 11, 4, 1, 6, 13], "R": [[-0.15993721796701083, 0.7246682148148492, -0.6702805865800027], [0.8224791026085921, -0.2776458585077188, -0.4964281448766546], [-0.5458463264336747, -0.6306891117583777, -0.5516185568201009]], "T": [0.139858391843785, 0.013321987751832111, 0.12323940779848228], "aligned_model": [[-0.2629829789984551, -0.2629829789984551, 0.28596207618336417, 0.1877429255037366, -0.43127458828462784, 0.1472388745651723, -0.6854458602981375, -0.30494381826868844, 0.6105309773538083, 0.05498713831601837, 0.6761634845165082, 0.4043227205223189, 0.013390426178723214], [-0.3757050167966669, -0.3757050167966669, -0.3000077193777775, -0.7504300597611414, -0.4934500997547814, 0.5935229014631863, -0.007156806483159993, 0.2390582721979292, -0.2057303972433498, 0.4231436211216014, 0.5372050511249638, -0.06257193258627194, 0.029810789255516938], [-0.3681962099736117, -0.3681962099736117, -0.7013930633636929, 0.26540233326539475, 0.27143303846082467, 0.2328157188813282, -0.08987483541286234, 0.6432251476045492, -0.05909417049274904, -0.4388105392452847, 0.3311376374069216, 0.6295565768278203, 0.013315424756932703]], "inverted": false, "swapped": false, "error_lsq": 0.05885788071551804, "error_max": 0.35665191251446526, "target": "176.xyz", "model": "12.xyz", "model_rescale": 4.124412569039231, "target_rescale": 3.880928141518377},
{"mapping": [2, 8, 11, 4, 1, 3, 6, 0, 10, 9, 7, 5, 12], "R": [[-0.658309466905476, 0.5909219043226204, 0.4663045665381753], [0.7298967180669187, 0.34962409177782827, 0.5873787325088216], [0.18406364860495647, 0.727031153005328, -0.6614728080745078]], "T": [0.023564476745369024, 0.05328553573846411, 0.12496961668553501], "aligned_model": [[-0.012105371399274527, -0.25598397138714607, 0.2927370547081843, 0.17439448044106007, -0.6559341221368079, -0.30420756011945915, -0.5593296052790241, -0.13179055089371775, 0.6021543513604483, 0.05951044222291283, 0.5726065677428275, 0.5603257478909526, 0.09033093514033022], [-0.7284247290199423, -0.12664893579963274, -0.3359505047348552, -0.636317899484437, -0.3952069892522554, 0.6330024913349327, 0.2609009558678489, 0.02698566966807172, -0.2874057375450794, 0.5106830378128314, 0.35443857352468483, 0.012675780675511152, -0.036748126684296854], [-0.23565794403826917, -0.5109331840611284, -0.7505840877815293, 0.47134176894875984, 0.12433082615650141, 0.38040477285901586, -0.12947711889878838, 0.683485977973155, -0.18125397090832684, -0.32015585401054686, 0.09435418493431556, 0.6578711691922963, 0.07759430837650447]], "inverted": true, "swapped": false, "error_lsq": 0.04711534517016084, "error_max": 0.2625985503576002, "target": "176.xyz", "model": "13.xyz", "model_rescale": 3.9028299243045295, "target_rescale": 3.880928141518377},
{"mapping": [8, 2, 0, 5, 12, 9, 1, 11, 4, 3, 7, 10, 15], "R": [[0.11009492153642114, 0.7647362960388877, -0.6348681010829037], [0.9609598007557032, -0.24503235804470358, -0.12851227506589272], [-0.25384122908512863, -0.5959341750829323, -0.7618576569049998]], "T": [-0.004681413235762849, -0.071771292220312, 0.0477375288280931], "aligned_model": [[-0.15332798374330925, -0.4207939289307331, 0.31040350978310105, 0.19284053129814757, -0.4613250913503588, -0.0032087666955649408, -0.5919612828413576, -0.5189366827867772, 0.6468289370029697, 0.2611765672055274, 0.5908716108480194, 0.5568928984410249, 0.02324808006059709], [-0.756292230879333, -0.16607650810336483, -0.3499985499176772, -0.5348214043445415, -0.505099696978074, 0.5843172802408382, 0.2033358127448762, 0.1439475332916418, -0.17754474129242026, 0.24247799828037805, 0.5751743117100282, -0.03418260719266626, 0.026746388803696328], [-0.27759682406342323, -0.5523513563339623, -0.6667745379735316, 0.14085846495114765, 0.344289942119492, 0.46052206446590016, 0.007523211769183226, 0.5323648025103355, -0.10624141416705382, -0.42051065631910267, 0.2654665735075745, 0.5361778888226464, 0.09759268945275369]], "inverted": true, "swapped": false, "error_lsq": 0.04893441590421251, "error_max": 0.396702823986838, "target": "176.xyz", "model": "14.xyz", "model_rescale": 3.942246331269136, "target_rescale": 3.880928141518377},
{"mapping": [2, 0, 7, 5, 1, 13, 12, 3, 6, 8, 11, 10, 14], "R": [[0.4978380390468662, 0.822840498408889, 0.27402700789553996], [-0.21610720655917107, -0.18830182662700767, 0.9580397159628219], [0.8399136635102222, -0.5361678247220208, 0.08407794943796865]], "T": [0.12862406252123804, -0.05333671938974205, 0.13651052834035493], "aligned_model": [[-0.02998445883507808, -0.2157914871870914, 0.4317734821200211, -0.10039388624294945, -0.6310721997061897, -0.13384120574289193, -0.6116912758034849, -0.3336512824067179, 0.5937048905120963, 0.1874056586044985, 0.5280888412560248, 0.6921744643885284, 0.0559868573345204], [-0.6794673341678266, -0.23668785058053343, -0.3895435640582521, -0.630825215425606, -0.3301942661909899, 0.692630416595219, 0.2891340846298556, -0.18481653418011862, 0.02900049136758137, 0.32842549016722145, 0.541640518528027, -0.09487584894733847, -0.08243680137385731], [-0.2702470270046779, -0.48676932427676933, -0.5887789966936169, 0.2662694366248894, 0.18992329570443234, 0.3251235223008698, 0.18869487846632366, 0.670891005411771, -0.16300540862871987, -0.5340439180723736, 0.1132510879631558, 0.5720400466441946, 0.07797225030247987]], "inverted": false, "swapped": false, "error_lsq": 0.051250879630044315, "error_max": 0.2798051337030022, "target": "176.xyz", "model": "15.xyz", "model_rescale": 4.355366556412066, "target_rescale": 3.880928141518377},
{"mapping": [3, 8, 11, 6, 7, 4, 5, 1, 10, 2, 9, 12], "R": [[-0.8768483265593449, -0.2289176990076238, 0.4227690850702446], [0.4578423175507857, -0.6659086440880365, 0.589021298416754], [0.14668818790142002, 0.7100439175219291, 0.6887090900520406]], "T": [-0.045844268456969074, 0.05893993786945602, -0.002952561858639527], "aligned_model": [[-0.2217772426643516, 0.43634776635280564, 0.10163836972472087, -0.6042467934208487, -0.454710011264096, -0.6938570687001208, -0.12238404498778171, -0.20705604069227407, 0.5800910350152385, 0.47605998063027555, 0.2774329583869954, 0.03026964625121776], [-0.552319125844685, -0.3388891301381262, -0.5859701900155445, 0.4767950326431408, -0.2376593041228372, -0.12173423506113425, 0.4073013383905309, 0.5025153796609944, -0.00281813887762096, 0.03262358358178115, 0.5107147467830981, -0.07778352925861652], [0.23474127743429196, 0.08568729062426372, -0.5180230153425728, -0.061600633687565284, -0.41670805142825035, 0.23847025656217447, -0.6660731630647113, 0.544918655561146, -0.6520661828325921, 0.6752791069997878, 0.03868831330691251, -0.05405539292346378]], "inverted": true, "swapped": true, "error_lsq": 0.04649009423455277, "error_max": 0.2854038308081668, "target": "176.xyz", "model": "16.xyz", "model_rescale": 3.795458400668931, "target_rescale": 3.880928141518377},
{"mapping": [10, 11, 9, 2, 4, 3, 7, 0, 5, 8, 6, 1, 12], "R": [[0.7137133407235244, -0.4997254407036082, 0.4908031694955232], [0.5818118150362659, 0.813120821193151, -0.018153292439169633], [-0.39001061416001553, 0.29851132986163326, 0.8710813433811834]], "T": [-0.06551962587333128, -0.03480475839316656, 0.04881633152027485], "aligned_model": [[0.10303576573053246, -0.45267184115494963, 0.5169762443308488, 0.004395075379727456, -0.5457706734392224, -0.07951554511243532, -0.629911314522962, -0.015012495830915754, 0.6805961107092798, -0.046832476301197704, 0.4591726614068208, 0.5106555077671957, -0.07240862067143566], [-0.6967329984277754, -0.11819394022487106, -0.16584706068541294, -0.6471744310389803, -0.4563827737955094, 0.7480406538740265, 0.280162412203271, 0.15247223764667833, -0.24859901821361147, 0.42064633325967216, 0.39187249518169587, -0.2072362928895911, -0.20104403052621012], [-0.22015159976165302, -0.657228834017302, -0.6156175291759097, 0.3976188015420925, 0.13323609594520164, 0.24715722847996002, 0.16514510171771565, 0.6086258920294532, 0.035402677415450425, -0.4510855247153668, 0.0533303074078238, 0.6430268946368942, 0.021861337237599844]], "inverted": true, "swapped": false, "error_lsq": 0.05356568635939984, "error_max": 0.31957464213968556, "target": "176.xyz", "model": "17.xyz", "model_rescale": 3.7474275329858107, "target_rescale": 3.880928141518377},
{"mapping": [10, 12, 5, 3, 11, 2, 7, 1, 8, 9, 6, 0, 13], "R": [[-0.2153461700315983, 0.9765198299600312, -0.005920198269795507], [-0.9165941922648898, -0.204215010336759, -0.343731459513719], [-0.3368695797471122, -0.06859483397449959, 0.9390493251118468]], "T": [0.03738675935198352, -0.07108863561883982, 0.024518427647954685], "aligned_model": [[0.009631128332541334, -0.33847984061478764, 0.30194883890472635, 0.0384299151589172, -0.5597949360307651, 0.027590615105448225, -0.6487316623877364, -0.20839438474061345, 0.6103639516536986, 0.08685043670119805, 0.42493577780027947, 0.6075240950064106, 0.0808344634019694], [-0.6837347232990892, -0.03555022158135129, -0.2546551427086525, -0.6378737484546309, -0.4668295845678002, 0.5254822357699431, 0.237655833027816, -0.09404931271587158, -0.501267547435968, 0.43354798266482086, 0.5924840481512564, 0.1326912003899008, 0.004082567123008071], [-0.29223663018104523, -0.6210032555437248, -0.6231930669295829, 0.39780481770646764, 0.11671271071809114, 0.40901804374400713, -0.012055421832063165, 0.6707249374615409, 0.08365971735805953, -0.41208138220816376, -0.04238346406106856, 0.6011982241641765, 0.08515561834526497]], "inverted": true, "swapped": false, "error_lsq": 0.05153844593512488, "error_max": 0.36096187186778794, "target": "176.xyz", "model": "18.xyz", "model_rescale": 3.922800546911778, "target_rescale": 3.880928141518377},
{"mapping": [5, 1, 0, 12, 8, 10, 6, 13, 3, 2, 9, 7, 14], "R": [[-0.3734628775471677, -0.9259150684572593, -0.056628306508122284], [-0.8808933641295104, 0.33484438178065606, 0.334523722660328], [-0.2907788852836171, 0.17481569149741366, -0.9406843859018273]], "T": [-0.07170682550768809, -0.05295206831490647, 0.09227908320724028], "aligned_model": [[-0.08071670228203175, -0.38113583470752826, 0.3535269980276757, 0.2683007896568552, -0.5737030864493493, -0.17247501243888644, -0.6819499558170117, -0.16111210756691016, 0.5256672068603905, 0.22130635305038687, 0.5255463382222292, 0.5763073905325973, 0.013146021202869146], [-0.730780496081428, 0.010120377250574034, -0.31468922171830976, -0.7069055997924647, -0.3915161959545891, 0.7462579286252324, 0.2378612414644275, -0.19074678257855993, -0.23670327773610922, 0.4372764383834818, 0.4996626729153076, -0.06302816294042289, -0.044825335473758], [-0.2584361357636389, -0.577242073151422, -0.5778794752896698, 0.366785266861932, 0.18039684247170976, 0.1336288178720264, -0.04482931434221114, 0.7592371471671074, -0.043842193871885524, -0.3400960446613133, 0.06680768543146655, 0.5593840683930627, 0.13740625762479491]], "inverted": true, "swapped": false, "error_lsq": 0.043498714082173325, "error_max": 0.23124214366125753, "target": "176.xyz", "model": "19.xyz", "model_rescale": 3.9282355846067225, "target_rescale": 3.880928141518377},
{"mapping": [5, 3, 6, 2, 1, 11, 0, 10, 7, 4, 9, 12, 13], "R": [[0.6285517011671815, 0.7542550864432681, 0.18979468784531553], [-0.6532051227565895, 0.3794652681972717, 0.6552321556795895], [0.4221916940968775, -0.5358221484843932, 0.7311968261892128]], "T": [0.16421353477388734, -0.015986127879762314, -0.06901986945175932], "aligned_model": [[0.004768057511000012, -0.40233037423033136, 0.3795292410754564, -0.035714967286231275, -0.4871974289700638, -0.12631911749075792, -0.5878213772781485, -0.09117094461186631, 0.6202922438347159, -0.1068768390958218, 0.5415867098932754, 0.6985763536200278, 0.025386841320031356], [-0.6389808176651064, -0.14607740626580826, -0.27297677492460143, -0.6745884143990547, -0.3684339544376, 0.5836366636144157, 0.24603312989494555, -0.005768277836024939, -0.4050373982973514, 0.43166224627417926, 0.482478536600836, 0.07073625314032109, -0.05070019933576859], [-0.3413154965342833, -0.546994060804871, -0.6297684833674744, 0.3837359506272704, 0.04475658758327809, 0.1944311833355753, 0.008351881251689897, 0.753724752056529, 0.1004767278813166, -0.42326383517640825, 0.2268640439371592, 0.5865180407659336, 0.003803557186244741]], "inverted": false, "swapped": false, "error_lsq": 0.044404863424037974, "error_max": 0.2384683446033785, "target": "176.xyz", "model": "20.xyz", "model_rescale": 4.067790424073018, "target_rescale": 3.880928141518377},
{"mapping": [9, 1, 7, 12, 10, 6, 13, 11, 0, 8, 2, 3, 14], "R": [[-0.16520357007605851, 0.42618080912359496, 0.889425487811589], [0.9729673070828273, 0.2179850484201497, 0.07627016463373104], [-0.16137657755113113, 0.8779820252146529, -0.45067190240557575]], "T": [0.038663627974773074, 0.09338086581475197, -0.00018782614298325923], "aligned_model": [[-0.13099818655195017, -0.3957279132291186, 0.26283840203663317, 0.14265782392668735, -0.588256026693602, 0.009285684458297888, -0.6568395633479205, -0.21849890452363607, 0.7137977551930225, 0.16456380479479724, 0.6505457920816874, 0.48864295884270337, -0.009303228696315433], [-0.6353796538270853, -0.20828514796964098, -0.30349542097021615, -0.5676020988515, -0.4297871811349951, 0.6689691620309557, 0.12012065844994321, -0.06621627357990906, -0.07712970919063822, 0.2394949006773808, 0.47288423415711706, 0.005266817418002473, 0.03314329915396727], [-0.21036126207566647, -0.6275686565297279, -0.5908644219810747, 0.3730421224503934, 0.06729374760082799, 0.46391555931013134, 0.07520315094959418, 0.5711513366624328, -0.14010953138396, -0.5368140750517584, 0.18769336558085728, 0.7164009910441154, 0.012338522165794594]], "inverted": true, "swapped": false, "error_lsq": 0.04140833999996991, "error_max": 0.22781904119672933, "target": "176.xyz", "model": "21.xyz", "model_rescale": 4.186013935880536, "target_rescale": 3.880928141518377},
{"mapping": [6, 4, 3, 0, 7, 9, 10, 1, 5, 11, 8, 2, 12], "R": [[-0.940792529860771, -0.08579968538031779, 0.3279448577837574], [-0.061791254519588105, -0.9078230272681413, -0.41477607455903615], [0.3333035502707193, -0.4104823566858216, 0.8487714522924226]], "T": [0.03481650566904105, -0.02750811813789844, 0.05120190934196552], "aligned_model": [[-0.08262341334685866, -0.39880537881214306, 0.3645093647692488, 0.19290472978160822, -0.6407673679526242, -0.18450693912988927, -0.7053438006294244, -0.18611566548565278, 0.7485191263288172, 0.20416310721885358, 0.44599083260030936, 0.6358818279990631, 0.03890197494997852], [-0.5224436786748745, -0.08456208431976042, -0.45870505089437874, -0.6314502268844426, -0.2856669599555209, 0.48633418496481196, 0.328960974913149, -0.22181880482931937, -0.303122241095466, 0.3671566107951827, 0.5998967342299056, 0.016054563654264775, -0.03865043554016964], [-0.17485008767350613, -0.5287403765886012, -0.6955982503904237, 0.41458942107851854, 0.17475020748719675, 0.32196762789208944, -0.09505792560047896, 0.7209448217484555, -0.06370762291952536, -0.4119691810680103, 0.20921125970316576, 0.4830838074488123, 0.006697147624266701]], "inverted": true, "swapped": false, "error_lsq": 0.05165907140480529, "error_max": 0.2424864867297482, "target": "176.xyz", "model": "22.xyz", "model_rescale": 4.166573947596378, "target_rescale": 3.880928141518377},
{"mapping": [4, 0, 8, 2, 1, 13, 5, 6, 9, 7, 14, 12, 15], "R": [[-0.6348247262721056, 0.49455715112078114, -0.5936419722263941], [0.2133456620378221, -0.6262466188433119, -0.7498658552547668], [-0.7426177990078002, -0.6026843258809842, 0.29204521556463486]], "T": [0.20606182031910725, -0.11926778640785798, 0.056175076578616534], "aligned_model": [[-0.0338108542184227, -0.4256772625546338, 0.3647242826317085, -0.04658421291972714, -0.470910006816489, -0.016194047946258283, -0.48618021179832405, -0.2446806313521942, 0.7828539232572526, -0.14804623159374986, 0.5977609974112313, 0.42187328050509365, 0.13757937368580014], [-0.6903094546535553, -0.23253078081232675, -0.30638838163391957, -0.6682341311460758, -0.32810605498724177, 0.6949476954121339, 0.34040984573665956, -0.1649803823077762, -0.10311717690904368, 0.2929138060279092, 0.5236775728878994, 0.014326378177587445, -0.1206253494288684], [-0.33907930543627873, -0.44863477683788744, -0.7144683209252697, 0.35217368032960306, 0.13488202486527598, 0.12302279218649109, 0.0798272366762523, 0.6676071928468895, -0.10965373299047732, -0.4086942277186365, 0.29942552949833473, 0.660293747098181, 0.06461900914948125]], "inverted": true, "swapped": false, "error_lsq": 0.045843853142680274, "error_max": 0.2431272112847683, "target": "176.xyz", "model": "23.xyz", "model_rescale": 4.274766983524099, "target_rescale": 3.880928141518377},
{"mapping": [10, 9, 2, 8, 0, 3, 11, 7, 5, 6, 12], "R": [[-0.21010772408638795, 0.9609897424260588, 0.17987067362729167], [-0.6049468939259478, 0.016742313304434153, -0.7960897879476689], [-0.7680455714399937, -0.2760768188332979, 0.5778300704310049]], "T": [-0.026280740474261752, 0.21124968928091328, 0.0885998631981505], "aligned_model": [[0.4129071315580337, 0.21310575523145808, -0.5897946623086516, -0.3651431967673795, -0.7269927607622836, -0.588704358580158, -0.039244795078175174, 0.12410840108127329, 0.7105191322879727, 0.3050164237847703, -0.07588236648878541], [-0.3602406014339967, 0.5178494196202106, 0.5161180548684042, -0.12615055887039303, 0.5253281980321959, -0.06946880812611497, -0.6269813510862543, -0.19422892889048674, 0.0749839837012177, 0.5970428629064767, 0.06133426052222421], [-0.45680862389073806, -0.310189952217239, -0.47936327990502636, -0.3236712338925807, 0.15083487733061843, 0.34543680492221596, 0.10118675793140641, 0.5777890980026544, 0.162765485212102, 0.5694966011590685, 0.042089899369095796]], "inverted": false, "swapped": true, "error_lsq": 0.05332605887083197, "error_max": 0.2684867753713477, "target": "176.xyz", "model": "24.xyz", "model_rescale": 3.7841303162186577, "target_rescale": 3.880928141518377},
{"mapping": [4, 2, 1, 6, 3, 14, 12, 13, 7, 9, 10, 11, 15], "R": [[0.49195149079435824, 0.3772500152931959, -0.7846439680941236], [-0.5902683065929014, 0.8070081879730405, 0.017919564068882288], [0.639974262714648, 0.4543349100671812, 0.6196876088458517]], "T": [0.13268949691772514, -0.04317064776152993, -0.08313940686047867], "aligned_model": [[-0.20216499528096882, -0.39286248443299443, 0.36660008951066114, 0.2117001135768386, -0.3532004573561615, -0.10754972111029179, -0.5568799287088086, -0.2461501352316296, 0.7337301359086862, -0.0877447514200147, 0.615566797134685, 0.3231424962631437, 0.12852123943814153], [-0.6649628332023058, -0.0061579571921783205, -0.47512513842613924, -0.7031018745123855, -0.5184610891696274, 0.659727308689637, 0.24605613741772844, 0.12023429679995018, -0.1539020810610789, 0.4627535817603896, 0.5342587186347031, -0.1459140113211878, -0.1034214720541235], [-0.32387014863953334, -0.622785775848886, -0.6414740255889821, 0.20018823149710646, 0.3493092447445039, 0.1952821139467717, 0.04340615965253329, 0.5815254368591526, 0.13888370018251356, -0.27702113541825546, 0.1134819170991158, 0.6534738060589395, -0.04907867580302058]], "inverted": false, "swapped": false, "error_lsq": 0.04672141720198174, "error_max": 0.2503929413895069, "target": "176.xyz", "model": "25.xyz", "model_rescale": 4.19342608120988, "target_rescale": 3.880928141518377},
{"mapping": [3, 8, 11, 6, 7, 4, 5, 1, 10, 2, 9, 12], "R": [[-0.8768483265593449, -0.2289176990076238, 0.4227690850702446], [0.4578423175507857, -0.6659086440880365, 0.589021298416754], [0.14668818790142002, 0.7100439175219291, 0.6887090900520406]], "T": [-0.045844268456969074, 0.05893993786945602, -0.002952561858639527], "aligned_model": [[-0.2217772426643516, 0.43634776635280564, 0.10163836972472087, -0.6042467934208487, -0.454710011264096, -0.6938570687001208, -0.12238404498778171, -0.20705604069227407, 0.5800910350152385, 0.47605998063027555, 0.2774329583869954, 0.03026964625121776], [-0.552319125844685, -0.3388891301381262, -0.5859701900155445, 0.4767950326431408, -0.2376593041228372, -0.12173423506113425, 0.4073013383905309, 0.5025153796609944, -0.00281813887762096, 0.03262358358178115, 0.5107147467830981, -0.07778352925861652], [0.23474127743429196, 0.08568729062426372, -0.5180230153425728, -0.061600633687565284, -0.41670805142825035, 0.23847025656217447, -0.6660731630647113, 0.544918655561146, -0.6520661828325921, 0.6752791069997878, 0.03868831330691251, -0.05405539292346378]], "inverted": true, "swapped": true, "error_lsq": 0.04649009423455277, "error_max": 0.2854038308081668, "target": "176.xyz", "model": "26.xyz", "model_rescale": 3.795458400668931, "target_rescale": 3.880928141518377},
{"mapping": [10, 11, 4, 7, 5, 1, 8, 6, 3, 9, 2, 0, 12], "R": [[0.2746063220227474, -0.1559103384517243, -0.9488326165710199], [0.947813449832798, -0.1223486882338215, 0.29441545951854053], [-0.1619908399298844, -0.9801646621110823, 0.11417619247233046]], "T": [-0.0014435454506750295, 0.04503208181342943, -0.048399941932840515], "aligned_model": [[-0.08330881450647269, -0.3632164226806512, 0.24470974002387835, 0.18838679765297678, -0.46258684011912293, -0.1176138383578068, -0.7107950406181056, -0.4306998340888857, 0.6701656251974609, 0.2602104883221841, 0.6663787186585778, 0.5558253964214342, 0.015252422385818878], [-0.6258251445110342, -0.020326283251119605, -0.3482288915547087, -0.6557696274635617, -0.44561798940381003, 0.5230679896988609, 0.18359137030332762, 0.052593338667849175, -0.2605303856774474, 0.3007122364575495, 0.590128765529246, 0.042582062306155265, -0.08439385473792496], [-0.27408797466807694, -0.6619333649426778, -0.7438261058871548, 0.3163595730095572, 0.2884529002357857, 0.2807494228990722, 0.04310683368009553, 0.6564892874750126, -0.022919376592430818, -0.2732090059114946, 0.12969537766094535, 0.5686239765031208, 0.05381930528020554]], "inverted": false, "swapped": false, "error_lsq": 0.04188124595150192, "error_max": 0.2743218534975087, "target": "176.xyz", "model": "27.xyz", "model_rescale": 3.6321398670334006, "target_rescale": 3.880928141518377},
{"mapping": [2, 1, 5, 11, 13, 12, 6, 9, 0, 3, 8, 10, 14], "R": [[-0.6966536144780162, 0.6376819460023897, 0.32868750687746096], [0.6504737981077895, 0.36821940616908266, 0.6643028728642644], [0.30258483010544723, 0.676591608478182, -0.671316777629581]], "T": [0.039900823366768506, 0.0726892804307121, 0.019783298965766853], "aligned_model": [[-0.029866564926665964, -0.2378419539781715, 0.33523052695365807, 0.08893974809145933, -0.5724752533716319, -0.18006773327320622, -0.6927951190116881, -0.15951499297782, 0.58267896520895, 0.3831331297486078, 0.3510783649587762, 0.568918072931, -0.004708792061981604], [-0.6520079758928012, -0.15830828030855054, -0.411460248549459, -0.5164702726491129, -0.42848854490067156, 0.7714912407311255, 0.23872897681474387, -0.033976606118332475, -0.21389687120001627, 0.2645777093179016, 0.4573647630014994, -0.09701737430603433, 0.03144707042308968], [-0.30175995153142615, -0.5430366302403109, -0.6512971144992372, 0.2708052926144112, 0.2205161063208173, 0.4029273779099352, 0.2185165684190979, 0.6486138660174622, -0.09278650449716974, -0.5431825034390171, 0.1688568597076011, 0.5638531786670462, -0.0007056967072510863]], "inverted": false, "swapped": false, "error_lsq": 0.049397989445688635, "error_max": 0.34187319140249706, "target": "176.xyz", "model": "28.xyz", "model_rescale": 4.156811204709835, "target_rescale": 3.880928141518377},
