[{"mapping": [10, 1, 2, 0, 8, 3, 4, 6, 5, 12, 14, 9, 13, 15], "R": [[0.2662386291465738, 0.2590145824324732, 0.9284548661283888], [0.9240662736120215, -0.3426493102626919, -0.16939000014550365], [0.2742599393330082, 0.9030519897900856, -0.3305731226419076]], "T": [-0.11322103678085174, 0.07830345505673786, 0.09258635094511539], "aligned_model": [[0.024955446736032283, 0.2926243590950398, -0.6412882381391298, -0.3307932396191289, -0.7015105825961183, 0.08758580195273985, -0.710357344503569, -0.0525404760674201, -0.3305006949208394, 0.38897845128614794, 0.6043424632726992, 0.26232357965052844, 0.596832040916298, -0.11915946593497614], [-0.6155790822157133, -0.37260468747251513, -0.3158664098687151, -0.43870962721271234, 0.24913511825642012, 0.33974711255914636, 0.09538739431857146, 0.4354672986211565, 0.7170837848019299, -0.10884823675193722, 0.5123969744244805, 0.728668835904846, -0.06659427888460881, 0.07558913532968575], [0.4542694303636988, -0.3730879610432314, 0.372784661220964, -0.33941622484752654, 0.5079952735755431, -0.5390217016563149, -0.06802629166586921, 0.6674425695161645, 0.2806412746776509, 0.5714947130231434, 0.29516651173410224, -0.07806824902458259, 0.005876248543866869, 0.13953783276222403]], "inverted": false, "swapped": true, "error_lsq": 0.041333749027274914, "error_max": 0.22994898599904498, "target": "177.xyz", "model": "0.xyz", "model_rescale": 3.8414455957264533, "target_rescale": 4.216162208364612},
{"mapping": [0, 3, 8, 7, 4, 5, 6, 2, 12, 11, 14, 1, 13, 10, 15], "R": [[-0.686313623433343, -0.7208875847461939, -0.09640902680037149], [0.436301286187016, -0.3020211569589482, -0.8475992027018042], [0.5819061762529688, -0.6237822624185283, 0.521805415007042]], "T": [-0.06713948609500284, 0.02110040989912642, -0.09625778002866966], "aligned_model": [[-0.7075135507279312, -0.3879532155996681, 0.061599503630478364, -0.2902775760116286, -0.4645342503366616, 0.22186249638161024, 0.5572810737709282, -0.22945911524717996, 0.48059104452567336, 0.33479010950208254, 0.5867309955052346, -0.4240625513280608, 0.13500060156841628, 0.030953559429705582, -0.032964971558454514], [0.24922555479177935, 0.08179576886103695, -0.5834275077588401, -0.5198426700981486, -0.4168623983093936, -0.5809080532373304, -0.23875971616354863, -0.15374956354341418, 0.4580774706773248, -0.07698863010125678, 0.2505609340923837, 0.6774775259522313, 0.6581873907787975, 0.5298092322723653, 0.012449189829028345], [0.10159669121305756, -0.7295030160969553, 0.31093368496619045, -0.6305144183856242, 0.08519753658489623, -0.30763204120425575, -0.030839946623559114, 0.5788835158688614, 0.0638222468625852, 0.5407793434031933, -0.6102369068814015, -0.25952507689214943, -0.38942826295629684, 0.506215003195416, -0.06456656571442346]], "inverted": true, "swapped": true, "error_lsq": 0.04174213108508117, "error_max": 0.2632624801945909, "target": "177.xyz", "model": "1.xyz", "model_rescale": 4.316132596720782, "target_rescale": 4.216162208364612},
{"mapping": [0, 4, 3, 12, 13, 10, 14, 11, 7, 2, 5, 15], "R": [[-0.2842571195746827, 0.6196256786927733, 0.7316159568213536], [-0.7166424880436645, -0.6442345224397679, 0.26718050907090957], [0.6368841608186617, -0.44835911767390685, 0.627178337713433]], "T": [0.0022097701485550986, -0.03263418272351589, -0.0609419174274375], "aligned_model": [[-0.037624850892237716, 0.5072095337862088, 0.15678152452553645, -0.6084150452603219, -0.6063240643822533, -0.6056558414068325, -0.33465084420242586, -0.14431274345258616, 0.668766890698941, 0.10244819427139955, 0.5057204266299355, -0.006134625683583313], [-0.6825223665271202, -0.22895870462888074, -0.4307525967318634, 0.3463570055669591, -0.10048705326051091, -0.041776729518050656, 0.43286450077983557, 0.45431843725665083, -0.12026329646570419, -0.03953379685815522, 0.41744688741852737, 0.006084140709293057], [0.21713175571715249, 0.23754086728962037, -0.6312174699611987, -0.05165133967822198, -0.4581470640432483, 0.45071830009290137, -0.7045327687197734, 0.5033217222994465, -0.480302051519114, 0.6480295899699451, -0.24673605877839244, -0.034897021459695705]], "inverted": true, "swapped": true, "error_lsq": 0.049080161681330954, "error_max": 0.22702475563476956, "target": "177.xyz", "model": "2.xyz", "model_rescale": 3.795458400668931, "target_rescale": 4.216162208364612},
{"mapping": [3, 0, 4, 11, 9, 6, 2, 13, 10, 12, 5, 15], "R": [[0.10626823889254505, 0.5881926638412468, 0.8017084579858286], [0.9708988098211286, 0.11264914333938242, -0.21134254562870058], [-0.21462190589637645, 0.8008367878090026, -0.5591045311935557]], "T": [-0.000988184334993758, -0.019930107831460545, -0.024263864989230464], "aligned_model": [[-0.0642742882271437, -0.20616546112579456, -0.6048482058274764, 0.0781297425806497, 0.14046292418977224, 0.13947603980957055, -0.31244266860992875, 0.6648532568148211, 0.3995651310140844, 0.6497166628601025, -0.29920155794368036, 0.008032250208588575], [-0.04430110014566549, -0.6913912427705271, -0.12958429311985015, 0.08323484546668891, 0.5213580103272353, 0.5567701132191059, -0.2980650224577869, -0.12255895986862884, -0.46951507207681303, 0.06831050405114136, 0.6138533538179554, -0.00234209115314582], [-0.7334929030503914, -0.11541563695328558, 0.053125320558515744, 0.7241227344812154, -0.553537553230435, 0.30648448406742684, 0.5574345260503145, -0.3049983699650845, 0.4942057749645696, 0.26793486375758674, -0.025913529035492065, 0.018821718994159777]], "inverted": false, "swapped": true, "error_lsq": 0.041003648298979394, "error_max": 0.1984701746996306, "target": "177.xyz", "model": "3.xyz", "model_rescale": 3.7530521520055578, "target_rescale": 4.216162208364612},
{"mapping": [0, 3, 13, 14, 10, 5, 2, 4, 8, 6, 15], "R": [[0.3398436230391596, 0.7506928083349067, 0.5665391596296492], [0.934640611879263, -0.20254360782008657, -0.29227215665742184], [-0.10465772071651071, 0.6288373354417456, -0.7704611392205002]], "T": [-0.07587996814225231, -0.07371442969062544, -0.061481688513327484], "aligned_model": [[-0.48429190584438586, -0.29203311697484025, 0.4549689657766951, 0.6072889644197189, 0.2745022460035066, -0.16729394794492572, -0.3250803680750881, -0.6545538425726519, -0.3170963736562181, 0.2949662673678156, -0.053177286054421236], [-0.6388655537580743, 0.06071561931507444, -0.2840764179622558, 0.33345739913085126, -0.7043681290201053, 0.6022084616285045, -0.3737738680713568, -0.03946262870495765, 0.20889255189243203, 0.3704282538578473, -0.06795232999361371], [-0.18424288875519224, -0.7269223566539732, -0.5160546876614192, -0.39594333520510966, 0.27151768325607073, 0.0978517453236437, 0.5390176360151103, 0.1544428657385089, 0.5786593580846163, 0.2947740621579896, -0.020269305054929014]], "inverted": false, "swapped": true, "error_lsq": 0.04349634485053879, "error_max": 0.23416885715784325, "target": "177.xyz", "model": "4.xyz", "model_rescale": 3.7855080009869324, "target_rescale": 4.216162208364612},
{"mapping": [8, 6, 15, 7, 10, 3, 2, 5, 9, 0, 13, 14, 12, 11, 1, 16], "R": [[-0.30648138350182574, -0.673232753689667, -0.6729240825875046], [0.4922881220484891, -0.7171645556052891, 0.4932822772748277], [-0.8146910865210067, -0.1800906981020846, 0.5512220732158003]], "T": [0.037194546557370284, 0.03216958232605242, 0.044612603467444084], "aligned_model": [[-0.6384392277008242, -0.268767653756512, -0.533225830758267, -0.12150052122115082, -0.1780380685203119, 0.518795855547647, 0.6152226719906125, 0.4513209744230189, 0.1631324895484977, 0.7632584252792819, -0.5318334620905921, 0.04459850387560663, 0.08547570444334054, -0.10847296622262767, 0.5811470077709842, 0.04711788304823066], [-0.1340964646789975, -0.1817509063515924, 0.24205073696538915, -0.684278538566756, -0.43162541062058113, -0.11141873899142536, 0.3849649404581294, -0.6432221110777046, 0.14882334592345509, -0.20257001902029043, 0.4079151169121469, 0.6208164067181153, 0.6542322539714361, 0.3765379861068289, 0.22604366657605374, 0.07078747124605358], [-0.0611440921057515, 0.5800584219868978, -0.5120637843524457, 0.1958985493045994, -0.47455345859626474, -0.4348237098832666, -0.25069166176975644, -0.1210636073889931, -0.6463617471438988, 0.20648430233900864, 0.28933705563384016, -0.2887603049729969, 0.31622303284884734, 0.7464869558256912, 0.5341353285632714, 0.00859957465790396]], "inverted": false, "swapped": false, "error_lsq": 0.039599019964309444, "error_max": 0.2984556957482225, "target": "177.xyz", "model": "5.xyz", "model_rescale": 4.2253639853439635, "target_rescale": 4.216162208364612},
{"mapping": [9, 13, 11, 6, 12, 2, 8, 5, 0, 3, 10, 4, 7, 15], "R": [[0.7658617583770249, -0.6429854966383195, 0.005041643425028289], [-0.625305730116186, -0.7429305594451712, 0.2388449868143531], [-0.14982827149612038, -0.18607481010405055, -0.9710446200382485]], "T": [0.021401138874180943, 0.04479448980280229, -0.022453324330826155], "aligned_model": [[0.7037191476944944, -0.05081343556132909, -0.44312024656924365, 0.14110215994899558, -0.30929154948063314, -0.47057169178164193, 0.00041492947465790464, 0.5345182370160869, -0.3062835562845072, 0.5073754541305082, -0.7507820668384874, 0.07192848127583581, 0.7447101082937841, 0.0011561814392630348], [-0.08602810582080397, 0.08000091616710686, -0.5011273650820399, -0.6230824971690362, -0.3972592344919753, 0.0024245193105135315, -0.31939380775415394, -0.3310059582388313, 0.66071045603331, 0.5040980207515389, -0.05501909196407201, 0.26846173693167286, 0.23898242111328424, 0.003337136848476689], [-0.35480774861445147, -0.7478738445042771, 0.22889179107862545, 0.013875857535496625, -0.48268603887385814, 0.49610570234225615, 0.621564596852801, 0.270975168997605, 0.09811482767555155, -0.2683682202004201, -0.18104308369955224, 0.5520725690626087, 0.23630401505795107, -0.011567383778887799]], "inverted": false, "swapped": true, "error_lsq": 0.039826800343493673, "error_max": 0.25812245554391194, "target": "177.xyz", "model": "6.xyz", "model_rescale": 3.89814844738969, "target_rescale": 4.216162208364612},
{"mapping": [6, 14, 9, 11, 7, 13, 12, 8, 10, 1, 3, 0, 15], "R": [[0.49371791339181137, -0.6942578507171848, -0.5236875582955843], [0.014403159616111882, -0.5955904430714315, 0.8031591206697766], [-0.8695028297763664, -0.4040768006697874, -0.28405416415071316]], "T": [0.007373077531749442, 0.02302714405104312, 0.09141226881551148], "aligned_model": [[0.0714796963387998, -0.10092257603711464, 0.3700699311709675, -0.2774693948697519, 0.7636343979125094, -0.458037111873076, -0.560104791607574, 0.3233240531203144, -0.7248520276508678, -0.4142882290253684, 0.3058074066292141, -0.143481850219349, -0.00652770298448121], [-0.37134083567449316, 0.3235342943664235, 0.4358986916600624, -0.6719497436143158, 0.2586696995832389, 0.5032270127003133, -0.07609433317294345, -0.6453440664326339, -0.24029241021777842, 0.6001962640060073, 0.6687351075694978, 0.1968032619616524, -0.018261677264545355], [-0.45819854950990824, -0.7100493869977216, -0.44814306436382056, -0.021976653670536375, 0.07187819818859045, -0.20097584663098764, -0.33838663953570014, 0.12729437980822544, 0.25231464215546684, 0.3633658544172038, 0.13145077161447427, 0.7609726229242835, 0.07272870243672575]], "inverted": false, "swapped": true, "error_lsq": 0.05004213809200862, "error_max": 0.31193996593771356, "target": "177.xyz", "model": "7.xyz", "model_rescale": 3.7474275329858107, "target_rescale": 4.216162208364612},
{"mapping": [5, 9, 14, 6, 13, 11, 8, 2, 12, 10, 4, 0, 3, 1, 15], "R": [[0.012885100679055699, -0.07748947115496505, -0.9969099036726512], [0.2304355243828572, 0.9703868023397322, -0.07244945097975031], [0.9730022832876026, -0.22878993794525465, 0.030359858565519045]], "T": [-0.03920665752234703, 0.02944718809784448, 0.024516208151537704], "aligned_model": [[-0.425847208263804, 0.2247050225390727, 0.49360152202038715, -0.20733036143583106, 0.6826790662202307, -0.3632227877992661, -0.7382237794808726, -0.5287667247729361, 0.346775253632358, 0.1396841471838262, -0.5631275383086727, -0.023355640288553792, 0.26197644292558053, 0.5591988955654918, -0.05659258739826444], [-0.029872915159816583, 0.1714755800848155, -0.2952664725999094, -0.5009748880368463, -0.076825340086753, -0.6238807236157199, -0.20806985893873786, -0.15320072466952028, -0.5752956374298286, -0.4273804576979327, 0.33257847262310053, 0.44359082448235737, 0.6167426151980103, 0.3301198809496619, -0.0146223931232876], [-0.5565221930946272, -0.6849275465069053, -0.5713443158640148, -0.36547693917208685, 0.0078873201287055, 0.23702819207653789, -0.028335806416660635, 0.5141146407087497, 0.06796019581419685, 0.6495657646626368, 0.15210299024927268, 0.5985372965028294, -0.24377044070224685, 0.39382357201737633, 0.026151925292497342]], "inverted": true, "swapped": true, "error_lsq": 0.0408813633262149, "error_max": 0.3306546104545856, "target": "177.xyz", "model": "8.xyz", "model_rescale": 4.019505241142653, "target_rescale": 4.216162208364612},
{"mapping": [9, 6, 13, 1, 3, 0, 10, 7, 4, 8, 11, 2, 15], "R": [[-0.9218040846829337, -0.355345423948756, 0.15494147004768427], [-0.3809313666199686, 0.9044388611140516, -0.1920459331299683], [-0.07189244318356146, -0.23605079153732167, -0.9690776544878652]], "T": [-0.0013031555245516108, -0.09088263385820558, -0.01900434732452013], "aligned_model": [[-0.45923078622083735, -0.6424164624731297, 0.025001231277618968, 0.5521565686861245, 0.15680157630303154, 0.7018046783628719, 0.2706989500827497, -0.16181422415396912, 0.20175540274060783, -0.27620842566723414, -0.24534278978396434, 0.2239370163297275, -0.0274419637424215], [-0.6496709506277638, 0.1275208500352493, -0.09923387125928576, -0.186794732572635, -0.7545394704740118, -0.09072650349170197, 0.6201333230859041, -0.7968935524981154, -0.19908593699698307, 0.15060418303948261, 0.5959703494947871, 0.39857548433317014, -0.05248094395403783], [-0.2858184813463984, 0.03559839532335977, -0.7483380873748483, -0.5380076288126976, -0.22435137464221852, 0.06409658965322396, -0.2467136567137114, 0.30290395981545587, 0.5552075639530485, 0.6243803195587342, 0.19468419327839, 0.45262427793773735, -0.009562576586196605]], "inverted": false, "swapped": true, "error_lsq": 0.05154426965305863, "error_max": 0.29267187693544144, "target": "177.xyz", "model": "9.xyz", "model_rescale": 3.877068213659057, "target_rescale": 4.216162208364612},
{"mapping": [1, 7, 0, 4, 5, 6, 10, 3, 12, 13, 8, 11, 9, 2, 14, 15], "R": [[0.40534265166930666, 0.17099476608235525, 0.8980301357472008], [-0.18633722859644303, 0.9771810288349037, -0.10195917871460257], [-0.8949724978884502, -0.12600804282901917, 0.4279558402051641]], "T": [0.1170707347814309, 0.02440751499227222, 0.018035532652726876], "aligned_model": [[-0.6895897186193265, -0.5006386512631028, -0.43600526999263967, -0.07428812477742844, -0.28273688963500176, 0.6322326280277545, 0.5339804308343413, 0.26113743877201756, 0.13808430734088453, 0.743129375763202, -0.4501228099181448, -0.03620196545794377, 0.15266290289810536, 0.14665448575067083, 0.6934764535102024, 0.05801719242334377], [-0.27759858567952367, -0.14361564691542997, 0.23065132778399433, -0.5461666017030651, -0.4432843255531863, -0.06109646424723581, 0.5742208322027694, -0.5528884437346342, 0.04728621012007629, -0.24271536989977027, 0.4995006805782283, 0.6330902467208218, 0.5566023717226571, 0.03166263497657557, 0.38993091901230903, 0.047629950185674064], [-0.08683504606092442, 0.5244838526932138, -0.5161334090333987, 0.3277412703629592, -0.464057454216217, -0.3099917046400337, -0.1465925360808192, -0.20272565860854477, -0.7284430074213114, 0.38455216035559336, 0.23689828113392358, -0.37012434126587546, 0.4068119927659037, 0.6809288293921856, 0.3970746271653625, -0.04582700159533194]], "inverted": false, "swapped": false, "error_lsq": 0.035144683413201185, "error_max": 0.21794618685497985, "target": "177.xyz", "model": "10.xyz", "model_rescale": 4.260839863003843, "target_rescale": 4.216162208364612},
{"mapping": [13, 0, 4, 3, 5, 9, 14, 12, 2, 8, 6, 15], "R": [[-0.41337476788209204, 0.8066135278561729, 0.4224877725542431], [0.909560170889062, 0.38753056251876083, 0.15006784680987903], [-0.042680168822147896, 0.44631231194457555, -0.893858894566699]], "T": [0.02983848649025317, -0.10745596393902333, -0.05135998889661668], "aligned_model": [[0.44311226162587575, 0.09500430135144995, -0.3522545894020231, -0.3626296966942614, -0.45374563190993067, -0.34157156407873357, 0.1616964588466787, 0.6407549825006318, 0.19140854886023578, -0.1863073662873366, 0.07220797774017303, 0.051222966541370804], [0.08815972595251094, -0.8025664784281396, -0.47184638154618264, -0.17957716087336761, 0.3270695125519581, 0.42341521587676956, 0.6458708790421875, 0.2701539756202413, -0.4767959936982284, -0.04598224248727724, 0.4815326077361586, -0.08635515421369665], [-0.6202436825989209, -0.16900864123606232, 0.2709512843458269, -0.6415905902567888, 0.20931111529841823, -0.46772790889579946, -0.4507162515011757, -0.07920005495823738, 0.5404330509495652, 0.6538595313706522, 0.2848023264738946, -0.014692101595867882]], "inverted": false, "swapped": true, "error_lsq": 0.046453579714661054, "error_max": 0.23604658267035758, "target": "177.xyz", "model": "11.xyz", "model_rescale": 3.890672605050136, "target_rescale": 4.216162208364612},
{"mapping": [13, 14, 9, 1, 3, 2, 6, 0, 10, 8, 7, 5, 4, 15], "R": [[0.13142670607517087, 0.5735997976128846, -0.8085235266265842], [-0.7940851200562646, 0.549148447592777, 0.2605087419102688], [0.5934272011253432, 0.607798695856532, 0.5276598357650888]], "T": [0.06501905701791169, -0.07193854776056957, 0.11401084949662989], "aligned_model": [[0.5478808139361155, 0.2787266842303532, 0.37792595088494196, 0.7055370517706366, 0.6814741964205814, -0.4402034187566142, -0.39479801702233297, 0.32842115126937543, -0.11075035061774571, -0.6203570778212733, 0.2277016091049012, -0.252169869339659, -0.14277027387892038, 0.02325738461333353], [-0.31789289708060686, 0.18461643283573992, 0.5242798601837686, -0.4882256217188629, 0.2672322308154689, -0.4153452465344724, 0.1522550929728819, -0.45089430350228304, -0.8355922501107356, 0.11493011047191143, 0.6542250416030764, 0.546589118345246, 0.07852522885049526, -0.08255027730386225], [-0.37490667940102557, -0.6815278822530711, -0.2598136625754398, 0.1503835542606603, 0.2260427588151166, 0.4875855192169198, -0.33321759716543037, 0.6509263811320121, -0.01758893884951583, 0.3217902474921165, 0.38615237026481813, 0.0278126760317554, 0.676900090681153, 0.09425159770679206]], "inverted": true, "swapped": true, "error_lsq": 0.041647429933671896, "error_max": 0.27301416332057665, "target": "177.xyz", "model": "12.xyz", "model_rescale": 4.124412569039231, "target_rescale": 4.216162208364612},
{"mapping": [10, 6, 9, 2, 13, 1, 8, 0, 5, 4, 3, 7, 15], "R": [[0.34888676388394413, -0.5591344188690596, 0.752094892698088], [0.8932524868986412, -0.04437739013636543, -0.4473596337333958], [0.2835101773058285, 0.8278884881918847, 0.4839655261311221]], "T": [0.0902127113276961, 0.07338200309431853, 0.055266012306730464], "aligned_model": [[-0.32665933913426304, -0.11066985842915228, 0.6966342193318547, -0.5878154177352841, 0.5501833398077038, 0.48456709725353303, -0.4972696618020584, 0.03391500030233621, 0.07300191644298315, -0.18348026129748857, 0.7365863445443217, 0.44386752600462914, 0.05443740222064203], [-0.461017958349745, 0.5920250798198343, 0.5381877036519374, -0.08916638559893394, -0.22421511616778533, -0.5808375831609166, 0.487691082450622, -0.5116933617218843, 0.7661825577456597, 0.14525105933460702, 0.05218572683238645, 0.544311286752937, 0.0885812849197583], [0.4700126106275382, 0.44560351468202974, 0.15191225065162733, -0.10780397935248663, 0.5375028253452738, 0.092178807645823, -0.12093009404309661, -0.3394285549166199, -0.04645219582282023, -0.4948131160362982, -0.24365997986583676, -0.47482271653558017, 0.08239870858828523]], "inverted": false, "swapped": true, "error_lsq": 0.04335152978713892, "error_max": 0.23026132360640622, "target": "177.xyz", "model": "13.xyz", "model_rescale": 3.9028299243045295, "target_rescale": 4.216162208364612},
{"mapping": [13, 12, 10, 8, 4, 3, 6, 0, 7, 2, 14, 9, 11, 12, 1, 15], "R": [[-0.6341939097711302, -0.09631225406271446, -0.7671518979488787], [-0.5286340223063509, 0.7780749497064599, 0.3393308755470071], [0.5642199529167824, 0.6207441682018842, -0.5443643287118793]], "T": [0.09894017147607323, -0.026303628692978497, -0.005442402607561656], "aligned_model": [[-0.6613673700643795, -0.1933951992114448, -0.467822173320687, 0.0776710494071172, -0.052813339174844015, 0.5366463467549001, 0.599115435542464, 0.42876208748095535, 0.03474923804351135, 0.6777279472876581, -0.5388092814882394, 0.08671098107512329, -0.008349857490448892, -0.1933951992114448, 0.4670398882412563, 0.09732123178543725], [-0.06350795532815526, -0.02680640937822361, 0.10832129041776348, -0.6779220199046649, -0.4047467327975458, -0.15383081704793342, 0.3864180098967263, -0.7542289284812214, 0.39051862490413364, -0.3154279889657546, 0.5840772163651105, 0.7029330693006582, 0.5840605193347134, -0.02680640937822361, 0.34299715303145883, 0.06716111360141913], [0.22520805187187296, 0.6260479514101859, -0.47021027770638857, 0.4086207039821624, -0.5468433287644442, -0.4306947577935286, -0.1600186507997801, -0.22580272320951109, -0.8071697183505464, 0.34607087512703694, 0.055888764125558404, -0.26794905331404756, 0.39680272766093355, 0.6260479514101859, 0.3822666208596741, -0.07050428156267866]], "inverted": false, "swapped": false, "error_lsq": 0.046305718859528444, "error_max": 0.3018829487416898, "target": "177.xyz", "model": "14.xyz", "model_rescale": 3.942246331269136, "target_rescale": 4.216162208364612},
{"mapping": [9, 14, 5, 12, 10, 6, 4, 7, 3, 8, 2, 0, 13, 1, 15], "R": [[-0.46354965593502495, 0.7069944815981706, -0.5341165785409157], [-0.05252675900178472, -0.6236578459011042, -0.7799306577092371], [-0.8845126658625577, -0.333481175234418, 0.32623250863913444]], "T": [-0.02677245978453037, 0.03755995830757137, 0.007964206622459544], "aligned_model": [[-0.6852691789329102, -0.452248846933972, -0.17321010927297975, 0.19217550814069345, 0.564292123532347, 0.13499279771422068, 0.11330228138203598, -0.5666592201474673, -0.7005075778456136, 0.41648620173271295, 0.6249812743953868, 0.07089755618344491, -0.31208214510111293, -0.26254632553292045, 0.009689697218344229], [-0.05239362998183613, -0.5437346371223236, 0.3627905790369993, -0.623023241018405, -0.40867936401628274, -0.09468322980069038, 0.6312133870021801, 0.5838793514217399, 0.13659711627415494, 0.48476035834102066, 0.3058604168956304, 0.21775118597364468, -0.6165862389017963, -0.312688933609382, 0.027081569386997302], [-0.3811659809135305, -0.4668407207042484, -0.594859542082836, -0.17168802670498312, 0.29587650512123764, -0.6386048572008389, 0.1109919962433208, -0.18670881485003776, 0.2174338623592909, -0.38109386239544435, 0.13432827806338088, 0.6856500524464254, 0.16087105554703462, 0.6456299506762444, -0.020457415244499726]], "inverted": false, "swapped": true, "error_lsq": 0.04228092151750641, "error_max": 0.2438908239236086, "target": "177.xyz", "model": "15.xyz", "model_rescale": 4.355366556412066, "target_rescale": 4.216162208364612},
{"mapping": [0, 4, 3, 12, 13, 10, 14, 11, 7, 2, 5, 15], "R": [[-0.2842571195746827, 0.6196256786927733, 0.7316159568213536], [-0.7166424880436645, -0.6442345224397679, 0.26718050907090957], [0.6368841608186617, -0.44835911767390685, 0.627178337713433]], "T": [0.0022097701485550986, -0.03263418272351589, -0.0609419174274375], "aligned_model": [[-0.037624850892237716, 0.5072095337862088, 0.15678152452553645, -0.6084150452603219, -0.6063240643822533, -0.6056558414068325, -0.33465084420242586, -0.14431274345258616, 0.668766890698941, 0.10244819427139955, 0.5057204266299355, -0.006134625683583313], [-0.6825223665271202, -0.22895870462888074, -0.4307525967318634, 0.3463570055669591, -0.10048705326051091, -0.041776729518050656, 0.43286450077983557, 0.45431843725665083, -0.12026329646570419, -0.03953379685815522, 0.41744688741852737, 0.006084140709293057], [0.21713175571715249, 0.23754086728962037, -0.6312174699611987, -0.05165133967822198, -0.4581470640432483, 0.45071830009290137, -0.7045327687197734, 0.5033217222994465, -0.480302051519114, 0.6480295899699451, -0.24673605877839244, -0.034897021459695705]], "inverted": true, "swapped": true, "error_lsq": 0.049080161681330954, "error_max": 0.22702475563476956, "target": "177.xyz", "model": "16.xyz", "model_rescale": 3.795458400668931, "target_rescale": 4.216162208364612},
{"mapping": [6, 14, 9, 11, 7, 13, 12, 8, 10, 1, 3, 0, 15], "R": [[0.49371791339181137, -0.6942578507171848, -0.5236875582955843], [0.014403159616111882, -0.5955904430714315, 0.8031591206697766], [-0.8695028297763664, -0.4040768006697874, -0.28405416415071316]], "T": [0.007373077531749442, 0.02302714405104312, 0.09141226881551148], "aligned_model": [[0.0714796963387998, -0.10092257603711464, 0.3700699311709675, -0.2774693948697519, 0.7636343979125094, -0.458037111873076, -0.560104791607574, 0.3233240531203144, -0.7248520276508678, -0.4142882290253684, 0.3058074066292141, -0.143481850219349, -0.00652770298448121], [-0.37134083567449316, 0.3235342943664235, 0.4358986916600624, -0.6719497436143158, 0.2586696995832389, 0.5032270127003133, -0.07609433317294345, -0.6453440664326339, -0.24029241021777842, 0.6001962640060073, 0.6687351075694978, 0.1968032619616524, -0.018261677264545355], [-0.45819854950990824, -0.7100493869977216, -0.44814306436382056, -0.021976653670536375, 0.07187819818859045, -0.20097584663098764, -0.33838663953570014, 0.12729437980822544, 0.25231464215546684, 0.3633658544172038, 0.13145077161447427, 0.7609726229242835, 0.07272870243672575]], "inverted": false, "swapped": true, "error_lsq": 0.05004213809200862, "error_max": 0.31193996593771356, "target": "177.xyz", "model": "17.xyz", "model_rescale": 3.7474275329858107, "target_rescale": 4.216162208364612},
{"mapping": [9, 13, 3, 12, 5, 8, 7, 0, 6, 4, 11, 10, 2, 15], "R": [[0.20797631296975522, -0.9435403116250345, 0.2578323749687752], [-0.939777779835762, -0.11966137639330415, 0.3201544619814412], [-0.27122606395859616, -0.308889681501653, -0.9116049511116836]], "T": [0.08490374205649702, 0.029599396398292982, -0.01661589409932189], "aligned_model": [[0.5608896855664961, 0.12862920906209274, 0.7743487649971457, -0.3996662415286745, 0.20980808204076562, -0.2297930139215532, 0.7352823617976377, 0.21028596045481257, -0.24954768365182228, 0.20426928935142102, -0.6434442625874228, -0.5538944159780986, -0.3743146243034619, 0.04199453658353819], [-0.45727800425376053, 0.209639908184084, 0.10021208868680714, -0.02321039357279993, -0.625759938871983, -0.3263783364935804, -0.32619675149251337, 0.6856789016448391, -0.5554429881363941, 0.0807045774151352, -0.12079622230895029, 0.4729922876780891, 0.2364900750259275, 0.009753038006333127], [-0.37650429116473255, -0.7225640975519692, -0.1817955316807215, -0.5448074861578674, 0.1967346657266425, 0.5509036433001661, 0.2631285083946762, 0.21812949623262812, -0.10365304575107824, 0.5881982745013524, 0.13790108949879937, -0.1800784993661123, 0.4923543248151469, -0.013152332135275665]], "inverted": false, "swapped": true, "error_lsq": 0.03198071651482655, "error_max": 0.1893345981574577, "target": "177.xyz", "model": "18.xyz", "model_rescale": 3.922800546911778, "target_rescale": 4.216162208364612},
{"mapping": [13, 3, 9, 12, 4, 1, 7, 11, 0, 6, 5, 8, 10, 2, 15], "R": [[-0.7640208938190077, -0.2702614881243217, 0.5858590289863526], [-0.10626496324728331, -0.8429269593102348, -0.527429520271719], [0.6363802569172445, -0.465223461687853, 0.6152944817736568]], "T": [0.034209305247741004, 0.032127107772691565, -0.027744027067582687], "aligned_model": [[-0.3172661443007526, -0.24262065165650853, 0.2856297962779081, 0.07496038631679793, 0.10396765344663582, -0.6983360327926142, 0.2752507579859689, 0.39288909315158005, -0.5549970997539178, 0.6444095552391258, 0.6699324765663157, 0.5839824009310937, -0.2635533160742838, 0.07753019052182307, 0.0642717710284465], [0.5421054534791104, -0.28228153126596767, 0.02143891340707632, 0.7493086951449754, -0.5112743094541087, 0.17034629478330485, -0.5863877447865057, 0.38207965686780854, -0.24943716572020175, 0.3309204595628279, -0.19085998558259568, -0.19297802443048012, 0.5509333808642071, -0.07373904432339876, 0.05743645648852641], [-0.4138482404377502, -0.6040402072558918, -0.7556213376209943, -0.0038019938260242733, 0.2594992923680007, -0.19848941428529723, -0.46038541877966926, 0.5431037454133677, 0.24579534555467034, -0.037017724522127975, -0.21944227822410947, 0.4137419212780143, 0.49528354238816247, 0.6791163575817427, -0.0012344224687644498]], "inverted": true, "swapped": true, "error_lsq": 0.04554490791606325, "error_max": 0.35329630669826156, "target": "177.xyz", "model": "19.xyz", "model_rescale": 3.9282355846067225, "target_rescale": 4.216162208364612},
{"mapping": [8, 2, 0, 11, 6, 10, 12, 1, 14, 9, 4, 5, 3, 15], "R": [[0.6199906351663198, 0.47464897403853334, -0.6247559233414525], [-0.5949771727821871, -0.23466537239205748, -0.7687225291795554], [-0.5114819412004482, 0.8483162820813146, 0.1369149713565196]], "T": [0.04830859816763657, -0.12288007396577208, 0.08379049697826917], "aligned_model": [[-0.5461553602473992, -0.12809767891385568, 0.5994456622084217, -0.466907724236579, -0.5811759802451748, 0.15555037842597494, -0.09405056908982884, 0.7745110993757478, -0.12927981725650048, -0.04025693707022291, -0.005577726982683419, -0.49624540388222993, 0.48059301658736314, 0.010169860411643375], [-0.5635064099779127, -0.7153165403979247, -0.5534757095501913, -0.28921211917747525, 0.1244140242821036, -0.18556784534176773, 0.34008598009204705, 0.04646576850413833, 0.718284746639835, 0.42741375465641296, -0.6935911532788805, -0.08617372381180452, 0.07672212439947537, -0.12366080961321929], [0.10092683340463826, -0.277645255673274, -0.026217463794071083, -0.44900491223557065, 0.018196227867118372, -0.7010342031639913, -0.4472270179096663, -0.08601267164911482, 0.15643608180039129, 0.6152646056378384, 0.31626668900439114, 0.5227996045839136, 0.6137848824585924, 0.055649756912487525]], "inverted": true, "swapped": true, "error_lsq": 0.038105788953163064, "error_max": 0.3129036737672575, "target": "177.xyz", "model": "20.xyz", "model_rescale": 4.067790424073018, "target_rescale": 4.216162208364612},
{"mapping": [3, 10, 9, 7, 14, 12, 6, 1, 13, 0, 2, 8, 4, 11, 15], "R": [[-0.6620580399516923, -0.6594957672973396, -0.35601191644693186], [-0.7361965653376275, 0.48333766264298345, 0.4737080546664775], [-0.14033448941868948, 0.5757169762893147, -0.8055161043032503]], "T": [0.11294808013886583, 0.002536121470932323, 0.004004656552384354], "aligned_model": [[0.3082871019027148, 0.006667511005684329, -0.24068994759647838, 0.3575141144834611, -0.6481816392360548, -0.48225096015695124, -0.42351638888597853, 0.29179723832584775, -0.2638563151305615, 0.7135536193612312, 0.4143081316236357, 0.18204133960125607, 0.6179374530505666, -0.15206092612212518, 0.08689362168126712], [-0.21475110031577285, 0.7243660279937313, -0.4745297544392175, -0.7004668644695643, -0.11892010304421183, 0.3985232555219357, -0.2610359856271095, 0.5335930249281211, 0.3919846198343847, 0.3673980906968498, 0.19458640456575296, -0.34036969481327495, -0.24615564290412054, 0.1801531489302295, 0.006519713070113292], [-0.6457905684731189, 0.31872102527265045, -0.4863831240953931, -0.26768346464682535, -0.3836849325807894, 0.07827169450918464, 0.3271817464919427, -0.5164497094634372, -0.4849101449571021, -0.08210658455545755, 0.6245163428077289, 0.6562885997269804, 0.26051623821328396, 0.6933576679859035, 0.043404787385589755]], "inverted": false, "swapped": true, "error_lsq": 0.04093403082760839, "error_max": 0.3002338013926073, "target": "177.xyz", "model": "21.xyz", "model_rescale": 4.186013935880536, "target_rescale": 4.216162208364612},
{"mapping": [0, 1, 10, 8, 7, 2, 4, 3, 12, 13, 9, 6, 15], "R": [[-0.15098507931180627, 0.7745597579756132, -0.6142155054620221], [0.26200055636589953, 0.6304729672811094, 0.7306569276970638], [0.9531837253589502, -0.05060650998155003, -0.2981270984971353]], "T": [0.017558144299072976, -0.04722998430430317, 0.036187234814071004], "aligned_model": [[-0.10970944442948095, -0.4140998637036572, 0.481148631851893, 0.5649763421542751, -0.4275584285217108, 0.5938623068136147, 0.11884871863476822, -0.6872840730296057, 0.280432235509315, -0.3045243924020584, -0.4789910594017926, 0.3802343818389551, 0.061238680108710086], [-0.36768471071890574, 0.18060651633714853, 0.29104968376596885, -0.4340816609491781, -0.5056324287031075, -0.37803671901019453, -0.6573440095038652, -0.1421828419557957, 0.6201825463122976, 0.579439375338341, 0.16331516283555556, 0.20293795082659835, -0.03361220502876984], [-0.5821800875396389, -0.5525768064632757, -0.5133863199420335, 0.3500529972063511, 0.5047793966846393, -0.23060174769606495, 0.023492836307680856, 0.07845197350240872, -0.008990491735631476, -0.15417484529698955, 0.5859521930889746, 0.5534780278737069, 0.04858243534521891]], "inverted": false, "swapped": true, "error_lsq": 0.04570790636711565, "error_max": 0.29490000826563817, "target": "177.xyz", "model": "22.xyz", "model_rescale": 4.166573947596378, "target_rescale": 4.216162208364612},
{"mapping": [12, 14, 6, 9, 2, 4, 0, 3, 1, 8, 13, 5, 7, 10, 8, 15], "R": [[0.5952203656928501, 0.7837929621916975, 0.17714770301427618], [0.8023907932870358, -0.5916307202881794, -0.07837158706758321], [0.04337892475236711, 0.18879005066489718, -0.9810589103908461]], "T": [-0.013253143505401216, -0.08913079223054382, 0.005904157020680669], "aligned_model": [[-0.621348298190165, -0.5798112088720522, -0.475011977680611, 0.06675810233297655, 0.02816946159027385, 0.634236058376788, 0.5387496331781972, 0.2882862266954699, 0.08715644492880571, 0.7293616172706924, -0.45413724624282525, -0.19594286526179777, 0.2168236049860707, -0.08952895861687064, 0.7293616172706924, -0.013330426108710432], [-0.33034156747552035, -0.06275335335127194, 0.06362096016669286, -0.471690595976613, -0.3055112183812967, -0.14717578032216855, 0.4524618871022608, -0.5885849315020908, 0.2762506493347253, -0.11929486203562993, 0.5501501485240181, 0.7036394427772621, 0.5477632554652765, 0.33439551325208344, -0.11929486203562993, -0.04042494997183717], [-0.03176545916859763, 0.5575326121482365, -0.5793763852559171, 0.4616402246950022, -0.6299204399830826, -0.33650207272405197, -0.2562524127324458, -0.139169007277354, -0.5978452757552851, 0.3247969073168347, 0.3431788605445638, -0.16498118831818712, 0.23573085143071237, 0.6188876002696773, 0.3247969073168347, -0.0429908675602549]], "inverted": true, "swapped": false, "error_lsq": 0.05027768726334839, "error_max": 0.40273589481908795, "target": "177.xyz", "model": "23.xyz", "model_rescale": 4.274766983524099, "target_rescale": 4.216162208364612},
{"mapping": [10, 0, 1, 13, 3, 9, 6, 5, 8, 4, 15], "R": [[0.39127915758244575, -0.39067834165775317, 0.8332292926926654], [0.615994122942028, 0.7838536391671441, 0.07826054475472283], [-0.6837045131798187, 0.48264262733825364, 0.5473611540231683]], "T": [-0.01138888673834497, 0.0734292552729688, 0.020005983873632137], "aligned_model": [[0.3155540987625128, 0.11570651269344114, -0.40939962026477056, -0.5566487092913188, -0.5889887187782916, -0.6223556461310371, 0.11440819307970436, 0.02899895695898637, 0.6013517584828372, 0.36262471190128054, 0.01864316654473088], [-0.0956885480086775, 0.6852761327350069, 0.4208195897064209, -0.12335109699583567, 0.44745908427373227, -0.13337868636721883, -0.545055519549155, -0.1746266385923702, -0.07048210363828002, 0.46774648129850205, 0.03686783638135842], [-0.6841870428679226, -0.3127951191298939, -0.5329755842989711, -0.4234560631804892, 0.20462728732063803, 0.4408170747669875, 0.27171909765694086, 0.6738045074655745, 0.40945564986183436, 0.3154510807022498, 0.017105545724629086]], "inverted": true, "swapped": true, "error_lsq": 0.04903208130537442, "error_max": 0.2571041077332859, "target": "177.xyz", "model": "24.xyz", "model_rescale": 3.7841303162186577, "target_rescale": 4.216162208364612},
{"mapping": [7, 11, 0, 13, 10, 9, 2, 14, 8, 12, 6, 1, 4, 3, 5, 15], "R": [[-0.8818203659087153, -0.18873291872546863, 0.43217210421079416], [0.037249624664577055, -0.9414363224536121, -0.33512701506647724], [0.4701120161524996, -0.27942357837946386, 0.8372079527301731]], "T": [0.0049790505429665455, 0.030507173901083404, -0.07730463326304166], "aligned_model": [[-0.6288712258022037, -0.4760023254529203, -0.4645828162681819, 0.13210700991778973, -0.2607061314962847, 0.4553675861425891, 0.6688146383606032, 0.3655852803948606, 0.16466883644715352, 0.6474119375861391, -0.4181234396131228, -0.14142021938963184, 0.14590023552191395, 0.07112598285808094, 0.6556906442929091, -0.027174207842759465], [-0.062449108508452755, -0.35311294739875004, 0.2827448216450733, -0.47671019856424685, -0.5802762284597547, -0.23317356076822246, 0.3702043028452185, -0.6757174338322475, 0.37593003402651576, -0.223775755007339, 0.3712513930243476, 0.6949508629482137, 0.6922771877687715, 0.1763385848137501, 0.3272809921566065, 0.05744678888077692], [-0.18865326072655897, 0.38195573694289114, -0.5844710474201715, 0.5045622039820452, -0.47931225100490377, -0.3414321511228936, -0.19009293434585053, -0.09986372753713796, -0.5296761659875313, 0.23541262583735428, 0.3990398977235356, -0.3775016213422799, 0.23718862775862853, 0.712226664767424, 0.4304733379026349, -0.02209508048050056]], "inverted": false, "swapped": false, "error_lsq": 0.05063976426197375, "error_max": 0.3665960638000995, "target": "177.xyz", "model": "25.xyz", "model_rescale": 4.19342608120988, "target_rescale": 4.216162208364612},
{"mapping": [0, 4, 3, 12, 13, 10, 14, 11, 7, 2, 5, 15], "R": [[-0.2842571195746827, 0.6196256786927733, 0.7316159568213536], [-0.7166424880436645, -0.6442345224397679, 0.26718050907090957], [0.6368841608186617, -0.44835911767390685, 0.627178337713433]], "T": [0.0022097701485550986, -0.03263418272351589, -0.0609419174274375], "aligned_model": [[-0.037624850892237716, 0.5072095337862088, 0.15678152452553645, -0.6084150452603219, -0.6063240643822533, -0.6056558414068325, -0.33465084420242586, -0.14431274345258616, 0.668766890698941, 0.10244819427139955, 0.5057204266299355, -0.006134625683583313], [-0.6825223665271202, -0.22895870462888074, -0.4307525967318634, 0.3463570055669591, -0.10048705326051091, -0.041776729518050656, 0.43286450077983557, 0.45431843725665083, -0.12026329646570419, -0.03953379685815522, 0.41744688741852737, 0.006084140709293057], [0.21713175571715249, 0.23754086728962037, -0.6312174699611987, -0.05165133967822198, -0.4581470640432483, 0.45071830009290137, -0.7045327687197734, 0.5033217222994465, -0.480302051519114, 0.6480295899699451, -0.24673605877839244, -0.034897021459695705]], "inverted": true, "swapped": true, "error_lsq": 0.049080161681330954, "error_max": 0.22702475563476956, "target": "177.xyz", "model": "26.xyz", "model_rescale": 3.795458400668931, "target_rescale": 4.216162208364612},
