[{"mapping": [4, 10, 8, 9, 7, 12, 15, 6, 11, 0, 1, 14, 3, 16], "R": [[0.326818250075004, -0.9359769511186313, -0.13090828236816682], [-0.6022061773856158, -0.31299332241077144, 0.7344269194718231], [-0.7283800871361854, -0.1611903443167066, -0.665943031769644]], "T": [0.08381223716163097, 0.13114579329990464, 0.06328670352277835], "aligned_model": [[0.11106936093696346, 0.2302647708495905, -0.452472076089265, -0.4026978389511072, -0.6539208983390904, -0.2462663909671692, -0.5942286901014865, -0.1179693436910891, -0.28213600115051474, 0.24825160651990089, 0.6870222277346522, 0.2697561961900234, 0.5965353085663139, -0.021716130379418358], [-0.6107098650401355, -0.5039590219687612, -0.3740491955222788, -0.4516747461337811, 0.20462647706710962, 0.5576214591986737, 0.1199911625498177, 0.44958398044830106, 0.7558276846488715, 0.05924281407656043, 0.4437246741018467, 0.6770690866072389, -0.16933188086132553, 0.07731070263789712], [0.2947428749407981, -0.2984260681518591, 0.38332006607755365, -0.3321566683400271, 0.46218486525872693, -0.5452544851268384, -0.15740732072215777, 0.66198571397816, 0.15146104052506168, 0.7063712986648565, 0.3058388110368207, -0.045005035624439915, 0.2025307382508384, 0.10740225641234016]], "inverted": false, "swapped": true, "error_lsq": 0.03986883720977759, "error_max": 0.3289440619352179, "target": "178.xyz", "model": "0.xyz", "model_rescale": 3.8414455957264533, "target_rescale": 4.165010982773084},
{"mapping": [3, 4, 6, 8, 0, 7, 11, 1, 12, 14, 15, 10, 2, 13, 16], "R": [[0.3417438884716308, -0.43765182265434505, -0.8316682011593444], [-0.9215028777950528, 0.01769205397501067, -0.38796834592732155], [0.18450897243149478, 0.8989704518800801, -0.39725126272775874]], "T": [-0.042933477564351404, 0.05320117062814563, 0.007920101992402902], "aligned_model": [[-0.6225394935955344, -0.6511936656574778, 0.07585078457726332, -0.16847337681653823, -0.4368870758565586, 0.3221450484589065, 0.5791224252564532, -0.301708604244051, 0.6834086042686203, 0.25156542127476283, 0.45964575013342013, -0.4310431309158017, 0.23806599469155332, -0.09633290452219695, -0.029581623548276106], [0.14049023653446263, 0.04217584611790844, -0.6397012447977417, -0.2529270848456781, -0.4798462013270575, -0.5328244226075282, -0.2914010712450969, -0.0932236934790098, 0.4162503475287525, 0.05881554444721301, 0.07967925861699882, 0.5954616132117254, 0.6501127653493287, 0.6555959519628239, -0.0016133174240865605], [0.17820858363753897, -0.4763966473519534, 0.08751741532945131, -0.7240426152374104, 0.08810241157165091, -0.47380700690681904, 0.16983378538762028, 0.6651830381854525, 0.05008937925220431, 0.5154369748462777, -0.49733508888799727, -0.3251971590105277, -0.2407891269556735, 0.25358481712848374, -0.10520697364876355]], "inverted": true, "swapped": true, "error_lsq": 0.036022059458238886, "error_max": 0.22589203105758018, "target": "178.xyz", "model": "1.xyz", "model_rescale": 4.316132596720782, "target_rescale": 4.165010982773084},
{"mapping": [13, 2, 10, 6, 3, 14, 8, 11, 9, 12, 15, 16], "R": [[0.4813076081723366, 0.8063508442393204, 0.34371689267471295], [-0.8365086026249533, 0.5396989309663698, -0.09475453365515434], [-0.26190903773996177, -0.2419160596328676, 0.9342806195366755]], "T": [-0.23243729132629912, -0.016024506073030517, -0.0730553282955661], "aligned_model": [[-0.08520068484631971, 0.40507649350521246, 0.11414395706390243, -0.6198350434554681, -0.5735310263872999, -0.4332696354442399, 0.03143886829949408, -0.2409284271545717, 0.5295508811061075, 0.2877496779258395, 0.36295369021539314, -0.1803401961962694], [-0.6224652089642148, -0.2875937370141076, -0.508427706163832, 0.5735082040931617, -0.4070202213874137, -0.07707595994954583, 0.4481893618023432, 0.48164567573151346, -0.02937561053320639, -0.006266306786549974, 0.37128796063485053, 0.07636997627798227], [0.11834263206629056, 0.05712440453755413, -0.5124448217956321, -0.018894864713686066, -0.39451776208102823, 0.4749169231714803, -0.6731545299043296, 0.4600230739717322, -0.4628540824983393, 0.5518175125298592, -0.009271244074654517, -0.14182877999982552]], "inverted": false, "swapped": true, "error_lsq": 0.04335322957122625, "error_max": 0.21339900737922327, "target": "178.xyz", "model": "2.xyz", "model_rescale": 3.795458400668931, "target_rescale": 4.165010982773084},
{"mapping": [0, 3, 4, 2, 7, 15, 10, 14, 13, 12, 8, 16], "R": [[0.308150689364789, 0.21674573425067814, -0.9263176773268118], [0.42691748209632824, -0.9016576284658466, -0.06895639571407619], [-0.8501674047648125, -0.3742122495502779, -0.3703789629041909]], "T": [0.1380484139602908, -0.07991175411389657, -0.05277159439136978], "aligned_model": [[-0.16212447413907968, -0.20208684664962925, -0.6379023523171906, 0.25065025390455054, 0.07815108981687417, 0.21948080648431018, -0.3284536475808093, 0.6829502500809272, 0.2963296572393156, 0.7601093086978908, -0.4378267570025841, 0.07402653720898962], [-0.16797370621348331, -0.579782004213024, -0.09819332305206739, 0.03489540760032257, 0.7018982305241547, 0.5663302825691883, -0.2847695680559525, -0.2634866102600326, -0.5153625647080998, 0.1857287493613229, 0.4777543436567883, 0.02872980808059207], [-0.642610107009596, -0.13642815051819412, -0.005538973823866956, 0.6337126203906758, -0.35929205377320095, 0.23758985732000285, 0.4913347397368065, -0.16989016689586842, 0.40702375488966636, 0.39848347625711106, -0.10396246646680563, -0.06165109946763017]], "inverted": true, "swapped": true, "error_lsq": 0.03851448730952327, "error_max": 0.23434359659801682, "target": "178.xyz", "model": "3.xyz", "model_rescale": 3.7530521520055578, "target_rescale": 4.165010982773084},
{"mapping": [9, 13, 3, 1, 4, 11, 8, 15, 7, 6, 16], "R": [[-0.23061595044180683, -0.7818204329137346, -0.5792867114654043], [-0.6850488298669573, -0.2923384647337341, 0.6672678043597158], [-0.69103139154436, 0.5507222827484863, -0.4681672598383631]], "T": [-0.013774238678694962, 0.018433693755876293, -0.15854716819372916], "aligned_model": [[-0.6144245875671143, -0.10247290187312191, 0.4688890410494868, 0.5797089266772946, 0.19457587731033532, -0.24794389639407452, -0.1677606765281209, -0.6598102500890611, -0.28588143969626933, 0.232122759649865, -0.05880325009401436], [-0.5828787456191672, -0.07735091101279072, -0.28539130921714845, 0.3311546809881076, -0.6965229867016743, 0.662165724982437, -0.4310493687936477, 0.01039710658829128, 0.15981307385318394, 0.4034922601885567, -0.026626166941801865], [-0.05661677857280231, -0.7981095031372469, -0.37600338861020616, -0.423844531342208, 0.06526503462730338, 0.09184040255862602, 0.4891389810774226, 0.14335126240190388, 0.6255056843465973, 0.3816599746282128, -0.049356360732286]], "inverted": false, "swapped": true, "error_lsq": 0.04703342709130744, "error_max": 0.23259692455582512, "target": "178.xyz", "model": "4.xyz", "model_rescale": 3.7855080009869324, "target_rescale": 4.165010982773084},
{"mapping": [6, 7, 9, 8, 13, 11, 4, 1, 12, 14, 15, 0, 3, 10, 5, 2, 16], "R": [[0.9369693264000853, 0.3470168416855536, 0.04083862108291414], [0.34308654742496447, -0.935840739891123, 0.08058368653798993], [0.0661823417641595, -0.06149326098540269, -0.995910877785755]], "T": [-0.01057656856210952, 0.11545224046003125, -0.08944941479357738], "aligned_model": [[-0.3227078420537345, -0.21170048723901647, 0.5025780608095819, 0.4061459418772147, 0.19218453934370217, -0.4144662436953107, -0.6907913452937263, -0.6569709980815179, -0.11058698490236256, 0.3900518852365636, 0.7981630075172879, -0.5932749309237568, 0.07713007144658811, 0.4166382366878471, -0.26158984834439675, -0.008228442884685366, 0.021892946607061793], [-0.2523957940506282, -0.5996390779721447, 0.3233454248803384, -0.341785414764991, 0.1619256869365274, 0.3031548397834638, -0.16986690932787166, 0.509460910460606, 0.6673902256575396, 0.6590155748625877, 0.06867921015018642, 0.23988610872026733, 0.24770317391235508, -0.35934386115958294, -0.2728171171168715, 0.7175511815965371, 0.15649559472070024], [-0.5291526780087867, 0.008341420742712574, 0.3581740536204777, -0.42498771350341324, -0.7834204450021894, -0.7482946870907715, -0.035582689019562797, -0.08350395938405775, -0.47471249390928627, -0.13108043727595386, -0.2413397976504482, 0.41399145983954366, 0.586741269332294, 0.26129329166850007, 0.574886707932759, 0.33863590259863713, -0.07728693759946366]], "inverted": false, "swapped": false, "error_lsq": 0.030937001644121838, "error_max": 0.19237471324675812, "target": "178.xyz", "model": "5.xyz", "model_rescale": 4.2253639853439635, "target_rescale": 4.165010982773084},
{"mapping": [14, 0, 7, 11, 6, 8, 15, 12, 4, 3, 5, 9, 2, 16], "R": [[0.4831552062895492, -0.4029891900223189, 0.7772777877698928], [0.7699385025750332, -0.2271035419336357, -0.5963377260359379], [0.41684019586385757, 0.8865797730415199, 0.20055063486767655]], "T": [0.2190466903108511, 0.04751396498363239, -0.08982322955349262], "aligned_model": [[0.6084136055521633, -0.25630614759545767, -0.3917553530065744, 0.24316083245184378, -0.2208032098133863, -0.4759642664497513, 0.09826224162125916, 0.7387945194055998, -0.2565818277719015, 0.20719438058858708, -0.7361010856853938, 0.08974893489789332, 0.6100358090834486, 0.11596371947945369], [-0.291309725467072, 0.1146821308307838, -0.4642473064007474, -0.6809567345684227, -0.4024607025357202, 0.13562877869539766, -0.2828510390325043, -0.4083522158256613, 0.6490278031257695, 0.5574090821910535, 0.03355868660857289, 0.318009436864056, 0.13756411833670126, 0.029396833812784087], [-0.36897625380190957, -0.5538235076960134, 0.18182102039345857, -0.11569290778537551, -0.41326418935540055, 0.30316499432274524, 0.5305313934200069, 0.33820012492605145, 0.03910831509344409, -0.4251248460566358, -0.2273740709528526, 0.711963266860969, 0.4899516532822039, -0.018926783719243417]], "inverted": false, "swapped": true, "error_lsq": 0.03670202684252944, "error_max": 0.21099302117000837, "target": "178.xyz", "model": "6.xyz", "model_rescale": 3.89814844738969, "target_rescale": 4.165010982773084},
{"mapping": [8, 9, 10, 7, 3, 2, 15, 0, 11, 12, 13, 14, 16], "R": [[0.32506150980833215, -0.6291733370547122, -0.7060282761905258], [0.8289244934376193, -0.16980419177658104, 0.5329640894415761], [-0.4552133554942276, -0.7584902427813689, 0.46634038275185474]], "T": [0.06542449272427607, 0.038208895244300906, 0.10536534762081413], "aligned_model": [[0.011591062183424136, -0.14860730577345221, 0.3882273367641148, -0.4200344546493424, 0.6712961191938828, -0.24222162868372632, -0.5366910268255413, 0.4474478793273179, -0.516437403543002, -0.6189219210049145, 0.19487369068942573, -0.10682854025315967, 0.02493799347919598], [-0.42535657624998247, 0.26314641037178266, 0.46249915446207, -0.6029442653443996, 0.10955407221908564, 0.590867444575685, 0.0002130386435840459, -0.4975752064535499, -0.20979300031290699, 0.462815785547806, 0.67208666760986, 0.17620239374972904, -0.03793465334827771], [-0.54843371165706, -0.6923443735280015, -0.4156132507940605, -0.14367595140599193, 0.12511679791827496, -0.2061516305973437, -0.2748753566269752, 0.21833290748362866, 0.4684797726732437, 0.21732403355924412, 0.19210633267764082, 0.6490759193798283, 0.01293354175386792]], "inverted": false, "swapped": true, "error_lsq": 0.04206658635833035, "error_max": 0.23787134069848276, "target": "178.xyz", "model": "7.xyz", "model_rescale": 3.7474275329858107, "target_rescale": 4.165010982773084},
{"mapping": [14, 1, 3, 13, 4, 2, 12, 15, 10, 9, 11, 7, 6, 5, 16], "R": [[0.1288229788983396, -0.14386683426369934, -0.9811763216194628], [-0.9910385344879296, -0.05391381329398015, -0.12221261758148838], [-0.03531661461373703, 0.9881273373078205, -0.14952291462241377]], "T": [0.0048016672704758855, -0.06043715439732861, -0.09758733584577117], "aligned_model": [[-0.41271921068091644, 0.09483436653438033, 0.4687373423830447, -0.17199790216513744, 0.7067345223455246, -0.33871983244159315, -0.7717762290749325, -0.3223493946883234, 0.31703535586927717, 0.06481901972504536, -0.5259812127050745, -0.04323385394724552, 0.05228659637975283, 0.64563497408497, 0.03884918071997467], [0.08979471343503018, 0.14498334073844127, -0.2367990907365912, -0.6050557412277411, -0.2682066854886991, -0.6187759060194047, -0.24611560467754628, -0.07092219591717261, -0.7245727782648159, -0.5616236898142948, 0.43264811697295286, 0.4918524374929489, 0.6444474383382344, 0.5431217045079546, -0.025658097359703952], [-0.48156806609731184, -0.7832227400887499, -0.4528630577799529, -0.4109794716242539, 0.16468507370465868, 0.1619723943846752, 0.05605529054272229, 0.5359992989027694, 0.03309011824538946, 0.593757201860503, -0.013582921131817638, 0.5360041168506436, -0.059612568466109774, 0.2979776202220321, 0.019082366171063236]], "inverted": false, "swapped": true, "error_lsq": 0.041237535944523125, "error_max": 0.2945290881016046, "target": "178.xyz", "model": "8.xyz", "model_rescale": 4.019505241142653, "target_rescale": 4.165010982773084},
{"mapping": [14, 6, 15, 2, 13, 10, 8, 1, 3, 0, 5, 4, 16], "R": [[-0.955922769796519, -0.23999796399071996, 0.16915269866265895], [0.29059304889644677, -0.6908182303532806, 0.662061819277195], [-0.04203972071289899, 0.6820345664934226, 0.7301106162702408]], "T": [-0.015823439216131205, -0.18890437293472895, -0.07977593027582602], "aligned_model": [[-0.35108860656235574, -0.6573760692826065, 0.05562966279585321, 0.48070511124774085, 0.3792352587093366, 0.7175872645629627, 0.1175962063685594, -0.34271185693295403, 0.18675692745202083, -0.3422228485079945, -0.3293360700085115, 0.41808029961673765, -0.013154507717612802], [-0.6572385120809976, 0.09929566097163434, 0.14158203445311035, -0.344693297564923, -0.7083563531966012, -0.14558270979217375, 0.601977674854493, -0.6175443431589465, -0.29083282824266055, 0.08937186366252037, 0.6531124545285634, 0.3098098864360879, -0.06752330275604822], [-0.19200293467600923, -0.0028984053599435955, -0.7076636319495948, -0.5554960637802251, -0.09320682886922566, 0.04621840800345578, -0.1239231745265098, 0.3996102528779818, 0.4869095793911136, 0.43188206378307953, 0.2725587832524653, 0.32970711066995073, -0.11499166477265971]], "inverted": true, "swapped": true, "error_lsq": 0.04625652186906152, "error_max": 0.24917344144946915, "target": "178.xyz", "model": "9.xyz", "model_rescale": 3.877068213659057, "target_rescale": 4.165010982773084},
{"mapping": [10, 9, 7, 12, 15, 2, 14, 8, 4, 0, 1, 3, 13, 11, 6, 16], "R": [[-0.4329437690541727, 0.5494049927487095, -0.7146424608011741], [0.07661348674124954, 0.8123540338849363, 0.578110108266773], [0.8981592656575534, 0.19553791850600785, -0.393795449364035]], "T": [0.05211249929591437, 0.09578245197298701, -0.03175495610454843], "aligned_model": [[0.11165582729736954, -0.19767463741197566, -0.6108816559834845, 0.48015587336993776, -0.17884567910537502, 0.3458495642119932, 0.4708139621482716, -0.6945699816752136, -0.41872540018869453, -0.3386961543662768, 0.35709167216269005, 0.11146841255626504, 0.6257723569270824, 0.05684500707814781, -0.3431610610088885, -0.06168958069475396], [0.08661721552900661, -0.4524839096974756, -0.28356889508252126, -0.572791473314127, -0.578892290314786, -0.42733643624136325, 0.11687265425226534, -0.0934260792366538, 0.3423438199140747, 0.6057438285929346, 0.6848362456383759, 0.6285178098476858, 0.09652148113962891, -0.22815749145872993, 0.2348941662314735, 0.04210823133376067], [-0.7747308579513406, -0.6398319896217887, 0.32222334703205374, 0.14415282931662976, -0.025267343530670096, -0.4021407028234235, 0.37882851557365044, -0.25959173725816026, -0.5993674050017397, 0.14983835793487849, 0.25179875414434466, -0.3236977516287561, -0.3431966765275699, 0.6216674253826673, 0.5383028778088742, -0.04395331573960831]], "inverted": true, "swapped": true, "error_lsq": 0.03858093364097892, "error_max": 0.2637226412184892, "target": "178.xyz", "model": "10.xyz", "model_rescale": 4.260839863003843, "target_rescale": 4.165010982773084},
{"mapping": [11, 14, 13, 12, 9, 15, 7, 6, 3, 4, 8, 16], "R": [[-0.8322073698613438, -0.4606907518939114, -0.3085367476782744], [-0.32064013489023085, 0.8538406354770394, -0.4100561828649096], [0.4523503039084192, -0.24232251304323366, -0.858288414361031]], "T": [0.047162756126912175, -0.15742445612429787, 0.0397297904510702], "aligned_model": [[0.31381948666432063, 0.2169521701255697, -0.36336617411714106, -0.37923413241332504, -0.6443261462557197, -0.28835957657586125, 0.2840576386139589, 0.6706154324084552, 0.14703316505777528, -0.05300825063407569, 0.012078539467301252, 0.0426364967528722], [-0.04817822238695338, -0.5603799229293506, -0.6619943299233606, -0.26137045536031533, 0.32907249625193213, 0.3418568899951451, 0.5894717710244459, 0.11554885040924726, -0.4292334799977713, 0.18323121559344394, 0.6062656472309341, -0.031211954374463363], [-0.6302550904844498, -0.3515922578775688, 0.09411143743462488, -0.6447676129920018, 0.17356218154352024, -0.3433011206295758, -0.2681600828175402, -0.15353563554012348, 0.5770438864771048, 0.7315276009608679, 0.28628752871292984, 0.04525724260771685]], "inverted": false, "swapped": true, "error_lsq": 0.04452916353330197, "error_max": 0.23953192888723343, "target": "178.xyz", "model": "11.xyz", "model_rescale": 3.890672605050136, "target_rescale": 4.165010982773084},
{"mapping": [3, 1, 14, 10, 13, 8, 0, 9, 4, 7, 12, 11, 15, 16], "R": [[-0.8432005317587246, 0.40051113650039294, -0.3586135702688447], [0.4550976582836387, 0.17668262415219765, -0.8727367138762077], [-0.28617998648849025, -0.8990962572838666, -0.33125056297550753]], "T": [0.12438753350041334, 0.050294731438350816, 0.008217604264362827], "aligned_model": [[0.3598016711543295, 0.2599762315916131, 0.2569934505334631, 0.5735635660664838, 0.7745850777289714, -0.3914394190259828, -0.2748399065854559, 0.2119423391441778, 0.04666684661542794, -0.6440824774488767, 0.35420608126228603, -0.24034727443694995, -0.10947883404763017, 0.03232848224183649], [-0.32211879587684444, 0.241057593412534, 0.5858244250586558, -0.5002370170987123, 0.1054006856122123, -0.45836139026775446, -0.17779488568863933, -0.3802574757522319, -0.723411454806284, 0.10535833683607407, 0.6309612268345008, 0.672652961640106, 0.1544799206754971, -0.0014016107513484602], [-0.4142146746782628, -0.6741493129813038, -0.19167766046437773, 0.23360235488992134, 0.02520615733144599, 0.3552560739134524, -0.47589056419237297, 0.7428646273899039, 0.00993809606439372, 0.3476158587842447, 0.5289532654815047, 0.11573060528243037, 0.6738163915543689, 0.07773921698151229]], "inverted": true, "swapped": true, "error_lsq": 0.046252980083002215, "error_max": 0.28394375217668827, "target": "178.xyz", "model": "12.xyz", "model_rescale": 4.124412569039231, "target_rescale": 4.165010982773084},
{"mapping": [14, 13, 9, 1, 12, 11, 3, 6, 4, 0, 7, 8, 16], "R": [[0.11405188983403952, -0.9763659384816109, -0.18358028379487726], [-0.7994950301412055, -0.1998947333041996, 0.5664360443834381], [-0.5897455919333331, 0.08216842319386741, -0.803398087516417]], "T": [0.05407100834596396, 0.13455496915420287, 0.08479587543004158], "aligned_model": [[-0.16170020414763175, -0.20233404054715037, 0.665724737807573, -0.6137433843823661, 0.4520295388138213, 0.3298264120434149, -0.4426124526890716, 0.10065117426743767, 0.0577292708601202, -0.22534949754784067, 0.6875711480103239, 0.5657028618108403, 0.15380274321028714], [-0.3362631455639743, 0.34325968595724454, 0.7157666104142703, -0.13361648977836368, -0.1794075203485815, -0.5403736728615608, 0.46603398262378515, -0.3431862357759976, 0.7958693416949523, 0.07534596379062888, -0.1401028376171015, 0.4640463056087313, 0.16011338836444397], [0.3606719083768567, 0.647628813101474, 0.2290873824382611, 0.034722131922361274, 0.7205728299096412, 0.10351959640880654, -0.04164733312950847, -0.4349663969412813, -0.32424525414195887, -0.5186828861640143, -0.39687828389735497, -0.4395251142696381, 0.011440687354193721]], "inverted": true, "swapped": true, "error_lsq": 0.04227595294372261, "error_max": 0.2405257633004429, "target": "178.xyz", "model": "13.xyz", "model_rescale": 3.9028299243045295, "target_rescale": 4.165010982773084},
{"mapping": [5, 15, 7, 6, 0, 4, 11, 1, 8, 14, 3, 2, 9, 10, 13, 16], "R": [[0.6783070174071194, 0.42652615381912207, -0.5983101455303301], [0.5247487748057091, 0.2887806066116293, 0.8007774251219418], [0.5143328819705826, -0.8571354626622832, -0.027937164683422798]], "T": [-0.10068597306202959, 0.1014228385903071, 0.17808130247706927], "aligned_model": [[0.10933893007222595, 0.01380774819182587, -0.1651773556335387, -0.4915928929699474, -0.1521431848989454, 0.5866176582350329, -0.6919334607527257, -0.5071649743899741, 0.3957098406219991, -0.6370998738139937, 0.12044483957309193, 0.1624539884778083, 0.5845607630798244, 0.5675304452825765, -0.022878833367692558, -0.04463436612697061], [-0.7095473844288712, 0.449776391433089, -0.1187598751775304, -0.37559430342300726, -0.563798332196618, -0.26160619203323177, 0.20462793673131108, -0.19794715729856516, -0.1890650355685365, 0.26694579839943094, -0.19153983399447932, 0.754253127353321, 0.4750090823723945, 0.3041722411653565, 0.5346386627192965, 0.07068715606774006], [-0.30112543286211746, -0.4335646467318494, -0.6319370724199367, -0.16862551418448285, 0.20259844774384497, 0.20018037995851845, -0.23628014387867402, 0.6933984876658965, -0.38267906135207513, 0.34895194272370833, 0.6657643122310006, 0.1369666992436413, -0.1735115369820795, 0.4388917666148873, 0.6601105779141523, 0.06902090393989767]], "inverted": false, "swapped": true, "error_lsq": 0.03851554619326789, "error_max": 0.23699301537431605, "target": "178.xyz", "model": "14.xyz", "model_rescale": 3.942246331269136, "target_rescale": 4.165010982773084},
{"mapping": [6, 1, 0, 13, 2, 3, 8, 5, 7, 4, 9, 15, 14, 12, 16], "R": [[0.976051852969261, 0.17530238058219513, -0.1288093772886415], [-0.21242572771907794, 0.6404497794681292, -0.738037526269664], [-0.04688379803612897, 0.7477253207839362, 0.6623509297496815]], "T": [-0.0607124321698944, -0.1376303301331807, -0.07870306615167885], "aligned_model": [[-0.7213416100361418, -0.3460331586357246, -0.3996556630215899, 0.3730383034087491, 0.43892619365952745, 0.15790481916604615, 0.01051016903529206, -0.43283107943383514, -0.5022559857753837, 0.3396689881631093, 0.543792446370207, -0.024754388348494402, -0.36049673556870465, -0.034203130461933656, -0.06797513198891332], [0.10722225876452457, -0.5432195684397196, 0.16164171347251172, -0.6247667188586106, -0.2991097777860658, -0.17076812333262736, 0.6535103398332327, 0.707456094996919, 0.45597782900175354, 0.4283685032841108, 0.28424094216008267, 0.13740449488538597, -0.6383448752989298, -0.5412665741798408, -0.020201848621075574], [-0.1433210945020567, -0.6026198793280981, -0.5699482913712991, -0.10401238866543483, 0.39183499548588463, -0.6476222747459501, 0.040745566828397, -0.35937886520470275, 0.3230903847865012, -0.43084617160387606, 0.35643573599092504, 0.578284484171741, -0.017475502609151372, 0.6266555745759573, -0.03245979344832133]], "inverted": false, "swapped": true, "error_lsq": 0.04040575377987113, "error_max": 0.23807722030178635, "target": "178.xyz", "model": "15.xyz", "model_rescale": 4.355366556412066, "target_rescale": 4.165010982773084},
{"mapping": [13, 2, 10, 6, 3, 14, 8, 11, 9, 12, 15, 16], "R": [[0.4813076081723366, 0.8063508442393204, 0.34371689267471295], [-0.8365086026249533, 0.5396989309663698, -0.09475453365515434], [-0.26190903773996177, -0.2419160596328676, 0.9342806195366755]], "T": [-0.23243729132629912, -0.016024506073030517, -0.0730553282955661], "aligned_model": [[-0.08520068484631971, 0.40507649350521246, 0.11414395706390243, -0.6198350434554681, -0.5735310263872999, -0.4332696354442399, 0.03143886829949408, -0.2409284271545717, 0.5295508811061075, 0.2877496779258395, 0.36295369021539314, -0.1803401961962694], [-0.6224652089642148, -0.2875937370141076, -0.508427706163832, 0.5735082040931617, -0.4070202213874137, -0.07707595994954583, 0.4481893618023432, 0.48164567573151346, -0.02937561053320639, -0.006266306786549974, 0.37128796063485053, 0.07636997627798227], [0.11834263206629056, 0.05712440453755413, -0.5124448217956321, -0.018894864713686066, -0.39451776208102823, 0.4749169231714803, -0.6731545299043296, 0.4600230739717322, -0.4628540824983393, 0.5518175125298592, -0.009271244074654517, -0.14182877999982552]], "inverted": false, "swapped": true, "error_lsq": 0.04335322957122625, "error_max": 0.21339900737922327, "target": "178.xyz", "model": "16.xyz", "model_rescale": 3.795458400668931, "target_rescale": 4.165010982773084},
{"mapping": [8, 9, 10, 7, 3, 2, 15, 0, 11, 12, 13, 14, 16], "R": [[0.32506150980833215, -0.6291733370547122, -0.7060282761905258], [0.8289244934376193, -0.16980419177658104, 0.5329640894415761], [-0.4552133554942276, -0.7584902427813689, 0.46634038275185474]], "T": [0.06542449272427607, 0.038208895244300906, 0.10536534762081413], "aligned_model": [[0.011591062183424136, -0.14860730577345221, 0.3882273367641148, -0.4200344546493424, 0.6712961191938828, -0.24222162868372632, -0.5366910268255413, 0.4474478793273179, -0.516437403543002, -0.6189219210049145, 0.19487369068942573, -0.10682854025315967, 0.02493799347919598], [-0.42535657624998247, 0.26314641037178266, 0.46249915446207, -0.6029442653443996, 0.10955407221908564, 0.590867444575685, 0.0002130386435840459, -0.4975752064535499, -0.20979300031290699, 0.462815785547806, 0.67208666760986, 0.17620239374972904, -0.03793465334827771], [-0.54843371165706, -0.6923443735280015, -0.4156132507940605, -0.14367595140599193, 0.12511679791827496, -0.2061516305973437, -0.2748753566269752, 0.21833290748362866, 0.4684797726732437, 0.21732403355924412, 0.19210633267764082, 0.6490759193798283, 0.01293354175386792]], "inverted": false, "swapped": true, "error_lsq": 0.04206658635833035, "error_max": 0.23787134069848276, "target": "178.xyz", "model": "17.xyz", "model_rescale": 3.7474275329858107, "target_rescale": 4.165010982773084},
{"mapping": [14, 0, 6, 3, 12, 2, 11, 8, 13, 15, 10, 4, 9, 16], "R": [[0.9366448104841358, -0.06584745551663804, -0.3440357708075162], [0.2795651880915103, -0.4512313273793666, 0.8474866339941965], [-0.21104455596033717, -0.8899743826613434, -0.40423482483089557]], "T": [0.07722356746374415, -0.09653158218838102, -0.1063072283625717], "aligned_model": [[0.3871654566310882, 0.23667533318884404, 0.6789589525969314, -0.31201602139399615, 0.28371024696572755, -0.24281175976832892, 0.7646154763130563, 0.03801804086022456, -0.33543538647125104, 0.25056635844901765, -0.6489062365140602, -0.42220635560961134, -0.360933010579954, 0.09744655321518822], [-0.5717004645174631, 0.32716080356666183, 0.21143451206872843, -0.027353976069703287, -0.640567794753572, -0.3952637789007715, -0.25970383714601397, 0.6427155446197347, -0.6022927680252818, 0.029757917501180106, -0.028933195524773234, 0.4950373482698734, 0.17142621229741556, 0.008691718125218281], [-0.25625741158258597, -0.5970495617571304, -0.3151866232120132, -0.5713531219095306, 0.46162201304012696, 0.4463743253873964, 0.07476588137329612, 0.20549528398752734, -0.10572905909653586, 0.5738199775702741, 0.047993018199933984, -0.1789755182182205, 0.5785027665897242, -0.03922725171060748]], "inverted": true, "swapped": true, "error_lsq": 0.040671830249392714, "error_max": 0.26025119483370873, "target": "178.xyz", "model": "18.xyz", "model_rescale": 3.922800546911778, "target_rescale": 4.165010982773084},
{"mapping": [11, 7, 15, 14, 4, 6, 8, 13, 0, 2, 9, 10, 1, 3, 16], "R": [[0.8768616245851141, 0.4019934924438395, 0.2636568287808215], [-0.08195149822344551, -0.41541716474769086, 0.9059318579076037], [0.4737062837549099, -0.815983952823703, -0.3313194009793542]], "T": [0.05056184009548681, 0.149459706863582, 0.057464184969501515], "aligned_model": [[-0.26900069513791824, -0.24229027730293523, 0.3339110481861446, -0.12858983459926415, 0.18513998014303149, -0.5972304251027741, 0.06834518766203976, 0.4867543188793059, -0.5020827986206253, 0.7206137946804851, 0.7268410393039128, 0.6426405754611989, -0.3814346076376488, 0.0027690214870097346, 0.049664509485655504], [0.5460223025164139, -0.15819968257936445, 0.08016536258632462, 0.7074931284238369, -0.5808841428269256, 0.0839594013827635, -0.560383817759067, 0.4719684819817651, -0.17776976990348475, 0.3009169789540251, -0.2728090053682487, -0.17896114738651925, 0.44473602528706035, -0.04590928441001477, 0.05726667413601377], [-0.4645877147618995, -0.6694145332234271, -0.5932902213113976, 0.08641028519091534, 0.2880098709749399, -0.2193644292618645, -0.31810221078332557, 0.4205156070377388, 0.23987283048357297, -0.10131713878229925, -0.25411706460001465, 0.36927360403023174, 0.5540428184549057, 0.6337518610181375, -0.029024397302884468]], "inverted": false, "swapped": true, "error_lsq": 0.035380808542535586, "error_max": 0.2507191694622732, "target": "178.xyz", "model": "19.xyz", "model_rescale": 3.9282355846067225, "target_rescale": 4.165010982773084},
{"mapping": [11, 15, 9, 12, 14, 2, 13, 10, 1, 0, 8, 6, 4, 16], "R": [[0.7649481915929818, 0.24455864142076494, -0.5958568075343746], [0.2294456102456095, -0.9678886526500879, -0.1026950242719564], [-0.6018379982334507, -0.058160355721294854, -0.796497581229677]], "T": [-0.07127360352816382, 0.0004918716462061906, 0.06832842800904766], "aligned_model": [[-0.7341045757382794, -0.08350224774722745, 0.5276596676243059, -0.3981408885084118, -0.5633854552182039, 0.17493730824333403, 0.09936517946348543, 0.634615063833552, -0.3646605786370708, -0.11336533137589612, 0.3041136381252906, -0.5213007421771426, 0.6083577361021008, -0.03806595490516038], [-0.3025253953478528, -0.6873574843346049, -0.55799468173178, -0.324475205665883, 0.2279593987223652, -0.24765273585805636, 0.338872827390927, 0.0686536558080297, 0.6421163446585171, 0.19441389130656833, -0.5595698670141995, -0.13740521495690683, -0.0254298779876906, -0.1067235675645973], [0.04083423969002804, -0.11951060123080588, -0.1809084113582488, -0.6015297281010034, -0.1562132126598137, -0.5439826665955109, -0.4631439213845882, -0.16127505773059658, 0.21879933143599734, 0.7058162144511311, 0.5049741221486348, 0.5965510690533514, 0.445282049802784, 0.1264897297223237]], "inverted": false, "swapped": true, "error_lsq": 0.04118932563183508, "error_max": 0.24463360224003255, "target": "178.xyz", "model": "20.xyz", "model_rescale": 4.067790424073018, "target_rescale": 4.165010982773084},
{"mapping": [4, 1, 8, 9, 5, 6, 7, 3, 0, 13, 14, 15, 2, 11, 16], "R": [[-0.9045830156749473, 0.17769333013545982, -0.38749793312711817], [0.2033168112688948, 0.9787731591938906, -0.025794904478587212], [0.3746889937106062, -0.10211847661898074, -0.9215096172721975]], "T": [0.18446587195018277, 0.12385766647968506, 0.059170905169308674], "aligned_model": [[0.14181357751217064, 0.15312928643426427, -0.21701710588269357, 0.45487915247169786, -0.6370098060038512, -0.4954628619280124, -0.4882747128517792, 0.3330807466791723, -0.30445082883525426, 0.8185715495328565, 0.24546195710134344, 0.1039606089217752, 0.7189858939683398, -0.1721175738714384, 0.11289407065892476], [-0.11841058373798062, 0.8443174157529367, -0.46379568407614563, -0.6629737961671566, -0.04860464034604571, 0.2685022342416704, -0.3524198844247839, 0.46343107018697, 0.41647432119647726, 0.2733636948703489, 0.4943848786579967, -0.5186628525905163, -0.2971994445047958, 0.11930611200955647, 0.023182298859315942], [-0.6784954181848004, 0.040325683087062095, -0.3132792963464096, -0.14212540081230532, -0.4171238785613949, 0.19082976886551245, 0.23048679352673984, -0.4257664148332655, -0.28882923017639145, 0.09966856897650828, 0.5100850449717858, 0.35792843623239223, 0.24388606761067658, 0.6953688474221595, 0.032290001842870904]], "inverted": true, "swapped": true, "error_lsq": 0.04232082564836818, "error_max": 0.26983210389111617, "target": "178.xyz", "model": "21.xyz", "model_rescale": 4.186013935880536, "target_rescale": 4.165010982773084},
{"mapping": [9, 8, 10, 12, 11, 2, 15, 7, 3, 0, 6, 14, 16], "R": [[-0.7755580053286296, 0.3958821336735543, -0.4917185339284579], [-0.02694893279320562, 0.7574548550844218, 0.6523311256795473], [0.6307008287547949, 0.5191719163698209, -0.5767815755213608]], "T": [0.1102597917089594, 0.12459492661390864, 0.07372019126125663], "aligned_model": [[0.15514811840858914, -0.4641151833930388, 0.4804867767915681, 0.43741473557158894, -0.1563528437891909, 0.5451613712173697, -0.08654005971837457, -0.6317829736373065, 0.27641980204309846, -0.33183295484951025, -0.4929830473709843, 0.31386809786218545, 0.01368219628723051], [-0.3279503988067388, -0.0038476041019723795, 0.2120331013682707, -0.577359211769809, -0.2833000214168213, -0.3555059432725823, -0.5355884109729325, -0.27274013223647936, 0.6887480511358952, 0.6204945252821263, 0.20172783863165478, 0.07481927885977921, 0.07742558684570251], [-0.6514936132552097, -0.4729425007143586, -0.5673173624794621, 0.32148177614981444, 0.6163616070899935, -0.2046396599385063, -0.11066407167704755, 0.057388659043907025, -0.08962846923273647, 0.14009588414862395, 0.4352555028263443, 0.621808269400417, 0.0071735399735661926]], "inverted": true, "swapped": true, "error_lsq": 0.03764120820182387, "error_max": 0.1953319590081266, "target": "178.xyz", "model": "22.xyz", "model_rescale": 4.166573947596378, "target_rescale": 4.165010982773084},
{"mapping": [8, 7, 6, 0, 5, 15, 11, 9, 4, 3, 10, 1, 14, 2, 13, 16], "R": [[0.24791589072375209, 0.8952816515048706, -0.37014655962923676], [-0.04307277528526304, -0.37151023266774774, -0.9274291795346863], [-0.9678235619966451, 0.2458676707130636, -0.0535410248525246]], "T": [0.05612424266628642, 0.11449824426767878, 0.049400022381902435], "aligned_model": [[-0.653060146937501, -0.38374162661625283, 0.1834374844147964, 0.17260932925508832, -0.33278542408985884, -0.4493809912057339, 0.24189418247346, -0.7283263835988874, -0.42672771153206307, 0.21955320372547193, -0.31390818788318403, 0.7217331027129126, 0.5622618511622237, -0.23297697277709062, 0.25959194771222527, -0.052940415794849385], [-0.14057966120829873, 0.2070399419202973, -0.04647135104346552, -0.4549449495028573, -0.5158435618061807, 0.573477495640843, 0.5551682682805359, 0.3021186510907002, -0.46177159166373666, -0.3794562348538045, -0.03800211964814877, -0.16348275753671287, 0.40085184136741364, 0.6007442399813036, 0.30862420430230497, 0.10223502230148548], [-0.22851535718252303, -0.6624450343367827, -0.627681448629441, -0.27913279910782274, -0.5693412291715553, -0.15644526540809553, -0.5012539085124701, 0.3360759606658122, 0.2479744276247238, 0.3685561425962615, 0.6782579073931414, 0.05892800082750755, -0.0290909805181959, 0.47023936793582893, 0.6384654926698375, -0.013330743682133113]], "inverted": true, "swapped": true, "error_lsq": 0.031848420929488065, "error_max": 0.2346900046746674, "target": "178.xyz", "model": "23.xyz", "model_rescale": 4.274766983524099, "target_rescale": 4.165010982773084},
{"mapping": [0, 11, 7, 8, 15, 9, 10, 2, 13, 12, 16], "R": [[-0.04300338364264106, 0.944723881847157, -0.3250346074849924], [0.6426561360305285, -0.22293774455250315, -0.7330019460248071], [-0.7649469261442883, -0.24040704881821193, -0.5975455221662389]], "T": [0.18834454097350387, 0.01778788827301006, -0.10322906883352861], "aligned_model": [[0.23108661976934788, 0.1844227167070087, -0.44369435821306746, -0.5580364113811885, -0.37648177443206277, -0.48658985947993116, 0.02525609305159668, 0.011532885452707115, 0.5450857118855758, 0.18086240191807204, 0.06645067868001597], [-0.16435591423136783, 0.7356474364586982, 0.4380035193718308, -0.1563555832242163, 0.36955304476827633, -0.20833726868366592, -0.580713895876253, 0.04005323283803611, -0.16808375827922953, 0.5866064536432931, 0.02356926445808146], [-0.7441384938185609, -0.23200243790469915, -0.46752975073542663, -0.3437154921824249, 0.1532904923497383, 0.37224781196205814, 0.3100993389951489, 0.5789456366400951, 0.4108425133666705, 0.4777573595101339, -0.13623054416115582]], "inverted": true, "swapped": true, "error_lsq": 0.04716589383415321, "error_max": 0.214242357646271, "target": "178.xyz", "model": "24.xyz", "model_rescale": 3.7841303162186577, "target_rescale": 4.165010982773084},
{"mapping": [5, 4, 9, 13, 10, 2, 3, 0, 8, 15, 6, 1, 12, 14, 11, 16], "R": [[-0.016327731775867937, 0.9359033963943433, 0.3518781575951938], [0.9395866041004035, 0.13470866651874974, -0.31469125910932455], [-0.3419216556027521, 0.32548180868102755, -0.8815617809589978]], "T": [0.06071209964994467, -0.011808428130646857, 0.16115830659319424], "aligned_model": [[0.07100823052492655, 0.15409009743372307, -0.5524654336901487, 0.20692003288539218, 0.04583560860911061, -0.37454713428985803, 0.5807697814254957, 0.451497979367244, -0.3296252018589073, -0.6507517046286782, 0.10493129189372921, 0.7183745954682352, -0.4620427078249995, 0.2061965699229251, -0.2303363106685397, -0.022013146096871716], [0.21022049206244217, -0.5254363130221018, -0.5891077584191613, -0.3833229919993727, -0.7568668837955627, -0.4114557855304902, -0.30872261815289703, 0.21062792392174431, -0.15766163416951978, 0.01990278596858839, 0.5974958581503506, 0.23688650729530167, 0.11723337112169849, 0.35119536432885606, 0.6374546158709756, -0.011630465262890768], [-0.778000575620921, -0.4151503548781987, 0.007906580499779575, 0.6775712157405374, 0.14357456836322988, 0.5458033700973126, 0.04307929399140353, -0.3323765013225086, -0.5255787812774966, 0.12396380067947843, -0.19570600975539293, 0.32249722005657006, 0.7704459217158297, 0.5986477515077151, 0.3213725842144718, 0.06556993180544288]], "inverted": true, "swapped": true, "error_lsq": 0.039363595758762124, "error_max": 0.2555503917922609, "target": "178.xyz", "model": "25.xyz", "model_rescale": 4.19342608120988, "target_rescale": 4.165010982773084},
{"mapping": [13, 2, 10, 6, 3, 14, 8, 11, 9, 12, 15, 16], "R": [[0.4813076081723366, 0.8063508442393204, 0.34371689267471295], [-0.8365086026249533, 0.5396989309663698, -0.09475453365515434], [-0.26190903773996177, -0.2419160596328676, 0.9342806195366755]], "T": [-0.23243729132629912, -0.016024506073030517, -0.0730553282955661], "aligned_model": [[-0.08520068484631971, 0.40507649350521246, 0.11414395706390243, -0.6198350434554681, -0.5735310263872999, -0.4332696354442399, 0.03143886829949408, -0.2409284271545717, 0.5295508811061075, 0.2877496779258395, 0.36295369021539314, -0.1803401961962694], [-0.6224652089642148, -0.2875937370141076, -0.508427706163832, 0.5735082040931617, -0.4070202213874137, -0.07707595994954583, 0.4481893618023432, 0.48164567573151346, -0.02937561053320639, -0.006266306786549974, 0.37128796063485053, 0.07636997627798227], [0.11834263206629056, 0.05712440453755413, -0.5124448217956321, -0.018894864713686066, -0.39451776208102823, 0.4749169231714803, -0.6731545299043296, 0.4600230739717322, -0.4628540824983393, 0.5518175125298592, -0.009271244074654517, -0.14182877999982552]], "inverted": false, "swapped": true, "error_lsq": 0.04335322957122625, "error_max": 0.21339900737922327, "target": "178.xyz", "model": "26.xyz", "model_rescale": 3.795458400668931, "target_rescale": 4.165010982773084},
