[{"mapping": [2, 9, 7, 0, 1, 11, 5, 3, 6, 12, 13], "R": [[0.32512086509855176, -0.03596482192833468, -0.9449883357276071], [-0.23243264729074847, -0.9716620328500943, -0.042987886561646364], [-0.916663235627449, 0.23362239939972712, -0.32426699947378324]], "T": [-0.01977399037429256, 0.010656038668745534, -0.06453547914325265], "aligned_model": [[-0.5132423343311765, -0.5820913701845363, -0.6489312270039165, -0.22065402208818197, 0.3986363216552668, 0.10893096019251591, 0.5912656575611666, 0.04826541720277147, -0.14981995117858157, 0.06992300475816793, -0.1292720720887438], [0.5483372027726986, -0.010856737617275927, -0.40811188423071093, 0.6413426002622817, 0.33589730170278287, -0.673982631749522, -0.24706796900568584, 0.3747475380079916, -0.0008457189465897533, -0.010579017298725474, -0.10800235381769514], [0.17763430569782196, -0.5336618337472507, -0.07828614540054211, -0.46113869202052665, -0.292997828405276, -0.10656841278799072, 0.29962127963068175, 0.3042575860344895, 0.6887918347369097, -0.6360451723557752, -0.08621999548068507]], "inverted": false, "swapped": false, "error_lsq": 0.04922257039242319, "error_max": 0.23123993393046363, "target": "179.xyz", "model": "0.xyz", "model_rescale": 3.8414455957264533, "target_rescale": 3.774724536131593},
{"mapping": [9, 2, 6, 7, 0, 10, 11, 13, 8, 4, 14], "R": [[-0.7395241761744403, 0.5176791852537969, -0.4302467361973597], [-0.41678836271777836, 0.14975796920415518, 0.8965824063424851], [0.5285749270978988, 0.8423661981672891, 0.10501302123374345]], "T": [-0.050900082599143255, -0.05089781621905992, -0.12709600318284386], "aligned_model": [[-0.4664163221253027, -0.5911693379857585, -0.7703179924129874, -0.18651036436737048, 0.42921787911899195, -0.12070327450867935, 0.7165987144285082, 0.18836892832296126, -0.26205059479077997, 0.023757074453723902, 0.01223567436144559], [0.4285104059961908, -0.03344612894613622, -0.3506897487012052, 0.5326576977628268, 0.4380211830004696, -0.6953772550927813, -0.09596473007551504, 0.42245324786226757, -0.12451702364661821, 0.03291887885049043, -0.11368819693043998], [0.12394919425358081, -0.6294995241833947, -0.07620551250587118, -0.3595348461398671, -0.36365957718561326, 0.09234662640093552, 0.2405722874903341, 0.41469372649534286, 0.6307285616073974, -0.6592785896854393, -0.13872542064554902]], "inverted": false, "swapped": false, "error_lsq": 0.04837908124522459, "error_max": 0.2158588620497641, "target": "179.xyz", "model": "1.xyz", "model_rescale": 4.316132596720782, "target_rescale": 3.774724536131593},
{"mapping": [0, 2, 1, 4, 3, 10, 7, 5, 9, 6, 11], "R": [[-0.4666972941108426, 0.8690629965784182, 0.16408273415493188], [-0.8772116152915801, -0.4784928735385965, 0.03929824385788469], [0.11266506853126565, -0.12559489619772388, 0.9856634843504797]], "T": [-0.13334747753750628, -0.037685430223124455, -0.05249841257444336], "aligned_model": [[-0.5914562890248585, -0.8262518330863147, -0.5845718542206225, -0.15560251665366787, 0.4564606814122223, 0.09150156171165086, 0.632288757417396, 0.04588215467699694, -0.16405790915588606, 0.17218765731430066, -0.10337002589646477], [0.4716926925478081, 0.07622693735693226, -0.2831693995507165, 0.5617925595799003, 0.21820771144345288, -0.6156341673303288, -0.15486988812028296, 0.4545702254111468, -0.19721447094385944, -0.10746265629934575, 0.016738785984842505], [0.13347014247304712, -0.5081659759567828, 0.12280545530904173, -0.5367097136738763, -0.18539703756150672, -0.16498825840155767, 0.3953074363502747, 0.32342842917714787, 0.6710752601006668, -0.8126795640717072, -0.16275924784289075]], "inverted": false, "swapped": false, "error_lsq": 0.04919342911807346, "error_max": 0.2114598660458903, "target": "179.xyz", "model": "2.xyz", "model_rescale": 3.795458400668931, "target_rescale": 3.774724536131593},
{"mapping": [0, 2, 1, 10, 5, 8, 9, 4, 7, 6, 11], "R": [[-0.5636045644957488, -0.5466863649102263, -0.6192607797211125], [0.26776343529733776, -0.8301000852240541, 0.48911817716047584], [-0.7814426643057863, 0.10985384350245136, 0.6142308161191631]], "T": [-0.11041141049147624, 0.04302335885954915, -0.09724113445264981], "aligned_model": [[-0.7009217010672113, -0.5433514528931629, -0.6151346964550375, -0.13693915336482282, 0.5027764640606607, 0.06969831726908221, 0.6568932611889631, 0.015848963888252354, -0.06652443330049898, -0.04900877696023395, -0.16032640787123867], [0.3613027796973456, 0.12294002911610039, -0.33272220032919414, 0.7055382763007757, 0.32360306306078945, -0.7173183633625069, -0.18976332387431727, 0.5881684224235839, -0.16445986711627425, -0.3496472532316531, 0.09323676739489979], [0.3055041338883434, -0.7248569061755327, -0.07884218568552924, -0.41248865375463134, -0.2949790307745265, -0.09526922021753959, 0.23683751491963262, 0.215536599500475, 0.6364665326653081, -0.5323684762920846, 0.019846617827941476]], "inverted": true, "swapped": false, "error_lsq": 0.06193922392555141, "error_max": 0.2940648998281139, "target": "179.xyz", "model": "3.xyz", "model_rescale": 3.7530521520055578, "target_rescale": 3.774724536131593},
{"mapping": [7, 6, 8, 0, 2, 9, 3, 1, 5, 4, 10], "R": [[0.7754523022106151, -0.03410274073344843, -0.630484520088102], [-0.5795562084889062, -0.434718079202015, -0.6893002196553213], [-0.2505759928608894, 0.8999206602192096, -0.3568675904483366]], "T": [-0.043039675573783694, -0.01002729605787811, -0.03434921494980488], "aligned_model": [[-0.5516745462961364, -0.516247699852847, -0.8907536208249591, -0.312212517573422, 0.5407489813471186, -0.043277604790016834, 0.6196463806188518, 0.2665954653722168, -0.17788374309683408, 0.10203870120609998, -0.06396941161531963], [0.22470225733455762, -0.08344105103865229, -0.35765680513496284, 0.6172520443530228, 0.27558473040256276, -0.5549659946757972, -0.2540377683940704, 0.6078225102986553, -0.11827461852674387, 0.014118908506856945, 0.06977411695412042], [0.1785910245608388, -0.5973946207364494, 0.010531554869935164, -0.49726064923657115, -0.23176389884808862, -0.014211514447942983, 0.25091533842586494, 0.34946528072003896, 0.6639768812418463, -0.7541270485954393, -0.0833354220521761]], "inverted": false, "swapped": false, "error_lsq": 0.05768678814938252, "error_max": 0.29452169048872395, "target": "179.xyz", "model": "4.xyz", "model_rescale": 3.7855080009869324, "target_rescale": 3.774724536131593},
{"mapping": [13, 15, 14, 8, 7, 2, 0, 6, 12, 10, 16], "R": [[0.7761790987900987, -0.12068124639191276, 0.6188554301051942], [0.39713894581903936, -0.6687688746165359, -0.6285132059534426], [0.4897210066100214, 0.7336104069009837, -0.4711571994265192]], "T": [0.00467505557490118, 0.0002849989785810303, -0.016292569484617207], "aligned_model": [[-0.5462719949627063, -0.634669949015663, -0.5364881715206384, -0.2823404540422092, 0.5089747188043108, -0.016684819406834764, 0.6460605645817965, 0.13918700121810318, -0.3758890671363362, 0.10036288280481094, -0.029230326829881317], [0.4251977238139394, 0.046384085259376345, -0.4033950582792779, 0.5105815454021675, 0.46424653861703263, -0.7251702354949846, -0.37066649558890935, 0.6025623867612648, -0.11383980474894811, 0.046039866641279514, -0.041062222303390745], [0.18563356218808252, -0.5343957889641175, 0.027091431537676652, -0.40684270187610816, -0.3192628836722126, 0.1217079598417597, 0.2276203265143941, 0.19641745075869346, 0.5361671491278189, -0.737204912200063, -0.021544667354067393]], "inverted": true, "swapped": false, "error_lsq": 0.05259732183164221, "error_max": 0.24442810553592903, "target": "179.xyz", "model": "5.xyz", "model_rescale": 4.2253639853439635, "target_rescale": 3.774724536131593},
{"mapping": [4, 10, 2, 1, 9, 6, 12, 0, 3, 8, 13], "R": [[-0.7614165000974822, -0.6042048065304183, -0.23490735438644947], [-0.22135917039034575, -0.09825734489154409, 0.9702296696447508], [-0.6092988027752877, 0.7907477764372177, -0.058931511063241904]], "T": [-0.04986345827483103, -0.03282660930321292, -0.10896633556106053], "aligned_model": [[-0.6077193815228566, -0.6165489527507774, -0.6480500087333417, -0.2692615779387636, 0.3960860805268965, -0.06495454533327892, 0.783447088910237, 0.2400987199728713, -0.293499077518787, 0.12881072638600594, -0.07539868750345324], [0.32647767475582523, -0.027051649850981976, -0.32647195876246354, 0.621459554620997, 0.33570656681265754, -0.5674610765204848, -0.3217411565645871, 0.5504890575066065, -0.11645672064870365, 0.00833995247920745, -0.04241191374852321], [0.13722162629012552, -0.6450136045430193, -0.030755903848054128, -0.3589260578035434, -0.30366799048432613, 0.24832376180774043, 0.19675523842401046, 0.3587166953120544, 0.5518340595737312, -0.82467977369499, -0.05442112513187248]], "inverted": true, "swapped": false, "error_lsq": 0.05055293898115456, "error_max": 0.29682876026932814, "target": "179.xyz", "model": "6.xyz", "model_rescale": 3.89814844738969, "target_rescale": 3.774724536131593},
{"mapping": [7, 11, 8, 4, 2, 6, 1, 0, 3, 10, 12], "R": [[0.11206640047354027, 0.5246194176570393, -0.8439286631594483], [0.9624112594175483, -0.2687435274819451, -0.039261739427714104], [-0.24739783675536203, -0.8078065257558584, -0.5350167542376756]], "T": [-0.11158158636574157, 0.02038140778381011, -0.09173569303730002], "aligned_model": [[-0.5355129363069556, -0.7395111824582523, -0.6424516844443974, -0.13168501383920495, 0.4576838687836978, -0.012222399322272842, 0.6892181780528666, 0.17190368918376592, -0.3934957297124121, 0.15724591972400637, -0.04816232516608905], [0.42218877153210127, 0.013572046704853083, -0.3952682013197245, 0.591084184921544, 0.3446626260024245, -0.5441466294723678, -0.0916380311810425, 0.1899852403996837, -0.13909094498039865, -0.02005078175573379, 0.06958004922821004], [0.2084438074630246, -0.602615741753046, -0.03606600889259533, -0.3907172656389758, -0.36067133144381436, 0.2671677732729694, 0.15518128619851967, 0.4000783225996433, 0.6481797894030069, -0.7736452714058192, -0.2399484339010567]], "inverted": false, "swapped": false, "error_lsq": 0.05053136504934499, "error_max": 0.3098545726202683, "target": "179.xyz", "model": "7.xyz", "model_rescale": 3.7474275329858107, "target_rescale": 3.774724536131593},
{"mapping": [11, 10, 12, 7, 3, 1, 2, 8, 13, 0, 14], "R": [[-0.19368753427598345, 0.778184071004617, 0.597423376426443], [0.23006626256190088, 0.628002156492786, -0.7434263960011168], [-0.953705748067447, -0.006545462175593708, -0.3006700900123251]], "T": [-0.10264009456021371, 0.11040037329774519, -0.05614335436916812], "aligned_model": [[-0.6606618827128703, -0.6229972602114461, -0.5818328934798969, -0.38571228848600964, 0.5172385311485307, 0.1764725560759962, 0.6018546185131576, 0.3535090402774195, -0.4205125033975477, 0.07897991898922009, -0.08332745222180125], [0.36000600755900225, 0.0905028639657196, -0.25795243344734897, 0.6336235633712575, 0.25739976668648457, -0.5841611641111487, -0.21867258488283983, 0.48235968855223155, -0.2061588608084313, -0.19257095613989592, 0.07650243933451878], [0.056943633749776276, -0.6075922359221733, 0.06768350065786997, -0.3877836087403031, -0.3851968526295473, -0.12309273119132833, 0.2663278587581335, 0.28850799183278286, 0.7228683346924472, -0.6124128770324662, -0.010866088273334802]], "inverted": true, "swapped": false, "error_lsq": 0.04910620986548384, "error_max": 0.21837196785782212, "target": "179.xyz", "model": "8.xyz", "model_rescale": 4.019505241142653, "target_rescale": 3.774724536131593},
{"mapping": [4, 7, 0, 8, 11, 2, 6, 5, 3, 9, 12], "R": [[0.23591048985767205, 0.961350672226937, 0.14195466101516213], [0.7288494386642139, -0.27165754799644276, 0.6284748780782099], [0.6427478016562744, -0.04480024135400146, -0.7647667630334425]], "T": [0.03626786314292969, -0.10774890692144393, -0.14562957449500744], "aligned_model": [[-0.6347102498502182, -0.7526910698290915, -0.5792463467837672, -0.15218047618739117, 0.3984068285914421, -0.003256009838702195, 0.6908065249551139, 0.1548358157028903, -0.3260254739392104, 0.13072348726874522, 0.046347354404941615], [0.2910747743530093, 0.11398445857751874, -0.30808930396741685, 0.4442608221794566, 0.3817342046793023, -0.4975508137714415, -0.22165774053148046, 0.31262651144278086, -0.07444425070673225, 0.07270037464163462, -0.0737607068170818], [0.1342323814439316, -0.5302880032130706, -0.08519729205535584, -0.4860842906727929, -0.2741253999311748, 0.2976135857424582, 0.14876090732397654, 0.3640280237048028, 0.6328915527212509, -0.798206200865286, -0.1282383382968838]], "inverted": false, "swapped": false, "error_lsq": 0.05742953806895326, "error_max": 0.3520085441392695, "target": "179.xyz", "model": "9.xyz", "model_rescale": 3.877068213659057, "target_rescale": 3.774724536131593},
{"mapping": [6, 14, 10, 13, 4, 8, 1, 3, 12, 2, 15], "R": [[0.43310334218121715, 0.7260250259361327, 0.5341433859048501], [-0.41255249476497835, 0.6865653360286172, -0.598688966348224], [-0.8013875055518724, 0.03893200583517553, 0.596877177371524]], "T": [-0.06916756589234671, -0.02320094723926215, -0.028908474150237555], "aligned_model": [[-0.5037436768166913, -0.6333702800969, -0.7510935370000528, -0.31188088646131784, 0.48523523111589917, 0.1548753697560886, 0.7066953389436683, 0.09478434909913339, -0.28568511651405687, 0.06967084571062832, -0.05247725324164665], [0.35728844172926744, 0.009733933538220316, -0.21861494487107092, 0.5509285892952838, 0.31766404598577164, -0.7464698910704218, -0.25004144264089057, 0.534208425321517, -0.009580642610793152, -0.02925483023396168, -0.07498335436337245], [0.1871378260288553, -0.5675290619028538, -0.02996626347028946, -0.4861873991628416, -0.21475592451774306, -0.17726525250393466, 0.28650673275773475, 0.22638724394987125, 0.6860249865914828, -0.6777864317923156, 0.042820469923890554]], "inverted": true, "swapped": false, "error_lsq": 0.04563371771898009, "error_max": 0.23628532478468997, "target": "179.xyz", "model": "10.xyz", "model_rescale": 4.260839863003843, "target_rescale": 3.774724536131593},
{"mapping": [1, 2, 3, 8, 10, 5, 6, 7, 0, 4, 11], "R": [[0.2549000323077067, 0.9335025923828281, 0.25218819073079113], [0.6925405900542624, -0.35825468841232194, 0.6261318625959587], [0.6748433185983429, 0.01504952640882451, -0.7378075677966754]], "T": [-0.07839869299665611, 0.09889738647380585, -0.16246753475132278], "aligned_model": [[-0.6965110087746962, -0.6596585315306589, -0.5493109808713721, -0.1869024820384015, 0.5215895317246642, 0.139155291582704, 0.47455281158078955, 0.10178798192488353, -0.10293555485944725, 0.03260298969350059, -0.10135966393721338], [0.29833991172093216, 0.07473910527710369, -0.4101715381568054, 0.7649291448361009, 0.2224077560896713, -0.5407474162252577, -0.23447669303380625, 0.49286289554112817, -0.0694192578748813, -0.2816960578154787, 0.12411047972084299], [0.15599829912705335, -0.5256623911280276, -0.01106238782163485, -0.4079100568927744, -0.29697816940639954, -0.15081882574056238, 0.3726601989274869, 0.3293958295362509, 0.6984051150059755, -0.7780405322140075, -0.11060015349150416]], "inverted": false, "swapped": false, "error_lsq": 0.056813437317748926, "error_max": 0.324527076738781, "target": "179.xyz", "model": "11.xyz", "model_rescale": 3.890672605050136, "target_rescale": 3.774724536131593},
{"mapping": [4, 3, 0, 7, 5, 6, 9, 12, 2, 8, 13], "R": [[-0.9493242324243517, -0.006635086617872321, 0.3142283840735735], [0.31429703019413313, -0.01705933797617748, 0.9491714048573962], [-0.0009373062808171739, 0.9998324632724166, 0.018280230948980403]], "T": [-0.05898896386669812, -0.1348778021455186, 0.05955159819874725], "aligned_model": [[-0.6329291495152509, -0.7103542104017613, -0.5636705428310476, -0.06173980295741595, 0.5028643503506063, 0.17187152507682812, 0.7016548170490344, 0.15882245501422537, -0.4285203486705918, -0.06025917373490084, -0.10472953488497376], [0.223864134621936, 0.16587501542773386, -0.33568372824026, 0.5919885788779444, 0.2682192699384268, -0.650426780913545, -0.10680787839893952, 0.5638733371233626, -0.07848522865779173, -0.22684237753863112, 0.02530398783931309], [0.24108377145512075, -0.5221134379948528, -0.17211200197724105, -0.3861185346333198, -0.2965464018173175, -0.05433882755143796, 0.22219702222439183, 0.19896887804809826, 0.664390888396595, -0.6551035279129936, 0.03507909766481309]], "inverted": false, "swapped": false, "error_lsq": 0.05095580845662609, "error_max": 0.2308080349491508, "target": "179.xyz", "model": "12.xyz", "model_rescale": 4.124412569039231, "target_rescale": 3.774724536131593},
{"mapping": [10, 2, 4, 11, 9, 0, 3, 7, 5, 8, 12], "R": [[-0.9171861837505266, -0.016456979796122068, -0.3981189171003254], [0.396386632655337, 0.06408377312975322, -0.9158443685875988], [0.040584994632358526, -0.9978088182800575, -0.05225342451215109]], "T": [0.049791202124828696, -0.08380758115540268, -0.04595821098833897], "aligned_model": [[-0.4709424123086692, -0.616482106530411, -0.6672925792401756, -0.34169541070484066, 0.4876572657201085, 0.043223005564261854, 0.6895647979432213, 0.10184106778076492, -0.25034681406271, 0.052895276179773784, -0.05541170584657236], [0.43740628850203633, -0.02225331962869881, -0.3929934845914709, 0.6382280210154558, 0.36591026029299245, -0.5958835058169637, -0.35104261054998687, 0.36348034637943105, -0.13056902754021005, 0.15499893744020854, -0.026403575423244174], [-0.0037411863033323875, -0.5888085261862055, 0.04608082078197106, -0.608057563869494, -0.16707156877748958, 0.22699324911029178, 0.1214591146503374, 0.39027795885872507, 0.6479268064628395, -0.7226102133491892, -0.06706196547659773]], "inverted": false, "swapped": false, "error_lsq": 0.060031126185465356, "error_max": 0.32798074042273695, "target": "179.xyz", "model": "13.xyz", "model_rescale": 3.9028299243045295, "target_rescale": 3.774724536131593},
{"mapping": [9, 10, 14, 7, 3, 12, 2, 6, 11, 4, 15], "R": [[-0.04060574966513869, -0.4941036285093038, -0.8684542459957646], [-0.9779837685220779, -0.15840531917601874, 0.13585103372480611], [-0.20469226072689428, 0.8548504893551173, -0.4767931619138738]], "T": [0.07673070172116277, -0.1165600221263616, -0.09911549808340436], "aligned_model": [[-0.44948958862508487, -0.49749678181203144, -0.7875889743372573, -0.35963161476386, 0.42345200189914894, -0.04875589000703427, 0.7452522347572671, 0.15308589983701487, -0.34646664556686896, 0.13589852262920105, 0.004751220484257038], [0.3877681541827981, -0.021920756632839225, -0.2313138233565549, 0.6131879284608946, 0.3678044951028241, -0.7293392644816228, -0.19076065867137787, 0.4426258826313624, -0.19635317995415524, 0.02837990160100301, -0.02920034880278255], [0.16468509530533348, -0.5645817252481213, 0.05199279243846516, -0.41165959609629976, -0.2831394087319277, 0.20583532483045308, 0.20042247106100247, 0.25569328124739477, 0.501212533537782, -0.75855075749983, -0.08652308494239525]], "inverted": false, "swapped": false, "error_lsq": 0.054504948848099304, "error_max": 0.30432629922890464, "target": "179.xyz", "model": "14.xyz", "model_rescale": 3.942246331269136, "target_rescale": 3.774724536131593},
{"mapping": [6, 9, 10, 7, 0, 4, 12, 8, 11, 5, 14], "R": [[0.6328017797342265, 0.7576535995567867, 0.15975897672381376], [0.7498892929584294, -0.6510672181070929, 0.11737770577327716], [0.1929454738300501, 0.04552472498473271, -0.9801528164238279]], "T": [-0.015447450643657046, -0.09272232733573679, -0.07880892696862066], "aligned_model": [[-0.42032015338339546, -0.6426124875111952, -0.634646443709919, -0.2550986915573402, 0.38613169486899274, -0.12573010967946416, 0.747757566312252, 0.06806336420114581, -0.32940688872241397, 0.11853076243116994, 0.06034177124491942], [0.257997162674097, 0.09978012159594882, -0.44694377292390375, 0.6884603593173791, 0.4921000151073126, -0.6228812888376847, -0.2657358503120439, 0.5501063054349207, -0.06112798957659828, -0.20870071079093894, -0.04217602160893937], [0.08201185291346552, -0.5454663278727582, -0.0678412237305471, -0.3304046362543528, -0.2722889014802282, 0.14576441868435916, 0.1571162330364239, 0.34384722048691496, 0.565040662391645, -0.6882171736977805, -0.11417519857528514]], "inverted": true, "swapped": false, "error_lsq": 0.049448678793659336, "error_max": 0.22857778896545258, "target": "179.xyz", "model": "15.xyz", "model_rescale": 4.355366556412066, "target_rescale": 3.774724536131593},
{"mapping": [0, 2, 1, 4, 3, 10, 7, 5, 9, 6, 11], "R": [[-0.4666972941108426, 0.8690629965784182, 0.16408273415493188], [-0.8772116152915801, -0.4784928735385965, 0.03929824385788469], [0.11266506853126565, -0.12559489619772388, 0.9856634843504797]], "T": [-0.13334747753750628, -0.037685430223124455, -0.05249841257444336], "aligned_model": [[-0.5914562890248585, -0.8262518330863147, -0.5845718542206225, -0.15560251665366787, 0.4564606814122223, 0.09150156171165086, 0.632288757417396, 0.04588215467699694, -0.16405790915588606, 0.17218765731430066, -0.10337002589646477], [0.4716926925478081, 0.07622693735693226, -0.2831693995507165, 0.5617925595799003, 0.21820771144345288, -0.6156341673303288, -0.15486988812028296, 0.4545702254111468, -0.19721447094385944, -0.10746265629934575, 0.016738785984842505], [0.13347014247304712, -0.5081659759567828, 0.12280545530904173, -0.5367097136738763, -0.18539703756150672, -0.16498825840155767, 0.3953074363502747, 0.32342842917714787, 0.6710752601006668, -0.8126795640717072, -0.16275924784289075]], "inverted": false, "swapped": false, "error_lsq": 0.04919342911807346, "error_max": 0.2114598660458903, "target": "179.xyz", "model": "16.xyz", "model_rescale": 3.795458400668931, "target_rescale": 3.774724536131593},
{"mapping": [7, 11, 8, 4, 2, 6, 1, 0, 3, 10, 12], "R": [[0.11206640047354027, 0.5246194176570393, -0.8439286631594483], [0.9624112594175483, -0.2687435274819451, -0.039261739427714104], [-0.24739783675536203, -0.8078065257558584, -0.5350167542376756]], "T": [-0.11158158636574157, 0.02038140778381011, -0.09173569303730002], "aligned_model": [[-0.5355129363069556, -0.7395111824582523, -0.6424516844443974, -0.13168501383920495, 0.4576838687836978, -0.012222399322272842, 0.6892181780528666, 0.17190368918376592, -0.3934957297124121, 0.15724591972400637, -0.04816232516608905], [0.42218877153210127, 0.013572046704853083, -0.3952682013197245, 0.591084184921544, 0.3446626260024245, -0.5441466294723678, -0.0916380311810425, 0.1899852403996837, -0.13909094498039865, -0.02005078175573379, 0.06958004922821004], [0.2084438074630246, -0.602615741753046, -0.03606600889259533, -0.3907172656389758, -0.36067133144381436, 0.2671677732729694, 0.15518128619851967, 0.4000783225996433, 0.6481797894030069, -0.7736452714058192, -0.2399484339010567]], "inverted": false, "swapped": false, "error_lsq": 0.05053136504934499, "error_max": 0.3098545726202683, "target": "179.xyz", "model": "17.xyz", "model_rescale": 3.7474275329858107, "target_rescale": 3.774724536131593},
{"mapping": [11, 12, 10, 7, 2, 8, 0, 1, 3, 9, 13], "R": [[-0.8877525205756491, 0.360270394540692, 0.28653220591946693], [-0.29720443426896104, -0.9239293574317846, 0.2408818522150563], [0.3515181168338959, 0.12868482930471464, 0.9272945746872284]], "T": [-0.07833084689396136, -0.030142314775780804, -0.13263506087849194], "aligned_model": [[-0.6054048430521071, -0.6097644380367497, -0.6585851062412476, -0.27148917581068055, 0.5080956582240133, -0.01206912934640314, 0.6744074510301079, 0.1250542802391052, -0.2385933206226523, 0.03498780975682761, 0.026371198354538716], [0.3575069567883593, 0.04734463999515487, -0.3620376075673508, 0.6485081464762669, 0.35360224601049917, -0.6509365598725343, -0.20704447074102728, 0.41936820802670105, -0.09996340390662697, -0.050913364550256524, -0.014556460579635892], [0.17340040542521726, -0.6530301351815699, 0.03938203012001004, -0.39634454771728667, -0.2452263126334382, 0.2238454312400802, 0.18553639106855427, 0.35222904045360537, 0.5231317698900193, -0.7917644953617367, -0.13577265140159828]], "inverted": true, "swapped": false, "error_lsq": 0.046546019071554305, "error_max": 0.25919400222774525, "target": "179.xyz", "model": "18.xyz", "model_rescale": 3.922800546911778, "target_rescale": 3.774724536131593},
{"mapping": [13, 7, 11, 12, 5, 2, 1, 8, 4, 3, 14], "R": [[0.6276383242390513, -0.012765266803012265, 0.7784003994794989], [0.7782767293472862, 0.034503186417484344, -0.6269727766685976], [-0.018853819318285336, 0.9993230599213091, 0.03159043220067134]], "T": [-0.01454947085685114, -0.022510767932378134, 0.00581764859213986], "aligned_model": [[-0.5613932311043902, -0.6126771951299113, -0.6891223639487152, -0.1628587337657345, 0.5106012323919004, 0.1583065841832948, 0.6631723658965795, 0.13898520679107262, -0.3965395149822117, 0.005504067988508769, -0.08096803382564081], [0.37138219582558507, -0.02705143931184137, -0.22946673976342663, 0.5592453113127076, 0.4495232231428463, -0.6996470271542254, -0.23680869260559548, 0.45338308993476784, -0.08037993790872158, -0.0819224078146273, -0.037379245577919676], [0.13857299424904718, -0.5237421939356044, 0.1025867056193916, -0.5022948107742119, -0.2838966422750036, -0.15145991964563327, 0.21258451103424908, 0.3584403830059772, 0.6178649543190087, -0.6307492027372275, -0.06251985295813692]], "inverted": true, "swapped": false, "error_lsq": 0.04575548974092775, "error_max": 0.21552566348164745, "target": "179.xyz", "model": "19.xyz", "model_rescale": 3.9282355846067225, "target_rescale": 3.774724536131593},
{"mapping": [11, 8, 4, 9, 7, 3, 2, 10, 0, 6, 13], "R": [[0.8414232020668444, -0.4127706367316857, -0.34875119566203244], [0.4291684609394357, 0.11828486352980414, 0.8954457678690608], [-0.3283617321772659, -0.9031218591706518, 0.27667576751441597]], "T": [-0.013723728046742281, 0.033880487028816936, -0.1700261950337288], "aligned_model": [[-0.5335289949718324, -0.5929713968624297, -0.5870576553605579, -0.32745631381471446, 0.4734547656796994, -0.1314911460122058, 0.7171755555288992, 0.2025083940619698, -0.347605188970464, 0.07886227580323704, 0.02112008941315091], [0.2943750877222344, 0.1453137139599097, -0.22593197296131592, 0.6371674143397094, 0.2693928962645642, -0.6807382281473119, 0.04656392743068069, 0.5380098032887651, -0.21207260982717144, -0.3757198452718211, 0.004518143281306269], [0.24867204811098204, -0.6503139767183153, -0.11386982082203226, -0.2966815273372243, -0.47871502982700737, 0.034438951940819446, 0.20989692609482807, 0.49430177430604355, 0.5142451198664566, -0.6705253995559366, -0.01606214015675747]], "inverted": false, "swapped": false, "error_lsq": 0.05895906543725942, "error_max": 0.28811182062287344, "target": "179.xyz", "model": "20.xyz", "model_rescale": 4.067790424073018, "target_rescale": 3.774724536131593},
{"mapping": [5, 1, 8, 13, 11, 0, 3, 6, 4, 9, 14], "R": [[0.4888024710119274, -0.852708944447613, 0.18428130776525214], [-0.4219332918054979, -0.04618762024622847, 0.9054496126246709], [-0.7635734683701434, -0.5203404268313465, -0.3823629147892898]], "T": [-0.05130093081049683, -0.001161490447068543, -0.07074073409999745], "aligned_model": [[-0.5533108125745595, -0.6526953853014303, -0.5490502772217254, -0.18569161427574746, 0.4453665144416258, 0.06229256513461115, 0.7540964224262819, 0.1882316035552877, -0.4323296452151316, -0.06885963876826262, -0.03503934770619725], [0.27797792157077106, 0.025616392176525372, -0.2616841649681882, 0.6318255404011034, 0.38010575180397793, -0.6918219304079127, -0.14434876017221385, 0.4029091280274494, -0.010956424009708539, -0.19220295242945287, 0.02345782808719836], [0.06539665285690141, -0.6283362473428573, 0.0269394631388033, -0.33792993308258323, -0.23195175355015632, 0.04985239950644316, 0.16287759959551948, 0.5010179588477323, 0.6343788818602545, -0.8238972590318188, -0.1429608368963817]], "inverted": false, "swapped": false, "error_lsq": 0.04507507902992236, "error_max": 0.20524603440815303, "target": "179.xyz", "model": "21.xyz", "model_rescale": 4.186013935880536, "target_rescale": 3.774724536131593},
{"mapping": [4, 3, 6, 11, 8, 0, 1, 9, 7, 5, 12], "R": [[-0.03709879075183703, -0.7548269824700093, 0.6548739621178807], [-0.062232337368863966, -0.652308005761417, -0.7553948648257884], [0.997371954643983, -0.06877857336978876, -0.022774809216704384]], "T": [-0.02111954715690624, 0.08572984461694752, -0.03664752827310033], "aligned_model": [[-0.6760665827933211, -0.7340529575066607, -0.4567913342604275, -0.19895632669861096, 0.5039449270815519, 0.08748345605765549, 0.40009873581185645, 0.3546827212811533, -0.23548904916490582, -0.009397343277026224, -0.06244586203651249], [0.32018969407872055, -0.05595322206158507, -0.2595971745501038, 0.6046110874898, 0.5392064129388705, -0.6277465730492306, -0.32550654266672785, 0.4754872336978354, -0.10772479764645751, -0.2146822423696129, 0.09259445421804065], [0.17237186860168982, -0.605849175987004, -0.008501608987747263, -0.34986041809217894, -0.3627371334114423, -0.06739212346293198, 0.3976139457250706, 0.2671823467095783, 0.6378484004591889, -0.749496701691597, -0.05579247396076954]], "inverted": true, "swapped": false, "error_lsq": 0.05625954031649861, "error_max": 0.41845477181076757, "target": "179.xyz", "model": "22.xyz", "model_rescale": 4.166573947596378, "target_rescale": 3.774724536131593},
{"mapping": [7, 4, 1, 8, 9, 6, 14, 10, 5, 3, 15], "R": [[-0.7672852294448879, -0.054537434446551236, -0.6389828205199997], [0.5176705135954135, 0.5354507061272775, -0.667315353233882], [0.3785374697828032, -0.8428037787953897, -0.382610996207173]], "T": [0.009122406950899928, -0.04462024623021432, -0.14608242266943408], "aligned_model": [[-0.337442312968965, -0.5563270624462384, -0.5994244575298697, -0.2437391247694189, 0.4299608884422854, -0.13084299793041437, 0.6639180272199697, 0.18753096642419753, -0.4014301798020871, 0.00613306118716668, -0.04532642333187367], [0.37058630432553236, 0.07486210945021676, -0.3981303450383783, 0.6516928649878428, 0.3010950696481819, -0.7585360794771514, 0.04327547714442159, 0.4498210043236528, -0.16935770320596583, -0.049060865890690725, -0.07536950618811264], [0.3217701854591084, -0.5997831804428188, -0.03294363781469353, -0.47056391234653383, -0.3987186416587539, 0.07716967797601387, 0.28922758262465464, 0.38743371463239995, 0.5659211739078579, -0.7472462911154678, -0.1168797453199103]], "inverted": true, "swapped": false, "error_lsq": 0.054948343443129606, "error_max": 0.28284187848059433, "target": "179.xyz", "model": "23.xyz", "model_rescale": 4.274766983524099, "target_rescale": 3.774724536131593},
{"mapping": [5, 2, 3, 4, 9, 0, 8, 7, 6, 1, 10], "R": [[0.8859099374925177, 0.26032727334359795, 0.38391834210609316], [-0.4581709742287665, 0.36189933516860345, 0.8118548081884999], [0.07240815579937432, -0.8951304832023154, 0.4398846178439559]], "T": [-0.07833698479158105, -0.043885355360556544, -0.002464401350980555], "aligned_model": [[-0.53307185591136, -0.6529830716759247, -0.6263637506671466, -0.35319737059570344, 0.5158953647523579, -0.0661169917774892, 0.5857475233027685, 0.19383263242039903, -0.20540281638071606, 0.1328779488784778, -0.018207227850910647], [0.5520612095168975, -0.03841131402605075, -0.16755717770734005, 0.4808833204262984, 0.44056680304780804, -0.7765156999886111, -0.13511308646283104, 0.45671712517012036, -0.19269059164830582, -0.11980459385426923, -0.05925766439416713], [0.3204981930941827, -0.7759134497502355, 0.017188283791595177, -0.3722619299244392, -0.3764423111401073, -0.09875973904269408, 0.3068580758332252, 0.27385666631309635, 0.6430790380956742, -0.6145166062527331, -0.04819929511570837]], "inverted": false, "swapped": false, "error_lsq": 0.051152379526110854, "error_max": 0.2219422193015273, "target": "179.xyz", "model": "24.xyz", "model_rescale": 3.7841303162186577, "target_rescale": 3.774724536131593},
{"mapping": [13, 10, 9, 11, 6, 8, 4, 3, 12, 0, 15], "R": [[0.3848347938515707, -0.9017783847536466, -0.1967178848816836], [0.7867018310212975, 0.2090113919895674, 0.5808738822552805], [-0.48270323233738255, -0.37829880096252966, 0.7898655624100569]], "T": [-0.10773744202144804, -0.07065820123047256, -0.12472072069257713], "aligned_model": [[-0.4553139751913449, -0.7155816975334163, -0.5380736480343721, -0.21878033948771736, 0.44418937345511594, 0.0513236713170797, 0.5557256304321037, 0.22271229693134625, -0.4234443217880202, 0.10997803419987416, -0.059724639805896755], [0.5159114004175316, -0.04207655877233221, -0.40302786927118106, 0.6665372958634359, 0.3899441401125763, -0.6336182738591953, -0.1273644871900596, 0.47448599100884575, -0.0388468182795228, -0.34019820270602324, -0.02086828724452576], [0.25885020271421344, -0.609451115894585, 0.09087580545530656, -0.3081323973913276, -0.1971688107310971, -0.20976954483632637, 0.21188809006780357, 0.36784670345047615, 0.5641109774826295, -0.7737801234978029, -0.11988286091743364]], "inverted": false, "swapped": false, "error_lsq": 0.0506096963509324, "error_max": 0.27660429251840796, "target": "179.xyz", "model": "25.xyz", "model_rescale": 4.19342608120988, "target_rescale": 3.774724536131593},
{"mapping": [0, 2, 1, 4, 3, 10, 7, 5, 9, 6, 11], "R": [[-0.4666972941108426, 0.8690629965784182, 0.16408273415493188], [-0.8772116152915801, -0.4784928735385965, 0.03929824385788469], [0.11266506853126565, -0.12559489619772388, 0.9856634843504797]], "T": [-0.13334747753750628, -0.037685430223124455, -0.05249841257444336], "aligned_model": [[-0.5914562890248585, -0.8262518330863147, -0.5845718542206225, -0.15560251665366787, 0.4564606814122223, 0.09150156171165086, 0.632288757417396, 0.04588215467699694, -0.16405790915588606, 0.17218765731430066, -0.10337002589646477], [0.4716926925478081, 0.07622693735693226, -0.2831693995507165, 0.5617925595799003, 0.21820771144345288, -0.6156341673303288, -0.15486988812028296, 0.4545702254111468, -0.19721447094385944, -0.10746265629934575, 0.016738785984842505], [0.13347014247304712, -0.5081659759567828, 0.12280545530904173, -0.5367097136738763, -0.18539703756150672, -0.16498825840155767, 0.3953074363502747, 0.32342842917714787, 0.6710752601006668, -0.8126795640717072, -0.16275924784289075]], "inverted": false, "swapped": false, "error_lsq": 0.04919342911807346, "error_max": 0.2114598660458903, "target": "179.xyz", "model": "26.xyz", "model_rescale": 3.795458400668931, "target_rescale": 3.774724536131593},
{"mapping": [9, 4, 3, 11, 8, 7, 6, 1, 2, 10, 12], "R": [[0.3516546534293355, 0.49192346105015966, -0.7964611184420279], [-0.6154762657601841, -0.519570195372371, -0.592651481367098], [-0.7053566268260286, 0.6986115662864081, 0.12005793786109437]], "T": [-0.07335775810046156, 0.1102439714590583, -0.026282162185822043], "aligned_model": [[-0.42781203957862596, -0.6872444011052633, -0.5663864306937715, -0.17681739085140863, 0.5291037374552642, 0.03630644058152817, 0.7034002610548195, 0.20566307964298713, -0.5001496163879569, -0.12615075716730462, -0.016902498455515516], [0.2853372659601519, 0.09689145987650767, -0.4342501171587315, 0.5685685308376215, 0.4933689225149758, -0.6637885345845503, -0.06245766908209997, 0.3190653194185655, 0.07552613128302889, -0.19451950423390946, -0.04286347475201106], [0.14128510991096824, -0.5935810980312174, 0.048051372030024984, -0.5655495303760542, -0.17122052273033575, -0.2477670188796924, 0.19282530621318714, 0.4521467116215054, 0.7427940987741822, -0.6681688746532963, -0.05542862797741509]], "inverted": true, "swapped": false, "error_lsq": 0.05759237776401776, "error_max": 0.2594081912014908, "target": "179.xyz", "model": "27.xyz", "model_rescale": 3.6321398670334006, "target_rescale": 3.774724536131593},
{"mapping": [11, 10, 9, 0, 3, 12, 4, 1, 13, 8, 14], "R": [[0.25484345245687484, -0.4446019417165997, 0.8587106195696488], [-0.9328544227298315, -0.34687936048053825, 0.09724883169481091], [0.2546319711529828, -0.8258352273271237, -0.503148821495494]], "T": [-0.04725018372712031, 0.0467437231718502, -0.09141654563217895], "aligned_model": [[-0.5941735408354829, -0.6743462432569051, -0.5758308409515897, -0.2182977499290737, 0.4517025152175524, 0.08556664350294635, 0.6116105107336446, 0.32051609769160494, -0.38529981799520197, -0.0019468368163590155, -0.0464903528663837], [0.31786723574151254, 0.08733805063985668, -0.33979310761199455, 0.554304254716928, 0.4040863756045944, -0.7458110396663626, -0.13323792750071228, 0.40125492179736055, -0.016468559413282027, -0.154415284565458, 0.06575341033710659], [0.10831507129393474, -0.5494277525870342, 0.04186484270077058, -0.41163011675918904, -0.39949529032322495, -0.28564931621158557, 0.3775999179113618, 0.34025111408632663, 0.6489914392083707, -0.5652438096845843, -0.0301891737332895]], "inverted": false, "swapped": false, "error_lsq": 0.048235137959859654, "error_max": 0.291270597666618, "target": "179.xyz", "model": "28.xyz", "model_rescale": 4.156811204709835, "target_rescale": 3.774724536131593},
{"mapping": [0, 8, 2, 5, 6, 7, 3, 4, 9, 10], "R": [[0.0009706437588452022, -0.9867597871777645, -0.16218563518260865], [-0.16670654825663228, 0.15975650223091337, -0.9729783074474494], [0.9860060773742994, 0.027981822739717804, -0.16434425142702883]], "T": [-0.0947695744768037, -0.02882606080662311, -0.004092459237268659], "aligned_model": [[-0.5133188490905208, -0.09056356818356312, 0.2243770217675656, 0.5221985648563872, 0.054634768235231695, -0.5301111479271783, -0.64044809828262, -0.4071097920604405, 0.18551662254702198, -0.16225014775129543], [-0.04372346589015174, -0.6677948417393147, 0.1066070576045042, -0.10008727558249078, -0.5131455890806269, -0.28474914063755224, 0.5135573798968527, 0.23414248289273962, 0.6050817889972476, 0.06883193416499639], [-0.5125803830261655, -0.4520352377907546, -0.6084198042736146, 0.001817462450454354, 0.7197540579652972, 0.11040490831587964, -0.18579911644922287, 0.5226071678484758, 0.19305741273286445, -0.030019740798114113]], "inverted": false, "swapped": true, "error_lsq": 0.0655639014574435, "error_max": 0.343049201085221, "target": "179.xyz", "model": "29.xyz", "model_rescale": 4.117894457231895, "target_rescale": 3.774724536131593},
{"mapping": [2, 5, 9, 0, 4, 10, 13, 3, 11, 8, 14], "R": [[0.9908385722664432, -0.1330527416696547, -0.023149333536513828], [-0.02595239641188911, -0.01937159932825867, -0.9994754695638837], [0.13253451184305468, 0.9909196279586219, -0.022647165316428994]], "T": [-0.021999658646901052, -0.02607840727796941, -0.07292418487240634], "aligned_model": [[-0.6438820609361372, -0.7091329043586857, -0.5505060528469515, -0.21740182397640356, 0.6634331662282107, 0.13186135184883319, 0.6857574058087677, -0.023292603779659644, -0.30101407501013994, -0.06777873976771365, 0.0049667212846324325], [0.5173704022512671, 0.02437105603220789, -0.3322592346099705, 0.6666878450685889, 0.33197537833310037, -0.7145525394903367, -0.22545277616181553, 0.479519687197024, -0.14811948522779833, -0.08527232479933326, -0.07338967851338424], [0.0809800781848064, -0.5433011887950661, 0.056529686735646845, -0.34892303381364376, -0.11174970933784956, 0.056115047211531516, 0.21410560656948877, 0.13713555952893217, 0.5849212081062066, -0.7773317675384035, -0.07309456094979291]], "inverted": false, "swapped": false, "error_lsq": 0.054463965823453114, "error_max": 0.2625448936002888, "target": "179.xyz", "model": "30.xyz", "model_rescale": 4.100398675895297, "target_rescale": 3.774724536131593},
