[{"mapping": [8, 6, 4, 5, 10, 12, 7, 2, 11, 9, 1, 3, 0, 13], "R": [[-0.40003005224179555, 0.463349320298266, 0.7907486102944233], [-0.6767842018035526, -0.7311360772731182, 0.0860417381205514], [0.618012217915273, -0.5007468860500406, 0.6060639030817073]], "T": [-0.13638947151875788, -0.02321963244514267, 0.012979993641970916], "aligned_model": [[0.42986392511625415, 0.14899071298743202, 0.7293081420645601, -0.5022327756301489, 0.16215634616745941, -0.3331589631242564, 0.586888906376736, 0.14731977396558218, 0.007218936183684022, 0.27220499584985214, -0.6876060292250807, -0.25906717912991717, -0.29022196795083127, 0.0031828242315505573], [-0.3052085379631731, 0.32026943112304607, 0.3072305249503824, -0.2604110190812074, -0.8822878459421457, -0.3072285767570447, -0.21779428622125746, 0.6791952956457744, -0.6678891055936265, -0.08495974608183303, 0.04637688686249667, 0.42816040327273863, 0.4097246205605532, -0.10476980326347021], [-0.445733947269743, -0.6076001363073493, -0.2210596652291306, -0.6053242869384879, 0.44691676777244393, 0.4774587280289808, 0.11497790858260784, 0.14481541464650266, -0.21249669355851675, 0.6179443656244183, 0.16905928257431269, -0.2202721214788302, 0.6329052080117713, 0.03320389420267534]], "inverted": false, "swapped": false, "error_lsq": 0.04531013907868936, "error_max": 0.2596741247158707, "target": "18.xyz", "model": "0.xyz", "model_rescale": 3.8414455957264533, "target_rescale": 3.922800546911778},
{"mapping": [13, 0, 11, 7, 8, 6, 12, 3, 9, 10, 2, 4, 5, 14], "R": [[0.11670135452361965, -0.8810738934323186, 0.4583553077737487], [0.645446282910326, 0.4180436813316094, 0.6392484465182213], [-0.7548376578639914, 0.2212425700689885, 0.617472133346658]], "T": [0.011538003278201096, -0.026782028082350934, -0.006057455114591773], "aligned_model": [[0.42207359382723597, 0.10441882801732559, 0.8220813371974721, -0.3701805786009862, 0.35154971705939886, -0.41931669744888983, 0.7121658725371551, -0.015523392076629502, -0.24747356586288505, 0.24714445388621034, -0.70978181502969, -0.28908767452194384, -0.2585677665787266, 0.06534533547782972], [-0.48413855440403725, 0.23112659572115227, 0.1214922193756744, -0.13671263342393256, -0.6892303975298949, -0.3411072222968917, -0.1841937831182128, 0.7218119297320118, -0.6161945376650768, 0.005283701230002418, 0.05931195512632287, 0.3871860266254752, 0.24684706564251827, 0.03892587649612203], [-0.45005355573130396, -0.6771563030280195, -0.2235422902405452, -0.5111922771101629, 0.25824651725138364, 0.564548427195609, 0.25207365897524575, 0.2225287414182121, -0.23192374430336582, 0.6356922545432722, 0.12390512946253218, -0.190643170642128, 0.5291927453896179, 0.023118585481307467]], "inverted": true, "swapped": false, "error_lsq": 0.03322562310841491, "error_max": 0.21289334316437755, "target": "18.xyz", "model": "1.xyz", "model_rescale": 4.316132596720782, "target_rescale": 3.922800546911778},
{"mapping": [3, 1, 11, 5, 10, 8, 12, 4, 7, 0, 9, 13], "R": [[0.7611654396709577, 0.6120861462779044, -0.2144241660475374], [0.43479701061354437, -0.23627781767311318, 0.8689789136895998], [0.4812262804669374, -0.7546677033041067, -0.44597973561324694]], "T": [0.05677958825380553, 0.0102935807049845, -0.036263684426454466], "aligned_model": [[-0.18162933784794694, 0.4694590608231354, 0.06627054265297058, -0.5195062378343095, -0.5482996562287268, -0.4851415211011149, -0.07567720353058435, -0.26498061382962546, 0.568252106832572, 0.2495538823974831, 0.1950258476396611, 0.12448168465826662], [-0.6131745585509786, -0.5287309654923324, -0.5065304799428, 0.4225073569170883, -0.1792295928671586, -0.12063894843866034, 0.3521742661868041, 0.5564905018803334, 0.009661616138457342, -0.06505334528319638, 0.6534884213720421, 0.03181215582138158], [0.08636520530573916, 0.09665210969280391, -0.5407827365208056, -0.18184660245322778, -0.30902630107149226, 0.41764449490751726, -0.6880379693734503, 0.4998007871386786, -0.5892688791541146, 0.7738618015585302, -0.15838057335330333, 0.04227712453254578]], "inverted": false, "swapped": true, "error_lsq": 0.04595771832468077, "error_max": 0.2638206817470807, "target": "18.xyz", "model": "2.xyz", "model_rescale": 3.795458400668931, "target_rescale": 3.922800546911778},
{"mapping": [2, 9, 4, 10, 1, 3, 5, 7, 12, 11, 0, 13], "R": [[-0.37738930572110263, 0.9132921538501614, -0.1532147305029033], [-0.16502192742494573, -0.22912434267024298, -0.959306936837676], [-0.9112327229617581, -0.3367483887291255, 0.23718230813456073]], "T": [0.03317271940972437, 0.03041348815162692, 0.05961935044282121], "aligned_model": [[-0.05327382261473655, -0.1566868701129322, -0.7752458476622095, 0.1649830665886, 0.3287426328069902, 0.18199063223109802, -0.2370116280133992, 0.6330897362272301, 0.34048983030263535, 0.7060863485043671, -0.5195864534818452, -0.02027379903223297], [0.03271318767434844, -0.5890737023555473, -0.13570412854509084, 0.08593997817958961, 0.5337169303673615, 0.6394008187550821, -0.3617067803216466, -0.2881147222676793, -0.5924286376879012, 0.2067579316694939, 0.505298756669232, 0.04896941315246715], [-0.644904907878921, -0.10745285825716394, 0.14956477754708958, 0.7348838998937867, -0.3116520976349999, 0.3195748106609171, 0.6041026377256196, -0.26604709568903906, 0.33685715981526454, 0.2541098304800343, -0.3503607335979273, -0.02990399242556055]], "inverted": false, "swapped": true, "error_lsq": 0.04060609534335387, "error_max": 0.22838664004812362, "target": "18.xyz", "model": "3.xyz", "model_rescale": 3.7530521520055578, "target_rescale": 3.922800546911778},
{"mapping": [4, 2, 0, 1, 8, 7, 5, 9, 12, 11, 13], "R": [[0.44481983563198574, 0.01630283233689079, 0.8954716810073496], [-0.058178452894557066, -0.9971966368187047, 0.047054597397704845], [0.8937284718789756, -0.07302797529207225, -0.4426243705193056]], "T": [0.012371500255092947, -0.03421751987505829, 0.05600829163724512], "aligned_model": [[-0.35988226790031574, -0.15036246046306503, 0.21519205688568233, 0.49564601156226984, 0.31360759215165807, -0.17636508467148207, -0.3250788049701848, -0.6558218308851965, -0.426525321095069, 0.41132030005415104, -0.0035305882232430745], [-0.7624738088209457, 0.16967883056577843, -0.45712400786838103, 0.28200073712245266, -0.6809205561500559, 0.6950168719015642, -0.4184237854997591, -0.017977884769628756, 0.2504178172873964, 0.45688674302181365, -0.049877598475888754], [-0.08645479735590071, -0.6041255282171621, -0.6362028864017119, -0.32474120274448365, 0.14481398419286468, 0.059879389250351474, 0.5676065457667743, 0.024733504230118317, 0.590413782215925, 0.40442344617198317, -0.047515459863442466]], "inverted": true, "swapped": true, "error_lsq": 0.047930928892486735, "error_max": 0.23057316720827337, "target": "18.xyz", "model": "4.xyz", "model_rescale": 3.7855080009869324, "target_rescale": 3.922800546911778},
{"mapping": [5, 10, 7, 9, 1, 12, 4, 8, 2, 6, 14, 15, 13, 16], "R": [[0.8526234366851911, -0.4693216282628758, 0.2297182719328546], [-0.3402873703918279, -0.8323463629623443, -0.4374974715528907], [0.39653219385940014, 0.29485037104952133, -0.8693822392509584]], "T": [0.03910368795075196, -0.08826335106573607, 0.04840509925681129], "aligned_model": [[0.5877309258643912, 0.16992064457335054, 0.7194352937056967, -0.38382810244365756, 0.1615371109272541, -0.3657199518269246, 0.6999036486044456, 0.0650446421135976, -0.3527077565093921, 0.45343670292581906, -0.633241842961907, -0.46956106836843375, -0.22620303849212775, -0.010899560229235682], [-0.3103599313040537, 0.3137723186229267, 0.18883325717319116, -0.10546272109437996, -0.7423922708455657, -0.31795143691303446, -0.35990354210976666, 0.6148899398925638, -0.6630651603094186, 0.15128919050457346, -0.15910229386509786, 0.5174961185471041, 0.3316966625328835, -0.09933188932069215], [-0.5036678193735078, -0.5450749073417884, -0.09902572448534007, -0.5240867361377552, 0.40927814096995996, 0.5448187039324999, 0.23960081697817487, 0.06297871498023515, -0.20033645267799494, 0.4922742247835125, 0.023290765148324497, -0.18318448889207306, 0.575769837135453, 0.03215964364195414]], "inverted": true, "swapped": false, "error_lsq": 0.03150341951824185, "error_max": 0.20142968091983246, "target": "18.xyz", "model": "5.xyz", "model_rescale": 4.2253639853439635, "target_rescale": 3.922800546911778},
{"mapping": [0, 1, 9, 4, 7, 6, 12, 8, 3, 11, 2, 10, 5, 13], "R": [[0.763632321377157, 0.6377263231206645, -0.10085045635559993], [-0.6454077101294884, 0.7496837057466614, -0.14636676208539867], [-0.01773599316489026, 0.17686005240571268, 0.9840761944125587]], "T": [0.03790238852250473, 0.006203672515535191, -0.002462880802638602], "aligned_model": [[0.4825669336359089, 0.057846584947671656, 0.5886629915808352, -0.38085141848302645, 0.28309254588206967, -0.16857435454766134, 0.7148207633295116, 0.25213757181052954, -0.24912162911150632, 0.24237532017902313, -0.6265136682370147, -0.47052610422528385, -0.3192785277868612, 0.008210638908680491], [-0.4376465701930944, 0.31845101771524953, 0.19421598931788628, -0.17187967711504662, -0.7342971304093693, -0.38701096679314395, -0.3796283179542055, 0.7080930187607121, -0.6394241002168758, 0.09114282387504095, -0.049395117697809195, 0.5811007006793105, 0.31357582300688436, -0.0468892514643054], [-0.5007931464831203, -0.6663978221959588, -0.18661106660640817, -0.5445356452072454, 0.14221456605233992, 0.46279787418061935, 0.5115983543122358, 0.08309123930712511, -0.06403775454314425, 0.743546468736162, 0.07258170650501708, -0.14212801302901223, 0.4202491022040063, -0.006781144570961391]], "inverted": false, "swapped": false, "error_lsq": 0.039549914843625265, "error_max": 0.25928872251608803, "target": "18.xyz", "model": "6.xyz", "model_rescale": 3.89814844738969, "target_rescale": 3.922800546911778},
{"mapping": [0, 4, 8, 2, 3, 5, 9, 1, 7, 12, 10, 11, 13], "R": [[-0.3849486519955602, -0.37910311704014077, -0.8414840236019048], [-0.7935634099120665, -0.3295742047744546, 0.5115055796333213], [-0.4712447875314219, 0.864674314524108, -0.1739732164062323]], "T": [-0.08240882719505585, 0.04743139791570536, -0.013312211014542875], "aligned_model": [[0.29784416961804283, -0.15817670406027126, 0.42639736362718017, -0.2704400891352414, 0.5625453424374905, -0.28662131942136837, -0.7085608183451524, 0.27474831348225326, -0.521465363904817, -0.6236864734978976, 0.14957171232597, 0.09222917386424773, -0.08575350608621388], [-0.43508913193388754, 0.24516258043039013, 0.356320225126872, -0.6194362224177823, 0.11082325897594344, 0.7006771186310613, 0.07904540188236805, -0.4739521112397963, -0.2211102067928409, 0.46478652119656305, 0.6662841915973138, 0.1293754533591679, -0.039105813344887025], [-0.5805193931527763, -0.8160496714069728, -0.4164975329494773, -0.16746974502963857, 0.1881940477819185, -0.24737891743834733, -0.24710358080402123, 0.2679642189499687, 0.5367187391594328, 0.29011839719362037, 0.1857998667192274, 0.6827649414402294, -0.07426633962686728]], "inverted": false, "swapped": true, "error_lsq": 0.045051447229411, "error_max": 0.2745621344135281, "target": "18.xyz", "model": "7.xyz", "model_rescale": 3.7474275329858107, "target_rescale": 3.922800546911778},
{"mapping": [4, 11, 12, 9, 2, 3, 1, 10, 8, 0, 5, 7, 6, 14], "R": [[-0.4349698244143028, -0.7797857563683521, 0.45026150847482843], [0.7290884424435349, -0.5984491550039227, -0.33209735315167965], [0.5284234049928629, 0.18382813451734836, 0.8288401064231997]], "T": [0.1409089969597967, -0.03295454369899046, -0.0314602665042054], "aligned_model": [[0.2729877683050726, 0.08382310245318586, 0.6382024326708711, -0.39643598809771935, 0.3582634190842071, -0.24581248857095367, 0.6932157329651667, 0.13433378803912158, -0.2205666822424469, 0.2166664538744091, -0.5682201438970664, -0.3654102993206087, -0.3664344284441174, 0.1802349810637548], [-0.7007571766436859, 0.3592189705055287, 0.2654053786203993, 0.013289959099768205, -0.8038311534494433, -0.3317952915353089, -0.24507481102769632, 0.711547251720494, -0.5897531976303441, 0.13809794060018057, -0.09574409827584152, 0.41149875155129007, 0.30491296769207366, -0.07660724971618083], [-0.4172331108538051, -0.5104394842106994, -0.24199105843640467, -0.5694772300683966, 0.22756831024449564, 0.49320652017676236, 0.43196619109327095, 0.11323666827008745, -0.1880517994235617, 0.6003744373257395, 0.047373720110297904, -0.13135856718694622, 0.5120342521834966, -0.04241413056268189]], "inverted": true, "swapped": false, "error_lsq": 0.040039817281743564, "error_max": 0.32646649015766743, "target": "18.xyz", "model": "8.xyz", "model_rescale": 4.019505241142653, "target_rescale": 3.922800546911778},
{"mapping": [9, 2, 4, 5, 12, 10, 8, 7, 11, 1, 0, 3, 13], "R": [[0.9706307105191745, 0.2227486568549989, -0.09087936876066235], [-0.09965365586570506, 0.7161011000783262, 0.6908461213173386], [0.21896386156085698, -0.6615000002538965, 0.7172674375673642]], "T": [-0.0013332476889509476, -0.0900167197739006, 0.0310020925324059], "aligned_model": [[-0.27035185275953066, -0.7050874108150808, -0.05410886728777985, 0.4439459674835715, 0.23916899142661185, 0.6876451552901622, 0.36740445911949277, -0.27097528339560895, 0.31156954338181947, -0.2591141706092142, -0.42696953179334524, 0.3513917972510904, -0.09481802555101229], [-0.4785546637093303, -0.027991398250301072, 0.24769882713037464, -0.256871714093366, -0.7785108470475384, -0.131358955508824, 0.48382700260449374, -0.6951516262784672, -0.3439151668700283, 0.14972556244889657, 0.6241454289969305, 0.3127978696869693, -0.04246209099575084], [-0.442697624698229, 0.09967276445439349, -0.7255616955090993, -0.5140720015835107, -0.13444104876880456, 0.0372431049699231, -0.19613297099425084, 0.38950481155413946, 0.6304719280607258, 0.6264775754052598, -0.05815265887043173, 0.448032823412938, 0.016358486610825406]], "inverted": true, "swapped": true, "error_lsq": 0.04885012317023501, "error_max": 0.2458350272101455, "target": "18.xyz", "model": "9.xyz", "model_rescale": 3.877068213659057, "target_rescale": 3.922800546911778},
{"mapping": [13, 3, 6, 4, 9, 8, 10, 12, 2, 11, 7, 5, 0, 15], "R": [[0.5674861929948289, 0.5190722567117471, 0.6391583630622466], [0.8164766612586888, -0.25442099401098434, -0.5183008966096121], [-0.10642030999814278, 0.8159864889314268, -0.5681907844212738]], "T": [0.06053901926236188, -0.07930285866713943, -0.025645322449513404], "aligned_model": [[0.41975969496681115, 0.061178970276371016, 0.590032513794668, -0.3950306403802351, 0.15476033517172177, -0.3516585592552519, 0.6670026512946832, 0.31075834018089826, -0.10931859728891238, 0.2447664466072777, -0.6992543504875466, -0.3091764087934325, -0.20374414622168918, 0.034771398017513146], [-0.43517704134952123, 0.2991051173889402, 0.1606859987131982, -0.13180869359863873, -0.6286531448282218, -0.3450887255430138, -0.19326292428179462, 0.5961117725510829, -0.6972696248463932, 0.09350467483284533, -0.3770656451037127, 0.5983326789651904, 0.43908047806013467, -0.018086679448862046], [-0.6104124284073104, -0.5351238174304758, -0.23142812713954283, -0.5234305193530028, 0.3278824849754453, 0.5699837274140354, 0.3242485842238483, 0.1728504787376895, -0.19775233551691007, 0.6677903902472223, -0.04402813274650489, -0.14859255762702445, 0.5176770130742692, 0.035129958209915844]], "inverted": false, "swapped": false, "error_lsq": 0.041249287169409864, "error_max": 0.28971461807985155, "target": "18.xyz", "model": "10.xyz", "model_rescale": 4.260839863003843, "target_rescale": 3.922800546911778},
{"mapping": [6, 9, 12, 5, 10, 8, 0, 2, 7, 11, 1, 13], "R": [[0.9315327705051326, 0.31038728928029147, -0.18948991563738857], [-0.04886206943103241, -0.4095132192609269, -0.910994742806713], [-0.36035981413852036, 0.8578803260967026, -0.3663088184172835]], "T": [-0.042508821001937695, 0.06584721662958608, -0.019320845304635827], "aligned_model": [[0.4484339748257426, 0.15836982963655677, -0.30445604799890186, -0.558637204265545, -0.7241690545994691, -0.43808958243152096, 0.36791044290329217, 0.6641003944117515, 0.27290042701319506, -0.2705370978587477, 0.2949217147579869, 0.048150852699790254], [-0.13259531287655335, -0.4920302186582591, -0.6176363652991572, -0.2767524454981085, 0.06884276477242737, 0.5237658299099266, 0.662430474426208, 0.11046581935193978, -0.3635955276319276, 0.08604268093693702, 0.5056307001011748, 0.0985101059983264], [-0.5802081291402006, -0.32939293493927047, 0.13388087405893923, -0.39276013109280516, 0.08916750930791842, -0.4074971660879893, -0.4373960001669258, -0.06977201767196503, 0.5131406253239589, 0.6657571867334516, 0.39450223043189403, -0.06324396936150115]], "inverted": false, "swapped": true, "error_lsq": 0.046306926241884726, "error_max": 0.24757711495575066, "target": "18.xyz", "model": "11.xyz", "model_rescale": 3.890672605050136, "target_rescale": 3.922800546911778},
{"mapping": [6, 0, 8, 2, 9, 12, 5, 3, 11, 5, 10, 4, 7, 13], "R": [[-0.5103270157220536, -0.783975853446188, -0.3534801242468161], [0.8266652674369908, -0.5604996778836204, 0.04964520828525737], [-0.23704614031355087, -0.2668744504550397, 0.9341237364807562]], "T": [0.08657044910274841, -0.11070352339005507, -0.15379608404029974], "aligned_model": [[0.5126962848145573, 0.17537093176805466, 0.6949200719328765, -0.5582621689803511, 0.23253910303178738, -0.2782538456550841, 0.3860331102498848, 0.15425941932514342, -0.20156901375066538, 0.3860331102498848, -0.7397990678612945, -0.447204027815357, 0.08679439791534294, 0.01128934265809689], [-0.3867792619245241, 0.34184665087905525, 0.26156382515104926, -0.14887088527824652, -0.7751833744144115, -0.1343838619897657, -0.2136834992953205, 0.8089670526160544, -0.5345860199314414, -0.2136834992953205, -0.3451271028983594, 0.3404565099011125, 0.3711537657521464, -0.011282057760794731], [-0.42629801554376157, -0.5225878325849523, -0.05123486597640377, -0.4509463504195842, 0.22433100527517738, 0.49541468471151795, 0.5566188798901387, -0.10195603252742035, -0.35394963251656353, 0.5566188798901387, 0.0945977790998557, -0.20475171156716968, 0.5496082612859569, -0.0406703303552749]], "inverted": false, "swapped": false, "error_lsq": 0.05879371968078493, "error_max": 0.3881795316470904, "target": "18.xyz", "model": "12.xyz", "model_rescale": 4.124412569039231, "target_rescale": 3.922800546911778},
{"mapping": [9, 12, 11, 4, 7, 2, 5, 0, 10, 8, 1, 3, 13], "R": [[-0.009415775590293336, 0.7133377061944264, -0.7007572048087036], [-0.9901336267623038, 0.09133037286121676, 0.10627400504148793], [0.13980967178475293, 0.6948439248596086, 0.705439703845151]], "T": [0.1282086298376707, 0.08678045434541881, 0.018261066568082504], "aligned_model": [[-0.2662294640033859, -0.06565686657198724, 0.6538628120365242, -0.6086966892003559, 0.5525911041797948, 0.34376471239870987, -0.4945193982803796, 0.11224820207356981, -0.011609368859961666, -0.1881707539460011, 0.7581222665083088, 0.4490447884889981, 0.13254696268592325], [-0.17182169514540513, 0.4456048154259082, 0.56494048405515, -0.1956432999298181, 0.046291421766033417, -0.5829735726642843, 0.4400310515255627, -0.5052574492166931, 0.7526366357957449, 0.25528207295155214, -0.09545750332184622, 0.41015399749436143, -0.01630158222778877], [0.49288479570710736, 0.6450769649868408, 0.1478269900622552, -0.23948531229135078, 0.6392920124543071, 0.11205788093246746, 0.12142964346226125, -0.5719751372285293, -0.09803959262194913, -0.6049289054809526, -0.20200366944590586, -0.48481237956318907, -0.005625210005523611]], "inverted": false, "swapped": true, "error_lsq": 0.04365114187298903, "error_max": 0.26745440286345135, "target": "18.xyz", "model": "13.xyz", "model_rescale": 3.9028299243045295, "target_rescale": 3.922800546911778},
{"mapping": [7, 3, 4, 6, 14, 11, 10, 8, 9, 13, 1, 2, 12, 15], "R": [[0.2307213217982803, -0.6701761655739497, 0.7054300665298108], [0.49408628725590054, -0.5438738550320089, -0.6782919508281826], [0.8382400684847597, 0.5050397379506095, 0.20564155873131693]], "T": [0.04042881528960969, 0.09671746571601836, -0.006588538469609408], "aligned_model": [[0.4490335628416384, 0.10413839532509912, 0.6505223026293516, -0.3343688949764115, 0.15001292969289215, -0.40878717068155446, 0.6504190772635401, 0.039601825998188026, -0.07075618945604532, 0.3745936329143182, -0.5977940299291589, -0.43876606370489246, -0.20025668096333576, 0.04725495092924748], [-0.549989685745981, 0.1948804570930125, 0.23539886891806883, -0.19897086515499385, -0.6078818155691299, -0.36445033444825087, -0.31767877811791084, 0.8156527848561022, -0.6548474093912355, 0.005122194794126844, -0.025192055570110727, 0.6203727023403023, 0.21736655231235766, -0.009374374805124513], [-0.49181011297245464, -0.618956533856185, -0.2671968249730349, -0.47188774286963797, 0.5174170220599081, 0.3558834554520315, 0.10083694939188939, 0.2756143717550759, -0.16032073967803853, 0.709369234588149, -0.009490986307717855, -0.2023108689717631, 0.6350925184097634, -0.04744502336633091]], "inverted": false, "swapped": false, "error_lsq": 0.04271514991691846, "error_max": 0.2654511667329083, "target": "18.xyz", "model": "14.xyz", "model_rescale": 3.942246331269136, "target_rescale": 3.922800546911778},
{"mapping": [12, 0, 1, 8, 4, 10, 3, 2, 11, 5, 6, 7, 9, 14], "R": [[-0.03934781558893857, -0.9150487620532581, -0.4014193723192473], [-0.3633051550540349, 0.38733733814818566, -0.847336503868116], [0.9308389300623082, 0.11249688680615894, -0.34768281053192673]], "T": [0.027626402307150365, -0.15982307620065472, 0.047034422704749876], "aligned_model": [[0.6333077899282018, 0.10478487093572102, 0.7771313027960693, -0.3862351954540752, 0.13927486017270935, -0.27667186952340533, 0.6888698359353858, 0.12279542727518615, -0.45600691092004575, 0.40240867564493765, -0.526538919245716, -0.4787960279133279, -0.4023268635923175, 0.07285067184355333], [-0.3965601362169976, 0.3845249419061275, 0.10385676601096977, -0.08150007067672782, -0.6733333900015473, -0.4338788334329425, -0.3223237018610736, 0.5975034153964984, -0.6635988154803999, 0.2515699938638376, -0.09514427262348638, 0.5062448886045783, 0.27836688298933865, -0.0953194269669416], [-0.4481240158449778, -0.4412782729835454, -0.11220370317899343, -0.6021381360128962, 0.3068531217988605, 0.6312403108400343, 0.277031376258836, 0.04015252970451892, -0.11550741039239733, 0.3521139986907309, 0.008216410204686692, -0.1286621810155235, 0.5678914615741646, -0.01079077098184307]], "inverted": false, "swapped": false, "error_lsq": 0.044130977062851115, "error_max": 0.33300721657570886, "target": "18.xyz", "model": "15.xyz", "model_rescale": 4.355366556412066, "target_rescale": 3.922800546911778},
{"mapping": [3, 1, 11, 5, 10, 8, 12, 4, 7, 0, 9, 13], "R": [[0.7611654396709577, 0.6120861462779044, -0.2144241660475374], [0.43479701061354437, -0.23627781767311318, 0.8689789136895998], [0.4812262804669374, -0.7546677033041067, -0.44597973561324694]], "T": [0.05677958825380553, 0.0102935807049845, -0.036263684426454466], "aligned_model": [[-0.18162933784794694, 0.4694590608231354, 0.06627054265297058, -0.5195062378343095, -0.5482996562287268, -0.4851415211011149, -0.07567720353058435, -0.26498061382962546, 0.568252106832572, 0.2495538823974831, 0.1950258476396611, 0.12448168465826662], [-0.6131745585509786, -0.5287309654923324, -0.5065304799428, 0.4225073569170883, -0.1792295928671586, -0.12063894843866034, 0.3521742661868041, 0.5564905018803334, 0.009661616138457342, -0.06505334528319638, 0.6534884213720421, 0.03181215582138158], [0.08636520530573916, 0.09665210969280391, -0.5407827365208056, -0.18184660245322778, -0.30902630107149226, 0.41764449490751726, -0.6880379693734503, 0.4998007871386786, -0.5892688791541146, 0.7738618015585302, -0.15838057335330333, 0.04227712453254578]], "inverted": false, "swapped": true, "error_lsq": 0.04595771832468077, "error_max": 0.2638206817470807, "target": "18.xyz", "model": "16.xyz", "model_rescale": 3.795458400668931, "target_rescale": 3.922800546911778},
{"mapping": [0, 4, 8, 2, 3, 5, 9, 1, 7, 12, 10, 11, 13], "R": [[-0.3849486519955602, -0.37910311704014077, -0.8414840236019048], [-0.7935634099120665, -0.3295742047744546, 0.5115055796333213], [-0.4712447875314219, 0.864674314524108, -0.1739732164062323]], "T": [-0.08240882719505585, 0.04743139791570536, -0.013312211014542875], "aligned_model": [[0.29784416961804283, -0.15817670406027126, 0.42639736362718017, -0.2704400891352414, 0.5625453424374905, -0.28662131942136837, -0.7085608183451524, 0.27474831348225326, -0.521465363904817, -0.6236864734978976, 0.14957171232597, 0.09222917386424773, -0.08575350608621388], [-0.43508913193388754, 0.24516258043039013, 0.356320225126872, -0.6194362224177823, 0.11082325897594344, 0.7006771186310613, 0.07904540188236805, -0.4739521112397963, -0.2211102067928409, 0.46478652119656305, 0.6662841915973138, 0.1293754533591679, -0.039105813344887025], [-0.5805193931527763, -0.8160496714069728, -0.4164975329494773, -0.16746974502963857, 0.1881940477819185, -0.24737891743834733, -0.24710358080402123, 0.2679642189499687, 0.5367187391594328, 0.29011839719362037, 0.1857998667192274, 0.6827649414402294, -0.07426633962686728]], "inverted": false, "swapped": true, "error_lsq": 0.045051447229411, "error_max": 0.2745621344135281, "target": "18.xyz", "model": "17.xyz", "model_rescale": 3.7474275329858107, "target_rescale": 3.922800546911778},
{"mapping": [0, 1, 2, 3, 4, 5, 6, 7, 8, 9, 10, 11, 12, 13], "R": [[1.0, 0.0, 0.0], [0.0, 1.0, 0.0], [0.0, 0.0, 1.0]], "T": [0.0, 0.0, 0.0], "aligned_model": [[0.5038261865125738, 0.14371366406681702, 0.6742300579319978, -0.39353847373538914, 0.25054035458767565, -0.3294778627013049, 0.669146852767337, 0.12291979524159273, -0.2509881469184318, 0.3261216125319299, -0.6742300579319978, -0.4602771969687418, -0.2658237469710056, 0.09868460946982359], [-0.4755782578516999, 0.27964767437987914, 0.15776954311052777, -0.0911591720566869, -0.7305497222529201, -0.3402668155154667, -0.24752692327536616, 0.7305497222529201, -0.6433157943721352, 0.02480361895447352, -0.11973536364722133, 0.5086675771907082, 0.3300192131917515, -0.022917058597530827], [-0.46810990720535733, -0.6161671670773214, -0.15606192379114367, -0.5453500310343752, 0.3045528789223123, 0.5467017184160271, 0.2932093503722734, 0.13640787840239738, -0.20001047481694617, 0.5837410728931194, 0.08669857055764597, -0.226139027307511, 0.6161671670773214, -0.030845386746787207]], "inverted": false, "swapped": false, "error_lsq": 0.0, "error_max": 0.0, "target": "18.xyz", "model": "18.xyz", "model_rescale": 3.922800546911778, "target_rescale": 3.922800546911778},
{"mapping": [1, 8, 5, 4, 2, 9, 0, 12, 10, 3, 11, 13, 7, 14], "R": [[-0.7389806789296891, 0.34932044517127053, -0.5760926859056287], [-0.5283116558258666, 0.2301708456983821, 0.8172564934639691], [0.4180841428314962, 0.9082932391996744, 0.014458254978251706]], "T": [0.06263578429303397, -0.038058929915399276, -0.0980664836900148], "aligned_model": [[0.5693448664967923, 0.17786642986813636, 0.7392376283890548, -0.5102630034329384, 0.13862221284629828, -0.2255430983670006, 0.767600868560871, 0.21933386594377485, -0.4323950208715749, 0.2885240661973998, -0.630895746669195, -0.4049128238727182, -0.303984573947565, 0.02231197674154109], [-0.4936519603823738, 0.2576483313497922, 0.31275391270572805, -0.13850550857349198, -0.6683988248393755, -0.46646767279612833, -0.18340477824700557, 0.6744003464957226, -0.6725781083712384, 0.07068855321521499, -0.04980561055637184, 0.4522575350934339, 0.2789477539327815, -0.013475727515454148], [-0.3873136453666494, -0.6212010437957335, -0.13898120235778763, -0.5288385846322183, 0.23363615773862423, 0.531347582348512, 0.3265997970680475, 0.19597694036369795, -0.15220114331868612, 0.49040417198973596, 0.06354924519771007, -0.21121156738212638, 0.5369983117267755, -0.01397030091824672]], "inverted": false, "swapped": false, "error_lsq": 0.03315034239498772, "error_max": 0.1898696108289691, "target": "18.xyz", "model": "19.xyz", "model_rescale": 3.9282355846067225, "target_rescale": 3.922800546911778},
{"mapping": [10, 11, 9, 0, 2, 5, 12, 8, 1, 7, 3, 4, 6, 13], "R": [[-0.5998643750456202, -0.16224593413800248, -0.7834787734245355], [0.4316903797296572, -0.8900956196578312, -0.1461957725613364], [-0.6736513546338284, -0.42591788495158134, 0.6039766615345161]], "T": [0.04371358399678117, 0.029508542025586434, 0.10841366423189791], "aligned_model": [[0.48823724049425166, 0.15994292678778615, 0.5982795771118649, -0.338528802214363, 0.12822760686936768, -0.37497303389890047, 0.8904970379590686, 0.1182806692301786, -0.35890641709629634, 0.3933670724736992, -0.7006125310871557, -0.3118816843738172, -0.2782943268714537, 0.0012123124986460274], [-0.5268197591613005, 0.18877773005837534, 0.3841909861111869, -0.14743468774299823, -0.7773201587531766, -0.3340848927298967, -0.04190378646004678, 0.7865166257009727, -0.5641697710493834, -0.1473874540364178, -0.041943956784092934, 0.4294989815133037, 0.2474241309131578, -0.0949357460684501], [-0.37649033565271484, -0.5804166755061987, -0.10391096546407158, -0.5718648374271732, 0.2519442808174298, 0.532903337187999, 0.13395591752960068, 0.10871396091913699, -0.10825195743171762, 0.5927152448124033, 0.023394584258849216, -0.2276332050745682, 0.6334543821911073, 0.016280987501572697]], "inverted": true, "swapped": false, "error_lsq": 0.04251643675380056, "error_max": 0.3415236957377352, "target": "18.xyz", "model": "20.xyz", "model_rescale": 4.067790424073018, "target_rescale": 3.922800546911778},
{"mapping": [1, 5, 8, 13, 9, 12, 7, 2, 10, 0, 11, 6, 3, 14], "R": [[0.07069678577539074, -0.6447080074320573, 0.7611527768024071], [0.7135499180308411, 0.5658961478752048, 0.4130472906316958], [-0.6970283200553682, 0.51391938567541, 0.5000383845944235]], "T": [0.041245593365091315, 0.06398322421645473, -0.015938070467406813], "aligned_model": [[0.4532195250312559, 0.21392342994679453, 0.5823683821879615, -0.3001434271295085, 0.17842772927808337, -0.252636843097101, 0.6779393346063836, 0.10207499071815235, -0.25854534138006796, 0.4360481875017256, -0.5829092222785255, -0.40531052661481937, -0.4414157017998226, 0.011807130912364613], [-0.5279924558400495, 0.15774792794426407, 0.14489089423432722, -0.23983000781693775, -0.6791690216377303, -0.3732603475663352, -0.27852272411268353, 0.7231980724543453, -0.6746631337303431, 0.2231044167555391, -0.08599142463567853, 0.6290667212634151, 0.3500813705857826, -0.008252046386681894], [-0.40727855537534535, -0.5725857740880942, -0.1765866716872487, -0.546291312942985, 0.1655989795723044, 0.5403577495522669, 0.16838423537784425, 0.3238523058225794, -0.20518334752927503, 0.5526297682896606, 0.06133174763584836, -0.18571785656998502, 0.6235390139105891, -0.017255563306504917]], "inverted": true, "swapped": false, "error_lsq": 0.03772385111763322, "error_max": 0.22885578770758322, "target": "18.xyz", "model": "21.xyz", "model_rescale": 4.186013935880536, "target_rescale": 3.922800546911778},
{"mapping": [3, 10, 8, 2, 7, 0, 1, 11, 4, 5, 12, 9, 13], "R": [[-0.7944153295402362, 0.5735121322126198, 0.1999702937848835], [0.2426456671073871, 0.6014966322882689, -0.7611339445720985], [-0.5568010097202494, -0.5561345480644101, -0.6169983792715384]], "T": [0.003235032141587585, -0.061739562664949996, 0.03407894571432145], "aligned_model": [[-0.1480632670991662, -0.4810511164349635, 0.2127917670223056, 0.4795787274811876, -0.34537225062985355, 0.7698402544929357, 0.08023716535980932, -0.6089221680233513, 0.5603457307199661, -0.1726841890893624, -0.5204245794577881, 0.13135499019742425, 0.10094297088408186], [-0.3265016424724298, 0.23986908252273015, 0.23387914583965091, -0.4390204413670165, -0.4271640494771835, -0.2542264234746375, -0.7338039413150104, -0.4281392196628588, 0.5486966375779921, 0.6389893921816665, 0.2732417188199291, 0.2885142932543146, -0.09537789288105368], [-0.5722205240628732, -0.35442912615600564, -0.5868477852829066, 0.40094206226556783, 0.5929681913373029, -0.23869867847824505, -0.11055355146120328, -0.07884366249188361, -0.04479523880175172, -0.0012947183785912003, 0.449777244421255, 0.5896252341705875, 0.05725011425409279]], "inverted": true, "swapped": true, "error_lsq": 0.055790624928538396, "error_max": 0.2765860661180024, "target": "18.xyz", "model": "22.xyz", "model_rescale": 4.166573947596378, "target_rescale": 3.922800546911778},
{"mapping": [8, 9, 3, 10, 0, 5, 4, 12, 7, 2, 13, 14, 6, 15], "R": [[-0.16942349761545533, 0.8386032845543683, 0.5177259985652363], [-0.9853768179820508, -0.1537953922697069, -0.07334510140544634], [0.018116430092985747, -0.5225815806658632, 0.8523967893589544]], "T": [0.11286412656944966, 0.058530587928648736, 0.01268351215536647], "aligned_model": [[0.5006597934251116, 0.25938325953616914, 0.6960579163764247, -0.44026899636103844, 0.19991837648531918, -0.4778175196229113, 0.6938076719075033, -0.10557990232035269, -0.24846017388666375, 0.5122206588936113, -0.7233098846432626, -0.4690031412834077, -0.08026489816357943, 0.0975044875399531], [-0.4552037840912163, 0.26646409781464797, 0.18796142344820238, -0.18033171594185338, -0.7148083462149578, -0.3600716014079291, -0.3674777852865257, 0.6637654455864337, -0.5490492671424995, 0.17874255627751304, -0.06755925915489247, 0.44827584074769433, 0.28492092966968197, 0.02477970720693389], [-0.47698030720901463, -0.5311408762488902, -0.054839183017089295, -0.43220948757706346, 0.25991662754897704, 0.4212534341215482, 0.1571652634086204, 0.13659609645401186, -0.09539570537436304, 0.5407674845923303, -0.028879841061574686, -0.35542908437824183, 0.7130807029970423, 0.07088959440536183]], "inverted": true, "swapped": false, "error_lsq": 0.04323626186092181, "error_max": 0.24530956111069066, "target": "18.xyz", "model": "23.xyz", "model_rescale": 4.274766983524099, "target_rescale": 3.922800546911778},
{"mapping": [3, 12, 7, 2, 9, 6, 0, 4, 8, 5, 13], "R": [[0.8504173073395368, 0.44544535220050574, 0.27994435443555427], [0.4665126057026735, -0.3924753135526816, -0.7926721371236826], [-0.24322087101618922, 0.8046996746952814, -0.5415736713019149]], "T": [0.02681908161790522, 0.11166873923024159, -0.14546523761942748], "aligned_model": [[0.5547651026688909, -0.06661784772108442, -0.4413206334583937, -0.5731468839657038, -0.4249840565663311, -0.5140575679141502, -0.058754576938120695, 0.05391734713709875, 0.5828175795476407, 0.3055369702929832, -0.038260729124754825], [-0.1728021011598447, 0.8536218074158011, 0.4491745610604221, -0.26465336969247066, 0.43197898789547184, -0.0652260270929853, -0.6810829342834037, -0.05052364432664658, -0.1822704249802228, 0.5651832098753916, 0.032186466531970034], [-0.46317347033212325, -0.1419855595833323, -0.6295667863003971, -0.19295454469978549, 0.2300336768703075, 0.3752645417275586, 0.10625747467233321, 0.6682823502372692, 0.20284480998447324, 0.34429072213833767, -0.11972678069306374]], "inverted": true, "swapped": true, "error_lsq": 0.058806580386450036, "error_max": 0.38558298120222423, "target": "18.xyz", "model": "24.xyz", "model_rescale": 3.7841303162186577, "target_rescale": 3.922800546911778},
{"mapping": [11, 3, 13, 6, 10, 8, 14, 5, 7, 9, 1, 4, 2, 15], "R": [[0.10915488181141476, -0.7068881655096261, -0.6988521540634842], [0.3738282726071791, 0.6806338028906496, -0.630071463377088], [0.9210524601651464, -0.19247531744368726, 0.33854928415030383]], "T": [-0.0023097399354931637, -0.1453713795264517, 0.07999045372066851], "aligned_model": [[0.37142069937673206, 0.1488922875261925, 0.6854169148081959, -0.2621564245003147, 0.3441466633306958, -0.4243019732842972, 0.7238750941195675, 0.07256892816047777, -0.12362592404103233, 0.2664747914056072, -0.742524617506252, -0.45731816408146236, -0.17141173466508966, -0.01660889276614384], [-0.407258380792374, 0.3914464805801392, 0.05197599794407795, -0.05461034457231401, -0.8111948302493482, -0.13030292768558524, -0.18778160957307707, 0.7284675932603, -0.7073260888653506, -0.06915773231326067, -0.13878703087385522, 0.4030905121756634, 0.41958375822062144, -0.12773715574440342], [-0.5373978572005215, -0.5013583396858434, -0.2363733530455284, -0.5880429191715493, 0.28469071845061233, 0.49369721024184376, 0.39646465722922897, 0.06826952599069372, -0.22381021814521765, 0.5938844741337609, 0.15122931375458226, -0.14105531114510364, 0.550121537184503, 0.014475280070193358]], "inverted": true, "swapped": false, "error_lsq": 0.03882455751169754, "error_max": 0.2364020389659989, "target": "18.xyz", "model": "25.xyz", "model_rescale": 4.19342608120988, "target_rescale": 3.922800546911778},
{"mapping": [3, 1, 11, 5, 10, 8, 12, 4, 7, 0, 9, 13], "R": [[0.7611654396709577, 0.6120861462779044, -0.2144241660475374], [0.43479701061354437, -0.23627781767311318, 0.8689789136895998], [0.4812262804669374, -0.7546677033041067, -0.44597973561324694]], "T": [0.05677958825380553, 0.0102935807049845, -0.036263684426454466], "aligned_model": [[-0.18162933784794694, 0.4694590608231354, 0.06627054265297058, -0.5195062378343095, -0.5482996562287268, -0.4851415211011149, -0.07567720353058435, -0.26498061382962546, 0.568252106832572, 0.2495538823974831, 0.1950258476396611, 0.12448168465826662], [-0.6131745585509786, -0.5287309654923324, -0.5065304799428, 0.4225073569170883, -0.1792295928671586, -0.12063894843866034, 0.3521742661868041, 0.5564905018803334, 0.009661616138457342, -0.06505334528319638, 0.6534884213720421, 0.03181215582138158], [0.08636520530573916, 0.09665210969280391, -0.5407827365208056, -0.18184660245322778, -0.30902630107149226, 0.41764449490751726, -0.6880379693734503, 0.4998007871386786, -0.5892688791541146, 0.7738618015585302, -0.15838057335330333, 0.04227712453254578]], "inverted": false, "swapped": true, "error_lsq": 0.04595771832468077, "error_max": 0.2638206817470807, "target": "18.xyz", "model": "26.xyz", "model_rescale": 3.795458400668931, "target_rescale": 3.922800546911778},
{"mapping": [4, 9, 6, 0, 1, 10, 5, 8, 12, 2, 3, 11, 13], "R": [[0.8306445277801491, 0.38187750789423847, 0.4052150508475452], [-0.04749276889678396, 0.7736926040676892, -0.6317785935859763], [-0.554773922757198, 0.5055386467674292, 0.6607999479821005]], "T": [-0.0843017584160263, 0.02421792834324897, 0.0017126213755046873], "aligned_model": [[-0.03176288089817751, 0.43260198715173803, 0.49580929033942256, -0.03709911340456534, -0.10781584274890707, -0.6549399431016184, -0.2663892209953288, -0.6194987762583255, 0.07060032543720107, 0.47275374923034763, -0.6669880160972935, -0.3640147240649372, -0.023580451768299128], [-0.7453118333453893, -0.340875227544571, -0.3843148493434743, -0.0719197342343348, 0.623035132150821, -0.09117368560415591, -0.5687906170127671, -0.33522828530265963, -0.09710516765784923, 0.2128585873954637, 0.3169194585341304, 0.5824999059160663, 0.021287819305634545], [-0.30535322538247905, 0.21906411365923129, -0.30089430539213413, -0.8275471997414415, -0.343806496867963, 0.37251743266144455, 0.37374078936344923, -0.3164336072789132, 0.7231854026418082, -0.39569974250220497, -0.1864142524159617, 0.3647808686394724, -0.08500311528488183]], "inverted": false, "swapped": true, "error_lsq": 0.04865910651120599, "error_max": 0.3323885212323445, "target": "18.xyz", "model": "27.xyz", "model_rescale": 3.6321398670334006, "target_rescale": 3.922800546911778},
