[{"mapping": [5, 0, 6, 9, 10, 8, 12, 7, 11, 2, 4, 3, 1, 14], "R": [[0.19529948831499927, 0.04199492340015121, -0.9798441387651995], [0.9674622203833653, 0.15561549415939174, 0.19950105290052425], [0.16085696128793714, -0.9869246396691819, -0.010236875454324668]], "T": [-0.11172834660425113, 0.1395584102436157, 0.01442599859524224], "aligned_model": [[0.05991215932305316, 0.26661784541938605, -0.4117821562134647, -0.3837844950096372, -0.8962221517185548, -0.03931557548266848, -0.624195388713492, -0.09860136774347181, -0.22254193166989067, 0.35958403299352754, 0.5858830094686307, 0.20712504691870398, 0.6648987753303927, -0.096085701774211], [-0.6020021865273935, -0.4635271756198627, -0.3722038418525708, -0.2461007020405886, 0.23860428274380285, 0.17366328581028814, 0.3874885537520902, 0.22268614209740872, 0.694759164253742, -0.10479142844964531, 0.5851626376081537, 0.5562411167413983, 0.022551038895644443, 0.1427424443975671], [0.3198915530242472, -0.35993242430253825, 0.5130798299640926, -0.21314133892672896, 0.423692343025465, -0.6494988070905094, -0.13128133949381265, 0.7004755385371235, 0.31862009388514684, 0.6047377239298486, 0.43359282242208924, -0.1588440429207013, 0.00809368337267237, 0.08810245175343909]], "inverted": false, "swapped": true, "error_lsq": 0.044572143749586304, "error_max": 0.23703071646978985, "target": "180.xyz", "model": "0.xyz", "model_rescale": 3.8414455957264533, "target_rescale": 3.8778346241983614},
{"mapping": [12, 13, 0, 9, 7, 11, 1, 4, 8, 10, 3, 2, 5, 6, 14], "R": [[-0.1305538471704081, 0.6717969243718088, -0.7291396199587455], [-0.9600926397740087, -0.2691393497935896, -0.07606663818297299], [-0.24734149680306627, 0.6901107902339029, 0.6801244600526853]], "T": [0.08277896061327628, -0.07715936141932153, -0.07705504959016268], "aligned_model": [[-0.5867385284845794, -0.09025462082334657, 0.062097187481349736, 0.5313213949997386, 0.5743022753895344, -0.6760251059880025, -0.5254724096654937, 0.2916751412361216, -0.11240750694242602, -0.2779551560131214, -0.13992640250084643, 0.7121956931220463, 0.15461041687511784, 0.4572207506268949, 0.00849367098497486], [0.2685404754566335, 0.04251733803533077, -0.6850344392388915, 0.220070006484243, -0.338036461897947, -0.25425598694751594, -0.6528164319180207, -0.5416301940854852, 0.6341666002010121, 0.3157894273751447, -0.5228103239291066, -0.1291198050024748, 0.01570618262000162, 0.4821497992217121, -0.10557455040487763], [-0.1975851223650253, -0.8054669302882922, -0.47148821697487703, -0.4965476805191874, -0.3984628460300533, -0.4221906401424299, 0.14007877759389448, 0.11385452631366386, -0.3602864332830812, 0.35171464021675974, 0.5272415852625929, 0.30470327285881266, 0.5714347480196973, 0.31916935967567517, -0.035362462153749406]], "inverted": true, "swapped": false, "error_lsq": 0.05633328557873423, "error_max": 0.31359683775631336, "target": "180.xyz", "model": "1.xyz", "model_rescale": 4.316132596720782, "target_rescale": 3.8778346241983614},
{"mapping": [11, 7, 10, 8, 12, 3, 9, 1, 6, 4, 5, 14], "R": [[-0.3029799078652093, -0.9346294746462153, -0.18620129041585282], [-0.694166247953961, 0.35030585577244316, -0.6288235266058801], [0.6529444047018926, -0.061266243022367106, -0.754923871548923]], "T": [-0.1369727782139556, 0.06109395828157989, -0.07851848937835654], "aligned_model": [[-0.14405380404970047, 0.42527565744383256, 0.1083363159387622, -0.728430579921624, -0.42555522087909525, -0.46011298064111533, -0.1756232570263534, -0.02159799427826986, 0.5178766198818473, 0.07667951465383438, 0.4976778220559275, -0.0726635385462648], [-0.5432134433905567, -0.30350206253550893, -0.5855596839795987, 0.3710325319658448, -0.31111153557686083, -0.012239348152256399, 0.3153274217252446, 0.5354850347894544, 0.06760499498100536, -0.11327839467616412, 0.5589778924010155, 0.033253020189361396], [0.14016849892945316, 0.09087143604918727, -0.6392341669562569, -0.11483169504080784, -0.4299522638058306, 0.363654675213496, -0.5350334162239785, 0.536723150509437, -0.49290768697532544, 0.8074118340898009, -0.22688287399880885, -0.050729030580944856]], "inverted": false, "swapped": true, "error_lsq": 0.045433693958281035, "error_max": 0.2349050473197944, "target": "180.xyz", "model": "2.xyz", "model_rescale": 3.795458400668931, "target_rescale": 3.8778346241983614},
{"mapping": [4, 7, 10, 9, 3, 8, 6, 1, 5, 0, 13, 14], "R": [[0.4056518516187091, -0.294526593255408, 0.8652749049543021], [-0.2733962279005272, -0.9424194497771495, -0.19261381895258192], [0.8721817917430265, -0.15842874280602773, -0.46281665441600706]], "T": [-0.02459744171573027, 0.07713549862410177, 0.09005438105354852], "aligned_model": [[0.1433656795621295, -0.29561610086095375, -0.8307439427906508, 0.042164877039406974, 0.06819767640277785, 0.24467495444160928, -0.166271937339806, 0.6448855078764513, 0.3884827211772995, 0.7139597791792817, -0.3201903758849843, -0.039605013058996025], [-0.16159070036272358, -0.4960232537457049, -0.16667745927924882, 0.13190276890414757, 0.38781464598271176, 0.6751598387148755, -0.5670604157590631, -0.04421550299617011, -0.5439745972079295, 0.10223265242488372, 0.7565634318291163, 0.011637636784814054], [-0.7906974282389332, -0.18523535651152295, 0.3788841166563806, 0.6068500184000363, -0.35736265616369656, 0.22067660309278275, 0.4969063148723502, -0.3023064532577232, 0.43103651369508206, 0.4077108905485241, -0.2735716483824218, 0.055880515928241885]], "inverted": true, "swapped": true, "error_lsq": 0.06366541224356008, "error_max": 0.32426123243099436, "target": "180.xyz", "model": "3.xyz", "model_rescale": 3.7530521520055578, "target_rescale": 3.8778346241983614},
{"mapping": [9, 3, 1, 4, 5, 11, 6, 12, 10, 7, 14], "R": [[0.10477270753741333, -0.6203057054668495, -0.7773310179843298], [0.9388050050180454, -0.1962037173007625, 0.2831064532475914], [-0.3281277835056762, -0.759424079867525, 0.5617893062430216]], "T": [-0.18393983955382193, -0.12295770128164939, -0.1226218676955472], "aligned_model": [[-0.4766536525814648, -0.11584063011199264, 0.41679490530776236, 0.5435694904654949, 0.25183165937270274, -0.15736539756827134, -0.016268644493155265, -0.7014700872142872, -0.5312524542902877, 0.2505132813241385, -0.1256588677654346], [-0.5331856499932482, 0.17447814307445803, -0.31387323664568406, 0.36522039633593584, -0.7288915834864637, 0.5110089054943167, -0.399939432545906, 0.11128523948581749, 0.18968689440615294, 0.18781776683862023, -0.0964040846496531], [0.020786798843628773, -0.5832832269475751, -0.5911829996336105, -0.4281343510827229, 0.21742095022670763, -0.02043715247903269, 0.5814775753969608, 0.02776144633374228, 0.6352480817268124, 0.31603016160063846, -0.08285650674023265]], "inverted": false, "swapped": true, "error_lsq": 0.04529820018713334, "error_max": 0.22787917718338793, "target": "180.xyz", "model": "4.xyz", "model_rescale": 3.7855080009869324, "target_rescale": 3.8778346241983614},
{"mapping": [11, 13, 8, 14, 15, 6, 7, 10, 12, 4, 5, 9, 3, 2, 16], "R": [[0.9370970322237041, -0.1322780409341221, -0.32303509419900034], [-0.0709051545566314, -0.9782583538137589, 0.19489241198901225], [-0.3417917659260189, -0.15972824759642668, -0.9261021950438019]], "T": [-0.01478124263849524, -0.03257138856459581, -0.03392118762547537], "aligned_model": [[-0.5250240804162555, -0.1011929362003305, 0.0032974456312099727, 0.5248912272686629, 0.568393608292225, -0.5969281947522707, -0.44098073653771436, 0.27345964320994165, -0.016247132460052088, -0.6703494844117979, -0.12280109207880029, 0.6680311734221209, 0.37747036440614223, 0.40733364578948783, 0.033783349135393353], [0.3897153544966506, 0.02509202175029726, -0.5665456625417582, 0.3067130035313139, -0.3757687809328764, -0.18099349444700258, -0.6145879608759878, -0.6817847361226037, 0.5611747995567199, -0.02809639107668274, -0.3768898911585064, -0.11030297245145873, -0.041280972564733495, 0.4531749312440336, -0.00995761243764726], [-0.4741056733034272, -0.7509118355435845, -0.49201998671212355, -0.26049816138337034, -0.5044961017458528, -0.2891717952585146, 0.1685144140627069, 0.12857033569841447, -0.3663795733951699, 0.3084397894748532, 0.6905646476519884, 0.15219443393527932, 0.5392100585273443, 0.3289220586097215, -0.038026032433864876]], "inverted": false, "swapped": false, "error_lsq": 0.05046309699058117, "error_max": 0.330520321834447, "target": "180.xyz", "model": "5.xyz", "model_rescale": 4.2253639853439635, "target_rescale": 3.8778346241983614},
{"mapping": [4, 1, 8, 13, 3, 9, 12, 11, 5, 2, 0, 6, 10, 14], "R": [[-0.6915918353617904, 0.6695752435403486, -0.27086846715480384], [0.6224667533518471, 0.7427414785640082, 0.2467189433184282], [0.3663821423493796, 0.002022191492871084, -0.9304622703307454]], "T": [0.005840376081303739, -0.07740899126622494, 0.0954488748586911], "aligned_model": [[0.4935580452775163, -0.1945149767435137, -0.495279500886441, 0.16384597966059267, 0.07991702899076208, -0.3648124214118176, 0.12840576899856643, 0.6010459389121828, -0.24533974418337764, 0.23404417015318396, -0.7153729048163052, 0.12025310264181328, 0.5063004133128043, 0.062011252851817356], [-0.09076586042649928, 0.0774237404272051, -0.5190001582373373, -0.8870868267660673, -0.4787378536783352, 0.049585595263477694, -0.40576482997907004, -0.3198245059082302, 0.7007547359508165, 0.527052258545995, 0.18095761701502963, 0.6052780840379559, 0.03687031344969613, -0.03164316305964614], [-0.6937777256586303, -0.6480328448097356, 0.06260059142239721, 0.0694215743603628, -0.27705919945794916, 0.4433328649797163, 0.5671295097416024, 0.09028828053401498, 0.031797105610087875, -0.3659183993878796, -0.149704939861256, 0.4439264495805236, 0.8229236493032832, 0.07463129257491066]], "inverted": true, "swapped": true, "error_lsq": 0.05955568039250274, "error_max": 0.45771439570786615, "target": "180.xyz", "model": "6.xyz", "model_rescale": 3.89814844738969, "target_rescale": 3.8778346241983614},
{"mapping": [3, 13, 8, 4, 0, 12, 11, 1, 7, 10, 9, 5, 14], "R": [[0.5308109820858111, -0.6484790806405489, 0.5456322784336401], [0.4812098848629727, -0.2993474417598931, -0.8239102838428297], [0.6976222100874238, 0.6999042727997852, 0.15315763418564093]], "T": [-0.04746526066799929, 0.14272659741693494, 0.008282332517809642], "aligned_model": [[0.0060612125096498465, -0.17578424766625372, 0.4458217169822541, -0.2619092749546923, 0.7098532275201959, -0.3066885205838923, -0.6067250088402558, 0.37396056878655476, -0.578617767668523, -0.7531605707047556, 0.19279494869926034, 0.1980159655776687, -0.094990448752988], [-0.18066586524772366, 0.17128858896493926, 0.3228264050950389, -0.7505167544194804, 0.10276311115273357, 0.5905942958470705, -0.016126321342201155, -0.5152675135652937, -0.1516762679433295, 0.6586567914516555, 0.5694599099834416, 0.06252163989952073, 0.09992324559411428], [-0.43653977069111166, -0.8065427030867361, -0.40576466544108897, -0.12231489907893255, 0.2763754523540947, -0.2701782210670669, -0.26568091277937134, 0.08780924539373865, 0.3383588021522848, 0.17724895667992535, 0.19458344260754898, 0.7867345913311091, 0.04818571246190165]], "inverted": true, "swapped": true, "error_lsq": 0.04118467271391276, "error_max": 0.20158176257786772, "target": "180.xyz", "model": "7.xyz", "model_rescale": 3.7474275329858107, "target_rescale": 3.8778346241983614},
{"mapping": [10, 11, 5, 12, 9, 6, 3, 8, 12, 0, 2, 4, 1, 13, 14], "R": [[-0.8663968364724796, -0.020605663695196553, -0.4989307851537726], [-0.01751365553396272, -0.9972796643022458, 0.0715998815574279], [-0.4990488890081985, 0.0707720127796325, 0.8636790657337958]], "T": [0.009680967850429538, -0.06520089550064882, -0.08430497722464791], "aligned_model": [[-0.4558033126411756, 0.2413401998700229, -0.15015431693854778, 0.14225586564162196, 0.3691235665967519, -0.7046046876669169, -0.3789841835501961, 0.3384884924020148, 0.14225586564162196, -0.6081174140204317, 0.16928040465994487, 0.6724660750392418, -0.20671599777544197, 0.7666181942547017, 0.04568804878475036], [0.32726965358676413, 0.1716729743954566, -0.6906119289297565, 0.5365609456734437, -0.4068979288336157, -0.3630804670917665, -0.6186920318398619, -0.6518107892745092, 0.5365609456734437, 0.008384400620088564, -0.3539236345693422, -0.2799766581968936, 0.20573007734575, 0.38452516145505694, -0.056049084044500194], [-0.5365821183698748, -0.6103322821912267, -0.39468407610769046, -0.11511409570889936, -0.6625649496473794, -0.3450766427648125, 0.15385778028640282, 0.029645714661813538, -0.11511409570889936, 0.1327747343550627, 0.6901346237544103, 0.2718033199161047, 0.5824562853501, 0.09709055103073497, -0.03748817067144555]], "inverted": true, "swapped": false, "error_lsq": 0.05854315706045923, "error_max": 0.4270538102244778, "target": "180.xyz", "model": "8.xyz", "model_rescale": 4.019505241142653, "target_rescale": 3.8778346241983614},
{"mapping": [12, 9, 3, 13, 11, 4, 1, 10, 7, 6, 0, 2, 14], "R": [[-0.7791148529526568, 0.3514723081108564, 0.5190830979137997], [0.48139175904657283, -0.1949578718802602, 0.8545486542695896], [0.401549524007446, 0.9156738747082104, -0.01730129897569238]], "T": [-0.0999279924898246, -0.04130894420030343, -0.05843603786034007], "aligned_model": [[-0.35292485047772043, -0.6140138359445881, 0.27145831784545915, 0.09777008067537694, 0.3043705110597029, 0.8162654976793098, 0.3290865192603351, -0.35231318243427723, 0.28565586548903665, -0.36041425123770576, -0.3934153759806909, 0.3409201339687103, -0.05274465816177219], [-0.5385965908151217, 0.04731936493920172, -0.008908617980418448, -0.4310813218574554, -0.5403900752899258, 0.10352084730609853, 0.6148683375068752, -0.79772009416316, -0.26093375196830315, -0.08693172103582009, 0.7061536810338463, 0.30679747785146094, -0.050719307413219214], [-0.24288126022696413, -0.009495663338589158, -0.4662802472084045, -0.7585891310590009, -0.08129036164538374, -0.035211528651509484, -0.10595901513952437, 0.33764910944247284, 0.47150409169265056, 0.6700239858250678, -0.10498787240370877, 0.5026209861785549, -0.00039959942178224156]], "inverted": true, "swapped": true, "error_lsq": 0.05535551357211785, "error_max": 0.36836648711071845, "target": "180.xyz", "model": "9.xyz", "model_rescale": 3.877068213659057, "target_rescale": 3.8778346241983614},
{"mapping": [7, 8, 0, 9, 11, 1, 5, 12, 2, 4, 3, 6, 13, 14, 15], "R": [[0.358923383270399, 0.8246097504054701, 0.43725594847635724], [-0.8142796680978923, 0.04766623501963269, 0.5785123612866365], [0.45620458904324607, -0.563690242575904, 0.6885714802114604]], "T": [0.09749254728807888, -0.06073765452698676, -0.0006727008160982567], "aligned_model": [[-0.5592330694291936, -0.009942197776983214, -0.0077968888857120056, 0.3986523317749545, 0.5084075975009746, -0.6350907762022832, -0.3840313435832335, 0.3053171878532098, -0.0351516699032646, -0.5023497996538983, -0.15295411845430978, 0.4660749210639685, 0.24998125687385284, 0.6525438087793652, 0.08870956034051529], [0.2852087467906109, 0.1057403341970668, -0.659615934855356, 0.3976846994843902, -0.38286434546350784, -0.36397762147085966, -0.6726935107891344, -0.7777276174369604, 0.5893440084943589, 0.12246953289957269, -0.32691117810028336, -0.2891437955912792, 0.38140281614838023, 0.4718849578147185, -0.13113945615195938], [-0.34025939251577375, -0.746370890857684, -0.5145063077502211, -0.3678198558508875, -0.5222457951744293, -0.35319760319198606, 0.06744642094236104, 0.029815453832208003, -0.013110586432328583, 0.25371866113505226, 0.5181620182373987, 0.43782729187568836, 0.6148737991361813, 0.13256692008479903, -0.05609355528597772]], "inverted": false, "swapped": false, "error_lsq": 0.04426004025072968, "error_max": 0.3252545111850513, "target": "180.xyz", "model": "10.xyz", "model_rescale": 4.260839863003843, "target_rescale": 3.8778346241983614},
{"mapping": [10, 7, 2, 6, 0, 9, 12, 11, 4, 1, 3, 14], "R": [[-0.9023147126885801, 0.07661196007855367, -0.4242154721820591], [0.06472040168353452, -0.948850525923609, -0.30902095246182365], [-0.42619177475832076, -0.30628954769533484, 0.8512034328531225]], "T": [-0.025609080041339376, 0.19306051091849924, -0.055143790175672155], "aligned_model": [[0.34699079464503174, 0.1982852883522132, -0.243301079962387, -0.3288390837329402, -0.7687510282577616, -0.37354410375611713, 0.301672675530691, 0.5921458568250744, 0.31721265529630777, -0.326086143090329, 0.2535623150936023, -0.010449497849254787], [0.034974224902077994, -0.4501224564555872, -0.5334770847269708, -0.2730503003764421, 0.3559737181978651, 0.42765544396402627, 0.5090827121808161, 0.01605233582755955, -0.3320407450977995, -0.032114677005845166, 0.33092260045177596, 0.11922273367145789], [-0.8481870521497933, -0.1731839990587089, 0.17951223719873094, -0.5949407995463799, 0.20601061890953853, -0.3688966045723151, -0.42708340148419455, -0.06556105593517798, 0.6287183936554477, 0.6347041488768538, 0.4013338633302661, -0.05624827182876264]], "inverted": true, "swapped": true, "error_lsq": 0.04348302213242358, "error_max": 0.22372350574499122, "target": "180.xyz", "model": "11.xyz", "model_rescale": 3.890672605050136, "target_rescale": 3.8778346241983614},
{"mapping": [6, 10, 7, 5, 2, 8, 12, 0, 9, 13, 4, 11, 1, 14], "R": [[0.46371344360944144, 0.7916250061094287, 0.39786893811671253], [-0.8828336255370556, 0.45069649514382537, 0.13220234069852804], [-0.07466345717264482, -0.41255607978469877, 0.90786719799523]], "T": [-0.01812625615912114, -0.055656661074767806, 0.1002884605233647], "aligned_model": [[0.5897220174485336, -0.00044409494901739843, 0.4188477273953639, 0.7275453102208431, 0.685948239858746, -0.49295842494939934, -0.4194760229661456, 0.20917556463702766, -0.0011122558798077886, -0.7861623449371838, 0.17522021233679091, -0.1929406668930395, 0.2601826807809441, 0.03632789269003738], [-0.23499881161247915, 0.038063719483698515, 0.41454759468251956, -0.3892180238969158, 0.23982049024931945, -0.39982254097076314, -0.09856777095298797, -0.6256560170988972, -0.5586783163973733, 0.24193233328113767, 0.725915662289802, 0.5125160353681567, 0.07178126614896721, -0.005483100746420104], [-0.34574450258933975, -0.7849478848941942, -0.1560476551449, 0.17372223494397426, 0.317733839875632, 0.4216716557298404, -0.3267940315250587, 0.6203239497781158, -0.045362251630246, 0.15304019230661936, 0.5614689070242391, -0.14400907183069916, 0.823603205302245, 0.08613184801063337]], "inverted": true, "swapped": true, "error_lsq": 0.04653114745443115, "error_max": 0.26865087884150307, "target": "180.xyz", "model": "12.xyz", "model_rescale": 4.124412569039231, "target_rescale": 3.8778346241983614},
{"mapping": [1, 13, 11, 0, 4, 2, 8, 5, 12, 9, 7, 10, 14], "R": [[-0.4750492630581742, 0.8427030757718245, -0.25333717404398454], [-0.3848336583603359, -0.45786337050021797, -0.8014138689511059], [-0.791347744712074, -0.2832183963638073, 0.5418081642982389]], "T": [0.04648504469608904, 0.1739362403583244, -0.04340135946669881], "aligned_model": [[-0.15180827989667006, -0.02001045148121057, 0.5535013028841596, -0.5932703858319979, 0.4617907029381881, 0.3984615408346442, -0.5555967658134789, 0.009281304713322905, 0.10631151392576878, -0.25382155703339304, 0.6967068872192772, 0.6043315371440238, 0.11142095790712334], [-0.430702161885498, 0.8155322676725547, 0.4644047769465971, -0.3023219040657809, -0.20603083210361212, -0.5341823074852248, 0.4088483898863795, -0.5137668329830316, 0.7356165937322565, 0.21978090980952797, -0.058139250219749555, 0.6127315083959357, 0.13571421880812223], [0.41700353803583207, 0.47152997105818556, 0.2242254678189654, -0.14777311172335666, 0.6942108637514911, 0.027244265061869145, 0.12840281691273875, -0.4887800203263356, -0.2054458838869026, -0.47030720754148514, -0.07655299306642598, -0.5809937323819554, -0.04106589274478141]], "inverted": true, "swapped": true, "error_lsq": 0.0477610334191145, "error_max": 0.29600092539896156, "target": "180.xyz", "model": "13.xyz", "model_rescale": 3.9028299243045295, "target_rescale": 3.8778346241983614},
{"mapping": [1, 6, 9, 3, 7, 11, 14, 10, 2, 12, 13, 4, 5, 0, 15], "R": [[-0.2957435372753052, -0.9246058404586351, 0.2400829022435202], [0.07750699081640536, -0.273722108409349, -0.9586807986720745], [0.9521178637828807, -0.26491554721782967, 0.15261496095665755]], "T": [0.029341890395183107, 0.030408952996926225, -0.011883842991960894], "aligned_model": [[-0.4523805849078183, 0.01151736890371766, -0.09421777422032211, 0.5018243221492126, 0.5213709478373175, -0.6250862045811707, -0.3770176388798442, 0.3171657643898878, -0.08426131806313271, -0.5477806578821774, -0.22402724016952738, 0.6694067344455044, 0.12329862639438853, 0.6024438199442558, 0.04088063493767055], [0.2322318810147028, 0.08662767356718079, -0.5045949286850101, 0.24794823399919277, -0.5740220531889002, -0.24044673495925709, -0.7533914090320656, -0.6353883862043174, 0.7494577257530965, 0.07223903364456206, -0.3986161303874248, -0.07275099012220013, -0.008926037275657703, 0.5999232824615499, -0.05062952461569353], [-0.39841937597319516, -0.6759094480255928, -0.5590120842014847, -0.35557914139298197, -0.4736180968988642, -0.22216402071998548, 0.04794573358645304, 0.15906621614870997, -0.12239602775729015, 0.3746651158525098, 0.6081104419003818, 0.18569726802122605, 0.4898399096406847, 0.17365325875946486, -0.09107317075563444]], "inverted": false, "swapped": false, "error_lsq": 0.048987830406660264, "error_max": 0.3092485821633382, "target": "180.xyz", "model": "14.xyz", "model_rescale": 3.942246331269136, "target_rescale": 3.8778346241983614},
{"mapping": [13, 12, 3, 0, 1, 4, 10, 5, 8, 11, 9, 2, 7, 0, 14], "R": [[-0.5354628880549044, -0.06349343148294706, -0.8421686764980167], [-0.8231264010632775, 0.2624533094820001, 0.5035684543481269], [0.189056667135854, 0.9628534906726285, -0.19279712682251532]], "T": [-0.09600860596012838, -0.13076883741992743, -0.02853097298183528], "aligned_model": [[-0.5501497513398355, 0.05288578105566151, -0.012628512274797915, 0.5210352272767118, 0.4835614516574137, -0.558414244302211, -0.5894101559569721, 0.3589357974307892, -0.06136185484401767, -0.7083202383466033, 0.0009409510925367931, 0.6142939111975323, 0.3185778754076153, 0.5210352272767118, -0.007844665032572556], [0.19064420384299005, 0.0785708953487265, -0.6072979390270246, 0.26867810561199623, -0.2996658290542222, -0.40008076793775726, -0.5315639948024683, -0.5732454708645328, 0.6287286684134177, 0.22876841728583233, -0.4408077111548593, -0.18318644016610522, 0.21970208195820126, 0.26867810561199623, -0.09826068909643239], [-0.6213035461367052, -0.8044714320135118, -0.5600530381862864, -0.008121895709819152, -0.5690989985907334, -0.2679387561318726, 0.29538054012410264, -0.0329555484331573, 0.1157051790668704, 0.07106045224848263, 0.7081093641521207, 0.24600617875053266, 0.6319746608067052, -0.008121895709819152, -0.05536468605250827]], "inverted": false, "swapped": false, "error_lsq": 0.04607512942472921, "error_max": 0.33638553861801995, "target": "180.xyz", "model": "15.xyz", "model_rescale": 4.355366556412066, "target_rescale": 3.8778346241983614},
{"mapping": [11, 7, 10, 8, 12, 3, 9, 1, 6, 4, 5, 14], "R": [[-0.3029799078652093, -0.9346294746462153, -0.18620129041585282], [-0.694166247953961, 0.35030585577244316, -0.6288235266058801], [0.6529444047018926, -0.061266243022367106, -0.754923871548923]], "T": [-0.1369727782139556, 0.06109395828157989, -0.07851848937835654], "aligned_model": [[-0.14405380404970047, 0.42527565744383256, 0.1083363159387622, -0.728430579921624, -0.42555522087909525, -0.46011298064111533, -0.1756232570263534, -0.02159799427826986, 0.5178766198818473, 0.07667951465383438, 0.4976778220559275, -0.0726635385462648], [-0.5432134433905567, -0.30350206253550893, -0.5855596839795987, 0.3710325319658448, -0.31111153557686083, -0.012239348152256399, 0.3153274217252446, 0.5354850347894544, 0.06760499498100536, -0.11327839467616412, 0.5589778924010155, 0.033253020189361396], [0.14016849892945316, 0.09087143604918727, -0.6392341669562569, -0.11483169504080784, -0.4299522638058306, 0.363654675213496, -0.5350334162239785, 0.536723150509437, -0.49290768697532544, 0.8074118340898009, -0.22688287399880885, -0.050729030580944856]], "inverted": false, "swapped": true, "error_lsq": 0.045433693958281035, "error_max": 0.2349050473197944, "target": "180.xyz", "model": "16.xyz", "model_rescale": 3.795458400668931, "target_rescale": 3.8778346241983614},
{"mapping": [3, 13, 8, 4, 0, 12, 11, 1, 7, 10, 9, 5, 14], "R": [[0.5308109820858111, -0.6484790806405489, 0.5456322784336401], [0.4812098848629727, -0.2993474417598931, -0.8239102838428297], [0.6976222100874238, 0.6999042727997852, 0.15315763418564093]], "T": [-0.04746526066799929, 0.14272659741693494, 0.008282332517809642], "aligned_model": [[0.0060612125096498465, -0.17578424766625372, 0.4458217169822541, -0.2619092749546923, 0.7098532275201959, -0.3066885205838923, -0.6067250088402558, 0.37396056878655476, -0.578617767668523, -0.7531605707047556, 0.19279494869926034, 0.1980159655776687, -0.094990448752988], [-0.18066586524772366, 0.17128858896493926, 0.3228264050950389, -0.7505167544194804, 0.10276311115273357, 0.5905942958470705, -0.016126321342201155, -0.5152675135652937, -0.1516762679433295, 0.6586567914516555, 0.5694599099834416, 0.06252163989952073, 0.09992324559411428], [-0.43653977069111166, -0.8065427030867361, -0.40576466544108897, -0.12231489907893255, 0.2763754523540947, -0.2701782210670669, -0.26568091277937134, 0.08780924539373865, 0.3383588021522848, 0.17724895667992535, 0.19458344260754898, 0.7867345913311091, 0.04818571246190165]], "inverted": true, "swapped": true, "error_lsq": 0.04118467271391276, "error_max": 0.20158176257786772, "target": "180.xyz", "model": "17.xyz", "model_rescale": 3.7474275329858107, "target_rescale": 3.8778346241983614},
{"mapping": [4, 2, 1, 7, 13, 12, 3, 0, 11, 8, 10, 6, 9, 14], "R": [[0.2710050732111448, 0.48690411574339965, -0.8303497048629334], [-0.9347054992366853, -0.07296920413480164, -0.34785215960898264], [-0.22996060530125922, 0.8704021354064295, 0.4353369300776202]], "T": [0.007141119419410504, 0.004477955843220464, 0.1089755822155162], "aligned_model": [[0.5231025031542742, 0.13017193957416887, 0.6785525306997945, -0.2608264918488032, 0.23595130185160618, -0.3422647721047334, 0.4359918142657671, 0.3992089486587863, -0.12581761868398664, 0.3617015755488038, -0.8469775760091388, -0.5608257779231985, -0.20311903353148172, -0.01000169576898223], [-0.3575167795199256, 0.27419249214147984, 0.24076400982509708, -0.12667016894644473, -0.6897826600747877, -0.30839830400691265, -0.343520880937457, 0.6852680009130656, -0.5823678371499166, 0.031770587091929786, -0.24546690952234168, 0.42472109177555106, 0.35915523326863874, -0.0017396333467429555], [-0.5719570281269827, -0.627521275958723, -0.2230727985763268, -0.5145146240483802, 0.49221113123711924, 0.4630185494832414, 0.12624876580890876, 0.2816313828679039, -0.11684639347764894, 0.6753190246536064, 0.08161915331582456, -0.20945470072749742, 0.4322851688952386, 0.035828363315371106]], "inverted": false, "swapped": true, "error_lsq": 0.04777012936420179, "error_max": 0.3153981560388912, "target": "180.xyz", "model": "18.xyz", "model_rescale": 3.922800546911778, "target_rescale": 3.8778346241983614},
{"mapping": [5, 8, 6, 13, 4, 1, 2, 10, 12, 3, 9, 11, 7, 7, 14], "R": [[-0.4996639594218458, 0.4118521057203363, -0.7620457799034183], [0.5268393832298839, -0.5538264757919905, -0.6447608075788875], [-0.6875872249633784, -0.7236394666721466, 0.05974722036724206]], "T": [-0.06234549683785123, -0.0866397345901738, -0.16382256094093814], "aligned_model": [[-0.6076248048500754, -0.013340475314217143, -0.003950205585355138, 0.5297089211105748, 0.5230125555826077, -0.6204839327385936, -0.3522473748356946, 0.2498076700026069, -0.06877345227195625, -0.33942787442439154, 0.001897662757595675, 0.5699628681977051, 0.27251095977466105, 0.27251095977466105, -0.030426676882166312], [0.37162464344775925, 0.06072778578806201, -0.6022809499625871, 0.2388372375977554, -0.427236814794386, -0.4889892945410189, -0.5616378592688033, -0.7989191742773173, 0.6969093339442304, 0.2344241006523716, -0.36329186538447067, -0.1969635790306132, 0.31706302203157033, 0.31706302203157033, -0.04766797226436478], [-0.43804501855688793, -0.7556603561387925, -0.618214351009716, -0.28771789411904286, -0.41919820291772836, -0.4369147466831885, 0.2872457769779351, 0.050231281570117664, -0.09582562605179819, 0.3150225218524878, 0.599118852856447, 0.14481702437298136, 0.43876042655503567, 0.43876042655503567, -0.0815735370784852]], "inverted": true, "swapped": false, "error_lsq": 0.048192642120355185, "error_max": 0.450755715756192, "target": "180.xyz", "model": "19.xyz", "model_rescale": 3.9282355846067225, "target_rescale": 3.8778346241983614},
{"mapping": [8, 3, 1, 13, 12, 3, 11, 2, 10, 6, 0, 9, 5, 14], "R": [[-0.002600733485384865, -0.6548569083233432, -0.7557484143592567], [0.10254877087388792, -0.7519412600869217, 0.6512051066838678], [-0.9947245778493629, -0.07580746005562516, 0.06911036986098368]], "T": [-0.06059616491008412, -0.0841251577569149, 0.03118191604888448], "aligned_model": [[-0.4516545353358428, -0.052997522195333706, 0.5184769156996719, -0.5518007012494023, -0.5842391352822809, -0.052997522195333706, -0.0824107743162171, 0.7234091613764333, -0.37732788719274757, 0.18213875171631255, 0.1181969810548818, -0.3047608447153775, 0.4505972937267727, -0.002107362006860368], [-0.6265737592070366, -0.3748340296126581, -0.6065247775079103, -0.2507601727167478, 0.16702211206062148, -0.3748340296126581, 0.2788439694774719, 0.026179519817406433, 0.7443528521114067, 0.4283798337560668, -0.6790192162976876, -0.1217441153240866, -0.04907617348260665, -0.03852992603674537], [0.03625786606290736, -0.43865325099974456, -0.061842351147746555, -0.6108245198241585, -0.058515029965489476, -0.43865325099974456, -0.4987606383746315, 0.09016210220202357, 0.10892996470480168, 0.5593929806765119, 0.5421969488594987, 0.49324556431283356, 0.671599438801973, 0.017647332934648048]], "inverted": false, "swapped": true, "error_lsq": 0.051545574328954395, "error_max": 0.3618589927655486, "target": "180.xyz", "model": "20.xyz", "model_rescale": 4.067790424073018, "target_rescale": 3.8778346241983614},
{"mapping": [7, 1, 10, 5, 13, 9, 12, 11, 8, 0, 3, 6, 2, 4, 14], "R": [[-0.8490209621143575, -0.18410918814893407, 0.49524459888983297], [-0.5256279362473033, 0.3894986304931308, -0.7563108418371225], [-0.053653317947840326, -0.9024381550461595, -0.4274654346143932]], "T": [0.06998353672055904, -0.06105733924837159, -0.024151249307788433], "aligned_model": [[-0.5177840555163153, -0.11722009408862005, -0.03181146823745776, 0.4567527603714061, 0.46015718380219517, -0.5006122046370288, -0.4373332351000837, 0.2085284884567495, -0.00519794688761549, -0.4450555422825814, -0.051439897656343644, 0.6765908502192688, 0.12360075968300785, 0.5166831207218011, 0.047278081449579484], [0.2943255800941054, 0.09210314851344975, -0.6293880993467995, 0.2367702385870481, -0.3979902828203051, -0.3238155299029407, -0.623950012784426, -0.6848891260895331, 0.4744883075934289, 0.2472468352813954, -0.4648840294620555, -0.15095961880967182, 0.2353698840685156, 0.565213238771894, -0.1199788977243474], [-0.31552076618364866, -0.8082442073677627, -0.6054641991422207, -0.356076575812251, -0.49782225510840217, -0.4817848720426268, 0.08896549572407038, 0.07419229168056686, -0.20500063801652835, 0.3555082199381069, 0.7147163778799234, 0.3899768106385662, 0.6562736372280933, 0.2010534120461872, -0.06996615327767317]], "inverted": false, "swapped": false, "error_lsq": 0.04212629837511556, "error_max": 0.24602064793448122, "target": "180.xyz", "model": "21.xyz", "model_rescale": 4.186013935880536, "target_rescale": 3.8778346241983614},
{"mapping": [8, 9, 0, 4, 11, 1, 3, 12, 5, 6, 10, 2, 14], "R": [[0.012915436380193851, 0.1679115398426096, 0.9857174576372243], [0.8430524950917535, 0.5282566352598808, -0.10103176640778891], [-0.5376761869589148, 0.8323164314679803, -0.13473557765389615]], "T": [-0.09135820729690484, -0.10071859294694527, -0.03234205633357662], "aligned_model": [[-0.14547881458333634, -0.30031743656672627, 0.3472999407678761, 0.5437318519304758, -0.2751048484554819, 0.6777403861300492, 0.08541582262227583, -0.665063719482153, 0.3003174922012666, -0.17125601539141094, -0.7937522073041794, 0.5193904900385926, -0.06434890648402253], [-0.4067637518064765, 0.22797789598785786, 0.17643282449748368, -0.5299532289974127, -0.439303530716996, -0.2224419117233868, -0.6242233925145325, -0.22789677423648125, 0.61858161213938, 0.6260378463810705, 0.1940279987433878, 0.20612163668277303, -0.07964056489057394], [-0.6244655402196488, -0.3828118132952116, -0.6469707366231605, 0.4904808598141985, 0.48210812325230673, -0.13506156249018536, -0.03519493526393713, -0.029156279587914877, -0.07569120034315957, 0.22462088462747704, 0.42864240245655716, 0.37157035754205225, 0.034809001465972156]], "inverted": true, "swapped": true, "error_lsq": 0.0482885985885282, "error_max": 0.2827792759309931, "target": "180.xyz", "model": "22.xyz", "model_rescale": 4.166573947596378, "target_rescale": 3.8778346241983614},
{"mapping": [10, 8, 0, 3, 4, 7, 5, 1, 9, 13, 6, 2, 12, 11, 15], "R": [[-0.4574293513649828, 0.5660908180019009, 0.6857839122374849], [-0.6283436359061749, 0.3399459069847443, -0.6997292730338843], [-0.629239750592745, -0.7509846643562429, 0.20019832710520263]], "T": [0.04837311647573528, 0.03344325573689591, -0.031068210848691612], "aligned_model": [[-0.653091892599803, 0.10189252880038266, -0.045658127796292, 0.5991137059195911, 0.48246446521845027, -0.500159803410772, -0.5041365198575934, 0.15532081238137635, 0.09395552622653569, -0.7614351859693378, 0.1405208442665699, 0.5964686579598364, 0.07460335499434165, 0.5630939605101205, 0.04018447365455661], [0.21904523116643446, 0.11182631195651202, -0.6362796160662092, 0.1835632991346156, -0.3263974306386548, -0.267840642722342, -0.5635458910465083, -0.6642195830394296, 0.5934380589034507, -0.03633071679340141, -0.3824037245715616, -0.2953532918677547, 0.30387210107908935, 0.5438781415403559, -0.03359061106483868], [-0.21664833064439218, -0.8342312760000238, -0.48865444635241695, -0.21968270585203284, -0.5021657535509404, -0.37708742415945873, 0.14039327632257276, 0.06857020843912599, -0.24267452131663542, 0.20590276826924803, 0.5995566516473786, 0.17939163538712738, 0.5652216259113877, 0.27975651065483165, -0.016841640571370803]], "inverted": true, "swapped": false, "error_lsq": 0.04717493687320958, "error_max": 0.35390951425627487, "target": "180.xyz", "model": "23.xyz", "model_rescale": 4.274766983524099, "target_rescale": 3.8778346241983614},
{"mapping": [12, 7, 6, 9, 5, 0, 8, 1, 3, 4, 14], "R": [[0.9817515576989264, 0.11852164920901873, 0.14871616463756082], [0.1476777100873463, -0.9678647626466459, -0.2035413844168058], [0.11981307482528562, 0.2217891338540428, -0.9677057441212097]], "T": [0.03829122753722984, 0.020134363310472317, -0.0843576332135677], "aligned_model": [[0.25382807264807344, 0.14896453025424064, -0.468047215283698, -0.3694115051175731, -0.6809308636173229, -0.5590066208824707, 0.049841083158641164, -0.0391189824880544, 0.4635355116243605, 0.5350695092961997, 0.045171184365678574], [-0.2309553546354126, 0.6916259743183503, 0.477780392944895, -0.23552118423437313, 0.38787014393950103, -0.24697987226085533, -0.6192696464618636, 0.16530151114951813, -0.11017004100276616, 0.5407089324005673, 0.09519567508592267], [-0.5699709316546684, -0.20517545078774746, -0.4514680086484275, -0.29160896535694397, 0.057669709722243306, 0.38349657390435155, 0.11117244806798574, 0.683636291412432, 0.2435181554780559, 0.5014230548885121, -0.08312644300421633]], "inverted": false, "swapped": true, "error_lsq": 0.04899739758131485, "error_max": 0.28942709619269386, "target": "180.xyz", "model": "24.xyz", "model_rescale": 3.7841303162186577, "target_rescale": 3.8778346241983614},
{"mapping": [11, 13, 10, 12, 14, 7, 0, 8, 3, 6, 1, 2, 4, 5, 15], "R": [[0.9371507805921859, 0.08135815378293318, -0.3393070368390397], [-0.34169827210125714, 0.4108723390472853, -0.8452373701208602], [0.07064492393988465, 0.9080554893941479, 0.41284927383087733]], "T": [0.018497012309982522, -0.1948969766034152, -0.07961235256504269], "aligned_model": [[-0.4907023805936815, 0.10285054650986689, -0.1463387075715957, 0.6299582631460812, 0.42880160107863424, -0.5864064679557135, -0.3959425910174869, 0.2119638914949633, -0.03223670402337078, -0.4879535540609197, -0.13390521408847345, 0.665246993324887, 0.0680506436779048, 0.5723587984422728, -0.022608318065405923], [0.14392139692354228, 0.3361399255559335, -0.6987225371708391, 0.1738779968594632, -0.24815991390526093, -0.4048709477811495, -0.7306053628447977, -0.5768525993716099, 0.607595725699422, 0.25313385417571105, -0.43347444657967704, -0.17233472561202878, 0.21116703493818473, 0.430885400717539, -0.1420391656346749], [-0.5436658593827083, -0.6478414323242819, -0.6490367068450837, -0.33513547109161124, -0.7564521905296301, -0.19278598505317984, 0.20776595116719243, 0.3279882516212706, -0.030282438609632936, 0.17495129514803398, 0.6080581688416288, 0.3076839614048223, 0.5443754670335058, 0.18679388523836787, -0.061610318434293335]], "inverted": true, "swapped": false, "error_lsq": 0.05116583343346149, "error_max": 0.3498778202527896, "target": "180.xyz", "model": "25.xyz", "model_rescale": 4.19342608120988, "target_rescale": 3.8778346241983614},
{"mapping": [11, 7, 10, 8, 12, 3, 9, 1, 6, 4, 5, 14], "R": [[-0.3029799078652093, -0.9346294746462153, -0.18620129041585282], [-0.694166247953961, 0.35030585577244316, -0.6288235266058801], [0.6529444047018926, -0.061266243022367106, -0.754923871548923]], "T": [-0.1369727782139556, 0.06109395828157989, -0.07851848937835654], "aligned_model": [[-0.14405380404970047, 0.42527565744383256, 0.1083363159387622, -0.728430579921624, -0.42555522087909525, -0.46011298064111533, -0.1756232570263534, -0.02159799427826986, 0.5178766198818473, 0.07667951465383438, 0.4976778220559275, -0.0726635385462648], [-0.5432134433905567, -0.30350206253550893, -0.5855596839795987, 0.3710325319658448, -0.31111153557686083, -0.012239348152256399, 0.3153274217252446, 0.5354850347894544, 0.06760499498100536, -0.11327839467616412, 0.5589778924010155, 0.033253020189361396], [0.14016849892945316, 0.09087143604918727, -0.6392341669562569, -0.11483169504080784, -0.4299522638058306, 0.363654675213496, -0.5350334162239785, 0.536723150509437, -0.49290768697532544, 0.8074118340898009, -0.22688287399880885, -0.050729030580944856]], "inverted": false, "swapped": true, "error_lsq": 0.045433693958281035, "error_max": 0.2349050473197944, "target": "180.xyz", "model": "26.xyz", "model_rescale": 3.795458400668931, "target_rescale": 3.8778346241983614},
