[{"mapping": [8, 9, 6, 5, 4, 3, 12, 1, 0, 11, 7, 10, 13], "R": [[0.43447974926049215, -0.44234170296808734, 0.784577061414513], [0.41257095469600186, -0.6765878562909625, -0.6099295697544346], [0.8006325966532776, 0.5886957537938359, -0.11146638345859222]], "T": [-0.029328073121732568, 0.1201496594688713, -0.09826309180536802], "aligned_model": [[-0.36271189980262086, 0.6475282925288472, -0.5262772046374249, -0.7376912923656413, -0.014100524933663473, -0.24045629613116187, 0.3440758624863444, -0.005084522094768496, 0.5739884158509255, -0.27477729228081765, 0.225077174973924, 0.37856918463829026, 0.016024959486048197], [-0.572691471595282, -0.14692303673667723, -0.23715623172024225, 0.29443677859123973, -0.7102422273268074, 0.2593118769278716, 0.36702393681875944, 0.6961022433768238, 0.477453405444327, -0.173434143769647, -0.5836556003541737, -0.20946030232693835, -0.02271501872671064], [0.04104061538167106, -0.012935446906345002, -0.5564337423221879, 0.10235298474890236, -0.5711496138496881, -0.5557115112785442, 0.26880965306814547, -0.07115248970346598, -0.4203743797575887, 0.4853678464882452, 0.008182239056404889, 0.7622053996796159, -0.034445786842297]], "inverted": false, "swapped": false, "error_lsq": 0.0618034661879772, "error_max": 0.365217951345997, "target": "181.xyz", "model": "0.xyz", "model_rescale": 3.8414455957264533, "target_rescale": 3.76285476455389},
{"mapping": [0, 10, 11, 13, 1, 12, 6, 9, 8, 7, 4, 2, 14], "R": [[0.6715831588928245, -0.543450902016154, -0.5036240440937708], [0.7358806465542951, 0.41001780182786934, 0.5388553388536438], [-0.08634659644924314, -0.7324933578416061, 0.6752760517000147]], "T": [0.0623125232041964, -0.08312959219616553, 0.016742610508358458], "aligned_model": [[-0.5677586999509883, 0.5911834626841029, -0.3890967790132153, -0.5410970192817017, -0.06277195335843155, 0.05761683873375623, 0.7018817977700019, -0.13322188397488782, 0.12268658995689877, -0.29971484768628287, 0.03513352144981626, 0.4296007965273622, 0.07972303386185027], [-0.4246430638414642, -0.023483094766296203, -0.23574807270744, 0.32307219846671464, -0.8083313306992573, 0.12681209001597266, 0.29142040658231716, 0.463709095297678, 0.6177990935107124, -0.05173560440064143, -0.5262109358673471, -0.17175470937673154, -0.14285586361167346], [0.12581218437601555, -0.4135121107073184, -0.6898001294642445, -0.1971359296459982, -0.4381576020260928, -0.7168730821293908, 0.2630972638641475, 0.37485352274446465, -0.342918823506383, 0.546747895757047, 0.3309996066156314, 0.6506587252289492, -0.04801575334396002]], "inverted": false, "swapped": false, "error_lsq": 0.05240478561585275, "error_max": 0.2942789517541369, "target": "181.xyz", "model": "1.xyz", "model_rescale": 4.316132596720782, "target_rescale": 3.76285476455389},
{"mapping": [9, 3, 0, 1, 10, 6, 4, 8, 2, 7, 5, 12], "R": [[0.8278159416497006, -0.3411356032812839, 0.445361950467857], [-0.5246317258846818, -0.18956664067199708, 0.829955445153289], [-0.19870158264563376, -0.9207013570741863, -0.33589684746343185]], "T": [-0.10128066141257475, -0.06714546774623593, 0.022782565179079776], "aligned_model": [[-0.18452476906466467, 0.4893625701526857, 0.200959279918772, -0.4724197100528976, -0.49504867064433916, -0.5835144579857556, -0.21568433620392075, -0.039685850400795364, 0.5055972244637177, 0.12907970184562378, 0.3489887536693402, -0.08530118106598553], [-0.6225415636340395, -0.2551358683090167, -0.4858880205109479, 0.5114642210974865, -0.26202683752245776, -0.07610250318697721, 0.199125265147227, 0.5171231355572012, 0.04971141309356229, -0.15938688250017685, 0.5574569422721866, 0.03897712623693242], [0.03131940322000084, 0.10555718919769619, -0.520309344500702, -0.1432650751792047, -0.35983892432085, 0.4455768469937646, -0.75460426067548, 0.5410784208667828, -0.5616129309622558, 0.7213739080734232, -0.1116303459033198, 0.05561357439956558]], "inverted": true, "swapped": true, "error_lsq": 0.04142862457491094, "error_max": 0.22228243879479592, "target": "181.xyz", "model": "2.xyz", "model_rescale": 3.795458400668931, "target_rescale": 3.76285476455389},
{"mapping": [6, 9, 7, 2, 1, 5, 3, 10, 0, 4, 8, 12], "R": [[-0.18097225475284223, 0.9662362213958366, 0.1834028556821512], [-0.5074030729200514, -0.25147686136662234, 0.8241974944080342], [0.8424910471933582, 0.056097706369228784, 0.5357815625225921]], "T": [0.009172332268373669, -0.05933224294845437, -0.03159742478867184], "aligned_model": [[-0.1865597066707323, -0.0010727868319419173, -0.7277487605170506, 0.31013940082548325, 0.345796592542268, -0.006928257892533589, -0.3135457355100063, 0.5035199493679068, 0.35923015045208356, 0.7832269637786089, -0.45231278233470984, -0.020441201465810816], [-0.06062641027618645, -0.6158302974961691, -0.10504191632041252, 0.044756966687421164, 0.49667567240420524, 0.5712853787119081, -0.22295293728715052, -0.2879703957478983, -0.49743230414549294, 0.15947587618470624, 0.5545130405706338, 0.04891637200414447], [-0.6423935952417404, -0.1069116678584448, -0.09839689103911978, 0.7571095264657732, -0.3102450333882623, 0.42992151704641124, 0.4784347047801856, -0.23842156786635954, 0.46556551660894224, 0.17157987574604827, -0.18658056088393754, -0.03089039373039592]], "inverted": true, "swapped": true, "error_lsq": 0.04323825759805758, "error_max": 0.21610016343759073, "target": "181.xyz", "model": "3.xyz", "model_rescale": 3.7530521520055578, "target_rescale": 3.76285476455389},
{"mapping": [9, 6, 7, 8, 3, 1, 0, 10, 4, 5, 12], "R": [[-0.27489144159987966, 0.7910496352705092, -0.5465118204334967], [0.8101130843947995, -0.11557416232550338, -0.5747690001166582], [-0.5178334537546649, -0.6007354555385863, -0.6090693118450171]], "T": [-0.0926741793391326, -0.09908056939646055, -0.02725109339890429], "aligned_model": [[-0.40526283896193505, -0.2468089738388861, 0.3780096268817045, 0.47535338452212417, 0.2991027108780443, -0.18323513674551406, -0.3272929686400734, -0.6614278591471562, -0.4361407116791335, 0.4619031413955953, -0.016000772219565057], [-0.5512875872980695, 0.053446594349401425, -0.38162137978076105, 0.31540126837461374, -0.5441956729821105, 0.6016951378391436, -0.5296496123520678, -0.03881018813524399, 0.2948902425143339, 0.2648159126192792, -0.017481356834173276], [-0.14242237986257827, -0.6308756432812196, -0.5254796403048682, -0.3727128256132457, 0.17133105315693892, 0.0013374613058327461, 0.5395005743946445, 0.0837350789596747, 0.6170596402834536, 0.3862230812818559, -0.03486562307517229]], "inverted": false, "swapped": true, "error_lsq": 0.040259767890980847, "error_max": 0.16512189337481573, "target": "181.xyz", "model": "4.xyz", "model_rescale": 3.7855080009869324, "target_rescale": 3.76285476455389},
{"mapping": [8, 0, 10, 15, 7, 3, 12, 14, 2, 13, 6, 11, 16], "R": [[-0.7078707375574093, -0.6935514040598061, -0.13381131804373422], [0.7063339445469239, -0.6941398657657457, -0.1387883479817235], [0.003373083265050092, -0.1927596863490507, 0.9812401977232196]], "T": [0.057569786840346006, -0.06828825921159451, -0.09197871574029344], "aligned_model": [[-0.5454965141767236, 0.7016495582154761, -0.4734064959347795, -0.7159895401802404, -0.029662509479559333, 0.11737549308288692, 0.31703636481493586, -0.09720131950307051, 0.3487607453245029, -0.1980103748820536, 0.13921872343783298, 0.4140497693821446, 0.045840957616928656], [-0.3743371519730314, -0.0860584748334171, -0.22921107435807928, 0.19178090244448523, -0.7593655803341526, 0.23855051232792038, 0.28859613852613775, 0.5673477047867164, 0.5604425973917825, -0.1011408696637146, -0.6219893036191106, -0.22067837029868234, -0.01588682179431082], [0.10284167790654201, -0.5316596806030306, -0.5643475427917034, 0.02329532913025653, -0.36797171308756976, -0.712212422644548, 0.4260713634756886, 0.08038782522993711, -0.3482813166450705, 0.5851232897181395, 0.24391661414907556, 0.6023810644818937, -0.0937887205567428]], "inverted": false, "swapped": false, "error_lsq": 0.042208407916788225, "error_max": 0.21967997439728068, "target": "181.xyz", "model": "5.xyz", "model_rescale": 4.2253639853439635, "target_rescale": 3.76285476455389},
{"mapping": [3, 9, 4, 2, 0, 1, 11, 5, 8, 6, 7, 12, 13], "R": [[0.49223883060244267, 0.870107434677961, 0.024778736151741573], [-0.8362912970191355, 0.4648275691255478, 0.2907786056622567], [0.24149078694060327, -0.16385476221023298, 0.9564694541509605]], "T": [0.00044721945743298125, 0.0379405136949657, -0.1188952374986944], "aligned_model": [[-0.4901235411936612, 0.5427161547308946, -0.5391202684425125, -0.6219967103621735, 0.18182614033670014, 0.009745626367408578, 0.34484825413806325, -0.157714763603784, 0.44613663087108224, -0.24248809671916824, 0.007487536218267863, 0.5882679846572012, -0.045420089280037226], [-0.425004658232152, -0.07824222458766822, -0.16480297416849998, 0.26651723699812685, -0.6935600866173364, 0.04017343250771154, 0.3196697712965989, 0.5925493994891139, 0.5846944674975162, -0.0395944071637161, -0.6239249825263642, -0.34284271005090333, 0.002417944160116217], [0.10026582036040663, -0.37392935413393646, -0.5295938086391656, -0.016485043514172584, -0.3928864930708639, -0.8527987295606814, 0.5195171226066941, 0.14213165261610122, -0.33863585312021394, 0.47160348081043274, 0.31845555406170917, 0.4982065766152279, -0.10009515726867024]], "inverted": false, "swapped": false, "error_lsq": 0.044944456214544855, "error_max": 0.3266239589520596, "target": "181.xyz", "model": "6.xyz", "model_rescale": 3.89814844738969, "target_rescale": 3.76285476455389},
{"mapping": [5, 4, 1, 6, 2, 0, 11, 8, 7, 9, 10, 11, 12], "R": [[-0.8036027288065256, 0.16301988295971903, -0.572404727456461], [0.3625113435655395, 0.8968366175497545, -0.2535145108435079], [0.4720256137552425, -0.41122815951940256, -0.7797969099562218]], "T": [0.0260914522635581, 0.05464569976429442, -0.14723428807259775], "aligned_model": [[-0.6010030401643688, 0.6008980269954926, -0.5383357595164402, -0.6041073969881328, 0.11180664823952713, -0.1584036584258723, 0.5119121346905819, -0.0709842689626217, 0.4362100627835508, -0.3858385404877304, 0.11991784915458525, 0.5119121346905819, 0.0901806657091278], [-0.3802515975994197, -0.20088285021749283, -0.3452550233024185, 0.29263889284506983, -0.5787973576925406, 0.16282189677602354, 0.16409919289920585, 0.5263090306492871, 0.5183634445157863, -0.18919552596010872, -0.598199359780237, 0.16409919289920585, -0.09769972742981789], [-0.005130655687193508, -0.28794089834169745, -0.6333391598099809, -0.08736358173936948, -0.45211236642442765, -0.699746597437813, 0.4909965217366098, 0.3279464974834103, -0.36642201139143876, 0.6069546913906122, 0.17509101116230735, 0.4909965217366098, -0.11417420491476084]], "inverted": true, "swapped": false, "error_lsq": 0.052069710267902705, "error_max": 0.49079687197313066, "target": "181.xyz", "model": "7.xyz", "model_rescale": 3.7474275329858107, "target_rescale": 3.76285476455389},
{"mapping": [10, 8, 6, 0, 7, 3, 4, 1, 2, 12, 11, 13, 14], "R": [[0.7905692741126833, -0.4794876271431159, 0.38090922572918817], [0.3822053226306137, -0.09964286382299663, -0.9186894965340467], [0.4784551328826704, 0.8718732219226694, 0.1044881367065666]], "T": [0.01389447783284318, -0.09899330239954798, -0.032382726642554024], "aligned_model": [[-0.6267393097534851, 0.5980702896154879, -0.4835457562024959, -0.5351509034094697, -0.14709198224149625, -0.02654974777387297, 0.7282920871348989, -0.24017419460880204, 0.37094943067749414, -0.17031061494658725, 0.045525261827249565, 0.4656872115590757, 0.04520308584028418], [-0.4976926079170664, -0.01276693142147553, -0.257129995095825, 0.1940715994155834, -0.6969424314986493, 0.20221733921681542, 0.17409333470701624, 0.5826162873389886, 0.6557998021556637, -0.16285851981057564, -0.6567341396686951, -0.029136133293292288, -0.05748739552594452], [0.04436734613204334, -0.37372412426751894, -0.660462417751648, -0.24888993272940074, -0.3159631043247492, -0.6818216775661524, 0.13280077829320125, 0.15645396711704435, -0.13910023136814037, 0.5529653207604583, 0.24038935318981602, 0.741642550960966, -0.002902060683051797]], "inverted": false, "swapped": false, "error_lsq": 0.0516961656543337, "error_max": 0.3440088498195464, "target": "181.xyz", "model": "8.xyz", "model_rescale": 4.019505241142653, "target_rescale": 3.76285476455389},
{"mapping": [7, 5, 0, 1, 4, 2, 11, 10, 6, 9, 8, 11, 12], "R": [[0.9443428689905997, 0.326010578645225, 0.04397326913033708], [-0.3000698762606755, 0.9084509315859637, -0.290989646313229], [-0.13481326028068014, 0.26159894401927686, 0.9557151130648156]], "T": [-0.011732323127425443, 0.013121387149960702, -0.12625787824254264], "aligned_model": [[-0.5155077746463832, 0.6010740745333303, -0.4375265606474139, -0.6029064544593744, 0.03088160065593256, -0.030058659690684456, 0.4199885965970098, -0.15309848409706095, 0.4363372790172245, -0.21191085354043643, 0.04212847493212925, 0.4199885965970098, 0.02477502246699831], [-0.7269916158187057, -0.1748006093432439, -0.3262056591272527, 0.33608098349493754, -0.7593290326963469, 0.23088267909602278, -0.02715334853206431, 0.8414248750695096, 0.5819929451178992, -0.02477619746980416, -0.4844869547120461, -0.02715334853206431, -0.0014345079442975514], [0.008006887646611588, -0.3254521586875727, -0.48150779172690017, -0.07610264179447142, -0.42475255762924546, -0.6759999335146587, 0.3201102625684031, 0.2372097250604281, -0.18692599289894846, 0.5263004643385003, 0.3271976145324749, 0.3201102625684031, -0.12243837270015633]], "inverted": false, "swapped": false, "error_lsq": 0.05582521582755176, "error_max": 0.4906602337210934, "target": "181.xyz", "model": "9.xyz", "model_rescale": 3.877068213659057, "target_rescale": 3.76285476455389},
{"mapping": [12, 4, 5, 0, 3, 1, 9, 8, 7, 11, 6, 14, 15], "R": [[0.6015350494825378, 0.2999735224764619, -0.7403860277295251], [0.7977261310088328, -0.27463159961069983, 0.5368524046709183], [-0.04229189224567714, -0.9135608191622123, -0.4044972503515298]], "T": [0.13477254022485421, -0.1286053860114716, 0.039807277065584255], "aligned_model": [[-0.5299383824536209, 0.4869532182004359, -0.3235999470877394, -0.5996620497315108, 0.13899525250895614, -0.1796810535835355, 0.35859068024884977, -0.0013859449235032184, 0.40172955905159713, -0.4246778190950493, 0.054265554449968, 0.5926263620970172, 0.04994942803641672], [-0.4693590565887091, -0.11338654920498042, -0.2627265850905176, 0.1480427109467572, -0.6094699407764876, 0.2936284754308485, 0.2702489500671756, 0.6241340410685381, 0.48835664037387055, 0.10028494913968491, -0.7071698968118547, -0.22296364782098332, -0.1015698821307986], [0.05534886558156587, -0.5379710859871422, -0.578983163289626, -0.09375057241847581, -0.3743337513291328, -0.6499347861696013, 0.5156916776158796, 0.14063960149312932, -0.4232028497291105, 0.4632217149334096, 0.2375098496553301, 0.6650975639435487, 0.026422703463093503]], "inverted": true, "swapped": false, "error_lsq": 0.05245248083894794, "error_max": 0.30679244811834433, "target": "181.xyz", "model": "10.xyz", "model_rescale": 4.260839863003843, "target_rescale": 3.76285476455389},
{"mapping": [7, 9, 0, 3, 2, 5, 8, 6, 10, 4, 1, 12], "R": [[-0.7417893031776219, -0.24856594127792495, -0.622867243100709], [-0.5406712534110932, -0.3278311931321194, 0.7747265998689142], [-0.39676595799808223, 0.9114503177059025, 0.10878921328731939]], "T": [0.09694965361720097, -0.04341623336115168, -0.06357389539623215], "aligned_model": [[0.3275686918254281, 0.21389997892508772, -0.4310438401870379, -0.31587911269827096, -0.7441732977803486, -0.39534871583448405, 0.3035783039810387, 0.7342094156957049, 0.20629850429784746, -0.2873789203501133, 0.25244713891016285, 0.09472050230911574], [-0.028365718989366233, -0.5920862830515612, -0.5355968788414537, -0.2114737454154454, -0.009327766070111314, 0.5583343018736155, 0.6121198496822897, 0.006258753571486371, -0.2967969551998126, 0.1029452432417648, 0.5005096454338334, 0.0665580592976947], [-0.7679832800272414, -0.09097974099615569, 0.13798059526696874, -0.5021859545368793, 0.0581822211055118, -0.1440484640782701, -0.4395677254648331, -0.1166498700491474, 0.44952671487692797, 0.6569734288042526, 0.36077307909833883, -0.08584292660396822]], "inverted": true, "swapped": true, "error_lsq": 0.04536107760411831, "error_max": 0.31754097918154717, "target": "181.xyz", "model": "11.xyz", "model_rescale": 3.890672605050136, "target_rescale": 3.76285476455389},
{"mapping": [9, 4, 12, 5, 10, 7, 0, 8, 3, 6, 11, 1, 13], "R": [[0.8851521886816182, 0.21254529226068386, -0.4139204049209964], [0.20238779045665956, -0.9768839718299283, -0.06882505253071117], [-0.41898065008567204, -0.022851790293199954, -0.907707557825858]], "T": [0.00033240351708305584, -0.09954198434983684, 0.08150993636531242], "aligned_model": [[-0.7089628270386602, 0.5526831564426794, -0.26554060289143017, -0.666034474404606, 0.08936825191519468, -0.17395476496316167, 0.46723894564615776, -0.13342395972619067, 0.4790043485837643, -0.18626513360469804, 0.016127077698552334, 0.5330887485819132, 0.020836091478766253], [-0.41588070465491433, -0.15278402902663676, -0.27061775611376254, 0.13834816659319094, -0.7970787629480913, 0.34783380159175165, 0.22867103877741357, 0.5983994836644558, 0.6089327541429993, -0.04369647976756725, -0.6287390484390776, -0.1116098603331675, -0.06372839488405058], [0.1329930012315599, -0.34642811317726074, -0.5931579608431946, -0.24150034509375154, -0.4708084180693016, -0.6230772188771643, 0.23306531275941236, 0.20058129461791738, -0.26777486136516826, 0.6238391562120718, 0.23138708446361791, 0.6483638271984379, -0.08172699129430785]], "inverted": false, "swapped": false, "error_lsq": 0.04877971986169672, "error_max": 0.29563941095605095, "target": "181.xyz", "model": "12.xyz", "model_rescale": 4.124412569039231, "target_rescale": 3.76285476455389},
{"mapping": [9, 1, 11, 10, 8, 2, 0, 5, 4, 7, 6, 3, 12], "R": [[0.5007492397767939, -0.11939032417648388, -0.8573191642299831], [-0.5930036607504738, 0.6741840326743929, -0.4402528232997831], [0.6305528187229836, 0.7288496693968702, 0.26679824253651463]], "T": [0.04533629928329435, -0.03408034705843888, 0.09824130566728534], "aligned_model": [[-0.3204851666650775, 0.6691960487452835, -0.6012239773775804, -0.5315576067429975, -0.06270845331076791, 0.007990561608686879, 0.49407457086862344, -0.07168816809414957, 0.2469646870758273, -0.46555978256690717, 0.32864004716062534, 0.34952793009702776, -0.019005833080313554], [-0.5207710323520929, -0.22659729197322281, -0.2882057535672486, 0.2529236185005375, -0.5426568953554196, 0.0589244209487513, 0.2627032052873255, 0.6558404450138202, 0.6010261728233766, 0.12845333971211262, -0.6398434686718008, -0.31780619861710374, 0.014059646853508107], [0.29304403639806786, -0.3881747074641026, -0.6144528417391879, -0.2615250313358601, -0.39630125757440265, -0.7575337364170165, 0.3157749354022429, 0.38817311450106, -0.31920564591976336, 0.42327310215945674, 0.07817038849908917, 0.6776552066621773, 0.006858204591106448]], "inverted": true, "swapped": false, "error_lsq": 0.056151165129926274, "error_max": 0.37028681547993797, "target": "181.xyz", "model": "13.xyz", "model_rescale": 3.9028299243045295, "target_rescale": 3.76285476455389},
{"mapping": [7, 1, 9, 10, 6, 11, 8, 13, 12, 4, 3, 0, 15], "R": [[0.2507028095042483, 0.07710230206007401, -0.9649887752319788], [0.9239996674871296, 0.27826272643187766, 0.26228699846231884], [0.28874333895408066, -0.9574053948541004, -0.0014812541692167946]], "T": [0.09069818314630237, -0.01589835074370752, -0.015536355778084668], "aligned_model": [[-0.6857922413065484, 0.4312880901238426, -0.395598509949062, -0.6205312581726402, 0.1021880859963232, 0.07243983757979627, 0.6350295634723413, -0.16591344757802054, 0.3744101957770355, -0.2319106430697199, 0.08900247596335584, 0.41366285092541955, 0.005889857956157471], [-0.48188616384312083, -0.1693572228506951, -0.284071969683495, 0.16460061803480028, -0.5837676815444085, 0.18152627116990808, 0.3488946699277355, 0.7369603907778455, 0.5702911585447494, -0.12160339776908509, -0.5833015889229103, -0.272687405213285, -0.06754747002549567], [-0.03890159947527132, -0.5471825215495384, -0.5563171735341449, 0.11456132337114013, -0.3645358794420838, -0.7272573965077841, 0.39328702909535596, -0.013183041769831394, -0.2607498179902217, 0.5710753234131772, 0.24280476584032074, 0.7034696345416582, -0.07131487822990865]], "inverted": false, "swapped": false, "error_lsq": 0.04378316742150295, "error_max": 0.233603525317906, "target": "181.xyz", "model": "14.xyz", "model_rescale": 3.942246331269136, "target_rescale": 3.76285476455389},
{"mapping": [11, 3, 13, 8, 4, 12, 2, 0, 1, 6, 10, 9, 14], "R": [[0.4997650377479712, -0.2928940722697724, -0.8151367796106358], [-0.8621305410129663, -0.07752840853001755, -0.5007197580718108], [0.08346159175009157, 0.9529965415991981, -0.291258913000974]], "T": [0.040556062630525296, -0.08421611782622035, 0.0025868517609917083], "aligned_model": [[-0.5534618845869096, 0.5214424740489092, -0.42897355144507104, -0.6312420045598011, 0.08757295324218178, -0.05887539149101482, 0.39006467507708753, -0.04911343558760318, 0.46231287749029143, -0.28058744332301394, 0.17506905369940323, 0.33923165762421736, 0.050724877529604084], [-0.48498469296102453, -0.1434682052401136, -0.2634609527665581, 0.258219744332687, -0.5788969559334933, 0.24903937792614517, 0.48505928827585315, 0.635611985638169, 0.4330307141595649, -0.1832249601374239, -0.7433926546811507, -0.23757534067611094, 0.01209286066599935], [0.027850505981104993, -0.5282477552032602, -0.6364304227774582, 0.17655800889520992, -0.3084505371961917, -0.7370957954904289, 0.3719337895748639, 0.12310392698449221, -0.4569981128545104, 0.44963661081079276, 0.2400590912687004, 0.734321874740214, -0.010485416970661004]], "inverted": false, "swapped": false, "error_lsq": 0.04789721284156502, "error_max": 0.2766312820721691, "target": "181.xyz", "model": "15.xyz", "model_rescale": 4.355366556412066, "target_rescale": 3.76285476455389},
{"mapping": [9, 3, 0, 1, 10, 6, 4, 8, 2, 7, 5, 12], "R": [[0.8278159416497006, -0.3411356032812839, 0.445361950467857], [-0.5246317258846818, -0.18956664067199708, 0.829955445153289], [-0.19870158264563376, -0.9207013570741863, -0.33589684746343185]], "T": [-0.10128066141257475, -0.06714546774623593, 0.022782565179079776], "aligned_model": [[-0.18452476906466467, 0.4893625701526857, 0.200959279918772, -0.4724197100528976, -0.49504867064433916, -0.5835144579857556, -0.21568433620392075, -0.039685850400795364, 0.5055972244637177, 0.12907970184562378, 0.3489887536693402, -0.08530118106598553], [-0.6225415636340395, -0.2551358683090167, -0.4858880205109479, 0.5114642210974865, -0.26202683752245776, -0.07610250318697721, 0.199125265147227, 0.5171231355572012, 0.04971141309356229, -0.15938688250017685, 0.5574569422721866, 0.03897712623693242], [0.03131940322000084, 0.10555718919769619, -0.520309344500702, -0.1432650751792047, -0.35983892432085, 0.4455768469937646, -0.75460426067548, 0.5410784208667828, -0.5616129309622558, 0.7213739080734232, -0.1116303459033198, 0.05561357439956558]], "inverted": true, "swapped": true, "error_lsq": 0.04142862457491094, "error_max": 0.22228243879479592, "target": "181.xyz", "model": "16.xyz", "model_rescale": 3.795458400668931, "target_rescale": 3.76285476455389},
{"mapping": [5, 4, 1, 6, 2, 0, 11, 8, 7, 9, 10, 11, 12], "R": [[-0.8036027288065256, 0.16301988295971903, -0.572404727456461], [0.3625113435655395, 0.8968366175497545, -0.2535145108435079], [0.4720256137552425, -0.41122815951940256, -0.7797969099562218]], "T": [0.0260914522635581, 0.05464569976429442, -0.14723428807259775], "aligned_model": [[-0.6010030401643688, 0.6008980269954926, -0.5383357595164402, -0.6041073969881328, 0.11180664823952713, -0.1584036584258723, 0.5119121346905819, -0.0709842689626217, 0.4362100627835508, -0.3858385404877304, 0.11991784915458525, 0.5119121346905819, 0.0901806657091278], [-0.3802515975994197, -0.20088285021749283, -0.3452550233024185, 0.29263889284506983, -0.5787973576925406, 0.16282189677602354, 0.16409919289920585, 0.5263090306492871, 0.5183634445157863, -0.18919552596010872, -0.598199359780237, 0.16409919289920585, -0.09769972742981789], [-0.005130655687193508, -0.28794089834169745, -0.6333391598099809, -0.08736358173936948, -0.45211236642442765, -0.699746597437813, 0.4909965217366098, 0.3279464974834103, -0.36642201139143876, 0.6069546913906122, 0.17509101116230735, 0.4909965217366098, -0.11417420491476084]], "inverted": true, "swapped": false, "error_lsq": 0.052069710267902705, "error_max": 0.49079687197313066, "target": "181.xyz", "model": "17.xyz", "model_rescale": 3.7474275329858107, "target_rescale": 3.76285476455389},
{"mapping": [10, 9, 11, 3, 12, 7, 6, 0, 2, 8, 5, 4, 13], "R": [[-0.7258435635672205, 0.05908056941499884, -0.6853178879510138], [-0.6873877262842186, -0.0253945483543892, 0.7258465613803573], [0.025480089910570547, 0.9979301594958818, 0.059043727750482944]], "T": [-0.0670617846614295, -0.0032297188207925306, -0.10839342849261893], "aligned_model": [[-0.4899572178485965, 0.5682342759890232, -0.5861805162190075, -0.7210615485083184, 0.14276441808927542, 0.07248022309961914, 0.6341997957982711, 0.005930551315691188, 0.3060506208066324, -0.34830320835829803, 0.08855645357668764, 0.3666681484589957, -0.015217138481694648], [-0.5326576701328748, -0.20213429888537426, -0.1425589959552744, 0.11978226328510938, -0.6248158304348179, 0.0008046305091149522, 0.2376227816987755, 0.6707930893963099, 0.5775112447311357, -0.04691568911673535, -0.6351712422370336, -0.07062199430961436, 0.08641192005382295], [0.02315453774930487, -0.17592156490570177, -0.5909281494042734, 0.024803953072580653, -0.46733714803828263, -0.8486170664101045, 0.10425905850192857, 0.38100187560479815, -0.27380137856847586, 0.5517953693636916, 0.20728490712818134, 0.5962784443250749, -0.08621707065585352]], "inverted": true, "swapped": false, "error_lsq": 0.05082661288626752, "error_max": 0.30336343899738305, "target": "181.xyz", "model": "18.xyz", "model_rescale": 3.922800546911778, "target_rescale": 3.76285476455389},
{"mapping": [4, 2, 6, 8, 10, 1, 3, 5, 0, 13, 11, 7, 14], "R": [[0.4888571535573401, 0.8043570084655357, -0.33768104232868834], [-0.8723486529598715, 0.448454802358253, -0.19466925263358337], [-0.005148892590929932, 0.389741059133105, 0.9209100910137171]], "T": [-0.027962296078939252, 0.00714623871620941, -0.011298228449292465], "aligned_model": [[-0.45901267768521736, 0.5092866752199613, -0.45909330592611114, -0.6045919919427127, 0.08663777711512187, -0.08004539853491323, 0.5072158738535654, -0.11117892969813709, 0.49830521250043297, -0.3577890814761902, 0.047214692704667674, 0.41015036773999475, 0.03706564384781867], [-0.5739934977866771, -0.16552924412379105, -0.2182774240420734, 0.2113446479547919, -0.7041738174854436, 0.2739738807178476, 0.2809470224373156, 0.7656390203737046, 0.6091334733759092, -0.2258620082456378, -0.624685951799163, -0.174081400921885, -0.016384491852354167], [-0.029718713421261346, -0.45251890254790256, -0.5002542556438752, 0.002553036262039503, -0.3739154483003346, -0.6998280998697355, 0.20725771598258166, 0.00594741587844478, -0.25439597503964256, 0.5443412187666766, 0.30867070153419873, 0.6316829963865017, 0.055934077775176415]], "inverted": false, "swapped": false, "error_lsq": 0.04218332284628708, "error_max": 0.21203134700637943, "target": "181.xyz", "model": "19.xyz", "model_rescale": 3.9282355846067225, "target_rescale": 3.76285476455389},
{"mapping": [11, 7, 10, 0, 12, 2, 6, 3, 5, 4, 9, 8, 13], "R": [[0.6398357092122364, 0.6481105502484945, -0.41299271164691087], [-0.23850046537869718, -0.3434013386621708, -0.9084013697805473], [-0.7305667616522257, 0.6797265886087016, -0.06514577121623197]], "T": [0.07956521288806713, -0.022528213556986795, -0.01674418152566269], "aligned_model": [[-0.5218101256205844, 0.5581275742059341, -0.44440658579739417, -0.6768649704412065, 0.2268921261895966, 0.03695727000905638, 0.5808740020008397, -0.14203474012818607, 0.3289741959914884, -0.20456564321863552, 0.05342616655776326, 0.2740883389539468, -0.045492750984337346], [-0.3482988249023019, -0.16446841054334405, -0.357827990735804, 0.22042651169544175, -0.7633881579084941, 0.20591313990716154, 0.3244630275157147, 0.6585995824056352, 0.5832826606266475, 0.08580946651633106, -0.6977812348672411, -0.34432953920736975, 0.03564997810016651], [0.196760812194061, -0.38947575141069984, -0.6127827395046105, 0.07803644636209162, -0.40689244659945617, -0.8071335296263092, 0.21805494673970466, 0.2141528854367662, -0.2585674560812161, 0.5372417827588271, 0.13081913609121842, 0.6444866702677181, -0.09894498886522766]], "inverted": false, "swapped": false, "error_lsq": 0.045542534159014686, "error_max": 0.22565854011079445, "target": "181.xyz", "model": "20.xyz", "model_rescale": 4.067790424073018, "target_rescale": 3.76285476455389},
{"mapping": [3, 7, 12, 11, 0, 9, 5, 13, 1, 6, 2, 4, 14], "R": [[0.37759511310195354, -0.728899828334032, 0.5710752759629346], [0.1083643621500141, -0.5777090918415803, -0.8090175339381696], [0.9196081206564803, 0.3673652752482134, -0.13915336490527613]], "T": [0.027471579634286276, -0.018758574649367993, -0.009186291871608264], "aligned_model": [[-0.6207141025272953, 0.5237034527657897, -0.48275534978491974, -0.5949417726076002, 0.20965495983862556, 0.022297443446501534, 0.3930588844328219, -0.13186032448196924, 0.4940295872505822, -0.2761454377594676, 0.025633801991345146, 0.46838982819790187, -0.006186113044034904], [-0.5688762546028229, -0.11207954037601166, -0.1264770147306648, 0.15585010983454523, -0.6464506206894362, 0.24168731379858402, 0.31830777976100744, 0.6511196625358259, 0.5337835249842101, -0.11147908300330549, -0.6819257064420319, -0.24678107778620387, 0.031371115318847495], [0.021972596012482387, -0.5584668055010582, -0.5705053500369159, 0.002883514794725088, -0.2871610044558882, -0.7414369777532654, 0.3089305359645308, 0.11730480170237961, -0.3969052041527198, 0.659227140649672, 0.32834579463596936, 0.6201541016223134, -0.058587375719357286]], "inverted": true, "swapped": false, "error_lsq": 0.04437519191100143, "error_max": 0.23307420769384526, "target": "181.xyz", "model": "21.xyz", "model_rescale": 4.186013935880536, "target_rescale": 3.76285476455389},
{"mapping": [1, 11, 2, 0, 8, 5, 4, 6, 3, 7, 9, 10, 12], "R": [[-0.2195791042045709, -0.157174530559118, -0.9628505511969336], [-0.1655625573729596, 0.9786249512415798, -0.12199280472036438], [0.9614437355315408, 0.13262492884422733, -0.24090780737913003]], "T": [-0.0009343582795231747, -0.0811506954100208, -0.045116263166060246], "aligned_model": [[-0.6409017293376447, 0.5846812160836777, -0.39094593335143674, -0.6517517472204569, 0.17781571589957276, -0.12746671735588377, 0.4878415962231753, -0.07799430952214248, 0.34472126667661324, -0.1817607772035447, 0.08192869762225075, 0.38875693498885183, 0.029240644215248766], [-0.3027115964879461, -0.14281026955345003, -0.34013803781652524, 0.2200348757827072, -0.6758673710773375, 0.23403036831644247, 0.27730267039275686, 0.45140647341473666, 0.7047157497171882, 0.04178270507091235, -0.6651188199793204, -0.31771898169694957, -0.04685755748067121], [0.23142625983327922, -0.27362988352941714, -0.6200212384864452, -0.1317904748082027, -0.49459219952728456, -0.7402344080088502, 0.3551653871916619, 0.09735294355959828, -0.3846376529132957, 0.6552500161094071, 0.14870247610330578, 0.6537940132728776, -0.051029471033766274]], "inverted": true, "swapped": false, "error_lsq": 0.04597832448909289, "error_max": 0.27717768649590724, "target": "181.xyz", "model": "22.xyz", "model_rescale": 4.166573947596378, "target_rescale": 3.76285476455389},
{"mapping": [6, 7, 1, 2, 5, 0, 9, 3, 8, 12, 13, 14, 15], "R": [[-0.40232474164995236, -0.2023317939140344, 0.8928586939868077], [0.18434848751683672, -0.9731996893069143, -0.1374699963016675], [0.8967443545440106, 0.10928956905603784, 0.42884187375883875]], "T": [0.009966901253677373, 0.07330921448827354, 0.05023661184940118], "aligned_model": [[-0.6043354162881303, 0.45319592354535987, -0.4286150735982181, -0.631520387739224, 0.023443228573409275, 0.04606648085210417, 0.34924992484296097, -0.18924284769088162, 0.476955141611768, -0.23687454523506626, 0.3929891058354269, 0.39515433635330194, -0.022301013344529372], [-0.3756017628954681, -0.2292200710258982, -0.1517068599408401, 0.2343093810281001, -0.6396950136553251, 0.03874608195282616, 0.42711248815724, 0.6384798474472081, 0.611551927703398, -0.16299932846648385, -0.6810987006846421, -0.30731354250654874, 0.035485761488977516], [0.06504299608059547, -0.42242998613998484, -0.4646543265547082, -0.073788561497696, -0.37696982589781736, -0.7647836167708267, 0.3968768283957941, 0.09844743617659465, -0.33224986537464596, 0.6093510259465172, 0.08147484511467523, 0.6270682336588154, 0.002370584625555207]], "inverted": false, "swapped": false, "error_lsq": 0.047125803292551824, "error_max": 0.31803592621981025, "target": "181.xyz", "model": "23.xyz", "model_rescale": 4.274766983524099, "target_rescale": 3.76285476455389},
{"mapping": [1, 10, 11, 6, 9, 7, 8, 3, 5, 0, 12], "R": [[-0.06202937167371403, -0.4693253403265967, -0.8808439600616496], [-0.4063420531268216, -0.7942153618116619, 0.4517832388690964], [-0.9116131267760705, 0.38594777365557614, -0.14144194250596465]], "T": [0.000978320596387, 0.11624537904220916, 0.06589396100175099], "aligned_model": [[0.3713634884047978, 0.05379665477209436, -0.5881893055438959, -0.45421123430372956, -0.36748638750774665, -0.5071028733471262, -0.009113841564651476, -0.007419059608779352, 0.6088808785318591, 0.23348520437209294, 0.04589117975315997], [-0.15115513029263522, 0.5662794703134684, 0.473266643571482, -0.09080592580688551, 0.5321800835536588, -0.30811760620604517, -0.6659053907456274, 0.12027437615308675, -0.3175349410514842, 0.7430972424119413, 0.014007709342523905], [-0.4739365488742923, -0.30031736852793994, -0.5266667717616775, -0.3357487832954503, 0.14774359664329045, 0.3996210906081169, 0.021932191747263907, 0.691165667755705, 0.2966030015259571, 0.4044798738485809, 0.0546904843520233]], "inverted": false, "swapped": true, "error_lsq": 0.041578985490021175, "error_max": 0.19325000834451236, "target": "181.xyz", "model": "24.xyz", "model_rescale": 3.7841303162186577, "target_rescale": 3.76285476455389},
{"mapping": [12, 8, 5, 3, 2, 4, 7, 11, 6, 14, 9, 10, 15], "R": [[-0.08936123176783028, -0.053061863352240335, 0.9945848424918431], [-0.9931036706481519, 0.08083600088701329, -0.08491548919815439], [-0.07589248712555952, -0.9953140105605783, -0.059919535876989505]], "T": [0.1531338070714004, -0.026749725645961023, -0.008169866135388747], "aligned_model": [[-0.5048525420057215, 0.5337206130800183, -0.5082854103172718, -0.47532577036780926, -0.002925867893958878, 0.016444456416499165, 0.5449193198103628, -0.07731565201321233, 0.08657001899203988, -0.21818744259020756, 0.056699882320067535, 0.43964084573458806, 0.13306240655288618], [-0.4022043281334869, -0.38264065235047195, -0.25304313137494533, 0.37367349607885375, -0.6080796021076524, 0.08946095357907002, 0.4251223571426567, 0.5944448639543208, 0.6176498275202885, -0.3962299244463293, -0.5681465478933889, -0.08492250860097642, 0.03296540523460508], [0.027322560200797562, -0.2873707168153716, -0.5379383616466045, -0.314277184998563, -0.4625859535596376, -0.7324042496811808, 0.24701887363265837, 0.37969338015334225, -0.32808380806148346, 0.5875682261121556, 0.1911557156236138, 0.712791124069295, -0.037133837266154386]], "inverted": true, "swapped": false, "error_lsq": 0.05349890450602275, "error_max": 0.28591747202154205, "target": "181.xyz", "model": "25.xyz", "model_rescale": 4.19342608120988, "target_rescale": 3.76285476455389},
{"mapping": [9, 3, 0, 1, 10, 6, 4, 8, 2, 7, 5, 12], "R": [[0.8278159416497006, -0.3411356032812839, 0.445361950467857], [-0.5246317258846818, -0.18956664067199708, 0.829955445153289], [-0.19870158264563376, -0.9207013570741863, -0.33589684746343185]], "T": [-0.10128066141257475, -0.06714546774623593, 0.022782565179079776], "aligned_model": [[-0.18452476906466467, 0.4893625701526857, 0.200959279918772, -0.4724197100528976, -0.49504867064433916, -0.5835144579857556, -0.21568433620392075, -0.039685850400795364, 0.5055972244637177, 0.12907970184562378, 0.3489887536693402, -0.08530118106598553], [-0.6225415636340395, -0.2551358683090167, -0.4858880205109479, 0.5114642210974865, -0.26202683752245776, -0.07610250318697721, 0.199125265147227, 0.5171231355572012, 0.04971141309356229, -0.15938688250017685, 0.5574569422721866, 0.03897712623693242], [0.03131940322000084, 0.10555718919769619, -0.520309344500702, -0.1432650751792047, -0.35983892432085, 0.4455768469937646, -0.75460426067548, 0.5410784208667828, -0.5616129309622558, 0.7213739080734232, -0.1116303459033198, 0.05561357439956558]], "inverted": true, "swapped": true, "error_lsq": 0.04142862457491094, "error_max": 0.22228243879479592, "target": "181.xyz", "model": "26.xyz", "model_rescale": 3.795458400668931, "target_rescale": 3.76285476455389},
{"mapping": [6, 3, 5, 8, 7, 10, 9, 11, 4, 1, 0, 2, 12], "R": [[0.23908690375719677, 0.18717436112401298, -0.9527870753686863], [0.2114940922787471, 0.9476478489841085, 0.2392358736623365], [0.9476854443236881, -0.2587070019415984, 0.18698391846200055]], "T": [-0.013463581971387124, 0.05496572156571574, 0.0448643992067588], "aligned_model": [[-0.6510654759424787, 0.6332256338576223, -0.5209781885682176, -0.7215430433885802, 0.09817203712045526, 0.03576494193362363, 0.287392981626517, -0.1456283201036596, 0.4784205006329052, -0.2683796050314702, 0.3066195483670621, 0.5138162911748465, -0.0216524439603444], [-0.4675646315289906, -0.22890055545913082, -0.1902571007181589, 0.2154305526630894, -0.4550754249470261, 0.18813943910815956, 0.2221015788243216, 0.733541591862901, 0.5668594579317016, -0.1421930282861988, -0.699290144892237, -0.23870953400661024, -0.06603199194927734], [0.08502426194388252, -0.1702856734085465, -0.45429004523126293, 0.10508253938230352, -0.5777138015386295, -0.6533674690857815, 0.3016234759185656, -0.13855278095415127, -0.39658552387216706, 0.5413514776844274, 0.18599579075171754, 0.6856184031260658, -0.06814488695355528]], "inverted": false, "swapped": false, "error_lsq": 0.055808198928333566, "error_max": 0.35133912596011585, "target": "181.xyz", "model": "27.xyz", "model_rescale": 3.6321398670334006, "target_rescale": 3.76285476455389},
{"mapping": [3, 6, 7, 8, 4, 12, 11, 10, 9, 0, 1, 2, 14], "R": [[-0.24056192055464076, 0.5109994489109028, 0.8252330129071526], [0.03402839108300085, -0.8452375848168465, 0.5333061914259823], [0.9700371286602205, 0.15637451335092287, 0.18594348763776858]], "T": [-0.0034749060548799073, -0.01600945967062735, -0.013692213681954286], "aligned_model": [[-0.5354324036814151, 0.5163773763488851, -0.49678729258497356, -0.42259966557044376, 0.1640404499737407, -0.13281196655822028, 0.3712191774197972, -0.15668900502652702, 0.3875996306159897, -0.2839805173545219, 0.18468570328967684, 0.37974845425495335, 0.04879491659133949], [-0.4132498775100885, -0.1279282809857596, -0.32952053953606525, 0.2165588045723595, -0.720254840506004, 0.2055660490573858, 0.27222937052733154, 0.7003246280299859, 0.4919612303800595, 0.10942684950780239, -0.6261231535048943, -0.2914948586384079, -0.049445172791161625], [0.16175393508141406, -0.5803801516652803, -0.5228494350796745, -0.2067622896196514, -0.41673600959707674, -0.7996222039305939, 0.4211049309658654, 0.24719578464499614, -0.2023682482950517, 0.529441313720796, 0.18536572218922928, 0.6271598088636704, 0.0024526104842254454]], "inverted": true, "swapped": false, "error_lsq": 0.04238231761955257, "error_max": 0.24525987036828062, "target": "181.xyz", "model": "28.xyz", "model_rescale": 4.156811204709835, "target_rescale": 3.76285476455389},
