[{"mapping": [12, 2, 9, 10, 7, 1, 8, 6, 3, 11, 5, 0, 13, 15], "R": [[-0.19899086176471015, 0.7808642222611217, -0.5921602007283767], [-0.8760388416042173, -0.4125787039789438, -0.24966930332701293], [-0.439270514529349, 0.46907342646497086, 0.7661667805703485]], "T": [-0.04624286713705962, 0.1650650053570537, 0.15229421417569952], "aligned_model": [[0.0692584387189351, 0.29680032804494066, -0.7203087070436507, -0.4734376066811739, -0.5084827353239999, 0.04715085152654662, -0.7983027715161469, 0.024412005476640672, -0.33689342471800837, 0.3908369566363644, 0.5753478903915428, 0.22054775674634358, 0.6109648638497984, -0.026401744979828477], [-0.6192363950774054, -0.4041544919100116, -0.47343654625011167, -0.22505182053830058, 0.16445868959426174, 0.18275719718543265, 0.22504672695193173, 0.4513323504332298, 0.6619176321561755, -0.04463880538328341, 0.6195122490839149, 0.7368282642985486, -0.09501194886849113, 0.0549502301341441], [0.36329259397860053, -0.39118858598307815, 0.2615833295313471, -0.281574803920945, 0.5245302895174373, -0.6145434476981706, -0.012197844626862603, 0.6006044123153135, 0.2161211535542158, 0.7094423472335951, 0.48768567545721675, -0.17245841635512835, 0.1204492281483032, 0.08584215602798939]], "inverted": false, "swapped": true, "error_lsq": 0.03950356203476957, "error_max": 0.2392744329432111, "target": "182.xyz", "model": "0.xyz", "model_rescale": 3.8414455957264533, "target_rescale": 4.024662568207279},
{"mapping": [12, 9, 1, 8, 10, 4, 0, 2, 5, 13, 3, 14, 6, 11, 15], "R": [[-0.8652202310850198, -0.10200839274941517, -0.49090553014797694], [-0.4167783902539549, 0.6906062685629034, 0.5910657791134123], [0.27872876625584814, 0.7160008866127919, -0.6400414089972529]], "T": [0.06381352477879033, 0.05179079588505871, -0.09051398499006694], "aligned_model": [[-0.6247976252795815, -0.7883860040354078, 0.14958969656889803, -0.16182282294113176, -0.44077410637333403, 0.2675146590848674, 0.7078255267775113, -0.30604173221973974, 0.7065712622256461, 0.07710924637461687, 0.4080358124056398, -0.4442165834762184, 0.3353239220411322, 0.01337262077816792, -0.02725971842652232], [0.3386141781802177, 0.016241187922016523, -0.6600506851950787, -0.3148536350277709, -0.4546642413427265, -0.511035403064913, -0.22584111790699013, -0.33815293348530123, 0.512298791664866, 0.21764052958164443, 0.00046096417856288097, 0.5638159933520461, 0.4820557876210256, 0.7196892442299684, 0.000825867335447622], [0.2508605688967085, -0.47324794890167066, 0.1975824470814936, -0.7315363277968483, -0.1992495631596195, -0.41986179203991403, 0.017762485352990492, 0.5789738794954362, 0.19264617508111645, 0.5971583327189082, -0.5534291204605482, -0.23927220561099607, -0.2610345957733218, 0.22060637863273921, -0.012776926176938846]], "inverted": false, "swapped": true, "error_lsq": 0.04607521319960517, "error_max": 0.2791529293259653, "target": "182.xyz", "model": "1.xyz", "model_rescale": 4.316132596720782, "target_rescale": 4.024662568207279},
{"mapping": [12, 10, 2, 6, 13, 14, 0, 7, 1, 9, 4, 15], "R": [[-0.5385418989320514, 0.7951789976834753, 0.27868079362913334], [0.8056248890290951, 0.5828315271229175, -0.10618827227347605], [-0.24686263644285708, 0.16732534964753928, -0.9544951891412604]], "T": [-0.13523585593914655, 0.148436191641865, -0.10123717664383125], "aligned_model": [[-0.31579769787816886, 0.4913322963778849, 0.16113387553879832, -0.5652354887420968, -0.45979767340933975, -0.45384081775336654, -0.06054586671823248, -0.18129804982504985, 0.4420334557679626, 0.20168871467203114, 0.4216852880630306, -0.08354948146167274], [-0.5800557128447867, -0.12778266615208944, -0.5857460618926627, 0.45900840007785926, -0.33098415996764174, -0.10584770278700156, 0.5263044141630107, 0.37346091458496855, 0.007186698314065876, -0.18001115554504893, 0.5279333422596038, 0.029310117530703506], [0.22995237782662892, 0.13123712581990524, -0.4332076945467405, -0.020191777184529025, -0.507921181771003, 0.5121338214303006, -0.6972168274902982, 0.44599943352118787, -0.5950834304531858, 0.7065977523567092, -0.21330060683817445, -0.10974053146137969]], "inverted": true, "swapped": true, "error_lsq": 0.04581473971441082, "error_max": 0.3149455820474097, "target": "182.xyz", "model": "2.xyz", "model_rescale": 3.795458400668931, "target_rescale": 4.024662568207279},
{"mapping": [10, 12, 2, 5, 4, 0, 13, 7, 11, 6, 1, 15], "R": [[0.6806686386113325, 0.21665764780640362, -0.6998211686266653], [0.4184461057722215, 0.6691227249025727, 0.6141478939009876], [0.6013260853938218, -0.7108686535963956, 0.36479130521298037]], "T": [0.17083726670193478, 0.023333368058976015, -0.008307387997866185], "aligned_model": [[-0.1553168351239294, -0.12688978581861993, -0.6724117467709997, 0.3705067482940081, 0.1781570977105013, 0.1052020669823347, -0.27993145403549924, 0.6507288793676607, 0.2765104150917569, 0.6143017383493113, -0.4244892532949357, 0.05693595499197596], [0.005666287873381103, -0.7364020507501244, -0.12925513626161772, 0.1366638738146373, 0.6053738015741981, 0.6533308498952206, -0.21420941059090257, -0.16578922152518516, -0.5112294436644903, -0.023396737966001304, 0.49091963420910434, -0.025903401318510513], [-0.6534741760029958, -0.09286654043996953, -0.060373437629074385, 0.7995744685024472, -0.36595639775186684, 0.3116143614064935, 0.48256644063760673, -0.30184179032266006, 0.4901946569231245, 0.290153157492502, -0.16330680187382304, -0.04751251030268404]], "inverted": true, "swapped": true, "error_lsq": 0.04061838885242142, "error_max": 0.272307729709602, "target": "182.xyz", "model": "3.xyz", "model_rescale": 3.7530521520055578, "target_rescale": 4.024662568207279},
{"mapping": [4, 7, 6, 11, 0, 12, 1, 10, 2, 13, 15], "R": [[-0.706292092489363, 0.6827189897597449, -0.18720646652407713], [0.5713681466509611, 0.7058900311343725, 0.4186379162686535], [0.41795923375329647, 0.18871683805783684, -0.8886484310197196]], "T": [-0.029339832677121543, -0.11298298279396098, -0.12699979123335162], "aligned_model": [[-0.4047115608248576, -0.21090159507162093, 0.3543174955165808, 0.5044383617959093, 0.24122928890918627, -0.13697496613236754, -0.32278245529137284, -0.7255312120305684, -0.24339930301300772, 0.3709188477632232, -0.08840329917589979], [-0.6804896377445806, -0.05086289776236731, -0.17645030530781722, 0.38119413924647766, -0.7050527760839657, 0.6964678370174575, -0.4185388441565538, -0.018248857187717682, 0.24438096412424265, 0.23196818367695388, -0.0371644475077835], [-0.06560172412420354, -0.6886065759305942, -0.4967322500913649, -0.25466464119474697, 0.1554899300340458, -0.04830034390341778, 0.5192218757091358, 0.04409029312147594, 0.6236882774747075, 0.34350824101022737, -0.03926230485994858]], "inverted": false, "swapped": true, "error_lsq": 0.041526743605235, "error_max": 0.26209256349498433, "target": "182.xyz", "model": "4.xyz", "model_rescale": 3.7855080009869324, "target_rescale": 4.024662568207279},
{"mapping": [1, 2, 14, 4, 0, 11, 6, 7, 5, 10, 3, 13, 15, 12, 8, 16], "R": [[-0.8810186778323776, -0.06598441867962404, 0.4684571974065519], [-0.4687579819223453, -0.011808935272792642, -0.883247702194471], [0.0638125669016637, -0.9977507732591516, -0.02052683039793568]], "T": [0.11458099102693264, 0.030165141916608337, 0.039578750174744826], "aligned_model": [[-0.33845678726588607, 0.46155598588702784, 0.5353381326759385, -0.4792891667962582, -0.08120524640455815, -0.5254079647889784, -0.4478356369728439, -0.14626846123764692, 0.1736807520757499, 0.5552426445071337, 0.5662825342241188, -0.06926985755318363, 0.6966443457323703, -0.05708137887794876, 0.1926925113428593, 0.1561627322415987], [-0.1976976866965226, -0.19926568733807104, 0.3776769691201692, -0.4047084365897076, -0.64926732031782, 0.43760375599662504, 0.17271699937232748, -0.3073057015552174, -0.7401996340323542, -0.16784135750810675, -0.4728842458649506, 0.7270495080691298, 0.5365309554392557, 0.43139088250602625, 0.4138933486610493, 0.044468800860092125], [-0.5225059781049866, -0.570958337239311, -0.3602916741352684, 0.1117174376421318, -0.2898346099292362, -0.19884134228928146, 0.33864993326039033, 0.65556614041548, 0.28071890618444106, 0.5850831107548873, -0.11955526480985659, 0.11319046503024656, 0.3296029227715392, -0.4825469041052049, 0.6243531748089366, 0.008706167934669825]], "inverted": true, "swapped": false, "error_lsq": 0.036946262213036915, "error_max": 0.276644351358943, "target": "182.xyz", "model": "5.xyz", "model_rescale": 4.2253639853439635, "target_rescale": 4.024662568207279},
{"mapping": [10, 1, 3, 8, 4, 6, 7, 9, 13, 2, 0, 11, 12, 15], "R": [[0.9079624697407778, 0.07207753771515601, 0.41280622827078034], [0.15480198646744245, 0.8577259786991052, -0.4902473767909383], [-0.3894104499470464, 0.5090294431774873, 0.7676252519624771]], "T": [-0.08055550688627822, -0.009296447228154679, 0.10326812112018428], "aligned_model": [[0.46027536704845307, -0.0940393664049628, -0.43764856988910816, 0.14917860502026, -0.2490455595490076, -0.39418950574867484, 0.07235259493525026, 0.7554048519510694, -0.08000121243596706, 0.34776957915248363, -0.6938442518623393, -0.07428127167498721, 0.594554898776475, 0.017575993438839116], [-0.24515827592091796, 0.10264773481712067, -0.4644140225806118, -0.7233913630058191, -0.45918384727753747, -0.06722953724434562, -0.45398269220833665, -0.40580636069058756, 0.6982125277584976, 0.5408709387863259, 0.042137818880241734, 0.45085250375830366, 0.3772373643224013, 0.05230635724025555], [-0.31482274432616436, -0.6611676745123776, 0.13095737048325218, -0.07987180679363153, -0.38247861307482434, 0.5347778075418899, 0.4653441008107278, 0.23722059645193355, 0.10064705373942483, -0.3976475323924142, -0.249982730060341, 0.6808943667473203, 0.3636660998977, 0.04402191441895285]], "inverted": false, "swapped": true, "error_lsq": 0.045606892060342165, "error_max": 0.2574448821157871, "target": "182.xyz", "model": "6.xyz", "model_rescale": 3.89814844738969, "target_rescale": 4.024662568207279},
{"mapping": [13, 11, 6, 2, 3, 14, 12, 1, 10, 9, 7, 8, 15], "R": [[0.8934450754930717, 0.28476070051774777, 0.3473719051935852], [0.35203149241218895, 0.03641320208728558, -0.9352795876441428], [-0.27897979394075567, 0.9579067919972132, -0.06771153829578373]], "T": [0.14124994995910778, 0.029795096205353408, -0.060482769811390884], "aligned_model": [[-0.009296349248382935, 0.0006757324705194412, 0.43190140064599336, -0.36130025707839875, 0.5843023252753697, -0.3337197753163482, -0.6157027075740914, 0.17932177620815015, -0.30944450842676613, -0.5982951920318034, 0.06347153460721346, 0.08046187523054622, 0.036255946142221135], [-0.3574210193490422, 0.2629419802225667, 0.40225974837579503, -0.6613026833418054, 0.27785851343543144, 0.559249164485235, 0.08034133129252709, -0.6714364405648283, -0.15704534102670875, 0.411006544118677, 0.5844487035428731, 0.27990776920270094, -0.047027004922935836], [-0.6331743260378725, -0.7470029243656912, -0.31487411151578454, -0.14348983221946984, 0.21805500380017356, -0.25146850642710994, -0.372664298780167, 0.2618528749607709, 0.4732718221128117, 0.3658315668070559, 0.13582223042785133, 0.6675268488655809, -0.05741131679185383]], "inverted": true, "swapped": true, "error_lsq": 0.04647111892401556, "error_max": 0.2395971846535921, "target": "182.xyz", "model": "7.xyz", "model_rescale": 3.7474275329858107, "target_rescale": 4.024662568207279},
{"mapping": [12, 2, 1, 10, 0, 8, 9, 7, 4, 3, 14, 6, 11, 5, 15], "R": [[0.5043666475241377, -0.006284625672696234, 0.863466726831681], [0.23543660671034994, -0.9610848921101132, -0.1445179379122491], [0.8307730671404668, 0.27618170402444614, -0.48325953407685085]], "T": [0.07246303824597437, -0.019958258838377756, 0.03448257103661637], "aligned_model": [[-0.4621258978761406, 0.14876732835062534, 0.47678606349305075, -0.2567731027092302, 0.7533066937376061, -0.2800732701108754, -0.8090317032011838, -0.37563179506715444, 0.27686602688953227, 0.1907124271335794, -0.5776877614867955, 0.10754726039561509, -0.038868347739545575, 0.6067264492511235, 0.041633351278539954], [0.38008526671851434, -0.00834982481180855, -0.4674099678960209, -0.5242169133632218, -0.17543982535316024, -0.6781944207579516, -0.2825235043601178, -0.10129586668295157, -0.6643145208483615, -0.2968499828762916, 0.31738447373928447, 0.263643124071139, 0.7090836823070639, 0.5426160358724547, -0.02509979377897736], [-0.44214034248431483, -0.8205647513199588, -0.44861706601783186, -0.3658367777721754, 0.16030836948466445, 0.23118755455453832, -0.13290802402198457, 0.415036079829146, 0.13328482907104527, 0.529217058167595, 0.11127593221376733, 0.48864387564651496, 0.07361916905119784, 0.3561307795940824, -0.09184203030002483]], "inverted": true, "swapped": true, "error_lsq": 0.04579472110659355, "error_max": 0.3418800356589675, "target": "182.xyz", "model": "8.xyz", "model_rescale": 4.019505241142653, "target_rescale": 4.024662568207279},
{"mapping": [12, 2, 13, 11, 14, 6, 0, 9, 7, 8, 1, 3, 15], "R": [[-0.9326856644664414, 0.14066060844675055, 0.3321325707156457], [-0.36068764193410163, -0.3672195269171093, -0.8573530451376447], [0.0013697645092272392, -0.9194370083274682, 0.3932349316414106]], "T": [0.08633546347293378, 0.040902881920055326, 0.025479044651618262], "aligned_model": [[-0.2784729934316629, -0.6614669105171027, -0.047853402582347576, 0.39451886238723954, 0.17109232703682203, 0.6141957900555666, 0.2621406532803969, -0.33213436707925126, 0.3120643928141983, -0.06748535255236668, -0.45238617487323907, 0.4401629497757944, -0.0346750025728719], [-0.6013336579000599, 0.1178799939225691, 0.07738337488876752, -0.34775136340439966, -0.6904021596943403, -0.043989932085286634, 0.7264829974474296, -0.6648686231132751, -0.3444696328951877, -0.028033737990267635, 0.5946080617119154, 0.2516409797767887, 0.016231927449405305], [-0.3315035478485151, -0.3891643654982252, -0.6682346201862407, -0.521694943201998, 0.005413847787693823, -0.02012603606677831, -0.025776908509173056, 0.47354453346945763, 0.4163245824661442, 0.779028275360484, 0.041756951610828374, 0.43267644348670137, -0.01554071882649995]], "inverted": false, "swapped": true, "error_lsq": 0.05151823709970703, "error_max": 0.3171515272513589, "target": "182.xyz", "model": "9.xyz", "model_rescale": 3.877068213659057, "target_rescale": 4.024662568207279},
{"mapping": [2, 13, 3, 9, 14, 7, 8, 11, 10, 12, 6, 1, 5, 4, 0, 15], "R": [[0.9259847615590348, -0.3311036485874917, 0.18144584661134827], [-0.13891260780733677, -0.7456338314427725, -0.651715794499517], [0.35107763920908314, 0.5782737788452995, -0.7364400368986975]], "T": [0.10659223121550727, -0.03386600786251854, -0.01586400657571735], "aligned_model": [[-0.3531205662675887, 0.28561274425262945, 0.6296562124729531, -0.4259101192501093, -0.07274219382112775, -0.463728281506186, -0.5663388042389659, -0.005114169678837849, 0.1412541003533305, 0.6344613583102775, 0.6314178861136615, -0.052149007526279975, 0.4966656760342654, 0.08834229378439416, 0.11297867447542755, 0.11149933528164976], [-0.101423301589183, -0.36760121735868606, 0.2360465366736993, -0.42343729250805656, -0.7327181109917009, 0.5174004711403996, 0.08677971157439743, -0.27975258566887196, -0.6943553240154573, -0.01932768114057496, -0.3557678438713509, 0.7850303048769242, 0.6004265024163373, 0.4575738005231864, 0.29264138827559194, 0.0006457917852699668], [-0.4896313691537028, -0.6898157569393071, -0.25316683534377016, 0.0020459020748616885, -0.31413644678312885, -0.20854600187729924, 0.3418109404247927, 0.6709523787250529, 0.2405793546867146, 0.5126603896728019, -0.05110340299101457, 0.22312691021381814, 0.2218567567031863, -0.48088501068472866, 0.7101650350220614, 0.06714130443923869]], "inverted": false, "swapped": false, "error_lsq": 0.037503223511787094, "error_max": 0.23220498457967478, "target": "182.xyz", "model": "10.xyz", "model_rescale": 4.260839863003843, "target_rescale": 4.024662568207279},
{"mapping": [13, 6, 3, 0, 4, 1, 2, 12, 7, 8, 10, 15], "R": [[-0.4081632142528926, -0.7629850598613162, -0.5012550138992842], [-0.8835666174187722, 0.19207754062999394, 0.42710215519086575], [-0.2295927331469718, 0.6172195855722317, -0.7525471148520513]], "T": [0.06729819759298088, -0.119966248509944, -0.07706692156651351], "aligned_model": [[0.39989655391195683, 0.10662320704577438, -0.3563201594992582, -0.5133156263901223, -0.5499184634174397, -0.35793436657065575, 0.29016087159387177, 0.8366506983729308, 0.17656938229363517, -0.23684486143774625, 0.04128476319426594, 0.12204664999691743], [0.010742267444771386, -0.654580439228599, -0.4424163960958457, -0.2141272044095828, 0.06916496829435403, 0.4804730115244602, 0.627568900431669, 0.16295718822020885, -0.3857338445844425, 0.03206757534800661, 0.4900861211051185, -0.003123642517184555], [-0.6876975334375917, -0.10082293871535114, 0.15094085774383195, -0.4740254006143501, 0.1465632118052495, -0.31312911970473534, -0.4356564550614078, -0.04480838549031116, 0.44221445901342016, 0.6162095457651235, 0.3103452823749827, -0.09395544628335582]], "inverted": true, "swapped": true, "error_lsq": 0.04240281077911226, "error_max": 0.22751514270661397, "target": "182.xyz", "model": "11.xyz", "model_rescale": 3.890672605050136, "target_rescale": 4.024662568207279},
{"mapping": [6, 11, 14, 3, 7, 1, 13, 4, 0, 2, 9, 12, 10, 15], "R": [[0.5588614865809172, 0.3830998487736491, -0.735464713420144], [-0.6508649438707396, -0.34692815531742704, -0.675289330500776], [-0.5138566567212168, 0.8560813985350074, 0.055461476951477406]], "T": [0.13820835886916943, -0.10980243460801717, 0.050762366094910985], "aligned_model": [[0.5091039355634672, 0.1190036573577474, 0.39650107999305306, 0.5901300560063925, 0.6603521016582736, -0.3943628584003553, -0.4122504693676035, 0.2409454151443851, 0.03282681951298544, -0.6817943108817341, 0.3309527064855547, -0.16495642300639884, -0.049501909369210506, 0.03292603409713646], [-0.203800405787731, 0.18179255588534668, 0.5511908720464411, -0.4476930627875575, 0.15695792155195412, -0.45184456642830617, -0.06287266915195891, -0.5052806607280371, -0.8110352568297649, 0.089280011264426, 0.6706267869733925, 0.6352086369823159, 0.17363773242143335, -0.04401537558418918], [-0.3254343779629061, -0.627494254748378, -0.14612877314053885, 0.18118805610566102, 0.14258057449441658, 0.4939897102441431, -0.3912430665115828, 0.5982836262149765, 0.02389244785850777, 0.20895473394149516, 0.5280180053834634, -0.11060421314473791, 0.689006312495634, 0.0897816541267071]], "inverted": true, "swapped": true, "error_lsq": 0.03323642673342372, "error_max": 0.21370569570864034, "target": "182.xyz", "model": "12.xyz", "model_rescale": 4.124412569039231, "target_rescale": 4.024662568207279},
{"mapping": [10, 4, 0, 9, 1, 2, 7, 12, 6, 14, 13, 5, 15], "R": [[0.26129347261672464, -0.4486945244760403, 0.8546338074714297], [0.9494395316495059, 0.2791106615500498, -0.1437421801360346], [-0.17404107822310133, 0.8489820153067518, 0.4989381131729933]], "T": [0.1151213219101092, 0.22880847499615298, -0.0029854433844435594], "aligned_model": [[-0.23030439429637933, 0.02394863301643689, 0.6115388065917344, -0.6974409282713326, 0.45721987893836863, 0.45947901562583887, -0.4276216599401605, -0.05117393399811314, 0.105185671996388, -0.3521730928306402, 0.6557717751669765, 0.686140665869254, 0.12672786964138574], [-0.24976302860441557, 0.4088010618368654, 0.5905527560740484, -0.23263170966102115, -0.06960644135446292, -0.5442762965750425, 0.428519587164384, -0.4152712986642715, 0.6591884092420431, 0.0630578489206452, -0.09575531149918048, 0.7047747230169944, 0.0998950766118906], [0.4148413134534853, 0.649722508024826, 0.3523531111153346, -0.03142211394519428, 0.6223084994810945, 0.1413084880249144, -0.136294432109548, -0.48308614915490833, -0.3232939395194911, -0.5475550549536954, -0.3238149351899366, -0.393853501744173, 0.010484287485131147]], "inverted": true, "swapped": true, "error_lsq": 0.04034673864990907, "error_max": 0.2281798967859913, "target": "182.xyz", "model": "13.xyz", "model_rescale": 3.9028299243045295, "target_rescale": 4.024662568207279},
{"mapping": [12, 11, 1, 13, 14, 8, 5, 10, 10, 7, 9, 0, 3, 2, 4, 15], "R": [[-0.9783188814610896, 0.20688709619619794, -0.00948132924373292], [-0.11162158959746948, -0.5652873859185135, -0.8173070365885442], [-0.17444995532374616, -0.7985285848038999, 0.5761243896404874]], "T": [0.1029684852106848, 0.10982097756018165, -0.027410286044962574], "aligned_model": [[-0.33926656430741536, 0.28141088195040315, 0.41373011469201415, -0.4807549927717234, 0.1016523066220045, -0.5229996032746292, -0.37874835984859134, 0.04381698478968571, 0.04381698478968571, 0.6807233290925072, 0.6975519323112281, -0.09566722890701976, 0.460857223227255, 0.11253871398976142, -0.018165161892578843, 0.192288578326906], [-0.09015408007228522, -0.3601236947123584, 0.15568861804693052, -0.43046221250402467, -0.7697436951878457, 0.535545420969837, 0.06625955221734064, -0.4195456648568457, -0.4195456648568457, -0.23768543289905392, -0.3874842261946388, 0.8301809366376691, 0.5098142713076899, 0.7464050596492859, 0.22794334975453728, 0.045068612822531995], [-0.5260869611196057, -0.568859271995039, -0.5962003395278741, -0.03092135160968621, -0.12444072926012598, -0.18047827760167232, 0.1403786202134374, 0.4937659412937773, 0.4937659412937773, 0.5776240856216385, -0.029285176994916264, 0.3315351021125661, 0.2897812355883837, -0.3973006572465836, 0.6288952972082571, 0.000880690213242781]], "inverted": false, "swapped": false, "error_lsq": 0.04692001941380887, "error_max": 0.3526172363870751, "target": "182.xyz", "model": "14.xyz", "model_rescale": 3.942246331269136, "target_rescale": 4.024662568207279},
{"mapping": [6, 11, 7, 12, 2, 14, 4, 3, 0, 8, 10, 1, 13, 2, 15], "R": [[0.9123471714575636, -0.30389845356202916, 0.27435081311341186], [-0.32124487138541324, -0.9467948095417066, 0.019527448206378417], [0.2538195645373941, -0.10594960380997495, -0.9614313860648387]], "T": [-0.1757658237682474, 0.04783919773912709, -0.09636815625616713], "aligned_model": [[-0.578694458080337, -0.459765266519032, -0.03060928582330591, 0.26904333458828955, 0.2284332796548365, 0.07947026282961162, -0.07107242715946116, -0.39691596287184866, -0.6471308489896229, 0.27168256035211147, 0.5067073852856561, 0.012257731794227372, -0.354127837768764, 0.2284332796548365, -0.08341771041498816], [0.06116076928822152, -0.5528067213471575, 0.25775401285682353, -0.6155477710177111, -0.4110399857068613, -0.28186965210414294, 0.6652105273431996, 0.5606063833446138, 0.33957396634062087, 0.6518707041820064, 0.20599967039451128, 0.21636668680682308, -0.5679782562701141, -0.4110399857068613, -0.02011565852232096], [-0.4504785755039737, -0.4188542786877552, -0.6321769925327315, -0.2835902088651121, 0.5062229187607059, -0.7034431239251087, 0.17681565446477177, -0.2499148491883787, 0.346644902345125, -0.27296211674660587, 0.08292041565534292, 0.6339201621413515, 0.20285079739227957, 0.5062229187607059, -0.03481514371010042]], "inverted": false, "swapped": true, "error_lsq": 0.049107701405096266, "error_max": 0.3954074822797032, "target": "182.xyz", "model": "15.xyz", "model_rescale": 4.355366556412066, "target_rescale": 4.024662568207279},
{"mapping": [12, 10, 2, 6, 13, 14, 0, 7, 1, 9, 4, 15], "R": [[-0.5385418989320514, 0.7951789976834753, 0.27868079362913334], [0.8056248890290951, 0.5828315271229175, -0.10618827227347605], [-0.24686263644285708, 0.16732534964753928, -0.9544951891412604]], "T": [-0.13523585593914655, 0.148436191641865, -0.10123717664383125], "aligned_model": [[-0.31579769787816886, 0.4913322963778849, 0.16113387553879832, -0.5652354887420968, -0.45979767340933975, -0.45384081775336654, -0.06054586671823248, -0.18129804982504985, 0.4420334557679626, 0.20168871467203114, 0.4216852880630306, -0.08354948146167274], [-0.5800557128447867, -0.12778266615208944, -0.5857460618926627, 0.45900840007785926, -0.33098415996764174, -0.10584770278700156, 0.5263044141630107, 0.37346091458496855, 0.007186698314065876, -0.18001115554504893, 0.5279333422596038, 0.029310117530703506], [0.22995237782662892, 0.13123712581990524, -0.4332076945467405, -0.020191777184529025, -0.507921181771003, 0.5121338214303006, -0.6972168274902982, 0.44599943352118787, -0.5950834304531858, 0.7065977523567092, -0.21330060683817445, -0.10974053146137969]], "inverted": true, "swapped": true, "error_lsq": 0.04581473971441082, "error_max": 0.3149455820474097, "target": "182.xyz", "model": "16.xyz", "model_rescale": 3.795458400668931, "target_rescale": 4.024662568207279},
{"mapping": [13, 11, 6, 2, 3, 14, 12, 1, 10, 9, 7, 8, 15], "R": [[0.8934450754930717, 0.28476070051774777, 0.3473719051935852], [0.35203149241218895, 0.03641320208728558, -0.9352795876441428], [-0.27897979394075567, 0.9579067919972132, -0.06771153829578373]], "T": [0.14124994995910778, 0.029795096205353408, -0.060482769811390884], "aligned_model": [[-0.009296349248382935, 0.0006757324705194412, 0.43190140064599336, -0.36130025707839875, 0.5843023252753697, -0.3337197753163482, -0.6157027075740914, 0.17932177620815015, -0.30944450842676613, -0.5982951920318034, 0.06347153460721346, 0.08046187523054622, 0.036255946142221135], [-0.3574210193490422, 0.2629419802225667, 0.40225974837579503, -0.6613026833418054, 0.27785851343543144, 0.559249164485235, 0.08034133129252709, -0.6714364405648283, -0.15704534102670875, 0.411006544118677, 0.5844487035428731, 0.27990776920270094, -0.047027004922935836], [-0.6331743260378725, -0.7470029243656912, -0.31487411151578454, -0.14348983221946984, 0.21805500380017356, -0.25146850642710994, -0.372664298780167, 0.2618528749607709, 0.4732718221128117, 0.3658315668070559, 0.13582223042785133, 0.6675268488655809, -0.05741131679185383]], "inverted": true, "swapped": true, "error_lsq": 0.04647111892401556, "error_max": 0.2395971846535921, "target": "182.xyz", "model": "17.xyz", "model_rescale": 3.7474275329858107, "target_rescale": 4.024662568207279},
{"mapping": [12, 2, 13, 10, 14, 7, 11, 0, 9, 6, 8, 1, 3, 15], "R": [[-0.18266244253605868, 0.9756961247158623, -0.12104339842060569], [-0.38777493991384493, -0.1846302685770128, -0.903073784305576], [-0.9034738668393099, -0.11802006668202042, 0.41207552196023056]], "T": [0.04917341057009965, 0.07059673368841167, 0.11918933935070788], "aligned_model": [[0.4100958636604763, 0.22649901799557282, 0.6619266950466329, -0.4327682997784662, 0.228747069404018, -0.18709656123743268, 0.7219433242674685, 0.015295114450717559, -0.35299067878375867, 0.2494342319803266, -0.6910141388006401, -0.21471316974254112, -0.28074026303302435, 0.06022944245352657], [-0.5067119682015366, 0.19651960835709714, 0.23057697370075703, -0.11556097767779523, -0.6407241579429054, -0.37239162143830773, -0.198291770771855, 0.759595891147912, -0.7206718981531152, 0.014593867014626213, -0.14267565314784514, 0.5919985164186606, 0.21448172026512025, 0.049669711940420504], [-0.33845593838600263, -0.7113298250786472, -0.19627200866522346, -0.3867813144723883, 0.1837593952499861, 0.43567563730102277, 0.26239589699204235, 0.28558391371036984, -0.1743257303932084, 0.6138431778776317, 0.1729185202394724, -0.3863593266571371, 0.5729163896543507, -0.008774068710614369]], "inverted": false, "swapped": true, "error_lsq": 0.0409774506555221, "error_max": 0.3048217203938176, "target": "182.xyz", "model": "18.xyz", "model_rescale": 3.922800546911778, "target_rescale": 4.024662568207279},
{"mapping": [2, 1, 10, 12, 3, 13, 4, 14, 0, 9, 8, 7, 11, 6, 15], "R": [[0.27821075213206614, -0.5423071866128287, 0.792780986620005], [0.6179802672928817, 0.7329165248575044, 0.28448858822001616], [-0.7353224915876903, 0.41077522191446475, 0.5390403977684731]], "T": [-0.016299741547779384, -0.02053168205604329, 0.07370970769500076], "aligned_model": [[-0.3430036534276172, -0.2857131656543773, 0.3736713082381208, 0.09378180204016523, 0.1657809924471799, -0.5901949263138383, 0.1484366724144297, 0.38610243978854175, -0.4688433067956951, 0.787267776181948, 0.6458286149677237, 0.5080827035094141, -0.2564823217082454, -0.04220684866519253, -0.02645725013493949], [0.4387640242625296, -0.2330950844335748, 0.09040441536511258, 0.7906316181911518, -0.5381539161351838, 0.3927311721391614, -0.5772746743558663, 0.4968232017626325, -0.5629145301151843, 0.40596157800719807, -0.3343871583359729, -0.041748787071627616, 0.4558052558879334, -0.1324176745107239, 0.066482064376993], [-0.5738820093751046, -0.6186114655234263, -0.5250762063200363, 0.019990914421903982, 0.2589878409555371, 0.05287086972404731, -0.2863411425893858, 0.4095814251434089, 0.006034749341505219, -0.1416408024954063, -0.1698684596690924, 0.3508353920274013, 0.584438552089306, 0.5978599572706722, -0.022520447838001265]], "inverted": false, "swapped": true, "error_lsq": 0.03807873710533584, "error_max": 0.25428890309099716, "target": "182.xyz", "model": "19.xyz", "model_rescale": 3.9282355846067225, "target_rescale": 4.024662568207279},
{"mapping": [3, 4, 1, 8, 7, 10, 9, 2, 14, 11, 0, 6, 13, 15], "R": [[-0.6041248118848657, -0.3755727879180082, 0.7028358931077514], [-0.39942485199679434, -0.6204728746907955, -0.6748875457291231], [0.6895600041130683, -0.6884464341896436, 0.22482995347406481]], "T": [-0.041153522749808776, -0.12066436803985481, 0.14754023623521104], "aligned_model": [[-0.5052380052334589, -0.14778783494902642, 0.4862164935106582, -0.4115660083646221, -0.5468685576129031, 0.17791711898040802, -0.1821306653219239, 0.7916935936556606, -0.27221748409840335, -0.026643873910183115, 0.029033237460487686, -0.4265493611989998, 0.4983980158751612, 0.06826615029182162], [-0.4666120688385785, -0.6841514247433039, -0.6190164664440516, -0.2752306712382777, 0.1128194881544563, -0.09535035950662495, 0.43931014323805895, -0.021856502906501596, 0.5753975076532064, 0.396573266205564, -0.7674651769415611, -0.05833918374556221, 0.06412987722556013, -0.07732634068754823], [0.12856817784156097, -0.22373987465154602, -0.1181691011454343, -0.5121213380022928, -0.057309346522864485, -0.5411513225259421, -0.5876788404080838, -0.03594194377406476, 0.08045288340652393, 0.6744967833711946, 0.4308726639583146, 0.5156553768444071, 0.5662422197598044, 0.09200681909210563]], "inverted": true, "swapped": true, "error_lsq": 0.03965195270711803, "error_max": 0.26416392974705427, "target": "182.xyz", "model": "20.xyz", "model_rescale": 4.067790424073018, "target_rescale": 4.024662568207279},
{"mapping": [7, 0, 14, 9, 11, 13, 12, 3, 6, 4, 1, 10, 8, 2, 15], "R": [[-0.008382950331045358, -0.9985831076697074, 0.05255000685496625], [-0.7078548448162088, -0.0311931874630767, -0.7056688343168589], [0.7063081797728017, -0.04311336373565772, -0.7065903997744581]], "T": [0.01956082689169405, 0.15054645829109994, -0.04568218221687686], "aligned_model": [[0.2353616548021715, 0.17377811741788232, -0.24647121864581398, 0.259260081377959, -0.6558024755327363, -0.604387563200984, -0.4820621926237306, 0.4294956163904956, -0.11161844823876779, 0.6525517433605124, 0.2766680401522063, 0.39093963988532837, 0.7223201596171086, -0.2585703874098096, -0.013018813444307012], [-0.18790702940132584, 0.8351138392495822, -0.44625602284768084, -0.7530088706299215, 0.07828326497078089, 0.2990742859556704, -0.47391800410102414, 0.3816700315287328, 0.3103932080542626, 0.35093380543058406, 0.40214735245535216, -0.2873835564192099, -0.1626013805637013, 0.006068266711145104, 0.08828594953460064], [-0.48283775920073463, 0.05986051309924879, -0.3854573302055619, -0.03449586709036922, -0.33566656694861124, 0.2529882345190541, 0.13154094313330644, -0.38324627957051205, -0.5408227198457405, 0.11526772031482477, 0.6381805751773647, 0.3938902096371197, -0.11138831128540785, 0.7535875492799625, 0.06384866260719729]], "inverted": false, "swapped": true, "error_lsq": 0.043508700372736346, "error_max": 0.274111473652069, "target": "182.xyz", "model": "21.xyz", "model_rescale": 4.186013935880536, "target_rescale": 4.024662568207279},
{"mapping": [4, 0, 1, 9, 14, 10, 7, 6, 2, 13, 11, 12, 15], "R": [[0.9360445914702759, -0.34854710044106924, -0.04832640637754551], [0.1991032206574757, 0.6378565993427844, -0.7439736999374909], [0.29013519314806513, 0.6867706148700468, 0.6664590701970775]], "T": [-0.12823653650006955, -0.08177062198068406, -0.08935092734273241], "aligned_model": [[0.07606682776383264, -0.42398938898654775, 0.288943616546865, 0.518691585260193, -0.09082185735101389, 0.5798679411532668, -0.15685179858278467, -0.622957476160515, 0.4348080454147089, -0.2185067865658436, -0.5176327565565451, 0.21394018658025288, -0.022984103092643635], [-0.33496865356443345, 0.13043183733483815, 0.2724680364429919, -0.566117308119728, -0.33586392013270994, -0.21213543286800207, -0.6305365140868086, -0.25095943151765776, 0.5646934781995175, 0.5859735319734737, 0.16437352483796164, 0.14399179799911427, -0.012394286952463848], [-0.6900907649622838, -0.698493848840424, -0.6348333677453761, 0.3806335315182192, 0.6008882627612542, -0.1565958008617294, 0.13484301009316524, 0.03127028234258056, -0.04322078694962826, 0.12639233150056156, 0.4878943806082071, 0.6212375432675223, -0.057045211396723056]], "inverted": false, "swapped": true, "error_lsq": 0.03621148293360189, "error_max": 0.17691030078226117, "target": "182.xyz", "model": "22.xyz", "model_rescale": 4.166573947596378, "target_rescale": 4.024662568207279},
{"mapping": [13, 14, 10, 6, 12, 5, 1, 2, 11, 3, 9, 0, 8, 7, 4, 15], "R": [[0.15037175151155885, -0.7869923807301218, 0.5983571918345105], [-0.9837279578001772, -0.1793030781446222, 0.011389082937455386], [0.09832416483061912, -0.5903332947078275, -0.8011485254119629]], "T": [0.13779165453007572, -0.06471597261327239, 0.05678804940711974], "aligned_model": [[-0.14687993235339172, 0.28703207937440295, 0.3241279116157867, -0.5658690481089742, -0.015783245642865512, -0.4913686227302373, -0.4571582565266482, -0.19161111461219552, 0.3982705201289307, 0.42846325128674756, 0.7101119441396883, -0.11288109176343405, 0.6994498658391947, 0.05877035386931084, 0.19227021751302345, 0.07584030676015469], [0.08299945313840101, -0.4085123213282922, 0.2235667449950694, -0.34587717593414097, -0.6733364257711638, 0.3303909776804092, 0.20501304274869359, -0.2385194457018457, -0.7634005407563771, -0.20080708452351512, -0.22854342555223373, 0.6825016694062314, 0.48030644823713814, 0.5577553875568164, 0.3343618361665932, -0.03573799023985895], [-0.7267649989003924, -0.639996802195404, -0.6088793653937816, 0.12691383122481986, -0.13130035869920373, -0.31618624534882955, 0.34205971374236704, 0.6172302030794187, 0.3138560603330628, 0.5651342740552673, -0.021052929818451187, 0.2702938632822856, 0.2606746714807246, -0.28624939382626297, 0.6712980184713879, 0.06602360670256878]], "inverted": false, "swapped": false, "error_lsq": 0.050174555080586485, "error_max": 0.41285883867187584, "target": "182.xyz", "model": "23.xyz", "model_rescale": 4.274766983524099, "target_rescale": 4.024662568207279},
{"mapping": [7, 6, 11, 12, 13, 2, 10, 1, 4, 0, 15], "R": [[-0.5039747323260566, -0.8488585826037511, 0.1595260979176471], [-0.8450338981368413, 0.4463802091487236, -0.29438481598071015], [0.17868178468029255, -0.2831674692126425, -0.9422786234459386]], "T": [0.05819287313823612, 0.1325005775188386, -0.05441895122357008], "aligned_model": [[0.34112499232507376, 0.20254841033972987, -0.4170579028137654, -0.6189198960060773, -0.5674193823002436, -0.565527519699369, 0.06921999870978511, 0.05198179083132662, 0.5874223625251207, 0.33053319628924455, -0.03401134624274989], [-0.05514999992146674, 0.5207300425937449, 0.5003148659384979, -0.20657897582368562, 0.4116026649938899, -0.18178767333600188, -0.5623699525367302, -0.06407617909731048, -0.06194212838257812, 0.5615549949345625, 0.05328887188056154], [-0.5412068268581932, -0.39553843023923846, -0.4836949136883757, -0.3699073171328337, 0.12246365825362795, 0.4448392894006396, 0.14548641930683512, 0.6928389702604013, 0.3313862354129391, 0.4408565151446372, -0.007957165838861927]], "inverted": false, "swapped": true, "error_lsq": 0.039557361343353754, "error_max": 0.20314086953072644, "target": "182.xyz", "model": "24.xyz", "model_rescale": 3.7841303162186577, "target_rescale": 4.024662568207279},
{"mapping": [4, 3, 11, 2, 5, 1, 8, 9, 12, 14, 13, 0, 10, 7, 10, 15], "R": [[0.4318131910322879, 0.7181951139351854, 0.5456492888020101], [0.5181570798841402, 0.2976451056155267, -0.8018233169901354], [-0.7382754286961297, 0.6289699272801113, -0.24361080017272999]], "T": [0.042016041104239066, 0.0667067931092216, 0.0024716389743421815], "aligned_model": [[-0.4109311768855543, 0.2630447036132799, 0.7111618280811679, -0.4823199333966325, -0.15752995222380595, -0.6148173612348121, -0.501642972652473, 0.01666323958247818, 0.21972410087022504, 0.525788133285177, 0.701053802345975, -0.2717405681852596, 0.44680262244589963, 0.24704926627493923, 0.44680262244589963, 0.05367678442298899], [-0.2099356864308335, -0.3923650250615357, 0.24255467198921832, -0.44367149010428836, -0.7497533277979307, 0.3510991519790469, 0.16323117967252176, -0.1875792002181405, -0.6472842756284101, -0.2372621735819665, -0.3437898526647221, 0.7314163282697664, 0.49570537391656017, 0.667738422965587, 0.49570537391656017, 0.06635167890049137], [-0.5219443210112327, -0.6215486201070525, -0.33031809708600984, 0.18517035762193865, -0.24835302679576424, -0.19933832507938473, 0.21360122761250752, 0.528624257117252, 0.18634253304199833, 0.5528046222000718, -0.09324528918814465, 0.034844055402569483, 0.5097813535553065, -0.1372706831351794, 0.5097813535553065, -0.06587724951460522]], "inverted": false, "swapped": false, "error_lsq": 0.04341512463220183, "error_max": 0.3554184396869281, "target": "182.xyz", "model": "25.xyz", "model_rescale": 4.19342608120988, "target_rescale": 4.024662568207279},
{"mapping": [12, 10, 2, 6, 13, 14, 0, 7, 1, 9, 4, 15], "R": [[-0.5385418989320514, 0.7951789976834753, 0.27868079362913334], [0.8056248890290951, 0.5828315271229175, -0.10618827227347605], [-0.24686263644285708, 0.16732534964753928, -0.9544951891412604]], "T": [-0.13523585593914655, 0.148436191641865, -0.10123717664383125], "aligned_model": [[-0.31579769787816886, 0.4913322963778849, 0.16113387553879832, -0.5652354887420968, -0.45979767340933975, -0.45384081775336654, -0.06054586671823248, -0.18129804982504985, 0.4420334557679626, 0.20168871467203114, 0.4216852880630306, -0.08354948146167274], [-0.5800557128447867, -0.12778266615208944, -0.5857460618926627, 0.45900840007785926, -0.33098415996764174, -0.10584770278700156, 0.5263044141630107, 0.37346091458496855, 0.007186698314065876, -0.18001115554504893, 0.5279333422596038, 0.029310117530703506], [0.22995237782662892, 0.13123712581990524, -0.4332076945467405, -0.020191777184529025, -0.507921181771003, 0.5121338214303006, -0.6972168274902982, 0.44599943352118787, -0.5950834304531858, 0.7065977523567092, -0.21330060683817445, -0.10974053146137969]], "inverted": true, "swapped": true, "error_lsq": 0.04581473971441082, "error_max": 0.3149455820474097, "target": "182.xyz", "model": "26.xyz", "model_rescale": 3.795458400668931, "target_rescale": 4.024662568207279},
