[{"mapping": [6, 4, 2, 3, 0, 1, 5, 9, 12, 11, 13], "R": [[-0.6644151855322165, 0.5658501111807305, 0.4882275216647924], [-0.2821442337715086, 0.41501558636771263, -0.8649605161054185], [-0.6920600353897619, -0.7124434817924988, -0.11609131176665527]], "T": [0.06677300274230893, 0.04419219329015309, 0.0653450775272203], "aligned_model": [[-0.4678863409233647, -0.8434326162570984, -0.19482894597033953, 0.050865307083174854, 0.42040121246222306, 0.6273099316759579, 0.17353228858077718, -0.061067868656297736, 0.453662901738631, -0.10398679974717745, -0.04639317266055498], [-0.34600379119723135, 0.22174839295066925, 0.40244346752772653, -0.12933489577726956, 0.6287443359694785, -0.010130879732346526, -0.6991583028334288, 0.7357738245284967, 0.33757978571703395, -0.22627414801776405, 0.10015157209762462], [-0.3173202646564757, -0.1657474444528321, -0.5627303083514203, -0.4274384453064226, -0.2933446440427245, -0.06071629031399098, 0.15718055673695833, 0.27056381618912484, 0.38055886948147444, 0.6856279879129099, 0.16831025088000673]], "inverted": true, "swapped": false, "error_lsq": 0.04499254646501125, "error_max": 0.19957105495647173, "target": "183.xyz", "model": "0.xyz", "model_rescale": 3.8414455957264533, "target_rescale": 3.809893734992643},
{"mapping": [1, 11, 12, 10, 8, 6, 2, 13, 9, 7, 14], "R": [[0.8579095958726793, -0.3805492542443438, 0.3452149915685147], [0.26053267581968065, 0.9013009894703056, 0.3460913914128543], [-0.44284743438323443, -0.20697534025560155, 0.8723802831255788]], "T": [-0.022919221324040055, -0.050782669694836455, 0.05530045210490937], "aligned_model": [[-0.7778407224862363, -0.7081201554099202, -0.2081111676262443, 0.15030528347985997, 0.3199296041497726, 0.7221920661926455, 0.41971147517474283, -0.21547021695980964, 0.3763843841526872, 0.009357546014320213, -0.08016219935588628], [-0.3276341144870336, 0.3731263846441147, 0.43788402102192814, -0.07169664238132205, 0.6052976105496712, -0.19415867825778044, -0.5813293280927707, 0.6441424953003736, 0.29298102516425817, -0.08818896441023376, -0.07488444781821592], [-0.2639873424758274, -0.22230753716641388, -0.5007556172584241, -0.6064677679633427, -0.22095259538250994, -0.12984722724168202, 0.3145359384840289, 0.2895014977374677, 0.4887665208387271, 0.6960141022958288, -0.009555887791244319]], "inverted": false, "swapped": false, "error_lsq": 0.05012230691855113, "error_max": 0.2631431487645598, "target": "183.xyz", "model": "1.xyz", "model_rescale": 4.316132596720782, "target_rescale": 3.809893734992643},
{"mapping": [10, 8, 6, 3, 4, 5, 9, 2, 0, 1, 11], "R": [[-0.8001098042043838, -0.34532753928181753, 0.49048261113885366], [-0.2867598258363733, -0.49799127606985566, -0.818396903247202], [0.5268710501653284, -0.7954580941645399, 0.29942163737078603]], "T": [0.015484957383555823, -0.025198252996507506, -0.02239636224418524], "aligned_model": [[-0.5113408981086853, -0.6988699337264617, -0.33133379417839937, 0.2749681827371231, 0.3319821266009715, 0.6435296459936772, 0.18532795974245286, -0.18907861678083107, 0.4777477950441853, -0.19494332908172446, 0.020186759083623152], [-0.29978326490729995, 0.2193124415783177, 0.4007212626754761, -0.060425719659030805, 0.6347628143593966, -0.16943538954689813, -0.6467071894095507, 0.6809230196871231, 0.26201062586796137, -0.07817146511137658, 0.07233222569887082], [-0.23285630572062863, 0.10778706833983125, -0.6342830206493675, -0.6244299910322806, -0.26449275335434125, -0.04509877324738311, 0.3447977304921444, 0.3779433611580065, 0.43338668637193273, 0.4751084502534694, -0.10291836853477525]], "inverted": false, "swapped": false, "error_lsq": 0.044593283186737775, "error_max": 0.28303790967602693, "target": "183.xyz", "model": "2.xyz", "model_rescale": 3.795458400668931, "target_rescale": 3.809893734992643},
{"mapping": [5, 9, 8, 6, 1, 2, 10, 7, 0, 4, 11], "R": [[0.8296331484755621, 0.40025610605620926, 0.38923500422655577], [-0.5247541324549105, 0.7970737143036646, 0.29884208946809143], [-0.19063561949966368, -0.452181980546418, 0.8713148208581665]], "T": [0.02824839390333229, 0.07456576545346416, -0.029545299908350697], "aligned_model": [[-0.4456956879236034, -0.8240915386803838, -0.200548606430245, 0.0987147844098434, 0.45946444237451844, 0.6654320584786426, 0.2211820144494201, -0.29710443909053047, 0.45435249139420775, -0.15933434407562663, 0.035804722419688295], [-0.44350911927022485, 0.2054237396056326, 0.5161410885205018, 0.015792967248571974, 0.497648550192141, -0.2646512450708201, -0.5661574364030504, 0.6961978938450873, 0.33207038279717505, -0.11102725262355156, 0.1376097923915266], [-0.05783021937055538, -0.13417547113658684, -0.6322277235179445, -0.6116763355189381, -0.2065269903690129, -0.2877198702756208, 0.272549274796124, 0.27215211080334284, 0.5740560704710551, 0.5546829785727396, 0.09166025962200498]], "inverted": true, "swapped": false, "error_lsq": 0.04753631489782419, "error_max": 0.28226975088172274, "target": "183.xyz", "model": "3.xyz", "model_rescale": 3.7530521520055578, "target_rescale": 3.809893734992643},
{"mapping": [7, 8, 6, 0, 4, 2, 1, 9, 3, 5, 10], "R": [[-0.6384500826329885, 0.4120693321767843, 0.6500618104959784], [-0.6756055750237371, 0.10455198802674054, -0.7298122969616929], [-0.3686985204510266, -0.9051341045828709, 0.21164511271982797]], "T": [0.02468172751197571, 0.12174558259105311, 0.05280440936362013], "aligned_model": [[-0.44600902536959053, -0.8571856219638253, -0.26082454301036667, 0.0769812588292435, 0.37930528845611, 0.6936329152434585, 0.3534551076514231, -0.12171498418113373, 0.48568199735474066, -0.33575741550029675, 0.040610919816168184], [-0.22336740821049478, 0.3363525344415075, 0.44716200369126974, -0.18655394244584594, 0.48804761587326934, 0.021932463212704645, -0.5831121211204409, 0.5739213650800119, 0.2241395190955942, -0.1612150585066235, 0.0782323901220369], [-0.08320360247833752, -0.08036212622277433, -0.5462998094586715, -0.710370896615252, -0.4761340131849658, -0.009626613850900523, 0.19425953595857343, 0.32014096387711793, 0.6503527488864598, 0.6074003359302342, -0.03121243876487577]], "inverted": true, "swapped": false, "error_lsq": 0.053523000707102496, "error_max": 0.2910544932936578, "target": "183.xyz", "model": "4.xyz", "model_rescale": 3.7855080009869324, "target_rescale": 3.809893734992643},
{"mapping": [10, 9, 14, 8, 12, 6, 7, 2, 1, 5, 16], "R": [[0.7046066819703044, 0.13526273191580346, -0.6965869773958397], [-0.29660567967771834, 0.947934803187012, -0.11595119529233075], [0.6446351638762171, 0.2883116408705604, 0.7080408909327257]], "T": [0.07134062633562364, 0.10194467406041997, -0.04602271781655364], "aligned_model": [[-0.44734232917311834, -0.6168848110840238, -0.20216684631014292, 0.06113657539532068, 0.3886722572480048, 0.6267774252085233, 0.17845937994515354, -0.279172068848993, 0.4824312210743788, -0.2217128487258876, 0.03797794259671596], [-0.4049607385014504, 0.26889645922587024, 0.6275540360779213, -0.3611741388127596, 0.6720004253662551, -0.23428299133506275, -0.6062344465057425, 0.6867869618207127, 0.5249596068321584, -0.29896061028971416, 0.1409547973548012], [-0.11658594091811825, -0.11941800354831439, -0.37255887125036535, -0.5758592175699822, -0.23941956224732816, -0.11323869469327535, 0.17392586184511635, 0.2383819877359647, 0.42849475136538095, 0.5931156540199477, -0.061893880662418396]], "inverted": true, "swapped": false, "error_lsq": 0.04684156767383922, "error_max": 0.22786068975230822, "target": "183.xyz", "model": "5.xyz", "model_rescale": 4.2253639853439635, "target_rescale": 3.809893734992643},
{"mapping": [5, 10, 2, 6, 4, 7, 12, 1, 0, 9, 13], "R": [[0.8252568976935247, -0.5599798319022834, -0.07330512036651732], [-0.3585061311395229, -0.41914523216086064, -0.8341406525833572], [0.4363764507218858, 0.714660662286311, -0.5466586970275521]], "T": [-0.07416332369483045, 0.05195814920549477, 0.01468568311802674], "aligned_model": [[-0.5423417729091186, -0.7321953258113888, -0.2220998486506745, 0.15176682482602377, 0.0768140728299204, 0.6650563763831023, 0.38351423108567906, -0.2392470747311705, 0.5611248185803269, -0.06252566745519458, -0.03169073682157417], [-0.14840140885005862, 0.4309545637718232, 0.28668974041362794, -0.28257051998860305, 0.7180176005493975, -0.21770675677545562, -0.7293078493420546, 0.6450916751003393, 0.2741829650504134, -0.028689858236605803, 0.06727920954016582], [-0.3613545456312022, -0.1638306363754037, -0.5962050409154287, -0.48607783951484196, -0.17100746489932248, -0.08643943505687521, 0.24161840405677862, 0.41424263470514144, 0.4506762298433781, 0.6196293923491006, -0.026307614484716066]], "inverted": false, "swapped": false, "error_lsq": 0.05241214457187937, "error_max": 0.2866194571660059, "target": "183.xyz", "model": "6.xyz", "model_rescale": 3.89814844738969, "target_rescale": 3.809893734992643},
{"mapping": [6, 8, 9, 5, 10, 2, 0, 11, 4, 7, 12], "R": [[0.7690384247743836, 0.49535312244963925, -0.4039866152484849], [0.14294915169084443, 0.4827284531942972, 0.8640247568834525], [0.6230131950861094, -0.7222177819439466, 0.30042642059673014]], "T": [-0.014286467342742401, -0.008346801982233074, 0.08560989581329365], "aligned_model": [[-0.4319810879321972, -0.6587203777809283, -0.2967944257448746, 0.08540239882735788, 0.4004288159491041, 0.679432817879478, 0.10203605018577672, -0.25870364903427345, 0.4392753469156282, -0.16759766103763923, 0.11539766909849904], [-0.35787840017814215, 0.19723145782210966, 0.4447818447098567, -0.11125839314063275, 0.47432416740464034, -0.03990919918750983, -0.5796727790326746, 0.7340688954798743, 0.251387789338149, -0.09029059310813779, 0.0927545711254565], [-0.3153074483126787, 0.07423947418962049, -0.630497332205715, -0.6773107674222711, -0.2803732078505582, -0.053333304503937334, 0.19080536782371152, 0.29636933849340585, 0.4628570443811301, 0.718899381380294, 0.048595538103606624]], "inverted": false, "swapped": false, "error_lsq": 0.04488900524745526, "error_max": 0.26804926716306077, "target": "183.xyz", "model": "7.xyz", "model_rescale": 3.7474275329858107, "target_rescale": 3.809893734992643},
{"mapping": [12, 10, 0, 1, 3, 4, 13, 7, 8, 11, 14], "R": [[-0.6919048301235202, 0.6963840764102407, 0.19056999809518452], [0.7134057531717206, 0.7000121470592042, 0.032174917421079474], [-0.11099521337982435, 0.15821571379549873, -0.9811461922236402]], "T": [0.012176611402019217, 0.14621666507793976, -0.0053514541118963015], "aligned_model": [[-0.3424992466400808, -0.7312818362785548, -0.21838925353225339, 0.09778897219020638, 0.3250257143547166, 0.6797149982055531, 0.18378814191656195, -0.33830907727702886, 0.6293030635130394, -0.32684536172593726, 0.049879782599708905], [-0.3574080897538474, 0.29617644210451405, 0.43428278464474035, -0.09115735724237842, 0.7239554736011201, -0.2307657060655721, -0.7138041175251583, 0.5594337244413146, 0.3166995509265075, -0.025207114752311244, 0.10333377085406022], [-0.0401330705504386, -0.012056790404241595, -0.5513098136154375, -0.7132539313342882, -0.29254101675740884, 0.15118173673361268, 0.19219743800795286, 0.4073095154578897, 0.2298098598709383, 0.48674400922322103, -0.023003852555191683]], "inverted": true, "swapped": false, "error_lsq": 0.050762023555799236, "error_max": 0.2368383605195268, "target": "183.xyz", "model": "8.xyz", "model_rescale": 4.019505241142653, "target_rescale": 3.809893734992643},
{"mapping": [2, 3, 5, 6, 11, 9, 1, 4, 8, 0, 12], "R": [[0.25226573463608853, -0.32067686740113893, -0.912977735677222], [-0.8146435395522454, 0.4388021440683851, -0.37922101975863287], [0.522223996570728, 0.8394158832633445, -0.150542593078888]], "T": [0.07182811800454117, -0.012321180719345834, -0.03458371983987309], "aligned_model": [[-0.4488765245298584, -0.7361604269141604, -0.20182713209745298, 0.02748452922604247, 0.4694681147209041, 0.7330334232164416, 0.20953114711033885, -0.3060875076534595, 0.4654802442436634, -0.2745911594995365, 0.07072118950300878], [-0.26393266268593596, 0.28022521024815406, 0.49580148701700266, -0.1612118420751839, 0.35710188558507283, -0.02253706725478101, -0.6288166814677241, 0.555927102911979, 0.4597118421153729, -0.07937340783227663, 0.02264349467130939], [-0.15920514497358662, -0.02893321952421754, -0.37729187230501193, -0.7444619171823198, -0.33898239770599226, 0.1387461432892934, 0.20474132168869497, 0.43644530185273583, 0.24534441423571063, 0.5114417018062613, -0.05290024710495983]], "inverted": true, "swapped": false, "error_lsq": 0.05418943465724102, "error_max": 0.305903890493257, "target": "183.xyz", "model": "9.xyz", "model_rescale": 3.877068213659057, "target_rescale": 3.809893734992643},
{"mapping": [9, 8, 11, 10, 12, 6, 13, 1, 3, 4, 15], "R": [[-0.887054713183447, 0.2591414890823603, -0.3820727999415946], [-0.3645999977784163, 0.11443720542690833, 0.9241054959440824], [0.2831974177830928, 0.9590358776658237, -0.007029076093757358]], "T": [-0.020935932915624244, 0.04717886504676512, 0.04261105150482283], "aligned_model": [[-0.47335094928599913, -0.7425179032383756, -0.16828918372909166, 0.10041800080151246, 0.4286213352312409, 0.5534133248878879, 0.2943632174750492, -0.351166515941875, 0.4699653368540596, -0.07101478198755727, -0.03226598374091992], [-0.29832650130126953, 0.24969639449643083, 0.377224666004276, -0.17592886705965777, 0.5585089979532527, -0.07493822829758957, -0.6285080149571094, 0.7131922805514558, 0.15163598300748765, 0.011181095577856244, 0.13180155525785658], [-0.29144283439827057, -0.1407711891261544, -0.6008266416782254, -0.6197385103623105, -0.26501692763831597, -0.145842976572395, 0.2467487058393929, 0.49013814856750726, 0.43102577390097097, 0.716619174018094, 0.014051361526314907]], "inverted": true, "swapped": false, "error_lsq": 0.043527132832393005, "error_max": 0.24013982546201829, "target": "183.xyz", "model": "10.xyz", "model_rescale": 4.260839863003843, "target_rescale": 3.809893734992643},
{"mapping": [10, 6, 5, 4, 3, 2, 8, 0, 1, 7, 11], "R": [[-0.43840140697880037, -0.8947863744162872, 0.0846259447094338], [-0.11784961726141308, -0.03611498079373848, -0.9923745139178082], [0.8910194577394741, -0.4450315183458626, -0.08961737336269959]], "T": [0.02691402570198477, -0.015952807792439128, -0.03961118916923553], "aligned_model": [[-0.4698472709916293, -0.7072012692452935, -0.22353974497661094, 0.12638579311562417, 0.3709450312782586, 0.6983120706207313, 0.2651805757085527, -0.282178662728357, 0.4946527630159947, -0.2951835398802243, 0.030650151408884732], [-0.37730204201779866, 0.3894108873509816, 0.3647044819945316, -0.18960674903112562, 0.5819299852752308, -0.05359868490470546, -0.601520570371853, 0.6692783689556687, 0.24819769443123085, -0.023636592786855565, 0.0076825823376842975], [-0.16605776711512518, -0.042827248616785406, -0.5385939932144342, -0.7439211598363409, -0.2069787618006933, -0.17438722323012534, 0.300907317867386, 0.41310750254376927, 0.4448530808571205, 0.5311775169001991, 0.017664819721637713]], "inverted": false, "swapped": false, "error_lsq": 0.03922339764733134, "error_max": 0.18825807712996243, "target": "183.xyz", "model": "11.xyz", "model_rescale": 3.890672605050136, "target_rescale": 3.809893734992643},
{"mapping": [8, 3, 7, 5, 12, 9, 6, 4, 11, 0, 13], "R": [[-0.7015422459719917, 0.6897319216775499, 0.17918803904158315], [0.6292502165359242, 0.4815365096544314, 0.6100547146439576], [0.33448862776792027, 0.5407332670446882, -0.7718321655678207]], "T": [0.0963613835490221, 0.042414713819638156, 0.15950486692535623], "aligned_model": [[-0.3944807437452281, -0.7932508405649318, -0.2599029761102446, 0.22757936452951558, 0.3059343686110967, 0.7533483885307772, 0.21512230294057347, -0.21197191489368586, 0.5432416005926579, -0.4140432755655308, 0.036599623000931614], [-0.37937338866515946, 0.25370251090796697, 0.382933586040898, -0.052690087630757027, 0.5590183364062673, -0.166983761786135, -0.504263906451475, 0.6421237950445003, 0.12844410422173302, -0.019563414184975425, 0.17219158733012555], [-0.15729135861033697, 0.02907974085441531, -0.5362585799257522, -0.6012244542155759, -0.3347946453216375, -0.20152251392058887, 0.2976955833476356, 0.3501265834033407, 0.46879304888084095, 0.4499189426007899, 0.0704217369834772]], "inverted": false, "swapped": false, "error_lsq": 0.05349915277047304, "error_max": 0.31961765835427436, "target": "183.xyz", "model": "12.xyz", "model_rescale": 4.124412569039231, "target_rescale": 3.809893734992643},
{"mapping": [8, 11, 2, 1, 4, 0, 3, 10, 5, 7, 12], "R": [[0.24619313613583643, 0.6495409236198278, -0.7193646698738427], [-0.969137831490584, 0.17468739486477797, -0.17394302989509525], [0.01268082384273106, 0.7399870962513186, 0.6725015197664699]], "T": [0.055595181045818294, -0.08810030627176212, 0.07135432871949461], "aligned_model": [[-0.5414908949551459, -0.8386439927443009, -0.28628313715504694, 0.13927353747206928, 0.3933915666452354, 0.6284967250711537, 0.3374757498367365, -0.3090171303635346, 0.5245923748167206, -0.04197932339701423, 0.0023604220990587482], [-0.17845132736794422, 0.3251586979061596, 0.45047299713252975, -0.2010025573462399, 0.5496651894380921, -0.13540136329208674, -0.7220981776645707, 0.5293278766302056, 0.33055003565253627, 0.046974830814287785, 0.020343159330019803], [-0.3162292515971778, -0.07044185198200502, -0.5078291707461389, -0.7305903783999238, -0.24077550020984834, -0.008105247494905474, 0.23671278714670407, 0.2458535368111487, 0.4938698935379983, 0.6757644526750457, 0.05671481433571077]], "inverted": true, "swapped": false, "error_lsq": 0.04441147948219493, "error_max": 0.22075706548494328, "target": "183.xyz", "model": "13.xyz", "model_rescale": 3.9028299243045295, "target_rescale": 3.809893734992643},
{"mapping": [12, 8, 2, 1, 3, 9, 14, 4, 7, 10, 15], "R": [[-0.9243915009812018, 0.2449996249243177, 0.29236199599240775], [-0.3394038574270165, -0.8780895666953188, -0.3372887997317564], [0.17408438895369815, -0.4110156890530714, 0.8948523503209044]], "T": [-0.08658690901172982, 0.12580380832085497, -0.07294169671735487], "aligned_model": [[-0.5197176120101046, -0.8199546410141405, -0.30165142579808657, 0.12051001135749019, 0.18703673670566356, 0.6157549685486243, 0.14038381090238677, -0.146351954950381, 0.6400063407221723, 0.07213839860952632, 0.020021264252780543], [-0.38636376485129026, 0.28782750858256867, 0.4334765346466573, -0.1112947341871145, 0.6842846946897634, -0.18672326676992368, -0.6417067144067592, 0.5743845748496863, 0.27557030745112576, -0.01700714992616892, 0.10309137115444472], [-0.25820491506351, -0.25301737461075247, -0.7063724479842026, -0.641355192736747, -0.11674404029703109, 0.026497585379116034, 0.304500408229887, 0.4316043458467165, 0.44692386380436344, 0.6410358302217489, -0.0399239787129806]], "inverted": false, "swapped": false, "error_lsq": 0.04564640759711665, "error_max": 0.2602272581845288, "target": "183.xyz", "model": "14.xyz", "model_rescale": 3.942246331269136, "target_rescale": 3.809893734992643},
{"mapping": [6, 9, 10, 11, 4, 13, 8, 5, 12, 0, 14], "R": [[0.1900379091073926, 0.7798363039048261, -0.5964402167980882], [-0.6869436707110269, 0.5396499159543044, 0.48670973020946784], [0.7014228299479219, 0.3172275324157289, 0.6382575548360371]], "T": [-0.03177296596568173, 0.18121800499903962, 0.03830213172848945], "aligned_model": [[-0.3281200209117274, -0.8082603931374176, -0.25171516409335604, 0.18399721220888116, 0.2785462329863739, 0.743228855757386, 0.017466195173956298, -0.2990320372075912, 0.6684695442376606, -0.16607705093352332, -0.030327476754711154], [-0.21774436281213772, 0.2658568405734301, 0.42933940836830964, -0.23732339861989044, 0.47319533562322746, 0.01591717669206419, -0.581984326161348, 0.6385612008952117, 0.22285379744439676, -0.15806609968047358, 0.1649337889101993], [-0.2182068182785722, -0.15680258141086886, -0.5934111851455439, -0.5024171561869348, -0.36433319966448846, -0.14329538750641235, 0.1563641197238066, 0.38785806172468024, 0.4578294202978005, 0.6767112418929904, 0.13464756863015098]], "inverted": true, "swapped": false, "error_lsq": 0.05050405425500892, "error_max": 0.25512663830899646, "target": "183.xyz", "model": "15.xyz", "model_rescale": 4.355366556412066, "target_rescale": 3.809893734992643},
{"mapping": [10, 8, 6, 3, 4, 5, 9, 2, 0, 1, 11], "R": [[-0.8001098042043838, -0.34532753928181753, 0.49048261113885366], [-0.2867598258363733, -0.49799127606985566, -0.818396903247202], [0.5268710501653284, -0.7954580941645399, 0.29942163737078603]], "T": [0.015484957383555823, -0.025198252996507506, -0.02239636224418524], "aligned_model": [[-0.5113408981086853, -0.6988699337264617, -0.33133379417839937, 0.2749681827371231, 0.3319821266009715, 0.6435296459936772, 0.18532795974245286, -0.18907861678083107, 0.4777477950441853, -0.19494332908172446, 0.020186759083623152], [-0.29978326490729995, 0.2193124415783177, 0.4007212626754761, -0.060425719659030805, 0.6347628143593966, -0.16943538954689813, -0.6467071894095507, 0.6809230196871231, 0.26201062586796137, -0.07817146511137658, 0.07233222569887082], [-0.23285630572062863, 0.10778706833983125, -0.6342830206493675, -0.6244299910322806, -0.26449275335434125, -0.04509877324738311, 0.3447977304921444, 0.3779433611580065, 0.43338668637193273, 0.4751084502534694, -0.10291836853477525]], "inverted": false, "swapped": false, "error_lsq": 0.044593283186737775, "error_max": 0.28303790967602693, "target": "183.xyz", "model": "16.xyz", "model_rescale": 3.795458400668931, "target_rescale": 3.809893734992643},
{"mapping": [6, 8, 9, 5, 10, 2, 0, 11, 4, 7, 12], "R": [[0.7690384247743836, 0.49535312244963925, -0.4039866152484849], [0.14294915169084443, 0.4827284531942972, 0.8640247568834525], [0.6230131950861094, -0.7222177819439466, 0.30042642059673014]], "T": [-0.014286467342742401, -0.008346801982233074, 0.08560989581329365], "aligned_model": [[-0.4319810879321972, -0.6587203777809283, -0.2967944257448746, 0.08540239882735788, 0.4004288159491041, 0.679432817879478, 0.10203605018577672, -0.25870364903427345, 0.4392753469156282, -0.16759766103763923, 0.11539766909849904], [-0.35787840017814215, 0.19723145782210966, 0.4447818447098567, -0.11125839314063275, 0.47432416740464034, -0.03990919918750983, -0.5796727790326746, 0.7340688954798743, 0.251387789338149, -0.09029059310813779, 0.0927545711254565], [-0.3153074483126787, 0.07423947418962049, -0.630497332205715, -0.6773107674222711, -0.2803732078505582, -0.053333304503937334, 0.19080536782371152, 0.29636933849340585, 0.4628570443811301, 0.718899381380294, 0.048595538103606624]], "inverted": false, "swapped": false, "error_lsq": 0.04488900524745526, "error_max": 0.26804926716306077, "target": "183.xyz", "model": "17.xyz", "model_rescale": 3.7474275329858107, "target_rescale": 3.809893734992643},
{"mapping": [5, 4, 6, 9, 2, 7, 11, 0, 1, 3, 13], "R": [[0.24750311082818044, 0.9392910334136981, -0.23764377685729787], [0.8545790962614839, -0.3272105397061784, -0.4032714110101254], [-0.45654876887719187, -0.10327447532579956, -0.8836841089342402]], "T": [-0.02159836123950529, -0.04511050877953478, 0.03540267037235294], "aligned_model": [[-0.552674987167769, -0.7181627440659573, -0.1581616305720766, -0.05630686401845522, 0.33055433769536624, 0.6626069906235507, 0.3960090274551509, -0.23236279971495327, 0.42307006350527837, -0.07502630956159731, -0.011369186852606291], [-0.4358056879633542, 0.2852221407114128, 0.48947887363534576, -0.009935887545592673, 0.5423838596621359, -0.23411878774613698, -0.5136997676316998, 0.7298383795739525, 0.23468312080307746, -0.13166794361096223, 0.05916106134481061], [-0.26214536108722214, -0.27266262023744764, -0.5036367318412593, -0.6318920409149222, -0.15080035723968915, -0.2167048245585444, 0.3928447456825544, 0.2681578264799951, 0.48540704111741323, 0.7064037479592147, 0.019972658716515778]], "inverted": false, "swapped": false, "error_lsq": 0.047692972466084574, "error_max": 0.28247938679609796, "target": "183.xyz", "model": "18.xyz", "model_rescale": 3.922800546911778, "target_rescale": 3.809893734992643},
{"mapping": [5, 1, 6, 8, 4, 13, 12, 2, 11, 3, 14], "R": [[0.40144301727983867, -0.22813706235121722, 0.8870157747520706], [0.7344484408489074, -0.498438880279253, -0.4605911097281122], [0.5472010522759148, 0.8363684375965663, -0.03253989828518611]], "T": [-0.02510747839848291, 0.1161090308642811, 0.03634920978915429], "aligned_model": [[-0.46292015971304246, -0.6767771106827819, -0.11545885903232161, 0.022653721518503207, 0.4484578849399148, 0.6184818723941582, 0.15599836748734477, -0.3915015785954913, 0.5806023574588409, -0.19111776897683788, 0.019757170527644724], [-0.49157671513533835, 0.33192377524509104, 0.545946546607956, -0.11620736107419294, 0.5287086067321309, -0.08661976738515614, -0.6258023249486739, 0.5854455111265584, 0.4149577391814248, -0.17112969454281118, 0.09989304542600083], [-0.11052424041460815, -0.24065929261129182, -0.4954816937788659, -0.5276885689462758, -0.3233236634331766, -0.09213241818477469, 0.22445093032428076, 0.4346048995459082, 0.2622887084423849, 0.5832347020393185, 0.12017472109370837]], "inverted": false, "swapped": false, "error_lsq": 0.04563772212906219, "error_max": 0.2043110259436326, "target": "183.xyz", "model": "19.xyz", "model_rescale": 3.9282355846067225, "target_rescale": 3.809893734992643},
{"mapping": [9, 8, 4, 11, 3, 1, 10, 6, 5, 7, 13], "R": [[-0.09805259862383908, -0.9054615977080447, -0.4129467071900531], [-0.3544450159000015, 0.41951005895064775, -0.8356913551921379], [0.9299217271398491, 0.06442519317176484, -0.36207040182541966]], "T": [-0.047512971233613144, 0.06556873122217277, 0.058473134250131176], "aligned_model": [[-0.590325489883045, -0.7108063153376567, -0.12091780275360996, -0.10091763335578632, 0.42250471072509493, 0.6985934814134518, 0.2737209783165956, -0.16286043806857892, 0.38780649360614594, -0.1847822454189287, 0.09616015808224876], [-0.3287284638558203, 0.312113634766787, 0.3620679990228146, -0.2692338612535791, 0.593822706717757, 0.05105624145079404, -0.7302388437105757, 0.6444958066675593, 0.4419927538029569, -0.07007720654260058, 0.008268594166895703], [-0.1097799988228434, -0.22059518951958174, -0.4947607763546113, -0.5727307452223311, -0.19918203290323727, -0.00946319819180362, -0.017246099287309413, 0.338441806190533, 0.4540639215598448, 0.6508033650438789, 0.015393031584068961]], "inverted": false, "swapped": false, "error_lsq": 0.048875312954530965, "error_max": 0.2656674051960734, "target": "183.xyz", "model": "20.xyz", "model_rescale": 4.067790424073018, "target_rescale": 3.809893734992643},
{"mapping": [8, 4, 2, 0, 3, 12, 9, 6, 11, 13, 14], "R": [[-0.8784267048653195, 0.39944028388106995, -0.26232419597221224], [0.4419815433319246, 0.8878236662322547, -0.12814621739188597], [0.18171086795617764, -0.22850951247361384, -0.9564332507685438]], "T": [-0.0777066069536422, -0.013404188824289343, 0.048446092774040175], "aligned_model": [[-0.5101675792097435, -0.7855131183591713, -0.2116781727117114, 0.026527466354816343, 0.46621475837212756, 0.6793497611502133, 0.35400964483251074, -0.25004003060177127, 0.3758042600320698, -0.1097831881143424, -0.026547904419066147], [-0.31063835979909354, 0.29725371691638997, 0.4805358828212126, -0.09602387644964587, 0.5674785872756489, -0.1133437817688952, -0.654157507805839, 0.6897309387067079, 0.2770204760382123, -0.07235346155161099, -0.04996325315009726], [-0.17470688570772258, -0.1636248923913728, -0.4917360586620286, -0.6492409966143003, -0.25233583059137704, -0.013936598520531085, 0.1327441451046481, 0.20160968577529725, 0.40623606125348144, 0.7453101980794854, 0.09462525635102856]], "inverted": true, "swapped": false, "error_lsq": 0.0403757101301364, "error_max": 0.22619010528133865, "target": "183.xyz", "model": "21.xyz", "model_rescale": 4.186013935880536, "target_rescale": 3.809893734992643},
{"mapping": [9, 10, 4, 11, 6, 5, 2, 7, 0, 1, 12], "R": [[0.7394793722050937, -0.5673918622514602, -0.3622661076252934], [-0.5041482497143843, -0.8233870754097369, 0.2605153860295456], [-0.44609954090212117, -0.010009930020761587, -0.894927371862039]], "T": [0.025108072703832852, 0.023076252274004436, -0.06892665029752032], "aligned_model": [[-0.5078030051086115, -0.7374674236442829, -0.1719246488850281, -0.010143685563245141, 0.28071799048440005, 0.7622129525075761, 0.3841826948637532, -0.35353339880991397, 0.45794779012008496, -0.1388047015926926, 0.042791332953891356], [-0.28913039090697235, 0.30781298385148725, 0.5614801225641874, -0.16720106857568828, 0.5174069927797535, -0.1970669374183301, -0.5539316338413788, 0.5737525487040037, 0.18630605287688967, 0.030733498678004442, 0.04537719252103282], [-0.005811237466918973, -0.25251052403882396, -0.5149261209791612, -0.670190181056872, -0.05653560754704541, -0.15109810712073865, 0.22742874099198973, 0.23390992688710133, 0.48586542988075043, 0.6439528661232213, -0.10514110159689471]], "inverted": false, "swapped": false, "error_lsq": 0.04757787802884134, "error_max": 0.20269104743858532, "target": "183.xyz", "model": "22.xyz", "model_rescale": 4.166573947596378, "target_rescale": 3.809893734992643},
{"mapping": [9, 11, 12, 14, 6, 5, 7, 2, 1, 4, 15], "R": [[-0.6069627226504763, 0.7803461461540799, -0.15051958508844113], [0.5742273934553153, 0.29968451159188003, -0.7618740670986585], [-0.5494171037729312, -0.5488616270923045, -0.6299934605909434]], "T": [-0.08158220972444663, -0.027941390603325747, 0.004729793373530768], "aligned_model": [[-0.5803391455830159, -0.7097654763639532, -0.16142839682318672, -0.07833724275005692, 0.32206346926391644, 0.7479413666143894, 0.40191377221428354, -0.12275402781292284, 0.4004875129873482, -0.1888097685915999, -0.022796165829270645], [-0.30977739545524824, 0.3785956063209533, 0.3546650423088186, -0.24399556308657744, 0.6087640711430703, -0.07764021182418557, -0.5386382696593647, 0.555069106841331, 0.30278714167289117, -0.01019950485541761, -0.004090662173281509], [-0.17487853489710423, -0.24468307933417696, -0.5212153170032602, -0.7563798097469123, -0.09911601917177967, -0.017239382046362817, 0.13438310348067958, 0.3382157457818967, 0.4125612306734697, 0.7313940827631313, 0.031902063577026914]], "inverted": false, "swapped": false, "error_lsq": 0.04828211030661447, "error_max": 0.2499021761449286, "target": "183.xyz", "model": "23.xyz", "model_rescale": 4.274766983524099, "target_rescale": 3.809893734992643},
{"mapping": [4, 5, 7, 9, 8, 1, 2, 6, 0, 3, 10], "R": [[0.7828571221498776, 0.3214710021158553, -0.532720490593181], [0.5450728597189398, -0.7672245927094596, 0.3380266290392234], [-0.3000505022442533, -0.5549980352581725, -0.775852355131142]], "T": [0.03649982200338793, 0.17524535178256517, 0.041047037842568704], "aligned_model": [[-0.30293945528364413, -0.7764048211606733, -0.27405243407905594, 0.22394893207653593, 0.3344281054074831, 0.4935515428394, 0.06367167854684232, -0.23629449297144411, 0.5827188370551347, -0.20304775254762603, 0.10259575744297902], [-0.39454726969733556, 0.11928568716060303, 0.40275770331348626, -0.02913109999319527, 0.7431781378978057, -0.2538332735238311, -0.740139460148036, 0.7252217582778772, 0.2813706457549587, -0.002572236022898411, 0.16394876821355486], [-0.17758039056575836, -0.006864397848905288, -0.46177291266135945, -0.765649034500425, -0.3246060984869671, -0.13777868259446086, 0.34071995465103366, 0.3205542294005389, 0.527412694252867, 0.5175049570607219, 0.003003765369322682]], "inverted": false, "swapped": false, "error_lsq": 0.05745222519101378, "error_max": 0.2978948102718744, "target": "183.xyz", "model": "24.xyz", "model_rescale": 3.7841303162186577, "target_rescale": 3.809893734992643},
{"mapping": [10, 14, 13, 11, 3, 6, 0, 12, 4, 8, 15], "R": [[0.6237475809091109, -0.7811389537284892, -0.027584239666769594], [-0.34198558597798745, -0.30447259138650484, 0.8890119797155038], [-0.7028405326198292, -0.5450856593805675, -0.4570523051515299]], "T": [-0.029002510542935955, 0.005037568064474918, 0.11527074286272333], "aligned_model": [[-0.5842145612333178, -0.7317913429429423, -0.1869908547780506, 0.1001124008855846, 0.4411694073315813, 0.6406824954970263, 0.11162678099303205, -0.337832321656817, 0.5743362892268935, -0.050899143394811414, 0.03197674739775265], [-0.44653320780941774, 0.274941716407062, 0.5007443923649868, -0.03617060309621756, 0.5785716497001745, 0.0008637532399449893, -0.6891086899375622, 0.6977102550748562, 0.30414207596938647, -0.18702735312532676, 0.01740537244510282], [-0.18981697964021554, -0.1348063853834644, -0.46895046926397543, -0.6404135797476391, -0.19937018339710755, -0.15589530257456108, 0.3145552736609128, 0.11449429884094932, 0.4365543074931252, 0.6739203532241452, 0.0846727508644391]], "inverted": false, "swapped": false, "error_lsq": 0.0446603126298089, "error_max": 0.2537377294738941, "target": "183.xyz", "model": "25.xyz", "model_rescale": 4.19342608120988, "target_rescale": 3.809893734992643},
{"mapping": [10, 8, 6, 3, 4, 5, 9, 2, 0, 1, 11], "R": [[-0.8001098042043838, -0.34532753928181753, 0.49048261113885366], [-0.2867598258363733, -0.49799127606985566, -0.818396903247202], [0.5268710501653284, -0.7954580941645399, 0.29942163737078603]], "T": [0.015484957383555823, -0.025198252996507506, -0.02239636224418524], "aligned_model": [[-0.5113408981086853, -0.6988699337264617, -0.33133379417839937, 0.2749681827371231, 0.3319821266009715, 0.6435296459936772, 0.18532795974245286, -0.18907861678083107, 0.4777477950441853, -0.19494332908172446, 0.020186759083623152], [-0.29978326490729995, 0.2193124415783177, 0.4007212626754761, -0.060425719659030805, 0.6347628143593966, -0.16943538954689813, -0.6467071894095507, 0.6809230196871231, 0.26201062586796137, -0.07817146511137658, 0.07233222569887082], [-0.23285630572062863, 0.10778706833983125, -0.6342830206493675, -0.6244299910322806, -0.26449275335434125, -0.04509877324738311, 0.3447977304921444, 0.3779433611580065, 0.43338668637193273, 0.4751084502534694, -0.10291836853477525]], "inverted": false, "swapped": false, "error_lsq": 0.044593283186737775, "error_max": 0.28303790967602693, "target": "183.xyz", "model": "26.xyz", "model_rescale": 3.795458400668931, "target_rescale": 3.809893734992643},
{"mapping": [11, 4, 10, 5, 7, 6, 1, 3, 0, 9, 12], "R": [[-0.14694944273132993, -0.9648247057436086, 0.21798887234836284], [-0.49813890037060093, -0.11820966201431471, -0.8590018112577121], [0.8545545607031305, -0.23481857463416456, -0.4632458740110475]], "T": [-0.05221506862908013, -0.0756579146856665, 0.07937382558405795], "aligned_model": [[-0.6301016963478993, -0.7844397813052315, -0.2975225110509706, 0.30629574641046436, 0.26203137479632643, 0.690573593357124, 0.3068541957168405, -0.10498594256160035, 0.5073138989210433, -0.2900991958403705, 0.04225621523020557], [-0.34167937031719614, 0.30679208990559326, 0.32178155161788274, -0.015108941533411788, 0.5904944429861919, -0.310669654901538, -0.46386154374110616, 0.6118803983988338, 0.3750903573173827, -0.09718852036732238, 0.03800855186767925], [-0.24751181555177923, -0.048853109071099354, -0.45872705513071355, -0.5799169184963695, -0.2636980441344067, -0.19306230502515218, 0.3453068553894866, 0.343159461571264, 0.4977355373257901, 0.4361957211500559, 0.004315756049532382]], "inverted": false, "swapped": false, "error_lsq": 0.05517586881194343, "error_max": 0.28997821158534826, "target": "183.xyz", "model": "27.xyz", "model_rescale": 3.6321398670334006, "target_rescale": 3.809893734992643},
{"mapping": [3, 7, 4, 1, 6, 11, 0, 12, 9, 8, 14], "R": [[0.20346405155705516, 0.11813508307063555, 0.9719292576478403], [-0.9787283189140539, 0.051236716030512997, 0.19865970070972772], [-0.026329783129718426, -0.9916747960285683, 0.12604698109054177]], "T": [0.08943133209036752, -0.004422584648146516, 0.026290167647479334], "aligned_model": [[-0.4427235965437592, -0.6471568217829711, -0.23372081451000054, 0.06189060298583249, 0.23998600644347493, 0.6892851620485867, 0.12999221441994938, -0.23319542849706748, 0.548838419826813, -0.22915080084730294, 0.12413095378237651], [-0.40114168014796936, 0.23695093750199658, 0.4107410866451442, -0.12228328734926801, 0.7260680053978616, -0.22976246294876004, -0.6113547255010611, 0.6578709843360072, 0.3475553635020673, -0.001343567331287307, 0.0022387071282579636], [-0.149735884851754, 0.018284021123856044, -0.6137716016723899, -0.6314465267413111, -0.1919395851944073, 0.07014399701999463, 0.16557363918732185, 0.4015086809101372, 0.3603991513245309, 0.4331384932183363, -0.027210300247706622]], "inverted": true, "swapped": false, "error_lsq": 0.04420810653239302, "error_max": 0.23042623655398736, "target": "183.xyz", "model": "28.xyz", "model_rescale": 4.156811204709835, "target_rescale": 3.809893734992643},
{"mapping": [5, 9, 6, 0, 7, 8, 5, 4, 2, 10], "R": [[0.9256561518700461, 0.32897598781255544, 0.1869103741045205], [-0.23038170821608694, 0.09818306017431475, 0.9681344716588935], [0.3001415616414631, -0.939220360798019, 0.1666738036941125]], "T": [0.035060033037537824, 0.020947901796298008, -0.04407466461227097], "aligned_model": [[-0.6080233867473686, 0.11211728713955114, 0.0005197544250516509, 0.6708513586425808, -0.03610143099275606, -0.6437148788358457, -0.6080233867473686, -0.43315416670793283, 0.21317461851318867, -0.024720394578513355], [0.25514610128403364, -0.5978462199161695, -0.09198669073497291, 0.11670562198596322, -0.4378865640155767, -0.28803050545017894, 0.25514610128403364, 0.24378802848713885, 0.43718043264182815, 0.026504025060104502], [-0.4063423512444053, -0.21778410812820845, -0.8007504767348302, -0.17841132430216802, 0.615806641284625, 0.036513570199803266, -0.4063423512444053, 0.4545415600109447, 0.5744097368152958, 0.08714583031844819]], "inverted": true, "swapped": true, "error_lsq": 0.067733301995268, "error_max": 0.4253055780935327, "target": "183.xyz", "model": "29.xyz", "model_rescale": 4.117894457231895, "target_rescale": 3.809893734992643},
{"mapping": [8, 1, 0, 5, 3, 11, 10, 4, 12, 7, 14], "R": [[0.2139733372874446, -0.968732809578386, -0.12558723890762014], [-0.3340532127562556, -0.19337958996605484, 0.922503542124248], [-0.9179454569729605, -0.15543834092953612, -0.3649863835703682]], "T": [0.09843393082992004, 0.0030743085448775714, -0.026450171011142602], "aligned_model": [[-0.5318211997640278, -0.6686664609783358, -0.18682395278276753, -0.10917468183808, 0.22382422274366193, 0.8222568666064163, 0.2608924426029488, -0.22295952885623765, 0.5753340658330639, -0.2502538739932702, 0.09556799775255889], [-0.2466053460327009, 0.37180996439480707, 0.49852183029604585, -0.29625484108362465, 0.5164872072636565, -0.030138359242251445, -0.5397748486626373, 0.5426665411589836, 0.41597207913685974, -0.18594861478085706, -0.03119625121529246], [-0.2319452490718406, -0.15222549788930698, -0.5435982583614463, -0.7769516671180461, -0.16942104631371485, -0.04837975493826155, 0.4131439476537189, 0.42640141475421217, 0.40927866110299044, 0.49286746789502706, 0.015774066363275996]], "inverted": true, "swapped": false, "error_lsq": 0.049817242845197396, "error_max": 0.2689841107160016, "target": "183.xyz", "model": "30.xyz", "model_rescale": 4.100398675895297, "target_rescale": 3.809893734992643},
