[{"mapping": [5, 6, 0, 1, 2, 12, 11, 4, 10, 3, 8, 9, 7, 14], "R": [[0.47743189526854724, 0.7562073164981711, -0.44744751631327445], [0.5372871492828055, 0.15168520324139922, 0.8296469841644529], [0.6952562869876399, -0.6365077325470998, -0.3338811192803666]], "T": [-0.049433442572076026, 0.11049814846385377, 0.15568929369153908], "aligned_model": [[0.1784772938098498, 0.17987824323373708, -0.5272907919892034, -0.47452109416260224, -0.621041906523326, -0.07165855606845653, -0.6611193844050235, -0.08330527663158913, -0.33037967447342875, 0.35129037102318295, 0.43274148832110937, 0.3049988178674458, 0.7399540040055076, -0.046531432878899395], [-0.6586708911012843, -0.37576040563516727, -0.3640997123733377, -0.2595972356278991, 0.19829756412390437, 0.18589392726930032, 0.29792059909479374, 0.47918808165964333, 0.7230724237027047, -0.1353891285453634, 0.5207445390576029, 0.463254917740206, 0.01303123709104649, 0.14738741535388478], [0.4133530661204229, -0.3948829132413525, 0.3234774879947735, -0.2848397839088106, 0.4857540039521471, -0.602594322809571, -0.1438967895276326, 0.7440738215832526, 0.3426739444044665, 0.6096826574819193, 0.5259882868016863, -0.31528624779793013, 0.08205453022259701, 0.11203034590386492]], "inverted": false, "swapped": true, "error_lsq": 0.04742544142945921, "error_max": 0.31532283398535776, "target": "185.xyz", "model": "0.xyz", "model_rescale": 3.8414455957264533, "target_rescale": 4.148481160611643},
{"mapping": [12, 8, 10, 1, 3, 11, 13, 0, 4, 7, 5, 6, 9, 2, 14], "R": [[0.6589165937952588, 0.6051399105133852, 0.44680489156353886], [0.5040299472508456, 0.08573168453548502, -0.8594206714648057], [-0.558375084236003, 0.7914895874050144, -0.2485186076209916]], "T": [-0.0447036912447029, 0.07538177309141673, 0.0791251323515173], "aligned_model": [[-0.3952389189541499, -0.7918910195315024, -0.1292655045627492, 0.5572719819859387, 0.6636388195534136, -0.08656777168141862, -0.5498915108770629, 0.23932407737774447, 0.44608768148095856, -0.010418416364683533, 0.24008162047382464, -0.28931328706365267, -0.52790919378195, 0.20829463177684304, 0.0025440383657932483], [-0.41298725948700815, -0.17535510130318127, -0.5999463254085905, -0.1876995946617469, -0.25834166681753745, -0.09133217056445865, 0.38900117366481346, 0.5874268510019082, 0.28559263162023885, 0.7034817560639767, -0.3427353479637177, -0.19760473998789163, 0.49418913720007823, 0.239428742382216, 0.014889348318037288], [-0.39088581009575396, 0.023049168097366297, 0.15097608582548527, -0.4838236876564671, 0.06311154151090662, -0.7555719755204743, -0.39127378252649875, -0.3482569383371802, 0.18281919323654108, 0.21054025115979136, 0.5014972245787861, 0.7688146879442731, 0.31707998958188055, 0.7526866870985347, 0.03251700367122236]], "inverted": true, "swapped": false, "error_lsq": 0.04696276192839089, "error_max": 0.33260303624163146, "target": "185.xyz", "model": "1.xyz", "model_rescale": 4.316132596720782, "target_rescale": 4.148481160611643},
{"mapping": [12, 11, 13, 7, 9, 6, 8, 5, 10, 0, 4, 14], "R": [[-0.08163405695747286, 0.8921447751910455, -0.4443124810805824], [-0.6921727823392242, 0.2700053978030881, 0.6693234827390812], [0.7171002162413849, 0.36218059757048693, 0.5954766952703053]], "T": [0.022101716555086734, 0.08470481901286123, 0.03027196750225771], "aligned_model": [[-0.29960011980986667, 0.4418033034685977, 0.1430031352029842, -0.6987084170091729, -0.4002045064628896, -0.5662433471260446, -0.09019872437841697, -0.25854987803490087, 0.515379708062099, 0.3692363683528445, 0.4327800903920982, 0.009110941974449015], [-0.6063645534891705, -0.48039367713421166, -0.6028409599121356, 0.37812594723123916, -0.2563772781207183, -0.19117884770607838, 0.5225516167297258, 0.5801765814221076, -0.008447434943096882, 0.13480680269333947, 0.5033246159988335, 0.039393614971146004], [0.020094882719570294, 0.08987863902289064, -0.49407666538536166, -0.14970361663094459, -0.3906769405698599, 0.4424603640011011, -0.547304782350663, 0.6513173361470649, -0.4566990461976751, 0.6292135162390866, -0.34305986810627526, -0.002185357679512799]], "inverted": true, "swapped": true, "error_lsq": 0.050302630435303634, "error_max": 0.25075254593827734, "target": "185.xyz", "model": "2.xyz", "model_rescale": 3.795458400668931, "target_rescale": 4.148481160611643},
{"mapping": [6, 7, 5, 4, 1, 2, 3, 9, 8, 10, 0, 14], "R": [[0.17896211202505652, 0.26730489538255403, 0.9468477466647174], [-0.5407933106311198, -0.7772342474635631, 0.32163569414227305], [0.8218972914155176, -0.5696095307087745, 0.005461216857551798]], "T": [0.12489967589063161, 0.057167625586861504, 0.016725437269971687], "aligned_model": [[-0.15553238318326906, -0.04576770596191343, -0.7087173735804775, 0.2566253259472757, 0.0008333935049189278, 0.164225253739155, -0.3206803486234339, 0.5724200155189985, 0.3036393872383803, 0.6604177934772373, -0.3084834656909931, 0.17432393335768653], [-0.10720025381130055, -0.7112456358119621, -0.056586517406009285, 0.04515578737363504, 0.5253592085403286, 0.6142871011881548, -0.29952395494032225, -0.3489640955818418, -0.474014326096202, 0.250636295714208, 0.5992893408318352, 0.04857609528918573], [-0.680771549242696, -0.11917203325828957, -0.029073521113727102, 0.699206198540734, -0.5097156062464898, 0.3792982923529088, 0.33512716508893947, -0.30986313704228907, 0.48981523748651706, 0.42284303959947134, 0.02189771949638275, -0.010820375022361828]], "inverted": false, "swapped": true, "error_lsq": 0.0436249046913563, "error_max": 0.2159181477425874, "target": "185.xyz", "model": "3.xyz", "model_rescale": 3.7530521520055578, "target_rescale": 4.148481160611643},
{"mapping": [1, 9, 10, 8, 2, 7, 0, 6, 5, 3, 14], "R": [[-0.8576047913369333, 0.46517735700736385, -0.2193719407845473], [-0.5036257120365029, -0.6730781373315966, 0.5415966794783312], [0.10428405463761405, 0.5749572571712372, 0.8115103131658077]], "T": [-0.022362738904847773, -0.12269418718450589, -0.06311435104376405], "aligned_model": [[-0.5777687798375674, -0.22063147420650128, 0.4926968338753057, 0.4961821859590154, 0.3213726523757253, -0.17040402179888456, -0.13715849540853628, -0.7608662133078027, -0.2606707044494066, 0.19258006892807336, -0.03713244968421571], [-0.5610967007973343, 0.15348093118594083, -0.42910292730667343, 0.36204564188497235, -0.6624767307477893, 0.6601149746048837, -0.5430342932032597, 0.08553436472262954, 0.18872042180225498, 0.340138761140118, -0.12712108497139663], [0.042068056352062996, -0.6600183121520903, -0.42362594304945755, -0.24765314991018, 0.12091953946533858, -0.12097636618012457, 0.47714464574539595, -0.004680848718891226, 0.6826638932578705, 0.3452180545390845, -0.11822879210369255]], "inverted": true, "swapped": true, "error_lsq": 0.04706765085453604, "error_max": 0.22208101818450313, "target": "185.xyz", "model": "4.xyz", "model_rescale": 3.7855080009869324, "target_rescale": 4.148481160611643},
{"mapping": [9, 3, 14, 8, 13, 10, 5, 7, 6, 4, 12, 2, 0, 1, 16], "R": [[-0.1524714015636454, 0.29239720683641135, 0.9440637399770645], [-0.9426927402918803, 0.24382745315655277, -0.22776867758358404], [-0.29678758246632075, -0.9246902435526472, 0.23846401064383477]], "T": [0.05766759764530767, -0.022426786439829486, 0.03537743848756532], "aligned_model": [[-0.4291589344034968, -0.6303656365934962, -0.038981164904889926, 0.49562822694026926, 0.7174339475956639, -0.16452275592337295, -0.48786176673549225, 0.14223167313356538, 0.576222520200398, 0.07873488312174586, 0.29307829738912494, -0.5072909096785074, -0.4592391408903828, -0.04470519202710968, 0.03554318097332819], [-0.4886294958801082, -0.06760938164075475, -0.6621531106253602, -0.14866229015958177, -0.3164552703657245, -0.04456460969959196, 0.5009697732546816, 0.5622650755035006, 0.3737084473653512, 0.697834105986626, -0.3137854830076882, -0.3035192474419159, 0.45269082956325485, 0.2761545430086077, -0.07023645180415987], [-0.1939018249727832, -0.04820130924797199, 0.23313144065807545, -0.500873397177799, 0.09126350999757807, -0.6582403508147483, -0.2536848359751081, -0.4254411978434392, 0.019416959203985187, 0.20205437207181398, 0.6034946582499642, 0.4195578660849752, 0.3752958962689196, 0.7234711389592821, 0.04593671310566958]], "inverted": false, "swapped": false, "error_lsq": 0.03473661979052026, "error_max": 0.2259470639356905, "target": "185.xyz", "model": "5.xyz", "model_rescale": 4.2253639853439635, "target_rescale": 4.148481160611643},
{"mapping": [8, 7, 12, 13, 9, 1, 11, 10, 5, 3, 6, 0, 2, 14], "R": [[-0.7896550311209037, 0.5338102825789857, -0.3024756420579815], [-0.05779225410871132, 0.42608676896716036, 0.9028344924049811], [0.6108232045285107, 0.7304085483645912, -0.30561146131232053]], "T": [0.1031423597202307, 0.02146634854805292, 0.019657374939497096], "aligned_model": [[0.560535135654624, -0.14067244311466345, -0.44582607229469007, 0.13905158984114893, -0.11568559841098947, -0.39496625433171795, 0.07760233447210599, 0.659984586591812, -0.1878716562853112, 0.24975849055532207, -0.656704666433698, 0.03071233258451364, 0.5079451204834217, 0.09019925344590543], [-0.01994157867063845, 0.13894178858734396, -0.5046667544050593, -0.8436676600792989, -0.5044744790533954, -0.0053447131260732465, -0.3756972997531207, -0.37407581885278646, 0.8062548824714301, 0.5359410497686292, 0.08968928478678197, 0.4434633144834749, 0.09251888981345992, -0.033841759335756824], [-0.5521759411255232, -0.7318799035265255, 0.07433955497667549, 0.13160162118852098, -0.3642411751930635, 0.5323999503624266, 0.603307468123417, 0.1700382769408891, -0.07715550807053742, -0.3558018027695928, -0.08103579039224888, 0.5659321281188456, 0.5435599877108015, 0.012669342587363052]], "inverted": true, "swapped": true, "error_lsq": 0.04026670297083751, "error_max": 0.2902076185919201, "target": "185.xyz", "model": "6.xyz", "model_rescale": 3.89814844738969, "target_rescale": 4.148481160611643},
{"mapping": [3, 5, 0, 8, 2, 6, 7, 4, 9, 12, 1, 13, 14], "R": [[0.012213522320884851, 0.9898186446214787, -0.1418093108093265], [0.9985123548130164, -0.004536054121665634, 0.05433692573904371], [0.053140447479130964, -0.14226199412599358, -0.9884015468770846]], "T": [0.010091934601308916, 0.045081497175363264, -0.006656907816106079], "aligned_model": [[-0.04733669418775602, 0.0016930760291221092, 0.5157552817986559, -0.18762594649434208, 0.663639039624218, -0.4745802387993829, -0.6739363715014148, 0.36123767095504117, -0.5639639814770967, -0.4100744004206568, 0.11923108729870556, -0.136616387904989, -0.01879033401588205], [-0.3002504033490414, 0.21460435292153152, 0.42139104717476455, -0.6611295800277673, 0.02661737815718478, 0.5984039185307264, -0.20272432366730364, -0.5533692523029605, 0.0008164977190867617, 0.5261138431594684, 0.7500226047855637, 0.09129188112406289, 0.05199330124516928], [-0.5585608244706721, -0.831972844509649, -0.29724141519935254, -0.016125973560717887, 0.11952924132646149, -0.23268382675501714, -0.33643254309665505, 0.03611332639243235, 0.36801353568107703, 0.4095649743775705, 0.04703343788946425, 0.8527726172075994, 0.04226532555375476]], "inverted": true, "swapped": true, "error_lsq": 0.045517127004843935, "error_max": 0.2405051034545837, "target": "185.xyz", "model": "7.xyz", "model_rescale": 3.7474275329858107, "target_rescale": 4.148481160611643},
{"mapping": [12, 12, 11, 4, 9, 13, 1, 2, 8, 3, 7, 10, 0, 6, 14], "R": [[-0.2847667404135241, 0.8221606357292485, -0.4929095176718895], [0.017802416962608314, 0.5186460898680506, 0.854803666004581], [0.9584315194652909, 0.23464467290322222, -0.16232960288743964]], "T": [-0.021848397796895055, 0.03777297883564397, 0.059023882026972674], "aligned_model": [[-0.46347200393497395, -0.46347200393497395, 0.0055321820954785245, 0.39577917040398647, 0.5700116188786326, -0.08502744421504911, -0.505442872303387, 0.12498275705549385, 0.6076341577280744, 0.2101689161112259, 0.15495721878858265, -0.47502163057900026, -0.42723760893569773, -0.04959122549058567, -0.023054003470459637], [-0.3204429446568833, -0.3204429446568833, -0.57815963540458, 0.1086222699886775, -0.41198268831871215, -0.37107871629069217, 0.5228805674425054, 0.6905912478862608, 0.24394779436123964, 0.648720136504306, -0.2880033430314876, -0.2771389402571955, 0.45011188131483465, 0.2972166678646646, 0.05316608131108226], [-0.18033476406159116, -0.18033476406159116, 0.1387563982912144, -0.5988464988743538, 0.2256432104729325, -0.7390741872468372, -0.25018289628275076, -0.4517191212616836, -0.10362289349982598, 0.3540595977768727, 0.6304144612095222, 0.5793390403602112, 0.3750135252456663, 0.8328826586343816, 0.0012858718662464921]], "inverted": true, "swapped": false, "error_lsq": 0.04693474941453803, "error_max": 0.3924475224074847, "target": "185.xyz", "model": "8.xyz", "model_rescale": 4.019505241142653, "target_rescale": 4.148481160611643},
{"mapping": [7, 9, 6, 5, 3, 0, 1, 8, 4, 10, 13, 2, 14], "R": [[0.2881610309881223, 0.8347952718904481, 0.4691269276530769], [0.7450518739025451, 0.1123015887845494, -0.6574846449543686], [-0.6015487722655318, 0.5389853496949789, -0.5896048400412031]], "T": [0.04084759606484811, -0.0318422641479581, 0.010604561688711147], "aligned_model": [[-0.3709172974729543, -0.6235078302367251, -0.02969186042781266, 0.5549568355484243, 0.20315724177785735, 0.7080586120197421, 0.31183732682575016, -0.3232255840759729, 0.0994342663359219, -0.12176708279845519, -0.5442443846493822, 0.4624150648304392, -0.006804535935656338], [-0.5753490337761187, 0.06660392054167527, 0.10404992712714012, -0.46949226807195155, -0.6601907772599009, 0.14673054728640433, 0.5265102868175054, -0.5802228049027424, -0.3515982193587259, 0.128558739517251, 0.5483439508758178, 0.17960301170876353, -0.0001690523910593128], [-0.40545370566830563, -0.1336789871156028, -0.7435296990080837, -0.4934877897201744, -0.06675063931010937, -0.05784151384237069, -0.34512422225304235, 0.33409430078266694, 0.6250959382096705, 0.6716410748614601, 0.2992724850194022, 0.4806678031858741, 0.011798448902494497]], "inverted": true, "swapped": true, "error_lsq": 0.049625827022291784, "error_max": 0.341386300743977, "target": "185.xyz", "model": "9.xyz", "model_rescale": 3.877068213659057, "target_rescale": 4.148481160611643},
{"mapping": [10, 6, 11, 9, 8, 14, 13, 2, 7, 4, 0, 12, 3, 5, 15], "R": [[0.8255329109369552, -0.07488470592423543, 0.559363650748418], [0.2934856446294948, 0.9035555901265281, -0.31217538651775795], [-0.4820389915311491, 0.4218762571770808, 0.7678924627015756]], "T": [-0.047187262223122306, 0.07075009814777508, 0.049523265575754254], "aligned_model": [[-0.3152838144469807, -0.6567778448679896, 0.0618168549266461, 0.26514643451046704, 0.6624504207392069, -0.2326739775952324, -0.4594254068550013, 0.25531667348273523, 0.6623346449939812, 0.10021560615134803, 0.20545948564681688, -0.42378923559255605, -0.43806690138249454, -0.08675978991137628, -0.02321592160222308], [-0.4832447724673685, -0.019498071617997145, -0.651825225817819, -0.18841449483915554, -0.23012348755416193, -0.04631162916753731, 0.49176789569811763, 0.4028648173640601, 0.46936155291919623, 0.7181582687398055, -0.38292675959443745, -0.329572126320564, 0.45564775708032035, 0.22433006034005018, 0.017793649294628087], [-0.3032155917644434, 0.025876605569158655, 0.1527622112509227, -0.47098291068568254, 0.01470401580190283, -0.6997515685518887, -0.4509187612565214, -0.43888899892203614, 0.11256405174489795, 0.18077011235932477, 0.652941002449378, 0.5555946893535637, 0.3686286440436047, 0.8149268535657188, 0.11826928361051375]], "inverted": true, "swapped": false, "error_lsq": 0.041694499139435286, "error_max": 0.30322215489688864, "target": "185.xyz", "model": "10.xyz", "model_rescale": 4.260839863003843, "target_rescale": 4.148481160611643},
{"mapping": [5, 7, 9, 6, 11, 1, 0, 3, 8, 10, 2, 14], "R": [[-0.640578674923813, 0.32553863363702445, 0.6954736222478832], [0.3777861855580981, 0.922106042793246, -0.08365431157832204], [-0.6685331399671333, 0.20915315884279606, -0.713665465685265]], "T": [-0.01662674481751038, 0.009095708291641068, 0.022537588778243363], "aligned_model": [[0.5129299763964521, 0.23846922507019494, -0.4014453585938374, -0.28149927956023396, -0.5614267293204899, -0.45959820069090246, 0.08854999565302892, 0.6030541298683247, 0.37404643601429577, -0.12824415466003627, 0.038651942673334425, -0.06458933375600048], [0.08721620938863145, -0.7084427739741097, -0.5512740026613124, -0.23093821895473077, 0.42882148998840497, 0.3687492477721456, 0.625882670132783, -0.15583448897429483, -0.434589511950602, 0.15409485489762056, 0.6059780163625197, -0.016584986494121115], [-0.6281711026739801, -0.21854121707737967, 0.12142109463046827, -0.6589220504067766, 0.18397467485131827, -0.4089268870395676, -0.2778876948073889, -0.10373095727126874, 0.45662744168059716, 0.6975620985627334, 0.3124745878515653, 0.04029808909518382]], "inverted": true, "swapped": true, "error_lsq": 0.04698465893958289, "error_max": 0.2614494284515064, "target": "185.xyz", "model": "11.xyz", "model_rescale": 3.890672605050136, "target_rescale": 4.148481160611643},
{"mapping": [0, 2, 4, 5, 3, 12, 11, 6, 1, 13, 8, 10, 9, 14], "R": [[-0.3337857583658107, 0.2156203794808074, 0.9176572995757803], [-0.9314171973244523, 0.07438935687862114, -0.356269881005184], [-0.1450829832903344, -0.9736396024894108, 0.17600242164197288]], "T": [0.1685894376667168, 0.013998312666274246, 0.12968760374676436], "aligned_model": [[0.3792539073120596, 0.10505059200414621, 0.3257441540320458, 0.9082393422786428, 0.7895575023874943, -0.3991714864834955, -0.3979500219806498, 0.18878019382954886, -0.07455063381698684, -0.6772959744945843, 0.36282367896113, -0.195933891301048, -0.22226570439040388, 0.11759417645579431], [-0.37123314086939446, 0.14209404180185264, 0.6344566325578379, -0.3889903809932306, 0.17430434055135322, -0.368675766784169, -0.15156789181717956, -0.6321810586796308, -0.6275144343981193, 0.20456961853436698, 0.6596426337729361, 0.5380603355387132, 0.10072272898801972, 0.018464861624409405], [-0.4078631961657492, -0.5206522963666037, -0.14162363643007897, 0.15143768871594898, 0.2555873343409175, 0.46491976823946646, -0.2584612855864199, 0.5470669745128736, -0.0729950893105874, 0.2318555382086395, 0.418361432499801, -0.15600983468647328, 0.6878888754517097, 0.15527816193341698]], "inverted": true, "swapped": true, "error_lsq": 0.04644331975490007, "error_max": 0.2862804378970132, "target": "185.xyz", "model": "12.xyz", "model_rescale": 4.124412569039231, "target_rescale": 4.148481160611643},
{"mapping": [5, 7, 12, 3, 6, 0, 8, 2, 9, 4, 11, 13, 14], "R": [[-0.8559954898717232, 0.05390815481375394, 0.5141649853537724], [0.3187363095555521, 0.8380690468161167, 0.4427724446480752], [-0.4070367136883059, 0.5428942655925755, -0.7345658105959751]], "T": [0.09803409879163574, 0.05303738094321332, -0.035921460782185145], "aligned_model": [[-0.225315857475156, -0.3125576059577517, 0.7169025530144283, -0.49910454731786036, 0.4142209153326417, 0.26130506624624317, -0.497271377680771, 0.17321158629779448, 0.25452340230258763, -0.36235480173918755, 0.6990954700652521, 0.6142969562503868, 0.1303465481711498], [-0.4434852548057877, 0.48601010133271894, 0.4387239474525155, -0.08379070995543082, 0.11719722942713671, -0.6209288585575671, 0.43936033664169216, -0.37623069920200536, 0.7127061730691053, 0.008110382633258764, -0.04403768755597599, 0.6144806689771817, 0.09936974705163515], [0.563131969870808, 0.49511855033511465, 0.18638515398167252, 0.19179242330613788, 0.6626988914955834, -0.006668200274098791, -0.22107564749636052, -0.539374484560047, 0.0746484662942187, -0.5548622529114053, -0.39416767043935513, -0.4608119599580336, -0.045117158676396006]], "inverted": false, "swapped": true, "error_lsq": 0.054970099633267426, "error_max": 0.3222821243430048, "target": "185.xyz", "model": "13.xyz", "model_rescale": 3.9028299243045295, "target_rescale": 4.148481160611643},
{"mapping": [10, 4, 13, 9, 11, 7, 3, 6, 1, 2, 12, 5, 0, 8, 15], "R": [[0.11078021239075035, -0.9607748026111004, 0.2542430396495865], [0.485732283257155, 0.27552393773992406, 0.8295484969150853], [-0.867059336807148, 0.03159649347455218, 0.49720193890979675]], "T": [-0.01531661049221248, 0.041792777562605105, 0.07273404361521654], "aligned_model": [[-0.3287838040297389, -0.6779338509677075, -0.01838789738295949, 0.33102656305388667, 0.6759408144984496, -0.2653540366743398, -0.3173898100117281, 0.2642711102246598, 0.5747707797358119, 0.11287244764499857, 0.3583619908795193, -0.3004319977985732, -0.6304744450401039, -0.20968384157592865, 0.007943205641100657], [-0.5437220544803397, -0.018584132246598106, -0.6860548757555788, -0.14614121282568562, -0.20570885044306916, -0.1253958464889328, 0.49452686780145094, 0.42776776775628134, 0.31342523705606196, 0.675189382992997, -0.23784079120956, -0.23118696332384606, 0.5346553506959245, 0.17962573531136386, 0.017451819216667462], [-0.2652945085551631, -0.05632522675789417, 0.39348271867293416, -0.5947782617832776, -0.009502231031354585, -0.7817583234268425, -0.23135980851895363, -0.39337997207040154, 0.058193253188946914, 0.42561656678537185, 0.5888829165709706, 0.39876028587473544, 0.3294123088491101, 0.807397650170422, -0.03606772940019054]], "inverted": true, "swapped": false, "error_lsq": 0.04103456436634087, "error_max": 0.23956913209732514, "target": "185.xyz", "model": "14.xyz", "model_rescale": 3.942246331269136, "target_rescale": 4.148481160611643},
{"mapping": [10, 5, 4, 6, 11, 9, 2, 7, 8, 0, 13, 3, 1, 12, 14], "R": [[-0.4176978331512054, 0.4087217579607154, 0.8114647526234828], [-0.8607757839675583, 0.10788334871645552, -0.4974195742074885], [-0.29084973769254674, -0.9062602869149823, 0.3067551506412741]], "T": [-0.027501351440796993, -0.049285217473350657, 0.040338604284456694], "aligned_model": [[-0.08121877323349048, -0.6295626995418151, -0.07230802863369365, 0.3510035213507273, 0.5947337260931327, -0.22465388782007575, -0.37413460229450446, 0.17688890384314898, 0.6314309833306007, 0.01945129238102541, 0.37565916855798553, -0.5617229368237057, -0.5396662636147873, -0.04253716957551011, -0.04661600582169098], [-0.6629436089390365, 0.13250436001340193, -0.5928034014290475, -0.0498920090474827, -0.4052654248327433, -0.08815393594897547, 0.5554665878069671, 0.5075583805322038, 0.3556900327729964, 0.6844082157128213, -0.31137476511398887, -0.22794805779082972, 0.35449716582580293, 0.153767616663239, 0.04249627783180776], [-0.3195757372231511, -0.04483322691040979, 0.25538353519666745, -0.3713932045613968, 0.025756940755958038, -0.7392654017696692, -0.2707378526393578, -0.5753961917391486, 0.01495847094331007, 0.054721865593591476, 0.6958540584403088, 0.4866958801311814, 0.5212630530866388, 0.8319317629744916, 0.06791568628939815]], "inverted": false, "swapped": false, "error_lsq": 0.049180312671995026, "error_max": 0.32163294468956394, "target": "185.xyz", "model": "15.xyz", "model_rescale": 4.355366556412066, "target_rescale": 4.148481160611643},
{"mapping": [12, 11, 13, 7, 9, 6, 8, 5, 10, 0, 4, 14], "R": [[-0.08163405695747286, 0.8921447751910455, -0.4443124810805824], [-0.6921727823392242, 0.2700053978030881, 0.6693234827390812], [0.7171002162413849, 0.36218059757048693, 0.5954766952703053]], "T": [0.022101716555086734, 0.08470481901286123, 0.03027196750225771], "aligned_model": [[-0.29960011980986667, 0.4418033034685977, 0.1430031352029842, -0.6987084170091729, -0.4002045064628896, -0.5662433471260446, -0.09019872437841697, -0.25854987803490087, 0.515379708062099, 0.3692363683528445, 0.4327800903920982, 0.009110941974449015], [-0.6063645534891705, -0.48039367713421166, -0.6028409599121356, 0.37812594723123916, -0.2563772781207183, -0.19117884770607838, 0.5225516167297258, 0.5801765814221076, -0.008447434943096882, 0.13480680269333947, 0.5033246159988335, 0.039393614971146004], [0.020094882719570294, 0.08987863902289064, -0.49407666538536166, -0.14970361663094459, -0.3906769405698599, 0.4424603640011011, -0.547304782350663, 0.6513173361470649, -0.4566990461976751, 0.6292135162390866, -0.34305986810627526, -0.002185357679512799]], "inverted": true, "swapped": true, "error_lsq": 0.050302630435303634, "error_max": 0.25075254593827734, "target": "185.xyz", "model": "16.xyz", "model_rescale": 3.795458400668931, "target_rescale": 4.148481160611643},
{"mapping": [3, 5, 0, 8, 2, 6, 7, 4, 9, 12, 1, 13, 14], "R": [[0.012213522320884851, 0.9898186446214787, -0.1418093108093265], [0.9985123548130164, -0.004536054121665634, 0.05433692573904371], [0.053140447479130964, -0.14226199412599358, -0.9884015468770846]], "T": [0.010091934601308916, 0.045081497175363264, -0.006656907816106079], "aligned_model": [[-0.04733669418775602, 0.0016930760291221092, 0.5157552817986559, -0.18762594649434208, 0.663639039624218, -0.4745802387993829, -0.6739363715014148, 0.36123767095504117, -0.5639639814770967, -0.4100744004206568, 0.11923108729870556, -0.136616387904989, -0.01879033401588205], [-0.3002504033490414, 0.21460435292153152, 0.42139104717476455, -0.6611295800277673, 0.02661737815718478, 0.5984039185307264, -0.20272432366730364, -0.5533692523029605, 0.0008164977190867617, 0.5261138431594684, 0.7500226047855637, 0.09129188112406289, 0.05199330124516928], [-0.5585608244706721, -0.831972844509649, -0.29724141519935254, -0.016125973560717887, 0.11952924132646149, -0.23268382675501714, -0.33643254309665505, 0.03611332639243235, 0.36801353568107703, 0.4095649743775705, 0.04703343788946425, 0.8527726172075994, 0.04226532555375476]], "inverted": true, "swapped": true, "error_lsq": 0.045517127004843935, "error_max": 0.2405051034545837, "target": "185.xyz", "model": "17.xyz", "model_rescale": 3.7474275329858107, "target_rescale": 4.148481160611643},
{"mapping": [10, 9, 8, 12, 2, 0, 4, 7, 11, 3, 1, 6, 5, 14], "R": [[-0.9843782941206553, 0.052407544913815454, -0.16808576174148548], [-0.14420282864348288, -0.7877313924848809, 0.5989029950710291], [-0.1010193955402987, 0.6137855509295874, 0.7829830005783879]], "T": [0.056053045174546276, -0.060649275347193485, 0.022723131895908064], "aligned_model": [[0.4845365659927952, 0.10327024181458686, 0.7432162575952106, -0.40375370739955363, 0.12941986545101797, -0.316058431346535, 0.6767997028231885, 0.22330471244715694, -0.2356196279885981, 0.33635699171660655, -0.6307875096290086, -0.5479104745010877, -0.20048594376570733, 0.05255900467280469], [-0.54397094948066, 0.25881656226853494, 0.19145147956193176, 0.04856244851605075, -0.6864150658097534, -0.39767467360970127, -0.3211792478047972, 0.7195098801349157, -0.6269948998287284, 0.2954426093240663, -0.2574285310958876, 0.40978422804826214, 0.3307279015522346, -0.06022350026523485], [-0.24549938618605321, -0.5835685810029194, -0.02383906463086808, -0.5754600104975303, 0.23818118252215037, 0.5019835871997435, 0.19614066594049467, -0.015131721556899028, -0.2825937085430978, 0.4936566403312879, -0.012828940565772926, -0.055260017005808584, 0.7234132112903136, -0.03439913863338603]], "inverted": true, "swapped": true, "error_lsq": 0.04295911469948676, "error_max": 0.2854214972375308, "target": "185.xyz", "model": "18.xyz", "model_rescale": 3.922800546911778, "target_rescale": 4.148481160611643},
{"mapping": [9, 11, 2, 3, 0, 7, 13, 12, 5, 8, 1, 10, 4, 6, 14], "R": [[0.7746247947101002, -0.45291620376712227, 0.4413879696882482], [0.6212922234067764, 0.41463858838392853, -0.6648840606882134], [0.11812028003099098, 0.7892665920892394, 0.6025826466612181]], "T": [0.005029863352491181, 0.09764331484727982, 0.08630531110399825], "aligned_model": [[-0.2931794631800798, -0.666728254507116, 0.010492065156593715, 0.29187474771583793, 0.7116223888531449, -0.25610719696893003, -0.3897487824875477, 0.29206305882911193, 0.7217044352387639, 0.12124952185985223, 0.4110327965446609, -0.5838632175915845, -0.609530850388971, -0.1600269722863122, -0.02410704859007672], [-0.6095522425888448, 0.034915490094508436, -0.6047331889105015, -0.20230543469767898, -0.3298007698765396, -0.029124897729146962, 0.5812763320855754, 0.4555731626294773, 0.3490614650818926, 0.6471186082140697, -0.10953006320425109, -0.3268929477334268, 0.3290552756417783, 0.19615747310655934, 0.06678917194366582], [-0.1851515492377201, -0.14183908146419147, 0.2268982487226173, -0.40041843348434536, -0.04199586978730374, -0.6579717039015167, -0.20016051974825716, -0.5525312981534911, 0.010805695674854676, 0.32912324079110256, 0.6695924047396431, 0.437837028355096, 0.39065835054831705, 0.7487394388061286, -0.0003063132925198997]], "inverted": true, "swapped": false, "error_lsq": 0.04684297836371099, "error_max": 0.2388104577256142, "target": "185.xyz", "model": "19.xyz", "model_rescale": 3.9282355846067225, "target_rescale": 4.148481160611643},
{"mapping": [4, 3, 5, 8, 10, 7, 9, 6, 13, 11, 0, 2, 1, 14], "R": [[0.7598482203774733, -0.3768721626039553, 0.5297150696774683], [0.30670710303419124, -0.5106202339901028, -0.8032420118421765], [0.5732027869241051, 0.77280938768503, -0.27240450687961876]], "T": [-0.01694521814432778, -0.12046713918642944, 0.024872230437357347], "aligned_model": [[-0.6617303969943088, -0.027195127629133755, 0.4750675381571484, -0.48345359016072864, -0.6565293237429198, 0.22934986885550548, 0.03910798334701304, 0.7295484158268565, -0.28528111019534635, -0.08537047454269295, 0.1829488078592588, -0.3725483875227691, 0.4684392244011002, -0.019830608574306668], [-0.37741229093924006, -0.6769411588619269, -0.8009435308776882, -0.23924871625059457, 0.11709563567055174, -0.21201943590900474, 0.4211905960903701, 0.014508763833115598, 0.7074249599770427, 0.3028845690636851, -0.47340210436727476, -0.2673780330888111, 0.07136748190193469, -0.06424464881732408], [-0.013950221455185971, -0.31773790794851614, -0.04462786160187037, -0.5284603865880563, 0.178616782776971, -0.7294561629713261, -0.39386690388046275, -0.10431656850853996, 0.09464587259293175, 0.5862366424761857, 0.5880977117249264, 0.5683345213013913, 0.5140934423230784, 0.014574197002155776]], "inverted": true, "swapped": true, "error_lsq": 0.038202301334161526, "error_max": 0.2042841936911917, "target": "185.xyz", "model": "20.xyz", "model_rescale": 4.067790424073018, "target_rescale": 4.148481160611643},
{"mapping": [7, 9, 8, 2, 4, 0, 12, 3, 6, 11, 5, 1, 10, 13, 14], "R": [[-0.8453869903738134, -0.5256985909254553, -0.09466693195460055], [0.3401110057278949, -0.6664187229439134, 0.6634836768847925], [-0.41188024993857875, 0.528703203327533, 0.7421775949877087]], "T": [0.03139742437673379, 0.0260490719831847, 0.04108697668553235], "aligned_model": [[-0.47244574516271987, -0.7447748302308588, 0.03902649146845634, 0.5460023067963475, 0.6953696811670205, -0.055332208599000204, -0.469845257354209, 0.22645588165473146, 0.70109360938192, -0.0012875507124472177, 0.2350293887548963, -0.5039233931966908, -0.5492811064166476, -0.03930415602099521, -0.030035883332456895], [-0.49086046720681203, 0.04326774691607669, -0.5438288682198067, -0.040107859952319226, -0.4226791065881715, -0.2337818525399943, 0.5066815026440303, 0.6072878220771133, 0.33320197022255865, 0.664512626438839, -0.2905174220902509, -0.38323260110036544, 0.3696915523867839, 0.264342092635432, 0.06403029843402258], [-0.14762059076105666, 0.07728156025562458, 0.059763896409064377, -0.49232375332063155, 0.0570981822967746, -0.6142174494755333, -0.28258277399547854, -0.5487085220124446, 0.10979665277284767, 0.13766977025881538, 0.49582404222058435, 0.5093019226550832, 0.5058547801007114, 0.6955648051219805, 0.07057711604207174]], "inverted": false, "swapped": false, "error_lsq": 0.04228237681352816, "error_max": 0.256025600368652, "target": "185.xyz", "model": "21.xyz", "model_rescale": 4.186013935880536, "target_rescale": 4.148481160611643},
{"mapping": [12, 11, 1, 7, 8, 6, 9, 10, 0, 2, 4, 3, 14], "R": [[0.4421887566743282, -0.32079936541713405, 0.8375899179304728], [0.2255781263732105, 0.9436088749708086, 0.24231549677698516], [-0.8680919377420596, 0.08179277611310996, 0.48961855500271534]], "T": [0.03111260341982819, -0.007855531091450547, 0.047465368674257866], "aligned_model": [[0.1313461457943667, -0.31354056202065445, 0.28770883851330203, 0.45502873810688843, -0.22148693209624137, 0.6817554988713828, -0.02742127797152849, -0.667806562604575, 0.21752139579804994, -0.35526984996511113, -0.44499335939235013, 0.3059165119681601, 0.009815450421535962], [-0.4249589094492564, 0.18376931960918216, 0.23625525700363043, -0.5638384388247928, -0.34819395764324634, -0.23390516443281806, -0.6717837541642986, 0.005449217710096314, 0.6416781764070489, 0.5319298102630585, 0.15342923172652503, 0.059124318103458424, -0.049998446762494375], [-0.5827334340310202, -0.5386513431169919, -0.5740684343836602, 0.4337716397576036, 0.6460297673355463, -0.2956473993673586, -0.11881940371470971, 0.06928899186767266, -0.1109687785228904, -0.004765574122176104, 0.5276593483348361, 0.6366568602891887, 0.015127321009305854]], "inverted": true, "swapped": true, "error_lsq": 0.04354014521986597, "error_max": 0.25538511502005906, "target": "185.xyz", "model": "22.xyz", "model_rescale": 4.166573947596378, "target_rescale": 4.148481160611643},
{"mapping": [12, 11, 6, 13, 5, 14, 9, 10, 7, 8, 1, 2, 3, 4, 15], "R": [[0.8723824670333881, -0.4807699531240965, -0.08836901824618264], [0.38419268201894735, 0.7861277959946754, -0.4841477785218503], [0.30223304633317016, 0.3884113033082438, 0.8705124037982249]], "T": [-0.08453161419174346, 0.06446605981039362, 0.059098325794532974], "aligned_model": [[-0.4020246125608885, -0.8567695817850451, -0.011409774083656982, 0.5047182160664268, 0.6724524933729626, -0.11158068040072722, -0.4382486005818096, 0.34636587462967516, 0.5837883593793433, -0.009515070552219201, 0.27003055154228195, -0.31526405063754204, -0.5463383336709762, -0.07154959448259275, -0.03790796803788534], [-0.39255905777318445, -0.07048988549780248, -0.6788154762948116, -0.130321739307723, -0.2778309437153365, -0.015656471137638725, 0.462376607277906, 0.34856166673541583, 0.3104988836895788, 0.8358617241138597, -0.2891862550802383, -0.2853311400432629, 0.25987779765926067, 0.3437001150370907, 0.027321608394023172], [-0.28688952531227097, -0.027669995957946808, 0.2050208619264066, -0.5167970551134773, 0.02960589501784794, -0.7275569298746514, -0.21839159480679007, -0.4836339040917872, -0.0057546629584286635, 0.2901835643870918, 0.5663603603187386, 0.5856092002647746, 0.39072380516965477, 0.7385932285940456, 0.09387639100520578]], "inverted": true, "swapped": false, "error_lsq": 0.042047553199673196, "error_max": 0.2991552936087702, "target": "185.xyz", "model": "23.xyz", "model_rescale": 4.274766983524099, "target_rescale": 4.148481160611643},
{"mapping": [5, 8, 7, 6, 9, 12, 1, 11, 2, 10, 14], "R": [[0.3233932861619969, -0.9389767776579586, -0.11721515893612623], [0.9165712466716419, 0.28004520815676714, 0.2854327086429048], [-0.2351891414163017, -0.19974306598104868, 0.9512038558334136]], "T": [0.06874090549478146, 0.12148221032675406, -0.004884302943547039], "aligned_model": [[0.2267713896266654, 0.11812486391854515, -0.3855126310798917, -0.48899431370964436, -0.5386817242763289, -0.5784151105828552, -0.07253030511206313, 0.10605920452925036, 0.6349931376087306, 0.33084983354905684, 0.027230359486610192], [-0.259519752626232, 0.824297012669757, 0.43127025601615404, -0.3344087793842392, 0.40731979143253544, -0.107713088412786, -0.5461088537379927, -0.16192416840509155, 0.011102761176085718, 0.5156848097094495, 0.1355865428058429], [-0.7396079279325669, -0.20867018943572258, -0.5843146346274377, -0.2755424202942953, 0.1407596199004968, 0.32652349430302346, 0.20982617492551597, 0.6411241000563266, 0.3276250551827141, 0.5099404322628845, 0.031902729680638675]], "inverted": false, "swapped": true, "error_lsq": 0.05139219723678487, "error_max": 0.2592039626479166, "target": "185.xyz", "model": "24.xyz", "model_rescale": 3.7841303162186577, "target_rescale": 4.148481160611643},
{"mapping": [14, 13, 9, 0, 8, 10, 11, 7, 1, 6, 2, 12, 3, 5, 15], "R": [[-0.19758946836202237, -0.4839812972992603, -0.8524790354354399], [0.8962836267776098, -0.44140551198679023, 0.04285830559009063], [-0.39703156343392576, -0.7555946518155117, 0.5210015928814499]], "T": [0.041481051825003834, 0.03326977274715083, -0.006680247260978871], "aligned_model": [[-0.4988020766551391, -0.7345122625349165, -0.021044371156332148, 0.6153918653609532, 0.5822900619854608, -0.10960122996984498, -0.49894796222765214, 0.11319146183117512, 0.7457543148072944, 0.015289392781079214, 0.2982620989700515, -0.4211637657186734, -0.3883421894093434, -0.14851319823628595, 0.02749508836952028], [-0.5350260931098825, 0.06312929916961271, -0.5447723680143604, 0.17174713270601566, -0.18920351458242968, -0.2826261948441625, 0.4643621321487077, 0.36465256249393035, 0.24853653839182072, 0.74922245387568, -0.3416586910075497, -0.33801566840306047, 0.509482171964267, 0.009008764130409543, 0.09916890913813822], [-0.12681730332643817, 0.08788603648525067, 0.057339777035938726, -0.4457478368607131, 0.07985896115289226, -0.7014024846079694, -0.3406314826208124, -0.5615213270817214, 0.09674017847960503, 0.08687298691307935, 0.5952210476544372, 0.4658436150126697, 0.4806344557388681, 0.8492708809281424, 0.009732133665184627]], "inverted": false, "swapped": false, "error_lsq": 0.0516990040893276, "error_max": 0.3444520074096254, "target": "185.xyz", "model": "25.xyz", "model_rescale": 4.19342608120988, "target_rescale": 4.148481160611643},
{"mapping": [12, 11, 13, 7, 9, 6, 8, 5, 10, 0, 4, 14], "R": [[-0.08163405695747286, 0.8921447751910455, -0.4443124810805824], [-0.6921727823392242, 0.2700053978030881, 0.6693234827390812], [0.7171002162413849, 0.36218059757048693, 0.5954766952703053]], "T": [0.022101716555086734, 0.08470481901286123, 0.03027196750225771], "aligned_model": [[-0.29960011980986667, 0.4418033034685977, 0.1430031352029842, -0.6987084170091729, -0.4002045064628896, -0.5662433471260446, -0.09019872437841697, -0.25854987803490087, 0.515379708062099, 0.3692363683528445, 0.4327800903920982, 0.009110941974449015], [-0.6063645534891705, -0.48039367713421166, -0.6028409599121356, 0.37812594723123916, -0.2563772781207183, -0.19117884770607838, 0.5225516167297258, 0.5801765814221076, -0.008447434943096882, 0.13480680269333947, 0.5033246159988335, 0.039393614971146004], [0.020094882719570294, 0.08987863902289064, -0.49407666538536166, -0.14970361663094459, -0.3906769405698599, 0.4424603640011011, -0.547304782350663, 0.6513173361470649, -0.4566990461976751, 0.6292135162390866, -0.34305986810627526, -0.002185357679512799]], "inverted": true, "swapped": true, "error_lsq": 0.050302630435303634, "error_max": 0.25075254593827734, "target": "185.xyz", "model": "26.xyz", "model_rescale": 3.795458400668931, "target_rescale": 4.148481160611643},
{"mapping": [10, 9, 13, 11, 1, 3, 8, 2, 7, 12, 0, 6, 14], "R": [[0.1811976483907791, -0.7771870259812279, -0.6026174067052044], [0.8773738486135816, -0.14906797298492466, 0.45606344865507265], [-0.4442775506219551, -0.6113583777757691, 0.654872805922445]], "T": [-0.22812920467766742, -0.09104021715594182, 0.0008208827775492353], "aligned_model": [[-0.1280229041847629, 0.4246314249997225, 0.4940761347240106, -0.026002613209742148, -0.15714028509285188, -0.6364400388741873, -0.20728061595669744, -0.5860642484645378, -0.035547252224852055, 0.42917538164068003, -0.7237085020709668, 0.02437467599047502, -0.17237477445503296], [-0.6723848941809741, -0.1587465775185398, -0.3489299713708841, -0.01806379624443427, 0.5019296345411565, -0.17944573053427698, -0.6842398474514085, -0.2877034920986131, -0.05032078404533377, 0.2679006905969564, 0.25759445911787915, 0.5920152676326488, -0.09772345518726128], [-0.3748896209384006, 0.203791164596058, -0.4165400669655166, -0.6721263445053013, -0.3929852895289391, 0.5034309006095606, 0.4316290120428885, -0.5251009242703117, 0.7749710861454561, -0.14160322940855774, -0.33770338008310974, 0.24949331928043386, -0.010229964874834619]], "inverted": true, "swapped": true, "error_lsq": 0.045654014242542784, "error_max": 0.22830553902029702, "target": "185.xyz", "model": "27.xyz", "model_rescale": 3.6321398670334006, "target_rescale": 4.148481160611643},
