[{"mapping": [12, 7, 4, 11, 8, 5, 0, 1, 2, 3, 6, 13], "R": [[-0.7953225408514518, 0.4126178552995091, 0.44408170588487866], [-0.32388249985358575, 0.33000535985116114, -0.8866772742988835], [-0.5124082184178769, -0.8490247157518671, -0.12882099883279308]], "T": [-0.22792921136978195, -0.13030357372794985, -0.006131257668063867], "aligned_model": [[-0.6745505473384237, 0.2972250410493299, 0.7082067820777529, -0.18477621674604644, 0.3786271310422087, -0.34266513908143675, -0.5072764385486188, -0.7500815041140939, 0.15266249883661454, -0.10939368912704144, 0.37825251502133217, -0.13891302397018312], [-0.4393133801887138, -0.5060599876158995, -0.3139606602890218, 0.07654860777645686, 0.07448866139145119, 0.6043986849784284, -0.6681539116059622, -0.04728066684448462, -0.4372017095707179, 0.08723373791992584, 0.2766842434441924, -0.19897390771519802], [-0.20653617213443254, -0.39908750340499133, 0.051520307262785336, -0.6712717202059796, -0.45415879648380186, -0.1455927877955124, 0.47146122059413587, 0.22518733980617608, 0.5873514545890901, 0.45411558241385136, 0.22069668472571707, -0.12403107050217531]], "inverted": false, "swapped": false, "error_lsq": 0.04694564089827589, "error_max": 0.21561068321093957, "target": "187.xyz", "model": "0.xyz", "model_rescale": 3.8414455957264533, "target_rescale": 3.8536071500410634},
{"mapping": [11, 12, 10, 13, 8, 9, 1, 0, 3, 4, 5, 14], "R": [[0.8712592471302509, -0.2519756162412044, -0.42120732793945326], [0.2857030346763028, -0.43743739281492533, 0.8526560287384547], [-0.3991003636515258, -0.8632246614799338, -0.309131175306008]], "T": [-0.04093970525546436, 0.06611653731044505, 0.05147723757868422], "aligned_model": [[-0.3863750187546568, 0.14838531925140092, 0.5470013627142147, -0.4409190973940443, 0.2963242553566928, -0.11631845174953515, -0.3035785046156903, -0.7548051318892935, 0.04456713686521017, -0.25908923217442226, 0.4640275710747012, -0.031902799583182845], [-0.6245730755088098, -0.47030769842689063, -0.2795197354987827, 0.07878482722839071, 0.09636870925453667, 0.6463244050800268, -0.6859633554880573, -0.006399493252555302, -0.3700838345353576, 0.12273312157118824, 0.020651371667461463, -0.019605530410693697], [-0.30892213126271156, -0.4571430709778688, -0.0054628003876584785, -0.5924971415190692, -0.6624136675780055, -0.29950218453705724, 0.38895995874756756, 0.1547000425950854, 0.6962986838660963, 0.5464747942795954, 0.47250425990770756, 0.07665779573118062]], "inverted": false, "swapped": false, "error_lsq": 0.04940519908987017, "error_max": 0.2714788171994047, "target": "187.xyz", "model": "1.xyz", "model_rescale": 4.316132596720782, "target_rescale": 3.8536071500410634},
{"mapping": [1, 9, 7, 8, 10, 6, 0, 2, 5, 4, 3, 11], "R": [[-0.2816200457496197, 0.7830441148482241, 0.5545557357322558], [-0.22732912791945403, 0.5070440083207792, -0.8314011313592122], [-0.9322079260719481, -0.36020589643641177, 0.03521497893053921]], "T": [-0.050877949287695276, -0.1706154557018811, -0.02843958483444558], "aligned_model": [[-0.3593027864082249, 0.2396684930095806, 0.8393732422320479, -0.4783389334227266, 0.16646607251231815, -0.08425105639919626, -0.44097717710098816, -0.8783849894242051, 0.2154363046357045, -0.33611484622971166, 0.39924087031595545, -0.07549778461915985], [-0.49645181299738783, -0.8286790824468985, -0.2545170311467746, 0.1358989842901199, 0.06772574342849583, 0.65088291295591, -0.5662427572738838, -0.04947711427093002, -0.4760549991192229, 0.2148075700444992, 0.17275913018324038, -0.06224183196671068], [-0.33389342998355653, -0.2086797947089421, -0.05801087860558782, -0.5855411204018787, -0.5699105882817018, -0.03951338336169356, 0.41339261102363506, 0.007379439508393745, 0.4731013261501191, 0.5752314638204801, 0.3039817605180285, 0.03211713318756649]], "inverted": false, "swapped": false, "error_lsq": 0.04307006543908403, "error_max": 0.2300422457039074, "target": "187.xyz", "model": "2.xyz", "model_rescale": 3.795458400668931, "target_rescale": 3.8536071500410634},
{"mapping": [2, 6, 3, 1, 8, 7, 10, 0, 5, 4, 9, 11], "R": [[0.4933055976308057, 0.04473447729756619, 0.8687050212166538], [0.8332991612614763, -0.31078002228266166, -0.4571961128344251], [0.24952373672064465, 0.949428567239738, -0.1905867270353961]], "T": [-0.1406282269091491, -0.13703591184658165, -0.007379144823938464], "aligned_model": [[-0.4500021400774784, 0.18168725850935136, 0.6325774134311758, -0.3723000341583578, 0.4057085488780322, -0.108147086038485, -0.4590986802570912, -0.8639995668834197, 0.25911453761732534, -0.3657680886439203, 0.5741432509221397, -0.22659800419787743], [-0.7711767625869455, -0.45530287887070847, -0.3290069245526752, -0.030904731100377378, 0.06363896137500868, 0.6259813933827294, -0.6126363025532444, 0.16030167633753084, -0.3901264474504493, 0.026885234033318245, 0.25842835043790685, -0.037671856771636536], [-0.3071765342191443, -0.384360791832919, -0.056063778564719946, -0.5829946312026087, -0.5287318658404312, -0.0001774766621742219, 0.45239424947393597, 0.015690474427883405, 0.5122125396223225, 0.5700259416751892, 0.2880263299762649, 0.03081008201126402]], "inverted": false, "swapped": false, "error_lsq": 0.04855302060131885, "error_max": 0.23235754855080787, "target": "187.xyz", "model": "3.xyz", "model_rescale": 3.7530521520055578, "target_rescale": 3.8536071500410634},
{"mapping": [5, 9, 7, 6, 3, 8, 4, 10, 2, 1, 11], "R": [[0.6317165636779252, 0.6903371246024865, 0.35265966252255854], [-0.36803876527476764, 0.6674725791398708, -0.6473235847328547], [-0.6822621566743815, 0.27913260377809646, 0.6757243070055138]], "T": [-0.11982291471006623, -0.11705287972596393, 0.020491494300180525], "aligned_model": [[-0.3461784542838464, -0.19246885209042974, 0.35810108924422385, 0.40763090760205056, 0.2598573023289753, -0.13691638270527728, -0.2516712576158143, -0.6042821448505096, -0.3990189785030933, 0.2650440944301996, -0.021897721111273652], [-0.7137538873030129, 0.035582462918979596, -0.33357474971845075, 0.3957552081393737, -0.7048399051718066, 0.6359653200421448, -0.4618016469993551, 0.16327597025319598, 0.296514339532694, 0.18682331202954025, -0.03274306540895655], [-0.20695644882815203, -0.5531014802615988, -0.5940408281848744, -0.46084938210437715, 0.1642939592013646, -0.15425803623744785, 0.5933072288160121, 0.06529745905044021, 0.7127350072707903, 0.556130532883312, -0.029727234360152878]], "inverted": true, "swapped": true, "error_lsq": 0.041448190005164094, "error_max": 0.21471974386099582, "target": "187.xyz", "model": "4.xyz", "model_rescale": 3.7855080009869324, "target_rescale": 3.8536071500410634},
{"mapping": [10, 3, 2, 7, 0, 6, 15, 8, 14, 13, 12, 16], "R": [[0.10670099091605523, 0.9543663510447997, 0.2789260951057943], [0.7892222847063273, 0.08933441607339243, -0.6075751372692527], [-0.6047669665751075, 0.2849635592461969, -0.7436751213004793]], "T": [-0.02161704064754974, -0.04993296832077172, -0.0462376097934327], "aligned_model": [[-0.4911453522917426, 0.2726171118032392, 0.6205406048889971, -0.4968189034545114, 0.5058778122950097, -0.3351308923679036, -0.46856829899946817, -0.6979258333285162, 0.24073122802366673, -0.3011889389950756, 0.35607654530757016, 0.002252326220129091], [-0.5314960072610823, -0.5743721406921093, -0.4139376133564291, 0.13512656086414504, 0.03920932089967853, 0.5202637013770471, -0.5475107451671506, -0.07876057696784651, -0.39665614430387003, 0.24480314429219646, 0.1994849540951757, -0.08774474209929821], [-0.32660251160072273, -0.39380979425771473, -0.015908345870358866, -0.5951507469276786, -0.6139318194804425, -0.0978311240364754, 0.43539402883935896, 0.14633772581765994, 0.47208065507312413, 0.5536272220241651, 0.4618996926320318, -0.016450443348084934]], "inverted": true, "swapped": false, "error_lsq": 0.043429299042487685, "error_max": 0.2423667196082045, "target": "187.xyz", "model": "5.xyz", "model_rescale": 4.2253639853439635, "target_rescale": 3.8536071500410634},
{"mapping": [0, 1, 10, 9, 8, 11, 3, 7, 2, 6, 5, 13], "R": [[0.9573006082854381, -0.26950114041643924, 0.10461682795119052], [-0.06524023323641344, -0.5539360337876881, -0.8299991460470448], [0.28163674714708076, 0.7877334611312408, -0.5478656193544247]], "T": [-0.07060454254673755, -0.14042311705012073, -0.042961698404960974], "aligned_model": [[-0.6661651962898625, 0.20467780766207838, 0.6938285290070109, -0.20867299271262418, 0.3948066430783815, -0.1404167928056059, -0.45001207130693854, -0.8291278606050132, 0.24458773482085366, -0.3035670219183588, 0.3658719727594409, -0.09849334258796748], [-0.5653917647306261, -0.66203247474967, -0.2857053948926723, -0.08544155647779125, 0.1828153696041176, 0.6278080877607222, -0.4508408615326564, -0.11631307347457642, -0.29805301479461405, 0.11972674841723518, 0.2090514036106224, -0.1672137570596331], [-0.371247862487859, -0.47982447729787714, 0.012243493822948495, -0.6350010201997252, -0.5170652573867406, 0.05951197861437127, 0.46958120099839085, 0.18823583139923247, 0.5279833564489405, 0.4971942964941539, 0.25384981997969336, 0.004193178479333613]], "inverted": true, "swapped": false, "error_lsq": 0.04349673982783889, "error_max": 0.2316846259784418, "target": "187.xyz", "model": "6.xyz", "model_rescale": 3.89814844738969, "target_rescale": 3.8536071500410634},
{"mapping": [2, 0, 3, 4, 7, 11, 5, 10, 6, 9, 8, 12], "R": [[-0.3822017042503537, -0.923931831026029, -0.01648723400132729], [0.03893143083263259, -0.03392555063531377, 0.99866581032266], [-0.9232584692064565, 0.381049903071737, 0.048936391444106]], "T": [-0.035195805998071775, -0.1535496066047199, -0.08290462940769425], "aligned_model": [[-0.5946648143356037, 0.21694535912258467, 0.7572951891138356, -0.34677443322824664, 0.3898515327233467, -0.1459751181477127, -0.3801086007297041, -0.7479093665057385, 0.28585827769012356, -0.36183527035013807, 0.33419516652137093, -0.19956051277272346], [-0.4996712079966016, -0.6490657290486647, -0.29552828331054204, 0.022305906094544914, 0.05734867521215539, 0.647941691901629, -0.5462393681365327, -0.03180188872229779, -0.4281727603065583, 0.0930445498392255, 0.269180603976712, -0.13093247782261247], [-0.34509179591418904, -0.2875970638502607, -0.018236130914890986, -0.6190849965332655, -0.5369215389149125, -0.05682759657668788, 0.49103484409393805, 0.044062046972500546, 0.4451884020041661, 0.7111003210618277, 0.29463510465701637, -0.11260705722037961]], "inverted": false, "swapped": false, "error_lsq": 0.04013684586987864, "error_max": 0.2151164883477201, "target": "187.xyz", "model": "7.xyz", "model_rescale": 3.7474275329858107, "target_rescale": 3.8536071500410634},
{"mapping": [1, 0, 6, 12, 10, 11, 2, 4, 3, 8, 5, 14], "R": [[0.9556234533645181, 0.27676845397081307, -0.10091104134969026], [-0.07494861588439053, -0.10285789227489153, -0.9918684181754056], [-0.28489738566137646, 0.9554158659365948, -0.07755000167595232]], "T": [-0.11880564941942562, -0.016885876399496277, -0.06473969231187515], "aligned_model": [[-0.3936056350445082, 0.22485128001055177, 0.6720369931811109, -0.3863923702896452, 0.37432944614079317, -0.08491598994859892, -0.5788695800613283, -0.7674307003025723, 0.22199974972060116, -0.26243520187185476, 0.36299526299709073, -0.17524584543024566], [-0.6806789511400577, -0.5410487724981358, -0.21251923507017456, 0.10285820300323288, 0.10826871775757733, 0.5558554123720912, -0.5767930601343356, 0.05415650182466285, -0.45033204006591465, 0.05441280917349865, 0.12927736266553186, -0.035047236207519414], [-0.28534237107344096, -0.2681270341874402, -0.007874922747807094, -0.6076036909904317, -0.6272496609137254, -0.3041115008171366, 0.36355298936070457, 0.3670755108811305, 0.39363857953844267, 0.5982062820739739, 0.44469691057657024, -0.057206552835977136]], "inverted": true, "swapped": false, "error_lsq": 0.04905638274798446, "error_max": 0.2713290884681687, "target": "187.xyz", "model": "8.xyz", "model_rescale": 4.019505241142653, "target_rescale": 3.8536071500410634},
{"mapping": [0, 2, 6, 1, 10, 9, 4, 7, 5, 8, 11, 12], "R": [[0.45075627021454223, 0.878558405532034, -0.15796807567127186], [-0.30534302146284087, 0.3180449111882412, 0.8975595098438915], [0.8387993944360104, -0.35634612743268845, 0.41162241600465405]], "T": [-0.011145258234862454, -0.17294197093815303, -0.034539290912291534], "aligned_model": [[-0.5583439193671412, 0.12034451634582655, 0.7069463049277218, -0.19817398981638737, 0.48287781749773784, -0.16735811431367856, -0.534036637074158, -0.8885680767998272, 0.2841607295038709, -0.3176856275037697, 0.27280546985693155, 0.004348935844268084], [-0.5005432040859591, -0.6842297991123214, -0.229678392604252, 0.0007064502724110078, 0.303448746365674, 0.49252575817757993, -0.5645123544068751, -0.05627397863135716, -0.47999409371685675, 0.20521027217718693, 0.19797906067176316, -0.17622875342653654], [-0.16062313351779012, -0.30149876004256937, -0.13038981693140195, -0.6599765631823737, -0.6404871792065202, -0.02503631602590621, 0.47619734569097677, 0.15546535931582883, 0.48414952393212, 0.4336175358257371, 0.3766043534731775, 0.001632189533583961]], "inverted": false, "swapped": false, "error_lsq": 0.04502503760679105, "error_max": 0.21099297351350532, "target": "187.xyz", "model": "9.xyz", "model_rescale": 3.877068213659057, "target_rescale": 3.8536071500410634},
{"mapping": [8, 2, 13, 1, 4, 5, 11, 0, 10, 12, 6, 15], "R": [[0.022940434200742155, -0.3145303423686089, 0.948970178777061], [0.6673804516235399, -0.7019327378821922, -0.2487845740394083], [0.7443635330061794, 0.6390313726404171, 0.19380876015253556]], "T": [0.06070710298072854, -0.18233052850387882, -0.02166759600678257], "aligned_model": [[-0.49838188315830967, 0.36351484054111727, 0.831325648115634, -0.5121068659459553, 0.27084909352330166, -0.27622286963942067, -0.4767237086038275, -0.6973889603710725, 0.10291517371779399, -0.24908044169777968, 0.37224825103259096, -0.023630868412677905], [-0.6485397114496387, -0.598065270433656, -0.24383938748662182, 0.1780696462018918, 0.08890808718958937, 0.5105553174428519, -0.41007521842306816, 0.024798099779241856, -0.5429894347972424, 0.2574927143177926, 0.04905132003077023, -0.15695645069145328], [-0.27738509467116246, -0.4409854424856145, -0.02315558944554814, -0.5647168398861426, -0.605071947132541, -0.15351159579213003, 0.429947013186589, 0.10543128561632574, 0.587720959461572, 0.49677469388614304, 0.45761220574169936, -0.0030051096143279346]], "inverted": false, "swapped": false, "error_lsq": 0.04045030470319464, "error_max": 0.19167059832055938, "target": "187.xyz", "model": "10.xyz", "model_rescale": 4.260839863003843, "target_rescale": 3.8536071500410634},
{"mapping": [5, 4, 9, 3, 2, 1, 6, 0, 10, 7, 8, 11], "R": [[-0.23501454259627946, -0.18605757773125858, 0.9540182087030824], [0.4336272752550659, -0.8984919178600628, -0.06840803823391961], [0.8699054839022047, 0.397611432568183, 0.29183830757449986]], "T": [-0.025713709554217652, -0.11261294097668548, 0.009815717328524494], "aligned_model": [[-0.3548854770504166, 0.3169377554083033, 0.7350052214198317, -0.4151844735871521, 0.27237261450600786, -0.2056350389139345, -0.6519778587135644, -0.8551483814416511, 0.15678491673572337, -0.25258028950342154, 0.519744885951936, -0.05811646571026791], [-0.6415377919515136, -0.6187426525818452, -0.35090110864524193, -0.006598965043197513, 0.1869973784576375, 0.5686772907237959, -0.5415949632433875, 0.09188921573674805, -0.5326579410703731, 0.14342111246244174, 0.27325252322481774, -0.06379438638942492], [-0.2519004490666405, -0.39332885623130553, 0.025900441885457322, -0.5740563853473465, -0.5303095700244879, -0.15368528747642446, 0.36621854378184787, 0.2104428900284553, 0.4382900355096484, 0.5689076128733686, 0.2728673684994598, 0.030308194432830227]], "inverted": false, "swapped": false, "error_lsq": 0.04300655798577338, "error_max": 0.237624226273476, "target": "187.xyz", "model": "11.xyz", "model_rescale": 3.890672605050136, "target_rescale": 3.8536071500410634},
{"mapping": [7, 12, 10, 3, 4, 0, 5, 8, 9, 6, 11, 13], "R": [[0.08563334050625826, 0.9891874746407916, 0.11905910720105653], [0.35850953571464855, 0.08090100514489529, -0.930013946222428], [-0.9295901482886997, 0.12232402617768548, -0.3477053189473444]], "T": [-0.02684585664264956, 0.02866317193576666, 0.11811800456569932], "aligned_model": [[-0.3789800709725631, 0.1863246992062383, 0.7538970574742772, -0.533479405243148, 0.22616866447225076, -0.25570148786890573, -0.35852402406799416, -0.7464052351646157, 0.09943787523371943, -0.21480726172288334, 0.45847031060266313, -0.029083712847644577], [-0.5586547222015456, -0.6394241060586041, -0.329682558913204, 0.17207333837696281, 0.1268205703730133, 0.48837306278045284, -0.6606519415813008, 0.05499618176799512, -0.4642302612610941, 0.27298136290446257, 0.11331312204888502, -0.06750433655556594], [-0.38984199051341006, -0.1335759561211265, -0.13001370175392468, -0.6407094643597543, -0.5279515126398184, -0.17340636159056955, 0.25885339231653204, 0.09106399908793955, 0.7071247096176797, 0.6049829506273412, 0.36319914960019273, -0.020070675406219096]], "inverted": false, "swapped": false, "error_lsq": 0.044748679937187424, "error_max": 0.2569322560915566, "target": "187.xyz", "model": "12.xyz", "model_rescale": 4.124412569039231, "target_rescale": 3.8536071500410634},
{"mapping": [5, 10, 11, 4, 2, 1, 3, 0, 9, 6, 8, 12], "R": [[-0.4677414201364609, -0.6627055639922123, 0.584841259952212], [0.16809307465805817, -0.7163063657943098, -0.6772369663378905], [0.8677342232162607, -0.21846401483153338, 0.44644237263387115]], "T": [-0.19079869090963186, -0.23481547791544594, 0.07213931640035932], "aligned_model": [[-0.588806247547046, 0.2891541265529636, 0.785383840348618, -0.3346722918996063, 0.32623402236997656, -0.21566761123783146, -0.6297247600216769, -0.7473750725566678, 0.13597513644632636, -0.10570921402487708, 0.4048019369199929, -0.11227645624877704], [-0.6918883597893122, -0.5345976276206326, -0.2223278833519306, -0.015066085341023605, 0.22141315576266168, 0.5783080604122766, -0.2716543963249185, -0.11236425082420004, -0.4871072247670472, 0.16203261751973236, 0.12391136005688463, -0.2422496540520337], [-0.3821956311738359, -0.4015542850187063, -0.12141839330077377, -0.6689995687965226, -0.4445115530074586, 0.03933768339455669, 0.6331564067908351, -0.03738612251940278, 0.5602059227422582, 0.6040078949580985, 0.2495401865948783, -0.020528001799064707]], "inverted": true, "swapped": false, "error_lsq": 0.050664211128010485, "error_max": 0.37559540328496605, "target": "187.xyz", "model": "13.xyz", "model_rescale": 3.9028299243045295, "target_rescale": 3.8536071500410634},
{"mapping": [9, 3, 0, 10, 4, 13, 1, 11, 2, 12, 8, 15], "R": [[-0.17525330460664001, 0.8928789922309754, 0.4147931827514164], [-0.9086007350943583, 0.015555787872663221, -0.4173759955359822], [-0.3791186930374757, -0.45002791324123265, 0.8085443054609301]], "T": [-0.07410476104042324, -0.15727425449881885, -0.030564747526031933], "aligned_model": [[-0.6942470656842377, 0.27015534953738635, 0.7487456065017684, -0.2584522302057924, 0.3569534853531012, -0.3153405468767436, -0.397992425865844, -0.7643838244691354, 0.2831612749779006, -0.3042807822959058, 0.4293884078645393, -0.1463898397356424], [-0.4745373646557073, -0.6215317279667739, -0.2578616030082961, 0.17452996054830136, -0.03802474601290347, 0.5998034623253523, -0.5093162795170735, -0.16443396857638717, -0.4768775520409194, 0.2786780214664615, 0.20453705722928758, -0.20655554811088486], [-0.37058400784564777, -0.2643155118718546, -0.034548112967709196, -0.6718716752433784, -0.5398108735051265, -0.06648101285898421, 0.4091646566963699, 0.23272262669505261, 0.5283310220623177, 0.46056140865033557, 0.4299722902127903, -0.10348627115930281]], "inverted": true, "swapped": false, "error_lsq": 0.043857944658767085, "error_max": 0.20187518375228894, "target": "187.xyz", "model": "14.xyz", "model_rescale": 3.942246331269136, "target_rescale": 3.8536071500410634},
{"mapping": [9, 5, 1, 7, 0, 8, 10, 6, 4, 11, 12, 14], "R": [[0.3117358813835178, 0.9019476081542382, 0.2988498827218943], [0.832586615403233, -0.10774183283761685, -0.5433150332064998], [-0.45784306056707924, 0.4181892031146185, -0.7845365015656888]], "T": [-0.02272091263830374, -0.1759852613591904, 0.09177152053528692], "aligned_model": [[-0.5767919049615735, 0.2554160279541405, 0.7453061333485786, -0.4456889123284907, 0.20098964745846382, -0.23088440425289963, -0.4868942648302196, -0.5410884814051576, 0.0006360728976773228, -0.4476841983509536, 0.6956748212358573, 0.03832687233597173], [-0.6005522756558774, -0.6205511251066748, -0.2678563746984755, 0.05765917732957618, 0.2036471590108448, 0.5502955920998416, -0.6137923743027036, 0.01079015121478305, -0.39532969679178914, 0.17455169956070327, 0.15082867490603363, -0.1412808958858051], [-0.3093649798850382, -0.26569259410762724, -0.1497560988938002, -0.6135566694847434, -0.49691370398919255, -0.07563519661020723, 0.41094004500809167, -0.00414197302523267, 0.6349164798178261, 0.550728021177672, 0.30431911232824044, 0.02381209652887381]], "inverted": true, "swapped": false, "error_lsq": 0.044279462626490275, "error_max": 0.2834588859173276, "target": "187.xyz", "model": "15.xyz", "model_rescale": 4.355366556412066, "target_rescale": 3.8536071500410634},
{"mapping": [1, 9, 7, 8, 10, 6, 0, 2, 5, 4, 3, 11], "R": [[-0.2816200457496197, 0.7830441148482241, 0.5545557357322558], [-0.22732912791945403, 0.5070440083207792, -0.8314011313592122], [-0.9322079260719481, -0.36020589643641177, 0.03521497893053921]], "T": [-0.050877949287695276, -0.1706154557018811, -0.02843958483444558], "aligned_model": [[-0.3593027864082249, 0.2396684930095806, 0.8393732422320479, -0.4783389334227266, 0.16646607251231815, -0.08425105639919626, -0.44097717710098816, -0.8783849894242051, 0.2154363046357045, -0.33611484622971166, 0.39924087031595545, -0.07549778461915985], [-0.49645181299738783, -0.8286790824468985, -0.2545170311467746, 0.1358989842901199, 0.06772574342849583, 0.65088291295591, -0.5662427572738838, -0.04947711427093002, -0.4760549991192229, 0.2148075700444992, 0.17275913018324038, -0.06224183196671068], [-0.33389342998355653, -0.2086797947089421, -0.05801087860558782, -0.5855411204018787, -0.5699105882817018, -0.03951338336169356, 0.41339261102363506, 0.007379439508393745, 0.4731013261501191, 0.5752314638204801, 0.3039817605180285, 0.03211713318756649]], "inverted": false, "swapped": false, "error_lsq": 0.04307006543908403, "error_max": 0.2300422457039074, "target": "187.xyz", "model": "16.xyz", "model_rescale": 3.795458400668931, "target_rescale": 3.8536071500410634},
{"mapping": [2, 0, 3, 4, 7, 11, 5, 10, 6, 9, 8, 12], "R": [[-0.3822017042503537, -0.923931831026029, -0.01648723400132729], [0.03893143083263259, -0.03392555063531377, 0.99866581032266], [-0.9232584692064565, 0.381049903071737, 0.048936391444106]], "T": [-0.035195805998071775, -0.1535496066047199, -0.08290462940769425], "aligned_model": [[-0.5946648143356037, 0.21694535912258467, 0.7572951891138356, -0.34677443322824664, 0.3898515327233467, -0.1459751181477127, -0.3801086007297041, -0.7479093665057385, 0.28585827769012356, -0.36183527035013807, 0.33419516652137093, -0.19956051277272346], [-0.4996712079966016, -0.6490657290486647, -0.29552828331054204, 0.022305906094544914, 0.05734867521215539, 0.647941691901629, -0.5462393681365327, -0.03180188872229779, -0.4281727603065583, 0.0930445498392255, 0.269180603976712, -0.13093247782261247], [-0.34509179591418904, -0.2875970638502607, -0.018236130914890986, -0.6190849965332655, -0.5369215389149125, -0.05682759657668788, 0.49103484409393805, 0.044062046972500546, 0.4451884020041661, 0.7111003210618277, 0.29463510465701637, -0.11260705722037961]], "inverted": false, "swapped": false, "error_lsq": 0.04013684586987864, "error_max": 0.2151164883477201, "target": "187.xyz", "model": "17.xyz", "model_rescale": 3.7474275329858107, "target_rescale": 3.8536071500410634},
{"mapping": [11, 1, 0, 10, 8, 5, 7, 12, 2, 9, 6, 13], "R": [[-0.5828470538534056, 0.6358750438964624, 0.5059172267911791], [0.14619905612908776, 0.6945055537433411, -0.7044770200699374], [-0.7993216798019238, -0.3366377346188735, -0.49775484711783946]], "T": [-0.05965624501876077, -0.14016657309609246, -0.06492310599287426], "aligned_model": [[-0.5369688416380736, 0.15801544786674787, 0.7732305751187527, -0.42035481867198454, 0.3043132567319509, -0.3119100876147348, -0.5215622367618679, -0.7361713988676011, 0.31194945840749516, -0.180673891010265, 0.33941055850565616, 0.028039387035318497], [-0.5854566867887463, -0.7894698478113161, -0.21330641719300528, 0.1026392506506732, 0.20241126580341265, 0.5294587700331567, -0.5694119548393192, 0.10357204113165355, -0.45825223410018834, 0.2061606753758007, 0.1404728609402183, -0.16040801152188294], [-0.374157744353726, -0.16260989307342222, -0.05530547491398177, -0.6010026163107385, -0.5816639281745395, -0.1707051243367041, 0.34715763740606853, 0.14039532440419866, 0.4494341990532847, 0.49466275174536195, 0.5325599530547571, -0.009110545635696486]], "inverted": true, "swapped": false, "error_lsq": 0.04260966509500532, "error_max": 0.23329519319884678, "target": "187.xyz", "model": "18.xyz", "model_rescale": 3.922800546911778, "target_rescale": 3.8536071500410634},
{"mapping": [13, 4, 10, 8, 6, 5, 7, 12, 9, 3, 2, 14], "R": [[0.5436370674998416, -0.44369355938137134, -0.7124568507661796], [-0.7109778911193874, 0.2076835366103402, -0.6718466990024214], [0.44605961168839475, 0.8717818385264235, -0.20255184234138068]], "T": [-0.053896597764788806, -0.02897318310287418, -0.05470128813516825], "aligned_model": [[-0.4408421325690044, 0.20763631525159873, 0.64508593150052, -0.260748297287103, 0.4088926346049736, -0.4861120208360017, -0.42640075543341904, -0.8237390686040631, 0.28741737366562303, -0.3020662661005646, 0.48571981240248785, -0.08752611749365292], [-0.5377259209241755, -0.5296823122585068, -0.4304419537713676, 0.10927220994223073, 0.02190621757389806, 0.5982363206957179, -0.505067599959687, 0.0010598658801670852, -0.3334728718507415, 0.11023037069865492, 0.08582678868784437, -0.08173140303357782], [-0.30621182802285407, -0.5072032687734145, -0.02559978949495166, -0.6137104470298625, -0.563626808130472, -0.10298986431848106, 0.4675876910861161, 0.10358525781039427, 0.6187435116619908, 0.5181716732727176, 0.4022057693095794, 0.01870264149410006]], "inverted": false, "swapped": false, "error_lsq": 0.043304846522383554, "error_max": 0.25989175542476445, "target": "187.xyz", "model": "19.xyz", "model_rescale": 3.9282355846067225, "target_rescale": 3.8536071500410634},
{"mapping": [1, 10, 12, 5, 7, 6, 0, 3, 11, 4, 9, 13], "R": [[0.5518791967032619, 0.331603325737647, 0.7651591903688374], [0.10630284317675176, 0.8820813233061846, -0.4589468864770184], [-0.8271209450731504, 0.3346218364574288, 0.4515519558003889]], "T": [-0.01706351112764623, 0.008053315690327453, -0.01813754569937238], "aligned_model": [[-0.5246020819183262, 0.3019334906289606, 0.8057056164688439, -0.46896655684941757, 0.32189496898968706, -0.2705391060747071, -0.4577914725955283, -0.7661183075573825, 0.0891853050026197, -0.3166747077339086, 0.5778802158721097, -0.08458995513155615], [-0.4864843413487943, -0.7850713391471829, -0.15073974657686873, 0.13513667818827574, 0.1866384008087838, 0.5840852275347799, -0.545373916647185, 0.012084217334944178, -0.401697810028415, 0.08773890446272972, 0.007945743667154545, -0.1358523065677651], [-0.26173126736851227, -0.12504191301259782, -0.16176926683882903, -0.5351710151113571, -0.5093730213212007, -0.19358387185105538, 0.3555925048510812, 0.05435888813771318, 0.5599440881284934, 0.5325449242867089, 0.334660945467589, -0.040776456503171035]], "inverted": false, "swapped": false, "error_lsq": 0.037522573891523574, "error_max": 0.25188276196061227, "target": "187.xyz", "model": "20.xyz", "model_rescale": 4.067790424073018, "target_rescale": 3.8536071500410634},
{"mapping": [2, 8, 1, 0, 7, 12, 6, 3, 13, 11, 10, 14], "R": [[-0.06316566960435804, -0.9692297167047104, -0.23791564563924705], [-0.9833461837670403, 0.1011498138781256, -0.15099337079229297], [0.17041238527240732, 0.22441584482591076, -0.9594775388391547]], "T": [-0.05576019658837693, -0.23722497358703612, -0.006906606533521565], "aligned_model": [[-0.6798137493929614, 0.21804765308931406, 0.759025397791608, -0.3182166033620006, 0.35527801576448437, -0.20115300526394975, -0.5455865815794827, -0.8321791956655383, 0.3083645546054618, -0.2704831401272207, 0.4319978060537544, -0.01796374281207473], [-0.4934331535075015, -0.5358403996631129, -0.18070238837240898, -0.0719221152755555, -0.03209819753931378, 0.5133993602609876, -0.6375123178165353, 0.10433434139808431, -0.28830141031437406, 0.07574791931610339, 0.23443003944744592, -0.1796919662533619], [-0.3209710319509032, -0.4081870390110291, -0.08586693727198937, -0.6458507583171431, -0.5948135302406827, 0.04246856453784132, 0.37701663750310993, 0.05832980101420985, 0.5888516231674713, 0.5165189180685964, 0.4523542137980954, 0.02980407756728603]], "inverted": true, "swapped": false, "error_lsq": 0.0442561966013656, "error_max": 0.22359166135267108, "target": "187.xyz", "model": "21.xyz", "model_rescale": 4.186013935880536, "target_rescale": 3.8536071500410634},
{"mapping": [8, 11, 3, 2, 5, 0, 9, 1, 4, 7, 6, 12], "R": [[-0.4525074042605277, 0.723589031950756, -0.5212062566105357], [0.14055676789439175, 0.6350356705418685, 0.7595877119454486], [0.8806139018255855, 0.27045999700511647, -0.3890636785045745]], "T": [-0.11503717288664297, -0.17839961580214575, 0.049011310011745725], "aligned_model": [[-0.43542494386979325, 0.16702831137516386, 0.7912933415780387, -0.40166251294650956, 0.2385511287283689, -0.15879584039646125, -0.6104313756724643, -0.6736347502379744, 0.34123130118351663, -0.24865766991167937, 0.26785197792877935, -0.07003155865759034], [-0.6494818777548594, -0.7227073532688206, -0.09144151150382673, 0.005974259675504329, 0.06472895957301383, 0.5317388571160275, -0.5379937689850403, 0.27133302853271085, -0.40398080064550956, 0.06509803601850131, 0.1624326459690254, -0.1872907630462695], [-0.4639227104836583, -0.10308776373270914, -0.1037693870138165, -0.6094348847087564, -0.5947297752950048, -0.07579641933856998, 0.15258441984827456, 0.19334609836558175, 0.5672278259419292, 0.7281123306364145, 0.2659954489274445, 0.053129355717732564]], "inverted": true, "swapped": false, "error_lsq": 0.060513437695324995, "error_max": 0.3487058653853727, "target": "187.xyz", "model": "22.xyz", "model_rescale": 4.166573947596378, "target_rescale": 3.8536071500410634},
{"mapping": [2, 12, 14, 3, 9, 8, 1, 4, 5, 0, 10, 15], "R": [[-0.22195514433768068, -0.44211527909981163, -0.8690627099861871], [0.47202853903268627, 0.7311719033535221, -0.4925207671611989], [0.8531851922300969, -0.519539919287136, 0.046403663933024725]], "T": [-0.00194111105642579, -0.17281323120703204, -0.07474694433417592], "aligned_model": [[-0.5438574807027522, 0.3175607077228726, 0.7794225587013351, -0.3785856608518179, 0.23558903113535745, -0.23408416959968376, -0.46862503407707384, -0.680395771711996, 0.1040096316794844, -0.4681462231758067, 0.5760751069497895, -0.03164528696831438], [-0.5457667583191343, -0.6595987814112889, -0.2536681899719466, -0.02707924526020966, 0.1868153458464845, 0.6017182333754773, -0.48881459256600235, 0.10484121325885457, -0.4346338451913707, 0.07398481436038565, 0.15560216261027263, -0.2049906450510648], [-0.2163151403143477, -0.37531269610619056, -0.16914532592016868, -0.5200862986085789, -0.49271331187935097, -0.05772487151560113, 0.36165690129562245, -0.025140530760232337, 0.7071011146951464, 0.5485501605651433, 0.27019046147982817, -0.021405924066407227]], "inverted": true, "swapped": false, "error_lsq": 0.040464665353612615, "error_max": 0.21435869235436866, "target": "187.xyz", "model": "23.xyz", "model_rescale": 4.274766983524099, "target_rescale": 3.8536071500410634},
{"mapping": [5, 4, 2, 10, 1, 8, 9, 6, 7, 0, 11], "R": [[-0.8091591356871436, 0.4125351594769232, -0.4184211219924062], [0.19073321646816513, -0.4891326522470106, -0.8510993412296316], [-0.5557718356211859, -0.7684816137690963, 0.3171019962553104]], "T": [-0.005395762546529431, 0.06850419248943385, -0.11585960559532416], "aligned_model": [[0.5010331533803538, 0.016041644722752046, -0.7250006173984337, -0.4403776845234946, -0.3238959957423252, -0.5801571740513648, 0.05914485546638634, -0.055917637344629206, 0.592333197314952, 0.35732015167208153, -0.020629189538202718], [-0.14800927970882014, 0.535655457922763, 0.4429841997450201, -0.18764517969910627, 0.671616379017421, -0.20359605571770545, -0.47545663070344146, -0.14291364374378412, -0.16814931268603067, 0.5272152601405066, 0.0638853366766605], [-0.5104139859312795, -0.6115043337485008, -0.3806669793071891, -0.361767740793721, 0.13351125519301454, 0.32400033691343666, 0.12398411845573631, 0.735972976335552, 0.37368942989621556, 0.530903796234082, 0.021857560774230622]], "inverted": false, "swapped": true, "error_lsq": 0.06440322769402299, "error_max": 0.3981447507171422, "target": "187.xyz", "model": "24.xyz", "model_rescale": 3.7841303162186577, "target_rescale": 3.8536071500410634},
{"mapping": [7, 8, 2, 6, 4, 3, 10, 11, 14, 13, 12, 15], "R": [[-0.8864196179047852, -0.45747849250940686, 0.07052439212680547], [0.2884962188025031, -0.42687289963885666, 0.8570586090172438], [-0.3619809286829807, 0.7800595851890002, 0.5103693278642161]], "T": [-0.03256853748354671, -0.27538874253508017, -0.0691817395432609], "aligned_model": [[-0.6112482014381092, 0.34408396348754583, 0.7168579678542927, -0.3947534047420114, 0.26928687361750947, -0.10005880126455341, -0.4073370238725957, -0.7137664070450711, 0.032463377749659225, -0.24180033113793659, 0.3776602761597838, -0.06407088026711913], [-0.5199145954609316, -0.6405895491415486, -0.21198828519198337, 0.14739095721873252, 0.1411202673474371, 0.5236718029278419, -0.7951302893741249, 0.028568183458148377, -0.3150034887310587, 0.2518269110058483, 0.12310046141839148, -0.22464266379629533], [-0.23693904602074006, -0.3416134704504167, -0.12515783294947577, -0.5297313021834541, -0.6096518111791032, -0.1463127748819536, 0.3720352267853435, 0.11249714973194769, 0.7204387289069248, 0.4695813887948046, 0.4289051818042583, -0.10439689949327294]], "inverted": false, "swapped": false, "error_lsq": 0.0445060200916538, "error_max": 0.25276980559953555, "target": "187.xyz", "model": "25.xyz", "model_rescale": 4.19342608120988, "target_rescale": 3.8536071500410634},
{"mapping": [1, 9, 7, 8, 10, 6, 0, 2, 5, 4, 3, 11], "R": [[-0.2816200457496197, 0.7830441148482241, 0.5545557357322558], [-0.22732912791945403, 0.5070440083207792, -0.8314011313592122], [-0.9322079260719481, -0.36020589643641177, 0.03521497893053921]], "T": [-0.050877949287695276, -0.1706154557018811, -0.02843958483444558], "aligned_model": [[-0.3593027864082249, 0.2396684930095806, 0.8393732422320479, -0.4783389334227266, 0.16646607251231815, -0.08425105639919626, -0.44097717710098816, -0.8783849894242051, 0.2154363046357045, -0.33611484622971166, 0.39924087031595545, -0.07549778461915985], [-0.49645181299738783, -0.8286790824468985, -0.2545170311467746, 0.1358989842901199, 0.06772574342849583, 0.65088291295591, -0.5662427572738838, -0.04947711427093002, -0.4760549991192229, 0.2148075700444992, 0.17275913018324038, -0.06224183196671068], [-0.33389342998355653, -0.2086797947089421, -0.05801087860558782, -0.5855411204018787, -0.5699105882817018, -0.03951338336169356, 0.41339261102363506, 0.007379439508393745, 0.4731013261501191, 0.5752314638204801, 0.3039817605180285, 0.03211713318756649]], "inverted": false, "swapped": false, "error_lsq": 0.04307006543908403, "error_max": 0.2300422457039074, "target": "187.xyz", "model": "26.xyz", "model_rescale": 3.795458400668931, "target_rescale": 3.8536071500410634},
{"mapping": [1, 9, 4, 0, 3, 7, 8, 6, 11, 5, 10, 12], "R": [[-0.0787641607185671, 0.8099159355111837, -0.5812335024681079], [-0.8374398077427093, -0.3700631702582602, -0.40217883885935657], [-0.5408241631012376, 0.45507079385898863, 0.7074035603404862]], "T": [-0.0553935123793297, -0.2868608084361904, -0.052811749207493625], "aligned_model": [[-0.5460781721880162, 0.152546545895256, 0.7689177188200638, -0.3525404217798382, 0.299446867189246, -0.04621166021810412, -0.46701342404977786, -0.8286065221710415, 0.3410806751924696, -0.35776339652015987, 0.3341854685270313, -0.09064626959573441], [-0.5766453806197294, -0.5554467820271467, -0.20908146815930398, 0.11109595742166783, 0.1301388630456234, 0.5254183702701067, -0.5140592306612525, -0.06433697673799643, -0.5835340172225165, 0.19434919245198917, 0.17543161571865312, -0.12492043179963758], [-0.2128324881886202, -0.3154841631956554, 0.06262026966603121, -0.7196005604772943, -0.5480653588455715, -0.07087630180446494, 0.5036966832183118, 0.1310679546509317, 0.46329658972052723, 0.4410200603087562, 0.32428288177288966, -0.04947102796097866]], "inverted": false, "swapped": false, "error_lsq": 0.04134160423516947, "error_max": 0.26779131261614986, "target": "187.xyz", "model": "27.xyz", "model_rescale": 3.6321398670334006, "target_rescale": 3.8536071500410634},
{"mapping": [0, 1, 4, 8, 7, 12, 11, 10, 13, 9, 6, 14], "R": [[-0.5725863657629799, 0.7790169682580101, -0.25549445572935836], [-0.7897101544720622, -0.6077888715971309, -0.08337001551156059], [-0.22023334367450906, 0.15403003190541933, 0.9632092314783746]], "T": [-0.12010811287671125, -0.2034523232631549, -0.08935940010295258], "aligned_model": [[-0.5747076709456556, 0.34202097417119526, 0.7016360043016951, -0.3527804224830686, 0.21980115324991617, 0.035580507089416874, -0.44221302267995005, -0.8786533374995211, 0.14352846146072712, -0.3158295195371763, 0.4126002721024595, -0.08366599012864367], [-0.5709381326833218, -0.683492948825456, -0.1934275586638779, 0.1480622556794541, 0.197612591657278, 0.6080086666714095, -0.528047018280458, -0.08622510500758757, -0.3987642255314793, 0.11259019217352631, 0.14532761884439563, -0.24229662435342575], [-0.3077744085116502, -0.14649871109221513, -0.19473189336585933, -0.38824184008196283, -0.6590049116493704, -0.11767629059976577, 0.36165340178407185, 0.03529433830307603, 0.6581874876693119, 0.46596250711081194, 0.3561535241732164, -0.053668664874802464]], "inverted": true, "swapped": false, "error_lsq": 0.044808032894398275, "error_max": 0.2698517162486449, "target": "187.xyz", "model": "28.xyz", "model_rescale": 4.156811204709835, "target_rescale": 3.8536071500410634},
{"mapping": [6, 9, 7, 5, 10, 8, 0, 1, 4, 11], "R": [[0.0483203135338999, -0.9620940630317051, 0.26840298280595076], [0.19135731391340094, 0.2726561427317259, 0.9428897105401592], [-0.9803303145939303, 0.005800147394902866, 0.19727856593751808]], "T": [0.003289805573848753, 0.0007970650810611331, 0.11049968504017425], "aligned_model": [[-0.6506954534880076, -0.015888038826832387, 4.535517146872503e-05, 0.6500904070187511, 0.02531493553337104, -0.5942907166828515, -0.4290021388867089, -0.5218490886686873, 0.29294604704513527, -0.11374593410505089], [-0.1970282873092536, -0.45617166186600944, 0.05736671868442879, 0.020659859987735996, -0.4237630501283313, -0.4875932985075237, 0.5827316424120321, 0.40827628859156384, 0.4219282482770287, -0.007686129515467297], [-0.44270653313810904, -0.2747219049380589, -0.6955601123398967, -0.09018898160924081, 0.47731869558865264, 0.15781106238693504, -0.37401801166461135, 0.40301012665836256, 0.5611673587079431, 0.03667502732312325]], "inverted": true, "swapped": true, "error_lsq": 0.05015785866249617, "error_max": 0.22082858066090685, "target": "187.xyz", "model": "29.xyz", "model_rescale": 4.117894457231895, "target_rescale": 3.8536071500410634},
