[{"mapping": [12, 10, 6, 13, 15, 11, 9, 14, 8, 4, 0, 1, 3, 16], "R": [[-0.12235656561566627, -0.33316450951017973, 0.9348958661014501], [0.8529792082167237, -0.516876505225846, -0.07256134436107858], [0.507400572724066, 0.7885683787398259, 0.34742563355476863]], "T": [-0.03237643124780909, 0.0693056651569098, 0.08457138876383108], "aligned_model": [[0.06192343931036204, 0.2298653740106142, -0.36075476713702564, -0.4539574946637032, -0.6639848630534652, -0.18707548800787363, -0.7543074473477375, -0.038040582384967936, -0.38189568966465826, 0.23526130688266156, 0.5827014192240323, 0.34401815172824846, 0.7376718588167654, 0.0200668834150506], [-0.7248308527188284, -0.2757882387748167, -0.40841118968337176, -0.35581457582230586, 0.3002256330411882, 0.24476223081376008, 0.16522359241244633, 0.5709657905704335, 0.7343595653581333, -0.20938290785327385, 0.44876145513478083, 0.6620996256850729, -0.05632377203562998, 0.13942697568244647], [0.13034895116107692, -0.4327225579412377, 0.5840805679952632, -0.04579704702453813, 0.3973939087616974, -0.5829756083169502, -0.19658738599866898, 0.5518429987121202, 0.048659459535176725, 0.5600760376158406, 0.5101789882132582, 0.06752246664072048, 0.23004487416148087, 0.07552243366459413]], "inverted": true, "swapped": true, "error_lsq": 0.0471220200764944, "error_max": 0.26686700628153903, "target": "189.xyz", "model": "0.xyz", "model_rescale": 3.8414455957264533, "target_rescale": 4.170769228793678},
{"mapping": [8, 15, 0, 5, 14, 4, 3, 1, 10, 2, 12, 9, 13, 11, 16], "R": [[-0.8232776607165176, 0.014694790161870697, 0.5674486377701836], [-0.544121190432225, -0.3051936802849429, -0.7815298763558247], [0.16169732059547823, -0.9521769166789493, 0.2592548858864814]], "T": [0.031709541841183374, 0.0773273124261559, -0.09607059672130219], "aligned_model": [[-0.6791653405056514, -0.6026960879017923, 0.04303364290594266, -0.316076797378082, -0.4462480079588425, 0.30926090144647755, 0.577969157791901, -0.1741687250826834, 0.5632446263212353, 0.282503030363869, 0.6776098484884631, -0.43374065765605163, 0.11417096710935556, -0.05743892782145036, 0.013786523381853762], [0.13616036845032778, 0.1282951180838107, -0.6988224467678973, -0.37955856206094685, -0.41307503508510124, -0.378439983910703, -0.4390498899042208, -0.2689164635729816, 0.42377421905484747, 0.1616579701363824, 0.18647865454374335, 0.6810193177024552, 0.5233266190746704, 0.6467350066056471, 0.0374596356929809], [0.14256226355841178, -0.47691564585592566, 0.22159684485240316, -0.5816899889873473, -0.06290676632903679, -0.39714096233200513, 0.15863448051363926, 0.4793402254468507, 0.1339263361015892, 0.5830197958708763, -0.5570908112640096, -0.2644361868978245, -0.5080638893642707, 0.314006500995852, -0.0196604089696676]], "inverted": true, "swapped": true, "error_lsq": 0.03464461493798616, "error_max": 0.2781071065519833, "target": "189.xyz", "model": "1.xyz", "model_rescale": 4.316132596720782, "target_rescale": 4.170769228793678},
{"mapping": [3, 10, 2, 5, 1, 4, 8, 6, 11, 12, 13, 16], "R": [[0.7902042004824238, 0.3461826023968228, 0.5057024098594912], [-0.2524038465946658, -0.5680977909816375, 0.7832989200209588], [0.5584528805227439, -0.7466073303146354, -0.3615354402493659]], "T": [-0.04145509750482231, 0.06536253297400928, -0.10514943357170764], "aligned_model": [[-0.30826085971777634, 0.4878643814759562, 0.17499923448909546, -0.6257845178925703, -0.39685371711760603, -0.3874969734842633, -0.2246641495555898, -0.16124234927845912, 0.48562423945287664, 0.2590933731736542, 0.3741152306131032, -0.0795853375266401], [-0.6211615416807126, -0.3342041682443105, -0.5482397419440082, 0.49306661060719853, -0.3110656692886959, -0.03904446761527157, 0.37304884076581346, 0.5402099910577808, 0.0060555981734244785, 0.006535622741648914, 0.43642078522410443, 0.011154567944008778], [0.19051767593469687, 0.019834304181530538, -0.43349767157934094, 0.0977164941822819, -0.5798723603369328, 0.38957892520156784, -0.7665975782377528, 0.4828353033732414, -0.5731300506306949, 0.6350200546102001, 0.1499403882481235, -0.16308702373749956]], "inverted": false, "swapped": true, "error_lsq": 0.04238801601578521, "error_max": 0.25204807423296155, "target": "189.xyz", "model": "2.xyz", "model_rescale": 3.795458400668931, "target_rescale": 4.170769228793678},
{"mapping": [8, 15, 5, 12, 1, 3, 6, 11, 13, 10, 0, 16], "R": [[-0.6797194306647277, -0.6960472572217962, -0.23130004602427914], [0.05655575711981786, -0.36414738806297703, 0.9296225718556517], [-0.7312885490101859, 0.6188011760500514, 0.2868835349155657]], "T": [0.11151966123228668, -0.0023711620632656588, 0.04476683660309601], "aligned_model": [[-0.02319929854737443, -0.3025594061016495, -0.621876462598139, 0.2376399707288261, 0.04484962736725076, 0.07144147140839541, -0.3104317530615084, 0.7108508976463315, 0.2832511117262869, 0.7114818126053879, -0.3194104377597065, 0.1112662923294647], [-0.23604297367188343, -0.5643500897636126, -0.16241458774670683, -0.040887129184637584, 0.46689888795912715, 0.7431256560263797, -0.37384209654556533, -0.1679322470256186, -0.49725518365692967, 0.1638475019079952, 0.6941473188772579, 0.060473988113903275], [-0.6573715793616481, -0.2058910627939065, 0.08996043840956117, 0.8348624305911444, -0.47360460764741574, 0.3141139962188679, 0.5639214319084191, -0.2924680876123829, 0.362653381542509, 0.30528625415409616, -0.1358170577201569, -0.016874107049987604]], "inverted": true, "swapped": true, "error_lsq": 0.042651737985738486, "error_max": 0.19119933586770615, "target": "189.xyz", "model": "3.xyz", "model_rescale": 3.7530521520055578, "target_rescale": 4.170769228793678},
{"mapping": [15, 1, 7, 2, 9, 3, 13, 4, 12, 10, 16], "R": [[-0.3615070771971853, -0.8685173994031251, -0.3391019906611882], [-0.3814244391891, -0.1941115993327231, 0.9037898451486235], [-0.850780835659589, 0.45606821193602687, -0.2611010450684688]], "T": [-0.1463146540298516, -0.10056294399070595, 0.0034707782529635137], "aligned_model": [[-0.4271215215715937, -0.025358394150932898, 0.43987963306078276, 0.4003561560682218, 0.13482562890719135, -0.2977621281583964, -0.09495363161637205, -0.6568179880721361, -0.3210575834465938, 0.31115033404743553, -0.12494090262240139], [-0.781867999004653, 0.08767210692673275, -0.2690231545829169, 0.311779073770448, -0.8096445586355687, 0.6675908706979787, -0.37592801620044847, 0.22085803188075517, 0.21889508062017263, 0.2673657337895774, -0.07049381094773179], [-0.08068441687680086, -0.6623410392151242, -0.5968822067327121, -0.24612465600334063, 0.16959814651219246, -0.12661780323570923, 0.5484385422120567, 0.11060085283274236, 0.7169498171606914, 0.3363489346466246, -0.07645539405530417]], "inverted": true, "swapped": true, "error_lsq": 0.04483694914181538, "error_max": 0.21343056550196346, "target": "189.xyz", "model": "4.xyz", "model_rescale": 3.7855080009869324, "target_rescale": 4.170769228793678},
{"mapping": [7, 5, 0, 4, 6, 8, 13, 3, 9, 14, 1, 2, 11, 12, 10, 15, 16], "R": [[-0.439875011680265, -0.7708589700358017, 0.4607455072104666], [-0.14454515068529356, -0.44558564970917997, -0.8834931398639234], [0.8863501980101616, -0.4552250839843861, 0.08457806688944886]], "T": [-0.07639603547858802, -0.015435187658828828, -0.0021064797922723975], "aligned_model": [[-0.42107017801852903, -0.4391230893740519, 0.16247747848481708, 0.1760169836217384, 0.10008157025906257, -0.4817764362733394, 0.12359379344778205, -0.35190785021219356, -0.48639706880796924, 0.00747340095096545, 0.5875495548995604, 0.09929446472541732, 0.5948269074704604, 0.4947955083321615, -0.8017342361734532, -0.5723403387265016, -0.07827289328612953], [-0.07386983206824783, 0.547805220944801, 0.6634113409186829, 0.170252959874451, -0.4173249825553553, -0.5880016348613828, -0.6907858493177049, 0.6021604826987316, 0.2806224674810733, -0.022460017734650048, 0.31742722534635004, 0.5464455076199715, -0.41956584042571743, -0.16518414310215596, 0.01945988540956113, -0.42940699197967475, -0.002948910408780793], [-0.6647938870009878, -0.45630089973557936, -0.30307278735102566, -0.6720380908688546, -0.48523929331056026, -0.05818025399155363, 0.16752014252367786, 0.15627733660647253, 0.4990552074414435, 0.6691713821458851, -0.14867662004993834, 0.44422144896613514, -0.1383944273641949, 0.3360957284099774, -0.062365110398783556, 0.509737930149988, 0.05011729334784417]], "inverted": false, "swapped": false, "error_lsq": 0.03158328376875373, "error_max": 0.19733487487014414, "target": "189.xyz", "model": "5.xyz", "model_rescale": 4.2253639853439635, "target_rescale": 4.170769228793678},
{"mapping": [15, 4, 10, 13, 12, 2, 11, 9, 0, 14, 3, 7, 8, 16], "R": [[0.5370980812275687, 0.27395338437136324, -0.797793954811103], [0.8435159357711279, -0.1715723359128935, 0.5089634561042193], [0.002552888916970364, -0.9463152100335646, -0.3232352177862249]], "T": [0.027441163776552355, -0.08158544641707133, -0.05207856144098079], "aligned_model": [[0.7502708833374421, -0.2180284819207105, -0.44787898699788076, 0.22133086354735482, -0.3453628697418736, -0.43371984144870634, 0.0916984381913475, 0.6557140011761804, -0.29583572220418564, 0.31916004522319386, -0.6840799496967251, 0.17193620063081433, 0.5844222874362802, 0.004435285225252543], [-0.02806070371895858, 0.04176483589722471, -0.47791910420037775, -0.6518594536814911, -0.6320428043825999, 0.04138897290968262, -0.32618467880298296, -0.44989273022959625, 0.6752546993985877, 0.5222851465421475, 0.2207781727205984, 0.2545399976391091, 0.2642607083976164, -0.009213911853969692], [-0.20944269379685793, -0.5997384116876129, 0.2170756327110297, -0.16454225483746004, -0.49890594364145274, 0.49872141539007664, 0.6085105817540336, 0.22909377695396982, -0.21373973819725695, -0.19447983484920767, -0.23161576198211475, 0.7215926617114647, 0.31658460992915927, -0.00755583052632227]], "inverted": true, "swapped": true, "error_lsq": 0.04416520889515041, "error_max": 0.30542954712844517, "target": "189.xyz", "model": "6.xyz", "model_rescale": 3.89814844738969, "target_rescale": 4.170769228793678},
{"mapping": [15, 9, 11, 5, 1, 13, 6, 14, 4, 12, 10, 3, 16], "R": [[-0.44386748025058037, 0.8960060081776935, -0.012445613101662187], [0.8844571880554735, 0.4402927333081936, 0.15452440419883573], [0.1439345075824623, 0.05758074596143691, -0.9879105805798007]], "T": [0.031001181088766233, 0.11979591511060922, -0.008379801022689103], "aligned_model": [[-0.08564893378001806, 0.061069420444521315, 0.4573848160891225, -0.3006635529317552, 0.6338712450406542, -0.3721232818535838, -0.6929668020702494, 0.22846583844816287, -0.3616806673422128, -0.634444372418236, 0.054687410784805046, 0.05298555510544257, 0.10769512538756945], [-0.33482520289624706, 0.22949338583649262, 0.5794272935315719, -0.5518317593382323, -0.1298122439475609, 0.40320991233508235, -0.09455800594265143, -0.5365250869187626, -0.11096117860280791, 0.5007993381662657, 0.7662257221369568, 0.14601948160451608, 0.09711960950586224], [-0.5826824751212756, -0.7807121538996179, -0.3359035248670052, -0.07502066926255765, 0.2516426603151412, -0.37255134703596154, -0.1327900132485371, 0.00859585480501095, 0.40144220947904896, 0.22326533008901067, 0.1840287782153704, 0.7845569375219847, 0.028403443845683416]], "inverted": false, "swapped": true, "error_lsq": 0.04211964726285665, "error_max": 0.229389058272228, "target": "189.xyz", "model": "7.xyz", "model_rescale": 3.7474275329858107, "target_rescale": 4.170769228793678},
{"mapping": [13, 11, 10, 12, 2, 4, 6, 5, 3, 0, 15, 14, 8, 7, 16], "R": [[-0.06346238173721591, -0.9435885682045071, 0.32498175342318547], [0.5651108655067834, -0.30237840860906545, -0.7676047209946169], [0.822570505057417, 0.13493669612383885, 0.5524218064565958]], "T": [-0.014815917115762113, -0.06263691666791918, -0.05576555644487256], "aligned_model": [[-0.36652664288375425, 0.4031228955070985, 0.351007782715189, -0.31175624163484095, 0.7072222339083244, -0.2769887396118581, -0.7475973574547519, -0.5958510505136732, 0.3191903452880503, 0.24343809939720693, -0.5230182231850852, -0.12265569622513542, 0.06289820872882201, 0.6069036374091367, 0.05276447089401754], [-0.039987720928941956, 0.3110502474500674, -0.3690713045025533, -0.6884728270066452, -0.13479603931518722, -0.5435078528740994, -0.27799247454707177, -0.011115449546533068, -0.7098757335334483, -0.3142018859392963, 0.46261195370765174, 0.18736098157278816, 0.6465477818437055, 0.5185413585076776, -0.0479730729085206], [-0.5570043425370289, -0.4870669014265097, -0.5329705237787743, -0.45800518258223677, -0.1237858806922006, 0.21888058777445202, -0.10276012423302264, 0.4188605557541476, 0.2595777328320284, 0.701511946580475, 0.07054838573294288, 0.5734477256928724, 0.18249406430366139, 0.03436157230646257, -0.001294960031008728]], "inverted": true, "swapped": true, "error_lsq": 0.04476104716242212, "error_max": 0.34547520007508076, "target": "189.xyz", "model": "8.xyz", "model_rescale": 4.019505241142653, "target_rescale": 4.170769228793678},
{"mapping": [4, 1, 10, 12, 6, 13, 11, 5, 15, 8, 7, 9, 16], "R": [[0.6470744843465914, -0.3297114620650798, 0.687448153310852], [0.09732549280744646, 0.9300020345077207, 0.3544347108584148], [-0.7561893679214094, -0.1624394274626943, 0.6338699174501118]], "T": [-0.05278427107989442, -0.08907331160089292, -0.09820342605533307], "aligned_model": [[-0.19164786717457766, -0.6996405876614613, 0.1615928029050205, 0.40369630634809767, 0.3361585998166075, 0.5570232245757212, 0.13843984009984028, -0.17461358156908385, 0.12114351456505151, -0.2536335951426534, -0.4015433060999084, 0.4551988843571427, -0.1324734632786205], [-0.6403970610091149, 0.17374267143874683, 0.23090811671730233, -0.4676845485804731, -0.7406845379536438, -0.14691813726479486, 0.5914269769336917, -0.7004340342468294, -0.26861784610072287, 0.22839942726361895, 0.6421539672328824, 0.21317379679144421, -0.05169056310804907], [-0.3265912008946018, -0.021568628245323282, -0.6523766389904739, -0.6366455060360156, 0.00019066871753310732, -0.08262986650242575, -0.0719642470669112, 0.3224174484977405, 0.6000974097062869, 0.553425822781339, 0.17765902795561217, 0.41173254704592366, -0.09704334292480454]], "inverted": false, "swapped": true, "error_lsq": 0.04253614368645014, "error_max": 0.25754658509221046, "target": "189.xyz", "model": "9.xyz", "model_rescale": 3.877068213659057, "target_rescale": 4.170769228793678},
{"mapping": [12, 4, 1, 15, 14, 6, 9, 0, 3, 2, 11, 10, 13, 8, 7, 16], "R": [[0.39024175209961875, -0.38474931319978856, 0.8364683741245156], [0.7082108592997398, 0.7059781495378232, -0.005677248019498982], [-0.5883440776349702, 0.5946114852300128, 0.5479857917358939]], "T": [0.031370234278990855, 0.008067036852225573, -0.12385926530510882], "aligned_model": [[0.3156333817092968, -0.1562516298604303, -0.569322461383238, 0.40938587026912565, -0.2865943317025599, 0.4470849907026986, 0.6608919758175642, -0.756671254895465, -0.6005233763028006, -0.3814462549259676, 0.20578470708040317, 0.06356615989398762, 0.6193571189387003, 0.026196154683336886, -0.23646921964443965, -0.04521330506311742], [0.18734754691969394, -0.27224940163465694, 0.004763774808348557, -0.539850120293625, -0.5411091815821518, -0.4415027525255776, 0.005895429342135803, -0.27065743862537117, 0.15712797129216116, 0.582520578971712, 0.525610884210828, 0.6493992879347836, 0.09116465452598138, -0.23280343887680216, 0.2794456025291536, 0.016695480136935226], [-0.8509726137956238, -0.6353499114451903, 0.24018139357224738, 0.20325254977602647, 0.13564360055182928, -0.5827965058802178, 0.33780355370145504, -0.19279811869954377, -0.58037976013993, 0.051521660719029694, 0.32565575740801445, -0.33148864749586526, -0.27492200318617777, 0.588674742066088, 0.6423273910422932, -0.08131876108439276]], "inverted": false, "swapped": true, "error_lsq": 0.03596845217957473, "error_max": 0.23296632144919743, "target": "189.xyz", "model": "10.xyz", "model_rescale": 4.260839863003843, "target_rescale": 4.170769228793678},
{"mapping": [3, 10, 11, 2, 8, 1, 0, 4, 13, 15, 5, 16], "R": [[-0.4620474891582765, 0.7356297483008166, 0.4953392687617345], [0.8795209882596643, 0.30840737492169024, 0.3623916697506385], [0.11381980923053867, 0.6031034442852979, -0.7895006564392044]], "T": [0.04745184408695922, -0.06676888370135993, 0.054310096025715245], "aligned_model": [[0.4359747816215508, 0.13124717276728523, -0.48280865393910244, -0.25351829250089875, -0.6059841337784312, -0.33837447805000076, 0.12920218707953615, 0.5929373194293529, 0.20868394009554306, -0.15109930779448233, 0.292292095011204, 0.0003460191525736997], [0.07982700418509338, -0.649684995368753, -0.5318909370978692, -0.3068771214996036, 0.23448857672043388, 0.30230882742599097, 0.57346288544119, 0.19799649947616638, -0.4671969764745822, 0.2375355181297789, 0.5309368341514201, -0.02782760955633161], [-0.6220620146786693, -0.27529685763829126, 0.001196278769874222, -0.5645095918074411, 0.2734343397993322, -0.4020756177879492, -0.48129185561289856, -0.03370603169676694, 0.4891839801641943, 0.7009069123078845, 0.4394430088904447, -0.009044473314208733]], "inverted": true, "swapped": true, "error_lsq": 0.04059774329774809, "error_max": 0.20233624125028576, "target": "189.xyz", "model": "11.xyz", "model_rescale": 3.890672605050136, "target_rescale": 4.170769228793678},
{"mapping": [15, 5, 6, 9, 13, 2, 14, 11, 8, 3, 12, 4, 10, 16], "R": [[0.28553479927975667, -0.3723214863438042, 0.8830892306030065], [0.5081669196306993, -0.7224296551705153, -0.46889420461683795], [0.8125492355502624, 0.5826423466732839, -0.017077343755202423]], "T": [0.021219563901810193, -0.030498416202585508, 0.13643765769490232], "aligned_model": [[0.46361678248767524, 0.08320777605695928, 0.4202954288433811, 0.6903462869514024, 0.5855622253407089, -0.4099830526807296, -0.2340472753770091, 0.20299809916736594, 0.09925561947380758, -0.6594197288582423, 0.22308257858467107, -0.1951107408293648, -0.008528547791207597, -0.05139961657572474], [-0.24029215320914124, 0.18452162817561527, 0.5230161967294626, -0.4322324849494252, 0.155536631180774, -0.32274409699896595, -0.2319736941680001, -0.5351529010737301, -0.6976072104547765, 0.3443070948423666, 0.6835173479529035, 0.4991388444708794, 0.08224799105981458, -0.08013067373001202], [-0.42068213248832764, -0.5815108615372431, -0.20985004394658338, 0.11871580928544691, 0.2859771608241443, 0.6461724520090124, -0.4671220117952346, 0.597540913942641, -0.20212740178436409, 0.29821108417730535, 0.4382218051757212, -0.08285101515243151, 0.8011608269570124, 0.13293384968976205]], "inverted": false, "swapped": true, "error_lsq": 0.039792263921924864, "error_max": 0.22494306191160743, "target": "189.xyz", "model": "12.xyz", "model_rescale": 4.124412569039231, "target_rescale": 4.170769228793678},
{"mapping": [4, 14, 15, 3, 6, 12, 1, 10, 8, 2, 13, 9, 16], "R": [[0.2787541042031587, -0.47767375103672716, 0.8331410066491731], [-0.8473201529705291, 0.28601831474185613, 0.4474841695548883], [-0.4520450284649683, -0.8306752140293652, -0.32501381668688273]], "T": [0.09319713724371087, 0.10260181169338062, -0.03853121528557794], "aligned_model": [[-0.056286292821726064, -0.1398287152162772, 0.5492111746387396, -0.5574707134637813, 0.5656040097383813, 0.3423595357939384, -0.49758804756159586, 0.03058717651073055, 0.12896092242396862, -0.39680748024268736, 0.6616905654914256, 0.7203304480758701, 0.016535724142771213], [-0.24001821425227926, 0.5809025357959814, 0.595966947554741, -0.3323385366268665, -0.1642359779035646, -0.6525470025735645, 0.4764711864200063, -0.3462490725732575, 0.8505759119657024, 0.06009243669579478, -0.10777810446494782, 0.48354028185359293, 0.14310298461713894], [0.4469254487275827, 0.39386338564036644, 0.27571902278701055, 0.09329405138657623, 0.5010839122628825, 0.05795312173369679, -0.10607959449653312, -0.5385976816316176, -0.10928265222814851, -0.5763613212721618, -0.12802565247238798, -0.3050356051156801, -0.05375835435374715]], "inverted": false, "swapped": true, "error_lsq": 0.045383187486891526, "error_max": 0.23607806473836723, "target": "189.xyz", "model": "13.xyz", "model_rescale": 3.9028299243045295, "target_rescale": 4.170769228793678},
{"mapping": [2, 9, 11, 10, 3, 1, 13, 12, 7, 6, 4, 15, 8, 14, 5, 16], "R": [[0.8911010251894678, -0.3996647217652138, 0.21495830545157926], [0.4187869872536189, 0.5417718074983453, -0.7287666072941417], [0.17480395365470838, 0.7394264120088696, 0.650147797820136]], "T": [-0.056123366226327284, -0.008550415246180186, 0.09350758346992338], "aligned_model": [[0.138359925620068, -0.1869062595521347, -0.06536820482073188, -0.4347976792222168, 0.028512578809056444, 0.5887777367522468, -0.5829287879359186, -0.7804879905966379, 0.5255197552801325, -0.4786507030579333, -0.16028704029469998, 0.08754508555209552, 0.4901165902854433, 0.5186204419701294, 0.11935799550393934, 0.020455827287758202], [-0.6145002042001363, 0.5544179298227538, -0.10250282572059335, -0.49282574003573765, -0.6717630057310725, -0.2817082137871353, 0.27069391170352886, -0.18024938367106833, -0.12134916073170449, 0.4222162174920975, -0.1053742129651215, 0.7190957062697284, 0.3832033395240596, 0.24248311679329684, 0.48122630973644165, -0.05081150237823729], [-0.2617020693908383, -0.43127558572064817, -0.6075083046749387, -0.18494666543068683, 0.5211820813122848, 0.04006965731982598, -0.04774536302958349, 0.38923755326130727, -0.5240634760631427, 0.5641092226145796, 0.6894748911955898, 0.09479968251354742, -0.24398460069362898, 0.37043617035344234, 0.6365096880227641, 0.08356722803445793]], "inverted": true, "swapped": true, "error_lsq": 0.041934475806317206, "error_max": 0.2807312192648732, "target": "189.xyz", "model": "14.xyz", "model_rescale": 3.942246331269136, "target_rescale": 4.170769228793678},
{"mapping": [10, 11, 13, 8, 14, 9, 4, 12, 3, 6, 5, 0, 7, 1, 16], "R": [[0.714472174456322, 0.6179731376287805, -0.32808339350978366], [-0.4624065536820035, 0.768971240556676, 0.44143335885347335], [0.5250806519379546, -0.16368394046444334, 0.8351633831738824]], "T": [-0.10671821466788685, 0.025755947564910134, -0.09675798080876055], "aligned_model": [[-0.7530212118510271, -0.4500486899045824, -0.08309992647867147, 0.28528563731795364, 0.3979548306949067, 0.14967213296666493, -0.004865689058355008, -0.3788316383504212, -0.5011489261884833, 0.3079670599631027, 0.577032204413471, -0.043518333357040154, -0.2471630566808664, -0.15908132186901877, -0.12283903508542356], [0.09431829589051051, -0.5023153420138587, 0.2177300134171946, -0.6155269280622798, -0.143400819301288, -0.3547445442234678, 0.5621002226026142, 0.7241910997356885, 0.36973712087355676, 0.6116901117773322, 0.2885048848906319, 0.06767352807604167, -0.8048090324656365, -0.39140841784740543, -0.02559550346798324], [-0.27854146322097517, -0.41862860047212724, -0.6781716681899251, -0.06778692122109045, 0.3353633297156122, -0.7283577455258319, 0.18138376783598917, -0.37921768181772897, 0.49991699410890134, -0.36184744349868336, 0.07346127350313197, 0.7385251920399942, 0.054448340654619426, 0.46591441473977546, -0.027099308291145457]], "inverted": true, "swapped": true, "error_lsq": 0.041505626296596085, "error_max": 0.24146001315012017, "target": "189.xyz", "model": "15.xyz", "model_rescale": 4.355366556412066, "target_rescale": 4.170769228793678},
{"mapping": [3, 10, 2, 5, 1, 4, 8, 6, 11, 12, 13, 16], "R": [[0.7902042004824238, 0.3461826023968228, 0.5057024098594912], [-0.2524038465946658, -0.5680977909816375, 0.7832989200209588], [0.5584528805227439, -0.7466073303146354, -0.3615354402493659]], "T": [-0.04145509750482231, 0.06536253297400928, -0.10514943357170764], "aligned_model": [[-0.30826085971777634, 0.4878643814759562, 0.17499923448909546, -0.6257845178925703, -0.39685371711760603, -0.3874969734842633, -0.2246641495555898, -0.16124234927845912, 0.48562423945287664, 0.2590933731736542, 0.3741152306131032, -0.0795853375266401], [-0.6211615416807126, -0.3342041682443105, -0.5482397419440082, 0.49306661060719853, -0.3110656692886959, -0.03904446761527157, 0.37304884076581346, 0.5402099910577808, 0.0060555981734244785, 0.006535622741648914, 0.43642078522410443, 0.011154567944008778], [0.19051767593469687, 0.019834304181530538, -0.43349767157934094, 0.0977164941822819, -0.5798723603369328, 0.38957892520156784, -0.7665975782377528, 0.4828353033732414, -0.5731300506306949, 0.6350200546102001, 0.1499403882481235, -0.16308702373749956]], "inverted": false, "swapped": true, "error_lsq": 0.04238801601578521, "error_max": 0.25204807423296155, "target": "189.xyz", "model": "16.xyz", "model_rescale": 3.795458400668931, "target_rescale": 4.170769228793678},
{"mapping": [15, 9, 11, 5, 1, 13, 6, 14, 4, 12, 10, 3, 16], "R": [[-0.44386748025058037, 0.8960060081776935, -0.012445613101662187], [0.8844571880554735, 0.4402927333081936, 0.15452440419883573], [0.1439345075824623, 0.05758074596143691, -0.9879105805798007]], "T": [0.031001181088766233, 0.11979591511060922, -0.008379801022689103], "aligned_model": [[-0.08564893378001806, 0.061069420444521315, 0.4573848160891225, -0.3006635529317552, 0.6338712450406542, -0.3721232818535838, -0.6929668020702494, 0.22846583844816287, -0.3616806673422128, -0.634444372418236, 0.054687410784805046, 0.05298555510544257, 0.10769512538756945], [-0.33482520289624706, 0.22949338583649262, 0.5794272935315719, -0.5518317593382323, -0.1298122439475609, 0.40320991233508235, -0.09455800594265143, -0.5365250869187626, -0.11096117860280791, 0.5007993381662657, 0.7662257221369568, 0.14601948160451608, 0.09711960950586224], [-0.5826824751212756, -0.7807121538996179, -0.3359035248670052, -0.07502066926255765, 0.2516426603151412, -0.37255134703596154, -0.1327900132485371, 0.00859585480501095, 0.40144220947904896, 0.22326533008901067, 0.1840287782153704, 0.7845569375219847, 0.028403443845683416]], "inverted": false, "swapped": true, "error_lsq": 0.04211964726285665, "error_max": 0.229389058272228, "target": "189.xyz", "model": "17.xyz", "model_rescale": 3.7474275329858107, "target_rescale": 4.170769228793678},
{"mapping": [8, 2, 11, 0, 15, 6, 9, 10, 14, 13, 4, 3, 12, 16], "R": [[-0.06937499347770382, -0.5467860849208719, -0.8343932451889062], [-0.8277773457702238, -0.4352438184424687, 0.3540444666100902], [-0.556751089904252, 0.7152536583929683, -0.4224220970142343]], "T": [0.04075038992910131, -0.036993672925600615, 0.010952622952412314], "aligned_model": [[0.4627892674433086, 0.20560376856127538, 0.686604817754022, -0.535896252316155, 0.242029459091389, -0.27912933739194706, 0.7061369572331829, 0.17939173449030438, -0.16682746108258545, 0.26709918785496145, -0.5557527692286108, -0.5588203392431506, -0.27497822841082525, 0.03659684312770677], [-0.5528235093207035, 0.46142325626893155, 0.2121630234899211, -0.14671233374894815, -0.7189212052816157, -0.30425619247670704, -0.32235954927759003, 0.620475548075434, -0.5936659576162321, 0.018549795053743698, -0.0456831741766774, 0.37807723914986424, 0.3906041890522202, -0.036462887680407736], [-0.3376916579259592, -0.4945933425859022, -0.1344048556868609, -0.5881214566506849, 0.2220752144614474, 0.6526712923929445, 0.3029490785253798, 0.07393194708579348, -0.3311951882759597, 0.5776402672621807, 0.1506323436021778, -0.3023375590564178, 0.6102158103945263, -0.07697717488101032]], "inverted": true, "swapped": true, "error_lsq": 0.035705053992320976, "error_max": 0.22727283605153736, "target": "189.xyz", "model": "18.xyz", "model_rescale": 3.922800546911778, "target_rescale": 4.170769228793678},
{"mapping": [9, 8, 11, 13, 0, 15, 1, 12, 14, 10, 2, 3, 6, 4, 16], "R": [[0.6954674085382719, 0.5537980415895323, -0.457856760125543], [0.6989781205416377, -0.37366507804529686, 0.6097573258711058], [0.16659733090641082, -0.7440982049306399, -0.6469645977593048]], "T": [0.07822316077442307, 0.08709870410021153, -0.0031681833006874265], "aligned_model": [[-0.2807870468881801, -0.3692247772706565, 0.3315074642752682, 0.010931487224258019, 0.10988930528318305, -0.6382161287327222, 0.1498976183156628, 0.38531052146080746, -0.39101427033936365, 0.7047384148114121, 0.6632610300458188, 0.5664619904325641, -0.3033010537294304, 0.05993560363836048, 0.09666067836063551], [0.5317370894120313, -0.18580887146756492, 0.23205105500679826, 0.6960535458589756, -0.6859357783044757, 0.21466524944897672, -0.5791963990052156, 0.6089402845290053, -0.41026876613667346, 0.3251431737943926, -0.2170590957163968, -0.3278205186473855, 0.5072505231272111, 0.002488701507752461, 0.005371311627147463], [-0.5349983013866942, -0.5426696816998783, -0.6475063518681442, -0.013146797452221875, 0.3206592888247681, -0.14653028663267034, -0.21360067887074588, 0.5212549070303673, 0.04662693989002782, -0.08233295552120289, -0.31363801976684375, 0.46521685412366115, 0.5101220540230331, 0.6033865655828894, -0.030184369113016946]], "inverted": false, "swapped": true, "error_lsq": 0.037656526516730696, "error_max": 0.24176605540730337, "target": "189.xyz", "model": "19.xyz", "model_rescale": 3.9282355846067225, "target_rescale": 4.170769228793678},
{"mapping": [1, 2, 10, 7, 8, 11, 9, 13, 15, 5, 3, 14, 6, 16], "R": [[0.9042131361742101, -0.41835948079559004, 0.08587170196545434], [-0.32559924816690977, -0.5451620571251736, 0.7725176121385142], [-0.27637607342739096, -0.726480334420343, -0.6291602258068798]], "T": [0.09101923774978188, -0.15994538065788594, 0.10853188944426843], "aligned_model": [[-0.529011249887406, -0.08150586002787119, 0.4831715862334545, -0.5344891200543094, -0.5177803502911511, 0.0416707750419316, 0.12023417322209057, 0.5748398553784233, -0.11636982878698657, -0.07492522917413802, 0.10725059680290525, -0.47480311425033733, 0.5163117159834787, 0.017928868894591263], [-0.48988885778768837, -0.7659235556278725, -0.5943739493361377, -0.30062506781103737, 0.19274468174763187, -0.2229301796235318, 0.4344640836095283, 0.17319632789323297, 0.5503101626910538, 0.28784360119638497, -0.8456381202446122, 0.024151940498515156, 0.28829662075751367, -0.20874560053814473], [0.10030244366512185, -0.257799022605305, -0.22753647941636762, -0.4583674061024808, -0.1574057918264185, -0.5942720961973527, -0.39669951668236764, -0.06578951874213264, 0.15989345032983543, 0.6894567519053934, 0.5078834505226848, 0.4491063509380409, 0.559930339974704, 0.10348020148032651]], "inverted": false, "swapped": true, "error_lsq": 0.04211463039520268, "error_max": 0.23385470285684834, "target": "189.xyz", "model": "20.xyz", "model_rescale": 4.067790424073018, "target_rescale": 4.170769228793678},
{"mapping": [6, 8, 4, 12, 0, 1, 3, 15, 14, 9, 11, 10, 13, 2, 16], "R": [[-0.44177725014111835, 0.26449743190081576, -0.8572479045034903], [0.7779449317627747, -0.3629579010571722, -0.5128969147935908], [-0.44680481689700235, -0.8934778511961253, -0.04541789316547962]], "T": [0.08637263333590844, 0.01155801447628151, 0.012895876296581845], "aligned_model": [[0.41979211508852143, 0.08948983756158274, -0.1604872299155332, 0.35165997506458463, -0.7321809476041681, -0.4903127142908185, -0.5458983000407294, 0.4118188235794605, -0.28176163154737927, 0.7343768745864192, 0.3456527734111549, 0.18514882568917412, 0.6713368592298836, -0.2439350995540503, 0.013743792649412667], [-0.2986406635139613, 0.7634891620490781, -0.3906054564667973, -0.739926329811684, 0.03990452046041547, 0.368583755299163, -0.45960951731147964, 0.4815108172779185, 0.4272390064962348, 0.4439507265127442, 0.28414484825404346, -0.3779717530551337, -0.16573145238064527, 0.013870783058432052, 0.05068669305951923], [-0.6020540195300987, -0.005540532944905892, -0.3779067608905469, -0.06794202594452968, -0.16770256812242293, 0.19547423673521458, 0.10319694644801371, -0.4596930699435256, -0.3892535951612729, 0.06351151914665616, 0.6119000707056812, 0.5550798102939434, -0.02998816195610271, 0.6625605957640913, 0.04360712902094579]], "inverted": true, "swapped": true, "error_lsq": 0.03721879299544397, "error_max": 0.24242766825167825, "target": "189.xyz", "model": "21.xyz", "model_rescale": 4.186013935880536, "target_rescale": 4.170769228793678},
{"mapping": [2, 11, 10, 0, 14, 3, 1, 8, 12, 13, 15, 4, 16], "R": [[0.41361916970663193, -0.19190920391089214, -0.8899944044236929], [0.7009615838596066, -0.5566944990912679, 0.4458072370818513], [-0.5810095011307714, -0.808246306602022, -0.0957385369637645]], "T": [-0.046401357823841374, 0.0725490061303165, 0.030580375677020866], "aligned_model": [[0.10892823945014156, -0.4310285689849334, 0.21690126363186352, 0.36784478210859506, -0.19305599377852933, 0.6854190869133738, -0.04873797063466702, -0.68511739640153, 0.45251515712404927, -0.20463014453592965, -0.6043879313013218, 0.43587992463232367, -0.041956412800210195], [-0.31232027178942545, 0.05050269217424441, 0.26859135243812915, -0.5993772567048994, -0.3860305675836408, -0.22838163168779851, -0.6264646785993193, -0.3118491714905171, 0.6982048101029465, 0.6623744076285367, 0.17933655219366235, 0.1380946327830551, -0.013724209918880778], [-0.5685199082074514, -0.5626410554779145, -0.5590743726651122, 0.3140667426530573, 0.518673516201456, -0.031057659345492896, -0.03828642531747166, 0.1307299235714246, -0.00516855294661028, -0.019652961601048475, 0.5074017002191606, 0.4027503450419015, 0.01365826920944763]], "inverted": false, "swapped": true, "error_lsq": 0.037889605585805834, "error_max": 0.22004161058579713, "target": "189.xyz", "model": "22.xyz", "model_rescale": 4.166573947596378, "target_rescale": 4.170769228793678},
{"mapping": [12, 13, 11, 2, 10, 6, 9, 4, 3, 1, 5, 7, 8, 5, 14, 16], "R": [[0.5837095639468797, -0.7047261239720922, -0.40329174941748425], [0.29970399138271697, 0.6486126059281423, -0.6996279046610225], [0.7546261740134727, 0.2875113521626161, 0.5898106135628727]], "T": [-0.10740086324502096, 0.03755290923008211, -0.05620638724162575], "aligned_model": [[-0.8537479907117119, -0.3441766647353035, 0.34885179478009354, 0.1788005295566122, -0.2643102275443293, -0.6627156817629068, 0.24472323181992672, -0.6030545764928539, -0.4420626793935976, 0.3474135539537491, -0.275160262208049, 0.711602268574334, 0.5744694431361176, -0.275160262208049, 0.15424350824538974, -0.05248274398866558], [-0.005806841637100567, 0.3773073317848282, -0.10790814658305928, -0.6155057664028418, -0.40781535783239303, 0.5591529648674791, 0.5712447110719667, 0.0028245577724147694, -0.5959692491333828, -0.3280465736648895, 0.5377197329547851, -0.20430144028539343, 0.3202287150987437, 0.5377197329547851, 0.22469565092985316, -0.015832584274116816], [-0.34382898224605046, -0.5078233638425215, -0.5767929710035039, -0.20712333117170081, -0.5383683437901468, 0.015305704811623737, -0.5041088093421074, 0.302295061607033, 0.2852182796309698, 0.33475280691170006, 0.4797191362249571, -0.11247924963740732, 0.08835274560802206, 0.4797191362249571, 0.5492335673353445, -0.012810854157075176]], "inverted": true, "swapped": true, "error_lsq": 0.04104568094728511, "error_max": 0.38491320151895436, "target": "189.xyz", "model": "23.xyz", "model_rescale": 4.274766983524099, "target_rescale": 4.170769228793678},
{"mapping": [5, 13, 9, 8, 11, 7, 1, 2, 3, 10, 16], "R": [[-0.33704048815461213, 0.584420917220593, 0.7381435503068098], [-0.8589731258708966, 0.1300984793503627, -0.4952166744994603], [-0.3854463365711003, -0.8009535424640833, 0.4581534071008902]], "T": [0.12724490353581092, 0.12252098267113809, -0.08807648080263569], "aligned_model": [[0.3471204129102301, 0.10320216413257588, -0.4754379790040035, -0.507643085615384, -0.4332846358325469, -0.576989403568906, -0.061327832834614654, -0.029137886489563475, 0.7007328400999533, 0.20731314065196665, 0.10534696950836768], [-0.20863196518382948, 0.6823337433611794, 0.480962862247357, -0.22719827475978943, 0.38785426105330134, -0.19077325349918206, -0.4727739774385268, 0.03295272410342148, -0.16396478629583588, 0.5423455218426287, 0.05247967581275953], [-0.7264484097770623, -0.33603889936962617, -0.4311911255810122, -0.2889838003595896, 0.25213034567882825, 0.2838469705027034, 0.23353269357481882, 0.6181067426367512, 0.3798520930943144, 0.4342165671774229, -0.03945674355597158]], "inverted": true, "swapped": true, "error_lsq": 0.04192039506118229, "error_max": 0.23477463679328414, "target": "189.xyz", "model": "24.xyz", "model_rescale": 3.7841303162186577, "target_rescale": 4.170769228793678},
{"mapping": [4, 3, 1, 11, 2, 7, 10, 12, 3, 14, 6, 13, 8, 9, 15, 16], "R": [[-0.9672965631205459, 0.053886444292513144, -0.24785804424446167], [0.16444240300741692, 0.8772233275793802, -0.45104094009713314], [0.193121865847257, -0.47704872358289485, -0.8573963262456894]], "T": [0.01566196788402196, 0.007573639302535656, 0.06587000674840544], "aligned_model": [[-0.04091461227018298, -0.05831063624121637, -0.519608821226961, 0.24623364194736508, 0.05494469650854191, -0.3278464007182552, 0.5458165195065618, 0.6418793878132727, -0.05831063624121637, -0.6521781947357911, 0.19070421187308545, 0.4956508399622295, -0.47453490288839184, 0.18063724727302655, -0.26138303109161065, -0.04493676099767919], [0.1833555701856826, -0.43248287504769733, -0.4454982916599498, -0.3409385653931081, -0.7163084817698057, -0.5031996700395424, -0.40809358895304015, 0.1893583410977218, -0.43248287504769733, 0.16005563540666504, 0.6915234739537975, 0.35562009033555764, 0.05543377569694008, 0.336721720979132, 0.5999311394931041, -0.05618293086979935], [-0.5183403612107458, -0.590482015790783, 0.10560959879935279, 0.6365816188643042, 0.14086558695042284, 0.660461394607012, 0.025738958892990355, -0.3993685610858961, -0.590482015790783, 0.03800462396394225, -0.22930448658749414, 0.22055708434513605, 0.634347362557139, 0.7542591371980081, 0.4158269072719755, 0.06934518283267221]], "inverted": true, "swapped": true, "error_lsq": 0.042309914921045993, "error_max": 0.3851720267186578, "target": "189.xyz", "model": "25.xyz", "model_rescale": 4.19342608120988, "target_rescale": 4.170769228793678},
{"mapping": [3, 10, 2, 5, 1, 4, 8, 6, 11, 12, 13, 16], "R": [[0.7902042004824238, 0.3461826023968228, 0.5057024098594912], [-0.2524038465946658, -0.5680977909816375, 0.7832989200209588], [0.5584528805227439, -0.7466073303146354, -0.3615354402493659]], "T": [-0.04145509750482231, 0.06536253297400928, -0.10514943357170764], "aligned_model": [[-0.30826085971777634, 0.4878643814759562, 0.17499923448909546, -0.6257845178925703, -0.39685371711760603, -0.3874969734842633, -0.2246641495555898, -0.16124234927845912, 0.48562423945287664, 0.2590933731736542, 0.3741152306131032, -0.0795853375266401], [-0.6211615416807126, -0.3342041682443105, -0.5482397419440082, 0.49306661060719853, -0.3110656692886959, -0.03904446761527157, 0.37304884076581346, 0.5402099910577808, 0.0060555981734244785, 0.006535622741648914, 0.43642078522410443, 0.011154567944008778], [0.19051767593469687, 0.019834304181530538, -0.43349767157934094, 0.0977164941822819, -0.5798723603369328, 0.38957892520156784, -0.7665975782377528, 0.4828353033732414, -0.5731300506306949, 0.6350200546102001, 0.1499403882481235, -0.16308702373749956]], "inverted": false, "swapped": true, "error_lsq": 0.04238801601578521, "error_max": 0.25204807423296155, "target": "189.xyz", "model": "26.xyz", "model_rescale": 3.795458400668931, "target_rescale": 4.170769228793678},
