[{"mapping": [7, 13, 3, 12, 0, 8, 5, 2, 1, 9, 10, 6, 11, 14], "R": [[0.7601761389569477, -0.5734981053563825, 0.3053394191930458], [-0.1630125374836131, -0.623277448045749, -0.7648216363183848], [0.6289349333465748, 0.5316250049708138, -0.5672880253505457]], "T": [-0.027225020718567063, 0.14051354346351327, 0.03691206574741164], "aligned_model": [[0.10044025605110607, 0.2945264041812838, -0.3869117003538763, -0.435014729857871, -0.7315586855506945, -0.11538048049349153, -0.7534008539331013, 0.014661894623952225, -0.31562853364823, 0.2397368018309051, 0.6281149332242589, 0.2504676235198343, 0.5945316747832056, -0.01309250324897758], [-0.6115144113504586, -0.2815914970608554, -0.23589445082311258, -0.48161762970275757, 0.20769513681151971, 0.315883000621396, 0.1598340261690815, 0.38268613052884926, 0.8120448095236209, -0.07226787216636901, 0.43847283473887644, 0.7398084660077956, -0.19388847122815858, 0.05562325974060697], [0.27432847491976087, -0.3991121333046843, 0.4085190596470837, -0.2185764879323066, 0.48170792653778055, -0.5426263906380467, -0.19724407529722437, 0.709761890882974, 0.1546074198162285, 0.7759645945832114, 0.400712083301292, -0.16183441362175516, 0.13092013421853488, 0.08046000406698467]], "inverted": false, "swapped": true, "error_lsq": 0.03721566124794847, "error_max": 0.24794980913535936, "target": "19.xyz", "model": "0.xyz", "model_rescale": 3.8414455957264533, "target_rescale": 3.9282355846067225},
{"mapping": [11, 1, 12, 13, 5, 0, 3, 9, 4, 8, 10, 6, 7, 2, 14], "R": [[0.9726056235990298, 0.17266967569183278, -0.1556389541214533], [-0.02254737525469938, 0.7364416063618836, 0.6761252667133896], [0.2313653319161415, -0.6540939867600112, 0.7201604957728021]], "T": [0.06870980754357624, 0.06823933956858436, 0.053364436726599185], "aligned_model": [[-0.10344939641477456, -0.37707703101229395, 0.44473089756108447, 0.03680662900821231, 0.2986548271372604, -0.6074897547405331, -0.2027099397535983, 0.21524344410177698, -0.35912216195955565, 0.7132161928718843, 0.5836693742852794, 0.6620221625403108, -0.30735580034385934, 0.04063002375966437, 0.05828136984676021], [0.3674666693044001, -0.2715621039207344, 0.2675514449096914, 0.8055563832875665, -0.5423292398284865, 0.31378877434528185, -0.6206936832177679, 0.5423391874288284, -0.22451460222063513, 0.5070984131440044, -0.2579526073366737, -0.19178685193051698, 0.3193951118715414, -0.31826093365123576, 0.021515542849314853], [-0.7257951205924227, -0.6056552630864487, -0.5800172557729656, -0.12039621727818645, 0.1463917595924995, -0.03594959663205127, -0.20174238978271503, 0.5216238814891837, 0.2179006646101152, -0.07437212934644671, -0.257757338155431, 0.48970604937240697, 0.5099281658359979, 0.6814040789165517, -0.02261012200675884]], "inverted": false, "swapped": false, "error_lsq": 0.045262507188986986, "error_max": 0.35053217326362446, "target": "19.xyz", "model": "1.xyz", "model_rescale": 4.316132596720782, "target_rescale": 3.9282355846067225},
{"mapping": [12, 3, 7, 6, 13, 8, 10, 1, 9, 5, 2, 14], "R": [[0.27252058903340887, 0.842754544369473, -0.46421687442130477], [0.23297592349466073, -0.5259204183718245, -0.8180036262825581], [-0.9335174061712473, 0.11477147504587876, -0.33966566045318647]], "T": [-0.10950897739222071, 0.016434741899591966, -0.021389607232792478], "aligned_model": [[-0.031091360315272182, 0.44964398201233274, 0.20814804158006817, -0.5296433094910415, -0.5382728798956866, -0.6219124060284651, -0.12617925163534927, -0.02923243363571157, 0.4770166334017038, -0.016895002551547245, 0.414976791247942, -0.05875025005719253], [-0.7310148666673907, -0.28750136531991166, -0.5641958021892673, 0.562851787990412, -0.4406283742138348, -0.03502195524161401, 0.5596483240301304, 0.6041085354062093, 0.12737597214604196, -0.20963572277067008, 0.4704183643277933, -0.0436284697569178], [0.21052374846616337, 0.04279804191008501, -0.46879681395544837, 0.004750910098961822, -0.302580948882687, 0.30904281953969903, -0.6174112120499948, 0.4215304903964486, -0.574944425863433, 0.7016930414690677, -0.20011428893258468, -0.07723290098685659]], "inverted": false, "swapped": true, "error_lsq": 0.05336288519888847, "error_max": 0.30366364434593013, "target": "19.xyz", "model": "2.xyz", "model_rescale": 3.795458400668931, "target_rescale": 3.9282355846067225},
{"mapping": [5, 8, 13, 10, 3, 9, 4, 1, 6, 2, 7, 14], "R": [[0.037146454568405894, 0.040573367574749275, -0.9984858250153792], [0.5635901519299474, 0.8242573438944618, 0.05446073524683814], [0.8252189294730075, -0.5647598010479249, 0.0077514875818879905]], "T": [0.011266897308791726, -0.026275153434894925, -0.03374961294350059], "aligned_model": [[0.10004753152733813, -0.1881755993864957, -0.6609132250022468, 0.2553400407040855, 0.07067502778469299, 0.22720719601360856, -0.24401632154100739, 0.6614914451765246, 0.2453542101881147, 0.5874069743860797, -0.4325986004450032, -0.028514853662125944], [-0.19707088812869078, -0.5788186819800795, -0.09410522042291536, 0.039872838483158146, 0.510383695949379, 0.6670511180405774, -0.35261889983512745, -0.36330333831992423, -0.5732550936288379, 0.3283681659673602, 0.6378115328483491, 0.06145381631646041], [-0.7723161544168293, -0.2049483091897222, 0.09029357309468361, 0.7321834070403984, -0.3767032497459273, 0.33423361302227367, 0.5597125816833447, -0.14146713184897383, 0.3152258115314619, 0.20166425745608552, -0.02021033438917438, -0.02889663359852044]], "inverted": false, "swapped": true, "error_lsq": 0.047113095046341154, "error_max": 0.2843026579169627, "target": "19.xyz", "model": "3.xyz", "model_rescale": 3.7530521520055578, "target_rescale": 3.9282355846067225},
{"mapping": [13, 10, 9, 2, 7, 1, 12, 8, 5, 0, 14], "R": [[0.4900336115405884, 0.7800980541497937, -0.38899111233059497], [-0.34498047955239386, -0.23625666333729306, -0.9083893756294872], [-0.8005345266059976, 0.5793356668982454, 0.15334489483278252]], "T": [-0.18472447272592155, -0.04418620900125519, -0.04654347302054469], "aligned_model": [[-0.5450849991307557, -0.04838056082071654, 0.5180918977099747, 0.37701264688654634, 0.21656442226910186, -0.19818670945978764, -0.17973487488186485, -0.761602001248519, -0.27023897085117793, 0.3533278875231475, -0.12356913555074382], [-0.6286888001040278, 0.02146400553233741, -0.21553084115096544, 0.27265045197305354, -0.7302707622125263, 0.69589505343109, -0.4823517999730266, 0.04884979470562654, 0.22618064669434512, 0.3776325380217938, -0.11862692860335414], [-0.06417182585230805, -0.8388193304599756, -0.41995122922785416, -0.3583044415524077, 0.033869384516164294, -0.05557215589865307, 0.6066028072017545, 0.13497036425235254, 0.6620627322425586, 0.43409281146824547, -0.041948339444560646]], "inverted": false, "swapped": true, "error_lsq": 0.04862605816890795, "error_max": 0.2230669251920171, "target": "19.xyz", "model": "4.xyz", "model_rescale": 3.7855080009869324, "target_rescale": 3.9282355846067225},
{"mapping": [13, 15, 12, 6, 3, 8, 9, 4, 10, 1, 2, 0, 7, 5, 16], "R": [[-0.343650023771778, -0.9218188102957894, -0.1793174340283524], [-0.6702914856640885, 0.10703403700163733, 0.7343385044850649], [-0.6577339776899822, 0.3725503937831608, -0.6546695492262691]], "T": [0.07429003116796418, 0.0901500079275193, -0.08821514214344128], "aligned_model": [[-0.17088873502436966, -0.5171832579702929, 0.4604316637738315, -0.08517125715779242, 0.2576452347580338, -0.6014881744978818, -0.01188848272791411, 0.31895767864313423, -0.4752703780582359, 0.7829463058740042, 0.6034722122879635, 0.6504488055723401, -0.29660558441196244, 0.09487417405688416, 0.08577063176987608], [0.5067057438271215, -0.23198633326163426, 0.29807751884590517, 0.7088701580690162, -0.5238499650294446, 0.2427832250969843, -0.6041808568879987, 0.5068606801452482, -0.29520763686519524, 0.3413082401886176, -0.409193437602753, -0.01055604920291138, 0.3202233205932759, -0.18354509506008626, 0.05130199217843276], [-0.6278783059530016, -0.5633000109901486, -0.6085285599811067, 0.04533088513305983, 0.17974289174345726, -0.21205694335437708, -0.2200936208891236, 0.47168729739773674, 0.19541686642616346, 0.0002708210179998283, -0.2163089756005129, 0.4278984500575428, 0.5207776205545246, 0.6732114979745915, -0.12351074637347625]], "inverted": false, "swapped": false, "error_lsq": 0.03808716128403496, "error_max": 0.28578510088020387, "target": "19.xyz", "model": "5.xyz", "model_rescale": 4.2253639853439635, "target_rescale": 3.9282355846067225},
{"mapping": [13, 4, 9, 7, 11, 2, 3, 12, 6, 8, 10, 0, 5, 14], "R": [[0.7916391221557489, -0.2141619705852314, -0.5722256116493966], [0.5588942546791229, 0.6322391286176895, 0.5365732907361422], [0.24686982877448427, -0.7445860155816757, 0.6201991237022685]], "T": [0.06422675314045817, 0.07872183106469544, 0.0362701781715799], "aligned_model": [[0.38289712480536564, -0.1636436391022673, -0.5122348792109239, 0.15824085062787946, -0.19645174391076653, -0.5426838540539416, 0.16507699855431993, 0.7445515336064896, -0.2125694653509329, 0.4458649626938547, -0.6856652578350644, 0.10662262892000546, 0.6209329447382363, 0.0631239482755289], [-0.2049467966823031, 0.17192135090337826, -0.4554241168343417, -0.714608092840323, -0.3973622843289671, 0.028271893084903854, -0.31945383014057743, -0.28831255857138327, 0.6287978735629038, 0.477803427156311, 0.05796294103129618, 0.127681752789456, 0.34995361934968794, -0.017186031845051006], [-0.5020559782385188, -0.6443589961466758, 0.24869258443985212, 0.03628939115392116, -0.4248526352022037, 0.4134217145870459, 0.5266115025659378, 0.1813839076213833, -0.27448370002061095, -0.22731436365791602, -0.2600939350792895, 0.8694857273894692, 0.48241505760665543, 0.046417931912398486]], "inverted": true, "swapped": true, "error_lsq": 0.04138352062808, "error_max": 0.26281530331526964, "target": "19.xyz", "model": "6.xyz", "model_rescale": 3.89814844738969, "target_rescale": 3.9282355846067225},
{"mapping": [11, 10, 6, 7, 8, 2, 9, 13, 3, 0, 1, 5, 14], "R": [[0.42529511770607636, 0.8481929940550468, -0.3157415203791071], [0.21583012901666054, 0.24375062633883932, 0.9455173121461475], [0.878943353273706, -0.470270429641668, -0.0793996520182219]], "T": [0.047288437512740644, 0.051569187816998305, 0.022684075809146], "aligned_model": [[0.00507390771655819, -0.002915235212031561, 0.511391310572845, -0.40076199777166055, 0.6070749175189287, -0.4594010854913117, -0.6225940308160833, 0.3716569002138232, -0.5137817879742836, -0.5107814740213494, 0.10620274818711067, 0.07585985294346342, -0.018392224961786524], [-0.4219408726151978, 0.2162890636057414, 0.45629923642980974, -0.6085756851836451, 0.08170596994080796, 0.44127757911268434, -0.025348505536162205, -0.5515442568246769, -0.07775881063942884, 0.45372921733776317, 0.7850037115720893, 0.23296700670222753, -0.018322388431526768], [-0.5076457922092318, -0.7653182091040333, -0.28807287565025347, -0.018188569701982214, 0.2678809868564155, -0.3006146402715719, -0.4334785410172386, -0.030729593954078215, 0.30129440309853295, 0.4973080534725893, 0.10383780214227518, 0.7635026944396998, 0.012499312735172635]], "inverted": true, "swapped": true, "error_lsq": 0.04679641889040339, "error_max": 0.26593262276852936, "target": "19.xyz", "model": "7.xyz", "model_rescale": 3.7474275329858107, "target_rescale": 3.9282355846067225},
{"mapping": [2, 4, 8, 3, 11, 1, 13, 6, 12, 5, 9, 7, 0, 10, 14], "R": [[0.3306658999587393, 0.5869050791803, -0.7390551336922321], [0.3573815690545571, 0.6469143987041083, 0.6736320767669879], [0.8734634947750136, -0.486871840201986, 0.004163473760216012]], "T": [0.01945972775262972, 0.008367862581263825, 0.017522467567491654], "aligned_model": [[-0.37336052543376586, -0.0670021597809502, 0.33350731099876596, 0.1672200463522716, 0.2838829661917236, -0.6781366827616159, -0.3552524215848404, 0.3598404051624041, -0.3353135417926788, 0.647464217936098, 0.7052468434739044, 0.5855828744918328, -0.2366413920903478, 0.07858547336805244, -0.01957257764323589], [0.4252394675139819, -0.13892245814220144, 0.19668683532506695, 0.7053681952785781, -0.523497080523833, 0.2870980352020988, -0.6802766748635517, 0.5416529373725003, -0.45581919017572364, 0.3515123967708748, -0.2821953646516367, -0.05329316313612458, 0.46866854311391065, -0.1247595237948414, 0.00014854974547989612], [-0.5993241985799734, -0.7460584052094756, -0.5579081501602277, -0.0630502415329106, 0.20104355316547168, -0.0041699034014047315, -0.4223312977669411, 0.5339390841172627, 0.21578725533443016, -0.012203833700655902, -0.14250716399833865, 0.39112671347162953, 0.4134375311143547, 0.7618641934504022, -0.02698596914029436]], "inverted": true, "swapped": false, "error_lsq": 0.04322166888764846, "error_max": 0.3820169409979653, "target": "19.xyz", "model": "8.xyz", "model_rescale": 4.019505241142653, "target_rescale": 3.9282355846067225},
{"mapping": [11, 12, 3, 9, 10, 2, 0, 4, 6, 8, 5, 1, 14], "R": [[-0.4004920694328992, 0.02854646391161758, 0.9158554480481604], [0.7642154201607737, -0.5410558705153142, 0.35104606046701015], [0.5055500904063275, 0.8405020192593581, 0.1948729373491757]], "T": [-0.08074340179120897, -0.07868355113890298, 0.044850640246519594], "aligned_model": [[-0.2024071390017282, -0.6969828130897671, -0.06030373084215738, 0.350223413004264, 0.41592364071592114, 0.5879635153492697, 0.27050948555885956, -0.1659079429140075, 0.17170821051506052, -0.40814361345711847, -0.27510686075635976, 0.4348836468730245, -0.10265904021408524], [-0.717552993268977, 0.2921556869387099, 0.2617000770362247, -0.3525660699965508, -0.7141175811461125, -0.10285012417658053, 0.6310207967986831, -0.7224847865636681, -0.3236958211451174, 0.015565604279434167, 0.6459864498049964, 0.2474832707868092, -0.09726628123379258], [-0.24547225538725997, -0.27349083055321044, -0.49632442302500274, -0.5891833937959899, 0.05693739577988739, -0.21083666585974303, -0.2223267976549696, 0.36443491597524574, 0.6381506848306056, 0.5530994495177924, 0.18488619193531736, 0.464048654192839, -0.04721943191163264]], "inverted": true, "swapped": true, "error_lsq": 0.04694471774934128, "error_max": 0.271342310076141, "target": "19.xyz", "model": "9.xyz", "model_rescale": 3.877068213659057, "target_rescale": 3.9282355846067225},
{"mapping": [1, 8, 11, 5, 14, 7, 9, 3, 2, 12, 10, 6, 4, 13, 15], "R": [[-0.8860350402623722, -0.4402510001408276, -0.14533053465207432], [-0.4320275855221419, 0.6703139354169552, 0.6033501415709974], [-0.16820842064285937, 0.5973761669675441, -0.7841222113701408]], "T": [0.10430522574905207, 0.053068837089670945, 0.016402150493668284], "aligned_model": [[-0.34454182495488694, -0.2692981786271421, 0.4752535290646621, 0.14043046052748054, 0.2234027929600244, -0.6849156818561822, -0.04806477313122173, 0.2147802713528925, -0.3983704548965433, 0.7088268972685996, 0.6068844980607122, 0.6318538973211708, -0.3901159276418269, 0.10295717282787342, 0.12696815861200567], [0.7036589738455733, -0.11678947367540352, -0.06588837665854808, 0.8308958860883732, -0.6831469364348296, 0.1798265033010219, -0.5406324245761083, 0.4965387137080449, -0.3375427566263074, 0.4458569966807484, -0.4259208020798121, 0.046562067009378094, 0.356186684874395, -0.27362272622561756, 0.10162917580367072], [-0.34161378383572244, -0.6369672598024146, -0.6104166541287159, -0.05197541527686499, 0.24732129421444105, -0.1489744575022347, -0.22843963359830496, 0.4567327939414512, 0.2037390152364514, -0.17972593536298975, -0.1291786864006453, 0.33570551125027365, 0.3653405020386951, 0.7170513502902612, -0.055939473900351915]], "inverted": true, "swapped": false, "error_lsq": 0.04021091685354472, "error_max": 0.2618210171789156, "target": "19.xyz", "model": "10.xyz", "model_rescale": 4.260839863003843, "target_rescale": 3.9282355846067225},
{"mapping": [0, 9, 10, 2, 6, 1, 5, 3, 11, 4, 8, 14], "R": [[-0.18454752849049844, 0.7779117378764724, 0.600662582322268], [-0.9661767052500543, -0.2556052713999453, 0.03418361397965736], [0.180124356932089, -0.5740376932802993, 0.7987715209828369]], "T": [0.10686139169844872, 0.10147820271015, 0.05053209401247883], "aligned_model": [[0.310060195606979, 0.16181953326404477, -0.4453731496098757, -0.160514077513973, -0.5443128415620768, -0.3958939727949569, 0.3919874175860316, 0.5798456612419008, 0.1579188712687533, -0.28066739758179565, 0.00714224924936957, 0.17688615993972964], [0.18836181938454732, -0.678377304632394, -0.4678904452176719, -0.36566147836090884, 0.26695529500999804, 0.3734110821230005, 0.7050625450737289, -0.08374871065765584, -0.42646994121250376, -0.019492576148307503, 0.6455099981704022, 0.03541822200069855], [-0.7554481284003277, -0.1765101405126045, 0.19701417962752799, -0.4221409849967377, 0.20660009769890333, -0.4198640969831378, -0.3194987306505408, -0.33821733031350987, 0.5258293734885533, 0.6497437821774638, 0.3122115776926737, 0.056458478567241066]], "inverted": false, "swapped": true, "error_lsq": 0.05246057498174692, "error_max": 0.3008569050482692, "target": "19.xyz", "model": "11.xyz", "model_rescale": 3.890672605050136, "target_rescale": 3.9282355846067225},
{"mapping": [13, 12, 7, 4, 11, 1, 5, 6, 8, 0, 9, 3, 2, 14], "R": [[-0.6336440198021495, 0.4169448762439742, -0.6516534557131347], [-0.5221696845582484, -0.852020878897593, -0.037406449322445856], [-0.5708187774568324, 0.31657130649582005, 0.7575939091665251]], "T": [0.09162227263354916, -0.08697332408131449, 0.11386224460544928], "aligned_model": [[0.6159149458391182, -0.021534742442678, 0.42032541407675217, 0.6931276361110011, 0.7596764601249792, -0.42587847133692347, -0.5377509470357742, 0.18050754981478478, 0.0623370779956432, -0.6649314415377878, 0.26740060453874653, -0.18219547236890288, -0.08236422241343244, 0.12524144342816695], [-0.17207962028672452, 0.15268576746833695, 0.5681389028721274, -0.44677463603161965, 0.15019229781219184, -0.4073440572503603, -0.2191336089262253, -0.6467503168225842, -0.6335048388127189, 0.26435622016293264, 0.5905817417459401, 0.4670726719711646, 0.26498181575267743, -0.000269819827372883], [-0.3216694511290181, -0.626659905193696, -0.20393208190169151, 0.29442096834612785, 0.1824164796010809, 0.5352155372881825, -0.29718121983413637, 0.5069486190971977, -0.1597000605501325, 0.16521070701244475, 0.529511491831322, -0.051080534457757815, 0.7130160160810932, 0.08827386916584441]], "inverted": true, "swapped": true, "error_lsq": 0.04835919785944023, "error_max": 0.2780485968120764, "target": "19.xyz", "model": "12.xyz", "model_rescale": 4.124412569039231, "target_rescale": 3.9282355846067225},
{"mapping": [5, 8, 6, 12, 1, 0, 13, 3, 4, 7, 2, 10, 14], "R": [[0.3806538846855366, -0.2560255714599918, -0.8885682454557979], [0.3124888651321694, -0.8687642938592576, 0.38418655739579816], [-0.8703179472136717, -0.42390978813163865, -0.2506933630632654]], "T": [0.10077992390059215, 0.14602901177947356, -0.007452522649003045], "aligned_model": [[-0.1461567485613417, -0.12946688513839816, 0.49157679256474013, -0.6051029681831255, 0.6465731774564705, 0.30701418410148756, -0.4390246111698181, -0.025335736728053004, 0.15612147905835672, -0.31838669905560507, 0.7045528355387596, 0.6613435700719019, 0.06358991755438287], [-0.35650307595351327, 0.38539235244536935, 0.5968586076623026, -0.20076057147933316, -0.024787730528721102, -0.6565696181219178, 0.5481959967772772, -0.4144428750186756, 0.8653622381581932, -0.007725963868287639, -0.09576610619499251, 0.5878906107014082, 0.12034151192936812], [0.5112164476758742, 0.5064368157247795, 0.33866632230390276, -0.016417575533574796, 0.4625627843952998, 0.10092415785320101, -0.1441511946080971, -0.2887270288493136, -0.06545390877439788, -0.6699249890366327, -0.3076563781929818, -0.38312175648720836, -0.09265561550301203]], "inverted": false, "swapped": true, "error_lsq": 0.04361716643451878, "error_max": 0.23849213661944946, "target": "19.xyz", "model": "13.xyz", "model_rescale": 3.9028299243045295, "target_rescale": 3.9282355846067225},
{"mapping": [13, 14, 10, 5, 6, 12, 9, 0, 1, 4, 7, 3, 8, 2, 15], "R": [[0.5403208784775259, 0.7738915015322559, -0.3303714457053232], [-0.8292824875665689, 0.5562939763174725, -0.053174878733278835], [0.1426320584464734, 0.30270275150557513, 0.942351919472909]], "T": [0.0308659790854078, 0.041738105865610484, 0.05303444491186894], "aligned_model": [[-0.308634516251691, -0.2575279253845826, 0.3590786869015932, -0.0036176862668435075, 0.1775902372130318, -0.6263491963804315, 0.1331440459205957, 0.4463388303598361, -0.3585172261538119, 0.6058731069020125, 0.7088919501444877, 0.5390188223541171, -0.23902930185586577, -0.15449550659523623, 0.0742865159804062], [0.48522221107698343, -0.14602926593072646, 0.17418919198712257, 0.5358680333037008, -0.5815226184430563, 0.2513059726690845, -0.5987376325927731, 0.4729118380645067, -0.4259264760811401, 0.3917956613309415, -0.3560176230838737, -0.11388162084990043, 0.6473716925958675, 0.02432774394893383, -0.04326560296109204], [-0.5132804974002392, -0.76220970424604, -0.6027747729725501, -0.07638087600901015, 0.2385777656226168, -0.03856146821602886, -0.37143638088692166, 0.6263475633387021, 0.28078280168532366, -0.025640739895312556, -0.397186743499368, 0.3789986051704276, 0.4491047107833413, 0.7654162024548167, -0.009097298766428306]], "inverted": true, "swapped": false, "error_lsq": 0.04018002025025893, "error_max": 0.28007141384238327, "target": "19.xyz", "model": "14.xyz", "model_rescale": 3.942246331269136, "target_rescale": 3.9282355846067225},
{"mapping": [11, 13, 4, 6, 1, 8, 12, 9, 0, 4, 3, 5, 7, 2, 14], "R": [[-0.8726242694428725, 0.3575268803748338, 0.3327182204038911], [-0.46306627534009237, -0.8222071284830632, -0.33097592437258844], [0.15523050287216972, -0.44288821126902317, 0.8830365356523922]], "T": [0.12658214542601048, 0.11896506500259774, -0.03069095080656848], "aligned_model": [[-0.13647273069936394, -0.04541231339683871, 0.4939753746328481, -0.15538935049663682, 0.2590221755492006, -0.6397668690030363, -0.01364195186231626, 0.3295765359961417, -0.36850250421619424, 0.4939753746328481, 0.6409058580319158, 0.4857972138114382, -0.3609383894748049, 0.029587988748085603, 0.0833344246343313], [0.5551039638255035, -0.1010632592622592, 0.1910878017180245, 0.5953428767135783, -0.6575445183883954, 0.21750403830950762, -0.5996592667374407, 0.6630950435327884, -0.22107981801381477, 0.1910878017180245, -0.36332479645308235, -0.1485830418227413, 0.417993043158535, -0.06843757307407228, 0.04608920981042308], [-0.5353651206793262, -0.7941929410860636, -0.48178351658908497, 0.0489686081617239, 0.15939834690251647, -0.0735883296430439, -0.3939987136380354, 0.5268735297642055, 0.393547366759475, -0.48178351658908497, -0.17003060305597537, 0.41893345174309704, 0.6048289186381517, 0.7028758855837696, 0.017975800891004916]], "inverted": true, "swapped": false, "error_lsq": 0.04699469954677018, "error_max": 0.41285994543750515, "target": "19.xyz", "model": "15.xyz", "model_rescale": 4.355366556412066, "target_rescale": 3.9282355846067225},
{"mapping": [12, 3, 7, 6, 13, 8, 10, 1, 9, 5, 2, 14], "R": [[0.27252058903340887, 0.842754544369473, -0.46421687442130477], [0.23297592349466073, -0.5259204183718245, -0.8180036262825581], [-0.9335174061712473, 0.11477147504587876, -0.33966566045318647]], "T": [-0.10950897739222071, 0.016434741899591966, -0.021389607232792478], "aligned_model": [[-0.031091360315272182, 0.44964398201233274, 0.20814804158006817, -0.5296433094910415, -0.5382728798956866, -0.6219124060284651, -0.12617925163534927, -0.02923243363571157, 0.4770166334017038, -0.016895002551547245, 0.414976791247942, -0.05875025005719253], [-0.7310148666673907, -0.28750136531991166, -0.5641958021892673, 0.562851787990412, -0.4406283742138348, -0.03502195524161401, 0.5596483240301304, 0.6041085354062093, 0.12737597214604196, -0.20963572277067008, 0.4704183643277933, -0.0436284697569178], [0.21052374846616337, 0.04279804191008501, -0.46879681395544837, 0.004750910098961822, -0.302580948882687, 0.30904281953969903, -0.6174112120499948, 0.4215304903964486, -0.574944425863433, 0.7016930414690677, -0.20011428893258468, -0.07723290098685659]], "inverted": false, "swapped": true, "error_lsq": 0.05336288519888847, "error_max": 0.30366364434593013, "target": "19.xyz", "model": "16.xyz", "model_rescale": 3.795458400668931, "target_rescale": 3.9282355846067225},
{"mapping": [11, 10, 6, 7, 8, 2, 9, 13, 3, 0, 1, 5, 14], "R": [[0.42529511770607636, 0.8481929940550468, -0.3157415203791071], [0.21583012901666054, 0.24375062633883932, 0.9455173121461475], [0.878943353273706, -0.470270429641668, -0.0793996520182219]], "T": [0.047288437512740644, 0.051569187816998305, 0.022684075809146], "aligned_model": [[0.00507390771655819, -0.002915235212031561, 0.511391310572845, -0.40076199777166055, 0.6070749175189287, -0.4594010854913117, -0.6225940308160833, 0.3716569002138232, -0.5137817879742836, -0.5107814740213494, 0.10620274818711067, 0.07585985294346342, -0.018392224961786524], [-0.4219408726151978, 0.2162890636057414, 0.45629923642980974, -0.6085756851836451, 0.08170596994080796, 0.44127757911268434, -0.025348505536162205, -0.5515442568246769, -0.07775881063942884, 0.45372921733776317, 0.7850037115720893, 0.23296700670222753, -0.018322388431526768], [-0.5076457922092318, -0.7653182091040333, -0.28807287565025347, -0.018188569701982214, 0.2678809868564155, -0.3006146402715719, -0.4334785410172386, -0.030729593954078215, 0.30129440309853295, 0.4973080534725893, 0.10383780214227518, 0.7635026944396998, 0.012499312735172635]], "inverted": true, "swapped": true, "error_lsq": 0.04679641889040339, "error_max": 0.26593262276852936, "target": "19.xyz", "model": "17.xyz", "model_rescale": 3.7474275329858107, "target_rescale": 3.9282355846067225},
{"mapping": [1, 8, 5, 4, 2, 9, 0, 12, 10, 3, 11, 13, 7, 14], "R": [[-0.7389806789296891, 0.34932044517127053, -0.5760926859056287], [-0.5283116558258666, 0.2301708456983821, 0.8172564934639691], [0.4180841428314962, 0.9082932391996744, 0.014458254978251706]], "T": [0.06263578429303397, -0.038058929915399276, -0.0980664836900148], "aligned_model": [[0.5693448664967923, 0.17786642986813636, 0.7392376283890548, -0.5102630034329384, 0.13862221284629828, -0.2255430983670006, 0.767600868560871, 0.21933386594377485, -0.4323950208715749, 0.2885240661973998, -0.630895746669195, -0.4049128238727182, -0.303984573947565, 0.02231197674154109], [-0.4936519603823738, 0.2576483313497922, 0.31275391270572805, -0.13850550857349198, -0.6683988248393755, -0.46646767279612833, -0.18340477824700557, 0.6744003464957226, -0.6725781083712384, 0.07068855321521499, -0.04980561055637184, 0.4522575350934339, 0.2789477539327815, -0.013475727515454148], [-0.3873136453666494, -0.6212010437957335, -0.13898120235778763, -0.5288385846322183, 0.23363615773862423, 0.531347582348512, 0.3265997970680475, 0.19597694036369795, -0.15220114331868612, 0.49040417198973596, 0.06354924519771007, -0.21121156738212638, 0.5369983117267755, -0.01397030091824672]], "inverted": false, "swapped": true, "error_lsq": 0.03315034239498772, "error_max": 0.1898696108289691, "target": "19.xyz", "model": "18.xyz", "model_rescale": 3.922800546911778, "target_rescale": 3.9282355846067225},
{"mapping": [0, 1, 2, 3, 4, 5, 6, 7, 8, 9, 10, 11, 12, 13, 14], "R": [[1.0, 0.0, 0.0], [0.0, 1.0, 0.0], [0.0, 0.0, 1.0]], "T": [0.0, 0.0, 0.0], "aligned_model": [[-0.2666214328143114, -0.25468276493406, 0.4155430255752908, 0.021650610857777544, 0.296329248826491, -0.7024399989687117, -0.011595867666008917, 0.3689575558246725, -0.4600930776866722, 0.7024399989687117, 0.6784092355465983, 0.5862812833896164, -0.36926250189376836, 0.03916531905644201, 0.0519702028055504], [0.5985258519660271, -0.19058163235771186, 0.18274101299142695, 0.6384418133748676, -0.6145125204454033, 0.27993518370158815, -0.6384418133748676, 0.5217227698947138, -0.3668439733214907, 0.37241856260677053, -0.36814234249771444, -0.09817401265627208, 0.4858028519160364, -0.15323664709897042, 0.06795640033557883], [-0.5187701338447145, -0.6684297678808582, -0.554128756566907, -0.03274974151349915, 0.24172396984562872, -0.10367285546617032, -0.2608167147649757, 0.47946500647276286, 0.16772153446747992, -0.1750018513894264, -0.23416398537922442, 0.39227507281854546, 0.49624070604084214, 0.6684297678808582, 0.04453691644298726]], "inverted": false, "swapped": false, "error_lsq": 0.0, "error_max": 0.0, "target": "19.xyz", "model": "19.xyz", "model_rescale": 3.9282355846067225, "target_rescale": 3.9282355846067225},
{"mapping": [9, 11, 4, 7, 3, 13, 12, 8, 0, 1, 10, 2, 6, 14], "R": [[-0.4496894844344765, -0.8642550407631153, 0.22548301954825986], [-0.8798703303835478, 0.3852111734484904, -0.27828142870336087], [0.153647548954747, -0.3235360511071112, -0.9336577822383401]], "T": [0.05065015131367546, -0.0035988324655513437, 0.022907983618487233], "aligned_model": [[-0.6265542955531977, -0.03969562352462017, 0.5029941982110067, -0.4580564980785229, -0.5182469667697123, 0.31619302628211443, -0.0912600953534132, 0.6124142813621296, -0.4637058348443137, 0.17916988659551686, 0.010945524674367192, -0.4190966444988471, 0.5488315061152831, -0.021409645533114634], [-0.4294953896866336, -0.6664309333053928, -0.5683145273128775, -0.2606864056150794, 0.23240000237276745, -0.2830992941213677, 0.3703464010673635, 0.21323723013419577, 0.6059163955021434, 0.33308639261547357, -0.677160046028604, -0.14462518955241238, -0.1667504446453766, -0.035542103999363944], [0.1737371770988792, -0.22149917632965144, 0.041567735005145524, -0.5368549516093685, -0.14974734522043764, -0.5455814360788954, -0.6543220281023557, -0.085691455462757, 0.2726513359941007, 0.6695212844336428, 0.4648802468547756, 0.5449984711955581, 0.4711988056127262, -0.032675506147679716]], "inverted": false, "swapped": true, "error_lsq": 0.045305011683811576, "error_max": 0.30159410557298005, "target": "19.xyz", "model": "20.xyz", "model_rescale": 4.067790424073018, "target_rescale": 3.9282355846067225},
{"mapping": [4, 8, 5, 6, 9, 2, 7, 11, 0, 13, 1, 10, 3, 12, 14], "R": [[0.029763211835587944, 0.5256800623552872, 0.8501615277483283], [-0.6359321996155277, -0.6462424620227679, 0.42185414276845523], [0.7711707908844752, -0.5532008245844298, 0.3150626270532899]], "T": [0.048428380527814605, 0.09561062178035587, -0.02991005970209893], "aligned_model": [[-0.29130390323407274, -0.06531684947898848, 0.3075090505064506, -0.07702118247804356, 0.38122890600424914, -0.6412352121674207, -0.044029531961911575, 0.29044546631078355, -0.5641819749537815, 0.7156135293444597, 0.5811126036603953, 0.7639037459433713, -0.4247964166847911, 0.05728229688551727, 0.10684030919140122], [0.4335638360986689, -0.1753183353901425, 0.21577392428705278, 0.8242664231407808, -0.5374008363130195, 0.36937169139588955, -0.6258380586388522, 0.4063534311608312, -0.2583586506008294, 0.30690818517875185, -0.4457082082960693, -0.11234449068835686, 0.4086163911404066, -0.1620946465363847, 0.06982084909585168], [-0.6724379540678855, -0.5186097829906018, -0.5465376896561995, -0.05957540953667483, 0.2743763245381399, -0.08595412462062182, -0.19612465938639806, 0.4828266081758641, 0.03231803754991191, -0.04837142415898719, -0.34059727203815293, 0.31087798914244225, 0.6039911126435838, 0.6915630650535048, 0.01491434651540404]], "inverted": false, "swapped": false, "error_lsq": 0.040609353640428184, "error_max": 0.24194719680743185, "target": "19.xyz", "model": "21.xyz", "model_rescale": 4.186013935880536, "target_rescale": 3.9282355846067225},
{"mapping": [0, 5, 1, 9, 7, 2, 3, 12, 6, 8, 13, 11, 14], "R": [[-0.6745223373431959, 0.27954375345841953, 0.6832824498898319], [0.3117793001992776, 0.9468162236971973, -0.0795783042733871], [-0.6691885267936987, 0.15935598026480657, -0.7258046480710371]], "T": [0.03136149206103271, 0.09013721682411763, 0.02613474273206308], "aligned_model": [[0.03867174479594247, -0.4498662671937096, 0.3695745124031146, 0.5206413729126977, -0.19322276062392169, 0.6391968905977664, -0.11012978455927903, -0.6925900318336083, 0.38022372501187435, -0.2910338058299377, -0.356110607265719, 0.18623057287740608, 0.016988474130598705], [-0.43471257393756974, 0.035846184585067095, 0.29679530504923984, -0.4954073221466831, -0.4807166823691584, -0.2565392795242954, -0.5237062311630263, -0.21521040655992058, 0.6774842832330599, 0.5942655354211819, 0.27620573204869836, 0.031516181601000365, 0.013135933308499353], [-0.6241897093833737, -0.5637856313242948, -0.5990751511260475, 0.3098352485304078, 0.5378951928260784, -0.1270987325697297, -0.08488635250985252, 0.06178673441359457, -0.06918754172689263, -0.10156241584207358, 0.5619123334407686, 0.718827138247754, 0.08240844835900685]], "inverted": true, "swapped": true, "error_lsq": 0.043545497881468345, "error_max": 0.3053471912458153, "target": "19.xyz", "model": "22.xyz", "model_rescale": 4.166573947596378, "target_rescale": 3.9282355846067225},
{"mapping": [14, 13, 7, 9, 1, 12, 5, 3, 6, 8, 0, 4, 11, 2, 15], "R": [[0.7332235708150353, 0.6732946953940756, 0.09517062758775989], [-0.48277791242510537, 0.6140128660125183, -0.6244306908260921], [-0.4788618615798363, 0.41190102394300077, 0.7752605136333216]], "T": [0.05306728719667839, 0.14152265695277888, -0.004750926341502334], "aligned_model": [[-0.4617594161039894, -0.24064843250423154, 0.41009367403990915, 0.09160357167602648, 0.1786882614236486, -0.5899794257109469, 0.007350302464415211, 0.24820562792311154, -0.41040694126049915, 0.7969791200183128, 0.6762622427691807, 0.6552226015647638, -0.33676610242504423, 0.01252899713537571, 0.05867675587758567], [0.46615010005783575, -0.10513505143607715, -0.12360845445420698, 0.7391013741197011, -0.5337071951182109, 0.23348371300996484, -0.5509005224030371, 0.41445577202176276, -0.41825427391140846, 0.45017866277150415, -0.3780414211442372, -0.006101659853535363, 0.6103374125881716, -0.15308873995372252, 0.07274178874007466], [-0.5102687321326389, -0.7595384393467711, -0.5647753012681479, -0.04792265146057125, 0.18599256260005412, 0.08136204838798959, -0.4624867444714789, 0.49410295476331545, 0.22096805645604364, -0.07827503994495656, -0.0966039553508886, 0.38954534783609535, 0.4955849415122515, 0.5988797645952635, -0.0039056450122307348]], "inverted": true, "swapped": false, "error_lsq": 0.04306645537281044, "error_max": 0.3065828445142605, "target": "19.xyz", "model": "23.xyz", "model_rescale": 4.274766983524099, "target_rescale": 3.9282355846067225},
{"mapping": [2, 4, 6, 1, 8, 5, 0, 12, 7, 13, 14], "R": [[-0.8387907243925982, -0.4035308549276024, -0.36550372062995296], [-0.12275803549616798, 0.794206100809752, -0.5951194284827976], [0.5304343365526614, -0.4543121378061217, -0.7157093656282344]], "T": [0.005607729146357064, 0.10611001948511971, -0.015189438944101498], "aligned_model": [[0.22536687955445983, 0.09454220203321445, -0.35707922751494414, -0.5292369479220679, -0.4670440940762975, -0.5085227568287437, -0.1661206209543709, 0.07328803223776811, 0.7008633838151265, 0.22093708741895995, 0.09290076619497062], [-0.3177855513310501, 0.7743910394779552, 0.45652382251523466, -0.17158878273428724, 0.4407939625166803, -0.2641440960635165, -0.7107029725197229, -0.029725023243325946, 0.022386058067451628, 0.6304148985478478, 0.08502317601021663], [-0.5491814085860883, -0.2785490352033556, -0.48575942314076365, -0.4450819494549554, 0.18223793074603636, 0.41038717401297664, 0.02686463981951894, 0.7565503243873789, 0.36928538727250393, 0.3728201074295828, 0.019992686738742667]], "inverted": true, "swapped": true, "error_lsq": 0.05048413313674185, "error_max": 0.238928808905594, "target": "19.xyz", "model": "24.xyz", "model_rescale": 3.7841303162186577, "target_rescale": 3.9282355846067225},
{"mapping": [5, 2, 4, 3, 0, 12, 8, 11, 9, 6, 1, 7, 13, 10, 15], "R": [[-0.7949995634170888, 0.3516711387055696, 0.4942702746151812], [-0.4720421919747007, 0.15310317297017106, -0.8681794672889851], [-0.3809880092107342, -0.9235187213197111, 0.04428665949975907]], "T": [0.05953304879421925, -0.032565920059996256, 0.07632233434766626], "aligned_model": [[-0.3067026893280549, -0.33135875600050546, 0.3066055676400542, 0.1261258567944387, 0.5611005436775777, -0.6010711551828164, 0.07955131659782688, 0.2923579652151823, -0.4766799058904214, 0.6255111076177214, 0.5159691995214055, 0.5418124500908483, -0.2814098311905533, -0.05996123347458236, 0.10420040079949706], [0.42465292341694105, -0.19636996255061034, 0.19203284599253517, 0.7306360054189306, -0.5623295863132535, 0.3025561818511898, -0.5276909546577548, 0.4782321284075193, -0.2658592161986696, 0.400858391327282, -0.4143095002418173, -0.12325353377734957, 0.6083805334392045, -0.34901082183168447, 0.01908607075211574], [-0.576487790217914, -0.547508460447908, -0.5909219294547362, -0.17285653012734442, 0.17177103966069357, -0.08636500052088301, -0.24602569605980262, 0.6000641420526033, 0.09012862752304515, -0.04131548045638811, -0.36974298945874506, 0.5029227280458864, 0.36777660795765565, 0.7769212537908591, 0.06429864487630678]], "inverted": true, "swapped": false, "error_lsq": 0.04459587514741349, "error_max": 0.27878362511671984, "target": "19.xyz", "model": "25.xyz", "model_rescale": 4.19342608120988, "target_rescale": 3.9282355846067225},
{"mapping": [12, 3, 7, 6, 13, 8, 10, 1, 9, 5, 2, 14], "R": [[0.27252058903340887, 0.842754544369473, -0.46421687442130477], [0.23297592349466073, -0.5259204183718245, -0.8180036262825581], [-0.9335174061712473, 0.11477147504587876, -0.33966566045318647]], "T": [-0.10950897739222071, 0.016434741899591966, -0.021389607232792478], "aligned_model": [[-0.031091360315272182, 0.44964398201233274, 0.20814804158006817, -0.5296433094910415, -0.5382728798956866, -0.6219124060284651, -0.12617925163534927, -0.02923243363571157, 0.4770166334017038, -0.016895002551547245, 0.414976791247942, -0.05875025005719253], [-0.7310148666673907, -0.28750136531991166, -0.5641958021892673, 0.562851787990412, -0.4406283742138348, -0.03502195524161401, 0.5596483240301304, 0.6041085354062093, 0.12737597214604196, -0.20963572277067008, 0.4704183643277933, -0.0436284697569178], [0.21052374846616337, 0.04279804191008501, -0.46879681395544837, 0.004750910098961822, -0.302580948882687, 0.30904281953969903, -0.6174112120499948, 0.4215304903964486, -0.574944425863433, 0.7016930414690677, -0.20011428893258468, -0.07723290098685659]], "inverted": false, "swapped": true, "error_lsq": 0.05336288519888847, "error_max": 0.30366364434593013, "target": "19.xyz", "model": "26.xyz", "model_rescale": 3.795458400668931, "target_rescale": 3.9282355846067225},
{"mapping": [1, 2, 0, 5, 12, 4, 10, 8, 11, 3, 13, 7, 14], "R": [[0.22492207108348844, 0.783155566247545, -0.5797218479538282], [-0.0006331007666030564, 0.5950841652593732, 0.803663135549326], [0.9743765499656349, -0.18039455455484862, 0.1343433793084879]], "T": [-0.1494146747545307, -0.13595200227213994, -0.07508391336773648], "aligned_model": [[0.03154982434498549, 0.4084053114494379, 0.5600975135475882, -0.028074717476530647, -0.1396923330128814, -0.7041552537951312, -0.14938821082344172, -0.6374275002332239, -0.32184302885025873, 0.37444002601974313, -0.6481170034696191, 0.06420577454300438, -0.11032401942241611], [-0.786395237173416, -0.47280165370614224, -0.1965263794302607, -0.052240343945805845, 0.5521857245179587, -0.30756163527385655, -0.5436461449837118, -0.21917214234711954, 0.12051203724537268, 0.21764114433522358, 0.3100268630579438, 0.5596117199241057, -0.05975244896337745], [-0.37866005237189193, 0.22240245288789792, -0.5125377225402278, -0.8239515206346973, -0.455854171667577, 0.35698108512077864, 0.6208946298084471, -0.43467888618551953, 0.5665844370337795, -0.17355920333483865, 0.08052002563518276, 0.2547166795138994, -0.030721091165806957]], "inverted": false, "swapped": true, "error_lsq": 0.04606918807487142, "error_max": 0.31269690144073325, "target": "19.xyz", "model": "27.xyz", "model_rescale": 3.6321398670334006, "target_rescale": 3.9282355846067225},
