[{"mapping": [6, 3, 13, 12, 10, 8, 11, 9, 7, 5, 2, 0, 1, 14], "R": [[-0.03792883782486978, -0.1145115311610273, -0.9926975936771538], [-0.5847771547368403, -0.8030049375426829, 0.11497282104896356], [-0.8103067829897144, 0.584867659828468, -0.036506683328278444]], "T": [-0.0019754381315204572, 0.08036271534687076, 0.09174352650274248], "aligned_model": [[0.14360430266064372, 0.1386680378318582, -0.4404066840134252, -0.38173011698926346, -0.6285056967934252, -0.11390038799552055, -0.7177330128818522, -0.10193050540216964, -0.3244984823539641, 0.3547469969481308, 0.5110851503455178, 0.23444909104785883, 0.7015469354374132, -0.0039035267134984158], [-0.5740042241666764, -0.6266749628956622, -0.4093458614022948, -0.24321580720472133, 0.27358949372016467, 0.4879794428817168, 0.1604824264955632, 0.5018569059466975, 0.6943296473165601, -0.0023982788507894703, 0.5225315828604344, 0.6129215649337572, -0.182599696883575, 0.019821099058860016], [0.42295966944174174, -0.2880382060587833, 0.20637003985232785, -0.4897447659370327, 0.6926066135624209, -0.5716636235018446, -0.11545873761211059, 0.6756899626994559, 0.09064469803170401, 0.7398808782497339, 0.4276979852080202, -0.1277069186676667, 0.055809861208848316, 0.17854063070301884]], "inverted": false, "swapped": true, "error_lsq": 0.04619749592931126, "error_max": 0.2920564583687636, "target": "190.xyz", "model": "0.xyz", "model_rescale": 3.8414455957264533, "target_rescale": 3.967788945515323},
{"mapping": [7, 13, 0, 8, 9, 11, 12, 4, 2, 1, 3, 5, 6, 10, 14], "R": [[-0.9192180803262614, 0.00392983326004312, -0.3937291927351229], [-0.30044749131819565, -0.6533152626608055, 0.6949176012557503], [-0.25449838066656943, 0.7570757716272469, 0.6017199101351914]], "T": [0.02065762386455816, -0.04676235546929515, 0.013125219518322618], "aligned_model": [[-0.003599359175476602, 0.08630681730638573, -0.5269749068466393, 0.5996862330774686, 0.49116204329948043, -0.4386427545618281, 0.06596094127021557, -0.3242817393281177, 0.21679419204772288, -0.7614195257580338, -0.4995590462011348, 0.11027343495767866, 0.6689048063372189, 0.21482780196318854, -0.037250036082233], [-0.6304754545801822, 0.08931892348751318, -0.31601393975961756, 0.39559443848397646, -0.37132167584212966, 0.5349644424071479, 0.690713621223659, -0.4088520779153506, -0.6019394720119968, 0.2885542151728878, 0.029798216468333347, -0.011350721587157456, -0.11795498418178939, 0.4830623206535571, 0.01288215968270677], [-0.25454177290935986, -0.7298546385917387, -0.37817973211296957, -0.29240503112294675, -0.35942882870122356, -0.4074725659487104, -0.17757437958951147, 0.2269595092554008, 0.4579999698774467, 0.16938148550375395, 0.5935474598317011, 0.6650744564765486, 0.44293258778567174, 0.4003784376054691, 0.04708451572949102]], "inverted": true, "swapped": false, "error_lsq": 0.04511280830650004, "error_max": 0.3060920860371369, "target": "190.xyz", "model": "1.xyz", "model_rescale": 4.316132596720782, "target_rescale": 3.967788945515323},
{"mapping": [0, 4, 1, 9, 2, 7, 5, 10, 6, 11, 13, 14], "R": [[0.8859991005630302, 0.4548248913672966, 0.0902214608296086], [-0.4360100406335295, 0.7509756146992196, 0.4959141766413594], [0.15779999451283178, -0.4787169772630341, 0.8636719385344728]], "T": [0.08316281728577798, -0.0981310372536645, -0.007662770780157799], "aligned_model": [[-0.32327965715693296, 0.297990931306788, 0.205784957129547, -0.5330896409208918, -0.5456800406627833, -0.3957867844173, -0.20214552690924661, -0.24923827245127386, 0.4781160997698213, 0.2329787862052031, 0.5353173538976352, 0.09684034884121447], [-0.5558915114773038, -0.5677569114463462, -0.44462735125310643, 0.2875614278454943, -0.25486773716276406, -0.09650056377165948, 0.22749749445238626, 0.662903684903163, 0.2670441700727421, 0.12016600333554524, 0.37945757793793605, -0.012209855695106589], [0.10606430323445436, 0.027842665521783452, -0.6636264160109816, -0.018434894493539605, -0.39702139734348346, 0.49391706894177695, -0.6132595942947792, 0.3105335043452166, -0.5270399539621142, 0.6934523622101914, 0.10476976334863168, -0.06793895028773514]], "inverted": false, "swapped": true, "error_lsq": 0.058531951645107466, "error_max": 0.31470247036955024, "target": "190.xyz", "model": "2.xyz", "model_rescale": 3.795458400668931, "target_rescale": 3.967788945515323},
{"mapping": [6, 3, 1, 8, 9, 7, 4, 13, 12, 11, 2, 14], "R": [[0.022117345976798264, 0.18228467553706007, 0.9829970091873583], [-0.9191936890942081, -0.38298032987250147, 0.09170075714044254], [0.3931841616041052, -0.9055928246155104, 0.15908441491415257]], "T": [0.020417326383125836, 0.08592266775848735, 0.01615734571370099], "aligned_model": [[-0.077021808361125, -0.10720350337325031, -0.6710928937014339, 0.0781659153756663, 0.13144920346052635, 0.3136648388553674, -0.2000333756007669, 0.4864882809976598, 0.3835081194047527, 0.7197578654628964, -0.49410530822867044, 0.02972649145194272], [-0.3043465729852739, -0.7172841113917674, -0.16632508491501924, 0.09275268954087709, 0.7499698909803777, 0.6146359086790738, -0.19500974621152195, -0.26835716488894157, -0.48716973576210953, 0.05606051695124098, 0.6317790643375671, 0.07906339095520579], [-0.6141514837900651, -0.033730768225951176, -0.13736423403762926, 0.800635572892319, -0.2583513356304261, 0.35593068241757875, 0.3909088407979076, -0.303904133558551, 0.3722127959815712, 0.2839108041976754, -0.0782731893712331, -0.08905212103409599]], "inverted": false, "swapped": true, "error_lsq": 0.05350533596682134, "error_max": 0.2923129396066436, "target": "190.xyz", "model": "3.xyz", "model_rescale": 3.7530521520055578, "target_rescale": 3.967788945515323},
{"mapping": [10, 6, 13, 3, 11, 1, 7, 2, 0, 4, 14], "R": [[-0.9398668399374946, 0.005509351012458946, -0.3414966621174059], [-0.33923824763452026, 0.10085560037355246, 0.9352783324845875], [0.03959462751141998, 0.9948858200440451, -0.0929218518300195]], "T": [-0.07144629493779256, -0.037325047287248767, 0.042743469862488545], "aligned_model": [[-0.40190243018574634, -0.05227918220458344, 0.2511962871951622, 0.5288516185401291, 0.3167788145430973, -0.17360818295862074, -0.2605838142464987, -0.7481730897558205, -0.2587369067664951, 0.24421682739566755, -0.10756033911108609], [-0.8417585250912382, 0.14555294587482615, -0.3680185519494744, 0.36593085627846184, -0.6568418664560536, 0.6848488469166786, -0.4741119064173371, 0.23819960257163464, 0.12786272184524777, 0.2970504051865402, -0.051511170444939906], [-0.14326385460492752, -0.682019903389301, -0.4386287927770717, -0.3326817843313975, 0.20748881066721586, -0.14004603701886842, 0.5471460407439381, 0.23700331045247525, 0.6131023146315947, 0.2804619299653923, -0.055731257093733805]], "inverted": true, "swapped": true, "error_lsq": 0.046494301917254455, "error_max": 0.2702117932637299, "target": "190.xyz", "model": "4.xyz", "model_rescale": 3.7855080009869324, "target_rescale": 3.967788945515323},
{"mapping": [14, 10, 15, 5, 3, 8, 7, 12, 2, 13, 11, 1, 0, 4, 16], "R": [[0.33480252191470594, 0.1480102687320271, 0.9305913344048643], [0.6947673972870689, -0.7059336323705736, -0.13768068257762267], [0.6365575661214821, 0.6926403590882941, -0.3391810696007869]], "T": [-0.05339691485254539, 0.014562285178334227, 0.004235501972210107], "aligned_model": [[-0.28082404888907725, 0.11926871739717507, -0.5157574860862555, 0.6747363620792318, 0.5223168974346137, -0.5044789988998963, 0.153738354095851, -0.39345041052790086, 0.3058975093357312, -0.7716109655602721, -0.5022464094535288, 0.19234566047931076, 0.6350889627854743, 0.28464308445094455, -0.057478326335505196], [-0.6190488025798878, 0.1856437893654587, -0.23330773784739223, 0.30933431465714223, -0.2911444801915357, 0.3297033127758635, 0.7078763490545342, -0.34820205071812677, -0.6179539834600526, 0.0493068300911739, 0.15884363607676907, -0.07782461651128936, 0.023344028050830187, 0.5280451522717482, -0.03763572933367812], [-0.06293061081274462, -0.6827011562715902, -0.6314540925151615, -0.1907891792372206, -0.2355843999294403, -0.4345366030434712, -0.190135434808607, 0.4688115664554371, 0.1331400179275417, 0.09271732406125265, 0.6446675836793215, 0.7142912646097853, 0.3708196813984921, 0.41541075407011024, -0.007825242494682048]], "inverted": true, "swapped": false, "error_lsq": 0.028861826382245777, "error_max": 0.17583896617519743, "target": "190.xyz", "model": "5.xyz", "model_rescale": 4.2253639853439635, "target_rescale": 3.967788945515323},
{"mapping": [10, 13, 8, 7, 11, 4, 0, 9, 3, 6, 12, 1, 5, 14], "R": [[-0.9043009978217033, 0.40990589378880593, -0.1192344898755069], [0.40677167195326447, 0.7426355638558539, -0.532004911812705], [-0.12952417625685955, -0.5295937853994308, -0.8383041871727016]], "T": [0.05248467523062235, -0.03346382746534721, 0.10062594688099759], "aligned_model": [[0.6091318210157699, 0.027044454031690472, -0.5316048427135016, 0.13147964876859142, -0.2106963385129237, -0.3995490053809541, -0.03786182468659488, 0.6907244902198035, -0.4351107680992588, 0.26974688418477616, -0.615863329756417, 0.04286415114097945, 0.707945491645987, 0.1258113208998361], [-0.3998106871861255, 0.23174574252424524, -0.5286648718593581, -0.72125946181849, -0.4370210953975875, 0.02483460658228212, -0.4364434327383758, -0.38110579498059904, 0.6125957895448064, 0.6558208619670878, 0.021663414870943642, 0.498387531840042, 0.2736610244970436, 0.030695518789075768], [-0.48831134668456977, -0.5110867015097484, 0.28063427531156454, 0.05970315920361581, -0.47342817747082155, 0.3460379687389364, 0.5665861724831324, 0.07972595850717165, 0.006952657808188059, -0.09114849165349907, -0.269937464693573, 0.6320633992503479, 0.27448723650732015, 0.059279563133383534]], "inverted": false, "swapped": true, "error_lsq": 0.05036461423838142, "error_max": 0.29530189082910036, "target": "190.xyz", "model": "6.xyz", "model_rescale": 3.89814844738969, "target_rescale": 3.967788945515323},
{"mapping": [9, 2, 1, 10, 6, 0, 7, 13, 11, 8, 4, 12, 14], "R": [[-0.23885612944179938, -0.7878814838603799, 0.5676182844289358], [-0.4536492950827856, 0.6073665873625449, 0.6521565346038234], [-0.8585744385310886, -0.10172804896164073, -0.5024951119717325]], "T": [0.025210561433972392, 0.1057207241096257, -0.03996102256478445], "aligned_model": [[-0.2060701975712691, -0.010247521464924067, 0.5616921770406209, -0.25443134351587, 0.736276627239411, -0.3743178290221011, -0.639084038803492, 0.26488978343465225, -0.4338181354213657, -0.5592173888144503, 0.010431393506890402, -0.04749356930721525, 0.10002184360333531], [-0.3102584771219738, 0.29509101859678566, 0.5843455404640238, -0.7242073454129735, -0.12042622213528244, 0.503083537590989, -0.02866081334812405, -0.3534018525078465, -0.23847055253378163, 0.5512396886118593, 0.5719264274899768, 0.19874844723461743, 0.03477186854221598], [-0.5896084761075124, -0.7710502709425524, -0.26016535936443475, -0.19466398538346125, 0.008374208529172193, -0.30482673162929236, -0.18703923820745924, 0.3806766068161563, 0.4422068659628732, 0.24065341199404133, 0.18452513429810777, 0.7170761381604289, -0.06388327328977093]], "inverted": true, "swapped": true, "error_lsq": 0.050390098482633525, "error_max": 0.2964492715645212, "target": "190.xyz", "model": "7.xyz", "model_rescale": 3.7474275329858107, "target_rescale": 3.967788945515323},
{"mapping": [10, 1, 12, 2, 0, 13, 4, 7, 6, 11, 9, 5, 3, 8, 14], "R": [[-0.09559733686427721, -0.5900438280975171, -0.8016916053623648], [0.9498409472400657, -0.29498796449482256, 0.10384736756074195], [-0.2977638731118207, -0.7515519820526249, 0.5886478524060191]], "T": [-0.039694717264249474, -0.004248808946723557, -0.03537221010429123], "aligned_model": [[-0.3288346873724397, 0.38078924697609573, -0.4470303902167947, 0.5667320816461094, 0.37591395249422965, -0.529412080624859, -0.008888880037502996, -0.2950025997541159, 0.29353271759257304, -0.6416392401650473, -0.4325321906367723, 0.1595219015056139, 0.6110230677436099, 0.18827086437896465, -0.03025486122376819], [-0.7037152801166804, 0.000735200626672896, -0.07306203349499882, 0.5304782281574147, -0.4739232170766067, 0.5986189537325839, 0.7769992402171909, -0.39089713998119546, -0.6455038353451853, -0.08366620274834853, 0.1710554435358096, -0.09062681988351873, -0.08763049362340185, 0.49472620048336674, 0.043391767218454835], [-0.08444453512710728, -0.6582447616869959, -0.49361342220433935, -0.2696861644540286, -0.2375815610166387, -0.48796385103212303, -0.06584074987669843, 0.46382573176928577, 0.3450086072027787, 0.09817787226691307, 0.5933467880691623, 0.6471767200497258, 0.2540209410232994, 0.36992514913560903, -0.07020529102981976]], "inverted": false, "swapped": false, "error_lsq": 0.046356937153151354, "error_max": 0.25894787591102164, "target": "190.xyz", "model": "8.xyz", "model_rescale": 4.019505241142653, "target_rescale": 3.967788945515323},
{"mapping": [4, 1, 0, 8, 12, 11, 9, 3, 13, 6, 5, 13, 14], "R": [[0.09651338878618715, 0.1623021958786715, -0.982009757078802], [0.9779560919785035, -0.19900918002251441, 0.06322363821308896], [-0.18516762121693792, -0.9664643518928818, -0.17793147156456837]], "T": [0.03048466160709912, 0.030240900257152994, -0.08476056988745334], "aligned_model": [[-0.1436053542050944, -0.7165991890496581, -0.02360177796267651, 0.2941303177938127, 0.3258372119298735, 0.7472123047824718, 0.22131350068019878, -0.2954061406931004, 0.29535283450252364, -0.3217014020521849, -0.3682001382004489, 0.29535283450252364, 0.009615769712935162], [-0.4041913070230835, -0.05473273616801748, 0.0640958625852723, -0.4178376886438981, -0.6598347579167857, -0.18127777282174362, 0.7252244904885061, -0.5911744711427412, -0.09734554102373884, 0.07835097282974038, 0.6147774977986077, -0.09734554102373884, 0.08466922017567946], [-0.30594271194279166, -0.07933932832026905, -0.704117076866202, -0.6751029991501696, 0.0688876244695995, -0.027996244571576692, -0.18080208183139027, 0.329431597273095, 0.51419037639968, 0.5730722989189536, 0.14664751362826875, 0.51419037639968, 0.0035841496370012937]], "inverted": true, "swapped": true, "error_lsq": 0.052254198084298806, "error_max": 0.3296385221967924, "target": "190.xyz", "model": "9.xyz", "model_rescale": 3.877068213659057, "target_rescale": 3.967788945515323},
{"mapping": [3, 12, 5, 10, 6, 0, 11, 4, 13, 1, 7, 2, 14, 9, 15], "R": [[0.20200377724941104, 0.6023499098786995, 0.7722493509521994], [-0.28049408368449025, 0.7910562321861714, -0.5436479619546243], [-0.9383589627615697, -0.10679243226250126, 0.3287519329471548]], "T": [0.021099901636728258, -0.0035686964618469093, 0.05216903637993725], "aligned_model": [[-0.14126081521574163, -0.004728235742397557, -0.5865188889892691, 0.6347928408857904, 0.40902357278256024, -0.406740315346528, 0.1452575967724718, -0.39357018430643953, 0.47192538902510633, -0.837811238094542, -0.5634544046434277, 0.09943324527624792, 0.7279874161365186, 0.3323714318025193, -0.02451850803697342], [-0.5612733185133462, 0.06746519520776842, -0.1897033328087339, 0.29948979999030584, -0.2925989934196976, 0.4795881862926266, 0.635580878355272, -0.4419578976434498, -0.5607681192616053, 0.11540192657352691, 0.0955267848217172, -0.06487885626111617, 0.01855647061110973, 0.4169189177677246, 0.049632369989455645], [-0.20349851121609902, -0.6911225008161515, -0.4029669264627525, -0.13423724973693607, -0.3302983320713399, -0.4139620728720525, -0.29529026197510777, 0.35868870598731, 0.34186487534956905, 0.020165050635346904, 0.6132063952209623, 0.7082637776552703, 0.3828381541773027, 0.4545935692894298, -0.004343200075728158]], "inverted": false, "swapped": false, "error_lsq": 0.03545555887017512, "error_max": 0.27197735907708953, "target": "190.xyz", "model": "10.xyz", "model_rescale": 4.260839863003843, "target_rescale": 3.967788945515323},
{"mapping": [3, 1, 5, 6, 10, 13, 12, 4, 2, 9, 7, 14], "R": [[0.5129799207964026, -0.773281458594207, -0.37267598078509445], [0.26278162873924427, -0.27184165142414934, 0.9257688329967374], [-0.8171887275635088, -0.5728332238491468, 0.06375485234652081]], "T": [0.09894689015614695, 0.08343606634439779, 0.0005662651297816332], "aligned_model": [[0.2885132852386654, 0.36539022133733223, -0.32117800523391427, -0.3020996887228215, -0.6357262780200996, -0.3276733451430441, 0.33900695545769965, 0.5829474272522163, 0.16016478457690275, -0.32659606611836356, 0.12904061638751974, 0.007108742082037142], [-0.009700116016687785, -0.578622238267827, -0.5139664976209946, -0.29358967282336723, 0.4352340857012281, 0.34680411139023715, 0.6049687322081362, 0.0933906672008854, -0.4378803602477547, 0.008361219626036198, 0.47848309816662693, 0.039595476216415314], [-0.7863945112521856, -0.23622676944394583, 0.14474515894024834, -0.505503808452231, 0.3575070050696906, -0.4396701858280315, -0.5067996325220221, -0.18274931605348912, 0.5447091011006935, 0.5853044700426214, 0.5697849623989, -0.028528396604743544]], "inverted": false, "swapped": true, "error_lsq": 0.046320580679598246, "error_max": 0.24517643613813755, "target": "190.xyz", "model": "11.xyz", "model_rescale": 3.890672605050136, "target_rescale": 3.967788945515323},
{"mapping": [4, 8, 11, 3, 12, 5, 0, 6, 1, 9, 10, 7, 13, 14], "R": [[-0.9267807074296854, -0.17787182953657085, -0.33081585904162003], [0.2851144243061111, 0.24021291925089477, -0.9279049081008022], [0.24451438687473337, -0.9542847403591217, -0.17191087495850005]], "T": [0.03483670814561996, -0.0495389010075147, 0.07385496420491934], "aligned_model": [[0.29733579790960535, 0.2513779001303245, 0.3943633815503866, 0.6884072177728912, 0.7731226697436209, -0.47572686695049543, -0.25574505708832734, 0.18388351468863526, -0.04150579515022256, -0.5842266381564565, -0.24557861748659748, -0.23770362984855525, 0.4443405032892626, 0.017531454389622295], [-0.26811977073614984, 0.20175238046985997, 0.6079569856509296, -0.5249142791275853, 0.10187671632638101, -0.36632286961954935, -0.022356416333275834, -0.46442442828196895, -0.7952705412879195, 0.26833476127198785, 0.6277158692675142, 0.5214201692760837, 0.11565338064724243, -0.07114943769578483], [-0.31508828043857423, -0.6394123360919518, 0.06382589051506342, 0.17768592777473705, -0.06417568583431903, 0.5133490569921005, -0.4761426125142403, 0.6777992782921993, 0.015200624767873872, 0.2844700553632161, 0.5774484744695547, -0.21023167620202432, 0.5740487635613132, 0.1760129547019127]], "inverted": true, "swapped": true, "error_lsq": 0.05724896171056769, "error_max": 0.46050869948769146, "target": "190.xyz", "model": "12.xyz", "model_rescale": 4.124412569039231, "target_rescale": 3.967788945515323},
{"mapping": [4, 1, 2, 3, 0, 8, 6, 11, 5, 13, 7, 9, 14], "R": [[-0.7220544485208762, -0.6687022493628917, 0.1774110342346913], [-0.6446199204638022, 0.5571689447293192, -0.5234767666004467], [0.251202172587052, -0.49234141479894444, -0.8333651059177598]], "T": [0.09149781305706674, 0.07563661781491772, -0.04250490631412536], "aligned_model": [[-0.04840590976485447, -0.22360293779139534, 0.5506246283563986, -0.6824827578780622, 0.5549900248761844, 0.3744857591295943, -0.4979253704804011, 0.18277733205130353, 0.10621518456965778, -0.3350973056058847, 0.716011230958023, 0.6211036132587133, 0.04860481583048035], [-0.238478356216628, 0.41672585867696493, 0.5556773850370598, -0.09383996261116155, -0.07071352614004821, -0.6067570806040248, 0.518313193429794, -0.4583201173311262, 0.8199252612083058, 0.02844890194449186, -0.1604309250547737, 0.47903437661848314, 0.15790036755113984], [0.34443042125597956, 0.5488949882094218, 0.31856752748338746, 0.14762345736447607, 0.34663592822251516, 0.2277621845076292, -0.16785021301234732, -0.5604036479477643, -0.04216012995905123, -0.5533528379667945, -0.23020898484180813, -0.3347885923357025, -0.09345202001210229]], "inverted": false, "swapped": true, "error_lsq": 0.04810695980144723, "error_max": 0.21974253842991925, "target": "190.xyz", "model": "13.xyz", "model_rescale": 3.9028299243045295, "target_rescale": 3.967788945515323},
{"mapping": [2, 6, 1, 7, 3, 11, 9, 8, 0, 12, 13, 5, 4, 10, 15], "R": [[0.5717817410064681, 0.7496355718715598, -0.33333489171764147], [0.15566549255015455, -0.4980563075270484, -0.8530581275397592], [-0.8055022626167663, 0.43587432124102204, -0.4014718931655717]], "T": [-0.03574032028182137, -0.018652816082946735, 0.027492556097959267], "aligned_model": [[-0.22429157207766912, 0.1343921861642136, -0.40766275651529904, 0.6599721757500043, 0.47630383395798936, -0.5473710476523032, 0.09410510355548482, -0.3315358859982116, 0.3591656521761064, -0.7001791022135547, -0.3892578161380711, -0.0889471982161116, 0.5254535950246084, 0.29069373564121104, 0.011347998847498174], [-0.6730095693759932, 0.030346370844908807, -0.054688259778790174, 0.5314345509130883, -0.2763604747995689, 0.4117939752497686, 0.6062266945979481, -0.6012100274011346, -0.7169031952054333, 0.0039636697940694104, 0.35601795901055344, -0.07558767918442653, -0.08280809485686026, 0.5386607620794228, 0.06910332981400544], [-0.2525350040131597, -0.6152066520702443, -0.5040842529960835, -0.1569416255867453, -0.2176339255105868, -0.28684205379991323, -0.41240654540530336, 0.43936539861287965, 0.23656692137761498, 0.23304033300769733, 0.6335441563842683, 0.5334859188600156, 0.40207067012918457, 0.39923841657049913, -0.02776028247110046]], "inverted": true, "swapped": false, "error_lsq": 0.04292940464612905, "error_max": 0.30754583992274276, "target": "190.xyz", "model": "14.xyz", "model_rescale": 3.942246331269136, "target_rescale": 3.967788945515323},
{"mapping": [12, 8, 13, 7, 0, 11, 6, 3, 1, 4, 10, 5, 2, 9, 14], "R": [[-0.5932606191372578, 0.4038452480786142, -0.6963841277522057], [0.3537606259152626, 0.9078452380440505, 0.22510096248746536], [0.7231149682677848, -0.11280974853736814, -0.6814533757360196]], "T": [-0.07981786087990031, 0.03157915200977539, 0.05027897030035089], "aligned_model": [[-0.21687883348206857, 0.19493785149263418, -0.644068159155914, 0.6412172958294107, 0.5679644323559127, -0.48920896410247183, 0.029615911606130335, -0.3410971028754992, 0.1660406784223863, -0.6500404672730827, -0.4778120846661106, 0.21022687663062864, 0.6442316878076352, 0.23253240806486505, -0.005472628348559938], [-0.7172708250846752, 0.19181511206412244, -0.2827759413881908, 0.4646055239449373, -0.19538915308497723, 0.4100602982629274, 0.5381104973093863, -0.5107214460953049, -0.7169074338585798, 0.00231619005445724, 0.5135422277490986, -0.19777900130473497, -0.03530998039866583, 0.6317223179561161, -0.029038374424359026], [-0.24723449117280183, -0.6551816323642586, -0.4434135682856621, -0.10326572067556519, -0.21350308352595504, -0.400566869416127, -0.16005323124487836, 0.4429507791913435, 0.23991769316015632, 0.18314670580589826, 0.3942451132561151, 0.5660778128152603, 0.28249872322957237, 0.48665930440169125, 0.031623937914234256]], "inverted": false, "swapped": false, "error_lsq": 0.042987843838025945, "error_max": 0.3491845511749996, "target": "190.xyz", "model": "15.xyz", "model_rescale": 4.355366556412066, "target_rescale": 3.967788945515323},
{"mapping": [0, 4, 1, 9, 2, 7, 5, 10, 6, 11, 13, 14], "R": [[0.8859991005630302, 0.4548248913672966, 0.0902214608296086], [-0.4360100406335295, 0.7509756146992196, 0.4959141766413594], [0.15779999451283178, -0.4787169772630341, 0.8636719385344728]], "T": [0.08316281728577798, -0.0981310372536645, -0.007662770780157799], "aligned_model": [[-0.32327965715693296, 0.297990931306788, 0.205784957129547, -0.5330896409208918, -0.5456800406627833, -0.3957867844173, -0.20214552690924661, -0.24923827245127386, 0.4781160997698213, 0.2329787862052031, 0.5353173538976352, 0.09684034884121447], [-0.5558915114773038, -0.5677569114463462, -0.44462735125310643, 0.2875614278454943, -0.25486773716276406, -0.09650056377165948, 0.22749749445238626, 0.662903684903163, 0.2670441700727421, 0.12016600333554524, 0.37945757793793605, -0.012209855695106589], [0.10606430323445436, 0.027842665521783452, -0.6636264160109816, -0.018434894493539605, -0.39702139734348346, 0.49391706894177695, -0.6132595942947792, 0.3105335043452166, -0.5270399539621142, 0.6934523622101914, 0.10476976334863168, -0.06793895028773514]], "inverted": false, "swapped": true, "error_lsq": 0.058531951645107466, "error_max": 0.31470247036955024, "target": "190.xyz", "model": "16.xyz", "model_rescale": 3.795458400668931, "target_rescale": 3.967788945515323},
{"mapping": [9, 2, 1, 10, 6, 0, 7, 13, 11, 8, 4, 12, 14], "R": [[-0.23885612944179938, -0.7878814838603799, 0.5676182844289358], [-0.4536492950827856, 0.6073665873625449, 0.6521565346038234], [-0.8585744385310886, -0.10172804896164073, -0.5024951119717325]], "T": [0.025210561433972392, 0.1057207241096257, -0.03996102256478445], "aligned_model": [[-0.2060701975712691, -0.010247521464924067, 0.5616921770406209, -0.25443134351587, 0.736276627239411, -0.3743178290221011, -0.639084038803492, 0.26488978343465225, -0.4338181354213657, -0.5592173888144503, 0.010431393506890402, -0.04749356930721525, 0.10002184360333531], [-0.3102584771219738, 0.29509101859678566, 0.5843455404640238, -0.7242073454129735, -0.12042622213528244, 0.503083537590989, -0.02866081334812405, -0.3534018525078465, -0.23847055253378163, 0.5512396886118593, 0.5719264274899768, 0.19874844723461743, 0.03477186854221598], [-0.5896084761075124, -0.7710502709425524, -0.26016535936443475, -0.19466398538346125, 0.008374208529172193, -0.30482673162929236, -0.18703923820745924, 0.3806766068161563, 0.4422068659628732, 0.24065341199404133, 0.18452513429810777, 0.7170761381604289, -0.06388327328977093]], "inverted": true, "swapped": true, "error_lsq": 0.050390098482633525, "error_max": 0.2964492715645212, "target": "190.xyz", "model": "17.xyz", "model_rescale": 3.7474275329858107, "target_rescale": 3.967788945515323},
{"mapping": [1, 2, 5, 0, 3, 12, 6, 10, 4, 13, 8, 7, 11, 14], "R": [[-0.24876987592994934, 0.8727647798675882, -0.4199942712138803], [-0.8346567569957173, 0.026821126986225935, 0.5501170104155858], [0.4913874711784892, 0.4874035967961968, 0.7217867323516971]], "T": [0.044958816404858506, -0.022228474399914176, -0.013224663361412495], "aligned_model": [[0.4072031609963119, 0.18987990484095385, 0.6827910926830038, -0.3589654152326694, 0.24142958173460366, -0.30662772106778036, 0.7284008784410855, 0.16085162277587706, -0.2152909324682914, 0.28083211474349973, -0.7201713962599108, -0.4317383494425308, -0.3877552558098345, 0.14400836194855832], [-0.5497731248718045, 0.17225492616264457, 0.18482026290240425, -0.009887878700061699, -0.7247888487013875, -0.38785243892111365, -0.22169636800145698, 0.8081199220470817, -0.46455864825561033, 0.022239650780000043, -0.194115192892473, 0.46922244538358593, 0.25140735482783716, 0.005016179751587167], [-0.4080155766681585, -0.7293140140731164, -0.3364631392560684, -0.48689850573641175, 0.34971498589891026, 0.5610151244026765, 0.21527740022371566, 0.28342934426315136, -0.08085824821618788, 0.609320160762738, -0.0750174729666555, -0.12373946122944914, 0.5340803858127814, 0.01226373544372917]], "inverted": false, "swapped": true, "error_lsq": 0.036646590341501015, "error_max": 0.21777433620870565, "target": "190.xyz", "model": "18.xyz", "model_rescale": 3.922800546911778, "target_rescale": 3.967788945515323},
{"mapping": [9, 10, 2, 4, 11, 1, 6, 3, 7, 0, 5, 12, 13, 8, 14], "R": [[-0.3133672049228278, 0.5062945096185955, -0.8034095247188203], [0.6098393163280528, 0.7558084948003562, 0.2384313893935811], [0.7279402469567043, -0.41523413722583824, -0.5456038930789682]], "T": [-0.0047924365738978205, 0.08427332811728423, 0.06233797182945383], "aligned_model": [[-0.11382240524862834, 0.20605763992810583, -0.4122879726303433, 0.5933950867879564, 0.5437913839077599, -0.5251340707875143, 0.10527075076153215, -0.34755888425118425, 0.23188814045892708, -0.8081580691331307, -0.4499355017702229, 0.032217998429101564, 0.6220864052083728, 0.17150964953805878, 0.012868751107105387], [-0.5838533792815785, 0.0046298578562912335, -0.17513666714059928, 0.31037930273871955, -0.29259398682331866, 0.5430067463219486, 0.6360715817899047, -0.40366124521943186, -0.6493735045570028, -0.08181027906188475, 0.32579032998588187, -0.17602916347358327, 0.01683169804439784, 0.6021298888693873, -0.009401168347574415], [-0.38983716537528623, -0.7121294646371747, -0.4666070208136009, -0.27665305198514084, -0.19117816494296863, -0.19610207665764384, -0.33662637989952465, 0.2938120698933975, 0.2719939958808778, 0.22190780458595344, 0.6333466490855348, 0.8036117978472004, 0.33489675645951533, 0.33644162182374787, 0.07702410182413577]], "inverted": true, "swapped": false, "error_lsq": 0.038724281259029415, "error_max": 0.238536309581823, "target": "190.xyz", "model": "19.xyz", "model_rescale": 3.9282355846067225, "target_rescale": 3.967788945515323},
{"mapping": [0, 4, 3, 8, 7, 12, 11, 13, 10, 5, 1, 2, 6, 14], "R": [[-0.5429884532563052, -0.8397176009796127, -0.006155504477274754], [0.5858275467326172, -0.37354278971980914, -0.7192161495250132], [0.6016391153503644, -0.39413212867436587, 0.6947591237450894]], "T": [-0.05907981391302846, -0.09697734017746247, 0.06657886356860158], "aligned_model": [[-0.6271282794134194, -0.07100302522047817, 0.6050619852238026, -0.4830994306495579, -0.6280226717134272, 0.2786774909294411, -0.061096842044246924, 0.48598137021209015, -0.1430218882021947, 0.012115871225825768, 0.11328048847683805, -0.5432529059692683, 0.5884507700220115, 0.005579886207259695], [-0.35025484204857454, -0.5648167668536199, -0.5421659891386564, -0.40612442649966124, 0.21612677521592355, -0.2463929015825203, 0.3006137169239177, 0.2401388071811531, 0.7881606877382126, 0.06288594909415234, -0.6706452902546681, -0.1943674059343457, -0.06501496198651584, -0.04526126442996136], [0.03750254940965132, -0.1546547780221343, -0.09039173128434556, -0.5194442428756638, -0.1768293378389003, -0.6047186141945038, -0.5686991347060697, -0.11899239988601683, 0.08651882324619602, 0.7901513946532288, 0.5210909072746684, 0.639031014574394, 0.4391056881731571, 0.13251301872002108]], "inverted": true, "swapped": true, "error_lsq": 0.049197904531522126, "error_max": 0.30839040307276366, "target": "190.xyz", "model": "20.xyz", "model_rescale": 4.067790424073018, "target_rescale": 3.967788945515323},
{"mapping": [8, 0, 7, 3, 2, 9, 12, 5, 4, 1, 13, 6, 6, 11, 14], "R": [[-0.18263654038253557, -0.9540107653909827, -0.23771275446473292], [0.7746468590362284, -0.2885186661980354, 0.5627425903915684], [-0.6054470562339901, -0.08136607876393315, 0.7917154939270656]], "T": [-0.0411767734849159, 0.015166246835372672, 0.03508484502473475], "aligned_model": [[-0.2843439838969702, 0.18875617502646763, -0.4837178824397089, 0.6900871916606655, 0.6034544264881728, -0.582508014119173, 0.01469102234955269, -0.310083008539158, 0.21293992749303275, -0.8581320490412108, -0.3863726662600139, 0.4993072547274787, 0.4993072547274787, 0.1437190450620277, -0.0849157909327454], [-0.46257860720571037, -0.11664735830109722, -0.12285221876036768, 0.4203502448125447, -0.2972740530396996, 0.4594107736400337, 0.7100542585994948, -0.3851505902628548, -0.7272272297220873, -0.05153961592914652, 0.21677377305662168, -0.10654633086335931, -0.10654633086335931, 0.5575011906044959, 0.07925210593604888], [-0.15933084092353833, -0.6238643504454071, -0.5495280416348443, -0.12247135991057523, -0.16629441551160468, -0.30204597199792993, -0.2827567938346051, 0.3755286546945683, 0.1986364362285219, -0.0028559890778330974, 0.6098175707845869, 0.5256151360084877, 0.5256151360084877, 0.33461547622953464, 0.04322082647117323]], "inverted": false, "swapped": false, "error_lsq": 0.04907250775484016, "error_max": 0.40493155382795604, "target": "190.xyz", "model": "21.xyz", "model_rescale": 4.186013935880536, "target_rescale": 3.967788945515323},
{"mapping": [3, 6, 13, 8, 0, 12, 4, 1, 10, 5, 2, 7, 14], "R": [[0.2406228968117226, -0.2007444450502316, 0.9496327128481887], [-0.7857586688411514, 0.5340783800392221, 0.311999356274436], [-0.5698104385415534, -0.8212563252457512, -0.0292252009903759]], "T": [0.03181382587670957, -0.00663670292550406, 0.035600768077878486], "aligned_model": [[-0.058697359565146254, -0.3032080712122433, 0.3357628102816373, 0.41886844415324986, -0.04256773724949474, 0.5443942061812003, 0.009189958696204079, -0.643271215292043, 0.4302814013096324, -0.5351942858376659, -0.5039946203763443, 0.4113796170077524, -0.004369112673513947], [-0.4577371471157453, 0.2107706657159495, 0.21782040221502152, -0.5634203075079277, -0.2576360555470089, -0.4438789433024097, -0.5237906817431771, -0.29777213229258737, 0.7833247045102261, 0.4739362262068696, 0.16279169774268024, 0.1431652113641062, 0.0713830193000962], [-0.6368820530665467, -0.5965290052536316, -0.5143171420697031, 0.4343091549779913, 0.600526154484772, -0.32926343621274873, 0.035973754545044034, -0.12214756825884171, 0.12558836934122225, -0.006037743117573852, 0.5413805612107184, 0.5963742621991934, -0.026095747444549913]], "inverted": false, "swapped": true, "error_lsq": 0.04804553080380617, "error_max": 0.28991706371878495, "target": "190.xyz", "model": "22.xyz", "model_rescale": 4.166573947596378, "target_rescale": 3.967788945515323},
{"mapping": [7, 8, 0, 9, 10, 4, 3, 5, 13, 1, 6, 12, 14, 12, 15], "R": [[0.43070942286686276, -0.16695131032561114, 0.8869141181840863], [0.6896072657735918, -0.5730632546137661, -0.4427644127566584], [0.5821779900047448, 0.8023252247013299, -0.1316929070299382]], "T": [0.023645305505601732, 0.14760626730440643, 0.014463068094984623], "aligned_model": [[-0.07720233979373908, 0.10663637846315888, -0.5668589689906244, 0.546831285914939, 0.42767273869474354, -0.4399210737504452, -0.00244373987964433, -0.3727843310417608, 0.2064054832825263, -0.6747812856634146, -0.4198836763132866, 0.2526694938330912, 0.6609421258171143, 0.2526694938330912, -0.03776268209985341], [-0.49773664246408533, 0.1489937506502481, -0.19648090863268405, 0.3493508115228211, -0.4722548581503553, 0.39919054803834797, 0.6976186715031871, -0.5478978015398376, -0.6168013263948237, 0.03562806980996938, 0.1603287908509018, 0.31341560589613643, -0.13964518067327827, 0.31341560589613643, 0.11985487538887335], [-0.2766587773569333, -0.7900179428185761, -0.4323752471772599, -0.2000706939643209, -0.1016198827833775, -0.49706901797158637, -0.22685077103246337, 0.23847113645273946, 0.32925329508693535, 0.10255529761079342, 0.6327088215362623, 0.605594643656572, 0.3850263308124387, 0.605594643656572, 0.029359637381227478]], "inverted": false, "swapped": false, "error_lsq": 0.04960715497704244, "error_max": 0.44676362855473173, "target": "190.xyz", "model": "23.xyz", "model_rescale": 4.274766983524099, "target_rescale": 3.967788945515323},
{"mapping": [6, 13, 10, 5, 7, 0, 1, 4, 3, 12, 14], "R": [[0.8332382218099659, 0.5485659927302664, -0.06920561635318022], [0.1110395927157547, -0.04340482888065341, 0.9928676798442785], [0.541649586508183, -0.8349798634995328, -0.0970791068449639]], "T": [-0.16229743230923566, 0.0952017633816523, 0.08142861274852173], "aligned_model": [[0.32973385302118385, 0.26688059806717895, -0.5383799951086153, -0.32205526172903987, -0.7281144263129518, -0.5894969484427715, 0.07830777956374532, 0.035045715632008034, 0.6292844308708336, 0.3548234034321438, -0.13613444503563987], [-0.1534039190441272, 0.46844459404311245, 0.6373948009986221, -0.3613405633207312, 0.46462640585434084, -0.059598232706346746, -0.6143286666283689, -0.03004270018228923, -0.045177281679575035, 0.5301605726050324, 0.07885152130381393], [-0.42373879982134666, -0.2673860840060408, -0.5148111194132119, -0.48445904787643956, 0.2374871846416393, 0.5071180756001623, 0.1451458754716422, 0.5433049193494089, 0.21412717251898739, 0.4425964215807331, -0.01981816402395664]], "inverted": false, "swapped": true, "error_lsq": 0.05164268265063139, "error_max": 0.26224621655798064, "target": "190.xyz", "model": "24.xyz", "model_rescale": 3.7841303162186577, "target_rescale": 3.967788945515323},
{"mapping": [9, 10, 14, 0, 8, 11, 7, 5, 2, 13, 3, 4, 1, 6, 15], "R": [[-0.0951594785946224, -0.3469901134952668, -0.9330286891463422], [0.9811808325554103, 0.12550072933957326, -0.14674379292190537], [0.16801442634330976, -0.9294339288361368, 0.32851746448058367]], "T": [0.021232823080459123, -0.004250711172687676, -0.04255572420018773], "aligned_model": [[-0.06821097695353934, -0.006639462127681489, -0.5028779842548595, 0.6704773237476284, 0.5300632149916211, -0.4353526060636095, 0.20418275327895727, -0.32537249340607066, 0.15092882340278282, -0.7576612013163389, -0.47833946491529433, 0.17698198641157867, 0.6996700426736794, -0.0019404450708795928, 0.006279391907921874], [-0.5047404351515855, 0.14662781688540785, -0.3316109455360578, 0.2809035688639217, -0.30475151426029684, 0.6055538918324292, 0.5686212314333066, -0.47953521990416476, -0.6816691530670166, 0.06763243698231795, 0.16752504817953973, -0.06451274353905116, 0.02256308486359332, 0.5321292746166273, 0.04224366950258678], [-0.33177977464054836, -0.8052574422823598, -0.5399912485673576, -0.23876623432091082, -0.02678603016072624, -0.13792690019054876, -0.2898462830888327, 0.6080656217352451, 0.26252824786172424, -0.055082058114239094, 0.5656568251596598, 0.6846409675105809, 0.2608258065757463, 0.4409584562856273, 0.006661519325963081]], "inverted": false, "swapped": false, "error_lsq": 0.046617359062098754, "error_max": 0.3248920124076008, "target": "190.xyz", "model": "25.xyz", "model_rescale": 4.19342608120988, "target_rescale": 3.967788945515323},
{"mapping": [0, 4, 1, 9, 2, 7, 5, 10, 6, 11, 13, 14], "R": [[0.8859991005630302, 0.4548248913672966, 0.0902214608296086], [-0.4360100406335295, 0.7509756146992196, 0.4959141766413594], [0.15779999451283178, -0.4787169772630341, 0.8636719385344728]], "T": [0.08316281728577798, -0.0981310372536645, -0.007662770780157799], "aligned_model": [[-0.32327965715693296, 0.297990931306788, 0.205784957129547, -0.5330896409208918, -0.5456800406627833, -0.3957867844173, -0.20214552690924661, -0.24923827245127386, 0.4781160997698213, 0.2329787862052031, 0.5353173538976352, 0.09684034884121447], [-0.5558915114773038, -0.5677569114463462, -0.44462735125310643, 0.2875614278454943, -0.25486773716276406, -0.09650056377165948, 0.22749749445238626, 0.662903684903163, 0.2670441700727421, 0.12016600333554524, 0.37945757793793605, -0.012209855695106589], [0.10606430323445436, 0.027842665521783452, -0.6636264160109816, -0.018434894493539605, -0.39702139734348346, 0.49391706894177695, -0.6132595942947792, 0.3105335043452166, -0.5270399539621142, 0.6934523622101914, 0.10476976334863168, -0.06793895028773514]], "inverted": false, "swapped": true, "error_lsq": 0.058531951645107466, "error_max": 0.31470247036955024, "target": "190.xyz", "model": "26.xyz", "model_rescale": 3.795458400668931, "target_rescale": 3.967788945515323},
