[{"mapping": [4, 1, 6, 2, 7, 9, 8, 11, 10, 5, 12, 3, 0, 14], "R": [[0.3096850451556029, -0.6814690038913004, 0.663095143657659], [-0.45597917617503925, -0.7183965139623035, -0.5253469706979785], [0.8343729164478585, -0.13966547698772588, -0.5332123318492232]], "T": [-0.06773082288915498, 0.17341868875265937, 0.1076868838902886], "aligned_model": [[0.19505542692881062, 0.06887589804932732, -0.33507236137940555, -0.46179675360504124, -0.5723777123878012, -0.15804076741417505, -0.677730675643111, -0.03867260211493494, -0.539079564815384, 0.24882683034705128, 0.5806972763689906, 0.3244624316557151, 0.710845970850796, 0.025498704287465618], [-0.5500916667187277, -0.40192685906699605, -0.32428231479545533, -0.32878303508961443, 0.28137014560875057, 0.27709646888207606, 0.1866549215869165, 0.4649827701708675, 0.7317009665142851, -0.08088577297445837, 0.41473588907031317, 0.5534975982342114, -0.1264054091638856, 0.1376096295517517], [0.26624367557062356, -0.3980123960919618, 0.25451737723765505, -0.2677876619363566, 0.606412581726179, -0.6838851333045061, -0.16940400167548106, 0.6702349726740263, 0.21391739967267415, 0.7329685537615366, 0.5839637104689362, -0.27890170307824913, 0.29542347113726175, 0.07189724101749537]], "inverted": true, "swapped": true, "error_lsq": 0.04646933327848874, "error_max": 0.2561669243036093, "target": "191.xyz", "model": "0.xyz", "model_rescale": 3.8414455957264533, "target_rescale": 4.312779454967242},
{"mapping": [6, 8, 12, 9, 10, 5, 12, 1, 11, 13, 0, 4, 2, 7, 14], "R": [[0.29566511638329884, -0.7088266519782381, -0.6404271359017916], [0.07474140912987698, 0.6855089860309178, -0.7242176135887217], [0.952363302902485, 0.16625945842623321, 0.25565979693429497]], "T": [-0.09044439821896019, 0.0997222824071699, 0.006977130017224584], "aligned_model": [[-0.5285538157259054, 0.1699517417685373, 0.046508532308031425, 0.29351167011110413, -0.5184858291894432, -0.7451091139172781, 0.046508532308031425, -0.252478466728435, 0.2981062604017426, 0.6393801871180641, 0.3311135588004367, -0.27032597441442063, -0.49918654460801937, 0.2183476118003844, -0.1272343128248039], [0.3386752750421156, -0.2236722098114336, -0.6205826357162403, 0.49489924953360226, -0.34869959459874345, 0.12672928114347554, -0.6205826357162403, -0.3880874775103077, -0.5942808956215428, -0.0660655645342687, 0.21673882067763017, 0.3903821812674633, 0.7117667647995567, 0.6455185647709891, 0.03114353459853343], [-0.5938462877905131, -0.6652670593833638, -0.2044330485796654, -0.3954189214528598, -0.28298778856022083, -0.06378668150668305, -0.2044330485796654, 0.7028826479866261, 0.3130055220030637, -0.11433842992251345, 0.5850025517349869, 0.43003348156882515, -0.04720900249590865, 0.14736557270809778, 0.051781779326003086]], "inverted": true, "swapped": false, "error_lsq": 0.04777204550007932, "error_max": 0.38440031690047965, "target": "191.xyz", "model": "1.xyz", "model_rescale": 4.316132596720782, "target_rescale": 4.312779454967242},
{"mapping": [4, 6, 5, 3, 0, 1, 13, 9, 7, 2, 10, 14], "R": [[0.08367863757290644, 0.5437821977627293, -0.8350441946449769], [-0.8538054783907019, -0.3929658465752765, -0.34145870686717195], [-0.5138230149418836, 0.7415381074642842, 0.43140137284705143]], "T": [0.011523317325614672, 0.07889618289641541, -0.0883408480177662], "aligned_model": [[-0.16207843795063195, 0.31125457627619757, -0.0007971540469168571, -0.5068176155978036, -0.6084493284577316, -0.33895154017600676, -0.12191436493657995, -0.25392146155132495, 0.6849539769621371, 0.19569707221212856, 0.4871342094254463, -0.08830137752713296], [-0.6708111502073536, -0.3548328842569118, -0.5054055108991107, 0.4986717472369804, -0.43916437072114634, -0.20076637184437457, 0.5040774056645321, 0.563612854083284, 0.04620488923794365, -0.0820750047028354, 0.6086202081550648, 0.044644615994907495], [0.07123812619602171, 0.1622130376554931, -0.5512624508476056, -0.14160823725503058, -0.3686416166554123, 0.5475615714705567, -0.6798733403678401, 0.494822975122015, -0.3342508880331359, 0.6106898870137799, -0.28409681099543754, -0.07753379209398359]], "inverted": true, "swapped": true, "error_lsq": 0.0479169123295364, "error_max": 0.24432025138359473, "target": "191.xyz", "model": "2.xyz", "model_rescale": 3.795458400668931, "target_rescale": 4.312779454967242},
{"mapping": [13, 7, 8, 4, 3, 1, 6, 12, 5, 0, 9, 14], "R": [[-0.6295805424612415, 0.6349992311686482, -0.44766540738528693], [0.61211191499306, 0.050546187494728834, -0.7891540321466253], [-0.4784844240701448, -0.7708573534351046, -0.4205134915520408]], "T": [-0.07256110078335232, -0.021040368329020946, -0.004615292026511945], "aligned_model": [[0.18457557514873668, -0.35909691230993523, -0.7414001731087585, 0.2777079003605197, 0.11984383106134353, -0.0980308672686025, -0.23174199364062972, 0.6897402141315583, 0.47157782676862514, 0.7375376615304328, -0.45997787040028987, 0.002568633470565032], [-0.1717786532361999, -0.6785896640945951, 0.009223290334175634, 0.0008714723629724211, 0.4430494785982057, 0.5538005880770523, -0.20585475950791607, -0.24653555994068105, -0.4573237014372872, 0.12178202898086204, 0.6672040675532083, 0.04992045759991245], [-0.6825932238958505, -0.028604334335600605, 0.023541117160752863, 0.6985885204139832, -0.44657368158192584, 0.5191449806263191, 0.5257073126907488, -0.2758738964089879, 0.2588735208825662, 0.2291861146359032, -0.15198920313441872, 0.01936420358561039]], "inverted": false, "swapped": true, "error_lsq": 0.05356972472387944, "error_max": 0.3083033885863553, "target": "191.xyz", "model": "3.xyz", "model_rescale": 3.7530521520055578, "target_rescale": 4.312779454967242},
{"mapping": [0, 11, 5, 7, 4, 10, 1, 3, 9, 8, 14], "R": [[0.41376158955280334, 0.8203019627555291, -0.39484938509533424], [-0.6332362690856924, -0.05228570229220514, -0.772190412301424], [-0.6540742882312145, 0.5695356838998211, 0.4978111391276745]], "T": [-0.0674320284314754, 0.002198744630030801, 0.013152327288001819], "aligned_model": [[-0.35285989438493387, -0.0057108967142129735, 0.13425476760311833, 0.4405841901566871, 0.23328081363227204, -0.012580928996635252, -0.056919510782842644, -0.7265155834827777, -0.4132697448227195, 0.2253083770619972, -0.12737198682474762], [-0.7613853686125177, 0.1345808549498191, -0.4651830818918797, 0.3660791874359051, -0.7214488101861883, 0.7162197278272535, -0.45552882514280246, 0.05891118901328651, 0.2253499226268492, 0.45240649038754477, -0.08279792809292394], [-0.24528833316200827, -0.6040833041598775, -0.5315800274478376, -0.33977807207523236, 0.07290269784864896, -0.16656704592034127, 0.6422712478575339, 0.11374471283743819, 0.7031458433868372, 0.41398947343911346, 0.03407358464104193]], "inverted": true, "swapped": true, "error_lsq": 0.05508457897852945, "error_max": 0.26800644287225056, "target": "191.xyz", "model": "4.xyz", "model_rescale": 3.7855080009869324, "target_rescale": 4.312779454967242},
{"mapping": [5, 10, 8, 9, 7, 4, 6, 11, 13, 15, 12, 1, 0, 2, 16], "R": [[-0.9682287582379867, 0.05926703512370551, -0.24294133091874667], [-0.13540716472943876, 0.6924992719587446, 0.7085969644844263], [0.21023313597257007, 0.7189799558292667, -0.662472528981304]], "T": [0.0009666553665072103, 0.028657565988201836, -0.023387390855366074], "aligned_model": [[-0.4979378828302824, 0.12953047063665463, 0.24684028248687306, 0.4677114607701671, -0.4875946795318614, -0.7344583342031318, -0.3520675410539071, -0.1699185835423287, 0.3225847311091001, 0.7334621003528509, 0.2031882883239391, -0.41914627185166137, -0.558493108940121, 0.17368072604459983, 0.04467237943713561], [0.31996849742553224, -0.06921528719755972, -0.5762121521292923, 0.4270741045661309, -0.3244722637122372, -0.01557605583180803, -0.49434113988327827, -0.2930999278117746, -0.496093299167986, -0.23131895839938948, 0.10297651272494039, 0.3763405311721594, 0.5721642939461156, 0.7362810766991839, 0.05940672592385285], [-0.5902519669324628, -0.7339199545614543, -0.28604431072377284, -0.38439648723013004, -0.46833302494336526, 0.04137567950520743, 0.14369425948814685, 0.6835118796259154, 0.3587984039471913, -0.29757844929356964, 0.6220956595263805, 0.5017084319183851, -0.01449401652569916, 0.10000022788151995, -0.01781504462608297]], "inverted": true, "swapped": false, "error_lsq": 0.04057435292696323, "error_max": 0.32971088868645493, "target": "191.xyz", "model": "5.xyz", "model_rescale": 4.2253639853439635, "target_rescale": 4.312779454967242},
{"mapping": [1, 9, 7, 6, 8, 11, 5, 4, 13, 3, 10, 12, 0, 14], "R": [[0.2504153084785373, 0.10985447932984688, 0.9618857347163268], [-0.3178009322138656, -0.9291594548442429, 0.1888525217134996], [0.914491520334441, -0.35297974565790324, -0.19776389557167645]], "T": [0.003508837168190563, -0.06792111118635452, -0.05604336091005667], "aligned_model": [[0.6543095326553248, 0.12599610362604294, -0.5543577129936054, 0.13300006674001896, -0.30797319957506686, -0.3611326953934225, 0.18423230808861552, 0.6265190282956645, -0.3665249252235942, 0.11268968016882633, -0.722232392799327, 0.09821896008521577, 0.6516568139141796, 0.09966058516891141], [-0.26870689560489464, 0.13330076939126856, -0.4417429009328343, -0.6339941477383819, -0.39566354276218163, 0.026388777668171923, -0.18798654831967848, -0.4479248107514374, 0.5300715306139481, 0.5532708352296631, -0.00592424280224782, 0.4197060737444385, 0.18778312966392857, -0.023478880764772156], [-0.4322868736845951, -0.8241565367578612, 0.19711963702056967, 0.0033731322926624993, -0.5506322977193524, 0.4543060718881077, 0.6572447937779122, 0.2357092634549059, 0.17628225496314587, -0.27948545888414894, -0.17683125805765088, 0.6212913626543134, 0.4397800764991222, -0.050155958515682664]], "inverted": true, "swapped": true, "error_lsq": 0.04626633470240942, "error_max": 0.3247687170365999, "target": "191.xyz", "model": "6.xyz", "model_rescale": 3.89814844738969, "target_rescale": 4.312779454967242},
{"mapping": [10, 13, 3, 7, 9, 12, 11, 8, 6, 0, 3, 1, 14], "R": [[-0.9890748553193213, 0.011625448997581687, 0.1469550254692516], [0.09658882973627335, -0.7019766964703457, 0.7056198095169647], [0.11136215041584352, 0.712105024942378, 0.6931846109851071]], "T": [-0.10514423264796485, 0.003415636657394694, 0.058065851710455724], "aligned_model": [[0.10489082686318152, -0.08601380749100491, 0.298689033964175, -0.40776331421513995, 0.6688834289542593, -0.5886664152684454, -0.5141338191429332, 0.28276149118551774, -0.361988526008278, -0.5534385368401677, 0.298689033964175, 0.11276483320476685, -0.10604242826588352], [-0.4276985801386389, 0.2688879763803947, 0.49670149564659255, -0.578096986287751, 0.0809664603572996, 0.5638927759570505, -0.05327219603087058, -0.5361123853564114, -0.33114751033671846, 0.6994959087660533, 0.49670149564659255, 0.18517290984599866, 0.09828990102089392], [-0.5033248023923989, -0.6330592024029785, -0.14519264384673167, -0.23401989362266276, 0.25895954348939454, -0.3389282059892913, -0.42341971788205546, 0.1446281989649345, 0.46159464938591566, 0.27213549281576677, -0.14519264384673167, 0.7825626357186825, 0.10553162044445216]], "inverted": true, "swapped": true, "error_lsq": 0.05289878025000535, "error_max": 0.3778772061064915, "target": "191.xyz", "model": "7.xyz", "model_rescale": 3.7474275329858107, "target_rescale": 4.312779454967242},
{"mapping": [1, 4, 4, 12, 2, 3, 8, 5, 9, 13, 7, 6, 0, 10, 14], "R": [[0.2814115995912131, 0.5946961783103206, 0.7530896142681922], [-0.6249810617206011, 0.7091139808942042, -0.32642921834750743], [-0.7281525829838862, -0.37880577820761124, 0.5712267485774989]], "T": [0.004736571328978277, 0.09629214135558666, -0.01942121391627249], "aligned_model": [[-0.3526788694448695, 0.11003358348337502, 0.11003358348337502, 0.4329175348041879, -0.4790678330690286, -0.6734560761537224, -0.16959599566092598, -0.2651725926102509, 0.36516698648617396, 0.6275206258326179, 0.1459264323969032, -0.4646605928356184, -0.4654013721833393, 0.17386962753133187, 0.006618995147816838], [0.38707197314801484, -0.5439519469425933, -0.5439519469425933, 0.4403546988630953, -0.2836299154727044, -0.05301943082055573, -0.5617626237951506, -0.2186394640110645, -0.3511689130276577, -0.11670533909522392, 0.17549824961839056, 0.3955039177626568, 0.5579631538221436, 0.736030149128234, 0.07429009608959808], [-0.6131409391815327, -0.45671504245277833, -0.45671504245277833, -0.30035650511015083, -0.594035889042393, 0.1591714071499583, 0.022797241830512422, 0.5645210702049392, 0.4807877031656259, -0.6316988661870239, 0.6421446916966894, 0.5781377484726326, -0.012831225670853926, 0.3512439320025178, -0.07495899736915487]], "inverted": false, "swapped": false, "error_lsq": 0.051695645276005196, "error_max": 0.3420936562039105, "target": "191.xyz", "model": "8.xyz", "model_rescale": 4.019505241142653, "target_rescale": 4.312779454967242},
{"mapping": [0, 3, 1, 4, 5, 6, 8, 12, 11, 13, 9, 7, 14], "R": [[-0.47382409026216443, -0.7530674109344871, 0.4564868082164704], [0.8799706799248513, -0.42479034992148007, 0.2126141130926669], [0.03379843132198712, 0.5024366957160026, 0.8639531427329599]], "T": [0.04056263436633549, 0.05917075217236749, 0.04421564846510255], "aligned_model": [[-0.22516961290493742, -0.6247390606636994, -0.02308288995933759, 0.32354999415814373, 0.29390808047756933, 0.5552303494374857, 0.2940495666188806, -0.2640238097827778, 0.17046983443373737, -0.37161780614775924, -0.3749942048392572, 0.5885167093827641, -0.022396378469636227], [-0.6781438815173452, 0.12539006931531604, 0.1875642695636271, -0.38373862351190147, -0.6415074668928176, 0.04382380080886184, 0.679210501824343, -0.6704760376446876, -0.28331245456107607, -0.10571193361283461, 0.6826129739636638, 0.09713137007959817, 0.01053564029931122], [-0.29794636482707476, 0.07095360921003756, -0.7205588341774871, -0.540090386832084, 0.0711004400032561, -0.23077270594113947, 0.0629095274585655, 0.32772096898444436, 0.5620416022741679, 0.6370194618248453, -0.24582492810290363, 0.50611893375424, -0.02596782958498893]], "inverted": false, "swapped": true, "error_lsq": 0.0550398550733568, "error_max": 0.37006987721008155, "target": "191.xyz", "model": "9.xyz", "model_rescale": 3.877068213659057, "target_rescale": 4.312779454967242},
{"mapping": [3, 13, 14, 7, 6, 12, 10, 11, 9, 2, 8, 0, 5, 1, 15], "R": [[0.986535338014288, 0.029148702948513985, -0.16092973611316674], [0.08906452893955226, 0.7295315606855461, 0.6781233012133463], [0.13716973621688516, -0.6833257313171592, 0.7171125493156981]], "T": [-0.04964230753313448, 0.00017923308943768555, -0.10991511603888879], "aligned_model": [[-0.37828719284403683, 0.10044471416572345, 0.2132342315394134, 0.5717274468900561, -0.5090628040655458, -0.7651691994613836, -0.23909186907191526, -0.29604312530691645, 0.3864951577835499, 0.5770354475549959, 0.3731497962399163, -0.3873746843377076, -0.47115543666855786, 0.01821133375055413, -0.09205977896011885], [0.2774986693018403, -0.3577073577593459, -0.7177307051351132, 0.5210319444478142, -0.30388649658631256, 0.05816390908734665, -0.6460615273390848, -0.21753777644734898, -0.40708219001892954, -0.10574409118528064, 0.1129138454736067, 0.35994075695483085, 0.6584336590690931, 0.8230017479209908, 0.03864827054048242], [-0.576656813754064, -0.7785178156833586, -0.2681010586578394, -0.015582455864907835, -0.38700971094740355, 0.09709758886215561, 0.1130030811846818, 0.5507975424008252, 0.17216208703597582, -0.3007307301845844, 0.5255852222504364, 0.514804439632113, -0.10509485803878224, 0.15704106511123436, -0.04044629629027276]], "inverted": true, "swapped": false, "error_lsq": 0.03952810229468115, "error_max": 0.32110637515244506, "target": "191.xyz", "model": "10.xyz", "model_rescale": 4.260839863003843, "target_rescale": 4.312779454967242},
{"mapping": [13, 0, 4, 5, 6, 7, 10, 3, 1, 2, 8, 14], "R": [[0.7255296362441954, 0.6334031304949845, -0.2690858993156634], [0.5198162363465462, -0.2481514121957147, 0.8174423264400889], [0.4509964826491194, -0.7329538531888801, -0.5092944352078632]], "T": [0.07768817575877136, 0.061087866157870256, -0.07676055869144735], "aligned_model": [[0.4805312303103987, 0.06052975833044209, -0.39204504089211606, -0.37713479261390553, -0.44307282275747745, -0.37656977402920283, 0.18569510184323368, 0.7290893219108656, 0.0934785399057017, -0.14989307290080517, 0.03411660944236117, 0.11417359054463411], [0.16547910308922628, -0.7704071013853804, -0.5264642623398978, -0.3594683272125274, 0.04649570185627349, 0.5376935533892395, 0.7412619955534162, -0.08283512211338756, -0.3224921870036667, 0.17179779515253885, 0.6085559927387457, -0.036538636191646316], [-0.6893903978271555, -0.2758661771320039, 0.15082965469268994, -0.49164033575002763, 0.1865492058010991, -0.3623232589046367, -0.34290209675030814, -0.12861595528932454, 0.6000205466836436, 0.619246446032929, 0.3072115054875425, -0.05694105964894349]], "inverted": false, "swapped": true, "error_lsq": 0.04660504177195338, "error_max": 0.28341929203394856, "target": "191.xyz", "model": "11.xyz", "model_rescale": 3.890672605050136, "target_rescale": 4.312779454967242},
{"mapping": [8, 10, 13, 9, 3, 4, 7, 1, 2, 5, 12, 11, 0, 14], "R": [[-0.88041135287246, -0.4001090789870735, 0.2545359987219896], [0.30556680712282536, -0.8891262605060566, -0.3407101690047987], [0.36263587262989716, -0.22218734840362137, 0.9050569076535029]], "T": [0.10249261906515496, -0.049391729699798846, 0.048983459558775345], "aligned_model": [[0.23254864959924432, 0.24635423014977387, 0.36217919330152726, 0.7894886768153898, 0.6945492836913318, -0.3839532100966603, -0.3289353740904336, 0.2179958681480816, 0.06296973432217336, -0.4945051006962843, -0.04198078780400864, -0.18889293322028577, -0.08543976272612509, 0.12749736739996917], [-0.4853239688411806, 0.1652134982690966, 0.630672150735771, -0.4658387772865346, 0.17779555456593438, -0.32658114662382537, 0.0640176388079173, -0.658472595055443, -0.7876873753924285, 0.27899391081919306, 0.6891743870299001, 0.4776794585195044, 0.22201720841289588, -0.049507424133035695], [-0.4430560600755832, -0.6426682545619197, -0.08729338526924268, 0.03900850239399154, 0.26248077958223903, 0.600527280294786, -0.5132064760113393, 0.5191910267936483, 0.006168218373528191, 0.3516602962250178, 0.42205199553968514, -0.15002600863418158, 0.8378687159933146, 0.15208380471291705]], "inverted": true, "swapped": true, "error_lsq": 0.04792690721418497, "error_max": 0.331078456641482, "target": "191.xyz", "model": "12.xyz", "model_rescale": 4.124412569039231, "target_rescale": 4.312779454967242},
{"mapping": [8, 7, 4, 10, 2, 9, 11, 3, 5, 13, 1, 0, 14], "R": [[0.13122679849201485, 0.372285223549505, 0.9187944490930666], [0.9912039583172525, -0.033235934498463404, -0.12810185663847695], [-0.017153436208153072, 0.927523091348517, -0.3733720324844161]], "T": [0.08151639607705319, 0.09573915581765205, -0.00019641216462634378], "aligned_model": [[-0.05105964967080617, -0.42151221166736896, 0.7030886212280537, -0.6033537038057855, 0.49452284333868823, 0.3040491197444085, -0.38638428186383406, 0.09621212296276743, 0.14252972899322447, -0.44569729755873533, 0.8203236756736391, 0.5516463780988016, 0.16293296203670465], [-0.307659546223213, 0.3821644247938064, 0.5637703873841412, -0.12540348884127595, -0.1574043188416023, -0.6761628627424077, 0.5039368704403195, -0.2933568357843308, 0.827683434045597, 0.08566977647288171, -0.1183764165171865, 0.5633649614840676, 0.0992589908376804], [0.5182121683669078, 0.4240347829195556, 0.11052322906886891, 0.16467486386993696, 0.5599997316123695, -0.011930431876829472, -0.1296488255115105, -0.5443605481089974, -0.12822617639756978, -0.5202345892156075, 0.11699566382537913, -0.5402197871328391, -0.06812200045182436]], "inverted": true, "swapped": true, "error_lsq": 0.059570080568061706, "error_max": 0.42842296180639283, "target": "191.xyz", "model": "13.xyz", "model_rescale": 3.9028299243045295, "target_rescale": 4.312779454967242},
{"mapping": [14, 11, 1, 5, 9, 7, 6, 3, 2, 12, 0, 4, 10, 4, 15], "R": [[0.7604467132459433, 0.02302390060349646, -0.6489920618269863], [0.5758751253614248, -0.4858099270449272, 0.6575382534686223], [-0.3001476908180468, -0.8737611886468768, -0.3826914539299138]], "T": [0.07018706644519682, -0.0025876096634456867, -0.022303767482324554], "aligned_model": [[-0.25834913336334153, 0.020347851702290365, 0.16080823359141802, 0.31638454437012486, -0.5797824050019177, -0.8212482503411034, -0.29566889609861946, -0.18566041056285296, 0.5326845757348663, 0.5696473354958365, 0.3389449703863274, -0.1344500429128895, -0.3890074643604745, -0.1344500429128895, -0.038146828518748815], [0.2213213618644697, -0.3292284507004152, -0.6048229550268983, 0.4462706667075119, -0.23963315351264552, 0.12703069739947415, -0.5520058325919805, -0.16190209380388015, -0.46366384079480827, 0.026907590153409454, 0.13408112178127277, 0.4772472609932951, 0.5574482446337385, 0.4772472609932951, -0.022415219771248808], [-0.8128601479306947, -0.6831203093291505, -0.24879692102747197, -0.026161649265159414, -0.37186714198208265, 0.07345700892128328, 0.07095551213330219, 0.5234529630211424, 0.31777641797742084, -0.5059459511145141, 0.749905566933668, 0.4104148758161864, -0.19795349514723365, 0.4104148758161864, -0.051320317766672896]], "inverted": false, "swapped": false, "error_lsq": 0.05268201743016084, "error_max": 0.3845386314742127, "target": "191.xyz", "model": "14.xyz", "model_rescale": 3.942246331269136, "target_rescale": 4.312779454967242},
{"mapping": [12, 0, 2, 8, 1, 4, 5, 10, 9, 7, 6, 4, 13, 11, 14], "R": [[-0.40080234218781774, 0.9152820124372368, -0.04020348499323523], [-0.2586777337563041, -0.07096005552699836, 0.9633537774765344], [0.8788875426102376, 0.3965141967552324, 0.26520403318217234]], "T": [-0.11134948560180977, -0.0008344749324621318, 0.016040391505888246], "aligned_model": [[-0.5989342328657605, 0.2423576363280804, 0.21830888055842604, 0.4301831655694043, -0.5335191923606046, -0.5421633981326082, -0.27165635435223773, -0.16223970792770281, 0.335699654239218, 0.6974514389529113, 0.3795906949866845, -0.5421633981326082, -0.5031368123253666, 0.05078942854742832, -0.09851376587723788], [0.27696922336574475, -0.14799057170706026, -0.5943088144350104, 0.44832786701532235, -0.33913483460169314, 0.19774241801928055, -0.604153552722095, -0.04153871475178635, -0.49944301452032397, -0.23988982172960127, 0.14600555638156873, 0.19774241801928055, 0.7006226154478228, 0.6224692158983062, -0.029537331355166382], [-0.5782343577558793, -0.6116170293427755, -0.3329029973296997, -0.3061963298330196, -0.5872564186327703, 0.36046827550795685, -0.0983595927406765, 0.7265007114221479, 0.4629172167606988, -0.1242204859195968, 0.24010541248384445, 0.36046827550795685, -0.1080180119956476, 0.33118243276950315, -0.07648581384583346]], "inverted": false, "swapped": false, "error_lsq": 0.056850768415421145, "error_max": 0.4308351532478183, "target": "191.xyz", "model": "15.xyz", "model_rescale": 4.355366556412066, "target_rescale": 4.312779454967242},
{"mapping": [4, 6, 5, 3, 0, 1, 13, 9, 7, 2, 10, 14], "R": [[0.08367863757290644, 0.5437821977627293, -0.8350441946449769], [-0.8538054783907019, -0.3929658465752765, -0.34145870686717195], [-0.5138230149418836, 0.7415381074642842, 0.43140137284705143]], "T": [0.011523317325614672, 0.07889618289641541, -0.0883408480177662], "aligned_model": [[-0.16207843795063195, 0.31125457627619757, -0.0007971540469168571, -0.5068176155978036, -0.6084493284577316, -0.33895154017600676, -0.12191436493657995, -0.25392146155132495, 0.6849539769621371, 0.19569707221212856, 0.4871342094254463, -0.08830137752713296], [-0.6708111502073536, -0.3548328842569118, -0.5054055108991107, 0.4986717472369804, -0.43916437072114634, -0.20076637184437457, 0.5040774056645321, 0.563612854083284, 0.04620488923794365, -0.0820750047028354, 0.6086202081550648, 0.044644615994907495], [0.07123812619602171, 0.1622130376554931, -0.5512624508476056, -0.14160823725503058, -0.3686416166554123, 0.5475615714705567, -0.6798733403678401, 0.494822975122015, -0.3342508880331359, 0.6106898870137799, -0.28409681099543754, -0.07753379209398359]], "inverted": true, "swapped": true, "error_lsq": 0.0479169123295364, "error_max": 0.24432025138359473, "target": "191.xyz", "model": "16.xyz", "model_rescale": 3.795458400668931, "target_rescale": 4.312779454967242},
{"mapping": [10, 13, 3, 7, 9, 12, 11, 8, 6, 0, 3, 1, 14], "R": [[-0.9890748553193213, 0.011625448997581687, 0.1469550254692516], [0.09658882973627335, -0.7019766964703457, 0.7056198095169647], [0.11136215041584352, 0.712105024942378, 0.6931846109851071]], "T": [-0.10514423264796485, 0.003415636657394694, 0.058065851710455724], "aligned_model": [[0.10489082686318152, -0.08601380749100491, 0.298689033964175, -0.40776331421513995, 0.6688834289542593, -0.5886664152684454, -0.5141338191429332, 0.28276149118551774, -0.361988526008278, -0.5534385368401677, 0.298689033964175, 0.11276483320476685, -0.10604242826588352], [-0.4276985801386389, 0.2688879763803947, 0.49670149564659255, -0.578096986287751, 0.0809664603572996, 0.5638927759570505, -0.05327219603087058, -0.5361123853564114, -0.33114751033671846, 0.6994959087660533, 0.49670149564659255, 0.18517290984599866, 0.09828990102089392], [-0.5033248023923989, -0.6330592024029785, -0.14519264384673167, -0.23401989362266276, 0.25895954348939454, -0.3389282059892913, -0.42341971788205546, 0.1446281989649345, 0.46159464938591566, 0.27213549281576677, -0.14519264384673167, 0.7825626357186825, 0.10553162044445216]], "inverted": true, "swapped": true, "error_lsq": 0.05289878025000535, "error_max": 0.3778772061064915, "target": "191.xyz", "model": "17.xyz", "model_rescale": 3.7474275329858107, "target_rescale": 4.312779454967242},
{"mapping": [10, 3, 13, 9, 7, 6, 11, 0, 8, 5, 2, 1, 4, 14], "R": [[-0.2706698912198625, 0.8131710667126406, 0.5152578250239915], [-0.2351780750257377, 0.4631646072488502, -0.8544997481680185], [-0.9335036598826042, -0.35246469731512814, 0.06587529227516786]], "T": [0.06661771524460468, -0.0509673098567017, -0.017548708156198405], "aligned_model": [[0.40054975530739534, 0.22341133031683846, 0.7480479283079778, -0.37045353870424347, 0.3023416466929406, -0.286464050743575, 0.6339828455068572, 0.1933096605616586, -0.274625003983183, 0.35842460223990297, -0.6480809935835523, -0.6243171702097693, -0.2873489498781079, 0.04606958605173675], [-0.646552355766537, 0.3139694865129903, -0.0002310824598433514, -0.006251615294793206, -0.6541714727616351, -0.22369848318449254, -0.19788939476425352, 0.72306260477713, -0.5825680165458328, 0.1864319344643392, -0.24202379374836214, 0.30650781232427815, 0.3307795740138766, 0.053043043944368706], [-0.29844282765609353, -0.5560309816300054, -0.30316046684608117, -0.690200514226724, 0.29168952977146473, 0.4139998860939029, 0.22499006377719444, 0.32325648821955577, -0.24117444975307914, 0.6261492126510867, 0.01678552122463573, -0.03291680692848439, 0.5712135701809018, -0.021363506216619216]], "inverted": false, "swapped": true, "error_lsq": 0.04641620489613824, "error_max": 0.3242105948299167, "target": "191.xyz", "model": "18.xyz", "model_rescale": 3.922800546911778, "target_rescale": 4.312779454967242},
{"mapping": [4, 11, 7, 2, 13, 8, 12, 5, 3, 9, 0, 1, 6, 1, 14], "R": [[0.6096671166452337, 0.6555231866237748, -0.44564039166136965], [0.1116525013506604, -0.6276246814327904, -0.770468025422554], [-0.7847545640667712, 0.41997215509483515, -0.4558329333444128]], "T": [-0.12021216762580364, 0.017250192986308123, -0.05425359414849887], "aligned_model": [[-0.4500991391346343, -0.001944706748520264, 0.23306152098141933, 0.49986387788902154, -0.4946638392545759, -0.7159340083830328, -0.24802924148002006, -0.3187619208305654, 0.3260955174817046, 0.6301592976742165, 0.34077001158073383, -0.1025352499809318, -0.42956473588839805, -0.1025352499809318, -0.06382809671745864], [0.24977872997789283, -0.1579090025867876, -0.6384133170613256, 0.375892330049121, -0.3972055627483441, 0.06689590241790702, -0.7112183460956591, -0.15699660019890466, -0.35580167321142075, -0.0032263749105093595, 0.011527446600957204, 0.6234317249187891, 0.6176082643110096, 0.6234317249187891, -0.053912588056925566], [-0.6550632184101699, -0.7343827559057573, -0.3432416243305788, -0.05101660642821526, -0.4540361837806909, 0.07628929536092857, 0.2133476535422459, 0.6618118852266159, 0.2118121851720939, -0.3693195557274219, 0.6428154959026086, 0.37026319098774607, -0.19439262018240985, 0.37026319098774607, -0.08679904535853174]], "inverted": false, "swapped": false, "error_lsq": 0.051812173507337286, "error_max": 0.40329365598101224, "target": "191.xyz", "model": "19.xyz", "model_rescale": 3.9282355846067225, "target_rescale": 4.312779454967242},
{"mapping": [3, 0, 4, 12, 13, 5, 11, 6, 10, 8, 1, 9, 2, 14], "R": [[0.5030061958238936, 0.864001824781196, 0.02203664533313965], [-0.1916848077915999, 0.1363849147551887, -0.9719342001849292], [-0.8427583885222816, 0.48466483450110537, 0.23421848085354854]], "T": [-0.04172578365769591, -0.023918310741477725, 0.0641644598369048], "aligned_model": [[-0.6443663998435374, -0.055215787423077145, 0.5172728771221412, -0.38413634222705145, -0.6694676404541405, 0.22456893092531077, -0.14350009885792117, 0.5411472962678251, -0.295028631379201, 0.12249535256570418, 0.2515802220305297, -0.3206694128414904, 0.4480030346461757, -0.06016058144659129], [-0.27751821276467653, -0.7305082559019169, -0.5412869182337628, -0.25833028176987743, 0.1778724830090651, -0.19117283020837195, 0.28957020794585664, -0.009954179041905709, 0.6668441994332083, 0.3747347437431947, -0.5920189714819597, -0.1686691481676973, -0.08843055791230779, -0.1282501912240127], [0.2064235169632857, -0.417364364668514, -0.1295216908903137, -0.6661359193436845, -0.27305359058635714, -0.6118308984731676, -0.47775922794467685, 0.09246563712301488, 0.1259583311744598, 0.5771571865403636, 0.5076155661265124, 0.8035756264963585, 0.6159610874385223, 0.058691897287878686]], "inverted": true, "swapped": true, "error_lsq": 0.04859059819399728, "error_max": 0.31015916878882566, "target": "191.xyz", "model": "20.xyz", "model_rescale": 4.067790424073018, "target_rescale": 4.312779454967242},
{"mapping": [9, 11, 11, 0, 10, 1, 13, 5, 6, 3, 4, 8, 7, 0, 14], "R": [[0.13123636678300565, 0.9468183432338038, 0.29378910965110905], [-0.3590844966106135, -0.23082734447246134, 0.9043102682916377], [0.9240321100088993, -0.22417350860390847, 0.3096948461190703]], "T": [-0.0028727858366661974, -0.0014165373686953336, 0.01994079882157768], "aligned_model": [[-0.5142197614703797, 0.16204296469382784, 0.16204296469382784, 0.27572088803478345, -0.5468394637273393, -0.8149684880618734, -0.3895522142219181, -0.29937851442515717, 0.49795042193669836, 0.7407530138220177, 0.23346362780835897, -0.23348975726116974, -0.40048563545370697, 0.27572088803478345, -0.04670689719472639], [0.2258355324843055, -0.46096023482958265, -0.46096023482958265, 0.6489046902310077, -0.345419912562223, 0.11240517094638734, -0.5841394071452995, -0.18749679147197973, -0.4705649360020822, -0.02366658157110238, 0.045594743015696895, 0.3429652990775279, 0.6276004024233955, 0.6489046902310077, -0.02511977167288591], [-0.5194390920963831, -0.40391606301987953, -0.40391606301987953, -0.04271616673679024, -0.4870589573457346, 0.049100538573547806, -0.01225519130407637, 0.4952560760902039, 0.2967670932928534, -0.39269781093978917, 0.7844063205021216, 0.4115845909873285, -0.03396345409779558, -0.04271616673679024, -0.04008436709272753]], "inverted": true, "swapped": false, "error_lsq": 0.04995673302140588, "error_max": 0.39125660770044524, "target": "191.xyz", "model": "21.xyz", "model_rescale": 4.186013935880536, "target_rescale": 4.312779454967242},
{"mapping": [7, 6, 8, 13, 12, 10, 11, 5, 9, 4, 0, 3, 14], "R": [[0.9179258461573223, 0.22285001694324824, 0.3282529678536933], [0.3965059867603292, -0.48613590082092645, -0.7787521354039705], [-0.013969374344667801, 0.8449909797633465, -0.5345980739761398]], "T": [0.05754313284896797, 0.07524062268601969, -0.047690367550903], "aligned_model": [[0.03612807951054119, -0.3048781044044793, 0.4361234181826668, 0.3680254842788175, -0.25478761052199045, 0.5824084774267657, -0.04851677619405729, -0.5942747884757369, 0.6101036491968012, -0.6666258159103808, -0.54529011887153, 0.42211462832241864, 0.01804351288338866], [-0.4244989383016201, 0.22651702511964825, 0.2551317628650317, -0.4516616064056307, -0.41140619386913657, -0.36303547902179345, -0.5492406356500845, -0.267121264541923, 0.6540502268450036, 0.3804207982195641, 0.14410521420800668, 0.19483274742757056, 0.1308630026514569], [-0.5623272186160986, -0.47955062013984506, -0.5705388373056333, 0.37000584643340967, 0.561536182506287, -0.3261936698555101, -0.014693403405941219, 0.0696911018868738, 0.024056022499387875, -0.05810659862451317, 0.5549464038857501, 0.5004990251826362, 0.03355532688854257]], "inverted": false, "swapped": true, "error_lsq": 0.05439966902540305, "error_max": 0.4539870031216129, "target": "191.xyz", "model": "22.xyz", "model_rescale": 4.166573947596378, "target_rescale": 4.312779454967242},
{"mapping": [3, 2, 1, 12, 4, 8, 0, 7, 5, 6, 13, 10, 9, 14, 15], "R": [[-0.3598932134479865, -0.9032214283831161, 0.23381173243369485], [-0.7365407741699226, 0.12121920659858498, -0.6654424031700871], [0.5726993651989263, -0.41170007925815766, -0.7088853799025437]], "T": [-0.08111565753541991, 0.12080667690045212, -0.11749988947798458], "aligned_model": [[-0.3999251526053562, 0.09741835241905047, 0.16435830829138467, 0.41528635907646316, -0.5222996879047729, -0.8745225340103189, -0.3352640409583171, -0.23449888854818804, 0.3309672081974204, 0.6034804448088449, 0.31233624108462155, -0.17238345461721444, -0.4278951586020652, 0.19465747281055149, -0.04966143223407754], [0.1932660744683477, -0.17551416700420597, -0.5372740702701329, 0.5243283868800305, -0.3628557927519355, 0.0019685528167045496, -0.6332617843816897, -0.22622701393216127, -0.38896729841809385, -0.13624719626294285, 0.15098515706545146, 0.29202518523168697, 0.6108652379090292, 0.7211641289242885, 0.0596272580502126], [-0.6220162852208924, -0.6946730038434236, -0.2390372218981378, -0.25940345781941043, -0.4510876293027582, -0.015215145513958125, 0.06565337350448473, 0.48866085613442617, 0.39375365531039336, -0.328115926174154, 0.6315648618639536, 0.6058918748687916, -0.12347907874287341, 0.3178136453436157, -0.11195923145384758]], "inverted": true, "swapped": false, "error_lsq": 0.03960178294299458, "error_max": 0.24451617588150054, "target": "191.xyz", "model": "23.xyz", "model_rescale": 4.274766983524099, "target_rescale": 4.312779454967242},
{"mapping": [3, 11, 12, 0, 5, 4, 1, 6, 8, 7, 14], "R": [[0.8566974588238538, -0.13337516921049153, 0.498277561488398], [-0.4379587404046208, 0.3222595156581399, 0.8392502286392177], [-0.27250982688326947, -0.9372085513939009, 0.2176660870374543]], "T": [0.15335645196283637, 0.051534630887713366, 0.003486318628747074], "aligned_model": [[0.2764480129630724, 0.03255698658982975, -0.3803180065543446, -0.6359081774762378, -0.49800846915090086, -0.5039351195365063, -0.024130386500249318, -0.008780039153018088, 0.7091592007598322, 0.32665638496595223, 0.08615431705064502], [-0.17939858242582413, 0.6661365927057133, 0.4437133609312473, -0.08582919970050751, 0.4040581006365869, -0.20733321727493725, -0.6817831286085808, -0.003956306407351826, -0.05716176272609042, 0.6320019062190196, -0.014861232105791496], [-0.6123420507378509, -0.09644497605467246, -0.513156713493379, -0.29570235494617925, 0.08897091708027813, 0.3478978907038557, 0.19364189481767694, 0.5614912424766637, 0.3617080035225705, 0.38829042111528783, -0.044787840462673534]], "inverted": false, "swapped": true, "error_lsq": 0.044746717417291616, "error_max": 0.24024078065530993, "target": "191.xyz", "model": "24.xyz", "model_rescale": 3.7841303162186577, "target_rescale": 4.312779454967242},
{"mapping": [10, 7, 1, 11, 0, 9, 8, 2, 4, 6, 5, 12, 14, 13, 15], "R": [[0.7553759613605139, -0.545740589867787, 0.36273180942597205], [0.12447732703821762, 0.6629645352491585, 0.7382299235707586], [-0.6433603594037328, -0.5124892521532791, 0.5687198030447617]], "T": [-0.07171238809402808, -0.009127508619405958, -0.08115933571758661], "aligned_model": [[-0.5466425766931846, 0.05643860233587217, 0.02353352482793511, 0.33506598554297945, -0.18633605184501845, -0.5798479424293614, -0.3584034522501924, -0.2901678407645072, 0.4043482809275721, 0.6298984643555388, 0.20057870100270642, -0.18594748308358194, -0.533410421290675, 0.1354783708242454, -0.0025321242523024257], [0.3004890331592764, -0.03659158883138284, -0.7449490516579019, 0.5086029925931824, -0.5164900604040371, 0.1275876753706633, -0.5173975440819079, -0.303163934685566, -0.41644145476110245, -0.1060861088088055, 0.03784005819292471, 0.4190184215313249, 0.6223628189742353, 0.7271630333695132, -0.008061631635826518], [-0.6139200871730385, -0.7180491284213204, -0.13147103093164514, -0.4760188702587689, -0.6015194092306114, 0.17427739894093636, 0.013326580814011432, 0.5780923789347133, 0.32401461649003105, -0.22387476521745947, 0.7513010873115966, 0.5343187808683963, 0.05057469408711253, 0.0829998080045173, -0.08570076716226138]], "inverted": false, "swapped": false, "error_lsq": 0.05418591213318203, "error_max": 0.42913613226522074, "target": "191.xyz", "model": "25.xyz", "model_rescale": 4.19342608120988, "target_rescale": 4.312779454967242},
{"mapping": [4, 6, 5, 3, 0, 1, 13, 9, 7, 2, 10, 14], "R": [[0.08367863757290644, 0.5437821977627293, -0.8350441946449769], [-0.8538054783907019, -0.3929658465752765, -0.34145870686717195], [-0.5138230149418836, 0.7415381074642842, 0.43140137284705143]], "T": [0.011523317325614672, 0.07889618289641541, -0.0883408480177662], "aligned_model": [[-0.16207843795063195, 0.31125457627619757, -0.0007971540469168571, -0.5068176155978036, -0.6084493284577316, -0.33895154017600676, -0.12191436493657995, -0.25392146155132495, 0.6849539769621371, 0.19569707221212856, 0.4871342094254463, -0.08830137752713296], [-0.6708111502073536, -0.3548328842569118, -0.5054055108991107, 0.4986717472369804, -0.43916437072114634, -0.20076637184437457, 0.5040774056645321, 0.563612854083284, 0.04620488923794365, -0.0820750047028354, 0.6086202081550648, 0.044644615994907495], [0.07123812619602171, 0.1622130376554931, -0.5512624508476056, -0.14160823725503058, -0.3686416166554123, 0.5475615714705567, -0.6798733403678401, 0.494822975122015, -0.3342508880331359, 0.6106898870137799, -0.28409681099543754, -0.07753379209398359]], "inverted": true, "swapped": true, "error_lsq": 0.0479169123295364, "error_max": 0.24432025138359473, "target": "191.xyz", "model": "26.xyz", "model_rescale": 3.795458400668931, "target_rescale": 4.312779454967242},
