[{"mapping": [13, 0, 1, 5, 11, 2, 8, 7, 3, 10, 14, 4, 12, 15], "R": [[-0.4513012588423263, 0.636838373399168, 0.6251112380477843], [0.23632193291544526, -0.5902030687142739, 0.7718887754743957], [0.8605109632017709, 0.49608187212047583, 0.11586051252693624]], "T": [-0.024895489107861192, 0.13397825811166075, 0.15253527590650698], "aligned_model": [[0.22050615362265025, 0.252552807897777, -0.530887980649756, -0.38322143329394676, -0.7043882572071689, -0.19375531289858067, -0.7339302516098161, 0.14441669603546567, -0.5090833141220156, 0.24901379078614047, 0.6578656066112363, 0.25185961153873143, 0.6760162315971376, -0.025472247179551644], [-0.5830071128816133, -0.5296743485701533, -0.38968409661176173, -0.3130224423550703, 0.29698897107294187, 0.4807590127359659, 0.20421028663193874, 0.4746290420864999, 0.6849321346461992, -0.094948959480218, 0.47413164296899174, 0.566902297835643, -0.11286288074424303, 0.07591978447491417], [0.33979490028912623, -0.28604930993525157, 0.2650565000504674, -0.3649958227039044, 0.5060840017694014, -0.46783048571224184, -0.20900293118262145, 0.673574855102662, 0.09452874775108987, 0.7968338856618067, 0.3088586507891, -0.0896114247178231, 0.11944369787301803, 0.2109028221450041]], "inverted": false, "swapped": true, "error_lsq": 0.04297350353826337, "error_max": 0.29821030207732035, "target": "192.xyz", "model": "0.xyz", "model_rescale": 3.8414455957264533, "target_rescale": 4.341007722967447},
{"mapping": [14, 13, 2, 0, 6, 5, 8, 4, 11, 3, 1, 10, 9, 7, 15], "R": [[0.4455557870107619, -0.6780008564834156, -0.58463225985997], [0.8822625089810628, 0.44338344449558437, 0.1581897164599246], [0.1519635018932535, -0.5862814680296367, 0.7957267962921403]], "T": [-0.08168623098345779, 0.031879806200554736, -0.0031114112329211838], "aligned_model": [[-0.7481000217075089, -0.3693937906616222, 0.11850408071436219, -0.38555809314521317, -0.31998687895680084, 0.2625168874823856, 0.6374350228166017, -0.32951283778661355, 0.5981858839819714, 0.43273758434385395, 0.39275550199851555, -0.3808584888140361, 0.2918105971130339, -0.243028447035383, -0.08546284683900222], [0.19970142271961489, 0.16510385184162413, -0.5601665617684237, -0.4560292032947164, -0.5002681618795721, -0.5090907592136875, -0.3119124794329521, -0.18450250264935958, 0.4072659585136418, 0.020180093530265928, 0.11658792714841984, 0.6541436892348093, 0.6477043095249423, 0.5722181710368979, 0.08610877273150994], [0.3629932201962047, -0.7164359300630099, 0.37508053386151935, -0.6190460414044782, -0.027835791736519365, -0.4331353723296036, 0.05206280487766641, 0.4599353508822037, 0.09757999824519883, 0.5228011634565821, -0.5604634233264033, -0.2597011287094942, -0.3339623527504318, 0.3102493338437844, -0.0649405777036844]], "inverted": false, "swapped": true, "error_lsq": 0.0377783864411908, "error_max": 0.2325263706211904, "target": "192.xyz", "model": "1.xyz", "model_rescale": 4.316132596720782, "target_rescale": 4.341007722967447},
{"mapping": [11, 8, 3, 10, 7, 9, 14, 13, 2, 1, 6, 15], "R": [[-0.7138526589124605, -0.6281180057845573, -0.309648433183249], [-0.6843740889709536, 0.7194711038121266, 0.11829385920045517], [0.14848059707849862, 0.2963597502843304, -0.9434640484420282]], "T": [0.024182954345456732, 0.11210371191104786, -0.11714777195571818], "aligned_model": [[-0.13745166559005415, 0.5617351240996094, 0.19100202208204103, -0.6613453411248859, -0.5354839542497495, -0.4618849580735193, -0.3240550786634521, -0.19599365799892968, 0.6538220155838437, 0.07267117333771458, 0.46444055535060036, -0.029647680121437682], [-0.6172200938354169, -0.4400381683933243, -0.5551859744752656, 0.31514792000065567, -0.027884886118331717, -0.23084629146120045, 0.483781671663049, 0.6325564916720442, -0.06616318679786841, -0.07875166726195436, 0.46976070640220663, 0.12761990634638667], [0.11788552783066591, 0.09392026507986184, -0.37839220606096374, 0.05999247973714952, -0.40588287476596024, 0.4066129794370578, -0.7061212885019221, 0.4213755040618718, -0.4418010877323992, 0.5928767388844343, -0.2543872443984395, -0.05682033236193535]], "inverted": false, "swapped": true, "error_lsq": 0.04835872446764642, "error_max": 0.226152387423732, "target": "192.xyz", "model": "2.xyz", "model_rescale": 3.795458400668931, "target_rescale": 4.341007722967447},
{"mapping": [10, 12, 0, 2, 9, 8, 6, 7, 4, 3, 1, 15], "R": [[-0.6259375424848945, 0.47374385508090006, -0.6194908818385128], [-0.4608533471422555, 0.4161237971100768, 0.7838719142222609], [0.6291394005590103, 0.7761493060305981, -0.04214106563045589]], "T": [0.07807295513509727, -0.023156206140403125, 0.03751744100482403], "aligned_model": [[0.05865016026542494, -0.2959479181743395, -0.7422781554597412, 0.19253261964247326, 0.1515570487960289, 0.14559955062931512, -0.23427411439445556, 0.5488494591698618, 0.3247741204585748, 0.6506533825057154, -0.254325259759251, 0.0475129320639584], [-0.1655800409898376, -0.6395696968744191, -0.1676155168390938, -0.009046198985380428, 0.4929640876861944, 0.6061360860818246, -0.2930682806728746, -0.21980587991293934, -0.4221905009883125, 0.2993088322297862, 0.6064931733017122, -0.0022570187469504663], [-0.6849040906546731, -0.14536403799187403, 0.16370912735204912, 0.7588523860589159, -0.5594934259608201, 0.5251690351805767, 0.4500301485975572, -0.3573118952957447, 0.357770155421668, 0.36845661138211655, -0.1521263694328463, -0.03601621401782508]], "inverted": true, "swapped": true, "error_lsq": 0.04115500681865023, "error_max": 0.19285707443469627, "target": "192.xyz", "model": "3.xyz", "model_rescale": 3.7530521520055578, "target_rescale": 4.341007722967447},
{"mapping": [11, 10, 7, 14, 3, 13, 8, 1, 5, 6, 15], "R": [[-0.37078678505857954, -0.16905480082347502, 0.9132018584871903], [-0.6559688287454809, 0.743741761776279, -0.12865880266891472], [-0.6574359708292549, -0.6467369373311316, -0.38666429645280587]], "T": [0.057586816155036046, -0.004068010925375183, 0.01669018514182706], "aligned_model": [[-0.35901627059021834, -0.12529448738967866, 0.25378891722642205, 0.6855435977019512, 0.1645848069240719, -0.35742884587511436, -0.23169785548924074, -0.6703769136146642, -0.33509369353385454, 0.31494012894587436, -0.0017497818603434065], [-0.6598195411915904, 0.2078664411709797, -0.2331739293767851, 0.19781192714546808, -0.7075622758308826, 0.6227518457160149, -0.4653919513122551, -0.013454032250504282, 0.16775184694803458, 0.3269188689943794, 0.02350415830148702], [-0.08185632502734992, -0.664626833526741, -0.5535790753091433, -0.39709575916498285, 0.2037731359563439, -0.19358350076979391, 0.6013843857536372, 0.130234889455064, 0.6588159518529377, 0.42264204369672576, -0.033278135671381194]], "inverted": false, "swapped": true, "error_lsq": 0.0435808639314864, "error_max": 0.1915245239035258, "target": "192.xyz", "model": "4.xyz", "model_rescale": 3.7855080009869324, "target_rescale": 4.341007722967447},
{"mapping": [11, 4, 2, 3, 14, 1, 12, 10, 0, 7, 8, 5, 13, 6, 15, 16], "R": [[-0.11022048867918187, 0.7721494781235119, -0.6258087785489357], [-0.07301781840387334, 0.6216529271756902, 0.7798820656544392], [0.9912213890301507, 0.13165417413619807, -0.012138219047880275]], "T": [-0.01112171866335557, 0.024258372557951453, -0.01558863603777784], "aligned_model": [[-0.5940454936031617, 0.15622181383622358, -0.25565443600848137, 0.2782399220438289, -0.4198035611217798, -0.41715084239545336, -0.691587894858556, 0.6326899219016628, 0.0931090656015531, 0.5963244043444053, 0.22686060029187818, 0.6464447230431025, -0.4151009677188305, -0.006233359049681754, 0.05296941004803253, -0.03297073873641418], [0.3898834372927509, 0.013441261298298455, -0.6537712062129686, -0.5862786673100625, -0.16552293454497916, -0.3107524840736626, 0.021921477893685055, 0.0715515298177218, -0.5605225600685283, 0.297052044484803, 0.6227013226592524, -0.3540958025544322, 0.6041891132122899, 0.5288853482336229, 0.3191063445630905, -0.002221193886117599], [-0.4142795099588394, -0.7359218340093183, 0.1464771778719698, 0.14544232134523466, 0.4890494577006558, -0.5596584988400348, -0.020646796549610887, 0.32239687078709595, -0.5211982559705278, -0.3590450263923818, 0.26820763825482336, -0.2976484480206947, 0.14362424425801817, -0.4295992487371086, 0.7514023073968972, 0.025741801639149457]], "inverted": false, "swapped": false, "error_lsq": 0.03673665103598886, "error_max": 0.24922722510295098, "target": "192.xyz", "model": "5.xyz", "model_rescale": 4.2253639853439635, "target_rescale": 4.341007722967447},
{"mapping": [7, 3, 1, 9, 11, 5, 13, 10, 2, 4, 8, 0, 12, 15], "R": [[-0.11105366503386863, -0.6805430837570161, -0.7242431874950821], [0.7901004960289786, 0.3815909514568493, -0.479718200552177], [0.6028335505405349, -0.6254993660402446, 0.49532035434246485]], "T": [0.11588225793779233, 0.05072533542223949, -0.006357514703082483], "aligned_model": [[0.5893982585777182, -0.21773080426129104, -0.3451054650976881, 0.05634830895638501, -0.2394355174382528, -0.5333650209821983, 0.2862149371393438, 0.6359906619223725, -0.28238820619228355, 0.3015371720083343, -0.6509255872413902, -0.0008117343713660852, 0.6394151791129901, 0.13491997062510955], [-0.16394382608359892, 0.12296086164025362, -0.46408646140676485, -0.7362014318765422, -0.4512174817805498, 0.14091985384931588, -0.29326683815772125, -0.45382029621887493, 0.6274074976933541, 0.5391334319871821, 0.08044392309621735, 0.25097741054784556, 0.26652760603963027, -0.020735102694756466], [-0.3883150568277762, -0.6581528313103554, 0.24931966885142348, -0.07986953292636556, -0.4912103818277664, 0.4015499088432328, 0.6733573654554085, 0.12583785887520754, -0.21237336646495864, -0.22916105735749373, -0.22883277528236856, 0.8036118658118362, 0.47597587729068264, 0.029820665800742087]], "inverted": true, "swapped": true, "error_lsq": 0.03809702474710281, "error_max": 0.2464565647528362, "target": "192.xyz", "model": "6.xyz", "model_rescale": 3.89814844738969, "target_rescale": 4.341007722967447},
{"mapping": [11, 8, 2, 9, 4, 5, 1, 7, 13, 0, 6, 12, 15], "R": [[-0.013761186267630843, 0.4494097969728905, -0.8932197177275552], [0.9392090355517886, 0.3123044753914429, 0.14266149511467768], [0.343069988909533, -0.8369568382152459, -0.42638742204050994]], "T": [0.06697248486911762, -0.0010458765473126685, 0.01642173647087648], "aligned_model": [[0.004372842708575866, -0.015409230026666096, 0.4210265496697403, -0.36321289466202117, 0.5813582279982084, -0.40084031584550417, -0.5813532551968763, 0.382260433572592, -0.5747589522201818, -0.4477961302826898, 0.11758767585629265, 0.020476665402964236, 0.0049201839297886366], [-0.463762200807894, 0.24647418433932955, 0.5325314167458328, -0.6323671575068001, 0.20979289389991984, 0.5233416705067655, -0.10261972225544035, -0.5388251410403809, -0.0452350676753158, 0.564349577937396, 0.5567998914536111, 0.1630270774282285, -0.049726157554766545], [-0.6122709579855083, -0.7387734568142775, -0.3350966860013504, -0.19470861293728958, 0.1330663020104641, -0.30328817971197514, -0.3186427017645952, 0.1824903603383521, 0.4586707991446953, 0.37013070116869473, 0.18020865692669621, 0.7404528443218992, 0.04003596214049005]], "inverted": true, "swapped": true, "error_lsq": 0.03945566040167326, "error_max": 0.2101949947771236, "target": "192.xyz", "model": "7.xyz", "model_rescale": 3.7474275329858107, "target_rescale": 4.341007722967447},
{"mapping": [7, 10, 12, 4, 0, 2, 3, 8, 6, 5, 11, 1, 9, 13, 15], "R": [[-0.5675593650252968, 0.784904918017577, -0.2485973387707578], [0.7856983464816091, 0.42609336716951685, -0.4484668892908471], [-0.24607818982621682, -0.44985410093269595, -0.8585317771439146]], "T": [-0.040402467408732434, -0.1146897117354019, -0.090427961143694], "aligned_model": [[-0.2741768746140103, 0.22243981499846616, 0.5796167324414045, -0.18492761462884177, 0.7060912490989646, -0.33622959707318123, -0.758641045889738, -0.47546792851671377, 0.23263908195927718, 0.16334117880354837, -0.6223524460640277, 0.054628697366604195, -0.15136689735954445, 0.6489447946413094, -0.0023854228247707776], [0.11875323710529168, 0.41835889900230294, -0.2954816238476595, -0.5959813721465371, -0.3086039707723006, -0.7144875625850666, -0.21409305817805713, -0.18790766259020447, -0.6113648740501385, -0.23266741950955347, 0.3605986829491179, 0.37902397349673067, 0.666841064066483, 0.24792406103878015, -0.041794411999596215], [-0.6445450353454997, -0.5255460787492465, -0.45947174841298005, -0.35523440737902456, 0.24856049022534443, 0.20343094637462938, 0.03449241496286286, 0.57570256936442, 0.04864773481342294, 0.6448375239839428, 0.130286289007931, 0.4482069466278492, -0.019023572230356167, -0.03877760300649674, -0.0947718145405384]], "inverted": false, "swapped": true, "error_lsq": 0.048525081992896964, "error_max": 0.3228230335338562, "target": "192.xyz", "model": "8.xyz", "model_rescale": 4.019505241142653, "target_rescale": 4.341007722967447},
{"mapping": [6, 5, 4, 14, 12, 7, 3, 0, 13, 1, 8, 9, 15], "R": [[0.6880526774561473, 0.44939867078453344, 0.5697581484652254], [0.6276007092207831, -0.7626760358298091, -0.1563413386040236], [0.36428129629586714, 0.46515169468467216, -0.806804212991591]], "T": [0.08840352791193931, -0.010788505040426132, -0.04351418314403113], "aligned_model": [[-0.31697821394086745, -0.6371704756771894, 0.11286592585969776, 0.5673790595277939, 0.20861389983140405, 0.7184903004286614, 0.06238354748622617, -0.429688018532291, 0.09308246721516716, -0.15692500265922085, -0.4417269281276581, 0.4193133639651698, 0.12006084636428274], [-0.33431154976805355, 0.011883121191523328, -0.07857561137507721, -0.4175538117709945, -0.7409324103269737, 0.08004509484646485, 0.6637427577046772, -0.6312966223730021, -0.5391363331785431, 0.19370597886138494, 0.5853502333915835, 0.30010349255193597, -0.029646111640867126], [-0.311055650304095, 0.2193049736979675, -0.6069484151795962, -0.5033276909336808, -0.11929138714339768, -0.148069106417094, -0.3362313119000365, 0.19380333545139505, 0.5311011972852153, 0.6204945572168445, 0.0006787073638181151, 0.6061371781507383, 0.030107106755800694]], "inverted": false, "swapped": true, "error_lsq": 0.056730406971946236, "error_max": 0.3096437551806679, "target": "192.xyz", "model": "9.xyz", "model_rescale": 3.877068213659057, "target_rescale": 4.341007722967447},
{"mapping": [7, 9, 0, 12, 5, 8, 1, 6, 11, 14, 13, 10, 4, 2, 3, 15], "R": [[0.4474894077551405, 0.4968298497460194, 0.7435814214652635], [-0.4987017975794562, -0.5515530445762162, 0.6686447159065313], [0.7423272506367883, -0.6700368194510319, 0.0009557938965153445]], "T": [0.03904239599015483, 0.0548067826703127, -0.043638910900558346], "aligned_model": [[-0.6661569210884016, 0.1896168544773745, -0.3329021616816452, 0.17428262979969725, -0.4171796644619783, -0.3674611399811476, -0.79780900463344, 0.5398789230001779, 0.15071448323230993, 0.64181783217644, 0.48358426874907534, 0.6317291177759329, -0.3707494907658869, -0.026992947853850147, 0.017229890625314617, 0.0007098982483555172], [0.3595787190049955, 0.10375342374328977, -0.6477750044800298, -0.5492266168815042, -0.21286922010702375, -0.18640062912789604, -0.11922980973232566, -0.007683461560563952, -0.6160771642551721, 0.34605944181291726, 0.6764276547018155, -0.23320025267251332, 0.5384066360506021, 0.5916935106236704, 0.21841308547555532, -0.02630328179105331], [-0.31949133418437564, -0.6844016303830568, -0.0011875974138081252, 0.3747496012487903, 0.531866459479673, -0.653472327125461, 0.10568492504883215, 0.31070882468322064, -0.3301687539402807, -0.4453293498101509, 0.07301661096813508, -0.3062892047738799, 0.19362143366729648, -0.42801806311936225, 0.5691567606085779, -0.03610215417882264]], "inverted": false, "swapped": false, "error_lsq": 0.040329033335503126, "error_max": 0.3087109337563757, "target": "192.xyz", "model": "10.xyz", "model_rescale": 4.260839863003843, "target_rescale": 4.341007722967447},
{"mapping": [10, 12, 6, 13, 5, 1, 9, 7, 4, 2, 3, 15], "R": [[-0.6057922484344234, -0.13232246338211817, -0.7845422343132675], [-0.7309483180175473, 0.4819891945737056, 0.48311589986411063], [0.3142137936566193, 0.8661276938181106, -0.3887061999469996]], "T": [0.03770379457984668, 0.015704290269986543, 0.02288933821615189], "aligned_model": [[0.4034294210413202, 0.06091498215878713, -0.2934096737315431, -0.2422685336677124, -0.7208367063924817, -0.38967217484760563, 0.1640579903497198, 0.6703497670776175, 0.24729337206173893, -0.2011102733444226, 0.2219937014110276, 0.038156776977684444], [-0.04561076915325582, -0.6741894648343092, -0.3960980874753614, -0.21259912629096084, 0.14162093334345943, 0.48417204128963537, 0.5803060603237217, 0.05944544510814359, -0.2884811497863044, -0.0036777395810866018, 0.49734941767750146, 0.030840944911750708], [-0.6135381067736985, -0.25425807387592886, 0.2706041470865334, -0.6690999686371806, 0.09222081667474377, -0.35234317122918796, -0.5188315340598106, -0.09559104246082475, 0.4543925961375832, 0.7129736721475637, 0.5476826144247666, -0.058033872039054656]], "inverted": true, "swapped": true, "error_lsq": 0.04485940561379323, "error_max": 0.24727162916962558, "target": "192.xyz", "model": "11.xyz", "model_rescale": 3.890672605050136, "target_rescale": 4.341007722967447},
{"mapping": [12, 14, 4, 0, 6, 1, 10, 5, 13, 9, 3, 7, 8, 15], "R": [[0.9298085678076125, 0.2418280449232131, -0.27744409152146843], [-0.36794418535524104, 0.628291055010424, -0.6854687641732163], [0.008550069872492155, 0.7394386701292438, 0.6731696290108986]], "T": [0.0965810876906853, 0.10352810997709952, 0.11815789791398987], "aligned_model": [[0.39984659632373787, 0.3041958944954893, 0.4924760662061184, 0.5168090184567201, 0.6596583364669993, -0.2973070669728216, -0.386649249854416, 0.3374840252393584, -0.06028288602205967, -0.6748820514591328, 0.01106644043290364, -0.2450098124733212, 0.11593177365470662, 0.0365387502994115], [-0.2393665111843621, 0.3584026652555248, 0.4722416972291342, -0.6266118776010628, -0.047736022290944424, -0.33410645447981047, -0.105757029663439, -0.33192940483722266, -0.6220395946114791, -0.05151229888358619, 0.7090220011427222, 0.460350446670033, 0.23996043712293916, 0.0512344659593185], [-0.46814931732571863, -0.5877026333945362, -0.05495793351135317, 0.1266939126948917, 0.14351786532923322, 0.5611475126257768, -0.3968594166500058, 0.7084019779314449, -0.1232988377680457, 0.21307439568604047, 0.5273243360959452, -0.29679425922189684, 0.9051677317240832, 0.09722510114100233]], "inverted": true, "swapped": true, "error_lsq": 0.04876698678950387, "error_max": 0.29566016598682404, "target": "192.xyz", "model": "12.xyz", "model_rescale": 4.124412569039231, "target_rescale": 4.341007722967447},
{"mapping": [1, 13, 10, 5, 9, 11, 0, 3, 12, 6, 7, 14, 15], "R": [[-0.762239160808839, -0.20149117967526542, -0.6151363801975196], [0.4713121003658276, -0.824152817241721, -0.31406534014642074], [-0.4436849848464442, -0.5293141206746754, 0.7231667828905074]], "T": [0.10913697352245318, 0.03840031911284991, -0.15463947560896452], "aligned_model": [[-0.16392585505756624, -0.07886331235147596, 0.5655997244372256, -0.6190422243688909, 0.418535393225869, 0.37422038732453183, -0.5625259753054552, 0.2747317648120572, 0.06779779195477446, -0.3227759473409219, 0.7512971271612603, 0.5360527182827348, 0.12619671473561478], [-0.24357682402390762, 0.5298031787030053, 0.40111090137213246, -0.15790894834161817, -0.21688224121286875, -0.6400717121490673, 0.5159531887589688, -0.6118701384803917, 0.7793775819847224, 0.27327759820975284, 0.09612641459979598, 0.5613369323572973, 0.06080944473065627], [0.4689287015219896, 0.4220192427809122, 0.2955132247533379, 0.010476464848965028, 0.5289579770446179, 0.13291243713209971, 0.02023453237803724, -0.4564332435171944, -0.20510340891078993, -0.46906569319094854, -0.17677204726259116, -0.5426913819260543, -0.07727872468454232]], "inverted": true, "swapped": true, "error_lsq": 0.03971973851966936, "error_max": 0.24090844088486493, "target": "192.xyz", "model": "13.xyz", "model_rescale": 3.9028299243045295, "target_rescale": 4.341007722967447},
{"mapping": [14, 5, 7, 3, 6, 10, 9, 2, 4, 8, 12, 0, 11, 13, 1, 15], "R": [[-0.4043415494912057, 0.5088372690889728, 0.7599950953401786], [-0.6577053134509728, -0.7391902820038863, 0.14498774999762043], [0.6355561596062209, -0.44122824091063273, 0.6335503195559926]], "T": [0.06106521660887776, 0.010766715664212115, -0.041575994020090684], "aligned_model": [[-0.6880221268750891, 0.2441125045134829, -0.586018717576894, 0.1974779016381549, -0.15951338451610475, -0.42012092340892543, -0.6617545442503713, 0.6438841872358828, 0.15589100332610453, 0.7533713222760372, 0.1575599829865798, 0.7446258921577081, -0.37762692580160956, -0.11704501673184498, 0.005329593590497894, -0.041838180945280926], [0.41579706790855014, 0.1303260331613805, -0.6193866813693407, -0.5635127191144944, -0.2447550827296796, -0.17393228571100988, -0.09321032548472699, 0.060456828355105824, -0.4915322557058693, 0.27895588186873577, 0.69484964930855, -0.4436404858677145, 0.5256140878519724, 0.5004600458883711, 0.2901713949653703, -0.03109412252043731], [-0.2821362117950039, -0.5045026552155034, -0.11098085093160168, 0.15913313729062828, 0.5332822089487231, -0.5798127259464216, 0.21835827591935378, 0.40564063104412684, -0.4866232807399691, -0.25439983371883734, -0.12500014471492893, -0.1576591852403466, 0.2556412260001846, -0.6425157072264321, 0.5423977393397034, -0.016478422238347834]], "inverted": true, "swapped": false, "error_lsq": 0.04979254349763664, "error_max": 0.3151830705639172, "target": "192.xyz", "model": "14.xyz", "model_rescale": 3.942246331269136, "target_rescale": 4.341007722967447},
{"mapping": [1, 9, 13, 7, 4, 10, 6, 0, 5, 12, 14, 2, 11, 3, 15], "R": [[-0.06259494304659843, 0.24548432611188223, 0.9673775471543615], [-0.9573894288118829, 0.25904124312042465, -0.12768365581342928], [-0.2819350185845141, -0.9341493884791772, 0.21880942689868182]], "T": [-0.044323312089919395, -0.025549156240649306, 0.02284105533450608], "aligned_model": [[-0.730855806741805, -0.40479485953608163, -0.23781284593921204, 0.3830730425283166, 0.38467339044003446, 0.15345881019012192, 0.011552942096268594, -0.29386087667763044, -0.6827075702827321, 0.3580479396981731, 0.7223990744330779, -0.08569834984622586, -0.4213180003048623, -0.1135082716344058, -0.06835458189082777], [-0.11701275735782783, -0.5524679166679686, 0.31090042771758586, -0.470711749609563, 0.08274440750416794, -0.23205651099913924, 0.5091486221379451, 0.7464307351386832, 0.3701628817314746, 0.47839235306780187, 0.05408953491449407, 0.16199836718392754, -0.7059336524868551, -0.4979782636809881, -0.03956178871208789], [-0.22859329512669457, -0.4468598371357967, -0.6544473862782458, -0.1651867013231043, 0.3790516219913087, -0.6559752730165996, 0.24990070336278458, -0.20419821433149332, 0.20151133383392023, -0.347892233594978, -0.08715211476119303, 0.727637652066654, 0.1135689910775601, 0.5826418780250151, -0.05464464442862115]], "inverted": false, "swapped": true, "error_lsq": 0.04632733755764321, "error_max": 0.36541839317140823, "target": "192.xyz", "model": "15.xyz", "model_rescale": 4.355366556412066, "target_rescale": 4.341007722967447},
{"mapping": [11, 8, 3, 10, 7, 9, 14, 13, 2, 1, 6, 15], "R": [[-0.7138526589124605, -0.6281180057845573, -0.309648433183249], [-0.6843740889709536, 0.7194711038121266, 0.11829385920045517], [0.14848059707849862, 0.2963597502843304, -0.9434640484420282]], "T": [0.024182954345456732, 0.11210371191104786, -0.11714777195571818], "aligned_model": [[-0.13745166559005415, 0.5617351240996094, 0.19100202208204103, -0.6613453411248859, -0.5354839542497495, -0.4618849580735193, -0.3240550786634521, -0.19599365799892968, 0.6538220155838437, 0.07267117333771458, 0.46444055535060036, -0.029647680121437682], [-0.6172200938354169, -0.4400381683933243, -0.5551859744752656, 0.31514792000065567, -0.027884886118331717, -0.23084629146120045, 0.483781671663049, 0.6325564916720442, -0.06616318679786841, -0.07875166726195436, 0.46976070640220663, 0.12761990634638667], [0.11788552783066591, 0.09392026507986184, -0.37839220606096374, 0.05999247973714952, -0.40588287476596024, 0.4066129794370578, -0.7061212885019221, 0.4213755040618718, -0.4418010877323992, 0.5928767388844343, -0.2543872443984395, -0.05682033236193535]], "inverted": false, "swapped": true, "error_lsq": 0.04835872446764642, "error_max": 0.226152387423732, "target": "192.xyz", "model": "16.xyz", "model_rescale": 3.795458400668931, "target_rescale": 4.341007722967447},
{"mapping": [11, 8, 2, 9, 4, 5, 1, 7, 13, 0, 6, 12, 15], "R": [[-0.013761186267630843, 0.4494097969728905, -0.8932197177275552], [0.9392090355517886, 0.3123044753914429, 0.14266149511467768], [0.343069988909533, -0.8369568382152459, -0.42638742204050994]], "T": [0.06697248486911762, -0.0010458765473126685, 0.01642173647087648], "aligned_model": [[0.004372842708575866, -0.015409230026666096, 0.4210265496697403, -0.36321289466202117, 0.5813582279982084, -0.40084031584550417, -0.5813532551968763, 0.382260433572592, -0.5747589522201818, -0.4477961302826898, 0.11758767585629265, 0.020476665402964236, 0.0049201839297886366], [-0.463762200807894, 0.24647418433932955, 0.5325314167458328, -0.6323671575068001, 0.20979289389991984, 0.5233416705067655, -0.10261972225544035, -0.5388251410403809, -0.0452350676753158, 0.564349577937396, 0.5567998914536111, 0.1630270774282285, -0.049726157554766545], [-0.6122709579855083, -0.7387734568142775, -0.3350966860013504, -0.19470861293728958, 0.1330663020104641, -0.30328817971197514, -0.3186427017645952, 0.1824903603383521, 0.4586707991446953, 0.37013070116869473, 0.18020865692669621, 0.7404528443218992, 0.04003596214049005]], "inverted": true, "swapped": true, "error_lsq": 0.03945566040167326, "error_max": 0.2101949947771236, "target": "192.xyz", "model": "17.xyz", "model_rescale": 3.7474275329858107, "target_rescale": 4.341007722967447},
{"mapping": [10, 9, 7, 1, 12, 6, 14, 3, 13, 4, 5, 8, 2, 15], "R": [[-0.4773309807242308, -0.31920176224669666, -0.8186973615564223], [-0.47397548215764196, 0.8780609419657552, -0.06600170079355033], [0.739934035677691, 0.356537820115642, -0.5704194997306029]], "T": [0.052236467173664855, -0.024134506874478958, 0.03810600877313451], "aligned_model": [[0.48951150412294625, 0.12070588768287265, 0.6722992481203781, -0.4172083769245321, 0.24313561151063073, -0.21442243948710998, 0.6864058982518533, 0.07832975284607432, -0.09971729635199934, 0.2705980435901626, -0.7191031908549639, -0.5029941011915654, -0.2510935054973093, 0.05840061206543838], [-0.3934715881885969, 0.07535472359956852, 0.07354244799876879, -0.01280766238893868, -0.7045643171715689, -0.2438481711481035, -0.2952295691423284, 0.7066785108164791, -0.6958914080282573, 0.07309451627321686, -0.05600054645811711, 0.5498604137700139, 0.34812435990227475, -0.06443346832317731], [-0.42550517047774916, -0.7452303662731842, -0.1108005925610736, -0.5297011152379412, 0.2702172548181046, 0.508423866160611, 0.3995484474713086, 0.11924943047367166, -0.32932952965473056, 0.5533888180446388, 0.04618276536407161, 0.013175014435888713, 0.588595312795255, -0.03341941669721625]], "inverted": true, "swapped": true, "error_lsq": 0.035592049727490624, "error_max": 0.24656194813351254, "target": "192.xyz", "model": "18.xyz", "model_rescale": 3.922800546911778, "target_rescale": 4.341007722967447},
{"mapping": [14, 10, 7, 4, 1, 12, 9, 2, 13, 3, 11, 8, 6, 5, 15], "R": [[0.5171681543099812, -0.854556914186041, -0.04764011528574491], [-0.4790752950279419, -0.3351577792842012, 0.8112682199366456], [-0.7092418218502758, -0.3967388856692954, -0.5827300358968877]], "T": [0.046845648018232225, 0.09702710742846526, -0.00825261627097153], "aligned_model": [[-0.3013509596727792, -0.2992923661570514, 0.11917973513218712, 0.07496473049545194, 0.14827380310636257, -0.6651702927733445, 0.22350548156921857, 0.37805114094057957, -0.5712560415761283, 0.7618288187007491, 0.6971166779090517, 0.6551067543728852, -0.2033327149766675, 0.06444875781194785, 0.013977312005154646], [0.6112065688233799, -0.23820564308953074, 0.17304035733522094, 0.663193573085592, -0.5877180882335342, 0.29499908324166213, -0.6022498612903653, 0.5579992417825186, -0.37821021432476887, 0.26986590965977386, -0.3048786809185474, -0.03941472422566811, 0.4234573920112878, -0.15265791485678876, 0.02718450603434734], [-0.4780213258124155, -0.5653541700490528, -0.6447913671963108, -0.0445360132183855, 0.244231116882944, -0.09277029159024032, -0.3368938632638492, 0.4515645461581611, 0.02990422755193751, -0.024943792174400795, -0.17824950146767043, 0.4915220934959163, 0.4057932866721434, 0.7220850225615757, -0.036880801387023585]], "inverted": false, "swapped": true, "error_lsq": 0.03960859072682572, "error_max": 0.31007259086956174, "target": "192.xyz", "model": "19.xyz", "model_rescale": 3.9282355846067225, "target_rescale": 4.341007722967447},
{"mapping": [5, 6, 12, 2, 8, 4, 3, 7, 11, 9, 13, 1, 10, 15], "R": [[0.23896955979211587, 0.6311517678037006, 0.7379302104474554], [0.891708152381991, -0.4434652165237847, 0.09052719320186836], [0.3843827785791892, 0.636385141036288, -0.6687778643166695]], "T": [0.047427211986352295, -0.14861916560061417, -0.032845278991272625], "aligned_model": [[-0.6493011281446796, -0.10266305497629927, 0.4942982599599714, -0.36704200075253784, -0.6888113864907451, 0.21994441050230884, -0.2136663831397685, 0.5765310142643714, -0.21088918217761937, 0.05643018796633125, 0.16414521391530118, -0.39958450374880305, 0.5855937290698481, 0.06753764283699668], [-0.45461437752582323, -0.6355334195087143, -0.7413018501018279, -0.20050972990542235, 0.13325274293732636, -0.2227730502259013, 0.42202245358218204, 0.220404011693264, 0.5638990224852533, 0.30983409904834835, -0.5871882212525175, -0.051964324259106534, -0.08545940127156425, -0.14718586827066063], [0.097470095622012, -0.31739294609084223, 0.015490448638114412, -0.6321338998451803, -0.16274393464696593, -0.5689335666261288, -0.4169690328904183, -0.04077476727620358, 0.16430970611343246, 0.6136387467604113, 0.6022848233085848, 0.5448657705610706, 0.46609590708093385, 0.046975806534862344]], "inverted": false, "swapped": true, "error_lsq": 0.03998717154051447, "error_max": 0.31019545368943785, "target": "192.xyz", "model": "20.xyz", "model_rescale": 4.067790424073018, "target_rescale": 4.341007722967447},
{"mapping": [1, 3, 13, 0, 10, 7, 12, 11, 9, 8, 2, 6, 5, 4, 15], "R": [[-0.3344730216921092, -0.6705798932458621, -0.662155876312004], [0.727798499975126, -0.6301669392876772, 0.2705530854800175], [-0.5986962010854141, -0.39142334550096664, 0.6988208807718359]], "T": [-0.030818032910024926, 0.060559277781956834, 0.08645402709004969], "aligned_model": [[0.34166659023403007, 0.23663317646246929, -0.19134355511948353, 0.21251419221964063, -0.624527792153649, -0.5771294601444192, -0.44341263996251096, 0.15986951315787895, -0.14034360809141533, 0.6968452625695223, 0.45081128615070715, 0.17965788408345373, 0.6641431557360915, -0.13711141744081073, -0.05982863379398989], [-0.01112857692088643, 0.726738931466028, -0.5521339367334068, -0.7458769601439524, -0.04304357540522554, 0.40182705293581283, -0.5296320516364029, 0.6861992612519666, 0.30183964161351856, 0.3862093486442351, 0.2022389599696934, -0.3138166517279158, -0.2535841587302255, 0.14774178438333715, 0.03731607096127096], [-0.5452324031452725, 0.2477838163156575, -0.3698295875657115, 0.07166209759338112, -0.3370195065450231, 0.05078967704349181, 0.2728480331649824, -0.34423436009600783, -0.6605332414804306, 0.03324813257885732, 0.6170991785175578, 0.48157743251800295, -0.033497605226441726, 0.6375915430293818, 0.012996366918715141]], "inverted": false, "swapped": true, "error_lsq": 0.04179151638361573, "error_max": 0.3145721024471901, "target": "192.xyz", "model": "21.xyz", "model_rescale": 4.186013935880536, "target_rescale": 4.341007722967447},
{"mapping": [5, 8, 1, 12, 4, 13, 6, 2, 9, 11, 3, 7, 15], "R": [[-0.12896816037108588, -0.9807421608667386, 0.14666979071689648], [-0.9621025796010854, 0.15958459269435288, 0.22111396179236348], [-0.2402620234981699, -0.11259472311355373, -0.9641558942367915]], "T": [0.0657644888365296, -0.09108117166343936, 0.11913171601021906], "aligned_model": [[-0.10903858468786043, -0.5271456614460553, 0.23733738428703768, 0.5425703610495795, -0.22984359769724186, 0.7652972399431931, -0.07289364314915245, -0.6039420548432615, 0.4168348720834627, -0.15938450512942562, -0.5622417309547717, 0.22324023808347312, 0.13778371788424862], [-0.2912288125642452, 0.13600562991835874, 0.2523389759319407, -0.624701542765717, -0.3874086499322022, -0.22926087898237818, -0.6468353328734017, -0.37353534093611973, 0.5942191271091415, 0.6471808134654942, 0.27646630714796655, 0.22296209757124896, -0.05724573354399329], [-0.6057340328369492, -0.3659062677505682, -0.5097856338112067, 0.32212999274647247, 0.5031336942952338, -0.1985417862078775, 0.00736773039919171, 0.04607695798451901, -0.06879149039323444, -0.013370313514935825, 0.22808041949877209, 0.6602139918214768, 0.09800629910445177]], "inverted": true, "swapped": true, "error_lsq": 0.046059809087146006, "error_max": 0.3033361105692096, "target": "192.xyz", "model": "22.xyz", "model_rescale": 4.166573947596378, "target_rescale": 4.341007722967447},
{"mapping": [12, 9, 2, 4, 1, 11, 6, 7, 3, 8, 10, 8, 13, 14, 5, 15], "R": [[-0.6680701629669842, -0.6413260249127819, 0.3773369676069883], [-0.0512613475388502, 0.5455686726220695, 0.8364969203182366], [-0.7423304733080601, 0.5394958324426269, -0.39735338827707056]], "T": [-0.04176589389766488, -0.008385812379170462, -0.10974606516645444], "aligned_model": [[-0.6131061707809353, 0.19078428483666693, -0.37831602745256154, 0.3089545574242782, -0.20414238678675728, -0.4174474199076821, -0.7026764840261779, 0.38815108780759383, 0.0410876323717824, 0.7374684579196893, 0.2924221475340672, 0.7374684579196893, -0.11473177829511463, -0.22208196846512213, -0.13532299228926417, -0.05819883019182351], [0.1924901186530204, 0.11176405544451704, -0.5816170588941432, -0.6328708337576815, -0.34084551370898525, -0.22176389698430363, -0.11232525993914899, 0.3051274999144077, -0.4917434132105327, -0.19671256765829895, 0.656369280704299, -0.19671256765829895, 0.7493667119094991, 0.7089831995490095, 0.30868199800740553, -0.022624721566001732], [-0.35994699156784715, -0.6500548564281502, -0.005107712674819853, 0.054165912623476725, 0.49951864119349065, -0.7696146213588474, 0.2528851732338949, 0.3680304929717253, -0.45749220090247067, -0.21654493414459158, -0.023954152449174954, -0.21654493414459158, 0.26079439219817846, -0.3905406114062556, 0.6529970463452474, -0.044246442713936615]], "inverted": false, "swapped": false, "error_lsq": 0.049201002039443234, "error_max": 0.4502298327219797, "target": "192.xyz", "model": "23.xyz", "model_rescale": 4.274766983524099, "target_rescale": 4.341007722967447},
{"mapping": [10, 7, 11, 1, 8, 5, 13, 6, 12, 4, 15], "R": [[0.11119076808958318, -0.6146543262863676, -0.7809204007253877], [-0.29833283495274, 0.7289062875239986, -0.616192456621341], [0.9479631494318278, 0.3014891095635687, -0.1023239177018586]], "T": [-0.007864885914400176, 0.19160245097695755, 0.06487789093915153], "aligned_model": [[0.39098647243436124, 0.3785310267476101, -0.4988369809335696, -0.5565267375371458, -0.7604575010528127, -0.5916809139919874, 0.12318327572079243, 0.047449926915977776, 0.5811505827413558, 0.26941220440226743, -0.0033166514887741985], [-0.11200207418816394, 0.47057228815891305, 0.48408690969774376, -0.21533398428327805, 0.42376060877832006, -0.15093649026521888, -0.5671165048961777, 0.08424129240807018, -0.19803570418949173, 0.563263678904032, 0.13308651111873476], [-0.4748410630930662, -0.36993913307250387, -0.4705461086331285, -0.21131877697286666, 0.1993384905841815, 0.43618836159126756, -0.06368369246713612, 0.6358365644523017, 0.29842815600599837, 0.3929586452807444, 0.007144990345784821]], "inverted": true, "swapped": true, "error_lsq": 0.0502236008291328, "error_max": 0.25651955127055887, "target": "192.xyz", "model": "24.xyz", "model_rescale": 3.7841303162186577, "target_rescale": 4.341007722967447},
{"mapping": [0, 6, 2, 5, 9, 1, 8, 13, 4, 11, 11, 3, 10, 7, 14, 15], "R": [[0.5209218824713187, -0.025376603574944534, 0.8532270626003009], [0.5219343827849503, 0.8004042355523819, -0.2948517589852571], [-0.6754442185920542, 0.5989232736342839, 0.4301930030460306]], "T": [-0.09797985287300884, 0.02595219925797309, -0.03503280284616306], "aligned_model": [[-0.608962355960065, 0.3159517967447818, -0.34637064733779344, 0.26483087212242074, -0.3278848768767119, -0.5367219870513451, -0.632632532673556, 0.5764468249449631, 0.03324819712404939, 0.48017415097191773, 0.48017415097191773, 0.6238903013380119, -0.3154372285080924, -0.1286190321894333, 0.020632262415220565, -0.04840732841795726], [0.3267785022916792, 0.014806872608047559, -0.6548591603510338, -0.7576078876961928, -0.07979409684222005, -0.22041572219856104, -0.20961049093809841, 0.12326055410618009, -0.5693619719929642, 0.5215812209448386, 0.5215812209448386, -0.2933085996271716, 0.7007468895033366, 0.5783252624297448, 0.21328303018869307, 0.02016140743364717], [-0.4706132963184403, -0.627116262657016, 0.17375161654309676, 0.11904741458733423, 0.4923210720092992, -0.5826134642806493, -0.12511340346886174, 0.34925841172319094, -0.46524737635586455, -0.13258991361973546, -0.13258991361973546, -0.19620944627729875, 0.28531001520313354, -0.37672096458623444, 0.7266346365263096, -0.08316492463320056]], "inverted": false, "swapped": false, "error_lsq": 0.044758281978396645, "error_max": 0.43610863832853275, "target": "192.xyz", "model": "25.xyz", "model_rescale": 4.19342608120988, "target_rescale": 4.341007722967447},
{"mapping": [11, 8, 3, 10, 7, 9, 14, 13, 2, 1, 6, 15], "R": [[-0.7138526589124605, -0.6281180057845573, -0.309648433183249], [-0.6843740889709536, 0.7194711038121266, 0.11829385920045517], [0.14848059707849862, 0.2963597502843304, -0.9434640484420282]], "T": [0.024182954345456732, 0.11210371191104786, -0.11714777195571818], "aligned_model": [[-0.13745166559005415, 0.5617351240996094, 0.19100202208204103, -0.6613453411248859, -0.5354839542497495, -0.4618849580735193, -0.3240550786634521, -0.19599365799892968, 0.6538220155838437, 0.07267117333771458, 0.46444055535060036, -0.029647680121437682], [-0.6172200938354169, -0.4400381683933243, -0.5551859744752656, 0.31514792000065567, -0.027884886118331717, -0.23084629146120045, 0.483781671663049, 0.6325564916720442, -0.06616318679786841, -0.07875166726195436, 0.46976070640220663, 0.12761990634638667], [0.11788552783066591, 0.09392026507986184, -0.37839220606096374, 0.05999247973714952, -0.40588287476596024, 0.4066129794370578, -0.7061212885019221, 0.4213755040618718, -0.4418010877323992, 0.5928767388844343, -0.2543872443984395, -0.05682033236193535]], "inverted": false, "swapped": true, "error_lsq": 0.04835872446764642, "error_max": 0.226152387423732, "target": "192.xyz", "model": "26.xyz", "model_rescale": 3.795458400668931, "target_rescale": 4.341007722967447},
