[{"mapping": [1, 0, 5, 8, 11, 12, 7, 6, 4, 2, 9, 13], "R": [[0.6319122315737178, -0.11671632606654203, 0.766201168634617], [0.4606850468150967, 0.8515618679274122, -0.25022324578853294], [-0.6232625604257777, 0.5110965508800711, 0.5918818264231456]], "T": [-0.08234829319896064, 0.09523128138344567, -0.17602440367747607], "aligned_model": [[-0.123849834786673, 0.3181890677382031, -0.6909000557213832, -0.2540526261253505, -0.06715403560553845, 0.3615459861579015, 0.2808586951744539, -0.6587619073542037, -0.12859466331684077, -0.07125881440671356, 0.6094294070925983, 0.0003973707876734761], [-0.02393043187547618, -0.5024007327786693, 0.49880949698116644, 0.5063908819930908, 0.7794139135185969, 0.2280187450657039, 0.26028980777789634, -0.04752026431890516, -0.1412443120251225, -0.6113740620262225, -0.01814753870227842, 0.16898734115278735], [-0.7391604632243796, -0.4549835991212766, -0.3739906550119144, 0.46588254947346197, -0.03918471183303468, -0.5230765124690677, 0.46602765724646145, 0.3055517853141865, 0.7488241209924105, 0.1270336065032892, 0.036888790604883065, -0.05663821940931399]], "inverted": false, "swapped": false, "error_lsq": 0.046660512426815494, "error_max": 0.2657788685881374, "target": "194.xyz", "model": "0.xyz", "model_rescale": 3.8414455957264533, "target_rescale": 4.027499751860884},
{"mapping": [11, 13, 1, 5, 4, 0, 2, 10, 6, 8, 9, 14], "R": [[-0.16845565495444242, -0.14280393517195988, 0.9753100678313911], [-0.6435704199359495, -0.7335184100234005, -0.21855858880448636], [0.7466189167824077, -0.6644981401449861, 0.03166093565450878]], "T": [0.004206084126050329, 0.11398165310219147, -0.00045668282716069576], "aligned_model": [[-0.3598986533869261, 0.2950279472687859, -0.5324796883311123, -0.34437474817316865, 0.11094299613916114, 0.30375162661733984, 0.2733779460939995, -0.5885286026802856, -0.012577598328121088, -0.06687772500846309, 0.5733035647313511, -0.07581847530843333], [-0.09900305608308721, -0.38978989682664467, 0.548821323382226, 0.37607810224055915, 0.6471159550529699, 0.419023385838974, 0.5034104003726158, -0.09035977426149325, -0.06154270772896403, -0.6668614765990103, -0.22936009692609347, 0.13976068630051558], [-0.7409502046785288, -0.48675275523554046, -0.5213988427274239, 0.4936279654722338, -0.014323281023993316, -0.5858961577258964, 0.5656674088192961, 0.27393623349896634, 0.7604222040804303, 0.09718294221273603, 0.1536672291711248, -0.03200839279769887]], "inverted": false, "swapped": false, "error_lsq": 0.04986352313410238, "error_max": 0.23639139055505967, "target": "194.xyz", "model": "1.xyz", "model_rescale": 4.316132596720782, "target_rescale": 4.027499751860884},
{"mapping": [9, 1, 7, 3, 5, 0, 4, 10, 6, 8, 2, 11], "R": [[-0.14570309997169678, -0.9228910839079654, -0.35643043346748454], [-0.9199119497688528, -0.006191233090346582, 0.39207610652179337], [-0.3640502868164031, 0.3850113191530895, -0.8480764545681554]], "T": [-0.05560514540762082, 0.07861031901204782, -0.05460279690627014], "aligned_model": [[-0.30208326719602485, 0.12151776558939487, -0.8402524350015319, -0.34745805301118515, -0.01891914349200613, 0.5435403237580068, 0.4169209859276928, -0.5264720998433082, -0.14507380376170417, 0.02393579556482449, 0.6715620159638406, -0.02136949486387179], [0.13715029510278084, -0.29460044772487626, 0.48272764354790276, 0.5401044862771023, 0.6790049232072674, 0.32807115472029624, 0.42519180246724175, -0.3205002638956752, -0.0453746205161914, -0.6464544211658119, -0.2949240662114434, 0.10689635895397473], [-0.7515770517471283, -0.4066517443502126, -0.20115974393597758, 0.30989963483155875, -0.2868533909500992, -0.3421928815971149, 0.44632640135234825, 0.07279756581223722, 0.7533075056286147, 0.17989768725724342, 0.12546770102073973, 0.06391266574349645]], "inverted": false, "swapped": false, "error_lsq": 0.051106073366751714, "error_max": 0.3096371803894089, "target": "194.xyz", "model": "2.xyz", "model_rescale": 3.795458400668931, "target_rescale": 4.027499751860884},
{"mapping": [8, 1, 3, 5, 9, 7, 4, 6, 10, 2, 0, 11], "R": [[-0.2396005999495311, 0.0829532933973671, 0.9673211998185272], [-0.8476281491238558, -0.5037046679753641, -0.16675769329387669], [0.47341110392204694, -0.8598839215698585, 0.191001487190415]], "T": [0.008922555708207033, 0.03636096813492754, 0.025154659395455043], "aligned_model": [[-0.33986089417966453, 0.15274147183994574, -0.6885241323692965, -0.36427708479639964, -0.1969755460206276, 0.49600039267315954, 0.37728034682341244, -0.49987692528641964, -0.0014372051869778052, -0.23951905504078913, 0.736314275790101, 0.14398294538768353], [0.1082637997818007, -0.4277612704565661, 0.36616142646606836, 0.4924418106051271, 0.8365186292048478, 0.42144162096469545, 0.3620631047041339, -0.17366188886385206, -0.07282400196369265, -0.6423357569417563, -0.23121732789615343, 0.05820269915791519], [-0.6703617134648905, -0.37506466668358857, -0.17946645513151652, 0.4079560556940178, -0.2430026301620917, -0.41955914539332684, 0.4364761751013285, -0.18534423442247566, 0.7510899547620054, 0.2808357749155629, 0.13244438502259728, 0.027170848828083502]], "inverted": true, "swapped": false, "error_lsq": 0.05216613013913685, "error_max": 0.3229008209419586, "target": "194.xyz", "model": "3.xyz", "model_rescale": 3.7530521520055578, "target_rescale": 4.027499751860884},
{"mapping": [5, 6, 10, 9, 1, 3, 0, 4, 2, 7, 11], "R": [[-0.06438079061129848, -0.9825942901261433, 0.17425147004190533], [-0.6171435142552093, 0.176422022987976, 0.766817548454364], [-0.7842123415332067, -0.058169844561688167, -0.6177598826167612]], "T": [0.05891767101498455, -0.028007656433763767, -0.0514838669263715], "aligned_model": [[-0.46837285937757533, -0.2631997926224777, 0.1936613186200866, 0.7696389267207993, 0.40946294325686566, -0.3252666382592647, -0.08776565236056005, -0.6189561638625452, -0.45359090142291325, 0.2746349421765184, -0.09204652042372838], [-0.6266189976733866, 0.21098295610551596, -0.43167280013790665, 0.07050399033315716, -0.44367869764878076, 0.6778471239022328, -0.4402699226573936, 0.07912039114130744, 0.11726679201307907, 0.35001391315832786, -0.09629139022180642], [-0.14831770398621227, -0.6155133079640394, -0.580436012554307, -0.0885121868657136, 0.126255733446143, -0.1834100629317429, 0.6433615384630543, 0.054371914412736186, 0.711824379102348, 0.25651437908786334, -0.08330789296481347]], "inverted": false, "swapped": true, "error_lsq": 0.058515434814031986, "error_max": 0.41997665177693794, "target": "194.xyz", "model": "4.xyz", "model_rescale": 3.7855080009869324, "target_rescale": 4.027499751860884},
{"mapping": [7, 8, 5, 2, 0, 6, 12, 9, 14, 15, 13, 16], "R": [[-0.26538341849313457, -0.11299735679934825, 0.9574984274374859], [-0.738912065622416, -0.6141083952995389, -0.27727213725911914], [0.619338841399853, -0.7810905684867704, 0.07947907494744527]], "T": [-0.00868626874003426, 0.15660829404341714, -0.03862782172618871], "aligned_model": [[-0.11862938963475028, 0.1691727166819672, -0.6224597899928174, -0.3667226180778974, -0.33771789570977834, 0.45913288714011036, 0.438362075139043, -0.5488426273961874, -0.018278135961576118, -0.06771650998147422, 0.6142683589597888, -0.024720481532300928], [0.15319922691471094, -0.4509935330582888, 0.4467418663531536, 0.4478369903449297, 0.8614058649504857, 0.21630656277816085, 0.3111487319116253, -0.13308579709137547, -0.059261280068094474, -0.6390467719027102, -0.19928930390012628, 0.1423302875300968], [-0.7797555841971073, -0.34602996057845004, -0.4793179843654897, 0.5382443535275917, -0.09755536891468264, -0.48991312191734904, 0.4505861338276461, 0.32361858752303224, 0.6024694576230439, 0.16817293586211657, 0.06203036463134978, 0.010624536044003874]], "inverted": false, "swapped": false, "error_lsq": 0.046782929330603414, "error_max": 0.29544106589179275, "target": "194.xyz", "model": "5.xyz", "model_rescale": 4.2253639853439635, "target_rescale": 4.027499751860884},
{"mapping": [11, 5, 12, 0, 9, 8, 1, 3, 4, 2, 10, 13], "R": [[-0.7753586469280098, 0.49440683443993116, -0.392913286480684], [0.6309833616942024, 0.6321688849691934, -0.4496915588955277], [0.026056974096179603, -0.596593984998083, -0.8021200977191992]], "T": [-0.07587783436066328, 0.09177986547357764, -0.013605827894600358], "aligned_model": [[-0.2584580934187153, 0.17358451821451784, -0.7414427739503121, -0.4512330472876821, 0.02065210541470694, 0.5006508452754471, 0.39886844593163795, -0.5897451953634818, 0.012814356629459206, 0.008649361324131175, 0.6184123449386928, -0.11690427807427413], [0.038191544403229694, -0.34432421851740436, 0.49465451367852975, 0.617044704993274, 0.6920512629659419, 0.3548433193589698, 0.37871942184795065, -0.2397460253417188, -0.13605758505691595, -0.5593801510138401, -0.25730174051283705, 0.058597797957388585], [-0.7681563760093997, -0.39873311727400446, -0.5294149917253668, 0.4620704925371185, -0.06794409769508739, -0.3934441834955352, 0.46700570161189, 0.3456160975407285, 0.6505741955927536, 0.12429775492688672, 0.054332774383871914, 0.016970098671849974]], "inverted": false, "swapped": false, "error_lsq": 0.0450876027358556, "error_max": 0.2439419927987847, "target": "194.xyz", "model": "6.xyz", "model_rescale": 3.89814844738969, "target_rescale": 4.027499751860884},
{"mapping": [2, 4, 1, 6, 5, 10, 8, 0, 3, 7, 11, 12], "R": [[-0.0325490089647961, 0.2957395820770641, 0.9547139161069631], [-0.7428713616419154, 0.6318807711188623, -0.22106295741828566], [-0.66864243214718, -0.7164250070196571, 0.19912937314516949]], "T": [0.009659450962229747, 0.043749404891790786, 0.016227491809979535], "aligned_model": [[-0.21139272243315751, 0.1599186759186048, -0.6807410426209168, -0.23780532986659325, -0.1561855591567281, 0.34551462201510263, 0.3773075326457246, -0.5656956645174738, -0.33101028098371466, 0.004791658583411844, 0.8003522660043714, 0.07079443404549654], [0.06321405691635856, -0.402672466235055, 0.4386286691829677, 0.5067361443089335, 0.7780225169753295, 0.33815600455243455, 0.16546598262303336, -0.08406035725320656, -0.0933018122764732, -0.5551468762310402, -0.11685613411961719, 0.05910711631890274], [-0.6563086845253197, -0.4238014466467875, -0.270502585312821, 0.44258451638094126, -0.17328512918035416, -0.5663784824173961, 0.5709406925313744, 0.07657269261406295, 0.735632130576291, 0.2856235359542018, 0.08219037760645477, -0.14009326851494242]], "inverted": false, "swapped": false, "error_lsq": 0.046678044100023686, "error_max": 0.2529664682438703, "target": "194.xyz", "model": "7.xyz", "model_rescale": 3.7474275329858107, "target_rescale": 4.027499751860884},
{"mapping": [2, 8, 1, 10, 12, 13, 11, 0, 6, 5, 9, 14], "R": [[0.3917952923346066, -0.02488409353563857, 0.9197158424172922], [0.12916863915743335, 0.9912213943956141, -0.028206558645657184], [-0.9109401251249485, 0.12984964066690252, 0.3915701204842108]], "T": [-0.032729464832782044, 0.10210523146551718, -0.021194408909086283], "aligned_model": [[-0.34358402528940185, 0.21072402866250745, -0.6261712058822626, -0.16695634244682847, 0.04100370228210957, 0.42517152891065174, 0.44630585027006525, -0.6613914674827548, -0.4219364191634328, 0.07747817541336066, 0.6279264513768884, -0.03272168701677505], [-0.15120549915638054, -0.4392715718698189, 0.35794544730779293, 0.42825810660981795, 0.7146418704474178, 0.6415009690878452, 0.35484985233643584, 0.10615189175865312, -0.2829743140301607, -0.5435050954231975, -0.2054224979415587, 0.11632368563572144], [-0.7613245406055117, -0.3571287316149929, -0.40482770254741396, 0.6502747318928958, -0.02340908074023197, -0.575712890888009, 0.2839699387709763, 0.17624152650176755, 0.5847509588752092, 0.2687418700694355, 0.20084364213462003, -0.07924537278303909]], "inverted": false, "swapped": false, "error_lsq": 0.06383800082374788, "error_max": 0.38606145983180723, "target": "194.xyz", "model": "8.xyz", "model_rescale": 4.019505241142653, "target_rescale": 4.027499751860884},
{"mapping": [1, 0, 10, 11, 6, 2, 5, 9, 8, 7, 4, 12], "R": [[0.5184178420983904, -0.5184325121002555, -0.6800519622730802], [0.48804889919339245, 0.8323998343354025, -0.26252388042711927], [0.7021760555517159, -0.1958015479913602, 0.6845513427158118]], "T": [-0.00821978187860102, 0.15162291919320958, -0.05074384299184442], "aligned_model": [[-0.36138177798535726, 0.31737294690485834, -0.7152817992446283, -0.24732273002295807, -0.06993534827868665, 0.3633868349237161, 0.420841474236149, -0.6083852532636491, -0.16717566113045812, 0.047748712028801224, 0.590618361205961, 0.005362830260379384], [-0.05781137783524498, -0.3529294004613863, 0.582107544080386, 0.3909725991737388, 0.8708787826289842, 0.34221975734140353, 0.48404791840871486, -0.08321442141645874, -0.19585084488626958, -0.7325575548164129, -0.31813914124113796, 0.16756898378625112], [-0.5871384569698794, -0.29986712525505826, -0.44180144687114425, 0.47155016891608903, -0.1339545979702257, -0.46973492864081756, 0.3441292727551784, 0.17727565583004215, 0.5061510691000234, 0.1354721798030596, 0.2783627601121208, -0.01727020174368274]], "inverted": false, "swapped": false, "error_lsq": 0.05640691380321139, "error_max": 0.2859520509233739, "target": "194.xyz", "model": "9.xyz", "model_rescale": 3.877068213659057, "target_rescale": 4.027499751860884},
{"mapping": [7, 2, 1, 12, 0, 8, 11, 3, 6, 13, 9, 15], "R": [[0.4060273285985961, -0.8963714834285681, -0.17793249317411386], [-0.2645299410791721, -0.30164966614937255, 0.9159865660503008], [-0.8747375141742453, -0.32484710651018656, -0.3595951038156973]], "T": [-0.04859030907176909, -0.012120484943582574, 0.06334221193521263], "aligned_model": [[-0.13175215271562327, 0.17906259871411717, -0.4845172384253209, -0.267899759575646, -0.11264722090383837, 0.3821350003716737, 0.37005055703588846, -0.6381624131358745, -0.159036905051011, -0.08527522676506799, 0.5804297928711928, -0.05653844278636249], [0.0032845991634194577, -0.47128913670518985, 0.490906055166716, 0.4794053904245731, 0.78105045775727, 0.37943501655964357, 0.5546906291642213, -0.15618123154550811, -0.16433288868446805, -0.7625819280066064, -0.11462232320666219, 0.07752820467515889], [-0.7485280736167467, -0.3581950471126249, -0.4932892841306139, 0.5815129313673184, 0.040048364348999374, -0.4430992287620368, 0.282705523389532, 0.24884848710170016, 0.6506560196299304, 0.245277187278798, -0.10833302915682262, 0.06557049872827274]], "inverted": true, "swapped": false, "error_lsq": 0.046107528518880427, "error_max": 0.2584587716855361, "target": "194.xyz", "model": "10.xyz", "model_rescale": 4.260839863003843, "target_rescale": 4.027499751860884},
{"mapping": [5, 4, 6, 7, 0, 3, 1, 10, 8, 9, 2, 11], "R": [[-0.5020288406607251, -0.8477355211849447, -0.1712061017199411], [0.5570726910387696, -0.16554652628644678, -0.8137962672151517], [0.6615414273072188, -0.503923440371433, 0.555359438742646]], "T": [-0.03174116184271877, 0.062925779639205, 0.02885649856331268], "aligned_model": [[-0.14706832650319687, 0.057598959551925046, -0.6340929652198777, -0.3755101057634244, -0.17657601034953005, 0.4643685926494145, 0.46131817782888995, -0.5976085330634379, 0.027293381377043242, -0.09192014659091066, 0.6131802234559471, -0.025134657738714625], [0.06811239882345112, -0.5362097723394706, 0.4851373604964913, 0.47731036539539723, 0.9174940018057111, 0.34573003624869825, 0.4948244259212694, -0.2066886998681995, -0.1953939788911484, -0.7071954666625043, -0.1626411826599204, 0.11681335649279283], [-0.636939000310561, -0.3824314682745456, -0.37384068371203355, 0.40263980151511264, -0.10814820856828289, -0.39272378483959275, 0.33482494472011665, 0.049735738729206586, 0.6962388718085138, 0.22640400410714412, 0.08846420314119287, 0.05894993074943476]], "inverted": false, "swapped": false, "error_lsq": 0.04591210828536801, "error_max": 0.24913175374374563, "target": "194.xyz", "model": "11.xyz", "model_rescale": 3.890672605050136, "target_rescale": 4.027499751860884},
{"mapping": [1, 0, 2, 12, 11, 6, 5, 4, 7, 3, 8, 13], "R": [[0.6760944339485424, 0.6993034595667714, 0.23210124476560934], [0.7367117896981054, -0.6468561804618884, -0.19706044940086764], [0.012331070659722485, 0.30422319641375495, -0.9525209664150092]], "T": [0.019930247686731233, 0.24027607386902397, -0.07057897410630935], "aligned_model": [[-0.04462797788974985, -0.0221997581824172, -0.6408229452080413, -0.24721050060895217, -0.21148187795983436, 0.4493580591557882, 0.42278870323045936, -0.5878106221538868, 0.02565217969256805, -0.07143965311149161, 0.5601631175109023, -0.056520134841217214], [-0.0025600313275103703, -0.2814423537912544, 0.3511807931043168, 0.45712083444059537, 0.6685802032395514, 0.36952421244132827, 0.4113826265617039, -0.09594013626921147, -0.0923237714775628, -0.648203410758867, -0.22084757091874993, 0.18082144951822776], [-0.8068949062398143, -0.34394591540018327, -0.3086325289997253, 0.5902888774024118, -0.3270281206503072, -0.4324422319179417, 0.5723827621250226, 0.022516347960872873, 0.7144743824535799, 0.1646207338559153, 0.05068304145219951, 0.06715190702367589]], "inverted": true, "swapped": false, "error_lsq": 0.048328823332625254, "error_max": 0.2495264414473089, "target": "194.xyz", "model": "12.xyz", "model_rescale": 4.124412569039231, "target_rescale": 4.027499751860884},
{"mapping": [5, 7, 4, 1, 2, 10, 8, 0, 6, 3, 9, 12], "R": [[-0.13447149792268692, -0.310296118010622, 0.9410811523954601], [-0.7246309970317519, -0.6169881685296563, -0.30697804161729497], [0.675890031282603, -0.7232163708337629, -0.1418828621463611]], "T": [-0.029125021395358906, -0.002213189711815, -0.010404708265665367], "aligned_model": [[-0.32367993532281836, 0.29070368660765467, -0.5182649965322346, -0.41754897465742247, 0.0028007459193048825, 0.31926738937462873, 0.367475850254831, -0.5791681053695329, 0.06431866976810122, -0.16417239209322693, 0.5300867916114596, 0.004029860073382581], [-0.18304470811925203, -0.286018099252095, 0.499754803205468, 0.43371840905989073, 0.858549237849421, 0.4111622497958069, 0.41373504142339207, -0.18473370965128752, -0.07993783837977549, -0.6251294351436352, -0.2577248736374948, 0.09696176761212899], [-0.6844100819117961, -0.4689262948611066, -0.3668405013044929, 0.5570058773188368, 0.011142967460005922, -0.5127523433026661, 0.4192357676211446, -0.040508843649858295, 0.6475010375332824, 0.3097373455333377, 0.16463014418230512, -0.07264072555328634]], "inverted": true, "swapped": false, "error_lsq": 0.053667575667307926, "error_max": 0.2625902902197073, "target": "194.xyz", "model": "13.xyz", "model_rescale": 3.9028299243045295, "target_rescale": 4.027499751860884},
{"mapping": [9, 1, 7, 4, 10, 14, 5, 3, 0, 2, 12, 15], "R": [[0.8475555934606674, 0.5297168153126658, -0.03239770931012631], [0.21057247013032762, -0.2796284619722953, 0.9367321698747306], [0.4871434602011492, -0.8007546558278735, -0.3485444453053809]], "T": [0.03806613447749965, 0.00448712212749397, 0.03431495124525902], "aligned_model": [[-0.2057071945954269, 0.13299207784304168, -0.6064462875847332, -0.3051249474794695, -0.03204991740884522, 0.419514338923512, 0.3016535757680602, -0.5533706880216477, -0.29544463072530924, 0.015249949159530957, 0.7236394222271849, -0.019057108471770903], [0.15477421305596523, -0.5222870365979104, 0.5055926956246057, 0.43961574176369517, 0.7331617234865022, 0.48941282615126774, 0.285212763998313, -0.11517755510385032, -0.13522965814781218, -0.6684537844801752, -0.11086163431369744, 0.041532549325663956], [-0.6859862432536967, -0.33405552357338125, -0.3582724885115112, 0.42450239276716106, -0.10521879611048307, -0.6000311543508212, 0.3716821228035846, 0.19107047827184134, 0.7802815725146477, 0.3322742227193463, 0.003913956648960014, -0.05698619085994182]], "inverted": false, "swapped": false, "error_lsq": 0.03824804488093792, "error_max": 0.1679780893406935, "target": "194.xyz", "model": "14.xyz", "model_rescale": 3.942246331269136, "target_rescale": 4.027499751860884},
{"mapping": [3, 5, 13, 8, 11, 10, 6, 0, 7, 2, 9, 14], "R": [[-0.7734928655224651, -0.606700081208355, 0.18336793189546852], [-0.13565183068417896, -0.12413963557390606, -0.9829485905740993], [0.6191182179663884, -0.7851779176348207, 0.013721145752821795]], "T": [-0.07825140549530622, 0.1280783887821416, -0.15329307582154164], "aligned_model": [[-0.23861273366390573, 0.03478241794280844, -0.5798477292253864, -0.4108909787853475, -0.02421500148032557, 0.5453206434502266, 0.17947465423634895, -0.474270698799507, 0.10417660576884881, -0.05002049131847616, 0.6335708391972239, -0.14361893768838047], [-0.12228314693479866, -0.46899164113790126, 0.7005449803508378, 0.4060911946930599, 0.829375232989004, 0.39519522993203404, 0.36652042009320196, -0.2671724405794893, -0.13202327660487487, -0.5510810675474995, -0.12158929382981679, 0.06270665333881054], [-0.8076257712923582, -0.336351242313382, -0.438972924714501, 0.487722306457814, -0.014103176751331187, -0.3742161597017347, 0.2820367591058056, 0.3238473480455225, 0.6404617052652527, 0.19397248106864703, 0.12802071046065225, -0.12161768656468094]], "inverted": true, "swapped": false, "error_lsq": 0.054539256519199796, "error_max": 0.26904784160041423, "target": "194.xyz", "model": "15.xyz", "model_rescale": 4.355366556412066, "target_rescale": 4.027499751860884},
{"mapping": [9, 1, 7, 3, 5, 0, 4, 10, 6, 8, 2, 11], "R": [[-0.14570309997169678, -0.9228910839079654, -0.35643043346748454], [-0.9199119497688528, -0.006191233090346582, 0.39207610652179337], [-0.3640502868164031, 0.3850113191530895, -0.8480764545681554]], "T": [-0.05560514540762082, 0.07861031901204782, -0.05460279690627014], "aligned_model": [[-0.30208326719602485, 0.12151776558939487, -0.8402524350015319, -0.34745805301118515, -0.01891914349200613, 0.5435403237580068, 0.4169209859276928, -0.5264720998433082, -0.14507380376170417, 0.02393579556482449, 0.6715620159638406, -0.02136949486387179], [0.13715029510278084, -0.29460044772487626, 0.48272764354790276, 0.5401044862771023, 0.6790049232072674, 0.32807115472029624, 0.42519180246724175, -0.3205002638956752, -0.0453746205161914, -0.6464544211658119, -0.2949240662114434, 0.10689635895397473], [-0.7515770517471283, -0.4066517443502126, -0.20115974393597758, 0.30989963483155875, -0.2868533909500992, -0.3421928815971149, 0.44632640135234825, 0.07279756581223722, 0.7533075056286147, 0.17989768725724342, 0.12546770102073973, 0.06391266574349645]], "inverted": false, "swapped": false, "error_lsq": 0.051106073366751714, "error_max": 0.3096371803894089, "target": "194.xyz", "model": "16.xyz", "model_rescale": 3.795458400668931, "target_rescale": 4.027499751860884},
{"mapping": [2, 4, 1, 6, 5, 10, 8, 0, 3, 7, 11, 12], "R": [[-0.0325490089647961, 0.2957395820770641, 0.9547139161069631], [-0.7428713616419154, 0.6318807711188623, -0.22106295741828566], [-0.66864243214718, -0.7164250070196571, 0.19912937314516949]], "T": [0.009659450962229747, 0.043749404891790786, 0.016227491809979535], "aligned_model": [[-0.21139272243315751, 0.1599186759186048, -0.6807410426209168, -0.23780532986659325, -0.1561855591567281, 0.34551462201510263, 0.3773075326457246, -0.5656956645174738, -0.33101028098371466, 0.004791658583411844, 0.8003522660043714, 0.07079443404549654], [0.06321405691635856, -0.402672466235055, 0.4386286691829677, 0.5067361443089335, 0.7780225169753295, 0.33815600455243455, 0.16546598262303336, -0.08406035725320656, -0.0933018122764732, -0.5551468762310402, -0.11685613411961719, 0.05910711631890274], [-0.6563086845253197, -0.4238014466467875, -0.270502585312821, 0.44258451638094126, -0.17328512918035416, -0.5663784824173961, 0.5709406925313744, 0.07657269261406295, 0.735632130576291, 0.2856235359542018, 0.08219037760645477, -0.14009326851494242]], "inverted": false, "swapped": false, "error_lsq": 0.046678044100023686, "error_max": 0.2529664682438703, "target": "194.xyz", "model": "17.xyz", "model_rescale": 3.7474275329858107, "target_rescale": 4.027499751860884},
{"mapping": [4, 5, 0, 1, 2, 9, 7, 3, 11, 10, 12, 13], "R": [[0.03709485270995422, 0.5225965728098935, 0.8517727361155562], [0.9153794013871108, 0.32415922182510043, -0.23874955585701144], [-0.40087968696181353, 0.7885515969124022, -0.4663494993975004]], "T": [-0.0627165418571273, 0.08951431735814412, -0.010689393865870249], "aligned_model": [[-0.17579572645086575, 0.21290487225975382, -0.6912860077963299, -0.4360769822370001, -0.08818554647321125, 0.45955790842537037, 0.43981444277362103, -0.589468552547907, -0.006581582177286438, -0.07645281857372913, 0.6247240689836232, -0.0973054865519114], [0.009327503116199037, -0.4529083499601711, 0.5083043848265767, 0.4588268551283396, 0.7950927914988699, 0.2567117237470223, 0.4062796750310998, -0.1700707037326052, -0.11293406935383603, -0.5871745569877496, -0.19394613115646714, 0.1797837226052894], [-0.8292301655162194, -0.4018804248594103, -0.36937825159574245, 0.4395645875876669, -0.08378570323093743, -0.39409334759486137, 0.45249696139588885, 0.32951218956338174, 0.6803968372410111, 0.12474639350921377, 0.06876187426932806, -0.05393660170361347]], "inverted": false, "swapped": false, "error_lsq": 0.04254581291725934, "error_max": 0.21722003121712302, "target": "194.xyz", "model": "18.xyz", "model_rescale": 3.922800546911778, "target_rescale": 4.027499751860884},
{"mapping": [5, 8, 0, 9, 3, 12, 11, 2, 10, 6, 13, 14], "R": [[0.013300079176109536, 0.20532949390941274, -0.978602527497663], [-0.29852703062470737, -0.9332385490563828, -0.19986851313184079], [-0.9543085035146154, 0.29479757374517557, 0.04888425752380349]], "T": [-0.008479952102553822, -0.001623486556408954, -0.03343734918549785], "aligned_model": [[-0.1580709124887834, 0.2370959271905409, -0.6354986403826987, -0.2655482287742862, -0.1719078211920481, 0.3823040238645254, 0.38776185847722017, -0.5938006286933207, -0.17106583571848094, -0.13247068799625317, 0.6765902095531289, 0.020459325794583604], [0.029204551552785438, -0.44780439052761445, 0.37366439115739114, 0.5206518397040252, 0.5941126754433066, 0.4406945159536465, 0.16018098650128074, 0.1822154061239789, -0.18946662506586195, -0.6530327270491542, 0.0006601374834803997, 0.086212083485303], [-0.781238055806439, -0.37256231503508, -0.4389607259042718, 0.5356738619354627, -0.19938613790003212, -0.5532995553030318, 0.5358212500607417, 0.3363354592809469, 0.7339487550847402, 0.1564575447066643, 0.016436546696885886, -0.006052278750881563]], "inverted": true, "swapped": false, "error_lsq": 0.0510532108410558, "error_max": 0.41231421945442703, "target": "194.xyz", "model": "19.xyz", "model_rescale": 3.9282355846067225, "target_rescale": 4.027499751860884},
{"mapping": [8, 6, 9, 10, 11, 4, 1, 7, 2, 5, 3, 13], "R": [[0.7607943189148298, 0.3177314101646916, 0.5658964174667275], [0.48532891863638755, 0.30036027964838086, -0.8211209065325162], [-0.4308687097506093, 0.8993500171814659, 0.07430815267211345]], "T": [-0.1040161562462268, 0.06969546658681458, -0.06907586154685408], "aligned_model": [[-0.20313979060931175, 0.03353093562123684, -0.5797526391325829, -0.35783497142632203, -0.009679424854191612, 0.32225985892639164, 0.36733797249485656, -0.5782933098543994, -0.19839533634594583, 0.17785713594617242, 0.632727251067659, -0.030769092199435577], [0.13912969105867654, -0.5136810008035011, 0.46193185082216554, 0.6310374724905133, 0.7698210755926687, 0.30618261583029077, 0.1165903611910872, -0.2956787497576794, -0.09131781958125901, -0.48358879794047405, -0.07979089037704112, 0.13665703623712055], [-0.820058532925382, -0.3290696093006485, -0.38252480949640894, 0.5331745103584272, -0.1886077989125788, -0.47123308462143637, 0.511550481711356, 0.10314678497676474, 0.7333476565537438, 0.2504771419184671, -0.034175288446155076, 0.057146897249556516]], "inverted": true, "swapped": false, "error_lsq": 0.051408503422313005, "error_max": 0.3226841090119176, "target": "194.xyz", "model": "20.xyz", "model_rescale": 4.067790424073018, "target_rescale": 4.027499751860884},
{"mapping": [10, 11, 1, 8, 7, 12, 0, 5, 4, 6, 3, 14], "R": [[-0.5352825721259562, 0.7915813600371352, 0.2947397469293548], [-0.5336388262303849, -0.5874019439668561, 0.6084312281297004], [0.654753519362575, 0.16839806016019881, 0.736844571274434]], "T": [-0.04011285131961588, 0.04757957976407021, 0.019385631314341952], "aligned_model": [[-0.2571913273761455, 0.20550854265683716, -0.6475548735368091, -0.3491289796566383, -0.13968118632452264, 0.48881991918681106, 0.38913981395953295, -0.594606982154373, -0.2901379592837907, 0.05315410697809793, 0.7628904332113083, -0.0453629180261807], [0.07684592207515709, -0.3561006323879594, 0.5057730857079805, 0.385184704989356, 0.7867268871089569, 0.22145952801564125, 0.5043684274404638, -0.0652464272220458, -0.14916536677903264, -0.6360403908887755, -0.2332919765973386, 0.056779083300164276], [-0.770112461143375, -0.4219132142734347, -0.28782439787470254, 0.35953222996596673, 0.03966769033063622, -0.5069315304599195, 0.35336785765307743, 0.18753042568889933, 0.7550835082540086, 0.2868214421360538, 0.025859464065314423, -0.05790666527681945]], "inverted": true, "swapped": false, "error_lsq": 0.04721186097367935, "error_max": 0.23615838239493475, "target": "194.xyz", "model": "21.xyz", "model_rescale": 4.186013935880536, "target_rescale": 4.027499751860884},
{"mapping": [10, 11, 7, 0, 1, 9, 2, 6, 5, 3, 8, 12], "R": [[-0.46484508805554375, -0.8844094408971254, 0.04170113862555913], [0.5787192191665419, -0.2678545022173001, 0.7702843832047945], [-0.6700769429534955, 0.3821961623223822, 0.6363355907287769]], "T": [-0.03648245218020779, 0.07562283708066, -0.05035977898076352], "aligned_model": [[-0.1717942196902641, 0.26134427836500196, -0.5725734296333718, -0.3565044221967384, -0.14803837436665404, 0.3323192856763549, 0.4208418022116971, -0.5564346650603234, 0.08713725512951581, -0.39574527423610356, 0.7295362694577472, -0.054239916022734175], [0.09474981395648516, -0.45723160671883223, 0.40438948156651455, 0.4484441722468493, 0.7975024844338026, 0.33601730583843503, 0.32228914090875116, -0.053573333188490224, -0.19529729810647248, -0.6791003559577535, 0.04590445205185257, 0.03319858773142621], [-0.8735391743538266, -0.212629181542504, -0.4283051417617828, 0.4791481357457401, -0.010758176806355407, -0.4765413823292275, 0.47851588104309095, 0.10067298212109224, 0.6636844944573058, 0.3416373910535666, -0.05087591370050866, -0.04783556486088489]], "inverted": true, "swapped": false, "error_lsq": 0.05668848606312699, "error_max": 0.3398852765383306, "target": "194.xyz", "model": "22.xyz", "model_rescale": 4.166573947596378, "target_rescale": 4.027499751860884},
{"mapping": [4, 2, 8, 10, 7, 1, 13, 9, 14, 11, 6, 15], "R": [[0.020726537884223486, 0.8392548541989454, -0.5433430779266823], [-0.9324058185598149, 0.2123583754084171, 0.29244368673250465], [0.3608182369880095, 0.5005549021809743, 0.7869275632226005]], "T": [-0.05068088394694902, 0.020105703995369248, -0.01891275236356104], "aligned_model": [[-0.21057055409794204, 0.27116160813536344, -0.7108483116665327, -0.24611839892338366, -0.0633258151246851, 0.4695145988166539, 0.2483773545938302, -0.5794463781249427, -0.09594938152280863, -0.19782572803015075, 0.6863617042075207, 0.004517891371204764], [0.08772954224844602, -0.34262351902435506, 0.3347276939594501, 0.5502871966502697, 0.7347107223946231, 0.20812563276261964, 0.5417797903239406, -0.16508235544423433, 0.011438871228700562, -0.7469710743307052, -0.16653880424016354, 0.04970914823397643], [-0.7328566039678186, -0.4854469528749976, -0.36426925082614403, 0.4726693828795091, 0.0049497924363538295, -0.4685172752120768, 0.577101892179575, 0.19686862099797348, 0.7709311640890915, 0.0907911146559029, -0.05115686436777888, -0.0478906709238844]], "inverted": false, "swapped": false, "error_lsq": 0.045088860023941406, "error_max": 0.2289379745121139, "target": "194.xyz", "model": "23.xyz", "model_rescale": 4.274766983524099, "target_rescale": 4.027499751860884},
{"mapping": [5, 4, 0, 1, 7, 9, 10, 8, 6, 3, 11], "R": [[0.47222506817338084, 0.8152122653949065, 0.3353094799410693], [-0.8566770672399058, 0.514036268576977, -0.043256410538689796], [-0.2076243903154914, -0.2668251804780848, 0.9411144646688616]], "T": [-0.12426299294226828, 0.07423464953185216, 0.018422633649360746], "aligned_model": [[0.27828602560429183, 0.3453154081283435, -0.4902242082335697, -0.5518214046693968, -0.44207777651272673, -0.6397216801184954, 0.057909336246783266, -0.018419488554080876, 0.5033593970944632, 0.33244871421178895, 0.004840380760673835], [-0.10020296622683211, 0.5179223515969187, 0.36426557597391257, -0.2109576422846806, 0.40308907131676247, -0.2179111533633517, -0.577716762572956, 0.09498931121391832, -0.015437723767935146, 0.5755571287122507, 0.08198934064547632], [-0.6548332160673169, -0.23619894696767257, -0.6570333319833419, -0.2328042144109148, 0.29254979450480606, 0.42481347508601003, -0.033194901243278896, 0.8008405121363187, 0.296009349128975, 0.4693364436230662, -0.08991852978507361]], "inverted": false, "swapped": true, "error_lsq": 0.04700557081523356, "error_max": 0.22063117705911287, "target": "194.xyz", "model": "24.xyz", "model_rescale": 3.7841303162186577, "target_rescale": 4.027499751860884},
{"mapping": [1, 7, 2, 12, 5, 6, 13, 9, 14, 10, 11, 15], "R": [[-0.9402764058219462, -0.09612913215210744, -0.3265569944224831], [0.16509191355854802, 0.7101596991297994, -0.6844105944602625], [0.2976994133889752, -0.6974470529606931, -0.6518762670816485]], "T": [-0.06514671317939431, 0.020939652976477763, -0.14013752402797983], "aligned_model": [[-0.2780460646175302, 0.3211168402303698, -0.6676097285900158, -0.26155040251217765, -0.22395968683815298, 0.5054388928488213, 0.32938241622515546, -0.5215832145328584, -0.21886378312154953, -0.05361288767199979, 0.6540043001886028, -0.008868091974537494], [0.016161614007163094, -0.46128560915852235, 0.47176077073230277, 0.4974423817038254, 0.8761809316050608, 0.2555461507150544, 0.2781443980818725, -0.017353867992718847, -0.09305602549498831, -0.6753577270877071, -0.10330072435489443, 0.052410552006120055], [-0.8526594046071188, -0.3427820994953533, -0.19104590030292787, 0.4162280453236823, -0.027534059733614974, -0.5161937826586298, 0.4845163660724482, 0.22364817526504435, 0.6297163647124684, 0.20669389707183314, 0.09821875924356965, -0.16563201182569562]], "inverted": true, "swapped": false, "error_lsq": 0.04866825986247993, "error_max": 0.25902607473587325, "target": "194.xyz", "model": "25.xyz", "model_rescale": 4.19342608120988, "target_rescale": 4.027499751860884},
{"mapping": [9, 1, 7, 3, 5, 0, 4, 10, 6, 8, 2, 11], "R": [[-0.14570309997169678, -0.9228910839079654, -0.35643043346748454], [-0.9199119497688528, -0.006191233090346582, 0.39207610652179337], [-0.3640502868164031, 0.3850113191530895, -0.8480764545681554]], "T": [-0.05560514540762082, 0.07861031901204782, -0.05460279690627014], "aligned_model": [[-0.30208326719602485, 0.12151776558939487, -0.8402524350015319, -0.34745805301118515, -0.01891914349200613, 0.5435403237580068, 0.4169209859276928, -0.5264720998433082, -0.14507380376170417, 0.02393579556482449, 0.6715620159638406, -0.02136949486387179], [0.13715029510278084, -0.29460044772487626, 0.48272764354790276, 0.5401044862771023, 0.6790049232072674, 0.32807115472029624, 0.42519180246724175, -0.3205002638956752, -0.0453746205161914, -0.6464544211658119, -0.2949240662114434, 0.10689635895397473], [-0.7515770517471283, -0.4066517443502126, -0.20115974393597758, 0.30989963483155875, -0.2868533909500992, -0.3421928815971149, 0.44632640135234825, 0.07279756581223722, 0.7533075056286147, 0.17989768725724342, 0.12546770102073973, 0.06391266574349645]], "inverted": false, "swapped": false, "error_lsq": 0.051106073366751714, "error_max": 0.3096371803894089, "target": "194.xyz", "model": "26.xyz", "model_rescale": 3.795458400668931, "target_rescale": 4.027499751860884},
{"mapping": [11, 9, 8, 6, 5, 10, 7, 1, 0, 2, 3, 12], "R": [[0.48381563158042884, -0.23556976292220091, 0.842869694220411], [0.8745989970880279, 0.09536103117136828, -0.4753765539301971], [0.03160741892415514, 0.9671675969193301, 0.2521662359203578]], "T": [-0.0688065048909272, 0.009283566084265893, -0.13834868578830004], "aligned_model": [[-0.09608385110730762, -0.03606404655987934, -0.6404877549282095, -0.5202140291075403, -0.08229980568351479, 0.42919157576251865, 0.4755483383384582, -0.5755064942581376, 0.13067144890829657, -0.09321912313239149, 0.5728274717459733, 0.01148485965586142], [0.12066905121801513, -0.4059326657544612, 0.42169095484040925, 0.4985032228489064, 0.75100596578405, 0.453726749460693, 0.461135513917277, -0.14066918589413102, -0.1873877783028987, -0.760067706991453, -0.23062128163595566, 0.11524000527211667], [-0.8443400538787643, -0.24274074657596878, -0.3223389142280786, 0.34958812794026206, -0.009794104004727883, -0.38765692256547446, 0.26129580688192455, 0.12833926575920332, 0.6444681001443562, 0.28866133351636414, 0.13702027199981362, -0.03932781592320411]], "inverted": true, "swapped": false, "error_lsq": 0.054503234889615886, "error_max": 0.299640085692168, "target": "194.xyz", "model": "27.xyz", "model_rescale": 3.6321398670334006, "target_rescale": 4.027499751860884},
{"mapping": [3, 0, 7, 6, 4, 1, 13, 8, 9, 10, 2, 14], "R": [[0.5670173985482085, 0.6641456446260207, 0.4872389890679004], [-0.6707418633227339, 0.7156275318546634, -0.19489122206489862], [-0.4781177914802679, -0.21630487367576867, 0.8512435486358418]], "T": [-0.08907185133515566, 0.01860575212629373, 0.005284662769863148], "aligned_model": [[-0.168213379995388, 0.11015799030478646, -0.6781357988145227, -0.16483309390953024, -0.08902267379356055, 0.34515733098903517, 0.4371011028205351, -0.5520402259956421, -0.1362726610595818, -0.1897120293296112, 0.6976517345411208, -0.03598970612351371], [0.01355575973310287, -0.4881813140467513, 0.36007998677428193, 0.6166972248313352, 0.8269439813348654, 0.4194394532268289, 0.3107788305360804, -0.19402618974582833, -0.1013443380455051, -0.7116033913656117, -0.007974490454167892, 0.05292733198393784], [-0.6768232436352768, -0.29948743893842567, -0.36523712721751783, 0.4956460208945299, -0.17652996024091455, -0.30783601273147787, 0.5568771268968413, -0.08118820670074678, 0.6609951329084487, 0.2529493440037212, -0.11220216143928918, 0.016010875265813164]], "inverted": true, "swapped": false, "error_lsq": 0.04956331167823328, "error_max": 0.22945897431489265, "target": "194.xyz", "model": "28.xyz", "model_rescale": 4.156811204709835, "target_rescale": 4.027499751860884},
{"mapping": [3, 7, 8, 9, 0, 4, 6, 5, 10, 11], "R": [[0.007000893643821133, 0.9996955576592145, 0.023659659435845887], [-0.9355400831932906, 0.014903789235462688, -0.35290597870412455], [-0.3531511577595053, -0.01966390253376002, 0.9353596050237918]], "T": [-0.02973859474874739, -0.04687953382611118, 0.04197674650491873], "aligned_model": [[-0.5502813728937336, 0.13357466786332062, 0.06471431507325671, 0.6441559286483817, -0.04050053672274591, -0.7052122466177327, -0.43456390945925655, -0.4394852319305902, 0.13750298984382608, -0.16697922969413825], [-0.14593034795263826, -0.45324589421188854, 0.10500393053039961, -0.030843926401041874, -0.5823317342240151, -0.19145445331460337, 0.41034069016889596, 0.22199936644896687, 0.583079839940849, 0.002102859641279514], [-0.5764545172181641, -0.26214876558492645, -0.7273225457474286, -0.2066381664994621, 0.6644407475468459, 0.11288682560091663, -0.2837094751239497, 0.6788122540004844, 0.23190623595327983, 0.12701413404750345]], "inverted": true, "swapped": true, "error_lsq": 0.05154940784016032, "error_max": 0.27394515377608003, "target": "194.xyz", "model": "29.xyz", "model_rescale": 4.117894457231895, "target_rescale": 4.027499751860884},
