[{"mapping": [10, 7, 1, 12, 5, 3, 9, 8, 2, 4, 6, 11, 5, 13], "R": [[0.2295572054131243, -0.8095975118059979, 0.5402363911478509], [0.5561530835922246, -0.3464062953085023, -0.755444522239389], [0.7987472923608423, 0.4738718681755395, 0.3707400915709649]], "T": [-0.15275671666795318, -0.14869892101636042, 0.1683633311770327], "aligned_model": [[-0.10547403956033452, -0.11922317659766937, -0.34481539677099327, -0.4296663506782954, 0.48809515679451876, -0.17164991062152907, -0.6358419936264197, 0.407207265384413, -0.5960903960187929, -0.07324329517919323, 0.23548515314540006, 0.36158255473459944, 0.48809515679451876, -0.12550360855852574], [-0.04337411290473703, 0.5177130313700646, -0.685251377872935, -0.422586051615629, -0.515295692777734, -0.17021289202915546, 0.2043638407490966, 0.3805919414983274, 0.2537569644010207, 0.7760393656397341, 0.23250807103363527, -0.11581467040868007, -0.515295692777734, -0.028410373653685067], [-0.8326860971148033, -0.1868339293449718, 0.2592975813868603, -0.2599201056471847, 0.3336417134760392, 0.6902641858144107, -0.2543877459413305, 0.0384762521998874, 0.6507975281986187, 0.3962688897020103, 0.7054813479328284, -0.3022060906921994, 0.3336417134760392, 0.061931213246623734]], "inverted": true, "swapped": false, "error_lsq": 0.05574993718814371, "error_max": 0.42040539617726147, "target": "195.xyz", "model": "0.xyz", "model_rescale": 3.8414455957264533, "target_rescale": 3.879132463540081},
{"mapping": [13, 8, 7, 0, 1, 4, 9, 10, 2, 6, 5, 11, 3, 14], "R": [[0.0036327687620389404, 0.24158365642308544, -0.9703731962190498], [0.9999650979607819, 0.006423281093868638, 0.005342688487369185], [0.007523686025178888, -0.9703587369675414, -0.2415518903659269]], "T": [-0.07098909847846352, 0.015398730873273191, 0.08969791675275599], "aligned_model": [[-0.2811431960656725, -0.04503588892521346, -0.6557397523135517, -0.24469467119988664, 0.568151003414886, -0.1557918213343571, -0.6698040046204403, 0.4524114140389645, -0.4292549142119751, -0.20368496005802703, 0.18652447868551408, 0.4190732182347315, 0.42360146892116174, 0.01434474467556364], [-0.06625032826690352, 0.606665196690134, -0.24855602080682465, -0.6665611126425124, -0.5656939644664598, -0.35865060484056993, 0.2593893409747631, 0.44913976117041593, 0.13865044714850466, 0.6970920007552911, 0.26926265026374363, -0.3363249370546881, -0.29779678806545207, -0.011633290207853446], [-0.6341913614163297, -0.43378350107876096, 0.12643432975207441, -0.08429781694383395, 0.13795867455145888, 0.47533093854478303, -0.12801512915382177, 0.16908256604754632, 0.7229903826249168, 0.4470678481975575, 0.640663118004536, -0.5122944331047579, 0.609953257519264, 0.09686758314819452]], "inverted": false, "swapped": false, "error_lsq": 0.051507714590855, "error_max": 0.30945560133879657, "target": "195.xyz", "model": "1.xyz", "model_rescale": 4.316132596720782, "target_rescale": 3.879132463540081},
{"mapping": [2, 3, 6, 10, 8, 5, 9, 12, 1, 4, 7, 13], "R": [[0.26253229372053777, -0.017807375870163678, -0.9647588777090638], [0.8392033851786902, 0.49769269217544, 0.21917952107756308], [0.4762504310323093, -0.8671706184597017, 0.14560441415615843]], "T": [0.20881759359395813, 0.003530048820196169, -0.03991402165425781], "aligned_model": [[-0.2732871541045933, 0.4114098464004188, 0.2505675095044919, -0.48072508390113466, -0.6174882504781594, -0.43464534663073395, -0.19233873879780794, -0.07001482400760439, 0.5406902238922446, 0.11306616858671467, 0.2821711931745828, 0.06840301099336124], [-0.6292727999136697, -0.5128154154777502, -0.4153681290244625, 0.4352719440306907, -0.28185630054540023, -0.12232467290031948, 0.3309231704455159, 0.5443341932540405, 0.1539764212945342, -0.01936919354089138, 0.5128314209935724, 0.01644578912512003], [0.12373806744013491, 0.24503790403831718, -0.589374882541469, -0.06822694497416854, -0.28706751551790355, 0.318503866971628, -0.6836723391061167, 0.42542704793252717, -0.6290482166769124, 0.7888055921289491, -0.13189182416210987, -0.06297229432345569]], "inverted": false, "swapped": true, "error_lsq": 0.04665045388368044, "error_max": 0.26869353378043337, "target": "195.xyz", "model": "2.xyz", "model_rescale": 3.795458400668931, "target_rescale": 3.879132463540081},
{"mapping": [1, 6, 3, 5, 7, 12, 2, 9, 8, 10, 11, 13], "R": [[-0.1679288224557361, -0.6658389345484109, -0.7269514590590398], [-0.9762071874780586, 0.21494061063603614, 0.028636707485090118], [0.1371839557120605, 0.7144641678480768, -0.6860914772509179]], "T": [-0.10404499727300706, 0.08922949802636813, -0.04151465102322683], "aligned_model": [[-0.000384925585457635, -0.18142014176287874, -0.6773251295052045, 0.1066562151964067, 0.2045862459625535, 0.2419027349103586, -0.24525408432249926, 0.6232433218580222, 0.36535506083046376, 0.6411231447812464, -0.49227254932374176, 0.007093932704295897], [-0.09031630095610828, -0.5500712559272722, -0.03260509724914208, 0.047173681086355154, 0.4103731964569766, 0.6919384895898084, -0.39033561746763196, -0.2116663662234724, -0.5099539647693097, 0.17730089775054048, 0.5009085094778857, 0.04302287352107997], [-0.7024764873513599, -0.2953524132582919, 0.17146441070832522, 0.6741554242449928, -0.3150873745913385, 0.28069799440257703, 0.5985820081775646, -0.2926138547793043, 0.45442317698105306, 0.27414285072828715, -0.19464212978024797, 0.03547782515684294]], "inverted": true, "swapped": true, "error_lsq": 0.03999770414950456, "error_max": 0.18306358298154207, "target": "195.xyz", "model": "3.xyz", "model_rescale": 3.7530521520055578, "target_rescale": 3.879132463540081},
{"mapping": [2, 4, 5, 12, 8, 11, 6, 3, 0, 7, 13], "R": [[0.43001075625176843, 0.6251257549864087, 0.6513896989978081], [0.8391034303316198, -0.010480412659348293, -0.543870935200805], [-0.33316089613502164, 0.7804536830607968, -0.529051855571216]], "T": [0.006329153254102583, 0.03834384887049666, 0.15333470766846874], "aligned_model": [[-0.2950179946666435, -0.16282367342299897, 0.15578389100273535, 0.48098445031660025, 0.2689251987453724, -0.24832559132603046, -0.22374195881486045, -0.5901550442823422, -0.5487787883740027, 0.40495348525913666, 0.09639562800823867], [-0.6338572631882765, 0.226796616318205, -0.3960122968735814, 0.29743773485154623, -0.8243021402565396, 0.5580209732786083, -0.3544632645938456, -0.01614499726608587, 0.3181608122062687, 0.35796806038283835, -0.06640087654479157], [-0.1886916082359063, -0.641864502988247, -0.4360254278410756, -0.3891887093415977, 0.042895673734139106, 0.05987395215456398, 0.6747710235596704, -0.020134099585668253, 0.6107057645695404, 0.2636413700780716, 0.11684734114182563]], "inverted": false, "swapped": true, "error_lsq": 0.05553960843999995, "error_max": 0.20472725216734353, "target": "195.xyz", "model": "4.xyz", "model_rescale": 3.7855080009869324, "target_rescale": 3.879132463540081},
{"mapping": [7, 4, 9, 10, 15, 14, 5, 6, 2, 1, 12, 8, 13, 16], "R": [[-0.04561248379279198, 0.24946175650119543, 0.9673098435173657], [-0.8909149408041694, -0.44817188226886584, 0.07356991365691021], [0.4518739531928741, -0.8584350854822512, 0.24269143874254034]], "T": [-0.05138777359346366, 0.03693466885485436, 0.1352406829450858], "aligned_model": [[-0.04175846016285844, -0.11212004188663949, -0.4836449105907103, -0.27885099874371, 0.17312565946337055, -0.07016644499028821, -0.6580385663796552, 0.4172232287245036, -0.5745020816851113, -0.17852782968068895, 0.22402835523081524, 0.39100063271031515, 0.638835438591536, -0.06764686135918162], [0.13967824285014518, 0.6687093971801938, -0.4916640387346715, -0.4783844872450214, -0.751215973431854, -0.28918320305257994, 0.16874703267584426, 0.3470940647858349, 0.0618699901583476, 0.7216407470535584, 0.2420579751007881, -0.39408952872022973, -0.08504528021370972, 0.008517412244942554], [-0.6068647719610467, -0.2444606050468791, 0.3368620932632089, -0.3270048390830293, 0.22316332010946616, 0.7276863713047916, -0.3840892324026742, -0.1968465731928784, 0.6563120197119241, 0.43208564518170045, 0.722723149260752, -0.20213227542054496, 0.31849037124400115, 0.1778417837240359]], "inverted": false, "swapped": false, "error_lsq": 0.0414879204962083, "error_max": 0.2537509149267411, "target": "195.xyz", "model": "5.xyz", "model_rescale": 4.2253639853439635, "target_rescale": 3.879132463540081},
{"mapping": [12, 7, 1, 9, 8, 10, 0, 6, 4, 3, 2, 11, 5, 13], "R": [[0.3958171826552569, -0.12980130765413062, -0.9091096624973979], [-0.3365337846434879, 0.9005889821564796, -0.2751081551170134], [0.854443543897656, 0.41483865026011496, 0.31278606833102485]], "T": [-0.05926099436429511, -0.06332995035193206, 0.13362028323256683], "aligned_model": [[0.12064061824094274, -0.16448081242138854, -0.6107440079984844, -0.35959561924922584, 0.10739274250107297, 0.09611907456867902, -0.7559046179631307, 0.3487789876158456, -0.46929199063069, -0.16873269873889093, 0.20465353848521656, 0.5855438648945326, 0.5102577485886506, -0.06567970865143219], [0.11713496914347385, 0.5579286102242358, -0.4314542475248794, -0.448158755546004, -0.7828348347764214, -0.43877371079136973, 0.14460432146233732, 0.4237200126202714, 0.1900830686088663, 0.6313517289047335, 0.2257192941280412, -0.13441770778024767, -0.18214695497232075, -0.004023443049127912], [-0.7643839411910063, -0.3484147848130805, 0.4483531373519656, -0.23285254150825083, 0.11351732631568062, 0.7995117843906889, -0.2047783716565343, 0.03360191093262005, 0.6518554963631371, 0.2255049018844516, 0.6785709834372855, -0.2961785220626606, 0.38316424186314546, 0.1462948353853852]], "inverted": true, "swapped": false, "error_lsq": 0.04908544981450771, "error_max": 0.2981434348573067, "target": "195.xyz", "model": "6.xyz", "model_rescale": 3.89814844738969, "target_rescale": 3.879132463540081},
{"mapping": [3, 2, 5, 0, 12, 8, 6, 11, 1, 9, 10, 7, 13], "R": [[-0.6952773550292273, 0.6529972507987352, -0.30030649349099336], [0.1361640445311249, -0.2905859047108561, -0.9471109676063834], [-0.7057256921499231, -0.6993957552292318, 0.11312305249967802]], "T": [-0.016482872083814208, -0.05325536026260372, 0.00242249376273199], "aligned_model": [[0.06487357154228782, -0.021619949024408606, 0.3415037128095391, -0.3566795678358698, 0.62348836186527, -0.26267135563803773, -0.673428978811792, 0.26751015944292605, -0.5538477688471992, -0.47781988527454367, 0.16278329585446166, 0.0551164578923378, -0.020576253070749097], [-0.42050778394053456, 0.22713666266291052, 0.4669517959727475, -0.7457154213051783, 0.2583483041184883, 0.7119010155944948, -0.09446874791321086, -0.548962630080805, -0.22886710996118856, 0.5228000104948023, 0.7128154872471187, 0.014358409732421196, 0.0879912728484197], [-0.49493114876677036, -0.7598113045592682, -0.39704899326345744, -0.017475133737692463, 0.28544003182087097, -0.4209432074123474, -0.21170187678004448, 0.13383986736730377, 0.40273753791053796, 0.37372533576079336, 0.21139829959305276, 0.5157746813272908, -0.01872905842397331]], "inverted": true, "swapped": true, "error_lsq": 0.04286559104909688, "error_max": 0.2963713731559113, "target": "195.xyz", "model": "7.xyz", "model_rescale": 3.7474275329858107, "target_rescale": 3.879132463540081},
{"mapping": [1, 2, 11, 12, 10, 7, 4, 3, 9, 8, 5, 0, 6, 14], "R": [[-0.7787560751475924, -0.29055610448807134, -0.5559821270197762], [0.4849748397435245, -0.8410131061178552, -0.23978398644142174], [-0.3979175545718739, -0.45637057911604495, 0.7958564658786316]], "T": [-0.127346245869856, -0.06409341822353011, 0.04151983687432127], "aligned_model": [[0.08332092225722021, -0.11732442255447306, -0.4707130734061778, -0.4164420525105128, 0.16447085341855638, 0.03265426958952394, -0.6658181357567884, 0.41763216371775846, -0.4464887077889407, -0.27497135791372385, 0.15584879292259207, 0.46950490294431324, 0.6062909025441459, -0.15900793822179632], [-0.006521062144683731, 0.6097704951618358, -0.458637327128047, -0.5314873341263069, -0.745076549439388, -0.3194558013541297, 0.4793756935066894, 0.39699358682581054, 0.02139976608489426, 0.5639409845859888, 0.24126530607433944, -0.18847691217325852, -0.1568348670185771, -0.03752362820357855], [-0.6775813994886134, -0.46285748730296694, 0.3775470400645585, -0.23885341570019147, 0.20390245678976887, 0.6523123714215361, -0.12253867172028717, 0.10883880777105943, 0.7279449562613014, 0.2628565284513184, 0.6242531236534524, -0.2085015426495621, 0.38809400864727955, -0.0016503195058258785]], "inverted": false, "swapped": false, "error_lsq": 0.04696183369316537, "error_max": 0.25239727011544255, "target": "195.xyz", "model": "8.xyz", "model_rescale": 4.019505241142653, "target_rescale": 3.879132463540081},
{"mapping": [7, 12, 11, 1, 9, 6, 3, 10, 8, 5, 4, 2, 13], "R": [[-0.8738347048904913, 0.23232654500868943, -0.42712677861880005], [-0.07812028206806093, -0.9341302674272929, -0.34827843029079614], [-0.47990637634704814, -0.2709705149283585, 0.834424861794581]], "T": [0.07433318449277129, -0.02076025943662632, -0.15982134270341916], "aligned_model": [[-0.21231645182460415, -0.6764775897919089, -0.12297606558330682, 0.4270733937913146, 0.20747742359078314, 0.7532911854522311, 0.2840691437440287, -0.33662591232916905, 0.2978351139976859, -0.19468072261347205, -0.4898546881599235, 0.32713223848192186, 0.05575370298559527], [-0.3718638501393293, -0.10549215487412056, 0.3122144723004113, -0.42726107590048723, -0.8175399848844254, -0.14948943585867808, 0.5656209131149379, -0.532206582155747, -0.3005057212049984, 0.10072151267059756, 0.5597803014601255, 0.3212844925397409, -0.0918846589539681], [-0.4201803429666654, -0.03387437807093599, -0.6000998378068595, -0.5959223452647705, 0.013245439506149453, -0.12018791492002542, -0.12785562312489104, 0.3220573448418531, 0.6751043605831333, 0.5266340791107826, 0.042992883784588876, 0.532092282926077, -0.03730245455455776]], "inverted": false, "swapped": true, "error_lsq": 0.052541010479003156, "error_max": 0.28808995006396604, "target": "195.xyz", "model": "9.xyz", "model_rescale": 3.877068213659057, "target_rescale": 3.879132463540081},
{"mapping": [7, 8, 3, 4, 13, 6, 1, 9, 12, 11, 10, 2, 14, 15], "R": [[0.4985880927709811, -0.5216570113432449, -0.6923033123302456], [0.1392658142592461, -0.7400728301495907, 0.6579492678414383], [-0.8555787203558216, -0.42445985509917095, -0.29634251244714466]], "T": [-0.10601304822832493, -0.03174151424880773, 0.14864205027164606], "aligned_model": [[-0.16696428257132423, 0.006295212278235859, -0.4892768930457528, -0.29736715268540753, 0.3184493045579588, -0.11138470272193397, -0.7481123995543703, 0.4583729720834543, -0.5883384702188446, -0.12282968753957012, 0.287240995937595, 0.36152264637647474, 0.6382736165574382, -0.16692404021225588], [0.026085139654926197, 0.5966534247869085, -0.5227338354383048, -0.47528824155616783, -0.6674972943034058, -0.28773836968101363, 0.1680692614037505, 0.28684362181234185, 0.16275042717360216, 0.6420089454883369, 0.24110509696855958, -0.207074581117621, -0.1283947832109678, 0.03394353867064361], [-0.6632862683299232, -0.28475106345351087, 0.27028377221332794, -0.32542607473501306, 0.26390173601637396, 0.7096601698200895, -0.3997106529798558, 0.02367311390270707, 0.6850470164464004, 0.44936251001784616, 0.6722036636030915, -0.28842092903715894, 0.363623567755357, 0.15760589545309595]], "inverted": true, "swapped": false, "error_lsq": 0.03360863210391775, "error_max": 0.2575045499856222, "target": "195.xyz", "model": "10.xyz", "model_rescale": 4.260839863003843, "target_rescale": 3.879132463540081},
{"mapping": [11, 12, 10, 7, 9, 1, 0, 3, 5, 8, 6, 13], "R": [[0.1237815057957592, 0.9394620497673123, 0.3195139994897477], [0.6541320042706504, -0.3193771712069555, 0.6856453481944618], [0.7461832615462479, 0.12413411923739215, -0.6540651807192925]], "T": [0.10300874799739088, 0.02670140069375144, -0.112481310423942], "aligned_model": [[0.40943830726055985, 0.004563165721540086, -0.39570324676168445, -0.2674696430323079, -0.6808912698997347, -0.3142442052276765, 0.3572387572910346, 0.6955735090082642, 0.249726766050412, -0.1308886178585234, -0.005746205871643109, 0.03730133241388972], [-0.009535193291389736, -0.7207584680512463, -0.5208538010259512, -0.14964483001258364, 0.09874328439032243, 0.5115780812819166, 0.6493477467014904, 0.20760136826728284, -0.4634851517608762, -0.048975771511015724, 0.651436196321721, -0.03237495577673604], [-0.6109149568179457, -0.24802157282816933, 0.2253669353123497, -0.4363274515450081, 0.13821404120501896, -0.37827677901500706, -0.4910434238183134, -0.04179846176751495, 0.43207200770040094, 0.7620909014223518, 0.1650160259013827, -0.0001991883540411188]], "inverted": true, "swapped": true, "error_lsq": 0.048387247225871205, "error_max": 0.2626997173401403, "target": "195.xyz", "model": "11.xyz", "model_rescale": 3.890672605050136, "target_rescale": 3.879132463540081},
{"mapping": [3, 7, 6, 0, 2, 11, 8, 12, 6, 5, 9, 4, 10, 13], "R": [[-0.3271479244387316, -0.66442978334714, -0.6719429280353375], [0.41604541218668667, 0.5371719080525119, -0.7337251230519737], [0.8484576893009104, -0.5195954235753972, 0.10069828829559932]], "T": [-0.12487568707661821, -0.09015390316866008, 0.1755347919447639], "aligned_model": [[-0.23128695998794344, 0.10409155283024253, -0.6018479449265449, -0.3755882281109827, 0.3636699988470934, 0.09622364996225445, -0.6751291049134645, 0.4563775722692831, -0.6018479449265449, -0.1300737752303766, -0.07338970161344559, 0.31911025164144236, 0.7485079058145937, -0.019860152413909773], [-0.02266112053448148, 0.5591522227662381, -0.18168139029397196, -0.4018458064425667, -0.6067035424179938, -0.38083960795906185, 0.23014699211261358, 0.3755785971529312, -0.18168139029397196, 0.6813508608307867, 0.3193810316422501, -0.33998553618185157, -0.1674341310197746, -0.01404482870955684], [-0.7394430882751473, -0.3273963446427907, 0.48566142460249984, -0.2588451327165831, 0.18351706125876932, 0.5870916751173461, -0.1618367517263295, 0.15629853999595003, 0.48566142460249984, 0.27415305009589663, 0.8354217114178739, -0.30562805490830103, 0.35094679408338475, 0.06816414778775881]], "inverted": true, "swapped": false, "error_lsq": 0.05080482006408688, "error_max": 0.34398136820957037, "target": "195.xyz", "model": "12.xyz", "model_rescale": 4.124412569039231, "target_rescale": 3.879132463540081},
{"mapping": [5, 10, 9, 4, 8, 2, 12, 3, 7, 11, 6, 1, 13], "R": [[0.773859371356735, -0.6022870802155336, 0.19593862908780027], [-0.6117597400952459, -0.7909018903309182, -0.014973986429053919], [0.16398687069993176, -0.10827960508067955, -0.980501827311717]], "T": [0.11993258764141068, 0.13118388829611538, -0.1886513383800129], "aligned_model": [[-0.1441788382364993, -0.00640841826317351, 0.5932125562921052, -0.6305935784430837, 0.479742306115585, 0.22990830122931688, -0.5132849392505789, 0.0556482345410787, 0.00271016548074407, -0.22177143180909675, 0.7885172215745802, 0.5942461283827607, 0.1395505998960191], [-0.2089808594352921, 0.44423328513976423, 0.6287827010635374, -0.22742754945104487, -0.14077638335060694, -0.5727338746671596, 0.4040894701967277, -0.42387828740639577, 0.6405730104185534, 0.1561301981575796, -0.029062333317056654, 0.543094271099775, 0.13344172806009585], [0.42198803836419696, 0.5520981571694715, 0.2706295377736568, -0.1209961855825944, 0.5999462415163119, 0.20128656025225428, 0.14499077195800808, -0.46546781622234057, -0.19184201689879019, -0.6643238203538493, -0.2689116165640493, -0.4805574107470124, -0.047142359697424085]], "inverted": true, "swapped": true, "error_lsq": 0.03194075046745329, "error_max": 0.1735367073200817, "target": "195.xyz", "model": "13.xyz", "model_rescale": 3.9028299243045295, "target_rescale": 3.879132463540081},
{"mapping": [0, 8, 6, 3, 7, 9, 2, 5, 11, 12, 14, 4, 10, 15], "R": [[0.36482372534872476, -0.431290979304444, 0.8251616451297842], [0.9246222044828536, 0.27199300199794385, -0.2666338047611644], [-0.10944143822129948, 0.8602371173314717, 0.49801071631571686]], "T": [-0.09549200100675147, 0.053552842857444466, 0.0900766798268446], "aligned_model": [[-0.07342814103172977, -0.1277225268715279, -0.5305977344468444, -0.2066453969580151, 0.26351383325135175, -0.13243593304961382, -0.679570040615569, 0.27059655011051026, -0.3644170104567478, -0.17755276717171115, 0.24630046450953869, 0.40008979415192014, 0.5749544045469808, -0.08412837672684517], [0.002432995347757566, 0.6478096926558182, -0.4314428208463542, -0.4335369212108722, -0.7434753400378881, -0.4289186505413094, 0.21742802101659534, 0.37339584759360533, 0.20908716505699948, 0.7007417050190221, 0.14063527383887314, -0.19783275395894898, -0.15307404012418335, -0.034517823157526675], [-0.737036587216018, -0.4021906756090167, 0.23103933149496403, -0.28285485483672385, 0.3277504951207847, 0.6956358102232502, -0.32723320405539885, -0.07048937735013448, 0.7604087633855614, 0.3322602802446026, 0.9016462785142356, -0.29795326734641503, 0.3413923191299952, 0.161391144993141]], "inverted": false, "swapped": false, "error_lsq": 0.03653849097345445, "error_max": 0.2504012203227169, "target": "195.xyz", "model": "14.xyz", "model_rescale": 3.942246331269136, "target_rescale": 3.879132463540081},
{"mapping": [1, 3, 8, 0, 7, 6, 12, 5, 11, 4, 10, 2, 9, 14], "R": [[-0.5116778737661289, -0.38756774856841847, 0.7667965791315065], [-0.7251790506867551, 0.6734354201790114, -0.14352727717536876], [-0.4607614327862416, -0.6295045473369717, -0.6256380158996449]], "T": [-0.095556037448503, 0.07637902758828616, 0.17690233085839616], "aligned_model": [[-0.10910110466408313, -0.058717365621939965, -0.5303216186101802, -0.15056991863361346, 0.209113433686631, -0.049263617772817125, -0.6709033108401719, 0.37186593898323217, -0.5003026802764761, -0.21396209526925408, 0.21603692450234452, 0.35762536275073076, 0.6119183164971649, -0.1044611454898703], [0.21587791685208915, 0.6582042049758439, -0.550222086296323, -0.5025895802386624, -0.7188145670337204, -0.28047427267287306, 0.27832917426640347, 0.17691363311592218, 0.056122155015225106, 0.6099848419856257, 0.41303795727939063, -0.36612994320012193, -0.14842697474480607, 0.02691989134759578], [-0.6212192305775228, -0.243419338481454, 0.3080162500413248, -0.2730824543245398, 0.25321201936128973, 0.6050403031426937, -0.3674026492953846, -0.24045728293906657, 0.7684095910755417, 0.3888193363943031, 0.7233189367234627, -0.24907929776510682, 0.4885184503973816, 0.09309182293990473]], "inverted": true, "swapped": false, "error_lsq": 0.04388763954576534, "error_max": 0.3110858076312967, "target": "195.xyz", "model": "15.xyz", "model_rescale": 4.355366556412066, "target_rescale": 3.879132463540081},
{"mapping": [2, 3, 6, 10, 8, 5, 9, 12, 1, 4, 7, 13], "R": [[0.26253229372053777, -0.017807375870163678, -0.9647588777090638], [0.8392033851786902, 0.49769269217544, 0.21917952107756308], [0.4762504310323093, -0.8671706184597017, 0.14560441415615843]], "T": [0.20881759359395813, 0.003530048820196169, -0.03991402165425781], "aligned_model": [[-0.2732871541045933, 0.4114098464004188, 0.2505675095044919, -0.48072508390113466, -0.6174882504781594, -0.43464534663073395, -0.19233873879780794, -0.07001482400760439, 0.5406902238922446, 0.11306616858671467, 0.2821711931745828, 0.06840301099336124], [-0.6292727999136697, -0.5128154154777502, -0.4153681290244625, 0.4352719440306907, -0.28185630054540023, -0.12232467290031948, 0.3309231704455159, 0.5443341932540405, 0.1539764212945342, -0.01936919354089138, 0.5128314209935724, 0.01644578912512003], [0.12373806744013491, 0.24503790403831718, -0.589374882541469, -0.06822694497416854, -0.28706751551790355, 0.318503866971628, -0.6836723391061167, 0.42542704793252717, -0.6290482166769124, 0.7888055921289491, -0.13189182416210987, -0.06297229432345569]], "inverted": false, "swapped": true, "error_lsq": 0.04665045388368044, "error_max": 0.26869353378043337, "target": "195.xyz", "model": "16.xyz", "model_rescale": 3.795458400668931, "target_rescale": 3.879132463540081},
{"mapping": [3, 2, 5, 0, 12, 8, 6, 11, 1, 9, 10, 7, 13], "R": [[-0.6952773550292273, 0.6529972507987352, -0.30030649349099336], [0.1361640445311249, -0.2905859047108561, -0.9471109676063834], [-0.7057256921499231, -0.6993957552292318, 0.11312305249967802]], "T": [-0.016482872083814208, -0.05325536026260372, 0.00242249376273199], "aligned_model": [[0.06487357154228782, -0.021619949024408606, 0.3415037128095391, -0.3566795678358698, 0.62348836186527, -0.26267135563803773, -0.673428978811792, 0.26751015944292605, -0.5538477688471992, -0.47781988527454367, 0.16278329585446166, 0.0551164578923378, -0.020576253070749097], [-0.42050778394053456, 0.22713666266291052, 0.4669517959727475, -0.7457154213051783, 0.2583483041184883, 0.7119010155944948, -0.09446874791321086, -0.548962630080805, -0.22886710996118856, 0.5228000104948023, 0.7128154872471187, 0.014358409732421196, 0.0879912728484197], [-0.49493114876677036, -0.7598113045592682, -0.39704899326345744, -0.017475133737692463, 0.28544003182087097, -0.4209432074123474, -0.21170187678004448, 0.13383986736730377, 0.40273753791053796, 0.37372533576079336, 0.21139829959305276, 0.5157746813272908, -0.01872905842397331]], "inverted": true, "swapped": true, "error_lsq": 0.04286559104909688, "error_max": 0.2963713731559113, "target": "195.xyz", "model": "17.xyz", "model_rescale": 3.7474275329858107, "target_rescale": 3.879132463540081},
{"mapping": [6, 4, 7, 2, 1, 11, 9, 8, 12, 5, 10, 0, 3, 13], "R": [[-0.28148168097611675, -0.5508598227106006, -0.7856981093257799], [-0.35619595937871396, -0.7003190637042258, 0.6186094466904898], [-0.8910064544082367, 0.45398971875548233, 0.0009129442374950503]], "T": [-0.042957548128576065, -0.04516714114798851, 0.16381928226002962], "aligned_model": [[-0.3253315242179709, 0.04966380103227082, -0.5871631213578463, -0.19703230228645163, 0.24666439800160073, -0.015925474200461434, -0.6070623822744743, 0.5392156937148943, -0.6340487364589811, -0.19231875434647128, 0.14466436016525475, 0.4449946338251974, 0.5465127366492922, -0.033876209004156166], [0.071215350813365, 0.5656085822822459, -0.5161853708355193, -0.49235556251314344, -0.6733667953794281, -0.37733960334628097, 0.18240695311231966, 0.37103176825832856, 0.19956628733768908, 0.6486817274364397, 0.33247639370229404, -0.18114868344280688, -0.17850850187140163, -0.08335019490251258], [-0.5445018769980169, -0.39079781391399193, 0.386083547054267, -0.3654407764425077, 0.16216412276766773, 0.804652633563099, -0.11496366838599548, 0.09520998617592702, 0.5510578125915233, 0.3034076568172893, 0.7102831425265812, -0.5014280995931747, 0.47258140136397914, 0.0654583891661809]], "inverted": false, "swapped": false, "error_lsq": 0.039451825023961, "error_max": 0.2780720159748142, "target": "195.xyz", "model": "18.xyz", "model_rescale": 3.922800546911778, "target_rescale": 3.879132463540081},
{"mapping": [5, 0, 4, 8, 13, 11, 1, 3, 10, 2, 9, 12, 7, 14], "R": [[-0.07072048356213456, -0.8294522423158794, -0.5540826571206662], [-0.17240714304753407, -0.5369494426495187, 0.8258093442584422], [-0.9824837862432771, 0.1539294440824467, -0.10503016715945918]], "T": [-0.1383500081638393, -0.0630238315772771, 0.05234906829572619], "aligned_model": [[-0.013277369967884395, 0.05180147098122373, -0.49316718890602657, -0.38223597587891195, 0.10768264348346546, 0.039034247435513314, -0.6848050006442181, 0.37459206339962386, -0.525475273670001, -0.2644207952910306, 0.12326480925196648, 0.5134442029606205, 0.5861502147372126, -0.053630928649855664], [0.05179554869469129, 0.6407920755916221, -0.5415146207697563, -0.477829842048102, -0.6905473313619981, -0.33860365251749946, 0.3427298875598003, 0.31056490680562565, 0.04963974813549829, 0.5643461444457057, 0.4025699455711872, -0.27563596603943813, -0.11522084554935659, -0.05435364786639094], [-0.6917658860455907, -0.3562194320464347, 0.4634676302706018, -0.32560101101446437, 0.18462128140761294, 0.6846735110660681, -0.23874178442133284, -0.028094261811619156, 0.7509488062547331, 0.3742838949390058, 0.6667783220785394, -0.33310447130483356, 0.3848936785473136, 0.09762617877322831]], "inverted": true, "swapped": false, "error_lsq": 0.040678932511756145, "error_max": 0.24667753085027866, "target": "195.xyz", "model": "19.xyz", "model_rescale": 3.9282355846067225, "target_rescale": 3.879132463540081},
{"mapping": [12, 2, 8, 9, 11, 4, 7, 1, 6, 5, 3, 10, 0, 13], "R": [[0.461794693179264, 0.8655216351981918, -0.19395350049771648], [-0.5093167390717543, 0.437773334492527, 0.740912253177533], [0.7261832555579781, -0.24336558222382715, 0.6429860595192354]], "T": [-0.1568102313824008, -0.01674464130325618, 0.13705714574572028], "aligned_model": [[-0.36321614275809266, 0.144234499442853, -0.5876661751500676, -0.3273247747118237, 0.27480952946447657, -0.011689583597757264, -0.5395646498967079, 0.4449165834305363, -0.6079739286534842, -0.18660209164040337, 0.1473217171925189, 0.413496761110708, 0.5827895710255513, -0.004574196016610355], [-0.24303336302990045, 0.6199048891099377, -0.5857779073837106, -0.5915027282740902, -0.5874401325211682, -0.38386119340947955, 0.2818470141324492, 0.41783277683735814, 0.2554369264914527, 0.6455739922020571, 0.24071688968067426, -0.06413979872659245, -0.1684563260899846, 0.03163131163258595], [-0.656028196090867, -0.2904538550798582, 0.40008922922997814, -0.20791061682430637, 0.099986811568849, 0.6305480572081463, -0.2533783224069083, 0.23985843116534625, 0.5233375704044968, 0.3564577497162068, 0.7754711078901816, -0.5069443933500707, 0.40195842013700944, 0.12077446312462373]], "inverted": true, "swapped": false, "error_lsq": 0.04711982929163066, "error_max": 0.3395399305156394, "target": "195.xyz", "model": "20.xyz", "model_rescale": 4.067790424073018, "target_rescale": 3.879132463540081},
{"mapping": [4, 2, 13, 5, 1, 10, 6, 0, 11, 3, 12, 8, 9, 14], "R": [[-0.5478766097430581, -0.4685486463397487, 0.6930320241587988], [-0.214514820629369, 0.8794189340975427, 0.42497732890248585], [-0.8085880361635351, 0.08416949782392125, -0.5823236929829203]], "T": [-0.03105894747053632, -0.003121534100130146, 0.06710571501649229], "aligned_model": [[-0.20362499628183317, -0.06105843129162429, -0.4473027429838952, -0.20061354348527233, 0.3228510389860632, -0.08725460540666578, -0.6759927065388169, 0.49957325208164, -0.4315253551084779, -0.2067491609286849, 0.1694992805965992, 0.28862685205740435, 0.4407960342038888, -0.028267796658627754], [0.0270372306601822, 0.6006026797424688, -0.5045353776713126, -0.4521160706333884, -0.7361293180985352, -0.46380979894640945, 0.2681041961319719, 0.44032368810587413, 0.14321300814944882, 0.7910525257516032, 0.2982843671332301, -0.23177113258670942, -0.2773726701230468, -0.03415097696378869], [-0.7150604453625333, -0.3668747409138826, 0.3229352779075009, -0.27658202987914726, 0.17079954975538056, 0.7423058277354687, -0.17383816303292285, -0.09489377023591719, 0.5531562392187774, 0.31643587405158646, 0.7423425229246247, -0.3460386270930915, 0.6204492702586744, 0.13862967135830953]], "inverted": true, "swapped": false, "error_lsq": 0.03511133528722021, "error_max": 0.2742985259721057, "target": "195.xyz", "model": "21.xyz", "model_rescale": 4.186013935880536, "target_rescale": 3.879132463540081},
{"mapping": [12, 4, 5, 9, 1, 10, 7, 11, 2, 3, 0, 6, 13], "R": [[0.47242331264937554, -0.3717099478224435, -0.7991545084370275], [0.6984980308357279, 0.710866581866229, 0.08227517064360856], [0.5375097344085977, -0.597076559141004, 0.5954686120530102]], "T": [-0.048442762347138964, -0.045540966666954445, 0.05883269066724778], "aligned_model": [[-0.01721709187817006, -0.3184294904386113, 0.38182978967448145, 0.5788078616752897, -0.09923555000175083, 0.5698025549435911, -0.09343113274702758, -0.624656891750243, 0.3386850256238967, -0.3351671879271748, -0.5759637088821503, 0.1659211678258508, 0.08762868930524301], [-0.41168494551822304, 0.21039147717635182, 0.23122435355726967, -0.49751845985551585, -0.38011278929087566, -0.4038631826011684, -0.5651560275334312, -0.09367000308417626, 0.6492077208979582, 0.5080673601986536, 0.1208186456196029, 0.2026081489499967, -0.051355638970348894], [-0.6132703483388653, -0.6882112570382883, -0.4857899656802243, 0.35005499528777434, 0.6632617118973363, -0.3311028258095786, 0.024122613272028776, -0.037651185297907175, -0.10579651783362379, 0.04615264512212708, 0.597048979798783, 0.6684195166291791, 0.015641199326605508]], "inverted": true, "swapped": true, "error_lsq": 0.04079646075885965, "error_max": 0.24076874435843387, "target": "195.xyz", "model": "22.xyz", "model_rescale": 4.166573947596378, "target_rescale": 3.879132463540081},
{"mapping": [14, 13, 8, 9, 3, 4, 10, 6, 0, 5, 1, 12, 2, 15], "R": [[-0.7022673057422321, -0.3098984947012828, 0.6409239847808987], [0.41989041545452815, -0.907323159911886, 0.02137106681787812], [0.5749023136977014, 0.2841260397594517, 0.7673067986377029]], "T": [-0.019750926687456025, -0.1093918793996553, 0.057472317939125814], "aligned_model": [[-0.11692419028184652, -0.2956400854855837, -0.6421343767455564, -0.2260070429330598, 0.13427856710824548, -0.1034172692410688, -0.6002477180887397, 0.5873444940576154, -0.3668217290420153, -0.1382905170573679, 0.2013800065577685, 0.4439463723920856, 0.5070665587556802, -0.005575950754459531], [0.07676842927651728, 0.5910647213867588, -0.5308999921439992, -0.5589191009522213, -0.6576236001059653, -0.3966029542873055, 0.18814531264838694, 0.3369065444214684, 0.1560182747183523, 0.6952481929216277, 0.26838438258359987, -0.03501422010865084, -0.20637058916670203, -0.05837305054027842], [-0.7053379202828406, -0.3299019989278393, 0.3558829280146787, -0.2828699478413739, 0.25019893122463666, 0.728563410824567, -0.3105444311702859, 0.16405795942994417, 0.7472948103834012, 0.22941620626051834, 0.620042550986695, -0.39951141684138725, 0.4647409099915718, 0.10173446464054173]], "inverted": true, "swapped": false, "error_lsq": 0.04344920417081988, "error_max": 0.2327442250980408, "target": "195.xyz", "model": "23.xyz", "model_rescale": 4.274766983524099, "target_rescale": 3.879132463540081},
{"mapping": [12, 5, 4, 11, 3, 0, 1, 6, 9, 8, 13], "R": [[-0.009525956634454366, -0.6377330043530679, -0.7701985921234915], [0.46573028489880947, 0.6787620981091977, -0.5677828069768173], [0.884875447663835, -0.3641134841353855, 0.2905457154950285]], "T": [-0.07541528962840671, 0.015045471246034364, 0.0073126940762509515], "aligned_model": [[0.19845997366258228, 0.18982142919661255, -0.37634092570441124, -0.5308842131558649, -0.6072617455172932, -0.6545089850403384, 0.006460796172690075, -0.07407444021738877, 0.6689157157105196, 0.5126987906247582, 0.046608308226208345], [0.08090189712128534, 0.675556516565609, 0.46436623846855885, -0.21687022932099662, 0.321807677583961, -0.34602855432982105, -0.5590115314035313, -0.006287401828366318, -0.2081759708104955, 0.6200636667145613, 0.08926422248271906], [-0.7050174415453978, -0.22011199962866002, -0.6283157497928316, -0.2797612213579597, 0.11635468358159526, 0.36773839170122263, 0.3862685196808581, 0.6991718467773448, 0.28781398229322014, 0.3440416320084479, 0.01138379030373763]], "inverted": true, "swapped": true, "error_lsq": 0.057420770042670606, "error_max": 0.3017273345865424, "target": "195.xyz", "model": "24.xyz", "model_rescale": 3.7841303162186577, "target_rescale": 3.879132463540081},
{"mapping": [10, 14, 1, 7, 6, 4, 9, 13, 2, 12, 5, 11, 3, 15], "R": [[0.6572816559170317, 0.026567675327391516, 0.7531765951107771], [-0.7018441685938239, 0.3856909798758522, 0.5988799805079892], [-0.2745825701056227, -0.922245426483701, 0.27215397392668644]], "T": [-0.18190316600707174, -0.09859397187006015, 0.03459720121774583], "aligned_model": [[-0.33329581938653674, -0.11773930904537591, -0.5918567685578711, -0.09794209703017254, 0.2855612747221767, -0.09265398319231007, -0.4781146657848966, 0.45583054211767554, -0.5449705942547065, 0.007445209733284275, 0.04774027441632067, 0.4678532071801354, 0.5000227141279596, -0.12892286580398554], [0.022283091633957683, 0.6068670581162101, -0.6275355079783735, -0.5610475235680864, -0.6098528200684907, -0.3555484861547161, 0.40267669620858904, 0.3400143204439658, 0.22816043126143876, 0.5884422130162414, 0.2824308816281144, -0.23019172116808723, -0.0811135375855457, -0.1368527451336286], [-0.7188774866773218, -0.32248359767946644, 0.35893543352809615, -0.414727638423239, 0.2398235129702454, 0.7293729231697934, -0.02132393297568934, -0.07906229335210661, 0.6092332864987247, 0.2940203684359042, 0.7905222614789372, -0.3526059199537996, 0.4631685675646345, 0.05777097210811465]], "inverted": false, "swapped": false, "error_lsq": 0.044491589859670604, "error_max": 0.2648523699001589, "target": "195.xyz", "model": "25.xyz", "model_rescale": 4.19342608120988, "target_rescale": 3.879132463540081},
{"mapping": [2, 3, 6, 10, 8, 5, 9, 12, 1, 4, 7, 13], "R": [[0.26253229372053777, -0.017807375870163678, -0.9647588777090638], [0.8392033851786902, 0.49769269217544, 0.21917952107756308], [0.4762504310323093, -0.8671706184597017, 0.14560441415615843]], "T": [0.20881759359395813, 0.003530048820196169, -0.03991402165425781], "aligned_model": [[-0.2732871541045933, 0.4114098464004188, 0.2505675095044919, -0.48072508390113466, -0.6174882504781594, -0.43464534663073395, -0.19233873879780794, -0.07001482400760439, 0.5406902238922446, 0.11306616858671467, 0.2821711931745828, 0.06840301099336124], [-0.6292727999136697, -0.5128154154777502, -0.4153681290244625, 0.4352719440306907, -0.28185630054540023, -0.12232467290031948, 0.3309231704455159, 0.5443341932540405, 0.1539764212945342, -0.01936919354089138, 0.5128314209935724, 0.01644578912512003], [0.12373806744013491, 0.24503790403831718, -0.589374882541469, -0.06822694497416854, -0.28706751551790355, 0.318503866971628, -0.6836723391061167, 0.42542704793252717, -0.6290482166769124, 0.7888055921289491, -0.13189182416210987, -0.06297229432345569]], "inverted": false, "swapped": true, "error_lsq": 0.04665045388368044, "error_max": 0.26869353378043337, "target": "195.xyz", "model": "26.xyz", "model_rescale": 3.795458400668931, "target_rescale": 3.879132463540081},
{"mapping": [12, 5, 4, 11, 0, 9, 10, 7, 8, 3, 1, 6, 13], "R": [[0.22893186996121334, 0.9608789174198519, -0.15589068276877813], [0.6861163571149412, -0.04567531763296678, 0.7260565472870899], [0.6905320726913304, -0.2731766304374906, -0.6697312783254444]], "T": [-0.09271388955607786, 0.0008407972286700177, -0.12943370147759023], "aligned_model": [[-0.03526651606117903, 0.3794977001451443, 0.5593546968570345, -0.008528297199888166, -0.181487187496364, -0.7042472572958601, -0.2551751348369914, -0.4996039337509854, 0.06403674373662975, 0.4094281085948728, -0.6926377491032693, -0.2446961762977014, -0.0909986144701859], [-0.7488611064492895, -0.4130282976210936, -0.42382508572648936, 0.034316410210094614, 0.6571073297594042, -0.13682834957726286, -0.651514716907681, -0.2803504633750789, -0.10851934801459602, 0.33930967540942214, 0.3442343228335357, 0.5802626920936925, -0.07042155937774351], [-0.27574093194385507, 0.2756291778252087, -0.43098693960933, -0.7086058993312527, -0.5257469404347818, 0.40872201627759575, 0.32959834179568936, -0.2985505880337016, 0.758699826476214, -0.27824933086576786, -0.17443262141400528, 0.21740578415638537, -0.005605232798973264]], "inverted": true, "swapped": true, "error_lsq": 0.04272247372201106, "error_max": 0.21515072721683565, "target": "195.xyz", "model": "27.xyz", "model_rescale": 3.6321398670334006, "target_rescale": 3.879132463540081},
