[{"mapping": [0, 12, 9, 8, 7, 2, 11, 4, 5, 1, 6, 3, 13], "R": [[-0.8589918620555309, 0.4476001364055625, 0.24857010844446628], [-0.2626053902307205, 0.03159431630121462, -0.9643859228541393], [-0.4395126732463387, -0.8936755099403703, 0.09040294789815473]], "T": [-0.14511442500182073, 0.07030004569452226, 0.06675671470281092], "aligned_model": [[-0.5155002260911933, -0.6511627125755873, -0.2222797833106251, 0.47774380795527516, 0.28034517793338953, 0.18080755201251572, -0.0790845125639104, 0.7345346355147765, -0.11027791330094855, -0.6323439792395509, 0.5379029553537787, 0.028488861514634645, -0.07546181449072839], [-0.2725319580254395, -0.17775507068077095, -0.6581499786794734, 0.035864918348481975, -0.48641809879422065, -0.16230476221421158, 0.10373106148368855, -0.2841009552356017, 0.76001993950366, 0.31063735878166004, 0.38469123654018383, 0.3593871915026455, -0.04069633103440991], [0.6504458529925059, -0.06554444877394733, 0.07897314752197723, -0.403818438981408, -0.2168689476458091, 0.7232078657007441, -0.6272060066951235, 0.18516992124276754, -0.2422321944477026, 0.2614088424546792, 0.20529090340175413, 0.46611974107972876, -0.03003264657950283]], "inverted": false, "swapped": false, "error_lsq": 0.04576588385739169, "error_max": 0.27824624179809543, "target": "197.xyz", "model": "0.xyz", "model_rescale": 3.8414455957264533, "target_rescale": 3.9118138729605914},
{"mapping": [5, 2, 4, 13, 0, 3, 9, 1, 8, 6, 11, 10, 14], "R": [[-0.621498827393695, 0.7199943254236134, -0.3087837089388921], [0.7782279714610341, 0.6126858464364806, -0.13775804155132848], [0.09000239987859415, -0.32592058071593094, -0.9411032584588603]], "T": [-0.025715886949556985, -0.011212319312570135, 0.0005131859921024273], "aligned_model": [[-0.40777552255381344, -0.6689811687817856, -0.07679796418480804, 0.3808743301732675, 0.42360576172383824, 0.07399882438588756, -0.32197075137786363, 0.6045849504560509, -0.05004881784390797, -0.7345796819226615, 0.8012979766343921, -0.09721074882659167, 0.026714860829822242], [-0.045578432413918436, -0.36856369316872983, -0.5418008773743681, 0.2672382200930511, -0.49688218657404826, -0.4041699072313457, 0.12998452143528785, -0.3102347266642427, 0.7489261739629286, 0.28522733630350017, 0.1877256797474011, 0.43254050644029407, -0.012038063059617365], [0.5363976792317762, 0.056320895234189955, 0.10860406575272202, -0.5756783560180725, -0.295716801643868, 0.6706013835306077, -0.5976558431784416, 0.5121813845701866, -0.213729146462332, 0.1407373798325262, 0.05283090861014206, 0.5166073777555071, 0.07341266405571957]], "inverted": false, "swapped": false, "error_lsq": 0.044715528588074364, "error_max": 0.24564788859881906, "target": "197.xyz", "model": "1.xyz", "model_rescale": 4.316132596720782, "target_rescale": 3.9118138729605914},
{"mapping": [2, 5, 1, 3, 6, 4, 8, 10, 9, 7, 11, 12], "R": [[0.2823889857134097, -0.15524161288972332, -0.9466554295915433], [-0.49650484153656227, -0.868014822079916, -0.005762896869232065], [-0.8208163028829929, 0.47164638266074876, -0.32219603759904564]], "T": [-0.05933454011707881, -0.028149348791704575, -0.0903580223088512], "aligned_model": [[-0.03690456591411835, 0.44866720548527916, 0.08760634631642139, -0.6504262643267151, -0.5720981063415836, -0.47808657941564325, -0.13468978065315124, -0.139076204922565, 0.4146032248868161, 0.11932475321770777, 0.5877139396204505, -0.048825413321117915], [-0.6699142387596204, -0.1717082317717158, -0.6154662549638699, 0.3058380415737408, -0.13551511367227606, -0.26087630886626745, 0.4961758008760894, 0.6682314826883881, 0.013364005748908399, 0.10038763381007879, 0.26904089332940045, 0.013218717748124074], [0.152271715806894, 0.30828370804188626, -0.6477359150606063, 0.010538433489681809, -0.4944796653588634, 0.3386005091443592, -0.5665433288325626, 0.42416686326875613, -0.6347948270274975, 0.7219449438151684, -0.08417883171843554, -0.07881514435935925]], "inverted": true, "swapped": true, "error_lsq": 0.05219908254362257, "error_max": 0.2942819921464923, "target": "197.xyz", "model": "2.xyz", "model_rescale": 3.795458400668931, "target_rescale": 3.9118138729605914},
{"mapping": [0, 9, 1, 3, 5, 4, 6, 11, 8, 10, 2, 12], "R": [[0.7466401356815473, 0.5411632764892137, 0.386873126449615], [0.5650523151145813, -0.8228354654367922, 0.060478740091618716], [0.3510618022130759, 0.17344770104811588, -0.920147545792538]], "T": [0.07156055450835216, 0.04653046740413891, 0.11939766349743447], "aligned_model": [[-0.2779337476714404, -0.04255782143222632, -0.65698434809655, 0.2601536584568951, 0.26445538631014676, -0.017932054179903775, -0.33656565285664397, 0.47988192598022816, 0.26570951249756025, 0.8874323990782764, -0.34685859118270623, 0.11450315883992906], [-0.05678310875142928, -0.5548982034606068, -0.21845573383936034, 0.1257022461322518, 0.3392408402187185, 0.617497758257238, -0.1411254295051924, -0.22572136781688895, -0.5782789368989185, 0.21145525058626904, 0.5308908612438383, 0.03624486912379039], [-0.5969512014495961, -0.26532606616958415, -0.1566594424586471, 0.7745934882254522, -0.4415857383117889, 0.40136921496103856, 0.6051820270931787, -0.39653310061448593, 0.4009418188366068, 0.3707814389641544, -0.12870492607995723, 0.12166391764272941]], "inverted": false, "swapped": true, "error_lsq": 0.053996407353769225, "error_max": 0.28051329666944896, "target": "197.xyz", "model": "3.xyz", "model_rescale": 3.7530521520055578, "target_rescale": 3.9118138729605914},
{"mapping": [6, 8, 3, 10, 4, 11, 2, 9, 0, 5, 12], "R": [[0.9657416363151651, -0.2441208706034122, 0.08802324933300269], [0.05929967069025239, 0.5378204172783995, 0.8409713121233781], [-0.25263934955452905, -0.8069412613656094, 0.5338718570615463]], "T": [-0.06302668760235215, -0.11107623360259726, 0.005892782554664888], "aligned_model": [[-0.3536053415925419, -0.3511296475045435, 0.2553210803216552, 0.623494682137641, 0.37134394352359573, -0.12462872157265421, -0.013034238885857183, -0.6693152640288539, -0.5129594502904389, 0.15623055062678182, -0.043517990289579075], [-0.6339815276810744, 0.05524121125502486, -0.44707795111441045, 0.20303562805812164, -0.5607258152504591, 0.5965709486054118, -0.3973204207941566, 0.2827505951924495, 0.1676128464644812, 0.2816141396009425, -0.08051629602198507], [-0.27677713796581505, -0.6239349026347948, -0.5009352382096379, -0.4254574239966552, 0.1564183239351803, 0.05561815296844939, 0.6278248430940488, -0.0022551650589485942, 0.610763483032315, 0.49098111458496524, -0.01941527250379088]], "inverted": false, "swapped": true, "error_lsq": 0.05270198748792188, "error_max": 0.21324122734582995, "target": "197.xyz", "model": "4.xyz", "model_rescale": 3.7855080009869324, "target_rescale": 3.9118138729605914},
{"mapping": [8, 15, 10, 2, 3, 7, 14, 5, 12, 13, 0, 6, 16], "R": [[-0.5915905013356741, -0.3425770553681562, -0.7298367213731364], [-0.4323144160607493, -0.6293072108823257, 0.6458147412358761], [-0.6805328238927636, 0.6975768025578197, 0.22419116873273442]], "T": [0.01133126578466933, 0.08178687878944081, 0.09258275243351916], "aligned_model": [[-0.5463313068958611, -0.6676084770635802, -0.06832759845034117, 0.34850692571848946, 0.4367140386578304, 0.17996952907376954, -0.2678409957494114, 0.6358119608020008, -0.1589600585626585, -0.6203366653581945, 0.7851015834539317, -0.1025269130309879, -0.00045997388316060955], [-0.17986028143410815, -0.3279713190616746, -0.6292509628876608, 0.10599484627094925, -0.3335143021799334, -0.21232923982078233, 0.13672684659519613, -0.3802048301278997, 0.6573188794021328, 0.4229635560538074, 0.17227995272993457, 0.3653009566995357, 0.0749204492566954], [0.43296943334495663, -0.13204394135155806, 0.2305824883979103, -0.5643131573096445, -0.2665704614285094, 0.760734170006214, -0.5212102475757012, 0.31993878833670214, -0.22808692828628058, 0.18985422066515803, 0.0530304783734523, 0.6694130141314756, 0.04061573396648766]], "inverted": false, "swapped": false, "error_lsq": 0.038170418765803356, "error_max": 0.18355348512704717, "target": "197.xyz", "model": "5.xyz", "model_rescale": 4.2253639853439635, "target_rescale": 3.9118138729605914},
{"mapping": [5, 10, 8, 0, 9, 11, 1, 12, 4, 2, 7, 6, 13], "R": [[-0.9929727089025142, -0.05945322497604654, -0.10232552670155314], [-0.0665329326861947, 0.9955171355211705, 0.06722352082342536], [0.09787016012542817, 0.07355913895411512, -0.9924769442326365]], "T": [-0.020742273699777828, 0.0008209741177580832, 0.046577240476870604], "aligned_model": [[-0.4497611491526678, -0.7847912033110245, -0.2734249288093842, 0.5533748407141287, 0.27991517086248235, 0.15784987345528742, -0.258082974078319, 0.7951883589744354, -0.2917040710446768, -0.501870707913234, 0.6381369439559529, 0.10090740949154295, -0.01202551443269747], [-0.13544680351137664, -0.1197671077155861, -0.690746672535559, 0.2113659814829132, -0.41884249300581067, -0.3649999827061756, -0.09246371598744024, -0.21434705480692937, 0.5133029128248587, 0.40944510043497984, 0.40122726372757156, 0.31325266317597966, 0.060394460118766834], [0.491678536516142, -0.0544189083051598, -0.014664424326133164, -0.4721934103287193, -0.27912830580151216, 0.7097768042102565, -0.6416619188958484, 0.4457058995099626, -0.3594440386270194, 0.27398296868095, 0.23351090734612673, 0.5954904962603205, 0.05627898503129762]], "inverted": true, "swapped": false, "error_lsq": 0.042878868662463446, "error_max": 0.27602091456637573, "target": "197.xyz", "model": "6.xyz", "model_rescale": 3.89814844738969, "target_rescale": 3.9118138729605914},
{"mapping": [5, 1, 6, 7, 3, 9, 0, 8, 4, 2, 11, 10, 12], "R": [[-0.1767939587816284, -0.43747767051547193, 0.8816786171495125], [0.8930899898235309, 0.3052007958608626, 0.3305189015516386], [-0.41368365475967933, 0.8458520922751522, 0.3367492713851393]], "T": [0.04426874447195901, 0.03615629064869107, -0.0037358710148995278], "aligned_model": [[-0.4395574670682092, -0.7598891391996425, -0.03197595350376724, 0.407978088806345, 0.28304560227848263, 0.14550703553780275, -0.28881106772498816, 0.6037239388982956, 0.03677389522042919, -0.5294565789206374, 0.7067450513422447, -0.16840304874779466, -0.011968308206734654], [-0.28339015817561375, -0.2235825968191566, -0.6285499249653493, 0.15787613139363094, -0.5572282574348111, -0.2205615335379486, -0.15637680906115842, -0.3075407903851893, 0.6654892310427476, 0.44669342522060884, 0.3718871975174011, 0.43957987066676735, 0.1680787660342638], [0.5123831734848094, -0.029473401969060425, 0.09489598987411291, -0.5368160458093048, -0.4969521794858304, 0.8458479366236167, -0.45429023143245506, 0.15926404994494106, -0.14294673895968885, 0.05828314991018527, 0.3183670166338, 0.571523884666149, 0.08482698778938848]], "inverted": false, "swapped": false, "error_lsq": 0.05406970095274809, "error_max": 0.28992959383357514, "target": "197.xyz", "model": "7.xyz", "model_rescale": 3.7474275329858107, "target_rescale": 3.9118138729605914},
{"mapping": [6, 10, 0, 13, 1, 3, 12, 2, 9, 7, 4, 5, 14], "R": [[0.8919148638179566, -0.271488460839537, -0.36163779024263365], [0.2794676540046542, -0.2977850292031044, 0.9128098962805131], [-0.35550767370864267, -0.915214779171253, -0.1897266505285533]], "T": [0.001220603653234298, 0.0167882820633908, 0.006616972446009006], "aligned_model": [[-0.5521159038337754, -0.7131258323326448, -0.20952849921937391, 0.48312478431408323, 0.3299958543344184, 0.08503277319887038, -0.08286803559261673, 0.7625250859839268, -0.15866837594431288, -0.572921626254766, 0.7159038027963209, -0.1902517703845164, 0.05660979164621263], [-0.20689098204473397, -0.16138783327462006, -0.5729633207999466, 0.265517054557101, -0.6482884213469831, -0.20363133863927438, -0.08729573238658528, -0.25587859547714104, 0.750500506761409, 0.33074152249792177, 0.32824577042092884, 0.3246858097025328, 0.00902011152558336], [0.5640435547757996, -0.1756624860938667, 0.21153427329070723, -0.710330854866367, -0.11330647467825733, 0.6837618963950548, -0.5956605694606386, 0.24040695282442281, 0.13484460449284424, 0.19548648978785993, -0.060076382951233326, 0.6243215187105958, -0.014448930956257884]], "inverted": false, "swapped": false, "error_lsq": 0.05191729714296181, "error_max": 0.36932058823470676, "target": "197.xyz", "model": "8.xyz", "model_rescale": 4.019505241142653, "target_rescale": 3.9118138729605914},
{"mapping": [3, 4, 0, 9, 1, 2, 8, 1, 11, 5, 10, 6, 12], "R": [[-0.7763727697546758, 0.6219197202470235, 0.10227992936699522], [0.6035869441853225, 0.6869231816820605, 0.4047460231760398], [0.18146107900174513, 0.3759686210784875, -0.9086910766436872]], "T": [-0.005041868444654015, 0.0013366471242583812, 0.06220562068268022], "aligned_model": [[-0.653965821866797, -0.7298227961599932, -0.17148330006555698, 0.3093771611609042, 0.5722693432234554, -0.028838353043177632, -0.2500634423331158, 0.5722693432234554, -0.10005447425268962, -0.5444111410085237, 0.8383018918611458, 0.1741622766357356, -0.034028638663016426], [-0.2563161885004229, -0.3600416283866893, -0.6269736793290595, 0.14311048572321242, -0.3492001325425366, -0.20944306542960392, 0.10325792420112823, -0.3492001325425366, 0.5552397210248485, 0.34103323366832256, 0.33223589627442207, 0.5205808583465837, 0.028091258988524208], [0.5631782014805762, -0.11581971473884627, 0.0491878795883403, -0.5280323939701035, 0.05032988265555996, 0.614453574334952, -0.5588526801187365, 0.05032988265555996, -0.2050274488540702, 0.2724714905859784, 0.19432960443627517, 0.5379504698035186, 0.06041484341165906]], "inverted": false, "swapped": false, "error_lsq": 0.05542110354990848, "error_max": 0.4099972280915471, "target": "197.xyz", "model": "9.xyz", "model_rescale": 3.877068213659057, "target_rescale": 3.9118138729605914},
{"mapping": [5, 1, 4, 9, 2, 3, 8, 13, 11, 0, 14, 12, 15], "R": [[0.09020044073516231, -0.25309428719095783, -0.9632274717233118], [-0.47250243989144547, -0.8622652152248685, 0.18231879472463122], [-0.8767013886083526, 0.43868209492126786, -0.1973643706641965]], "T": [0.09034870015307606, -0.005741030918375032, 0.11345124299097716], "aligned_model": [[-0.558041530837444, -0.7112946310426387, -0.028340012872757475, 0.38892212731920695, 0.42297076922565113, 0.018369098777177906, -0.22435354157791776, 0.7607621522286803, -0.1212345688754467, -0.6038417064488694, 0.8282187073440055, -0.23170410870215263, 0.013279294174330741], [-0.1435302914643496, -0.3166673878909259, -0.6691869991027953, 0.17497379732392118, -0.39901647002695007, -0.2922558124710058, 0.12876560918849628, -0.3259633446817637, 0.6745965793050642, 0.3823961877507678, 0.1468223748048626, 0.4706482401158501, 0.04079206864502105], [0.5276971485552727, -0.003165137902317247, 0.17544411713857264, -0.44676421854438747, -0.3049413311655697, 0.6751358160974852, -0.5780640486871935, 0.32709105437397873, -0.07897675041530326, 0.0785913161494349, -0.09098409241063533, 0.5904527801640425, 0.11339693791728313]], "inverted": true, "swapped": false, "error_lsq": 0.043247615477806686, "error_max": 0.2771105868116933, "target": "197.xyz", "model": "10.xyz", "model_rescale": 4.260839863003843, "target_rescale": 3.9118138729605914},
{"mapping": [10, 8, 9, 11, 0, 5, 7, 3, 6, 1, 2, 12], "R": [[0.6198823145614651, -0.023732574272853302, -0.7843358215791909], [0.3640671389346083, -0.8767525133884038, 0.3142612744438703], [-0.6951266319469349, -0.48035590470556355, -0.5348431268817149]], "T": [0.0993090246697101, 0.018967455319287847, 0.005592184369714377], "aligned_model": [[0.5071332122452635, 0.18965013955049653, -0.4710859257563404, -0.4111163891651581, -0.6551457053583467, -0.3026997917286449, 0.1881775099521859, 0.7652111503668833, 0.4333148910777577, -0.35104788803707393, -0.03789846927086006, 0.10440591521796766], [0.030085371948012397, -0.6761749077857349, -0.42023860327437873, -0.11001422908046324, 0.17407102796305718, 0.45610577957022863, 0.6159718117327667, -0.12676811682420192, -0.2777579112842182, -0.08616860289360742, 0.5889223381304363, 0.005044547331036934], [-0.7622598048806111, -0.12075376522245143, 0.07267002465569303, -0.47384663293642326, 0.23519314402912506, -0.28576524663834213, -0.5808932788022749, -0.07473589384047574, 0.49361095728334725, 0.6862741572106017, 0.3627476165314976, -0.03606319999418176]], "inverted": false, "swapped": true, "error_lsq": 0.0432106314873869, "error_max": 0.2032301379163053, "target": "197.xyz", "model": "11.xyz", "model_rescale": 3.890672605050136, "target_rescale": 3.9118138729605914},
{"mapping": [10, 11, 9, 8, 5, 12, 6, 7, 0, 2, 3, 4, 13], "R": [[0.2103519455857664, -0.8919206563010875, 0.4002868994255498], [0.8109904165697412, -0.06944836656346629, -0.5809229455045689], [0.5459364461366549, 0.44682711113483686, 0.7087305055763972]], "T": [-0.0960571142381565, 0.021545134303070115, -0.07302348976716003], "aligned_model": [[-0.4912534415712823, -0.6323797991417384, -0.2787120036752387, 0.4938292126183605, 0.36669978340506, 0.08811020191538094, -0.24880765432697832, 0.6336737287519796, 0.05057337023521813, -0.5799912136492094, 0.6015296555197356, -0.052149292082932314, 0.0025895007134706383], [-0.18859402102229975, -0.07912945792749805, -0.7240023526307228, 0.10766898339188878, -0.6035885515580688, -0.40342734269508396, -0.03677265289529691, -0.15447605923827476, 0.5800131083423234, 0.3077949512545357, 0.5998183009518261, 0.44730757386941966, 0.019762071653443927], [0.701057838456245, -0.0024206000793140225, -0.20192869568544244, -0.4777553143670865, -0.06701430343686512, 0.5105970549362707, -0.6255853886892777, 0.3312952044451989, -0.19674722533479974, 0.36221548296983397, 0.10596254151686332, 0.48182377933780474, 0.06341321720123236]], "inverted": false, "swapped": false, "error_lsq": 0.05474731169750539, "error_max": 0.33926291149128995, "target": "197.xyz", "model": "12.xyz", "model_rescale": 4.124412569039231, "target_rescale": 3.9118138729605914},
{"mapping": [8, 11, 9, 5, 7, 6, 10, 3, 4, 2, 0, 1, 12], "R": [[-0.6238470960977015, -0.7397509260007549, 0.25215742735737756], [0.38015138222890643, -0.005317550622153333, 0.9249089956556985], [-0.6828614261180063, 0.6728597856436412, 0.2845346755382834]], "T": [0.13966772077194511, -0.045812737607724, 0.07889720867152077], "aligned_model": [[-0.4577627851697995, -0.8225860989876854, 0.030462198846462077, 0.5044555231629829, 0.2349574895815364, 0.10176539114426225, -0.35677929904286393, 0.7068956907903875, 0.019531532866651796, -0.5949398903397911, 0.5966165905387463, -0.05271897229537231, 0.04381467761630932], [-0.19574816523096425, -0.2527428949930448, -0.669665887057628, 0.18275990930797958, -0.4067978323950098, -0.25098537748240474, -0.03685636230783382, -0.32283639355539107, 0.6810752908441088, 0.40386951093821144, 0.30814008672773996, 0.4419778734393729, -0.009815206738943365], [0.44698996737789587, -0.06875223311198729, 0.16563055809843252, -0.5443445448887481, -0.42477659034692444, 0.7145704077602733, -0.467060493129629, 0.41095699220465587, -0.19583419870397106, 0.10198501255799984, 0.13069027729867094, 0.7017230101711491, 0.013135425982846075]], "inverted": false, "swapped": false, "error_lsq": 0.04003151483463697, "error_max": 0.2134793864588932, "target": "197.xyz", "model": "13.xyz", "model_rescale": 3.9028299243045295, "target_rescale": 3.9118138729605914},
{"mapping": [11, 14, 12, 4, 5, 1, 10, 2, 7, 9, 0, 6, 15], "R": [[0.14898235619884237, -0.7402948726792651, -0.6555667464310799], [-0.899452921729095, -0.3768994101467096, 0.22120415055793297], [-0.4108390185150816, 0.5566959099147873, -0.722011748346044]], "T": [0.12112211130718664, -0.06939932866389131, 0.07436793434874706], "aligned_model": [[-0.47325479668279125, -0.7214057723106003, -0.030430979616153292, 0.39037126566823055, 0.2527276061995769, -0.033458534048083854, -0.26022050055834467, 0.6458705511325425, -0.26039736478572617, -0.5195581550994702, 0.9219974269757869, 0.0019039716012597269, 0.039567330235599454], [-0.30592989374133717, -0.24393135224140736, -0.7415463346191583, 0.2335247981964632, -0.3622839753346354, -0.14766441159776653, 0.11811176370977575, -0.19379566040478047, 0.7007693006959763, 0.33912391874286874, 0.07737770759775042, 0.38860386919689277, 0.010014821295550438], [0.44399757516552946, -0.13235891648447817, 0.17178637191493976, -0.4688678709185999, -0.3243806219042317, 0.7006092269969624, -0.5378166821366583, 0.5756806083417845, -0.21183326681732423, 0.2276096030586391, -0.08142564582610262, 0.5438659302588366, 0.07804727962136662]], "inverted": false, "swapped": false, "error_lsq": 0.04432568774535692, "error_max": 0.3494986870683933, "target": "197.xyz", "model": "14.xyz", "model_rescale": 3.942246331269136, "target_rescale": 3.9118138729605914},
{"mapping": [11, 13, 8, 1, 0, 6, 12, 7, 3, 4, 2, 10, 14], "R": [[0.26078303031217837, -0.4164874912010844, 0.8709364964073012], [-0.8076904735098889, 0.40002985427440146, 0.433142256874775], [-0.5287989316390209, -0.8164032614843162, -0.23207198136613186]], "T": [0.004995356928370613, 0.0842517764334481, 0.15276082631915844], "aligned_model": [[-0.502887235561422, -0.7243709946567375, 0.022232671683642572, 0.23416362379471384, 0.49225280152238654, 0.07690581637140953, -0.29613275041688086, 0.6590631294997764, -0.14598763732265255, -0.4800470368531471, 0.7550525007855642, -0.19850472858363938, 0.061971888448812414], [-0.2598768451484185, -0.1257686057093228, -0.6890357873982291, 0.30711395902584554, -0.33952416221854737, -0.23588672267005134, -0.01327662989409191, -0.3779231672291454, 0.6306815635306924, 0.4055422649665318, 0.06508838180405528, 0.4528375573902184, 0.05240274504665578], [0.5238966353036354, -0.1385225593473598, 0.17663853330892693, -0.5918570547529042, -0.1989657995930516, 0.6056731981449575, -0.6008215056715975, 0.4520419290687275, -0.2890157616984761, 0.22466545159092083, 0.012422079372514439, 0.7287232845716514, 0.08003516097271873]], "inverted": true, "swapped": false, "error_lsq": 0.04526134466657118, "error_max": 0.29801108950352123, "target": "197.xyz", "model": "15.xyz", "model_rescale": 4.355366556412066, "target_rescale": 3.9118138729605914},
{"mapping": [2, 5, 1, 3, 6, 4, 8, 10, 9, 7, 11, 12], "R": [[0.2823889857134097, -0.15524161288972332, -0.9466554295915433], [-0.49650484153656227, -0.868014822079916, -0.005762896869232065], [-0.8208163028829929, 0.47164638266074876, -0.32219603759904564]], "T": [-0.05933454011707881, -0.028149348791704575, -0.0903580223088512], "aligned_model": [[-0.03690456591411835, 0.44866720548527916, 0.08760634631642139, -0.6504262643267151, -0.5720981063415836, -0.47808657941564325, -0.13468978065315124, -0.139076204922565, 0.4146032248868161, 0.11932475321770777, 0.5877139396204505, -0.048825413321117915], [-0.6699142387596204, -0.1717082317717158, -0.6154662549638699, 0.3058380415737408, -0.13551511367227606, -0.26087630886626745, 0.4961758008760894, 0.6682314826883881, 0.013364005748908399, 0.10038763381007879, 0.26904089332940045, 0.013218717748124074], [0.152271715806894, 0.30828370804188626, -0.6477359150606063, 0.010538433489681809, -0.4944796653588634, 0.3386005091443592, -0.5665433288325626, 0.42416686326875613, -0.6347948270274975, 0.7219449438151684, -0.08417883171843554, -0.07881514435935925]], "inverted": true, "swapped": true, "error_lsq": 0.05219908254362257, "error_max": 0.2942819921464923, "target": "197.xyz", "model": "16.xyz", "model_rescale": 3.795458400668931, "target_rescale": 3.9118138729605914},
{"mapping": [5, 1, 6, 7, 3, 9, 0, 8, 4, 2, 11, 10, 12], "R": [[-0.1767939587816284, -0.43747767051547193, 0.8816786171495125], [0.8930899898235309, 0.3052007958608626, 0.3305189015516386], [-0.41368365475967933, 0.8458520922751522, 0.3367492713851393]], "T": [0.04426874447195901, 0.03615629064869107, -0.0037358710148995278], "aligned_model": [[-0.4395574670682092, -0.7598891391996425, -0.03197595350376724, 0.407978088806345, 0.28304560227848263, 0.14550703553780275, -0.28881106772498816, 0.6037239388982956, 0.03677389522042919, -0.5294565789206374, 0.7067450513422447, -0.16840304874779466, -0.011968308206734654], [-0.28339015817561375, -0.2235825968191566, -0.6285499249653493, 0.15787613139363094, -0.5572282574348111, -0.2205615335379486, -0.15637680906115842, -0.3075407903851893, 0.6654892310427476, 0.44669342522060884, 0.3718871975174011, 0.43957987066676735, 0.1680787660342638], [0.5123831734848094, -0.029473401969060425, 0.09489598987411291, -0.5368160458093048, -0.4969521794858304, 0.8458479366236167, -0.45429023143245506, 0.15926404994494106, -0.14294673895968885, 0.05828314991018527, 0.3183670166338, 0.571523884666149, 0.08482698778938848]], "inverted": false, "swapped": false, "error_lsq": 0.05406970095274809, "error_max": 0.28992959383357514, "target": "197.xyz", "model": "17.xyz", "model_rescale": 3.7474275329858107, "target_rescale": 3.9118138729605914},
{"mapping": [4, 8, 0, 11, 1, 6, 3, 2, 10, 5, 7, 9, 13], "R": [[0.3952805163538975, 0.9095736993870588, -0.12817565593488173], [-0.613559628242556, 0.36529288596786774, 0.700075488823972], [0.6835919074871009, -0.198082792903895, 0.7024708614409141]], "T": [0.04071089938979655, 0.06524474914183098, 0.040940733817581336], "aligned_model": [[-0.5637804583597993, -0.6180064780805072, -0.13270960638945808, 0.3504284594072888, 0.4308559112456064, 0.04248533275657678, -0.12786257913217575, 0.47072727125651304, -0.3458198898607825, -0.46909687783171206, 0.7363033436898728, 0.11735974332198375, 0.06282787668841958], [-0.14213130847924912, -0.15578017078390494, -0.7453202849780415, 0.37515051218829154, -0.35214237781689006, -0.23046788995014966, -0.1083819178135278, -0.4000586304171003, 0.49588216046092254, 0.5258344898172603, 0.3521865538065409, 0.28287309629748447, -0.025269680835444105], [0.5708569452625555, -0.14370447356448823, 0.15072253749372327, -0.5333154048988077, -0.3490506414496819, 0.7533659565096298, -0.5931144248005071, 0.36095855942625843, -0.33533674278336095, 0.2671553614155758, 0.07608094162434192, 0.6690227532180995, 0.09127222381732501]], "inverted": false, "swapped": false, "error_lsq": 0.05161207294424261, "error_max": 0.31384531198428595, "target": "197.xyz", "model": "18.xyz", "model_rescale": 3.922800546911778, "target_rescale": 3.9118138729605914},
{"mapping": [4, 10, 7, 0, 3, 13, 2, 12, 1, 6, 5, 8, 14], "R": [[-0.6958276285831906, 0.6901714383878285, 0.1987141085428249], [-0.646782987705614, -0.4818780228821809, -0.5911559336399829], [-0.31224297928839506, -0.5398675362501771, 0.7816951868780251]], "T": [-0.033214068661183, -0.015456334675451495, 0.10605980827082162], "aligned_model": [[-0.6154931741137855, -0.8058829759010875, 0.16540968609811646, 0.4623069941415508, 0.3858473071022752, -0.03339951143702345, -0.3063509608119167, 0.6576262649596217, -0.12035918907866029, -0.5176076091932359, 0.6281650993798313, 0.06707480898701633, -0.013624691420876564], [-0.05389353226468869, -0.13841275338563397, -0.7889371253668802, 0.17524746085478954, -0.3177504561852113, -0.36209264771644006, -0.04470486987199158, -0.3040769861345129, 0.636251468648285, 0.45387810253880656, 0.36526211735040576, 0.35974850900415534, -0.1081447359748908], [0.5342429049560692, -0.0900654734905168, 0.0839897032566842, -0.5393343150105167, -0.2709747671052114, 0.699066535814879, -0.5555063064319202, 0.3469992146794775, -0.23403678243572895, 0.25047537477495513, 0.09322327625762569, 0.5788749098919999, 0.08795931611286673]], "inverted": false, "swapped": false, "error_lsq": 0.043094077130961014, "error_max": 0.31555292917845856, "target": "197.xyz", "model": "19.xyz", "model_rescale": 3.9282355846067225, "target_rescale": 3.9118138729605914},
{"mapping": [0, 3, 4, 7, 8, 11, 6, 9, 2, 1, 12, 10, 13], "R": [[-0.48885713610216086, -0.541806686402499, -0.6837135475120686], [-0.7585648031743696, 0.651060754312744, 0.026444915933895863], [0.4308110257027127, 0.531568818464049, -0.7292711782113096]], "T": [0.018798009385360786, -0.03263547127331634, -0.056754019784117316], "aligned_model": [[-0.49742523551856144, -0.7026530186565034, -0.20819829842660564, 0.3449689233172797, 0.3681943737076099, 0.08312540444227544, -0.11828894472265046, 0.6276506161793171, -0.18207774000247046, -0.6025773164780852, 0.7724049371129136, 0.1485042365692291, -0.07991588881192199], [-0.16695949821838588, -0.233430412324124, -0.5977454540193359, 0.3643352506181175, -0.6975628267221193, -0.3114894594721296, -0.20586719051719432, -0.22642966065039233, 0.7658699263611657, 0.32167640814697834, 0.31711202901615043, 0.4991257679468949, 0.04373967133056701], [0.5396247234679907, -0.13121793673250787, 0.1120394296750977, -0.4090671720300039, -0.1768180514607241, 0.6001063998156347, -0.6716052152113218, 0.20813678904410704, -0.029289977540618323, 0.16653187949384307, 0.12365559689380212, 0.6085584091424564, 0.044258716712907376]], "inverted": true, "swapped": false, "error_lsq": 0.05001441203523678, "error_max": 0.26069511899253023, "target": "197.xyz", "model": "20.xyz", "model_rescale": 4.067790424073018, "target_rescale": 3.9118138729605914},
{"mapping": [1, 9, 13, 3, 11, 5, 12, 6, 0, 7, 2, 8, 14], "R": [[0.6121647073319989, 0.7907181158913917, 0.004385464433331487], [-0.11076358444781023, 0.08025782012362737, 0.9906008836404683], [0.7829340964968898, -0.6068966497766908, 0.1367137777710341]], "T": [0.05666024899794409, -0.02893597072731122, 0.13135701009916761], "aligned_model": [[-0.6515953294159083, -0.6686672416288784, -0.044805008835032724, 0.5221214127188107, 0.21145575370646094, 0.0698616859693959, -0.2047486830941383, 0.7672818725089051, 0.004483448755748028, -0.5450676582054693, 0.6064439812692917, -0.11936458303417927, 0.006312397996819874], [-0.20536658953222428, -0.10133643299802536, -0.7056267573474275, 0.1358398297480001, -0.4712598925077168, -0.21547578726078273, -0.055772202454849124, -0.23102931632419546, 0.6539635771669807, 0.3977081551195474, 0.4694317093373129, 0.27861345863407777, -0.07731520008450463], [0.5062588288098718, -0.13828739253673739, 0.27940391426650757, -0.5614199073108721, -0.3140867617980104, 0.6912630198610146, -0.5883367121096832, 0.1729754021809857, -0.056748860418518704, 0.2434385553318978, 0.07577432632333839, 0.5781192552952006, 0.09655992337566849]], "inverted": true, "swapped": false, "error_lsq": 0.0449168269410597, "error_max": 0.27320760815090284, "target": "197.xyz", "model": "21.xyz", "model_rescale": 4.186013935880536, "target_rescale": 3.9118138729605914},
{"mapping": [2, 5, 0, 4, 6, 1, 3, 7, 11, 8, 10, 9, 12], "R": [[-0.9053146924139122, -0.22434804681427878, 0.36065670878291156], [0.11355203632775279, 0.6903733720742404, 0.7144862085279626], [-0.40928137356264394, 0.6877881658050398, -0.5995299794282309]], "T": [-0.010637334944741596, 0.009562833526727724, 0.10780170392602115], "aligned_model": [[-0.6516864604279137, -0.6752523496160516, -0.13563311551067855, 0.4805368004662763, 0.1817953371433929, 0.1646902546812904, -0.2173055346983227, 0.6741600091476794, -0.17690310940539916, -0.5016535813578058, 0.6964479661513716, 0.1236758294613311, -0.009159997323344117], [-0.14680636464047753, -0.25402655237655164, -0.6941016080048894, 0.19539031847400778, -0.3611826620783569, -0.3977960699443788, -0.14447926249504894, -0.22903204718598547, 0.532241655789105, 0.5080278838357394, 0.44441672766608326, 0.40474043452872016, 0.01498209792822549], [0.44589029504792954, -0.18774236051690166, 0.21278193811837284, -0.39402721444145705, -0.26012531766760316, 0.6895595539040764, -0.7787071469042568, 0.21937598547202009, -0.20545301625113968, 0.4210169176090025, 0.19284228461267108, 0.5674161051058247, 0.062085567182124546]], "inverted": false, "swapped": false, "error_lsq": 0.04840815943568201, "error_max": 0.23077753106962384, "target": "197.xyz", "model": "22.xyz", "model_rescale": 4.166573947596378, "target_rescale": 3.9118138729605914},
{"mapping": [0, 4, 8, 12, 9, 7, 3, 10, 6, 1, 14, 5, 15], "R": [[0.36623580537211675, 0.3211670705584785, 0.8733401672042358], [0.2983474215047368, 0.8484709363159113, -0.4371337167374255], [-0.8813967046369711, 0.4206528057865372, 0.21492106932313987]], "T": [0.039343684691083465, 0.002382512780786567, -0.06599898824524517], "aligned_model": [[-0.5290743793566759, -0.6300846931747697, -0.17447398906933953, 0.3982041065991545, 0.358528402854013, 0.05245523286259072, -0.24445975471132259, 0.550274375281398, -0.13441042934242492, -0.5073845152622682, 0.8226090243619983, -0.007987036367839866, -0.0004842959626876822], [-0.13851857981386267, -0.3001895071274775, -0.7646986755202, 0.4352794740152162, -0.4205336099086742, -0.16659338737142862, -0.2550566881017554, -0.21155214614784798, 0.7429113694700124, 0.37242443280789167, 0.109850354905644, 0.4260550270573155, 0.04299648723135931], [0.5030384001642036, -0.07901179121460783, 0.0752369603075706, -0.4024522149665457, -0.3483325412329449, 0.6287418843990167, -0.5292562792276833, 0.43810717540093735, -0.08911072192843338, 0.20280635706165687, -0.03560435385890953, 0.647669971912048, -0.02691925554564578]], "inverted": false, "swapped": false, "error_lsq": 0.047796952989733785, "error_max": 0.3105117516885709, "target": "197.xyz", "model": "23.xyz", "model_rescale": 4.274766983524099, "target_rescale": 3.9118138729605914},
{"mapping": [2, 5, 7, 4, 10, 3, 6, 8, 9, 11, 12], "R": [[-0.8974440594398339, -0.006509053303183382, 0.4410802561906944], [0.42580602711803817, 0.24845929278430678, 0.8700328770219405], [-0.11525357888631854, 0.9686204685294539, -0.22020672219457033]], "T": [0.030620591630207014, -0.01543457767391708, 0.029911690370866852], "aligned_model": [[0.19009968164689067, 0.19960224116976089, -0.3877955030176636, -0.39921575695906814, -0.6395823016930815, -0.5749258413754776, -0.025721994572991583, 0.026514663760665053, 0.6515258417229824, 0.32712093458056657, 0.012272738695491815], [-0.15171321377461144, 0.5038076446342306, 0.5890846583407616, -0.2067843214557903, 0.49007228747938403, -0.25795654363074444, -0.6494423683986842, -0.0888999852015525, 0.07503841965434128, 0.596224957479677, 0.01615499611647183], [-0.6237158952972847, -0.34348203250878884, -0.37967526351437336, -0.4084335149808049, 0.2564767902902515, 0.24348535833457835, 0.21054341232838694, 0.7383844818403864, 0.38913739267517056, 0.24202514403425443, 0.05482056081980087]], "inverted": false, "swapped": true, "error_lsq": 0.05283220309728855, "error_max": 0.2559855095810681, "target": "197.xyz", "model": "24.xyz", "model_rescale": 3.7841303162186577, "target_rescale": 3.9118138729605914},
{"mapping": [2, 5, 12, 11, 13, 9, 3, 10, 6, 4, 7, 8, 15], "R": [[0.3815548274615666, 0.8667839836990656, -0.3210941283230704], [0.5916180704708927, -0.495904627046075, -0.6356623785993563], [-0.7102140327627104, 0.05257496055225824, -0.7020198723610725]], "T": [0.10614687042040086, 0.0645162314707058, 0.20474396816284954], "aligned_model": [[-0.5163377691227022, -0.6839665804378513, -0.23144168356157482, 0.5274046543963643, 0.1840705238716069, 0.08907428817900408, -0.29919285045377075, 0.833204609473434, -0.01809061533557993, -0.5475799120580515, 0.6125230751919045, -0.08563103251480214, 0.08967534108384462], [-0.15057412057957165, -0.24314692157278467, -0.601603463128079, 0.08024853434398506, -0.448060471421256, -0.40660858224593016, 0.02920886901532034, -0.13105319159630918, 0.5460484024994182, 0.39366837209150307, 0.4576114724451494, 0.2469877164392773, 0.09964793520547005], [0.5722246369265311, -0.019761854647797644, 0.07249258965919816, -0.4369116585160179, -0.38108281951100076, 0.5509962538768929, -0.49056530724719705, 0.4006897517906819, -0.3193917658225718, 0.05981465762328855, 0.09581816376044208, 0.7333110658505541, 0.14727987752765984]], "inverted": false, "swapped": false, "error_lsq": 0.04728077994300854, "error_max": 0.21576302441474587, "target": "197.xyz", "model": "25.xyz", "model_rescale": 4.19342608120988, "target_rescale": 3.9118138729605914},
{"mapping": [2, 5, 1, 3, 6, 4, 8, 10, 9, 7, 11, 12], "R": [[0.2823889857134097, -0.15524161288972332, -0.9466554295915433], [-0.49650484153656227, -0.868014822079916, -0.005762896869232065], [-0.8208163028829929, 0.47164638266074876, -0.32219603759904564]], "T": [-0.05933454011707881, -0.028149348791704575, -0.0903580223088512], "aligned_model": [[-0.03690456591411835, 0.44866720548527916, 0.08760634631642139, -0.6504262643267151, -0.5720981063415836, -0.47808657941564325, -0.13468978065315124, -0.139076204922565, 0.4146032248868161, 0.11932475321770777, 0.5877139396204505, -0.048825413321117915], [-0.6699142387596204, -0.1717082317717158, -0.6154662549638699, 0.3058380415737408, -0.13551511367227606, -0.26087630886626745, 0.4961758008760894, 0.6682314826883881, 0.013364005748908399, 0.10038763381007879, 0.26904089332940045, 0.013218717748124074], [0.152271715806894, 0.30828370804188626, -0.6477359150606063, 0.010538433489681809, -0.4944796653588634, 0.3386005091443592, -0.5665433288325626, 0.42416686326875613, -0.6347948270274975, 0.7219449438151684, -0.08417883171843554, -0.07881514435935925]], "inverted": true, "swapped": true, "error_lsq": 0.05219908254362257, "error_max": 0.2942819921464923, "target": "197.xyz", "model": "26.xyz", "model_rescale": 3.795458400668931, "target_rescale": 3.9118138729605914},
{"mapping": [11, 11, 4, 7, 3, 9, 10, 2, 5, 8, 0, 1, 12], "R": [[-0.2233012526110476, 0.7059365224002165, 0.6721533879434258], [0.2515372136639538, 0.707942551811267, -0.6599593725958636], [-0.9417354090850101, 0.021701835785018497, -0.3356537644642892]], "T": [-0.010425057461519446, 0.03856068384105642, 0.18321202989674407], "aligned_model": [[-0.6649419108842758, -0.6649419108842758, -0.2532911199824778, 0.2842086139986528, 0.5171622813447954, 0.0967225581196469, -0.2745133646956876, 0.6876378108991474, -0.23763947344078784, -0.5175350211167682, 0.7975078995854344, 0.1340234856540494, 0.04931220011437264], [-0.24958177172771556, -0.24958177172771556, -0.6854225776572549, 0.19319620345951716, -0.3466057595798539, -0.28570456906190356, -0.12488082932666057, -0.18461350524044223, 0.5602723065865408, 0.5334628639725888, 0.21230453334905308, 0.3934381856895941, 0.10609124276044474], [0.19571025447892104, 0.19571025447892104, -0.15697541164456064, -0.5580618428005495, -0.1608446073617375, 0.44349211816793355, -0.45806066269578355, 0.6707942558269924, -0.3097900590883915, 0.3525136157392893, 0.09193988864640737, 0.6343769084331388, 0.04410887909008257]], "inverted": true, "swapped": false, "error_lsq": 0.059699051824025164, "error_max": 0.33612676027897614, "target": "197.xyz", "model": "27.xyz", "model_rescale": 3.6321398670334006, "target_rescale": 3.9118138729605914},
{"mapping": [11, 10, 0, 7, 3, 2, 8, 1, 12, 9, 4, 13, 14], "R": [[-0.17084514859615582, 0.7721012053952856, -0.6121042916270919], [-0.9606353330199793, 0.007598344229671927, 0.277708520068364], [0.21907006220556688, 0.6354541634076482, 0.7404095583210246]], "T": [-0.01867785339635487, -0.005297235540410063, 0.040417995922870376], "aligned_model": [[-0.39763778369572833, -0.7549520149229937, -0.20897674646378828, 0.40522294544334914, 0.38165094766636154, 0.12423711598375405, -0.18794117989184514, 0.5375134427927551, -0.10310147459125697, -0.5161701873652063, 0.7272720533626833, -0.06146082049377906, 0.008055750887520603], [-0.182165258820989, -0.22766372716658356, -0.5992504150640069, 0.17912412181631043, -0.4497227697514286, -0.4207755789605998, -0.004771963544052156, -0.15943741111970844, 0.6496737370671709, 0.3974357417424041, 0.34998334525598096, 0.3388169187141581, 0.0011278113275364644], [0.5278940568602537, -0.07414698767472813, 0.019981605562391064, -0.5818233235807624, -0.29689917758478185, 0.7040419266308524, -0.4478229959935949, 0.3782925946457771, -0.45697059269348334, 0.23245884540905143, 0.10207590599280375, 0.7794933631771537, 0.09833837051973053]], "inverted": true, "swapped": false, "error_lsq": 0.03962119278377106, "error_max": 0.23602583328285598, "target": "197.xyz", "model": "28.xyz", "model_rescale": 4.156811204709835, "target_rescale": 3.9118138729605914},
