[{"mapping": [4, 8, 12, 3, 1, 5, 9, 11, 0, 13], "R": [[-0.4608277423452868, -0.7309094062486443, 0.5033976874621104], [0.12768589062111566, -0.6159173363930256, -0.7773944610471658], [0.8782562867530406, -0.2939681523358867, 0.37715861410152945]], "T": [0.059914930368357176, -0.04698680579810591, -0.010941338422183606], "aligned_model": [[0.4744760774343218, -0.23011947196098745, -0.06127101531277191, 0.34145191976669387, 0.047766473840918526, -0.47910587482616407, 0.3382767617160084, -0.5656729168171558, 0.6470358024701441, 0.02920052359528988], [-0.7526607600683625, -0.6309048069727472, 0.01688984805275917, 0.22332066505244044, 0.48491159906451975, 0.28237564465503784, -0.5046826391338756, -0.35616226435490117, 0.1759651472424401, -0.20566293329780203], [-0.50446697323664, -0.4416372230001205, 0.5515118130809378, -0.35860655181091816, 0.21262210968945933, -0.42732842784805436, 0.4888309965065155, -0.021534832806545865, 0.43738214162148986, 0.009512855125301017]], "inverted": false, "swapped": false, "error_lsq": 0.04787047173890157, "error_max": 0.21543239728172828, "target": "198.xyz", "model": "0.xyz", "model_rescale": 3.8414455957264533, "target_rescale": 3.6862933008078445},
{"mapping": [2, 3, 11, 7, 13, 0, 10, 1, 8, 14], "R": [[-0.8542579988314528, 0.18346851257219632, -0.4863975496721048], [0.2847592511632288, -0.6176430634441962, -0.7330956384103142], [-0.4349200389835343, -0.7647590150327193, 0.4753821711178769]], "T": [0.20529094940163034, -0.16046135206179776, -0.05888607367578673], "aligned_model": [[0.5370253606827797, -0.2816815001449538, -0.38747789995946663, 0.28199664909851524, 0.19480374460882693, -0.3007320110259262, 0.3131242173147474, -0.6166992463240746, 0.6628316990120031, 0.138847266643846], [-0.4858659414389267, -0.7573501443899342, 0.12960265528143614, 0.21334772494767965, 0.5440929742947986, 0.2616462112232639, -0.6371330929218054, -0.39711341124791827, 0.0687815315251897, -0.20661900703427455], [-0.6321825599747016, -0.20016057603100468, 0.4803294351897128, -0.5759334716137857, 0.22100715665886483, -0.3610173995009089, 0.4202144775731736, 0.07082827473073323, 0.543116052791614, -0.019915482502272742]], "inverted": true, "swapped": false, "error_lsq": 0.049308797082781144, "error_max": 0.24450364775989705, "target": "198.xyz", "model": "1.xyz", "model_rescale": 4.316132596720782, "target_rescale": 3.6862933008078445},
{"mapping": [9, 1, 4, 10, 6, 8, 5, 2, 3, 11], "R": [[-0.30699850410714663, 0.6929738709368838, 0.6523336053544425], [-0.0032761426784330694, 0.6846596177096074, -0.7288555925331746], [-0.9517043581728125, -0.2258947145828904, -0.20791919718580507]], "T": [0.13472144812543863, -0.21800423731476537, -0.029562953794478816], "aligned_model": [[0.49162714008393754, -0.1495778502768088, -0.15866798630589052, 0.2889476944921118, 0.001434794663190464, -0.3591446288537702, 0.4654780438530748, -0.6977550408216604, 0.5588972809326722, 0.10079883213944023], [-0.758585096241586, -0.4875460049802873, -0.05078205153386872, 0.1839969692169709, 0.5641451143596393, 0.16757099860172375, -0.60900390484472, -0.22203228689043042, 0.07983029255320856, -0.1342045300011413], [-0.39059227011322123, -0.4052202548236789, 0.6634659860655152, -0.4898292826389467, 0.186244883606421, -0.47054385051224085, 0.36220128180025774, 0.058141503970952704, 0.37340908558260255, 0.05900882438376279]], "inverted": false, "swapped": false, "error_lsq": 0.05608026878620544, "error_max": 0.24257052495574416, "target": "198.xyz", "model": "2.xyz", "model_rescale": 3.795458400668931, "target_rescale": 3.6862933008078445},
{"mapping": [2, 10, 7, 6, 8, 5, 0, 4, 1, 11], "R": [[0.5967128411684157, 0.8013409504977129, -0.042266609044720904], [-0.5621410384330676, 0.37984516163828125, -0.7346530515075677], [-0.5726528076366254, 0.462136705137571, 0.6771251196569805]], "T": [0.021810779144141285, -0.07745136097021324, -0.022495967361557883], "aligned_model": [[0.5574009748357233, -0.17945042161361505, -0.19845682077830298, 0.3583384046703324, 0.28625947153163367, -0.5046661705532208, 0.13339723424420996, -0.48588767645434494, 0.5896920423786854, -0.014588758354803319], [-0.4063008349940326, -0.6484807656582146, 0.14034966738754884, 0.26825337386862425, 0.6516146482986265, 0.031045707327660238, -0.6612104278619573, -0.4467508991958947, -0.051572546730631594, -0.14355842220222023], [-0.4615022055043533, -0.437742982343455, 0.6756065989470609, -0.3609242318262989, 0.07285905481708323, -0.4751271893926413, 0.48640653708857906, 0.10717616755110078, 0.24789264149677234, 0.09164151648757658]], "inverted": true, "swapped": false, "error_lsq": 0.05103793659931879, "error_max": 0.2037523912030978, "target": "198.xyz", "model": "3.xyz", "model_rescale": 3.7530521520055578, "target_rescale": 3.6862933008078445},
{"mapping": [3, 2, 7, 9, 8, 6, 1, 0, 5, 10], "R": [[-0.3523995722144264, -0.9237761967180564, 0.14984018112713454], [0.2594873235865458, -0.25028439892371573, -0.9327507965975081], [0.8991556430346088, -0.2898193541372238, 0.32790832799198905]], "T": [0.0744697833748387, -0.1491176028758755, -0.09556465661957601], "aligned_model": [[0.6471249818535988, -0.03000777102646114, -0.044905753656928754, 0.36427888851963874, -0.0001210527634470937, -0.49621091060385725, 0.17379757410698626, -0.6999715320439102, 0.6397415521085748, -0.01168769658789709], [-0.5432523539220153, -0.7782316260899216, 0.10646100559556104, 0.17791901317670128, 0.7343612066228411, 0.296567031648927, -0.7840625604934368, -0.29185679012863525, -0.0061943124185991905, -0.1783211137519136], [-0.4066813658583282, -0.3293508184187086, 0.4331885907497317, -0.4217877446732202, 0.13976679556015764, -0.24397050120935693, 0.3647664867913994, 0.14956094213507898, 0.3258620896930062, -0.06506856744833561]], "inverted": true, "swapped": false, "error_lsq": 0.04655381934082856, "error_max": 0.21281514933807097, "target": "198.xyz", "model": "4.xyz", "model_rescale": 3.7855080009869324, "target_rescale": 3.6862933008078445},
{"mapping": [5, 10, 12, 6, 11, 8, 2, 15, 1, 16], "R": [[0.8173889266081548, 0.37721539602794046, 0.43541231913882805], [0.4629523809081469, 0.019709097535209788, -0.8861640054108639], [-0.342856290112704, 0.9259158150036275, -0.15852276762762396]], "T": [0.07221212283801987, -0.17392896463386376, -0.013518883961841461], "aligned_model": [[0.5547686195857089, -0.19504283257231309, 0.02921198618184151, 0.1667984276620167, 0.18328901687516308, -0.4611756952790958, 0.26504147324412525, -0.7303453258541435, 0.6805385070824164, 0.04895410298057819], [-0.651484809579663, -0.633819587933949, 0.17979344003835768, 0.3786722495997863, 0.5773111217286577, -0.004921329313500061, -0.6068100242084101, -0.3592555039551302, 0.054887156047542573, -0.2009832121841832], [-0.45418075776533334, -0.5115547034402848, 0.5662196016423179, -0.34782771877510216, 0.2225668728161401, -0.4404190229303149, 0.5532407806776503, -0.04307767381840153, 0.3746642327985617, 0.026654296116191196]], "inverted": true, "swapped": false, "error_lsq": 0.04615731775064514, "error_max": 0.2135230038534262, "target": "198.xyz", "model": "5.xyz", "model_rescale": 4.2253639853439635, "target_rescale": 3.6862933008078445},
{"mapping": [2, 10, 9, 4, 0, 1, 11, 8, 7, 13], "R": [[0.2806400683035712, -0.8335332255924205, 0.4758818276589919], [0.6320131672014756, -0.21266370192749823, -0.7452070224886855], [0.7223576043391023, 0.5098985308039117, 0.46712201803970427]], "T": [0.12154407877940686, -0.1879414384048986, 0.04846675670691422], "aligned_model": [[0.4366173254500778, -0.24029037340439185, -0.302432967125944, 0.25919188370220464, 0.19036745762624918, -0.36890748115515, 0.20815148473270922, -0.5442999960664214, 0.7261243234279814, 0.17751662271898241], [-0.5016487134280546, -0.5567924749824605, 0.10244157875881962, 0.1408754395816457, 0.592952659546352, 0.19669113801215068, -0.7240457066718745, -0.4860673119339346, 0.1417508560908637, -0.1727679647339989], [-0.4540152896063657, -0.5359450984240779, 0.37788684621824165, -0.5629609616356904, 0.21737619882193165, -0.339116563980147, 0.6058222622804744, 0.16524649434980956, 0.4423917936843845, 0.029600225612863795]], "inverted": false, "swapped": false, "error_lsq": 0.04920779266108972, "error_max": 0.19273599088510324, "target": "198.xyz", "model": "6.xyz", "model_rescale": 3.89814844738969, "target_rescale": 3.6862933008078445},
{"mapping": [9, 10, 7, 6, 3, 0, 11, 4, 8, 12], "R": [[-0.8984133540437862, 0.05123172165511958, 0.4361522165162602], [-0.3088666150837626, -0.7797280502169, -0.5446334380036267], [0.3121776086821301, -0.6240188125378944, 0.7163418612899173]], "T": [-0.0649831159738527, -0.11154094809631171, -0.07674414460183021], "aligned_model": [[0.6300716575031091, -0.11178700909656591, -0.25323642844098154, 0.37783514420492753, 0.16358169312652557, -0.36794233657416553, 0.245393432125312, -0.5514971113988674, 0.5389090671130301, -0.1292898286560264], [-0.549567839348772, -0.7848903143428732, 0.15452375066553037, 0.28555516359634575, 0.6327293417096302, 0.37240185164465184, -0.630799512535934, -0.44799957077101665, -0.036903813817159625, -0.2616595565608937], [-0.4274251726618156, -0.3653852532749327, 0.49338298680298176, -0.39861759420367127, 0.13820189612234327, -0.2349385335681821, 0.4611938730815822, 0.1793720709482654, 0.21894200946678422, -0.11844037539193086]], "inverted": false, "swapped": false, "error_lsq": 0.04898419312342077, "error_max": 0.2521539265310805, "target": "198.xyz", "model": "7.xyz", "model_rescale": 3.7474275329858107, "target_rescale": 3.6862933008078445},
{"mapping": [9, 7, 1, 8, 2, 3, 12, 0, 13, 14], "R": [[0.75139093317876, 0.12328684304640572, 0.6482376260819817], [0.5976698906670921, -0.5434942440975565, -0.589410475324974], [0.2796468618217236, 0.830309798186482, -0.48206148125398407]], "T": [0.04382659531299024, -0.2436778375033464, -0.010713876744209792], "aligned_model": [[0.4763005661109033, -0.04195748975341593, -0.2723788388480417, 0.2903815462095977, 0.023910486545745097, -0.4316453989641653, 0.23328963577194384, -0.595172379758232, 0.7885492439177733, 0.07076090867418913], [-0.4891594889501669, -0.7475577662903653, 0.14169031094375303, 0.20964281765799728, 0.5865447113549322, 0.14599847471202285, -0.5360279313956029, -0.22739232441072557, -0.14944347839949695, -0.200905824982839], [-0.58781478947406, -0.4608513446792012, 0.5516981907110861, -0.45671988079458803, 0.12684834128341765, -0.37978472541821007, 0.498479404535692, 0.1493746286151664, 0.483876752879858, 0.021179329662263244]], "inverted": false, "swapped": false, "error_lsq": 0.04266441049116339, "error_max": 0.22967487753292354, "target": "198.xyz", "model": "8.xyz", "model_rescale": 4.019505241142653, "target_rescale": 3.6862933008078445},
{"mapping": [1, 0, 5, 9, 11, 8, 2, 4, 6, 12], "R": [[-0.4430855300207941, 0.884653277578628, -0.14513370234229775], [0.4587626359013788, 0.36284158507574865, 0.8110997645422768], [0.7702026077513701, 0.2928046492272775, -0.5666157255176387]], "T": [0.13373866996143718, -0.1645646756255178, -0.012772943760277194], "aligned_model": [[0.5381512797649031, -0.19449264173618258, -0.16416386739499278, 0.22343054573329058, 0.10347832018608627, -0.29156337988026887, 0.26558559992255715, -0.6736954062995697, 0.6202145671109611, 0.11509326249951347], [-0.48538503607186345, -0.6867662849127284, 0.04254716552726373, 0.2469945671826756, 0.45148825091477207, 0.25549192227428225, -0.6292500380228045, -0.34676812479681857, 0.02443671004786821, -0.13939963190313814], [-0.44846783646110167, -0.21823769341382976, 0.5519247476046364, -0.5512099581919704, 0.06976569522539407, -0.32710963004966076, 0.32877655960664, 0.036692062514224605, 0.4928766539583435, 0.011275306528748436]], "inverted": false, "swapped": false, "error_lsq": 0.04621386270520028, "error_max": 0.24748848110159694, "target": "198.xyz", "model": "9.xyz", "model_rescale": 3.877068213659057, "target_rescale": 3.6862933008078445},
{"mapping": [5, 4, 9, 6, 10, 13, 8, 2, 11, 15], "R": [[-0.6505573367209175, -0.23532550290958687, 0.7220782916823749], [-0.4924245985010247, -0.5931345284009896, -0.6369532526093579], [0.5781809115058119, -0.7699437245012689, 0.2699879528264602]], "T": [0.09610594424067377, -0.17014620385598386, -0.08399358529200096], "aligned_model": [[0.5925178204264744, -0.22722456473486968, -0.1771322872772496, 0.2051161946285659, 0.20434386102415325, -0.5058144275515928, 0.17659441995821468, -0.5232223458535125, 0.6173632996199322, 0.17949630966618157], [-0.5998953463751114, -0.653717769712676, -0.008425926808483641, 0.3231084927397171, 0.46632423593547423, 0.174442011340491, -0.5175573327032386, -0.3022397679958456, 0.04772212765420941, -0.1963712238350278], [-0.5081237138236788, -0.4299800046865977, 0.4946537379786512, -0.4377182589034129, 0.20994639514944652, -0.4254453738842397, 0.6002213287794778, 0.11434732665342867, 0.3908531645670353, -0.06246869450868578]], "inverted": true, "swapped": false, "error_lsq": 0.04466437984769832, "error_max": 0.2371327261892487, "target": "198.xyz", "model": "10.xyz", "model_rescale": 4.260839863003843, "target_rescale": 3.6862933008078445},
{"mapping": [4, 2, 7, 5, 6, 3, 8, 1, 10, 11], "R": [[0.2432224098807404, -0.7543216630144676, -0.6097882321256234], [-0.24947775934459826, -0.6561661478438728, 0.7121845505317647], [-0.9373386298047275, -0.02109064083476342, -0.34778079007468937]], "T": [0.07478373683529854, -0.15822422619654028, 0.033026339946350514], "aligned_model": [[0.5557808514267439, -0.16759895656168777, -0.10064519569528585, 0.27730262121854166, 0.21134598816671474, -0.3623350115351202, 0.09846760895664713, -0.6204792225790854, 0.6263854890855545, 0.023814107423274458], [-0.3428551413437518, -0.6901297262973277, 0.07713854143637286, 0.28307469637468774, 0.6623188237280542, -0.02677928814213934, -0.7233060019345121, -0.34238988324602915, -0.017742328178497274, -0.14594019215734863], [-0.4872198128773184, -0.32569959310784463, 0.6190593479976038, -0.4369228750264353, 0.13939921894267782, -0.5105566799280012, 0.4754459009841771, 0.11018248792675735, 0.2963400982004458, 0.06625781420936204]], "inverted": true, "swapped": false, "error_lsq": 0.04567441582649932, "error_max": 0.23622621648670236, "target": "198.xyz", "model": "11.xyz", "model_rescale": 3.890672605050136, "target_rescale": 3.6862933008078445},
{"mapping": [10, 11, 8, 4, 3, 0, 5, 6, 7, 13], "R": [[-0.314827122920127, -0.12839017900922978, -0.9404253530226698], [-0.8316073547421128, 0.5149007529507051, 0.2081019513354515], [0.4575074755811768, 0.8475807787726044, -0.2688749397816095]], "T": [-0.08033327430803534, -0.26706602486015985, -0.0666107004985545], "aligned_model": [[0.5463903775836619, -0.16289195175615345, -0.27513039644169074, 0.3033904794379979, 0.13547778099709257, -0.3105319519853151, 0.26438686967662306, -0.6079268017283752, 0.5740879997263513, 0.07478587439610475], [-0.6002388818310738, -0.6407866414744819, 0.09852651073597363, 0.1533780660697825, 0.611492242255983, 0.2683809982829126, -0.5312164518626371, -0.441920364144687, 0.019549527985688597, -0.2037755057779516], [-0.6104432261716106, -0.4619322523910367, 0.5229545842350094, -0.4753158399796839, 0.11946486396922368, -0.16147689020842731, 0.578652622556975, 0.08547274304179905, 0.3987370095360817, -0.04982770726690609]], "inverted": true, "swapped": false, "error_lsq": 0.03946074391272546, "error_max": 0.24725211100437333, "target": "198.xyz", "model": "12.xyz", "model_rescale": 4.124412569039231, "target_rescale": 3.6862933008078445},
{"mapping": [9, 8, 4, 7, 5, 10, 1, 2, 0, 12], "R": [[-0.9089840602165131, -0.4134682520614184, -0.05283921658747476], [0.4152006037743779, -0.9093251985329571, -0.027131935765629014], [-0.03682983705767409, -0.04660137176385973, 0.9982343789171118]], "T": [0.25061772931686077, -0.1621863117654861, -0.042512617858484744], "aligned_model": [[0.4298368513745928, -0.08359014348613336, -0.22772148606201387, 0.30917885647716986, 0.27044743181786596, -0.35842885000217195, 0.09787384769663188, -0.5496717492172896, 0.5215457992834482, 0.13256772202419764], [-0.3707702286080221, -0.7582776065575059, 0.1370541092308709, 0.2817785050774286, 0.580505507721828, 0.13013629853247022, -0.7358106476632844, -0.42001592342277727, 0.025628335306472794, -0.13683884937797253], [-0.6195867274179709, -0.2613193520512734, 0.5051396634498034, -0.4813104190236631, 0.10500525644004506, -0.3395301729387956, 0.5147025352037128, 0.14578543191662285, 0.43507615152731305, -0.057676459784370006]], "inverted": false, "swapped": false, "error_lsq": 0.04949352529632097, "error_max": 0.25303928099121037, "target": "198.xyz", "model": "13.xyz", "model_rescale": 3.9028299243045295, "target_rescale": 3.6862933008078445},
{"mapping": [10, 9, 2, 5, 8, 12, 3, 1, 0, 15], "R": [[-0.08559792431754328, 0.9065775361654542, -0.4132676690387268], [-0.9018225310094672, 0.1058297905417553, 0.4189465097092554], [0.4235435254093812, 0.4085550469080792, 0.808513237819722]], "T": [0.04602097476071679, -0.19996866124552762, -0.07554810159430184], "aligned_model": [[0.4684730378239925, -0.20152851108059827, -0.20179659412459114, 0.3303155134085267, 0.1436414422299587, -0.3375855441432929, 0.31399278966666466, -0.5706262738289324, 0.5596142306664793, 0.03753818928809029], [-0.4701048425467035, -0.884591249454392, 0.09960270240083277, 0.16781658330050717, 0.53999955880176, 0.2944960254609339, -0.5011670340775861, -0.2871792158020885, 0.0833067129530978, -0.3087897407968529], [-0.6268314225959213, -0.3417371701857045, 0.5497464051708065, -0.29005325967772644, 0.12300777771618202, -0.3798357964087895, 0.4000148194345394, 0.10976041338425635, 0.51027903938286, -0.10806489889907811]], "inverted": true, "swapped": false, "error_lsq": 0.04783921571615856, "error_max": 0.21589920927913112, "target": "198.xyz", "model": "14.xyz", "model_rescale": 3.942246331269136, "target_rescale": 3.6862933008078445},
{"mapping": [1, 5, 6, 0, 8, 7, 4, 9, 13, 14], "R": [[0.3573293359880354, 0.8556039385677883, -0.3745098743019176], [0.7765831901486584, -0.4949486912804646, -0.3898003870935587], [-0.5188779186098427, -0.15155095943953575, -0.8413073233201254]], "T": [0.09861391177464575, -0.23941987160911024, 0.1060046099222372], "aligned_model": [[0.5354737726983567, -0.04308072895017946, -0.2715947388638321, 0.13903851612334522, 0.15328821757020314, -0.4762711343883501, 0.29202405247854285, -0.698000376290623, 0.7844463779065064, 0.12671432162232743], [-0.5075706456474915, -0.6421863085865457, 0.12178650568834473, 0.1860428044677465, 0.5324789455524115, 0.2903607216327352, -0.5863237485257046, -0.34575241620543873, -0.10552723367311703, -0.20991912446343164], [-0.5216020025962667, -0.3635498429620674, 0.3187600971147112, -0.4923805883380709, 0.11088954986135424, -0.24014451235243733, 0.5371822932219875, 0.058450723200997756, 0.5215000207408735, 0.017180169430342382]], "inverted": true, "swapped": false, "error_lsq": 0.05021649557951273, "error_max": 0.22174438601828186, "target": "198.xyz", "model": "15.xyz", "model_rescale": 4.355366556412066, "target_rescale": 3.6862933008078445},
{"mapping": [9, 1, 4, 10, 6, 8, 5, 2, 3, 11], "R": [[-0.30699850410714663, 0.6929738709368838, 0.6523336053544425], [-0.0032761426784330694, 0.6846596177096074, -0.7288555925331746], [-0.9517043581728125, -0.2258947145828904, -0.20791919718580507]], "T": [0.13472144812543863, -0.21800423731476537, -0.029562953794478816], "aligned_model": [[0.49162714008393754, -0.1495778502768088, -0.15866798630589052, 0.2889476944921118, 0.001434794663190464, -0.3591446288537702, 0.4654780438530748, -0.6977550408216604, 0.5588972809326722, 0.10079883213944023], [-0.758585096241586, -0.4875460049802873, -0.05078205153386872, 0.1839969692169709, 0.5641451143596393, 0.16757099860172375, -0.60900390484472, -0.22203228689043042, 0.07983029255320856, -0.1342045300011413], [-0.39059227011322123, -0.4052202548236789, 0.6634659860655152, -0.4898292826389467, 0.186244883606421, -0.47054385051224085, 0.36220128180025774, 0.058141503970952704, 0.37340908558260255, 0.05900882438376279]], "inverted": false, "swapped": false, "error_lsq": 0.05608026878620544, "error_max": 0.24257052495574416, "target": "198.xyz", "model": "16.xyz", "model_rescale": 3.795458400668931, "target_rescale": 3.6862933008078445},
{"mapping": [9, 10, 7, 6, 3, 0, 11, 4, 8, 12], "R": [[-0.8984133540437862, 0.05123172165511958, 0.4361522165162602], [-0.3088666150837626, -0.7797280502169, -0.5446334380036267], [0.3121776086821301, -0.6240188125378944, 0.7163418612899173]], "T": [-0.0649831159738527, -0.11154094809631171, -0.07674414460183021], "aligned_model": [[0.6300716575031091, -0.11178700909656591, -0.25323642844098154, 0.37783514420492753, 0.16358169312652557, -0.36794233657416553, 0.245393432125312, -0.5514971113988674, 0.5389090671130301, -0.1292898286560264], [-0.549567839348772, -0.7848903143428732, 0.15452375066553037, 0.28555516359634575, 0.6327293417096302, 0.37240185164465184, -0.630799512535934, -0.44799957077101665, -0.036903813817159625, -0.2616595565608937], [-0.4274251726618156, -0.3653852532749327, 0.49338298680298176, -0.39861759420367127, 0.13820189612234327, -0.2349385335681821, 0.4611938730815822, 0.1793720709482654, 0.21894200946678422, -0.11844037539193086]], "inverted": false, "swapped": false, "error_lsq": 0.04898419312342077, "error_max": 0.2521539265310805, "target": "198.xyz", "model": "17.xyz", "model_rescale": 3.7474275329858107, "target_rescale": 3.6862933008078445},
{"mapping": [8, 0, 7, 5, 12, 9, 1, 2, 11, 13], "R": [[-0.9478006371356327, -0.15218176448872922, -0.28020468019357947], [-0.3159922110720829, 0.33061268847308933, 0.8892941992177685], [-0.042695137745009965, 0.9314161050667382, -0.36144316902556295]], "T": [0.12112177601250194, -0.14354887965889104, -0.047426640953681265], "aligned_model": [[0.5129533054177517, -0.1528640792934608, -0.14478015595689003, 0.33199512841494666, 0.15019386258201473, -0.35531813527303246, 0.11500552111926159, -0.4981942684782886, 0.5433280809493779, 0.0397190204246167], [-0.45479509951332553, -0.8762736618128057, 0.1804451651863517, 0.33424569888941214, 0.5975117806533491, 0.28071717203415947, -0.6444600961069639, -0.4432246771753685, -0.031037040449883063, -0.2097397414654171], [-0.5636129391144982, -0.34270368965646736, 0.5784673624654766, -0.5478911318286057, 0.04859853716946058, -0.24923718124109276, 0.429615245542955, 0.1271436234925495, 0.5277425375628753, -0.061836457071228396]], "inverted": false, "swapped": false, "error_lsq": 0.048321405392515636, "error_max": 0.21106000788344204, "target": "198.xyz", "model": "18.xyz", "model_rescale": 3.922800546911778, "target_rescale": 3.6862933008078445},
{"mapping": [9, 10, 8, 0, 5, 1, 13, 6, 12, 14], "R": [[0.16104770667890084, 0.8813941215147629, 0.4440811172890447], [-0.8566944816475992, 0.34825429240949696, -0.38051742789642595], [-0.49003897935574253, -0.31916038347135145, 0.8111710351919637]], "T": [0.08197765055158579, -0.20270116050551693, 0.01573908434755816], "aligned_model": [[0.4456365155969437, -0.23723239868806978, -0.24097143964761902, 0.3362000270889218, 0.16954536746991783, -0.4238529932502494, 0.2500602935630967, -0.5984324766812991, 0.671063676535904, 0.1700217079187507], [-0.6081900139419576, -0.8229942824670914, -0.00011791505925609624, 0.4315522237407753, 0.5360132679247079, 0.20346246326469233, -0.5439683693232233, -0.3158618411728676, 0.09399867851062785, -0.24050471123689857], [-0.5893015800112158, -0.38915847624633554, 0.49433554048318884, -0.46544306777023614, 0.18652142643371214, -0.34084119336381286, 0.5876644851860086, 0.013619880972948719, 0.4441791666044708, 0.004709725032695237]], "inverted": false, "swapped": false, "error_lsq": 0.04355304175952395, "error_max": 0.18760358960700665, "target": "198.xyz", "model": "19.xyz", "model_rescale": 3.9282355846067225, "target_rescale": 3.6862933008078445},
{"mapping": [0, 4, 7, 1, 2, 5, 9, 6, 10, 13], "R": [[-0.21707162809387298, -0.6546263742904477, 0.7241161635815195], [0.657734044101441, -0.6462153133474148, -0.38702932191923956], [0.7212945553008417, 0.39226276764261647, 0.5708450627050354]], "T": [-0.03790501640208353, -0.2766737417640943, 0.07675336035828764], "aligned_model": [[0.49006757283907676, -0.019007886638782143, -0.2720923498312709, 0.2431613924249637, 0.1753846169369052, -0.40323323454527604, 0.1928298553704737, -0.6807383155637066, 0.7405048142227229, 0.07516181469119114], [-0.3826787044072416, -0.7730993974688818, 0.07508170299844863, 0.18539604175341157, 0.5186494547334585, 0.2324130855465617, -0.6942316339461009, -0.2610078664630485, 0.03201151996018059, -0.1991447024672796], [-0.515027748753729, -0.3138516982169858, 0.5344892845775419, -0.4418929404053108, 0.10292119907134192, -0.2315582474927342, 0.5775843207255618, -0.03884933812708288, 0.2793018576924851, -0.006830781749663797]], "inverted": false, "swapped": false, "error_lsq": 0.04950617735943742, "error_max": 0.21955820678799484, "target": "198.xyz", "model": "20.xyz", "model_rescale": 4.067790424073018, "target_rescale": 3.6862933008078445},
{"mapping": [6, 2, 9, 5, 1, 8, 12, 0, 10, 14], "R": [[0.18395841678818708, 0.1575368707620884, -0.9702275172573044], [0.17902367233585642, -0.9759330642397167, -0.12451979307347388], [-0.9664935724753515, -0.1507872291481142, -0.20773393052091066]], "T": [0.09882047544257493, -0.19875302245476908, -0.09395288921538995], "aligned_model": [[0.4566330982881827, -0.25127841977885795, 0.022728655024509617, 0.23546481943308972, 0.07320702398502416, -0.27777494703949573, 0.12454779983617238, -0.5591104294604112, 0.5807249521073321, 0.13689572751075157], [-0.5951010398261528, -0.7132193260470628, 0.10500466447774501, 0.23439258205654392, 0.5778634321723006, 0.1693921175198507, -0.5344790749738597, -0.45002084113934615, 0.11912606779456744, -0.1795690817950776], [-0.6062372621504732, -0.501968964354282, 0.617377696352083, -0.4710196331823127, 0.1697058576255424, -0.3126145923178577, 0.5942621856973751, -0.0020320690058685392, 0.48743147667897185, -0.02861878802175377]], "inverted": true, "swapped": false, "error_lsq": 0.04760306561993843, "error_max": 0.21519051438431663, "target": "198.xyz", "model": "21.xyz", "model_rescale": 4.186013935880536, "target_rescale": 3.6862933008078445},
{"mapping": [4, 7, 2, 11, 8, 9, 0, 1, 5, 12], "R": [[-0.6676638166167219, 0.569869790011713, -0.47903387188464924], [-0.5564931986455769, -0.8094590661850607, -0.18732682678149482], [-0.49451021004829315, 0.14150774750103157, 0.8575751917792267]], "T": [0.10805304066417425, -0.16785107185498546, -0.07569019933557224], "aligned_model": [[0.4413466680271863, -0.21215552393259796, -0.02303032403393658, 0.46980213262510667, -0.0287804393504716, -0.360752388176245, 0.02869789085430012, -0.5093304395530015, 0.5849625324021621, 0.15127817104379515], [-0.43958803662375223, -0.7471177224850575, 0.18327430498758399, 0.2620763921879229, 0.5801531297486519, 0.14744739489774863, -0.5997513225547378, -0.4580358109041325, -0.02049608157401045, -0.17457274744070805], [-0.661087951898673, -0.39229778374811614, 0.564018581362002, -0.3642485969588851, 0.021440865901058356, -0.33309864323642346, 0.4978543714263825, 0.1884190422866257, 0.5153957670384942, -0.09010974485104062]], "inverted": true, "swapped": false, "error_lsq": 0.05467189161942154, "error_max": 0.23768815356993642, "target": "198.xyz", "model": "22.xyz", "model_rescale": 4.166573947596378, "target_rescale": 3.6862933008078445},
{"mapping": [2, 12, 10, 3, 8, 9, 5, 14, 0, 15], "R": [[-0.46566187057612324, -0.14462469050813231, -0.873065129979988], [-0.3020882443894737, -0.9013195989213024, 0.3104282094172962], [-0.8318062964977074, 0.4082972930301768, 0.37602075156964204]], "T": [0.08022707445416385, -0.16907300599978492, -0.07286506430160737], "aligned_model": [[0.56967900444202, -0.2738070235900919, -0.3642467699343144, 0.2522831712776815, 0.22047446906760665, -0.32888456779198705, 0.2930130222276002, -0.6691411135414077, 0.7122273874274488, 0.13044070032174135], [-0.3871320234793617, -0.6286480496820728, -0.04633838826651818, 0.1439355964592262, 0.6118364392636093, 0.2217138941772897, -0.6155912097280187, -0.377971991294681, 0.017555511433726162, -0.20597027864369027], [-0.47992318339038825, -0.3775484932498038, 0.5173217267810756, -0.5564443921771665, 0.08394771203930619, -0.2737690939046612, 0.5952708615179955, 0.0713094687589947, 0.40931868046822023, -0.04319737952214825]], "inverted": false, "swapped": false, "error_lsq": 0.04557294683179563, "error_max": 0.2524669635653352, "target": "198.xyz", "model": "23.xyz", "model_rescale": 4.274766983524099, "target_rescale": 3.6862933008078445},
{"mapping": [0, 1, 7, 3, 5, 4, 8, 9, 6, 10], "R": [[-0.11334487938352389, 0.8862641538262432, 0.4490977487810285], [0.9161411393353793, 0.268151521856951, -0.2979600210482509], [-0.38449753072654114, 0.3776646805943791, -0.8423366535398649]], "T": [0.12970141060803275, -0.14941490670516372, -0.06818625614094942], "aligned_model": [[0.6079896575745337, -0.24793096868136666, -0.1548786960892483, 0.3986508493053905, 0.023047397262985214, -0.39733899898953284, 0.18275186448419478, -0.6332333199503493, 0.6677709953436902, 0.09520949964599998], [-0.6017825270818942, -0.5408188301985923, 0.00867723570610851, 0.2071035009112791, 0.6342836433164616, 0.24499913243281157, -0.6160276819148494, -0.4456609620208392, 0.060770001986462346, -0.21815401289743952], [-0.4040035144953308, -0.4276026376401611, 0.475002029687985, -0.40961722756406393, 0.13351265992878808, -0.3013097841097415, 0.5014358072124685, 0.17230143098458395, 0.2801217716984879, -0.0735546283815919]], "inverted": true, "swapped": false, "error_lsq": 0.03572625308991706, "error_max": 0.15221616491029955, "target": "198.xyz", "model": "24.xyz", "model_rescale": 3.7841303162186577, "target_rescale": 3.6862933008078445},
{"mapping": [6, 4, 9, 13, 14, 12, 0, 2, 10, 15], "R": [[-0.8335494376737951, -0.5189378318726066, 0.18946994908179624], [0.31892028561523933, -0.7320586848571944, -0.6019800107547171], [0.45109332335648056, -0.4413542891787882, 0.775706906664297]], "T": [0.13130169784344414, -0.2463712808574241, 0.02722766786046948], "aligned_model": [[0.4261588674161749, -0.23061175177582405, -0.20015720054658176, 0.26618042470095127, 0.07765840010885626, -0.32865823486734713, 0.41675708766290837, -0.6198109432745137, 0.5795470020290481, 0.1549746284526252], [-0.6533896847595834, -0.7399815434254227, 0.1338025672192617, 0.34979784919386325, 0.5332457319160913, 0.28899355042499864, -0.7392536621822683, -0.3022380940792763, 0.13781652416949508, -0.2754037382376503], [-0.4918308266076643, -0.3994711797247896, 0.3234430497074613, -0.4610244132269845, 0.16367792367855244, -0.2502489332336823, 0.49296592906966175, 0.06597979632410754, 0.5339139445853796, -0.031119383250617753]], "inverted": true, "swapped": false, "error_lsq": 0.04789959783938068, "error_max": 0.1940936276849794, "target": "198.xyz", "model": "25.xyz", "model_rescale": 4.19342608120988, "target_rescale": 3.6862933008078445},
{"mapping": [9, 1, 4, 10, 6, 8, 5, 2, 3, 11], "R": [[-0.30699850410714663, 0.6929738709368838, 0.6523336053544425], [-0.0032761426784330694, 0.6846596177096074, -0.7288555925331746], [-0.9517043581728125, -0.2258947145828904, -0.20791919718580507]], "T": [0.13472144812543863, -0.21800423731476537, -0.029562953794478816], "aligned_model": [[0.49162714008393754, -0.1495778502768088, -0.15866798630589052, 0.2889476944921118, 0.001434794663190464, -0.3591446288537702, 0.4654780438530748, -0.6977550408216604, 0.5588972809326722, 0.10079883213944023], [-0.758585096241586, -0.4875460049802873, -0.05078205153386872, 0.1839969692169709, 0.5641451143596393, 0.16757099860172375, -0.60900390484472, -0.22203228689043042, 0.07983029255320856, -0.1342045300011413], [-0.39059227011322123, -0.4052202548236789, 0.6634659860655152, -0.4898292826389467, 0.186244883606421, -0.47054385051224085, 0.36220128180025774, 0.058141503970952704, 0.37340908558260255, 0.05900882438376279]], "inverted": false, "swapped": false, "error_lsq": 0.05608026878620544, "error_max": 0.24257052495574416, "target": "198.xyz", "model": "26.xyz", "model_rescale": 3.795458400668931, "target_rescale": 3.6862933008078445},
{"mapping": [11, 10, 0, 9, 2, 3, 6, 7, 1, 12], "R": [[-0.6268181708756753, -0.2556559524031805, -0.7360292213362833], [-0.7783026971780622, 0.16099624091673115, 0.6068979502157145], [-0.036659135633926254, 0.953268191230309, -0.2998930865543066]], "T": [0.21164545190765394, -0.19998794763827782, -0.09502429710108393], "aligned_model": [[0.5299765944192463, -0.20445726514279827, -0.2711501029745925, 0.32310080828085125, 0.21076346021462855, -0.4135771616584578, 0.27157006592174143, -0.5398977166192475, 0.5618102207358687, 0.07389937672905719], [-0.5094879678574273, -0.6464298821839143, 0.22940525024668418, 0.16958303172823447, 0.6528269117681318, 0.16936622711699123, -0.5717970152598281, -0.4645980969084864, -0.03035332623381945, -0.26512563217705765], [-0.6557823669716342, -0.46276681089519645, 0.42823770791073035, -0.28309153204967574, 0.12301457916982736, -0.22825618489177693, 0.639382958817267, 0.06426296972573867, 0.35102715782724403, -0.029742571321099767]], "inverted": true, "swapped": false, "error_lsq": 0.04473777854786587, "error_max": 0.18346937783847478, "target": "198.xyz", "model": "27.xyz", "model_rescale": 3.6321398670334006, "target_rescale": 3.6862933008078445},
{"mapping": [0, 11, 6, 8, 12, 9, 1, 13, 7, 14], "R": [[0.2976848109875626, -0.182067215788367, -0.93714208220652], [-0.7684898926191064, -0.6281073083843663, -0.1220839633056745], [-0.5663983035369844, 0.7565267596649963, -0.3268948204869685]], "T": [0.16814883223992433, -0.20297165047585009, -0.05713852110269109], "aligned_model": [[0.435879249603813, -0.24268798820274068, -0.33065607410427406, 0.4665917877013179, 0.1474502637029402, -0.385474135988171, 0.21363351483419013, -0.5867714796729049, 0.6923382532881239, 0.13173488874400285], [-0.5519519222068713, -0.5416942769442918, 0.11567158426836754, 0.16581371240125303, 0.6059918862749516, 0.09119681279110298, -0.6882276296830562, -0.43653036248122745, 0.21715831735020374, -0.2440386215309232], [-0.4997951462429312, -0.4163124701936505, 0.4464164327002315, -0.2619769312157245, 0.11215204664431543, -0.28852280209364745, 0.4008188725915904, 0.1478565584038085, 0.32964778294579655, -0.02399843621836431]], "inverted": true, "swapped": false, "error_lsq": 0.04669844697939675, "error_max": 0.23880952236013062, "target": "198.xyz", "model": "28.xyz", "model_rescale": 4.156811204709835, "target_rescale": 3.6862933008078445},
{"mapping": [7, 8, 1, 6, 0, 2, 4, 3, 5, 9], "R": [[-0.8831469615714427, -0.04683414038761935, 0.46675261923344563], [-0.46218729125206837, -0.08326944071848974, -0.8828641503920669], [0.08021441312011751, -0.9954259206674212, 0.051893009078414654]], "T": [-0.05476777890415063, -0.2113559809090191, -0.0013247755153692944], "aligned_model": [[0.5454103269340166, -0.0953769886023641, -0.11269103625324885, 0.14546731286853962, 0.21986176249613398, -0.42146076546239714, 0.3169686780387484, -0.7519140545076161, 0.5923571803940437, 0.10341586400044117], [-0.5573406370894181, -0.7377881157373511, 0.21058441211844928, 0.26220469470628927, 0.5161417742249328, 0.3479933652666223, -0.7410370973575656, -0.3924503602186651, 0.10973143422971485, -0.2846499699035], [-0.3341966952351014, -0.4915611127741111, 0.5022884007601454, -0.5115271994149088, 0.08143335715306792, -0.07320198678787765, 0.5299392364640082, -0.09739603891735553, 0.3506459916884592, -0.010138045614901947]], "inverted": false, "swapped": false, "error_lsq": 0.059805978624302335, "error_max": 0.3515118610354519, "target": "198.xyz", "model": "29.xyz", "model_rescale": 4.117894457231895, "target_rescale": 3.6862933008078445},
{"mapping": [2, 9, 7, 3, 4, 12, 8, 10, 1, 14], "R": [[-0.3472778134539591, -0.4811366886356701, -0.8049258395227105], [0.8595003734218096, 0.17997479281255685, -0.478401695272757], [0.3750429686987984, -0.8579723543336231, 0.3510359110245172]], "T": [0.008164149334875484, -0.2120029529787269, -0.050734198470393926], "aligned_model": [[0.5402678981394248, -0.17091455280252543, -0.2777760867729454, 0.3185381056345234, 0.14317013329552886, -0.30610883387233395, 0.3268452556555661, -0.6636726709242385, 0.669418624796448, -0.03772959324315041], [-0.4411295515374691, -0.7545576092131783, 0.0015874844251639042, 0.07929074440588074, 0.5131080463618249, 0.34981371515297116, -0.49067503764334947, -0.3552779747838586, 0.042067742716447865, -0.21083805964492472], [-0.6591152101596198, -0.3025064686858856, 0.496642241722568, -0.3950773270162171, 0.184883107954394, -0.4671143688637873, 0.5172217050644139, 0.1552476448168607, 0.4375475113342818, -0.02144292884558411]], "inverted": false, "swapped": false, "error_lsq": 0.048262885605930124, "error_max": 0.23030684714768004, "target": "198.xyz", "model": "30.xyz", "model_rescale": 4.100398675895297, "target_rescale": 3.6862933008078445},
{"mapping": [8, 1, 4, 2, 5, 0, 7, 3, 10, 11], "R": [[0.4978437972163676, -0.19349720678672844, -0.8454054557068593], [0.848779557478295, 0.3089047367011815, 0.42912833331128764], [0.17811461585209143, -0.9312017475334267, 0.3180227806471638]], "T": [0.07757405598128737, -0.2757237112925631, 0.028048268299860384], "aligned_model": [[0.643195772202653, -0.0758470270835621, -0.17826059605843197, 0.1446317102660899, 0.2231079975848031, -0.3873242869839764, 0.0928261861513756, -0.7327613666471917, 0.6774608504098, 0.13500904006473827], [-0.43578672263096374, -0.4527574894297139, 0.07585365630332819, 0.17189010107313712, 0.5886853827420278, 0.10075552573977631, -0.65337964515677, -0.40388798042384466, -0.007224078844033088, -0.2507592491334354], [-0.4102324122441878, -0.5512815779610614, 0.4932438234995665, -0.4932115105275553, 0.03780442239168602, -0.2600507056402285, 0.5554115651570616, 0.20472564536130758, 0.3122976887362791, 0.05757896854855682]], "inverted": true, "swapped": false, "error_lsq": 0.05322158806612122, "error_max": 0.2905754881802725, "target": "198.xyz", "model": "31.xyz", "model_rescale": 3.8381024199148657, "target_rescale": 3.6862933008078445},
{"mapping": [13, 14, 2, 9, 1, 10, 3, 6, 0, 15], "R": [[0.7893171237558055, 0.5074213411721701, -0.34569070087131154], [-0.48510544744978557, 0.8605234144816002, 0.1554739784770162], [0.3763657569444992, 0.04497816861505715, 0.9253787231980374]], "T": [0.23845466122623843, -0.18740417959757996, -0.02603913802878735], "aligned_model": [[0.47052237498970556, -0.2018347369814565, -0.035675026388937714, 0.23760985191236356, 0.22757554588814302, -0.38072906515396115, 0.21581601194162295, -0.6774628479245022, 0.607361700249025, 0.078854471374295], [-0.6515316019978704, -0.6231275230171761, 0.04381187590332272, 0.3906507170506861, 0.6118704949147911, 0.04975620568771075, -0.4939065883496352, -0.44811543890545513, 0.07690931011727778, -0.22292795116414266], [-0.4860887717057619, -0.4861813437371989, 0.615587459388101, -0.3849078301029101, 0.15396793820483562, -0.33206427120447934, 0.5923191364315091, -0.05419571799666456, 0.35912207094462245, -0.03127276290062888]], "inverted": true, "swapped": false, "error_lsq": 0.04487236273810432, "error_max": 0.20199641871981344, "target": "198.xyz", "model": "32.xyz", "model_rescale": 4.180218895210482, "target_rescale": 3.6862933008078445},
