[{"mapping": [9, 2, 6, 7, 10, 11, 8, 4, 5, 0, 3, 1, 13], "R": [[-0.7485670583881435, -0.1603292486878291, -0.6433831604194487], [0.45163959497437983, 0.5871312363524387, -0.6717876059817082], [0.48545755257025286, -0.7934553820565168, -0.36709606554422103]], "T": [0.07951195275449441, 0.00034053257769781076, 0.1308083039201229], "aligned_model": [[-0.5386571312191034, 0.296552235678231, 0.6731034503311663, -0.3149874477398885, -0.8286359914470852, -0.15356912347958596, 0.11287153031386715, 0.20260300769741207, 0.5259216127470756, -0.10949065679201264, 0.5510381830687712, 0.15486237569779293, -0.022048051043943293], [-0.38574508653422523, -0.7369145944685146, -0.135572555725605, -0.20658432653133926, 0.36690910185285697, 0.5433878632485465, 0.16841580360544753, -0.5436138762922466, 0.6102265464139534, -0.5368371430328296, -0.20508715539271472, 0.12174420428640904, -0.004935895301638349], [0.056323069823475486, 0.10617826855350085, -0.33149360027257646, -0.47988540668098234, -0.10651788532925746, -0.24045258736269118, -0.6315675702237987, -0.6453143796003815, 0.09676823879345017, 0.6515103233044424, 0.22388238698555368, 0.6899393938094986, 0.003538562061758538]], "inverted": false, "swapped": false, "error_lsq": 0.04406900590792307, "error_max": 0.24228656697421702, "target": "199.xyz", "model": "0.xyz", "model_rescale": 3.8414455957264533, "target_rescale": 3.8386794326977},
{"mapping": [13, 0, 4, 9, 8, 6, 2, 7, 5, 11, 1, 12, 14], "R": [[0.5697284698322211, 0.6385688070721097, 0.517338718150052], [-0.8177547271901243, 0.37785100987909576, 0.4341725699437412], [0.08177210294985299, -0.670416656242855, 0.7374651383023527]], "T": [0.0763620208879694, -0.026759218972196727, -0.06663543305086467], "aligned_model": [[-0.48511470118275235, 0.2807047334029978, 0.5482063988193413, -0.43248851633802887, -0.6431186398378445, -0.0979867338426327, 0.35029315596064725, 0.05361500296307131, 0.4268961383362123, 0.0028926331144009387, 0.6680676598598267, -0.24915666631864475, 0.12675352887610283], [-0.5089055562243093, -0.7221361774426918, -0.17488404909056937, -0.1318006273512694, 0.21251469087992997, 0.6539640660590539, 0.25665063655056414, -0.41852132656625834, 0.5285626977101012, -0.4370727787791755, -0.26329046292267494, 0.07720671645280482, -0.016894943147405576], [0.09806368864205572, -0.08120632792697244, -0.2929961022607579, -0.5088425262594598, 0.155621113323351, -0.4075833685539173, -0.6905307084367203, -0.5755165845627916, -0.12200858845647555, 0.6766750228346123, 0.5185442817486892, 0.6156535177739011, 0.007035395996477983]], "inverted": true, "swapped": false, "error_lsq": 0.044085819862220266, "error_max": 0.2191474142800694, "target": "199.xyz", "model": "1.xyz", "model_rescale": 4.316132596720782, "target_rescale": 3.8386794326977},
{"mapping": [7, 1, 2, 5, 6, 3, 8, 4, 10, 0, 11, 12], "R": [[0.24131125628102132, -0.5170546567581197, 0.821232829054476], [-0.3504981461571417, 0.742683273404981, 0.5705896992979012], [-0.9049419468300065, -0.42553030130556546, -0.0020088649313809415]], "T": [0.026825132789212863, 0.09661828182990863, -0.017886772453932852], "aligned_model": [[-0.07390499793485353, 0.46586335112566724, -0.014616429125726721, -0.5143349547393501, -0.571958524873721, -0.44909799873038536, -0.14414113211902202, -0.31956981809987994, 0.5621118460580088, 0.24184353775037584, 0.43267985329224035, -0.017066177971572935], [-0.6906720837124675, -0.4676265034262519, -0.4062769570336676, 0.5089902006087894, -0.16662786235073784, -0.24673817960045513, 0.30097412590376477, 0.5514164216954041, -0.060213799764016626, 0.036186296422646314, 0.5818091033746988, 0.07155566562327344], [0.09743481351875571, -0.02827854969456601, -0.44428586043123963, -0.1484740263423712, -0.4166534391471901, 0.4578983127030213, -0.6804700120922292, 0.4101397233473738, -0.510950415408293, 0.7239626860653032, -0.017918511873276147, 0.006853740564132474]], "inverted": false, "swapped": true, "error_lsq": 0.046207894975824, "error_max": 0.29188460731001686, "target": "199.xyz", "model": "2.xyz", "model_rescale": 3.795458400668931, "target_rescale": 3.8386794326977},
{"mapping": [11, 10, 9, 7, 4, 3, 1, 8, 2, 6, 0, 12], "R": [[-0.2733912009461775, -0.7327131145013416, 0.6232084266783875], [0.9298169616599198, -0.03536229786946368, 0.36631943123305266], [-0.24636896934216895, 0.679618275009682, 0.6909568229767633]], "T": [0.10951939418831436, 0.05440927893320474, -0.06987450021378863], "aligned_model": [[-0.1801594322605813, -0.07136614542720651, -0.7323296761477198, 0.055222009100235114, 0.19855441748349073, 0.20469478202611924, -0.2990846003465666, 0.6391502607195855, 0.33495600466828873, 0.8013958317492096, -0.48731682808938115, 0.1295872022680913], [-0.09674404460823366, -0.6667869955664276, -0.21900854634578276, 0.0918441253159196, 0.6618028154597759, 0.6574514461041467, -0.27356845093947896, -0.37145429698607646, -0.34773654830493017, 0.012334646547084743, 0.5424952186612817, 0.09513967595243066], [-0.6115081760158547, -0.03250769103142084, -0.09352224438195214, 0.7294515742712688, -0.4348174375986491, 0.37515327885501204, 0.41665207484736677, -0.28927979667667864, 0.4033001766696418, 0.2563033286364388, 0.006179412602315623, -0.036633069538387526]], "inverted": true, "swapped": true, "error_lsq": 0.049680590858845734, "error_max": 0.2230163038730147, "target": "199.xyz", "model": "3.xyz", "model_rescale": 3.7530521520055578, "target_rescale": 3.8386794326977},
{"mapping": [2, 3, 5, 4, 8, 0, 10, 1, 9, 11, 12], "R": [[-0.306664248295427, 0.9032262358854553, 0.30023225280704424], [-0.8472844915718145, -0.4027645902998654, 0.34625088468114235], [0.4336658035391918, -0.1481993644007078, 0.8888030823708555]], "T": [-0.01990645428043146, -0.08272441965535123, -0.04971708345820497], "aligned_model": [[-0.4394435454304435, -0.2569385079625466, 0.5450636242556124, 0.46798418304886347, 0.2956813407632142, -0.22031120643587948, -0.27347998316912353, -0.6838784666319923, -0.3843674603391859, 0.3213296404066838, -0.0334400160599976], [-0.5926594608625961, 0.1590629971761926, -0.28049146157841354, 0.3075844446787792, -0.7131833244893211, 0.6628593919141257, -0.42134708369208224, -0.07621992509160391, 0.3696711978379464, 0.12900293701511406, -0.07707635459379486], [-0.06951833220252107, -0.7250855640437148, -0.3985076769342895, -0.3956350037270652, 0.06400730763021747, -0.11427925254068134, 0.562879913000496, 0.21548770957413632, 0.6185139847702015, 0.43901356075526515, -0.10404586903672787]], "inverted": false, "swapped": true, "error_lsq": 0.04535814980362744, "error_max": 0.2472608145334902, "target": "199.xyz", "model": "4.xyz", "model_rescale": 3.7855080009869324, "target_rescale": 3.8386794326977},
{"mapping": [1, 6, 8, 5, 2, 9, 10, 7, 15, 11, 13, 12, 16], "R": [[-0.3192650601737852, -0.7130177710430479, -0.6242399214477024], [-0.9433853182013832, 0.17659334019471662, 0.2807827159939671], [-0.08996645349409432, 0.6785428876465197, -0.7290305802022423]], "T": [-0.02822962848457687, -0.07026325374820797, -0.053150481276851305], "aligned_model": [[-0.6017723787247735, 0.2632154924624903, 0.6584012815822501, -0.40290542236985283, -0.6082702436431214, -0.12861415773574592, 0.23107144355149933, 0.15655810400644654, 0.5560338511435179, 0.0700355295011862, 0.5113778528760053, -0.11724811377998688, -0.03831924505721794], [-0.4087781650363262, -0.6501680261464857, -0.06385919030235361, -0.22046520308814385, 0.363483808123355, 0.6009151309809669, 0.178673088545519, -0.5323435477898146, 0.5103496360945832, -0.5428888192985502, -0.1290405884804647, -0.02999144997551094, -0.02049378749867442], [0.3067943859901775, 0.01647181754194431, -0.20744518395909772, -0.7546921183235951, 0.09245878581482607, -0.26845617420762236, -0.6869942519338222, -0.6132440160147172, -0.08218434438753593, 0.5788346940355071, 0.4266793113130417, 0.6202878262961271, -0.03560191830324042]], "inverted": true, "swapped": false, "error_lsq": 0.03655770210380725, "error_max": 0.1881158006531923, "target": "199.xyz", "model": "5.xyz", "model_rescale": 4.2253639853439635, "target_rescale": 3.8386794326977},
{"mapping": [0, 3, 2, 1, 9, 8, 10, 4, 5, 7, 6, 11, 13], "R": [[0.5749101838811701, 0.5490587933077261, -0.6066405211994851], [0.448982910146585, -0.8315192469785302, -0.327093393850383], [-0.684026773500879, -0.0843219034161462, -0.7245668980420341]], "T": [-0.006893945856746284, -0.034895562626190195, -0.020191494988739362], "aligned_model": [[-0.5817807773475081, 0.2892882120162116, 0.6035620740826321, -0.40289974700468173, -0.5934828130223987, -0.2362271204529257, 0.27983951695601544, 0.09573471861983625, 0.4726855317140609, -0.04580359660131823, 0.4568658204801638, 0.1887622309075459, 0.02301994346506384], [-0.5879359350891208, -0.6672356224949287, -0.14982439067147252, -0.07827229558273974, 0.12502257351267426, 0.6463211054647906, 0.31742250643678904, -0.5121781472018104, 0.3775008344777002, -0.568770049157492, -0.18513524815297197, 0.4259581592421734, -0.08748060465549148], [0.06174828003642717, 0.10403270048565408, -0.27377860870145126, -0.6366358529428573, 0.03399446386197512, -0.191115518295447, -0.6543589601777662, -0.5326171031457623, -0.04615305887319711, 0.5653469646676577, 0.39941890066782376, 0.5755318437745203, -0.012505237495584264]], "inverted": true, "swapped": false, "error_lsq": 0.044689624838564874, "error_max": 0.38094141120040476, "target": "199.xyz", "model": "6.xyz", "model_rescale": 3.89814844738969, "target_rescale": 3.8386794326977},
{"mapping": [0, 2, 10, 7, 3, 8, 11, 4, 9, 1, 5, 6, 12], "R": [[0.01875229776323337, -0.9748457094875397, -0.2220905086273041], [0.7968391443882356, 0.14873955300138655, -0.5855970656890048], [0.603900429954495, -0.16598912032625304, 0.7795844294456457]], "T": [-0.024431400538147907, -0.09590397320677126, -0.12240540040197492], "aligned_model": [[-0.42560643518438807, 0.30766583508680745, 0.688634223517715, -0.5475767365331419, -0.7362891326097873, -0.12549134231474401, 0.23605370707952827, 0.07388929562030218, 0.6323037154872877, 0.04304853360062336, 0.4405696680780196, -0.15305293621358745, 0.11541559819806257], [-0.4086658487921408, -0.7167436919722192, -0.2461391161994994, -0.11558100581850986, 0.2131291134868329, 0.5672038147125855, 0.32256260211292115, -0.5117695702046141, 0.4625808276100716, -0.5406712651895462, -0.05830979308466759, 0.263139652257123, -0.17534283279023716], [0.18131978496337917, -0.04613408066467897, -0.21112112985230272, -0.5188980880523747, 0.10151212300420401, -0.21050603651512742, -0.7645686220774505, -0.6049866208455592, 0.11155954071152416, 0.5934333569343241, 0.49802774493408564, 0.4360926090859846, -0.17282176776401514]], "inverted": true, "swapped": false, "error_lsq": 0.05079528139913265, "error_max": 0.27065678493725503, "target": "199.xyz", "model": "7.xyz", "model_rescale": 3.7474275329858107, "target_rescale": 3.8386794326977},
{"mapping": [4, 9, 7, 12, 1, 0, 10, 11, 6, 8, 5, 3, 14], "R": [[-0.7382642416906622, -0.37008038188418857, 0.5639205798562106], [-0.6316438395241573, 0.08602294862221438, -0.7704713572233044], [0.23662622304404943, -0.925008412531904, -0.2972666602784692]], "T": [-0.09827742053930177, -0.1025713793475474, -0.08661034484838226], "aligned_model": [[-0.5453875999537678, 0.394071493482234, 0.5639453608609112, -0.3754089603228368, -0.6864691025414262, -0.08332800247025751, 0.2813373970014345, 0.15313465806437787, 0.5051508333557956, -0.06531282718071943, 0.4817598680606048, 0.08021324093307247, -0.15414236547672513], [-0.6242408320231001, -0.680195583275311, -0.15479432637437746, -0.1582901166933418, 0.36329967495987053, 0.5561773200206488, 0.22561581360566685, -0.4682439365096449, 0.43320644225765065, -0.44530948097580664, -0.1419886068676258, 0.2689107950015596, -0.11875427699808903], [0.2877949375057518, -0.021163679638989047, -0.23698116489807103, -0.6350045012406189, -0.04422489885734357, -0.0802934146549755, -0.6553362158734882, -0.521990067918459, 0.03890685188117732, 0.5021631643497514, 0.3317489385793752, 0.50014055194908, -0.07285168732119801]], "inverted": false, "swapped": false, "error_lsq": 0.041717349455981, "error_max": 0.23143820052522587, "target": "199.xyz", "model": "8.xyz", "model_rescale": 4.019505241142653, "target_rescale": 3.8386794326977},
{"mapping": [1, 9, 8, 0, 2, 3, 4, 7, 5, 10, 11, 6, 12], "R": [[0.619470715139097, -0.043378258895380606, 0.7838203619071535], [0.7817384672355537, -0.05710937808854481, -0.6209858998226504], [0.07170078053454348, 0.9974251077597481, -0.001467133665438075]], "T": [0.013260454596309167, -0.08756069336867872, 0.023419641414540594], "aligned_model": [[-0.45819582833296324, 0.3362058308376335, 0.568139145912486, -0.3230597557306803, -0.4562282190809816, -0.18823711010295643, 0.1939755807725296, 0.13170737942793218, 0.33907989604137695, -0.21004515162192405, 0.5848841542280313, -0.013119127309303154, 0.04445719877151631], [-0.5667896474828953, -0.6879425148138714, -0.32133010566394293, -0.0928712732172298, 0.2691357947798971, 0.6668423940398791, 0.2367026620664079, -0.45389462890387694, 0.49874939492173237, -0.532476055368419, -0.10304306351498094, 0.205783469847221, -0.06347354056182164], [0.08955499501353908, 0.07429216713270445, -0.28251896547330463, -0.5329135248971324, 0.0715877101724795, -0.3353776842032347, -0.7180586055598481, -0.795942161300793, 0.048054800989257906, 0.7917715693134272, 0.26889095588322764, 0.6877351971051672, 0.02583235968650229]], "inverted": false, "swapped": false, "error_lsq": 0.049015009766837106, "error_max": 0.293512168214682, "target": "199.xyz", "model": "9.xyz", "model_rescale": 3.877068213659057, "target_rescale": 3.8386794326977},
{"mapping": [2, 9, 11, 7, 4, 5, 0, 8, 12, 14, 10, 6, 15], "R": [[-0.4939241596611763, -0.833822536176416, 0.24653377591585754], [-0.779152331323568, 0.550290170233503, 0.30017057340357534], [-0.38595410231794386, -0.043825868031468124, -0.9214763828743733]], "T": [-0.04726272002835041, -0.014987034482258521, 0.04050537300466469], "aligned_model": [[-0.47086443660659005, 0.10135980567937997, 0.6426839551500448, -0.5784316610688829, -0.6993430820300781, -0.1309564983715078, 0.3884571546981552, 0.09636921115815894, 0.45956771129605456, 0.04871281262966207, 0.5219900951524539, 0.1654042579638808, 0.004614668161965707], [-0.522572915479051, -0.6579327980028191, -0.11108774433451828, -0.25893212017674216, 0.1320862205722658, 0.6738931500472884, 0.2810000278235488, -0.4633208892067368, 0.5337489383406488, -0.5677150852822828, -0.2690493972229084, 0.26427789748366176, 0.02099760156574515], [0.09772003086594808, 0.027186442008851723, -0.20320247512475778, -0.5292638089069219, -0.06556695554681682, -0.31926522761705567, -0.556408260069406, -0.5707961555879131, 0.0261192085698674, 0.5834620431252203, 0.3790527518266628, 0.5475442564944515, -0.023673036176138383]], "inverted": true, "swapped": false, "error_lsq": 0.04339193875608989, "error_max": 0.2706794769814135, "target": "199.xyz", "model": "10.xyz", "model_rescale": 4.260839863003843, "target_rescale": 3.8386794326977},
{"mapping": [9, 0, 3, 7, 6, 2, 10, 11, 4, 5, 8, 12], "R": [[-0.23740347586266003, 0.10123928685622469, 0.9661212120873709], [0.9117331556134868, 0.3664432627137767, 0.18563940359405218], [-0.335234608302008, 0.9249161810718446, -0.17929811875218918]], "T": [0.0557950796021398, 0.015699216316208353, -0.02000933089445308], "aligned_model": [[0.6090872954709757, 0.2859108330735726, -0.4324995691466951, -0.5522045501452366, -0.6081699660334395, -0.4018338378815256, 0.2267846559373541, 0.677622509939096, 0.214374581323171, -0.04377031603097318, -0.02860169165131283, 0.012198704239143834], [-0.07232971171577773, -0.6765196704052359, -0.5584046944069643, -0.1619748715675669, 0.28206015757214586, 0.3971448427221999, 0.5883547041747716, 0.11838978569599175, -0.44112941738279876, 0.06895474531141454, 0.6466113936580398, -0.01807875812328627], [-0.7056805435748977, -0.2809792741982544, 0.03234493994206115, -0.5119850577596244, 0.2539569493723431, -0.3055127713850213, -0.46393295071299034, 0.03396735216669489, 0.5055357501415371, 0.6635171508407344, 0.30377197442932996, -0.008825441866407876]], "inverted": false, "swapped": true, "error_lsq": 0.04214983956605537, "error_max": 0.23949162416239284, "target": "199.xyz", "model": "11.xyz", "model_rescale": 3.890672605050136, "target_rescale": 3.8386794326977},
{"mapping": [4, 7, 5, 10, 2, 11, 9, 12, 6, 3, 8, 0, 13], "R": [[-0.660760245196385, -0.7493522099706132, 0.04321069057734872], [-0.4921724120625629, 0.38908217214342544, -0.7787049377811041], [0.5667117566916468, -0.5358043754322207, -0.6259005161326806]], "T": [0.07468171353022618, 0.09489152173443846, 0.0038184208298755323], "aligned_model": [[-0.4869387603054747, 0.29433689640988003, 0.6418099054449382, -0.5491298721659941, -0.6249580655471243, -0.21421850833521866, 0.4399766539102482, 0.00356941205702771, 0.3882778306392228, 0.0427135189495059, 0.6224441882612592, -0.04711312083109133, 0.03879391532551829], [-0.2862619734710766, -0.7274553530741502, -0.27811640822025363, -0.10999453877632029, 0.18979322786537345, 0.4554127390717543, 0.29795756861447087, -0.4340742644808733, 0.5671608152913772, -0.5374606618537205, -0.09074796177455607, 0.07776807894310331, -0.0685883820070281], [0.17806393809308574, -0.04579396072004245, -0.37592212212218395, -0.6031587716593573, -0.08021716313740583, -0.2950515802591746, -0.6527972987189897, -0.5160569337868586, 0.10715057283953801, 0.6762557089457055, 0.43356869631225486, 0.5813713151842255, -0.014503587108804408]], "inverted": false, "swapped": false, "error_lsq": 0.042713623515232106, "error_max": 0.21953864269792445, "target": "199.xyz", "model": "12.xyz", "model_rescale": 4.124412569039231, "target_rescale": 3.8386794326977},
{"mapping": [9, 8, 1, 3, 7, 5, 0, 6, 4, 11, 2, 10, 12], "R": [[0.29771466005691094, 0.5160728115755104, 0.8031406068303023], [0.41404162966206537, -0.8278473746467077, 0.378468298801016], [0.8601950418910699, 0.21985808477993657, -0.46013792765095896]], "T": [-0.03954677625023209, -0.028994812069624946, -0.1616704238551616], "aligned_model": [[-0.49969564737433236, 0.18766922443082873, 0.6788668425760506, -0.3592640396754817, -0.5699434050442191, -0.20979033075968356, 0.11498450082978912, 0.03598816913648166, 0.5221989959003446, 0.08009183253680016, 0.6208646066822209, -0.05406527141482864, 0.0016585159887273354], [-0.46090039474062205, -0.6437755566656584, -0.32175685845777124, -0.15889122742024628, 0.1977962985920921, 0.708242278524769, 0.31967438234224405, -0.6164086058582645, 0.4901797102282217, -0.45938954526736464, -0.1459595640500005, 0.15209855312180975, -0.005516584221109101], [-0.05987722142378646, 0.1304145740596465, -0.4087261976963788, -0.7858988824445274, 0.08393674787409078, -0.12639318654675671, -0.599068721366962, -0.47288148033668087, 0.02047171464464334, 0.7277112929906733, 0.3792284259645946, 0.5535946170068312, -0.049602868863395155]], "inverted": false, "swapped": false, "error_lsq": 0.04339098528069521, "error_max": 0.22366785294473138, "target": "199.xyz", "model": "13.xyz", "model_rescale": 3.9028299243045295, "target_rescale": 3.8386794326977},
{"mapping": [2, 11, 9, 3, 0, 4, 7, 6, 10, 12, 14, 5, 15], "R": [[-0.11306604057149433, 0.5888217278589835, 0.8003155897960794], [0.17484435299720075, -0.7811201247474435, 0.5994003694856459], [0.9780825745786885, 0.20770248798630134, -0.014633994322292676]], "T": [-0.05768933312929002, -0.12196105158980314, 0.04381781840127271], "aligned_model": [[-0.6797108573887528, 0.4345696579192841, 0.5605231819767305, -0.36358055586468785, -0.8004146795464879, -0.1930502093742374, 0.4172270794486909, -0.01073363760506961, 0.45032402746020295, 0.032425470835109535, 0.7979766968733004, -0.12177702135192606, 0.025784840430540426], [-0.5155629145106315, -0.6586381827061878, -0.29114858403494437, 0.027517757446815616, 0.23326362463227251, 0.526999938505599, 0.2740103394859405, -0.46469370896331547, 0.42313413026241226, -0.4268112846293623, -0.1529047488917134, 0.20146132121381466, -0.12123480168259984], [0.02602550492122503, 0.1683787713779292, -0.3921114436299369, -0.47846188706370946, -0.05308882965294317, -0.09721529969268422, -0.6182161794800838, -0.5260398396825371, 0.03172359527432896, 0.6628379687058251, 0.26726531890160543, 0.4354714544670043, -0.03366032058403055]], "inverted": false, "swapped": false, "error_lsq": 0.048660191360307, "error_max": 0.26979914372833486, "target": "199.xyz", "model": "14.xyz", "model_rescale": 3.942246331269136, "target_rescale": 3.8386794326977},
{"mapping": [11, 9, 2, 8, 13, 12, 0, 7, 1, 10, 5, 4, 14], "R": [[-0.10722369064318682, 0.02994676191816456, 0.9937838153318211], [0.33897847838311734, 0.9407581733495579, 0.008224990520955267], [-0.934663934983008, 0.33775323940211166, -0.11102287113680342]], "T": [0.009829363241592726, -0.08984317159957267, 0.05243145108414674], "aligned_model": [[-0.6648991183100594, 0.40537490797493686, 0.6463946167372889, -0.38977972777528774, -0.6452854882186374, -0.1407292321756986, 0.2574431333045175, 0.2456162319916534, 0.4645307709506277, -0.07734052813329996, 0.628484782419956, -0.23466437550683045, 0.05441802055353062], [-0.32817756834967216, -0.7877548535322682, -0.18087216909291415, -0.19966352067698703, 0.3804337782623746, 0.7043171309158951, 0.05470033321337994, -0.6167270680908984, 0.5727022060822692, -0.5371501807339687, 0.014966015252963621, 0.019689534465751696, -0.041070751587826256], [0.09769971994124033, 0.12044110036893463, -0.35884256742030934, -0.601092069221717, 0.15535845594730377, -0.06888541261279157, -0.624703748827858, -0.5782645297752518, -0.0520754296484928, 0.6013561869633861, 0.1476158240750326, 0.573861575777216, -0.01956029170470009]], "inverted": true, "swapped": false, "error_lsq": 0.045947823589877604, "error_max": 0.284203966157897, "target": "199.xyz", "model": "15.xyz", "model_rescale": 4.355366556412066, "target_rescale": 3.8386794326977},
{"mapping": [7, 1, 2, 5, 6, 3, 8, 4, 10, 0, 11, 12], "R": [[0.24131125628102132, -0.5170546567581197, 0.821232829054476], [-0.3504981461571417, 0.742683273404981, 0.5705896992979012], [-0.9049419468300065, -0.42553030130556546, -0.0020088649313809415]], "T": [0.026825132789212863, 0.09661828182990863, -0.017886772453932852], "aligned_model": [[-0.07390499793485353, 0.46586335112566724, -0.014616429125726721, -0.5143349547393501, -0.571958524873721, -0.44909799873038536, -0.14414113211902202, -0.31956981809987994, 0.5621118460580088, 0.24184353775037584, 0.43267985329224035, -0.017066177971572935], [-0.6906720837124675, -0.4676265034262519, -0.4062769570336676, 0.5089902006087894, -0.16662786235073784, -0.24673817960045513, 0.30097412590376477, 0.5514164216954041, -0.060213799764016626, 0.036186296422646314, 0.5818091033746988, 0.07155566562327344], [0.09743481351875571, -0.02827854969456601, -0.44428586043123963, -0.1484740263423712, -0.4166534391471901, 0.4578983127030213, -0.6804700120922292, 0.4101397233473738, -0.510950415408293, 0.7239626860653032, -0.017918511873276147, 0.006853740564132474]], "inverted": false, "swapped": true, "error_lsq": 0.046207894975824, "error_max": 0.29188460731001686, "target": "199.xyz", "model": "16.xyz", "model_rescale": 3.795458400668931, "target_rescale": 3.8386794326977},
{"mapping": [0, 2, 10, 7, 3, 8, 11, 4, 9, 1, 5, 6, 12], "R": [[0.01875229776323337, -0.9748457094875397, -0.2220905086273041], [0.7968391443882356, 0.14873955300138655, -0.5855970656890048], [0.603900429954495, -0.16598912032625304, 0.7795844294456457]], "T": [-0.024431400538147907, -0.09590397320677126, -0.12240540040197492], "aligned_model": [[-0.42560643518438807, 0.30766583508680745, 0.688634223517715, -0.5475767365331419, -0.7362891326097873, -0.12549134231474401, 0.23605370707952827, 0.07388929562030218, 0.6323037154872877, 0.04304853360062336, 0.4405696680780196, -0.15305293621358745, 0.11541559819806257], [-0.4086658487921408, -0.7167436919722192, -0.2461391161994994, -0.11558100581850986, 0.2131291134868329, 0.5672038147125855, 0.32256260211292115, -0.5117695702046141, 0.4625808276100716, -0.5406712651895462, -0.05830979308466759, 0.263139652257123, -0.17534283279023716], [0.18131978496337917, -0.04613408066467897, -0.21112112985230272, -0.5188980880523747, 0.10151212300420401, -0.21050603651512742, -0.7645686220774505, -0.6049866208455592, 0.11155954071152416, 0.5934333569343241, 0.49802774493408564, 0.4360926090859846, -0.17282176776401514]], "inverted": true, "swapped": false, "error_lsq": 0.05079528139913265, "error_max": 0.27065678493725503, "target": "199.xyz", "model": "17.xyz", "model_rescale": 3.7474275329858107, "target_rescale": 3.8386794326977},
{"mapping": [0, 8, 10, 1, 2, 7, 11, 3, 12, 4, 5, 9, 13], "R": [[0.8689983699577893, 0.108186852800187, -0.482843077916517], [-0.16255927588504557, -0.8592240174851198, -0.48508614657652316], [-0.46735031275739475, 0.5000296917763195, -0.7290774941716718]], "T": [0.020839335556092756, -0.044747578540979695, -0.05440897023648461], "aligned_model": [[-0.5915571126864617, 0.21197226398055136, 0.6615597536964395, -0.4318138575053978, -0.6574874957290993, -0.0991500415491152, 0.2565986611707049, 0.1093673641500001, 0.5136480497938736, 0.029207300522535853, 0.6079385974859067, 0.016612096727104023, -0.0773315862443447], [-0.5985478508900242, -0.7353227218157197, -0.21517315322084354, -0.07999974783895145, 0.12471067488543275, 0.669109613789122, 0.2077925835044421, -0.4515888029993268, 0.4944948965687696, -0.4839914047808062, -0.12547525165272969, 0.3127430874170756, -0.06335903683834057], [0.07756920715242105, 0.004145503389898858, -0.2464293851317601, -0.5763100989770734, 0.06802196586196554, -0.2628070037607608, -0.6887414293979796, -0.5903494403856825, 0.10557242718932969, 0.6500203450912657, 0.3603408773894351, 0.5111940001065147, -0.01931815466558172]], "inverted": true, "swapped": false, "error_lsq": 0.039170934286334017, "error_max": 0.23163866091096985, "target": "199.xyz", "model": "18.xyz", "model_rescale": 3.922800546911778, "target_rescale": 3.8386794326977},
{"mapping": [0, 7, 11, 2, 1, 6, 10, 9, 4, 12, 13, 8, 14], "R": [[-0.48730940544928236, 0.26765641761389203, -0.8311976813434724], [0.15341240178390908, 0.9633029886631193, 0.2202543688819696], [0.8596477059467788, -0.02018400710463887, -0.5104884205519655]], "T": [-0.033521208552488246, -0.06523059090935258, 0.0680036434124518], "aligned_model": [[-0.7548481582457651, 0.40516303270033077, 0.6045142105881234, -0.3405255263333709, -0.6622173915343361, -0.08507918387591512, 0.20097309153659335, 0.06364305828279984, 0.4762814445725078, 0.0689795744338823, 0.5821764650043373, -0.020130998408095957, 0.0106343750916056], [-0.486627910100473, -0.7300146215995628, -0.14700238950604588, -0.18296572891638313, 0.30465333645314785, 0.609007286815998, 0.2369012784691359, -0.4932005903219999, 0.42802981440332377, -0.5858556662794475, -0.07085029311580039, 0.3217938883343058, -0.1484755185080986], [0.04445865027999005, 0.006121916914466924, -0.23772137951686378, -0.5684048330632676, -0.05813125944473879, -0.06805822242098303, -0.6421578903211754, -0.6176668100621625, -0.07574115304868695, 0.6485698885125066, 0.3724679936145874, 0.5417371220268336, 0.047434790391485994]], "inverted": true, "swapped": false, "error_lsq": 0.03711864294637276, "error_max": 0.19162150974558648, "target": "199.xyz", "model": "19.xyz", "model_rescale": 3.9282355846067225, "target_rescale": 3.8386794326977},
{"mapping": [9, 7, 5, 4, 11, 0, 3, 6, 1, 12, 2, 10, 13], "R": [[-0.5373390401114552, 0.4488068102539787, 0.7140302535899647], [0.6207255208927648, 0.783615693320901, -0.025421897915177433], [-0.570934833132912, 0.429556622869271, -0.6996531455404463]], "T": [-0.011371686502635064, -0.21239150354942982, -0.12311683273684376], "aligned_model": [[-0.5720634639675183, 0.3020209665000865, 0.6415069023583378, -0.39782172988789266, -0.5793206674630409, -0.1722920685869894, 0.22069413076072555, 0.24419108829039818, 0.4198037214865761, -0.2058757047857029, 0.6425448240522862, -0.031722888760140594, 0.03789888381557179], [-0.4664662186975889, -0.6763371340445559, -0.1824726439226063, 0.04565634002843999, 0.1925627944215017, 0.568218725867844, 0.2402240376751788, -0.5536014388895558, 0.3997304485042106, -0.6076743698697865, -0.019487932539952374, 0.18336913133356303, -0.06832885373859221], [0.19231239077207024, 0.15008139816522198, -0.36917487933180276, -0.5514105629409596, 0.04061814491564586, -0.1934680129385652, -0.6777696046954811, -0.618200161301174, -0.09319560839707369, 0.6040103829089938, 0.3393738373045582, 0.6418627077968557, -0.07213121839629691]], "inverted": true, "swapped": false, "error_lsq": 0.04016005026415545, "error_max": 0.26102013356439835, "target": "199.xyz", "model": "20.xyz", "model_rescale": 4.067790424073018, "target_rescale": 3.8386794326977},
{"mapping": [6, 11, 10, 5, 4, 8, 1, 13, 7, 3, 12, 0, 14], "R": [[-0.9259033616346014, -0.2861833588350217, -0.24658071708803597], [-0.02092515306366094, -0.6128865050254261, 0.7898938345923338], [-0.37718046460945875, 0.736525096031102, 0.5614852447156286]], "T": [-0.004766146160923149, -0.06729102278539753, -0.004772498195477856], "aligned_model": [[-0.5601904309253186, 0.20570026700780142, 0.6277053793344882, -0.3120481727318596, -0.7697741327248767, -0.17694994260496905, 0.36746966942623427, 0.10064957191958145, 0.3372927500295556, 0.0036796457518443702, 0.6282419161661149, 0.034247145946244076, 0.06354032721785696], [-0.547680674895595, -0.675619685890029, -0.357228170512938, 0.048522433157316316, 0.16760409072193813, 0.45299551256509374, 0.32657252516957047, -0.44631386872813306, 0.5957379416250641, -0.4971514460134413, -0.29152947971126875, 0.3736229988217098, -0.09413929018118773], [0.08625798425284788, 0.055827671378308144, -0.43744216590838136, -0.49531415843133325, -0.05015488332474012, -0.16232426143585194, -0.6209032509300799, -0.5838689614140327, -0.01200168200335823, 0.7293212981221271, 0.36405235774858724, 0.5506830068723604, -0.031224141064460552]], "inverted": true, "swapped": false, "error_lsq": 0.04998411405313608, "error_max": 0.29809800799840486, "target": "199.xyz", "model": "21.xyz", "model_rescale": 4.186013935880536, "target_rescale": 3.8386794326977},
{"mapping": [8, 5, 6, 1, 9, 10, 7, 0, 4, 5, 3, 11, 12], "R": [[-0.08358447717758605, 0.9636491295647991, -0.2537597096939445], [0.6057624253985583, -0.1530631482921248, -0.7807839372132084], [-0.7912430215491357, -0.21897951439326102, -0.5709487307332295]], "T": [-0.04064916241323943, -0.06970060447828283, -0.06746915648951383], "aligned_model": [[-0.6570581854984383, 0.18115542992277092, 0.49233309701392736, -0.300672105278288, -0.5872596958501035, -0.15511482791622275, 0.13671988280359354, 0.17507813114446075, 0.4112723097050508, 0.18115542992277092, 0.73724824352929, -0.06123509476199007, -0.004058620924124262], [-0.19991257461720133, -0.7213189760839418, -0.09481303962457635, -0.23931832900975128, 0.2193866874143984, 0.7417554299239537, 0.32044304886909525, -0.5997178060907117, 0.48928814518431596, -0.7213189760839418, -0.22389333577990603, 0.14486184511237277, -0.060049233086005835], [0.3692835078358552, 0.2857092640283623, -0.2260633737678564, -0.7298445278922499, -0.12311286808709572, -0.22474645393266413, -0.6629957230106752, -0.5083001238858292, 0.03700433085319703, 0.2857092640283623, 0.4052240655670513, 0.5262522877306266, -0.04121083560509191]], "inverted": true, "swapped": false, "error_lsq": 0.05647682287014806, "error_max": 0.40641062496298314, "target": "199.xyz", "model": "22.xyz", "model_rescale": 4.166573947596378, "target_rescale": 3.8386794326977},
{"mapping": [6, 13, 10, 12, 2, 3, 9, 14, 8, 5, 7, 0, 15], "R": [[0.5516361355548245, 0.24619482948119734, -0.7969226310545232], [0.02395258662090724, 0.9503755611270175, 0.3101815055845122], [0.8337408755388616, -0.19019568541171228, 0.5183644988870879]], "T": [-0.039356329511901225, 0.04016818945997247, -0.11714557171768442], "aligned_model": [[-0.658782637706268, 0.31025988343837424, 0.6062822208820317, -0.3893174898193671, -0.6432560600206663, -0.22788397925970955, 0.24195142752919646, 0.22487223522539734, 0.5038698974738256, 0.03050502058524575, 0.4728884440291204, 0.141724651402793, -0.06354961994727604], [-0.34993181277668606, -0.7232301796472314, -0.338136110021509, -0.3133647857444101, 0.275400590551908, 0.5869899380206712, 0.26591423109977885, -0.504350685456781, 0.6223532494898772, -0.5371838417331292, -0.16233792893165344, 0.21474332005637228, 0.018526901220892344], [0.09079833643670321, -0.008496721827253473, -0.1484178013012178, -0.5436698699101866, 0.06390710613341949, -0.2810661396695187, -0.5970974826364344, -0.6267142360373286, 0.02443466141538314, 0.4768628499744237, 0.3389094815862782, 0.6596999502274683, -0.056241320529744045]], "inverted": true, "swapped": false, "error_lsq": 0.04081369380392257, "error_max": 0.24592155268912058, "target": "199.xyz", "model": "23.xyz", "model_rescale": 4.274766983524099, "target_rescale": 3.8386794326977},
{"mapping": [7, 10, 9, 0, 11, 4, 3, 5, 6, 8, 12], "R": [[-0.7292385402992874, -0.05958786899884905, 0.6816600598614686], [-0.6614441995151628, -0.19371504007785867, -0.7245454120863506], [0.17522192291465843, -0.9792465313269227, 0.10185042274963751]], "T": [-0.05490479785336687, 0.12599401399775628, 0.03824478693828946], "aligned_model": [[0.3805952686504328, 0.15449854726448498, -0.5150148196446974, -0.6151379696747095, -0.5144212403975901, -0.47701669872699476, 0.023152549360786603, 0.01124751767232847, 0.6241166696888192, 0.34645599439927394, -0.03858111463405922], [-0.27485833449722125, 0.761777573092075, 0.4843534450713799, -0.2592293482424145, 0.5495430636941192, -0.24480630477771415, -0.6219332374549476, -0.004853402262637974, -0.07942722276159664, 0.5327929557568146, 0.07222734362562694], [-0.5029842162424706, -0.2875917184772849, -0.628016172609806, -0.3331947274014833, 0.1361173060950956, 0.4791145612156604, -0.034417521444427376, 0.7153420439243071, 0.3273593277018847, 0.4665337777137167, 0.04130377354638509]], "inverted": true, "swapped": true, "error_lsq": 0.043695905814635255, "error_max": 0.19784327021380804, "target": "199.xyz", "model": "24.xyz", "model_rescale": 3.7841303162186577, "target_rescale": 3.8386794326977},
{"mapping": [10, 9, 2, 0, 7, 6, 4, 8, 3, 14, 12, 13, 15], "R": [[-0.592537581180489, -0.5644516723216755, 0.5747116881550605], [0.8044894096841866, -0.4511281364690651, 0.38636795181787253], [0.04118257634928407, 0.6912869983582887, 0.7214057674471579]], "T": [-0.02120410820571174, -0.07880052354765019, -0.09934509182885529], "aligned_model": [[-0.5926187959668865, 0.19529161405990653, 0.6282065464509904, -0.5360560869917588, -0.6469168303182197, -0.11288586182497844, 0.4253563953431398, 0.06531705524350008, 0.3675025217583018, 0.0633924911208938, 0.574617002280912, 0.13934864017344312, -0.020990697516546242], [-0.48867879428414607, -0.5891333560239111, -0.3652599086136811, -0.2018413064631907, 0.0886610964053155, 0.6197726464885414, 0.33227424965434127, -0.41393657542776274, 0.5918899908044818, -0.49203599401217946, -0.1964285782602872, 0.179747443155405, -0.009638027294826934], [0.23343135425177955, 0.08728478483500735, -0.3542957738306237, -0.6103425037902231, -0.15631662269773, -0.2593964410949928, -0.533287012326844, -0.5785691507454213, 0.11993390263537348, 0.5725022298469065, 0.35489355852043336, 0.6213322015366678, -0.10426171327834044]], "inverted": false, "swapped": false, "error_lsq": 0.04519399191076445, "error_max": 0.2790271273238168, "target": "199.xyz", "model": "25.xyz", "model_rescale": 4.19342608120988, "target_rescale": 3.8386794326977},
{"mapping": [7, 1, 2, 5, 6, 3, 8, 4, 10, 0, 11, 12], "R": [[0.24131125628102132, -0.5170546567581197, 0.821232829054476], [-0.3504981461571417, 0.742683273404981, 0.5705896992979012], [-0.9049419468300065, -0.42553030130556546, -0.0020088649313809415]], "T": [0.026825132789212863, 0.09661828182990863, -0.017886772453932852], "aligned_model": [[-0.07390499793485353, 0.46586335112566724, -0.014616429125726721, -0.5143349547393501, -0.571958524873721, -0.44909799873038536, -0.14414113211902202, -0.31956981809987994, 0.5621118460580088, 0.24184353775037584, 0.43267985329224035, -0.017066177971572935], [-0.6906720837124675, -0.4676265034262519, -0.4062769570336676, 0.5089902006087894, -0.16662786235073784, -0.24673817960045513, 0.30097412590376477, 0.5514164216954041, -0.060213799764016626, 0.036186296422646314, 0.5818091033746988, 0.07155566562327344], [0.09743481351875571, -0.02827854969456601, -0.44428586043123963, -0.1484740263423712, -0.4166534391471901, 0.4578983127030213, -0.6804700120922292, 0.4101397233473738, -0.510950415408293, 0.7239626860653032, -0.017918511873276147, 0.006853740564132474]], "inverted": false, "swapped": true, "error_lsq": 0.046207894975824, "error_max": 0.29188460731001686, "target": "199.xyz", "model": "26.xyz", "model_rescale": 3.795458400668931, "target_rescale": 3.8386794326977},
{"mapping": [3, 10, 5, 0, 2, 1, 6, 7, 8, 4, 11, 9, 12], "R": [[-0.5343362252964731, 0.3679058955059311, 0.7610059463551487], [0.724880584396282, -0.2636425140150434, 0.6364281288324174], [0.43477918154072326, 0.8917050391557773, -0.1258140947707061]], "T": [0.05511593552302148, 0.016689769321352924, 0.050171227332262584], "aligned_model": [[-0.47162560452069296, 0.3928231495496911, 0.5798069087700389, -0.5756853801503192, -0.7751979813057674, -0.05541074994436211, 0.3182716720950368, 0.04048444686571319, 0.6495961446398217, 0.08605439130558214, 0.5264046615082858, -0.2288545050842445, 0.06289684008391404], [-0.4991801000532048, -0.6100090697439856, -0.18848502626998792, -0.056382032032135945, 0.3060814391406476, 0.5626918914803325, 0.33026936515895544, -0.6098240584051686, 0.4198626219498227, -0.5779800596221026, -0.04207570818922378, 0.10531485359050645, -0.08489123087635554], [0.011464810400316737, 0.07998449984189847, -0.449291637881342, -0.48650689229313476, 0.09099003254306201, -0.1498755295740011, -0.6664903769548874, -0.46700808570775937, -0.07147022110551196, 0.6369197161541229, 0.584968522711993, 0.35981727270505415, -0.08059329697781814]], "inverted": false, "swapped": false, "error_lsq": 0.05023859117599102, "error_max": 0.29879972826272844, "target": "199.xyz", "model": "27.xyz", "model_rescale": 3.6321398670334006, "target_rescale": 3.8386794326977},
{"mapping": [6, 7, 8, 9, 13, 11, 10, 12, 0, 4, 3, 1, 14], "R": [[-0.4621408838510327, 0.4388301049912404, 0.7706191941722988], [-0.872540815901607, -0.06976813982596294, -0.4835337953555914], [-0.15842451849112324, -0.895857435990014, 0.4151398876550576]], "T": [0.09738617572907264, -0.0081585868809297, -0.04069782381824281], "aligned_model": [[-0.5388057934989476, 0.46384237771409925, 0.45320808191331896, -0.3394468177326683, -0.685448405312146, -0.17081172144538764, 0.2904488372581766, 0.0318481752361703, 0.49519061872456976, -0.14346510390130568, 0.6652448186068853, -0.023484608517681915, 0.05124353476761444], [-0.4536666345009995, -0.6729935435823642, -0.23208519302681263, 0.01714787055303353, 0.2051709132783628, 0.5538012565643264, 0.36826785100956555, -0.7310266681254782, 0.47192852543917047, -0.5132593885857206, -0.05235214610187845, 0.08321993732625986, 0.011240105880634309], [-0.01443387635611134, 0.11611963815065873, -0.34115957168968014, -0.5457806687611557, 0.04951234745892521, -0.19816800742420013, -0.6931559286625142, -0.4365213179026224, -0.06676857250400679, 0.5703104360085929, 0.3428951518664092, 0.6106910116522427, -0.0006318279745455985]], "inverted": false, "swapped": false, "error_lsq": 0.04216085801502901, "error_max": 0.24762123116479023, "target": "199.xyz", "model": "28.xyz", "model_rescale": 4.156811204709835, "target_rescale": 3.8386794326977},
