[{"mapping": [3, 0, 1, 8, 5, 6, 11, 4, 12, 2, 9, 13], "R": [[0.5530854968260214, -0.6288211736943017, 0.5465165731379371], [0.07804560129989024, 0.6922060238083293, 0.7174675635324577], [-0.8294608594252364, -0.3541676892619986, 0.43192583919506905]], "T": [-0.0005989227185803289, -0.05684694905261612, -0.1563902306521575], "aligned_model": [[-0.16137380738739107, 0.6815599451683294, 0.2071626566282421, -0.5366814658716904, -0.6134156986279303, -0.591144327395617, -0.3202970677028012, -0.2576920826987545, 0.43648033331249436, 0.1998572755387678, 0.5560037339964696, -0.0026509403283380625], [-0.41820839012246214, -0.31932615656153857, -0.5424625420089486, 0.5059584060276209, -0.3367556321379241, -0.06777132789975165, 0.3559585507845776, 0.48869712382548114, -0.020868330875441286, -0.14499268293285744, 0.4064970339002194, 0.10605037574200543], [0.18532551549570014, 0.09094836150313956, -0.3888912746239113, -0.07611090054656783, -0.5006401235194111, 0.3290817738437688, -0.6194739771182729, 0.5850199110710768, -0.5342619958781256, 0.5807026316037648, -0.045714995105187894, -0.15672646551655234]], "inverted": false, "swapped": false, "error_lsq": 0.050924162054794934, "error_max": 0.2585591297929612, "target": "2.xyz", "model": "0.xyz", "model_rescale": 3.8414455957264533, "target_rescale": 3.795458400668931},
{"mapping": [10, 8, 12, 4, 1, 5, 0, 2, 13, 6, 9, 14], "R": [[0.5281627780570557, 0.5543523359833901, 0.6432243523567901], [-0.4291113536760157, -0.4794121237802998, 0.765524305113038], [0.7327397396220506, -0.6803363162159, -0.015328757822742178]], "T": [-0.054280141879051766, 0.06704046895461055, -0.08324782104123607], "aligned_model": [[-0.13247894139904087, 0.6103031977442753, 0.16177157182239893, -0.4788622569710748, -0.7106231597676622, -0.423968451294487, -0.21446166452905602, -0.249912822089022, 0.5036404677214963, 0.12897935889192003, 0.5187803218731752, -0.11535906737114186], [-0.5468839011828621, -0.35343327022759086, -0.6160176106789831, 0.40695804400975777, -0.22063279832305296, -0.11050364060397, 0.46019587965229425, 0.4979256607780326, 0.08221196676896339, -0.011622251245855683, 0.41738541783619976, 0.007192930958047475], [0.20892184869765024, -0.006872321999890421, -0.346007903095201, -0.08506566614001797, -0.5679702419497461, 0.43263145555853355, -0.6708599995636255, 0.48302996725668645, -0.596415843891795, 0.6719046838287933, 0.03662628654952163, -0.1106638040414881]], "inverted": false, "swapped": false, "error_lsq": 0.042966151514831796, "error_max": 0.21324000566885212, "target": "2.xyz", "model": "1.xyz", "model_rescale": 4.316132596720782, "target_rescale": 3.795458400668931},
{"mapping": [0, 1, 2, 3, 4, 5, 6, 7, 8, 9, 10, 11], "R": [[1.0, 0.0, 0.0], [0.0, 1.0, 0.0], [0.0, 0.0, 1.0]], "T": [0.0, 0.0, 0.0], "aligned_model": [[-0.21208210314151513, 0.44567720718579634, 0.1721135185897101, -0.5147073406615899, -0.570036388652998, -0.4731045398056597, -0.16702888902385749, -0.20407271486982667, 0.570036388652998, 0.23579468025318692, 0.3893732308433518, -0.07415449473781581], [-0.6652159195197657, -0.29669735012812354, -0.5994542713467765, 0.40682879035846176, -0.245372508847904, -0.12699347459981358, 0.3943920580808309, 0.6652159195197657, 0.021366760332745666, -0.041232950932201765, 0.4860804823140343, 0.013858892509727164], [0.12815233330294604, 0.08910540290479424, -0.5583519633956492, -0.024159835340005084, -0.4573626336397372, 0.4192906315926218, -0.7018918846615427, 0.5624084167603537, -0.5115057115782996, 0.7018918846615427, -0.09669565866808585, -0.10162252072951784]], "inverted": false, "swapped": false, "error_lsq": 0.0, "error_max": 0.0, "target": "2.xyz", "model": "2.xyz", "model_rescale": 3.795458400668931, "target_rescale": 3.795458400668931},
{"mapping": [1, 6, 8, 4, 7, 0, 9, 10, 3, 2, 5, 11], "R": [[-0.38737042137984856, 0.009636717830321335, 0.9218737930484073], [0.0648087002794955, 0.9977562352306195, 0.016802601777805293], [-0.919643403177602, 0.0662542732801421, -0.38712579643319966]], "T": [-0.06734582964819472, -0.010235381155737942, 0.021320419459626573], "aligned_model": [[-0.13650941844063005, 0.466377426817553, 0.253280657940391, -0.4791898738806639, -0.6196001579893077, -0.7369920497145387, -0.004479758424766639, -0.02728295231174216, 0.5607130621678154, 0.29666298155438486, 0.22893426288872434, -0.2041056259754386], [-0.6121019276622073, -0.25889695819387104, -0.5139767525945899, 0.48045899656786634, -0.2016107958159417, -0.13248033475896767, 0.23431320621668306, 0.5276693275117738, 0.06416579462200689, -0.15907539703936946, 0.5919235641958611, -0.0076122953082640825], [0.19232305143170614, -0.0032397563013522243, -0.4826698812296293, 0.04494761193535741, -0.4703023059183946, 0.40711577381882924, -0.8098224613438834, 0.5193808833121659, -0.4655846215799006, 0.6794006170447109, -0.18711980422234112, 0.024829354262152728]], "inverted": false, "swapped": false, "error_lsq": 0.04893130118008814, "error_max": 0.26422518934069644, "target": "2.xyz", "model": "3.xyz", "model_rescale": 3.7530521520055578, "target_rescale": 3.795458400668931},
{"mapping": [6, 4, 2, 0, 8, 5, 10, 3, 7, 9, 11], "R": [[-0.6538252470984232, 0.7316517835362606, -0.1928683849284149], [0.5465323384961833, 0.2803835744756985, -0.7891054771968853], [-0.5232733026197491, -0.6213458930518811, -0.5831932200848884]], "T": [0.022035529226377117, -0.03677328989078866, 0.06521472224159885], "aligned_model": [[-0.511102582308631, -0.2593522121871287, 0.46547103842484366, 0.39479384323702, 0.2804534031129049, -0.11350925429613976, -0.09767360924808899, -0.6168098034468904, -0.48962797494206717, 0.3417449605864524, -0.0561882064870697], [-0.6099343861521589, -0.01733890753381024, -0.40336035487663635, 0.3667777633303384, -0.7579394576702181, 0.588265058872823, -0.46217040928164743, 0.11139814780683871, 0.33204299296441575, 0.3997850648604969, -0.0803221540060956], [-0.18647173897723557, -0.6522620891616353, -0.542818397507614, -0.38435378796180414, 0.07846903169890262, -0.016727673083960087, 0.514595197528354, 0.03457365810681714, 0.699750873916738, 0.5723184469649346, -0.02424274427818121]], "inverted": true, "swapped": true, "error_lsq": 0.04354174931072936, "error_max": 0.25185563833753716, "target": "2.xyz", "model": "4.xyz", "model_rescale": 3.7855080009869324, "target_rescale": 3.795458400668931},
{"mapping": [13, 14, 12, 7, 6, 8, 0, 10, 2, 15, 3, 16], "R": [[0.6818895397181856, -0.6468677979019779, -0.34145088616134467], [-0.15788713674399912, 0.3256387165814111, -0.9322183640724921], [0.714211668676523, 0.6895806539489473, 0.11991753010147994]], "T": [-0.07235902245772846, 0.006010341781410007, -0.13636587248273146], "aligned_model": [[-0.24833909780190358, 0.5116606305913816, 0.17192722959066736, -0.6918590009309855, -0.6828398234071511, -0.41924041627678854, 0.009233557974438478, -0.13764909021689303, 0.5992833603916565, 0.14901624188631418, 0.3574827721160046, -0.02086780928496014], [-0.652102291973361, -0.2965452436207918, -0.5721899946962112, 0.41887846849404897, -0.20636725072268777, -0.1272448796835543, 0.4465966059179416, 0.49584415643787433, 0.12889770071025827, -0.16911682373600548, 0.5493792681694495, -0.0032532875559805694], [0.11018313532223961, 0.021996247758182236, -0.3991849375588141, -0.05193152821252897, -0.2273934394131808, 0.46131817326225066, -0.7748799897841021, 0.39913792315777097, -0.4184667306072404, 0.6379993998018004, -0.18538471450069877, -0.1241350780162577]], "inverted": false, "swapped": false, "error_lsq": 0.04604425073311736, "error_max": 0.25909815774520834, "target": "2.xyz", "model": "5.xyz", "model_rescale": 4.2253639853439635, "target_rescale": 3.795458400668931},
{"mapping": [11, 9, 12, 2, 6, 5, 3, 10, 0, 8, 1, 13], "R": [[0.4841763133545337, 0.48522116750217736, -0.7281028197955537], [-0.5152117795165084, -0.514481616616041, -0.6854673503614727], [-0.7071987838181322, 0.7070142040807731, 0.0008918487460393143]], "T": [0.0006434310279947661, 0.051146704245982284, -0.06998932003487013], "aligned_model": [[-0.30897190782927647, 0.5625444552467282, 0.12056335819059263, -0.556146694689053, -0.5142483725930866, -0.48988628895978087, -0.2779141622246961, -0.20197250093950678, 0.5838127273276597, 0.2179710662616706, 0.48937914834997026, -0.027322273509440796], [-0.6425321662402145, -0.1600141230131306, -0.7975074512248721, 0.4252267166033728, -0.1846146260609622, -0.021076290531420343, 0.25453391611431997, 0.5155975235824067, 0.11705804366916756, -0.12023813304383557, 0.5550625039641137, 0.07128051392203497], [0.09883530908801538, 0.04080224777860754, -0.43978534481123216, -0.05513966361051848, -0.37498275245405954, 0.3235912934165328, -0.6897060149754166, 0.5230913615926838, -0.6164615668282409, 0.6150368196923464, 0.14428164712231786, -0.12030487480161513]], "inverted": false, "swapped": false, "error_lsq": 0.04622672061983047, "error_max": 0.26986990338545414, "target": "2.xyz", "model": "6.xyz", "model_rescale": 3.89814844738969, "target_rescale": 3.795458400668931},
{"mapping": [11, 4, 10, 6, 9, 8, 5, 3, 2, 7, 0, 12], "R": [[-0.9282618566064038, 0.05709997126766486, 0.36751805241493113], [0.3579482981818739, 0.40551925659582955, 0.8410868851424721], [-0.10100961042560506, 0.9123013349826895, -0.39686689555878796]], "T": [0.04203991197697134, 0.030568364856451265, 0.0013919079265447346], "aligned_model": [[-0.2122102517983395, 0.55723871244272, 0.09907103019468796, -0.4362210331178855, -0.6544417694312464, -0.5449114993100087, -0.24139193098523457, -0.20380011488454547, 0.5566031182233446, 0.25401242582668726, 0.313977102442518, 0.10988276502908259], [-0.6974812800369837, -0.3531374549180183, -0.42902499209553296, 0.5011408662480067, -0.2411765703494237, -0.079635765211783, 0.25664934816185114, 0.5749011621471027, -0.007897684248645669, 0.015481748550299108, 0.5517427038713142, -0.07878565437720605], [0.24764571604690763, 0.05464440321202146, -0.5681913264234218, -0.08348353233061798, -0.48749850585485727, 0.31924385902777674, -0.6849974738441371, 0.545125688058306, -0.4836781018294315, 0.6227732135084063, 0.07513375671293282, -0.10745923507446373]], "inverted": true, "swapped": false, "error_lsq": 0.0406134403614021, "error_max": 0.20612324537697949, "target": "2.xyz", "model": "7.xyz", "model_rescale": 3.7474275329858107, "target_rescale": 3.795458400668931},
{"mapping": [11, 12, 10, 8, 7, 9, 3, 4, 0, 13, 1, 14], "R": [[-0.061610624004267756, -0.7411656121683889, 0.6684890921689464], [-0.49078760348210415, 0.6056929554228572, 0.6263094858130585], [-0.8690981873632562, -0.28949884125879, -0.4010720155180616]], "T": [-0.013514569600645197, 0.03208565094430988, -0.09752647765295047], "aligned_model": [[-0.180486272133829, 0.40849382419844177, 0.1677759564635629, -0.4995941754484506, -0.432095380073585, -0.6993237461329942, -0.21443177652311293, -0.1604624442343799, 0.3287398136964252, 0.24120770594285126, 0.6278107456196528, 0.010174303257198387], [-0.5110456617926845, -0.3114895575335687, -0.6054890083778334, 0.482473548128141, -0.42930497299094045, -0.22295701910056037, 0.49524823665073897, 0.5119027082475762, 0.10953326946136097, 0.010674223461056946, 0.4137761183600315, 0.06945454322766195], [0.15468133996503297, 0.19317544955402982, -0.46616676117860895, 0.06399031622834653, -0.372819828775847, 0.11450995772739475, -0.6066897443452965, 0.5028132257708593, -0.6552692867746288, 0.7643145412174912, -0.18593488896887658, -0.05734585921047568]], "inverted": true, "swapped": false, "error_lsq": 0.05888970910715329, "error_max": 0.3915040106387901, "target": "2.xyz", "model": "8.xyz", "model_rescale": 4.019505241142653, "target_rescale": 3.795458400668931},
{"mapping": [7, 8, 9, 2, 1, 0, 6, 3, 11, 4, 5, 12], "R": [[-0.744295378618827, 0.03628374308966703, -0.6668642135802911], [-0.6295639223821645, -0.37134704397924334, 0.6824592592694906], [-0.22287587801608516, 0.9277849227678153, 0.29923482431575066]], "T": [-0.08959167130096832, 0.019818952885830143, -0.19231044273600637], "aligned_model": [[-0.04835718671992886, 0.4125048525106134, 0.12749817068207073, -0.4908515014363637, -0.6344420557879806, -0.4308962262095489, -0.05501338700495234, -0.1658479565770193, 0.47500196111190207, 0.13152564066955902, 0.3314092065775017, -0.05472296318407263], [-0.6683214119947869, -0.40613451607921536, -0.5481856318236795, 0.4346399911589735, -0.30549889845856126, -0.16250327464662276, 0.563244052842861, 0.5778149356920123, 0.016160113925812302, -0.027999765622080907, 0.502208900588989, 0.03735193215727918], [0.3945000424966649, -0.04197862827522256, -0.5046929865620006, -0.06236346453965472, -0.42385235317897507, 0.33010307567383523, -0.6735124179592302, 0.4567552472136529, -0.45397849032549453, 0.605445895847593, 0.009141582129614162, -0.18630904131136122]], "inverted": true, "swapped": false, "error_lsq": 0.04377708094363671, "error_max": 0.3126605100320628, "target": "2.xyz", "model": "9.xyz", "model_rescale": 3.877068213659057, "target_rescale": 3.795458400668931},
{"mapping": [11, 12, 0, 2, 8, 10, 7, 13, 5, 6, 3, 15], "R": [[-0.7869502950403293, 0.5677949143814558, 0.24149154920720134], [0.35505586092917635, 0.7368105001693068, -0.5753656424049819], [-0.5046231948253868, -0.3670411721357857, -0.7814321526539643]], "T": [-0.08677217984941388, 0.0970284689214551, -0.018691539677186477], "aligned_model": [[-0.21380789434041553, 0.4473306830789343, 0.1640517037120222, -0.5794897612388658, -0.5722976362889506, -0.3356368067395139, -0.34894728767959754, -0.1726140102499335, 0.5826454426865502, 0.21515252699042436, 0.46719968996675265, -0.05577809526562625], [-0.6294431198155566, -0.40440401212739685, -0.5372753905405321, 0.534575110934929, -0.23769319823855084, -0.2999610540622275, 0.3969590074368332, 0.682598984460051, 0.014934414498000412, 0.06962317166021977, 0.39890110918909466, 0.023961404346116114], [0.008808174237456199, 0.12791955974732805, -0.42919370646876015, -0.09703488018527781, -0.516234876976465, 0.5139213550070463, -0.7311467693701935, 0.47867839050458766, -0.413832090758882, 0.5183326648113532, 0.0502244906673537, -0.061183850006125806]], "inverted": true, "swapped": false, "error_lsq": 0.04346952089046461, "error_max": 0.24035418655261426, "target": "2.xyz", "model": "10.xyz", "model_rescale": 4.260839863003843, "target_rescale": 3.795458400668931},
{"mapping": [3, 5, 0, 8, 1, 2, 7, 9, 6, 4, 10, 11], "R": [[0.12762188328463897, -0.9610254008662655, 0.24524035923296889], [-0.38993348020829505, -0.27596781773754775, -0.8785178681084538], [0.9119564331257985, 0.016490678063962927, -0.4099555117539726]], "T": [-0.05770186495348361, 0.03384044392186693, -0.0322520445304746], "aligned_model": [[-0.12074724601579231, 0.4931885312139753, 0.11534807152845036, -0.5620704564683738, -0.6360040355562565, -0.5498307325630841, -0.09026199527992099, -0.13073328009093582, 0.6400867365934106, 0.1872495672219953, 0.3368296352494184, -0.08524624120110602], [-0.6634428987182042, -0.30606899771531637, -0.42964250230689394, 0.5449211071374508, -0.30122632051711695, -0.18154516547482175, 0.2348948762936119, 0.6071026185563924, -0.0905066680358566, 0.05801976025111731, 0.521284934386887, 0.018985683883730883], [0.08459953404749777, 0.16163515242759152, -0.7570082431888469, -0.03697291724085604, -0.3089423153854566, 0.39409915233844295, -0.6552468939626718, 0.5170840572264798, -0.4804531131963474, 0.6573253732684647, -0.04100167910256995, -0.08585964602230686]], "inverted": true, "swapped": false, "error_lsq": 0.04033228213447743, "error_max": 0.26743722700064093, "target": "2.xyz", "model": "11.xyz", "model_rescale": 3.890672605050136, "target_rescale": 3.795458400668931},
{"mapping": [6, 0, 8, 12, 5, 11, 7, 10, 3, 2, 4, 13], "R": [[-0.8550769491544928, 0.18448024459707418, 0.48457244079502604], [-0.5173994843237733, -0.3644747238060421, -0.7742454063977411], [0.03378142457237035, -0.9127569309843193, 0.4071039182984466]], "T": [-0.08573072365494269, -0.17909069033062022, 0.04625827830445128], "aligned_model": [[-0.18894574019770077, 0.48289939201063836, 0.07150680781483884, -0.45389708992708955, -0.6333555730984761, -0.2629673472793579, -0.13325878653487896, -0.3210506258875451, 0.5977463678501024, 0.14204037883995543, 0.3641544207284705, -0.0670636496871769], [-0.7394410951028703, -0.319329075068816, -0.5309382462091707, 0.4418910963258996, -0.0950847138643687, -0.15356110047553945, 0.3009474559789963, 0.5650289597228415, 0.03209259928278824, 0.1923471787532219, 0.3529488362360751, -0.03412546783807677], [0.13235373795948294, -0.029157414700290464, -0.5625690387220703, -0.138043903266774, -0.4996558193564893, 0.5665443372982523, -0.6567841326516087, 0.4826651921590721, -0.5379709913987183, 0.6081464948968635, 0.12105361812548379, -0.037323619133782245]], "inverted": true, "swapped": false, "error_lsq": 0.04841793331153888, "error_max": 0.26858470566931775, "target": "2.xyz", "model": "12.xyz", "model_rescale": 4.124412569039231, "target_rescale": 3.795458400668931},
{"mapping": [1, 0, 4, 8, 2, 6, 10, 9, 5, 3, 7, 12], "R": [[0.1437532290551209, 0.9813625551244523, -0.1275246820652085], [-0.09943781395011467, 0.14253502641307653, 0.9847821522561453], [0.9846050631055319, -0.12888483869342482, 0.11807441747441114]], "T": [0.030880027971200284, 0.03871245343906392, 0.011545626089037662], "aligned_model": [[-0.4263282543505058, 0.4152974684927412, 0.12330750733420137, -0.6794643062549621, -0.5732497827584874, -0.3495937264513816, -0.10229102368823584, -0.15006086615735895, 0.6835533647910182, 0.3181740732960015, 0.3517995864718948, -0.013335486093144465], [-0.6238949487264117, -0.3866634567667046, -0.4487315772398099, 0.1284810335527395, -0.21325402622149525, -0.05680114267710119, 0.37504115480559014, 0.5667506280707384, 0.041311782130574334, 0.016681478911142196, 0.5577020879148834, 0.05615341398683512], [0.1331034974124831, 0.10124490052036653, -0.5984803846380967, 0.05896555603001503, -0.548753917516075, 0.5535139738148274, -0.6316947239625871, 0.32311801087947256, -0.3728456302723037, 0.6640256207618154, -0.13246156398985573, -0.10047687783064038]], "inverted": true, "swapped": false, "error_lsq": 0.051328981599134044, "error_max": 0.3339643126454265, "target": "2.xyz", "model": "13.xyz", "model_rescale": 3.9028299243045295, "target_rescale": 3.795458400668931},
{"mapping": [12, 1, 11, 4, 13, 8, 10, 0, 9, 2, 3, 15], "R": [[0.8704203420515493, -0.39014994043365403, 0.3002523141001255], [0.4607302855871006, 0.8604662043769116, -0.2175442830046797], [-0.1734820800131614, 0.32769030364783097, 0.9287211814153373]], "T": [-0.0028473311049878568, 0.02977043300383279, -0.06517133888279558], "aligned_model": [[-0.2748839831744406, 0.4825732266068155, 0.286810094106505, -0.32005111217209764, -0.6134458543866577, -0.48533234265004727, -0.2961351034118283, -0.2201188266848898, 0.49310298381217094, 0.20682754151841518, 0.2750972647581773, 0.06336466630965812], [-0.6071485130953657, -0.37742861494157504, -0.5745434072940563, 0.6254716884878244, -0.32587670751286485, -0.12303795447886633, 0.2884819377596007, 0.5558359701630267, 0.009977364996861037, -0.06868828024592886, 0.5538419242745457, 0.05589101962777883], [0.0024349107663013125, 0.07889313711986576, -0.37623410872546287, -0.12750150312318428, -0.4303232341315736, 0.518236725774289, -0.6995239553125473, 0.5375429857077275, -0.660559427490642, 0.6337507591591431, 0.12662365298587647, -0.1540814815203722]], "inverted": true, "swapped": false, "error_lsq": 0.04997627642045658, "error_max": 0.31044365751673725, "target": "2.xyz", "model": "14.xyz", "model_rescale": 3.942246331269136, "target_rescale": 3.795458400668931},
{"mapping": [2, 5, 9, 8, 7, 0, 11, 12, 10, 1, 4, 14], "R": [[0.8867387230774597, -0.4358535860443946, -0.15403275147577433], [-0.07141798337996444, -0.45837494754950736, 0.8858848001342643], [-0.4567208213393552, -0.7745476479799211, -0.4375865998449642]], "T": [0.05652516051605513, 0.11036665729882895, -0.08915485203566631], "aligned_model": [[-0.18165352330587084, 0.3209996939358637, 0.14779087970751034, -0.6866861250908524, -0.5450015427030976, -0.512106739812373, -0.10269742096880877, -0.011209084978122931, 0.5106032376648889, 0.14843673517556838, 0.5047943859033074, 0.004538059103768005], [-0.5636513580658989, -0.3658155597907073, -0.5355480513235925, 0.28870383521286963, -0.44947697240543866, -0.1675791848723065, 0.6019187750276281, 0.5752827408186709, 0.08845282905660339, -0.009749993465538495, 0.47042061012783615, 0.07981875742085479], [0.1784615678195708, 0.2365494240940499, -0.5609885767926406, -0.21029015740934587, -0.32520621026706276, 0.28517301710703613, -0.5862823102978091, 0.5796809764264864, -0.6390033766565384, 0.7069391678095892, -0.20352193447429687, -0.012253126149617752]], "inverted": false, "swapped": false, "error_lsq": 0.05284921043514738, "error_max": 0.2795973964749161, "target": "2.xyz", "model": "15.xyz", "model_rescale": 4.355366556412066, "target_rescale": 3.795458400668931},
{"mapping": [0, 1, 2, 3, 4, 5, 6, 7, 8, 9, 10, 11], "R": [[1.0, 0.0, 0.0], [0.0, 1.0, 0.0], [0.0, 0.0, 1.0]], "T": [0.0, 0.0, 0.0], "aligned_model": [[-0.21208210314151513, 0.44567720718579634, 0.1721135185897101, -0.5147073406615899, -0.570036388652998, -0.4731045398056597, -0.16702888902385749, -0.20407271486982667, 0.570036388652998, 0.23579468025318692, 0.3893732308433518, -0.07415449473781581], [-0.6652159195197657, -0.29669735012812354, -0.5994542713467765, 0.40682879035846176, -0.245372508847904, -0.12699347459981358, 0.3943920580808309, 0.6652159195197657, 0.021366760332745666, -0.041232950932201765, 0.4860804823140343, 0.013858892509727164], [0.12815233330294604, 0.08910540290479424, -0.5583519633956492, -0.024159835340005084, -0.4573626336397372, 0.4192906315926218, -0.7018918846615427, 0.5624084167603537, -0.5115057115782996, 0.7018918846615427, -0.09669565866808585, -0.10162252072951784]], "inverted": false, "swapped": false, "error_lsq": 0.0, "error_max": 0.0, "target": "2.xyz", "model": "16.xyz", "model_rescale": 3.795458400668931, "target_rescale": 3.795458400668931},
{"mapping": [11, 4, 10, 6, 9, 8, 5, 3, 2, 7, 0, 12], "R": [[-0.9282618566064038, 0.05709997126766486, 0.36751805241493113], [0.3579482981818739, 0.40551925659582955, 0.8410868851424721], [-0.10100961042560506, 0.9123013349826895, -0.39686689555878796]], "T": [0.04203991197697134, 0.030568364856451265, 0.0013919079265447346], "aligned_model": [[-0.2122102517983395, 0.55723871244272, 0.09907103019468796, -0.4362210331178855, -0.6544417694312464, -0.5449114993100087, -0.24139193098523457, -0.20380011488454547, 0.5566031182233446, 0.25401242582668726, 0.313977102442518, 0.10988276502908259], [-0.6974812800369837, -0.3531374549180183, -0.42902499209553296, 0.5011408662480067, -0.2411765703494237, -0.079635765211783, 0.25664934816185114, 0.5749011621471027, -0.007897684248645669, 0.015481748550299108, 0.5517427038713142, -0.07878565437720605], [0.24764571604690763, 0.05464440321202146, -0.5681913264234218, -0.08348353233061798, -0.48749850585485727, 0.31924385902777674, -0.6849974738441371, 0.545125688058306, -0.4836781018294315, 0.6227732135084063, 0.07513375671293282, -0.10745923507446373]], "inverted": true, "swapped": false, "error_lsq": 0.0406134403614021, "error_max": 0.20612324537697949, "target": "2.xyz", "model": "17.xyz", "model_rescale": 3.7474275329858107, "target_rescale": 3.795458400668931},
{"mapping": [3, 1, 11, 5, 10, 8, 12, 4, 7, 0, 9, 13], "R": [[0.7611654396709577, 0.6120861462779044, -0.2144241660475374], [0.43479701061354437, -0.23627781767311318, 0.8689789136895998], [0.4812262804669374, -0.7546677033041067, -0.44597973561324694]], "T": [0.05677958825380553, 0.0102935807049845, -0.036263684426454466], "aligned_model": [[-0.18162933784794694, 0.4694590608231354, 0.06627054265297058, -0.5195062378343095, -0.5482996562287268, -0.4851415211011149, -0.07567720353058435, -0.26498061382962546, 0.568252106832572, 0.2495538823974831, 0.1950258476396611, 0.12448168465826662], [-0.6131745585509786, -0.5287309654923324, -0.5065304799428, 0.4225073569170883, -0.1792295928671586, -0.12063894843866034, 0.3521742661868041, 0.5564905018803334, 0.009661616138457342, -0.06505334528319638, 0.6534884213720421, 0.03181215582138158], [0.08636520530573916, 0.09665210969280391, -0.5407827365208056, -0.18184660245322778, -0.30902630107149226, 0.41764449490751726, -0.6880379693734503, 0.4998007871386786, -0.5892688791541146, 0.7738618015585302, -0.15838057335330333, 0.04227712453254578]], "inverted": false, "swapped": false, "error_lsq": 0.04595771832468077, "error_max": 0.2638206817470807, "target": "2.xyz", "model": "18.xyz", "model_rescale": 3.922800546911778, "target_rescale": 3.795458400668931},
{"mapping": [12, 3, 7, 6, 13, 8, 10, 1, 9, 5, 2, 14], "R": [[0.27252058903340887, 0.842754544369473, -0.46421687442130477], [0.23297592349466073, -0.5259204183718245, -0.8180036262825581], [-0.9335174061712473, 0.11477147504587876, -0.33966566045318647]], "T": [-0.10950897739222071, 0.016434741899591966, -0.021389607232792478], "aligned_model": [[-0.031091360315272182, 0.44964398201233274, 0.20814804158006817, -0.5296433094910415, -0.5382728798956866, -0.6219124060284651, -0.12617925163534927, -0.02923243363571157, 0.4770166334017038, -0.016895002551547245, 0.414976791247942, -0.05875025005719253], [-0.7310148666673907, -0.28750136531991166, -0.5641958021892673, 0.562851787990412, -0.4406283742138348, -0.03502195524161401, 0.5596483240301304, 0.6041085354062093, 0.12737597214604196, -0.20963572277067008, 0.4704183643277933, -0.0436284697569178], [0.21052374846616337, 0.04279804191008501, -0.46879681395544837, 0.004750910098961822, -0.302580948882687, 0.30904281953969903, -0.6174112120499948, 0.4215304903964486, -0.574944425863433, 0.7016930414690677, -0.20011428893258468, -0.07723290098685659]], "inverted": false, "swapped": false, "error_lsq": 0.05336288519888847, "error_max": 0.30366364434593013, "target": "2.xyz", "model": "19.xyz", "model_rescale": 3.9282355846067225, "target_rescale": 3.795458400668931},
{"mapping": [0, 1, 3, 9, 4, 11, 6, 12, 5, 10, 7, 13], "R": [[0.5878718088743483, -0.6110900054234895, -0.5300714495257421], [0.7862277486137205, 0.5858325931748091, 0.196586113659839], [0.19040132258102171, -0.5323243166018232, 0.8248503854116815]], "T": [-0.060675408947255434, 0.11364771715952687, -0.12874298850131694], "aligned_model": [[-0.15410350489572866, 0.4252806080497044, 0.083534327426081, -0.5576227549252036, -0.5064139603945768, -0.5329101673567117, 0.04007112424133779, -0.12354290821067115, 0.5188105869098473, 0.13323209431826122, 0.2583609014483971, 0.013112208021043646], [-0.6484044738006891, -0.4447478443552861, -0.4939977532042575, 0.4478586299077925, -0.28025403581111274, -0.22393685268562458, 0.27425971090540485, 0.7257410521277243, 0.015606239088200982, -0.0034904972171987403, 0.6482024510245874, -0.004060198238560783], [0.09652271536195622, -0.012373135310639993, -0.5486544118075483, 0.21733680918012727, -0.34211214676959406, 0.2912500620106899, -0.7539613324200777, 0.45792878693315886, -0.5059352490683701, 0.702468698075232, -0.104976509350928, -0.04823582562458539]], "inverted": false, "swapped": false, "error_lsq": 0.046854827526374106, "error_max": 0.24868817790426748, "target": "2.xyz", "model": "20.xyz", "model_rescale": 4.067790424073018, "target_rescale": 3.795458400668931},
{"mapping": [6, 11, 3, 8, 2, 5, 0, 1, 12, 13, 9, 14], "R": [[0.7731007605087308, -0.15102572606563908, 0.6160409435801886], [0.43638422986506253, 0.8314881837247547, -0.3437967484592968], [-0.4603086117225039, 0.5346200804238981, 0.7087293923505968]], "T": [-0.10084820651205112, 0.006518753667371537, -0.018980546667024145], "aligned_model": [[-0.2831571635859932, 0.4186152352859766, 0.18991854490124982, -0.5447006250992854, -0.5088657401251572, -0.44733292329401675, -0.2852877683801723, -0.050761080214557344, 0.5683098262071193, 0.16648279303939129, 0.4055076973185719, -0.03092024142134639], [-0.7058282870038391, -0.37240537054796297, -0.5155266676780098, 0.3618966454054917, -0.35210167212242127, 0.051798337123073954, 0.23519494195522112, 0.6821899552622618, 0.088067238591579, -0.08674070567458414, 0.596129474388035, 0.030102538042135328], [0.06397751811845442, 0.04889061585533805, -0.6245119587140779, 0.02425695213997192, -0.5275422577794098, 0.4567969446211673, -0.6656236309484493, 0.44390692172393914, -0.3831113456275946, 0.6213008875470805, -0.01540337795096497, 0.006321192223966654]], "inverted": false, "swapped": false, "error_lsq": 0.04044439758404367, "error_max": 0.20160424240754363, "target": "2.xyz", "model": "21.xyz", "model_rescale": 4.186013935880536, "target_rescale": 3.795458400668931},
{"mapping": [1, 9, 2, 6, 0, 7, 5, 4, 8, 10, 11, 12], "R": [[-0.23332082118287525, -0.894189402398652, -0.3820820684623799], [-0.45627238927694036, 0.4476598229276654, -0.7690358832459534], [0.8587065279745235, -0.005098585520838028, -0.5124422925946157]], "T": [-0.030591754633766736, 0.041758422937112204, -0.06946440642416268], "aligned_model": [[-0.2831380820988214, 0.42839921525923763, 0.09991665540159428, -0.5300933205520039, -0.6109740075060252, -0.40459194223075556, -0.17596424597218768, -0.14057932326093064, 0.6519367220572014, 0.19901884345866272, 0.40318442323274295, -0.039306383156933695], [-0.6394525709184301, -0.2867529468838228, -0.304430737871045, 0.2782561293671208, -0.2597886375868223, -0.15875612057690755, 0.27063047837207316, 0.5583301306953442, -0.09459438457613181, 0.06261351906471926, 0.49974076358481084, 0.08698080507007161], [0.015947362475700666, 0.18910537079928652, -0.711974968760672, -0.002982307211147339, -0.37608184207756445, 0.5290683975203119, -0.7940492510889492, 0.4292063810295384, -0.3907600974826937, 0.7324978563083244, -0.10196643531832239, -0.06875200498439155]], "inverted": true, "swapped": false, "error_lsq": 0.045716104060819884, "error_max": 0.3403693583977433, "target": "2.xyz", "model": "22.xyz", "model_rescale": 4.166573947596378, "target_rescale": 3.795458400668931},
{"mapping": [2, 1, 6, 9, 12, 3, 14, 8, 5, 4, 7, 15], "R": [[0.8573908161343881, -0.4343758037760113, 0.2760410286576118], [0.4171722334762938, 0.27244577156811334, -0.8670297740972085], [0.3014105439841297, 0.858540018082209, 0.41480202666644667]], "T": [-0.11187873073811372, 0.05848494796085294, -0.0756945254610726], "aligned_model": [[-0.10192202951504553, 0.43801081676222076, 0.11286772042884646, -0.5914408540407028, -0.4557401864369434, -0.46127579188695067, -0.38558123533808863, -0.07791436777581254, 0.6340686319317191, 0.0842544048977639, 0.4539735405364437, -0.051492094931669535], [-0.5660486106256002, -0.3778572450440238, -0.5855060260700745, 0.41010194492395635, -0.2218786277374792, -0.10266789319316061, 0.397783668117013, 0.5735430288848623, 0.03638383162967521, -0.07100025947366087, 0.49468932000371724, 0.02523329632575582], [0.1746411241959182, 0.04810384698668563, -0.4131442106312006, 0.006978466635835026, -0.5579153461807346, 0.38623415676661677, -0.7359528693661979, 0.546913485686092, -0.4419404182492133, 0.6204512118137263, -0.10613463969100023, -0.07897634675710623]], "inverted": true, "swapped": false, "error_lsq": 0.03803356888334181, "error_max": 0.22121659471464591, "target": "2.xyz", "model": "23.xyz", "model_rescale": 4.274766983524099, "target_rescale": 3.795458400668931},
{"mapping": [3, 5, 9, 10, 1, 8, 6, 2, 4, 0, 11], "R": [[0.9678362609970859, 0.19341678894530262, 0.1608816883715157], [-0.0028583630082964356, 0.6478954458475326, -0.7617239139024982], [-0.25156470670603626, 0.7367641664767063, 0.6276095612208205]], "T": [-0.1015572711946953, 0.12194119927109867, -0.06817377083280013], "aligned_model": [[0.32179451371761364, 0.31343694301668396, -0.4347143193845116, -0.5568663682999271, -0.4898490119210056, -0.5750999459042277, 0.09673885023574268, -0.06236184863353035, 0.5711850512863224, 0.2117500418924697, -0.016119202047554917], [-0.1615156659988836, 0.522251089560417, 0.683977660711307, -0.2655305570741071, 0.38331768470730043, -0.27989898912119915, -0.668708881756401, 0.0855068116924125, -0.06909649600568457, 0.6499420532941498, 0.035341821234172385], [-0.4822299029960478, -0.3567767434866388, -0.4189912482840106, -0.26766076970056984, 0.20661545812197218, 0.38051087792919663, 0.03974777750840752, 0.7672073733146003, 0.2562520260189989, 0.2881514798911348, -0.03325989429546605]], "inverted": true, "swapped": true, "error_lsq": 0.046481839687678786, "error_max": 0.23649776846089351, "target": "2.xyz", "model": "24.xyz", "model_rescale": 3.7841303162186577, "target_rescale": 3.795458400668931},
{"mapping": [13, 9, 12, 6, 3, 11, 4, 7, 2, 10, 8, 15], "R": [[0.888912434115424, -0.18848649097765274, 0.41750152957075937], [-0.29497253394815054, 0.4617812479016924, 0.8365101812306669], [-0.3504652460532993, -0.866735785464802, 0.35488475524247787]], "T": [0.057914786035408304, 0.09416449790107476, 0.012769384548140576], "aligned_model": [[-0.3112473862910869, 0.5489062761868398, 0.18423017125524785, -0.5970636199964454, -0.5623133871850895, -0.5647481211498527, -0.166725540575548, -0.20413739924929006, 0.5033764168441269, 0.27987516488883724, 0.49517958366092735, -0.007523603756885967], [-0.5937870044298103, -0.22373639925189873, -0.5691165843223952, 0.3616230582460678, -0.176881874634535, -0.12598467414738296, 0.36327255974294126, 0.4136228749535624, 0.03479737279796495, -0.03337940047492713, 0.45532234394463034, 0.10702415531676233], [0.06218616545202076, 0.010107671878638425, -0.3325920722610434, -0.13384459286596842, -0.42409760288854237, 0.4042445628476897, -0.6458822058774746, 0.5148456313660558, -0.5928976096503633, 0.747426617197145, -0.15403076724302645, -0.006207336745710161]], "inverted": true, "swapped": false, "error_lsq": 0.04179378590653057, "error_max": 0.256049375731761, "target": "2.xyz", "model": "25.xyz", "model_rescale": 4.19342608120988, "target_rescale": 3.795458400668931},
{"mapping": [0, 1, 2, 3, 4, 5, 6, 7, 8, 9, 10, 11], "R": [[1.0, 0.0, 0.0], [0.0, 1.0, 0.0], [0.0, 0.0, 1.0]], "T": [0.0, 0.0, 0.0], "aligned_model": [[-0.21208210314151513, 0.44567720718579634, 0.1721135185897101, -0.5147073406615899, -0.570036388652998, -0.4731045398056597, -0.16702888902385749, -0.20407271486982667, 0.570036388652998, 0.23579468025318692, 0.3893732308433518, -0.07415449473781581], [-0.6652159195197657, -0.29669735012812354, -0.5994542713467765, 0.40682879035846176, -0.245372508847904, -0.12699347459981358, 0.3943920580808309, 0.6652159195197657, 0.021366760332745666, -0.041232950932201765, 0.4860804823140343, 0.013858892509727164], [0.12815233330294604, 0.08910540290479424, -0.5583519633956492, -0.024159835340005084, -0.4573626336397372, 0.4192906315926218, -0.7018918846615427, 0.5624084167603537, -0.5115057115782996, 0.7018918846615427, -0.09669565866808585, -0.10162252072951784]], "inverted": false, "swapped": false, "error_lsq": 0.0, "error_max": 0.0, "target": "2.xyz", "model": "26.xyz", "model_rescale": 3.795458400668931, "target_rescale": 3.795458400668931},
{"mapping": [1, 8, 6, 3, 0, 9, 7, 4, 5, 11, 10, 12], "R": [[0.5621908433577236, -0.2967270201531531, -0.7719420516824834], [0.6031291340259299, -0.491540017606783, 0.6281907821516132], [-0.5658415885509508, -0.8187438467568192, -0.09737458633536178]], "T": [-0.09630074547561707, -0.0895536017740027, 0.08548632752876453], "aligned_model": [[-0.1880810638311532, 0.5079998968386064, 0.22295824661875419, -0.6213484675524995, -0.684324906032153, -0.40276364024196243, -0.07455547806718238, -0.1139002002210045, 0.4641278038367048, 0.3321014079063256, 0.234636939281613, -0.07904198390426811], [-0.6711160840844498, -0.49539133840892846, -0.5688930164650423, 0.3860055088970389, -0.17164477694907207, -0.10333722198497297, 0.3837183935293498, 0.6357099146541277, -0.00550819144892023, 0.11549282347068124, 0.5322724237263716, -0.024532007195203306], [0.024538621397224736, 0.11495114261099586, -0.505694170429688, -0.12246794784806445, -0.49654616095712, 0.38592733015776637, -0.5746264358960423, 0.5008732237683463, -0.41021184474869044, 0.6202780161379136, -0.021747395372027897, -0.06601591761119324]], "inverted": true, "swapped": false, "error_lsq": 0.041214383916069665, "error_max": 0.20983665286468386, "target": "2.xyz", "model": "27.xyz", "model_rescale": 3.6321398670334006, "target_rescale": 3.795458400668931},
{"mapping": [9, 8, 12, 1, 6, 11, 4, 5, 7, 0, 3, 14], "R": [[0.08621606757384907, -0.6467646537941424, -0.7578009450341462], [0.43144217398579476, 0.7098481889442683, -0.5567523678970339], [0.8980113808847375, -0.2789462874015106, 0.340241867715308]], "T": [-0.04936855482768586, -0.07744411599005889, 0.04014878724985751], "aligned_model": [[-0.327511588230686, 0.4243632979054717, 0.2336745041687609, -0.3534087310009075, -0.48356525225390157, -0.44224362911108417, -0.25155867079789734, -0.1029010689404491, 0.46745244011272447, 0.15678003798885404, 0.38456365722139824, -0.10783644243050314], [-0.6843781352655389, -0.28083147918448337, -0.5817917520141634, 0.5078853153348281, -0.32434501129428317, -0.22164504531393014, 0.33857960432548057, 0.6757730663072411, 0.08115966562029671, 0.09950658726305646, 0.4544126738468161, -0.05154906188433976], [0.06912654485319716, 0.004916302333343801, -0.5506386700059487, -0.07037824222142469, -0.5551835678115035, 0.5273665049158506, -0.6472453307769129, 0.4893341251602634, -0.515394445677658, 0.6019342449806846, 0.05992934368429203, 0.03549165177523733]], "inverted": true, "swapped": false, "error_lsq": 0.04092937200414388, "error_max": 0.19587190674883567, "target": "2.xyz", "model": "28.xyz", "model_rescale": 4.156811204709835, "target_rescale": 3.795458400668931},
{"mapping": [8, 1, 10, 7, 0, 2, 6, 4, 3, 11], "R": [[-0.14275002219999305, 0.41782730280842384, 0.8972417601682054], [-0.5575331853540029, 0.7150720660406915, -0.4216973886536603], [-0.8177892016839796, -0.560439368171201, 0.13087603376074844]], "T": [0.004388067210724461, -0.10076827174086568, -0.005579573966260302], "aligned_model": [[-0.5270013090773137, -0.10325152902072458, 0.06514334375286635, 0.8160811430144478, -0.12829895619337442, -0.7716262011731739, -0.4367474953376045, -0.427127413651596, 0.2261695145111154, -0.07041572271405443], [-0.18760307896453, -0.5989836075676384, 0.07050211208029071, 0.2515202002538245, -0.5122442874576836, -0.3899247093979395, 0.5703605954836147, 0.23445553321471202, 0.48729819454292156, -0.0066606215613679715], [-0.5506677896117009, -0.19210694427677016, -0.609078580251549, -0.13789851808120718, 0.5574441385862557, 0.11655073173660585, -0.18187881398919775, 0.5382486355852563, 0.18417771760630247, 0.03399614967110415]], "inverted": false, "swapped": true, "error_lsq": 0.048010415497487045, "error_max": 0.24110535045962964, "target": "2.xyz", "model": "29.xyz", "model_rescale": 4.117894457231895, "target_rescale": 3.795458400668931},
