[{"mapping": [6, 8, 11, 4, 2, 7, 9, 12, 0, 1, 5, 3, 1, 13], "R": [[0.9361466356688313, 0.3195971047759629, -0.14658501678122016], [0.35133940752269766, -0.8339119594369356, 0.42561891949213243], [0.013787575839435809, -0.44994281250718154, -0.8929509327088465]], "T": [0.04443355235125814, -0.09478456064546274, 0.1127395321556466], "aligned_model": [[-0.5600635009107618, -0.05252011654435327, 0.4881537458389401, -0.6198098257870709, -0.6272416445241422, 0.001668125107797895, 0.15832856380530005, 0.5148019374054699, -0.07946122644895495, 0.22334303924079432, 0.17452150721388107, -0.3876161276571719, 0.22334303924079432, 0.07507530310415357], [-0.5627545042378999, -0.7272702705114433, -0.586774936740951, -0.3335126163573982, 0.25585393308613846, -0.22092559698668163, 0.3422325842434834, 0.24126980013482502, 0.6647630580106028, 0.17791616714124214, -0.6739751884923532, -0.09523636101306457, 0.17791616714124214, -0.13662014799290625], [0.12430364384997392, -0.33574786401698475, -0.10662249866088895, -0.5316158640555282, -0.018269330238199058, -0.6313397913434791, -0.4641375025781205, 0.08206614115219249, 0.16886379928291678, 0.588838074464375, 0.5817988045888673, 0.40690475049182806, 0.588838074464375, -0.04169728015764569]], "inverted": false, "swapped": false, "error_lsq": 0.04625900434327968, "error_max": 0.3488803302672425, "target": "20.xyz", "model": "0.xyz", "model_rescale": 3.8414455957264533, "target_rescale": 4.067790424073018},
{"mapping": [7, 9, 6, 13, 0, 8, 12, 10, 1, 3, 2, 4, 5, 14], "R": [[-0.8385289829415402, 0.20583388122715907, 0.5044814744923644], [0.4074998066477793, -0.3777010234395897, 0.8314360134578662], [0.36168087086414835, 0.9027592980588184, 0.2328359882391487]], "T": [-0.07026950152251943, -0.11924661619354526, 0.004153337878984611], "aligned_model": [[-0.5374491741651501, -0.20324016446615809, 0.5570079861940107, -0.4688353545387837, -0.7733325670000246, 0.26297586705833437, 0.17254946255610334, 0.5495006701400735, -0.2563097353543939, 0.05799819538781342, 0.08157852155647916, -0.29351333070025193, 0.4362782019213032, -0.05268575950467893], [-0.5416249558825519, -0.7193040767011679, -0.5776734699741805, -0.1520823942378287, 0.033637380857643284, -0.24977193965619532, 0.3455733668805944, 0.1590054628156214, 0.6836017984665999, 0.3646561149542643, -0.5977880319072353, -0.10717467286684604, -0.0852934520979573, -0.03287904322592439], [0.13180400872016854, -0.29208900696542406, 0.08412174989566215, -0.6399849028185958, 0.09273199735287985, -0.7002705840280958, -0.5501668564904916, -0.07856313723200227, 0.26744280907412205, 0.6064509609500588, 0.5450276476332637, 0.4999695293921008, 0.42436684523706647, 0.021342096522969818]], "inverted": true, "swapped": false, "error_lsq": 0.041008303135606945, "error_max": 0.29780009889591275, "target": "20.xyz", "model": "1.xyz", "model_rescale": 4.316132596720782, "target_rescale": 4.067790424073018},
{"mapping": [0, 1, 3, 9, 4, 11, 6, 12, 5, 10, 7, 13], "R": [[0.5878718088743483, -0.6110900054234895, -0.5300714495257421], [0.7862277486137205, 0.5858325931748091, 0.196586113659839], [0.19040132258102171, -0.5323243166018232, 0.8248503854116815]], "T": [-0.060675408947255434, 0.11364771715952687, -0.12874298850131694], "aligned_model": [[-0.15410350489572866, 0.4252806080497044, 0.083534327426081, -0.5576227549252036, -0.5064139603945768, -0.5329101673567117, 0.04007112424133779, -0.12354290821067115, 0.5188105869098473, 0.13323209431826122, 0.2583609014483971, 0.013112208021043646], [-0.6484044738006891, -0.4447478443552861, -0.4939977532042575, 0.4478586299077925, -0.28025403581111274, -0.22393685268562458, 0.27425971090540485, 0.7257410521277243, 0.015606239088200982, -0.0034904972171987403, 0.6482024510245874, -0.004060198238560783], [0.09652271536195622, -0.012373135310639993, -0.5486544118075483, 0.21733680918012727, -0.34211214676959406, 0.2912500620106899, -0.7539613324200777, 0.45792878693315886, -0.5059352490683701, 0.702468698075232, -0.104976509350928, -0.04823582562458539]], "inverted": false, "swapped": true, "error_lsq": 0.046854827526374106, "error_max": 0.24868817790426748, "target": "20.xyz", "model": "2.xyz", "model_rescale": 3.795458400668931, "target_rescale": 4.067790424073018},
{"mapping": [12, 7, 2, 3, 11, 0, 5, 8, 6, 4, 10, 13], "R": [[0.6765566998761656, -0.7355138148606492, -0.03592297317604368], [0.6284234379007633, 0.602104368328312, -0.4924980328254621], [0.3838684860074575, 0.3106280054809918, 0.8695718645754607]], "T": [0.09602665183529793, -0.07071720010990948, 0.021832246553204787], "aligned_model": [[-0.19492888923747595, -0.2422328050604224, -0.7174699866722878, 0.23427033638506226, 0.3307203999395336, 0.13803135966838187, -0.21163590119452705, 0.797377916598949, 0.3004684370678078, 0.623863306263955, -0.468825147320841, 0.003664799305429317], [-0.1571119902850466, -0.5409670820505978, -0.06305445369592123, 0.09222526409527429, 0.5614340601769652, 0.6621088006555004, -0.37832443462209064, -0.2234657320433227, -0.5971966846396566, 0.2122014393852191, 0.4708535657163363, 0.04706629259704995], [-0.772318342829696, -0.2073911482715897, 0.1517580400436854, 0.7434232014455209, -0.22038005710715064, 0.34026378600693297, 0.5681029623961191, -0.2299531154812068, 0.3502633091482342, 0.22360775202302136, -0.3385535184041695, 0.07994856166939915]], "inverted": true, "swapped": true, "error_lsq": 0.04644265573971162, "error_max": 0.23901866906417385, "target": "20.xyz", "model": "3.xyz", "model_rescale": 3.7530521520055578, "target_rescale": 4.067790424073018},
{"mapping": [7, 10, 1, 0, 5, 11, 6, 9, 8, 4, 13], "R": [[-0.6092375053583546, -0.4959380312651873, -0.6187690451287452], [-0.7336693062024517, 0.05640238965540145, 0.6771618119604601], [-0.30093024308158534, 0.866524229081894, -0.3982169624876465]], "T": [-0.12396445552275656, -0.14266661435836842, 0.0512795679079002], "aligned_model": [[-0.5218950425708252, -0.26788012362018543, 0.46411153645914816, 0.44802827791961297, 0.25824154686471423, -0.10419200273351889, -0.013030517842391148, -0.6828395650381044, -0.39699290472316595, 0.18275261423624953, -0.028104216506328883], [-0.6160637553768888, 0.06872933924261601, -0.2688769330670596, 0.33492808936015156, -0.7269825435856088, 0.5487381312868032, -0.5348226461865284, 0.26449340239833746, 0.21720054133769123, 0.3037366704648715, -0.12387693756003881], [-0.023848131023274793, -0.77141987919819, -0.3956414311652714, -0.24013868832527427, 0.06483017080545303, -0.13562067055098334, 0.5619177590262147, 0.06871969281203619, 0.6633029949976099, 0.3768814588073274, -0.07615249894033091]], "inverted": false, "swapped": true, "error_lsq": 0.04339932460286437, "error_max": 0.18693699848831524, "target": "20.xyz", "model": "4.xyz", "model_rescale": 3.7855080009869324, "target_rescale": 4.067790424073018},
{"mapping": [9, 10, 7, 15, 14, 8, 13, 6, 12, 1, 5, 2, 4, 16], "R": [[0.8533350931913501, -0.4710021593186958, -0.22355353865514146], [0.1365168399480135, 0.6156855417354832, -0.7760763275016792], [0.5031723076031892, 0.63173434259585, 0.5896858055322944]], "T": [-0.02345801373144451, -0.07654387888423418, 0.06944566852362474], "aligned_model": [[-0.6318506358292569, -0.05963297308528181, 0.5841876982317152, -0.4502543412364055, -0.6507549659233749, 0.14581019044408694, 0.029960323450387967, 0.5709117030415339, -0.23699434781948808, 0.09805510124627967, 0.20707365252933616, -0.5876376277805612, 0.5905795788367751, -0.07693053702107024], [-0.44557335018302624, -0.7509302378259065, -0.510237526358252, -0.24181527969234723, 0.15201681686496532, -0.2266402323376211, 0.40450133006156247, 0.1296259724964391, 0.5677961778706692, 0.3525394890954843, -0.7228905360564292, -0.03942638317652607, -0.07472204560129073, -0.07136210773288575], [0.04516221862611297, -0.2041574843518986, 0.0058376442705808385, -0.6160091918348515, -0.039897555602180834, -0.5969845481523651, -0.4696365395656622, -0.10461093213214781, 0.11733500236197039, 0.681185780990481, 0.49862441244352196, 0.5449552290820532, 0.4817020204478396, 0.06867710066022895]], "inverted": true, "swapped": false, "error_lsq": 0.03367431563383628, "error_max": 0.2256264979229127, "target": "20.xyz", "model": "5.xyz", "model_rescale": 4.2253639853439635, "target_rescale": 4.067790424073018},
{"mapping": [3, 4, 1, 2, 6, 10, 5, 8, 11, 12, 0, 7, 9, 13], "R": [[-0.1427504198758607, 0.8250832718418819, -0.5466808137770716], [-0.054289677929745705, 0.5449786261131809, 0.836690461251994], [0.9882686621033525, 0.14911703996017817, -0.033002422607509685]], "T": [0.021539398963905394, -0.11063923924416855, 0.010058356429615087], "aligned_model": [[-0.6005354871748381, -0.10590118194634701, 0.5364685214377771, -0.36545856925224224, -0.5681226655267344, 0.2903810055159993, -0.06877319698575535, 0.6443816301325522, -0.10531155247229973, -0.16406510984721334, 0.07471226423425409, -0.5045253010934759, 0.502055027120726, -0.032782565057725914], [-0.43830292869248577, -0.7597644878948491, -0.6172381383683314, -0.20670656967127513, 0.1456797810294105, -0.16733367052888054, 0.2980762489418731, 0.24103221144069173, 0.6488333906347253, 0.38883882286936045, -0.6134098359471151, -0.16087375074000013, -0.09770082376282199, -0.13824816188546593], [0.10316482962524284, -0.24154971599250616, -0.11998523700251598, -0.529548215674928, 0.027867839008797704, -0.7200254787817472, -0.46484853042333835, -0.17503519139082926, 0.12259257077243073, 0.7764893032508723, 0.6325188152673665, 0.6017708214286418, 0.3862680798383429, 0.01250326731785282]], "inverted": false, "swapped": false, "error_lsq": 0.04193169632196035, "error_max": 0.3151704051710873, "target": "20.xyz", "model": "6.xyz", "model_rescale": 3.89814844738969, "target_rescale": 4.067790424073018},
{"mapping": [4, 8, 6, 0, 5, 9, 11, 1, 10, 12, 7, 2, 13], "R": [[0.11002096211347014, 0.08917286232280891, -0.9899210011514977], [0.7326624947590594, 0.6657415833013075, 0.14139948032754338], [0.6716405710415784, -0.7408348971860232, 0.007911917739519485]], "T": [0.01576198506222344, 0.12779745908015572, -0.10306345715534994], "aligned_model": [[-0.02078307676572525, -0.1212821082525636, 0.5877755137523303, -0.18155560136157772, 0.6492090350180629, -0.5604974459478261, -0.5720630556141687, 0.20879395153923513, -0.5747296388875016, -0.5466580278192068, 0.13652087092888007, 0.1499660062748504, -0.006064621960566254], [-0.2199536340986759, 0.4018952313339665, 0.3437088694218817, -0.6469307660748463, 0.03782744585883738, 0.45132635370099855, -0.22486203416159956, -0.463414979242875, -0.08019531130315549, 0.6816922032274076, 0.6404367701935371, 0.04311625873153686, -0.000865142116528328], [-0.6294677510101123, -0.7992752832982357, -0.33333903105932094, -0.13560474528143163, 0.1768300652273443, -0.3072176825712694, -0.3115249037257426, 0.3149165770529444, 0.48879209828445225, 0.21265585930163722, 0.22967668855157286, 0.7053514025285599, -0.009518263164102522]], "inverted": false, "swapped": true, "error_lsq": 0.04394171257849841, "error_max": 0.1954032158271747, "target": "20.xyz", "model": "7.xyz", "model_rescale": 3.7474275329858107, "target_rescale": 4.067790424073018},
{"mapping": [11, 9, 8, 7, 10, 5, 6, 3, 0, 1, 4, 12, 2, 14], "R": [[0.33828954418350765, -0.8335888008881609, -0.4366805415059772], [-0.6109930073895351, 0.15836546620580147, -0.7756338853057617], [0.7157148379188509, 0.5291975908365966, -0.45574354700372427]], "T": [-0.0971956266542239, -0.1300754775294995, 0.13364244712873805], "aligned_model": [[-0.5900886679263504, -0.15481029229169532, 0.45667067813948115, -0.3715366956416226, -0.7095003643885213, 0.20241491998531772, -0.059858663489779584, 0.4638703503849345, -0.06016415769184438, 0.07845989062871375, 0.3272690130710708, -0.5860164159311755, 0.6098638769393188, -0.07405065270317099], [-0.4796653191935302, -0.732137642643375, -0.5089387620177568, -0.20280645494397082, 0.21452844646671182, -0.22075063152503221, 0.36947388570567435, 0.19683472621639975, 0.5257463970174088, 0.35833401788764213, -0.6528233311828555, -0.1400085931328081, -0.060369929259960986, -0.14453472196971134], [-0.012382715294383256, -0.32954449108333395, 0.011556231946755896, -0.48548986079518586, -0.152004893840523, -0.5105881022960229, -0.5113338960581529, -0.17044508152135598, 0.0813014803891996, 0.6771524507940705, 0.5321274493172916, 0.5099377938770405, 0.5850818016032264, 0.18681499020505593]], "inverted": false, "swapped": false, "error_lsq": 0.04366424226349625, "error_max": 0.28725869721907077, "target": "20.xyz", "model": "8.xyz", "model_rescale": 4.019505241142653, "target_rescale": 4.067790424073018},
{"mapping": [4, 9, 11, 0, 3, 1, 10, 6, 5, 7, 12, 2, 13], "R": [[0.11186183994031651, 0.9283227094783064, 0.35454742395344363], [-0.5708768935023656, 0.35206921204522656, -0.7417188432249395], [-0.8133796783976448, -0.11943289746426317, 0.569341094400391]], "T": [-0.12483969140117034, -0.13635972124450252, 0.05573356208440295], "aligned_model": [[-0.1943386496995432, -0.63947214470207, -0.13784056852253718, 0.3859595537929632, 0.3250836644837095, 0.6229137306386985, 0.2409922410654376, -0.28084911335882673, 0.2754163909517184, -0.27557235893068455, -0.49171349467615033, 0.4659912094231822, 0.02313031127527869], [-0.5533131918130708, 0.2293477248548666, 0.03942567633512409, -0.24253877668925075, -0.7308874007058366, -0.17100566703572365, 0.6033727990339612, -0.6257492366000061, -0.42558035881670914, 0.14311303597558395, 0.6241184571055551, 0.2704306546946407, -0.09735548822507582], [-0.4140403655830224, -0.2268196667323264, -0.6387400821367456, -0.5509023480716008, -0.04654488787044258, 0.02159744375630327, -0.19164700429397027, 0.45946988269181066, 0.549531743116326, 0.5917115628371039, 0.15508595506763723, 0.4608960566890397, 0.007105204573766288]], "inverted": true, "swapped": true, "error_lsq": 0.04278250813979053, "error_max": 0.22357816376013057, "target": "20.xyz", "model": "9.xyz", "model_rescale": 3.877068213659057, "target_rescale": 4.067790424073018},
{"mapping": [13, 14, 10, 2, 4, 9, 8, 11, 1, 5, 6, 3, 12, 15], "R": [[-0.41994163408805596, -0.8219871950765958, 0.3846895827671495], [0.2542886875087085, 0.30032671943453104, 0.9193155742174669], [-0.8711981906343422, 0.48388109357961373, 0.08290235166535007]], "T": [-0.058054898825548526, -0.09054748990112903, 0.03157117295119543], "aligned_model": [[-0.5199595310451115, -0.04283256339026913, 0.45367986698725066, -0.48046872334086344, -0.6869151213172355, 0.09702607614678045, 0.18372951155042355, 0.6624101363033019, -0.19332672363063663, -0.09110907052231969, 0.0699970815329138, -0.3620431933988276, 0.43946470069376864, 0.002870372515500985], [-0.710302373341137, -0.7596337159491083, -0.5618151127945894, -0.20549631970361015, 0.14427289165765933, -0.2562756957481902, 0.3649042491517336, 0.016607668323212935, 0.7594173894070948, 0.4342295268362336, -0.5403917366853295, -0.11551995487923548, -0.019076184573746227, -0.028038544276152447], [0.0452273492111677, -0.370440579682174, -0.1071556684701564, -0.4671358405696591, 0.11808642430759922, -0.5882105280435976, -0.5423860973233124, -0.08718564363801878, 0.14187913984340328, 0.609941250566042, 0.43350079251944673, 0.5881040430348694, 0.5843471821289348, 0.05361133335913787]], "inverted": true, "swapped": false, "error_lsq": 0.038734401062824296, "error_max": 0.22442025551139855, "target": "20.xyz", "model": "10.xyz", "model_rescale": 4.260839863003843, "target_rescale": 4.067790424073018},
{"mapping": [2, 10, 11, 0, 4, 3, 5, 7, 9, 8, 6, 13], "R": [[0.998820051743522, 0.03766396194455908, 0.030658281192967853], [0.01657066864258966, 0.3290933845792949, -0.9441519777911193], [-0.045649941684582425, 0.9435459555298741, 0.3280809543807917]], "T": [0.07347492322666296, 0.04329170750417559, 0.023891680089992047], "aligned_model": [[0.5401031552642982, 0.24687153599454384, -0.37778297908570135, -0.5535419110287951, -0.5328422777379781, -0.4238221138727615, 0.23752624579993065, 0.6877252128122529, 0.1406658546087725, -0.17703580402759475, 0.13713804991961975, 0.03389368044754342], [-0.02950547095147789, -0.6894659348687302, -0.508837073792812, -0.21517764980989923, 0.10042387475937521, 0.47484148990418296, 0.5790705965862037, 0.13011544947294035, -0.43261791259882704, 0.10491254257745784, 0.6721455907426035, -0.012826996488083775], [-0.6511452627762516, -0.39471816357853867, 0.0937721908930951, -0.40065568957180564, 0.19266138181082557, -0.3405469448445733, -0.39290359078598786, 0.080953015109276, 0.5213052278258828, 0.739481525842152, 0.18922121130777023, -0.12124682383634011]], "inverted": false, "swapped": true, "error_lsq": 0.0435651108811553, "error_max": 0.23913705351402953, "target": "20.xyz", "model": "11.xyz", "model_rescale": 3.890672605050136, "target_rescale": 4.067790424073018},
{"mapping": [10, 12, 5, 4, 2, 7, 3, 8, 1, 6, 9, 11, 6, 13], "R": [[0.4734549080558073, 0.8807104700443297, -0.013766553387230152], [-0.43743601142163907, 0.24866636140677262, 0.8641844575183266], [0.7645195785258839, -0.40313038667286394, 0.5029867845098841]], "T": [-0.017536280584037077, -0.037917540599161886, 0.09684307636500605], "aligned_model": [[-0.7184272564832167, -0.12444125630722574, 0.5053687515790128, -0.48436689965676805, -0.7263704198404246, 0.2855868307566027, 0.1585586222810517, 0.6217831439948566, -0.23601043974848215, 0.2510171317087816, 0.18558481220911321, -0.4004135609962957, 0.2510171317087816, -0.03636377212111103], [-0.5841511642040212, -0.6982027537532102, -0.6020907045985726, 0.06383549834905444, 0.016829164703707475, -0.4112072278940706, 0.358351511361908, 0.21461739147069478, 0.6700429297242009, 0.18388224787102211, -0.621207910706587, -0.14291426320574055, 0.18388224787102211, -0.10878487956457193], [-0.0027620077881776173, -0.23137470225280493, -0.018270563993178723, -0.4157703608234032, 0.08583876131020797, -0.6072416905536093, -0.7186473157579456, -0.11923058533099548, 0.3342442234286842, 0.5559098062878165, 0.5704827936859471, 0.4778192439677081, 0.5559098062878165, -0.0547242512243829]], "inverted": true, "swapped": false, "error_lsq": 0.05102147362934068, "error_max": 0.33092801768134134, "target": "20.xyz", "model": "12.xyz", "model_rescale": 4.124412569039231, "target_rescale": 4.067790424073018},
{"mapping": [2, 7, 6, 10, 5, 1, 12, 0, 9, 11, 4, 8, 13], "R": [[-0.4952011984216285, 0.42981754466565036, -0.7550050671216548], [0.3538115223806627, 0.8934846937658608, 0.2765908686793611], [0.7934690792415673, -0.13016136256092817, -0.5945290909483082]], "T": [0.20236067942847094, 0.1695592795082961, 0.02702063760256137], "aligned_model": [[-0.21509536709438068, -0.021974954713406242, 0.7323265790132092, -0.5801257298965423, 0.4981773259921465, 0.17734622433493197, -0.5179280170706732, 0.22155815988211497, -0.14423894620857627, -0.02583634353718478, 0.5852685416851438, 0.5092793796190783, 0.14854145550389627], [-0.26813725704729807, 0.46823801866626524, 0.37082586461407474, -0.17439049691479244, -0.12725450221624265, -0.564879644773639, 0.618301041118968, -0.47804040082236043, 0.6341341414010281, 0.03380000405555203, 0.08682868992151664, 0.7295155558325949, 0.018544362672809594], [0.5863670432123818, 0.5255808750952742, 0.3517851077255437, -0.08090489001542231, 0.5856656437046396, 0.17356257645482295, 0.07810263393865083, -0.44249304587929617, -0.3504230303048395, -0.6384556648786858, -0.4688675186468704, -0.38634537358669824, 0.01812372414833805]], "inverted": false, "swapped": true, "error_lsq": 0.049789461439773856, "error_max": 0.2723586535970261, "target": "20.xyz", "model": "13.xyz", "model_rescale": 3.9028299243045295, "target_rescale": 4.067790424073018},
{"mapping": [6, 3, 0, 7, 9, 4, 10, 5, 14, 12, 2, 1, 8, 15], "R": [[-0.7678420815253906, 0.6182280481535506, 0.16796612252179488], [-0.5459504326333068, -0.4942804188568115, -0.6764798538332389], [-0.3351964542566952, -0.6111308763358191, 0.7170511760277318]], "T": [-0.004694941084322182, -0.08629851483064857, 0.09788342215388737], "aligned_model": [[-0.5653898793676454, -0.07492084120737137, 0.5528942393551691, -0.49194901259779694, -0.726381642483364, 0.3215510573963079, -0.028045922699388423, 0.4446645365471672, -0.3818027007332853, 0.17204020390620905, 0.14494440388194862, -0.4085600153778806, 0.6750818273098489, -0.10160343484524259], [-0.44662806026664137, -0.6322233666907782, -0.678665684895027, -0.08972759108285641, 0.09751680501523932, -0.20448429493293774, 0.36025556266973136, 0.1469204217248591, 0.7096651047503171, 0.33611295107088224, -0.6220529456092421, -0.20647245022914437, -0.17689451109463752, -0.07043985300492869], [0.11174225033624327, -0.19490288953358573, -0.06152752769418576, -0.6657916835466773, -0.11711818174102889, -0.4843183845589557, -0.49826822765878565, 0.021812263691394232, 0.012546989728689811, 0.6218810661953296, 0.5802992447540121, 0.592504471806551, 0.45313413667834324, 0.04018962878633807]], "inverted": true, "swapped": false, "error_lsq": 0.04350916012799195, "error_max": 0.3415146893731602, "target": "20.xyz", "model": "14.xyz", "model_rescale": 3.942246331269136, "target_rescale": 4.067790424073018},
{"mapping": [10, 9, 2, 6, 11, 7, 8, 0, 13, 12, 5, 4, 1, 14], "R": [[0.6897286167528258, 0.16262431129537147, 0.7055691097319523], [0.6205428051134295, 0.36935087918990206, -0.6917416823233965], [-0.373096585690877, 0.9149498682536398, 0.15383652468922182]], "T": [-0.10679774162776623, -0.12347444874878283, 0.10753427108663746], "aligned_model": [[-0.7042300502655274, -0.1762072919053792, 0.5345968054287148, -0.29434660202713936, -0.6571039885687484, 0.2567400852524956, 0.03409574964548662, 0.5588407013995914, -0.40502802300560936, 0.19086749873041586, 0.2618108303158736, -0.5666923781615332, 0.5105492776371027, -0.011369795391066972], [-0.5134272070454484, -0.8284091552992465, -0.49100317177265534, -0.1696302961858001, 0.22906970393599768, -0.3508664630983269, 0.3600932332480608, 0.028637908251115368, 0.583923673130462, 0.4727710904089631, -0.5612386856235884, -0.07869474940730203, -0.055917705491188074, -0.1024260876262072], [0.11099821908552282, -0.27510352103958835, -0.08268557908189669, -0.4173318566532731, -0.18740077200260094, -0.6321363504512689, -0.4799623223782308, -0.1654213606198877, 0.3750720122304352, 0.5807814790865824, 0.38188760493225327, 0.4683052216036734, 0.628072627046914, 0.1071077554850482]], "inverted": true, "swapped": false, "error_lsq": 0.04585189910450743, "error_max": 0.2609580772349746, "target": "20.xyz", "model": "15.xyz", "model_rescale": 4.355366556412066, "target_rescale": 4.067790424073018},
{"mapping": [0, 1, 3, 9, 4, 11, 6, 12, 5, 10, 7, 13], "R": [[0.5878718088743483, -0.6110900054234895, -0.5300714495257421], [0.7862277486137205, 0.5858325931748091, 0.196586113659839], [0.19040132258102171, -0.5323243166018232, 0.8248503854116815]], "T": [-0.060675408947255434, 0.11364771715952687, -0.12874298850131694], "aligned_model": [[-0.15410350489572866, 0.4252806080497044, 0.083534327426081, -0.5576227549252036, -0.5064139603945768, -0.5329101673567117, 0.04007112424133779, -0.12354290821067115, 0.5188105869098473, 0.13323209431826122, 0.2583609014483971, 0.013112208021043646], [-0.6484044738006891, -0.4447478443552861, -0.4939977532042575, 0.4478586299077925, -0.28025403581111274, -0.22393685268562458, 0.27425971090540485, 0.7257410521277243, 0.015606239088200982, -0.0034904972171987403, 0.6482024510245874, -0.004060198238560783], [0.09652271536195622, -0.012373135310639993, -0.5486544118075483, 0.21733680918012727, -0.34211214676959406, 0.2912500620106899, -0.7539613324200777, 0.45792878693315886, -0.5059352490683701, 0.702468698075232, -0.104976509350928, -0.04823582562458539]], "inverted": false, "swapped": true, "error_lsq": 0.046854827526374106, "error_max": 0.24868817790426748, "target": "20.xyz", "model": "16.xyz", "model_rescale": 3.795458400668931, "target_rescale": 4.067790424073018},
{"mapping": [4, 8, 6, 0, 5, 9, 11, 1, 10, 12, 7, 2, 13], "R": [[0.11002096211347014, 0.08917286232280891, -0.9899210011514977], [0.7326624947590594, 0.6657415833013075, 0.14139948032754338], [0.6716405710415784, -0.7408348971860232, 0.007911917739519485]], "T": [0.01576198506222344, 0.12779745908015572, -0.10306345715534994], "aligned_model": [[-0.02078307676572525, -0.1212821082525636, 0.5877755137523303, -0.18155560136157772, 0.6492090350180629, -0.5604974459478261, -0.5720630556141687, 0.20879395153923513, -0.5747296388875016, -0.5466580278192068, 0.13652087092888007, 0.1499660062748504, -0.006064621960566254], [-0.2199536340986759, 0.4018952313339665, 0.3437088694218817, -0.6469307660748463, 0.03782744585883738, 0.45132635370099855, -0.22486203416159956, -0.463414979242875, -0.08019531130315549, 0.6816922032274076, 0.6404367701935371, 0.04311625873153686, -0.000865142116528328], [-0.6294677510101123, -0.7992752832982357, -0.33333903105932094, -0.13560474528143163, 0.1768300652273443, -0.3072176825712694, -0.3115249037257426, 0.3149165770529444, 0.48879209828445225, 0.21265585930163722, 0.22967668855157286, 0.7053514025285599, -0.009518263164102522]], "inverted": false, "swapped": true, "error_lsq": 0.04394171257849841, "error_max": 0.1954032158271747, "target": "20.xyz", "model": "17.xyz", "model_rescale": 3.7474275329858107, "target_rescale": 4.067790424073018},
{"mapping": [3, 8, 4, 10, 11, 5, 12, 9, 7, 2, 0, 1, 2, 13], "R": [[-0.6840374428983228, 0.3773833216357335, -0.624239221183918], [-0.13202414385260697, -0.9056885675291838, -0.40286206583261375], [-0.7173997505945412, -0.19315808861685196, 0.6693486017381185]], "T": [-0.05467439966738517, -0.09072953386752926, 0.005204477887190192], "aligned_model": [[-0.6298963784206576, -0.10843742157072704, 0.5825157165792614, -0.41656622700726226, -0.7026487466806508, 0.18963408164438011, 0.023584169810451153, 0.5234385948490731, -0.1611387902753471, 0.24956463708975613, 0.17722431536335076, -0.4465389531302061, 0.24956463708975613, 0.002223183743498308], [-0.44494877399706123, -0.7870864224283024, -0.5966098875507404, -0.2532595647703448, 0.21809433689570618, -0.22215894765565536, 0.42130031980267646, 0.20995788147631567, 0.6421029380069039, 0.07830375477383196, -0.6435218282978771, -0.06671253661420519, 0.07830375477383196, -0.11088293699024361], [0.07030122427639979, -0.16523927368053218, -0.16002156586965777, -0.559647418473963, -0.0753791697443168, -0.6628221771354533, -0.5341821631851024, -0.14677120990900544, 0.14319427365187906, 0.6238312471542948, 0.588116183007609, 0.5747514666352603, 0.6238312471542948, 0.0922204933619754]], "inverted": true, "swapped": false, "error_lsq": 0.04063687545141487, "error_max": 0.31877117778934316, "target": "20.xyz", "model": "18.xyz", "model_rescale": 3.922800546911778, "target_rescale": 4.067790424073018},
{"mapping": [9, 11, 4, 7, 3, 13, 12, 8, 0, 1, 10, 2, 6, 14], "R": [[-0.4496894844344765, -0.8642550407631153, 0.22548301954825986], [-0.8798703303835478, 0.3852111734484904, -0.27828142870336087], [0.153647548954747, -0.3235360511071112, -0.9336577822383401]], "T": [0.05065015131367546, -0.0035988324655513437, 0.022907983618487233], "aligned_model": [[-0.6265542955531977, -0.03969562352462017, 0.5029941982110067, -0.4580564980785229, -0.5182469667697123, 0.31619302628211443, -0.0912600953534132, 0.6124142813621296, -0.4637058348443137, 0.17916988659551686, 0.010945524674367192, -0.4190966444988471, 0.5488315061152831, -0.021409645533114634], [-0.4294953896866336, -0.6664309333053928, -0.5683145273128775, -0.2606864056150794, 0.23240000237276745, -0.2830992941213677, 0.3703464010673635, 0.21323723013419577, 0.6059163955021434, 0.33308639261547357, -0.677160046028604, -0.14462518955241238, -0.1667504446453766, -0.035542103999363944], [0.1737371770988792, -0.22149917632965144, 0.041567735005145524, -0.5368549516093685, -0.14974734522043764, -0.5455814360788954, -0.6543220281023557, -0.085691455462757, 0.2726513359941007, 0.6695212844336428, 0.4648802468547756, 0.5449984711955581, 0.4711988056127262, -0.032675506147679716]], "inverted": false, "swapped": false, "error_lsq": 0.045305011683811576, "error_max": 0.30159410557298005, "target": "20.xyz", "model": "19.xyz", "model_rescale": 3.9282355846067225, "target_rescale": 4.067790424073018},
{"mapping": [0, 1, 2, 3, 4, 5, 6, 7, 8, 9, 10, 11, 12, 13], "R": [[1.0, 0.0, 0.0], [0.0, 1.0, 0.0], [0.0, 0.0, 1.0]], "T": [0.0, 0.0, 0.0], "aligned_model": [[-0.6111794342420066, -0.13118926846424508, 0.49568673402329755, -0.4729225819047428, -0.6123593868697516, 0.19176264474779572, 0.06646125336253231, 0.6123593868697516, -0.2818606738475914, 0.036518609493961816, 0.18015924460194013, -0.4630646256632685, 0.555989816145799, -0.03383889916879578], [-0.509256447367755, -0.6860356874545577, -0.6433103791467665, -0.22057458877185596, 0.1552074797815759, -0.2107653813545157, 0.3653454689319868, 0.10554821051230676, 0.6860356874545577, 0.31524451024101735, -0.6295925141186741, -0.13276261648191182, 0.08470227422754242, -0.15690392902811479], [0.08552519027065754, -0.2713765054038046, -0.1384291448909436, -0.5422602248498735, -0.01715996713766429, -0.637569756458388, -0.5375403651721534, -0.04442221234668932, 0.16891173791397635, 0.6145828790011265, 0.5598127023761167, 0.5303851538742089, 0.637569756458388, 0.00415391360872534]], "inverted": false, "swapped": false, "error_lsq": 0.0, "error_max": 0.0, "target": "20.xyz", "model": "20.xyz", "model_rescale": 4.067790424073018, "target_rescale": 4.067790424073018},
{"mapping": [5, 13, 11, 1, 8, 10, 9, 12, 0, 2, 6, 4, 3, 14], "R": [[-0.6118014448879695, 0.6905984683883657, -0.3857107044050453], [-0.5628356209671426, -0.037437640383242765, 0.8257205864292508], [0.5558012736613005, 0.7222687716786448, 0.4115978202739875]], "T": [-0.0717523364273139, -0.08938520693109014, 0.060164084972312334], "aligned_model": [[-0.553604870822137, -0.05456635019052203, 0.49260737773536134, -0.5028524149859201, -0.6060792882645123, 0.20280494554035458, 0.08018445956023454, 0.5751177763396111, -0.07855221294585316, -0.05454283818955019, 0.0616973112664749, -0.6183773575219765, 0.6233783496397082, -0.034692068076597096], [-0.4287296204128025, -0.6906102902387561, -0.3989059086131417, -0.09610324804252164, 0.10936218112132234, -0.3614770841178809, 0.19810977225621595, 0.20347739097430778, 0.5864359143602009, 0.16107570527363357, -0.5426832202726191, -0.2085517686815817, 0.09404000922576927, -0.10255774540731011], [0.026554190686190887, -0.2981047333135617, -0.0008875508749097011, -0.6379853914789755, 0.04743298102310768, -0.6622424009074609, -0.6457479112680256, -0.2275934915651165, 0.27851610171791874, 0.7606604062809356, 0.6296103118685821, 0.6341613947309074, 0.5150195961147191, -0.007210345770629081]], "inverted": true, "swapped": false, "error_lsq": 0.04763480824102605, "error_max": 0.2804651809698327, "target": "20.xyz", "model": "21.xyz", "model_rescale": 4.186013935880536, "target_rescale": 4.067790424073018},
{"mapping": [2, 10, 1, 6, 8, 5, 7, 12, 0, 11, 9, 4, 13], "R": [[-0.3895534668581896, -0.13546350281837394, -0.9109872314489056], [-0.8050438887589579, -0.4303914314018483, 0.40824937593059807], [-0.4473839890190754, 0.8924196631518406, 0.05860640911483489]], "T": [0.058458868030752814, -0.1082396883474199, 0.09005717053754785], "aligned_model": [[0.07861464313104126, -0.43641820684729216, 0.44971743099468575, 0.47277008847150326, -0.07855056306341454, 0.5931259890780666, -0.15391771615917657, -0.7504208664418158, 0.2876192414016232, -0.22634231552022635, -0.5583483639411053, 0.29161315222869066, 0.08911152209064527], [-0.2869276014074541, 0.24623862251685372, 0.18184802304346723, -0.538435992155042, -0.10763524531051913, -0.4321928746091218, -0.6647782563433837, -0.3320035699092355, 0.6378817970118346, 0.5382169592595536, -0.022414230940874663, 0.3109309785138492, -0.011771950123834196], [-0.7139208047927681, -0.5195953180807031, -0.4793869908286112, 0.35486163965432876, 0.8382881706759099, -0.22119121103328088, -0.09231274255242063, -0.04572812224315785, -0.08596907909205027, 0.20982886977684762, 0.39106822463017815, 0.5015214785194656, -0.0345845532983919]], "inverted": false, "swapped": true, "error_lsq": 0.05147348451997046, "error_max": 0.3455455290221815, "target": "20.xyz", "model": "22.xyz", "model_rescale": 4.166573947596378, "target_rescale": 4.067790424073018},
{"mapping": [0, 1, 6, 4, 8, 2, 3, 12, 9, 10, 5, 7, 14, 15], "R": [[-0.7851313046261549, -0.6193255624690118, -0.0021638318959519842], [-0.48051993076692445, 0.6113614417039825, -0.6287589233827048], [0.3907293572689182, -0.4926185494579655, -0.7775972827229709]], "T": [0.043386774561287915, 0.001287284925147028, 0.004398652089524915], "aligned_model": [[-0.5863767394253637, -0.058685708399160395, 0.5303928047426424, -0.5074972911285387, -0.703947916689476, 0.15554771761765854, -0.09086843949449244, 0.692124475656114, 5.203562142627044e-05, -0.08671669005918745, 0.03413580863302381, -0.3778765675771134, 0.49432963232965804, 0.03790969725748527], [-0.5180983934136414, -0.6750547724686393, -0.5594780105133208, -0.1488408461892588, 0.30994220275206014, -0.29663502391390295, 0.27135240995573057, 0.09311902557160501, 0.5990746050891991, 0.13552410218605548, -0.6885696810392066, -0.26093675173934944, 0.3289834540996947, -0.06750023295218965], [0.024202601840903528, -0.19620466415866314, -0.16135731904174141, -0.458031671074664, -0.012983556503532587, -0.5884516324999377, -0.5156657840692227, -0.004965204875347105, 0.039349854274703694, 0.7296536406897335, 0.4681591154121286, 0.5193407836110937, 0.5658641656843204, 0.0032728279539081355]], "inverted": true, "swapped": false, "error_lsq": 0.04665222984262881, "error_max": 0.32221621203544965, "target": "20.xyz", "model": "23.xyz", "model_rescale": 4.274766983524099, "target_rescale": 4.067790424073018},
{"mapping": [12, 6, 8, 11, 4, 0, 10, 1, 2, 5, 13], "R": [[-0.9496726063207026, 0.1689790087714005, 0.2637575314539449], [0.10386307955498228, -0.6245215415567116, 0.7740706071392868], [0.29552394405428334, 0.7625083204308419, 0.5755403198424393]], "T": [-0.017375646180200523, 0.19943200795546295, -0.07894507249779603], "aligned_model": [[0.32815592017393796, 0.12578539009534576, -0.4455283804060158, -0.5745944196994283, -0.6206173166290817, -0.5343002758026888, 0.11244975570407398, 0.04554072692383663, 0.5985821461765916, 0.36851483477015917, -0.024093677348655605], [-0.2989404201520956, 0.8367894497989932, 0.5264013791187312, -0.24594134597363387, 0.3732469803852201, -0.12133317135980604, -0.6458085318817195, -0.005321759408053017, -0.14665880018741434, 0.5414114367334301, 0.10174131416983133], [-0.6747866662310611, -0.06778877041122738, -0.6159719299493028, -0.1461238293605836, -0.00644895306304058, 0.4407621674222718, 0.02568830569864916, 0.6391205380507758, 0.3447686998932306, 0.39204193289957934, 0.04830493907228592]], "inverted": true, "swapped": true, "error_lsq": 0.05112777557660555, "error_max": 0.3227074079464065, "target": "20.xyz", "model": "24.xyz", "model_rescale": 3.7841303162186577, "target_rescale": 4.067790424073018},
{"mapping": [11, 7, 0, 6, 3, 1, 4, 8, 5, 12, 10, 13, 9, 15], "R": [[-0.6879684871149178, 0.021791865918966424, -0.7254133134404009], [-0.5603098857490164, -0.6512208734409853, 0.5118243897341007], [-0.4612506831092348, 0.7585753018484916, 0.4602296369821638]], "T": [0.059985236012079744, -0.147549381667925, 0.08037774106665707], "aligned_model": [[-0.5848511333218206, -0.037222052393869616, 0.44907105580772766, -0.4414530979280318, -0.6318307924300636, 0.4297743438412286, -0.06356499792914513, 0.5979756376707083, -0.1691773231198665, -0.09736891462712474, 0.23950148917733668, -0.5482840553824674, 0.38567729599593303, 0.004275363724131544], [-0.5526977224311805, -0.7565901427458996, -0.6110393490137088, -0.19352508022028755, 0.24325977042019012, -0.09492563377030419, 0.3581156857965122, -0.025384455291227376, 0.6989529045433897, 0.39249409619623465, -0.7667146337662988, -0.0524266701730747, 0.027369207561058595, -0.14400588968056788], [0.17768369116088695, -0.1255971470303712, -0.33809474829835034, -0.4377653710568339, -0.05251573908891488, -0.5626799162948999, -0.4541711548237095, -0.13198949304780475, 0.09641352526320268, 0.5890668599999533, 0.5158813698927134, 0.5630371822622933, 0.5336644910734711, 0.039249607232046776]], "inverted": false, "swapped": false, "error_lsq": 0.043064000101878996, "error_max": 0.27509435505918595, "target": "20.xyz", "model": "25.xyz", "model_rescale": 4.19342608120988, "target_rescale": 4.067790424073018},
{"mapping": [0, 1, 3, 9, 4, 11, 6, 12, 5, 10, 7, 13], "R": [[0.5878718088743483, -0.6110900054234895, -0.5300714495257421], [0.7862277486137205, 0.5858325931748091, 0.196586113659839], [0.19040132258102171, -0.5323243166018232, 0.8248503854116815]], "T": [-0.060675408947255434, 0.11364771715952687, -0.12874298850131694], "aligned_model": [[-0.15410350489572866, 0.4252806080497044, 0.083534327426081, -0.5576227549252036, -0.5064139603945768, -0.5329101673567117, 0.04007112424133779, -0.12354290821067115, 0.5188105869098473, 0.13323209431826122, 0.2583609014483971, 0.013112208021043646], [-0.6484044738006891, -0.4447478443552861, -0.4939977532042575, 0.4478586299077925, -0.28025403581111274, -0.22393685268562458, 0.27425971090540485, 0.7257410521277243, 0.015606239088200982, -0.0034904972171987403, 0.6482024510245874, -0.004060198238560783], [0.09652271536195622, -0.012373135310639993, -0.5486544118075483, 0.21733680918012727, -0.34211214676959406, 0.2912500620106899, -0.7539613324200777, 0.45792878693315886, -0.5059352490683701, 0.702468698075232, -0.104976509350928, -0.04823582562458539]], "inverted": false, "swapped": true, "error_lsq": 0.046854827526374106, "error_max": 0.24868817790426748, "target": "20.xyz", "model": "26.xyz", "model_rescale": 3.795458400668931, "target_rescale": 4.067790424073018},
{"mapping": [10, 9, 12, 2, 5, 0, 11, 1, 4, 7, 3, 6, 13], "R": [[0.6287440071924536, 0.6392305913677443, 0.44279252983673967], [0.15903592050873191, 0.45168352701243586, -0.8778892683098174], [-0.7611757677484987, 0.6223875340053417, 0.18233268524110954]], "T": [0.007032064387721401, 0.026309800859012786, 0.03483179834567885], "aligned_model": [[-0.0342678026294118, 0.5036395637521075, 0.693062739603695, -0.15382693751472343, -0.2894371266964254, -0.6649057268552281, -0.13413238571432762, -0.6341508895240928, -0.28637016653000785, 0.43984918036777654, -0.6714219764633131, 0.04434032112488999, -0.1127024100996823], [-0.72086853887482, -0.36502739016948543, -0.40672487196141116, -0.0639054434072798, 0.5213233457570614, -0.3759940780713267, -0.5729202296633449, -0.06618650241252007, 0.014091874967177311, 0.21036911111979462, 0.3275126465176088, 0.6738009753188732, -0.0535893958634127], [-0.392079432015418, 0.3152975176961207, -0.21940673151474388, -0.7681014501680442, -0.35856083167421776, 0.19868594658119898, 0.4013821221397179, -0.3417709762068112, 0.5944153024978414, -0.3736890588949956, 0.1586543704463407, 0.11361839005320498, -0.03630850684076802]], "inverted": false, "swapped": true, "error_lsq": 0.05406960032945884, "error_max": 0.30849471537457956, "target": "20.xyz", "model": "27.xyz", "model_rescale": 3.6321398670334006, "target_rescale": 4.067790424073018},
