[{"mapping": [2, 8, 6, 7, 12, 11, 1, 5, 0, 3, 13], "R": [[0.7231912618769117, -0.6044887313535378, -0.3340475601040525], [-0.6198088492222739, -0.781423562601444, 0.07220946085540142], [-0.30468243987903326, 0.15482438269813192, -0.9397861572461587]], "T": [0.023557403306323776, 0.061789922098436055, -0.026091689158515452], "aligned_model": [[-0.19432633747292097, -0.6779411247571918, -0.5800695276314525, -0.5086781272404617, 0.4633744565143327, -0.17038362533796028, 0.5631149144578007, 0.00825472756010015, 0.45799430552984755, -0.036223430613839105, -0.07549887345215411], [0.7527860734504609, -0.27550889937759504, 0.35570288103838354, -0.16814825861444754, -0.18599261767205558, -0.6008733645947291, 0.1707325212875179, -0.18598740814451, 0.5344577653567052, 0.5066884365620073, -0.02642499572088102], [-0.2835974943948948, 0.042526470087428686, 0.33968964579648064, -0.5111156633592759, -0.30943702733423706, 0.07552566526822467, 0.14726723234517503, 0.6885924950615366, -0.45418294405241233, 0.24166168527708265, -0.12067416409059886]], "inverted": false, "swapped": false, "error_lsq": 0.050275767140921745, "error_max": 0.24296878800814142, "target": "200.xyz", "model": "0.xyz", "model_rescale": 3.8414455957264533, "target_rescale": 3.6805086415714396},
{"mapping": [4, 9, 7, 6, 10, 8, 11, 13, 3, 0, 14], "R": [[-0.24605261245093407, 0.47743126671852654, -0.8435149657626793], [-0.8482248738813332, -0.5271791374444473, -0.050958025592885536], [-0.4690124467805381, 0.7029520201285946, 0.5346828799971636]], "T": [-0.07769187997166234, 0.10768301675890067, -0.08763956193827163], "aligned_model": [[-0.16503512060729025, -0.6398465815954748, -0.5675242507513338, -0.46361001884220115, 0.28253174808604636, -0.06298067016070721, 0.6239152311972003, -0.06434365608451655, 0.325273784525927, -0.025501146285949364, 0.0067380380744002655], [0.632744016661715, -0.16432487086574743, 0.39890374321538347, -0.27734094780488333, -0.26311163891637146, -0.6689827326334559, 0.05609045030501446, -0.1803416478328687, 0.603644215380035, 0.6126423116433761, 0.12750923441865958], [-0.1994400071275213, 0.1871394046979333, 0.20936168242553013, -0.6469703322217669, -0.5361164972671556, 0.0568467402750471, 0.39335011651019414, 0.6135812436181433, -0.5404287454865981, 0.42986368185280577, -0.1109313866721022]], "inverted": false, "swapped": false, "error_lsq": 0.03945928723411806, "error_max": 0.21851528918958438, "target": "200.xyz", "model": "1.xyz", "model_rescale": 4.316132596720782, "target_rescale": 3.6805086415714396},
{"mapping": [1, 2, 8, 0, 5, 4, 3, 6, 9, 10, 11], "R": [[-0.5295200747408414, 0.6477943480715027, 0.547696059008161], [0.846144577510392, 0.3573682075922594, 0.3953824960112128], [0.060397387329376245, 0.6727930192926447, -0.737361314956835]], "T": [0.016093088322575222, 0.15621366933501835, -0.04669229318926777], "aligned_model": [[-0.3632981282302371, -0.7691747337019861, -0.5520610186134083, -0.23233976558010283, 0.4139896110153, -0.09150783693876441, 0.538950102244331, -0.024400234807519572, 0.2489480181221626, 0.07183250399951317, 0.008678840046812457], [0.4625215379111772, -0.13314190161891892, 0.44394226445170604, -0.21029628363481, -0.1237044255375298, -0.5946410432574547, -0.14346785636320053, -0.12168950180262994, 0.6185104789561637, 0.6211576570733339, 0.058241207393019606], [-0.2850933373474574, -0.027898597551506872, 0.379276346662123, -0.6015486980926176, -0.46987558599388635, 0.09103560012694359, 0.21374682635141157, 0.7261117448779715, -0.5777400751393974, 0.37515602599106995, 0.03308565071985523]], "inverted": false, "swapped": false, "error_lsq": 0.04719876203767821, "error_max": 0.24812508733723085, "target": "200.xyz", "model": "2.xyz", "model_rescale": 3.795458400668931, "target_rescale": 3.6805086415714396},
{"mapping": [3, 10, 5, 2, 1, 0, 7, 4, 8, 9, 11], "R": [[-0.6260783826821938, 0.7196365110458023, 0.3002484816079395], [-0.49977074762850854, -0.07476520856122454, -0.862924888622201], [-0.5985441157950596, -0.6903140267723245, 0.4064621580030405]], "T": [-0.08654705798675735, 0.02644967520173086, -0.06990761863517292], "aligned_model": [[-0.2208764465952396, -0.7273687230978448, -0.5477091183708234, -0.5103122324235144, 0.27388416207805577, 0.15360488743779419, 0.5840469674088122, -0.21669272604313433, 0.34415319941946276, 0.1350345641298555, -0.018147176387322897], [0.7980074336399152, -0.2768882614330203, 0.44255212104280434, -0.29130861371702516, -0.2232218955101652, -0.6962352860777534, 0.058145703665168136, -0.18076322420745014, 0.5559778851511439, 0.7495813057304523, -0.0584150347132132], [-0.22393445488744584, 0.12073452026016038, 0.2587455787882258, -0.6241440827666728, -0.5215958787665342, 0.10970706346240561, 0.2942370112845651, 0.5226121301734186, -0.45024970172527906, 0.3573357224203854, 0.012807992361280232]], "inverted": true, "swapped": false, "error_lsq": 0.045386476371062516, "error_max": 0.25441805743079093, "target": "200.xyz", "model": "3.xyz", "model_rescale": 3.7530521520055578, "target_rescale": 3.6805086415714396},
{"mapping": [9, 6, 8, 4, 2, 0, 1, 7, 3, 5, 10], "R": [[-0.06738789482019097, -0.22366528651283707, 0.9723336419361586], [-0.36251341016777344, -0.9024563652831333, -0.23271556932978887], [0.9295390788343625, -0.3681661966681442, -0.020267031126408985]], "T": [-0.045123155056646734, 0.14332420055014167, -0.05133064749052199], "aligned_model": [[-0.3255450782298485, -0.6947330399373778, -0.7644043231476962, -0.319299226948388, 0.38641356144234085, -0.1332046736839599, 0.6923663670698027, -0.14115043675250394, 0.4120042945050373, 0.17947924827258213, -0.04230933503388775], [0.5718436696005478, -0.20906984085924613, 0.3493155123727391, -0.3194637797086886, -0.14005993859762322, -0.6585225252856814, -0.050932342512399476, 0.0474764692507698, 0.5801940465202722, 0.6576351094515225, 0.04901575333864429], [-0.23867625990727134, -0.03864287052522856, 0.4794062673149976, -0.5516961852142322, -0.49272103594473693, 0.12043622973732157, 0.156754601964706, 0.5324012379913962, -0.4758880848694538, 0.39877799649877177, -0.0338959964417607]], "inverted": true, "swapped": false, "error_lsq": 0.052327401641730324, "error_max": 0.3118990859268299, "target": "200.xyz", "model": "4.xyz", "model_rescale": 3.7855080009869324, "target_rescale": 3.6805086415714396},
{"mapping": [5, 2, 3, 1, 6, 12, 8, 14, 7, 10, 16], "R": [[0.0066171467158720465, -0.7412797816036423, -0.6711635409905679], [0.0627541903867252, -0.66954746153601, 0.7401135779997503], [-0.9980070766072993, -0.047015764763984114, 0.04208791875836154]], "T": [-0.005554694294699888, 0.0077662191437867095, -0.006829685484568756], "aligned_model": [[-0.300844955278627, -0.6972329168154677, -0.5491238670161493, -0.4427044777859601, 0.45779913018263263, -0.11244643803906683, 0.6437054507526108, -0.21317459986439813, 0.32759828544552405, 0.1675907501143326, -0.03154900413933018], [0.7061548431513911, -0.12190653989570611, 0.39449684523786344, -0.35962633970704716, -0.08078972700463306, -0.6637175601033036, 0.15899357491252153, -0.3483272541453635, 0.5527027379691349, 0.6476671483398836, -0.008215595183884244], [-0.28995551659878005, 0.2180078105704456, 0.18653158961218613, -0.5038475055714857, -0.45798170621699347, 0.020537308093215828, 0.21878375579046272, 0.5296298298797952, -0.39852185341319807, 0.2956793721792561, 0.03739281627960518]], "inverted": true, "swapped": false, "error_lsq": 0.04413510078958277, "error_max": 0.24136503883421814, "target": "200.xyz", "model": "5.xyz", "model_rescale": 4.2253639853439635, "target_rescale": 3.6805086415714396},
{"mapping": [4, 6, 2, 0, 9, 12, 8, 11, 1, 10, 13], "R": [[-0.15740403356027008, 0.9335614987746969, -0.3220045003171532], [-0.8152316440468735, -0.3068622380466214, -0.49115469396683004], [-0.557334133858307, 0.1851985282516057, 0.8093702294808293]], "T": [-0.11045103198059941, 0.08080348186448977, -0.004043511435823731], "aligned_model": [[-0.39338928138158386, -0.6182582594865322, -0.5060907776937735, -0.18713567696609437, 0.3561129449491794, -0.17082360855725714, 0.5811769404510498, -0.045712048433782404, 0.2635552978928494, 0.140116495366165, -0.16993466858411943], [0.6207482315264963, -0.14857906758051304, 0.5318194686401962, -0.16364474234586882, -0.17704097869111984, -0.8504563005663228, 0.12965635337492604, -0.4353893145488204, 0.5277133093119692, 0.7562565924126443, 0.08634858203726986], [-0.36365013893991394, 0.31725608991151366, 0.29633189255388936, -0.7639298057130994, -0.3014165382517046, 0.01726691074306356, 0.251160368420972, 0.5746685497427216, -0.4502459915989484, 0.29510776146685036, -0.016293197730834732]], "inverted": false, "swapped": false, "error_lsq": 0.04700005460175689, "error_max": 0.2456178679977386, "target": "200.xyz", "model": "6.xyz", "model_rescale": 3.89814844738969, "target_rescale": 3.6805086415714396},
{"mapping": [0, 5, 2, 6, 8, 9, 11, 10, 7, 4, 12], "R": [[0.1242546093951897, -0.36128671831656145, 0.9241388960605967], [0.817794223930218, -0.4901637065919149, -0.3015827383098172], [0.5619371845236987, 0.7932284966566221, 0.23455309151971093]], "T": [-0.06398829565130476, 0.1881804259309982, -0.10640563754562704], "aligned_model": [[-0.41901897410403577, -0.6455140675371107, -0.48668653691543257, -0.34450510747195956, 0.3552993505602614, -0.08522308624614922, 0.6539816864191139, -0.16904886005309863, 0.3435325608316776, 0.12793089840811536, -0.08113050633528081], [0.5458397904969008, -0.3117068749082674, 0.44516653446213245, -0.20093168498682534, -0.2261245986015777, -0.6811157696467822, -0.05540656603224153, -0.06758801305384748, 0.6309370336724955, 0.6113652187983953, 0.1869970633704745], [-0.4179235082433081, 0.014081154747466393, 0.40038049227167904, -0.5831423934716087, -0.43842369232000217, 0.09809151905319727, 0.1773633731216992, 0.5736299839323644, -0.3694037694374227, 0.3403352744174868, 0.06126746653295789]], "inverted": false, "swapped": false, "error_lsq": 0.042064324311033026, "error_max": 0.19983032158214326, "target": "200.xyz", "model": "7.xyz", "model_rescale": 3.7474275329858107, "target_rescale": 3.6805086415714396},
{"mapping": [7, 8, 9, 3, 0, 2, 12, 4, 10, 11, 14], "R": [[-0.05070699791926348, 0.9260339831152182, -0.37401853226515336], [-0.5111741595812334, 0.2976628925414627, 0.8062864137391064], [0.8579800574246674, 0.2320729724022454, 0.45827105138984175]], "T": [0.01743421912978846, 0.05581678456198749, -0.01766298125203003], "aligned_model": [[-0.23138791984611012, -0.5825685732804365, -0.5172488063389028, -0.37056776946830705, 0.268339955499316, -0.11061326883432748, 0.5535629437220815, -0.24394337322701784, 0.3834657330959689, 0.07119912547725099, 0.02937931075658552], [0.6437538385527661, -0.20135751270815214, 0.5271608088185029, -0.2898080149565866, -0.11707226768598727, -0.7693126328427699, 0.21971857171842857, -0.36279067583693414, 0.6020524132103848, 0.6139365349225252, 0.011151070378678837], [-0.2549290673750154, 0.17999416073901153, 0.25120373881893504, -0.5117606353511777, -0.6019308348060516, 0.08889583447530203, 0.2399118887048845, 0.589523476236648, -0.39569859923924844, 0.2508358729220735, 0.02021006547914804]], "inverted": false, "swapped": false, "error_lsq": 0.04563450518813539, "error_max": 0.2224510048665106, "target": "200.xyz", "model": "8.xyz", "model_rescale": 4.019505241142653, "target_rescale": 3.6805086415714396},
{"mapping": [4, 2, 0, 5, 11, 6, 9, 1, 8, 7, 12], "R": [[0.15579192376247458, -0.2784214177165546, -0.947739621756467], [0.10006233080381408, 0.9589674827116748, -0.26527136493738257], [0.9827087088473855, -0.053505899285384934, 0.17725888495973016]], "T": [-0.09026143358978116, -0.05167146086203815, 0.032631687910502964], "aligned_model": [[-0.40772437006267864, -0.6343141494205602, -0.4472313520936044, -0.3028628040343146, 0.34863206654533596, -0.14388717544319302, 0.5640726481994688, -0.023730827355688558, 0.35033318640521227, 0.03365726052236652, -0.08732712570624335], [0.6360285096526108, -0.25328071298589416, 0.42259483508281, -0.12465336980526547, -0.1782064278802014, -0.7522633554745892, 0.07283236342612431, -0.11366156260694413, 0.39132522557555355, 0.8293964045860482, -0.0526797759993958], [-0.3048304666539414, 0.14809819418773987, 0.29775436873056677, -0.5998230673044975, -0.38999216571568274, -0.15272503568150678, 0.18653350264016844, 0.7019867565327828, -0.22381957066095165, 0.1998069366765472, -0.006733552146715602]], "inverted": true, "swapped": false, "error_lsq": 0.04817363831798378, "error_max": 0.30933762851834296, "target": "200.xyz", "model": "9.xyz", "model_rescale": 3.877068213659057, "target_rescale": 3.6805086415714396},
{"mapping": [1, 2, 8, 4, 3, 13, 12, 10, 5, 0, 15], "R": [[0.9968172629469844, -0.05740709236039026, -0.0553151881277509], [-0.05129036231248637, 0.0693618775516504, -0.9962721659648853], [0.061029853553295786, 0.9959384296678363, 0.06619668636742927]], "T": [-0.1082686635635824, -0.04247917768116831, 0.08561015765374012], "aligned_model": [[-0.21959706417450853, -0.7020690592413722, -0.6147699488928853, -0.32082025568446043, 0.2783046851509678, -0.1624614900151964, 0.5717904118874051, 0.05509063650952144, 0.3024541980669542, 0.1377735393172302, -0.07607829536755492], [0.673210713247982, -0.3259095624847414, 0.46986453141288026, -0.09218615793833837, -0.19002715727745112, -0.798632994812081, 0.23315340228359988, -0.25676090734332074, 0.4227437318107794, 0.7020842458374938, 0.039892288834054365], [-0.39219793922477536, -0.0005505353129701129, 0.36180448692140454, -0.5550470959113499, -0.39558832791006415, -0.06582642433095308, 0.22611478559262232, 0.7418173344451098, -0.3896474752785463, 0.2229221323446488, 0.10245495926938279]], "inverted": false, "swapped": false, "error_lsq": 0.04534442601674356, "error_max": 0.23120882790084976, "target": "200.xyz", "model": "10.xyz", "model_rescale": 4.260839863003843, "target_rescale": 3.6805086415714396},
{"mapping": [5, 0, 6, 3, 2, 1, 8, 7, 4, 10, 11], "R": [[0.1614623288182087, 0.36009092187733505, -0.918838638910082], [0.32387564973218863, -0.8988228075816037, -0.29533391962603395], [-0.9322201885194044, -0.24990415873421346, -0.26175070499273095]], "T": [0.040986054030834135, 0.11179855159456317, -0.005163078812831614], "aligned_model": [[-0.3789043410698527, -0.7372447782965142, -0.6610232636268742, -0.3120397440494931, 0.3990552943385799, -0.0031809258959588915, 0.6458714116860443, -0.14152851428158789, 0.2870477041400838, 0.1333919050683112, 0.018172609543363003], [0.5188133004680041, -0.21185946187164187, 0.4654396826708608, -0.15958318038423705, -0.20887573517337885, -0.6086058778742134, -0.1152535558932232, -0.08887199420400674, 0.6019290216646819, 0.6226297889556602, 0.06167014521235112], [-0.3437512542554727, 0.2390428412407587, 0.2870289864234843, -0.5579359190019111, -0.49435787344249116, -0.05340599567328585, 0.3081649468063686, 0.5915155563710334, -0.4902699178241768, 0.3467550901872515, 0.0234694397729506]], "inverted": true, "swapped": false, "error_lsq": 0.03550166209872893, "error_max": 0.16633680911364776, "target": "200.xyz", "model": "11.xyz", "model_rescale": 3.890672605050136, "target_rescale": 3.6805086415714396},
{"mapping": [6, 5, 9, 8, 0, 7, 4, 12, 1, 11, 13], "R": [[0.8896354002351138, 0.3867207310244023, -0.24289077966127282], [-0.4475294206476652, 0.632392958438721, -0.632294681119403], [-0.09091904257785705, 0.6712125016066628, 0.7356680673942914]], "T": [-0.018459759117828684, 0.17172199491908163, -0.01938953991760415], "aligned_model": [[-0.2969758006935722, -0.65598925493539, -0.6576477325267842, -0.29374889521915315, 0.3507041136737886, -0.1550218203469159, 0.5960084557789928, -0.13675036288737763, 0.4092805377667157, 0.06850996985699684, 0.02124814708880035], [0.5397105339237627, -0.22772152816699792, 0.4204912790260076, -0.2033458433185122, 0.06672666042566888, -0.6520295067530728, -0.11254788080259148, -0.21851406451136757, 0.6031813692711067, 0.6355060387778073, 0.025975075699045808], [-0.36445706039401227, 0.17802676047890928, 0.3485411518650756, -0.569599549007313, -0.46815290128674125, 0.15308781280481873, 0.16137686864283504, 0.6041930911146458, -0.5053723967089927, 0.26363482440346503, 0.05497729869181874]], "inverted": false, "swapped": false, "error_lsq": 0.038570249544251235, "error_max": 0.23419195879237348, "target": "200.xyz", "model": "12.xyz", "model_rescale": 4.124412569039231, "target_rescale": 3.6805086415714396},
{"mapping": [0, 6, 1, 3, 7, 9, 10, 8, 5, 4, 12], "R": [[-0.795792214585189, 0.4117756327592708, 0.4440220484067232], [-0.3480130787090317, 0.2890795570015175, -0.8918071017721644], [-0.49558213068376633, -0.8642186285827843, -0.0867439551636296]], "T": [-0.06339321166880045, 0.0648265971196041, -0.03442097788472092], "aligned_model": [[-0.2887632572455953, -0.6320062389858683, -0.6463414639356432, -0.520765621813326, 0.42280028512759643, -0.04622817309047224, 0.6034058036348225, -0.21452111893740977, 0.39166042121297856, 0.15619919217108102, 0.024177529417937313], [0.49617933356228133, -0.25367415642625657, 0.37870844205411225, -0.13428351763182594, -0.1702654139737222, -0.5729212760016681, 0.060793800311598215, -0.2769822388319693, 0.4759854853127567, 0.7840654664250439, 0.08982620877050657], [-0.3505072836845023, 0.11673890416113736, 0.43940791687400466, -0.5442435121142182, -0.35289437474705115, -0.07472338203497376, 0.2817632754194796, 0.5781336696435493, -0.4789661824849708, 0.19525462117965875, 0.04629224839239588]], "inverted": true, "swapped": false, "error_lsq": 0.03723605950626755, "error_max": 0.17541124912654144, "target": "200.xyz", "model": "13.xyz", "model_rescale": 3.9028299243045295, "target_rescale": 3.6805086415714396},
{"mapping": [9, 10, 14, 7, 3, 4, 2, 5, 6, 11, 15], "R": [[-0.10482924830699866, -0.13500317510198268, -0.9852842084453467], [-0.22747964670468823, 0.9677310853509549, -0.10839537250535032], [0.968123875872556, 0.21276909822116283, -0.1321569968168667]], "T": [0.09281495051219912, 0.032601269987672904, 0.16034584884857658], "aligned_model": [[-0.30067231094156555, -0.6151611722096746, -0.6501633550581009, -0.4362543975118045, 0.340121229901084, -0.1016330279982795, 0.825603794372102, -0.060635048897491356, 0.2913538726002892, -0.07292210957352824, 0.0299798828730702], [0.5014333004237181, -0.17782704787571296, 0.4901400075448533, -0.053382936647537155, -0.2412865352013364, -0.591996242623, 0.05523401012023668, -0.2861594826879187, 0.36281260220467704, 0.7424749569867427, 0.07598950132613391], [-0.3152692883942304, 0.061137307150482156, 0.3076285493582444, -0.5699419690889403, -0.34216237952358175, -0.016942630124135077, 0.2285956762794443, 0.5304087001184778, -0.38366796967151184, 0.28062578798396587, 0.07584411651629443]], "inverted": false, "swapped": false, "error_lsq": 0.04198808437564646, "error_max": 0.21464524308833402, "target": "200.xyz", "model": "14.xyz", "model_rescale": 3.942246331269136, "target_rescale": 3.6805086415714396},
{"mapping": [5, 6, 2, 10, 4, 11, 12, 8, 3, 1, 14], "R": [[0.1166537151371346, 0.900150326349675, -0.4196680839869503], [0.07651483015345023, 0.4131517990045953, 0.9074420486983481], [0.9902208801632557, -0.13796731841940033, -0.020679157063741446]], "T": [-0.13065029294457192, 0.026005103326034007, -0.01935611737493804], "aligned_model": [[-0.2641944961478879, -0.5252930702144161, -0.5666686719490849, -0.35787445920083305, 0.1904656123818273, -0.058490021521846375, 0.6018334835390104, -0.2246097718060065, 0.33137588234443843, 0.24600557534944484, -0.1229327052185454], [0.6276112398255678, -0.35352935423522924, 0.5777491771144188, -0.2597262815177681, -0.16632833545082143, -0.6873548632106569, 0.22876938931516433, -0.3609984547077746, 0.46088238484205085, 0.721014962055218, 0.0893422695406874], [-0.17106491905107685, 0.09466170233252118, 0.2774845281727374, -0.6323220789319823, -0.47052836895661637, -0.023990556663561893, 0.2813603931102957, 0.6441503171749097, -0.35693795022394414, 0.1587817195085791, 0.05466111413264785]], "inverted": true, "swapped": false, "error_lsq": 0.0495841347690077, "error_max": 0.24077169994954342, "target": "200.xyz", "model": "15.xyz", "model_rescale": 4.355366556412066, "target_rescale": 3.6805086415714396},
{"mapping": [1, 2, 8, 0, 5, 4, 3, 6, 9, 10, 11], "R": [[-0.5295200747408414, 0.6477943480715027, 0.547696059008161], [0.846144577510392, 0.3573682075922594, 0.3953824960112128], [0.060397387329376245, 0.6727930192926447, -0.737361314956835]], "T": [0.016093088322575222, 0.15621366933501835, -0.04669229318926777], "aligned_model": [[-0.3632981282302371, -0.7691747337019861, -0.5520610186134083, -0.23233976558010283, 0.4139896110153, -0.09150783693876441, 0.538950102244331, -0.024400234807519572, 0.2489480181221626, 0.07183250399951317, 0.008678840046812457], [0.4625215379111772, -0.13314190161891892, 0.44394226445170604, -0.21029628363481, -0.1237044255375298, -0.5946410432574547, -0.14346785636320053, -0.12168950180262994, 0.6185104789561637, 0.6211576570733339, 0.058241207393019606], [-0.2850933373474574, -0.027898597551506872, 0.379276346662123, -0.6015486980926176, -0.46987558599388635, 0.09103560012694359, 0.21374682635141157, 0.7261117448779715, -0.5777400751393974, 0.37515602599106995, 0.03308565071985523]], "inverted": false, "swapped": false, "error_lsq": 0.04719876203767821, "error_max": 0.24812508733723085, "target": "200.xyz", "model": "16.xyz", "model_rescale": 3.795458400668931, "target_rescale": 3.6805086415714396},
{"mapping": [0, 5, 2, 6, 8, 9, 11, 10, 7, 4, 12], "R": [[0.1242546093951897, -0.36128671831656145, 0.9241388960605967], [0.817794223930218, -0.4901637065919149, -0.3015827383098172], [0.5619371845236987, 0.7932284966566221, 0.23455309151971093]], "T": [-0.06398829565130476, 0.1881804259309982, -0.10640563754562704], "aligned_model": [[-0.41901897410403577, -0.6455140675371107, -0.48668653691543257, -0.34450510747195956, 0.3552993505602614, -0.08522308624614922, 0.6539816864191139, -0.16904886005309863, 0.3435325608316776, 0.12793089840811536, -0.08113050633528081], [0.5458397904969008, -0.3117068749082674, 0.44516653446213245, -0.20093168498682534, -0.2261245986015777, -0.6811157696467822, -0.05540656603224153, -0.06758801305384748, 0.6309370336724955, 0.6113652187983953, 0.1869970633704745], [-0.4179235082433081, 0.014081154747466393, 0.40038049227167904, -0.5831423934716087, -0.43842369232000217, 0.09809151905319727, 0.1773633731216992, 0.5736299839323644, -0.3694037694374227, 0.3403352744174868, 0.06126746653295789]], "inverted": false, "swapped": false, "error_lsq": 0.042064324311033026, "error_max": 0.19983032158214326, "target": "200.xyz", "model": "17.xyz", "model_rescale": 3.7474275329858107, "target_rescale": 3.6805086415714396},
{"mapping": [11, 8, 3, 5, 9, 4, 2, 0, 7, 1, 13], "R": [[-0.8499520640101329, -0.47571296046128325, -0.22644793691724543], [0.32013038791890785, -0.8076757734421621, 0.49515288520364603], [-0.41844715749519046, 0.3483633508906571, 0.8387758652586688]], "T": [-0.0813350953951448, 0.11373445889760575, -0.10941692194257786], "aligned_model": [[-0.28177760612972375, -0.645988609346951, -0.5826829224517124, -0.3994453427549399, 0.33983900694817426, -0.14695440391845893, 0.5314412497117205, 0.014651748022743424, 0.40156209205873605, 0.03431686928946734, -0.015344723872954935], [0.7838950471743527, -0.22647142637685996, 0.4361226696708679, -0.326315861722776, -0.25967477376266157, -0.707318670659931, 0.10259407849827598, -0.19988267973187257, 0.5968886545671307, 0.5986889501128114, 0.07890614580151913], [-0.28953979005497765, 0.17742940629816223, 0.2150909811496382, -0.5873097159004728, -0.47122085549698917, -0.005533878026342823, 0.24865257775226174, 0.6597210416435382, -0.4268938684951788, 0.3701268000729094, -0.034266798338039126]], "inverted": true, "swapped": false, "error_lsq": 0.03597624902085658, "error_max": 0.1828226975886198, "target": "200.xyz", "model": "18.xyz", "model_rescale": 3.922800546911778, "target_rescale": 3.6805086415714396},
{"mapping": [11, 2, 9, 6, 8, 1, 12, 0, 13, 7, 14], "R": [[-0.7718729165665068, 0.16070360388149066, 0.6151313293684657], [0.6355901106225968, 0.2184951470291106, 0.7404627485589554], [-0.015408178019156948, 0.9625145310197809, -0.27079210776147394]], "T": [-0.027355432697815818, 0.01307508662721972, -0.07859977460539459], "aligned_model": [[-0.2543663074565002, -0.6595966591111059, -0.6173499597386173, -0.28144132925520504, 0.37199557495398716, -0.2725719509884498, 0.6409917658900348, -0.04448407037366836, 0.32896032852431706, 0.06663289876490924, -0.029152933653600967], [0.6547242056733987, -0.09319355342021042, 0.41132829998789583, -0.32691663155324857, -0.23531760299964982, -0.6853872650376194, 0.2519688148981769, -0.4097418245004974, 0.4994340555044204, 0.7166007301961059, 0.09393290482208456], [-0.28835220853016297, 0.24094203886144272, 0.31642430317313874, -0.6223035180654085, -0.4700209013334218, -0.07710766197967643, 0.2603041251937781, 0.6420770635909387, -0.40770124606607283, 0.28804566917986907, -0.026051763419915226]], "inverted": false, "swapped": false, "error_lsq": 0.04411797992629051, "error_max": 0.22762318400104434, "target": "200.xyz", "model": "19.xyz", "model_rescale": 3.9282355846067225, "target_rescale": 3.6805086415714396},
{"mapping": [4, 1, 3, 11, 9, 10, 7, 2, 8, 6, 13], "R": [[-0.7199093955553708, -0.6425491550348583, -0.26241388216916106], [0.3641663515847253, -0.6715465244207108, 0.6452969346835098], [-0.5908581306579194, 0.36899302012701174, 0.7174474339859164]], "T": [0.012696001437284624, 0.130323229065167, 0.012446007161892392], "aligned_model": [[-0.332921853232524, -0.5937729991363582, -0.6117920350325389, -0.2667946530946835, 0.4028212644027341, -0.11524717912272069, 0.5097021857850315, -0.0801387313492863, 0.2949182902844662, 0.15423645048396656, -0.1113933824319859], [0.46862623064480335, -0.10748850812762303, 0.5043384827305923, -0.1324564033271903, -0.06786271245252531, -0.7193307912436746, 0.006868596677693933, -0.3928741467638408, 0.5846740571461845, 0.6983399066947612, 0.034597421591675795], [-0.39433061777550454, 0.38277251890952135, 0.20344954501710785, -0.5926944807869674, -0.5232306089216077, -0.05042638195032099, 0.36718757907275545, 0.6420192186901177, -0.5284213368589289, 0.3025622067705413, 0.0473682584377951]], "inverted": true, "swapped": false, "error_lsq": 0.044842968603437054, "error_max": 0.2669306339087507, "target": "200.xyz", "model": "20.xyz", "model_rescale": 4.067790424073018, "target_rescale": 3.6805086415714396},
{"mapping": [2, 5, 8, 6, 11, 13, 12, 1, 3, 0, 14], "R": [[0.9054333109186827, -0.3290205948918429, 0.2682088134566972], [0.14839544091137363, -0.34663354556602616, -0.9261878741405786], [0.3977050572918963, 0.8784023185450635, -0.26502840258943167]], "T": [-0.10350925240984951, 0.06946949926168913, 0.04880243463718299], "aligned_model": [[-0.28258389832821107, -0.6107276337264043, -0.5165775664952275, -0.3245973850760928, 0.333314174736417, -0.11943336210372163, 0.6576978334532335, -0.22422104895129738, 0.39098626373525436, -0.005213962681463458, -0.04902605700638594], [0.6628613782391786, -0.21940354308320167, 0.24295886653813542, -0.00010683942656060375, -0.23787784957975996, -0.6299353199407395, 0.1385856268869933, -0.30782808362312286, 0.4536340559298586, 0.7540760960406018, 0.020467745589473618], [-0.36295025896871164, 0.13682515851520635, 0.40156851019680245, -0.6539322758932296, -0.3155533731050166, 0.022291556038516, 0.10172313221008575, 0.767398494606783, -0.527076714632137, 0.21038793270234524, 0.07557373893386535]], "inverted": false, "swapped": false, "error_lsq": 0.04571489354742542, "error_max": 0.2478526446710534, "target": "200.xyz", "model": "21.xyz", "model_rescale": 4.186013935880536, "target_rescale": 3.6805086415714396},
{"mapping": [7, 0, 6, 1, 9, 2, 11, 5, 10, 4, 12], "R": [[0.23885121754388536, 0.682812539925031, 0.6904470516983413], [-0.543619539031808, -0.49514233082350007, 0.6777255115528088], [0.8046290404034945, -0.5372160715650641, 0.2529248896244731]], "T": [-0.0052006806074013645, 0.030761075166216095, 0.03079094313394315], "aligned_model": [[-0.32899648795194036, -0.6924839623936305, -0.3806097762139726, -0.45481842777696296, 0.35124054293800416, -0.09732838893225815, 0.5464078830498775, -0.17417796405646188, 0.337384541168492, 0.14107965125345945, 0.0019197464714943019], [0.5334817038294192, -0.18700159074460382, 0.3569047117466517, -0.15854027257933492, -0.06452201990789105, -0.7025278027534474, 0.09624910946089218, -0.3988902979987924, 0.6206105301489194, 0.7252451099974763, 0.05642295237156751], [-0.3943584241987925, 0.07561898033093631, 0.28089329872288943, -0.5143073205802539, -0.46853014212972277, 0.08994421644254796, 0.3314656653438963, 0.651584911637548, -0.449846569878967, 0.18541997871146673, 0.0683713062029608]], "inverted": false, "swapped": false, "error_lsq": 0.041927081266620446, "error_max": 0.2498157470755172, "target": "200.xyz", "model": "22.xyz", "model_rescale": 4.166573947596378, "target_rescale": 3.6805086415714396},
{"mapping": [7, 4, 0, 8, 9, 3, 12, 2, 10, 5, 15], "R": [[-0.7462943153219043, -0.4761438831421198, -0.46511482180699626], [0.6313965421443903, -0.727578512604267, -0.2682683629589407], [-0.21067321017708338, -0.4938790444460124, 0.8436233092860678]], "T": [0.09982420711665291, 0.02966753501531228, 0.036544927590506114], "aligned_model": [[-0.20918273356532308, -0.5808739727240009, -0.6364467242227194, -0.453392810834848, 0.287435927056263, -0.07978168942332697, 0.7021059596255856, -0.08910826227505048, 0.25434887119953253, -0.01537794061464666, 0.06989073333463522], [0.6194223000434785, -0.2350838107374843, 0.37483537217917184, -0.13006665025797165, -0.2864007505901849, -0.5440563853248731, -0.06006714945831348, -0.2850907331266038, 0.5478280947498796, 0.8072516342177265, 0.06886021187603134], [-0.224402721157579, 0.11660881613145949, 0.11084191736998, -0.5313591675920477, -0.43816745655151024, 0.03350565570022037, 0.27858982471995297, 0.600496161151482, -0.48169535994965773, 0.30701380755086594, 0.08482442323134311]], "inverted": true, "swapped": false, "error_lsq": 0.04185157637256634, "error_max": 0.2292525485178559, "target": "200.xyz", "model": "23.xyz", "model_rescale": 4.274766983524099, "target_rescale": 3.6805086415714396},
{"mapping": [4, 7, 9, 5, 3, 6, 0, 8, 2, 1, 10], "R": [[0.08122693184520735, -0.22614527663328385, -0.970701035025445], [-0.07850420983249363, 0.9694418720537378, -0.23242105272010238], [0.9935991518623546, 0.09508296674694337, 0.06099143261975256]], "T": [-0.01131929927909281, 0.0026693242353436897, 0.032925910229781835], "aligned_model": [[-0.30764641241877067, -0.6237234787989877, -0.582670141985688, -0.4590306469786486, 0.2936294078208981, 0.02818542892211938, 0.669932996606054, -0.23500139128946523, 0.3594894655885723, 0.11544683039150777, -0.00899470030149036], [0.44172082871195595, -0.1422860422111582, 0.5191539422813871, -0.23693867503837898, -0.09229913767981571, -0.6685606125772785, -0.04737783318053948, -0.2550560795478216, 0.7046245675788215, 0.6045760630539601, 0.049875112179724825], [-0.42216158173813234, 0.10350592954631978, 0.3996237557396429, -0.6061229959091788, -0.4296771172910425, -0.020970327978279288, 0.31498961499530853, 0.6875670834407437, -0.5131795896597994, 0.24884720755101442, 0.09383392190791265]], "inverted": false, "swapped": false, "error_lsq": 0.03863035807905327, "error_max": 0.19177811124120211, "target": "200.xyz", "model": "24.xyz", "model_rescale": 3.7841303162186577, "target_rescale": 3.6805086415714396},
{"mapping": [14, 3, 12, 11, 7, 6, 8, 4, 10, 9, 15], "R": [[0.11635096583799298, -0.024814593673659735, 0.9928981260378014], [0.7959743429464534, -0.5955890349177931, -0.1081598208978444], [0.5940431786659353, 0.8029059331120324, -0.04954557956032879]], "T": [0.04701103451586354, 0.08288133495921145, 0.04089003578280574], "aligned_model": [[-0.2677086027609774, -0.6353775098856367, -0.5225462260638466, -0.32078963163709834, 0.32799914460137614, -0.13424412878613795, 0.5034156962621017, -0.07859516581920355, 0.3076318572820406, 0.05325049984705695, 0.016581424516426156], [0.7649922388501376, -0.32175357557310263, 0.5102163287094649, -0.18945854875629747, -0.21204006817771398, -0.6142137009607656, 0.17163596700070088, -0.3836706229439122, 0.4774918508646277, 0.6535367053922957, 0.020695559165421956], [-0.21401235144806946, 0.18095556073901747, 0.30196710575553026, -0.5755361373133298, -0.4659359778180929, -0.015956502503353558, 0.40595877405868835, 0.6094467135841523, -0.5768594545081545, 0.16916406197043243, 0.03706410808768871]], "inverted": true, "swapped": false, "error_lsq": 0.04150183992762005, "error_max": 0.2316927691105079, "target": "200.xyz", "model": "25.xyz", "model_rescale": 4.19342608120988, "target_rescale": 3.6805086415714396},
{"mapping": [1, 2, 8, 0, 5, 4, 3, 6, 9, 10, 11], "R": [[-0.5295200747408414, 0.6477943480715027, 0.547696059008161], [0.846144577510392, 0.3573682075922594, 0.3953824960112128], [0.060397387329376245, 0.6727930192926447, -0.737361314956835]], "T": [0.016093088322575222, 0.15621366933501835, -0.04669229318926777], "aligned_model": [[-0.3632981282302371, -0.7691747337019861, -0.5520610186134083, -0.23233976558010283, 0.4139896110153, -0.09150783693876441, 0.538950102244331, -0.024400234807519572, 0.2489480181221626, 0.07183250399951317, 0.008678840046812457], [0.4625215379111772, -0.13314190161891892, 0.44394226445170604, -0.21029628363481, -0.1237044255375298, -0.5946410432574547, -0.14346785636320053, -0.12168950180262994, 0.6185104789561637, 0.6211576570733339, 0.058241207393019606], [-0.2850933373474574, -0.027898597551506872, 0.379276346662123, -0.6015486980926176, -0.46987558599388635, 0.09103560012694359, 0.21374682635141157, 0.7261117448779715, -0.5777400751393974, 0.37515602599106995, 0.03308565071985523]], "inverted": false, "swapped": false, "error_lsq": 0.04719876203767821, "error_max": 0.24812508733723085, "target": "200.xyz", "model": "26.xyz", "model_rescale": 3.795458400668931, "target_rescale": 3.6805086415714396},
{"mapping": [8, 10, 5, 11, 9, 4, 0, 7, 1, 6, 12], "R": [[0.6940806288219784, -0.5469108784616226, -0.46812452586296277], [0.05517463801272117, -0.6079397144440587, 0.7920637997799432], [-0.7177797991126893, -0.5755847414777543, -0.39178356954284677]], "T": [0.04735673774666126, 0.030975116737545993, -0.14091382262970684], "aligned_model": [[-0.34820332794309267, -0.48889399965239366, -0.44797573529263834, -0.47861360242417583, 0.30260977435758535, -0.26365989882472285, 0.6755840259051027, -0.09226676686103592, 0.3661368220761093, 0.003648626776259087, 0.021251439439103507], [0.5979436971008596, -0.3107987456305411, 0.37845056366284063, -0.17602590831352696, -0.19717093500177657, -0.7395469064863907, 0.09050781917914269, -0.09593876065846221, 0.5005002078962797, 0.786583785679335, 0.042927316143096646], [-0.3707628457263883, 0.18050833303197392, 0.30715650981495846, -0.5791835667619176, -0.4000847247234198, -0.23271603469074628, 0.40043590152835074, 0.6494065195827351, -0.3090762951333007, 0.18822459829875796, 0.022347505383505356]], "inverted": false, "swapped": false, "error_lsq": 0.0482585128577604, "error_max": 0.31158437219699614, "target": "200.xyz", "model": "27.xyz", "model_rescale": 3.6321398670334006, "target_rescale": 3.6805086415714396},
{"mapping": [7, 6, 12, 4, 1, 13, 0, 9, 3, 8, 14], "R": [[-0.9993575807154619, 0.028771264805124562, 0.021369141022805353], [0.03466874704187644, 0.6249668022097397, 0.7798811281947261], [0.009083162724818135, 0.7801209588629482, -0.6255627751854077]], "T": [0.08986199882242848, 0.07309086752256418, 0.08120763113663192], "aligned_model": [[-0.27957296291291867, -0.6017307147714502, -0.6196964987981851, -0.3761776675888937, 0.20119343847679722, -0.09831653272511542, 0.6941742947073561, -0.17426940019746753, 0.3849016726110196, 0.02956087784675144, 0.08955085090820751], [0.6498778419786142, -0.27898358067995016, 0.4383939490724024, -0.05370629799755204, -0.229355984331244, -0.7175364999323154, 0.20469692474453216, -0.191623437914121, 0.48825631870328207, 0.5523972532409616, 0.015015646686246956], [-0.2817275960724324, 0.0405808103464617, 0.2970550956214372, -0.5919912700109553, -0.504794423889211, 0.1585027668828523, 0.16426296789846917, 0.635042535931549, -0.37938906772136644, 0.2646709223237431, 0.05404315929396174]], "inverted": false, "swapped": false, "error_lsq": 0.042191252448559195, "error_max": 0.22642191180137888, "target": "200.xyz", "model": "28.xyz", "model_rescale": 4.156811204709835, "target_rescale": 3.6805086415714396},
{"mapping": [5, 3, 1, 2, 8, 4, 7, 6, 9, 10], "R": [[-0.653120187370497, 0.7569680930295667, 0.020816507495445558], [0.10909382807958018, 0.06685350352946112, 0.9917807952066724], [0.7493547607936242, 0.6500230112857679, -0.1262439197542311]], "T": [-0.18352406467677798, -0.025120669829125097, -0.0069713027565622455], "aligned_model": [[-0.6604752651557545, -0.06150129426700934, 0.060069603318144815, 0.5663694202084903, -0.030903495803240727, -0.5317604980721258, -0.2883630408503254, -0.5805801674376656, 0.30547147258337093, -0.13540136041329678], [-0.062135639957634714, -0.7185848060589161, 0.046126192875807034, 0.25821239356671494, -0.44730750130884944, -0.4075653590109533, 0.5866117859503428, 0.3433453246078761, 0.3566876455200529, -0.03666970555823609], [-0.5295367276883032, -0.3352294052864798, -0.671818608654475, -0.2012272447160325, 0.6708695228631979, 0.19178187952718292, -0.3179693688103671, 0.4601066944721852, 0.46610691755596756, 0.025703067712223592]], "inverted": false, "swapped": true, "error_lsq": 0.05244220568394745, "error_max": 0.22266861920161474, "target": "200.xyz", "model": "29.xyz", "model_rescale": 4.117894457231895, "target_rescale": 3.6805086415714396},
{"mapping": [5, 3, 0, 11, 10, 12, 7, 4, 6, 8, 14], "R": [[0.4891096118063574, -0.33582125962741816, 0.804981906145032], [-0.6251841437321886, -0.7785314951034781, 0.05507719635015691], [0.6082076734672829, -0.5302007098393944, -0.5907373639963176]], "T": [-0.09153971855485192, 0.06383438570356181, -0.045796352881970114], "aligned_model": [[-0.3487320410159701, -0.5622271468610345, -0.674000675812591, -0.32334232146101316, 0.5082840359721013, -0.21344480835494173, 0.5035291315579785, -0.02068605447346554, 0.28493992871056517, 0.13465968087326297, -0.039362371578790877], [0.8204241952264145, -0.1272212087000772, 0.38457399601484427, -0.35180843098105724, -0.10979035406202173, -0.6921446961696898, 0.00485884666637372, -0.2659173263299914, 0.47171647260823624, 0.6915827772921699, 0.05115786200565565], [-0.2853286908306998, 0.15842731309090582, 0.34426490752516997, -0.5926164627291352, -0.3984815920679559, -0.00821045509702572, 0.21767776401524555, 0.6511768595544138, -0.36779747340294383, 0.1920175979565405, -0.05487386741000615]], "inverted": false, "swapped": false, "error_lsq": 0.046166795623204145, "error_max": 0.21402975033589142, "target": "200.xyz", "model": "30.xyz", "model_rescale": 4.100398675895297, "target_rescale": 3.6805086415714396},
