[{"mapping": [9, 4, 10, 8, 3, 1, 0, 12, 2, 11, 13, 7, 6, 14], "R": [[0.40281695983463506, -0.5585204645314499, 0.7251161200588192], [0.6702198978143259, -0.35954128602668345, -0.6492575392061561], [0.623332804722595, 0.7475191999820825, 0.22950220089317452]], "T": [-0.02099744396770319, 0.12289376509227173, 0.17757602269880937], "aligned_model": [[0.13738136744410379, 0.25520216919553873, -0.4391355787091661, -0.3677230534068291, -0.6302383737815835, -0.11889143360398848, -0.6985601539067023, -0.1079667144605898, -0.3403397422254518, 0.26398931738860065, 0.504135732933097, 0.2249871004477588, 0.66736491978889, 0.021286544024626052], [-0.5523552829313925, -0.369289695294093, -0.315797260921164, -0.3495071857952148, 0.34548073692515013, 0.28222410620923943, 0.14327973692432355, 0.3889143603576886, 0.7884073498451496, -0.2521197866135863, 0.48840284246537896, 0.6774871357197292, -0.19710948744527007, 0.157255762364096], [0.2296378278810346, -0.42165690579653736, 0.5147848181723191, -0.20187971183841905, 0.5021502518182045, -0.632428049033829, -0.11304865532201389, 0.671148011918756, 0.09024806096857389, 0.7025755279519007, 0.5566715429320354, -0.17629878266241703, 0.0764212165706328, 0.09926293361959274]], "inverted": false, "swapped": true, "error_lsq": 0.03678035906790166, "error_max": 0.268458900009005, "target": "201.xyz", "model": "0.xyz", "model_rescale": 3.8414455957264533, "target_rescale": 4.136219643804611},
{"mapping": [8, 10, 6, 9, 11, 3, 1, 5, 12, 11, 13, 0, 7, 4, 14], "R": [[-0.3188578059409918, -0.882768167405451, 0.34503632012603946], [-0.18245772219128442, 0.4143993978481141, 0.8916178097570107], [-0.9300746632412182, 0.22134475751357313, -0.2932023518288909]], "T": [0.09249060290779779, -0.022849069477461903, -0.06944281787413573], "aligned_model": [[-0.516080009333728, -0.2737415216074003, 0.22088910478577986, 0.1748252323690528, -0.527227714558345, 0.3229475308825357, -0.03384186626172417, 0.2938563336089498, -0.659655443619258, -0.527227714558345, -0.3237557921022074, 0.2738200007899104, 0.5271457412477842, 0.5570315654246669, 0.05987161238005937], [0.17775236403264544, -0.5486884079186304, -0.2617130800890053, 0.5277244688136248, 0.035994596896493425, -0.6687314496721111, -0.4404327575693862, -0.6054443227323776, -0.14133126349454042, 0.035994596896493425, 0.6003544020263464, 0.3372062304451615, 0.44838953517273505, -0.13109598590022362, -0.08789941400528928], [-0.5317233304314312, -0.309751622397043, -0.8018941697970476, -0.46390380164636214, 0.5125812641487457, 0.3088460100637208, 0.6776594922827934, -0.3025895492827606, -0.019165205941064314, 0.5125812641487457, 0.045463110546057964, 0.5330496716794746, -0.025124759059423157, 0.19190280400818185, -0.016826725267873766]], "inverted": false, "swapped": false, "error_lsq": 0.048063661528756865, "error_max": 0.48365587500171464, "target": "201.xyz", "model": "1.xyz", "model_rescale": 4.316132596720782, "target_rescale": 4.136219643804611},
{"mapping": [4, 6, 5, 0, 1, 8, 2, 10, 13, 9, 12, 14], "R": [[0.7455094031334639, 0.17465640293950238, 0.6432035997659066], [0.2824294394705855, 0.7913387645599983, -0.5422329494091874], [-0.603696398498382, 0.5858993946206889, 0.5406223800613448]], "T": [0.01406885449261732, 0.11275603092331919, -0.069900310022138], "aligned_model": [[-0.25574409875045534, 0.39338095903814796, 0.4370316335410816, -0.6548291746525849, -0.650101996793921, -0.5089276015505625, -0.2516795534445725, -0.023671404770004685, 0.6541213642996803, 0.1457223957483354, 0.32765807340388176, -0.015152041437245523], [-0.5982884931866242, -0.5310643483122092, -0.4872293167731526, 0.4198670524427549, -0.29665462855064795, -0.002485264629584219, 0.4578799273984645, 0.518607696684591, 0.07161167940201496, -0.14143137590997817, 0.5612526752441457, 0.04071082393120583], [0.24510372579017556, 0.09771462636558279, -0.48365356856108155, -0.022701112051436517, -0.35684277680113785, 0.3779413047024037, -0.6722135903072288, 0.4912228368931151, -0.44635094372134987, 0.5639858497905731, -0.219755178056339, -0.12519271283385597]], "inverted": false, "swapped": true, "error_lsq": 0.05104174841985099, "error_max": 0.2972472005743721, "target": "201.xyz", "model": "2.xyz", "model_rescale": 3.795458400668931, "target_rescale": 4.136219643804611},
{"mapping": [2, 7, 1, 9, 3, 10, 4, 13, 6, 11, 0, 14], "R": [[0.70458185418367, 0.44813399898858286, 0.550218438173061], [-0.3224842100087535, 0.892883452213303, -0.3142659304771752], [-0.6321141867179789, 0.04398931363587466, 0.7736256169722618]], "T": [0.09751744056702252, 0.029569380967455847, 0.022435891816135985], "aligned_model": [[-0.14993326227454104, -0.14032695911677512, -0.6815431005868035, 0.24404534941602482, 0.11601804950191905, 0.24055208607137332, -0.2999034915294273, 0.6491330492404254, 0.31890955558243544, 0.7108114205001026, -0.45816153461099685, 0.04370266354982819], [0.04694527433146603, -0.5053943668845823, -0.2590545954180526, 0.1393921011962168, 0.6052020874621582, 0.6667969668020078, -0.27931267338945615, -0.3924737198862729, -0.49328111001969055, 0.11742284579564671, 0.48849831477645284, -0.048972079476184205], [-0.6782639268224468, -0.36557623522090327, -0.006492649511358854, 0.6934232973386294, -0.41844120611625096, 0.2558479348032094, 0.6737878449185833, -0.24341179742454183, 0.5363327839623145, 0.35952543707512563, -0.13432707409153016, 0.01636702172827002]], "inverted": false, "swapped": true, "error_lsq": 0.04669222329681837, "error_max": 0.24255888465100647, "target": "201.xyz", "model": "3.xyz", "model_rescale": 3.7530521520055578, "target_rescale": 4.136219643804611},
{"mapping": [6, 1, 7, 2, 13, 0, 11, 8, 10, 3, 14], "R": [[0.8473506966883247, -0.013170882012863816, -0.5308703464018442], [-0.48782788968551516, 0.3756717161788995, -0.7879687250825235], [0.20981121720915624, 0.9266592089491174, 0.31190056685265677]], "T": [-0.07783805497420189, -0.12086654530948052, 0.05407877679113511], "aligned_model": [[-0.43645027282378673, -0.24929853556133302, 0.2816700241450208, 0.5096033213091461, 0.38872062188182405, -0.1498024522291248, -0.2240159115675907, -0.6490623505985142, -0.331392708475211, 0.2771293612254175, -0.07890149486064275], [-0.7890927524217292, 0.1480624834994224, -0.2616462335863095, 0.2421677460849673, -0.6935395075026559, 0.6019092719346363, -0.5252384314176693, 0.2721528653428341, 0.19737390909218913, 0.41957440792287104, -0.14452040063421015], [-0.05244884221623229, -0.7136154775129737, -0.532644838824717, -0.22093529657454053, 0.1403564216837472, -0.07392810098095719, 0.6131785090343695, -0.027201651680532124, 0.615712232565173, 0.3826965034957896, -0.03833868174381001]], "inverted": false, "swapped": true, "error_lsq": 0.042169783110229654, "error_max": 0.208986735342905, "target": "201.xyz", "model": "4.xyz", "model_rescale": 3.7855080009869324, "target_rescale": 4.136219643804611},
{"mapping": [15, 13, 14, 9, 6, 1, 4, 12, 8, 7, 10, 5, 3, 0, 16], "R": [[0.07651008004410026, 0.7960539020645097, 0.6003702130015394], [-0.3882497003923906, -0.5308241416685363, 0.7533179280802236], [0.918372679143312, -0.29072997029843706, 0.2684542914043387]], "T": [-0.027558061454043326, -0.10960653140877963, -0.011078523477521616], "aligned_model": [[-0.45761120870477295, -0.5173160368083292, 0.16088663976298415, 0.20796503825311272, -0.4400948358157117, 0.4811310897463203, 0.06909608310027428, 0.1324192576161497, -0.7046253196931846, -0.369248451379445, -0.27984588806990945, 0.23202874066542234, 0.46241160831544986, 0.5959923391835125, -0.004331996724141501], [0.21563417666805862, -0.5402741666896324, -0.16395496312442456, 0.40031831701337317, -0.4418075207295206, -0.6066800583134084, -0.3003355731722081, -0.6818662642110229, 0.050519218856508286, 0.162446367406052, 0.5735018070094132, 0.41909015854172516, 0.38225326638786883, -0.08957939930501951, -0.10118585343582599], [-0.6344491026960754, -0.3265625204945932, -0.6585599835102738, -0.4485937091739956, 0.3704093276534855, 0.24826139880791584, 0.6969336182501648, -0.3427279145614971, -0.11714239992059122, 0.5976943155642531, 0.014962302148082664, 0.5440770824746048, -0.03157894826956492, 0.45717108427987496, -0.05879009749707563]], "inverted": true, "swapped": false, "error_lsq": 0.03267481167520233, "error_max": 0.25187674574812063, "target": "201.xyz", "model": "5.xyz", "model_rescale": 4.2253639853439635, "target_rescale": 4.136219643804611},
{"mapping": [4, 0, 10, 9, 8, 12, 11, 6, 2, 7, 3, 13, 5, 14], "R": [[-0.10339474717123937, -0.8268958321577582, 0.5527683140498593], [0.5596376953864541, -0.5077962576092501, -0.6549416849312453], [0.8222622307755195, 0.24163245543214737, 0.5152655435034419]], "T": [-0.006466936426543814, -0.012609444735134992, 0.010559011714674132], "aligned_model": [[0.6177129640576968, -0.40391853202859906, -0.4797351735291188, 0.1830111574027705, -0.018436267247889684, -0.386969235713808, -0.015153547481724185, 0.6567812138340662, -0.30722580827135004, 0.31955322058394053, -0.7161614658211525, 0.16616735063056912, 0.691165791135051, 0.0672704852073315], [-0.37844232424016405, 0.0369170692594699, -0.5191183364545247, -0.6803176788853014, -0.420055835109466, 0.1565230401159185, -0.46652909694549566, -0.28532047469189514, 0.6464203276347172, 0.6049581604203342, 0.12660232625534823, 0.29593066241719507, 0.290744401387583, 0.036786905471271024], [-0.38209432608735205, -0.608754213387977, -0.011004989154885913, 0.0554958821752361, -0.5561967868477575, 0.3959888009930588, 0.5503354383516558, 0.27927392680090635, -0.15598788253407578, -0.06447891862758737, -0.0444106031986522, 0.6648338452484714, 0.3729906747078149, -0.02443263950740738]], "inverted": false, "swapped": true, "error_lsq": 0.04530429835197418, "error_max": 0.26400058952611677, "target": "201.xyz", "model": "6.xyz", "model_rescale": 3.89814844738969, "target_rescale": 4.136219643804611},
{"mapping": [2, 3, 12, 1, 13, 10, 8, 7, 4, 9, 11, 6, 14], "R": [[0.9890580362935985, -0.13859325368640082, -0.05055799517057863], [0.14430432599500095, 0.8376283278187716, 0.5268349323409157], [-0.03066695847618103, -0.5283660610487256, 0.8484626351169949]], "T": [-0.036594386424813996, 0.07278908246616177, -0.07415071017993383], "aligned_model": [[0.27555430371854506, 0.024513240993624563, 0.37097353174278874, -0.36685928862678896, 0.6565668789983723, -0.3782392025202761, -0.7312797893648553, 0.30750333692395554, -0.5826431312093889, -0.4443685737689131, 0.07215757899107755, -0.023581285556564517, -0.031665799417354236], [-0.3551645258086292, 0.23968382367618601, 0.3429384446499107, -0.6895496980925212, 0.17580330196989796, 0.6063547961403495, 0.022949827135700762, -0.5332999527018024, -0.16744061607584293, 0.48100196400717676, 0.7092685103189325, 0.14394408202396503, -0.012708691772837677], [-0.5956225811888084, -0.7773433608997703, -0.36199030761261275, -0.04515648557172339, 0.17482857265687285, -0.3562597965294143, -0.12206939843055269, 0.012811459411288556, 0.49306296017731155, 0.314227986197396, 0.20965212026010652, 0.6882433778858912, -0.03210951551968901]], "inverted": false, "swapped": true, "error_lsq": 0.042677061269404216, "error_max": 0.22829464140743053, "target": "201.xyz", "model": "7.xyz", "model_rescale": 3.7474275329858107, "target_rescale": 4.136219643804611},
{"mapping": [7, 6, 10, 11, 3, 1, 2, 0, 5, 8, 9, 4, 12, 1, 14], "R": [[0.3570496670646219, 0.8720063934206389, -0.3348438219268389], [0.4919377279006404, 0.12918690147004203, 0.860992460104341], [0.7940483657290646, -0.4721393801856604, -0.3828467037351925]], "T": [0.04712399755871883, 0.02879217883352924, 0.006310210276286737], "aligned_model": [[-0.37818134164111494, -0.441178668268197, 0.14222417377892255, 0.08400842596512123, -0.41661050830317575, 0.526731211186233, 0.12705556831378093, 0.10240032108311398, -0.6671848075728093, -0.3818260643597781, -0.43733745940426977, 0.10452958818907716, 0.5973737322220416, 0.526731211186233, 0.08012167707255335], [0.16739719341824122, -0.474687683434736, -0.11162887517404718, 0.512450469816822, -0.4676258519768636, -0.47465962654405947, -0.2489304754629838, -0.6060958452674455, 0.001616520886415583, 0.20878687137599147, 0.6047838485394473, 0.4008392055523847, 0.2038455859692217, -0.47465962654405947, 0.036647801747607324], [-0.5072865676576322, -0.4120277311471522, -0.7329470140797216, -0.38252671195991295, 0.23577476907343192, 0.29146809697828746, 0.796924254634831, -0.1612456387345669, -0.038921178698600706, 0.5051228713958563, -0.11146556497094058, 0.6922485850006963, -0.21100097892593545, 0.29146809697828746, 0.05551916516778664]], "inverted": false, "swapped": false, "error_lsq": 0.04964200279526956, "error_max": 0.37737029380081405, "target": "201.xyz", "model": "8.xyz", "model_rescale": 4.019505241142653, "target_rescale": 4.136219643804611},
{"mapping": [6, 7, 12, 11, 9, 10, 3, 4, 8, 1, 2, 0, 14], "R": [[-0.36906056531467946, 0.9273141779347611, 0.062311431782516746], [0.3679122404389449, 0.20733441821431797, -0.9064507831972601], [-0.8534839673156169, -0.3116101000046505, -0.41768919439014285]], "T": [-0.021619158174601347, -0.05047739092473282, -0.09408541760821451], "aligned_model": [[-0.29887496507065425, -0.6879505532101098, 0.10281793436994308, 0.2849078099205447, 0.3242950517653915, 0.6717319619416037, 0.37365569671316756, -0.1735955513375244, 0.3061339825163602, -0.44649275492215074, -0.2782994770441505, 0.24800213703264568, -0.10663050093389079], [-0.7418349715014442, 0.1552281454705615, 0.29320158125440415, -0.4212294595085406, -0.653832865293065, -0.0633950291344568, 0.5567337345686146, -0.7030390973125672, -0.25999545807982766, -0.010917686394411173, 0.6398398615440004, 0.33719056904407985, -0.06457109654328871], [-0.2719365733411292, -0.010435641810487714, -0.5280717005007952, -0.6098966428627765, -0.08626958551760511, -0.10390614218292181, -0.12755688260777684, 0.3841167183760533, 0.48561107144129323, 0.6193523467378323, 0.0063701083531280955, 0.4724721056906207, -0.05314568773155677]], "inverted": false, "swapped": true, "error_lsq": 0.04917425175116344, "error_max": 0.27620038824946513, "target": "201.xyz", "model": "9.xyz", "model_rescale": 3.877068213659057, "target_rescale": 4.136219643804611},
{"mapping": [10, 9, 13, 6, 8, 7, 1, 2, 11, 0, 12, 5, 3, 4, 15], "R": [[0.04656260537848187, 0.9353629921383505, -0.3506108907583446], [-0.9946316187182384, 0.07588409483886785, 0.07035301838885835], [0.09241139987201312, 0.34545285798279013, 0.9338749681221878]], "T": [-0.0034345503243125228, -0.049545207629176496, -0.08726436977905619], "aligned_model": [[-0.5151067976621881, -0.37907807275653793, 0.4465900510549101, 0.045565533787954256, -0.4599472197099792, 0.2274423602874582, 0.1385739320189264, 0.19898188547666282, -0.7172789757173954, -0.43813969248319495, -0.2532026613149526, 0.23306769755223106, 0.49110897412215665, 0.6033735000928478, -0.05309345530116708], [0.09799137629253485, -0.5262517037620846, -0.1112090528995549, 0.43923177747053965, -0.554219218768658, -0.6703779669639413, -0.14162447075838797, -0.6454077144354475, 0.10025487592205556, 0.20402889031773172, 0.6313822094716389, 0.3767680717849109, 0.3442777392157592, -0.25020999391902254, -0.01655530606613774], [-0.5559169566371656, -0.3466639929458005, -0.7128152664322494, -0.46009224657835157, 0.2763607957126317, 0.38975670575110843, 0.763771240784677, -0.29781321791098325, 0.025169377676799748, 0.5295805474123136, 0.09203693832021484, 0.5237340891282294, -0.031662825783762505, 0.1354648677205285, -0.019805603163475613]], "inverted": true, "swapped": false, "error_lsq": 0.03508131943479737, "error_max": 0.25894851012089115, "target": "201.xyz", "model": "10.xyz", "model_rescale": 4.260839863003843, "target_rescale": 4.136219643804611},
{"mapping": [6, 8, 0, 1, 2, 7, 5, 9, 10, 3, 12, 14], "R": [[-0.05528327850083853, 0.3595948377599877, 0.9314694368440477], [0.963513698472727, -0.22547514705239186, 0.1442300624596317], [0.2618875941575044, 0.9054570728190656, -0.334009546732311]], "T": [0.07664194775271217, 0.07308510453790279, -0.009332507871390748], "aligned_model": [[0.5894241357772244, 0.11404279026352966, -0.37578273476755186, -0.4534749580478783, -0.6201147711838395, -0.3983233330339151, 0.1715176296577609, 0.6922963729814446, 0.37689866621367674, -0.22511603927866042, 0.05335356661974289, 0.034177323892596236], [0.24925584522203983, -0.6170333523679221, -0.4683534192741167, -0.26335741866902007, 0.2563058614697313, 0.4118208999677939, 0.6532547711478409, -0.23228165383545507, -0.30651478953400896, -0.011899265428673117, 0.4173066720853589, 0.08457435474936506], [-0.5501609631560542, -0.10784978316322211, 0.2054365513546166, -0.554179717457141, 0.17362715077833296, -0.400453491259411, -0.6130488748776326, -0.11646013221142615, 0.4874057644754583, 0.6447222871747275, 0.44112623984846916, -0.09398695411121269]], "inverted": false, "swapped": true, "error_lsq": 0.04977167800463556, "error_max": 0.3089363606139235, "target": "201.xyz", "model": "11.xyz", "model_rescale": 3.890672605050136, "target_rescale": 4.136219643804611},
{"mapping": [12, 3, 2, 13, 7, 9, 10, 6, 11, 8, 1, 0, 4, 14], "R": [[-0.8274753957164505, 0.5265463333829316, 0.19502160978951708], [0.4180988566844419, 0.3459497376138108, 0.8399476918737847], [0.3748037026538912, 0.7765743607961355, -0.5064133160087788]], "T": [0.13146011797092264, -0.03523507149540644, 0.07254123407571053], "aligned_model": [[0.35898891673882183, 0.0542719067094756, 0.5488456704004455, 0.734210620352978, 0.7063936861291219, -0.37535850095398315, -0.42753378000634634, 0.17959726138764256, -0.01584511719670964, -0.47766517614716353, 0.1598656128981936, -0.20258869203280974, -0.20916558468383253, 0.17585901119785943], [-0.2322233336245178, 0.17632426257507441, 0.4727418655468291, -0.4695909727616304, 0.28901983055736796, -0.4278509104955676, -0.201897216053014, -0.4900381066616326, -0.7216048030538429, 0.25350626651893077, 0.6607342214876362, 0.5754975848862762, 0.03833133167520964, 0.009202499230646123], [-0.408468318815452, -0.6169169075170728, -0.2742479524676634, 0.03934582026064361, 0.31258233764816035, 0.3422507941531464, -0.3026235821985822, 0.6868002469532308, 0.004168301419605586, 0.2540977732054476, 0.5262987222931858, -0.17115228694236795, 0.818311307622526, 0.1443441797420532]], "inverted": true, "swapped": true, "error_lsq": 0.04766676516731959, "error_max": 0.3164469016502422, "target": "201.xyz", "model": "12.xyz", "model_rescale": 4.124412569039231, "target_rescale": 4.136219643804611},
{"mapping": [12, 10, 8, 13, 0, 2, 11, 7, 9, 6, 1, 4, 14], "R": [[-0.773609669982628, -0.342206760409948, -0.5333128646855404], [-0.6324036923081175, 0.3639320053274131, 0.6838267802985105], [-0.03992052685560252, 0.866284034614569, -0.4979541373535066]], "T": [0.052784637977286816, 0.05092011332445144, 0.04937255669555076], "aligned_model": [[-0.34086911492780025, -0.0036925825848152585, 0.5783764713932152, -0.557728482925939, 0.6455055386816758, 0.25715693295215797, -0.5250339192876724, 0.20521750881460282, -0.03912319895290532, -0.19358016597560623, 0.7915419367775512, 0.45249783023356416, 0.09702955331172869], [-0.2008699594775632, 0.4849364603503411, 0.4963733074444735, -0.2810428040809333, -0.005193137799348005, -0.6288377785427784, 0.4544874932604849, -0.5059406784579554, 0.733081707122567, 0.39303403046018337, -0.1400829750581074, 0.5320601739743053, 0.015479537312808031], [0.3712147567254153, 0.5873681160139971, 0.16203416332476142, -0.21548495831521117, 0.4846916972563806, 0.2699970823903333, 0.0765052557723809, -0.3506022664726299, -0.050447610492953994, -0.5899548800294007, -0.2805235795783866, -0.48573910787239793, -0.0273605877544495]], "inverted": false, "swapped": true, "error_lsq": 0.047553483886272015, "error_max": 0.25316173216290094, "target": "201.xyz", "model": "13.xyz", "model_rescale": 3.9028299243045295, "target_rescale": 4.136219643804611},
{"mapping": [8, 12, 2, 0, 13, 11, 14, 1, 5, 10, 4, 7, 3, 6, 15], "R": [[-0.921911872747906, 0.19515248505667498, -0.3346550559346938], [-0.2674825242362346, -0.9455432660098836, 0.1854751501726701], [-0.28023489810275415, 0.2605061221537156, 0.9239074424452768]], "T": [0.007747932494081594, -0.04739435140529693, -0.015864411441476187], "aligned_model": [[-0.442052222904027, -0.36993015676896646, 0.2556630747248762, -0.055779432670773815, -0.687257945391583, 0.153095649879067, -0.20932880545505347, 0.4205943208760293, -0.4908058696802059, -0.28692693432597816, -0.19860856632039703, 0.347894039391753, 0.3929894301367052, 0.6696571584705932, 0.06965331948569256], [-0.050991963114727985, -0.6114544653534425, -0.12008438965535351, 0.5633001096426026, -0.3111329872863067, -0.7218392208935871, -0.4986954259611702, -0.5252596029550316, 0.05609517737826377, 0.20381623658287804, 0.5898682651093566, 0.39602870196928947, 0.4289129744971879, -0.0778094409738162, -0.04267445608420602], [-0.643697221153942, -0.16895176462358594, -0.7053598865155875, -0.5728500112242312, 0.2670845476363665, 0.24843626470185817, 0.7136941418830867, -0.16883962742137543, -0.06911718061708444, 0.6208557511073389, 0.08746335284594156, 0.697090410083343, -0.1316649512668309, 0.057343246238244716, 0.07961738138117247]], "inverted": false, "swapped": false, "error_lsq": 0.04786788507363952, "error_max": 0.2840533030822828, "target": "201.xyz", "model": "14.xyz", "model_rescale": 3.942246331269136, "target_rescale": 4.136219643804611},
{"mapping": [2, 1, 0, 7, 3, 13, 4, 12, 5, 10, 9, 10, 6, 11, 14], "R": [[0.40617782498401356, -0.3457409555143671, -0.8458621437156698], [-0.2979407278272318, -0.9251823929330665, 0.23509330596259925], [-0.8638581464528973, 0.1565270950559594, -0.47879888400069115]], "T": [0.021048208357868477, -0.06501271254405712, 0.030984207782226998], "aligned_model": [[-0.3651179751295815, -0.47250728697975175, 0.04398737038770196, 0.16648761055392747, -0.47702892992612206, 0.4741431404680293, 0.00856467463227601, 0.05006673627182968, -0.5910458706161591, -0.03490757035459296, -0.22438041098889247, -0.03490757035459296, 0.3721085911434481, 0.6527420214707526, 0.0006525288694596149], [0.19937654702220603, -0.592864618772603, -0.10553547710835065, 0.539764846282512, -0.5366531803932688, -0.6829359218368826, -0.26069871381240817, -0.8634206725596595, -0.025179070039397136, 0.31489130647241625, 0.7015683048924917, 0.31489130647241625, 0.3694186018993597, 0.0028168552042421163, -0.09736060082113798], [-0.5720265025672879, -0.335644724373359, -0.7028748953606674, -0.5555914418638078, 0.2455124434680078, 0.30265631974563756, 0.5834469913395718, -0.141581468365086, -0.13190740525804592, 0.6322681699889159, 0.04773659996513425, 0.6322681699889159, 0.0024284726694999356, 0.3633591479785865, -0.058945424301300973]], "inverted": true, "swapped": false, "error_lsq": 0.04925393927183526, "error_max": 0.3513943986187955, "target": "201.xyz", "model": "15.xyz", "model_rescale": 4.355366556412066, "target_rescale": 4.136219643804611},
{"mapping": [4, 6, 5, 0, 1, 8, 2, 10, 13, 9, 12, 14], "R": [[0.7455094031334639, 0.17465640293950238, 0.6432035997659066], [0.2824294394705855, 0.7913387645599983, -0.5422329494091874], [-0.603696398498382, 0.5858993946206889, 0.5406223800613448]], "T": [0.01406885449261732, 0.11275603092331919, -0.069900310022138], "aligned_model": [[-0.25574409875045534, 0.39338095903814796, 0.4370316335410816, -0.6548291746525849, -0.650101996793921, -0.5089276015505625, -0.2516795534445725, -0.023671404770004685, 0.6541213642996803, 0.1457223957483354, 0.32765807340388176, -0.015152041437245523], [-0.5982884931866242, -0.5310643483122092, -0.4872293167731526, 0.4198670524427549, -0.29665462855064795, -0.002485264629584219, 0.4578799273984645, 0.518607696684591, 0.07161167940201496, -0.14143137590997817, 0.5612526752441457, 0.04071082393120583], [0.24510372579017556, 0.09771462636558279, -0.48365356856108155, -0.022701112051436517, -0.35684277680113785, 0.3779413047024037, -0.6722135903072288, 0.4912228368931151, -0.44635094372134987, 0.5639858497905731, -0.219755178056339, -0.12519271283385597]], "inverted": false, "swapped": true, "error_lsq": 0.05104174841985099, "error_max": 0.2972472005743721, "target": "201.xyz", "model": "16.xyz", "model_rescale": 3.795458400668931, "target_rescale": 4.136219643804611},
{"mapping": [2, 3, 12, 1, 13, 10, 8, 7, 4, 9, 11, 6, 14], "R": [[0.9890580362935985, -0.13859325368640082, -0.05055799517057863], [0.14430432599500095, 0.8376283278187716, 0.5268349323409157], [-0.03066695847618103, -0.5283660610487256, 0.8484626351169949]], "T": [-0.036594386424813996, 0.07278908246616177, -0.07415071017993383], "aligned_model": [[0.27555430371854506, 0.024513240993624563, 0.37097353174278874, -0.36685928862678896, 0.6565668789983723, -0.3782392025202761, -0.7312797893648553, 0.30750333692395554, -0.5826431312093889, -0.4443685737689131, 0.07215757899107755, -0.023581285556564517, -0.031665799417354236], [-0.3551645258086292, 0.23968382367618601, 0.3429384446499107, -0.6895496980925212, 0.17580330196989796, 0.6063547961403495, 0.022949827135700762, -0.5332999527018024, -0.16744061607584293, 0.48100196400717676, 0.7092685103189325, 0.14394408202396503, -0.012708691772837677], [-0.5956225811888084, -0.7773433608997703, -0.36199030761261275, -0.04515648557172339, 0.17482857265687285, -0.3562597965294143, -0.12206939843055269, 0.012811459411288556, 0.49306296017731155, 0.314227986197396, 0.20965212026010652, 0.6882433778858912, -0.03210951551968901]], "inverted": false, "swapped": true, "error_lsq": 0.042677061269404216, "error_max": 0.22829464140743053, "target": "201.xyz", "model": "17.xyz", "model_rescale": 3.7474275329858107, "target_rescale": 4.136219643804611},
{"mapping": [2, 7, 1, 13, 3, 10, 0, 4, 12, 8, 11, 6, 9, 14], "R": [[-0.47757349209798367, -0.35555536284057976, -0.8034326005338849], [-0.44938060424861237, -0.6869351994337635, 0.5711191682162733], [-0.7549706167596785, 0.6337984030700925, 0.16828235824147292]], "T": [-0.00415988064541414, -0.07352644114825706, -0.017076430352001508], "aligned_model": [[0.46442419150889114, 0.30138959904137175, 0.7105162677498589, -0.46994676210078773, 0.17757128049742818, -0.1598437086314584, 0.6104299923681824, 0.12266814383539312, -0.2355314908857396, 0.32385796614733575, -0.6845715159708223, -0.4306692893398165, -0.3568017512907716, 0.04135472495381197], [-0.4954783896611372, 0.0769412632739918, 0.3350368311827606, -0.15614495391311306, -0.7589356349370089, -0.3683918058673444, -0.3075458191300797, 0.7030223590401958, -0.5672374560210468, 0.16479805685842036, -0.08620231012329853, 0.5540616857554587, 0.27664972796350135, -0.010165312910067045], [-0.4106492042027811, -0.6313309102654049, -0.13279178131236338, -0.5909160551580691, 0.13542249731042227, 0.5910485980485548, 0.31681537239292473, 0.22478613540528963, -0.17411315034463734, 0.5512313093004121, 0.16827843871519907, -0.12051717444559301, 0.4695198273132927, -0.07198918409559146]], "inverted": false, "swapped": true, "error_lsq": 0.03822640040009956, "error_max": 0.25725770869111614, "target": "201.xyz", "model": "18.xyz", "model_rescale": 3.922800546911778, "target_rescale": 4.136219643804611},
{"mapping": [5, 8, 1, 0, 13, 10, 11, 6, 12, 7, 3, 9, 2, 10, 14], "R": [[0.5774136716082872, -0.2715526112568617, -0.7699692403982235], [0.06092315482654906, 0.9547690065156069, -0.2910403982322408], [0.8141755468237901, 0.12114174968515487, 0.5678405193691287]], "T": [-0.09556226054757097, -0.125836255513677, -0.04708953562124596], "aligned_model": [[-0.49735293978024986, -0.3907492774292459, 0.3238037296156202, -0.012607333106757795, -0.5460062188462944, 0.5764295873728961, -0.032415762461232206, 0.2719335162361747, -0.8227905900320893, -0.39336961091966205, -0.23121514980074356, 0.3436510077676782, 0.5214162620761614, 0.5764295873728961, -0.11829974861741996], [0.1288153100450682, -0.552931575458141, -0.12877370298537427, 0.5803573250555698, -0.4642958478637661, -0.3678451436671638, -0.29801954805299374, -0.6601989676979632, 0.17107052149295765, 0.2552228470509443, 0.49457872168973743, 0.3234649148476495, 0.23522924597718847, -0.3678451436671638, -0.07074944386461288], [-0.6439568160328445, -0.3708871062848515, -0.6570949139849478, -0.4862384197743929, 0.3457960604478577, 0.3276894681215665, 0.6411030582931008, -0.28197486463580335, -0.007097447288643838, 0.5887687516375233, 0.02928319042711866, 0.47056222875589104, -0.001283760417974178, 0.3276894681215665, 0.028745555669548548]], "inverted": false, "swapped": false, "error_lsq": 0.040588059132225414, "error_max": 0.332706000373472, "target": "201.xyz", "model": "19.xyz", "model_rescale": 3.9282355846067225, "target_rescale": 4.136219643804611},
{"mapping": [2, 7, 5, 12, 3, 13, 11, 6, 10, 8, 1, 0, 4, 14], "R": [[-0.15595313408903458, -0.5529758394227772, 0.8184719549150615], [-0.3531252383469615, 0.805062414078375, 0.4766309636193401], [-0.9224864150816582, -0.21469101157937198, -0.32082173170908596]], "T": [-0.055516882123068954, -0.046119271792462356, 0.004654259031139994], "aligned_model": [[-0.5863250717213823, 0.02278154730869692, 0.5443915331579421, -0.40409795549965094, -0.769027216070223, 0.10322931180768255, 0.1782209134162314, 0.6948940868948394, -0.3236236286465315, -0.017648100250312035, 0.054067993457748355, -0.5394585130263011, 0.5848825821949066, -0.009764663938970054], [-0.5664478612959182, -0.743885338888462, -0.5256429468356535, -0.004602750555761703, 0.07732224447366498, -0.2946957931981566, 0.4548625978708546, 0.0020679321210417614, 0.5890140498616492, 0.24765969541324304, -0.5529148131518388, -0.0390039637447255, 0.0028515021493363893, -0.123702466794438], [0.008505576705560423, -0.012708121639500074, -0.34210016013399186, -0.4411164593948231, -0.036976213116094815, -0.6780495651146692, -0.43336504172222096, -0.14039225499315802, 0.0803082342585173, 0.6368155002509295, 0.6544430103442145, 0.5611786407901338, 0.5195341255857775, 0.03610588542300796]], "inverted": false, "swapped": true, "error_lsq": 0.04663070850986489, "error_max": 0.3065337290414335, "target": "201.xyz", "model": "20.xyz", "model_rescale": 4.067790424073018, "target_rescale": 4.136219643804611},
{"mapping": [10, 13, 1, 9, 6, 4, 2, 5, 11, 3, 12, 0, 7, 8, 14], "R": [[-0.14682816776523605, 0.6326026724927879, -0.760431027711052], [0.9684000270398982, -0.06475065751010023, -0.24085003629049856], [-0.20160078566272616, -0.7717649973320846, -0.6031052247437253]], "T": [-0.03295847962073244, -0.0936639011948324, 0.0591907012590438], "aligned_model": [[-0.3678908457154177, -0.3667923526845305, 0.360227685832108, 0.05000649738183277, -0.43577321095582283, 0.31171453351252126, 0.05178042181296934, 0.17119105466528156, -0.6680359869779752, -0.5269558986949869, -0.37884538712607346, 0.3435180677712654, 0.5722919716291791, 0.5190651600873822, -0.06664465109000156], [0.13744463994151482, -0.3895564474697002, -0.0593773783513518, 0.47916659980770815, -0.580564798112235, -0.704747302434142, -0.17341083744895747, -0.5943676014913425, 0.007952640969382724, 0.24223973753454572, 0.5884748148877029, 0.3180892576299368, 0.29568740853961206, -0.23212478596563382, -0.05682643513510398], [-0.6519323358517741, -0.4803702789196541, -0.6602077800617149, -0.45949217794657704, 0.4441903265781337, 0.44681176039247084, 0.7941612287503318, -0.1776317913764155, -0.007012712449370989, 0.6648971582884854, 0.013771694936254866, 0.49871632620323775, -0.13763766579874948, 0.02360444946223275, -0.0007637491521759326]], "inverted": false, "swapped": false, "error_lsq": 0.04363045281582145, "error_max": 0.28500067433711646, "target": "201.xyz", "model": "21.xyz", "model_rescale": 4.186013935880536, "target_rescale": 4.136219643804611},
{"mapping": [2, 0, 3, 13, 6, 12, 7, 1, 10, 8, 4, 11, 14], "R": [[0.7277040928353244, 0.6653618907339262, 0.16655421828849887], [-0.6856973908497103, 0.7114961971493692, 0.15359768756034725], [-0.01630464512394135, -0.2259794588031428, 0.9739956071494478]], "T": [0.052797357032355094, -0.03952455501082099, 0.049634826989701994], "aligned_model": [[0.04632112531779756, -0.26047675572959816, 0.37934617386720026, 0.5013054479515285, -0.0630733487113962, 0.5746986085059771, -0.20901049061198285, -0.7302321581966765, 0.3071078778881722, -0.4035265432632908, -0.5973661384690473, 0.5315389571768868, -0.018058720302345246], [-0.41464622834949394, 0.2842002781732064, 0.1669108210940626, -0.5797368826714204, -0.1798295282188839, -0.13851611280528725, -0.6793064814865504, -0.227507347318635, 0.6002448551081745, 0.48746130288127976, 0.12266460864811146, 0.17926302859796558, -0.10224565410643599], [-0.5920471787276921, -0.5343438368973525, -0.5642203729677958, 0.29475986856751213, 0.7935203116696552, -0.14977348490741738, -0.07464436745368065, -0.15677068433971103, -0.034152693754867666, 0.01192057617892113, 0.527748821651586, 0.5191191953951575, 0.06176340692103064]], "inverted": false, "swapped": true, "error_lsq": 0.047601569151129425, "error_max": 0.28129592687630506, "target": "201.xyz", "model": "22.xyz", "model_rescale": 4.166573947596378, "target_rescale": 4.136219643804611},
{"mapping": [0, 5, 2, 4, 13, 12, 14, 6, 7, 10, 8, 9, 3, 11, 15], "R": [[-0.8772001526253091, 0.33199843204351565, 0.34683848309376153], [0.29598124124033043, 0.9427277957687742, -0.15381614973331614], [-0.37804099918919865, -0.032269865286297404, -0.9252262743385732]], "T": [0.04354348553116567, -0.03121827976412983, 0.022493692559055218], "aligned_model": [[-0.4866729609834774, -0.6011571079816236, 0.43661737010734664, 0.07565533419063511, -0.5674394294327991, 0.40105045003456635, -0.041461583165666636, 0.17917977013398242, -0.6658164637178404, -0.5274533394329679, -0.1780070911333028, 0.23846286790118681, 0.49210967771714836, 0.7999699399710586, 0.013819625239485371], [0.2023634207789306, -0.4961416730410038, -0.14502756273868578, 0.4445240793512313, -0.504420628204971, -0.5096344337052181, -0.35385233678434147, -0.6882611617159704, 0.05529661178736295, -0.020000181620457802, 0.7463653345076079, 0.3134566902353051, 0.34085426099382166, -0.04443651542272636, -0.06300639151894813], [-0.5528895465562419, -0.22095930970117608, -0.5116875571700047, -0.5365157441087134, 0.36831525629959705, 0.2921010166602338, 0.7398911882103654, -0.3366790813846657, -0.00421367705115978, 0.5070326623633384, 0.003567387665364675, 0.47377494157619776, -0.12507679113519493, 0.24551302960400767, -0.031069322217233613]], "inverted": true, "swapped": false, "error_lsq": 0.03785448562462601, "error_max": 0.27954029304324735, "target": "201.xyz", "model": "23.xyz", "model_rescale": 4.274766983524099, "target_rescale": 4.136219643804611},
{"mapping": [5, 9, 11, 12, 10, 3, 2, 0, 1, 8, 14], "R": [[-0.43642273230113116, -0.8966089438052242, 0.0750173354585204], [-0.638464353613785, 0.36735774320412223, 0.6763220813137084], [-0.6339546260540635, 0.24726643604916362, -0.732776119772061]], "T": [-0.01798942815851036, 0.05586175023919343, -0.07645666458628225], "aligned_model": [[0.4141946301661052, 0.006654757387525134, -0.38846132431087893, -0.5125740768256519, -0.4802916725671897, -0.5535595192856493, -0.0708922662721982, -0.006578876626289323, 0.6911672098143481, 0.2103874624616222, 0.06984838001633174], [-0.1803408870936738, 0.7366031710438192, 0.4552520629771986, -0.19663915653998304, 0.49316796766257265, -0.1732772277120591, -0.6207913362587427, 0.007231876225591849, -0.1318685468016702, 0.5060259502523036, 0.020222657488126558], [-0.7601941454292691, -0.21695342056159067, -0.5244689979876017, -0.19296090071725122, 0.1992950258746105, 0.3556635814936546, 0.22662071513622023, 0.6593928117940959, 0.3146062273157656, 0.4057923892964175, -0.08722685219347429]], "inverted": false, "swapped": true, "error_lsq": 0.04316927733216844, "error_max": 0.23725151071328407, "target": "201.xyz", "model": "24.xyz", "model_rescale": 3.7841303162186577, "target_rescale": 4.136219643804611},
{"mapping": [8, 2, 1, 0, 12, 3, 13, 4, 9, 14, 10, 11, 7, 6, 15], "R": [[0.9307280286680752, -0.35696245984620667, -0.0795181671832553], [0.24753437267865475, 0.7749531606832147, -0.5815275858372335], [0.26920637249928486, 0.5215605439521296, 0.8096311061206427]], "T": [-0.04490086250101555, -0.011074891789310419, -0.01736786111166597], "aligned_model": [[-0.2463696732267077, -0.4859280871967628, 0.19314798320478907, 0.1864882797863133, -0.5048089268028478, 0.33258877145942106, -0.07270449050886071, 0.2550997163447488, -0.6287949005738941, -0.620216390976973, -0.26755477464419486, 0.39772298067378276, 0.3650497300491868, 0.6480164112380093, 0.017120430621720945], [-0.025372307827290573, -0.5321927175056316, -0.0938290485713269, 0.4432902847633939, -0.45668205226757314, -0.5919203440294658, -0.16441778252515554, -0.630215435676042, 0.005154248139329035, 0.15117985207597795, 0.7094848629048185, 0.2171204536545392, 0.49349830706334386, -0.20918034496085142, -0.03783846233612913], [-0.5729429558002915, -0.3378740649909087, -0.7170255562716887, -0.5477840189720365, 0.38894573372461, 0.39387662152305153, 0.749256501533702, -0.3061047352136828, 0.013374224800780137, 0.5041533782431671, 0.17361376261080919, 0.5669596043848822, -0.029695016809441675, 0.03407466430072535, -0.0017236900089633335]], "inverted": false, "swapped": false, "error_lsq": 0.04331507961941838, "error_max": 0.27411569231674326, "target": "201.xyz", "model": "25.xyz", "model_rescale": 4.19342608120988, "target_rescale": 4.136219643804611},
{"mapping": [4, 6, 5, 0, 1, 8, 2, 10, 13, 9, 12, 14], "R": [[0.7455094031334639, 0.17465640293950238, 0.6432035997659066], [0.2824294394705855, 0.7913387645599983, -0.5422329494091874], [-0.603696398498382, 0.5858993946206889, 0.5406223800613448]], "T": [0.01406885449261732, 0.11275603092331919, -0.069900310022138], "aligned_model": [[-0.25574409875045534, 0.39338095903814796, 0.4370316335410816, -0.6548291746525849, -0.650101996793921, -0.5089276015505625, -0.2516795534445725, -0.023671404770004685, 0.6541213642996803, 0.1457223957483354, 0.32765807340388176, -0.015152041437245523], [-0.5982884931866242, -0.5310643483122092, -0.4872293167731526, 0.4198670524427549, -0.29665462855064795, -0.002485264629584219, 0.4578799273984645, 0.518607696684591, 0.07161167940201496, -0.14143137590997817, 0.5612526752441457, 0.04071082393120583], [0.24510372579017556, 0.09771462636558279, -0.48365356856108155, -0.022701112051436517, -0.35684277680113785, 0.3779413047024037, -0.6722135903072288, 0.4912228368931151, -0.44635094372134987, 0.5639858497905731, -0.219755178056339, -0.12519271283385597]], "inverted": false, "swapped": true, "error_lsq": 0.05104174841985099, "error_max": 0.2972472005743721, "target": "201.xyz", "model": "26.xyz", "model_rescale": 3.795458400668931, "target_rescale": 4.136219643804611},
{"mapping": [7, 4, 1, 2, 3, 11, 6, 13, 9, 0, 12, 10, 14], "R": [[0.870569863502237, 0.3390171023838997, 0.3566167649633441], [0.1969288335037671, -0.9042495669695407, 0.3788822444642185], [0.45091811595515, -0.2596153403145174, -0.8539746645989186]], "T": [-0.11397423578495672, -0.05945462391837139, -0.05391109868601973], "aligned_model": [[-0.03417645271746046, 0.4093479503301809, 0.6015995987099358, -0.05630775084337006, -0.19429708926974412, -0.6082836092642109, -0.2406104289224504, -0.7513885704762093, -0.07084828726418785, 0.42100424660835845, -0.57196827903269, -0.13351261945291298, -0.0708823255839825], [-0.5528494413109231, -0.4722188858550026, -0.38664390918349845, 0.03368176395009784, 0.5682839853623206, 0.019655702207765358, -0.630434700111771, -0.4110110441213831, -0.02869415481883142, 0.3828369626868259, 0.18922333900431074, 0.5495993605447663, -0.1395474750977626], [-0.5473717847516232, 0.42917320158683264, -0.322196853106158, -0.7891078054362745, -0.4082560978394797, 0.4429559843635131, 0.4404795843287614, -0.20618125967995346, 0.6395941301514229, -0.30320147759488847, -0.2782872265699488, 0.27725439370065036, -0.08271812705342826]], "inverted": true, "swapped": true, "error_lsq": 0.04706965357078516, "error_max": 0.26628089509025, "target": "201.xyz", "model": "27.xyz", "model_rescale": 3.6321398670334006, "target_rescale": 4.136219643804611},
