[{"mapping": [13, 5, 1, 3, 7, 4, 2, 9, 10, 12, 11, 0, 13, 14], "R": [[0.6838709717349952, 0.1981305555493299, 0.7021857140215456], [0.37823732765836726, 0.7267189498939228, -0.573424878977998], [-0.6239046545619699, 0.6577414771950972, 0.42204162258374583]], "T": [0.058041779272606085, 0.13294145502334515, 0.14868942671981208], "aligned_model": [[0.3785837886731869, 0.438691722237141, -0.5826760947316835, -0.3020210137728952, -0.7172689746610122, -0.13895383057242228, -0.638552957468395, -0.11661759176929001, -0.3444275953401365, 0.3390244923856131, 0.5134534665628404, 0.1986887009259515, 0.3785837886731869, -0.03501580001378126], [-0.5523151110883757, -0.2667580992587116, -0.27778114940007287, -0.23750889827626387, 0.3573086637949262, 0.26132838523303703, 0.17653966800067916, 0.503447529700525, 0.6573781655392206, -0.13002156426079342, 0.46577749325140577, 0.7337963964340093, -0.5523151110883757, 0.09639696322882477], [0.20491088087168816, -0.34534427765798437, 0.33283331422256357, -0.26185469244796833, 0.603769538513794, -0.6613057618121906, -0.15367839090693872, 0.7202455989905902, 0.23834199370797207, 0.7146173583773404, 0.2923825893814662, -0.20954344103496494, 0.20491088087168816, 0.21730249610277752]], "inverted": false, "swapped": true, "error_lsq": 0.05445329609987056, "error_max": 0.48286376973351136, "target": "202.xyz", "model": "0.xyz", "model_rescale": 3.8414455957264533, "target_rescale": 4.082890862696691},
{"mapping": [7, 10, 8, 12, 13, 11, 0, 6, 5, 2, 9, 4, 3, 1, 14], "R": [[0.7804923714276015, -0.3136389342889985, -0.5407978153075138], [0.06597939395654354, 0.9015419649752516, -0.4276316229673492], [0.6216738515624137, 0.29808170740020784, 0.7243403329905983]], "T": [-0.05249075917078807, 0.02739700114455912, -0.11023270803120502], "aligned_model": [[0.40024156773315744, -0.6603736426759406, -0.2920065610407442, -0.22916079069852108, 0.4249124348529742, 0.26424766086249724, 0.6316033375564899, -0.6787730113081326, -0.6086233281443285, -0.2653847625687275, 0.12482646768315195, 0.10592028570685735, -0.26241682815744466, 0.08811696987423737, -0.07324381482754666], [0.4442092400820828, -0.2728453841376059, -0.4337330497629039, -0.7135905363869239, -0.39204079572113537, -0.7225260729673461, 0.05058187671396118, 0.33956922835427117, 0.2715609949189381, 0.7339011448008423, 0.22163068887505738, 0.4044009259463524, 0.13721430162741788, -0.2995919504816035, -0.019213018396556314], [-0.29531647226553537, -0.0168827726700764, -0.7054584251379539, -0.15511826305831108, -0.5237603679714947, 0.1418735360789751, 0.1285037531030081, -0.4571422279356693, 0.14554707000749875, -0.12175511802782729, -0.7397893421832731, 0.2483634665064036, 0.6362578063857719, 0.6783137923198939, -0.03633537501659091]], "inverted": true, "swapped": false, "error_lsq": 0.04823154712109505, "error_max": 0.35123797222328573, "target": "202.xyz", "model": "1.xyz", "model_rescale": 4.316132596720782, "target_rescale": 4.082890862696691},
{"mapping": [0, 3, 5, 9, 11, 10, 12, 7, 13, 2, 1, 14], "R": [[-0.2692119367398483, -0.9579663903973268, 0.09912279246417888], [-0.9355019125287813, 0.2845681031889532, 0.2094210264095605], [-0.22882548977719352, -0.03635092181166813, -0.9727885205488754]], "T": [-0.058157386421765, -0.09815571207665345, -0.13989420643260939], "aligned_model": [[-0.46402616242510714, 0.5406376125523498, 0.37532806202680585, -0.5619538338304546, -0.5416566461443085, -0.42167262374881864, -0.1567296006104053, -0.20529234561169274, 0.4064532190843456, 0.24363569334189134, 0.4105228858906047, -0.027437705893429698], [-0.6278301861616727, -0.19484038798796327, -0.5819571698329286, 0.3701734836462053, -0.2623104904641248, 0.014392790218419493, 0.33574524254566646, 0.571213947641519, -0.006659524082501006, -0.06565853470297446, 0.44934347430204163, 0.011163782619293655], [0.1128002590712738, 0.11995531853577676, -0.4959137695041781, 0.006098976073388412, -0.41937413923621913, 0.4080497236073559, -0.6598833780288388, 0.48367686419241973, -0.7325577078653572, 0.5575555760148129, 0.16621829971084703, -0.0973675613618603]], "inverted": false, "swapped": true, "error_lsq": 0.04944959660771833, "error_max": 0.27642161826952705, "target": "202.xyz", "model": "2.xyz", "model_rescale": 3.795458400668931, "target_rescale": 4.082890862696691},
{"mapping": [1, 9, 12, 6, 3, 5, 11, 2, 0, 4, 13, 14], "R": [[-0.30342180387152723, 0.38748785197879926, 0.8705104097621146], [-0.15537976771512724, 0.8812308198233665, -0.44641837997357414], [-0.9401023011992586, -0.27071277539542427, -0.20717687254509126]], "T": [-0.015553810345382675, -0.07892335074501101, 0.04305031322733824], "aligned_model": [[0.0063860253776087325, -0.27234415686510555, -0.6972560108023922, 0.07587740878084714, 0.3675343511394996, 0.0696347672690974, -0.2403941763339957, 0.5790627264948098, 0.4072799761540123, 0.7791408720865557, -0.44295201873371565, -0.03866593882365654], [0.018157766693887953, -0.7110915439512684, -0.06604374219370714, 0.13633022126527283, 0.3435227805443559, 0.5903492433213043, -0.31622480649787454, -0.1385952411671395, -0.3728633068001913, 0.16065210091291204, 0.5461934966165481, -0.10461792345439094], [-0.7336190652103729, -0.12688849563891866, -0.016038467308233537, 0.7537035994362669, -0.28892540827584745, 0.3488942520412255, 0.5246748424814823, -0.4275256829476376, 0.5369631556973926, 0.19287235522777244, -0.0021635309791517565, -0.07317612388487736]], "inverted": true, "swapped": true, "error_lsq": 0.04683354551524833, "error_max": 0.26117710306041697, "target": "202.xyz", "model": "3.xyz", "model_rescale": 3.7530521520055578, "target_rescale": 4.082890862696691},
{"mapping": [10, 8, 12, 13, 11, 3, 0, 2, 4, 5, 14], "R": [[0.3788241048588385, -0.009409684674467109, 0.9254208531323611], [-0.23441102532087543, -0.9683162457445824, 0.08611108775955482], [0.8952897680560836, -0.2495498067750102, -0.3690272688469504]], "T": [-0.017207541341888434, -0.11733335564810475, -0.02921742626823967], "aligned_model": [[-0.575723538704518, -0.16907430082372318, 0.4250850749745176, 0.5519891254026067, 0.28592230728190515, -0.25852714759698675, -0.17953038885644648, -0.7109782373190628, -0.3663991783737062, 0.4124856329794138, -0.07704974651879479], [-0.4821021917619286, -0.17360909816990897, -0.23505538236174345, 0.3404289949617741, -0.5956150572842935, 0.48602977074025744, -0.5013713748002172, 0.18652944735364752, 0.20004953735812386, 0.33251850277598693, -0.09059979049735203], [-0.03674208543953336, -0.7917441572813491, -0.5380337235582993, -0.23404266403891874, 0.1056390419225938, 0.08542522866667865, 0.5498379232005943, 0.04093203503910611, 0.6698648145632047, 0.37292744221512186, -0.13123307804388223]], "inverted": false, "swapped": true, "error_lsq": 0.04975474065107486, "error_max": 0.264626059768397, "target": "202.xyz", "model": "4.xyz", "model_rescale": 3.7855080009869324, "target_rescale": 4.082890862696691},
{"mapping": [9, 4, 5, 7, 10, 8, 15, 0, 1, 2, 3, 14, 12, 13, 16], "R": [[-0.9034441686357618, -0.4275055914290447, -0.0320562545369877], [-0.41991346627837406, 0.8673720060981497, 0.2670926503581716], [-0.08637890365198125, 0.2547641504100889, -0.9631375356976323]], "T": [-0.09580992555317051, -0.07400648038884777, 0.02323508494520128], "aligned_model": [[0.3978829362591816, -0.7483525955107513, -0.3108240201226766, -0.2334121605511994, 0.3718790010803471, 0.358806961241632, 0.7136788316096089, -0.6863686011873142, -0.774202288960596, -0.14549959460881792, -0.01894942244731894, 0.25563402468102425, -0.24435789427834997, 0.10100940380549829, -0.06703859616228808], [0.3174494845256204, -0.3773401524281529, -0.22661190721172655, -0.7245463233052776, -0.3610016294467941, -0.583680928062398, -0.10448124827996369, 0.16949012281645007, 0.24345537817167567, 0.6373059842666711, 0.29142839216056227, 0.45204411883406587, 0.29975873834558225, -0.2549510373302904, -0.028791399591175583], [-0.3083423644952803, -0.14757923283036156, -0.74199936766391, -0.32206624661568717, -0.45620743131287944, 0.193133047243998, 0.17527898398392422, -0.4244520135747823, 0.13326103015430063, -0.1700295056903396, -0.5623982665524334, 0.26293346924068967, 0.5721415662898651, 0.6965766459522934, 0.027050746005421192]], "inverted": true, "swapped": false, "error_lsq": 0.03710403288022308, "error_max": 0.2330785877981783, "target": "202.xyz", "model": "5.xyz", "model_rescale": 4.2253639853439635, "target_rescale": 4.082890862696691},
{"mapping": [13, 8, 2, 3, 1, 10, 4, 5, 9, 12, 7, 0, 6, 14], "R": [[-0.5753036802776232, 0.3412223066113549, -0.7433660020002588], [-0.15796990471041758, -0.9380683354643125, -0.3083395972057361], [-0.8025404567153009, -0.05995944854683498, 0.5935770210049878]], "T": [0.1338573636239726, 0.04907989978293639, 0.06204567787645998], "aligned_model": [[0.7033686825722576, -0.26731055174907203, -0.39509942364882966, 0.10845306365881907, -0.27145004225159536, -0.4710098670583579, 0.12662338705224635, 0.7723034904089225, -0.3375206399941945, 0.3395586785505731, -0.7486188478581068, 0.07532063427128227, 0.686294429122967, 0.05314915968087201], [-0.13778233033264814, 0.20713050673352065, -0.47795593892895916, -0.6101437420831041, -0.39042767294240877, 0.19792987635186537, -0.5043202158831926, -0.30274731471190863, 0.5398406402428783, 0.4110612784072889, 0.07520477873737277, 0.22779791445154082, 0.1840621519261689, 0.025449214666576077], [-0.4029532013079481, -0.5873862251428098, 0.2069914279960463, 0.0477640628789911, -0.44360283978877624, 0.30086016932865, 0.6985035799843307, 0.19367989898753749, -0.11519364804876053, -0.4811225363778584, -0.21919895683741475, 0.7503568918469927, 0.5481680303381062, -0.025308444925637705]], "inverted": true, "swapped": true, "error_lsq": 0.03829051962753168, "error_max": 0.23126135918511884, "target": "202.xyz", "model": "6.xyz", "model_rescale": 3.89814844738969, "target_rescale": 4.082890862696691},
{"mapping": [3, 5, 13, 2, 12, 6, 4, 1, 10, 0, 11, 9, 14], "R": [[-0.580925203466121, -0.0073231469859753595, 0.8139240010566515], [0.7344542468430733, 0.4263214524288936, 0.528040697762107], [-0.3508601819414967, 0.9045420889694082, -0.24228236009012155]], "T": [-0.001338097464639143, 0.10603101849136945, 0.02338904178117018], "aligned_model": [[-0.0951348900784516, -0.005445605641363205, 0.567511920656635, -0.36386832720262613, 0.6259176628134586, -0.291487043255139, -0.6921090333217694, 0.30118462398011236, -0.370816581662811, -0.643860006745933, -0.05214325547104992, 0.1129129586970315, 0.0559693781361284], [-0.36273834220704604, 0.3344195310156458, 0.22031264682264184, -0.5621730880472454, 0.32566698645654013, 0.7141524227268293, -0.08250729706769339, -0.6161603616519541, -0.12593348120765227, 0.39570733111235545, 0.6433679978204198, 0.07005926089250629, 0.009607658805137906], [-0.4314544490423674, -0.6812706133410404, -0.46531737254763705, -0.002036006842173508, 0.18674604709007214, -0.30176293539411686, -0.4223367678070709, 0.0297950244458761, 0.5280980313974186, 0.1347094564759404, 0.2413687766765797, 0.7162886262430583, 0.06944721348175667]], "inverted": false, "swapped": true, "error_lsq": 0.056122467371710845, "error_max": 0.26937045624545003, "target": "202.xyz", "model": "7.xyz", "model_rescale": 3.7474275329858107, "target_rescale": 4.082890862696691},
{"mapping": [11, 3, 5, 8, 9, 4, 13, 6, 0, 10, 7, 12, 1, 2, 14], "R": [[-0.6413652279941793, -0.4475028333670166, -0.6232109261305255], [0.5576981006911021, -0.8297556961315988, 0.021870373172481333], [-0.5268998698097319, -0.33353665295685053, 0.7817479314515834]], "T": [-0.03823295303947061, 0.03215188012715618, -0.031829582361088085], "aligned_model": [[0.3938962538390833, -0.6666802324052393, -0.3589035787760048, -0.020931047911622744, 0.2799743251518204, 0.3646041813620558, 0.7650888202865261, -0.7216697397707355, -0.6031784126002447, -0.17086919419746852, -0.11722945573910948, 0.33404401443698684, -0.282486866426253, -0.21115792577423295, -0.014615156627582008], [0.2830772539171487, -0.31169995015732554, -0.30525571595394796, -0.6415515008921383, -0.23527912583905897, -0.5732600615299094, -0.018161008571067838, 0.21178102919174208, 0.31806657824267737, 0.719632166072453, 0.2045642337379609, 0.4717371157547706, 0.14521444533557876, -0.526917435585403, 0.007579569741368128], [-0.40166841339527193, -0.06272412641643639, -0.5762080609202592, -0.13687583093114788, -0.6702379354098145, 0.2570033622482733, 0.36848850419482215, -0.4412018160879512, 0.15066055641396403, -0.3234489295524447, -0.685978773912699, 0.18911678874308518, 0.6698531822794481, 0.5732554942051903, 0.017267058676061]], "inverted": true, "swapped": false, "error_lsq": 0.04436502009093393, "error_max": 0.30347476433210924, "target": "202.xyz", "model": "8.xyz", "model_rescale": 4.019505241142653, "target_rescale": 4.082890862696691},
{"mapping": [9, 12, 11, 0, 10, 4, 5, 7, 2, 1, 13, 3, 14], "R": [[0.6079675116232096, -0.42278721708743033, -0.6720316018448452], [0.2935822453380806, -0.6667258380236024, 0.6850446132435288], [-0.737688938532315, -0.6137814154723089, -0.28122482818534245]], "T": [-0.013163574244750675, -0.00020635665447062135, -0.09658380065595006], "aligned_model": [[-0.4124378571743905, -0.6660314882556897, -0.10955211537973983, 0.4893717065997816, 0.1203336072321671, 0.8161701372944332, 0.2753512968806921, -0.26382869547324833, 0.38224730212928015, -0.22334998183164662, -0.3220146021378311, 0.30941223906196275, -0.07597077720459454], [-0.5702258503258292, 0.167540912883619, -0.05270781598792178, -0.2641854361047344, -0.6531375153760733, 0.0625126201500804, 0.6796348940457769, -0.7496809896960953, -0.3159728381874369, -0.098916723377698, 0.6824101814437228, 0.22228260328821975, -0.04617581464157166], [-0.19715680474718572, -0.2149037010407342, -0.6682307232972987, -0.5289174008388234, -0.06637704456340346, 0.04361107958262746, -0.15401599388603798, 0.38715175635233223, 0.4713185646779665, 0.6512125357382843, 0.022287127585423186, 0.4343292434029743, -0.0036051449222452986]], "inverted": false, "swapped": true, "error_lsq": 0.04718300917536388, "error_max": 0.26659955837110066, "target": "202.xyz", "model": "9.xyz", "model_rescale": 3.877068213659057, "target_rescale": 4.082890862696691},
{"mapping": [7, 6, 13, 3, 4, 5, 1, 14, 10, 9, 2, 8, 11, 12, 15], "R": [[-0.43783736591944356, -0.5580026614904037, -0.7049336640949625], [-0.726050408873518, 0.6818832181359654, -0.08880360690387056], [0.530235084447758, 0.47293583771391823, -0.703692012620943]], "T": [-0.09440189953546968, -0.04368442782025552, -0.06683946701814615], "aligned_model": [[0.6123169303845941, -0.5802504441518537, -0.498092640704184, -0.03415650126152704, 0.352217559455449, 0.37367802198556443, 0.7378839832235409, -0.6989773276486171, -0.7139401551789213, -0.2727727626113431, -0.017661407912328092, 0.2684201912468412, -0.2563273912136421, -0.24220147890809024, -0.06025059185750298], [0.24545842813011595, -0.41812684477504347, -0.22867108521101429, -0.6648608963192693, -0.29410094954319077, -0.5734145466897517, -0.1359852318070259, 0.3035632254158499, 0.2081258863127303, 0.5830309316130493, 0.3031753646891522, 0.6025747890533627, 0.2850940457894304, -0.4230967709256053, -0.04323875226794159], [-0.35533812161827966, -0.0032105176000855745, -0.6996524078195486, -0.1820420264434162, -0.5094604157359138, 0.26675104614717404, 0.16050912248019455, -0.41816433901329464, 0.169750251588547, -0.1719917249853661, -0.6273343726464436, 0.14771143802387, 0.5737384959960145, 0.5595763485150466, 0.01645828324632105]], "inverted": false, "swapped": false, "error_lsq": 0.03694320166483671, "error_max": 0.24631798360432344, "target": "202.xyz", "model": "10.xyz", "model_rescale": 4.260839863003843, "target_rescale": 4.082890862696691},
{"mapping": [8, 3, 4, 2, 0, 10, 9, 12, 5, 6, 11, 14], "R": [[0.4533188965586225, 0.025989194230592455, -0.8909694381998282], [-0.08785095609535444, -0.9934053464983292, -0.07367514548113799], [-0.8870085611401984, 0.11167085265090118, -0.4480462399487532]], "T": [0.09654832877649523, 0.005821173396451882, -0.03371565911418746], "aligned_model": [[0.540899774279134, -0.018929891321063083, -0.5744659976123788, -0.3443409260917465, -0.5110364922395716, -0.33863178497897356, 0.14930595219195486, 0.731377058584416, 0.17796641153293735, -0.0873146888284037, 0.09675199403564731, 0.13731723954217775], [0.19655840068024732, -0.6279186387779806, -0.47349442389203555, -0.3684889073382758, 0.2520094460078543, 0.31193263352362266, 0.5759532741880244, 0.26143184944740283, -0.4727321083656588, 0.0494339043973205, 0.47414092903624183, -0.005747853373829411], [-0.6451472500131514, -0.17676734252614978, 0.14342556016789682, -0.5277601479697295, 0.248012977036762, -0.436167005460599, -0.4419106200639846, -0.02815467819512947, 0.5258209939733517, 0.6901725793214918, 0.3119777357569719, -0.14732472463222607]], "inverted": true, "swapped": true, "error_lsq": 0.0495222362290192, "error_max": 0.24462131941540569, "target": "202.xyz", "model": "11.xyz", "model_rescale": 3.890672605050136, "target_rescale": 4.082890862696691},
{"mapping": [8, 1, 2, 9, 10, 6, 13, 11, 12, 5, 4, 3, 0, 14], "R": [[0.4601768312925298, -0.6351214404047234, 0.6203692770276394], [-0.040488360376929766, 0.6830104212897735, 0.7292855799229503], [-0.8869035892449384, -0.3607180621313486, 0.28859054564668263]], "T": [0.07568231908187056, -0.06208169669172425, 0.11804111911209035], "aligned_model": [[0.4822398401615203, 0.2931878695067038, 0.4047768191260065, 0.6762923401673928, 0.7040703136017956, -0.38227746572827426, -0.5403618918534903, 0.06903914139296626, -0.018208882616263578, -0.637997916391247, -0.07756781503724458, -0.11963581306294827, 0.2156334392618003, 0.14068585626497604], [-0.3588692898449244, 0.21675064337535344, 0.6034195006261146, -0.42425198212536486, 0.08424426628876464, -0.12960469195136817, -0.2616433265951647, -0.47764381889037266, -0.6624095213658988, 0.11361948470757707, 0.6855874945610244, 0.5055098649036635, 0.09323369134999732, -0.05578979521163621], [-0.4771946274164035, -0.5805755746654527, -0.047416715322150096, 0.06747045323918076, 0.28765917388961026, 0.7057785961385741, -0.27711616494079344, 0.5255841831477169, -0.19686553939991736, 0.2103072027146317, 0.4770506683385852, -0.15603149798044108, 0.8002652896937389, 0.015874987919981765]], "inverted": true, "swapped": true, "error_lsq": 0.049743067695415165, "error_max": 0.28322343720578375, "target": "202.xyz", "model": "12.xyz", "model_rescale": 4.124412569039231, "target_rescale": 4.082890862696691},
{"mapping": [5, 4, 2, 6, 3, 13, 0, 12, 10, 11, 8, 7, 14], "R": [[-0.9679338999672722, -0.23919231152428344, -0.07675287227079328], [0.003348017067479475, 0.2932280713141971, -0.956036656710961], [0.2511827145244322, -0.9256372595682534, -0.28302457070563913]], "T": [0.09101770876605546, 0.054274287658365665, -0.06196659502348786], "aligned_model": [[-0.20590336273310716, -0.15778255366090055, 0.4758226146625449, -0.6196096333415908, 0.3795036065708944, 0.2094908378748442, -0.46267780580466306, 0.24136845282382313, 0.17524592586922122, -0.3621113777215794, 0.7253960168313552, 0.759972418499228, 0.20858316763968726], [-0.3779919313091728, 0.4448215789430851, 0.577406631245517, -0.10941654170212278, 0.07907623720204338, -0.6760727925615114, 0.5027455773584314, -0.4382925651642623, 0.6810072066811236, -0.0007014742628407636, -0.0059912943872597255, 0.6022314427923453, 0.06866330167310118], [0.46120374728647445, 0.6429829934424701, 0.3340498996550216, 0.10517392766907196, 0.530980201110322, 0.10549042391036653, -0.02410125220168178, -0.5126858065856663, -0.2744860041660069, -0.42318544120909574, -0.5109762933801515, -0.3948147137665127, -0.0879336007967722]], "inverted": false, "swapped": true, "error_lsq": 0.045154817192182665, "error_max": 0.25092056521864164, "target": "202.xyz", "model": "13.xyz", "model_rescale": 3.9028299243045295, "target_rescale": 4.082890862696691},
{"mapping": [12, 4, 5, 10, 13, 14, 11, 0, 3, 2, 8, 1, 6, 9, 15], "R": [[0.404620465684866, 0.9132359117187978, 0.04777497562635505], [-0.06734845694484543, 0.08185876673693698, -0.9943657916760091], [-0.9120013509288848, 0.39912317880003445, 0.09462676179836829]], "T": [-0.12025805980455129, 0.012549151043387555, -0.0629458443524399], "aligned_model": [[0.47665234331444384, -0.6729352818110081, -0.12379523614791133, -0.1926408116939877, 0.32791093700874385, 0.48308844534277884, 0.5430832533435512, -0.7888256035269818, -0.6796172108040864, -0.21881192931995763, -0.12786639791610194, 0.22704017930459935, -0.2181507912616838, 0.05650255471524912, -0.12174846569966798], [0.12940127551051817, -0.31837813185673997, -0.17072331714141714, -0.7291236853661444, -0.457250661716432, -0.607518618312656, 0.004514610982978864, 0.32686650250317173, 0.1564189695557848, 0.7378485505237715, 0.38018673617138293, 0.43306121665694275, 0.22758634363545707, -0.3163122633313972, -0.047049934350373065], [-0.40100477503867876, -0.27365487498537955, -0.5409631290233171, -0.06884016451055268, -0.5223846738188198, 0.12290250488767583, 0.2622778275641273, -0.4390288821206852, 0.17180564286849398, -0.14280625677761538, -0.7421305605748091, 0.2902570598370789, 0.5604194427619614, 0.6163562326012971, 0.03409566646404216]], "inverted": false, "swapped": false, "error_lsq": 0.0400444567143546, "error_max": 0.2235757543476587, "target": "202.xyz", "model": "14.xyz", "model_rescale": 3.942246331269136, "target_rescale": 4.082890862696691},
{"mapping": [11, 2, 7, 0, 8, 12, 13, 9, 5, 10, 6, 4, 3, 1, 14], "R": [[0.22648203276104667, 0.2908736480106181, -0.9295689375885038], [-0.9489652527862359, -0.1491556518536003, -0.27788044286074487], [-0.2194785589545828, 0.9450635494045483, 0.24224790968364834]], "T": [-0.04565546607756021, 0.0581583128469156, -0.059860413908719094], "aligned_model": [[0.5060032450682169, -0.6706133994679454, -0.4412875871933058, -0.2217776936332429, 0.2987705437890696, 0.36922908698249246, 0.7298783348803446, -0.6571352135393099, -0.5918473121169381, -0.12271370298307752, -0.022217865106699784, 0.21621931887875107, -0.107920024499776, -0.24461597809978988, -0.07008576811080973], [0.32876797715742107, -0.3701939707819069, -0.28648178944921093, -0.6406131763126771, -0.386266901965066, -0.3888619860655981, 0.04627829480942884, 0.37043090763353137, -0.018594272863087832, 0.7575851784084237, 0.1513194313300517, 0.5033439446857227, 0.13915919228020174, -0.421435517645757, -0.03490971775662878], [-0.42939268672840897, -0.15254170242953244, -0.7348996222216961, -0.20620538227718477, -0.591553820351255, 0.4843086022572842, 0.18372947760677524, -0.4802657553611212, 0.25408713918899084, -0.17760846654221119, -0.6108241824108982, 0.21743965304217894, 0.6515536095657746, 0.5622697237552882, -0.042795526959165345]], "inverted": true, "swapped": false, "error_lsq": 0.04748949484487428, "error_max": 0.3199007181795093, "target": "202.xyz", "model": "15.xyz", "model_rescale": 4.355366556412066, "target_rescale": 4.082890862696691},
{"mapping": [0, 3, 5, 9, 11, 10, 12, 7, 13, 2, 1, 14], "R": [[-0.2692119367398483, -0.9579663903973268, 0.09912279246417888], [-0.9355019125287813, 0.2845681031889532, 0.2094210264095605], [-0.22882548977719352, -0.03635092181166813, -0.9727885205488754]], "T": [-0.058157386421765, -0.09815571207665345, -0.13989420643260939], "aligned_model": [[-0.46402616242510714, 0.5406376125523498, 0.37532806202680585, -0.5619538338304546, -0.5416566461443085, -0.42167262374881864, -0.1567296006104053, -0.20529234561169274, 0.4064532190843456, 0.24363569334189134, 0.4105228858906047, -0.027437705893429698], [-0.6278301861616727, -0.19484038798796327, -0.5819571698329286, 0.3701734836462053, -0.2623104904641248, 0.014392790218419493, 0.33574524254566646, 0.571213947641519, -0.006659524082501006, -0.06565853470297446, 0.44934347430204163, 0.011163782619293655], [0.1128002590712738, 0.11995531853577676, -0.4959137695041781, 0.006098976073388412, -0.41937413923621913, 0.4080497236073559, -0.6598833780288388, 0.48367686419241973, -0.7325577078653572, 0.5575555760148129, 0.16621829971084703, -0.0973675613618603]], "inverted": false, "swapped": true, "error_lsq": 0.04944959660771833, "error_max": 0.27642161826952705, "target": "202.xyz", "model": "16.xyz", "model_rescale": 3.795458400668931, "target_rescale": 4.082890862696691},
{"mapping": [3, 5, 13, 2, 12, 6, 4, 1, 10, 0, 11, 9, 14], "R": [[-0.580925203466121, -0.0073231469859753595, 0.8139240010566515], [0.7344542468430733, 0.4263214524288936, 0.528040697762107], [-0.3508601819414967, 0.9045420889694082, -0.24228236009012155]], "T": [-0.001338097464639143, 0.10603101849136945, 0.02338904178117018], "aligned_model": [[-0.0951348900784516, -0.005445605641363205, 0.567511920656635, -0.36386832720262613, 0.6259176628134586, -0.291487043255139, -0.6921090333217694, 0.30118462398011236, -0.370816581662811, -0.643860006745933, -0.05214325547104992, 0.1129129586970315, 0.0559693781361284], [-0.36273834220704604, 0.3344195310156458, 0.22031264682264184, -0.5621730880472454, 0.32566698645654013, 0.7141524227268293, -0.08250729706769339, -0.6161603616519541, -0.12593348120765227, 0.39570733111235545, 0.6433679978204198, 0.07005926089250629, 0.009607658805137906], [-0.4314544490423674, -0.6812706133410404, -0.46531737254763705, -0.002036006842173508, 0.18674604709007214, -0.30176293539411686, -0.4223367678070709, 0.0297950244458761, 0.5280980313974186, 0.1347094564759404, 0.2413687766765797, 0.7162886262430583, 0.06944721348175667]], "inverted": false, "swapped": true, "error_lsq": 0.056122467371710845, "error_max": 0.26937045624545003, "target": "202.xyz", "model": "17.xyz", "model_rescale": 3.7474275329858107, "target_rescale": 4.082890862696691},
{"mapping": [5, 13, 3, 12, 0, 10, 4, 1, 11, 2, 9, 8, 7, 14], "R": [[0.3638447160669381, -0.9009553627588165, -0.2364243153871831], [-0.9197117182803467, -0.3876758821502775, 0.061949702637028106], [-0.14746992184164612, 0.19490214138160006, -0.9696730260437718]], "T": [0.040464054729199346, -0.16182414533672995, -0.07793989087258058], "aligned_model": [[0.6107473389975705, 0.21955968562041742, 0.5937130858696135, -0.4063951873983713, 0.12710070400057658, -0.20354428924424028, 0.7550242469093817, 0.08919215062798144, -0.26222019711143874, 0.3684829170017152, -0.6096659693618363, -0.4780384707631935, -0.3893398208768167, 0.00023145361151639954], [-0.31849445891867745, 0.1010643873131814, 0.18140743745326915, 0.022217883743655825, -0.7781927830357986, -0.21316733991031062, -0.39617408117722697, 0.5992120555236811, -0.6352395123099122, 0.16620748084014514, -0.09541610767996786, 0.41980189484458197, 0.35939998935607664, -0.05221860453146414], [-0.5239833891545758, -0.7666335582556875, 0.029450719035576833, -0.5625228122252547, 0.2709480541642301, 0.5408305415559328, 0.3039848646943408, 0.09974211949309711, -0.2298855793962038, 0.5248620722858388, 0.1816328920539681, -0.054621061947227906, 0.5562046885533353, -0.045214832195715246]], "inverted": false, "swapped": true, "error_lsq": 0.04300599017889587, "error_max": 0.24552951814251756, "target": "202.xyz", "model": "18.xyz", "model_rescale": 3.922800546911778, "target_rescale": 4.082890862696691},
{"mapping": [12, 6, 8, 1, 5, 0, 3, 4, 10, 11, 13, 7, 9, 2, 14], "R": [[-0.4248893494478232, 0.8822134199721183, 0.20290027685270517], [0.5764174939459836, 0.09084000151480254, 0.8120904917543504], [0.6980056686007912, 0.4620038698386514, -0.5471201978133078]], "T": [-0.07905771448769786, -0.060058477882650355, -0.14671068381723154], "aligned_model": [[0.6071071617797448, -0.6902924730830737, -0.17317299654646157, -0.2746039788050737, 0.4453288844079526, 0.4569958276742886, 0.46834017556049246, -0.6980501881181601, -0.73959862571232, -0.3351800981611247, -0.09526148296513365, 0.32173056130474775, -0.08447225899387445, -0.20683382437109796, -0.03215069912292627], [0.17421484696870138, -0.33654536830815, -0.22238322039342706, -0.7669999736708558, -0.5237196094012156, -0.5806619398199452, -0.016178385426049657, 0.25123030436143623, 0.10738407655300213, 0.5875290395660036, 0.49142253882447745, 0.5893773819112542, 0.2365533892088923, -0.25393470897249787, 0.012239222063221991], [-0.4515185190290111, -0.30706916105121473, -0.7291054345434277, -0.04681872227827974, -0.45096513358467705, 0.2275369227634508, 0.18128219879136223, -0.3560304170723646, 0.28485546734144696, 0.002538586180768826, -0.555880419891379, 0.08953673110984386, 0.6114022819888173, 0.530942793669048, -0.10340611425956453]], "inverted": false, "swapped": false, "error_lsq": 0.0447581784618675, "error_max": 0.2704703999635965, "target": "202.xyz", "model": "19.xyz", "model_rescale": 3.9282355846067225, "target_rescale": 4.082890862696691},
{"mapping": [2, 10, 0, 7, 1, 9, 12, 11, 13, 5, 4, 3, 6, 14], "R": [[0.8068429004960733, 0.5424155798600873, 0.23407236625481592], [-0.168694583337552, -0.16818171446315805, 0.9712142134837206], [0.5661684126403141, -0.8231040333064089, -0.04419365206756279]], "T": [0.023528839063491257, -0.031276354910625026, 0.008681860509805218], "aligned_model": [[-0.5110890557178868, -0.015857092494720886, 0.49606948266158063, -0.5099935242096988, -0.7450953339278698, 0.061724704057069577, 0.07926630845895355, 0.5798344030675394, -0.10242475973123813, 0.13478171927510293, -0.027415286501009113, -0.4627389839671766, 0.6325092036481549, -0.07704896553412469], [-0.5574657792968698, -0.5992690489848047, -0.5475871617452726, -0.42734105466356437, 0.006673014144700534, -0.16847851575510803, 0.5428652601836712, 0.022435997773371852, 0.671515365167068, 0.26882630987562667, -0.5593767161061323, -0.11414222955519535, 0.010223178997349938, -0.025996532610005854], [0.13469664063517392, -0.33900491156974544, 0.14748926528939352, -0.6370982562362065, -0.13588006130644084, -0.6799208901986584, -0.3595979227146437, -0.15400329826900083, 0.2650099359085689, 0.6767272190493563, 0.6643474644326587, 0.4469762867613679, 0.44128163574020834, -0.05883995027834916]], "inverted": false, "swapped": true, "error_lsq": 0.05240375475203198, "error_max": 0.3015168620927614, "target": "202.xyz", "model": "20.xyz", "model_rescale": 4.067790424073018, "target_rescale": 4.082890862696691},
{"mapping": [5, 12, 11, 3, 6, 2, 4, 10, 9, 1, 13, 8, 7, 0, 14], "R": [[-0.9518217830880349, -0.10733535809575592, -0.2872532230307775], [-0.16660236076914234, 0.9674374025149619, 0.19054796141982766], [0.2574469782795329, 0.22922476549788295, -0.9387103175406022]], "T": [-0.014167853805166962, -0.03831718727900415, -0.08297576190892217], "aligned_model": [[0.3624050931858073, -0.7117444688631048, -0.31410943187434526, -0.17027544418406568, 0.45309514492909575, 0.4071102004773167, 0.7762674686383082, -0.6253843614753368, -0.706828902476316, -0.25129154904270234, -0.10257389453205443, 0.2472212674461651, -0.25588197288622366, -0.056168681971936744, -0.08195448252262788], [0.3932439294671156, -0.3548293583417895, -0.32310954078702525, -0.8733067327435171, -0.4236931608126149, -0.5836725808582909, -0.024909889567975664, 0.32345797527488684, 0.2773265489084922, 0.7413457205152624, 0.32417371542393136, 0.2998704971151294, 0.3170958004928225, -0.3282880301458558, -0.015177300475722532], [-0.22585311828585353, -0.06811714181421094, -0.5799270865956375, -0.12953643030919076, -0.5080728704997214, 0.1977985731234627, 0.049329718469049044, -0.4914117226962351, 0.07399430825820383, 0.01295757247232586, -0.6753508310144717, 0.29447981712077476, 0.5268765562540558, 0.5640256834073551, -0.11389196775508745]], "inverted": false, "swapped": false, "error_lsq": 0.039663388602399346, "error_max": 0.300584678575007, "target": "202.xyz", "model": "21.xyz", "model_rescale": 4.186013935880536, "target_rescale": 4.082890862696691},
{"mapping": [5, 13, 3, 0, 9, 4, 11, 12, 2, 1, 8, 10, 14], "R": [[0.49378113977694627, -0.23156555696842485, -0.8381870786563599], [-0.8124891270524116, -0.4663719671149553, -0.3497979512674949], [-0.309905799271633, 0.8537415189126214, -0.4184301787187203]], "T": [-0.01445244116647956, -0.1405993689508655, -0.006381039889698289], "aligned_model": [[0.07529619773175197, -0.4973741362963893, 0.24173786680188622, 0.5353572383022495, -0.24301559667530678, 0.767532046116112, -0.10046060419940887, -0.6898276297405425, 0.46019766787683614, -0.17923028100508934, -0.5444546521026413, 0.29375277444060494, -0.06093685582683733], [-0.3285989942248672, -0.11871636864386886, 0.324699953360504, -0.552882209969602, -0.11960325164530902, -0.06432002742856222, -0.688364423816888, -0.24478267212997812, 0.4466075331900941, 0.6247000406278829, 0.28769739926098176, -0.009933772827623089, -0.03754654620667086], [-0.7172430071844578, -0.5910111483917826, -0.3979014349375619, 0.18563765735616525, 0.658280642718984, -0.3130802464393455, 0.17077256244150407, 0.030894319354479064, 0.0856333971820531, 0.010545281450099728, 0.3722177214441179, 0.570671029396773, 0.03746278694431754]], "inverted": false, "swapped": true, "error_lsq": 0.05179251917472754, "error_max": 0.25747564966230346, "target": "202.xyz", "model": "22.xyz", "model_rescale": 4.166573947596378, "target_rescale": 4.082890862696691},
{"mapping": [7, 3, 8, 9, 10, 14, 13, 4, 2, 1, 0, 5, 6, 12, 15], "R": [[0.38471278988300706, -0.624916297531361, -0.6793200205942183], [0.5923455040721585, -0.3972825042111837, 0.7009232594608283], [-0.7079003270983382, -0.6720463026662573, 0.217326698697329]], "T": [-0.1545609086555037, -0.1327576369554525, -0.030293524931866482], "aligned_model": [[0.35361651158965796, -0.7169096752118111, -0.27945604742545754, -0.207391857476609, 0.5308205206285368, 0.39244539376913673, 0.6718293769922385, -0.6373393937838885, -0.6880087194089373, -0.2667187299016851, -0.11686564956072487, 0.39852385097016024, -0.19757718500208105, -0.12055286483345265, -0.14652954649710415], [0.15333835149169606, -0.3033285615210721, -0.264741139566378, -0.7061156128400327, -0.3195301979138529, -0.6156785885565393, -0.0352288643110073, 0.18860339179376973, 0.20084900947484158, 0.568254338396681, 0.5066791051867343, 0.4825536035471163, 0.3223272954607762, -0.3636395736416723, -0.06481496353621213], [-0.44417085288984653, -0.15716383848666815, -0.8183675694044479, -0.20034848257289847, -0.2675898375237083, 0.27556464944421527, 0.12584863205738295, -0.48140940457143044, 0.20834695329635355, 0.03375250861706509, -0.5367078642612131, 0.050646620746018466, 0.5781100715596859, 0.5820122316119006, -0.021222757487589304]], "inverted": true, "swapped": false, "error_lsq": 0.039398356914126006, "error_max": 0.3458978767099103, "target": "202.xyz", "model": "23.xyz", "model_rescale": 4.274766983524099, "target_rescale": 4.082890862696691},
{"mapping": [0, 3, 5, 11, 13, 12, 9, 8, 7, 1, 14], "R": [[-0.3362175283110109, 0.005442318166904422, -0.9417686312621615], [-0.13398093040866962, -0.9900887915151841, 0.04211051178541663], [-0.932205387209955, 0.14033732963460813, 0.3336143731432529]], "T": [-0.0675112895824547, 0.07819736787264361, -0.13380649716949025], "aligned_model": [[0.12369690020880442, 0.17417581179597807, -0.4819875050369813, -0.36061919645667107, -0.6488200529461784, -0.5314329045644136, 0.13716122804796013, 0.05017936173926299, 0.6323615861609544, 0.2977211248802889, -0.012541649870929657], [-0.2384266100743123, 0.6911787460023181, 0.5690508904020267, -0.3827964067198698, 0.5088389174683976, -0.09665721871000152, -0.48528453709998887, -0.06243820122288296, -0.15005312701904405, 0.46864583425085693, 0.09352824396598361], [-0.7439930993444164, -0.16939200085171374, -0.5025824455126754, -0.33480364385162686, 0.09447528154937007, 0.33797509118797, 0.2336909975451086, 0.6238530798425608, 0.4288879021876023, 0.43827453003397665, -0.0268192587645784]], "inverted": false, "swapped": true, "error_lsq": 0.05164936360023886, "error_max": 0.25421976648402156, "target": "202.xyz", "model": "24.xyz", "model_rescale": 3.7841303162186577, "target_rescale": 4.082890862696691},
{"mapping": [1, 13, 3, 11, 6, 7, 0, 5, 12, 2, 4, 8, 9, 10, 15], "R": [[0.36343064642418577, -0.20008112858373012, -0.909882249098398], [-0.8202357852958576, -0.5318156275219124, -0.21067841570403464], [-0.441736824093018, 0.8228849739229263, -0.35739179891553]], "T": [-0.03284913748325345, -0.036180044430409564, 0.03529840436760928], "aligned_model": [[0.563472341401121, -0.6871510873854112, -0.4260487944949566, -0.14786604705192274, 0.17099872612659084, 0.4080571326611174, 0.6837236325814792, -0.5939421653990887, -0.763279377772483, -0.24905549204468258, 0.0390452245284852, 0.2762980671635006, -0.3296190982819383, 0.05225162993430778, -0.026998707118139738], [0.3399394814946183, -0.45783996854476494, -0.23524363493721537, -0.7858394783720776, -0.358819318983312, -0.5047868036573925, -0.03414763876196891, 0.3911111758770548, 0.16771268661444466, 0.6804668960983525, 0.2948889675773131, 0.4545921829892246, 0.26039264722715066, -0.3949075136899975, -0.06799208746658134], [-0.20128390655670372, -0.04275198974510974, -0.6390676715092609, -0.08390483710767994, -0.5781968272851785, 0.1291862430605018, 0.20217945146567812, -0.48617601735993893, 0.026853007619984492, -0.056707045499472, -0.6294788913168254, 0.14944046625336524, 0.44286795359406983, 0.7203732670364653, -0.02603214251507624]], "inverted": false, "swapped": false, "error_lsq": 0.044006655321221916, "error_max": 0.27662668657759604, "target": "202.xyz", "model": "25.xyz", "model_rescale": 4.19342608120988, "target_rescale": 4.082890862696691},
{"mapping": [0, 3, 5, 9, 11, 10, 12, 7, 13, 2, 1, 14], "R": [[-0.2692119367398483, -0.9579663903973268, 0.09912279246417888], [-0.9355019125287813, 0.2845681031889532, 0.2094210264095605], [-0.22882548977719352, -0.03635092181166813, -0.9727885205488754]], "T": [-0.058157386421765, -0.09815571207665345, -0.13989420643260939], "aligned_model": [[-0.46402616242510714, 0.5406376125523498, 0.37532806202680585, -0.5619538338304546, -0.5416566461443085, -0.42167262374881864, -0.1567296006104053, -0.20529234561169274, 0.4064532190843456, 0.24363569334189134, 0.4105228858906047, -0.027437705893429698], [-0.6278301861616727, -0.19484038798796327, -0.5819571698329286, 0.3701734836462053, -0.2623104904641248, 0.014392790218419493, 0.33574524254566646, 0.571213947641519, -0.006659524082501006, -0.06565853470297446, 0.44934347430204163, 0.011163782619293655], [0.1128002590712738, 0.11995531853577676, -0.4959137695041781, 0.006098976073388412, -0.41937413923621913, 0.4080497236073559, -0.6598833780288388, 0.48367686419241973, -0.7325577078653572, 0.5575555760148129, 0.16621829971084703, -0.0973675613618603]], "inverted": false, "swapped": true, "error_lsq": 0.04944959660771833, "error_max": 0.27642161826952705, "target": "202.xyz", "model": "26.xyz", "model_rescale": 3.795458400668931, "target_rescale": 4.082890862696691},
